data/oxygen options/OCNMS/OCNMS1/raw_data/2022/CAST_KL027_220624faedb.cnv
* Sea-Bird SBE 19 Data File:
* FileName = C:\2022 Mooring Data\Casts\CAST_KL027_220624.hex
* Software Version SeatermAF 2.1.2
* Temperature SN = 2997
* Conductivity SN = 2997
* System UpLoad Time = Jun 24 2022 18:41:32 (localtime) = Jun 24 2022 18:41:32 (UTC)
** CAST_KL027_220624
* ds
# nquan = 9
# nvalues = 25                          
# units = specified
# name 0 = timeJ: Julian Days
# name 1 = prSM: Pressure, Strain Gauge [db]
# name 2 = c0mS/cm: Conductivity [mS/cm]
# name 3 = t090C: Temperature [ITS-90, deg C]
# name 4 = sbeox0ML/L: Oxygen, SBE 43 [ml/l]
# name 5 = depSM: Depth [salt water, m], lat = 47.5
# name 6 = sal00: Salinity, Practical [PSU]
# name 7 = sigma-é00: Density [sigma-theta, kg/m^3]
# name 8 = flag: flag
# span 0 = 175.748669, 175.749217       
# span 1 =      1.000,     25.000       
# span 2 =  34.457008,  35.253437       
# span 3 =     7.6700,    11.6638       
# span 4 =     3.0689,     6.9600       
# span 5 =      0.991,     24.790       
# span 6 =    30.6854,    33.4562       
# span 7 =    23.3013,    26.1096       
# span 8 = 0.0000e+00, 0.0000e+00       
# interval = decibars: 1                
# start_time = Jun 24 2022 17:53:04 [Instrument's time stamp, header]
# bad_flag = -9.990e-29
*END*
 175.748669      1.000  35.253437    11.6638     6.9600      0.991    30.6854    23.3013 0.0000e+00
 175.748698      2.000  35.208941    11.4131     5.0727      1.983    30.8505    23.4740 0.0000e+00
 175.748720      3.000  34.937476    10.5845     4.0464      2.975    31.2843    23.9548 0.0000e+00
 175.748743      4.000  34.653026     9.3264     3.7856      3.966    32.1022    24.7982 0.0000e+00
 175.748768      5.000  34.538322     8.6663     3.6258      4.958    32.5820    25.2763 0.0000e+00
 175.748791      6.000  34.493048     8.3488     3.5554      5.950    32.8275    25.5167 0.0000e+00
 175.748814      7.000  34.467180     8.1996     3.5415      6.942    32.9392    25.6264 0.0000e+00
 175.748837      8.000  34.457008     8.1433     3.5300      7.933    32.9808    25.6675 0.0000e+00
 175.748860      9.000  34.468021     8.1030     3.4367      8.925    33.0300    25.7120 0.0000e+00
 175.748883     10.000  34.471573     8.0109     3.2806      9.916    33.1205    25.7964 0.0000e+00
 175.748905     11.000  34.481097     7.8424     3.2638     10.908    33.2903    25.9543 0.0000e+00
 175.748927     12.000  34.486128     7.8042     3.2544     11.899    33.3317    25.9924 0.0000e+00
 175.748950     13.000  34.490533     7.7994     3.2216     12.891    33.3405    26.0000 0.0000e+00
 175.748970     14.000  34.476724     7.7363     3.2182     13.883    33.3857    26.0446 0.0000e+00
 175.748992     15.000  34.478126     7.7184     3.1833     14.874    33.4038    26.0615 0.0000e+00
 175.749014     16.000  34.483937     7.7113     3.1667     15.866    33.4164    26.0723 0.0000e+00
 175.749037     17.000  34.481965     7.6979     3.1522     16.857    33.4267    26.0823 0.0000e+00
 175.749059     18.000  34.479537     7.6877     3.1314     17.849    33.4334    26.0891 0.0000e+00
 175.749081     19.000  34.485461     7.6850     3.1099     18.841    33.4419    26.0962 0.0000e+00
 175.749104     20.000  34.491077     7.6809     3.0791     19.832    33.4514    26.1042 0.0000e+00
 175.749125     21.000  34.486175     7.6707     3.0812     20.824    33.4554    26.1089 0.0000e+00
 175.749146     22.000  34.487121     7.6714     3.0689     21.815    33.4554    26.1087 0.0000e+00
 175.749169     23.000  34.488510     7.6734     3.0900     22.807    33.4544    26.1077 0.0000e+00
 175.749192     24.000  34.487538     7.6700     3.0775     23.798    33.4562    26.1096 0.0000e+00
 175.749217     25.000  34.487556     7.6701     3.0718     24.790    33.4556    26.1092 0.0000e+00
