data/oxygen options/OCNMS/OCNMS1/raw_data/2022/CAST_MB015_220922faed.cnv
* Sea-Bird SBE 19 Data File:
* FileName = C:\2022 Mooring Data\Casts\CAST_MB015_220922.hex
* Software Version SeatermAF 2.1.2
* Temperature SN = 2997
* Conductivity SN = 2997
* System UpLoad Time = Sep 22 2022 19:13:41 (localtime) = Sep 22 2022 19:13:41 (UTC)
** CAST_MB015_220922
* ds
# nquan = 9                                 
# nvalues = 853                         
# units = specified
# name 0 = timeJ: Julian Days
# name 1 = prSM: Pressure, Strain Gauge [db]
# name 2 = c0mS/cm: Conductivity [mS/cm]
# name 3 = t090C: Temperature [ITS-90, deg C]
# name 4 = sbeox0ML/L: Oxygen, SBE 43 [ml/l]
# name 5 = depSM: Depth [salt water, m], lat = 47.5
# name 6 = sal00: Salinity, Practical [PSU]
# name 7 = sigma-é00: Density [sigma-theta, kg/m^3]
# name 8 = flag: flag
# span 0 = 265.780567, 265.785498       
# span 1 =     -6.009,      9.086       
# span 2 =   0.402409,  37.551254       
# span 3 =    10.5431,    16.1649       
# span 4 =    -1.8872,    13.4383       
# span 5 =     -5.959,      9.010       
# span 6 =     0.2372,    32.8340       
# span 7 =    -0.8517,    25.1160       
# span 8 = 0.0000e+00, 0.0000e+00       
# interval = seconds: 0.5
# start_time = Sep 22 2022 18:44:01 [Instrument's time stamp, header]
# bad_flag = -9.990e-29
*END*
[from data line 481]
 265.783351      0.163  37.288605    11.6655    -1.6546      0.162    32.6596    24.8337 -9.990e-29
 265.783356      0.172  37.371499    11.6686    -1.6571      0.171    32.7377    24.8938 -9.990e-29
 265.783362      0.177  37.411102    11.6702    -1.6577      0.176    32.7749    24.9224 -9.990e-29
 265.783368      0.178  37.378378    11.6700    -1.6581      0.177    32.7431    24.8978 -9.990e-29
 265.783374      0.180  37.346985    11.6700    -1.6574      0.178    32.7125    24.8740 -9.990e-29
 265.783380      0.187  37.343427    11.6742    -1.6567      0.185    32.7054    24.8677 -9.990e-29
 265.783385      0.194  37.332314    11.6869    -1.6559      0.192    32.6833    24.8482 -9.990e-29
 265.783391      0.199  37.306097    11.7019    -1.6560      0.197    32.6446    24.8154 -9.990e-29
 265.783397      0.201  37.306766    11.7101    -1.6564      0.199    32.6380    24.8088 -9.990e-29
 265.783403      0.200  37.345295    11.7110    -1.6565      0.198    32.6748    24.8372 -9.990e-29
 265.783409      0.197  37.350895    11.7059    -1.6569      0.195    32.6847    24.8458 -9.990e-29
 265.783414      0.192  37.283396    11.6975    -1.6574      0.190    32.6264    24.8020 -9.990e-29
 265.783420      0.188  37.188963    11.6917    -1.6557      0.186    32.5395    24.7356 -9.990e-29
 265.783426      0.189  37.129963    11.6932    -1.6554      0.187    32.4808    24.6897 -9.990e-29
 265.783432      0.191  37.121303    11.6990    -1.6550      0.189    32.4672    24.6782 -9.990e-29
 265.783437      0.190  37.143021    11.7033    -1.6560      0.188    32.4846    24.6909 -9.990e-29
 265.783443      0.186  37.176441    11.7058    -1.6588      0.184    32.5150    24.7140 -9.990e-29
 265.783449      0.179  37.203358    11.7073    -1.6593      0.178    32.5398    24.7330 -9.990e-29
 265.783455      0.168  37.205862    11.7031    -1.6559      0.167    32.5460    24.7386 -9.990e-29
 265.783461      0.152  37.189530    11.6917    -1.6549      0.151    32.5401    24.7361 -9.990e-29
 265.783466      0.144  37.179651    11.6822    -1.6554      0.143    32.5388    24.7368 -9.990e-29
 265.783472      0.155  37.191627    11.6795    -1.6562      0.154    32.5528    24.7482 -9.990e-29
 265.783478      0.174  37.230770    11.6789    -1.6560      0.173    32.5915    24.7783 -9.990e-29
 265.783484      0.188  37.287062    11.6773    -1.6553      0.186    32.6477    24.8223 -9.990e-29
 265.783490      0.200  37.326281    11.6708    -1.6548      0.198    32.6916    24.8576 -9.990e-29
 265.783495      0.209  37.320021    11.6628    -1.6550      0.207    32.6926    24.8599 -9.990e-29
 265.783501      0.216  37.262174    11.6677    -1.6545      0.214    32.6319    24.8118 -9.990e-29
 265.783507      0.221  37.188797    11.6888    -1.6540      0.219    32.5419    24.7380 -9.990e-29
 265.783513      0.225  37.172394    11.7113    -1.6545      0.223    32.5062    24.7062 -9.990e-29
 265.783519      0.229  37.214065    11.7272    -1.6555      0.227    32.5328    24.7239 -9.990e-29
 265.783524      0.232  37.238246    11.7416    -1.6556      0.230    32.5437    24.7297 -9.990e-29
 265.783530      0.235  37.210495    11.7536    -1.6548      0.233    32.5062    24.6984 -9.990e-29
 265.783536      0.237  37.162171    11.7590    -1.6550      0.235    32.4545    24.6573 -9.990e-29
 265.783542      0.239  37.141472    11.7607    -1.6552      0.237    32.4329    24.6402 -9.990e-29
 265.783547      0.241  37.160023    11.7630    -1.6557      0.239    32.4489    24.6522 -9.990e-29
 265.783553      0.243  37.186517    11.7662    -1.6560      0.241    32.4719    24.6695 -9.990e-29
 265.783559      0.246  37.203040    11.7703    -1.6559      0.244    32.4843    24.6784 -9.990e-29
 265.783565      0.249  37.217607    11.7747    -1.6551      0.247    32.4946    24.6856 -9.990e-29
 265.783571      0.252  37.217135    11.7767    -1.6549      0.250    32.4924    24.6835 -9.990e-29
 265.783576      0.257  37.183619    11.7742    -1.6552      0.255    32.4621    24.6604 -9.990e-29
 265.783582      0.262  37.142414    11.7694    -1.6554      0.260    32.4262    24.6334 -9.990e-29
 265.783588      0.269  37.135515    11.7672    -1.6554      0.267    32.4214    24.6301 -9.990e-29
 265.783594      0.273  37.156520    11.7686    -1.6550      0.271    32.4406    24.6447 -9.990e-29
 265.783600      0.272  37.162263    11.7703    -1.6549      0.270    32.4447    24.6476 -9.990e-29
 265.783605      0.268  37.139660    11.7699    10.0603      0.266    32.4231    24.6309 -9.990e-29
 265.783611      0.266  37.109563    11.7700    13.2557      0.264    32.3938    24.6081 -9.990e-29
 265.783617      0.265  37.096280    11.7735    13.4383      0.263    32.3778    24.5951 -9.990e-29
 265.783623      0.266  37.106750    11.7792    10.9519      0.264    32.3830    24.5981 -9.990e-29
 265.783628      0.269  37.123546    11.7850     5.7195      0.267    32.3943    24.6058 -9.990e-29
 265.783634      0.274  37.123669    11.7894     5.6369      0.272    32.3906    24.6021 -9.990e-29
 265.783640      0.281  37.105600    11.7916     5.7448      0.279    32.3711    24.5865 -9.990e-29
 265.783646      0.291  37.088948    11.7935     5.7821      0.289    32.3533    24.5724 -9.990e-29
 265.783652      0.304  37.087930    11.7967     5.7654      0.301    32.3495    24.5688 -9.990e-29
 265.783657      0.317  37.094459    11.7998     5.7473      0.314    32.3531    24.5711 -9.990e-29
 265.783663      0.322  37.088094    11.7996     5.7269      0.319    32.3471    24.5665 -9.990e-29
 265.783669      0.319  37.067070    11.7912     5.7237      0.316    32.3341    24.5578 -9.990e-29
 265.783675      0.318  37.044256    11.7722     5.7317      0.315    32.3284    24.5570 -9.990e-29
 265.783681      0.321  37.020047    11.7563     5.7222      0.318    32.3188    24.5524 -9.990e-29
 265.783686      0.325  37.003625    11.7585     5.7077      0.322    32.3009    24.5381 -9.990e-29
 265.783692      0.322  37.009505    11.7689     5.7001      0.319    32.2976    24.5336 -9.990e-29
 265.783698      0.311  37.022543    11.7749     5.6873      0.308    32.3050    24.5383 -9.990e-29
 265.783704      0.301  37.028180    11.7792     5.6755      0.298    32.3067    24.5389 -9.990e-29
 265.783709      0.294  37.032808    11.7830     5.6707      0.292    32.3079    24.5391 -9.990e-29
 265.783715      0.291  37.036991    11.7844     5.6754      0.289    32.3108    24.5410 -9.990e-29
 265.783721      0.292  37.037337    11.7843     5.6444      0.290    32.3112    24.5414 -9.990e-29
 265.783727      0.295  37.035982    11.7840     5.6880      0.293    32.3102    24.5406 -9.990e-29
 265.783733      0.298  37.033355    11.7841     5.6872      0.296    32.3075    24.5386 -9.990e-29
 265.783738      0.297  37.030431    11.7845     5.6814      0.295    32.3043    24.5360 -9.990e-29
 265.783744      0.294  37.030030    11.7857     5.6829      0.292    32.3029    24.5347 -9.990e-29
 265.783750      0.296  37.033294    11.7894     5.6008      0.294    32.3028    24.5340 -9.990e-29
 265.783756      0.300  37.039526    11.7942     5.6354      0.297    32.3047    24.5345 -9.990e-29
 265.783762      0.305  37.045264    11.7960     5.6401      0.302    32.3087    24.5373 -9.990e-29
 265.783767      0.305  37.046946    11.7896     5.6399      0.302    32.3159    24.5441 -9.990e-29
 265.783773      0.305  37.042326    11.7701     5.6666      0.302    32.3284    24.5573 -9.990e-29
 265.783779      0.309  37.028043    11.7443     5.6450      0.306    32.3370    24.5687 -9.990e-29
 265.783785      0.317  37.011384    11.7256     5.6517      0.314    32.3371    24.5722 -9.990e-29
 265.783791      0.326  37.002626    11.7164     5.6402      0.323    32.3366    24.5735 -9.990e-29
 265.783796      0.328  36.997927    11.7132     5.6193      0.325    32.3348    24.5727 -9.990e-29
 265.783802      0.323  36.996055    11.7124     5.6062      0.320    32.3337    24.5720 -9.990e-29
 265.783808      0.318  36.991145    11.7072     5.6128      0.315    32.3334    24.5728 -9.990e-29
 265.783814      0.319  36.971602    11.6953     5.6295      0.316    32.3248    24.5682 -9.990e-29
 265.783819      0.325  36.957871    11.6798     5.6443      0.322    32.3249    24.5712 -9.990e-29
 265.783825      0.337  36.965260    11.6626     5.6632      0.334    32.3471    24.5916 -9.990e-29
 265.783831      0.350  36.968872    11.6491     5.6772      0.347    32.3624    24.6059 -9.990e-29
 265.783837      0.358  36.962869    11.6474     5.6788      0.355    32.3580    24.6028 -9.990e-29
 265.783843      0.356  36.959970    11.6664     5.6862      0.353    32.3386    24.5843 -9.990e-29
 265.783848      0.348  36.967508    11.7100     5.6920      0.345    32.3080    24.5525 -9.990e-29
 265.783854      0.344  36.997767    11.7617     5.6903      0.341    32.2924    24.5309 -9.990e-29
 265.783860      0.346  37.036178    11.7958     5.6772      0.343    32.3001    24.5306 -9.990e-29
 265.783866      0.350  37.052149    11.8051     5.6515      0.347    32.3075    24.5347 -9.990e-29
 265.783872      0.349  37.049049    11.8005     5.6483      0.346    32.3085    24.5363 -9.990e-29
 265.783877      0.342  37.042356    11.7903     5.6657      0.339    32.3108    24.5400 -9.990e-29
 265.783883      0.337  37.029865    11.7744     5.6746      0.334    32.3125    24.5442 -9.990e-29
 265.783889      0.338  37.013968    11.7588     5.6726      0.335    32.3107    24.5457 -9.990e-29
 265.783895      0.346  37.007081    11.7537     5.6651      0.343    32.3084    24.5448 -9.990e-29
 265.783900      0.356  37.008420    11.7554     5.6592      0.353    32.3082    24.5444 -9.990e-29
 265.783906      0.361  37.010793    11.7584     5.6350      0.358    32.3079    24.5436 -9.990e-29
 265.783912      0.361  37.014558    11.7650     5.6751      0.358    32.3058    24.5408 -9.990e-29
 265.783918      0.364  37.022489    11.7741     5.6796      0.361    32.3056    24.5389 -9.990e-29
 265.783924      0.371  37.033947    11.7816     5.6770      0.368    32.3102    24.5411 -9.990e-29
 265.783929      0.377  37.039551    11.7854     5.6774      0.374    32.3124    24.5421 -9.990e-29
 265.783935      0.384  37.036684    11.7862     5.6178      0.381    32.3089    24.5392 -9.990e-29
 265.783941      0.388  37.034967    11.7850     5.6558      0.385    32.3083    24.5390 -9.990e-29
 265.783947      0.383  37.036029    11.7814     5.6700      0.380    32.3124    24.5429 -9.990e-29
 265.783953      0.371  37.035114    11.7748     5.6781      0.368    32.3173    24.5478 -9.990e-29
 265.783958      0.354  37.030997    11.7631     5.6963      0.351    32.3235    24.5548 -9.990e-29
 265.783964      0.341  37.022108    11.7476     5.6722      0.338    32.3283    24.5614 -9.990e-29
 265.783970      0.333  37.013957    11.7366     5.6596      0.330    32.3300    24.5647 -9.990e-29
 265.783976      0.332  37.013040    11.7353     5.6657      0.329    32.3302    24.5651 -9.990e-29
 265.783981      0.337  37.012524    11.7392     5.6672      0.334    32.3263    24.5614 -9.990e-29
 265.783987      0.343  37.010031    11.7408     5.6581      0.340    32.3225    24.5581 -9.990e-29
 265.783993      0.348  37.008395    11.7372     5.6354      0.345    32.3241    24.5600 -9.990e-29
 265.783999      0.355  37.005431    11.7322     5.6001      0.352    32.3255    24.5621 -9.990e-29
 265.784005      0.366  37.001665    11.7271     5.5814      0.363    32.3263    24.5636 -9.990e-29
 265.784010      0.376  36.997674    11.7145     5.5489      0.373    32.3334    24.5714 -9.990e-29
 265.784016      0.386  36.992613    11.6850     5.5146      0.383    32.3542    24.5929 -9.990e-29
 265.784022      0.392  36.986453    11.6384     5.4773      0.389    32.3888    24.6284 -9.990e-29
 265.784028      0.392  36.972655    11.5991     5.4531      0.389    32.4097    24.6518 -9.990e-29
 265.784034      0.388  36.946820    11.5755     5.4416      0.385    32.4052    24.6525 -9.990e-29
 265.784039      0.389  36.901941    11.5425     5.4265      0.386    32.3903    24.6469 -9.990e-29
 265.784045      0.400  36.840924    11.4965     5.4392      0.397    32.3709    24.6402 -9.990e-29
 265.784051      0.417  36.786631    11.4506     5.4622      0.414    32.3580    24.6385 -9.990e-29
 265.784057      0.432  36.741746    11.4052     5.4710      0.428    32.3538    24.6434 -9.990e-29
 265.784063      0.443  36.709162    11.3615     5.4959      0.439    32.3601    24.6562 -9.990e-29
 265.784068      0.449  36.698279    11.3296     5.4992      0.445    32.3774    24.6754 -9.990e-29
 265.784074      0.452  36.701300    11.3168     5.5154      0.448    32.3916    24.6887 -9.990e-29
 265.784080      0.451  36.711786    11.3221     5.5505      0.447    32.3973    24.6921 -9.990e-29
 265.784086      0.446  36.728581    11.3511     5.5659      0.442    32.3883    24.6800 -9.990e-29
 265.784091      0.438  36.749607    11.3936     5.5572      0.434    32.3716    24.6594 -9.990e-29
 265.784097      0.425  36.773202    11.4185     5.5802      0.421    32.3729    24.6559 -9.990e-29
 265.784103      0.411  36.798894    11.4269     5.5964      0.408    32.3907    24.6682 -9.990e-29
 265.784109      0.403  36.825086    11.4394     5.6119      0.400    32.4054    24.6774 -9.990e-29
 265.784115      0.402  36.840198    11.4645     5.6123      0.399    32.3982    24.6672 -9.990e-29
 265.784120      0.399  36.842527    11.5012     5.5712      0.396    32.3684    24.6374 -9.990e-29
 265.784126      0.392  36.857589    11.5354     5.6162      0.389    32.3532    24.6194 -9.990e-29
 265.784132      0.391  36.886420    11.5634     5.6275      0.388    32.3568    24.6172 -9.990e-29
 265.784138      0.396  36.901911    11.5949     5.6271      0.393    32.3444    24.6018 -9.990e-29
 265.784144      0.397  36.905670    11.6252     5.6460      0.394    32.3217    24.5786 -9.990e-29
 265.784149      0.392  36.915600    11.6366     5.5911      0.389    32.3214    24.5763 -9.990e-29
 265.784155      0.383  36.922531    11.6327     5.6066      0.380    32.3316    24.5849 -9.990e-29
 265.784161      0.375  36.918340    11.6418     5.6180      0.372    32.3195    24.5739 -9.990e-29
 265.784167      0.368  36.919854    11.6648     5.6230      0.365    32.3010    24.5553 -9.990e-29
 265.784172      0.364  36.931890    11.6723     5.6167      0.361    32.3062    24.5580 -9.990e-29
 265.784178      0.368  36.932395    11.6564     5.6134      0.365    32.3205    24.5720 -9.990e-29
 265.784184      0.376  36.915885    11.6393     5.5920      0.373    32.3193    24.5742 -9.990e-29
 265.784190      0.380  36.914703    11.6388     5.5689      0.377    32.3186    24.5738 -9.990e-29
 265.784196      0.379  36.929505    11.6468     5.5710      0.376    32.3261    24.5781 -9.990e-29
 265.784201      0.380  36.932954    11.6541     5.5516      0.377    32.3230    24.5744 -9.990e-29
 265.784207      0.380  36.933572    11.6577     5.5443      0.377    32.3205    24.5718 -9.990e-29
 265.784213      0.386  36.940592    11.6467     5.5414      0.383    32.3369    24.5866 -9.990e-29
 265.784219      0.396  36.936477    11.6201     5.5361      0.393    32.3561    24.6063 -9.990e-29
 265.784225      0.404  36.911262    11.5846     5.5413      0.401    32.3625    24.6178 -9.990e-29
 265.784230      0.405  36.881192    11.5449     5.5366      0.402    32.3679    24.6291 -9.990e-29
 265.784236      0.399  36.863885    11.5182     5.5327      0.396    32.3744    24.6390 -9.990e-29
 265.784242      0.391  36.862033    11.5099     5.5362      0.388    32.3798    24.6447 -9.990e-29
 265.784248      0.388  36.860271    11.5050     5.5522      0.385    32.3824    24.6476 -9.990e-29
 265.784253      0.395  36.846718    11.5053     5.5756      0.392    32.3689    24.6371 -9.990e-29
 265.784259      0.407  36.840285    11.5158     5.5942      0.404    32.3534    24.6231 -9.990e-29
 265.784265      0.417  36.848644    11.5304     5.6302      0.414    32.3488    24.6169 -9.990e-29
