data/oxygen options/OCNMS/OCNMS1/raw_data/2022/CAST_MB042_220629faed.cnv
* Sea-Bird SBE 19 Data File:
* FileName = C:\2022 Mooring Data\Casts\CAST_MB042_220629.hex
* Software Version SeatermAF 2.1.2
* Temperature SN = 2997
* Conductivity SN = 2997
* System UpLoad Time = Jun 29 2022 20:04:53 (localtime) = Jun 29 2022 20:04:53 (UTC)
** CAST_MB042_220629
* ds
# nquan = 9                                 
# nvalues = 1290                        
# units = specified
# name 0 = timeJ: Julian Days
# name 1 = prSM: Pressure, Strain Gauge [db]
# name 2 = c0mS/cm: Conductivity [mS/cm]
# name 3 = t090C: Temperature [ITS-90, deg C]
# name 4 = sbeox0ML/L: Oxygen, SBE 43 [ml/l]
# name 5 = depSM: Depth [salt water, m], lat = 47.5
# name 6 = sal00: Salinity, Practical [PSU]
# name 7 = sigma-é00: Density [sigma-theta, kg/m^3]
# name 8 = flag: flag
# span 0 = 180.784468, 180.791927       
# span 1 =     -5.951,     39.820       
# span 2 =   0.002409,  36.910045       
# span 3 =     7.8493,    15.4412       
# span 4 =   -12.2825,    16.8176       
# span 5 =     -5.901,     39.484       
# span 6 =     0.0081,    33.4268       
# span 7 =    -0.9602,    26.0572       
# span 8 = 0.0000e+00, 0.0000e+00       
# interval = seconds: 0.5
# start_time = Jun 29 2022 18:49:38 [Instrument's time stamp, header]
# bad_flag = -9.990e-29
*END*
[from data line 801]
 180.789103      0.368  36.570096    12.3559     7.4824      0.365    31.3742    23.7085 -9.990e-29
 180.789109      0.368  36.566416    12.3516     7.4736      0.365    31.3743    23.7094 -9.990e-29
 180.789115      0.363  36.568946    12.3535     7.4822      0.360    31.3751    23.7097 -9.990e-29
 180.789120      0.358  36.576137    12.3549     7.5015      0.355    31.3808    23.7138 -9.990e-29
 180.789126      0.352  36.580897    12.3519     7.4560      0.349    31.3879    23.7198 -9.990e-29
 180.789132      0.349  36.582412    12.3471     7.4772      0.346    31.3933    23.7250 -9.990e-29
 180.789138      0.348  36.583381    12.3421     7.4876      0.345    31.3984    23.7299 -9.990e-29
 180.789144      0.345  36.582414    12.3359     7.4913      0.342    31.4027    23.7343 -9.990e-29
 180.789149      0.346  36.577222    12.3283     7.4866      0.343    31.4041    23.7368 -9.990e-29
 180.789155      0.352  36.570516    12.3230     7.4428      0.349    31.4022    23.7363 -9.990e-29
 180.789161      0.362  36.566912    12.3231     7.4345      0.359    31.3986    23.7336 -9.990e-29
 180.789167      0.367  36.566759    12.3274     7.4375      0.364    31.3949    23.7299 -9.990e-29
 180.789172      0.363  36.568851    12.3339     7.4491      0.360    31.3914    23.7260 -9.990e-29
 180.789178      0.354  36.568814    12.3388     7.4678      0.351    31.3873    23.7218 -9.990e-29
 180.789184      0.348  36.556082    12.3397     7.4828      0.345    31.3744    23.7117 -9.990e-29
 180.789190      0.349  36.545714    12.3382     7.4985      0.346    31.3658    23.7053 -9.990e-29
 180.789196      0.352  36.558719    12.3357     7.5186      0.349    31.3803    23.7170 -9.990e-29
 180.789201      0.350  36.574481    12.3330     7.5116      0.347    31.3976    23.7309 -9.990e-29
 180.789207      0.343  36.579420    12.3299     7.5085      0.340    31.4049    23.7371 -9.990e-29
 180.789213      0.337  36.581360    12.3271     7.4927      0.334    31.4091    23.7409 -9.990e-29
 180.789219      0.338  36.581885    12.3264     7.4683      0.335    31.4102    23.7419 -9.990e-29
 180.789225      0.345  36.582374    12.3281     7.4650      0.342    31.4092    23.7408 -9.990e-29
 180.789230      0.359  36.584156    12.3312     7.4766      0.356    31.4083    23.7395 -9.990e-29
 180.789236      0.376  36.587485    12.3354     7.4920      0.373    31.4080    23.7385 -9.990e-29
 180.789242      0.385  36.590761    12.3404     7.4988      0.382    31.4069    23.7367 -9.990e-29
 180.789248      0.377  36.592868    12.3441     7.4810      0.374    31.4058    23.7352 -9.990e-29
 180.789253      0.362  36.594494    12.3437     7.4774      0.359    31.4077    23.7367 -9.990e-29
 180.789259      0.354  36.594008    12.3412     7.4834      0.351    31.4093    23.7385 -9.990e-29
 180.789265      0.362  36.592005    12.3408     7.4890      0.359    31.4078    23.7373 -9.990e-29
 180.789271      0.378  36.594329    12.3452     7.4932      0.375    31.4063    23.7354 -9.990e-29
 180.789277      0.389  36.603076    12.3531     7.4896      0.386    31.4080    23.7352 -9.990e-29
 180.789282      0.393  36.612671    12.3616     7.4525      0.390    31.4100    23.7352 -9.990e-29
 180.789288      0.390  36.616987    12.3686     7.4855      0.387    31.4083    23.7325 -9.990e-29
 180.789294      0.380  36.614622    12.3736     7.4892      0.377    31.4019    23.7266 -9.990e-29
 180.789300      0.366  36.611502    12.3772     7.4898      0.363    31.3959    23.7213 -9.990e-29
 180.789306      0.355  36.611983    12.3777     7.4892      0.352    31.3959    23.7212 -9.990e-29
 180.789311      0.352  36.612348    12.3749     7.4277      0.349    31.3986    23.7238 -9.990e-29
 180.789317      0.352  36.612084    12.3714     7.4777      0.349    31.4013    23.7266 -9.990e-29
 180.789323      0.346  36.612077    12.3682     7.5147      0.343    31.4040    23.7292 -9.990e-29
 180.789329      0.334  36.610753    12.3646     7.5106      0.331    31.4057    23.7313 -9.990e-29
 180.789334      0.324  36.609263    12.3618     7.4846      0.321    31.4067    23.7325 -9.990e-29
 180.789340      0.320  36.609100    12.3589     7.4499      0.317    31.4089    23.7348 -9.990e-29
 180.789346      0.320  36.609044    12.3535     7.4454      0.317    31.4134    23.7393 -9.990e-29
 180.789352      0.326  36.607460    12.3469     7.4663      0.323    31.4174    23.7437 -9.990e-29
 180.789358      0.337  36.604759    12.3439     7.4669      0.334    31.4173    23.7442 -9.990e-29
 180.789363      0.350  36.602403    12.3459     7.4493      0.347    31.4134    23.7407 -9.990e-29
 180.789369      0.357  36.602368    12.3492     7.4450      0.354    31.4106    23.7380 -9.990e-29
 180.789375      0.355  36.604396    12.3513     7.4580      0.352    31.4108    23.7377 -9.990e-29
 180.789381      0.343  36.605552    12.3523     7.4757      0.340    31.4111    23.7377 -9.990e-29
 180.789387      0.325  36.605482    12.3521     7.5025      0.322    31.4112    23.7378 -9.990e-29
 180.789392      0.312  36.605552    12.3514     7.5169      0.309    31.4118    23.7385 -9.990e-29
 180.789398      0.313  36.606757    12.3513     7.5186      0.310    31.4131    23.7395 -9.990e-29
 180.789404      0.322  36.609925    12.3521     7.5126      0.319    31.4154    23.7411 -9.990e-29
 180.789410      0.333  36.615700    12.3532     7.5005      0.330    31.4200    23.7445 -9.990e-29
 180.789416      0.337  36.622045    12.3551     7.4994      0.334    31.4244    23.7476 -9.990e-29
 180.789421      0.334  36.625443    12.3582     7.5040      0.331    31.4251    23.7475 -9.990e-29
 180.789427      0.333  36.625726    12.3631     7.4979      0.330    31.4213    23.7436 -9.990e-29
 180.789433      0.339  36.625292    12.3706     7.4952      0.336    31.4146    23.7370 -9.990e-29
 180.789439      0.350  36.626705    12.3788     7.4839      0.347    31.4090    23.7312 -9.990e-29
 180.789444      0.364  36.629391    12.3854     7.4869      0.361    31.4061    23.7276 -9.990e-29
 180.789450      0.373  36.631675    12.3891     7.4988      0.370    31.4051    23.7262 -9.990e-29
 180.789456      0.374  36.633024    12.3902     7.5091      0.371    31.4055    23.7263 -9.990e-29
 180.789462      0.370  36.633336    12.3906     7.5054      0.367    31.4055    23.7262 -9.990e-29
 180.789468      0.371  36.633932    12.3924     7.4928      0.368    31.4045    23.7251 -9.990e-29
 180.789473      0.380  36.635947    12.3953     7.4795      0.377    31.4040    23.7242 -9.990e-29
 180.789479      0.394  36.639048    12.3977     7.4704      0.391    31.4050    23.7245 -9.990e-29
 180.789485      0.404  36.643232    12.3991     7.4662      0.401    31.4078    23.7264 -9.990e-29
 180.789491      0.408  36.646580    12.3997     7.4692      0.405    31.4105    23.7284 -9.990e-29
 180.789497      0.406  36.646617    12.3997     7.4388      0.403    31.4105    23.7284 -9.990e-29
 180.789502      0.402  36.646532    12.3991     7.4895      0.399    31.4109    23.7288 -9.990e-29
 180.789508      0.399  36.647674    12.3978     7.5119      0.396    31.4131    23.7308 -9.990e-29
 180.789514      0.394  36.646865    12.3962     7.5133      0.391    31.4137    23.7315 -9.990e-29
 180.789520      0.385  36.644487    12.3951     7.5212      0.382    31.4123    23.7307 -9.990e-29
 180.789525      0.382  36.642750    12.3946     7.4757      0.379    31.4111    23.7298 -9.990e-29
 180.789531      0.388  36.642479    12.3944     7.4764      0.385    31.4110    23.7298 -9.990e-29
 180.789537      0.399  36.643093    12.3950     7.4724      0.396    31.4111    23.7297 -9.990e-29
 180.789543      0.407  36.643513    12.3964     7.4720      0.404    31.4103    23.7289 -9.990e-29
 180.789549      0.409  36.644637    12.3990     7.4793      0.406    31.4092    23.7275 -9.990e-29
 180.789554      0.409  36.647185    12.4019     7.4984      0.406    31.4092    23.7270 -9.990e-29
 180.789560      0.416  36.650415    12.4047     7.4989      0.413    31.4099    23.7270 -9.990e-29
 180.789566      0.429  36.653936    12.4082     7.4978      0.425    31.4104    23.7267 -9.990e-29
 180.789572      0.437  36.657184    12.4117     7.5003      0.433    31.4105    23.7261 -9.990e-29
 180.789578      0.433  36.659231    12.4142     7.4877      0.429    31.4104    23.7256 -9.990e-29
 180.789583      0.423  36.660348    12.4162     7.4958      0.419    31.4098    23.7247 -9.990e-29
 180.789589      0.422  36.661805    12.4186     7.4957      0.418    31.4092    23.7238 -9.990e-29
 180.789595      0.427  36.663646    12.4212     7.5003      0.423    31.4087    23.7230 -9.990e-29
 180.789601      0.432  36.664747    12.4229     7.5030      0.428    31.4084    23.7224 -9.990e-29
 180.789606      0.431  36.664677    12.4233     7.4937      0.427    31.4080    23.7220 -9.990e-29
 180.789612      0.426  36.664244    12.4229     7.4915      0.422    31.4079    23.7220 -9.990e-29
 180.789618      0.420  36.663770    12.4220     7.4955      0.416    31.4082    23.7224 -9.990e-29
 180.789624      0.421  36.662404    12.4208     7.4988      0.417    31.4079    23.7224 -9.990e-29
 180.789630      0.434  36.660346    12.4196     7.5088      0.430    31.4069    23.7219 -9.990e-29
 180.789635      0.454  36.659672    12.4192     7.5088      0.450    31.4066    23.7217 -9.990e-29
 180.789641      0.480  36.661504    12.4206     7.5130      0.476    31.4072    23.7219 -9.990e-29
 180.789647      0.513  36.664707    12.4234     7.5129      0.509    31.4079    23.7219 -9.990e-29
 180.789653      0.550  36.666611    12.4245     7.4832      0.545    31.4087    23.7224 -9.990e-29
 180.789659      0.590  36.666175    12.4223     7.4691      0.585    31.4102    23.7239 -9.990e-29
 180.789664      0.635  36.665397    12.4182     7.4724      0.630    31.4128    23.7267 -9.990e-29
 180.789670      0.688  36.665263    12.4149     7.4878      0.682    31.4154    23.7294 -9.990e-29
 180.789676      0.757  36.665373    12.4131     7.5110      0.751    31.4170    23.7309 -9.990e-29
 180.789682      0.851  36.665654    12.4124     7.4736      0.844    31.4178    23.7317 -9.990e-29
 180.789688      0.970  36.666262    12.4125     7.5083      0.962    31.4183    23.7320 -9.990e-29
 180.789693      1.114  36.666665    12.4125     7.5176      1.105    31.4186    23.7323 0.0000e+00
 180.789699      1.280  36.666621    12.4121     7.5371      1.269    31.4188    23.7325 0.0000e+00
 180.789705      1.461  36.666972    12.4111     7.5441      1.449    31.4199    23.7336 0.0000e+00
 180.789711      1.655  36.666287    12.4088     7.4714      1.641    31.4211    23.7349 0.0000e+00
 180.789716      1.866  36.663430    12.4049     7.4921      1.850    31.4216    23.7360 0.0000e+00
 180.789722      2.096  36.660533    12.4003     7.5019      2.078    31.4226    23.7377 0.0000e+00
 180.789728      2.340  36.658553    12.3958     7.5287      2.320    31.4244    23.7399 0.0000e+00
 180.789734      2.595  36.656309    12.3905     7.5322      2.573    31.4266    23.7426 0.0000e+00
 180.789740      2.849  36.652825    12.3819     7.4810      2.825    31.4304    23.7472 0.0000e+00
 180.789745      3.098  36.646595    12.3627     7.4584      3.072    31.4404    23.7586 0.0000e+00
 180.789751      3.341  36.629651    12.3234     7.4439      3.313    31.4571    23.7789 0.0000e+00
 180.789757      3.579  36.598224    12.2690     7.4179      3.549    31.4726    23.8011 0.0000e+00
 180.789763      3.821  36.562273    12.2110     7.3846      3.789    31.4869    23.8230 0.0000e+00
 180.789769      4.067  36.525161    12.1398     7.3294      4.033    31.5112    23.8551 0.0000e+00
 180.789774      4.313  36.480299    12.0334     7.2625      4.277    31.5578    23.9110 0.0000e+00
 180.789780      4.553  36.420847    11.8945     7.1803      4.515    31.6182    23.9833 0.0000e+00
 180.789786      4.789  36.352996    11.7612     7.0962      4.749    31.6659    24.0447 0.0000e+00
 180.789792      5.024  36.300289    11.6662     7.0362      4.982    31.6957    24.0852 0.0000e+00
 180.789797      5.259  36.271172    11.6059     6.9976      5.215    31.7189    24.1141 0.0000e+00
 180.789803      5.509  36.254020    11.5644     6.9844      5.463    31.7377    24.1362 0.0000e+00
 180.789809      5.782  36.240295    11.5352     6.9712      5.734    31.7492    24.1504 0.0000e+00
 180.789815      6.061  36.229393    11.5174     6.9784      6.010    31.7537    24.1571 0.0000e+00
 180.789821      6.334  36.223353    11.5076     6.9786      6.281    31.7561    24.1608 0.0000e+00
 180.789826      6.600  36.221180    11.5008     6.9712      6.545    31.7598    24.1648 0.0000e+00
 180.789832      6.860  36.219756    11.4953     6.9708      6.803    31.7630    24.1683 0.0000e+00
 180.789838      7.113  36.218084    11.4909     6.9625      7.054    31.7650    24.1707 0.0000e+00
 180.789844      7.358  36.217077    11.4871     6.9571      7.296    31.7672    24.1731 0.0000e+00
 180.789850      7.594  36.216291    11.4836     6.9700      7.530    31.7693    24.1754 0.0000e+00
 180.789855      7.822  36.214461    11.4806     6.9739      7.757    31.7700    24.1764 0.0000e+00
 180.789861      8.049  36.212289    11.4778     6.9688      7.982    31.7702    24.1771 0.0000e+00
 180.789867      8.277  36.210583    11.4749     6.9493      8.208    31.7710    24.1782 0.0000e+00
 180.789873      8.506  36.208530    11.4717     6.9705      8.435    31.7716    24.1793 0.0000e+00
 180.789878      8.743  36.205413    11.4680     6.9727      8.670    31.7717    24.1800 0.0000e+00
 180.789884      8.986  36.201902    11.4645     6.9859      8.911    31.7711    24.1802 0.0000e+00
 180.789890      9.229  36.199255    11.4618     6.9882      9.152    31.7708    24.1804 0.0000e+00
 180.789896      9.474  36.197645    11.4601     6.9457      9.395    31.7706    24.1806 0.0000e+00
 180.789902      9.725  36.196947    11.4596     6.9950      9.644    31.7702    24.1804 0.0000e+00
 180.789907      9.975  36.197133    11.4602     7.0021      9.892    31.7698    24.1799 0.0000e+00
 180.789913     10.215  36.197112    11.4618     6.9977     10.129    31.7683    24.1785 0.0000e+00
 180.789919     10.439  36.197199    11.4635     6.9926     10.352    31.7668    24.1771 0.0000e+00
 180.789925     10.645  36.199532    11.4638     6.9555     10.556    31.7688    24.1785 0.0000e+00
 180.789931     10.835  36.203082    11.4627     6.9730     10.744    31.7731    24.1821 0.0000e+00
 180.789936     11.028  36.205084    11.4607     6.9776     10.936    31.7767    24.1852 0.0000e+00
 180.789942     11.239  36.204072    11.4571     6.9683     11.145    31.7787    24.1875 0.0000e+00
 180.789948     11.478  36.199599    11.4524     6.9699     11.382    31.7783    24.1880 0.0000e+00
 180.789954     11.743  36.194448    11.4479     6.9520     11.645    31.7770    24.1878 0.0000e+00
 180.789959     12.020  36.191054    11.4444     6.9487     11.919    31.7766    24.1881 0.0000e+00
 180.789965     12.293  36.188592    11.4421     6.9471     12.190    31.7760    24.1881 0.0000e+00
 180.789971     12.550  36.187478    11.4406     6.9427     12.445    31.7761    24.1885 0.0000e+00
 180.789977     12.785  36.188811    11.4399     6.9521     12.678    31.7779    24.1900 0.0000e+00
 180.789983     13.000  36.190788    11.4394     6.9390     12.891    31.7802    24.1918 0.0000e+00
 180.789988     13.205  36.191346    11.4389     6.9327     13.094    31.7811    24.1926 0.0000e+00
 180.789994     13.413  36.189890    11.4373     6.9208     13.301    31.7810    24.1928 0.0000e+00
 180.790000     13.633  36.186504    11.4333     6.9087     13.519    31.7810    24.1936 0.0000e+00
 180.790006     13.866  36.181500    11.4277     6.8960     13.750    31.7809    24.1945 0.0000e+00
 180.790012     14.109  36.175829    11.4225     6.8786     13.991    31.7797    24.1945 0.0000e+00
 180.790017     14.362  36.172351    11.4177     6.8739     14.242    31.7803    24.1958 0.0000e+00
