data/oxygen options/OCNMS/OCNMS1/raw_data/2022/CAST_CA042_220718faed.cnv
* Sea-Bird SBE 19 Data File:
* FileName = C:\2022 Mooring Data\Casts\CAST_CA042_220718.hex
* Software Version SeatermAF 2.1.2
* Temperature SN = 2997
* Conductivity SN = 2997
* System UpLoad Time = Jul 18 2022 23:17:37 (localtime) = Jul 18 2022 23:17:37 (UTC)
** CAST_CA042_220718
* ds
# nquan = 9                                 
# nvalues = 1159                        
# units = specified
# name 0 = timeJ: Julian Days
# name 1 = prSM: Pressure, Strain Gauge [db]
# name 2 = c0mS/cm: Conductivity [mS/cm]
# name 3 = t090C: Temperature [ITS-90, deg C]
# name 4 = sbeox0ML/L: Oxygen, SBE 43 [ml/l]
# name 5 = depSM: Depth [salt water, m], lat = 47.5
# name 6 = sal00: Salinity, Practical [PSU]
# name 7 = sigma-é00: Density [sigma-theta, kg/m^3]
# name 8 = flag: flag
# span 0 = 199.961169, 199.967870       
# span 1 =     -5.591,     43.893       
# span 2 =   0.393326,  38.106551       
# span 3 =     7.5864,    16.5348       
# span 4 =    -1.8659,    18.5717       
# span 5 =     -5.544,     43.522       
# span 6 =     0.2289,    33.4310       
# span 7 =    -0.9597,    26.1020       
# span 8 = 0.0000e+00, 0.0000e+00       
# interval = seconds: 0.5
# start_time = Jul 18 2022 23:04:05 [Instrument's time stamp, header]
# bad_flag = -9.990e-29
*END*
[from data line 641]
 199.964878      0.492  37.771389    13.9269     9.5164      0.488    31.2044    23.2707 -9.990e-29
 199.964884      0.491  37.766569    13.9356     9.5157      0.487    31.1929    23.2600 -9.990e-29
 199.964890      0.484  37.772236    13.9455     9.5289      0.480    31.1901    23.2559 -9.990e-29
 199.964896      0.476  37.784163    13.9544     9.5437      0.472    31.1939    23.2569 -9.990e-29
 199.964902      0.466  37.800868    13.9606     9.5610      0.462    31.2042    23.2636 -9.990e-29
 199.964907      0.457  37.812669    13.9611     9.5870      0.453    31.2146    23.2716 -9.990e-29
 199.964913      0.458  37.814554    13.9475     9.5990      0.454    31.2274    23.2842 -9.990e-29
 199.964919      0.473  37.798934    13.9075     9.6060      0.469    31.2455    23.3063 -9.990e-29
 199.964925      0.499  37.755616    13.8562     9.5884      0.495    31.2474    23.3181 -9.990e-29
 199.964931      0.524  37.710320    13.8342     9.5359      0.520    31.2236    23.3042 -9.990e-29
 199.964936      0.537  37.706295    13.8541     9.4992      0.533    31.2037    23.2848 -9.990e-29
 199.964942      0.535  37.734781    13.8907     9.5057      0.531    31.2001    23.2747 -9.990e-29
 199.964948      0.522  37.760892    13.9194     9.5139      0.518    31.2009    23.2694 -9.990e-29
 199.964954      0.510  37.784690    13.9371     9.5497      0.506    31.2084    23.2716 -9.990e-29
 199.964959      0.506  37.809321    13.9478     9.5687      0.502    31.2223    23.2802 -9.990e-29
 199.964965      0.506  37.819424    13.9493     9.5369      0.502    31.2304    23.2861 -9.990e-29
 199.964971      0.507  37.811643    13.9428     9.5259      0.503    31.2285    23.2860 -9.990e-29
 199.964977      0.507  37.799126    13.9393     9.5025      0.503    31.2199    23.2801 -9.990e-29
 199.964983      0.507  37.799350    13.9465     9.4980      0.503    31.2142    23.2742 -9.990e-29
 199.964988      0.507  37.810915    13.9568     9.5349      0.503    31.2165    23.2739 -9.990e-29
 199.964994      0.508  37.818963    13.9607     9.5286      0.504    31.2207    23.2764 -9.990e-29
 199.965000      0.508  37.824124    13.9601     9.5186      0.504    31.2259    23.2805 -9.990e-29
 199.965006      0.508  37.826543    13.9595     9.4987      0.504    31.2286    23.2827 -9.990e-29
 199.965012      0.508  37.818221    13.9580     9.5548      0.504    31.2222    23.2781 -9.990e-29
 199.965017      0.508  37.797571    13.9546     9.5841      0.504    31.2060    23.2663 -9.990e-29
 199.965023      0.508  37.771228    13.9505     9.5941      0.504    31.1851    23.2510 -9.990e-29
 199.965029      0.508  37.757286    13.9418     9.5737      0.504    31.1794    23.2483 -9.990e-29
 199.965035      0.508  37.760117    13.9216     9.4883      0.504    31.1984    23.2671 -9.990e-29
 199.965041      0.508  37.757700    13.8964     9.5115      0.504    31.2166    23.2862 -9.990e-29
 199.965046      0.508  37.748477    13.8841     9.5344      0.504    31.2181    23.2899 -9.990e-29
 199.965052      0.508  37.754315    13.8917     9.5523      0.504    31.2173    23.2877 -9.990e-29
 199.965058      0.508  37.770647    13.9055     9.5572      0.504    31.2211    23.2879 -9.990e-29
 199.965064      0.508  37.778882    13.9111     9.5254      0.504    31.2241    23.2891 -9.990e-29
 199.965069      0.508  37.782703    13.9104     9.5395      0.504    31.2282    23.2924 -9.990e-29
 199.965075      0.508  37.787753    13.9093     9.5746      0.504    31.2338    23.2969 -9.990e-29
 199.965081      0.508  37.786743    13.9058     9.5893      0.504    31.2357    23.2991 -9.990e-29
 199.965087      0.509  37.774385    13.8941     9.5725      0.505    31.2338    23.3000 -9.990e-29
 199.965093      0.509  37.749875    13.8714     9.5402      0.505    31.2297    23.3014 -9.990e-29
 199.965098      0.509  37.719184    13.8469     9.5312      0.505    31.2214    23.2999 -9.990e-29
 199.965104      0.509  37.700774    13.8395     9.5377      0.505    31.2105    23.2930 -9.990e-29
 199.965110      0.510  37.709303    13.8549     9.5268      0.506    31.2058    23.2863 -9.990e-29
 199.965116      0.510  37.733704    13.8746     9.4938      0.506    31.2122    23.2873 -9.990e-29
 199.965122      0.511  37.749897    13.8728     9.4573      0.507    31.2286    23.3003 -9.990e-29
 199.965127      0.511  37.739116    13.8506     9.3689      0.507    31.2367    23.3110 -9.990e-29
 199.965133      0.512  37.708829    13.8353     9.3202      0.508    31.2213    23.3022 -9.990e-29
 199.965139      0.514  37.692046    13.8276     9.3303      0.510    31.2121    23.2966 -9.990e-29
 199.965145      0.515  37.692145    13.8075     9.3310      0.511    31.2285    23.3134 -9.990e-29
 199.965150      0.517  37.692428    13.7782     9.3182      0.513    31.2526    23.3379 -9.990e-29
 199.965156      0.520  37.690458    13.7539     9.2990      0.516    31.2706    23.3567 -9.990e-29
 199.965162      0.523  37.683588    13.7418     9.3071      0.519    31.2742    23.3618 -9.990e-29
 199.965168      0.528  37.675522    13.7270     9.3518      0.524    31.2788    23.3684 -9.990e-29
 199.965174      0.533  37.652683    13.7032     9.4054      0.529    31.2771    23.3719 -9.990e-29
 199.965179      0.536  37.621026    13.7016     9.4538      0.532    31.2492    23.3506 -9.990e-29
 199.965185      0.528  37.626301    13.7177     9.4620      0.524    31.2409    23.3410 -9.990e-29
 199.965191      0.509  37.651424    13.7152     9.4202      0.505    31.2662    23.3610 -9.990e-29
 199.965197      0.489  37.659270    13.6995     9.4483      0.485    31.2862    23.3797 -9.990e-29
 199.965203      0.481  37.655808    13.6953     9.4515      0.477    31.2865    23.3807 -9.990e-29
 199.965208      0.484  37.649856    13.7007     9.4802      0.480    31.2766    23.3719 -9.990e-29
 199.965214      0.490  37.645224    13.7055     9.5171      0.486    31.2684    23.3647 -9.990e-29
 199.965220      0.495  37.646928    13.7107     9.4534      0.491    31.2657    23.3615 -9.990e-29
 199.965226      0.499  37.654422    13.7175     9.4676      0.495    31.2671    23.3612 -9.990e-29
 199.965231      0.503  37.661433    13.7247     9.4477      0.499    31.2677    23.3603 -9.990e-29
 199.965237      0.506  37.665527    13.7317     9.4477      0.502    31.2657    23.3574 -9.990e-29
 199.965243      0.509  37.668223    13.7372     9.4897      0.505    31.2637    23.3547 -9.990e-29
 199.965249      0.512  37.675904    13.7406     9.4951      0.508    31.2681    23.3574 -9.990e-29
 199.965255      0.516  37.688150    13.7434     9.4918      0.512    31.2771    23.3638 -9.990e-29
 199.965260      0.519  37.693817    13.7468     9.4771      0.515    31.2795    23.3650 -9.990e-29
 199.965266      0.524  37.693720    13.7509     9.4704      0.520    31.2761    23.3615 -9.990e-29
 199.965272      0.530  37.697801    13.7564     9.4781      0.526    31.2754    23.3598 -9.990e-29
 199.965278      0.536  37.706444    13.7643     9.4891      0.532    31.2769    23.3594 -9.990e-29
 199.965284      0.545  37.712102    13.7724     9.4895      0.540    31.2755    23.3567 -9.990e-29
 199.965289      0.552  37.711659    13.7775     9.4767      0.547    31.2709    23.3522 -9.990e-29
 199.965295      0.553  37.709552    13.7797     9.4444      0.548    31.2672    23.3489 -9.990e-29
 199.965301      0.553  37.702958    13.7797     9.4418      0.548    31.2611    23.3442 -9.990e-29
 199.965307      0.556  37.692036    13.7768     9.4529      0.551    31.2534    23.3388 -9.990e-29
 199.965313      0.562  37.688545    13.7701     9.4595      0.557    31.2556    23.3419 -9.990e-29
 199.965318      0.571  37.691177    13.7610     9.4583      0.566    31.2655    23.3513 -9.990e-29
 199.965324      0.584  37.687732    13.7490     9.4277      0.579    31.2721    23.3588 -9.990e-29
 199.965330      0.602  37.671359    13.7339     9.3902      0.597    31.2693    23.3597 -9.990e-29
 199.965336      0.621  37.649351    13.7230     9.3876      0.616    31.2578    23.3530 -9.990e-29
 199.965341      0.635  37.645021    13.7214     9.3880      0.630    31.2551    23.3513 -9.990e-29
 199.965347      0.640  37.662101    13.7211     9.4294      0.635    31.2712    23.3637 -9.990e-29
 199.965353      0.636  37.677395    13.7130     9.4684      0.631    31.2919    23.3813 -9.990e-29
 199.965359      0.627  37.680459    13.7013     9.4915      0.622    31.3043    23.3933 -9.990e-29
 199.965365      0.622  37.677235    13.6983     9.5130      0.617    31.3038    23.3934 -9.990e-29
 199.965370      0.624  37.671806    13.7071     9.4995      0.619    31.2916    23.3823 -9.990e-29
 199.965376      0.628  37.664330    13.7146     9.4754      0.623    31.2785    23.3707 -9.990e-29
 199.965382      0.628  37.657055    13.7138     9.4929      0.623    31.2725    23.3662 -9.990e-29
 199.965388      0.619  37.654932    13.7119     9.5228      0.614    31.2721    23.3662 -9.990e-29
 199.965394      0.603  37.657836    13.7145     9.5703      0.598    31.2726    23.3661 -9.990e-29
 199.965399      0.594  37.662253    13.7215     9.6057      0.589    31.2710    23.3635 -9.990e-29
 199.965405      0.603  37.662766    13.7263     9.5497      0.598    31.2676    23.3599 -9.990e-29
 199.965411      0.630  37.650996    13.7224     9.5312      0.625    31.2599    23.3547 -9.990e-29
 199.965417      0.666  37.629086    13.7172     9.4544      0.660    31.2438    23.3434 -9.990e-29
 199.965422      0.690  37.617598    13.7251     9.3881      0.684    31.2268    23.3286 -9.990e-29
 199.965428      0.687  37.627450    13.7478     9.3706      0.681    31.2174    23.3168 -9.990e-29
 199.965434      0.662  37.646460    13.7743     9.3796      0.656    31.2134    23.3084 -9.990e-29
 199.965440      0.634  37.669616    13.7932     9.4953      0.629    31.2194    23.3092 -9.990e-29
 199.965446      0.622  37.690154    13.7978     9.5118      0.617    31.2345    23.3200 -9.990e-29
 199.965451      0.630  37.689977    13.7862     9.5203      0.625    31.2438    23.3295 -9.990e-29
 199.965457      0.645  37.667633    13.7675     9.5245      0.640    31.2384    23.3291 -9.990e-29
 199.965463      0.653  37.641424    13.7591     9.4849      0.648    31.2211    23.3174 -9.990e-29
 199.965469      0.644  37.633463    13.7695     9.4472      0.639    31.2053    23.3031 -9.990e-29
 199.965475      0.626  37.649281    13.7923     9.4150      0.621    31.2013    23.2955 -9.990e-29
 199.965480      0.616  37.677367    13.8091     9.4503      0.611    31.2136    23.3015 -9.990e-29
 199.965486      0.622  37.696793    13.8045     9.4864      0.617    31.2352    23.3192 -9.990e-29
 199.965492      0.635  37.690215    13.7914     9.5092      0.630    31.2398    23.3253 -9.990e-29
 199.965498      0.643  37.673427    13.7891     9.5211      0.638    31.2262    23.3153 -9.990e-29
 199.965503      0.642  37.670455    13.7930     9.4995      0.637    31.2203    23.3100 -9.990e-29
 199.965509      0.637  37.679475    13.7970     9.5052      0.632    31.2253    23.3131 -9.990e-29
 199.965515      0.632  37.692240    13.8039     9.5169      0.627    31.2315    23.3164 -9.990e-29
 199.965521      0.626  37.705500    13.8143     9.5215      0.621    31.2353    23.3172 -9.990e-29
 199.965527      0.620  37.721145    13.8257     9.5440      0.615    31.2404    23.3189 -9.990e-29
 199.965532      0.611  37.741445    13.8350     9.5391      0.606    31.2515    23.3256 -9.990e-29
 199.965538      0.605  37.761985    13.8472     9.5338      0.600    31.2605    23.3301 -9.990e-29
 199.965544      0.605  37.779792    13.8690     9.4794      0.600    31.2592    23.3246 -9.990e-29
 199.965550      0.607  37.794976    13.8951     9.4385      0.602    31.2519    23.3138 -9.990e-29
 199.965556      0.607  37.803025    13.9147     9.4449      0.602    31.2434    23.3032 -9.990e-29
 199.965561      0.609  37.803366    13.9265     9.4831      0.604    31.2341    23.2936 -9.990e-29
 199.965567      0.618  37.803645    13.9323     9.5378      0.613    31.2296    23.2890 -9.990e-29
 199.965573      0.633  37.803581    13.9263     9.5512      0.628    31.2345    23.2940 -9.990e-29
 199.965579      0.652  37.792343    13.9021     9.5556      0.647    31.2438    23.3061 -9.990e-29
 199.965584      0.667  37.759332    13.8736     9.5236      0.661    31.2366    23.3063 -9.990e-29
 199.965590      0.671  37.727683    13.8703     9.4589      0.665    31.2101    23.2865 -9.990e-29
 199.965596      0.656  37.730189    13.8974     9.4303      0.651    31.1904    23.2658 -9.990e-29
 199.965602      0.624  37.754392    13.9301     9.3762      0.619    31.1862    23.2559 -9.990e-29
 199.965608      0.596  37.780343    13.9511     9.3516      0.591    31.1930    23.2569 -9.990e-29
 199.965613      0.586  37.807247    13.9624     9.3933      0.581    31.2085    23.2666 -9.990e-29
 199.965619      0.598  37.828293    13.9641     9.4085      0.593    31.2265    23.2801 -9.990e-29
 199.965625      0.637  37.826051    13.9551     9.5081      0.632    31.2317    23.2860 -9.990e-29
 199.965631      0.701  37.800797    13.9477     9.5203      0.695    31.2145    23.2742 -9.990e-29
 199.965637      0.769  37.787133    13.9527     9.5395      0.763    31.1979    23.2604 -9.990e-29
 199.965642      0.828  37.801484    13.9639     9.5859      0.821    31.2019    23.2612 -9.990e-29
 199.965648      0.886  37.815244    13.9721     9.5373      0.879    31.2079    23.2642 -9.990e-29
 199.965654      0.950  37.819764    13.9746     9.5328      0.942    31.2100    23.2653 -9.990e-29
 199.965660      1.030  37.827138    13.9694     9.4395      1.021    31.2210    23.2748 -9.990e-29
 199.965666      1.135  37.829727    13.9508     9.2884      1.126    31.2384    23.2920 -9.990e-29
 199.965671      1.266  37.815195    13.9168     9.0752      1.255    31.2526    23.3099 0.0000e+00
 199.965677      1.425  37.788725    13.8797     8.7863      1.413    31.2584    23.3219 0.0000e+00
 199.965683      1.607  37.769283    13.8408     8.4900      1.594    31.2721    23.3403 0.0000e+00
 199.965689      1.804  37.748213    13.7597     8.2116      1.789    31.3187    23.3927 0.0000e+00
 199.965694      2.010  37.679382    13.6103     7.9898      1.993    31.3773    23.4679 0.0000e+00
 199.965700      2.231  37.560021    13.4299     7.8647      2.212    31.4146    23.5326 0.0000e+00
 199.965706      2.467  37.434870    13.2357     7.7656      2.446    31.4581    23.6046 0.0000e+00
 199.965712      2.716  37.300018    13.0113     7.6697      2.693    31.5177    23.6945 0.0000e+00
 199.965718      2.973  37.155983    12.7987     7.5498      2.948    31.5591    23.7677 0.0000e+00
 199.965723      3.233  37.054364    12.6623     7.3605      3.206    31.5770    23.8076 0.0000e+00
 199.965729      3.490  37.008593    12.5993     7.0984      3.461    31.5863    23.8269 0.0000e+00
 199.965735      3.740  36.991125    12.5566     6.7411      3.709    31.6054    23.8498 0.0000e+00
 199.965741      3.986  36.974624    12.4845     6.3725      3.953    31.6503    23.8983 0.0000e+00
 199.965747      4.231  36.930265    12.3447     5.9845      4.196    31.7259    23.9832 0.0000e+00
 199.965752      4.473  36.818416    12.1204     5.6240      4.436    31.8090    24.0896 0.0000e+00
 199.965758      4.714  36.632175    11.8475     5.3179      4.675    31.8623    24.1814 0.0000e+00
 199.965764      4.962  36.444186    11.5851     5.0566      4.921    31.9052    24.2625 0.0000e+00
 199.965770      5.215  36.302889    11.3530     4.8817      5.171    31.9675    24.3527 0.0000e+00
 199.965775      5.468  36.165427    11.1244     4.7179      5.422    32.0310    24.4426 0.0000e+00
 199.965781      5.719  35.994619    10.8988     4.5602      5.671    32.0592    24.5041 0.0000e+00
 199.965787      5.968  35.832657    10.7192     4.3968      5.918    32.0557    24.5325 0.0000e+00
 199.965793      6.218  35.726238    10.5859     4.2339      6.166    32.0667    24.5640 0.0000e+00
