data/oxygen options/OCNMS/OCNMS1/raw_data/2022/CAST_TH042_220524faed.cnv
* Sea-Bird SBE 19 Data File:
* FileName = C:\2022 Mooring Data\Casts\CAST_TH042_220524.hex
* Software Version SeatermAF 2.1.2
* Temperature SN = 2997
* Conductivity SN = 2997
* System UpLoad Time = May 24 2022 19:46:03 (localtime) = May 24 2022 19:46:03 (UTC)
** CAST_TH042_220524
* ds
# nquan = 9                                 
# nvalues = 1082                        
# units = specified
# name 0 = timeJ: Julian Days
# name 1 = prSM: Pressure, Strain Gauge [db]
# name 2 = c0mS/cm: Conductivity [mS/cm]
# name 3 = t090C: Temperature [ITS-90, deg C]
# name 4 = sbeox0ML/L: Oxygen, SBE 43 [ml/l]
# name 5 = depSM: Depth [salt water, m], lat = 47.5
# name 6 = sal00: Salinity, Practical [PSU]
# name 7 = sigma-é00: Density [sigma-theta, kg/m^3]
# name 8 = flag: flag
# span 0 = 144.811447, 144.817703       
# span 1 =     -5.901,     39.757       
# span 2 =   0.142307,  34.472422       
# span 3 =     7.4668,    12.6580       
# span 4 =    -2.0068,    18.3924       
# span 5 =     -5.852,     39.421       
# span 6 =     0.0894,    33.6248       
# span 7 =    -0.5085,    26.2708       
# span 8 = 0.0000e+00, 0.0000e+00       
# interval = seconds: 0.5
# start_time = May 24 2022 19:28:29 [Instrument's time stamp, header]
# bad_flag = -9.990e-29
*END*
[from data line 801]
 144.816082     23.981  33.931513     8.3902     3.6161     23.779    32.1887    25.0100 0.0000e+00
 144.816088     24.266  33.951379     8.3164     3.6090     24.062    32.2771    25.0902 0.0000e+00
 144.816094     24.577  33.981634     8.2412     3.6042     24.370    32.3781    25.1805 0.0000e+00
 144.816100     24.904  34.013788     8.1842     3.5874     24.695    32.4646    25.2567 0.0000e+00
 144.816105     25.228  34.037957     8.1516     3.5855     25.016    32.5202    25.3051 0.0000e+00
 144.816111     25.532  34.053215     8.1407     3.5869     25.317    32.5464    25.3272 0.0000e+00
 144.816117     25.810  34.061328     8.1428     3.5888     25.593    32.5529    25.3320 0.0000e+00
 144.816123     26.071  34.061259     8.1452     3.5869     25.852    32.5505    25.3298 0.0000e+00
 144.816128     26.326  34.057879     8.1376     3.5711     26.105    32.5538    25.3335 0.0000e+00
 144.816134     26.580  34.061726     8.1206     3.5463     26.356    32.5736    25.3515 0.0000e+00
 144.816140     26.832  34.074489     8.1054     3.5027     26.606    32.6012    25.3754 0.0000e+00
 144.816146     27.080  34.087889     8.1003     3.4633     26.852    32.6200    25.3909 0.0000e+00
 144.816152     27.327  34.096737     8.1015     3.4277     27.097    32.6282    25.3972 0.0000e+00
 144.816157     27.580  34.100981     8.0939     3.4013     27.348    32.6397    25.4073 0.0000e+00
 144.816163     27.844  34.105639     8.0636     3.3887     27.610    32.6727    25.4376 0.0000e+00
 144.816169     28.116  34.120764     8.0201     3.3761     27.879    32.7293    25.4884 0.0000e+00
 144.816175     28.398  34.144589     7.9850     3.3793     28.159    32.7875    25.5391 0.0000e+00
 144.816181     28.686  34.163415     7.9661     3.3852     28.445    32.8251    25.5714 0.0000e+00
 144.816186     28.968  34.173115     7.9588     3.3689     28.724    32.8422    25.5859 0.0000e+00
 144.816192     29.237  34.178130     7.9574     3.3429     28.991    32.8487    25.5912 0.0000e+00
 144.816198     29.496  34.181141     7.9577     3.2995     29.248    32.8516    25.5934 0.0000e+00
 144.816204     29.750  34.183277     7.9551     3.2421     29.500    32.8562    25.5974 0.0000e+00
 144.816209     30.002  34.185624     7.9448     3.1744     29.749    32.8682    25.6083 0.0000e+00
 144.816215     30.260  34.191230     7.9236     3.1769     30.005    32.8940    25.6317 0.0000e+00
 144.816221     30.522  34.206930     7.8927     3.1756     30.265    32.9398    25.6721 0.0000e+00
 144.816227     30.779  34.234524     7.8605     3.1963     30.520    32.9996    25.7237 0.0000e+00
 144.816233     31.023  34.267016     7.8388     3.1958     30.762    33.0548    25.7702 0.0000e+00
 144.816238     31.247  34.294974     7.8366     3.1047     30.984    33.0867    25.7956 0.0000e+00
 144.816244     31.457  34.307961     7.8531     3.0908     31.192    33.0849    25.7917 0.0000e+00
 144.816250     31.667  34.302478     7.8707     3.0430     31.400    33.0623    25.7714 0.0000e+00
 144.816256     31.889  34.286260     7.8638     2.9884     31.620    33.0513    25.7638 0.0000e+00
 144.816262     32.134  34.280187     7.8171     2.9463     31.863    33.0890    25.8001 0.0000e+00
 144.816267     32.404  34.302981     7.7454     2.8684     32.131    33.1815    25.8831 0.0000e+00
 144.816273     32.696  34.341249     7.6812     2.8519     32.421    33.2838    25.9726 0.0000e+00
 144.816279     32.997  34.370845     7.6364     2.8503     32.719    33.3584    26.0377 0.0000e+00
 144.816285     33.297  34.389668     7.6045     2.8465     33.016    33.4092    26.0822 0.0000e+00
 144.816291     33.593  34.403111     7.5814     2.8472     33.310    33.4458    26.1142 0.0000e+00
 144.816296     33.884  34.411642     7.5660     2.8414     33.598    33.4697    26.1352 0.0000e+00
 144.816302     34.162  34.416461     7.5581     2.8383     33.874    33.4824    26.1463 0.0000e+00
 144.816308     34.422  34.419426     7.5564     2.8413     34.132    33.4871    26.1503 0.0000e+00
 144.816314     34.666  34.421601     7.5582     2.8399     34.374    33.4876    26.1504 0.0000e+00
 144.816319     34.894  34.423561     7.5598     2.8425     34.600    33.4881    26.1505 0.0000e+00
 144.816325     35.114  34.425037     7.5590     2.8282     34.818    33.4903    26.1524 0.0000e+00
 144.816331     35.330  34.425673     7.5560     2.8135     35.032    33.4938    26.1556 0.0000e+00
 144.816337     35.548  34.426062     7.5512     2.8071     35.248    33.4987    26.1602 0.0000e+00
 144.816343     35.773  34.426691     7.5444     2.7946     35.471    33.5059    26.1667 0.0000e+00
 144.816348     36.010  34.427662     7.5351     2.7866     35.706    33.5158    26.1759 0.0000e+00
 144.816354     36.267  34.428632     7.5233     2.7638     35.961    33.5281    26.1872 0.0000e+00
 144.816360     36.547  34.429644     7.5112     2.7366     36.239    33.5408    26.1989 0.0000e+00
 144.816366     36.842  34.432102     7.5010     2.7134     36.531    33.5532    26.2101 0.0000e+00
 144.816372     37.136  34.436537     7.4930     2.7175     36.823    33.5655    26.2210 0.0000e+00
 144.816377     37.418  34.442753     7.4880     2.6994     37.102    33.5770    26.2307 0.0000e+00
 144.816383     37.681  34.449569     7.4861     2.7062     37.363    33.5861    26.2381 0.0000e+00
 144.816389     37.919  34.454361     7.4857     2.7063     37.599    33.5915    26.2424 0.0000e+00
 144.816395     38.145  34.456852     7.4851     2.6830     37.823    33.5947    26.2450 0.0000e+00
 144.816400     38.371  34.458181     7.4827     2.6808     38.047    33.5984    26.2482 0.0000e+00
 144.816406     38.596  34.458500     7.4788     2.6767     38.270    33.6024    26.2519 0.0000e+00
 144.816412     38.812  34.459413     7.4763     2.6829     38.484    33.6057    26.2549 0.0000e+00
 144.816418     39.015  34.462195     7.4759     2.6853     38.686    33.6090    26.2576 0.0000e+00
 144.816424     39.203  34.465009     7.4746     2.6240     38.872    33.6132    26.2611 0.0000e+00
 144.816429     39.373  34.466622     7.4708     2.6553     39.041    33.6186    26.2658 0.0000e+00
 144.816435     39.524  34.467560     7.4675     2.6744     39.190    33.6227    26.2695 -9.990e-29
 144.816441     39.643  34.468014     7.4668     2.7000     39.308    33.6238    26.2705 -9.990e-29
 144.816447     39.722  34.468646     7.4679     2.7235     39.387    33.6234    26.2700 -9.990e-29
 144.816453     39.757  34.470356     7.4693     2.6766     39.421    33.6239    26.2702 -9.990e-29
 144.816458     39.746  34.472119     7.4703     2.6873     39.410    33.6248    26.2708 -9.990e-29
 144.816464     39.692  34.472422     7.4709     2.6831     39.357    33.6246    26.2705 -9.990e-29
 144.816470     39.605  34.471170     7.4714     2.6873     39.271    33.6228    26.2691 -9.990e-29
 144.816476     39.496  34.468993     7.4729     2.6959     39.163    33.6190    26.2659 -9.990e-29
 144.816481     39.371  34.466972     7.4753     2.6893     39.039    33.6146    26.2620 0.0000e+00
 144.816487     39.231  34.465833     7.4766     2.6933     38.900    33.6121    26.2599 0.0000e+00
 144.816493     39.072  34.465239     7.4763     2.6847     38.742    33.6119    26.2598 0.0000e+00
 144.816499     38.886  34.464459     7.4755     2.6824     38.558    33.6119    26.2599 0.0000e+00
 144.816505     38.676  34.463072     7.4739     2.6905     38.350    33.6120    26.2602 0.0000e+00
 144.816510     38.446  34.462651     7.4716     2.7112     38.122    33.6139    26.2620 0.0000e+00
 144.816516     38.197  34.464376     7.4696     2.7110     37.875    33.6179    26.2654 0.0000e+00
 144.816522     37.931  34.465563     7.4685     2.7151     37.611    33.6203    26.2675 0.0000e+00
 144.816528     37.652  34.464494     7.4690     2.7084     37.334    33.6188    26.2662 0.0000e+00
 144.816534     37.369  34.461485     7.4710     2.7185     37.054    33.6138    26.2620 0.0000e+00
 144.816539     37.084  34.456504     7.4733     2.7506     36.771    33.6063    26.2558 0.0000e+00
 144.816545     36.801  34.451937     7.4761     2.7696     36.491    33.5988    26.2494 0.0000e+00
 144.816551     36.524  34.450159     7.4808     2.7944     36.216    33.5924    26.2438 0.0000e+00
 144.816557     36.248  34.448301     7.4873     2.8020     35.942    33.5842    26.2364 0.0000e+00
 144.816563     35.972  34.443384     7.4941     2.7972     35.669    33.5725    26.2262 0.0000e+00
 144.816568     35.704  34.437319     7.4997     2.8005     35.403    33.5606    26.2161 0.0000e+00
 144.816574     35.448  34.431607     7.5038     2.8045     35.149    33.5506    26.2076 0.0000e+00
 144.816580     35.206  34.426536     7.5070     2.8059     34.909    33.5421    26.2005 0.0000e+00
 144.816586     34.976  34.423811     7.5083     2.8160     34.681    33.5380    26.1971 0.0000e+00
 144.816591     34.746  34.424341     7.5079     2.8237     34.453    33.5391    26.1980 0.0000e+00
 144.816597     34.506  34.426092     7.5095     2.8340     34.215    33.5395    26.1981 0.0000e+00
 144.816603     34.249  34.425856     7.5156     2.8632     33.960    33.5335    26.1925 0.0000e+00
 144.816609     33.973  34.423376     7.5254     2.8503     33.687    33.5215    26.1817 0.0000e+00
 144.816615     33.685  34.419328     7.5369     2.9095     33.401    33.5062    26.1680 0.0000e+00
 144.816620     33.397  34.413418     7.5484     2.9352     33.116    33.4888    26.1527 0.0000e+00
 144.816626     33.117  34.405673     7.5590     2.9327     32.838    33.4704    26.1367 0.0000e+00
 144.816632     32.851  34.396473     7.5694     2.9629     32.574    33.4505    26.1196 0.0000e+00
 144.816638     32.605  34.387624     7.5794     2.9078     32.330    33.4315    26.1032 0.0000e+00
 144.816644     32.375  34.380833     7.5878     2.9785     32.102    33.4162    26.0900 0.0000e+00
 144.816649     32.152  34.376634     7.5945     3.0284     31.881    33.4053    26.0805 0.0000e+00
 144.816655     31.921  34.375092     7.6025     3.0881     31.652    33.3960    26.0721 0.0000e+00
 144.816661     31.672  34.373649     7.6174     3.1572     31.405    33.3803    26.0576 0.0000e+00
 144.816667     31.402  34.368200     7.6421     3.1922     31.138    33.3508    26.0309 0.0000e+00
 144.816672     31.115  34.357144     7.6763     3.2552     30.853    33.3063    25.9910 0.0000e+00
 144.816678     30.822  34.340366     7.7167     3.2832     30.562    33.2498    25.9408 0.0000e+00
 144.816684     30.536  34.314611     7.7608     3.2955     30.279    33.1802    25.8798 0.0000e+00
 144.816690     30.264  34.272498     7.8056     3.2836     30.009    33.0925    25.8046 0.0000e+00
 144.816696     30.009  34.229655     7.8390     3.2676     29.756    33.0151    25.7389 0.0000e+00
 144.816701     29.764  34.213064     7.8551     3.2746     29.513    32.9822    25.7108 0.0000e+00
 144.816707     29.518  34.212436     7.8611     3.2917     29.270    32.9760    25.7050 0.0000e+00
 144.816713     29.268  34.211312     7.8648     3.3087     29.022    32.9714    25.7009 0.0000e+00
 144.816719     29.015  34.209373     7.8723     3.3324     28.771    32.9624    25.6927 0.0000e+00
 144.816725     28.761  34.204654     7.8852     3.3367     28.519    32.9453    25.6774 0.0000e+00
 144.816730     28.505  34.199329     7.8991     3.3478     28.265    32.9266    25.6607 0.0000e+00
 144.816736     28.250  34.193639     7.9105     3.3618     28.012    32.9099    25.6460 0.0000e+00
 144.816742     27.995  34.183423     7.9219     3.3836     27.759    32.8884    25.6274 0.0000e+00
 144.816748     27.738  34.169126     7.9374     3.4050     27.505    32.8586    25.6018 0.0000e+00
 144.816753     27.475  34.156398     7.9566     3.4120     27.244    32.8271    25.5743 0.0000e+00
 144.816759     27.211  34.150178     7.9769     3.4234     26.982    32.8016    25.5513 0.0000e+00
 144.816765     26.950  34.147275     7.9923     3.4433     26.723    32.7842    25.5354 0.0000e+00
 144.816771     26.693  34.141643     7.9987     3.4711     26.469    32.7723    25.5252 0.0000e+00
 144.816777     26.436  34.131997     8.0006     3.5081     26.214    32.7603    25.5155 0.0000e+00
 144.816782     26.172  34.120104     8.0049     3.5529     25.952    32.7438    25.5019 0.0000e+00
 144.816788     25.896  34.106412     8.0151     3.5781     25.678    32.7198    25.4816 0.0000e+00
 144.816794     25.608  34.089533     8.0308     3.5959     25.393    32.6873    25.4538 0.0000e+00
 144.816800     25.312  34.072229     8.0491     3.6072     25.099    32.6519    25.4234 0.0000e+00
 144.816806     25.014  34.058380     8.0676     3.6104     24.804    32.6201    25.3957 0.0000e+00
 144.816811     24.720  34.048632     8.0858     3.6178     24.512    32.5929    25.3717 0.0000e+00
 144.816817     24.439  34.041254     8.1040     3.6217     24.234    32.5683    25.3497 0.0000e+00
 144.816823     24.177  34.031514     8.1210     3.5820     23.974    32.5423    25.3269 0.0000e+00
 144.816829     23.939  34.020494     8.1322     3.6237     23.738    32.5203    25.3080 0.0000e+00
 144.816834     23.715  34.015971     8.1346     3.6415     23.516    32.5134    25.3022 0.0000e+00
 144.816840     23.486  34.015897     8.1372     3.6881     23.289    32.5110    25.2999 0.0000e+00
 144.816846     23.242  34.011831     8.1474     3.7380     23.047    32.4973    25.2877 0.0000e+00
 144.816852     22.979  34.002890     8.1647     3.7320     22.786    32.4720    25.2653 0.0000e+00
 144.816858     22.704  33.992339     8.1875     3.8039     22.513    32.4398    25.2367 0.0000e+00
 144.816863     22.423  33.979615     8.2096     3.8286     22.235    32.4061    25.2070 0.0000e+00
 144.816869     22.145  33.964621     8.2276     3.8561     21.959    32.3737    25.1790 0.0000e+00
 144.816875     21.874  33.947596     8.2514     3.8741     21.690    32.3339    25.1443 0.0000e+00
 144.816881     21.608  33.927192     8.2842     3.8691     21.427    32.2823    25.0990 0.0000e+00
 144.816887     21.350  33.909316     8.3147     3.8879     21.171    32.2356    25.0579 0.0000e+00
 144.816892     21.098  33.898767     8.3360     3.8943     20.921    32.2051    25.0308 0.0000e+00
 144.816898     20.851  33.889945     8.3489     3.9123     20.676    32.1841    25.0125 0.0000e+00
 144.816904     20.600  33.879555     8.3566     3.9215     20.427    32.1662    24.9973 0.0000e+00
 144.816910     20.339  33.873974     8.3662     3.9305     20.168    32.1517    24.9845 0.0000e+00
 144.816916     20.064  33.870859     8.3819     3.9535     19.896    32.1342    24.9685 0.0000e+00
 144.816921     19.778  33.862195     8.3992     3.9690     19.612    32.1094    24.9465 0.0000e+00
 144.816927     19.489  33.850496     8.4149     3.9975     19.325    32.0829    24.9234 0.0000e+00
 144.816933     19.201  33.839273     8.4288     4.0019     19.040    32.0586    24.9023 0.0000e+00
 144.816939     18.912  33.829309     8.4418     4.0321     18.753    32.0365    24.8830 0.0000e+00
 144.816944     18.624  33.821385     8.4586     4.0817     18.468    32.0130    24.8621 0.0000e+00
 144.816950     18.346  33.816761     8.4839     4.1459     18.192    31.9853    24.8367 0.0000e+00
 144.816956     18.081  33.813253     8.5181     4.2256     17.929    31.9508    24.8045 0.0000e+00
 144.816962     17.826  33.805126     8.5523     4.3005     17.676    31.9114    24.7686 0.0000e+00
 144.816968     17.575  33.795049     8.5871     4.3656     17.428    31.8696    24.7306 0.0000e+00
 144.816973     17.336  33.789256     8.6276     4.4253     17.191    31.8271    24.6913 0.0000e+00
 144.816979     17.114  33.788491     8.6795     4.4693     16.970    31.7797    24.6464 0.0000e+00
 144.816985     16.904  33.792359     8.7489     4.5321     16.762    31.7216    24.5905 0.0000e+00
 144.816991     16.692  33.797117     8.8109     4.6218     16.552    31.6712    24.5417 0.0000e+00
 144.816997     16.465  33.796290     8.8556     4.7276     16.327    31.6306    24.5031 0.0000e+00
