data/oxygen options/OCNMS/OCNMS1/raw_data/2022/CAST_CA015_220922faed.cnv
* Sea-Bird SBE 19 Data File:
* FileName = C:\2022 Mooring Data\Casts\CAST_CA015_220922.hex
* Software Version SeatermAF 2.1.2
* Temperature SN = 2997
* Conductivity SN = 2997
* System UpLoad Time = Sep 22 2022 20:52:28 (localtime) = Sep 22 2022 20:52:28 (UTC)
** CAST_CA015_220922
* ds
# nquan = 9                                 
# nvalues = 905                         
# units = specified
# name 0 = timeJ: Julian Days
# name 1 = prSM: Pressure, Strain Gauge [db]
# name 2 = c0mS/cm: Conductivity [mS/cm]
# name 3 = t090C: Temperature [ITS-90, deg C]
# name 4 = sbeox0ML/L: Oxygen, SBE 43 [ml/l]
# name 5 = depSM: Depth [salt water, m], lat = 47.5
# name 6 = sal00: Salinity, Practical [PSU]
# name 7 = sigma-é00: Density [sigma-theta, kg/m^3]
# name 8 = flag: flag
# span 0 = 265.845451, 265.850683       
# span 1 =     -6.197,     14.723       
# span 2 =   0.420830,  37.758581       
# span 3 =    11.0584,    14.4723       
# span 4 =    -1.9226,    14.4405       
# span 5 =     -6.145,     14.600       
# span 6 =     0.2572,    33.3747       
# span 7 =    -0.6073,    25.4415       
# span 8 = 0.0000e+00, 0.0000e+00       
# interval = seconds: 0.5
# start_time = Sep 22 2022 20:17:27 [Instrument's time stamp, header]
# bad_flag = -9.990e-29
*END*
[from data line 641]
 265.849161      0.244  37.131597    11.3192     6.1368      0.242    32.8124    25.0154 -9.990e-29
 265.849167      0.246  37.132441    11.3198     6.1491      0.244    32.8127    25.0155 -9.990e-29
 265.849172      0.248  37.134212    11.3204     6.1398      0.246    32.8139    25.0163 -9.990e-29
 265.849178      0.250  37.134782    11.3204     6.1383      0.248    32.8144    25.0168 -9.990e-29
 265.849184      0.253  37.134344    11.3199     6.1388      0.251    32.8144    25.0169 -9.990e-29
 265.849190      0.257  37.133986    11.3195     6.1234      0.255    32.8145    25.0169 -9.990e-29
 265.849196      0.262  37.134345    11.3192     6.0913      0.260    32.8151    25.0175 -9.990e-29
 265.849201      0.269  37.134773    11.3188     6.1235      0.267    32.8158    25.0181 -9.990e-29
 265.849207      0.278  37.134711    11.3182     6.1191      0.276    32.8163    25.0186 -9.990e-29
 265.849213      0.285  37.134632    11.3181     6.1237      0.283    32.8163    25.0186 -9.990e-29
 265.849219      0.286  37.134982    11.3186     6.1359      0.284    32.8162    25.0185 -9.990e-29
 265.849225      0.286  37.135661    11.3190     6.0645      0.284    32.8165    25.0186 -9.990e-29
 265.849230      0.288  37.135884    11.3190     6.1091      0.286    32.8167    25.0188 -9.990e-29
 265.849236      0.294  37.135383    11.3187     6.1225      0.292    32.8165    25.0187 -9.990e-29
 265.849242      0.304  37.135163    11.3185     6.1255      0.301    32.8165    25.0187 -9.990e-29
 265.849248      0.313  37.135482    11.3189     6.1386      0.310    32.8164    25.0186 -9.990e-29
 265.849253      0.315  37.135638    11.3198     6.1300      0.312    32.8158    25.0179 -9.990e-29
 265.849259      0.308  37.135273    11.3200     6.1349      0.305    32.8152    25.0175 -9.990e-29
 265.849265      0.301  37.134452    11.3195     6.1309      0.298    32.8149    25.0173 -9.990e-29
 265.849271      0.298  37.133194    11.3188     6.1331      0.296    32.8143    25.0169 -9.990e-29
 265.849277      0.295  37.131497    11.3181     6.1140      0.293    32.8132    25.0162 -9.990e-29
 265.849282      0.286  37.130454    11.3173     6.1054      0.284    32.8129    25.0161 -9.990e-29
 265.849288      0.277  37.130347    11.3158     6.1125      0.275    32.8142    25.0174 -9.990e-29
 265.849294      0.270  37.129343    11.3135     6.1001      0.268    32.8152    25.0186 -9.990e-29
 265.849300      0.264  37.127780    11.3118     6.0982      0.262    32.8152    25.0189 -9.990e-29
 265.849306      0.261  37.127486    11.3111     6.1188      0.259    32.8155    25.0193 -9.990e-29
 265.849311      0.259  37.128063    11.3113     6.1238      0.257    32.8159    25.0196 -9.990e-29
 265.849317      0.258  37.128592    11.3119     6.1319      0.256    32.8159    25.0194 -9.990e-29
 265.849323      0.258  37.128651    11.3124     6.1447      0.256    32.8155    25.0190 -9.990e-29
 265.849329      0.259  37.128310    11.3126     6.1242      0.257    32.8150    25.0186 -9.990e-29
 265.849334      0.262  37.128228    11.3124     6.1278      0.260    32.8151    25.0187 -9.990e-29
 265.849340      0.266  37.128290    11.3120     6.1330      0.264    32.8155    25.0191 -9.990e-29
 265.849346      0.272  37.128012    11.3115     6.1241      0.270    32.8157    25.0193 -9.990e-29
 265.849352      0.281  37.127575    11.3112     6.1276      0.279    32.8155    25.0193 -9.990e-29
 265.849358      0.287  37.127511    11.3116     6.1226      0.285    32.8151    25.0189 -9.990e-29
 265.849363      0.288  37.128286    11.3119     6.1141      0.286    32.8156    25.0192 -9.990e-29
 265.849369      0.288  37.129246    11.3117     6.1295      0.286    32.8167    25.0201 -9.990e-29
 265.849375      0.291  37.129421    11.3111     6.1327      0.289    32.8174    25.0208 -9.990e-29
 265.849381      0.297  37.129038    11.3108     6.1135      0.295    32.8173    25.0207 -9.990e-29
 265.849387      0.303  37.128700    11.3111     6.1300      0.300    32.8167    25.0202 -9.990e-29
 265.849392      0.304  37.129068    11.3122     6.1284      0.301    32.8161    25.0195 -9.990e-29
 265.849398      0.306  37.130065    11.3133     6.1333      0.303    32.8161    25.0193 -9.990e-29
 265.849404      0.311  37.130772    11.3138     6.1378      0.308    32.8163    25.0194 -9.990e-29
 265.849410      0.317  37.131005    11.3138     6.0787      0.314    32.8166    25.0196 -9.990e-29
 265.849416      0.319  37.131070    11.3140     6.1174      0.316    32.8165    25.0195 -9.990e-29
 265.849421      0.317  37.131044    11.3145     6.1223      0.314    32.8160    25.0190 -9.990e-29
 265.849427      0.312  37.130884    11.3144     6.1254      0.309    32.8159    25.0190 -9.990e-29
 265.849433      0.308  37.130370    11.3134     6.1353      0.305    32.8163    25.0195 -9.990e-29
 265.849439      0.308  37.129371    11.3124     6.1067      0.305    32.8162    25.0196 -9.990e-29
 265.849444      0.312  37.128230    11.3121     6.1031      0.309    32.8154    25.0190 -9.990e-29
 265.849450      0.321  37.127658    11.3126     6.1049      0.318    32.8143    25.0181 -9.990e-29
 265.849456      0.330  37.128007    11.3129     6.0930      0.327    32.8144    25.0181 -9.990e-29
 265.849462      0.333  37.128614    11.3118     6.1019      0.330    32.8160    25.0195 -9.990e-29
 265.849468      0.329  37.128040    11.3090     6.1136      0.326    32.8179    25.0215 -9.990e-29
 265.849473      0.326  37.125511    11.3052     6.1111      0.323    32.8188    25.0229 -9.990e-29
 265.849479      0.329  37.122691    11.3023     6.1219      0.326    32.8186    25.0233 -9.990e-29
 265.849485      0.337  37.121416    11.3011     6.1118      0.334    32.8184    25.0233 -9.990e-29
 265.849491      0.343  37.121100    11.3005     6.1156      0.340    32.8186    25.0236 -9.990e-29
 265.849497      0.339  37.120752    11.2996     6.1186      0.336    32.8191    25.0241 -9.990e-29
 265.849502      0.332  37.119903    11.2981     6.1102      0.329    32.8196    25.0248 -9.990e-29
 265.849508      0.332  37.117973    11.2956     6.1100      0.329    32.8199    25.0255 -9.990e-29
 265.849514      0.333  37.115743    11.2934     6.0926      0.330    32.8197    25.0257 -9.990e-29
 265.849520      0.331  37.115276    11.2932     6.0985      0.328    32.8194    25.0255 -9.990e-29
 265.849525      0.331  37.116503    11.2941     6.0959      0.328    32.8198    25.0257 -9.990e-29
 265.849531      0.336  37.117130    11.2941     6.0974      0.333    32.8204    25.0262 -9.990e-29
 265.849537      0.344  37.115746    11.2926     6.1096      0.341    32.8204    25.0264 -9.990e-29
 265.849543      0.345  37.113858    11.2914     6.1029      0.342    32.8196    25.0260 -9.990e-29
 265.849549      0.340  37.113984    11.2915     6.1120      0.337    32.8197    25.0260 -9.990e-29
 265.849554      0.338  37.115165    11.2921     6.0983      0.335    32.8203    25.0264 -9.990e-29
 265.849560      0.337  37.115047    11.2927     6.1003      0.334    32.8196    25.0258 -9.990e-29
 265.849566      0.335  37.113465    11.2928     6.0965      0.332    32.8180    25.0245 -9.990e-29
 265.849572      0.334  37.111105    11.2921     6.0877      0.331    32.8163    25.0233 -9.990e-29
 265.849578      0.334  37.109296    11.2921     6.0909      0.331    32.8145    25.0219 -9.990e-29
 265.849583      0.333  37.109540    11.2926     6.0891      0.330    32.8143    25.0217 -9.990e-29
 265.849589      0.328  37.110473    11.2916     6.1081      0.325    32.8161    25.0233 -9.990e-29
 265.849595      0.321  37.109410    11.2888     6.0649      0.318    32.8176    25.0249 -9.990e-29
 265.849601      0.315  37.107167    11.2860     6.0893      0.312    32.8179    25.0256 -9.990e-29
 265.849606      0.314  37.105790    11.2840     6.1157      0.311    32.8183    25.0263 -9.990e-29
 265.849612      0.313  37.105119    11.2829     6.1185      0.310    32.8186    25.0268 -9.990e-29
 265.849618      0.308  37.104810    11.2825     6.1454      0.305    32.8187    25.0269 -9.990e-29
 265.849624      0.303  37.105005    11.2826     6.0845      0.300    32.8188    25.0269 -9.990e-29
 265.849630      0.302  37.105396    11.2830     6.1091      0.299    32.8188    25.0269 -9.990e-29
 265.849635      0.306  37.105936    11.2836     6.1118      0.303    32.8188    25.0268 -9.990e-29
 265.849641      0.313  37.106778    11.2842     6.0999      0.310    32.8191    25.0269 -9.990e-29
 265.849647      0.326  37.107357    11.2845     6.1201      0.323    32.8194    25.0271 -9.990e-29
 265.849653      0.344  37.107321    11.2840     6.0985      0.341    32.8198    25.0275 -9.990e-29
 265.849659      0.364  37.106612    11.2830     6.1173      0.361    32.8200    25.0278 -9.990e-29
 265.849664      0.384  37.105393    11.2826     6.1241      0.381    32.8191    25.0272 -9.990e-29
 265.849670      0.404  37.104830    11.2835     6.1121      0.401    32.8177    25.0260 -9.990e-29
 265.849676      0.422  37.105843    11.2850     6.1106      0.418    32.8174    25.0254 -9.990e-29
 265.849682      0.435  37.107532    11.2858     6.1040      0.431    32.8183    25.0260 -9.990e-29
 265.849688      0.447  37.108215    11.2857     6.1131      0.443    32.8191    25.0266 -9.990e-29
 265.849693      0.468  37.107675    11.2853     6.1040      0.464    32.8189    25.0266 -9.990e-29
 265.849699      0.500  37.106305    11.2851     6.1013      0.496    32.8177    25.0257 -9.990e-29
 265.849705      0.535  37.105628    11.2850     6.1002      0.531    32.8171    25.0252 -9.990e-29
 265.849711      0.572  37.106975    11.2850     6.0942      0.567    32.8184    25.0263 -9.990e-29
 265.849716      0.617  37.108208    11.2850     6.1071      0.612    32.8196    25.0272 -9.990e-29
 265.849722      0.677  37.108159    11.2849     6.1023      0.671    32.8197    25.0272 -9.990e-29
 265.849728      0.753  37.107874    11.2846     6.1028      0.747    32.8196    25.0272 -9.990e-29
 265.849734      0.844  37.107525    11.2841     6.0975      0.837    32.8197    25.0274 -9.990e-29
 265.849740      0.956  37.107195    11.2834     6.0946      0.948    32.8199    25.0277 -9.990e-29
 265.849745      1.093  37.106998    11.2822     6.0907      1.084    32.8207    25.0286 0.0000e+00
 265.849751      1.249  37.106098    11.2801     6.0836      1.239    32.8217    25.0297 0.0000e+00
 265.849757      1.423  37.103286    11.2765     6.0785      1.411    32.8220    25.0306 0.0000e+00
 265.849763      1.616  37.099286    11.2718     6.0715      1.603    32.8222    25.0316 0.0000e+00
 265.849769      1.829  37.095476    11.2668     6.0891      1.814    32.8228    25.0329 0.0000e+00
 265.849774      2.057  37.091811    11.2625     6.0904      2.040    32.8229    25.0338 0.0000e+00
 265.849780      2.298  37.088996    11.2597     6.0515      2.279    32.8225    25.0340 0.0000e+00
 265.849786      2.550  37.087748    11.2584     6.0779      2.529    32.8224    25.0341 0.0000e+00
 265.849792      2.812  37.088070    11.2586     6.0954      2.789    32.8224    25.0341 0.0000e+00
 265.849797      3.079  37.089261    11.2594     6.0982      3.053    32.8227    25.0343 0.0000e+00
 265.849803      3.343  37.090095    11.2600     6.1131      3.315    32.8229    25.0343 0.0000e+00
 265.849809      3.603  37.090553    11.2603     6.0318      3.573    32.8230    25.0343 0.0000e+00
 265.849815      3.863  37.090673    11.2602     6.0498      3.831    32.8231    25.0344 0.0000e+00
 265.849821      4.122  37.090605    11.2599     6.0486      4.088    32.8232    25.0345 0.0000e+00
 265.849826      4.385  37.090808    11.2595     6.0352      4.348    32.8236    25.0349 0.0000e+00
 265.849832      4.654  37.090983    11.2582     6.0446      4.615    32.8248    25.0361 0.0000e+00
 265.849838      4.926  37.090793    11.2561     6.0092      4.885    32.8264    25.0377 0.0000e+00
 265.849844      5.192  37.090533    11.2539     6.0081      5.149    32.8280    25.0394 0.0000e+00
 265.849850      5.453  37.090965    11.2525     5.9970      5.407    32.8296    25.0408 0.0000e+00
 265.849855      5.711  37.092094    11.2518     5.9924      5.663    32.8312    25.0422 0.0000e+00
 265.849861      5.966  37.093175    11.2506     5.9785      5.916    32.8332    25.0440 0.0000e+00
 265.849867      6.221  37.093956    11.2495     5.9807      6.169    32.8348    25.0455 0.0000e+00
 265.849873      6.480  37.094905    11.2498     5.9917      6.426    32.8354    25.0459 0.0000e+00
 265.849878      6.743  37.096718    11.2511     5.9850      6.687    32.8359    25.0461 0.0000e+00
 265.849884      7.004  37.099559    11.2520     5.9632      6.945    32.8378    25.0474 0.0000e+00
 265.849890      7.258  37.101603    11.2521     5.9027      7.197    32.8396    25.0488 0.0000e+00
 265.849896      7.506  37.101641    11.2524     5.8579      7.443    32.8393    25.0485 0.0000e+00
 265.849902      7.749  37.103076    11.2539     5.8111      7.684    32.8393    25.0482 0.0000e+00
 265.849907      7.994  37.107811    11.2571     5.8016      7.927    32.8410    25.0489 0.0000e+00
 265.849913      8.245  37.116545    11.2631     5.7777      8.176    32.8441    25.0503 0.0000e+00
 265.849919      8.500  37.135308    11.2721     5.7455      8.429    32.8545    25.0568 0.0000e+00
 265.849925      8.759  37.158846    11.2812     5.6631      8.686    32.8694    25.0668 0.0000e+00
 265.849931      9.019  37.171464    11.2878     5.5866      8.944    32.8758    25.0706 0.0000e+00
 265.849936      9.282  37.175965    11.2931     5.4920      9.204    32.8754    25.0693 0.0000e+00
 265.849942      9.551  37.185627    11.3013     5.4168      9.471    32.8775    25.0695 0.0000e+00
 265.849948      9.830  37.212202    11.3151     5.3617      9.748    32.8912    25.0776 0.0000e+00
 265.849954     10.119  37.250207    11.3314     5.3242     10.034    32.9139    25.0924 0.0000e+00
 265.849959     10.417  37.275213    11.3442     5.3189     10.330    32.9270    25.1002 0.0000e+00
 265.849965     10.715  37.284686    11.3494     5.2817     10.625    32.9315    25.1028 0.0000e+00
 265.849971     11.012  37.287888    11.3472     5.3188     10.920    32.9365    25.1071 0.0000e+00
 265.849977     11.309  37.286280    11.3413     5.3275     11.214    32.9401    25.1109 0.0000e+00
 265.849983     11.604  37.280508    11.3313     5.3494     11.507    32.9432    25.1152 0.0000e+00
 265.849988     11.895  37.261182    11.3109     5.3582     11.795    32.9423    25.1181 0.0000e+00
 265.849994     12.182  37.225496    11.2796     5.3081     12.080    32.9350    25.1181 0.0000e+00
 265.850000     12.462  37.191423    11.2482     5.3365     12.358    32.9294    25.1194 0.0000e+00
 265.850006     12.732  37.168998    11.2246     5.3446     12.625    32.9283    25.1228 0.0000e+00
 265.850012     12.992  37.154080    11.2066     5.3491     12.883    32.9295    25.1270 0.0000e+00
 265.850017     13.242  37.143573    11.1910     5.3523     13.131    32.9330    25.1325 0.0000e+00
 265.850023     13.484  37.135222    11.1762     5.3237     13.371    32.9379    25.1390 0.0000e+00
 265.850029     13.721  37.125162    11.1588     5.3194     13.606    32.9434    25.1464 0.0000e+00
 265.850035     13.946  37.110055    11.1361     5.3035     13.829    32.9488    25.1546 0.0000e+00
 265.850041     14.153  37.091040    11.1099     5.3179     14.034    32.9534    25.1628 0.0000e+00
 265.850046     14.338  37.068526    11.0874     5.3219     14.218    32.9512    25.1652 0.0000e+00
 265.850052     14.494  37.044421    11.0724     5.3493     14.373    32.9407    25.1597 -9.990e-29
 265.850058     14.616  37.022994    11.0630     5.3750     14.494    32.9279    25.1514 -9.990e-29
 265.850064     14.693  37.006483    11.0584     5.3953     14.570    32.9156    25.1427 -9.990e-29
 265.850069     14.723  37.003678    11.0608     5.4210     14.600    32.9107    25.1384 -9.990e-29
 265.850075     14.707  37.015873    11.0731     5.4424     14.584    32.9117    25.1370 -9.990e-29
