data/oxygen options/OCNMS/OCNMS1/raw_data/2022/CAST_MB042_220824faed.cnv
* Sea-Bird SBE 19 Data File:
* FileName = C:\2022 Mooring Data\Casts\CAST_MB042_220824.hex
* Software Version SeatermAF 2.1.2
* Temperature SN = 2997
* Conductivity SN = 2997
* System UpLoad Time = Aug 24 2022 18:22:12 (localtime) = Aug 24 2022 18:22:12 (UTC)
** CAST_MB042_220824
* ds
# nquan = 9                                 
# nvalues = 1124                        
# units = specified
# name 0 = timeJ: Julian Days
# name 1 = prSM: Pressure, Strain Gauge [db]
# name 2 = c0mS/cm: Conductivity [mS/cm]
# name 3 = t090C: Temperature [ITS-90, deg C]
# name 4 = sbeox0ML/L: Oxygen, SBE 43 [ml/l]
# name 5 = depSM: Depth [salt water, m], lat = 47.5
# name 6 = sal00: Salinity, Practical [PSU]
# name 7 = sigma-é00: Density [sigma-theta, kg/m^3]
# name 8 = flag: flag
# span 0 = 236.755567, 236.762066       
# span 1 =     -5.845,     42.825       
# span 2 =   0.006687,  37.940520       
# span 3 =     7.4483,    17.8711       
# span 4 =    -1.8193,    14.8100       
# span 5 =     -5.796,     42.463       
# span 6 =     0.0106,    33.8289       
# span 7 =    -1.3711,    26.4339       
# span 8 = 0.0000e+00, 0.0000e+00       
# interval = seconds: 0.5
# start_time = Aug 24 2022 18:08:01 [Instrument's time stamp, header]
# bad_flag = -9.990e-29
*END*
[from data line 641]
 236.759277      0.404  37.020687    12.2038     6.4206      0.401    31.9337    24.1707 -9.990e-29
 236.759282      0.415  37.004231    12.1809     6.4367      0.412    31.9375    24.1779 -9.990e-29
 236.759288      0.419  36.968612    12.1323     6.3693      0.416    31.9448    24.1926 -9.990e-29
 236.759294      0.423  36.935622    12.0860     6.3586      0.419    31.9526    24.2074 -9.990e-29
 236.759300      0.430  36.929994    12.0684     6.3247      0.426    31.9623    24.2181 -9.990e-29
 236.759306      0.436  36.938461    12.0750     6.2997      0.432    31.9648    24.2188 -9.990e-29
 236.759311      0.437  36.954794    12.0888     6.3043      0.433    31.9687    24.2193 -9.990e-29
 236.759317      0.434  36.975416    12.0959     6.2570      0.430    31.9825    24.2286 -9.990e-29
 236.759323      0.431  36.977839    12.0781     6.3032      0.427    32.0000    24.2456 -9.990e-29
 236.759329      0.436  36.937147    12.0241     6.3192      0.432    32.0071    24.2611 -9.990e-29
 236.759334      0.448  36.862770    11.9641     6.3325      0.444    31.9869    24.2565 -9.990e-29
 236.759340      0.461  36.812738    11.9482     6.3514      0.457    31.9522    24.2326 -9.990e-29
 236.759346      0.472  36.817051    11.9809     6.3371      0.468    31.9284    24.2080 -9.990e-29
 236.759352      0.480  36.859456    12.0213     6.3369      0.476    31.9347    24.2054 -9.990e-29
 236.759358      0.486  36.898903    12.0389     6.3356      0.482    31.9576    24.2199 -9.990e-29
 236.759363      0.491  36.902731    12.0313     6.3179      0.487    31.9678    24.2293 -9.990e-29
 236.759369      0.494  36.863023    12.0036     6.2979      0.490    31.9532    24.2231 -9.990e-29
 236.759375      0.497  36.805084    11.9652     6.2863      0.493    31.9303    24.2124 -9.990e-29
 236.759381      0.499  36.795983    11.9339     6.2704      0.495    31.9483    24.2322 -9.990e-29
 236.759387      0.500  36.845266    11.9194     6.2526      0.496    32.0084    24.2814 -9.990e-29
 236.759392      0.501  36.881849    11.9156     6.2501      0.497    32.0470    24.3121 -9.990e-29
 236.759398      0.502  36.874278    11.9116     6.2515      0.498    32.0431    24.3098 -9.990e-29
 236.759404      0.502  36.841425    11.8965     6.2487      0.498    32.0243    24.2981 -9.990e-29
 236.759410      0.502  36.801491    11.8689     6.2686      0.498    32.0094    24.2916 -9.990e-29
 236.759416      0.502  36.778358    11.8378     6.2818      0.498    32.0138    24.3007 -9.990e-29
 236.759421      0.501  36.780788    11.8079     6.2473      0.497    32.0419    24.3280 -9.990e-29
 236.759427      0.500  36.789467    11.7891     6.2467      0.496    32.0665    24.3506 -9.990e-29
 236.759433      0.499  36.790610    11.7905     6.2502      0.495    32.0664    24.3502 -9.990e-29
 236.759439      0.496  36.796786    11.8057     6.2727      0.492    32.0593    24.3419 -9.990e-29
 236.759444      0.493  36.807673    11.8231     6.3153      0.489    32.0549    24.3353 -9.990e-29
 236.759450      0.489  36.809637    11.8332     6.3469      0.485    32.0481    24.3281 -9.990e-29
 236.759456      0.484  36.807949    11.8358     6.3649      0.480    32.0442    24.3246 -9.990e-29
 236.759462      0.477  36.805250    11.8338     6.3692      0.473    32.0433    24.3243 -9.990e-29
 236.759468      0.473  36.798352    11.8385     6.3776      0.469    32.0326    24.3151 -9.990e-29
 236.759473      0.475  36.805349    11.8636     6.3244      0.471    32.0178    24.2990 -9.990e-29
 236.759479      0.479  36.836537    11.8924     6.3646      0.475    32.0231    24.2979 -9.990e-29
 236.759485      0.481  36.861665    11.9036     6.3882      0.477    32.0378    24.3072 -9.990e-29
 236.759491      0.482  36.869853    11.9052     6.3896      0.478    32.0443    24.3120 -9.990e-29
 236.759497      0.481  36.878594    11.9163     6.4005      0.477    32.0432    24.3091 -9.990e-29
 236.759502      0.478  36.894912    11.9414     6.3428      0.474    32.0374    24.2999 -9.990e-29
 236.759508      0.473  36.914089    11.9694     6.3725      0.469    32.0319    24.2904 -9.990e-29
 236.759514      0.470  36.927384    11.9918     6.3944      0.466    32.0254    24.2813 -9.990e-29
 236.759520      0.474  36.933337    12.0063     6.4018      0.470    32.0187    24.2734 -9.990e-29
 236.759525      0.479  36.932459    12.0104     6.4039      0.475    32.0144    24.2693 -9.990e-29
 236.759531      0.483  36.921754    12.0056     6.3699      0.479    32.0082    24.2653 -9.990e-29
 236.759537      0.485  36.910319    11.9990     6.3560      0.481    32.0028    24.2624 -9.990e-29
 236.759543      0.485  36.911319    11.9950     6.3265      0.481    32.0072    24.2666 -9.990e-29
 236.759549      0.485  36.916412    11.9930     6.3206      0.481    32.0138    24.2721 -9.990e-29
 236.759554      0.482  36.917676    11.9870     6.3332      0.478    32.0202    24.2781 -9.990e-29
 236.759560      0.478  36.908242    11.9662     6.3298      0.474    32.0290    24.2888 -9.990e-29
 236.759566      0.476  36.880420    11.9352     6.3339      0.472    32.0287    24.2943 -9.990e-29
 236.759572      0.481  36.850727    11.9122     6.3303      0.477    32.0198    24.2917 -9.990e-29
 236.759578      0.488  36.833742    11.9020     6.3055      0.484    32.0122    24.2876 -9.990e-29
 236.759583      0.490  36.828500    11.8978     6.2813      0.486    32.0107    24.2873 -9.990e-29
 236.759589      0.482  36.831218    11.8950     6.2956      0.478    32.0158    24.2917 -9.990e-29
 236.759595      0.469  36.834166    11.8880     6.3200      0.465    32.0246    24.2999 -9.990e-29
 236.759601      0.457  36.831042    11.8655     6.3696      0.453    32.0410    24.3167 -9.990e-29
 236.759606      0.454  36.815290    11.8323     6.3889      0.450    32.0543    24.3332 -9.990e-29
 236.759612      0.461  36.801600    11.8132     6.3982      0.457    32.0575    24.3391 -9.990e-29
 236.759618      0.470  36.809087    11.8193     6.3976      0.466    32.0595    24.3396 -9.990e-29
 236.759624      0.476  36.822372    11.8472     6.4006      0.472    32.0483    24.3258 -9.990e-29
 236.759630      0.480  36.837728    11.8881     6.3917      0.476    32.0280    24.3024 -9.990e-29
 236.759635      0.482  36.870442    11.9305     6.3792      0.478    32.0231    24.2909 -9.990e-29
 236.759641      0.482  36.932063    11.9739     6.3915      0.478    32.0453    24.3001 -9.990e-29
 236.759647      0.485  36.988675    12.0012     6.3976      0.481    32.0765    24.3192 -9.990e-29
 236.759653      0.495  36.972238    11.9957     6.4043      0.491    32.0653    24.3116 -9.990e-29
 236.759659      0.508  36.908860    11.9864     6.3805      0.504    32.0122    24.2720 -9.990e-29
 236.759664      0.518  36.881355    11.9976     6.3981      0.514    31.9761    24.2419 -9.990e-29
 236.759670      0.519  36.901616    12.0191     6.3894      0.515    31.9772    24.2388 -9.990e-29
 236.759676      0.516  36.929855    12.0353     6.4019      0.512    31.9905    24.2461 -9.990e-29
 236.759682      0.515  36.945890    12.0402     6.4061      0.511    32.0017    24.2539 -9.990e-29
 236.759688      0.513  36.957512    12.0373     6.3362      0.509    32.0154    24.2651 -9.990e-29
 236.759693      0.512  36.973347    12.0334     6.3661      0.508    32.0340    24.2803 -9.990e-29
 236.759699      0.511  36.989714    12.0343     6.3416      0.507    32.0490    24.2917 -9.990e-29
 236.759705      0.511  36.996360    12.0387     6.3217      0.507    32.0516    24.2929 -9.990e-29
 236.759711      0.510  36.994150    12.0428     6.3190      0.506    32.0460    24.2878 -9.990e-29
 236.759716      0.510  36.991190    12.0425     6.2804      0.506    32.0434    24.2858 -9.990e-29
 236.759722      0.510  36.986182    12.0296     6.2741      0.506    32.0496    24.2931 -9.990e-29
 236.759728      0.510  36.969495    11.9991     6.2943      0.506    32.0598    24.3066 -9.990e-29
 236.759734      0.510  36.933293    11.9573     6.3012      0.506    32.0608    24.3151 -9.990e-29
 236.759740      0.510  36.881802    11.9151     6.3066      0.506    32.0474    24.3125 -9.990e-29
 236.759745      0.510  36.833584    11.8867     6.3079      0.506    32.0252    24.3005 -9.990e-29
 236.759751      0.511  36.807083    11.8800     6.2804      0.507    32.0053    24.2863 -9.990e-29
 236.759757      0.511  36.807129    11.8864     6.2720      0.507    31.9999    24.2809 -9.990e-29
 236.759763      0.512  36.826190    11.8933     6.2940      0.508    32.0123    24.2893 -9.990e-29
 236.759769      0.513  36.850385    11.8941     6.3040      0.509    32.0351    24.3068 -9.990e-29
 236.759774      0.515  36.861795    11.8866     6.3309      0.511    32.0525    24.3218 -9.990e-29
 236.759780      0.517  36.853020    11.8762     6.3463      0.513    32.0530    24.3241 -9.990e-29
 236.759786      0.519  36.842801    11.8773     6.3429      0.515    32.0422    24.3154 -9.990e-29
 236.759792      0.522  36.847609    11.8940     6.3483      0.518    32.0324    24.3048 -9.990e-29
 236.759797      0.526  36.857461    11.9121     6.3410      0.522    32.0264    24.2968 -9.990e-29
 236.759803      0.531  36.865180    11.9206     6.3268      0.527    32.0265    24.2953 -9.990e-29
 236.759809      0.538  36.870274    11.9225     6.3297      0.534    32.0298    24.2975 -9.990e-29
 236.759815      0.542  36.869310    11.9250     6.3310      0.537    32.0268    24.2947 -9.990e-29
 236.759821      0.540  36.869817    11.9325     6.3272      0.535    32.0208    24.2887 -9.990e-29
 236.759826      0.536  36.872321    11.9398     6.3284      0.532    32.0169    24.2843 -9.990e-29
 236.759832      0.534  36.866011    11.9369     6.3168      0.530    32.0133    24.2821 -9.990e-29
 236.759838      0.533  36.855211    11.9243     6.3038      0.529    32.0137    24.2847 -9.990e-29
 236.759844      0.534  36.851140    11.9118     6.2828      0.530    32.0205    24.2923 -9.990e-29
 236.759850      0.536  36.852704    11.9068     6.2861      0.532    32.0264    24.2977 -9.990e-29
 236.759855      0.541  36.854554    11.9081     6.2791      0.536    32.0270    24.2980 -9.990e-29
 236.759861      0.547  36.853967    11.9076     6.2929      0.542    32.0269    24.2980 -9.990e-29
 236.759867      0.556  36.850010    11.9005     6.3006      0.551    32.0292    24.3011 -9.990e-29
 236.759873      0.567  36.841744    11.8911     6.2439      0.562    32.0293    24.3029 -9.990e-29
 236.759878      0.583  36.830881    11.8852     6.2878      0.578    32.0238    24.2997 -9.990e-29
 236.759884      0.603  36.822953    11.8824     6.3078      0.598    32.0186    24.2962 -9.990e-29
 236.759890      0.630  36.821803    11.8801     6.3324      0.625    32.0194    24.2973 -9.990e-29
 236.759896      0.659  36.827429    11.8798     6.3565      0.653    32.0251    24.3017 -9.990e-29
 236.759902      0.690  36.834302    11.8840     6.3292      0.684    32.0281    24.3033 -9.990e-29
 236.759907      0.724  36.839114    11.8914     6.3315      0.718    32.0264    24.3006 -9.990e-29
 236.759913      0.759  36.841973    11.8992     6.3500      0.753    32.0224    24.2961 -9.990e-29
 236.759919      0.797  36.843742    11.9069     6.3673      0.790    32.0175    24.2909 -9.990e-29
 236.759925      0.849  36.850555    11.9164     6.3318      0.842    32.0159    24.2879 -9.990e-29
 236.759931      0.923  36.863510    11.9222     6.2293      0.915    32.0234    24.2926 -9.990e-29
 236.759936      1.023  36.873965    11.9150     6.0639      1.014    32.0397    24.3066 -9.990e-29
 236.759942      1.151  36.872750    11.8969     5.8586      1.141    32.0540    24.3210 0.0000e+00
 236.759948      1.303  36.855859    11.8728     5.6465      1.292    32.0584    24.3289 0.0000e+00
 236.759954      1.476  36.826946    11.8395     5.4398      1.464    32.0590    24.3355 0.0000e+00
 236.759959      1.667  36.787078    11.7776     5.2834      1.653    32.0737    24.3582 0.0000e+00
 236.759965      1.872  36.727759    11.6444     5.1463      1.856    32.1312    24.4272 0.0000e+00
 236.759971      2.091  36.619595    11.4326     5.0077      2.074    32.2096    24.5265 0.0000e+00
 236.759977      2.326  36.464411    11.2199     4.8989      2.307    32.2431    24.5906 0.0000e+00
 236.759983      2.573  36.337987    11.0788     4.7733      2.552    32.2421    24.6148 0.0000e+00
 236.759988      2.827  36.278810    10.9957     4.6850      2.803    32.2565    24.6407 0.0000e+00
 236.759994      3.084  36.248678    10.9156     4.6499      3.058    32.2971    24.6863 0.0000e+00
 236.760000      3.341  36.205565    10.8013     4.5968      3.313    32.3551    24.7514 0.0000e+00
 236.760006      3.599  36.132163    10.6632     4.5385      3.569    32.4043    24.8136 0.0000e+00
 236.760012      3.861  36.048069    10.5362     4.4868      3.829    32.4331    24.8578 0.0000e+00
 236.760017      4.131  35.979336    10.4334     4.4043      4.096    32.4558    24.8931 0.0000e+00
 236.760023      4.409  35.923762    10.3563     4.3260      4.372    32.4687    24.9163 0.0000e+00
 236.760029      4.691  35.871491    10.3061     4.2565      4.652    32.4609    24.9187 0.0000e+00
 236.760035      4.969  35.826036    10.2604     4.1981      4.927    32.4559    24.9225 0.0000e+00
 236.760041      5.240  35.796084    10.1892     4.1873      5.196    32.4894    24.9606 0.0000e+00
 236.760046      5.503  35.768991    10.1019     4.1863      5.457    32.5403    25.0149 0.0000e+00
 236.760052      5.759  35.719126    10.0305     4.1707      5.711    32.5540    25.0375 0.0000e+00
 236.760058      6.007  35.657135     9.9777     4.1110      5.957    32.5386    25.0343 0.0000e+00
 236.760064      6.245  35.621175     9.9257     4.0949      6.193    32.5489    25.0509 0.0000e+00
 236.760069      6.475  35.610751     9.8773     4.0630      6.421    32.5819    25.0847 0.0000e+00
 236.760075      6.704  35.603413     9.8372     4.0409      6.648    32.6106    25.1137 0.0000e+00
 236.760081      6.938  35.592587     9.7868     4.0160      6.880    32.6451    25.1489 0.0000e+00
 236.760087      7.183  35.564805     9.7151     3.9576      7.123    32.6818    25.1893 0.0000e+00
 236.760093      7.441  35.515363     9.6350     3.9784      7.379    32.7040    25.2197 0.0000e+00
 236.760098      7.708  35.463878     9.5655     3.9745      7.644    32.7145    25.2391 0.0000e+00
 236.760104      7.975  35.423313     9.5173     3.9748      7.908    32.7167    25.2487 0.0000e+00
 236.760110      8.237  35.392071     9.4879     3.9672      8.168    32.7114    25.2492 0.0000e+00
 236.760116      8.494  35.368664     9.4670     3.8846      8.423    32.7063    25.2486 0.0000e+00
 236.760122      8.746  35.353093     9.4472     3.8158      8.673    32.7083    25.2534 0.0000e+00
 236.760127      8.995  35.340693     9.4246     3.7300      8.920    32.7161    25.2631 0.0000e+00
 236.760133      9.249  35.325986     9.3946     3.6317      9.172    32.7282    25.2774 0.0000e+00
 236.760139      9.511  35.308822     9.3604     3.5824      9.431    32.7418    25.2935 0.0000e+00
 236.760145      9.781  35.295852     9.3292     3.5050      9.699    32.7569    25.3102 0.0000e+00
 236.760150     10.058  35.288116     9.2930     3.4642      9.974    32.7820    25.3356 0.0000e+00
 236.760156     10.343  35.270112     9.2356     3.4588     10.256    32.8160    25.3713 0.0000e+00
 236.760162     10.633  35.228889     9.1614     3.4368     10.544    32.8415    25.4030 0.0000e+00
 236.760168     10.917  35.174302     9.0991     3.4236     10.826    32.8422    25.4134 0.0000e+00
 236.760174     11.182  35.133104     9.0716     3.3896     11.088    32.8247    25.4041 0.0000e+00
 236.760179     11.424  35.128615     9.0692     3.3185     11.328    32.8222    25.4024 0.0000e+00
 236.760185     11.646  35.150214     9.0584     3.2579     11.548    32.8544    25.4294 0.0000e+00
 236.760191     11.857  35.156548     9.0187     3.1844     11.758    32.8976    25.4694 0.0000e+00
