data/oxygen options/OCNMS/OCNMS1/raw_data/2022/CAST_TH042_220622faed.cnv
* Sea-Bird SBE 19 Data File:
* FileName = C:\2022 Mooring Data\Casts\CAST_TH042_220622.hex
* Software Version SeatermAF 2.1.2
* Temperature SN = 2997
* Conductivity SN = 2997
* System UpLoad Time = Jun 22 2022 19:21:29 (localtime) = Jun 22 2022 19:21:29 (UTC)
** CAST_TH042_220622
* ds
# nquan = 9                                 
# nvalues = 1715                        
# units = specified
# name 0 = timeJ: Julian Days
# name 1 = prSM: Pressure, Strain Gauge [db]
# name 2 = c0mS/cm: Conductivity [mS/cm]
# name 3 = t090C: Temperature [ITS-90, deg C]
# name 4 = sbeox0ML/L: Oxygen, SBE 43 [ml/l]
# name 5 = depSM: Depth [salt water, m], lat = 47.5
# name 6 = sal00: Salinity, Practical [PSU]
# name 7 = sigma-é00: Density [sigma-theta, kg/m^3]
# name 8 = flag: flag
# span 0 = 173.701759, 173.711678       
# span 1 =     -5.661,     40.849       
# span 2 =   0.195303,  37.113031       
# span 3 =     7.6496,    14.9996       
# span 4 =    -1.9182,    14.6402       
# span 5 =     -5.614,     40.504       
# span 6 =     0.1163,    33.4372       
# span 7 =    -0.8086,    26.0978       
# span 8 = 0.0000e+00, 0.0000e+00       
# interval = seconds: 0.5
# start_time = Jun 22 2022 16:50:32 [Instrument's time stamp, header]
# bad_flag = -9.990e-29
*END*
[from data line 1441]
 173.710098      5.883  36.753587    13.7957     7.1717      5.834    30.3725    22.6552 0.0000e+00
 173.710104      5.630  36.672812    13.7737     7.2343      5.583    30.3158    22.6158 0.0000e+00
 173.710110      5.374  36.599921    13.7345     7.3800      5.329    30.2799    22.5959 0.0000e+00
 173.710116      5.105  36.545984    13.6859     7.4996      5.062    30.2688    22.5970 0.0000e+00
 173.710122      4.825  36.483088    13.6348     7.5654      4.785    30.2514    22.5936 0.0000e+00
 173.710127      4.546  36.391894    13.5844     7.5756      4.508    30.2072    22.5695 0.0000e+00
 173.710133      4.275  36.243460    13.5354     7.4973      4.239    30.1090    22.5034 0.0000e+00
 173.710139      4.013  36.037039    13.4973     7.4180      3.979    29.9486    22.3869 0.0000e+00
 173.710145      3.760  35.864507    13.4828     7.3481      3.729    29.8009    22.2757 0.0000e+00
 173.710150      3.516  35.759100    13.4975     7.2917      3.487    29.6923    22.1890 0.0000e+00
 173.710156      3.289  35.658111    13.5509     7.2697      3.262    29.5580    22.0749 0.0000e+00
 173.710162      3.079  35.548985    13.6307     7.2185      3.053    29.3964    21.9345 0.0000e+00
 173.710168      2.879  35.454820    13.7050     7.1989      2.855    29.2533    21.8095 0.0000e+00
 173.710174      2.681  35.394013    13.7603     7.1972      2.659    29.1557    21.7232 0.0000e+00
 173.710179      2.483  35.355499    13.7981     7.2023      2.462    29.0919    21.6666 0.0000e+00
 173.710185      2.291  35.323206    13.8208     7.2056      2.272    29.0453    21.6262 0.0000e+00
 173.710191      2.110  35.316797    13.8286     7.2143      2.092    29.0336    21.6156 0.0000e+00
 173.710197      1.950  35.328828    13.8241     7.2371      1.934    29.0481    21.6276 0.0000e+00
 173.710203      1.821  35.336109    13.8093     7.2627      1.806    29.0659    21.6444 -9.990e-29
 173.710208      1.724  35.353925    13.7893     7.2658      1.710    29.0974    21.6725 -9.990e-29
 173.710214      1.649  35.385276    13.7721     7.2594      1.635    29.1391    21.7081 -9.990e-29
 173.710220      1.582  35.405273    13.7569     7.2564      1.569    29.1689    21.7341 -9.990e-29
 173.710226      1.520  35.413099    13.7466     7.2621      1.507    29.1839    21.7477 -9.990e-29
 173.710231      1.466  35.415798    13.7501     7.2602      1.454    29.1838    21.7469 -9.990e-29
 173.710237      1.422  35.405175    13.7668     7.2256      1.410    29.1614    21.7263 -9.990e-29
 173.710243      1.384  35.379922    13.7864     7.1678      1.372    29.1234    21.6932 -9.990e-29
 173.710249      1.347  35.357319    13.7985     7.1325      1.336    29.0936    21.6678 -9.990e-29
 173.710255      1.295  35.348098    13.8027     7.0989      1.284    29.0821    21.6581 -9.990e-29
 173.710260      1.219  35.343864    13.8049     7.0557      1.209    29.0766    21.6534 -9.990e-29
 173.710266      1.138  35.339504    13.8124     7.0728      1.128    29.0669    21.6445 -9.990e-29
 173.710272      1.076  35.333661    13.8302     7.0978      1.067    29.0482    21.6265 -9.990e-29
 173.710278      1.041  35.321321    13.8522     7.1286      1.032    29.0203    21.6007 -9.990e-29
 173.710284      1.027  35.305050    13.8670     7.1454      1.018    28.9943    21.5777 -9.990e-29
 173.710289      1.024  35.292821    13.8730     7.1011      1.015    28.9787    21.5644 -9.990e-29
 173.710295      1.020  35.285111    13.8757     7.1154      1.011    28.9696    21.5569 -9.990e-29
 173.710301      1.006  35.278337    13.8777     7.1164      0.998    28.9619    21.5506 -9.990e-29
 173.710307      0.990  35.275764    13.8788     7.1202      0.982    28.9588    21.5480 -9.990e-29
 173.710312      0.982  35.280659    13.8803     7.1297      0.974    28.9621    21.5502 -9.990e-29
 173.710318      0.984  35.286638    13.8822     7.1262      0.976    28.9661    21.5529 -9.990e-29
 173.710324      0.985  35.288762    13.8829     7.1325      0.977    28.9675    21.5539 -9.990e-29
 173.710330      0.983  35.288155    13.8827     7.1354      0.975    28.9671    21.5536 -9.990e-29
 173.710336      0.981  35.286784    13.8827     7.1343      0.973    28.9659    21.5527 -9.990e-29
 173.710341      0.988  35.286716    13.8831     7.1316      0.980    28.9655    21.5523 -9.990e-29
 173.710347      1.004  35.288395    13.8839     7.1440      0.996    28.9664    21.5528 -9.990e-29
 173.710353      1.022  35.290111    13.8838     7.1464      1.013    28.9681    21.5541 -9.990e-29
 173.710359      1.034  35.290202    13.8825     7.1532      1.025    28.9691    21.5552 -9.990e-29
 173.710365      1.032  35.288764    13.8811     7.1389      1.023    28.9689    21.5553 -9.990e-29
 173.710370      1.017  35.287212    13.8792     7.1304      1.009    28.9689    21.5557 -9.990e-29
 173.710376      1.000  35.286812    13.8762     7.1287      0.992    28.9708    21.5577 -9.990e-29
 173.710382      0.988  35.287565    13.8728     7.1486      0.980    28.9740    21.5609 -9.990e-29
 173.710388      0.981  35.289328    13.8708     7.1645      0.973    28.9772    21.5637 -9.990e-29
 173.710394      0.983  35.292186    13.8717     7.1663      0.975    28.9791    21.5650 -9.990e-29
 173.710399      0.994  35.294880    13.8748     7.1563      0.986    28.9792    21.5645 -9.990e-29
 173.710405      1.001  35.295932    13.8772     7.1439      0.993    28.9783    21.5634 -9.990e-29
 173.710411      0.998  35.295038    13.8773     7.1284      0.990    28.9775    21.5627 -9.990e-29
 173.710417      0.986  35.292659    13.8763     7.1201      0.978    28.9760    21.5618 -9.990e-29
 173.710422      0.976  35.290639    13.8757     7.1289      0.968    28.9747    21.5608 -9.990e-29
 173.710428      0.973  35.290740    13.8756     7.1449      0.965    28.9748    21.5610 -9.990e-29
 173.710434      0.983  35.293070    13.8763     7.1606      0.975    28.9764    21.5621 -9.990e-29
 173.710440      1.002  35.296230    13.8775     7.1633      0.994    28.9784    21.5633 -9.990e-29
 173.710446      1.018  35.297681    13.8774     7.1512      1.010    28.9798    21.5644 -9.990e-29
 173.710451      1.020  35.296531    13.8766     7.1489      1.011    28.9793    21.5642 -9.990e-29
 173.710457      1.007  35.293460    13.8764     7.1532      0.999    28.9767    21.5622 -9.990e-29
 173.710463      0.991  35.291628    13.8771     7.1620      0.983    28.9745    21.5604 -9.990e-29
 173.710469      0.985  35.293608    13.8795     7.1591      0.977    28.9745    21.5599 -9.990e-29
 173.710475      0.988  35.295293    13.8824     7.1144      0.980    28.9738    21.5589 -9.990e-29
 173.710480      0.992  35.291061    13.8843     7.1414      0.984    28.9686    21.5544 -9.990e-29
 173.710486      0.992  35.287004    13.8860     7.1480      0.984    28.9636    21.5502 -9.990e-29
 173.710492      0.989  35.291693    13.8875     7.1593      0.981    28.9667    21.5524 -9.990e-29
 173.710498      0.982  35.298470    13.8890     7.1734      0.974    28.9718    21.5560 -9.990e-29
 173.710503      0.971  35.301218    13.8912     7.1319      0.963    28.9726    21.5562 -9.990e-29
 173.710509      0.959  35.301894    13.8940     7.1530      0.951    28.9711    21.5545 -9.990e-29
 173.710515      0.955  35.303053    13.8961     7.1640      0.947    28.9706    21.5537 -9.990e-29
 173.710521      0.962  35.305095    13.8965     7.1620      0.954    28.9722    21.5548 -9.990e-29
 173.710527      0.977  35.305117    13.8959     7.1599      0.969    28.9726    21.5553 -9.990e-29
 173.710532      0.991  35.303120    13.8953     7.1520      0.983    28.9713    21.5543 -9.990e-29
 173.710538      0.998  35.302015    13.8952     7.1517      0.990    28.9703    21.5536 -9.990e-29
 173.710544      0.993  35.302543    13.8959     7.1688      0.985    28.9703    21.5534 -9.990e-29
 173.710550      0.981  35.303139    13.8967     7.1663      0.973    28.9702    21.5532 -9.990e-29
 173.710556      0.968  35.303454    13.8967     7.1365      0.960    28.9705    21.5535 -9.990e-29
 173.710561      0.964  35.304442    13.8955     7.1216      0.956    28.9723    21.5551 -9.990e-29
 173.710567      0.967  35.305154    13.8936     7.1225      0.959    28.9744    21.5571 -9.990e-29
 173.710573      0.969  35.304832    13.8918     7.1447      0.961    28.9755    21.5582 -9.990e-29
 173.710579      0.967  35.304138    13.8910     7.1463      0.959    28.9754    21.5584 -9.990e-29
 173.710584      0.959  35.303240    13.8914     7.1256      0.951    28.9743    21.5574 -9.990e-29
 173.710590      0.950  35.302594    13.8924     7.1097      0.942    28.9730    21.5562 -9.990e-29
 173.710596      0.948  35.302994    13.8935     7.1118      0.940    28.9725    21.5556 -9.990e-29
 173.710602      0.957  35.304387    13.8944     7.1365      0.949    28.9731    21.5559 -9.990e-29
 173.710608      0.977  35.305802    13.8951     7.1495      0.969    28.9739    21.5564 -9.990e-29
 173.710613      1.001  35.306299    13.8956     7.1696      0.993    28.9739    21.5563 -9.990e-29
 173.710619      1.014  35.305953    13.8964     7.1751      1.006    28.9730    21.5554 -9.990e-29
 173.710625      1.008  35.305957    13.8975     7.1709      1.000    28.9722    21.5546 -9.990e-29
 173.710631      0.986  35.306848    13.8983     7.1403      0.978    28.9724    21.5546 -9.990e-29
 173.710637      0.965  35.308108    13.8985     7.1124      0.957    28.9734    21.5553 -9.990e-29
 173.710642      0.960  35.309149    13.8982     7.1072      0.952    28.9746    21.5563 -9.990e-29
 173.710648      0.967  35.309655    13.8977     7.1193      0.959    28.9754    21.5570 -9.990e-29
 173.710654      0.978  35.309712    13.8972     7.1345      0.970    28.9758    21.5575 -9.990e-29
 173.710660      0.992  35.309371    13.8970     7.1011      0.984    28.9757    21.5574 -9.990e-29
 173.710666      0.999  35.308711    13.8969     7.1438      0.991    28.9751    21.5570 -9.990e-29
 173.710671      0.990  35.308505    13.8966     7.1653      0.982    28.9752    21.5571 -9.990e-29
 173.710677      0.978  35.309010    13.8963     7.1764      0.970    28.9759    21.5577 -9.990e-29
 173.710683      0.965  35.309194    13.8956     7.1754      0.957    28.9766    21.5583 -9.990e-29
 173.710689      0.952  35.308715    13.8943     7.1099      0.944    28.9771    21.5590 -9.990e-29
 173.710694      0.945  35.308028    13.8932     7.1350      0.937    28.9773    21.5594 -9.990e-29
 173.710700      0.945  35.307311    13.8926     7.1452      0.937    28.9771    21.5594 -9.990e-29
 173.710706      0.943  35.306702    13.8922     7.1697      0.935    28.9769    21.5593 -9.990e-29
 173.710712      0.938  35.305922    13.8918     7.1938      0.930    28.9765    21.5590 -9.990e-29
 173.710718      0.939  35.304463    13.8912     7.1798      0.931    28.9756    21.5585 -9.990e-29
 173.710723      0.946  35.303157    13.8905     7.1707      0.938    28.9749    21.5581 -9.990e-29
 173.710729      0.952  35.303036    13.8900     7.1408      0.944    28.9752    21.5584 -9.990e-29
 173.710735      0.951  35.303352    13.8893     7.1375      0.943    28.9760    21.5592 -9.990e-29
 173.710741      0.948  35.303378    13.8886     7.1471      0.940    28.9766    21.5597 -9.990e-29
 173.710747      0.952  35.303122    13.8882     7.1752      0.944    28.9766    21.5599 -9.990e-29
 173.710752      0.968  35.302779    13.8878     7.1995      0.960    28.9766    21.5599 -9.990e-29
 173.710758      0.991  35.302424    13.8874     7.2045      0.983    28.9766    21.5600 -9.990e-29
 173.710764      1.010  35.302115    13.8873     7.2051      1.002    28.9764    21.5598 -9.990e-29
 173.710770      1.015  35.301974    13.8871     7.1694      1.007    28.9764    21.5599 -9.990e-29
 173.710775      1.004  35.301225    13.8871     7.1372      0.996    28.9757    21.5594 -9.990e-29
 173.710781      0.991  35.298843    13.8870     7.1285      0.983    28.9736    21.5578 -9.990e-29
 173.710787      0.987  35.297229    13.8867     7.1380      0.979    28.9724    21.5569 -9.990e-29
 173.710793      0.997  35.299246    13.8864     7.1480      0.989    28.9744    21.5585 -9.990e-29
 173.710799      1.016  35.301956    13.8863     7.1482      1.008    28.9770    21.5605 -9.990e-29
 173.710804      1.037  35.302783    13.8866     7.1521      1.028    28.9775    21.5608 -9.990e-29
 173.710810      1.054  35.302802    13.8871     7.1524      1.045    28.9771    21.5605 -9.990e-29
 173.710816      1.058  35.302949    13.8873     7.1628      1.049    28.9771    21.5604 -9.990e-29
 173.710822      1.051  35.303407    13.8872     7.1787      1.042    28.9776    21.5608 -9.990e-29
 173.710828      1.039  35.304032    13.8873     7.1722      1.030    28.9781    21.5612 -9.990e-29
 173.710833      1.027  35.304531    13.8876     7.1630      1.018    28.9783    21.5613 -9.990e-29
 173.710839      1.018  35.304825    13.8880     7.1491      1.010    28.9783    21.5612 -9.990e-29
 173.710845      1.016  35.305307    13.8886     7.1111      1.008    28.9783    21.5611 -9.990e-29
 173.710851      1.020  35.306061    13.8894     7.1407      1.011    28.9784    21.5610 -9.990e-29
 173.710856      1.032  35.306974    13.8899     7.1646      1.023    28.9788    21.5612 -9.990e-29
 173.710862      1.047  35.307584    13.8900     7.1773      1.038    28.9793    21.5616 -9.990e-29
 173.710868      1.057  35.307587    13.8902     7.1710      1.048    28.9791    21.5614 -9.990e-29
 173.710874      1.060  35.307548    13.8904     7.1130      1.051    28.9790    21.5612 -9.990e-29
 173.710880      1.059  35.307418    13.8905     7.1642      1.050    28.9788    21.5611 -9.990e-29
 173.710885      1.060  35.307024    13.8908     7.1807      1.051    28.9782    21.5605 -9.990e-29
 173.710891      1.056  35.306964    13.8911     7.1684      1.047    28.9779    21.5603 -9.990e-29
 173.710897      1.045  35.307158    13.8910     7.1593      1.036    28.9782    21.5605 -9.990e-29
 173.710903      1.029  35.307306    13.8910     7.1302      1.020    28.9783    21.5606 -9.990e-29
 173.710909      1.017  35.307610    13.8917     7.1295      1.009    28.9780    21.5603 -9.990e-29
 173.710914      1.016  35.308475    13.8929     7.1342      1.008    28.9779    21.5599 -9.990e-29
 173.710920      1.026  35.309377    13.8935     7.1422      1.017    28.9783    21.5601 -9.990e-29
 173.710926      1.038  35.309278    13.8932     7.1514      1.029    28.9784    21.5603 -9.990e-29
 173.710932      1.046  35.308609    13.8929     7.1703      1.037    28.9780    21.5600 -9.990e-29
 173.710938      1.041  35.307601    13.8927     7.1876      1.032    28.9773    21.5595 -9.990e-29
 173.710943      1.023  35.306590    13.8921     7.1936      1.014    28.9768    21.5592 -9.990e-29
 173.710949      1.004  35.306472    13.8913     7.1824      0.996    28.9773    21.5598 -9.990e-29
 173.710955      0.994  35.306532    13.8904     7.1727      0.986    28.9781    21.5605 -9.990e-29
 173.710961      0.994  35.306292    13.8896     7.1722      0.986    28.9784    21.5610 -9.990e-29
 173.710966      0.995  35.305994    13.8889     7.1653      0.987    28.9787    21.5613 -9.990e-29
 173.710972      0.993  35.305243    13.8882     7.1532      0.985    28.9785    21.5613 -9.990e-29
 173.710978      0.988  35.304157    13.8873     7.1493      0.980    28.9782    21.5613 -9.990e-29
 173.710984      0.983  35.302972    13.8862     7.1547      0.975    28.9780    21.5613 -9.990e-29
 173.710990      0.987  35.301791    13.8855     7.1622      0.979    28.9774    21.5610 -9.990e-29
 173.710995      1.005  35.300722    13.8854     7.1742      0.997    28.9765    21.5603 -9.990e-29
 173.711001      1.032  35.298340    13.8855     7.1871      1.023    28.9743    21.5586 -9.990e-29
 173.711007      1.059  35.296514    13.8856     7.1935      1.050    28.9725    21.5572 -9.990e-29
 173.711013      1.073  35.298413    13.8859     7.1938      1.064    28.9740    21.5583 -9.990e-29
