data/oxygen options/OCNMS/OCNMS1/raw_data/2022/CAST_CE042_220823faedb.cnv
* Sea-Bird SBE 19 Data File:
* FileName = C:\2022 Mooring Data\Casts\CAST_CE042_220823.hex
* Software Version SeatermAF 2.1.2
* Temperature SN = 2997
* Conductivity SN = 2997
* System UpLoad Time = Aug 23 2022 18:25:22 (localtime) = Aug 23 2022 18:25:22 (UTC)
** CAST_CE042_220823
* ds
# nquan = 9
# nvalues = 44                          
# units = specified
# name 0 = timeJ: Julian Days
# name 1 = prSM: Pressure, Strain Gauge [db]
# name 2 = c0mS/cm: Conductivity [mS/cm]
# name 3 = t090C: Temperature [ITS-90, deg C]
# name 4 = sbeox0ML/L: Oxygen, SBE 43 [ml/l]
# name 5 = depSM: Depth [salt water, m], lat = 47.5
# name 6 = sal00: Salinity, Practical [PSU]
# name 7 = sigma-é00: Density [sigma-theta, kg/m^3]
# name 8 = flag: flag
# span 0 = 235.725247, 235.726240       
# span 1 =      1.000,     44.000       
# span 2 =  34.626477,  40.737949       
# span 3 =     7.5426,    17.6352       
# span 4 =     0.5156,     6.7568       
# span 5 =      0.991,     43.628       
# span 6 =    30.8987,    33.7829       
# span 7 =    22.2208,    26.3848       
# span 8 = 0.0000e+00, 0.0000e+00       
# interval = decibars: 1                
# start_time = Aug 23 2022 17:16:05 [Instrument's time stamp, header]
# bad_flag = -9.990e-29
*END*
 235.725247      1.000  40.728019    17.6352     6.1243      0.991    30.8987    22.2208 0.0000e+00
 235.725277      2.000  40.732836    17.6326     6.1254      1.983    30.9044    22.2258 0.0000e+00
 235.725304      3.000  40.735019    17.6294     6.1380      2.975    30.9084    22.2296 0.0000e+00
 235.725328      4.000  40.736327    17.6247     6.1680      3.967    30.9127    22.2341 0.0000e+00
 235.725351      5.000  40.737949    17.5968     6.2194      4.958    30.9349    22.2577 0.0000e+00
 235.725372      6.000  40.734690    17.5471     6.4023      5.950    30.9697    22.2961 0.0000e+00
 235.725394      7.000  40.684460    17.2817     6.5694      6.941    31.1301    22.4811 0.0000e+00
 235.725414      8.000  40.265644    16.1975     6.7568      7.933    31.6166    23.1021 0.0000e+00
 235.725437      9.000  39.403482    14.6143     6.6710      8.925    32.1297    23.8418 0.0000e+00
 235.725458     10.000  39.011822    14.0249     6.2386      9.916    32.2614    24.0666 0.0000e+00
 235.725480     11.000  38.791590    13.7429     5.0922     10.908    32.2946    24.1499 0.0000e+00
 235.725503     12.000  38.280093    12.9433     4.4324     11.899    32.4954    24.4643 0.0000e+00
 235.725525     13.000  37.815686    12.3678     3.4445     12.891    32.5497    24.6178 0.0000e+00
 235.725550     14.000  37.294761    11.5246     2.7763     13.883    32.7842    24.9562 0.0000e+00
 235.725571     15.000  36.270569    10.3375     2.8725     14.874    32.8297    25.2015 0.0000e+00
 235.725592     16.000  35.813397     9.7790     2.7477     15.866    32.8732    25.3282 0.0000e+00
 235.725615     17.000  35.449507     9.3025     2.5173     16.857    32.9368    25.4550 0.0000e+00
 235.725636     18.000  35.029426     8.7790     2.3790     17.849    32.9847    25.5749 0.0000e+00
 235.725658     19.000  34.934368     8.5594     2.0442     18.840    33.0897    25.6907 0.0000e+00
 235.725680     20.000  34.950423     8.4743     1.8837     19.832    33.1862    25.7793 0.0000e+00
 235.725702     21.000  34.934862     8.3963     1.8809     20.823    33.2428    25.8355 0.0000e+00
 235.725725     22.000  34.885680     8.3171     1.8637     21.815    33.2652    25.8649 0.0000e+00
 235.725746     23.000  34.830017     8.2495     1.8021     22.807    33.2696    25.8785 0.0000e+00
 235.725767     24.000  34.818807     8.2266     1.7628     23.798    33.2790    25.8893 0.0000e+00
 235.725789     25.000  34.803025     8.1890     1.7981     24.790    33.2975    25.9094 0.0000e+00
 235.725809     26.000  34.744608     8.0915     1.8657     25.782    33.3275    25.9474 0.0000e+00
 235.725832     27.000  34.704196     8.0246     2.0237     26.773    33.3476    25.9730 0.0000e+00
 235.725853     28.000  34.630752     7.9216     1.7567     27.765    33.3669    26.0032 0.0000e+00
 235.725875     29.000  34.626477     7.8665     1.3532     28.756    33.4146    26.0487 0.0000e+00
 235.725896     30.000  34.657647     7.8205     1.2768     29.747    33.4916    26.1159 0.0000e+00
 235.725918     31.000  34.637832     7.7435     1.0701     30.739    33.5439    26.1681 0.0000e+00
 235.725938     32.000  34.644429     7.7357     0.8489     31.730    33.5580    26.1803 0.0000e+00
 235.725960     33.000  34.672012     7.7465     0.7765     32.722    33.5768    26.1936 0.0000e+00
 235.725983     34.000  34.686806     7.7498     0.7366     33.713    33.5891    26.2027 0.0000e+00
 235.726006     35.000  34.690264     7.7467     0.6881     34.705    33.5954    26.2081 0.0000e+00
 235.726027     36.000  34.692018     7.7413     0.6683     35.697    33.6019    26.2141 0.0000e+00
 235.726047     37.000  34.683905     7.7112     0.6280     36.688    33.6218    26.2341 0.0000e+00
 235.726068     38.000  34.680543     7.6615     0.5800     37.679    33.6657    26.2757 0.0000e+00
 235.726091     39.000  34.680825     7.5730     0.5392     38.671    33.7514    26.3557 0.0000e+00
 235.726113     40.000  34.684577     7.5500     0.5400     39.662    33.7773    26.3794 0.0000e+00
 235.726135     41.000  34.682515     7.5426     0.5373     40.654    33.7818    26.3840 0.0000e+00
 235.726157     42.000  34.684028     7.5427     0.5272     41.645    33.7829    26.3848 0.0000e+00
 235.726181     43.000  34.684738     7.5443     0.5297     42.637    33.7816    26.3837 0.0000e+00
 235.726240     44.000  34.685137     7.5442     0.5156     43.628    33.7816    26.3837 0.0000e+00
