data/oxygen options/OCNMS/OCNMS1/raw_data/2022/CAST_KL015_220719faed.cnv
* Sea-Bird SBE 19 Data File:
* FileName = C:\2022 Mooring Data\Casts\CAST_KL015_220719.hex
* Software Version SeatermAF 2.1.2
* Temperature SN = 2997
* Conductivity SN = 2997
* System UpLoad Time = Jul 19 2022 18:49:25 (localtime) = Jul 19 2022 18:49:25 (UTC)
** CAST_KL015_220719
* ds
# nquan = 9                                 
# nvalues = 798                         
# units = specified
# name 0 = timeJ: Julian Days
# name 1 = prSM: Pressure, Strain Gauge [db]
# name 2 = c0mS/cm: Conductivity [mS/cm]
# name 3 = t090C: Temperature [ITS-90, deg C]
# name 4 = sbeox0ML/L: Oxygen, SBE 43 [ml/l]
# name 5 = depSM: Depth [salt water, m], lat = 47.5
# name 6 = sal00: Salinity, Practical [PSU]
# name 7 = sigma-é00: Density [sigma-theta, kg/m^3]
# name 8 = flag: flag
# span 0 = 200.747593, 200.752205       
# span 1 =     -5.382,     12.681       
# span 2 =   0.297911,  37.147458       
# span 3 =     8.1715,    14.4189       
# span 4 =    -1.9707,    17.8180       
# span 5 =     -5.337,     12.575       
# span 6 =     0.1825,    33.2852       
# span 7 =    -0.6707,    25.8876       
# span 8 = 0.0000e+00, 0.0000e+00       
# interval = seconds: 0.5
# start_time = Jul 19 2022 17:56:32 [Instrument's time stamp, header]
# bad_flag = -9.990e-29
*END*
[from data line 321]
 200.749450     -1.045   0.835167    12.9781    -1.9684     -1.036     0.5410    -0.1967 -9.990e-29
 200.749456     -1.035   0.828425    12.9715    -1.9685     -1.026     0.5366    -0.1993 -9.990e-29
 200.749462     -1.024   0.823071    12.9663    -1.9684     -1.015     0.5330    -0.2014 -9.990e-29
 200.749468     -1.017   0.818055    12.9661    -1.9685     -1.009     0.5297    -0.2040 -9.990e-29
 200.749473     -1.013   0.811675    12.9711    -1.9689     -1.005     0.5253    -0.2081 -9.990e-29
 200.749479     -1.011   0.803174    12.9794    -1.9692     -1.003     0.5195    -0.2137 -9.990e-29
 200.749485     -1.012   0.793401    12.9888    -1.9693     -1.004     0.5128    -0.2201 -9.990e-29
 200.749491     -1.015   0.784278    12.9972    -1.9697     -1.007     0.5065    -0.2260 -9.990e-29
 200.749497     -1.017   0.777485    13.0027    -1.9700     -1.009     0.5019    -0.2303 -9.990e-29
 200.749502     -1.012   0.772825    13.0048    -1.9699     -1.004     0.4987    -0.2330 -9.990e-29
 200.749508     -1.002   0.768515    13.0053    -1.9699     -0.994     0.4958    -0.2354 -9.990e-29
 200.749514     -0.989   0.763790    13.0049    -1.9699     -0.981     0.4927    -0.2378 -9.990e-29
 200.749520     -0.981   0.758997    13.0024    -1.9695     -0.973     0.4895    -0.2399 -9.990e-29
 200.749525     -0.979   0.753836    12.9980    -1.9691     -0.971     0.4861    -0.2420 -9.990e-29
 200.749531     -0.972   0.748069    12.9931    -1.9689     -0.964     0.4823    -0.2443 -9.990e-29
 200.749537     -0.961   0.742315    12.9883    -1.9686     -0.953     0.4785    -0.2467 -9.990e-29
 200.749543     -0.949   0.737760    12.9832    -1.9689     -0.941     0.4755    -0.2484 -9.990e-29
 200.749549     -0.936   0.734977    12.9794    -1.9690     -0.928     0.4737    -0.2493 -9.990e-29
 200.749554     -0.925   0.732470    12.9790    -1.9688     -0.917     0.4720    -0.2505 -9.990e-29
 200.749560     -0.915   0.728555    12.9810    -1.9686     -0.907     0.4694    -0.2529 -9.990e-29
 200.749566     -0.901   0.723550    12.9848    -1.9686     -0.893     0.4660    -0.2560 -9.990e-29
 200.749572     -0.887   0.718535    12.9910    -1.9681     -0.880     0.4625    -0.2594 -9.990e-29
 200.749578     -0.876   0.714020    12.9984    -1.9675     -0.869     0.4594    -0.2628 -9.990e-29
 200.749583     -0.868   0.710078    13.0047    -1.9671     -0.861     0.4567    -0.2657 -9.990e-29
 200.749589     -0.861   0.706434    13.0085    -1.9667     -0.854     0.4542    -0.2681 -9.990e-29
 200.749595     -0.856   0.702661    13.0091    -1.9664     -0.849     0.4517    -0.2702 -9.990e-29
 200.749601     -0.852   0.698713    13.0095    -1.9665     -0.845     0.4491    -0.2723 -9.990e-29
 200.749606     -0.849   0.695416    13.0120    -1.9666     -0.842     0.4469    -0.2743 -9.990e-29
 200.749612     -0.846   0.693357    13.0159    -1.9664     -0.839     0.4454    -0.2759 -9.990e-29
 200.749618     -0.844   0.691452    13.0216    -1.9665     -0.837     0.4441    -0.2777 -9.990e-29
 200.749624     -0.843   0.688267    13.0306    -1.9662     -0.836     0.4419    -0.2806 -9.990e-29
 200.749630     -0.842   0.683984    13.0414    -1.9661     -0.835     0.4389    -0.2843 -9.990e-29
 200.749635     -0.841   0.680093    13.0512    -1.9665     -0.834     0.4362    -0.2876 -9.990e-29
 200.749641     -0.840   0.678049    13.0589    -1.9669     -0.833     0.4348    -0.2898 -9.990e-29
 200.749647     -0.840   0.678450    13.0639    -1.9673     -0.833     0.4350    -0.2902 -9.990e-29
 200.749653     -0.839   0.680168    13.0660    -1.9677     -0.832     0.4361    -0.2896 -9.990e-29
 200.749659     -0.839   0.680511    13.0670    -1.9682     -0.832     0.4363    -0.2896 -9.990e-29
 200.749664     -0.838   0.678273    13.0677    -1.9684     -0.831     0.4348    -0.2909 -9.990e-29
 200.749670     -0.838   0.676563    13.0683    -1.9688     -0.831     0.4337    -0.2918 -9.990e-29
 200.749676     -0.837   0.678636    13.0691    -1.9690     -0.830     0.4350    -0.2909 -9.990e-29
 200.749682     -0.837   0.682827    13.0680    -1.9694     -0.830     0.4378    -0.2885 -9.990e-29
 200.749687     -0.836   0.685864    13.0632    -1.9694     -0.829     0.4399    -0.2863 -9.990e-29
 200.749693     -0.836   0.686260    13.0559    -1.9699     -0.829     0.4403    -0.2851 -9.990e-29
 200.749699     -0.835   0.683987    13.0477    -1.9707     -0.828     0.4388    -0.2852 -9.990e-29
 200.749705     -0.834   0.680261    13.0392    -1.9707     -0.827     0.4364    -0.2859 -9.990e-29
 200.749711     -0.833   0.676206    13.0310    -1.9703     -0.826     0.4338    -0.2869 -9.990e-29
 200.749716     -0.831   0.672321    13.0240    -1.9691     -0.824     0.4313    -0.2880 -9.990e-29
 200.749722     -0.829   0.668408    13.0180    -1.9680     -0.822     0.4288    -0.2892 -9.990e-29
 200.749728     -0.827   0.663494    13.0123    -1.9668     -0.820     0.4256    -0.2909 -9.990e-29
 200.749734     -0.824   0.657669    13.0064    -1.9662     -0.817     0.4218    -0.2931 -9.990e-29
 200.749740     -0.820   0.652580    12.9998    -1.9660     -0.813     0.4185    -0.2949 -9.990e-29
 200.749745     -0.814   0.650299    12.9910    -1.9654     -0.807     0.4170    -0.2949 -9.990e-29
 200.749751     -0.808   0.651663    12.9825    -1.9645     -0.801     0.4180    -0.2930 -9.990e-29
 200.749757     -0.799   0.655165    12.9808    -1.9638     -0.792     0.4204    -0.2910 -9.990e-29
 200.749763     -0.788   0.660492    12.9888    -1.7807     -0.781     0.4238    -0.2893 -9.990e-29
 200.749769     -0.773   0.669206    13.0042    -1.6314     -0.767     0.4295    -0.2869 -9.990e-29
 200.749774     -0.755   0.682960    13.0215    -1.6350     -0.749     0.4384    -0.2821 -9.990e-29
 200.749780     -0.735   0.705693    13.0347    -1.6353     -0.729     0.4534    -0.2721 -9.990e-29
 200.749786     -0.722   0.743905    13.0415    -1.6338     -0.716     0.4789    -0.2532 -9.990e-29
 200.749792     -0.714   0.808123    13.0455    -1.6334     -0.708     0.5219    -0.2202 -9.990e-29
 200.749797     -0.702   0.923612    13.0512    -1.6338     -0.696     0.5997    -0.1604 -9.990e-29
 200.749803     -0.682   1.169044    13.0528    -1.6335     -0.676     0.7670    -0.0306 -9.990e-29
 200.749809     -0.652   1.810747    13.0286    -1.6348     -0.647     1.2145     0.3200 -9.990e-29
 200.749815     -0.610   3.684385    12.9404    -1.6341     -0.605     2.5791     1.3889 -9.990e-29
 200.749821     -0.554   9.292574    12.7977    -1.6352     -0.549     6.9603     4.7920 -9.990e-29
 200.749826     -0.484  19.527843    12.6779    -1.6349     -0.480    15.6050    11.4719 -9.990e-29
 200.749832     -0.405  29.385275    12.6167    -1.6351     -0.402    24.4593    18.3119 -9.990e-29
 200.749838     -0.319  34.497926    12.5951    -1.6344     -0.316    29.2208    21.9964 -9.990e-29
 200.749844     -0.234  36.242216    12.5983    -1.6345     -0.232    30.8623    23.2664 -9.990e-29
 200.749850     -0.159  36.871607    12.6138    -1.6352     -0.158    31.4456    23.7151 -9.990e-29
 200.749855     -0.091  37.075709    12.6165    -1.6354     -0.090    31.6370    23.8628 -9.990e-29
 200.749861     -0.031  37.099238    12.5967    -1.6346     -0.031    31.6759    23.8967 -9.990e-29
 200.749867      0.016  37.092955    12.5783    -1.6343      0.016    31.6854    23.9076 -9.990e-29
 200.749873      0.048  37.121921    12.5801    -1.6343      0.048    31.7114    23.9274 -9.990e-29
 200.749878      0.064  37.147458    12.5937    -1.6342      0.063    31.7242    23.9347 -9.990e-29
 200.749884      0.065  37.119592    12.6013    -1.6344      0.064    31.6913    23.9078 -9.990e-29
 200.749890      0.064  37.069004    12.5956    -1.6336      0.063    31.6481    23.8754 -9.990e-29
 200.749896      0.069  37.053237    12.5854    -1.6340      0.068    31.6417    23.8723 -9.990e-29
 200.749902      0.080  37.078760    12.5813    -1.6338      0.079    31.6694    23.8946 -9.990e-29
 200.749907      0.093  37.101748    12.5862    -1.6337      0.092    31.6871    23.9074 -9.990e-29
 200.749913      0.102  37.096291    12.5970    -1.6336      0.101    31.6728    23.8942 -9.990e-29
 200.749919      0.102  37.084280    12.6077    -1.6335      0.101    31.6524    23.8764 -9.990e-29
 200.749925      0.097  37.079995    12.6141    -1.6337      0.096    31.6430    23.8679 -9.990e-29
 200.749931      0.096  37.076636    12.6163    -1.6349      0.095    31.6379    23.8635 -9.990e-29
 200.749936      0.104  37.074244    12.6167    -1.6351      0.103    31.6353    23.8615 -9.990e-29
 200.749942      0.115  37.078069    12.6183    -1.6339      0.114    31.6376    23.8629 -9.990e-29
 200.749948      0.123  37.091001    12.6232    -1.6342      0.122    31.6458    23.8683 -9.990e-29
 200.749954      0.124  37.103421    12.6310    -1.6351      0.123    31.6510    23.8709 -9.990e-29
 200.749959      0.118  37.098863    12.6371    -1.6352      0.117    31.6416    23.8624 -9.990e-29
 200.749965      0.108  37.084171    12.6384    -1.6357      0.107    31.6265    23.8505 -9.990e-29
 200.749971      0.102  37.075092    12.6338    -1.6359      0.101    31.6218    23.8477 -9.990e-29
 200.749977      0.105  37.075243    12.6224    -1.6359      0.104    31.6315    23.8574 -9.990e-29
 200.749983      0.117  37.080939    12.6076    -1.6354      0.116    31.6493    23.8740 -9.990e-29
 200.749988      0.134  37.081876    12.5949    -1.6363      0.133    31.6609    23.8854 -9.990e-29
 200.749994      0.148  37.081578    12.5878    -1.6363      0.147    31.6666    23.8912 -9.990e-29
 200.750000      0.152  37.104329    12.5880    -1.6352      0.151    31.6880    23.9077 -9.990e-29
 200.750006      0.143  37.135668    12.5937    -1.6354      0.142    31.7130    23.9260 -9.990e-29
 200.750012      0.122  37.122719    12.5972    -1.6356      0.121    31.6977    23.9135 -9.990e-29
 200.750017      0.099  37.067861    12.5922    -1.6362      0.098    31.6499    23.8774 -9.990e-29
 200.750023      0.089  37.018454    12.5808    -1.6365      0.088    31.6125    23.8506 -9.990e-29
 200.750029      0.103  37.000550    12.5719    -1.6359      0.102    31.6030    23.8449 -9.990e-29
 200.750035      0.129  37.013844    12.5697    -1.6356      0.128    31.6175    23.8566 -9.990e-29
 200.750041      0.149  37.036308    12.5710    -1.6354      0.148    31.6377    23.8720 -9.990e-29
 200.750046      0.155  37.038531    12.5722    -1.6353      0.154    31.6388    23.8726 -9.990e-29
 200.750052      0.151  37.020707    12.5714    -1.6352      0.150    31.6225    23.8602 -9.990e-29
 200.750058      0.145  37.020740    12.5683    -1.6355      0.144    31.6252    23.8628 -9.990e-29
 200.750064      0.142  37.045991    12.5656    -1.6358      0.141    31.6514    23.8837 -9.990e-29
 200.750069      0.142  37.060686    12.5646    -1.6361      0.141    31.6662    23.8953 -9.990e-29
 200.750075      0.148  37.049151    12.5631    -1.6354      0.147    31.6565    23.8881 -9.990e-29
 200.750081      0.162  37.027414    12.5600    -1.6352      0.161    31.6385    23.8747 -9.990e-29
 200.750087      0.174  37.025919    12.5588    -1.6353      0.173    31.6381    23.8746 -9.990e-29
 200.750093      0.183  37.052793    12.5614    -1.6358      0.181    31.6614    23.8922 -9.990e-29
 200.750098      0.188  37.081143    12.5657    -1.6361      0.186    31.6847    23.9094 -9.990e-29
 200.750104      0.190  37.093334    12.5692    -1.6364      0.188    31.6934    23.9155 -9.990e-29
 200.750110      0.189  37.092205    12.5709    -1.6365      0.187    31.6909    23.9132 -9.990e-29
 200.750116      0.189  37.080769    12.5714    -1.6358      0.187    31.6796    23.9044 -9.990e-29
 200.750122      0.198  37.061182    12.5714    -1.6361      0.196    31.6610    23.8899 -9.990e-29
 200.750127      0.218  37.042099    12.5713    -1.6357      0.216    31.6429    23.8760 -9.990e-29
 200.750133      0.241  37.040694    12.5714    -1.6355      0.239    31.6415    23.8749 -9.990e-29
 200.750139      0.260  37.060170    12.5723    -1.6356      0.258    31.6592    23.8884 -9.990e-29
 200.750145      0.267  37.076099    12.5748    -1.6362      0.265    31.6723    23.8980 -9.990e-29
 200.750150      0.263  37.066048    12.5765    -1.6368      0.261    31.6613    23.8892 -9.990e-29
 200.750156      0.257  37.032900    12.5747    -1.6374      0.255    31.6313    23.8663 -9.990e-29
 200.750162      0.251  36.999169    12.5706    -1.6379      0.249    31.6027    23.8450 -9.990e-29
 200.750168      0.247  36.985469    12.5667    -1.6372      0.245    31.5930    23.8382 -9.990e-29
 200.750174      0.242  36.998777    12.5652    -1.6372      0.240    31.6069    23.8492 -9.990e-29
 200.750179      0.239  37.023814    12.5663    -1.6368      0.237    31.6297    23.8667 -9.990e-29
 200.750185      0.235  37.040766    12.5693    -1.6372      0.233    31.6433    23.8767 -9.990e-29
 200.750191      0.230  37.050978    12.5725    -1.6371      0.228    31.6503    23.8815 -9.990e-29
 200.750197      0.226  37.049049    12.5723    -1.6376      0.224    31.6487    23.8802 -9.990e-29
 200.750203      0.224  37.023474    12.5659    -1.6378      0.222    31.6298    23.8668 -9.990e-29
 200.750208      0.230  36.984454    12.5545    -1.6379      0.228    31.6023    23.8477 -9.990e-29
 200.750214      0.240  36.952273    12.5433    -1.6375      0.238    31.5811    23.8334 -9.990e-29
 200.750220      0.251  36.937843    12.5373    -1.6377      0.249    31.5724    23.8278 -9.990e-29
 200.750226      0.257  36.947170    12.5388    -1.6377      0.255    31.5800    23.8334 -9.990e-29
 200.750231      0.252  36.971428    12.5463    -1.6377      0.250    31.5968    23.8450 -9.990e-29
 200.750237      0.235  36.983041    12.5547    -1.6379      0.233    31.6007    23.8465 -9.990e-29
 200.750243      0.213  36.967830    12.5580    13.4752      0.211    31.5835    23.8325 -9.990e-29
 200.750249      0.199  36.937487    12.5534    17.5759      0.197    31.5586    23.8140 -9.990e-29
 200.750255      0.203  36.913225    12.5446    17.8180      0.201    31.5429    23.8036 -9.990e-29
 200.750260      0.222  36.905308    12.5388    14.6944      0.220    31.5402    23.8026 -9.990e-29
 200.750266      0.240  36.912177    12.5395     8.1009      0.238    31.5462    23.8071 -9.990e-29
 200.750272      0.245  36.924531    12.5438     8.0269      0.243    31.5543    23.8126 -9.990e-29
 200.750278      0.238  36.926936    12.5476     8.1644      0.236    31.5534    23.8111 -9.990e-29
 200.750284      0.231  36.913669    12.5488     8.1998      0.229    31.5398    23.8004 -9.990e-29
 200.750289      0.236  36.897330    12.5469     8.1744      0.234    31.5259    23.7899 -9.990e-29
 200.750295      0.254  36.886986    12.5437     8.1468      0.252    31.5187    23.7850 -9.990e-29
 200.750301      0.273  36.877841    12.5418     8.1140      0.271    31.5116    23.7799 -9.990e-29
 200.750307      0.281  36.869499    12.5415     8.1033      0.279    31.5039    23.7740 -9.990e-29
 200.750313      0.275  36.866559    12.5404     8.0813      0.273    31.5020    23.7727 -9.990e-29
 200.750318      0.258  36.866813    12.5385     8.0770      0.256    31.5039    23.7745 -9.990e-29
 200.750324      0.243  36.865592    12.5367     8.0694      0.241    31.5042    23.7751 -9.990e-29
 200.750330      0.241  36.862421    12.5349     8.0612      0.239    31.5027    23.7743 -9.990e-29
 200.750336      0.251  36.859270    12.5339     8.0512      0.249    31.5006    23.7728 -9.990e-29
 200.750341      0.267  36.858131    12.5342     8.0439      0.265    31.4992    23.7717 -9.990e-29
 200.750347      0.280  36.858079    12.5344     8.0400      0.278    31.4990    23.7715 -9.990e-29
 200.750353      0.287  36.855717    12.5334     8.0236      0.285    31.4976    23.7706 -9.990e-29
 200.750359      0.293  36.851849    12.5322     7.9748      0.291    31.4949    23.7688 -9.990e-29
 200.750365      0.298  36.851437    12.5320     7.9861      0.296    31.4947    23.7686 -9.990e-29
