data/oxygen options/OCNMS/OCNMS1/raw_data/2022/CAST_CE015_220720faed.cnv
* Sea-Bird SBE 19 Data File:
* FileName = C:\2022 Mooring Data\Casts\CAST_CE015_220720.hex
* Software Version SeatermAF 2.1.2
* Temperature SN = 2997
* Conductivity SN = 2997
* System UpLoad Time = Jul 20 2022 21:45:32 (localtime) = Jul 20 2022 21:45:32 (UTC)
** CAST_CE015_220720
* ds
# nquan = 9                                 
# nvalues = 897                         
# units = specified
# name 0 = timeJ: Julian Days
# name 1 = prSM: Pressure, Strain Gauge [db]
# name 2 = c0mS/cm: Conductivity [mS/cm]
# name 3 = t090C: Temperature [ITS-90, deg C]
# name 4 = sbeox0ML/L: Oxygen, SBE 43 [ml/l]
# name 5 = depSM: Depth [salt water, m], lat = 47.5
# name 6 = sal00: Salinity, Practical [PSU]
# name 7 = sigma-é00: Density [sigma-theta, kg/m^3]
# name 8 = flag: flag
# span 0 = 201.874028, 201.879213       
# span 1 =     -5.934,     13.129       
# span 2 =   0.417409,  36.965020       
# span 3 =     8.3907,    17.4518       
# span 4 =    -1.8178,    16.1196       
# span 5 =     -5.885,     13.019       
# span 6 =     0.2376,    33.2289       
# span 7 =    -1.1196,    25.8225       
# span 8 = 0.0000e+00, 0.0000e+00       
# interval = seconds: 0.5
# start_time = Jul 20 2022 20:58:36 [Instrument's time stamp, header]
# bad_flag = -9.990e-29
*END*
[from data line 321]
 201.875885     -1.396   0.418640    17.3568    -1.8010     -1.384     0.2382    -1.1030 -9.990e-29
 201.875891     -1.390   0.418276    17.3521    -1.8006     -1.378     0.2380    -1.1023 -9.990e-29
 201.875897     -1.385   0.417737    17.3482    -1.8002     -1.373     0.2378    -1.1018 -9.990e-29
 201.875903     -1.381   0.417409    17.3450    -1.8001     -1.369     0.2376    -1.1014 -9.990e-29
 201.875909     -1.376   0.417410    17.3428    -1.8002     -1.365     0.2376    -1.1010 -9.990e-29
 201.875914     -1.372   0.417739    17.3406    -1.8001     -1.361     0.2378    -1.1004 -9.990e-29
 201.875920     -1.368   0.418280    17.3381    -1.8001     -1.357     0.2381    -1.0997 -9.990e-29
 201.875926     -1.363   0.418647    17.3375    -1.8002     -1.352     0.2383    -1.0995 -9.990e-29
 201.875932     -1.356   0.418772    17.3403    -1.8000     -1.345     0.2384    -1.0999 -9.990e-29
 201.875937     -1.349   0.418822    17.3461    -1.7998     -1.338     0.2384    -1.1010 -9.990e-29
 201.875943     -1.344   0.418864    17.3536    -1.7996     -1.333     0.2384    -1.1023 -9.990e-29
 201.875949     -1.345   0.418951    17.3602    -1.7994     -1.334     0.2384    -1.1035 -9.990e-29
 201.875955     -1.349   0.419199    17.3638    -1.7994     -1.338     0.2385    -1.1040 -9.990e-29
 201.875961     -1.351   0.419385    17.3652    -1.7998     -1.340     0.2386    -1.1042 -9.990e-29
 201.875966     -1.351   0.419201    17.3661    -1.8005     -1.340     0.2385    -1.1044 -9.990e-29
 201.875972     -1.350   0.418956    17.3670    -1.8014     -1.339     0.2384    -1.1047 -9.990e-29
 201.875978     -1.346   0.418875    17.3684    -1.8018     -1.335     0.2383    -1.1050 -9.990e-29
 201.875984     -1.341   0.418848    17.3715    -1.8017     -1.330     0.2383    -1.1056 -9.990e-29
 201.875990     -1.338   0.418840    17.3758    -1.8021     -1.327     0.2382    -1.1064 -9.990e-29
 201.875995     -1.341   0.418838    17.3799    -1.8029     -1.330     0.2382    -1.1071 -9.990e-29
 201.876001     -1.346   0.418838    17.3819    -1.8035     -1.335     0.2382    -1.1075 -9.990e-29
 201.876007     -1.349   0.418839    17.3791    -1.8041     -1.338     0.2382    -1.1070 -9.990e-29
 201.876013     -1.350   0.418844    17.3693    -1.8045     -1.339     0.2383    -1.1052 -9.990e-29
 201.876019     -1.350   0.418856    17.3537    -1.8048     -1.339     0.2384    -1.1023 -9.990e-29
 201.876024     -1.348   0.418890    17.3374    -1.8049     -1.337     0.2385    -1.0993 -9.990e-29
 201.876030     -1.344   0.418991    17.3255    -1.8051     -1.333     0.2386    -1.0971 -9.990e-29
 201.876036     -1.338   0.419293    17.3164    -1.8056     -1.327     0.2388    -1.0953 -9.990e-29
 201.876042     -1.329   0.420198    17.3035    -1.8060     -1.318     0.2394    -1.0926 -9.990e-29
 201.876047     -1.317   0.422912    17.2853    -1.8066     -1.306     0.2411    -1.0881 -9.990e-29
 201.876053     -1.302   0.431051    17.2667    -1.8068     -1.291     0.2460    -1.0810 -9.990e-29
 201.876059     -1.282   0.444950    17.2513    -1.8065     -1.271     0.2542    -1.0720 -9.990e-29
 201.876065     -1.260   0.457678    17.2391    -1.8067     -1.249     0.2617    -1.0640 -9.990e-29
 201.876071     -1.243   0.465166    17.2296    -1.8075     -1.233     0.2662    -1.0589 -9.990e-29
 201.876076     -1.235   0.469096    17.2221    -1.8073     -1.225     0.2685    -1.0558 -9.990e-29
 201.876082     -1.231   0.471385    17.2141    -1.8071     -1.221     0.2699    -1.0533 -9.990e-29
 201.876088     -1.225   0.472869    17.2039    -1.8070     -1.215     0.2708    -1.0508 -9.990e-29
 201.876094     -1.219   0.473864    17.1924    -1.8069     -1.209     0.2715    -1.0482 -9.990e-29
 201.876100     -1.212   0.474590    17.1821    -1.8070     -1.202     0.2720    -1.0460 -9.990e-29
 201.876105     -1.202   0.474907    17.1766    -1.8068     -1.192     0.2722    -1.0449 -9.990e-29
 201.876111     -1.190   0.474683    17.1740    -1.8064     -1.180     0.2721    -1.0445 -9.990e-29
 201.876117     -1.178   0.474173    17.1682    -1.8068     -1.168     0.2718    -1.0437 -9.990e-29
 201.876123     -1.172   0.473801    17.1611    -1.8069     -1.162     0.2717    -1.0426 -9.990e-29
 201.876128     -1.169   0.473624    17.1590    -1.8064     -1.159     0.2716    -1.0423 -9.990e-29
 201.876134     -1.170   0.473406    17.1616    -1.8062     -1.160     0.2714    -1.0428 -9.990e-29
 201.876140     -1.171   0.473039    17.1650    -1.8066     -1.161     0.2712    -1.0436 -9.990e-29
 201.876146     -1.167   0.472589    17.1673    -1.8065     -1.157     0.2709    -1.0442 -9.990e-29
 201.876152     -1.163   0.472192    17.1690    -1.8062     -1.153     0.2707    -1.0447 -9.990e-29
 201.876157     -1.163   0.471874    17.1717    -1.8061     -1.153     0.2705    -1.0454 -9.990e-29
 201.876163     -1.165   0.471399    17.1739    -1.8063     -1.155     0.2702    -1.0460 -9.990e-29
 201.876169     -1.168   0.470688    17.1738    -1.8070     -1.158     0.2698    -1.0463 -9.990e-29
 201.876175     -1.165   0.469901    17.1748    -1.8081     -1.155     0.2693    -1.0468 -9.990e-29
 201.876181     -1.162   0.469097    17.1788    -1.8088     -1.152     0.2688    -1.0479 -9.990e-29
 201.876186     -1.158   0.468311    17.1818    -1.8091     -1.148     0.2683    -1.0488 -9.990e-29
 201.876192     -1.149   0.467606    17.1818    -1.8089     -1.139     0.2679    -1.0491 -9.990e-29
 201.876198     -1.138   0.467149    17.1826    -1.8084     -1.129     0.2676    -1.0495 -9.990e-29
 201.876204     -1.129   0.466887    17.1847    -1.8079     -1.120     0.2674    -1.0500 -9.990e-29
 201.876209     -1.121   0.466473    17.1840    -1.8075     -1.112     0.2672    -1.0500 -9.990e-29
 201.876215     -1.114   0.465908    17.1765    -1.8077     -1.105     0.2669    -1.0489 -9.990e-29
 201.876221     -1.107   0.465549    17.1609    -1.8079     -1.098     0.2668    -1.0463 -9.990e-29
 201.876227     -1.100   0.465472    17.1413    -1.8073     -1.091     0.2669    -1.0428 -9.990e-29
 201.876233     -1.093   0.465573    17.1257    -1.8074     -1.084     0.2670    -1.0399 -9.990e-29
 201.876238     -1.085   0.465989    17.1190    -1.8075     -1.076     0.2673    -1.0385 -9.990e-29
 201.876244     -1.075   0.466723    17.1207    -1.8074     -1.066     0.2678    -1.0385 -9.990e-29
 201.876250     -1.072   0.467648    17.1275    -1.8072     -1.063     0.2683    -1.0393 -9.990e-29
 201.876256     -1.084   0.468893    17.1362    -1.8067     -1.075     0.2689    -1.0403 -9.990e-29
 201.876262     -1.098   0.470457    17.1428    -1.8064     -1.089     0.2698    -1.0408 -9.990e-29
 201.876267     -1.104   0.472212    17.1446    -1.8060     -1.095     0.2708    -1.0403 -9.990e-29
 201.876273     -1.105   0.474287    17.1458    -1.8057     -1.096     0.2720    -1.0396 -9.990e-29
 201.876279     -1.105   0.476681    17.1490    -1.8052     -1.096     0.2734    -1.0391 -9.990e-29
 201.876285     -1.106   0.479268    17.1507    -1.8053     -1.097     0.2749    -1.0382 -9.990e-29
 201.876291     -1.106   0.482176    17.1511    -1.8059     -1.097     0.2767    -1.0370 -9.990e-29
 201.876296     -1.107   0.485409    17.1536    -1.8064     -1.098     0.2785    -1.0359 -9.990e-29
 201.876302     -1.107   0.488851    17.1598    -1.8066     -1.098     0.2805    -1.0355 -9.990e-29
 201.876308     -1.107   0.492662    17.1685    -1.8065     -1.098     0.2827    -1.0354 -9.990e-29
 201.876314     -1.107   0.496943    17.1774    -1.8062     -1.098     0.2852    -1.0350 -9.990e-29
 201.876319     -1.107   0.501314    17.1857    -1.8057     -1.098     0.2877    -1.0346 -9.990e-29
 201.876325     -1.106   0.505516    17.1933    -1.8058     -1.097     0.2901    -1.0340 -9.990e-29
 201.876331     -1.106   0.509615    17.1978    -1.8057     -1.097     0.2925    -1.0330 -9.990e-29
 201.876337     -1.106   0.513542    17.1953    -1.8055     -1.097     0.2949    -1.0307 -9.990e-29
 201.876343     -1.105   0.517552    17.1863    -1.8054     -1.096     0.2973    -1.0273 -9.990e-29
 201.876348     -1.104   0.522013    17.1768    -1.8052     -1.095     0.3000    -1.0235 -9.990e-29
 201.876354     -1.103   0.526782    17.1717    -1.8051     -1.094     0.3028    -1.0204 -9.990e-29
 201.876360     -1.101   0.531579    17.1724    -1.8051     -1.092     0.3057    -1.0184 -9.990e-29
 201.876366     -1.099   0.536157    17.1777    -1.8055     -1.090     0.3083    -1.0173 -9.990e-29
 201.876372     -1.097   0.539977    17.1838    -1.8057     -1.088     0.3106    -1.0166 -9.990e-29
 201.876377     -1.094   0.542598    17.1876    -1.8059     -1.085     0.3121    -1.0161 -9.990e-29
 201.876383     -1.090   0.544195    17.1904    -1.8063     -1.081     0.3130    -1.0159 -9.990e-29
 201.876389     -1.084   0.545237    17.1940    -1.8064     -1.075     0.3136    -1.0161 -9.990e-29
 201.876395     -1.077   0.546007    17.1980    -1.8064     -1.068     0.3140    -1.0165 -9.990e-29
 201.876400     -1.073   0.546426    17.2012    -1.8066     -1.064     0.3143    -1.0169 -9.990e-29
 201.876406     -1.075   0.546501    17.2022    -1.8065     -1.066     0.3143    -1.0170 -9.990e-29
 201.876412     -1.079   0.546334    17.1996    -1.8059     -1.070     0.3142    -1.0166 -9.990e-29
 201.876418     -1.081   0.546259    17.1941    -1.8058     -1.072     0.3142    -1.0156 -9.990e-29
 201.876424     -1.081   0.546728    17.1881    -1.8058     -1.072     0.3145    -1.0143 -9.990e-29
 201.876429     -1.080   0.547262    17.1821    -1.8065     -1.071     0.3149    -1.0130 -9.990e-29
 201.876435     -1.077   0.546915    17.1762    -1.8069     -1.068     0.3147    -1.0121 -9.990e-29
 201.876441     -1.072   0.545779    17.1722    -1.8072     -1.063     0.3141    -1.0119 -9.990e-29
 201.876447     -1.065   0.544555    17.1707    -1.8077     -1.056     0.3134    -1.0122 -9.990e-29
 201.876453     -1.055   0.543273    17.1709    -1.8079     -1.046     0.3126    -1.0128 -9.990e-29
 201.876458     -1.046   0.541883    17.1739    -1.8080     -1.037     0.3118    -1.0140 -9.990e-29
 201.876464     -1.046   0.540750    17.1789    -1.8077     -1.037     0.3111    -1.0154 -9.990e-29
 201.876470     -1.054   0.540025    17.1817    -1.8076     -1.045     0.3106    -1.0162 -9.990e-29
 201.876476     -1.064   0.539295    17.1785    -1.8079     -1.055     0.3102    -1.0160 -9.990e-29
 201.876481     -1.071   0.538142    17.1696    -1.8083     -1.062     0.3096    -1.0149 -9.990e-29
 201.876487     -1.075   0.536692    17.1589    -1.8081     -1.066     0.3088    -1.0136 -9.990e-29
 201.876493     -1.077   0.535226    17.1488    -1.8079     -1.068     0.3080    -1.0124 -9.990e-29
 201.876499     -1.078   0.534006    17.1397    -1.8079     -1.069     0.3073    -1.0113 -9.990e-29
 201.876505     -1.076   0.533068    17.1333    -1.8076     -1.067     0.3068    -1.0106 -9.990e-29
 201.876510     -1.073   0.532269    17.1316    -1.8070     -1.064     0.3064    -1.0106 -9.990e-29
 201.876516     -1.067   0.531654    17.1330    -1.8069     -1.058     0.3060    -1.0112 -9.990e-29
 201.876522     -1.058   0.530958    17.1329    -1.8067     -1.049     0.3056    -1.0115 -9.990e-29
 201.876528     -1.047   0.529809    17.1295    -1.8070     -1.038     0.3049    -1.0114 -9.990e-29
 201.876534     -1.031   0.528336    17.1264    -1.8070     -1.022     0.3041    -1.0115 -9.990e-29
 201.876539     -1.015   0.526790    17.1274    -1.8065     -1.007     0.3032    -1.0124 -9.990e-29
 201.876545     -1.001   0.525325    17.1314    -1.8063     -0.993     0.3023    -1.0138 -9.990e-29
 201.876551     -0.990   0.524203    17.1367    -1.8065     -0.982     0.3016    -1.0152 -9.990e-29
 201.876557     -0.983   0.523592    17.1439    -1.8074     -0.975     0.3012    -1.0168 -9.990e-29
 201.876563     -0.986   0.523231    17.1518    -1.8074     -0.978     0.3009    -1.0184 -9.990e-29
 201.876568     -0.994   0.522640    17.1577    -1.8070     -0.986     0.3005    -1.0198 -9.990e-29
 201.876574     -1.000   0.521587    17.1607    -1.8070     -0.992     0.2998    -1.0208 -9.990e-29
 201.876580     -0.998   0.520329    17.1615    -1.8074     -0.990     0.2991    -1.0215 -9.990e-29
 201.876586     -0.994   0.519405    17.1633    -1.8074     -0.986     0.2985    -1.0223 -9.990e-29
 201.876591     -0.995   0.519247    17.1670    -1.8074     -0.987     0.2984    -1.0230 -9.990e-29
 201.876597     -1.002   0.519643    17.1683    -1.8075     -0.994     0.2986    -1.0231 -9.990e-29
 201.876603     -1.006   0.520018    17.1633    -1.8078     -0.998     0.2989    -1.0220 -9.990e-29
 201.876609     -1.004   0.520319    17.1553    -1.8076     -0.996     0.2991    -1.0204 -9.990e-29
 201.876615     -0.995   0.520947    17.1514    -1.8077     -0.987     0.2995    -1.0194 -9.990e-29
 201.876620     -0.984   0.522189    17.1520    -1.8076     -0.976     0.3003    -1.0189 -9.990e-29
 201.876626     -0.973   0.524040    17.1514    -1.8084     -0.965     0.3014    -1.0180 -9.990e-29
 201.876632     -0.962   0.526204    17.1480    -1.8086     -0.954     0.3027    -1.0164 -9.990e-29
 201.876638     -0.955   0.528244    17.1447    -1.8084     -0.947     0.3039    -1.0149 -9.990e-29
 201.876644     -0.951   0.530112    17.1424    -1.8087     -0.943     0.3050    -1.0136 -9.990e-29
 201.876649     -0.945   0.532086    17.1389    -1.8091     -0.937     0.3062    -1.0121 -9.990e-29
 201.876655     -0.942   0.534586    17.1350    -1.8099     -0.934     0.3077    -1.0102 -9.990e-29
 201.876661     -0.942   0.538181    17.1330    -1.8116     -0.934     0.3099    -1.0082 -9.990e-29
 201.876667     -0.935   0.543235    17.1308    -1.8135     -0.927     0.3129    -1.0055 -9.990e-29
 201.876672     -0.921   0.549292    17.1246    -1.8139     -0.913     0.3165    -1.0016 -9.990e-29
 201.876678     -0.908   0.556678    17.1152    -1.8136     -0.900     0.3210    -0.9965 -9.990e-29
 201.876684     -0.900   0.564724    17.1079    -1.8134     -0.892     0.3258    -0.9915 -9.990e-29
 201.876690     -0.896   0.570317    17.1027    -1.8137     -0.889     0.3292    -0.9880 -9.990e-29
 201.876696     -0.895   0.573167    17.0942    -1.8137     -0.888     0.3309    -0.9852 -9.990e-29
 201.876701     -0.898   0.574860    17.0785    -1.8142     -0.891     0.3321    -0.9815 -9.990e-29
 201.876707     -0.905   0.576547    17.0522    -1.8154     -0.897     0.3333    -0.9760 -9.990e-29
 201.876713     -0.916   0.579369    17.0168    -1.8166     -0.908     0.3352    -0.9683 -9.990e-29
 201.876719     -0.928   0.583218    16.9841    -1.8172     -0.920     0.3378    -0.9606 -9.990e-29
 201.876725     -0.933   0.587135    16.9661    -1.8178     -0.925     0.3403    -0.9556 -9.990e-29
 201.876730     -0.926   0.590254    16.9613    -1.6802     -0.918     0.3422    -0.9533 -9.990e-29
 201.876736     -0.913   0.592308    16.9599    -1.6070     -0.905     0.3434    -0.9521 -9.990e-29
 201.876742     -0.895   0.593821    16.9561    -1.6368     -0.888     0.3444    -0.9507 -9.990e-29
 201.876748     -0.873   0.596259    16.9472    -1.6403     -0.866     0.3459    -0.9480 -9.990e-29
 201.876753     -0.848   0.603426    16.9281    -1.6333     -0.841     0.3504    -0.9412 -9.990e-29
 201.876759     -0.824   0.625987    16.8945    -1.6461     -0.817     0.3642    -0.9247 -9.990e-29
 201.876765     -0.799   0.694024    16.8408    -1.6505     -0.792     0.4057    -0.8835 -9.990e-29
 201.876771     -0.772   0.896042    16.7351    -1.6509     -0.766     0.5302    -0.7694 -9.990e-29
 201.876777     -0.741   1.496968    16.4640    -1.6513     -0.735     0.9121    -0.4293 -9.990e-29
 201.876782     -0.703   3.293058    15.7020    -1.6517     -0.697     2.1337     0.6366 -9.990e-29
 201.876788     -0.657   8.676883    14.4383    -1.6512     -0.652     6.1961     3.9591 -9.990e-29
 201.876794     -0.599  18.716394    13.3296    -1.6524     -0.594    14.6469    10.6295 -9.990e-29
 201.876800     -0.530  28.703692    12.7612    -1.6533     -0.526    23.7441    17.7343 -9.990e-29
