data/oxygen options/OCNMS/OCNMS1/raw_data/2022/CAST_TH042_220721faed.cnv
* Sea-Bird SBE 19 Data File:
* FileName = C:\2022 Mooring Data\Casts\CAST_TH042_220721.hex
* Software Version SeatermAF 2.1.2
* Temperature SN = 2997
* Conductivity SN = 2997
* System UpLoad Time = Jul 21 2022 01:05:31 (localtime) = Jul 21 2022 01:05:31 (UTC)
** CAST_TH042_220721
* ds
# nquan = 9                                 
# nvalues = 1451                        
# units = specified
# name 0 = timeJ: Julian Days
# name 1 = prSM: Pressure, Strain Gauge [db]
# name 2 = c0mS/cm: Conductivity [mS/cm]
# name 3 = t090C: Temperature [ITS-90, deg C]
# name 4 = sbeox0ML/L: Oxygen, SBE 43 [ml/l]
# name 5 = depSM: Depth [salt water, m], lat = 47.5
# name 6 = sal00: Salinity, Practical [PSU]
# name 7 = sigma-é00: Density [sigma-theta, kg/m^3]
# name 8 = flag: flag
# span 0 = 201.990174, 201.998565       
# span 1 =     -6.137,     41.308       
# span 2 =   0.317530,  39.012674       
# span 3 =     7.3979,    17.7475       
# span 4 =    -1.8086,    17.8292       
# span 5 =     -6.086,     40.959       
# span 6 =     0.1786,    33.7994       
# span 7 =    -1.2182,    26.4181       
# span 8 = 0.0000e+00, 0.0000e+00       
# interval = seconds: 0.5
# start_time = Jul 20 2022 23:45:51 [Instrument's time stamp, header]
# bad_flag = -9.990e-29
*END*
 201.990174     -6.137 -9.990e-29    17.5076    -1.7929     -6.086 -9.990e-29 -9.990e-29 -9.990e-29
 201.990179     -6.112   0.317589    17.5104    -1.7930     -6.061     0.1792    -1.1760 -9.990e-29
 201.990185     -6.085   0.317589    17.5152    -1.7932     -6.034     0.1792    -1.1769 -9.990e-29
 201.990191     -6.058   0.317589    17.5217    -1.7929     -6.008     0.1792    -1.1781 -9.990e-29
 201.990197     -6.029   0.317589    17.5290    -1.7926     -5.979     0.1792    -1.1794 -9.990e-29
 201.990203     -6.000   0.317589    17.5360    -1.7923     -5.950     0.1791    -1.1807 -9.990e-29
 201.990208     -5.975   0.317588    17.5420    -1.7921     -5.925     0.1791    -1.1818 -9.990e-29
 201.990214     -5.950   0.317587    17.5470    -1.7923     -5.900     0.1791    -1.1827 -9.990e-29
 201.990220     -5.926   0.317586    17.5521    -1.7926     -5.877     0.1791    -1.1837 -9.990e-29
 201.990226     -5.900   0.317585    17.5562    -1.7927     -5.851     0.1791    -1.1844 -9.990e-29
 201.990231     -5.870   0.317584    17.5579    -1.7927     -5.821     0.1790    -1.1847 -9.990e-29
 201.990237     -5.836   0.317583    17.5598    -1.7923     -5.787     0.1790    -1.1851 -9.990e-29
 201.990243     -5.798   0.317582    17.5645    -1.7923     -5.750     0.1790    -1.1859 -9.990e-29
 201.990249     -5.762   0.317581    17.5707    -1.7923     -5.714     0.1790    -1.1871 -9.990e-29
 201.990255     -5.732   0.317580    17.5763    -1.7922     -5.684     0.1790    -1.1881 -9.990e-29
 201.990260     -5.705   0.317579    17.5791    -1.7920     -5.657     0.1790    -1.1886 -9.990e-29
 201.990266     -5.680   0.317578    17.5775    -1.7918     -5.633     0.1790    -1.1883 -9.990e-29
 201.990272     -5.654   0.317577    17.5736    -1.7919     -5.607     0.1790    -1.1876 -9.990e-29
 201.990278     -5.626   0.317576    17.5713    -1.7917     -5.579     0.1790    -1.1872 -9.990e-29
 201.990284     -5.594   0.317575    17.5729    -1.7914     -5.547     0.1790    -1.1875 -9.990e-29
 201.990289     -5.557   0.317574    17.5769    -1.7913     -5.511     0.1790    -1.1882 -9.990e-29
 201.990295     -5.515   0.317573    17.5800    -1.7914     -5.469     0.1790    -1.1888 -9.990e-29
 201.990301     -5.476   0.317572    17.5821    -1.7914     -5.430     0.1789    -1.1892 -9.990e-29
 201.990307     -5.441   0.317571    17.5848    -1.7916     -5.396     0.1789    -1.1897 -9.990e-29
 201.990312     -5.408   0.317570    17.5887    -1.7917     -5.363     0.1789    -1.1904 -9.990e-29
 201.990318     -5.374   0.317569    17.5928    -1.7918     -5.329     0.1789    -1.1911 -9.990e-29
 201.990324     -5.337   0.317568    17.5966    -1.7917     -5.293     0.1789    -1.1918 -9.990e-29
 201.990330     -5.304   0.317567    17.6004    -1.7917     -5.260     0.1789    -1.1925 -9.990e-29
 201.990336     -5.285   0.317566    17.6041    -1.7917     -5.241     0.1788    -1.1932 -9.990e-29
 201.990341     -5.275   0.317565    17.6064    -1.7918     -5.231     0.1788    -1.1936 -9.990e-29
 201.990347     -5.261   0.317564    17.6069    -1.7919     -5.217     0.1788    -1.1937 -9.990e-29
 201.990353     -5.241   0.317563    17.6059    -1.7921     -5.197     0.1788    -1.1935 -9.990e-29
 201.990359     -5.218   0.317562    17.6038    -1.7920     -5.175     0.1788    -1.1932 -9.990e-29
 201.990365     -5.192   0.317561    17.6016    -1.7917     -5.149     0.1789    -1.1927 -9.990e-29
 201.990370     -5.164   0.317560    17.6001    -1.7915     -5.121     0.1789    -1.1925 -9.990e-29
 201.990376     -5.137   0.317559    17.5998    -1.7913     -5.094     0.1789    -1.1924 -9.990e-29
 201.990382     -5.110   0.317558    17.5999    -1.7912     -5.067     0.1789    -1.1924 -9.990e-29
 201.990388     -5.085   0.317557    17.5992    -1.7906     -5.043     0.1789    -1.1923 -9.990e-29
 201.990394     -5.064   0.317556    17.5972    -1.7904     -5.022     0.1789    -1.1919 -9.990e-29
 201.990399     -5.043   0.317555    17.5949    -1.7902     -5.001     0.1789    -1.1915 -9.990e-29
 201.990405     -5.015   0.317554    17.5941    -1.7898     -4.973     0.1789    -1.1914 -9.990e-29
 201.990411     -4.983   0.317553    17.5965    -1.7898     -4.941     0.1789    -1.1918 -9.990e-29
 201.990417     -4.954   0.317552    17.6017    -1.7900     -4.913     0.1788    -1.1928 -9.990e-29
 201.990422     -4.930   0.317551    17.6074    -1.7904     -4.889     0.1788    -1.1938 -9.990e-29
 201.990428     -4.909   0.317550    17.6128    -1.7907     -4.868     0.1788    -1.1948 -9.990e-29
 201.990434     -4.890   0.317549    17.6196    -1.7909     -4.849     0.1788    -1.1961 -9.990e-29
 201.990440     -4.872   0.317548    17.6285    -1.7912     -4.831     0.1787    -1.1977 -9.990e-29
 201.990446     -4.854   0.317547    17.6371    -1.7915     -4.814     0.1787    -1.1993 -9.990e-29
 201.990451     -4.834   0.317546    17.6445    -1.7917     -4.794     0.1787    -1.2006 -9.990e-29
 201.990457     -4.811   0.317546    17.6501    -1.7918     -4.771     0.1787    -1.2017 -9.990e-29
 201.990463     -4.785   0.317546    17.6514    -1.7925     -4.745     0.1786    -1.2019 -9.990e-29
 201.990469     -4.753   0.317548    17.6475    -1.7935     -4.713     0.1787    -1.2012 -9.990e-29
 201.990475     -4.717   0.317556    17.6402    -1.7943     -4.678     0.1787    -1.1998 -9.990e-29
 201.990480     -4.684   0.317582    17.6323    -1.7949     -4.645     0.1787    -1.1984 -9.990e-29
 201.990486     -4.655   0.317663    17.6246    -1.7952     -4.616     0.1788    -1.1969 -9.990e-29
 201.990492     -4.630   0.317908    17.6169    -1.7952     -4.591     0.1790    -1.1954 -9.990e-29
 201.990498     -4.606   0.318091    17.6094    -1.7953     -4.568     0.1791    -1.1939 -9.990e-29
 201.990503     -4.582   0.317906    17.6020    -1.7954     -4.544     0.1790    -1.1927 -9.990e-29
 201.990509     -4.557   0.317659    17.5920    -1.7953     -4.519     0.1789    -1.1909 -9.990e-29
 201.990515     -4.528   0.317576    17.5758    -1.7951     -4.490     0.1790    -1.1880 -9.990e-29
 201.990521     -4.498   0.317547    17.5553    -1.7949     -4.461     0.1790    -1.1842 -9.990e-29
 201.990527     -4.471   0.317537    17.5357    -1.7949     -4.434     0.1791    -1.1806 -9.990e-29
 201.990532     -4.443   0.317533    17.5205    -1.7948     -4.406     0.1792    -1.1779 -9.990e-29
 201.990538     -4.417   0.317531    17.5108    -1.7946     -4.380     0.1792    -1.1761 -9.990e-29
 201.990544     -4.397   0.317530    17.5057    -1.7944     -4.360     0.1792    -1.1751 -9.990e-29
 201.990550     -4.380   0.317530    17.5030    -1.7942     -4.343     0.1792    -1.1747 -9.990e-29
 201.990556     -4.366   0.317530    17.5023    -1.7938     -4.330     0.1792    -1.1745 -9.990e-29
 201.990561     -4.354   0.317532    17.5041    -1.7935     -4.318     0.1792    -1.1749 -9.990e-29
 201.990567     -4.343   0.317540    17.5077    -1.7932     -4.307     0.1792    -1.1755 -9.990e-29
 201.990573     -4.332   0.317566    17.5115    -1.7933     -4.296     0.1792    -1.1762 -9.990e-29
 201.990579     -4.320   0.317648    17.5150    -1.7938     -4.284     0.1793    -1.1768 -9.990e-29
 201.990584     -4.308   0.317894    17.5188    -1.7938     -4.272     0.1794    -1.1774 -9.990e-29
 201.990590     -4.293   0.318081    17.5237    -1.7936     -4.257     0.1795    -1.1782 -9.990e-29
 201.990596     -4.272   0.317908    17.5298    -1.7940     -4.236     0.1793    -1.1794 -9.990e-29
 201.990602     -4.242   0.317698    17.5367    -1.7942     -4.207     0.1792    -1.1807 -9.990e-29
 201.990608     -4.214   0.317724    17.5442    -1.7939     -4.179     0.1792    -1.1821 -9.990e-29
 201.990613     -4.191   0.318023    17.5515    -1.7936     -4.156     0.1793    -1.1833 -9.990e-29
 201.990619     -4.163   0.318444    17.5562    -1.7932     -4.128     0.1795    -1.1840 -9.990e-29
 201.990625     -4.129   0.318441    17.5557    -1.7924     -4.095     0.1795    -1.1839 -9.990e-29
 201.990631     -4.094   0.318012    17.5519    -1.7917     -4.060     0.1793    -1.1834 -9.990e-29
 201.990637     -4.060   0.317692    17.5494    -1.7912     -4.026     0.1791    -1.1831 -9.990e-29
 201.990642     -4.026   0.317611    17.5478    -1.7908     -3.992     0.1791    -1.1828 -9.990e-29
 201.990648     -3.989   0.317660    17.5452    -1.7905     -3.956     0.1791    -1.1823 -9.990e-29
 201.990654     -3.952   0.317906    17.5448    -1.7899     -3.919     0.1793    -1.1821 -9.990e-29
 201.990660     -3.919   0.318125    17.5495    -1.7895     -3.886     0.1794    -1.1829 -9.990e-29
 201.990666     -3.895   0.318058    17.5586    -1.7893     -3.863     0.1793    -1.1846 -9.990e-29
 201.990671     -3.876   0.318170    17.5716    -1.7895     -3.844     0.1793    -1.1869 -9.990e-29
 201.990677     -3.862   0.318613    17.5880    -1.7905     -3.830     0.1795    -1.1898 -9.990e-29
 201.990683     -3.853   0.318872    17.6047    -1.7919     -3.821     0.1796    -1.1927 -9.990e-29
 201.990689     -3.846   0.318739    17.6191    -1.7925     -3.814     0.1795    -1.1954 -9.990e-29
 201.990694     -3.842   0.318591    17.6317    -1.7933     -3.810     0.1793    -1.1978 -9.990e-29
 201.990700     -3.837   0.318786    17.6439    -1.7942     -3.805     0.1794    -1.2000 -9.990e-29
 201.990706     -3.826   0.319031    17.6557    -1.7945     -3.794     0.1795    -1.2020 -9.990e-29
 201.990712     -3.812   0.319100    17.6646    -1.7946     -3.780     0.1795    -1.2037 -9.990e-29
 201.990718     -3.799   0.319089    17.6666    -1.7943     -3.767     0.1795    -1.2040 -9.990e-29
 201.990723     -3.786   0.318984    17.6574    -1.7943     -3.754     0.1794    -1.2024 -9.990e-29
 201.990729     -3.771   0.318644    17.6365    -1.7939     -3.740     0.1793    -1.1987 -9.990e-29
 201.990735     -3.755   0.318174    17.6109    -1.7931     -3.724     0.1792    -1.1942 -9.990e-29
 201.990741     -3.737   0.318055    17.5872    -1.7922     -3.706     0.1792    -1.1898 -9.990e-29
 201.990747     -3.718   0.318129    17.5657    -1.7918     -3.687     0.1793    -1.1859 -9.990e-29
 201.990752     -3.703   0.317942    17.5475    -1.7917     -3.672     0.1793    -1.1826 -9.990e-29
 201.990758     -3.686   0.317801    17.5367    -1.7916     -3.655     0.1793    -1.1807 -9.990e-29
 201.990764     -3.661   0.318070    17.5338    -1.7915     -3.630     0.1794    -1.1800 -9.990e-29
 201.990770     -3.633   0.318557    17.5365    -1.7914     -3.603     0.1797    -1.1803 -9.990e-29
 201.990775     -3.606   0.318806    17.5431    -1.7911     -3.576     0.1798    -1.1814 -9.990e-29
 201.990781     -3.584   0.318597    17.5549    -1.7910     -3.554     0.1796    -1.1837 -9.990e-29
 201.990787     -3.566   0.318205    17.5716    -1.7909     -3.536     0.1793    -1.1869 -9.990e-29
 201.990793     -3.550   0.318217    17.5885    -1.7907     -3.520     0.1793    -1.1900 -9.990e-29
 201.990799     -3.535   0.318651    17.6008    -1.7907     -3.506     0.1795    -1.1921 -9.990e-29
 201.990804     -3.520   0.318980    17.6081    -1.7907     -3.491     0.1796    -1.1933 -9.990e-29
 201.990810     -3.505   0.319089    17.6126    -1.7910     -3.476     0.1797    -1.1941 -9.990e-29
 201.990816     -3.489   0.319125    17.6162    -1.7912     -3.460     0.1797    -1.1947 -9.990e-29
 201.990822     -3.469   0.319136    17.6206    -1.7913     -3.440     0.1797    -1.1955 -9.990e-29
 201.990828     -3.450   0.319139    17.6257    -1.7912     -3.421     0.1797    -1.1965 -9.990e-29
 201.990833     -3.435   0.319140    17.6303    -1.7909     -3.406     0.1796    -1.1973 -9.990e-29
 201.990839     -3.418   0.319139    17.6342    -1.7907     -3.390     0.1796    -1.1980 -9.990e-29
 201.990845     -3.398   0.319138    17.6369    -1.7904     -3.370     0.1796    -1.1985 -9.990e-29
 201.990851     -3.378   0.319137    17.6377    -1.7901     -3.350     0.1796    -1.1987 -9.990e-29
 201.990856     -3.357   0.319136    17.6358    -1.7899     -3.329     0.1796    -1.1983 -9.990e-29
 201.990862     -3.338   0.319135    17.6316    -1.7902     -3.310     0.1796    -1.1975 -9.990e-29
 201.990868     -3.323   0.319134    17.6278    -1.7902     -3.295     0.1796    -1.1968 -9.990e-29
 201.990874     -3.313   0.319133    17.6267    -1.7898     -3.285     0.1796    -1.1966 -9.990e-29
 201.990880     -3.306   0.319132    17.6290    -1.7896     -3.278     0.1796    -1.1971 -9.990e-29
 201.990885     -3.302   0.319131    17.6342    -1.7899     -3.274     0.1796    -1.1980 -9.990e-29
 201.990891     -3.296   0.319130    17.6408    -1.7904     -3.269     0.1796    -1.1992 -9.990e-29
 201.990897     -3.284   0.319129    17.6478    -1.7917     -3.257     0.1796    -1.2005 -9.990e-29
 201.990903     -3.269   0.319129    17.6542    -1.7928     -3.242     0.1795    -1.2017 -9.990e-29
 201.990909     -3.255   0.319128    17.6577    -1.7943     -3.228     0.1795    -1.2024 -9.990e-29
 201.990914     -3.241   0.319128    17.6582    -1.7959     -3.214     0.1795    -1.2024 -9.990e-29
 201.990920     -3.225   0.319128    17.6596    -1.7969     -3.198     0.1795    -1.2027 -9.990e-29
 201.990926     -3.206   0.319127    17.6626    -1.7977     -3.179     0.1795    -1.2033 -9.990e-29
 201.990932     -3.184   0.319127    17.6626    -1.7984     -3.157     0.1795    -1.2033 -9.990e-29
 201.990938     -3.158   0.319127    17.6550    -1.7988     -3.132     0.1795    -1.2019 -9.990e-29
 201.990943     -3.129   0.319126    17.6372    -1.7987     -3.103     0.1796    -1.1986 -9.990e-29
 201.990949     -3.104   0.319126    17.6096    -1.7982     -3.078     0.1797    -1.1935 -9.990e-29
 201.990955     -3.087   0.319126    17.5758    -1.7976     -3.061     0.1798    -1.1873 -9.990e-29
 201.990961     -3.071   0.319125    17.5388    -1.7971     -3.045     0.1800    -1.1805 -9.990e-29
 201.990966     -3.052   0.319125    17.5028    -1.7965     -3.027     0.1801    -1.1739 -9.990e-29
 201.990972     -3.032   0.319125    17.4724    -1.7961     -3.007     0.1803    -1.1683 -9.990e-29
 201.990978     -3.014   0.319126    17.4489    -1.7969     -2.989     0.1804    -1.1640 -9.990e-29
 201.990984     -2.999   0.319127    17.4323    -1.7978     -2.974     0.1804    -1.1610 -9.990e-29
 201.990990     -2.983   0.319131    17.4238    -1.7982     -2.958     0.1805    -1.1595 -9.990e-29
 201.990995     -2.972   0.319144    17.4244    -1.7984     -2.947     0.1805    -1.1596 -9.990e-29
 201.991001     -2.967   0.319183    17.4329    -1.7985     -2.942     0.1805    -1.1611 -9.990e-29
 201.991007     -2.965   0.319301    17.4455    -1.7986     -2.940     0.1805    -1.1633 -9.990e-29
 201.991013     -2.962   0.319656    17.4583    -1.7985     -2.937     0.1806    -1.1655 -9.990e-29
 201.991019     -2.957   0.320168    17.4686    -1.7982     -2.932     0.1809    -1.1672 -9.990e-29
 201.991024     -2.949   0.320415    17.4711    -1.7978     -2.924     0.1810    -1.1675 -9.990e-29
 201.991030     -2.939   0.320170    17.4619    -1.7976     -2.914     0.1809    -1.1660 -9.990e-29
 201.991036     -2.929   0.319662    17.4465    -1.7974     -2.905     0.1807    -1.1634 -9.990e-29
 201.991042     -2.924   0.319320    17.4338    -1.7974     -2.900     0.1805    -1.1612 -9.990e-29
 201.991047     -2.920   0.319242    17.4263    -1.7971     -2.896     0.1805    -1.1599 -9.990e-29
 201.991053     -2.910   0.319325    17.4227    -1.7968     -2.886     0.1806    -1.1592 -9.990e-29
 201.991059     -2.900   0.319680    17.4219    -1.7965     -2.876     0.1808    -1.1589 -9.990e-29
 201.991065     -2.892   0.320229    17.4245    -1.7963     -2.868     0.1811    -1.1591 -9.990e-29
 201.991071     -2.882   0.320597    17.4306    -1.7960     -2.858     0.1813    -1.1601 -9.990e-29
 201.991076     -2.865   0.320719    17.4381    -1.7957     -2.841     0.1813    -1.1614 -9.990e-29
 201.991082     -2.845   0.320759    17.4447    -1.7953     -2.821     0.1813    -1.1626 -9.990e-29
 201.991088     -2.828   0.320771    17.4500    -1.7949     -2.804     0.1813    -1.1635 -9.990e-29
 201.991094     -2.813   0.320771    17.4554    -1.7946     -2.790     0.1813    -1.1645 -9.990e-29
