data/oxygen options/OCNMS/OCNMS1/raw_data/2022/CAST_CA042_220718faed.cnv
* Sea-Bird SBE 19 Data File:
* FileName = C:\2022 Mooring Data\Casts\CAST_CA042_220718.hex
* Software Version SeatermAF 2.1.2
* Temperature SN = 2997
* Conductivity SN = 2997
* System UpLoad Time = Jul 18 2022 23:17:37 (localtime) = Jul 18 2022 23:17:37 (UTC)
** CAST_CA042_220718
* ds
# nquan = 9                                 
# nvalues = 1159                        
# units = specified
# name 0 = timeJ: Julian Days
# name 1 = prSM: Pressure, Strain Gauge [db]
# name 2 = c0mS/cm: Conductivity [mS/cm]
# name 3 = t090C: Temperature [ITS-90, deg C]
# name 4 = sbeox0ML/L: Oxygen, SBE 43 [ml/l]
# name 5 = depSM: Depth [salt water, m], lat = 47.5
# name 6 = sal00: Salinity, Practical [PSU]
# name 7 = sigma-é00: Density [sigma-theta, kg/m^3]
# name 8 = flag: flag
# span 0 = 199.961169, 199.967870       
# span 1 =     -5.591,     43.893       
# span 2 =   0.393326,  38.106551       
# span 3 =     7.5864,    16.5348       
# span 4 =    -1.8659,    18.5717       
# span 5 =     -5.544,     43.522       
# span 6 =     0.2289,    33.4310       
# span 7 =    -0.9597,    26.1020       
# span 8 = 0.0000e+00, 0.0000e+00       
# interval = seconds: 0.5
# start_time = Jul 18 2022 23:04:05 [Instrument's time stamp, header]
# bad_flag = -9.990e-29
*END*
[from data line 961]
 199.966730     43.003  34.408526     7.6071     2.4517     42.640    33.4224    26.0923 0.0000e+00
 199.966736     42.792  34.405842     7.6030     2.4390     42.430    33.4236    26.0938 0.0000e+00
 199.966742     42.572  34.405032     7.5999     2.4536     42.212    33.4258    26.0960 0.0000e+00
 199.966748     42.349  34.404479     7.5978     2.4469     41.991    33.4273    26.0975 0.0000e+00
 199.966753     42.115  34.403094     7.5956     2.4380     41.759    33.4280    26.0984 0.0000e+00
 199.966759     41.857  34.401290     7.5933     2.4461     41.503    33.4284    26.0990 0.0000e+00
 199.966765     41.563  34.399681     7.5919     2.4374     41.212    33.4282    26.0990 0.0000e+00
 199.966771     41.234  34.398410     7.5914     2.4380     40.886    33.4274    26.0985 0.0000e+00
 199.966777     40.888  34.397135     7.5915     2.4473     40.543    33.4261    26.0974 0.0000e+00
 199.966782     40.542  34.395879     7.5923     2.4499     40.200    33.4242    26.0958 0.0000e+00
 199.966788     40.209  34.394690     7.5940     2.4104     39.870    33.4214    26.0934 0.0000e+00
 199.966794     39.897  34.393705     7.5976     2.4720     39.560    33.4170    26.0894 0.0000e+00
 199.966800     39.602  34.393893     7.6041     2.5306     39.268    33.4111    26.0838 0.0000e+00
 199.966806     39.316  34.395543     7.6139     2.6358     38.984    33.4036    26.0765 0.0000e+00
 199.966811     39.029  34.398096     7.6299     2.7894     38.700    33.3911    26.0644 0.0000e+00
 199.966817     38.730  34.402196     7.6655     2.8586     38.403    33.3615    26.0361 0.0000e+00
 199.966823     38.413  34.411109     7.7455     3.0652     38.089    33.2947    25.9721 0.0000e+00
 199.966829     38.077  34.432838     7.8713     3.2536     37.756    33.1982    25.8782 0.0000e+00
 199.966834     37.720  34.469512     8.0044     3.4000     37.402    33.1113    25.7906 0.0000e+00
 199.966840     37.354  34.510703     8.1186     3.5028     37.039    33.0475    25.7238 0.0000e+00
 199.966846     36.998  34.553701     8.2247     3.5198     36.686    32.9934    25.6657 0.0000e+00
 199.966852     36.661  34.612211     8.3253     3.5193     36.352    32.9612    25.6255 0.0000e+00
 199.966858     36.337  34.685877     8.3922     3.5288     36.031    32.9765    25.6275 0.0000e+00
 199.966863     36.023  34.739094     8.4112     3.5386     35.719    33.0150    25.6548 0.0000e+00
 199.966869     35.717  34.751568     8.4110     3.5278     35.416    33.0285    25.6654 0.0000e+00
 199.966875     35.415  34.747825     8.4251     3.5413     35.116    33.0115    25.6500 0.0000e+00
 199.966881     35.112  34.748684     8.4614     3.5463     34.816    32.9785    25.6187 0.0000e+00
 199.966887     34.801  34.753647     8.5049     3.5388     34.508    32.9432    25.5845 0.0000e+00
 199.966892     34.480  34.759290     8.5379     3.5369     34.189    32.9185    25.5601 0.0000e+00
 199.966898     34.149  34.764782     8.5564     3.5156     33.861    32.9072    25.5484 0.0000e+00
 199.966904     33.818  34.769651     8.5655     3.4960     33.533    32.9040    25.5445 0.0000e+00
 199.966910     33.495  34.772594     8.5690     3.4950     33.213    32.9040    25.5440 0.0000e+00
 199.966916     33.181  34.773659     8.5694     3.4992     32.901    32.9049    25.5446 0.0000e+00
 199.966921     32.873  34.773745     8.5686     3.4812     32.596    32.9058    25.5455 0.0000e+00
 199.966927     32.569  34.772450     8.5679     3.4816     32.295    32.9053    25.5451 0.0000e+00
 199.966933     32.267  34.769208     8.5683     3.4763     31.995    32.9016    25.5422 0.0000e+00
 199.966939     31.965  34.765338     8.5703     3.4523     31.696    32.8958    25.5374 0.0000e+00
 199.966944     31.660  34.762444     8.5726     3.4488     31.393    32.8908    25.5331 0.0000e+00
 199.966950     31.350  34.760628     8.5732     3.4468     31.086    32.8885    25.5311 0.0000e+00
 199.966956     31.037  34.758629     8.5717     3.4246     30.776    32.8879    25.5309 0.0000e+00
 199.966962     30.727  34.755506     8.5688     3.4188     30.468    32.8875    25.5310 0.0000e+00
 199.966968     30.421  34.752176     8.5668     3.4155     30.165    32.8860    25.5301 0.0000e+00
 199.966973     30.117  34.749845     8.5659     3.3607     29.863    32.8845    25.5291 0.0000e+00
 199.966979     29.813  34.747683     8.5640     3.3847     29.562    32.8841    25.5291 0.0000e+00
 199.966985     29.507  34.743409     8.5608     3.3783     29.259    32.8828    25.5285 0.0000e+00
 199.966991     29.195  34.736967     8.5566     3.3648     28.949    32.8800    25.5270 0.0000e+00
 199.966997     28.877  34.731013     8.5526     3.3650     28.634    32.8777    25.5258 0.0000e+00
 199.967002     28.552  34.726609     8.5501     3.2971     28.312    32.8755    25.5244 0.0000e+00
 199.967008     28.226  34.722406     8.5484     3.3140     27.989    32.8728    25.5226 0.0000e+00
 199.967014     27.903  34.717321     8.5456     3.3257     27.668    32.8702    25.5210 0.0000e+00
 199.967020     27.585  34.711337     8.5426     3.3297     27.353    32.8669    25.5188 0.0000e+00
 199.967025     27.264  34.704918     8.5414     3.3095     27.035    32.8614    25.5147 0.0000e+00
 199.967031     26.937  34.699069     8.5411     3.2536     26.710    32.8557    25.5102 0.0000e+00
 199.967037     26.609  34.694994     8.5394     3.2190     26.385    32.8531    25.5085 0.0000e+00
 199.967043     26.284  34.691223     8.5366     3.1715     26.063    32.8519    25.5080 0.0000e+00
 199.967049     25.968  34.683330     8.5339     3.1388     25.750    32.8463    25.5039 0.0000e+00
 199.967054     25.662  34.668674     8.5305     3.1305     25.446    32.8341    25.4950 0.0000e+00
 199.967060     25.363  34.650721     8.5264     3.0977     25.150    32.8192    25.4839 0.0000e+00
 199.967066     25.066  34.634702     8.5223     3.0908     24.855    32.8063    25.4744 0.0000e+00
 199.967072     24.760  34.622823     8.5188     3.0965     24.552    32.7972    25.4678 0.0000e+00
 199.967078     24.438  34.614970     8.5173     3.0701     24.233    32.7905    25.4627 0.0000e+00
 199.967083     24.101  34.606875     8.5194     3.0693     23.898    32.7802    25.4543 0.0000e+00
 199.967089     23.754  34.595068     8.5257     3.0670     23.554    32.7621    25.4392 0.0000e+00
 199.967095     23.400  34.581769     8.5337     3.0662     23.203    32.7408    25.4213 0.0000e+00
 199.967101     23.051  34.570575     8.5400     3.0595     22.857    32.7234    25.4067 0.0000e+00
 199.967106     22.724  34.562288     8.5442     3.0673     22.533    32.7109    25.3963 0.0000e+00
 199.967112     22.422  34.555423     8.5472     3.0790     22.234    32.7011    25.3881 0.0000e+00
 199.967118     22.132  34.550391     8.5484     3.0786     21.946    32.6948    25.3830 0.0000e+00
 199.967124     21.835  34.548926     8.5483     3.0984     21.652    32.6935    25.3820 0.0000e+00
 199.967130     21.528  34.549116     8.5483     3.1001     21.347    32.6938    25.3822 0.0000e+00
 199.967135     21.210  34.547894     8.5490     3.0957     21.032    32.6920    25.3807 0.0000e+00
 199.967141     20.877  34.545910     8.5506     3.1070     20.702    32.6886    25.3778 0.0000e+00
 199.967147     20.535  34.544481     8.5528     3.1044     20.363    32.6852    25.3748 0.0000e+00
 199.967153     20.186  34.543423     8.5543     3.1143     20.017    32.6829    25.3728 0.0000e+00
 199.967159     19.839  34.542486     8.5551     3.1099     19.672    32.6813    25.3714 0.0000e+00
 199.967164     19.502  34.541583     8.5559     3.1197     19.338    32.6798    25.3701 0.0000e+00
 199.967170     19.170  34.540671     8.5565     3.1213     19.009    32.6784    25.3689 0.0000e+00
 199.967176     18.835  34.539696     8.5575     3.1192     18.677    32.6766    25.3673 0.0000e+00
 199.967182     18.497  34.539079     8.5600     3.1190     18.342    32.6738    25.3648 0.0000e+00
 199.967187     18.156  34.539159     8.5640     3.0788     18.004    32.6704    25.3614 0.0000e+00
 199.967193     17.808  34.539523     8.5689     3.1191     17.659    32.6664    25.3576 0.0000e+00
 199.967199     17.455  34.540138     8.5732     3.1309     17.309    32.6632    25.3544 0.0000e+00
 199.967205     17.111  34.541303     8.5763     3.1537     16.967    32.6617    25.3528 0.0000e+00
 199.967211     16.782  34.542936     8.5794     3.1446     16.641    32.6607    25.3515 0.0000e+00
 199.967216     16.469  34.545014     8.5834     3.0762     16.331    32.6593    25.3498 0.0000e+00
 199.967222     16.165  34.546989     8.5869     3.1254     16.029    32.6583    25.3485 0.0000e+00
 199.967228     15.865  34.547614     8.5892     3.1356     15.732    32.6570    25.3471 0.0000e+00
 199.967234     15.565  34.547204     8.5909     3.1535     15.435    32.6551    25.3454 0.0000e+00
 199.967240     15.259  34.546932     8.5921     3.1808     15.131    32.6539    25.3442 0.0000e+00
 199.967245     14.942  34.546478     8.5930     3.1780     14.817    32.6527    25.3432 0.0000e+00
 199.967251     14.614  34.545837     8.5959     3.1829     14.492    32.6495    25.3402 0.0000e+00
 199.967257     14.275  34.546434     8.6035     3.1993     14.155    32.6432    25.3342 0.0000e+00
 199.967263     13.926  34.549106     8.6147     3.2030     13.809    32.6359    25.3267 0.0000e+00
 199.967269     13.574  34.552975     8.6276     3.2195     13.460    32.6282    25.3187 0.0000e+00
 199.967274     13.228  34.556522     8.6415     3.2260     13.117    32.6192    25.3096 0.0000e+00
 199.967280     12.890  34.560599     8.6532     3.2370     12.782    32.6128    25.3028 0.0000e+00
 199.967286     12.564  34.566203     8.6602     3.2624     12.459    32.6124    25.3014 0.0000e+00
 199.967292     12.252  34.571888     8.6678     3.2497     12.149    32.6115    25.2995 0.0000e+00
 199.967297     11.951  34.577995     8.6805     3.2582     11.851    32.6063    25.2935 0.0000e+00
 199.967303     11.659  34.585986     8.6960     3.2825     11.561    32.6005    25.2866 0.0000e+00
 199.967309     11.369  34.594235     8.7112     3.3141     11.274    32.5953    25.2802 0.0000e+00
 199.967315     11.073  34.602579     8.7248     3.3875     10.980    32.5916    25.2752 0.0000e+00
 199.967321     10.763  34.609864     8.7413     3.4731     10.673    32.5842    25.2669 0.0000e+00
 199.967326     10.438  34.613524     8.7798     3.5937     10.351    32.5527    25.2364 0.0000e+00
 199.967332     10.098  34.624643     8.8558     3.6914     10.013    32.4948    25.1793 0.0000e+00
 199.967338      9.752  34.654166     8.9593     3.7498      9.670    32.4310    25.1134 0.0000e+00
 199.967344      9.412  34.699490     9.0746     3.8060      9.333    32.3731    25.0503 0.0000e+00
 199.967350      9.082  34.758927     9.1855     3.8465      9.006    32.3340    25.0023 0.0000e+00
 199.967355      8.753  34.828885     9.2672     3.9289      8.680    32.3323    24.9882 0.0000e+00
 199.967361      8.423  34.886751     9.3076     4.0356      8.353    32.3555    24.9999 0.0000e+00
 199.967367      8.090  34.906670     9.3285     4.1049      8.022    32.3573    24.9979 0.0000e+00
 199.967373      7.752  34.907413     9.3601     4.1440      7.687    32.3296    24.9713 0.0000e+00
 199.967378      7.413  34.930349     9.4087     4.2505      7.351    32.3094    24.9478 0.0000e+00
 199.967384      7.084  34.978650     9.4754     4.3201      7.025    32.2990    24.9290 0.0000e+00
 199.967390      6.771  35.033301     9.5518     4.4756      6.714    32.2863    24.9068 0.0000e+00
 199.967396      6.463  35.080955     9.6089     4.6691      6.409    32.2838    24.8956 0.0000e+00
 199.967402      6.149  35.106216     9.6444     4.8813      6.098    32.2778    24.8853 0.0000e+00
 199.967407      5.829  35.120974     9.6995     5.2455      5.780    32.2435    24.8496 0.0000e+00
 199.967413      5.506  35.169606     9.8257     5.6889      5.460    32.1802    24.7796 0.0000e+00
 199.967419      5.175  35.274983    10.0159     6.2847      5.132    32.1178    24.6996 0.0000e+00
 199.967425      4.837  35.410715    10.2065     6.9401      4.797    32.0858    24.6430 0.0000e+00
 199.967431      4.496  35.514155    10.4349     7.4385      4.458    31.9883    24.5286 0.0000e+00
 199.967436      4.152  35.608461    10.7845     7.7838      4.117    31.7769    24.3042 0.0000e+00
 199.967442      3.809  35.794794    11.2032     8.0016      3.777    31.5994    24.0931 0.0000e+00
 199.967448      3.483  36.072113    11.5645     8.2377      3.454    31.5615    23.9993 0.0000e+00
 199.967454      3.187  36.365871    11.8180     8.3401      3.160    31.6306    24.0070 0.0000e+00
 199.967459      2.921  36.600943    12.0036     8.4169      2.897    31.6998    24.0265 0.0000e+00
 199.967465      2.676  36.732916    12.1338     8.4815      2.654    31.7162    24.0151 0.0000e+00
 199.967471      2.440  36.786940    12.2015     8.3314      2.420    31.7107    23.9982 0.0000e+00
 199.967477      2.203  36.789129    12.2628     8.0676      2.185    31.6610    23.9483 0.0000e+00
 199.967483      1.971  36.778842    12.3981     7.8065      1.955    31.5372    23.8269 0.0000e+00
 199.967488      1.764  36.843789    12.5968     7.6909      1.749    31.4327    23.7083 0.0000e+00
 199.967494      1.597  36.948973    12.7053     7.7829      1.584    31.4419    23.6948 -9.990e-29
 199.967500      1.475  36.924795    12.6303     8.0261      1.463    31.4816    23.7399 -9.990e-29
 199.967506      1.384  36.796222    12.4861     8.4201      1.372    31.4802    23.7661 -9.990e-29
 199.967512      1.310  36.743744    12.3710     8.8460      1.299    31.5268    23.8239 -9.990e-29
 199.967517      1.244  36.761246    12.2938     9.1041      1.234    31.6085    23.9018 -9.990e-29
 199.967523      1.191  36.775652    12.3079     9.1863      1.181    31.6104    23.9006 -9.990e-29
 199.967529      1.160  36.857143    12.4551     9.0748      1.150    31.5643    23.8371 -9.990e-29
 199.967535      1.149  37.040390    12.6835     8.8641      1.139    31.5468    23.7802 -9.990e-29
 199.967541      1.148  37.236877    12.8798     8.7963      1.138    31.5685    23.7592 -9.990e-29
 199.967546      1.155  37.363994    12.9696     8.8308      1.145    31.6132    23.7765 -9.990e-29
 199.967552      1.163  37.387863    12.9693     8.9352      1.153    31.6360    23.7941 -9.990e-29
 199.967558      1.162  37.345956    12.9318     9.0830      1.152    31.6278    23.7951 -9.990e-29
 199.967564      1.143  37.291123    12.9113     9.2422      1.133    31.5933    23.7724 -9.990e-29
 199.967569      1.109  37.248875    12.9450     9.3620      1.100    31.5254    23.7133 -9.990e-29
 199.967575      1.070  37.244682    13.0390     9.4548      1.061    31.4434    23.6316 -9.990e-29
 199.967581      1.041  37.298723    13.2050     9.4767      1.032    31.3567    23.5322 -9.990e-29
 199.967587      1.029  37.420855    13.4263     9.3769      1.020    31.2886    23.4359 -9.990e-29
 199.967593      1.029  37.548101    13.6104     9.3144      1.020    31.2560    23.3741 -9.990e-29
 199.967598      1.032  37.597977    13.6962     9.2280      1.023    31.2321    23.3385 -9.990e-29
 199.967604      1.034  37.583233    13.7120     9.2092      1.025    31.2056    23.3149 -9.990e-29
 199.967610      1.031  37.553738    13.6976     9.2714      1.022    31.1901    23.3058 -9.990e-29
 199.967616      1.018  37.531259    13.6697     9.3116      1.010    31.1920    23.3129 -9.990e-29
 199.967622      0.999  37.521687    13.6378     9.3599      0.991    31.2092    23.3325 -9.990e-29
 199.967627      0.974  37.521220    13.6167     9.3363      0.966    31.2260    23.3497 -9.990e-29
 199.967633      0.930  37.525307    13.6205     9.3296      0.922    31.2267    23.3495 -9.990e-29
 199.967639      0.867  37.536029    13.6474     9.2980      0.860    31.2147    23.3348 -9.990e-29
 199.967645      0.792  37.561510    13.6985     9.1992      0.785    31.1966    23.3107 -9.990e-29
