data/oxygen options/OCNMS/OCNMS1/raw_data/2022/CAST_KL027_220823faedb.cnv
* Sea-Bird SBE 19 Data File:
* FileName = C:\2022 Mooring Data\Casts\CAST_KL027_220823.hex
* Software Version SeatermAF 2.1.2
* Temperature SN = 2997
* Conductivity SN = 2997
* System UpLoad Time = Aug 23 2022 22:29:29 (localtime) = Aug 23 2022 22:29:29 (UTC)
** CAST_KL027_220823
* ds
# nquan = 9
# nvalues = 26                          
# units = specified
# name 0 = timeJ: Julian Days
# name 1 = prSM: Pressure, Strain Gauge [db]
# name 2 = c0mS/cm: Conductivity [mS/cm]
# name 3 = t090C: Temperature [ITS-90, deg C]
# name 4 = sbeox0ML/L: Oxygen, SBE 43 [ml/l]
# name 5 = depSM: Depth [salt water, m], lat = 47.5
# name 6 = sal00: Salinity, Practical [PSU]
# name 7 = sigma-é00: Density [sigma-theta, kg/m^3]
# name 8 = flag: flag
# span 0 = 235.909191, 235.909798       
# span 1 =      1.000,     26.000       
# span 2 =  34.626122,  40.107390       
# span 3 =     7.6983,    15.7069       
# span 4 =     0.9456,     6.9471       
# span 5 =      0.992,     25.781       
# span 6 =    31.8659,    33.5772       
# span 7 =    23.4048,    26.2007       
# span 8 = 0.0000e+00, 0.0000e+00       
# interval = decibars: 1                
# start_time = Aug 23 2022 21:43:12 [Instrument's time stamp, header]
# bad_flag = -9.990e-29
*END*
 235.909191      1.000  40.095639    15.7005     6.8654      0.992    31.8659    23.4048 0.0000e+00
 235.909219      2.000  40.105780    15.7069     6.8531      1.983    31.8694    23.4060 0.0000e+00
 235.909244      3.000  40.107390    15.7047     6.8576      2.975    31.8722    23.4087 0.0000e+00
 235.909267      4.000  40.077422    15.6688     6.8867      3.966    31.8743    23.4183 0.0000e+00
 235.909291      5.000  40.038090    15.6016     6.9186      4.958    31.8933    23.4477 0.0000e+00
 235.909313      6.000  39.937247    15.4734     6.9222      5.950    31.9070    23.4864 0.0000e+00
 235.909335      7.000  39.742212    15.1575     6.9471      6.942    31.9896    23.6184 0.0000e+00
 235.909358      8.000  39.098194    14.1117     6.8444      7.933    32.2695    24.0540 0.0000e+00
 235.909381      9.000  38.492650    13.2615     6.6993      8.925    32.4245    24.3469 0.0000e+00
 235.909403     10.000  38.273442    13.0150     6.4153      9.916    32.4284    24.3986 0.0000e+00
 235.909427     11.000  38.172005    12.8597     6.1625     10.908    32.4653    24.4576 0.0000e+00
 235.909450     12.000  38.021305    12.6565     6.0405     11.899    32.4967    24.5213 0.0000e+00
 235.909473     13.000  37.944023    12.5578     5.4490     12.891    32.5078    24.5490 0.0000e+00
 235.909497     14.000  37.771077    12.2762     4.8364     13.883    32.5861    24.6632 0.0000e+00
 235.909520     15.000  37.396316    11.9205     4.4866     14.874    32.5343    24.6897 0.0000e+00
 235.909543     16.000  37.314663    11.7482     3.9938     15.866    32.6059    24.7771 0.0000e+00
 235.909567     17.000  37.036998    11.4200     3.3424     16.858    32.6231    24.8503 0.0000e+00
 235.909592     18.000  36.900294    11.0031     2.3035     17.849    32.8587    25.1079 0.0000e+00
 235.909617     19.000  36.432783    10.3216     1.5277     18.840    33.0064    25.3412 0.0000e+00
 235.909642     20.000  35.861998     9.5543     1.1543     19.832    33.1279    25.5638 0.0000e+00
 235.909667     21.000  35.461927     8.9004     0.9700     20.824    33.3222    25.8202 0.0000e+00
 235.909692     22.000  34.879689     8.0376     0.9701     21.816    33.5248    26.1102 0.0000e+00
 235.909716     23.000  34.706533     7.8076     0.9809     22.807    33.5598    26.1712 0.0000e+00
 235.909741     24.000  34.660252     7.7470     0.9843     23.798    33.5680    26.1864 0.0000e+00
 235.909769     25.000  34.641547     7.7180     0.9770     24.790    33.5753    26.1964 0.0000e+00
 235.909798     26.000  34.626122     7.6983     0.9456     25.781    33.5772    26.2007 0.0000e+00
