data/oxygen options/OCNMS/OCNMS1/raw_data/2022/CAST_CE015_220720faed.cnv
* Sea-Bird SBE 19 Data File:
* FileName = C:\2022 Mooring Data\Casts\CAST_CE015_220720.hex
* Software Version SeatermAF 2.1.2
* Temperature SN = 2997
* Conductivity SN = 2997
* System UpLoad Time = Jul 20 2022 21:45:32 (localtime) = Jul 20 2022 21:45:32 (UTC)
** CAST_CE015_220720
* ds
# nquan = 9                                 
# nvalues = 897                         
# units = specified
# name 0 = timeJ: Julian Days
# name 1 = prSM: Pressure, Strain Gauge [db]
# name 2 = c0mS/cm: Conductivity [mS/cm]
# name 3 = t090C: Temperature [ITS-90, deg C]
# name 4 = sbeox0ML/L: Oxygen, SBE 43 [ml/l]
# name 5 = depSM: Depth [salt water, m], lat = 47.5
# name 6 = sal00: Salinity, Practical [PSU]
# name 7 = sigma-é00: Density [sigma-theta, kg/m^3]
# name 8 = flag: flag
# span 0 = 201.874028, 201.879213       
# span 1 =     -5.934,     13.129       
# span 2 =   0.417409,  36.965020       
# span 3 =     8.3907,    17.4518       
# span 4 =    -1.8178,    16.1196       
# span 5 =     -5.885,     13.019       
# span 6 =     0.2376,    33.2289       
# span 7 =    -1.1196,    25.8225       
# span 8 = 0.0000e+00, 0.0000e+00       
# interval = seconds: 0.5
# start_time = Jul 20 2022 20:58:36 [Instrument's time stamp, header]
# bad_flag = -9.990e-29
*END*
 201.874028     -5.934 -9.990e-29    17.1473    -1.8080     -5.885 -9.990e-29 -9.990e-29 -9.990e-29
 201.874034     -5.929   0.455468    17.1408    -1.8079     -5.880     0.2610    -1.0473 -9.990e-29
 201.874039     -5.922   0.455694    17.1331    -1.8076     -5.873     0.2612    -1.0458 -9.990e-29
 201.874045     -5.913   0.455819    17.1242    -1.8074     -5.864     0.2613    -1.0441 -9.990e-29
 201.874051     -5.902   0.455456    17.1150    -1.8073     -5.853     0.2612    -1.0426 -9.990e-29
 201.874057     -5.887   0.454860    17.1070    -1.8070     -5.838     0.2609    -1.0415 -9.990e-29
 201.874063     -5.869   0.454342    17.1022    -1.8069     -5.820     0.2606    -1.0408 -9.990e-29
 201.874068     -5.845   0.453952    17.1024    -1.8066     -5.796     0.2604    -1.0410 -9.990e-29
 201.874074     -5.814   0.453724    17.1066    -1.8061     -5.766     0.2602    -1.0419 -9.990e-29
 201.874080     -5.778   0.453542    17.1119    -1.8062     -5.730     0.2601    -1.0429 -9.990e-29
 201.874086     -5.744   0.453165    17.1171    -1.8069     -5.696     0.2598    -1.0440 -9.990e-29
 201.874091     -5.714   0.452644    17.1225    -1.8072     -5.666     0.2595    -1.0453 -9.990e-29
 201.874097     -5.686   0.452394    17.1280    -1.8072     -5.639     0.2593    -1.0464 -9.990e-29
 201.874103     -5.658   0.452638    17.1339    -1.8073     -5.611     0.2594    -1.0473 -9.990e-29
 201.874109     -5.628   0.453149    17.1399    -1.8074     -5.581     0.2597    -1.0482 -9.990e-29
 201.874115     -5.599   0.453502    17.1460    -1.8072     -5.552     0.2598    -1.0491 -9.990e-29
 201.874120     -5.573   0.453614    17.1524    -1.8072     -5.527     0.2599    -1.0502 -9.990e-29
 201.874126     -5.549   0.453638    17.1569    -1.8074     -5.503     0.2599    -1.0510 -9.990e-29
 201.874132     -5.525   0.453608    17.1550    -1.8075     -5.479     0.2598    -1.0507 -9.990e-29
 201.874138     -5.495   0.453483    17.1477    -1.8077     -5.449     0.2598    -1.0494 -9.990e-29
 201.874144     -5.457   0.453100    17.1409    -1.8078     -5.412     0.2596    -1.0484 -9.990e-29
 201.874149     -5.421   0.452505    17.1370    -1.8080     -5.376     0.2593    -1.0479 -9.990e-29
 201.874155     -5.395   0.452012    17.1345    -1.8082     -5.350     0.2590    -1.0477 -9.990e-29
 201.874161     -5.372   0.451519    17.1337    -1.8085     -5.327     0.2587    -1.0478 -9.990e-29
 201.874167     -5.345   0.450923    17.1345    -1.8084     -5.300     0.2584    -1.0482 -9.990e-29
 201.874172     -5.315   0.450539    17.1342    -1.8080     -5.271     0.2582    -1.0483 -9.990e-29
 201.874178     -5.278   0.450410    17.1319    -1.8077     -5.234     0.2581    -1.0480 -9.990e-29
 201.874184     -5.237   0.450366    17.1288    -1.8073     -5.193     0.2581    -1.0474 -9.990e-29
 201.874190     -5.197   0.450351    17.1253    -1.8071     -5.154     0.2581    -1.0468 -9.990e-29
 201.874196     -5.160   0.450345    17.1212    -1.8068     -5.117     0.2581    -1.0461 -9.990e-29
 201.874201     -5.124   0.450342    17.1167    -1.8065     -5.081     0.2582    -1.0452 -9.990e-29
 201.874207     -5.087   0.450340    17.1123    -1.8062     -5.045     0.2582    -1.0444 -9.990e-29
 201.874213     -5.051   0.450337    17.1097    -1.8059     -5.009     0.2582    -1.0440 -9.990e-29
 201.874219     -5.016   0.450331    17.1118    -1.8060     -4.974     0.2582    -1.0444 -9.990e-29
 201.874225     -4.983   0.450316    17.1183    -1.8066     -4.941     0.2581    -1.0455 -9.990e-29
 201.874230     -4.951   0.450274    17.1265    -1.8067     -4.910     0.2581    -1.0470 -9.990e-29
 201.874236     -4.925   0.450149    17.1351    -1.8066     -4.884     0.2579    -1.0486 -9.990e-29
 201.874242     -4.902   0.449778    17.1433    -1.8068     -4.861     0.2577    -1.0503 -9.990e-29
 201.874248     -4.880   0.449220    17.1512    -1.8077     -4.839     0.2573    -1.0520 -9.990e-29
 201.874253     -4.859   0.448841    17.1591    -1.8095     -4.819     0.2570    -1.0536 -9.990e-29
 201.874259     -4.836   0.448691    17.1662    -1.8108     -4.796     0.2569    -1.0549 -9.990e-29
 201.874265     -4.811   0.448571    17.1701    -1.8109     -4.771     0.2568    -1.0557 -9.990e-29
 201.874271     -4.786   0.448322    17.1679    -1.8092     -4.746     0.2567    -1.0554 -9.990e-29
 201.874277     -4.764   0.448167    17.1618    -1.8078     -4.724     0.2566    -1.0544 -9.990e-29
 201.874282     -4.739   0.448457    17.1565    -1.8074     -4.700     0.2568    -1.0533 -9.990e-29
 201.874288     -4.710   0.449025    17.1511    -1.8069     -4.671     0.2572    -1.0520 -9.990e-29
 201.874294     -4.683   0.449523    17.1396    -1.8063     -4.644     0.2575    -1.0497 -9.990e-29
 201.874300     -4.661   0.449508    17.1171    -1.8058     -4.622     0.2577    -1.0457 -9.990e-29
 201.874306     -4.642   0.448962    17.0878    -1.8055     -4.603     0.2575    -1.0407 -9.990e-29
 201.874311     -4.625   0.448267    17.0662    -1.8057     -4.586     0.2572    -1.0371 -9.990e-29
 201.874317     -4.610   0.447604    17.0664    -1.8057     -4.572     0.2568    -1.0374 -9.990e-29
 201.874323     -4.595   0.447197    17.0875    -1.8058     -4.557     0.2565    -1.0414 -9.990e-29
 201.874329     -4.579   0.447060    17.1137    -1.8059     -4.541     0.2562    -1.0462 -9.990e-29
 201.874334     -4.561   0.447014    17.1342    -1.8057     -4.523     0.2561    -1.0499 -9.990e-29
 201.874340     -4.540   0.446998    17.1506    -1.8055     -4.502     0.2560    -1.0529 -9.990e-29
 201.874346     -4.515   0.446992    17.1655    -1.8055     -4.477     0.2559    -1.0556 -9.990e-29
 201.874352     -4.489   0.446989    17.1771    -1.8050     -4.452     0.2558    -1.0577 -9.990e-29
 201.874358     -4.468   0.446987    17.1837    -1.8046     -4.431     0.2558    -1.0588 -9.990e-29
 201.874363     -4.451   0.446985    17.1852    -1.8044     -4.414     0.2558    -1.0591 -9.990e-29
 201.874369     -4.432   0.446982    17.1844    -1.8040     -4.395     0.2558    -1.0590 -9.990e-29
 201.874375     -4.411   0.446976    17.1837    -1.8039     -4.374     0.2558    -1.0589 -9.990e-29
 201.874381     -4.386   0.446961    17.1841    -1.8039     -4.349     0.2558    -1.0589 -9.990e-29
 201.874387     -4.360   0.446919    17.1868    -1.8045     -4.324     0.2557    -1.0594 -9.990e-29
 201.874392     -4.335   0.446795    17.1913    -1.8045     -4.299     0.2556    -1.0603 -9.990e-29
 201.874398     -4.310   0.446424    17.1976    -1.8040     -4.274     0.2554    -1.0616 -9.990e-29
 201.874404     -4.283   0.445868    17.2064    -1.8037     -4.247     0.2550    -1.0635 -9.990e-29
 201.874410     -4.252   0.445493    17.2160    -1.8033     -4.217     0.2547    -1.0654 -9.990e-29
 201.874416     -4.220   0.445355    17.2242    -1.8031     -4.185     0.2546    -1.0669 -9.990e-29
 201.874421     -4.194   0.445272    17.2304    -1.8030     -4.159     0.2545    -1.0681 -9.990e-29
 201.874427     -4.171   0.445136    17.2337    -1.8029     -4.136     0.2544    -1.0687 -9.990e-29
 201.874433     -4.147   0.444765    17.2326    -1.8026     -4.112     0.2542    -1.0687 -9.990e-29
 201.874439     -4.123   0.444222    17.2294    -1.8023     -4.089     0.2539    -1.0684 -9.990e-29
 201.874444     -4.102   0.443891    17.2301    -1.8019     -4.068     0.2537    -1.0686 -9.990e-29
 201.874450     -4.083   0.443885    17.2362    -1.8021     -4.049     0.2537    -1.0698 -9.990e-29
 201.874456     -4.065   0.444198    17.2447    -1.8021     -4.031     0.2538    -1.0712 -9.990e-29
 201.874462     -4.047   0.444696    17.2531    -1.8021     -4.013     0.2540    -1.0725 -9.990e-29
 201.874468     -4.028   0.444937    17.2598    -1.8023     -3.994     0.2541    -1.0736 -9.990e-29
 201.874473     -4.006   0.444688    17.2650    -1.8026     -3.973     0.2540    -1.0746 -9.990e-29
 201.874479     -3.981   0.444173    17.2704    -1.8033     -3.948     0.2536    -1.0758 -9.990e-29
 201.874485     -3.953   0.443815    17.2771    -1.8031     -3.920     0.2534    -1.0772 -9.990e-29
 201.874491     -3.927   0.443692    17.2845    -1.8030     -3.894     0.2533    -1.0786 -9.990e-29
 201.874497     -3.901   0.443642    17.2898    -1.8026     -3.868     0.2532    -1.0796 -9.990e-29
 201.874502     -3.877   0.443599    17.2912    -1.8024     -3.845     0.2532    -1.0799 -9.990e-29
 201.874508     -3.857   0.443510    17.2906    -1.8024     -3.825     0.2531    -1.0798 -9.990e-29
 201.874514     -3.841   0.443257    17.2885    -1.8022     -3.809     0.2530    -1.0795 -9.990e-29
 201.874520     -3.828   0.443057    17.2834    -1.8019     -3.796     0.2529    -1.0787 -9.990e-29
 201.874525     -3.816   0.443199    17.2754    -1.8017     -3.784     0.2530    -1.0772 -9.990e-29
 201.874531     -3.806   0.443321    17.2683    -1.8024     -3.774     0.2531    -1.0758 -9.990e-29
 201.874537     -3.796   0.443033    17.2665    -1.8031     -3.764     0.2530    -1.0756 -9.990e-29
 201.874543     -3.785   0.442505    17.2698    -1.8038     -3.753     0.2527    -1.0765 -9.990e-29
 201.874549     -3.774   0.442144    17.2755    -1.8050     -3.743     0.2524    -1.0777 -9.990e-29
 201.874554     -3.761   0.442023    17.2811    -1.8059     -3.730     0.2523    -1.0787 -9.990e-29
 201.874560     -3.745   0.441982    17.2853    -1.8059     -3.714     0.2523    -1.0795 -9.990e-29
 201.874566     -3.726   0.441967    17.2894    -1.8057     -3.695     0.2522    -1.0803 -9.990e-29
 201.874572     -3.703   0.441961    17.2927    -1.8053     -3.672     0.2522    -1.0809 -9.990e-29
 201.874578     -3.677   0.441957    17.2905    -1.8048     -3.646     0.2522    -1.0805 -9.990e-29
 201.874583     -3.652   0.441950    17.2797    -1.8045     -3.622     0.2523    -1.0785 -9.990e-29
 201.874589     -3.627   0.441935    17.2624    -1.8042     -3.597     0.2524    -1.0754 -9.990e-29
 201.874595     -3.603   0.441893    17.2410    -1.8041     -3.573     0.2525    -1.0715 -9.990e-29
 201.874601     -3.584   0.441769    17.2180    -1.8047     -3.554     0.2525    -1.0674 -9.990e-29
 201.874606     -3.569   0.441398    17.2008    -1.8056     -3.539     0.2524    -1.0644 -9.990e-29
 201.874612     -3.556   0.440844    17.1946    -1.8062     -3.526     0.2521    -1.0636 -9.990e-29
 201.874618     -3.544   0.440474    17.1976    -1.8066     -3.514     0.2519    -1.0643 -9.990e-29
 201.874624     -3.534   0.440350    17.2058    -1.8065     -3.505     0.2518    -1.0658 -9.990e-29
 201.874630     -3.523   0.440308    17.2156    -1.8059     -3.494     0.2517    -1.0676 -9.990e-29
 201.874635     -3.512   0.440296    17.2236    -1.8054     -3.483     0.2516    -1.0691 -9.990e-29
 201.874641     -3.501   0.440298    17.2278    -1.8048     -3.472     0.2516    -1.0698 -9.990e-29
 201.874647     -3.487   0.440318    17.2255    -1.8043     -3.458     0.2516    -1.0694 -9.990e-29
 201.874653     -3.470   0.440385    17.2149    -1.8038     -3.441     0.2517    -1.0675 -9.990e-29
 201.874659     -3.450   0.440588    17.1993    -1.8033     -3.421     0.2519    -1.0645 -9.990e-29
 201.874664     -3.429   0.440648    17.1850    -1.8028     -3.400     0.2521    -1.0619 -9.990e-29
 201.874670     -3.410   0.440093    17.1779    -1.8026     -3.382     0.2518    -1.0609 -9.990e-29
 201.874676     -3.388   0.439292    17.1804    -1.8024     -3.360     0.2513    -1.0617 -9.990e-29
 201.874682     -3.361   0.438840    17.1903    -1.8027     -3.333     0.2510    -1.0637 -9.990e-29
 201.874687     -3.336   0.438689    17.2038    -1.8031     -3.308     0.2508    -1.0662 -9.990e-29
 201.874693     -3.316   0.438638    17.2186    -1.8036     -3.288     0.2507    -1.0689 -9.990e-29
 201.874699     -3.299   0.438620    17.2334    -1.8040     -3.271     0.2506    -1.0716 -9.990e-29
 201.874705     -3.285   0.438613    17.2476    -1.8046     -3.258     0.2505    -1.0742 -9.990e-29
 201.874711     -3.272   0.438610    17.2606    -1.8043     -3.245     0.2504    -1.0765 -9.990e-29
 201.874716     -3.260   0.438607    17.2712    -1.8036     -3.233     0.2504    -1.0785 -9.990e-29
 201.874722     -3.247   0.438603    17.2780    -1.8031     -3.220     0.2503    -1.0797 -9.990e-29
 201.874728     -3.234   0.438595    17.2795    -1.8024     -3.207     0.2503    -1.0800 -9.990e-29
 201.874734     -3.219   0.438574    17.2749    -1.8019     -3.192     0.2503    -1.0792 -9.990e-29
 201.874740     -3.206   0.438514    17.2658    -1.8017     -3.179     0.2503    -1.0775 -9.990e-29
 201.874745     -3.198   0.438336    17.2550    -1.8015     -3.171     0.2503    -1.0757 -9.990e-29
 201.874751     -3.190   0.437987    17.2447    -1.8014     -3.163     0.2502    -1.0739 -9.990e-29
 201.874757     -3.178   0.437556    17.2391    -1.8016     -3.152     0.2499    -1.0731 -9.990e-29
 201.874763     -3.160   0.437207    17.2430    -1.8017     -3.134     0.2497    -1.0740 -9.990e-29
 201.874769     -3.140   0.437029    17.2551    -1.8016     -3.114     0.2495    -1.0763 -9.990e-29
 201.874774     -3.121   0.436966    17.2705    -1.8019     -3.095     0.2494    -1.0791 -9.990e-29
 201.874780     -3.102   0.436935    17.2854    -1.8021     -3.076     0.2493    -1.0818 -9.990e-29
 201.874786     -3.086   0.436893    17.2976    -1.8024     -3.060     0.2492    -1.0840 -9.990e-29
 201.874792     -3.071   0.436782    17.3059    -1.8027     -3.045     0.2491    -1.0856 -9.990e-29
 201.874797     -3.052   0.436454    17.3108    -1.8032     -3.027     0.2489    -1.0866 -9.990e-29
 201.874803     -3.034   0.436024    17.3124    -1.8039     -3.009     0.2486    -1.0871 -9.990e-29
 201.874809     -3.017   0.436024    17.3115    -1.8043     -2.992     0.2486    -1.0870 -9.990e-29
 201.874815     -3.003   0.436455    17.3099    -1.8043     -2.978     0.2489    -1.0865 -9.990e-29
 201.874821     -2.989   0.436783    17.3074    -1.8042     -2.964     0.2491    -1.0859 -9.990e-29
 201.874826     -2.975   0.436889    17.3026    -1.8041     -2.950     0.2492    -1.0850 -9.990e-29
 201.874832     -2.960   0.436912    17.2959    -1.8038     -2.935     0.2492    -1.0837 -9.990e-29
 201.874838     -2.943   0.436884    17.2879    -1.8036     -2.918     0.2493    -1.0823 -9.990e-29
 201.874844     -2.923   0.436766    17.2780    -1.8031     -2.899     0.2492    -1.0805 -9.990e-29
 201.874850     -2.902   0.436399    17.2658    -1.8028     -2.878     0.2491    -1.0785 -9.990e-29
 201.874855     -2.885   0.435847    17.2530    -1.8025     -2.861     0.2489    -1.0764 -9.990e-29
 201.874861     -2.869   0.435480    17.2436    -1.8016     -2.845     0.2487    -1.0749 -9.990e-29
 201.874867     -2.854   0.435361    17.2403    -1.8005     -2.830     0.2486    -1.0743 -9.990e-29
 201.874873     -2.838   0.435329    17.2417    -1.7998     -2.814     0.2486    -1.0746 -9.990e-29
 201.874878     -2.826   0.435343    17.2457    -1.7994     -2.802     0.2486    -1.0753 -9.990e-29
 201.874884     -2.816   0.435420    17.2522    -1.7991     -2.793     0.2486    -1.0764 -9.990e-29
 201.874890     -2.803   0.435661    17.2609    -1.7989     -2.780     0.2487    -1.0779 -9.990e-29
 201.874896     -2.791   0.435832    17.2711    -1.7990     -2.768     0.2487    -1.0797 -9.990e-29
 201.874902     -2.784   0.435607    17.2821    -1.7989     -2.761     0.2485    -1.0818 -9.990e-29
 201.874907     -2.780   0.435239    17.2963    -1.7993     -2.757     0.2483    -1.0845 -9.990e-29
 201.874913     -2.776   0.434789    17.3165    -1.7999     -2.753     0.2479    -1.0884 -9.990e-29
 201.874919     -2.766   0.434211    17.3391    -1.8001     -2.743     0.2474    -1.0928 -9.990e-29
 201.874925     -2.755   0.433838    17.3581    -1.8011     -2.732     0.2471    -1.0964 -9.990e-29
 201.874931     -2.746   0.433726    17.3714    -1.8023     -2.723     0.2469    -1.0989 -9.990e-29
 201.874936     -2.739   0.433725    17.3799    -1.8027     -2.716     0.2469    -1.1005 -9.990e-29
 201.874942     -2.732   0.433835    17.3844    -1.8033     -2.709     0.2469    -1.1013 -9.990e-29
 201.874948     -2.726   0.434200    17.3852    -1.8036     -2.703     0.2471    -1.1012 -9.990e-29
