data/oxygen options/OCNMS/OCNMS1/raw_data/2022/CAST_MB042_220824faed.cnv
* Sea-Bird SBE 19 Data File:
* FileName = C:\2022 Mooring Data\Casts\CAST_MB042_220824.hex
* Software Version SeatermAF 2.1.2
* Temperature SN = 2997
* Conductivity SN = 2997
* System UpLoad Time = Aug 24 2022 18:22:12 (localtime) = Aug 24 2022 18:22:12 (UTC)
** CAST_MB042_220824
* ds
# nquan = 9                                 
# nvalues = 1124                        
# units = specified
# name 0 = timeJ: Julian Days
# name 1 = prSM: Pressure, Strain Gauge [db]
# name 2 = c0mS/cm: Conductivity [mS/cm]
# name 3 = t090C: Temperature [ITS-90, deg C]
# name 4 = sbeox0ML/L: Oxygen, SBE 43 [ml/l]
# name 5 = depSM: Depth [salt water, m], lat = 47.5
# name 6 = sal00: Salinity, Practical [PSU]
# name 7 = sigma-é00: Density [sigma-theta, kg/m^3]
# name 8 = flag: flag
# span 0 = 236.755567, 236.762066       
# span 1 =     -5.845,     42.825       
# span 2 =   0.006687,  37.940520       
# span 3 =     7.4483,    17.8711       
# span 4 =    -1.8193,    14.8100       
# span 5 =     -5.796,     42.463       
# span 6 =     0.0106,    33.8289       
# span 7 =    -1.3711,    26.4339       
# span 8 = 0.0000e+00, 0.0000e+00       
# interval = seconds: 0.5
# start_time = Aug 24 2022 18:08:01 [Instrument's time stamp, header]
# bad_flag = -9.990e-29
*END*
 236.755567     -5.845 -9.990e-29    16.9683    -1.8170     -5.796 -9.990e-29 -9.990e-29 -9.990e-29
 236.755573     -5.818   0.006736    16.9813    -1.8169     -5.770     0.0106    -1.2125 -9.990e-29
 236.755579     -5.792   0.006736    16.9907    -1.8169     -5.744     0.0106    -1.2141 -9.990e-29
 236.755584     -5.763   0.006736    16.9929    -1.8169     -5.715     0.0106    -1.2145 -9.990e-29
 236.755590     -5.736   0.006736    16.9888    -1.8166     -5.688     0.0106    -1.2138 -9.990e-29
 236.755596     -5.711   0.006736    16.9777    -1.8162     -5.663     0.0106    -1.2119 -9.990e-29
 236.755602     -5.689   0.006736    16.9605    -1.8160     -5.642     0.0106    -1.2089 -9.990e-29
 236.755608     -5.667   0.006735    16.9456    -1.8155     -5.620     0.0106    -1.2063 -9.990e-29
 236.755613     -5.643   0.006735    16.9392    -1.8159     -5.596     0.0106    -1.2052 -9.990e-29
 236.755619     -5.617   0.006734    16.9391    -1.8162     -5.570     0.0106    -1.2052 -9.990e-29
 236.755625     -5.587   0.006734    16.9411    -1.8169     -5.540     0.0106    -1.2055 -9.990e-29
 236.755631     -5.555   0.006734    16.9430    -1.8173     -5.509     0.0106    -1.2059 -9.990e-29
 236.755637     -5.523   0.006733    16.9460    -1.8168     -5.477     0.0106    -1.2064 -9.990e-29
 236.755642     -5.490   0.006733    16.9520    -1.8162     -5.444     0.0106    -1.2074 -9.990e-29
 236.755648     -5.457   0.006732    16.9597    -1.8155     -5.412     0.0106    -1.2088 -9.990e-29
 236.755654     -5.427   0.006732    16.9668    -1.8147     -5.382     0.0106    -1.2100 -9.990e-29
 236.755660     -5.398   0.006732    16.9704    -1.8144     -5.353     0.0106    -1.2106 -9.990e-29
 236.755666     -5.368   0.006731    16.9678    -1.8141     -5.323     0.0106    -1.2102 -9.990e-29
 236.755671     -5.334   0.006731    16.9598    -1.8139     -5.290     0.0106    -1.2088 -9.990e-29
 236.755677     -5.300   0.006730    16.9505    -1.8135     -5.256     0.0106    -1.2072 -9.990e-29
 236.755683     -5.267   0.006730    16.9470    -1.8133     -5.223     0.0106    -1.2066 -9.990e-29
 236.755689     -5.233   0.006730    16.9532    -1.8134     -5.189     0.0106    -1.2076 -9.990e-29
 236.755694     -5.200   0.006729    16.9664    -1.8134     -5.157     0.0106    -1.2099 -9.990e-29
 236.755700     -5.171   0.006729    16.9828    -1.8133     -5.128     0.0106    -1.2128 -9.990e-29
 236.755706     -5.144   0.006728    16.9985    -1.8140     -5.101     0.0106    -1.2155 -9.990e-29
 236.755712     -5.116   0.006728    17.0107    -1.8148     -5.073     0.0106    -1.2176 -9.990e-29
 236.755718     -5.086   0.006727    17.0202    -1.8147     -5.044     0.0106    -1.2193 -9.990e-29
 236.755723     -5.053   0.006727    17.0287    -1.8139     -5.011     0.0106    -1.2207 -9.990e-29
 236.755729     -5.018   0.006727    17.0361    -1.8132     -4.976     0.0106    -1.2220 -9.990e-29
 236.755735     -4.983   0.006726    17.0409    -1.8127     -4.941     0.0106    -1.2229 -9.990e-29
 236.755741     -4.947   0.006726    17.0423    -1.8128     -4.906     0.0106    -1.2231 -9.990e-29
 236.755747     -4.910   0.006725    17.0416    -1.8132     -4.869     0.0106    -1.2230 -9.990e-29
 236.755752     -4.876   0.006725    17.0371    -1.8132     -4.835     0.0106    -1.2222 -9.990e-29
 236.755758     -4.846   0.006725    17.0269    -1.8131     -4.806     0.0106    -1.2204 -9.990e-29
 236.755764     -4.823   0.006724    17.0179    -1.8130     -4.783     0.0106    -1.2188 -9.990e-29
 236.755770     -4.801   0.006724    17.0193    -1.8130     -4.761     0.0106    -1.2191 -9.990e-29
 236.755775     -4.778   0.006723    17.0306    -1.8128     -4.738     0.0106    -1.2211 -9.990e-29
 236.755781     -4.758   0.006723    17.0444    -1.8123     -4.718     0.0106    -1.2235 -9.990e-29
 236.755787     -4.735   0.006723    17.0538    -1.8118     -4.696     0.0106    -1.2251 -9.990e-29
 236.755793     -4.706   0.006722    17.0558    -1.8110     -4.667     0.0106    -1.2254 -9.990e-29
 236.755799     -4.680   0.006722    17.0537    -1.8103     -4.641     0.0106    -1.2251 -9.990e-29
 236.755804     -4.659   0.006721    17.0526    -1.8100     -4.620     0.0106    -1.2249 -9.990e-29
 236.755810     -4.640   0.006721    17.0538    -1.8102     -4.601     0.0106    -1.2251 -9.990e-29
 236.755816     -4.624   0.006721    17.0560    -1.8106     -4.585     0.0106    -1.2255 -9.990e-29
 236.755822     -4.609   0.006720    17.0591    -1.8111     -4.571     0.0106    -1.2260 -9.990e-29
 236.755828     -4.594   0.006720    17.0657    -1.8121     -4.556     0.0106    -1.2272 -9.990e-29
 236.755833     -4.578   0.006719    17.0771    -1.8127     -4.540     0.0106    -1.2292 -9.990e-29
 236.755839     -4.560   0.006719    17.0921    -1.8122     -4.522     0.0106    -1.2318 -9.990e-29
 236.755845     -4.540   0.006719    17.1088    -1.8116     -4.502     0.0106    -1.2347 -9.990e-29
 236.755851     -4.515   0.006718    17.1233    -1.8110     -4.477     0.0106    -1.2372 -9.990e-29
 236.755856     -4.484   0.006718    17.1306    -1.8102     -4.447     0.0106    -1.2385 -9.990e-29
 236.755862     -4.450   0.006717    17.1286    -1.8094     -4.413     0.0106    -1.2382 -9.990e-29
 236.755868     -4.418   0.006717    17.1193    -1.8092     -4.381     0.0106    -1.2365 -9.990e-29
 236.755874     -4.392   0.006716    17.1053    -1.8097     -4.355     0.0106    -1.2341 -9.990e-29
 236.755880     -4.369   0.006716    17.0903    -1.8103     -4.333     0.0106    -1.2315 -9.990e-29
 236.755885     -4.348   0.006716    17.0825    -1.8103     -4.312     0.0106    -1.2301 -9.990e-29
 236.755891     -4.328   0.006715    17.0866    -1.8099     -4.292     0.0106    -1.2308 -9.990e-29
 236.755897     -4.307   0.006715    17.0987    -1.8097     -4.271     0.0106    -1.2329 -9.990e-29
 236.755903     -4.285   0.006714    17.1146    -1.8101     -4.249     0.0106    -1.2357 -9.990e-29
 236.755909     -4.259   0.006714    17.1322    -1.8099     -4.223     0.0106    -1.2388 -9.990e-29
 236.755914     -4.228   0.006714    17.1466    -1.8096     -4.193     0.0106    -1.2413 -9.990e-29
 236.755920     -4.194   0.006713    17.1518    -1.8098     -4.159     0.0106    -1.2422 -9.990e-29
 236.755926     -4.163   0.006713    17.1477    -1.8108     -4.128     0.0106    -1.2415 -9.990e-29
 236.755932     -4.139   0.006712    17.1416    -1.8113     -4.104     0.0106    -1.2404 -9.990e-29
 236.755937     -4.119   0.006712    17.1402    -1.8117     -4.085     0.0106    -1.2402 -9.990e-29
 236.755943     -4.103   0.006712    17.1430    -1.8122     -4.069     0.0106    -1.2407 -9.990e-29
 236.755949     -4.088   0.006711    17.1446    -1.8126     -4.054     0.0106    -1.2409 -9.990e-29
 236.755955     -4.075   0.006711    17.1439    -1.8129     -4.041     0.0106    -1.2408 -9.990e-29
 236.755961     -4.062   0.006710    17.1444    -1.8138     -4.028     0.0106    -1.2409 -9.990e-29
 236.755966     -4.049   0.006710    17.1442    -1.8141     -4.015     0.0106    -1.2409 -9.990e-29
 236.755972     -4.034   0.006710    17.1372    -1.8145     -4.000     0.0106    -1.2396 -9.990e-29
 236.755978     -4.017   0.006709    17.1230    -1.8149     -3.984     0.0106    -1.2372 -9.990e-29
 236.755984     -3.997   0.006709    17.1079    -1.8150     -3.964     0.0106    -1.2345 -9.990e-29
 236.755990     -3.973   0.006708    17.0949    -1.8154     -3.940     0.0106    -1.2323 -9.990e-29
 236.755995     -3.946   0.006708    17.0826    -1.8156     -3.913     0.0106    -1.2301 -9.990e-29
 236.756001     -3.920   0.006707    17.0708    -1.8156     -3.887     0.0106    -1.2280 -9.990e-29
 236.756007     -3.894   0.006707    17.0581    -1.8155     -3.862     0.0106    -1.2258 -9.990e-29
 236.756013     -3.869   0.006707    17.0438    -1.8155     -3.837     0.0106    -1.2233 -9.990e-29
 236.756019     -3.848   0.006706    17.0309    -1.8145     -3.816     0.0106    -1.2211 -9.990e-29
 236.756024     -3.830   0.006706    17.0201    -1.8135     -3.798     0.0106    -1.2192 -9.990e-29
 236.756030     -3.815   0.006705    17.0109    -1.8141     -3.783     0.0106    -1.2176 -9.990e-29
 236.756036     -3.800   0.006705    17.0034    -1.8143     -3.768     0.0106    -1.2163 -9.990e-29
 236.756042     -3.785   0.006705    16.9969    -1.8140     -3.753     0.0106    -1.2152 -9.990e-29
 236.756047     -3.769   0.006704    16.9927    -1.8136     -3.738     0.0106    -1.2145 -9.990e-29
 236.756053     -3.752   0.006704    16.9923    -1.8130     -3.721     0.0106    -1.2144 -9.990e-29
 236.756059     -3.731   0.006703    16.9956    -1.8126     -3.700     0.0106    -1.2150 -9.990e-29
 236.756065     -3.706   0.006703    17.0041    -1.8120     -3.675     0.0106    -1.2164 -9.990e-29
 236.756071     -3.679   0.006703    17.0183    -1.8113     -3.648     0.0106    -1.2189 -9.990e-29
 236.756076     -3.653   0.006702    17.0301    -1.8106     -3.623     0.0106    -1.2210 -9.990e-29
 236.756082     -3.627   0.006702    17.0326    -1.8102     -3.597     0.0106    -1.2214 -9.990e-29
 236.756088     -3.602   0.006701    17.0328    -1.8100     -3.572     0.0106    -1.2214 -9.990e-29
 236.756094     -3.582   0.006701    17.0383    -1.8099     -3.552     0.0106    -1.2224 -9.990e-29
 236.756100     -3.565   0.006701    17.0487    -1.8104     -3.535     0.0106    -1.2242 -9.990e-29
 236.756105     -3.551   0.006700    17.0617    -1.8104     -3.521     0.0106    -1.2265 -9.990e-29
 236.756111     -3.538   0.006700    17.0760    -1.8102     -3.509     0.0106    -1.2289 -9.990e-29
 236.756117     -3.525   0.006699    17.0920    -1.8101     -3.496     0.0106    -1.2317 -9.990e-29
 236.756123     -3.512   0.006699    17.1091    -1.8099     -3.483     0.0106    -1.2347 -9.990e-29
 236.756128     -3.498   0.006698    17.1243    -1.8097     -3.469     0.0106    -1.2374 -9.990e-29
 236.756134     -3.481   0.006698    17.1354    -1.8096     -3.452     0.0106    -1.2393 -9.990e-29
 236.756140     -3.462   0.006698    17.1416    -1.8094     -3.433     0.0106    -1.2404 -9.990e-29
 236.756146     -3.438   0.006697    17.1428    -1.8092     -3.409     0.0106    -1.2406 -9.990e-29
 236.756152     -3.409   0.006697    17.1407    -1.8088     -3.381     0.0106    -1.2403 -9.990e-29
 236.756157     -3.376   0.006696    17.1399    -1.8086     -3.348     0.0106    -1.2401 -9.990e-29
 236.756163     -3.346   0.006696    17.1420    -1.8084     -3.318     0.0106    -1.2405 -9.990e-29
 236.756169     -3.321   0.006696    17.1459    -1.8084     -3.293     0.0106    -1.2412 -9.990e-29
 236.756175     -3.300   0.006695    17.1503    -1.8088     -3.272     0.0106    -1.2419 -9.990e-29
 236.756181     -3.282   0.006695    17.1547    -1.8095     -3.255     0.0106    -1.2427 -9.990e-29
 236.756186     -3.265   0.006694    17.1594    -1.8104     -3.238     0.0106    -1.2435 -9.990e-29
 236.756192     -3.249   0.006694    17.1650    -1.8110     -3.222     0.0106    -1.2445 -9.990e-29
 236.756198     -3.231   0.006694    17.1715    -1.8118     -3.204     0.0106    -1.2457 -9.990e-29
 236.756204     -3.212   0.006693    17.1785    -1.8123     -3.185     0.0106    -1.2469 -9.990e-29
 236.756209     -3.189   0.006693    17.1847    -1.8122     -3.162     0.0106    -1.2480 -9.990e-29
 236.756215     -3.162   0.006692    17.1881    -1.8121     -3.136     0.0106    -1.2486 -9.990e-29
 236.756221     -3.133   0.006692    17.1856    -1.8125     -3.107     0.0106    -1.2481 -9.990e-29
 236.756227     -3.109   0.006692    17.1754    -1.8133     -3.083     0.0106    -1.2463 -9.990e-29
 236.756233     -3.092   0.006691    17.1588    -1.8142     -3.066     0.0106    -1.2434 -9.990e-29
 236.756238     -3.078   0.006691    17.1397    -1.8151     -3.052     0.0106    -1.2401 -9.990e-29
 236.756244     -3.060   0.006690    17.1210    -1.8160     -3.034     0.0106    -1.2368 -9.990e-29
 236.756250     -3.042   0.006690    17.1043    -1.8163     -3.017     0.0106    -1.2339 -9.990e-29
 236.756256     -3.027   0.006689    17.0930    -1.8166     -3.002     0.0106    -1.2319 -9.990e-29
 236.756262     -3.015   0.006689    17.0878    -1.8169     -2.990     0.0106    -1.2310 -9.990e-29
 236.756267     -3.004   0.006689    17.0829    -1.8172     -2.979     0.0106    -1.2301 -9.990e-29
 236.756273     -2.993   0.006688    17.0718    -1.8174     -2.968     0.0106    -1.2282 -9.990e-29
 236.756279     -2.983   0.006688    17.0536    -1.8175     -2.958     0.0106    -1.2250 -9.990e-29
 236.756285     -2.972   0.006687    17.0318    -1.8171     -2.947     0.0106    -1.2212 -9.990e-29
 236.756291     -2.960   0.006687    17.0096    -1.8164     -2.935     0.0106    -1.2174 -9.990e-29
 236.756296     -2.946   0.006688    16.9903    -1.8161     -2.921     0.0106    -1.2140 -9.990e-29
 236.756302     -2.929   0.006689    16.9764    -1.8158     -2.905     0.0106    -1.2116 -9.990e-29
 236.756308     -2.908   0.006689    16.9670    -1.8157     -2.884     0.0106    -1.2100 -9.990e-29
 236.756314     -2.882   0.006690    16.9595    -1.8155     -2.858     0.0106    -1.2087 -9.990e-29
 236.756319     -2.852   0.006691    16.9531    -1.8154     -2.828     0.0106    -1.2076 -9.990e-29
 236.756325     -2.827   0.006692    16.9491    -1.8156     -2.803     0.0106    -1.2069 -9.990e-29
 236.756331     -2.809   0.006693    16.9501    -1.8155     -2.786     0.0106    -1.2071 -9.990e-29
 236.756337     -2.796   0.006693    16.9575    -1.8161     -2.773     0.0106    -1.2083 -9.990e-29
 236.756343     -2.787   0.006694    16.9685    -1.8168     -2.764     0.0106    -1.2102 -9.990e-29
 236.756348     -2.783   0.006695    16.9786    -1.8170     -2.760     0.0106    -1.2120 -9.990e-29
 236.756354     -2.778   0.006696    16.9862    -1.8170     -2.755     0.0106    -1.2133 -9.990e-29
 236.756360     -2.768   0.006697    16.9917    -1.8173     -2.745     0.0106    -1.2143 -9.990e-29
 236.756366     -2.757   0.006698    16.9951    -1.8174     -2.734     0.0106    -1.2149 -9.990e-29
 236.756372     -2.747   0.006698    16.9959    -1.8177     -2.724     0.0106    -1.2150 -9.990e-29
 236.756377     -2.740   0.006699    16.9940    -1.8182     -2.717     0.0106    -1.2147 -9.990e-29
 236.756383     -2.733   0.006700    16.9888    -1.8185     -2.710     0.0106    -1.2138 -9.990e-29
 236.756389     -2.727   0.006701    16.9789    -1.8187     -2.704     0.0106    -1.2120 -9.990e-29
 236.756395     -2.721   0.006702    16.9677    -1.8184     -2.698     0.0106    -1.2101 -9.990e-29
 236.756400     -2.716   0.006702    16.9599    -1.8181     -2.693     0.0106    -1.2087 -9.990e-29
 236.756406     -2.709   0.006703    16.9545    -1.8182     -2.686     0.0106    -1.2078 -9.990e-29
 236.756412     -2.702   0.006704    16.9487    -1.8186     -2.679     0.0106    -1.2068 -9.990e-29
 236.756418     -2.694   0.006705    16.9423    -1.8184     -2.672     0.0106    -1.2057 -9.990e-29
 236.756424     -2.683   0.006706    16.9347    -1.8182     -2.661     0.0106    -1.2044 -9.990e-29
 236.756429     -2.670   0.006706    16.9264    -1.8184     -2.648     0.0106    -1.2030 -9.990e-29
 236.756435     -2.654   0.006707    16.9201    -1.8183     -2.632     0.0106    -1.2019 -9.990e-29
 236.756441     -2.633   0.006708    16.9181    -1.8181     -2.611     0.0106    -1.2015 -9.990e-29
 236.756447     -2.611   0.006709    16.9200    -1.8183     -2.589     0.0106    -1.2018 -9.990e-29
 236.756453     -2.595   0.006710    16.9220    -1.8190     -2.573     0.0106    -1.2022 -9.990e-29
 236.756458     -2.583   0.006710    16.9211    -1.8189     -2.561     0.0106    -1.2020 -9.990e-29
 236.756464     -2.566   0.006711    16.9193    -1.8189     -2.545     0.0106    -1.2017 -9.990e-29
 236.756470     -2.544   0.006712    16.9195    -1.8187     -2.523     0.0106    -1.2018 -9.990e-29
 236.756476     -2.523   0.006713    16.9206    -1.8187     -2.502     0.0106    -1.2019 -9.990e-29
 236.756481     -2.507   0.006714    16.9210    -1.8186     -2.486     0.0106    -1.2020 -9.990e-29
 236.756487     -2.494   0.006714    16.9214    -1.8186     -2.473     0.0106    -1.2021 -9.990e-29
