data/oxygen options/OCNMS/OCNMS1/raw_data/2022/CAST_KL027_220719faed.cnv
* Sea-Bird SBE 19 Data File:
* FileName = C:\2022 Mooring Data\Casts\CAST_KL027_220719.hex
* Software Version SeatermAF 2.1.2
* Temperature SN = 2997
* Conductivity SN = 2997
* System UpLoad Time = Jul 19 2022 17:48:35 (localtime) = Jul 19 2022 17:48:35 (UTC)
** CAST_KL027_220719
* ds
# nquan = 9                                 
# nvalues = 933                         
# units = specified
# name 0 = timeJ: Julian Days
# name 1 = prSM: Pressure, Strain Gauge [db]
# name 2 = c0mS/cm: Conductivity [mS/cm]
# name 3 = t090C: Temperature [ITS-90, deg C]
# name 4 = sbeox0ML/L: Oxygen, SBE 43 [ml/l]
# name 5 = depSM: Depth [salt water, m], lat = 47.5
# name 6 = sal00: Salinity, Practical [PSU]
# name 7 = sigma-é00: Density [sigma-theta, kg/m^3]
# name 8 = flag: flag
# span 0 = 200.702106, 200.707500       
# span 1 =     -5.690,     24.979       
# span 2 =   0.009063,  37.372997       
# span 3 =     7.7943,    14.0766       
# span 4 =    -1.9656,    19.1402       
# span 5 =     -5.643,     24.769       
# span 6 =     0.0105,    33.4509       
# span 7 =    -0.7546,    26.0859       
# span 8 = 0.0000e+00, 0.0000e+00       
# interval = seconds: 0.5
# start_time = Jul 19 2022 16:51:02 [Instrument's time stamp, header]
# bad_flag = -9.990e-29
*END*
[from data line 641]
 200.705816      0.399  37.232026    12.9490     8.4714      0.396    31.5065    23.6979 -9.990e-29
 200.705822      0.410  37.232458    12.9482     8.5098      0.407    31.5076    23.6989 -9.990e-29
 200.705828      0.428  37.232621    12.9474     8.5435      0.424    31.5084    23.6996 -9.990e-29
 200.705833      0.445  37.232550    12.9471     8.5494      0.441    31.5086    23.6998 -9.990e-29
 200.705839      0.459  37.232526    12.9475     8.4708      0.455    31.5082    23.6995 -9.990e-29
 200.705845      0.469  37.232897    12.9482     8.4850      0.465    31.5080    23.6992 -9.990e-29
 200.705851      0.476  37.233413    12.9486     8.4868      0.472    31.5081    23.6992 -9.990e-29
 200.705856      0.482  37.234021    12.9487     8.4970      0.478    31.5086    23.6996 -9.990e-29
 200.705862      0.486  37.234790    12.9487     8.5165      0.482    31.5093    23.7001 -9.990e-29
 200.705868      0.489  37.234883    12.9483     8.4965      0.485    31.5097    23.7005 -9.990e-29
 200.705874      0.490  37.234243    12.9477     8.4887      0.486    31.5096    23.7006 -9.990e-29
 200.705880      0.490  37.234072    12.9472     8.4852      0.486    31.5099    23.7008 -9.990e-29
 200.705885      0.489  37.234523    12.9465     8.4897      0.485    31.5109    23.7018 -9.990e-29
 200.705891      0.487  37.234893    12.9454     8.5024      0.483    31.5122    23.7030 -9.990e-29
 200.705897      0.484  37.235495    12.9448     8.5068      0.480    31.5132    23.7039 -9.990e-29
 200.705903      0.479  37.236388    12.9442     8.5118      0.475    31.5146    23.7051 -9.990e-29
 200.705909      0.472  37.236340    12.9435     8.5022      0.468    31.5151    23.7056 -9.990e-29
 200.705914      0.463  37.236226    12.9433     8.4850      0.459    31.5152    23.7057 -9.990e-29
 200.705920      0.455  37.237392    12.9435     8.4615      0.451    31.5161    23.7064 -9.990e-29
 200.705926      0.457  37.238970    12.9445     8.4483      0.453    31.5168    23.7067 -9.990e-29
 200.705932      0.468  37.240641    12.9469     8.4594      0.464    31.5163    23.7059 -9.990e-29
 200.705938      0.481  37.242210    12.9496     8.4711      0.477    31.5156    23.7048 -9.990e-29
 200.705943      0.492  37.242787    12.9511     8.4676      0.488    31.5149    23.7039 -9.990e-29
 200.705949      0.502  37.242398    12.9518     8.4665      0.498    31.5139    23.7031 -9.990e-29
 200.705955      0.508  37.242024    12.9517     8.4775      0.504    31.5136    23.7029 -9.990e-29
 200.705961      0.504  37.242105    12.9506     8.5099      0.500    31.5146    23.7038 -9.990e-29
 200.705966      0.497  37.242006    12.9482     8.5285      0.493    31.5165    23.7058 -9.990e-29
 200.705972      0.489  37.241412    12.9465     8.5203      0.485    31.5174    23.7068 -9.990e-29
 200.705978      0.483  37.240470    12.9474     8.5011      0.479    31.5158    23.7053 -9.990e-29
 200.705984      0.485  37.238861    12.9487     8.4796      0.481    31.5132    23.7031 -9.990e-29
 200.705990      0.490  37.237059    12.9489     8.4770      0.486    31.5113    23.7016 -9.990e-29
 200.705995      0.493  37.236399    12.9483     8.4885      0.489    31.5112    23.7016 -9.990e-29
 200.706001      0.496  37.237498    12.9467     8.5008      0.492    31.5135    23.7038 -9.990e-29
 200.706007      0.497  37.239402    12.9446     8.5051      0.493    31.5171    23.7069 -9.990e-29
 200.706013      0.498  37.240546    12.9429     8.4896      0.494    31.5196    23.7092 -9.990e-29
 200.706019      0.499  37.241152    12.9415     8.5018      0.495    31.5213    23.7108 -9.990e-29
 200.706024      0.498  37.241845    12.9402     8.4571      0.494    31.5230    23.7124 -9.990e-29
 200.706030      0.502  37.242244    12.9392     8.4835      0.498    31.5242    23.7135 -9.990e-29
 200.706036      0.509  37.242142    12.9380     8.4989      0.505    31.5251    23.7144 -9.990e-29
 200.706042      0.513  37.241779    12.9363     8.4871      0.509    31.5262    23.7156 -9.990e-29
 200.706047      0.512  37.241609    12.9351     8.4826      0.508    31.5271    23.7165 -9.990e-29
 200.706053      0.512  37.241781    12.9350     8.4169      0.508    31.5273    23.7167 -9.990e-29
 200.706059      0.512  37.242345    12.9363     8.4459      0.508    31.5268    23.7160 -9.990e-29
 200.706065      0.512  37.243308    12.9385     8.4769      0.508    31.5258    23.7149 -9.990e-29
 200.706071      0.512  37.244092    12.9397     8.5023      0.508    31.5256    23.7144 -9.990e-29
 200.706076      0.512  37.244440    12.9388     8.5345      0.508    31.5266    23.7154 -9.990e-29
 200.706082      0.513  37.245195    12.9380     8.4991      0.509    31.5280    23.7167 -9.990e-29
 200.706088      0.514  37.246621    12.9399     8.5008      0.510    31.5278    23.7161 -9.990e-29
 200.706094      0.516  37.248198    12.9449     8.5031      0.512    31.5251    23.7131 -9.990e-29
 200.706100      0.518  37.250164    12.9504     8.4867      0.514    31.5224    23.7099 -9.990e-29
 200.706105      0.520  37.252718    12.9545     8.4831      0.516    31.5214    23.7083 -9.990e-29
 200.706111      0.524  37.255163    12.9575     8.4938      0.520    31.5212    23.7076 -9.990e-29
 200.706117      0.528  37.256658    12.9598     8.4915      0.524    31.5207    23.7067 -9.990e-29
 200.706123      0.534  37.257334    12.9618     8.4901      0.530    31.5196    23.7055 -9.990e-29
 200.706128      0.537  37.257909    12.9629     8.4937      0.533    31.5192    23.7050 -9.990e-29
 200.706134      0.538  37.258408    12.9627     8.4747      0.534    31.5199    23.7056 -9.990e-29
 200.706140      0.545  37.258753    12.9625     8.4959      0.540    31.5204    23.7060 -9.990e-29
 200.706146      0.559  37.259225    12.9630     8.5011      0.554    31.5204    23.7059 -9.990e-29
 200.706152      0.571  37.259708    12.9633     8.4813      0.566    31.5206    23.7060 -9.990e-29
 200.706157      0.575  37.260104    12.9631     8.4716      0.570    31.5211    23.7065 -9.990e-29
 200.706163      0.566  37.260759    12.9632     8.4753      0.561    31.5217    23.7069 -9.990e-29
 200.706169      0.552  37.261802    12.9640     8.4892      0.547    31.5220    23.7069 -9.990e-29
 200.706175      0.545  37.263323    12.9655     8.4876      0.540    31.5222    23.7068 -9.990e-29
 200.706181      0.550  37.264926    12.9672     8.4646      0.545    31.5223    23.7065 -9.990e-29
 200.706186      0.565  37.266329    12.9688     8.4657      0.560    31.5222    23.7062 -9.990e-29
 200.706192      0.584  37.267537    12.9703     8.4683      0.579    31.5221    23.7058 -9.990e-29
 200.706198      0.595  37.268297    12.9716     8.4719      0.590    31.5218    23.7053 -9.990e-29
 200.706204      0.598  37.268881    12.9720     8.4893      0.593    31.5220    23.7054 -9.990e-29
 200.706209      0.599  37.269323    12.9709     8.4800      0.594    31.5233    23.7066 -9.990e-29
 200.706215      0.597  37.269472    12.9691     8.4732      0.592    31.5249    23.7082 -9.990e-29
 200.706221      0.596  37.269343    12.9676     8.4639      0.591    31.5261    23.7094 -9.990e-29
 200.706227      0.605  37.269143    12.9672     8.4771      0.600    31.5262    23.7096 -9.990e-29
 200.706233      0.633  37.269544    12.9684     8.4797      0.628    31.5256    23.7089 -9.990e-29
 200.706238      0.682  37.270898    12.9709     8.4245      0.676    31.5248    23.7078 -9.990e-29
 200.706244      0.746  37.272589    12.9735     8.4710      0.740    31.5242    23.7068 -9.990e-29
 200.706250      0.821  37.273886    12.9751     8.4853      0.814    31.5240    23.7064 -9.990e-29
 200.706256      0.904  37.274656    12.9759     8.5042      0.896    31.5240    23.7062 -9.990e-29
 200.706262      0.994  37.275184    12.9765     8.5221      0.986    31.5240    23.7061 -9.990e-29
 200.706267      1.098  37.275992    12.9785     8.4749      1.089    31.5231    23.7050 -9.990e-29
 200.706273      1.222  37.277412    12.9827     8.4925      1.212    31.5208    23.7025 -9.990e-29
 200.706279      1.374  37.279477    12.9871     8.4991      1.363    31.5191    23.7002 0.0000e+00
 200.706285      1.561  37.281394    12.9886     8.5287      1.548    31.5195    23.7003 0.0000e+00
 200.706291      1.775  37.281056    12.9860     8.5417      1.760    31.5213    23.7022 0.0000e+00
 200.706296      2.002  37.276711    12.9806     8.5386      1.985    31.5216    23.7035 0.0000e+00
 200.706302      2.230  37.268760    12.9722     8.5623      2.211    31.5211    23.7047 0.0000e+00
 200.706308      2.455  37.258805    12.9561     8.5813      2.434    31.5250    23.7109 0.0000e+00
 200.706314      2.677  37.247582    12.9259     8.6024      2.655    31.5395    23.7279 0.0000e+00
 200.706319      2.899  37.236690    12.8841     8.6179      2.875    31.5640    23.7550 0.0000e+00
 200.706325      3.132  37.228388    12.8344     8.6275      3.106    31.5976    23.7906 0.0000e+00
 200.706331      3.378  37.219262    12.7746     8.6045      3.350    31.6389    23.8341 0.0000e+00
 200.706337      3.635  37.208723    12.7097     8.5750      3.605    31.6833    23.8809 0.0000e+00
 200.706343      3.899  37.201577    12.6518     8.5503      3.866    31.7251    23.9244 0.0000e+00
 200.706348      4.160  37.195945    12.6085     8.5619      4.125    31.7562    23.9567 0.0000e+00
 200.706354      4.414  37.191969    12.5814     8.6203      4.377    31.7751    23.9766 0.0000e+00
 200.706360      4.659  37.193681    12.5667     8.7164      4.620    31.7891    23.9902 0.0000e+00
 200.706366      4.898  37.202053    12.5555     8.7153      4.857    31.8064    24.0057 0.0000e+00
 200.706372      5.139  37.212375    12.5372     8.5818      5.096    31.8316    24.0288 0.0000e+00
 200.706377      5.383  37.212457    12.5081     8.4300      5.338    31.8562    24.0534 0.0000e+00
 200.706383      5.628  37.199424    12.4742     8.2850      5.581    31.8725    24.0724 0.0000e+00
 200.706389      5.874  37.182049    12.4404     8.1385      5.825    31.8845    24.0881 0.0000e+00
 200.706395      6.119  37.161629    12.3991     7.8706      6.068    31.9000    24.1079 0.0000e+00
 200.706400      6.362  37.126997    12.3230     7.5065      6.309    31.9315    24.1468 0.0000e+00
 200.706406      6.604  37.044118    12.1517     7.0313      6.549    31.9982    24.2306 0.0000e+00
 200.706412      6.853  36.848803    11.8311     6.5814      6.796    32.0852    24.3575 0.0000e+00
 200.706418      7.112  36.544316    11.4017     6.1764      7.053    32.1608    24.4942 0.0000e+00
 200.706424      7.380  36.232591    10.9774     5.7852      7.318    32.2250    24.6194 0.0000e+00
 200.706429      7.653  35.983449    10.6407     5.4712      7.589    32.2742    24.7162 0.0000e+00
 200.706435      7.927  35.802224    10.4049     5.1922      7.861    32.3019    24.7781 0.0000e+00
 200.706441      8.201  35.671088    10.2369     4.9518      8.132    32.3195    24.8202 0.0000e+00
 200.706447      8.473  35.569562    10.0940     4.8002      8.402    32.3445    24.8636 0.0000e+00
 200.706453      8.738  35.475218     9.9534     4.6316      8.665    32.3748    24.9105 0.0000e+00
 200.706458      8.995  35.368490     9.8257     4.5715      8.920    32.3809    24.9363 0.0000e+00
 200.706464      9.244  35.262034     9.7281     4.4831      9.167    32.3602    24.9361 0.0000e+00
 200.706470      9.489  35.182863     9.6492     4.3911      9.410    32.3503    24.9412 0.0000e+00
 200.706476      9.735  35.133322     9.5611     4.2796      9.654    32.3790    24.9778 0.0000e+00
 200.706481      9.986  35.091420     9.4532     4.1602      9.902    32.4334    25.0377 0.0000e+00
 200.706487     10.240  35.038073     9.3475     4.1128     10.154    32.4744    25.0865 0.0000e+00
 200.706493     10.497  34.974781     9.2760     4.0524     10.409    32.4740    25.0976 0.0000e+00
 200.706499     10.756  34.920019     9.2345     4.0168     10.666    32.4551    25.0894 0.0000e+00
 200.706505     11.012  34.877871     9.1817     3.9801     10.920    32.4595    25.1011 0.0000e+00
 200.706510     11.259  34.836207     9.1049     3.9320     11.165    32.4863    25.1341 0.0000e+00
 200.706516     11.502  34.797550     9.0348     3.9185     11.406    32.5101    25.1637 0.0000e+00
 200.706522     11.741  34.768988     8.9970     3.8830     11.643    32.5149    25.1733 0.0000e+00
 200.706528     11.976  34.751458     8.9860     3.8247     11.876    32.5067    25.1686 0.0000e+00
 200.706534     12.208  34.749970     8.9702     3.7769     12.106    32.5195    25.1810 0.0000e+00
 200.706539     12.444  34.750603     8.9289     3.7374     12.340    32.5579    25.2175 0.0000e+00
 200.706545     12.690  34.727712     8.8705     3.7179     12.584    32.5875    25.2497 0.0000e+00
 200.706551     12.949  34.695412     8.8212     3.6973     12.841    32.5990    25.2663 0.0000e+00
 200.706557     13.216  34.691671     8.8008     3.6471     13.105    32.6138    25.2810 0.0000e+00
 200.706562     13.482  34.722519     8.8044     3.5257     13.369    32.6425    25.3030 0.0000e+00
 200.706568     13.739  34.760578     8.8164     3.3643     13.624    32.6711    25.3235 0.0000e+00
 200.706574     13.985  34.788651     8.8203     3.1416     13.868    32.6967    25.3429 0.0000e+00
 200.706580     14.233  34.807597     8.8026     2.8829     14.114    32.7327    25.3739 0.0000e+00
 200.706586     14.489  34.821229     8.7580     2.6231     14.368    32.7881    25.4241 0.0000e+00
 200.706591     14.748  34.829072     8.6845     2.3562     14.624    32.8643    25.4951 0.0000e+00
 200.706597     15.005  34.810608     8.5828     2.1296     14.879    32.9395    25.5695 0.0000e+00
 200.706603     15.260  34.754483     8.4564     1.9473     15.132    32.9985    25.6348 0.0000e+00
 200.706609     15.515  34.685378     8.3098     1.7875     15.385    33.0629    25.7073 0.0000e+00
 200.706615     15.775  34.630830     8.1672     1.6795     15.643    33.1394    25.7884 0.0000e+00
 200.706620     16.038  34.599135     8.0636     1.5817     15.904    33.2036    25.8541 0.0000e+00
 200.706626     16.305  34.585365     8.0139     1.4698     16.168    33.2360    25.8868 0.0000e+00
 200.706632     16.570  34.582729     8.0080     1.3866     16.431    33.2386    25.8897 0.0000e+00
 200.706638     16.830  34.588086     8.0147     1.2669     16.689    33.2379    25.8882 0.0000e+00
 200.706644     17.088  34.595520     7.9979     1.2624     16.945    33.2617    25.9093 0.0000e+00
 200.706649     17.351  34.596855     7.9495     1.2908     17.205    33.3090    25.9536 0.0000e+00
 200.706655     17.624  34.593706     7.8954     1.3072     17.476    33.3572    25.9993 0.0000e+00
 200.706661     17.903  34.592908     7.8589     1.3379     17.753    33.3911    26.0312 0.0000e+00
 200.706667     18.179  34.594899     7.8427     1.2881     18.026    33.4086    26.0473 0.0000e+00
 200.706672     18.446  34.598232     7.8420     1.3356     18.291    33.4127    26.0506 0.0000e+00
 200.706678     18.693  34.604376     7.8476     1.3769     18.536    33.4138    26.0507 0.0000e+00
 200.706684     18.919  34.612949     7.8518     1.4101     18.760    33.4189    26.0541 0.0000e+00
 200.706690     19.135  34.618972     7.8525     1.4310     18.974    33.4246    26.0584 0.0000e+00
 200.706696     19.359  34.615744     7.8466     1.4127     19.197    33.4267    26.0609 0.0000e+00
 200.706701     19.604  34.604397     7.8373     1.4234     19.439    33.4233    26.0596 0.0000e+00
 200.706707     19.870  34.597081     7.8323     1.4088     19.703    33.4201    26.0579 0.0000e+00
 200.706713     20.143  34.597874     7.8329     1.4106     19.974    33.4203    26.0579 0.0000e+00
 200.706719     20.406  34.602620     7.8368     1.4103     20.235    33.4215    26.0583 0.0000e+00
 200.706725     20.655  34.607395     7.8390     1.3919     20.482    33.4244    26.0603 0.0000e+00
 200.706730     20.897  34.607195     7.8369     1.4088     20.722    33.4261    26.0619 0.0000e+00
