data/oxygen options/OCNMS/OCNMS1/raw_data/2022/CAST_TH042_220822faedb.cnv
* Sea-Bird SBE 19 Data File:
* FileName = C:\2022 Mooring Data\Casts\PPS\PPS_TH042_220822.hex
* Software Version SeatermAF 2.1.2
* Temperature SN = 2997
* Conductivity SN = 2997
* System UpLoad Time = Aug 22 2022 18:22:32 (localtime) = Aug 22 2022 18:22:32 (UTC)
** PPS_TH042_220822
* ds
# nquan = 9
# nvalues = 41                          
# units = specified
# name 0 = timeJ: Julian Days
# name 1 = prSM: Pressure, Strain Gauge [db]
# name 2 = c0mS/cm: Conductivity [mS/cm]
# name 3 = t090C: Temperature [ITS-90, deg C]
# name 4 = sbeox0ML/L: Oxygen, SBE 43 [ml/l]
# name 5 = depSM: Depth [salt water, m], lat = 47.5
# name 6 = sal00: Salinity, Practical [PSU]
# name 7 = sigma-é00: Density [sigma-theta, kg/m^3]
# name 8 = flag: flag
# span 0 = 234.750704, 234.751689       
# span 1 =      1.000,     41.000       
# span 2 =  34.247286,  40.341642       
# span 3 =     7.6704,    16.7003       
# span 4 =     1.5580,     8.3678       
# span 5 =      0.992,     40.654       
# span 6 =    31.2853,    33.5347       
# span 7 =    22.7350,    26.1713       
# span 8 = 0.0000e+00, 0.0000e+00       
# interval = decibars: 1                
# start_time = Aug 22 2022 17:54:56 [Instrument's time stamp, header]
# bad_flag = -9.990e-29
*END*
 234.750704      1.000  40.341642    16.7003     8.3678      0.992    31.2853    22.7350 0.0000e+00
 234.750733      2.000  40.237984    15.8567     8.2322      1.983    31.8657    23.3701 0.0000e+00
 234.750758      3.000  40.055100    15.4034     7.4681      2.975    32.0699    23.6269 0.0000e+00
 234.750781      4.000  39.486657    14.7604     7.1958      3.967    32.0858    23.7775 0.0000e+00
 234.750803      5.000  38.959804    14.2099     6.4418      4.958    32.0613    23.8742 0.0000e+00
 234.750824      6.000  38.777958    13.9157     6.2706      5.950    32.1385    23.9941 0.0000e+00
 234.750844      7.000  38.101171    13.3751     6.0860      6.942    31.9630    23.9676 0.0000e+00
 234.750865      8.000  38.388941    13.4000     5.6364      7.933    32.2101    24.1536 0.0000e+00
 234.750887      9.000  38.112140    12.9782     5.3161      8.925    32.3076    24.3118 0.0000e+00
 234.750909     10.000  36.874738    11.7369     5.1701      9.916    32.1891    24.4541 0.0000e+00
 234.750931     11.000  36.101722    10.8186     4.9158     10.908    32.2334    24.6536 0.0000e+00
 234.750953     12.000  35.799441    10.4137     4.5749     11.899    32.2896    24.7670 0.0000e+00
 234.750974     13.000  35.321010     9.8545     4.5929     12.891    32.3050    24.8722 0.0000e+00
 234.750995     14.000  35.143274     9.5190     4.6855     13.883    32.4253    25.0208 0.0000e+00
 234.751016     15.000  35.086750     9.3917     4.6994     14.874    32.4822    25.0856 0.0000e+00
 234.751039     16.000  35.038604     9.3370     4.6313     15.866    32.4819    25.0942 0.0000e+00
 234.751061     17.000  34.906114     9.1083     4.6349     16.857    32.5530    25.1858 0.0000e+00
 234.751083     18.000  34.688044     8.8717     4.7024     17.849    32.5426    25.2144 0.0000e+00
 234.751107     19.000  34.489101     8.6937     4.6840     18.841    32.4978    25.2066 0.0000e+00
 234.751131     20.000  34.318314     8.4711     4.5482     19.832    32.5233    25.2601 0.0000e+00
 234.751155     21.000  34.278294     8.3637     4.4627     20.824    32.5798    25.3206 0.0000e+00
 234.751181     22.000  34.256248     8.3121     4.3348     21.815    32.6039    25.3471 0.0000e+00
 234.751206     23.000  34.272276     8.2764     3.6898     22.807    32.6535    25.3913 0.0000e+00
 234.751229     24.000  34.541183     8.4087     3.5388     23.798    32.8140    25.4975 0.0000e+00
 234.751251     25.000  34.445994     8.2579     3.4156     24.790    32.8537    25.5510 0.0000e+00
 234.751273     26.000  34.357168     8.1225     3.2418     25.781    32.8859    25.5962 0.0000e+00
 234.751297     27.000  34.287112     8.0237     3.2924     26.773    32.9037    25.6247 0.0000e+00
 234.751320     28.000  34.254105     7.9232     3.3709     27.764    32.9626    25.6855 0.0000e+00
 234.751343     29.000  34.247286     7.8678     3.4912     28.756    33.0072    25.7286 0.0000e+00
 234.751365     30.000  34.259228     7.8182     3.5817     29.747    33.0664    25.7823 0.0000e+00
 234.751390     31.000  34.270574     7.7800     3.5351     30.739    33.1145    25.8255 0.0000e+00
 234.751416     32.000  34.285929     7.7466     3.1277     31.731    33.1623    25.8678 0.0000e+00
 234.751441     33.000  34.347169     7.7166     2.5599     32.722    33.2562    25.9459 0.0000e+00
 234.751463     34.000  34.413543     7.7007     2.0537     33.714    33.3422    26.0158 0.0000e+00
 234.751486     35.000  34.479867     7.7013     1.7929     34.705    33.4126    26.0710 0.0000e+00
 234.751511     36.000  34.522063     7.6924     1.6005     35.697    33.4661    26.1144 0.0000e+00
 234.751535     37.000  34.548724     7.6771     1.5580     36.688    33.5090    26.1503 0.0000e+00
 234.751558     38.000  34.557450     7.6724     1.5798     37.679    33.5225    26.1616 0.0000e+00
 234.751581     39.000  34.559496     7.6717     1.5813     38.671    33.5249    26.1636 0.0000e+00
 234.751608     40.000  34.560212     7.6704     1.5720     39.662    33.5264    26.1650 0.0000e+00
 234.751689     41.000  34.569739     7.6720     1.5671     40.654    33.5347    26.1713 0.0000e+00
