data/oxygen options/OCNMS/OCNMS1/raw_data/2022/CAST_MB042_220521faed.cnv
* Sea-Bird SBE 19 Data File:
* FileName = C:\2022 Mooring Data\Casts\CAST_MB042_220521.hex
* Software Version SeatermAF 2.1.2
* Temperature SN = 2997
* Conductivity SN = 2997
* System UpLoad Time = May 21 2022 22:27:58 (localtime) = May 21 2022 22:27:58 (UTC)
** CAST_MB042_220521
* ds
# nquan = 9                                 
# nvalues = 1454                        
# units = specified
# name 0 = timeJ: Julian Days
# name 1 = prSM: Pressure, Strain Gauge [db]
# name 2 = c0mS/cm: Conductivity [mS/cm]
# name 3 = t090C: Temperature [ITS-90, deg C]
# name 4 = sbeox0ML/L: Oxygen, SBE 43 [ml/l]
# name 5 = depSM: Depth [salt water, m], lat = 47.5
# name 6 = sal00: Salinity, Practical [PSU]
# name 7 = sigma-é00: Density [sigma-theta, kg/m^3]
# name 8 = flag: flag
# span 0 = 141.910278, 141.918686       
# span 1 =     -6.174,     40.204       
# span 2 =   0.206422,  34.377745       
# span 3 =     7.5603,    14.6640       
# span 4 =   -12.8842,    15.7811       
# span 5 =     -6.123,     39.865       
# span 6 =     0.1285,    33.4308       
# span 7 =    -0.6791,    26.1049       
# span 8 = 0.0000e+00, 0.0000e+00       
# interval = seconds: 0.5
# start_time = May 21 2022 21:50:48 [Instrument's time stamp, header]
# bad_flag = -9.990e-29
*END*
 141.910278     -6.174 -9.990e-29    13.6370    -1.9452     -6.123 -9.990e-29 -9.990e-29 -9.990e-29
 141.910284     -6.161   0.209751    13.6170    -1.9446     -6.110     0.1289    -0.6013 -9.990e-29
 141.910289     -6.143   0.209217    13.5938    -1.9448     -6.092     0.1286    -0.5984 -9.990e-29
 141.910295     -6.121   0.208907    13.5754    -1.9456     -6.070     0.1285    -0.5961 -9.990e-29
 141.910301     -6.096   0.208962    13.5640    -1.9471     -6.045     0.1286    -0.5945 -9.990e-29
 141.910307     -6.072   0.209269    13.5604    -1.9494     -6.021     0.1288    -0.5938 -9.990e-29
 141.910313     -6.047   0.209686    13.5673    -1.9506     -5.997     0.1290    -0.5946 -9.990e-29
 141.910318     -6.024   0.210031    13.5818    -1.9513     -5.974     0.1292    -0.5964 -9.990e-29
 141.910324     -6.000   0.210207    13.5988    -1.9536     -5.950     0.1292    -0.5986 -9.990e-29
 141.910330     -5.972   0.210265    13.6139    -1.9560     -5.922     0.1292    -0.6007 -9.990e-29
 141.910336     -5.940   0.210284    13.6214    -1.9573     -5.891     0.1292    -0.6017 -9.990e-29
 141.910341     -5.907   0.210290    13.6167    -1.9569     -5.858     0.1292    -0.6010 -9.990e-29
 141.910347     -5.872   0.210288    13.5986    -1.9543     -5.823     0.1293    -0.5986 -9.990e-29
 141.910353     -5.831   0.210276    13.5684    -1.9523     -5.782     0.1294    -0.5944 -9.990e-29
 141.910359     -5.787   0.210240    13.5323    -1.9511     -5.739     0.1294    -0.5895 -9.990e-29
 141.910365     -5.745   0.210131    13.4989    -1.9504     -5.697     0.1295    -0.5851 -9.990e-29
 141.910370     -5.707   0.209803    13.4658    -1.9498     -5.659     0.1294    -0.5807 -9.990e-29
 141.910376     -5.670   0.209372    13.4267    -1.9502     -5.623     0.1292    -0.5757 -9.990e-29
 141.910382     -5.637   0.209372    13.3891    -1.9516     -5.590     0.1293    -0.5706 -9.990e-29
 141.910388     -5.609   0.209803    13.3696    -1.9535     -5.562     0.1297    -0.5678 -9.990e-29
 141.910394     -5.581   0.210131    13.3784    -1.9559     -5.534     0.1298    -0.5688 -9.990e-29
 141.910399     -5.551   0.210240    13.4097    -1.9585     -5.505     0.1298    -0.5730 -9.990e-29
 141.910405     -5.521   0.210276    13.4459    -1.9599     -5.475     0.1297    -0.5778 -9.990e-29
 141.910411     -5.489   0.210287    13.4743    -1.9606     -5.443     0.1297    -0.5816 -9.990e-29
 141.910417     -5.457   0.210287    13.4923    -1.9618     -5.412     0.1296    -0.5841 -9.990e-29
 141.910422     -5.428   0.210276    13.4984    -1.9628     -5.383     0.1296    -0.5849 -9.990e-29
 141.910428     -5.400   0.210240    13.4883    -1.9637     -5.355     0.1296    -0.5836 -9.990e-29
 141.910434     -5.370   0.210131    13.4613    -1.9646     -5.325     0.1296    -0.5800 -9.990e-29
 141.910440     -5.338   0.209803    13.4211    -1.9654     -5.294     0.1295    -0.5747 -9.990e-29
 141.910446     -5.306   0.209372    13.3734    -1.9660     -5.262     0.1294    -0.5685 -9.990e-29
 141.910451     -5.275   0.209372    13.3275    -1.9671     -5.231     0.1295    -0.5624 -9.990e-29
 141.910457     -5.243   0.209803    13.2916    -1.9676     -5.199     0.1299    -0.5574 -9.990e-29
 141.910463     -5.214   0.210131    13.2641    -1.9675     -5.171     0.1302    -0.5536 -9.990e-29
 141.910469     -5.189   0.210241    13.2391    -1.9674     -5.146     0.1303    -0.5502 -9.990e-29
 141.910475     -5.166   0.210278    13.2154    -1.9677     -5.123     0.1304    -0.5470 -9.990e-29
 141.910480     -5.145   0.210290    13.1934    -1.9681     -5.102     0.1305    -0.5441 -9.990e-29
 141.910486     -5.124   0.210294    13.1731    -1.9685     -5.081     0.1306    -0.5415 -9.990e-29
 141.910492     -5.102   0.210296    13.1550    -1.9684     -5.059     0.1306    -0.5391 -9.990e-29
 141.910498     -5.076   0.210296    13.1379    -1.9685     -5.034     0.1307    -0.5368 -9.990e-29
 141.910503     -5.046   0.210296    13.1220    -1.9686     -5.004     0.1307    -0.5347 -9.990e-29
 141.910509     -5.015   0.210296    13.1112    -1.9682     -4.973     0.1308    -0.5333 -9.990e-29
 141.910515     -4.987   0.210296    13.1064    -1.9677     -4.945     0.1308    -0.5327 -9.990e-29
 141.910521     -4.967   0.210295    13.1035    -1.9672     -4.926     0.1308    -0.5323 -9.990e-29
 141.910527     -4.949   0.210294    13.0991    -1.9665     -4.908     0.1308    -0.5318 -9.990e-29
 141.910532     -4.926   0.210289    13.0932    -1.9658     -4.885     0.1308    -0.5310 -9.990e-29
 141.910538     -4.902   0.210275    13.0883    -1.9653     -4.861     0.1308    -0.5303 -9.990e-29
 141.910544     -4.880   0.210234    13.0862    -1.9653     -4.839     0.1308    -0.5301 -9.990e-29
 141.910550     -4.859   0.210111    13.0860    -1.9648     -4.819     0.1307    -0.5301 -9.990e-29
 141.910556     -4.836   0.209742    13.0881    -1.9650     -4.796     0.1305    -0.5306 -9.990e-29
 141.910561     -4.815   0.209189    13.0941    -1.9655     -4.775     0.1301    -0.5316 -9.990e-29
 141.910567     -4.798   0.208821    13.1038    -1.9662     -4.758     0.1299    -0.5331 -9.990e-29
 141.910573     -4.781   0.208701    13.1161    -1.9666     -4.741     0.1297    -0.5348 -9.990e-29
 141.910579     -4.758   0.208670    13.1299    -1.9672     -4.718     0.1297    -0.5366 -9.990e-29
 141.910584     -4.731   0.208685    13.1429    -1.9677     -4.692     0.1297    -0.5383 -9.990e-29
 141.910590     -4.708   0.208766    13.1527    -1.9677     -4.669     0.1297    -0.5395 -9.990e-29
 141.910596     -4.687   0.209022    13.1592    -1.9680     -4.648     0.1298    -0.5402 -9.990e-29
 141.910602     -4.663   0.209241    13.1623    -1.9682     -4.624     0.1299    -0.5405 -9.990e-29
 141.910608     -4.638   0.209161    13.1595    -1.9685     -4.599     0.1299    -0.5402 -9.990e-29
 141.910613     -4.616   0.209230    13.1507    -1.9690     -4.578     0.1300    -0.5390 -9.990e-29
 141.910619     -4.593   0.209538    13.1392    -1.9702     -4.555     0.1302    -0.5374 -9.990e-29
 141.910625     -4.570   0.209388    13.1277    -1.9716     -4.532     0.1301    -0.5359 -9.990e-29
 141.910631     -4.544   0.208582    13.1172    -1.9733     -4.506     0.1297    -0.5350 -9.990e-29
 141.910637     -4.515   0.207703    13.1091    -1.9757     -4.477     0.1291    -0.5343 -9.990e-29
 141.910642     -4.484   0.207241    13.1028    -1.9769     -4.447     0.1289    -0.5337 -9.990e-29
 141.910648     -4.457   0.207135    13.0965    -1.9783     -4.420     0.1288    -0.5330 -9.990e-29
 141.910654     -4.434   0.207243    13.0893    -1.9801     -4.397     0.1289    -0.5320 -9.990e-29
 141.910660     -4.409   0.207709    13.0795    -1.9822     -4.372     0.1292    -0.5305 -9.990e-29
 141.910666     -4.384   0.208598    13.0638    -1.9837     -4.347     0.1298    -0.5280 -9.990e-29
 141.910671     -4.362   0.209437    13.0399    -1.9856     -4.326     0.1304    -0.5245 -9.990e-29
 141.910677     -4.341   0.209682    13.0082    -1.9870     -4.305     0.1307    -0.5202 -9.990e-29
 141.910683     -4.320   0.209661    12.9702    -1.9885     -4.284     0.1308    -0.5153 -9.990e-29
 141.910689     -4.299   0.209899    12.9303    -1.9900     -4.263     0.1311    -0.5101 -9.990e-29
 141.910694     -4.279   0.210159    12.8933    -1.9910     -4.243     0.1313    -0.5052 -9.990e-29
 141.910700     -4.264   0.210235    12.8572    -1.9921     -4.228     0.1315    -0.5005 -9.990e-29
 141.910706     -4.248   0.210228    12.8183    -1.9931     -4.213     0.1316    -0.4956 -9.990e-29
 141.910712     -4.227   0.210128    12.7781    -1.9944     -4.192     0.1317    -0.4905 -9.990e-29
 141.910718     -4.203   0.209803    12.7390    -1.9957     -4.168     0.1316    -0.4857 -9.990e-29
 141.910723     -4.179   0.209374    12.7016    -1.9963     -4.144     0.1314    -0.4812 -9.990e-29
 141.910729     -4.153   0.209374    12.6666    -1.9969     -4.118     0.1315    -0.4768 -9.990e-29
 141.910735     -4.129   0.209805    12.6335    -1.9976     -4.095     0.1319    -0.4725 -9.990e-29
 141.910741     -4.108   0.210133    12.6028    -1.9985     -4.074     0.1322    -0.4685 -9.990e-29
 141.910747     -4.090   0.210242    12.5758    -1.9991     -4.056     0.1324    -0.4651 -9.990e-29
 141.910752     -4.073   0.210277    12.5511    -1.9995     -4.039     0.1325    -0.4620 -9.990e-29
 141.910758     -4.057   0.210285    12.5263    -1.9998     -4.023     0.1326    -0.4589 -9.990e-29
 141.910764     -4.040   0.210276    12.5009    -1.9997     -4.006     0.1326    -0.4558 -9.990e-29
 141.910770     -4.020   0.210240    12.4775    -2.0009     -3.986     0.1327    -0.4529 -9.990e-29
 141.910775     -3.998   0.210126    12.4588    -2.0021     -3.965     0.1327    -0.4507 -9.990e-29
 141.910781     -3.971   0.209785    12.4429    -2.0031     -3.938     0.1325    -0.4489 -9.990e-29
 141.910787     -3.942   0.209314    12.4270    -2.0035     -3.909     0.1323    -0.4472 -9.990e-29
 141.910793     -3.918   0.209191    12.4113    -2.0039     -3.885     0.1322    -0.4453 -9.990e-29
 141.910799     -3.898   0.209252    12.3981    -2.0048     -3.866     0.1323    -0.4437 -9.990e-29
 141.910804     -3.875   0.209027    12.3880    -2.0050     -3.843     0.1322    -0.4426 -9.990e-29
 141.910810     -3.852   0.208767    12.3798    -2.0052     -3.820     0.1321    -0.4417 -9.990e-29
 141.910816     -3.832   0.208681    12.3694    -2.0048     -3.800     0.1320    -0.4405 -9.990e-29
 141.910822     -3.815   0.208652    12.3524    -2.0044     -3.783     0.1321    -0.4384 -9.990e-29
 141.910828     -3.799   0.208642    12.3315    -2.0037     -3.767     0.1321    -0.4359 -9.990e-29
 141.910833     -3.783   0.208638    12.3128    -2.0041     -3.751     0.1322    -0.4336 -9.990e-29
 141.910839     -3.765   0.208635    12.2990    -2.0046     -3.734     0.1322    -0.4320 -9.990e-29
 141.910845     -3.746   0.208630    12.2873    -2.0052     -3.715     0.1323    -0.4305 -9.990e-29
 141.910851     -3.727   0.208617    12.2764    -2.0064     -3.696     0.1323    -0.4292 -9.990e-29
 141.910856     -3.712   0.208576    12.2694    -2.0067     -3.681     0.1323    -0.4284 -9.990e-29
 141.910862     -3.696   0.208453    12.2683    -2.0062     -3.665     0.1322    -0.4283 -9.990e-29
 141.910868     -3.677   0.208084    12.2723    -2.0059     -3.646     0.1320    -0.4290 -9.990e-29
 141.910874     -3.659   0.207532    12.2793    -2.0065     -3.628     0.1316    -0.4301 -9.990e-29
 141.910880     -3.641   0.207166    12.2838    -2.0076     -3.611     0.1313    -0.4309 -9.990e-29
 141.910885     -3.625   0.207052    12.2809    -2.0086     -3.595     0.1313    -0.4306 -9.990e-29
 141.910891     -3.616   0.207039    12.2713    -2.0096     -3.586     0.1313    -0.4294 -9.990e-29
 141.910897     -3.612   0.207108    12.2575    -2.0094     -3.582     0.1314    -0.4277 -9.990e-29
 141.910903     -3.609   0.207351    12.2437    -2.0089     -3.579     0.1316    -0.4259 -9.990e-29
 141.910909     -3.602   0.207538    12.2366    -2.0084     -3.572     0.1317    -0.4250 -9.990e-29
 141.910914     -3.591   0.207367    12.2362    -2.0079     -3.561     0.1316    -0.4250 -9.990e-29
 141.910920     -3.576   0.207161    12.2343    -2.0074     -3.546     0.1315    -0.4249 -9.990e-29
 141.910926     -3.559   0.207202    12.2244    -2.0074     -3.529     0.1315    -0.4237 -9.990e-29
 141.910932     -3.544   0.207544    12.2080    -2.0068     -3.514     0.1318    -0.4216 -9.990e-29
 141.910937     -3.530   0.208087    12.1905    -2.0064     -3.501     0.1322    -0.4192 -9.990e-29
 141.910943     -3.516   0.208448    12.1782    -2.0059     -3.487     0.1325    -0.4175 -9.990e-29
 141.910949     -3.502   0.208556    12.1762    -2.0054     -3.473     0.1326    -0.4173 -9.990e-29
 141.910955     -3.485   0.208556    12.1826    -2.0048     -3.456     0.1325    -0.4180 -9.990e-29
 141.910961     -3.466   0.208446    12.1920    -2.0042     -3.437     0.1324    -0.4192 -9.990e-29
 141.910966     -3.446   0.208082    12.2015    -2.0036     -3.417     0.1322    -0.4205 -9.990e-29
 141.910972     -3.430   0.207530    12.2098    -2.0026     -3.401     0.1318    -0.4218 -9.990e-29
 141.910978     -3.412   0.207162    12.2176    -2.0021     -3.384     0.1315    -0.4229 -9.990e-29
 141.910984     -3.391   0.207039    12.2267    -2.0015     -3.363     0.1314    -0.4241 -9.990e-29
 141.910990     -3.370   0.206998    12.2372    -2.0010     -3.342     0.1314    -0.4253 -9.990e-29
 141.910995     -3.347   0.206984    12.2483    -2.0016     -3.319     0.1313    -0.4267 -9.990e-29
 141.911001     -3.325   0.206980    12.2599    -2.0024     -3.297     0.1313    -0.4281 -9.990e-29
 141.911007     -3.307   0.206978    12.2725    -2.0030     -3.279     0.1312    -0.4296 -9.990e-29
 141.911013     -3.292   0.206977    12.2863    -2.0032     -3.265     0.1312    -0.4312 -9.990e-29
 141.911019     -3.278   0.206977    12.3014    -2.0033     -3.251     0.1312    -0.4331 -9.990e-29
 141.911024     -3.266   0.206977    12.3165    -2.0032     -3.239     0.1311    -0.4349 -9.990e-29
 141.911030     -3.255   0.206976    12.3297    -2.0026     -3.228     0.1311    -0.4365 -9.990e-29
 141.911036     -3.243   0.206976    12.3397    -2.0011     -3.216     0.1310    -0.4377 -9.990e-29
 141.911042     -3.230   0.206976    12.3434    -2.0004     -3.203     0.1310    -0.4382 -9.990e-29
 141.911047     -3.215   0.206976    12.3380    -2.0009     -3.188     0.1310    -0.4375 -9.990e-29
 141.911053     -3.197   0.206976    12.3273    -2.0019     -3.170     0.1311    -0.4362 -9.990e-29
 141.911059     -3.175   0.206975    12.3178    -2.0020     -3.149     0.1311    -0.4351 -9.990e-29
 141.911065     -3.151   0.206974    12.3122    -2.0029     -3.125     0.1311    -0.4344 -9.990e-29
 141.911071     -3.134   0.206971    12.3113    -2.0035     -3.108     0.1311    -0.4343 -9.990e-29
 141.911076     -3.121   0.206961    12.3163    -2.0036     -3.095     0.1311    -0.4349 -9.990e-29
 141.911082     -3.108   0.206934    12.3288    -2.0031     -3.082     0.1310    -0.4364 -9.990e-29
 141.911088     -3.094   0.206852    12.3451    -2.0026     -3.068     0.1309    -0.4384 -9.990e-29
 141.911094     -3.077   0.206606    12.3547    -2.0009     -3.051     0.1307    -0.4397 -9.990e-29
 141.911100     -3.062   0.206422    12.3518    -1.9990     -3.036     0.1306    -0.4394 -9.990e-29
 141.911105     -3.051   0.206608    12.3417    -1.9960     -3.026     0.1308    -0.4381 -9.990e-29
 141.911111     -3.044   0.206859    12.3306    -1.9926     -3.019     0.1310    -0.4367 -9.990e-29
 141.911117     -3.036   0.206957    12.3195    -1.9896     -3.011     0.1311    -0.4353 -9.990e-29
 141.911123     -3.023   0.207033    12.3109    -1.9884     -2.998     0.1312    -0.4342 -9.990e-29
 141.911128     -3.007   0.207186    12.3098    -1.9886     -2.982     0.1313    -0.4340 -9.990e-29
 141.911134     -2.992   0.208177    12.3181    -1.9877     -2.967     0.1319    -0.4345 -9.990e-29
 141.911140     -2.976   0.210773    12.3365    -1.9864     -2.951     0.1335    -0.4354 -9.990e-29
 141.911146     -2.965   0.215113    12.3662    -1.9849     -2.940     0.1362    -0.4369 -9.990e-29
 141.911152     -2.960   0.222557    12.4080    -1.9821     -2.935     0.1408    -0.4382 -9.990e-29
 141.911157     -2.957   0.235832    12.4604    -1.9786     -2.932     0.1491    -0.4380 -9.990e-29
 141.911163     -2.952   0.256585    12.5165    -1.9748     -2.927     0.1622    -0.4345 -9.990e-29
 141.911169     -2.944   0.283699    12.5625    -1.9709     -2.919     0.1795    -0.4266 -9.990e-29
 141.911175     -2.933   0.315683    12.5895    -1.9680     -2.909     0.2001    -0.4139 -9.990e-29
 141.911181     -2.919   0.352552    12.6041    -1.9663     -2.895     0.2239    -0.3970 -9.990e-29
 141.911186     -2.904   0.390315    12.6209    -1.9653     -2.880     0.2485    -0.3799 -9.990e-29
 141.911192     -2.892   0.423959    12.6482    -1.9642     -2.868     0.2704    -0.3662 -9.990e-29
 141.911198     -2.882   0.451835    12.6895    -1.9641     -2.858     0.2884    -0.3572 -9.990e-29
