data/oxygen options/OCNMS/OCNMS1/raw_data/2022/CAST_KL015_220523faed.cnv
* Sea-Bird SBE 19 Data File:
* FileName = C:\2022 Mooring Data\Casts\CAST_KL015_220523.hex
* Software Version SeatermAF 2.1.2
* Temperature SN = 2997
* Conductivity SN = 2997
* System UpLoad Time = May 23 2022 23:34:18 (localtime) = May 23 2022 23:34:18 (UTC)
** CAST_KL015_220523
* ds
# nquan = 9                                 
# nvalues = 812                         
# units = specified
# name 0 = timeJ: Julian Days
# name 1 = prSM: Pressure, Strain Gauge [db]
# name 2 = c0mS/cm: Conductivity [mS/cm]
# name 3 = t090C: Temperature [ITS-90, deg C]
# name 4 = sbeox0ML/L: Oxygen, SBE 43 [ml/l]
# name 5 = depSM: Depth [salt water, m], lat = 47.5
# name 6 = sal00: Salinity, Practical [PSU]
# name 7 = sigma-é00: Density [sigma-theta, kg/m^3]
# name 8 = flag: flag
# span 0 = 143.974271, 143.978964       
# span 1 =     -5.877,     13.119       
# span 2 =   0.215680,  34.256366       
# span 3 =    10.1829,    13.6246       
# span 4 =   -12.2919,    14.4722       
# span 5 =     -5.828,     13.009       
# span 6 =     0.1335,    30.9305       
# span 7 =    -0.5715,    23.7465       
# span 8 = 0.0000e+00, 0.0000e+00       
# interval = seconds: 0.5
# start_time = May 23 2022 23:22:57 [Instrument's time stamp, header]
# bad_flag = -9.990e-29
*END*
 143.974271     -5.877 -9.990e-29    13.2845    -1.9595     -5.828 -9.990e-29 -9.990e-29 -9.990e-29
 143.974277     -5.855   0.221652    13.2797    -1.9593     -5.806     0.1373    -0.5500 -9.990e-29
 143.974282     -5.827   0.221303    13.2764    -1.9591     -5.778     0.1371    -0.5498 -9.990e-29
 143.974288     -5.796   0.220808    13.2749    -1.9591     -5.748     0.1368    -0.5498 -9.990e-29
 143.974294     -5.767   0.220617    13.2745    -1.9587     -5.719     0.1367    -0.5498 -9.990e-29
 143.974300     -5.739   0.220841    13.2751    -1.9585     -5.691     0.1368    -0.5498 -9.990e-29
 143.974306     -5.706   0.221227    13.2774    -1.9585     -5.658     0.1371    -0.5499 -9.990e-29
 143.974311     -5.670   0.221549    13.2813    -1.9587     -5.623     0.1373    -0.5503 -9.990e-29
 143.974317     -5.633   0.221683    13.2853    -1.9591     -5.586     0.1373    -0.5508 -9.990e-29
 143.974323     -5.593   0.221623    13.2886    -1.9596     -5.546     0.1373    -0.5512 -9.990e-29
 143.974329     -5.551   0.221287    13.2919    -1.9599     -5.505     0.1371    -0.5518 -9.990e-29
 143.974334     -5.514   0.220781    13.2953    -1.9598     -5.468     0.1367    -0.5525 -9.990e-29
 143.974340     -5.483   0.220536    13.2991    -1.9594     -5.437     0.1366    -0.5532 -9.990e-29
 143.974346     -5.457   0.220779    13.3035    -1.9589     -5.412     0.1367    -0.5536 -9.990e-29
 143.974352     -5.433   0.221279    13.3065    -1.9583     -5.388     0.1370    -0.5538 -9.990e-29
 143.974358     -5.410   0.221595    13.3061    -1.9579     -5.365     0.1372    -0.5536 -9.990e-29
 143.974363     -5.387   0.221594    13.3019    -1.9575     -5.342     0.1372    -0.5530 -9.990e-29
 143.974369     -5.363   0.221274    13.2951    -1.9575     -5.318     0.1371    -0.5523 -9.990e-29
 143.974375     -5.334   0.220763    13.2884    -1.9572     -5.290     0.1368    -0.5516 -9.990e-29
 143.974381     -5.301   0.220485    13.2849    -1.9570     -5.257     0.1366    -0.5513 -9.990e-29
 143.974387     -5.265   0.220623    13.2866    -1.9569     -5.221     0.1367    -0.5514 -9.990e-29
 143.974392     -5.233   0.220807    13.2932    -1.9567     -5.189     0.1368    -0.5522 -9.990e-29
 143.974398     -5.205   0.220728    13.3030    -1.9564     -5.162     0.1367    -0.5536 -9.990e-29
 143.974404     -5.182   0.220833    13.3135    -1.9558     -5.139     0.1367    -0.5549 -9.990e-29
 143.974410     -5.161   0.221263    13.3232    -1.9553     -5.118     0.1370    -0.5560 -9.990e-29
 143.974416     -5.140   0.221482    13.3310    -1.9548     -5.097     0.1371    -0.5569 -9.990e-29
 143.974421     -5.120   0.221228    13.3367    -1.9544     -5.077     0.1369    -0.5578 -9.990e-29
 143.974427     -5.097   0.220714    13.3416    -1.9540     -5.055     0.1366    -0.5587 -9.990e-29
 143.974433     -5.072   0.220362    13.3465    -1.9537     -5.030     0.1363    -0.5596 -9.990e-29
 143.974439     -5.042   0.220256    13.3513    -1.9538     -5.000     0.1362    -0.5603 -9.990e-29
 143.974444     -5.010   0.220253    13.3570    -1.9539     -4.968     0.1362    -0.5610 -9.990e-29
 143.974450     -4.982   0.220348    13.3649    -1.9537     -4.940     0.1363    -0.5620 -9.990e-29
 143.974456     -4.960   0.220668    13.3753    -1.9534     -4.919     0.1364    -0.5633 -9.990e-29
 143.974462     -4.940   0.221086    13.3870    -1.9533     -4.899     0.1366    -0.5646 -9.990e-29
 143.974468     -4.915   0.221050    13.3983    -1.9536     -4.874     0.1366    -0.5662 -9.990e-29
 143.974473     -4.889   0.220510    13.4082    -1.9541     -4.848     0.1362    -0.5678 -9.990e-29
 143.974479     -4.863   0.219854    13.4160    -1.9544     -4.822     0.1358    -0.5691 -9.990e-29
 143.974485     -4.836   0.219315    13.4208    -1.9545     -4.796     0.1354    -0.5700 -9.990e-29
 143.974491     -4.807   0.219279    13.4230    -1.9548     -4.767     0.1354    -0.5704 -9.990e-29
 143.974497     -4.774   0.219698    13.4249    -1.9553     -4.734     0.1357    -0.5704 -9.990e-29
 143.974502     -4.738   0.220022    13.4279    -1.9555     -4.699     0.1358    -0.5707 -9.990e-29
 143.974508     -4.706   0.220130    13.4307    -1.9555     -4.667     0.1359    -0.5710 -9.990e-29
 143.974514     -4.681   0.220166    13.4304    -1.9554     -4.642     0.1359    -0.5709 -9.990e-29
 143.974520     -4.655   0.220177    13.4259    -1.9554     -4.616     0.1359    -0.5703 -9.990e-29
 143.974525     -4.625   0.220177    13.4191    -1.9551     -4.586     0.1360    -0.5694 -9.990e-29
 143.974531     -4.591   0.220165    13.4128    -1.9549     -4.553     0.1360    -0.5686 -9.990e-29
 143.974537     -4.561   0.220125    13.4069    -1.9546     -4.523     0.1360    -0.5678 -9.990e-29
 143.974543     -4.536   0.220003    13.4003    -1.9544     -4.498     0.1359    -0.5669 -9.990e-29
 143.974549     -4.510   0.219635    13.3939    -1.9540     -4.472     0.1357    -0.5663 -9.990e-29
 143.974554     -4.483   0.219082    13.3897    -1.9539     -4.446     0.1354    -0.5660 -9.990e-29
 143.974560     -4.457   0.218713    13.3886    -1.9536     -4.420     0.1352    -0.5660 -9.990e-29
 143.974566     -4.430   0.218591    13.3895    -1.9536     -4.393     0.1351    -0.5662 -9.990e-29
 143.974572     -4.404   0.218550    13.3920    -1.9537     -4.367     0.1350    -0.5665 -9.990e-29
 143.974578     -4.382   0.218537    13.3963    -1.9539     -4.345     0.1350    -0.5671 -9.990e-29
 143.974583     -4.364   0.218533    13.4019    -1.9544     -4.328     0.1350    -0.5679 -9.990e-29
 143.974589     -4.347   0.218532    13.4079    -1.9551     -4.311     0.1350    -0.5687 -9.990e-29
 143.974595     -4.330   0.218532    13.4139    -1.9555     -4.294     0.1350    -0.5695 -9.990e-29
 143.974601     -4.313   0.218532    13.4196    -1.9554     -4.277     0.1349    -0.5703 -9.990e-29
 143.974606     -4.294   0.218533    13.4245    -1.9554     -4.258     0.1349    -0.5709 -9.990e-29
 143.974612     -4.273   0.218533    13.4279    -1.9557     -4.237     0.1349    -0.5714 -9.990e-29
 143.974618     -4.248   0.218534    13.4289    -1.9559     -4.213     0.1349    -0.5715 -9.990e-29
 143.974624     -4.217   0.218534    13.4268    -1.9565     -4.182     0.1349    -0.5712 -9.990e-29
 143.974630     -4.182   0.218535    13.4210    -1.9569     -4.147     0.1349    -0.5704 -9.990e-29
 143.974635     -4.150   0.218535    13.4117    -1.9572     -4.115     0.1350    -0.5692 -9.990e-29
 143.974641     -4.124   0.218536    13.4015    -1.9573     -4.090     0.1350    -0.5678 -9.990e-29
 143.974647     -4.101   0.218536    13.3941    -1.9572     -4.067     0.1350    -0.5668 -9.990e-29
 143.974653     -4.079   0.218535    13.3905    -1.9571     -4.045     0.1350    -0.5663 -9.990e-29
 143.974659     -4.059   0.218531    13.3874    -1.9571     -4.025     0.1350    -0.5659 -9.990e-29
 143.974664     -4.038   0.218518    13.3824    -1.9571     -4.004     0.1351    -0.5653 -9.990e-29
 143.974670     -4.015   0.218477    13.3756    -1.9569     -3.982     0.1350    -0.5644 -9.990e-29
 143.974676     -3.988   0.218355    13.3673    -1.9565     -3.955     0.1350    -0.5633 -9.990e-29
 143.974682     -3.961   0.217986    13.3592    -1.9561     -3.928     0.1348    -0.5624 -9.990e-29
 143.974687     -3.940   0.217433    13.3535    -1.9550     -3.907     0.1345    -0.5619 -9.990e-29
 143.974693     -3.923   0.217064    13.3510    -1.9544     -3.890     0.1342    -0.5618 -9.990e-29
 143.974699     -3.905   0.216942    13.3509    -1.9544     -3.872     0.1342    -0.5618 -9.990e-29
 143.974705     -3.890   0.216901    13.3517    -1.9542     -3.858     0.1341    -0.5619 -9.990e-29
 143.974711     -3.877   0.216889    13.3531    -1.9542     -3.845     0.1341    -0.5621 -9.990e-29
 143.974716     -3.860   0.216886    13.3557    -1.9545     -3.828     0.1341    -0.5625 -9.990e-29
 143.974722     -3.842   0.216890    13.3607    -1.9556     -3.810     0.1341    -0.5631 -9.990e-29
 143.974728     -3.827   0.216904    13.3692    -1.9563     -3.795     0.1341    -0.5643 -9.990e-29
 143.974734     -3.814   0.216945    13.3816    -1.9570     -3.782     0.1341    -0.5659 -9.990e-29
 143.974740     -3.801   0.217068    13.3962    -1.9584     -3.769     0.1341    -0.5678 -9.990e-29
 143.974745     -3.789   0.217437    13.4078    -1.9592     -3.757     0.1343    -0.5692 -9.990e-29
 143.974751     -3.776   0.217989    13.4138    -1.9594     -3.745     0.1346    -0.5697 -9.990e-29
 143.974757     -3.761   0.218353    13.4158    -1.9588     -3.730     0.1348    -0.5698 -9.990e-29
 143.974763     -3.744   0.218458    13.4136    -1.9583     -3.713     0.1349    -0.5695 -9.990e-29
 143.974769     -3.723   0.218446    13.4045    -1.9578     -3.692     0.1349    -0.5683 -9.990e-29
 143.974774     -3.698   0.218297    13.3893    -1.9572     -3.667     0.1349    -0.5663 -9.990e-29
 143.974780     -3.670   0.217815    13.3713    -1.9569     -3.639     0.1346    -0.5641 -9.990e-29
 143.974786     -3.647   0.216910    13.3514    -1.9563     -3.617     0.1341    -0.5619 -9.990e-29
 143.974792     -3.627   0.216034    13.3312    -1.9564     -3.597     0.1337    -0.5596 -9.990e-29
 143.974797     -3.605   0.215680    13.3165    -1.9572     -3.575     0.1335    -0.5578 -9.990e-29
 143.974803     -3.583   0.215928    13.3121    -1.9586     -3.553     0.1337    -0.5571 -9.990e-29
 143.974809     -3.565   0.216555    13.3169    -1.9608     -3.535     0.1340    -0.5574 -9.990e-29
 143.974815     -3.549   0.217288    13.3266    -1.9624     -3.519     0.1345    -0.5584 -9.990e-29
 143.974821     -3.534   0.217998    13.3375    -1.9633     -3.505     0.1349    -0.5595 -9.990e-29
 143.974826     -3.520   0.218524    13.3479    -1.9636     -3.491     0.1352    -0.5606 -9.990e-29
 143.974832     -3.504   0.219012    13.3568    -1.9637     -3.475     0.1354    -0.5616 -9.990e-29
 143.974838     -3.488   0.219557    13.3618    -1.9634     -3.459     0.1358    -0.5620 -9.990e-29
 143.974844     -3.468   0.219777    13.3574    -1.9632     -3.439     0.1359    -0.5613 -9.990e-29
 143.974850     -3.445   0.219414    13.3401    -1.9630     -3.416     0.1357    -0.5591 -9.990e-29
 143.974855     -3.416   0.218536    13.3108    -1.9627     -3.388     0.1353    -0.5557 -9.990e-29
 143.974861     -3.384   0.217633    13.2755    -1.9623     -3.356     0.1348    -0.5514 -9.990e-29
 143.974867     -3.355   0.217160    13.2439    -1.9617     -3.327     0.1346    -0.5474 -9.990e-29
 143.974873     -3.333   0.217039    13.2225    -1.9613     -3.305     0.1346    -0.5447 -9.990e-29
 143.974878     -3.315   0.217108    13.2114    -1.9610     -3.287     0.1347    -0.5432 -9.990e-29
 143.974884     -3.300   0.217460    13.2082    -1.9607     -3.272     0.1349    -0.5426 -9.990e-29
 143.974890     -3.288   0.218008    13.2100    -1.9606     -3.261     0.1353    -0.5425 -9.990e-29
 143.974896     -3.278   0.218376    13.2143    -1.9605     -3.251     0.1355    -0.5429 -9.990e-29
 143.974902     -3.269   0.218499    13.2199    -1.9607     -3.242     0.1356    -0.5436 -9.990e-29
 143.974907     -3.261   0.218540    13.2272    -1.9607     -3.234     0.1356    -0.5446 -9.990e-29
 143.974913     -3.252   0.218554    13.2364    -1.9612     -3.225     0.1355    -0.5458 -9.990e-29
 143.974919     -3.243   0.218559    13.2464    -1.9615     -3.216     0.1355    -0.5471 -9.990e-29
 143.974925     -3.232   0.218561    13.2553    -1.9615     -3.205     0.1355    -0.5483 -9.990e-29
 143.974931     -3.220   0.218563    13.2626    -1.9613     -3.193     0.1355    -0.5492 -9.990e-29
 143.974936     -3.205   0.218565    13.2682    -1.9613     -3.178     0.1354    -0.5500 -9.990e-29
 143.974942     -3.187   0.218569    13.2718    -1.9613     -3.160     0.1354    -0.5505 -9.990e-29
 143.974948     -3.164   0.218582    13.2732    -1.9610     -3.138     0.1354    -0.5506 -9.990e-29
 143.974954     -3.135   0.218619    13.2724    -1.9608     -3.109     0.1355    -0.5505 -9.990e-29
 143.974959     -3.102   0.218730    13.2690    -1.9610     -3.076     0.1355    -0.5500 -9.990e-29
 143.974965     -3.072   0.219061    13.2636    -1.9610     -3.046     0.1358    -0.5491 -9.990e-29
 143.974971     -3.047   0.219499    13.2589    -1.9610     -3.022     0.1361    -0.5483 -9.990e-29
 143.974977     -3.030   0.219519    13.2569    -1.9607     -3.005     0.1361    -0.5480 -9.990e-29
 143.974983     -3.023   0.219148    13.2572    -1.9606     -2.998     0.1358    -0.5482 -9.990e-29
 143.974988     -3.019   0.218998    13.2586    -1.9609     -2.994     0.1357    -0.5485 -9.990e-29
 143.974994     -3.008   0.219237    13.2609    -1.9609     -2.983     0.1359    -0.5487 -9.990e-29
 143.975000     -2.993   0.219632    13.2639    -1.9610     -2.968     0.1361    -0.5489 -9.990e-29
 143.975006     -2.979   0.219969    13.2660    -1.9610     -2.954     0.1363    -0.5490 -9.990e-29
 143.975012     -2.963   0.220143    13.2665    -1.9606     -2.938     0.1364    -0.5490 -9.990e-29
 143.975017     -2.946   0.220201    13.2670    -1.9602     -2.921     0.1365    -0.5490 -9.990e-29
 143.975023     -2.930   0.220220    13.2685    -1.9595     -2.906     0.1365    -0.5492 -9.990e-29
 143.975029     -2.919   0.220226    13.2706    -1.9590     -2.895     0.1365    -0.5495 -9.990e-29
 143.975035     -2.908   0.220224    13.2715    -1.9586     -2.884     0.1365    -0.5496 -9.990e-29
 143.975041     -2.891   0.220213    13.2704    -1.9583     -2.867     0.1365    -0.5495 -9.990e-29
 143.975046     -2.872   0.220177    13.2694    -1.9579     -2.848     0.1364    -0.5493 -9.990e-29
 143.975052     -2.854   0.220067    13.2699    -1.9576     -2.830     0.1364    -0.5495 -9.990e-29
 143.975058     -2.836   0.219738    13.2727    -1.9576     -2.812     0.1362    -0.5500 -9.990e-29
 143.975064     -2.821   0.219304    13.2789    -1.9576     -2.797     0.1359    -0.5510 -9.990e-29
 143.975069     -2.808   0.219292    13.2888    -1.9579     -2.785     0.1358    -0.5524 -9.990e-29
 143.975075     -2.791   0.219687    13.3005    -1.9582     -2.768     0.1360    -0.5537 -9.990e-29
 143.975081     -2.775   0.219906    13.3118    -1.9581     -2.752     0.1361    -0.5551 -9.990e-29
 143.975087     -2.762   0.219688    13.3215    -1.9583     -2.739     0.1360    -0.5565 -9.990e-29
 143.975093     -2.751   0.219294    13.3299    -1.9586     -2.728     0.1357    -0.5578 -9.990e-29
 143.975098     -2.743   0.219306    13.3375    -1.9589     -2.720     0.1357    -0.5588 -9.990e-29
 143.975104     -2.735   0.219741    13.3428    -1.9591     -2.712     0.1359    -0.5593 -9.990e-29
 143.975110     -2.729   0.220071    13.3447    -1.9593     -2.706     0.1361    -0.5594 -9.990e-29
 143.975116     -2.722   0.220181    13.3433    -1.9594     -2.699     0.1362    -0.5592 -9.990e-29
 143.975122     -2.716   0.220218    13.3395    -1.9595     -2.693     0.1362    -0.5587 -9.990e-29
 143.975127     -2.709   0.220231    13.3354    -1.9595     -2.686     0.1363    -0.5581 -9.990e-29
 143.975133     -2.701   0.220236    13.3320    -1.9593     -2.678     0.1363    -0.5577 -9.990e-29
 143.975139     -2.692   0.220238    13.3279    -1.9590     -2.670     0.1363    -0.5571 -9.990e-29
 143.975145     -2.681   0.220240    13.3225    -1.9595     -2.659     0.1363    -0.5564 -9.990e-29
 143.975150     -2.668   0.220245    13.3173    -1.9598     -2.646     0.1363    -0.5557 -9.990e-29
 143.975156     -2.650   0.220259    13.3127    -1.9606     -2.628     0.1364    -0.5551 -9.990e-29
 143.975162     -2.633   0.220300    13.3085    -1.9608     -2.611     0.1364    -0.5545 -9.990e-29
 143.975168     -2.622   0.220422    13.3052    -1.9612     -2.600     0.1365    -0.5540 -9.990e-29
 143.975174     -2.618   0.220788    13.3037    -1.9614     -2.596     0.1367    -0.5536 -9.990e-29
 143.975179     -2.612   0.221331    13.3044    -1.9612     -2.590     0.1371    -0.5534 -9.990e-29
 143.975185     -2.598   0.221669    13.3064    -1.9612     -2.576     0.1373    -0.5535 -9.990e-29
 143.975191     -2.581   0.221696    13.3062    -1.9605     -2.559     0.1373    -0.5535 -9.990e-29
