data/oxygen options/OCNMS/OCNMS2/raw_data/2011/CAST_RR015_082411faed.cnv
* Sea-Bird SBE19 Data File:
* FileName = C:\Documents and Settings\OCNMS\Desktop\2011 mooring data\3rd service\CAST_RR015_082411.hex
* Software Version 1.24
* Temperature SN = 2997
* Conductivity SN = 2997
* System UpLoad Time = Aug 24 2011 15:33:36
** CAST_RR015_082411
* SEACAT PROFILER V3.1c SN 2997   08/24/11  15:32:47.166
# nquan = 9                                 
# nvalues = 703                         
# units = specified
# name 0 = timeJ: Julian Days
# name 1 = prSM: Pressure, Strain Gauge [db]
# name 2 = c0mS/cm: Conductivity [mS/cm]
# name 3 = t090C: Temperature [ITS-90, deg C]
# name 4 = sbeox0ML/L: Oxygen, SBE 43 [ml/l]
# name 5 = depSM: Depth [salt water, m], lat = 47.5
# name 6 = sal00: Salinity, Practical [PSU]
# name 7 = sigma-é00: Density [sigma-theta, kg/m^3]
# name 8 = flag: flag
# span 0 = 236.640833, 236.644896       
# span 1 =     -5.966,     15.699       
# span 2 =   0.413058,  39.390476       
# span 3 =    10.4334,    15.4385       
# span 4 =    -1.9856,    17.5049       
# span 5 =     -5.916,     15.567       
# span 6 =     0.2461,    32.9548       
# span 7 =    -0.7703,    25.2237       
# span 8 = 0.0000e+00, 0.0000e+00       
# interval = seconds: 0.5
# start_time = Aug 24 2011 15:22:48 [Instrument's time stamp, header]
# bad_flag = -9.990e-29
*END*
 236.640833     -5.966 -9.990e-29    15.4037    -1.9798     -5.916 -9.990e-29 -9.990e-29 -9.990e-29
 236.640839     -5.948   0.790185    15.3973    -1.9800     -5.898     0.4807    -0.5879 -9.990e-29
 236.640845     -5.928   0.799497    15.3899    -1.9793     -5.879     0.4867    -0.5821 -9.990e-29
 236.640851     -5.910   0.814325    15.3823    -1.9790     -5.861     0.4961    -0.5736 -9.990e-29
 236.640856     -5.889   0.829517    15.3749    -1.9782     -5.840     0.5058    -0.5649 -9.990e-29
 236.640862     -5.862   0.839851    15.3671    -1.9775     -5.813     0.5125    -0.5586 -9.990e-29
 236.640868     -5.838   0.846925    15.3593    -1.9773     -5.789     0.5171    -0.5538 -9.990e-29
 236.640874     -5.819   0.855741    15.3524    -1.9773     -5.771     0.5228    -0.5483 -9.990e-29
 236.640880     -5.799   0.870300    15.3466    -1.9770     -5.751     0.5321    -0.5402 -9.990e-29
 236.640885     -5.772   0.890628    15.3418    -1.9766     -5.724     0.5451    -0.5294 -9.990e-29
 236.640891     -5.743   0.911153    15.3386    -1.9757     -5.695     0.5582    -0.5188 -9.990e-29
 236.640897     -5.711   0.929335    15.3368    -1.9765     -5.663     0.5699    -0.5095 -9.990e-29
 236.640903     -5.677   0.960003    15.3362    -1.9774     -5.630     0.5895    -0.4943 -9.990e-29
 236.640909     -5.638   1.013582    15.3363    -1.9777     -5.591     0.6238    -0.4678 -9.990e-29
 236.640914     -5.594   1.081198    15.3367    -1.9777     -5.547     0.6673    -0.4343 -9.990e-29
 236.640920     -5.553   1.155514    15.3376    -1.9785     -5.507     0.7152    -0.3974 -9.990e-29
 236.640926     -5.516   1.220396    15.3393    -1.9790     -5.470     0.7572    -0.3652 -9.990e-29
 236.640932     -5.480   1.258205    15.3418    -1.9788     -5.434     0.7817    -0.3467 -9.990e-29
 236.640938     -5.443   1.278358    15.3448    -1.9787     -5.398     0.7948    -0.3371 -9.990e-29
 236.640943     -5.403   1.300524    15.3474    -1.9789     -5.358     0.8091    -0.3264 -9.990e-29
 236.640949     -5.361   1.329329    15.3483    -1.9790     -5.316     0.8279    -0.3121 -9.990e-29
 236.640955     -5.320   1.338912    15.3477    -1.9791     -5.276     0.8341    -0.3072 -9.990e-29
 236.640961     -5.281   1.302159    15.3465    -1.9790     -5.237     0.8102    -0.3255 -9.990e-29
 236.640966     -5.245   1.242095    15.3447    -1.9789     -5.201     0.7712    -0.3553 -9.990e-29
 236.640972     -5.207   1.195537    15.3416    -1.9785     -5.164     0.7411    -0.3781 -9.990e-29
 236.640978     -5.167   1.161350    15.3382    -1.9784     -5.124     0.7190    -0.3946 -9.990e-29
 236.640984     -5.133   1.127192    15.3360    -1.9786     -5.090     0.6969    -0.4112 -9.990e-29
 236.640990     -5.101   1.106796    15.3353    -1.9786     -5.058     0.6838    -0.4213 -9.990e-29
 236.640995     -5.075   1.106758    15.3358    -1.9786     -5.033     0.6838    -0.4214 -9.990e-29
 236.641001     -5.056   1.106536    15.3372    -1.9785     -5.014     0.6836    -0.4217 -9.990e-29
 236.641007     -5.043   1.095311    15.3388    -1.9789     -5.001     0.6763    -0.4276 -9.990e-29
 236.641013     -5.037   1.078061    15.3408    -1.9792     -4.995     0.6652    -0.4365 -9.990e-29
 236.641019     -5.022   1.062807    15.3445    -1.9793     -4.980     0.6553    -0.4447 -9.990e-29
 236.641024     -4.986   1.056356    15.3499    -1.9792     -4.944     0.6511    -0.4488 -9.990e-29
 236.641030     -4.940   1.056755    15.3552    -1.9790     -4.899     0.6512    -0.4495 -9.990e-29
 236.641036     -4.893   1.053461    15.3590    -1.9789     -4.852     0.6491    -0.4518 -9.990e-29
 236.641042     -4.846   1.040419    15.3611    -1.9790     -4.806     0.6406    -0.4586 -9.990e-29
 236.641047     -4.805   1.022399    15.3620    -1.9792     -4.765     0.6291    -0.4677 -9.990e-29
 236.641053     -4.771   1.008611    15.3617    -1.9793     -4.731     0.6202    -0.4745 -9.990e-29
 236.641059     -4.743   1.001722    15.3602    -1.9794     -4.703     0.6158    -0.4777 -9.990e-29
 236.641065     -4.719   0.993657    15.3592    -1.9797     -4.680     0.6107    -0.4815 -9.990e-29
 236.641071     -4.697   0.977539    15.3598    -1.9803     -4.658     0.6003    -0.4896 -9.990e-29
 236.641076     -4.676   0.957913    15.3616    -1.9809     -4.637     0.5878    -0.4996 -9.990e-29
 236.641082     -4.654   0.944062    15.3644    -1.9812     -4.615     0.5789    -0.5069 -9.990e-29
 236.641088     -4.631   0.939121    15.3680    -1.9813     -4.592     0.5757    -0.5099 -9.990e-29
 236.641094     -4.608   0.935949    15.3710    -1.9813     -4.570     0.5736    -0.5120 -9.990e-29
 236.641100     -4.589   0.924226    15.3726    -1.9814     -4.551     0.5661    -0.5180 -9.990e-29
 236.641105     -4.569   0.902722    15.3724    -1.9813     -4.531     0.5524    -0.5286 -9.990e-29
 236.641111     -4.545   0.879878    15.3694    -1.9812     -4.507     0.5379    -0.5393 -9.990e-29
 236.641117     -4.521   0.862898    15.3628    -1.9812     -4.483     0.5272    -0.5465 -9.990e-29
 236.641123     -4.495   0.851850    15.3533    -1.9816     -4.458     0.5203    -0.5504 -9.990e-29
 236.641128     -4.470   0.843635    15.3433    -1.9821     -4.433     0.5152    -0.5527 -9.990e-29
 236.641134     -4.449   0.836717    15.3355    -1.9828     -4.412     0.5109    -0.5548 -9.990e-29
 236.641140     -4.430   0.832949    15.3308    -1.9833     -4.393     0.5086    -0.5559 -9.990e-29
 236.641146     -4.412   0.834507    15.3296    -1.9835     -4.375     0.5096    -0.5550 -9.990e-29
 236.641152     -4.394   0.837380    15.3314    -1.9835     -4.357     0.5114    -0.5538 -9.990e-29
 236.641157     -4.374   0.833215    15.3347    -1.9834     -4.338     0.5087    -0.5564 -9.990e-29
 236.641163     -4.352   0.820337    15.3369    -1.9835     -4.316     0.5005    -0.5631 -9.990e-29
 236.641169     -4.326   0.805389    15.3358    -1.9834     -4.290     0.4910    -0.5702 -9.990e-29
 236.641175     -4.294   0.793918    15.3298    -1.9838     -4.258     0.4838    -0.5749 -9.990e-29
 236.641181     -4.259   0.786138    15.3195    -1.9837     -4.223     0.4790    -0.5770 -9.990e-29
 236.641186     -4.228   0.780538    15.3078    -1.9837     -4.193     0.4756    -0.5778 -9.990e-29
 236.641192     -4.201   0.776298    15.2982    -1.9835     -4.166     0.4731    -0.5783 -9.990e-29
 236.641198     -4.178   0.772752    15.2928    -1.9835     -4.143     0.4709    -0.5791 -9.990e-29
 236.641204     -4.157   0.770157    15.2913    -1.9835     -4.122     0.4692    -0.5802 -9.990e-29
 236.641209     -4.136   0.767823    15.2918    -1.9834     -4.102     0.4678    -0.5814 -9.990e-29
 236.641215     -4.116   0.763745    15.2924    -1.9834     -4.082     0.4652    -0.5835 -9.990e-29
 236.641221     -4.093   0.758028    15.2920    -1.9834     -4.059     0.4616    -0.5862 -9.990e-29
 236.641227     -4.067   0.751909    15.2909    -1.9834     -4.033     0.4577    -0.5890 -9.990e-29
 236.641233     -4.036   0.746090    15.2913    -1.9833     -4.002     0.4540    -0.5919 -9.990e-29
 236.641238     -4.002   0.741122    15.2938    -1.9831     -3.969     0.4509    -0.5947 -9.990e-29
 236.641244     -3.972   0.736475    15.2971    -1.9830     -3.939     0.4479    -0.5976 -9.990e-29
 236.641250     -3.949   0.730936    15.3001    -1.9830     -3.916     0.4444    -0.6007 -9.990e-29
 236.641256     -3.929   0.723767    15.3024    -1.9829     -3.896     0.4398    -0.6046 -9.990e-29
 236.641262     -3.914   0.715378    15.3042    -1.9832     -3.881     0.4345    -0.6090 -9.990e-29
 236.641267     -3.901   0.707877    15.3058    -1.9835     -3.868     0.4298    -0.6129 -9.990e-29
 236.641273     -3.889   0.702892    15.3073    -1.9836     -3.857     0.4266    -0.6156 -9.990e-29
 236.641279     -3.879   0.699315    15.3092    -1.9834     -3.847     0.4244    -0.6176 -9.990e-29
 236.641285     -3.868   0.695146    15.3120    -1.9834     -3.836     0.4217    -0.6201 -9.990e-29
 236.641291     -3.858   0.690366    15.3152    -1.9836     -3.826     0.4187    -0.6230 -9.990e-29
 236.641296     -3.846   0.686354    15.3177    -1.9836     -3.814     0.4161    -0.6253 -9.990e-29
 236.641302     -3.832   0.683853    15.3183    -1.9834     -3.800     0.4145    -0.6266 -9.990e-29
 236.641308     -3.816   0.683407    15.3168    -1.9833     -3.784     0.4143    -0.6266 -9.990e-29
 236.641314     -3.795   0.685529    15.3137    -1.9834     -3.763     0.4156    -0.6251 -9.990e-29
 236.641319     -3.770   0.688067    15.3109    -1.9840     -3.739     0.4173    -0.6234 -9.990e-29
 236.641325     -3.742   0.687206    15.3100    -1.9842     -3.711     0.4167    -0.6236 -9.990e-29
 236.641331     -3.719   0.682354    15.3109    -1.9846     -3.688     0.4137    -0.6261 -9.990e-29
 236.641337     -3.698   0.675904    15.3120    -1.9849     -3.667     0.4096    -0.6295 -9.990e-29
 236.641343     -3.675   0.669223    15.3125    -1.9853     -3.644     0.4054    -0.6328 -9.990e-29
 236.641348     -3.652   0.662266    15.3136    -1.9856     -3.622     0.4010    -0.6363 -9.990e-29
 236.641354     -3.632   0.655723    15.3157    -1.9854     -3.602     0.3969    -0.6398 -9.990e-29
 236.641360     -3.614   0.650838    15.3164    -1.9853     -3.584     0.3939    -0.6423 -9.990e-29
 236.641366     -3.596   0.647189    15.3134    -1.9850     -3.566     0.3916    -0.6436 -9.990e-29
 236.641372     -3.578   0.643236    15.3070    -1.9849     -3.548     0.3892    -0.6445 -9.990e-29
 236.641377     -3.562   0.638694    15.2994    -1.9849     -3.532     0.3864    -0.6454 -9.990e-29
 236.641383     -3.552   0.634705    15.2917    -1.9847     -3.522     0.3840    -0.6461 -9.990e-29
 236.641389     -3.542   0.632043    15.2842    -1.9847     -3.512     0.3824    -0.6462 -9.990e-29
 236.641395     -3.529   0.629926    15.2776    -1.9847     -3.500     0.3811    -0.6461 -9.990e-29
 236.641400     -3.510   0.627195    15.2742    -1.9846     -3.481     0.3794    -0.6469 -9.990e-29
 236.641406     -3.490   0.624087    15.2747    -1.9844     -3.461     0.3775    -0.6485 -9.990e-29
 236.641412     -3.471   0.621993    15.2778    -1.9843     -3.442     0.3762    -0.6500 -9.990e-29
 236.641418     -3.452   0.621446    15.2819    -1.9842     -3.423     0.3758    -0.6509 -9.990e-29
 236.641424     -3.432   0.621164    15.2858    -1.9842     -3.403     0.3756    -0.6517 -9.990e-29
 236.641429     -3.410   0.619666    15.2891    -1.9844     -3.382     0.3746    -0.6530 -9.990e-29
 236.641435     -3.388   0.617169    15.2920    -1.9844     -3.360     0.3730    -0.6547 -9.990e-29
 236.641441     -3.369   0.614774    15.2940    -1.9844     -3.341     0.3715    -0.6561 -9.990e-29
 236.641447     -3.352   0.612612    15.2958    -1.9841     -3.324     0.3701    -0.6575 -9.990e-29
 236.641453     -3.336   0.610017    15.2983    -1.9839     -3.308     0.3685    -0.6591 -9.990e-29
 236.641458     -3.321   0.606853    15.3013    -1.9838     -3.293     0.3665    -0.6611 -9.990e-29
 236.641464     -3.304   0.603885    15.3042    -1.9836     -3.276     0.3646    -0.6630 -9.990e-29
 236.641470     -3.285   0.601587    15.3064    -1.9834     -3.258     0.3632    -0.6645 -9.990e-29
 236.641476     -3.263   0.599664    15.3073    -1.9831     -3.236     0.3619    -0.6656 -9.990e-29
 236.641481     -3.237   0.597767    15.3074    -1.9830     -3.210     0.3608    -0.6665 -9.990e-29
 236.641487     -3.208   0.595583    15.3078    -1.9829     -3.181     0.3594    -0.6676 -9.990e-29
 236.641493     -3.184   0.592969    15.3097    -1.9830     -3.157     0.3577    -0.6692 -9.990e-29
 236.641499     -3.168   0.590317    15.3137    -1.9831     -3.142     0.3561    -0.6711 -9.990e-29
 236.641505     -3.153   0.587968    15.3185    -1.9833     -3.127     0.3546    -0.6730 -9.990e-29
 236.641510     -3.136   0.585560    15.3233    -1.9833     -3.110     0.3530    -0.6750 -9.990e-29
 236.641516     -3.118   0.582650    15.3286    -1.9836     -3.092     0.3512    -0.6772 -9.990e-29
 236.641522     -3.104   0.579237    15.3343    -1.9837     -3.078     0.3490    -0.6798 -9.990e-29
 236.641528     -3.093   0.575753    15.3395    -1.9836     -3.067     0.3468    -0.6823 -9.990e-29
 236.641534     -3.082   0.573092    15.3434    -1.9836     -3.056     0.3451    -0.6842 -9.990e-29
 236.641539     -3.073   0.571581    15.3451    -1.9834     -3.047     0.3441    -0.6852 -9.990e-29
 236.641545     -3.065   0.570315    15.3445    -1.9832     -3.039     0.3433    -0.6857 -9.990e-29
 236.641551     -3.056   0.568713    15.3424    -1.9831     -3.031     0.3424    -0.6862 -9.990e-29
 236.641557     -3.046   0.567225    15.3401    -1.9829     -3.021     0.3415    -0.6865 -9.990e-29
 236.641562     -3.035   0.566082    15.3372    -1.9828     -3.010     0.3408    -0.6866 -9.990e-29
 236.641568     -3.023   0.565235    15.3339    -1.9827     -2.998     0.3403    -0.6865 -9.990e-29
 236.641574     -3.007   0.564665    15.3323    -1.9827     -2.982     0.3399    -0.6865 -9.990e-29
 236.641580     -2.987   0.563983    15.3332    -1.9833     -2.962     0.3395    -0.6870 -9.990e-29
 236.641586     -2.963   0.562833    15.3355    -1.9837     -2.938     0.3388    -0.6879 -9.990e-29
 236.641591     -2.936   0.561341    15.3389    -1.9842     -2.912     0.3378    -0.6892 -9.990e-29
 236.641597     -2.914   0.559732    15.3430    -1.9847     -2.890     0.3368    -0.6906 -9.990e-29
 236.641603     -2.894   0.558079    15.3472    -1.9852     -2.870     0.3357    -0.6921 -9.990e-29
 236.641609     -2.873   0.556391    15.3509    -1.9852     -2.849     0.3346    -0.6935 -9.990e-29
 236.641615     -2.852   0.554632    15.3535    -1.9853     -2.828     0.3335    -0.6947 -9.990e-29
 236.641620     -2.834   0.552672    15.3540    -1.9851     -2.810     0.3323    -0.6958 -9.990e-29
 236.641626     -2.819   0.550666    15.3507    -1.9848     -2.795     0.3311    -0.6962 -9.990e-29
 236.641632     -2.805   0.549264    15.3429    -1.9847     -2.782     0.3303    -0.6956 -9.990e-29
 236.641638     -2.791   0.548811    15.3327    -1.9846     -2.768     0.3301    -0.6942 -9.990e-29
 236.641644     -2.778   0.548704    15.3218    -1.9846     -2.755     0.3301    -0.6925 -9.990e-29
 236.641649     -2.763   0.547693    15.3113    -1.9846     -2.740     0.3296    -0.6912 -9.990e-29
 236.641655     -2.746   0.545536    15.3034    -1.9845     -2.723     0.3283    -0.6910 -9.990e-29
 236.641661     -2.725   0.543788    15.2997    -1.9843     -2.702     0.3272    -0.6912 -9.990e-29
 236.641667     -2.700   0.543441    15.2997    -1.9842     -2.677     0.3270    -0.6914 -9.990e-29
 236.641672     -2.673   0.543479    15.3025    -1.9841     -2.651     0.3270    -0.6918 -9.990e-29
 236.641678     -2.651   0.542845    15.3063    -1.9840     -2.629     0.3266    -0.6928 -9.990e-29
 236.641684     -2.632   0.541802    15.3096    -1.9839     -2.610     0.3259    -0.6938 -9.990e-29
 236.641690     -2.612   0.541174    15.3121    -1.9839     -2.590     0.3255    -0.6945 -9.990e-29
 236.641696     -2.593   0.541232    15.3139    -1.9838     -2.571     0.3255    -0.6948 -9.990e-29
 236.641701     -2.577   0.540945    15.3157    -1.9836     -2.556     0.3253    -0.6952 -9.990e-29
 236.641707     -2.565   0.539377    15.3185    -1.9834     -2.544     0.3243    -0.6964 -9.990e-29
 236.641713     -2.556   0.537208    15.3220    -1.9832     -2.535     0.3230    -0.6980 -9.990e-29
 236.641719     -2.548   0.535420    15.3254    -1.9832     -2.527     0.3218    -0.6994 -9.990e-29
 236.641725     -2.542   0.533844    15.3285    -1.9834     -2.521     0.3208    -0.7007 -9.990e-29
 236.641730     -2.536   0.532042    15.3312    -1.9834     -2.515     0.3197    -0.7020 -9.990e-29
 236.641736     -2.531   0.530379    15.3334    -1.9835     -2.510     0.3187    -0.7031 -9.990e-29
 236.641742     -2.527   0.528851    15.3358    -1.9834     -2.506     0.3177    -0.7042 -9.990e-29
 236.641748     -2.522   0.526531    15.3392    -1.9833     -2.501     0.3162    -0.7059 -9.990e-29
 236.641753     -2.517   0.523094    15.3434    -1.9830     -2.496     0.3141    -0.7082 -9.990e-29
