data/oxygen options/OCNMS/OCNMS2/raw_data/2011/CAST_RR015_082411faed.cnv
* Sea-Bird SBE19 Data File:
* FileName = C:\Documents and Settings\OCNMS\Desktop\2011 mooring data\3rd service\CAST_RR015_082411.hex
* Software Version 1.24
* Temperature SN = 2997
* Conductivity SN = 2997
* System UpLoad Time = Aug 24 2011 15:33:36
** CAST_RR015_082411
* SEACAT PROFILER V3.1c SN 2997   08/24/11  15:32:47.166
# nquan = 9                                 
# nvalues = 703                         
# units = specified
# name 0 = timeJ: Julian Days
# name 1 = prSM: Pressure, Strain Gauge [db]
# name 2 = c0mS/cm: Conductivity [mS/cm]
# name 3 = t090C: Temperature [ITS-90, deg C]
# name 4 = sbeox0ML/L: Oxygen, SBE 43 [ml/l]
# name 5 = depSM: Depth [salt water, m], lat = 47.5
# name 6 = sal00: Salinity, Practical [PSU]
# name 7 = sigma-é00: Density [sigma-theta, kg/m^3]
# name 8 = flag: flag
# span 0 = 236.640833, 236.644896       
# span 1 =     -5.966,     15.699       
# span 2 =   0.413058,  39.390476       
# span 3 =    10.4334,    15.4385       
# span 4 =    -1.9856,    17.5049       
# span 5 =     -5.916,     15.567       
# span 6 =     0.2461,    32.9548       
# span 7 =    -0.7703,    25.2237       
# span 8 = 0.0000e+00, 0.0000e+00       
# interval = seconds: 0.5
# start_time = Aug 24 2011 15:22:48 [Instrument's time stamp, header]
# bad_flag = -9.990e-29
*END*
[from data line 321]
 236.642691     -0.362  39.308523    14.5636    -1.6597     -0.359    32.0885    23.8210 -9.990e-29
 236.642697     -0.361  39.352693    14.5613    -1.6589     -0.358    32.1306    23.8540 -9.990e-29
 236.642703     -0.360  39.365116    14.5561    -1.6591     -0.357    32.1462    23.8671 -9.990e-29
 236.642708     -0.358  39.346122    14.5521    -1.6587     -0.355    32.1322    23.8572 -9.990e-29
 236.642714     -0.355  39.349384    14.5549    -1.6672     -0.352    32.1329    23.8571 -9.990e-29
 236.642720     -0.352  39.370858    14.5582    -1.6694     -0.349    32.1497    23.8693 -9.990e-29
 236.642726     -0.347  39.357399    14.5467    -1.6704     -0.344    32.1470    23.8697 -9.990e-29
 236.642731     -0.340  39.325246    14.5189    -1.6663     -0.337    32.1407    23.8707 -9.990e-29
 236.642737     -0.332  39.329013    14.4971    -1.6640     -0.329    32.1622    23.8919 -9.990e-29
 236.642743     -0.325  39.356368    14.5000    -1.6631     -0.322    32.1847    23.9086 -9.990e-29
 236.642749     -0.324  39.350799    14.5093    -1.6641     -0.321    32.1719    23.8968 -9.990e-29
 236.642755     -0.324  39.306564    14.4866    -1.6639     -0.321    32.1505    23.8850 -9.990e-29
 236.642760     -0.321  39.267772    14.3948    -1.6658     -0.318    32.1913    23.9357 -9.990e-29
 236.642766     -0.315  39.268422    14.2563    -1.6664     -0.312    32.3074    24.0542 -9.990e-29
 236.642772     -0.310  39.295389    14.1641    -1.6650     -0.307    32.4095    24.1520 -9.990e-29
 236.642778     -0.310  39.302277    14.1668    -1.6644     -0.307    32.4136    24.1546 -9.990e-29
 236.642784     -0.310  39.271359    14.2353    -1.6640     -0.307    32.3277    24.0742 -9.990e-29
 236.642789     -0.306  39.226939    14.3100    -1.6619     -0.303    32.2246    23.9791 -9.990e-29
 236.642795     -0.298  39.196633    14.3461    -1.6612     -0.296    32.1668    23.9270 -9.990e-29
 236.642801     -0.286  39.179276    14.3373    -1.6611     -0.284    32.1582    23.9222 -9.990e-29
 236.642807     -0.268  39.172479    14.3003    -1.6617     -0.266    32.1828    23.9489 -9.990e-29
 236.642812     -0.247  39.197447    14.2608    -1.6619     -0.245    32.2386    24.0001 -9.990e-29
 236.642818     -0.232  39.246588    14.2488    -1.6621     -0.230    32.2937    24.0451 -9.990e-29
 236.642824     -0.225  39.280115    14.2724    -1.6624     -0.223    32.3047    24.0487 -9.990e-29
 236.642830     -0.226  39.284473    14.3090    -1.6618     -0.224    32.2781    24.0205 -9.990e-29
 236.642836     -0.231  39.268843    14.3442    -1.6613     -0.229    32.2344    23.9795 -9.990e-29
 236.642841     -0.231  39.249376    14.3753    -1.6610     -0.229    32.1907    23.9393 -9.990e-29
 236.642847     -0.226  39.253910    14.3958    -1.6604     -0.224    32.1778    23.9251 -9.990e-29
 236.642853     -0.225  39.285707    14.4050    -1.6605     -0.223    32.1992    23.9397 -9.990e-29
 236.642859     -0.227  39.312117    14.4094    -1.6612     -0.225    32.2196    23.9545 -9.990e-29
 236.642865     -0.225  39.309552    14.4112    -1.6630     -0.223    32.2158    23.9512 -9.990e-29
 236.642870     -0.218  39.284689    14.4092    -1.6628     -0.216    32.1948    23.9354 -9.990e-29
 236.642876     -0.210  39.260406    14.4061    -1.6628     -0.208    32.1752    23.9209 -9.990e-29
 236.642882     -0.200  39.250829    14.4055    -1.6619     -0.198    32.1669    23.9147 -9.990e-29
 236.642888     -0.192  39.260567    14.4072    -1.6610     -0.190    32.1744    23.9201 -9.990e-29
 236.642894     -0.189  39.289730    14.4118    -1.6602     -0.187    32.1972    23.9367 -9.990e-29
 236.642899     -0.188  39.322877    14.4168    -1.6592     -0.186    32.2233    23.9558 -9.990e-29
 236.642905     -0.180  39.344839    14.4130    -1.6600     -0.178    32.2465    23.9745 -9.990e-29
 236.642911     -0.164  39.353543    14.3907    -1.6597     -0.163    32.2730    23.9996 -9.990e-29
 236.642917     -0.147  39.349404    14.3577    -1.6585     -0.146    32.2968    24.0248 -9.990e-29
 236.642922     -0.134  39.344839    14.3377    -1.6586     -0.133    32.3093    24.0387 -9.990e-29
 236.642928     -0.123  39.356735    14.3408    -1.6593     -0.122    32.3176    24.0444 -9.990e-29
 236.642934     -0.117  39.376870    14.3633    -1.6602     -0.116    32.3172    24.0394 -9.990e-29
 236.642940     -0.121  39.388963    14.3963    -1.6611     -0.120    32.3007    24.0198 -9.990e-29
 236.642946     -0.126  39.390476    14.4291    -1.6622     -0.125    32.2748    23.9929 -9.990e-29
 236.642951     -0.123  39.386236    14.4539    -1.6624     -0.122    32.2502    23.9688 -9.990e-29
 236.642957     -0.118  39.381042    14.4698    -1.6641     -0.117    32.2322    23.9516 -9.990e-29
 236.642963     -0.114  39.368514    14.4815    -1.6638     -0.113    32.2111    23.9328 -9.990e-29
 236.642969     -0.111  39.347428    14.4874    -1.6625     -0.110    32.1870    23.9130 -9.990e-29
 236.642975     -0.109  39.345105    14.4841    -1.6652     -0.108    32.1876    23.9142 -9.990e-29
 236.642980     -0.107  39.366832    14.4748    -1.6645     -0.106    32.2151    23.9373 -9.990e-29
 236.642986     -0.106  39.376015    14.4624    -1.6607     -0.105    32.2338    23.9543 -9.990e-29
 236.642992     -0.105  39.351267    14.4413    -1.6603     -0.104    32.2288    23.9549 -9.990e-29
 236.642998     -0.104  39.304380    14.4061    -1.6614     -0.103    32.2153    23.9518 -9.990e-29
 236.643003     -0.103  39.266924    14.3596    -1.6622     -0.102    32.2198    23.9650 -9.990e-29
 236.643009     -0.102  39.267915    14.3199    -1.6625     -0.101    32.2538    23.9995 -9.990e-29
 236.643015     -0.102  39.302484    14.3120    -1.6627     -0.101    32.2920    24.0307 -9.990e-29
 236.643021     -0.101  39.334348    14.3222    -1.6609     -0.100    32.3126    24.0445 -9.990e-29
 236.643027     -0.101  39.332578    14.3268    -1.6604     -0.100    32.3072    24.0393 -9.990e-29
 236.643032     -0.100  39.297591    14.3455    -1.6622     -0.099    32.2596    23.9986 -9.990e-29
 236.643038     -0.100  39.266188    14.3791    12.8990     -0.099    32.2029    23.9479 -9.990e-29
 236.643044     -0.099  39.279380    14.3918    16.9678     -0.098    32.2043    23.9464 -9.990e-29
 236.643050     -0.098  39.326167    14.3774    17.5049     -0.097    32.2591    23.9916 -9.990e-29
 236.643056     -0.097  39.364170    14.3605    14.3155     -0.096    32.3079    24.0328 -9.990e-29
 236.643061     -0.096  39.380179    14.3571     7.6006     -0.095    32.3254    24.0470 -9.990e-29
 236.643067     -0.095  39.378149    14.3654     8.0807     -0.094    32.3166    24.0385 -9.990e-29
 236.643073     -0.093  39.362626    14.3771     8.5837     -0.092    32.2927    24.0176 -9.990e-29
 236.643079     -0.091  39.359387    14.3839     8.8054     -0.090    32.2840    24.0095 -9.990e-29
 236.643084     -0.088  39.374176    14.3829     8.7570     -0.087    32.2984    24.0208 -9.990e-29
 236.643090     -0.084  39.346585    14.3602     8.5973     -0.083    32.2921    24.0207 -9.990e-29
 236.643096     -0.079  39.232524    14.2884     8.4346     -0.078    32.2476    24.0013 -9.990e-29
 236.643102     -0.073  39.077072    14.2088     8.3126     -0.072    32.1715    23.9592 -9.990e-29
 236.643108     -0.069  38.970942    14.2192     8.2262     -0.068    32.0656    23.8753 -9.990e-29
 236.643113     -0.071  38.959679    14.3071     8.1573     -0.070    31.9824    23.7929 -9.990e-29
 236.643119     -0.076  38.998531    14.3727     8.1307     -0.075    31.9637    23.7648 -9.990e-29
 236.643125     -0.075  39.033976    14.3787     8.1086     -0.074    31.9911    23.7847 -9.990e-29
 236.643131     -0.064  39.048863    14.3538     8.0969     -0.063    32.0253    23.8162 -9.990e-29
 236.643137     -0.051  39.049590    14.3380     8.0822     -0.051    32.0390    23.8301 -9.990e-29
 236.643142     -0.047  39.060069    14.3465     8.0152     -0.047    32.0415    23.8303 -9.990e-29
 236.643148     -0.053  39.071832    14.3697     7.9862     -0.053    32.0331    23.8189 -9.990e-29
 236.643154     -0.059  39.077012    14.3938     7.9807     -0.059    32.0179    23.8022 -9.990e-29
 236.643160     -0.064  39.089217    14.4117     7.9846     -0.063    32.0142    23.7956 -9.990e-29
 236.643166     -0.065  39.102299    14.4253     8.0080     -0.064    32.0149    23.7933 -9.990e-29
 236.643171     -0.065  39.112399    14.4391     7.9918     -0.064    32.0127    23.7887 -9.990e-29
 236.643177     -0.062  39.122881    14.4539     7.9979     -0.061    32.0100    23.7836 -9.990e-29
 236.643183     -0.057  39.129215    14.4641     8.0131     -0.057    32.0074    23.7794 -9.990e-29
 236.643189     -0.049  39.125822    14.4678     8.0103     -0.049    32.0012    23.7739 -9.990e-29
 236.643194     -0.042  39.116003    14.4677     7.9655     -0.042    31.9924    23.7671 -9.990e-29
 236.643200     -0.039  39.107372    14.4568     7.9474     -0.039    31.9935    23.7702 -9.990e-29
 236.643206     -0.038  39.091760    14.4371     8.0179     -0.038    31.9955    23.7759 -9.990e-29
 236.643212     -0.032  39.072416    14.4261     8.1277     -0.032    31.9870    23.7716 -9.990e-29
 236.643218     -0.026  39.070580    14.4321     8.2157     -0.026    31.9803    23.7652 -9.990e-29
 236.643223     -0.023  39.085457    14.4492     8.2355     -0.023    31.9798    23.7612 -9.990e-29
 236.643229     -0.020  39.102127    14.4531     8.1902     -0.020    31.9918    23.7696 -9.990e-29
 236.643235     -0.012  39.099102    14.4233     8.0887     -0.012    32.0136    23.7927 -9.990e-29
 236.643241     -0.003  39.051048    14.3779     8.0684     -0.003    32.0073    23.7973 -9.990e-29
 236.643247      0.000  38.994703    14.3575     8.1374      0.000    31.9727    23.7749 -9.990e-29
 236.643252     -0.003  38.993267    14.3768     8.2217     -0.003    31.9555    23.7576 -9.990e-29
 236.643258     -0.005  39.022386    14.4073     8.2817     -0.005    31.9568    23.7523 -9.990e-29
 236.643264     -0.004  39.034038    14.4112     8.2567     -0.004    31.9643    23.7572 -9.990e-29
 236.643270     -0.007  39.026377    14.3661     8.1599     -0.007    31.9945    23.7899 -9.990e-29
 236.643275     -0.007  38.996459    14.2744     8.0660     -0.007    32.0431    23.8465 -9.990e-29
 236.643281     -0.001  38.953108    14.1965     8.0164     -0.001    32.0681    23.8819 -9.990e-29
 236.643287      0.006  38.944924    14.2021     7.9998      0.006    32.0559    23.8713 -9.990e-29
 236.643293      0.012  38.980553    14.2673     7.9823      0.012    32.0344    23.8413 -9.990e-29
 236.643299      0.021  39.022876    14.3342     7.9602      0.021    32.0177    23.8145 -9.990e-29
 236.643304      0.037  39.065008    14.3868     7.9143      0.037    32.0127    23.7996 -9.990e-29
 236.643310      0.058  39.104864    14.4216     7.9289      0.058    32.0202    23.7982 -9.990e-29
 236.643316      0.077  39.126675    14.4410     7.9731      0.076    32.0241    23.7971 -9.990e-29
 236.643322      0.089  39.134303    14.4543     8.0217      0.088    32.0200    23.7912 -9.990e-29
 236.643328      0.101  39.141822    14.4637     8.0491      0.100    32.0191    23.7885 -9.990e-29
 236.643333      0.117  39.148596    14.4677     8.0297      0.116    32.0220    23.7899 -9.990e-29
 236.643339      0.134  39.147953    14.4694     7.9791      0.133    32.0200    23.7880 -9.990e-29
 236.643345      0.149  39.143498    14.4733     7.9543      0.148    32.0127    23.7816 -9.990e-29
 236.643351      0.162  39.141592    14.4801     8.0144      0.161    32.0053    23.7745 -9.990e-29
 236.643356      0.175  39.143593    14.4899     8.0950      0.174    31.9991    23.7676 -9.990e-29
 236.643362      0.185  39.150465    14.5017     8.1638      0.183    31.9956    23.7624 -9.990e-29
 236.643368      0.187  39.157346    14.5103     8.1933      0.185    31.9948    23.7600 -9.990e-29
 236.643374      0.185  39.158828    14.5093     8.1475      0.183    31.9969    23.7619 -9.990e-29
 236.643380      0.185  39.153506    14.4962     8.0841      0.183    32.0029    23.7692 -9.990e-29
 236.643385      0.186  39.126980    14.4760     8.0289      0.184    31.9954    23.7677 -9.990e-29
 236.643391      0.188  39.085875    14.4621     8.0089      0.186    31.9694    23.7506 -9.990e-29
 236.643397      0.192  39.068347    14.4533     8.0380      0.190    31.9607    23.7457 -9.990e-29
 236.643403      0.196  39.075646    14.4393     8.0924      0.194    31.9789    23.7626 -9.990e-29
 236.643409      0.203  39.090593    14.4288     8.0627      0.201    32.0012    23.7820 -9.990e-29
 236.643414      0.212  39.112368    14.4277     8.0069      0.210    32.0220    23.7983 -9.990e-29
 236.643420      0.224  39.127407    14.4295     8.0564      0.222    32.0342    23.8073 -9.990e-29
 236.643426      0.239  39.129969    14.4347     8.2847      0.237    32.0322    23.8047 -9.990e-29
 236.643432      0.263  39.132412    14.4444     8.6398      0.261    32.0264    23.7982 -9.990e-29
 236.643438      0.306  39.137973    14.4509     8.9144      0.303    32.0261    23.7966 -9.990e-29
 236.643443      0.375  39.138920    14.4285     8.9531      0.372    32.0455    23.8162 -9.990e-29
 236.643449      0.470  39.114090    14.3156     8.8164      0.466    32.1164    23.8944 -9.990e-29
 236.643455      0.588  39.019718    14.0616     8.5847      0.583    32.2416    24.0436 -9.990e-29
 236.643461      0.729  38.849830    13.7114     8.3446      0.723    32.3791    24.2214 0.0000e+00
 236.643466      0.888  38.674757    13.3600     8.1032      0.881    32.5143    24.3967 0.0000e+00
 236.643472      1.063  38.523146    13.0632     7.8976      1.054    32.6262    24.5420 0.0000e+00
 236.643478      1.256  38.379841    12.8266     7.7124      1.246    32.6948    24.6415 0.0000e+00
 236.643484      1.467  38.249722    12.6078     7.5891      1.455    32.7608    24.7351 0.0000e+00
 236.643490      1.693  38.103735    12.3706     7.5238      1.679    32.8281    24.8327 0.0000e+00
 236.643495      1.929  37.928647    12.1272     7.4932      1.913    32.8732    24.9138 0.0000e+00
 236.643501      2.174  37.756995    11.9008     7.5089      2.156    32.9067    24.9822 0.0000e+00
 236.643507      2.427  37.605164    11.7060     7.5207      2.407    32.9314    25.0375 0.0000e+00
 236.643513      2.687  37.477310    11.5568     7.5096      2.665    32.9390    25.0708 0.0000e+00
 236.643519      2.948  37.382118    11.4590     7.4904      2.923    32.9328    25.0837 0.0000e+00
 236.643524      3.206  37.324219    11.3988     7.4504      3.179    32.9295    25.0921 0.0000e+00
 236.643530      3.464  37.283493    11.3496     7.4109      3.435    32.9333    25.1040 0.0000e+00
 236.643536      3.726  37.229682    11.2908     7.3601      3.695    32.9327    25.1141 0.0000e+00
 236.643542      3.991  37.163255    11.2253     7.2908      3.958    32.9257    25.1205 0.0000e+00
 236.643547      4.259  37.104261    11.1703     7.1950      4.223    32.9166    25.1232 0.0000e+00
 236.643553      4.531  37.062494    11.1305     7.1021      4.493    32.9108    25.1259 0.0000e+00
 236.643559      4.806  37.029272    11.0972     7.0235      4.766    32.9077    25.1293 0.0000e+00
 236.643565      5.084  36.993869    11.0608     6.9801      5.042    32.9051    25.1338 0.0000e+00
 236.643571      5.366  36.952175    11.0168     6.9753      5.321    32.9031    25.1401 0.0000e+00
 236.643576      5.653  36.904572    10.9688     6.9563      5.606    32.8989    25.1453 0.0000e+00
 236.643582      5.941  36.857565    10.9281     6.9175      5.891    32.8886    25.1445 0.0000e+00
 236.643588      6.224  36.818448    10.9032     6.8818      6.172    32.8720    25.1359 0.0000e+00
 236.643594      6.498  36.796072    10.8936     6.8376      6.444    32.8582    25.1269 0.0000e+00
 236.643600      6.763  36.788574    10.8891     6.8082      6.706    32.8547    25.1250 0.0000e+00
 236.643605      7.023  36.776970    10.8707     6.7943      6.964    32.8596    25.1320 0.0000e+00
