data/oxygen options/OCNMS/OCNMS1/raw_data/2014/CAST_MB042_140625faed.cnv
* Sea-Bird SBE19 Data File:
* FileName = C:\2014 Mooring Data\Casts\CAST_MB042_140625.hex
* Software Version 1.59
* Temperature SN = 2997
* Conductivity SN = 2997
* System UpLoad Time = Jun 25 2014 21:21:44
** CAST_MB042_140625
* ds
# nquan = 9                                 
# nvalues = 1293                        
# units = specified
# name 0 = timeJ: Julian Days
# name 1 = prSM: Pressure, Strain Gauge [db]
# name 2 = c0mS/cm: Conductivity [mS/cm]
# name 3 = t090C: Temperature [ITS-90, deg C]
# name 4 = sbeox0ML/L: Oxygen, SBE 43 [ml/l]
# name 5 = depSM: Depth [salt water, m], lat = 47.5
# name 6 = sal00: Salinity, Practical [PSU]
# name 7 = sigma-é00: Density [sigma-theta, kg/m^3]
# name 8 = flag: flag
# span 0 = 176.714340, 176.721817       
# span 1 =     -5.599,     42.435       
# span 2 =   0.122066,  36.615649       
# span 3 =     7.3719,    13.3406       
# span 4 =    -1.8690,    19.6848       
# span 5 =     -5.552,     42.077       
# span 6 =     0.0764,    33.5723       
# span 7 =    -0.5728,    26.2432       
# span 8 = 0.0000e+00, 0.0000e+00       
# interval = seconds: 0.5
# start_time = Jun 25 2014 17:08:39 [Instrument's time stamp, header]
# bad_flag = -9.990e-29
*END*
[from data line 641]
 176.718050      1.131  36.098776    10.9363     8.2286      1.122    32.1313    24.5536 -9.990e-29
 176.718056      1.135  36.097828    10.9402     8.2493      1.126    32.1270    24.5496 -9.990e-29
 176.718061      1.134  36.099302    10.9430     8.3028      1.125    32.1260    24.5483 -9.990e-29
 176.718067      1.131  36.100942    10.9451     8.3829      1.122    32.1258    24.5478 -9.990e-29
 176.718073      1.132  36.101275    10.9477     8.4368      1.123    32.1238    24.5458 -9.990e-29
 176.718079      1.135  36.102135    10.9496     8.4509      1.126    32.1230    24.5448 -9.990e-29
 176.718084      1.142  36.103250    10.9486     8.4405      1.132    32.1250    24.5465 -9.990e-29
 176.718090      1.148  36.101325    10.9464     8.4502      1.138    32.1250    24.5469 -9.990e-29
 176.718096      1.150  36.095745    10.9483     8.5394      1.140    32.1178    24.5410 -9.990e-29
 176.718102      1.147  36.092803    10.9559     8.6529      1.137    32.1083    24.5322 -9.990e-29
 176.718108      1.140  36.096702    10.9644     8.7287      1.130    32.1047    24.5280 -9.990e-29
 176.718113      1.133  36.102804    10.9707     8.7422      1.124    32.1052    24.5273 -9.990e-29
 176.718119      1.128  36.107169    10.9756     8.7178      1.119    32.1052    24.5264 -9.990e-29
 176.718125      1.127  36.110274    10.9818     8.6716      1.118    32.1029    24.5235 -9.990e-29
 176.718131      1.128  36.113721    10.9894     8.5827      1.119    32.0996    24.5197 -9.990e-29
 176.718137      1.132  36.117322    10.9899     8.4853      1.123    32.1028    24.5220 -9.990e-29
 176.718142      1.140  36.116608    10.9741     8.3594      1.130    32.1159    24.5350 -9.990e-29
 176.718148      1.150  36.103599    10.9515     8.2827      1.140    32.1228    24.5443 -9.990e-29
 176.718154      1.161  36.083668    10.9423     8.2515      1.151    32.1111    24.5368 -9.990e-29
 176.718160      1.164  36.075397    10.9480     8.2336      1.154    32.0980    24.5256 -9.990e-29
 176.718166      1.159  36.078678    10.9534     8.2184      1.149    32.0965    24.5235 -9.990e-29
 176.718171      1.155  36.081880    10.9464     8.2156      1.145    32.1058    24.5320 -9.990e-29
 176.718177      1.156  36.078319    10.9301     8.2442      1.146    32.1165    24.5432 -9.990e-29
 176.718183      1.157  36.066320    10.9223     8.3161      1.147    32.1115    24.5406 -9.990e-29
 176.718189      1.154  36.058769    10.9354     8.3798      1.144    32.0925    24.5236 -9.990e-29
 176.718194      1.151  36.063817    10.9600     8.3866      1.141    32.0760    24.5064 -9.990e-29
 176.718200      1.153  36.072749    10.9721     8.2991      1.143    32.0743    24.5030 -9.990e-29
 176.718206      1.159  36.077543    10.9624     8.1786      1.149    32.0875    24.5149 -9.990e-29
 176.718212      1.170  36.074763    10.9451     8.1134      1.160    32.0999    24.5276 -9.990e-29
 176.718218      1.182  36.067707    10.9368     8.0926      1.172    32.1001    24.5293 -9.990e-29
 176.718223      1.191  36.066870    10.9360     8.0838      1.181    32.1000    24.5293 -9.990e-29
 176.718229      1.199  36.069713    10.9290     8.0874      1.189    32.1089    24.5375 -9.990e-29
 176.718235      1.206  36.063461    10.9120     8.0710      1.196    32.1176    24.5472 -9.990e-29
 176.718241      1.213  36.050706    10.8960     8.0592      1.203    32.1190    24.5511 -9.990e-29
 176.718247      1.214  36.042203    10.8908     8.1077      1.204    32.1152    24.5490 -9.990e-29
 176.718252      1.207  36.042027    10.8950     8.1643      1.197    32.1113    24.5453 -9.990e-29
 176.718258      1.195  36.047960    10.9033     8.2257      1.185    32.1099    24.5427 -9.990e-29
 176.718264      1.186  36.056959    10.9104     8.2476      1.176    32.1126    24.5436 -9.990e-29
 176.718270      1.183  36.063334    10.9127     8.2322      1.173    32.1169    24.5465 -9.990e-29
 176.718275      1.187  36.062387    10.9120     8.2216      1.177    32.1166    24.5464 -9.990e-29
 176.718281      1.193  36.059297    10.9117     8.2275      1.183    32.1138    24.5443 -9.990e-29
 176.718287      1.194  36.057505    10.9118     8.2394      1.184    32.1119    24.5428 -9.990e-29
 176.718293      1.188  36.056009    10.9108     8.2305      1.178    32.1113    24.5425 -9.990e-29
 176.718299      1.186  36.053081    10.9081     8.2355      1.176    32.1108    24.5426 -9.990e-29
 176.718304      1.189  36.048451    10.9055     8.2370      1.179    32.1085    24.5412 -9.990e-29
 176.718310      1.195  36.045190    10.9057     8.2312      1.185    32.1051    24.5385 -9.990e-29
 176.718316      1.196  36.045389    10.9088     8.2238      1.186    32.1026    24.5360 -9.990e-29
 176.718322      1.190  36.047895    10.9115     8.2339      1.180    32.1027    24.5357 -9.990e-29
 176.718328      1.187  36.049021    10.9116     8.2446      1.177    32.1037    24.5364 -9.990e-29
 176.718333      1.191  36.048295    10.9111     8.2508      1.181    32.1034    24.5363 -9.990e-29
 176.718339      1.198  36.047819    10.9113     8.2527      1.188    32.1028    24.5358 -9.990e-29
 176.718345      1.199  36.048347    10.9121     8.1858      1.189    32.1026    24.5355 -9.990e-29
 176.718351      1.194  36.050851    10.9130     8.1032      1.184    32.1043    24.5367 -9.990e-29
 176.718356      1.192  36.053325    10.9101     8.0368      1.182    32.1093    24.5410 -9.990e-29
 176.718362      1.193  36.051480    10.8987     8.0091      1.183    32.1174    24.5494 -9.990e-29
 176.718368      1.192  36.045927    10.8783     8.0483      1.182    32.1298    24.5626 -9.990e-29
 176.718374      1.194  36.040749    10.8572     8.1316      1.184    32.1432    24.5767 -9.990e-29
 176.718380      1.199  36.038287    10.8493     8.2262      1.189    32.1477    24.5815 -9.990e-29
 176.718385      1.198  36.037763    10.8595     8.3013      1.188    32.1382    24.5724 -9.990e-29
 176.718391      1.192  36.038741    10.8796     8.3669      1.182    32.1216    24.5559 -9.990e-29
 176.718397      1.188  36.042229    10.8967     8.4170      1.178    32.1100    24.5440 -9.990e-29
 176.718403      1.191  36.047536    10.9053     8.4633      1.181    32.1078    24.5407 -9.990e-29
 176.718409      1.201  36.053033    10.9100     8.5348      1.191    32.1091    24.5409 -9.990e-29
 176.718414      1.215  36.059028    10.9159     8.6114      1.205    32.1098    24.5405 -9.990e-29
 176.718420      1.223  36.067609    10.9250     8.6607      1.213    32.1104    24.5393 -9.990e-29
 176.718426      1.228  36.077579    10.9375     8.6672      1.218    32.1093    24.5363 -9.990e-29
 176.718432      1.234  36.086230    10.9498     8.6558      1.224    32.1071    24.5324 -9.990e-29
 176.718437      1.236  36.093021    10.9573     8.6528      1.226    32.1072    24.5312 -9.990e-29
 176.718443      1.231  36.095496    10.9621     8.6996      1.221    32.1055    24.5290 -9.990e-29
 176.718449      1.219  36.093856    10.9678     8.7399      1.209    32.0989    24.5228 -9.990e-29
 176.718455      1.202  36.093477    10.9729     8.7419      1.192    32.0940    24.5182 -9.990e-29
 176.718461      1.188  36.095805    10.9738     8.7134      1.178    32.0955    24.5192 -9.990e-29
 176.718466      1.181  36.098042    10.9715     8.7053      1.171    32.0998    24.5229 -9.990e-29
 176.718472      1.181  36.099510    10.9691     8.6816      1.171    32.1033    24.5261 -9.990e-29
 176.718478      1.186  36.100192    10.9669     8.6384      1.176    32.1059    24.5285 -9.990e-29
 176.718484      1.194  36.099578    10.9637     8.5889      1.184    32.1081    24.5308 -9.990e-29
 176.718490      1.196  36.099922    10.9595     8.5196      1.186    32.1121    24.5346 -9.990e-29
 176.718495      1.189  36.099705    10.9550     8.4374      1.179    32.1159    24.5383 -9.990e-29
 176.718501      1.175  36.093856    10.9504     8.3770      1.165    32.1141    24.5378 -9.990e-29
 176.718507      1.162  36.086061    10.9469     8.3263      1.152    32.1095    24.5348 -9.990e-29
 176.718513      1.155  36.081902    10.9438     8.2727      1.145    32.1081    24.5342 -9.990e-29
 176.718519      1.153  36.079465    10.9384     8.2302      1.143    32.1104    24.5370 -9.990e-29
 176.718524      1.154  36.075769    10.9316     8.1838      1.144    32.1127    24.5399 -9.990e-29
 176.718530      1.160  36.070077    10.9245     8.1515      1.150    32.1133    24.5416 -9.990e-29
 176.718536      1.172  36.061568    10.9169     8.1726      1.162    32.1115    24.5416 -9.990e-29
 176.718542      1.188  36.051380    10.9096     8.2348      1.178    32.1078    24.5400 -9.990e-29
 176.718547      1.208  36.043249    10.9070     8.3150      1.198    32.1020    24.5359 -9.990e-29
 176.718553      1.222  36.041031    10.9139     8.3903      1.212    32.0938    24.5283 -9.990e-29
 176.718559      1.228  36.046699    10.9261     8.4701      1.218    32.0887    24.5222 -9.990e-29
 176.718565      1.230  36.056634    10.9349     8.5103      1.220    32.0908    24.5224 -9.990e-29
 176.718571      1.238  36.066178    10.9376     8.5149      1.228    32.0979    24.5274 -9.990e-29
 176.718576      1.251  36.072399    10.9378     8.4633      1.241    32.1039    24.5320 -9.990e-29
 176.718582      1.261  36.072980    10.9410     8.3392      1.250    32.1016    24.5297 -9.990e-29
 176.718588      1.267  36.070984    10.9471     8.1399      1.256    32.0943    24.5229 -9.990e-29
 176.718594      1.266  36.068844    10.9502     7.9223      1.255    32.0895    24.5186 -9.990e-29
 176.718600      1.265  36.064311    10.9462     7.7657      1.254    32.0885    24.5186 -9.990e-29
 176.718605      1.271  36.057560    10.9314     7.7342      1.260    32.0948    24.5260 -9.990e-29
 176.718611      1.284  36.041879    10.9056     7.8126      1.273    32.1019    24.5360 -9.990e-29
 176.718617      1.297  36.016040    10.8824     7.8949      1.286    32.0966    24.5360 -9.990e-29
 176.718623      1.307  36.001166    10.8757     7.9655      1.296    32.0877    24.5303 -9.990e-29
 176.718628      1.314  36.005514    10.8821     8.0230      1.303    32.0864    24.5281 -9.990e-29
 176.718634      1.319  36.014727    10.8868     8.0983      1.308    32.0914    24.5312 -9.990e-29
 176.718640      1.321  36.017573    10.8827     8.1695      1.310    32.0978    24.5369 -9.990e-29
 176.718646      1.322  36.015087    10.8755     8.2167      1.311    32.1017    24.5412 -9.990e-29
 176.718652      1.320  36.015783    10.8713     8.2060      1.309    32.1060    24.5453 -9.990e-29
 176.718657      1.317  36.022315    10.8698     8.1344      1.306    32.1138    24.5516 -9.990e-29
 176.718663      1.311  36.027168    10.8704     8.0303      1.300    32.1181    24.5548 -9.990e-29
 176.718669      1.307  36.026200    10.8730     7.9299      1.296    32.1149    24.5519 -9.990e-29
 176.718675      1.309  36.023774    10.8718     7.8332      1.298    32.1135    24.5510 -9.990e-29
 176.718681      1.312  36.019504    10.8596     7.7594      1.301    32.1200    24.5582 -9.990e-29
 176.718686      1.313  36.008305    10.8375     7.7378      1.302    32.1283    24.5685 -9.990e-29
 176.718692      1.311  35.992681    10.8171     7.7808      1.300    32.1307    24.5739 -9.990e-29
 176.718698      1.307  35.982693    10.8059     7.8515      1.296    32.1306    24.5758 -9.990e-29
 176.718704      1.300  35.980773    10.8071     7.9359      1.289    32.1277    24.5733 -9.990e-29
 176.718709      1.289  35.980474    10.8239     8.0076      1.278    32.1126    24.5586 -9.990e-29
 176.718715      1.279  35.984806    10.8427     8.1327      1.268    32.1004    24.5459 -9.990e-29
 176.718721      1.273  35.996223    10.8456     8.2936      1.262    32.1092    24.5522 -9.990e-29
 176.718727      1.265  36.001952    10.8397     8.4191      1.254    32.1201    24.5617 -9.990e-29
 176.718733      1.257  35.998462    10.8460     8.4173      1.247    32.1111    24.5536 -9.990e-29
 176.718738      1.251  36.003021    10.8699     8.2884      1.241    32.0947    24.5367 -9.990e-29
 176.718744      1.248  36.021749    10.8966     8.0920      1.238    32.0898    24.5283 -9.990e-29
 176.718750      1.246  36.041520    10.9018     7.9292      1.236    32.1048    24.5390 -9.990e-29
 176.718756      1.242  36.045553    10.8800     7.8742      1.232    32.1279    24.5608 -9.990e-29
 176.718762      1.235  36.023007    10.8520     7.9151      1.225    32.1302    24.5674 -9.990e-29
 176.718767      1.229  35.993230    10.8332     7.9646      1.219    32.1171    24.5605 -9.990e-29
 176.718773      1.219  35.982750    10.8274     7.9561      1.209    32.1118    24.5574 -9.990e-29
 176.718779      1.206  35.986047    10.8339     7.8658      1.196    32.1094    24.5544 -9.990e-29
 176.718785      1.192  35.991854    10.8440     7.6679      1.182    32.1063    24.5502 -9.990e-29
 176.718791      1.171  35.997861    10.8453     7.4917      1.161    32.1111    24.5538 -9.990e-29
 176.718796      1.139  35.996979    10.8318     7.3807      1.129    32.1221    24.5647 -9.990e-29
 176.718802      1.094  35.983592    10.8099     7.3764      1.085    32.1281    24.5731 -9.990e-29
 176.718808      1.037  35.955602    10.7928     7.4810      1.028    32.1153    24.5661 -9.990e-29
 176.718814      0.972  35.901533    10.7951     7.6269      0.964    32.0597    24.5224 -9.990e-29
 176.718819      0.901  35.806548    10.8219     7.7087      0.893    31.9421    24.4262 -9.990e-29
 176.718825      0.822  35.705024    10.8568     7.8252      0.815    31.8112    24.3183 -9.990e-29
 176.718831      0.739  35.652909    10.8817     7.8743      0.733    31.7380    24.2571 -9.990e-29
 176.718837      0.661  35.613861    10.8948     7.9121      0.655    31.6881    24.2160 -9.990e-29
 176.718843      0.598  35.552694    10.9000     7.9420      0.593    31.6232    24.1646 -9.990e-29
 176.718848      0.556  35.544388    10.9003     7.9289      0.551    31.6148    24.1580 -9.990e-29
 176.718854      0.531  35.607641    10.8981     7.8517      0.527    31.6792    24.2084 -9.990e-29
 176.718860      0.519  35.656328    10.8964     7.8215      0.515    31.7288    24.2473 -9.990e-29
 176.718866      0.509  35.646598    10.8972     7.8152      0.505    31.7185    24.2392 -9.990e-29
 176.718872      0.497  35.544209    10.9007     7.8123      0.493    31.6143    24.1575 -9.990e-29
 176.718877      0.482  35.449361    10.9055     7.8174      0.478    31.5165    24.0806 -9.990e-29
 176.718883      0.464  35.495870    10.9094     7.7278      0.460    31.5590    24.1130 -9.990e-29
 176.718889      0.444  35.562398    10.9110     7.6844      0.440    31.6234    24.1628 -9.990e-29
 176.718895      0.426  35.589640    10.9108     7.6719      0.422    31.6505    24.1839 -9.990e-29
 176.718900      0.410  35.600503    10.9090     7.7309      0.407    31.6628    24.1938 -9.990e-29
 176.718906      0.398  35.546696    10.9056     7.8020      0.395    31.6125    24.1553 -9.990e-29
 176.718912      0.393  35.474302    10.9052     7.7846      0.390    31.5414    24.1000 -9.990e-29
 176.718918      0.397  35.460712    10.9139     7.8160      0.394    31.5205    24.0822 -9.990e-29
 176.718924      0.403  35.421666    10.9294     7.8862      0.400    31.4686    24.0392 -9.990e-29
 176.718929      0.409  35.316358    10.9444     7.9222      0.406    31.3519    23.9458 -9.990e-29
 176.718935      0.420  35.246708    10.9568     7.9569      0.416    31.2727    23.8821 -9.990e-29
 176.718941      0.440  35.234877    10.9693     7.9724      0.436    31.2504    23.8626 -9.990e-29
 176.718947      0.466  35.292057    10.9848     7.9738      0.462    31.2935    23.8934 -9.990e-29
 176.718953      0.491  35.338617    11.0025     8.0214      0.487    31.3242    23.9142 -9.990e-29
 176.718958      0.517  35.249924    11.0174     8.0772      0.513    31.2242    23.8339 -9.990e-29
 176.718964      0.550  35.113030    11.0273     8.1416      0.545    31.0813    23.7210 -9.990e-29
