data/oxygen options/OCNMS/OCNMS1/raw_data/2014/CAST_TH042_141008faedb.cnv
* Sea-Bird SBE19 Data File:
* FileName = C:\2014 Mooring Data\Casts\CAST_TH042_141008.hex
* Software Version 1.59
* Temperature SN = 2997
* Conductivity SN = 2997
* System UpLoad Time = Oct 08 2014 20:40:42
** CAST_TH042_141008
* ds
# nquan = 9
# nvalues = 43                          
# units = specified
# name 0 = timeJ: Julian Days
# name 1 = prSM: Pressure, Strain Gauge [db]
# name 2 = c0mS/cm: Conductivity [mS/cm]
# name 3 = t090C: Temperature [ITS-90, deg C]
# name 4 = sbeox0ML/L: Oxygen, SBE 43 [ml/l]
# name 5 = depSM: Depth [salt water, m], lat = 47.5
# name 6 = sal00: Salinity, Practical [PSU]
# name 7 = sigma-é00: Density [sigma-theta, kg/m^3]
# name 8 = flag: flag
# span 0 = 281.789786, 281.790689       
# span 1 =      2.000,     44.000       
# span 2 =  34.561668,  39.355403       
# span 3 =     7.8490,    15.5297       
# span 4 =     2.6757,     6.5064       
# span 5 =      1.983,     43.628       
# span 6 =    31.0606,    33.3585       
# span 7 =    22.8231,    26.0074       
# span 8 = 0.0000e+00, 0.0000e+00       
# interval = decibars: 1                
# start_time = Oct 08 2014 18:48:10 [Instrument's time stamp, header]
# bad_flag = -9.990e-29
*END*
 281.789786      2.000  39.033374    15.5297     6.5064      1.983    31.0606    22.8231 0.0000e+00
 281.789810      3.000  39.237461    15.4593     5.8858      2.975    31.2971    23.0203 0.0000e+00
 281.789830      4.000  39.355403    15.1775     5.6107      3.967    31.6277    23.3355 0.0000e+00
 281.789850      5.000  39.126674    14.8362     5.6453      4.958    31.6982    23.4629 0.0000e+00
 281.789869      6.000  38.948767    14.6357     5.7078      5.950    31.7002    23.5068 0.0000e+00
 281.789888      7.000  38.911048    14.5915     5.6353      6.942    31.7018    23.5173 0.0000e+00
 281.789909      8.000  38.874494    14.5021     5.6394      7.933    31.7412    23.5664 0.0000e+00
 281.789930      9.000  38.829705    14.4010     5.5410      8.925    31.7829    23.6197 0.0000e+00
 281.789950     10.000  38.826957    14.2558     5.4791      9.916    31.8996    23.7400 0.0000e+00
 281.789973     11.000  38.753240    14.0897     5.4781     10.908    31.9691    23.8279 0.0000e+00
 281.790002     12.000  38.682383    13.9644     5.1875     11.899    32.0076    23.8833 0.0000e+00
 281.790030     13.000  38.349717    13.4500     5.1304     12.891    32.1294    24.0812 0.0000e+00
 281.790056     14.000  38.075517    13.1488     5.0708     13.883    32.1266    24.1390 0.0000e+00
 281.790082     15.000  37.968822    12.9542     5.0177     14.874    32.1908    24.2267 0.0000e+00
 281.790106     16.000  37.779695    12.7010     4.9035     15.866    32.2272    24.3040 0.0000e+00
 281.790129     17.000  37.543821    12.3692     4.7095     16.857    32.2865    24.4134 0.0000e+00
 281.790150     18.000  37.240353    11.9830     4.5540     17.849    32.3280    24.5181 0.0000e+00
 281.790170     19.000  36.857023    11.5254     3.9079     18.841    32.3536    24.6219 0.0000e+00
 281.790190     20.000  36.617430    11.1126     3.0308     19.832    32.4808    24.7948 0.0000e+00
 281.790209     21.000  36.175338    10.3580     2.9890     20.824    32.7130    25.1066 0.0000e+00
 281.790229     22.000  35.585148     9.5287     3.2207     21.815    32.8661    25.3637 0.0000e+00
 281.790248     23.000  35.348014     9.2267     3.3129     22.807    32.8990    25.4379 0.0000e+00
 281.790267     24.000  35.270592     9.1108     3.3542     23.798    32.9254    25.4769 0.0000e+00
 281.790285     25.000  35.233160     9.0596     3.3531     24.790    32.9335    25.4913 0.0000e+00
 281.790303     26.000  35.190203     9.0187     3.3148     25.781    32.9263    25.4921 0.0000e+00
 281.790320     27.000  35.143518     8.9199     3.3025     26.773    32.9688    25.5408 0.0000e+00
 281.790339     28.000  35.047806     8.8135     3.2841     27.765    32.9673    25.5561 0.0000e+00
 281.790358     29.000  34.997777     8.7292     3.2456     28.756    32.9930    25.5892 0.0000e+00
 281.790377     30.000  34.889051     8.5937     3.2313     29.747    33.0049    25.6192 0.0000e+00
 281.790397     31.000  34.807614     8.4613     3.0544     30.739    33.0427    25.6689 0.0000e+00
 281.790417     32.000  34.709527     8.3147     2.7100     31.730    33.0762    25.7172 0.0000e+00
 281.790437     33.000  34.627183     8.1195     2.7061     32.722    33.1726    25.8217 0.0000e+00
 281.790457     34.000  34.603034     8.0483     2.7655     33.713    33.2138    25.8646 0.0000e+00
 281.790479     35.000  34.614934     8.0552     2.7958     34.705    33.2195    25.8681 0.0000e+00
 281.790503     36.000  34.603018     8.0370     2.7800     35.696    33.2236    25.8740 0.0000e+00
 281.790524     37.000  34.587284     8.0067     2.7727     36.688    33.2351    25.8875 0.0000e+00
 281.790546     38.000  34.571908     7.9648     2.7391     37.679    33.2581    25.9117 0.0000e+00
 281.790569     39.000  34.567378     7.9453     2.6809     38.671    33.2714    25.9249 0.0000e+00
 281.790590     40.000  34.562259     7.9014     2.6852     39.662    33.3072    25.9594 0.0000e+00
 281.790609     41.000  34.561668     7.8554     2.6945     40.654    33.3500    25.9998 0.0000e+00
 281.790631     42.000  34.568652     7.8570     2.6980     41.645    33.3556    26.0039 0.0000e+00
 281.790659     43.000  34.572642     7.8622     2.6912     42.637    33.3543    26.0022 0.0000e+00
 281.790689     44.000  34.565169     7.8490     2.6757     43.628    33.3585    26.0074 0.0000e+00
