data/oxygen options/OCNMS/OCNMS1/raw_data/2014/CAST_MB042_140904faed.cnv
* Sea-Bird SBE19 Data File:
* FileName = C:\2014 Mooring Data\Casts\CAST_MB042_140904.hex
* Software Version 1.59
* Temperature SN = 2997
* Conductivity SN = 2997
* System UpLoad Time = Sep 05 2014 18:07:29
** CAST_MB042_140904
* ds
# nquan = 9                                 
# nvalues = 1579                        
# units = specified
# name 0 = timeJ: Julian Days
# name 1 = prSM: Pressure, Strain Gauge [db]
# name 2 = c0mS/cm: Conductivity [mS/cm]
# name 3 = t090C: Temperature [ITS-90, deg C]
# name 4 = sbeox0ML/L: Oxygen, SBE 43 [ml/l]
# name 5 = depSM: Depth [salt water, m], lat = 47.5
# name 6 = sal00: Salinity, Practical [PSU]
# name 7 = sigma-é00: Density [sigma-theta, kg/m^3]
# name 8 = flag: flag
# span 0 = 247.702650, 247.711782       
# span 1 =     -5.119,     43.603       
# span 2 =   0.020793,  37.248154       
# span 3 =     7.5493,    15.2404       
# span 4 =    -1.7852,    15.7995       
# span 5 =     -5.076,     43.235       
# span 6 =     0.0167,    33.6669       
# span 7 =    -0.9219,    26.2927       
# span 8 = 0.0000e+00, 0.0000e+00       
# interval = seconds: 0.5
# start_time = Sep 04 2014 16:51:49 [Instrument's time stamp, header]
# bad_flag = -9.990e-29
*END*
[from data line 1281]
 247.710064     38.783  34.574794     7.5671     1.9798     38.456    33.6426    26.2710 0.0000e+00
 247.710069     39.077  34.574663     7.5646     1.9719     38.747    33.6447    26.2731 0.0000e+00
 247.710075     39.371  34.574368     7.5631     1.9629     39.039    33.6457    26.2741 0.0000e+00
 247.710081     39.655  34.573983     7.5620     1.9670     39.320    33.6462    26.2746 0.0000e+00
 247.710087     39.921  34.574024     7.5612     1.9619     39.584    33.6469    26.2753 0.0000e+00
 247.710093     40.164  34.574453     7.5606     1.9607     39.825    33.6478    26.2761 0.0000e+00
 247.710098     40.391  34.574627     7.5598     1.9380     40.050    33.6487    26.2769 0.0000e+00
 247.710104     40.612  34.574688     7.5592     1.9500     40.269    33.6492    26.2774 0.0000e+00
 247.710110     40.830  34.575188     7.5591     1.9569     40.485    33.6498    26.2778 0.0000e+00
 247.710116     41.039  34.576143     7.5588     1.9397     40.692    33.6510    26.2789 0.0000e+00
 247.710122     41.246  34.577052     7.5576     1.9450     40.898    33.6530    26.2806 0.0000e+00
 247.710127     41.462  34.577353     7.5557     1.9425     41.112    33.6551    26.2825 0.0000e+00
 247.710133     41.690  34.577358     7.5543     1.9558     41.338    33.6564    26.2837 0.0000e+00
 247.710139     41.918  34.577541     7.5538     1.9533     41.564    33.6569    26.2842 0.0000e+00
 247.710145     42.139  34.578054     7.5539     1.9387     41.783    33.6573    26.2845 0.0000e+00
 247.710150     42.345  34.578929     7.5546     1.9359     41.987    33.6575    26.2845 0.0000e+00
 247.710156     42.533  34.579558     7.5552     1.9413     42.174    33.6575    26.2845 0.0000e+00
 247.710162     42.710  34.579567     7.5552     1.9547     42.349    33.6574    26.2844 0.0000e+00
 247.710168     42.879  34.579440     7.5551     1.9416     42.517    33.6573    26.2843 0.0000e+00
 247.710174     43.034  34.579477     7.5550     1.9454     42.670    33.6573    26.2844 0.0000e+00
 247.710179     43.171  34.579634     7.5548     1.9480     42.806    33.6576    26.2847 -9.990e-29
 247.710185     43.291  34.580030     7.5551     1.9531     42.925    33.6577    26.2847 -9.990e-29
 247.710191     43.393  34.580542     7.5559     1.9518     43.026    33.6574    26.2844 -9.990e-29
 247.710197     43.474  34.580079     7.5564     1.9438     43.107    33.6564    26.2835 -9.990e-29
 247.710203     43.532  34.578494     7.5563     1.9532     43.164    33.6548    26.2822 -9.990e-29
 247.710208     43.570  34.577509     7.5559     1.9586     43.202    33.6541    26.2817 -9.990e-29
 247.710214     43.594  34.577964     7.5558     1.9546     43.226    33.6546    26.2822 -9.990e-29
 247.710220     43.603  34.578692     7.5559     1.9492     43.235    33.6553    26.2827 -9.990e-29
 247.710226     43.588  34.578332     7.5558     1.9439     43.220    33.6550    26.2825 -9.990e-29
 247.710231     43.543  34.577995     7.5560     1.9465     43.175    33.6545    26.2821 -9.990e-29
 247.710237     43.470  34.579943     7.5568     1.9424     43.103    33.6559    26.2830 -9.990e-29
 247.710243     43.378  34.583321     7.5573     1.9397     43.011    33.6591    26.2855 -9.990e-29
 247.710249     43.282  34.585249     7.5569     1.9397     42.916    33.6616    26.2875 -9.990e-29
 247.710255     43.192  34.585406     7.5559     1.9518     42.827    33.6628    26.2886 -9.990e-29
 247.710260     43.108  34.585033     7.5551     1.9505     42.744    33.6632    26.2890 -9.990e-29
 247.710266     43.024  34.584105     7.5549     1.9480     42.660    33.6624    26.2884 -9.990e-29
 247.710272     42.935  34.582977     7.5550     1.9357     42.572    33.6612    26.2874 -9.990e-29
 247.710278     42.835  34.582860     7.5552     1.9396     42.473    33.6609    26.2872 -9.990e-29
 247.710284     42.717  34.583507     7.5552     1.9569     42.356    33.6616    26.2878 -9.990e-29
 247.710289     42.579  34.584007     7.5548     1.9623     42.219    33.6626    26.2886 0.0000e+00
 247.710295     42.425  34.584378     7.5538     1.9463     42.067    33.6641    26.2899 0.0000e+00
 247.710301     42.266  34.584462     7.5522     1.9329     41.909    33.6658    26.2915 0.0000e+00
 247.710307     42.118  34.583722     7.5505     1.9367     41.762    33.6667    26.2924 0.0000e+00
 247.710312     41.989  34.582764     7.5493     1.9448     41.634    33.6669    26.2927 -9.990e-29
 247.710318     41.874  34.582670     7.5497     1.9553     41.520    33.6665    26.2923 -9.990e-29
 247.710324     41.762  34.583261     7.5514     1.9431     41.409    33.6655    26.2913 -9.990e-29
 247.710330     41.642  34.583770     7.5527     1.9443     41.290    33.6649    26.2906 -9.990e-29
 247.710336     41.514  34.583688     7.5533     1.9561     41.163    33.6643    26.2901 0.0000e+00
 247.710341     41.384  34.583042     7.5538     1.9709     41.034    33.6631    26.2891 0.0000e+00
 247.710347     41.247  34.582612     7.5540     1.9761     40.899    33.6625    26.2886 0.0000e+00
 247.710353     41.094  34.582908     7.5539     1.9774     40.747    33.6630    26.2890 0.0000e+00
 247.710359     40.921  34.583720     7.5539     1.9813     40.575    33.6640    26.2898 0.0000e+00
 247.710365     40.728  34.584407     7.5542     1.9972     40.384    33.6645    26.2902 0.0000e+00
 247.710370     40.517  34.584164     7.5549     1.9999     40.175    33.6637    26.2894 0.0000e+00
 247.710376     40.291  34.583185     7.5560     1.9918     39.951    33.6617    26.2876 0.0000e+00
 247.710382     40.071  34.582369     7.5575     1.9809     39.733    33.6595    26.2857 0.0000e+00
 247.710388     39.876  34.581712     7.5589     1.9888     39.539    33.6575    26.2839 0.0000e+00
 247.710394     39.711  34.580861     7.5595     2.0034     39.376    33.6561    26.2827 0.0000e+00
 247.710399     39.570  34.580324     7.5601     2.0062     39.236    33.6550    26.2818 0.0000e+00
 247.710405     39.444  34.580466     7.5609     2.0007     39.111    33.6544    26.2812 -9.990e-29
 247.710411     39.324  34.580876     7.5614     1.9872     38.992    33.6544    26.2812 -9.990e-29
 247.710417     39.204  34.580937     7.5616     2.0002     38.873    33.6543    26.2811 -9.990e-29
 247.710422     39.080  34.580689     7.5619     2.0147     38.750    33.6538    26.2806 -9.990e-29
 247.710428     38.948  34.580884     7.5627     2.0080     38.619    33.6533    26.2801 0.0000e+00
 247.710434     38.801  34.581739     7.5635     1.9998     38.474    33.6536    26.2802 0.0000e+00
 247.710440     38.636  34.582672     7.5636     1.9958     38.310    33.6546    26.2809 0.0000e+00
 247.710446     38.466  34.582640     7.5637     2.0144     38.141    33.6545    26.2809 0.0000e+00
 247.710451     38.301  34.581564     7.5640     2.0436     37.978    33.6531    26.2798 0.0000e+00
 247.710457     38.133  34.580773     7.5648     2.0556     37.811    33.6516    26.2784 0.0000e+00
 247.710463     37.950  34.580854     7.5664     2.0477     37.630    33.6502    26.2771 0.0000e+00
 247.710469     37.747  34.581313     7.5681     2.0503     37.429    33.6492    26.2760 0.0000e+00
 247.710475     37.533  34.581599     7.5695     2.0514     37.216    33.6482    26.2751 0.0000e+00
 247.710480     37.324  34.581492     7.5710     2.0671     37.009    33.6467    26.2737 0.0000e+00
 247.710486     37.137  34.580813     7.5727     2.0669     36.824    33.6445    26.2717 0.0000e+00
 247.710492     36.982  34.579738     7.5737     2.0443     36.670    33.6424    26.2699 -9.990e-29
 247.710498     36.861  34.579039     7.5741     2.0309     36.550    33.6413    26.2690 -9.990e-29
 247.710503     36.767  34.578866     7.5744     2.0295     36.457    33.6409    26.2686 -9.990e-29
 247.710509     36.685  34.578948     7.5745     2.0533     36.376    33.6409    26.2686 -9.990e-29
 247.710515     36.602  34.579351     7.5744     2.0637     36.293    33.6415    26.2691 -9.990e-29
 247.710521     36.499  34.580011     7.5747     2.0701     36.191    33.6420    26.2694 -9.990e-29
 247.710527     36.357  34.580644     7.5755     2.0714     36.050    33.6419    26.2693 0.0000e+00
 247.710532     36.172  34.580930     7.5763     2.0725     35.867    33.6416    26.2689 0.0000e+00
 247.710538     35.957  34.580648     7.5770     2.0912     35.654    33.6407    26.2681 0.0000e+00
 247.710544     35.733  34.579943     7.5779     2.0979     35.432    33.6392    26.2668 0.0000e+00
 247.710550     35.515  34.578959     7.5789     2.1018     35.216    33.6372    26.2651 0.0000e+00
 247.710556     35.306  34.578028     7.5798     2.1030     35.008    33.6354    26.2636 0.0000e+00
 247.710561     35.099  34.577551     7.5807     2.1014     34.803    33.6342    26.2624 0.0000e+00
 247.710567     34.888  34.577412     7.5823     2.1147     34.594    33.6326    26.2609 0.0000e+00
 247.710573     34.680  34.577386     7.5840     2.1213     34.388    33.6310    26.2595 0.0000e+00
 247.710579     34.490  34.577397     7.5851     2.1159     34.199    33.6300    26.2585 0.0000e+00
 247.710584     34.325  34.577422     7.5855     2.0959     34.036    33.6297    26.2583 0.0000e+00
 247.710590     34.189  34.577454     7.5853     2.0797     33.901    33.6300    26.2585 -9.990e-29
 247.710596     34.076  34.577496     7.5853     2.0929     33.789    33.6301    26.2586 -9.990e-29
 247.710602     33.972  34.577563     7.5858     2.1008     33.686    33.6298    26.2582 -9.990e-29
 247.710608     33.856  34.577705     7.5867     2.1247     33.571    33.6291    26.2576 -9.990e-29
 247.710613     33.722  34.578068     7.5875     2.1247     33.438    33.6288    26.2572 0.0000e+00
 247.710619     33.574  34.578535     7.5877     2.1046     33.291    33.6292    26.2575 0.0000e+00
 247.710625     33.419  34.578565     7.5878     2.0967     33.137    33.6292    26.2575 0.0000e+00
 247.710631     33.260  34.578158     7.5884     2.1045     32.980    33.6282    26.2566 0.0000e+00
 247.710637     33.092  34.577853     7.5893     2.1217     32.813    33.6271    26.2556 0.0000e+00
 247.710642     32.908  34.577763     7.5900     2.1296     32.631    33.6264    26.2550 0.0000e+00
 247.710648     32.714  34.577729     7.5903     2.1335     32.438    33.6262    26.2548 0.0000e+00
 247.710654     32.523  34.577665     7.5907     2.1229     32.249    33.6258    26.2544 0.0000e+00
 247.710660     32.343  34.577445     7.5911     2.1268     32.071    33.6253    26.2539 0.0000e+00
 247.710666     32.178  34.576737     7.5916     2.1362     31.907    33.6241    26.2529 0.0000e+00
 247.710671     32.020  34.575681     7.5927     2.1428     31.750    33.6220    26.2511 0.0000e+00
 247.710677     31.863  34.575070     7.5934     2.1521     31.595    33.6207    26.2500 0.0000e+00
 247.710683     31.702  34.574610     7.5934     2.1561     31.435    33.6203    26.2497 0.0000e+00
 247.710689     31.532  34.573646     7.5932     2.1507     31.266    33.6196    26.2491 0.0000e+00
 247.710694     31.353  34.572537     7.5930     2.1520     31.089    33.6186    26.2484 0.0000e+00
 247.710700     31.172  34.571447     7.5930     2.1561     30.910    33.6175    26.2476 0.0000e+00
 247.710706     30.999  34.570004     7.5933     2.1719     30.738    33.6158    26.2461 0.0000e+00
 247.710712     30.840  34.567927     7.5930     2.1839     30.580    33.6139    26.2447 0.0000e+00
 247.710718     30.688  34.565771     7.5918     2.1785     30.430    33.6128    26.2440 0.0000e+00
 247.710723     30.539  34.563988     7.5906     2.1769     30.282    33.6121    26.2436 0.0000e+00
 247.710729     30.392  34.562404     7.5899     2.1843     30.136    33.6111    26.2430 0.0000e+00
 247.710735     30.241  34.561110     7.5896     2.2024     29.986    33.6101    26.2422 0.0000e+00
 247.710741     30.082  34.559462     7.5892     2.2326     29.829    33.6088    26.2412 0.0000e+00
 247.710747     29.912  34.556904     7.5882     2.2573     29.660    33.6071    26.2400 0.0000e+00
 247.710752     29.734  34.553911     7.5874     2.2674     29.484    33.6047    26.2382 0.0000e+00
 247.710758     29.558  34.549819     7.5876     2.2903     29.309    33.6002    26.2346 0.0000e+00
 247.710764     29.394  34.544740     7.5888     2.3234     29.147    33.5936    26.2293 0.0000e+00
 247.710770     29.240  34.540838     7.5913     2.3702     28.994    33.5871    26.2238 0.0000e+00
 247.710775     29.083  34.539041     7.5961     2.4383     28.838    33.5805    26.2180 0.0000e+00
 247.710781     28.911  34.538596     7.6033     2.4899     28.668    33.5732    26.2112 0.0000e+00
 247.710787     28.728  34.538305     7.6110     2.5401     28.486    33.5655    26.2041 0.0000e+00
 247.710793     28.539  34.537744     7.6184     2.5728     28.299    33.5579    26.1970 0.0000e+00
 247.710799     28.348  34.536686     7.6264     2.5944     28.109    33.5491    26.1889 0.0000e+00
 247.710804     28.160  34.535364     7.6358     2.6182     27.923    33.5387    26.1794 0.0000e+00
 247.710810     27.982  34.534781     7.6450     2.6309     27.747    33.5293    26.1707 0.0000e+00
 247.710816     27.818  34.534682     7.6527     2.6462     27.584    33.5218    26.1637 0.0000e+00
 247.710822     27.671  34.533775     7.6605     2.6615     27.438    33.5134    26.1560 0.0000e+00
 247.710828     27.541  34.531933     7.6669     2.6887     27.309    33.5053    26.1487 -9.990e-29
 247.710833     27.423  34.530588     7.6698     2.7426     27.192    33.5011    26.1450 -9.990e-29
 247.710839     27.305  34.529591     7.6723     2.8010     27.075    33.4977    26.1420 -9.990e-29
 247.710845     27.172  34.527570     7.6778     2.8661     26.943    33.4903    26.1353 0.0000e+00
 247.710851     27.011  34.524595     7.6876     2.9227     26.784    33.4777    26.1241 0.0000e+00
 247.710856     26.820  34.521145     7.6990     2.9598     26.594    33.4631    26.1110 0.0000e+00
 247.710862     26.608  34.517632     7.7089     2.9824     26.384    33.4499    26.0992 0.0000e+00
 247.710868     26.388  34.514382     7.7165     2.9981     26.166    33.4392    26.0897 0.0000e+00
 247.710874     26.166  34.510949     7.7224     2.9974     25.946    33.4300    26.0816 0.0000e+00
 247.710880     25.951  34.507768     7.7272     3.0085     25.733    33.4221    26.0746 0.0000e+00
 247.710885     25.754  34.505608     7.7324     3.0101     25.537    33.4148    26.0682 0.0000e+00
 247.710891     25.580  34.504356     7.7397     3.0205     25.365    33.4066    26.0607 0.0000e+00
 247.710897     25.422  34.504547     7.7495     3.0316     25.208    33.3975    26.0521 0.0000e+00
 247.710903     25.275  34.506955     7.7616     3.0223     25.063    33.3885    26.0433 0.0000e+00
 247.710909     25.136  34.510826     7.7737     3.0156     24.925    33.3811    26.0358 0.0000e+00
 247.710914     25.003  34.515111     7.7829     2.9885     24.793    33.3770    26.0312 0.0000e+00
 247.710920     24.871  34.520434     7.7893     2.9844     24.662    33.3767    26.0300 0.0000e+00
 247.710926     24.739  34.526003     7.7948     2.9956     24.531    33.3774    26.0298 0.0000e+00
 247.710932     24.609  34.530787     7.7993     3.0109     24.402    33.3783    26.0299 0.0000e+00
 247.710938     24.480  34.536078     7.8023     3.0494     24.274    33.3812    26.0317 0.0000e+00
 247.710943     24.349  34.540473     7.8055     3.1019     24.144    33.3829    26.0326 0.0000e+00
 247.710949     24.203  34.541941     7.8095     3.1780     24.000    33.3807    26.0303 0.0000e+00
 247.710955     24.033  34.541836     7.8129     3.2719     23.831    33.3774    26.0272 0.0000e+00
 247.710961     23.844  34.540539     7.8152     3.3737     23.644    33.3739    26.0241 0.0000e+00
 247.710966     23.647  34.537405     7.8184     3.4915     23.448    33.3676    26.0187 0.0000e+00
 247.710972     23.446  34.531580     7.8256     3.6265     23.249    33.3546    26.0074 0.0000e+00
 247.710978     23.245  34.523112     7.8398     3.7455     23.050    33.3320    25.9876 0.0000e+00
