data/oxygen options/OCNMS/OCNMS1/raw_data/2014/CAST_TH015_140701faed.cnv
* Sea-Bird SBE19 Data File:
* FileName = C:\2014 Mooring Data\Casts\CAST_TH015_140701.hex
* Software Version 1.59
* Temperature SN = 2997
* Conductivity SN = 2997
* System UpLoad Time = Jul 01 2014 17:20:59
** CAST_TH015_140701
* ds
# nquan = 9                                 
# nvalues = 906                         
# units = specified
# name 0 = timeJ: Julian Days
# name 1 = prSM: Pressure, Strain Gauge [db]
# name 2 = c0mS/cm: Conductivity [mS/cm]
# name 3 = t090C: Temperature [ITS-90, deg C]
# name 4 = sbeox0ML/L: Oxygen, SBE 43 [ml/l]
# name 5 = depSM: Depth [salt water, m], lat = 47.5
# name 6 = sal00: Salinity, Practical [PSU]
# name 7 = sigma-é00: Density [sigma-theta, kg/m^3]
# name 8 = flag: flag
# span 0 = 182.005243, 182.010480       
# span 1 =     -5.869,     17.359       
# span 2 =   0.259584,  39.049548       
# span 3 =    12.5081,    17.9458       
# span 4 =    -1.6950,    16.8316       
# span 5 =     -5.820,     17.213       
# span 6 =     0.1449,    32.2015       
# span 7 =    -1.2808,    24.3200       
# span 8 = 0.0000e+00, 0.0000e+00       
# interval = seconds: 0.5
# start_time = Jul 01 2014 00:07:33 [Instrument's time stamp, header]
# bad_flag = -9.990e-29
*END*
[from data line 481]
 182.008027      0.267  38.994523    14.7395     4.8074      0.265    31.6592    23.4532 -9.990e-29
 182.008032      0.267  38.997862    14.7473     4.8010      0.265    31.6559    23.4490 -9.990e-29
 182.008038      0.267  39.005511    14.7512     4.7961      0.265    31.6597    23.4510 -9.990e-29
 182.008044      0.266  39.016956    14.7527     4.7786      0.264    31.6688    23.4577 -9.990e-29
 182.008050      0.265  39.032823    14.7536     4.7363      0.263    31.6824    23.4680 -9.990e-29
 182.008056      0.263  39.043958    14.7532     4.6878      0.261    31.6928    23.4761 -9.990e-29
 182.008061      0.261  39.042854    14.7498     4.6519      0.259    31.6946    23.4782 -9.990e-29
 182.008067      0.257  39.032713    14.7456     4.6376      0.255    31.6888    23.4747 -9.990e-29
 182.008073      0.253  39.027157    14.7444     4.6554      0.251    31.6848    23.4718 -9.990e-29
 182.008079      0.247  39.029066    14.7457     4.6624      0.245    31.6854    23.4721 -9.990e-29
 182.008084      0.239  39.034990    14.7463     4.6500      0.237    31.6903    23.4757 -9.990e-29
 182.008090      0.229  39.041219    14.7436     4.6630      0.227    31.6981    23.4823 -9.990e-29
 182.008096      0.220  39.048942    14.7393     4.7115      0.218    31.7086    23.4913 -9.990e-29
 182.008102      0.221  39.049548    14.7381     4.7780      0.219    31.7102    23.4927 -9.990e-29
 182.008108      0.231  39.041221    14.7392     4.8340      0.229    31.7017    23.4860 -9.990e-29
 182.008113      0.242  39.033251    14.7377     4.8764      0.240    31.6957    23.4817 -9.990e-29
 182.008119      0.251  39.030350    14.7336     4.8839      0.249    31.6964    23.4831 -9.990e-29
 182.008125      0.259  39.042306    14.7312     4.8557      0.257    31.7092    23.4934 -9.990e-29
 182.008131      0.266  39.045941    14.7320     4.8275      0.264    31.7118    23.4953 -9.990e-29
 182.008137      0.273  39.030563    14.7320     4.8144      0.271    31.6979    23.4846 -9.990e-29
 182.008142      0.279  39.019080    14.7283     4.7942      0.277    31.6906    23.4797 -9.990e-29
 182.008148      0.285  39.013769    14.7237     4.8524      0.283    31.6895    23.4798 -9.990e-29
 182.008154      0.292  39.000993    14.7218     5.0988      0.290    31.6795    23.4725 -9.990e-29
 182.008160      0.301  38.985232    14.7235     5.4777      0.298    31.6638    23.4601 -9.990e-29
 182.008166      0.311  38.988880    14.7265     5.8365      0.308    31.6647    23.4601 -9.990e-29
 182.008171      0.318  38.985545    14.7274     5.9897      0.315    31.6609    23.4571 -9.990e-29
 182.008177      0.321  38.956926    14.7256     5.9359      0.318    31.6365    23.4386 -9.990e-29
 182.008183      0.321  38.938030    14.7226     5.8023      0.318    31.6219    23.4280 -9.990e-29
 182.008189      0.325  38.948759    14.7209     5.6734      0.322    31.6330    23.4369 -9.990e-29
 182.008194      0.328  38.955316    14.7215     5.6137      0.325    31.6384    23.4409 -9.990e-29
 182.008200      0.325  38.918341    14.7219     5.6006      0.322    31.6046    23.4148 -9.990e-29
 182.008206      0.321  38.851595    14.7211     5.5490      0.318    31.5449    23.3690 -9.990e-29
 182.008212      0.320  38.786968    14.7205     5.5442      0.317    31.4870    23.3245 -9.990e-29
 182.008218      0.323  38.750188    14.7213     5.5880      0.320    31.4531    23.2982 -9.990e-29
 182.008223      0.323  38.723275    14.7228     5.7327      0.320    31.4276    23.2782 -9.990e-29
 182.008229      0.319  38.682311    14.7237     5.9524      0.316    31.3898    23.2490 -9.990e-29
 182.008235      0.313  38.653696    14.7233     6.0610      0.310    31.3643    23.2294 -9.990e-29
 182.008241      0.309  38.642122    14.7220     6.0300      0.306    31.3549    23.2224 -9.990e-29
 182.008247      0.308  38.628970    14.7209     5.9531      0.305    31.3439    23.2142 -9.990e-29
 182.008252      0.308  38.620461    14.7212     5.9236      0.305    31.3360    23.2080 -9.990e-29
 182.008258      0.311  38.611605    14.7220     5.9665      0.308    31.3273    23.2012 -9.990e-29
 182.008264      0.316  38.590771    14.7211     6.0233      0.313    31.3092    23.1874 -9.990e-29
 182.008270      0.324  38.575830    14.7186     6.0290      0.321    31.2978    23.1791 -9.990e-29
 182.008275      0.334  38.576794    14.7171     6.0624      0.331    31.2998    23.1810 -9.990e-29
 182.008281      0.344  38.577164    14.7177     6.1407      0.341    31.2997    23.1808 -9.990e-29
 182.008287      0.346  38.565823    14.7189     6.1876      0.343    31.2885    23.1719 -9.990e-29
 182.008293      0.339  38.551967    14.7195     6.1607      0.336    31.2755    23.1618 -9.990e-29
 182.008299      0.333  38.544245    14.7196     6.0799      0.330    31.2684    23.1563 -9.990e-29
 182.008304      0.329  38.540962    14.7198     6.0377      0.326    31.2653    23.1539 -9.990e-29
 182.008310      0.330  38.538482    14.7203     6.1002      0.327    31.2627    23.1517 -9.990e-29
 182.008316      0.334  38.533675    14.7204     6.2476      0.331    31.2582    23.1483 -9.990e-29
 182.008322      0.341  38.528733    14.7194     6.3778      0.338    31.2546    23.1457 -9.990e-29
 182.008328      0.353  38.526788    14.7183     6.3898      0.350    31.2537    23.1453 -9.990e-29
 182.008333      0.365  38.525988    14.7184     6.3258      0.362    31.2529    23.1446 -9.990e-29
 182.008339      0.371  38.523762    14.7198     6.3430      0.368    31.2498    23.1419 -9.990e-29
 182.008345      0.365  38.520125    14.7208     6.4406      0.362    31.2457    23.1385 -9.990e-29
 182.008351      0.352  38.517142    14.7207     6.5494      0.349    31.2431    23.1366 -9.990e-29
 182.008356      0.340  38.515507    14.7205     6.6069      0.337    31.2418    23.1356 -9.990e-29
 182.008362      0.332  38.514343    14.7210     6.6079      0.329    31.2403    23.1344 -9.990e-29
 182.008368      0.327  38.513401    14.7223     6.5802      0.324    31.2384    23.1326 -9.990e-29
 182.008374      0.326  38.512164    14.7236     6.5059      0.323    31.2362    23.1307 -9.990e-29
 182.008380      0.328  38.510284    14.7242     6.4060      0.325    31.2341    23.1289 -9.990e-29
 182.008385      0.334  38.508243    14.7241     6.3720      0.331    31.2323    23.1276 -9.990e-29
 182.008391      0.343  38.506304    14.7244     6.4175      0.340    31.2303    23.1260 -9.990e-29
 182.008397      0.352  38.504307    14.7252     6.4888      0.349    31.2279    23.1239 -9.990e-29
 182.008403      0.358  38.502572    14.7260     6.5219      0.355    31.2257    23.1220 -9.990e-29
 182.008409      0.364  38.501773    14.7270     6.5544      0.361    31.2241    23.1206 -9.990e-29
 182.008414      0.372  38.501585    14.7285     6.5937      0.369    31.2228    23.1193 -9.990e-29
 182.008420      0.373  38.501376    14.7298     6.6375      0.370    31.2215    23.1180 -9.990e-29
 182.008426      0.368  38.501047    14.7302     6.6394      0.365    31.2209    23.1175 -9.990e-29
 182.008432      0.364  38.500339    14.7304     6.5592      0.361    31.2201    23.1168 -9.990e-29
 182.008438      0.366  38.499610    14.7311     6.5082      0.363    31.2189    23.1157 -9.990e-29
 182.008443      0.370  38.499189    14.7319     6.4967      0.367    31.2179    23.1148 -9.990e-29
 182.008449      0.366  38.498132    14.7324     6.5133      0.363    31.2165    23.1136 -9.990e-29
 182.008455      0.356  38.496331    14.7323     6.5416      0.353    31.2150    23.1125 -9.990e-29
 182.008461      0.346  38.494932    14.7317     6.5600      0.343    31.2142    23.1120 -9.990e-29
 182.008466      0.341  38.493932    14.7310     6.5633      0.338    31.2138    23.1119 -9.990e-29
 182.008472      0.341  38.492739    14.7309     6.5801      0.338    31.2129    23.1111 -9.990e-29
 182.008478      0.344  38.491627    14.7316     6.5969      0.341    31.2113    23.1098 -9.990e-29
 182.008484      0.348  38.490974    14.7327     6.5767      0.345    31.2098    23.1084 -9.990e-29
 182.008490      0.347  38.490651    14.7338     6.4983      0.344    31.2086    23.1073 -9.990e-29
 182.008495      0.343  38.490404    14.7345     6.4740      0.340    31.2079    23.1065 -9.990e-29
 182.008501      0.334  38.490084    14.7348     6.4888      0.331    31.2073    23.1061 -9.990e-29
 182.008507      0.325  38.489444    14.7351     6.5238      0.322    31.2065    23.1054 -9.990e-29
 182.008513      0.319  38.488371    14.7357     6.5507      0.316    31.2051    23.1041 -9.990e-29
 182.008519      0.316  38.487298    14.7365     6.5545      0.313    31.2035    23.1027 -9.990e-29
 182.008524      0.316  38.486658    14.7372     6.5798      0.313    31.2023    23.1017 -9.990e-29
 182.008530      0.319  38.486337    14.7379     6.5929      0.316    31.2015    23.1009 -9.990e-29
 182.008536      0.324  38.486086    14.7382     6.6344      0.321    31.2010    23.1005 -9.990e-29
 182.008542      0.332  38.485751    14.7380     6.6893      0.329    31.2009    23.1004 -9.990e-29
 182.008547      0.343  38.485065    14.7380     6.7404      0.340    31.2002    23.0999 -9.990e-29
 182.008553      0.355  38.483854    14.7380     6.7269      0.352    31.1991    23.0991 -9.990e-29
 182.008559      0.363  38.482364    14.7368     6.6963      0.360    31.1988    23.0990 -9.990e-29
 182.008565      0.373  38.480471    14.7347     6.6685      0.370    31.1987    23.0995 -9.990e-29
 182.008571      0.388  38.478075    14.7336     6.6622      0.385    31.1974    23.0987 -9.990e-29
 182.008576      0.407  38.476089    14.7341     6.6566      0.404    31.1952    23.0969 -9.990e-29
 182.008582      0.421  38.475412    14.7358     6.6598      0.417    31.1933    23.0950 -9.990e-29
 182.008588      0.428  38.475880    14.7381     6.6867      0.424    31.1918    23.0934 -9.990e-29
 182.008594      0.427  38.476613    14.7398     6.7118      0.423    31.1911    23.0925 -9.990e-29
 182.008600      0.423  38.477082    14.7400     6.7402      0.419    31.1914    23.0927 -9.990e-29
 182.008605      0.419  38.476411    14.7390     6.7302      0.416    31.1916    23.0931 -9.990e-29
 182.008611      0.417  38.474444    14.7378     6.6619      0.414    31.1908    23.0927 -9.990e-29
 182.008617      0.414  38.472668    14.7375     6.6086      0.411    31.1894    23.0917 -9.990e-29
 182.008623      0.412  38.471698    14.7385     6.6123      0.409    31.1877    23.0902 -9.990e-29
 182.008628      0.411  38.471542    14.7402     6.6559      0.408    31.1862    23.0887 -9.990e-29
 182.008634      0.405  38.472171    14.7416     6.7124      0.402    31.1857    23.0880 -9.990e-29
 182.008640      0.394  38.472918    14.7426     6.7589      0.391    31.1856    23.0877 -9.990e-29
 182.008646      0.387  38.473277    14.7433     6.7640      0.384    31.1853    23.0873 -9.990e-29
 182.008652      0.387  38.473343    14.7438     6.7626      0.384    31.1850    23.0870 -9.990e-29
 182.008657      0.394  38.473385    14.7443     6.7543      0.391    31.1846    23.0866 -9.990e-29
 182.008663      0.409  38.473638    14.7451     6.7299      0.406    31.1842    23.0861 -9.990e-29
 182.008669      0.428  38.474057    14.7456     6.7115      0.424    31.1842    23.0860 -9.990e-29
 182.008675      0.443  38.474256    14.7453     6.7015      0.439    31.1846    23.0864 -9.990e-29
 182.008681      0.453  38.474120    14.7446     6.7064      0.449    31.1850    23.0868 -9.990e-29
 182.008686      0.456  38.473646    14.7443     6.7201      0.452    31.1848    23.0868 -9.990e-29
 182.008692      0.454  38.472941    14.7443     6.7117      0.450    31.1842    23.0863 -9.990e-29
 182.008698      0.447  38.472928    14.7439     6.7260      0.443    31.1845    23.0866 -9.990e-29
 182.008704      0.433  38.474331    14.7431     6.7258      0.429    31.1864    23.0882 -9.990e-29
 182.008709      0.416  38.476392    14.7424     6.7128      0.413    31.1889    23.0902 -9.990e-29
 182.008715      0.404  38.478110    14.7422     6.7109      0.401    31.1906    23.0916 -9.990e-29
 182.008721      0.400  38.478590    14.7423     6.7076      0.397    31.1909    23.0919 -9.990e-29
 182.008727      0.404  38.478088    14.7420     6.7326      0.401    31.1907    23.0918 -9.990e-29
 182.008733      0.412  38.479481    14.7412     6.7635      0.409    31.1926    23.0934 -9.990e-29
 182.008738      0.421  38.483123    14.7406     6.7740      0.417    31.1964    23.0964 -9.990e-29
 182.008744      0.430  38.485973    14.7414     6.7534      0.426    31.1983    23.0977 -9.990e-29
 182.008750      0.436  38.487416    14.7436     6.7151      0.432    31.1978    23.0969 -9.990e-29
 182.008756      0.435  38.488630    14.7452     6.6923      0.431    31.1976    23.0964 -9.990e-29
 182.008762      0.431  38.489498    14.7457     6.6913      0.427    31.1980    23.0966 -9.990e-29
 182.008767      0.429  38.489228    14.7462     6.7291      0.425    31.1974    23.0960 -9.990e-29
 182.008773      0.428  38.488496    14.7466     6.7606      0.424    31.1964    23.0952 -9.990e-29
 182.008779      0.433  38.489041    14.7467     6.7737      0.429    31.1968    23.0955 -9.990e-29
 182.008785      0.443  38.492063    14.7467     6.7689      0.439    31.1995    23.0976 -9.990e-29
 182.008791      0.456  38.498137    14.7469     6.7592      0.452    31.2049    23.1016 -9.990e-29
 182.008796      0.471  38.504610    14.7474     6.7525      0.467    31.2103    23.1057 -9.990e-29
 182.008802      0.486  38.508803    14.7476     6.7492      0.482    31.2139    23.1084 -9.990e-29
 182.008808      0.497  38.511727    14.7476     6.7477      0.493    31.2165    23.1105 -9.990e-29
 182.008814      0.509  38.511578    14.7483     6.7445      0.505    31.2158    23.1098 -9.990e-29
 182.008819      0.528  38.506388    14.7498     6.7444      0.524    31.2099    23.1049 -9.990e-29
 182.008825      0.550  38.500935    14.7516     6.7582      0.545    31.2036    23.0996 -9.990e-29
 182.008831      0.573  38.499081    14.7528     6.7479      0.568    31.2009    23.0974 -9.990e-29
 182.008837      0.597  38.498266    14.7532     6.7447      0.592    31.1999    23.0965 -9.990e-29
 182.008843      0.625  38.496755    14.7532     6.7615      0.620    31.1985    23.0954 -9.990e-29
 182.008848      0.658  38.495812    14.7533     6.7772      0.653    31.1976    23.0947 -9.990e-29
 182.008854      0.698  38.495774    14.7533     6.8210      0.692    31.1975    23.0946 -9.990e-29
 182.008860      0.747  38.495943    14.7530     6.8581      0.741    31.1979    23.0950 -9.990e-29
 182.008866      0.810  38.495894    14.7527     6.8652      0.803    31.1981    23.0952 -9.990e-29
 182.008872      0.890  38.495473    14.7524     6.8930      0.883    31.1979    23.0951 -9.990e-29
 182.008877      0.991  38.495152    14.7519     6.9312      0.983    31.1980    23.0953 -9.990e-29
 182.008883      1.117  38.495537    14.7511     6.9630      1.108    31.1989    23.0962 0.0000e+00
 182.008889      1.270  38.496492    14.7499     6.9934      1.259    31.2007    23.0978 0.0000e+00
 182.008895      1.457  38.499764    14.7484     6.9933      1.445    31.2047    23.1013 0.0000e+00
 182.008900      1.676  38.506259    14.7471     6.9893      1.662    31.2116    23.1068 0.0000e+00
 182.008906      1.920  38.513322    14.7468     7.0011      1.904    31.2181    23.1119 0.0000e+00
 182.008912      2.175  38.519057    14.7474     7.0203      2.157    31.2227    23.1153 0.0000e+00
 182.008918      2.430  38.524286    14.7488     7.0374      2.410    31.2262    23.1177 0.0000e+00
 182.008924      2.690  38.535330    14.7518     7.0338      2.668    31.2337    23.1228 0.0000e+00
 182.008929      2.958  38.556724    14.7567     7.0165      2.933    31.2489    23.1336 0.0000e+00
 182.008935      3.233  38.581546    14.7632     6.9799      3.206    31.2660    23.1454 0.0000e+00
 182.008941      3.517  38.609130    14.7714     6.8979      3.488    31.2842    23.1577 0.0000e+00
