data/oxygen options/OCNMS/OCNMS1/raw_data/2014/CAST_CA042_140730faed.cnv
* Sea-Bird SBE19 Data File:
* FileName = C:\2014 Mooring Data\Casts\CAST_CA042_140730.hex
* Software Version 1.59
* Temperature SN = 2997
* Conductivity SN = 2997
* System UpLoad Time = Aug 03 2014 00:52:33
** CAST_CA042_140730
* ds
# nquan = 9                                 
# nvalues = 1236                        
# units = specified
# name 0 = timeJ: Julian Days
# name 1 = prSM: Pressure, Strain Gauge [db]
# name 2 = c0mS/cm: Conductivity [mS/cm]
# name 3 = t090C: Temperature [ITS-90, deg C]
# name 4 = sbeox0ML/L: Oxygen, SBE 43 [ml/l]
# name 5 = depSM: Depth [salt water, m], lat = 47.5
# name 6 = sal00: Salinity, Practical [PSU]
# name 7 = sigma-é00: Density [sigma-theta, kg/m^3]
# name 8 = flag: flag
# span 0 = 211.915926, 211.923073       
# span 1 =     -6.188,     43.630       
# span 2 =   0.473149,  39.493373       
# span 3 =     7.3479,    16.8035       
# span 4 =    -1.7410,    15.7303       
# span 5 =     -6.136,     43.261       
# span 6 =     0.2774,    33.6189       
# span 7 =    -0.9358,    26.2822       
# span 8 = 0.0000e+00, 0.0000e+00       
# interval = seconds: 0.5
# start_time = Jul 30 2014 21:58:56 [Instrument's time stamp, header]
# bad_flag = -9.990e-29
*END*
[from data line 801]
 211.920561     25.759  34.898215     8.7514     3.7624     25.542    32.8696    25.4891 0.0000e+00
 211.920567     26.095  34.892963     8.7345     3.7651     25.876    32.8796    25.4996 0.0000e+00
 211.920573     26.428  34.883180     8.7218     3.7685     26.206    32.8810    25.5026 0.0000e+00
 211.920579     26.751  34.874786     8.7184     3.7717     26.526    32.8753    25.4986 0.0000e+00
 211.920584     27.061  34.872751     8.7204     3.7864     26.833    32.8711    25.4951 0.0000e+00
 211.920590     27.361  34.875935     8.7214     3.7910     27.131    32.8734    25.4967 0.0000e+00
 211.920596     27.658  34.883423     8.7220     3.7855     27.425    32.8805    25.5022 0.0000e+00
 211.920602     27.958  34.896677     8.7271     3.7855     27.723    32.8895    25.5085 0.0000e+00
 211.920608     28.258  34.912499     8.7361     3.7897     28.020    32.8976    25.5134 0.0000e+00
 211.920613     28.560  34.924379     8.7438     3.7926     28.320    32.9027    25.5163 0.0000e+00
 211.920619     28.870  34.931215     8.7488     3.7869     28.627    32.9051    25.5174 0.0000e+00
 211.920625     29.188  34.936966     8.7532     3.7828     28.942    32.9069    25.5181 0.0000e+00
 211.920631     29.507  34.943018     8.7575     3.7781     29.259    32.9091    25.5192 0.0000e+00
 211.920637     29.818  34.947233     8.7601     3.7484     29.567    32.9109    25.5202 0.0000e+00
 211.920642     30.110  34.950071     8.7615     3.6779     29.857    32.9125    25.5212 0.0000e+00
 211.920648     30.386  34.954086     8.7641     3.5405     30.130    32.9141    25.5221 0.0000e+00
 211.920654     30.657  34.958911     8.7671     3.3581     30.399    32.9163    25.5233 0.0000e+00
 211.920660     30.938  34.965261     8.7710     3.1217     30.677    32.9192    25.5250 0.0000e+00
 211.920666     31.233  34.983740     8.7811     2.8761     30.970    32.9290    25.5311 0.0000e+00
 211.920671     31.540  35.028216     8.7950     2.6560     31.274    32.9624    25.5552 0.0000e+00
 211.920677     31.847  35.091101     8.7953     2.4850     31.579    33.0277    25.6063 0.0000e+00
 211.920683     32.150  35.138847     8.7578     2.3969     31.879    33.1126    25.6785 0.0000e+00
 211.920689     32.450  35.138488     8.6429     2.3840     32.177    33.2198    25.7801 0.0000e+00
 211.920694     32.744  35.064185     8.4324     2.3886     32.468    33.3399    25.9063 0.0000e+00
 211.920700     33.026  34.923941     8.2125     2.3961     32.748    33.3999    25.9863 0.0000e+00
 211.920706     33.288  34.802809     8.0999     2.3898     33.008    33.3781    25.9859 0.0000e+00
 211.920712     33.534  34.764157     8.0815     2.3939     33.251    33.3543    25.9700 0.0000e+00
 211.920718     33.783  34.762468     8.0392     2.4343     33.498    33.3927    26.0063 0.0000e+00
 211.920723     34.048  34.729153     7.9234     2.4724     33.761    33.4677    26.0822 0.0000e+00
 211.920729     34.323  34.658976     7.8015     2.5042     34.034    33.5092    26.1325 0.0000e+00
 211.920735     34.601  34.597425     7.7311     2.5159     34.309    33.5106    26.1438 0.0000e+00
 211.920741     34.869  34.570599     7.7050     2.5461     34.575    33.5068    26.1445 0.0000e+00
 211.920747     35.119  34.566726     7.6977     2.5750     34.823    33.5095    26.1477 0.0000e+00
 211.920752     35.357  34.564250     7.6882     2.5741     35.059    33.5159    26.1541 0.0000e+00
 211.920758     35.596  34.550787     7.6684     2.5799     35.296    33.5203    26.1604 0.0000e+00
 211.920764     35.836  34.528480     7.6452     2.5841     35.534    33.5185    26.1623 0.0000e+00
 211.920770     36.077  34.505077     7.6266     2.5917     35.773    33.5111    26.1592 0.0000e+00
 211.920775     36.316  34.488541     7.6111     2.5902     36.010    33.5081    26.1590 0.0000e+00
 211.920781     36.555  34.478036     7.5944     2.5961     36.247    33.5127    26.1650 0.0000e+00
 211.920787     36.802  34.467864     7.5781     2.6084     36.492    33.5174    26.1710 0.0000e+00
 211.920793     37.064  34.458384     7.5648     2.6294     36.751    33.5198    26.1748 0.0000e+00
 211.920799     37.344  34.450312     7.5549     2.6287     37.029    33.5205    26.1768 0.0000e+00
 211.920804     37.634  34.443999     7.5487     2.6237     37.317    33.5195    26.1769 0.0000e+00
 211.920810     37.923  34.441019     7.5454     2.6243     37.603    33.5194    26.1772 0.0000e+00
 211.920816     38.204  34.440488     7.5450     2.6122     37.882    33.5191    26.1770 0.0000e+00
 211.920822     38.469  34.441075     7.5475     2.6198     38.144    33.5171    26.1752 0.0000e+00
 211.920828     38.717  34.442758     7.5485     2.6205     38.390    33.5179    26.1756 0.0000e+00
 211.920833     38.960  34.443235     7.5414     2.6355     38.631    33.5251    26.1823 0.0000e+00
 211.920839     39.213  34.437305     7.5235     2.6398     38.882    33.5359    26.1933 0.0000e+00
 211.920845     39.484  34.422646     7.4975     2.5998     39.151    33.5450    26.2042 0.0000e+00
 211.920851     39.765  34.402692     7.4720     2.5677     39.429    33.5480    26.2101 0.0000e+00
 211.920856     40.044  34.385034     7.4532     2.5409     39.706    33.5469    26.2119 0.0000e+00
 211.920862     40.315  34.374710     7.4365     2.5331     39.975    33.5517    26.2181 0.0000e+00
 211.920868     40.581  34.368023     7.4139     2.5172     40.238    33.5662    26.2327 0.0000e+00
 211.920874     40.845  34.360516     7.3885     2.5224     40.500    33.5826    26.2491 0.0000e+00
 211.920880     41.110  34.355055     7.3700     2.5197     40.763    33.5945    26.2611 0.0000e+00
 211.920885     41.373  34.353865     7.3607     2.5267     41.024    33.6021    26.2683 0.0000e+00
 211.920891     41.628  34.354765     7.3562     2.5177     41.276    33.6073    26.2731 0.0000e+00
 211.920897     41.879  34.354993     7.3529     2.5151     41.525    33.6106    26.2762 0.0000e+00
 211.920903     42.130  34.353701     7.3503     2.5286     41.774    33.6116    26.2773 0.0000e+00
 211.920909     42.374  34.352505     7.3486     2.5326     42.016    33.6119    26.2778 0.0000e+00
 211.920914     42.605  34.352028     7.3479     2.5368     42.245    33.6119    26.2779 0.0000e+00
 211.920920     42.818  34.352165     7.3483     2.5151     42.456    33.6116    26.2776 0.0000e+00
 211.920926     43.003  34.353630     7.3502     2.5218     42.640    33.6112    26.2770 0.0000e+00
 211.920932     43.161  34.356662     7.3525     2.5321     42.796    33.6122    26.2775 0.0000e+00
 211.920938     43.292  34.359664     7.3534     2.5338     42.926    33.6145    26.2792 -9.990e-29
 211.920943     43.401  34.359877     7.3523     2.5299     43.034    33.6158    26.2803 -9.990e-29
 211.920949     43.490  34.358118     7.3511     2.5315     43.122    33.6150    26.2799 -9.990e-29
 211.920955     43.557  34.357628     7.3516     2.5372     43.189    33.6139    26.2790 -9.990e-29
 211.920961     43.601  34.358286     7.3530     2.5355     43.233    33.6133    26.2783 -9.990e-29
 211.920966     43.625  34.358695     7.3542     2.5352     43.256    33.6125    26.2775 -9.990e-29
 211.920972     43.630  34.358812     7.3554     2.5203     43.261    33.6115    26.2765 -9.990e-29
 211.920978     43.622  34.358765     7.3573     2.5297     43.253    33.6096    26.2748 -9.990e-29
 211.920984     43.604  34.359588     7.3597     2.5378     43.236    33.6082    26.2733 -9.990e-29
 211.920990     43.574  34.362351     7.3608     2.5217     43.206    33.6101    26.2747 -9.990e-29
 211.920995     43.536  34.363416     7.3589     2.5286     43.168    33.6132    26.2773 -9.990e-29
 211.921001     43.491  34.360248     7.3550     2.5260     43.123    33.6135    26.2782 -9.990e-29
 211.921007     43.436  34.357573     7.3525     2.5314     43.069    33.6131    26.2782 -9.990e-29
 211.921013     43.368  34.357969     7.3533     2.5393     43.002    33.6128    26.2778 -9.990e-29
 211.921019     43.282  34.360815     7.3558     2.5245     42.916    33.6135    26.2780 -9.990e-29
 211.921024     43.173  34.364827     7.3572     2.5217     42.808    33.6165    26.2802 -9.990e-29
 211.921030     43.039  34.366910     7.3573     2.5217     42.675    33.6187    26.2820 0.0000e+00
 211.921036     42.883  34.366446     7.3567     2.5244     42.521    33.6189    26.2822 0.0000e+00
 211.921042     42.718  34.363912     7.3555     2.5299     42.357    33.6174    26.2811 0.0000e+00
 211.921047     42.557  34.360392     7.3536     2.5204     42.197    33.6155    26.2799 0.0000e+00
 211.921053     42.409  34.357340     7.3518     2.5272     42.051    33.6140    26.2790 0.0000e+00
 211.921059     42.272  34.354588     7.3513     2.5394     41.915    33.6116    26.2771 0.0000e+00
 211.921065     42.146  34.352930     7.3522     2.5448     41.790    33.6089    26.2749 -9.990e-29
 211.921071     42.028  34.352933     7.3530     2.5379     41.673    33.6082    26.2743 -9.990e-29
 211.921076     41.909  34.353449     7.3531     2.5269     41.555    33.6087    26.2747 -9.990e-29
 211.921082     41.787  34.354017     7.3525     2.5309     41.434    33.6100    26.2757 -9.990e-29
 211.921088     41.663  34.354806     7.3513     2.5363     41.311    33.6121    26.2775 -9.990e-29
 211.921094     41.537  34.355159     7.3503     2.5416     41.186    33.6135    26.2788 0.0000e+00
 211.921100     41.410  34.354396     7.3497     2.5385     41.060    33.6133    26.2787 -9.990e-29
 211.921105     41.286  34.352595     7.3493     2.5327     40.937    33.6118    26.2776 -9.990e-29
 211.921111     41.171  34.350693     7.3487     2.5507     40.823    33.6104    26.2766 -9.990e-29
 211.921117     41.057  34.349497     7.3488     2.5744     40.710    33.6090    26.2755 -9.990e-29
 211.921123     40.937  34.349068     7.3503     2.5980     40.591    33.6072    26.2738 -9.990e-29
 211.921128     40.811  34.349365     7.3519     2.6068     40.466    33.6060    26.2727 0.0000e+00
 211.921134     40.677  34.349636     7.3529     2.6110     40.334    33.6054    26.2720 0.0000e+00
 211.921140     40.534  34.348532     7.3547     2.6267     40.192    33.6025    26.2695 0.0000e+00
 211.921146     40.390  34.346237     7.3586     2.6388     40.049    33.5963    26.2641 0.0000e+00
 211.921152     40.244  34.344154     7.3644     2.6428     39.904    33.5885    26.2571 0.0000e+00
 211.921157     40.093  34.343408     7.3716     2.6354     39.755    33.5808    26.2500 0.0000e+00
 211.921163     39.933  34.345221     7.3803     2.6159     39.596    33.5744    26.2438 0.0000e+00
 211.921169     39.769  34.349179     7.3891     2.6207     39.433    33.5702    26.2393 0.0000e+00
 211.921175     39.607  34.353799     7.3976     2.6084     39.273    33.5671    26.2356 0.0000e+00
 211.921181     39.454  34.359605     7.4077     2.6001     39.121    33.5636    26.2315 0.0000e+00
 211.921186     39.317  34.368141     7.4226     2.5851     38.985    33.5585    26.2254 -9.990e-29
 211.921192     39.196  34.380663     7.4426     2.5834     38.865    33.5528    26.2181 -9.990e-29
 211.921198     39.084  34.394760     7.4608     2.6004     38.754    33.5505    26.2137 -9.990e-29
 211.921204     38.972  34.403950     7.4727     2.6150     38.643    33.5490    26.2108 -9.990e-29
 211.921209     38.854  34.406997     7.4826     2.6203     38.526    33.5428    26.2046 -9.990e-29
 211.921215     38.728  34.407937     7.4928     2.6027     38.401    33.5340    26.1962 0.0000e+00
 211.921221     38.593  34.408559     7.5010     2.5825     38.267    33.5268    26.1894 0.0000e+00
 211.921227     38.449  34.409106     7.5065     2.5836     38.125    33.5222    26.1850 0.0000e+00
 211.921233     38.300  34.410283     7.5105     2.5890     37.977    33.5197    26.1824 0.0000e+00
 211.921238     38.154  34.412510     7.5143     2.5968     37.832    33.5185    26.1809 0.0000e+00
 211.921244     38.015  34.415364     7.5182     2.5809     37.694    33.5179    26.1799 0.0000e+00
 211.921250     37.881  34.418697     7.5220     2.5607     37.561    33.5179    26.1794 0.0000e+00
 211.921256     37.753  34.422437     7.5247     2.5579     37.434    33.5194    26.1801 0.0000e+00
 211.921262     37.628  34.425371     7.5266     2.5631     37.311    33.5208    26.1810 0.0000e+00
 211.921267     37.501  34.426894     7.5291     2.5761     37.185    33.5200    26.1801 -9.990e-29
 211.921273     37.377  34.427888     7.5319     2.5812     37.062    33.5185    26.1784 -9.990e-29
 211.921279     37.262  34.429089     7.5341     2.5808     36.948    33.5177    26.1775 -9.990e-29
 211.921285     37.152  34.430389     7.5355     2.5803     36.839    33.5178    26.1774 -9.990e-29
 211.921291     37.040  34.431250     7.5365     2.5797     36.728    33.5178    26.1773 -9.990e-29
 211.921296     36.923  34.431672     7.5379     2.5883     36.612    33.5170    26.1764 -9.990e-29
 211.921302     36.803  34.432189     7.5397     2.5999     36.493    33.5159    26.1753 -9.990e-29
 211.921308     36.676  34.432902     7.5415     2.5931     36.367    33.5150    26.1743 0.0000e+00
 211.921314     36.535  34.434174     7.5434     2.5873     36.227    33.5146    26.1737 0.0000e+00
 211.921319     36.373  34.436551     7.5457     2.5791     36.066    33.5150    26.1737 0.0000e+00
 211.921325     36.199  34.439809     7.5487     2.5851     35.894    33.5157    26.1739 0.0000e+00
 211.921331     36.027  34.443775     7.5526     2.6017     35.723    33.5163    26.1738 0.0000e+00
 211.921337     35.867  34.449222     7.5594     2.6121     35.565    33.5157    26.1723 0.0000e+00
 211.921343     35.727  34.457216     7.5701     2.6106     35.426    33.5141    26.1695 -9.990e-29
 211.921348     35.605  34.464920     7.5812     2.6018     35.305    33.5118    26.1661 -9.990e-29
 211.921354     35.491  34.468552     7.5890     2.5927     35.192    33.5082    26.1622 -9.990e-29
 211.921360     35.372  34.470120     7.5939     2.5966     35.074    33.5052    26.1592 -9.990e-29
 211.921366     35.240  34.472812     7.5985     2.6089     34.943    33.5038    26.1574 0.0000e+00
 211.921372     35.093  34.477946     7.6044     2.6117     34.797    33.5037    26.1565 0.0000e+00
 211.921377     34.932  34.484483     7.6126     2.5994     34.638    33.5029    26.1547 0.0000e+00
 211.921383     34.762  34.491573     7.6248     2.5792     34.469    33.4989    26.1498 0.0000e+00
 211.921389     34.579  34.500787     7.6412     2.5708     34.288    33.4931    26.1429 0.0000e+00
 211.921395     34.389  34.512038     7.6582     2.5638     34.099    33.4890    26.1372 0.0000e+00
 211.921400     34.210  34.525714     7.6737     2.5776     33.922    33.4889    26.1349 0.0000e+00
 211.921406     34.061  34.541505     7.6871     2.5916     33.774    33.4931    26.1363 -9.990e-29
 211.921412     33.944  34.555190     7.6948     2.5792     33.658    33.5004    26.1410 -9.990e-29
 211.921418     33.844  34.561985     7.6963     2.5792     33.559    33.5064    26.1454 -9.990e-29
 211.921424     33.743  34.561943     7.6970     2.5702     33.459    33.5057    26.1448 -9.990e-29
 211.921429     33.623  34.560594     7.6998     2.6139     33.340    33.5016    26.1412 -9.990e-29
 211.921435     33.475  34.561721     7.7042     2.7303     33.193    33.4986    26.1382 0.0000e+00
 211.921441     33.297  34.565677     7.7105     2.8738     33.016    33.4969    26.1360 0.0000e+00
 211.921447     33.099  34.572659     7.7218     3.0212     32.820    33.4937    26.1318 0.0000e+00
 211.921453     32.894  34.584095     7.7464     3.1171     32.617    33.4824    26.1194 0.0000e+00
 211.921458     32.695  34.605107     7.8020     3.1436     32.420    33.4517    26.0872 0.0000e+00
 211.921464     32.514  34.651339     7.9063     3.1271     32.240    33.4014    26.0326 0.0000e+00
 211.921470     32.362  34.738952     8.0605     3.1044     32.089    33.3480    25.9681 -9.990e-29
 211.921476     32.238  34.846125     8.2197     3.1318     31.966    33.3107    25.9153 -9.990e-29
