data/oxygen options/OCNMS/OCNMS1/raw_data/2014/CAST_TH042_140906faed.cnv
* Sea-Bird SBE19 Data File:
* FileName = C:\2014 Mooring Data\Casts\CAST_TH042_140906.hex
* Software Version 1.59
* Temperature SN = 2997
* Conductivity SN = 2997
* System UpLoad Time = Sep 06 2014 21:10:54
** CAST_TH042_140906
* ds
# nquan = 9                                 
# nvalues = 1223                        
# units = specified
# name 0 = timeJ: Julian Days
# name 1 = prSM: Pressure, Strain Gauge [db]
# name 2 = c0mS/cm: Conductivity [mS/cm]
# name 3 = t090C: Temperature [ITS-90, deg C]
# name 4 = sbeox0ML/L: Oxygen, SBE 43 [ml/l]
# name 5 = depSM: Depth [salt water, m], lat = 47.5
# name 6 = sal00: Salinity, Practical [PSU]
# name 7 = sigma-é00: Density [sigma-theta, kg/m^3]
# name 8 = flag: flag
# span 0 = 249.822002, 249.829074       
# span 1 =     -6.115,     43.547       
# span 2 =   0.368695,  38.654891       
# span 3 =     7.5213,    20.5438       
# span 4 =    -1.6740,    17.4145       
# span 5 =     -6.064,     43.179       
# span 6 =     0.2029,    33.6192       
# span 7 =    -1.6009,    26.2566       
# span 8 = 0.0000e+00, 0.0000e+00       
# interval = seconds: 0.5
# start_time = Sep 06 2014 19:43:41 [Instrument's time stamp, header]
# bad_flag = -9.990e-29
*END*
[from data line 961]
 249.827564     33.638  34.408111     7.5267     2.8519     33.355    33.5039    26.1677 0.0000e+00
 249.827569     33.487  34.395061     7.5267     2.9064     33.205    33.4899    26.1566 0.0000e+00
 249.827575     33.328  34.380535     7.5270     2.9781     33.047    33.4739    26.1441 0.0000e+00
 249.827581     33.169  34.367583     7.5272     3.0392     32.890    33.4598    26.1329 0.0000e+00
 249.827587     33.015  34.358185     7.5263     3.1015     32.737    33.4506    26.1258 0.0000e+00
 249.827593     32.858  34.350466     7.5242     3.1490     32.581    33.4444    26.1212 0.0000e+00
 249.827598     32.688  34.341640     7.5222     3.1701     32.413    33.4368    26.1155 0.0000e+00
 249.827604     32.506  34.330644     7.5213     3.1922     32.232    33.4259    26.1071 0.0000e+00
 249.827610     32.322  34.317082     7.5213     3.1772     32.050    33.4113    26.0956 0.0000e+00
 249.827616     32.150  34.301437     7.5215     3.1715     31.879    33.3943    26.0822 0.0000e+00
 249.827622     31.997  34.287027     7.5217     3.1858     31.727    33.3786    26.0698 0.0000e+00
 249.827627     31.857  34.276012     7.5221     3.1989     31.589    33.3664    26.0601 0.0000e+00
 249.827633     31.721  34.268905     7.5224     3.2186     31.454    33.3585    26.0539 0.0000e+00
 249.827639     31.581  34.264691     7.5227     3.2274     31.315    33.3537    26.0501 0.0000e+00
 249.827645     31.431  34.261166     7.5233     3.2339     31.166    33.3494    26.0466 0.0000e+00
 249.827650     31.276  34.257606     7.5241     3.2576     31.013    33.3448    26.0429 0.0000e+00
 249.827656     31.118  34.253801     7.5254     3.2801     30.856    33.3395    26.0386 0.0000e+00
 249.827662     30.955  34.249774     7.5268     3.3093     30.694    33.3339    26.0340 0.0000e+00
 249.827668     30.786  34.245253     7.5276     3.3290     30.527    33.3283    26.0295 0.0000e+00
 249.827674     30.609  34.240429     7.5283     3.3530     30.351    33.3225    26.0248 0.0000e+00
 249.827679     30.426  34.235652     7.5292     3.3547     30.170    33.3166    26.0200 0.0000e+00
 249.827685     30.241  34.230212     7.5304     3.3639     29.986    33.3097    26.0144 0.0000e+00
 249.827691     30.056  34.225320     7.5317     3.3624     29.803    33.3032    26.0091 0.0000e+00
 249.827697     29.872  34.222356     7.5327     3.3771     29.621    33.2991    26.0058 0.0000e+00
 249.827703     29.694  34.219661     7.5334     3.4168     29.444    33.2956    26.0029 0.0000e+00
 249.827708     29.524  34.216496     7.5338     3.4543     29.275    33.2919    25.9999 0.0000e+00
 249.827714     29.360  34.213176     7.5338     3.5157     29.113    33.2884    25.9972 0.0000e+00
 249.827720     29.195  34.209251     7.5338     3.5599     28.949    33.2843    25.9939 0.0000e+00
 249.827726     29.023  34.204583     7.5337     3.5956     28.779    33.2794    25.9901 0.0000e+00
 249.827731     28.847  34.197484     7.5334     3.6353     28.604    33.2721    25.9844 0.0000e+00
 249.827737     28.667  34.186392     7.5331     3.6512     28.426    33.2605    25.9753 0.0000e+00
 249.827743     28.482  34.173959     7.5325     3.6767     28.242    33.2477    25.9654 0.0000e+00
 249.827749     28.296  34.163297     7.5316     3.7016     28.058    33.2371    25.9572 0.0000e+00
 249.827755     28.118  34.154827     7.5306     3.7179     27.881    33.2290    25.9509 0.0000e+00
 249.827760     27.952  34.148526     7.5294     3.7389     27.717    33.2235    25.9467 0.0000e+00
 249.827766     27.793  34.142772     7.5280     3.7457     27.559    33.2187    25.9431 0.0000e+00
 249.827772     27.642  34.134990     7.5271     3.7706     27.409    33.2112    25.9374 0.0000e+00
 249.827778     27.497  34.126075     7.5269     3.8063     27.266    33.2018    25.9301 0.0000e+00
 249.827784     27.352  34.118775     7.5269     3.8442     27.122    33.1940    25.9239 0.0000e+00
 249.827789     27.204  34.112944     7.5264     3.9016     26.975    33.1883    25.9195 0.0000e+00
 249.827795     27.050  34.107024     7.5258     3.9536     26.822    33.1825    25.9150 0.0000e+00
 249.827801     26.891  34.099902     7.5256     4.0143     26.665    33.1751    25.9092 0.0000e+00
 249.827807     26.728  34.091106     7.5258     4.0635     26.503    33.1655    25.9016 0.0000e+00
 249.827812     26.565  34.081301     7.5264     4.0987     26.342    33.1544    25.8928 0.0000e+00
 249.827818     26.399  34.070930     7.5274     4.1226     26.177    33.1423    25.8832 0.0000e+00
 249.827824     26.232  34.060239     7.5293     4.1500     26.011    33.1290    25.8725 0.0000e+00
 249.827830     26.072  34.050170     7.5317     4.1674     25.853    33.1159    25.8618 0.0000e+00
 249.827836     25.917  34.043056     7.5340     4.1814     25.699    33.1061    25.8538 0.0000e+00
 249.827841     25.760  34.038999     7.5357     4.1981     25.543    33.1002    25.8489 0.0000e+00
 249.827847     25.605  34.033758     7.5369     4.2054     25.390    33.0935    25.8435 0.0000e+00
 249.827853     25.451  34.025443     7.5382     4.2210     25.237    33.0834    25.8353 0.0000e+00
 249.827859     25.292  34.017601     7.5396     4.2366     25.079    33.0736    25.8275 0.0000e+00
 249.827865     25.126  34.012168     7.5409     4.2553     24.915    33.0666    25.8218 0.0000e+00
 249.827870     24.951  34.008119     7.5419     4.2788     24.741    33.0614    25.8175 0.0000e+00
 249.827876     24.770  34.004591     7.5432     4.3021     24.562    33.0564    25.8134 0.0000e+00
 249.827882     24.588  33.999734     7.5447     4.3260     24.381    33.0498    25.8080 0.0000e+00
 249.827888     24.406  33.993292     7.5467     4.3397     24.201    33.0411    25.8008 0.0000e+00
 249.827894     24.221  33.987383     7.5495     4.3420     24.017    33.0321    25.7934 0.0000e+00
 249.827899     24.034  33.983714     7.5527     4.3415     23.832    33.0252    25.7875 0.0000e+00
 249.827905     23.850  33.981366     7.5553     4.3532     23.650    33.0203    25.7833 0.0000e+00
 249.827911     23.676  33.978379     7.5566     4.3570     23.477    33.0159    25.7797 0.0000e+00
 249.827917     23.512  33.975305     7.5575     4.3698     23.314    33.0118    25.7763 0.0000e+00
 249.827922     23.352  33.973145     7.5595     4.3828     23.156    33.0077    25.7728 0.0000e+00
 249.827928     23.192  33.971308     7.5621     4.3588     22.997    33.0033    25.7690 0.0000e+00
 249.827934     23.028  33.969635     7.5647     4.3968     22.835    32.9991    25.7653 0.0000e+00
 249.827940     22.859  33.968187     7.5675     4.4018     22.667    32.9949    25.7616 0.0000e+00
 249.827946     22.687  33.966764     7.5704     4.3947     22.496    32.9907    25.7579 0.0000e+00
 249.827951     22.519  33.965759     7.5733     4.4064     22.330    32.9870    25.7546 0.0000e+00
 249.827957     22.361  33.964443     7.5760     4.3897     22.173    32.9831    25.7511 0.0000e+00
 249.827963     22.215  33.962229     7.5785     4.4084     22.028    32.9784    25.7471 0.0000e+00
 249.827969     22.077  33.960139     7.5809     4.4203     21.892    32.9739    25.7432 0.0000e+00
 249.827975     21.938  33.958800     7.5827     4.4181     21.754    32.9708    25.7405 0.0000e+00
 249.827980     21.794  33.958155     7.5843     4.4204     21.611    32.9687    25.7386 0.0000e+00
 249.827986     21.643  33.957954     7.5865     4.4282     21.461    32.9664    25.7366 0.0000e+00
 249.827992     21.484  33.957973     7.5892     4.4394     21.304    32.9640    25.7342 0.0000e+00
 249.827998     21.317  33.958287     7.5920     4.4543     21.138    32.9617    25.7321 0.0000e+00
 249.828003     21.139  33.958798     7.5956     4.4586     20.962    32.9590    25.7294 0.0000e+00
 249.828009     20.952  33.959672     7.6022     4.4450     20.776    32.9537    25.7243 0.0000e+00
 249.828015     20.761  33.962123     7.6132     4.4327     20.587    32.9460    25.7167 0.0000e+00
 249.828021     20.570  33.967221     7.6295     4.3935     20.397    32.9362    25.7067 0.0000e+00
 249.828027     20.386  33.977883     7.6548     4.3744     20.215    32.9238    25.6933 0.0000e+00
 249.828032     20.212  34.003324     7.6898     4.3503     20.042    32.9181    25.6839 0.0000e+00
 249.828038     20.052  34.039360     7.7352     4.3246     19.884    32.9139    25.6742 0.0000e+00
 249.828044     19.899  34.074049     7.7907     4.3172     19.732    32.8988    25.6544 0.0000e+00
 249.828050     19.747  34.112172     7.8442     4.3018     19.581    32.8892    25.6392 0.0000e+00
 249.828056     19.596  34.150184     7.8925     4.2951     19.432    32.8844    25.6285 0.0000e+00
 249.828061     19.441  34.184396     7.9511     4.2935     19.278    32.8659    25.6055 0.0000e+00
 249.828067     19.275  34.221202     8.0245     4.2762     19.113    32.8363    25.5716 0.0000e+00
 249.828073     19.101  34.259224     8.1024     4.2766     18.941    32.8038    25.5347 0.0000e+00
 249.828079     18.925  34.299274     8.1806     4.2907     18.766    32.7733    25.4993 0.0000e+00
 249.828084     18.749  34.352727     8.2589     4.3112     18.592    32.7569    25.4749 0.0000e+00
 249.828090     18.570  34.427504     8.3439     4.3304     18.414    32.7569    25.4623 0.0000e+00
 249.828096     18.386  34.516748     8.4346     4.3358     18.232    32.7667    25.4564 0.0000e+00
 249.828102     18.197  34.602588     8.5099     4.3435     18.044    32.7872    25.4612 0.0000e+00
 249.828108     18.008  34.656442     8.5608     4.3682     17.857    32.7966    25.4608 0.0000e+00
 249.828113     17.821  34.674981     8.5945     4.4016     17.672    32.7849    25.4465 0.0000e+00
 249.828119     17.636  34.690279     8.6165     4.4342     17.488    32.7806    25.4399 0.0000e+00
 249.828125     17.459  34.718862     8.6301     4.4578     17.313    32.7981    25.4515 0.0000e+00
 249.828131     17.291  34.752314     8.6434     4.4608     17.146    32.8209    25.4673 0.0000e+00
 249.828137     17.126  34.785905     8.6695     4.4721     16.982    32.8319    25.4720 0.0000e+00
 249.828142     16.958  34.822943     8.7070     4.4963     16.816    32.8360    25.4695 0.0000e+00
 249.828148     16.784  34.858425     8.7433     4.5509     16.643    32.8396    25.4667 0.0000e+00
 249.828154     16.602  34.884154     8.7761     4.6236     16.463    32.8361    25.4590 0.0000e+00
 249.828160     16.414  34.903625     8.8083     4.6934     16.276    32.8267    25.4466 0.0000e+00
 249.828166     16.224  34.919844     8.8373     4.7501     16.088    32.8169    25.4345 0.0000e+00
 249.828171     16.038  34.937092     8.8614     4.8056     15.904    32.8127    25.4275 0.0000e+00
 249.828177     15.856  34.961023     8.8840     4.8540     15.723    32.8168    25.4272 0.0000e+00
 249.828183     15.672  34.984314     8.9064     4.8992     15.541    32.8205    25.4266 0.0000e+00
 249.828189     15.482  35.001030     8.9231     4.9415     15.352    32.8225    25.4256 0.0000e+00
 249.828194     15.295  35.011623     8.9325     4.9858     15.167    32.8250    25.4260 0.0000e+00
 249.828200     15.117  35.015118     8.9386     5.0117     14.990    32.8231    25.4236 0.0000e+00
 249.828206     14.945  35.011736     8.9415     5.0200     14.820    32.8169    25.4183 0.0000e+00
 249.828212     14.777  35.004313     8.9410     5.0231     14.653    32.8097    25.4128 0.0000e+00
 249.828218     14.606  34.995908     8.9418     5.0400     14.484    32.8003    25.4053 0.0000e+00
 249.828223     14.425  34.986585     8.9443     5.0762     14.304    32.7884    25.3956 0.0000e+00
 249.828229     14.237  34.976868     8.9446     5.0998     14.118    32.7781    25.3874 0.0000e+00
 249.828235     14.045  34.970124     8.9427     5.1044     13.927    32.7729    25.3837 0.0000e+00
 249.828241     13.856  34.965267     8.9375     5.0966     13.740    32.7727    25.3844 0.0000e+00
 249.828247     13.669  34.954186     8.9269     5.0866     13.554    32.7711    25.3847 0.0000e+00
 249.828252     13.482  34.932817     8.9132     5.0876     13.369    32.7615    25.3793 0.0000e+00
 249.828258     13.296  34.909194     8.9003     5.1194     13.185    32.7489    25.3715 0.0000e+00
 249.828264     13.115  34.892831     8.8879     5.1761     13.005    32.7434    25.3690 0.0000e+00
 249.828270     12.942  34.883281     8.8737     5.2558     12.834    32.7466    25.3738 0.0000e+00
 249.828275     12.768  34.870100     8.8600     5.3267     12.661    32.7456    25.3751 0.0000e+00
 249.828281     12.589  34.845674     8.8536     5.4107     12.484    32.7261    25.3608 0.0000e+00
 249.828287     12.405  34.817319     8.8656     5.4947     12.301    32.6855    25.3272 0.0000e+00
 249.828293     12.216  34.802629     8.9118     5.5637     12.114    32.6278    25.2749 0.0000e+00
 249.828299     12.021  34.820196     9.0066     5.5941     11.920    32.5592    25.2065 0.0000e+00
 249.828304     11.819  34.875320     9.1391     5.5955     11.720    32.4953    25.1358 0.0000e+00
 249.828310     11.615  34.953984     9.2634     5.5768     11.518    32.4635    25.0914 0.0000e+00
 249.828316     11.416  35.029799     9.3393     5.5872     11.320    32.4728    25.0866 0.0000e+00
 249.828322     11.232  35.102888     9.3831     5.6153     11.138    32.5083    25.1073 0.0000e+00
 249.828328     11.064  35.192745     9.4293     5.6419     10.971    32.5587    25.1394 0.0000e+00
 249.828333     10.910  35.269370     9.4734     5.6962     10.819    32.5974    25.1626 0.0000e+00
 249.828339     10.760  35.299701     9.5094     5.7608     10.670    32.5959    25.1556 0.0000e+00
 249.828345     10.604  35.306815     9.5503     5.8351     10.515    32.5660    25.1257 0.0000e+00
 249.828351     10.442  35.322116     9.6032     5.9207     10.355    32.5338    25.0919 0.0000e+00
 249.828356     10.270  35.346950     9.6658     5.9964     10.184    32.5026    25.0574 0.0000e+00
 249.828362     10.092  35.373492     9.7331     6.0821     10.008    32.4690    25.0202 0.0000e+00
 249.828368      9.909  35.407418     9.8094     6.1363      9.826    32.4348    24.9811 0.0000e+00
 249.828374      9.717  35.464251     9.9054     6.1641      9.636    32.4063    24.9431 0.0000e+00
 249.828380      9.518  35.552455    10.0108     6.1840      9.438    32.4012    24.9217 0.0000e+00
 249.828385      9.319  35.645990    10.0867     6.1616      9.241    32.4279    24.9299 0.0000e+00
 249.828391      9.131  35.720319    10.1206     6.1198      9.055    32.4727    24.9592 0.0000e+00
 249.828397      8.958  35.785912    10.1452     6.1060      8.883    32.5170    24.9896 0.0000e+00
 249.828403      8.801  35.852247    10.1791     6.1142      8.727    32.5536    25.0124 0.0000e+00
 249.828409      8.656  35.906206    10.2101     6.1619      8.584    32.5802    25.0280 0.0000e+00
 249.828414      8.513  35.926587    10.2333     6.2403      8.442    32.5800    25.0239 0.0000e+00
 249.828420      8.362  35.918706    10.2615     6.3810      8.292    32.5468    24.9933 0.0000e+00
 249.828426      8.200  35.908567    10.3030     6.5526      8.131    32.4995    24.9493 0.0000e+00
 249.828432      8.027  35.907936    10.3567     6.7042      7.960    32.4509    24.9024 0.0000e+00
 249.828438      7.850  35.913757    10.4179     6.8254      7.784    32.4022    24.8541 0.0000e+00
 249.828443      7.676  35.926524    10.4762     6.8896      7.612    32.3632    24.8137 0.0000e+00
 249.828449      7.505  35.965541    10.5280     6.9372      7.442    32.3563    24.7995 0.0000e+00
 249.828455      7.336  36.036278    10.5769     6.9603      7.275    32.3836    24.8124 0.0000e+00
 249.828461      7.171  36.102301    10.6196     6.9453      7.111    32.4117    24.8269 0.0000e+00
 249.828466      7.003  36.139413    10.6525     6.9370      6.944    32.4196    24.8274 0.0000e+00
 249.828472      6.822  36.156154    10.6759     6.9255      6.765    32.4156    24.8202 0.0000e+00
 249.828478      6.637  36.160283    10.6836     6.9240      6.582    32.4129    24.8168 0.0000e+00
