data/oxygen options/OCNMS/OCNMS1/raw_data/2014/CAST_MB042_141007faed.cnv
* Sea-Bird SBE19 Data File:
* FileName = C:\2014 Mooring Data\Casts\CAST_MB042_141007.hex
* Software Version 1.59
* Temperature SN = 2997
* Conductivity SN = 2997
* System UpLoad Time = Oct 07 2014 19:36:44
** CAST_MB042_141007
* ds
# nquan = 9                                 
# nvalues = 4598                        
# units = specified
# name 0 = timeJ: Julian Days
# name 1 = prSM: Pressure, Strain Gauge [db]
# name 2 = c0mS/cm: Conductivity [mS/cm]
# name 3 = t090C: Temperature [ITS-90, deg C]
# name 4 = sbeox0ML/L: Oxygen, SBE 43 [ml/l]
# name 5 = depSM: Depth [salt water, m], lat = 47.5
# name 6 = sal00: Salinity, Practical [PSU]
# name 7 = sigma-é00: Density [sigma-theta, kg/m^3]
# name 8 = flag: flag
# span 0 = 280.789410, 280.816013       
# span 1 =     -2.073,     44.327       
# span 2 =   0.482292,  40.218609       
# span 3 =     7.9940,    16.1100       
# span 4 =    -1.7880,    18.9579       
# span 5 =     -2.056,     43.952       
# span 6 =     0.2865,    33.2598       
# span 7 =    -0.7855,    25.9083       
# span 8 = 0.0000e+00, 0.0000e+00       
# interval = seconds: 0.5
# start_time = Oct 07 2014 18:56:45 [Instrument's time stamp, header]
# bad_flag = -9.990e-29
*END*
[from data line 1281]
 280.796823      0.283   2.375139    14.7457     6.1822      0.281     1.5469     0.3355 -9.990e-29
 280.796829      0.285   2.333124    14.7478     6.1910      0.283     1.5179     0.3128 -9.990e-29
 280.796834      0.286   2.262003    14.7492     6.1952      0.284     1.4691     0.2749 -9.990e-29
 280.796840      0.289   2.218871    14.7490     6.1871      0.287     1.4396     0.2522 -9.990e-29
 280.796846      0.292   2.268645    14.7475     6.1934      0.290     1.4737     0.2787 -9.990e-29
 280.796852      0.297   2.400898    14.7455     6.1940      0.295     1.5646     0.3491 -9.990e-29
 280.796858      0.303   2.549331    14.7438     6.1973      0.300     1.6670     0.4284 -9.990e-29
 280.796863      0.306   2.650845    14.7433     6.1990      0.303     1.7372     0.4826 -9.990e-29
 280.796869      0.303   2.706662    14.7443     6.1975      0.300     1.7758     0.5123 -9.990e-29
 280.796875      0.297   2.757812    14.7466     6.1912      0.295     1.8112     0.5392 -9.990e-29
 280.796881      0.292   2.749487    14.7496     6.1758      0.290     1.8053     0.5342 -9.990e-29
 280.796887      0.289   2.608246    14.7523     6.1802      0.287     1.7073     0.4582 -9.990e-29
 280.796892      0.286   2.417377    14.7532     6.1905      0.284     1.5756     0.3565 -9.990e-29
 280.796898      0.285   2.332005    14.7528     6.1986      0.283     1.5170     0.3113 -9.990e-29
 280.796904      0.284   2.379658    14.7518     6.2030      0.282     1.5497     0.3367 -9.990e-29
 280.796910      0.283   2.449690    14.7497     6.1994      0.281     1.5980     0.3743 -9.990e-29
 280.796916      0.283   2.463516    14.7471     6.2015      0.281     1.6076     0.3821 -9.990e-29
 280.796921      0.283   2.423434    14.7458     6.1962      0.281     1.5801     0.3611 -9.990e-29
 280.796927      0.284   2.372283    14.7460     6.1986      0.282     1.5449     0.3339 -9.990e-29
 280.796933      0.286   2.382103    14.7469     6.2007      0.284     1.5516     0.3389 -9.990e-29
 280.796939      0.289   2.484352    14.7474     6.2109      0.287     1.6220     0.3931 -9.990e-29
 280.796944      0.292   2.599986    14.7473     6.2158      0.290     1.7018     0.4547 -9.990e-29
 280.796950      0.296   2.604910    14.7466     6.2144      0.294     1.7053     0.4575 -9.990e-29
 280.796956      0.301   2.478975    14.7452     6.2087      0.298     1.6184     0.3907 -9.990e-29
 280.796962      0.309   2.323083    14.7433     6.2004      0.306     1.5112     0.3083 -9.990e-29
 280.796968      0.314   2.218220    14.7405     6.1987      0.311     1.4394     0.2534 -9.990e-29
 280.796973      0.313   2.157016    14.7368     6.1968      0.310     1.3977     0.2217 -9.990e-29
 280.796979      0.310   2.112400    14.7339     6.1977      0.307     1.3674     0.1988 -9.990e-29
 280.796985      0.309   2.101120    14.7327     6.1840      0.306     1.3597     0.1930 -9.990e-29
 280.796991      0.311   2.128169    14.7333     6.1850      0.308     1.3782     0.2072 -9.990e-29
 280.796997      0.314   2.148927    14.7360     6.1963      0.311     1.3922     0.2176 -9.990e-29
 280.797002      0.320   2.139881    14.7397     6.2035      0.317     1.3859     0.2122 -9.990e-29
 280.797008      0.330   2.109003    14.7428     6.2077      0.327     1.3648     0.1954 -9.990e-29
 280.797014      0.338   2.098035    14.7446     6.2055      0.335     1.3572     0.1893 -9.990e-29
 280.797020      0.342   2.151894    14.7450     6.2114      0.339     1.3939     0.2176 -9.990e-29
 280.797025      0.341   2.245015    14.7438     6.2031      0.338     1.4577     0.2669 -9.990e-29
 280.797031      0.336   2.334620    14.7416     6.2151      0.333     1.5192     0.3147 -9.990e-29
 280.797037      0.331   2.418867    14.7389     6.2066      0.328     1.5772     0.3599 -9.990e-29
 280.797043      0.329   2.542749    14.7359     6.2015      0.326     1.6627     0.4263 -9.990e-29
 280.797049      0.327   2.682769    14.7333     6.2017      0.324     1.7598     0.5015 -9.990e-29
 280.797054      0.319   2.682215    14.7314     6.1925      0.316     1.7595     0.5016 -9.990e-29
 280.797060      0.310   2.510856    14.7301     6.1920      0.307     1.6410     0.4104 -9.990e-29
 280.797066      0.303   2.314780    14.7290     6.1938      0.300     1.5060     0.3065 -9.990e-29
 280.797072      0.298   2.203205    14.7280     6.2074      0.296     1.4296     0.2477 -9.990e-29
 280.797078      0.294   2.190250    14.7270     6.2131      0.292     1.4208     0.2410 -9.990e-29
 280.797083      0.292   2.222876    14.7259     6.2131      0.290     1.4432     0.2584 -9.990e-29
 280.797089      0.290   2.227355    14.7251     6.2127      0.288     1.4462     0.2609 -9.990e-29
 280.797095      0.290   2.193113    14.7248     6.2085      0.288     1.4228     0.2429 -9.990e-29
 280.797101      0.290   2.182437    14.7245     6.1962      0.288     1.4155     0.2373 -9.990e-29
 280.797106      0.292   2.226167    14.7234     6.1947      0.290     1.4455     0.2606 -9.990e-29
 280.797112      0.294   2.326408    14.7209     6.2035      0.292     1.5143     0.3141 -9.990e-29
 280.797118      0.298   2.467672    14.7177     6.2099      0.296     1.6117     0.3897 -9.990e-29
 280.797124      0.304   2.570067    14.7150     6.2228      0.301     1.6825     0.4447 -9.990e-29
 280.797130      0.307   2.566981    14.7128     6.2224      0.304     1.6805     0.4435 -9.990e-29
 280.797135      0.303   2.484355    14.7112     6.2223      0.300     1.6235     0.3998 -9.990e-29
 280.797141      0.297   2.401803    14.7111     6.2142      0.295     1.5666     0.3559 -9.990e-29
 280.797147      0.292   2.360078    14.7125     6.2082      0.290     1.5378     0.3335 -9.990e-29
 280.797153      0.288   2.358642    14.7149     6.2012      0.286     1.5367     0.3323 -9.990e-29
 280.797159      0.285   2.433420    14.7176     6.1928      0.283     1.5881     0.3715 -9.990e-29
 280.797164      0.283   2.554443    14.7196     6.2028      0.281     1.6715     0.4355 -9.990e-29
 280.797170      0.281   2.566956    14.7205     6.2142      0.279     1.6801     0.4421 -9.990e-29
 280.797176      0.280   2.426426    14.7204     6.2129      0.278     1.5831     0.3673 -9.990e-29
 280.797182      0.279   2.247128    14.7198     6.2195      0.277     1.4600     0.2723 -9.990e-29
 280.797188      0.278   2.131140    14.7190     6.2183      0.276     1.3807     0.2113 -9.990e-29
 280.797193      0.277   2.096874    14.7185     6.2300      0.275     1.3573     0.1933 -9.990e-29
 280.797199      0.277   2.094192    14.7185     6.2268      0.275     1.3555     0.1919 -9.990e-29
 280.797205      0.276   2.101714    14.7180     6.2102      0.274     1.3606     0.1960 -9.990e-29
 280.797211      0.276   2.172871    14.7162     6.1836      0.274     1.4093     0.2338 -9.990e-29
 280.797216      0.276   2.342441    14.7139     6.1825      0.274     1.5256     0.3239 -9.990e-29
 280.797222      0.276   2.524319    14.7124     6.1955      0.274     1.6510     0.4208 -9.990e-29
 280.797228      0.276   2.566430    14.7127     6.2149      0.274     1.6801     0.4432 -9.990e-29
 280.797234      0.275   2.441441    14.7156     6.2219      0.273     1.5937     0.3761 -9.990e-29
 280.797240      0.275   2.267652    14.7200     6.2203      0.273     1.4740     0.2832 -9.990e-29
 280.797245      0.275   2.135570    14.7244     6.2197      0.273     1.3835     0.2126 -9.990e-29
 280.797251      0.275   2.052171    14.7286     6.2027      0.273     1.3265     0.1680 -9.990e-29
 280.797257      0.276   2.014762    14.7335     6.2106      0.274     1.3009     0.1475 -9.990e-29
 280.797263      0.276   2.066389    14.7386     6.2133      0.274     1.3359     0.1737 -9.990e-29
 280.797269      0.276   2.312613    14.7412     6.2177      0.274     1.5041     0.3031 -9.990e-29
 280.797274      0.276   2.673237    14.7394     6.2123      0.274     1.7529     0.4953 -9.990e-29
 280.797280      0.276   2.847149    14.7334     6.2164      0.274     1.8740     0.5896 -9.990e-29
 280.797286      0.277   2.762367    14.7255     6.2208      0.275     1.8154     0.5456 -9.990e-29
 280.797292      0.277   2.575252    14.7188     6.2257      0.275     1.6859     0.4468 -9.990e-29
 280.797297      0.278   2.425369    14.7144     6.2303      0.276     1.5827     0.3678 -9.990e-29
 280.797303      0.279   2.372782    14.7114     6.2282      0.277     1.5466     0.3404 -9.990e-29
 280.797309      0.280   2.390783    14.7092     6.2262      0.278     1.5590     0.3504 -9.990e-29
 280.797315      0.281   2.429913    14.7084     6.2221      0.279     1.5860     0.3713 -9.990e-29
 280.797321      0.283   2.438834    14.7091     6.2171      0.281     1.5921     0.3759 -9.990e-29
 280.797326      0.285   2.404954    14.7106     6.2159      0.283     1.5687     0.3576 -9.990e-29
 280.797332      0.288   2.348769    14.7126     6.2166      0.286     1.5300     0.3275 -9.990e-29
 280.797338      0.292   2.282184    14.7152     6.2172      0.290     1.4842     0.2917 -9.990e-29
 280.797344      0.297   2.202122    14.7181     6.2137      0.295     1.4292     0.2489 -9.990e-29
 280.797350      0.303   2.104784    14.7208     6.2149      0.300     1.3626     0.1971 -9.990e-29
 280.797355      0.307   2.002284    14.7228     6.2149      0.304     1.2928     0.1428 -9.990e-29
 280.797361      0.304   1.917100    14.7239     6.2114      0.301     1.2349     0.0980 -9.990e-29
 280.797367      0.299   1.882548    14.7248     6.2006      0.297     1.2115     0.0798 -9.990e-29
 280.797373      0.296   1.924895    14.7261     6.2062      0.294     1.2401     0.1017 -9.990e-29
 280.797378      0.294   2.026601    14.7275     6.2137      0.292     1.3091     0.1548 -9.990e-29
 280.797384      0.293   2.130191    14.7288     6.2281      0.291     1.3797     0.2090 -9.990e-29
 280.797390      0.293   2.189046    14.7296     6.2350      0.291     1.4199     0.2399 -9.990e-29
 280.797396      0.294   2.206515    14.7291     6.2165      0.292     1.4318     0.2492 -9.990e-29
 280.797402      0.297   2.225924    14.7279     6.2041      0.295     1.4452     0.2597 -9.990e-29
 280.797407      0.301   2.263134    14.7277     6.2044      0.298     1.4707     0.2794 -9.990e-29
 280.797413      0.306   2.294303    14.7288     6.2148      0.303     1.4920     0.2957 -9.990e-29
 280.797419      0.314   2.330940    14.7309     6.2213      0.311     1.5171     0.3147 -9.990e-29
 280.797425      0.320   2.389059    14.7342     6.2139      0.317     1.5569     0.3449 -9.990e-29
 280.797431      0.320   2.428172    14.7384     6.2101      0.317     1.5836     0.3649 -9.990e-29
 280.797436      0.319   2.391351    14.7420     6.2093      0.316     1.5581     0.3447 -9.990e-29
 280.797442      0.320   2.278474    14.7446     6.2160      0.317     1.4805     0.2845 -9.990e-29
 280.797448      0.325   2.164979    14.7467     6.2204      0.322     1.4028     0.2242 -9.990e-29
 280.797454      0.328   2.145505    14.7483     6.2157      0.325     1.3895     0.2136 -9.990e-29
 280.797459      0.322   2.254185    14.7493     6.2182      0.319     1.4637     0.2708 -9.990e-29
 280.797465      0.305   2.408324    14.7500     6.2085      0.302     1.5695     0.3523 -9.990e-29
 280.797471      0.287   2.479537    14.7504     6.2078      0.285     1.6185     0.3900 -9.990e-29
 280.797477      0.269   2.451470    14.7504     6.2148      0.267     1.5992     0.3751 -9.990e-29
 280.797483      0.251   2.441420    14.7495     6.2203      0.249     1.5923     0.3699 -9.990e-29
 280.797488      0.240   2.517240    14.7471     6.2237      0.238     1.6447     0.4107 -9.990e-29
 280.797494      0.244   2.581335    14.7432     6.2224      0.242     1.6891     0.4455 -9.990e-29
 280.797500      0.255   2.519363    14.7389     6.2305      0.253     1.6465     0.4133 -9.990e-29
 280.797506      0.264   2.370026    14.7357     6.2347      0.262     1.5437     0.3346 -9.990e-29
 280.797512      0.273   2.266456    14.7345     6.2262      0.271     1.4727     0.2799 -9.990e-29
 280.797517      0.281   2.274245    14.7362     6.2267      0.279     1.4780     0.2837 -9.990e-29
 280.797523      0.290   2.370945    14.7414     6.2254      0.288     1.5441     0.3340 -9.990e-29
 280.797529      0.300   2.476796    14.7483     6.2278      0.297     1.6167     0.3889 -9.990e-29
 280.797535      0.311   2.468580    14.7541     6.2311      0.308     1.6108     0.3835 -9.990e-29
 280.797541      0.321   2.325883    14.7572     6.2171      0.318     1.5126     0.3073 -9.990e-29
 280.797546      0.324   2.154514    14.7586     6.2180      0.321     1.3952     0.2165 -9.990e-29
 280.797552      0.323   2.042071    14.7594     6.2183      0.320     1.3186     0.1573 -9.990e-29
 280.797558      0.316   1.996666    14.7600     6.2196      0.313     1.2877     0.1334 -9.990e-29
 280.797564      0.307   1.971112    14.7596     6.2267      0.304     1.2704     0.1200 -9.990e-29
 280.797569      0.300   1.949702    14.7574     6.2269      0.297     1.2560     0.1092 -9.990e-29
 280.797575      0.295   1.965652    14.7544     6.2202      0.293     1.2669     0.1181 -9.990e-29
 280.797581      0.291   2.012963    14.7525     6.2224      0.289     1.2991     0.1432 -9.990e-29
 280.797587      0.288   2.045656    14.7520     6.2217      0.286     1.3213     0.1605 -9.990e-29
 280.797593      0.286   2.053905    14.7525     6.2145      0.284     1.3269     0.1647 -9.990e-29
 280.797598      0.285   2.069852    14.7534     6.2173      0.283     1.3377     0.1729 -9.990e-29
 280.797604      0.284   2.128115    14.7533     6.2208      0.282     1.3774     0.2036 -9.990e-29
 280.797610      0.284   2.212892    14.7515     6.2257      0.282     1.4354     0.2486 -9.990e-29
 280.797616      0.284   2.270277    14.7494     6.2246      0.282     1.4747     0.2793 -9.990e-29
 280.797622      0.285   2.262704    14.7479     6.2249      0.283     1.4696     0.2755 -9.990e-29
 280.797627      0.287   2.190092    14.7465     6.2263      0.285     1.4200     0.2375 -9.990e-29
 280.797633      0.289   2.110885    14.7451     6.2277      0.287     1.3660     0.1960 -9.990e-29
 280.797639      0.293   2.100326    14.7445     6.2259      0.291     1.3588     0.1905 -9.990e-29
 280.797645      0.297   2.174386    14.7446     6.2122      0.295     1.4093     0.2295 -9.990e-29
 280.797650      0.303   2.302712    14.7441     6.2081      0.300     1.4972     0.2974 -9.990e-29
 280.797656      0.311   2.418226    14.7430     6.2246      0.308     1.5766     0.3588 -9.990e-29
 280.797662      0.317   2.423398    14.7425     6.2336      0.314     1.5802     0.3616 -9.990e-29
 280.797668      0.317   2.317892    14.7436     6.2268      0.314     1.5076     0.3055 -9.990e-29
 280.797674      0.315   2.208126    14.7454     6.2272      0.312     1.4324     0.2472 -9.990e-29
 280.797679      0.315   2.149759    14.7465     6.2244      0.312     1.3924     0.2162 -9.990e-29
 280.797685      0.319   2.116163    14.7467     6.2175      0.316     1.3695     0.1985 -9.990e-29
 280.797691      0.320   2.093709    14.7464     6.2272      0.317     1.3542     0.1867 -9.990e-29
 280.797697      0.317   2.116451    14.7452     6.2244      0.314     1.3697     0.1989 -9.990e-29
 280.797703      0.311   2.241419    14.7432     6.2279      0.308     1.4552     0.2651 -9.990e-29
 280.797708      0.308   2.434341    14.7415     6.2314      0.305     1.5877     0.3676 -9.990e-29
 280.797714      0.307   2.523929    14.7405     6.2290      0.304     1.6496     0.4155 -9.990e-29
 280.797720      0.308   2.440414    14.7397     6.2305      0.305     1.5920     0.3712 -9.990e-29
 280.797726      0.311   2.310089    14.7380     6.2327      0.308     1.5025     0.3024 -9.990e-29
 280.797731      0.312   2.258599    14.7350     6.2324      0.309     1.4673     0.2757 -9.990e-29
 280.797737      0.307   2.287411    14.7316     6.2320      0.304     1.4872     0.2915 -9.990e-29
