data/oxygen options/OCNMS/OCNMS1/raw_data/2014/CAST_CA042_140904faedb.cnv
* Sea-Bird SBE19 Data File:
* FileName = C:\2014 Mooring Data\Casts\CAST_CA042_140904.hex
* Software Version 1.59
* Temperature SN = 2997
* Conductivity SN = 2997
* System UpLoad Time = Sep 05 2014 18:04:40
** CAST_CA042_140904
* ds
# nquan = 9
# nvalues = 43                          
# units = specified
# name 0 = timeJ: Julian Days
# name 1 = prSM: Pressure, Strain Gauge [db]
# name 2 = c0mS/cm: Conductivity [mS/cm]
# name 3 = t090C: Temperature [ITS-90, deg C]
# name 4 = sbeox0ML/L: Oxygen, SBE 43 [ml/l]
# name 5 = depSM: Depth [salt water, m], lat = 47.5
# name 6 = sal00: Salinity, Practical [PSU]
# name 7 = sigma-é00: Density [sigma-theta, kg/m^3]
# name 8 = flag: flag
# span 0 = 247.846718, 247.847531       
# span 1 =      1.000,     43.000       
# span 2 =  34.054768,  38.365314       
# span 3 =     7.5174,    13.3394       
# span 4 =     2.1537,     7.9985       
# span 5 =      0.991,     42.637       
# span 6 =    32.1797,    33.6135       
# span 7 =    24.1922,    26.2521       
# span 8 = 0.0000e+00, 0.0000e+00       
# interval = decibars: 1                
# start_time = Sep 04 2014 20:13:10 [Instrument's time stamp, header]
# bad_flag = -9.990e-29
*END*
 247.846718      1.000  38.365314    13.3394     7.7952      0.991    32.2432    24.1922 0.0000e+00
 247.846748      2.000  37.666475    12.6372     7.9985      1.983    32.1797    24.2791 0.0000e+00
 247.846771      3.000  37.504859    12.3630     7.9523      2.975    32.2603    24.3940 0.0000e+00
 247.846789      4.000  37.479065    12.2090     7.5914      3.967    32.3680    24.5065 0.0000e+00
 247.846806      5.000  37.432289    12.1171     7.2182      4.958    32.4022    24.5503 0.0000e+00
 247.846823      6.000  37.401334    12.0372     7.1239      5.950    32.4412    24.5957 0.0000e+00
 247.846841      7.000  37.212214    11.8097     6.9183      6.942    32.4560    24.6492 0.0000e+00
 247.846859      8.000  36.993232    11.5673     6.3652      7.933    32.4545    24.6925 0.0000e+00
 247.846877      9.000  36.780261    11.2638     5.8027      8.925    32.5124    24.7923 0.0000e+00
 247.846893     10.000  36.440822    10.7236     5.1358      9.916    32.6553    24.9987 0.0000e+00
 247.846910     11.000  36.004189    10.2033     4.7435     10.908    32.6843    25.1101 0.0000e+00
 247.846927     12.000  35.176617     9.2385     4.8821     11.900    32.7155    25.2922 0.0000e+00
 247.846944     13.000  34.746467     8.9168     4.9822     12.891    32.5644    25.2245 0.0000e+00
 247.846963     14.000  34.671609     8.8294     4.9775     13.883    32.5663    25.2394 0.0000e+00
 247.846980     15.000  34.529174     8.6477     5.0690     14.874    32.5840    25.2811 0.0000e+00
 247.846998     16.000  34.340421     8.3924     5.1433     15.866    32.6211    25.3485 0.0000e+00
 247.847016     17.000  34.235755     8.2989     5.1826     16.857    32.5968    25.3434 0.0000e+00
 247.847035     18.000  34.226935     8.2615     5.1368     17.849    32.6217    25.3684 0.0000e+00
 247.847053     19.000  34.229420     8.2316     5.0694     18.841    32.6517    25.3964 0.0000e+00
 247.847070     20.000  34.283220     8.2161     4.9615     19.832    32.7226    25.4543 0.0000e+00
 247.847088     21.000  34.198328     8.0590     4.8431     20.824    32.7788    25.5214 0.0000e+00
 247.847106     22.000  34.065631     7.8833     4.7427     21.815    32.8016    25.5648 0.0000e+00
 247.847126     23.000  34.054768     7.8485     4.6977     22.807    32.8222    25.5860 0.0000e+00
 247.847146     24.000  34.077112     7.8585     4.6022     23.798    32.8362    25.5956 0.0000e+00
 247.847164     25.000  34.135348     7.9039     4.4790     24.790    32.8553    25.6040 0.0000e+00
 247.847183     26.000  34.253425     7.9725     4.4993     25.781    32.9164    25.6421 0.0000e+00
 247.847203     27.000  34.242877     7.9454     4.4221     26.773    32.9302    25.6568 0.0000e+00
 247.847221     28.000  34.198163     7.8787     4.0638     27.765    32.9449    25.6780 0.0000e+00
 247.847240     29.000  34.131790     7.7303     3.6732     28.756    33.0136    25.7533 0.0000e+00
 247.847259     30.000  34.114228     7.6048     3.1411     29.748    33.1135    25.8496 0.0000e+00
 247.847277     31.000  34.152969     7.5385     2.6643     30.739    33.2182    25.9413 0.0000e+00
 247.847296     32.000  34.281727     7.5174     2.5741     31.730    33.3770    26.0692 0.0000e+00
 247.847316     33.000  34.347856     7.5264     2.1537     32.722    33.4394    26.1169 0.0000e+00
 247.847335     34.000  34.447381     7.5343     2.1733     33.713    33.5389    26.1941 0.0000e+00
 247.847354     35.000  34.509090     7.5439     2.2865     34.705    33.5958    26.2375 0.0000e+00
 247.847374     36.000  34.519577     7.5453     2.3418     35.696    33.6053    26.2448 0.0000e+00
 247.847395     37.000  34.522863     7.5438     2.3639     36.688    33.6099    26.2486 0.0000e+00
 247.847415     38.000  34.527322     7.5455     2.3521     37.679    33.6125    26.2505 0.0000e+00
 247.847433     39.000  34.522798     7.5395     2.3595     38.671    33.6130    26.2517 0.0000e+00
 247.847452     40.000  34.523825     7.5400     2.3578     39.662    33.6132    26.2518 0.0000e+00
 247.847474     41.000  34.524438     7.5406     2.3449     40.654    33.6127    26.2513 0.0000e+00
 247.847500     42.000  34.524823     7.5397     2.3466     41.645    33.6135    26.2521 0.0000e+00
 247.847531     43.000  34.526512     7.5411     2.3501     42.637    33.6135    26.2519 0.0000e+00
