data/oxygen options/OCNMS/OCNMS1/raw_data/2014/CAST_KL050_140906faed.cnv
* Sea-Bird SBE19 Data File:
* FileName = C:\2014 Mooring Data\Casts\CAST_KL050_140906.hex
* Software Version 1.59
* Temperature SN = 2997
* Conductivity SN = 2997
* System UpLoad Time = Sep 06 2014 00:35:05
** CAST_KL050_140906
* ds
# nquan = 9                                 
# nvalues = 1314                        
# units = specified
# name 0 = timeJ: Julian Days
# name 1 = prSM: Pressure, Strain Gauge [db]
# name 2 = c0mS/cm: Conductivity [mS/cm]
# name 3 = t090C: Temperature [ITS-90, deg C]
# name 4 = sbeox0ML/L: Oxygen, SBE 43 [ml/l]
# name 5 = depSM: Depth [salt water, m], lat = 47.5
# name 6 = sal00: Salinity, Practical [PSU]
# name 7 = sigma-é00: Density [sigma-theta, kg/m^3]
# name 8 = flag: flag
# span 0 = 249.015509, 249.023108       
# span 1 =     -5.641,     50.874       
# span 2 =   0.422007,  39.853964       
# span 3 =     7.4860,    16.2796       
# span 4 =    -1.7799,    17.7811       
# span 5 =     -5.594,     50.443       
# span 6 =     0.2466,    33.6994       
# span 7 =    -0.9055,    26.3272       
# span 8 = 0.0000e+00, 0.0000e+00       
# interval = seconds: 0.5
# start_time = Sep 06 2014 00:22:20 [Instrument's time stamp, header]
# bad_flag = -9.990e-29
*END*
[from data line 321]
 249.017367     -1.089   0.437311    16.0961     6.4785     -1.080     0.2566    -0.8730 -9.990e-29
 249.017373     -1.084   0.436365    16.1018     6.4825     -1.075     0.2560    -0.8744 -9.990e-29
 249.017378     -1.079   0.435596    16.1019     6.4775     -1.070     0.2555    -0.8747 -9.990e-29
 249.017384     -1.074   0.435090    16.0990     6.4764     -1.065     0.2552    -0.8745 -9.990e-29
 249.017390     -1.069   0.435285    16.0967     6.4761     -1.060     0.2553    -0.8740 -9.990e-29
 249.017396     -1.065   0.436440    16.0954     6.4773     -1.056     0.2560    -0.8732 -9.990e-29
 249.017402     -1.060   0.437874    16.0952     6.4823     -1.051     0.2569    -0.8725 -9.990e-29
 249.017407     -1.054   0.438718    16.0978     6.4818     -1.045     0.2574    -0.8726 -9.990e-29
 249.017413     -1.047   0.438987    16.1027     6.4811     -1.038     0.2575    -0.8733 -9.990e-29
 249.017419     -1.043   0.439040    16.1072     6.4810     -1.034     0.2575    -0.8740 -9.990e-29
 249.017425     -1.046   0.438947    16.1079     6.4807     -1.037     0.2575    -0.8742 -9.990e-29
 249.017431     -1.051   0.438587    16.1041     6.4881     -1.042     0.2573    -0.8737 -9.990e-29
 249.017436     -1.054   0.438034    16.0967     6.4894     -1.045     0.2570    -0.8727 -9.990e-29
 249.017442     -1.057   0.437664    16.0857     6.4904     -1.048     0.2568    -0.8710 -9.990e-29
 249.017448     -1.059   0.437541    16.0731     6.4893     -1.050     0.2568    -0.8690 -9.990e-29
 249.017454     -1.059   0.437501    16.0647     6.4865     -1.050     0.2569    -0.8676 -9.990e-29
 249.017459     -1.059   0.437491    16.0628     6.4861     -1.050     0.2569    -0.8673 -9.990e-29
 249.017465     -1.058   0.437500    16.0643     6.4868     -1.049     0.2569    -0.8675 -9.990e-29
 249.017471     -1.057   0.437538    16.0662     6.4884     -1.048     0.2569    -0.8678 -9.990e-29
 249.017477     -1.054   0.437659    16.0679     6.4885     -1.045     0.2569    -0.8680 -9.990e-29
 249.017483     -1.050   0.438025    16.0694     6.4867     -1.041     0.2572    -0.8681 -9.990e-29
 249.017488     -1.045   0.438567    16.0692     6.4855     -1.036     0.2575    -0.8678 -9.990e-29
 249.017494     -1.038   0.438897    16.0664     6.4920     -1.029     0.2577    -0.8672 -9.990e-29
 249.017500     -1.029   0.438897    16.0622     6.4937     -1.020     0.2577    -0.8665 -9.990e-29
 249.017506     -1.017   0.438568    16.0586     6.4926     -1.009     0.2576    -0.8660 -9.990e-29
 249.017512     -1.006   0.438030    16.0556     6.4908     -0.998     0.2572    -0.8658 -9.990e-29
 249.017517     -0.999   0.437677    16.0514     6.4853     -0.991     0.2571    -0.8653 -9.990e-29
 249.017523     -0.992   0.437595    16.0475     6.4766     -0.984     0.2570    -0.8646 -9.990e-29
 249.017529     -0.980   0.437677    16.0482     6.4741     -0.972     0.2571    -0.8647 -9.990e-29
 249.017535     -0.967   0.438032    16.0544     6.4729     -0.959     0.2573    -0.8656 -9.990e-29
 249.017541     -0.955   0.438579    16.0624     6.4817     -0.947     0.2575    -0.8667 -9.990e-29
 249.017546     -0.945   0.438934    16.0693     6.4869     -0.937     0.2577    -0.8677 -9.990e-29
 249.017552     -0.934   0.439016    16.0749     6.4866     -0.926     0.2577    -0.8686 -9.990e-29
 249.017558     -0.924   0.438934    16.0803     6.4850     -0.916     0.2576    -0.8695 -9.990e-29
 249.017564     -0.913   0.438581    16.0868     6.4815     -0.905     0.2574    -0.8708 -9.990e-29
 249.017569     -0.900   0.438043    16.0949     6.4813     -0.892     0.2570    -0.8724 -9.990e-29
 249.017575     -0.890   0.437715    16.1028     6.4807     -0.883     0.2568    -0.8739 -9.990e-29
 249.017581     -0.884   0.437715    16.1096     6.4804     -0.877     0.2567    -0.8750 -9.990e-29
 249.017587     -0.884   0.438044    16.1158     6.4800     -0.877     0.2569    -0.8759 -9.990e-29
 249.017593     -0.889   0.438586    16.1206     6.4800     -0.882     0.2572    -0.8765 -9.990e-29
 249.017598     -0.895   0.438951    16.1237     6.4792     -0.888     0.2574    -0.8769 -9.990e-29
 249.017604     -0.899   0.439071    16.1252     6.4860     -0.891     0.2574    -0.8771 -9.990e-29
 249.017610     -0.900   0.439107    16.1256     6.4870     -0.892     0.2575    -0.8771 -9.990e-29
 249.017616     -0.899   0.439108    16.1259     6.4884     -0.891     0.2575    -0.8772 -9.990e-29
 249.017622     -0.899   0.439074    16.1273     6.4944     -0.891     0.2574    -0.8774 -9.990e-29
 249.017627     -0.902   0.438962    16.1300     6.4844     -0.894     0.2574    -0.8779 -9.990e-29
 249.017633     -0.902   0.438621    16.1327     6.4818     -0.894     0.2571    -0.8785 -9.990e-29
 249.017639     -0.899   0.438151    16.1353     6.4869     -0.891     0.2568    -0.8792 -9.990e-29
 249.017645     -0.890   0.438037    16.1386     6.4859     -0.883     0.2567    -0.8798 -9.990e-29
 249.017650     -0.874   0.438127    16.1428     6.4904     -0.867     0.2568    -0.8805 -9.990e-29
 249.017656     -0.858   0.437985    16.1470     6.4919     -0.851     0.2567    -0.8812 -9.990e-29
 249.017662     -0.846   0.437975    16.1487     6.4809     -0.839     0.2566    -0.8815 -9.990e-29
 249.017668     -0.837   0.438085    16.1475     6.4783     -0.830     0.2567    -0.8813 -9.990e-29
 249.017674     -0.829   0.437905    16.1469     6.4843     -0.822     0.2566    -0.8813 -9.990e-29
 249.017679     -0.823   0.437751    16.1492     6.4850     -0.816     0.2565    -0.8817 -9.990e-29
 249.017685     -0.819   0.437972    16.1534     6.4859     -0.812     0.2566    -0.8823 -9.990e-29
 249.017691     -0.815   0.438308    16.1577     6.4868     -0.808     0.2568    -0.8829 -9.990e-29
 249.017697     -0.812   0.438093    16.1590     6.4876     -0.805     0.2567    -0.8832 -9.990e-29
 249.017703     -0.810   0.437040    16.1539     6.4913     -0.803     0.2561    -0.8829 -9.990e-29
 249.017708     -0.809   0.435412    16.1454     6.4999     -0.802     0.2551    -0.8822 -9.990e-29
 249.017714     -0.807   0.433818    16.1419     6.5079     -0.800     0.2542    -0.8823 -9.990e-29
 249.017720     -0.806   0.432911    16.1462     6.5088     -0.799     0.2536    -0.8835 -9.990e-29
 249.017726     -0.805   0.432593    16.1564     6.5065     -0.798     0.2534    -0.8853 -9.990e-29
 249.017731     -0.805   0.432440    16.1687     6.4936     -0.798     0.2532    -0.8875 -9.990e-29
 249.017737     -0.804   0.432246    16.1738     6.4883     -0.797     0.2531    -0.8885 -9.990e-29
 249.017743     -0.804   0.431754    16.1642     6.4808     -0.797     0.2528    -0.8871 -9.990e-29
 249.017749     -0.803   0.430862    16.1443     6.4875     -0.796     0.2524    -0.8841 -9.990e-29
 249.017755     -0.802   0.430049    16.1260     6.4926     -0.795     0.2520    -0.8814 -9.990e-29
 249.017760     -0.802   0.429897    16.1177     6.4941     -0.795     0.2520    -0.8800 -9.990e-29
 249.017766     -0.801   0.430205    16.1187     6.4948     -0.794     0.2522    -0.8801 -9.990e-29
 249.017772     -0.800   0.430270    16.1229     6.4917     -0.793     0.2522    -0.8807 -9.990e-29
 249.017778     -0.799   0.429621    16.1258     6.4901     -0.792     0.2518    -0.8815 -9.990e-29
 249.017784     -0.798   0.428503    16.1267     6.4888     -0.791     0.2511    -0.8822 -9.990e-29
 249.017789     -0.796   0.427650    16.1270     6.4972     -0.789     0.2506    -0.8827 -9.990e-29
 249.017795     -0.795   0.427036    16.1285     6.4974     -0.788     0.2502    -0.8832 -9.990e-29
 249.017801     -0.792   0.426398    16.1316     6.5038     -0.785     0.2498    -0.8840 -9.990e-29
 249.017807     -0.789   0.425996    16.1352     6.4966     -0.782     0.2495    -0.8848 -9.990e-29
 249.017812     -0.785   0.425850    16.1391     6.4897     -0.778     0.2494    -0.8855 -9.990e-29
 249.017818     -0.780   0.425765    16.1433     6.4855     -0.773     0.2493    -0.8863 -9.990e-29
 249.017824     -0.774   0.425626    16.1478     6.4825     -0.768     0.2492    -0.8871 -9.990e-29
 249.017830     -0.769   0.425246    16.1537     6.4831     -0.763     0.2490    -0.8883 -9.990e-29
 249.017836     -0.772   0.424675    16.1593     6.4800     -0.766     0.2486    -0.8895 -9.990e-29
 249.017841     -0.776   0.424262    16.1640     6.4852     -0.770     0.2483    -0.8905 -9.990e-29
 249.017847     -0.779   0.424012    16.1702     6.4783     -0.773     0.2481    -0.8917 -9.990e-29
 249.017853     -0.780   0.423592    16.1768     6.4755     -0.773     0.2478    -0.8930 -9.990e-29
 249.017859     -0.780   0.422997    16.1831     6.4718     -0.773     0.2475    -0.8943 -9.990e-29
 249.017865     -0.778   0.422545    16.1927     6.4761     -0.772     0.2471    -0.8961 -9.990e-29
 249.017870     -0.775   0.422188    16.2060     5.4058     -0.769     0.2468    -0.8986 -9.990e-29
 249.017876     -0.770   0.422007    16.2214     5.5299     -0.764     0.2466    -0.9013 -9.990e-29
 249.017882     -0.762   0.422870    16.2395     5.5989     -0.756     0.2470    -0.9040 -9.990e-29
 249.017888     -0.753   0.426483    16.2582     5.6191     -0.747     0.2491    -0.9055 -9.990e-29
 249.017894     -0.740   0.437664    16.2728     5.6795     -0.734     0.2557    -0.9028 -9.990e-29
 249.017899     -0.723   0.471875    16.2796     5.7727     -0.717     0.2762    -0.8881 -9.990e-29
 249.017905     -0.701   0.576399    16.2735     5.6786     -0.695     0.3394    -0.8383 -9.990e-29
 249.017911     -0.672   0.892267    16.2334     5.2468     -0.666     0.5343    -0.6814 -9.990e-29
 249.017917     -0.635   1.840638    16.0896     5.7386     -0.630     1.1436    -0.1884 -9.990e-29
 249.017922     -0.588   4.684892    15.6449     6.9766     -0.583     3.1076     1.3938 -9.990e-29
 249.017928     -0.531  13.217368    14.8615     8.1943     -0.527     9.6509     6.5396 -9.990e-29
 249.017934     -0.470  26.040284    14.1341     8.9180     -0.466    20.5819    15.0519 -9.990e-29
 249.017940     -0.404  34.652567    13.7669     8.7369     -0.401    28.4753    21.1971 -9.990e-29
 249.017946     -0.335  37.605475    13.6629     8.1720     -0.332    31.2667    23.3719 -9.990e-29
 249.017951     -0.266  38.600247    13.6345     7.6432     -0.264    32.2125    24.1082 -9.990e-29
 249.017957     -0.197  38.785778    13.6059     7.2621     -0.195    32.4092    24.2660 -9.990e-29
 249.017963     -0.123  38.760401    13.5970     6.9755     -0.122    32.3931    24.2554 -9.990e-29
 249.017969     -0.045  38.925467    13.6205     6.7745     -0.045    32.5268    24.3539 -9.990e-29
 249.017975      0.034  39.155216    13.6516     6.7158      0.034    32.7142    24.4924 -9.990e-29
 249.017980      0.111  39.275366    13.6709     6.8749      0.110    32.8095    24.5622 -9.990e-29
 249.017986      0.182  39.309133    13.6807     7.2047      0.180    32.8325    24.5780 -9.990e-29
 249.017992      0.246  39.297085    13.7029     7.5170      0.244    32.8022    24.5501 -9.990e-29
 249.017998      0.305  39.291700    13.7514     7.6281      0.302    32.7557    24.5042 -9.990e-29
 249.018003      0.353  39.315025    13.8135     7.5029      0.350    32.7243    24.4673 -9.990e-29
 249.018009      0.388  39.354951    13.8720     7.2411      0.385    32.7114    24.4453 -9.990e-29
 249.018015      0.414  39.396801    13.9212     7.0159      0.411    32.7082    24.4328 -9.990e-29
 249.018021      0.431  39.445876    13.9604     6.8519      0.427    32.7202    24.4340 -9.990e-29
 249.018027      0.445  39.515987    13.9812     6.7087      0.441    32.7673    24.4661 -9.990e-29
 249.018032      0.462  39.584407    13.9839     6.6035      0.458    32.8283    24.5126 -9.990e-29
 249.018038      0.478  39.625030    13.9754     6.5392      0.474    32.8731    24.5490 -9.990e-29
 249.018044      0.489  39.644316    13.9537     6.5292      0.485    32.9095    24.5816 -9.990e-29
 249.018050      0.497  39.651162    13.9197     6.5525      0.493    32.9450    24.6160 -9.990e-29
 249.018056      0.503  39.647985    13.8828     6.5669      0.499    32.9737    24.6458 -9.990e-29
 249.018061      0.505  39.626642    13.8539     6.5751      0.501    32.9788    24.6556 -9.990e-29
 249.018067      0.505  39.608118    13.8376     6.5295      0.501    32.9756    24.6565 -9.990e-29
 249.018073      0.507  39.614909    13.8338     6.4733      0.503    32.9852    24.6646 -9.990e-29
 249.018079      0.515  39.615660    13.8364     6.3792      0.511    32.9836    24.6629 -9.990e-29
 249.018084      0.525  39.583317    13.8340     6.2707      0.521    32.9556    24.6418 -9.990e-29
 249.018090      0.534  39.544985    13.8238     6.2155      0.530    32.9288    24.6232 -9.990e-29
 249.018096      0.543  39.545614    13.8106     6.2423      0.538    32.9407    24.6351 -9.990e-29
 249.018102      0.551  39.586635    13.8052     6.2781      0.546    32.9835    24.6692 -9.990e-29
 249.018108      0.560  39.636846    13.8319     6.3104      0.555    33.0071    24.6820 -9.990e-29
 249.018113      0.566  39.678424    13.8916     6.3735      0.561    32.9944    24.6599 -9.990e-29
 249.018119      0.564  39.714040    13.9470     6.4254      0.559    32.9798    24.6372 -9.990e-29
 249.018125      0.560  39.742359    13.9801     6.4704      0.555    32.9776    24.6287 -9.990e-29
 249.018131      0.557  39.755132    14.0073     6.4439      0.552    32.9661    24.6142 -9.990e-29
 249.018137      0.554  39.741912    14.0393     6.3897      0.549    32.9265    24.5770 -9.990e-29
 249.018142      0.553  39.707570    14.0717     6.3151      0.548    32.8671    24.5244 -9.990e-29
 249.018148      0.551  39.701257    14.0959     6.2271      0.546    32.8406    24.4989 -9.990e-29
 249.018154      0.550  39.732564    14.1104     6.1484      0.545    32.8571    24.5087 -9.990e-29
 249.018160      0.550  39.753974    14.1196     6.0922      0.545    32.8690    24.5160 -9.990e-29
 249.018166      0.545  39.769360    14.1254     6.0696      0.540    32.8782    24.5219 -9.990e-29
 249.018171      0.533  39.790281    14.1282     6.0710      0.529    32.8951    24.5343 -9.990e-29
 249.018177      0.515  39.796925    14.1262     6.0895      0.511    32.9030    24.5408 -9.990e-29
 249.018183      0.504  39.798743    14.1182     6.1348      0.500    32.9115    24.5490 -9.990e-29
 249.018189      0.507  39.812231    14.1072     6.2353      0.503    32.9333    24.5682 -9.990e-29
 249.018194      0.516  39.825075    14.0948     6.3017      0.512    32.9558    24.5881 -9.990e-29
 249.018200      0.524  39.826911    14.0840     6.2771      0.520    32.9667    24.5988 -9.990e-29
 249.018206      0.531  39.823582    14.0818     6.2064      0.527    32.9655    24.5983 -9.990e-29
 249.018212      0.537  39.828085    14.0874     6.1414      0.533    32.9649    24.5967 -9.990e-29
 249.018218      0.542  39.845328    14.0910     6.0904      0.537    32.9777    24.6058 -9.990e-29
 249.018223      0.547  39.853964    14.0846     6.0358      0.542    32.9912    24.6175 -9.990e-29
 249.018229      0.553  39.843077    14.0626     5.9448      0.548    33.0000    24.6289 -9.990e-29
 249.018235      0.559  39.825138    14.0099     5.8563      0.554    33.0286    24.6619 -9.990e-29
 249.018241      0.565  39.814444    13.9258     5.7830      0.560    33.0910    24.7275 -9.990e-29
 249.018247      0.574  39.820914    13.8609     5.7172      0.569    33.1530    24.7888 -9.990e-29
 249.018252      0.584  39.826799    13.8614     5.6784      0.579    33.1581    24.7926 -9.990e-29
 249.018258      0.592  39.813559    13.9044     5.6345      0.587    33.1086    24.7455 -9.990e-29
 249.018264      0.595  39.804550    13.9447     5.6130      0.590    33.0656    24.7040 -9.990e-29
 249.018270      0.597  39.813064    13.9701     5.6484      0.592    33.0516    24.6879 -9.990e-29
 249.018275      0.602  39.820169    13.9870     5.6805      0.597    33.0437    24.6783 -9.990e-29
 249.018281      0.606  39.816281    14.0020     5.6993      0.601    33.0272    24.6625 -9.990e-29
