data/oxygen options/OCNMS/OCNMS1/raw_data/2014/CAST_KL027_141008faed.cnv
* Sea-Bird SBE19 Data File:
* FileName = C:\2014 Mooring Data\Casts\CAST_KL027_141008.hex
* Software Version 1.59
* Temperature SN = 2997
* Conductivity SN = 2997
* System UpLoad Time = Oct 08 2014 20:42:25
** CAST_KL027_141008
* ds
# nquan = 9                                 
# nvalues = 1428                        
# units = specified
# name 0 = timeJ: Julian Days
# name 1 = prSM: Pressure, Strain Gauge [db]
# name 2 = c0mS/cm: Conductivity [mS/cm]
# name 3 = t090C: Temperature [ITS-90, deg C]
# name 4 = sbeox0ML/L: Oxygen, SBE 43 [ml/l]
# name 5 = depSM: Depth [salt water, m], lat = 47.5
# name 6 = sal00: Salinity, Practical [PSU]
# name 7 = sigma-é00: Density [sigma-theta, kg/m^3]
# name 8 = flag: flag
# span 0 = 281.711505, 281.719763       
# span 1 =     -5.088,     28.725       
# span 2 =   0.042742,  39.706354       
# span 3 =     9.1061,    15.6284       
# span 4 =    -1.8074,    21.0614       
# span 5 =     -5.046,     28.483       
# span 6 =     0.0285,    32.8550       
# span 7 =    -0.8356,    25.4184       
# span 8 = 0.0000e+00, 0.0000e+00       
# interval = seconds: 0.5
# start_time = Oct 08 2014 17:04:34 [Instrument's time stamp, header]
# bad_flag = -9.990e-29
*END*
[from data line 481]
 281.714288     -0.064   0.096621    14.7271     7.4818     -0.063     0.0589    -0.8125 -9.990e-29
 281.714294     -0.069   0.092826    14.7329     7.4779     -0.068     0.0567    -0.8150 -9.990e-29
 281.714300     -0.074   0.090190    14.7394     7.4802     -0.073     0.0552    -0.8172 -9.990e-29
 281.714306     -0.076   0.088534    14.7455     7.4843     -0.075     0.0542    -0.8188 -9.990e-29
 281.714311     -0.075   0.087502    14.7497     7.4832     -0.074     0.0536    -0.8199 -9.990e-29
 281.714317     -0.070   0.086830    14.7506     7.4916     -0.069     0.0532    -0.8203 -9.990e-29
 281.714323     -0.066   0.086363    14.7490     7.4862     -0.065     0.0530    -0.8203 -9.990e-29
 281.714329     -0.062   0.086035    14.7464     7.4848     -0.061     0.0528    -0.8201 -9.990e-29
 281.714334     -0.053   0.085595    14.7440     7.4837     -0.053     0.0525    -0.8199 -9.990e-29
 281.714340     -0.044   0.085012    14.7423     7.4827     -0.044     0.0522    -0.8199 -9.990e-29
 281.714346     -0.038   0.084621    14.7412     7.4873     -0.038     0.0520    -0.8199 -9.990e-29
 281.714352     -0.035   0.084458    14.7405     7.4870     -0.035     0.0519    -0.8199 -9.990e-29
 281.714358     -0.034   0.084303    14.7410     7.4867     -0.034     0.0518    -0.8200 -9.990e-29
 281.714363     -0.036   0.083953    14.7419     7.4949     -0.036     0.0516    -0.8203 -9.990e-29
 281.714369     -0.036   0.083496    14.7413     7.4887     -0.036     0.0513    -0.8204 -9.990e-29
 281.714375     -0.030   0.083435    14.7386     7.4885     -0.030     0.0513    -0.8201 -9.990e-29
 281.714381     -0.023   0.083689    14.7348     7.4887     -0.023     0.0514    -0.8194 -9.990e-29
 281.714387     -0.016   0.083485    14.7303     7.4885     -0.016     0.0513    -0.8188 -9.990e-29
 281.714392     -0.012   0.082551    14.7260     7.4850     -0.012     0.0508    -0.8186 -9.990e-29
 281.714398     -0.008   0.081312    14.7234     7.4920     -0.008     0.0501    -0.8187 -9.990e-29
 281.714404     -0.005   0.080339    14.7228     7.4942     -0.005     0.0495    -0.8191 -9.990e-29
 281.714410     -0.003   0.080001    14.7230     7.4957     -0.003     0.0493    -0.8193 -9.990e-29
 281.714416     -0.001   0.079848    14.7222     7.5055     -0.001     0.0493    -0.8192 -9.990e-29
 281.714421      0.000   0.079121    14.7187     7.4952      0.000     0.0488    -0.8190 -9.990e-29
 281.714427      0.001   0.077962    14.7109     7.5012      0.001     0.0482    -0.8184 -9.990e-29
 281.714433      0.002   0.077052    14.7006     7.4936      0.002     0.0477    -0.8173 -9.990e-29
 281.714439      0.003   0.076843    14.6916     7.4902      0.003     0.0476    -0.8160 -9.990e-29
 281.714444      0.003   0.077059    14.6853     7.4926      0.003     0.0477    -0.8150 -9.990e-29
 281.714450      0.003   0.076875    14.6815     7.4924      0.003     0.0476    -0.8145 -9.990e-29
 281.714456      0.003   0.076048    14.6801     7.4979      0.003     0.0471    -0.8147 -9.990e-29
 281.714462      0.003   0.075142    14.6808     7.4989      0.003     0.0466    -0.8152 -9.990e-29
 281.714468      0.003   0.074618    14.6822     7.4996      0.003     0.0463    -0.8156 -9.990e-29
 281.714473      0.003   0.074333    14.6830     7.5004      0.003     0.0461    -0.8159 -9.990e-29
 281.714479      0.003   0.073907    14.6825     7.5013      0.003     0.0459    -0.8160 -9.990e-29
 281.714485      0.002   0.073328    14.6803     7.5018      0.002     0.0456    -0.8159 -9.990e-29
 281.714491      0.001   0.072938    14.6767     7.5020      0.001     0.0454    -0.8155 -9.990e-29
 281.714497      0.000   0.072771    14.6714     7.5016      0.000     0.0453    -0.8148 -9.990e-29
 281.714502     -0.001   0.072604    14.6641     7.5018     -0.001     0.0452    -0.8138 -9.990e-29
 281.714508     -0.002   0.072218    14.6563     7.5019     -0.002     0.0450    -0.8129 -9.990e-29
 281.714514     -0.005   0.071652    14.6496     7.5016     -0.005     0.0446    -0.8121 -9.990e-29
 281.714520     -0.007   0.071266    14.6440     7.4933     -0.007     0.0444    -0.8115 -9.990e-29
 281.714525     -0.011   0.071101    14.6390     7.4988     -0.011     0.0443    -0.8108 -9.990e-29
 281.714531     -0.015   0.070936    14.6347     7.5001     -0.015     0.0442    -0.8102 -9.990e-29
 281.714537     -0.021   0.070551    14.6317     7.5107     -0.021     0.0440    -0.8100 -9.990e-29
 281.714543     -0.029   0.069990    14.6302     7.5078     -0.029     0.0437    -0.8100 -9.990e-29
 281.714549     -0.039   0.069618    14.6299     7.5025     -0.039     0.0435    -0.8101 -9.990e-29
 281.714554     -0.047   0.069493    14.6300     7.5094     -0.047     0.0434    -0.8102 -9.990e-29
 281.714560     -0.050   0.069450    14.6302     7.5019     -0.050     0.0434    -0.8102 -9.990e-29
 281.714566     -0.052   0.069431    14.6310     7.5039     -0.052     0.0434    -0.8104 -9.990e-29
 281.714572     -0.053   0.069413    14.6330     7.5021     -0.053     0.0434    -0.8107 -9.990e-29
 281.714578     -0.050   0.069370    14.6355     7.4999     -0.050     0.0434    -0.8110 -9.990e-29
 281.714583     -0.046   0.069245    14.6366     7.5040     -0.046     0.0433    -0.8113 -9.990e-29
 281.714589     -0.045   0.068874    14.6346     7.5041     -0.045     0.0431    -0.8111 -9.990e-29
 281.714595     -0.043   0.068318    14.6305     7.5042     -0.043     0.0428    -0.8108 -9.990e-29
 281.714601     -0.035   0.067947    14.6261     7.5053     -0.035     0.0426    -0.8103 -9.990e-29
 281.714606     -0.026   0.067821    14.6221     7.5060     -0.026     0.0425    -0.8098 -9.990e-29
 281.714612     -0.019   0.067775    14.6191     7.5057     -0.019     0.0425    -0.8093 -9.990e-29
 281.714618     -0.013   0.067747    14.6174     7.5048     -0.013     0.0425    -0.8091 -9.990e-29
 281.714624     -0.008   0.067701    14.6168     7.5044     -0.008     0.0424    -0.8090 -9.990e-29
 281.714630     -0.005   0.067575    14.6166     7.4953     -0.005     0.0424    -0.8091 -9.990e-29
 281.714635     -0.001   0.067199    14.6162     7.5003     -0.001     0.0421    -0.8092 -9.990e-29
 281.714641      0.001   0.066629    14.6152     7.5006      0.001     0.0418    -0.8093 -9.990e-29
 281.714647      0.004   0.066218    14.6131     7.5005      0.004     0.0416    -0.8091 -9.990e-29
 281.714653      0.006   0.065975    14.6101     7.5076      0.006     0.0415    -0.8088 -9.990e-29
 281.714659      0.009   0.065575    14.6081     7.4958      0.009     0.0412    -0.8087 -9.990e-29
 281.714664      0.012   0.065042    14.6088     7.4938      0.012     0.0409    -0.8090 -9.990e-29
 281.714670      0.015   0.064776    14.6119     7.4928      0.015     0.0408    -0.8096 -9.990e-29
 281.714676      0.019   0.064980    14.6163     7.4926      0.019     0.0409    -0.8102 -9.990e-29
 281.714682      0.023   0.065370    14.6223     7.4988      0.023     0.0411    -0.8109 -9.990e-29
 281.714688      0.029   0.065356    14.6304     7.5021      0.029     0.0411    -0.8121 -9.990e-29
 281.714693      0.037   0.064917    14.6411     7.5043      0.037     0.0408    -0.8138 -9.990e-29
 281.714699      0.046   0.064581    14.6540     7.5065      0.046     0.0406    -0.8159 -9.990e-29
 281.714705      0.054   0.064457    14.6665     7.5081      0.054     0.0406    -0.8178 -9.990e-29
 281.714711      0.056   0.064378    14.6746     7.5083      0.056     0.0405    -0.8190 -9.990e-29
 281.714716      0.053   0.064242    14.6758     7.5076      0.053     0.0404    -0.8192 -9.990e-29
 281.714722      0.044   0.063867    14.6704     7.5079      0.044     0.0402    -0.8186 -9.990e-29
 281.714728      0.034   0.063308    14.6603     7.5083      0.034     0.0399    -0.8174 -9.990e-29
 281.714734      0.029   0.062932    14.6470     7.5160      0.029     0.0397    -0.8156 -9.990e-29
 281.714740      0.035   0.062795    14.6321     7.5088      0.035     0.0396    -0.8134 -9.990e-29
 281.714745      0.042   0.062714    14.6176     7.5045      0.042     0.0396    -0.8113 -9.990e-29
 281.714751      0.044   0.062581    14.6055     7.5097      0.044     0.0395    -0.8096 -9.990e-29
 281.714757      0.043   0.062218    14.5974     7.5021      0.043     0.0393    -0.8086 -9.990e-29
 281.714763      0.045   0.061700    14.5940     7.5045      0.045     0.0390    -0.8083 -9.990e-29
 281.714769      0.050   0.061448    14.5935     7.5023      0.050     0.0389    -0.8084 -9.990e-29
 281.714774      0.058   0.061682    14.5936     7.5013      0.058     0.0390    -0.8083 -9.990e-29
 281.714780      0.068   0.062156    14.5944     7.5065      0.067     0.0393    -0.8082 -9.990e-29
 281.714786      0.079   0.062392    14.5975     7.5078      0.078     0.0394    -0.8085 -9.990e-29
 281.714792      0.085   0.062148    14.6037     7.5090      0.084     0.0393    -0.8095 -9.990e-29
 281.714797      0.089   0.061658    14.6109     7.5098      0.088     0.0390    -0.8108 -9.990e-29
 281.714803      0.089   0.061379    14.6157     7.5101      0.088     0.0389    -0.8116 -9.990e-29
 281.714809      0.090   0.061494    14.6168     7.5105      0.089     0.0389    -0.8118 -9.990e-29
 281.714815      0.092   0.061603    14.6156     7.5108      0.091     0.0390    -0.8115 -9.990e-29
 281.714821      0.086   0.061293    14.6129     7.5115      0.085     0.0388    -0.8113 -9.990e-29
 281.714826      0.073   0.060707    14.6080     7.5131      0.072     0.0385    -0.8108 -9.990e-29
 281.714832      0.060   0.060177    14.6014     7.5139      0.059     0.0382    -0.8101 -9.990e-29
 281.714838      0.051   0.060108    14.5944     7.5136      0.051     0.0381    -0.8091 -9.990e-29
 281.714844      0.044   0.060407    14.5880     7.5130      0.044     0.0383    -0.8080 -9.990e-29
 281.714850      0.040   0.060362    14.5830     7.5200      0.040     0.0383    -0.8073 -9.990e-29
 281.714855      0.038   0.059914    14.5795     7.5132      0.038     0.0380    -0.8070 -9.990e-29
 281.714861      0.039   0.059580    14.5766     7.5106      0.039     0.0379    -0.8067 -9.990e-29
 281.714867      0.041   0.059468    14.5733     7.5081      0.041     0.0378    -0.8063 -9.990e-29
 281.714873      0.046   0.059431    14.5687     7.5061      0.046     0.0378    -0.8056 -9.990e-29
 281.714878      0.053   0.059418    14.5636     7.5096      0.053     0.0378    -0.8049 -9.990e-29
 281.714884      0.063   0.059413    14.5604     7.5101      0.062     0.0378    -0.8044 -9.990e-29
 281.714890      0.073   0.059410    14.5606     7.5103      0.072     0.0378    -0.8044 -9.990e-29
 281.714896      0.079   0.059405    14.5636     7.5192      0.078     0.0378    -0.8049 -9.990e-29
 281.714902      0.080   0.059391    14.5679     7.5041      0.079     0.0378    -0.8055 -9.990e-29
 281.714907      0.078   0.059350    14.5720     7.5074      0.077     0.0377    -0.8061 -9.990e-29
 281.714913      0.077   0.059227    14.5756     7.5068      0.076     0.0377    -0.8067 -9.990e-29
 281.714919      0.079   0.058859    14.5784     7.5065      0.078     0.0375    -0.8073 -9.990e-29
 281.714925      0.087   0.058312    14.5802     7.5198      0.086     0.0371    -0.8078 -9.990e-29
 281.714931      0.095   0.057969    14.5810     7.5175      0.094     0.0370    -0.8081 -9.990e-29
 281.714936      0.101   0.057928    14.5804     7.5082      0.100     0.0369    -0.8080 -9.990e-29
 281.714942      0.104   0.058135    14.5791     7.5122      0.103     0.0370    -0.8077 -9.990e-29
 281.714948      0.105   0.058309    14.5787     7.5103      0.104     0.0371    -0.8076 -9.990e-29
 281.714954      0.104   0.058128    14.5804     7.5037      0.103     0.0370    -0.8079 -9.990e-29
 281.714959      0.100   0.057905    14.5837     7.5022      0.099     0.0369    -0.8085 -9.990e-29
 281.714965      0.098   0.057900    14.5874     7.4976      0.097     0.0369    -0.8090 -9.990e-29
 281.714971      0.102   0.058106    14.5912     7.4992      0.101     0.0370    -0.8095 -9.990e-29
 281.714977      0.108   0.058242    14.5952     7.5029      0.107     0.0371    -0.8100 -9.990e-29
 281.714983      0.112   0.057936    14.5991     7.5020      0.111     0.0369    -0.8107 -9.990e-29
 281.714988      0.114   0.057336    14.6025     7.5003      0.113     0.0366    -0.8115 -9.990e-29
 281.714994      0.114   0.056752    14.6050     7.4979      0.113     0.0363    -0.8121 -9.990e-29
 281.715000      0.117   0.056518    14.6071     7.4956      0.116     0.0361    -0.8125 -9.990e-29
 281.715006      0.123   0.056694    14.6105     7.4942      0.122     0.0362    -0.8129 -9.990e-29
 281.715012      0.128   0.056958    14.6157     7.4938      0.127     0.0364    -0.8136 -9.990e-29
 281.715017      0.136   0.056922    14.6208     7.4934      0.135     0.0363    -0.8143 -9.990e-29
 281.715023      0.148   0.056539    14.6249     7.4939      0.147     0.0361    -0.8151 -9.990e-29
 281.715029      0.157   0.056226    14.6293     7.4952      0.156     0.0360    -0.8159 -9.990e-29
 281.715035      0.158   0.056122    14.6358     7.5036      0.157     0.0359    -0.8169 -9.990e-29
 281.715041      0.151   0.056087    14.6452     7.4981      0.150     0.0359    -0.8183 -9.990e-29
 281.715046      0.141   0.056075    14.6568     7.4969      0.140     0.0359    -0.8200 -9.990e-29
 281.715052      0.135   0.056070    14.6684     7.4959      0.134     0.0358    -0.8217 -9.990e-29
 281.715058      0.138   0.056066    14.6771     7.4947      0.137     0.0358    -0.8230 -9.990e-29
 281.715064      0.144   0.056060    14.6819     7.4997      0.143     0.0358    -0.8237 -9.990e-29
 281.715069      0.147   0.056046    14.6829     7.5000      0.146     0.0358    -0.8239 -9.990e-29
 281.715075      0.141   0.056005    14.6805     7.4990      0.140     0.0358    -0.8235 -9.990e-29
 281.715081      0.132   0.055881    14.6763     7.4990      0.131     0.0357    -0.8230 -9.990e-29
 281.715087      0.122   0.055510    14.6720     7.4976      0.121     0.0355    -0.8225 -9.990e-29
 281.715093      0.114   0.054954    14.6679     7.4965      0.113     0.0352    -0.8221 -9.990e-29
 281.715098      0.118   0.054583    14.6635     7.4961      0.117     0.0350    -0.8216 -9.990e-29
 281.715104      0.134   0.054459    14.6588     7.4958      0.133     0.0349    -0.8210 -9.990e-29
 281.715110      0.153   0.054417    14.6541     7.5041      0.152     0.0349    -0.8203 -9.990e-29
 281.715116      0.169   0.054402    14.6504     7.4979      0.168     0.0349    -0.8198 -9.990e-29
 281.715122      0.179   0.054397    14.6493     7.4877      0.178     0.0349    -0.8196 -9.990e-29
 281.715127      0.182   0.054395    14.6510     7.4913      0.180     0.0349    -0.8199 -9.990e-29
 281.715133      0.184   0.054394    14.6548     7.4906      0.182     0.0349    -0.8204 -9.990e-29
 281.715139      0.188   0.054394    14.6601     7.4959      0.186     0.0349    -0.8212 -9.990e-29
 281.715145      0.191   0.054394    14.6650     7.4972      0.189     0.0349    -0.8219 -9.990e-29
 281.715150      0.189   0.054393    14.6681     7.4931      0.187     0.0349    -0.8224 -9.990e-29
 281.715156      0.185   0.054393    14.6699     7.4928      0.183     0.0349    -0.8227 -9.990e-29
 281.715162      0.189   0.054392    14.6711     7.4932      0.187     0.0349    -0.8228 -9.990e-29
 281.715168      0.200   0.054391    14.6720     7.4942      0.198     0.0349    -0.8230 -9.990e-29
 281.715174      0.211   0.054389    14.6734     7.4954      0.209     0.0349    -0.8232 -9.990e-29
 281.715179      0.218   0.054384    14.6761     7.4962      0.216     0.0349    -0.8236 -9.990e-29
 281.715185      0.221   0.054370    14.6797     7.4961      0.219     0.0349    -0.8241 -9.990e-29
 281.715191      0.220   0.054329    14.6834     7.5035      0.218     0.0349    -0.8247 -9.990e-29
 281.715197      0.216   0.054206    14.6864     7.4974      0.214     0.0348    -0.8252 -9.990e-29
 281.715203      0.213   0.053838    14.6882     7.4951      0.211     0.0346    -0.8256 -9.990e-29
