data/oxygen options/OCNMS/OCNMS1/raw_data/2014/CAST_TH015_140701faed.cnv
* Sea-Bird SBE19 Data File:
* FileName = C:\2014 Mooring Data\Casts\CAST_TH015_140701.hex
* Software Version 1.59
* Temperature SN = 2997
* Conductivity SN = 2997
* System UpLoad Time = Jul 01 2014 17:20:59
** CAST_TH015_140701
* ds
# nquan = 9                                 
# nvalues = 906                         
# units = specified
# name 0 = timeJ: Julian Days
# name 1 = prSM: Pressure, Strain Gauge [db]
# name 2 = c0mS/cm: Conductivity [mS/cm]
# name 3 = t090C: Temperature [ITS-90, deg C]
# name 4 = sbeox0ML/L: Oxygen, SBE 43 [ml/l]
# name 5 = depSM: Depth [salt water, m], lat = 47.5
# name 6 = sal00: Salinity, Practical [PSU]
# name 7 = sigma-é00: Density [sigma-theta, kg/m^3]
# name 8 = flag: flag
# span 0 = 182.005243, 182.010480       
# span 1 =     -5.869,     17.359       
# span 2 =   0.259584,  39.049548       
# span 3 =    12.5081,    17.9458       
# span 4 =    -1.6950,    16.8316       
# span 5 =     -5.820,     17.213       
# span 6 =     0.1449,    32.2015       
# span 7 =    -1.2808,    24.3200       
# span 8 = 0.0000e+00, 0.0000e+00       
# interval = seconds: 0.5
# start_time = Jul 01 2014 00:07:33 [Instrument's time stamp, header]
# bad_flag = -9.990e-29
*END*
[from data line 321]
 182.007101     -1.339   0.485558    17.5524     6.5447     -1.328     0.2761    -1.1090 -9.990e-29
 182.007106     -1.338   0.486526    17.5341     6.5511     -1.327     0.2767    -1.1052 -9.990e-29
 182.007112     -1.337   0.486832    17.5157     6.5525     -1.326     0.2770    -1.1016 -9.990e-29
 182.007118     -1.336   0.486327    17.5014     6.5551     -1.325     0.2768    -1.0992 -9.990e-29
 182.007124     -1.334   0.485447    17.4966     6.5545     -1.323     0.2763    -1.0987 -9.990e-29
 182.007130     -1.331   0.484688    17.5003     6.5591     -1.320     0.2759    -1.0997 -9.990e-29
 182.007135     -1.328   0.484150    17.5063     6.5549     -1.317     0.2755    -1.1011 -9.990e-29
 182.007141     -1.324   0.483670    17.5104     6.5554     -1.313     0.2752    -1.1021 -9.990e-29
 182.007147     -1.319   0.482606    17.5133     6.5540     -1.308     0.2746    -1.1031 -9.990e-29
 182.007153     -1.313   0.481206    17.5169     6.5507     -1.302     0.2737    -1.1044 -9.990e-29
 182.007159     -1.305   0.480940    17.5228     6.5529     -1.294     0.2736    -1.1056 -9.990e-29
 182.007164     -1.294   0.482564    17.5295     6.5524     -1.283     0.2745    -1.1061 -9.990e-29
 182.007170     -1.280   0.484907    17.5328     6.5531     -1.269     0.2758    -1.1056 -9.990e-29
 182.007176     -1.262   0.486091    17.5309     6.5526     -1.251     0.2765    -1.1048 -9.990e-29
 182.007182     -1.240   0.485469    17.5254     6.5526     -1.230     0.2762    -1.1040 -9.990e-29
 182.007187     -1.215   0.483878    17.5174     6.5589     -1.205     0.2753    -1.1033 -9.990e-29
 182.007193     -1.194   0.482534    17.5098     6.5587     -1.184     0.2746    -1.1025 -9.990e-29
 182.007199     -1.182   0.481865    17.5078     6.5587     -1.172     0.2742    -1.1024 -9.990e-29
 182.007205     -1.177   0.481536    17.5120     6.5571     -1.167     0.2740    -1.1033 -9.990e-29
 182.007211     -1.174   0.481108    17.5177     6.5460     -1.164     0.2737    -1.1046 -9.990e-29
 182.007216     -1.168   0.480565    17.5209     6.5504     -1.158     0.2733    -1.1054 -9.990e-29
 182.007222     -1.160   0.480293    17.5222     6.5511     -1.150     0.2732    -1.1058 -9.990e-29
 182.007228     -1.150   0.480484    17.5241     6.5445     -1.140     0.2733    -1.1060 -9.990e-29
 182.007234     -1.140   0.480838    17.5276     6.5520     -1.130     0.2735    -1.1065 -9.990e-29
 182.007240     -1.134   0.480714    17.5333     6.5495     -1.125     0.2734    -1.1076 -9.990e-29
 182.007245     -1.132   0.479946    17.5397     6.5428     -1.123     0.2729    -1.1091 -9.990e-29
 182.007251     -1.130   0.479177    17.5441     6.5418     -1.121     0.2724    -1.1103 -9.990e-29
 182.007257     -1.123   0.479048    17.5475     6.5379     -1.114     0.2723    -1.1110 -9.990e-29
 182.007263     -1.114   0.479387    17.5523     6.5390     -1.105     0.2725    -1.1117 -9.990e-29
 182.007269     -1.109   0.479535    17.5589     6.5418     -1.100     0.2725    -1.1129 -9.990e-29
 182.007274     -1.105   0.479132    17.5657     6.5413     -1.096     0.2722    -1.1143 -9.990e-29
 182.007280     -1.104   0.478196    17.5711     6.5424     -1.095     0.2716    -1.1158 -9.990e-29
 182.007286     -1.105   0.477145    17.5753     6.5524     -1.096     0.2710    -1.1170 -9.990e-29
 182.007292     -1.108   0.476246    17.5805     6.5559     -1.099     0.2704    -1.1184 -9.990e-29
 182.007297     -1.110   0.475410    17.5876     6.5577     -1.101     0.2699    -1.1201 -9.990e-29
 182.007303     -1.105   0.474633    17.5945     6.5579     -1.096     0.2694    -1.1217 -9.990e-29
 182.007309     -1.097   0.473991    17.5998     6.5546     -1.088     0.2690    -1.1230 -9.990e-29
 182.007315     -1.091   0.473737    17.6037     6.5555     -1.082     0.2688    -1.1238 -9.990e-29
 182.007321     -1.087   0.474088    17.6059     6.5598     -1.078     0.2690    -1.1241 -9.990e-29
 182.007326     -1.083   0.474957    17.6043     6.5621     -1.074     0.2696    -1.1234 -9.990e-29
 182.007332     -1.080   0.475834    17.5963     6.5637     -1.071     0.2701    -1.1215 -9.990e-29
 182.007338     -1.078   0.476219    17.5831     6.5641     -1.069     0.2704    -1.1189 -9.990e-29
 182.007344     -1.076   0.476071    17.5687     6.5562     -1.067     0.2704    -1.1163 -9.990e-29
 182.007350     -1.074   0.475746    17.5554     6.5611     -1.065     0.2703    -1.1139 -9.990e-29
 182.007355     -1.073   0.475738    17.5443     6.5628     -1.064     0.2704    -1.1119 -9.990e-29
 182.007361     -1.071   0.476034    17.5350     6.5579     -1.062     0.2706    -1.1100 -9.990e-29
 182.007367     -1.070   0.476290    17.5221     6.5599     -1.061     0.2708    -1.1075 -9.990e-29
 182.007373     -1.068   0.476289    17.5042     6.5657     -1.059     0.2710    -1.1042 -9.990e-29
 182.007378     -1.066   0.475844    17.4875     6.5691     -1.057     0.2708    -1.1013 -9.990e-29
 182.007384     -1.064   0.474918    17.4766     6.5714     -1.055     0.2703    -1.0997 -9.990e-29
 182.007390     -1.061   0.473943    17.4722     6.5678     -1.052     0.2698    -1.0994 -9.990e-29
 182.007396     -1.057   0.473286    17.4725     6.5626     -1.048     0.2694    -1.0997 -9.990e-29
 182.007402     -1.053   0.472627    17.4738     6.5608     -1.044     0.2690    -1.1002 -9.990e-29
 182.007407     -1.047   0.471641    17.4727     6.5609     -1.038     0.2684    -1.1005 -9.990e-29
 182.007413     -1.040   0.470683    17.4672     6.5623     -1.031     0.2679    -1.0999 -9.990e-29
 182.007419     -1.035   0.470141    17.4580     6.5728     -1.026     0.2677    -1.0985 -9.990e-29
 182.007425     -1.036   0.469847    17.4501     6.5759     -1.027     0.2675    -1.0971 -9.990e-29
 182.007431     -1.039   0.469411    17.4487     6.5760     -1.030     0.2673    -1.0971 -9.990e-29
 182.007436     -1.040   0.468806    17.4544     6.5758     -1.031     0.2669    -1.0984 -9.990e-29
 182.007442     -1.039   0.468336    17.4644     6.5661     -1.030     0.2666    -1.1004 -9.990e-29
 182.007448     -1.036   0.468486    17.4751     6.5725     -1.027     0.2666    -1.1023 -9.990e-29
 182.007454     -1.030   0.470011    17.4820     6.5670     -1.021     0.2674    -1.1029 -9.990e-29
 182.007459     -1.022   0.472721    17.4812     6.5587     -1.013     0.2690    -1.1016 -9.990e-29
 182.007465     -1.011   0.475782    17.4722     6.5669     -1.003     0.2709    -1.0985 -9.990e-29
 182.007471     -0.996   0.479384    17.4592     6.5681     -0.988     0.2730    -1.0945 -9.990e-29
 182.007477     -0.980   0.482770    17.4481     6.5729     -0.972     0.2751    -1.0909 -9.990e-29
 182.007483     -0.971   0.484342    17.4401     6.5813     -0.963     0.2761    -1.0888 -9.990e-29
 182.007488     -0.968   0.484525    17.4330     6.5716     -0.960     0.2762    -1.0874 -9.990e-29
 182.007494     -0.968   0.484119    17.4265     6.5746     -0.960     0.2760    -1.0864 -9.990e-29
 182.007500     -0.974   0.483138    17.4218     6.5717     -0.966     0.2755    -1.0859 -9.990e-29
 182.007506     -0.986   0.481942    17.4199     6.5682     -0.978     0.2748    -1.0861 -9.990e-29
 182.007512     -0.997   0.481159    17.4193     6.5695     -0.989     0.2743    -1.0864 -9.990e-29
 182.007517     -1.003   0.481412    17.4169     6.5655     -0.995     0.2745    -1.0858 -9.990e-29
 182.007523     -1.005   0.481925    17.4141     6.5641     -0.997     0.2748    -1.0851 -9.990e-29
 182.007529     -1.007   0.481160    17.4142     6.5630     -0.999     0.2744    -1.0854 -9.990e-29
 182.007535     -1.013   0.479763    17.4182     6.5555     -1.005     0.2735    -1.0868 -9.990e-29
 182.007541     -1.019   0.479205    17.4274     6.5530     -1.010     0.2731    -1.0887 -9.990e-29
 182.007546     -1.023   0.479299    17.4420     6.5440     -1.014     0.2731    -1.0914 -9.990e-29
 182.007552     -1.023   0.479058    17.4583     6.5363     -1.014     0.2729    -1.0945 -9.990e-29
 182.007558     -1.020   0.478162    17.4714     6.5451     -1.011     0.2723    -1.0973 -9.990e-29
 182.007564     -1.014   0.477082    17.4805     6.5400     -1.006     0.2716    -1.0995 -9.990e-29
 182.007569     -1.004   0.476045    17.4883     6.5496     -0.996     0.2709    -1.1014 -9.990e-29
 182.007575     -0.994   0.474779    17.4965     6.5607     -0.986     0.2701    -1.1035 -9.990e-29
 182.007581     -0.988   0.473263    17.5039     6.5639     -0.980     0.2692    -1.1055 -9.990e-29
 182.007587     -0.985   0.471700    17.5102     6.5696     -0.977     0.2682    -1.1074 -9.990e-29
 182.007593     -0.985   0.470231    17.5175     6.5757     -0.977     0.2673    -1.1094 -9.990e-29
 182.007598     -0.984   0.469118    17.5253     6.5710     -0.976     0.2666    -1.1113 -9.990e-29
 182.007604     -0.981   0.468544    17.5309     6.5743     -0.973     0.2663    -1.1126 -9.990e-29
 182.007610     -0.982   0.468299    17.5352     6.5764     -0.974     0.2661    -1.1135 -9.990e-29
 182.007616     -0.981   0.468057    17.5396     6.5784     -0.973     0.2659    -1.1145 -9.990e-29
 182.007622     -0.974   0.467495    17.5409     6.5831     -0.966     0.2656    -1.1149 -9.990e-29
 182.007627     -0.960   0.466418    17.5336     6.5921     -0.952     0.2650    -1.1141 -9.990e-29
 182.007633     -0.944   0.465057    17.5150     6.5972     -0.936     0.2643    -1.1112 -9.990e-29
 182.007639     -0.933   0.463823    17.4887     6.5993     -0.925     0.2638    -1.1069 -9.990e-29
 182.007645     -0.926   0.462737    17.4593     6.5906     -0.918     0.2633    -1.1020 -9.990e-29
 182.007650     -0.914   0.461462    17.4281     6.5828     -0.906     0.2628    -1.0968 -9.990e-29
 182.007656     -0.895   0.459964    17.3965     6.5816     -0.888     0.2621    -1.0917 -9.990e-29
 182.007662     -0.879   0.458471    17.3674     6.5763     -0.872     0.2614    -1.0870 -9.990e-29
 182.007668     -0.867   0.457215    17.3435     6.5803     -0.860     0.2608    -1.0832 -9.990e-29
 182.007674     -0.860   0.456187    17.3250     6.5876     -0.853     0.2603    -1.0803 -9.990e-29
 182.007679     -0.856   0.455129    17.3079     6.5875     -0.849     0.2598    -1.0777 -9.990e-29
 182.007685     -0.855   0.454296    17.2909     6.5842     -0.848     0.2594    -1.0750 -9.990e-29
 182.007691     -0.853   0.454245    17.2792     6.5802     -0.846     0.2595    -1.0728 -9.990e-29
 182.007697     -0.846   0.454907    17.2772     6.5866     -0.839     0.2599    -1.0722 -9.990e-29
 182.007703     -0.838   0.456053    17.2814     6.6041     -0.831     0.2605    -1.0724 -9.990e-29
 182.007708     -0.832   0.459210    17.2822     6.6200     -0.825     0.2623    -1.0712 -9.990e-29
 182.007714     -0.827   0.466365    17.2694     6.6202     -0.820     0.2666    -1.0656 -9.990e-29
 182.007720     -0.824   0.480386    17.2368     6.7735     -0.817     0.2750    -1.0533 -9.990e-29
 182.007726     -0.822   0.513296    17.1886     6.2849     -0.815     0.2948    -1.0296 -9.990e-29
 182.007731     -0.822   0.572843    17.1383     5.7190     -0.815     0.3304    -0.9933 -9.990e-29
 182.007737     -0.823   0.646139    17.0924     5.7315     -0.816     0.3745    -0.9513 -9.990e-29
 182.007743     -0.821   0.720841    17.0479     5.7399     -0.814     0.4199    -0.9086 -9.990e-29
 182.007749     -0.807   0.788699    17.0004     5.7994     -0.800     0.4614    -0.8683 -9.990e-29
 182.007755     -0.781   0.843452    16.9405     5.9133     -0.774     0.4954    -0.8317 -9.990e-29
 182.007760     -0.749   0.920297    16.8277     6.0490     -0.743     0.5439    -0.7748 -9.990e-29
 182.007766     -0.713   1.142264    16.5264     6.1530     -0.707     0.6863    -0.6136 -9.990e-29
 182.007772     -0.672   1.839224    15.9984     6.0091     -0.666     1.1452    -0.1721 -9.990e-29
 182.007778     -0.622   3.807563    15.4672     5.8508     -0.617     2.5036     0.9591 -9.990e-29
 182.007784     -0.561   9.439876    15.1003     5.7960     -0.556     6.6707     4.2159 -9.990e-29
 182.007789     -0.484  19.920308    14.8874     5.7928     -0.480    15.0591    10.6777 -9.990e-29
 182.007795     -0.392  30.392737    14.7859     5.9635     -0.389    23.9920    17.5469 -9.990e-29
 182.007801     -0.295  35.972713    14.7515     6.0982     -0.293    28.9352    21.3534 -9.990e-29
 182.007807     -0.208  37.844230    14.7509     6.0422     -0.206    30.6128    22.6448 -9.990e-29
 182.007813     -0.135  38.498094    14.7648     6.0787     -0.134    31.1907    23.0869 -9.990e-29
 182.007818     -0.075  38.735336    14.7788     6.2093     -0.074    31.3934    23.2401 -9.990e-29
 182.007824     -0.032  38.797564    14.7809     6.2981     -0.032    31.4479    23.2816 -9.990e-29
 182.007830     -0.006  38.803637    14.7741     6.2796     -0.006    31.4588    23.2915 -9.990e-29
 182.007836      0.016  38.805965    14.7720     6.0443      0.016    31.4626    23.2949 -9.990e-29
 182.007841      0.039  38.804239    14.7799     5.7434      0.039    31.4547    23.2871 -9.990e-29
 182.007847      0.063  38.803406    14.7839     5.5693      0.062    31.4507    23.2832 -9.990e-29
 182.007853      0.092  38.803432    14.7713     5.5485      0.091    31.4609    23.2937 -9.990e-29
 182.007859      0.126  38.796448    14.7539     5.6335      0.125    31.4686    23.3033 -9.990e-29
 182.007865      0.163  38.794994    14.7495     5.7201      0.162    31.4708    23.3059 -9.990e-29
 182.007870      0.193  38.825714    14.7596     5.7618      0.191    31.4904    23.3189 -9.990e-29
 182.007876      0.206  38.868318    14.7703     5.7309      0.204    31.5202    23.3396 -9.990e-29
 182.007882      0.201  38.875135    14.7687     5.7040      0.199    31.5277    23.3457 -9.990e-29
 182.007888      0.191  38.850159    14.7569     5.6644      0.189    31.5147    23.3381 -9.990e-29
 182.007894      0.185  38.829107    14.7475     5.5919      0.183    31.5033    23.3313 -9.990e-29
 182.007899      0.177  38.843374    14.7475     5.4808      0.176    31.5162    23.3413 -9.990e-29
 182.007905      0.172  38.873193    14.7519     5.3224      0.171    31.5395    23.3584 -9.990e-29
 182.007911      0.177  38.859462    14.7511     5.2144      0.176    31.5278    23.3495 -9.990e-29
 182.007917      0.189  38.825935    14.7453     5.1471      0.187    31.5022    23.3310 -9.990e-29
 182.007922      0.203  38.835102    14.7452     5.1095      0.201    31.5105    23.3374 -9.990e-29
 182.007928      0.218  38.868259    14.7534     5.0624      0.216    31.5339    23.3537 -9.990e-29
 182.007934      0.229  38.895456    14.7618     5.0179      0.227    31.5516    23.3656 -9.990e-29
 182.007940      0.237  38.929328    14.7650     4.9819      0.235    31.5796    23.3865 -9.990e-29
 182.007946      0.242  38.961096    14.7639     4.9443      0.240    31.6092    23.4095 -9.990e-29
 182.007951      0.245  38.970751    14.7595     4.9038      0.243    31.6215    23.4199 -9.990e-29
 182.007957      0.247  38.955400    14.7528     4.9029      0.245    31.6131    23.4148 -9.990e-29
 182.007963      0.247  38.940568    14.7484     4.9113      0.245    31.6032    23.4082 -9.990e-29
 182.007969      0.245  38.937312    14.7502     4.9260      0.243    31.5988    23.4044 -9.990e-29
 182.007975      0.241  38.930013    14.7529     4.9301      0.239    31.5900    23.3971 -9.990e-29
 182.007980      0.239  38.926296    14.7471     4.9729      0.237    31.5914    23.3993 -9.990e-29
 182.007986      0.243  38.935758    14.7360     5.0269      0.241    31.6090    23.4152 -9.990e-29
 182.007992      0.250  38.961989    14.7312     5.0608      0.248    31.6366    23.4375 -9.990e-29
 182.007998      0.255  38.978152    14.7346     5.0516      0.253    31.6484    23.4459 -9.990e-29
 182.008003      0.259  38.973184    14.7384     5.0065      0.257    31.6408    23.4392 -9.990e-29
 182.008009      0.262  38.979156    14.7366     4.9396      0.260    31.6477    23.4449 -9.990e-29
 182.008015      0.264  38.996126    14.7317     4.8808      0.262    31.6670    23.4608 -9.990e-29
