data/oxygen options/OCNMS/OCNMS1/raw_data/2014/CAST_CA042_140623faed.cnv
* Sea-Bird SBE19 Data File:
* FileName = C:\2014 Mooring Data\Casts\CAST_CA042_140623.hex
* Software Version 1.59
* Temperature SN = 2997
* Conductivity SN = 2997
* System UpLoad Time = Jun 24 2014 00:14:06
** CAST_CA042_140623
* ds
# nquan = 9                                 
# nvalues = 1269                        
# units = specified
# name 0 = timeJ: Julian Days
# name 1 = prSM: Pressure, Strain Gauge [db]
# name 2 = c0mS/cm: Conductivity [mS/cm]
# name 3 = t090C: Temperature [ITS-90, deg C]
# name 4 = sbeox0ML/L: Oxygen, SBE 43 [ml/l]
# name 5 = depSM: Depth [salt water, m], lat = 47.5
# name 6 = sal00: Salinity, Practical [PSU]
# name 7 = sigma-é00: Density [sigma-theta, kg/m^3]
# name 8 = flag: flag
# span 0 = 174.849815, 174.857153       
# span 1 =     -5.633,     43.673       
# span 2 =   0.271703,  36.679449       
# span 3 =     7.2227,    15.1310       
# span 4 =    -1.7874,    17.6185       
# span 5 =     -5.586,     43.304       
# span 6 =     0.1626,    33.5586       
# span 7 =    -0.7863,    26.2453       
# span 8 = 0.0000e+00, 0.0000e+00       
# interval = seconds: 0.5
# start_time = Jun 23 2014 20:23:44 [Instrument's time stamp, header]
# bad_flag = -9.990e-29
*END*
[from data line 801]
 174.854450     16.759  34.313251     8.1236     4.7234     16.618    32.8425    25.5619 0.0000e+00
 174.854456     17.042  34.299002     8.0976     4.7328     16.899    32.8516    25.5728 0.0000e+00
 174.854462     17.338  34.286700     8.0779     4.7393     17.193    32.8568    25.5798 0.0000e+00
 174.854468     17.639  34.276123     8.0644     4.7476     17.491    32.8581    25.5828 0.0000e+00
 174.854473     17.932  34.268789     8.0563     4.7423     17.782    32.8577    25.5837 0.0000e+00
 174.854479     18.203  34.264932     8.0527     4.7425     18.050    32.8569    25.5836 0.0000e+00
 174.854485     18.450  34.263813     8.0535     4.7443     18.295    32.8548    25.5819 0.0000e+00
 174.854491     18.676  34.266661     8.0573     4.7467     18.519    32.8542    25.5808 0.0000e+00
 174.854497     18.885  34.272705     8.0608     4.7484     18.727    32.8572    25.5827 0.0000e+00
 174.854502     19.083  34.275337     8.0595     4.7493     18.923    32.8612    25.5860 0.0000e+00
 174.854508     19.277  34.269571     8.0520     4.7321     19.115    32.8620    25.5877 0.0000e+00
 174.854514     19.477  34.258859     8.0422     4.7193     19.314    32.8597    25.5873 0.0000e+00
 174.854520     19.682  34.250718     8.0350     4.7196     19.517    32.8577    25.5868 0.0000e+00
 174.854525     19.887  34.248794     8.0314     4.7203     19.720    32.8589    25.5883 0.0000e+00
 174.854531     20.093  34.249318     8.0265     4.7355     19.924    32.8640    25.5930 0.0000e+00
 174.854537     20.309  34.245612     8.0152     4.7338     20.139    32.8705    25.5998 0.0000e+00
 174.854543     20.545  34.236583     7.9994     4.6960     20.373    32.8757    25.6061 0.0000e+00
 174.854549     20.801  34.226939     7.9850     4.6711     20.626    32.8788    25.6107 0.0000e+00
 174.854554     21.074  34.219447     7.9736     4.6486     20.897    32.8814    25.6144 0.0000e+00
 174.854560     21.355  34.213008     7.9619     4.6318     21.176    32.8854    25.6192 0.0000e+00
 174.854566     21.640  34.205683     7.9460     4.6433     21.458    32.8924    25.6270 0.0000e+00
 174.854572     21.930  34.196040     7.9217     4.6425     21.746    32.9049    25.6403 0.0000e+00
 174.854578     22.223  34.181236     7.8875     4.6436     22.036    32.9211    25.6580 0.0000e+00
 174.854583     22.507  34.161643     7.8523     4.6401     22.318    32.9332    25.6726 0.0000e+00
 174.854589     22.770  34.145271     7.8299     4.6153     22.579    32.9367    25.6786 0.0000e+00
 174.854595     23.003  34.138250     7.8245     4.5924     22.810    32.9342    25.6774 0.0000e+00
 174.854601     23.200  34.140669     7.8302     4.5834     23.005    32.9313    25.6743 0.0000e+00
 174.854606     23.369  34.147251     7.8379     4.5920     23.173    32.9310    25.6730 0.0000e+00
 174.854612     23.529  34.149863     7.8361     4.5977     23.331    32.9354    25.6767 0.0000e+00
 174.854618     23.694  34.142935     7.8177     4.5883     23.495    32.9453    25.6871 0.0000e+00
 174.854624     23.871  34.128374     7.7839     4.5853     23.670    32.9616    25.7047 0.0000e+00
 174.854630     24.055  34.109122     7.7448     4.5641     23.853    32.9778    25.7231 0.0000e+00
 174.854635     24.230  34.088599     7.7212     4.5640     24.026    32.9781    25.7266 0.0000e+00
 174.854641     24.386  34.080303     7.7226     4.5533     24.181    32.9678    25.7183 0.0000e+00
 174.854647     24.526  34.085985     7.7317     4.5413     24.320    32.9652    25.7150 0.0000e+00
 174.854653     24.666  34.090138     7.7251     4.5463     24.459    32.9758    25.7243 0.0000e+00
 174.854659     24.824  34.083075     7.7001     4.5477     24.615    32.9918    25.7405 0.0000e+00
 174.854664     25.001  34.068207     7.6722     4.5469     24.791    33.0022    25.7526 0.0000e+00
 174.854670     25.188  34.054799     7.6510     4.5656     24.976    33.0078    25.7600 0.0000e+00
 174.854676     25.365  34.045644     7.6398     4.5696     25.152    33.0085    25.7622 0.0000e+00
 174.854682     25.516  34.042473     7.6399     4.5701     25.301    33.0050    25.7593 -9.990e-29
 174.854688     25.635  34.046582     7.6436     4.5662     25.419    33.0058    25.7595 -9.990e-29
 174.854693     25.740  34.050465     7.6423     4.5522     25.524    33.0112    25.7639 -9.990e-29
 174.854699     25.845  34.048562     7.6368     4.5507     25.628    33.0143    25.7671 -9.990e-29
 174.854705     25.950  34.042011     7.6312     4.5490     25.732    33.0125    25.7665 -9.990e-29
 174.854711     26.046  34.033817     7.6278     4.5457     25.827    33.0069    25.7626 -9.990e-29
 174.854716     26.137  34.027972     7.6242     4.5410     25.917    33.0040    25.7608 -9.990e-29
 174.854722     26.228  34.025614     7.6140     4.5184     26.007    33.0111    25.7678 -9.990e-29
 174.854728     26.325  34.022262     7.5976     4.5192     26.104    33.0230    25.7795 -9.990e-29
 174.854734     26.430  34.014548     7.5822     4.5115     26.208    33.0293    25.7866 -9.990e-29
 174.854740     26.541  34.006191     7.5720     4.5043     26.318    33.0299    25.7885 -9.990e-29
 174.854745     26.660  34.001169     7.5617     4.5185     26.436    33.0342    25.7934 -9.990e-29
 174.854751     26.791  33.996133     7.5456     4.4968     26.566    33.0440    25.8034 0.0000e+00
 174.854757     26.930  33.988272     7.5283     4.4764     26.704    33.0520    25.8120 0.0000e+00
 174.854763     27.068  33.981669     7.5179     4.4255     26.840    33.0547    25.8156 0.0000e+00
 174.854769     27.201  33.979839     7.5149     4.3743     26.972    33.0555    25.8167 0.0000e+00
 174.854774     27.334  33.980878     7.5117     4.3304     27.104    33.0596    25.8204 0.0000e+00
 174.854780     27.474  33.979420     7.4995     4.2891     27.243    33.0696    25.8299 0.0000e+00
 174.854786     27.630  33.973499     7.4755     4.2305     27.398    33.0860    25.8462 0.0000e+00
 174.854792     27.805  33.965862     7.4441     4.1546     27.571    33.1076    25.8676 0.0000e+00
 174.854797     27.987  33.958646     7.4146     4.0948     27.752    33.1279    25.8877 0.0000e+00
 174.854803     28.167  33.953423     7.3943     4.0745     27.930    33.1416    25.9013 0.0000e+00
 174.854809     28.339  33.951618     7.3770     4.0793     28.101    33.1561    25.9151 0.0000e+00
 174.854815     28.502  33.951359     7.3509     4.1140     28.262    33.1808    25.9381 0.0000e+00
 174.854821     28.657  33.950594     7.3210     4.1332     28.416    33.2085    25.9641 0.0000e+00
 174.854826     28.800  33.951089     7.3045     4.1144     28.558    33.2249    25.9793 0.0000e+00
 174.854832     28.925  33.953479     7.3099     4.0920     28.682    33.2222    25.9764 -9.990e-29
 174.854838     29.030  33.955875     7.3259     4.0591     28.786    33.2094    25.9641 -9.990e-29
 174.854844     29.131  33.956958     7.3278     4.0461     28.886    33.2087    25.9633 -9.990e-29
 174.854850     29.247  33.955912     7.3049     4.0724     29.001    33.2295    25.9829 -9.990e-29
 174.854855     29.385  33.953574     7.2725     4.0824     29.138    33.2580    26.0098 0.0000e+00
 174.854861     29.537  33.952417     7.2486     4.0926     29.288    33.2797    26.0302 0.0000e+00
 174.854867     29.687  33.953118     7.2378     4.0821     29.437    33.2908    26.0404 0.0000e+00
 174.854873     29.822  33.955460     7.2359     4.0685     29.571    33.2951    26.0440 -9.990e-29
 174.854878     29.944  33.958055     7.2366     4.0751     29.692    33.2972    26.0456 -9.990e-29
 174.854884     30.064  33.958170     7.2353     4.0633     29.811    33.2985    26.0468 -9.990e-29
 174.854890     30.195  33.955940     7.2317     4.0201     29.941    33.2995    26.0481 0.0000e+00
 174.854896     30.339  33.953421     7.2278     3.9406     30.084    33.3005    26.0494 0.0000e+00
 174.854902     30.493  33.952843     7.2251     3.8564     30.236    33.3024    26.0512 0.0000e+00
 174.854907     30.655  33.955100     7.2238     3.8008     30.397    33.3060    26.0543 0.0000e+00
 174.854913     30.826  33.960374     7.2241     3.7893     30.566    33.3114    26.0585 0.0000e+00
 174.854919     31.004  33.973433     7.2267     3.7938     30.743    33.3230    26.0672 0.0000e+00
 174.854925     31.180  33.997084     7.2309     3.7671     30.917    33.3446    26.0837 0.0000e+00
 174.854931     31.337  34.020206     7.2347     3.7306     31.073    33.3660    26.1000 0.0000e+00
 174.854936     31.470  34.030973     7.2368     3.6860     31.205    33.3757    26.1073 -9.990e-29
 174.854942     31.587  34.032501     7.2380     3.6580     31.321    33.3761    26.1075 -9.990e-29
 174.854948     31.703  34.034101     7.2394     3.6565     31.436    33.3765    26.1076 -9.990e-29
 174.854954     31.827  34.044618     7.2416     3.6425     31.559    33.3857    26.1146 -9.990e-29
 174.854959     31.953  34.064032     7.2442     3.6239     31.684    33.4043    26.1288 -9.990e-29
 174.854965     32.076  34.080622     7.2466     3.5877     31.806    33.4200    26.1408 -9.990e-29
 174.854971     32.196  34.087877     7.2486     3.5275     31.925    33.4259    26.1452 -9.990e-29
 174.854977     32.315  34.089279     7.2501     3.4576     32.043    33.4259    26.1450 -9.990e-29
 174.854983     32.443  34.091727     7.2515     3.3691     32.170    33.4271    26.1458 0.0000e+00
 174.854988     32.581  34.100149     7.2539     3.2952     32.307    33.4339    26.1508 0.0000e+00
 174.854994     32.731  34.114534     7.2579     3.2472     32.455    33.4456    26.1595 0.0000e+00
 174.855000     32.894  34.134966     7.2628     3.2317     32.617    33.4630    26.1725 0.0000e+00
 174.855006     33.071  34.160059     7.2678     3.2488     32.792    33.4854    26.1894 0.0000e+00
 174.855012     33.261  34.184540     7.2723     3.2725     32.981    33.5076    26.2063 0.0000e+00
 174.855017     33.455  34.204005     7.2756     3.2880     33.173    33.5255    26.2199 0.0000e+00
 174.855023     33.639  34.215776     7.2777     3.3061     33.356    33.5362    26.2280 0.0000e+00
 174.855029     33.803  34.220942     7.2791     3.3064     33.518    33.5404    26.2311 0.0000e+00
 174.855035     33.945  34.223003     7.2800     3.3081     33.659    33.5417    26.2320 0.0000e+00
 174.855041     34.070  34.224125     7.2805     3.3167     33.783    33.5424    26.2325 -9.990e-29
 174.855046     34.185  34.225223     7.2807     3.3196     33.897    33.5433    26.2332 -9.990e-29
 174.855052     34.298  34.226621     7.2805     3.3160     34.009    33.5450    26.2345 -9.990e-29
 174.855058     34.417  34.227918     7.2801     3.3390     34.127    33.5467    26.2359 -9.990e-29
 174.855064     34.544  34.228580     7.2797     3.3297     34.253    33.5478    26.2368 0.0000e+00
 174.855069     34.679  34.228909     7.2795     3.3312     34.387    33.5482    26.2372 0.0000e+00
 174.855075     34.822  34.229323     7.2794     3.3231     34.528    33.5487    26.2376 0.0000e+00
 174.855081     34.969  34.230354     7.2796     3.3112     34.674    33.5496    26.2383 0.0000e+00
 174.855087     35.117  34.232234     7.2798     3.3277     34.821    33.5514    26.2397 0.0000e+00
 174.855093     35.266  34.234085     7.2797     3.3293     34.969    33.5534    26.2413 0.0000e+00
 174.855098     35.413  34.234988     7.2796     3.3403     35.114    33.5544    26.2421 0.0000e+00
 174.855104     35.556  34.235004     7.2795     3.3457     35.256    33.5545    26.2421 0.0000e+00
 174.855110     35.693  34.234695     7.2796     3.3389     35.392    33.5540    26.2417 0.0000e+00
 174.855116     35.826  34.234751     7.2800     3.3228     35.524    33.5536    26.2414 0.0000e+00
 174.855122     35.959  34.235224     7.2807     3.3174     35.656    33.5533    26.2411 0.0000e+00
 174.855127     36.100  34.235605     7.2813     3.3109     35.796    33.5531    26.2408 0.0000e+00
 174.855133     36.253  34.235820     7.2813     3.3190     35.947    33.5533    26.2410 0.0000e+00
 174.855139     36.416  34.236137     7.2810     3.3301     36.109    33.5538    26.2414 0.0000e+00
 174.855145     36.581  34.236395     7.2805     3.3236     36.272    33.5545    26.2420 0.0000e+00
 174.855150     36.743  34.236358     7.2802     3.3264     36.433    33.5547    26.2422 0.0000e+00
 174.855156     36.899  34.236518     7.2807     3.3170     36.588    33.5543    26.2419 0.0000e+00
 174.855162     37.049  34.237066     7.2812     3.3169     36.736    33.5543    26.2418 0.0000e+00
 174.855168     37.196  34.237593     7.2812     3.3033     36.882    33.5548    26.2422 0.0000e+00
 174.855174     37.343  34.238218     7.2809     3.3098     37.028    33.5557    26.2430 0.0000e+00
 174.855179     37.497  34.239194     7.2807     3.3181     37.181    33.5569    26.2439 0.0000e+00
 174.855185     37.654  34.240121     7.2806     3.3142     37.336    33.5579    26.2448 0.0000e+00
 174.855191     37.810  34.240530     7.2803     3.3197     37.491    33.5586    26.2453 0.0000e+00
 174.855197     37.968  34.240385     7.2801     3.3146     37.648    33.5586    26.2453 0.0000e+00
 174.855203     38.125  34.240034     7.2805     3.3267     37.803    33.5577    26.2446 0.0000e+00
 174.855208     38.270  34.240108     7.2812     3.3257     37.947    33.5571    26.2440 -9.990e-29
 174.855214     38.389  34.240685     7.2819     3.3231     38.065    33.5569    26.2438 -9.990e-29
 174.855220     38.483  34.241392     7.2826     3.3112     38.158    33.5570    26.2437 -9.990e-29
 174.855226     38.561  34.242028     7.2832     3.3150     38.236    33.5571    26.2437 -9.990e-29
 174.855231     38.642  34.242301     7.2834     3.3234     38.316    33.5571    26.2437 -9.990e-29
 174.855237     38.742  34.241995     7.2831     3.3262     38.415    33.5570    26.2437 -9.990e-29
 174.855243     38.869  34.241245     7.2824     3.3291     38.541    33.5568    26.2436 0.0000e+00
 174.855249     39.022  34.240715     7.2817     3.3142     38.693    33.5569    26.2438 0.0000e+00
 174.855255     39.198  34.240799     7.2813     3.3020     38.867    33.5573    26.2441 0.0000e+00
 174.855260     39.391  34.241027     7.2810     3.2994     39.059    33.5577    26.2445 0.0000e+00
 174.855266     39.596  34.241122     7.2808     3.2924     39.262    33.5579    26.2447 0.0000e+00
 174.855272     39.805  34.241189     7.2808     3.3072     39.469    33.5579    26.2447 0.0000e+00
 174.855278     40.006  34.241298     7.2808     3.3058     39.668    33.5579    26.2447 0.0000e+00
 174.855284     40.193  34.241570     7.2809     3.3154     39.854    33.5580    26.2448 0.0000e+00
 174.855289     40.371  34.241789     7.2809     3.3210     40.030    33.5582    26.2449 0.0000e+00
 174.855295     40.537  34.241664     7.2808     3.3278     40.195    33.5580    26.2448 0.0000e+00
 174.855301     40.690  34.241568     7.2810     3.3335     40.346    33.5577    26.2445 0.0000e+00
 174.855307     40.826  34.241914     7.2815     3.3188     40.481    33.5575    26.2443 -9.990e-29
 174.855313     40.942  34.242582     7.2821     3.3040     40.596    33.5576    26.2443 -9.990e-29
 174.855318     41.036  34.243322     7.2827     3.2865     40.689    33.5578    26.2444 -9.990e-29
 174.855324     41.109  34.243977     7.2833     3.2962     40.762    33.5579    26.2443 -9.990e-29
 174.855330     41.176  34.244278     7.2836     3.2977     40.828    33.5579    26.2443 -9.990e-29
 174.855336     41.256  34.244045     7.2832     3.3125     40.908    33.5580    26.2444 -9.990e-29
 174.855341     41.365  34.243512     7.2825     3.3180     41.016    33.5580    26.2446 -9.990e-29
 174.855347     41.504  34.243072     7.2820     3.3151     41.153    33.5579    26.2446 0.0000e+00
 174.855353     41.674  34.242677     7.2817     3.3180     41.322    33.5577    26.2445 0.0000e+00
 174.855359     41.869  34.242341     7.2815     3.3126     41.515    33.5575    26.2443 0.0000e+00
 174.855365     42.075  34.242157     7.2815     3.3124     41.720    33.5572    26.2441 0.0000e+00
