data/oxygen options/OCNMS/OCNMS1/raw_data/2014/CAST_KL015_141006faed.cnv
* Sea-Bird SBE19 Data File:
* FileName = C:\2014 Mooring Data\Casts\CAST_KL015_141006.hex
* Software Version 1.59
* Temperature SN = 2997
* Conductivity SN = 2997
* System UpLoad Time = Oct 07 2014 15:50:03
** CAST_KL015_141006
* ds
# nquan = 9                                 
# nvalues = 1139                        
# units = specified
# name 0 = timeJ: Julian Days
# name 1 = prSM: Pressure, Strain Gauge [db]
# name 2 = c0mS/cm: Conductivity [mS/cm]
# name 3 = t090C: Temperature [ITS-90, deg C]
# name 4 = sbeox0ML/L: Oxygen, SBE 43 [ml/l]
# name 5 = depSM: Depth [salt water, m], lat = 47.5
# name 6 = sal00: Salinity, Practical [PSU]
# name 7 = sigma-é00: Density [sigma-theta, kg/m^3]
# name 8 = flag: flag
# span 0 = 279.951111, 279.957697       
# span 1 =     -5.884,     14.790       
# span 2 =   0.404071,  38.341717       
# span 3 =    12.5206,    17.5072       
# span 4 =    -1.7142,    18.5896       
# span 5 =     -5.835,     14.666       
# span 6 =     0.2298,    32.0202       
# span 7 =    -1.1299,    24.1745       
# span 8 = 0.0000e+00, 0.0000e+00       
# interval = seconds: 0.5
# start_time = Oct 06 2014 22:49:36 [Instrument's time stamp, header]
# bad_flag = -9.990e-29
*END*
 279.951111     -5.884 -9.990e-29    16.9914    -1.7142     -5.835 -9.990e-29 -9.990e-29 -9.990e-29
 279.951117     -5.874   0.457517    16.9917    -1.7141     -5.825     0.2631    -1.0195 -9.990e-29
 279.951123     -5.861   0.457640    16.9908    -1.7140     -5.812     0.2632    -1.0193 -9.990e-29
 279.951128     -5.843   0.458011    16.9895    -1.7139     -5.794     0.2634    -1.0189 -9.990e-29
 279.951134     -5.821   0.458567    16.9885    -1.7138     -5.773     0.2638    -1.0185 -9.990e-29
 279.951140     -5.793   0.458937    16.9888    -1.7137     -5.745     0.2640    -1.0184 -9.990e-29
 279.951146     -5.760   0.459059    16.9911    -1.7136     -5.712     0.2641    -1.0187 -9.990e-29
 279.951152     -5.730   0.459097    16.9951    -1.7135     -5.682     0.2641    -1.0194 -9.990e-29
 279.951157     -5.705   0.459104    17.0001    -1.7135     -5.657     0.2640    -1.0203 -9.990e-29
 279.951163     -5.684   0.459090    17.0051    -1.7135     -5.637     0.2640    -1.0212 -9.990e-29
 279.951169     -5.664   0.459039    17.0094    -1.7138     -5.617     0.2639    -1.0220 -9.990e-29
 279.951175     -5.645   0.458883    17.0130    -1.7140     -5.598     0.2638    -1.0227 -9.990e-29
 279.951181     -5.626   0.458417    17.0163    -1.7140     -5.579     0.2635    -1.0235 -9.990e-29
 279.951186     -5.605   0.457576    17.0195    -1.7138     -5.558     0.2630    -1.0245 -9.990e-29
 279.951192     -5.582   0.456910    17.0225    -1.7136     -5.535     0.2626    -1.0253 -9.990e-29
 279.951198     -5.553   0.456645    17.0251    -1.7134     -5.507     0.2624    -1.0259 -9.990e-29
 279.951204     -5.523   0.456427    17.0267    -1.7133     -5.477     0.2623    -1.0263 -9.990e-29
 279.951209     -5.493   0.456523    17.0270    -1.7131     -5.447     0.2623    -1.0263 -9.990e-29
 279.951215     -5.462   0.457062    17.0252    -1.7130     -5.416     0.2627    -1.0257 -9.990e-29
 279.951221     -5.431   0.457654    17.0215    -1.7131     -5.386     0.2630    -1.0248 -9.990e-29
 279.951227     -5.404   0.457978    17.0185    -1.7131     -5.359     0.2632    -1.0241 -9.990e-29
 279.951233     -5.378   0.457910    17.0184    -1.7132     -5.333     0.2632    -1.0241 -9.990e-29
 279.951238     -5.351   0.457917    17.0214    -1.7133     -5.306     0.2632    -1.0247 -9.990e-29
 279.951244     -5.323   0.458010    17.0265    -1.7133     -5.279     0.2632    -1.0255 -9.990e-29
 279.951250     -5.291   0.457761    17.0322    -1.7132     -5.247     0.2630    -1.0267 -9.990e-29
 279.951256     -5.257   0.457394    17.0371    -1.7133     -5.213     0.2628    -1.0277 -9.990e-29
 279.951262     -5.228   0.456978    17.0407    -1.7133     -5.184     0.2625    -1.0286 -9.990e-29
 279.951267     -5.203   0.456515    17.0428    -1.7135     -5.160     0.2622    -1.0291 -9.990e-29
 279.951273     -5.174   0.456502    17.0429    -1.7136     -5.131     0.2622    -1.0292 -9.990e-29
 279.951279     -5.145   0.456921    17.0415    -1.7136     -5.102     0.2625    -1.0287 -9.990e-29
 279.951285     -5.118   0.457220    17.0399    -1.7136     -5.075     0.2627    -1.0283 -9.990e-29
 279.951291     -5.091   0.457244    17.0390    -1.7133     -5.049     0.2627    -1.0281 -9.990e-29
 279.951296     -5.063   0.457027    17.0388    -1.7132     -5.021     0.2626    -1.0282 -9.990e-29
 279.951302     -5.032   0.456837    17.0387    -1.7131     -4.990     0.2625    -1.0283 -9.990e-29
 279.951308     -4.995   0.456980    17.0378    -1.7132     -4.953     0.2625    -1.0280 -9.990e-29
 279.951314     -4.956   0.457090    17.0359    -1.7131     -4.915     0.2626    -1.0276 -9.990e-29
 279.951319     -4.919   0.457315    17.0335    -1.7132     -4.878     0.2628    -1.0271 -9.990e-29
 279.951325     -4.887   0.457958    17.0316    -1.7132     -4.846     0.2632    -1.0265 -9.990e-29
 279.951331     -4.858   0.458210    17.0316    -1.7131     -4.818     0.2633    -1.0264 -9.990e-29
 279.951337     -4.829   0.457852    17.0337    -1.7129     -4.789     0.2631    -1.0269 -9.990e-29
 279.951343     -4.804   0.457522    17.0373    -1.7128     -4.764     0.2629    -1.0277 -9.990e-29
 279.951348     -4.785   0.457337    17.0407    -1.7128     -4.745     0.2627    -1.0284 -9.990e-29
 279.951354     -4.767   0.457051    17.0424    -1.7127     -4.727     0.2626    -1.0288 -9.990e-29
 279.951360     -4.744   0.456840    17.0429    -1.7127     -4.704     0.2624    -1.0290 -9.990e-29
 279.951366     -4.718   0.456979    17.0433    -1.7128     -4.679     0.2625    -1.0290 -9.990e-29
 279.951372     -4.693   0.457100    17.0442    -1.7128     -4.654     0.2626    -1.0291 -9.990e-29
 279.951377     -4.668   0.456812    17.0458    -1.7129     -4.629     0.2624    -1.0295 -9.990e-29
 279.951383     -4.643   0.456287    17.0483    -1.7129     -4.604     0.2621    -1.0302 -9.990e-29
 279.951389     -4.624   0.455937    17.0512    -1.7128     -4.585     0.2618    -1.0309 -9.990e-29
 279.951395     -4.607   0.455853    17.0535    -1.7128     -4.569     0.2618    -1.0314 -9.990e-29
 279.951400     -4.593   0.455926    17.0552    -1.7127     -4.555     0.2618    -1.0316 -9.990e-29
 279.951406     -4.579   0.456257    17.0567    -1.7126     -4.541     0.2620    -1.0318 -9.990e-29
 279.951412     -4.567   0.456730    17.0569    -1.7127     -4.529     0.2623    -1.0316 -9.990e-29
 279.951418     -4.553   0.456866    17.0557    -1.7126     -4.515     0.2624    -1.0313 -9.990e-29
 279.951424     -4.538   0.456846    17.0542    -1.7127     -4.500     0.2624    -1.0310 -9.990e-29
 279.951429     -4.521   0.457204    17.0535    -1.7127     -4.483     0.2626    -1.0307 -9.990e-29
 279.951435     -4.501   0.457307    17.0541    -1.7126     -4.463     0.2626    -1.0308 -9.990e-29
 279.951441     -4.476   0.456737    17.0555    -1.7126     -4.439     0.2623    -1.0313 -9.990e-29
 279.951447     -4.445   0.456402    17.0572    -1.7129     -4.408     0.2621    -1.0318 -9.990e-29
 279.951453     -4.409   0.456413    17.0589    -1.7130     -4.372     0.2621    -1.0321 -9.990e-29
 279.951458     -4.377   0.456231    17.0604    -1.7130     -4.341     0.2620    -1.0324 -9.990e-29
 279.951464     -4.348   0.456169    17.0613    -1.7131     -4.312     0.2619    -1.0326 -9.990e-29
 279.951470     -4.323   0.456149    17.0614    -1.7132     -4.287     0.2619    -1.0326 -9.990e-29
 279.951476     -4.298   0.455590    17.0611    -1.7133     -4.262     0.2616    -1.0328 -9.990e-29
 279.951481     -4.274   0.454858    17.0611    -1.7132     -4.238     0.2611    -1.0332 -9.990e-29
 279.951487     -4.247   0.454648    17.0611    -1.7131     -4.212     0.2610    -1.0333 -9.990e-29
 279.951493     -4.221   0.454680    17.0595    -1.7131     -4.186     0.2611    -1.0330 -9.990e-29
 279.951499     -4.197   0.454442    17.0566    -1.7129     -4.162     0.2609    -1.0325 -9.990e-29
 279.951505     -4.172   0.454177    17.0542    -1.7126     -4.137     0.2608    -1.0322 -9.990e-29
 279.951510     -4.142   0.454088    17.0523    -1.7124     -4.107     0.2607    -1.0319 -9.990e-29
 279.951516     -4.115   0.454057    17.0503    -1.7123     -4.081     0.2607    -1.0316 -9.990e-29
 279.951522     -4.092   0.454045    17.0484    -1.7121     -4.058     0.2607    -1.0313 -9.990e-29
 279.951528     -4.073   0.454036    17.0474    -1.7121     -4.039     0.2607    -1.0311 -9.990e-29
 279.951534     -4.057   0.454022    17.0482    -1.7120     -4.023     0.2607    -1.0312 -9.990e-29
 279.951539     -4.042   0.453983    17.0504    -1.7117     -4.008     0.2607    -1.0316 -9.990e-29
 279.951545     -4.027   0.453872    17.0536    13.8530     -3.993     0.2606    -1.0323 -9.990e-29
 279.951551     -4.012   0.453541    17.0584    18.3552     -3.979     0.2604    -1.0333 -9.990e-29
 279.951557     -3.995   0.453106    17.0644    18.5896     -3.962     0.2601    -1.0346 -9.990e-29
 279.951563     -3.975   0.453100    17.0701    14.9873     -3.942     0.2601    -1.0356 -9.990e-29
 279.951568     -3.952   0.453517    17.0747     7.5834     -3.919     0.2603    -1.0362 -9.990e-29
 279.951574     -3.928   0.453802    17.0785     7.1586     -3.895     0.2604    -1.0368 -9.990e-29
 279.951580     -3.905   0.453783    17.0817     7.1538     -3.872     0.2604    -1.0374 -9.990e-29
 279.951586     -3.883   0.453436    17.0847     7.1516     -3.851     0.2602    -1.0381 -9.990e-29
 279.951591     -3.863   0.452854    17.0877     7.1571     -3.831     0.2598    -1.0389 -9.990e-29
 279.951597     -3.846   0.452375    17.0898     7.1570     -3.814     0.2595    -1.0395 -9.990e-29
 279.951603     -3.825   0.451918    17.0919     7.1549     -3.793     0.2592    -1.0400 -9.990e-29
 279.951609     -3.804   0.451431    17.0954     7.1564     -3.772     0.2589    -1.0409 -9.990e-29
 279.951615     -3.785   0.451378    17.0997     7.1528     -3.753     0.2589    -1.0417 -9.990e-29
 279.951620     -3.767   0.451690    17.1036     7.1524     -3.736     0.2590    -1.0422 -9.990e-29
 279.951626     -3.749   0.451674    17.1065     7.1528     -3.718     0.2590    -1.0428 -9.990e-29
 279.951632     -3.731   0.451309    17.1085     7.1456     -3.700     0.2588    -1.0433 -9.990e-29
 279.951638     -3.710   0.451220    17.1098     7.1439     -3.679     0.2587    -1.0436 -9.990e-29
 279.951644     -3.690   0.451292    17.1106     7.1508     -3.659     0.2587    -1.0437 -9.990e-29
 279.951649     -3.673   0.451065    17.1118     7.1466     -3.642     0.2586    -1.0440 -9.990e-29
 279.951655     -3.655   0.450794    17.1137     7.1477     -3.625     0.2584    -1.0445 -9.990e-29
 279.951661     -3.630   0.450675    17.1160     7.1460     -3.600     0.2584    -1.0449 -9.990e-29
 279.951667     -3.600   0.450553    17.1179     7.1450     -3.570     0.2583    -1.0453 -9.990e-29
 279.951672     -3.573   0.450265    17.1188     7.1485     -3.543     0.2581    -1.0456 -9.990e-29
 279.951678     -3.550   0.449988    17.1184     7.1482     -3.520     0.2579    -1.0457 -9.990e-29
 279.951684     -3.531   0.449909    17.1179     7.1556     -3.502     0.2579    -1.0456 -9.990e-29
 279.951690     -3.514   0.449924    17.1185     7.1577     -3.485     0.2579    -1.0457 -9.990e-29
 279.951696     -3.498   0.450053    17.1202     7.1573     -3.469     0.2580    -1.0460 -9.990e-29
 279.951701     -3.482   0.449915    17.1225     7.1559     -3.453     0.2579    -1.0464 -9.990e-29
 279.951707     -3.465   0.449326    17.1245     7.1450     -3.436     0.2575    -1.0471 -9.990e-29
 279.951713     -3.446   0.448617    17.1251     7.1501     -3.417     0.2571    -1.0475 -9.990e-29
 279.951719     -3.424   0.447956    17.1242     7.1512     -3.395     0.2567    -1.0476 -9.990e-29
 279.951725     -3.401   0.447574    17.1233     7.1523     -3.373     0.2565    -1.0477 -9.990e-29
 279.951730     -3.386   0.447519    17.1228     7.1537     -3.358     0.2565    -1.0476 -9.990e-29
 279.951736     -3.376   0.447718    17.1226     7.1498     -3.348     0.2566    -1.0475 -9.990e-29
 279.951742     -3.363   0.447883    17.1225     7.1423     -3.335     0.2567    -1.0474 -9.990e-29
 279.951748     -3.345   0.447679    17.1228     7.1483     -3.317     0.2566    -1.0475 -9.990e-29
 279.951753     -3.326   0.447392    17.1235     7.1504     -3.298     0.2564    -1.0478 -9.990e-29
 279.951759     -3.305   0.447197    17.1252     7.1518     -3.277     0.2563    -1.0482 -9.990e-29
 279.951765     -3.285   0.446834    17.1280     7.1534     -3.258     0.2560    -1.0488 -9.990e-29
 279.951771     -3.268   0.446377    17.1314     7.1494     -3.241     0.2557    -1.0496 -9.990e-29
 279.951777     -3.254   0.446331    17.1348     7.1493     -3.227     0.2557    -1.0503 -9.990e-29
 279.951782     -3.242   0.446637    17.1378     7.1488     -3.215     0.2559    -1.0507 -9.990e-29
 279.951788     -3.231   0.446593    17.1401     7.1485     -3.204     0.2558    -1.0511 -9.990e-29
 279.951794     -3.220   0.446141    17.1410     7.1489     -3.193     0.2555    -1.0515 -9.990e-29
 279.951800     -3.209   0.445792    17.1404     7.1488     -3.182     0.2553    -1.0515 -9.990e-29
 279.951806     -3.196   0.445639    17.1397     7.1489     -3.169     0.2553    -1.0515 -9.990e-29
 279.951811     -3.182   0.445477    17.1405     7.1493     -3.155     0.2552    -1.0517 -9.990e-29
 279.951817     -3.165   0.445092    17.1424     7.1494     -3.139     0.2549    -1.0522 -9.990e-29
 279.951823     -3.148   0.444531    17.1446     7.1500     -3.122     0.2546    -1.0529 -9.990e-29
 279.951829     -3.134   0.444158    17.1467     7.1503     -3.108     0.2543    -1.0534 -9.990e-29
 279.951834     -3.123   0.444033    17.1485     7.1499     -3.097     0.2543    -1.0538 -9.990e-29
 279.951840     -3.114   0.443991    17.1496     7.1494     -3.088     0.2542    -1.0540 -9.990e-29
 279.951846     -3.103   0.443974    17.1497     7.1489     -3.077     0.2542    -1.0540 -9.990e-29
 279.951852     -3.087   0.443960    17.1494     7.1488     -3.061     0.2542    -1.0540 -9.990e-29
 279.951858     -3.071   0.443927    17.1487     7.1487     -3.045     0.2542    -1.0539 -9.990e-29
 279.951863     -3.054   0.443831    17.1472     7.1493     -3.029     0.2541    -1.0536 -9.990e-29
 279.951869     -3.039   0.443543    17.1452     7.1492     -3.014     0.2540    -1.0534 -9.990e-29
 279.951875     -3.024   0.443235    17.1435     7.1498     -2.999     0.2538    -1.0532 -9.990e-29
 279.951881     -3.005   0.443050    17.1430     7.1361     -2.980     0.2537    -1.0532 -9.990e-29
 279.951887     -2.985   0.442742    17.1442     7.1397     -2.960     0.2535    -1.0536 -9.990e-29
 279.951892     -2.967   0.442454    17.1465     7.1410     -2.942     0.2533    -1.0541 -9.990e-29
 279.951898     -2.949   0.442357    17.1487     7.1511     -2.924     0.2533    -1.0546 -9.990e-29
 279.951904     -2.931   0.442323    17.1500     7.1506     -2.907     0.2532    -1.0548 -9.990e-29
 279.951910     -2.911   0.442302    17.1501     7.1535     -2.887     0.2532    -1.0549 -9.990e-29
 279.951916     -2.889   0.442266    17.1490     7.1462     -2.865     0.2532    -1.0547 -9.990e-29
 279.951921     -2.866   0.442168    17.1471     7.1504     -2.842     0.2532    -1.0544 -9.990e-29
 279.951927     -2.845   0.441876    17.1447     7.1540     -2.821     0.2530    -1.0541 -9.990e-29
 279.951933     -2.822   0.441556    17.1430     7.1524     -2.798     0.2528    -1.0539 -9.990e-29
 279.951939     -2.799   0.441335    17.1431     7.1541     -2.776     0.2527    -1.0540 -9.990e-29
 279.951944     -2.786   0.440917    17.1445     7.1507     -2.763     0.2525    -1.0545 -9.990e-29
 279.951950     -2.785   0.440302    17.1457     7.1506     -2.762     0.2521    -1.0550 -9.990e-29
 279.951956     -2.785   0.439778    17.1455     7.1504     -2.762     0.2518    -1.0552 -9.990e-29
 279.951962     -2.778   0.439759    17.1443     7.1498     -2.755     0.2518    -1.0550 -9.990e-29
 279.951968     -2.765   0.440218    17.1430     7.1492     -2.742     0.2521    -1.0545 -9.990e-29
 279.951973     -2.752   0.440654    17.1416     7.1484     -2.729     0.2523    -1.0541 -9.990e-29
 279.951979     -2.742   0.441093    17.1405     7.1480     -2.719     0.2526    -1.0537 -9.990e-29
 279.951985     -2.737   0.441562    17.1397     7.1474     -2.714     0.2529    -1.0533 -9.990e-29
 279.951991     -2.734   0.441575    17.1395     7.1472     -2.711     0.2529    -1.0533 -9.990e-29
 279.951997     -2.730   0.441148    17.1400     7.1473     -2.707     0.2526    -1.0536 -9.990e-29
 279.952002     -2.720   0.440820    17.1412     7.1418     -2.697     0.2524    -1.0539 -9.990e-29
 279.952008     -2.707   0.440711    17.1432     7.1497     -2.684     0.2523    -1.0543 -9.990e-29
 279.952014     -2.696   0.440674    17.1465     7.1523     -2.674     0.2523    -1.0549 -9.990e-29
 279.952020     -2.686   0.440658    17.1506     7.1473     -2.664     0.2523    -1.0557 -9.990e-29
 279.952025     -2.675   0.440640    17.1548     7.1480     -2.653     0.2522    -1.0565 -9.990e-29
 279.952031     -2.663   0.440595    17.1583     7.1528     -2.641     0.2522    -1.0571 -9.990e-29
