data/oxygen options/OCNMS/OCNMS1/raw_data/2014/CAST_KL015_141006faed.cnv
* Sea-Bird SBE19 Data File:
* FileName = C:\2014 Mooring Data\Casts\CAST_KL015_141006.hex
* Software Version 1.59
* Temperature SN = 2997
* Conductivity SN = 2997
* System UpLoad Time = Oct 07 2014 15:50:03
** CAST_KL015_141006
* ds
# nquan = 9                                 
# nvalues = 1139                        
# units = specified
# name 0 = timeJ: Julian Days
# name 1 = prSM: Pressure, Strain Gauge [db]
# name 2 = c0mS/cm: Conductivity [mS/cm]
# name 3 = t090C: Temperature [ITS-90, deg C]
# name 4 = sbeox0ML/L: Oxygen, SBE 43 [ml/l]
# name 5 = depSM: Depth [salt water, m], lat = 47.5
# name 6 = sal00: Salinity, Practical [PSU]
# name 7 = sigma-é00: Density [sigma-theta, kg/m^3]
# name 8 = flag: flag
# span 0 = 279.951111, 279.957697       
# span 1 =     -5.884,     14.790       
# span 2 =   0.404071,  38.341717       
# span 3 =    12.5206,    17.5072       
# span 4 =    -1.7142,    18.5896       
# span 5 =     -5.835,     14.666       
# span 6 =     0.2298,    32.0202       
# span 7 =    -1.1299,    24.1745       
# span 8 = 0.0000e+00, 0.0000e+00       
# interval = seconds: 0.5
# start_time = Oct 06 2014 22:49:36 [Instrument's time stamp, header]
# bad_flag = -9.990e-29
*END*
[from data line 321]
 279.952969     -1.310   0.422427    17.1785     7.1397     -1.299     0.2414    -1.0689 -9.990e-29
 279.952975     -1.317   0.422276    17.1833     7.1407     -1.306     0.2413    -1.0699 -9.990e-29
 279.952980     -1.322   0.421930    17.1885     7.1412     -1.311     0.2411    -1.0709 -9.990e-29
 279.952986     -1.325   0.421484    17.1930     7.1364     -1.314     0.2408    -1.0720 -9.990e-29
 279.952992     -1.327   0.421454    17.1965     7.1347     -1.316     0.2408    -1.0726 -9.990e-29
 279.952998     -1.329   0.421800    17.2004     7.1341     -1.318     0.2409    -1.0732 -9.990e-29
 279.953003     -1.329   0.421871    17.2063     7.1334     -1.318     0.2410    -1.0742 -9.990e-29
 279.953009     -1.329   0.421759    17.2136     7.1255     -1.318     0.2408    -1.0756 -9.990e-29
 279.953015     -1.327   0.421870    17.2212     7.1302     -1.316     0.2409    -1.0769 -9.990e-29
 279.953021     -1.325   0.421797    17.2284     7.1245     -1.314     0.2408    -1.0782 -9.990e-29
 279.953027     -1.322   0.421441    17.2356     7.1243     -1.311     0.2405    -1.0797 -9.990e-29
 279.953032     -1.318   0.421438    17.2437     7.1263     -1.307     0.2405    -1.0812 -9.990e-29
 279.953038     -1.312   0.421783    17.2529     7.1253     -1.301     0.2406    -1.0827 -9.990e-29
 279.953044     -1.304   0.421824    17.2618     7.1295     -1.293     0.2406    -1.0843 -9.990e-29
 279.953050     -1.294   0.421616    17.2688     7.1309     -1.283     0.2405    -1.0856 -9.990e-29
 279.953056     -1.284   0.421436    17.2740     7.1398     -1.273     0.2403    -1.0867 -9.990e-29
 279.953061     -1.280   0.421044    17.2785     7.1419     -1.269     0.2401    -1.0877 -9.990e-29
 279.953067     -1.276   0.420473    17.2823     7.1341     -1.265     0.2397    -1.0886 -9.990e-29
 279.953073     -1.268   0.420070    17.2847     7.1305     -1.257     0.2395    -1.0892 -9.990e-29
 279.953079     -1.255   0.419854    17.2854     7.1341     -1.245     0.2393    -1.0894 -9.990e-29
 279.953084     -1.241   0.419537    17.2835     7.1298     -1.231     0.2392    -1.0892 -9.990e-29
 279.953090     -1.234   0.419251    17.2789     7.1318     -1.224     0.2390    -1.0885 -9.990e-29
 279.953096     -1.232   0.419168    17.2726     7.1303     -1.222     0.2390    -1.0874 -9.990e-29
 279.953102     -1.228   0.419177    17.2650     7.1298     -1.218     0.2391    -1.0860 -9.990e-29
 279.953108     -1.221   0.419289    17.2578     7.1329     -1.211     0.2392    -1.0847 -9.990e-29
 279.953113     -1.215   0.419655    17.2543     7.1327     -1.205     0.2394    -1.0839 -9.990e-29
 279.953119     -1.205   0.420206    17.2546     7.1328     -1.195     0.2397    -1.0837 -9.990e-29
 279.953125     -1.191   0.420562    17.2563     7.1326     -1.181     0.2399    -1.0838 -9.990e-29
 279.953131     -1.180   0.420643    17.2577     7.1327     -1.170     0.2399    -1.0841 -9.990e-29
 279.953137     -1.176   0.420556    17.2584     7.1408     -1.166     0.2399    -1.0842 -9.990e-29
 279.953142     -1.174   0.420185    17.2577     7.1364     -1.164     0.2397    -1.0843 -9.990e-29
 279.953148     -1.170   0.419588    17.2555     7.1361     -1.160     0.2393    -1.0841 -9.990e-29
 279.953154     -1.164   0.419083    17.2532     7.1344     -1.154     0.2391    -1.0839 -9.990e-29
 279.953160     -1.155   0.418550    17.2525     7.1334     -1.145     0.2388    -1.0841 -9.990e-29
 279.953166     -1.147   0.417835    17.2525     7.1376     -1.137     0.2383    -1.0844 -9.990e-29
 279.953171     -1.144   0.417094    17.2525     7.1384     -1.134     0.2379    -1.0847 -9.990e-29
 279.953177     -1.141   0.416452    17.2522     7.1391     -1.131     0.2375    -1.0849 -9.990e-29
 279.953183     -1.134   0.416163    17.2503     7.1473     -1.125     0.2374    -1.0847 -9.990e-29
 279.953189     -1.126   0.416397    17.2456     7.1429     -1.117     0.2375    -1.0838 -9.990e-29
 279.953194     -1.122   0.416907    17.2388     7.1503     -1.113     0.2379    -1.0823 -9.990e-29
 279.953200     -1.121   0.417263    17.2324     7.1426     -1.112     0.2381    -1.0810 -9.990e-29
 279.953206     -1.119   0.417382    17.2279     7.1388     -1.110     0.2382    -1.0801 -9.990e-29
 279.953212     -1.111   0.417423    17.2236     7.1421     -1.102     0.2383    -1.0793 -9.990e-29
 279.953218     -1.102   0.417437    17.2185     7.1417     -1.093     0.2383    -1.0784 -9.990e-29
 279.953223     -1.094   0.417445    17.2130     7.1459     -1.085     0.2383    -1.0774 -9.990e-29
 279.953229     -1.088   0.417455    17.2072     7.1540     -1.079     0.2384    -1.0763 -9.990e-29
 279.953235     -1.083   0.417483    17.2005     7.1485     -1.074     0.2384    -1.0751 -9.990e-29
 279.953241     -1.078   0.417566    17.1929     7.1466     -1.069     0.2385    -1.0737 -9.990e-29
 279.953247     -1.074   0.417813    17.1866     7.1448     -1.065     0.2387    -1.0725 -9.990e-29
 279.953252     -1.070   0.417998    17.1836     7.1425     -1.061     0.2388    -1.0718 -9.990e-29
 279.953258     -1.066   0.417812    17.1809     7.1458     -1.057     0.2387    -1.0714 -9.990e-29
 279.953264     -1.062   0.417564    17.1751     7.1521     -1.053     0.2386    -1.0705 -9.990e-29
 279.953270     -1.061   0.417482    17.1677     7.1530     -1.052     0.2386    -1.0692 -9.990e-29
 279.953275     -1.068   0.417454    17.1612     7.1444     -1.059     0.2386    -1.0680 -9.990e-29
 279.953281     -1.079   0.417444    17.1569     7.1398     -1.070     0.2386    -1.0673 -9.990e-29
 279.953287     -1.086   0.417441    17.1553     7.1352     -1.077     0.2386    -1.0670 -9.990e-29
 279.953293     -1.086   0.417440    17.1556     7.1362     -1.077     0.2386    -1.0670 -9.990e-29
 279.953299     -1.082   0.417439    17.1572     7.1458     -1.073     0.2386    -1.0673 -9.990e-29
 279.953304     -1.079   0.417439    17.1598     7.1466     -1.070     0.2386    -1.0678 -9.990e-29
 279.953310     -1.076   0.417438    17.1634     7.1384     -1.067     0.2386    -1.0684 -9.990e-29
 279.953316     -1.074   0.417438    17.1685     7.1337     -1.065     0.2386    -1.0694 -9.990e-29
 279.953322     -1.071   0.417438    17.1750     7.1361     -1.062     0.2385    -1.0705 -9.990e-29
 279.953328     -1.069   0.417437    17.1826     7.1304     -1.060     0.2385    -1.0719 -9.990e-29
 279.953333     -1.066   0.417437    17.1906     7.1369     -1.057     0.2384    -1.0733 -9.990e-29
 279.953339     -1.063   0.417436    17.1982     7.1279     -1.054     0.2384    -1.0747 -9.990e-29
 279.953345     -1.060   0.417434    17.2052     7.1231     -1.051     0.2384    -1.0760 -9.990e-29
 279.953351     -1.055   0.417429    17.2122     7.1238     -1.046     0.2383    -1.0773 -9.990e-29
 279.953356     -1.050   0.417415    17.2194     7.1214     -1.041     0.2383    -1.0786 -9.990e-29
 279.953362     -1.043   0.417373    17.2275     7.1239     -1.034     0.2382    -1.0800 -9.990e-29
 279.953368     -1.035   0.417249    17.2371     7.1453     -1.026     0.2381    -1.0818 -9.990e-29
 279.953374     -1.028   0.416878    17.2482     7.1285     -1.019     0.2378    -1.0840 -9.990e-29
 279.953380     -1.027   0.416320    17.2608     7.1304     -1.018     0.2374    -1.0866 -9.990e-29
 279.953385     -1.031   0.415945    17.2740     7.1190     -1.022     0.2371    -1.0891 -9.990e-29
 279.953391     -1.042   0.415807    17.2860     7.1111     -1.033     0.2370    -1.0914 -9.990e-29
 279.953397     -1.055   0.415724    17.2958     7.1191     -1.046     0.2369    -1.0932 -9.990e-29
 279.953403     -1.067   0.415587    17.3035     7.1168     -1.058     0.2367    -1.0946 -9.990e-29
 279.953409     -1.079   0.415211    17.3094     7.1186     -1.070     0.2365    -1.0959 -9.990e-29
 279.953414     -1.091   0.414652    17.3139     7.1182     -1.082     0.2361    -1.0970 -9.990e-29
 279.953420     -1.104   0.414279    17.3171     7.1174     -1.095     0.2359    -1.0977 -9.990e-29
 279.953426     -1.111   0.414151    17.3201     7.1167     -1.102     0.2358    -1.0983 -9.990e-29
 279.953432     -1.103   0.414095    17.3238     7.1164     -1.094     0.2358    -1.0990 -9.990e-29
 279.953438     -1.088   0.414040    17.3288     7.1159     -1.079     0.2357    -1.0999 -9.990e-29
 279.953443     -1.075   0.413912    17.3344     7.1154     -1.066     0.2356    -1.1010 -9.990e-29
 279.953449     -1.061   0.413539    17.3397     7.1083     -1.052     0.2354    -1.1022 -9.990e-29
 279.953455     -1.047   0.412982    17.3456     7.1149     -1.038     0.2350    -1.1035 -9.990e-29
 279.953461     -1.032   0.412609    17.3523     7.1161     -1.023     0.2348    -1.1049 -9.990e-29
 279.953466     -1.014   0.412480    17.3584     7.1167     -1.006     0.2346    -1.1060 -9.990e-29
 279.953472     -0.996   0.412425    17.3634     7.1179     -0.988     0.2346    -1.1070 -9.990e-29
 279.953478     -0.987   0.412370    17.3675     7.1147     -0.979     0.2345    -1.1077 -9.990e-29
 279.953484     -0.984   0.412242    17.3709     7.1165     -0.976     0.2344    -1.1084 -9.990e-29
 279.953490     -0.985   0.411871    17.3734     7.1185     -0.977     0.2342    -1.1090 -9.990e-29
 279.953495     -0.989   0.411318    17.3749     7.1193     -0.981     0.2339    -1.1096 -9.990e-29
 279.953501     -0.992   0.410959    17.3746     7.1203     -0.984     0.2337    -1.1097 -9.990e-29
 279.953507     -0.989   0.410872    17.3739     7.1213     -0.981     0.2336    -1.1096 -9.990e-29
 279.953513     -0.982   0.410940    17.3754     7.1219     -0.974     0.2337    -1.1098 -9.990e-29
 279.953519     -0.973   0.411256    17.3784     7.1219     -0.965     0.2338    -1.1102 -9.990e-29
 279.953524     -0.966   0.411683    17.3799     7.1215     -0.958     0.2341    -1.1103 -9.990e-29
 279.953530     -0.961   0.411681    17.3768     7.1142     -0.953     0.2341    -1.1098 -9.990e-29
 279.953536     -0.961   0.411247    17.3686     7.1207     -0.953     0.2339    -1.1084 -9.990e-29
 279.953542     -0.968   0.410916    17.3589     7.1225     -0.960     0.2337    -1.1068 -9.990e-29
 279.953547     -0.972   0.410801    17.3507     7.1255     -0.964     0.2337    -1.1054 -9.990e-29
 279.953553     -0.970   0.410750    17.3440     7.1270     -0.962     0.2337    -1.1042 -9.990e-29
 279.953559     -0.961   0.410696    17.3386     7.1229     -0.953     0.2337    -1.1032 -9.990e-29
 279.953565     -0.950   0.410568    17.3352     7.1222     -0.942     0.2337    -1.1027 -9.990e-29
 279.953571     -0.939   0.410194    17.3340     7.1222     -0.931     0.2334    -1.1026 -9.990e-29
 279.953576     -0.929   0.409633    17.3339     7.1156     -0.921     0.2331    -1.1028 -9.990e-29
 279.953582     -0.917   0.409248    17.3329     7.1159     -0.909     0.2329    -1.1028 -9.990e-29
 279.953588     -0.905   0.409083    17.3303     7.1252     -0.897     0.2328    -1.1024 -9.990e-29
 279.953594     -0.895   0.408917    17.3268     7.1285     -0.888     0.2327    -1.1019 -9.990e-29
 279.953600     -0.886   0.408531    17.3241     7.1318     -0.879     0.2325    -1.1015 -9.990e-29
 279.953605     -0.874   0.407965    17.3240     7.1305     -0.867     0.2322    -1.1018 -9.990e-29
 279.953611     -0.863   0.407579    17.3263     7.1268     -0.856     0.2320    -1.1024 -9.990e-29
 279.953617     -0.855   0.407414    17.3282     7.1268     -0.848     0.2319    -1.1028 -9.990e-29
 279.953623     -0.850   0.407248    17.3271     7.1262     -0.843     0.2318    -1.1027 -9.990e-29
 279.953628     -0.849   0.406863    17.3215     7.1187     -0.842     0.2316    -1.1018 -9.990e-29
 279.953634     -0.850   0.406302    17.3125     7.1234     -0.843     0.2313    -1.1004 -9.990e-29
 279.953640     -0.850   0.405930    17.3046     7.1249     -0.843     0.2311    -1.0992 -9.990e-29
 279.953646     -0.845   0.405806    17.3007     7.1256     -0.838     0.2311    -1.0985 -9.990e-29
 279.953652     -0.838   0.405764    17.2992     7.1273     -0.831     0.2311    -1.0983 -9.990e-29
 279.953657     -0.833   0.405750    17.2986     7.1232     -0.826     0.2311    -1.0982 -9.990e-29
 279.953663     -0.830   0.405745    17.2992     7.1235     -0.823     0.2310    -1.0983 -9.990e-29
 279.953669     -0.829   0.405742    17.3008     7.1236     -0.822     0.2310    -1.0986 -9.990e-29
 279.953675     -0.830   0.405740    17.3032     7.1162     -0.823     0.2310    -1.0990 -9.990e-29
 279.953681     -0.832   0.405735    17.3061     7.1136     -0.825     0.2310    -1.0995 -9.990e-29
 279.953686     -0.836   0.405721    17.3095     7.1203     -0.829     0.2310    -1.1001 -9.990e-29
 279.953692     -0.838   0.405679    17.3135     7.1230     -0.831     0.2309    -1.1009 -9.990e-29
 279.953698     -0.833   0.405555    17.3173     7.1261     -0.826     0.2308    -1.1016 -9.990e-29
 279.953704     -0.826   0.405184    17.3203     7.1159     -0.819     0.2306    -1.1024 -9.990e-29
 279.953709     -0.821   0.404628    17.3223     7.1184     -0.814     0.2303    -1.1030 -9.990e-29
 279.953715     -0.817   0.404258    17.3231     7.1135     -0.810     0.2301    -1.1033 -9.990e-29
 279.953721     -0.814   0.404134    17.3237     7.1216     -0.807     0.2300    -1.1034 -9.990e-29
 279.953727     -0.811   0.404092    17.3256     7.1200     -0.804     0.2299    -1.1038 -9.990e-29
 279.953733     -0.809   0.404078    17.3292     7.1184     -0.802     0.2299    -1.1045 -9.990e-29
 279.953738     -0.808   0.404073    17.3335     7.1225     -0.801     0.2299    -1.1053 -9.990e-29
 279.953744     -0.806   0.404071    17.3375     7.1297     -0.799     0.2299    -1.1060 -9.990e-29
 279.953750     -0.805   0.404071    17.3412     7.1360     -0.798     0.2298    -1.1067 -9.990e-29
 279.953756     -0.804   0.404072    17.3439     7.1296     -0.797     0.2298    -1.1071 -9.990e-29
 279.953762     -0.803   0.404077    17.3434     7.1261     -0.796     0.2298    -1.1071 -9.990e-29
 279.953767     -0.802   0.404091    17.3390     7.1296     -0.795     0.2299    -1.1062 -9.990e-29
 279.953773     -0.802   0.404135    17.3308     7.1248     -0.795     0.2299    -1.1047 -9.990e-29
 279.953779     -0.801   0.404268    17.3192     7.1262     -0.794     0.2301    -1.1026 -9.990e-29
 279.953785     -0.800   0.404667    17.3058     7.1245     -0.793     0.2304    -1.0999 -9.990e-29
 279.953791     -0.798   0.405308    17.2926     7.1288     -0.791     0.2308    -1.0973 -9.990e-29
 279.953796     -0.797   0.405935    17.2813     7.1329     -0.790     0.2312    -1.0949 -9.990e-29
 279.953802     -0.795   0.406271    17.2729     7.1251     -0.788     0.2315    -1.0933 -9.990e-29
 279.953808     -0.792   0.406211    17.2679     7.1213     -0.785     0.2315    -1.0924 -9.990e-29
 279.953814     -0.789   0.406229    17.2669     7.1171     -0.782     0.2315    -1.0922 -9.990e-29
 279.953819     -0.785   0.406351    17.2692     7.1186     -0.778     0.2316    -1.0925 -9.990e-29
 279.953825     -0.779   0.406183    17.2726     7.1301     -0.773     0.2314    -1.0932 -9.990e-29
 279.953831     -0.777   0.406060    17.2754     7.1248     -0.771     0.2314    -1.0938 -9.990e-29
 279.953837     -0.781   0.406372    17.2788     7.1228     -0.774     0.2315    -1.0943 -9.990e-29
 279.953843     -0.788   0.406982    17.2840     7.1207     -0.781     0.2318    -1.0949 -9.990e-29
 279.953848     -0.794   0.407591    17.2896     7.1253     -0.787     0.2322    -1.0957 -9.990e-29
 279.953854     -0.800   0.407898    17.2942     7.1227     -0.793     0.2323    -1.0964 -9.990e-29
 279.953860     -0.806   0.407757    17.2981     7.1281     -0.799     0.2322    -1.0972 -9.990e-29
 279.953866     -0.811   0.407537    17.3010     7.1205     -0.804     0.2321    -1.0978 -9.990e-29
 279.953872     -0.818   0.407500    17.3014     7.1248     -0.811     0.2321    -1.0979 -9.990e-29
 279.953877     -0.825   0.407597    17.2997     7.1202     -0.818     0.2321    -1.0975 -9.990e-29
 279.953883     -0.829   0.407958    17.2989     7.1164     -0.822     0.2323    -1.0972 -9.990e-29
