data/oxygen options/OCNMS/OCNMS1/raw_data/2014/CAST_MB015_140904faed.cnv
* Sea-Bird SBE19 Data File:
* FileName = C:\2014 Mooring Data\Casts\CAST_MB015_140904.hex
* Software Version 1.59
* Temperature SN = 2997
* Conductivity SN = 2997
* System UpLoad Time = Sep 05 2014 18:06:21
** CAST_MB015_140904
* ds
# nquan = 9                                 
# nvalues = 960                         
# units = specified
# name 0 = timeJ: Julian Days
# name 1 = prSM: Pressure, Strain Gauge [db]
# name 2 = c0mS/cm: Conductivity [mS/cm]
# name 3 = t090C: Temperature [ITS-90, deg C]
# name 4 = sbeox0ML/L: Oxygen, SBE 43 [ml/l]
# name 5 = depSM: Depth [salt water, m], lat = 47.5
# name 6 = sal00: Salinity, Practical [PSU]
# name 7 = sigma-é00: Density [sigma-theta, kg/m^3]
# name 8 = flag: flag
# span 0 = 247.786296, 247.791846       
# span 1 =     -5.681,     16.715       
# span 2 =   0.559281,  38.680129       
# span 3 =     9.6184,    18.0809       
# span 4 =    -1.6978,    15.6181       
# span 5 =     -5.634,     16.575       
# span 6 =     0.3193,    32.8972       
# span 7 =    -1.1344,    25.3538       
# span 8 = 0.0000e+00, 0.0000e+00       
# interval = seconds: 0.5
# start_time = Sep 04 2014 18:52:16 [Instrument's time stamp, header]
# bad_flag = -9.990e-29
*END*
[from data line 161]
 247.787228     -2.368   0.615733    17.9172     5.9611     -2.348     0.3495    -1.1192 -9.990e-29
 247.787234     -2.351   0.615747    17.9159     5.9621     -2.331     0.3495    -1.1189 -9.990e-29
 247.787240     -2.331   0.615751    17.9146     5.9543     -2.312     0.3495    -1.1187 -9.990e-29
 247.787245     -2.309   0.615753    17.9147     5.9514     -2.290     0.3495    -1.1187 -9.990e-29
 247.787251     -2.288   0.615755    17.9155     5.9562     -2.269     0.3495    -1.1189 -9.990e-29
 247.787257     -2.268   0.615760    17.9162     5.9581     -2.249     0.3495    -1.1190 -9.990e-29
 247.787263     -2.251   0.615773    17.9171     5.9594     -2.232     0.3495    -1.1192 -9.990e-29
 247.787269     -2.241   0.615814    17.9187     5.9559     -2.222     0.3495    -1.1194 -9.990e-29
 247.787274     -2.232   0.615936    17.9209     5.9537     -2.213     0.3496    -1.1198 -9.990e-29
 247.787280     -2.219   0.616303    17.9234     5.9623     -2.200     0.3498    -1.1201 -9.990e-29
 247.787286     -2.207   0.616847    17.9265     5.9651     -2.189     0.3501    -1.1205 -9.990e-29
 247.787292     -2.199   0.617181    17.9290     5.9638     -2.181     0.3503    -1.1208 -9.990e-29
 247.787297     -2.193   0.617196    17.9294     5.9546     -2.175     0.3503    -1.1209 -9.990e-29
 247.787303     -2.191   0.616911    17.9306     5.9492     -2.173     0.3501    -1.1212 -9.990e-29
 247.787309     -2.191   0.616505    17.9368     5.9489     -2.173     0.3498    -1.1226 -9.990e-29
 247.787315     -2.189   0.616546    17.9469     5.9570     -2.171     0.3497    -1.1245 -9.990e-29
 247.787321     -2.181   0.617089    17.9538     5.9619     -2.163     0.3500    -1.1256 -9.990e-29
 247.787326     -2.171   0.617748    17.9528     5.9609     -2.153     0.3504    -1.1251 -9.990e-29
 247.787332     -2.163   0.618289    17.9470     5.9585     -2.145     0.3508    -1.1237 -9.990e-29
 247.787338     -2.155   0.618320    17.9437     5.9550     -2.137     0.3508    -1.1231 -9.990e-29
 247.787344     -2.147   0.617886    17.9456     5.9546     -2.129     0.3505    -1.1236 -9.990e-29
 247.787350     -2.140   0.617520    17.9499     5.9609     -2.122     0.3503    -1.1246 -9.990e-29
 247.787355     -2.131   0.617288    17.9540     5.9620     -2.113     0.3501    -1.1255 -9.990e-29
 247.787361     -2.122   0.616881    17.9579     5.9620     -2.104     0.3498    -1.1265 -9.990e-29
 247.787367     -2.110   0.616313    17.9616     5.9607     -2.092     0.3495    -1.1274 -9.990e-29
 247.787373     -2.096   0.615938    17.9659     5.9579     -2.079     0.3492    -1.1284 -9.990e-29
 247.787378     -2.079   0.615811    17.9713     5.9587     -2.062     0.3491    -1.1295 -9.990e-29
 247.787384     -2.061   0.615764    17.9766     5.9587     -2.044     0.3490    -1.1305 -9.990e-29
 247.787390     -2.046   0.615736    17.9811     5.9589     -2.029     0.3490    -1.1314 -9.990e-29
 247.787396     -2.029   0.615690    17.9857     5.9652     -2.012     0.3489    -1.1323 -9.990e-29
 247.787402     -2.009   0.615563    17.9901     5.9667     -1.992     0.3488    -1.1332 -9.990e-29
 247.787407     -1.992   0.615187    17.9930     5.9600     -1.975     0.3486    -1.1339 -9.990e-29
 247.787413     -1.978   0.614617    17.9939     5.9651     -1.962     0.3482    -1.1344 -9.990e-29
 247.787419     -1.962   0.614203    17.9926     5.9649     -1.946     0.3480    -1.1343 -9.990e-29
 247.787425     -1.947   0.613951    17.9897     5.9681     -1.931     0.3479    -1.1339 -9.990e-29
 247.787431     -1.935   0.613525    17.9866     5.9711     -1.919     0.3477    -1.1335 -9.990e-29
 247.787436     -1.928   0.612914    17.9850     5.9707     -1.912     0.3473    -1.1334 -9.990e-29
 247.787442     -1.923   0.612415    17.9854     5.9730     -1.907     0.3470    -1.1337 -9.990e-29
 247.787448     -1.921   0.611920    17.9866     5.9726     -1.905     0.3467    -1.1342 -9.990e-29
 247.787454     -1.921   0.611324    17.9860     5.9640     -1.905     0.3464    -1.1343 -9.990e-29
 247.787459     -1.920   0.610944    17.9819     5.9604     -1.904     0.3462    -1.1337 -9.990e-29
 247.787465     -1.913   0.610830    17.9737     5.9526     -1.897     0.3462    -1.1322 -9.990e-29
 247.787471     -1.903   0.610828    17.9625     5.9520     -1.887     0.3463    -1.1300 -9.990e-29
 247.787477     -1.895   0.610937    17.9496     5.9618     -1.879     0.3464    -1.1275 -9.990e-29
 247.787483     -1.888   0.611302    17.9347     5.9645     -1.872     0.3468    -1.1245 -9.990e-29
 247.787488     -1.881   0.611855    17.9188     5.9748     -1.865     0.3472    -1.1212 -9.990e-29
 247.787494     -1.874   0.612221    17.9077     5.9750     -1.858     0.3475    -1.1189 -9.990e-29
 247.787500     -1.867   0.612332    17.9065     5.9715     -1.851     0.3476    -1.1187 -9.990e-29
 247.787506     -1.859   0.612336    17.9139     5.9768     -1.843     0.3475    -1.1201 -9.990e-29
 247.787512     -1.849   0.612238    17.9240     5.9752     -1.834     0.3474    -1.1220 -9.990e-29
 247.787517     -1.837   0.611908    17.9324     5.9748     -1.822     0.3471    -1.1238 -9.990e-29
 247.787523     -1.823   0.611464    17.9384     5.9795     -1.808     0.3468    -1.1251 -9.990e-29
 247.787529     -1.805   0.611425    17.9432     5.9846     -1.790     0.3468    -1.1261 -9.990e-29
 247.787535     -1.782   0.611739    17.9468     5.9850     -1.767     0.3469    -1.1266 -9.990e-29
 247.787541     -1.757   0.611713    17.9484     5.9758     -1.742     0.3469    -1.1269 -9.990e-29
 247.787546     -1.736   0.611313    17.9488     5.9761     -1.722     0.3467    -1.1272 -9.990e-29
 247.787552     -1.724   0.611116    17.9495     5.9741     -1.710     0.3465    -1.1274 -9.990e-29
 247.787558     -1.715   0.611417    17.9510     5.9747     -1.701     0.3467    -1.1276 -9.990e-29
 247.787564     -1.700   0.612060    17.9535     5.9764     -1.686     0.3471    -1.1278 -9.990e-29
 247.787569     -1.677   0.612790    17.9572     5.9677     -1.663     0.3475    -1.1281 -9.990e-29
 247.787575     -1.658   0.613469    17.9618     5.9749     -1.644     0.3478    -1.1287 -9.990e-29
 247.787581     -1.651   0.613891    17.9671     5.9781     -1.637     0.3480    -1.1295 -9.990e-29
 247.787587     -1.651   0.614064    17.9731     5.9822     -1.637     0.3481    -1.1306 -9.990e-29
 247.787593     -1.653   0.614220    17.9783     5.9866     -1.639     0.3481    -1.1315 -9.990e-29
 247.787598     -1.658   0.614566    17.9821     5.9857     -1.644     0.3483    -1.1321 -9.990e-29
 247.787604     -1.666   0.615005    17.9855     5.9946     -1.652     0.3485    -1.1326 -9.990e-29
 247.787610     -1.673   0.615011    17.9878     5.9906     -1.659     0.3485    -1.1330 -9.990e-29
 247.787616     -1.671   0.614592    17.9855     5.9972     -1.657     0.3483    -1.1328 -9.990e-29
 247.787622     -1.661   0.614304    17.9768     5.9916     -1.647     0.3482    -1.1312 -9.990e-29
 247.787627     -1.649   0.614317    17.9638     5.9879     -1.635     0.3483    -1.1287 -9.990e-29
 247.787633     -1.639   0.614651    17.9478     5.9887     -1.625     0.3486    -1.1255 -9.990e-29
 247.787639     -1.631   0.615195    17.9287     5.9858     -1.617     0.3491    -1.1216 -9.990e-29
 247.787645     -1.625   0.615562    17.9085     5.9809     -1.611     0.3495    -1.1176 -9.990e-29
 247.787650     -1.619   0.615684    17.8898     5.9788     -1.605     0.3497    -1.1140 -9.990e-29
 247.787656     -1.614   0.615726    17.8741     5.9851     -1.601     0.3499    -1.1110 -9.990e-29
 247.787662     -1.609   0.615742    17.8613     5.9877     -1.596     0.3500    -1.1085 -9.990e-29
 247.787668     -1.604   0.615755    17.8512     5.9898     -1.591     0.3501    -1.1066 -9.990e-29
 247.787674     -1.599   0.615783    17.8449     5.9950     -1.586     0.3501    -1.1054 -9.990e-29
 247.787679     -1.593   0.615861    17.8447     5.9927     -1.580     0.3502    -1.1053 -9.990e-29
 247.787685     -1.586   0.616095    17.8497     5.9923     -1.573     0.3503    -1.1061 -9.990e-29
 247.787691     -1.577   0.616239    17.8574     5.9903     -1.564     0.3503    -1.1075 -9.990e-29
 247.787697     -1.566   0.615929    17.8652     5.9938     -1.553     0.3500    -1.1092 -9.990e-29
 247.787703     -1.552   0.615311    17.8720     5.9954     -1.539     0.3496    -1.1107 -9.990e-29
 247.787708     -1.538   0.614673    17.8781     5.9948     -1.525     0.3492    -1.1122 -9.990e-29
 247.787714     -1.529   0.614275    17.8846     6.0003     -1.516     0.3489    -1.1136 -9.990e-29
 247.787720     -1.518   0.614142    17.8913     5.9984     -1.505     0.3488    -1.1149 -9.990e-29
 247.787726     -1.502   0.614098    17.8972     5.9988     -1.489     0.3487    -1.1161 -9.990e-29
 247.787731     -1.483   0.614085    17.9019     5.9974     -1.471     0.3487    -1.1170 -9.990e-29
 247.787737     -1.469   0.614084    17.9056     5.9924     -1.457     0.3486    -1.1177 -9.990e-29
 247.787743     -1.458   0.614095    17.9087     5.9897     -1.446     0.3486    -1.1183 -9.990e-29
 247.787749     -1.446   0.614134    17.9113     5.9891     -1.434     0.3486    -1.1188 -9.990e-29
 247.787755     -1.433   0.614256    17.9138     5.9905     -1.421     0.3487    -1.1192 -9.990e-29
 247.787760     -1.417   0.614621    17.9163     5.9912     -1.405     0.3489    -1.1195 -9.990e-29
 247.787766     -1.401   0.615163    17.9181     5.9924     -1.389     0.3492    -1.1196 -9.990e-29
 247.787772     -1.389   0.615493    17.9191     6.0000     -1.377     0.3493    -1.1196 -9.990e-29
 247.787778     -1.379   0.615493    17.9200     5.9950     -1.367     0.3493    -1.1198 -9.990e-29
 247.787784     -1.372   0.615164    17.9240     5.9934     -1.361     0.3491    -1.1207 -9.990e-29
 247.787789     -1.367   0.614626    17.9337     5.9990     -1.356     0.3487    -1.1228 -9.990e-29
 247.787795     -1.364   0.614273    17.9446     5.9992     -1.353     0.3484    -1.1251 -9.990e-29
 247.787801     -1.362   0.614191    17.9491     6.0023     -1.351     0.3483    -1.1260 -9.990e-29
 247.787807     -1.361   0.614270    17.9461     6.0074     -1.350     0.3484    -1.1253 -9.990e-29
 247.787813     -1.362   0.614619    17.9398     5.9988     -1.351     0.3487    -1.1240 -9.990e-29
 247.787818     -1.364   0.615147    17.9332     5.9971     -1.353     0.3490    -1.1225 -9.990e-29
 247.787824     -1.367   0.615446    17.9276     5.9956     -1.356     0.3493    -1.1213 -9.990e-29
 247.787830     -1.372   0.615358    17.9238     5.9937     -1.361     0.3492    -1.1206 -9.990e-29
 247.787836     -1.374   0.615323    17.9219     5.9963     -1.363     0.3492    -1.1203 -9.990e-29
 247.787841     -1.370   0.615851    17.9211     6.0030     -1.359     0.3495    -1.1199 -9.990e-29
 247.787847     -1.363   0.616535    17.9209     5.9972     -1.352     0.3499    -1.1195 -9.990e-29
 247.787853     -1.358   0.616618    17.9216     5.9962     -1.347     0.3500    -1.1196 -9.990e-29
 247.787859     -1.354   0.616212    17.9227     6.0021     -1.343     0.3497    -1.1200 -9.990e-29
 247.787865     -1.350   0.615890    17.9234     6.0025     -1.339     0.3495    -1.1203 -9.990e-29
 247.787870     -1.347   0.615779    17.9239     6.0056     -1.336     0.3495    -1.1204 -9.990e-29
 247.787876     -1.345   0.615731    17.9248     6.0039     -1.334     0.3494    -1.1206 -9.990e-29
 247.787882     -1.342   0.615682    17.9268     6.0001     -1.331     0.3494    -1.1210 -9.990e-29
 247.787888     -1.340   0.615568    17.9299     5.9995     -1.329     0.3493    -1.1217 -9.990e-29
 247.787894     -1.337   0.615237    17.9326     5.9981     -1.326     0.3491    -1.1223 -9.990e-29
 247.787899     -1.334   0.614803    17.9332     5.9970     -1.323     0.3488    -1.1226 -9.990e-29
 247.787905     -1.331   0.614801    17.9315     5.9958     -1.320     0.3488    -1.1223 -9.990e-29
 247.787911     -1.327   0.615228    17.9290     5.9949     -1.316     0.3491    -1.1216 -9.990e-29
 247.787917     -1.321   0.615544    17.9273     5.9944     -1.310     0.3493    -1.1212 -9.990e-29
 247.787922     -1.315   0.615612    17.9274     5.9948     -1.304     0.3493    -1.1212 -9.990e-29
 247.787928     -1.307   0.615525    17.9296     5.9949     -1.296     0.3493    -1.1216 -9.990e-29
 247.787934     -1.297   0.615166    17.9340     5.9956     -1.286     0.3490    -1.1226 -9.990e-29
 247.787940     -1.288   0.614614    17.9404     5.9950     -1.277     0.3487    -1.1241 -9.990e-29
 247.787946     -1.284   0.614244    17.9487     6.0022     -1.273     0.3484    -1.1259 -9.990e-29
 247.787951     -1.280   0.614120    17.9579     6.0037     -1.269     0.3482    -1.1277 -9.990e-29
 247.787957     -1.273   0.614078    17.9664     6.0042     -1.262     0.3481    -1.1293 -9.990e-29
 247.787963     -1.262   0.614064    17.9733     6.0028     -1.251     0.3481    -1.1306 -9.990e-29
 247.787969     -1.245   0.614059    17.9771     5.9996     -1.235     0.3480    -1.1314 -9.990e-29
 247.787975     -1.227   0.614057    17.9777     5.9995     -1.217     0.3480    -1.1315 -9.990e-29
 247.787980     -1.214   0.614056    17.9763     5.9994     -1.204     0.3480    -1.1312 -9.990e-29
 247.787986     -1.210   0.614056    17.9748     5.9993     -1.200     0.3481    -1.1309 -9.990e-29
 247.787992     -1.214   0.614055    17.9743     5.9999     -1.204     0.3481    -1.1308 -9.990e-29
 247.787998     -1.224   0.614055    17.9742     5.9998     -1.214     0.3481    -1.1308 -9.990e-29
 247.788003     -1.230   0.614055    17.9734     6.0062     -1.220     0.3481    -1.1307 -9.990e-29
 247.788009     -1.230   0.614057    17.9722     6.0004     -1.220     0.3481    -1.1304 -9.990e-29
 247.788015     -1.222   0.614064    17.9713     6.0052     -1.212     0.3481    -1.1303 -9.990e-29
 247.788021     -1.210   0.614083    17.9709     6.0045     -1.200     0.3481    -1.1302 -9.990e-29
 247.788027     -1.203   0.614141    17.9707     6.0026     -1.193     0.3481    -1.1301 -9.990e-29
 247.788032     -1.201   0.614316    17.9708     6.0041     -1.191     0.3482    -1.1301 -9.990e-29
 247.788038     -1.193   0.614844    17.9706     6.0081     -1.183     0.3485    -1.1298 -9.990e-29
 247.788044     -1.181   0.615871    17.9699     6.0017     -1.171     0.3492    -1.1292 -9.990e-29
 247.788050     -1.171   0.617099    17.9704     5.9995     -1.161     0.3499    -1.1287 -9.990e-29
 247.788056     -1.167   0.618498    17.9728     5.9978     -1.157     0.3507    -1.1286 -9.990e-29
 247.788061     -1.165   0.620267    17.9763     6.0022     -1.155     0.3517    -1.1284 -9.990e-29
 247.788067     -1.160   0.621986    17.9804     6.0063     -1.150     0.3526    -1.1284 -9.990e-29
 247.788073     -1.153   0.623723    17.9841     6.0053     -1.143     0.3536    -1.1284 -9.990e-29
 247.788079     -1.142   0.627237    17.9865     5.9958     -1.132     0.3557    -1.1273 -9.990e-29
 247.788084     -1.131   0.632767    17.9875     5.9899     -1.122     0.3589    -1.1250 -9.990e-29
 247.788090     -1.124   0.638236    17.9886     5.9884     -1.115     0.3621    -1.1227 -9.990e-29
 247.788096     -1.121   0.643709    17.9901     5.9880     -1.112     0.3653    -1.1205 -9.990e-29
 247.788102     -1.120   0.651477    17.9909     5.9900     -1.111     0.3698    -1.1172 -9.990e-29
 247.788108     -1.118   0.665228    17.9920     5.9879     -1.109     0.3779    -1.1112 -9.990e-29
 247.788113     -1.111   0.685504    17.9951     5.9878     -1.102     0.3898    -1.1027 -9.990e-29
 247.788119     -1.102   0.706536    17.9992     5.9874     -1.093     0.4021    -1.0940 -9.990e-29
 247.788125     -1.094   0.724674    18.0036     5.9876     -1.085     0.4127    -1.0866 -9.990e-29
 247.788131     -1.088   0.741862    18.0090     5.9947     -1.079     0.4228    -1.0799 -9.990e-29
 247.788137     -1.084   0.759887    18.0164     5.9894     -1.075     0.4334    -1.0731 -9.990e-29
 247.788142     -1.080   0.777206    18.0266     5.9875     -1.071     0.4435    -1.0673 -9.990e-29
