data/oxygen options/OCNMS/OCNMS1/raw_data/2014/CAST_CE042_141006faed.cnv
* Sea-Bird SBE19 Data File:
* FileName = C:\2014 Mooring Data\Casts\CAST_CE042_141006.hex
* Software Version 1.59
* Temperature SN = 2997
* Conductivity SN = 2997
* System UpLoad Time = Oct 06 2014 19:31:51
** CAST_CE042_141006
* ds
# nquan = 9                                 
# nvalues = 1251                        
# units = specified
# name 0 = timeJ: Julian Days
# name 1 = prSM: Pressure, Strain Gauge [db]
# name 2 = c0mS/cm: Conductivity [mS/cm]
# name 3 = t090C: Temperature [ITS-90, deg C]
# name 4 = sbeox0ML/L: Oxygen, SBE 43 [ml/l]
# name 5 = depSM: Depth [salt water, m], lat = 47.5
# name 6 = sal00: Salinity, Practical [PSU]
# name 7 = sigma-é00: Density [sigma-theta, kg/m^3]
# name 8 = flag: flag
# span 0 = 279.784468, 279.791701       
# span 1 =     -5.798,     45.312       
# span 2 =   0.023972,  40.428301       
# span 3 =     8.1736,    17.2016       
# span 4 =    -1.7289,    13.1909       
# span 5 =     -5.750,     44.929       
# span 6 =     0.0185,    33.2058       
# span 7 =    -1.2423,    25.8399       
# span 8 = 0.0000e+00, 0.0000e+00       
# interval = seconds: 0.5
# start_time = Oct 06 2014 18:49:38 [Instrument's time stamp, header]
# bad_flag = -9.990e-29
*END*
[from data line 961]
 279.790029     38.526  34.911009     8.5281     3.3726     38.201    33.0855    25.6925 0.0000e+00
 279.790035     38.378  34.923891     8.5431     3.4115     38.054    33.0851    25.6899 0.0000e+00
 279.790041     38.234  34.936765     8.5566     3.4387     37.911    33.0860    25.6886 0.0000e+00
 279.790046     38.089  34.946454     8.5690     3.4711     37.768    33.0847    25.6856 0.0000e+00
 279.790052     37.937  34.954353     8.5819     3.5109     37.617    33.0809    25.6808 0.0000e+00
 279.790058     37.778  34.962513     8.5981     3.5545     37.459    33.0744    25.6732 0.0000e+00
 279.790064     37.610  34.972073     8.6235     3.6056     37.293    33.0608    25.6586 0.0000e+00
 279.790069     37.431  34.984567     8.6637     3.6422     37.115    33.0364    25.6334 0.0000e+00
 279.790075     37.242  35.004159     8.7157     3.6724     36.928    33.0085    25.6035 0.0000e+00
 279.790081     37.052  35.037940     8.7733     3.6828     36.739    32.9903    25.5804 0.0000e+00
 279.790087     36.876  35.084985     8.8453     3.6873     36.565    32.9725    25.5554 0.0000e+00
 279.790093     36.723  35.140171     8.9400     3.6778     36.413    32.9422    25.5170 0.0000e+00
 279.790098     36.597  35.199126     9.0318     3.6582     36.288    32.9186    25.4841 -9.990e-29
 279.790104     36.494  35.249036     9.0933     3.6362     36.186    32.9135    25.4706 -9.990e-29
 279.790110     36.403  35.281306     9.1269     3.6181     36.096    32.9160    25.4672 -9.990e-29
 279.790116     36.313  35.296372     9.1443     3.6211     36.007    32.9156    25.4641 -9.990e-29
 279.790122     36.225  35.299223     9.1546     3.6432     35.920    32.9091    25.4574 -9.990e-29
 279.790127     36.139  35.302686     9.1639     3.6704     35.834    32.9041    25.4521 -9.990e-29
 279.790133     36.057  35.310304     9.1715     3.6937     35.753    32.9050    25.4516 -9.990e-29
 279.790139     35.962  35.312635     9.1771     3.6996     35.659    32.9023    25.4486 -9.990e-29
 279.790145     35.838  35.309465     9.1873     3.7085     35.536    32.8897    25.4371 -9.990e-29
 279.790150     35.679  35.310081     9.2069     3.7419     35.378    32.8723    25.4204 0.0000e+00
 279.790156     35.494  35.319840     9.2315     3.7858     35.195    32.8598    25.4067 0.0000e+00
 279.790162     35.296  35.337210     9.2549     3.8334     34.998    32.8563    25.4003 0.0000e+00
 279.790168     35.102  35.357338     9.2742     3.8664     34.806    32.8595    25.3997 0.0000e+00
 279.790174     34.913  35.374003     9.2922     3.8896     34.619    32.8602    25.3974 0.0000e+00
 279.790179     34.721  35.385341     9.3165     3.9200     34.428    32.8496    25.3852 0.0000e+00
 279.790185     34.526  35.400343     9.3512     3.9467     34.235    32.8333    25.3669 0.0000e+00
 279.790191     34.339  35.428394     9.3959     3.9888     34.050    32.8213    25.3504 0.0000e+00
 279.790197     34.168  35.471587     9.4395     4.0495     33.880    32.8258    25.3469 0.0000e+00
 279.790203     34.011  35.507871     9.4716     4.0901     33.724    32.8338    25.3480 0.0000e+00
 279.790208     33.858  35.518891     9.5089     4.1283     33.573    32.8110    25.3242 0.0000e+00
 279.790214     33.704  35.533423     9.5660     4.1341     33.420    32.7738    25.2858 0.0000e+00
 279.790220     33.551  35.568647     9.6387     4.1365     33.268    32.7436    25.2505 0.0000e+00
 279.790226     33.408  35.622751     9.7133     4.1414     33.126    32.7310    25.2285 0.0000e+00
 279.790231     33.277  35.687668     9.7689     4.1402     32.997    32.7467    25.2317 -9.990e-29
 279.790237     33.155  35.734396     9.7998     4.1418     32.876    32.7663    25.2419 -9.990e-29
 279.790243     33.034  35.764121     9.8171     4.1406     32.756    32.7809    25.2504 -9.990e-29
 279.790249     32.906  35.790714     9.8284     4.1535     32.629    32.7978    25.2617 0.0000e+00
 279.790255     32.768  35.809830     9.8417     4.1744     32.492    32.8052    25.2653 0.0000e+00
 279.790260     32.619  35.821189     9.8703     4.1962     32.344    32.7908    25.2494 0.0000e+00
 279.790266     32.458  35.830441     9.9158     4.2236     32.185    32.7590    25.2170 0.0000e+00
 279.790272     32.284  35.847723     9.9684     4.2348     32.012    32.7289    25.1848 0.0000e+00
 279.790278     32.094  35.870868    10.0267     4.2646     31.824    32.6996    25.1523 0.0000e+00
 279.790284     31.890  35.887574    10.0876     4.2781     31.621    32.6616    25.1125 0.0000e+00
 279.790289     31.683  35.904455    10.1350     4.2914     31.416    32.6360    25.0846 0.0000e+00
 279.790295     31.490  35.935095    10.1700     4.2891     31.225    32.6355    25.0783 0.0000e+00
 279.790301     31.317  35.978872    10.2092     4.2716     31.053    32.6445    25.0787 0.0000e+00
 279.790307     31.160  36.018436    10.2467     4.2633     30.898    32.6507    25.0772 0.0000e+00
 279.790313     31.015  36.040919    10.2720     4.2613     30.754    32.6506    25.0729 0.0000e+00
 279.790318     30.876  36.055581    10.2934     4.2712     30.616    32.6462    25.0658 0.0000e+00
 279.790324     30.743  36.073045    10.3153     4.2764     30.484    32.6441    25.0605 0.0000e+00
 279.790330     30.612  36.088020    10.3277     4.2821     30.354    32.6481    25.0615 0.0000e+00
 279.790336     30.474  36.091333    10.3260     4.2694     30.217    32.6530    25.0656 0.0000e+00
 279.790341     30.325  36.088575    10.3191     4.2800     30.070    32.6565    25.0695 0.0000e+00
 279.790347     30.168  36.089026    10.3170     4.3309     29.914    32.6589    25.0717 0.0000e+00
 279.790353     30.007  36.092771    10.3206     4.4282     29.754    32.6595    25.0716 0.0000e+00
 279.790359     29.839  36.096991    10.3281     4.5631     29.588    32.6571    25.0684 0.0000e+00
 279.790365     29.663  36.103990    10.3447     4.7195     29.413    32.6493    25.0595 0.0000e+00
 279.790370     29.475  36.124269    10.3783     4.8496     29.227    32.6396    25.0462 0.0000e+00
 279.790376     29.277  36.161339    10.4360     4.9256     29.031    32.6251    25.0251 0.0000e+00
 279.790382     29.069  36.208544    10.5299     4.9397     28.824    32.5884    24.9804 0.0000e+00
 279.790388     28.847  36.266573    10.6607     4.9235     28.604    32.5297    24.9122 0.0000e+00
 279.790394     28.617  36.340444    10.7941     4.9168     28.376    32.4848    24.8541 0.0000e+00
 279.790399     28.403  36.426557    10.8989     4.9102     28.164    32.4774    24.8300 0.0000e+00
 279.790405     28.223  36.513505    10.9654     4.9014     27.986    32.5047    24.8396 0.0000e+00
 279.790411     28.072  36.570225    10.9906     4.8912     27.836    32.5386    24.8615 0.0000e+00
 279.790417     27.938  36.591016    10.9951     4.8695     27.703    32.5552    24.8737 0.0000e+00
 279.790422     27.802  36.604217    11.0014     4.8703     27.568    32.5628    24.8784 0.0000e+00
 279.790428     27.657  36.613442    11.0164     4.8819     27.424    32.5586    24.8726 0.0000e+00
 279.790434     27.515  36.624861    11.0415     4.8813     27.284    32.5477    24.8597 0.0000e+00
 279.790440     27.387  36.647573    11.0703     4.8801     27.157    32.5447    24.8522 -9.990e-29
 279.790446     27.266  36.673177    11.0934     4.8680     27.037    32.5496    24.8520 -9.990e-29
 279.790451     27.145  36.690958    11.1062     4.8672     26.917    32.5559    24.8546 -9.990e-29
 279.790457     27.015  36.698291    11.1128     4.9015     26.788    32.5573    24.8545 0.0000e+00
 279.790463     26.863  36.698828    11.1214     4.9278     26.637    32.5503    24.8475 0.0000e+00
 279.790469     26.690  36.697824    11.1332     4.9498     26.466    32.5390    24.8366 0.0000e+00
 279.790475     26.504  36.700722    11.1440     4.9659     26.281    32.5324    24.8295 0.0000e+00
 279.790480     26.317  36.708630    11.1548     4.9699     26.096    32.5307    24.8263 0.0000e+00
 279.790486     26.124  36.716986    11.1706     4.9992     25.904    32.5250    24.8191 0.0000e+00
 279.790492     25.921  36.722946    11.1924     5.0250     25.703    32.5117    24.8049 0.0000e+00
 279.790498     25.718  36.731698    11.2128     5.0449     25.502    32.5024    24.7940 0.0000e+00
 279.790503     25.523  36.745418    11.2273     5.0701     25.308    32.5032    24.7920 0.0000e+00
 279.790509     25.340  36.761120    11.2382     5.0760     25.127    32.5091    24.7947 0.0000e+00
 279.790515     25.170  36.772287    11.2500     5.0978     24.958    32.5098    24.7931 0.0000e+00
 279.790521     25.012  36.782068    11.2726     5.1212     24.802    32.4995    24.7810 0.0000e+00
 279.790527     24.868  36.805799    11.3102     5.1552     24.659    32.4898    24.7667 0.0000e+00
 279.790532     24.738  36.842608    11.3471     5.1793     24.530    32.4935    24.7630 0.0000e+00
 279.790538     24.605  36.870333    11.3658     5.1650     24.398    32.5043    24.7680 0.0000e+00
 279.790544     24.451  36.878843    11.3702     5.1496     24.245    32.5088    24.7707 0.0000e+00
 279.790550     24.276  36.880099    11.3746     5.1503     24.072    32.5062    24.7679 0.0000e+00
 279.790556     24.090  36.883683    11.3859     5.1781     23.888    32.4999    24.7610 0.0000e+00
 279.790561     23.906  36.896667    11.4041     5.2215     23.705    32.4967    24.7552 0.0000e+00
 279.790567     23.731  36.919572    11.4252     5.2518     23.532    32.5006    24.7544 0.0000e+00
 279.790573     23.557  36.937516    11.4434     5.2764     23.359    32.5023    24.7524 0.0000e+00
 279.790579     23.377  36.945285    11.4555     5.2900     23.181    32.4993    24.7479 0.0000e+00
 279.790584     23.190  36.947112    11.4662     5.2941     22.995    32.4918    24.7401 0.0000e+00
 279.790590     22.990  36.947728    11.4838     5.2883     22.797    32.4770    24.7255 0.0000e+00
 279.790596     22.783  36.958671    11.5095     5.2807     22.592    32.4652    24.7117 0.0000e+00
 279.790602     22.586  36.983351    11.5423     5.2805     22.396    32.4607    24.7022 0.0000e+00
 279.790608     22.412  37.018799    11.5761     5.2726     22.224    32.4657    24.6999 0.0000e+00
 279.790613     22.261  37.047214    11.5932     5.2687     22.074    32.4785    24.7068 0.0000e+00
 279.790619     22.130  37.048715    11.5915     5.2757     21.944    32.4815    24.7094 -9.990e-29
 279.790625     22.006  37.042760    11.5875     5.3050     21.821    32.4793    24.7084 -9.990e-29
 279.790631     21.880  37.046159    11.5903     5.3741     21.696    32.4802    24.7086 0.0000e+00
 279.790637     21.754  37.053947    11.6050     5.4340     21.571    32.4749    24.7018 0.0000e+00
 279.790642     21.623  37.072624    11.6339     5.4964     21.441    32.4679    24.6911 0.0000e+00
 279.790648     21.479  37.098509    11.6670     5.5434     21.299    32.4642    24.6822 0.0000e+00
 279.790654     21.313  37.113955    11.7066     5.5665     21.134    32.4447    24.6597 0.0000e+00
 279.790660     21.123  37.127261    11.7750     5.5535     20.946    32.3980    24.6109 0.0000e+00
 279.790666     20.919  37.166324    11.8743     5.5108     20.743    32.3495    24.5550 0.0000e+00
 279.790671     20.712  37.254652    11.9899     5.4939     20.538    32.3347    24.5221 0.0000e+00
 279.790677     20.512  37.386007    12.1023     5.4939     20.340    32.3640    24.5239 0.0000e+00
 279.790683     20.319  37.495322    12.1774     5.5108     20.148    32.4043    24.5410 0.0000e+00
 279.790689     20.128  37.538665    12.2087     5.5130     19.959    32.4189    24.5465 0.0000e+00
 279.790694     19.936  37.559300    12.2218     5.5185     19.769    32.4274    24.5507 0.0000e+00
 279.790700     19.744  37.594345    12.2366     5.5341     19.578    32.4484    24.5641 0.0000e+00
 279.790706     19.553  37.622086    12.2628     5.5639     19.389    32.4524    24.5623 0.0000e+00
 279.790712     19.363  37.624538    12.3107     5.5812     19.200    32.4133    24.5229 0.0000e+00
 279.790718     19.178  37.623545    12.3803     5.5729     19.017    32.3524    24.4625 0.0000e+00
 279.790723     19.001  37.652643    12.4531     5.5483     18.842    32.3176    24.4216 0.0000e+00
 279.790729     18.833  37.704089    12.5214     5.5320     18.675    32.3080    24.4012 0.0000e+00
 279.790735     18.681  37.756711    12.5921     5.5300     18.524    32.2975    24.3795 0.0000e+00
 279.790741     18.546  37.815607    12.6636     5.5309     18.390    32.2923    24.3618 -9.990e-29
 279.790747     18.422  37.873656    12.7259     5.5406     18.267    32.2941    24.3512 -9.990e-29
 279.790752     18.291  37.918483    12.7666     5.5424     18.138    32.3019    24.3493 0.0000e+00
 279.790758     18.141  37.941026    12.7864     5.5475     17.989    32.3064    24.3490 0.0000e+00
 279.790764     17.967  37.941603    12.8005     5.5536     17.816    32.2949    24.3374 0.0000e+00
 279.790770     17.778  37.944770    12.8220     5.5368     17.629    32.2796    24.3213 0.0000e+00
 279.790775     17.590  37.968241    12.8596     5.5258     17.442    32.2698    24.3064 0.0000e+00
 279.790781     17.393  38.006274    12.9151     5.5259     17.247    32.2585    24.2869 0.0000e+00
 279.790787     17.176  38.035485    12.9850     5.5436     17.032    32.2266    24.2486 0.0000e+00
 279.790793     16.941  38.052171    13.0575     5.5839     16.799    32.1808    24.1989 0.0000e+00
 279.790799     16.704  38.079731    13.1197     5.5964     16.564    32.1541    24.1660 0.0000e+00
 279.790804     16.480  38.129674    13.1742     5.6003     16.342    32.1550    24.1560 0.0000e+00
 279.790810     16.271  38.188894    13.2204     5.6037     16.135    32.1715    24.1597 0.0000e+00
 279.790816     16.073  38.229137    13.2515     5.6057     15.938    32.1830    24.1624 0.0000e+00
 279.790822     15.887  38.251305    13.2826     5.5936     15.754    32.1776    24.1520 0.0000e+00
 279.790828     15.716  38.293963    13.3312     5.5715     15.584    32.1765    24.1415 0.0000e+00
 279.790833     15.564  38.355053    13.3840     5.5584     15.434    32.1891    24.1407 0.0000e+00
 279.790839     15.421  38.397571    13.4180     5.5703     15.292    32.2001    24.1425 0.0000e+00
 279.790845     15.273  38.417030    13.4321     5.6232     15.145    32.2064    24.1446 0.0000e+00
 279.790851     15.115  38.424806    13.4472     5.6829     14.988    32.2010    24.1374 0.0000e+00
 279.790856     14.946  38.439149    13.4804     5.7011     14.821    32.1864    24.1194 0.0000e+00
 279.790862     14.764  38.467968    13.5292     5.7107     14.640    32.1722    24.0987 0.0000e+00
 279.790868     14.565  38.491306    13.5997     5.7194     14.443    32.1347    24.0555 0.0000e+00
 279.790874     14.354  38.516158    13.7082     5.7107     14.234    32.0669    23.9812 0.0000e+00
 279.790880     14.143  38.584670    13.8442     5.6960     14.024    32.0167    23.9149 0.0000e+00
 279.790885     13.941  38.707357    13.9982     5.6977     13.824    32.0017    23.8719 0.0000e+00
 279.790891     13.751  38.863661    14.1599     5.6988     13.636    32.0111    23.8459 0.0000e+00
 279.790897     13.575  39.013262    14.2946     5.7233     13.461    32.0365    23.8376 0.0000e+00
 279.790903     13.405  39.113082    14.4149     5.7483     13.293    32.0282    23.8061 0.0000e+00
 279.790909     13.239  39.197987    14.5584     5.7720     13.128    31.9871    23.7444 0.0000e+00
 279.790914     13.083  39.302038    14.6841     5.7934     12.973    31.9781    23.7110 0.0000e+00
 279.790920     12.933  39.369127    14.7491     5.8174     12.825    31.9855    23.7029 0.0000e+00
 279.790926     12.775  39.387106    14.7911     5.8456     12.668    31.9674    23.6800 0.0000e+00
 279.790932     12.606  39.418738    14.8464     5.8652     12.500    31.9507    23.6554 0.0000e+00
 279.790937     12.433  39.478140    14.9185     5.8731     12.329    31.9453    23.6359 0.0000e+00
 279.790943     12.262  39.558610    14.9992     5.8801     12.159    31.9518    23.6237 0.0000e+00
