data/oxygen options/OCNMS/OCNMS1/raw_data/2014/CAST_MB015_140904faed.cnv
* Sea-Bird SBE19 Data File:
* FileName = C:\2014 Mooring Data\Casts\CAST_MB015_140904.hex
* Software Version 1.59
* Temperature SN = 2997
* Conductivity SN = 2997
* System UpLoad Time = Sep 05 2014 18:06:21
** CAST_MB015_140904
* ds
# nquan = 9                                 
# nvalues = 960                         
# units = specified
# name 0 = timeJ: Julian Days
# name 1 = prSM: Pressure, Strain Gauge [db]
# name 2 = c0mS/cm: Conductivity [mS/cm]
# name 3 = t090C: Temperature [ITS-90, deg C]
# name 4 = sbeox0ML/L: Oxygen, SBE 43 [ml/l]
# name 5 = depSM: Depth [salt water, m], lat = 47.5
# name 6 = sal00: Salinity, Practical [PSU]
# name 7 = sigma-é00: Density [sigma-theta, kg/m^3]
# name 8 = flag: flag
# span 0 = 247.786296, 247.791846       
# span 1 =     -5.681,     16.715       
# span 2 =   0.559281,  38.680129       
# span 3 =     9.6184,    18.0809       
# span 4 =    -1.6978,    15.6181       
# span 5 =     -5.634,     16.575       
# span 6 =     0.3193,    32.8972       
# span 7 =    -1.1344,    25.3538       
# span 8 = 0.0000e+00, 0.0000e+00       
# interval = seconds: 0.5
# start_time = Sep 04 2014 18:52:16 [Instrument's time stamp, header]
# bad_flag = -9.990e-29
*END*
[from data line 801]
 247.790932     15.323  35.700072     9.6554     4.1115     15.195    32.8709    25.3469 0.0000e+00
 247.790938     15.601  35.671358     9.6266     4.1442     15.470    32.8677    25.3491 0.0000e+00
 247.790943     15.859  35.657072     9.6184     4.1761     15.726    32.8605    25.3448 0.0000e+00
 247.790949     16.085  35.656037     9.6249     4.2041     15.950    32.8534    25.3382 0.0000e+00
 247.790955     16.272  35.663429     9.6372     4.2190     16.136    32.8496    25.3332 0.0000e+00
 247.790961     16.418  35.672758     9.6497     4.2403     16.280    32.8477    25.3297 -9.990e-29
 247.790966     16.529  35.682364     9.6594     4.2623     16.390    32.8486    25.3288 -9.990e-29
 247.790972     16.611  35.689835     9.6664     4.2719     16.472    32.8498    25.3286 -9.990e-29
 247.790978     16.670  35.692155     9.6737     4.2760     16.530    32.8455    25.3240 -9.990e-29
 247.790984     16.706  35.691228     9.6813     4.2473     16.566    32.8376    25.3166 -9.990e-29
 247.790990     16.715  35.691356     9.6873     4.2006     16.575    32.8322    25.3115 -9.990e-29
 247.790995     16.704  35.693200     9.6913     4.1822     16.564    32.8304    25.3094 -9.990e-29
 247.791001     16.676  35.693538     9.6938     4.1771     16.536    32.8285    25.3075 -9.990e-29
 247.791007     16.629  35.694434     9.6937     4.2086     16.490    32.8295    25.3083 -9.990e-29
 247.791013     16.563  35.704869     9.6875     4.2581     16.424    32.8459    25.3221 -9.990e-29
 247.791019     16.485  35.720165     9.6771     4.2726     16.347    32.8711    25.3435 -9.990e-29
 247.791024     16.392  35.726416     9.6711     4.2822     16.255    32.8830    25.3538 -9.990e-29
 247.791030     16.283  35.725711     9.6748     4.2714     16.146    32.8790    25.3500 -9.990e-29
 247.791036     16.161  35.726016     9.6864     4.2573     16.025    32.8687    25.3401 -9.990e-29
 247.791042     16.025  35.727664     9.7011     4.2622     15.891    32.8570    25.3286 0.0000e+00
 247.791047     15.876  35.729417     9.7138     4.2753     15.743    32.8473    25.3189 0.0000e+00
 247.791053     15.713  35.729614     9.7168     4.3037     15.581    32.8448    25.3165 0.0000e+00
 247.791059     15.537  35.725645     9.7062     4.3156     15.407    32.8505    25.3227 0.0000e+00
 247.791065     15.356  35.718322     9.6916     4.3230     15.227    32.8565    25.3297 0.0000e+00
 247.791071     15.184  35.710720     9.6837     4.3273     15.057    32.8560    25.3306 0.0000e+00
 247.791076     15.034  35.707218     9.6852     4.3299     14.908    32.8511    25.3265 0.0000e+00
 247.791082     14.902  35.712616     9.6929     4.3381     14.777    32.8496    25.3241 0.0000e+00
 247.791088     14.776  35.725058     9.7022     4.3474     14.652    32.8539    25.3259 0.0000e+00
 247.791094     14.646  35.736371     9.7129     4.3511     14.523    32.8558    25.3256 0.0000e+00
 247.791100     14.510  35.744173     9.7258     4.3761     14.388    32.8520    25.3206 0.0000e+00
 247.791105     14.366  35.752061     9.7399     4.4231     14.246    32.8472    25.3146 0.0000e+00
 247.791111     14.215  35.759823     9.7556     4.4740     14.096    32.8409    25.3070 0.0000e+00
 247.791117     14.065  35.766514     9.7744     4.5093     13.947    32.8306    25.2959 0.0000e+00
 247.791123     13.921  35.775938     9.7961     4.5496     13.804    32.8205    25.2845 0.0000e+00
 247.791128     13.776  35.788807     9.8238     4.6268     13.661    32.8085    25.2705 0.0000e+00
 247.791134     13.617  35.806499     9.8641     4.7610     13.503    32.7899    25.2493 0.0000e+00
 247.791140     13.436  35.835697     9.9159     4.9450     13.323    32.7726    25.2273 0.0000e+00
 247.791146     13.240  35.875981     9.9718     5.1718     13.129    32.7628    25.2104 0.0000e+00
 247.791152     13.042  35.928247    10.0309     5.4087     12.933    32.7624    25.2002 0.0000e+00
 247.791157     12.850  35.997585    10.0941     5.6514     12.742    32.7754    25.1998 0.0000e+00
 247.791163     12.666  36.074244    10.1719     5.8582     12.560    32.7826    25.1923 0.0000e+00
 247.791169     12.486  36.155986    10.2900     6.0023     12.381    32.7584    25.1535 0.0000e+00
 247.791175     12.312  36.272044    10.4502     6.0855     12.209    32.7308    25.1047 0.0000e+00
 247.791181     12.146  36.420515    10.6277     6.1274     12.044    32.7201    25.0658 0.0000e+00
 247.791186     11.985  36.559528    10.7987     6.1301     11.885    32.7057    25.0249 0.0000e+00
 247.791192     11.832  36.676406    10.9476     6.0995     11.733    32.6889    24.9858 0.0000e+00
 247.791198     11.685  36.773575    11.0722     6.0785     11.587    32.6742    24.9523 0.0000e+00
 247.791204     11.537  36.844103    11.1636     6.0667     11.440    32.6627    24.9271 0.0000e+00
 247.791209     11.381  36.883014    11.2153     6.0559     11.286    32.6553    24.9121 0.0000e+00
 247.791215     11.215  36.891693    11.2560     6.0408     11.121    32.6278    24.8835 0.0000e+00
 247.791221     11.044  36.885656    11.3044     6.0126     10.952    32.5792    24.8370 0.0000e+00
 247.791227     10.867  36.883241    11.3438     5.9783     10.776    32.5421    24.8011 0.0000e+00
 247.791233     10.687  36.896951    11.3689     5.9652     10.598    32.5335    24.7899 0.0000e+00
 247.791238     10.511  36.926552    11.3901     5.9655     10.423    32.5439    24.7941 0.0000e+00
 247.791244     10.338  36.953145    11.4084     5.9614     10.251    32.5539    24.7986 0.0000e+00
 247.791250     10.167  36.965039    11.4192     5.9499     10.082    32.5561    24.7984 0.0000e+00
 247.791256      9.992  36.964064    11.4212     5.9170      9.908    32.5535    24.7960 0.0000e+00
 247.791262      9.800  36.955662    11.4191     5.8960      9.718    32.5472    24.7914 0.0000e+00
 247.791267      9.589  36.948839    11.4184     5.8813      9.509    32.5412    24.7869 0.0000e+00
 247.791273      9.371  36.947406    11.4206     5.8774      9.293    32.5380    24.7840 0.0000e+00
 247.791279      9.166  36.951139    11.4272     5.8884      9.089    32.5359    24.7812 0.0000e+00
 247.791285      8.987  36.959405    11.4353     5.9165      8.912    32.5369    24.7805 0.0000e+00
 247.791291      8.830  36.967508    11.4382     5.9796      8.756    32.5424    24.7842 0.0000e+00
 247.791296      8.687  36.970539    11.4365     6.0342      8.614    32.5469    24.7880 0.0000e+00
 247.791302      8.548  36.969735    11.4365     6.0880      8.476    32.5462    24.7875 0.0000e+00
 247.791308      8.404  36.973567    11.4409     6.0797      8.334    32.5461    24.7866 0.0000e+00
 247.791314      8.250  36.988826    11.4493     6.0538      8.181    32.5537    24.7910 0.0000e+00
 247.791319      8.090  37.013403    11.4651     6.0332      8.022    32.5640    24.7961 0.0000e+00
 247.791325      7.925  37.037409    11.4924     6.0367      7.859    32.5635    24.7908 0.0000e+00
 247.791331      7.754  37.054686    11.5306     6.0874      7.689    32.5468    24.7709 0.0000e+00
 247.791337      7.579  37.075360    11.5776     6.1140      7.516    32.5258    24.7460 0.0000e+00
 247.791343      7.407  37.118581    11.6326     6.1191      7.345    32.5198    24.7313 0.0000e+00
 247.791348      7.242  37.177432    11.6871     6.0960      7.181    32.5294    24.7288 0.0000e+00
 247.791354      7.083  37.215313    11.7295     6.0704      7.024    32.5291    24.7208 0.0000e+00
 247.791360      6.917  37.228856    11.7634     6.0681      6.859    32.5127    24.7018 0.0000e+00
 247.791366      6.732  37.245109    11.7981     6.0876      6.676    32.4982    24.6842 0.0000e+00
 247.791372      6.538  37.275643    11.8355     6.1052      6.483    32.4952    24.6750 0.0000e+00
 247.791377      6.352  37.314585    11.8673     6.1395      6.299    32.5053    24.6769 0.0000e+00
 247.791383      6.180  37.339764    11.8833     6.1715      6.128    32.5158    24.6821 0.0000e+00
 247.791389      6.015  37.341536    11.8941     6.1939      5.965    32.5081    24.6741 0.0000e+00
 247.791395      5.848  37.342482    11.9198     6.2219      5.799    32.4867    24.6527 0.0000e+00
 247.791400      5.674  37.364071    11.9637     6.2174      5.627    32.4694    24.6311 0.0000e+00
 247.791406      5.502  37.412073    12.0200     6.2106      5.456    32.4668    24.6186 0.0000e+00
 247.791412      5.336  37.480326    12.0718     6.2002      5.291    32.4877    24.6252 0.0000e+00
 247.791418      5.180  37.530725    12.1004     6.1820      5.137    32.5114    24.6383 0.0000e+00
 247.791424      5.028  37.548518    12.1188     6.1727      4.986    32.5126    24.6357 0.0000e+00
 247.791429      4.869  37.565300    12.1460     6.1573      4.828    32.5052    24.6249 0.0000e+00
 247.791435      4.699  37.582119    12.1805     6.1384      4.660    32.4915    24.6077 0.0000e+00
 247.791441      4.518  37.590523    12.2128     6.1379      4.480    32.4716    24.5862 0.0000e+00
 247.791447      4.334  37.601725    12.2394     6.1274      4.298    32.4594    24.5717 0.0000e+00
 247.791453      4.150  37.622249    12.2644     6.1147      4.115    32.4575    24.5655 0.0000e+00
 247.791458      3.969  37.645220    12.2846     6.0886      3.936    32.4621    24.5653 0.0000e+00
 247.791464      3.788  37.654677    12.2949     6.0710      3.756    32.4623    24.5635 0.0000e+00
 247.791470      3.607  37.652565    12.3011     6.0759      3.577    32.4550    24.5566 0.0000e+00
 247.791476      3.432  37.654038    12.3094     6.1066      3.403    32.4493    24.5506 0.0000e+00
 247.791481      3.266  37.661625    12.3199     6.1578      3.239    32.4475    24.5473 0.0000e+00
 247.791487      3.106  37.672531    12.3313     6.2005      3.080    32.4482    24.5456 0.0000e+00
 247.791493      2.950  37.686142    12.3429     6.2140      2.925    32.4513    24.5458 0.0000e+00
 247.791499      2.792  37.699275    12.3608     6.2164      2.769    32.4484    24.5402 0.0000e+00
 247.791505      2.624  37.716529    12.3941     6.2027      2.602    32.4362    24.5244 0.0000e+00
 247.791510      2.442  37.752491    12.4481     6.1875      2.422    32.4240    24.5047 0.0000e+00
 247.791516      2.257  37.824795    12.5271     6.1750      2.238    32.4250    24.4904 0.0000e+00
 247.791522      2.078  37.927675    12.6165     6.1194      2.061    32.4461    24.4895 0.0000e+00
 247.791528      1.911  38.014167    12.6822     6.0122      1.895    32.4718    24.4968 0.0000e+00
 247.791534      1.754  38.045217    12.7217     6.8577      1.739    32.4674    24.4858 0.0000e+00
 247.791539      1.597  38.035857    12.7612     6.9194      1.584    32.4246    24.4450 0.0000e+00
 247.791545      1.438  38.029200    12.8048     6.7953      1.426    32.3809    24.4027 0.0000e+00
 247.791551      1.285  38.037710    12.8415     6.5602      1.274    32.3576    24.3775 0.0000e+00
 247.791557      1.140  38.045229    12.8648     6.2707      1.130    32.3448    24.3631 0.0000e+00
 247.791563      1.003  38.033161    12.8731     6.0264      0.995    32.3264    24.3472 0.0000e+00
 247.791568      0.874  37.957911    12.8723     5.9453      0.867    32.2559    24.2928 -9.990e-29
 247.791574      0.754  37.708481    12.8729     5.9403      0.748    32.0196    24.1097 -9.990e-29
 247.791580      0.646  36.983742    12.8816     5.9783      0.641    31.3286    23.5732 -9.990e-29
 247.791586      0.558  34.874641    12.8968     6.0247      0.553    29.3392    22.0316 -9.990e-29
 247.791591      0.487  28.629116    12.9130     6.0736      0.483    23.5813    17.5818 -9.990e-29
 247.791597      0.430  18.806372    12.9271     6.0908      0.426    14.8795    10.8735 -9.990e-29
 247.791603      0.383  11.350308    12.9399     6.1154      0.380     8.6029     6.0379 -9.990e-29
 247.791609      0.343   8.061096    12.9552     6.1452      0.340     5.9490     3.9899 -9.990e-29
 247.791615      0.307   6.567025    12.9774     6.1741      0.304     4.7722     3.0788 -9.990e-29
 247.791620      0.273   5.681177    13.0071     6.1951      0.271     4.0838     2.5432 -9.990e-29
 247.791626      0.239   4.863662    13.0401     6.2095      0.237     3.4567     2.0543 -9.990e-29
 247.791632      0.208   3.989627    13.0727     6.2193      0.206     2.7970     1.5399 -9.990e-29
 247.791638      0.180   3.270169    13.1042     6.2155      0.178     2.2628     1.1224 -9.990e-29
 247.791644      0.155   2.809876    13.1347     6.2223      0.154     1.9254     0.8571 -9.990e-29
 247.791649      0.135   2.577731    13.1621     6.2305      0.134     1.7563     0.7225 -9.990e-29
 247.791655      0.123   2.591974    13.1816     6.2390      0.122     1.7657     0.7272 -9.990e-29
 247.791661      0.115   2.799244    13.1908     6.2391      0.114     1.9149     0.8415 -9.990e-29
 247.791667      0.105   2.957242    13.1940     6.2346      0.104     2.0293     0.9296 -9.990e-29
 247.791672      0.093   2.901543    13.1978     6.2440      0.092     1.9887     0.8976 -9.990e-29
 247.791678      0.077   2.712606    13.2047     6.2413      0.076     1.8516     0.7906 -9.990e-29
 247.791684      0.062   2.516954    13.2143     6.2405      0.061     1.7103     0.6799 -9.990e-29
 247.791690      0.051   2.419319    13.2259     6.2398      0.051     1.6398     0.6237 -9.990e-29
 247.791696      0.043   2.488729    13.2375     6.2286      0.043     1.6890     0.6603 -9.990e-29
 247.791701      0.037   2.657473    13.2479     6.2300      0.037     1.8098     0.7524 -9.990e-29
 247.791707      0.033   2.758231    13.2584     6.2223      0.033     1.8819     0.8069 -9.990e-29
 247.791713      0.031   2.718890    13.2695     6.2117      0.031     1.8530     0.7830 -9.990e-29
 247.791719      0.030   2.636141    13.2797     6.1937      0.030     1.7929     0.7351 -9.990e-29
 247.791725      0.032   2.583297    13.2890     6.1841      0.032     1.7545     0.7042 -9.990e-29
 247.791730      0.034   2.537203    13.3000     6.1449      0.034     1.7210     0.6767 -9.990e-29
 247.791736      0.039   2.479248    13.3137     6.1643      0.039     1.6789     0.6423 -9.990e-29
 247.791742      0.046   2.414512    13.3281     6.1934      0.046     1.6320     0.6040 -9.990e-29
 247.791748      0.055   2.384660    13.3408     6.2165      0.055     1.6102     0.5854 -9.990e-29
 247.791753      0.068   2.440032    13.3508     6.2477      0.067     1.6493     0.6143 -9.990e-29
 247.791759      0.085   2.572106    13.3593     6.2667      0.084     1.7433     0.6860 -9.990e-29
 247.791765      0.102   2.754432    13.3682     6.2610      0.101     1.8738     0.7858 -9.990e-29
 247.791771      0.113   3.014199    13.3790     6.2497      0.112     2.0608     0.9290 -9.990e-29
 247.791777      0.117   3.391674    13.3933     6.2364      0.116     2.3345     1.1387 -9.990e-29
 247.791782      0.125   3.881425    13.4120     6.2246      0.124     2.6926     1.4130 -9.990e-29
 247.791788      0.136   4.437263    13.4344     6.2232      0.135     3.1028     1.7267 -9.990e-29
 247.791794      0.142   4.767928    13.4572 -9.990e-29      0.141     3.3477     1.9126 -9.990e-29
 247.791800      0.140   4.578080    13.4759 -9.990e-29      0.139     3.2043     1.7993 -9.990e-29
 247.791806      0.129   4.119171    13.4902 -9.990e-29      0.128     2.8625     1.5334 -9.990e-29
 247.791811      0.113   3.719326    13.5069 -9.990e-29      0.112     2.5670     1.3027 -9.990e-29
 247.791817      0.100   3.394373    13.5316 -9.990e-29      0.099     2.3281     1.1147 -9.990e-29
 247.791823      0.093   3.104604    13.5621 -9.990e-29      0.092     2.1163     0.9468 -9.990e-29
 247.791829      0.092   2.846602    13.5913 -9.990e-29      0.091     1.9291     0.7980 -9.990e-29
 247.791834      0.091   2.656484    13.6117 -9.990e-29      0.090     1.7921     0.6892 -9.990e-29
 247.791840      0.088   2.574593    13.6190 -9.990e-29      0.087     1.7335     0.6428 -9.990e-29
 247.791846      0.085   2.576881 -9.990e-29 -9.990e-29      0.084 -9.990e-29 -9.990e-29 -9.990e-29
