data/oxygen options/OCNMS/OCNMS1/raw_data/2014/CAST_MB042_140904faed.cnv
* Sea-Bird SBE19 Data File:
* FileName = C:\2014 Mooring Data\Casts\CAST_MB042_140904.hex
* Software Version 1.59
* Temperature SN = 2997
* Conductivity SN = 2997
* System UpLoad Time = Sep 05 2014 18:07:29
** CAST_MB042_140904
* ds
# nquan = 9                                 
# nvalues = 1579                        
# units = specified
# name 0 = timeJ: Julian Days
# name 1 = prSM: Pressure, Strain Gauge [db]
# name 2 = c0mS/cm: Conductivity [mS/cm]
# name 3 = t090C: Temperature [ITS-90, deg C]
# name 4 = sbeox0ML/L: Oxygen, SBE 43 [ml/l]
# name 5 = depSM: Depth [salt water, m], lat = 47.5
# name 6 = sal00: Salinity, Practical [PSU]
# name 7 = sigma-é00: Density [sigma-theta, kg/m^3]
# name 8 = flag: flag
# span 0 = 247.702650, 247.711782       
# span 1 =     -5.119,     43.603       
# span 2 =   0.020793,  37.248154       
# span 3 =     7.5493,    15.2404       
# span 4 =    -1.7852,    15.7995       
# span 5 =     -5.076,     43.235       
# span 6 =     0.0167,    33.6669       
# span 7 =    -0.9219,    26.2927       
# span 8 = 0.0000e+00, 0.0000e+00       
# interval = seconds: 0.5
# start_time = Sep 04 2014 16:51:49 [Instrument's time stamp, header]
# bad_flag = -9.990e-29
*END*
 247.702650     -5.119 -9.990e-29    15.1049    -1.7835     -5.076 -9.990e-29 -9.990e-29 -9.990e-29
 247.702656     -5.117   0.055704    15.1036    -1.7834     -5.074     0.0355    -0.8872 -9.990e-29
 247.702662     -5.106   0.055373    15.1040    -1.7831     -5.063     0.0353    -0.8874 -9.990e-29
 247.702668     -5.090   0.054935    15.1065    -1.7831     -5.048     0.0350    -0.8880 -9.990e-29
 247.702674     -5.073   0.054917    15.1105    -1.7830     -5.031     0.0350    -0.8886 -9.990e-29
 247.702679     -5.054   0.055483    15.1149    -1.7831     -5.012     0.0353    -0.8890 -9.990e-29
 247.702685     -5.031   0.056274    15.1193    -1.7833     -4.989     0.0358    -0.8893 -9.990e-29
 247.702691     -5.002   0.056863    15.1234    -1.7832     -4.960     0.0361    -0.8897 -9.990e-29
 247.702697     -4.971   0.056922    15.1274    -1.7830     -4.930     0.0361    -0.8903 -9.990e-29
 247.702703     -4.944   0.056159    15.1317    -1.7828     -4.903     0.0357    -0.8913 -9.990e-29
 247.702708     -4.923   0.054670    15.1361    -1.7828     -4.882     0.0349    -0.8926 -9.990e-29
 247.702714     -4.906   0.053805    15.1394    -1.7828     -4.865     0.0344    -0.8935 -9.990e-29
 247.702720     -4.894   0.055191    15.1411    -1.7827     -4.853     0.0352    -0.8931 -9.990e-29
 247.702726     -4.881   0.057895    15.1419    -1.7827     -4.840     0.0367    -0.8921 -9.990e-29
 247.702731     -4.857   0.059408    15.1422    -1.7826     -4.817     0.0375    -0.8915 -9.990e-29
 247.702737     -4.822   0.058967    15.1423    -1.7825     -4.782     0.0372    -0.8917 -9.990e-29
 247.702743     -4.785   0.057095    15.1437    -1.7825     -4.745     0.0362    -0.8927 -9.990e-29
 247.702749     -4.757   0.054633    15.1469    -1.7824     -4.717     0.0349    -0.8943 -9.990e-29
 247.702755     -4.736   0.052190    15.1506    -1.7823     -4.697     0.0335    -0.8959 -9.990e-29
 247.702760     -4.713   0.049845    15.1532    -1.7823     -4.674     0.0322    -0.8973 -9.990e-29
 247.702766     -4.681   0.047806    15.1549    -1.7824     -4.642     0.0311    -0.8984 -9.990e-29
 247.702772     -4.644   0.046137    15.1567    -1.7825     -4.605     0.0302    -0.8994 -9.990e-29
 247.702778     -4.606   0.044835    15.1589    -1.7825     -4.568     0.0295    -0.9003 -9.990e-29
 247.702784     -4.570   0.043834    15.1614    -1.7824     -4.532     0.0289    -0.9011 -9.990e-29
 247.702789     -4.535   0.042910    15.1637    -1.7823     -4.497     0.0284    -0.9018 -9.990e-29
 247.702795     -4.497   0.041943    15.1656    -1.7823     -4.460     0.0279    -0.9025 -9.990e-29
 247.702801     -4.458   0.040757    15.1673    -1.7823     -4.421     0.0273    -0.9033 -9.990e-29
 247.702807     -4.424   0.039437    15.1683    -1.7822     -4.387     0.0266    -0.9040 -9.990e-29
 247.702812     -4.398   0.038449    15.1682    -1.7822     -4.361     0.0260    -0.9044 -9.990e-29
 247.702818     -4.374   0.038141    15.1675    -1.7823     -4.338     0.0259    -0.9044 -9.990e-29
 247.702824     -4.346   0.038105    15.1671    -1.7823     -4.310     0.0258    -0.9043 -9.990e-29
 247.702830     -4.316   0.037736    15.1678    -1.7823     -4.280     0.0256    -0.9046 -9.990e-29
 247.702836     -4.286   0.037097    15.1693    -1.7823     -4.250     0.0253    -0.9051 -9.990e-29
 247.702841     -4.260   0.036448    15.1707    -1.7823     -4.224     0.0250    -0.9056 -9.990e-29
 247.702847     -4.240   0.036037    15.1717    -1.7822     -4.205     0.0247    -0.9059 -9.990e-29
 247.702853     -4.219   0.035871    15.1724    -1.7822     -4.184     0.0246    -0.9061 -9.990e-29
 247.702859     -4.198   0.035731    15.1730    -1.7823     -4.163     0.0246    -0.9062 -9.990e-29
 247.702865     -4.178   0.035428    15.1735    -1.7822     -4.143     0.0244    -0.9064 -9.990e-29
 247.702870     -4.154   0.035114    15.1734    -1.7824     -4.119     0.0242    -0.9065 -9.990e-29
 247.702876     -4.126   0.034927    15.1730    -1.7825     -4.092     0.0241    -0.9066 -9.990e-29
 247.702882     -4.098   0.034617    15.1729    -1.7824     -4.064     0.0240    -0.9067 -9.990e-29
 247.702888     -4.075   0.034327    15.1732    -1.7824     -4.041     0.0238    -0.9068 -9.990e-29
 247.702894     -4.054   0.034227    15.1740    -1.7824     -4.020     0.0238    -0.9070 -9.990e-29
 247.702899     -4.034   0.034182    15.1747    -1.7823     -4.000     0.0237    -0.9071 -9.990e-29
 247.702905     -4.014   0.034134    15.1744    -1.7823     -3.981     0.0237    -0.9071 -9.990e-29
 247.702911     -3.992   0.034020    15.1738    -1.7824     -3.959     0.0237    -0.9071 -9.990e-29
 247.702917     -3.968   0.033688    15.1733    -1.7825     -3.935     0.0235    -0.9071 -9.990e-29
 247.702922     -3.940   0.033251    15.1723    -1.7825     -3.907     0.0232    -0.9071 -9.990e-29
 247.702928     -3.909   0.033237    15.1715    -1.7825     -3.876     0.0232    -0.9070 -9.990e-29
 247.702934     -3.884   0.033628    15.1716    -1.7827     -3.852     0.0234    -0.9069 -9.990e-29
 247.702940     -3.861   0.033833    15.1721    -1.7831     -3.829     0.0236    -0.9069 -9.990e-29
 247.702946     -3.837   0.033571    15.1726    -1.7836     -3.805     0.0234    -0.9071 -9.990e-29
 247.702951     -3.812   0.033049    15.1730    -1.7836     -3.780     0.0231    -0.9073 -9.990e-29
 247.702957     -3.790   0.032681    15.1728    -1.7838     -3.758     0.0229    -0.9075 -9.990e-29
 247.702963     -3.770   0.032534    15.1718    -1.7840     -3.739     0.0229    -0.9074 -9.990e-29
 247.702969     -3.750   0.032411    15.1704    -1.7842     -3.719     0.0228    -0.9072 -9.990e-29
 247.702975     -3.729   0.032149    15.1688    -1.7843     -3.698     0.0227    -0.9071 -9.990e-29
 247.702980     -3.706   0.031955    15.1663    -1.7846     -3.675     0.0226    -0.9068 -9.990e-29
 247.702986     -3.679   0.032125    15.1612    -1.7849     -3.648     0.0227    -0.9059 -9.990e-29
 247.702992     -3.651   0.032331    15.1533    -1.7850     -3.621     0.0228    -0.9046 -9.990e-29
 247.702998     -3.624   0.032290    15.1457    -1.7850     -3.594     0.0227    -0.9035 -9.990e-29
 247.703003     -3.596   0.031947    15.1405    -1.7851     -3.566     0.0226    -0.9028 -9.990e-29
 247.703009     -3.570   0.031400    15.1360    -1.7851     -3.540     0.0223    -0.9024 -9.990e-29
 247.703015     -3.550   0.031032    15.1313    -1.7852     -3.520     0.0221    -0.9018 -9.990e-29
 247.703021     -3.532   0.030909    15.1267    -1.7851     -3.503     0.0220    -0.9011 -9.990e-29
 247.703027     -3.517   0.030866    15.1216    -1.7851     -3.488     0.0220    -0.9004 -9.990e-29
 247.703032     -3.507   0.030848    15.1153    -1.7850     -3.478     0.0220    -0.8994 -9.990e-29
 247.703038     -3.502   0.030830    15.1095    -1.7850     -3.473     0.0220    -0.8985 -9.990e-29
 247.703044     -3.493   0.030788    15.1060    -1.7849     -3.464     0.0219    -0.8980 -9.990e-29
 247.703050     -3.480   0.030665    15.1041    -1.7849     -3.451     0.0219    -0.8978 -9.990e-29
 247.703056     -3.465   0.030297    15.1027    -1.7848     -3.436     0.0217    -0.8977 -9.990e-29
 247.703061     -3.449   0.029750    15.1016    -1.7848     -3.420     0.0214    -0.8978 -9.990e-29
 247.703067     -3.429   0.029407    15.1013    -1.7847     -3.400     0.0212    -0.8979 -9.990e-29
 247.703073     -3.410   0.029365    15.1019    -1.7849     -3.382     0.0212    -0.8980 -9.990e-29
 247.703079     -3.393   0.029571    15.1033    -1.7849     -3.365     0.0213    -0.8981 -9.990e-29
 247.703084     -3.374   0.029743    15.1051    11.7890     -3.346     0.0214    -0.8983 -9.990e-29
 247.703090     -3.348   0.029553    15.1068    15.6581     -3.320     0.0213    -0.8987 -9.990e-29
 247.703096     -3.316   0.029305    15.1084    15.7995     -3.288     0.0212    -0.8990 -9.990e-29
 247.703102     -3.285   0.029222    15.1098    12.5114     -3.258     0.0211    -0.8992 -9.990e-29
 247.703108     -3.259   0.029194    15.1111     5.7939     -3.232     0.0211    -0.8995 -9.990e-29
 247.703113     -3.234   0.029185    15.1118     5.5148     -3.207     0.0211    -0.8996 -9.990e-29
 247.703119     -3.210   0.029184    15.1116     5.5037     -3.183     0.0211    -0.8995 -9.990e-29
 247.703125     -3.185   0.029187    15.1105     5.5077     -3.158     0.0211    -0.8994 -9.990e-29
 247.703131     -3.156   0.029200    15.1107     5.4969     -3.130     0.0211    -0.8994 -9.990e-29
 247.703137     -3.124   0.029241    15.1130     5.5043     -3.098     0.0211    -0.8997 -9.990e-29
 247.703142     -3.089   0.029364    15.1162     5.5077     -3.063     0.0212    -0.9002 -9.990e-29
 247.703148     -3.058   0.029735    15.1186     5.5054     -3.033     0.0214    -0.9004 -9.990e-29
 247.703154     -3.034   0.030292    15.1188     5.5085     -3.009     0.0217    -0.9002 -9.990e-29
 247.703160     -3.014   0.030664    15.1170     5.4977     -2.989     0.0219    -0.8998 -9.990e-29
 247.703166     -2.998   0.030792    15.1141     5.5045     -2.973     0.0219    -0.8993 -9.990e-29
 247.703171     -2.984   0.030847    15.1117     5.4984     -2.959     0.0220    -0.8989 -9.990e-29
 247.703177     -2.973   0.030902    15.1124     5.5150     -2.948     0.0220    -0.8990 -9.990e-29
 247.703183     -2.962   0.031030    15.1160     5.5135     -2.937     0.0221    -0.8994 -9.990e-29
 247.703189     -2.951   0.031402    15.1200     5.5091     -2.926     0.0223    -0.8999 -9.990e-29
 247.703194     -2.940   0.031958    15.1226     5.5089     -2.915     0.0226    -0.9001 -9.990e-29
 247.703200     -2.928   0.032329    15.1221     5.4957     -2.904     0.0228    -0.8998 -9.990e-29
 247.703206     -2.914   0.032453    15.1177     5.5053     -2.890     0.0228    -0.8991 -9.990e-29
 247.703212     -2.897   0.032495    15.1115     5.5069     -2.873     0.0228    -0.8982 -9.990e-29
 247.703218     -2.881   0.032509    15.1060     5.5002     -2.857     0.0229    -0.8973 -9.990e-29
 247.703223     -2.872   0.032517    15.1016     5.4999     -2.848     0.0229    -0.8966 -9.990e-29
 247.703229     -2.871   0.032528    15.0979     5.4962     -2.847     0.0229    -0.8961 -9.990e-29
 247.703235     -2.865   0.032556    15.0958     5.5062     -2.841     0.0229    -0.8957 -9.990e-29
 247.703241     -2.848   0.032639    15.0959     5.5034     -2.824     0.0229    -0.8957 -9.990e-29
 247.703247     -2.828   0.032886    15.0963     5.5015     -2.804     0.0231    -0.8957 -9.990e-29
 247.703252     -2.804   0.033071    15.0966     5.5075     -2.781     0.0232    -0.8956 -9.990e-29
 247.703258     -2.775   0.032885    15.0981     5.4999     -2.752     0.0231    -0.8960 -9.990e-29
 247.703264     -2.747   0.032638    15.1009     5.5020     -2.724     0.0229    -0.8965 -9.990e-29
 247.703270     -2.723   0.032556    15.1039     5.4993     -2.700     0.0229    -0.8970 -9.990e-29
 247.703275     -2.701   0.032528    15.1060     5.5048     -2.678     0.0229    -0.8973 -9.990e-29
 247.703281     -2.680   0.032518    15.1069     5.5108     -2.658     0.0229    -0.8974 -9.990e-29
 247.703287     -2.658   0.032512    15.1081     5.5027     -2.636     0.0229    -0.8976 -9.990e-29
 247.703293     -2.634   0.032501    15.1100     5.5067     -2.612     0.0229    -0.8979 -9.990e-29
 247.703299     -2.606   0.032473    15.1113     5.5053     -2.584     0.0228    -0.8981 -9.990e-29
 247.703304     -2.578   0.032389    15.1114     5.5078     -2.557     0.0228    -0.8982 -9.990e-29
 247.703310     -2.551   0.032138    15.1110     5.5102     -2.530     0.0227    -0.8982 -9.990e-29
 247.703316     -2.524   0.031942    15.1119     5.4988     -2.503     0.0226    -0.8984 -9.990e-29
 247.703322     -2.500   0.032096    15.1147     5.4973     -2.479     0.0226    -0.8988 -9.990e-29
 247.703328     -2.480   0.032247    15.1174     5.4984     -2.459     0.0227    -0.8992 -9.990e-29
 247.703333     -2.465   0.032041    15.1185     5.5008     -2.444     0.0226    -0.8994 -9.990e-29
 247.703339     -2.452   0.031759    15.1186     5.5046     -2.432     0.0225    -0.8995 -9.990e-29
 247.703345     -2.441   0.031583    15.1176     5.5036     -2.421     0.0224    -0.8995 -9.990e-29
 247.703351     -2.432   0.031277    15.1147     5.4953     -2.412     0.0222    -0.8991 -9.990e-29
 247.703356     -2.424   0.030989    15.1107     5.5011     -2.404     0.0221    -0.8986 -9.990e-29
 247.703362     -2.416   0.030892    15.1066     5.5026     -2.396     0.0220    -0.8981 -9.990e-29
 247.703368     -2.408   0.030857    15.1023     5.5043     -2.388     0.0220    -0.8974 -9.990e-29
 247.703374     -2.399   0.030837    15.0974     5.5058     -2.379     0.0220    -0.8967 -9.990e-29
 247.703380     -2.389   0.030804    15.0924     5.5008     -2.369     0.0220    -0.8959 -9.990e-29
 247.703385     -2.377   0.030715    15.0897     5.4995     -2.357     0.0219    -0.8956 -9.990e-29
 247.703391     -2.362   0.030454    15.0905     5.4999     -2.342     0.0218    -0.8958 -9.990e-29
 247.703397     -2.348   0.030228    15.0936     5.5084     -2.328     0.0216    -0.8964 -9.990e-29
 247.703403     -2.338   0.030293    15.0971     5.5023     -2.319     0.0217    -0.8969 -9.990e-29
 247.703409     -2.327   0.030181    15.1003     5.5008     -2.308     0.0216    -0.8974 -9.990e-29
 247.703414     -2.310   0.029743    15.1039     5.4992     -2.291     0.0214    -0.8981 -9.990e-29
 247.703420     -2.286   0.029509    15.1082     5.4897     -2.267     0.0213    -0.8989 -9.990e-29
 247.703426     -2.259   0.029723    15.1137     5.5005     -2.240     0.0214    -0.8996 -9.990e-29
 247.703432     -2.233   0.030117    15.1204     5.4947     -2.214     0.0216    -0.9005 -9.990e-29
 247.703438     -2.214   0.030103    15.1257     5.5028     -2.196     0.0216    -0.9013 -9.990e-29
 247.703443     -2.198   0.029666    15.1268     5.4985     -2.180     0.0214    -0.9016 -9.990e-29
 247.703449     -2.185   0.029334    15.1253     5.4941     -2.167     0.0212    -0.9015 -9.990e-29
 247.703455     -2.174   0.029223    15.1233     5.5038     -2.156     0.0211    -0.9013 -9.990e-29
 247.703461     -2.165   0.029186    15.1207     5.5040     -2.147     0.0211    -0.9009 -9.990e-29
 247.703466     -2.157   0.029173    15.1174     5.5080     -2.139     0.0211    -0.9004 -9.990e-29
 247.703472     -2.150   0.029168    15.1132     5.5062     -2.132     0.0211    -0.8998 -9.990e-29
 247.703478     -2.142   0.029166    15.1090     5.5002     -2.124     0.0211    -0.8991 -9.990e-29
 247.703484     -2.134   0.029165    15.1062     5.4909     -2.116     0.0211    -0.8987 -9.990e-29
 247.703490     -2.125   0.029164    15.1055     5.4967     -2.107     0.0211    -0.8986 -9.990e-29
 247.703495     -2.115   0.029163    15.1069     5.4999     -2.097     0.0211    -0.8988 -9.990e-29
 247.703501     -2.102   0.029163    15.1093     5.5017     -2.084     0.0211    -0.8992 -9.990e-29
 247.703507     -2.090   0.029162    15.1107     5.5048     -2.073     0.0211    -0.8994 -9.990e-29
 247.703513     -2.083   0.029161    15.1109     5.4937     -2.066     0.0211    -0.8994 -9.990e-29
 247.703519     -2.076   0.029160    15.1119     5.5002     -2.059     0.0211    -0.8996 -9.990e-29
 247.703524     -2.064   0.029159    15.1163     5.4946     -2.047     0.0211    -0.9002 -9.990e-29
 247.703530     -2.051   0.029157    15.1244     5.4948     -2.034     0.0211    -0.9015 -9.990e-29
 247.703536     -2.041   0.029152    15.1317     5.4966     -2.024     0.0211    -0.9026 -9.990e-29
 247.703542     -2.028   0.029138    15.1338     5.4944     -2.011     0.0211    -0.9029 -9.990e-29
 247.703547     -2.007   0.029097    15.1318     5.4980     -1.990     0.0211    -0.9026 -9.990e-29
 247.703553     -1.981   0.028977    15.1279     5.5058     -1.964     0.0210    -0.9021 -9.990e-29
 247.703559     -1.957   0.028618    15.1224     5.5078     -1.941     0.0208    -0.9014 -9.990e-29
 247.703565     -1.938   0.028098    15.1166     5.5078     -1.922     0.0205    -0.9007 -9.990e-29
 247.703571     -1.922   0.027837    15.1121     5.5059     -1.906     0.0204    -0.9001 -9.990e-29
