data/oxygen options/OCNMS/OCNMS1/raw_data/2014/CAST_MB042_140730faed.cnv
* Sea-Bird SBE19 Data File:
* FileName = C:\2014 Mooring Data\Casts\CAST_MB042_140730.hex
* Software Version 1.59
* Temperature SN = 2997
* Conductivity SN = 2997
* System UpLoad Time = Aug 03 2014 00:49:15
** CAST_MB042_140730
* ds
# nquan = 9                                 
# nvalues = 1448                        
# units = specified
# name 0 = timeJ: Julian Days
# name 1 = prSM: Pressure, Strain Gauge [db]
# name 2 = c0mS/cm: Conductivity [mS/cm]
# name 3 = t090C: Temperature [ITS-90, deg C]
# name 4 = sbeox0ML/L: Oxygen, SBE 43 [ml/l]
# name 5 = depSM: Depth [salt water, m], lat = 47.5
# name 6 = sal00: Salinity, Practical [PSU]
# name 7 = sigma-é00: Density [sigma-theta, kg/m^3]
# name 8 = flag: flag
# span 0 = 211.727431, 211.735804       
# span 1 =     -5.617,     41.097       
# span 2 =   0.007218,  36.785137       
# span 3 =     7.3035,    16.1575       
# span 4 =    -1.7650,    15.3232       
# span 5 =     -5.570,     40.750       
# span 6 =     0.0103,    33.7178       
# span 7 =    -1.0721,    26.3674       
# span 8 = 0.0000e+00, 0.0000e+00       
# interval = seconds: 0.5
# start_time = Jul 30 2014 17:27:30 [Instrument's time stamp, header]
# bad_flag = -9.990e-29
*END*
[from data line 161]
 211.728362     -2.322   0.009113    15.6119     5.4317     -2.303     0.0112    -0.9848 -9.990e-29
 211.728368     -2.311   0.008992    15.6129     5.4338     -2.292     0.0111    -0.9850 -9.990e-29
 211.728374     -2.302   0.008952    15.6138     5.4371     -2.283     0.0111    -0.9852 -9.990e-29
 211.728380     -2.298   0.008939    15.6160     5.4368     -2.279     0.0111    -0.9856 -9.990e-29
 211.728385     -2.299   0.008935    15.6188     5.4373     -2.280     0.0111    -0.9860 -9.990e-29
 211.728391     -2.297   0.008934    15.6205     5.4466     -2.278     0.0111    -0.9863 -9.990e-29
 211.728397     -2.287   0.008934    15.6202     5.4419     -2.268     0.0111    -0.9862 -9.990e-29
 211.728403     -2.268   0.008935    15.6185     5.4410     -2.249     0.0111    -0.9859 -9.990e-29
 211.728409     -2.244   0.008936    15.6165     5.4396     -2.225     0.0111    -0.9856 -9.990e-29
 211.728414     -2.222   0.008937    15.6142     5.4381     -2.203     0.0111    -0.9853 -9.990e-29
 211.728420     -2.204   0.008938    15.6129     5.4419     -2.186     0.0111    -0.9851 -9.990e-29
 211.728426     -2.190   0.008939    15.6131     5.4419     -2.172     0.0111    -0.9851 -9.990e-29
 211.728432     -2.179   0.008940    15.6123     5.4416     -2.161     0.0111    -0.9850 -9.990e-29
 211.728438     -2.169   0.008941    15.6077     5.4412     -2.151     0.0111    -0.9842 -9.990e-29
 211.728443     -2.160   0.008942    15.5994     5.4406     -2.142     0.0111    -0.9829 -9.990e-29
 211.728449     -2.152   0.008943    15.5902     5.4482     -2.134     0.0111    -0.9815 -9.990e-29
 211.728455     -2.144   0.008944    15.5825     5.4425     -2.126     0.0111    -0.9803 -9.990e-29
 211.728461     -2.136   0.008944    15.5771     5.4399     -2.118     0.0111    -0.9794 -9.990e-29
 211.728466     -2.127   0.008945    15.5740     5.4369     -2.109     0.0111    -0.9789 -9.990e-29
 211.728472     -2.117   0.008946    15.5730     5.4353     -2.099     0.0111    -0.9788 -9.990e-29
 211.728478     -2.104   0.008947    15.5738     5.4389     -2.086     0.0111    -0.9789 -9.990e-29
 211.728484     -2.089   0.008948    15.5759     5.4384     -2.072     0.0111    -0.9792 -9.990e-29
 211.728490     -2.074   0.008949    15.5788     5.4386     -2.057     0.0111    -0.9797 -9.990e-29
 211.728495     -2.063   0.008950    15.5819     5.4385     -2.046     0.0111    -0.9802 -9.990e-29
 211.728501     -2.050   0.008951    15.5846     5.4381     -2.033     0.0111    -0.9806 -9.990e-29
 211.728507     -2.031   0.008952    15.5874     5.4383     -2.014     0.0111    -0.9810 -9.990e-29
 211.728513     -2.009   0.008953    15.5915     5.4388     -1.992     0.0111    -0.9817 -9.990e-29
 211.728519     -1.990   0.008954    15.5956     5.4389     -1.973     0.0111    -0.9823 -9.990e-29
 211.728524     -1.975   0.008954    15.5983     5.4384     -1.959     0.0111    -0.9827 -9.990e-29
 211.728530     -1.956   0.008955    15.6003     5.4376     -1.940     0.0111    -0.9831 -9.990e-29
 211.728536     -1.938   0.008956    15.6021     5.4368     -1.922     0.0111    -0.9833 -9.990e-29
 211.728542     -1.924   0.008957    15.6031     5.4356     -1.908     0.0111    -0.9835 -9.990e-29
 211.728547     -1.913   0.008958    15.6040     5.4338     -1.897     0.0111    -0.9836 -9.990e-29
 211.728553     -1.903   0.008959    15.6047     5.4320     -1.887     0.0111    -0.9838 -9.990e-29
 211.728559     -1.895   0.008960    15.6041     5.4310     -1.879     0.0111    -0.9837 -9.990e-29
 211.728565     -1.888   0.008961    15.6029     5.4301     -1.872     0.0111    -0.9835 -9.990e-29
 211.728571     -1.882   0.008962    15.6034     5.4298     -1.866     0.0111    -0.9835 -9.990e-29
 211.728576     -1.875   0.008963    15.6069     5.4294     -1.859     0.0111    -0.9841 -9.990e-29
 211.728582     -1.868   0.008963    15.6130     5.4289     -1.852     0.0111    -0.9851 -9.990e-29
 211.728588     -1.860   0.008964    15.6213     5.4206     -1.844     0.0111    -0.9864 -9.990e-29
 211.728594     -1.851   0.008965    15.6325     5.4266     -1.836     0.0111    -0.9881 -9.990e-29
 211.728600     -1.840   0.008966    15.6457     5.4290     -1.825     0.0111    -0.9902 -9.990e-29
 211.728605     -1.830   0.008967    15.6582     5.4310     -1.815     0.0111    -0.9922 -9.990e-29
 211.728611     -1.826   0.008968    15.6682     5.4335     -1.811     0.0111    -0.9938 -9.990e-29
 211.728617     -1.823   0.008969    15.6757     5.4303     -1.808     0.0111    -0.9950 -9.990e-29
 211.728623     -1.816   0.008970    15.6811     5.4303     -1.801     0.0111    -0.9958 -9.990e-29
 211.728628     -1.809   0.008971    15.6852     5.4301     -1.794     0.0111    -0.9965 -9.990e-29
 211.728634     -1.806   0.008972    15.6887     5.4219     -1.791     0.0111    -0.9970 -9.990e-29
 211.728640     -1.802   0.008973    15.6911     5.4339     -1.787     0.0111    -0.9974 -9.990e-29
 211.728646     -1.794   0.008973    15.6912     5.4300     -1.779     0.0111    -0.9974 -9.990e-29
 211.728652     -1.780   0.008974    15.6894     5.4303     -1.765     0.0111    -0.9971 -9.990e-29
 211.728657     -1.764   0.008975    15.6863     5.4299     -1.749     0.0111    -0.9967 -9.990e-29
 211.728663     -1.749   0.008976    15.6830     5.4237     -1.734     0.0111    -0.9961 -9.990e-29
 211.728669     -1.730   0.008977    15.6807     5.4268     -1.716     0.0111    -0.9958 -9.990e-29
 211.728675     -1.706   0.008978    15.6805     5.4267     -1.692     0.0111    -0.9957 -9.990e-29
 211.728681     -1.683   0.008979    15.6827     5.4268     -1.669     0.0111    -0.9961 -9.990e-29
 211.728686     -1.665   0.008979    15.6874     5.4261     -1.651     0.0111    -0.9968 -9.990e-29
 211.728692     -1.655   0.008979    15.6927     5.4259     -1.641     0.0111    -0.9977 -9.990e-29
 211.728698     -1.652   0.008976    15.6957     5.4258     -1.638     0.0111    -0.9981 -9.990e-29
 211.728704     -1.647   0.008964    15.6973     5.4254     -1.633     0.0111    -0.9984 -9.990e-29
 211.728709     -1.640   0.008928    15.7000     5.4249     -1.626     0.0111    -0.9988 -9.990e-29
 211.728715     -1.635   0.008818    15.7040     5.4246     -1.621     0.0111    -0.9995 -9.990e-29
 211.728721     -1.631   0.008486    15.7077     5.4244     -1.617     0.0109    -1.0002 -9.990e-29
 211.728727     -1.629   0.008046    15.7100     5.4254     -1.615     0.0107    -1.0007 -9.990e-29
 211.728733     -1.628   0.008019    15.7120     5.4275     -1.614     0.0107    -1.0011 -9.990e-29
 211.728738     -1.628   0.008370    15.7147     5.4208     -1.614     0.0109    -1.0014 -9.990e-29
 211.728744     -1.629   0.008453    15.7172     5.4179     -1.615     0.0109    -1.0017 -9.990e-29
 211.728750     -1.631   0.008378    15.7193     5.4175     -1.617     0.0109    -1.0021 -9.990e-29
 211.728756     -1.635   0.008600    15.7219     5.4266     -1.621     0.0110    -1.0024 -9.990e-29
 211.728762     -1.635   0.008856    15.7250     5.4235     -1.621     0.0111    -1.0028 -9.990e-29
 211.728767     -1.629   0.008929    15.7269     5.4207     -1.615     0.0111    -1.0031 -9.990e-29
 211.728773     -1.620   0.008918    15.7252     5.4260     -1.606     0.0111    -1.0028 -9.990e-29
 211.728779     -1.611   0.008806    15.7184     5.4185     -1.598     0.0111    -1.0018 -9.990e-29
 211.728785     -1.602   0.008444    15.7089     5.4223     -1.589     0.0109    -1.0004 -9.990e-29
 211.728791     -1.592   0.007904    15.7033     5.4225     -1.579     0.0107    -0.9997 -9.990e-29
 211.728796     -1.581   0.007574    15.7040     5.4225     -1.568     0.0105    -0.9999 -9.990e-29
 211.728802     -1.569   0.007570    15.7080     5.4276     -1.556     0.0105    -1.0006 -9.990e-29
 211.728808     -1.554   0.007887    15.7135     5.4276     -1.541     0.0106    -1.0013 -9.990e-29
 211.728814     -1.535   0.008389    15.7202     5.4275     -1.522     0.0109    -1.0022 -9.990e-29
 211.728819     -1.515   0.008633    15.7258     5.4349     -1.502     0.0110    -1.0030 -9.990e-29
 211.728825     -1.502   0.008385    15.7274     5.4377     -1.489     0.0109    -1.0034 -9.990e-29
 211.728831     -1.495   0.007872    15.7227     5.4305     -1.483     0.0106    -1.0028 -9.990e-29
 211.728837     -1.485   0.007519    15.7117     5.4352     -1.473     0.0105    -1.0012 -9.990e-29
 211.728843     -1.468   0.007410    15.6976     5.4339     -1.456     0.0104    -0.9990 -9.990e-29
 211.728848     -1.445   0.007398    15.6842     5.4359     -1.433     0.0104    -0.9969 -9.990e-29
 211.728854     -1.424   0.007467    15.6747     5.4372     -1.412     0.0105    -0.9953 -9.990e-29
 211.728860     -1.409   0.007709    15.6703     5.4324     -1.397     0.0106    -0.9945 -9.990e-29
 211.728866     -1.398   0.007892    15.6692     5.4319     -1.386     0.0106    -0.9943 -9.990e-29
 211.728872     -1.391   0.007706    15.6678     5.4313     -1.379     0.0106    -0.9942 -9.990e-29
 211.728877     -1.387   0.007458    15.6641     5.4309     -1.375     0.0104    -0.9936 -9.990e-29
 211.728883     -1.385   0.007375    15.6591     5.4299     -1.373     0.0104    -0.9929 -9.990e-29
 211.728889     -1.387   0.007347    15.6545     5.4293     -1.375     0.0104    -0.9922 -9.990e-29
 211.728895     -1.391   0.007337    15.6511     5.4297     -1.379     0.0104    -0.9916 -9.990e-29
 211.728900     -1.398   0.007333    15.6504     5.4392     -1.386     0.0104    -0.9915 -9.990e-29
 211.728906     -1.405   0.007331    15.6538     5.4347     -1.393     0.0104    -0.9921 -9.990e-29
 211.728912     -1.402   0.007330    15.6597     5.4340     -1.390     0.0104    -0.9930 -9.990e-29
 211.728918     -1.391   0.007329    15.6655     5.4315     -1.379     0.0104    -0.9939 -9.990e-29
 211.728924     -1.379   0.007328    15.6707     5.4288     -1.367     0.0104    -0.9947 -9.990e-29
 211.728929     -1.369   0.007328    15.6758     5.4322     -1.358     0.0104    -0.9955 -9.990e-29
 211.728935     -1.360   0.007327    15.6807     5.4410     -1.349     0.0104    -0.9963 -9.990e-29
 211.728941     -1.353   0.007326    15.6829     5.4361     -1.342     0.0104    -0.9967 -9.990e-29
 211.728947     -1.346   0.007326    15.6793     5.4344     -1.335     0.0104    -0.9961 -9.990e-29
 211.728953     -1.340   0.007325    15.6707     5.4318     -1.329     0.0104    -0.9947 -9.990e-29
 211.728958     -1.333   0.007324    15.6615     5.4288     -1.322     0.0104    -0.9933 -9.990e-29
 211.728964     -1.326   0.007324    15.6560     5.4312     -1.315     0.0104    -0.9924 -9.990e-29
 211.728970     -1.323   0.007323    15.6556     5.4301     -1.312     0.0104    -0.9923 -9.990e-29
 211.728976     -1.326   0.007322    15.6576     5.4284     -1.315     0.0104    -0.9927 -9.990e-29
 211.728981     -1.333   0.007321    15.6575     5.4267     -1.322     0.0104    -0.9927 -9.990e-29
 211.728987     -1.340   0.007321    15.6537     5.4171     -1.329     0.0104    -0.9920 -9.990e-29
 211.728993     -1.346   0.007320    15.6493     5.4233     -1.335     0.0104    -0.9914 -9.990e-29
 211.728999     -1.352   0.007319    15.6488     5.4282     -1.341     0.0104    -0.9913 -9.990e-29
 211.729005     -1.355   0.007319    15.6536     5.4264     -1.344     0.0104    -0.9920 -9.990e-29
 211.729010     -1.350   0.007318    15.6622     5.4283     -1.339     0.0104    -0.9934 -9.990e-29
 211.729016     -1.342   0.007317    15.6726     5.4337     -1.331     0.0104    -0.9950 -9.990e-29
 211.729022     -1.333   0.007316    15.6843     5.4303     -1.322     0.0104    -0.9969 -9.990e-29
 211.729028     -1.324   0.007316    15.6970     5.4324     -1.313     0.0104    -0.9989 -9.990e-29
 211.729034     -1.313   0.007315    15.7089     5.4306     -1.302     0.0104    -1.0008 -9.990e-29
 211.729039     -1.301   0.007314    15.7156     5.4283     -1.290     0.0104    -1.0019 -9.990e-29
 211.729045     -1.287   0.007314    15.7108     5.4339     -1.276     0.0104    -1.0011 -9.990e-29
 211.729051     -1.268   0.007313    15.6933     5.4362     -1.257     0.0104    -0.9983 -9.990e-29
 211.729057     -1.245   0.007312    15.6709     5.4391     -1.235     0.0104    -0.9948 -9.990e-29
 211.729063     -1.221   0.007311    15.6524     5.4405     -1.211     0.0104    -0.9918 -9.990e-29
 211.729068     -1.201   0.007311    15.6399     5.4417     -1.191     0.0104    -0.9899 -9.990e-29
 211.729074     -1.190   0.007310    15.6321     5.4427     -1.180     0.0104    -0.9886 -9.990e-29
 211.729080     -1.186   0.007309    15.6276     5.4427     -1.176     0.0104    -0.9879 -9.990e-29
 211.729086     -1.185   0.007309    15.6246     5.4418     -1.175     0.0104    -0.9875 -9.990e-29
 211.729091     -1.183   0.007308    15.6191     5.4412     -1.173     0.0104    -0.9866 -9.990e-29
 211.729097     -1.179   0.007307    15.6075     5.4405     -1.169     0.0104    -0.9848 -9.990e-29
 211.729103     -1.173   0.007307    15.5903     5.4401     -1.163     0.0104    -0.9820 -9.990e-29
 211.729109     -1.170   0.007306    15.5719     5.4405     -1.160     0.0103    -0.9791 -9.990e-29
 211.729115     -1.172   0.007305    15.5567     5.4413     -1.162     0.0103    -0.9768 -9.990e-29
 211.729120     -1.177   0.007304    15.5461     5.4417     -1.167     0.0103    -0.9751 -9.990e-29
 211.729126     -1.176   0.007304    15.5402     5.4414     -1.166     0.0103    -0.9742 -9.990e-29
 211.729132     -1.168   0.007303    15.5392     5.4409     -1.158     0.0103    -0.9740 -9.990e-29
 211.729138     -1.162   0.007302    15.5423     5.4399     -1.152     0.0103    -0.9745 -9.990e-29
 211.729144     -1.158   0.007302    15.5471     5.4388     -1.148     0.0103    -0.9752 -9.990e-29
 211.729149     -1.150   0.007301    15.5511     5.4385     -1.140     0.0103    -0.9759 -9.990e-29
 211.729155     -1.143   0.007300    15.5527     5.4385     -1.133     0.0103    -0.9761 -9.990e-29
 211.729161     -1.136   0.007299    15.5515     5.4385     -1.127     0.0103    -0.9759 -9.990e-29
 211.729167     -1.125   0.007299    15.5488     5.4383     -1.116     0.0103    -0.9755 -9.990e-29
 211.729172     -1.113   0.007298    15.5473     5.4381     -1.104     0.0103    -0.9753 -9.990e-29
 211.729178     -1.104   0.007297    15.5488     5.4372     -1.095     0.0103    -0.9755 -9.990e-29
 211.729184     -1.096   0.007297    15.5532     5.4370     -1.087     0.0103    -0.9762 -9.990e-29
 211.729190     -1.090   0.007296    15.5597     5.4366     -1.081     0.0103    -0.9772 -9.990e-29
 211.729196     -1.086   0.007295    15.5661     5.4438     -1.077     0.0103    -0.9782 -9.990e-29
 211.729201     -1.082   0.007295    15.5702     5.4373     -1.073     0.0103    -0.9789 -9.990e-29
 211.729207     -1.078   0.007294    15.5721     5.4349     -1.069     0.0103    -0.9792 -9.990e-29
 211.729213     -1.075   0.007293    15.5734     5.4397     -1.066     0.0103    -0.9794 -9.990e-29
 211.729219     -1.073   0.007292    15.5752     5.4310     -1.064     0.0103    -0.9797 -9.990e-29
 211.729225     -1.070   0.007292    15.5783     5.4326     -1.061     0.0103    -0.9802 -9.990e-29
 211.729230     -1.067   0.007291    15.5823     5.4298     -1.058     0.0103    -0.9808 -9.990e-29
 211.729236     -1.064   0.007290    15.5862     5.4272     -1.055     0.0103    -0.9814 -9.990e-29
 211.729242     -1.060   0.007290    15.5902     5.4302     -1.051     0.0103    -0.9820 -9.990e-29
 211.729248     -1.056   0.007289    15.5950     5.4292     -1.047     0.0103    -0.9828 -9.990e-29
 211.729253     -1.050   0.007288    15.6006     5.4274     -1.041     0.0103    -0.9837 -9.990e-29
 211.729259     -1.044   0.007287    15.6071     5.4257     -1.035     0.0103    -0.9847 -9.990e-29
 211.729265     -1.039   0.007287    15.6142     5.4249     -1.030     0.0104    -0.9858 -9.990e-29
 211.729271     -1.041   0.007286    15.6209     5.4241     -1.032     0.0104    -0.9869 -9.990e-29
 211.729277     -1.046   0.007285    15.6269     5.4237     -1.037     0.0104    -0.9878 -9.990e-29
