data/oxygen options/OCNMS/OCNMS1/raw_data/2014/CAST_CA042_140623faed.cnv
* Sea-Bird SBE19 Data File:
* FileName = C:\2014 Mooring Data\Casts\CAST_CA042_140623.hex
* Software Version 1.59
* Temperature SN = 2997
* Conductivity SN = 2997
* System UpLoad Time = Jun 24 2014 00:14:06
** CAST_CA042_140623
* ds
# nquan = 9                                 
# nvalues = 1269                        
# units = specified
# name 0 = timeJ: Julian Days
# name 1 = prSM: Pressure, Strain Gauge [db]
# name 2 = c0mS/cm: Conductivity [mS/cm]
# name 3 = t090C: Temperature [ITS-90, deg C]
# name 4 = sbeox0ML/L: Oxygen, SBE 43 [ml/l]
# name 5 = depSM: Depth [salt water, m], lat = 47.5
# name 6 = sal00: Salinity, Practical [PSU]
# name 7 = sigma-é00: Density [sigma-theta, kg/m^3]
# name 8 = flag: flag
# span 0 = 174.849815, 174.857153       
# span 1 =     -5.633,     43.673       
# span 2 =   0.271703,  36.679449       
# span 3 =     7.2227,    15.1310       
# span 4 =    -1.7874,    17.6185       
# span 5 =     -5.586,     43.304       
# span 6 =     0.1626,    33.5586       
# span 7 =    -0.7863,    26.2453       
# span 8 = 0.0000e+00, 0.0000e+00       
# interval = seconds: 0.5
# start_time = Jun 23 2014 20:23:44 [Instrument's time stamp, header]
# bad_flag = -9.990e-29
*END*
 174.849815     -5.633 -9.990e-29    14.9686    -1.7865     -5.586 -9.990e-29 -9.990e-29 -9.990e-29
 174.849821     -5.628   0.288139    14.9780    -1.7865     -5.581     0.1721    -0.7622 -9.990e-29
 174.849826     -5.621   0.287892    14.9875    -1.7864     -5.574     0.1719    -0.7638 -9.990e-29
 174.849832     -5.613   0.287707    14.9970    -1.7857     -5.566     0.1718    -0.7653 -9.990e-29
 174.849838     -5.601   0.287893    15.0063    -1.7850     -5.554     0.1719    -0.7667 -9.990e-29
 174.849844     -5.587   0.288140    15.0150    -1.7845     -5.540     0.1720    -0.7679 -9.990e-29
 174.849850     -5.568   0.288222    15.0206    -1.7841     -5.522     0.1720    -0.7687 -9.990e-29
 174.849855     -5.544   0.288250    15.0203    -1.7842     -5.498     0.1720    -0.7686 -9.990e-29
 174.849861     -5.514   0.288259    15.0161    -1.7847     -5.468     0.1720    -0.7680 -9.990e-29
 174.849867     -5.478   0.288265    15.0125    -1.7846     -5.432     0.1721    -0.7674 -9.990e-29
 174.849873     -5.445   0.288275    15.0128    -1.7843     -5.400     0.1721    -0.7675 -9.990e-29
 174.849878     -5.415   0.288302    15.0190    -1.7841     -5.370     0.1720    -0.7684 -9.990e-29
 174.849884     -5.388   0.288385    15.0313    -1.7839     -5.343     0.1720    -0.7703 -9.990e-29
 174.849890     -5.361   0.288633    15.0459    -1.7838     -5.316     0.1721    -0.7724 -9.990e-29
 174.849896     -5.333   0.288822    15.0583    -1.7837     -5.289     0.1722    -0.7743 -9.990e-29
 174.849902     -5.302   0.288650    15.0653    -1.7837     -5.258     0.1721    -0.7754 -9.990e-29
 174.849907     -5.269   0.288444    15.0657    -1.7836     -5.225     0.1719    -0.7756 -9.990e-29
 174.849913     -5.239   0.288485    15.0633    -1.7838     -5.195     0.1720    -0.7752 -9.990e-29
 174.849919     -5.207   0.288828    15.0640    -1.7840     -5.164     0.1722    -0.7751 -9.990e-29
 174.849925     -5.178   0.289374    15.0682    -1.7843     -5.135     0.1725    -0.7755 -9.990e-29
 174.849931     -5.152   0.289740    15.0735    -1.7847     -5.109     0.1727    -0.7762 -9.990e-29
 174.849936     -5.129   0.289861    15.0781    -1.7847     -5.086     0.1728    -0.7768 -9.990e-29
 174.849942     -5.107   0.289899    15.0814    -1.7846     -5.064     0.1728    -0.7773 -9.990e-29
 174.849948     -5.084   0.289903    15.0837    -1.7848     -5.042     0.1728    -0.7777 -9.990e-29
 174.849954     -5.060   0.289879    15.0851    -1.7852     -5.018     0.1727    -0.7779 -9.990e-29
 174.849959     -5.032   0.289798    15.0848    -1.7852     -4.990     0.1727    -0.7779 -9.990e-29
 174.849965     -5.000   0.289550    15.0819    -1.7849     -4.958     0.1725    -0.7776 -9.990e-29
 174.849971     -4.964   0.289361    15.0768    -1.7846     -4.923     0.1725    -0.7769 -9.990e-29
 174.849977     -4.932   0.289537    15.0704    -1.7843     -4.891     0.1726    -0.7758 -9.990e-29
 174.849983     -4.905   0.289756    15.0648    -1.7841     -4.864     0.1727    -0.7748 -9.990e-29
 174.849988     -4.882   0.289756    15.0617    -1.7839     -4.841     0.1728    -0.7743 -9.990e-29
 174.849994     -4.862   0.289537    15.0593    -1.7842     -4.821     0.1726    -0.7741 -9.990e-29
 174.850000     -4.843   0.289364    15.0555    -1.7846     -4.803     0.1725    -0.7736 -9.990e-29
 174.850006     -4.823   0.289562    15.0518    -1.7849     -4.783     0.1727    -0.7729 -9.990e-29
 174.850012     -4.803   0.289840    15.0519    -1.7849     -4.763     0.1728    -0.7728 -9.990e-29
 174.850017     -4.780   0.290014    15.0565    -1.7851     -4.740     0.1729    -0.7734 -9.990e-29
 174.850023     -4.752   0.290316    15.0633    -1.7850     -4.712     0.1731    -0.7743 -9.990e-29
 174.850029     -4.724   0.290593    15.0698    -1.7848     -4.685     0.1732    -0.7752 -9.990e-29
 174.850035     -4.696   0.290657    15.0745    -1.7846     -4.657     0.1732    -0.7759 -9.990e-29
 174.850041     -4.667   0.290595    15.0757    -1.7845     -4.628     0.1732    -0.7761 -9.990e-29
 174.850046     -4.640   0.290326    15.0722    -1.7842     -4.601     0.1731    -0.7757 -9.990e-29
 174.850052     -4.617   0.290047    15.0658    -1.7838     -4.579     0.1729    -0.7748 -9.990e-29
 174.850058     -4.597   0.289943    15.0600    -1.7840     -4.559     0.1729    -0.7740 -9.990e-29
 174.850064     -4.579   0.289877    15.0564    -1.7844     -4.541     0.1728    -0.7735 -9.990e-29
 174.850069     -4.561   0.289759    15.0549    -1.7844     -4.523     0.1728    -0.7733 -9.990e-29
 174.850075     -4.541   0.289435    15.0561    -1.7845     -4.503     0.1726    -0.7736 -9.990e-29
 174.850081     -4.520   0.289029    15.0597    -1.7842     -4.482     0.1723    -0.7744 -9.990e-29
 174.850087     -4.496   0.289110    15.0642    -1.7840     -4.459     0.1724    -0.7750 -9.990e-29
 174.850093     -4.470   0.289789    15.0693    -1.7838     -4.433     0.1727    -0.7755 -9.990e-29
 174.850098     -4.447   0.290303    15.0751    -1.7839     -4.410     0.1730    -0.7762 -9.990e-29
 174.850104     -4.424   0.290227    15.0788    -1.7837     -4.387     0.1730    -0.7768 -9.990e-29
 174.850110     -4.401   0.290016    15.0782    -1.7839     -4.364     0.1728    -0.7768 -9.990e-29
 174.850116     -4.374   0.289945    15.0749    -1.7841     -4.338     0.1728    -0.7763 -9.990e-29
 174.850122     -4.348   0.289920    15.0728    -1.7841     -4.312     0.1728    -0.7760 -9.990e-29
 174.850127     -4.325   0.289907    15.0736    -1.7840     -4.289     0.1728    -0.7761 -9.990e-29
 174.850133     -4.303   0.289892    15.0772    -1.7841     -4.267     0.1728    -0.7767 -9.990e-29
 174.850139     -4.280   0.289855    15.0815    -1.7836     -4.244     0.1727    -0.7774 -9.990e-29
 174.850145     -4.257   0.289745    15.0846    -1.7834     -4.222     0.1727    -0.7779 -9.990e-29
 174.850150     -4.230   0.289417    15.0864    -1.7834     -4.195     0.1724    -0.7783 -9.990e-29
 174.850156     -4.202   0.288990    15.0865    -1.7835     -4.167     0.1722    -0.7785 -9.990e-29
 174.850162     -4.177   0.289008    15.0847    -1.7838     -4.142     0.1722    -0.7783 -9.990e-29
 174.850168     -4.152   0.289495    15.0823    -1.7842     -4.117     0.1725    -0.7777 -9.990e-29
 174.850174     -4.130   0.289988    15.0816    -1.7845     -4.096     0.1728    -0.7773 -9.990e-29
 174.850179     -4.110   0.290591    15.0827    -1.7850     -4.076     0.1732    -0.7772 -9.990e-29
 174.850185     -4.086   0.291552    15.0856    -1.7858     -4.052     0.1737    -0.7772 -9.990e-29
 174.850191     -4.061   0.292486    15.0905    -1.7862     -4.027     0.1743    -0.7775 -9.990e-29
 174.850197     -4.037   0.292970    15.0945    -1.7864     -4.003     0.1746    -0.7779 -9.990e-29
 174.850203     -4.014   0.293095    15.0954    -1.7871     -3.981     0.1746    -0.7780 -9.990e-29
 174.850208     -3.989   0.293027    15.0928    -1.7874     -3.956     0.1746    -0.7776 -9.990e-29
 174.850214     -3.966   0.292678    15.0863    -1.7872     -3.933     0.1744    -0.7768 -9.990e-29
 174.850220     -3.946   0.292137    15.0771    -1.7868     -3.913     0.1741    -0.7756 -9.990e-29
 174.850226     -3.926   0.291796    15.0668    -1.7864     -3.893     0.1740    -0.7742 -9.990e-29
 174.850231     -3.898   0.291755    15.0544    -1.7863     -3.866     0.1740    -0.7723 -9.990e-29
 174.850237     -3.865   0.291962    15.0405    -1.7866     -3.833     0.1742    -0.7700 -9.990e-29
 174.850243     -3.835   0.292137    15.0282    -1.7866     -3.803     0.1743    -0.7680 -9.990e-29
 174.850249     -3.809   0.291959    15.0173    13.4419     -3.777     0.1743    -0.7664 -9.990e-29
 174.850255     -3.786   0.291747    15.0072    17.4998     -3.754     0.1742    -0.7650 -9.990e-29
 174.850260     -3.764   0.291774    15.0019    17.6185     -3.733     0.1742    -0.7641 -9.990e-29
 174.850266     -3.742   0.292075    15.0037    13.9161     -3.711     0.1744    -0.7643 -9.990e-29
 174.850272     -3.718   0.292498    15.0101     6.4222     -3.687     0.1746    -0.7651 -9.990e-29
 174.850278     -3.691   0.292494    15.0163     6.2385     -3.660     0.1746    -0.7660 -9.990e-29
 174.850284     -3.664   0.292058    15.0186     6.2237     -3.633     0.1743    -0.7666 -9.990e-29
 174.850289     -3.639   0.291723    15.0179     6.2259     -3.609     0.1741    -0.7666 -9.990e-29
 174.850295     -3.614   0.291599    15.0182     6.2261     -3.584     0.1740    -0.7667 -9.990e-29
 174.850301     -3.593   0.291521    15.0211     6.2251     -3.563     0.1740    -0.7672 -9.990e-29
 174.850307     -3.578   0.291385    15.0253     6.2235     -3.548     0.1739    -0.7679 -9.990e-29
 174.850313     -3.563   0.291011    15.0292     6.2224     -3.533     0.1736    -0.7687 -9.990e-29
 174.850318     -3.544   0.290455    15.0337     6.2221     -3.514     0.1733    -0.7697 -9.990e-29
 174.850324     -3.524   0.290088    15.0396     6.2218     -3.495     0.1730    -0.7707 -9.990e-29
 174.850330     -3.506   0.289977    15.0463     6.2203     -3.477     0.1729    -0.7718 -9.990e-29
 174.850336     -3.488   0.289977    15.0540     6.2283     -3.459     0.1729    -0.7730 -9.990e-29
 174.850341     -3.470   0.290086    15.0615     6.2227     -3.441     0.1730    -0.7741 -9.990e-29
 174.850347     -3.450   0.290452    15.0677     6.2218     -3.421     0.1731    -0.7749 -9.990e-29
 174.850353     -3.432   0.291006    15.0745     6.2205     -3.403     0.1735    -0.7757 -9.990e-29
 174.850359     -3.418   0.291375    15.0828     6.2187     -3.390     0.1736    -0.7768 -9.990e-29
 174.850365     -3.403   0.291498    15.0903     6.2231     -3.375     0.1737    -0.7779 -9.990e-29
 174.850370     -3.382   0.291539    15.0959     6.2236     -3.354     0.1737    -0.7788 -9.990e-29
 174.850376     -3.358   0.291552    15.1007     6.2236     -3.330     0.1737    -0.7795 -9.990e-29
 174.850382     -3.338   0.291556    15.1050     6.2233     -3.310     0.1737    -0.7802 -9.990e-29
 174.850388     -3.321   0.291557    15.1066     6.2225     -3.293     0.1737    -0.7805 -9.990e-29
 174.850394     -3.302   0.291556    15.1044     6.2225     -3.274     0.1737    -0.7801 -9.990e-29
 174.850399     -3.283   0.291553    15.1000     6.2229     -3.256     0.1737    -0.7794 -9.990e-29
 174.850405     -3.267   0.291543    15.0958     6.2325     -3.240     0.1737    -0.7788 -9.990e-29
 174.850411     -3.254   0.291515    15.0926     6.2285     -3.227     0.1737    -0.7783 -9.990e-29
 174.850417     -3.243   0.291431    15.0897     6.2265     -3.216     0.1736    -0.7779 -9.990e-29
 174.850422     -3.233   0.291182    15.0875     6.2250     -3.206     0.1735    -0.7777 -9.990e-29
 174.850428     -3.223   0.290992    15.0871     6.2302     -3.196     0.1734    -0.7777 -9.990e-29
 174.850434     -3.213   0.291164    15.0888     6.2275     -3.186     0.1735    -0.7779 -9.990e-29
 174.850440     -3.203   0.291369    15.0907     6.2325     -3.176     0.1736    -0.7781 -9.990e-29
 174.850446     -3.190   0.291327    15.0903     6.2311     -3.163     0.1736    -0.7780 -9.990e-29
 174.850451     -3.176   0.290983    15.0860     6.2279     -3.150     0.1734    -0.7775 -9.990e-29
 174.850457     -3.158   0.290434    15.0780     6.2286     -3.132     0.1731    -0.7765 -9.990e-29
 174.850463     -3.135   0.290062    15.0702     6.2155     -3.109     0.1729    -0.7755 -9.990e-29
 174.850469     -3.107   0.289925    15.0662     6.2123     -3.081     0.1728    -0.7749 -9.990e-29
 174.850475     -3.076   0.289843    15.0661     6.2121     -3.050     0.1728    -0.7750 -9.990e-29
 174.850480     -3.047   0.289705    15.0692     6.2219     -3.022     0.1727    -0.7755 -9.990e-29
 174.850486     -3.024   0.289329    15.0748     6.2195     -2.999     0.1724    -0.7765 -9.990e-29
 174.850492     -3.006   0.288771    15.0823     6.2263     -2.981     0.1721    -0.7780 -9.990e-29
 174.850498     -2.990   0.288398    15.0913     6.2283     -2.965     0.1718    -0.7795 -9.990e-29
 174.850503     -2.977   0.288269    15.1008     6.2285     -2.952     0.1717    -0.7811 -9.990e-29
 174.850509     -2.965   0.288213    15.1101     6.2236     -2.940     0.1716    -0.7826 -9.990e-29
 174.850515     -2.953   0.288158    15.1189     6.2261     -2.928     0.1716    -0.7840 -9.990e-29
 174.850521     -2.941   0.288030    15.1258     6.2285     -2.916     0.1714    -0.7851 -9.990e-29
 174.850527     -2.927   0.287658    15.1297     6.2310     -2.903     0.1712    -0.7859 -9.990e-29
 174.850532     -2.912   0.287101    15.1310     6.2256     -2.888     0.1709    -0.7863 -9.990e-29
 174.850538     -2.894   0.286730    15.1294     6.2195     -2.870     0.1706    -0.7863 -9.990e-29
 174.850544     -2.872   0.286606    15.1234     6.2187     -2.848     0.1706    -0.7854 -9.990e-29
 174.850550     -2.845   0.286565    15.1133     6.2197     -2.821     0.1706    -0.7838 -9.990e-29
 174.850556     -2.814   0.286551    15.1020     6.2311     -2.791     0.1707    -0.7821 -9.990e-29
 174.850561     -2.787   0.286547    15.0932     6.2327     -2.764     0.1707    -0.7807 -9.990e-29
 174.850567     -2.767   0.286546    15.0876     6.2234     -2.744     0.1707    -0.7798 -9.990e-29
 174.850573     -2.751   0.286546    15.0834     6.2281     -2.728     0.1707    -0.7792 -9.990e-29
 174.850579     -2.739   0.286550    15.0799     6.2265     -2.716     0.1707    -0.7786 -9.990e-29
 174.850584     -2.731   0.286563    15.0781     6.2219     -2.708     0.1708    -0.7784 -9.990e-29
 174.850590     -2.725   0.286603    15.0792     6.2296     -2.702     0.1708    -0.7785 -9.990e-29
 174.850596     -2.722   0.286722    15.0830     6.2267     -2.699     0.1708    -0.7790 -9.990e-29
 174.850602     -2.720   0.287079    15.0877     6.2284     -2.697     0.1710    -0.7796 -9.990e-29
 174.850608     -2.721   0.287595    15.0919     6.2221     -2.698     0.1713    -0.7800 -9.990e-29
 174.850613     -2.719   0.287847    15.0963     6.2159     -2.696     0.1715    -0.7806 -9.990e-29
 174.850619     -2.711   0.287613    15.0997     6.2242     -2.688     0.1713    -0.7812 -9.990e-29
 174.850625     -2.699   0.287138    15.0996     6.2219     -2.676     0.1710    -0.7814 -9.990e-29
 174.850631     -2.689   0.286903    15.0963     6.2338     -2.667     0.1709    -0.7810 -9.990e-29
 174.850637     -2.678   0.287150    15.0930     6.2357     -2.656     0.1710    -0.7804 -9.990e-29
 174.850642     -2.667   0.287653    15.0930     6.2336     -2.645     0.1714    -0.7802 -9.990e-29
 174.850648     -2.654   0.287969    15.0958     6.2377     -2.632     0.1715    -0.7804 -9.990e-29
 174.850654     -2.639   0.287964    15.0986     6.2277     -2.617     0.1715    -0.7809 -9.990e-29
 174.850660     -2.621   0.287633    15.1003     6.2335     -2.599     0.1713    -0.7813 -9.990e-29
 174.850666     -2.603   0.287090    15.0999     6.2348     -2.581     0.1710    -0.7815 -9.990e-29
 174.850671     -2.588   0.286724    15.0955     6.2273     -2.566     0.1708    -0.7810 -9.990e-29
 174.850677     -2.571   0.286602    15.0863     6.2353     -2.550     0.1707    -0.7796 -9.990e-29
 174.850683     -2.551   0.286561    15.0745     6.2326     -2.530     0.1708    -0.7778 -9.990e-29
 174.850689     -2.530   0.286546    15.0642     6.2354     -2.509     0.1708    -0.7762 -9.990e-29
 174.850694     -2.508   0.286537    15.0555     6.2385     -2.487     0.1708    -0.7749 -9.990e-29
 174.850700     -2.487   0.286521    15.0459     6.2348     -2.466     0.1709    -0.7734 -9.990e-29
 174.850706     -2.471   0.286479    15.0380     6.2363     -2.450     0.1709    -0.7722 -9.990e-29
 174.850712     -2.458   0.286355    15.0361     6.2382     -2.438     0.1708    -0.7719 -9.990e-29
 174.850718     -2.447   0.285985    15.0394     6.2313     -2.427     0.1706    -0.7726 -9.990e-29
 174.850723     -2.438   0.285430    15.0440     6.2305     -2.418     0.1702    -0.7736 -9.990e-29
 174.850729     -2.430   0.285064    15.0472     6.2393     -2.410     0.1700    -0.7743 -9.990e-29
 174.850735     -2.424   0.284954    15.0477     6.2445     -2.404     0.1699    -0.7744 -9.990e-29
