data/oxygen options/OCNMS/OCNMS1/raw_data/2014/CAST_CE015_141006faed.cnv
* Sea-Bird SBE19 Data File:
* FileName = C:\2014 Mooring Data\Casts\CAST_CE015_141006.hex
* Software Version 1.59
* Temperature SN = 2997
* Conductivity SN = 2997
* System UpLoad Time = Oct 06 2014 20:36:26
** CAST_CE015_141006
* ds
# nquan = 9                                 
# nvalues = 850                         
# units = specified
# name 0 = timeJ: Julian Days
# name 1 = prSM: Pressure, Strain Gauge [db]
# name 2 = c0mS/cm: Conductivity [mS/cm]
# name 3 = t090C: Temperature [ITS-90, deg C]
# name 4 = sbeox0ML/L: Oxygen, SBE 43 [ml/l]
# name 5 = depSM: Depth [salt water, m], lat = 47.5
# name 6 = sal00: Salinity, Practical [PSU]
# name 7 = sigma-é00: Density [sigma-theta, kg/m^3]
# name 8 = flag: flag
# span 0 = 279.836921, 279.841834       
# span 1 =     -5.626,     16.447       
# span 2 =   0.382097,  38.973206       
# span 3 =    13.4784,    18.9635       
# span 4 =    -1.6673,    15.3873       
# span 5 =     -5.579,     16.309       
# span 6 =     0.2111,    31.9393       
# span 7 =    -1.3787,    23.9275       
# span 8 = 0.0000e+00, 0.0000e+00       
# interval = seconds: 0.5
# start_time = Oct 06 2014 20:05:10 [Instrument's time stamp, header]
# bad_flag = -9.990e-29
*END*
[from data line 801]
 279.841557      7.497  38.606685    14.6531     5.6020      7.434    31.3757    23.2532 0.0000e+00
 279.841563      7.339  38.594895    14.6607     5.5915      7.278    31.3590    23.2387 0.0000e+00
 279.841568      7.168  38.586366    14.6662     5.5874      7.108    31.3469    23.2282 0.0000e+00
 279.841574      6.991  38.580941    14.6695     5.5931      6.933    31.3394    23.2217 0.0000e+00
 279.841580      6.812  38.576429    14.6717     5.6025      6.755    31.3336    23.2168 0.0000e+00
 279.841586      6.637  38.570171    14.6741     5.6036      6.582    31.3261    23.2105 0.0000e+00
 279.841591      6.469  38.560546    14.6760     5.6108      6.415    31.3159    23.2023 0.0000e+00
 279.841597      6.301  38.549309    14.6773     5.6123      6.248    31.3048    23.1934 0.0000e+00
 279.841603      6.131  38.536062    14.6777     5.6166      6.080    31.2926    23.1839 0.0000e+00
 279.841609      5.960  38.519409    14.6744     5.6268      5.910    31.2802    23.1751 0.0000e+00
 279.841615      5.783  38.497347    14.6671     5.6260      5.735    31.2662    23.1658 0.0000e+00
 279.841620      5.601  38.467958    14.6594     5.6315      5.554    31.2459    23.1518 0.0000e+00
 279.841626      5.423  38.429660    14.6546     5.6463      5.378    31.2152    23.1291 0.0000e+00
 279.841632      5.252  38.387521    14.6519     5.6592      5.208    31.1793    23.1021 0.0000e+00
 279.841638      5.084  38.360578    14.6500     5.6768      5.042    31.1566    23.0849 0.0000e+00
 279.841644      4.918  38.348826    14.6491     5.7006      4.877    31.1467    23.0775 0.0000e+00
 279.841649      4.752  38.336580    14.6492     5.7301      4.712    31.1356    23.0689 0.0000e+00
 279.841655      4.584  38.324343    14.6496     5.8084      4.546    31.1243    23.0601 0.0000e+00
 279.841661      4.416  38.311504    14.6485     5.9014      4.379    31.1137    23.0521 0.0000e+00
 279.841667      4.250  38.278126    14.6438     5.9765      4.214    31.0873    23.0328 0.0000e+00
 279.841672      4.084  38.226852    14.6353     6.0086      4.050    31.0478    23.0042 0.0000e+00
 279.841678      3.916  38.186431    14.6282     6.0296      3.883    31.0170    22.9819 0.0000e+00
 279.841684      3.744  38.146188    14.6275     6.0530      3.713    30.9813    22.9545 0.0000e+00
 279.841690      3.570  38.095117    14.6357     6.0773      3.540    30.9287    22.9123 0.0000e+00
 279.841696      3.395  38.063358    14.6607     6.0923      3.367    30.8802    22.8697 0.0000e+00
 279.841701      3.218  38.065820    14.7051     6.0591      3.191    30.8473    22.8351 0.0000e+00
 279.841707      3.040  38.088928    14.7545     6.0169      3.015    30.8290    22.8107 0.0000e+00
 279.841713      2.866  38.126430    14.7989     5.9922      2.842    30.8277    22.8003 0.0000e+00
 279.841719      2.699  38.177796    14.8358     5.9866      2.676    30.8448    22.8057 0.0000e+00
 279.841725      2.536  38.223364    14.8591     5.9998      2.515    30.8673    22.8181 0.0000e+00
 279.841730      2.375  38.241355    14.8711     6.0113      2.355    30.8741    22.8208 0.0000e+00
 279.841736      2.215  38.242836    14.8820     6.0035      2.197    30.8668    22.8129 0.0000e+00
 279.841742      2.058  38.253915    14.8963     5.9621      2.041    30.8655    22.8089 0.0000e+00
 279.841748      1.908  38.275313    14.9150     5.8950      1.892    30.8700    22.8084 0.0000e+00
 279.841753      1.764  38.295686    14.9367     5.7761      1.749    30.8712    22.8047 0.0000e+00
 279.841759      1.624  38.313553    14.9546     5.7241      1.610    30.8731    22.8024 0.0000e+00
 279.841765      1.488  38.325215    14.9692     5.7382      1.476    30.8721    22.7985 0.0000e+00
 279.841771      1.357  38.326560    14.9878     5.7376      1.346    30.8586    22.7842 0.0000e+00
 279.841777      1.231  38.323862    15.0064     5.7904      1.221    30.8416    22.7671 -9.990e-29
 279.841782      1.109  38.324742    15.0174 -9.990e-29      1.100    30.8338    22.7587 -9.990e-29
 279.841788      0.994  38.328117    15.0238 -9.990e-29      0.986    30.8318    22.7559 -9.990e-29
 279.841794      0.885  38.327246    15.0321 -9.990e-29      0.878    30.8245    22.7485 -9.990e-29
 279.841800      0.786  38.319833    15.0451 -9.990e-29      0.779    30.8076    22.7328 -9.990e-29
 279.841806      0.698  38.307210    15.0614 -9.990e-29      0.692    30.7836    22.7108 -9.990e-29
 279.841811      0.623  38.286201    15.0789 -9.990e-29      0.618    30.7511    22.6820 -9.990e-29
 279.841817      0.567  38.242825    15.0955 -9.990e-29      0.562    30.6993    22.6387 -9.990e-29
 279.841823      0.529  38.133469    15.1079 -9.990e-29      0.525    30.5920    22.5535 -9.990e-29
 279.841829      0.507  37.820185    15.1125 -9.990e-29      0.503    30.3090    22.3348 -9.990e-29
 279.841834      0.500  36.884890 -9.990e-29 -9.990e-29      0.496 -9.990e-29 -9.990e-29 -9.990e-29
