data/oxygen options/OCNMS/OCNMS1/raw_data/2014/CAST_MB042_140730faed.cnv
* Sea-Bird SBE19 Data File:
* FileName = C:\2014 Mooring Data\Casts\CAST_MB042_140730.hex
* Software Version 1.59
* Temperature SN = 2997
* Conductivity SN = 2997
* System UpLoad Time = Aug 03 2014 00:49:15
** CAST_MB042_140730
* ds
# nquan = 9                                 
# nvalues = 1448                        
# units = specified
# name 0 = timeJ: Julian Days
# name 1 = prSM: Pressure, Strain Gauge [db]
# name 2 = c0mS/cm: Conductivity [mS/cm]
# name 3 = t090C: Temperature [ITS-90, deg C]
# name 4 = sbeox0ML/L: Oxygen, SBE 43 [ml/l]
# name 5 = depSM: Depth [salt water, m], lat = 47.5
# name 6 = sal00: Salinity, Practical [PSU]
# name 7 = sigma-é00: Density [sigma-theta, kg/m^3]
# name 8 = flag: flag
# span 0 = 211.727431, 211.735804       
# span 1 =     -5.617,     41.097       
# span 2 =   0.007218,  36.785137       
# span 3 =     7.3035,    16.1575       
# span 4 =    -1.7650,    15.3232       
# span 5 =     -5.570,     40.750       
# span 6 =     0.0103,    33.7178       
# span 7 =    -1.0721,    26.3674       
# span 8 = 0.0000e+00, 0.0000e+00       
# interval = seconds: 0.5
# start_time = Jul 30 2014 17:27:30 [Instrument's time stamp, header]
# bad_flag = -9.990e-29
*END*
[from data line 641]
 211.731140     -0.275   0.007244    15.9513     5.3770     -0.273     0.0104    -1.0397 -9.990e-29
 211.731146     -0.272   0.007243    15.9440     5.3796     -0.270     0.0104    -1.0385 -9.990e-29
 211.731152     -0.271   0.007242    15.9441     5.3790     -0.269     0.0104    -1.0385 -9.990e-29
 211.731157     -0.269   0.007242    15.9483     5.3784     -0.267     0.0104    -1.0392 -9.990e-29
 211.731163     -0.268   0.007241    15.9542     5.3780     -0.266     0.0104    -1.0401 -9.990e-29
 211.731169     -0.267   0.007241    15.9594     5.3782     -0.265     0.0105    -1.0410 -9.990e-29
 211.731175     -0.266   0.007240    15.9633     5.3782     -0.264     0.0105    -1.0416 -9.990e-29
 211.731181     -0.266   0.007240    15.9685     5.3778     -0.264     0.0105    -1.0424 -9.990e-29
 211.731186     -0.265   0.007239    15.9769     5.3787     -0.263     0.0105    -1.0438 -9.990e-29
 211.731192     -0.265   0.007238    15.9870     5.3786     -0.263     0.0105    -1.0454 -9.990e-29
 211.731198     -0.265   0.007238    15.9959     5.3861     -0.263     0.0105    -1.0469 -9.990e-29
 211.731204     -0.265   0.007237    16.0028     5.3803     -0.263     0.0105    -1.0480 -9.990e-29
 211.731209     -0.264   0.007237    16.0077     5.3780     -0.262     0.0105    -1.0488 -9.990e-29
 211.731215     -0.264   0.007236    16.0105     5.3827     -0.262     0.0105    -1.0493 -9.990e-29
 211.731221     -0.264   0.007235    16.0115     5.3741     -0.262     0.0105    -1.0494 -9.990e-29
 211.731227     -0.264   0.007235    16.0119     5.3836     -0.262     0.0105    -1.0495 -9.990e-29
 211.731233     -0.264   0.007234    16.0115     5.3840     -0.262     0.0105    -1.0494 -9.990e-29
 211.731238     -0.264   0.007234    16.0100     5.3751     -0.262     0.0105    -1.0492 -9.990e-29
 211.731244     -0.264   0.007233    16.0094     5.3830     -0.262     0.0105    -1.0491 -9.990e-29
 211.731250     -0.264   0.007233    16.0101     5.3743     -0.262     0.0105    -1.0492 -9.990e-29
 211.731256     -0.264   0.007232    16.0121     5.3757     -0.262     0.0105    -1.0495 -9.990e-29
 211.731262     -0.264   0.007231    16.0164     5.3781     -0.262     0.0105    -1.0502 -9.990e-29
 211.731267     -0.264   0.007231    16.0225     5.3767     -0.262     0.0105    -1.0512 -9.990e-29
 211.731273     -0.264   0.007230    16.0275     5.3822     -0.262     0.0105    -1.0520 -9.990e-29
 211.731279     -0.264   0.007230    16.0289     5.3827     -0.262     0.0105    -1.0522 -9.990e-29
 211.731285     -0.264   0.007229    16.0269     5.3824     -0.262     0.0105    -1.0519 -9.990e-29
 211.731291     -0.264   0.007228    16.0232     5.3815     -0.262     0.0105    -1.0513 -9.990e-29
 211.731296     -0.264   0.007228    16.0184     5.3809     -0.262     0.0105    -1.0505 -9.990e-29
 211.731302     -0.264   0.007227    16.0114     5.3806     -0.262     0.0105    -1.0494 -9.990e-29
 211.731308     -0.264   0.007227    16.0031     5.3806     -0.262     0.0105    -1.0481 -9.990e-29
 211.731314     -0.264   0.007226    15.9957     5.3815     -0.262     0.0105    -1.0469 -9.990e-29
 211.731319     -0.263   0.007226    15.9883     5.3822     -0.261     0.0105    -1.0457 -9.990e-29
 211.731325     -0.263   0.007225    15.9805     5.3827     -0.261     0.0105    -1.0444 -9.990e-29
 211.731331     -0.263   0.007224    15.9761     5.3821     -0.261     0.0104    -1.0437 -9.990e-29
 211.731337     -0.263   0.007224    15.9769     5.3811     -0.261     0.0104    -1.0438 -9.990e-29
 211.731343     -0.262   0.007223    15.9807     5.3807     -0.260     0.0105    -1.0444 -9.990e-29
 211.731348     -0.262   0.007223    15.9846     5.3815     -0.260     0.0105    -1.0451 -9.990e-29
 211.731354     -0.261   0.007222    15.9865     5.3833     -0.259     0.0105    -1.0454 -9.990e-29
 211.731360     -0.260   0.007221    15.9854     5.3867     -0.258     0.0105    -1.0452 -9.990e-29
 211.731366     -0.259   0.007221    15.9815     5.3880     -0.257     0.0105    -1.0446 -9.990e-29
 211.731372     -0.258   0.007220    15.9772     5.3962     -0.256     0.0104    -1.0439 -9.990e-29
 211.731377     -0.256   0.007220    15.9755     5.3992     -0.254     0.0104    -1.0436 -9.990e-29
 211.731383     -0.254   0.007219    15.9776     5.4030     -0.252     0.0104    -1.0439 -9.990e-29
 211.731389     -0.251   0.007219    15.9810     5.4042     -0.249     0.0104    -1.0445 -9.990e-29
 211.731395     -0.248   0.007218    15.9809     5.3919     -0.246     0.0104    -1.0445 -9.990e-29
 211.731400     -0.243   0.007218    15.9738     5.3975     -0.241     0.0104    -1.0433 -9.990e-29
 211.731406     -0.237   0.007218    15.9593     5.4001     -0.235     0.0104    -1.0410 -9.990e-29
 211.731412     -0.229   0.007219    15.9415     5.3975     -0.227     0.0104    -1.0381 -9.990e-29
 211.731418     -0.224   0.007224    15.9263     5.4028     -0.222     0.0104    -1.0356 -9.990e-29
 211.731424     -0.224   0.007240    15.9138     5.4100     -0.222     0.0104    -1.0336 -9.990e-29
 211.731429     -0.226   0.007288    15.8980     5.3781     -0.224     0.0105    -1.0310 -9.990e-29
 211.731435     -0.226   0.007435    15.8776     4.8368     -0.224     0.0105    -1.0277 -9.990e-29
 211.731441     -0.223   0.007876    15.8607     4.9244     -0.221     0.0107    -1.0248 -9.990e-29
 211.731447     -0.218   0.009202    15.8517     4.9392     -0.216     0.0113    -1.0229 -9.990e-29
 211.731453     -0.210   0.013180    15.8424     4.9383     -0.208     0.0131    -1.0200 -9.990e-29
 211.731458     -0.198   0.025115    15.8182     4.9422     -0.196     0.0190    -1.0116 -9.990e-29
 211.731464     -0.182   0.060920    15.7604     4.9433     -0.180     0.0380    -0.9876 -9.990e-29
 211.731470     -0.161   0.168338    15.6301     4.9700     -0.160     0.0990    -0.9196 -9.990e-29
 211.731476     -0.134   0.490594    15.3051     4.9120     -0.133     0.2942    -0.7176 -9.990e-29
 211.731481     -0.098   1.457361    14.4157     4.5325     -0.097     0.9331    -0.0895 -9.990e-29
 211.731487     -0.052   4.357664    12.9365     4.5446     -0.052     3.0833     1.7795 -9.990e-29
 211.731493      0.004  12.331488    11.6122     4.6405      0.004     9.7467     7.1057 -9.990e-29
 211.731499      0.068  23.795520    10.8935     4.7308      0.067    20.3158    15.3862 -9.990e-29
 211.731505      0.145  31.504957    10.5889     4.8001      0.144    27.8957    21.3176 -9.990e-29
 211.731510      0.230  34.315039    10.4753     4.5842      0.228    30.7592    23.5644 -9.990e-29
 211.731516      0.317  35.391911    10.4440     4.4239      0.314    31.8598    24.4269 -9.990e-29
 211.731522      0.402  35.839456    10.4443     4.3991      0.399    32.3074    24.7756 -9.990e-29
 211.731528      0.483  36.027992    10.4418     4.4280      0.479    32.4986    24.9250 -9.990e-29
 211.731534      0.555  36.079054    10.4245     4.4733      0.550    32.5653    24.9799 -9.990e-29
 211.731539      0.615  36.077964    10.4008     4.4806      0.610    32.5854    24.9996 -9.990e-29
 211.731545      0.663  36.084297    10.3767     4.4474      0.657    32.6133    25.0255 -9.990e-29
 211.731551      0.701  36.103519    10.3614     4.3931      0.695    32.6464    25.0538 -9.990e-29
 211.731557      0.732  36.135262    10.3544     4.3005      0.726    32.6846    25.0848 -9.990e-29
 211.731563      0.758  36.161607    10.3537     4.1988      0.752    32.7117    25.1061 -9.990e-29
 211.731568      0.781  36.175407    10.3739     4.0948      0.774    32.7074    25.0993 -9.990e-29
 211.731574      0.801  36.191524    10.4023     4.0306      0.794    32.6980    25.0871 -9.990e-29
 211.731580      0.821  36.207136    10.4028     4.0138      0.814    32.7132    25.0989 -9.990e-29
 211.731586      0.841  36.232230    10.3771     4.0269      0.834    32.7616    25.1410 -9.990e-29
 211.731591      0.859  36.273719    10.3485     4.0148      0.852    32.8292    25.1985 -9.990e-29
 211.731597      0.871  36.293554    10.3216     4.0043      0.864    32.8735    25.2376 -9.990e-29
 211.731603      0.883  36.263548    10.2984     4.0070      0.876    32.8642    25.2344 -9.990e-29
 211.731609      0.898  36.240088    10.2858     4.0060      0.891    32.8520    25.2270 -9.990e-29
 211.731615      0.916  36.298399    10.2846     4.0156      0.908    32.9119    25.2739 -9.990e-29
 211.731620      0.926  36.380742    10.2880     3.9995      0.918    32.9918    25.3356 -9.990e-29
 211.731626      0.931  36.385519    10.2867     3.9260      0.923    32.9978    25.3405 -9.990e-29
 211.731632      0.935  36.329241    10.2719     3.8455      0.927    32.9545    25.3092 -9.990e-29
 211.731638      0.938  36.279901    10.2457     3.7431      0.930    32.9285    25.2934 -9.990e-29
 211.731644      0.945  36.281779    10.2230     3.6465      0.937    32.9510    25.3148 -9.990e-29
 211.731649      0.956  36.354692    10.2139     3.5892      0.948    33.0330    25.3803 -9.990e-29
 211.731655      0.968  36.455631    10.2155     3.5483      0.960    33.1335    25.4584 -9.990e-29
 211.731661      0.980  36.522250    10.2173     3.5460      0.972    33.1992    25.5094 -9.990e-29
 211.731667      0.991  36.583446    10.2127     3.5503      0.983    33.2653    25.5617 -9.990e-29
 211.731672      0.996  36.662566    10.2067     3.5504      0.988    33.3509    25.6295 -9.990e-29
 211.731678      0.995  36.696805    10.2065     3.5464      0.987    33.3858    25.6567 -9.990e-29
 211.731684      0.989  36.680864    10.2120     3.5479      0.981    33.3646    25.6393 -9.990e-29
 211.731690      0.980  36.670560    10.2175     3.5624      0.972    33.3491    25.6262 -9.990e-29
 211.731696      0.979  36.677007    10.2178     3.5760      0.971    33.3553    25.6311 -9.990e-29
 211.731701      0.983  36.688737    10.2133     3.5645      0.975    33.3713    25.6443 -9.990e-29
 211.731707      0.990  36.703009    10.2119     3.5588      0.982    33.3871    25.6568 -9.990e-29
 211.731713      0.999  36.740123    10.2218     3.5439      0.991    33.4155    25.6773 -9.990e-29
 211.731719      1.008  36.785137    10.2369     3.5237      1.000    33.4471    25.6994 -9.990e-29
 211.731725      1.011  36.759530    10.2429     3.4996      1.003    33.4157    25.6739 -9.990e-29
 211.731730      1.014  36.675910    10.2352     3.4948      1.006    33.3382    25.6147 -9.990e-29
 211.731736      1.022  36.628999    10.2202     3.4954      1.013    33.3045    25.5910 -9.990e-29
 211.731742      1.030  36.644549    10.2114     3.5140      1.021    33.3283    25.6111 -9.990e-29
 211.731748      1.035  36.675502    10.2161     3.5376      1.026    33.3553    25.6314 -9.990e-29
 211.731753      1.036  36.677931    10.2240     3.5663      1.027    33.3505    25.6263 -9.990e-29
 211.731759      1.035  36.679360    10.2239     3.5856      1.026    33.3521    25.6275 -9.990e-29
 211.731765      1.030  36.687459    10.2174     3.5860      1.021    33.3662    25.6396 -9.990e-29
 211.731771      1.027  36.691838    10.2089     3.5785      1.018    33.3785    25.6507 -9.990e-29
 211.731777      1.028  36.722064    10.2027     3.5630      1.019    33.4148    25.6800 -9.990e-29
 211.731782      1.030  36.757388    10.2025     3.5328      1.021    33.4508    25.7081 -9.990e-29
 211.731788      1.029  36.751850    10.2065     3.5213      1.020    33.4415    25.7002 -9.990e-29
 211.731794      1.025  36.703824    10.2098     3.5167      1.016    33.3898    25.6593 -9.990e-29
 211.731800      1.017  36.678560    10.2109     3.5244      1.009    33.3632    25.6384 -9.990e-29
 211.731806      1.004  36.708214    10.2126     3.5222      0.996    33.3917    25.6603 -9.990e-29
 211.731811      0.987  36.737586    10.2180     3.5025      0.979    33.4164    25.6787 -9.990e-29
 211.731817      0.964  36.735242    10.2248     3.4866      0.956    33.4078    25.6708 -9.990e-29
 211.731823      0.937  36.713927    10.2265     3.4752      0.929    33.3847    25.6525 -9.990e-29
 211.731829      0.922  36.684670    10.2186     3.4647      0.914    33.3624    25.6364 -9.990e-29
 211.731834      0.931  36.636686    10.2059     3.4757      0.923    33.3255    25.6098 -9.990e-29
 211.731840      0.952  36.571269    10.1995     3.4957      0.944    33.2652    25.5638 -9.990e-29
 211.731846      0.970  36.535524    10.2033     3.5804      0.962    33.2255    25.5323 -9.990e-29
 211.731852      0.980  36.517865    10.2107     3.6854      0.972    33.2008    25.5118 -9.990e-29
 211.731858      0.983  36.460645    10.2159     3.7778      0.975    33.1382    25.4620 -9.990e-29
 211.731863      0.980  36.375300    10.2184     3.8584      0.972    33.0497    25.3926 -9.990e-29
 211.731869      0.975  36.293027    10.2183     3.9399      0.967    32.9666    25.3278 -9.990e-29
 211.731875      0.976  36.223290    10.2168     4.0108      0.968    32.8976    25.2742 -9.990e-29
 211.731881      0.983  36.174303    10.2167     4.1313      0.975    32.8482    25.2357 -9.990e-29
 211.731887      0.987  36.130857    10.2188     4.3088      0.979    32.8024    25.1996 -9.990e-29
 211.731892      0.990  36.081760    10.2203     4.4639      0.982    32.7515    25.1597 -9.990e-29
 211.731898      0.996  36.051511    10.2198     4.5168      0.988    32.7214    25.1363 -9.990e-29
 211.731904      1.001  36.035851    10.2188     4.4841      0.993    32.7065    25.1249 -9.990e-29
 211.731910      1.000  36.007309    10.2173     4.4570      0.992    32.6791    25.1037 -9.990e-29
 211.731916      0.998  35.966143    10.2130     4.4571      0.990    32.6414    25.0751 -9.990e-29
 211.731921      1.004  35.923289    10.2059     4.4330      0.996    32.6046    25.0475 -9.990e-29
 211.731927      1.018  35.891918    10.2005     4.3987      1.010    32.5778    25.0275 -9.990e-29
 211.731933      1.032  35.874690    10.2019     4.3938      1.023    32.5591    25.0128 -9.990e-29
 211.731939      1.038  35.857760    10.2097     4.4010      1.029    32.5350    24.9927 -9.990e-29
 211.731944      1.033  35.841147    10.2182     4.4004      1.024    32.5107    24.9722 -9.990e-29
 211.731950      1.024  35.833718    10.2221     4.3405      1.015    32.4997    24.9630 -9.990e-29
 211.731956      1.021  35.833009    10.2197     4.2644      1.012    32.5011    24.9645 -9.990e-29
 211.731962      1.022  35.830924    10.2154     4.2405      1.013    32.5029    24.9666 -9.990e-29
 211.731968      1.028  35.821460    10.2134     4.2700      1.019    32.4951    24.9609 -9.990e-29
 211.731973      1.035  35.806175    10.2099     4.3345      1.026    32.4828    24.9519 -9.990e-29
 211.731979      1.038  35.792895    10.2023     4.3926      1.029    32.4763    24.9481 -9.990e-29
 211.731985      1.039  35.784266    10.1980     4.4336      1.030    32.4714    24.9450 -9.990e-29
 211.731991      1.037  35.778465    10.2005     4.4133      1.028    32.4633    24.9383 -9.990e-29
 211.731997      1.032  35.775196    10.2035     4.3865      1.023    32.4573    24.9331 -9.990e-29
 211.732002      1.024  35.774173    10.2041     4.3724      1.015    32.4558    24.9318 -9.990e-29
 211.732008      1.016  35.772493    10.2027     4.3805      1.008    32.4553    24.9317 -9.990e-29
 211.732014      1.017  35.768622    10.1996     4.4049      1.009    32.4542    24.9313 -9.990e-29
 211.732020      1.027  35.762593    10.1978     4.3998      1.018    32.4497    24.9282 -9.990e-29
 211.732025      1.038  35.754930    10.1991     4.3926      1.029    32.4408    24.9210 -9.990e-29
 211.732031      1.045  35.750153    10.2008     4.3865      1.036    32.4345    24.9158 -9.990e-29
 211.732037      1.050  35.749892    10.1995     4.3880      1.041    32.4354    24.9167 -9.990e-29
 211.732043      1.054  35.749452    10.1953     4.3870      1.045    32.4387    24.9200 -9.990e-29
 211.732049      1.055  35.745023    10.1906     4.3884      1.046    32.4384    24.9206 -9.990e-29
 211.732054      1.054  35.738141    10.1885     4.3766      1.045    32.4334    24.9170 -9.990e-29
