data/oxygen options/OCNMS/OCNMS1/raw_data/2014/CAST_KL027_141008faed.cnv
* Sea-Bird SBE19 Data File:
* FileName = C:\2014 Mooring Data\Casts\CAST_KL027_141008.hex
* Software Version 1.59
* Temperature SN = 2997
* Conductivity SN = 2997
* System UpLoad Time = Oct 08 2014 20:42:25
** CAST_KL027_141008
* ds
# nquan = 9                                 
# nvalues = 1428                        
# units = specified
# name 0 = timeJ: Julian Days
# name 1 = prSM: Pressure, Strain Gauge [db]
# name 2 = c0mS/cm: Conductivity [mS/cm]
# name 3 = t090C: Temperature [ITS-90, deg C]
# name 4 = sbeox0ML/L: Oxygen, SBE 43 [ml/l]
# name 5 = depSM: Depth [salt water, m], lat = 47.5
# name 6 = sal00: Salinity, Practical [PSU]
# name 7 = sigma-é00: Density [sigma-theta, kg/m^3]
# name 8 = flag: flag
# span 0 = 281.711505, 281.719763       
# span 1 =     -5.088,     28.725       
# span 2 =   0.042742,  39.706354       
# span 3 =     9.1061,    15.6284       
# span 4 =    -1.8074,    21.0614       
# span 5 =     -5.046,     28.483       
# span 6 =     0.0285,    32.8550       
# span 7 =    -0.8356,    25.4184       
# span 8 = 0.0000e+00, 0.0000e+00       
# interval = seconds: 0.5
# start_time = Oct 08 2014 17:04:34 [Instrument's time stamp, header]
# bad_flag = -9.990e-29
*END*
[from data line 1281]
 281.718918     18.322  39.645802    15.2481     6.0772     18.168    31.8251    23.4727 0.0000e+00
 281.718924     18.144  39.653977    15.2589     6.0774     17.992    31.8237    23.4693 0.0000e+00
 281.718929     17.972  39.651621    15.2722     6.0889     17.821    31.8109    23.4566 0.0000e+00
 281.718935     17.808  39.651901    15.2845     6.1009     17.659    31.8012    23.4465 0.0000e+00
 281.718941     17.649  39.656332    15.2915     6.1175     17.501    31.7995    23.4437 0.0000e+00
 281.718947     17.495  39.665790    15.3009     6.1372     17.348    31.8004    23.4423 0.0000e+00
 281.718953     17.340  39.672129    15.3184     6.1268     17.195    31.7920    23.4320 0.0000e+00
 281.718958     17.177  39.664162    15.3416     6.0912     17.033    31.7662    23.4071 0.0000e+00
 281.718964     17.011  39.646448    15.3622     6.1047     16.868    31.7338    23.3777 0.0000e+00
 281.718970     16.842  39.629086    15.3749     6.1369     16.701    31.7081    23.3552 0.0000e+00
 281.718976     16.669  39.615345    15.3823     6.1964     16.529    31.6900    23.3396 0.0000e+00
 281.718981     16.493  39.603775    15.3883     6.2482     16.355    31.6749    23.3267 0.0000e+00
 281.718987     16.317  39.591886    15.3945     6.2592     16.180    31.6594    23.3134 0.0000e+00
 281.718993     16.137  39.574515    15.4042     6.2483     16.002    31.6361    23.2935 0.0000e+00
 281.718999     15.956  39.545369    15.4222     6.2321     15.822    31.5958    23.2585 0.0000e+00
 281.719005     15.773  39.505478    15.4474     6.2151     15.641    31.5401    23.2102 0.0000e+00
 281.719010     15.587  39.464009    15.4724     6.2355     15.456    31.4833    23.1611 0.0000e+00
 281.719016     15.399  39.425220    15.4939     6.2605     15.270    31.4318    23.1167 0.0000e+00
 281.719022     15.213  39.383463    15.5116     6.2662     15.085    31.3806    23.0736 0.0000e+00
 281.719028     15.030  39.341491    15.5219     6.2563     14.904    31.3353    23.0364 0.0000e+00
 281.719034     14.847  39.311871    15.5241     6.2397     14.723    31.3073    23.0144 0.0000e+00
 281.719039     14.663  39.296689    15.5230     6.2473     14.540    31.2948    23.0050 0.0000e+00
 281.719045     14.472  39.290322    15.5226     6.2557     14.351    31.2895    23.0011 0.0000e+00
 281.719051     14.277  39.289353    15.5242     6.2492     14.157    31.2875    22.9991 0.0000e+00
 281.719057     14.081  39.293629    15.5255     6.2326     13.963    31.2903    23.0010 0.0000e+00
 281.719063     13.889  39.300449    15.5238     6.2191     13.773    31.2978    23.0071 0.0000e+00
 281.719068     13.702  39.300393    15.5192     6.2175     13.587    31.3014    23.0110 0.0000e+00
 281.719074     13.513  39.291160    15.5134     6.2086     13.400    31.2979    23.0095 0.0000e+00
 281.719080     13.313  39.284041    15.5093     6.2075     13.201    31.2949    23.0081 0.0000e+00
 281.719086     13.103  39.286970    15.5088     6.2196     12.993    31.2980    23.0106 0.0000e+00
 281.719091     12.886  39.296008    15.5101     6.2456     12.778    31.3051    23.0157 0.0000e+00
 281.719097     12.667  39.299076    15.5110     6.2628     12.561    31.3072    23.0171 0.0000e+00
 281.719103     12.443  39.291299    15.5119     6.2546     12.339    31.2996    23.0111 0.0000e+00
 281.719109     12.209  39.282543    15.5138     6.2360     12.107    31.2904    23.0036 0.0000e+00
 281.719115     11.963  39.279122    15.5155     6.2299     11.863    31.2861    22.9999 0.0000e+00
 281.719120     11.707  39.279862    15.5168     6.2306     11.609    31.2859    22.9994 0.0000e+00
 281.719126     11.450  39.282399    15.5206     6.2414     11.354    31.2852    22.9981 0.0000e+00
 281.719132     11.210  39.283959    15.5269     6.2522     11.116    31.2817    22.9940 0.0000e+00
 281.719138     10.992  39.284396    15.5322     6.2638     10.900    31.2779    22.9900 0.0000e+00
 281.719144     10.793  39.284874    15.5350     6.2848     10.703    31.2762    22.9880 0.0000e+00
 281.719149     10.607  39.284927    15.5362     6.2785     10.518    31.2753    22.9871 0.0000e+00
 281.719155     10.427  39.284085    15.5357     6.2579     10.340    31.2751    22.9870 0.0000e+00
 281.719161     10.246  39.282927    15.5339     6.2177     10.160    31.2755    22.9877 0.0000e+00
 281.719167     10.061  39.281051    15.5316     6.1966      9.977    31.2758    22.9884 0.0000e+00
 281.719172      9.874  39.277655    15.5291     6.2072      9.791    31.2748    22.9882 0.0000e+00
 281.719178      9.684  39.273273    15.5257     6.2220      9.603    31.2737    22.9881 0.0000e+00
 281.719184      9.489  39.268810    15.5219     6.2217      9.410    31.2728    22.9882 0.0000e+00
 281.719190      9.293  39.263935    15.5205     6.2137      9.215    31.2697    22.9861 0.0000e+00
 281.719196      9.101  39.257202    15.5220     6.2153      9.025    31.2626    22.9803 0.0000e+00
 281.719201      8.914  39.247497    15.5255     6.2328      8.839    31.2513    22.9709 0.0000e+00
 281.719207      8.736  39.234235    15.5298     6.2634      8.663    31.2362    22.9583 0.0000e+00
 281.719213      8.565  39.217704    15.5340     6.2697      8.493    31.2182    22.9436 0.0000e+00
 281.719219      8.395  39.201131    15.5371     6.2700      8.325    31.2012    22.9298 0.0000e+00
 281.719225      8.223  39.189377    15.5389     6.2540      8.154    31.1894    22.9203 0.0000e+00
 281.719230      8.047  39.185301    15.5423     6.2424      7.980    31.1831    22.9148 0.0000e+00
 281.719236      7.869  39.183471    15.5485     6.2467      7.803    31.1767    22.9085 0.0000e+00
 281.719242      7.693  39.176394    15.5541     6.2660      7.629    31.1660    22.8991 0.0000e+00
 281.719248      7.523  39.166427    15.5569     6.2728      7.460    31.1551    22.8900 0.0000e+00
 281.719253      7.355  39.157691    15.5576     6.2711      7.293    31.1468    22.8835 0.0000e+00
 281.719259      7.188  39.152579    15.5573     6.2633      7.128    31.1426    22.8803 0.0000e+00
 281.719265      7.019  39.151012    15.5573     6.2474      6.960    31.1413    22.8793 0.0000e+00
 281.719271      6.847  39.149217    15.5582     6.2264      6.790    31.1390    22.8774 0.0000e+00
 281.719277      6.669  39.145363    15.5605     6.2020      6.613    31.1339    22.8729 0.0000e+00
 281.719282      6.487  39.139926    15.5644     6.1927      6.433    31.1260    22.8660 0.0000e+00
 281.719288      6.305  39.135206    15.5692     6.1991      6.252    31.1181    22.8589 0.0000e+00
 281.719294      6.126  39.132774    15.5741     6.2190      6.075    31.1122    22.8533 0.0000e+00
 281.719300      5.946  39.131073    15.5789     6.2309      5.896    31.1070    22.8482 0.0000e+00
 281.719306      5.767  39.128396    15.5821     6.2273      5.719    31.1021    22.8438 0.0000e+00
 281.719311      5.591  39.125107    15.5828     6.2172      5.544    31.0987    22.8410 0.0000e+00
 281.719317      5.414  39.121877    15.5820     6.2183      5.369    31.0966    22.8395 0.0000e+00
 281.719323      5.239  39.119455    15.5812     6.2278      5.195    31.0951    22.8386 0.0000e+00
 281.719329      5.067  39.118543    15.5807     6.2344      5.025    31.0948    22.8384 0.0000e+00
 281.719334      4.895  39.117924    15.5802     6.2234      4.854    31.0947    22.8384 0.0000e+00
 281.719340      4.722  39.116214    15.5809     6.2025      4.683    31.0927    22.8367 0.0000e+00
 281.719346      4.545  39.113380    15.5842     6.1825      4.507    31.0876    22.8321 0.0000e+00
 281.719352      4.366  39.109573    15.5885     6.1901      4.330    31.0809    22.8260 0.0000e+00
 281.719358      4.185  39.105895    15.5922     6.2103      4.150    31.0748    22.8205 0.0000e+00
 281.719363      4.000  39.103060    15.5954     6.2377      3.967    31.0699    22.8160 0.0000e+00
 281.719369      3.812  39.100658    15.5976     6.2569      3.780    31.0661    22.8126 0.0000e+00
 281.719375      3.627  39.099420    15.5978     6.2456      3.597    31.0649    22.8117 0.0000e+00
 281.719381      3.449  39.099381    15.5966     6.2203      3.420    31.0659    22.8127 0.0000e+00
 281.719387      3.280  39.098804    15.5954     6.1959      3.253    31.0664    22.8133 0.0000e+00
 281.719392      3.114  39.095798    15.5949     6.1994      3.088    31.0642    22.8117 0.0000e+00
 281.719398      2.944  39.090848    15.5956     6.2385      2.919    31.0593    22.8078 0.0000e+00
 281.719404      2.773  39.085214    15.5974     6.2641      2.750    31.0529    22.8025 0.0000e+00
 281.719410      2.606  39.069701    15.5989     6.2487      2.584    31.0381    22.7908 0.0000e+00
 281.719416      2.446  39.029244    15.5988     6.1853      2.426    31.0025    22.7634 0.0000e+00
 281.719421      2.288  38.966614    15.5965     6.0649      2.269    30.9489    22.7228 0.0000e+00
 281.719427      2.125  38.908921    15.5917     5.9924      2.107    30.9017    22.6875 0.0000e+00
 281.719433      1.959  38.864031    15.5849     7.0234      1.943    30.8674    22.6627 0.0000e+00
 281.719439      1.798  38.807466    15.5785     6.7804      1.783    30.8225    22.6295 0.0000e+00
 281.719444      1.648  38.736800    15.5736     6.5835      1.634    30.7639    22.5855 0.0000e+00
 281.719450      1.512  38.666181    15.5692     6.1828      1.499    30.7050    22.5412 -9.990e-29
 281.719456      1.391  38.603639    15.5638     5.8181      1.379    30.6539    22.5031 -9.990e-29
 281.719462      1.285  38.551129    15.5529     5.6593      1.274    30.6161    22.4764 -9.990e-29
 281.719468      1.192  38.476819    15.5260     5.6909      1.182    30.5713    22.4478 -9.990e-29
 281.719473      1.110  38.267031    15.4740     5.7363      1.101    30.4260    22.3474 -9.990e-29
 281.719479      1.043  37.558948    15.4028     5.8228      1.034    29.8546    21.9235 -9.990e-29
 281.719485      0.990  35.273139    15.3242     5.9159      0.982    27.9002    20.4387 -9.990e-29
 281.719491      0.949  28.269766    15.2416     5.9807      0.941    21.8964    15.8493 -9.990e-29
 281.719497      0.916  17.855736    15.1574     6.0377      0.908    13.2754     9.2632 -9.990e-29
 281.719502      0.890  10.481534    15.0772     6.0665      0.883     7.4711     4.8332 -9.990e-29
 281.719508      0.868   6.732787    15.0085     6.0982      0.861     4.6515     2.6824 -9.990e-29
 281.719514      0.851   4.555109    14.9599     6.1129      0.844     3.0684     1.4740 -9.990e-29
 281.719520      0.835   3.681123    14.9299     6.1306      0.828     2.4483     1.0017 -9.990e-29
 281.719525      0.821   3.331324    14.9031     6.1385      0.814     2.2037     0.8176 -9.990e-29
 281.719531      0.808   3.154509    14.8655     6.1189      0.801     2.0819     0.7296 -9.990e-29
 281.719537      0.798   3.076874    14.8185     6.1137      0.791     2.0300     0.6969 -9.990e-29
 281.719543      0.796   2.880821    14.7730     6.1257      0.789     1.8955     0.6002 -9.990e-29
 281.719549      0.798   2.516418    14.7353     6.1437      0.791     1.6446     0.4124 -9.990e-29
 281.719554      0.798   2.156658    14.7036     6.1385      0.791     1.3986     0.2275 -9.990e-29
 281.719560      0.797   1.879372    14.6740     6.1194      0.790     1.2109     0.0869 -9.990e-29
 281.719566      0.795   1.685907    14.6473     6.1258      0.788     1.0809    -0.0094 -9.990e-29
 281.719572      0.792   1.573079    14.6287     6.1378      0.785     1.0055    -0.0649 -9.990e-29
 281.719578      0.788   1.541744    14.6215     6.1193      0.781     0.9847    -0.0799 -9.990e-29
 281.719583      0.782   1.655244    14.6246     6.1041      0.775     1.0609    -0.0215 -9.990e-29
 281.719589      0.774   2.023192    14.6338     6.1101      0.768     1.3099     0.1694 -9.990e-29
 281.719595      0.764   2.532581    14.6436     6.1145      0.758     1.6596     0.4378 -9.990e-29
 281.719601      0.751   2.823828    14.6500     6.1103      0.745     1.8617     0.5927 -9.990e-29
 281.719606      0.738   2.766117    14.6520     6.1295      0.732     1.8214     0.5613 -9.990e-29
 281.719612      0.733   2.663689    14.6506     6.1349      0.727     1.7502     0.5066 -9.990e-29
 281.719618      0.735   2.801228    14.6479     6.1244      0.729     1.8460     0.5810 -9.990e-29
 281.719624      0.737   3.047707    14.6456     6.1237      0.731     2.0185     0.7143 -9.990e-29
 281.719630      0.734   3.190859    14.6446     6.1258      0.728     2.1191     0.7920 -9.990e-29
 281.719635      0.726   3.341425    14.6463     6.1337      0.720     2.2252     0.8734 -9.990e-29
 281.719641      0.713   3.653397    14.6511     6.1512      0.707     2.4459     1.0428 -9.990e-29
 281.719647      0.698   4.003910    14.6563     6.1453      0.692     2.6956     1.2342 -9.990e-29
 281.719653      0.688   4.263561    14.6573     6.1388      0.682     2.8818     1.3774 -9.990e-29
 281.719659      0.687   4.467333    14.6519     6.1446      0.681     3.0290     1.4916 -9.990e-29
 281.719664      0.695   4.507165    14.6439     6.1472      0.689     3.0584     1.5154 -9.990e-29
 281.719670      0.709   4.273007    14.6386     6.1500      0.703     2.8899     1.3866 -9.990e-29
 281.719676      0.720   3.935956    14.6372     6.1533      0.714     2.6482     1.2007 -9.990e-29
 281.719682      0.725   3.621763    14.6384     6.1609      0.719     2.4242     1.0280 -9.990e-29
 281.719688      0.725   3.286707    14.6413     6.1680      0.719     2.1868     0.8447 -9.990e-29
 281.719693      0.720   2.937124    14.6442     6.1653      0.714     1.9411     0.6548 -9.990e-29
 281.719699      0.712   2.644527    14.6460     6.1617      0.706     1.7371     0.4972 -9.990e-29
 281.719705      0.707   2.445056    14.6468     6.1581      0.701     1.5989     0.3906 -9.990e-29
 281.719711      0.699   2.318691    14.6479 -9.990e-29      0.693     1.5118     0.3232 -9.990e-29
 281.719716      0.689   2.232150    14.6508 -9.990e-29      0.683     1.4522     0.2768 -9.990e-29
 281.719722      0.683   2.162404    14.6536 -9.990e-29      0.677     1.4043     0.2394 -9.990e-29
 281.719728      0.686   2.093236    14.6536 -9.990e-29      0.680     1.3570     0.2029 -9.990e-29
 281.719734      0.698   2.011976    14.6514 -9.990e-29      0.692     1.3017     0.1605 -9.990e-29
 281.719740      0.716   1.917649    14.6498 -9.990e-29      0.710     1.2376     0.1112 -9.990e-29
 281.719745      0.731   1.821895    14.6507 -9.990e-29      0.725     1.1726     0.0609 -9.990e-29
 281.719751      0.742   1.736669    14.6531 -9.990e-29      0.736     1.1150     0.0160 -9.990e-29
 281.719757      0.748   1.669605    14.6543 -9.990e-29      0.742     1.0697    -0.0191 -9.990e-29
 281.719763      0.750   1.625289 -9.990e-29 -9.990e-29      0.744 -9.990e-29 -9.990e-29 -9.990e-29
