data/oxygen options/OCNMS/OCNMS1/raw_data/2014/CAST_MB042_141007faed.cnv
* Sea-Bird SBE19 Data File:
* FileName = C:\2014 Mooring Data\Casts\CAST_MB042_141007.hex
* Software Version 1.59
* Temperature SN = 2997
* Conductivity SN = 2997
* System UpLoad Time = Oct 07 2014 19:36:44
** CAST_MB042_141007
* ds
# nquan = 9                                 
# nvalues = 4598                        
# units = specified
# name 0 = timeJ: Julian Days
# name 1 = prSM: Pressure, Strain Gauge [db]
# name 2 = c0mS/cm: Conductivity [mS/cm]
# name 3 = t090C: Temperature [ITS-90, deg C]
# name 4 = sbeox0ML/L: Oxygen, SBE 43 [ml/l]
# name 5 = depSM: Depth [salt water, m], lat = 47.5
# name 6 = sal00: Salinity, Practical [PSU]
# name 7 = sigma-é00: Density [sigma-theta, kg/m^3]
# name 8 = flag: flag
# span 0 = 280.789410, 280.816013       
# span 1 =     -2.073,     44.327       
# span 2 =   0.482292,  40.218609       
# span 3 =     7.9940,    16.1100       
# span 4 =    -1.7880,    18.9579       
# span 5 =     -2.056,     43.952       
# span 6 =     0.2865,    33.2598       
# span 7 =    -0.7855,    25.9083       
# span 8 = 0.0000e+00, 0.0000e+00       
# interval = seconds: 0.5
# start_time = Oct 07 2014 18:56:45 [Instrument's time stamp, header]
# bad_flag = -9.990e-29
*END*
[from data line 3521]
 280.809786      0.444   0.558414    15.7150     6.2787      0.440     0.3329    -0.7522 -9.990e-29
 280.809792      0.445   0.557907    15.7200     6.2720      0.441     0.3326    -0.7533 -9.990e-29
 280.809797      0.447   0.557409    15.7252     6.2796      0.443     0.3322    -0.7544 -9.990e-29
 280.809803      0.448   0.556811    15.7299     6.2829      0.444     0.3318    -0.7554 -9.990e-29
 280.809809      0.443   0.556426    15.7339     6.2857      0.439     0.3316    -0.7563 -9.990e-29
 280.809815      0.435   0.556297    15.7371     6.2832      0.431     0.3315    -0.7569 -9.990e-29
 280.809821      0.429   0.556253    15.7393     6.2793      0.425     0.3314    -0.7573 -9.990e-29
 280.809826      0.425   0.556235    15.7411     6.2785      0.421     0.3314    -0.7576 -9.990e-29
 280.809832      0.426   0.556218    15.7431     6.2778      0.422     0.3314    -0.7579 -9.990e-29
 280.809838      0.432   0.556180    15.7461     6.2775      0.428     0.3313    -0.7584 -9.990e-29
 280.809844      0.435   0.556069    15.7501     6.2694      0.431     0.3312    -0.7591 -9.990e-29
 280.809850      0.435   0.555738    15.7541     6.2755      0.431     0.3310    -0.7600 -9.990e-29
 280.809855      0.442   0.555301    15.7586     6.2775      0.438     0.3307    -0.7609 -9.990e-29
 280.809861      0.454   0.555287    15.7638     6.2795      0.450     0.3306    -0.7618 -9.990e-29
 280.809867      0.465   0.555678    15.7685     6.2817      0.461     0.3308    -0.7624 -9.990e-29
 280.809873      0.472   0.555884    15.7727     6.2780      0.468     0.3309    -0.7630 -9.990e-29
 280.809878      0.473   0.555623    15.7768     6.2782      0.469     0.3307    -0.7638 -9.990e-29
 280.809884      0.470   0.555103    15.7807     6.2704      0.466     0.3304    -0.7647 -9.990e-29
 280.809890      0.467   0.554743    15.7837     6.2764      0.463     0.3301    -0.7654 -9.990e-29
 280.809896      0.467   0.554619    15.7853     6.2703      0.463     0.3300    -0.7657 -9.990e-29
 280.809902      0.471   0.554564    15.7857     6.2702      0.467     0.3300    -0.7658 -9.990e-29
 280.809907      0.479   0.554505    15.7852     6.2801      0.475     0.3300    -0.7657 -9.990e-29
 280.809913      0.488   0.554364    15.7841     6.2806      0.484     0.3299    -0.7656 -9.990e-29
 280.809919      0.492   0.553951    15.7829     6.2849      0.488     0.3297    -0.7656 -9.990e-29
 280.809925      0.493   0.553271    15.7818     6.2837      0.489     0.3292    -0.7658 -9.990e-29
 280.809931      0.491   0.552529    15.7809     6.2725      0.487     0.3288    -0.7660 -9.990e-29
 280.809936      0.486   0.551849    15.7804     6.2795      0.482     0.3284    -0.7662 -9.990e-29
 280.809942      0.481   0.551436    15.7805     6.2824      0.477     0.3281    -0.7664 -9.990e-29
 280.809948      0.481   0.551296    15.7807     6.2925      0.477     0.3280    -0.7665 -9.990e-29
 280.809954      0.481   0.551241    15.7801     6.2899      0.477     0.3280    -0.7664 -9.990e-29
 280.809959      0.477   0.551198    15.7782     6.2845      0.473     0.3280    -0.7661 -9.990e-29
 280.809965      0.473   0.551111    15.7752     6.2826      0.469     0.3280    -0.7657 -9.990e-29
 280.809971      0.473   0.550862    15.7711     6.2805      0.469     0.3278    -0.7651 -9.990e-29
 280.809977      0.472   0.550676    15.7664     6.2827      0.468     0.3278    -0.7644 -9.990e-29
 280.809983      0.468   0.550859    15.7613     6.2809      0.464     0.3279    -0.7635 -9.990e-29
 280.809988      0.462   0.551100    15.7552     6.2790      0.458     0.3281    -0.7624 -9.990e-29
 280.809994      0.460   0.551164    15.7487     6.2787      0.456     0.3282    -0.7612 -9.990e-29
 280.810000      0.457   0.551135    15.7423     6.2786      0.453     0.3282    -0.7602 -9.990e-29
 280.810006      0.452   0.550975    15.7368     6.2791      0.448     0.3282    -0.7593 -9.990e-29
 280.810012      0.451   0.550471    15.7341     6.2875      0.447     0.3279    -0.7591 -9.990e-29
 280.810017      0.452   0.549507    15.7351     6.2898      0.448     0.3273    -0.7598 -9.990e-29
 280.810023      0.455   0.548463    15.7398     6.2829      0.451     0.3266    -0.7610 -9.990e-29
 280.810029      0.458   0.547617    15.7483     6.2801      0.454     0.3260    -0.7629 -9.990e-29
 280.810035      0.455   0.546951    15.7588     6.2766      0.451     0.3255    -0.7649 -9.990e-29
 280.810041      0.446   0.546689    15.7678     6.2789      0.442     0.3253    -0.7665 -9.990e-29
 280.810046      0.435   0.547040    15.7727     6.2822      0.431     0.3255    -0.7672 -9.990e-29
 280.810052      0.426   0.547914    15.7734     6.2823      0.422     0.3260    -0.7669 -9.990e-29
 280.810058      0.418   0.548809    15.7714     6.2821      0.415     0.3266    -0.7661 -9.990e-29
 280.810064      0.415   0.549252    15.7680     6.2810      0.412     0.3269    -0.7654 -9.990e-29
 280.810069      0.417   0.549277    15.7635     6.2885      0.414     0.3269    -0.7646 -9.990e-29
 280.810075      0.419   0.548917    15.7585     6.2832      0.416     0.3268    -0.7639 -9.990e-29
 280.810081      0.426   0.548247    15.7541     6.2815      0.422     0.3264    -0.7635 -9.990e-29
 280.810087      0.438   0.547484    15.7511     6.2801      0.434     0.3259    -0.7634 -9.990e-29
 280.810093      0.447   0.546724    15.7495     6.2861      0.443     0.3255    -0.7635 -9.990e-29
 280.810098      0.451   0.546064    15.7495     6.2916      0.447     0.3251    -0.7638 -9.990e-29
 280.810104      0.453   0.545737    15.7508     6.2839      0.449     0.3249    -0.7642 -9.990e-29
 280.810110      0.458   0.545863    15.7533     6.2880      0.454     0.3249    -0.7645 -9.990e-29
 280.810116      0.461   0.546056    15.7563     6.2864      0.457     0.3250    -0.7649 -9.990e-29
 280.810122      0.459   0.546015    15.7577     6.2881      0.455     0.3250    -0.7652 -9.990e-29
 280.810127      0.456   0.545685    15.7570     6.2816      0.452     0.3248    -0.7652 -9.990e-29
 280.810133      0.456   0.545181    15.7552     6.2759      0.452     0.3245    -0.7652 -9.990e-29
 280.810139      0.455   0.544944    15.7533     6.2836      0.451     0.3244    -0.7650 -9.990e-29
 280.810145      0.448   0.545214    15.7518     6.2874      0.444     0.3245    -0.7646 -9.990e-29
 280.810150      0.435   0.545793    15.7508     6.2838      0.431     0.3249    -0.7641 -9.990e-29
 280.810156      0.419   0.546343    15.7501     6.2812      0.416     0.3252    -0.7638 -9.990e-29
 280.810162      0.409   0.546486    15.7498     6.2786      0.406     0.3253    -0.7636 -9.990e-29
 280.810168      0.407   0.545856    15.7501     6.2813      0.404     0.3249    -0.7640 -9.990e-29
 280.810174      0.413   0.544723    15.7516     6.2932      0.410     0.3242    -0.7648 -9.990e-29
 280.810179      0.423   0.543799    15.7534     6.2954      0.419     0.3237    -0.7655 -9.990e-29
 280.810185      0.431   0.543523    15.7545     6.2953      0.427     0.3235    -0.7658 -9.990e-29
 280.810191      0.435   0.543526    15.7548     6.2935      0.431     0.3235    -0.7659 -9.990e-29
 280.810197      0.445   0.543255    15.7537     6.2895      0.441     0.3233    -0.7658 -9.990e-29
 280.810203      0.462   0.542906    15.7500     6.2895      0.458     0.3231    -0.7654 -9.990e-29
 280.810208      0.478   0.542569    15.7438     6.2891      0.474     0.3230    -0.7645 -9.990e-29
 280.810214      0.489   0.542349    15.7369     6.2890      0.485     0.3229    -0.7635 -9.990e-29
 280.810220      0.497   0.542511    15.7311     6.2963      0.493     0.3230    -0.7624 -9.990e-29
 280.810226      0.502   0.542714    15.7272     6.2892      0.498     0.3232    -0.7617 -9.990e-29
 280.810231      0.505   0.542672    15.7252     6.2877      0.501     0.3232    -0.7614 -9.990e-29
 280.810237      0.505   0.542327    15.7246     6.2859      0.501     0.3230    -0.7614 -9.990e-29
 280.810243      0.502   0.541778    15.7249     6.2770      0.498     0.3226    -0.7617 -9.990e-29
 280.810249      0.497   0.541404    15.7257     6.2786      0.493     0.3224    -0.7620 -9.990e-29
 280.810255      0.489   0.541261    15.7268     6.2862      0.485     0.3223    -0.7623 -9.990e-29
 280.810260      0.478   0.541159    15.7285     6.2897      0.474     0.3222    -0.7626 -9.990e-29
 280.810266      0.466   0.540963    15.7308     6.2937      0.462     0.3221    -0.7631 -9.990e-29
 280.810272      0.459   0.540595    15.7342     6.2915      0.455     0.3218    -0.7638 -9.990e-29
 280.810278      0.454   0.540121    15.7377     6.2873      0.450     0.3215    -0.7646 -9.990e-29
 280.810284      0.456   0.539651    15.7392     6.2864      0.452     0.3212    -0.7651 -9.990e-29
 280.810289      0.466   0.539114    15.7384     6.2851      0.462     0.3209    -0.7652 -9.990e-29
 280.810295      0.475   0.538539    15.7371     6.2837      0.471     0.3206    -0.7653 -9.990e-29
 280.810301      0.479   0.538272    15.7366     6.2825      0.475     0.3204    -0.7653 -9.990e-29
 280.810307      0.480   0.538512    15.7371     6.2819      0.476     0.3205    -0.7653 -9.990e-29
 280.810313      0.480   0.539024    15.7380     6.2822      0.476     0.3208    -0.7652 -9.990e-29
 280.810318      0.485   0.539379    15.7393     6.2823      0.481     0.3210    -0.7653 -9.990e-29
 280.810324      0.491   0.539497    15.7417     6.2823      0.487     0.3211    -0.7656 -9.990e-29
 280.810330      0.493   0.539535    15.7460     6.2820      0.489     0.3211    -0.7663 -9.990e-29
 280.810336      0.492   0.539543    15.7524     6.2816      0.488     0.3210    -0.7674 -9.990e-29
 280.810341      0.487   0.539532    15.7607     6.2814      0.483     0.3210    -0.7688 -9.990e-29
 280.810347      0.484   0.539491    15.7697     6.2808      0.480     0.3209    -0.7703 -9.990e-29
 280.810353      0.485   0.539366    15.7771     6.2805      0.481     0.3207    -0.7716 -9.990e-29
 280.810359      0.486   0.538991    15.7813     6.2803      0.482     0.3205    -0.7724 -9.990e-29
 280.810365      0.489   0.538421    15.7829     6.2799      0.485     0.3201    -0.7730 -9.990e-29
 280.810370      0.496   0.538008    15.7834     6.2872      0.492     0.3199    -0.7733 -9.990e-29
 280.810376      0.504   0.537760    15.7843     6.2885      0.500     0.3197    -0.7735 -9.990e-29
 280.810382      0.510   0.537348    15.7860     6.2885      0.506     0.3194    -0.7740 -9.990e-29
 280.810388      0.514   0.536778    15.7883     6.2863      0.510     0.3191    -0.7747 -9.990e-29
 280.810394      0.516   0.536402    15.7909     6.2827      0.512     0.3188    -0.7753 -9.990e-29
 280.810399      0.516   0.536276    15.7938     6.2830      0.512     0.3187    -0.7758 -9.990e-29
 280.810405      0.514   0.536233    15.7966     6.2763      0.510     0.3187    -0.7763 -9.990e-29
 280.810411      0.510   0.536218    15.7990     6.2832      0.506     0.3187    -0.7767 -9.990e-29
 280.810417      0.504   0.536209    15.8016     6.2928      0.500     0.3186    -0.7771 -9.990e-29
 280.810422      0.496   0.536197    15.8046     6.2885      0.492     0.3186    -0.7776 -9.990e-29
 280.810428      0.489   0.536165    15.8074     6.2886      0.485     0.3186    -0.7781 -9.990e-29
 280.810434      0.487   0.536072    15.8093     6.2832      0.483     0.3185    -0.7785 -9.990e-29
 280.810440      0.486   0.535796    15.8100     6.2744      0.482     0.3183    -0.7787 -9.990e-29
 280.810446      0.485   0.535526    15.8093     6.2764      0.481     0.3181    -0.7787 -9.990e-29
 280.810451      0.489   0.535457    15.8063     6.2763      0.485     0.3181    -0.7783 -9.990e-29
 280.810457      0.494   0.535500    15.8013     6.2779      0.490     0.3182    -0.7774 -9.990e-29
 280.810463      0.496   0.535711    15.7967     6.2896      0.492     0.3184    -0.7766 -9.990e-29
 280.810469      0.494   0.535816    15.7947     6.2919      0.490     0.3184    -0.7762 -9.990e-29
 280.810475      0.494   0.535401    15.7945     6.2927      0.490     0.3182    -0.7763 -9.990e-29
 280.810480      0.499   0.534468    15.7941     6.2911      0.495     0.3176    -0.7767 -9.990e-29
 280.810486      0.505   0.533442    15.7922     6.2873      0.501     0.3170    -0.7769 -9.990e-29
 280.810492      0.509   0.532624    15.7895     6.2876      0.505     0.3165    -0.7768 -9.990e-29
 280.810498      0.511   0.532036    15.7878     6.2876      0.507     0.3162    -0.7768 -9.990e-29
 280.810503      0.511   0.532007    15.7875     6.2879      0.507     0.3162    -0.7768 -9.990e-29
 280.810509      0.509   0.532498    15.7871     6.2880      0.505     0.3165    -0.7765 -9.990e-29
 280.810515      0.504   0.533055    15.7854     6.2887      0.500     0.3168    -0.7759 -9.990e-29
 280.810521      0.497   0.533308    15.7822     6.2963      0.493     0.3170    -0.7753 -9.990e-29
 280.810527      0.492   0.533039    15.7791     6.2912      0.488     0.3169    -0.7749 -9.990e-29
 280.810532      0.491   0.532446    15.7770     6.2905      0.487     0.3165    -0.7748 -9.990e-29
 280.810538      0.492   0.531852    15.7757     6.2892      0.488     0.3162    -0.7749 -9.990e-29
 280.810544      0.489   0.531577    15.7742     6.2798      0.485     0.3160    -0.7748 -9.990e-29
 280.810550      0.482   0.531813    15.7725     6.2810      0.478     0.3162    -0.7744 -9.990e-29
 280.810556      0.476   0.532319    15.7707     6.2811      0.472     0.3165    -0.7738 -9.990e-29
 280.810561      0.474   0.532656    15.7686     6.2914      0.470     0.3167    -0.7733 -9.990e-29
 280.810567      0.477   0.532719    15.7664     6.3055      0.473     0.3168    -0.7729 -9.990e-29
 280.810573      0.484   0.532594    15.7638     6.3074      0.480     0.3167    -0.7726 -9.990e-29
 280.810579      0.491   0.532114    15.7595     6.2979      0.487     0.3164    -0.7721 -9.990e-29
 280.810584      0.494   0.531195    15.7541     6.2906      0.490     0.3159    -0.7716 -9.990e-29
 280.810590      0.495   0.530283    15.7501     6.2877      0.491     0.3154    -0.7714 -9.990e-29
 280.810596      0.492   0.529829    15.7485     6.2984      0.488     0.3151    -0.7713 -9.990e-29
 280.810602      0.487   0.529786    15.7482     6.3047      0.483     0.3151    -0.7713 -9.990e-29
 280.810608      0.477   0.530097    15.7468     6.3054      0.473     0.3153    -0.7709 -9.990e-29
 280.810613      0.463   0.530621    15.7436     6.2964      0.459     0.3156    -0.7701 -9.990e-29
 280.810619      0.448   0.530945    15.7403     6.2915      0.444     0.3159    -0.7694 -9.990e-29
 280.810625      0.436   0.530947    15.7378     6.2913      0.432     0.3159    -0.7690 -9.990e-29
 280.810631      0.426   0.530628    15.7358     6.2930      0.422     0.3157    -0.7688 -9.990e-29
 280.810637      0.421   0.530122    15.7330     6.2970      0.417     0.3154    -0.7686 -9.990e-29
 280.810642      0.425   0.529864    15.7285     6.2962      0.421     0.3153    -0.7680 -9.990e-29
 280.810648      0.434   0.530069    15.7228     6.2965      0.430     0.3155    -0.7669 -9.990e-29
 280.810654      0.440   0.530456    15.7169     6.2962      0.436     0.3157    -0.7658 -9.990e-29
 280.810660      0.440   0.530429    15.7114     6.2963      0.436     0.3158    -0.7649 -9.990e-29
 280.810666      0.438   0.529950    15.7069     6.2960      0.434     0.3155    -0.7644 -9.990e-29
 280.810671      0.438   0.529495    15.7038     6.2956      0.434     0.3153    -0.7641 -9.990e-29
 280.810677      0.435   0.529013    15.7024     6.3031      0.431     0.3150    -0.7641 -9.990e-29
 280.810683      0.429   0.528420    15.7025     6.3049      0.425     0.3146    -0.7644 -9.990e-29
 280.810689      0.429   0.528038    15.7034     6.2971      0.425     0.3144    -0.7647 -9.990e-29
 280.810694      0.434   0.527913    15.7048     6.2939      0.430     0.3143    -0.7650 -9.990e-29
 280.810700      0.441   0.527882    15.7058     6.2909      0.437     0.3143    -0.7652 -9.990e-29
