data/oxygen options/OCNMS/OCNMS1/raw_data/2014/CAST_CA015_141007faed.cnv
* Sea-Bird SBE19 Data File:
* FileName = C:\2014 Mooring Data\Casts\CAST_CA015_141007.hex
* Software Version 1.59
* Temperature SN = 2997
* Conductivity SN = 2997
* System UpLoad Time = Oct 07 2014 22:21:59
** CAST_CA015_141007
* ds
# nquan = 9                                 
# nvalues = 864                         
# units = specified
# name 0 = timeJ: Julian Days
# name 1 = prSM: Pressure, Strain Gauge [db]
# name 2 = c0mS/cm: Conductivity [mS/cm]
# name 3 = t090C: Temperature [ITS-90, deg C]
# name 4 = sbeox0ML/L: Oxygen, SBE 43 [ml/l]
# name 5 = depSM: Depth [salt water, m], lat = 47.5
# name 6 = sal00: Salinity, Practical [PSU]
# name 7 = sigma-é00: Density [sigma-theta, kg/m^3]
# name 8 = flag: flag
# span 0 = 280.892616, 280.897610       
# span 1 =     -5.569,     13.785       
# span 2 =   0.469621,  38.800824       
# span 3 =    11.2118,    15.7881       
# span 4 =    -1.7727,    18.5121       
# span 5 =     -5.523,     13.669       
# span 6 =     0.2784,    32.4881       
# span 7 =    -0.8046,    24.7613       
# span 8 = 0.0000e+00, 0.0000e+00       
# interval = seconds: 0.5
# start_time = Oct 07 2014 21:25:22 [Instrument's time stamp, header]
# bad_flag = -9.990e-29
*END*
[from data line 161]
 280.893547     -2.178   0.516970    15.5383     6.6804     -2.160     0.3088    -0.7428 -9.990e-29
 280.893553     -2.166   0.515919    15.5482     6.6766     -2.148     0.3081    -0.7449 -9.990e-29
 280.893559     -2.155   0.514474    15.5563     6.6761     -2.137     0.3071    -0.7469 -9.990e-29
 280.893565     -2.145   0.512934    15.5614     6.6819     -2.127     0.3062    -0.7485 -9.990e-29
 280.893571     -2.134   0.511472    15.5647     6.6779     -2.116     0.3052    -0.7497 -9.990e-29
 280.893576     -2.122   0.510361    15.5670     6.6780     -2.104     0.3045    -0.7506 -9.990e-29
 280.893582     -2.108   0.509787    15.5684     6.6777     -2.090     0.3042    -0.7512 -9.990e-29
 280.893588     -2.096   0.509544    15.5693     6.6777     -2.079     0.3040    -0.7514 -9.990e-29
 280.893594     -2.090   0.509307    15.5706     6.6863     -2.073     0.3039    -0.7517 -9.990e-29
 280.893600     -2.083   0.508759    15.5725     6.6878     -2.066     0.3035    -0.7523 -9.990e-29
 280.893605     -2.073   0.507727    15.5744     6.6801     -2.056     0.3029    -0.7531 -9.990e-29
 280.893611     -2.061   0.506503    15.5755     6.6758     -2.044     0.3021    -0.7539 -9.990e-29
 280.893617     -2.053   0.505680    15.5761     6.6715     -2.036     0.3016    -0.7544 -9.990e-29
 280.893623     -2.043   0.505831    15.5769     6.6722     -2.026     0.3017    -0.7544 -9.990e-29
 280.893628     -2.026   0.506601    15.5779     6.6741     -2.009     0.3021    -0.7542 -9.990e-29
 280.893634     -2.005   0.506791    15.5785     6.6732     -1.988     0.3023    -0.7542 -9.990e-29
 280.893640     -1.988   0.506100    15.5780     6.6730     -1.971     0.3018    -0.7545 -9.990e-29
 280.893646     -1.973   0.505275    15.5774     6.6654     -1.957     0.3013    -0.7548 -9.990e-29
 280.893652     -1.956   0.504883    15.5777     6.6711     -1.940     0.3011    -0.7550 -9.990e-29
 280.893657     -1.939   0.504959    15.5792     6.6650     -1.923     0.3011    -0.7552 -9.990e-29
 280.893663     -1.926   0.505049    15.5823     6.6654     -1.910     0.3012    -0.7557 -9.990e-29
 280.893669     -1.915   0.504717    15.5876     6.6682     -1.899     0.3009    -0.7567 -9.990e-29
 280.893675     -1.907   0.504078    15.5953     6.6680     -1.891     0.3005    -0.7583 -9.990e-29
 280.893681     -1.900   0.503390    15.6037     6.6814     -1.884     0.3000    -0.7600 -9.990e-29
 280.893686     -1.895   0.502850    15.6101     6.6921     -1.879     0.2996    -0.7613 -9.990e-29
 280.893692     -1.891   0.502293    15.6132     6.7024     -1.875     0.2992    -0.7621 -9.990e-29
 280.893698     -1.887   0.501534    15.6144     6.6944     -1.871     0.2988    -0.7626 -9.990e-29
 280.893704     -1.883   0.500674    15.6149     6.6954     -1.867     0.2982    -0.7631 -9.990e-29
 280.893709     -1.880   0.499676    15.6141     6.6839     -1.864     0.2976    -0.7634 -9.990e-29
 280.893715     -1.877   0.498880    15.6104     6.6722     -1.861     0.2972    -0.7632 -9.990e-29
 280.893721     -1.873   0.498892    15.6035     6.6873     -1.857     0.2972    -0.7621 -9.990e-29
 280.893727     -1.869   0.499728    15.5941     6.6806     -1.853     0.2978    -0.7601 -9.990e-29
 280.893733     -1.864   0.500836    15.5845     6.6757     -1.848     0.2986    -0.7580 -9.990e-29
 280.893738     -1.859   0.501468    15.5772     6.6736     -1.843     0.2990    -0.7565 -9.990e-29
 280.893744     -1.851   0.501357    15.5727     6.6682     -1.836     0.2990    -0.7559 -9.990e-29
 280.893750     -1.842   0.500909    15.5700     6.6738     -1.827     0.2987    -0.7556 -9.990e-29
 280.893756     -1.826   0.500640    15.5685     6.6781     -1.811     0.2986    -0.7555 -9.990e-29
 280.893762     -1.798   0.500748    15.5684     6.6788     -1.783     0.2986    -0.7554 -9.990e-29
 280.893767     -1.765   0.500822    15.5701     6.6791     -1.750     0.2987    -0.7557 -9.990e-29
 280.893773     -1.737   0.500405    15.5735     6.6791     -1.723     0.2984    -0.7564 -9.990e-29
 280.893779     -1.717   0.499499    15.5777     6.6878     -1.703     0.2978    -0.7576 -9.990e-29
 280.893785     -1.704   0.498563    15.5813     6.6819     -1.690     0.2972    -0.7586 -9.990e-29
 280.893791     -1.693   0.498019    15.5834     6.6800     -1.679     0.2968    -0.7592 -9.990e-29
 280.893796     -1.678   0.497695    15.5838     6.6778     -1.664     0.2966    -0.7594 -9.990e-29
 280.893802     -1.664   0.497161    15.5827     6.6836     -1.650     0.2963    -0.7595 -9.990e-29
 280.893808     -1.652   0.496261    15.5802     6.6814     -1.638     0.2958    -0.7595 -9.990e-29
 280.893814     -1.643   0.495463    15.5770     6.6794     -1.629     0.2953    -0.7594 -9.990e-29
 280.893819     -1.637   0.495372    15.5742     6.6780     -1.623     0.2953    -0.7589 -9.990e-29
 280.893825     -1.632   0.495868    15.5717     6.6917     -1.618     0.2956    -0.7583 -9.990e-29
 280.893831     -1.628   0.496500    15.5692     6.7070     -1.614     0.2960    -0.7576 -9.990e-29
 280.893837     -1.625   0.496999    15.5680     6.6929     -1.611     0.2963    -0.7571 -9.990e-29
 280.893843     -1.619   0.496917    15.5685     6.6930     -1.605     0.2963    -0.7573 -9.990e-29
 280.893848     -1.609   0.496148    15.5695     6.6702     -1.596     0.2958    -0.7578 -9.990e-29
 280.893854     -1.603   0.495332    15.5700     6.6675     -1.590     0.2953    -0.7583 -9.990e-29
 280.893860     -1.601   0.495052    15.5701     6.6814     -1.588     0.2951    -0.7584 -9.990e-29
 280.893866     -1.599   0.495489    15.5696     6.6830     -1.586     0.2954    -0.7581 -9.990e-29
 280.893872     -1.595   0.496671    15.5688     6.6827     -1.582     0.2961    -0.7574 -9.990e-29
 280.893877     -1.591   0.497952    15.5687     6.6869     -1.578     0.2969    -0.7568 -9.990e-29
 280.893883     -1.585   0.498257    15.5696     6.6933     -1.572     0.2971    -0.7568 -9.990e-29
 280.893889     -1.577   0.497439    15.5707     6.6813     -1.564     0.2966    -0.7574 -9.990e-29
 280.893895     -1.568   0.496074    15.5710     6.6800     -1.555     0.2957    -0.7581 -9.990e-29
 280.893900     -1.555   0.494567    15.5690     6.6738     -1.542     0.2948    -0.7585 -9.990e-29
 280.893906     -1.544   0.493133    15.5653     6.6653     -1.531     0.2940    -0.7585 -9.990e-29
 280.893912     -1.536   0.492084    15.5626     6.6934     -1.523     0.2933    -0.7586 -9.990e-29
 280.893918     -1.528   0.491691    15.5618     6.6830     -1.515     0.2931    -0.7587 -9.990e-29
 280.893924     -1.515   0.491985    15.5614     6.6884     -1.502     0.2933    -0.7584 -9.990e-29
 280.893929     -1.500   0.492804    15.5604     6.6884     -1.487     0.2938    -0.7579 -9.990e-29
 280.893935     -1.487   0.493573    15.5594     6.6732     -1.475     0.2943    -0.7574 -9.990e-29
 280.893941     -1.474   0.493648    15.5586     6.6924     -1.462     0.2943    -0.7572 -9.990e-29
 280.893947     -1.461   0.493128    15.5589     6.6924     -1.449     0.2940    -0.7575 -9.990e-29
 280.893953     -1.446   0.492435    15.5613     6.6791     -1.434     0.2936    -0.7582 -9.990e-29
 280.893958     -1.435   0.491755    15.5653     6.6840     -1.423     0.2931    -0.7592 -9.990e-29
 280.893964     -1.429   0.491295    15.5699     6.6726     -1.417     0.2928    -0.7602 -9.990e-29
 280.893970     -1.424   0.490999    15.5741     6.6848     -1.412     0.2926    -0.7610 -9.990e-29
 280.893976     -1.417   0.490473    15.5770     6.7105     -1.405     0.2923    -0.7617 -9.990e-29
 280.893981     -1.409   0.489571    15.5782     6.7069     -1.397     0.2917    -0.7623 -9.990e-29
 280.893987     -1.406   0.488759    15.5780     6.6991     -1.394     0.2912    -0.7627 -9.990e-29
 280.893993     -1.407   0.488624    15.5773     6.6972     -1.395     0.2911    -0.7626 -9.990e-29
 280.893999     -1.408   0.489540    15.5755     6.6934     -1.396     0.2917    -0.7619 -9.990e-29
 280.894005     -1.404   0.491617    15.5713     6.6835     -1.392     0.2930    -0.7602 -9.990e-29
 280.894010     -1.401   0.493732    15.5634     6.7056     -1.389     0.2944    -0.7579 -9.990e-29
 280.894016     -1.396   0.494258    15.5514     6.6845     -1.384     0.2948    -0.7557 -9.990e-29
 280.894022     -1.387   0.493339    15.5366     6.7067     -1.375     0.2943    -0.7537 -9.990e-29
 280.894028     -1.376   0.492531    15.5216     6.7054     -1.365     0.2939    -0.7517 -9.990e-29
 280.894034     -1.368   0.492611    15.5101     6.6818     -1.357     0.2940    -0.7498 -9.990e-29
 280.894039     -1.361   0.493131    15.5047     6.7067     -1.350     0.2944    -0.7486 -9.990e-29
 280.894045     -1.355   0.493301    15.5034     6.7099     -1.344     0.2945    -0.7484 -9.990e-29
 280.894051     -1.350   0.492791    15.5026     6.7101     -1.339     0.2942    -0.7485 -9.990e-29
 280.894057     -1.345   0.492217    15.5011     6.7011     -1.334     0.2939    -0.7485 -9.990e-29
 280.894063     -1.341   0.492482    15.4988     6.6776     -1.330     0.2940    -0.7480 -9.990e-29
 280.894068     -1.336   0.493385    15.4966     6.6972     -1.325     0.2946    -0.7472 -9.990e-29
 280.894074     -1.331   0.493903    15.4963     6.7010     -1.320     0.2949    -0.7469 -9.990e-29
 280.894080     -1.326   0.493616    15.4989     6.7048     -1.315     0.2947    -0.7475 -9.990e-29
 280.894086     -1.319   0.492697    15.5028     6.7027     -1.308     0.2941    -0.7485 -9.990e-29
 280.894091     -1.311   0.491590    15.5076     6.6930     -1.300     0.2934    -0.7499 -9.990e-29
 280.894097     -1.301   0.491040    15.5139     6.6887     -1.290     0.2930    -0.7511 -9.990e-29
 280.894103     -1.292   0.491428    15.5209     6.6870     -1.281     0.2932    -0.7521 -9.990e-29
 280.894109     -1.289   0.492158    15.5273     6.6718     -1.278     0.2936    -0.7528 -9.990e-29
 280.894115     -1.287   0.492534    15.5316     6.6699     -1.276     0.2938    -0.7533 -9.990e-29
 280.894120     -1.282   0.492502    15.5338     6.6980     -1.271     0.2938    -0.7537 -9.990e-29
 280.894126     -1.272   0.492019    15.5345     6.7074     -1.261     0.2935    -0.7540 -9.990e-29
 280.894132     -1.263   0.490998    15.5348     6.7151     -1.252     0.2929    -0.7546 -9.990e-29
 280.894138     -1.257   0.489746    15.5357     6.7014     -1.247     0.2921    -0.7553 -9.990e-29
 280.894144     -1.250   0.488816    15.5368     6.6722     -1.240     0.2915    -0.7559 -9.990e-29
 280.894149     -1.241   0.488638    15.5371     6.6995     -1.231     0.2914    -0.7561 -9.990e-29
 280.894155     -1.235   0.488973    15.5364     6.7007     -1.225     0.2916    -0.7558 -9.990e-29
 280.894161     -1.226   0.489156    15.5350     6.7067     -1.216     0.2917    -0.7555 -9.990e-29
 280.894167     -1.214   0.488875    15.5331     6.7071     -1.204     0.2916    -0.7553 -9.990e-29
 280.894172     -1.202   0.488310    15.5312     6.6939     -1.192     0.2913    -0.7553 -9.990e-29
 280.894178     -1.190   0.487820    15.5300     6.6973     -1.180     0.2910    -0.7553 -9.990e-29
 280.894184     -1.177   0.487308    15.5301     6.6977     -1.167     0.2906    -0.7555 -9.990e-29
 280.894190     -1.162   0.486646    15.5312     6.6746     -1.152     0.2902    -0.7560 -9.990e-29
 280.894196     -1.148   0.486063    15.5326     6.6930     -1.138     0.2899    -0.7565 -9.990e-29
 280.894201     -1.140   0.485894    15.5338     6.6990     -1.130     0.2897    -0.7568 -9.990e-29
 280.894207     -1.135   0.486471    15.5345     6.6818     -1.126     0.2901    -0.7567 -9.990e-29
 280.894213     -1.130   0.487451    15.5343     6.6896     -1.121     0.2907    -0.7562 -9.990e-29
 280.894219     -1.121   0.487915    15.5336     6.6726     -1.112     0.2910    -0.7558 -9.990e-29
 280.894225     -1.110   0.487371    15.5333     6.6924     -1.101     0.2907    -0.7560 -9.990e-29
 280.894230     -1.102   0.486204    15.5331     6.7131     -1.093     0.2899    -0.7566 -9.990e-29
 280.894236     -1.095   0.485083    15.5316     6.7119     -1.086     0.2893    -0.7568 -9.990e-29
 280.894242     -1.090   0.484182    15.5290     6.6949     -1.081     0.2887    -0.7569 -9.990e-29
 280.894248     -1.086   0.483410    15.5261     6.7044     -1.077     0.2883    -0.7567 -9.990e-29
 280.894253     -1.083   0.482850    15.5232     6.6975     -1.074     0.2880    -0.7565 -9.990e-29
 280.894259     -1.080   0.482310    15.5207     6.6987     -1.071     0.2876    -0.7564 -9.990e-29
 280.894265     -1.078   0.481627    15.5190     6.7005     -1.069     0.2872    -0.7564 -9.990e-29
 280.894271     -1.076   0.481003    15.5177     6.6905     -1.067     0.2869    -0.7565 -9.990e-29
 280.894277     -1.075   0.480716    15.5177     6.6938     -1.066     0.2867    -0.7567 -9.990e-29
 280.894282     -1.074   0.480940    15.5207     6.6936     -1.065     0.2868    -0.7570 -9.990e-29
 280.894288     -1.073   0.481419    15.5268     6.6927     -1.064     0.2871    -0.7578 -9.990e-29
 280.894294     -1.072   0.481677    15.5341     6.6914     -1.063     0.2872    -0.7589 -9.990e-29
 280.894300     -1.071   0.481503    15.5410     6.6930     -1.062     0.2870    -0.7601 -9.990e-29
 280.894306     -1.070   0.481222    15.5470     6.6959     -1.061     0.2868    -0.7612 -9.990e-29
 280.894311     -1.069   0.481014    15.5516     6.6983     -1.060     0.2866    -0.7620 -9.990e-29
 280.894317     -1.068   0.480603    15.5549     6.7003     -1.059     0.2864    -0.7628 -9.990e-29
 280.894323     -1.067   0.479994    15.5581     6.7014     -1.058     0.2860    -0.7636 -9.990e-29
 280.894329     -1.065   0.479488    15.5614     6.7017     -1.056     0.2856    -0.7644 -9.990e-29
 280.894334     -1.062   0.478966    15.5649     6.7020     -1.053     0.2853    -0.7652 -9.990e-29
 280.894340     -1.059   0.478286    15.5684     6.7021     -1.050     0.2848    -0.7661 -9.990e-29
 280.894346     -1.056   0.477654    15.5685     6.7020     -1.047     0.2845    -0.7664 -9.990e-29
 280.894352     -1.051   0.477340    15.5608     6.7020     -1.042     0.2843    -0.7653 -9.990e-29
 280.894358     -1.045   0.477482    15.5469     6.7025     -1.036     0.2845    -0.7629 -9.990e-29
 280.894363     -1.038   0.477714    15.5320     6.7031     -1.029     0.2847    -0.7604 -9.990e-29
 280.894369     -1.028   0.477787    15.5197     6.7041     -1.019     0.2849    -0.7584 -9.990e-29
 280.894375     -1.015   0.477799    15.5114     6.7036     -1.007     0.2849    -0.7570 -9.990e-29
 280.894381     -0.999   0.477767    15.5070     6.7185     -0.991     0.2849    -0.7563 -9.990e-29
 280.894387     -0.978   0.477648    15.5051     6.7057     -0.970     0.2849    -0.7561 -9.990e-29
 280.894392     -0.955   0.477283    15.5042     6.7005     -0.947     0.2847    -0.7561 -9.990e-29
 280.894398     -0.938   0.476741    15.5036     6.6952     -0.930     0.2843    -0.7562 -9.990e-29
 280.894404     -0.930   0.476410    15.5020     6.6895     -0.922     0.2842    -0.7561 -9.990e-29
 280.894410     -0.929   0.476404    15.4990     6.6953     -0.921     0.2842    -0.7557 -9.990e-29
 280.894416     -0.932   0.476715    15.4955     6.6945     -0.924     0.2844    -0.7549 -9.990e-29
 280.894421     -0.931   0.477203    15.4935     6.6923     -0.923     0.2847    -0.7544 -9.990e-29
 280.894427     -0.925   0.477406    15.4952     6.6903     -0.917     0.2848    -0.7546 -9.990e-29
 280.894433     -0.918   0.477038    15.5003     6.6894     -0.910     0.2845    -0.7556 -9.990e-29
 280.894439     -0.910   0.476164    15.5075     6.6883     -0.902     0.2840    -0.7571 -9.990e-29
 280.894444     -0.904   0.475287    15.5166     6.6953     -0.896     0.2834    -0.7590 -9.990e-29
 280.894450     -0.900   0.474907    15.5276     6.6877     -0.892     0.2831    -0.7610 -9.990e-29
 280.894456     -0.894   0.475070    15.5395     6.7000     -0.887     0.2831    -0.7629 -9.990e-29
 280.894462     -0.890   0.475439    15.5509     6.6846     -0.883     0.2832    -0.7646 -9.990e-29
