data/oxygen options/OCNMS/OCNMS1/raw_data/2014/CAST_CA042_140730faed.cnv
* Sea-Bird SBE19 Data File:
* FileName = C:\2014 Mooring Data\Casts\CAST_CA042_140730.hex
* Software Version 1.59
* Temperature SN = 2997
* Conductivity SN = 2997
* System UpLoad Time = Aug 03 2014 00:52:33
** CAST_CA042_140730
* ds
# nquan = 9                                 
# nvalues = 1236                        
# units = specified
# name 0 = timeJ: Julian Days
# name 1 = prSM: Pressure, Strain Gauge [db]
# name 2 = c0mS/cm: Conductivity [mS/cm]
# name 3 = t090C: Temperature [ITS-90, deg C]
# name 4 = sbeox0ML/L: Oxygen, SBE 43 [ml/l]
# name 5 = depSM: Depth [salt water, m], lat = 47.5
# name 6 = sal00: Salinity, Practical [PSU]
# name 7 = sigma-é00: Density [sigma-theta, kg/m^3]
# name 8 = flag: flag
# span 0 = 211.915926, 211.923073       
# span 1 =     -6.188,     43.630       
# span 2 =   0.473149,  39.493373       
# span 3 =     7.3479,    16.8035       
# span 4 =    -1.7410,    15.7303       
# span 5 =     -6.136,     43.261       
# span 6 =     0.2774,    33.6189       
# span 7 =    -0.9358,    26.2822       
# span 8 = 0.0000e+00, 0.0000e+00       
# interval = seconds: 0.5
# start_time = Jul 30 2014 21:58:56 [Instrument's time stamp, header]
# bad_flag = -9.990e-29
*END*
[from data line 321]
 211.917784     -1.610   0.783457    16.5694     5.7902     -1.597     0.4630    -0.7928 -9.990e-29
 211.917789     -1.607   0.784066    16.5607     5.7900     -1.594     0.4635    -0.7910 -9.990e-29
 211.917795     -1.603   0.786505    16.5527     5.7900     -1.590     0.4651    -0.7884 -9.990e-29
 211.917801     -1.599   0.787908    16.5466     5.8021     -1.586     0.4660    -0.7866 -9.990e-29
 211.917807     -1.594   0.787364    16.5411     5.8043     -1.581     0.4657    -0.7859 -9.990e-29
 211.917813     -1.587   0.785261    16.5337     5.8049     -1.574     0.4645    -0.7856 -9.990e-29
 211.917818     -1.580   0.783242    16.5236     5.7960     -1.567     0.4634    -0.7848 -9.990e-29
 211.917824     -1.570   0.784175    16.5127     5.7909     -1.557     0.4641    -0.7824 -9.990e-29
 211.917830     -1.558   0.787635    16.5020     5.7916     -1.545     0.4663    -0.7788 -9.990e-29
 211.917836     -1.546   0.788783    16.4904     5.7940     -1.533     0.4672    -0.7762 -9.990e-29
 211.917841     -1.543   0.785257    16.4776     5.7987     -1.530     0.4651    -0.7756 -9.990e-29
 211.917847     -1.549   0.780141    16.4657     5.8074     -1.536     0.4621    -0.7759 -9.990e-29
 211.917853     -1.555   0.776621    16.4569     5.8026     -1.542     0.4601    -0.7760 -9.990e-29
 211.917859     -1.558   0.774451    16.4510     5.8008     -1.545     0.4588    -0.7760 -9.990e-29
 211.917865     -1.558   0.771848    16.4465     5.7999     -1.545     0.4572    -0.7765 -9.990e-29
 211.917870     -1.553   0.768678    16.4426     5.7998     -1.540     0.4553    -0.7773 -9.990e-29
 211.917876     -1.546   0.766274    16.4387     5.8045     -1.533     0.4539    -0.7777 -9.990e-29
 211.917882     -1.534   0.765322    16.4340     5.8123     -1.521     0.4534    -0.7773 -9.990e-29
 211.917888     -1.517   0.765109    16.4284     5.8072     -1.504     0.4533    -0.7765 -9.990e-29
 211.917894     -1.498   0.763683    16.4217     5.8144     -1.486     0.4525    -0.7759 -9.990e-29
 211.917899     -1.481   0.759700    16.4146     5.8168     -1.469     0.4501    -0.7766 -9.990e-29
 211.917905     -1.464   0.754521    16.4081     5.8167     -1.452     0.4470    -0.7779 -9.990e-29
 211.917911     -1.451   0.750693    16.4023     5.8199     -1.439     0.4447    -0.7787 -9.990e-29
 211.917917     -1.441   0.749228    16.3953     5.8092     -1.429     0.4439    -0.7781 -9.990e-29
 211.917922     -1.428   0.748729    16.3864     5.8072     -1.416     0.4437    -0.7768 -9.990e-29
 211.917928     -1.416   0.747416    16.3780     5.8066     -1.404     0.4430    -0.7759 -9.990e-29
 211.917934     -1.409   0.745762    16.3708     5.8164     -1.397     0.4420    -0.7755 -9.990e-29
 211.917940     -1.406   0.744898    16.3622     5.8236     -1.394     0.4416    -0.7744 -9.990e-29
 211.917946     -1.407   0.744784    16.3504     5.8168     -1.395     0.4417    -0.7723 -9.990e-29
 211.917951     -1.408   0.744711    16.3368     5.8142     -1.396     0.4418    -0.7700 -9.990e-29
 211.917957     -1.405   0.743469    16.3241     5.8114     -1.393     0.4411    -0.7683 -9.990e-29
 211.917963     -1.401   0.740514    16.3147     5.8132     -1.389     0.4394    -0.7681 -9.990e-29
 211.917969     -1.397   0.736910    16.3097     5.8169     -1.385     0.4372    -0.7689 -9.990e-29
 211.917975     -1.388   0.734526    16.3082     5.8087     -1.376     0.4358    -0.7698 -9.990e-29
 211.917980     -1.378   0.735185    16.3071     5.8063     -1.367     0.4362    -0.7693 -9.990e-29
 211.917986     -1.370   0.738097    16.3028     5.8056     -1.359     0.4380    -0.7672 -9.990e-29
 211.917992     -1.364   0.739915    16.2948     5.8066     -1.353     0.4392    -0.7649 -9.990e-29
 211.917998     -1.359   0.739727    16.2864     5.8167     -1.348     0.4392    -0.7635 -9.990e-29
 211.918003     -1.355   0.739508    16.2794     5.8181     -1.344     0.4392    -0.7624 -9.990e-29
 211.918009     -1.352   0.740077    16.2749     5.8180     -1.341     0.4396    -0.7613 -9.990e-29
 211.918015     -1.350   0.739967    16.2735     5.8165     -1.339     0.4395    -0.7611 -9.990e-29
 211.918021     -1.348   0.737920    16.2748     5.8141     -1.337     0.4382    -0.7623 -9.990e-29
 211.918027     -1.347   0.734542    16.2783     5.8139     -1.336     0.4361    -0.7646 -9.990e-29
 211.918032     -1.346   0.731444    16.2832     5.8135     -1.335     0.4342    -0.7669 -9.990e-29
 211.918038     -1.345   0.729686    16.2888     5.8132     -1.334     0.4330    -0.7687 -9.990e-29
 211.918044     -1.344   0.729147    16.2949     5.8127     -1.333     0.4326    -0.7700 -9.990e-29
 211.918050     -1.344   0.729851    16.3009     5.8119     -1.333     0.4330    -0.7707 -9.990e-29
 211.918056     -1.343   0.731068    16.3052     5.8194     -1.332     0.4337    -0.7709 -9.990e-29
 211.918061     -1.343   0.730156    16.3065     5.8130     -1.332     0.4331    -0.7716 -9.990e-29
 211.918067     -1.343   0.726456    16.3046     5.8104     -1.332     0.4309    -0.7730 -9.990e-29
 211.918073     -1.343   0.722818    16.3016     5.8077     -1.332     0.4287    -0.7742 -9.990e-29
 211.918079     -1.343   0.721620    16.3009     5.8051     -1.332     0.4279    -0.7746 -9.990e-29
 211.918084     -1.343   0.722378    16.3031     5.8090     -1.332     0.4284    -0.7747 -9.990e-29
 211.918090     -1.342   0.722766    16.3068     5.8087     -1.331     0.4286    -0.7751 -9.990e-29
 211.918096     -1.342   0.721078    16.3113     5.8079     -1.331     0.4275    -0.7767 -9.990e-29
 211.918102     -1.342   0.717843    16.3158     5.8069     -1.331     0.4255    -0.7790 -9.990e-29
 211.918108     -1.343   0.714864    16.3199     5.8066     -1.332     0.4236    -0.7812 -9.990e-29
 211.918113     -1.343   0.713172    16.3249     5.8142     -1.332     0.4225    -0.7828 -9.990e-29
 211.918119     -1.343   0.712181    16.3314     5.8158     -1.332     0.4218    -0.7844 -9.990e-29
 211.918125     -1.343   0.710570    16.3382     5.8150     -1.332     0.4208    -0.7864 -9.990e-29
 211.918131     -1.344   0.707856    16.3433     5.8126     -1.333     0.4190    -0.7886 -9.990e-29
 211.918137     -1.344   0.704871    16.3462     5.8082     -1.333     0.4172    -0.7905 -9.990e-29
 211.918142     -1.345   0.702638    16.3493     5.8016     -1.334     0.4158    -0.7921 -9.990e-29
 211.918148     -1.345   0.701517    16.3543     5.8080     -1.334     0.4151    -0.7935 -9.990e-29
 211.918154     -1.346   0.701125    16.3596     5.8101     -1.335     0.4148    -0.7946 -9.990e-29
 211.918160     -1.347   0.700939    16.3634     5.8125     -1.336     0.4146    -0.7954 -9.990e-29
 211.918166     -1.349   0.700709    16.3659     5.8140     -1.338     0.4144    -0.7959 -9.990e-29
 211.918171     -1.351   0.700130    16.3691     5.8103     -1.340     0.4141    -0.7967 -9.990e-29
 211.918177     -1.354   0.698986    16.3736     5.8019     -1.343     0.4133    -0.7981 -9.990e-29
 211.918183     -1.357   0.697419    16.3778     5.8068     -1.346     0.4123    -0.7995 -9.990e-29
 211.918189     -1.361   0.696120    16.3795     5.8145     -1.350     0.4115    -0.8005 -9.990e-29
 211.918194     -1.363   0.695580    16.3779     5.8091     -1.352     0.4112    -0.8004 -9.990e-29
 211.918200     -1.357   0.695081    16.3747     5.8005     -1.346     0.4109    -0.8001 -9.990e-29
 211.918206     -1.347   0.693957    16.3719     5.7999     -1.336     0.4102    -0.8001 -9.990e-29
 211.918212     -1.338   0.692376    16.3702     5.7990     -1.327     0.4093    -0.8006 -9.990e-29
 211.918218     -1.333   0.691012    16.3703     5.8031     -1.322     0.4085    -0.8013 -9.990e-29
 211.918223     -1.336   0.690824    16.3729     5.8037     -1.325     0.4083    -0.8018 -9.990e-29
 211.918229     -1.343   0.691562    16.3785     5.7973     -1.332     0.4087    -0.8024 -9.990e-29
 211.918235     -1.350   0.691988    16.3870     5.7955     -1.339     0.4089    -0.8037 -9.990e-29
 211.918241     -1.358   0.691556    16.3977     5.7936     -1.347     0.4085    -0.8058 -9.990e-29
 211.918247     -1.362   0.690248    16.4089     5.7923     -1.351     0.4076    -0.8084 -9.990e-29
 211.918252     -1.360   0.688543    16.4189     5.7911     -1.349     0.4065    -0.8109 -9.990e-29
 211.918258     -1.354   0.687503    16.4280     5.7912     -1.343     0.4057    -0.8130 -9.990e-29
 211.918264     -1.349   0.687966    16.4371     5.7915     -1.338     0.4059    -0.8144 -9.990e-29
 211.918270     -1.344   0.689994    16.4477     5.7904     -1.333     0.4071    -0.8153 -9.990e-29
 211.918275     -1.339   0.692397    16.4616     5.7982     -1.328     0.4084    -0.8166 -9.990e-29
 211.918281     -1.335   0.693375    16.4788     5.7932     -1.324     0.4088    -0.8192 -9.990e-29
 211.918287     -1.329   0.692009    16.4959     5.7907     -1.318     0.4078    -0.8229 -9.990e-29
 211.918293     -1.323   0.688702    16.5110     5.7864     -1.312     0.4057    -0.8271 -9.990e-29
 211.918299     -1.316   0.684605    16.5231     5.7878     -1.305     0.4031    -0.8312 -9.990e-29
 211.918304     -1.307   0.680926    16.5311     5.7836     -1.296     0.4007    -0.8343 -9.990e-29
 211.918310     -1.296   0.678321    16.5351     5.7858     -1.285     0.3991    -0.8362 -9.990e-29
 211.918316     -1.282   0.676653    16.5377     5.7832     -1.271     0.3981    -0.8375 -9.990e-29
 211.918322     -1.268   0.675364    16.5405     5.7766     -1.257     0.3973    -0.8386 -9.990e-29
 211.918328     -1.259   0.673848    16.5425     5.7665     -1.248     0.3963    -0.8396 -9.990e-29
 211.918333     -1.253   0.671752    16.5453     5.7598     -1.243     0.3950    -0.8411 -9.990e-29
 211.918339     -1.253   0.669063    16.5545     5.7536     -1.243     0.3933    -0.8440 -9.990e-29
 211.918345     -1.261   0.666086    16.5735     5.7478     -1.250     0.3913    -0.8488 -9.990e-29
 211.918351     -1.269   0.663302    16.5985     5.7394     -1.258     0.3894    -0.8545 -9.990e-29
 211.918356     -1.271   0.660889    16.6245     5.7376     -1.260     0.3877    -0.8602 -9.990e-29
 211.918362     -1.270   0.658412    16.6515     5.7440     -1.259     0.3859    -0.8662 -9.990e-29
 211.918368     -1.263   0.655347    16.6814     5.7506     -1.252     0.3838    -0.8729 -9.990e-29
 211.918374     -1.252   0.652056    16.7136     5.7561     -1.242     0.3815    -0.8802 -9.990e-29
 211.918380     -1.239   0.649154    16.7407     5.7569     -1.229     0.3795    -0.8864 -9.990e-29
 211.918385     -1.232   0.646665    16.7546     5.7635     -1.222     0.3779    -0.8900 -9.990e-29
 211.918391     -1.232   0.644606    16.7571     5.7655     -1.222     0.3766    -0.8914 -9.990e-29
 211.918397     -1.228   0.643011    16.7589     5.7750     -1.218     0.3756    -0.8925 -9.990e-29
 211.918403     -1.222   0.641420    16.7661     5.7920     -1.212     0.3746    -0.8945 -9.990e-29
 211.918409     -1.221   0.639381    16.7718     5.7927     -1.211     0.3733    -0.8965 -9.990e-29
 211.918414     -1.224   0.636956    16.7693     5.7922     -1.214     0.3719    -0.8972 -9.990e-29
 211.918420     -1.225   0.634248    16.7608     5.7851     -1.215     0.3703    -0.8969 -9.990e-29
 211.918426     -1.218   0.631536    16.7512     5.7707     -1.208     0.3688    -0.8965 -9.990e-29
 211.918432     -1.208   0.629652    16.7446     5.7601     -1.198     0.3677    -0.8962 -9.990e-29
 211.918438     -1.202   0.629421    16.7407     5.7549     -1.192     0.3676    -0.8956 -9.990e-29
 211.918443     -1.201   0.631092    16.7346     5.7566     -1.191     0.3686    -0.8937 -9.990e-29
 211.918449     -1.194   0.634113    16.7242     5.7617     -1.184     0.3706    -0.8905 -9.990e-29
 211.918455     -1.182   0.636396    16.7129     5.7652     -1.172     0.3720    -0.8874 -9.990e-29
 211.918461     -1.174   0.635981    16.7038     5.7637     -1.164     0.3719    -0.8859 -9.990e-29
 211.918466     -1.171   0.633980    16.6975     5.7654     -1.161     0.3707    -0.8858 -9.990e-29
 211.918472     -1.175   0.632729    16.6956     5.7595     -1.165     0.3700    -0.8860 -9.990e-29
 211.918478     -1.177   0.632786    16.7000     5.7600     -1.167     0.3700    -0.8868 -9.990e-29
 211.918484     -1.168   0.633112    16.7111     5.7644     -1.158     0.3701    -0.8886 -9.990e-29
 211.918490     -1.157   0.632474    16.7241     5.7689     -1.147     0.3696    -0.8912 -9.990e-29
 211.918495     -1.152   0.631136    16.7318     5.7734     -1.142     0.3687    -0.8932 -9.990e-29
 211.918501     -1.151   0.630650    16.7344     5.7662     -1.141     0.3684    -0.8939 -9.990e-29
 211.918507     -1.156   0.631479    16.7362     5.7655     -1.146     0.3689    -0.8938 -9.990e-29
 211.918513     -1.161   0.632505    16.7359     5.7731     -1.151     0.3695    -0.8933 -9.990e-29
 211.918519     -1.159   0.632314    16.7290     5.7779     -1.149     0.3694    -0.8921 -9.990e-29
 211.918524     -1.150   0.631207    16.7146     5.7752     -1.140     0.3689    -0.8901 -9.990e-29
 211.918530     -1.142   0.631046    16.6938     5.7731     -1.132     0.3690    -0.8865 -9.990e-29
 211.918536     -1.138   0.632171    16.6696     5.7707     -1.129     0.3699    -0.8816 -9.990e-29
 211.918542     -1.138   0.632746    16.6492     5.7667     -1.129     0.3704    -0.8777 -9.990e-29
 211.918547     -1.143   0.631315    16.6360     5.7705     -1.133     0.3696    -0.8761 -9.990e-29
 211.918553     -1.152   0.628749    16.6273     4.9013     -1.142     0.3682    -0.8757 -9.990e-29
 211.918559     -1.162   0.627187    16.6203     4.9210     -1.152     0.3673    -0.8752 -9.990e-29
 211.918565     -1.165   0.627882    16.6135     4.9630     -1.155     0.3678    -0.8737 -9.990e-29
 211.918571     -1.156   0.631206    16.6048     4.9802     -1.146     0.3699    -0.8706 -9.990e-29
 211.918576     -1.136   0.641034    16.5932     4.9877     -1.127     0.3759    -0.8640 -9.990e-29
 211.918582     -1.106   0.672694    16.5767     5.0140     -1.097     0.3953    -0.8462 -9.990e-29
 211.918588     -1.075   0.771179    16.5476     5.0530     -1.066     0.4557    -0.7947 -9.990e-29
 211.918594     -1.044   1.069468    16.4831     4.9885     -1.035     0.6414    -0.6408 -9.990e-29
 211.918600     -1.011   1.965282    16.3163     4.9647     -1.003     1.2183    -0.1689 -9.990e-29
 211.918605     -0.974   4.652481    15.8899     5.2844     -0.966     3.0659     1.3211 -9.990e-29
 211.918611     -0.932  12.715112    15.2322     5.7417     -0.924     9.1682     6.1063 -9.990e-29
 211.918617     -0.880  25.201015    14.6805     6.1474     -0.873    19.5783    14.1799 -9.990e-29
 211.918623     -0.816  34.183519    14.4005     6.3011     -0.809    27.5920    20.3911 -9.990e-29
 211.918628     -0.740  37.594898    14.2990     6.1357     -0.734    30.7447    22.8401 -9.990e-29
 211.918634     -0.655  38.768215    14.2762     5.9866     -0.650    31.8331    23.6841 -9.990e-29
 211.918640     -0.566  39.167903    14.2744     6.0247     -0.561    32.2003    23.9677 -9.990e-29
 211.918646     -0.474  39.281394    14.2762     6.1051     -0.470    32.3027    24.0464 -9.990e-29
 211.918652     -0.382  39.311679    14.2824     6.0988     -0.379    32.3253    24.0625 -9.990e-29
 211.918657     -0.299  39.342384    14.2915     5.9631     -0.297    32.3458    24.0764 -9.990e-29
 211.918663     -0.230  39.372897    14.2960     5.7726     -0.228    32.3699    24.0941 -9.990e-29
 211.918669     -0.176  39.379327    14.2941     5.6787     -0.175    32.3774    24.1003 -9.990e-29
 211.918675     -0.133  39.367448    14.2905     5.6810     -0.132    32.3695    24.0949 -9.990e-29
 211.918681     -0.100  39.351189    14.2905     5.7408     -0.099    32.3546    24.0834 -9.990e-29
 211.918686     -0.073  39.345376    14.2935     5.8287     -0.072    32.3467    24.0767 -9.990e-29
 211.918692     -0.055  39.364160    14.2956     5.8949     -0.055    32.3622    24.0882 -9.990e-29
 211.918698     -0.045  39.401705    14.2954     5.9428     -0.045    32.3968    24.1149 -9.990e-29
