data/oxygen options/OCNMS/OCNMS1/raw_data/2014/CAST_KL027_140801faed.cnv
* Sea-Bird SBE19 Data File:
* FileName = C:\2014 Mooring Data\Casts\CAST_KL027_140801.hex
* Software Version 1.59
* Temperature SN = 2997
* Conductivity SN = 2997
* System UpLoad Time = Aug 03 2014 00:55:53
** CAST_KL027_140801
* ds
# nquan = 9                                 
# nvalues = 1146                        
# units = specified
# name 0 = timeJ: Julian Days
# name 1 = prSM: Pressure, Strain Gauge [db]
# name 2 = c0mS/cm: Conductivity [mS/cm]
# name 3 = t090C: Temperature [ITS-90, deg C]
# name 4 = sbeox0ML/L: Oxygen, SBE 43 [ml/l]
# name 5 = depSM: Depth [salt water, m], lat = 47.5
# name 6 = sal00: Salinity, Practical [PSU]
# name 7 = sigma-é00: Density [sigma-theta, kg/m^3]
# name 8 = flag: flag
# span 0 = 213.687280, 213.693906       
# span 1 =     -5.628,     26.799       
# span 2 =   0.079822,  36.403838       
# span 3 =     7.5015,    12.1197       
# span 4 =    -1.9194,    21.7522       
# span 5 =     -5.581,     26.574       
# span 6 =     0.0516,    33.6322       
# span 7 =    -0.4708,    26.2704       
# span 8 = 0.0000e+00, 0.0000e+00       
# interval = seconds: 0.5
# start_time = Aug 01 2014 16:29:41 [Instrument's time stamp, header]
# bad_flag = -9.990e-29
*END*
[from data line 641]
 213.690990      0.690  36.253067    10.2876     6.9558      0.684    32.8635    25.2357 -9.990e-29
 213.690995      0.697  36.256499    10.2872     6.9536      0.691    32.8673    25.2387 -9.990e-29
 213.691001      0.713  36.260765    10.2872     6.9390      0.707    32.8716    25.2420 -9.990e-29
 213.691007      0.728  36.265989    10.2861     6.9256      0.722    32.8779    25.2471 -9.990e-29
 213.691013      0.737  36.264594    10.2844     6.9232      0.731    32.8780    25.2475 -9.990e-29
 213.691019      0.741  36.260381    10.2861     6.9297      0.735    32.8722    25.2427 -9.990e-29
 213.691024      0.744  36.258448    10.2946     6.9197      0.738    32.8626    25.2337 -9.990e-29
 213.691030      0.752  36.263561    10.3073     6.8953      0.746    32.8562    25.2266 -9.990e-29
 213.691036      0.761  36.279222    10.3161     6.8704      0.755    32.8640    25.2312 -9.990e-29
 213.691042      0.766  36.291565    10.3181     6.8678      0.760    32.8747    25.2392 -9.990e-29
 213.691047      0.768  36.292965    10.3174     6.8921      0.762    32.8767    25.2409 -9.990e-29
 213.691053      0.767  36.291515    10.3200     6.9093      0.761    32.8729    25.2375 -9.990e-29
 213.691059      0.768  36.294872    10.3280     6.9428      0.762    32.8690    25.2331 -9.990e-29
 213.691065      0.775  36.303633    10.3367     6.9288      0.769    32.8700    25.2323 -9.990e-29
 213.691071      0.783  36.311009    10.3414     6.8996      0.776    32.8731    25.2340 -9.990e-29
 213.691076      0.789  36.313415    10.3421     6.8891      0.782    32.8749    25.2353 -9.990e-29
 213.691082      0.794  36.312427    10.3412     6.8888      0.787    32.8747    25.2353 -9.990e-29
 213.691088      0.798  36.310708    10.3407     6.9205      0.791    32.8735    25.2344 -9.990e-29
 213.691094      0.801  36.309943    10.3412     6.9260      0.794    32.8722    25.2333 -9.990e-29
 213.691100      0.803  36.311407    10.3432     6.9134      0.796    32.8719    25.2327 -9.990e-29
 213.691105      0.804  36.315419    10.3451     6.8868      0.797    32.8742    25.2342 -9.990e-29
 213.691111      0.805  36.317838    10.3455     6.8841      0.798    32.8763    25.2358 -9.990e-29
 213.691117      0.805  36.316886    10.3451     6.9017      0.798    32.8757    25.2354 -9.990e-29
 213.691123      0.805  36.314714    10.3442     6.9124      0.798    32.8743    25.2345 -9.990e-29
 213.691128      0.804  36.312402    10.3421     6.9186      0.797    32.8739    25.2345 -9.990e-29
 213.691134      0.803  36.310287    10.3395     6.9119      0.796    32.8741    25.2351 -9.990e-29
 213.691140      0.801  36.308966    10.3370     6.9075      0.794    32.8751    25.2363 -9.990e-29
 213.691146      0.798  36.308411    10.3348     6.9252      0.791    32.8765    25.2377 -9.990e-29
 213.691152      0.795  36.307931    10.3331     6.9222      0.788    32.8776    25.2389 -9.990e-29
 213.691157      0.794  36.306937    10.3316     6.9109      0.787    32.8779    25.2394 -9.990e-29
 213.691163      0.801  36.305277    10.3299     6.9034      0.794    32.8778    25.2396 -9.990e-29
 213.691169      0.811  36.303592    10.3283     6.8895      0.804    32.8775    25.2397 -9.990e-29
 213.691175      0.817  36.302492    10.3277     6.9115      0.810    32.8770    25.2393 -9.990e-29
 213.691181      0.815  36.302243    10.3281     6.9034      0.808    32.8763    25.2388 -9.990e-29
 213.691186      0.808  36.302563    10.3282     6.8760      0.801    32.8766    25.2389 -9.990e-29
 213.691192      0.802  36.302805    10.3265     6.8196      0.795    32.8784    25.2406 -9.990e-29
 213.691198      0.798  36.301660    10.3227     6.8012      0.791    32.8807    25.2430 -9.990e-29
 213.691204      0.803  36.298774    10.3204     6.8168      0.796    32.8798    25.2428 -9.990e-29
 213.691209      0.811  36.296523    10.3217     6.8446      0.804    32.8764    25.2399 -9.990e-29
 213.691215      0.818  36.296442    10.3234     6.8794      0.811    32.8748    25.2383 -9.990e-29
 213.691221      0.826  36.297914    10.3225     6.8896      0.819    32.8771    25.2403 -9.990e-29
 213.691227      0.835  36.298461    10.3209     6.8834      0.828    32.8790    25.2421 -9.990e-29
 213.691233      0.841  36.296057    10.3218     6.8943      0.834    32.8758    25.2394 -9.990e-29
 213.691238      0.836  36.294279    10.3260     6.8840      0.829    32.8702    25.2343 -9.990e-29
 213.691244      0.820  36.296420    10.3311     6.8797      0.813    32.8678    25.2316 -9.990e-29
 213.691250      0.800  36.299771    10.3341     6.8956      0.793    32.8684    25.2316 -9.990e-29
 213.691256      0.783  36.302678    10.3337     6.8937      0.776    32.8717    25.2342 -9.990e-29
 213.691262      0.777  36.304019    10.3303     6.8896      0.771    32.8762    25.2382 -9.990e-29
 213.691267      0.782  36.301704    10.3270     6.8750      0.775    32.8768    25.2393 -9.990e-29
 213.691273      0.789  36.298869    10.3263     6.8560      0.782    32.8746    25.2377 -9.990e-29
 213.691279      0.794  36.298517    10.3279     6.8721      0.787    32.8728    25.2360 -9.990e-29
 213.691285      0.798  36.299667    10.3305     6.8915      0.791    32.8716    25.2347 -9.990e-29
 213.691291      0.801  36.301656    10.3326     6.9161      0.794    32.8717    25.2344 -9.990e-29
 213.691296      0.804  36.303260    10.3336     6.9290      0.797    32.8724    25.2348 -9.990e-29
 213.691302      0.806  36.303299    10.3341     6.9292      0.799    32.8720    25.2343 -9.990e-29
 213.691308      0.808  36.302998    10.3347     6.9427      0.801    32.8711    25.2336 -9.990e-29
 213.691314      0.809  36.303130    10.3357     6.9523      0.802    32.8704    25.2328 -9.990e-29
 213.691319      0.810  36.302797    10.3361     6.9648      0.803    32.8697    25.2322 -9.990e-29
 213.691325      0.811  36.302168    10.3357     6.9585      0.804    32.8694    25.2321 -9.990e-29
 213.691331      0.811  36.302139    10.3349     6.9452      0.804    32.8701    25.2327 -9.990e-29
 213.691337      0.812  36.302721    10.3341     6.9240      0.805    32.8714    25.2339 -9.990e-29
 213.691343      0.812  36.303055    10.3331     6.8889      0.805    32.8726    25.2350 -9.990e-29
 213.691348      0.812  36.302514    10.3305     6.8661      0.805    32.8744    25.2369 -9.990e-29
 213.691354      0.813  36.300426    10.3238     6.8470      0.806    32.8784    25.2411 -9.990e-29
 213.691360      0.813  36.294618    10.3137     6.8529      0.806    32.8817    25.2454 -9.990e-29
 213.691366      0.813  36.285254    10.3081     6.8768      0.806    32.8773    25.2430 -9.990e-29
 213.691372      0.813  36.280661    10.3114     6.9166      0.806    32.8697    25.2365 -9.990e-29
 213.691377      0.813  36.284867    10.3179     6.9406      0.806    32.8681    25.2341 -9.990e-29
 213.691383      0.814  36.290620    10.3219     6.9572      0.807    32.8703    25.2351 -9.990e-29
 213.691389      0.814  36.294418    10.3233     6.9671      0.807    32.8728    25.2368 -9.990e-29
 213.691395      0.814  36.296323    10.3239     6.9645      0.807    32.8742    25.2378 -9.990e-29
 213.691400      0.814  36.296682    10.3253     6.9576      0.807    32.8733    25.2369 -9.990e-29
 213.691406      0.815  36.297709    10.3281     6.9284      0.808    32.8718    25.2352 -9.990e-29
 213.691412      0.815  36.300259    10.3325     6.8892      0.808    32.8704    25.2334 -9.990e-29
 213.691418      0.816  36.304977    10.3378     6.8867      0.809    32.8703    25.2324 -9.990e-29
 213.691424      0.817  36.310349    10.3403     6.8937      0.810    32.8735    25.2344 -9.990e-29
 213.691429      0.818  36.312361    10.3391     6.8994      0.811    32.8766    25.2371 -9.990e-29
 213.691435      0.819  36.310941    10.3368     6.9244      0.812    32.8772    25.2380 -9.990e-29
 213.691441      0.821  36.309299    10.3350     6.9086      0.814    32.8772    25.2383 -9.990e-29
 213.691447      0.823  36.308100    10.3340     6.8990      0.816    32.8769    25.2382 -9.990e-29
 213.691453      0.826  36.306919    10.3335     6.8977      0.819    32.8762    25.2377 -9.990e-29
 213.691458      0.830  36.306476    10.3320     6.9013      0.823    32.8771    25.2387 -9.990e-29
 213.691464      0.834  36.306792    10.3290     6.9060      0.827    32.8801    25.2415 -9.990e-29
 213.691470      0.841  36.307776    10.3258     6.9161      0.834    32.8840    25.2451 -9.990e-29
 213.691476      0.848  36.310032    10.3252     6.9002      0.841    32.8868    25.2474 -9.990e-29
 213.691481      0.858  36.313223    10.3283     6.9096      0.851    32.8872    25.2472 -9.990e-29
 213.691487      0.871  36.316368    10.3316     6.9174      0.864    32.8874    25.2468 -9.990e-29
 213.691493      0.884  36.316914    10.3313     6.9102      0.877    32.8882    25.2475 -9.990e-29
 213.691499      0.888  36.313139    10.3277     6.9242      0.881    32.8877    25.2477 -9.990e-29
 213.691505      0.884  36.308409    10.3242     6.9101      0.877    32.8861    25.2470 -9.990e-29
 213.691510      0.880  36.305375    10.3231     6.9016      0.873    32.8840    25.2456 -9.990e-29
 213.691516      0.881  36.303901    10.3240     6.8759      0.874    32.8817    25.2436 -9.990e-29
 213.691522      0.885  36.303683    10.3251     6.8663      0.878    32.8805    25.2425 -9.990e-29
 213.691528      0.895  36.303287    10.3250     6.8639      0.888    32.8802    25.2423 -9.990e-29
 213.691534      0.901  36.302164    10.3223     6.8648      0.893    32.8815    25.2438 -9.990e-29
 213.691539      0.895  36.300478    10.3161     6.8675      0.888    32.8854    25.2479 -9.990e-29
 213.691545      0.886  36.297084    10.3058     6.8517      0.879    32.8913    25.2542 -9.990e-29
 213.691551      0.882  36.291923    10.2936     6.8458      0.875    32.8972    25.2609 -9.990e-29
 213.691557      0.882  36.285950    10.2858     6.8588      0.875    32.8982    25.2630 -9.990e-29
 213.691563      0.883  36.281282    10.2852     6.8620      0.876    32.8941    25.2599 -9.990e-29
 213.691568      0.879  36.280650    10.2894     6.8711      0.872    32.8896    25.2557 -9.990e-29
 213.691574      0.875  36.283191    10.2951     6.8971      0.868    32.8870    25.2527 -9.990e-29
 213.691580      0.874  36.286659    10.2996     6.8858      0.867    32.8864    25.2515 -9.990e-29
 213.691586      0.878  36.289484    10.3016     6.9031      0.871    32.8875    25.2519 -9.990e-29
 213.691591      0.882  36.290925    10.3016     6.8842      0.875    32.8889    25.2531 -9.990e-29
 213.691597      0.881  36.291199    10.3010     6.8543      0.874    32.8897    25.2538 -9.990e-29
 213.691603      0.881  36.290088    10.3000     6.8530      0.874    32.8895    25.2538 -9.990e-29
 213.691609      0.885  36.287775    10.2983     6.8479      0.878    32.8887    25.2535 -9.990e-29
 213.691615      0.893  36.285083    10.2964     6.8443      0.886    32.8877    25.2530 -9.990e-29
 213.691620      0.907  36.282890    10.2952     6.8408      0.899    32.8866    25.2524 -9.990e-29
 213.691626      0.922  36.282181    10.2946     6.8229      0.914    32.8864    25.2523 -9.990e-29
 213.691632      0.936  36.282549    10.2935     6.8326      0.928    32.8878    25.2536 -9.990e-29
 213.691638      0.948  36.282219    10.2923     6.8539      0.940    32.8885    25.2544 -9.990e-29
 213.691644      0.957  36.279608    10.2922     6.8641      0.949    32.8860    25.2524 -9.990e-29
 213.691649      0.957  36.277386    10.2944     6.8778      0.949    32.8818    25.2487 -9.990e-29
 213.691655      0.950  36.280426    10.2991     6.8813      0.942    32.8806    25.2470 -9.990e-29
 213.691661      0.938  36.286027    10.3041     6.8792      0.930    32.8817    25.2470 -9.990e-29
 213.691667      0.930  36.289289    10.3072     6.8699      0.922    32.8822    25.2469 -9.990e-29
 213.691672      0.930  36.290612    10.3077     6.8699      0.922    32.8831    25.2475 -9.990e-29
 213.691678      0.937  36.290620    10.3050     6.8598      0.929    32.8855    25.2498 -9.990e-29
 213.691684      0.947  36.288742    10.3006     6.8682      0.939    32.8876    25.2522 -9.990e-29
 213.691690      0.954  36.286381    10.2988     6.8720      0.946    32.8868    25.2519 -9.990e-29
 213.691696      0.952  36.285419    10.3004     6.8718      0.944    32.8844    25.2498 -9.990e-29
 213.691701      0.941  36.286233    10.3028     6.8595      0.933    32.8831    25.2483 -9.990e-29
 213.691707      0.926  36.288767    10.3047     6.8609      0.918    32.8839    25.2487 -9.990e-29
 213.691713      0.914  36.291327    10.3049     6.8472      0.906    32.8863    25.2505 -9.990e-29
 213.691719      0.909  36.290572    10.3019     6.8550      0.901    32.8883    25.2525 -9.990e-29
 213.691725      0.909  36.286598    10.2976     6.8398      0.901    32.8882    25.2532 -9.990e-29
 213.691730      0.911  36.284187    10.2943     6.8096      0.903    32.8887    25.2542 -9.990e-29
 213.691736      0.907  36.284593    10.2922     6.8169      0.899    32.8910    25.2563 -9.990e-29
 213.691742      0.896  36.283845    10.2895     6.8122      0.889    32.8927    25.2581 -9.990e-29
 213.691748      0.886  36.280924    10.2825     6.8211      0.879    32.8962    25.2620 -9.990e-29
 213.691753      0.880  36.274723    10.2707     6.8303      0.873    32.9006    25.2674 -9.990e-29
 213.691759      0.879  36.266491    10.2596     6.8027      0.872    32.9024    25.2707 -9.990e-29
 213.691765      0.881  36.262070    10.2538     6.7942      0.874    32.9032    25.2723 -9.990e-29
 213.691771      0.888  36.260592    10.2528     6.7970      0.881    32.9026    25.2720 -9.990e-29
 213.691777      0.900  36.259503    10.2532     6.8146      0.892    32.9011    25.2708 -9.990e-29
 213.691782      0.909  36.257328    10.2525     6.8407      0.901    32.8995    25.2697 -9.990e-29
 213.691788      0.907  36.252830    10.2528     6.8376      0.899    32.8947    25.2659 -9.990e-29
 213.691794      0.898  36.252338    10.2557     6.8139      0.891    32.8916    25.2630 -9.990e-29
 213.691800      0.885  36.257981    10.2585     6.7795      0.878    32.8948    25.2650 -9.990e-29
 213.691806      0.873  36.262670    10.2606     6.7655      0.866    32.8976    25.2668 -9.990e-29
 213.691811      0.865  36.264779    10.2632     6.7728      0.858    32.8974    25.2662 -9.990e-29
 213.691817      0.860  36.266540    10.2652     6.7952      0.853    32.8973    25.2658 -9.990e-29
 213.691823      0.858  36.266913    10.2637     6.8100      0.851    32.8991    25.2674 -9.990e-29
 213.691829      0.859  36.262447    10.2583     6.8053      0.852    32.8995    25.2687 -9.990e-29
 213.691834      0.863  36.251657    10.2542     6.8019      0.856    32.8923    25.2638 -9.990e-29
 213.691840      0.866  36.244267    10.2569     6.7909      0.859    32.8824    25.2556 -9.990e-29
 213.691846      0.860  36.249483    10.2633     6.8020      0.853    32.8819    25.2541 -9.990e-29
 213.691852      0.852  36.258524    10.2651     6.8239      0.845    32.8894    25.2596 -9.990e-29
 213.691858      0.859  36.259291    10.2598     6.8446      0.852    32.8949    25.2649 -9.990e-29
 213.691863      0.873  36.251106    10.2538     6.8411      0.866    32.8921    25.2637 -9.990e-29
 213.691869      0.879  36.245484    10.2555     6.8473      0.872    32.8849    25.2578 -9.990e-29
 213.691875      0.876  36.251180    10.2640     6.8409      0.869    32.8829    25.2548 -9.990e-29
 213.691881      0.872  36.260615    10.2700     6.8431      0.865    32.8870    25.2570 -9.990e-29
 213.691887      0.872  36.265021    10.2664     6.8192      0.865    32.8947    25.2636 -9.990e-29
 213.691892      0.876  36.264080    10.2552     6.7778      0.869    32.9039    25.2727 -9.990e-29
 213.691898      0.884  36.263814    10.2463     6.7683      0.877    32.9117    25.2802 -9.990e-29
 213.691904      0.892  36.266655    10.2476     6.7788      0.885    32.9134    25.2813 -9.990e-29
