data/oxygen options/OCNMS/OCNMS1/raw_data/2014/CAST_CE042_141006faed.cnv
* Sea-Bird SBE19 Data File:
* FileName = C:\2014 Mooring Data\Casts\CAST_CE042_141006.hex
* Software Version 1.59
* Temperature SN = 2997
* Conductivity SN = 2997
* System UpLoad Time = Oct 06 2014 19:31:51
** CAST_CE042_141006
* ds
# nquan = 9                                 
# nvalues = 1251                        
# units = specified
# name 0 = timeJ: Julian Days
# name 1 = prSM: Pressure, Strain Gauge [db]
# name 2 = c0mS/cm: Conductivity [mS/cm]
# name 3 = t090C: Temperature [ITS-90, deg C]
# name 4 = sbeox0ML/L: Oxygen, SBE 43 [ml/l]
# name 5 = depSM: Depth [salt water, m], lat = 47.5
# name 6 = sal00: Salinity, Practical [PSU]
# name 7 = sigma-é00: Density [sigma-theta, kg/m^3]
# name 8 = flag: flag
# span 0 = 279.784468, 279.791701       
# span 1 =     -5.798,     45.312       
# span 2 =   0.023972,  40.428301       
# span 3 =     8.1736,    17.2016       
# span 4 =    -1.7289,    13.1909       
# span 5 =     -5.750,     44.929       
# span 6 =     0.0185,    33.2058       
# span 7 =    -1.2423,    25.8399       
# span 8 = 0.0000e+00, 0.0000e+00       
# interval = seconds: 0.5
# start_time = Oct 06 2014 18:49:38 [Instrument's time stamp, header]
# bad_flag = -9.990e-29
*END*
[from data line 641]
 279.788177      0.547  37.704873    15.4069     6.4552      0.542    29.9806    22.0195 -9.990e-29
 279.788183      0.546  37.713732    15.4117     6.4303      0.541    29.9848    22.0217 -9.990e-29
 279.788189      0.546  37.714481    15.4145     6.4146      0.541    29.9833    22.0200 -9.990e-29
 279.788194      0.545  37.715470    15.4163     6.4156      0.540    29.9828    22.0192 -9.990e-29
 279.788200      0.545  37.716391    15.4134     6.4008      0.540    29.9859    22.0221 -9.990e-29
 279.788206      0.544  37.708982    15.4015     6.3931      0.539    29.9884    22.0266 -9.990e-29
 279.788212      0.544  37.689035    15.3894     6.3931      0.539    29.9800    22.0227 -9.990e-29
 279.788218      0.544  37.668175    15.3895     6.4299      0.539    29.9615    22.0085 -9.990e-29
 279.788223      0.544  37.664108    15.3979     6.4427      0.539    29.9515    21.9990 -9.990e-29
 279.788229      0.543  37.674829    15.4062     6.4221      0.538    29.9546    21.9997 -9.990e-29
 279.788235      0.543  37.688868    15.4137     6.3864      0.538    29.9613    22.0032 -9.990e-29
 279.788241      0.542  37.699741    15.4203     6.3625      0.537    29.9659    22.0053 -9.990e-29
 279.788247      0.542  37.704602    15.4253     6.3792      0.537    29.9664    22.0046 -9.990e-29
 279.788252      0.541  37.707740    15.4298     6.4108      0.536    29.9657    22.0031 -9.990e-29
 279.788258      0.540  37.713397    15.4337     6.3895      0.535    29.9678    22.0039 -9.990e-29
 279.788264      0.539  37.717942    15.4339     6.3769      0.535    29.9716    22.0068 -9.990e-29
 279.788270      0.537  37.710089    15.4315     6.4194      0.533    29.9665    22.0034 -9.990e-29
 279.788275      0.535  37.690087    15.4301     6.4770      0.531    29.9499    21.9909 -9.990e-29
 279.788281      0.533  37.680158    15.4264     6.5113      0.529    29.9440    21.9871 -9.990e-29
 279.788287      0.530  37.687884    15.4120     6.4817      0.526    29.9617    22.0039 -9.990e-29
 279.788293      0.526  37.692746    15.3784     6.4357      0.522    29.9916    22.0341 -9.990e-29
 279.788299      0.525  37.673218    15.3378     6.4346      0.521    30.0053    22.0533 -9.990e-29
 279.788304      0.531  37.639240    15.3253     6.4739      0.527    29.9848    22.0402 -9.990e-29
 279.788310      0.541  37.628066    15.3454     6.5192      0.536    29.9596    22.0165 -9.990e-29
 279.788316      0.551  37.643365    15.3672     6.5491      0.546    29.9565    22.0094 -9.990e-29
 279.788322      0.561  37.661805    15.3712     6.5211      0.556    29.9697    22.0188 -9.990e-29
 279.788328      0.572  37.668742    15.3605     6.4753      0.567    29.9840    22.0321 -9.990e-29
 279.788333      0.584  37.657770    15.3537     6.4322      0.579    29.9795    22.0300 -9.990e-29
 279.788339      0.596  37.648553    15.3606     6.4262      0.591    29.9661    22.0182 -9.990e-29
 279.788345      0.601  37.655235    15.3680     6.4368      0.596    29.9664    22.0169 -9.990e-29
 279.788351      0.602  37.663200    15.3584     6.4400      0.597    29.9807    22.0300 -9.990e-29
 279.788356      0.599  37.658427    15.3273     6.4457      0.594    30.0002    22.0516 -9.990e-29
 279.788362      0.594  37.636855    15.2911     6.4345      0.589    30.0088    22.0659 -9.990e-29
 279.788368      0.592  37.611872    15.2757     6.4363      0.587    29.9984    22.0612 -9.990e-29
 279.788374      0.594  37.607467    15.2898     6.4454      0.589    29.9837    22.0469 -9.990e-29
 279.788380      0.599  37.627917    15.3182     6.4588      0.594    29.9801    22.0381 -9.990e-29
 279.788385      0.607  37.651143    15.3388     6.4396      0.602    29.9850    22.0374 -9.990e-29
 279.788391      0.615  37.657656    15.3408     6.3905      0.610    29.9892    22.0403 -9.990e-29
 279.788397      0.619  37.646658    15.3284     6.3264      0.614    29.9890    22.0427 -9.990e-29
 279.788403      0.623  37.623189    15.3192     6.3271      0.618    29.9752    22.0341 -9.990e-29
 279.788409      0.628  37.605405    15.3307     6.3751      0.623    29.9507    22.0128 -9.990e-29
 279.788414      0.626  37.614549    15.3532     6.4070      0.621    29.9416    22.0010 -9.990e-29
 279.788420      0.616  37.636482    15.3641     6.3993      0.611    29.9527    22.0072 -9.990e-29
 279.788426      0.606  37.649427    15.3537     6.3875      0.601    29.9721    22.0244 -9.990e-29
 279.788432      0.600  37.643763    15.3345     6.3804      0.595    29.9817    22.0359 -9.990e-29
 279.788437      0.598  37.619852    15.3319     6.4068      0.593    29.9626    22.0217 -9.990e-29
 279.788443      0.599  37.609289    15.3432     6.4538      0.594    29.9446    22.0054 -9.990e-29
 279.788449      0.603  37.622175    15.3417     6.4730      0.598    29.9571    22.0154 -9.990e-29
 279.788455      0.607  37.629159    15.3163     6.4735      0.602    29.9827    22.0405 -9.990e-29
 279.788461      0.607  37.617160    15.2821     6.4482      0.602    29.9982    22.0597 -9.990e-29
 279.788466      0.606  37.596053    15.2655     6.4335      0.601    29.9921    22.0586 -9.990e-29
 279.788472      0.609  37.583209    15.2740     6.4244      0.604    29.9742    22.0430 -9.990e-29
 279.788478      0.612  37.585121    15.2900     6.4398      0.607    29.9637    22.0315 -9.990e-29
 279.788484      0.610  37.592042    15.2944     6.4316      0.605    29.9665    22.0327 -9.990e-29
 279.788490      0.609  37.596978    15.2868     6.4219      0.604    29.9767    22.0422 -9.990e-29
 279.788495      0.612  37.598151    15.2780     6.4262      0.607    29.9844    22.0500 -9.990e-29
 279.788501      0.619  37.598303    15.2726     6.4546      0.614    29.9887    22.0544 -9.990e-29
 279.788507      0.630  37.599372    15.2669     6.5076      0.625    29.9940    22.0597 -9.990e-29
 279.788513      0.643  37.594416    15.2590     6.5200      0.638    29.9956    22.0626 -9.990e-29
 279.788519      0.650  37.585300    15.2569     6.4779      0.645    29.9891    22.0581 -9.990e-29
 279.788524      0.650  37.581813    15.2670     6.4125      0.645    29.9783    22.0476 -9.990e-29
 279.788530      0.653  37.591142    15.2849     6.3857      0.648    29.9729    22.0397 -9.990e-29
 279.788536      0.658  37.608381    15.3062     6.4002      0.653    29.9720    22.0344 -9.990e-29
 279.788542      0.658  37.623456    15.3311     6.4334      0.653    29.9663    22.0247 -9.990e-29
 279.788547      0.653  37.638562    15.3514     6.4635      0.648    29.9642    22.0188 -9.990e-29
 279.788553      0.650  37.651446    15.3501     6.4626      0.645    29.9766    22.0286 -9.990e-29
 279.788559      0.649  37.647917    15.3220     6.4446      0.644    29.9949    22.0487 -9.990e-29
 279.788565      0.647  37.620523    15.2913     6.4353      0.642    29.9941    22.0546 -9.990e-29
 279.788571      0.646  37.592848    15.2866     6.4144      0.641    29.9732    22.0395 -9.990e-29
 279.788576      0.649  37.590342    15.3026     6.4066      0.644    29.9587    22.0250 -9.990e-29
 279.788582      0.649  37.604097    15.3167     6.4077      0.644    29.9602    22.0231 -9.990e-29
 279.788588      0.651  37.616583    15.3160     6.3914      0.646    29.9718    22.0321 -9.990e-29
 279.788594      0.661  37.615322    15.2981     6.3807      0.655    29.9843    22.0456 -9.990e-29
 279.788600      0.673  37.595886    15.2759     6.3608      0.667    29.9840    22.0501 -9.990e-29
 279.788605      0.681  37.575070    15.2729     6.3620      0.675    29.9678    22.0383 -9.990e-29
 279.788611      0.680  37.574000    15.2915     6.3912      0.674    29.9527    22.0227 -9.990e-29
 279.788617      0.672  37.590172    15.3081     6.3761      0.666    29.9544    22.0205 -9.990e-29
 279.788623      0.658  37.604229    15.3095     6.3665      0.653    29.9658    22.0289 -9.990e-29
 279.788628      0.647  37.606352    15.3044     6.3738      0.642    29.9715    22.0345 -9.990e-29
 279.788634      0.643  37.600551    15.3032     6.4065      0.638    29.9673    22.0315 -9.990e-29
 279.788640      0.646  37.594862    15.3037     6.4490      0.641    29.9619    22.0272 -9.990e-29
 279.788646      0.654  37.589607    15.2971     6.4482      0.649    29.9623    22.0289 -9.990e-29
 279.788652      0.666  37.577836    15.2829     6.4554      0.660    29.9627    22.0322 -9.990e-29
 279.788657      0.672  37.565797    15.2688     6.4653      0.666    29.9628    22.0353 -9.990e-29
 279.788663      0.674  37.566106    15.2661     6.4787      0.668    29.9651    22.0377 -9.990e-29
 279.788669      0.680  37.576394    15.2752     6.4740      0.674    29.9673    22.0374 -9.990e-29
 279.788675      0.694  37.587939    15.2722     6.4677      0.688    29.9798    22.0477 -9.990e-29
 279.788681      0.714  37.589755    15.2457     6.4646      0.708    30.0016    22.0701 -9.990e-29
 279.788686      0.732  37.576404    15.2175     6.4687      0.726    30.0113    22.0836 -9.990e-29
 279.788692      0.744  37.562632    15.2092     6.4565      0.738    30.0054    22.0808 -9.990e-29
 279.788698      0.752  37.559806    15.2177     6.4068      0.746    29.9964    22.0721 -9.990e-29
 279.788704      0.761  37.561899    15.2240     6.3925      0.755    29.9935    22.0684 -9.990e-29
 279.788709      0.775  37.560465    15.2161     6.3962      0.769    29.9982    22.0738 -9.990e-29
 279.788715      0.791  37.552467    15.2019     6.4221      0.784    30.0020    22.0797 -9.990e-29
 279.788721      0.805  37.544073    15.1969     6.4629      0.798    29.9983    22.0780 -9.990e-29
 279.788727      0.818  37.543722    15.2028     6.5082      0.811    29.9935    22.0730 -9.990e-29
 279.788733      0.837  37.550375    15.2067     6.5154      0.830    29.9964    22.0744 -9.990e-29
 279.788738      0.865  37.557178    15.2039     6.4866      0.858    30.0046    22.0813 -9.990e-29
 279.788744      0.901  37.568143    15.2070     6.4735      0.893    30.0120    22.0863 -9.990e-29
 279.788750      0.942  37.593395    15.2228     6.4321      0.934    30.0223    22.0909 -9.990e-29
 279.788756      0.991  37.627865    15.2451     6.3499      0.983    30.0358    22.0965 -9.990e-29
 279.788762      1.052  37.656326    15.2692     6.3336      1.043    30.0426    22.0966 -9.990e-29
 279.788767      1.128  37.669575    15.2867     6.3630      1.119    30.0409    22.0916 -9.990e-29
 279.788773      1.224  37.670681    15.2771     6.4249      1.214    30.0492    22.1000 -9.990e-29
 279.788779      1.347  37.667287    15.2460     6.4168      1.336    30.0700    22.1226 -9.990e-29
 279.788785      1.503  37.696401    15.2520     6.3484      1.490    30.0912    22.1376 0.0000e+00
 279.788791      1.698  37.832749    15.3316     6.2552      1.684    30.1510    22.1666 0.0000e+00
 279.788796      1.933  38.098141    15.4359     6.1797      1.917    30.3057    22.2632 0.0000e+00
 279.788802      2.200  38.383901    15.5366     6.1550      2.182    30.4806    22.3758 0.0000e+00
 279.788808      2.491  38.657354    15.6737     6.1326      2.470    30.6157    22.4498 0.0000e+00
 279.788814      2.799  39.059129    15.8302     6.0652      2.776    30.8476    22.5938 0.0000e+00
 279.788819      3.117  39.528132    15.9433     5.9897      3.091    31.1712    22.8173 0.0000e+00
 279.788825      3.440  39.839677    15.9987     5.9258      3.411    31.4010    22.9815 0.0000e+00
 279.788831      3.764  39.957189    16.0219     5.9070      3.733    31.4857    23.0414 0.0000e+00
 279.788837      4.087  39.987944    16.0426     5.9267      4.053    31.4961    23.0448 0.0000e+00
 279.788843      4.412  40.040891    16.0771     5.9498      4.375    31.5151    23.0517 0.0000e+00
 279.788848      4.744  40.155734    16.1184     5.9490      4.704    31.5829    23.0946 0.0000e+00
 279.788854      5.081  40.283430    16.1459     5.9495      5.039    31.6728    23.1575 0.0000e+00
 279.788860      5.416  40.356135    16.1558     5.9669      5.371    31.7285    23.1980 0.0000e+00
 279.788866      5.739  40.375323    16.1590     6.0030      5.691    31.7427    23.2082 0.0000e+00
 279.788872      6.054  40.379487    16.1622     6.0304      6.003    31.7437    23.2082 0.0000e+00
 279.788877      6.373  40.385402    16.1662     6.0137      6.320    31.7455    23.2088 0.0000e+00
 279.788883      6.699  40.394765    16.1687     5.9542      6.643    31.7516    23.2129 0.0000e+00
 279.788889      7.026  40.401521    16.1688     5.9131      6.967    31.7574    23.2173 0.0000e+00
 279.788895      7.350  40.404558    16.1675     5.9035      7.289    31.7609    23.2203 0.0000e+00
 279.788900      7.665  40.406791    16.1655     5.9138      7.601    31.7644    23.2234 0.0000e+00
 279.788906      7.975  40.410064    16.1619     5.9286      7.908    31.7700    23.2286 0.0000e+00
 279.788912      8.287  40.415922    16.1543     5.9168      8.218    31.7811    23.2388 0.0000e+00
 279.788918      8.599  40.419811    16.1421     5.9172      8.527    31.7942    23.2516 0.0000e+00
 279.788924      8.904  40.416798    16.1304     5.9340      8.829    31.8008    23.2593 0.0000e+00
 279.788929      9.198  40.411277    16.1235     5.9542      9.121    31.8013    23.2613 0.0000e+00
 279.788935      9.480  40.408226    16.1169     5.9643      9.401    31.8038    23.2647 0.0000e+00
 279.788941      9.766  40.404690    16.1040     5.9405      9.684    31.8109    23.2731 0.0000e+00
 279.788947     10.065  40.394819    16.0854     5.8968      9.981    31.8171    23.2820 0.0000e+00
 279.788953     10.369  40.380606    16.0680     5.8248     10.282    31.8184    23.2869 0.0000e+00
 279.788958     10.669  40.368918    16.0540     5.7349     10.580    31.8192    23.2907 0.0000e+00
 279.788964     10.966  40.358758    16.0358     5.6654     10.874    31.8248    23.2990 0.0000e+00
 279.788970     11.270  40.340497    15.9991     5.6078     11.176    31.8381    23.3174 0.0000e+00
 279.788976     11.588  40.301007    15.9298     5.5733     11.491    31.8588    23.3488 0.0000e+00
 279.788981     11.920  40.230302    15.8235     5.5667     11.820    31.8818    23.3902 0.0000e+00
 279.788987     12.255  40.126751    15.6860     5.5568     12.152    31.9010    23.4353 0.0000e+00
 279.788993     12.581  39.996022    15.5265     5.5582     12.476    31.9139    23.4803 0.0000e+00
 279.788999     12.889  39.841788    15.3619     5.5444     12.781    31.9098    23.5131 0.0000e+00
 279.789005     13.177  39.690278    15.2145     5.5285     13.067    31.8941    23.5329 0.0000e+00
 279.789010     13.450  39.580889    15.0831     5.5106     13.337    31.9029    23.5680 0.0000e+00
 279.789016     13.721  39.483960    14.9477     5.5010     13.606    31.9262    23.6150 0.0000e+00
 279.789022     14.000  39.363423    14.8059     5.5154     13.883    31.9334    23.6507 0.0000e+00
 279.789028     14.282  39.248872    14.6539     5.5267     14.162    31.9543    23.6990 0.0000e+00
 279.789034     14.565  39.145872    14.4624     5.5447     14.443    32.0184    23.7887 0.0000e+00
 279.789039     14.848  39.018119    14.2289     5.5540     14.724    32.0950    23.8964 0.0000e+00
 279.789045     15.132  38.860866    14.0045     5.5637     15.005    32.1374    23.9754 0.0000e+00
 279.789051     15.424  38.714231    13.8318     5.5664     15.295    32.1464    24.0176 0.0000e+00
 279.789057     15.728  38.604964    13.7093     5.5647     15.596    32.1478    24.0435 0.0000e+00
 279.789063     16.043  38.526548    13.6124     5.5550     15.908    32.1562    24.0696 0.0000e+00
 279.789068     16.367  38.463649    13.5142     5.5419     16.230    32.1802    24.1079 0.0000e+00
 279.789074     16.700  38.398056    13.4059     5.5316     16.560    32.2103    24.1528 0.0000e+00
 279.789080     17.036  38.320318    13.3038     5.5369     16.893    32.2238    24.1836 0.0000e+00
 279.789086     17.372  38.245206    13.2241     5.5328     17.226    32.2208    24.1970 0.0000e+00
 279.789091     17.698  38.189299    13.1619     5.5338     17.550    32.2209    24.2094 0.0000e+00
