data/oxygen options/OCNMS/OCNMS1/raw_data/2014/CAST_CA015_140730faed.cnv
* Sea-Bird SBE19 Data File:
* FileName = C:\2014 Mooring Data\Casts\CAST_CA015_140730.hex
* Software Version 1.59
* Temperature SN = 2997
* Conductivity SN = 2997
* System UpLoad Time = Aug 03 2014 00:54:00
** CAST_CA015_140730
* ds
# nquan = 9                                 
# nvalues = 1014                        
# units = specified
# name 0 = timeJ: Julian Days
# name 1 = prSM: Pressure, Strain Gauge [db]
# name 2 = c0mS/cm: Conductivity [mS/cm]
# name 3 = t090C: Temperature [ITS-90, deg C]
# name 4 = sbeox0ML/L: Oxygen, SBE 43 [ml/l]
# name 5 = depSM: Depth [salt water, m], lat = 47.5
# name 6 = sal00: Salinity, Practical [PSU]
# name 7 = sigma-é00: Density [sigma-theta, kg/m^3]
# name 8 = flag: flag
# span 0 = 211.989444, 211.995307       
# span 1 =     -5.873,     15.842       
# span 2 =   0.345193,  39.284930       
# span 3 =     8.1066,    17.9192       
# span 4 =    -1.7115,    14.8563       
# span 5 =     -5.824,     15.709       
# span 6 =     0.1939,    33.5592       
# span 7 =    -1.2224,    26.0187       
# span 8 = 0.0000e+00, 0.0000e+00       
# interval = seconds: 0.5
# start_time = Jul 30 2014 23:44:48 [Instrument's time stamp, header]
# bad_flag = -9.990e-29
*END*
[from data line 161]
 211.990376     -2.506   0.363550    17.7119     5.6597     -2.485     0.2046    -1.1929 -9.990e-29
 211.990382     -2.495   0.363551    17.7031     5.6566     -2.474     0.2047    -1.1912 -9.990e-29
 211.990388     -2.481   0.363552    17.6857     5.6567     -2.460     0.2048    -1.1880 -9.990e-29
 211.990394     -2.466   0.363552    17.6677     5.6558     -2.445     0.2049    -1.1847 -9.990e-29
 211.990399     -2.455   0.363553    17.6558     5.6631     -2.435     0.2049    -1.1825 -9.990e-29
 211.990405     -2.445   0.363554    17.6489     5.6583     -2.425     0.2049    -1.1812 -9.990e-29
 211.990411     -2.438   0.363555    17.6413     5.6646     -2.418     0.2050    -1.1798 -9.990e-29
 211.990417     -2.431   0.363556    17.6281     5.6583     -2.411     0.2050    -1.1773 -9.990e-29
 211.990422     -2.426   0.363557    17.6128     5.6626     -2.406     0.2051    -1.1745 -9.990e-29
 211.990428     -2.420   0.363558    17.6029     5.6676     -2.400     0.2052    -1.1727 -9.990e-29
 211.990434     -2.415   0.363558    17.5990     5.6702     -2.395     0.2052    -1.1720 -9.990e-29
 211.990440     -2.410   0.363559    17.5987     5.6742     -2.390     0.2052    -1.1719 -9.990e-29
 211.990446     -2.404   0.363560    17.5998     5.6818     -2.384     0.2052    -1.1721 -9.990e-29
 211.990451     -2.397   0.363561    17.5989     5.6865     -2.377     0.2052    -1.1719 -9.990e-29
 211.990457     -2.389   0.363561    17.5947     5.6894     -2.369     0.2052    -1.1712 -9.990e-29
 211.990463     -2.379   0.363560    17.5885     5.6900     -2.359     0.2052    -1.1700 -9.990e-29
 211.990469     -2.366   0.363556    17.5810     5.6902     -2.346     0.2053    -1.1686 -9.990e-29
 211.990475     -2.354   0.363543    17.5702     5.6990     -2.334     0.2053    -1.1667 -9.990e-29
 211.990480     -2.347   0.363503    17.5523     5.7022     -2.327     0.2054    -1.1634 -9.990e-29
 211.990486     -2.339   0.363381    17.5277     5.7040     -2.319     0.2054    -1.1589 -9.990e-29
 211.990492     -2.331   0.363011    17.5006     5.7036     -2.312     0.2053    -1.1541 -9.990e-29
 211.990498     -2.325   0.362456    17.4729     5.6996     -2.306     0.2051    -1.1493 -9.990e-29
 211.990503     -2.318   0.362087    17.4460     5.6994     -2.299     0.2050    -1.1445 -9.990e-29
 211.990509     -2.304   0.361964    17.4209     5.7058     -2.285     0.2051    -1.1400 -9.990e-29
 211.990515     -2.287   0.361923    17.3969     5.7068     -2.268     0.2052    -1.1356 -9.990e-29
 211.990521     -2.271   0.361909    17.3747     5.7070     -2.252     0.2053    -1.1316 -9.990e-29
 211.990527     -2.253   0.361902    17.3566     5.7066     -2.234     0.2054    -1.1283 -9.990e-29
 211.990532     -2.238   0.361892    17.3416     5.7025     -2.219     0.2054    -1.1256 -9.990e-29
 211.990538     -2.229   0.361865    17.3290     5.7023     -2.210     0.2055    -1.1233 -9.990e-29
 211.990544     -2.220   0.361783    17.3218     5.7019     -2.201     0.2054    -1.1220 -9.990e-29
 211.990550     -2.207   0.361537    17.3209     5.7079     -2.189     0.2053    -1.1220 -9.990e-29
 211.990556     -2.193   0.361353    17.3235     5.7089     -2.175     0.2052    -1.1225 -9.990e-29
 211.990561     -2.183   0.361539    17.3275     5.7072     -2.165     0.2053    -1.1232 -9.990e-29
 211.990567     -2.174   0.361787    17.3303     5.7038     -2.156     0.2054    -1.1236 -9.990e-29
 211.990573     -2.167   0.361870    17.3298     5.6995     -2.149     0.2055    -1.1234 -9.990e-29
 211.990579     -2.161   0.361898    17.3281     5.6913     -2.143     0.2055    -1.1231 -9.990e-29
 211.990584     -2.156   0.361906    17.3289     5.6895     -2.138     0.2055    -1.1233 -9.990e-29
 211.990590     -2.151   0.361905    17.3322     5.6815     -2.133     0.2055    -1.1239 -9.990e-29
 211.990596     -2.146   0.361893    17.3376     5.6879     -2.128     0.2054    -1.1248 -9.990e-29
 211.990602     -2.140   0.361853    17.3453     5.6919     -2.122     0.2054    -1.1263 -9.990e-29
 211.990608     -2.134   0.361731    17.3550     5.6992     -2.116     0.2053    -1.1281 -9.990e-29
 211.990613     -2.127   0.361361    17.3667     5.7017     -2.109     0.2050    -1.1304 -9.990e-29
 211.990619     -2.119   0.360806    17.3787     5.6989     -2.101     0.2046    -1.1328 -9.990e-29
 211.990625     -2.109   0.360437    17.3885     5.6981     -2.091     0.2044    -1.1347 -9.990e-29
 211.990631     -2.096   0.360314    17.3958     5.7022     -2.079     0.2043    -1.1361 -9.990e-29
 211.990637     -2.080   0.360273    17.4019     5.7035     -2.063     0.2042    -1.1373 -9.990e-29
 211.990642     -2.059   0.360260    17.4086     5.7024     -2.042     0.2042    -1.1385 -9.990e-29
 211.990648     -2.037   0.360257    17.4165     5.7004     -2.020     0.2041    -1.1399 -9.990e-29
 211.990654     -2.020   0.360256    17.4252     5.6957     -2.003     0.2041    -1.1415 -9.990e-29
 211.990660     -2.012   0.360256    17.4334     5.6952     -1.995     0.2040    -1.1430 -9.990e-29
 211.990666     -2.009   0.360257    17.4385     5.7025     -1.992     0.2040    -1.1439 -9.990e-29
 211.990671     -2.000   0.360258    17.4388     5.6959     -1.983     0.2040    -1.1440 -9.990e-29
 211.990677     -1.987   0.360258    17.4365     5.6936     -1.970     0.2040    -1.1436 -9.990e-29
 211.990683     -1.975   0.360259    17.4359     5.6934     -1.959     0.2040    -1.1435 -9.990e-29
 211.990689     -1.966   0.360260    17.4390     5.6914     -1.950     0.2040    -1.1440 -9.990e-29
 211.990694     -1.953   0.360261    17.4447     5.6995     -1.937     0.2040    -1.1451 -9.990e-29
 211.990700     -1.941   0.360262    17.4512     5.7071     -1.925     0.2040    -1.1463 -9.990e-29
 211.990706     -1.932   0.360263    17.4578     5.7003     -1.916     0.2039    -1.1475 -9.990e-29
 211.990712     -1.927   0.360263    17.4629     5.7031     -1.911     0.2039    -1.1484 -9.990e-29
 211.990718     -1.925   0.360264    17.4667     5.6995     -1.909     0.2039    -1.1491 -9.990e-29
 211.990723     -1.925   0.360265    17.4708     5.7032     -1.909     0.2039    -1.1498 -9.990e-29
 211.990729     -1.924   0.360266    17.4732     5.7047     -1.908     0.2039    -1.1503 -9.990e-29
 211.990735     -1.917   0.360266    17.4739     5.6994     -1.901     0.2039    -1.1504 -9.990e-29
 211.990741     -1.908   0.360265    17.4789     5.6962     -1.892     0.2038    -1.1513 -9.990e-29
 211.990747     -1.901   0.360261    17.4898     5.6935     -1.885     0.2038    -1.1533 -9.990e-29
 211.990752     -1.895   0.360248    17.5020     5.7024     -1.879     0.2037    -1.1556 -9.990e-29
 211.990758     -1.890   0.360208    17.5129     5.7039     -1.874     0.2036    -1.1576 -9.990e-29
 211.990764     -1.885   0.360086    17.5225     5.7051     -1.869     0.2035    -1.1594 -9.990e-29
 211.990770     -1.881   0.359716    17.5322     5.7057     -1.865     0.2033    -1.1613 -9.990e-29
 211.990775     -1.877   0.359161    17.5446     5.7037     -1.861     0.2029    -1.1639 -9.990e-29
 211.990781     -1.872   0.358791    17.5590     5.7131     -1.856     0.2026    -1.1667 -9.990e-29
 211.990787     -1.867   0.358668    17.5723     5.7160     -1.851     0.2025    -1.1692 -9.990e-29
 211.990793     -1.861   0.358628    17.5801     5.7158     -1.845     0.2024    -1.1706 -9.990e-29
 211.990799     -1.854   0.358615    17.5795     5.7142     -1.839     0.2024    -1.1705 -9.990e-29
 211.990804     -1.845   0.358611    17.5738     5.7107     -1.830     0.2025    -1.1695 -9.990e-29
 211.990810     -1.834   0.358609    17.5668     5.7182     -1.819     0.2025    -1.1682 -9.990e-29
 211.990816     -1.820   0.358606    17.5568     5.7190     -1.805     0.2025    -1.1664 -9.990e-29
 211.990822     -1.802   0.358597    17.5435     5.7179     -1.787     0.2026    -1.1639 -9.990e-29
 211.990828     -1.783   0.358570    17.5294     5.7166     -1.768     0.2026    -1.1613 -9.990e-29
 211.990833     -1.766   0.358486    17.5165     5.7158     -1.751     0.2026    -1.1590 -9.990e-29
 211.990839     -1.751   0.358233    17.5076     5.7243     -1.736     0.2025    -1.1575 -9.990e-29
 211.990845     -1.737   0.358029    17.5041     5.7279     -1.723     0.2024    -1.1569 -9.990e-29
 211.990851     -1.721   0.358156    17.5033     5.7289     -1.707     0.2025    -1.1567 -9.990e-29
 211.990856     -1.708   0.358225    17.5035     5.7283     -1.694     0.2026    -1.1567 -9.990e-29
 211.990862     -1.698   0.357958    17.5053     5.7194     -1.684     0.2024    -1.1572 -9.990e-29
 211.990868     -1.684   0.357553    17.5089     5.7190     -1.670     0.2021    -1.1580 -9.990e-29
 211.990874     -1.670   0.357212    17.5109     5.7207     -1.656     0.2019    -1.1585 -9.990e-29
 211.990880     -1.661   0.357037    17.5061     5.7225     -1.647     0.2019    -1.1577 -9.990e-29
 211.990885     -1.654   0.356979    17.4947     5.7247     -1.640     0.2019    -1.1557 -9.990e-29
 211.990891     -1.650   0.356962    17.4811     5.7160     -1.636     0.2019    -1.1532 -9.990e-29
 211.990897     -1.649   0.356965    17.4678     5.7116     -1.635     0.2020    -1.1508 -9.990e-29
 211.990903     -1.650   0.356993    17.4558     5.7100     -1.636     0.2021    -1.1485 -9.990e-29
 211.990909     -1.650   0.357083    17.4446     5.7181     -1.636     0.2022    -1.1465 -9.990e-29
 211.990914     -1.643   0.357357    17.4331     5.7216     -1.629     0.2024    -1.1442 -9.990e-29
 211.990920     -1.634   0.357624    17.4221     5.7205     -1.620     0.2026    -1.1421 -9.990e-29
 211.990926     -1.626   0.357685    17.4143     5.7247     -1.612     0.2027    -1.1407 -9.990e-29
 211.990932     -1.620   0.357623    17.4131     5.7213     -1.606     0.2026    -1.1405 -9.990e-29
 211.990938     -1.614   0.357354    17.4198     5.7212     -1.601     0.2024    -1.1418 -9.990e-29
 211.990943     -1.608   0.357079    17.4325     5.7266     -1.595     0.2022    -1.1442 -9.990e-29
 211.990949     -1.602   0.356987    17.4481     5.7243     -1.589     0.2021    -1.1471 -9.990e-29
 211.990955     -1.595   0.356956    17.4623     5.7239     -1.582     0.2020    -1.1497 -9.990e-29
 211.990961     -1.587   0.356945    17.4742     5.7287     -1.574     0.2020    -1.1519 -9.990e-29
 211.990966     -1.578   0.356939    17.4855     5.7264     -1.565     0.2019    -1.1540 -9.990e-29
 211.990972     -1.567   0.356933    17.4967     5.7270     -1.554     0.2018    -1.1561 -9.990e-29
 211.990978     -1.553   0.356918    17.5079     5.7289     -1.540     0.2018    -1.1581 -9.990e-29
 211.990984     -1.535   0.356876    17.5179     5.7135     -1.522     0.2017    -1.1600 -9.990e-29
 211.990990     -1.513   0.356752    17.5245     5.6964     -1.500     0.2016    -1.1612 -9.990e-29
 211.990995     -1.488   0.356381    17.5288     5.6786     -1.476     0.2014    -1.1622 -9.990e-29
 211.991001     -1.468   0.355825    17.5329     5.6725     -1.456     0.2010    -1.1632 -9.990e-29
 211.991007     -1.457   0.355454    17.5369     5.6819     -1.445     0.2008    -1.1641 -9.990e-29
 211.991013     -1.452   0.355330    17.5400     5.6991     -1.440     0.2007    -1.1647 -9.990e-29
 211.991019     -1.451   0.355288    17.5399     5.7148     -1.439     0.2007    -1.1647 -9.990e-29
 211.991024     -1.443   0.355273    17.5318     5.7261     -1.431     0.2007    -1.1632 -9.990e-29
 211.991030     -1.430   0.355268    17.5158     5.7320     -1.418     0.2008    -1.1603 -9.990e-29
 211.991036     -1.417   0.355266    17.4998     5.7278     -1.405     0.2009    -1.1574 -9.990e-29
 211.991042     -1.409   0.355265    17.4894     5.7292     -1.397     0.2009    -1.1555 -9.990e-29
 211.991047     -1.406   0.355265    17.4827     5.7248     -1.394     0.2009    -1.1542 -9.990e-29
 211.991053     -1.402   0.355264    17.4766     5.7264     -1.390     0.2010    -1.1531 -9.990e-29
 211.991059     -1.394   0.355264    17.4723     5.7313     -1.382     0.2010    -1.1523 -9.990e-29
 211.991065     -1.384   0.355263    17.4732     5.7345     -1.372     0.2010    -1.1525 -9.990e-29
 211.991071     -1.377   0.355263    17.4795     5.7334     -1.366     0.2010    -1.1536 -9.990e-29
 211.991076     -1.373   0.355262    17.4883     5.7342     -1.362     0.2009    -1.1553 -9.990e-29
 211.991082     -1.370   0.355262    17.4975     5.7213     -1.359     0.2009    -1.1569 -9.990e-29
 211.991088     -1.369   0.355261    17.5066     5.7142     -1.358     0.2008    -1.1586 -9.990e-29
 211.991094     -1.370   0.355260    17.5163     5.7122     -1.359     0.2008    -1.1604 -9.990e-29
 211.991100     -1.373   0.355260    17.5290     5.6941     -1.362     0.2007    -1.1627 -9.990e-29
 211.991105     -1.374   0.355259    17.5457     5.6728     -1.363     0.2007    -1.1658 -9.990e-29
 211.991111     -1.368   0.355259    17.5642     5.6552     -1.357     0.2006    -1.1692 -9.990e-29
 211.991117     -1.359   0.355258    17.5814     5.6419     -1.348     0.2005    -1.1724 -9.990e-29
 211.991123     -1.351   0.355258    17.5964     5.6346     -1.340     0.2004    -1.1751 -9.990e-29
 211.991128     -1.344   0.355257    17.6117     5.6499     -1.333     0.2004    -1.1779 -9.990e-29
 211.991134     -1.337   0.355257    17.6283     5.6601     -1.326     0.2003    -1.1810 -9.990e-29
 211.991140     -1.330   0.355256    17.6430     5.6752     -1.319     0.2002    -1.1837 -9.990e-29
 211.991146     -1.322   0.355255    17.6543     5.6745     -1.311     0.2002    -1.1858 -9.990e-29
 211.991152     -1.317   0.355255    17.6616     5.6756     -1.306     0.2001    -1.1872 -9.990e-29
 211.991157     -1.319   0.355254    17.6621     5.6905     -1.308     0.2001    -1.1873 -9.990e-29
 211.991163     -1.324   0.355253    17.6572     5.6989     -1.313     0.2001    -1.1864 -9.990e-29
 211.991169     -1.328   0.355252    17.6547     5.7095     -1.317     0.2002    -1.1859 -9.990e-29
 211.991175     -1.331   0.355250    17.6597     5.7122     -1.320     0.2001    -1.1868 -9.990e-29
 211.991181     -1.333   0.355245    17.6701     5.7053     -1.322     0.2001    -1.1887 -9.990e-29
 211.991186     -1.335   0.355231    17.6819     5.7132     -1.324     0.2000    -1.1909 -9.990e-29
 211.991192     -1.336   0.355189    17.6923     5.7176     -1.325     0.1999    -1.1929 -9.990e-29
 211.991198     -1.337   0.355065    17.6996     5.7171     -1.326     0.1998    -1.1943 -9.990e-29
 211.991204     -1.338   0.354694    17.7040     5.7287     -1.327     0.1996    -1.1953 -9.990e-29
 211.991209     -1.338   0.354138    17.7058     5.7246     -1.327     0.1993    -1.1958 -9.990e-29
 211.991215     -1.338   0.353767    17.7065     5.7360     -1.327     0.1991    -1.1961 -9.990e-29
 211.991221     -1.338   0.353643    17.7066     5.7193     -1.327     0.1990    -1.1962 -9.990e-29
 211.991227     -1.337   0.353601    17.7071     5.7168     -1.326     0.1990    -1.1963 -9.990e-29
 211.991233     -1.337   0.353586    17.7108     5.7226     -1.326     0.1989    -1.1970 -9.990e-29
 211.991238     -1.336   0.353581    17.7171     5.7262     -1.325     0.1989    -1.1982 -9.990e-29
 211.991244     -1.334   0.353579    17.7210     5.7281     -1.323     0.1989    -1.1989 -9.990e-29
 211.991250     -1.332   0.353578    17.7196     5.7198     -1.321     0.1989    -1.1987 -9.990e-29
 211.991256     -1.329   0.353577    17.7158     5.7143     -1.318     0.1989    -1.1980 -9.990e-29
 211.991262     -1.326   0.353577    17.7130     5.6968     -1.315     0.1989    -1.1974 -9.990e-29
 211.991267     -1.321   0.353576    17.7148     5.6933     -1.310     0.1989    -1.1978 -9.990e-29
 211.991273     -1.315   0.353576    17.7210     5.6876     -1.304     0.1989    -1.1989 -9.990e-29
 211.991279     -1.308   0.353575    17.7270     5.6926     -1.297     0.1989    -1.2000 -9.990e-29
 211.991285     -1.298   0.353575    17.7351     5.6936     -1.287     0.1988    -1.2015 -9.990e-29
 211.991291     -1.285   0.353574    17.7522     5.6975     -1.274     0.1988    -1.2047 -9.990e-29
