data/oxygen options/OCNMS/OCNMS1/raw_data/2014/CAST_CE042_140905faedb.cnv
* Sea-Bird SBE19 Data File:
* FileName = C:\2014 Mooring Data\Casts\CAST_CE042_140905.hex
* Software Version 1.59
* Temperature SN = 2997
* Conductivity SN = 2997
* System UpLoad Time = Sep 05 2014 23:37:14
** CAST_CE042_140905
* ds
# nquan = 9
# nvalues = 43                          
# units = specified
# name 0 = timeJ: Julian Days
# name 1 = prSM: Pressure, Strain Gauge [db]
# name 2 = c0mS/cm: Conductivity [mS/cm]
# name 3 = t090C: Temperature [ITS-90, deg C]
# name 4 = sbeox0ML/L: Oxygen, SBE 43 [ml/l]
# name 5 = depSM: Depth [salt water, m], lat = 47.5
# name 6 = sal00: Salinity, Practical [PSU]
# name 7 = sigma-é00: Density [sigma-theta, kg/m^3]
# name 8 = flag: flag
# span 0 = 248.910974, 248.911761       
# span 1 =      2.000,     44.000       
# span 2 =  34.573261,  40.065577       
# span 3 =     7.5094,    14.3932       
# span 4 =     0.2188,     7.7508       
# span 5 =      1.983,     43.628       
# span 6 =    32.7916,    33.6966       
# span 7 =    24.4986,    26.3218       
# span 8 = 0.0000e+00, 0.0000e+00       
# interval = decibars: 1                
# start_time = Sep 05 2014 21:44:57 [Instrument's time stamp, header]
# bad_flag = -9.990e-29
*END*
 248.910974      2.000  40.065577    14.3932     7.5980      1.983    32.9216    24.4986 0.0000e+00
 248.910998      3.000  39.080121    13.2524     7.6397      2.975    32.9860    24.7822 0.0000e+00
 248.911016      4.000  38.322955    12.5340     7.7397      3.966    32.8935    24.8516 0.0000e+00
 248.911033      5.000  37.937463    12.1241     7.7508      4.958    32.8831    24.9221 0.0000e+00
 248.911049      6.000  37.540190    11.7339     7.6717      5.950    32.8419    24.9629 0.0000e+00
 248.911064      7.000  37.204640    11.3208     7.6499      6.941    32.8799    25.0676 0.0000e+00
 248.911079      8.000  36.790323    10.8896     7.6196      7.933    32.8554    25.1254 0.0000e+00
 248.911096      9.000  36.514828    10.6545     7.1556      8.925    32.7916    25.1169 0.0000e+00
 248.911114     10.000  36.419401    10.4938     5.9220      9.917    32.8404    25.1826 0.0000e+00
 248.911130     11.000  36.117116    10.0548     5.5822     10.908    32.9329    25.3293 0.0000e+00
 248.911146     12.000  35.761789     9.7221     5.2834     11.900    32.8744    25.3387 0.0000e+00
 248.911163     13.000  35.631114     9.5475     4.1934     12.891    32.9001    25.3872 0.0000e+00
 248.911181     14.000  35.459343     9.2836     3.7817     13.883    32.9657    25.4808 0.0000e+00
 248.911198     15.000  35.239988     9.0337     3.2442     14.874    32.9691    25.5231 0.0000e+00
 248.911215     16.000  35.154145     8.8706     2.8011     15.866    33.0307    25.5967 0.0000e+00
 248.911231     17.000  35.072264     8.7178     2.7649     16.858    33.0872    25.6645 0.0000e+00
 248.911249     18.000  35.060033     8.6576     2.3483     17.849    33.1303    25.7075 0.0000e+00
 248.911268     19.000  35.111782     8.6926     0.9305     18.841    33.1513    25.7186 0.0000e+00
 248.911286     20.000  35.214037     8.7326     0.3399     19.832    33.2206    25.7668 0.0000e+00
 248.911304     21.000  35.289674     8.7087     0.3973     20.824    33.3219    25.8499 0.0000e+00
 248.911324     22.000  35.248442     8.6125     0.4288     21.815    33.3689    25.9015 0.0000e+00
 248.911344     23.000  35.166411     8.4625     0.4614     22.807    33.4239    25.9675 0.0000e+00
 248.911361     24.000  35.036580     8.3069     0.7187     23.798    33.4338    25.9987 0.0000e+00
 248.911379     25.000  34.937789     8.1687     0.7341     24.790    33.4600    26.0399 0.0000e+00
 248.911397     26.000  34.840216     8.0683     0.4604     25.781    33.4515    26.0481 0.0000e+00
 248.911417     27.000  34.810700     8.0222     0.4566     26.773    33.4636    26.0644 0.0000e+00
 248.911437     28.000  34.764624     7.9260     0.4067     27.764    33.5060    26.1118 0.0000e+00
 248.911456     29.000  34.698519     7.8371     0.4028     28.756    33.5200    26.1358 0.0000e+00
 248.911473     30.000  34.684468     7.8132     0.4104     29.747    33.5275    26.1451 0.0000e+00
 248.911491     31.000  34.663657     7.7737     0.4233     30.739    33.5426    26.1627 0.0000e+00
 248.911512     32.000  34.654295     7.7573     0.4384     31.730    33.5478    26.1692 0.0000e+00
 248.911535     33.000  34.640864     7.7383     0.4009     32.722    33.5512    26.1746 0.0000e+00
 248.911555     34.000  34.627881     7.7082     0.3293     33.713    33.5658    26.1904 0.0000e+00
 248.911573     35.000  34.606128     7.6673     0.2453     34.705    33.5813    26.2085 0.0000e+00
 248.911592     36.000  34.603383     7.6262     0.2188     35.696    33.6176    26.2430 0.0000e+00
 248.911612     37.000  34.584510     7.5803     0.2724     36.688    33.6411    26.2680 0.0000e+00
 248.911632     38.000  34.580405     7.5569     0.3284     37.679    33.6589    26.2853 0.0000e+00
 248.911651     39.000  34.576222     7.5356     0.3546     38.671    33.6745    26.3006 0.0000e+00
 248.911670     40.000  34.573954     7.5204     0.3488     39.662    33.6864    26.3121 0.0000e+00
 248.911690     41.000  34.573261     7.5147     0.3457     40.654    33.6907    26.3163 0.0000e+00
 248.911712     42.000  34.573389     7.5114     0.3261     41.645    33.6935    26.3190 0.0000e+00
 248.911734     43.000  34.574918     7.5094     0.3308     42.637    33.6966    26.3218 0.0000e+00
 248.911761     44.000  34.575371     7.5148     0.3232     43.628    33.6914    26.3169 0.0000e+00
