data/oxygen options/OCNMS/OCNMS1/raw_data/2014/CAST_KL015_140905faed.cnv
* Sea-Bird SBE19 Data File:
* FileName = C:\2014 Mooring Data\Casts\CAST_KL015_140905.hex
* Software Version 1.59
* Temperature SN = 2997
* Conductivity SN = 2997
* System UpLoad Time = Sep 05 2014 17:53:07
** CAST_KL015_140905
* ds
# nquan = 9                                 
# nvalues = 1708                        
# units = specified
# name 0 = timeJ: Julian Days
# name 1 = prSM: Pressure, Strain Gauge [db]
# name 2 = c0mS/cm: Conductivity [mS/cm]
# name 3 = t090C: Temperature [ITS-90, deg C]
# name 4 = sbeox0ML/L: Oxygen, SBE 43 [ml/l]
# name 5 = depSM: Depth [salt water, m], lat = 47.5
# name 6 = sal00: Salinity, Practical [PSU]
# name 7 = sigma-é00: Density [sigma-theta, kg/m^3]
# name 8 = flag: flag
# span 0 = 248.705185, 248.715064       
# span 1 =     -5.637,     16.965       
# span 2 =   0.060818,  41.367729       
# span 3 =     9.1748,    16.2461       
# span 4 =    -1.7879,    19.9013       
# span 5 =     -5.590,     16.823       
# span 6 =     0.0382,    33.3960       
# span 7 =    -1.0183,    25.7916       
# span 8 = 0.0000e+00, 0.0000e+00       
# interval = seconds: 0.5
# start_time = Sep 05 2014 16:55:28 [Instrument's time stamp, header]
# bad_flag = -9.990e-29
*END*
 248.705185     -5.637 -9.990e-29    15.0488    -1.7867     -5.590 -9.990e-29 -9.990e-29 -9.990e-29
 248.705191     -5.633   0.080213    15.0505    -1.7867     -5.586     0.0492    -0.8685 -9.990e-29
 248.705197     -5.627   0.079514    15.0516    -1.7868     -5.580     0.0488    -0.8689 -9.990e-29
 248.705203     -5.620   0.078713    15.0521    -1.7869     -5.573     0.0484    -0.8694 -9.990e-29
 248.705208     -5.611   0.077855    15.0520    -1.7869     -5.564     0.0479    -0.8697 -9.990e-29
 248.705214     -5.600   0.077093    15.0512    -1.7869     -5.553     0.0474    -0.8699 -9.990e-29
 248.705220     -5.585   0.076521    15.0497    -1.7869     -5.538     0.0471    -0.8700 -9.990e-29
 248.705226     -5.566   0.076119    15.0474    -1.7871     -5.520     0.0469    -0.8698 -9.990e-29
 248.705231     -5.541   0.075907    15.0442    -1.7873     -5.495     0.0468    -0.8694 -9.990e-29
 248.705237     -5.509   0.075787    15.0411    -1.7873     -5.463     0.0467    -0.8690 -9.990e-29
 248.705243     -5.473   0.075601    15.0389    -1.7874     -5.427     0.0466    -0.8687 -9.990e-29
 248.705249     -5.438   0.075099    15.0372    -1.7875     -5.393     0.0463    -0.8687 -9.990e-29
 248.705255     -5.407   0.074169    15.0361    -1.7875     -5.362     0.0458    -0.8689 -9.990e-29
 248.705260     -5.377   0.073240    15.0353    -1.7876     -5.332     0.0453    -0.8692 -9.990e-29
 248.705266     -5.346   0.072740    15.0344    -1.7875     -5.301     0.0450    -0.8693 -9.990e-29
 248.705272     -5.314   0.072560    15.0328    -1.7875     -5.270     0.0449    -0.8691 -9.990e-29
 248.705278     -5.277   0.072459    15.0303    -1.7876     -5.233     0.0448    -0.8688 -9.990e-29
 248.705284     -5.238   0.072303    15.0277    -1.7878     -5.194     0.0448    -0.8685 -9.990e-29
 248.705289     -5.203   0.071885    15.0257    -1.7879     -5.160     0.0445    -0.8683 -9.990e-29
 248.705295     -5.173   0.071203    15.0239    -1.7879     -5.130     0.0441    -0.8684 -9.990e-29
 248.705301     -5.147   0.070459    15.0223    -1.7877     -5.104     0.0437    -0.8684 -9.990e-29
 248.705307     -5.123   0.069775    15.0210    -1.7876     -5.080     0.0433    -0.8685 -9.990e-29
 248.705312     -5.100   0.069349    15.0202    -1.7875     -5.057     0.0431    -0.8686 -9.990e-29
 248.705318     -5.076   0.069171    15.0199    -1.7872     -5.034     0.0430    -0.8686 -9.990e-29
 248.705324     -5.049   0.069001    15.0194    -1.7869     -5.007     0.0429    -0.8686 -9.990e-29
 248.705330     -5.019   0.068615    15.0177    -1.7865     -4.977     0.0427    -0.8686 -9.990e-29
 248.705336     -4.983   0.068054    15.0155    -1.7864     -4.941     0.0424    -0.8685 -9.990e-29
 248.705341     -4.942   0.067680    15.0143    -1.7863     -4.901     0.0422    -0.8684 -9.990e-29
 248.705347     -4.904   0.067551    15.0150    -1.7861     -4.863     0.0421    -0.8686 -9.990e-29
 248.705353     -4.869   0.067495    15.0176    -1.7859     -4.828     0.0421    -0.8690 -9.990e-29
 248.705359     -4.836   0.067440    15.0215    -1.7857     -4.796     0.0420    -0.8696 -9.990e-29
 248.705365     -4.802   0.067312    15.0264    -1.7854     -4.762     0.0420    -0.8704 -9.990e-29
 248.705370     -4.770   0.066940    15.0326    -1.7853     -4.730     0.0417    -0.8715 -9.990e-29
 248.705376     -4.742   0.066383    15.0402    -1.7851     -4.702     0.0414    -0.8729 -9.990e-29
 248.705382     -4.716   0.066012    15.0474    -1.7850     -4.677     0.0412    -0.8742 -9.990e-29
 248.705388     -4.690   0.065888    15.0528    -1.7850     -4.651     0.0411    -0.8751 -9.990e-29
 248.705394     -4.663   0.065845    15.0576    -1.7850     -4.624     0.0411    -0.8758 -9.990e-29
 248.705399     -4.637   0.065827    15.0627    -1.7848     -4.598     0.0411    -0.8766 -9.990e-29
 248.705405     -4.616   0.065809    15.0681    -1.7847     -4.578     0.0411    -0.8774 -9.990e-29
 248.705411     -4.597   0.065766    15.0739    -1.7846     -4.559     0.0411    -0.8783 -9.990e-29
 248.705417     -4.580   0.065642    15.0795    -1.7844     -4.542     0.0410    -0.8792 -9.990e-29
 248.705422     -4.563   0.065271    15.0842    -1.7837     -4.525     0.0408    -0.8801 -9.990e-29
 248.705428     -4.545   0.064715    15.0881    -1.7828     -4.507     0.0405    -0.8809 -9.990e-29
 248.705434     -4.526   0.064345    15.0910    -1.7818     -4.488     0.0403    -0.8815 -9.990e-29
 248.705440     -4.503   0.064221    15.0929    -1.7810     -4.465     0.0402    -0.8819 -9.990e-29
 248.705446     -4.476   0.064179    15.0951    -1.7804     -4.439     0.0402    -0.8822 -9.990e-29
 248.705451     -4.447   0.064165    15.0983    -1.7797     -4.410     0.0402    -0.8827 -9.990e-29
 248.705457     -4.422   0.064161    15.1022    -1.7794     -4.385     0.0402    -0.8833 -9.990e-29
 248.705463     -4.401   0.064159    15.1078    -1.7793     -4.364     0.0402    -0.8842 -9.990e-29
 248.705469     -4.378   0.064158    15.1178    -1.7789     -4.342     0.0401    -0.8857 -9.990e-29
 248.705475     -4.355   0.064157    15.1339    -1.7780     -4.319     0.0401    -0.8882 -9.990e-29
 248.705480     -4.335   0.064156    15.1547    -1.7770     -4.299     0.0401    -0.8914 -9.990e-29
 248.705486     -4.316   0.064151    15.1768    -1.7761     -4.280     0.0401    -0.8947 -9.990e-29
 248.705492     -4.299   0.064137    15.1977    -1.7755     -4.263     0.0401    -0.8980 -9.990e-29
 248.705498     -4.277   0.064096    15.2162    -1.7749     -4.241     0.0401    -0.9008 -9.990e-29
 248.705503     -4.249   0.063973    15.2316    -1.7746     -4.214     0.0400    -0.9033 -9.990e-29
 248.705509     -4.221   0.063602    15.2432    -1.7743     -4.186     0.0398    -0.9052 -9.990e-29
 248.705515     -4.197   0.063046    15.2537    -1.7738     -4.162     0.0395    -0.9071 -9.990e-29
 248.705521     -4.174   0.062676    15.2681    -1.7736     -4.139     0.0392    -0.9094 -9.990e-29
 248.705527     -4.152   0.062552    15.2878    -1.7735     -4.117     0.0392    -0.9125 -9.990e-29
 248.705532     -4.132   0.062511    15.3100    -1.7734     -4.098     0.0391    -0.9160 -9.990e-29
 248.705538     -4.115   0.062497    15.3313    -1.7732     -4.081     0.0391    -0.9193 -9.990e-29
 248.705544     -4.094   0.062492    15.3496    -1.7729     -4.060     0.0391    -0.9221 -9.990e-29
 248.705550     -4.073   0.062490    15.3642    -1.7726     -4.039     0.0391    -0.9244 -9.990e-29
 248.705556     -4.053   0.062489    15.3758    -1.7723     -4.019     0.0391    -0.9262 -9.990e-29
 248.705561     -4.035   0.062489    15.3864    -1.7721     -4.001     0.0391    -0.9279 -9.990e-29
 248.705567     -4.017   0.062489    15.3959    -1.7720     -3.984     0.0391    -0.9294 -9.990e-29
 248.705573     -3.997   0.062489    15.4026    -1.7720     -3.964     0.0391    -0.9304 -9.990e-29
 248.705579     -3.975   0.062489    15.4073    -1.7719     -3.942     0.0391    -0.9311 -9.990e-29
 248.705584     -3.950   0.062488    15.4123    -1.7719     -3.917     0.0391    -0.9319 -9.990e-29
 248.705590     -3.918   0.062487    15.4184    -1.7720     -3.885     0.0391    -0.9329 -9.990e-29
 248.705596     -3.884   0.062482    15.4253    -1.7722     -3.852     0.0391    -0.9339 -9.990e-29
 248.705602     -3.853   0.062469    15.4324    -1.7724     -3.821     0.0390    -0.9351 -9.990e-29
 248.705608     -3.827   0.062428    15.4390    -1.7725     -3.795     0.0390    -0.9361 -9.990e-29
 248.705613     -3.805   0.062306    15.4443    -1.7726     -3.773     0.0389    -0.9370 -9.990e-29
 248.705619     -3.785   0.061940    15.4479    14.9511     -3.753     0.0387    -0.9377 -9.990e-29
 248.705625     -3.767   0.061398    15.4501    19.7101     -3.736     0.0384    -0.9383 -9.990e-29
 248.705631     -3.749   0.061068    15.4511    19.9013     -3.718     0.0383    -0.9386 -9.990e-29
 248.705637     -3.729   0.061068    15.4507    15.8709     -3.698     0.0383    -0.9385 -9.990e-29
 248.705642     -3.707   0.061398    15.4485     7.6424     -3.676     0.0384    -0.9380 -9.990e-29
 248.705648     -3.682   0.061940    15.4449     7.2999     -3.651     0.0387    -0.9372 -9.990e-29
 248.705654     -3.655   0.062305    15.4407     7.2890     -3.625     0.0389    -0.9364 -9.990e-29
 248.705660     -3.635   0.062427    15.4370     7.2899     -3.605     0.0390    -0.9358 -9.990e-29
 248.705666     -3.623   0.062467    15.4334     7.2848     -3.593     0.0390    -0.9352 -9.990e-29
 248.705671     -3.619   0.062481    15.4298     7.2832     -3.589     0.0390    -0.9346 -9.990e-29
 248.705677     -3.614   0.062485    15.4265     7.2880     -3.584     0.0391    -0.9341 -9.990e-29
 248.705683     -3.599   0.062485    15.4234     7.2887     -3.569     0.0391    -0.9336 -9.990e-29
 248.705689     -3.579   0.062483    15.4192     7.2891     -3.549     0.0391    -0.9330 -9.990e-29
 248.705694     -3.554   0.062474    15.4131     7.2894     -3.524     0.0391    -0.9320 -9.990e-29
 248.705700     -3.530   0.062446    15.4059     7.2900     -3.501     0.0390    -0.9309 -9.990e-29
 248.705706     -3.507   0.062362    15.3995     7.2905     -3.478     0.0390    -0.9300 -9.990e-29
 248.705712     -3.485   0.062111    15.3942     7.2912     -3.456     0.0389    -0.9292 -9.990e-29
 248.705718     -3.462   0.061912    15.3898     7.2997     -3.433     0.0388    -0.9286 -9.990e-29
 248.705723     -3.442   0.062057    15.3856     7.2946     -3.413     0.0388    -0.9279 -9.990e-29
 248.705729     -3.426   0.062184    15.3811     7.2933     -3.397     0.0389    -0.9272 -9.990e-29
 248.705735     -3.410   0.061905    15.3772     7.2920     -3.382     0.0388    -0.9267 -9.990e-29
 248.705741     -3.389   0.061404    15.3741     7.2896     -3.361     0.0385    -0.9264 -9.990e-29
 248.705747     -3.365   0.061125    15.3711     7.2936     -3.337     0.0383    -0.9261 -9.990e-29
 248.705752     -3.341   0.061251    15.3680     7.2935     -3.313     0.0384    -0.9255 -9.990e-29
 248.705758     -3.316   0.061396    15.3646     7.2941     -3.288     0.0385    -0.9249 -9.990e-29
 248.705764     -3.292   0.061198    15.3607     7.2935     -3.265     0.0384    -0.9244 -9.990e-29
 248.705770     -3.272   0.060946    15.3564     7.2935     -3.245     0.0382    -0.9239 -9.990e-29
 248.705775     -3.255   0.060861    15.3519     7.3014     -3.228     0.0382    -0.9232 -9.990e-29
 248.705781     -3.240   0.060833    15.3481     7.2951     -3.213     0.0382    -0.9226 -9.990e-29
 248.705787     -3.226   0.060823    15.3459     7.2932     -3.199     0.0382    -0.9223 -9.990e-29
 248.705793     -3.211   0.060820    15.3453     7.2914     -3.184     0.0382    -0.9222 -9.990e-29
 248.705799     -3.196   0.060819    15.3452     7.2894     -3.169     0.0382    -0.9222 -9.990e-29
 248.705804     -3.179   0.060819    15.3449     7.2858     -3.152     0.0382    -0.9221 -9.990e-29
 248.705810     -3.159   0.060819    15.3448     7.2919     -3.133     0.0382    -0.9221 -9.990e-29
 248.705816     -3.138   0.060819    15.3453     7.2866     -3.112     0.0382    -0.9222 -9.990e-29
 248.705822     -3.121   0.060819    15.3462     7.2944     -3.095     0.0382    -0.9223 -9.990e-29
 248.705828     -3.101   0.060819    15.3473     7.2985     -3.075     0.0382    -0.9225 -9.990e-29
 248.705833     -3.077   0.060819    15.3482     7.2891     -3.051     0.0382    -0.9226 -9.990e-29
 248.705839     -3.057   0.060819    15.3484     7.2968     -3.032     0.0382    -0.9227 -9.990e-29
 248.705845     -3.042   0.060819    15.3479     7.2868     -3.017     0.0382    -0.9226 -9.990e-29
 248.705851     -3.033   0.060819    15.3469     7.2946     -3.008     0.0382    -0.9224 -9.990e-29
 248.705856     -3.025   0.060819    15.3455     7.2903     -3.000     0.0382    -0.9222 -9.990e-29
 248.705862     -3.013   0.060819    15.3438     7.2944     -2.988     0.0382    -0.9219 -9.990e-29
 248.705868     -2.999   0.060819    15.3420     7.2904     -2.974     0.0382    -0.9217 -9.990e-29
 248.705874     -2.988   0.060819    15.3406     7.2945     -2.963     0.0382    -0.9214 -9.990e-29
 248.705880     -2.979   0.060819    15.3394     7.2904     -2.954     0.0382    -0.9213 -9.990e-29
 248.705885     -2.972   0.060818    15.3384     7.2949     -2.947     0.0382    -0.9211 -9.990e-29
 248.705891     -2.965   0.060818    15.3383     7.2989     -2.940     0.0382    -0.9211 -9.990e-29
 248.705897     -2.959   0.060818    15.3390     7.2894     -2.934     0.0382    -0.9212 -9.990e-29
 248.705903     -2.953   0.060818    15.3399     7.2816     -2.928     0.0382    -0.9213 -9.990e-29
 248.705909     -2.947   0.060818    15.3405     7.2844     -2.922     0.0382    -0.9214 -9.990e-29
 248.705914     -2.940   0.060818    15.3407     7.2956     -2.915     0.0382    -0.9215 -9.990e-29
 248.705920     -2.931   0.060818    15.3405     7.2957     -2.907     0.0382    -0.9214 -9.990e-29
 248.705926     -2.921   0.060818    15.3401     7.2958     -2.897     0.0382    -0.9214 -9.990e-29
 248.705932     -2.909   0.060818    15.3393     7.2902     -2.885     0.0382    -0.9212 -9.990e-29
 248.705938     -2.894   0.060818    15.3380     7.2738     -2.870     0.0382    -0.9210 -9.990e-29
 248.705943     -2.874   0.060818    15.3368     7.2827     -2.850     0.0382    -0.9209 -9.990e-29
 248.705949     -2.850   0.060818    15.3357     7.2926     -2.826     0.0382    -0.9207 -9.990e-29
 248.705955     -2.822   0.060818    15.3344     7.2902     -2.798     0.0382    -0.9205 -9.990e-29
 248.705961     -2.799   0.060818    15.3332     7.2933     -2.776     0.0382    -0.9203 -9.990e-29
 248.705966     -2.783   0.060818    15.3325     7.2868     -2.760     0.0382    -0.9202 -9.990e-29
 248.705972     -2.768   0.060818    15.3318     7.2845     -2.745     0.0382    -0.9201 -9.990e-29
 248.705978     -2.750   0.060818    15.3303     7.2805     -2.727     0.0382    -0.9198 -9.990e-29
 248.705984     -2.732   0.060818    15.3274     7.2782     -2.709     0.0382    -0.9194 -9.990e-29
 248.705990     -2.716   0.060818    15.3228     7.2775     -2.693     0.0382    -0.9187 -9.990e-29
 248.705995     -2.702   0.060818    15.3188     7.2952     -2.679     0.0382    -0.9181 -9.990e-29
 248.706001     -2.689   0.060818    15.3173     7.3028     -2.667     0.0382    -0.9178 -9.990e-29
 248.706007     -2.676   0.060818    15.3185     7.2945     -2.654     0.0382    -0.9180 -9.990e-29
 248.706013     -2.662   0.060818    15.3215     7.2804     -2.640     0.0382    -0.9185 -9.990e-29
 248.706019     -2.646   0.060818    15.3250     7.2784     -2.624     0.0382    -0.9190 -9.990e-29
 248.706024     -2.628   0.060818    15.3279     7.2660     -2.606     0.0382    -0.9195 -9.990e-29
 248.706030     -2.606   0.060818    15.3301     7.2992     -2.584     0.0382    -0.9198 -9.990e-29
 248.706036     -2.583   0.060818    15.3324     7.3004     -2.561     0.0382    -0.9202 -9.990e-29
 248.706042     -2.566   0.060818    15.3347     7.2661     -2.545     0.0382    -0.9205 -9.990e-29
 248.706047     -2.554   0.060818    15.3366     7.2972     -2.533     0.0382    -0.9208 -9.990e-29
 248.706053     -2.541   0.060818    15.3380     7.2685     -2.520     0.0382    -0.9210 -9.990e-29
 248.706059     -2.533   0.060818    15.3396     7.2893     -2.512     0.0382    -0.9213 -9.990e-29
 248.706065     -2.527   0.060818    15.3421     7.2901     -2.506     0.0382    -0.9217 -9.990e-29
 248.706071     -2.515   0.060818    15.3452     7.2660     -2.494     0.0382    -0.9222 -9.990e-29
 248.706076     -2.497   0.060818    15.3482     7.2711     -2.476     0.0382    -0.9226 -9.990e-29
 248.706082     -2.479   0.060818    15.3512     7.2573     -2.458     0.0382    -0.9231 -9.990e-29
 248.706088     -2.464   0.060818    15.3547     7.2619     -2.443     0.0382    -0.9236 -9.990e-29
 248.706094     -2.453   0.060818    15.3592     7.2901     -2.433     0.0382    -0.9243 -9.990e-29
 248.706100     -2.444   0.060818    15.3647     7.2743     -2.424     0.0382    -0.9252 -9.990e-29
 248.706105     -2.437   0.060818    15.3706     7.2727     -2.417     0.0382    -0.9261 -9.990e-29
