data/oxygen options/OCNMS/OCNMS1/raw_data/2014/CAST_KL050_140722faedb.cnv
* Sea-Bird SBE19 Data File:
* FileName = C:\2014 Mooring Data\Casts\CAST_KL050_140722.hex
* Software Version 1.59
* Temperature SN = 2997
* Conductivity SN = 2997
* System UpLoad Time = Jul 22 2014 23:14:02
** CAST_KL050_140722
* ds
# nquan = 9
# nvalues = 49                          
# units = specified
# name 0 = timeJ: Julian Days
# name 1 = prSM: Pressure, Strain Gauge [db]
# name 2 = c0mS/cm: Conductivity [mS/cm]
# name 3 = t090C: Temperature [ITS-90, deg C]
# name 4 = sbeox0ML/L: Oxygen, SBE 43 [ml/l]
# name 5 = depSM: Depth [salt water, m], lat = 47.5
# name 6 = sal00: Salinity, Practical [PSU]
# name 7 = sigma-é00: Density [sigma-theta, kg/m^3]
# name 8 = flag: flag
# span 0 = 203.963115, 203.964058       
# span 1 =      1.000,     49.000       
# span 2 =  34.023828,  39.182669       
# span 3 =     7.3303,    14.5305       
# span 4 =     1.5013,    10.6754       
# span 5 =      0.992,     48.585       
# span 6 =    32.0009,    33.6598       
# span 7 =    23.7610,    26.3013       
# span 8 = 0.0000e+00, 0.0000e+00       
# interval = decibars: 1                
# start_time = Jul 22 2014 23:01:31 [Instrument's time stamp, header]
# bad_flag = -9.990e-29
*END*
 203.963115      1.000  39.182669    14.5305    10.6754      0.992    32.0009    23.7610 0.0000e+00
 203.963142      2.000  38.411112    13.5718     9.1254      1.983    32.0884    24.0249 0.0000e+00
 203.963164      3.000  37.459594    12.4771     7.6410      2.975    32.1192    24.2627 0.0000e+00
 203.963184      4.000  36.835815    11.6199     6.3824      3.967    32.2570    24.5294 0.0000e+00
 203.963203      5.000  36.442805    11.0718     6.2138      4.958    32.3507    24.7005 0.0000e+00
 203.963222      6.000  36.331929    10.8739     5.9181      5.950    32.4152    24.7855 0.0000e+00
 203.963241      7.000  36.280245    10.7441     5.1665      6.941    32.4785    24.8575 0.0000e+00
 203.963259      8.000  36.204513    10.5520     4.2855      7.933    32.5737    24.9647 0.0000e+00
 203.963278      9.000  36.012980    10.1677     4.0662      8.925    32.7261    25.1488 0.0000e+00
 203.963296     10.000  35.652027     9.7494     3.8872      9.916    32.7384    25.2279 0.0000e+00
 203.963313     11.000  35.412459     9.3222     3.6173     10.908    32.8832    25.4099 0.0000e+00
 203.963332     12.000  34.996398     8.8339     3.5800     11.899    32.9018    25.5013 0.0000e+00
 203.963350     13.000  34.813516     8.6320     3.5659     12.891    32.8976    25.5291 0.0000e+00
 203.963368     14.000  34.779074     8.5377     3.5085     13.883    32.9489    25.5836 0.0000e+00
 203.963384     15.000  34.768575     8.4498     3.5698     14.875    33.0197    25.6524 0.0000e+00
 203.963401     16.000  34.722722     8.3168     3.6270     15.866    33.0957    25.7319 0.0000e+00
 203.963420     17.000  34.630085     8.2019     3.6329     16.857    33.1052    25.7565 0.0000e+00
 203.963441     18.000  34.568384     8.1078     3.6495     17.849    33.1281    25.7884 0.0000e+00
 203.963460     19.000  34.539637     8.0786     3.6247     18.841    33.1247    25.7900 0.0000e+00
 203.963477     20.000  34.525595     8.0495     3.6563     19.832    33.1367    25.8037 0.0000e+00
 203.963494     21.000  34.456632     7.9974     3.6832     20.824    33.1120    25.7920 0.0000e+00
 203.963513     22.000  34.403236     7.9224     3.6519     21.815    33.1256    25.8136 0.0000e+00
 203.963532     23.000  34.334957     7.8139     3.6723     22.807    33.1550    25.8523 0.0000e+00
 203.963552     24.000  34.222174     7.6589     3.6241     23.798    33.1810    25.8949 0.0000e+00
 203.963572     25.000  34.170430     7.5387     3.5895     24.790    33.2397    25.9581 0.0000e+00
 203.963590     26.000  34.086879     7.3952     3.5622     25.781    33.2864    26.0150 0.0000e+00
 203.963607     27.000  34.023828     7.3351     3.4233     26.773    33.2753    26.0147 0.0000e+00
 203.963625     28.000  34.033269     7.3303     3.2783     27.764    33.2897    26.0266 0.0000e+00
 203.963644     29.000  34.066717     7.3416     3.1325     28.756    33.3147    26.0447 0.0000e+00
 203.963665     30.000  34.106617     7.3614     2.7811     29.747    33.3384    26.0607 0.0000e+00
 203.963685     31.000  34.166851     7.3871     2.6807     30.739    33.3785    26.0886 0.0000e+00
 203.963703     32.000  34.214652     7.4045     2.6671     31.731    33.4131    26.1134 0.0000e+00
 203.963723     33.000  34.230204     7.4036     2.1996     32.722    33.4304    26.1272 0.0000e+00
 203.963743     34.000  34.274235     7.4171     1.5476     33.713    33.4646    26.1522 0.0000e+00
 203.963762     35.000  34.386077     7.4588     1.5013     34.705    33.5450    26.2096 0.0000e+00
 203.963783     36.000  34.450670     7.4790     1.5734     35.696    33.5949    26.2460 0.0000e+00
 203.963804     37.000  34.464248     7.4736     1.6242     36.688    33.6144    26.2621 0.0000e+00
 203.963824     38.000  34.474653     7.4684     1.6746     37.679    33.6303    26.2753 0.0000e+00
 203.963847     39.000  34.478974     7.4684     1.6642     38.671    33.6344    26.2786 0.0000e+00
 203.963867     40.000  34.479037     7.4620     1.6865     39.662    33.6403    26.2841 0.0000e+00
 203.963885     41.000  34.481487     7.4560     1.6797     40.654    33.6482    26.2912 0.0000e+00
 203.963904     42.000  34.483789     7.4540     1.6734     41.645    33.6522    26.2947 0.0000e+00
 203.963927     43.000  34.484015     7.4525     1.6677     42.637    33.6534    26.2959 0.0000e+00
 203.963948     44.000  34.486019     7.4503     1.6481     43.628    33.6573    26.2992 0.0000e+00
 203.963968     45.000  34.487133     7.4499     1.6636     44.620    33.6583    26.3001 0.0000e+00
 203.963986     46.000  34.488294     7.4500     1.6460     45.611    33.6590    26.3007 0.0000e+00
 203.964005     47.000  34.489358     7.4499     1.6353     46.602    33.6598    26.3013 0.0000e+00
 203.964029     48.000  34.490578     7.4516     1.6356     47.594    33.6590    26.3004 0.0000e+00
 203.964058     49.000  34.492155     7.4522     1.6023     48.585    33.6596    26.3008 0.0000e+00
