data/oxygen options/OCNMS/OCNMS1/raw_data/2014/CAST_KL015_140624faed.cnv
* Sea-Bird SBE19 Data File:
* FileName = C:\2014 Mooring Data\CAST_KL015_140624.hex
* Software Version 1.59
* Temperature SN = 2997
* Conductivity SN = 2997
* System UpLoad Time = Jun 25 2014 00:08:09
** CAST_KL015_140624
* ds
# nquan = 9                                 
# nvalues = 23609                       
# units = specified
# name 0 = timeJ: Julian Days
# name 1 = prSM: Pressure, Strain Gauge [db]
# name 2 = c0mS/cm: Conductivity [mS/cm]
# name 3 = t090C: Temperature [ITS-90, deg C]
# name 4 = sbeox0ML/L: Oxygen, SBE 43 [ml/l]
# name 5 = depSM: Depth [salt water, m], lat = 47.5
# name 6 = sal00: Salinity, Practical [PSU]
# name 7 = sigma-é00: Density [sigma-theta, kg/m^3]
# name 8 = flag: flag
# span 0 = 175.864769, 176.001389       
# span 1 =     -5.842,     16.493       
# span 2 =   0.138259,  38.245103       
# span 3 =     8.7658,    17.0481       
# span 4 =    -1.7441,    15.7246       
# span 5 =     -5.793,     16.355       
# span 6 =     0.0826,    33.1324       
# span 7 =    -1.1408,    25.6889       
# span 8 = 0.0000e+00, 0.0000e+00       
# interval = seconds: 0.5
# start_time = Jun 24 2014 20:45:16 [Instrument's time stamp, header]
# bad_flag = -9.990e-29
*END*
[from data line 23041]
 175.998108      0.275   0.151679    14.9768     6.3250      0.273     0.0906    -0.8251 -9.990e-29
 175.998113      0.275   0.151680    14.9696     6.3255      0.273     0.0906    -0.8240 -9.990e-29
 175.998119      0.274   0.151681    14.9588     6.3249      0.272     0.0906    -0.8224 -9.990e-29
 175.998125      0.274   0.151682    14.9464     6.3249      0.272     0.0906    -0.8205 -9.990e-29
 175.998131      0.274   0.151682    14.9343     6.3255      0.272     0.0907    -0.8187 -9.990e-29
 175.998137      0.274   0.151682    14.9233     6.3264      0.272     0.0907    -0.8170 -9.990e-29
 175.998142      0.273   0.151682    14.9138     6.3273      0.271     0.0907    -0.8156 -9.990e-29
 175.998148      0.273   0.151681    14.9058     6.3190      0.271     0.0907    -0.8143 -9.990e-29
 175.998154      0.272   0.151681    14.8995     6.3173      0.270     0.0907    -0.8134 -9.990e-29
 175.998160      0.271   0.151681    14.8952     6.3255      0.269     0.0907    -0.8127 -9.990e-29
 175.998166      0.270   0.151680    14.8932     6.3218      0.268     0.0907    -0.8124 -9.990e-29
 175.998171      0.269   0.151680    14.8928     6.3315      0.267     0.0907    -0.8124 -9.990e-29
 175.998177      0.267   0.151680    14.8917     6.3227      0.265     0.0907    -0.8122 -9.990e-29
 175.998183      0.265   0.151679    14.8883     6.3186      0.263     0.0907    -0.8117 -9.990e-29
 175.998189      0.263   0.151679    14.8834     6.3209      0.261     0.0908    -0.8110 -9.990e-29
 175.998194      0.259   0.151679    14.8793     6.3204      0.257     0.0908    -0.8103 -9.990e-29
 175.998200      0.254   0.151679    14.8769     6.3247      0.252     0.0908    -0.8100 -9.990e-29
 175.998206      0.248   0.151678    14.8754     6.3247      0.246     0.0908    -0.8098 -9.990e-29
 175.998212      0.245   0.151678    14.8743     6.3250      0.243     0.0908    -0.8096 -9.990e-29
 175.998218      0.248   0.151678    14.8740     6.3244      0.246     0.0908    -0.8095 -9.990e-29
 175.998223      0.254   0.151677    14.8752     6.3234      0.252     0.0908    -0.8097 -9.990e-29
 175.998229      0.259   0.151677    14.8772     6.3224      0.257     0.0908    -0.8100 -9.990e-29
 175.998235      0.262   0.151677    14.8776     6.3212      0.260     0.0908    -0.8101 -9.990e-29
 175.998241      0.265   0.151676    14.8748     6.3202      0.263     0.0908    -0.8097 -9.990e-29
 175.998247      0.267   0.151676    14.8701     6.3197      0.265     0.0908    -0.8090 -9.990e-29
 175.998252      0.269   0.151676    14.8666     6.3189      0.267     0.0908    -0.8084 -9.990e-29
 175.998258      0.270   0.151675    14.8653     6.3176      0.268     0.0908    -0.8082 -9.990e-29
 175.998264      0.271   0.151675    14.8660     6.3166      0.269     0.0908    -0.8083 -9.990e-29
 175.998270      0.272   0.151675    14.8694     6.3164      0.270     0.0908    -0.8088 -9.990e-29
 175.998275      0.273   0.151675    14.8753     6.3163      0.271     0.0908    -0.8097 -9.990e-29
 175.998281      0.273   0.151674    14.8825     6.3247      0.271     0.0908    -0.8108 -9.990e-29
 175.998287      0.274   0.151674    14.8902     6.3194      0.272     0.0907    -0.8120 -9.990e-29
 175.998293      0.274   0.151674    14.8972     6.3181      0.272     0.0907    -0.8130 -9.990e-29
 175.998299      0.274   0.151673    14.9033     6.3168      0.272     0.0907    -0.8140 -9.990e-29
 175.998304      0.274   0.151673    14.9098     6.3159      0.272     0.0907    -0.8150 -9.990e-29
 175.998310      0.275   0.151673    14.9167     6.3203      0.273     0.0907    -0.8160 -9.990e-29
 175.998316      0.275   0.151672    14.9222     6.3212      0.273     0.0907    -0.8168 -9.990e-29
 175.998322      0.275   0.151670    14.9251     6.3222      0.273     0.0907    -0.8173 -9.990e-29
 175.998328      0.275   0.151666    14.9254     6.3227      0.273     0.0907    -0.8173 -9.990e-29
 175.998333      0.275   0.151655    14.9232     6.3312      0.273     0.0907    -0.8170 -9.990e-29
 175.998339      0.275   0.151623    14.9191     6.3258      0.273     0.0907    -0.8164 -9.990e-29
 175.998345      0.275   0.151527    14.9142     6.3236      0.273     0.0906    -0.8157 -9.990e-29
 175.998351      0.275   0.151238    14.9086     6.3203      0.273     0.0904    -0.8150 -9.990e-29
 175.998356      0.275   0.150929    14.9027     6.3166      0.273     0.0903    -0.8142 -9.990e-29
 175.998362      0.275   0.150743    14.8970     6.3195      0.273     0.0902    -0.8134 -9.990e-29
 175.998368      0.275   0.150434    14.8911     6.3283      0.273     0.0900    -0.8127 -9.990e-29
 175.998374      0.275   0.150146    14.8854     6.3224      0.273     0.0898    -0.8120 -9.990e-29
 175.998380      0.275   0.150050    14.8809     6.3203      0.273     0.0898    -0.8113 -9.990e-29
 175.998385      0.275   0.150018    14.8775     6.3180      0.273     0.0898    -0.8108 -9.990e-29
 175.998391      0.275   0.150007    14.8760     6.3159      0.273     0.0898    -0.8106 -9.990e-29
 175.998397      0.275   0.150003    14.8783     6.3195      0.273     0.0898    -0.8110 -9.990e-29
 175.998403      0.274   0.150001    14.8848     6.3260      0.272     0.0898    -0.8119 -9.990e-29
 175.998409      0.274   0.150000    14.8927     6.3197      0.272     0.0898    -0.8131 -9.990e-29
 175.998414      0.274   0.150000    14.8978     6.3201      0.272     0.0897    -0.8139 -9.990e-29
 175.998420      0.274   0.149999    14.8987     6.3201      0.272     0.0897    -0.8140 -9.990e-29
 175.998426      0.274   0.149999    14.8984     6.3283      0.272     0.0897    -0.8140 -9.990e-29
 175.998432      0.273   0.149999    14.8991     6.3269      0.271     0.0897    -0.8141 -9.990e-29
 175.998437      0.273   0.149999    14.9006     6.3255      0.271     0.0897    -0.8143 -9.990e-29
 175.998443      0.272   0.149998    14.9028     6.3316      0.270     0.0897    -0.8147 -9.990e-29
 175.998449      0.271   0.149998    14.9062     6.3240      0.269     0.0897    -0.8152 -9.990e-29
 175.998455      0.270   0.149998    14.9093     6.3331      0.268     0.0897    -0.8156 -9.990e-29
 175.998461      0.268   0.149997    14.9072     6.3243      0.266     0.0897    -0.8153 -9.990e-29
 175.998466      0.266   0.149997    14.8979     6.3194      0.264     0.0897    -0.8139 -9.990e-29
 175.998472      0.264   0.149997    14.8853     6.3203      0.262     0.0898    -0.8120 -9.990e-29
 175.998478      0.261   0.149996    14.8739     6.3256      0.259     0.0898    -0.8103 -9.990e-29
 175.998484      0.257   0.149996    14.8660     6.3228      0.255     0.0898    -0.8091 -9.990e-29
 175.998490      0.252   0.149996    14.8613     6.3277      0.250     0.0898    -0.8084 -9.990e-29
 175.998495      0.245   0.149995    14.8591     6.3272      0.243     0.0898    -0.8081 -9.990e-29
 175.998501      0.241   0.149995    14.8597     6.3161      0.239     0.0898    -0.8082 -9.990e-29
 175.998507      0.243   0.149995    14.8633     6.3230      0.241     0.0898    -0.8087 -9.990e-29
 175.998513      0.247   0.149995    14.8688     6.3202      0.245     0.0898    -0.8095 -9.990e-29
 175.998519      0.249   0.149994    14.8753     6.3218      0.247     0.0898    -0.8105 -9.990e-29
 175.998524      0.250   0.149994    14.8821     6.3155      0.248     0.0898    -0.8115 -9.990e-29
 175.998530      0.249   0.149994    14.8886     6.3084      0.247     0.0898    -0.8125 -9.990e-29
 175.998536      0.247   0.149993    14.8949     6.3074      0.245     0.0897    -0.8135 -9.990e-29
 175.998542      0.243   0.149993    14.9012     6.3083      0.241     0.0897    -0.8144 -9.990e-29
 175.998547      0.241   0.149993    14.9078     6.3111      0.239     0.0897    -0.8154 -9.990e-29
 175.998553      0.245   0.149992    14.9150     6.3106      0.243     0.0897    -0.8165 -9.990e-29
 175.998559      0.252   0.149992    14.9221     6.3099      0.250     0.0897    -0.8176 -9.990e-29
 175.998565      0.257   0.149992    14.9280     6.3175      0.255     0.0897    -0.8185 -9.990e-29
 175.998571      0.261   0.149991    14.9326     6.3185      0.259     0.0897    -0.8192 -9.990e-29
 175.998576      0.264   0.149991    14.9374     6.3095      0.262     0.0897    -0.8199 -9.990e-29
 175.998582      0.267   0.149991    14.9438     6.3047      0.265     0.0896    -0.8209 -9.990e-29
 175.998588      0.268   0.149990    14.9513     6.2999      0.266     0.0896    -0.8220 -9.990e-29
 175.998594      0.270   0.149990    14.9589     6.3015      0.268     0.0896    -0.8232 -9.990e-29
 175.998600      0.271   0.149990    14.9658     6.3130      0.269     0.0896    -0.8242 -9.990e-29
 175.998605      0.272   0.149989    14.9716     6.3067      0.270     0.0896    -0.8251 -9.990e-29
 175.998611      0.272   0.149989    14.9767     6.3044      0.270     0.0896    -0.8259 -9.990e-29
 175.998617      0.273   0.149989    14.9820     6.3022      0.271     0.0896    -0.8267 -9.990e-29
 175.998623      0.273   0.149989    14.9880     6.2999      0.271     0.0896    -0.8276 -9.990e-29
 175.998628      0.274   0.149988    14.9945     6.3036      0.272     0.0896    -0.8286 -9.990e-29
 175.998634      0.274   0.149988    15.0008     6.3034      0.272     0.0895    -0.8296 -9.990e-29
 175.998640      0.274   0.149987    15.0061     6.3032      0.272     0.0895    -0.8304 -9.990e-29
 175.998646      0.274   0.149986    15.0102     6.3115      0.272     0.0895    -0.8310 -9.990e-29
 175.998652      0.274   0.149982    15.0134     6.3057      0.272     0.0895    -0.8315 -9.990e-29
 175.998657      0.274   0.149971    15.0160     6.3124      0.272     0.0895    -0.8319 -9.990e-29
 175.998663      0.274   0.149938    15.0184     6.3046      0.272     0.0895    -0.8323 -9.990e-29
 175.998669      0.273   0.149842    15.0206     6.3002      0.271     0.0894    -0.8326 -9.990e-29
 175.998675      0.273   0.149553    15.0227     6.3097      0.271     0.0892    -0.8331 -9.990e-29
 175.998681      0.272   0.149244    15.0245     6.3089      0.270     0.0891    -0.8335 -9.990e-29
 175.998686      0.271   0.149059    15.0259     6.3044      0.269     0.0889    -0.8338 -9.990e-29
 175.998692      0.270   0.148750    15.0263     6.3084      0.268     0.0888    -0.8340 -9.990e-29
 175.998698      0.269   0.148461    15.0253     6.2984      0.267     0.0886    -0.8340 -9.990e-29
 175.998704      0.268   0.148365    15.0234     6.2981      0.266     0.0885    -0.8337 -9.990e-29
 175.998709      0.265   0.148333    15.0214     6.3073      0.263     0.0885    -0.8335 -9.990e-29
 175.998715      0.263   0.148322    15.0208     6.3067      0.261     0.0885    -0.8334 -9.990e-29
 175.998721      0.259   0.148318    15.0224     6.3101      0.257     0.0885    -0.8336 -9.990e-29
 175.998727      0.255   0.148316    15.0255     6.3072      0.253     0.0885    -0.8341 -9.990e-29
 175.998733      0.249   0.148315    15.0290     6.2954      0.247     0.0885    -0.8346 -9.990e-29
 175.998738      0.246   0.148315    15.0321     6.2943      0.244     0.0885    -0.8351 -9.990e-29
 175.998744      0.249   0.148315    15.0342     6.2950      0.247     0.0885    -0.8354 -9.990e-29
 175.998750      0.255   0.148314    15.0361     6.2973      0.253     0.0885    -0.8357 -9.990e-29
 175.998756      0.260   0.148314    15.0391     6.3085      0.258     0.0885    -0.8362 -9.990e-29
 175.998762      0.263   0.148314    15.0432     6.3101      0.261     0.0885    -0.8368 -9.990e-29
 175.998767      0.267   0.148313    15.0475     6.3095      0.265     0.0885    -0.8375 -9.990e-29
 175.998773      0.269   0.148313    15.0515     6.2990      0.267     0.0885    -0.8381 -9.990e-29
 175.998779      0.271   0.148313    15.0544     6.2925      0.269     0.0885    -0.8385 -9.990e-29
 175.998785      0.273   0.148313    15.0544     6.3003      0.271     0.0885    -0.8385 -9.990e-29
 175.998791      0.275   0.148312    15.0516     6.2960      0.273     0.0885    -0.8381 -9.990e-29
 175.998796      0.277   0.148312    15.0487     6.2984      0.275     0.0885    -0.8376 -9.990e-29
 175.998802      0.279   0.148312    15.0477     6.2978      0.277     0.0885    -0.8375 -9.990e-29
 175.998808      0.277   0.148311    15.0490     6.2973      0.275     0.0885    -0.8377 -9.990e-29
 175.998814      0.270   0.148311    15.0521     6.3027      0.268     0.0885    -0.8382 -9.990e-29
 175.998819      0.268   0.148311    15.0559     6.3048      0.266     0.0885    -0.8387 -9.990e-29
 175.998825      0.270   0.148311    15.0598     6.3144      0.268     0.0884    -0.8393 -9.990e-29
 175.998831      0.271   0.148311    15.0630     6.3084      0.269     0.0884    -0.8398 -9.990e-29
 175.998837      0.272   0.148311    15.0648     6.3058      0.270     0.0884    -0.8401 -9.990e-29
 175.998843      0.273   0.148311    15.0643     6.3033      0.271     0.0884    -0.8400 -9.990e-29
 175.998848      0.273   0.148311    15.0602     6.3092      0.271     0.0884    -0.8394 -9.990e-29
 175.998854      0.274   0.148311    15.0524     6.3064      0.272     0.0885    -0.8382 -9.990e-29
 175.998860      0.274   0.148311    15.0423     6.3037      0.272     0.0885    -0.8367 -9.990e-29
 175.998866      0.274   0.148311    15.0309     6.3011      0.272     0.0885    -0.8349 -9.990e-29
 175.998872      0.274   0.148311    15.0194     6.2982      0.272     0.0885    -0.8332 -9.990e-29
 175.998877      0.274   0.148311    15.0111     6.3011      0.272     0.0885    -0.8319 -9.990e-29
 175.998883      0.275   0.148311    15.0080     6.3000      0.273     0.0885    -0.8314 -9.990e-29
 175.998889      0.275   0.148312    15.0092     6.2991      0.273     0.0885    -0.8316 -9.990e-29
 175.998895      0.275   0.148312    15.0121     6.2985      0.273     0.0885    -0.8320 -9.990e-29
 175.998900      0.275   0.148312    15.0155     6.2993      0.273     0.0885    -0.8326 -9.990e-29
 175.998906      0.275   0.148312    15.0196     6.3078      0.273     0.0885    -0.8332 -9.990e-29
 175.998912      0.275   0.148312    15.0246     6.3023      0.273     0.0885    -0.8340 -9.990e-29
 175.998918      0.275   0.148312    15.0304     6.3005      0.273     0.0885    -0.8348 -9.990e-29
 175.998924      0.275   0.148312    15.0370     6.2985      0.273     0.0885    -0.8358 -9.990e-29
 175.998929      0.275   0.148312    15.0442     6.3046      0.273     0.0885    -0.8369 -9.990e-29
 175.998935      0.275   0.148312    15.0511     6.3101      0.273     0.0885    -0.8380 -9.990e-29
 175.998941      0.275   0.148312    15.0564     6.3099      0.273     0.0885    -0.8388 -9.990e-29
 175.998947      0.275   0.148312    15.0585     6.3071      0.273     0.0885    -0.8391 -9.990e-29
 175.998953      0.275   0.148313    15.0571     6.3023      0.273     0.0885    -0.8389 -9.990e-29
 175.998958      0.275   0.148313    15.0541     6.3013      0.273     0.0885    -0.8385 -9.990e-29
 175.998964      0.275   0.148313    15.0514     6.3006      0.273     0.0885    -0.8380 -9.990e-29
 175.998970      0.275   0.148312    15.0499     6.3003      0.273     0.0885    -0.8378 -9.990e-29
 175.998976      0.275   0.148311    15.0496     6.3008      0.273     0.0885    -0.8378 -9.990e-29
 175.998981      0.275   0.148306    15.0504     6.2930      0.273     0.0885    -0.8379 -9.990e-29
 175.998987      0.275   0.148293    15.0523     6.2911      0.273     0.0885    -0.8382 -9.990e-29
 175.998993      0.275   0.148254    15.0556     6.2990      0.273     0.0884    -0.8387 -9.990e-29
 175.998999      0.275   0.148135    15.0606     6.2946      0.273     0.0883    -0.8395 -9.990e-29
 175.999005      0.275   0.147778    15.0666     6.3050      0.273     0.0881    -0.8406 -9.990e-29
 175.999010      0.275   0.147263    15.0724     6.2971      0.273     0.0878    -0.8417 -9.990e-29
 175.999016      0.275   0.147016    15.0766     6.2938      0.273     0.0877    -0.8425 -9.990e-29
 175.999022      0.275   0.147262    15.0784     6.3037      0.273     0.0878    -0.8427 -9.990e-29
