data/oxygen options/OCNMS/OCNMS1/raw_data/2014/CAST_CE015_141006faed.cnv
* Sea-Bird SBE19 Data File:
* FileName = C:\2014 Mooring Data\Casts\CAST_CE015_141006.hex
* Software Version 1.59
* Temperature SN = 2997
* Conductivity SN = 2997
* System UpLoad Time = Oct 06 2014 20:36:26
** CAST_CE015_141006
* ds
# nquan = 9                                 
# nvalues = 850                         
# units = specified
# name 0 = timeJ: Julian Days
# name 1 = prSM: Pressure, Strain Gauge [db]
# name 2 = c0mS/cm: Conductivity [mS/cm]
# name 3 = t090C: Temperature [ITS-90, deg C]
# name 4 = sbeox0ML/L: Oxygen, SBE 43 [ml/l]
# name 5 = depSM: Depth [salt water, m], lat = 47.5
# name 6 = sal00: Salinity, Practical [PSU]
# name 7 = sigma-é00: Density [sigma-theta, kg/m^3]
# name 8 = flag: flag
# span 0 = 279.836921, 279.841834       
# span 1 =     -5.626,     16.447       
# span 2 =   0.382097,  38.973206       
# span 3 =    13.4784,    18.9635       
# span 4 =    -1.6673,    15.3873       
# span 5 =     -5.579,     16.309       
# span 6 =     0.2111,    31.9393       
# span 7 =    -1.3787,    23.9275       
# span 8 = 0.0000e+00, 0.0000e+00       
# interval = seconds: 0.5
# start_time = Oct 06 2014 20:05:10 [Instrument's time stamp, header]
# bad_flag = -9.990e-29
*END*
 279.836921     -5.626 -9.990e-29    18.6006    -1.6640     -5.579 -9.990e-29 -9.990e-29 -9.990e-29
 279.836927     -5.619   0.382102    18.5845    -1.6638     -5.572     0.2111    -1.3511 -9.990e-29
 279.836933     -5.610   0.382102    18.5765    -1.6639     -5.563     0.2111    -1.3496 -9.990e-29
 279.836939     -5.598   0.382102    18.5744    -1.6638     -5.551     0.2111    -1.3492 -9.990e-29
 279.836944     -5.582   0.382102    18.5743    -1.6637     -5.535     0.2111    -1.3491 -9.990e-29
 279.836950     -5.562   0.382102    18.5742    -1.6635     -5.516     0.2111    -1.3491 -9.990e-29
 279.836956     -5.537   0.382102    18.5723    -1.6636     -5.491     0.2111    -1.3487 -9.990e-29
 279.836962     -5.508   0.382101    18.5667    -1.6638     -5.462     0.2112    -1.3477 -9.990e-29
 279.836968     -5.483   0.382100    18.5576    -1.6643     -5.437     0.2112    -1.3459 -9.990e-29
 279.836973     -5.460   0.382100    18.5501    -1.6644     -5.415     0.2112    -1.3444 -9.990e-29
 279.836979     -5.434   0.382099    18.5476    -1.6641     -5.389     0.2113    -1.3439 -9.990e-29
 279.836985     -5.407   0.382098    18.5479    -1.6637     -5.362     0.2113    -1.3440 -9.990e-29
 279.836991     -5.381   0.382098    18.5496    -1.6632     -5.336     0.2112    -1.3443 -9.990e-29
 279.836997     -5.355   0.382097    18.5522    -1.6627     -5.310     0.2112    -1.3448 -9.990e-29
 279.837002     -5.327   0.382097    18.5537    -1.6629     -5.283     0.2112    -1.3451 -9.990e-29
 279.837008     -5.296   0.382097    18.5521    -1.6633     -5.252     0.2112    -1.3448 -9.990e-29
 279.837014     -5.259   0.382099    18.5471    -1.6637     -5.215     0.2113    -1.3438 -9.990e-29
 279.837020     -5.219   0.382108    18.5414    -1.6636     -5.176     0.2113    -1.3427 -9.990e-29
 279.837025     -5.182   0.382134    18.5400    -1.6638     -5.139     0.2113    -1.3424 -9.990e-29
 279.837031     -5.148   0.382216    18.5454    -1.6645     -5.105     0.2113    -1.3434 -9.990e-29
 279.837037     -5.117   0.382463    18.5557    -1.6644     -5.074     0.2114    -1.3453 -9.990e-29
 279.837043     -5.086   0.382648    18.5669    -1.6642     -5.044     0.2115    -1.3474 -9.990e-29
 279.837049     -5.054   0.382462    18.5743    -1.6639     -5.012     0.2113    -1.3490 -9.990e-29
 279.837054     -5.018   0.382214    18.5743    -1.6641     -4.976     0.2112    -1.3491 -9.990e-29
 279.837060     -4.980   0.382133    18.5678    -1.6645     -4.938     0.2112    -1.3478 -9.990e-29
 279.837066     -4.946   0.382109    18.5603    -1.6652     -4.905     0.2112    -1.3464 -9.990e-29
 279.837072     -4.919   0.382113    18.5548    -1.6655     -4.878     0.2112    -1.3453 -9.990e-29
 279.837078     -4.897   0.382149    18.5477    -1.6654     -4.856     0.2113    -1.3439 -9.990e-29
 279.837083     -4.878   0.382268    18.5399    -1.6650     -4.837     0.2114    -1.3423 -9.990e-29
 279.837089     -4.861   0.382628    18.5373    -1.6645     -4.820     0.2116    -1.3417 -9.990e-29
 279.837095     -4.846   0.383156    18.5397    -1.6642     -4.806     0.2119    -1.3419 -9.990e-29
 279.837101     -4.830   0.383444    18.5412    -1.6644     -4.790     0.2120    -1.3421 -9.990e-29
 279.837106     -4.814   0.383320    18.5371    -1.6649     -4.774     0.2120    -1.3413 -9.990e-29
 279.837112     -4.796   0.383175    18.5268    -1.6650     -4.756     0.2120    -1.3394 -9.990e-29
 279.837118     -4.775   0.383373    18.5150    -1.6647     -4.735     0.2121    -1.3370 -9.990e-29
 279.837124     -4.749   0.383625    18.5084    -1.6648     -4.709     0.2123    -1.3356 -9.990e-29
 279.837130     -4.717   0.383709    18.5099    -1.6655     -4.678     0.2123    -1.3359 -9.990e-29
 279.837135     -4.682   0.383741    18.5176    -1.6661     -4.643     0.2123    -1.3374 -9.990e-29
 279.837141     -4.649   0.383764    18.5269    -1.6667     -4.610     0.2123    -1.3392 -9.990e-29
 279.837147     -4.620   0.383807    18.5321    -1.6670     -4.581     0.2123    -1.3402 -9.990e-29
 279.837153     -4.595   0.383931    18.5300    -1.6673     -4.557     0.2124    -1.3397 -9.990e-29
 279.837159     -4.571   0.384302    18.5239    -1.6672     -4.533     0.2126    -1.3383 -9.990e-29
 279.837164     -4.547   0.384857    18.5201    -1.6673     -4.509     0.2129    -1.3374 -9.990e-29
 279.837170     -4.521   0.385226    18.5183    -1.6669     -4.483     0.2132    -1.3368 -9.990e-29
 279.837176     -4.492   0.385349    18.5123    -1.6668     -4.455     0.2133    -1.3356 -9.990e-29
 279.837182     -4.458   0.385390    18.5000    -1.6666     -4.421     0.2133    -1.3332 -9.990e-29
 279.837188     -4.420   0.385404    18.4846    -1.6669     -4.383     0.2134    -1.3302 -9.990e-29
 279.837193     -4.386   0.385409    18.4703    -1.6670     -4.349     0.2135    -1.3274 -9.990e-29
 279.837199     -4.356   0.385415    18.4592    -1.6668     -4.320     0.2135    -1.3253 -9.990e-29
 279.837205     -4.330   0.385428    18.4526    -1.6664     -4.294     0.2136    -1.3240 -9.990e-29
 279.837211     -4.306   0.385469    18.4506    -1.6660     -4.270     0.2136    -1.3236 -9.990e-29
 279.837216     -4.281   0.385592    18.4521    -1.6658     -4.245     0.2137    -1.3238 -9.990e-29
 279.837222     -4.255   0.385962    18.4563    -1.6659     -4.220     0.2139    -1.3245 -9.990e-29
 279.837228     -4.226   0.386517    18.4607    -1.6661     -4.191     0.2142    -1.3251 -9.990e-29
 279.837234     -4.196   0.386887    18.4623    -1.6660     -4.161     0.2144    -1.3252 -9.990e-29
 279.837240     -4.168   0.387010    18.4617    -1.6660     -4.133     0.2144    -1.3251 -9.990e-29
 279.837245     -4.140   0.387051    18.4625    -1.6656     -4.105     0.2145    -1.3252 -9.990e-29
 279.837251     -4.114   0.387064    18.4676    -1.6652     -4.080     0.2144    -1.3262 -9.990e-29
 279.837257     -4.092   0.387070    18.4759    -1.6646     -4.058     0.2144    -1.3278 -9.990e-29
 279.837263     -4.075   0.387075    18.4838    -1.6644     -4.041     0.2144    -1.3293 -9.990e-29
 279.837269     -4.060   0.387088    18.4881    -1.6640     -4.026     0.2143    -1.3302 -9.990e-29
 279.837274     -4.046   0.387129    18.4886    -1.6634     -4.012     0.2144    -1.3302 -9.990e-29
 279.837280     -4.033   0.387252    18.4878    -1.6628     -3.999     0.2144    -1.3300 -9.990e-29
 279.837286     -4.020   0.387622    18.4888    -1.6624     -3.986     0.2146    -1.3301 -9.990e-29
 279.837292     -4.006   0.388177    18.4934    -1.6619     -3.973     0.2149    -1.3307 -9.990e-29
 279.837297     -3.990   0.388547    18.5026    -1.6616     -3.957     0.2151    -1.3323 -9.990e-29
 279.837303     -3.971   0.388670    18.5151    -1.6615     -3.938     0.2151    -1.3347 -9.990e-29
 279.837309     -3.947   0.388711    18.5281    -1.6615     -3.914     0.2151    -1.3372 -9.990e-29
 279.837315     -3.918   0.388725    18.5409    -1.6612     -3.885     0.2150    -1.3397 -9.990e-29
 279.837321     -3.886   0.388730    18.5546    -1.6608     -3.854     0.2150    -1.3424 -9.990e-29
 279.837326     -3.858   0.388735    18.5703    -1.6604     -3.826     0.2149    -1.3455 -9.990e-29
 279.837332     -3.831   0.388749    18.5864    -1.6605     -3.799     0.2148    -1.3486 -9.990e-29
 279.837338     -3.799   0.388789    18.6012    -1.6612     -3.767     0.2148    -1.3515 -9.990e-29
 279.837344     -3.765   0.388910    18.6139    -1.6618     -3.734     0.2148    -1.3539 -9.990e-29
 279.837350     -3.732   0.389276    18.6234    -1.6619     -3.701     0.2149    -1.3556 -9.990e-29
 279.837355     -3.696   0.389819    18.6298    11.5259     -3.665     0.2152    -1.3566 -9.990e-29
 279.837361     -3.659   0.390153    18.6354    15.1995     -3.628     0.2154    -1.3576 -9.990e-29
 279.837367     -3.629   0.390166    18.6426    15.3873     -3.599     0.2153    -1.3590 -9.990e-29
 279.837373     -3.608   0.389877    18.6507    12.4490     -3.578     0.2151    -1.3607 -9.990e-29
 279.837378     -3.589   0.389457    18.6556     6.4212     -3.559     0.2149    -1.3618 -9.990e-29
 279.837384     -3.567   0.389461    18.6525     6.0898     -3.537     0.2149    -1.3612 -9.990e-29
 279.837390     -3.546   0.389894    18.6421     6.0876     -3.516     0.2152    -1.3590 -9.990e-29
 279.837396     -3.527   0.390224    18.6320     6.0941     -3.498     0.2154    -1.3569 -9.990e-29
 279.837402     -3.511   0.390333    18.6290     6.0909     -3.482     0.2155    -1.3562 -9.990e-29
 279.837407     -3.496   0.390369    18.6328     6.0845     -3.467     0.2155    -1.3570 -9.990e-29
 279.837413     -3.480   0.390381    18.6389     6.0808     -3.451     0.2155    -1.3582 -9.990e-29
 279.837419     -3.463   0.390385    18.6448     6.0815     -3.434     0.2154    -1.3593 -9.990e-29
 279.837425     -3.444   0.390386    18.6503     6.0826     -3.415     0.2154    -1.3604 -9.990e-29
 279.837431     -3.426   0.390387    18.6565     6.0822     -3.397     0.2154    -1.3616 -9.990e-29
 279.837436     -3.412   0.390391    18.6649     6.0817     -3.384     0.2154    -1.3633 -9.990e-29
 279.837442     -3.397   0.390404    18.6755     6.0826     -3.369     0.2153    -1.3653 -9.990e-29
 279.837448     -3.376   0.390444    18.6872     6.0846     -3.348     0.2153    -1.3676 -9.990e-29
 279.837454     -3.351   0.390567    18.6992     6.0798     -3.323     0.2153    -1.3699 -9.990e-29
 279.837459     -3.330   0.390937    18.7090     6.0851     -3.302     0.2154    -1.3717 -9.990e-29
 279.837465     -3.315   0.391492    18.7135     6.0857     -3.287     0.2157    -1.3723 -9.990e-29
 279.837471     -3.302   0.391862    18.7126     6.0863     -3.274     0.2159    -1.3720 -9.990e-29
 279.837477     -3.285   0.391985    18.7101     6.0873     -3.258     0.2160    -1.3714 -9.990e-29
 279.837483     -3.267   0.392026    18.7089     6.0913     -3.240     0.2161    -1.3712 -9.990e-29
 279.837488     -3.252   0.392039    18.7070     6.0854     -3.225     0.2161    -1.3708 -9.990e-29
 279.837494     -3.238   0.392043    18.7005     6.0849     -3.211     0.2161    -1.3695 -9.990e-29
 279.837500     -3.226   0.392044    18.6899     6.0860     -3.199     0.2162    -1.3674 -9.990e-29
 279.837506     -3.213   0.392045    18.6807     6.0930     -3.186     0.2162    -1.3656 -9.990e-29
 279.837512     -3.199   0.392050    18.6779     6.0988     -3.172     0.2162    -1.3651 -9.990e-29
 279.837517     -3.183   0.392065    18.6812     6.0993     -3.156     0.2162    -1.3657 -9.990e-29
 279.837523     -3.165   0.392110    18.6860     6.0904     -3.139     0.2162    -1.3666 -9.990e-29
 279.837529     -3.147   0.392247    18.6891     6.0927     -3.121     0.2163    -1.3672 -9.990e-29
 279.837535     -3.132   0.392658    18.6901     6.1015     -3.106     0.2165    -1.3672 -9.990e-29
 279.837541     -3.116   0.393337    18.6881     6.0973     -3.090     0.2169    -1.3665 -9.990e-29
 279.837546     -3.097   0.394079    18.6797     6.0570     -3.071     0.2174    -1.3646 -9.990e-29
 279.837552     -3.082   0.394763    18.6663     5.9814     -3.056     0.2178    -1.3616 -9.990e-29
 279.837558     -3.071   0.395190    18.6537     5.9104     -3.045     0.2181    -1.3590 -9.990e-29
 279.837564     -3.055   0.395374    18.6450     5.8702     -3.030     0.2182    -1.3572 -9.990e-29
 279.837569     -3.031   0.395561    18.6406     5.8663     -3.006     0.2184    -1.3562 -9.990e-29
 279.837575     -3.008   0.396001    18.6394     5.8852     -2.983     0.2186    -1.3558 -9.990e-29
 279.837581     -2.989   0.396725    18.6388     5.9019     -2.964     0.2190    -1.3554 -9.990e-29
 279.837587     -2.971   0.397586    18.6376     5.8746     -2.946     0.2195    -1.3548 -9.990e-29
 279.837593     -2.954   0.398622    18.6355     5.7963     -2.929     0.2201    -1.3539 -9.990e-29
 279.837598     -2.937   0.399550    18.6323     5.7027     -2.913     0.2207    -1.3529 -9.990e-29
 279.837604     -2.919   0.399938    18.6295     5.6230     -2.895     0.2209    -1.3522 -9.990e-29
 279.837610     -2.902   0.399749    18.6264     5.5814     -2.878     0.2208    -1.3517 -9.990e-29
 279.837616     -2.891   0.399287    18.6220     5.5803     -2.867     0.2206    -1.3510 -9.990e-29
 279.837622     -2.879   0.399050    18.6200     5.5909     -2.855     0.2204    -1.3507 -9.990e-29
 279.837627     -2.862   0.399279    18.6223     5.6068     -2.838     0.2206    -1.3511 -9.990e-29
 279.837633     -2.844   0.399723    18.6258     5.6199     -2.820     0.2208    -1.3515 -9.990e-29
 279.837639     -2.831   0.400421    18.6295     5.6358     -2.807     0.2212    -1.3520 -9.990e-29
 279.837645     -2.823   0.401933    18.6361     5.6483     -2.799     0.2220    -1.3526 -9.990e-29
 279.837650     -2.814   0.404052    18.6481     5.6565     -2.791     0.2231    -1.3540 -9.990e-29
 279.837656     -2.805   0.405898    18.6649     5.6583     -2.782     0.2241    -1.3566 -9.990e-29
 279.837662     -2.791   0.407153    18.6805     5.6606     -2.768     0.2247    -1.3591 -9.990e-29
 279.837668     -2.771   0.408006    18.6870     5.6654     -2.748     0.2251    -1.3600 -9.990e-29
 279.837674     -2.751   0.408484    18.6792     5.6628     -2.728     0.2254    -1.3582 -9.990e-29
 279.837679     -2.735   0.408668    18.6599     5.6709     -2.712     0.2256    -1.3544 -9.990e-29
 279.837685     -2.722   0.408803    18.6398     5.6648     -2.699     0.2258    -1.3504 -9.990e-29
 279.837691     -2.711   0.409068    18.6280     5.6714     -2.688     0.2260    -1.3479 -9.990e-29
 279.837697     -2.702   0.409261    18.6251     5.6738     -2.679     0.2262    -1.3473 -9.990e-29
 279.837703     -2.694   0.409082    18.6268     5.6718     -2.672     0.2260    -1.3477 -9.990e-29
 279.837708     -2.686   0.408850    18.6303     5.6728     -2.664     0.2259    -1.3485 -9.990e-29
 279.837714     -2.677   0.408809    18.6337     5.6689     -2.655     0.2259    -1.3492 -9.990e-29
 279.837720     -2.668   0.408905    18.6361     5.6685     -2.646     0.2259    -1.3496 -9.990e-29
 279.837726     -2.657   0.409266    18.6386     5.6770     -2.635     0.2261    -1.3499 -9.990e-29
 279.837731     -2.645   0.409818    18.6423     5.6807     -2.623     0.2264    -1.3504 -9.990e-29
 279.837737     -2.629   0.410185    18.6470     5.6817     -2.607     0.2266    -1.3512 -9.990e-29
 279.837743     -2.610   0.410299    18.6518     5.6731     -2.588     0.2266    -1.3521 -9.990e-29
 279.837749     -2.591   0.410313    18.6564     5.6759     -2.569     0.2266    -1.3530 -9.990e-29
 279.837755     -2.573   0.410244    18.6613     5.6724     -2.552     0.2265    -1.3540 -9.990e-29
 279.837760     -2.552   0.410002    18.6662     5.6740     -2.531     0.2264    -1.3550 -9.990e-29
 279.837766     -2.527   0.409818    18.6697     5.6832     -2.506     0.2262    -1.3558 -9.990e-29
 279.837772     -2.505   0.410003    18.6682     5.6764     -2.484     0.2264    -1.3554 -9.990e-29
 279.837778     -2.488   0.410247    18.6598     5.6763     -2.467     0.2265    -1.3537 -9.990e-29
 279.837784     -2.475   0.410320    18.6483     5.6738     -2.454     0.2266    -1.3514 -9.990e-29
 279.837789     -2.466   0.410320    18.6394     5.6783     -2.445     0.2267    -1.3496 -9.990e-29
 279.837795     -2.460   0.410247    18.6332     5.6834     -2.439     0.2267    -1.3484 -9.990e-29
 279.837801     -2.457   0.410004    18.6254     5.6822     -2.437     0.2266    -1.3470 -9.990e-29
 279.837807     -2.452   0.409821    18.6147     5.6806     -2.432     0.2265    -1.3450 -9.990e-29
 279.837812     -2.440   0.410012    18.6047     5.6789     -2.420     0.2267    -1.3430 -9.990e-29
 279.837818     -2.425   0.410274    18.5990     5.6872     -2.405     0.2269    -1.3417 -9.990e-29
 279.837824     -2.411   0.410399    18.5998     5.6899     -2.391     0.2269    -1.3418 -9.990e-29
 279.837830     -2.396   0.410555    18.6060     5.6841     -2.376     0.2270    -1.3430 -9.990e-29
 279.837836     -2.380   0.410950    18.6136     5.6805     -2.360     0.2272    -1.3443 -9.990e-29
 279.837841     -2.361   0.411555    18.6191     5.6769     -2.341     0.2275    -1.3451 -9.990e-29
