data/oxygen options/OCNMS/OCNMS1/raw_data/2014/CAST_MB042_140625faed.cnv
* Sea-Bird SBE19 Data File:
* FileName = C:\2014 Mooring Data\Casts\CAST_MB042_140625.hex
* Software Version 1.59
* Temperature SN = 2997
* Conductivity SN = 2997
* System UpLoad Time = Jun 25 2014 21:21:44
** CAST_MB042_140625
* ds
# nquan = 9                                 
# nvalues = 1293                        
# units = specified
# name 0 = timeJ: Julian Days
# name 1 = prSM: Pressure, Strain Gauge [db]
# name 2 = c0mS/cm: Conductivity [mS/cm]
# name 3 = t090C: Temperature [ITS-90, deg C]
# name 4 = sbeox0ML/L: Oxygen, SBE 43 [ml/l]
# name 5 = depSM: Depth [salt water, m], lat = 47.5
# name 6 = sal00: Salinity, Practical [PSU]
# name 7 = sigma-é00: Density [sigma-theta, kg/m^3]
# name 8 = flag: flag
# span 0 = 176.714340, 176.721817       
# span 1 =     -5.599,     42.435       
# span 2 =   0.122066,  36.615649       
# span 3 =     7.3719,    13.3406       
# span 4 =    -1.8690,    19.6848       
# span 5 =     -5.552,     42.077       
# span 6 =     0.0764,    33.5723       
# span 7 =    -0.5728,    26.2432       
# span 8 = 0.0000e+00, 0.0000e+00       
# interval = seconds: 0.5
# start_time = Jun 25 2014 17:08:39 [Instrument's time stamp, header]
# bad_flag = -9.990e-29
*END*
[from data line 961]
 176.719902     35.426  34.271825     7.5151     3.3035     35.127    33.3669    26.0616 0.0000e+00
 176.719907     35.699  34.270042     7.5056     3.1991     35.398    33.3739    26.0685 0.0000e+00
 176.719913     35.994  34.269995     7.4933     3.1017     35.690    33.3856    26.0794 0.0000e+00
 176.719919     36.298  34.274275     7.4794     3.0500     35.992    33.4034    26.0954 0.0000e+00
 176.719925     36.602  34.282483     7.4639     3.0131     36.293    33.4271    26.1162 0.0000e+00
 176.719931     36.904  34.292578     7.4457     3.0017     36.593    33.4555    26.1410 0.0000e+00
 176.719936     37.201  34.302988     7.4254     2.9933     36.887    33.4862    26.1681 0.0000e+00
 176.719942     37.487  34.312930     7.4073     2.9900     37.171    33.5144    26.1928 0.0000e+00
 176.719948     37.758  34.320647     7.3954     3.0025     37.439    33.5341    26.2100 0.0000e+00
 176.719954     38.014  34.324610     7.3890     3.0154     37.693    33.5445    26.2190 0.0000e+00
 176.719959     38.259  34.326137     7.3851     3.0320     37.936    33.5498    26.2238 0.0000e+00
 176.719965     38.500  34.327227     7.3820     3.0449     38.175    33.5539    26.2274 0.0000e+00
 176.719971     38.739  34.328737     7.3798     3.0586     38.412    33.5575    26.2306 0.0000e+00
 176.719977     38.975  34.330400     7.3782     3.0630     38.646    33.5608    26.2334 0.0000e+00
 176.719983     39.205  34.331595     7.3764     3.0661     38.874    33.5637    26.2359 0.0000e+00
 176.719988     39.431  34.332196     7.3745     3.0825     39.098    33.5661    26.2381 0.0000e+00
 176.719994     39.659  34.332408     7.3733     3.0921     39.324    33.5674    26.2393 0.0000e+00
 176.720000     39.890  34.332476     7.3727     3.0827     39.553    33.5679    26.2398 0.0000e+00
 176.720006     40.127  34.332455     7.3723     3.0947     39.788    33.5682    26.2400 0.0000e+00
 176.720012     40.375  34.332283     7.3721     3.1094     40.034    33.5681    26.2400 0.0000e+00
 176.720017     40.639  34.332254     7.3721     3.1163     40.296    33.5679    26.2399 0.0000e+00
 176.720023     40.908  34.332296     7.3723     3.1083     40.563    33.5676    26.2396 0.0000e+00
 176.720029     41.165  34.331866     7.3724     3.1041     40.817    33.5669    26.2391 0.0000e+00
 176.720035     41.402  34.331476     7.3722     3.1136     41.052    33.5666    26.2388 0.0000e+00
 176.720041     41.617  34.331690     7.3724     3.1180     41.266    33.5665    26.2387 0.0000e+00
 176.720046     41.805  34.332197     7.3733     3.1140     41.452    33.5661    26.2383 0.0000e+00
 176.720052     41.962  34.332515     7.3743     3.1127     41.608    33.5654    26.2376 -9.990e-29
 176.720058     42.085  34.333034     7.3752     3.1126     41.730    33.5650    26.2372 -9.990e-29
 176.720064     42.177  34.334411     7.3761     3.1115     41.821    33.5656    26.2375 -9.990e-29
 176.720069     42.249  34.336202     7.3771     3.1113     41.892    33.5666    26.2381 -9.990e-29
 176.720075     42.309  34.337395     7.3779     3.1056     41.952    33.5671    26.2384 -9.990e-29
 176.720081     42.358  34.337305     7.3781     3.1083     42.000    33.5667    26.2381 -9.990e-29
 176.720087     42.392  34.336337     7.3771     3.0948     42.034    33.5666    26.2382 -9.990e-29
 176.720093     42.416  34.335410     7.3755     3.0986     42.058    33.5672    26.2388 -9.990e-29
 176.720098     42.430  34.334934     7.3740     3.1108     42.072    33.5681    26.2398 -9.990e-29
 176.720104     42.435  34.334802     7.3730     3.1098     42.077    33.5689    26.2406 -9.990e-29
 176.720110     42.432  34.334803     7.3727     3.1058     42.074    33.5692    26.2408 -9.990e-29
 176.720116     42.421  34.334904     7.3730     3.1043     42.063    33.5690    26.2407 -9.990e-29
 176.720122     42.396  34.335203     7.3739     3.0947     42.038    33.5685    26.2401 -9.990e-29
 176.720127     42.351  34.336064     7.3753     3.1093     41.993    33.5681    26.2396 -9.990e-29
 176.720133     42.289  34.337481     7.3766     3.0957     41.932    33.5684    26.2397 -9.990e-29
 176.720139     42.213  34.338504     7.3774     3.0876     41.856    33.5688    26.2398 -9.990e-29
 176.720145     42.128  34.338780     7.3777     3.1091     41.772    33.5688    26.2398 -9.990e-29
 176.720150     42.040  34.338641     7.3776     3.1054     41.685    33.5688    26.2398 -9.990e-29
 176.720156     41.957  34.337870     7.3769     3.1041     41.603    33.5687    26.2398 -9.990e-29
 176.720162     41.870  34.336528     7.3759     3.0866     41.516    33.5683    26.2396 -9.990e-29
 176.720168     41.764  34.335593     7.3757     3.0945     41.411    33.5675    26.2390 -9.990e-29
 176.720174     41.637  34.336029     7.3765     3.0985     41.285    33.5672    26.2387 0.0000e+00
 176.720179     41.489  34.337259     7.3773     3.0850     41.139    33.5679    26.2391 0.0000e+00
 176.720185     41.324  34.338084     7.3771     3.0795     40.975    33.5690    26.2401 0.0000e+00
 176.720191     41.153  34.338451     7.3760     3.0713     40.805    33.5706    26.2414 0.0000e+00
 176.720197     40.990  34.338254     7.3745     3.0821     40.644    33.5719    26.2427 0.0000e+00
 176.720203     40.847  34.337197     7.3730     3.0744     40.502    33.5723    26.2432 -9.990e-29
 176.720208     40.723  34.336081     7.3721     3.0782     40.379    33.5720    26.2431 -9.990e-29
 176.720214     40.606  34.335628     7.3719     3.0899     40.263    33.5718    26.2429 -9.990e-29
 176.720220     40.484  34.335759     7.3720     3.0980     40.142    33.5719    26.2430 -9.990e-29
 176.720226     40.353  34.336054     7.3724     3.0967     40.012    33.5719    26.2429 0.0000e+00
 176.720231     40.215  34.336311     7.3729     3.0858     39.875    33.5717    26.2428 0.0000e+00
 176.720237     40.069  34.336838     7.3733     3.0992     39.731    33.5720    26.2429 0.0000e+00
 176.720243     39.917  34.337181     7.3736     3.1072     39.580    33.5721    26.2430 0.0000e+00
 176.720249     39.769  34.336642     7.3736     3.1124     39.433    33.5716    26.2426 0.0000e+00
 176.720255     39.627  34.335591     7.3731     3.1071     39.293    33.5710    26.2422 0.0000e+00
 176.720260     39.481  34.334837     7.3731     3.0965     39.148    33.5703    26.2416 0.0000e+00
 176.720266     39.320  34.335023     7.3738     3.1055     38.988    33.5699    26.2412 0.0000e+00
 176.720272     39.145  34.335801     7.3744     3.1079     38.815    33.5702    26.2414 0.0000e+00
 176.720278     38.970  34.335931     7.3747     3.1078     38.641    33.5702    26.2413 0.0000e+00
 176.720284     38.807  34.334992     7.3747     3.1330     38.479    33.5692    26.2405 0.0000e+00
 176.720289     38.657  34.333945     7.3745     3.1544     38.331    33.5684    26.2399 0.0000e+00
 176.720295     38.515  34.333603     7.3748     3.1689     38.190    33.5678    26.2393 0.0000e+00
 176.720301     38.377  34.333475     7.3758     3.1633     38.053    33.5667    26.2384 0.0000e+00
 176.720307     38.246  34.332796     7.3771     3.1601     37.923    33.5648    26.2367 -9.990e-29
 176.720313     38.128  34.331187     7.3790     3.1701     37.806    33.5613    26.2336 -9.990e-29
 176.720318     38.010  34.328714     7.3814     3.1881     37.689    33.5563    26.2294 -9.990e-29
 176.720324     37.876  34.326533     7.3835     3.2069     37.556    33.5520    26.2257 0.0000e+00
 176.720330     37.726  34.326189     7.3853     3.2048     37.408    33.5499    26.2238 0.0000e+00
 176.720336     37.564  34.327188     7.3874     3.2376     37.247    33.5491    26.2228 0.0000e+00
 176.720341     37.393  34.327464     7.3902     3.2818     37.078    33.5467    26.2206 0.0000e+00
 176.720347     37.217  34.325669     7.3935     3.3384     36.903    33.5417    26.2162 0.0000e+00
 176.720353     37.040  34.322740     7.3975     3.3918     36.728    33.5347    26.2101 0.0000e+00
 176.720359     36.859  34.320909     7.4038     3.4324     36.548    33.5267    26.2030 0.0000e+00
 176.720365     36.674  34.319386     7.4127     3.4636     36.365    33.5165    26.1937 0.0000e+00
 176.720370     36.491  34.316105     7.4218     3.4495     36.183    33.5042    26.1828 0.0000e+00
 176.720376     36.319  34.310586     7.4296     3.4219     36.013    33.4908    26.1711 0.0000e+00
 176.720382     36.171  34.303852     7.4366     3.3922     35.866    33.4768    26.1591 0.0000e+00
 176.720388     36.043  34.298675     7.4416     3.4065     35.739    33.4664    26.1502 -9.990e-29
 176.720394     35.929  34.297094     7.4432     3.4314     35.626    33.4632    26.1475 -9.990e-29
 176.720399     35.817  34.298087     7.4433     3.4511     35.515    33.4643    26.1483 -9.990e-29
 176.720405     35.691  34.297897     7.4450     3.4717     35.390    33.4625    26.1466 0.0000e+00
 176.720411     35.538  34.295114     7.4493     3.5124     35.238    33.4554    26.1405 0.0000e+00
 176.720417     35.359  34.292164     7.4555     3.5627     35.061    33.4463    26.1324 0.0000e+00
 176.720422     35.167  34.290128     7.4627     3.6078     34.871    33.4372    26.1243 0.0000e+00
 176.720428     34.975  34.287942     7.4693     3.6302     34.680    33.4286    26.1166 0.0000e+00
 176.720434     34.784  34.284902     7.4740     3.6367     34.491    33.4209    26.1098 0.0000e+00
 176.720440     34.595  34.280288     7.4777     3.6481     34.303    33.4124    26.1026 0.0000e+00
 176.720446     34.413  34.274647     7.4820     3.6620     34.123    33.4022    26.0941 0.0000e+00
 176.720451     34.243  34.270521     7.4876     3.6535     33.954    33.3925    26.0856 0.0000e+00
 176.720457     34.088  34.268548     7.4939     3.6373     33.801    33.3843    26.0783 0.0000e+00
 176.720463     33.941  34.267745     7.4994     3.6210     33.655    33.3783    26.0727 0.0000e+00
 176.720469     33.795  34.267571     7.5031     3.6128     33.510    33.3746    26.0693 0.0000e+00
 176.720475     33.643  34.267761     7.5051     3.6109     33.359    33.3729    26.0677 0.0000e+00
 176.720480     33.484  34.267972     7.5057     3.5879     33.202    33.3727    26.0674 0.0000e+00
 176.720486     33.317  34.267892     7.5060     3.5880     33.036    33.3724    26.0672 0.0000e+00
 176.720492     33.145  34.267942     7.5078     3.6074     32.866    33.3708    26.0656 0.0000e+00
 176.720498     32.973  34.268716     7.5112     3.6125     32.695    33.3684    26.0633 0.0000e+00
 176.720503     32.807  34.270088     7.5145     3.6305     32.531    33.3668    26.0616 0.0000e+00
 176.720509     32.650  34.271052     7.5165     3.6171     32.375    33.3660    26.0607 0.0000e+00
 176.720515     32.497  34.271179     7.5177     3.6106     32.223    33.3651    26.0598 0.0000e+00
 176.720521     32.337  34.271164     7.5193     3.6173     32.065    33.3636    26.0584 0.0000e+00
 176.720527     32.165  34.271513     7.5216     3.6092     31.894    33.3618    26.0567 0.0000e+00
 176.720532     31.982  34.272096     7.5234     3.6248     31.713    33.3608    26.0556 0.0000e+00
 176.720538     31.794  34.272535     7.5246     3.6127     31.526    33.3602    26.0550 0.0000e+00
 176.720544     31.601  34.272822     7.5262     3.6046     31.335    33.3591    26.0539 0.0000e+00
 176.720550     31.406  34.273305     7.5285     3.6083     31.142    33.3575    26.0523 0.0000e+00
 176.720556     31.215  34.274035     7.5309     3.6123     30.952    33.3561    26.0508 0.0000e+00
 176.720561     31.044  34.274831     7.5322     3.6203     30.783    33.3558    26.0504 0.0000e+00
 176.720567     30.897  34.275599     7.5321     3.6084     30.637    33.3568    26.0512 0.0000e+00
 176.720573     30.763  34.276207     7.5317     3.5975     30.504    33.3579    26.0521 0.0000e+00
 176.720579     30.622  34.276311     7.5321     3.6010     30.364    33.3577    26.0519 0.0000e+00
 176.720584     30.472  34.276013     7.5330     3.6243     30.215    33.3565    26.0509 0.0000e+00
 176.720590     30.311  34.276003     7.5338     3.6344     30.056    33.3558    26.0502 0.0000e+00
 176.720596     30.141  34.276235     7.5344     3.6312     29.887    33.3556    26.0499 0.0000e+00
 176.720602     29.969  34.276424     7.5350     3.6296     29.717    33.3553    26.0496 0.0000e+00
 176.720608     29.800  34.276790     7.5353     3.6308     29.549    33.3555    26.0497 0.0000e+00
 176.720613     29.638  34.277226     7.5354     3.6514     29.389    33.3559    26.0501 0.0000e+00
 176.720619     29.476  34.277348     7.5359     3.6633     29.228    33.3557    26.0498 0.0000e+00
 176.720625     29.304  34.277308     7.5377     3.6579     29.057    33.3540    26.0482 0.0000e+00
 176.720631     29.114  34.277804     7.5414     3.6570     28.869    33.3511    26.0454 0.0000e+00
 176.720637     28.909  34.278954     7.5463     3.6648     28.666    33.3477    26.0420 0.0000e+00
 176.720642     28.692  34.280257     7.5509     3.6738     28.451    33.3448    26.0391 0.0000e+00
 176.720648     28.470  34.281795     7.5547     3.6829     28.230    33.3429    26.0371 0.0000e+00
 176.720654     28.256  34.283397     7.5572     3.6655     28.018    33.3423    26.0362 0.0000e+00
 176.720660     28.056  34.284422     7.5591     3.6494     27.820    33.3417    26.0355 0.0000e+00
 176.720666     27.876  34.285141     7.5620     3.6505     27.641    33.3398    26.0336 0.0000e+00
 176.720671     27.729  34.285977     7.5655     3.6593     27.496    33.3374    26.0312 -9.990e-29
 176.720677     27.624  34.286949     7.5675     3.6672     27.392    33.3366    26.0303 -9.990e-29
 176.720683     27.536  34.287694     7.5674     3.6643     27.304    33.3375    26.0310 -9.990e-29
 176.720689     27.434  34.287545     7.5672     3.6656     27.203    33.3376    26.0311 -9.990e-29
 176.720694     27.304  34.286886     7.5677     3.6631     27.074    33.3365    26.0301 0.0000e+00
 176.720700     27.146  34.286544     7.5683     3.6723     26.918    33.3356    26.0294 0.0000e+00
 176.720706     26.966  34.286650     7.5688     3.6722     26.739    33.3353    26.0291 0.0000e+00
 176.720712     26.771  34.286809     7.5691     3.6761     26.546    33.3353    26.0290 0.0000e+00
 176.720718     26.564  34.286694     7.5697     3.6763     26.341    33.3347    26.0285 0.0000e+00
 176.720723     26.350  34.286740     7.5708     3.6705     26.128    33.3338    26.0276 0.0000e+00
 176.720729     26.142  34.287031     7.5724     3.6675     25.922    33.3327    26.0265 0.0000e+00
 176.720735     25.955  34.287420     7.5739     3.6614     25.737    33.3317    26.0255 0.0000e+00
 176.720741     25.792  34.287892     7.5744     3.6700     25.575    33.3319    26.0255 0.0000e+00
 176.720747     25.640  34.287979     7.5737     3.6724     25.424    33.3327    26.0263 0.0000e+00
 176.720752     25.492  34.287819     7.5731     3.6715     25.278    33.3332    26.0268 0.0000e+00
 176.720758     25.341  34.287786     7.5730     3.6684     25.128    33.3333    26.0269 0.0000e+00
 176.720764     25.187  34.287858     7.5731     3.6724     24.975    33.3334    26.0269 0.0000e+00
 176.720770     25.028  34.288156     7.5737     3.6844     24.818    33.3332    26.0267 0.0000e+00
 176.720775     24.858  34.288538     7.5757     3.7053     24.649    33.3317    26.0253 0.0000e+00
 176.720781     24.672  34.288978     7.5792     3.7167     24.465    33.3290    26.0226 0.0000e+00
 176.720787     24.474  34.290086     7.5840     3.7108     24.268    33.3256    26.0193 0.0000e+00
 176.720793     24.277  34.292242     7.5894     3.7087     24.073    33.3229    26.0163 0.0000e+00
 176.720799     24.091  34.296666     7.5955     3.6978     23.889    33.3219    26.0147 0.0000e+00
 176.720804     23.912  34.302548     7.6023     3.7006     23.711    33.3218    26.0137 0.0000e+00
 176.720810     23.732  34.305976     7.6075     3.7196     23.533    33.3206    26.0120 0.0000e+00
 176.720816     23.554  34.306497     7.6097     3.7295     23.356    33.3191    26.0105 0.0000e+00
