data/oxygen options/OCNMS/OCNMS1/raw_data/2014/CAST_CA015_140730faed.cnv
* Sea-Bird SBE19 Data File:
* FileName = C:\2014 Mooring Data\Casts\CAST_CA015_140730.hex
* Software Version 1.59
* Temperature SN = 2997
* Conductivity SN = 2997
* System UpLoad Time = Aug 03 2014 00:54:00
** CAST_CA015_140730
* ds
# nquan = 9                                 
# nvalues = 1014                        
# units = specified
# name 0 = timeJ: Julian Days
# name 1 = prSM: Pressure, Strain Gauge [db]
# name 2 = c0mS/cm: Conductivity [mS/cm]
# name 3 = t090C: Temperature [ITS-90, deg C]
# name 4 = sbeox0ML/L: Oxygen, SBE 43 [ml/l]
# name 5 = depSM: Depth [salt water, m], lat = 47.5
# name 6 = sal00: Salinity, Practical [PSU]
# name 7 = sigma-é00: Density [sigma-theta, kg/m^3]
# name 8 = flag: flag
# span 0 = 211.989444, 211.995307       
# span 1 =     -5.873,     15.842       
# span 2 =   0.345193,  39.284930       
# span 3 =     8.1066,    17.9192       
# span 4 =    -1.7115,    14.8563       
# span 5 =     -5.824,     15.709       
# span 6 =     0.1939,    33.5592       
# span 7 =    -1.2224,    26.0187       
# span 8 = 0.0000e+00, 0.0000e+00       
# interval = seconds: 0.5
# start_time = Jul 30 2014 23:44:48 [Instrument's time stamp, header]
# bad_flag = -9.990e-29
*END*
[from data line 961]
 211.995006      3.540  35.781511     9.2504     4.5964      3.510    33.3345    25.7745 0.0000e+00
 211.995012      3.368  35.775662     9.3952     4.6414      3.340    33.1937    25.6411 0.0000e+00
 211.995017      3.191  35.773770     9.5077     4.6835      3.164    33.0877    25.5401 0.0000e+00
 211.995023      3.012  35.816482     9.5896     4.6861      2.987    33.0561    25.5021 0.0000e+00
 211.995029      2.831  35.887415     9.6710     4.7150      2.807    33.0540    25.4871 0.0000e+00
 211.995035      2.646  35.966142     9.7732     4.7238      2.624    33.0406    25.4599 0.0000e+00
 211.995041      2.457  36.037134     9.8887     4.7144      2.436    33.0072    25.4147 0.0000e+00
 211.995046      2.270  36.096752     9.9850     4.6772      2.251    32.9799    25.3774 0.0000e+00
 211.995052      2.090  36.158982    10.0526     4.6440      2.073    32.9814    25.3673 0.0000e+00
 211.995058      1.918  36.217015    10.1017     4.6603      1.902    32.9955    25.3700 0.0000e+00
 211.995064      1.748  36.248335    10.1532     4.6928      1.733    32.9804    25.3495 0.0000e+00
 211.995069      1.573  36.268893    10.2292     4.7027      1.560    32.9321    25.2990 0.0000e+00
 211.995075      1.395  36.307229    10.3254     5.4514      1.383    32.8836    25.2449 0.0000e+00
 211.995081      1.220  36.377418    10.4279     5.4341      1.210    32.8615    25.2102 0.0000e+00
 211.995087      1.058  36.473706    10.5404     5.4524      1.049    32.8566    25.1871 0.0000e+00
 211.995093      0.916  36.581360    10.7069     5.4400      0.908    32.8144    25.1254 0.0000e+00
 211.995098      0.785  36.689570    10.9829     5.5325      0.778    32.6752    24.9686 0.0000e+00
 211.995104      0.656  36.768054    11.3426     5.6520      0.651    32.4344    24.7173 -9.990e-29
 211.995110      0.534  36.711527    11.6786     5.6874      0.530    32.0863    24.3861 -9.990e-29
 211.995116      0.424  36.348109    11.8947     5.7108      0.420    31.5495    23.9299 -9.990e-29
 211.995122      0.328  35.443680    11.9914     5.7434      0.325    30.5992    23.1752 -9.990e-29
 211.995127      0.249  33.162325    12.0472     5.7643      0.247    28.3811    21.4461 -9.990e-29
 211.995133      0.185  26.651435    12.1046     5.7728      0.183    22.2679    16.7065 -9.990e-29
 211.995139      0.132  16.619222    12.1583     5.7603      0.131    13.2738     9.7535 -9.990e-29
 211.995145      0.087   9.245023    12.2087     5.7791      0.086     7.0305     4.9269 -9.990e-29
 211.995150      0.048   6.365348    12.2602     5.7785      0.048     4.7035     3.1213 -9.990e-29
 211.995156      0.011   5.573184    12.3137     5.7782      0.011     4.0745     2.6277 -9.990e-29
 211.995162     -0.017   5.243105    12.3668     5.7826     -0.017     3.8120     2.4177 -9.990e-29
 211.995168     -0.029   4.838145    12.4172     5.7819     -0.029     3.4941     2.1652 -9.990e-29
 211.995174     -0.035   4.609869    12.4627     5.7096     -0.035     3.3147     2.0204 -9.990e-29
 211.995179     -0.044   4.418250    12.5020     5.7565     -0.044     3.1648     1.8994 -9.990e-29
 211.995185     -0.051   4.010000    12.5371     5.7846     -0.051     2.8520     1.6526 -9.990e-29
 211.995191     -0.053   3.552982    12.5661     5.7955     -0.053     2.5060     1.3808 -9.990e-29
 211.995197     -0.055   3.285272    12.5863     5.8054     -0.055     2.3049     1.2224 -9.990e-29
 211.995203     -0.060   3.188400    12.6025     5.8069     -0.059     2.2319     1.1638 -9.990e-29
 211.995208     -0.069   3.092016    12.6178     5.8062     -0.068     2.1596     1.1058 -9.990e-29
 211.995214     -0.079   2.918261    12.6277     5.8170     -0.078     2.0308     1.0047 -9.990e-29
 211.995220     -0.082   2.732133    12.6287     5.8110     -0.081     1.8939     0.8984 -9.990e-29
 211.995226     -0.077   2.660588    12.6236     5.8241     -0.076     1.8417     0.8586 -9.990e-29
 211.995231     -0.073   2.997786    12.6197     5.8234     -0.072     2.0899     1.0515 -9.990e-29
 211.995237     -0.069   3.469453    12.6237     5.8183     -0.068     2.4398     1.3222 -9.990e-29
 211.995243     -0.062   3.319998    12.6371     5.8264     -0.061     2.3276     1.2336 -9.990e-29
 211.995249     -0.055   2.731151    12.6566     5.8219     -0.055     1.8918     0.8932 -9.990e-29
 211.995255     -0.051   2.233818    12.6769 -9.990e-29     -0.051     1.5291     0.6092 -9.990e-29
 211.995260     -0.052   1.897819    12.6964 -9.990e-29     -0.052     1.2871     0.4189 -9.990e-29
 211.995266     -0.055   1.685787    12.7136 -9.990e-29     -0.055     1.1358     0.2992 -9.990e-29
 211.995272     -0.063   1.543117    12.7241 -9.990e-29     -0.062     1.0347     0.2193 -9.990e-29
 211.995278     -0.070   1.425893    12.7243 -9.990e-29     -0.069     0.9524     0.1553 -9.990e-29
 211.995284     -0.070   1.320779    12.7141 -9.990e-29     -0.069     0.8792     0.0997 -9.990e-29
 211.995289     -0.061   1.232249    12.6973 -9.990e-29     -0.060     0.8179     0.0542 -9.990e-29
 211.995295     -0.053   1.165749    12.6806 -9.990e-29     -0.053     0.7721     0.0206 -9.990e-29
 211.995301     -0.048   1.122719    12.6732 -9.990e-29     -0.048     0.7425    -0.0015 -9.990e-29
 211.995307     -0.046   1.100852 -9.990e-29 -9.990e-29     -0.046 -9.990e-29 -9.990e-29 -9.990e-29
