data/oxygen options/OCNMS/OCNMS1/raw_data/2014/CAST_KL027_140906faedb.cnv
* Sea-Bird SBE19 Data File:
* FileName = C:\2014 Mooring Data\Casts\CAST_KL027_140906.hex
* Software Version 1.59
* Temperature SN = 2997
* Conductivity SN = 2997
* System UpLoad Time = Sep 06 2014 18:25:28
** CAST_KL027_140906
* ds
# nquan = 9
# nvalues = 28                          
# units = specified
# name 0 = timeJ: Julian Days
# name 1 = prSM: Pressure, Strain Gauge [db]
# name 2 = c0mS/cm: Conductivity [mS/cm]
# name 3 = t090C: Temperature [ITS-90, deg C]
# name 4 = sbeox0ML/L: Oxygen, SBE 43 [ml/l]
# name 5 = depSM: Depth [salt water, m], lat = 47.5
# name 6 = sal00: Salinity, Practical [PSU]
# name 7 = sigma-é00: Density [sigma-theta, kg/m^3]
# name 8 = flag: flag
# span 0 = 249.730547, 249.731145       
# span 1 =      2.000,     29.000       
# span 2 =  34.564738,  40.789999       
# span 3 =     7.6168,    15.1285       
# span 4 =    -0.0954,     7.0704       
# span 5 =      1.983,     28.756       
# span 6 =    32.9578,    33.5903       
# span 7 =    24.3697,    26.2227       
# span 8 = 0.0000e+00, 0.0000e+00       
# interval = decibars: 1                
# start_time = Sep 06 2014 17:25:12 [Instrument's time stamp, header]
# bad_flag = -9.990e-29
*END*
 249.730547      2.000  40.789999    15.1285     7.0704      1.983    32.9578    24.3697 0.0000e+00
 249.730573      3.000  39.599450    13.7103     6.2047      2.975    33.0758    24.7602 0.0000e+00
 249.730592      4.000  38.798970    12.8931     6.1422      3.967    33.0339    24.8917 0.0000e+00
 249.730611      5.000  38.622935    12.7149     5.4573      4.958    33.0216    24.9165 0.0000e+00
 249.730630      6.000  38.391664    12.4070     4.8105      5.950    33.0707    25.0138 0.0000e+00
 249.730649      7.000  37.997784    11.9665     4.0511      6.941    33.0800    25.1046 0.0000e+00
 249.730669      8.000  37.674519    11.5719     4.1919      7.933    33.1163    25.2058 0.0000e+00
 249.730689      9.000  37.222372    11.0215     5.0143      8.924    33.1651    25.3432 0.0000e+00
 249.730710     10.000  36.681671    10.4497     5.7238      9.916    33.1438    25.4266 0.0000e+00
 249.730731     11.000  36.164177     9.9754     5.2647     10.908    33.0530    25.4360 0.0000e+00
 249.730754     12.000  35.862135     9.6999     3.5398     11.900    32.9974    25.4383 0.0000e+00
 249.730776     13.000  35.830941     9.5868     1.8032     12.891    33.0691    25.5128 0.0000e+00
 249.730799     14.000  35.800756     9.4567     0.5147     13.883    33.1578    25.6033 0.0000e+00
 249.730823     15.000  35.675862     9.2232    -0.0954     14.874    33.2453    25.7091 0.0000e+00
 249.730845     16.000  35.460476     8.8928     0.0886     15.866    33.3299    25.8275 0.0000e+00
 249.730866     17.000  35.382714     8.7998     0.3691     16.858    33.3355    25.8464 0.0000e+00
 249.730889     18.000  35.398694     8.7887     0.2797     17.849    33.3622    25.8690 0.0000e+00
 249.730911     19.000  35.314555     8.7061     0.2663     18.840    33.3514    25.8733 0.0000e+00
 249.730934     20.000  35.281808     8.6678     0.2456     19.832    33.3526    25.8802 0.0000e+00
 249.730956     21.000  35.254736     8.6388     0.2146     20.824    33.3511    25.8836 0.0000e+00
 249.730978     22.000  35.201521     8.5576     0.2108     21.815    33.3713    25.9117 0.0000e+00
 249.730999     23.000  35.130256     8.4700     0.2729     22.807    33.3786    25.9308 0.0000e+00
 249.731023     24.000  35.011592     8.3234     0.7634     23.798    33.3916    25.9631 0.0000e+00
 249.731046     25.000  34.816796     7.9834     1.3081     24.790    33.5082    26.1050 0.0000e+00
 249.731066     26.000  34.624446     7.7186     1.2143     25.781    33.5559    26.1810 0.0000e+00
 249.731090     27.000  34.598455     7.6574     1.1412     26.773    33.5865    26.2139 0.0000e+00
 249.731116     28.000  34.566142     7.6168     1.0722     27.764    33.5903    26.2227 0.0000e+00
 249.731145     29.000  34.564738     7.6213     1.0311     28.756    33.5840    26.2171 0.0000e+00
