data/oxygen options/OCNMS/OCNMS1/raw_data/2014/CAST_TH042_140906faed.cnv
* Sea-Bird SBE19 Data File:
* FileName = C:\2014 Mooring Data\Casts\CAST_TH042_140906.hex
* Software Version 1.59
* Temperature SN = 2997
* Conductivity SN = 2997
* System UpLoad Time = Sep 06 2014 21:10:54
** CAST_TH042_140906
* ds
# nquan = 9                                 
# nvalues = 1223                        
# units = specified
# name 0 = timeJ: Julian Days
# name 1 = prSM: Pressure, Strain Gauge [db]
# name 2 = c0mS/cm: Conductivity [mS/cm]
# name 3 = t090C: Temperature [ITS-90, deg C]
# name 4 = sbeox0ML/L: Oxygen, SBE 43 [ml/l]
# name 5 = depSM: Depth [salt water, m], lat = 47.5
# name 6 = sal00: Salinity, Practical [PSU]
# name 7 = sigma-é00: Density [sigma-theta, kg/m^3]
# name 8 = flag: flag
# span 0 = 249.822002, 249.829074       
# span 1 =     -6.115,     43.547       
# span 2 =   0.368695,  38.654891       
# span 3 =     7.5213,    20.5438       
# span 4 =    -1.6740,    17.4145       
# span 5 =     -6.064,     43.179       
# span 6 =     0.2029,    33.6192       
# span 7 =    -1.6009,    26.2566       
# span 8 = 0.0000e+00, 0.0000e+00       
# interval = seconds: 0.5
# start_time = Sep 06 2014 19:43:41 [Instrument's time stamp, header]
# bad_flag = -9.990e-29
*END*
[from data line 481]
 249.824786     -0.043  38.016755    12.1955     6.5438     -0.043    32.8989    24.9208 -9.990e-29
 249.824792      0.002  37.949204    12.1455     6.5802      0.002    32.8777    24.9138 -9.990e-29
 249.824797      0.046  38.005599    12.1107     6.6720      0.046    32.9628    24.9864 -9.990e-29
 249.824803      0.089  38.149397    12.0979     6.6894      0.088    33.1131    25.1054 -9.990e-29
 249.824809      0.125  38.216796    12.0955     6.6758      0.124    33.1804    25.1581 -9.990e-29
 249.824815      0.150  38.175907    12.1001     6.5984      0.149    33.1367    25.1234 -9.990e-29
 249.824821      0.168  38.095000    12.1097     6.4685      0.167    33.0500    25.0543 -9.990e-29
 249.824826      0.180  38.016634    12.1196     6.2845      0.178    32.9656    24.9869 -9.990e-29
 249.824832      0.189  38.007375    12.1259     6.1024      0.187    32.9511    24.9744 -9.990e-29
 249.824838      0.202  38.081869    12.1375     5.9818      0.200    33.0127    25.0201 -9.990e-29
 249.824844      0.214  38.177248    12.1563     5.9353      0.212    33.0882    25.0751 -9.990e-29
 249.824850      0.222  38.233221    12.1695     5.9081      0.220    33.1305    25.1054 -9.990e-29
 249.824855      0.226  38.235764    12.1697     5.8997      0.224    33.1328    25.1072 -9.990e-29
 249.824861      0.228  38.265229    12.1586     5.8655      0.226    33.1711    25.1390 -9.990e-29
 249.824867      0.227  38.339055    12.1485     5.8324      0.225    33.2514    25.2032 -9.990e-29
 249.824873      0.223  38.357541    12.1556     5.9337      0.221    33.2629    25.2108 -9.990e-29
 249.824878      0.219  38.305517    12.1796     6.0658      0.217    33.1913    25.1507 -9.990e-29
 249.824884      0.221  38.259628    12.2090     6.1600      0.219    33.1210    25.0906 -9.990e-29
 249.824890      0.223  38.265402    12.2427     6.1355      0.221    33.0967    25.0653 -9.990e-29
 249.824896      0.223  38.277816    12.2751     6.0473      0.221    33.0800    25.0462 -9.990e-29
 249.824902      0.218  38.265194    12.2858     5.9696      0.216    33.0584    25.0274 -9.990e-29
 249.824907      0.211  38.288791    12.2765     5.9383      0.209    33.0894    25.0532 -9.990e-29
 249.824913      0.199  38.374504    12.2760     5.9063      0.197    33.1724    25.1177 -9.990e-29
 249.824919      0.182  38.428943    12.2872     5.8369      0.180    33.2149    25.1485 -9.990e-29
 249.824925      0.164  38.427048    12.2798     5.7664      0.163    33.2196    25.1536 -9.990e-29
 249.824931      0.156  38.434271    12.2458     5.7122      0.155    33.2568    25.1889 -9.990e-29
 249.824936      0.166  38.463099    12.2131     5.6803      0.165    33.3137    25.2393 -9.990e-29
 249.824942      0.186  38.475102    12.2032     5.6308      0.184    33.3341    25.2570 -9.990e-29
 249.824948      0.205  38.479018    12.2164     5.5904      0.203    33.3261    25.2483 -9.990e-29
 249.824954      0.219  38.517718    12.2435     5.5286      0.217    33.3393    25.2533 -9.990e-29
 249.824959      0.230  38.551334    12.2698     5.4685      0.228    33.3482    25.2553 -9.990e-29
 249.824965      0.238  38.534910    12.2902     5.4074      0.236    33.3142    25.2250 -9.990e-29
 249.824971      0.244  38.482527    12.3072     5.3555      0.242    33.2487    25.1709 -9.990e-29
 249.824977      0.248  38.461943    12.3173     5.2833      0.246    33.2199    25.1467 -9.990e-29
 249.824983      0.250  38.487865    12.3260     5.2298      0.248    33.2371    25.1584 -9.990e-29
 249.824988      0.251  38.509009    12.3400     5.1712      0.249    33.2450    25.1618 -9.990e-29
 249.824994      0.250  38.524421    12.3531     5.1341      0.248    33.2482    25.1618 -9.990e-29
 249.825000      0.247  38.549643    12.3467     5.1281      0.245    33.2782    25.1863 -9.990e-29
 249.825006      0.242  38.557716    12.3041     5.1193      0.240    33.3238    25.2298 -9.990e-29
 249.825012      0.240  38.544855    12.2459     5.0839      0.238    33.3633    25.2715 -9.990e-29
 249.825017      0.244  38.562453    12.2110     5.0548      0.242    33.4114    25.3155 -9.990e-29
 249.825023      0.251  38.593587    12.2229     5.0122      0.249    33.4308    25.3283 -9.990e-29
 249.825029      0.256  38.584357    12.2873     4.9967      0.254    33.3644    25.2645 -9.990e-29
 249.825035      0.260  38.560671    12.3673     5.0134      0.258    33.2705    25.1764 -9.990e-29
 249.825041      0.263  38.555556    12.4168     5.0149      0.261    33.2217    25.1290 -9.990e-29
 249.825046      0.265  38.571798    12.4385     5.0289      0.263    33.2181    25.1221 -9.990e-29
 249.825052      0.266  38.622694    12.4511     5.0399      0.264    33.2558    25.1488 -9.990e-29
 249.825058      0.266  38.654891    12.4649     5.0503      0.264    33.2744    25.1607 -9.990e-29
 249.825064      0.267  38.626027    12.4732     5.0439      0.265    33.2394    25.1319 -9.990e-29
 249.825069      0.266  38.579071    12.4406     5.0357      0.264    33.2232    25.1256 -9.990e-29
 249.825075      0.265  38.537925    12.3571     5.0180      0.263    33.2577    25.1684 -9.990e-29
 249.825081      0.264  38.526938    12.2730     5.0393      0.262    33.3218    25.2342 -9.990e-29
 249.825087      0.262  38.552274    12.2354     5.0807      0.260    33.3798    25.2863 -9.990e-29
 249.825093      0.258  38.551174    12.2501     5.1565      0.256    33.3656    25.2725 -9.990e-29
 249.825098      0.254  38.518830    12.2840     5.2235      0.252    33.3042    25.2185 -9.990e-29
 249.825104      0.249  38.489070    12.2928     5.2459      0.247    33.2678    25.1885 -9.990e-29
 249.825110      0.246  38.468299    12.2790     5.2651      0.244    33.2600    25.1851 -9.990e-29
 249.825116      0.250  38.459759    12.2685     5.2991      0.248    33.2611    25.1880 -9.990e-29
 249.825122      0.256  38.441443    12.2756     5.4215      0.254    33.2372    25.1680 -9.990e-29
 249.825127      0.262  38.396829    12.3004     5.6027      0.260    33.1722    25.1129 -9.990e-29
 249.825133      0.266  38.328224    12.3129     5.8708      0.264    33.0951    25.0507 -9.990e-29
 249.825139      0.270  38.265463    12.2951     6.2889      0.268    33.0505    25.0195 -9.990e-29
 249.825145      0.273  38.256846    12.2764     6.6824      0.271    33.0587    25.0294 -9.990e-29
 249.825150      0.277  38.268475    12.2861     7.0308      0.275    33.0613    25.0296 -9.990e-29
 249.825156      0.280  38.198001    12.3086     7.4018      0.278    32.9737    24.9574 -9.990e-29
 249.825162      0.284  38.050862    12.2967     7.6801      0.282    32.8427    24.8580 -9.990e-29
 249.825168      0.288  37.888594    12.2361     7.8521      0.286    32.7397    24.7897 -9.990e-29
 249.825174      0.294  37.748058    12.1771     7.8246      0.292    32.6560    24.7359 -9.990e-29
 249.825179      0.300  37.653541    12.1685     7.6260      0.297    32.5725    24.6727 -9.990e-29
 249.825185      0.304  37.581210    12.2081     7.4348      0.301    32.4684    24.5846 -9.990e-29
 249.825191      0.301  37.525019    12.2652     7.2802      0.298    32.3650    24.4936 -9.990e-29
 249.825197      0.295  37.503827    12.3039     7.2061      0.293    32.3113    24.4446 -9.990e-29
 249.825203      0.291  37.514693    12.3115     7.2008      0.289    32.3151    24.4462 -9.990e-29
 249.825208      0.288  37.538483    12.3139     7.2818      0.286    32.3359    24.4618 -9.990e-29
 249.825214      0.285  37.553086    12.3244     7.4290      0.283    32.3408    24.4636 -9.990e-29
 249.825220      0.283  37.554438    12.3200     7.5745      0.281    32.3459    24.4684 -9.990e-29
 249.825226      0.282  37.546632    12.2939     7.6416      0.280    32.3609    24.4850 -9.990e-29
 249.825231      0.281  37.526603    12.2747     7.6708      0.279    32.3583    24.4866 -9.990e-29
 249.825237      0.280  37.499125    12.2856     7.6686      0.278    32.3225    24.4568 -9.990e-29
 249.825243      0.280  37.482040    12.3122     7.6829      0.278    32.2832    24.4213 -9.990e-29
 249.825249      0.280  37.481232    12.3112     7.6986      0.278    32.2833    24.4216 -9.990e-29
 249.825255      0.280  37.474904    12.2629     7.6185      0.278    32.3189    24.4583 -9.990e-29
 249.825260      0.280  37.442886    12.2007     7.5229      0.278    32.3419    24.4878 -9.990e-29
 249.825266      0.281  37.396415    12.1682     7.4915      0.279    32.3253    24.4810 -9.990e-29
 249.825272      0.283  37.367854    12.1866     7.5389      0.281    32.2819    24.4439 -9.990e-29
 249.825278      0.284  37.374157    12.2329     7.6359      0.282    32.2481    24.4090 -9.990e-29
 249.825284      0.287  37.399067    12.2543     7.6826      0.285    32.2535    24.4092 -9.990e-29
 249.825289      0.290  37.415228    12.2397     7.6537      0.288    32.2816    24.4337 -9.990e-29
 249.825295      0.294  37.411131    12.2141     7.6167      0.292    32.2998    24.4526 -9.990e-29
 249.825301      0.299  37.393710    12.1883     7.6204      0.297    32.3053    24.4618 -9.990e-29
 249.825307      0.306  37.371209    12.1657     7.6043      0.303    32.3032    24.4644 -9.990e-29
 249.825313      0.314  37.348461    12.1594     7.5834      0.311    32.2868    24.4528 -9.990e-29
 249.825318      0.321  37.337832    12.1793     7.5629      0.318    32.2594    24.4278 -9.990e-29
 249.825324      0.323  37.348761    12.2060     7.5722      0.320    32.2468    24.4131 -9.990e-29
 249.825330      0.323  37.367799    12.2119     7.5795      0.320    32.2600    24.4222 -9.990e-29
 249.825336      0.326  37.369864    12.1998     7.6111      0.323    32.2725    24.4341 -9.990e-29
 249.825341      0.333  37.352711    12.1871     7.6314      0.330    32.2669    24.4322 -9.990e-29
 249.825347      0.339  37.334487    12.1771     7.6250      0.336    32.2580    24.4272 -9.990e-29
 249.825353      0.340  37.325170    12.1679     7.6613      0.337    32.2570    24.4281 -9.990e-29
 249.825359      0.342  37.319111    12.1652     7.7004      0.339    32.2535    24.4259 -9.990e-29
 249.825365      0.343  37.310520    12.1731     7.7229      0.340    32.2384    24.4127 -9.990e-29
 249.825370      0.340  37.309311    12.1848     7.7340      0.337    32.2272    24.4018 -9.990e-29
 249.825376      0.337  37.315599    12.1886     7.7233      0.334    32.2300    24.4033 -9.990e-29
 249.825382      0.338  37.314800    12.1857     7.7108      0.335    32.2317    24.4052 -9.990e-29
 249.825388      0.343  37.309826    12.1896     7.6940      0.340    32.2235    24.3981 -9.990e-29
 249.825394      0.348  37.311488    12.2093     7.6936      0.345    32.2082    24.3825 -9.990e-29
 249.825399      0.349  37.323729    12.2362     7.6773      0.346    32.1968    24.3686 -9.990e-29
 249.825405      0.350  37.341022    12.2469     7.6576      0.347    32.2042    24.3723 -9.990e-29
 249.825411      0.357  37.346623    12.2378     7.6720      0.354    32.2174    24.3843 -9.990e-29
 249.825417      0.364  37.336264    12.2288     7.7217      0.361    32.2152    24.3843 -9.990e-29
 249.825422      0.364  37.325927    12.2296     7.7706      0.361    32.2046    24.3759 -9.990e-29
 249.825428      0.357  37.323757    12.2274     7.7880      0.354    32.2044    24.3761 -9.990e-29
 249.825434      0.350  37.317921    12.2094     7.7395      0.347    32.2143    24.3872 -9.990e-29
 249.825440      0.349  37.302367    12.1847     7.6786      0.346    32.2206    24.3967 -9.990e-29
 249.825446      0.348  37.288394    12.1715     7.6626      0.345    32.2185    24.3976 -9.990e-29
 249.825451      0.343  37.286035    12.1845     7.6462      0.340    32.2051    24.3847 -9.990e-29
 249.825457      0.338  37.300037    12.2082     7.6707      0.335    32.1981    24.3749 -9.990e-29
 249.825463      0.337  37.321048    12.1975     7.6755      0.334    32.2275    24.3997 -9.990e-29
 249.825469      0.340  37.320443    12.1498     7.6330      0.337    32.2681    24.4401 -9.990e-29
 249.825475      0.347  37.292981    12.1098     7.5916      0.344    32.2762    24.4539 -9.990e-29
 249.825480      0.359  37.275049    12.1063     7.5600      0.356    32.2619    24.4435 -9.990e-29
 249.825486      0.376  37.286545    12.1230     7.5741      0.373    32.2586    24.4378 -9.990e-29
 249.825492      0.395  37.300737    12.1274     7.6188      0.392    32.2684    24.4446 -9.990e-29
 249.825498      0.409  37.292253    12.1147     7.6718      0.406    32.2712    24.4491 -9.990e-29
 249.825503      0.419  37.266481    12.0931     7.6974      0.416    32.2651    24.4484 -9.990e-29
 249.825509      0.430  37.237912    12.0722     7.7016      0.426    32.2556    24.4449 -9.990e-29
 249.825515      0.437  37.219321    12.0745     7.7035      0.433    32.2357    24.4291 -9.990e-29
 249.825521      0.438  37.225149    12.1063     7.7015      0.434    32.2139    24.4062 -9.990e-29
 249.825527      0.436  37.254497    12.1359     7.6891      0.432    32.2166    24.4028 -9.990e-29
 249.825532      0.436  37.279099    12.1308     7.6695      0.432    32.2447    24.4255 -9.990e-29
 249.825538      0.433  37.272229    12.0973     7.6422      0.429    32.2670    24.4491 -9.990e-29
 249.825544      0.428  37.242083    12.0656     7.6004      0.424    32.2653    24.4537 -9.990e-29
 249.825550      0.428  37.221378    12.0562     7.5536      0.424    32.2535    24.4463 -9.990e-29
 249.825556      0.433  37.224543    12.0632     7.5664      0.429    32.2505    24.4426 -9.990e-29
 249.825561      0.436  37.231050    12.0641     7.5858      0.432    32.2560    24.4467 -9.990e-29
 249.825567      0.436  37.224268    12.0503     7.6209      0.432    32.2614    24.4535 -9.990e-29
 249.825573      0.442  37.212510    12.0359     7.6537      0.438    32.2625    24.4570 -9.990e-29
 249.825579      0.454  37.208674    12.0344     7.6571      0.450    32.2601    24.4554 -9.990e-29
 249.825584      0.465  37.218818    12.0469     7.6998      0.461    32.2590    24.4523 -9.990e-29
 249.825590      0.471  37.237892    12.0622     7.7183      0.467    32.2642    24.4535 -9.990e-29
 249.825596      0.473  37.253114    12.0675     7.7295      0.469    32.2743    24.4603 -9.990e-29
 249.825602      0.470  37.255551    12.0642     7.7294      0.466    32.2795    24.4650 -9.990e-29
 249.825608      0.466  37.247847    12.0628     7.6774      0.462    32.2733    24.4604 -9.990e-29
 249.825613      0.466  37.241008    12.0724     7.6180      0.462    32.2584    24.4471 -9.990e-29
 249.825619      0.466  37.245511    12.1013     7.6000      0.462    32.2378    24.4257 -9.990e-29
 249.825625      0.460  37.263380    12.1447     7.6344      0.456    32.2175    24.4019 -9.990e-29
 249.825631      0.449  37.283595    12.1692     7.7072      0.445    32.2159    24.3960 -9.990e-29
 249.825637      0.436  37.293781    12.1498     7.7562      0.432    32.2424    24.4202 -9.990e-29
 249.825642      0.429  37.286154    12.1100     7.7661      0.425    32.2694    24.4486 -9.990e-29
 249.825648      0.432  37.261727    12.0885     7.7445      0.428    32.2645    24.4488 -9.990e-29
 249.825654      0.441  37.242881    12.0971     7.7092      0.437    32.2389    24.4273 -9.990e-29
 249.825660      0.447  37.246520    12.1144     7.6297      0.443    32.2274    24.4152 -9.990e-29
 249.825666      0.447  37.258362    12.1123     7.5367      0.443    32.2407    24.4259 -9.990e-29
 249.825671      0.445  37.257667    12.0932     7.5008      0.441    32.2565    24.4417 -9.990e-29
 249.825677      0.450  37.238418    12.0845     7.5452      0.446    32.2455    24.4348 -9.990e-29
 249.825683      0.462  37.216993    12.1069     7.5883      0.458    32.2055    24.3996 -9.990e-29
 249.825689      0.473  37.219775    12.1416     7.6401      0.469    32.1783    24.3720 -9.990e-29
 249.825694      0.479  37.244806    12.1464     7.6522      0.475    32.1982    24.3865 -9.990e-29
 249.825700      0.481  37.260874    12.1170     7.6534      0.477    32.2390    24.4237 -9.990e-29
