data/oxygen options/OCNMS/OCNMS1/raw_data/2014/CAST_KL015_140624faed.cnv
* Sea-Bird SBE19 Data File:
* FileName = C:\2014 Mooring Data\CAST_KL015_140624.hex
* Software Version 1.59
* Temperature SN = 2997
* Conductivity SN = 2997
* System UpLoad Time = Jun 25 2014 00:08:09
** CAST_KL015_140624
* ds
# nquan = 9                                 
# nvalues = 23609                       
# units = specified
# name 0 = timeJ: Julian Days
# name 1 = prSM: Pressure, Strain Gauge [db]
# name 2 = c0mS/cm: Conductivity [mS/cm]
# name 3 = t090C: Temperature [ITS-90, deg C]
# name 4 = sbeox0ML/L: Oxygen, SBE 43 [ml/l]
# name 5 = depSM: Depth [salt water, m], lat = 47.5
# name 6 = sal00: Salinity, Practical [PSU]
# name 7 = sigma-é00: Density [sigma-theta, kg/m^3]
# name 8 = flag: flag
# span 0 = 175.864769, 176.001389       
# span 1 =     -5.842,     16.493       
# span 2 =   0.138259,  38.245103       
# span 3 =     8.7658,    17.0481       
# span 4 =    -1.7441,    15.7246       
# span 5 =     -5.793,     16.355       
# span 6 =     0.0826,    33.1324       
# span 7 =    -1.1408,    25.6889       
# span 8 = 0.0000e+00, 0.0000e+00       
# interval = seconds: 0.5
# start_time = Jun 24 2014 20:45:16 [Instrument's time stamp, header]
# bad_flag = -9.990e-29
*END*
[from data line 17601]
 175.966626      0.275   0.228201    14.8485     6.3123      0.273     0.1364    -0.7703 -9.990e-29
 175.966632      0.275   0.228200    14.8532     6.3112      0.273     0.1364    -0.7711 -9.990e-29
 175.966638      0.275   0.228199    14.8583     6.3100      0.273     0.1363    -0.7718 -9.990e-29
 175.966644      0.275   0.228196    14.8635     6.3098      0.273     0.1363    -0.7726 -9.990e-29
 175.966649      0.275   0.228187    14.8687     6.3091      0.273     0.1363    -0.7734 -9.990e-29
 175.966655      0.275   0.228159    14.8729     6.3078      0.273     0.1363    -0.7741 -9.990e-29
 175.966661      0.275   0.228075    14.8750     6.3066      0.273     0.1362    -0.7744 -9.990e-29
 175.966667      0.275   0.227825    14.8760     6.3143      0.273     0.1361    -0.7747 -9.990e-29
 175.966672      0.275   0.227630    14.8787     6.3168      0.273     0.1359    -0.7752 -9.990e-29
 175.966678      0.275   0.227786    14.8840     6.3092      0.273     0.1360    -0.7759 -9.990e-29
 175.966684      0.275   0.227947    14.8907     6.3058      0.273     0.1361    -0.7769 -9.990e-29
 175.966690      0.275   0.227770    14.8971     6.3022      0.273     0.1360    -0.7779 -9.990e-29
 175.966696      0.275   0.227576    14.9026     6.3038      0.273     0.1358    -0.7789 -9.990e-29
 175.966701      0.275   0.227660    14.9085     6.3071      0.273     0.1359    -0.7797 -9.990e-29
 175.966707      0.275   0.227579    14.9155     6.3063      0.273     0.1358    -0.7808 -9.990e-29
 175.966713      0.275   0.227226    14.9214     6.3139      0.273     0.1356    -0.7819 -9.990e-29
 175.966719      0.275   0.227243    14.9240     6.3141      0.273     0.1356    -0.7823 -9.990e-29
 175.966725      0.275   0.227653    14.9232     6.3118      0.273     0.1358    -0.7820 -9.990e-29
 175.966730      0.275   0.227889    14.9208     6.3091      0.273     0.1360    -0.7815 -9.990e-29
 175.966736      0.275   0.227711    14.9184     6.3055      0.273     0.1359    -0.7812 -9.990e-29
 175.966742      0.275   0.227440    14.9177     6.3062      0.273     0.1357    -0.7812 -9.990e-29
 175.966748      0.275   0.227267    14.9194     6.2985      0.273     0.1356    -0.7816 -9.990e-29
 175.966753      0.275   0.226962    14.9234     6.2966      0.273     0.1354    -0.7823 -9.990e-29
 175.966759      0.275   0.226675    14.9288     6.2961      0.273     0.1352    -0.7833 -9.990e-29
 175.966765      0.275   0.226579    14.9361     6.2985      0.273     0.1351    -0.7844 -9.990e-29
 175.966771      0.275   0.226547    14.9461     6.3029      0.273     0.1351    -0.7860 -9.990e-29
 175.966777      0.275   0.226537    14.9563     6.3032      0.273     0.1350    -0.7875 -9.990e-29
 175.966782      0.275   0.226533    14.9621     6.3115      0.273     0.1350    -0.7884 -9.990e-29
 175.966788      0.275   0.226531    14.9627     6.3051      0.273     0.1350    -0.7885 -9.990e-29
 175.966794      0.275   0.226531    14.9608     6.3030      0.273     0.1350    -0.7882 -9.990e-29
 175.966800      0.275   0.226531    14.9590     6.3090      0.273     0.1350    -0.7880 -9.990e-29
 175.966806      0.275   0.226530    14.9585     6.3088      0.273     0.1350    -0.7879 -9.990e-29
 175.966811      0.275   0.226530    14.9583     6.3127      0.273     0.1350    -0.7879 -9.990e-29
 175.966817      0.275   0.226530    14.9568     6.3107      0.273     0.1350    -0.7876 -9.990e-29
 175.966823      0.275   0.226530    14.9546     6.3067      0.273     0.1350    -0.7873 -9.990e-29
 175.966829      0.275   0.226530    14.9527     6.2985      0.273     0.1351    -0.7870 -9.990e-29
 175.966834      0.275   0.226530    14.9519     6.3052      0.273     0.1351    -0.7869 -9.990e-29
 175.966840      0.275   0.226530    14.9522     6.3080      0.273     0.1351    -0.7869 -9.990e-29
 175.966846      0.275   0.226530    14.9530     6.3038      0.273     0.1351    -0.7870 -9.990e-29
 175.966852      0.275   0.226530    14.9540     6.3060      0.273     0.1351    -0.7872 -9.990e-29
 175.966858      0.275   0.226530    14.9549     6.3022      0.273     0.1350    -0.7873 -9.990e-29
 175.966863      0.275   0.226529    14.9555     6.3053      0.273     0.1350    -0.7874 -9.990e-29
 175.966869      0.275   0.226529    14.9558     6.3100      0.273     0.1350    -0.7875 -9.990e-29
 175.966875      0.275   0.226529    14.9557     6.3104      0.273     0.1350    -0.7875 -9.990e-29
 175.966881      0.275   0.226529    14.9542     6.3108      0.273     0.1351    -0.7872 -9.990e-29
 175.966887      0.275   0.226529    14.9500     6.3111      0.273     0.1351    -0.7866 -9.990e-29
 175.966892      0.275   0.226529    14.9425     6.3114      0.273     0.1351    -0.7854 -9.990e-29
 175.966898      0.275   0.226529    14.9320     6.3117      0.273     0.1351    -0.7838 -9.990e-29
 175.966904      0.275   0.226529    14.9216     6.3114      0.273     0.1352    -0.7822 -9.990e-29
 175.966910      0.275   0.226529    14.9138     6.3103      0.273     0.1352    -0.7811 -9.990e-29
 175.966916      0.275   0.226529    14.9074     6.3082      0.273     0.1352    -0.7801 -9.990e-29
 175.966921      0.275   0.226529    14.9019     6.3054      0.273     0.1352    -0.7792 -9.990e-29
 175.966927      0.275   0.226529    14.8979     6.3026      0.273     0.1352    -0.7786 -9.990e-29
 175.966933      0.275   0.226528    14.8948     6.3090      0.273     0.1352    -0.7782 -9.990e-29
 175.966939      0.275   0.226528    14.8925     6.3017      0.273     0.1352    -0.7778 -9.990e-29
 175.966944      0.275   0.226528    14.8909     6.2997      0.273     0.1352    -0.7776 -9.990e-29
 175.966950      0.275   0.226528    14.8911     6.2978      0.273     0.1352    -0.7776 -9.990e-29
 175.966956      0.275   0.226528    14.8948     6.2966      0.273     0.1352    -0.7782 -9.990e-29
 175.966962      0.275   0.226528    14.9036     6.3021      0.273     0.1352    -0.7795 -9.990e-29
 175.966968      0.275   0.226528    14.9175     6.3032      0.273     0.1352    -0.7816 -9.990e-29
 175.966973      0.275   0.226528    14.9347     6.3124      0.273     0.1351    -0.7842 -9.990e-29
 175.966979      0.275   0.226528    14.9514     6.3074      0.273     0.1351    -0.7868 -9.990e-29
 175.966985      0.275   0.226527    14.9642     6.3046      0.273     0.1350    -0.7888 -9.990e-29
 175.966991      0.275   0.226526    14.9721     6.3006      0.273     0.1350    -0.7900 -9.990e-29
 175.966997      0.275   0.226521    14.9751     6.2976      0.273     0.1350    -0.7904 -9.990e-29
 175.967002      0.275   0.226507    14.9738     6.3080      0.273     0.1350    -0.7902 -9.990e-29
 175.967008      0.275   0.226467    14.9687     6.3094      0.273     0.1350    -0.7895 -9.990e-29
 175.967014      0.275   0.226348    14.9609     6.3089      0.273     0.1349    -0.7883 -9.990e-29
 175.967020      0.275   0.225991    14.9529     6.2977      0.273     0.1347    -0.7873 -9.990e-29
 175.967025      0.275   0.225475    14.9463     6.2987      0.273     0.1344    -0.7865 -9.990e-29
 175.967031      0.275   0.225223    14.9435     6.2990      0.273     0.1343    -0.7862 -9.990e-29
 175.967037      0.275   0.225457    14.9472     6.3070      0.273     0.1344    -0.7867 -9.990e-29
 175.967043      0.275   0.225930    14.9556     6.3017      0.273     0.1347    -0.7877 -9.990e-29
 175.967049      0.275   0.226164    14.9650     6.2957      0.273     0.1348    -0.7890 -9.990e-29
 175.967054      0.275   0.225913    14.9737     6.2930      0.273     0.1346    -0.7905 -9.990e-29
 175.967060      0.275   0.225400    14.9807     6.2906      0.273     0.1343    -0.7918 -9.990e-29
 175.967066      0.275   0.225053    14.9872     6.2947      0.273     0.1341    -0.7930 -9.990e-29
 175.967072      0.275   0.224966    14.9950     6.2957      0.273     0.1340    -0.7942 -9.990e-29
 175.967078      0.275   0.225022    15.0046     6.2959      0.273     0.1340    -0.7957 -9.990e-29
 175.967083      0.275   0.225296    15.0157     6.2947      0.273     0.1341    -0.7972 -9.990e-29
 175.967089      0.275   0.225597    15.0266     6.2940      0.273     0.1343    -0.7988 -9.990e-29
 175.967095      0.275   0.225770    15.0348     6.2932      0.273     0.1343    -0.7999 -9.990e-29
 175.967101      0.275   0.226046    15.0402     6.3005      0.273     0.1345    -0.8006 -9.990e-29
 175.967106      0.275   0.226238    15.0441     6.3018      0.273     0.1346    -0.8012 -9.990e-29
 175.967112      0.275   0.226046    15.0463     6.2934      0.273     0.1345    -0.8016 -9.990e-29
 175.967118      0.275   0.225771    15.0457     6.2892      0.273     0.1343    -0.8016 -9.990e-29
 175.967124      0.275   0.225600    15.0439     6.2863      0.273     0.1342    -0.8014 -9.990e-29
 175.967130      0.275   0.225308    15.0443     6.2972      0.273     0.1340    -0.8016 -9.990e-29
 175.967135      0.275   0.225061    15.0481     6.2958      0.273     0.1339    -0.8023 -9.990e-29
 175.967141      0.275   0.225084    15.0535     6.3030      0.273     0.1339    -0.8031 -9.990e-29
 175.967147      0.275   0.225409    15.0589     6.3043      0.273     0.1341    -0.8038 -9.990e-29
 175.967153      0.275   0.225913    15.0640     6.3033      0.273     0.1343    -0.8044 -9.990e-29
 175.967159      0.275   0.226156    15.0682     6.3060      0.273     0.1345    -0.8049 -9.990e-29
 175.967164      0.275   0.225908    15.0706     6.3032      0.273     0.1343    -0.8054 -9.990e-29
 175.967170      0.275   0.225393    15.0701     6.3032      0.273     0.1340    -0.8056 -9.990e-29
 175.967176      0.275   0.225036    15.0661     6.3036      0.273     0.1338    -0.8051 -9.990e-29
 175.967182      0.275   0.224917    15.0602     6.3035      0.273     0.1338    -0.8043 -9.990e-29
 175.967187      0.275   0.224877    15.0534     6.3046      0.273     0.1338    -0.8032 -9.990e-29
 175.967193      0.275   0.224863    15.0457     6.3046      0.273     0.1338    -0.8020 -9.990e-29
 175.967199      0.275   0.224859    15.0376     6.2962      0.273     0.1338    -0.8008 -9.990e-29
 175.967205      0.275   0.224857    15.0302     6.3023      0.273     0.1338    -0.7997 -9.990e-29
 175.967211      0.275   0.224857    15.0236     6.3045      0.273     0.1338    -0.7986 -9.990e-29
 175.967216      0.275   0.224857    15.0184     6.3069      0.273     0.1339    -0.7978 -9.990e-29
 175.967222      0.275   0.224857    15.0150     6.3090      0.273     0.1339    -0.7973 -9.990e-29
 175.967228      0.275   0.224857    15.0126     6.3043      0.273     0.1339    -0.7970 -9.990e-29
 175.967234      0.275   0.224857    15.0101     6.3046      0.273     0.1339    -0.7966 -9.990e-29
 175.967240      0.275   0.224857    15.0074     6.3053      0.273     0.1339    -0.7962 -9.990e-29
 175.967245      0.275   0.224857    15.0061     6.3052      0.273     0.1339    -0.7960 -9.990e-29
 175.967251      0.275   0.224857    15.0062     6.2976      0.273     0.1339    -0.7960 -9.990e-29
 175.967257      0.275   0.224857    15.0059     6.2958      0.273     0.1339    -0.7959 -9.990e-29
 175.967263      0.275   0.224856    15.0047     6.3045      0.273     0.1339    -0.7957 -9.990e-29
 175.967269      0.275   0.224856    15.0033     6.3089      0.273     0.1339    -0.7955 -9.990e-29
 175.967274      0.275   0.224856    15.0030     6.3130      0.273     0.1339    -0.7955 -9.990e-29
 175.967280      0.275   0.224856    15.0035     6.3030      0.273     0.1339    -0.7956 -9.990e-29
 175.967286      0.275   0.224856    15.0027     6.3052      0.273     0.1339    -0.7954 -9.990e-29
 175.967292      0.275   0.224856    15.0007     6.3075      0.273     0.1339    -0.7951 -9.990e-29
 175.967297      0.275   0.224856    14.9987     6.3103      0.273     0.1339    -0.7948 -9.990e-29
 175.967303      0.275   0.224856    14.9965     6.3046      0.273     0.1339    -0.7945 -9.990e-29
 175.967309      0.275   0.224856    14.9938     6.2998      0.273     0.1339    -0.7941 -9.990e-29
 175.967315      0.275   0.224856    14.9907     6.3081      0.273     0.1339    -0.7936 -9.990e-29
 175.967321      0.275   0.224856    14.9878     6.3124      0.273     0.1339    -0.7931 -9.990e-29
 175.967326      0.275   0.224856    14.9859     6.3177      0.273     0.1340    -0.7929 -9.990e-29
 175.967332      0.275   0.224855    14.9847     6.3080      0.273     0.1340    -0.7927 -9.990e-29
 175.967338      0.275   0.224855    14.9832     6.3018      0.273     0.1340    -0.7924 -9.990e-29
 175.967344      0.275   0.224855    14.9804     6.3091      0.273     0.1340    -0.7920 -9.990e-29
 175.967350      0.275   0.224855    14.9762     6.3048      0.273     0.1340    -0.7914 -9.990e-29
 175.967355      0.275   0.224855    14.9713     6.3072      0.273     0.1340    -0.7906 -9.990e-29
 175.967361      0.275   0.224855    14.9665     6.3134      0.273     0.1340    -0.7899 -9.990e-29
 175.967367      0.275   0.224855    14.9623     6.3062      0.273     0.1340    -0.7892 -9.990e-29
 175.967373      0.275   0.224855    14.9578     6.3113      0.273     0.1340    -0.7886 -9.990e-29
 175.967378      0.275   0.224855    14.9530     6.3214      0.273     0.1341    -0.7878 -9.990e-29
 175.967384      0.275   0.224855    14.9504     6.3242      0.273     0.1341    -0.7874 -9.990e-29
 175.967390      0.275   0.224855    14.9510     6.3203      0.273     0.1341    -0.7875 -9.990e-29
 175.967396      0.275   0.224855    14.9528     6.3168      0.273     0.1341    -0.7878 -9.990e-29
 175.967402      0.275   0.224855    14.9533     6.3136      0.273     0.1341    -0.7879 -9.990e-29
 175.967407      0.275   0.224854    14.9513     6.3159      0.273     0.1341    -0.7876 -9.990e-29
 175.967413      0.275   0.224854    14.9464     6.3270      0.273     0.1341    -0.7868 -9.990e-29
 175.967419      0.275   0.224854    14.9359     6.3277      0.273     0.1341    -0.7852 -9.990e-29
 175.967425      0.275   0.224854    14.9180     6.3274      0.273     0.1342    -0.7825 -9.990e-29
 175.967431      0.275   0.224854    14.8971     6.3249      0.273     0.1342    -0.7793 -9.990e-29
 175.967436      0.275   0.224854    14.8805     6.3199      0.273     0.1343    -0.7768 -9.990e-29
 175.967442      0.275   0.224854    14.8711     6.3192      0.273     0.1343    -0.7753 -9.990e-29
 175.967448      0.275   0.224854    14.8659     6.3194      0.273     0.1343    -0.7745 -9.990e-29
 175.967454      0.274   0.224854    14.8626     6.3114      0.272     0.1343    -0.7740 -9.990e-29
 175.967459      0.274   0.224854    14.8624     6.3169      0.272     0.1343    -0.7740 -9.990e-29
 175.967465      0.274   0.224854    14.8661     6.3176      0.272     0.1343    -0.7746 -9.990e-29
 175.967471      0.274   0.224854    14.8716     6.3184      0.272     0.1343    -0.7754 -9.990e-29
 175.967477      0.273   0.224854    14.8766     6.3120      0.271     0.1343    -0.7762 -9.990e-29
 175.967483      0.273   0.224853    14.8814     6.3148      0.271     0.1343    -0.7769 -9.990e-29
 175.967488      0.272   0.224853    14.8865     6.3160      0.270     0.1343    -0.7777 -9.990e-29
 175.967494      0.272   0.224853    14.8903     6.3166      0.270     0.1342    -0.7783 -9.990e-29
 175.967500      0.271   0.224853    14.8922     6.3170      0.269     0.1342    -0.7785 -9.990e-29
 175.967506      0.269   0.224853    14.8944     6.3200      0.267     0.1342    -0.7789 -9.990e-29
 175.967512      0.268   0.224853    14.8988     6.3132      0.266     0.1342    -0.7795 -9.990e-29
 175.967517      0.266   0.224853    14.9052     6.3021      0.264     0.1342    -0.7805 -9.990e-29
 175.967523      0.263   0.224853    14.9110     6.3051      0.261     0.1342    -0.7814 -9.990e-29
 175.967529      0.260   0.224853    14.9142     6.3040      0.258     0.1342    -0.7819 -9.990e-29
 175.967535      0.255   0.224853    14.9164     6.3094      0.253     0.1342    -0.7822 -9.990e-29
 175.967541      0.249   0.224853    14.9211     6.3114      0.247     0.1341    -0.7829 -9.990e-29
