data/oxygen options/OCNMS/OCNMS1/raw_data/2014/CAST_CA042_141007faed.cnv
* Sea-Bird SBE19 Data File:
* FileName = C:\2014 Mooring Data\Casts\CAST_CA042_141007.hex
* Software Version 1.59
* Temperature SN = 2997
* Conductivity SN = 2997
* System UpLoad Time = Oct 07 2014 22:20:04
** CAST_CA042_141007
* ds
# nquan = 9                                 
# nvalues = 1427                        
# units = specified
# name 0 = timeJ: Julian Days
# name 1 = prSM: Pressure, Strain Gauge [db]
# name 2 = c0mS/cm: Conductivity [mS/cm]
# name 3 = t090C: Temperature [ITS-90, deg C]
# name 4 = sbeox0ML/L: Oxygen, SBE 43 [ml/l]
# name 5 = depSM: Depth [salt water, m], lat = 47.5
# name 6 = sal00: Salinity, Practical [PSU]
# name 7 = sigma-é00: Density [sigma-theta, kg/m^3]
# name 8 = flag: flag
# span 0 = 280.856134, 280.864387       
# span 1 =     -5.644,     44.682       
# span 2 =   0.339738,  39.468424       
# span 3 =     7.7892,    15.7056       
# span 4 =    -1.7732,    17.8460       
# span 5 =     -5.597,     44.304       
# span 6 =     0.2013,    33.1999       
# span 7 =    -0.8482,    25.8879       
# span 8 = 0.0000e+00, 0.0000e+00       
# interval = seconds: 0.5
# start_time = Oct 07 2014 20:32:50 [Instrument's time stamp, header]
# bad_flag = -9.990e-29
*END*
[from data line 321]
 280.857992     -1.171   0.373884    15.4162     6.4735     -1.161     0.2221    -0.7907 -9.990e-29
 280.857998     -1.163   0.374245    15.4203     6.4653     -1.153     0.2223    -0.7912 -9.990e-29
 280.858003     -1.161   0.374365    15.4253     6.4631     -1.151     0.2223    -0.7919 -9.990e-29
 280.858009     -1.160   0.374404    15.4299     6.4631     -1.150     0.2223    -0.7927 -9.990e-29
 280.858015     -1.156   0.374413    15.4332     6.4659     -1.146     0.2223    -0.7932 -9.990e-29
 280.858021     -1.149   0.374403    15.4358     6.4773     -1.139     0.2223    -0.7936 -9.990e-29
 280.858027     -1.138   0.374363    15.4396     6.4786     -1.129     0.2223    -0.7942 -9.990e-29
 280.858032     -1.127   0.374240    15.4454     6.4776     -1.118     0.2222    -0.7952 -9.990e-29
 280.858038     -1.120   0.373869    15.4522     6.4749     -1.111     0.2219    -0.7965 -9.990e-29
 280.858044     -1.116   0.373313    15.4577     6.4706     -1.107     0.2215    -0.7976 -9.990e-29
 280.858050     -1.114   0.372942    15.4610     6.4774     -1.105     0.2213    -0.7983 -9.990e-29
 280.858056     -1.115   0.372818    15.4623     6.4703     -1.106     0.2212    -0.7986 -9.990e-29
 280.858061     -1.119   0.372777    15.4619     6.4677     -1.110     0.2212    -0.7986 -9.990e-29
 280.858067     -1.122   0.372763    15.4612     6.4736     -1.113     0.2212    -0.7985 -9.990e-29
 280.858073     -1.119   0.372760    15.4626     6.4734     -1.110     0.2212    -0.7987 -9.990e-29
 280.858079     -1.115   0.372763    15.4664     6.4697     -1.106     0.2211    -0.7993 -9.990e-29
 280.858084     -1.114   0.372776    15.4715     6.4664     -1.105     0.2211    -0.8001 -9.990e-29
 280.858090     -1.115   0.372816    15.4769     6.4622     -1.106     0.2211    -0.8010 -9.990e-29
 280.858096     -1.115   0.372937    15.4828     6.4635     -1.106     0.2212    -0.8018 -9.990e-29
 280.858102     -1.109   0.373303    15.4895     6.4664     -1.100     0.2214    -0.8028 -9.990e-29
 280.858108     -1.101   0.373845    15.4960     6.4659     -1.092     0.2216    -0.8035 -9.990e-29
 280.858113     -1.094   0.374174    15.5007     6.4660     -1.085     0.2218    -0.8041 -9.990e-29
 280.858119     -1.090   0.374174    15.5031     6.4662     -1.081     0.2218    -0.8045 -9.990e-29
 280.858125     -1.086   0.373844    15.5036     6.4661     -1.077     0.2216    -0.8048 -9.990e-29
 280.858131     -1.083   0.373301    15.5028     6.4740     -1.074     0.2213    -0.8049 -9.990e-29
 280.858137     -1.081   0.372934    15.5025     6.4676     -1.072     0.2211    -0.8050 -9.990e-29
 280.858142     -1.080   0.372807    15.5043     6.4649     -1.071     0.2210    -0.8054 -9.990e-29
 280.858148     -1.078   0.372752    15.5079     6.4624     -1.069     0.2209    -0.8060 -9.990e-29
 280.858154     -1.078   0.372696    15.5120     6.4666     -1.069     0.2209    -0.8067 -9.990e-29
 280.858160     -1.077   0.372566    15.5149     6.4711     -1.068     0.2208    -0.8072 -9.990e-29
 280.858166     -1.077   0.372189    15.5159     6.4704     -1.068     0.2205    -0.8075 -9.990e-29
 280.858171     -1.078   0.371619    15.5160     6.4680     -1.069     0.2202    -0.8078 -9.990e-29
 280.858177     -1.078   0.371207    15.5165     6.4637     -1.069     0.2199    -0.8081 -9.990e-29
 280.858183     -1.079   0.370959    15.5180     6.4642     -1.070     0.2198    -0.8084 -9.990e-29
 280.858189     -1.081   0.370547    15.5213     6.4643     -1.072     0.2195    -0.8092 -9.990e-29
 280.858194     -1.083   0.369977    15.5263     6.4646     -1.074     0.2191    -0.8102 -9.990e-29
 280.858200     -1.086   0.369601    15.5329     6.4656     -1.077     0.2189    -0.8115 -9.990e-29
 280.858206     -1.089   0.369476    15.5411     6.4651     -1.080     0.2188    -0.8129 -9.990e-29
 280.858212     -1.090   0.369433    15.5492     6.4641     -1.081     0.2187    -0.8142 -9.990e-29
 280.858218     -1.083   0.369417    15.5554     6.4634     -1.074     0.2187    -0.8152 -9.990e-29
 280.858223     -1.072   0.369406    15.5596     6.4636     -1.063     0.2186    -0.8159 -9.990e-29
 280.858229     -1.061   0.369384    15.5618     6.4642     -1.052     0.2186    -0.8163 -9.990e-29
 280.858235     -1.050   0.369323    15.5617     6.4647     -1.041     0.2186    -0.8163 -9.990e-29
 280.858241     -1.042   0.369144    15.5600     6.4645     -1.033     0.2185    -0.8161 -9.990e-29
 280.858247     -1.040   0.368793    15.5576     6.4652     -1.031     0.2183    -0.8159 -9.990e-29
 280.858252     -1.040   0.368359    15.5560     6.4652     -1.031     0.2180    -0.8158 -9.990e-29
 280.858258     -1.038   0.368003    15.5575     6.4648     -1.029     0.2178    -0.8162 -9.990e-29
 280.858264     -1.035   0.367810    15.5612     6.4647     -1.026     0.2177    -0.8169 -9.990e-29
 280.858270     -1.029   0.367708    15.5640     6.4643     -1.020     0.2176    -0.8174 -9.990e-29
 280.858275     -1.020   0.367559    15.5641     6.4645     -1.011     0.2175    -0.8175 -9.990e-29
 280.858281     -1.008   0.367167    15.5624     6.4647     -1.000     0.2173    -0.8174 -9.990e-29
 280.858287     -0.991   0.366567    15.5609     6.4651     -0.983     0.2169    -0.8174 -9.990e-29
 280.858293     -0.974   0.366072    15.5596     6.4648     -0.966     0.2166    -0.8175 -9.990e-29
 280.858299     -0.964   0.365577    15.5579     6.4720     -0.956     0.2163    -0.8174 -9.990e-29
 280.858304     -0.963   0.364979    15.5569     6.4739     -0.955     0.2160    -0.8175 -9.990e-29
 280.858310     -0.969   0.364593    15.5574     6.4737     -0.961     0.2157    -0.8178 -9.990e-29
 280.858316     -0.972   0.364463    15.5587     6.4715     -0.964     0.2156    -0.8181 -9.990e-29
 280.858322     -0.969   0.364415    15.5600     6.4606     -0.961     0.2156    -0.8183 -9.990e-29
 280.858328     -0.959   0.364387    15.5601     6.4667     -0.951     0.2156    -0.8183 -9.990e-29
 280.858333     -0.947   0.364340    15.5593     6.4690     -0.939     0.2156    -0.8182 -9.990e-29
 280.858339     -0.935   0.364215    15.5591     6.4630     -0.927     0.2155    -0.8182 -9.990e-29
 280.858345     -0.923   0.363843    15.5603     6.4709     -0.915     0.2153    -0.8186 -9.990e-29
 280.858351     -0.914   0.363286    15.5622     6.4688     -0.906     0.2149    -0.8192 -9.990e-29
 280.858356     -0.908   0.362914    15.5639     6.4621     -0.900     0.2147    -0.8196 -9.990e-29
 280.858362     -0.900   0.362788    15.5650     6.4691     -0.892     0.2146    -0.8199 -9.990e-29
 280.858368     -0.894   0.362742    15.5647     6.4662     -0.887     0.2146    -0.8198 -9.990e-29
 280.858374     -0.894   0.362714    15.5628     6.4675     -0.887     0.2146    -0.8195 -9.990e-29
 280.858380     -0.900   0.362668    15.5605     6.4690     -0.892     0.2146    -0.8192 -9.990e-29
 280.858385     -0.907   0.362542    15.5589     6.4728     -0.899     0.2145    -0.8190 -9.990e-29
 280.858391     -0.908   0.362170    15.5588     6.4745     -0.900     0.2143    -0.8191 -9.990e-29
 280.858397     -0.899   0.361613    15.5601     6.4661     -0.891     0.2139    -0.8196 -9.990e-29
 280.858403     -0.884   0.361242    15.5628     6.4620     -0.877     0.2137    -0.8202 -9.990e-29
 280.858409     -0.869   0.361118    15.5671     6.4581     -0.862     0.2136    -0.8210 -9.990e-29
 280.858414     -0.858   0.361076    15.5727     6.4608     -0.851     0.2135    -0.8219 -9.990e-29
 280.858420     -0.851   0.361060    15.5784     6.4647     -0.844     0.2135    -0.8228 -9.990e-29
 280.858426     -0.847   0.361051    15.5830     6.4577     -0.840     0.2135    -0.8236 -9.990e-29
 280.858432     -0.845   0.361035    15.5861     6.4649     -0.838     0.2134    -0.8241 -9.990e-29
 280.858437     -0.847   0.360992    15.5886     6.4594     -0.840     0.2134    -0.8245 -9.990e-29
 280.858443     -0.846   0.360866    15.5912     6.4600     -0.839     0.2133    -0.8250 -9.990e-29
 280.858449     -0.840   0.360490    15.5939     6.4708     -0.833     0.2131    -0.8256 -9.990e-29
 280.858455     -0.832   0.359920    15.5957     6.4714     -0.825     0.2127    -0.8262 -9.990e-29
 280.858461     -0.826   0.359507    15.5955     6.4832     -0.819     0.2125    -0.8263 -9.990e-29
 280.858466     -0.822   0.359260    15.5931     6.4753     -0.815     0.2123    -0.8261 -9.990e-29
 280.858472     -0.819   0.358849    15.5894     6.4693     -0.812     0.2121    -0.8257 -9.990e-29
 280.858478     -0.816   0.358284    15.5842     6.4823     -0.809     0.2118    -0.8251 -9.990e-29
 280.858484     -0.815   0.357922    15.5782     6.4676     -0.808     0.2116    -0.8243 -9.990e-29
 280.858490     -0.814   0.357837    15.5727     6.4669     -0.807     0.2116    -0.8234 -9.990e-29
 280.858495     -0.814   0.357918    15.5672     6.4626     -0.807     0.2117    -0.8225 -9.990e-29
 280.858501     -0.815   0.358273    15.5618     6.4582     -0.808     0.2119    -0.8215 -9.990e-29
 280.858507     -0.816   0.358819    15.5578     6.4731     -0.809     0.2122    -0.8206 -9.990e-29
 280.858513     -0.818   0.359174    15.5560     6.4672     -0.811     0.2125    -0.8201 -9.990e-29
 280.858519     -0.821   0.359256    15.5565     6.4743     -0.814     0.2125    -0.8201 -9.990e-29
 280.858524     -0.825   0.359173    15.5591     6.4747     -0.818     0.2124    -0.8206 -9.990e-29
 280.858530     -0.831   0.358815    15.5636     6.4725     -0.824     0.2122    -0.8215 -9.990e-29
 280.858536     -0.834   0.358263    15.5693     6.4742     -0.827     0.2118    -0.8227 -9.990e-29
 280.858542     -0.830   0.357893    15.5746     6.4621     -0.823     0.2116    -0.8237 -9.990e-29
 280.858547     -0.824   0.357769    15.5790     6.4596     -0.817     0.2115    -0.8245 -9.990e-29
 280.858553     -0.819   0.357727    15.5827     6.4588     -0.812     0.2115    -0.8251 -9.990e-29
 280.858559     -0.816   0.357711    15.5847     6.4681     -0.809     0.2114    -0.8254 -9.990e-29
 280.858565     -0.813   0.357702    15.5836     6.4729     -0.806     0.2114    -0.8252 -9.990e-29
 280.858571     -0.811   0.357686    15.5806     6.4725     -0.804     0.2114    -0.8248 -9.990e-29
 280.858576     -0.809   0.357643    15.5787     6.4699     -0.802     0.2114    -0.8245 -9.990e-29
 280.858582     -0.808   0.357519    15.5792     6.4661     -0.801     0.2114    -0.8246 -9.990e-29
 280.858588     -0.807   0.357148    15.5813     6.4656     -0.800     0.2111    -0.8251 -9.990e-29
 280.858594     -0.806   0.356591    15.5845     6.4657     -0.799     0.2108    -0.8259 -9.990e-29
 280.858600     -0.805   0.356220    15.5887     6.4654     -0.798     0.2105    -0.8268 -9.990e-29
 280.858605     -0.805   0.356096    15.5934     6.4650     -0.798     0.2104    -0.8276 -9.990e-29
 280.858611     -0.804   0.356053    15.5981     6.4647     -0.797     0.2104    -0.8284 -9.990e-29
 280.858617     -0.804   0.356036    15.6026     6.4728     -0.797     0.2103    -0.8291 -9.990e-29
 280.858623     -0.804   0.356021    15.6066     6.4744     -0.797     0.2103    -0.8298 -9.990e-29
 280.858628     -0.803   0.355992    15.6100     6.4736     -0.796     0.2103    -0.8303 -9.990e-29
 280.858634     -0.803   0.355908    15.6127     6.4632     -0.796     0.2102    -0.8308 -9.990e-29
 280.858640     -0.803   0.355660    15.6147     6.4569     -0.796     0.2101    -0.8312 -9.990e-29
 280.858646     -0.803   0.355474    15.6163     6.4568     -0.796     0.2099    -0.8316 -9.990e-29
 280.858652     -0.803   0.355657    15.6181     6.4586     -0.796     0.2100    -0.8318 -9.990e-29
 280.858657     -0.803   0.355899    15.6201     6.4633     -0.796     0.2102    -0.8320 -9.990e-29
 280.858663     -0.803   0.355967    15.6216     6.4639     -0.796     0.2102    -0.8322 -9.990e-29
 280.858669     -0.802   0.355953    15.6228     6.4641     -0.795     0.2102    -0.8324 -9.990e-29
 280.858675     -0.802   0.355838    15.6252     6.4644     -0.795     0.2101    -0.8329 -9.990e-29
 280.858681     -0.802   0.355470    15.6293     6.4645     -0.795     0.2099    -0.8337 -9.990e-29
 280.858686     -0.802   0.354915    15.6338     6.4736     -0.795     0.2095    -0.8347 -9.990e-29
 280.858692     -0.802   0.354544    15.6372     6.4762     -0.795     0.2093    -0.8354 -9.990e-29
 280.858698     -0.801   0.354420    15.6386     6.4693     -0.794     0.2092    -0.8357 -9.990e-29
 280.858704     -0.801   0.354378    15.6374     6.4735     -0.794     0.2092    -0.8355 -9.990e-29
 280.858709     -0.800   0.354363    15.6341     6.4714     -0.793     0.2092    -0.8350 -9.990e-29
 280.858715     -0.799   0.354358    15.6305     6.4732     -0.792     0.2092    -0.8344 -9.990e-29
 280.858721     -0.798   0.354356    15.6277     6.4745     -0.791     0.2092    -0.8340 -9.990e-29
 280.858727     -0.797   0.354355    15.6251     6.4703     -0.790     0.2092    -0.8335 -9.990e-29
 280.858733     -0.795   0.354355    15.6214     6.4698     -0.788     0.2092    -0.8329 -9.990e-29
 280.858738     -0.792   0.354354    15.6161     6.4618     -0.785     0.2093    -0.8321 -9.990e-29
 280.858744     -0.789   0.354354    15.6105     6.4673     -0.782     0.2093    -0.8312 -9.990e-29
 280.858750     -0.786   0.354353    15.6062     6.4612     -0.779     0.2093    -0.8305 -9.990e-29
 280.858756     -0.781   0.354352    15.6043     6.4610     -0.774     0.2093    -0.8302 -9.990e-29
 280.858762     -0.774   0.354350    15.6047     6.4627     -0.768     0.2093    -0.8302 -9.990e-29
 280.858767     -0.766   0.354345    15.6063     6.4684     -0.760     0.2093    -0.8305 -9.990e-29
 280.858773     -0.760   0.354331    15.6088     6.4658     -0.754     0.2093    -0.8309 -9.990e-29
 280.858779     -0.759   0.354291    15.6119     6.4639     -0.753     0.2092    -0.8314 -9.990e-29
 280.858785     -0.760   0.354172    15.6152     6.4704     -0.754     0.2092    -0.8320 -9.990e-29
 280.858791     -0.758   0.353814    15.6179     6.4628     -0.752     0.2089    -0.8326 -9.990e-29
 280.858796     -0.757   0.353297    15.6199     6.4724     -0.751     0.2086    -0.8332 -9.990e-29
 280.858802     -0.763   0.353045    15.6215     6.4722     -0.757     0.2084    -0.8336 -9.990e-29
 280.858808     -0.770   0.353280    15.6229     6.4702     -0.764     0.2086    -0.8337 -9.990e-29
 280.858814     -0.774   0.353759    15.6245     6.4718     -0.768     0.2089    -0.8337 -9.990e-29
 280.858819     -0.777   0.354010    15.6262     6.4675     -0.771     0.2090    -0.8339 -9.990e-29
 280.858825     -0.779   0.353813    15.6274     6.4593     -0.773     0.2089    -0.8342 -9.990e-29
 280.858831     -0.779   0.353459    15.6272     6.4568     -0.773     0.2087    -0.8343 -9.990e-29
 280.858837     -0.777   0.353590    15.6258     6.4635     -0.771     0.2088    -0.8340 -9.990e-29
 280.858843     -0.774   0.354384    15.6248     6.4667     -0.768     0.2092    -0.8335 -9.990e-29
 280.858848     -0.768   0.355229    15.6252     6.4704     -0.762     0.2097    -0.8331 -9.990e-29
 280.858854     -0.761   0.355586    15.6264     6.4681     -0.755     0.2100    -0.8332 -9.990e-29
 280.858860     -0.755   0.355375    15.6278     6.4645     -0.749     0.2098    -0.8335 -9.990e-29
 280.858866     -0.755   0.354872    15.6298     6.4645     -0.749     0.2095    -0.8341 -9.990e-29
 280.858872     -0.756   0.354519    15.6329     6.4641     -0.750     0.2093    -0.8347 -9.990e-29
 280.858877     -0.754   0.354401    15.6368     6.4637     -0.748     0.2092    -0.8354 -9.990e-29
 280.858883     -0.749   0.354361    15.6416     6.4716     -0.743     0.2091    -0.8362 -9.990e-29
 280.858889     -0.740   0.354347    15.6469     6.4655     -0.734     0.2091    -0.8371 -9.990e-29
 280.858895     -0.728   0.354342    15.6512     6.4633     -0.722     0.2091    -0.8378 -9.990e-29
 280.858900     -0.710   0.354340    15.6540     6.4612     -0.704     0.2091    -0.8382 -9.990e-29
 280.858906     -0.691   0.354339    15.6558     6.4591     -0.685     0.2091    -0.8385 -9.990e-29
