data/oxygen options/OCNMS/OCNMS2/raw_data/2005/CTD_CA30_083005faed.cnv
* Sea-Bird SBE19 Data File:
* FileName = C:\hypoxia CTD data\CA30_083005.hex
* Software Version 1.1.5
* Temperature SN = 2997
* Conductivity SN = 2997
* System UpLoad Time = Aug 30 2005 17:15:38
** Cape Alava 30m 083905
* SEACAT PROFILER V3.1c SN 2997   08/30/05  17:13:56.771
# nquan = 9                                 
# nvalues = 513                         
# units = specified
# name 0 = timeJ: Julian Days
# name 1 = prSM: Pressure, Strain Gauge [db]
# name 2 = c0mS/cm: Conductivity [mS/cm]
# name 3 = t090C: Temperature [ITS-90, deg C]
# name 4 = oxML/L: Oxygen, Beckman/YSI [ml/l]
# name 5 = depSM: Depth [salt water, m], lat = 47.5
# name 6 = sal00: Salinity, Practical [PSU]
# name 7 = sigma-é00: Density [sigma-theta, kg/m^3]
# name 8 = flag: flag
# span 0 = 242.627164, 242.630127       
# span 1 =     -3.414,     31.854       
# span 2 =   1.531417,  38.109463       
# span 3 =     8.6037,    13.8586       
# span 4 =   -0.09937,   26.22705       
# span 5 =     -3.386,     31.586       
# span 6 =     0.9971,    33.3613       
# span 7 =     0.0406,    25.8946       
# span 8 = 0.0000e+00, 0.0000e+00       
# interval = seconds: 0.5
# start_time = Aug 30 2005 15:03:07 [Instrument's time stamp, header]
# bad_flag = -9.990e-29
*END*
 242.627164     -3.414 -9.990e-29    13.8586   -0.09934     -3.386 -9.990e-29 -9.990e-29 -9.990e-29
 242.627170     -3.348   1.531417    13.8514   -0.09933     -3.320     0.9971     0.0406 -9.990e-29
 242.627176     -3.248   1.788807    13.8205   -0.09933     -3.221     1.1748     0.1825 -9.990e-29
 242.627182     -3.111   2.609069    13.7539   -0.09933     -3.085     1.7520     0.6383 -9.990e-29
 242.627187     -2.935   5.433121    13.6691   -0.09932     -2.911     3.8273     2.2525 -9.990e-29
 242.627193     -2.723  11.997357    13.5981   -0.09932     -2.700     8.9786     6.2282 -9.990e-29
 242.627199     -2.501  21.718836    13.5591   -0.09932     -2.480    17.1259    12.4976 -9.990e-29
 242.627205     -2.295  30.752750    13.5430   -0.09933     -2.276    25.0996    18.6377 -9.990e-29
 242.627211     -2.115  35.648838    13.5338   -0.09934     -2.097    29.5647    22.0832 -9.990e-29
 242.627216     -1.967  37.282521    13.5278   -0.09934     -1.951    31.0784    23.2533 -9.990e-29
 242.627222     -1.856  37.825998    13.5250   -0.09934     -1.841    31.5850    23.6453 -9.990e-29
 242.627228     -1.774  38.006834    13.5242   -0.09934     -1.759    31.7538    23.7758 -9.990e-29
 242.627234     -1.707  38.067950    13.5244   -0.09934     -1.693    31.8104    23.8196 -9.990e-29
 242.627240     -1.642  38.088718    13.5253   -0.09935     -1.628    31.8289    23.8337 -9.990e-29
 242.627245     -1.575  38.098079    13.5268   -0.09934     -1.562    31.8364    23.8392 -9.990e-29
 242.627251     -1.512  38.104152    13.5276   -0.09933     -1.499    31.8413    23.8428 -9.990e-29
 242.627257     -1.451  38.105626    13.5267   -0.09933     -1.439    31.8434    23.8446 -9.990e-29
 242.627263     -1.393  38.103472    13.5252   -0.09934     -1.381    31.8427    23.8443 -9.990e-29
 242.627269     -1.344  38.101115    13.5242   -0.09934     -1.333    31.8413    23.8435 -9.990e-29
 242.627274     -1.303  38.100025    13.5236   -0.09934     -1.292    31.8407    23.8432 -9.990e-29
 242.627280     -1.270  38.099435    13.5234   -0.09932     -1.259    31.8404    23.8429 -9.990e-29
 242.627286     -1.240  38.098687    13.5234   -0.09932     -1.230    31.8396    23.8424 -9.990e-29
 242.627292     -1.214  38.098030    13.5237   -0.09933     -1.204    31.8388    23.8416 -9.990e-29
 242.627297     -1.193  38.097837    13.5242   -0.09933     -1.183    31.8382    23.8411 -9.990e-29
 242.627303     -1.180  38.098539    13.5244   -0.09934     -1.170    31.8386    23.8414 -9.990e-29
 242.627309     -1.162  38.099513    13.5244   -0.09933     -1.152    31.8395    23.8421 -9.990e-29
 242.627315     -1.120  38.099945    13.5244   -0.09930     -1.111    31.8399    23.8424 -9.990e-29
 242.627321     -1.056  38.100539    13.5254   -0.09932     -1.047    31.8396    23.8420 -9.990e-29
 242.627326     -0.991  38.103334    13.5279   -0.09934     -0.983    31.8401    23.8418 -9.990e-29
 242.627332     -0.952  38.107695    13.5299   -0.09934     -0.944    31.8425    23.8433 -9.990e-29
 242.627338     -0.944  38.109463    13.5293   -0.09934     -0.936    31.8446    23.8451 -9.990e-29
 242.627344     -0.950  38.107197    13.5274   -0.09935     -0.942    31.8441    23.8450 -9.990e-29
 242.627350     -0.944  38.103050    13.5263   -0.09935     -0.936    31.8412    23.8430 -9.990e-29
 242.627355     -0.914  38.101159    13.5270   -0.09934     -0.906    31.8388    23.8410 -9.990e-29
 242.627361     -0.870  38.103616    13.5294   -0.09934     -0.863    31.8391    23.8408 -9.990e-29
 242.627367     -0.830  38.107091    13.5316   -0.09935     -0.823    31.8405    23.8414 -9.990e-29
 242.627373     -0.789  38.108490    13.5312   -0.09934     -0.782    31.8421    23.8427 -9.990e-29
 242.627378     -0.730  38.108123    13.5290   -0.09935     -0.724    31.8436    23.8443 -9.990e-29
 242.627384     -0.667  38.107314    13.5274   -0.09934     -0.661    31.8441    23.8450 -9.990e-29
 242.627390     -0.617  38.106790    13.5265   -0.09933     -0.612    31.8444    23.8454 -9.990e-29
 242.627396     -0.577  38.105977    13.5258   -0.09933     -0.572    31.8442    23.8454 -9.990e-29
 242.627402     -0.541  38.103919    13.5254   -0.09934     -0.536    31.8426    23.8443 -9.990e-29
 242.627407     -0.509  38.101924    13.5254   -0.09934     -0.505    31.8407    23.8428 -9.990e-29
 242.627413     -0.485  38.102504    13.5255   -0.09934     -0.481    31.8411    23.8431 -9.990e-29
 242.627419     -0.467  38.104879    13.5255   -0.09934     -0.463    31.8434    23.8448 -9.990e-29
 242.627425     -0.454  38.105610    13.5255   -0.09934     -0.450    31.8440    23.8454 -9.990e-29
 242.627431     -0.440  38.104117    13.5257   -0.09935     -0.436    31.8425    23.8441 -9.990e-29
 242.627436     -0.421  38.103585    13.5267   -0.09935     -0.417    31.8411    23.8429 -9.990e-29
 242.627442     -0.399  38.105673    13.5285   -0.09936     -0.396    31.8416    23.8429 -9.990e-29
 242.627448     -0.378  38.107684    13.5294   -0.09937     -0.375    31.8427    23.8435 -9.990e-29
 242.627454     -0.356  38.106818    13.5287   -0.09936     -0.353    31.8424    23.8435 -9.990e-29
 242.627459     -0.332  38.103729    13.5277   -0.09935     -0.329    31.8404    23.8421 -9.990e-29
 242.627465     -0.304  38.101716    13.5280   -0.09935     -0.301    31.8383    23.8404 -9.990e-29
 242.627471     -0.275  38.102708    13.5290   -0.09935     -0.273    31.8383    23.8403 -9.990e-29
 242.627477     -0.251  38.103668    13.5292   -0.09936     -0.249    31.8391    23.8408 -9.990e-29
 242.627483     -0.230  38.101515    13.5282   -0.09935     -0.228    31.8379    23.8401 -9.990e-29
 242.627488     -0.204  38.097430    13.5269   -0.09935     -0.202    31.8352    23.8382 -9.990e-29
 242.627494     -0.170  38.093946    13.5263   -0.09935     -0.169    31.8324    23.8362 -9.990e-29
 242.627500     -0.139  38.092154    13.5264   -0.09935     -0.138    31.8306    23.8348 -9.990e-29
 242.627506     -0.126  38.089790    13.5267   -0.09935     -0.125    31.8282    23.8329 -9.990e-29
 242.627512     -0.134  38.086632    13.5268   -0.09935     -0.133    31.8252    23.8305 -9.990e-29
 242.627517     -0.148  38.086449    13.5267   -0.09935     -0.147    31.8251    23.8305 -9.990e-29
 242.627523     -0.150  38.088563    13.5268   -0.09933     -0.149    31.8270    23.8319 -9.990e-29
 242.627529     -0.136  38.090313    13.5272   -0.09933     -0.135    31.8283    23.8328 -9.990e-29
 242.627535     -0.115  38.091353    13.5281   -0.09932     -0.114    31.8285    23.8328 -9.990e-29
 242.627541     -0.102  38.092075    13.5288   -0.09933     -0.101    31.8285    23.8328 -9.990e-29
 242.627546     -0.100  38.092446    13.5287   -0.09935     -0.099    31.8290    23.8331 -9.990e-29
 242.627552     -0.097  38.091964    13.5282   -0.09935     -0.096    31.8289    23.8332 -9.990e-29
 242.627558     -0.080  38.091799    13.5280   -0.09935     -0.079    31.8290    23.8332 -9.990e-29
 242.627564     -0.046  38.092979    13.5289   -0.09934     -0.046    31.8293    23.8333 -9.990e-29
 242.627569     -0.004  38.094962    13.5317   -0.09933     -0.004    31.8288    23.8324 -9.990e-29
 242.627575      0.038  38.097151    13.5353   -0.09934      0.038    31.8278    23.8309 -9.990e-29
 242.627581      0.068  38.099224    13.5380   -0.09934      0.067    31.8275    23.8301 -9.990e-29
 242.627587      0.089  38.100708    13.5387   -0.09935      0.088    31.8283    23.8306 -9.990e-29
 242.627593      0.111  38.100905    13.5367   -0.09935      0.110    31.8301    23.8324 -9.990e-29
 242.627598      0.140  38.099645    13.5337   -0.09935      0.139    31.8314    23.8340 -9.990e-29
 242.627604      0.172  38.098178    13.5319   -0.09935      0.171    31.8315    23.8344 -9.990e-29
 242.627610      0.202  38.098040    13.5318   -0.09935      0.200    31.8315    23.8344 -9.990e-29
 242.627616      0.222  38.099172    13.5329   -0.09934      0.220    31.8316    23.8343 -9.990e-29
 242.627622      0.231  38.100404    13.5341   15.03082      0.229    31.8317    23.8342 -9.990e-29
 242.627627      0.232  38.100702    13.5338   24.82718      0.230    31.8323    23.8346 -9.990e-29
 242.627633      0.235  38.100030    13.5324   26.22705      0.233    31.8328    23.8353 -9.990e-29
 242.627639      0.243  38.099301    13.5311   22.93851      0.241    31.8332    23.8359 -9.990e-29
 242.627645      0.258  38.098793    13.5302   14.83944      0.256    31.8335    23.8363 -9.990e-29
 242.627650      0.279  38.098516    13.5298   11.92721      0.277    31.8336    23.8364 -9.990e-29
 242.627656      0.305  38.098787    13.5299   11.94311      0.302    31.8337    23.8365 -9.990e-29
 242.627662      0.333  38.098971    13.5304   11.91707      0.330    31.8335    23.8362 -9.990e-29
 242.627668      0.364  38.098320    13.5309   11.91719      0.361    31.8324    23.8353 -9.990e-29
 242.627674      0.400  38.096651    13.5305   11.91455      0.397    31.8312    23.8345 -9.990e-29
 242.627679      0.440  38.091866    13.5294   11.91640      0.436    31.8276    23.8319 -9.990e-29
 242.627685      0.473  38.085004    13.5286   11.90878      0.469    31.8219    23.8277 -9.990e-29
 242.627691      0.493  38.081620    13.5281   11.90663      0.489    31.8192    23.8257 -9.990e-29
 242.627697      0.505  38.081817    13.5275   11.90343      0.501    31.8199    23.8263 -9.990e-29
 242.627703      0.519  38.083179    13.5271   10.73921      0.515    31.8214    23.8276 -9.990e-29
 242.627708      0.539  38.084846    13.5269    6.84205      0.535    31.8232    23.8290 -9.990e-29
 242.627714      0.563  38.085802    13.5265    4.43050      0.558    31.8244    23.8300 -9.990e-29
 242.627720      0.584  38.086327    13.5261    3.51291      0.579    31.8252    23.8307 -9.990e-29
 242.627726      0.599  38.086684    13.5261    4.13203      0.594    31.8255    23.8310 -9.990e-29
 242.627731      0.608  38.086917    13.5262    5.64626      0.603    31.8256    23.8310 -9.990e-29
 242.627737      0.616  38.086902    13.5261    6.23023      0.611    31.8257    23.8311 -9.990e-29
 242.627743      0.634  38.086745    13.5262    6.51139      0.629    31.8255    23.8309 -9.990e-29
 242.627749      0.661  38.086924    13.5267    6.69100      0.655    31.8252    23.8306 -9.990e-29
 242.627755      0.691  38.087244    13.5271    6.78998      0.685    31.8252    23.8305 -9.990e-29
 242.627760      0.718  38.087137    13.5272    6.83980      0.712    31.8250    23.8303 -9.990e-29
 242.627766      0.733  38.086024    13.5273    6.85706      0.727    31.8238    23.8294 -9.990e-29
 242.627772      0.736  38.084231    13.5274    6.86813      0.730    31.8221    23.8281 -9.990e-29
 242.627778      0.733  38.083419    13.5274    6.87346      0.727    31.8213    23.8275 -9.990e-29
 242.627784      0.741  38.084314    13.5272    6.88095      0.735    31.8223    23.8283 -9.990e-29
 242.627789      0.767  38.085434    13.5267    6.89133      0.761    31.8238    23.8295 -9.990e-29
 242.627795      0.797  38.085596    13.5255    6.89515      0.790    31.8249    23.8306 -9.990e-29
 242.627801      0.822  38.085141    13.5233    6.89221      0.815    31.8263    23.8322 -9.990e-29
 242.627807      0.839  38.084149    13.5206    6.88007      0.832    31.8276    23.8337 -9.990e-29
 242.627813      0.849  38.081984    13.5178    6.85828      0.842    31.8280    23.8345 -9.990e-29
 242.627818      0.853  38.078129    13.5156    6.86110      0.846    31.8262    23.8336 -9.990e-29
 242.627824      0.855  38.075420    13.5155    6.87423      0.848    31.8238    23.8317 -9.990e-29
 242.627830      0.858  38.077102    13.5171    6.88076      0.851    31.8240    23.8316 -9.990e-29
 242.627836      0.861  38.079935    13.5181    6.87352      0.854    31.8258    23.8328 -9.990e-29
 242.627841      0.862  38.080535    13.5177    6.84953      0.855    31.8267    23.8336 -9.990e-29
 242.627847      0.869  38.079828    13.5163    6.84569      0.862    31.8272    23.8342 -9.990e-29
 242.627853      0.889  38.079242    13.5136    6.82436      0.882    31.8289    23.8361 -9.990e-29
 242.627859      0.918  38.078684    13.5103    6.84428      0.910    31.8311    23.8385 -9.990e-29
 242.627865      0.945  38.077534    13.5085    6.86429      0.937    31.8315    23.8391 -9.990e-29
 242.627870      0.958  38.076628    13.5089    6.85461      0.950    31.8304    23.8382 -9.990e-29
 242.627876      0.955  38.076566    13.5109    6.85883      0.947    31.8286    23.8364 -9.990e-29
 242.627882      0.944  38.076828    13.5133    6.82250      0.936    31.8269    23.8346 -9.990e-29
 242.627888      0.940  38.077122    13.5147    6.81223      0.932    31.8260    23.8336 -9.990e-29
 242.627894      0.954  38.077345    13.5139    6.80555      0.946    31.8269    23.8345 -9.990e-29
 242.627899      0.980  38.077081    13.5113    6.81643      0.972    31.8288    23.8364 -9.990e-29
 242.627905      1.008  38.076000    13.5089    6.83909      1.000    31.8297    23.8377 -9.990e-29
 242.627911      1.027  38.075274    13.5086    6.83536      1.018    31.8293    23.8374 -9.990e-29
 242.627917      1.034  38.076168    13.5094    6.82387      1.025    31.8295    23.8374 -9.990e-29
 242.627922      1.033  38.077618    13.5096    6.80797      1.024    31.8307    23.8383 -9.990e-29
 242.627928      1.037  38.078180    13.5081    6.81133      1.028    31.8324    23.8399 -9.990e-29
 242.627934      1.056  38.077476    13.5062    6.81669      1.047    31.8334    23.8410 -9.990e-29
 242.627940      1.081  38.076239    13.5059    6.83598      1.072    31.8324    23.8404 -9.990e-29
 242.627946      1.101  38.075611    13.5068    6.82858      1.092    31.8311    23.8392 -9.990e-29
 242.627951      1.114  38.075862    13.5083    6.82215      1.105    31.8301    23.8381 -9.990e-29
 242.627957      1.121  38.076756    13.5102    6.80741      1.112    31.8293    23.8371 -9.990e-29
 242.627963      1.125  38.077793    13.5122    6.80662      1.116    31.8286    23.8362 -9.990e-29
 242.627969      1.137  38.078663    13.5141    6.81336      1.128    31.8278    23.8352 -9.990e-29
 242.627975      1.160  38.079395    13.5151    6.80956      1.150    31.8277    23.8349 -9.990e-29
 242.627980      1.192  38.079832    13.5152    6.79992      1.182    31.8280    23.8351 -9.990e-29
 242.627986      1.222  38.079987    13.5150    6.80285      1.212    31.8283    23.8353 -9.990e-29
 242.627992      1.244  38.080056    13.5150    6.80278      1.234    31.8283    23.8354 -9.990e-29
 242.627998      1.259  38.080119    13.5154    6.81256      1.248    31.8281    23.8351 -9.990e-29
 242.628003      1.268  38.080250    13.5161    6.79391      1.257    31.8276    23.8346 -9.990e-29
 242.628009      1.275  38.080613    13.5167    6.77391      1.264    31.8274    23.8343 -9.990e-29
 242.628015      1.287  38.081119    13.5159    6.76682      1.276    31.8286    23.8354 -9.990e-29
 242.628021      1.302  38.080751    13.5137    6.77978      1.291    31.8301    23.8370 -9.990e-29
 242.628027      1.323  38.079569    13.5116    6.79605      1.312    31.8307    23.8379 -9.990e-29
 242.628032      1.347  38.078789    13.5105    6.79611      1.336    31.8309    23.8383 -9.990e-29
 242.628038      1.365  38.078483    13.5105    6.78616      1.354    31.8306    23.8380 -9.990e-29
 242.628044      1.376  38.078791    13.5114    6.77391      1.365    31.8301    23.8375 -9.990e-29
 242.628050      1.384  38.079550    13.5125    6.75793      1.372    31.8299    23.8371 -9.990e-29
 242.628056      1.398  38.080082    13.5132    6.77084      1.386    31.8298    23.8369 -9.990e-29
 242.628061      1.415  38.080523    13.5137    6.78973      1.403    31.8298    23.8368 -9.990e-29
 242.628067      1.419  38.080892    13.5142    6.78737      1.407    31.8297    23.8366 -9.990e-29
 242.628073      1.405  38.081108    13.5146    6.78442      1.393    31.8296    23.8364 -9.990e-29
 242.628079      1.387  38.081448    13.5153    6.76140      1.375    31.8293    23.8361 -9.990e-29
 242.628084      1.375  38.081794    13.5161    6.75734      1.364    31.8290    23.8357 -9.990e-29
