data/oxygen options/OCNMS/OCNMS2/raw_data/2005/CTD_TH40_060705faed.cnv
* Sea-Bird SBE19 Data File:
* FileName = C:\hypoxia CTD data\TH40_060705.hex
* Software Version 1.1.5
* Temperature SN = 2997
* Conductivity SN = 2997
* System UpLoad Time = Jun 07 2005 12:36:32
* SEACAT PROFILER V3.1c SN 2997   06/07/05  12:35:46.271
* strain gauge pressure sensor: S/N = 184829,  range = 3000 psia,  tc = 40
# nquan = 9                                 
# nvalues = 602                         
# units = specified
# name 0 = timeJ: Julian Days
# name 1 = prSM: Pressure, Strain Gauge [db]
# name 2 = c0mS/cm: Conductivity [mS/cm]
# name 3 = t090C: Temperature [ITS-90, deg C]
# name 4 = oxML/L: Oxygen, Beckman/YSI [ml/l]
# name 5 = depSM: Depth [salt water, m], lat = 47.5
# name 6 = sal00: Salinity, Practical [PSU]
# name 7 = sigma-é00: Density [sigma-theta, kg/m^3]
# name 8 = flag: flag
# span 0 = 158.440324, 158.443802       
# span 1 =     -3.779,     41.517       
# span 2 =   0.171700,  37.242772       
# span 3 =     9.4100,    14.2944       
# span 4 =   -0.09880,   25.77379       
# span 5 =     -3.747,     41.166       
# span 6 =     0.1061,    32.8104       
# span 7 =    -0.5830,    25.3395       
# span 8 = 0.0000e+00, 0.0000e+00       
# interval = seconds: 0.5
# start_time = Jun 07 2005 10:34:04 [Instrument's time stamp, header]
# bad_flag = -9.990e-29
*END*
[from data line 321]
 158.442182      1.611  37.201635    14.2870    6.72630      1.598    30.3959    22.5738 -9.990e-29
 158.442187      1.613  37.201721    14.2869    6.71118      1.600    30.3960    22.5739 -9.990e-29
 158.442193      1.611  37.202027    14.2864    6.71253      1.598    30.3967    22.5745 -9.990e-29
 158.442199      1.611  37.201848    14.2857    6.71588      1.598    30.3971    22.5750 -9.990e-29
 158.442205      1.620  37.200954    14.2848    6.71509      1.606    30.3970    22.5751 -9.990e-29
 158.442211      1.632  37.199844    14.2843    6.72655      1.618    30.3964    22.5747 -9.990e-29
 158.442216      1.642  37.199290    14.2845    6.72560      1.628    30.3957    22.5741 -9.990e-29
 158.442222      1.643  37.199680    14.2852    6.72026      1.629    30.3955    22.5738 -9.990e-29
 158.442228      1.642  37.200421    14.2857    6.70877      1.628    30.3958    22.5740 -9.990e-29
 158.442234      1.647  37.200827    14.2861    6.70194      1.633    30.3958    22.5739 -9.990e-29
 158.442240      1.657  37.200889    14.2861    6.70779      1.643    30.3959    22.5740 -9.990e-29
 158.442245      1.666  37.200697    14.2859    6.71281      1.652    30.3959    22.5740 -9.990e-29
 158.442251      1.668  37.200563    14.2858    6.71242      1.654    30.3958    22.5740 -9.990e-29
 158.442257      1.665  37.200877    14.2859    6.71010      1.651    30.3960    22.5741 -9.990e-29
 158.442263      1.661  37.201506    14.2863    6.70669      1.647    30.3963    22.5742 -9.990e-29
 158.442269      1.663  37.202175    14.2869    6.69749      1.649    30.3964    22.5742 -9.990e-29
 158.442274      1.677  37.202662    14.2875    6.70797      1.663    30.3964    22.5741 -9.990e-29
 158.442280      1.698  37.203065    14.2881    6.71675      1.684    30.3963    22.5738 -9.990e-29
 158.442286      1.715  37.203369    14.2887    6.71482      1.701    30.3961    22.5736 -9.990e-29
 158.442292      1.717  37.203427    14.2896    6.71611      1.703    30.3954    22.5729 -9.990e-29
 158.442297      1.704  37.203884    14.2907    6.70529      1.690    30.3950    22.5723 -9.990e-29
 158.442303      1.688  37.204797    14.2912    6.70850      1.674    30.3954    22.5725 -9.990e-29
 158.442309      1.680  37.205149    14.2911    6.71042      1.666    30.3958    22.5729 -9.990e-29
 158.442315      1.684  37.204857    14.2907    6.71151      1.670    30.3959    22.5730 -9.990e-29
 158.442321      1.696  37.204662    14.2903    6.70740      1.682    30.3960    22.5732 -9.990e-29
 158.442326      1.709  37.204875    14.2903    6.71025      1.695    30.3962    22.5733 -9.990e-29
 158.442332      1.719  37.205226    14.2908    6.71485      1.705    30.3961    22.5732 -9.990e-29
 158.442338      1.726  37.205629    14.2912    6.71373      1.712    30.3961    22.5731 -9.990e-29
 158.442344      1.732  37.206066    14.2910    6.71707      1.718    30.3967    22.5736 -9.990e-29
 158.442350      1.735  37.206008    14.2903    6.71123      1.721    30.3972    22.5741 -9.990e-29
 158.442355      1.738  37.205386    14.2896    6.70729      1.723    30.3972    22.5742 -9.990e-29
 158.442361      1.739  37.204500    14.2894    6.70498      1.724    30.3965    22.5738 -9.990e-29
 158.442367      1.740  37.203861    14.2897    6.71309      1.725    30.3957    22.5731 -9.990e-29
 158.442373      1.739  37.203745    14.2903    6.71247      1.724    30.3951    22.5725 -9.990e-29
 158.442378      1.738  37.204005    14.2910    6.70749      1.723    30.3948    22.5721 -9.990e-29
 158.442384      1.735  37.204997    14.2916    6.71494      1.721    30.3953    22.5724 -9.990e-29
 158.442390      1.735  37.206370    14.2923    6.71379      1.721    30.3960    22.5727 -9.990e-29
 158.442396      1.742  37.207161    14.2930    6.70898      1.727    30.3961    22.5727 -9.990e-29
 158.442402      1.753  37.207310    14.2934    6.69649      1.738    30.3959    22.5725 -9.990e-29
 158.442407      1.763  37.207023    14.2933    6.69956      1.748    30.3958    22.5724 -9.990e-29
 158.442413      1.774  37.206487    14.2929    6.70413      1.759    30.3956    22.5723 -9.990e-29
 158.442419      1.786  37.206117    14.2927    6.70934      1.771    30.3954    22.5722 -9.990e-29
 158.442425      1.800  37.205987    14.2928    6.70239      1.785    30.3952    22.5721 -9.990e-29
 158.442431      1.817  37.205935    14.2929    6.69081      1.802    30.3951    22.5719 -9.990e-29
 158.442436      1.833  37.205897    14.2929    6.69555      1.818    30.3950    22.5719 -9.990e-29
 158.442442      1.846  37.205823    14.2925    6.69927      1.831    30.3953    22.5722 -9.990e-29
 158.442448      1.861  37.205606    14.2915    6.70602      1.845    30.3958    22.5728 -9.990e-29
 158.442454      1.877  37.204944    14.2906    6.70666      1.861    30.3959    22.5731 -9.990e-29
 158.442459      1.889  37.204059    14.2904    6.70449      1.873    30.3953    22.5726 -9.990e-29
 158.442465      1.896  37.203999    14.2907    6.71064      1.880    30.3950    22.5723 -9.990e-29
 158.442471      1.908  37.204668    14.2912    6.70528      1.892    30.3952    22.5724 -9.990e-29
 158.442477      1.930  37.205259    14.2911    6.71025      1.914    30.3958    22.5729 -9.990e-29
 158.442483      1.967  37.205425    14.2899    6.71183      1.951    30.3969    22.5740 -9.990e-29
 158.442488      2.025  37.204251    14.2877    6.71813      2.008    30.3975    22.5749 -9.990e-29
 158.442494      2.105  37.201838    14.2852    6.72861      2.087    30.3973    22.5752 -9.990e-29
 158.442500      2.208  37.199442    14.2831    6.72316      2.190    30.3967    22.5752 -9.990e-29
 158.442506      2.334  37.197777    14.2817    6.72491      2.315    30.3963    22.5752 0.0000e+00
 158.442512      2.489  37.196848    14.2796    6.74515      2.468    30.3970    22.5762 0.0000e+00
 158.442517      2.682  37.195401    14.2731    6.75581      2.660    30.4007    22.5804 0.0000e+00
 158.442523      2.920  37.190930    14.2624    6.77143      2.896    30.4050    22.5859 0.0000e+00
 158.442529      3.208  37.183629    14.2517    6.78068      3.181    30.4067    22.5893 0.0000e+00
 158.442535      3.531  37.177202    14.2427    6.81002      3.502    30.4078    22.5921 0.0000e+00
 158.442541      3.874  37.173716    14.2345    6.88827      3.842    30.4109    22.5962 0.0000e+00
 158.442546      4.232  37.173551    14.2232    6.99889      4.197    30.4196    22.6051 0.0000e+00
 158.442552      4.606  37.177027    14.2016    7.11898      4.568    30.4396    22.6250 0.0000e+00
 158.442558      4.995  37.188763    14.1717    7.18705      4.953    30.4737    22.6574 0.0000e+00
 158.442564      5.394  37.209809    14.1459    7.21802      5.349    30.5131    22.6931 0.0000e+00
 158.442569      5.793  37.228391    14.1300    7.22619      5.745    30.5425    22.7190 0.0000e+00
 158.442575      6.189  37.237855    14.1202    7.23309      6.137    30.5588    22.7335 0.0000e+00
 158.442581      6.584  37.241825    14.1104    7.27187      6.529    30.5700    22.7442 0.0000e+00
 158.442587      6.988  37.242772    14.0943    7.36418      6.930    30.5835    22.7578 0.0000e+00
 158.442593      7.404  37.240260    14.0676    7.47029      7.342    30.6022    22.7777 0.0000e+00
 158.442598      7.834  37.233724    14.0307    7.57583      7.768    30.6254    22.8031 0.0000e+00
 158.442604      8.274  37.224525    13.9845    7.62000      8.205    30.6536    22.8342 0.0000e+00
 158.442610      8.719  37.213836    13.9260    7.57266      8.646    30.6903    22.8743 0.0000e+00
 158.442616      9.166  37.200278    13.8487    7.46073      9.089    30.7394    22.9278 0.0000e+00
 158.442622      9.620  37.178087    13.7425    7.30802      9.539    30.8040    22.9989 0.0000e+00
 158.442627     10.078  37.138957    13.5904    7.15229      9.994    30.8902    23.0958 0.0000e+00
 158.442633     10.536  37.073866    13.3741    6.99210     10.448    31.0049    23.2273 0.0000e+00
 158.442639     10.988  36.975622    13.1048    6.82212     10.896    31.1330    23.3790 0.0000e+00
 158.442645     11.430  36.852825    12.8297    6.64631     11.334    31.2440    23.5180 0.0000e+00
 158.442650     11.859  36.728982    12.5900    6.47424     11.760    31.3255    23.6269 0.0000e+00
 158.442656     12.282  36.621704    12.3876    6.31203     12.179    31.3922    23.7167 0.0000e+00
 158.442662     12.704  36.529194    12.1964    6.13552     12.598    31.4640    23.8082 0.0000e+00
 158.442668     13.125  36.438513    12.0075    5.94798     13.015    31.5360    23.8990 0.0000e+00
 158.442674     13.549  36.350379    11.8383    5.79755     13.435    31.5942    23.9752 0.0000e+00
 158.442679     13.970  36.273395    11.6950    5.67472     13.853    31.6414    24.0380 0.0000e+00
 158.442685     14.391  36.202990    11.5575    5.57945     14.270    31.6903    24.1008 0.0000e+00
 158.442691     14.821  36.125424    11.4108    5.49371     14.697    31.7402    24.1659 0.0000e+00
 158.442697     15.266  36.034239    11.2662    5.39797     15.138    31.7752    24.2189 0.0000e+00
 158.442703     15.730  35.943505    11.1426    5.31423     15.598    31.7926    24.2543 0.0000e+00
 158.442708     16.206  35.874611    11.0517    5.25881     16.070    31.8032    24.2785 0.0000e+00
 158.442714     16.683  35.836014    10.9964    5.24355     16.543    31.8129    24.2957 0.0000e+00
 158.442720     17.157  35.825552    10.9686    5.25878     17.013    31.8264    24.3111 0.0000e+00
 158.442726     17.633  35.834291    10.9509    5.28035     17.485    31.8502    24.3327 0.0000e+00
 158.442731     18.110  35.845826    10.9308    5.29956     17.958    31.8789    24.3585 0.0000e+00
 158.442737     18.590  35.851968    10.9157    5.32301     18.434    31.8979    24.3759 0.0000e+00
 158.442743     19.072  35.862572    10.9138    5.32307     18.912    31.9098    24.3856 0.0000e+00
 158.442749     19.550  35.882786    10.9190    5.29981     19.386    31.9251    24.3965 0.0000e+00
 158.442755     20.015  35.903097    10.9222    5.23014     19.847    31.9422    24.4093 0.0000e+00
 158.442760     20.462  35.918613    10.9179    5.14298     20.290    31.9611    24.4248 0.0000e+00
 158.442766     20.891  35.930381    10.8948    5.02110     20.716    31.9927    24.4534 0.0000e+00
 158.442772     21.306  35.934453    10.8401    4.91385     21.127    32.0444    24.5031 0.0000e+00
 158.442778     21.718  35.926714    10.7559    4.80711     21.536    32.1103    24.5690 0.0000e+00
 158.442784     22.135  35.909161    10.6496    4.71969     21.949    32.1862    24.6464 0.0000e+00
 158.442789     22.563  35.883594    10.5314    4.63187     22.373    32.2649    24.7280 0.0000e+00
 158.442795     22.999  35.850655    10.4236    4.54376     22.806    32.3274    24.7951 0.0000e+00
 158.442801     23.436  35.816851    10.3418    4.48599     23.239    32.3660    24.8391 0.0000e+00
 158.442807     23.865  35.788092    10.2772    4.42524     23.664    32.3945    24.8722 0.0000e+00
 158.442813     24.272  35.759636    10.2082    4.39938     24.068    32.4274    24.9094 0.0000e+00
 158.442818     24.660  35.722667    10.1268    4.36026     24.453    32.4628    24.9507 0.0000e+00
 158.442824     25.036  35.677206    10.0488    4.33234     24.826    32.4867    24.9823 0.0000e+00
 158.442830     25.405  35.634937     9.9909    4.32255     25.191    32.4958    24.9990 0.0000e+00
 158.442836     25.776  35.606189     9.9510    4.31235     25.559    32.5024    25.0108 0.0000e+00
 158.442841     26.150  35.588482     9.9213    4.28610     25.930    32.5110    25.0224 0.0000e+00
 158.442847     26.520  35.576682     9.8987    4.28687     26.297    32.5192    25.0326 0.0000e+00
 158.442853     26.881  35.570172     9.8812    4.25659     26.655    32.5282    25.0425 0.0000e+00
 158.442859     27.230  35.568099     9.8647    4.18965     27.001    32.5408    25.0551 0.0000e+00
 158.442865     27.567  35.568241     9.8353    4.11159     27.335    32.5674    25.0806 0.0000e+00
 158.442870     27.902  35.565723     9.7883    4.03987     27.667    32.6072    25.1194 0.0000e+00
 158.442876     28.243  35.561096     9.7474    3.99845     28.005    32.6394    25.1513 0.0000e+00
 158.442882     28.590  35.561624     9.7267    3.98319     28.349    32.6585    25.1696 0.0000e+00
 158.442888     28.931  35.564624     9.7179    3.99048     28.688    32.6694    25.1796 0.0000e+00
 158.442894     29.249  35.564538     9.7149    3.99506     29.003    32.6719    25.1820 0.0000e+00
 158.442899     29.544  35.562915     9.7154    4.00714     29.295    32.6697    25.1802 0.0000e+00
 158.442905     29.829  35.560939     9.7164    4.02387     29.578    32.6667    25.1776 0.0000e+00
 158.442911     30.123  35.558763     9.7143    4.03661     29.869    32.6662    25.1776 0.0000e+00
 158.442917     30.431  35.555713     9.7049    4.05434     30.175    32.6715    25.1833 0.0000e+00
 158.442922     30.744  35.548270     9.6868    4.07615     30.485    32.6802    25.1931 0.0000e+00
 158.442928     31.055  35.535462     9.6689    4.06470     30.793    32.6833    25.1984 0.0000e+00
 158.442934     31.364  35.524302     9.6613    4.07738     31.100    32.6786    25.1960 0.0000e+00
 158.442940     31.663  35.521195     9.6623    4.05591     31.396    32.6744    25.1925 0.0000e+00
 158.442946     31.952  35.523098     9.6619    4.04730     31.683    32.6766    25.1943 0.0000e+00
 158.442951     32.235  35.523562     9.6569    4.03033     31.963    32.6815    25.1990 0.0000e+00
 158.442957     32.517  35.523193     9.6525    4.01071     32.243    32.6850    25.2024 0.0000e+00
 158.442963     32.795  35.525969     9.6520    3.99417     32.519    32.6881    25.2050 0.0000e+00
 158.442969     33.066  35.530526     9.6533    3.98235     32.787    32.6915    25.2074 0.0000e+00
 158.442975     33.329  35.533954     9.6534    3.96634     33.048    32.6948    25.2100 0.0000e+00
 158.442980     33.593  35.536323     9.6517    3.95121     33.310    32.6987    25.2133 0.0000e+00
 158.442986     33.870  35.537411     9.6475    3.94743     33.585    32.7035    25.2177 0.0000e+00
 158.442992     34.161  35.536413     9.6376    3.93671     33.873    32.7113    25.2255 0.0000e+00
 158.442998     34.463  35.531982     9.6209    3.94119     34.173    32.7219    25.2364 0.0000e+00
 158.443003     34.777  35.522679     9.6025    3.93882     34.484    32.7290    25.2449 0.0000e+00
 158.443009     35.108  35.512342     9.5893    3.94446     34.812    32.7303    25.2481 0.0000e+00
 158.443015     35.454  35.506790     9.5823    3.93376     35.155    32.7308    25.2497 0.0000e+00
 158.443021     35.813  35.505890     9.5785    3.94638     35.511    32.7332    25.2522 0.0000e+00
 158.443027     36.185  35.506181     9.5753    3.94120     35.880    32.7363    25.2551 0.0000e+00
 158.443032     36.573  35.505791     9.5708    3.93747     36.265    32.7398    25.2586 0.0000e+00
 158.443038     36.975  35.504184     9.5644    3.93556     36.663    32.7438    25.2627 0.0000e+00
 158.443044     37.392  35.500882     9.5561    3.94306     37.077    32.7478    25.2672 0.0000e+00
 158.443050     37.821  35.495951     9.5467    3.93332     37.502    32.7511    25.2714 0.0000e+00
 158.443056     38.254  35.490648     9.5371    3.92252     37.931    32.7543    25.2754 0.0000e+00
 158.443061     38.681  35.485734     9.5281    3.91310     38.355    32.7573    25.2792 0.0000e+00
 158.443067     39.086  35.481364     9.5194    3.89308     38.756    32.7606    25.2831 0.0000e+00
 158.443073     39.461  35.477300     9.5078    3.87778     39.128    32.7668    25.2899 0.0000e+00
 158.443079     39.808  35.472028     9.4884    3.85493     39.472    32.7790    25.3025 0.0000e+00
 158.443084     40.132  35.463547     9.4619    3.82510     39.793    32.7944    25.3188 0.0000e+00
 158.443090     40.432  35.452306     9.4369    3.80615     40.091    32.8056    25.3316 0.0000e+00
 158.443096     40.698  35.441798     9.4197    3.80557     40.354    32.8104    25.3382 0.0000e+00
