data/oxygen options/OCNMS/OCNMS2/raw_data/2005/CTD_CE80_052505faed.cnv
* Sea-Bird SBE19 Data File:
* FileName = C:\Documents and Settings\kirner.PTANGELES\Desktop\hypoxia CTD data\CE80__052505.hex
* Software Version 1.1.5
* Temperature SN = 2997
* Conductivity SN = 2997
* System UpLoad Time = May 25 2005 17:59:49
* SEACAT PROFILER V3.1c SN 2997   05/25/05  17:59:03.588
* strain gauge pressure sensor: S/N = 184829,  range = 3000 psia,  tc = 40
# nquan = 9                                 
# nvalues = 1081                        
# units = specified
# name 0 = timeJ: Julian Days
# name 1 = prSM: Pressure, Strain Gauge [db]
# name 2 = c0mS/cm: Conductivity [mS/cm]
# name 3 = t090C: Temperature [ITS-90, deg C]
# name 4 = oxML/L: Oxygen, Beckman/YSI [ml/l]
# name 5 = depSM: Depth [salt water, m], lat = 47.5
# name 6 = sal00: Salinity, Practical [PSU]
# name 7 = sigma-é00: Density [sigma-theta, kg/m^3]
# name 8 = flag: flag
# span 0 = 145.541007, 145.547257       
# span 1 =     -3.839,     82.695       
# span 2 =   0.212225,  36.774282       
# span 3 =     7.5982,    14.5548       
# span 4 =   -0.11907,   26.57821       
# span 5 =     -3.807,     81.988       
# span 6 =     0.1291,    33.8907       
# span 7 =    -0.6614,    26.4546       
# span 8 = 0.0000e+00, 0.0000e+00       
# interval = seconds: 0.5
# start_time = May 25 2005 12:59:03 [Instrument's time stamp, header]
# bad_flag = -9.990e-29
*END*
 145.541007     -3.839 -9.990e-29    14.0476   -0.11907     -3.807 -9.990e-29 -9.990e-29 -9.990e-29
 145.541013     -3.830   0.219863    14.0472   -0.11907     -3.798     0.1338    -0.6565 -9.990e-29
 145.541019     -3.826   0.219353    14.0466   -0.11906     -3.794     0.1335    -0.6567 -9.990e-29
 145.541024     -3.819   0.217638    14.0464   -0.11905     -3.787     0.1324    -0.6575 -9.990e-29
 145.541030     -3.799   0.215205    14.0470   -0.09997     -3.767     0.1310    -0.6587 -9.990e-29
 145.541036     -3.769   0.213060    14.0499   -0.09929     -3.738     0.1296    -0.6601 -9.990e-29
 145.541042     -3.736   0.212225    14.0562   -0.09919     -3.705     0.1291    -0.6614 -9.990e-29
 145.541047     -3.703   0.215285    14.0637   -0.09929     -3.672     0.1310    -0.6610 -9.990e-29
 145.541053     -3.662   0.229091    14.0688   -0.09941     -3.631     0.1394    -0.6552 -9.990e-29
 145.541059     -3.607   0.266877    14.0717   -0.09944     -3.577     0.1627    -0.6375 -9.990e-29
 145.541065     -3.538   0.365164    14.0781   -0.09942     -3.509     0.2239    -0.5908 -9.990e-29
 145.541071     -3.457   0.646686    14.0985   -0.09937     -3.428     0.4032    -0.4545 -9.990e-29
 145.541076     -3.352   1.488468    14.1576   -0.09939     -3.324     0.9603    -0.0312 -9.990e-29
 145.541082     -3.218   4.016769    14.2831   -0.09943     -3.191     2.7307     1.3175 -9.990e-29
 145.541088     -3.058  11.598775    14.4343   -0.09942     -3.033     8.4720     5.7067 -9.990e-29
 145.541094     -2.880  22.964036    14.5260   -0.09942     -2.856    17.7534    12.8086 -9.990e-29
 145.541100     -2.694  30.530579    14.5441   -0.09943     -2.672    24.2626    17.8022 -9.990e-29
 145.541105     -2.518  33.037524    14.5323   -0.09938     -2.497    26.4805    19.5096 -9.990e-29
 145.541111     -2.370  33.854972    14.5222   -0.09942     -2.350    27.2136    20.0755 -9.990e-29
 145.541117     -2.254  34.112116    14.5228   -0.09947     -2.235    27.4421    20.2512 -9.990e-29
 145.541123     -2.158  34.193320    14.5282   -0.09951     -2.140    27.5106    20.3028 -9.990e-29
 145.541128     -2.072  34.223698    14.5303   -0.09952     -2.055    27.5362    20.3220 -9.990e-29
 145.541134     -1.994  34.231449    14.5281   -0.09949     -1.977    27.5446    20.3290 -9.990e-29
 145.541140     -1.929  34.221334    14.5243   -0.09949     -1.913    27.5383    20.3249 -9.990e-29
 145.541146     -1.880  34.211845    14.5201   -0.09951     -1.864    27.5328    20.3215 -9.990e-29
 145.541152     -1.844  34.218385    14.5190   -0.09951     -1.829    27.5394    20.3268 -9.990e-29
 145.541157     -1.812  34.231202    14.5186   -0.09948     -1.797    27.5511    20.3359 -9.990e-29
 145.541163     -1.779  34.239386    14.5110   -0.09944     -1.764    27.5637    20.3471 -9.990e-29
 145.541169     -1.750  34.242667    14.4979   -0.09942     -1.735    27.5759    20.3592 -9.990e-29
 145.541175     -1.722  34.242082    14.4878   -0.09942     -1.708    27.5826    20.3663 -9.990e-29
 145.541181     -1.688  34.238001    14.4849   -0.09942     -1.674    27.5810    20.3657 -9.990e-29
 145.541186     -1.647  34.231734    14.4875   -0.09943     -1.633    27.5735    20.3594 -9.990e-29
 145.541192     -1.605  34.227285    14.4911   -0.09943     -1.592    27.5670    20.3537 -9.990e-29
 145.541198     -1.563  34.223233    14.4935   -0.09939     -1.550    27.5617    20.3491 -9.990e-29
 145.541204     -1.527  34.213082    14.4963   -0.09936     -1.514    27.5506    20.3400 -9.990e-29
 145.541209     -1.504  34.200703    14.5020   -0.09935     -1.491    27.5355    20.3273 -9.990e-29
 145.541215     -1.483  34.199326    14.5104   -0.09937     -1.471    27.5283    20.3200 -9.990e-29
 145.541221     -1.454  34.211630    14.5188   -0.09939     -1.442    27.5333    20.3222 -9.990e-29
 145.541227     -1.420  34.225461    14.5256   -0.09940     -1.408    27.5408    20.3266 -9.990e-29
 145.541233     -1.383  34.227901    14.5300   -0.09940     -1.371    27.5399    20.3250 -9.990e-29
 145.541238     -1.346  34.216625    14.5315   -0.09938     -1.335    27.5288    20.3161 -9.990e-29
 145.541244     -1.313  34.202414    14.5330   -0.09937     -1.302    27.5150    20.3052 -9.990e-29
 145.541250     -1.288  34.199981    14.5369   -0.09937     -1.277    27.5101    20.3007 -9.990e-29
 145.541256     -1.268  34.213957    14.5421   -0.09937     -1.257    27.5189    20.3064 -9.990e-29
 145.541262     -1.248  34.234976    14.5458   -0.09938     -1.238    27.5350    20.3180 -9.990e-29
 145.541267     -1.223  34.249054    14.5468   -0.09936     -1.213    27.5468    20.3269 -9.990e-29
 145.541273     -1.196  34.246400    14.5454   -0.09934     -1.186    27.5454    20.3261 -9.990e-29
 145.541279     -1.168  34.230233    14.5428   -0.09933     -1.158    27.5328    20.3170 -9.990e-29
 145.541285     -1.138  34.217141    14.5411   -0.09935     -1.129    27.5224    20.3093 -9.990e-29
 145.541291     -1.109  34.218284    14.5423   -0.09938     -1.100    27.5225    20.3091 -9.990e-29
 145.541296     -1.083  34.229609    14.5454   -0.09938     -1.074    27.5304    20.3146 -9.990e-29
 145.541302     -1.053  34.239336    14.5482   -0.09942     -1.044    27.5371    20.3192 -9.990e-29
 145.541308     -1.019  34.241405    14.5498   -0.09940     -1.010    27.5378    20.3194 -9.990e-29
 145.541314     -0.990  34.238605    14.5504   -0.09938     -0.982    27.5348    20.3170 -9.990e-29
 145.541319     -0.974  34.233955    14.5512   -0.09940     -0.966    27.5301    20.3132 -9.990e-29
 145.541325     -0.960  34.233054    14.5530   -0.09941     -0.952    27.5281    20.3112 -9.990e-29
 145.541331     -0.931  34.242577    14.5548   -0.09944     -0.923    27.5353    20.3164 -9.990e-29
 145.541337     -0.881  34.256191    14.5543   -0.09945     -0.874    27.5477    20.3261 -9.990e-29
 145.541343     -0.824  34.258446    14.5508   -0.09943     -0.817    27.5522    20.3303 -9.990e-29
 145.541348     -0.777  34.246771    14.5443   -0.09943     -0.771    27.5464    20.3271 -9.990e-29
 145.541354     -0.742  34.234774    14.5376   -0.09944     -0.736    27.5404    20.3239 -9.990e-29
 145.541360     -0.707  34.232271    14.5359   -0.09949     -0.701    27.5394    20.3234 -9.990e-29
 145.541366     -0.672  34.237634    14.5373   -0.09953     -0.666    27.5432    20.3260 -9.990e-29
 145.541372     -0.637  34.242906    14.5365   -0.09955     -0.632    27.5484    20.3302 -9.990e-29
 145.541377     -0.604  34.240571    14.5314   -0.09954     -0.599    27.5499    20.3324 -9.990e-29
 145.541383     -0.577  34.233710    14.5245   -0.09954     -0.572    27.5487    20.3329 -9.990e-29
 145.541389     -0.548  34.230019    14.5211   -0.09956     -0.543    27.5478    20.3329 -9.990e-29
 145.541395     -0.517  34.230208    14.5218   -0.09957     -0.513    27.5475    20.3325 -9.990e-29
 145.541400     -0.489  34.230632    14.5207   -0.09956     -0.485    27.5486    20.3336 -9.990e-29
 145.541406     -0.468  34.229080    14.5125   -0.09948     -0.464    27.5530    20.3386 -9.990e-29
 145.541412     -0.451  34.227437    14.4982   -0.09946     -0.447    27.5617    20.3482 -9.990e-29
 145.541418     -0.438  34.227463    14.4844   -0.09946     -0.434    27.5715    20.3585 -9.990e-29
 145.541424     -0.428  34.227538    14.4763   -0.09950     -0.424    27.5773    20.3646 -9.990e-29
 145.541429     -0.421  34.226666    14.4729   -0.09954     -0.417    27.5790    20.3666 -9.990e-29
 145.541435     -0.415  34.225953    14.4701   -0.09955     -0.412    27.5803    20.3682 -9.990e-29
 145.541441     -0.411  34.227277    14.4672   -0.09951     -0.408    27.5836    20.3712 -9.990e-29
 145.541447     -0.408  34.230188    14.4676   -0.09948     -0.405    27.5859    20.3729 -9.990e-29
 145.541453     -0.406  34.231309    14.4758   -0.09949     -0.403    27.5810    20.3676 -9.990e-29
 145.541458     -0.400  34.231042    14.4899   -0.09952     -0.397    27.5708    20.3569 -9.990e-29
 145.541464     -0.386  34.232983    14.5001   -0.09951     -0.383    27.5653    20.3506 -9.990e-29
 145.541470     -0.368  34.235264    14.4999   -0.09946     -0.365    27.5675    20.3523 -9.990e-29
 145.541476     -0.353  34.235352    14.4914   -0.09945     -0.350    27.5736    20.3587 -9.990e-29
 145.541481     -0.348  34.235638    14.4822   -0.09945     -0.345    27.5803    20.3658 -9.990e-29
 145.541487     -0.352  34.236529    14.4802   -0.09950     -0.349    27.5826    20.3679 -9.990e-29
 145.541493     -0.359  34.236438    14.4861   -0.09953     -0.356    27.5783    20.3634 -9.990e-29
 145.541499     -0.363  34.235829    14.4921   -0.09952     -0.360    27.5735    20.3585 -9.990e-29
 145.541505     -0.366  34.235600    14.4915   -0.09948     -0.363    27.5737    20.3588 -9.990e-29
 145.541510     -0.367  34.236036    14.4884   15.30512     -0.364    27.5763    20.3614 -9.990e-29
 145.541516     -0.362  34.236626    14.4911   25.21226     -0.359    27.5749    20.3598 -9.990e-29
 145.541522     -0.343  34.237625    14.4996   26.57821     -0.340    27.5698    20.3541 -9.990e-29
 145.541528     -0.307  34.240955    14.5059   23.21953     -0.304    27.5683    20.3517 -9.990e-29
 145.541534     -0.266  34.244355    14.5040   14.97000     -0.264    27.5726    20.3554 -9.990e-29
 145.541539     -0.235  34.244542    14.4948   12.07903     -0.233    27.5793    20.3624 -9.990e-29
 145.541545     -0.218  34.244037    14.4868   12.09534     -0.216    27.5845    20.3681 -9.990e-29
 145.541551     -0.208  34.244433    14.4873   12.05809     -0.206    27.5845    20.3679 -9.990e-29
 145.541557     -0.190  34.245165    14.4943   12.04109     -0.188    27.5802    20.3632 -9.990e-29
 145.541563     -0.164  34.247237    14.4977   12.02256     -0.163    27.5796    20.3621 -9.990e-29
 145.541568     -0.136  34.251197    14.4937   12.01681     -0.135    27.5860    20.3678 -9.990e-29
 145.541574     -0.113  34.255067    14.4896   12.00493     -0.112    27.5923    20.3735 -9.990e-29
 145.541580     -0.098  34.257872    14.4893   11.99813     -0.097    27.5951    20.3757 -9.990e-29
 145.541586     -0.086  34.260574    14.4863   11.98473     -0.085    27.5996    20.3798 -9.990e-29
 145.541591     -0.071  34.260078    14.4737   11.98536     -0.070    27.6081    20.3888 -9.990e-29
 145.541597     -0.052  34.250707    14.4552    9.30247     -0.052    27.6129    20.3962 -9.990e-29
 145.541603     -0.030  34.235127    14.4440    5.83933     -0.030    27.6069    20.3939 -9.990e-29
 145.541609     -0.005  34.226225    14.4468    3.92117     -0.005    27.5970    20.3857 -9.990e-29
 145.541615      0.018  34.230091    14.4545    3.42811      0.018    27.5949    20.3826 -9.990e-29
 145.541620      0.042  34.236770    14.4570    4.56257      0.042    27.5991    20.3853 -9.990e-29
 145.541626      0.064  34.237260    14.4565    5.67148      0.063    27.5999    20.3860 -9.990e-29
 145.541632      0.081  34.236170    14.4588    6.10615      0.080    27.5973    20.3835 -9.990e-29
 145.541638      0.093  34.238800    14.4639    6.33452      0.092    27.5960    20.3815 -9.990e-29
 145.541644      0.102  34.243640    14.4686    6.45650      0.101    27.5970    20.3813 -9.990e-29
 145.541649      0.109  34.247641    14.4710    6.53005      0.108    27.5989    20.3823 -9.990e-29
 145.541655      0.117  34.248882    14.4712    6.57378      0.116    27.5998    20.3830 -9.990e-29
 145.541661      0.133  34.247927    14.4638    6.60391      0.132    27.6042    20.3878 -9.990e-29
 145.541667      0.152  34.240728    14.4463    6.61803      0.151    27.6102    20.3960 -9.990e-29
 145.541672      0.171  34.226120    14.4316    6.62393      0.170    27.6076    20.3969 -9.990e-29
 145.541678      0.187  34.215483    14.4275    6.62132      0.185    27.6010    20.3927 -9.990e-29
 145.541684      0.198  34.213155    14.4307    6.60907      0.196    27.5967    20.3887 -9.990e-29
 145.541690      0.208  34.215495    14.4374    6.60403      0.206    27.5940    20.3853 -9.990e-29
 145.541696      0.222  34.220607    14.4431    6.59158      0.220    27.5945    20.3845 -9.990e-29
 145.541701      0.241  34.225249    14.4437    6.60033      0.239    27.5982    20.3873 -9.990e-29
 145.541707      0.265  34.226108    14.4394    6.59207      0.263    27.6020    20.3911 -9.990e-29
 145.541713      0.293  34.222680    14.4360    6.58310      0.291    27.6014    20.3912 -9.990e-29
 145.541719      0.318  34.219389    14.4370    6.56982      0.315    27.5977    20.3882 -9.990e-29
 145.541725      0.337  34.220283    14.4409    6.55232      0.334    27.5957    20.3859 -9.990e-29
 145.541730      0.351  34.225267    14.4458    6.55517      0.348    27.5967    20.3857 -9.990e-29
 145.541736      0.361  34.230914    14.4464    6.54174      0.358    27.6013    20.3891 -9.990e-29
 145.541742      0.372  34.230571    14.4384    6.54175      0.369    27.6067    20.3949 -9.990e-29
 145.541748      0.389  34.222676    14.4283    6.54504      0.386    27.6068    20.3970 -9.990e-29
 145.541753      0.409  34.214463    14.4229    6.54084      0.406    27.6033    20.3954 -9.990e-29
 145.541759      0.428  34.210685    14.4231    6.53386      0.424    27.5998    20.3926 -9.990e-29
 145.541765      0.444  34.211353    14.4286    6.51458      0.440    27.5965    20.3890 -9.990e-29
 145.541771      0.454  34.216246    14.4376    6.49884      0.450    27.5944    20.3856 -9.990e-29
 145.541777      0.462  34.223487    14.4447    6.50346      0.458    27.5959    20.3853 -9.990e-29
 145.541782      0.473  34.228169    14.4434    6.51629      0.469    27.6010    20.3894 -9.990e-29
 145.541788      0.487  34.225335    14.4343    6.51663      0.483    27.6049    20.3943 -9.990e-29
 145.541794      0.507  34.215701    14.4269    6.51168      0.503    27.6016    20.3932 -9.990e-29
 145.541800      0.528  34.208289    14.4286    6.49033      0.524    27.5937    20.3868 -9.990e-29
 145.541806      0.544  34.210599    14.4352    6.47955      0.539    27.5911    20.3835 -9.990e-29
 145.541811      0.555  34.217870    14.4391    6.48006      0.550    27.5948    20.3856 -9.990e-29
 145.541817      0.567  34.221869    14.4397    6.47985      0.562    27.5979    20.3879 -9.990e-29
 145.541823      0.579  34.222336    14.4413    6.48604      0.574    27.5972    20.3870 -9.990e-29
 145.541829      0.590  34.223824    14.4454    6.48286      0.585    27.5956    20.3849 -9.990e-29
 145.541834      0.591  34.227205    14.4505    6.48439      0.586    27.5950    20.3834 -9.990e-29
 145.541840      0.585  34.230830    14.4557    6.47138      0.580    27.5946    20.3820 -9.990e-29
 145.541846      0.587  34.234496    14.4631    6.45325      0.582    27.5926    20.3790 -9.990e-29
 145.541852      0.599  34.240300    14.4747    6.44541      0.594    27.5895    20.3743 -9.990e-29
 145.541858      0.619  34.249824    14.4858    6.44769      0.614    27.5901    20.3726 -9.990e-29
 145.541863      0.639  34.258399    14.4888    6.45296      0.634    27.5956    20.3762 -9.990e-29
 145.541869      0.656  34.259534    14.4842    6.45371      0.651    27.5999    20.3804 -9.990e-29
 145.541875      0.672  34.254190    14.4807    6.45306      0.666    27.5976    20.3794 -9.990e-29
 145.541881      0.687  34.251508    14.4824    6.45422      0.681    27.5940    20.3763 -9.990e-29
 145.541887      0.702  34.254644    14.4857    6.44231      0.696    27.5945    20.3759 -9.990e-29
 145.541892      0.719  34.258260    14.4884    6.43369      0.713    27.5958    20.3764 -9.990e-29
 145.541898      0.738  34.260460    14.4913    6.42498      0.732    27.5957    20.3757 -9.990e-29
 145.541904      0.761  34.263066    14.4952    6.42805      0.755    27.5952    20.3746 -9.990e-29
 145.541910      0.784  34.266757    14.4981    6.43030      0.777    27.5964    20.3750 -9.990e-29
 145.541916      0.801  34.268618    14.4985    6.42575      0.794    27.5978    20.3759 -9.990e-29
 145.541921      0.809  34.268336    14.4980    6.42476      0.802    27.5979    20.3761 -9.990e-29
 145.541927      0.807  34.268349    14.4980    6.41206      0.800    27.5979    20.3761 -9.990e-29
