data/oxygen options/OCNMS/OCNMS2/raw_data/2005/CTD_TH40_060705faed.cnv
* Sea-Bird SBE19 Data File:
* FileName = C:\hypoxia CTD data\TH40_060705.hex
* Software Version 1.1.5
* Temperature SN = 2997
* Conductivity SN = 2997
* System UpLoad Time = Jun 07 2005 12:36:32
* SEACAT PROFILER V3.1c SN 2997   06/07/05  12:35:46.271
* strain gauge pressure sensor: S/N = 184829,  range = 3000 psia,  tc = 40
# nquan = 9                                 
# nvalues = 602                         
# units = specified
# name 0 = timeJ: Julian Days
# name 1 = prSM: Pressure, Strain Gauge [db]
# name 2 = c0mS/cm: Conductivity [mS/cm]
# name 3 = t090C: Temperature [ITS-90, deg C]
# name 4 = oxML/L: Oxygen, Beckman/YSI [ml/l]
# name 5 = depSM: Depth [salt water, m], lat = 47.5
# name 6 = sal00: Salinity, Practical [PSU]
# name 7 = sigma-é00: Density [sigma-theta, kg/m^3]
# name 8 = flag: flag
# span 0 = 158.440324, 158.443802       
# span 1 =     -3.779,     41.517       
# span 2 =   0.171700,  37.242772       
# span 3 =     9.4100,    14.2944       
# span 4 =   -0.09880,   25.77379       
# span 5 =     -3.747,     41.166       
# span 6 =     0.1061,    32.8104       
# span 7 =    -0.5830,    25.3395       
# span 8 = 0.0000e+00, 0.0000e+00       
# interval = seconds: 0.5
# start_time = Jun 07 2005 10:34:04 [Instrument's time stamp, header]
# bad_flag = -9.990e-29
*END*
[from data line 481]
 158.443108     41.103  35.430235     9.4100    3.82986     40.756    32.8072    25.3372 0.0000e+00
 158.443113     41.246  35.429981     9.4137    3.83981     40.898    32.8035    25.3337 -9.990e-29
 158.443119     41.355  35.432014     9.4208    3.86290     41.006    32.7990    25.3291 -9.990e-29
 158.443125     41.437  35.435667     9.4308    3.87781     41.087    32.7936    25.3233 -9.990e-29
 158.443131     41.492  35.441687     9.4450    3.89373     41.142    32.7868    25.3156 -9.990e-29
 158.443137     41.517  35.449125     9.4625    3.90225     41.166    32.7784    25.3063 -9.990e-29
 158.443142     41.509  35.455935     9.4763    3.89892     41.158    32.7728    25.2997 -9.990e-29
 158.443148     41.466  35.459979     9.4815    3.88197     41.116    32.7722    25.2984 -9.990e-29
 158.443154     41.390  35.460297     9.4814    3.87846     41.040    32.7726    25.2987 -9.990e-29
 158.443160     41.286  35.458998     9.4794    3.87576     40.937    32.7732    25.2995 -9.990e-29
 158.443166     41.150  35.457716     9.4734    3.87750     40.802    32.7774    25.3038 0.0000e+00
 158.443171     40.974  35.455303     9.4595    3.87610     40.628    32.7877    25.3140 0.0000e+00
 158.443177     40.752  35.449101     9.4417    3.88458     40.408    32.7977    25.3247 0.0000e+00
 158.443183     40.481  35.439810     9.4338    3.88884     40.139    32.7955    25.3243 0.0000e+00
 158.443189     40.162  35.434665     9.4474    3.90206     39.823    32.7779    25.3083 0.0000e+00
 158.443194     39.804  35.439136     9.4777    3.93017     39.468    32.7550    25.2855 0.0000e+00
 158.443200     39.432  35.450214     9.5050    3.93494     39.099    32.7416    25.2706 0.0000e+00
 158.443206     39.059  35.459690     9.5178    3.94438     38.729    32.7398    25.2672 0.0000e+00
 158.443212     38.689  35.463387     9.5193    3.92903     38.363    32.7424    25.2689 0.0000e+00
 158.443218     38.324  35.462881     9.5161    3.93288     38.001    32.7449    25.2715 0.0000e+00
 158.443223     37.960  35.460864     9.5138    3.92586     37.640    32.7451    25.2720 0.0000e+00
 158.443229     37.593  35.459692     9.5134    3.93827     37.276    32.7445    25.2715 0.0000e+00
 158.443235     37.216  35.459484     9.5145    3.94715     36.902    32.7434    25.2705 0.0000e+00
 158.443241     36.818  35.459966     9.5206    3.95218     36.507    32.7385    25.2657 0.0000e+00
 158.443247     36.386  35.462902     9.5340    3.95328     36.079    32.7295    25.2565 0.0000e+00
 158.443252     35.919  35.469404     9.5503    3.96127     35.616    32.7215    25.2476 0.0000e+00
 158.443258     35.425  35.476931     9.5632    3.96913     35.126    32.7177    25.2425 0.0000e+00
 158.443264     34.920  35.481507     9.5710    3.97159     34.626    32.7155    25.2395 0.0000e+00
 158.443270     34.418  35.482512     9.5759    3.98669     34.128    32.7122    25.2362 0.0000e+00
 158.443275     33.927  35.482412     9.5802    3.98847     33.641    32.7084    25.2325 0.0000e+00
 158.443281     33.445  35.483321     9.5854    3.98298     33.163    32.7048    25.2288 0.0000e+00
 158.443287     32.970  35.485334     9.5939    3.98131     32.692    32.6994    25.2232 0.0000e+00
 158.443293     32.508  35.488333     9.6058    3.98299     32.234    32.6918    25.2153 0.0000e+00
 158.443299     32.058  35.491273     9.6139    3.98626     31.788    32.6876    25.2108 0.0000e+00
 158.443304     31.614  35.491350     9.6113    4.01853     31.348    32.6903    25.2132 0.0000e+00
 158.443310     31.164  35.488673     9.6028    4.02433     30.902    32.6955    25.2187 0.0000e+00
 158.443316     30.701  35.485279     9.6019    4.03432     30.443    32.6930    25.2169 0.0000e+00
 158.443322     30.220  35.482812     9.6176    4.02228     29.966    32.6764    25.2014 0.0000e+00
 158.443328     29.727  35.484710     9.6469    4.04245     29.477    32.6519    25.1775 0.0000e+00
 158.443333     29.232  35.494064     9.6756    4.05766     28.986    32.6357    25.1601 0.0000e+00
 158.443339     28.741  35.507095     9.6934    4.08323     28.499    32.6330    25.1551 0.0000e+00
 158.443345     28.254  35.515956     9.7040    4.13607     28.016    32.6327    25.1531 0.0000e+00
 158.443351     27.765  35.519015     9.7177    4.20931     27.531    32.6236    25.1438 0.0000e+00
 158.443356     27.274  35.518672     9.7481    4.32543     27.045    32.5959    25.1172 0.0000e+00
 158.443362     26.782  35.515033     9.7954    4.42923     26.557    32.5496    25.0733 0.0000e+00
 158.443368     26.293  35.510539     9.8373    4.52003     26.072    32.5074    25.0335 0.0000e+00
 158.443374     25.806  35.509856     9.8626    4.55898     25.589    32.4841    25.0111 0.0000e+00
 158.443380     25.311  35.513768     9.8943    4.58588     25.098    32.4598    24.9869 0.0000e+00
 158.443385     24.802  35.524695     9.9646    4.63197     24.594    32.4079    24.9348 0.0000e+00
 158.443391     24.286  35.554408    10.0639    4.70677     24.082    32.3493    24.8726 0.0000e+00
 158.443397     23.772  35.602721    10.1435    4.80063     23.572    32.3272    24.8421 0.0000e+00
 158.443403     23.265  35.641560    10.1797    4.90259     23.070    32.3342    24.8415 0.0000e+00
 158.443409     22.764  35.654897    10.1927    5.00291     22.573    32.3363    24.8410 0.0000e+00
 158.443414     22.263  35.657729    10.2253    5.13022     22.076    32.3103    24.8152 0.0000e+00
 158.443420     21.755  35.670656    10.3221    5.27576     21.572    32.2375    24.7421 0.0000e+00
 158.443426     21.237  35.707548    10.4827    5.41455     21.059    32.1325    24.6332 0.0000e+00
 158.443432     20.711  35.759850    10.6513    5.50639     20.537    32.0366    24.5296 0.0000e+00
 158.443437     20.182  35.800880    10.7768    5.53976     20.013    31.9677    24.4544 0.0000e+00
 158.443443     19.659  35.819222    10.8442    5.52353     19.494    31.9273    24.4113 0.0000e+00
 158.443449     19.152  35.820865    10.8652    5.46368     18.991    31.9108    24.3948 0.0000e+00
 158.443455     18.670  35.814190    10.8571    5.41902     18.513    31.9115    24.3967 0.0000e+00
 158.443461     18.218  35.809934    10.8335    5.36818     18.065    31.9280    24.4136 0.0000e+00
 158.443466     17.783  35.812516    10.8136    5.34385     17.634    31.9481    24.4327 0.0000e+00
 158.443472     17.352  35.814724    10.8111    5.37079     17.206    31.9527    24.4367 0.0000e+00
 158.443478     16.917  35.811088    10.8274    5.48338     16.775    31.9350    24.4201 0.0000e+00
 158.443484     16.472  35.796757    10.8627    5.67158     16.334    31.8903    24.3792 0.0000e+00
 158.443490     16.011  35.771688    10.9094    5.88667     15.877    31.8251    24.3203 0.0000e+00
 158.443495     15.535  35.751797    10.9691    6.14421     15.405    31.7539    24.2545 0.0000e+00
 158.443501     15.042  35.753743    11.0621    6.42554     14.916    31.6757    24.1775 0.0000e+00
 158.443507     14.527  35.783493    11.2071    6.71250     14.405    31.5805    24.0780 0.0000e+00
 158.443513     13.991  35.851006    11.4117    7.00143     13.874    31.4720    23.9574 0.0000e+00
 158.443519     13.448  35.962214    11.6486    7.22796     13.335    31.3793    23.8429 0.0000e+00
 158.443524     12.910  36.089929    11.8582    7.46516     12.802    31.3262    23.7636 0.0000e+00
 158.443530     12.381  36.194779    12.0195    7.71430     12.277    31.2919    23.7074 0.0000e+00
 158.443536     11.865  36.268588    12.2018    7.96800     11.766    31.2104    23.6106 0.0000e+00
 158.443542     11.369  36.351491    12.4420    8.09246     11.274    31.0901    23.4725 0.0000e+00
 158.443547     10.886  36.463211    12.6534    8.02976     10.795    31.0218    23.3797 0.0000e+00
 158.443553     10.407  36.556481    12.8064    7.87737     10.320    30.9843    23.3215 0.0000e+00
 158.443559      9.932  36.631790    12.9872    7.71258      9.849    30.9074    23.2273 0.0000e+00
 158.443565      9.465  36.730711    13.2207    7.71715      9.386    30.8103    23.1069 0.0000e+00
 158.443571      9.005  36.838240    13.4061    7.80576      8.930    30.7607    23.0322 0.0000e+00
 158.443576      8.549  36.909365    13.4250    7.85424      8.477    30.8116    23.0679 0.0000e+00
 158.443582      8.093  36.906629    13.3100    7.79150      8.025    30.9023    23.1605 0.0000e+00
 158.443588      7.631  36.847179    13.2538    7.61025      7.567    30.8928    23.1641 0.0000e+00
 158.443594      7.149  36.812126    13.4088    7.42739      7.089    30.7350    23.0118 0.0000e+00
 158.443600      6.644  36.876379    13.6970    7.32158      6.588    30.5636    22.8224 0.0000e+00
 158.443605      6.128  37.004455    13.9223    7.27570      6.077    30.5023    22.7299 0.0000e+00
 158.443611      5.627  37.094628    14.0265    7.29484      5.580    30.5024    22.7090 0.0000e+00
 158.443617      5.153  37.128692    14.0624    7.26581      5.110    30.5053    22.7039 0.0000e+00
 158.443623      4.716  37.143141    14.0736    7.13527      4.677    30.5098    22.7051 0.0000e+00
 158.443628      4.309  37.152205    14.0840    6.87643      4.273    30.5099    22.7031 0.0000e+00
 158.443634      3.915  37.152831    14.1154    6.63080      3.882    30.4858    22.6782 0.0000e+00
 158.443640      3.526  37.142488    14.1705    6.44714      3.497    30.4331    22.6263 0.0000e+00
 158.443646      3.151  37.129257    14.2169    6.28193      3.125    30.3846    22.5794 0.0000e+00
 158.443652      2.805  37.122981    14.2351    6.23197      2.782    30.3647    22.5604 0.0000e+00
 158.443657      2.496  37.120354    14.2330    6.11464      2.475    30.3641    22.5603 0.0000e+00
 158.443663      2.229  37.112839    14.2173    6.12051      2.210    30.3697    22.5678 0.0000e+00
 158.443669      2.010  37.097150    14.1875    7.12733      1.993    30.3790    22.5810 0.0000e+00
 158.443675      1.836  37.074800    14.1492    7.16586      1.821    30.3888    22.5964 0.0000e+00
 158.443681      1.702  37.050194    14.1154    7.27704      1.688    30.3931    22.6065 -9.990e-29
 158.443686      1.598  37.026411    14.0889    7.32934      1.585    30.3923    22.6113 -9.990e-29
 158.443692      1.518  36.998088    14.0618    7.40728      1.505    30.3878    22.6134 -9.990e-29
 158.443698      1.457  36.944278    14.0260    7.51732      1.445    30.3669    22.6045 -9.990e-29
 158.443704      1.411  36.821269    13.9785    7.54257      1.399    30.2920    22.5562 -9.990e-29
 158.443709      1.378  36.503179    13.9263    7.52276      1.366    30.0421    22.3740 -9.990e-29
 158.443715      1.355  35.593921    13.8791    7.52641      1.344    29.2483    21.7712 -9.990e-29
 158.443721      1.336  32.901331    13.8410    7.57124      1.325    26.8338    19.9174 -9.990e-29
 158.443727      1.315  25.597778    13.8144    7.56316      1.304    20.3657    14.9440 -9.990e-29
 158.443733      1.297  15.102685    13.7998    7.54160      1.286    11.4590     8.1027 -9.990e-29
 158.443738      1.279   7.899095    13.7927    7.51370      1.268     5.6951     3.6731 -9.990e-29
 158.443744      1.253   5.217382    13.7882    7.52837      1.243     3.6538     2.1016 -9.990e-29
 158.443750      1.215   4.334600    13.7839 -9.990e-29      1.205     2.9992     1.5974 -9.990e-29
 158.443756      1.173   3.899815    13.7788 -9.990e-29      1.163     2.6806     1.3523 -9.990e-29
 158.443762      1.133   3.474957    13.7726 -9.990e-29      1.124     2.3720     1.1148 -9.990e-29
 158.443767      1.112   3.340794    13.7659 -9.990e-29      1.103     2.2753     1.0411 -9.990e-29
 158.443773      1.124   3.492911    13.7603 -9.990e-29      1.115     2.3857     1.1272 -9.990e-29
 158.443779      1.146   3.512501    13.7563 -9.990e-29      1.136     2.4002     1.1389 -9.990e-29
 158.443785      1.163   3.308473    13.7531 -9.990e-29      1.153     2.2527     1.0255 -9.990e-29
 158.443791      1.177   3.094341    13.7506 -9.990e-29      1.167     2.0986     0.9068 -9.990e-29
 158.443796      1.189   2.921243    13.7496 -9.990e-29      1.179     1.9746     0.8111 -9.990e-29
 158.443802      1.194   2.782204 -9.990e-29 -9.990e-29      1.184 -9.990e-29 -9.990e-29 -9.990e-29
