data/oxygen options/OCNMS/OCNMS2/raw_data/2005/CTD_CA20_052405faed.cnv
* Sea-Bird SBE19 Data File:
* FileName = C:\Documents and Settings\kirner.PTANGELES\Desktop\hypoxia CTD data\CA20_052405.hex
* Software Version 1.1.5
* Temperature SN = 2997
* Conductivity SN = 2997
* System UpLoad Time = May 24 2005 15:21:11
* SEACAT PROFILER V3.1c SN 2997   05/24/05  15:20:23.188
* strain gauge pressure sensor: S/N = 184829,  range = 3000 psia,  tc = 40
# nquan = 9                                 
# nvalues = 590                         
# units = specified
# name 0 = timeJ: Julian Days
# name 1 = prSM: Pressure, Strain Gauge [db]
# name 2 = c0mS/cm: Conductivity [mS/cm]
# name 3 = t090C: Temperature [ITS-90, deg C]
# name 4 = oxML/L: Oxygen, Beckman/YSI [ml/l]
# name 5 = depSM: Depth [salt water, m], lat = 47.5
# name 6 = sal00: Salinity, Practical [PSU]
# name 7 = sigma-é00: Density [sigma-theta, kg/m^3]
# name 8 = flag: flag
# span 0 = 144.506863, 144.510272       
# span 1 =     -3.580,     24.185       
# span 2 =   0.646801,  36.161336       
# span 3 =    11.8994,    14.1360       
# span 4 =  -14.15394,   26.18608       
# span 5 =     -3.550,     23.982       
# span 6 =     0.4081,    31.3544       
# span 7 =    -0.3847,    23.7782       
# span 8 = 0.0000e+00, 0.0000e+00       
# interval = seconds: 0.5
# start_time = May 24 2005 12:09:53 [Instrument's time stamp, header]
# bad_flag = -9.990e-29
*END*
[from data line 161]
 144.507795      0.385  33.303623    14.0488    6.04917      0.382    27.0511    20.0444 -9.990e-29
 144.507801      0.403  33.303416    14.0484    6.05290      0.400    27.0512    20.0445 -9.990e-29
 144.507807      0.422  33.304608    14.0481    6.06428      0.418    27.0525    20.0456 -9.990e-29
 144.507813      0.440  33.304869    14.0483    6.05763      0.436    27.0526    20.0456 -9.990e-29
 144.507818      0.457  33.303992    14.0492    6.05323      0.453    27.0512    20.0443 -9.990e-29
 144.507824      0.463  33.303051    14.0512    6.05888      0.459    27.0489    20.0422 -9.990e-29
 144.507830      0.464  33.301914    14.0539    6.05762      0.460    27.0460    20.0394 -9.990e-29
 144.507836      0.472  33.300189    14.0553    6.05936      0.468    27.0435    20.0372 -9.990e-29
 144.507841      0.489  33.298383    14.0543    6.04838      0.485    27.0425    20.0367 -9.990e-29
 144.507847      0.510  33.297457    14.0526    6.03223      0.506    27.0429    20.0373 -9.990e-29
 144.507853      0.533  33.297859    14.0525    6.03867      0.529    27.0433    20.0376 -9.990e-29
 144.507859      0.555  33.298446    14.0537    6.05323      0.550    27.0430    20.0372 -9.990e-29
 144.507865      0.578  33.298323    14.0549    6.05710      0.573    27.0420    20.0362 -9.990e-29
 144.507870      0.593  33.297890    14.0558    6.04370      0.588    27.0410    20.0352 -9.990e-29
 144.507876      0.595  33.297692    14.0575    6.02973      0.590    27.0396    20.0338 -9.990e-29
 144.507882      0.591  33.297468    14.0601    6.02444      0.586    27.0376    20.0318 -9.990e-29
 144.507888      0.594  33.296363    14.0608    6.03187      0.589    27.0361    20.0305 -9.990e-29
 144.507894      0.605  33.294591    14.0588    6.04013      0.600    27.0359    20.0307 -9.990e-29
 144.507899      0.615  33.293154    14.0567    6.04080      0.610    27.0361    20.0313 -9.990e-29
 144.507905      0.621  33.292383    14.0566    6.04052      0.616    27.0355    20.0308 -9.990e-29
 144.507911      0.622  33.292371    14.0582    6.03505      0.617    27.0344    20.0296 -9.990e-29
 144.507917      0.625  33.293106    14.0605    6.01365      0.620    27.0334    20.0284 -9.990e-29
 144.507922      0.636  33.293328    14.0629    6.00866      0.631    27.0319    20.0268 -9.990e-29
 144.507928      0.657  33.291658    14.0652    6.02068      0.652    27.0288    20.0240 -9.990e-29
 144.507934      0.677  33.289235    14.0668    6.03998      0.671    27.0255    20.0211 -9.990e-29
 144.507940      0.688  33.288434    14.0676    6.04246      0.682    27.0242    20.0200 -9.990e-29
 144.507946      0.691  33.289314    14.0681    6.03065      0.685    27.0247    20.0202 -9.990e-29
 144.507951      0.685  33.290249    14.0695    6.01831      0.679    27.0245    20.0198 -9.990e-29
 144.507957      0.680  33.290246    14.0715    6.02486      0.674    27.0231    20.0184 -9.990e-29
 144.507963      0.683  33.289304    14.0730    6.02791      0.677    27.0212    20.0166 -9.990e-29
 144.507969      0.691  33.288413    14.0738    6.01910      0.685    27.0199    20.0154 -9.990e-29
 144.507975      0.699  33.288631    14.0741    6.01598      0.693    27.0198    20.0153 -9.990e-29
 144.507980      0.708  33.289690    14.0737    6.02374      0.702    27.0211    20.0164 -9.990e-29
 144.507986      0.719  33.290765    14.0732    6.03094      0.713    27.0224    20.0175 -9.990e-29
 144.507992      0.733  33.291051    14.0737    6.03018      0.727    27.0223    20.0173 -9.990e-29
 144.507998      0.749  33.290371    14.0753    6.02016      0.743    27.0205    20.0156 -9.990e-29
 144.508003      0.770  33.289503    14.0774    6.00727      0.764    27.0183    20.0135 -9.990e-29
 144.508009      0.792  33.288975    14.0797    6.00727      0.785    27.0162    20.0114 -9.990e-29
 144.508015      0.812  33.288647    14.0823    6.02126      0.805    27.0141    20.0093 -9.990e-29
 144.508021      0.832  33.288083    14.0850    6.02151      0.825    27.0117    20.0069 -9.990e-29
 144.508027      0.849  33.287097    14.0863    6.01135      0.842    27.0099    20.0053 -9.990e-29
 144.508032      0.860  33.286618    14.0857    6.00603      0.853    27.0099    20.0054 -9.990e-29
 144.508038      0.869  33.287132    14.0853    6.00262      0.862    27.0106    20.0060 -9.990e-29
 144.508044      0.886  33.287649    14.0860    6.01431      0.879    27.0106    20.0059 -9.990e-29
 144.508050      0.911  33.287741    14.0867    6.01821      0.903    27.0102    20.0054 -9.990e-29
 144.508056      0.934  33.287532    14.0872    6.00681      0.926    27.0096    20.0049 -9.990e-29
 144.508061      0.947  33.287307    14.0880    6.00854      0.939    27.0088    20.0041 -9.990e-29
 144.508067      0.955  33.287330    14.0898    6.01305      0.947    27.0076    20.0028 -9.990e-29
 144.508073      0.964  33.287635    14.0927    6.00987      0.956    27.0058    20.0009 -9.990e-29
 144.508079      0.974  33.288073    14.0964    6.00700      0.966    27.0036    19.9985 -9.990e-29
 144.508084      0.985  33.288109    14.0993    6.00394      0.977    27.0017    19.9964 -9.990e-29
 144.508090      0.994  33.287795    14.1004    5.99246      0.986    27.0006    19.9954 -9.990e-29
 144.508096      0.997  33.287838    14.1014    5.99335      0.989    26.9999    19.9947 -9.990e-29
 144.508102      0.995  33.288297    14.1036    5.99392      0.987    26.9988    19.9934 -9.990e-29
 144.508108      0.987  33.288668    14.1060    5.99712      0.979    26.9975    19.9919 -9.990e-29
 144.508113      0.977  33.288889    14.1068    5.99158      0.969    26.9971    19.9914 -9.990e-29
 144.508119      0.968  33.289256    14.1064    5.98956      0.960    26.9977    19.9920 -9.990e-29
 144.508125      0.961  33.289705    14.1055    5.98925      0.953    26.9988    19.9929 -9.990e-29
 144.508131      0.954  33.289716    14.1044    5.98955      0.946    26.9995    19.9938 -9.990e-29
 144.508137      0.952  33.289307    14.1032    5.99030      0.944    27.0000    19.9944 -9.990e-29
 144.508142      0.958  33.289057    14.1024    5.98172      0.950    27.0003    19.9948 -9.990e-29
 144.508148      0.965  33.289198    14.1021    5.97531      0.957    27.0007    19.9951 -9.990e-29
 144.508154      0.964  33.289358    14.1015    5.98594      0.956    27.0012    19.9956 -9.990e-29
 144.508160      0.964  33.289195    14.0996    5.99189      0.956    27.0024    19.9969 -9.990e-29
 144.508166      0.973  33.289055    14.0976    5.99488      0.965    27.0037    19.9983 -9.990e-29
 144.508171      0.988  33.289314    14.0969    5.99000      0.980    27.0044    19.9990 -9.990e-29
 144.508177      1.001  33.289762    14.0980    5.97991      0.993    27.0040    19.9985 -9.990e-29
 144.508183      1.009  33.289876    14.1005    5.97703      1.001    27.0024    19.9967 -9.990e-29
 144.508189      1.016  33.289813    14.1031    5.99044      1.008    27.0005    19.9948 -9.990e-29
 144.508194      1.024  33.290051    14.1052    5.98969      1.015    26.9993    19.9934 -9.990e-29
 144.508200      1.027  33.290353    14.1063    5.98071      1.018    26.9988    19.9928 -9.990e-29
 144.508206      1.027  33.290562    14.1065    5.97602      1.018    26.9988    19.9928 -9.990e-29
 144.508212      1.023  33.290961    14.1072    5.98279      1.014    26.9987    19.9925 -9.990e-29
 144.508218      1.019  33.291526    14.1082    5.99000      1.010    26.9985    19.9922 -9.990e-29
 144.508223      1.020  33.291892    14.1084    5.99056      1.011    26.9987    19.9923 -9.990e-29
 144.508229      1.020  33.291991    14.1083    5.98549      1.011    26.9988    19.9925 -9.990e-29
 144.508235      1.017  33.291958    14.1086    5.97683      1.009    26.9986    19.9922 -9.990e-29
 144.508241      1.018  33.291753    14.1091    5.97097      1.010    26.9981    19.9917 -9.990e-29
 144.508247      1.031  33.291105    14.1092    5.97215      1.022    26.9974    19.9912 -9.990e-29
 144.508252      1.054  33.289716    14.1088    5.97753      1.045    26.9964    19.9905 -9.990e-29
 144.508258      1.079  33.287978    14.1085    5.97292      1.070    26.9951    19.9895 -9.990e-29
 144.508264      1.100  33.286938    14.1089    5.96803      1.091    26.9939    19.9885 -9.990e-29
 144.508270      1.117  33.286893    14.1098    5.96531      1.108    26.9932    19.9878 -9.990e-29
 144.508275      1.136  33.287226    14.1108    5.97043      1.127    26.9928    19.9873 -9.990e-29
 144.508281      1.154  33.287639    14.1116    5.97726      1.144    26.9926    19.9870 -9.990e-29
 144.508287      1.168  33.288124    14.1125    5.96354      1.158    26.9924    19.9867 -9.990e-29
 144.508293      1.179  33.288582    14.1135    5.95424      1.169    26.9921    19.9862 -9.990e-29
 144.508299      1.187  33.289068    14.1141    5.94988      1.177    26.9921    19.9861 -9.990e-29
 144.508304      1.194  33.289488    14.1140    5.97450      1.184    26.9925    19.9865 -9.990e-29
 144.508310      1.198  33.289284    14.1136    5.97670      1.188    26.9926    19.9867 -9.990e-29
 144.508316      1.202  33.288189    14.1131    5.96572      1.192    26.9920    19.9863 -9.990e-29
 144.508322      1.204  33.286989    14.1134    5.95748      1.194    26.9907    19.9852 -9.990e-29
 144.508328      1.205  33.286889    14.1143    5.95519      1.195    26.9900    19.9845 -9.990e-29
 144.508333      1.205  33.287759    14.1153    5.96431      1.195    26.9901    19.9843 -9.990e-29
 144.508339      1.209  33.288520    14.1161    5.96831      1.199    26.9902    19.9843 -9.990e-29
 144.508345      1.221  33.288509    14.1166    5.95932      1.211    26.9898    19.9839 -9.990e-29
 144.508351      1.232  33.287155    14.1175    5.95015      1.222    26.9880    19.9823 -9.990e-29
 144.508356      1.236  33.286579    14.1190    5.95746      1.226    26.9864    19.9808 -9.990e-29
 144.508362      1.237  33.288818    14.1205    5.96307      1.227    26.9874    19.9813 -9.990e-29
 144.508368      1.239  33.291256    14.1218    5.97280      1.229    26.9887    19.9820 -9.990e-29
 144.508374      1.243  33.292106    14.1227    5.95939      1.233    26.9888    19.9819 -9.990e-29
 144.508380      1.247  33.291942    14.1236    5.94410      1.237    26.9880    19.9811 -9.990e-29
 144.508385      1.254  33.292232    14.1238    5.93634      1.244    26.9881    19.9812 -9.990e-29
 144.508391      1.267  33.293366    14.1217    5.93742      1.256    26.9906    19.9835 -9.990e-29
 144.508397      1.291  33.292936    14.1174    5.95150      1.280    26.9932    19.9864 -9.990e-29
 144.508403      1.320  33.290934    14.1142    5.95614      1.309    26.9937    19.9873 -9.990e-29
 144.508409      1.339  33.290300    14.1142    5.95822      1.328    26.9931    19.9869 -9.990e-29
 144.508414      1.339  33.291309    14.1156    5.95680      1.328    26.9930    19.9865 -9.990e-29
 144.508420      1.330  33.291947    14.1168    5.94886      1.319    26.9928    19.9861 -9.990e-29
 144.508426      1.324  33.291947    14.1178    5.94777      1.313    26.9921    19.9854 -9.990e-29
 144.508432      1.325  33.291876    14.1190    5.94819      1.314    26.9912    19.9844 -9.990e-29
 144.508438      1.332  33.291643    14.1200    5.94381      1.321    26.9902    19.9835 -9.990e-29
 144.508443      1.342  33.291501    14.1203    5.94349      1.331    26.9899    19.9832 -9.990e-29
 144.508449      1.351  33.291824    14.1202    5.94884      1.340    26.9903    19.9835 -9.990e-29
 144.508455      1.360  33.292485    14.1204    5.95725      1.349    26.9907    19.9838 -9.990e-29
 144.508461      1.366  33.293249    14.1211    5.96081      1.355    26.9909    19.9838 -9.990e-29
 144.508466      1.368  33.294017    14.1223    5.95536      1.357    26.9908    19.9835 -9.990e-29
 144.508472      1.375  33.294696    14.1233    5.94807      1.364    26.9907    19.9832 -9.990e-29
 144.508478      1.388  33.295074    14.1234    5.93897      1.376    26.9909    19.9834 -9.990e-29
 144.508484      1.403  33.295098    14.1235    5.93248      1.391    26.9909    19.9834 -9.990e-29
 144.508490      1.421  33.294803    14.1240    5.92865      1.409    26.9903    19.9828 -9.990e-29
 144.508495      1.435  33.294360    14.1239    5.93242      1.423    26.9899    19.9825 -9.990e-29
 144.508501      1.437  33.294303    14.1224    5.94252      1.425    26.9909    19.9836 -9.990e-29
 144.508507      1.432  33.294560    14.1193    5.93813      1.420    26.9933    19.9861 -9.990e-29
 144.508513      1.423  33.294356    14.1142    5.93836      1.411    26.9967    19.9897 -9.990e-29
 144.508519      1.414  33.293981    14.1067    5.94086      1.402    27.0016    19.9949 -9.990e-29
 144.508524      1.413  33.294062    14.0997    5.93658      1.401    27.0066    20.0001 -9.990e-29
 144.508530      1.420  33.293028    14.0979    5.94085      1.408    27.0069    20.0007 -9.990e-29
 144.508536      1.427  33.290062    14.1003    5.94005      1.415    27.0026    19.9969 -9.990e-29
 144.508542      1.430  33.287936    14.1022    5.94400      1.418    26.9993    19.9940 -9.990e-29
 144.508547      1.430  33.288862    14.1003    5.94775      1.418    27.0015    19.9961 -9.990e-29
 144.508553      1.426  33.291837    14.0955    5.94226      1.414    27.0075    20.0017 -9.990e-29
 144.508559      1.422  33.294669    14.0927    5.93421      1.410    27.0120    20.0057 -9.990e-29
 144.508565      1.423  33.295534    14.0953    5.93489      1.411    27.0110    20.0044 -9.990e-29
 144.508571      1.423  33.294467    14.0999    5.93277      1.411    27.0068    20.0002 -9.990e-29
 144.508576      1.424  33.293410    14.1024    5.93336      1.412    27.0041    19.9977 -9.990e-29
 144.508582      1.434  33.293197    14.1028    5.94502      1.422    27.0036    19.9972 -9.990e-29
 144.508588      1.453  33.292992    14.1045    5.93580      1.441    27.0022    19.9958 -9.990e-29
 144.508594      1.474  33.291965    14.1082    5.92590      1.462    26.9987    19.9924 -9.990e-29
 144.508600      1.494  33.290429    14.1113    5.92154      1.482    26.9952    19.9891 -9.990e-29
 144.508605      1.510  33.289140    14.1132    5.92958      1.497    26.9927    19.9868 -9.990e-29
 144.508611      1.519  33.287507    14.1146    5.94422      1.506    26.9902    19.9846 -9.990e-29
 144.508617      1.521  33.286158    14.1155    5.94429      1.508    26.9884    19.9830 -9.990e-29
 144.508623      1.513  33.286098    14.1165    5.93020      1.500    26.9877    19.9822 -9.990e-29
 144.508628      1.494  33.286129    14.1176    5.91716      1.482    26.9869    19.9815 -9.990e-29
 144.508634      1.475  33.286298    14.1182    5.91501      1.463    26.9867    19.9811 -9.990e-29
 144.508640      1.468  33.286835    14.1176    5.92064      1.456    26.9876    19.9820 -9.990e-29
 144.508646      1.472  33.286217    14.1156    5.94200      1.460    26.9884    19.9830 -9.990e-29
 144.508652      1.480  33.284185    14.1139    5.94617      1.468    26.9878    19.9828 -9.990e-29
 144.508657      1.487  33.282517    14.1139    5.94737      1.475    26.9863    19.9817 -9.990e-29
 144.508663      1.494  33.282353    14.1150    5.93402      1.482    26.9853    19.9808 -9.990e-29
 144.508669      1.501  33.282918    14.1162    5.91409      1.488    26.9850    19.9803 -9.990e-29
 144.508675      1.514  33.283289    14.1166    5.91689      1.501    26.9851    19.9802 -9.990e-29
 144.508681      1.537  33.282841    14.1159    5.92551      1.524    26.9851    19.9804 -9.990e-29
 144.508686      1.563  33.281541    14.1155    5.92843      1.550    26.9842    19.9798 -9.990e-29
 144.508692      1.581  33.281023    14.1165    5.93047      1.568    26.9831    19.9787 -9.990e-29
 144.508698      1.588  33.282277    14.1186    5.92681      1.575    26.9827    19.9780 -9.990e-29
 144.508704      1.589  33.284177    14.1206    5.92533      1.576    26.9830    19.9779 -9.990e-29
 144.508709      1.591  33.285338    14.1211    5.91706      1.578    26.9837    19.9783 -9.990e-29
