data/oxygen options/OCNMS/OCNMS2/raw_data/2005/CTD_CE80_062105faedb.cnv
* Sea-Bird SBE19 Data File:
* FileName = C:\hypoxia CTD data\CE80_062105.hex
* Software Version 1.1.5
* Temperature SN = 2997
* Conductivity SN = 2997
* System UpLoad Time = Jun 21 2005 16:35:43
* SEACAT PROFILER V3.1c SN 2997   06/21/05  16:35:18.730
* strain gauge pressure sensor: S/N = 184829,  range = 3000 psia,  tc = 40
# nquan = 9
# nvalues = 79                          
# units = specified
# name 0 = timeJ: Julian Days
# name 1 = prSM: Pressure, Strain Gauge [db]
# name 2 = c0mS/cm: Conductivity [mS/cm]
# name 3 = t090C: Temperature [ITS-90, deg C]
# name 4 = oxML/L: Oxygen, Beckman/YSI [ml/l]
# name 5 = depSM: Depth [salt water, m], lat = 47.5
# name 6 = sal00: Salinity, Practical [PSU]
# name 7 = sigma-é00: Density [sigma-theta, kg/m^3]
# name 8 = flag: flag
# span 0 = 172.647164, 172.648122       
# span 1 =      4.000,     82.000       
# span 2 =  34.981909,  37.668016       
# span 3 =     8.0419,    16.7210       
# span 4 =    2.25679,    6.41231       
# span 5 =      3.966,     81.299       
# span 6 =    27.4686,    33.6016       
# span 7 =    19.8061,    26.1707       
# span 8 = 0.0000e+00, 0.0000e+00       
# interval = decibars: 1                
# start_time = Jun 21 2005 15:28:38 [Instrument's time stamp, header]
# bad_flag = -9.990e-29
*END*
 172.647164      4.000  35.900494    16.7210    6.25928      3.966    27.4686    19.8061 0.0000e+00
 172.647182      5.000  36.275986    16.5220    6.01188      4.958    27.9258    20.2002 0.0000e+00
 172.647195      6.000  36.804053    15.7823    6.28761      5.950    28.9103    21.1166 0.0000e+00
 172.647208      7.000  37.352452    15.1535    6.36304      6.941    29.8592    21.9804 0.0000e+00
 172.647220      8.000  37.614145    14.9533    6.32995      7.933    30.2454    22.3198 0.0000e+00
 172.647233      9.000  37.668016    14.8246    6.41231      8.925    30.3934    22.4607 0.0000e+00
 172.647245     10.000  37.640386    14.6013    6.27052      9.916    30.5430    22.6226 0.0000e+00
 172.647258     11.000  37.618906    14.4379    6.09277     10.908    30.6521    22.7405 0.0000e+00
 172.647270     12.000  37.534937    14.1249    6.07739     11.899    30.8243    22.9373 0.0000e+00
 172.647281     13.000  37.334467    13.7377    6.16062     12.891    30.9508    23.1132 0.0000e+00
 172.647293     14.000  37.151732    13.4690    6.03451     13.883    30.9989    23.2039 0.0000e+00
 172.647304     15.000  37.036208    13.2953    5.63173     14.874    31.0323    23.2640 0.0000e+00
 172.647316     16.000  36.926952    12.9881    5.11399     15.866    31.1816    23.4392 0.0000e+00
 172.647327     17.000  36.685287    12.3760    4.67984     16.857    31.4612    23.7722 0.0000e+00
 172.647339     18.000  36.370310    11.7217    4.45858     17.849    31.7115    24.0873 0.0000e+00
 172.647350     19.000  36.089304    11.1939    4.39038     18.841    31.8905    24.3211 0.0000e+00
 172.647361     20.000  35.831883    10.8207    4.36456     19.832    31.9602    24.4409 0.0000e+00
 172.647373     21.000  35.630683    10.6077    4.35480     20.824    31.9461    24.4667 0.0000e+00
 172.647383     22.000  35.499001    10.4844    4.34297     21.815    31.9223    24.4691 0.0000e+00
 172.647395     23.000  35.420795    10.3715    4.32667     22.807    31.9427    24.5041 0.0000e+00
 172.647407     24.000  35.325856    10.2641    4.33572     23.798    31.9414    24.5212 0.0000e+00
 172.647418     25.000  35.283629    10.2174    4.36450     24.790    31.9397    24.5276 0.0000e+00
 172.647429     26.000  35.270212    10.1895    4.34597     25.781    31.9504    24.5407 0.0000e+00
 172.647440     27.000  35.272733    10.1773    4.23893     26.773    31.9632    24.5528 0.0000e+00
 172.647451     28.000  35.344333    10.1772    4.11940     27.764    32.0350    24.6087 0.0000e+00
 172.647461     29.000  35.406244    10.0794    4.02903     28.756    32.1838    24.7410 0.0000e+00
 172.647471     30.000  35.348977     9.9014    3.97651     29.748    32.2841    24.8487 0.0000e+00
 172.647482     31.000  35.219899     9.7405    3.95471     30.739    32.2967    24.8848 0.0000e+00
 172.647492     32.000  35.154220     9.6837    3.96253     31.730    32.2802    24.8812 0.0000e+00
 172.647504     33.000  35.170514     9.6725    3.94965     32.722    32.3064    24.9035 0.0000e+00
 172.647514     34.000  35.187318     9.6528    3.93530     33.713    32.3409    24.9337 0.0000e+00
 172.647525     35.000  35.196124     9.6165    3.92413     34.705    32.3822    24.9718 0.0000e+00
 172.647536     36.000  35.184922     9.5588    3.91008     35.697    32.4223    25.0124 0.0000e+00
 172.647547     37.000  35.159985     9.4924    3.88585     36.688    32.4563    25.0497 0.0000e+00
 172.647558     38.000  35.128680     9.4287    3.85332     37.679    32.4816    25.0797 0.0000e+00
 172.647570     39.000  35.099763     9.3602    3.82419     38.671    32.5136    25.1156 0.0000e+00
 172.647582     40.000  35.079545     9.2932    3.80822     39.663    32.5532    25.1572 0.0000e+00
 172.647594     41.000  35.074190     9.2393    3.80306     40.654    32.5965    25.1996 0.0000e+00
 172.647606     42.000  35.082676     9.2009    3.79343     41.645    32.6399    25.2397 0.0000e+00
 172.647618     43.000  35.103869     9.1692    3.75242     42.637    32.6904    25.2842 0.0000e+00
 172.647630     44.000  35.121001     9.1193    3.69021     43.628    32.7535    25.3414 0.0000e+00
 172.647642     45.000  35.128697     9.0457    3.64398     44.620    32.8287    25.4118 0.0000e+00
 172.647653     46.000  35.130414     8.9811    3.60249     45.611    32.8898    25.4697 0.0000e+00
 172.647666     47.000  35.135425     8.9313    3.59732     46.602    32.9406    25.5173 0.0000e+00
 172.647678     48.000  35.149524     8.8823    3.61217     47.594    33.0004    25.5717 0.0000e+00
 172.647690     49.000  35.163162     8.8533    3.60880     48.586    33.0412    25.6081 0.0000e+00
 172.647703     50.000  35.163576     8.8240    3.64654     49.577    33.0685    25.6340 0.0000e+00
 172.647715     51.000  35.161267     8.7966    3.65538     50.568    33.0912    25.6561 0.0000e+00
 172.647729     52.000  35.157919     8.7779    3.62768     51.559    33.1046    25.6695 0.0000e+00
 172.647742     53.000  35.151528     8.7419    3.60240     52.551    33.1312    25.6959 0.0000e+00
 172.647755     54.000  35.123867     8.6594    3.53202     53.543    33.1790    25.7461 0.0000e+00
 172.647768     55.000  35.097226     8.5780    3.32304     54.533    33.2270    25.7961 0.0000e+00
 172.647782     56.000  35.102192     8.5173    3.05874     55.525    33.2890    25.8539 0.0000e+00
 172.647795     57.000  35.121966     8.4636    2.86389     56.517    33.3601    25.9178 0.0000e+00
 172.647808     58.000  35.118890     8.4018    2.79982     57.508    33.4149    25.9702 0.0000e+00
 172.647819     59.000  35.101112     8.3480    2.75252     58.499    33.4468    26.0033 0.0000e+00
 172.647831     60.000  35.086934     8.3085    2.70094     59.490    33.4689    26.0266 0.0000e+00
 172.647842     61.000  35.078840     8.2755    2.65487     60.482    33.4912    26.0490 0.0000e+00
 172.647855     62.000  35.073160     8.2590    2.62783     61.473    33.5005    26.0588 0.0000e+00
 172.647869     63.000  35.072681     8.2524    2.60752     62.465    33.5058    26.0640 0.0000e+00
 172.647882     64.000  35.065272     8.2209    2.56611     63.456    33.5275    26.0857 0.0000e+00
 172.647894     65.000  35.054178     8.1991    2.56817     64.447    33.5361    26.0957 0.0000e+00
 172.647907     66.000  35.046379     8.1898    2.56982     65.439    33.5362    26.0971 0.0000e+00
 172.647920     67.000  35.043277     8.1877    2.57752     66.430    33.5345    26.0961 0.0000e+00
 172.647933     68.000  35.042861     8.1843    2.56368     67.422    33.5367    26.0984 0.0000e+00
 172.647946     69.000  35.034256     8.1669    2.55709     68.413    33.5438    26.1066 0.0000e+00
 172.647958     70.000  35.026020     8.1528    2.54960     69.404    33.5480    26.1120 0.0000e+00
 172.647970     71.000  35.021721     8.1445    2.52861     70.395    33.5509    26.1155 0.0000e+00
 172.647982     72.000  35.020350     8.1402    2.51611     71.387    33.5531    26.1179 0.0000e+00
 172.647995     73.000  35.019057     8.1346    2.50197     72.378    33.5566    26.1216 0.0000e+00
 172.648006     74.000  35.015068     8.1188    2.47108     73.369    33.5670    26.1320 0.0000e+00
 172.648019     75.000  35.008014     8.1029    2.43683     74.360    33.5742    26.1400 0.0000e+00
 172.648033     76.000  35.004181     8.0954    2.41490     75.352    33.5769    26.1433 0.0000e+00
 172.648047     77.000  35.002065     8.0882    2.38836     76.343    33.5810    26.1476 0.0000e+00
 172.648061     78.000  34.999023     8.0789    2.36810     77.334    33.5863    26.1531 0.0000e+00
 172.648076     79.000  34.995899     8.0712    2.33394     78.326    33.5898    26.1570 0.0000e+00
 172.648089     80.000  34.993408     8.0656    2.31631     79.317    33.5921    26.1597 0.0000e+00
 172.648105     81.000  34.990020     8.0555    2.27412     80.308    33.5976    26.1656 0.0000e+00
 172.648122     82.000  34.981909     8.0419    2.25679     81.299    33.6016    26.1707 0.0000e+00
