data/oxygen options/OCNMS/OCNMS2/raw_data/2005/CTD_CE70_052505faed.cnv
* Sea-Bird SBE19 Data File:
* FileName = C:\Documents and Settings\kirner.PTANGELES\Desktop\hypoxia CTD data\CE70__052505.hex
* Software Version 1.1.5
* Temperature SN = 2997
* Conductivity SN = 2997
* System UpLoad Time = May 25 2005 18:04:12
* SEACAT PROFILER V3.1c SN 2997   05/25/05  18:02:04.313
* strain gauge pressure sensor: S/N = 184829,  range = 3000 psia,  tc = 40
# nquan = 9                                 
# nvalues = 766                         
# units = specified
# name 0 = timeJ: Julian Days
# name 1 = prSM: Pressure, Strain Gauge [db]
# name 2 = c0mS/cm: Conductivity [mS/cm]
# name 3 = t090C: Temperature [ITS-90, deg C]
# name 4 = oxML/L: Oxygen, Beckman/YSI [ml/l]
# name 5 = depSM: Depth [salt water, m], lat = 47.5
# name 6 = sal00: Salinity, Practical [PSU]
# name 7 = sigma-é00: Density [sigma-theta, kg/m^3]
# name 8 = flag: flag
# span 0 = 145.550845, 145.555272       
# span 1 =     -3.461,     71.576       
# span 2 =   0.825614,  36.557491       
# span 3 =     8.0054,    14.7174       
# span 4 =  -13.87841,   26.37923       
# span 5 =     -3.432,     70.966       
# span 6 =     0.5431,    33.7481       
# span 7 =    -0.3543,    26.2868       
# span 8 = 0.0000e+00, 0.0000e+00       
# interval = seconds: 0.5
# start_time = May 25 2005 13:13:13 [Instrument's time stamp, header]
# bad_flag = -9.990e-29
*END*
[from data line 321]
 145.552703      1.877  33.728937    14.6092    6.23740      1.861    27.0395    19.9242 -9.990e-29
 145.552708      1.885  33.728718    14.6144    6.24201      1.869    27.0357    19.9202 -9.990e-29
 145.552714      1.898  33.731685    14.6202    6.24654      1.882    27.0343    19.9180 -9.990e-29
 145.552720      1.919  33.733948    14.6233    6.24835      1.903    27.0341    19.9172 -9.990e-29
 145.552726      1.947  33.734046    14.6231    6.24851      1.931    27.0344    19.9174 -9.990e-29
 145.552731      1.969  33.733235    14.6239    6.21904      1.953    27.0331    19.9163 -9.990e-29
 145.552737      1.975  33.734358    14.6293    6.19230      1.959    27.0303    19.9131 -9.990e-29
 145.552743      1.966  33.738915    14.6358    6.18178      1.950    27.0299    19.9114 -9.990e-29
 145.552749      1.952  33.743455    14.6356    6.20466      1.936    27.0340    19.9147 -9.990e-29
 145.552755      1.947  33.742826    14.6199    6.24274      1.931    27.0444    19.9258 -9.990e-29
 145.552760      1.954  33.732274    14.5859    6.26572      1.938    27.0586    19.9436 -9.990e-29
 145.552766      1.969  33.710621    14.5529    6.25961      1.953    27.0623    19.9531 -9.990e-29
 145.552772      1.980  33.691030    14.5479    6.22786      1.963    27.0484    19.9434 -9.990e-29
 145.552778      1.980  33.690526    14.5697    6.21365      1.963    27.0328    19.9270 -9.990e-29
 145.552784      1.973  33.706191    14.5941    6.20945      1.957    27.0298    19.9197 -9.990e-29
 145.552789      1.967  33.721364    14.6042    6.22649      1.951    27.0362    19.9227 -9.990e-29
 145.552795      1.970  33.726581    14.5979    6.23810      1.954    27.0452    19.9309 -9.990e-29
 145.552801      1.983  33.722082    14.5845    6.23245      1.966    27.0505    19.9377 -9.990e-29
 145.552807      1.997  33.713640    14.5778    6.22286      1.980    27.0477    19.9368 -9.990e-29
 145.552812      2.010  33.709616    14.5822    6.22760      1.993    27.0411    19.9308 -9.990e-29
 145.552818      2.021  33.712490    14.5891    6.23473      2.004    27.0388    19.9277 -9.990e-29
 145.552824      2.032  33.716567    14.5922    6.23431      2.015    27.0403    19.9282 -9.990e-29
 145.552830      2.044  33.717759    14.5942    6.23958      2.027    27.0399    19.9276 -9.990e-29
 145.552836      2.056  33.718782    14.5987    6.23452      2.039    27.0377    19.9249 -9.990e-29
 145.552841      2.071  33.722121    14.6049    6.23137      2.054    27.0364    19.9227 -9.990e-29
 145.552847      2.089  33.726068    14.6098    6.23046      2.072    27.0365    19.9217 -9.990e-29
 145.552853      2.106  33.728601    14.6133    6.21183      2.088    27.0363    19.9209 -9.990e-29
 145.552859      2.116  33.730300    14.6164    6.22027      2.098    27.0356    19.9198 -9.990e-29
 145.552865      2.119  33.732311    14.6198    6.23008      2.101    27.0351    19.9186 -9.990e-29
 145.552870      2.119  33.734516    14.6232    6.23530      2.101    27.0347    19.9176 -9.990e-29
 145.552876      2.117  33.736496    14.6242    6.23590      2.099    27.0357    19.9183 -9.990e-29
 145.552882      2.116  33.736969    14.6236    6.22677      2.098    27.0366    19.9190 -9.990e-29
 145.552888      2.121  33.736572    14.6265    6.22884      2.103    27.0342    19.9166 -9.990e-29
 145.552894      2.133  33.738700    14.6348    6.24014      2.115    27.0303    19.9120 -9.990e-29
 145.552899      2.146  33.743948    14.6444    6.23002      2.128    27.0283    19.9085 -9.990e-29
 145.552905      2.155  33.749230    14.6514    6.22619      2.137    27.0281    19.9069 -9.990e-29
 145.552911      2.155  33.752626    14.6560    6.22642      2.137    27.0279    19.9059 -9.990e-29
 145.552917      2.150  33.755304    14.6589    6.22772      2.132    27.0283    19.9056 -9.990e-29
 145.552922      2.149  33.757475    14.6615    6.23289      2.131    27.0284    19.9051 -9.990e-29
 145.552928      2.151  33.759235    14.6659    6.22986      2.133    27.0269    19.9031 -9.990e-29
 145.552934      2.153  33.761812    14.6715    6.22792      2.135    27.0253    19.9007 -9.990e-29
 145.552940      2.159  33.765282    14.6769    6.22568      2.141    27.0247    19.8991 -9.990e-29
 145.552946      2.174  33.768669    14.6819    6.22459      2.156    27.0242    19.8978 -9.990e-29
 145.552951      2.193  33.770331    14.6861    6.22900      2.175    27.0227    19.8958 -9.990e-29
 145.552957      2.211  33.770805    14.6893    6.23389      2.193    27.0209    19.8938 -9.990e-29
 145.552963      2.219  33.771842    14.6922    6.22375      2.200    27.0198    19.8923 -9.990e-29
 145.552969      2.214  33.774821    14.6959    6.20912      2.196    27.0199    19.8916 -9.990e-29
 145.552975      2.203  33.779225    14.6990    6.20282      2.185    27.0217    19.8924 -9.990e-29
 145.552980      2.200  33.782512    14.6993    6.20749      2.182    27.0244    19.8944 -9.990e-29
 145.552986      2.207  33.784014    14.6960    6.23138      2.189    27.0280    19.8978 -9.990e-29
 145.552992      2.223  33.782923    14.6914    6.23321      2.204    27.0302    19.9005 -9.990e-29
 145.552998      2.237  33.779457    14.6895    6.22520      2.218    27.0285    19.8995 -9.990e-29
 145.553003      2.249  33.777394    14.6920    6.21685      2.230    27.0249    19.8963 -9.990e-29
 145.553009      2.257  33.779018    14.6973    6.21093      2.238    27.0226    19.8935 -9.990e-29
 145.553015      2.267  33.782562    14.7032    6.21963      2.248    27.0217    19.8915 -9.990e-29
 145.553021      2.285  33.786020    14.7070    6.21748      2.266    27.0221    19.8911 -9.990e-29
 145.553027      2.301  33.787833    14.7076    6.21602      2.282    27.0233    19.8919 -9.990e-29
 145.553032      2.305  33.787609    14.7072    6.21717      2.286    27.0234    19.8920 -9.990e-29
 145.553038      2.298  33.787283    14.7068    6.21625      2.279    27.0234    19.8921 -9.990e-29
 145.553044      2.290  33.786972    14.7068    6.22240      2.271    27.0231    19.8919 -9.990e-29
 145.553050      2.291  33.786814    14.7075    6.22393      2.272    27.0225    19.8913 -9.990e-29
 145.553056      2.296  33.787714    14.7083    6.21429      2.277    27.0227    19.8913 -9.990e-29
 145.553061      2.301  33.788622    14.7087    6.20996      2.282    27.0232    19.8916 -9.990e-29
 145.553067      2.306  33.789060    14.7089    6.20717      2.287    27.0235    19.8918 -9.990e-29
 145.553073      2.313  33.789604    14.7086    6.19811      2.294    27.0242    19.8924 -9.990e-29
 145.553079      2.320  33.789849    14.7048    6.20152      2.301    27.0270    19.8953 -9.990e-29
 145.553084      2.329  33.787312    14.6915    6.20100      2.310    27.0340    19.9034 -9.990e-29
 145.553090      2.340  33.778044    14.6726    6.20256      2.320    27.0389    19.9109 -9.990e-29
 145.553096      2.354  33.765934    14.6611    6.21237      2.334    27.0361    19.9112 -9.990e-29
 145.553102      2.372  33.760044    14.6583    6.21523      2.352    27.0328    19.9092 -9.990e-29
 145.553108      2.391  33.759235    14.6600    6.21904      2.371    27.0309    19.9074 -9.990e-29
 145.553113      2.403  33.760175    14.6647    6.22579      2.383    27.0285    19.9046 -9.990e-29
 145.553119      2.409  33.762988    14.6698    6.23235      2.389    27.0275    19.9027 -9.990e-29
 145.553125      2.418  33.765813    14.6743    6.23739      2.398    27.0268    19.9013 -9.990e-29
 145.553131      2.436  33.767929    14.6777    6.23432      2.416    27.0264    19.9003 -9.990e-29
 145.553137      2.462  33.769908    14.6807    6.26269      2.441    27.0260    19.8994 -9.990e-29
 145.553142      2.499  33.772700    14.6840    6.29235      2.478    27.0262    19.8989 -9.990e-29
 145.553148      2.549  33.776099    14.6848    6.29656      2.528    27.0286    19.9006 -9.990e-29
 145.553154      2.619  33.776783    14.6779    6.23033      2.597    27.0340    19.9061 -9.990e-29
 145.553160      2.718  33.771733    14.6633    6.13492      2.695    27.0396    19.9134 -9.990e-29
 145.553166      2.849  33.762056    14.6484    6.05125      2.825    27.0413    19.9177 0.0000e+00
 145.553171      3.015  33.753336    14.6303    6.00406      2.990    27.0461    19.9251 0.0000e+00
 145.553177      3.226  33.745143    14.5813    6.03681      3.199    27.0728    19.9555 0.0000e+00
 145.553183      3.488  33.722623    14.4646    6.08932      3.459    27.1341    20.0260 0.0000e+00
 145.553189      3.797  33.665266    14.2867    6.12697      3.765    27.2074    20.1179 0.0000e+00
 145.553194      4.141  33.584573    14.1118    6.14008      4.106    27.2581    20.1915 0.0000e+00
 145.553200      4.504  33.528168    13.9916    6.15184      4.466    27.2921    20.2413 0.0000e+00
 145.553206      4.875  33.513832    13.9302    6.14254      4.834    27.3226    20.2768 0.0000e+00
 145.553212      5.253  33.519609    13.9024    6.16549      5.209    27.3474    20.3014 0.0000e+00
 145.553218      5.639  33.528516    13.8788    6.18496      5.592    27.3721    20.3250 0.0000e+00
 145.553223      6.042  33.539522    13.8551    6.19226      5.991    27.3988    20.3502 0.0000e+00
 145.553229      6.465  33.554402    13.8393    6.17345      6.411    27.4234    20.3722 0.0000e+00
 145.553235      6.906  33.574492    13.8300    6.10459      6.848    27.4480    20.3930 0.0000e+00
 145.553241      7.354  33.607508    13.8200    6.04411      7.292    27.4849    20.4234 0.0000e+00
 145.553247      7.804  33.668877    13.7959    6.01696      7.739    27.5576    20.4841 0.0000e+00
 145.553252      8.258  33.789416    13.7377    6.05960      8.189    27.7087    20.6119 0.0000e+00
 145.553258      8.721  34.011019    13.6241    6.11820      8.648    27.9926    20.8529 0.0000e+00
 145.553264      9.194  34.396553    13.4548    6.19626      9.117    28.4699    21.2538 0.0000e+00
 145.553270      9.680  34.949429    13.2630    6.25226      9.599    29.1235    21.7954 0.0000e+00
 145.553275     10.174  35.531778    13.0837    6.26382     10.089    29.8024    22.3543 0.0000e+00
 145.553281     10.674  36.003453    12.9342    6.29371     10.585    30.3612    22.8150 0.0000e+00
 145.553287     11.177  36.309878    12.8189    6.30221     11.083    30.7417    23.1314 0.0000e+00
 145.553293     11.681  36.464295    12.7329    6.31350     11.583    30.9572    23.3146 0.0000e+00
 145.553299     12.185  36.527896    12.6728    6.31024     12.083    31.0665    23.4106 0.0000e+00
 145.553304     12.686  36.550691    12.6373    6.29229     12.580    31.1171    23.4565 0.0000e+00
 145.553310     13.181  36.556878    12.6193    6.27831     13.071    31.1376    23.4759 0.0000e+00
 145.553316     13.673  36.557491    12.6045    6.26375     13.558    31.1503    23.4885 0.0000e+00
 145.553322     14.166  36.552772    12.5820    6.24048     14.047    31.1642    23.5035 0.0000e+00
 145.553328     14.668  36.541462    12.5535    6.20974     14.545    31.1769    23.5188 0.0000e+00
 145.553333     15.183  36.526414    12.5229    6.16704     15.056    31.1878    23.5330 0.0000e+00
 145.553339     15.715  36.508860    12.4902    6.12005     15.583    31.1980    23.5471 0.0000e+00
 145.553345     16.260  36.488366    12.4549    6.07267     16.124    31.2076    23.5612 0.0000e+00
 145.553351     16.808  36.465068    12.4185    6.02827     16.667    31.2155    23.5741 0.0000e+00
 145.553356     17.358  36.440407    12.3820    5.99509     17.212    31.2221    23.5862 0.0000e+00
 145.553362     17.908  36.416248    12.3441    5.97836     17.758    31.2304    23.5997 0.0000e+00
 145.553368     18.461  36.392885    12.3050    5.97073     18.306    31.2405    23.6148 0.0000e+00
 145.553374     19.013  36.372794    12.2693    5.97959     18.853    31.2509    23.6295 0.0000e+00
 145.553380     19.561  36.360009    12.2419    5.98103     19.397    31.2613    23.6427 0.0000e+00
 145.553385     20.104  36.353727    12.2237    5.97964     19.935    31.2703    23.6531 0.0000e+00
 145.553391     20.641  36.350041    12.2126    5.99785     20.468    31.2758    23.6595 0.0000e+00
 145.553397     21.166  36.347383    12.2055    6.00654     20.988    31.2790    23.6633 0.0000e+00
 145.553403     21.678  36.345560    12.1997    6.01681     21.496    31.2819    23.6666 0.0000e+00
 145.553409     22.180  36.344372    12.1951    6.03531     21.994    31.2844    23.6694 0.0000e+00
 145.553414     22.682  36.344469    12.1924    6.04878     22.491    31.2865    23.6716 0.0000e+00
 145.553420     23.196  36.347090    12.1919    6.05283     23.001    31.2893    23.6738 0.0000e+00
 145.553426     23.720  36.353477    12.1939    6.07943     23.521    31.2935    23.6767 0.0000e+00
 145.553432     24.243  36.363162    12.1978    6.09684     24.039    31.2993    23.6805 0.0000e+00
 145.553438     24.767  36.373347    12.2022    6.08398     24.559    31.3052    23.6842 0.0000e+00
 145.553443     25.297  36.381342    12.2059    6.08655     25.084    31.3095    23.6869 0.0000e+00
 145.553449     25.834  36.386585    12.2084    6.09917     25.617    31.3122    23.6886 0.0000e+00
 145.553455     26.369  36.389889    12.2098    6.12870     26.147    31.3140    23.6897 0.0000e+00
 145.553461     26.898  36.391723    12.2108    6.15394     26.672    31.3147    23.6901 0.0000e+00
 145.553466     27.420  36.392839    12.2117    6.14067     27.189    31.3148    23.6900 0.0000e+00
 145.553472     27.930  36.394154    12.2120    6.08968     27.695    31.3156    23.6906 0.0000e+00
 145.553478     28.422  36.395168    12.2104    6.03902     28.183    31.3177    23.6925 0.0000e+00
 145.553484     28.906  36.394978    12.2040    5.98009     28.663    31.3227    23.6976 0.0000e+00
 145.553490     29.400  36.393321    12.1863    5.94605     29.153    31.3357    23.7110 0.0000e+00
 145.553495     29.909  36.390224    12.1479    5.92228     29.657    31.3647    23.7406 0.0000e+00
 145.553501     30.432  36.382107    12.0799    5.89441     30.176    31.4138    23.7913 0.0000e+00
 145.553507     30.968  36.362059    11.9871    5.87154     30.707    31.4725    23.8539 0.0000e+00
 145.553513     31.518  36.330809    11.8971    5.85264     31.253    31.5182    23.9059 0.0000e+00
 145.553519     32.076  36.301058    11.8325    5.85167     31.806    31.5440    23.9377 0.0000e+00
 145.553524     32.637  36.283572    11.7885    5.85658     32.362    31.5642    23.9615 0.0000e+00
 145.553530     33.197  36.273512    11.7489    5.85616     32.917    31.5879    23.9871 0.0000e+00
 145.553536     33.753  36.258565    11.7089    5.85743     33.469    31.6072    24.0093 0.0000e+00
 145.553542     34.299  36.236168    11.6747    5.85114     34.010    31.6144    24.0211 0.0000e+00
 145.553547     34.835  36.214570    11.6484    5.81425     34.541    31.6156    24.0268 0.0000e+00
 145.553553     35.369  36.198037    11.6251    5.78861     35.071    31.6192    24.0339 0.0000e+00
 145.553559     35.905  36.183572    11.6000    5.74339     35.602    31.6263    24.0439 0.0000e+00
 145.553565     36.444  36.167574    11.5678    5.71755     36.137    31.6380    24.0588 0.0000e+00
 145.553571     36.985  36.144960    11.5223    5.72436     36.673    31.6547    24.0800 0.0000e+00
 145.553576     37.524  36.110794    11.4603    5.70284     37.207    31.6742    24.1063 0.0000e+00
 145.553582     38.053  36.064922    11.3852    5.65593     37.732    31.6936    24.1348 0.0000e+00
 145.553588     38.568  36.015129    11.3085    5.60936     38.243    31.7105    24.1616 0.0000e+00
 145.553594     39.066  35.971818    11.2436    5.54883     38.736    31.7237    24.1833 0.0000e+00
 145.553600     39.549  35.939452    11.1892    5.49086     39.215    31.7386    24.2045 0.0000e+00
 145.553605     40.028  35.911856    11.1185    5.42927     39.690    31.7723    24.2432 0.0000e+00
 145.553611     40.510  35.866795    11.0103    5.35803     40.168    31.8213    24.3003 0.0000e+00
 145.553617     40.997  35.790709    10.8759    5.29094     40.651    31.8625    24.3558 0.0000e+00
