data/oxygen options/OCNMS/OCNMS2/raw_data/2005/CTD_CA40_062205faed.cnv
* Sea-Bird SBE19 Data File:
* FileName = C:\hypoxia CTD data\CA40_062205.hex
* Software Version 1.1.5
* Temperature SN = 2997
* Conductivity SN = 2997
* System UpLoad Time = Jun 22 2005 16:39:22
* SEACAT PROFILER V3.1c SN 2997   06/22/05  16:39:01.488
* strain gauge pressure sensor: S/N = 184829,  range = 3000 psia,  tc = 40
# nquan = 9                                 
# nvalues = 556                         
# units = specified
# name 0 = timeJ: Julian Days
# name 1 = prSM: Pressure, Strain Gauge [db]
# name 2 = c0mS/cm: Conductivity [mS/cm]
# name 3 = t090C: Temperature [ITS-90, deg C]
# name 4 = oxML/L: Oxygen, Beckman/YSI [ml/l]
# name 5 = depSM: Depth [salt water, m], lat = 47.5
# name 6 = sal00: Salinity, Practical [PSU]
# name 7 = sigma-é00: Density [sigma-theta, kg/m^3]
# name 8 = flag: flag
# span 0 = 173.667998, 173.671209       
# span 1 =     -3.469,     39.554       
# span 2 =   0.861917,  38.363393       
# span 3 =     8.8845,    14.9438       
# span 4 =   -0.09701,   25.07357       
# span 5 =     -3.440,     39.220       
# span 6 =     0.5388,    32.9058       
# span 7 =    -0.3983,    25.4971       
# span 8 = 0.0000e+00, 0.0000e+00       
# interval = seconds: 0.5
# start_time = Jun 22 2005 16:01:55 [Instrument's time stamp, header]
# bad_flag = -9.990e-29
*END*
 173.667998     -3.469 -9.990e-29    14.4387   -0.09701     -3.440 -9.990e-29 -9.990e-29 -9.990e-29
 173.668003     -3.428   0.861917    14.4401   -0.09678     -3.399     0.5388    -0.3983 -9.990e-29
 173.668009     -3.374   0.878882    14.4403   -0.09668     -3.346     0.5498    -0.3898 -9.990e-29
 173.668015     -3.305   0.942535    14.4406   -0.09660     -3.277     0.5913    -0.3577 -9.990e-29
 173.668021     -3.220   1.137749    14.4451   -0.09655     -3.193     0.7196    -0.2591 -9.990e-29
 173.668027     -3.119   1.724259    14.4639   -0.09654     -3.093     1.1119     0.0416 -9.990e-29
 173.668032     -2.990   3.496295    14.5266   -0.09656     -2.965     2.3419     0.9814 -9.990e-29
 173.668038     -2.821   8.834321    14.6429   -0.09654     -2.797     6.2843     3.9942 -9.990e-29
 173.668044     -2.615  19.033298    14.7547   -0.09654     -2.593    14.3786    10.1802 -9.990e-29
 173.668050     -2.393  29.399514    14.8132   -0.09653     -2.373    23.1136    16.8671 -9.990e-29
 173.668056     -2.174  34.909341    14.8322   -0.09653     -2.156    27.9308    20.5642 -9.990e-29
 173.668061     -1.973  36.771849    14.8386   -0.09654     -1.957    29.5842    21.8347 -9.990e-29
 173.668067     -1.810  37.565210    14.8470   -0.09654     -1.795    30.2877    22.3744 -9.990e-29
 173.668073     -1.681  37.961388    14.8594   -0.09656     -1.667    30.6334    22.6378 -9.990e-29
 173.668079     -1.565  38.144271    14.8702   -0.09660     -1.552    30.7890    22.7554 -9.990e-29
 173.668084     -1.452  38.213022    14.8768   -0.09661     -1.440    30.8455    22.7975 -9.990e-29
 173.668090     -1.350  38.227933    14.8797   -0.09658     -1.339    30.8566    22.8054 -9.990e-29
 173.668096     -1.271  38.226865    14.8802   -0.09654     -1.260    30.8552    22.8042 -9.990e-29
 173.668102     -1.214  38.231982    14.8801   -0.09654     -1.204    30.8598    22.8078 -9.990e-29
 173.668108     -1.170  38.243409    14.8799   -0.09655     -1.160    30.8703    22.8159 -9.990e-29
 173.668113     -1.129  38.248928    14.8789   -0.09655     -1.120    30.8760    22.8205 -9.990e-29
 173.668119     -1.083  38.245831    14.8772   -0.09650     -1.074    30.8745    22.8197 -9.990e-29
 173.668125     -1.030  38.241242    14.8752   -0.09648     -1.021    30.8720    22.8182 -9.990e-29
 173.668131     -0.971  38.235242    14.8730   -0.09651     -0.963    30.8683    22.8158 -9.990e-29
 173.668137     -0.914  38.218179    14.8720   -0.09651     -0.906    30.8537    22.8048 -9.990e-29
 173.668142     -0.869  38.197061    14.8735   -0.09655     -0.862    30.8336    22.7890 -9.990e-29
 173.668148     -0.833  38.193119    14.8768   -0.09654     -0.826    30.8274    22.7836 -9.990e-29
 173.668154     -0.795  38.210102    14.8807   -0.09650     -0.788    30.8396    22.7921 -9.990e-29
 173.668160     -0.753  38.229741    14.8843   -0.09649     -0.747    30.8543    22.8027 -9.990e-29
 173.668166     -0.717  38.234503    14.8875   -0.09650     -0.711    30.8561    22.8034 -9.990e-29
 173.668171     -0.693  38.230206    14.8915   -0.09652     -0.687    30.8490    22.7971 -9.990e-29
 173.668177     -0.671  38.236954    14.8954   -0.09649     -0.665    30.8520    22.7986 -9.990e-29
 173.668183     -0.637  38.253679    14.8969   -0.09648     -0.632    30.8658    22.8089 -9.990e-29
 173.668189     -0.588  38.258404    14.8946   -0.09650     -0.583    30.8719    22.8140 -9.990e-29
 173.668194     -0.535  38.249608    14.8896   -0.09651     -0.531    30.8679    22.8121 -9.990e-29
 173.668200     -0.487  38.243637    14.8883   -0.09654     -0.483    30.8636    22.8090 -9.990e-29
 173.668206     -0.445  38.248265    14.8939   -0.09653     -0.441    30.8633    22.8076 -9.990e-29
 173.668212     -0.410  38.260157    14.8999   -0.09650     -0.407    30.8692    22.8109 -9.990e-29
 173.668218     -0.390  38.264350    14.9003   -0.09650     -0.387    30.8726    22.8134 -9.990e-29
 173.668223     -0.382  38.257492    14.8984   -0.09649     -0.379    30.8680    22.8102 -9.990e-29
 173.668229     -0.373  38.254030    14.8995   -0.09647     -0.370    30.8640    22.8070 -9.990e-29
 173.668235     -0.355  38.260598    14.9021   -0.09646     -0.352    30.8678    22.8094 -9.990e-29
 173.668241     -0.334  38.269155    14.9025   -0.09649     -0.331    30.8752    22.8149 -9.990e-29
 173.668247     -0.318  38.267026    14.8992   -0.09649     -0.315    30.8759    22.8162 -9.990e-29
 173.668252     -0.306  38.255888    14.8942   -0.09647     -0.303    30.8698    22.8126 -9.990e-29
 173.668258     -0.296  38.247847    14.8933   -0.09647     -0.294    30.8633    22.8077 -9.990e-29
 173.668264     -0.285  38.247356    14.8977   -0.09649     -0.283    30.8594    22.8038 -9.990e-29
 173.668270     -0.268  38.252108    14.9028   -0.09650     -0.266    30.8596    22.8029 -9.990e-29
 173.668275     -0.246  38.256690    14.9059   -0.09653     -0.244    30.8613    22.8035 -9.990e-29
 173.668281     -0.224  38.259390    14.9079   -0.09650     -0.222    30.8621    22.8037 -9.990e-29
 173.668287     -0.199  38.266646    14.9089   -0.09650     -0.197    30.8678    22.8079 -9.990e-29
 173.668293     -0.176  38.277506    14.9089   -0.09651     -0.175    30.8776    22.8154 -9.990e-29
 173.668299     -0.155  38.278437    14.9083   -0.09651     -0.154    30.8789    22.8165 -9.990e-29
 173.668304     -0.136  38.269588    14.9076   -0.09653     -0.135    30.8715    22.8110 -9.990e-29
 173.668310     -0.119  38.268359    14.9068   -0.09651     -0.118    30.8710    22.8108 -9.990e-29
 173.668316     -0.101  38.277069    14.9047   -0.09649     -0.100    30.8805    22.8185 -9.990e-29
 173.668322     -0.085  38.279319    14.8996   -0.09650     -0.084    30.8865    22.8243 -9.990e-29
 173.668328     -0.076  38.272530    14.8934   -0.09650     -0.075    30.8853    22.8247 -9.990e-29
 173.668333     -0.068  38.270117    14.8909   -0.09652     -0.067    30.8851    22.8250 -9.990e-29
 173.668339     -0.052  38.277306    14.8916   -0.09654     -0.052    30.8910    22.8294 -9.990e-29
 173.668345     -0.027  38.287446    14.8919   -0.09648     -0.027    30.8999    22.8362 -9.990e-29
 173.668351     -0.000  38.289970    14.8905   -0.09647     -0.000    30.9033    22.8391 -9.990e-29
 173.668356      0.030  38.284909    14.8894   -0.09646      0.030    30.8996    22.8365 -9.990e-29
 173.668362      0.070  38.281812    14.8914   -0.09647      0.069    30.8952    22.8327 -9.990e-29
 173.668368      0.118  38.284433    14.8955   -0.09647      0.117    30.8943    22.8311 -9.990e-29
 173.668374      0.165  38.290127    14.8983   -0.09650      0.164    30.8972    22.8327 -9.990e-29
 173.668380      0.199  38.292495    14.8973   -0.09648      0.197    30.9001    22.8352 -9.990e-29
 173.668385      0.216  38.289117    14.8927   -0.09647      0.214    30.9007    22.8366 -9.990e-29
 173.668391      0.212  38.285614    14.8904   -0.09647      0.210    30.8993    22.8361 -9.990e-29
 173.668397      0.200  38.285761    14.8946   -0.09647      0.198    30.8962    22.8328 -9.990e-29
 173.668403      0.199  38.292027    14.9008   -0.09648      0.197    30.8969    22.8320 -9.990e-29
 173.668409      0.219  38.303264    14.9047   -0.09648      0.217    30.9039    22.8366 -9.990e-29
 173.668414      0.257  38.310929    14.9064   -0.09649      0.255    30.9094    22.8405 -9.990e-29
 173.668420      0.302  38.310692    14.9053   -0.09648      0.299    30.9100    22.8412 -9.990e-29
 173.668426      0.340  38.306757    14.9025   -0.09647      0.337    30.9087    22.8408 -9.990e-29
 173.668432      0.360  38.304562    14.9019   -0.09648      0.357    30.9072    22.8397 -9.990e-29
 173.668438      0.368  38.305698    14.9040   -0.09648      0.365    30.9065    22.8388 -9.990e-29
 173.668443      0.382  38.309468    14.9060   -0.09651      0.379    30.9083    22.8397 -9.990e-29
 173.668449      0.407  38.311954    14.9070   -0.09649      0.404    30.9098    22.8406 -9.990e-29
 173.668455      0.436  38.309214    14.9069   -0.09647      0.432    30.9074    22.8388 -9.990e-29
 173.668461      0.461  38.303233    14.9058   14.32058      0.457    30.9029    22.8356 -9.990e-29
 173.668466      0.482  38.298407    14.9051   23.75051      0.478    30.8991    22.8328 -9.990e-29
 173.668472      0.502  38.297308    14.9060   25.07357      0.498    30.8974    22.8313 -9.990e-29
 173.668478      0.528  38.300183    14.9074   21.94715      0.524    30.8988    22.8321 -9.990e-29
 173.668484      0.557  38.304167    14.9073   14.19688      0.552    30.9025    22.8350 -9.990e-29
 173.668490      0.583  38.304505    14.9045   11.41272      0.578    30.9050    22.8375 -9.990e-29
 173.668495      0.598  38.301680    14.9012   11.43094      0.593    30.9051    22.8382 -9.990e-29
 173.668501      0.599  38.300370    14.9012   11.40255      0.594    30.9039    22.8373 -9.990e-29
 173.668507      0.595  38.302222    14.9044   11.40214      0.590    30.9030    22.8360 -9.990e-29
 173.668513      0.598  38.308617    14.9082   11.39940      0.593    30.9058    22.8373 -9.990e-29
 173.668519      0.612  38.321943    14.9114   11.40184      0.607    30.9152    22.8439 -9.990e-29
 173.668524      0.636  38.337565    14.9132   11.40185      0.631    30.9278    22.8532 -9.990e-29
 173.668530      0.660  38.347178    14.9137   11.40211      0.654    30.9360    22.8594 -9.990e-29
 173.668536      0.679  38.350729    14.9136   11.39999      0.673    30.9393    22.8619 -9.990e-29
 173.668542      0.689  38.351863    14.9133   11.39921      0.683    30.9405    22.8630 -9.990e-29
 173.668547      0.695  38.352120    14.9129   11.39963      0.689    30.9411    22.8635 -9.990e-29
 173.668553      0.703  38.352435    14.9127   10.91580      0.697    30.9415    22.8639 -9.990e-29
 173.668559      0.711  38.352699    14.9131    7.86950      0.705    30.9414    22.8637 -9.990e-29
 173.668565      0.721  38.352735    14.9139    5.73042      0.715    30.9408    22.8631 -9.990e-29
 173.668571      0.734  38.352621    14.9145    4.82332      0.728    30.9402    22.8625 -9.990e-29
 173.668576      0.750  38.352239    14.9149    5.10265      0.744    30.9396    22.8619 -9.990e-29
 173.668582      0.771  38.351671    14.9149    6.37867      0.765    30.9390    22.8615 -9.990e-29
 173.668588      0.792  38.351311    14.9146    6.95651      0.785    30.9389    22.8615 -9.990e-29
 173.668594      0.808  38.351273    14.9143    7.19522      0.801    30.9391    22.8617 -9.990e-29
 173.668600      0.819  38.351538    14.9140    7.30943      0.812    30.9396    22.8621 -9.990e-29
 173.668605      0.835  38.351928    14.9140    7.36545      0.828    30.9400    22.8624 -9.990e-29
 173.668611      0.861  38.351874    14.9141    7.39504      0.854    30.9398    22.8623 -9.990e-29
 173.668617      0.893  38.351335    14.9139    7.42656      0.886    30.9395    22.8621 -9.990e-29
 173.668623      0.922  38.350743    14.9138    7.45112      0.914    30.9390    22.8617 -9.990e-29
 173.668628      0.936  38.350463    14.9142    7.44814      0.928    30.9384    22.8612 -9.990e-29
 173.668634      0.932  38.350712    14.9151    7.43838      0.924    30.9380    22.8606 -9.990e-29
 173.668640      0.919  38.351290    14.9161    7.43857      0.911    30.9377    22.8602 -9.990e-29
 173.668646      0.916  38.351881    14.9169    7.43990      0.908    30.9376    22.8600 -9.990e-29
 173.668652      0.936  38.352182    14.9176    7.44305      0.928    30.9373    22.8596 -9.990e-29
 173.668657      0.973  38.352067    14.9175    7.42762      0.965    30.9373    22.8596 -9.990e-29
 173.668663      1.011  38.350853    14.9168    7.40551      1.003    30.9367    22.8593 -9.990e-29
 173.668669      1.040  38.349193    14.9167    7.40322      1.031    30.9353    22.8582 -9.990e-29
 173.668675      1.058  38.349393    14.9173    7.41317      1.049    30.9350    22.8579 -9.990e-29
 173.668681      1.065  38.350629    14.9178    7.41930      1.056    30.9357    22.8583 -9.990e-29
 173.668686      1.063  38.351213    14.9180    7.40560      1.054    30.9361    22.8586 -9.990e-29
 173.668692      1.055  38.351395    14.9179    7.38053      1.046    30.9363    22.8588 -9.990e-29
 173.668698      1.054  38.351448    14.9174    7.37097      1.045    30.9368    22.8592 -9.990e-29
 173.668704      1.072  38.351477    14.9170    7.38322      1.063    30.9371    22.8596 -9.990e-29
 173.668709      1.110  38.351552    14.9169    7.39913      1.101    30.9372    22.8597 -9.990e-29
 173.668715      1.159  38.351805    14.9170    7.38226      1.149    30.9374    22.8598 -9.990e-29
 173.668721      1.203  38.352036    14.9170    7.36378      1.193    30.9375    22.8599 -9.990e-29
 173.668727      1.234  38.352008    14.9168    7.34076      1.224    30.9377    22.8601 -9.990e-29
 173.668733      1.253  38.351701    14.9168    7.34306      1.243    30.9374    22.8598 -9.990e-29
 173.668738      1.270  38.351288    14.9168    7.36131      1.259    30.9370    22.8595 -9.990e-29
 173.668744      1.286  38.350795    14.9167    7.35464      1.275    30.9366    22.8593 -9.990e-29
 173.668750      1.293  38.350138    14.9168    7.34486      1.282    30.9360    22.8587 -9.990e-29
 173.668756      1.288  38.350134    14.9175    7.34156      1.277    30.9354    22.8582 -9.990e-29
 173.668762      1.275  38.350788    14.9180    7.32523      1.264    30.9356    22.8582 -9.990e-29
 173.668767      1.265  38.351300    14.9183    7.31630      1.254    30.9358    22.8583 -9.990e-29
 173.668773      1.271  38.351806    14.9184    7.30988      1.260    30.9362    22.8586 -9.990e-29
 173.668779      1.297  38.351869    14.9182    7.32197      1.286    30.9364    22.8588 -9.990e-29
 173.668785      1.332  38.351025    14.9181    7.33080      1.321    30.9357    22.8583 -9.990e-29
 173.668791      1.353  38.350405    14.9185    7.32736      1.342    30.9348    22.8575 -9.990e-29
 173.668796      1.349  38.350872    14.9193    7.31721      1.338    30.9346    22.8572 -9.990e-29
 173.668802      1.331  38.351936    14.9201    7.29862      1.320    30.9350    22.8573 -9.990e-29
 173.668808      1.325  38.352785    14.9205    7.29476      1.314    30.9354    22.8575 -9.990e-29
 173.668814      1.342  38.352884    14.9202    7.30029      1.331    30.9357    22.8578 -9.990e-29
 173.668819      1.376  38.352376    14.9192    7.31736      1.365    30.9360    22.8583 -9.990e-29
 173.668825      1.412  38.351718    14.9185    7.31716      1.400    30.9360    22.8584 -9.990e-29
 173.668831      1.438  38.351163    14.9185    7.30217      1.426    30.9355    22.8580 -9.990e-29
 173.668837      1.453  38.351103    14.9190    7.28224      1.441    30.9350    22.8576 -9.990e-29
 173.668843      1.465  38.351470    14.9193    7.27212      1.453    30.9351    22.8576 -9.990e-29
 173.668848      1.485  38.351642    14.9193    7.28893      1.473    30.9353    22.8577 -9.990e-29
 173.668854      1.508  38.351300    14.9191    7.30262      1.495    30.9351    22.8576 -9.990e-29
 173.668860      1.529  38.350561    14.9188    7.29520      1.516    30.9347    22.8573 -9.990e-29
 173.668866      1.539  38.350132    14.9190    7.27964      1.526    30.9341    22.8569 -9.990e-29
 173.668872      1.536  38.350573    14.9197    7.26843      1.523    30.9340    22.8566 -9.990e-29
 173.668877      1.527  38.351363    14.9202    7.26046      1.514    30.9343    22.8567 -9.990e-29
 173.668883      1.529  38.351883    14.9201    7.26227      1.516    30.9348    22.8572 -9.990e-29
 173.668889      1.551  38.351719    14.9191    7.26171      1.538    30.9355    22.8579 -9.990e-29
 173.668895      1.586  38.350665    14.9179    7.26962      1.573    30.9355    22.8581 -9.990e-29
 173.668900      1.618  38.349568    14.9173    7.26649      1.604    30.9349    22.8579 -9.990e-29
 173.668906      1.641  38.349219    14.9176    7.25427      1.627    30.9344    22.8574 -9.990e-29
 173.668912      1.658  38.349725    14.9183    7.24530      1.644    30.9343    22.8571 -9.990e-29
 173.668918      1.668  38.350649    14.9188    7.23872      1.654    30.9347    22.8574 -9.990e-29
