data/oxygen options/OCNMS/OCNMS2/raw_data/2005/CTD_CE40_052505faed.cnv
* Sea-Bird SBE19 Data File:
* FileName = C:\Documents and Settings\kirner.PTANGELES\Desktop\hypoxia CTD data\CE40__052505.hex
* Software Version 1.1.5
* Temperature SN = 2997
* Conductivity SN = 2997
* System UpLoad Time = May 25 2005 18:08:47
* SEACAT PROFILER V3.1c SN 2997   05/25/05  18:08:02.095
* strain gauge pressure sensor: S/N = 184829,  range = 3000 psia,  tc = 40
# nquan = 9                                 
# nvalues = 618                         
# units = specified
# name 0 = timeJ: Julian Days
# name 1 = prSM: Pressure, Strain Gauge [db]
# name 2 = c0mS/cm: Conductivity [mS/cm]
# name 3 = t090C: Temperature [ITS-90, deg C]
# name 4 = oxML/L: Oxygen, Beckman/YSI [ml/l]
# name 5 = depSM: Depth [salt water, m], lat = 47.5
# name 6 = sal00: Salinity, Practical [PSU]
# name 7 = sigma-é00: Density [sigma-theta, kg/m^3]
# name 8 = flag: flag
# span 0 = 145.666227, 145.669797       
# span 1 =     -3.837,     42.894       
# span 2 =   0.068955,  36.273826       
# span 3 =     9.6795,    15.6157       
# span 4 =   -0.11432,   24.93138       
# span 5 =     -3.805,     42.532       
# span 6 =     0.0425,    32.4976       
# span 7 =    -0.9604,    25.0518       
# span 8 = 0.0000e+00, 0.0000e+00       
# interval = seconds: 0.5
# start_time = May 25 2005 15:59:22 [Instrument's time stamp, header]
# bad_flag = -9.990e-29
*END*
[from data line 481]
 145.669010     42.361  35.367259     9.6810    4.13820     42.003    32.4955    25.0500 0.0000e+00
 145.669016     42.582  35.368083     9.6795    4.15085     42.222    32.4976    25.0518 0.0000e+00
 145.669022     42.748  35.366665     9.6850    4.16114     42.387    32.4911    25.0459 -9.990e-29
 145.669028     42.851  35.365019     9.6950    4.16750     42.489    32.4803    25.0359 -9.990e-29
 145.669034     42.894  35.364302     9.7072    4.17687     42.532    32.4686    25.0247 -9.990e-29
 145.669039     42.881  35.363555     9.7162    4.17414     42.519    32.4597    25.0163 -9.990e-29
 145.669045     42.809  35.361782     9.7132    4.18155     42.447    32.4606    25.0175 -9.990e-29
 145.669051     42.679  35.359989     9.6999    4.18220     42.318    32.4708    25.0277 0.0000e+00
 145.669057     42.500  35.359717     9.6873    4.18634     42.141    32.4820    25.0384 0.0000e+00
 145.669063     42.285  35.359490     9.6838    4.19209     41.928    32.4850    25.0414 0.0000e+00
 145.669068     42.043  35.359012     9.6915    4.19834     41.688    32.4777    25.0344 0.0000e+00
 145.669074     41.775  35.358772     9.7067    4.22313     41.422    32.4639    25.0211 0.0000e+00
 145.669080     41.486  35.357337     9.7198    4.24273     41.136    32.4507    25.0087 0.0000e+00
 145.669086     41.178  35.354483     9.7270    4.26381     40.830    32.4414    25.0003 0.0000e+00
 145.669091     40.849  35.352024     9.7385    4.27922     40.504    32.4287    24.9884 0.0000e+00
 145.669097     40.499  35.350615     9.7605    4.29655     40.157    32.4076    24.9684 0.0000e+00
 145.669103     40.136  35.349505     9.7845    4.32259     39.797    32.3850    24.9468 0.0000e+00
 145.669109     39.771  35.349468     9.8008    4.32970     39.435    32.3705    24.9328 0.0000e+00
 145.669115     39.415  35.350468     9.8079    4.34961     39.082    32.3653    24.9276 0.0000e+00
 145.669120     39.066  35.351050     9.8127    4.36927     38.736    32.3617    24.9240 0.0000e+00
 145.669126     38.712  35.351438     9.8265    4.38855     38.385    32.3499    24.9125 0.0000e+00
 145.669132     38.346  35.352160     9.8509    4.40220     38.022    32.3289    24.8921 0.0000e+00
 145.669138     37.972  35.353064     9.8734    4.40515     37.652    32.3098    24.8735 0.0000e+00
 145.669144     37.594  35.354243     9.8868    4.41003     37.277    32.2992    24.8630 0.0000e+00
 145.669149     37.224  35.355601     9.8937    4.41296     36.910    32.2945    24.8583 0.0000e+00
 145.669155     36.863  35.356723     9.8974    4.42154     36.552    32.2925    24.8561 0.0000e+00
 145.669161     36.501  35.357431     9.9005    4.42920     36.193    32.2906    24.8541 0.0000e+00
 145.669167     36.128  35.358117     9.9061    4.45130     35.823    32.2865    24.8499 0.0000e+00
 145.669172     35.737  35.359701     9.9176    4.48790     35.436    32.2780    24.8414 0.0000e+00
 145.669178     35.325  35.363183     9.9390    4.51758     35.027    32.2625    24.8258 0.0000e+00
 145.669184     34.900  35.370413     9.9675    4.52502     34.606    32.2446    24.8071 0.0000e+00
 145.669190     34.477  35.380390     9.9970    4.52380     34.186    32.2286    24.7897 0.0000e+00
 145.669196     34.064  35.391296    10.0430    4.55504     33.777    32.1988    24.7589 0.0000e+00
 145.669201     33.660  35.410960    10.1119    4.62451     33.376    32.1576    24.7153 0.0000e+00
 145.669207     33.269  35.439263    10.1648    4.69202     32.989    32.1393    24.6922 0.0000e+00
 145.669213     32.896  35.457900    10.1778    4.75350     32.619    32.1467    24.6958 0.0000e+00
 145.669219     32.535  35.459791    10.1810    4.78191     32.261    32.1459    24.6947 0.0000e+00
 145.669225     32.167  35.458690    10.2276    4.83260     31.896    32.1037    24.6539 0.0000e+00
 145.669230     31.776  35.473873    10.3487    4.96901     31.508    32.0122    24.5623 0.0000e+00
 145.669236     31.369  35.516619    10.5139    5.09879     31.105    31.9100    24.4547 0.0000e+00
 145.669242     30.962  35.578905    10.6435    5.24145     30.701    31.8590    24.3929 0.0000e+00
 145.669248     30.564  35.628890    10.6966    5.28918     30.307    31.8626    24.3866 0.0000e+00
 145.669253     30.165  35.644131    10.7460    5.31839     29.911    31.8348    24.3565 0.0000e+00
 145.669259     29.753  35.655634    10.8794    5.38557     29.503    31.7306    24.2523 0.0000e+00
 145.669265     29.333  35.707894    11.0757    5.48369     29.086    31.6130    24.1266 0.0000e+00
 145.669271     28.920  35.792672    11.2599    5.62772     28.677    31.5384    24.0362 0.0000e+00
 145.669277     28.521  35.867753    11.3760    5.76969     28.281    31.5128    23.9957 0.0000e+00
 145.669282     28.134  35.909396    11.4223    5.89890     27.897    31.5141    23.9885 0.0000e+00
 145.669288     27.750  35.923275    11.4671    6.02026     27.517    31.4897    23.9615 0.0000e+00
 145.669294     27.363  35.938574    11.6059    6.11801     27.133    31.3869    23.8568 0.0000e+00
 145.669300     26.964  35.987472    11.8539    6.19909     26.737    31.2254    23.6865 0.0000e+00
 145.669306     26.549  36.064529    12.1011    6.25027     26.326    31.0932    23.5386 0.0000e+00
 145.669311     26.123  36.133481    12.2566    6.26022     25.903    31.0302    23.4610 0.0000e+00
 145.669317     25.692  36.174758    12.3304    6.23900     25.476    31.0087    23.4306 0.0000e+00
 145.669323     25.262  36.194678    12.3623    6.19010     25.050    31.0014    23.4190 0.0000e+00
 145.669329     24.846  36.203574    12.3777    6.15433     24.637    30.9973    23.4130 0.0000e+00
 145.669334     24.455  36.208279    12.3852    6.13062     24.249    30.9958    23.4104 0.0000e+00
 145.669340     24.089  36.212274    12.3889    6.11499     23.887    30.9967    23.4103 0.0000e+00
 145.669346     23.739  36.216413    12.3919    6.11623     23.540    30.9983    23.4110 0.0000e+00
 145.669352     23.390  36.220055    12.3945    6.10574     23.193    30.9997    23.4116 0.0000e+00
 145.669358     23.033  36.220776    12.4012    6.08754     22.839    30.9950    23.4067 0.0000e+00
 145.669363     22.667  36.218422    12.4138    6.08307     22.477    30.9825    23.3947 0.0000e+00
 145.669369     22.295  36.214909    12.4255    6.07300     22.108    30.9697    23.3826 0.0000e+00
 145.669375     21.913  36.211170    12.4323    6.07775     21.729    30.9607    23.3743 0.0000e+00
 145.669381     21.519  36.207274    12.4367    6.07356     21.338    30.9535    23.3679 0.0000e+00
 145.669387     21.113  36.203086    12.4425    6.06313     20.936    30.9449    23.3601 0.0000e+00
 145.669392     20.700  36.199197    12.4488    6.06119     20.526    30.9362    23.3522 0.0000e+00
 145.669398     20.292  36.196039    12.4528    6.05083     20.122    30.9301    23.3467 0.0000e+00
 145.669404     19.901  36.193896    12.4547    6.04752     19.734    30.9266    23.3437 0.0000e+00
 145.669410     19.533  36.193286    12.4551    6.05625     19.369    30.9259    23.3430 0.0000e+00
 145.669416     19.180  36.193965    12.4546    6.05987     19.019    30.9270    23.3440 0.0000e+00
 145.669421     18.829  36.194044    12.4546    6.05480     18.671    30.9273    23.3441 0.0000e+00
 145.669427     18.467  36.192513    12.4565    6.05196     18.312    30.9244    23.3416 0.0000e+00
 145.669433     18.082  36.190144    12.4606    6.04894     17.930    30.9189    23.3365 0.0000e+00
 145.669439     17.677  36.186588    12.4654    6.08041     17.529    30.9117    23.3301 0.0000e+00
 145.669444     17.259  36.181599    12.4696    6.11789     17.114    30.9037    23.3231 0.0000e+00
 145.669450     16.833  36.174700    12.4747    6.10923     16.692    30.8932    23.3139 0.0000e+00
 145.669456     16.400  36.162309    12.4873    6.05887     16.262    30.8712    23.2945 0.0000e+00
 145.669462     15.967  36.134081    12.5167    6.01177     15.833    30.8205    23.2497 0.0000e+00
 145.669468     15.537  36.071450    12.5628    6.00953     15.407    30.7237    23.1661 0.0000e+00
 145.669473     15.116  35.971651    12.6112    6.07590     14.989    30.5901    23.0536 0.0000e+00
 145.669479     14.716  35.882713    12.6530    6.16858     14.593    30.4725    22.9546 0.0000e+00
 145.669485     14.334  35.825665    12.6848    6.24888     14.214    30.3932    22.8872 0.0000e+00
 145.669491     13.953  35.772110    12.7144    6.27778     13.836    30.3191    22.8243 0.0000e+00
 145.669497     13.562  35.694945    12.7917    6.27192     13.448    30.1848    22.7057 0.0000e+00
 145.669502     13.153  35.484005    12.9494    6.25781     13.043    29.8623    22.4264 0.0000e+00
 145.669508     12.725  35.109180    13.1411    6.27545     12.618    29.3640    22.0046 0.0000e+00
 145.669514     12.287  34.732176    13.3042    6.28975     12.184    28.8906    21.6077 0.0000e+00
 145.669520     11.843  34.455730    13.4164    6.30666     11.744    28.5519    21.3246 0.0000e+00
 145.669525     11.404  34.280651    13.4871    6.30310     11.309    28.3389    21.1465 0.0000e+00
 145.669531     10.981  34.182030    13.5322    6.26197     10.889    28.2154    21.0426 0.0000e+00
 145.669537     10.577  34.124792    13.5608    6.23681     10.488    28.1422    20.9805 0.0000e+00
 145.669543     10.192  34.094287    13.5759    6.21794     10.107    28.1033    20.9477 0.0000e+00
 145.669549      9.830  34.087965    13.5749    6.19710      9.748    28.0984    20.9440 0.0000e+00
 145.669554      9.499  34.105817    13.5517    6.19531      9.420    28.1319    20.9743 0.0000e+00
 145.669560      9.195  34.162129    13.5192    6.18747      9.118    28.2074    21.0388 0.0000e+00
 145.669566      8.904  34.229430    13.5070    6.19634      8.829    28.2781    21.0957 0.0000e+00
 145.669572      8.614  34.237168    13.5139    6.23206      8.542    28.2802    21.0960 0.0000e+00
 145.669578      8.329  34.204625    13.5209    6.25769      8.259    28.2453    21.0678 0.0000e+00
 145.669583      8.047  34.186499    13.5290    6.28231      7.980    28.2229    21.0489 0.0000e+00
 145.669589      7.760  34.172642    13.5481    6.29374      7.695    28.1962    21.0246 0.0000e+00
 145.669595      7.462  34.146270    13.5885    6.30111      7.400    28.1425    20.9754 0.0000e+00
 145.669601      7.155  34.106973    13.6437    6.33565      7.095    28.0663    20.9059 0.0000e+00
 145.669606      6.850  34.067377    13.6901    6.36762      6.793    27.9964    20.8430 0.0000e+00
 145.669612      6.557  34.045316    13.7235    6.37331      6.502    27.9521    20.8023 0.0000e+00
 145.669618      6.275  34.036613    13.7538    6.36621      6.223    27.9222    20.7734 0.0000e+00
 145.669624      5.995  34.029680    13.7895    6.33806      5.945    27.8901    20.7416 0.0000e+00
 145.669630      5.714  34.024810    13.8404    6.28972      5.666    27.8489    20.6999 0.0000e+00
 145.669635      5.442  34.022809    13.8921    6.26756      5.397    27.8098    20.6597 0.0000e+00
 145.669641      5.182  34.022701    13.9222    6.25877      5.139    27.7880    20.6370 0.0000e+00
 145.669647      4.931  34.023799    13.9353    6.28904      4.890    27.7796    20.6280 0.0000e+00
 145.669653      4.681  34.024782    13.9407    6.37571      4.642    27.7767    20.6247 0.0000e+00
 145.669659      4.430  34.026412    13.9412    6.43001      4.393    27.7779    20.6255 0.0000e+00
 145.669664      4.177  34.030308    13.9492    6.44680      4.142    27.7758    20.6222 0.0000e+00
 145.669670      3.920  34.037753    13.9868    6.43498      3.887    27.7555    20.5992 0.0000e+00
 145.669676      3.656  34.052514    14.0770    6.36510      3.625    27.7040    20.5418 0.0000e+00
 145.669682      3.389  34.083628    14.2073    7.27645      3.361    27.6388    20.4658 0.0000e+00
 145.669688      3.127  34.130560    14.3163    7.33517      3.101    27.6032    20.4167 0.0000e+00
 145.669693      2.880  34.169602    14.3726    7.50841      2.856    27.5982    20.4015 0.0000e+00
 145.669699      2.649  34.185594    14.3949    6.26482      2.627    27.5967    20.3959 0.0000e+00
 145.669705      2.428  34.184191    14.4032    6.23004      2.408    27.5896    20.3888 0.0000e+00
 145.669711      2.215  34.162975    14.4107    6.76553      2.197    27.5654    20.3687 0.0000e+00
 145.669716      2.018  34.095909    14.4189    7.17808      2.001    27.4997    20.3165 0.0000e+00
 145.669722      1.847  33.885733    14.4244    7.34134      1.832    27.3082    20.1680 0.0000e+00
 145.669728      1.699  33.234848    14.4254    7.34927      1.685    26.7276    19.7210 0.0000e+00
 145.669734      1.564  31.270929    14.4212    7.49384      1.551    24.9903    18.3857 -9.990e-29
 145.669740      1.442  25.379902    14.4138    7.46696      1.430    19.8657    14.4502 -9.990e-29
 145.669745      1.338  16.572062    14.4000 -9.990e-29      1.327    12.4797     8.7864 -9.990e-29
 145.669751      1.251  11.500056    14.3754 -9.990e-29      1.241     8.4064     5.6659 -9.990e-29
 145.669757      1.178  14.525521    14.3458 -9.990e-29      1.168    10.8313     7.5312 -9.990e-29
 145.669763      1.120  21.874976    14.3226 -9.990e-29      1.111    16.9220    12.2076 -9.990e-29
 145.669769      1.077  23.796064    14.3097 -9.990e-29      1.068    18.5607    13.4676 -9.990e-29
 145.669774      1.050  18.138128    14.3036 -9.990e-29      1.041    13.8017     9.8169 -9.990e-29
 145.669780      1.034  11.605397    14.3007 -9.990e-29      1.025     8.5059     5.7543 -9.990e-29
 145.669786      1.023   7.922125    14.2995 -9.990e-29      1.014     5.6388     3.5527 -9.990e-29
 145.669792      1.017   5.725038    14.2991 -9.990e-29      1.009     3.9821     2.2788 -9.990e-29
 145.669797      1.015   3.775252 -9.990e-29 -9.990e-29      1.007 -9.990e-29 -9.990e-29 -9.990e-29
