data/oxygen options/OCNMS/OCNMS2/raw_data/2005/CTD_CA100_062205faedb.cnv
* Sea-Bird SBE19 Data File:
* FileName = C:\hypoxia CTD data\CA_062205.hex
* Software Version 1.1.5
* Temperature SN = 2997
* Conductivity SN = 2997
* System UpLoad Time = Jun 22 2005 14:47:20
* SEACAT PROFILER V3.1c SN 2997   06/22/05  14:47:05.879
* strain gauge pressure sensor: S/N = 184829,  range = 3000 psia,  tc = 40
# nquan = 9
# nvalues = 96                          
# units = specified
# name 0 = timeJ: Julian Days
# name 1 = prSM: Pressure, Strain Gauge [db]
# name 2 = c0mS/cm: Conductivity [mS/cm]
# name 3 = t090C: Temperature [ITS-90, deg C]
# name 4 = oxML/L: Oxygen, Beckman/YSI [ml/l]
# name 5 = depSM: Depth [salt water, m], lat = 47.5
# name 6 = sal00: Salinity, Practical [PSU]
# name 7 = sigma-é00: Density [sigma-theta, kg/m^3]
# name 8 = flag: flag
# span 0 = 173.612143, 173.613436       
# span 1 =      3.000,     98.000       
# span 2 =  34.756661,  38.074957       
# span 3 =     7.6373,    13.9027       
# span 4 =    2.77808,    7.40445       
# span 5 =      2.975,     97.159       
# span 6 =    31.5025,    33.7431       
# span 7 =    23.5057,    26.3408       
# span 8 = 0.0000e+00, 0.0000e+00       
# interval = decibars: 1                
# start_time = Jun 22 2005 14:38:13 [Instrument's time stamp, header]
# bad_flag = -9.990e-29
*END*
 173.612143      3.000  38.074957    13.9027    7.31641      2.975    31.5025    23.5057 0.0000e+00
 173.612164      4.000  38.068442    13.8871    7.30857      3.967    31.5089    23.5138 0.0000e+00
 173.612179      5.000  38.027262    13.8248    7.33616      4.958    31.5216    23.5363 0.0000e+00
 173.612191      6.000  37.971212    13.7592    7.33925      5.950    31.5234    23.5509 0.0000e+00
 173.612203      7.000  37.913778    13.6899    7.40445      6.942    31.5270    23.5677 0.0000e+00
 173.612214      8.000  37.829059    13.5805    7.35881      7.933    31.5382    23.5984 0.0000e+00
 173.612226      9.000  37.677617    13.4264    6.81517      8.925    31.5244    23.6183 0.0000e+00
 173.612240     10.000  37.505358    13.1637    5.89913      9.916    31.5809    23.7138 0.0000e+00
 173.612253     11.000  37.120693    12.5373    5.37316     10.908    31.7421    23.9592 0.0000e+00
 173.612265     12.000  36.522339    11.7903    5.18727     11.900    31.8019    24.1449 0.0000e+00
 173.612276     13.000  35.985634    11.2585    5.17242     12.891    31.7349    24.1886 0.0000e+00
 173.612287     14.000  35.684693    11.0075    5.23308     13.883    31.6552    24.1710 0.0000e+00
 173.612298     15.000  35.557448    10.9146    5.32312     14.874    31.6093    24.1515 0.0000e+00
 173.612311     16.000  35.518725    10.9058    5.37107     15.866    31.5782    24.1289 0.0000e+00
 173.612324     17.000  35.541034    10.9256    5.35221     16.857    31.5828    24.1290 0.0000e+00
 173.612338     18.000  35.502707    10.8658    5.38005     17.849    31.5961    24.1498 0.0000e+00
 173.612350     19.000  35.460337    10.8320    5.44515     18.841    31.5829    24.1454 0.0000e+00
 173.612360     20.000  35.463924    10.8415    5.47547     19.832    31.5778    24.1398 0.0000e+00
 173.612372     21.000  35.560842    10.9332    5.43237     20.824    31.5942    24.1367 0.0000e+00
 173.612382     22.000  35.801503    11.0147    5.38527     21.815    31.7608    24.2521 0.0000e+00
 173.612394     23.000  35.919587    10.9810    5.28180     22.807    31.9061    24.3710 0.0000e+00
 173.612407     24.000  35.877059    10.8838    5.20840     23.798    31.9482    24.4207 0.0000e+00
 173.612419     25.000  35.818146    10.7343    5.12009     24.790    32.0201    24.5026 0.0000e+00
 173.612431     26.000  35.764578    10.6114    5.07780     25.781    32.0741    24.5658 0.0000e+00
 173.612443     27.000  35.712053    10.4846    5.04292     26.773    32.1330    24.6332 0.0000e+00
 173.612454     28.000  35.644112    10.3426    5.03865     27.764    32.1900    24.7018 0.0000e+00
 173.612467     29.000  35.581935    10.2256    5.06465     28.756    32.2308    24.7533 0.0000e+00
 173.612479     30.000  35.544959    10.1641    5.09321     29.747    32.2479    24.7769 0.0000e+00
 173.612492     31.000  35.529274    10.1265    5.20154     30.739    32.2651    24.7966 0.0000e+00
 173.612505     32.000  35.503588    10.0393    5.49033     31.730    32.3166    24.8514 0.0000e+00
 173.612516     33.000  35.465468     9.9089    5.81457     32.722    32.3942    24.9335 0.0000e+00
 173.612527     34.000  35.388545     9.7333    6.03700     33.713    32.4736    25.0242 0.0000e+00
 173.612539     35.000  35.273495     9.5458    6.12807     34.705    32.5252    25.0949 0.0000e+00
 173.612549     36.000  35.155159     9.3937    6.10108     35.697    32.5414    25.1320 0.0000e+00
 173.612561     37.000  35.077029     9.3047    6.06152     36.688    32.5415    25.1462 0.0000e+00
 173.612573     38.000  35.013277     9.2104    6.06429     37.679    32.5613    25.1766 0.0000e+00
 173.612585     39.000  34.940794     9.1133    6.03577     38.671    32.5746    25.2023 0.0000e+00
 173.612598     40.000  34.890513     9.0575    6.00762     39.662    32.5731    25.2099 0.0000e+00
 173.612611     41.000  34.869675     9.0266    5.96955     40.654    32.5792    25.2195 0.0000e+00
 173.612625     42.000  34.868301     9.0182    5.90910     41.645    32.5851    25.2254 0.0000e+00
 173.612641     43.000  34.864494     8.9919    5.83670     42.637    32.6048    25.2449 0.0000e+00
 173.612654     44.000  34.869744     8.9789    5.72478     43.628    32.6216    25.2602 0.0000e+00
 173.612668     45.000  34.880305     8.9627    5.52019     44.619    32.6471    25.2826 0.0000e+00
 173.612680     46.000  34.912222     8.9549    5.41980     45.611    32.6870    25.3151 0.0000e+00
 173.612693     47.000  34.940819     8.9488    5.40725     46.602    32.7219    25.3433 0.0000e+00
 173.612707     48.000  34.941759     8.9492    5.43025     47.594    32.7221    25.3434 0.0000e+00
 173.612721     49.000  34.933030     8.9261    5.38763     48.585    32.7338    25.3562 0.0000e+00
 173.612733     50.000  34.926728     8.9041    5.32512     49.577    32.7471    25.3701 0.0000e+00
 173.612745     51.000  34.933002     8.8874    5.14159     50.568    32.7686    25.3895 0.0000e+00
 173.612756     52.000  34.953160     8.8694    4.91073     51.559    32.8058    25.4214 0.0000e+00
 173.612768     53.000  34.990136     8.8495    4.73848     52.551    32.8623    25.4687 0.0000e+00
 173.612782     54.000  35.015853     8.8356    4.64829     53.543    32.9015    25.5015 0.0000e+00
 173.612795     55.000  35.025293     8.8298    4.60145     54.533    32.9163    25.5141 0.0000e+00
 173.612810     56.000  35.039267     8.8280    4.52760     55.525    32.9322    25.5268 0.0000e+00
 173.612823     57.000  35.049082     8.8124    4.39181     56.516    32.9565    25.5483 0.0000e+00
 173.612836     58.000  35.062034     8.7802    4.34669     57.508    32.9994    25.5869 0.0000e+00
 173.612847     59.000  35.068818     8.7662    4.36595     58.499    33.0192    25.6045 0.0000e+00
 173.612860     60.000  35.073477     8.7558    4.32497     59.491    33.0332    25.6172 0.0000e+00
 173.612873     61.000  35.077326     8.7381    4.22493     60.482    33.0534    25.6357 0.0000e+00
 173.612887     62.000  35.089047     8.7172    4.13417     61.474    33.0847    25.6634 0.0000e+00
 173.612899     63.000  35.094764     8.6916    4.03980     62.465    33.1142    25.6904 0.0000e+00
 173.612911     64.000  35.087332     8.6330    3.93386     63.456    33.1608    25.7360 0.0000e+00
 173.612922     65.000  35.076887     8.5769    3.83575     64.447    33.2020    25.7768 0.0000e+00
 173.612935     66.000  35.078413     8.5356    3.75883     65.439    33.2421    25.8145 0.0000e+00
 173.612949     67.000  35.078416     8.5000    3.71894     66.430    33.2752    25.8459 0.0000e+00
 173.612965     68.000  35.070157     8.4790    3.69321     67.421    33.2857    25.8573 0.0000e+00
 173.612981     69.000  35.067416     8.4644    3.68839     68.413    33.2962    25.8678 0.0000e+00
 173.612996     70.000  35.063019     8.4337    3.69132     69.404    33.3201    25.8911 0.0000e+00
 173.613009     71.000  35.062355     8.4173    3.67903     70.395    33.3345    25.9050 0.0000e+00
 173.613023     72.000  35.061590     8.4100    3.66582     71.386    33.3401    25.9105 0.0000e+00
 173.613037     73.000  35.056917     8.3879    3.64549     72.378    33.3556    25.9260 0.0000e+00
 173.613050     74.000  35.049211     8.3689    3.66328     73.369    33.3650    25.9362 0.0000e+00
 173.613065     75.000  35.044086     8.3642    3.67594     74.361    33.3635    25.9358 0.0000e+00
 173.613083     76.000  35.041402     8.3521    3.66778     75.352    33.3717    25.9440 0.0000e+00
 173.613098     77.000  35.027221     8.3205    3.65982     76.343    33.3863    25.9602 0.0000e+00
 173.613111     78.000  35.012758     8.2795    3.63539     77.335    33.4094    25.9845 0.0000e+00
 173.613125     79.000  34.998034     8.2328    3.62281     78.325    33.4377    26.0137 0.0000e+00
 173.613146     80.000  34.993051     8.2404    3.63014     79.317    33.4247    26.0024 0.0000e+00
 173.613168     81.000  34.993085     8.2286    3.54982     80.308    33.4355    26.0126 0.0000e+00
 173.613182     82.000  34.980301     8.1712    3.46372     81.300    33.4762    26.0531 0.0000e+00
 173.613194     83.000  34.956283     8.0952    3.33975     82.290    33.5227    26.1009 0.0000e+00
 173.613206     84.000  34.913396     7.9905    3.22034     83.282    33.5768    26.1588 0.0000e+00
 173.613221     85.000  34.880582     7.9353    3.08851     84.273    33.5942    26.1805 0.0000e+00
 173.613236     86.000  34.846745     7.8279    2.87714     85.265    33.6609    26.2486 0.0000e+00
 173.613250     87.000  34.789633     7.7284    2.77808     86.256    33.6951    26.2899 0.0000e+00
 173.613264     88.000  34.769067     7.6948    2.79632     87.247    33.7051    26.3025 0.0000e+00
 173.613277     89.000  34.765584     7.6800    2.81539     88.238    33.7151    26.3125 0.0000e+00
 173.613291     90.000  34.762679     7.6641    2.83918     89.229    33.7269    26.3241 0.0000e+00
 173.613305     91.000  34.761358     7.6557    2.84252     90.221    33.7331    26.3302 0.0000e+00
 173.613320     92.000  34.760119     7.6469    2.84062     91.212    33.7398    26.3368 0.0000e+00
 173.613336     93.000  34.758908     7.6438    2.84262     92.203    33.7411    26.3383 0.0000e+00
 173.613352     94.000  34.760060     7.6444    2.83807     93.194    33.7412    26.3383 0.0000e+00
 173.613369     95.000  34.757881     7.6420    2.82822     94.185    33.7407    26.3383 0.0000e+00
 173.613389     96.000  34.758015     7.6399    2.82956     95.177    33.7425    26.3400 0.0000e+00
 173.613409     97.000  34.756661     7.6373    2.82884     96.168    33.7431    26.3408 0.0000e+00
 173.613436     98.000  34.756853     7.6383    2.82475     97.159    33.7418    26.3396 0.0000e+00
