data/oxygen options/OCNMS/OCNMS2/raw_data/2005/CTD_CE70_052505faed.cnv
* Sea-Bird SBE19 Data File:
* FileName = C:\Documents and Settings\kirner.PTANGELES\Desktop\hypoxia CTD data\CE70__052505.hex
* Software Version 1.1.5
* Temperature SN = 2997
* Conductivity SN = 2997
* System UpLoad Time = May 25 2005 18:04:12
* SEACAT PROFILER V3.1c SN 2997   05/25/05  18:02:04.313
* strain gauge pressure sensor: S/N = 184829,  range = 3000 psia,  tc = 40
# nquan = 9                                 
# nvalues = 766                         
# units = specified
# name 0 = timeJ: Julian Days
# name 1 = prSM: Pressure, Strain Gauge [db]
# name 2 = c0mS/cm: Conductivity [mS/cm]
# name 3 = t090C: Temperature [ITS-90, deg C]
# name 4 = oxML/L: Oxygen, Beckman/YSI [ml/l]
# name 5 = depSM: Depth [salt water, m], lat = 47.5
# name 6 = sal00: Salinity, Practical [PSU]
# name 7 = sigma-é00: Density [sigma-theta, kg/m^3]
# name 8 = flag: flag
# span 0 = 145.550845, 145.555272       
# span 1 =     -3.461,     71.576       
# span 2 =   0.825614,  36.557491       
# span 3 =     8.0054,    14.7174       
# span 4 =  -13.87841,   26.37923       
# span 5 =     -3.432,     70.966       
# span 6 =     0.5431,    33.7481       
# span 7 =    -0.3543,    26.2868       
# span 8 = 0.0000e+00, 0.0000e+00       
# interval = seconds: 0.5
# start_time = May 25 2005 13:13:13 [Instrument's time stamp, header]
# bad_flag = -9.990e-29
*END*
[from data line 641]
 145.554554     37.077  35.985067    11.4482    5.86075     36.764    31.5622    24.0214 0.0000e+00
 145.554560     36.617  36.022369    11.4671    5.86335     36.308    31.5826    24.0339 0.0000e+00
 145.554566     36.166  36.032065    11.4608    5.89786     35.861    31.5976    24.0466 0.0000e+00
 145.554572     35.716  36.027100    11.4537    5.93637     35.415    31.5990    24.0490 0.0000e+00
 145.554578     35.261  36.025529    11.4508    5.98245     34.964    31.6001    24.0504 0.0000e+00
 145.554583     34.798  36.025259    11.4564    5.98920     34.505    31.5953    24.0456 0.0000e+00
 145.554589     34.317  36.022571    11.5053    5.96677     34.028    31.5511    24.0025 0.0000e+00
 145.554595     33.815  36.047526    11.6037    5.96252     33.530    31.4919    23.9388 0.0000e+00
 145.554601     33.306  36.111532    11.6981    5.97244     33.025    31.4741    23.9080 0.0000e+00
 145.554606     32.813  36.168742    11.7525    6.02884     32.537    31.4836    23.9054 0.0000e+00
 145.554612     32.343  36.195098    11.7753    6.09850     32.071    31.4899    23.9062 0.0000e+00
 145.554618     31.889  36.206145    11.7848    6.13787     31.620    31.4928    23.9067 0.0000e+00
 145.554624     31.438  36.212700    11.7994    6.16620     31.173    31.4869    23.8995 0.0000e+00
 145.554630     30.978  36.219583    11.8484    6.17078     30.717    31.4523    23.8637 0.0000e+00
 145.554635     30.502  36.236539    11.9476    6.17182     30.245    31.3852    23.7934 0.0000e+00
 145.554641     30.009  36.271601    12.0582    6.16707     29.756    31.3262    23.7273 0.0000e+00
 145.554647     29.506  36.309290    12.1304    6.14997     29.258    31.3020    23.6952 0.0000e+00
 145.554653     29.004  36.328114    12.1616    6.13814     28.760    31.2941    23.6833 0.0000e+00
 145.554659     28.510  36.331894    12.1713    6.12489     28.270    31.2898    23.6782 0.0000e+00
 145.554664     28.027  36.331856    12.1710    6.12209     27.791    31.2902    23.6785 0.0000e+00
 145.554670     27.553  36.331324    12.1664    6.11133     27.321    31.2938    23.6821 0.0000e+00
 145.554676     27.079  36.331276    12.1633    6.10731     26.851    31.2965    23.6848 0.0000e+00
 145.554682     26.597  36.330531    12.1653    6.09850     26.373    31.2943    23.6827 0.0000e+00
 145.554688     26.107  36.328101    12.1694    6.08422     25.887    31.2888    23.6776 0.0000e+00
 145.554693     25.610  36.324116    12.1718    6.07629     25.395    31.2831    23.6728 0.0000e+00
 145.554699     25.115  36.318315    12.1734    6.07601     24.904    31.2764    23.6673 0.0000e+00
 145.554705     24.627  36.311943    12.1758    6.08502     24.420    31.2685    23.6607 0.0000e+00
 145.554711     24.147  36.307726    12.1777    6.08837     23.944    31.2631    23.6562 0.0000e+00
 145.554716     23.672  36.305654    12.1808    6.09063     23.473    31.2587    23.6522 0.0000e+00
 145.554722     23.203  36.304654    12.1887    6.08254     23.008    31.2513    23.6450 0.0000e+00
 145.554728     22.736  36.304521    12.1999    6.07523     22.545    31.2421    23.6357 0.0000e+00
 145.554734     22.271  36.304522    12.2107    6.07583     22.084    31.2332    23.6268 0.0000e+00
 145.554740     21.812  36.304665    12.2183    6.08031     21.629    31.2272    23.6208 0.0000e+00
 145.554745     21.361  36.305150    12.2220    6.08635     21.182    31.2248    23.6182 0.0000e+00
 145.554751     20.905  36.305512    12.2229    6.08215     20.729    31.2245    23.6178 0.0000e+00
 145.554757     20.432  36.305116    12.2241    6.09226     20.260    31.2233    23.6167 0.0000e+00
 145.554763     19.947  36.304002    12.2281    6.09628     19.780    31.2191    23.6126 0.0000e+00
 145.554769     19.454  36.303494    12.2349    6.10242     19.291    31.2132    23.6067 0.0000e+00
 145.554774     18.949  36.304602    12.2458    6.10549     18.790    31.2054    23.5986 0.0000e+00
 145.554780     18.441  36.307690    12.2619    6.09787     18.286    31.1951    23.5877 0.0000e+00
 145.554786     17.939  36.313518    12.2792    6.10562     17.789    31.1865    23.5778 0.0000e+00
 145.554792     17.454  36.321456    12.2897    6.13329     17.308    31.1855    23.5750 0.0000e+00
 145.554797     16.989  36.326959    12.2915    6.16626     16.847    31.1894    23.5777 0.0000e+00
 145.554803     16.537  36.327842    12.2932    6.21443     16.398    31.1890    23.5771 0.0000e+00
 145.554809     16.084  36.329214    12.3099    6.26644     15.949    31.1766    23.5644 0.0000e+00
 145.554815     15.625  36.341320    12.3487    6.31436     15.494    31.1561    23.5412 0.0000e+00
 145.554821     15.160  36.367968    12.3942    6.34312     15.033    31.1439    23.5232 0.0000e+00
 145.554826     14.693  36.397037    12.4274    6.37181     14.570    31.1442    23.5172 0.0000e+00
 145.554832     14.229  36.417395    12.4493    6.42847     14.110    31.1456    23.5142 0.0000e+00
 145.554838     13.768  36.430408    12.4733    6.49889     13.653    31.1383    23.5040 0.0000e+00
 145.554844     13.306  36.442785    12.5033    6.52304     13.195    31.1254    23.4883 0.0000e+00
 145.554850     12.844  36.455896    12.5359    6.50473     12.736    31.1110    23.4710 0.0000e+00
 145.554855     12.379  36.467606    12.5760    6.50717     12.275    31.0892    23.4465 0.0000e+00
 145.554861     11.906  36.477840    12.6288    6.63926     11.806    31.0555    23.4104 0.0000e+00
 145.554867     11.438  36.480627    12.6928    6.74290     11.342    31.0056    23.3597 0.0000e+00
 145.554873     10.988  36.466241    12.7578    6.80278     10.896    30.9389    23.2956 0.0000e+00
 145.554878     10.557  36.428410    12.8148    6.71031     10.469    30.8568    23.2212 0.0000e+00
 145.554884     10.143  36.352037    12.8914    6.53677     10.058    30.7228    23.1029 0.0000e+00
 145.554890      9.750  36.167269    13.0322    6.40402      9.668    30.4362    22.8542 0.0000e+00
 145.554896      9.387  35.753922    13.2162    6.36927      9.308    29.9052    22.4082 0.0000e+00
 145.554902      9.065  35.184336    13.3446    6.40139      8.989    29.2782    21.8991 0.0000e+00
 145.554907      8.789  34.820906    13.3502    6.47116      8.715    28.9388    21.6359 0.0000e+00
 145.554913      8.551  34.895547    13.2866    6.52107      8.479    29.0561    21.7388 0.0000e+00
 145.554919      8.334  35.145672    13.2557    6.54467      8.264    29.3111    21.9416 0.0000e+00
 145.554925      8.126  35.206854    13.2857    6.53775      8.058    29.3446    21.9617 0.0000e+00
 145.554931      7.918  35.062000    13.3525    6.48304      7.852    29.1597    21.8060 0.0000e+00
 145.554936      7.704  34.825182    13.4432    6.40553      7.640    28.8727    21.5669 0.0000e+00
 145.554942      7.480  34.535507    13.5513    6.35613      7.417    28.5259    21.2784 0.0000e+00
 145.554948      7.248  34.203629    13.6560    6.33715      7.187    28.1454    20.9645 0.0000e+00
 145.554954      7.015  33.903865    13.7304    6.33784      6.956    27.8183    20.6978 0.0000e+00
 145.554959      6.780  33.718580    13.7677    6.33275      6.723    27.6233    20.5402 0.0000e+00
 145.554965      6.535  33.635589    13.7815    6.31555      6.480    27.5382    20.4719 0.0000e+00
 145.554971      6.278  33.598057    13.7910    6.30742      6.226    27.4974    20.4387 0.0000e+00
 145.554977      6.014  33.567159    13.8053    6.28746      5.964    27.4593    20.4065 0.0000e+00
 145.554983      5.751  33.535328    13.8185    6.28636      5.703    27.4212    20.3745 0.0000e+00
 145.554988      5.495  33.513371    13.8251    6.27404      5.449    27.3967    20.3544 0.0000e+00
 145.554994      5.242  33.506207    13.8279    6.24073      5.198    27.3883    20.3474 0.0000e+00
 145.555000      4.988  33.502050    13.8373    6.21399      4.946    27.3779    20.3375 0.0000e+00
 145.555006      4.735  33.490317    13.8607    6.26503      4.695    27.3508    20.3120 0.0000e+00
 145.555012      4.484  33.471621    13.8912    6.36924      4.447    27.3123    20.2764 0.0000e+00
 145.555017      4.235  33.456908    13.9241    6.42939      4.200    27.2758    20.2419 0.0000e+00
 145.555023      3.990  33.452349    13.9783    6.41798      3.957    27.2334    20.1987 0.0000e+00
 145.555029      3.751  33.458039    14.0722    6.33728      3.720    27.1724    20.1333 0.0000e+00
 145.555035      3.519  33.479893    14.1924    6.25857      3.490    27.1077    20.0598 0.0000e+00
 145.555041      3.292  33.521857    14.3173    6.12884      3.264    27.0579    19.9967 0.0000e+00
 145.555046      3.064  33.573805    14.4250    5.97436      3.038    27.0293    19.9533 0.0000e+00
 145.555052      2.839  33.619835    14.4893    5.81166      2.815    27.0256    19.9376 0.0000e+00
 145.555058      2.627  33.647888    14.5087    5.69437      2.605    27.0371    19.9425 0.0000e+00
 145.555064      2.431  33.654458    14.5274    5.62591      2.411    27.0300    19.9333 0.0000e+00
 145.555069      2.253  33.664008    14.5735    5.69064      2.234    27.0065    19.9060 0.0000e+00
 145.555075      2.098  33.693194    14.6099    5.86230      2.080    27.0072    19.8992 0.0000e+00
 145.555081      1.969  33.707512    14.6104    6.93310      1.953    27.0196    19.9087 -9.990e-29
 145.555087      1.862  33.690755    14.5868    7.21455      1.846    27.0212    19.9146 -9.990e-29
 145.555093      1.770  33.663745    14.5475    7.36949      1.755    27.0245    19.9251 -9.990e-29
 145.555098      1.692  33.633622    14.4974    7.46586      1.678    27.0326    19.9413 -9.990e-29
 145.555104      1.631  33.596648    14.4447    7.48523      1.617    27.0364    19.9547 -9.990e-29
 145.555110      1.584  33.543310    14.3934    7.46497      1.571    27.0246    19.9559 -9.990e-29
 145.555116      1.542  33.437790    14.3413    7.43975      1.529    26.9667    19.9217 -9.990e-29
 145.555122      1.509  33.165168    14.2908    7.41679      1.496    26.7584    19.7714 -9.990e-29
 145.555127      1.485  32.375953    14.2476    7.39271      1.473    26.0841    19.2610 -9.990e-29
 145.555133      1.470  30.028497    14.2155   -5.55710      1.458    24.0241    17.6826 -9.990e-29
 145.555139      1.457  23.384001    14.1967  -12.88573      1.445    18.2620    13.2587 -9.990e-29
 145.555145      1.443  13.554452    14.1885  -13.87841      1.431    10.0897     6.9881 -9.990e-29
 145.555150      1.430   6.837203    14.1852  -10.19902      1.418     4.8291     2.9477 -9.990e-29
 145.555156      1.422   4.442031    14.1834   -1.82478      1.410     3.0469     1.5760 -9.990e-29
 145.555162      1.419   3.458859    14.1819   -0.27524      1.407     2.3356     1.0278 -9.990e-29
 145.555168      1.419   2.846201    14.1799   -0.17852      1.407     1.8998     0.6918 -9.990e-29
 145.555174      1.419   2.394788    14.1776   -0.13845      1.407     1.5830     0.4475 -9.990e-29
 145.555179      1.415   2.055203    14.1756   -0.12513      1.403     1.3473     0.2656 -9.990e-29
 145.555185      1.411   1.865402    14.1736   -0.12294      1.399     1.2167     0.1649 -9.990e-29
 145.555191      1.411   1.827646    14.1713   -0.11852      1.399     1.1909     0.1453 -9.990e-29
 145.555197      1.414   1.883823    14.1691   -0.11855      1.402     1.2295     0.1755 -9.990e-29
 145.555203      1.420   1.906247    14.1675   -0.11859      1.408     1.2450     0.1876 -9.990e-29
 145.555208      1.427   1.775506    14.1659   -0.11862      1.415     1.1553     0.1186 -9.990e-29
 145.555214      1.430   1.550941    14.1639   -0.11863      1.418     1.0024     0.0005 -9.990e-29
 145.555220      1.429   1.356021    14.1616 -9.990e-29      1.417     0.8708    -0.1010 -9.990e-29
 145.555226      1.425   1.229380    14.1599 -9.990e-29      1.413     0.7859    -0.1665 -9.990e-29
 145.555231      1.421   1.164172    14.1589 -9.990e-29      1.409     0.7424    -0.2001 -9.990e-29
 145.555237      1.421   1.130595    14.1581 -9.990e-29      1.409     0.7200    -0.2173 -9.990e-29
 145.555243      1.421   1.091092    14.1572 -9.990e-29      1.409     0.6938    -0.2375 -9.990e-29
 145.555249      1.417   1.035152    14.1560 -9.990e-29      1.405     0.6567    -0.2660 -9.990e-29
 145.555255      1.413   0.974175    14.1548 -9.990e-29      1.401     0.6164    -0.2971 -9.990e-29
 145.555260      1.412   0.915055    14.1536 -9.990e-29      1.400     0.5775    -0.3271 -9.990e-29
 145.555266      1.411   0.862724    14.1530 -9.990e-29      1.399     0.5431    -0.3536 -9.990e-29
 145.555272      1.409   0.825614 -9.990e-29 -9.990e-29      1.397 -9.990e-29 -9.990e-29 -9.990e-29
