data/oxygen options/OCNMS/OCNMS2/raw_data/2005/CTD_CA45_070705faed.cnv
* Sea-Bird SBE19 Data File:
* FileName = C:\Hypoxia Data\CA45_070705.hex
* Software Version 1.1.6
* Temperature SN = 2997
* Conductivity SN = 2997
* System UpLoad Time = Jul 07 2005 14:50:26
* SEACAT PROFILER V3.1c SN 2997   07/07/05  14:49:50.053
* strain gauge pressure sensor: S/N = 184829,  range = 3000 psia,  tc = 40
# nquan = 9                                 
# nvalues = 564                         
# units = specified
# name 0 = timeJ: Julian Days
# name 1 = prSM: Pressure, Strain Gauge [db]
# name 2 = c0mS/cm: Conductivity [mS/cm]
# name 3 = t090C: Temperature [ITS-90, deg C]
# name 4 = oxML/L: Oxygen, Beckman/YSI [ml/l]
# name 5 = depSM: Depth [salt water, m], lat = 47.5
# name 6 = sal00: Salinity, Practical [PSU]
# name 7 = sigma-é00: Density [sigma-theta, kg/m^3]
# name 8 = flag: flag
# span 0 = 188.581493, 188.584751       
# span 1 =      0.868,     46.216       
# span 2 =   5.288934,  38.568157       
# span 3 =     8.1555,    15.4727       
# span 4 =   -0.09805,   25.46152       
# span 5 =      0.861,     45.825       
# span 6 =     3.5533,    33.2962       
# span 7 =     1.7669,    25.9132       
# span 8 = 0.0000e+00, 0.0000e+00       
# interval = seconds: 0.5
# start_time = Jul 07 2005 13:57:21 [Instrument's time stamp, header]
# bad_flag = -9.990e-29
*END*
[from data line 481]
 188.584277     39.840  34.764922     8.1773    3.68213     39.504    33.2611    25.8828 0.0000e+00
 188.584282     39.421  34.765484     8.2058    3.64375     39.088    33.2349    25.8580 0.0000e+00
 188.584288     38.976  34.768686     8.2586    3.61137     38.647    33.1886    25.8138 0.0000e+00
 188.584294     38.506  34.774300     8.3229    3.59242     38.181    33.1341    25.7615 0.0000e+00
 188.584300     38.016  34.779901     8.3777    3.58788     37.695    33.0886    25.7176 0.0000e+00
 188.584306     37.512  34.784552     8.4093    3.60070     37.196    33.0641    25.6936 0.0000e+00
 188.584311     37.007  34.788483     8.4213    3.60774     36.695    33.0572    25.6864 0.0000e+00
 188.584317     36.501  34.791341     8.4286    3.59843     36.193    33.0536    25.6825 0.0000e+00
 188.584323     35.993  34.793205     8.4460    3.57158     35.689    33.0395    25.6688 0.0000e+00
 188.584329     35.489  34.795442     8.4812    3.57056     35.190    33.0091    25.6397 0.0000e+00
 188.584334     34.994  34.799916     8.5225    3.57930     34.699    32.9754    25.6070 0.0000e+00
 188.584340     34.512  34.805869     8.5507    3.60254     34.221    32.9556    25.5872 0.0000e+00
 188.584346     34.042  34.810035     8.5613    3.62079     33.755    32.9503    25.5814 0.0000e+00
 188.584352     33.579  34.811813     8.5659    3.63810     33.296    32.9480    25.5790 0.0000e+00
 188.584358     33.121  34.813022     8.5837    3.64849     32.842    32.9329    25.5644 0.0000e+00
 188.584363     32.658  34.815835     8.6262    3.67280     32.383    32.8965    25.5294 0.0000e+00
 188.584369     32.183  34.822321     8.6909    3.70520     31.912    32.8434    25.4779 0.0000e+00
 188.584375     31.696  34.833843     8.7634    3.73706     31.429    32.7884    25.4238 0.0000e+00
 188.584381     31.205  34.847836     8.8205    3.77531     30.942    32.7505    25.3853 0.0000e+00
 188.584387     30.715  34.858307     8.8541    3.79985     30.456    32.7306    25.3645 0.0000e+00
 188.584392     30.222  34.864659     8.8759    3.83345     29.968    32.7173    25.3508 0.0000e+00
 188.584398     29.716  34.870328     8.9065    3.86960     29.466    32.6953    25.3288 0.0000e+00
 188.584404     29.195  34.880073     8.9593    3.90744     28.949    32.6571    25.2907 0.0000e+00
 188.584410     28.663  34.899044     9.0205    3.93881     28.422    32.6208    25.2528 0.0000e+00
 188.584416     28.130  34.922831     9.0679    3.94325     27.893    32.6023    25.2309 0.0000e+00
 188.584421     27.609  34.941122     9.0954    3.94291     27.377    32.5963    25.2219 0.0000e+00
 188.584427     27.114  34.951974     9.1080    3.93542     26.886    32.5963    25.2199 0.0000e+00
 188.584433     26.642  34.958094     9.1119    3.93089     26.418    32.5993    25.2216 0.0000e+00
 188.584439     26.186  34.960361     9.1126    3.92763     25.966    32.6012    25.2230 0.0000e+00
 188.584444     25.737  34.960679     9.1130    3.92402     25.521    32.6013    25.2230 0.0000e+00
 188.584450     25.280  34.960593     9.1178    3.92955     25.067    32.5971    25.2189 0.0000e+00
 188.584456     24.804  34.962233     9.1325    3.93586     24.596    32.5855    25.2076 0.0000e+00
 188.584462     24.306  34.968906     9.1550    3.95007     24.102    32.5721    25.1936 0.0000e+00
 188.584468     23.796  34.979424     9.1775    3.99070     23.596    32.5626    25.1826 0.0000e+00
 188.584473     23.282  34.989876     9.1953    4.04544     23.086    32.5574    25.1757 0.0000e+00
 188.584479     22.770  34.997388     9.2135    4.12903     22.579    32.5488    25.1661 0.0000e+00
 188.584485     22.262  35.004134     9.2444    4.23621     22.075    32.5278    25.1448 0.0000e+00
 188.584491     21.760  35.016874     9.2919    4.36118     21.577    32.4979    25.1139 0.0000e+00
 188.584497     21.262  35.037461     9.3552    4.52871     21.083    32.4618    25.0757 0.0000e+00
 188.584502     20.762  35.069807     9.4578    4.71093     20.588    32.4023    25.0128 0.0000e+00
 188.584508     20.258  35.135745     9.6254    4.88669     20.088    32.3189    24.9206 0.0000e+00
 188.584514     19.752  35.261540     9.8100    5.02264     19.586    32.2816    24.8615 0.0000e+00
 188.584520     19.245  35.404148     9.9300    5.09240     19.083    32.3191    24.8711 0.0000e+00
 188.584525     18.741  35.481854     9.9798    5.10625     18.584    32.3535    24.8897 0.0000e+00
 188.584531     18.236  35.503007    10.0127    5.12529     18.083    32.3457    24.8782 0.0000e+00
 188.584537     17.720  35.519376    10.0781    5.12818     17.571    32.3040    24.8348 0.0000e+00
 188.584543     17.186  35.562882    10.1864    5.16339     17.042    32.2516    24.7759 0.0000e+00
 188.584549     16.642  35.650607    10.3011    5.20465     16.502    32.2381    24.7461 0.0000e+00
 188.584554     16.106  35.754888    10.3846    5.26847     15.971    32.2689    24.7560 0.0000e+00
 188.584560     15.585  35.836510    10.4356    5.39339     15.454    32.3057    24.7760 0.0000e+00
 188.584566     15.077  35.892759    10.4815    5.52142     14.951    32.3215    24.7805 0.0000e+00
 188.584572     14.574  35.942584    10.5578    5.67116     14.452    32.3039    24.7537 0.0000e+00
 188.584578     14.072  36.019906    10.6660    5.82097     13.954    32.2855    24.7208 0.0000e+00
 188.584583     13.562  36.124664    10.8075    5.99199     13.448    32.2649    24.6803 0.0000e+00
 188.584589     13.038  36.237879    11.0147    6.14710     12.929    32.1951    24.5898 0.0000e+00
 188.584595     12.502  36.385493    11.2438    6.25586     12.397    32.1404    24.5067 0.0000e+00
 188.584601     11.958  36.536701    11.4133    6.34316     11.858    32.1412    24.4770 0.0000e+00
 188.584606     11.405  36.632988    11.5263    6.36522     11.310    32.1373    24.4536 0.0000e+00
 188.584612     10.846  36.694008    11.6267    6.44686     10.755    32.1099    24.4141 0.0000e+00
 188.584618     10.289  36.755729    11.7226    6.53977     10.203    32.0872    24.3790 0.0000e+00
 188.584624      9.740  36.815792    11.8085    6.71190      9.658    32.0715    24.3511 0.0000e+00
 188.584630      9.204  36.867386    11.8933    6.93598      9.127    32.0486    24.3177 0.0000e+00
 188.584635      8.680  36.917640    11.9789    7.20931      8.607    32.0238    24.2826 0.0000e+00
 188.584641      8.170  36.956192    12.0816    7.45328      8.102    31.9731    24.2242 0.0000e+00
 188.584647      7.670  36.995769    12.2270    7.72588      7.606    31.8871    24.1304 0.0000e+00
 188.584653      7.175  37.073453    12.4391    9.25370      7.115    31.7815    24.0086 0.0000e+00
 188.584659      6.683  37.207041    12.7104    9.77579      6.627    31.6799    23.8782 0.0000e+00
 188.584664      6.197  37.384011    12.9560   10.17067      6.145    31.6415    23.8011 0.0000e+00
 188.584670      5.724  37.538659    13.1160    8.82267      5.676    31.6534    23.7792 0.0000e+00
 188.584676      5.273  37.626566    13.2119    8.44767      5.229    31.6561    23.7624 0.0000e+00
 188.584682      4.840  37.653393    13.2988    8.77251      4.800    31.6091    23.7089 0.0000e+00
 188.584688      4.420  37.618480    13.4727    8.57295      4.383    31.4329    23.5383 0.0000e+00
 188.584693      4.016  37.490990    13.7487    7.99424      3.982    31.0895    23.2180 0.0000e+00
 188.584699      3.640  36.960731    13.9867 -9.990e-29      3.610    30.4122    22.6474 0.0000e+00
 188.584705      3.311  34.948322    14.0986 -9.990e-29      3.283    28.4970    21.1484 0.0000e+00
 188.584711      3.043  28.507583    14.1190 -9.990e-29      3.018    22.7433    16.7161 0.0000e+00
 188.584716      2.834  18.540802    14.0897 -9.990e-29      2.810    14.2134    10.1695 0.0000e+00
 188.584722      2.678  12.262883    14.0101 -9.990e-29      2.656     9.0953     6.2535 -9.990e-29
 188.584728      2.563  14.254776    13.8773 -9.990e-29      2.542    10.7413     7.5389 -9.990e-29
 188.584734      2.481  21.233691    13.7362 -9.990e-29      2.460    16.6306    12.0866 -9.990e-29
 188.584740      2.429  23.878728    13.6327 -9.990e-29      2.409    18.9602    13.8955 -9.990e-29
 188.584745      2.398  18.759184    13.5932 -9.990e-29      2.378    14.5822    10.5364 -9.990e-29
 188.584751      2.387  12.401355 -9.990e-29 -9.990e-29      2.367 -9.990e-29 -9.990e-29 -9.990e-29
