data/oxygen options/OCNMS/OCNMS2/raw_data/2005/CTD_CE20_052505faed.cnv
* Sea-Bird SBE19 Data File:
* FileName = C:\Documents and Settings\kirner.PTANGELES\Desktop\hypoxia CTD data\CE20.hex
* Software Version 1.1.5
* Temperature SN = 2997
* Conductivity SN = 2997
* System UpLoad Time = May 25 2005 18:12:03
* SEACAT PROFILER V3.1c SN 2997   05/25/05  18:11:17.400
* strain gauge pressure sensor: S/N = 184829,  range = 3000 psia,  tc = 40
# nquan = 9                                 
# nvalues = 755                         
# units = specified
# name 0 = timeJ: Julian Days
# name 1 = prSM: Pressure, Strain Gauge [db]
# name 2 = c0mS/cm: Conductivity [mS/cm]
# name 3 = t090C: Temperature [ITS-90, deg C]
# name 4 = oxML/L: Oxygen, Beckman/YSI [ml/l]
# name 5 = depSM: Depth [salt water, m], lat = 47.5
# name 6 = sal00: Salinity, Practical [PSU]
# name 7 = sigma-é00: Density [sigma-theta, kg/m^3]
# name 8 = flag: flag
# span 0 = 145.686701, 145.691065       
# span 1 =     -4.249,     16.698       
# span 2 =   0.373203,  36.253518       
# span 3 =    11.8058,    16.1367       
# span 4 =   -0.09836,   24.02700       
# span 5 =     -4.214,     16.558       
# span 6 =     0.2180,    31.4786       
# span 7 =    -0.9077,    23.8915       
# span 8 = 0.0000e+00, 0.0000e+00       
# interval = seconds: 0.5
# start_time = May 25 2005 16:28:51 [Instrument's time stamp, header]
# bad_flag = -9.990e-29
*END*
 145.686701     -4.249 -9.990e-29    16.1367   -0.09796     -4.214 -9.990e-29 -9.990e-29 -9.990e-29
 145.686707     -4.200   0.373203    16.1260   -0.09810     -4.165     0.2180    -0.9077 -9.990e-29
 145.686713     -4.141   1.059440    16.0936   -0.09817     -4.106     0.6412    -0.5759 -9.990e-29
 145.686719     -4.073   2.455369    16.0297   -0.09820     -4.039     1.5515     0.1351 -9.990e-29
 145.686725     -3.987   5.356781    15.9406   -0.09822     -3.954     3.5588     1.6903 -9.990e-29
 145.686730     -3.882  10.962081    15.8266   -0.09818     -3.850     7.6950     4.8755 -9.990e-29
 145.686736     -3.768  18.888653    15.6863   -0.09828     -3.737    13.9271     9.6644 -9.990e-29
 145.686742     -3.647  26.528412    15.5366   -0.09831     -3.617    20.2677    14.5431 -9.990e-29
 145.686748     -3.520  31.265309    15.4013   -0.09827     -3.491    24.3691    17.7127 -9.990e-29
 145.686753     -3.395  33.167518    15.3030   -0.09827     -3.367    26.0773    19.0434 -9.990e-29
 145.686759     -3.277  33.782335    15.2459   -0.09831     -3.250    26.6513    19.4958 -9.990e-29
 145.686765     -3.168  33.932309    15.2144   -0.09832     -3.142    26.8037    19.6194 -9.990e-29
 145.686771     -3.064  33.918848    15.1959   -0.09831     -3.038    26.8046    19.6238 -9.990e-29
 145.686777     -2.960  33.884303    15.1827   -0.09835     -2.935    26.7833    19.6102 -9.990e-29
 145.686782     -2.856  33.871175    15.1698   -0.09836     -2.832    26.7806    19.6108 -9.990e-29
 145.686788     -2.764  33.887193    15.1580   -0.09836     -2.741    26.8026    19.6302 -9.990e-29
 145.686794     -2.691  33.905526    15.1492   -0.09835     -2.669    26.8247    19.6489 -9.990e-29
 145.686800     -2.635  33.893459    15.1432   -0.09835     -2.613    26.8182    19.6452 -9.990e-29
 145.686806     -2.590  33.884235    15.1406   -0.09828     -2.568    26.8119    19.6409 -9.990e-29
 145.686811     -2.552  33.898634    15.1402   -0.09822     -2.531    26.8247    19.6508 -9.990e-29
 145.686817     -2.523  33.896459    15.1379   -0.09824     -2.502    26.8244    19.6510 -9.990e-29
 145.686823     -2.498  33.869780    15.1330   -0.09828     -2.477    26.8044    19.6367 -9.990e-29
 145.686829     -2.473  33.855897    15.1298   -0.09829     -2.452    26.7944    19.6297 -9.990e-29
 145.686834     -2.458  33.857049    15.1312   -0.09824     -2.438    26.7944    19.6294 -9.990e-29
 145.686840     -2.450  33.842839    15.1359   -0.09821     -2.430    26.7788    19.6164 -9.990e-29
 145.686846     -2.440  33.815629    15.1415   -0.09818     -2.420    26.7511    19.5940 -9.990e-29
 145.686852     -2.420  33.795758    15.1490   -0.09815     -2.400    26.7286    19.5752 -9.990e-29
 145.686858     -2.383  33.789251    15.1593   -0.09822     -2.363    26.7159    19.5633 -9.990e-29
 145.686863     -2.336  33.799775    15.1685   -0.09824     -2.317    26.7188    19.5637 -9.990e-29
 145.686869     -2.294  33.829609    15.1727   -0.09821     -2.275    26.7420    19.5806 -9.990e-29
 145.686875     -2.261  33.852971    15.1726   -0.09819     -2.242    26.7626    19.5964 -9.990e-29
 145.686881     -2.232  33.845541    15.1738   -0.09819     -2.213    26.7552    19.5905 -9.990e-29
 145.686887     -2.200  33.828253    15.1780   -0.09821     -2.182    26.7372    19.5758 -9.990e-29
 145.686892     -2.167  33.827947    15.1842   -0.09824     -2.149    26.7327    19.5711 -9.990e-29
 145.686898     -2.141  33.850955    15.1930   -0.09823     -2.123    26.7469    19.5801 -9.990e-29
 145.686904     -2.123  33.876965    15.1982   -0.09824     -2.105    26.7661    19.5938 -9.990e-29
 145.686910     -2.109  33.879022    15.1954   -0.09825     -2.091    26.7698    19.5972 -9.990e-29
 145.686916     -2.088  33.862128    15.1911   -0.09827     -2.071    26.7579    19.5890 -9.990e-29
 145.686921     -2.061  33.846365    15.1897   -0.09825     -2.044    26.7451    19.5795 -9.990e-29
 145.686927     -2.032  33.848839    15.1910   -0.09823     -2.015    26.7463    19.5802 -9.990e-29
 145.686933     -2.005  33.868376    15.1928   -0.09824     -1.988    26.7622    19.5920 -9.990e-29
 145.686939     -1.978  33.878356    15.1913   -0.09825     -1.962    26.7719    19.5998 -9.990e-29
 145.686944     -1.950  33.866319    15.1864   -0.09824     -1.934    26.7647    19.5952 -9.990e-29
 145.686950     -1.923  33.849856    15.1816   -0.09822     -1.907    26.7536    19.5877 -9.990e-29
 145.686956     -1.899  33.846259    15.1789   -0.09822     -1.883    26.7523    19.5872 -9.990e-29
 145.686962     -1.876  33.850746    15.1772   -0.09823     -1.860    26.7573    19.5915 -9.990e-29
 145.686968     -1.854  33.847454    15.1750   -0.09825     -1.839    26.7560    19.5909 -9.990e-29
 145.686973     -1.827  33.838172    15.1733   -0.09826     -1.812    26.7490    19.5859 -9.990e-29
 145.686979     -1.798  33.841361    15.1741   -0.09819     -1.783    26.7512    19.5874 -9.990e-29
 145.686985     -1.776  33.860165    15.1769   -0.09820     -1.761    26.7658    19.5980 -9.990e-29
 145.686991     -1.761  33.872031    15.1788   -0.09822     -1.746    26.7748    19.6046 -9.990e-29
 145.686997     -1.748  33.865331    15.1793   -0.09822     -1.733    26.7686    19.5997 -9.990e-29
 145.687002     -1.732  33.858047    15.1802   -0.09821     -1.718    26.7616    19.5942 -9.990e-29
 145.687008     -1.707  33.864022    15.1819   -0.09815     -1.693    26.7657    19.5969 -9.990e-29
 145.687014     -1.676  33.872178    15.1810   -0.09812     -1.662    26.7734    19.6031 -9.990e-29
 145.687020     -1.641  33.869865    15.1773   -0.09816     -1.627    26.7739    19.6042 -9.990e-29
 145.687025     -1.604  33.866904    15.1799   -0.09815     -1.591    26.7696    19.6003 -9.990e-29
 145.687031     -1.572  33.873931    15.1904   -0.09810     -1.559    26.7685    19.5974 -9.990e-29
 145.687037     -1.550  33.879029    15.1980   -0.09808     -1.537    26.7678    19.5952 -9.990e-29
 145.687043     -1.539  33.869953    15.2004   -0.09807     -1.526    26.7582    19.5874 -9.990e-29
 145.687049     -1.523  33.851992    15.2016   -0.09806     -1.510    26.7417    19.5744 -9.990e-29
 145.687054     -1.498  33.839324    15.2060   -0.09809     -1.486    26.7276    19.5627 -9.990e-29
 145.687060     -1.471  33.843652    15.2160   -0.09813     -1.459    26.7246    19.5583 -9.990e-29
 145.687066     -1.449  33.858990    15.2240   -0.09815     -1.437    26.7326    19.5628 -9.990e-29
 145.687072     -1.433  33.867133    15.2270   -0.09812     -1.421    26.7376    19.5661 -9.990e-29
 145.687078     -1.420  33.863819    15.2323   -0.09805     -1.408    26.7311    19.5600 -9.990e-29
 145.687083     -1.404  33.857536    15.2406   -0.09803     -1.392    26.7200    19.5497 -9.990e-29
 145.687089     -1.384  33.858413    15.2476   -0.09805     -1.372    26.7160    19.5452 -9.990e-29
 145.687095     -1.359  33.870996    15.2528   -0.09806     -1.348    26.7234    19.5498 -9.990e-29
 145.687101     -1.331  33.883497    15.2542   -0.09807     -1.320    26.7334    19.5572 -9.990e-29
 145.687106     -1.304  33.884576    15.2490   -0.09802     -1.293    26.7379    19.5617 -9.990e-29
 145.687112     -1.270  33.877926    15.2398   -0.09798     -1.259    26.7383    19.5639 -9.990e-29
 145.687118     -1.227  33.872629    15.2351   -0.09800     -1.217    26.7369    19.5638 -9.990e-29
 145.687124     -1.187  33.877327    15.2421   -0.09805     -1.177    26.7362    19.5618 -9.990e-29
 145.687130     -1.158  33.889326    15.2559   -0.09809     -1.148    26.7373    19.5598 -9.990e-29
 145.687135     -1.140  33.895492    15.2647   -0.09808     -1.130    26.7367    19.5575 -9.990e-29
 145.687141     -1.123  33.893414    15.2656   -0.09802     -1.114    26.7342    19.5555 -9.990e-29
 145.687147     -1.100  33.890426    15.2638   -0.09797     -1.091    26.7329    19.5548 -9.990e-29
 145.687153     -1.076  33.890966    15.2658   -0.09796     -1.067    26.7320    19.5537 -9.990e-29
 145.687159     -1.057  33.896328    15.2746   13.57312     -1.048    26.7307    19.5509 -9.990e-29
 145.687164     -1.041  33.903023    15.2831   22.70519     -1.032    26.7307    19.5491 -9.990e-29
 145.687170     -1.020  33.903739    15.2814   24.02700     -1.011    26.7325    19.5509 -9.990e-29
 145.687176     -0.987  33.897766    15.2706   21.07268     -0.979    26.7346    19.5547 -9.990e-29
 145.687182     -0.946  33.892288    15.2615   13.68070     -0.938    26.7360    19.5577 -9.990e-29
 145.687187     -0.905  33.894022    15.2638   10.96731     -0.897    26.7359    19.5572 -9.990e-29
 145.687193     -0.876  33.902489    15.2769   11.00211     -0.869    26.7344    19.5533 -9.990e-29
 145.687199     -0.860  33.909933    15.2904   10.99870     -0.853    26.7317    19.5484 -9.990e-29
 145.687205     -0.853  33.911161    15.2953   11.03226     -0.846    26.7295    19.5457 -9.990e-29
 145.687211     -0.845  33.905025    15.2884   11.05811     -0.838    26.7288    19.5466 -9.990e-29
 145.687216     -0.832  33.888964    15.2722   11.08835     -0.825    26.7258    19.5476 -9.990e-29
 145.687222     -0.812  33.866239    15.2568   11.12270     -0.805    26.7164    19.5436 -9.990e-29
 145.687228     -0.789  33.848592    15.2525   11.14905     -0.782    26.7039    19.5349 -9.990e-29
 145.687234     -0.770  33.844451    15.2616   11.16633     -0.764    26.6941    19.5255 -9.990e-29
 145.687240     -0.759  33.853346    15.2780   11.17592     -0.753    26.6907    19.5195 -9.990e-29
 145.687245     -0.744  33.867534    15.2937   10.94447     -0.738    26.6925    19.5176 -9.990e-29
 145.687251     -0.718  33.879048    15.3021    7.87440     -0.712    26.6968    19.5192 -9.990e-29
 145.687257     -0.687  33.884200    15.3030    5.23740     -0.681    26.7007    19.5220 -9.990e-29
 145.687263     -0.658  33.883713    15.3013    3.90935     -0.653    26.7014    19.5229 -9.990e-29
 145.687269     -0.628  33.883116    15.2933    3.89937     -0.623    26.7063    19.5283 -9.990e-29
 145.687274     -0.601  33.878824    15.2780    5.18662     -0.596    26.7129    19.5366 -9.990e-29
 145.687280     -0.579  33.866806    15.2679    5.93875     -0.574    26.7093    19.5359 -9.990e-29
 145.687286     -0.559  33.859634    15.2723    6.25013     -0.554    26.7000    19.5278 -9.990e-29
 145.687292     -0.546  33.865129    15.2918    6.41074     -0.541    26.6916    19.5173 -9.990e-29
 145.687297     -0.539  33.882781    15.3196    6.51029     -0.535    26.6881    19.5089 -9.990e-29
 145.687303     -0.533  33.906999    15.3388    6.56649     -0.529    26.6962    19.5111 -9.990e-29
 145.687309     -0.526  33.922452    15.3401    6.59715     -0.522    26.7088    19.5205 -9.990e-29
 145.687315     -0.516  33.922861    15.3297    6.61761     -0.512    26.7162    19.5284 -9.990e-29
 145.687321     -0.500  33.914395    15.3177    6.62748     -0.496    26.7170    19.5314 -9.990e-29
 145.687326     -0.483  33.904831    15.3119    6.63588     -0.479    26.7126    19.5293 -9.990e-29
 145.687332     -0.464  33.901043    15.3130    6.63522     -0.460    26.7085    19.5259 -9.990e-29
 145.687338     -0.444  33.903598    15.3175    6.62616     -0.440    26.7077    19.5243 -9.990e-29
 145.687344     -0.428  33.908626    15.3258    6.61832     -0.424    26.7064    19.5217 -9.990e-29
 145.687350     -0.415  33.915561    15.3376    6.62617     -0.412    26.7045    19.5177 -9.990e-29
 145.687355     -0.402  33.924135    15.3474    6.63264     -0.399    26.7053    19.5163 -9.990e-29
 145.687361     -0.390  33.931224    15.3504    6.63502     -0.387    26.7094    19.5188 -9.990e-29
 145.687367     -0.378  33.932845    15.3501    6.61446     -0.375    26.7110    19.5201 -9.990e-29
 145.687373     -0.366  33.932296    15.3557    6.58711     -0.363    26.7068    19.5157 -9.990e-29
 145.687378     -0.351  33.937825    15.3679    6.58614     -0.348    26.7033    19.5105 -9.990e-29
 145.687384     -0.334  33.948410    15.3767    6.59958     -0.331    26.7065    19.5112 -9.990e-29
 145.687390     -0.314  33.954639    15.3738    6.60091     -0.311    26.7139    19.5174 -9.990e-29
 145.687396     -0.293  33.950822    15.3636    6.58626     -0.291    26.7175    19.5223 -9.990e-29
 145.687402     -0.278  33.941972    15.3570    6.56681     -0.276    26.7143    19.5212 -9.990e-29
 145.687407     -0.273  33.936476    15.3575    6.56787     -0.271    26.7091    19.5172 -9.990e-29
 145.687413     -0.273  33.937105    15.3606    6.57669     -0.271    26.7076    19.5153 -9.990e-29
 145.687419     -0.269  33.938545    15.3625    6.58616     -0.267    26.7076    19.5149 -9.990e-29
 145.687425     -0.258  33.934883    15.3598    6.57547     -0.256    26.7062    19.5144 -9.990e-29
 145.687431     -0.243  33.928531    15.3542    6.55715     -0.241    26.7044    19.5142 -9.990e-29
 145.687436     -0.231  33.926721    15.3520    6.54622     -0.229    26.7044    19.5146 -9.990e-29
 145.687442     -0.225  33.929846    15.3525    6.52601     -0.223    26.7067    19.5164 -9.990e-29
 145.687448     -0.222  33.931426    15.3512    6.50573     -0.220    26.7090    19.5184 -9.990e-29
 145.687454     -0.212  33.930208    15.3458    6.49814     -0.210    26.7116    19.5215 -9.990e-29
 145.687459     -0.195  33.926814    15.3355    6.52021     -0.193    26.7156    19.5267 -9.990e-29
 145.687465     -0.174  33.919525    15.3187    6.55197     -0.173    26.7207    19.5341 -9.990e-29
 145.687471     -0.144  33.906470    15.2957    6.56547     -0.143    26.7249    19.5421 -9.990e-29
 145.687477     -0.102  33.887618    15.2769    6.54139     -0.101    26.7212    19.5431 -9.990e-29
 145.687483     -0.058  33.871462    15.2754    6.52278     -0.058    26.7081    19.5334 -9.990e-29
 145.687488     -0.024  33.869523    15.2910    6.50593     -0.024    26.6958    19.5207 -9.990e-29
 145.687494      0.000  33.883138    15.3084    6.49743      0.000    26.6959    19.5172 -9.990e-29
 145.687500      0.019  33.899638    15.3112    6.49585      0.019    26.7083    19.5262 -9.990e-29
 145.687506      0.035  33.902359    15.3002    6.49512      0.035    26.7182    19.5360 -9.990e-29
 145.687512      0.039  33.892136    15.2891    6.49748      0.039    26.7168    19.5372 -9.990e-29
 145.687517      0.036  33.882803    15.2832    6.49880      0.036    26.7127    19.5353 -9.990e-29
 145.687523      0.040  33.878169    15.2801    6.50206      0.040    26.7107    19.5344 -9.990e-29
 145.687529      0.049  33.875421    15.2793    6.50003      0.049    26.7089    19.5332 -9.990e-29
 145.687535      0.061  33.874260    15.2803    6.50361      0.060    26.7072    19.5317 -9.990e-29
 145.687541      0.076  33.874259    15.2815    6.50967      0.075    26.7063    19.5308 -9.990e-29
 145.687546      0.091  33.874861    15.2833    6.51524      0.090    26.7056    19.5299 -9.990e-29
 145.687552      0.103  33.876313    15.2876    6.51369      0.102    26.7040    19.5277 -9.990e-29
 145.687558      0.112  33.879993    15.2955    6.50180      0.111    26.7018    19.5244 -9.990e-29
 145.687564      0.119  33.886327    15.3058    6.47692      0.118    26.7004    19.5212 -9.990e-29
 145.687569      0.124  33.893677    15.3163    6.45270      0.123    26.6997    19.5184 -9.990e-29
 145.687575      0.128  33.900638    15.3222    6.45260      0.127    26.7017    19.5188 -9.990e-29
 145.687581      0.131  33.904167    15.3181    6.46660      0.130    26.7076    19.5242 -9.990e-29
 145.687587      0.137  33.900008    15.2995    6.48512      0.136    26.7166    19.5349 -9.990e-29
 145.687593      0.152  33.884300    15.2738    6.48497      0.151    26.7203    19.5431 -9.990e-29
 145.687598      0.170  33.863006    15.2581    6.47404      0.169    26.7124    19.5403 -9.990e-29
 145.687604      0.187  33.850887    15.2577    6.46457      0.185    26.7021    19.5324 -9.990e-29
 145.687610      0.197  33.851958    15.2636    6.46675      0.195    26.6990    19.5289 -9.990e-29
 145.687616      0.207  33.858678    15.2668    6.46667      0.205    26.7027    19.5310 -9.990e-29
 145.687622      0.216  33.862638    15.2658    6.46744      0.214    26.7068    19.5344 -9.990e-29
