data/oxygen options/OCNMS/OCNMS2/raw_data/2005/CTD_TH35_083105faed.cnv
* Sea-Bird SBE19 Data File:
* FileName = C:\hypoxia CTD data\TH35_083105.hex
* Software Version 1.1.5
* Temperature SN = 2997
* Conductivity SN = 2997
* System UpLoad Time = Aug 31 2005 15:44:44
** Teahwhit Head 083105 35m
* SEACAT PROFILER V3.1c SN 2997   08/31/05  15:40:32.849
# nquan = 9                                 
# nvalues = 556                         
# units = specified
# name 0 = timeJ: Julian Days
# name 1 = prSM: Pressure, Strain Gauge [db]
# name 2 = c0mS/cm: Conductivity [mS/cm]
# name 3 = t090C: Temperature [ITS-90, deg C]
# name 4 = oxML/L: Oxygen, Beckman/YSI [ml/l]
# name 5 = depSM: Depth [salt water, m], lat = 47.5
# name 6 = sal00: Salinity, Practical [PSU]
# name 7 = sigma-é00: Density [sigma-theta, kg/m^3]
# name 8 = flag: flag
# span 0 = 243.444537, 243.447749       
# span 1 =     -3.806,     36.360       
# span 2 =   0.399814,  37.971419       
# span 3 =     7.7168,    13.5403       
# span 4 =   -0.10188,   25.62226       
# span 5 =     -3.774,     36.053       
# span 6 =     0.2490,    33.5510       
# span 7 =    -0.4971,    26.1775       
# span 8 = 0.0000e+00, 0.0000e+00       
# interval = seconds: 0.5
# start_time = Aug 31 2005 10:40:08 [Instrument's time stamp, header]
# bad_flag = -9.990e-29
*END*
[from data line 321]
 243.446395      2.015  37.230924    13.1696    7.54733      1.998    31.3221    23.5124 -9.990e-29
 243.446400      2.023  37.262151    13.1692    7.56311      2.006    31.3517    23.5353 -9.990e-29
 243.446406      2.022  37.261884    13.1705    7.55462      2.005    31.3504    23.5340 -9.990e-29
 243.446412      2.017  37.239868    13.1727    7.53657      2.000    31.3279    23.5163 -9.990e-29
 243.446418      2.011  37.215543    13.1740    7.52706      1.994    31.3041    23.4976 -9.990e-29
 243.446424      2.005  37.214804    13.1736    7.55352      1.988    31.3038    23.4974 -9.990e-29
 243.446429      2.001  37.226020    13.1713    7.58152      1.984    31.3161    23.5074 -9.990e-29
 243.446435      2.005  37.237795    13.1667    7.58721      1.988    31.3310    23.5198 -9.990e-29
 243.446441      2.012  37.272568    13.1626    7.55452      1.995    31.3669    23.5483 -9.990e-29
 243.446447      2.017  37.304370    13.1628    7.52375      2.000    31.3965    23.5712 -9.990e-29
 243.446453      2.022  37.294296    13.1672    7.52092      2.005    31.3834    23.5602 -9.990e-29
 243.446458      2.028  37.239014    13.1714    7.53683      2.011    31.3282    23.5167 -9.990e-29
 243.446464      2.033  37.180900    13.1713    7.54444      2.016    31.2739    23.4748 -9.990e-29
 243.446470      2.039  37.179868    13.1702    7.52599      2.022    31.2739    23.4749 -9.990e-29
 243.446476      2.041  37.196980    13.1739    7.50551      2.024    31.2868    23.4842 -9.990e-29
 243.446481      2.036  37.158046    13.1808    7.49645      2.019    31.2447    23.4503 -9.990e-29
 243.446487      2.031  37.073404    13.1846    7.50940      2.014    31.1625    23.3860 -9.990e-29
 243.446493      2.036  37.017502    13.1823    7.52937      2.019    31.1121    23.3475 -9.990e-29
 243.446499      2.045  37.038061    13.1762    7.53281      2.028    31.1363    23.3674 -9.990e-29
 243.446505      2.056  37.104742    13.1724    7.52809      2.039    31.2018    23.4188 -9.990e-29
 243.446510      2.065  37.144400    13.1740    7.52889      2.048    31.2376    23.4461 -9.990e-29
 243.446516      2.067  37.123558    13.1774    7.52245      2.050    31.2153    23.4282 -9.990e-29
 243.446522      2.068  37.081725    13.1773    7.52925      2.051    31.1762    23.3981 -9.990e-29
 243.446528      2.071  37.074726    13.1733    7.53488      2.054    31.1730    23.3963 -9.990e-29
 243.446534      2.078  37.106135    13.1680    7.53900      2.061    31.2067    23.4234 -9.990e-29
 243.446539      2.088  37.149426    13.1634    7.54472      2.071    31.2510    23.4586 -9.990e-29
 243.446545      2.102  37.197277    13.1627    7.53972      2.084    31.2963    23.4938 -9.990e-29
 243.446551      2.116  37.204706    13.1673    7.53377      2.098    31.2995    23.4953 -9.990e-29
 243.446557      2.123  37.142929    13.1728    7.51069      2.105    31.2371    23.4460 -9.990e-29
 243.446563      2.124  37.078750    13.1745    7.52855      2.106    31.1757    23.3982 -9.990e-29
 243.446568      2.127  37.065115    13.1714    7.55304      2.109    31.1655    23.3909 -9.990e-29
 243.446574      2.136  37.104040    13.1663    7.56560      2.118    31.2061    23.4233 -9.990e-29
 243.446580      2.148  37.167802    13.1634    7.55793      2.130    31.2681    23.4718 -9.990e-29
 243.446586      2.154  37.205161    13.1645    7.52943      2.136    31.3022    23.4979 -9.990e-29
 243.446591      2.152  37.193034    13.1693    7.50440      2.134    31.2869    23.4852 -9.990e-29
 243.446597      2.146  37.139368    13.1776    7.50590      2.128    31.2299    23.4395 -9.990e-29
 243.446603      2.142  37.066827    13.1887    7.49850      2.124    31.1529    23.3778 -9.990e-29
 243.446609      2.146  36.997020    13.1976    7.48798      2.128    31.0804    23.3200 -9.990e-29
 243.446615      2.158  36.965293    13.1999    7.47771      2.140    31.0489    23.2952 -9.990e-29
 243.446620      2.174  36.975333    13.1983    7.48195      2.156    31.0596    23.3038 -9.990e-29
 243.446626      2.187  36.970440    13.1957    7.50589      2.169    31.0572    23.3024 -9.990e-29
 243.446632      2.198  36.959799    13.1926    7.52338      2.180    31.0497    23.2973 -9.990e-29
 243.446638      2.215  36.975774    13.1901    7.52151      2.197    31.0667    23.3109 -9.990e-29
 243.446644      2.239  36.987522    13.1887    7.50207      2.220    31.0788    23.3205 -9.990e-29
 243.446649      2.261  36.969603    13.1895    7.49487      2.242    31.0614    23.3069 -9.990e-29
 243.446655      2.271  36.936845    13.1923    7.49505      2.252    31.0285    23.2809 -9.990e-29
 243.446661      2.280  36.923325    13.1947    7.49569      2.261    31.0139    23.2692 -9.990e-29
 243.446667      2.301  36.932852    13.1966    7.48571      2.282    31.0213    23.2745 -9.990e-29
 243.446672      2.336  36.940912    13.1988    7.45702      2.316    31.0270    23.2785 -9.990e-29
 243.446678      2.377  36.936373    13.2003    7.45320      2.357    31.0215    23.2740 -9.990e-29
 243.446684      2.424  36.918781    13.1998    7.47034      2.404    31.0055    23.2617 -9.990e-29
 243.446690      2.479  36.906168    13.1982    7.49522      2.458    30.9950    23.2539 -9.990e-29
 243.446696      2.545  36.913111    13.1969    7.50043      2.524    31.0025    23.2599 -9.990e-29
 243.446701      2.628  36.921381    13.1964    7.49283      2.606    31.0106    23.2663 -9.990e-29
 243.446707      2.731  36.913399    13.1955    7.48318      2.708    31.0038    23.2612 -9.990e-29
 243.446713      2.863  36.903184    13.1897    7.47893      2.839    30.9990    23.2586 0.0000e+00
 243.446719      3.030  36.940472    13.1723    7.50471      3.005    31.0480    23.2999 0.0000e+00
 243.446725      3.245  37.097965    13.1374    7.54658      3.218    31.2238    23.4426 0.0000e+00
 243.446730      3.515  37.402275    13.0772    7.59413      3.486    31.5586    23.7134 0.0000e+00
 243.446736      3.842  37.722468    12.9791    7.62368      3.810    31.9418    24.0290 0.0000e+00
 243.446742      4.216  37.883714    12.8508    7.62923      4.181    32.2027    24.2558 0.0000e+00
 243.446748      4.627  37.890122    12.7296    7.62505      4.588    32.3121    24.3641 0.0000e+00
 243.446753      5.062  37.846671    12.6354    7.59745      5.020    32.3515    24.4127 0.0000e+00
 243.446759      5.511  37.803072    12.5535    7.57057      5.465    32.3802    24.4507 0.0000e+00
 243.446765      5.972  37.759486    12.4708    7.54477      5.922    32.4097    24.4893 0.0000e+00
 243.446771      6.446  37.712172    12.3912    7.49299      6.392    32.4330    24.5226 0.0000e+00
 243.446777      6.927  37.664201    12.3208    7.41615      6.869    32.4477    24.5474 0.0000e+00
 243.446782      7.412  37.616078    12.2575    7.34872      7.350    32.4562    24.5659 0.0000e+00
 243.446788      7.899  37.568670    12.1931    7.29064      7.833    32.4663    24.5859 0.0000e+00
 243.446794      8.383  37.521555    12.1210    7.23807      8.313    32.4834    24.6127 0.0000e+00
 243.446800      8.861  37.471339    12.0360    7.16043      8.787    32.5087    24.6483 0.0000e+00
 243.446806      9.335  37.413854    11.9294    6.96701      9.257    32.5460    24.6970 0.0000e+00
 243.446811      9.808  37.342533    11.7928    6.66655      9.726    32.5962    24.7613 0.0000e+00
 243.446817     10.281  37.249740    11.6362    6.27698     10.195    32.6433    24.8266 0.0000e+00
 243.446823     10.749  37.144071    11.4782    5.87860     10.659    32.6792    24.8833 0.0000e+00
 243.446829     11.208  37.040493    11.3099    5.49609     11.114    32.7264    24.9505 0.0000e+00
 243.446834     11.649  36.933768    11.0676    5.13346     11.551    32.8367    25.0796 0.0000e+00
 243.446840     12.070  36.772964    10.6882    4.77644     11.969    33.0178    25.2872 0.0000e+00
 243.446846     12.490  36.506260    10.2174    4.44260     12.385    33.1779    25.4929 0.0000e+00
 243.446852     12.922  36.181730     9.7716    4.14601     12.814    33.2578    25.6300 0.0000e+00
 243.446858     13.367  35.886361     9.4246    3.91100     13.255    33.2761    25.7009 0.0000e+00
 243.446863     13.829  35.658508     9.1745    3.71458     13.713    33.2732    25.7388 0.0000e+00
 243.446869     14.308  35.493104     8.9721    3.55177     14.188    33.2903    25.7841 0.0000e+00
 243.446875     14.798  35.354553     8.7751    3.43617     14.674    33.3303    25.8461 0.0000e+00
 243.446881     15.299  35.211125     8.5887    3.34396     15.171    33.3552    25.8943 0.0000e+00
 243.446887     15.806  35.073359     8.4479    3.30370     15.673    33.3428    25.9060 0.0000e+00
 243.446892     16.319  34.975597     8.3537    3.30311     16.182    33.3284    25.9089 0.0000e+00
 243.446898     16.835  34.913576     8.2764    3.31539     16.694    33.3357    25.9262 0.0000e+00
 243.446904     17.354  34.862867     8.2060    3.35727     17.208    33.3485    25.9468 0.0000e+00
 243.446910     17.874  34.823105     8.1432    3.38192     17.724    33.3657    25.9696 0.0000e+00
 243.446916     18.390  34.794507     8.0819    3.39334     18.236    33.3934    26.0004 0.0000e+00
 243.446921     18.896  34.768630     8.0274    3.40582     18.737    33.4175    26.0274 0.0000e+00
 243.446927     19.391  34.746267     7.9901    3.39081     19.228    33.4291    26.0419 0.0000e+00
 243.446933     19.875  34.732893     7.9615    3.40150     19.708    33.4419    26.0562 0.0000e+00
 243.446939     20.363  34.722431     7.9289    3.39929     20.192    33.4617    26.0765 0.0000e+00
 243.446944     20.868  34.707643     7.8966    3.39194     20.693    33.4765    26.0929 0.0000e+00
 243.446950     21.392  34.694024     7.8732    3.39145     21.212    33.4841    26.1022 0.0000e+00
 243.446956     21.936  34.685823     7.8607    3.38341     21.752    33.4871    26.1064 0.0000e+00
 243.446962     22.494  34.682178     7.8591    3.39340     22.305    33.4844    26.1046 0.0000e+00
 243.446968     23.061  34.683820     7.8626    3.37380     22.867    33.4826    26.1026 0.0000e+00
 243.446973     23.632  34.687881     7.8622    3.39511     23.433    33.4871    26.1062 0.0000e+00
 243.446979     24.211  34.689114     7.8593    3.40374     24.008    33.4909    26.1096 0.0000e+00
 243.446985     24.797  34.688594     7.8589    3.39947     24.589    33.4904    26.1093 0.0000e+00
 243.446991     25.382  34.688419     7.8605    3.39827     25.169    33.4884    26.1075 0.0000e+00
 243.446997     25.967  34.687785     7.8642    3.38527     25.749    33.4839    26.1034 0.0000e+00
 243.447002     26.551  34.687517     7.8693    3.37083     26.328    33.4785    26.0984 0.0000e+00
 243.447008     27.126  34.687809     7.8676    3.35407     26.898    33.4801    26.1000 0.0000e+00
 243.447014     27.692  34.686795     7.8531    3.34041     27.459    33.4927    26.1120 0.0000e+00
 243.447020     28.247  34.682555     7.8304    3.32066     28.009    33.5097    26.1286 0.0000e+00
 243.447025     28.782  34.673911     7.8037    3.30510     28.540    33.5258    26.1452 0.0000e+00
 243.447031     29.293  34.661094     7.7760    3.29498     29.046    33.5384    26.1591 0.0000e+00
 243.447037     29.784  34.647741     7.7560    3.29196     29.533    33.5431    26.1657 0.0000e+00
 243.447043     30.263  34.639016     7.7459    3.29360     30.008    33.5432    26.1672 0.0000e+00
 243.447049     30.740  34.635043     7.7405    3.29355     30.481    33.5439    26.1685 0.0000e+00
 243.447054     31.220  34.632754     7.7364    3.29501     30.957    33.5452    26.1701 0.0000e+00
 243.447060     31.703  34.630766     7.7326    3.29436     31.436    33.5465    26.1717 0.0000e+00
 243.447066     32.186  34.629221     7.7299    3.28580     31.915    33.5472    26.1726 0.0000e+00
 243.447072     32.661  34.628291     7.7282    3.28119     32.386    33.5476    26.1732 0.0000e+00
 243.447078     33.116  34.627286     7.7264    3.28790     32.837    33.5480    26.1738 0.0000e+00
 243.447083     33.549  34.625976     7.7246    3.28684     33.266    33.5481    26.1742 0.0000e+00
 243.447089     33.968  34.624846     7.7230    3.28245     33.682    33.5483    26.1745 0.0000e+00
 243.447095     34.368  34.624059     7.7216    3.27887     34.078    33.5486    26.1750 0.0000e+00
 243.447101     34.740  34.623677     7.7206    3.26690     34.447    33.5489    26.1754 0.0000e+00
 243.447106     35.080  34.623741     7.7198    3.25971     34.784    33.5496    26.1761 0.0000e+00
 243.447112     35.386  34.623768     7.7187    3.25872     35.088    33.5506    26.1770 0.0000e+00
 243.447118     35.662  34.623223     7.7175    3.24307     35.361    33.5510    26.1775 0.0000e+00
 243.447124     35.908  34.622489     7.7168    3.24022     35.605    33.5508    26.1774 0.0000e+00
 243.447130     36.117  34.622262     7.7168    3.23991     35.812    33.5504    26.1771 0.0000e+00
 243.447135     36.274  34.622789     7.7181    3.23378     35.968    33.5497    26.1764 -9.990e-29
 243.447141     36.359  34.624201     7.7205    3.24284     36.052    33.5488    26.1754 -9.990e-29
 243.447147     36.360  34.626128     7.7226    3.24801     36.053    33.5489    26.1751 -9.990e-29
 243.447153     36.277  34.627207     7.7232    3.24916     35.971    33.5495    26.1755 -9.990e-29
 243.447159     36.113  34.626627     7.7224    3.25432     35.808    33.5497    26.1758 0.0000e+00
 243.447164     35.871  34.624730     7.7217    3.25322     35.569    33.5485    26.1749 0.0000e+00
 243.447170     35.560  34.622344     7.7220    3.26212     35.260    33.5458    26.1727 0.0000e+00
 243.447176     35.196  34.620764     7.7231    3.26645     34.899    33.5432    26.1705 0.0000e+00
 243.447182     34.793  34.620120     7.7245    3.27470     34.500    33.5413    26.1689 0.0000e+00
 243.447188     34.365  34.619547     7.7260    3.28221     34.075    33.5395    26.1672 0.0000e+00
 243.447193     33.914  34.618839     7.7273    3.27944     33.628    33.5377    26.1656 0.0000e+00
 243.447199     33.436  34.618166     7.7278    3.28630     33.154    33.5367    26.1647 0.0000e+00
 243.447205     32.932  34.617184     7.7278    3.28347     32.655    33.5359    26.1641 0.0000e+00
 243.447211     32.412  34.615699     7.7283    3.28064     32.139    33.5341    26.1626 0.0000e+00
 243.447216     31.890  34.614530     7.7296    3.27850     31.621    33.5318    26.1606 0.0000e+00
 243.447222     31.371  34.614355     7.7319    3.27414     31.107    33.5296    26.1586 0.0000e+00
 243.447228     30.861  34.614935     7.7348    3.27334     30.601    33.5277    26.1566 0.0000e+00
 243.447234     30.365  34.615357     7.7376    3.27907     30.109    33.5257    26.1546 0.0000e+00
 243.447240     29.883  34.615057     7.7400    3.27997     29.631    33.5233    26.1524 0.0000e+00
 243.447245     29.408  34.614752     7.7420    3.28712     29.160    33.5213    26.1505 0.0000e+00
 243.447251     28.936  34.615151     7.7437    3.28677     28.692    33.5203    26.1495 0.0000e+00
 243.447257     28.464  34.615657     7.7457    3.28446     28.224    33.5191    26.1483 0.0000e+00
 243.447263     27.986  34.615821     7.7483    3.28342     27.751    33.5170    26.1463 0.0000e+00
 243.447269     27.498  34.615853     7.7511    3.27910     27.267    33.5146    26.1439 0.0000e+00
 243.447274     26.998  34.615792     7.7547    3.27840     26.771    33.5113    26.1408 0.0000e+00
 243.447280     26.494  34.616109     7.7595    3.28481     26.271    33.5073    26.1370 0.0000e+00
 243.447286     25.991  34.617225     7.7650    3.28653     25.772    33.5034    26.1331 0.0000e+00
 243.447292     25.492  34.618940     7.7710    3.30082     25.278    33.4997    26.1294 0.0000e+00
 243.447297     25.000  34.620733     7.7780    3.31713     24.790    33.4952    26.1248 0.0000e+00
 243.447303     24.516  34.622187     7.7857    3.32164     24.310    33.4896    26.1192 0.0000e+00
 243.447309     24.045  34.623555     7.7933    3.33896     23.843    33.4840    26.1137 0.0000e+00
