data/oxygen options/OCNMS/OCNMS2/raw_data/2005/CTD_TH90_052405faed.cnv
* Sea-Bird SBE19 Data File:
* FileName = C:\Documents and Settings\kirner.PTANGELES\Desktop\hypoxia CTD data\TH100_052405.hex
* Software Version 1.1.5
* Temperature SN = 2997
* Conductivity SN = 2997
* System UpLoad Time = May 24 2005 18:08:14
* SEACAT PROFILER V3.1c SN 2997   05/24/05  18:06:43.808
* strain gauge pressure sensor: S/N = 184829,  range = 3000 psia,  tc = 40
# nquan = 9                                 
# nvalues = 851                         
# units = specified
# name 0 = timeJ: Julian Days
# name 1 = prSM: Pressure, Strain Gauge [db]
# name 2 = c0mS/cm: Conductivity [mS/cm]
# name 3 = t090C: Temperature [ITS-90, deg C]
# name 4 = oxML/L: Oxygen, Beckman/YSI [ml/l]
# name 5 = depSM: Depth [salt water, m], lat = 47.5
# name 6 = sal00: Salinity, Practical [PSU]
# name 7 = sigma-é00: Density [sigma-theta, kg/m^3]
# name 8 = flag: flag
# span 0 = 144.680567, 144.685486       
# span 1 =     -2.467,     93.428       
# span 2 =   0.854319,  37.097949       
# span 3 =     8.5602,    14.5180       
# span 4 =  -13.38685,   26.31905       
# span 5 =     -2.446,     92.627       
# span 6 =     0.5537,    33.3923       
# span 7 =    -0.2783,    25.9289       
# span 8 = 0.0000e+00, 0.0000e+00       
# interval = seconds: 0.5
# start_time = May 24 2005 16:20:01 [Instrument's time stamp, header]
# bad_flag = -9.990e-29
*END*
[from data line 481]
 144.683351     54.841  35.499227     9.9008    5.95641     54.376    32.4263    24.9602 0.0000e+00
 144.683356     55.314  35.432439     9.8299    5.97860     54.845    32.4220    24.9685 0.0000e+00
 144.683362     55.793  35.378268     9.7823    5.98068     55.320    32.4095    24.9665 0.0000e+00
 144.683368     56.274  35.346868     9.7486    5.95104     55.797    32.4076    24.9706 0.0000e+00
 144.683374     56.751  35.328117     9.7233    5.90212     56.270    32.4111    24.9774 0.0000e+00
 144.683380     57.215  35.314380     9.7039    5.81256     56.730    32.4143    24.9831 0.0000e+00
 144.683385     57.670  35.302281     9.6847    5.70617     57.181    32.4191    24.9900 0.0000e+00
 144.683391     58.127  35.291939     9.6651    5.59411     57.634    32.4260    24.9986 0.0000e+00
 144.683397     58.591  35.285074     9.6496    5.49409     58.094    32.4328    25.0064 0.0000e+00
 144.683403     59.052  35.282062     9.6395    5.42038     58.551    32.4386    25.0126 0.0000e+00
 144.683409     59.504  35.282247     9.6291    5.36244     58.999    32.4480    25.0216 0.0000e+00
 144.683414     59.961  35.281946     9.6116    5.32370     59.452    32.4633    25.0364 0.0000e+00
 144.683420     60.439  35.277395     9.5872    5.29042     59.926    32.4805    25.0538 0.0000e+00
 144.683426     60.936  35.269257     9.5596    5.26952     60.419    32.4969    25.0711 0.0000e+00
 144.683432     61.444  35.259573     9.5340    5.26550     60.922    32.5100    25.0854 0.0000e+00
 144.683438     61.955  35.251683     9.5143    5.27105     61.429    32.5195    25.0960 0.0000e+00
 144.683443     62.464  35.246835     9.4991    5.27589     61.933    32.5281    25.1052 0.0000e+00
 144.683449     62.960  35.243045     9.4865    5.27498     62.425    32.5354    25.1129 0.0000e+00
 144.683455     63.449  35.239744     9.4770    5.27853     62.910    32.5405    25.1184 0.0000e+00
 144.683461     63.945  35.237573     9.4705    5.27638     63.401    32.5439    25.1221 0.0000e+00
 144.683466     64.437  35.236439     9.4649    5.29283     63.889    32.5476    25.1259 0.0000e+00
 144.683472     64.910  35.235390     9.4599    5.29219     64.358    32.5509    25.1293 0.0000e+00
 144.683478     65.363  35.234708     9.4569    5.28497     64.807    32.5527    25.1312 0.0000e+00
 144.683484     65.803  35.235163     9.4551    5.28686     65.243    32.5546    25.1330 0.0000e+00
 144.683490     66.243  35.235120     9.4519    5.27247     65.680    32.5573    25.1356 0.0000e+00
 144.683495     66.693  35.233401     9.4469    5.28809     66.126    32.5599    25.1384 0.0000e+00
 144.683501     67.159  35.231642     9.4419    5.27277     66.588    32.5624    25.1412 0.0000e+00
 144.683507     67.638  35.231420     9.4369    5.24017     67.063    32.5665    25.1452 0.0000e+00
 144.683513     68.117  35.232440     9.4308    5.20810     67.537    32.5729    25.1512 0.0000e+00
 144.683519     68.589  35.233815     9.4219    5.17705     68.005    32.5822    25.1599 0.0000e+00
 144.683524     69.057  35.235697     9.4100    5.16159     68.469    32.5947    25.1716 0.0000e+00
 144.683530     69.525  35.237794     9.3990    5.14881     68.933    32.6067    25.1827 0.0000e+00
 144.683536     69.982  35.238976     9.3925    5.11308     69.386    32.6136    25.1892 0.0000e+00
 144.683542     70.409  35.239694     9.3907    5.05933     69.809    32.6158    25.1912 0.0000e+00
 144.683547     70.807  35.240342     9.3905    4.97704     70.204    32.6165    25.1918 0.0000e+00
 144.683553     71.202  35.240101     9.3860    4.81945     70.596    32.6202    25.1954 0.0000e+00
 144.683559     71.614  35.239776     9.3672    4.60672     71.004    32.6368    25.2114 0.0000e+00
 144.683565     72.044  35.240616     9.3190    4.35341     71.430    32.6815    25.2540 0.0000e+00
 144.683571     72.482  35.245987     9.2439    4.11467     71.864    32.7556    25.3238 0.0000e+00
 144.683576     72.912  35.257442     9.1748    3.93991     72.291    32.8307    25.3935 0.0000e+00
 144.683582     73.327  35.268381     9.1328    3.81631     72.702    32.8805    25.4392 0.0000e+00
 144.683588     73.732  35.274310     9.1081    3.74729     73.104    32.9093    25.4655 0.0000e+00
 144.683594     74.137  35.276957     9.0889    3.69103     73.505    32.9296    25.4845 0.0000e+00
 144.683600     74.549  35.279287     9.0705    3.61725     73.913    32.9489    25.5024 0.0000e+00
 144.683605     74.974  35.283282     9.0471    3.56587     74.335    32.9745    25.5261 0.0000e+00
 144.683611     75.409  35.290345     9.0150    3.50812     74.766    33.0114    25.5601 0.0000e+00
 144.683617     75.851  35.300919     8.9789    3.46179     75.204    33.0557    25.6004 0.0000e+00
 144.683623     76.299  35.311721     8.9473    3.43258     75.648    33.0961    25.6370 0.0000e+00
 144.683628     76.742  35.319208     8.9236    3.40386     76.087    33.1258    25.6639 0.0000e+00
 144.683634     77.175  35.323263     8.9057    3.39489     76.517    33.1466    25.6830 0.0000e+00
 144.683640     77.601  35.324804     8.8875    3.38621     76.939    33.1650    25.7002 0.0000e+00
 144.683646     78.019  35.323640     8.8642    3.36824     77.353    33.1853    25.7198 0.0000e+00
 144.683652     78.435  35.320460     8.8400    3.35151     77.766    33.2045    25.7385 0.0000e+00
 144.683657     78.851  35.317191     8.8215    3.34194     78.178    33.2182    25.7521 0.0000e+00
 144.683663     79.262  35.314516     8.8086    3.33982     78.585    33.2273    25.7613 0.0000e+00
 144.683669     79.675  35.311667     8.7988    3.34906     78.995    33.2333    25.7675 0.0000e+00
 144.683675     80.088  35.308766     8.7917    3.35336     79.404    33.2367    25.7713 0.0000e+00
 144.683681     80.499  35.306992     8.7872    3.34930     79.812    33.2389    25.7737 0.0000e+00
 144.683686     80.908  35.306221     8.7836    3.34653     80.217    33.2413    25.7761 0.0000e+00
 144.683692     81.315  35.305424     8.7799    3.34524     80.620    33.2437    25.7786 0.0000e+00
 144.683698     81.725  35.304099     8.7762    3.34069     81.027    33.2456    25.7807 0.0000e+00
 144.683704     82.143  35.302163     8.7722    3.33165     81.441    33.2472    25.7825 0.0000e+00
 144.683709     82.574  35.300398     8.7673    3.31049     81.868    33.2497    25.7853 0.0000e+00
 144.683715     83.028  35.299254     8.7606    3.30556     82.318    33.2546    25.7901 0.0000e+00
 144.683721     83.504  35.297767     8.7518    3.28036     82.790    33.2611    25.7966 0.0000e+00
 144.683727     83.990  35.295637     8.7400    3.24833     83.272    33.2697    25.8052 0.0000e+00
 144.683733     84.473  35.293385     8.7244    3.22366     83.751    33.2818    25.8170 0.0000e+00
 144.683738     84.943  35.290810     8.7050    3.18513     84.217    33.2971    25.8320 0.0000e+00
 144.683744     85.391  35.287279     8.6822    3.16455     84.661    33.3146    25.8493 0.0000e+00
 144.683750     85.814  35.282568     8.6567    3.14208     85.080    33.3335    25.8680 0.0000e+00
 144.683756     86.214  35.277121     8.6324    3.11216     85.477    33.3505    25.8851 0.0000e+00
 144.683762     86.592  35.272081     8.6150    3.10562     85.851    33.3615    25.8963 0.0000e+00
 144.683767     86.950  35.269133     8.6075    3.10100     86.206    33.3653    25.9004 0.0000e+00
 144.683773     87.293  35.268830     8.6094    3.10426     86.546    33.3630    25.8984 0.0000e+00
 144.683779     87.626  35.270203     8.6148    3.10768     86.876    33.3592    25.8946 0.0000e+00
 144.683785     87.953  35.271722     8.6137    3.08888     87.200    33.3617    25.8967 0.0000e+00
 144.683791     88.283  35.270928     8.6025    3.07109     87.527    33.3713    25.9059 0.0000e+00
 144.683796     88.632  35.266765     8.5870    3.05849     87.873    33.3814    25.9162 0.0000e+00
 144.683802     89.013  35.261536     8.5743    3.05045     88.251    33.3877    25.9231 0.0000e+00
 144.683808     89.425  35.257798     8.5667    3.04164     88.659    33.3908    25.9267 0.0000e+00
 144.683814     89.861  35.255609     8.5627    3.03844     89.092    33.3920    25.9283 0.0000e+00
 144.683819     90.309  35.254292     8.5611    3.03547     89.536    33.3919    25.9285 0.0000e+00
 144.683825     90.755  35.253773     8.5605    3.04875     89.978    33.3918    25.9284 0.0000e+00
 144.683831     91.190  35.253919     8.5603    3.04452     90.409    33.3919    25.9286 0.0000e+00
 144.683837     91.602  35.254361     8.5602    3.04229     90.817    33.3923    25.9289 0.0000e+00
 144.683843     91.975  35.254568     8.5604    3.04701     91.187    33.3921    25.9288 0.0000e+00
 144.683848     92.295  35.254257     8.5616    3.04601     91.504    33.3905    25.9273 0.0000e+00
 144.683854     92.551  35.253010     8.5638    3.04930     91.758    33.3870    25.9242 0.0000e+00
 144.683860     92.747  35.248606     8.5663    3.05145     91.952    33.3799    25.9183 0.0000e+00
 144.683866     92.897  35.237417     8.5678    3.03970     92.101    33.3667    25.9077 -9.990e-29
 144.683872     93.008  35.226952     8.5682    3.04833     92.211    33.3552    25.8987 -9.990e-29
 144.683877     93.093  35.230171     8.5681    3.04640     92.295    33.3587    25.9014 -9.990e-29
 144.683883     93.161  35.241279     8.5681    3.04154     92.363    33.3703    25.9105 -9.990e-29
 144.683889     93.217  35.248177     8.5682    3.05172     92.418    33.3775    25.9161 -9.990e-29
 144.683895     93.264  35.249972     8.5683    3.03813     92.465    33.3792    25.9175 -9.990e-29
 144.683900     93.304  35.249060     8.5682    3.04051     92.504    33.3783    25.9168 -9.990e-29
 144.683906     93.342  35.247031     8.5675    3.04214     92.542    33.3769    25.9157 -9.990e-29
 144.683912     93.374  35.245670     8.5670    3.03649     92.574    33.3759    25.9150 -9.990e-29
 144.683918     93.398  35.245405     8.5669    3.04124     92.598    33.3757    25.9149 -9.990e-29
 144.683924     93.417  35.245325     8.5673    3.04140     92.616    33.3752    25.9145 -9.990e-29
 144.683929     93.426  35.245325     8.5682    3.03574     92.625    33.3744    25.9137 -9.990e-29
 144.683935     93.428  35.245969     8.5693    3.04432     92.627    33.3740    25.9132 -9.990e-29
 144.683941     93.425  35.246996     8.5701    3.04610     92.624    33.3743    25.9133 -9.990e-29
 144.683947     93.413  35.248095     8.5704    3.04063     92.612    33.3752    25.9140 -9.990e-29
 144.683953     93.388  35.249055     8.5700    3.04765     92.588    33.3766    25.9151 -9.990e-29
 144.683958     93.348  35.249473     8.5694    3.03253     92.548    33.3776    25.9160 -9.990e-29
 144.683964     93.290  35.249349     8.5689    3.03148     92.490    33.3780    25.9164 -9.990e-29
 144.683970     93.211  35.248519     8.5683    3.03902     92.412    33.3777    25.9163 -9.990e-29
 144.683976     93.105  35.247001     8.5675    3.04124     92.307    33.3769    25.9158 -9.990e-29
 144.683981     92.967  35.245578     8.5667    3.04023     92.170    33.3763    25.9154 0.0000e+00
 144.683987     92.791  35.245155     8.5664    3.03725     91.996    33.3762    25.9154 0.0000e+00
 144.683993     92.578  35.246294     8.5667    3.02062     91.785    33.3772    25.9161 0.0000e+00
 144.683999     92.338  35.247712     8.5664    3.03267     91.547    33.3791    25.9176 0.0000e+00
 144.684005     92.080  35.247941     8.5659    3.04592     91.291    33.3799    25.9183 0.0000e+00
 144.684010     91.809  35.247851     8.5657    3.04369     91.023    33.3801    25.9185 0.0000e+00
 144.684016     91.520  35.247886     8.5656    3.05247     90.736    33.3804    25.9188 0.0000e+00
 144.684022     91.209  35.247535     8.5656    3.03179     90.428    33.3802    25.9186 0.0000e+00
 144.684028     90.884  35.246895     8.5655    3.02632     90.106    33.3797    25.9183 0.0000e+00
 144.684034     90.565  35.246238     8.5653    3.04164     89.789    33.3794    25.9180 0.0000e+00
 144.684039     90.257  35.245814     8.5649    3.03639     89.484    33.3795    25.9181 0.0000e+00
 144.684045     89.952  35.245625     8.5648    3.04635     89.182    33.3795    25.9182 0.0000e+00
 144.684051     89.635  35.245421     8.5647    3.03956     88.868    33.3795    25.9182 0.0000e+00
 144.684057     89.299  35.245494     8.5640    3.02640     88.535    33.3804    25.9190 0.0000e+00
 144.684063     88.957  35.245942     8.5630    3.04686     88.196    33.3820    25.9204 0.0000e+00
 144.684068     88.617  35.246248     8.5632    3.03811     87.859    33.3823    25.9206 0.0000e+00
 144.684074     88.266  35.246262     8.5653    3.04495     87.511    33.3805    25.9188 0.0000e+00
 144.684080     87.882  35.246009     8.5688    3.05124     87.130    33.3771    25.9156 0.0000e+00
 144.684086     87.458  35.245716     8.5745    3.05937     86.710    33.3716    25.9104 0.0000e+00
 144.684091     87.012  35.246121     8.5841    3.09196     86.268    33.3631    25.9023 0.0000e+00
 144.684097     86.569  35.247772     8.5922    3.10733     85.828    33.3574    25.8966 0.0000e+00
 144.684103     86.138  35.248955     8.5939    3.12374     85.401    33.3573    25.8962 0.0000e+00
 144.684109     85.722  35.248454     8.5975    3.14975     84.989    33.3535    25.8928 0.0000e+00
 144.684115     85.316  35.248973     8.6171    3.18896     84.586    33.3358    25.8758 0.0000e+00
 144.684120     84.916  35.253452     8.6526    3.22949     84.190    33.3072    25.8480 0.0000e+00
 144.684126     84.521  35.261142     8.6851    3.26282     83.798    33.2849    25.8255 0.0000e+00
 144.684132     84.132  35.267729     8.7034    3.27390     83.413    33.2748    25.8148 0.0000e+00
 144.684138     83.750  35.271358     8.7126    3.28249     83.034    33.2701    25.8097 0.0000e+00
 144.684144     83.372  35.273515     8.7183    3.29030     82.659    33.2672    25.8065 0.0000e+00
 144.684149     82.991  35.274843     8.7242    3.29822     82.282    33.2632    25.8025 0.0000e+00
 144.684155     82.600  35.275998     8.7332    3.31153     81.894    33.2561    25.7956 0.0000e+00
 144.684161     82.196  35.277967     8.7450    3.31497     81.494    33.2473    25.7868 0.0000e+00
 144.684167     81.778  35.281138     8.7566    3.31991     81.079    33.2399    25.7793 0.0000e+00
 144.684172     81.354  35.284700     8.7652    3.31604     80.659    33.2358    25.7747 0.0000e+00
 144.684178     80.944  35.287247     8.7693    3.31488     80.253    33.2348    25.7733 0.0000e+00
 144.684184     80.560  35.288259     8.7704    3.31729     79.872    33.2350    25.7733 0.0000e+00
 144.684190     80.199  35.288534     8.7711    3.33620     79.514    33.2348    25.7730 0.0000e+00
 144.684196     79.852  35.289005     8.7730    3.33281     79.170    33.2337    25.7718 0.0000e+00
 144.684201     79.500  35.289745     8.7764    3.34325     78.821    33.2314    25.7695 0.0000e+00
 144.684207     79.129  35.290626     8.7824    3.36277     78.454    33.2269    25.7650 0.0000e+00
 144.684213     78.738  35.291706     8.7942    3.36754     78.066    33.2171    25.7556 0.0000e+00
 144.684219     78.327  35.293311     8.8120    3.39254     77.659    33.2023    25.7412 0.0000e+00
 144.684225     77.904  35.295345     8.8302    3.39368     77.239    33.1876    25.7269 0.0000e+00
 144.684230     77.485  35.297165     8.8418    3.39391     76.824    33.1789    25.7182 0.0000e+00
 144.684236     77.082  35.297845     8.8440    3.41073     76.424    33.1777    25.7169 0.0000e+00
 144.684242     76.699  35.297182     8.8420    3.41892     76.045    33.1791    25.7183 0.0000e+00
 144.684248     76.332  35.296543     8.8431    3.44818     75.681    33.1775    25.7169 0.0000e+00
 144.684253     75.972  35.296204     8.8495    3.51181     75.324    33.1714    25.7111 0.0000e+00
 144.684259     75.604  35.295159     8.8659    3.56679     74.959    33.1551    25.6958 0.0000e+00
 144.684265     75.218  35.293139     8.9042    3.64431     74.577    33.1174    25.6604 0.0000e+00
