data/oxygen options/OCNMS/OCNMS2/raw_data/2005/CTD_CE60_060805faed.cnv
* Sea-Bird SBE19 Data File:
* FileName = C:\hypoxia CTD data\CE60_060805.hex
* Software Version 1.1.5
* Temperature SN = 2997
* Conductivity SN = 2997
* System UpLoad Time = Jun 08 2005 16:01:40
* SEACAT PROFILER V3.1c SN 2997   06/08/05  16:00:53.315
* strain gauge pressure sensor: S/N = 184829,  range = 3000 psia,  tc = 40
# nquan = 9                                 
# nvalues = 789                         
# units = specified
# name 0 = timeJ: Julian Days
# name 1 = prSM: Pressure, Strain Gauge [db]
# name 2 = c0mS/cm: Conductivity [mS/cm]
# name 3 = t090C: Temperature [ITS-90, deg C]
# name 4 = oxML/L: Oxygen, Beckman/YSI [ml/l]
# name 5 = depSM: Depth [salt water, m], lat = 47.5
# name 6 = sal00: Salinity, Practical [PSU]
# name 7 = sigma-é00: Density [sigma-theta, kg/m^3]
# name 8 = flag: flag
# span 0 = 159.605810, 159.610370       
# span 1 =     -3.592,     62.073       
# span 2 =   0.385411,  37.249094       
# span 3 =     8.5335,    15.7702       
# span 4 =   -0.09603,   24.73035       
# span 5 =     -3.562,     61.546       
# span 6 =     0.2413,    33.3554       
# span 7 =    -0.4680,    25.9036       
# span 8 = 0.0000e+00, 0.0000e+00       
# interval = seconds: 0.5
# start_time = Jun 08 2005 14:32:22 [Instrument's time stamp, header]
# bad_flag = -9.990e-29
*END*
[from data line 161]
 159.606742      0.412  36.884175    15.7409    6.21806      0.409    29.0099    21.2020 -9.990e-29
 159.606748      0.423  36.888384    15.7511    6.22321      0.419    29.0061    21.1969 -9.990e-29
 159.606753      0.435  36.897407    15.7602    6.22172      0.431    29.0073    21.1959 -9.990e-29
 159.606759      0.448  36.904214    15.7655    6.22227      0.444    29.0094    21.1963 -9.990e-29
 159.606765      0.464  36.907234    15.7663    6.21747      0.460    29.0114    21.1977 -9.990e-29
 159.606771      0.482  36.907696    15.7653    6.20063      0.478    29.0126    21.1988 -9.990e-29
 159.606777      0.501  36.906779    15.7660    6.20396      0.497    29.0112    21.1976 -9.990e-29
 159.606782      0.517  36.907187    15.7675    6.20559      0.513    29.0105    21.1967 -9.990e-29
 159.606788      0.535  36.909467    15.7649    6.21608      0.531    29.0144    21.2003 -9.990e-29
 159.606794      0.557  36.907128    15.7598    6.21322      0.552    29.0161    21.2027 -9.990e-29
 159.606800      0.575  36.901543    15.7576    6.20901      0.570    29.0128    21.2006 -9.990e-29
 159.606806      0.587  36.899282    15.7605    6.20388      0.582    29.0087    21.1969 -9.990e-29
 159.606811      0.592  36.902941    15.7667    6.19205      0.587    29.0073    21.1945 -9.990e-29
 159.606817      0.596  36.909550    15.7702    6.19252      0.591    29.0106    21.1962 -9.990e-29
 159.606823      0.603  36.912785    15.7682    6.18698      0.598    29.0148    21.1999 -9.990e-29
 159.606829      0.609  36.911357    15.7625    6.19019      0.604    29.0178    21.2034 -9.990e-29
 159.606834      0.615  36.906728    15.7556    6.18500      0.610    29.0188    21.2057 -9.990e-29
 159.606840      0.625  36.900581    15.7499    6.18578      0.620    29.0176    21.2060 -9.990e-29
 159.606846      0.636  36.895372    15.7441    6.19011      0.631    29.0173    21.2070 -9.990e-29
 159.606852      0.644  36.889766    15.7363    6.19838      0.639    29.0181    21.2093 -9.990e-29
 159.606858      0.649  36.881898    15.7308    6.19937      0.644    29.0153    21.2083 -9.990e-29
 159.606863      0.652  36.876979    15.7314    6.19263      0.647    29.0105    21.2046 -9.990e-29
 159.606869      0.654  36.877983    15.7350    6.17820      0.649    29.0088    21.2024 -9.990e-29
 159.606875      0.653  36.881203    15.7365    6.17322      0.648    29.0105    21.2034 -9.990e-29
 159.606881      0.656  36.882526    15.7350    6.17787      0.651    29.0127    21.2055 -9.990e-29
 159.606887      0.664  36.882036    15.7326    6.18401      0.658    29.0141    21.2070 -9.990e-29
 159.606892      0.676  36.880767    15.7301    6.18692      0.670    29.0148    21.2081 -9.990e-29
 159.606898      0.688  36.877589    15.7271    6.17747      0.682    29.0142    21.2083 -9.990e-29
 159.606904      0.700  36.873873    15.7235    6.16735      0.694    29.0136    21.2086 -9.990e-29
 159.606910      0.714  36.870275    15.7210    6.16872      0.708    29.0123    21.2081 -9.990e-29
 159.606916      0.729  36.867607    15.7203    6.16793      0.723    29.0105    21.2069 -9.990e-29
 159.606921      0.747  36.866799    15.7186    6.17087      0.741    29.0110    21.2077 -9.990e-29
 159.606927      0.766  36.864532    15.7152    6.17479      0.760    29.0115    21.2088 -9.990e-29
 159.606933      0.776  36.860591    15.7115    6.17873      0.770    29.0108    21.2090 -9.990e-29
 159.606939      0.780  36.858133    15.7075    6.17977      0.773    29.0115    21.2105 -9.990e-29
 159.606944      0.786  36.856126    15.7037    6.17201      0.779    29.0126    21.2121 -9.990e-29
 159.606950      0.799  36.853018    15.7031    6.16852      0.792    29.0103    21.2105 -9.990e-29
 159.606956      0.819  36.852519    15.7062    6.17000      0.812    29.0076    21.2077 -9.990e-29
 159.606962      0.843  36.856769    15.7082    6.16998      0.836    29.0098    21.2090 -9.990e-29
 159.606968      0.865  36.859099    15.7076    6.17192      0.858    29.0123    21.2110 -9.990e-29
 159.606973      0.882  36.858134    15.7076    6.15420      0.875    29.0114    21.2104 -9.990e-29
 159.606979      0.894  36.859878    15.7053    6.14490      0.887    29.0146    21.2133 -9.990e-29
 159.606985      0.902  36.859371    15.7000    6.14617      0.894    29.0181    21.2171 -9.990e-29
 159.606991      0.907  36.854257    15.6968    6.15990      0.899    29.0160    21.2162 -9.990e-29
 159.606997      0.910  36.851179    15.6952    6.17235      0.902    29.0144    21.2154 -9.990e-29
 159.607002      0.910  36.849958    15.6924    6.18279      0.902    29.0154    21.2167 -9.990e-29
 159.607008      0.907  36.846726    15.6875    6.17292      0.899    29.0162    21.2184 -9.990e-29
 159.607014      0.906  36.841101    15.6844    6.16235      0.898    29.0136    21.2170 -9.990e-29
 159.607020      0.910  36.839042    15.6887    6.15754      0.902    29.0086    21.2123 -9.990e-29
 159.607025      0.920  36.844536    15.7000    6.15512      0.912    29.0051    21.2072 -9.990e-29
 159.607031      0.937  36.854815    15.7107    6.15511      0.929    29.0062    21.2057 -9.990e-29
 159.607037      0.953  36.863964    15.7148    6.14610      0.945    29.0112    21.2087 -9.990e-29
 159.607043      0.960  36.867364    15.7146    6.14981      0.952    29.0143    21.2111 -9.990e-29
 159.607049      0.964  36.867310    15.7143    6.14799      0.956    29.0145    21.2113 -9.990e-29
 159.607054      0.969  36.867098    15.7149    6.14965      0.961    29.0139    21.2107 -9.990e-29
 159.607060      0.974  36.867007    15.7163    6.14460      0.966    29.0128    21.2095 -9.990e-29
 159.607066      0.982  36.867481    15.7186    6.13609      0.974    29.0115    21.2081 -9.990e-29
 159.607072      0.991  36.868595    15.7209    6.14148      0.983    29.0108    21.2070 -9.990e-29
 159.607078      0.998  36.869594    15.7225    6.15100      0.990    29.0105    21.2065 -9.990e-29
 159.607083      1.000  36.870689    15.7240    6.15221      0.992    29.0103    21.2060 -9.990e-29
 159.607089      1.001  36.872222    15.7242    6.14736      0.993    29.0115    21.2069 -9.990e-29
 159.607095      1.004  36.872877    15.7218    6.13890      0.996    29.0139    21.2092 -9.990e-29
 159.607101      1.011  36.871287    15.7189    6.14167      1.003    29.0146    21.2104 -9.990e-29
 159.607106      1.022  36.868698    15.7176    6.14040      1.013    29.0133    21.2097 -9.990e-29
 159.607112      1.038  36.867270    15.7176    6.14527      1.029    29.0120    21.2087 -9.990e-29
 159.607118      1.055  36.867342    15.7170    6.13936      1.046    29.0125    21.2092 -9.990e-29
 159.607124      1.065  36.867330    15.7139    6.13661      1.056    29.0148    21.2116 -9.990e-29
 159.607130      1.070  36.864419    15.7100    6.13320      1.061    29.0151    21.2127 -9.990e-29
 159.607135      1.079  36.860336    15.7084    6.13115      1.070    29.0127    21.2112 -9.990e-29
 159.607141      1.091  36.858612    15.7073    6.13861      1.082    29.0120    21.2109 -9.990e-29
 159.607147      1.103  36.857511    15.7057    6.13280      1.094    29.0122    21.2114 -9.990e-29
 159.607153      1.117  36.856686    15.7054    6.12870      1.108    29.0117    21.2111 -9.990e-29
 159.607159      1.129  36.857846    15.7073    6.12773      1.120    29.0113    21.2104 -9.990e-29
 159.607164      1.134  36.860295    15.7096    6.12731      1.125    29.0118    21.2102 -9.990e-29
 159.607170      1.139  36.861695    15.7101    6.13769      1.129    29.0126    21.2108 -9.990e-29
 159.607176      1.147  36.861112    15.7090    6.14078      1.137    29.0129    21.2112 -9.990e-29
 159.607182      1.155  36.860015    15.7083    6.13598      1.145    29.0125    21.2110 -9.990e-29
 159.607188      1.159  36.859749    15.7093    6.13409      1.149    29.0115    21.2101 -9.990e-29
 159.607193      1.163  36.861081    15.7107    6.12516      1.153    29.0116    21.2099 -9.990e-29
 159.607199      1.176  36.862426    15.7103    6.12577      1.166    29.0131    21.2111 -9.990e-29
 159.607205      1.199  36.861095    15.7076    6.12540      1.189    29.0139    21.2123 -9.990e-29
 159.607211      1.226  36.857558    15.7045    6.12076      1.216    29.0131    21.2123 -9.990e-29
 159.607216      1.248  36.854392    15.7031    6.12708      1.238    29.0113    21.2113 -9.990e-29
 159.607222      1.264  36.852982    15.7030    6.12903      1.253    29.0102    21.2104 -9.990e-29
 159.607228      1.274  36.853133    15.7029    6.12630      1.263    29.0104    21.2106 -9.990e-29
 159.607234      1.275  36.853927    15.7023    6.12092      1.264    29.0115    21.2116 -9.990e-29
 159.607240      1.267  36.854188    15.7018    6.10949      1.256    29.0121    21.2122 -9.990e-29
 159.607245      1.257  36.853711    15.7025    6.11242      1.247    29.0112    21.2113 -9.990e-29
 159.607251      1.254  36.854114    15.7034    6.12208      1.244    29.0109    21.2109 -9.990e-29
 159.607257      1.262  36.855382    15.7014    6.12241      1.251    29.0134    21.2133 -9.990e-29
 159.607263      1.272  36.854169    15.6967    6.13238      1.261    29.0158    21.2161 -9.990e-29
 159.607269      1.273  36.849987    15.6930    6.12305      1.262    29.0149    21.2162 -9.990e-29
 159.607274      1.264  36.846800    15.6930    6.11650      1.253    29.0121    21.2141 -9.990e-29
 159.607280      1.255  36.847095    15.6958    6.11940      1.245    29.0103    21.2121 -9.990e-29
 159.607286      1.247  36.849591    15.6982    6.11801      1.237    29.0107    21.2119 -9.990e-29
 159.607292      1.241  36.851455    15.6984    6.12382      1.231    29.0122    21.2130 -9.990e-29
 159.607297      1.237  36.851258    15.6969    6.12067      1.227    29.0131    21.2140 -9.990e-29
 159.607303      1.234  36.849868    15.6955    6.11705      1.224    29.0130    21.2142 -9.990e-29
 159.607309      1.231  36.848804    15.6954    6.11285      1.221    29.0121    21.2135 -9.990e-29
 159.607315      1.230  36.848896    15.6962    6.11093      1.220    29.0116    21.2130 -9.990e-29
 159.607321      1.233  36.849716    15.6967    6.11926      1.223    29.0119    21.2131 -9.990e-29
 159.607326      1.246  36.850124    15.6964    6.11801      1.236    29.0125    21.2137 -9.990e-29
 159.607332      1.265  36.849550    15.6957    6.12020      1.254    29.0125    21.2138 -9.990e-29
 159.607338      1.283  36.848358    15.6948    6.12353      1.272    29.0121    21.2137 -9.990e-29
 159.607344      1.296  36.847211    15.6934    6.11776      1.285    29.0122    21.2140 -9.990e-29
 159.607350      1.310  36.846269    15.6922    6.11455      1.299    29.0122    21.2143 -9.990e-29
 159.607355      1.325  36.845967    15.6928    6.10576      1.314    29.0115    21.2136 -9.990e-29
 159.607361      1.338  36.847032    15.6953    6.11038      1.327    29.0106    21.2124 -9.990e-29
 159.607367      1.351  36.849208    15.6974    6.11803      1.340    29.0110    21.2122 -9.990e-29
 159.607373      1.359  36.850920    15.6967    6.11702      1.348    29.0130    21.2139 -9.990e-29
 159.607378      1.363  36.849975    15.6929    6.11309      1.352    29.0149    21.2162 -9.990e-29
 159.607384      1.368  36.846242    15.6888    6.10392      1.357    29.0147    21.2169 -9.990e-29
 159.607390      1.369  36.842603    15.6873    6.09677      1.358    29.0126    21.2157 -9.990e-29
 159.607396      1.368  36.841504    15.6871    6.09483      1.357    29.0118    21.2151 -9.990e-29
 159.607402      1.371  36.841485    15.6829    6.10030      1.360    29.0148    21.2183 -9.990e-29
 159.607407      1.379  36.838044    15.6725    6.10639      1.367    29.0194    21.2241 -9.990e-29
 159.607413      1.385  36.828846    15.6618    6.12041      1.373    29.0193    21.2263 -9.990e-29
 159.607419      1.385  36.819016    15.6593    6.12405      1.373    29.0125    21.2216 -9.990e-29
 159.607425      1.378  36.816759    15.6650    6.12261      1.366    29.0063    21.2157 -9.990e-29
 159.607431      1.368  36.821876    15.6715    6.11919      1.357    29.0060    21.2140 -9.990e-29
 159.607436      1.364  36.827741    15.6750    6.10819      1.353    29.0086    21.2153 -9.990e-29
 159.607442      1.368  36.830972    15.6771    6.10946      1.357    29.0099    21.2158 -9.990e-29
 159.607448      1.382  36.833083    15.6795    6.09495      1.370    29.0100    21.2153 -9.990e-29
 159.607454      1.403  36.835775    15.6809    6.10086      1.391    29.0113    21.2160 -9.990e-29
 159.607459      1.422  36.837038    15.6798    6.11003      1.410    29.0132    21.2177 -9.990e-29
 159.607465      1.437  36.835200    15.6771    6.11073      1.425    29.0136    21.2186 -9.990e-29
 159.607471      1.449  36.832305    15.6759    6.11405      1.437    29.0119    21.2176 -9.990e-29
 159.607477      1.458  36.831231    15.6779    6.10823      1.446    29.0095    21.2153 -9.990e-29
 159.607483      1.461  36.832797    15.6812    6.10221      1.449    29.0084    21.2138 -9.990e-29
 159.607488      1.454  36.835733    15.6825    6.09888      1.442    29.0101    21.2148 -9.990e-29
 159.607494      1.445  36.836672    15.6813    6.10257      1.433    29.0118    21.2163 -9.990e-29
 159.607500      1.445  36.835196    15.6805    6.10449      1.433    29.0111    21.2160 -9.990e-29
 159.607506      1.456  36.834952    15.6810    6.10303      1.444    29.0105    21.2154 -9.990e-29
 159.607512      1.469  36.836183    15.6818    6.10266      1.457    29.0110    21.2156 -9.990e-29
 159.607517      1.481  36.837174    15.6824    6.10163      1.469    29.0114    21.2158 -9.990e-29
 159.607523      1.493  36.837573    15.6830    6.10222      1.481    29.0113    21.2156 -9.990e-29
 159.607529      1.505  36.837920    15.6839    6.10242      1.492    29.0109    21.2151 -9.990e-29
 159.607535      1.518  36.838687    15.6844    6.10209      1.505    29.0112    21.2153 -9.990e-29
 159.607541      1.532  36.839221    15.6843    6.09798      1.519    29.0118    21.2157 -9.990e-29
 159.607546      1.545  36.839123    15.6841    6.10187      1.532    29.0118    21.2158 -9.990e-29
 159.607552      1.550  36.838832    15.6836    6.10783      1.537    29.0119    21.2160 -9.990e-29
 159.607558      1.545  36.838527    15.6821    6.10523      1.532    29.0128    21.2169 -9.990e-29
 159.607564      1.540  36.837809    15.6802    6.10651      1.527    29.0135    21.2179 -9.990e-29
 159.607569      1.538  36.836293    15.6799    6.10156      1.525    29.0124    21.2171 -9.990e-29
 159.607575      1.539  36.835327    15.6816    6.09641      1.526    29.0103    21.2152 -9.990e-29
 159.607581      1.543  36.836435    15.6839    6.09814      1.530    29.0096    21.2141 -9.990e-29
 159.607587      1.551  36.838300    15.6847    6.09758      1.538    29.0107    21.2148 -9.990e-29
 159.607593      1.563  36.839495    15.6840    6.09903      1.550    29.0122    21.2161 -9.990e-29
 159.607598      1.579  36.839938    15.6835    6.10201      1.566    29.0130    21.2168 -9.990e-29
 159.607604      1.598  36.839668    15.6834    6.09408      1.585    29.0128    21.2167 -9.990e-29
 159.607610      1.610  36.838893    15.6830    6.08975      1.597    29.0124    21.2165 -9.990e-29
 159.607616      1.613  36.837711    15.6821    6.08986      1.600    29.0120    21.2164 -9.990e-29
 159.607622      1.611  36.836234    15.6802    6.09256      1.598    29.0121    21.2169 -9.990e-29
 159.607627      1.613  36.834184    15.6737    6.09950      1.600    29.0151    21.2205 -9.990e-29
 159.607633      1.623  36.827714    15.6615    6.09708      1.609    29.0184    21.2257 -9.990e-29
 159.607639      1.636  36.816058    15.6513    6.09682      1.622    29.0157    21.2258 -9.990e-29
 159.607645      1.647  36.807790    15.6485    6.09717      1.633    29.0105    21.2224 -9.990e-29
 159.607650      1.651  36.807032    15.6496    6.10311      1.637    29.0090    21.2211 -9.990e-29
 159.607656      1.648  36.808854    15.6515    6.10349      1.634    29.0092    21.2208 -9.990e-29
