data/oxygen options/OCNMS/OCNMS2/raw_data/2005/CTD_CE10_060805faed.cnv
* Sea-Bird SBE19 Data File:
* FileName = C:\hypoxia CTD data\CE10_060805.hex
* Software Version 1.1.5
* Temperature SN = 2997
* Conductivity SN = 2997
* System UpLoad Time = Jun 08 2005 15:54:05
* SEACAT PROFILER V3.1c SN 2997   06/08/05  15:52:51.857
* strain gauge pressure sensor: S/N = 184829,  range = 3000 psia,  tc = 40
# nquan = 9                                 
# nvalues = 476                         
# units = specified
# name 0 = timeJ: Julian Days
# name 1 = prSM: Pressure, Strain Gauge [db]
# name 2 = c0mS/cm: Conductivity [mS/cm]
# name 3 = t090C: Temperature [ITS-90, deg C]
# name 4 = oxML/L: Oxygen, Beckman/YSI [ml/l]
# name 5 = depSM: Depth [salt water, m], lat = 47.5
# name 6 = sal00: Salinity, Practical [PSU]
# name 7 = sigma-é00: Density [sigma-theta, kg/m^3]
# name 8 = flag: flag
# span 0 = 159.538819, 159.541568       
# span 1 =     -4.180,     10.319       
# span 2 =   0.482256,  36.784840       
# span 3 =    14.1434,    15.1340       
# span 4 =   -0.11847,   24.88838       
# span 5 =     -4.145,     10.233       
# span 6 =     0.2966,    29.5429       
# span 7 =    -0.5600,    21.8797       
# span 8 = 0.0000e+00, 0.0000e+00       
# interval = seconds: 0.5
# start_time = Jun 08 2005 12:55:54 [Instrument's time stamp, header]
# bad_flag = -9.990e-29
*END*
 159.538819     -4.172 -9.990e-29    14.2644   -0.11834     -4.137 -9.990e-29 -9.990e-29 -9.990e-29
 159.538825     -4.177   0.512040    14.2647   -0.11833     -4.142     0.3154    -0.5462 -9.990e-29
 159.538831     -4.180   0.509943    14.2651   -0.11833     -4.145     0.3141    -0.5473 -9.990e-29
 159.538837     -4.172   0.508089    14.2657   -0.11833     -4.137     0.3129    -0.5483 -9.990e-29
 159.538843     -4.152   0.506779    14.2661   -0.11834     -4.117     0.3121    -0.5490 -9.990e-29
 159.538848     -4.132   0.505374    14.2653   -0.11834     -4.098     0.3112    -0.5496 -9.990e-29
 159.538854     -4.119   0.503664    14.2622   -0.11834     -4.085     0.3101    -0.5499 -9.990e-29
 159.538860     -4.108   0.501588    14.2576   -0.11833     -4.074     0.3089    -0.5503 -9.990e-29
 159.538866     -4.094   0.499705    14.2546   -0.11834     -4.060     0.3077    -0.5508 -9.990e-29
 159.538872     -4.073   0.499387    14.2544   -0.11833     -4.039     0.3075    -0.5509 -9.990e-29
 159.538877     -4.037   0.500763    14.2557   -0.11833     -4.003     0.3084    -0.5504 -9.990e-29
 159.538883     -3.995   0.502342    14.2567   -0.11833     -3.962     0.3093    -0.5498 -9.990e-29
 159.538889     -3.955   0.502902    14.2565   -0.11833     -3.922     0.3097    -0.5495 -9.990e-29
 159.538895     -3.920   0.502081    14.2558   -0.11833     -3.887     0.3092    -0.5498 -9.990e-29
 159.538900     -3.887   0.499894    14.2559   -0.11834     -3.855     0.3078    -0.5508 -9.990e-29
 159.538906     -3.854   0.497309    14.2569   -0.11833     -3.822     0.3061    -0.5523 -9.990e-29
 159.538912     -3.819   0.495315    14.2579   -0.11833     -3.787     0.3049    -0.5534 -9.990e-29
 159.538918     -3.781   0.493473    14.2587   -0.11833     -3.749     0.3037    -0.5544 -9.990e-29
 159.538924     -3.740   0.491543    14.2597   -0.11834     -3.709     0.3025    -0.5555 -9.990e-29
 159.538929     -3.702   0.490281    14.2606   -0.11834     -3.671     0.3017    -0.5563 -9.990e-29
 159.538935     -3.670   0.490222    14.2612   -0.11834     -3.639     0.3016    -0.5564 -9.990e-29
 159.538941     -3.641   0.490733    14.2615   -0.11834     -3.611     0.3019    -0.5562 -9.990e-29
 159.538947     -3.614   0.490277    14.2615   -0.11835     -3.584     0.3017    -0.5564 -9.990e-29
 159.538953     -3.587   0.488248    14.2614   -0.11835     -3.557     0.3004    -0.5574 -9.990e-29
 159.538958     -3.562   0.485820    14.2614   -0.11831     -3.532     0.2988    -0.5586 -9.990e-29
 159.538964     -3.543   0.484195    14.2615   -0.11826     -3.513     0.2978    -0.5594 -9.990e-29
 159.538970     -3.523   0.483424    14.2613   -0.11842     -3.494     0.2973    -0.5598 -9.990e-29
 159.538976     -3.497   0.483035    14.2606   -0.11842     -3.468     0.2971    -0.5598 -9.990e-29
 159.538981     -3.468   0.482510    14.2597   -0.11845     -3.439     0.2967    -0.5600 -9.990e-29
 159.538987     -3.442   0.482256    14.2590   -0.11846     -3.413     0.2966    -0.5600 -9.990e-29
 159.538993     -3.422   0.483045    14.2580   -0.11847     -3.393     0.2971    -0.5594 -9.990e-29
 159.538999     -3.407   0.484822    14.2562   -0.11846     -3.379     0.2982    -0.5583 -9.990e-29
 159.539005     -3.396   0.488845    14.2524   -0.11838     -3.368     0.3008    -0.5558 -9.990e-29
 159.539010     -3.384   0.501033    14.2431   -0.10414     -3.356     0.3086    -0.5484 -9.990e-29
 159.539016     -3.361   0.540409    14.2216   -0.09982     -3.333     0.3339    -0.5257 -9.990e-29
 159.539022     -3.322   0.627866    14.1897   -0.09755     -3.294     0.3902    -0.4775 -9.990e-29
 159.539028     -3.268   0.752463    14.1618   -0.10061     -3.241     0.4711    -0.4108 -9.990e-29
 159.539034     -3.206   0.890098    14.1467   -0.09685     -3.179     0.5612    -0.3387 -9.990e-29
 159.539039     -3.138   1.026822    14.1434   -0.09687     -3.112     0.6514    -0.2684 -9.990e-29
 159.539045     -3.071   1.167427    14.1517   -0.09689     -3.045     0.7447    -0.1973 -9.990e-29
 159.539051     -3.002   1.413403    14.1819   -0.09687     -2.977     0.9090    -0.0744 -9.990e-29
 159.539057     -2.925   2.097711    14.2740   -0.09686     -2.901     1.3733     0.2714 -9.990e-29
 159.539063     -2.834   4.153289    14.4819   -0.09685     -2.810     2.8152     1.3528 -9.990e-29
 159.539068     -2.731  10.261543    14.7574   -0.09688     -2.708     7.3622     4.8026 -9.990e-29
 159.539074     -2.615  20.083830    14.9652   -0.09684     -2.593    15.1643    10.7442 -9.990e-29
 159.539080     -2.491  28.073269    15.0653   -0.09682     -2.470    21.8276    15.8311 -9.990e-29
 159.539086     -2.372  31.586904    15.1046   -0.09683     -2.352    24.8321    18.1282 -9.990e-29
 159.539091     -2.264  33.020696    15.1177   -0.09684     -2.245    26.0719    19.0774 -9.990e-29
 159.539097     -2.172  34.675908    15.1214   -0.09684     -2.154    27.5198    20.1887 -9.990e-29
 159.539103     -2.100  36.005978    15.1231   -0.09685     -2.082    28.6915    21.0887 -9.990e-29
 159.539109     -2.037  36.444627    15.1260   -0.09685     -2.020    29.0775    21.3849 -9.990e-29
 159.539115     -1.981  36.599739    15.1296   -0.09684     -1.964    29.2123    21.4877 -9.990e-29
 159.539120     -1.937  36.657408    15.1320   -0.09684     -1.921    29.2616    21.5251 -9.990e-29
 159.539126     -1.905  36.669321    15.1329   -0.09684     -1.889    29.2715    21.5325 -9.990e-29
 159.539132     -1.880  36.671576    15.1334   -0.09685     -1.864    29.2731    21.5336 -9.990e-29
 159.539138     -1.851  36.687955    15.1336   -0.09685     -1.836    29.2874    21.5446 -9.990e-29
 159.539144     -1.817  36.706115    15.1325   -0.09683     -1.802    29.3043    21.5579 -9.990e-29
 159.539149     -1.784  36.711607    15.1303   -0.09683     -1.769    29.3108    21.5633 -9.990e-29
 159.539155     -1.754  36.710097    15.1281   -0.09685     -1.739    29.3111    21.5640 -9.990e-29
 159.539161     -1.725  36.709692    15.1268   -0.09687     -1.711    29.3117    21.5648 -9.990e-29
 159.539167     -1.700  36.712121    15.1264   -0.09689     -1.686    29.3142    21.5667 -9.990e-29
 159.539172     -1.681  36.716725    15.1265   -0.09687     -1.667    29.3182    21.5698 -9.990e-29
 159.539178     -1.662  36.722378    15.1270   -0.09684     -1.648    29.3228    21.5732 -9.990e-29
 159.539184     -1.640  36.725989    15.1282   -0.09685     -1.626    29.3251    21.5748 -9.990e-29
 159.539190     -1.615  36.724551    15.1300   -0.09687     -1.602    29.3225    21.5724 -9.990e-29
 159.539196     -1.596  36.717856    15.1314   -0.09688     -1.583    29.3155    21.5667 -9.990e-29
 159.539201     -1.580  36.711584    15.1321   -0.09690     -1.567    29.3094    21.5619 -9.990e-29
 159.539207     -1.563  36.709737    15.1318   -0.09684     -1.550    29.3080    21.5608 -9.990e-29
 159.539213     -1.548  36.703151    15.1291   -0.09682     -1.535    29.3042    21.5585 -9.990e-29
 159.539219     -1.538  36.687557    15.1243   -0.09685     -1.525    29.2939    21.5516 -9.990e-29
 159.539225     -1.533  36.676397    15.1217   -0.09685     -1.520    29.2860    21.5460 -9.990e-29
 159.539230     -1.527  36.681734    15.1236   -0.09689     -1.514    29.2893    21.5482 -9.990e-29
 159.539236     -1.513  36.698936    15.1264   -0.09687     -1.500    29.3024    21.5577 -9.990e-29
 159.539242     -1.489  36.708908    15.1256   -0.09685     -1.477    29.3119    21.5651 -9.990e-29
 159.539248     -1.466  36.701981    15.1207   -0.09684     -1.454    29.3094    21.5642 -9.990e-29
 159.539253     -1.452  36.690818    15.1179   -0.09685     -1.440    29.3016    21.5588 -9.990e-29
 159.539259     -1.437  36.691961    15.1221   -0.09685     -1.425    29.2994    21.5563 -9.990e-29
 159.539265     -1.411  36.706961    15.1280   -0.09685     -1.399    29.3083    21.5619 -9.990e-29
 159.539271     -1.378  36.721639    15.1299   -0.09685     -1.367    29.3199    21.5704 -9.990e-29
 159.539277     -1.343  36.721387    15.1271   -0.09686     -1.332    29.3218    21.5724 -9.990e-29
 159.539282     -1.313  36.709822    15.1224   -0.09685     -1.302    29.3150    21.5682 -9.990e-29
 159.539288     -1.291  36.701833    15.1210   -0.09685     -1.280    29.3090    21.5639 -9.990e-29
 159.539294     -1.270  36.703056    15.1235   -0.09683     -1.259    29.3082    21.5627 -9.990e-29
 159.539300     -1.245  36.710099    15.1264   -0.09683     -1.235    29.3122    21.5652 -9.990e-29
 159.539306     -1.214  36.716120    15.1281   -0.09686     -1.204    29.3163    21.5680 -9.990e-29
 159.539311     -1.176  36.716838    15.1292   -0.09686     -1.166    29.3161    21.5676 -9.990e-29
 159.539317     -1.133  36.714359    15.1305   -0.09689     -1.124    29.3129    21.5649 -9.990e-29
 159.539323     -1.089  36.712694    15.1319   -0.09689     -1.080    29.3104    21.5627 -9.990e-29
 159.539329     -1.051  36.711332    15.1327   -0.09687     -1.042    29.3086    21.5611 -9.990e-29
 159.539334     -1.021  36.706803    15.1330   -0.09687     -1.012    29.3043    21.5578 -9.990e-29
 159.539340     -0.997  36.703187    15.1334   -0.09687     -0.989    29.3008    21.5550 -9.990e-29
 159.539346     -0.982  36.706908    15.1340   -0.09689     -0.974    29.3036    21.5570 -9.990e-29
 159.539352     -0.973  36.715662    15.1338   -0.09689     -0.965    29.3115    21.5632 -9.990e-29
 159.539358     -0.959  36.720400    15.1320   -0.09689     -0.951    29.3171    21.5678 -9.990e-29
 159.539363     -0.935  36.714011    15.1281   -0.09690     -0.927    29.3143    21.5665 -9.990e-29
 159.539369     -0.910  36.702020    15.1229   -0.09691     -0.902    29.3076    21.5624 -9.990e-29
 159.539375     -0.893  36.695383    15.1205   -0.09690     -0.886    29.3035    21.5598 -9.990e-29
 159.539381     -0.878  36.695931    15.1218   -0.09689     -0.871    29.3030    21.5591 -9.990e-29
 159.539387     -0.864  36.699373    15.1232   -0.09690     -0.857    29.3050    21.5604 -9.990e-29
 159.539392     -0.855  36.699111    15.1227   -0.09690     -0.848    29.3051    21.5606 -9.990e-29
 159.539398     -0.840  36.693142    15.1209   -0.09690     -0.833    29.3012    21.5579 -9.990e-29
 159.539404     -0.816  36.687553    15.1190   -0.09691     -0.809    29.2976    21.5556 -9.990e-29
 159.539410     -0.793  36.685012    15.1174   -0.09688     -0.786    29.2966    21.5551 -9.990e-29
 159.539416     -0.774  36.683279    15.1154   -0.09689     -0.768    29.2965    21.5555 -9.990e-29
 159.539421     -0.749  36.681752    15.1137   -0.09689     -0.743    29.2964    21.5558 -9.990e-29
 159.539427     -0.717  36.681786    15.1139   -0.09690     -0.711    29.2963    21.5556 -9.990e-29
 159.539433     -0.684  36.684574    15.1153   -0.09691     -0.678    29.2977    21.5564 -9.990e-29
 159.539439     -0.653  36.688814    15.1161   -0.09689     -0.648    29.3009    21.5587 -9.990e-29
 159.539444     -0.626  36.690092    15.1158   -0.09690     -0.621    29.3022    21.5598 -9.990e-29
 159.539450     -0.605  36.687337    15.1150   -0.09691     -0.600    29.3004    21.5585 -9.990e-29
 159.539456     -0.584  36.685313    15.1155   -0.09693     -0.579    29.2982    21.5567 -9.990e-29
 159.539462     -0.563  36.686956    15.1179   -0.09693     -0.558    29.2978    21.5560 -9.990e-29
 159.539468     -0.545  36.690559    15.1200   -0.09692     -0.540    29.2994    21.5568 -9.990e-29
 159.539473     -0.527  36.691420    15.1197   -0.09692     -0.523    29.3004    21.5576 -9.990e-29
 159.539479     -0.514  36.687911    15.1167   -0.09692     -0.510    29.2996    21.5576 -9.990e-29
 159.539485     -0.508  36.684913    15.1139   -0.09692     -0.504    29.2990    21.5577 -9.990e-29
 159.539491     -0.506  36.685745    15.1137   -0.09692     -0.502    29.2999    21.5584 -9.990e-29
 159.539497     -0.498  36.689300    15.1137   -0.09692     -0.494    29.3030    21.5609 -9.990e-29
 159.539502     -0.484  36.691371    15.1108   12.76157     -0.480    29.3070    21.5645 -9.990e-29
 159.539508     -0.472  36.689702    15.1064   23.26029     -0.468    29.3088    21.5669 -9.990e-29
 159.539514     -0.464  36.688264    15.1044   24.88838     -0.460    29.3090    21.5675 -9.990e-29
 159.539520     -0.457  36.688528    15.1050   22.10367     -0.453    29.3088    21.5672 -9.990e-29
 159.539525     -0.445  36.688070    15.1055   14.73759     -0.441    29.3080    21.5665 -9.990e-29
 159.539531     -0.433  36.686866    15.1056   11.33223     -0.429    29.3069    21.5655 -9.990e-29
 159.539537     -0.423  36.686143    15.1058   11.35263     -0.419    29.3061    21.5649 -9.990e-29
 159.539543     -0.415  36.686268    15.1063   11.32234     -0.412    29.3058    21.5646 -9.990e-29
 159.539549     -0.409  36.687983    15.1075   11.32528     -0.406    29.3065    21.5648 -9.990e-29
 159.539554     -0.404  36.694336    15.1096   11.32821     -0.401    29.3105    21.5675 -9.990e-29
 159.539560     -0.399  36.712690    15.1122   11.32611     -0.396    29.3249    21.5780 -9.990e-29
 159.539566     -0.395  36.739115    15.1142   11.32894     -0.392    29.3468    21.5944 -9.990e-29
 159.539572     -0.391  36.756704    15.1154   11.32652     -0.388    29.3615    21.6055 -9.990e-29
 159.539578     -0.388  36.763122    15.1164   11.32920     -0.385    29.3665    21.6091 -9.990e-29
 159.539583     -0.383  36.765811    15.1174   11.32920     -0.380    29.3681    21.6101 -9.990e-29
 159.539589     -0.379  36.767243    15.1175   11.13038     -0.376    29.3693    21.6110 -9.990e-29
 159.539595     -0.373  36.767652    15.1163    7.99841     -0.370    29.3705    21.6122 -9.990e-29
 159.539601     -0.366  36.767029    15.1147    5.24384     -0.363    29.3712    21.6131 -9.990e-29
 159.539606     -0.358  36.766232    15.1133    3.85736     -0.355    29.3715    21.6136 -9.990e-29
 159.539612     -0.348  36.765328    15.1120    3.79111     -0.345    29.3717    21.6140 -9.990e-29
 159.539618     -0.334  36.764239    15.1110    5.10043     -0.331    29.3715    21.6141 -9.990e-29
 159.539624     -0.317  36.763764    15.1107    5.88941     -0.314    29.3713    21.6140 -9.990e-29
 159.539630     -0.295  36.763838    15.1110    6.23186     -0.293    29.3711    21.6138 -9.990e-29
 159.539635     -0.272  36.764004    15.1116    6.42944     -0.270    29.3708    21.6134 -9.990e-29
 159.539641     -0.253  36.764491    15.1127    6.52439     -0.251    29.3704    21.6129 -9.990e-29
 159.539647     -0.238  36.765394    15.1138    6.57439     -0.236    29.3704    21.6126 -9.990e-29
 159.539653     -0.218  36.766240    15.1145    6.60606     -0.216    29.3706    21.6126 -9.990e-29
 159.539659     -0.192  36.766485    15.1147    6.63005     -0.190    29.3706    21.6127 -9.990e-29
 159.539664     -0.165  36.766464    15.1150    6.64452     -0.164    29.3704    21.6124 -9.990e-29
 159.539670     -0.140  36.766714    15.1154    6.64329     -0.139    29.3703    21.6122 -9.990e-29
 159.539676     -0.121  36.767017    15.1158    6.63491     -0.120    29.3703    21.6121 -9.990e-29
 159.539682     -0.111  36.767221    15.1161    6.62564     -0.110    29.3702    21.6120 -9.990e-29
 159.539688     -0.100  36.767606    15.1167    6.62911     -0.099    29.3701    21.6118 -9.990e-29
 159.539693     -0.078  36.768131    15.1177    6.61809     -0.077    29.3698    21.6114 -9.990e-29
 159.539699     -0.050  36.768944    15.1189    6.60395     -0.050    29.3696    21.6110 -9.990e-29
 159.539705     -0.021  36.770012    15.1197    6.59990     -0.021    29.3700    21.6111 -9.990e-29
 159.539711      0.002  36.770524    15.1199    6.60881      0.002    29.3703    21.6113 -9.990e-29
 159.539716      0.016  36.770610    15.1201    6.62021      0.016    29.3702    21.6112 -9.990e-29
 159.539722      0.022  36.770950    15.1206    6.61504      0.022    29.3701    21.6110 -9.990e-29
 159.539728      0.019  36.771446    15.1214    6.59462      0.019    29.3700    21.6107 -9.990e-29
 159.539734      0.013  36.772205    15.1223    6.57120      0.013    29.3700    21.6105 -9.990e-29
 159.539740      0.012  36.773124    15.1225    6.58022      0.012    29.3706    21.6110 -9.990e-29
