data/oxygen options/OCNMS/OCNMS2/raw_data/2005/CTD_TH90_083105faed.cnv
* Sea-Bird SBE19 Data File:
* FileName = C:\hypoxia CTD data\TH90_083105.hex
* Software Version 1.1.5
* Temperature SN = 2997
* Conductivity SN = 2997
* System UpLoad Time = Aug 31 2005 15:30:19
** Teahwhit Head 083105 90m
* SEACAT PROFILER V3.1c SN 2997   08/31/05  15:26:06.947
# nquan = 9                                 
# nvalues = 1469                        
# units = specified
# name 0 = timeJ: Julian Days
# name 1 = prSM: Pressure, Strain Gauge [db]
# name 2 = c0mS/cm: Conductivity [mS/cm]
# name 3 = t090C: Temperature [ITS-90, deg C]
# name 4 = oxML/L: Oxygen, Beckman/YSI [ml/l]
# name 5 = depSM: Depth [salt water, m], lat = 47.5
# name 6 = sal00: Salinity, Practical [PSU]
# name 7 = sigma-é00: Density [sigma-theta, kg/m^3]
# name 8 = flag: flag
# span 0 = 243.504410, 243.512905       
# span 1 =     -3.580,     93.917       
# span 2 =   0.492101,  38.998400       
# span 3 =     7.3327,    15.0230       
# span 4 =   -0.12033,   24.96044       
# span 5 =     -3.550,     93.112       
# span 6 =     0.3076,    33.8065       
# span 7 =    -0.4669,    26.4334       
# span 8 = 0.0000e+00, 0.0000e+00       
# interval = seconds: 0.5
# start_time = Aug 31 2005 12:06:21 [Instrument's time stamp, header]
# bad_flag = -9.990e-29
*END*
 243.504410     -3.580 -9.990e-29    13.6326   -0.12029     -3.550 -9.990e-29 -9.990e-29 -9.990e-29
 243.504416     -3.570   0.492101    13.6349   -0.12029     -3.540     0.3076    -0.4647 -9.990e-29
 243.504421     -3.557   0.493697    13.6377   -0.12029     -3.527     0.3086    -0.4643 -9.990e-29
 243.504427     -3.540   0.494604    13.6405   -0.12027     -3.510     0.3091    -0.4642 -9.990e-29
 243.504433     -3.519   0.494922    13.6430   -0.12027     -3.490     0.3093    -0.4644 -9.990e-29
 243.504439     -3.495   0.495627    13.6452   -0.12027     -3.466     0.3097    -0.4644 -9.990e-29
 243.504444     -3.473   0.496553    13.6471   -0.12027     -3.444     0.3103    -0.4642 -9.990e-29
 243.504450     -3.449   0.496716    13.6488   -0.12028     -3.420     0.3104    -0.4644 -9.990e-29
 243.504456     -3.428   0.495780    13.6502   -0.12029     -3.399     0.3098    -0.4650 -9.990e-29
 243.504462     -3.408   0.494715    13.6512   -0.12031     -3.380     0.3091    -0.4657 -9.990e-29
 243.504468     -3.383   0.494319    13.6523   -0.12033     -3.355     0.3088    -0.4661 -9.990e-29
 243.504473     -3.357   0.494064    13.6538   -0.12031     -3.329     0.3087    -0.4664 -9.990e-29
 243.504479     -3.330   0.493612    13.6554   -0.12030     -3.302     0.3084    -0.4669 -9.990e-29
 243.504485     -3.299   0.494578    13.6563   -0.12028     -3.271     0.3090    -0.4665 -9.990e-29
 243.504491     -3.256   0.498251    13.6564   -0.12030     -3.229     0.3113    -0.4647 -9.990e-29
 243.504497     -3.203   0.503984    13.6555   -0.12028     -3.176     0.3151    -0.4617 -9.990e-29
 243.504502     -3.145   0.510550    13.6532   -0.11060     -3.119     0.3193    -0.4580 -9.990e-29
 243.504508     -3.087   0.515614    13.6497   -0.09692     -3.061     0.3226    -0.4550 -9.990e-29
 243.504514     -3.029   0.518167    13.6462   -0.09564     -3.004     0.3243    -0.4532 -9.990e-29
 243.504520     -2.968   0.520503    13.6446   -0.09533     -2.943     0.3258    -0.4518 -9.990e-29
 243.504525     -2.901   0.526848    13.6462   -0.09565     -2.877     0.3299    -0.4489 -9.990e-29
 243.504531     -2.822   0.547878    13.6509   -0.09597     -2.798     0.3435    -0.4390 -9.990e-29
 243.504537     -2.727   0.614409    13.6604   -0.09636     -2.704     0.3866    -0.4067 -9.990e-29
 243.504543     -2.609   0.820138    13.6863   -0.09700     -2.587     0.5214    -0.3055 -9.990e-29
 243.504549     -2.462   1.434383    13.7645   -0.09736     -2.441     0.9330     0.0030 -9.990e-29
 243.504554     -2.280   3.258393    14.0021   -0.09745     -2.261     2.2026     0.9512 -9.990e-29
 243.504560     -2.060   8.701445    14.4310   -0.09744     -2.043     6.2162     3.9757 -9.990e-29
 243.504566     -1.797  19.172880    14.8374   -0.09738     -1.782    14.4629    10.2299 -9.990e-29
 243.504572     -1.491  30.039058    15.0230   -0.09724     -1.479    23.5416    17.1543 -9.990e-29
 243.504578     -1.152  36.047208    15.0100   -0.09721     -1.142    28.8107    21.2040 -9.990e-29
 243.504583     -0.797  38.109106    14.8930   -0.09729     -0.790    30.7392    22.7122 -9.990e-29
 243.504589     -0.447  38.790576    14.7238   -0.09737     -0.443    31.4879    23.3245 -9.990e-29
 243.504595     -0.113  38.976700    14.5425   -0.09738     -0.112    31.8041    23.6062 -9.990e-29
 243.504601      0.200  38.985769    14.4040   -0.09739      0.198    31.9261    23.7293 -9.990e-29
 243.504606      0.483  38.924673    14.3310   -0.09743      0.479    31.9304    23.7478 0.0000e+00
 243.504612      0.723  38.864523    14.3095   -0.09748      0.717    31.8931    23.7235 0.0000e+00
 243.504618      0.919  38.845727    14.3232   -0.09753      0.911    31.8646    23.6987 0.0000e+00
 243.504624      1.079  38.855584    14.3503   -0.09756      1.070    31.8512    23.6827 0.0000e+00
 243.504630      1.212  38.863516    14.3632   -0.09757      1.202    31.8478    23.6774 -9.990e-29
 243.504635      1.329  38.859381    14.3540   -0.09757      1.318    31.8515    23.6822 -9.990e-29
 243.504641      1.435  38.847245    14.3360   -0.09755      1.423    31.8552    23.6888 -9.990e-29
 243.504647      1.529  38.831155    14.3195   -0.09754      1.516    31.8541    23.6914 -9.990e-29
 243.504653      1.605  38.819418    14.3019   -0.09754      1.592    31.8578    23.6979 -9.990e-29
 243.504659      1.667  38.819969    14.2787   -0.09754      1.653    31.8774    23.7179 -9.990e-29
 243.504664      1.727  38.834137    14.2529   -0.09755      1.713    31.9117    23.7496 -9.990e-29
 243.504670      1.794  38.857282    14.2311   -0.09756      1.779    31.9509    23.7844 -9.990e-29
 243.504676      1.863  38.878784    14.2180   -0.09756      1.847    31.9814    23.8106 -9.990e-29
 243.504682      1.927  38.888636    14.2130   -0.09756      1.911    31.9945    23.8218 -9.990e-29
 243.504687      1.980  38.887662    14.2131   -0.09756      1.963    31.9935    23.8210 -9.990e-29
 243.504693      2.017  38.884689    14.2160   -0.09754      2.000    31.9884    23.8164 -9.990e-29
 243.504699      2.036  38.885322    14.2188   -0.09754      2.019    31.9866    23.8145 -9.990e-29
 243.504705      2.044  38.888194    14.2200   -0.09752      2.027    31.9883    23.8155 -9.990e-29
 243.504711      2.048  38.889875    14.2189   -0.09751      2.031    31.9907    23.8176 -9.990e-29
 243.504716      2.054  38.889278    14.2160   -0.09752      2.037    31.9926    23.8197 -9.990e-29
 243.504722      2.062  38.887883    14.2140   -0.09756      2.045    31.9930    23.8204 -9.990e-29
 243.504728      2.072  38.886666    14.2151   -0.09762      2.055    31.9909    23.8186 -9.990e-29
 243.504734      2.085  38.883477    14.2179   -0.09763      2.068    31.9857    23.8140 -9.990e-29
 243.504740      2.102  38.876339    14.2202   -0.09763      2.084    31.9772    23.8070 -9.990e-29
 243.504745      2.124  38.869232    14.2217   -0.09763      2.106    31.9695    23.8007 -9.990e-29
 243.504751      2.152  38.870101    14.2235   -0.09763      2.134    31.9688    23.7997 -9.990e-29
 243.504757      2.188  38.879578    14.2257   -0.09763      2.170    31.9756    23.8046 -9.990e-29
 243.504763      2.235  38.890699    14.2259   -0.09762      2.216    31.9856    23.8122 -9.990e-29
 243.504769      2.290  38.899255    14.2205   -0.09758      2.271    31.9979    23.8228 -9.990e-29
 243.504774      2.346  38.903785    14.2085   -0.09756      2.326    32.0120    23.8362 -9.990e-29
 243.504780      2.392  38.903629    14.1946   -0.09755      2.372    32.0234    23.8478 -9.990e-29
 243.504786      2.423  38.898612    14.1849   -0.09757      2.403    32.0268    23.8525 -9.990e-29
 243.504792      2.436  38.891611    14.1806   -0.09757      2.416    32.0239    23.8512 -9.990e-29
 243.504797      2.437  38.889027    14.1797   -0.09756      2.417    32.0223    23.8501 -9.990e-29
 243.504803      2.431  38.889689    14.1808   -0.09756      2.411    32.0220    23.8497 -9.990e-29
 243.504809      2.420  38.887222    14.1833   -0.09757      2.400    32.0177    23.8458 -9.990e-29
 243.504815      2.413  38.883416    14.1892   -0.09757      2.393    32.0093    23.8381 -9.990e-29
 243.504821      2.413  38.884451    14.1998   -0.09757      2.393    32.0014    23.8299 -9.990e-29
 243.504826      2.421  38.888935    14.2103   -0.09757      2.401    31.9969    23.8242 -9.990e-29
 243.504832      2.438  38.888857    14.2148   -0.09758      2.418    31.9930    23.8203 -9.990e-29
 243.504838      2.463  38.883027    14.2140   -0.09759      2.442    31.9884    23.8168 -9.990e-29
 243.504844      2.495  38.879414    14.2131   -0.09759      2.474    31.9858    23.8150 -9.990e-29
 243.504850      2.526  38.882768    14.2143   -0.09758      2.505    31.9878    23.8164 -9.990e-29
 243.504855      2.556  38.888059    14.2153   -0.09757      2.535    31.9919    23.8193 -9.990e-29
 243.504861      2.585  38.887787    14.2146   -0.09757      2.563    31.9922    23.8197 -9.990e-29
 243.504867      2.611  38.883868    14.2126   -0.09757      2.589    31.9902    23.8186 -9.990e-29
 243.504873      2.632  38.882329    14.2102   -0.09758      2.610    31.9908    23.8195 -9.990e-29
 243.504878      2.653  38.883956    14.2085   -0.09758      2.631    31.9937    23.8221 -9.990e-29
 243.504884      2.679  38.886463    14.2078   -0.09756      2.657    31.9966    23.8244 -9.990e-29
 243.504890      2.714  38.886495    14.2074   -0.09755      2.691    31.9969    23.8248 -9.990e-29
 243.504896      2.749  38.884125    14.2072   -0.09756      2.726    31.9949    23.8233 -9.990e-29
 243.504902      2.770  38.882958    14.2080   -0.09756      2.747    31.9931    23.8218 -9.990e-29
 243.504907      2.780  38.884275    14.2096   -0.09756      2.757    31.9930    23.8214 -9.990e-29
 243.504913      2.790  38.886498    14.2108   -0.09757      2.767    31.9941    23.8219 -9.990e-29
 243.504919      2.802  38.887018    14.2107   -0.09758      2.779    31.9946    23.8224 -9.990e-29
 243.504925      2.811  38.885998    14.2105   -0.09759      2.788    31.9938    23.8218 -9.990e-29
 243.504931      2.820  38.885477    14.2119   -0.09759      2.796    31.9922    23.8202 -9.990e-29
 243.504936      2.828  38.885917    14.2149   -0.09761      2.804    31.9901    23.8180 -9.990e-29
 243.504942      2.836  38.887375    14.2176   -0.09764      2.812    31.9892    23.8168 -9.990e-29
 243.504948      2.849  38.887901    14.2184   -0.09764      2.825    31.9890    23.8165 -9.990e-29
 243.504954      2.871  38.885988    14.2177   -0.09763      2.847    31.9878    23.8157 -9.990e-29
 243.504959      2.900  38.883605    14.2161   -0.09762      2.876    31.9870    23.8153 -9.990e-29
 243.504965      2.933  38.882097    14.2136   -0.09762      2.909    31.9877    23.8164 -9.990e-29
 243.504971      2.969  38.881168    14.2102   -0.09762      2.944    31.9896    23.8186 -9.990e-29
 243.504977      3.001  38.880173    14.2069   -0.09761      2.976    31.9914    23.8207 -9.990e-29
 243.504983      3.026  38.878937    14.2027   14.24036      3.001    31.9938    23.8234 -9.990e-29
 243.504988      3.047  38.878091    14.1957   23.59651      3.022    31.9988    23.8287 -9.990e-29
 243.504994      3.064  38.877661    14.1883   24.96044      3.038    32.0045    23.8346 -9.990e-29
 243.505000      3.080  38.877106    14.1849   21.88941      3.054    32.0068    23.8371 -9.990e-29
 243.505006      3.094  38.876837    14.1859   14.21568      3.068    32.0057    23.8361 -9.990e-29
 243.505012      3.107  38.878771    14.1885   11.36007      3.081    32.0053    23.8352 -9.990e-29
 243.505017      3.122  38.883276    14.1911   11.37797      3.096    32.0073    23.8362 -9.990e-29
 243.505023      3.137  38.886295    14.1937   11.36431      3.111    32.0079    23.8361 -9.990e-29
 243.505029      3.156  38.886279    14.1971   11.37565      3.130    32.0051    23.8332 -9.990e-29
 243.505035      3.177  38.888289    14.2008   11.37193      3.150    32.0038    23.8315 -9.990e-29
 243.505041      3.204  38.897281    14.2011   11.36624      3.177    32.0118    23.8376 -9.990e-29
 243.505046      3.237  38.909572    14.1927   11.36007      3.210    32.0301    23.8534 -9.990e-29
 243.505052      3.275  38.913540    14.1789   11.36074      3.248    32.0451    23.8679 -9.990e-29
 243.505058      3.307  38.907778    14.1717   11.36504      3.279    32.0458    23.8699 -9.990e-29
 243.505064      3.326  38.904264    14.1726   11.36765      3.298    32.0418    23.8667 -9.990e-29
 243.505069      3.339  38.906756    14.1713    9.67953      3.311    32.0452    23.8695 -9.990e-29
 243.505075      3.350  38.906830    14.1648    6.00091      3.322    32.0507    23.8751 -9.990e-29
 243.505081      3.359  38.901813    14.1608    3.94786      3.331    32.0494    23.8749 -9.990e-29
 243.505087      3.368  38.898513    14.1679    3.27336      3.340    32.0405    23.8666 -9.990e-29
 243.505093      3.377  38.903218    14.1845    4.14632      3.349    32.0310    23.8558 -9.990e-29
 243.505098      3.386  38.913818    14.1995    5.53229      3.358    32.0282    23.8506 -9.990e-29
 243.505104      3.401  38.921483    14.2051    6.04550      3.373    32.0306    23.8513 -9.990e-29
 243.505110      3.426  38.923008    14.2008    6.29586      3.397    32.0356    23.8560 -9.990e-29
 243.505116      3.456  38.919905    14.1929    6.41650      3.427    32.0393    23.8605 -9.990e-29
 243.505122      3.478  38.915359    14.1912    6.47519      3.449    32.0365    23.8587 -9.990e-29
 243.505127      3.494  38.914558    14.1952    6.50858      3.465    32.0325    23.8548 -9.990e-29
 243.505133      3.514  38.916459    14.1966    6.54060      3.485    32.0330    23.8549 -9.990e-29
 243.505139      3.539  38.916884    14.1885    6.55600      3.509    32.0401    23.8621 -9.990e-29
 243.505145      3.562  38.911925    14.1741    6.55086      3.532    32.0475    23.8708 -9.990e-29
 243.505150      3.580  38.902274    14.1659    6.54348      3.550    32.0455    23.8709 -9.990e-29
 243.505156      3.595  38.896938    14.1688    6.54247      3.565    32.0382    23.8646 -9.990e-29
 243.505162      3.607  38.901140    14.1760    6.54594      3.577    32.0360    23.8615 -9.990e-29
 243.505168      3.617  38.908704    14.1776    6.55547      3.587    32.0416    23.8655 -9.990e-29
 243.505174      3.626  38.909524    14.1714    6.56629      3.596    32.0475    23.8713 -9.990e-29
 243.505179      3.634  38.903576    14.1655    6.56336      3.604    32.0470    23.8721 -9.990e-29
 243.505185      3.643  38.899197    14.1670    6.56481      3.613    32.0417    23.8678 -9.990e-29
 243.505191      3.647  38.901204    14.1774    6.55022      3.617    32.0349    23.8604 -9.990e-29
 243.505197      3.644  38.910029    14.1932    6.53982      3.614    32.0299    23.8532 -9.990e-29
 243.505203      3.637  38.921174    14.2063    6.53154      3.607    32.0292    23.8500 -9.990e-29
 243.505208      3.634  38.926505    14.2110    6.52727      3.604    32.0302    23.8498 -9.990e-29
 243.505214      3.643  38.924162    14.2079    6.53572      3.613    32.0307    23.8508 -9.990e-29
 243.505220      3.666  38.918316    14.2004    6.54310      3.635    32.0315    23.8530 -9.990e-29
 243.505226      3.695  38.912393    14.1928    6.54733      3.664    32.0324    23.8552 -9.990e-29
 243.505231      3.724  38.908031    14.1876    6.54327      3.693    32.0327    23.8565 -9.990e-29
 243.505237      3.745  38.905022    14.1861    6.53903      3.714    32.0312    23.8557 -9.990e-29
 243.505243      3.756  38.903842    14.1872    6.53434      3.725    32.0292    23.8539 -9.990e-29
 243.505249      3.758  38.905159    14.1889    6.52664      3.727    32.0290    23.8534 -9.990e-29
 243.505255      3.754  38.907367    14.1921    6.51430      3.723    32.0283    23.8522 -9.990e-29
 243.505260      3.754  38.910044    14.1963    6.49614      3.723    32.0273    23.8506 -9.990e-29
 243.505266      3.762  38.913397    14.1985    6.48425      3.731    32.0285    23.8511 -9.990e-29
 243.505272      3.777  38.915167    14.1955    6.48117      3.745    32.0327    23.8549 -9.990e-29
 243.505278      3.801  38.914911    14.1847    6.48708      3.769    32.0414    23.8638 -9.990e-29
 243.505284      3.832  38.911168    14.1698    6.49613      3.800    32.0503    23.8738 -9.990e-29
 243.505289      3.862  38.902877    14.1602    6.49565      3.830    32.0507    23.8761 -9.990e-29
 243.505295      3.885  38.896931    14.1576    6.50060      3.853    32.0474    23.8741 -9.990e-29
 243.505301      3.898  38.896056    14.1587    6.49772      3.865    32.0456    23.8725 -9.990e-29
 243.505307      3.907  38.897399    14.1640    6.49517      3.874    32.0425    23.8690 -9.990e-29
 243.505313      3.916  38.901631    14.1722    6.49035      3.883    32.0395    23.8650 -9.990e-29
 243.505318      3.925  38.908227    14.1805    6.46865      3.892    32.0387    23.8626 -9.990e-29
 243.505324      3.936  38.914766    14.1877    6.45620      3.903    32.0387    23.8612 -9.990e-29
 243.505330      3.949  38.919875    14.1926    6.45235      3.916    32.0393    23.8606 -9.990e-29
