data/oxygen options/OCNMS/OCNMS2/raw_data/2005/CTD_TH90_052405faedb.cnv
* Sea-Bird SBE19 Data File:
* FileName = C:\Documents and Settings\kirner.PTANGELES\Desktop\hypoxia CTD data\TH100_052405.hex
* Software Version 1.1.5
* Temperature SN = 2997
* Conductivity SN = 2997
* System UpLoad Time = May 24 2005 18:08:14
* SEACAT PROFILER V3.1c SN 2997   05/24/05  18:06:43.808
* strain gauge pressure sensor: S/N = 184829,  range = 3000 psia,  tc = 40
# nquan = 9
# nvalues = 91                          
# units = specified
# name 0 = timeJ: Julian Days
# name 1 = prSM: Pressure, Strain Gauge [db]
# name 2 = c0mS/cm: Conductivity [mS/cm]
# name 3 = t090C: Temperature [ITS-90, deg C]
# name 4 = oxML/L: Oxygen, Beckman/YSI [ml/l]
# name 5 = depSM: Depth [salt water, m], lat = 47.5
# name 6 = sal00: Salinity, Practical [PSU]
# name 7 = sigma-é00: Density [sigma-theta, kg/m^3]
# name 8 = flag: flag
# span 0 = 144.682715, 144.683943       
# span 1 =      3.000,     93.000       
# span 2 =  32.805232,  37.099017       
# span 3 =     8.5604,    14.5712       
# span 4 =    3.03801,    6.32769       
# span 5 =      2.975,     92.203       
# span 6 =    26.2409,    33.3918       
# span 7 =    19.3178,    25.9285       
# span 8 = 0.0000e+00, 0.0000e+00       
# interval = decibars: 1                
# start_time = May 24 2005 16:20:01 [Instrument's time stamp, header]
# bad_flag = -9.990e-29
*END*
 144.682715      3.000  32.805232    14.5712    5.94597      2.975    26.2409    19.3178 0.0000e+00
 144.682735      4.000  33.637823    14.0022    5.88710      3.967    27.3886    20.3136 0.0000e+00
 144.682752      5.000  35.490647    13.1343    6.02373      4.958    29.7300    22.2886 0.0000e+00
 144.682765      6.000  36.379098    12.6545    5.98727      5.950    30.9444    23.3194 0.0000e+00
 144.682779      7.000  36.497601    12.5137    5.80545      6.941    31.1714    23.5218 0.0000e+00
 144.682792      8.000  36.423909    12.3289    5.70482      7.933    31.2544    23.6209 0.0000e+00
 144.682805      9.000  36.263869    12.0486    5.70004      8.925    31.3351    23.7356 0.0000e+00
 144.682818     10.000  36.200948    11.9339    5.74209      9.916    31.3707    23.7843 0.0000e+00
 144.682831     11.000  36.234122    11.8732    5.81220     10.908    31.4535    23.8596 0.0000e+00
 144.682843     12.000  36.277461    11.8102    5.84176     11.900    31.5483    23.9447 0.0000e+00
 144.682855     13.000  36.275114    11.7482    5.81833     12.891    31.5982    23.9947 0.0000e+00
 144.682867     14.000  36.266274    11.7141    5.77014     13.883    31.6182    24.0165 0.0000e+00
 144.682878     15.000  36.268404    11.6564    5.74730     14.874    31.6691    24.0665 0.0000e+00
 144.682890     16.000  36.254895    11.5794    5.76191     15.866    31.7214    24.1210 0.0000e+00
 144.682901     17.000  36.247775    11.5577    5.80426     16.857    31.7326    24.1337 0.0000e+00
 144.682914     18.000  36.267467    11.5736    5.87171     17.849    31.7378    24.1349 0.0000e+00
 144.682926     19.000  36.340539    11.5965    5.92230     18.841    31.7888    24.1703 0.0000e+00
 144.682937     20.000  36.438452    11.6306    5.94444     19.832    31.8542    24.2151 0.0000e+00
 144.682948     21.000  36.482296    11.6364    5.98112     20.824    31.8915    24.2430 0.0000e+00
 144.682958     22.000  36.496020    11.6395    6.02465     21.815    31.9018    24.2504 0.0000e+00
 144.682970     23.000  36.516238    11.6579    6.07367     22.807    31.9052    24.2497 0.0000e+00
 144.682981     24.000  36.564857    11.7029    6.14439     23.798    31.9132    24.2478 0.0000e+00
 144.682993     25.000  36.638793    11.7461    6.18976     24.790    31.9474    24.2665 0.0000e+00
 144.683005     26.000  36.679267    11.7766    6.21956     25.781    31.9600    24.2708 0.0000e+00
 144.683018     27.000  36.741838    11.8308    6.26799     26.773    31.9737    24.2714 0.0000e+00
 144.683029     28.000  36.829543    11.8778    6.28150     27.764    32.0177    24.2970 0.0000e+00
 144.683039     29.000  36.887605    11.9069    6.31342     28.756    32.0484    24.3154 0.0000e+00
 144.683050     30.000  36.928886    11.9291    6.32769     29.747    32.0687    24.3272 0.0000e+00
 144.683060     31.000  36.967248    11.9441    6.32590     30.739    32.0925    24.3429 0.0000e+00
 144.683071     32.000  37.022977    11.9521    6.31853     31.730    32.1390    24.3775 0.0000e+00
 144.683082     33.000  37.072613    11.9556    6.26412     32.722    32.1835    24.4114 0.0000e+00
 144.683094     34.000  37.099017    11.9461    6.20621     33.713    32.2168    24.4390 0.0000e+00
 144.683107     35.000  37.092393    11.8916    6.19697     34.705    32.2572    24.4804 0.0000e+00
 144.683118     36.000  37.058606    11.8083    6.19864     35.696    32.2962    24.5262 0.0000e+00
 144.683129     37.000  37.025382    11.7729    6.19432     36.688    32.2943    24.5313 0.0000e+00
 144.683140     38.000  37.017492    11.7654    6.17245     37.679    32.2928    24.5314 0.0000e+00
 144.683151     39.000  37.016902    11.7625    6.19603     38.671    32.2943    24.5332 0.0000e+00
 144.683163     40.000  37.017139    11.7613    6.18937     39.662    32.2952    24.5341 0.0000e+00
 144.683176     41.000  37.016226    11.7612    6.20170     40.654    32.2940    24.5332 0.0000e+00
 144.683191     42.000  37.014868    11.7613    6.21269     41.646    32.2922    24.5318 0.0000e+00
 144.683206     43.000  37.015264    11.7606    6.26499     42.636    32.2927    24.5324 0.0000e+00
 144.683219     44.000  37.012325    11.7536    6.20239     43.628    32.2956    24.5358 0.0000e+00
 144.683230     45.000  37.002410    11.7343    6.05681     44.620    32.3023    24.5447 0.0000e+00
 144.683242     46.000  36.968718    11.6449    6.00387     45.611    32.3471    24.5957 0.0000e+00
 144.683252     47.000  36.827944    11.4125    6.01084     46.602    32.4124    24.6885 0.0000e+00
 144.683264     48.000  36.586884    11.1551    6.02382     47.594    32.4012    24.7259 0.0000e+00
 144.683277     49.000  36.401745    10.9784    5.99353     48.585    32.3738    24.7359 0.0000e+00
 144.683290     50.000  36.265308    10.8195    5.87771     49.577    32.3785    24.7674 0.0000e+00
 144.683304     51.000  36.124482    10.6298    5.87510     50.568    32.4061    24.8216 0.0000e+00
 144.683316     52.000  35.884895    10.3365    5.89429     51.560    32.4268    24.8877 0.0000e+00
 144.683328     53.000  35.679244    10.1474    5.91994     52.551    32.3882    24.8896 0.0000e+00
 144.683340     54.000  35.577479    10.0310    5.94788     53.542    32.3892    24.9097 0.0000e+00
 144.683353     55.000  35.474132     9.8778    5.96621     54.534    32.4214    24.9602 0.0000e+00
 144.683365     56.000  35.366187     9.7690    5.96592     55.525    32.4091    24.9684 0.0000e+00
 144.683377     57.000  35.320509     9.7127    5.85540     56.517    32.4128    24.9805 0.0000e+00
 144.683389     58.000  35.294434     9.6706    5.62717     57.508    32.4236    24.9959 0.0000e+00
 144.683402     59.000  35.280949     9.6387    5.41993     58.499    32.4382    25.0124 0.0000e+00
 144.683415     60.000  35.280445     9.6083    5.32184     59.491    32.4647    25.0380 0.0000e+00
 144.683427     61.000  35.266921     9.5565    5.27653     60.482    32.4973    25.0719 0.0000e+00
 144.683438     62.000  35.252373     9.5149    5.27225     61.473    32.5196    25.0960 0.0000e+00
 144.683450     63.000  35.243011     9.4869    5.27608     62.465    32.5350    25.1126 0.0000e+00
 144.683461     64.000  35.237856     9.4704    5.28309     63.456    32.5442    25.1224 0.0000e+00
 144.683473     65.000  35.235332     9.4597    5.28801     64.447    32.5509    25.1293 0.0000e+00
 144.683487     66.000  35.235139     9.4536    5.27990     65.439    32.5558    25.1342 0.0000e+00
 144.683499     67.000  35.232307     9.4437    5.28049     66.430    32.5616    25.1403 0.0000e+00
 144.683512     68.000  35.231854     9.4325    5.21689     67.421    32.5708    25.1493 0.0000e+00
 144.683524     69.000  35.235285     9.4126    5.15906     68.412    32.5920    25.1690 0.0000e+00
 144.683536     70.000  35.238920     9.3935    5.10556     69.404    32.6126    25.1882 0.0000e+00
 144.683550     71.000  35.240215     9.3883    4.89916     70.396    32.6183    25.1936 0.0000e+00
 144.683564     72.000  35.242041     9.3135    4.38245     71.386    32.6880    25.2600 0.0000e+00
 144.683577     73.000  35.260596     9.1712    3.93159     72.378    32.8373    25.3993 0.0000e+00
 144.683592     74.000  35.276656     9.0941    3.70639     73.369    32.9246    25.4797 0.0000e+00
 144.683606     75.000  35.284493     9.0430    3.56037     74.360    32.9795    25.5307 0.0000e+00
 144.683619     76.000  35.304816     8.9686    3.45515     75.352    33.0692    25.6126 0.0000e+00
 144.683632     77.000  35.321936     8.9124    3.39713     76.343    33.1390    25.6760 0.0000e+00
 144.683646     78.000  35.322938     8.8648    3.36918     77.334    33.1841    25.7187 0.0000e+00
 144.683659     79.000  35.316241     8.8177    3.34239     78.326    33.2207    25.7547 0.0000e+00
 144.683674     80.000  35.309710     8.7945    3.34975     79.317    33.2352    25.7696 0.0000e+00
 144.683687     81.000  35.306184     8.7829    3.34640     80.308    33.2418    25.7766 0.0000e+00
 144.683702     82.000  35.302915     8.7736    3.33539     81.299    33.2467    25.7819 0.0000e+00
 144.683715     83.000  35.299067     8.7616    3.30156     82.290    33.2535    25.7891 0.0000e+00
 144.683727     84.000  35.295557     8.7385    3.25025     83.282    33.2710    25.8064 0.0000e+00
 144.683739     85.000  35.289973     8.7000    3.18561     84.273    33.3009    25.8358 0.0000e+00
 144.683753     86.000  35.279997     8.6454    3.12791     85.265    33.3414    25.8760 0.0000e+00
 144.683768     87.000  35.269434     8.6086    3.10224     86.255    33.3645    25.8997 0.0000e+00
 144.683786     88.000  35.270994     8.6103    3.08856     87.247    33.3641    25.8991 0.0000e+00
 144.683802     89.000  35.262228     8.5767    3.05104     88.238    33.3861    25.9215 0.0000e+00
 144.683815     90.000  35.255518     8.5630    3.03801     89.230    33.3915    25.9279 0.0000e+00
 144.683828     91.000  35.253812     8.5604    3.04693     90.221    33.3918    25.9285 0.0000e+00
 144.683843     92.000  35.254419     8.5607    3.04504     91.212    33.3916    25.9283 0.0000e+00
 144.683943     93.000  35.246242     8.5673    3.04440     92.203    33.3764    25.9154 0.0000e+00
