data/oxygen options/OCNMS/OCNMS2/raw_data/2005/CTD_TH40_081505faedb.cnv
* Sea-Bird SBE19 Data File:
* FileName = C:\Hypoxia Data\TH40_081505.hex
* Software Version 1.1.6
* Temperature SN = 2997
* Conductivity SN = 2997
* System UpLoad Time = Aug 15 2005 18:31:44
* SEACAT PROFILER V3.1c SN 2997   08/15/05  18:30:58.685
* strain gauge pressure sensor: S/N = 184829,  range = 3000 psia,  tc = 40
# nquan = 9
# nvalues = 38                          
# units = specified
# name 0 = timeJ: Julian Days
# name 1 = prSM: Pressure, Strain Gauge [db]
# name 2 = c0mS/cm: Conductivity [mS/cm]
# name 3 = t090C: Temperature [ITS-90, deg C]
# name 4 = oxML/L: Oxygen, Beckman/YSI [ml/l]
# name 5 = depSM: Depth [salt water, m], lat = 47.5
# name 6 = sal00: Salinity, Practical [PSU]
# name 7 = sigma-é00: Density [sigma-theta, kg/m^3]
# name 8 = flag: flag
# span 0 = 227.737163, 227.737576       
# span 1 =      5.000,     42.000       
# span 2 =  34.526870,  36.542828       
# span 3 =     7.5368,    11.6619       
# span 4 =    3.74125,    5.84732       
# span 5 =      4.958,     41.645       
# span 6 =    31.9351,    33.6217       
# span 7 =    24.2717,    26.2590       
# span 8 = 0.0000e+00, 0.0000e+00       
# interval = decibars: 1                
# start_time = Aug 15 2005 17:36:12 [Instrument's time stamp, header]
# bad_flag = -9.990e-29
*END*
 227.737163      5.000  36.542828    11.6619    5.84732      4.958    31.9351    24.2717 0.0000e+00
 227.737182      6.000  36.317635    11.2910    5.49084      5.950    32.0354    24.4165 0.0000e+00
 227.737195      7.000  36.143715    11.1019    5.28337      6.942    32.0286    24.4447 0.0000e+00
 227.737207      8.000  36.062881    10.9561    5.19235      7.933    32.0757    24.5070 0.0000e+00
 227.737217      9.000  35.988231    10.7713    5.10578      8.925    32.1633    24.6073 0.0000e+00
 227.737228     10.000  35.877417    10.5725    4.95350      9.916    32.2278    24.6918 0.0000e+00
 227.737238     11.000  35.763395    10.3724    4.69883     10.908    32.2905    24.7748 0.0000e+00
 227.737248     12.000  35.637950    10.1661    4.43490     11.900    32.3476    24.8540 0.0000e+00
 227.737258     13.000  35.501937     9.9040    4.20117     12.891    32.4445    24.9731 0.0000e+00
 227.737268     14.000  35.344125     9.6384    4.00528     13.882    32.5228    25.0777 0.0000e+00
 227.737277     15.000  35.227294     9.4700    3.90361     14.874    32.5554    25.1304 0.0000e+00
 227.737287     16.000  35.169771     9.3641    3.86331     15.866    32.5922    25.1761 0.0000e+00
 227.737296     17.000  35.126134     9.2598    3.82427     16.858    32.6420    25.2316 0.0000e+00
 227.737306     18.000  35.082752     9.1539    3.78011     17.849    32.6937    25.2887 0.0000e+00
 227.737317     19.000  35.052522     9.0687    3.78493     18.841    32.7403    25.3386 0.0000e+00
 227.737327     20.000  35.050288     8.9806    3.80518     19.832    32.8187    25.4137 0.0000e+00
 227.737338     21.000  35.048509     8.8830    3.79698     20.824    32.9067    25.4977 0.0000e+00
 227.737349     22.000  35.030535     8.7640    3.79693     21.815    32.9980    25.5876 0.0000e+00
 227.737358     23.000  34.998669     8.6271    3.83525     22.807    33.0921    25.6824 0.0000e+00
 227.737368     24.000  34.943169     8.4787    3.84091     23.799    33.1726    25.7680 0.0000e+00
 227.737378     25.000  34.879277     8.3577    3.83480     24.789    33.2186    25.8224 0.0000e+00
 227.737388     26.000  34.834165     8.2633    3.82202     25.782    33.2596    25.8686 0.0000e+00
 227.737399     27.000  34.784417     8.1714    3.82504     26.773    33.2934    25.9088 0.0000e+00
 227.737409     28.000  34.738435     8.0549    3.86577     27.764    33.3548    25.9742 0.0000e+00
 227.737420     29.000  34.667771     7.9293    3.88483     28.756    33.3987    26.0271 0.0000e+00
 227.737431     30.000  34.613989     7.8475    3.87758     29.747    33.4188    26.0548 0.0000e+00
 227.737440     31.000  34.595630     7.8189    3.89590     30.739    33.4262    26.0647 0.0000e+00
 227.737451     32.000  34.590409     7.7941    3.89510     31.731    33.4438    26.0822 0.0000e+00
 227.737460     33.000  34.580684     7.7650    3.87708     32.722    33.4609    26.0998 0.0000e+00
 227.737471     34.000  34.572045     7.7409    3.85641     33.713    33.4742    26.1138 0.0000e+00
 227.737482     35.000  34.567972     7.7113    3.83472     34.705    33.4978    26.1366 0.0000e+00
 227.737493     36.000  34.563561     7.6634    3.81423     35.696    33.5387    26.1756 0.0000e+00
 227.737506     37.000  34.539426     7.5742    3.75642     36.688    33.5983    26.2352 0.0000e+00
 227.737517     38.000  34.528746     7.5506    3.75165     37.679    33.6092    26.2471 0.0000e+00
 227.737529     39.000  34.527475     7.5417    3.74125     38.671    33.6159    26.2537 0.0000e+00
 227.737542     40.000  34.526870     7.5384    3.74804     39.662    33.6179    26.2558 0.0000e+00
 227.737556     41.000  34.529092     7.5414    3.74337     40.654    33.6170    26.2546 0.0000e+00
 227.737576     42.000  34.529815     7.5368    3.75396     41.645    33.6217    26.2590 0.0000e+00
