data/oxygen options/OCNMS/OCNMS2/raw_data/2005/CTD_CA90_052405faed.cnv
* Sea-Bird SBE19 Data File:
* FileName = C:\Documents and Settings\kirner.PTANGELES\Desktop\hypoxia CTD data\CA90_052405.hex
* Software Version 1.1.5
* Temperature SN = 2997
* Conductivity SN = 2997
* System UpLoad Time = May 24 2005 15:33:17
* SEACAT PROFILER V3.1c SN 2997   05/24/05  15:32:31.259
* strain gauge pressure sensor: S/N = 184829,  range = 3000 psia,  tc = 40
# nquan = 9                                 
# nvalues = 2338                        
# units = specified
# name 0 = timeJ: Julian Days
# name 1 = prSM: Pressure, Strain Gauge [db]
# name 2 = c0mS/cm: Conductivity [mS/cm]
# name 3 = t090C: Temperature [ITS-90, deg C]
# name 4 = oxML/L: Oxygen, Beckman/YSI [ml/l]
# name 5 = depSM: Depth [salt water, m], lat = 47.5
# name 6 = sal00: Salinity, Practical [PSU]
# name 7 = sigma-é00: Density [sigma-theta, kg/m^3]
# name 8 = flag: flag
# span 0 = 144.604595, 144.618119       
# span 1 =     -3.337,     85.985       
# span 2 =   0.208452,  37.008542       
# span 3 =     8.1795,    14.0724       
# span 4 =   -0.10204,   27.29570       
# span 5 =     -3.309,     85.250       
# span 6 =     0.1297,    33.5930       
# span 7 =    -0.5317,    26.1433       
# span 8 = 0.0000e+00, 0.0000e+00       
# interval = seconds: 0.5
# start_time = May 24 2005 14:30:37 [Instrument's time stamp, header]
# bad_flag = -9.990e-29
*END*
[from data line 481]
 144.607378     11.130  36.695483    12.5450    6.50336     11.037    31.3315    23.6400 -9.990e-29
 144.607384     11.186  36.708873    12.5343    6.52532     11.092    31.3531    23.6588 -9.990e-29
 144.607390     11.248  36.740806    12.5243    6.53719     11.154    31.3917    23.6906 -9.990e-29
 144.607396     11.307  36.769932    12.5171    6.54303     11.212    31.4254    23.7180 -9.990e-29
 144.607402     11.350  36.784057    12.5121    6.53936     11.255    31.4429    23.7326 -9.990e-29
 144.607407     11.371  36.786872    12.5104    6.53062     11.276    31.4470    23.7361 -9.990e-29
 144.607413     11.372  36.784369    12.5135    6.53146     11.277    31.4421    23.7316 -9.990e-29
 144.607419     11.357  36.773767    12.5202    6.53228     11.262    31.4264    23.7182 -9.990e-29
 144.607425     11.333  36.751580    12.5233    6.54298     11.238    31.4027    23.6993 -9.990e-29
 144.607431     11.307  36.739812    12.5183    6.55228     11.212    31.3957    23.6948 -9.990e-29
 144.607436     11.287  36.755293    12.5112    6.54867     11.192    31.4164    23.7122 -9.990e-29
 144.607442     11.275  36.772680    12.5079    6.53613     11.181    31.4357    23.7277 -9.990e-29
 144.607448     11.275  36.776458    12.5078    6.53753     11.181    31.4393    23.7306 -9.990e-29
 144.607454     11.294  36.774463    12.5067    6.54411     11.199    31.4384    23.7301 -9.990e-29
 144.607459     11.331  36.774686    12.5043    6.55697     11.236    31.4406    23.7322 -9.990e-29
 144.607465     11.371  36.780223    12.5039    6.55569     11.276    31.4461    23.7366 -9.990e-29
 144.607471     11.403  36.784434    12.5055    6.54212     11.308    31.4488    23.7384 -9.990e-29
 144.607477     11.425  36.784516    12.5069    6.53592     11.329    31.4477    23.7373 -9.990e-29
 144.607483     11.442  36.783377    12.5064    6.53465     11.346    31.4470    23.7368 -9.990e-29
 144.607488     11.461  36.783420    12.5034    6.54887     11.365    31.4496    23.7394 -9.990e-29
 144.607494     11.481  36.785821    12.4995    6.55603     11.385    31.4551    23.7444 -9.990e-29
 144.607500     11.501  36.788729    12.4975    6.56339     11.405    31.4595    23.7482 -9.990e-29
 144.607506     11.509  36.790410    12.4981    6.56813     11.413    31.4606    23.7489 -9.990e-29
 144.607512     11.497  36.790855    12.5001    6.56641     11.401    31.4594    23.7476 -9.990e-29
 144.607517     11.472  36.790091    12.5019    6.55904     11.376    31.4572    23.7455 -9.990e-29
 144.607523     11.450  36.788780    12.5029    6.55156     11.354    31.4551    23.7437 -9.990e-29
 144.607529     11.442  36.787973    12.5032    6.54668     11.346    31.4541    23.7429 -9.990e-29
 144.607535     11.448  36.787713    12.5027    6.54434     11.352    31.4542    23.7431 -9.990e-29
 144.607541     11.459  36.787651    12.5008    6.55241     11.363    31.4558    23.7447 -9.990e-29
 144.607546     11.469  36.787698    12.4984    6.56731     11.373    31.4578    23.7467 -9.990e-29
 144.607552     11.468  36.787914    12.4976    6.56708     11.372    31.4587    23.7475 -9.990e-29
 144.607558     11.453  36.788019    12.4987    6.55590     11.357    31.4579    23.7467 -9.990e-29
 144.607564     11.432  36.787587    12.5003    6.54295     11.336    31.4561    23.7450 -9.990e-29
 144.607569     11.419  36.787161    12.5011    6.54364     11.323    31.4551    23.7441 -9.990e-29
 144.607575     11.427  36.787291    12.5008    6.55087     11.331    31.4554    23.7444 -9.990e-29
 144.607581     11.461  36.787588    12.4998    6.55710     11.365    31.4565    23.7454 -9.990e-29
 144.607587     11.514  36.787882    12.4988    6.55837     11.418    31.4576    23.7465 -9.990e-29
 144.607593     11.573  36.788562    12.4985    6.56314     11.476    31.4585    23.7472 -9.990e-29
 144.607598     11.628  36.789406    12.4986    6.54771     11.531    31.4592    23.7477 -9.990e-29
 144.607604     11.684  36.789851    12.4985    6.56194     11.586    31.4597    23.7481 -9.990e-29
 144.607610     11.747  36.789926    12.4979    6.56273     11.649    31.4602    23.7487 -9.990e-29
 144.607616     11.817  36.789728    12.4973    6.57122     11.718    31.4605    23.7490 -9.990e-29
 144.607622     11.892  36.789548    12.4973    6.59836     11.792    31.4603    23.7489 -9.990e-29
 144.607627     11.966  36.789701    12.4981    6.61307     11.866    31.4598    23.7483 -9.990e-29
 144.607633     12.045  36.789828    12.4988    6.62108     11.944    31.4593    23.7478 -9.990e-29
 144.607639     12.141  36.789532    12.4986    6.61481     12.039    31.4591    23.7477 -9.990e-29
 144.607645     12.266  36.788973    12.4970    6.56743     12.163    31.4599    23.7486 0.0000e+00
 144.607650     12.427  36.787966    12.4925    6.49945     12.323    31.4626    23.7516 0.0000e+00
 144.607656     12.631  36.786283    12.4823    6.45015     12.525    31.4695    23.7588 0.0000e+00
 144.607662     12.881  36.783359    12.4609    6.40382     12.773    31.4845    23.7745 0.0000e+00
 144.607668     13.181  36.776411    12.4172    6.39119     13.071    31.5144    23.8059 0.0000e+00
 144.607674     13.524  36.760658    12.3397    6.38394     13.411    31.5644    23.8592 0.0000e+00
 144.607679     13.898  36.727423    12.2425    6.34831     13.782    31.6144    23.9162 0.0000e+00
 144.607685     14.288  36.681165    12.1619    6.34266     14.168    31.6381    23.9496 0.0000e+00
 144.607691     14.677  36.644300    12.1152    6.34051     14.554    31.6420    23.9614 0.0000e+00
 144.607697     15.054  36.624843    12.0938    6.33266     14.928    31.6413    23.9648 0.0000e+00
 144.607703     15.424  36.615896    12.0854    6.33373     15.295    31.6397    23.9651 0.0000e+00
 144.607708     15.791  36.612249    12.0824    6.34337     15.659    31.6386    23.9648 0.0000e+00
 144.607714     16.163  36.610711    12.0808    6.32334     16.027    31.6383    23.9649 0.0000e+00
 144.607720     16.545  36.610349    12.0791    6.31147     16.406    31.6393    23.9659 0.0000e+00
 144.607726     16.941  36.610672    12.0762    6.30094     16.799    31.6419    23.9685 0.0000e+00
 144.607731     17.347  36.610423    12.0703    6.27697     17.202    31.6465    23.9732 0.0000e+00
 144.607737     17.748  36.607023    12.0614    6.26056     17.599    31.6506    23.9780 0.0000e+00
 144.607743     18.134  36.600417    12.0524    6.28211     17.982    31.6517    23.9806 0.0000e+00
 144.607749     18.497  36.594684    12.0461    6.26871     18.342    31.6514    23.9815 0.0000e+00
 144.607755     18.837  36.591705    12.0431    6.26774     18.679    31.6509    23.9817 0.0000e+00
 144.607760     19.152  36.590866    12.0409    6.25306     18.991    31.6518    23.9828 0.0000e+00
 144.607766     19.451  36.590480    12.0363    6.22342     19.288    31.6553    23.9863 0.0000e+00
 144.607772     19.739  36.588346    12.0286    6.22762     19.573    31.6596    23.9912 0.0000e+00
 144.607778     20.009  36.585538    12.0200    6.23572     19.841    31.6641    23.9962 0.0000e+00
 144.607784     20.244  36.585596    12.0142    6.25448     20.074    31.6690    24.0011 0.0000e+00
 144.607789     20.429  36.589709    12.0130    6.26546     20.257    31.6739    24.0051 0.0000e+00
 144.607795     20.559  36.592137    12.0164    6.28028     20.386    31.6733    24.0040 -9.990e-29
 144.607801     20.646  36.588823    12.0232    6.27903     20.473    31.6643    23.9958 -9.990e-29
 144.607807     20.714  36.585437    12.0295    6.26624     20.540    31.6557    23.9879 -9.990e-29
 144.607812     20.778  36.585312    12.0314    6.25972     20.604    31.6539    23.9862 -9.990e-29
 144.607818     20.849  36.586037    12.0283    6.25172     20.674    31.6572    23.9894 -9.990e-29
 144.607824     20.920  36.587455    12.0233    6.25836     20.744    31.6628    23.9946 -9.990e-29
 144.607830     20.980  36.590331    12.0207    6.26065     20.804    31.6677    23.9989 -9.990e-29
 144.607836     21.021  36.591766    12.0214    6.25757     20.844    31.6685    23.9994 -9.990e-29
 144.607841     21.043  36.589179    12.0226    6.25421     20.866    31.6650    23.9965 -9.990e-29
 144.607847     21.059  36.585284    12.0223    6.23193     20.882    31.6615    23.9938 -9.990e-29
 144.607853     21.080  36.583296    12.0202    6.22495     20.903    31.6613    23.9941 -9.990e-29
 144.607859     21.117  36.583365    12.0172    6.22176     20.940    31.6639    23.9966 -9.990e-29
 144.607865     21.164  36.585579    12.0147    6.23572     20.986    31.6682    24.0004 -9.990e-29
 144.607870     21.207  36.590081    12.0135    6.23659     21.029    31.6735    24.0048 -9.990e-29
 144.607876     21.232  36.592775    12.0128    6.22748     21.054    31.6767    24.0073 -9.990e-29
 144.607882     21.235  36.589396    12.0118    6.22624     21.057    31.6743    24.0057 -9.990e-29
 144.607888     21.230  36.582724    12.0108    6.22049     21.052    31.6687    24.0015 -9.990e-29
 144.607894     21.230  36.578441    12.0103    6.22271     21.052    31.6650    23.9988 -9.990e-29
 144.607899     21.238  36.578120    12.0100    6.23279     21.060    31.6650    23.9988 -9.990e-29
 144.607905     21.255  36.580768    12.0100    6.23668     21.077    31.6675    24.0007 -9.990e-29
 144.607911     21.274  36.585427    12.0105    6.23565     21.095    31.6715    24.0038 -9.990e-29
 144.607917     21.278  36.588210    12.0110    6.22919     21.099    31.6738    24.0054 -9.990e-29
 144.607922     21.264  36.586092    12.0116    6.21899     21.085    31.6713    24.0034 -9.990e-29
 144.607928     21.244  36.581854    12.0120    6.22094     21.066    31.6668    23.9999 -9.990e-29
 144.607934     21.229  36.578814    12.0117    6.23105     21.051    31.6642    23.9979 -9.990e-29
 144.607940     21.222  36.577400    12.0110    6.23638     21.044    31.6634    23.9974 -9.990e-29
 144.607946     21.223  36.576847    12.0100    6.22336     21.045    31.6637    23.9978 -9.990e-29
 144.607951     21.232  36.575851    12.0088    6.21214     21.054    31.6638    23.9981 -9.990e-29
 144.607957     21.254  36.574202    12.0076    6.20810     21.076    31.6632    23.9979 -9.990e-29
 144.607963     21.295  36.573622    12.0063    6.21745     21.116    31.6637    23.9985 -9.990e-29
 144.607969     21.349  36.575015    12.0056    6.23467     21.170    31.6657    24.0001 -9.990e-29
 144.607975     21.401  36.580233    12.0062    6.23164     21.221    31.6701    24.0035 -9.990e-29
 144.607980     21.443  36.587818    12.0067    6.20702     21.263    31.6770    24.0087 -9.990e-29
 144.607986     21.469  36.589934    12.0061    6.19812     21.289    31.6795    24.0108 -9.990e-29
 144.607992     21.475  36.584911    12.0048    6.20813     21.295    31.6758    24.0082 -9.990e-29
 144.607998     21.472  36.578382    12.0036    6.22021     21.292    31.6705    24.0043 -9.990e-29
 144.608003     21.467  36.574536    12.0034    6.22359     21.287    31.6670    24.0016 -9.990e-29
 144.608009     21.456  36.573289    12.0039    6.21360     21.276    31.6654    24.0002 -9.990e-29
 144.608015     21.434  36.572973    12.0048    6.20608     21.254    31.6643    23.9992 -9.990e-29
 144.608021     21.403  36.573161    12.0056    6.19758     21.223    31.6638    23.9987 -9.990e-29
 144.608027     21.375  36.573540    12.0057    6.22229     21.196    31.6641    23.9989 -9.990e-29
 144.608032     21.355  36.573491    12.0052    6.24187     21.176    31.6645    23.9993 -9.990e-29
 144.608038     21.340  36.572946    12.0045    6.22381     21.161    31.6646    23.9995 -9.990e-29
 144.608044     21.323  36.572296    12.0040    6.21882     21.144    31.6644    23.9995 -9.990e-29
 144.608050     21.312  36.571228    12.0036    6.19991     21.133    31.6637    23.9990 -9.990e-29
 144.608056     21.323  36.569999    12.0037    6.20999     21.144    31.6624    23.9980 -9.990e-29
 144.608061     21.362  36.570331    12.0046    6.23508     21.183    31.6620    23.9975 -9.990e-29
 144.608067     21.417  36.573783    12.0060    6.23316     21.237    31.6641    23.9988 -9.990e-29
 144.608073     21.476  36.581027    12.0072    6.23342     21.296    31.6700    24.0032 -9.990e-29
 144.608079     21.525  36.587698    12.0080    6.22976     21.344    31.6758    24.0075 -9.990e-29
 144.608084     21.559  36.588106    12.0085    6.21664     21.378    31.6757    24.0074 -9.990e-29
 144.608090     21.583  36.585034    12.0086    6.22120     21.402    31.6727    24.0050 -9.990e-29
 144.608096     21.600  36.582981    12.0083    6.22702     21.419    31.6709    24.0037 -9.990e-29
 144.608102     21.598  36.582011    12.0077    6.21791     21.417    31.6705    24.0035 -9.990e-29
 144.608108     21.568  36.581577    12.0073    6.21871     21.387    31.6704    24.0035 -9.990e-29
 144.608113     21.517  36.581097    12.0068    6.20936     21.336    31.6704    24.0036 -9.990e-29
 144.608119     21.455  36.578998    12.0056    6.20204     21.275    31.6694    24.0031 -9.990e-29
 144.608125     21.389  36.575286    12.0046    6.20753     21.209    31.6667    24.0012 -9.990e-29
 144.608131     21.334  36.572303    12.0043    6.21928     21.155    31.6642    23.9992 -9.990e-29
 144.608137     21.298  36.571118    12.0044    6.20805     21.119    31.6629    23.9982 -9.990e-29
 144.608142     21.288  36.571275    12.0046    6.20250     21.109    31.6629    23.9982 -9.990e-29
 144.608148     21.307  36.572421    12.0052    6.21440     21.128    31.6635    23.9985 -9.990e-29
 144.608154     21.352  36.574963    12.0062    6.24426     21.173    31.6651    23.9996 -9.990e-29
 144.608160     21.410  36.579486    12.0069    6.25741     21.230    31.6688    24.0023 -9.990e-29
 144.608166     21.461  36.585293    12.0073    6.24891     21.281    31.6741    24.0063 -9.990e-29
 144.608171     21.498  36.589470    12.0074    6.22184     21.317    31.6780    24.0094 -9.990e-29
 144.608177     21.517  36.589734    12.0074    6.21297     21.336    31.6782    24.0095 -9.990e-29
 144.608183     21.525  36.587559    12.0075    6.21113     21.344    31.6760    24.0078 -9.990e-29
 144.608189     21.526  36.585652    12.0080    6.23225     21.345    31.6738    24.0060 -9.990e-29
 144.608194     21.515  36.585396    12.0085    6.23617     21.334    31.6731    24.0054 -9.990e-29
 144.608200     21.481  36.585889    12.0087    6.22015     21.301    31.6734    24.0056 -9.990e-29
 144.608206     21.415  36.584982    12.0085    6.20584     21.235    31.6728    24.0051 -9.990e-29
 144.608212     21.344  36.582027    12.0078    6.19663     21.165    31.6705    24.0035 -9.990e-29
 144.608218     21.302  36.578695    12.0074    6.20767     21.123    31.6677    24.0014 -9.990e-29
 144.608223     21.294  36.577274    12.0075    6.21081     21.115    31.6662    24.0002 -9.990e-29
 144.608229     21.307  36.578113    12.0078    6.21493     21.128    31.6668    24.0006 -9.990e-29
 144.608235     21.325  36.580647    12.0083    6.22539     21.146    31.6688    24.0021 -9.990e-29
 144.608241     21.336  36.583767    12.0086    6.22220     21.157    31.6715    24.0041 -9.990e-29
 144.608247     21.337  36.585463    12.0085    6.21187     21.158    31.6733    24.0055 -9.990e-29
 144.608252     21.328  36.585195    12.0082    6.20646     21.149    31.6733    24.0055 -9.990e-29
 144.608258     21.307  36.583725    12.0080    6.20885     21.128    31.6720    24.0046 -9.990e-29
 144.608264     21.284  36.581897    12.0079    6.20300     21.105    31.6704    24.0033 -9.990e-29
 144.608270     21.267  36.580080    12.0078    6.20617     21.088    31.6687    24.0021 -9.990e-29
 144.608275     21.266  36.578654    12.0076    6.19855     21.087    31.6675    24.0012 -9.990e-29
 144.608281     21.289  36.578522    12.0076    6.19179     21.110    31.6674    24.0011 -9.990e-29
 144.608287     21.337  36.580071    12.0076    6.20729     21.158    31.6688    24.0022 -9.990e-29
 144.608293     21.400  36.583123    12.0079    6.21678     21.220    31.6715    24.0042 -9.990e-29
