data/oxygen options/OCNMS/OCNMS2/raw_data/2005/CTD_CE40_052505faed.cnv
* Sea-Bird SBE19 Data File:
* FileName = C:\Documents and Settings\kirner.PTANGELES\Desktop\hypoxia CTD data\CE40__052505.hex
* Software Version 1.1.5
* Temperature SN = 2997
* Conductivity SN = 2997
* System UpLoad Time = May 25 2005 18:08:47
* SEACAT PROFILER V3.1c SN 2997   05/25/05  18:08:02.095
* strain gauge pressure sensor: S/N = 184829,  range = 3000 psia,  tc = 40
# nquan = 9                                 
# nvalues = 618                         
# units = specified
# name 0 = timeJ: Julian Days
# name 1 = prSM: Pressure, Strain Gauge [db]
# name 2 = c0mS/cm: Conductivity [mS/cm]
# name 3 = t090C: Temperature [ITS-90, deg C]
# name 4 = oxML/L: Oxygen, Beckman/YSI [ml/l]
# name 5 = depSM: Depth [salt water, m], lat = 47.5
# name 6 = sal00: Salinity, Practical [PSU]
# name 7 = sigma-é00: Density [sigma-theta, kg/m^3]
# name 8 = flag: flag
# span 0 = 145.666227, 145.669797       
# span 1 =     -3.837,     42.894       
# span 2 =   0.068955,  36.273826       
# span 3 =     9.6795,    15.6157       
# span 4 =   -0.11432,   24.93138       
# span 5 =     -3.805,     42.532       
# span 6 =     0.0425,    32.4976       
# span 7 =    -0.9604,    25.0518       
# span 8 = 0.0000e+00, 0.0000e+00       
# interval = seconds: 0.5
# start_time = May 25 2005 15:59:22 [Instrument's time stamp, header]
# bad_flag = -9.990e-29
*END*
[from data line 161]
 145.667159      0.256  34.297292    14.5790    6.41311      0.254    27.5664    20.3356 -9.990e-29
 145.667164      0.271  34.298067    14.5786    6.42454      0.269    27.5674    20.3364 -9.990e-29
 145.667170      0.290  34.297585    14.5773    6.43335      0.288    27.5679    20.3370 -9.990e-29
 145.667176      0.306  34.296886    14.5770    6.43162      0.303    27.5675    20.3368 -9.990e-29
 145.667182      0.310  34.297279    14.5774    6.42247      0.307    27.5675    20.3367 -9.990e-29
 145.667188      0.304  34.297603    14.5780    6.41248      0.301    27.5674    20.3365 -9.990e-29
 145.667193      0.299  34.297731    14.5790    6.41242      0.297    27.5668    20.3359 -9.990e-29
 145.667199      0.304  34.298394    14.5794    6.41879      0.301    27.5671    20.3360 -9.990e-29
 145.667205      0.319  34.298796    14.5785    6.41731      0.316    27.5681    20.3369 -9.990e-29
 145.667211      0.341  34.298354    14.5772    6.41520      0.338    27.5686    20.3376 -9.990e-29
 145.667216      0.363  34.297596    14.5768    6.40847      0.360    27.5682    20.3374 -9.990e-29
 145.667222      0.382  34.297195    14.5773    6.40458      0.379    27.5675    20.3367 -9.990e-29
 145.667228      0.398  34.297174    14.5781    6.40660      0.395    27.5669    20.3361 -9.990e-29
 145.667234      0.414  34.297507    14.5790    6.40509      0.411    27.5666    20.3357 -9.990e-29
 145.667240      0.429  34.298075    14.5798    6.39745      0.425    27.5665    20.3355 -9.990e-29
 145.667245      0.446  34.298516    14.5802    6.39249      0.442    27.5666    20.3355 -9.990e-29
 145.667251      0.464  34.298859    14.5806    6.39231      0.460    27.5666    20.3354 -9.990e-29
 145.667257      0.482  34.299561    14.5811    6.40739      0.478    27.5669    20.3355 -9.990e-29
 145.667263      0.496  34.300435    14.5813    6.40452      0.492    27.5675    20.3359 -9.990e-29
 145.667269      0.506  34.300966    14.5816    6.39334      0.502    27.5678    20.3361 -9.990e-29
 145.667274      0.513  34.301301    14.5825    6.38848      0.509    27.5674    20.3356 -9.990e-29
 145.667280      0.523  34.301888    14.5833    6.38771      0.519    27.5674    20.3354 -9.990e-29
 145.667286      0.535  34.302389    14.5831    6.38474      0.531    27.5680    20.3359 -9.990e-29
 145.667292      0.547  34.301788    14.5820    6.39249      0.542    27.5682    20.3363 -9.990e-29
 145.667297      0.559  34.300407    14.5812    6.38839      0.554    27.5676    20.3360 -9.990e-29
 145.667303      0.567  34.299768    14.5811    6.38917      0.562    27.5671    20.3356 -9.990e-29
 145.667309      0.568  34.300139    14.5816    6.39890      0.563    27.5670    20.3355 -9.990e-29
 145.667315      0.561  34.300894    14.5831    6.39341      0.556    27.5666    20.3349 -9.990e-29
 145.667321      0.551  34.302477    14.5854    6.37977      0.546    27.5664    20.3343 -9.990e-29
 145.667326      0.546  34.304759    14.5871    6.37025      0.541    27.5673    20.3346 -9.990e-29
 145.667332      0.549  34.306299    14.5874    6.36402      0.544    27.5684    20.3354 -9.990e-29
 145.667338      0.561  34.306349    14.5867    6.37696      0.556    27.5689    20.3359 -9.990e-29
 145.667344      0.578  34.305538    14.5860    6.38304      0.573    27.5687    20.3359 -9.990e-29
 145.667350      0.592  34.305024    14.5859    6.37405      0.587    27.5683    20.3356 -9.990e-29
 145.667355      0.601  34.305242    14.5866    6.36666      0.596    27.5680    20.3352 -9.990e-29
 145.667361      0.609  34.305922    14.5880    6.35708      0.604    27.5676    20.3347 -9.990e-29
 145.667367      0.626  34.306851    14.5890    6.36542      0.621    27.5677    20.3346 -9.990e-29
 145.667373      0.651  34.307586    14.5886    6.38282      0.646    27.5687    20.3353 -9.990e-29
 145.667378      0.675  34.307425    14.5877    6.38753      0.669    27.5692    20.3359 -9.990e-29
 145.667384      0.685  34.306713    14.5879    6.37495      0.679    27.5684    20.3353 -9.990e-29
 145.667390      0.682  34.306742    14.5899    6.36346      0.676    27.5670    20.3338 -9.990e-29
 145.667396      0.675  34.308112    14.5929    6.35429      0.669    27.5661    20.3325 -9.990e-29
 145.667402      0.668  34.310407    14.5957    6.36951      0.662    27.5661    20.3320 -9.990e-29
 145.667407      0.660  34.312767    14.5970    6.37465      0.654    27.5673    20.3326 -9.990e-29
 145.667413      0.651  34.313854    14.5970    6.36523      0.646    27.5683    20.3334 -9.990e-29
 145.667419      0.639  34.313437    14.5968    6.35528      0.634    27.5681    20.3332 -9.990e-29
 145.667425      0.629  34.312643    14.5961    6.35222      0.624    27.5679    20.3332 -9.990e-29
 145.667431      0.629  34.312093    14.5949    6.34514      0.624    27.5682    20.3337 -9.990e-29
 145.667436      0.642  34.311615    14.5938    6.34867      0.637    27.5686    20.3342 -9.990e-29
 145.667442      0.666  34.311134    14.5934    6.35550      0.660    27.5684    20.3342 -9.990e-29
 145.667448      0.689  34.311126    14.5938    6.36429      0.683    27.5681    20.3339 -9.990e-29
 145.667454      0.703  34.311581    14.5945    6.36134      0.697    27.5680    20.3337 -9.990e-29
 145.667459      0.715  34.311983    14.5951    6.35285      0.709    27.5680    20.3335 -9.990e-29
 145.667465      0.728  34.312310    14.5957    6.34168      0.722    27.5678    20.3333 -9.990e-29
 145.667471      0.745  34.312998    14.5964    6.35090      0.739    27.5679    20.3332 -9.990e-29
 145.667477      0.765  34.313842    14.5968    6.36377      0.759    27.5684    20.3335 -9.990e-29
 145.667483      0.786  34.314285    14.5970    6.35758      0.779    27.5686    20.3336 -9.990e-29
 145.667488      0.802  34.314358    14.5974    6.35018      0.795    27.5684    20.3334 -9.990e-29
 145.667494      0.808  34.314158    14.5981    6.34434      0.801    27.5677    20.3327 -9.990e-29
 145.667500      0.808  34.313980    14.5983    6.34501      0.801    27.5674    20.3324 -9.990e-29
 145.667506      0.813  34.314146    14.5980    6.34553      0.806    27.5678    20.3328 -9.990e-29
 145.667512      0.822  34.314319    14.5974    6.34608      0.815    27.5684    20.3333 -9.990e-29
 145.667517      0.827  34.314169    14.5968    6.34211      0.820    27.5687    20.3337 -9.990e-29
 145.667523      0.823  34.314054    14.5967    6.34011      0.816    27.5686    20.3337 -9.990e-29
 145.667529      0.816  34.314381    14.5975    6.33833      0.809    27.5684    20.3333 -9.990e-29
 145.667535      0.814  34.315027    14.5983    6.33271      0.807    27.5684    20.3332 -9.990e-29
 145.667541      0.819  34.315732    14.5975    6.33875      0.812    27.5696    20.3342 -9.990e-29
 145.667546      0.834  34.315756    14.5949    6.34513      0.827    27.5714    20.3362 -9.990e-29
 145.667552      0.853  34.314570    14.5924    6.34976      0.846    27.5721    20.3372 -9.990e-29
 145.667558      0.871  34.313394    14.5920    6.34668      0.864    27.5714    20.3367 -9.990e-29
 145.667564      0.884  34.313463    14.5935    6.33269      0.877    27.5704    20.3357 -9.990e-29
 145.667569      0.893  34.314306    14.5956    6.33236      0.886    27.5696    20.3347 -9.990e-29
 145.667575      0.898  34.315366    14.5980    6.34776      0.891    27.5689    20.3336 -9.990e-29
 145.667581      0.899  34.316936    14.6005    6.34752      0.891    27.5685    20.3328 -9.990e-29
 145.667587      0.897  34.318868    14.6028    6.34060      0.890    27.5686    20.3324 -9.990e-29
 145.667593      0.892  34.320378    14.6052    6.33483      0.885    27.5682    20.3316 -9.990e-29
 145.667598      0.887  34.321796    14.6079    6.32617      0.880    27.5676    20.3306 -9.990e-29
 145.667604      0.891  34.323892    14.6090    6.34184      0.884    27.5686    20.3312 -9.990e-29
 145.667610      0.904  34.324977    14.6071    6.34272      0.896    27.5710    20.3334 -9.990e-29
 145.667616      0.919  34.323698    14.6048    6.32591      0.911    27.5714    20.3342 -9.990e-29
 145.667622      0.927  34.322272    14.6041    6.31800      0.919    27.5707    20.3338 -9.990e-29
 145.667627      0.925  34.322721    14.6020    6.30847      0.917    27.5726    20.3356 -9.990e-29
 145.667633      0.921  34.323961    14.5951    6.31324      0.913    27.5785    20.3416 -9.990e-29
 145.667639      0.928  34.322603    14.5851    6.31741      0.920    27.5844    20.3482 -9.990e-29
 145.667645      0.947  34.316648    14.5752    6.30981      0.939    27.5861    20.3515 -9.990e-29
 145.667650      0.965  34.308245    14.5679    6.30332      0.957    27.5838    20.3512 -9.990e-29
 145.667656      0.976  34.301129    14.5644    6.30258      0.968    27.5800    20.3489 -9.990e-29
 145.667662      0.984  34.298135    14.5597    6.31288      0.976    27.5806    20.3504 -9.990e-29
 145.667668      0.995  34.296202    14.5481    6.32573      0.987    27.5871    20.3577 -9.990e-29
 145.667674      1.004  34.289388    14.5347    6.32714      0.996    27.5906    20.3631 -9.990e-29
 145.667679      1.007  34.280933    14.5285    6.32122      0.999    27.5874    20.3619 -9.990e-29
 145.667685      1.010  34.277492    14.5310    6.31939      1.002    27.5826    20.3577 -9.990e-29
 145.667691      1.017  34.278957    14.5373    6.31478      1.009    27.5794    20.3540 -9.990e-29
 145.667697      1.028  34.281112    14.5402    6.31662      1.019    27.5793    20.3533 -9.990e-29
 145.667703      1.043  34.277863    14.5380    6.31896      1.034    27.5779    20.3527 -9.990e-29
 145.667708      1.061  34.272722    14.5363    6.31455      1.052    27.5746    20.3504 -9.990e-29
 145.667714      1.072  34.275083    14.5384    6.31664      1.063    27.5752    20.3505 -9.990e-29
 145.667720      1.075  34.281365    14.5411    6.31953      1.066    27.5788    20.3528 -9.990e-29
 145.667726      1.072  34.285368    14.5396    6.31783      1.063    27.5835    20.3566 -9.990e-29
 145.667731      1.073  34.285702    14.5341    6.32022      1.064    27.5877    20.3610 -9.990e-29
 145.667737      1.081  34.282813    14.5288    6.31883      1.072    27.5889    20.3630 -9.990e-29
 145.667743      1.094  34.279570    14.5265    6.31425      1.085    27.5876    20.3625 -9.990e-29
 145.667749      1.103  34.277810    14.5276    6.31321      1.094    27.5852    20.3604 -9.990e-29
 145.667755      1.105  34.277985    14.5304    6.31224      1.096    27.5834    20.3585 -9.990e-29
 145.667760      1.103  34.279764    14.5315    6.31346      1.094    27.5842    20.3589 -9.990e-29
 145.667766      1.103  34.280471    14.5279    6.31679      1.094    27.5874    20.3620 -9.990e-29
 145.667772      1.104  34.277685    14.5207    6.31807      1.095    27.5900    20.3655 -9.990e-29
 145.667778      1.110  34.272733    14.5137    6.30702      1.101    27.5906    20.3673 -9.990e-29
 145.667784      1.123  34.268537    14.5111    6.30068      1.114    27.5887    20.3664 -9.990e-29
 145.667789      1.133  34.267904    14.5128    6.29701      1.124    27.5869    20.3647 -9.990e-29
 145.667795      1.142  34.269986    14.5137    6.30387      1.132    27.5881    20.3654 -9.990e-29
 145.667801      1.155  34.270829    14.5104    6.31050      1.145    27.5912    20.3685 -9.990e-29
 145.667807      1.163  34.268192    14.5053    6.31915      1.153    27.5925    20.3705 -9.990e-29
 145.667813      1.160  34.264163    14.5041    6.32002      1.150    27.5897    20.3686 -9.990e-29
 145.667818      1.149  34.263453    14.5088    6.30826      1.139    27.5858    20.3646 -9.990e-29
 145.667824      1.137  34.267352    14.5162    6.30113      1.128    27.5840    20.3618 -9.990e-29
 145.667830      1.133  34.272650    14.5203    6.29237      1.124    27.5858    20.3623 -9.990e-29
 145.667836      1.141  34.275200    14.5190    6.29798      1.131    27.5890    20.3651 -9.990e-29
 145.667841      1.156  34.273919    14.5152    6.31472      1.146    27.5906    20.3670 -9.990e-29
 145.667847      1.171  34.271019    14.5129    6.30554      1.161    27.5896    20.3667 -9.990e-29
 145.667853      1.184  34.269356    14.5138    6.29827      1.174    27.5875    20.3649 -9.990e-29
 145.667859      1.190  34.270071    14.5163    6.29211      1.180    27.5863    20.3635 -9.990e-29
 145.667865      1.190  34.271870    14.5173    6.30049      1.180    27.5872    20.3640 -9.990e-29
 145.667870      1.192  34.272669    14.5160    6.30769      1.182    27.5889    20.3656 -9.990e-29
 145.667876      1.197  34.271848    14.5147    6.30278      1.187    27.5891    20.3660 -9.990e-29
 145.667882      1.200  34.271111    14.5152    6.29406      1.190    27.5880    20.3651 -9.990e-29
 145.667888      1.203  34.271716    14.5171    6.29453      1.193    27.5872    20.3641 -9.990e-29
 145.667894      1.204  34.273344    14.5189    6.30550      1.194    27.5874    20.3638 -9.990e-29
 145.667899      1.208  34.274800    14.5192    6.30304      1.198    27.5885    20.3646 -9.990e-29
 145.667905      1.216  34.274662    14.5188    6.29787      1.206    27.5886    20.3648 -9.990e-29
 145.667911      1.220  34.273863    14.5195    6.29352      1.210    27.5874    20.3637 -9.990e-29
 145.667917      1.220  34.274699    14.5214    6.29911      1.210    27.5868    20.3629 -9.990e-29
 145.667922      1.223  34.276599    14.5232    6.30290      1.213    27.5873    20.3629 -9.990e-29
 145.667928      1.232  34.277610    14.5248    6.30083      1.222    27.5870    20.3624 -9.990e-29
 145.667934      1.236  34.278516    14.5260    6.30208      1.226    27.5870    20.3621 -9.990e-29
 145.667940      1.238  34.279965    14.5271    6.30683      1.228    27.5875    20.3622 -9.990e-29
 145.667946      1.241  34.281082    14.5286    6.30844      1.231    27.5874    20.3619 -9.990e-29
 145.667951      1.245  34.282233    14.5300    6.30285      1.235    27.5874    20.3616 -9.990e-29
 145.667957      1.251  34.283270    14.5304    6.28766      1.241    27.5881    20.3620 -9.990e-29
 145.667963      1.259  34.283330    14.5297    6.28319      1.248    27.5886    20.3626 -9.990e-29
 145.667969      1.270  34.282489    14.5285    6.28926      1.259    27.5887    20.3629 -9.990e-29
 145.667975      1.283  34.281306    14.5266    6.30017      1.272    27.5890    20.3635 -9.990e-29
 145.667980      1.297  34.279880    14.5244    6.29596      1.286    27.5893    20.3642 -9.990e-29
 145.667986      1.302  34.278549    14.5239    6.28203      1.291    27.5885    20.3637 -9.990e-29
 145.667992      1.300  34.278899    14.5260    6.28247      1.289    27.5873    20.3623 -9.990e-29
 145.667998      1.299  34.280832    14.5289    6.28728      1.288    27.5870    20.3615 -9.990e-29
 145.668003      1.304  34.282437    14.5310    6.29517      1.293    27.5869    20.3610 -9.990e-29
 145.668009      1.313  34.283612    14.5322    6.28844      1.302    27.5871    20.3609 -9.990e-29
 145.668015      1.324  34.284799    14.5327    6.27930      1.313    27.5878    20.3614 -9.990e-29
 145.668021      1.329  34.285337    14.5329    6.27125      1.318    27.5881    20.3616 -9.990e-29
 145.668027      1.329  34.285380    14.5330    6.28250      1.318    27.5881    20.3615 -9.990e-29
 145.668032      1.330  34.285543    14.5330    6.29518      1.319    27.5882    20.3616 -9.990e-29
 145.668038      1.335  34.285481    14.5331    6.29923      1.324    27.5881    20.3615 -9.990e-29
 145.668044      1.335  34.285108    14.5335    6.28890      1.324    27.5875    20.3610 -9.990e-29
 145.668050      1.328  34.285045    14.5341    6.28150      1.317    27.5870    20.3605 -9.990e-29
 145.668056      1.325  34.285764    14.5346    6.27419      1.314    27.5873    20.3606 -9.990e-29
 145.668061      1.328  34.286542    14.5342    6.28034      1.317    27.5883    20.3614 -9.990e-29
 145.668067      1.338  34.286170    14.5329    6.29113      1.327    27.5889    20.3621 -9.990e-29
 145.668073      1.352  34.284711    14.5316    6.29399      1.341    27.5885    20.3621 -9.990e-29
