data/oxygen options/OCNMS/OCNMS2/raw_data/2005/CTD_TH50_060705faed.cnv
* Sea-Bird SBE19 Data File:
* FileName = C:\hypoxia CTD data\TH50_060705.hex
* Software Version 1.1.5
* Temperature SN = 2997
* Conductivity SN = 2997
* System UpLoad Time = Jun 07 2005 12:38:28
* SEACAT PROFILER V3.1c SN 2997   06/07/05  12:37:09.847
* strain gauge pressure sensor: S/N = 184829,  range = 3000 psia,  tc = 40
# nquan = 9                                 
# nvalues = 1161                        
# units = specified
# name 0 = timeJ: Julian Days
# name 1 = prSM: Pressure, Strain Gauge [db]
# name 2 = c0mS/cm: Conductivity [mS/cm]
# name 3 = t090C: Temperature [ITS-90, deg C]
# name 4 = oxML/L: Oxygen, Beckman/YSI [ml/l]
# name 5 = depSM: Depth [salt water, m], lat = 47.5
# name 6 = sal00: Salinity, Practical [PSU]
# name 7 = sigma-é00: Density [sigma-theta, kg/m^3]
# name 8 = flag: flag
# span 0 = 158.452627, 158.459340       
# span 1 =     -4.018,     50.672       
# span 2 =   0.264283,  37.354580       
# span 3 =     8.6340,    14.2946       
# span 4 =  -14.12479,   25.28649       
# span 5 =     -3.985,     50.243       
# span 6 =     0.1610,    33.1811       
# span 7 =    -0.6419,    25.7511       
# span 8 = 0.0000e+00, 0.0000e+00       
# interval = seconds: 0.5
# start_time = Jun 07 2005 10:51:47 [Instrument's time stamp, header]
# bad_flag = -9.990e-29
*END*
[from data line 161]
 158.453559      0.243  37.322634    14.2147    7.34814      0.241    30.5634    22.7176 -9.990e-29
 158.453565      0.262  37.320820    14.2137    7.33921      0.260    30.5625    22.7172 -9.990e-29
 158.453571      0.276  37.319924    14.2143    7.34046      0.274    30.5612    22.7161 -9.990e-29
 158.453576      0.281  37.321002    14.2159    7.33595      0.279    30.5610    22.7155 -9.990e-29
 158.453582      0.281  37.322697    14.2171    7.34283      0.279    30.5615    22.7157 -9.990e-29
 158.453588      0.286  37.323913    14.2167    7.33079      0.284    30.5630    22.7169 -9.990e-29
 158.453594      0.300  37.324040    14.2142    7.32199      0.297    30.5651    22.7190 -9.990e-29
 158.453600      0.320  37.321012    14.2108    7.32267      0.317    30.5650    22.7197 -9.990e-29
 158.453605      0.338  37.314167    14.2086    7.33008      0.335    30.5605    22.7166 -9.990e-29
 158.453611      0.352  37.303359    14.2082    7.33976      0.349    30.5510    22.7094 -9.990e-29
 158.453617      0.361  37.278112    14.2093    7.33262      0.358    30.5271    22.6908 -9.990e-29
 158.453623      0.367  37.260291    14.2116    7.31530      0.364    30.5091    22.6764 -9.990e-29
 158.453628      0.375  37.281101    14.2141    7.30070      0.372    30.5260    22.6890 -9.990e-29
 158.453634      0.389  37.308293    14.2156    7.31265      0.386    30.5496    22.7068 -9.990e-29
 158.453640      0.405  37.317569    14.2157    7.32128      0.402    30.5579    22.7132 -9.990e-29
 158.453646      0.421  37.319622    14.2150    7.32192      0.417    30.5604    22.7152 -9.990e-29
 158.453652      0.433  37.318884    14.2150    7.31329      0.429    30.5597    22.7147 -9.990e-29
 158.453657      0.433  37.318865    14.2160    7.31689      0.429    30.5589    22.7139 -9.990e-29
 158.453663      0.422  37.320671    14.2170    7.32185      0.418    30.5597    22.7144 -9.990e-29
 158.453669      0.412  37.322231    14.2174    7.31149      0.409    30.5608    22.7151 -9.990e-29
 158.453675      0.414  37.322832    14.2178    7.30491      0.411    30.5611    22.7152 -9.990e-29
 158.453681      0.430  37.323286    14.2183    7.29572      0.426    30.5611    22.7151 -9.990e-29
 158.453686      0.450  37.323647    14.2187    7.30280      0.446    30.5611    22.7150 -9.990e-29
 158.453692      0.473  37.323845    14.2192    7.31197      0.469    30.5609    22.7148 -9.990e-29
 158.453698      0.499  37.324152    14.2194    7.31044      0.495    30.5610    22.7148 -9.990e-29
 158.453704      0.527  37.324427    14.2191    7.31379      0.523    30.5615    22.7153 -9.990e-29
 158.453709      0.549  37.324486    14.2183    7.30992      0.544    30.5621    22.7159 -9.990e-29
 158.453715      0.563  37.324416    14.2175    7.30778      0.558    30.5627    22.7165 -9.990e-29
 158.453721      0.569  37.324130    14.2171    7.30934      0.564    30.5627    22.7167 -9.990e-29
 158.453727      0.568  37.323818    14.2172    7.29900      0.563    30.5624    22.7164 -9.990e-29
 158.453733      0.564  37.323634    14.2176    7.29238      0.559    30.5619    22.7159 -9.990e-29
 158.453738      0.561  37.323343    14.2181    7.29184      0.556    30.5612    22.7153 -9.990e-29
 158.453744      0.559  37.323128    14.2183    7.29527      0.554    30.5609    22.7150 -9.990e-29
 158.453750      0.561  37.323274    14.2183    7.30085      0.556    30.5610    22.7151 -9.990e-29
 158.453756      0.574  37.323423    14.2184    7.29839      0.569    30.5611    22.7151 -9.990e-29
 158.453762      0.592  37.323224    14.2183    7.29295      0.587    30.5610    22.7150 -9.990e-29
 158.453767      0.608  37.322420    14.2173    7.28480      0.603    30.5610    22.7153 -9.990e-29
 158.453773      0.620  37.321067    14.2160    7.29142      0.615    30.5608    22.7154 -9.990e-29
 158.453779      0.629  37.320176    14.2154    7.29456      0.624    30.5605    22.7153 -9.990e-29
 158.453785      0.633  37.320251    14.2156    7.29445      0.628    30.5604    22.7151 -9.990e-29
 158.453791      0.635  37.320840    14.2162    7.28567      0.630    30.5604    22.7151 -9.990e-29
 158.453796      0.634  37.321614    14.2168    7.27604      0.629    30.5607    22.7151 -9.990e-29
 158.453802      0.633  37.322495    14.2172    7.27985      0.628    30.5612    22.7154 -9.990e-29
 158.453808      0.643  37.322984    14.2167    7.29074      0.638    30.5620    22.7162 -9.990e-29
 158.453814      0.663  37.322623    14.2155    7.27858      0.657    30.5626    22.7169 -9.990e-29
 158.453819      0.682  37.321499    14.2146    7.27853      0.676    30.5623    22.7168 -9.990e-29
 158.453825      0.692  37.320364    14.2144    7.28271      0.686    30.5614    22.7162 -9.990e-29
 158.453831      0.698  37.319957    14.2142    7.28255      0.692    30.5612    22.7161 -9.990e-29
 158.453837      0.706  37.319745    14.2140    7.29271      0.700    30.5612    22.7161 -9.990e-29
 158.453843      0.715  37.319455    14.2138    7.27529      0.709    30.5610    22.7160 -9.990e-29
 158.453848      0.726  37.319273    14.2134    7.27185      0.720    30.5612    22.7162 -9.990e-29
 158.453854      0.740  37.318963    14.2131    7.28314      0.734    30.5611    22.7162 -9.990e-29
 158.453860      0.753  37.318682    14.2129    7.28512      0.747    30.5610    22.7162 -9.990e-29
 158.453866      0.762  37.318627    14.2130    7.27780      0.756    30.5609    22.7161 -9.990e-29
 158.453872      0.768  37.318731    14.2134    7.27225      0.762    30.5607    22.7158 -9.990e-29
 158.453877      0.770  37.319145    14.2143    7.27810      0.764    30.5603    22.7154 -9.990e-29
 158.453883      0.774  37.319867    14.2154    7.27868      0.768    30.5601    22.7150 -9.990e-29
 158.453889      0.780  37.320748    14.2160    7.28416      0.773    30.5605    22.7151 -9.990e-29
 158.453895      0.783  37.321291    14.2162    7.28228      0.776    30.5608    22.7153 -9.990e-29
 158.453900      0.784  37.321108    14.2165    7.26394      0.777    30.5604    22.7150 -9.990e-29
 158.453906      0.783  37.321087    14.2170    7.26265      0.776    30.5600    22.7146 -9.990e-29
 158.453912      0.785  37.321769    14.2175    7.26783      0.778    30.5602    22.7146 -9.990e-29
 158.453918      0.792  37.322389    14.2180    7.27238      0.785    30.5604    22.7146 -9.990e-29
 158.453924      0.807  37.322665    14.2184    7.27083      0.800    30.5603    22.7145 -9.990e-29
 158.453929      0.825  37.322972    14.2186    7.27101      0.818    30.5604    22.7146 -9.990e-29
 158.453935      0.840  37.323169    14.2187    7.26100      0.833    30.5605    22.7146 -9.990e-29
 158.453941      0.848  37.322966    14.2190    7.25938      0.841    30.5601    22.7142 -9.990e-29
 158.453947      0.853  37.322663    14.2199    7.26285      0.846    30.5591    22.7133 -9.990e-29
 158.453953      0.861  37.322426    14.2212    7.26433      0.854    30.5578    22.7121 -9.990e-29
 158.453958      0.867  37.323071    14.2221    7.27410      0.860    30.5577    22.7118 -9.990e-29
 158.453964      0.868  37.324907    14.2222    7.27005      0.861    30.5593    22.7130 -9.990e-29
 158.453970      0.868  37.325903    14.2221    7.26355      0.861    30.5603    22.7138 -9.990e-29
 158.453976      0.875  37.325715    14.2220    7.25949      0.868    30.5602    22.7137 -9.990e-29
 158.453981      0.891  37.325784    14.2220    7.25979      0.884    30.5603    22.7137 -9.990e-29
 158.453987      0.907  37.326213    14.2222    7.26340      0.899    30.5605    22.7139 -9.990e-29
 158.453993      0.920  37.326459    14.2224    7.27076      0.912    30.5605    22.7139 -9.990e-29
 158.453999      0.931  37.326299    14.2226    7.26178      0.923    30.5602    22.7136 -9.990e-29
 158.454005      0.941  37.326092    14.2229    7.25389      0.933    30.5598    22.7132 -9.990e-29
 158.454010      0.950  37.326129    14.2232    7.25454      0.942    30.5596    22.7130 -9.990e-29
 158.454016      0.959  37.326471    14.2236    7.25690      0.951    30.5596    22.7129 -9.990e-29
 158.454022      0.969  37.327023    14.2242    7.25913      0.961    30.5596    22.7128 -9.990e-29
 158.454028      0.979  37.327407    14.2250    7.25307      0.971    30.5593    22.7124 -9.990e-29
 158.454034      0.992  37.327586    14.2258    7.24117      0.984    30.5589    22.7119 -9.990e-29
 158.454039      1.007  37.327808    14.2265    7.24865      0.999    30.5585    22.7115 -9.990e-29
 158.454045      1.021  37.328189    14.2268    7.26048      1.012    30.5586    22.7115 -9.990e-29
 158.454051      1.027  37.328682    14.2267    7.26516      1.018    30.5591    22.7119 -9.990e-29
 158.454057      1.021  37.329198    14.2270    7.26559      1.012    30.5594    22.7120 -9.990e-29
 158.454062      1.006  37.329871    14.2281    7.24637      0.998    30.5591    22.7116 -9.990e-29
 158.454068      0.996  37.330856    14.2295    7.23995      0.988    30.5589    22.7112 -9.990e-29
 158.454074      1.000  37.331785    14.2302    7.24246      0.992    30.5592    22.7113 -9.990e-29
 158.454080      1.021  37.332218    14.2298    7.24889      1.012    30.5599    22.7119 -9.990e-29
 158.454086      1.046  37.332176    14.2292    7.25800      1.037    30.5603    22.7123 -9.990e-29
 158.454091      1.060  37.332166    14.2294    7.24688      1.051    30.5602    22.7122 -9.990e-29
 158.454097      1.056  37.332737    14.2309    7.23796      1.047    30.5595    22.7113 -9.990e-29
 158.454103      1.041  37.334090    14.2332    7.22111      1.032    30.5589    22.7104 -9.990e-29
 158.454109      1.031  37.335788    14.2344    7.21821      1.022    30.5595    22.7106 -9.990e-29
 158.454115      1.040  37.336735    14.2339    7.23684      1.031    30.5608    22.7117 -9.990e-29
 158.454120      1.067  37.336516    14.2323    7.25061      1.058    30.5618    22.7129 -9.990e-29
 158.454126      1.102  37.334843    14.2308    7.25298      1.093    30.5615    22.7129 -9.990e-29
 158.454132      1.129  37.332850    14.2311    7.25066      1.120    30.5594    22.7112 -9.990e-29
 158.454138      1.142  37.332929    14.2329    7.24704      1.132    30.5580    22.7098 -9.990e-29
 158.454144      1.146  37.334626    14.2352    7.24680      1.136    30.5578    22.7091 -9.990e-29
 158.454149      1.149  37.336842    14.2380    7.24398      1.139    30.5576    22.7084 -9.990e-29
 158.454155      1.156  37.339730    14.2407    7.22626      1.146    30.5581    22.7082 -9.990e-29
 158.454161      1.168  37.342096    14.2417    7.21597      1.158    30.5594    22.7091 -9.990e-29
 158.454167      1.185  37.342614    14.2413    7.21548      1.175    30.5602    22.7098 -9.990e-29
 158.454172      1.205  37.341976    14.2402    7.23180      1.195    30.5605    22.7102 -9.990e-29
 158.454178      1.223  37.340456    14.2389    7.23334      1.213    30.5601    22.7102 -9.990e-29
 158.454184      1.238  37.338833    14.2383    7.23180      1.228    30.5591    22.7095 -9.990e-29
 158.454190      1.240  37.338870    14.2388    7.22435      1.230    30.5588    22.7092 -9.990e-29
 158.454196      1.236  37.340057    14.2397    7.22249      1.226    30.5591    22.7093 -9.990e-29
 158.454201      1.237  37.341178    14.2401    7.23101      1.227    30.5598    22.7097 -9.990e-29
 158.454207      1.244  37.341486    14.2395    7.22423      1.234    30.5606    22.7104 -9.990e-29
 158.454213      1.252  37.340834    14.2387    7.23296      1.242    30.5606    22.7106 -9.990e-29
 158.454219      1.258  37.340037    14.2384    7.24093      1.247    30.5601    22.7103 -9.990e-29
 158.454225      1.257  37.339717    14.2384    7.22654      1.247    30.5598    22.7101 -9.990e-29
 158.454230      1.255  37.339451    14.2384    7.22568      1.245    30.5596    22.7099 -9.990e-29
 158.454236      1.256  37.338884    14.2383    7.22107      1.246    30.5592    22.7096 -9.990e-29
 158.454242      1.258  37.338385    14.2381    7.23096      1.247    30.5589    22.7094 -9.990e-29
 158.454248      1.263  37.337854    14.2378    7.23682      1.252    30.5586    22.7093 -9.990e-29
 158.454253      1.271  37.337706    14.2377    7.23049      1.260    30.5586    22.7092 -9.990e-29
 158.454259      1.278  37.338309    14.2378    7.22675      1.267    30.5590    22.7096 -9.990e-29
 158.454265      1.280  37.338784    14.2380    7.22489      1.269    30.5593    22.7097 -9.990e-29
 158.454271      1.281  37.338647    14.2380    7.23236      1.270    30.5592    22.7097 -9.990e-29
 158.454277      1.287  37.338278    14.2379    7.22999      1.276    30.5589    22.7095 -9.990e-29
 158.454282      1.297  37.338310    14.2379    7.23263      1.286    30.5589    22.7095 -9.990e-29
 158.454288      1.307  37.338787    14.2381    7.22366      1.296    30.5592    22.7097 -9.990e-29
 158.454294      1.315  37.339228    14.2382    7.21478      1.304    30.5595    22.7099 -9.990e-29
 158.454300      1.324  37.339661    14.2383    7.21999      1.313    30.5598    22.7101 -9.990e-29
 158.454306      1.340  37.340107    14.2388    7.22605      1.329    30.5598    22.7100 -9.990e-29
 158.454311      1.360  37.340602    14.2396    7.23869      1.349    30.5596    22.7097 -9.990e-29
 158.454317      1.375  37.341247    14.2399    7.23013      1.364    30.5600    22.7099 -9.990e-29
 158.454323      1.384  37.341222    14.2397    7.21900      1.372    30.5601    22.7100 -9.990e-29
 158.454329      1.386  37.340496    14.2396    7.21635      1.374    30.5595    22.7096 -9.990e-29
 158.454334      1.385  37.340347    14.2400    7.21945      1.373    30.5591    22.7092 -9.990e-29
 158.454340      1.391  37.341140    14.2409    7.22827      1.379    30.5591    22.7090 -9.990e-29
 158.454346      1.404  37.342253    14.2420    7.22017      1.392    30.5592    22.7089 -9.990e-29
 158.454352      1.416  37.342930    14.2425    7.22184      1.404    30.5595    22.7090 -9.990e-29
 158.454358      1.423  37.342953    14.2425    7.22039      1.411    30.5595    22.7090 -9.990e-29
 158.454363      1.430  37.342917    14.2427    7.21562      1.418    30.5593    22.7088 -9.990e-29
 158.454369      1.442  37.343338    14.2434    7.20942      1.430    30.5591    22.7085 -9.990e-29
 158.454375      1.455  37.344219    14.2442    7.21344      1.443    30.5593    22.7085 -9.990e-29
 158.454381      1.466  37.345054    14.2447    7.21928      1.454    30.5596    22.7086 -9.990e-29
 158.454387      1.472  37.345277    14.2448    7.22479      1.460    30.5598    22.7087 -9.990e-29
 158.454392      1.468  37.345186    14.2446    7.22763      1.456    30.5598    22.7088 -9.990e-29
 158.454398      1.458  37.345224    14.2446    7.21726      1.446    30.5599    22.7088 -9.990e-29
 158.454404      1.447  37.344883    14.2448    7.21170      1.435    30.5594    22.7084 -9.990e-29
 158.454410      1.432  37.344272    14.2450    7.21034      1.420    30.5587    22.7079 -9.990e-29
 158.454416      1.419  37.344262    14.2454    7.22184      1.407    30.5584    22.7075 -9.990e-29
 158.454421      1.414  37.344842    14.2454    7.21735      1.402    30.5589    22.7079 -9.990e-29
 158.454427      1.417  37.345108    14.2445    7.21769      1.405    30.5599    22.7089 -9.990e-29
 158.454433      1.424  37.344295    14.2426    7.21517      1.412    30.5606    22.7098 -9.990e-29
 158.454439      1.436  37.342441    14.2399    7.22341      1.424    30.5611    22.7107 -9.990e-29
 158.454444      1.448  37.339883    14.2381    7.22541      1.436    30.5601    22.7104 -9.990e-29
 158.454450      1.458  37.338257    14.2387    7.22445      1.446    30.5582    22.7088 -9.990e-29
 158.454456      1.467  37.339323    14.2408    7.21904      1.455    30.5575    22.7078 -9.990e-29
 158.454462      1.473  37.341702    14.2425    7.21744      1.461    30.5583    22.7081 -9.990e-29
 158.454468      1.479  37.342958    14.2431    7.22259      1.467    30.5590    22.7085 -9.990e-29
 158.454473      1.485  37.343089    14.2428    7.21820      1.473    30.5593    22.7088 -9.990e-29
