data/oxygen options/OCNMS/OCNMS2/raw_data/2005/CTD_CA30_070705faedb.cnv
* Sea-Bird SBE19 Data File:
* FileName = C:\Hypoxia Data\CA30_070705.hex
* Software Version 1.1.6
* Temperature SN = 2997
* Conductivity SN = 2997
* System UpLoad Time = Jul 07 2005 14:57:32
* SEACAT PROFILER V3.1c SN 2997   07/07/05  14:56:55.088
* strain gauge pressure sensor: S/N = 184829,  range = 3000 psia,  tc = 40
# nquan = 9
# nvalues = 29                          
# units = specified
# name 0 = timeJ: Julian Days
# name 1 = prSM: Pressure, Strain Gauge [db]
# name 2 = c0mS/cm: Conductivity [mS/cm]
# name 3 = t090C: Temperature [ITS-90, deg C]
# name 4 = oxML/L: Oxygen, Beckman/YSI [ml/l]
# name 5 = depSM: Depth [salt water, m], lat = 47.5
# name 6 = sal00: Salinity, Practical [PSU]
# name 7 = sigma-é00: Density [sigma-theta, kg/m^3]
# name 8 = flag: flag
# span 0 = 188.597936, 188.598319       
# span 1 =      5.000,     33.000       
# span 2 =  35.219991,  37.855155       
# span 3 =     9.0146,    13.4113       
# span 4 =    3.86717,    7.83179       
# span 5 =      4.958,     32.722       
# span 6 =    31.7038,    32.9720       
# span 7 =    23.7599,    25.5253       
# span 8 = 0.0000e+00, 0.0000e+00       
# interval = decibars: 1                
# start_time = Jul 07 2005 14:18:00 [Instrument's time stamp, header]
# bad_flag = -9.990e-29
*END*
 188.597936      5.000  37.855155    13.4113    7.83179      4.958    31.7038    23.7599 0.0000e+00
 188.597961      6.000  37.791377    13.2975    7.50867      5.950    31.7387    23.8094 0.0000e+00
 188.597983      7.000  37.768610    13.2309    7.30527      6.942    31.7726    23.8488 0.0000e+00
 188.598004      8.000  37.753657    13.1607    6.66644      7.933    31.8169    23.8969 0.0000e+00
 188.598021      9.000  37.624875    12.8093    6.14029      8.925    31.9912    24.1002 0.0000e+00
 188.598034     10.000  37.407932    12.5203    6.19824      9.917    32.0302    24.1859 0.0000e+00
 188.598047     11.000  37.274408    12.3354    6.30464     10.908    32.0601    24.2442 0.0000e+00
 188.598061     12.000  37.142060    12.1835    6.14747     11.900    32.0628    24.2749 0.0000e+00
 188.598076     13.000  37.101042    12.0741    5.95776     12.891    32.1170    24.3373 0.0000e+00
 188.598089     14.000  36.912769    11.6878    5.57953     13.883    32.2683    24.5260 0.0000e+00
 188.598102     15.000  36.709028    11.4159    5.18329     14.874    32.3064    24.6049 0.0000e+00
 188.598114     16.000  36.562604    11.0453    4.80957     15.866    32.4880    24.8122 0.0000e+00
 188.598126     17.000  36.309396    10.5905    4.50404     16.857    32.6404    25.0101 0.0000e+00
 188.598138     18.000  36.102816    10.2863    4.33522     17.849    32.7058    25.1131 0.0000e+00
 188.598149     19.000  35.947178    10.0042    4.25990     18.841    32.8032    25.2365 0.0000e+00
 188.598160     20.000  35.771528     9.7324    4.23950     19.832    32.8715    25.3348 0.0000e+00
 188.598171     21.000  35.622497     9.5597    4.23659     20.824    32.8766    25.3670 0.0000e+00
 188.598182     22.000  35.548203     9.4915    4.20303     21.815    32.8624    25.3669 0.0000e+00
 188.598194     23.000  35.517133     9.4395    4.11287     22.807    32.8776    25.3872 0.0000e+00
 188.598205     24.000  35.469076     9.3657    4.03820     23.798    32.8955    25.4131 0.0000e+00
 188.598215     25.000  35.438684     9.3327    3.98246     24.790    32.8941    25.4173 0.0000e+00
 188.598225     26.000  35.425850     9.3054    3.93384     25.781    32.9056    25.4306 0.0000e+00
 188.598236     27.000  35.401957     9.2562    3.90103     26.773    32.9258    25.4542 0.0000e+00
 188.598247     28.000  35.364873     9.1899    3.88401     27.764    32.9482    25.4823 0.0000e+00
 188.598258     29.000  35.317431     9.1224    3.87667     28.756    32.9609    25.5029 0.0000e+00
 188.598270     30.000  35.278324     9.0750    3.86717     29.748    32.9638    25.5126 0.0000e+00
 188.598283     31.000  35.251498     9.0356    3.86797     30.739    32.9720    25.5253 0.0000e+00
 188.598299     32.000  35.229216     9.0150    3.88192     31.730    32.9675    25.5249 0.0000e+00
 188.598319     33.000  35.219991     9.0146    3.89298     32.722    32.9578    25.5176 0.0000e+00
