data/oxygen options/OCNMS/OCNMS2/raw_data/2005/CTD_CA45_070705faed.cnv
* Sea-Bird SBE19 Data File:
* FileName = C:\Hypoxia Data\CA45_070705.hex
* Software Version 1.1.6
* Temperature SN = 2997
* Conductivity SN = 2997
* System UpLoad Time = Jul 07 2005 14:50:26
* SEACAT PROFILER V3.1c SN 2997   07/07/05  14:49:50.053
* strain gauge pressure sensor: S/N = 184829,  range = 3000 psia,  tc = 40
# nquan = 9                                 
# nvalues = 564                         
# units = specified
# name 0 = timeJ: Julian Days
# name 1 = prSM: Pressure, Strain Gauge [db]
# name 2 = c0mS/cm: Conductivity [mS/cm]
# name 3 = t090C: Temperature [ITS-90, deg C]
# name 4 = oxML/L: Oxygen, Beckman/YSI [ml/l]
# name 5 = depSM: Depth [salt water, m], lat = 47.5
# name 6 = sal00: Salinity, Practical [PSU]
# name 7 = sigma-é00: Density [sigma-theta, kg/m^3]
# name 8 = flag: flag
# span 0 = 188.581493, 188.584751       
# span 1 =      0.868,     46.216       
# span 2 =   5.288934,  38.568157       
# span 3 =     8.1555,    15.4727       
# span 4 =   -0.09805,   25.46152       
# span 5 =      0.861,     45.825       
# span 6 =     3.5533,    33.2962       
# span 7 =     1.7669,    25.9132       
# span 8 = 0.0000e+00, 0.0000e+00       
# interval = seconds: 0.5
# start_time = Jul 07 2005 13:57:21 [Instrument's time stamp, header]
# bad_flag = -9.990e-29
*END*
 188.581493      0.868 -9.990e-29    15.4727   -0.09794      0.861 -9.990e-29 -9.990e-29 -9.990e-29
 188.581499      0.925   5.288934    15.4561   -0.09787      0.917     3.5533     1.7669 -9.990e-29
 188.581505      1.011   7.401782    15.3457   -0.09783      1.003     5.1048     2.9750 -9.990e-29
 188.581510      1.130  15.062638    15.1007   -0.09779      1.121    11.0512     7.5708 -9.990e-29
 188.581516      1.274  27.058008    14.7856   -0.09774      1.263    21.1103    15.3353 0.0000e+00
 188.581522      1.425  35.028079    14.5133   -0.09778      1.413    28.2654    20.8868 0.0000e+00
 188.581528      1.577  37.536921    14.3446   -0.09783      1.564    30.6549    22.7616 0.0000e+00
 188.581534      1.725  38.280491    14.2548   -0.09783      1.711    31.4040    23.3577 0.0000e+00
 188.581539      1.855  38.505005    14.2024   -0.09789      1.840    31.6520    23.5597 -9.990e-29
 188.581545      1.948  38.568157    14.1772   -0.09796      1.932    31.7305    23.6254 -9.990e-29
 188.581551      2.007  38.548624    14.1752   -0.09802      1.990    31.7142    23.6133 -9.990e-29
 188.581557      2.047  38.506285    14.1823   -0.09805      2.030    31.6696    23.5774 -9.990e-29
 188.581562      2.084  38.490811    14.1873   -0.09800      2.067    31.6513    23.5623 -9.990e-29
 188.581568      2.126  38.508595    14.1904   -0.09794      2.108    31.6650    23.5722 -9.990e-29
 188.581574      2.169  38.544176    14.1922   -0.09792      2.151    31.6961    23.5958 -9.990e-29
 188.581580      2.209  38.562066    14.1908   -0.09784      2.191    31.7136    23.6096 -9.990e-29
 188.581586      2.243  38.536843    14.1819   -0.09783      2.224    31.6978    23.5993 -9.990e-29
 188.581591      2.274  38.496123    14.1624   -0.09774      2.255    31.6765    23.5869 -9.990e-29
 188.581597      2.300  38.472661    14.1386   -0.09786      2.281    31.6745    23.5903 -9.990e-29
 188.581603      2.313  38.463879    14.1216   -0.09792      2.294    31.6804    23.5983 -9.990e-29
 188.581609      2.314  38.455355    14.1185   -0.09789      2.295    31.6752    23.5949 -9.990e-29
 188.581615      2.313  38.440301    14.1287   -0.09782      2.294    31.6530    23.5757 -9.990e-29
 188.581620      2.317  38.424545    14.1431   -0.09782      2.298    31.6267    23.5525 -9.990e-29
 188.581626      2.331  38.420832    14.1528   -0.09763      2.312    31.6154    23.5417 -9.990e-29
 188.581632      2.352  38.437772    14.1595   -0.09764      2.332    31.6254    23.5481 -9.990e-29
 188.581638      2.372  38.484026    14.1707   -0.09781      2.352    31.6586    23.5713 -9.990e-29
 188.581644      2.381  38.541704    14.1807   -0.09787      2.361    31.7032    23.6037 -9.990e-29
 188.581649      2.369  38.563826    14.1784   -0.09780      2.349    31.7253    23.6213 -9.990e-29
 188.581655      2.349  38.537912    14.1733   -0.09778      2.329    31.7058    23.6072 -9.990e-29
 188.581661      2.341  38.491778    14.1754   -0.09768      2.321    31.6618    23.5729 -9.990e-29
 188.581667      2.349  38.462181    14.1836   -0.09778      2.329    31.6280    23.5451 -9.990e-29
 188.581672      2.365  38.477068    14.2045   -0.09783      2.345    31.6245    23.5381 -9.990e-29
 188.581678      2.377  38.517676    14.2318   -0.09782      2.357    31.6393    23.5439 -9.990e-29
 188.581684      2.376  38.538391    14.2375   -0.09776      2.356    31.6535    23.5537 -9.990e-29
 188.581690      2.373  38.531028    14.2181   -0.09772      2.353    31.6627    23.5648 -9.990e-29
 188.581696      2.379  38.507193    14.1987   -0.09780      2.359    31.6568    23.5642 -9.990e-29
 188.581701      2.399  38.484010    14.1945   -0.09779      2.379    31.6390    23.5514 -9.990e-29
 188.581707      2.426  38.492924    14.2060   -0.09776      2.406    31.6378    23.5480 -9.990e-29
 188.581713      2.448  38.526838    14.2199   -0.09775      2.428    31.6574    23.5603 -9.990e-29
 188.581719      2.463  38.540746    14.2178   -0.09760      2.442    31.6718    23.5719 -9.990e-29
 188.581725      2.471  38.520196    14.2051   -0.09752      2.450    31.6634    23.5680 -9.990e-29
 188.581730      2.474  38.494544    14.2009   -0.09764      2.453    31.6434    23.5534 -9.990e-29
 188.581736      2.471  38.496437    14.2098   -0.09773      2.450    31.6378    23.5473 -9.990e-29
 188.581742      2.463  38.515027    14.2191   -0.09774      2.442    31.6472    23.5526 -9.990e-29
 188.581748      2.452  38.516854    14.2212   -0.09773      2.432    31.6472    23.5522 -9.990e-29
 188.581753      2.452  38.496040    14.2221   -0.09773      2.432    31.6274    23.5367 -9.990e-29
 188.581759      2.470  38.473735    14.2272   -0.09763      2.449    31.6028    23.5167 -9.990e-29
 188.581765      2.499  38.478075    14.2430   -0.09763      2.478    31.5938    23.5065 -9.990e-29
 188.581771      2.525  38.506526    14.2691   -0.09776      2.504    31.5985    23.5047 -9.990e-29
 188.581777      2.535  38.534289    14.2837   -0.09783      2.514    31.6119    23.5120 -9.990e-29
 188.581782      2.530  38.547431    14.2729   -0.09783      2.509    31.6328    23.5304 -9.990e-29
 188.581788      2.524  38.540017    14.2540   -0.09781      2.503    31.6415    23.5410 -9.990e-29
 188.581794      2.528  38.518530    14.2420   -0.09776      2.507    31.6316    23.5359 -9.990e-29
 188.581800      2.543  38.498168    14.2367   -0.09786      2.522    31.6174    23.5260 -9.990e-29
 188.581806      2.561  38.497872    14.2416   -0.09789      2.540    31.6131    23.5216 -9.990e-29
 188.581811      2.574  38.519022    14.2535   -0.09786      2.553    31.6227    23.5266 -9.990e-29
 188.581817      2.579  38.534937    14.2536   -0.09785      2.557    31.6371    23.5377 -9.990e-29
 188.581823      2.582  38.529352    14.2361   -0.09781      2.560    31.6463    23.5484 -9.990e-29
 188.581829      2.590  38.505016    14.2144   -0.09783      2.568    31.6419    23.5495 -9.990e-29
 188.581834      2.608  38.477260    14.2008   -0.09783      2.586    31.6276    23.5413 -9.990e-29
 188.581840      2.629  38.473674    14.2003   -0.09783      2.607    31.6247    23.5391 -9.990e-29
 188.581846      2.642  38.491812    14.2029   -0.09781      2.620    31.6392    23.5498 -9.990e-29
 188.581852      2.647  38.496489    14.1964   -0.09780      2.625    31.6488    23.5585 -9.990e-29
 188.581858      2.653  38.476087    14.1870   -0.09783      2.631    31.6378    23.5520 -9.990e-29
 188.581863      2.664  38.452303    14.1837   -0.09783      2.642    31.6188    23.5380 -9.990e-29
 188.581869      2.678  38.451856    14.1869   -0.09773      2.656    31.6157    23.5350 -9.990e-29
 188.581875      2.687  38.471440    14.1928   -0.09774      2.665    31.6288    23.5438 -9.990e-29
 188.581881      2.691  38.482850    14.1948   -0.09780      2.669    31.6376    23.5502 -9.990e-29
 188.581887      2.698  38.478959    14.1933   -0.09784      2.675    31.6353    23.5487 -9.990e-29
 188.581892      2.711  38.477114    14.1942   -0.09784      2.688    31.6328    23.5467 -9.990e-29
 188.581898      2.724  38.485609    14.1989   -0.09784      2.701    31.6368    23.5487 -9.990e-29
 188.581904      2.738  38.492864    14.2017   -0.09776      2.715    31.6411    23.5515 -9.990e-29
 188.581910      2.751  38.491259    14.2012   -0.09772      2.728    31.6400    23.5508 -9.990e-29
 188.581916      2.755  38.489410    14.2079   -0.09775      2.732    31.6329    23.5439 -9.990e-29
 188.581921      2.745  38.492801    14.2226   -0.09779      2.722    31.6239    23.5339 -9.990e-29
 188.581927      2.726  38.491461    14.2290   14.62427      2.703    31.6175    23.5276 -9.990e-29
 188.581933      2.709  38.476408    14.2224   24.09563      2.686    31.6091    23.5225 -9.990e-29
 188.581939      2.709  38.452915    14.2123   25.46152      2.686    31.5959    23.5144 -9.990e-29
 188.581944      2.727  38.434067    14.2065   22.27064      2.704    31.5834    23.5060 -9.990e-29
 188.581950      2.747  38.431848    14.2112   14.36420      2.724    31.5775    23.5005 -9.990e-29
 188.581956      2.758  38.444514    14.2243   11.58585      2.735    31.5784    23.4984 -9.990e-29
 188.581962      2.755  38.457634    14.2331   11.60340      2.732    31.5832    23.5003 -9.990e-29
 188.581968      2.747  38.462433    14.2298   11.59360      2.724    31.5903    23.5065 -9.990e-29
 188.581973      2.747  38.458679    14.2182   11.60923      2.724    31.5963    23.5135 -9.990e-29
 188.581979      2.759  38.447637    14.2029   11.62498      2.736    31.5987    23.5186 -9.990e-29
 188.581985      2.779  38.424215    14.1814   11.62991      2.756    31.5949    23.5200 -9.990e-29
 188.581991      2.800  38.387002    14.1541   11.63884      2.777    31.5832    23.5166 -9.990e-29
 188.581997      2.820  38.350420    14.1330   11.64794      2.796    31.5669    23.5084 -9.990e-29
 188.582002      2.834  38.327483    14.1289   11.65942      2.810    31.5492    23.4956 -9.990e-29
 188.582008      2.840  38.322472    14.1383   11.67417      2.816    31.5370    23.4842 -9.990e-29
 188.582014      2.842  38.330480    14.1471   11.68083      2.818    31.5371    23.4825 -9.990e-29
 188.582020      2.845  38.337038    14.1451   11.68647      2.821    31.5447    23.4888 -9.990e-29
 188.582025      2.848  38.333602    14.1350   11.68910      2.824    31.5499    23.4948 -9.990e-29
 188.582031      2.849  38.323540    14.1284   11.29042      2.825    31.5460    23.4932 -9.990e-29
 188.582037      2.842  38.317088    14.1320    8.59804      2.818    31.5372    23.4857 -9.990e-29
 188.582043      2.836  38.320878    14.1402    6.73055      2.812    31.5339    23.4815 -9.990e-29
 188.582049      2.839  38.329403    14.1453    5.95273      2.815    31.5376    23.4832 -9.990e-29
 188.582054      2.847  38.334493    14.1447    6.21592      2.823    31.5427    23.4873 -9.990e-29
 188.582060      2.855  38.334059    14.1415    7.32648      2.831    31.5450    23.4897 -9.990e-29
 188.582066      2.861  38.330982    14.1424    7.81181      2.837    31.5414    23.4868 -9.990e-29
 188.582072      2.861  38.331348    14.1497    7.99634      2.837    31.5358    23.4809 -9.990e-29
 188.582078      2.858  38.337985    14.1571    8.11217      2.834    31.5358    23.4794 -9.990e-29
 188.582083      2.861  38.344131    14.1556    8.19794      2.837    31.5426    23.4850 -9.990e-29
 188.582089      2.874  38.341254    14.1440    8.26666      2.850    31.5495    23.4927 -9.990e-29
 188.582095      2.890  38.330102    14.1311    8.29744      2.866    31.5498    23.4956 -9.990e-29
 188.582101      2.897  38.319456    14.1269    8.28557      2.873    31.5435    23.4916 -9.990e-29
 188.582106      2.892  38.317647    14.1325    8.27658      2.868    31.5373    23.4856 -9.990e-29
 188.582112      2.877  38.324039    14.1422    8.26805      2.853    31.5352    23.4820 -9.990e-29
 188.582118      2.866  38.332666    14.1507    8.28004      2.842    31.5361    23.4810 -9.990e-29
 188.582124      2.865  38.339984    14.1562    8.27515      2.841    31.5384    23.4816 -9.990e-29
 188.582130      2.871  38.344630    14.1588    8.25357      2.847    31.5405    23.4827 -9.990e-29
 188.582135      2.874  38.345604    14.1609    8.23237      2.850    31.5397    23.4816 -9.990e-29
 188.582141      2.872  38.345422    14.1667    8.20372      2.848    31.5347    23.4767 -9.990e-29
 188.582147      2.869  38.350668    14.1737    8.19423      2.845    31.5338    23.4745 -9.990e-29
 188.582153      2.872  38.357775    14.1742    8.20679      2.848    31.5399    23.4791 -9.990e-29
 188.582159      2.886  38.357806    14.1648    8.23811      2.862    31.5476    23.4870 -9.990e-29
 188.582164      2.904  38.349780    14.1479    8.25763      2.880    31.5541    23.4954 -9.990e-29
 188.582170      2.913  38.334869    14.1364    8.25182      2.889    31.5498    23.4945 -9.990e-29
 188.582176      2.911  38.322449    14.1415    8.22706      2.887    31.5343    23.4815 -9.990e-29
 188.582182      2.901  38.324652    14.1554    8.20319      2.877    31.5250    23.4714 -9.990e-29
 188.582188      2.895  38.337218    14.1664    8.19595      2.871    31.5275    23.4711 -9.990e-29
 188.582193      2.903  38.347833    14.1711    8.19434      2.879    31.5333    23.4747 -9.990e-29
 188.582199      2.919  38.351681    14.1719    8.18530      2.895    31.5362    23.4767 -9.990e-29
 188.582205      2.940  38.350625    14.1719    8.16577      2.915    31.5352    23.4760 -9.990e-29
 188.582211      2.968  38.347837    14.1706    8.18105      2.943    31.5337    23.4751 -9.990e-29
 188.582216      3.001  38.345290    14.1643    8.20742      2.976    31.5365    23.4785 -9.990e-29
 188.582222      3.032  38.341879    14.1503    8.22734      3.007    31.5448    23.4878 -9.990e-29
 188.582228      3.059  38.333092    14.1358    8.22088      3.033    31.5486    23.4937 -9.990e-29
 188.582234      3.079  38.322383    14.1334    8.19220      3.053    31.5408    23.4882 -9.990e-29
 188.582240      3.085  38.322403    14.1447    8.16053      3.059    31.5316    23.4787 -9.990e-29
 188.582245      3.077  38.333740    14.1594    8.15274      3.051    31.5299    23.4745 -9.990e-29
 188.582251      3.067  38.345716    14.1678    8.16275      3.041    31.5340    23.4759 -9.990e-29
 188.582257      3.064  38.351310    14.1673    8.17940      3.038    31.5396    23.4803 -9.990e-29
 188.582263      3.064  38.349577    14.1621    8.18298      3.038    31.5422    23.4834 -9.990e-29
 188.582269      3.061  38.344382    14.1577    8.16881      3.035    31.5411    23.4834 -9.990e-29
 188.582274      3.055  38.338896    14.1572    8.16226      3.029    31.5365    23.4799 -9.990e-29
 188.582280      3.051  38.337028    14.1596    8.16086      3.026    31.5328    23.4766 -9.990e-29
 188.582286      3.053  38.340216    14.1588    8.17092      3.027    31.5364    23.4795 -9.990e-29
 188.582292      3.060  38.340376    14.1525    8.15660      3.034    31.5417    23.4849 -9.990e-29
 188.582297      3.073  38.335482    14.1468    8.15791      3.047    31.5418    23.4862 -9.990e-29
 188.582303      3.085  38.331355    14.1456    8.15219      3.059    31.5390    23.4843 -9.990e-29
 188.582309      3.087  38.329783    14.1466    8.15961      3.061    31.5368    23.4824 -9.990e-29
 188.582315      3.084  38.330918    14.1458    8.15907      3.058    31.5385    23.4838 -9.990e-29
 188.582321      3.080  38.331793    14.1420    8.15170      3.054    31.5424    23.4876 -9.990e-29
 188.582326      3.079  38.328532    14.1367    8.15065      3.053    31.5437    23.4898 -9.990e-29
 188.582332      3.085  38.322961    14.1317    8.14377      3.059    31.5427    23.4900 -9.990e-29
 188.582338      3.095  38.318872    14.1299    8.14812      3.069    31.5404    23.4886 -9.990e-29
 188.582344      3.104  38.319230    14.1316    8.13802      3.078    31.5394    23.4874 -9.990e-29
 188.582350      3.114  38.321709    14.1333    8.14659      3.088    31.5402    23.4878 -9.990e-29
 188.582355      3.124  38.321770    14.1341    8.14651      3.098    31.5396    23.4871 -9.990e-29
 188.582361      3.137  38.321181    14.1348    8.15200      3.111    31.5385    23.4861 -9.990e-29
 188.582367      3.147  38.321406    14.1349    8.13655      3.121    31.5386    23.4862 -9.990e-29
 188.582373      3.147  38.321065    14.1365    8.09829      3.121    31.5370    23.4846 -9.990e-29
 188.582378      3.138  38.322512    14.1431    8.09550      3.112    31.5330    23.4801 -9.990e-29
 188.582384      3.132  38.329363    14.1498    8.12062      3.106    31.5338    23.4794 -9.990e-29
 188.582390      3.135  38.336177    14.1469    8.14488      3.109    31.5424    23.4866 -9.990e-29
 188.582396      3.146  38.332977    14.1317    8.14891      3.120    31.5519    23.4971 -9.990e-29
 188.582402      3.155  38.317744    14.1173    8.13552      3.129    31.5497    23.4983 -9.990e-29
 188.582407      3.155  38.304947    14.1186    8.12734      3.129    31.5369    23.4882 -9.990e-29
 188.582413      3.145  38.308933    14.1298    8.11381      3.119    31.5314    23.4817 -9.990e-29
