data/oxygen options/OCNMS/OCNMS2/raw_data/2005/CTD_CA50_052405faed.cnv
* Sea-Bird SBE19 Data File:
* FileName = C:\Documents and Settings\kirner.PTANGELES\Desktop\hypoxia CTD data\CA50_052405.hex
* Software Version 1.1.5
* Temperature SN = 2997
* Conductivity SN = 2997
* System UpLoad Time = May 24 2005 15:27:23
* SEACAT PROFILER V3.1c SN 2997   05/24/05  15:26:42.056
* strain gauge pressure sensor: S/N = 184829,  range = 3000 psia,  tc = 40
# nquan = 9                                 
# nvalues = 771                         
# units = specified
# name 0 = timeJ: Julian Days
# name 1 = prSM: Pressure, Strain Gauge [db]
# name 2 = c0mS/cm: Conductivity [mS/cm]
# name 3 = t090C: Temperature [ITS-90, deg C]
# name 4 = oxML/L: Oxygen, Beckman/YSI [ml/l]
# name 5 = depSM: Depth [salt water, m], lat = 47.5
# name 6 = sal00: Salinity, Practical [PSU]
# name 7 = sigma-é00: Density [sigma-theta, kg/m^3]
# name 8 = flag: flag
# span 0 = 144.572859, 144.577315       
# span 1 =     -3.494,     52.368       
# span 2 =   0.267622,  36.950532       
# span 3 =     9.3711,    14.4105       
# span 4 =  -13.50859,   26.41059       
# span 5 =     -3.465,     51.924       
# span 6 =     0.1689,    32.7032       
# span 7 =    -0.4434,    25.2598       
# span 8 = 0.0000e+00, 0.0000e+00       
# interval = seconds: 0.5
# start_time = May 24 2005 13:44:55 [Instrument's time stamp, header]
# bad_flag = -9.990e-29
*END*
[from data line 641]
 144.576568     36.316  36.649999    11.4181    6.07920     36.010    32.2377    24.5517 0.0000e+00
 144.576574     36.005  36.699455    11.4901    6.10724     35.701    32.2235    24.5276 0.0000e+00
 144.576580     35.669  36.761507    11.5571    6.13486     35.368    32.2258    24.5173 0.0000e+00
 144.576586     35.308  36.820772    11.5981    6.14054     35.010    32.2481    24.5272 0.0000e+00
 144.576591     34.923  36.858154    11.6210    6.13809     34.629    32.2647    24.5359 0.0000e+00
 144.576597     34.517  36.879216    11.6429    6.10650     34.226    32.2663    24.5332 0.0000e+00
 144.576603     34.093  36.897470    11.6618    6.08834     33.806    32.2678    24.5309 0.0000e+00
 144.576609     33.663  36.906981    11.6701    6.07272     33.379    32.2700    24.5311 0.0000e+00
 144.576615     33.242  36.904179    11.6708    6.06086     32.962    32.2669    24.5285 0.0000e+00
 144.576620     32.842  36.901602    11.6686    6.04865     32.565    32.2665    24.5286 0.0000e+00
 144.576626     32.467  36.899184    11.6627    6.00875     32.193    32.2694    24.5319 0.0000e+00
 144.576632     32.110  36.883614    11.6519    5.98023     31.840    32.2638    24.5295 0.0000e+00
 144.576638     31.762  36.844793    11.6400    5.96097     31.494    32.2365    24.5105 0.0000e+00
 144.576644     31.422  36.798257    11.6318    5.94997     31.157    32.1985    24.4824 0.0000e+00
 144.576649     31.094  36.770000    11.6275    5.93940     30.832    32.1748    24.4648 0.0000e+00
 144.576655     30.778  36.759361    11.6247    5.93417     30.519    32.1670    24.4593 0.0000e+00
 144.576661     30.468  36.753279    11.6208    5.91932     30.211    32.1646    24.4581 0.0000e+00
 144.576667     30.155  36.745334    11.6137    5.92537     29.901    32.1632    24.4583 0.0000e+00
 144.576672     29.838  36.728299    11.6044    5.94878     29.587    32.1548    24.4534 0.0000e+00
 144.576678     29.513  36.702459    11.5981    5.98309     29.265    32.1352    24.4394 0.0000e+00
 144.576684     29.172  36.681028    11.5996    5.99469     28.926    32.1132    24.4220 0.0000e+00
 144.576690     28.807  36.664595    11.6164    5.99653     28.565    32.0828    24.3953 0.0000e+00
 144.576696     28.415  36.643026    11.6547    6.00455     28.176    32.0289    24.3465 0.0000e+00
 144.576701     28.007  36.626821    11.7015    6.03131     27.771    31.9730    24.2946 0.0000e+00
 144.576707     27.602  36.629149    11.7337    6.05636     27.370    31.9477    24.2690 0.0000e+00
 144.576713     27.214  36.636866    11.7426    6.07444     26.985    31.9477    24.2674 0.0000e+00
 144.576719     26.840  36.636169    11.7404    6.07497     26.614    31.9491    24.2689 0.0000e+00
 144.576725     26.471  36.631186    11.7489    6.07866     26.248    31.9371    24.2580 0.0000e+00
 144.576730     26.099  36.627054    11.7808    6.08387     25.880    31.9058    24.2279 0.0000e+00
 144.576736     25.717  36.619948    11.8262    6.06901     25.501    31.8602    24.1842 0.0000e+00
 144.576742     25.333  36.608248    11.8608    6.06765     25.120    31.8194    24.1462 0.0000e+00
 144.576748     24.963  36.594311    11.8748    6.05829     24.753    31.7941    24.1240 0.0000e+00
 144.576753     24.612  36.580879    11.8776    6.04961     24.405    31.7789    24.1116 0.0000e+00
 144.576759     24.279  36.570243    11.8789    6.04214     24.075    31.7677    24.1027 0.0000e+00
 144.576765     23.962  36.562805    11.8808    6.04142     23.761    31.7590    24.0956 0.0000e+00
 144.576771     23.651  36.558749    11.8822    6.03497     23.452    31.7540    24.0914 0.0000e+00
 144.576777     23.337  36.553792    11.8831    6.03042     23.141    31.7486    24.0871 0.0000e+00
 144.576782     23.007  36.542452    11.8862    6.03355     22.814    31.7351    24.0760 0.0000e+00
 144.576788     22.653  36.511855    11.8932    6.01640     22.463    31.6998    24.0473 0.0000e+00
 144.576794     22.275  36.460463    11.9056    5.99334     22.088    31.6398    23.9985 0.0000e+00
 144.576800     21.869  36.406112    11.9270    5.95778     21.685    31.5694    23.9399 0.0000e+00
 144.576806     21.431  36.353720    11.9562    5.94238     21.251    31.4944    23.8764 0.0000e+00
 144.576811     20.972  36.305771    11.9846    5.94106     20.796    31.4245    23.8169 0.0000e+00
 144.576817     20.514  36.272920    12.0036    5.93797     20.342    31.3771    23.7766 0.0000e+00
 144.576823     20.070  36.257359    12.0096    5.95678     19.902    31.3573    23.7601 0.0000e+00
 144.576829     19.646  36.256294    12.0096    5.97920     19.481    31.3564    23.7595 0.0000e+00
 144.576834     19.245  36.261027    12.0176    6.01887     19.083    31.3544    23.7564 0.0000e+00
 144.576840     18.863  36.258809    12.0340    6.05547     18.705    31.3386    23.7412 0.0000e+00
 144.576846     18.493  36.252856    12.0521    6.06540     18.338    31.3179    23.7217 0.0000e+00
 144.576852     18.129  36.249814    12.0786    6.05856     17.977    31.2929    23.6975 0.0000e+00
 144.576858     17.767  36.244514    12.1224    6.04285     17.618    31.2513    23.6571 0.0000e+00
 144.576863     17.412  36.234945    12.1752    6.05018     17.266    31.1982    23.6062 0.0000e+00
 144.576869     17.062  36.226860    12.2155    6.10617     16.919    31.1571    23.5668 0.0000e+00
 144.576875     16.715  36.222949    12.2350    6.17432     16.575    31.1372    23.5478 0.0000e+00
 144.576881     16.372  36.220257    12.2428    6.22310     16.235    31.1283    23.5394 0.0000e+00
 144.576887     16.023  36.214647    12.2551    6.20971     15.889    31.1129    23.5252 0.0000e+00
 144.576892     15.655  36.197523    12.3024    6.16541     15.524    31.0575    23.4734 0.0000e+00
 144.576898     15.261  36.144376    12.4044    6.13587     15.133    30.9228    23.3500 0.0000e+00
 144.576904     14.846  36.028082    12.5257    6.11359     14.722    30.7132    23.1649 0.0000e+00
 144.576910     14.418  35.871332    12.6133    6.09678     14.297    30.4940    22.9787 0.0000e+00
 144.576916     13.984  35.738205    12.6550    6.05926     13.867    30.3349    22.8477 0.0000e+00
 144.576921     13.546  35.665969    12.6728    6.02116     13.433    30.2527    22.7808 0.0000e+00
 144.576927     13.102  35.631775    12.6929    5.98371     12.992    30.2046    22.7397 0.0000e+00
 144.576933     12.649  35.563128    12.7221    5.94151     12.543    30.1169    22.6663 0.0000e+00
 144.576939     12.193  35.434660    12.7468    5.92841     12.091    29.9767    22.5532 0.0000e+00
 144.576944     11.748  35.313362    12.7581    5.92311     11.650    29.8541    22.4562 0.0000e+00
 144.576950     11.327  35.248872    12.7607    5.92153     11.232    29.7917    22.4074 0.0000e+00
 144.576956     10.943  35.230900    12.7614    5.90541     10.851    29.7744    22.3939 0.0000e+00
 144.576962     10.592  35.233248    12.7624    5.88907     10.503    29.7760    22.3949 0.0000e+00
 144.576968     10.260  35.233263    12.7625    5.88720     10.174    29.7760    22.3949 0.0000e+00
 144.576973      9.935  35.226483    12.7608    5.88223      9.852    29.7711    22.3915 0.0000e+00
 144.576979      9.601  35.216769    12.7564    5.84542      9.521    29.7656    22.3880 0.0000e+00
 144.576985      9.245  35.197340    12.7482    5.81821      9.168    29.7540    22.3806 0.0000e+00
 144.576991      8.870  35.163036    12.7378    5.83698      8.796    29.7301    22.3641 0.0000e+00
 144.576997      8.486  35.124744    12.7311    5.87331      8.415    29.6996    22.3417 0.0000e+00
 144.577002      8.099  35.094201    12.7319    5.93742      8.031    29.6705    22.3190 0.0000e+00
 144.577008      7.705  35.068248    12.7428    5.90656      7.641    29.6377    22.2916 0.0000e+00
 144.577014      7.297  35.035268    12.7765    5.86080      7.236    29.5806    22.2411 0.0000e+00
 144.577020      6.865  34.963627    12.8438    5.83589      6.808    29.4612    22.1360 0.0000e+00
 144.577025      6.413  34.806579    12.9282    5.87138      6.359    29.2493    21.9563 0.0000e+00
 144.577031      5.962  34.585692    12.9963    5.99234      5.912    28.9916    21.7442 0.0000e+00
 144.577037      5.534  34.407831    13.0370    6.09913      5.488    28.7957    21.5851 0.0000e+00
 144.577043      5.138  34.326793    13.0728    6.16532      5.095    28.6936    21.4994 0.0000e+00
 144.577049      4.764  34.231184    13.1330    6.13277      4.724    28.5599    21.3847 0.0000e+00
 144.577054      4.399  33.998589    13.2661    5.95338      4.362    28.2461    21.1171 0.0000e+00
 144.577060      4.034  33.679692    13.4921    5.78384      4.000    27.7880    20.7203 0.0000e+00
 144.577066      3.678  33.406793    13.7321    5.62598      3.647    27.3670    20.3495 0.0000e+00
 144.577072      3.342  33.256712    13.9229    5.59279      3.314    27.0963    20.1038 0.0000e+00
 144.577078      3.034  33.207211    14.0739    5.66346      3.009    26.9461    19.9586 0.0000e+00
 144.577083      2.760  33.195693    14.1769    6.80441      2.737    26.8641    19.8753 0.0000e+00
 144.577089      2.529  33.184976    14.2094    7.22937      2.508    26.8321    19.8442 0.0000e+00
 144.577095      2.342  33.162474    14.1768    7.45411      2.322    26.8346    19.8526 0.0000e+00
 144.577101      2.192  33.139113    14.1056    7.65617      2.174    26.8632    19.8885 -9.990e-29
 144.577106      2.075  33.124659    14.0214    7.65220      2.058    26.9089    19.9402 -9.990e-29
 144.577112      1.986  33.109360    13.9288    7.64421      1.969    26.9598    19.9975 -9.990e-29
 144.577118      1.916  33.066640    13.8183    7.64798      1.900    26.9988    20.0489 -9.990e-29
 144.577124      1.856  32.899177    13.6931    7.56794      1.841    26.9352    20.0241 -9.990e-29
 144.577130      1.807  32.274393    13.5736    7.52309      1.792    26.4524    19.6747 -9.990e-29
 144.577135      1.769  30.207914    13.4816    7.52663      1.754    24.6476    18.3009 -9.990e-29
 144.577141      1.737  23.812713    13.4276    7.51903      1.722    19.0043    13.9652 -9.990e-29
 144.577147      1.707  13.874118    13.4046    7.45602      1.693    10.5599     7.4743 -9.990e-29
 144.577153      1.688   6.858680    13.3973    7.35809      1.674     4.9450     3.1532 -9.990e-29
 144.577159      1.681   4.383063    13.3954    7.23327      1.667     3.0655     1.7033 -9.990e-29
 144.577164      1.682   3.653474    13.3950    7.11763      1.668     2.5260     1.2866 -9.990e-29
 144.577170      1.687   3.477173    13.3948   -5.48692      1.673     2.3968     1.1867 -9.990e-29
 144.577176      1.696   3.246343    13.3948  -12.54494      1.682     2.2284     1.0565 -9.990e-29
 144.577182      1.705   3.004174    13.3947  -13.50859      1.691     2.0527     0.9206 -9.990e-29
 144.577188      1.711   3.157019    13.3949   -9.96825      1.697     2.1634     1.0063 -9.990e-29
 144.577193      1.714   3.408304    13.3951   -1.89684      1.700     2.3465     1.1477 -9.990e-29
 144.577199      1.715   3.409387    13.3950   -0.35451      1.701     2.3472     1.1484 -9.990e-29
 144.577205      1.713   3.254508    13.3945   -0.20048      1.699     2.2344     1.0611 -9.990e-29
 144.577211      1.713   2.964945    13.3941   -0.14829      1.699     2.0243     0.8987 -9.990e-29
 144.577216      1.718   2.498970    13.3937   -0.13013      1.704     1.6895     0.6397 -9.990e-29
 144.577222      1.725   2.091494    13.3932   -0.12102      1.711     1.4002     0.4157 -9.990e-29
 144.577228      1.730   1.995353    13.3922   -0.12112      1.716     1.3325     0.3634 -9.990e-29
 144.577234      1.734   2.107389    13.3907   -0.12121      1.720     1.4115     0.4248 -9.990e-29
 144.577240      1.736   2.184548    13.3893   -0.12105      1.722     1.4661     0.4673 -9.990e-29
 144.577245      1.736   2.078785    13.3883   -0.12107      1.722     1.3914     0.4096 -9.990e-29
 144.577251      1.736   1.830053    13.3874   -0.12103      1.722     1.2167     0.2743 -9.990e-29
 144.577257      1.734   1.584073    13.3865   -0.12115      1.720     1.0455     0.1417 -9.990e-29
 144.577263      1.731   1.377506    13.3855 -9.990e-29      1.717     0.9030     0.0312 -9.990e-29
 144.577269      1.726   1.190727    13.3843 -9.990e-29      1.712     0.7752    -0.0677 -9.990e-29
 144.577274      1.720   1.052657    13.3829 -9.990e-29      1.706     0.6815    -0.1403 -9.990e-29
 144.577280      1.711   0.974484    13.3811 -9.990e-29      1.697     0.6288    -0.1810 -9.990e-29
 144.577286      1.699   0.911333    13.3788 -9.990e-29      1.685     0.5864    -0.2136 -9.990e-29
 144.577292      1.688   0.833912    13.3761 -9.990e-29      1.674     0.5347    -0.2534 -9.990e-29
 144.577297      1.685   0.809825    13.3736 -9.990e-29      1.671     0.5187    -0.2656 -9.990e-29
 144.577303      1.691   0.872399    13.3716 -9.990e-29      1.677     0.5605    -0.2328 -9.990e-29
 144.577309      1.696   0.936455    13.3707 -9.990e-29      1.682     0.6034    -0.1993 -9.990e-29
 144.577315      1.698   0.950405 -9.990e-29 -9.990e-29      1.684 -9.990e-29 -9.990e-29 -9.990e-29
