data/oxygen options/OCNMS/OCNMS2/raw_data/2005/CTD_TH50_060705faed.cnv
* Sea-Bird SBE19 Data File:
* FileName = C:\hypoxia CTD data\TH50_060705.hex
* Software Version 1.1.5
* Temperature SN = 2997
* Conductivity SN = 2997
* System UpLoad Time = Jun 07 2005 12:38:28
* SEACAT PROFILER V3.1c SN 2997   06/07/05  12:37:09.847
* strain gauge pressure sensor: S/N = 184829,  range = 3000 psia,  tc = 40
# nquan = 9                                 
# nvalues = 1161                        
# units = specified
# name 0 = timeJ: Julian Days
# name 1 = prSM: Pressure, Strain Gauge [db]
# name 2 = c0mS/cm: Conductivity [mS/cm]
# name 3 = t090C: Temperature [ITS-90, deg C]
# name 4 = oxML/L: Oxygen, Beckman/YSI [ml/l]
# name 5 = depSM: Depth [salt water, m], lat = 47.5
# name 6 = sal00: Salinity, Practical [PSU]
# name 7 = sigma-é00: Density [sigma-theta, kg/m^3]
# name 8 = flag: flag
# span 0 = 158.452627, 158.459340       
# span 1 =     -4.018,     50.672       
# span 2 =   0.264283,  37.354580       
# span 3 =     8.6340,    14.2946       
# span 4 =  -14.12479,   25.28649       
# span 5 =     -3.985,     50.243       
# span 6 =     0.1610,    33.1811       
# span 7 =    -0.6419,    25.7511       
# span 8 = 0.0000e+00, 0.0000e+00       
# interval = seconds: 0.5
# start_time = Jun 07 2005 10:51:47 [Instrument's time stamp, header]
# bad_flag = -9.990e-29
*END*
[from data line 1121]
 158.459115      3.068  37.327764    14.2900    7.16542      3.042    30.5075    22.6593 -9.990e-29
 158.459120      3.061  37.326284    14.2881    7.15950      3.035    30.5077    22.6598 -9.990e-29
 158.459126      3.052  37.325503    14.2880    7.17271      3.027    30.5071    22.6593 -9.990e-29
 158.459132      3.026  37.326622    14.2883    7.16067      3.001    30.5079    22.6599 -9.990e-29
 158.459138      2.984  37.327768    14.2881    7.14780      2.959    30.5091    22.6608 -9.990e-29
 158.459144      2.934  37.327665    14.2881    7.14169      2.909    30.5090    22.6608 -9.990e-29
 158.459149      2.891  37.326738    14.2889    7.10537      2.867    30.5075    22.6595 -9.990e-29
 158.459155      2.856  37.327118    14.2902    7.11234      2.832    30.5069    22.6587 -9.990e-29
 158.459161      2.814  37.329872    14.2904    7.02459      2.790    30.5092    22.6605 -9.990e-29
 158.459167      2.754  37.331941    14.2880    6.86273      2.731    30.5130    22.6639 -9.990e-29
 158.459172      2.672  37.330475    14.2853    6.76971      2.650    30.5139    22.6651 -9.990e-29
 158.459178      2.567  37.328006    14.2849    6.57306      2.546    30.5120    22.6637 -9.990e-29
 158.459184      2.445  37.327412    14.2862    6.50748      2.425    30.5105    22.6623 -9.990e-29
 158.459190      2.316  37.328461    14.2874    6.34960      2.297    30.5105    22.6621 0.0000e+00
 158.459196      2.188  37.329750    14.2854    6.12733      2.170    30.5133    22.6646 -9.990e-29
 158.459201      2.071  37.327391    14.2772    7.08645      2.054    30.5177    22.6697 -9.990e-29
 158.459207      1.969  37.319360    14.2646    7.01105      1.953    30.5204    22.6743 -9.990e-29
 158.459213      1.885  37.308412    14.2512    7.09147      1.869    30.5210    22.6776 -9.990e-29
 158.459219      1.818  37.295087    14.2375    7.22796      1.803    30.5197    22.6794 -9.990e-29
 158.459225      1.763  37.272273    14.2208    7.32630      1.748    30.5122    22.6770 -9.990e-29
 158.459230      1.722  37.224689    14.2000    7.38052      1.708    30.4853    22.6605 -9.990e-29
 158.459236      1.691  37.114686    14.1773    7.41062      1.677    30.4031    22.6017 -9.990e-29
 158.459242      1.664  36.823629    14.1564   -5.92341      1.650    30.1545    22.4143 -9.990e-29
 158.459248      1.644  35.985309    14.1398  -13.11361      1.630    29.4057    21.8405 -9.990e-29
 158.459253      1.634  33.496543    14.1278  -14.12479      1.620    27.1686    20.1193 -9.990e-29
 158.459259      1.634  26.052992    14.1200  -10.35124      1.620    20.5999    15.0684 -9.990e-29
 158.459265      1.638  14.743448    14.1157   -1.82478      1.624    11.0728     7.7546 -9.990e-29
 158.459271      1.643   6.895927    14.1134   -0.35681      1.629     4.8825     2.9997 -9.990e-29
 158.459277      1.650   3.965439    14.1121   -0.19872      1.636     2.7053     1.3232 -9.990e-29
 158.459282      1.654   2.789520    14.1109   -0.14975      1.640     1.8631     0.6735 -9.990e-29
 158.459288      1.656   2.206717    14.1091 -9.990e-29      1.642     1.4547     0.3582 -9.990e-29
 158.459294      1.661   1.856288    14.1067 -9.990e-29      1.647     1.2125     0.1713 -9.990e-29
 158.459300      1.663   1.678944    14.1034 -9.990e-29      1.649     1.0911     0.0778 -9.990e-29
 158.459306      1.664   1.624153    14.0985 -9.990e-29      1.650     1.0539     0.0497 -9.990e-29
 158.459311      1.667   1.614418    14.0934 -9.990e-29      1.653     1.0474     0.0454 -9.990e-29
 158.459317      1.674   1.580714    14.0898 -9.990e-29      1.660     1.0245     0.0283 -9.990e-29
 158.459323      1.684   1.503628    14.0877 -9.990e-29      1.670     0.9722    -0.0119 -9.990e-29
 158.459329      1.693   1.436859    14.0863 -9.990e-29      1.679     0.9270    -0.0467 -9.990e-29
 158.459334      1.698   1.411790    14.0858 -9.990e-29      1.684     0.9101    -0.0598 -9.990e-29
 158.459340      1.700   1.402210 -9.990e-29 -9.990e-29      1.686 -9.990e-29 -9.990e-29 -9.990e-29
