data/oxygen options/OCNMS/OCNMS2/raw_data/2005/CTD_TH30_060705faed.cnv
* Sea-Bird SBE19 Data File:
* FileName = C:\hypoxia CTD data\TH30_060705.hex
* Software Version 1.1.5
* Temperature SN = 2997
* Conductivity SN = 2997
* System UpLoad Time = Jun 07 2005 12:32:51
* SEACAT PROFILER V3.1c SN 2997   06/07/05  12:30:55.117
* strain gauge pressure sensor: S/N = 184829,  range = 3000 psia,  tc = 40
# nquan = 9                                 
# nvalues = 559                         
# units = specified
# name 0 = timeJ: Julian Days
# name 1 = prSM: Pressure, Strain Gauge [db]
# name 2 = c0mS/cm: Conductivity [mS/cm]
# name 3 = t090C: Temperature [ITS-90, deg C]
# name 4 = oxML/L: Oxygen, Beckman/YSI [ml/l]
# name 5 = depSM: Depth [salt water, m], lat = 47.5
# name 6 = sal00: Salinity, Practical [PSU]
# name 7 = sigma-é00: Density [sigma-theta, kg/m^3]
# name 8 = flag: flag
# span 0 = 158.420995, 158.424225       
# span 1 =     -2.456,     30.123       
# span 2 =   0.827634,  37.264773       
# span 3 =    10.6816,    14.3937       
# span 4 =  -14.41183,   25.28150       
# span 5 =     -2.436,     29.869       
# span 6 =     0.5416,    32.2157       
# span 7 =    -0.3483,    24.6634       
# span 8 = 0.0000e+00, 0.0000e+00       
# interval = seconds: 0.5
# start_time = Jun 07 2005 10:06:14 [Instrument's time stamp, header]
# bad_flag = -9.990e-29
*END*
 158.420995     -2.456 -9.990e-29    14.2764   -0.09849     -2.436 -9.990e-29 -9.990e-29 -9.990e-29
 158.421001     -2.436  36.628738    14.2919   -0.09846     -2.416    29.8738    22.1703 -9.990e-29
 158.421007     -2.418  36.638512    14.3041   -0.09845     -2.398    29.8733    22.1674 -9.990e-29
 158.421013     -2.401  36.649329    14.3100   -0.09845     -2.381    29.8785    22.1702 -9.990e-29
 158.421019     -2.383  36.667205    14.3120   -0.09845     -2.363    29.8932    22.1811 -9.990e-29
 158.421024     -2.364  36.693172    14.3108   -0.09844     -2.344    29.9176    22.2002 -9.990e-29
 158.421030     -2.341  36.720379    14.3061   -0.09845     -2.321    29.9459    22.2229 -9.990e-29
 158.421036     -2.311  36.741051    14.3012   -0.09847     -2.292    29.9684    22.2413 -9.990e-29
 158.421042     -2.270  36.750886    14.3009   -0.09848     -2.251    29.9775    22.2484 -9.990e-29
 158.421047     -2.229  36.751515    14.3059   -0.09848     -2.210    29.9742    22.2448 -9.990e-29
 158.421053     -2.194  36.747242    14.3123   -0.09848     -2.176    29.9653    22.2367 -9.990e-29
 158.421059     -2.162  36.745932    14.3167   -0.09849     -2.144    29.9607    22.2322 -9.990e-29
 158.421065     -2.136  36.750429    14.3189   -0.09848     -2.118    29.9631    22.2336 -9.990e-29
 158.421071     -2.118  36.755056    14.3195   -0.09848     -2.100    29.9668    22.2364 -9.990e-29
 158.421076     -2.108  36.757112    14.3177   -0.09849     -2.090    29.9701    22.2392 -9.990e-29
 158.421082     -2.100  36.758881    14.3134   -0.09849     -2.082    29.9750    22.2439 -9.990e-29
 158.421088     -2.085  36.762826    14.3092   -0.09847     -2.068    29.9818    22.2500 -9.990e-29
 158.421094     -2.063  36.767019    14.3076   -0.09847     -2.046    29.9869    22.2542 -9.990e-29
 158.421100     -2.040  36.765377    14.3079   -0.09847     -2.023    29.9851    22.2528 -9.990e-29
 158.421105     -2.019  36.757492    14.3089   -0.09847     -2.002    29.9772    22.2465 -9.990e-29
 158.421111     -1.999  36.749219    14.3098   -0.09845     -1.982    29.9690    22.2400 -9.990e-29
 158.421117     -1.978  36.741409    14.3101   -0.09844     -1.962    29.9617    22.2343 -9.990e-29
 158.421123     -1.957  36.736087    14.3108   -0.09843     -1.941    29.9563    22.2300 -9.990e-29
 158.421128     -1.932  36.737479    14.3130   -0.09847     -1.916    29.9559    22.2292 -9.990e-29
 158.421134     -1.906  36.735766    14.3164   -0.09849     -1.890    29.9517    22.2253 -9.990e-29
 158.421140     -1.888  36.726524    14.3190   -0.09845     -1.872    29.9413    22.2168 -9.990e-29
 158.421146     -1.875  36.718843    14.3195   -0.09845     -1.859    29.9339    22.2110 -9.990e-29
 158.421152     -1.857  36.717728    14.3215   -0.09849     -1.842    29.9314    22.2086 -9.990e-29
 158.421157     -1.831  36.722358    14.3261   -0.09850     -1.816    29.9320    22.2082 -9.990e-29
 158.421163     -1.798  36.723307    14.3297   -0.09850     -1.783    29.9301    22.2060 -9.990e-29
 158.421169     -1.764  36.719699    14.3304   -0.09849     -1.749    29.9262    22.2029 -9.990e-29
 158.421175     -1.733  36.723652    14.3286   -0.09848     -1.719    29.9312    22.2071 -9.990e-29
 158.421181     -1.701  36.734931    14.3262   -0.09848     -1.687    29.9433    22.2168 -9.990e-29
 158.421186     -1.668  36.738395    14.3262   -0.09848     -1.654    29.9464    22.2192 -9.990e-29
 158.421192     -1.634  36.726988    14.3269   -0.09848     -1.620    29.9355    22.2107 -9.990e-29
 158.421198     -1.606  36.715885    14.3229   -0.09848     -1.593    29.9285    22.2062 -9.990e-29
 158.421204     -1.583  36.718986    14.3160   -0.09847     -1.570    29.9367    22.2138 -9.990e-29
 158.421209     -1.555  36.728193    14.3134   -0.09849     -1.542    29.9470    22.2223 -9.990e-29
 158.421215     -1.515  36.731209    14.3158   -0.09849     -1.502    29.9479    22.2225 -9.990e-29
 158.421221     -1.470  36.725428    14.3190   -0.09849     -1.458    29.9401    22.2159 -9.990e-29
 158.421227     -1.434  36.715581    14.3214   -0.09847     -1.422    29.9294    22.2071 -9.990e-29
 158.421233     -1.412  36.709392    14.3226   -0.09850     -1.400    29.9228    22.2018 -9.990e-29
 158.421238     -1.400  36.708244    14.3227   -0.09849     -1.388    29.9217    22.2009 -9.990e-29
 158.421244     -1.388  36.708469    14.3225   -0.09850     -1.376    29.9220    22.2013 -9.990e-29
 158.421250     -1.372  36.708225    14.3217   -0.09849     -1.361    29.9224    22.2017 -9.990e-29
 158.421256     -1.349  36.709534    14.3195   -0.09848     -1.338    29.9253    22.2044 -9.990e-29
 158.421262     -1.318  36.715366    14.3179   -0.09849     -1.307    29.9318    22.2097 -9.990e-29
 158.421267     -1.282  36.723507    14.3194   -0.09848     -1.271    29.9380    22.2142 -9.990e-29
 158.421273     -1.248  36.725848    14.3220   -0.09851     -1.238    29.9381    22.2137 -9.990e-29
 158.421279     -1.216  36.718882    14.3221   -0.09854     -1.206    29.9317    22.2088 -9.990e-29
 158.421285     -1.186  36.711368    14.3195   -0.09856     -1.176    29.9269    22.2056 -9.990e-29
 158.421291     -1.150  36.710215    14.3183   -0.09853     -1.140    29.9268    22.2058 -9.990e-29
 158.421296     -1.107  36.714549    14.3204   -0.09849     -1.098    29.9291    22.2071 -9.990e-29
 158.421302     -1.071  36.717355    14.3234   -0.09850     -1.062    29.9293    22.2067 -9.990e-29
 158.421308     -1.053  36.711820    14.3252   -0.09853     -1.044    29.9229    22.2014 -9.990e-29
 158.421314     -1.043  36.704125    14.3232   -0.09856     -1.034    29.9174    22.1976 -9.990e-29
 158.421319     -1.026  36.700377    14.3167   -0.09858     -1.017    29.9191    22.2002 -9.990e-29
 158.421325     -0.999  36.704094    14.3092   -0.09854     -0.991    29.9282    22.2087 -9.990e-29
 158.421331     -0.964  36.715287    14.3044   -0.09854     -0.956    29.9421    22.2204 -9.990e-29
 158.421337     -0.931  36.719824    14.3048   -0.09856     -0.923    29.9459    22.2232 -9.990e-29
 158.421343     -0.910  36.710394    14.3102   -0.09858     -0.902    29.9331    22.2123 -9.990e-29
 158.421348     -0.906  36.696956    14.3155   -0.09861     -0.898    29.9169    22.1987 -9.990e-29
 158.421354     -0.908  36.689174    14.3148   -0.09861     -0.900    29.9104    22.1938 -9.990e-29
 158.421360     -0.901  36.685187    14.3083   -0.09856     -0.893    29.9118    22.1962 -9.990e-29
 158.421366     -0.879  36.683151    14.3022   -0.09858     -0.872    29.9146    22.1997 -9.990e-29
 158.421372     -0.853  36.683257    14.3010   -0.09859     -0.846    29.9156    22.2007 -9.990e-29
 158.421377     -0.836  36.678459    14.3033   -0.09861     -0.829    29.9095    22.1955 -9.990e-29
 158.421383     -0.826  36.669748    14.3028   -0.09861     -0.819    29.9020    22.1898 -9.990e-29
 158.421389     -0.808  36.663558    14.2973   -0.09861     -0.801    29.9006    22.1899 -9.990e-29
 158.421395     -0.775  36.661834    14.2909   -0.09861     -0.769    29.9040    22.1938 -9.990e-29
 158.421400     -0.732  36.665744    14.2878   -0.09860     -0.726    29.9099    22.1990 -9.990e-29
 158.421406     -0.693  36.667707    14.2899   -0.09856     -0.687    29.9101    22.1987 -9.990e-29
 158.421412     -0.669  36.662028    14.2946   -0.09855     -0.663    29.9013    22.1910 -9.990e-29
 158.421418     -0.659  36.654694    14.2948   -0.09859     -0.654    29.8945    22.1857 -9.990e-29
 158.421424     -0.648  36.647246    14.2895   -0.09861     -0.643    29.8918    22.1847 -9.990e-29
 158.421429     -0.624  36.642195    14.2844    8.54220     -0.619    29.8912    22.1853 -9.990e-29
 158.421435     -0.585  36.646928    14.2832   22.70376     -0.580    29.8964    22.1895 -9.990e-29
 158.421441     -0.541  36.654960    14.2847   25.28150     -0.536    29.9025    22.1939 -9.990e-29
 158.421447     -0.506  36.656353    14.2877   23.49712     -0.502    29.9014    22.1925 -9.990e-29
 158.421453     -0.487  36.652504    14.2931   17.00667     -0.483    29.8938    22.1855 -9.990e-29
 158.421458     -0.478  36.648478    14.2991   11.57194     -0.474    29.8855    22.1779 -9.990e-29
 158.421464     -0.475  36.647424    14.2999   11.61197     -0.471    29.8839    22.1765 -9.990e-29
 158.421470     -0.472  36.649721    14.2948   11.55748     -0.468    29.8899    22.1822 -9.990e-29
 158.421476     -0.462  36.654052    14.2909   11.56747     -0.458    29.8968    22.1883 -9.990e-29
 158.421481     -0.444  36.662930    14.2944   11.57944     -0.440    29.9022    22.1917 -9.990e-29
 158.421487     -0.424  36.689417    14.3041   11.59018     -0.420    29.9187    22.2024 -9.990e-29
 158.421493     -0.407  36.733040    14.3126   11.59847     -0.404    29.9516    22.2261 -9.990e-29
 158.421499     -0.391  36.765152    14.3142   11.60998     -0.388    29.9794    22.2472 -9.990e-29
 158.421505     -0.375  36.767555    14.3114   11.62223     -0.372    29.9838    22.2511 -9.990e-29
 158.421510     -0.357  36.753652    14.3091   11.63326     -0.354    29.9730    22.2433 -9.990e-29
 158.421516     -0.342  36.744821    14.3086   11.64297     -0.339    29.9653    22.2375 -9.990e-29
 158.421522     -0.332  36.745088    14.3092    9.51495     -0.329    29.9651    22.2372 -9.990e-29
 158.421528     -0.322  36.747625    14.3091    6.29486     -0.319    29.9675    22.2390 -9.990e-29
 158.421534     -0.308  36.746384    14.3064    4.42146     -0.305    29.9685    22.2403 -9.990e-29
 158.421539     -0.289  36.735889    14.3022    3.80207     -0.287    29.9622    22.2364 -9.990e-29
 158.421545     -0.263  36.722437    14.2987    4.66775     -0.261    29.9527    22.2298 -9.990e-29
 158.421551     -0.228  36.714547    14.2942    5.72561     -0.226    29.9490    22.2278 -9.990e-29
 158.421557     -0.188  36.701801    14.2870    6.17526     -0.186    29.9430    22.2247 -9.990e-29
 158.421562     -0.151  36.680767    14.2802    6.44106     -0.150    29.9292    22.2154 -9.990e-29
 158.421568     -0.130  36.664992    14.2777    6.57883     -0.129    29.9168    22.2064 -9.990e-29
 158.421574     -0.125  36.660458    14.2788    6.65030     -0.124    29.9119    22.2024 -9.990e-29
 158.421580     -0.134  36.664024    14.2800    6.69151     -0.133    29.9142    22.2039 -9.990e-29
 158.421586     -0.139  36.667652    14.2798    6.72409     -0.138    29.9176    22.2066 -9.990e-29
 158.421591     -0.123  36.667312    14.2790    6.74192     -0.122    29.9179    22.2070 -9.990e-29
 158.421597     -0.091  36.665460    14.2784    6.73209     -0.090    29.9167    22.2062 -9.990e-29
 158.421603     -0.056  36.665337    14.2790    6.72967     -0.056    29.9161    22.2056 -9.990e-29
 158.421609     -0.030  36.669123    14.2808    6.73261     -0.030    29.9182    22.2068 -9.990e-29
 158.421615     -0.010  36.674116    14.2833    6.73929     -0.010    29.9207    22.2083 -9.990e-29
 158.421620      0.008  36.678665    14.2845    6.73971      0.008    29.9239    22.2105 -9.990e-29
 158.421626      0.021  36.680530    14.2823    6.73485      0.021    29.9273    22.2135 -9.990e-29
 158.421632      0.027  36.673329    14.2782    6.72790      0.027    29.9240    22.2118 -9.990e-29
 158.421638      0.030  36.660462    14.2750    6.70962      0.030    29.9148    22.2054 -9.990e-29
 158.421644      0.038  36.651786    14.2734    6.70517      0.038    29.9081    22.2006 -9.990e-29
 158.421649      0.056  36.648733    14.2732    6.71052      0.056    29.9055    22.1986 -9.990e-29
 158.421655      0.082  36.647896    14.2735    6.71285      0.081    29.9045    22.1978 -9.990e-29
 158.421661      0.107  36.647701    14.2736    6.69908      0.106    29.9043    22.1976 -9.990e-29
 158.421667      0.131  36.647991    14.2736    6.68588      0.130    29.9045    22.1977 -9.990e-29
 158.421672      0.153  36.648693    14.2739    6.68388      0.152    29.9049    22.1980 -9.990e-29
 158.421678      0.176  36.649726    14.2747    6.69121      0.175    29.9052    22.1981 -9.990e-29
 158.421684      0.197  36.652568    14.2753    6.69315      0.195    29.9073    22.1996 -9.990e-29
 158.421690      0.212  36.655506    14.2745    6.68104      0.210    29.9106    22.2023 -9.990e-29
 158.421696      0.223  36.651908    14.2722    6.65925      0.221    29.9091    22.2016 -9.990e-29
 158.421701      0.231  36.642686    14.2702    6.66226      0.229    29.9023    22.1967 -9.990e-29
 158.421707      0.244  36.635831    14.2697    6.68024      0.242    29.8965    22.1923 -9.990e-29
 158.421713      0.267  36.634079    14.2700    6.68143      0.265    29.8946    22.1909 -9.990e-29
 158.421719      0.290  36.635181    14.2700    6.66489      0.288    29.8956    22.1916 -9.990e-29
 158.421725      0.305  36.636732    14.2692    6.64874      0.302    29.8976    22.1934 -9.990e-29
 158.421730      0.313  36.636349    14.2684    6.64087      0.310    29.8979    22.1937 -9.990e-29
 158.421736      0.320  36.634668    14.2690    6.66131      0.317    29.8959    22.1921 -9.990e-29
 158.421742      0.333  36.636184    14.2716    6.66207      0.330    29.8953    22.1910 -9.990e-29
 158.421748      0.353  36.642918    14.2747    6.63868      0.350    29.8990    22.1933 -9.990e-29
 158.421753      0.374  36.650950    14.2759    6.62278      0.371    29.9053    22.1979 -9.990e-29
 158.421759      0.393  36.652488    14.2743    6.62061      0.390    29.9079    22.2003 -9.990e-29
 158.421765      0.410  36.646781    14.2714    6.64362      0.407    29.9050    22.1986 -9.990e-29
 158.421771      0.428  36.640797    14.2682    6.64945      0.424    29.9021    22.1970 -9.990e-29
 158.421777      0.446  36.635528    14.2653    6.64062      0.442    29.8995    22.1956 -9.990e-29
 158.421782      0.462  36.630114    14.2643    6.62620      0.458    29.8954    22.1926 -9.990e-29
 158.421788      0.468  36.628547    14.2649    6.61733      0.464    29.8935    22.1910 -9.990e-29
 158.421794      0.465  36.629861    14.2651    6.63098      0.461    29.8945    22.1918 -9.990e-29
 158.421800      0.461  36.629079    14.2644    6.63529      0.457    29.8944    22.1918 -9.990e-29
 158.421806      0.460  36.626840    14.2636    6.62490      0.456    29.8929    22.1909 -9.990e-29
 158.421811      0.462  36.625766    14.2636    6.61257      0.458    29.8920    22.1901 -9.990e-29
 158.421817      0.468  36.626105    14.2641    6.60862      0.464    29.8919    22.1900 -9.990e-29
 158.421823      0.476  36.626628    14.2644    6.61919      0.472    29.8921    22.1901 -9.990e-29
 158.421829      0.489  36.627470    14.2656    6.62149      0.485    29.8920    22.1897 -9.990e-29
 158.421834      0.507  36.631998    14.2676    6.61928      0.503    29.8945    22.1913 -9.990e-29
 158.421840      0.526  36.637836    14.2672    6.61269      0.522    29.9001    22.1957 -9.990e-29
 158.421846      0.540  36.635949    14.2636    6.59953      0.535    29.9012    22.1972 -9.990e-29
 158.421852      0.549  36.625504    14.2593    6.58896      0.544    29.8950    22.1934 -9.990e-29
 158.421858      0.562  36.613317    14.2560    6.59360      0.557    29.8865    22.1875 -9.990e-29
 158.421863      0.581  36.604445    14.2542    6.60678      0.576    29.8799    22.1827 -9.990e-29
 158.421869      0.597  36.601077    14.2539    6.61030      0.592    29.8770    22.1806 -9.990e-29
 158.421875      0.608  36.601523    14.2540    6.60070      0.603    29.8774    22.1808 -9.990e-29
 158.421881      0.619  36.602451    14.2533    6.58863      0.614    29.8787    22.1820 -9.990e-29
 158.421887      0.634  36.600613    14.2520    6.58652      0.629    29.8781    22.1818 -9.990e-29
 158.421892      0.651  36.597483    14.2523    6.60249      0.646    29.8750    22.1793 -9.990e-29
 158.421898      0.665  36.599540    14.2548    6.61326      0.659    29.8749    22.1788 -9.990e-29
 158.421904      0.679  36.607282    14.2568    6.61736      0.673    29.8804    22.1826 -9.990e-29
 158.421910      0.687  36.612530    14.2561    6.60014      0.681    29.8857    22.1868 -9.990e-29
 158.421916      0.688  36.608826    14.2539    6.58174      0.682    29.8840    22.1860 -9.990e-29
