data/oxygen options/OCNMS/OCNMS2/raw_data/2005/CTD_CA80_060705faed.cnv
* Sea-Bird SBE19 Data File:
* FileName = C:\hypoxia CTD data\CA80_060705.hex
* Software Version 1.1.5
* Temperature SN = 2997
* Conductivity SN = 2997
* System UpLoad Time = Jun 07 2005 15:26:07
* SEACAT PROFILER V3.1c SN 2997   06/07/05  15:25:08.022
* strain gauge pressure sensor: S/N = 184829,  range = 3000 psia,  tc = 40
# nquan = 9                                 
# nvalues = 1059                        
# units = specified
# name 0 = timeJ: Julian Days
# name 1 = prSM: Pressure, Strain Gauge [db]
# name 2 = c0mS/cm: Conductivity [mS/cm]
# name 3 = t090C: Temperature [ITS-90, deg C]
# name 4 = oxML/L: Oxygen, Beckman/YSI [ml/l]
# name 5 = depSM: Depth [salt water, m], lat = 47.5
# name 6 = sal00: Salinity, Practical [PSU]
# name 7 = sigma-é00: Density [sigma-theta, kg/m^3]
# name 8 = flag: flag
# span 0 = 158.580729, 158.586852       
# span 1 =     -2.832,     80.477       
# span 2 =   0.178290,  37.036472       
# span 3 =     7.4287,    12.9878       
# span 4 =  -13.75670,   28.28457       
# span 5 =     -2.808,     79.790       
# span 6 =     0.1131,    33.8291       
# span 7 =    -0.4391,    26.4369       
# span 8 = 0.0000e+00, 0.0000e+00       
# interval = seconds: 0.5
# start_time = Jun 07 2005 13:56:15 [Instrument's time stamp, header]
# bad_flag = -9.990e-29
*END*
[from data line 161]
 158.581661      1.159  36.984647    12.9386    6.33007      1.149    31.2821    23.5263 -9.990e-29
 158.581667      1.189  36.985433    12.9410    6.32435      1.179    31.2808    23.5248 -9.990e-29
 158.581672      1.217  36.986106    12.9426    6.32809      1.207    31.2801    23.5240 -9.990e-29
 158.581678      1.240  36.985327    12.9426    6.32280      1.230    31.2794    23.5234 -9.990e-29
 158.581684      1.256  36.984871    12.9422    6.32866      1.246    31.2793    23.5234 -9.990e-29
 158.581690      1.271  36.986383    12.9419    6.33024      1.260    31.2810    23.5248 -9.990e-29
 158.581696      1.284  36.987961    12.9421    6.31798      1.273    31.2823    23.5257 -9.990e-29
 158.581701      1.293  36.988912    12.9428    6.30768      1.282    31.2826    23.5258 -9.990e-29
 158.581707      1.302  36.989952    12.9435    6.29754      1.291    31.2830    23.5260 -9.990e-29
 158.581713      1.317  36.990793    12.9439    6.30545      1.306    31.2834    23.5263 -9.990e-29
 158.581719      1.333  36.991445    12.9442    6.32618      1.322    31.2838    23.5265 -9.990e-29
 158.581725      1.344  36.992222    12.9450    6.31817      1.333    31.2839    23.5264 -9.990e-29
 158.581730      1.346  36.993047    12.9465    6.30468      1.335    31.2834    23.5258 -9.990e-29
 158.581736      1.339  36.994467    12.9489    6.29619      1.328    31.2828    23.5248 -9.990e-29
 158.581742      1.327  36.996703    12.9506    6.28855      1.316    31.2835    23.5250 -9.990e-29
 158.581748      1.321  36.998258    12.9501    6.29702      1.310    31.2853    23.5266 -9.990e-29
 158.581753      1.331  36.997289    12.9478    6.29617      1.320    31.2863    23.5278 -9.990e-29
 158.581759      1.352  36.994757    12.9461    6.30133      1.341    31.2853    23.5273 -9.990e-29
 158.581765      1.377  36.993462    12.9459    6.29429      1.366    31.2843    23.5266 -9.990e-29
 158.581771      1.399  36.993366    12.9464    6.28775      1.387    31.2838    23.5261 -9.990e-29
 158.581777      1.420  36.993229    12.9474    6.29195      1.408    31.2828    23.5251 -9.990e-29
 158.581782      1.445  36.993437    12.9496    6.29301      1.433    31.2812    23.5234 -9.990e-29
 158.581788      1.471  36.993155    12.9526    6.29480      1.459    31.2784    23.5207 -9.990e-29
 158.581794      1.492  36.993697    12.9553    6.28386      1.480    31.2767    23.5189 -9.990e-29
 158.581800      1.505  36.998037    12.9576    6.27857      1.492    31.2789    23.5201 -9.990e-29
 158.581806      1.515  37.002997    12.9595    6.28529      1.502    31.2820    23.5221 -9.990e-29
 158.581811      1.522  37.005663    12.9604    6.28500      1.509    31.2837    23.5233 -9.990e-29
 158.581817      1.523  37.006797    12.9599    6.27546      1.510    31.2852    23.5246 -9.990e-29
 158.581823      1.522  37.006234    12.9590    6.26974      1.509    31.2854    23.5249 -9.990e-29
 158.581829      1.523  37.004916    12.9586    6.27268      1.510    31.2845    23.5243 -9.990e-29
 158.581834      1.526  37.004460    12.9591    6.27714      1.513    31.2837    23.5235 -9.990e-29
 158.581840      1.532  37.004825    12.9598    6.27863      1.519    31.2834    23.5232 -9.990e-29
 158.581846      1.540  37.005387    12.9602    6.27086      1.527    31.2836    23.5233 -9.990e-29
 158.581852      1.548  37.005782    12.9602    6.26234      1.535    31.2840    23.5236 -9.990e-29
 158.581858      1.550  37.005983    12.9594    6.25867      1.537    31.2848    23.5244 -9.990e-29
 158.581863      1.553  37.005705    12.9564    6.27174      1.540    31.2870    23.5267 -9.990e-29
 158.581869      1.559  37.003464    12.9515    6.28124      1.546    31.2890    23.5291 -9.990e-29
 158.581875      1.566  36.999084    12.9487    6.28168      1.553    31.2872    23.5283 -9.990e-29
 158.581881      1.565  36.996267    12.9507    6.26497      1.552    31.2829    23.5245 -9.990e-29
 158.581887      1.556  36.998555    12.9553    6.25525      1.543    31.2812    23.5224 -9.990e-29
 158.581892      1.547  37.003399    12.9583    6.26387      1.534    31.2833    23.5234 -9.990e-29
 158.581898      1.546  37.006051    12.9586    6.26680      1.533    31.2856    23.5251 -9.990e-29
 158.581904      1.558  37.006129    12.9573    6.26262      1.545    31.2867    23.5262 -9.990e-29
 158.581910      1.574  37.004870    12.9559    6.25097      1.561    31.2867    23.5265 -9.990e-29
 158.581916      1.582  37.003404    12.9562    6.24575      1.569    31.2850    23.5252 -9.990e-29
 158.581921      1.584  37.003149    12.9569    6.25235      1.571    31.2842    23.5244 -9.990e-29
 158.581927      1.592  37.003215    12.9554    6.26751      1.579    31.2855    23.5257 -9.990e-29
 158.581933      1.611  37.001454    12.9521    6.26112      1.598    31.2866    23.5271 -9.990e-29
 158.581939      1.629  36.998332    12.9505    6.25365      1.615    31.2850    23.5262 -9.990e-29
 158.581944      1.639  36.996984    12.9516    6.24426      1.625    31.2828    23.5243 -9.990e-29
 158.581950      1.646  36.998424    12.9525    6.24073      1.632    31.2834    23.5246 -9.990e-29
 158.581956      1.658  37.000093    12.9519    6.24777      1.644    31.2854    23.5263 -9.990e-29
 158.581962      1.677  37.000301    12.9512    6.25582      1.663    31.2862    23.5270 -9.990e-29
 158.581968      1.692  36.999894    12.9509    6.25962      1.678    31.2861    23.5270 -9.990e-29
 158.581973      1.693  36.999456    12.9511    6.24386      1.679    31.2855    23.5265 -9.990e-29
 158.581979      1.686  36.998974    12.9520    6.23403      1.672    31.2843    23.5254 -9.990e-29
 158.581985      1.679  36.999496    12.9526    6.23954      1.665    31.2843    23.5253 -9.990e-29
 158.581991      1.680  37.000604    12.9524    6.24697      1.666    31.2855    23.5263 -9.990e-29
 158.581997      1.689  37.000983    12.9522    6.24978      1.675    31.2860    23.5267 -9.990e-29
 158.582002      1.698  37.001145    12.9524    6.23657      1.684    31.2860    23.5266 -9.990e-29
 158.582008      1.699  37.001314    12.9524    6.22858      1.685    31.2862    23.5268 -9.990e-29
 158.582014      1.692  37.001163    12.9520    6.23349      1.678    31.2864    23.5270 -9.990e-29
 158.582020      1.689  37.000497    12.9507    6.22956      1.675    31.2868    23.5276 -9.990e-29
 158.582025      1.700  36.998997    12.9484    6.23180      1.686    31.2873    23.5284 -9.990e-29
 158.582031      1.719  36.996916    12.9465    6.24592      1.705    31.2869    23.5285 -9.990e-29
 158.582037      1.736  36.995413    12.9464    6.24557      1.722    31.2856    23.5275 -9.990e-29
 158.582043      1.744  36.995295    12.9474    6.25314      1.729    31.2846    23.5265 -9.990e-29
 158.582049      1.746  36.996413    12.9495    6.24508      1.731    31.2839    23.5256 -9.990e-29
 158.582054      1.748  36.998584    12.9527    6.23126      1.733    31.2833    23.5245 -9.990e-29
 158.582060      1.749  37.001348    12.9562    6.22714      1.734    31.2830    23.5236 -9.990e-29
 158.582066      1.749  37.003911    12.9594    6.23052      1.734    31.2828    23.5228 -9.990e-29
 158.582072      1.750  37.006334    12.9619    6.24133      1.735    31.2830    23.5225 -9.990e-29
 158.582078      1.745  37.008490    12.9630    6.23908      1.730    31.2841    23.5231 -9.990e-29
 158.582083      1.731  37.009339    12.9628    6.22766      1.717    31.2851    23.5239 -9.990e-29
 158.582089      1.716  37.009458    12.9629    6.22008      1.702    31.2851    23.5239 -9.990e-29
 158.582095      1.711  37.010138    12.9639    6.21327      1.697    31.2850    23.5236 -9.990e-29
 158.582101      1.721  37.011174    12.9657    6.22851      1.707    31.2844    23.5229 -9.990e-29
 158.582106      1.740  37.012832    12.9680    6.22434      1.725    31.2841    23.5221 -9.990e-29
 158.582112      1.763  37.015088    12.9693    6.23343      1.748    31.2851    23.5227 -9.990e-29
 158.582118      1.782  37.015913    12.9689    6.23479      1.767    31.2862    23.5236 -9.990e-29
 158.582124      1.795  37.014731    12.9684    6.22251      1.780    31.2855    23.5232 -9.990e-29
 158.582130      1.805  37.013340    12.9690    6.22058      1.790    31.2837    23.5217 -9.990e-29
 158.582135      1.819  37.012697    12.9703    6.20956      1.804    31.2820    23.5201 -9.990e-29
 158.582141      1.837  37.012514    12.9714    6.21615      1.822    31.2809    23.5191 -9.990e-29
 158.582147      1.855  37.012554    12.9715    6.22297      1.840    31.2809    23.5190 -9.990e-29
 158.582153      1.863  37.012875    12.9707    6.22558      1.847    31.2818    23.5199 -9.990e-29
 158.582159      1.852  37.013912    12.9709    6.23120      1.837    31.2827    23.5205 -9.990e-29
 158.582164      1.830  37.015936    12.9724    6.21910      1.815    31.2833    23.5207 -9.990e-29
 158.582170      1.812  37.017727    12.9736    6.22110      1.797    31.2840    23.5210 -9.990e-29
 158.582176      1.807  37.018316    12.9747    6.21541      1.792    31.2837    23.5205 -9.990e-29
 158.582182      1.809  37.019058    12.9766    6.21448      1.794    31.2828    23.5195 -9.990e-29
 158.582188      1.815  37.020948    12.9788    6.22216      1.800    31.2828    23.5190 -9.990e-29
 158.582193      1.824  37.022587    12.9798    6.21515      1.809    31.2835    23.5194 -9.990e-29
 158.582199      1.838  37.022801    12.9792    6.22429      1.823    31.2842    23.5200 -9.990e-29
 158.582205      1.852  37.022443    12.9780    6.22391      1.837    31.2848    23.5208 -9.990e-29
 158.582211      1.864  37.022164    12.9770    6.21719      1.848    31.2854    23.5214 -9.990e-29
 158.582216      1.879  37.021599    12.9758    6.21081      1.863    31.2858    23.5220 -9.990e-29
 158.582222      1.897  37.020562    12.9747    6.21279      1.881    31.2858    23.5221 -9.990e-29
 158.582228      1.915  37.019357    12.9745    6.20968      1.899    31.2848    23.5214 -9.990e-29
 158.582234      1.935  37.017506    12.9745    6.22723      1.919    31.2830    23.5201 -9.990e-29
 158.582240      1.950  37.011989    12.9746    6.22174      1.934    31.2778    23.5160 -9.990e-29
 158.582245      1.951  36.995454    12.9753    6.21375      1.935    31.2616    23.5034 -9.990e-29
 158.582251      1.943  36.983434    12.9762    6.21107      1.927    31.2496    23.4939 -9.990e-29
 158.582257      1.934  36.996363    12.9768    6.21141      1.918    31.2613    23.5028 -9.990e-29
 158.582263      1.932  37.013352    12.9769    6.21613      1.916    31.2772    23.5151 -9.990e-29
 158.582269      1.937  37.018924    12.9764    6.20512      1.921    31.2828    23.5195 -9.990e-29
 158.582274      1.941  37.019954    12.9756    6.20032      1.925    31.2844    23.5209 -9.990e-29
 158.582280      1.940  37.019506    12.9750    6.19955      1.924    31.2845    23.5211 -9.990e-29
 158.582286      1.933  37.019229    12.9738    6.20050      1.917    31.2852    23.5219 -9.990e-29
 158.582292      1.924  37.018200    12.9708    6.19884      1.908    31.2867    23.5237 -9.990e-29
 158.582297      1.922  37.015616    12.9668    6.19661      1.906    31.2876    23.5251 -9.990e-29
 158.582303      1.926  37.012526    12.9632    6.20464      1.910    31.2877    23.5259 -9.990e-29
 158.582309      1.933  37.009862    12.9591    6.21052      1.917    31.2886    23.5273 -9.990e-29
 158.582315      1.942  37.006882    12.9557    6.21103      1.926    31.2886    23.5280 -9.990e-29
 158.582321      1.950  37.004105    12.9560    6.21177      1.934    31.2857    23.5257 -9.990e-29
 158.582326      1.953  37.004565    12.9581    6.21011      1.937    31.2844    23.5243 -9.990e-29
 158.582332      1.956  37.006638    12.9586    6.20500      1.940    31.2859    23.5254 -9.990e-29
 158.582338      1.967  37.006925    12.9582    6.21017      1.951    31.2865    23.5259 -9.990e-29
 158.582344      1.988  37.006939    12.9576    6.21143      1.971    31.2870    23.5264 -9.990e-29
 158.582350      2.006  37.007263    12.9566    6.20512      1.989    31.2882    23.5275 -9.990e-29
 158.582355      2.014  37.006653    12.9566    6.20074      1.997    31.2876    23.5271 -9.990e-29
 158.582361      2.017  37.006546    12.9581    6.20270      2.000    31.2862    23.5257 -9.990e-29
 158.582367      2.020  37.007927    12.9593    6.20393      2.003    31.2866    23.5257 -9.990e-29
 158.582373      2.023  37.008717    12.9581    6.21680      2.006    31.2883    23.5273 -9.990e-29
 158.582378      2.025  37.007174    12.9552    6.21615      2.008    31.2892    23.5286 -9.990e-29
 158.582384      2.027  37.004611    12.9531    6.21975      2.010    31.2886    23.5285 -9.990e-29
 158.582390      2.030  37.003225    12.9530    6.21626      2.013    31.2873    23.5276 -9.990e-29
 158.582396      2.037  37.003420    12.9545    6.21561      2.020    31.2863    23.5265 -9.990e-29
 158.582402      2.054  37.004900    12.9569    6.21173      2.037    31.2857    23.5255 -9.990e-29
 158.582407      2.072  37.007401    12.9588    6.20251      2.055    31.2865    23.5258 -9.990e-29
 158.582413      2.080  37.009218    12.9603    6.19651      2.063    31.2869    23.5258 -9.990e-29
 158.582419      2.079  37.009975    12.9627    6.19408      2.062    31.2856    23.5244 -9.990e-29
 158.582425      2.078  37.011809    12.9641    6.19029      2.061    31.2862    23.5246 -9.990e-29
 158.582431      2.084  37.012688    12.9612    6.19306      2.067    31.2894    23.5276 -9.990e-29
 158.582436      2.102  37.008745    12.9544    6.20089      2.084    31.2913    23.5304 -9.990e-29
 158.582442      2.125  37.002018    12.9473    6.20380      2.107    31.2909    23.5314 -9.990e-29
 158.582448      2.141  36.997005    12.9442    6.21617      2.123    31.2887    23.5303 -9.990e-29
 158.582454      2.148  36.995437    12.9455    6.21327      2.130    31.2862    23.5281 -9.990e-29
 158.582459      2.146  36.996912    12.9487    6.21345      2.128    31.2849    23.5265 -9.990e-29
 158.582465      2.139  37.000037    12.9515    6.20598      2.121    31.2855    23.5265 -9.990e-29
 158.582471      2.134  37.002818    12.9536    6.20535      2.116    31.2864    23.5267 -9.990e-29
 158.582477      2.137  37.004482    12.9566    6.19841      2.119    31.2855    23.5255 -9.990e-29
 158.582483      2.146  37.007257    12.9606    6.19438      2.128    31.2848    23.5241 -9.990e-29
 158.582488      2.159  37.011484    12.9631    6.20197      2.141    31.2867    23.5251 -9.990e-29
 158.582494      2.168  37.013832    12.9631    6.20237      2.150    31.2889    23.5268 -9.990e-29
 158.582500      2.169  37.013515    12.9623    6.21048      2.151    31.2893    23.5273 -9.990e-29
 158.582506      2.166  37.012359    12.9622    6.19613      2.148    31.2883    23.5265 -9.990e-29
 158.582512      2.167  37.012193    12.9638    6.19453      2.149    31.2868    23.5251 -9.990e-29
 158.582517      2.178  37.013924    12.9673    6.19595      2.160    31.2855    23.5234 -9.990e-29
 158.582523      2.194  37.017065    12.9707    6.20268      2.176    31.2857    23.5228 -9.990e-29
 158.582529      2.208  37.020201    12.9712    6.19800      2.190    31.2882    23.5247 -9.990e-29
 158.582535      2.217  37.020790    12.9689    6.18873      2.198    31.2906    23.5270 -9.990e-29
 158.582541      2.220  37.017944    12.9670    6.18876      2.201    31.2895    23.5266 -9.990e-29
 158.582546      2.219  37.015163    12.9682    6.19132      2.200    31.2859    23.5235 -9.990e-29
 158.582552      2.213  37.016037    12.9713    6.21367      2.195    31.2842    23.5216 -9.990e-29
 158.582558      2.202  37.019492    12.9732    6.21221      2.184    31.2859    23.5225 -9.990e-29
 158.582564      2.186  37.021729    12.9728    6.19738      2.168    31.2883    23.5245 -9.990e-29
 158.582569      2.166  37.021254    12.9720    6.19095      2.148    31.2885    23.5248 -9.990e-29
 158.582575      2.156  37.020245    12.9720    6.19087      2.138    31.2876    23.5241 -9.990e-29
