data/oxygen options/OCNMS/OCNMS2/raw_data/2005/CTD_CA70_062205faed.cnv
* Sea-Bird SBE19 Data File:
* FileName = C:\hypoxia CTD data\CA70_062205.hex
* Software Version 1.1.5
* Temperature SN = 2997
* Conductivity SN = 2997
* System UpLoad Time = Jun 22 2005 15:21:25
* SEACAT PROFILER V3.1c SN 2997   06/22/05  15:21:14.304
* strain gauge pressure sensor: S/N = 184829,  range = 3000 psia,  tc = 40
# nquan = 9                                 
# nvalues = 1173                        
# units = specified
# name 0 = timeJ: Julian Days
# name 1 = prSM: Pressure, Strain Gauge [db]
# name 2 = c0mS/cm: Conductivity [mS/cm]
# name 3 = t090C: Temperature [ITS-90, deg C]
# name 4 = oxML/L: Oxygen, Beckman/YSI [ml/l]
# name 5 = depSM: Depth [salt water, m], lat = 47.5
# name 6 = sal00: Salinity, Practical [PSU]
# name 7 = sigma-é00: Density [sigma-theta, kg/m^3]
# name 8 = flag: flag
# span 0 = 173.632269, 173.639051       
# span 1 =     -3.472,     69.910       
# span 2 =   0.487841,  37.934291       
# span 3 =     7.8909,    14.1087       
# span 4 =   -0.11899,   26.50366       
# span 5 =     -3.443,     69.315       
# span 6 =     0.3042,    33.6121       
# span 7 =    -0.4784,    26.2002       
# span 8 = 0.0000e+00, 0.0000e+00       
# interval = seconds: 0.5
# start_time = Jun 22 2005 15:10:28 [Instrument's time stamp, header]
# bad_flag = -9.990e-29
*END*
[from data line 321]
 173.634126      5.075  37.897441    14.0557    6.81617      5.033    31.2139    23.2519 -9.990e-29
 173.634132      5.070  37.896152    14.0572    6.81189      5.028    31.2115    23.2498 -9.990e-29
 173.634138      5.053  37.897590    14.0585    6.81377      5.011    31.2118    23.2497 -9.990e-29
 173.634144      5.028  37.898633    14.0585    6.80424      4.986    31.2128    23.2505 -9.990e-29
 173.634149      5.006  37.898435    14.0577    6.80704      4.964    31.2132    23.2510 -9.990e-29
 173.634155      4.994  37.897862    14.0568    6.81700      4.952    31.2135    23.2514 -9.990e-29
 173.634161      4.992  37.897279    14.0563    6.81431      4.950    31.2133    23.2514 -9.990e-29
 173.634167      5.003  37.896477    14.0552    6.80177      4.961    31.2135    23.2517 -9.990e-29
 173.634172      5.028  37.894953    14.0529    6.79941      4.986    31.2139    23.2525 -9.990e-29
 173.634178      5.061  37.892925    14.0504    6.79864      5.019    31.2141    23.2532 -9.990e-29
 173.634184      5.095  37.891061    14.0486    6.81350      5.052    31.2138    23.2533 -9.990e-29
 173.634190      5.119  37.889687    14.0479    6.83312      5.076    31.2131    23.2529 -9.990e-29
 173.634196      5.122  37.889219    14.0486    6.82061      5.079    31.2121    23.2520 -9.990e-29
 173.634201      5.100  37.890160    14.0500    6.80587      5.057    31.2119    23.2515 -9.990e-29
 173.634207      5.060  37.891528    14.0508    6.80145      5.018    31.2125    23.2518 -9.990e-29
 173.634213      5.021  37.891788    14.0508    6.79861      4.979    31.2127    23.2520 -9.990e-29
 173.634219      5.002  37.891298    14.0508    6.80708      4.960    31.2123    23.2517 -9.990e-29
 173.634225      5.005  37.891095    14.0511    6.81574      4.963    31.2119    23.2513 -9.990e-29
 173.634230      5.019  37.891474    14.0515    6.81966      4.977    31.2119    23.2512 -9.990e-29
 173.634236      5.035  37.892388    14.0527    6.82033      4.993    31.2117    23.2509 -9.990e-29
 173.634242      5.055  37.893938    14.0553    6.80905      5.013    31.2111    23.2498 -9.990e-29
 173.634248      5.079  37.896518    14.0591    6.80232      5.037    31.2103    23.2485 -9.990e-29
 173.634253      5.106  37.900209    14.0632    6.78903      5.063    31.2104    23.2477 -9.990e-29
 173.634259      5.123  37.904331    14.0660    6.79453      5.080    31.2119    23.2483 -9.990e-29
 173.634265      5.120  37.907094    14.0669    6.81432      5.077    31.2137    23.2495 -9.990e-29
 173.634271      5.096  37.907701    14.0669    6.80014      5.053    31.2143    23.2499 -9.990e-29
 173.634277      5.062  37.906971    14.0668    6.79283      5.020    31.2137    23.2495 -9.990e-29
 173.634282      5.034  37.906181    14.0674    6.79864      4.992    31.2125    23.2484 -9.990e-29
 173.634288      5.022  37.906529    14.0683    6.79922      4.980    31.2121    23.2479 -9.990e-29
 173.634294      5.029  37.907365    14.0684    6.80115      4.987    31.2128    23.2484 -9.990e-29
 173.634300      5.053  37.907569    14.0681    6.79626      5.011    31.2132    23.2488 -9.990e-29
 173.634306      5.081  37.907418    14.0685    6.79442      5.039    31.2127    23.2484 -9.990e-29
 173.634311      5.103  37.907840    14.0693    6.79368      5.060    31.2124    23.2480 -9.990e-29
 173.634317      5.111  37.908842    14.0705    6.80103      5.068    31.2124    23.2477 -9.990e-29
 173.634323      5.102  37.910084    14.0725    6.80485      5.059    31.2119    23.2470 -9.990e-29
 173.634329      5.080  37.912105    14.0757    6.81116      5.038    31.2112    23.2457 -9.990e-29
 173.634334      5.051  37.915364    14.0795    6.80803      5.009    31.2111    23.2449 -9.990e-29
 173.634340      5.026  37.919167    14.0824    6.80683      4.984    31.2122    23.2452 -9.990e-29
 173.634346      5.022  37.921862    14.0839    6.79433      4.980    31.2135    23.2458 -9.990e-29
 173.634352      5.046  37.922565    14.0852    6.78040      5.004    31.2131    23.2453 -9.990e-29
 173.634358      5.092  37.922784    14.0872    6.77917      5.049    31.2116    23.2437 -9.990e-29
 173.634363      5.140  37.924500    14.0891    6.78991      5.097    31.2116    23.2434 -9.990e-29
 173.634369      5.172  37.926640    14.0900    6.80411      5.129    31.2129    23.2441 -9.990e-29
 173.634375      5.183  37.927577    14.0902    6.80318      5.140    31.2136    23.2446 -9.990e-29
 173.634381      5.173  37.927631    14.0903    6.80007      5.130    31.2135    23.2446 -9.990e-29
 173.634387      5.149  37.927438    14.0905    6.78965      5.106    31.2132    23.2443 -9.990e-29
 173.634392      5.127  37.927497    14.0905    6.78730      5.084    31.2133    23.2443 -9.990e-29
 173.634398      5.120  37.927896    14.0905    6.78292      5.077    31.2136    23.2446 -9.990e-29
 173.634404      5.129  37.928240    14.0906    6.78431      5.086    31.2139    23.2448 -9.990e-29
 173.634410      5.148  37.928435    14.0906    6.79153      5.105    31.2140    23.2449 -9.990e-29
 173.634416      5.166  37.928746    14.0905    6.79227      5.123    31.2144    23.2452 -9.990e-29
 173.634421      5.178  37.929034    14.0905    6.79474      5.135    31.2146    23.2454 -9.990e-29
 173.634427      5.189  37.929131    14.0904    6.78974      5.146    31.2148    23.2455 -9.990e-29
 173.634433      5.210  37.929171    14.0898    6.79131      5.166    31.2153    23.2461 -9.990e-29
 173.634439      5.242  37.928653    14.0887    6.79748      5.198    31.2157    23.2466 -9.990e-29
 173.634444      5.272  37.927456    14.0879    6.79654      5.228    31.2153    23.2464 -9.990e-29
 173.634450      5.292  37.926794    14.0877    6.78408      5.248    31.2148    23.2461 -9.990e-29
 173.634456      5.297  37.926910    14.0880    6.77431      5.253    31.2147    23.2459 -9.990e-29
 173.634462      5.289  37.926845    14.0882    6.80336      5.245    31.2145    23.2457 -9.990e-29
 173.634468      5.270  37.926519    14.0879    6.80326      5.226    31.2144    23.2458 -9.990e-29
 173.634473      5.252  37.926065    14.0874    6.79215      5.208    31.2144    23.2459 -9.990e-29
 173.634479      5.248  37.925445    14.0870    6.77723      5.204    31.2142    23.2457 -9.990e-29
 173.634485      5.261  37.924962    14.0858    6.76973      5.217    31.2147    23.2464 -9.990e-29
 173.634491      5.291  37.923981    14.0822    6.78445      5.247    31.2167    23.2487 -9.990e-29
 173.634497      5.337  37.920637    14.0764    6.82610      5.292    31.2183    23.2511 -9.990e-29
 173.634502      5.389  37.914967    14.0717    6.81538      5.344    31.2169    23.2510 -9.990e-29
 173.634508      5.428  37.910632    14.0716    6.80473      5.383    31.2130    23.2480 -9.990e-29
 173.634514      5.449  37.910830    14.0761    6.79389      5.403    31.2095    23.2444 -9.990e-29
 173.634520      5.470  37.915270    14.0819    6.79608      5.424    31.2089    23.2427 -9.990e-29
 173.634525      5.514  37.920906    14.0851    6.79968      5.468    31.2114    23.2440 -9.990e-29
 173.634531      5.595  37.924045    14.0852    6.78217      5.548    31.2142    23.2462 -9.990e-29
 173.634537      5.716  37.923833    14.0841    6.78318      5.668    31.2149    23.2469 -9.990e-29
 173.634543      5.871  37.922239    14.0824    6.77383      5.822    31.2147    23.2471 0.0000e+00
 173.634549      6.066  37.920506    14.0786    6.78400      6.015    31.2161    23.2490 0.0000e+00
 173.634554      6.308  37.916892    14.0707    6.81234      6.255    31.2191    23.2529 0.0000e+00
 173.634560      6.600  37.909389    14.0594    6.81595      6.545    31.2213    23.2569 0.0000e+00
 173.634566      6.940  37.898653    14.0458    6.81999      6.882    31.2224    23.2605 0.0000e+00
 173.634572      7.314  37.885517    14.0319    6.82019      7.253    31.2214    23.2627 0.0000e+00
 173.634578      7.705  37.872660    14.0199    6.81186      7.641    31.2192    23.2634 0.0000e+00
 173.634583      8.099  37.863128    14.0064    6.80823      8.031    31.2213    23.2677 0.0000e+00
 173.634589      8.485  37.852627    13.9892    6.75592      8.414    31.2255    23.2745 0.0000e+00
 173.634595      8.860  37.837252    13.9750    6.78126      8.786    31.2227    23.2753 0.0000e+00
 173.634601      9.221  37.825109    13.9630    6.80561      9.144    31.2212    23.2765 0.0000e+00
 173.634606      9.570  37.817396    13.9375    6.80469      9.490    31.2347    23.2921 0.0000e+00
 173.634612      9.917  37.792054    13.8982    6.81918      9.834    31.2432    23.3066 0.0000e+00
 173.634618     10.265  37.748948    13.8654    6.81854     10.179    31.2300    23.3031 0.0000e+00
 173.634624     10.608  37.718096    13.8454    6.81907     10.519    31.2178    23.2977 0.0000e+00
 173.634630     10.929  37.703222    13.8329    6.83563     10.838    31.2141    23.2974 0.0000e+00
 173.634635     11.210  37.694026    13.8254    6.83192     11.116    31.2116    23.2970 0.0000e+00
 173.634641     11.435  37.690586    13.8198    6.82724     11.339    31.2129    23.2992 0.0000e+00
 173.634647     11.588  37.686636    13.8170    6.80205     11.491    31.2115    23.2986 -9.990e-29
 173.634653     11.670  37.681959    13.8203    6.79464     11.572    31.2045    23.2926 -9.990e-29
 173.634659     11.704  37.684344    13.8244    6.82261     11.606    31.2033    23.2909 -9.990e-29
 173.634664     11.712  37.688567    13.8219    6.80898     11.614    31.2093    23.2959 -9.990e-29
 173.634670     11.714  37.685125    13.8147    6.79728     11.616    31.2119    23.2994 -9.990e-29
 173.634676     11.729  37.676731    13.8082    6.79300     11.631    31.2095    23.2989 -9.990e-29
 173.634682     11.776  37.670709    13.8030    6.80528     11.677    31.2082    23.2989 -9.990e-29
 173.634688     11.855  37.666325    13.7974    6.82424     11.756    31.2086    23.3004 -9.990e-29
 173.634693     11.947  37.661666    13.7927    6.83734     11.847    31.2081    23.3009 -9.990e-29
 173.634699     12.030  37.657813    13.7915    6.82358     11.929    31.2055    23.2992 -9.990e-29
 173.634705     12.083  37.655801    13.7947    6.81093     11.982    31.2010    23.2951 -9.990e-29
 173.634711     12.106  37.657999    13.7979    6.80958     12.005    31.2005    23.2940 -9.990e-29
 173.634716     12.112  37.661735    13.7949    6.81932     12.011    31.2063    23.2991 -9.990e-29
 173.634722     12.119  37.660222    13.7868    6.82893     12.018    31.2115    23.3048 -9.990e-29
 173.634728     12.135  37.653696    13.7817    6.83266     12.033    31.2097    23.3043 -9.990e-29
 173.634734     12.163  37.649164    13.7833    6.82693     12.061    31.2042    23.2998 -9.990e-29
 173.634740     12.203  37.650122    13.7871    6.81523     12.101    31.2019    23.2973 -9.990e-29
 173.634745     12.259  37.652808    13.7886    6.80551     12.156    31.2032    23.2980 -9.990e-29
 173.634751     12.329  37.652958    13.7873    6.78872     12.226    31.2044    23.2991 -9.990e-29
 173.634757     12.410  37.650781    13.7838    6.78134     12.306    31.2052    23.3004 -9.990e-29
 173.634763     12.498  37.647864    13.7787    6.76672     12.393    31.2066    23.3026 -9.990e-29
 173.634769     12.585  37.644251    13.7697    6.77210     12.480    31.2105    23.3074 -9.990e-29
 173.634774     12.665  37.637371    13.7517    6.79381     12.559    31.2188    23.3175 -9.990e-29
 173.634780     12.734  37.621983    13.7313    6.81216     12.627    31.2212    23.3234 -9.990e-29
 173.634786     12.788  37.603374    13.7279    6.82174     12.681    31.2068    23.3129 -9.990e-29
 173.634792     12.822  37.601598    13.7448    6.81598     12.715    31.1914    23.2976 -9.990e-29
 173.634797     12.834  37.619334    13.7636    6.80875     12.726    31.1924    23.2947 -9.990e-29
 173.634803     12.834  37.635933    13.7717    6.80655     12.726    31.2011    23.2998 -9.990e-29
 173.634809     12.833  37.641012    13.7705    6.80356     12.726    31.2068    23.3044 -9.990e-29
 173.634815     12.836  37.639110    13.7655    6.79953     12.728    31.2091    23.3072 -9.990e-29
 173.634821     12.839  37.635551    13.7608    6.79277     12.731    31.2097    23.3086 -9.990e-29
 173.634826     12.837  37.632886    13.7572    6.78332     12.729    31.2101    23.3097 -9.990e-29
 173.634832     12.841  37.630934    13.7535    6.77853     12.733    31.2113    23.3113 -9.990e-29
 173.634838     12.857  37.628218    13.7483    6.78117     12.749    31.2131    23.3137 -9.990e-29
 173.634844     12.883  37.623930    13.7428    6.78567     12.775    31.2136    23.3152 -9.990e-29
 173.634850     12.912  37.619086    13.7395    6.79173     12.804    31.2118    23.3145 -9.990e-29
 173.634855     12.938  37.616207    13.7383    6.78280     12.830    31.2101    23.3134 -9.990e-29
 173.634861     12.957  37.615946    13.7385    6.77778     12.848    31.2097    23.3131 -9.990e-29
 173.634867     12.971  37.616837    13.7393    6.77784     12.862    31.2098    23.3130 -9.990e-29
 173.634873     12.977  37.617833    13.7402    6.78970     12.868    31.2100    23.3130 -9.990e-29
 173.634878     12.966  37.618585    13.7414    6.80201     12.857    31.2097    23.3125 -9.990e-29
 173.634884     12.938  37.618982    13.7436    6.79955     12.830    31.2083    23.3110 -9.990e-29
 173.634890     12.903  37.620119    13.7468    6.79670     12.795    31.2068    23.3092 -9.990e-29
 173.634896     12.873  37.622399    13.7492    6.79454     12.765    31.2070    23.3088 -9.990e-29
 173.634902     12.854  37.623822    13.7505    6.79048     12.746    31.2072    23.3087 -9.990e-29
 173.634907     12.848  37.624613    13.7508    6.79091     12.740    31.2077    23.3091 -9.990e-29
 173.634913     12.852  37.625272    13.7488    6.81368     12.744    31.2099    23.3112 -9.990e-29
 173.634919     12.857  37.623880    13.7466    6.80957     12.749    31.2104    23.3120 -9.990e-29
 173.634925     12.855  37.621954    13.7478    6.78404     12.747    31.2077    23.3097 -9.990e-29
 173.634931     12.845  37.623098    13.7514    6.77223     12.737    31.2058    23.3075 -9.990e-29
 173.634936     12.840  37.626042    13.7532    6.76963     12.732    31.2071    23.3081 -9.990e-29
 173.634942     12.849  37.626865    13.7489    6.77032     12.741    31.2113    23.3122 -9.990e-29
 173.634948     12.862  37.622748    13.7344    6.80829     12.754    31.2193    23.3213 -9.990e-29
 173.634954     12.865  37.611014    13.7192    6.80425     12.757    31.2209    23.3256 -9.990e-29
 173.634959     12.843  37.599576    13.7207    6.78927     12.735    31.2091    23.3162 -9.990e-29
 173.634965     12.801  37.601226    13.7342    6.77637     12.694    31.1997    23.3062 -9.990e-29
 173.634971     12.761  37.611436    13.7444    6.76069     12.654    31.2008    23.3050 -9.990e-29
 173.634977     12.745  37.619155    13.7462    6.76595     12.638    31.2065    23.3090 -9.990e-29
 173.634983     12.758  37.620104    13.7384    6.77143     12.651    31.2137    23.3162 -9.990e-29
 173.634988     12.788  37.611635    13.7252    6.77335     12.681    31.2166    23.3211 -9.990e-29
 173.634994     12.818  37.598164    13.7176    6.77536     12.711    31.2103    23.3178 -9.990e-29
 173.635000     12.840  37.592017    13.7199    6.78677     12.732    31.2028    23.3115 -9.990e-29
 173.635006     12.852  37.596216    13.7261    6.78995     12.744    31.2016    23.3093 -9.990e-29
 173.635012     12.866  37.602345    13.7291    6.81071     12.758    31.2048    23.3112 -9.990e-29
 173.635017     12.882  37.604004    13.7275    6.82903     12.774    31.2076    23.3137 -9.990e-29
 173.635023     12.900  37.601728    13.7280    6.84111     12.792    31.2051    23.3116 -9.990e-29
 173.635029     12.927  37.602026    13.7359    6.85582     12.819    31.1990    23.3053 -9.990e-29
 173.635035     12.956  37.609226    13.7469    6.82074     12.847    31.1966    23.3013 -9.990e-29
 173.635041     12.988  37.618353    13.7549    6.84348     12.879    31.1985    23.3012 -9.990e-29
