data/oxygen options/OCNMS/OCNMS2/raw_data/2005/CTD_CA10_052405faed.cnv
* Sea-Bird SBE19 Data File:
* FileName = C:\Documents and Settings\kirner.PTANGELES\Desktop\hypoxia CTD data\CA10_052405.hex
* Software Version 1.1.5
* Temperature SN = 2997
* Conductivity SN = 2997
* System UpLoad Time = May 24 2005 15:17:22
* SEACAT PROFILER V3.1c SN 2997   05/24/05  15:14:12.582
* strain gauge pressure sensor: S/N = 184829,  range = 3000 psia,  tc = 40
# nquan = 9                                 
# nvalues = 648                         
# units = specified
# name 0 = timeJ: Julian Days
# name 1 = prSM: Pressure, Strain Gauge [db]
# name 2 = c0mS/cm: Conductivity [mS/cm]
# name 3 = t090C: Temperature [ITS-90, deg C]
# name 4 = oxML/L: Oxygen, Beckman/YSI [ml/l]
# name 5 = depSM: Depth [salt water, m], lat = 47.5
# name 6 = sal00: Salinity, Practical [PSU]
# name 7 = sigma-é00: Density [sigma-theta, kg/m^3]
# name 8 = flag: flag
# span 0 = 144.500579, 144.504323       
# span 1 =     -4.093,     11.265       
# span 2 =   0.001490,  35.869572       
# span 3 =    12.4194,    16.2583       
# span 4 =  -13.59188,   24.67906       
# span 5 =     -4.059,     11.171       
# span 6 =     0.0084,    30.6406       
# span 7 =    -1.0915,    23.1264       
# span 8 = 0.0000e+00, 0.0000e+00       
# interval = seconds: 0.5
# start_time = May 24 2005 12:00:50 [Instrument's time stamp, header]
# bad_flag = -9.990e-29
*END*
 144.500579     -4.093 -9.990e-29    16.2029   -0.11247     -4.059 -9.990e-29 -9.990e-29 -9.990e-29
 144.500584     -4.075   0.001490    16.2145   -0.11248     -4.041     0.0084    -1.0843 -9.990e-29
 144.500590     -4.057   0.001490    16.2266   -0.11250     -4.023     0.0084    -1.0863 -9.990e-29
 144.500596     -4.042   0.001490    16.2378   -0.11253     -4.008     0.0084    -1.0881 -9.990e-29
 144.500602     -4.024   0.001490    16.2476   -0.11255     -3.990     0.0084    -1.0898 -9.990e-29
 144.500608     -3.997   0.001490    16.2552   -0.11257     -3.964     0.0085    -1.0910 -9.990e-29
 144.500613     -3.969   0.001490    16.2583   -0.11258     -3.936     0.0085    -1.0915 -9.990e-29
 144.500619     -3.947   0.001491    16.2558   -0.11258     -3.914     0.0085    -1.0911 -9.990e-29
 144.500625     -3.924   0.001492    16.2500   -0.11260     -3.891     0.0085    -1.0902 -9.990e-29
 144.500631     -3.900   0.001493    16.2437   -0.11262     -3.867     0.0084    -1.0891 -9.990e-29
 144.500637     -3.877   0.001494    16.2376   -0.11261     -3.845     0.0084    -1.0881 -9.990e-29
 144.500642     -3.853   0.001494    16.2307   -0.11260     -3.821     0.0084    -1.0870 -9.990e-29
 144.500648     -3.827   0.001495    16.2229   -0.11260     -3.795     0.0084    -1.0857 -9.990e-29
 144.500654     -3.797   0.001496    16.2158   -0.11260     -3.765     0.0084    -1.0845 -9.990e-29
 144.500660     -3.762   0.001497    16.2106   -0.11262     -3.731     0.0084    -1.0837 -9.990e-29
 144.500666     -3.724   0.001498    16.2071   -0.11263     -3.693     0.0084    -1.0831 -9.990e-29
 144.500671     -3.688   0.001499    16.2040   -0.11261     -3.657     0.0084    -1.0826 -9.990e-29
 144.500677     -3.657   0.001502    16.2005   -0.11260     -3.627     0.0084    -1.0820 -9.990e-29
 144.500683     -3.628   0.001509    16.1978   -0.11260     -3.598     0.0084    -1.0816 -9.990e-29
 144.500689     -3.600   0.001529    16.1972   -0.11276     -3.570     0.0084    -1.0814 -9.990e-29
 144.500694     -3.571   0.001587    16.1977   -0.11220     -3.541     0.0085    -1.0815 -9.990e-29
 144.500700     -3.539   0.001757    16.1978   -0.09994     -3.509     0.0085    -1.0815 -9.990e-29
 144.500706     -3.503   0.002266    16.1961   -0.10133     -3.474     0.0086    -1.0811 -9.990e-29
 144.500712     -3.459   0.003793    16.1931   -0.10048     -3.430     0.0092    -1.0802 -9.990e-29
 144.500718     -3.405   0.008373    16.1899   -0.10052     -3.377     0.0110    -1.0782 -9.990e-29
 144.500723     -3.343   0.022110    16.1826   -0.10051     -3.315     0.0175    -1.0720 -9.990e-29
 144.500729     -3.275   0.063319    16.1561   -0.10054     -3.248     0.0391    -1.0509 -9.990e-29
 144.500735     -3.208   0.186945    16.0713   -0.10066     -3.181     0.1088    -0.9831 -9.990e-29
 144.500741     -3.140   0.557821    15.8569   -0.10056     -3.114     0.3315    -0.7762 -9.990e-29
 144.500747     -3.063   1.670448    15.4995   -0.10031     -3.037     1.0479    -0.1662 -9.990e-29
 144.500752     -2.976   4.829813    15.0914   -0.10035     -2.951     3.2552     1.5968 -9.990e-29
 144.500758     -2.888  12.285894    14.7440   -0.10043     -2.864     8.9445     6.0179 -9.990e-29
 144.500764     -2.796  22.013401    14.5252   -0.10057     -2.773    16.9515    12.1937 -9.990e-29
 144.500770     -2.698  28.404381    14.4217   -0.10068     -2.676    22.4782    16.4549 -9.990e-29
 144.500775     -2.598  31.053806    14.3782   -0.10060     -2.576    24.8275    18.2688 -9.990e-29
 144.500781     -2.497  32.211329    14.3627   -0.10022     -2.476    25.8619    19.0674 -9.990e-29
 144.500787     -2.398  32.614182    14.3713   -0.10028     -2.378    26.2139    19.3364 -9.990e-29
 144.500793     -2.307  32.722788    14.4045   -0.10039     -2.288    26.2879    19.3868 -9.990e-29
 144.500799     -2.230  32.708346    14.4344   -0.10055     -2.211    26.2548    19.3554 -9.990e-29
 144.500804     -2.168  32.688379    14.4340   -0.10058     -2.150    26.2373    19.3421 -9.990e-29
 144.500810     -2.117  32.717016    14.4172   -0.10042     -2.099    26.2741    19.3737 -9.990e-29
 144.500816     -2.072  32.752936    14.4098   -0.10040     -2.055    26.3110    19.4035 -9.990e-29
 144.500822     -2.032  32.728658    14.4248   -0.10041     -2.015    26.2793    19.3762 -9.990e-29
 144.500828     -1.997  32.626990    14.4605   -0.10063     -1.980    26.1649    19.2812 -9.990e-29
 144.500833     -1.971  32.511345    14.4885   -0.10052     -1.955    26.0437    19.1823 -9.990e-29
 144.500839     -1.948  32.488133    14.4811   -0.10030     -1.932    26.0280    19.1718 -9.990e-29
 144.500845     -1.920  32.572973    14.4513   -0.10040     -1.904    26.1232    19.2509 -9.990e-29
 144.500851     -1.887  32.659970    14.4262   -0.10050     -1.871    26.2173    19.3282 -9.990e-29
 144.500856     -1.851  32.678028    14.4135   -0.10047     -1.836    26.2419    19.3497 -9.990e-29
 144.500862     -1.818  32.655195    14.4079   -0.10047     -1.803    26.2254    19.3381 -9.990e-29
 144.500868     -1.787  32.676506    14.4042   -0.10047     -1.772    26.2468    19.3553 -9.990e-29
 144.500874     -1.745  32.757544    14.4024   -0.10052     -1.730    26.3200    19.4119 -9.990e-29
 144.500880     -1.700  32.811982    14.4077   -0.10049     -1.686    26.3648    19.4453 -9.990e-29
 144.500885     -1.670  32.776860    14.4244   -0.10046     -1.656    26.3222    19.4093 -9.990e-29
 144.500891     -1.657  32.697856    14.4352   -0.10047     -1.643    26.2448    19.3476 -9.990e-29
 144.500897     -1.652  32.682611    14.4231   -0.10048     -1.638    26.2394    19.3459 -9.990e-29
 144.500903     -1.646  32.733835    14.4030   -0.10050     -1.632    26.2985    19.3953 -9.990e-29
 144.500909     -1.634  32.777008    14.3907   -0.10056     -1.620    26.3452    19.4337 -9.990e-29
 144.500914     -1.620  32.800266    14.3844   -0.10051     -1.606    26.3702    19.4541 -9.990e-29
 144.500920     -1.607  32.824026    14.3804   -0.10041     -1.594    26.3940    19.4732 -9.990e-29
 144.500926     -1.591  32.841360    14.3783   -0.10045     -1.578    26.4108    19.4866 -9.990e-29
 144.500932     -1.569  32.840696    14.3778   -0.10047     -1.556    26.4106    19.4865 -9.990e-29
 144.500937     -1.546  32.832410    14.3757   -0.10054     -1.533    26.4046    19.4823 -9.990e-29
 144.500943     -1.519  32.841371    14.3704   -0.10057     -1.506    26.4162    19.4923 -9.990e-29
 144.500949     -1.491  32.868940    14.3650   -0.10042     -1.479    26.4444    19.5151 -9.990e-29
 144.500955     -1.464  32.893097    14.3629   -0.10034     -1.452    26.4673    19.5331 -9.990e-29
 144.500961     -1.442  32.899037    14.3655   -0.10042     -1.430    26.4708    19.5353 -9.990e-29
 144.500966     -1.431  32.878487    14.3730   -0.10054     -1.419    26.4474    19.5158 -9.990e-29
 144.500972     -1.430  32.851731    14.3800   -0.10058     -1.418    26.4189    19.4924 -9.990e-29
 144.500978     -1.431  32.855433    14.3793   -0.10045     -1.419    26.4226    19.4955 -9.990e-29
 144.500984     -1.426  32.877217    14.3743   -0.10041     -1.414    26.4454    19.5140 -9.990e-29
 144.500990     -1.409  32.883431    14.3735   -0.10052     -1.397    26.4515    19.5188 -9.990e-29
 144.500995     -1.385  32.864489    14.3841   -0.10063     -1.373    26.4274    19.4982 -9.990e-29
 144.501001     -1.359  32.826566    14.4033   -0.10065     -1.348    26.3806    19.4584 -9.990e-29
 144.501007     -1.336  32.802642    14.4114   -0.10049     -1.325    26.3538    19.4362 -9.990e-29
 144.501013     -1.308  32.813546    14.3980   -0.10050     -1.297    26.3726    19.4533 -9.990e-29
 144.501019     -1.274  32.837456    14.3797   -0.10057     -1.263    26.4063    19.4828 -9.990e-29
 144.501024     -1.241  32.845800    14.3754   -0.10060     -1.231    26.4167    19.4917 -9.990e-29
 144.501030     -1.215  32.832384    14.3826   -0.10061     -1.205    26.3998    19.4773 -9.990e-29
 144.501036     -1.199  32.823636    14.3803   -0.10059     -1.189    26.3936    19.4729 -9.990e-29
 144.501042     -1.187  32.837085    14.3608   -0.10060     -1.177    26.4188    19.4962 -9.990e-29
 144.501047     -1.174  32.853742    14.3423   -0.10061     -1.164    26.4463    19.5210 -9.990e-29
 144.501053     -1.160  32.852172    14.3419   -0.10061     -1.150    26.4451    19.5202 -9.990e-29
 144.501059     -1.143  32.834815    14.3520   -0.10063     -1.133    26.4228    19.5010 -9.990e-29
 144.501065     -1.118  32.827885    14.3512   -0.10062     -1.109    26.4172    19.4968 -9.990e-29
 144.501071     -1.084  32.843492    14.3370   -0.10062     -1.075    26.4407    19.5178 -9.990e-29
 144.501076     -1.052  32.865528    14.3234   -0.10061     -1.043    26.4696    19.5427 -9.990e-29
 144.501082     -1.027  32.882527    14.3164   -0.10061     -1.018    26.4895    19.5594 -9.990e-29
 144.501088     -1.008  32.893113    14.3135   -0.10063     -1.000    26.5009    19.5687 -9.990e-29
 144.501094     -0.986  32.899127    14.3113   -0.10069     -0.978    26.5078    19.5745 -9.990e-29
 144.501100     -0.950  32.905842    14.3082   -0.10073     -0.942    26.5159    19.5813 -9.990e-29
 144.501105     -0.912  32.914426    14.3052   -0.10061     -0.904    26.5256    19.5893 -9.990e-29
 144.501111     -0.885  32.921251    14.3033   -0.10060     -0.878    26.5330    19.5954 -9.990e-29
 144.501117     -0.872  32.922025    14.3027   -0.10072     -0.865    26.5341    19.5964 -9.990e-29
 144.501123     -0.864  32.917837    14.3032   -0.10076     -0.857    26.5300    19.5931 -9.990e-29
 144.501128     -0.848  32.915485    14.3036   -0.10078     -0.841    26.5276    19.5912 -9.990e-29
 144.501134     -0.822  32.915813    14.3012   -0.10066     -0.815    26.5295    19.5932 -9.990e-29
 144.501140     -0.790  32.914274    14.2937   -0.10055     -0.783    26.5333    19.5975 -9.990e-29
 144.501146     -0.752  32.910554    14.2838   -0.10064     -0.746    26.5367    19.6021 -9.990e-29
 144.501152     -0.717  32.908154    14.2834   -0.10071     -0.711    26.5348    19.6008 -9.990e-29
 144.501157     -0.689  32.906169    14.2928   -0.10073     -0.683    26.5266    19.5926 -9.990e-29
 144.501163     -0.672  32.903127    14.2910   -0.10065     -0.666    26.5251    19.5918 -9.990e-29
 144.501169     -0.659  32.901752    14.2731   -0.10062     -0.654    26.5362    19.6038 -9.990e-29
 144.501175     -0.647  32.902512    14.2590    8.23651     -0.642    26.5465    19.6146 -9.990e-29
 144.501181     -0.633  32.903678    14.2634   22.10835     -0.628    26.5445    19.6122 -9.990e-29
 144.501186     -0.622  32.902372    14.2838   24.67906     -0.617    26.5294    19.5965 -9.990e-29
 144.501192     -0.617  32.899707    14.2985   22.99835     -0.612    26.5169    19.5840 -9.990e-29
 144.501198     -0.609  32.900032    14.2928   16.67736     -0.604    26.5211    19.5884 -9.990e-29
 144.501204     -0.585  32.902723    14.2807   11.34795     -0.580    26.5318    19.5990 -9.990e-29
 144.501209     -0.548  32.904147    14.2794   11.39823     -0.543    26.5340    19.6009 -9.990e-29
 144.501215     -0.512  32.901213    14.2884   11.34765     -0.508    26.5252    19.5924 -9.990e-29
 144.501221     -0.484  32.896224    14.2927   11.36137     -0.480    26.5178    19.5858 -9.990e-29
 144.501227     -0.461  32.893230    14.2834   11.37075     -0.457    26.5215    19.5905 -9.990e-29
 144.501233     -0.443  32.893339    14.2701   11.37978     -0.439    26.5307    19.6002 -9.990e-29
 144.501238     -0.428  32.898436    14.2631   11.38781     -0.424    26.5400    19.6087 -9.990e-29
 144.501244     -0.416  32.907530    14.2635   11.39886     -0.413    26.5478    19.6147 -9.990e-29
 144.501250     -0.404  32.915990    14.2682   11.40483     -0.401    26.5522    19.6171 -9.990e-29
 144.501256     -0.394  32.921143    14.2742   11.41419     -0.391    26.5526    19.6163 -9.990e-29
 144.501262     -0.384  32.923194    14.2796   11.42102     -0.381    26.5508    19.6138 -9.990e-29
 144.501267     -0.373  32.922135    14.2830   11.03676     -0.370    26.5475    19.6106 -9.990e-29
 144.501273     -0.361  32.918293    14.2847    7.46932     -0.358    26.5429    19.6067 -9.990e-29
 144.501279     -0.348  32.913886    14.2864    4.36800     -0.345    26.5378    19.6025 -9.990e-29
 144.501285     -0.331  32.910939    14.2883    2.65090     -0.328    26.5339    19.5991 -9.990e-29
 144.501291     -0.311  32.909502    14.2891    2.43774     -0.308    26.5320    19.5975 -9.990e-29
 144.501296     -0.285  32.907716    14.2890    3.71702     -0.283    26.5305    19.5963 -9.990e-29
 144.501302     -0.257  32.904928    14.2891    4.50233     -0.255    26.5279    19.5943 -9.990e-29
 144.501308     -0.237  32.901930    14.2901    4.90143     -0.235    26.5246    19.5916 -9.990e-29
 144.501314     -0.233  32.899223    14.2917    5.14926     -0.231    26.5210    19.5885 -9.990e-29
 144.501319     -0.236  32.897128    14.2934    5.30372     -0.234    26.5180    19.5859 -9.990e-29
 144.501325     -0.233  32.895652    14.2954    5.38061     -0.231    26.5153    19.5834 -9.990e-29
 144.501331     -0.221  32.895064    14.2974    5.43241     -0.219    26.5134    19.5816 -9.990e-29
 144.501337     -0.201  32.894576    14.2988    5.48567     -0.199    26.5120    19.5802 -9.990e-29
 144.501343     -0.182  32.892973    14.2993    5.54585     -0.180    26.5103    19.5787 -9.990e-29
 144.501348     -0.167  32.890913    14.2993    5.58605     -0.166    26.5084    19.5773 -9.990e-29
 144.501354     -0.155  32.889007    14.2994    5.59919     -0.154    26.5066    19.5759 -9.990e-29
 144.501360     -0.144  32.887509    14.2994    5.60840     -0.143    26.5053    19.5749 -9.990e-29
 144.501366     -0.135  32.886098    14.2995    5.62454     -0.134    26.5040    19.5739 -9.990e-29
 144.501372     -0.127  32.884008    14.3003    5.63024     -0.126    26.5016    19.5719 -9.990e-29
 144.501377     -0.123  32.881808    14.3016    5.62776     -0.122    26.4987    19.5694 -9.990e-29
 144.501383     -0.127  32.879924    14.3022    5.63602     -0.126    26.4966    19.5677 -9.990e-29
 144.501389     -0.136  32.878077    14.3021    5.63352     -0.135    26.4950    19.5665 -9.990e-29
 144.501395     -0.142  32.877162    14.3022    5.64530     -0.141    26.4942    19.5658 -9.990e-29
 144.501400     -0.136  32.878197    14.3030    5.63461     -0.135    26.4945    19.5659 -9.990e-29
 144.501406     -0.117  32.879755    14.3045    5.62975     -0.116    26.4949    19.5659 -9.990e-29
 144.501412     -0.099  32.879986    14.3064    5.62461     -0.098    26.4938    19.5647 -9.990e-29
 144.501418     -0.092  32.879193    14.3081    5.62661     -0.091    26.4919    19.5629 -9.990e-29
 144.501424     -0.091  32.878553    14.3096    5.64152     -0.090    26.4903    19.5614 -9.990e-29
 144.501429     -0.084  32.878330    14.3110    5.66533     -0.083    26.4892    19.5602 -9.990e-29
 144.501435     -0.069  32.878222    14.3123    5.69432     -0.068    26.4882    19.5592 -9.990e-29
 144.501441     -0.052  32.878082    14.3140    5.69871     -0.052    26.4869    19.5579 -9.990e-29
 144.501447     -0.030  32.878277    14.3166    5.70709     -0.030    26.4853    19.5561 -9.990e-29
 144.501453     -0.001  32.879062    14.3192    5.70391     -0.001    26.4842    19.5548 -9.990e-29
 144.501458      0.030  32.879797    14.3210    5.72632      0.030    26.4836    19.5540 -9.990e-29
 144.501464      0.059  32.880338    14.3225    5.74995      0.059    26.4831    19.5532 -9.990e-29
 144.501470      0.082  32.880842    14.3239    5.75071      0.081    26.4825    19.5526 -9.990e-29
 144.501476      0.097  32.880855    14.3245    5.73890      0.096    26.4821    19.5521 -9.990e-29
 144.501481      0.101  32.880388    14.3246    5.71998      0.100    26.4817    19.5517 -9.990e-29
 144.501487      0.097  32.880494    14.3248    5.71138      0.096    26.4816    19.5517 -9.990e-29
 144.501493      0.095  32.881872    14.3249    5.70157      0.094    26.4828    19.5525 -9.990e-29
 144.501499      0.098  32.883553    14.3236    5.69912      0.097    26.4852    19.5546 -9.990e-29
