data/oxygen options/OCNMS/OCNMS2/raw_data/2005/CTD_TH35_060705faed.cnv
* Sea-Bird SBE19 Data File:
* FileName = C:\hypoxia CTD data\TH35__060705.hex
* Software Version 1.1.5
* Temperature SN = 2997
* Conductivity SN = 2997
* System UpLoad Time = Jun 07 2005 12:34:51
* SEACAT PROFILER V3.1c SN 2997   06/07/05  12:34:03.538
* strain gauge pressure sensor: S/N = 184829,  range = 3000 psia,  tc = 40
# nquan = 9                                 
# nvalues = 596                         
# units = specified
# name 0 = timeJ: Julian Days
# name 1 = prSM: Pressure, Strain Gauge [db]
# name 2 = c0mS/cm: Conductivity [mS/cm]
# name 3 = t090C: Temperature [ITS-90, deg C]
# name 4 = oxML/L: Oxygen, Beckman/YSI [ml/l]
# name 5 = depSM: Depth [salt water, m], lat = 47.5
# name 6 = sal00: Salinity, Practical [PSU]
# name 7 = sigma-é00: Density [sigma-theta, kg/m^3]
# name 8 = flag: flag
# span 0 = 158.432280, 158.435723       
# span 1 =     -3.938,     35.497       
# span 2 =   0.105887,  37.307892       
# span 3 =     9.6590,    14.4581       
# span 4 =  -14.18443,   24.81223       
# span 5 =     -3.905,     35.198       
# span 6 =     0.0653,    32.7027       
# span 7 =    -0.6895,    25.2138       
# span 8 = 0.0000e+00, 0.0000e+00       
# interval = seconds: 0.5
# start_time = Jun 07 2005 10:22:29 [Instrument's time stamp, header]
# bad_flag = -9.990e-29
*END*
[from data line 481]
 158.435064     35.497  35.546527     9.6669    3.98824     35.198    32.6944    25.2075 -9.990e-29
 158.435069     35.487  35.546685     9.6683    3.99934     35.188    32.6933    25.2064 -9.990e-29
 158.435075     35.436  35.546959     9.6709    4.00114     35.137    32.6912    25.2044 -9.990e-29
 158.435081     35.341  35.548267     9.6747    4.00675     35.043    32.6892    25.2021 -9.990e-29
 158.435087     35.195  35.549172     9.6797    4.02041     34.898    32.6856    25.1985 0.0000e+00
 158.435093     34.993  35.549196     9.6861    4.02482     34.698    32.6799    25.1930 0.0000e+00
 158.435098     34.735  35.549115     9.6897    4.02337     34.442    32.6767    25.1899 0.0000e+00
 158.435104     34.431  35.548262     9.6861    4.01813     34.141    32.6792    25.1925 0.0000e+00
 158.435110     34.100  35.545128     9.6796    4.00714     33.813    32.6821    25.1958 0.0000e+00
 158.435116     33.759  35.541705     9.6767    4.00194     33.475    32.6813    25.1957 0.0000e+00
 158.435122     33.416  35.540718     9.6772    3.99923     33.134    32.6800    25.1946 0.0000e+00
 158.435127     33.071  35.540853     9.6792    4.00470     32.792    32.6785    25.1930 0.0000e+00
 158.435133     32.723  35.541171     9.6807    4.03021     32.447    32.6776    25.1921 0.0000e+00
 158.435139     32.375  35.540976     9.6804    4.03694     32.102    32.6778    25.1923 0.0000e+00
 158.435145     32.027  35.539447     9.6826    4.05353     31.757    32.6744    25.1893 0.0000e+00
 158.435150     31.670  35.539034     9.6964    4.06777     31.403    32.6616    25.1770 0.0000e+00
 158.435156     31.289  35.543673     9.7351    4.10786     31.026    32.6314    25.1471 0.0000e+00
 158.435162     30.878  35.557866     9.7979    4.19172     30.618    32.5892    25.1038 0.0000e+00
 158.435168     30.440  35.580357     9.8580    4.27564     30.184    32.5579    25.0696 0.0000e+00
 158.435174     29.980  35.600215     9.8989    4.35681     29.728    32.5414    25.0499 0.0000e+00
 158.435179     29.506  35.610855     9.9422    4.43797     29.258    32.5134    25.0209 0.0000e+00
 158.435185     29.019  35.619187    10.0174    4.50247     28.775    32.4544    24.9624 0.0000e+00
 158.435191     28.524  35.635769    10.1126    4.57417     28.284    32.3861    24.8933 0.0000e+00
 158.435197     28.027  35.661970    10.1856    4.60735     27.791    32.3475    24.8510 0.0000e+00
 158.435203     27.539  35.687330    10.2197    4.60112     27.307    32.3428    24.8416 0.0000e+00
 158.435208     27.064  35.701391    10.2311    4.58034     26.836    32.3470    24.8430 0.0000e+00
 158.435214     26.593  35.706659    10.2439    4.54944     26.369    32.3411    24.8362 0.0000e+00
 158.435220     26.121  35.715208    10.2721    4.55092     25.901    32.3248    24.8187 0.0000e+00
 158.435226     25.657  35.733953    10.3029    4.57418     25.441    32.3164    24.8070 0.0000e+00
 158.435231     25.205  35.753129    10.3162    4.60003     24.993    32.3241    24.8107 0.0000e+00
 158.435237     24.755  35.759630    10.3168    4.62656     24.547    32.3303    24.8154 0.0000e+00
 158.435243     24.289  35.755404    10.3318    4.65731     24.085    32.3129    24.7993 0.0000e+00
 158.435249     23.804  35.755560    10.3814    4.69856     23.604    32.2692    24.7569 0.0000e+00
 158.435255     23.308  35.774323    10.4504    4.73050     23.112    32.2270    24.7123 0.0000e+00
 158.435260     22.808  35.804195    10.5068    4.78483     22.616    32.2072    24.6873 0.0000e+00
 158.435266     22.305  35.826710    10.5375    4.84426     22.118    32.2028    24.6786 0.0000e+00
 158.435272     21.806  35.837143    10.5493    4.93055     21.623    32.2030    24.6767 0.0000e+00
 158.435278     21.315  35.839888    10.5624    5.02137     21.136    32.1944    24.6677 0.0000e+00
 158.435284     20.824  35.841414    10.6035    5.08816     20.649    32.1598    24.6338 0.0000e+00
 158.435289     20.329  35.848242    10.6810    5.11453     20.158    32.0986    24.5728 0.0000e+00
 158.435295     19.828  35.863308    10.7741    5.10919     19.662    32.0322    24.5050 0.0000e+00
 158.435301     19.327  35.885966    10.8592    5.07745     19.165    31.9805    24.4500 0.0000e+00
 158.435307     18.838  35.913363    10.9157    5.09005     18.680    31.9585    24.4231 0.0000e+00
 158.435313     18.367  35.934393    10.9394    5.13647     18.213    31.9588    24.4192 0.0000e+00
 158.435318     17.915  35.944595    10.9383    5.19131     17.765    31.9701    24.4281 0.0000e+00
 158.435324     17.474  35.945808    10.9207    5.29017     17.327    31.9868    24.4442 0.0000e+00
 158.435330     17.029  35.936291    10.9360    5.42185     16.886    31.9642    24.4240 0.0000e+00
 158.435336     16.564  35.936433    11.0356    5.61147     16.425    31.8780    24.3394 0.0000e+00
 158.435341     16.077  35.970523    11.1954    5.81301     15.942    31.7734    24.2301 0.0000e+00
 158.435347     15.573  36.022900    11.3523    5.90283     15.442    31.6900    24.1373 0.0000e+00
 158.435353     15.060  36.061938    11.4839    5.96554     14.934    31.6156    24.0560 0.0000e+00
 158.435359     14.547  36.092628    11.5991    6.00404     14.425    31.5474    23.9824 0.0000e+00
 158.435365     14.045  36.132370    11.7077    6.09002     13.927    31.4939    23.9212 0.0000e+00
 158.435370     13.546  36.175865    11.8091    6.26575     13.433    31.4503    23.8689 0.0000e+00
 158.435376     13.051  36.209356    11.8807    6.45792     12.942    31.4224    23.8342 0.0000e+00
 158.435382     12.565  36.224253    11.9059    6.66596     12.460    31.4157    23.8243 0.0000e+00
 158.435388     12.087  36.228104    11.9172    6.83068     11.986    31.4101    23.8179 0.0000e+00
 158.435394     11.613  36.236152    12.0201    6.92714     11.516    31.3314    23.7380 0.0000e+00
 158.435399     11.142  36.274266    12.2878    7.03544     11.049    31.1445    23.5435 0.0000e+00
 158.435405     10.678  36.381484    12.6250    7.13499     10.589    30.9679    23.3433 0.0000e+00
 158.435411     10.223  36.530875    12.8670    7.27264     10.137    30.9107    23.2529 0.0000e+00
 158.435417      9.777  36.637962    12.9584    7.39585      9.695    30.9368    23.2555 0.0000e+00
 158.435422      9.337  36.675702    12.9696    7.25838      9.259    30.9632    23.2738 0.0000e+00
 158.435428      8.887  36.679884    13.0202    7.17213      8.813    30.9260    23.2353 0.0000e+00
 158.435434      8.422  36.699828    13.1820    7.00080      8.352    30.8133    23.1167 0.0000e+00
 158.435440      7.953  36.768284    13.4076    6.85172      7.886    30.6950    22.9811 0.0000e+00
 158.435446      7.503  36.868866    13.5703    6.78166      7.440    30.6576    22.9202 0.0000e+00
 158.435451      7.094  36.942820    13.6134    6.72815      7.035    30.6916    22.9378 0.0000e+00
 158.435457      6.742  36.962077    13.5985    6.76763      6.686    30.7214    22.9638 0.0000e+00
 158.435463      6.442  36.955714    13.5924    6.81430      6.388    30.7206    22.9644 0.0000e+00
 158.435469      6.167  36.950013    13.6213    6.84316      6.115    30.6922    22.9367 0.0000e+00
 158.435475      5.886  36.949701    13.7005    6.82919      5.837    30.6286    22.8719 0.0000e+00
 158.435480      5.582  36.978468    13.8064    6.80694      5.535    30.5707    22.8060 0.0000e+00
 158.435486      5.256  37.043270    13.8884    6.81250      5.212    30.5651    22.7852 0.0000e+00
 158.435492      4.926  37.098186    13.9422    6.76555      4.885    30.5728    22.7803 0.0000e+00
 158.435498      4.602  37.125617    13.9957    6.75022      4.564    30.5555    22.7562 0.0000e+00
 158.435503      4.275  37.143651    14.0663    6.68407      4.239    30.5162    22.7115 0.0000e+00
 158.435509      3.942  37.155588    14.1531    6.61123      3.909    30.4586    22.6495 0.0000e+00
 158.435515      3.607  37.153802    14.2374    6.56073      3.577    30.3907    22.5799 0.0000e+00
 158.435521      3.274  37.134803    14.3084    6.27954      3.247    30.3178    22.5092 0.0000e+00
 158.435527      2.952  37.105241    14.3626    6.25396      2.927    30.2487    22.4449 0.0000e+00
 158.435532      2.655  37.075063    14.3943    6.86966      2.633    30.1967    22.3984 0.0000e+00
 158.435538      2.399  37.052274    14.4061    7.46375      2.379    30.1670    22.3730 0.0000e+00
 158.435544      2.191  37.032297    14.4058    7.55415      2.173    30.1493    22.3594 0.0000e+00
 158.435550      2.024  37.009811    14.3946    7.47867      2.007    30.1377    22.3528 0.0000e+00
 158.435556      1.882  36.983995    14.3623    7.42584      1.866    30.1395    22.3608 -9.990e-29
 158.435561      1.766  36.942858    14.3002    7.44341      1.751    30.1506    22.3820 -9.990e-29
 158.435567      1.675  36.867440    14.2191    7.49250      1.661    30.1454    22.3946 -9.990e-29
 158.435573      1.601  36.689146    14.1276    7.48548      1.588    30.0547    22.3431 -9.990e-29
 158.435579      1.539  36.165191    14.0240    7.51222      1.526    29.6579    22.0581 -9.990e-29
 158.435584      1.488  34.589102    13.9254    7.53381      1.476    28.3000    21.0309 -9.990e-29
 158.435590      1.445  29.872311    13.8568    7.55330      1.433    24.1093    17.8162 -9.990e-29
 158.435596      1.408  21.024331    13.8225    7.56703      1.396    16.4150    11.9061 -9.990e-29
 158.435602      1.375  12.026427    13.8098    7.57713      1.364     8.9523     6.1752 -9.990e-29
 158.435608      1.348   6.889415    13.8063    7.57572      1.337     4.9163     3.0717 -9.990e-29
 158.435613      1.329   4.950544    13.8059    7.57160      1.318     3.4533     1.9444 -9.990e-29
 158.435619      1.316   4.319989    13.8066    7.58506      1.305     2.9866     1.5845 -9.990e-29
 158.435625      1.306   3.993668    13.8079    7.58388      1.295     2.7472     1.3995 -9.990e-29
 158.435631      1.292   3.684868    13.8095    7.59470      1.281     2.5219     1.2254 -9.990e-29
 158.435637      1.275   3.526948    13.8107   -5.88782      1.264     2.4073     1.1367 -9.990e-29
 158.435642      1.257   3.404923    13.8117  -13.13233      1.247     2.3189     1.0683 -9.990e-29
 158.435648      1.245   3.145519    13.8127  -14.18443      1.235     2.1320     0.9238 -9.990e-29
 158.435654      1.240   2.820025    13.8133  -10.39605      1.230     1.8991     0.7438 -9.990e-29
 158.435660      1.235   2.519877    13.8135   -1.82759      1.225     1.6861     0.5791 -9.990e-29
 158.435666      1.232   2.259115    13.8137   -0.36818      1.222     1.5024     0.4370 -9.990e-29
 158.435671      1.230   2.057595    13.8141 -9.990e-29      1.220     1.3615     0.3279 -9.990e-29
 158.435677      1.228   1.903645    13.8146 -9.990e-29      1.218     1.2544     0.2450 -9.990e-29
 158.435683      1.227   1.781268    13.8147 -9.990e-29      1.217     1.1697     0.1794 -9.990e-29
 158.435689      1.226   1.689911    13.8141 -9.990e-29      1.216     1.1068     0.1307 -9.990e-29
 158.435694      1.226   1.623199    13.8123 -9.990e-29      1.216     1.0610     0.0955 -9.990e-29
 158.435700      1.226   1.605387    13.8091 -9.990e-29      1.216     1.0488     0.0866 -9.990e-29
 158.435706      1.223   1.644911    13.8052 -9.990e-29      1.213     1.0761     0.1082 -9.990e-29
 158.435712      1.215   1.682375    13.8019 -9.990e-29      1.205     1.1019     0.1287 -9.990e-29
 158.435718      1.212   1.683381    13.8006 -9.990e-29      1.202     1.1027     0.1294 -9.990e-29
 158.435723      1.212   1.668694 -9.990e-29 -9.990e-29      1.202 -9.990e-29 -9.990e-29 -9.990e-29
