data/oxygen options/OCNMS/OCNMS2/raw_data/2005/CTD_TH70_060705faed.cnv
* Sea-Bird SBE19 Data File:
* FileName = C:\hypoxia CTD data\TH70_060705.hex
* Software Version 1.1.5
* Temperature SN = 2997
* Conductivity SN = 2997
* System UpLoad Time = Jun 07 2005 12:42:14
* SEACAT PROFILER V3.1c SN 2997   06/07/05  12:41:31.951
* strain gauge pressure sensor: S/N = 184829,  range = 3000 psia,  tc = 40
# nquan = 9                                 
# nvalues = 725                         
# units = specified
# name 0 = timeJ: Julian Days
# name 1 = prSM: Pressure, Strain Gauge [db]
# name 2 = c0mS/cm: Conductivity [mS/cm]
# name 3 = t090C: Temperature [ITS-90, deg C]
# name 4 = oxML/L: Oxygen, Beckman/YSI [ml/l]
# name 5 = depSM: Depth [salt water, m], lat = 47.5
# name 6 = sal00: Salinity, Practical [PSU]
# name 7 = sigma-é00: Density [sigma-theta, kg/m^3]
# name 8 = flag: flag
# span 0 = 158.474583, 158.478773       
# span 1 =     -3.836,     71.396       
# span 2 =   0.516912, 227.435790       
# span 3 =     8.0041,    42.2411       
# span 4 =   -0.12164,   25.39471       
# span 5 =     -3.804,     70.788       
# span 6 =     0.3266,    44.5054       
# span 7 =    -0.3997,    26.1325       
# span 8 = 0.0000e+00, 0.0000e+00       
# interval = seconds: 0.5
# start_time = Jun 07 2005 11:23:24 [Instrument's time stamp, header]
# bad_flag = -9.990e-29
*END*
 158.474583     -3.836 -9.990e-29    13.2878   -0.12145     -3.804 -9.990e-29 -9.990e-29 -9.990e-29
 158.474589     -3.822   0.618346    13.2870   -0.12145     -3.790     0.3929    -0.3520 -9.990e-29
 158.474595     -3.804   0.618154    13.2862   -0.12147     -3.772     0.3927    -0.3520 -9.990e-29
 158.474601     -3.782   0.618504    13.2857   -0.12146     -3.750     0.3930    -0.3518 -9.990e-29
 158.474606     -3.752   0.617088    13.2855   -0.12146     -3.721     0.3920    -0.3525 -9.990e-29
 158.474612     -3.719   0.612206    13.2851   -0.12148     -3.688     0.3888    -0.3549 -9.990e-29
 158.474618     -3.688   0.605674    13.2845   -0.12148     -3.657     0.3845    -0.3582 -9.990e-29
 158.474624     -3.661   0.600616    13.2837   -0.12149     -3.630     0.3812    -0.3606 -9.990e-29
 158.474630     -3.638   0.598047    13.2829   -0.12150     -3.608     0.3796    -0.3618 -9.990e-29
 158.474635     -3.615   0.595833    13.2823   -0.12150     -3.585     0.3781    -0.3629 -9.990e-29
 158.474641     -3.593   0.592689    13.2818   -0.12150     -3.563     0.3760    -0.3644 -9.990e-29
 158.474647     -3.569   0.588861    13.2815   -0.12150     -3.539     0.3735    -0.3663 -9.990e-29
 158.474653     -3.547   0.583682    13.2814   -0.12151     -3.517     0.3701    -0.3690 -9.990e-29
 158.474659     -3.524   0.577458    13.2808   -0.12152     -3.495     0.3661    -0.3721 -9.990e-29
 158.474664     -3.492   0.572428    13.2796   -0.12153     -3.463     0.3628    -0.3745 -9.990e-29
 158.474670     -3.451   0.569652    13.2786   -0.12154     -3.422     0.3610    -0.3757 -9.990e-29
 158.474676     -3.413   0.567093    13.2779   -0.12154     -3.385     0.3593    -0.3769 -9.990e-29
 158.474682     -3.379   0.561892    13.2772   -0.12155     -3.351     0.3559    -0.3795 -9.990e-29
 158.474687     -3.347   0.554327    13.2763   -0.12156     -3.319     0.3509    -0.3832 -9.990e-29
 158.474693     -3.316   0.548178    13.2752   -0.12158     -3.288     0.3469    -0.3862 -9.990e-29
 158.474699     -3.282   0.546338    13.2740   -0.12159     -3.255     0.3457    -0.3870 -9.990e-29
 158.474705     -3.244   0.548019    13.2728   -0.12159     -3.217     0.3468    -0.3860 -9.990e-29
 158.474711     -3.204   0.549918    13.2713   -0.12159     -3.177     0.3481    -0.3848 -9.990e-29
 158.474716     -3.167   0.548466    13.2696   -0.12157     -3.141     0.3472    -0.3853 -9.990e-29
 158.474722     -3.136   0.543393    13.2676   -0.12157     -3.110     0.3439    -0.3876 -9.990e-29
 158.474728     -3.109   0.538471    13.2652   -0.12161     -3.083     0.3407    -0.3898 -9.990e-29
 158.474734     -3.084   0.537124    13.2626   -0.12163     -3.058     0.3398    -0.3901 -9.990e-29
 158.474740     -3.059   0.539219    13.2598   -0.12164     -3.033     0.3412    -0.3886 -9.990e-29
 158.474745     -3.033   0.541449    13.2575   -0.12111     -3.008     0.3427    -0.3872 -9.990e-29
 158.474751     -3.004   0.539579    13.2564   -0.12046     -2.979     0.3415    -0.3880 -9.990e-29
 158.474757     -2.974   0.532227    13.2564   -0.12001     -2.949     0.3366    -0.3917 -9.990e-29
 158.474763     -2.951   0.522900    13.2570   -0.11584     -2.926     0.3305    -0.3966 -9.990e-29
 158.474769     -2.933   0.516912    13.2575   -0.09878     -2.909     0.3266    -0.3997 -9.990e-29
 158.474774     -2.909   0.517371    13.2564   -0.09802     -2.885     0.3269    -0.3993 -9.990e-29
 158.474780     -2.879   0.524890    13.2533   -0.09789     -2.855     0.3319    -0.3950 -9.990e-29
 158.474786     -2.849   0.541731    13.2518   -0.09785     -2.825     0.3429    -0.3863 -9.990e-29
 158.474792     -2.822   0.586468    13.2607   -0.09778     -2.798     0.3721    -0.3647 -9.990e-29
 158.474797     -2.787   0.725960    13.3072   -0.09773     -2.764     0.4638    -0.2995 -9.990e-29
 158.474803     -2.733   1.141761    13.4065   -0.09772     -2.710     0.7415    -0.0969 -9.990e-29
 158.474809     -2.662   1.982173    13.5496   -0.09780     -2.640     1.3180     0.3307 -9.990e-29
 158.474815     -2.572   3.552741    13.7594   -0.09782     -2.551     2.4293     1.1609 -9.990e-29
 158.474821     -2.468   7.362143    14.0263   -0.09777     -2.447     5.2492     3.2949 -9.990e-29
 158.474826     -2.355  15.976974    14.2585   -0.09772     -2.335    12.0379     8.4714 -9.990e-29
 158.474832     -2.234  26.946233    14.3987   -0.09772     -2.215    21.2250    15.4966 -9.990e-29
 158.474838     -2.115  33.801191    14.4637   -0.09778     -2.097    27.2066    20.0818 -9.990e-29
 158.474844     -2.012  36.099138    14.4893   -0.09780     -1.995    29.2451    21.6457 -9.990e-29
 158.474850     -1.926  36.877130    14.5003   -0.09776     -1.910    29.9374    22.1766 -9.990e-29
 158.474855     -1.848  37.180374    14.5047   -0.09775     -1.833    30.2076    22.3839 -9.990e-29
 158.474861     -1.769  37.306100    14.5042   -0.09773     -1.754    30.3215    22.4717 -9.990e-29
 158.474867     -1.691  37.335043    14.5009   -0.09777     -1.677    30.3502    22.4945 -9.990e-29
 158.474873     -1.624  37.318719    14.4983   -0.09776     -1.610    30.3375    22.4853 -9.990e-29
 158.474878     -1.567  37.320635    14.4987   -0.09774     -1.554    30.3389    22.4863 -9.990e-29
 158.474884     -1.512  37.358513    14.4997   -0.09778     -1.499    30.3723    22.5118 -9.990e-29
 158.474890     -1.446  37.392027    14.4988   -0.09783     -1.434    30.4033    22.5358 -9.990e-29
 158.474896     -1.372  37.391859    14.4966   -0.09780     -1.361    30.4048    22.5375 -9.990e-29
 158.474902     -1.299  37.370713    14.4944   -0.09778     -1.288    30.3874    22.5245 -9.990e-29
 158.474907     -1.233  37.366037    14.4937   -0.09777     -1.223    30.3837    22.5218 -9.990e-29
 158.474913     -1.165  37.388448    14.4947   -0.09781     -1.155    30.4032    22.5366 -9.990e-29
 158.474919     -1.086  37.410648    14.4957   -0.09782     -1.077    30.4224    22.5512 -9.990e-29
 158.474925     -1.000  37.412348    14.4950   -0.09784     -0.992    30.4245    22.5530 -9.990e-29
 158.474931     -0.919  37.404253    14.4916   -0.09780     -0.911    30.4198    22.5501 -9.990e-29
 158.474936     -0.846  37.408686    14.4855   -0.09778     -0.839    30.4286    22.5581 -9.990e-29
 158.474942     -0.779  37.417002    14.4795   -0.09780     -0.773    30.4408    22.5687 -9.990e-29
 158.474948     -0.729  37.408907    14.4771   -0.09782     -0.723    30.4353    22.5650 -9.990e-29
 158.474954     -0.692  37.398868    14.4790   -0.09784     -0.686    30.4247    22.5565 -9.990e-29
 158.474959     -0.653  37.404933    14.4822   -0.09777     -0.648    30.4277    22.5581 -9.990e-29
 158.474965     -0.609  37.411662    14.4834   -0.09775     -0.604    30.4328    22.5618 -9.990e-29
 158.474971     -0.565  37.400011    14.4817   -0.09777     -0.560    30.4236    22.5550 -9.990e-29
 158.474977     -0.529  37.378029    14.4787   -0.09777     -0.525    30.4060    22.5422 -9.990e-29
 158.474983     -0.501  37.367468    14.4784   -0.09782     -0.497    30.3967    22.5350 -9.990e-29
 158.474988     -0.480  37.377828    14.4806   -0.09781     -0.476    30.4044    22.5405 -9.990e-29
 158.474994     -0.465  37.396590    14.4814   -0.09779     -0.461    30.4207    22.5529 -9.990e-29
 158.475000     -0.454  37.400002    14.4781   -0.09780     -0.450    30.4264    22.5579 -9.990e-29
 158.475006     -0.448  37.387594    14.4754   -0.09782     -0.444    30.4173    22.5515 -9.990e-29
 158.475012     -0.440  37.384911    14.4802   -0.09782     -0.436    30.4111    22.5457 -9.990e-29
 158.475017     -0.427  37.402423    14.4880   -0.09780     -0.423    30.4208    22.5516 -9.990e-29
 158.475023     -0.412  37.422565    14.4916   -0.09779     -0.409    30.4362    22.5627 -9.990e-29
 158.475029     -0.398  37.422865    14.4886   -0.09780     -0.395    30.4388    22.5653 -9.990e-29
 158.475035     -0.385  37.406558    14.4813   -0.09780     -0.382    30.4298    22.5599 -9.990e-29
 158.475041     -0.371  37.394550    14.4766   -0.09782     -0.368    30.4226    22.5553 -9.990e-29
 158.475046     -0.356  37.396096    14.4765   -0.09782     -0.353    30.4241    22.5565 -9.990e-29
 158.475052     -0.338  37.407110    14.4774   -0.09781     -0.335    30.4333    22.5634 -9.990e-29
 158.475058     -0.318  37.413142    14.4773   -0.09778     -0.315    30.4388    22.5677 -9.990e-29
 158.475064     -0.296  37.405997    14.4769   -0.09777     -0.294    30.4327    22.5630 -9.990e-29
 158.475069     -0.277  37.396925    14.4770   -0.09779     -0.275    30.4244    22.5566 -9.990e-29
 158.475075     -0.260  37.397974    14.4772   -0.09780     -0.258    30.4252    22.5572 -9.990e-29
 158.475081     -0.242  37.407204    14.4772   -0.09781     -0.240    30.4335    22.5636 -9.990e-29
 158.475087     -0.224  37.414515    14.4775   -0.09781     -0.222    30.4399    22.5685 -9.990e-29
 158.475093     -0.208  37.415100    14.4777   -0.09787     -0.206    30.4402    22.5687 -9.990e-29
 158.475098     -0.196  37.408081    14.4778   -0.09789     -0.194    30.4338    22.5637 -9.990e-29
 158.475104     -0.190  37.397024    14.4793   -0.09779     -0.188    30.4226    22.5548 -9.990e-29
 158.475110     -0.183  37.393014    14.4827   -0.09773     -0.181    30.4163    22.5493 -9.990e-29
 158.475116     -0.168  37.400265    14.4860   -0.09775     -0.167    30.4203    22.5516 -9.990e-29
 158.475122     -0.138  37.409965    14.4874   -0.09775     -0.137    30.4280    22.5573 -9.990e-29
 158.475127     -0.096  37.409837    14.4864   -0.09778     -0.095    30.4286    22.5580 -9.990e-29
 158.475133     -0.053  37.399176    14.4831   -0.09782     -0.053    30.4215    22.5532 -9.990e-29
 158.475139     -0.017  37.389032    14.4753   -0.09780     -0.017    30.4185    22.5524 -9.990e-29
 158.475145      0.004  37.385534    14.4642   -0.09778      0.004    30.4240    22.5590 -9.990e-29
 158.475150      0.007  37.386847    14.4604   -0.09778      0.007    30.4282    22.5630 -9.990e-29
 158.475156      0.001  37.393067    14.4700   -0.09779      0.001    30.4263    22.5596 -9.990e-29
 158.475162      0.004  37.411387    14.4835   -0.09778      0.004    30.4323    22.5614 -9.990e-29
 158.475168      0.023  37.438221    14.4910   -0.09781      0.023    30.4506    22.5740 -9.990e-29
 158.475174      0.051  37.451610    14.4908   -0.09782      0.051    30.4629    22.5835 -9.990e-29
 158.475179      0.078  37.445320    14.4845   -0.09782      0.077    30.4621    22.5842 -9.990e-29
 158.475185      0.101  37.435107    14.4781   -0.09782      0.100    30.4579    22.5823 -9.990e-29
 158.475191      0.120  37.429812    14.4776   -0.09782      0.119    30.4535    22.5790 -9.990e-29
 158.475197      0.139  37.428572    14.4816   -0.09781      0.138    30.4492    22.5749 -9.990e-29
 158.475203      0.156  37.428073    14.4850   -0.09781      0.155    30.4461    22.5717 -9.990e-29
 158.475208      0.175  37.424314    14.4857   -0.09781      0.174    30.4422    22.5686 -9.990e-29
 158.475214      0.195  37.418479    14.4839   -0.09781      0.193    30.4383    22.5659 -9.990e-29
 158.475220      0.219  37.415716    14.4804   -0.09782      0.217    30.4385    22.5668 -9.990e-29
 158.475226      0.242  37.414610    14.4772   -0.09781      0.240    30.4400    22.5687 -9.990e-29
 158.475231      0.260  37.410908    14.4756   14.52919      0.258    30.4379    22.5674 -9.990e-29
 158.475237      0.267  37.406990    14.4750   24.06488      0.265    30.4349    22.5651 -9.990e-29
 158.475243      0.270  37.404949    14.4748   25.39471      0.268    30.4332    22.5639 -9.990e-29
 158.475249      0.276  37.404894    14.4747   22.22232      0.274    30.4332    22.5639 -9.990e-29
 158.475255      0.290  37.408463    14.4750   14.36220      0.288    30.4362    22.5662 -9.990e-29
 158.475260      0.314  37.414270    14.4760   11.56297      0.311    30.4406    22.5694 -9.990e-29
 158.475266      0.344  37.416065    14.4766   11.58487      0.341    30.4418    22.5701 -9.990e-29
 158.475272      0.374  37.412341    14.4762   11.56590      0.371    30.4387    22.5679 -9.990e-29
 158.475278      0.398  37.410497    14.4747   11.56875      0.395    30.4382    22.5678 -9.990e-29
 158.475284      0.412  37.417637    14.4712   11.56928      0.409    30.4474    22.5756 -9.990e-29
 158.475289      0.421  37.438818    14.4675   11.57470      0.417    30.4695    22.5934 -9.990e-29
 158.475295      0.432  37.467537    14.4672   11.58085      0.428    30.4957    22.6136 -9.990e-29
 158.475301      0.443  37.487153    14.4693   11.58402      0.439    30.5118    22.6256 -9.990e-29
 158.475307      0.456  37.495425    14.4700   11.58832      0.452    30.5187    22.6308 -9.990e-29
 158.475313      0.472  37.498912    14.4663   11.59198      0.468    30.5248    22.6362 -9.990e-29
 158.475318      0.487  37.498543    14.4600   11.59233      0.483    30.5294    22.6411 -9.990e-29
 158.475324      0.494  37.495534    14.4568   11.39673      0.490    30.5292    22.6416 -9.990e-29
 158.475330      0.490  37.493931    14.4597    8.49550      0.486    30.5255    22.6381 -9.990e-29
 158.475336      0.477  37.496096    14.4654    6.02803      0.473    30.5229    22.6350 -9.990e-29
 158.475341      0.468  37.499885    14.4674    4.82619      0.464    30.5248    22.6360 -9.990e-29
 158.475347      0.472  37.500834    14.4646    4.83404      0.468    30.5279    22.6390 -9.990e-29
 158.475353      0.479  37.498544    14.4620    6.04258      0.475    30.5278    22.6395 -9.990e-29
 158.475359      0.482  37.496708    14.4627    6.73105      0.478    30.5256    22.6376 -9.990e-29
 158.475365      0.485  37.497378    14.4660    7.02380      0.481    30.5236    22.6354 -9.990e-29
 158.475370      0.492  37.499781    14.4689    7.20015      0.488    30.5235    22.6347 -9.990e-29
 158.475376      0.505  37.501530    14.4686    7.28772      0.501    30.5253    22.6362 -9.990e-29
 158.475382      0.523  37.501050    14.4669    7.32668      0.519    30.5262    22.6372 -9.990e-29
 158.475388      0.544  37.499961    14.4667    7.34046      0.539    30.5254    22.6366 -9.990e-29
 158.475394      0.565  37.500191    14.4679    7.35177      0.560    30.5247    22.6358 -9.990e-29
 158.475399      0.592  37.501501    14.4690    7.37053      0.587    30.5250    22.6358 -9.990e-29
 158.475405      0.625  37.502851    14.4689    7.38177      0.620    30.5263    22.6368 -9.990e-29
 158.475411      0.659  37.503253    14.4685    7.37262      0.653    30.5269    22.6374 -9.990e-29
 158.475417      0.687  37.503257    14.4689    7.35395      0.681    30.5266    22.6371 -9.990e-29
 158.475422      0.707  37.504007    14.4707    7.33568      0.701    30.5259    22.6361 -9.990e-29
 158.475428      0.724  37.505396    14.4734    7.34196      0.718    30.5250    22.6349 -9.990e-29
 158.475434      0.744  37.507050    14.4755    7.34968      0.738    30.5248    22.6344 -9.990e-29
 158.475440      0.768  37.508387    14.4762    7.34540      0.762    30.5255    22.6347 -9.990e-29
 158.475446      0.789  37.508964    14.4766    7.32724      0.782    30.5257    22.6348 -9.990e-29
 158.475451      0.796  37.509005    14.4780    7.31541      0.789    30.5246    22.6337 -9.990e-29
 158.475457      0.792  37.509702    14.4809    7.31624      0.785    30.5229    22.6318 -9.990e-29
 158.475463      0.791  37.511441    14.4844    7.32219      0.784    30.5218    22.6302 -9.990e-29
 158.475469      0.793  37.513193    14.4873    7.31175      0.786    30.5211    22.6290 -9.990e-29
 158.475475      0.794  37.514505    14.4887    7.29619      0.787    30.5212    22.6288 -9.990e-29
 158.475480      0.797  37.514901    14.4893    7.28850      0.790    30.5210    22.6286 -9.990e-29
 158.475486      0.803  37.514925    14.4901    7.28960      0.796    30.5204    22.6280 -9.990e-29
 158.475492      0.808  37.515748    14.4914    7.29051      0.801    30.5201    22.6275 -9.990e-29
 158.475498      0.813  37.517361    14.4931    7.28067      0.806    30.5203    22.6272 -9.990e-29
 158.475503      0.818  37.519126    14.4938    7.26495      0.811    30.5213    22.6279 -9.990e-29
