data/oxygen options/OCNMS/OCNMS2/raw_data/2005/CTD_TH40_060705faedb.cnv
* Sea-Bird SBE19 Data File:
* FileName = C:\hypoxia CTD data\TH40_060705.hex
* Software Version 1.1.5
* Temperature SN = 2997
* Conductivity SN = 2997
* System UpLoad Time = Jun 07 2005 12:36:32
* SEACAT PROFILER V3.1c SN 2997   06/07/05  12:35:46.271
* strain gauge pressure sensor: S/N = 184829,  range = 3000 psia,  tc = 40
# nquan = 9
# nvalues = 40                          
# units = specified
# name 0 = timeJ: Julian Days
# name 1 = prSM: Pressure, Strain Gauge [db]
# name 2 = c0mS/cm: Conductivity [mS/cm]
# name 3 = t090C: Temperature [ITS-90, deg C]
# name 4 = oxML/L: Oxygen, Beckman/YSI [ml/l]
# name 5 = depSM: Depth [salt water, m], lat = 47.5
# name 6 = sal00: Salinity, Practical [PSU]
# name 7 = sigma-é00: Density [sigma-theta, kg/m^3]
# name 8 = flag: flag
# span 0 = 158.442498, 158.443130       
# span 1 =      2.000,     41.000       
# span 2 =  35.443177,  37.241687       
# span 3 =     9.4338,    14.2949       
# span 4 =    3.83653,    7.58626       
# span 5 =      1.983,     40.654       
# span 6 =    30.3908,    32.7988       
# span 7 =    22.5683,    25.3269       
# span 8 = 0.0000e+00, 0.0000e+00       
# interval = decibars: 1                
# start_time = Jun 07 2005 10:34:04 [Instrument's time stamp, header]
# bad_flag = -9.990e-29
*END*
 158.442498      2.000  37.203053    14.2949    6.70817      1.983    30.3908    22.5683 0.0000e+00
 158.442525      3.000  37.189103    14.2602    6.77344      2.975    30.4050    22.5863 0.0000e+00
 158.442543      4.000  37.172876    14.2298    6.91572      3.967    30.4139    22.5994 0.0000e+00
 158.442558      5.000  37.191892    14.1730    7.17509      4.958    30.4756    22.6586 0.0000e+00
 158.442572      6.000  37.233497    14.1247    7.23014      5.950    30.5513    22.7269 0.0000e+00
 158.442587      7.000  37.241687    14.0905    7.36989      6.942    30.5855    22.7602 0.0000e+00
 158.442600      8.000  37.229760    14.0118    7.58626      7.933    30.6367    22.8157 0.0000e+00
 158.442614      9.000  37.205629    13.8796    7.51144      8.925    30.7197    22.9064 0.0000e+00
 158.442626     10.000  37.150437    13.6297    7.18242      9.916    30.8691    23.0717 0.0000e+00
 158.442639     11.000  36.964858    13.0953    6.81464     10.908    31.1311    23.3792 0.0000e+00
 158.442652     12.000  36.694308    12.5287    6.42086     11.900    31.3438    23.6525 0.0000e+00
 158.442666     13.000  36.464455    12.0628    6.00615     12.891    31.5143    23.8720 0.0000e+00
 158.442680     14.000  36.269669    11.6854    5.67374     13.882    31.6460    24.0432 0.0000e+00
 158.442693     15.000  36.087764    11.3530    5.45549     14.874    31.7530    24.1861 0.0000e+00
 158.442706     16.000  35.903147    11.0888    5.28101     15.866    31.7993    24.2690 0.0000e+00
 158.442718     17.000  35.824205    10.9729    5.24819     16.857    31.8215    24.3065 0.0000e+00
 158.442730     18.000  35.841311    10.9352    5.29519     17.849    31.8706    24.3513 0.0000e+00
 158.442742     19.000  35.860302    10.9102    5.32887     18.841    31.9108    24.3869 0.0000e+00
 158.442755     20.000  35.901161    10.9197    5.22506     19.832    31.9425    24.4100 0.0000e+00
 158.442768     21.000  35.929622    10.8722    4.99070     20.824    32.0117    24.4721 0.0000e+00
 158.442782     22.000  35.916652    10.6881    4.74528     21.815    32.1598    24.6192 0.0000e+00
 158.442795     23.000  35.850325    10.4321    4.55374     22.807    32.3195    24.7875 0.0000e+00
 158.442809     24.000  35.778765    10.2548    4.42138     23.798    32.4051    24.8842 0.0000e+00
 158.442824     25.000  35.681604    10.0620    4.34096     24.790    32.4793    24.9743 0.0000e+00
 158.442839     26.000  35.594113     9.9314    4.29767     25.781    32.5077    25.0182 0.0000e+00
 158.442855     27.000  35.568195     9.8742    4.23699     26.773    32.5325    25.0470 0.0000e+00
 158.442872     28.000  35.564400     9.7818    4.03180     27.764    32.6117    25.1240 0.0000e+00
 158.442889     29.000  35.563488     9.7145    3.98503     28.756    32.6713    25.1816 0.0000e+00
 158.442908     30.000  35.559513     9.7126    4.03120     29.747    32.6686    25.1797 0.0000e+00
 158.442927     31.000  35.537205     9.6744    4.07060     30.739    32.6801    25.1950 0.0000e+00
 158.442947     32.000  35.521871     9.6597    4.04294     31.730    32.6773    25.1952 0.0000e+00
 158.442968     33.000  35.528845     9.6522    3.98418     32.722    32.6908    25.2070 0.0000e+00
 158.442989     34.000  35.535391     9.6397    3.94501     33.714    32.7085    25.2229 0.0000e+00
 158.443007     35.000  35.516173     9.5963    3.93954     34.705    32.7278    25.2450 0.0000e+00
 158.443024     36.000  35.506027     9.5769    3.94380     35.696    32.7348    25.2537 0.0000e+00
 158.443038     37.000  35.503570     9.5635    3.93859     36.688    32.7440    25.2630 0.0000e+00
 158.443052     38.000  35.493665     9.5427    3.92830     37.679    32.7524    25.2730 0.0000e+00
 158.443066     39.000  35.482332     9.5202    3.89709     38.671    32.7609    25.2833 0.0000e+00
 158.443082     40.000  35.464856     9.4690    3.83653     39.662    32.7893    25.3137 0.0000e+00
 158.443130     41.000  35.443177     9.4338    3.84053     40.654    32.7988    25.3269 0.0000e+00
