data/oxygen options/OCNMS/OCNMS2/raw_data/2005/CTD_TH80_083105faed.cnv
* Sea-Bird SBE19 Data File:
* FileName = C:\hypoxia CTD data\TH80_083105.hex
* Software Version 1.1.5
* Temperature SN = 2997
* Conductivity SN = 2997
* System UpLoad Time = Aug 31 2005 15:32:45
** Teahwhit Head 083105 80m
* SEACAT PROFILER V3.1c SN 2997   08/31/05  15:28:40.941
# nquan = 9                                 
# nvalues = 751                         
# units = specified
# name 0 = timeJ: Julian Days
# name 1 = prSM: Pressure, Strain Gauge [db]
# name 2 = c0mS/cm: Conductivity [mS/cm]
# name 3 = t090C: Temperature [ITS-90, deg C]
# name 4 = oxML/L: Oxygen, Beckman/YSI [ml/l]
# name 5 = depSM: Depth [salt water, m], lat = 47.5
# name 6 = sal00: Salinity, Practical [PSU]
# name 7 = sigma-é00: Density [sigma-theta, kg/m^3]
# name 8 = flag: flag
# span 0 = 243.493310, 243.497650       
# span 1 =     -3.505,     82.520       
# span 2 =   0.369587,  39.389481       
# span 3 =     7.3796,    14.9443       
# span 4 =  -12.79426,   24.13236       
# span 5 =     -3.476,     81.815       
# span 6 =     0.2266,    33.7858       
# span 7 =    -0.5904,    26.4101       
# span 8 = 0.0000e+00, 0.0000e+00       
# interval = seconds: 0.5
# start_time = Aug 31 2005 11:50:22 [Instrument's time stamp, header]
# bad_flag = -9.990e-29
*END*
[from data line 321]
 243.495168      2.659  39.326161    14.8620    6.48331      2.637    31.8581    23.5804 -9.990e-29
 243.495174      2.668  39.314424    14.8603    6.47127      2.646    31.8489    23.5737 -9.990e-29
 243.495179      2.662  39.314402    14.8659    6.44987      2.640    31.8443    23.5690 -9.990e-29
 243.495185      2.646  39.321022    14.8700    6.44064      2.624    31.8469    23.5701 -9.990e-29
 243.495191      2.630  39.324606    14.8707    6.44767      2.608    31.8496    23.5720 -9.990e-29
 243.495197      2.623  39.324895    14.8670    6.45595      2.601    31.8529    23.5754 -9.990e-29
 243.495203      2.628  39.321162    14.8571    6.46770      2.606    31.8576    23.5811 -9.990e-29
 243.495208      2.642  39.310683    14.8473    6.46761      2.620    31.8561    23.5821 -9.990e-29
 243.495214      2.657  39.300807    14.8456    6.46985      2.635    31.8486    23.5766 -9.990e-29
 243.495220      2.665  39.300805    14.8500    6.47100      2.643    31.8450    23.5729 -9.990e-29
 243.495226      2.662  39.306193    14.8545    6.46784      2.640    31.8462    23.5729 -9.990e-29
 243.495231      2.653  39.309577    14.8576    6.46009      2.631    31.8467    23.5726 -9.990e-29
 243.495237      2.645  39.311553    14.8602    6.46429      2.623    31.8464    23.5718 -9.990e-29
 243.495243      2.643  39.314202    14.8628    6.46561      2.621    31.8466    23.5715 -9.990e-29
 243.495249      2.646  39.316577    14.8650    6.46281      2.624    31.8470    23.5713 -9.990e-29
 243.495255      2.654  39.317926    14.8666    6.46699      2.632    31.8469    23.5709 -9.990e-29
 243.495260      2.668  39.318934    14.8683    6.45955      2.646    31.8464    23.5701 -9.990e-29
 243.495266      2.684  39.320394    14.8707    6.46247      2.662    31.8457    23.5691 -9.990e-29
 243.495272      2.696  39.323136    14.8741    6.46945      2.673    31.8454    23.5681 -9.990e-29
 243.495278      2.699  39.326897    14.8794    6.47549      2.676    31.8445    23.5663 -9.990e-29
 243.495284      2.693  39.331651    14.8864    6.47342      2.671    31.8431    23.5637 -9.990e-29
 243.495289      2.683  39.337574    14.8950    6.46419      2.661    31.8414    23.5606 -9.990e-29
 243.495295      2.677  39.345280    14.9060    6.45518      2.655    31.8394    23.5567 -9.990e-29
 243.495301      2.677  39.355515    14.9185    6.44561      2.655    31.8384    23.5533 -9.990e-29
 243.495307      2.685  39.367353    14.9294    6.43662      2.663    31.8402    23.5523 -9.990e-29
 243.495313      2.697  39.378075    14.9352    6.43884      2.674    31.8451    23.5549 -9.990e-29
 243.495318      2.704  39.383477    14.9340    6.44233      2.681    31.8509    23.5596 -9.990e-29
 243.495324      2.704  39.381794    14.9277    6.45502      2.681    31.8546    23.5638 -9.990e-29
 243.495330      2.699  39.375839    14.9207    6.46007      2.676    31.8549    23.5655 -9.990e-29
 243.495336      2.699  39.369461    14.9148    6.45780      2.676    31.8540    23.5661 -9.990e-29
 243.495341      2.708  39.364259    14.9100    6.44840      2.685    31.8532    23.5665 -9.990e-29
 243.495347      2.722  39.359472    14.9076    6.43946      2.699    31.8508    23.5652 -9.990e-29
 243.495353      2.733  39.356016    14.9084    6.43461      2.710    31.8471    23.5621 -9.990e-29
 243.495359      2.738  39.356580    14.9094    6.42599      2.715    31.8468    23.5617 -9.990e-29
 243.495365      2.741  39.357998    14.9061    6.44667      2.718    31.8507    23.5654 -9.990e-29
 243.495370      2.752  39.354315    14.8969    6.46874      2.729    31.8549    23.5706 -9.990e-29
 243.495376      2.770  39.345679    14.8828    6.47261      2.747    31.8586    23.5765 -9.990e-29
 243.495382      2.788  39.334043    14.8695    6.46877      2.765    31.8590    23.5796 -9.990e-29
 243.495388      2.804  39.322411    14.8668    6.45775      2.781    31.8507    23.5738 -9.990e-29
 243.495394      2.818  39.321080    14.8751    6.46358      2.794    31.8427    23.5658 -9.990e-29
 243.495399      2.832  39.331083    14.8858    6.46904      2.808    31.8430    23.5638 -9.990e-29
 243.495405      2.845  39.339960    14.8935    6.46312      2.821    31.8447    23.5635 -9.990e-29
 243.495411      2.860  39.343292    14.8977    6.45000      2.836    31.8443    23.5622 -9.990e-29
 243.495417      2.871  39.344407    14.8996    6.43813      2.847    31.8437    23.5614 -9.990e-29
 243.495422      2.873  39.346297    14.9000    6.43154      2.849    31.8451    23.5624 -9.990e-29
 243.495428      2.865  39.348678    14.8969    6.44241      2.841    31.8498    23.5667 -9.990e-29
 243.495434      2.854  39.347241    14.8856    6.46200      2.830    31.8577    23.5752 -9.990e-29
 243.495440      2.845  39.336689    14.8658    6.47167      2.821    31.8644    23.5845 -9.990e-29
 243.495446      2.845  39.316778    14.8473    6.47212      2.821    31.8615    23.5863 -9.990e-29
 243.495451      2.863  39.298528    14.8399    6.45856      2.839    31.8511    23.5798 -9.990e-29
 243.495457      2.892  39.292365    14.8418    6.46179      2.868    31.8440    23.5739 -9.990e-29
 243.495463      2.925  39.295661    14.8463    6.47725      2.901    31.8433    23.5724 -9.990e-29
 243.495469      2.964  39.301016    14.8501    6.46459      2.939    31.8450    23.5729 -9.990e-29
 243.495475      3.007  39.304903    14.8531    6.47458      2.982    31.8460    23.5731 -9.990e-29
 243.495480      3.052  39.307442    14.8555    6.49395      3.027    31.8463    23.5728 -9.990e-29
 243.495486      3.107  39.309761    14.8549    6.51438      3.081    31.8489    23.5749 -9.990e-29
 243.495492      3.180  39.309892    14.8459    6.52338      3.153    31.8563    23.5826 -9.990e-29
 243.495498      3.275  39.301268    14.8290    6.50727      3.248    31.8623    23.5908 -9.990e-29
 243.495503      3.398  39.284155    14.8140    6.47365      3.370    31.8591    23.5915 -9.990e-29
 243.495509      3.553  39.269938    14.8047    6.42059      3.523    31.8538    23.5894 0.0000e+00
 243.495515      3.741  39.263764    14.7873    6.35756      3.710    31.8624    23.5997 0.0000e+00
 243.495521      3.974  39.253456    14.7391    6.30631      3.941    31.8924    23.6330 0.0000e+00
 243.495527      4.267  39.213477    14.6528    6.29373      4.231    31.9269    23.6778 0.0000e+00
 243.495532      4.617  39.137627    14.5429    6.29054      4.578    31.9483    23.7174 0.0000e+00
 243.495538      5.012  39.049276    14.4207    6.26321      4.970    31.9684    23.7586 0.0000e+00
 243.495544      5.439  38.955113    14.2912    6.18768      5.394    31.9893    23.8016 0.0000e+00
 243.495550      5.882  38.849584    14.1660    6.06397      5.833    31.9962    23.8329 0.0000e+00
 243.495556      6.336  38.746194    14.0532    5.93846      6.283    31.9947    23.8550 0.0000e+00
 243.495561      6.807  38.655125    13.9482    5.84252      6.750    31.9980    23.8790 0.0000e+00
 243.495567      7.301  38.572140    13.8275    5.77812      7.240    32.0217    23.9220 0.0000e+00
 243.495573      7.815  38.479664    13.6402    5.68994      7.750    32.0926    24.0146 0.0000e+00
 243.495579      8.346  38.327277    13.3772    5.55700      8.276    32.1717    24.1285 0.0000e+00
 243.495584      8.891  38.108625    13.1104    5.37445      8.817    32.1923    24.1972 0.0000e+00
 243.495590      9.446  37.897796    12.8858    5.17598      9.367    32.1841    24.2348 0.0000e+00
 243.495596     10.011  37.725994    12.6867    5.01718      9.927    32.1908    24.2785 0.0000e+00
 243.495602     10.589  37.568778    12.4930    4.88929     10.500    32.2066    24.3279 0.0000e+00
 243.495608     11.182  37.411631    12.2813    4.81043     11.088    32.2379    24.3922 0.0000e+00
 243.495613     11.789  37.236766    12.0175    4.77662     11.690    32.2971    24.4876 0.0000e+00
 243.495619     12.406  37.012858    11.7294    4.77302     12.302    32.3302    24.5665 0.0000e+00
 243.495625     13.030  36.770472    11.5064    4.77075     12.921    32.2882    24.5744 0.0000e+00
 243.495631     13.658  36.597373    11.3809    4.74033     13.544    32.2281    24.5504 0.0000e+00
 243.495637     14.288  36.510523    11.3147    4.64688     14.168    32.2005    24.5408 0.0000e+00
 243.495642     14.915  36.464713    11.2648    4.50081     14.790    32.1989    24.5484 0.0000e+00
 243.495648     15.538  36.425748    11.2006    4.34437     15.408    32.2164    24.5735 0.0000e+00
 243.495654     16.154  36.374170    11.0957    4.20789     16.019    32.2573    24.6239 0.0000e+00
 243.495660     16.758  36.292773    10.9321    4.10061     16.617    32.3204    24.7018 0.0000e+00
 243.495666     17.347  36.168879    10.7043    4.07682     17.202    32.3985    24.8023 0.0000e+00
 243.495671     17.920  35.999859    10.4227    4.14818     17.770    32.4799    24.9140 0.0000e+00
 243.495677     18.483  35.796348    10.1365    4.30189     18.328    32.5312    25.0023 0.0000e+00
 243.495683     19.042  35.602020     9.9047    4.49555     18.882    32.5428    25.0499 0.0000e+00
 243.495689     19.599  35.460999     9.7405    4.70017     19.435    32.5473    25.0804 0.0000e+00
 243.495694     20.154  35.368508     9.6208    4.87505     19.985    32.5610    25.1105 0.0000e+00
 243.495700     20.709  35.296474     9.5166    5.03743     20.535    32.5816    25.1434 0.0000e+00
 243.495706     21.270  35.226736     9.4072    5.17733     21.091    32.6093    25.1826 0.0000e+00
 243.495712     21.842  35.149246     9.2943    5.28677     21.659    32.6322    25.2185 0.0000e+00
 243.495718     22.427  35.068846     9.1940    5.36120     22.239    32.6406    25.2410 0.0000e+00
 243.495723     23.024  34.998826     9.1147    5.35654     22.831    32.6405    25.2534 0.0000e+00
 243.495729     23.628  34.943327     9.0605    5.26926     23.429    32.6324    25.2555 0.0000e+00
 243.495735     24.236  34.907356     9.0334    5.11607     24.032    32.6196    25.2498 0.0000e+00
 243.495741     24.842  34.896739     9.0310    4.94201     24.633    32.6105    25.2431 0.0000e+00
 243.495747     25.447  34.912990     9.0497    4.78798     25.233    32.6100    25.2397 0.0000e+00
 243.495752     26.052  34.952536     9.0826    4.61832     25.833    32.6206    25.2429 0.0000e+00
 243.495758     26.651  35.001945     9.1218    4.46309     26.427    32.6356    25.2485 0.0000e+00
 243.495764     27.241  35.053091     9.1643    4.35095     27.012    32.6494    25.2526 0.0000e+00
 243.495770     27.816  35.114181     9.2144    4.28215     27.582    32.6664    25.2580 0.0000e+00
 243.495775     28.379  35.204998     9.2719    4.28007     28.140    32.7073    25.2809 0.0000e+00
 243.495781     28.939  35.328904     9.3094    4.28964     28.695    32.8005    25.3479 0.0000e+00
 243.495787     29.503  35.439762     9.2717    4.25204     29.255    32.9494    25.4703 0.0000e+00
 243.495793     30.071  35.481326     9.1135    4.17482     29.818    33.1388    25.6435 0.0000e+00
 243.495799     30.647  35.426604     8.8791    4.07432     30.389    33.3006    25.8070 0.0000e+00
 243.495804     31.232  35.304086     8.6828    3.98525     30.969    33.3567    25.8813 0.0000e+00
 243.495810     31.826  35.195346     8.5692    3.93696     31.558    33.3493    25.8929 0.0000e+00
 243.495816     32.423  35.134160     8.5058    3.91182     32.150    33.3445    25.8988 0.0000e+00
 243.495822     33.023  35.096636     8.4650    3.90639     32.745    33.3432    25.9040 0.0000e+00
 243.495828     33.625  35.068589     8.4360    3.89054     33.342    33.3407    25.9064 0.0000e+00
 243.495833     34.218  35.047358     8.4127    3.89562     33.930    33.3401    25.9095 0.0000e+00
 243.495839     34.786  35.029841     8.3926    3.89305     34.493    33.3403    25.9127 0.0000e+00
 243.495845     35.332  35.013963     8.3766    3.88536     35.034    33.3384    25.9136 0.0000e+00
 243.495851     35.866  35.000398     8.3633    3.89164     35.564    33.3364    25.9141 0.0000e+00
 243.495856     36.395  34.988418     8.3502    3.88427     36.088    33.3359    25.9156 0.0000e+00
 243.495862     36.924  34.977170     8.3355    3.86065     36.613    33.3377    25.9192 0.0000e+00
 243.495868     37.451  34.965094     8.3171    3.82727     37.135    33.3421    25.9255 0.0000e+00
 243.495874     37.972  34.948964     8.2968    3.78546     37.652    33.3440    25.9300 0.0000e+00
 243.495880     38.482  34.931361     8.2784    3.73746     38.157    33.3426    25.9316 0.0000e+00
 243.495885     38.983  34.916826     8.2556    3.68377     38.654    33.3485    25.9397 0.0000e+00
 243.495891     39.481  34.898853     8.2139    3.63187     39.148    33.3688    25.9619 0.0000e+00
 243.495897     39.986  34.865233     8.1523    3.57015     39.648    33.3915    25.9888 0.0000e+00
 243.495903     40.510  34.816529     8.0895    3.51106     40.168    33.3992    26.0041 0.0000e+00
 243.495909     41.052  34.769061     8.0392    3.48321     40.705    33.3963    26.0093 0.0000e+00
 243.495914     41.602  34.734624     7.9950    3.46243     41.251    33.4014    26.0198 0.0000e+00
 243.495920     42.159  34.707076     7.9488    3.45251     41.803    33.4159    26.0379 0.0000e+00
 243.495926     42.723  34.678812     7.9022    3.45288     42.362    33.4299    26.0558 0.0000e+00
 243.495932     43.291  34.650803     7.8599    3.44482     42.925    33.4402    26.0700 0.0000e+00
 243.495938     43.857  34.627721     7.8261    3.44061     43.486    33.4475    26.0806 0.0000e+00
 243.495943     44.414  34.613521     7.8027    3.43189     44.039    33.4545    26.0895 0.0000e+00
 243.495949     44.955  34.606064     7.7886    3.43127     44.575    33.4597    26.0957 0.0000e+00
 243.495955     45.476  34.601552     7.7809    3.42817     45.091    33.4620    26.0986 0.0000e+00
 243.495961     45.972  34.598995     7.7766    3.43214     45.583    33.4632    26.1001 0.0000e+00
 243.495966     46.440  34.597211     7.7738    3.44376     46.047    33.4637    26.1010 0.0000e+00
 243.495972     46.892  34.594928     7.7712    3.43773     46.495    33.4636    26.1012 0.0000e+00
 243.495978     47.345  34.592450     7.7682    3.43483     46.944    33.4636    26.1016 0.0000e+00
 243.495984     47.811  34.589824     7.7643    3.43200     47.406    33.4643    26.1028 0.0000e+00
 243.495990     48.296  34.586897     7.7593    3.41772     47.887    33.4657    26.1046 0.0000e+00
 243.495995     48.804  34.584239     7.7517    3.43245     48.391    33.4699    26.1090 0.0000e+00
 243.496001     49.327  34.581654     7.7385    3.45589     48.909    33.4796    26.1185 0.0000e+00
 243.496007     49.860  34.577920     7.7184    3.51601     49.438    33.4946    26.1332 0.0000e+00
 243.496013     50.398  34.572530     7.6933    3.58383     49.971    33.5127    26.1511 0.0000e+00
 243.496019     50.930  34.566128     7.6671    3.63816     50.499    33.5308    26.1690 0.0000e+00
 243.496024     51.445  34.559688     7.6450    3.68179     51.009    33.5449    26.1833 0.0000e+00
 243.496030     51.948  34.554133     7.6284    3.70192     51.508    33.5547    26.1934 0.0000e+00
 243.496036     52.444  34.549325     7.6139    3.71327     52.000    33.5633    26.2022 0.0000e+00
 243.496042     52.934  34.543880     7.5982    3.71549     52.485    33.5723    26.2116 0.0000e+00
 243.496047     53.421  34.536688     7.5822    3.70277     52.968    33.5798    26.2197 0.0000e+00
 243.496053     53.905  34.528794     7.5682    3.67746     53.448    33.5845    26.2255 0.0000e+00
 243.496059     54.384  34.522549     7.5571    3.65306     53.923    33.5883    26.2300 0.0000e+00
 243.496065     54.856  34.518579     7.5483    3.62767     54.391    33.5923    26.2344 0.0000e+00
 243.496071     55.327  34.515496     7.5402    3.59708     54.858    33.5966    26.2389 0.0000e+00
 243.496076     55.802  34.512539     7.5321    3.56264     55.329    33.6010    26.2435 0.0000e+00
 243.496082     56.280  34.510233     7.5246    3.54140     55.803    33.6055    26.2482 0.0000e+00
