data/oxygen options/OCNMS/OCNMS2/raw_data/2005/CTD_TH70_083105faed.cnv
* Sea-Bird SBE19 Data File:
* FileName = C:\hypoxia CTD data\TH70_083105.hex
* Software Version 1.1.5
* Temperature SN = 2997
* Conductivity SN = 2997
* System UpLoad Time = Aug 31 2005 15:35:58
** Teahwhit Head 083105 80m
* SEACAT PROFILER V3.1c SN 2997   08/31/05  15:30:53.554
# nquan = 9                                 
# nvalues = 703                         
# units = specified
# name 0 = timeJ: Julian Days
# name 1 = prSM: Pressure, Strain Gauge [db]
# name 2 = c0mS/cm: Conductivity [mS/cm]
# name 3 = t090C: Temperature [ITS-90, deg C]
# name 4 = oxML/L: Oxygen, Beckman/YSI [ml/l]
# name 5 = depSM: Depth [salt water, m], lat = 47.5
# name 6 = sal00: Salinity, Practical [PSU]
# name 7 = sigma-é00: Density [sigma-theta, kg/m^3]
# name 8 = flag: flag
# span 0 = 243.482049, 243.486111       
# span 1 =     -3.521,     71.850       
# span 2 =   0.557878,  38.529505       
# span 3 =     7.4135,    14.1371       
# span 4 =   -0.12022,   25.43010       
# span 5 =     -3.492,     71.238       
# span 6 =     0.3497,    33.7665       
# span 7 =    -0.4381,    26.3901       
# span 8 = 0.0000e+00, 0.0000e+00       
# interval = seconds: 0.5
# start_time = Aug 31 2005 11:34:09 [Instrument's time stamp, header]
# bad_flag = -9.990e-29
*END*
[from data line 321]
 243.483906      2.778  38.475256    14.0733    6.52254      2.755    31.7304    23.6468 -9.990e-29
 243.483912      2.772  38.475728    14.0761    6.51761      2.749    31.7286    23.6448 -9.990e-29
 243.483918      2.767  38.478797    14.0760    6.52717      2.744    31.7315    23.6471 -9.990e-29
 243.483924      2.767  38.479033    14.0690    6.53545      2.744    31.7375    23.6531 -9.990e-29
 243.483929      2.771  38.472834    14.0593    6.52433      2.748    31.7398    23.6569 -9.990e-29
 243.483935      2.780  38.463164    14.0556    6.51265      2.757    31.7339    23.6531 -9.990e-29
 243.483941      2.790  38.459573    14.0605    6.49895      2.767    31.7266    23.6465 -9.990e-29
 243.483947      2.797  38.465133    14.0668    6.50866      2.774    31.7265    23.6451 -9.990e-29
 243.483953      2.802  38.471562    14.0646    6.51613      2.779    31.7342    23.6515 -9.990e-29
 243.483958      2.809  38.468934    14.0533    6.52545      2.786    31.7411    23.6591 -9.990e-29
 243.483964      2.824  38.457683    14.0425    6.52383      2.800    31.7397    23.6602 -9.990e-29
 243.483970      2.838  38.447497    14.0392    6.51360      2.814    31.7330    23.6558 -9.990e-29
 243.483976      2.844  38.444994    14.0415    6.52281      2.820    31.7288    23.6521 -9.990e-29
 243.483981      2.846  38.447965    14.0434    6.52429      2.822    31.7300    23.6526 -9.990e-29
 243.483987      2.850  38.450286    14.0435    6.51908      2.826    31.7320    23.6542 -9.990e-29
 243.483993      2.855  38.450014    14.0442    6.51433      2.831    31.7312    23.6534 -9.990e-29
 243.483999      2.861  38.450163    14.0459    6.51441      2.837    31.7299    23.6520 -9.990e-29
 243.484005      2.869  38.452063    14.0467    6.51673      2.845    31.7310    23.6527 -9.990e-29
 243.484010      2.880  38.453210    14.0451    6.52223      2.856    31.7334    23.6549 -9.990e-29
 243.484016      2.893  38.451779    14.0430    6.51836      2.869    31.7338    23.6556 -9.990e-29
 243.484022      2.907  38.449798    14.0429    6.51007      2.883    31.7321    23.6543 -9.990e-29
 243.484028      2.912  38.450243    14.0441    6.51099      2.888    31.7315    23.6536 -9.990e-29
 243.484034      2.910  38.452034    14.0431    6.52209      2.886    31.7339    23.6557 -9.990e-29
 243.484039      2.909  38.450838    14.0387    6.52596      2.885    31.7365    23.6586 -9.990e-29
 243.484045      2.913  38.445633    14.0349    6.53369      2.889    31.7348    23.6581 -9.990e-29
 243.484051      2.918  38.441267    14.0350    6.52414      2.894    31.7307    23.6549 -9.990e-29
 243.484057      2.915  38.441465    14.0374    6.51231      2.891    31.7289    23.6530 -9.990e-29
 243.484062      2.905  38.444256    14.0392    6.51563      2.881    31.7300    23.6535 -9.990e-29
 243.484068      2.896  38.446078    14.0392    6.52118      2.872    31.7317    23.6548 -9.990e-29
 243.484074      2.891  38.446008    14.0380    6.52275      2.867    31.7326    23.6557 -9.990e-29
 243.484080      2.889  38.445085    14.0370    6.51831      2.865    31.7326    23.6559 -9.990e-29
 243.484086      2.887  38.444333    14.0372    6.50729      2.863    31.7317    23.6552 -9.990e-29
 243.484091      2.880  38.444441    14.0380    6.51662      2.856    31.7312    23.6546 -9.990e-29
 243.484097      2.872  38.444999    14.0378    6.52723      2.848    31.7319    23.6552 -9.990e-29
 243.484103      2.866  38.444521    14.0365    6.53172      2.842    31.7325    23.6559 -9.990e-29
 243.484109      2.863  38.442941    14.0361    6.53130      2.839    31.7314    23.6552 -9.990e-29
 243.484115      2.861  38.442648    14.0383    6.51588      2.837    31.7293    23.6531 -9.990e-29
 243.484120      2.862  38.444945    14.0414    6.51200      2.838    31.7289    23.6521 -9.990e-29
 243.484126      2.864  38.447856    14.0428    6.52190      2.840    31.7304    23.6530 -9.990e-29
 243.484132      2.869  38.448541    14.0419    6.52619      2.845    31.7317    23.6543 -9.990e-29
 243.484138      2.876  38.446805    14.0408    6.53138      2.852    31.7311    23.6539 -9.990e-29
 243.484144      2.885  38.445390    14.0413    6.51965      2.861    31.7293    23.6525 -9.990e-29
 243.484149      2.899  38.445786    14.0431    6.51736      2.875    31.7282    23.6513 -9.990e-29
 243.484155      2.916  38.446846    14.0452    6.52666      2.892    31.7274    23.6503 -9.990e-29
 243.484161      2.935  38.447375    14.0459    6.52852      2.910    31.7274    23.6500 -9.990e-29
 243.484167      2.947  38.447521    14.0454    6.52607      2.922    31.7279    23.6506 -9.990e-29
 243.484172      2.950  38.448221    14.0458    6.51536      2.925    31.7282    23.6507 -9.990e-29
 243.484178      2.948  38.449833    14.0474    6.51522      2.923    31.7284    23.6505 -9.990e-29
 243.484184      2.948  38.451873    14.0483    6.52440      2.923    31.7295    23.6512 -9.990e-29
 243.484190      2.956  38.453121    14.0473    6.53095      2.931    31.7315    23.6529 -9.990e-29
 243.484196      2.973  38.452423    14.0458    6.52628      2.948    31.7321    23.6537 -9.990e-29
 243.484201      2.994  38.451078    14.0460    6.51725      2.969    31.7306    23.6526 -9.990e-29
 243.484207      3.012  38.451204    14.0466    6.51357      2.987    31.7303    23.6522 -9.990e-29
 243.484213      3.029  38.451831    14.0453    6.52081      3.004    31.7319    23.6537 -9.990e-29
 243.484219      3.051  38.450976    14.0432    6.52489      3.026    31.7328    23.6548 -9.990e-29
 243.484225      3.077  38.449167    14.0426    6.53326      3.051    31.7317    23.6541 -9.990e-29
 243.484230      3.111  38.448463    14.0440    6.52058      3.085    31.7298    23.6524 -9.990e-29
 243.484236      3.150  38.449592    14.0454    6.52548      3.124    31.7297    23.6520 -9.990e-29
 243.484242      3.196  38.450681    14.0448    6.53148      3.169    31.7312    23.6532 -9.990e-29
 243.484248      3.257  38.449802    14.0421    6.54261      3.230    31.7326    23.6549 -9.990e-29
 243.484253      3.332  38.447452    14.0392    6.54436      3.304    31.7328    23.6556 -9.990e-29
 243.484259      3.423  38.445529    14.0383    6.52585      3.394    31.7317    23.6550 -9.990e-29
 243.484265      3.533  38.445379    14.0388    6.51045      3.503    31.7311    23.6544 -9.990e-29
 243.484271      3.671  38.446226    14.0379    6.48355      3.640    31.7326    23.6558 0.0000e+00
 243.484277      3.850  38.445821    14.0318    6.48070      3.818    31.7372    23.6606 0.0000e+00
 243.484282      4.085  38.441364    14.0169    6.48034      4.051    31.7453    23.6699 0.0000e+00
 243.484288      4.383  38.429705    13.9933    6.49311      4.346    31.7539    23.6814 0.0000e+00
 243.484294      4.741  38.410986    13.9650    6.51959      4.701    31.7599    23.6918 0.0000e+00
 243.484300      5.152  38.387714    13.9371    6.54065      5.109    31.7614    23.6986 0.0000e+00
 243.484306      5.608  38.363050    13.9148    6.56283      5.561    31.7569    23.6997 0.0000e+00
 243.484311      6.104  38.343908    13.8986    6.60896      6.053    31.7525    23.6996 0.0000e+00
 243.484317      6.637  38.331663    13.8851    6.62932      6.582    31.7521    23.7021 0.0000e+00
 243.484323      7.203  38.321747    13.8751    6.62133      7.143    31.7510    23.7033 0.0000e+00
 243.484329      7.790  38.313259    13.8699    6.56763      7.725    31.7473    23.7015 0.0000e+00
 243.484334      8.390  38.308320    13.8644    6.46408      8.320    31.7470    23.7024 0.0000e+00
 243.484340      8.998  38.305373    13.8455    6.36730      8.923    31.7597    23.7160 0.0000e+00
 243.484346      9.609  38.291494    13.7974    6.21590      9.529    31.7865    23.7465 0.0000e+00
 243.484352     10.224  38.254331    13.6998    6.04043     10.138    31.8328    23.8020 0.0000e+00
 243.484358     10.843  38.186380    13.5221    5.88114     10.752    31.9176    23.9032 0.0000e+00
 243.484363     11.464  38.072174    13.2599    5.78339     11.368    32.0307    24.0428 0.0000e+00
 243.484369     12.084  37.909713    12.9651    5.75167     11.983    32.1269    24.1752 0.0000e+00
 243.484375     12.698  37.736397    12.6712    5.74631     12.592    32.2129    24.2986 0.0000e+00
 243.484381     13.307  37.570636    12.3480    5.76212     13.196    32.3319    24.4526 0.0000e+00
 243.484387     13.917  37.376416    11.9618    5.87083     13.800    32.4796    24.6396 0.0000e+00
 243.484392     14.531  37.120714    11.5592    6.07516     14.409    32.5833    24.7942 0.0000e+00
 243.484398     15.151  36.851140    11.2621    6.31088     15.024    32.5809    24.8460 0.0000e+00
 243.484404     15.773  36.682569    11.1270    6.49706     15.641    32.5340    24.8336 0.0000e+00
 243.484410     16.393  36.653692    11.1042    6.52848     16.256    32.5254    24.8310 0.0000e+00
 243.484416     17.009  36.702945    11.1199    6.43984     16.866    32.5599    24.8550 0.0000e+00
 243.484421     17.618  36.765317    11.1114    6.27449     17.470    32.6287    24.9101 0.0000e+00
 243.484427     18.214  36.812937    11.0402    6.04497     18.061    32.7389    25.0084 0.0000e+00
 243.484433     18.798  36.825739    10.8810    5.78764     18.640    32.8937    25.1570 0.0000e+00
 243.484439     19.368  36.764145    10.5772    5.41806     19.205    33.1064    25.3757 0.0000e+00
 243.484444     19.922  36.570676    10.1321    5.02569     19.755    33.3181    25.6169 0.0000e+00
 243.484450     20.461  36.246389     9.6993    4.70442     20.289    33.3876    25.7434 0.0000e+00
 243.484456     20.982  35.925701     9.4376    4.48851     20.806    33.3011    25.7185 0.0000e+00
 243.484462     21.478  35.742718     9.3653    4.34900     21.298    33.1793    25.6349 0.0000e+00
 243.484468     21.955  35.712942     9.3348    4.20229     21.771    33.1766    25.6378 0.0000e+00
 243.484473     22.432  35.714198     9.1839    4.03989     22.244    33.3183    25.7727 0.0000e+00
 243.484479     22.922  35.594536     8.9457    3.89517     22.729    33.4169    25.8875 0.0000e+00
 243.484485     23.424  35.392868     8.7461    3.77993     23.227    33.3938    25.9005 0.0000e+00
 243.484491     23.939  35.240544     8.6146    3.69556     23.738    33.3577    25.8924 0.0000e+00
 243.484497     24.463  35.152476     8.5171    3.61989     24.257    33.3568    25.9066 0.0000e+00
 243.484502     24.997  35.086309     8.4364    3.57247     24.787    33.3631    25.9238 0.0000e+00
 243.484508     25.539  35.028344     8.3759    3.53914     25.324    33.3589    25.9296 0.0000e+00
 243.484514     26.087  34.984793     8.3279    3.51015     25.868    33.3580    25.9362 0.0000e+00
 243.484520     26.627  34.951372     8.2647    3.48023     26.403    33.3823    25.9647 0.0000e+00
 243.484525     27.156  34.905917     8.1711    3.45953     26.928    33.4229    26.0105 0.0000e+00
 243.484531     27.682  34.837691     8.0679    3.45250     27.449    33.4484    26.0458 0.0000e+00
 243.484537     28.204  34.764454     7.9881    3.45838     27.967    33.4462    26.0558 0.0000e+00
 243.484543     28.717  34.711845     7.9411    3.46277     28.475    33.4347    26.0536 0.0000e+00
 243.484549     29.224  34.684235     7.9141    3.46799     28.978    33.4307    26.0545 0.0000e+00
 243.484554     29.726  34.669448     7.8929    3.46341     29.476    33.4350    26.0609 0.0000e+00
 243.484560     30.222  34.657276     7.8716    3.46631     29.968    33.4421    26.0696 0.0000e+00
 243.484566     30.718  34.644923     7.8497    3.47495     30.459    33.4496    26.0787 0.0000e+00
 243.484572     31.224  34.632716     7.8265    3.47621     30.961    33.4585    26.0890 0.0000e+00
 243.484578     31.741  34.620058     7.8023    3.49036     31.474    33.4679    26.0999 0.0000e+00
 243.484583     32.270  34.607989     7.7785    3.50671     31.998    33.4775    26.1109 0.0000e+00
 243.484589     32.808  34.598896     7.7552    3.52718     32.532    33.4899    26.1240 0.0000e+00
 243.484595     33.357  34.592967     7.7324    3.55275     33.076    33.5052    26.1393 0.0000e+00
 243.484601     33.908  34.587882     7.7133    3.58189     33.622    33.5178    26.1520 0.0000e+00
 243.484606     34.450  34.583008     7.7017    3.62235     34.160    33.5235    26.1581 0.0000e+00
 243.484612     34.983  34.580236     7.6944    3.65470     34.688    33.5273    26.1622 0.0000e+00
 243.484618     35.515  34.577531     7.6841    3.67739     35.216    33.5341    26.1690 0.0000e+00
 243.484624     36.054  34.571269     7.6712    3.69256     35.750    33.5395    26.1751 0.0000e+00
 243.484630     36.601  34.564296     7.6604    3.69404     36.292    33.5421    26.1787 0.0000e+00
 243.484635     37.148  34.560191     7.6519    3.69777     36.835    33.5456    26.1827 0.0000e+00
 243.484641     37.690  34.557946     7.6432    3.71090     37.372    33.5513    26.1884 0.0000e+00
 243.484647     38.229  34.555671     7.6326    3.71831     37.906    33.5589    26.1959 0.0000e+00
 243.484653     38.764  34.551996     7.6197    3.73404     38.437    33.5671    26.2042 0.0000e+00
 243.484659     39.295  34.546489     7.6055    3.73553     38.963    33.5746    26.2121 0.0000e+00
 243.484664     39.822  34.540198     7.5921    3.73211     39.486    33.5805    26.2187 0.0000e+00
 243.484670     40.344  34.534246     7.5797    3.72353     40.003    33.5858    26.2246 0.0000e+00
 243.484676     40.861  34.529088     7.5687    3.70544     40.516    33.5906    26.2300 0.0000e+00
 243.484682     41.370  34.525675     7.5615    3.67638     41.021    33.5937    26.2334 0.0000e+00
 243.484688     41.874  34.525045     7.5547    3.63075     41.520    33.5993    26.2388 0.0000e+00
 243.484693     42.381  34.524099     7.5421    3.57966     42.023    33.6103    26.2492 0.0000e+00
 243.484699     42.891  34.519878     7.5268    3.52528     42.529    33.6203    26.2593 0.0000e+00
 243.484705     43.404  34.515708     7.5130    3.46524     43.037    33.6289    26.2680 0.0000e+00
 243.484711     43.917  34.513859     7.5003    3.38743     43.546    33.6389    26.2777 0.0000e+00
 243.484716     44.430  34.513526     7.4882    3.27998     44.054    33.6501    26.2882 0.0000e+00
 243.484722     44.941  34.514810     7.4761    3.16600     44.561    33.6629    26.3000 0.0000e+00
 243.484728     45.448  34.518844     7.4635    3.06795     45.064    33.6793    26.3147 0.0000e+00
 243.484734     45.954  34.526504     7.4520    2.99560     45.565    33.6985    26.3314 0.0000e+00
 243.484740     46.464  34.536217     7.4442    2.95341     46.071    33.7164    26.3466 0.0000e+00
 243.484745     46.977  34.545220     7.4403    2.93055     46.580    33.7297    26.3576 0.0000e+00
 243.484751     47.488  34.552047     7.4388    2.92637     47.086    33.7383    26.3646 0.0000e+00
 243.484757     48.000  34.556816     7.4382    2.92125     47.594    33.7438    26.3691 0.0000e+00
 243.484763     48.513  34.560264     7.4378    2.91372     48.102    33.7477    26.3722 0.0000e+00
 243.484769     49.029  34.563049     7.4373    2.91873     48.614    33.7510    26.3748 0.0000e+00
 243.484774     49.543  34.565504     7.4369    2.91897     49.124    33.7538    26.3771 0.0000e+00
 243.484780     50.052  34.567525     7.4367    2.92610     49.628    33.7559    26.3788 0.0000e+00
 243.484786     50.549  34.568988     7.4370    2.93329     50.121    33.7570    26.3796 0.0000e+00
 243.484792     51.032  34.570145     7.4380    2.92457     50.600    33.7570    26.3795 0.0000e+00
 243.484797     51.496  34.571402     7.4393    2.92130     51.060    33.7569    26.3792 0.0000e+00
 243.484803     51.947  34.572737     7.4398    2.92065     51.507    33.7577    26.3797 0.0000e+00
 243.484809     52.399  34.573114     7.4384    2.91935     51.955    33.7592    26.3812 0.0000e+00
 243.484815     52.869  34.571898     7.4361    2.92777     52.421    33.7599    26.3821 0.0000e+00
 243.484821     53.361  34.570257     7.4342    2.91752     52.909    33.7597    26.3822 0.0000e+00
