data/oxygen options/OCNMS/OCNMS2/raw_data/2005/CTD_CE20_070605faed.cnv
* Sea-Bird SBE19 Data File:
* FileName = C:\Hypoxia Data\CE20_070605.hex
* Software Version 1.1.6
* Temperature SN = 2997
* Conductivity SN = 2997
* System UpLoad Time = Jul 06 2005 16:07:36
* SEACAT PROFILER V3.1c SN 2997   07/06/05  16:08:08.168
* strain gauge pressure sensor: S/N = 184829,  range = 3000 psia,  tc = 40
# nquan = 9                                 
# nvalues = 342                         
# units = specified
# name 0 = timeJ: Julian Days
# name 1 = prSM: Pressure, Strain Gauge [db]
# name 2 = c0mS/cm: Conductivity [mS/cm]
# name 3 = t090C: Temperature [ITS-90, deg C]
# name 4 = oxML/L: Oxygen, Beckman/YSI [ml/l]
# name 5 = depSM: Depth [salt water, m], lat = 47.5
# name 6 = sal00: Salinity, Practical [PSU]
# name 7 = sigma-é00: Density [sigma-theta, kg/m^3]
# name 8 = flag: flag
# span 0 = 187.571019, 187.572992       
# span 1 =     -0.701,     18.451       
# span 2 =  12.239941,  38.874027       
# span 3 =    12.1142,    15.9981       
# span 4 =   -0.09649,   22.79033       
# span 5 =     -0.695,     18.296       
# span 6 =     8.6640,    31.9195       
# span 7 =     5.6133,    24.1544       
# span 8 = 0.0000e+00, 0.0000e+00       
# interval = seconds: 0.5
# start_time = Jul 06 2005 13:42:16 [Instrument's time stamp, header]
# bad_flag = -9.990e-29
*END*
[from data line 161]
 187.571950      1.949  38.667040    14.8474    7.40625      1.933    31.2760    23.1352 -9.990e-29
 187.571956      1.947  38.673558    14.8721    7.39883      1.931    31.2620    23.1193 -9.990e-29
 187.571962      1.944  38.683021    14.8896    7.40364      1.928    31.2565    23.1113 -9.990e-29
 187.571968      1.948  38.687304    14.8946    7.41632      1.932    31.2564    23.1101 -9.990e-29
 187.571973      1.961  38.687644    14.8860    7.43161      1.945    31.2636    23.1175 -9.990e-29
 187.571979      1.978  38.686185    14.8715    7.43592      1.961    31.2739    23.1285 -9.990e-29
 187.571985      1.997  38.684354    14.8648    7.40538      1.980    31.2776    23.1328 -9.990e-29
 187.571991      2.009  38.684198    14.8695    7.35475      1.992    31.2737    23.1288 -9.990e-29
 187.571997      2.016  38.684950    14.8843    7.33595      1.999    31.2625    23.1170 -9.990e-29
 187.572002      2.023  38.685934    14.9025    7.34452      2.006    31.2488    23.1026 -9.990e-29
 187.572008      2.034  38.686225    14.9019    7.37958      2.017    31.2495    23.1033 -9.990e-29
 187.572014      2.054  38.682855    14.8697    7.42317      2.037    31.2723    23.1277 -9.990e-29
 187.572020      2.076  38.672463    14.8358    7.40965      2.059    31.2901    23.1486 -9.990e-29
 187.572025      2.088  38.662514    14.8368    7.39223      2.071    31.2803    23.1408 -9.990e-29
 187.572031      2.087  38.665536    14.8682    7.37020      2.070    31.2579    23.1169 -9.990e-29
 187.572037      2.077  38.675457    14.9020    7.36678      2.060    31.2397    23.0958 -9.990e-29
 187.572043      2.071  38.680835    14.9145    7.37248      2.054    31.2346    23.0891 -9.990e-29
 187.572049      2.076  38.680444    14.9020    7.35500      2.059    31.2442    23.0992 -9.990e-29
 187.572054      2.084  38.677143    14.8876    7.34128      2.067    31.2528    23.1089 -9.990e-29
 187.572060      2.078  38.674950    14.8818    7.32031      2.061    31.2555    23.1122 -9.990e-29
 187.572066      2.055  38.674305    14.8705    7.31321      2.038    31.2639    23.1211 -9.990e-29
 187.572072      2.030  38.673229    14.8521    7.31994      2.013    31.2777    23.1356 -9.990e-29
 187.572078      2.022  38.672537    14.8323    7.33998      2.005    31.2930    23.1515 -9.990e-29
 187.572083      2.039  38.670752    14.8106    7.37794      2.022    31.3088    23.1683 -9.990e-29
 187.572089      2.074  38.665496    14.7899    7.38526      2.057    31.3207    23.1818 -9.990e-29
 187.572095      2.112  38.658176    14.7806    7.38294      2.094    31.3216    23.1845 -9.990e-29
 187.572101      2.143  38.653613    14.7964    7.36086      2.125    31.3047    23.1682 -9.990e-29
 187.572106      2.160  38.656379    14.8284    7.33588      2.142    31.2815    23.1435 -9.990e-29
 187.572112      2.165  38.662875    14.8476    7.30988      2.147    31.2720    23.1321 -9.990e-29
 187.572118      2.169  38.666066    14.8420    7.27763      2.151    31.2793    23.1390 -9.990e-29
 187.572124      2.179  38.662934    14.8216    7.26352      2.161    31.2929    23.1537 -9.990e-29
 187.572130      2.190  38.656041    14.7969    7.27034      2.172    31.3065    23.1694 -9.990e-29
 187.572135      2.207  38.649100    14.7709    7.29090      2.189    31.3211    23.1862 -9.990e-29
 187.572141      2.227  38.641832    14.7467    7.31501      2.208    31.3340    23.2012 -9.990e-29
 187.572147      2.238  38.633519    14.7340    7.32001      2.219    31.3367    23.2060 -9.990e-29
 187.572153      2.237  38.628781    14.7391    7.32152      2.218    31.3284    23.1984 -9.990e-29
 187.572159      2.224  38.631956    14.7555    7.30449      2.205    31.3180    23.1870 -9.990e-29
 187.572164      2.207  38.638866    14.7727    7.29500      2.189    31.3105    23.1776 -9.990e-29
 187.572170      2.197  38.643593    14.7820    7.29591      2.179    31.3072    23.1731 -9.990e-29
 187.572176      2.198  38.643474    14.7749    7.28900      2.180    31.3128    23.1789 -9.990e-29
 187.572182      2.206  38.636678    14.7547    7.28823      2.188    31.3230    23.1910 -9.990e-29
 187.572188      2.213  38.625930    14.7420    7.26932      2.195    31.3235    23.1941 -9.990e-29
 187.572193      2.214  38.619896    14.7473    7.26067      2.196    31.3138    23.1855 -9.990e-29
 187.572199      2.214  38.622308    14.7553    7.26857      2.196    31.3095    23.1805 -9.990e-29
 187.572205      2.218  38.626850    14.7495    7.29663      2.199    31.3183    23.1885 -9.990e-29
 187.572211      2.226  38.626689    14.7357    7.32611      2.207    31.3292    23.1998 -9.990e-29
 187.572216      2.234  38.622741    14.7304    7.33078      2.215    31.3299    23.2015 -9.990e-29
 187.572222      2.229  38.620962    14.7433    7.33282      2.210    31.3179    23.1895 -9.990e-29
 187.572228      2.212  38.625149    14.7665    7.34103      2.194    31.3031    23.1732 -9.990e-29
 187.572234      2.198  38.633038    14.7833    7.34889      2.180    31.2967    23.1647 -9.990e-29
 187.572240      2.195  38.638892    14.7890    7.35025      2.177    31.2974    23.1641 -9.990e-29
 187.572245      2.198  38.640433    14.7870    7.32064      2.180    31.3004    23.1668 -9.990e-29
 187.572251      2.200  38.639726    14.7839    7.29537      2.182    31.3022    23.1689 -9.990e-29
 187.572257      2.199  38.638636    14.7866    7.28310      2.181    31.2991    23.1659 -9.990e-29
 187.572263      2.206  38.638519    14.7905    7.30062      2.188    31.2958    23.1626 -9.990e-29
 187.572269      2.224  38.639225    14.7822    7.32936      2.205    31.3031    23.1699 -9.990e-29
 187.572274      2.251  38.637777    14.7620    7.33947      2.232    31.3181    23.1857 -9.990e-29
 187.572280      2.275  38.632251    14.7500    7.33222      2.256    31.3227    23.1918 -9.990e-29
 187.572286      2.285  38.627621    14.7614    7.32194      2.266    31.3094    23.1791 -9.990e-29
 187.572292      2.281  38.631732    14.7895    7.33691      2.262    31.2905    23.1587 -9.990e-29
 187.572297      2.277  38.642215    14.8108    7.34977      2.258    31.2828    23.1483 -9.990e-29
 187.572303      2.285  38.649503    14.8076    7.35986      2.266    31.2920    23.1560 -9.990e-29
 187.572309      2.304  38.648745    14.7919    7.35025      2.285    31.3039    23.1685 -9.990e-29
 187.572315      2.325  38.644550    14.7882    7.32249      2.306    31.3031    23.1686 -9.990e-29
 187.572321      2.339  38.644228    14.8002    7.30967      2.319    31.2931    23.1584 -9.990e-29
 187.572326      2.351  38.646787    14.8149    7.31253      2.331    31.2836    23.1480 -9.990e-29
 187.572332      2.367  38.648355    14.8204    7.34178      2.347    31.2806    23.1445 -9.990e-29
 187.572338      2.388  38.648787    14.8115    7.36778      2.368    31.2882    23.1522 -9.990e-29
 187.572344      2.410  38.647546    14.7961    7.37536      2.390    31.2994    23.1641 -9.990e-29
 187.572350      2.427  38.644667    14.7926    7.37388      2.407    31.2996    23.1650 -9.990e-29
 187.572355      2.435  38.644166    14.8106    7.34984      2.415    31.2847    23.1497 -9.990e-29
 187.572361      2.436  38.647621    14.8401    7.33471      2.416    31.2641    23.1277 -9.990e-29
 187.572367      2.432  38.651229    14.8619    7.33110      2.412    31.2499    23.1121 -9.990e-29
 187.572373      2.433  38.653080    14.8653    7.33038      2.413    31.2489    23.1106 -9.990e-29
 187.572378      2.443  38.655095    14.8514    7.33937      2.423    31.2618    23.1235 -9.990e-29
 187.572384      2.459  38.656605    14.8315    7.34164      2.438    31.2791    23.1410 -9.990e-29
 187.572390      2.467  38.654584    14.8238    7.31681      2.446    31.2835    23.1460 -9.990e-29
 187.572396      2.461  38.651944    14.8303    7.29441      2.440    31.2759    23.1388 -9.990e-29
 187.572402      2.449  38.652457    14.8361    7.30425      2.429    31.2717    23.1343 -9.990e-29
 187.572407      2.442  38.652887    14.8337    7.32987      2.422    31.2740    23.1366 -9.990e-29
 187.572413      2.453  38.649889    14.8244    7.38976      2.433    31.2788    23.1423 -9.990e-29
 187.572419      2.487  38.644524    14.8219    7.41734      2.466    31.2759    23.1406 -9.990e-29
 187.572425      2.525  38.639736    14.8418    7.43114      2.504    31.2557    23.1208 -9.990e-29
 187.572431      2.548  38.637556    14.8788    7.40869      2.527    31.2240    23.0886 -9.990e-29
 187.572436      2.557  38.637507    14.9220    7.37191      2.536    31.1895    23.0528 -9.990e-29
 187.572442      2.566  38.638410    14.9596    7.34192      2.545    31.1602    23.0224 -9.990e-29
 187.572448      2.588  38.639982    14.9785    7.29337      2.566    31.1466    23.0078 -9.990e-29
 187.572454      2.628  38.640965    14.9776    7.27228      2.606    31.1482    23.0092 -9.990e-29
 187.572459      2.686  38.640062    14.9543    7.26560      2.664    31.1659    23.0279 -9.990e-29
 187.572465      2.756  38.638875    14.9114    7.25925      2.733    31.1991    23.0625 -9.990e-29
 187.572471      2.838  38.638065    14.8604    7.25975      2.814    31.2391    23.1041 -9.990e-29
 187.572477      2.941  38.635428    14.8035    7.24276      2.916    31.2823    23.1494 -9.990e-29
 187.572483      3.073  38.628561    14.7528    7.22252      3.047    31.3168    23.1867 0.0000e+00
 187.572488      3.233  38.618953    14.7236    7.21611      3.206    31.3316    23.2042 0.0000e+00
 187.572494      3.427  38.611729    14.7052    7.20856      3.398    31.3398    23.2144 0.0000e+00
 187.572500      3.664  38.604538    14.6794    7.17728      3.633    31.3540    23.2308 0.0000e+00
 187.572506      3.949  38.589469    14.6436    7.12328      3.916    31.3692    23.2500 0.0000e+00
 187.572512      4.284  38.566060    14.6026    7.03769      4.248    31.3809    23.2677 0.0000e+00
 187.572517      4.655  38.537862    14.5585    6.96237      4.616    31.3909    23.2846 0.0000e+00
 187.572523      5.044  38.505966    14.5123    6.90812      5.002    31.3992    23.3006 0.0000e+00
 187.572529      5.446  38.470456    14.4621    6.87413      5.400    31.4074    23.3175 0.0000e+00
 187.572535      5.870  38.429964    14.4034    6.85645      5.821    31.4180    23.3379 0.0000e+00
 187.572541      6.315  38.384890    14.3403    6.84896      6.262    31.4280    23.3587 0.0000e+00
 187.572546      6.777  38.342982    14.2871    6.81775      6.720    31.4329    23.3734 0.0000e+00
 187.572552      7.251  38.314525    14.2519    6.79414      7.190    31.4354    23.3826 0.0000e+00
 187.572558      7.732  38.301379    14.2268    6.77583      7.667    31.4436    23.3941 0.0000e+00
 187.572564      8.218  38.297220    14.1989    6.76293      8.149    31.4623    23.4143 0.0000e+00
 187.572569      8.705  38.295935    14.1565    6.75457      8.632    31.4956    23.4487 0.0000e+00
 187.572575      9.194  38.289075    14.0953    6.73048      9.117    31.5391    23.4949 0.0000e+00
 187.572581      9.686  38.267489    14.0294    6.69846      9.605    31.5731    23.5346 0.0000e+00
 187.572587     10.175  38.237155    13.9732    6.66076     10.090    31.5911    23.5600 0.0000e+00
 187.572593     10.656  38.208647    13.9194    6.64654     10.567    31.6089    23.5847 0.0000e+00
 187.572598     11.135  38.176462    13.8551    6.63424     11.042    31.6320    23.6156 0.0000e+00
 187.572604     11.613  38.131326    13.7807    6.57940     11.516    31.6515    23.6457 0.0000e+00
 187.572610     12.086  38.074175    13.7095    6.48403     11.985    31.6573    23.6645 0.0000e+00
 187.572616     12.550  38.017397    13.6530    6.31162     12.445    31.6512    23.6712 0.0000e+00
 187.572622     13.004  37.973876    13.6057    6.10812     12.895    31.6498    23.6796 0.0000e+00
 187.572627     13.456  37.938839    13.5463    5.94559     13.343    31.6663    23.7043 0.0000e+00
 187.572633     13.913  37.894161    13.4465    5.79543     13.796    31.7074    23.7559 0.0000e+00
 187.572639     14.378  37.818956    13.2778    5.70184     14.258    31.7776    23.8436 0.0000e+00
 187.572645     14.857  37.693133    13.0404    5.64712     14.732    31.8582    23.9526 0.0000e+00
 187.572650     15.344  37.520503    12.7857    5.61032     15.215    31.9098    24.0420 0.0000e+00
 187.572656     15.825  37.342258    12.5743    5.57729     15.692    31.9195    24.0900 0.0000e+00
 187.572662     16.282  37.199373    12.4316    5.55559     16.145    31.9043    24.1054 0.0000e+00
 187.572668     16.706  37.103696    12.3599    5.52196     16.566    31.8737    24.0952 0.0000e+00
 187.572674     17.095  37.053216    12.3435    5.47128     16.952    31.8392    24.0716 0.0000e+00
 187.572679     17.447  37.042836    12.3254    5.46775     17.301    31.8445    24.0791 0.0000e+00
 187.572685     17.759  37.033474    12.2622    5.45286     17.610    31.8892    24.1256 0.0000e+00
 187.572691     18.025  36.984054    12.1849    5.43957     17.874    31.9076    24.1544 0.0000e+00
 187.572697     18.237  36.922881    12.1344    5.47538     18.084    31.8918    24.1516 0.0000e+00
 187.572703     18.383  36.887238    12.1142    5.51250     18.229    31.8747    24.1421 -9.990e-29
 187.572708     18.451  36.874435    12.1147    5.59277     18.296    31.8620    24.1321 -9.990e-29
 187.572714     18.436  36.875243    12.1276    5.66176     18.281    31.8518    24.1218 -9.990e-29
 187.572720     18.337  36.881765    12.1603    5.70543     18.183    31.8302    24.0990 -9.990e-29
 187.572726     18.153  36.895407    12.2154    5.73806     18.001    31.7965    24.0626 0.0000e+00
 187.572731     17.892  36.929875    12.2586    5.74643     17.742    31.7930    24.0517 0.0000e+00
 187.572737     17.582  36.965536    12.2714    5.72573     17.435    31.8164    24.0675 0.0000e+00
 187.572743     17.249  36.974260    12.2727    5.70291     17.104    31.8238    24.0729 0.0000e+00
 187.572749     16.906  36.973860    12.2732    5.71601     16.764    31.8231    24.0723 0.0000e+00
 187.572755     16.554  36.976703    12.2785    5.79590     16.415    31.8214    24.0700 0.0000e+00
 187.572760     16.189  36.981531    12.3032    5.98363     16.053    31.8052    24.0528 0.0000e+00
 187.572766     15.816  37.001511    12.3496    6.21196     15.683    31.7851    24.0285 0.0000e+00
 187.572772     15.432  37.036933    12.4053    6.39919     15.303    31.7720    24.0078 0.0000e+00
 187.572778     15.030  37.073916    12.4809    6.53329     14.904    31.7435    23.9714 0.0000e+00
 187.572784     14.600  37.121411    12.6352    6.59513     14.478    31.6588    23.8764 0.0000e+00
 187.572789     14.137  37.225372    12.8943    6.63558     14.019    31.5404    23.7350 0.0000e+00
 187.572795     13.647  37.410036    13.1674    6.63860     13.533    31.4871    23.6407 0.0000e+00
 187.572801     13.143  37.608207    13.3469    6.56364     13.033    31.5238    23.6337 0.0000e+00
 187.572807     12.643  37.733153    13.4083    6.50765     12.537    31.5896    23.6724 0.0000e+00
 187.572813     12.155  37.769286    13.3795    6.48253     12.053    31.6474    23.7228 0.0000e+00
 187.572818     11.689  37.744072    13.3274    6.52865     11.591    31.6673    23.7485 0.0000e+00
 187.572824     11.243  37.708015    13.3226    6.67106     11.149    31.6378    23.7266 0.0000e+00
 187.572830     10.811  37.711723    13.3681    6.81372     10.720    31.6037    23.6912 0.0000e+00
 187.572836     10.383  37.753953    13.4280    6.94830     10.296    31.5936    23.6715 0.0000e+00
 187.572841      9.948  37.802975    13.4974    7.06399      9.865    31.5819    23.6487 0.0000e+00
 187.572847      9.496  37.849024    13.6246    7.11707      9.417    31.5198    23.5753 0.0000e+00
 187.572853      9.024  37.932202    13.8239    7.13744      8.948    31.4332    23.4683 0.0000e+00
 187.572859      8.536  38.064164    14.0097    7.11986      8.465    31.4029    23.4073 0.0000e+00
 187.572865      8.040  38.171897    14.1212    7.09987      7.973    31.4110    23.3907 0.0000e+00
