data/oxygen options/OCNMS/OCNMS2/raw_data/2005/CTD_CE20_052505faed.cnv
* Sea-Bird SBE19 Data File:
* FileName = C:\Documents and Settings\kirner.PTANGELES\Desktop\hypoxia CTD data\CE20.hex
* Software Version 1.1.5
* Temperature SN = 2997
* Conductivity SN = 2997
* System UpLoad Time = May 25 2005 18:12:03
* SEACAT PROFILER V3.1c SN 2997   05/25/05  18:11:17.400
* strain gauge pressure sensor: S/N = 184829,  range = 3000 psia,  tc = 40
# nquan = 9                                 
# nvalues = 755                         
# units = specified
# name 0 = timeJ: Julian Days
# name 1 = prSM: Pressure, Strain Gauge [db]
# name 2 = c0mS/cm: Conductivity [mS/cm]
# name 3 = t090C: Temperature [ITS-90, deg C]
# name 4 = oxML/L: Oxygen, Beckman/YSI [ml/l]
# name 5 = depSM: Depth [salt water, m], lat = 47.5
# name 6 = sal00: Salinity, Practical [PSU]
# name 7 = sigma-é00: Density [sigma-theta, kg/m^3]
# name 8 = flag: flag
# span 0 = 145.686701, 145.691065       
# span 1 =     -4.249,     16.698       
# span 2 =   0.373203,  36.253518       
# span 3 =    11.8058,    16.1367       
# span 4 =   -0.09836,   24.02700       
# span 5 =     -4.214,     16.558       
# span 6 =     0.2180,    31.4786       
# span 7 =    -0.9077,    23.8915       
# span 8 = 0.0000e+00, 0.0000e+00       
# interval = seconds: 0.5
# start_time = May 25 2005 16:28:51 [Instrument's time stamp, header]
# bad_flag = -9.990e-29
*END*
[from data line 321]
 145.688559      1.516  33.809254    15.2470    6.28863      1.503    26.6725    19.5120 -9.990e-29
 145.688565      1.520  33.810421    15.2574    6.28042      1.507    26.6665    19.5053 -9.990e-29
 145.688571      1.521  33.819045    15.2695    6.28374      1.508    26.6658    19.5022 -9.990e-29
 145.688576      1.524  33.829255    15.2754    6.29569      1.511    26.6707    19.5048 -9.990e-29
 145.688582      1.530  33.833376    15.2738    6.30216      1.517    26.6754    19.5087 -9.990e-29
 145.688588      1.534  33.830185    15.2705    6.30383      1.521    26.6749    19.5090 -9.990e-29
 145.688594      1.533  33.826080    15.2675    6.30137      1.520    26.6733    19.5084 -9.990e-29
 145.688600      1.530  33.822875    15.2637    6.29694      1.517    26.6731    19.5090 -9.990e-29
 145.688605      1.530  33.819664    15.2612    6.29648      1.517    26.6720    19.5087 -9.990e-29
 145.688611      1.532  33.818894    15.2602    6.28123      1.519    26.6720    19.5089 -9.990e-29
 145.688617      1.537  33.819541    15.2567    6.27310      1.524    26.6749    19.5119 -9.990e-29
 145.688623      1.545  33.817427    15.2469    6.27150      1.532    26.6797    19.5176 -9.990e-29
 145.688628      1.557  33.810299    15.2317    6.28258      1.544    26.6838    19.5239 -9.990e-29
 145.688634      1.573  33.798745    15.2172    6.29160      1.560    26.6836    19.5267 -9.990e-29
 145.688640      1.591  33.787537    15.2092    6.29013      1.578    26.6792    19.5250 -9.990e-29
 145.688646      1.602  33.781906    15.2055    6.29100      1.589    26.6768    19.5239 -9.990e-29
 145.688652      1.608  33.779948    15.1998    6.28857      1.595    26.6789    19.5267 -9.990e-29
 145.688657      1.617  33.776252    15.1936    6.28999      1.603    26.6799    19.5287 -9.990e-29
 145.688663      1.634  33.772062    15.1917    6.29826      1.620    26.6775    19.5273 -9.990e-29
 145.688669      1.656  33.771320    15.1932    6.29760      1.642    26.6759    19.5257 -9.990e-29
 145.688675      1.676  33.773039    15.1949    6.29097      1.662    26.6762    19.5256 -9.990e-29
 145.688681      1.691  33.774470    15.1959    6.28487      1.677    26.6768    19.5258 -9.990e-29
 145.688686      1.702  33.774723    15.1977    6.28255      1.688    26.6758    19.5247 -9.990e-29
 145.688692      1.709  33.775263    15.2011    6.28704      1.695    26.6739    19.5226 -9.990e-29
 145.688698      1.714  33.777371    15.2046    6.29061      1.700    26.6734    19.5215 -9.990e-29
 145.688704      1.715  33.779381    15.2066    6.29074      1.701    26.6738    19.5214 -9.990e-29
 145.688709      1.714  33.780052    15.2078    6.28786      1.700    26.6736    19.5209 -9.990e-29
 145.688715      1.711  33.780846    15.2109    6.29716      1.697    26.6722    19.5192 -9.990e-29
 145.688721      1.705  33.783945    15.2172    6.30005      1.691    26.6706    19.5167 -9.990e-29
 145.688727      1.699  33.789563    15.2244    6.29568      1.685    26.6706    19.5152 -9.990e-29
 145.688733      1.699  33.795669    15.2301    6.30128      1.685    26.6721    19.5152 -9.990e-29
 145.688738      1.699  33.799759    15.2356    6.29627      1.685    26.6719    19.5139 -9.990e-29
 145.688744      1.695  33.802251    15.2427    6.29623      1.681    26.6693    19.5104 -9.990e-29
 145.688750      1.688  33.805910    15.2510    6.29092      1.674    26.6669    19.5068 -9.990e-29
 145.688756      1.676  33.811135    15.2604    6.27911      1.662    26.6651    19.5035 -9.990e-29
 145.688762      1.664  33.818173    15.2708    6.27826      1.650    26.6641    19.5007 -9.990e-29
 145.688767      1.658  33.826887    15.2804    6.28309      1.644    26.6652    19.4995 -9.990e-29
 145.688773      1.663  33.834331    15.2863    6.28577      1.649    26.6677    19.5002 -9.990e-29
 145.688779      1.679  33.838106    15.2884    6.29054      1.665    26.6696    19.5012 -9.990e-29
 145.688785      1.699  33.838770    15.2894    6.29557      1.685    26.6695    19.5009 -9.990e-29
 145.688791      1.712  33.838894    15.2913    6.29230      1.698    26.6683    19.4996 -9.990e-29
 145.688796      1.717  33.840886    15.2941    6.28734      1.703    26.6682    19.4989 -9.990e-29
 145.688802      1.719  33.845165    15.2965    6.28455      1.705    26.6703    19.5000 -9.990e-29
 145.688808      1.723  33.848474    15.2981    6.28651      1.709    26.6721    19.5011 -9.990e-29
 145.688814      1.734  33.847755    15.2991    6.28742      1.720    26.6708    19.4999 -9.990e-29
 145.688819      1.743  33.844856    15.3009    6.27788      1.728    26.6670    19.4966 -9.990e-29
 145.688825      1.743  33.844126    15.3049    6.26886      1.728    26.6637    19.4932 -9.990e-29
 145.688831      1.738  33.846829    15.3079    6.26144      1.723    26.6640    19.4929 -9.990e-29
 145.688837      1.737  33.849091    15.3043    6.27027      1.722    26.6684    19.4970 -9.990e-29
 145.688843      1.746  33.846075    15.2917    6.28221      1.731    26.6743    19.5041 -9.990e-29
 145.688848      1.764  33.836558    15.2771    6.28079      1.749    26.6759    19.5084 -9.990e-29
 145.688854      1.777  33.825779    15.2698    6.27976      1.762    26.6714    19.5065 -9.990e-29
 145.688860      1.788  33.820649    15.2683    6.25810      1.773    26.6680    19.5041 -9.990e-29
 145.688866      1.805  33.819924    15.2660    6.23555      1.790    26.6689    19.5053 -9.990e-29
 145.688872      1.838  33.818710    15.2636    6.29647      1.823    26.6694    19.5062 -9.990e-29
 145.688877      1.889  33.817622    15.2635    6.40528      1.873    26.6685    19.5056 -9.990e-29
 145.688883      1.952  33.818008    15.2641    6.47094      1.936    26.6685    19.5054 -9.990e-29
 145.688889      2.028  33.818693    15.2647    6.49253      2.011    26.6686    19.5054 -9.990e-29
 145.688895      2.121  33.819463    15.2684    6.30074      2.103    26.6668    19.5032 -9.990e-29
 145.688900      2.238  33.823022    15.2811    6.01547      2.219    26.6612    19.4963 -9.990e-29
 145.688906      2.380  33.832985    15.3074    5.85107      2.360    26.6520    19.4838 0.0000e+00
 145.688912      2.545  33.854785    15.3302    5.88999      2.524    26.6556    19.4818 0.0000e+00
 145.688918      2.727  33.882737    15.2766    6.17036      2.704    26.7162    19.5395 0.0000e+00
 145.688924      2.918  33.877890    15.0556    6.47741      2.894    26.8627    19.6975 0.0000e+00
 145.688929      3.111  33.783908    14.7218    6.63274      3.085    27.0097    19.8786 0.0000e+00
 145.688935      3.288  33.646402    14.4808    6.54899      3.261    27.0550    19.9619 0.0000e+00
 145.688941      3.434  33.575637    14.4612    6.33720      3.405    27.0056    19.9278 -9.990e-29
 145.688947      3.550  33.573575    14.6371    6.14081      3.520    26.8819    19.7974 -9.990e-29
 145.688953      3.639  33.624521    14.8648    6.05516      3.609    26.7703    19.6656 -9.990e-29
 145.688958      3.703  33.710653    14.9681    6.09877      3.672    26.7754    19.6484 -9.990e-29
 145.688964      3.749  33.759113    14.8963    6.17865      3.718    26.8673    19.7337 -9.990e-29
 145.688970      3.786  33.757788    14.7119    6.22616      3.754    26.9932    19.8679 -9.990e-29
 145.688976      3.815  33.750319    14.4922    6.22070      3.783    27.1394    20.0246 -9.990e-29
 145.688981      3.839  33.766513    14.3287    6.20312      3.807    27.2684    20.1565 -9.990e-29
 145.688987      3.858  33.795415    14.2766    6.20657      3.826    27.3310    20.2150 -9.990e-29
 145.688993      3.874  33.802100    14.2771    6.25294      3.842    27.3366    20.2193 -9.990e-29
 145.688999      3.893  33.790402    14.2498    6.29860      3.860    27.3454    20.2314 -9.990e-29
 145.689005      3.920  33.785066    14.1894    6.31752      3.887    27.3833    20.2726 -9.990e-29
 145.689010      3.951  33.789067    14.1394    6.31348      3.918    27.4223    20.3125 -9.990e-29
 145.689016      3.982  33.790357    14.1338    6.29533      3.949    27.4275    20.3176 -9.990e-29
 145.689022      4.008  33.775506    14.1544    6.26750      3.975    27.3995    20.2920 -9.990e-29
 145.689028      4.033  33.750473    14.1584    6.24766      3.999    27.3742    20.2717 -9.990e-29
 145.689034      4.053  33.730071    14.1374    6.24925      4.019    27.3707    20.2732 -9.990e-29
 145.689039      4.065  33.716803    14.1051    6.25682      4.031    27.3817    20.2880 -9.990e-29
 145.689045      4.071  33.715948    14.0559    6.26544      4.037    27.4158    20.3240 -9.990e-29
 145.689051      4.074  33.735884    13.9909    6.25964      4.040    27.4800    20.3862 -9.990e-29
 145.689057      4.079  33.765634    13.9370    6.27621      4.045    27.5454    20.4471 -9.990e-29
 145.689063      4.083  33.782646    13.9062    6.29999      4.049    27.5828    20.4820 -9.990e-29
 145.689068      4.085  33.793332    13.8860    6.31612      4.051    27.6069    20.5045 -9.990e-29
 145.689074      4.090  33.818089    13.8726    6.31517      4.056    27.6389    20.5318 -9.990e-29
 145.689080      4.094  33.843403    13.8738    6.30583      4.060    27.6610    20.5486 -9.990e-29
 145.689086      4.093  33.849215    13.8878    6.30633      4.059    27.6562    20.5421 -9.990e-29
 145.689091      4.087  33.829256    13.9025    6.31879      4.053    27.6276    20.5172 -9.990e-29
 145.689097      4.079  33.796137    13.9072    6.32209      4.045    27.5943    20.4906 -9.990e-29
 145.689103      4.079  33.781916    13.8988    6.33677      4.045    27.5874    20.4870 -9.990e-29
 145.689109      4.085  33.799571    13.8868    6.33671      4.051    27.6120    20.5083 -9.990e-29
 145.689115      4.089  33.823321    13.8858    6.34723      4.055    27.6342    20.5256 -9.990e-29
 145.689120      4.088  33.820934    13.8941    6.33601      4.054    27.6261    20.5177 -9.990e-29
 145.689126      4.082  33.797627    13.9018    6.32099      4.048    27.5995    20.4957 -9.990e-29
 145.689132      4.074  33.775556    13.9065    6.30802      4.040    27.5762    20.4768 -9.990e-29
 145.689138      4.069  33.762280    13.9084    6.29765      4.035    27.5628    20.4661 -9.990e-29
 145.689144      4.065  33.754662    13.9043    6.30738      4.031    27.5589    20.4639 -9.990e-29
 145.689149      4.067  33.757111    13.8891    6.31759      4.033    27.5720    20.4769 -9.990e-29
 145.689155      4.075  33.784655    13.8654    6.32785      4.041    27.6139    20.5139 -9.990e-29
 145.689161      4.086  33.830861    13.8465    6.32532      4.052    27.6693    20.5603 -9.990e-29
 145.689167      4.099  33.865419    13.8401    6.33340      4.065    27.7052    20.5892 -9.990e-29
 145.689172      4.112  33.876109    13.8421    6.34160      4.078    27.7134    20.5952 -9.990e-29
 145.689178      4.121  33.873813    13.8455    6.34535      4.087    27.7089    20.5910 -9.990e-29
 145.689184      4.127  33.868354    13.8483    6.34246      4.093    27.7019    20.5851 -9.990e-29
 145.689190      4.125  33.860294    13.8527    6.33383      4.091    27.6915    20.5762 -9.990e-29
 145.689196      4.116  33.845044    13.8587    6.32088      4.082    27.6733    20.5610 -9.990e-29
 145.689201      4.108  33.824682    13.8637    6.31969      4.074    27.6513    20.5431 -9.990e-29
 145.689207      4.103  33.807923    13.8645    6.32150      4.069    27.6356    20.5308 -9.990e-29
 145.689213      4.108  33.802678    13.8589    6.32300      4.074    27.6348    20.5313 -9.990e-29
 145.689219      4.125  33.813718    13.8494    6.34313      4.091    27.6517    20.5461 -9.990e-29
 145.689225      4.151  33.834462    13.8431    6.34295      4.116    27.6750    20.5653 -9.990e-29
 145.689230      4.181  33.848847    13.8439    6.34527      4.146    27.6874    20.5747 -9.990e-29
 145.689236      4.207  33.849144    13.8503    6.34637      4.172    27.6831    20.5702 -9.990e-29
 145.689242      4.226  33.836304    13.8600    6.35495      4.191    27.6644    20.5539 -9.990e-29
 145.689248      4.249  33.812815    13.8683    6.36044      4.213    27.6372    20.5313 -9.990e-29
 145.689253      4.289  33.792746    13.8693    6.34000      4.253    27.6183    20.5165 -9.990e-29
 145.689259      4.349  33.789686    13.8621    6.25830      4.313    27.6207    20.5198 -9.990e-29
 145.689265      4.425  33.804597    13.8497    6.17156      4.388    27.6431    20.5395 -9.990e-29
 145.689271      4.512  33.832134    13.8344    6.13033      4.474    27.6790    20.5701 -9.990e-29
 145.689277      4.608  33.862489    13.8112    6.16385      4.569    27.7232    20.6087 -9.990e-29
 145.689282      4.715  33.903060    13.7644    6.20959      4.676    27.7938    20.6722 -9.990e-29
 145.689288      4.830  33.985518    13.6813    6.23947      4.790    27.9290    20.7926 -9.990e-29
 145.689294      4.944  34.126766    13.5948    6.23066      4.903    28.1210    20.9575 -9.990e-29
 145.689300      5.048  34.261796    13.5701    6.23243      5.006    28.2625    21.0714 -9.990e-29
 145.689306      5.139  34.284225    13.6198    6.24236      5.096    28.2462    21.0493 -9.990e-29
 145.689311      5.227  34.181897    13.6903    6.22991      5.183    28.1011    20.9236 -9.990e-29
 145.689317      5.318  34.053762    13.7182    6.19783      5.274    27.9641    20.8125 -9.990e-29
 145.689323      5.414  34.004724    13.6827    6.11683      5.369    27.9453    20.8049 -9.990e-29
 145.689329      5.525  34.072536    13.6287    6.02461      5.479    28.0464    20.8934 -9.990e-29
 145.689334      5.661  34.171628    13.5982    5.95639      5.614    28.1592    20.9863 0.0000e+00
 145.689340      5.828  34.210484    13.5602    5.90109      5.779    28.2226    21.0426 0.0000e+00
 145.689346      6.028  34.264997    13.4777    5.85546      5.978    28.3334    21.1440 0.0000e+00
 145.689352      6.260  34.398313    13.3639    5.81271      6.208    28.5404    21.3256 0.0000e+00
 145.689358      6.522  34.566231    13.2518    5.79603      6.467    28.7793    21.5316 0.0000e+00
 145.689363      6.810  34.731432    13.1654    5.79716      6.753    28.9974    21.7166 0.0000e+00
 145.689369      7.116  34.868650    13.1037    5.81620      7.056    29.1717    21.8630 0.0000e+00
 145.689375      7.438  34.978085    13.0523    5.83640      7.376    29.3128    21.9818 0.0000e+00
 145.689381      7.772  35.087354    13.0077    5.81321      7.707    29.4488    22.0955 0.0000e+00
 145.689387      8.103  35.196951    12.9765    5.83059      8.035    29.5751    22.1990 0.0000e+00
 145.689392      8.425  35.278657    12.9572    5.82040      8.355    29.6663    22.2732 0.0000e+00
 145.689398      8.734  35.330403    12.9380    5.83892      8.661    29.7295    22.3257 0.0000e+00
 145.689404      9.035  35.387538    12.9134    5.83930      8.959    29.8021    22.3865 0.0000e+00
 145.689410      9.320  35.465688    12.8889    5.82823      9.242    29.8944    22.4625 0.0000e+00
 145.689416      9.578  35.538986    12.8730    5.81351      9.498    29.9754    22.5283 0.0000e+00
 145.689421      9.804  35.582379    12.8641    5.77766      9.722    30.0231    22.5668 0.0000e+00
 145.689427      9.996  35.604940    12.8525    5.76964      9.912    30.0533    22.5924 0.0000e+00
 145.689433     10.152  35.631137    12.8377    5.74909     10.067    30.0896    22.6233 -9.990e-29
 145.689439     10.270  35.664495    12.8278    5.74758     10.184    30.1287    22.6554 -9.990e-29
 145.689444     10.340  35.686696    12.8201    5.74469     10.253    30.1556    22.6777 -9.990e-29
 145.689450     10.367  35.699299    12.8066    5.74735     10.280    30.1782    22.6977 -9.990e-29
 145.689456     10.373  35.719098    12.7968    5.77310     10.286    30.2046    22.7200 -9.990e-29
 145.689462     10.376  35.728761    12.7973    5.79568     10.289    30.2133    22.7266 -9.990e-29
 145.689468     10.385  35.718739    12.8017    5.80244     10.298    30.2004    22.7158 -9.990e-29
 145.689473     10.405  35.704252    12.8055    5.80046     10.318    30.1837    22.7022 -9.990e-29
