data/oxygen options/OCNMS/OCNMS2/raw_data/2005/CTD_TH30_060705faedb.cnv
* Sea-Bird SBE19 Data File:
* FileName = C:\hypoxia CTD data\TH30_060705.hex
* Software Version 1.1.5
* Temperature SN = 2997
* Conductivity SN = 2997
* System UpLoad Time = Jun 07 2005 12:32:51
* SEACAT PROFILER V3.1c SN 2997   06/07/05  12:30:55.117
* strain gauge pressure sensor: S/N = 184829,  range = 3000 psia,  tc = 40
# nquan = 9
# nvalues = 28                          
# units = specified
# name 0 = timeJ: Julian Days
# name 1 = prSM: Pressure, Strain Gauge [db]
# name 2 = c0mS/cm: Conductivity [mS/cm]
# name 3 = t090C: Temperature [ITS-90, deg C]
# name 4 = oxML/L: Oxygen, Beckman/YSI [ml/l]
# name 5 = depSM: Depth [salt water, m], lat = 47.5
# name 6 = sal00: Salinity, Practical [PSU]
# name 7 = sigma-é00: Density [sigma-theta, kg/m^3]
# name 8 = flag: flag
# span 0 = 158.423143, 158.423549       
# span 1 =      3.000,     30.000       
# span 2 =  35.980345,  37.252083       
# span 3 =    10.7721,    14.3890       
# span 4 =    4.27086,    7.01920       
# span 5 =      2.975,     29.747       
# span 6 =    29.9470,    32.1711       
# span 7 =    22.2196,    24.6080       
# span 8 = 0.0000e+00, 0.0000e+00       
# interval = decibars: 1                
# start_time = Jun 07 2005 10:06:14 [Instrument's time stamp, header]
# bad_flag = -9.990e-29
*END*
 158.423143      3.000  36.741962    14.3274    6.50374      2.975    29.9470    22.2196 0.0000e+00
 158.423167      4.000  36.983636    14.3860    6.50514      3.967    30.1199    22.3409 0.0000e+00
 158.423186      5.000  37.041067    14.3890    6.50335      4.958    30.1693    22.3783 0.0000e+00
 158.423203      6.000  37.056960    14.3640    6.57517      5.950    30.2028    22.4093 0.0000e+00
 158.423218      7.000  37.091174    14.3163    6.71335      6.942    30.2707    22.4714 0.0000e+00
 158.423231      8.000  37.134358    14.2775    6.88851      7.933    30.3399    22.5327 0.0000e+00
 158.423245      9.000  37.172875    14.2607    7.01920      8.924    30.3877    22.5730 0.0000e+00
 158.423258     10.000  37.244876    14.2405    6.95502      9.916    30.4687    22.6396 0.0000e+00
 158.423271     11.000  37.252083    14.1576    6.83817     10.908    30.5404    22.7118 0.0000e+00
 158.423283     12.000  37.208587    14.0093    6.66866     11.899    30.6179    22.8018 0.0000e+00
 158.423297     13.000  37.127156    13.8480    6.43576     12.891    30.6713    22.8755 0.0000e+00
 158.423309     14.000  37.047305    13.6546    6.17019     13.882    30.7523    22.9767 0.0000e+00
 158.423321     15.000  36.940227    13.3809    5.97517     14.874    30.8734    23.1244 0.0000e+00
 158.423333     16.000  36.814464    13.0759    5.93904     15.866    31.0038    23.2848 0.0000e+00
 158.423345     17.000  36.705260    12.7486    5.83562     16.857    31.1697    23.4762 0.0000e+00
 158.423358     18.000  36.595454    12.5088    5.75674     17.849    31.2639    23.5947 0.0000e+00
 158.423371     19.000  36.527968    12.3723    5.77913     18.841    31.3129    23.6584 0.0000e+00
 158.423383     20.000  36.494797    12.3076    5.84394     19.832    31.3350    23.6876 0.0000e+00
 158.423394     21.000  36.477641    12.2699    5.78666     20.824    31.3497    23.7061 0.0000e+00
 158.423405     22.000  36.464420    12.2328    5.62785     21.815    31.3677    23.7270 0.0000e+00
 158.423416     23.000  36.448917    12.1474    5.45747     22.807    31.4242    23.7866 0.0000e+00
 158.423427     24.000  36.412625    11.9770    5.29615     23.798    31.5326    23.9022 0.0000e+00
 158.423438     25.000  36.360127    11.8275    5.11852     24.790    31.6082    23.9883 0.0000e+00
 158.423451     26.000  36.334426    11.7446    4.87813     25.782    31.6534    24.0385 0.0000e+00
 158.423465     27.000  36.271660    11.4237    4.56277     26.773    31.8669    24.2623 0.0000e+00
 158.423479     28.000  36.135724    11.0776    4.32639     27.764    32.0331    24.4530 0.0000e+00
 158.423495     29.000  36.034106    10.8047    4.27086     28.756    32.1711    24.6080 0.0000e+00
 158.423549     30.000  35.980345    10.7721    4.58836     29.747    32.1460    24.5941 0.0000e+00
