data/oxygen options/OCNMS/OCNMS2/raw_data/2005/CTD_CA80_060705faed.cnv
* Sea-Bird SBE19 Data File:
* FileName = C:\hypoxia CTD data\CA80_060705.hex
* Software Version 1.1.5
* Temperature SN = 2997
* Conductivity SN = 2997
* System UpLoad Time = Jun 07 2005 15:26:07
* SEACAT PROFILER V3.1c SN 2997   06/07/05  15:25:08.022
* strain gauge pressure sensor: S/N = 184829,  range = 3000 psia,  tc = 40
# nquan = 9                                 
# nvalues = 1059                        
# units = specified
# name 0 = timeJ: Julian Days
# name 1 = prSM: Pressure, Strain Gauge [db]
# name 2 = c0mS/cm: Conductivity [mS/cm]
# name 3 = t090C: Temperature [ITS-90, deg C]
# name 4 = oxML/L: Oxygen, Beckman/YSI [ml/l]
# name 5 = depSM: Depth [salt water, m], lat = 47.5
# name 6 = sal00: Salinity, Practical [PSU]
# name 7 = sigma-é00: Density [sigma-theta, kg/m^3]
# name 8 = flag: flag
# span 0 = 158.580729, 158.586852       
# span 1 =     -2.832,     80.477       
# span 2 =   0.178290,  37.036472       
# span 3 =     7.4287,    12.9878       
# span 4 =  -13.75670,   28.28457       
# span 5 =     -2.808,     79.790       
# span 6 =     0.1131,    33.8291       
# span 7 =    -0.4391,    26.4369       
# span 8 = 0.0000e+00, 0.0000e+00       
# interval = seconds: 0.5
# start_time = Jun 07 2005 13:56:15 [Instrument's time stamp, header]
# bad_flag = -9.990e-29
*END*
[from data line 481]
 158.583513     48.192  35.096675     8.4565    3.23689     47.784    33.3442    25.9063 0.0000e+00
 158.583519     48.718  35.086537     8.4303    3.22640     48.306    33.3581    25.9211 0.0000e+00
 158.583524     49.241  35.077439     8.4032    3.22346     48.824    33.3739    25.9376 0.0000e+00
 158.583530     49.761  35.067891     8.3759    3.22253     49.340    33.3894    25.9539 0.0000e+00
 158.583536     50.267  35.057859     8.3502    3.21045     49.841    33.4030    25.9684 0.0000e+00
 158.583542     50.741  35.048531     8.3309    3.20530     50.311    33.4112    25.9778 0.0000e+00
 158.583547     51.174  35.042409     8.3258    3.18662     50.741    33.4093    25.9771 0.0000e+00
 158.583553     51.577  35.041969     8.3325    3.16717     51.140    33.4023    25.9706 0.0000e+00
 158.583559     51.970  35.044746     8.3314    3.12509     51.530    33.4061    25.9738 0.0000e+00
 158.583565     52.376  35.043227     8.3082    3.06303     51.932    33.4264    25.9931 0.0000e+00
 158.583571     52.802  35.033703     8.2733    3.01557     52.355    33.4493    26.0163 0.0000e+00
 158.583576     53.246  35.021416     8.2433    2.96989     52.795    33.4646    26.0328 0.0000e+00
 158.583582     53.701  35.012398     8.2195    2.94567     53.246    33.4775    26.0465 0.0000e+00
 158.583588     54.163  35.006388     8.1991    2.92527     53.704    33.4903    26.0596 0.0000e+00
 158.583594     54.626  35.001528     8.1845    2.90221     54.163    33.4989    26.0685 0.0000e+00
 158.583600     55.087  34.998057     8.1769    2.89443     54.620    33.5022    26.0723 0.0000e+00
 158.583605     55.540  34.996383     8.1722    2.88513     55.069    33.5047    26.0749 0.0000e+00
 158.583611     55.988  34.994828     8.1651    2.89103     55.513    33.5096    26.0799 0.0000e+00
 158.583617     56.443  34.991313     8.1520    2.88772     55.964    33.5182    26.0885 0.0000e+00
 158.583623     56.912  34.985634     8.1272    2.88195     56.429    33.5356    26.1059 0.0000e+00
 158.583628     57.396  34.975820     8.0908    2.86815     56.909    33.5598    26.1303 0.0000e+00
 158.583634     57.882  34.961115     8.0551    2.83360     57.391    33.5781    26.1499 0.0000e+00
 158.583640     58.358  34.946569     8.0284    2.81090     57.863    33.5880    26.1616 0.0000e+00
 158.583646     58.821  34.935760     8.0052    2.79031     58.322    33.5985    26.1733 0.0000e+00
 158.583652     59.266  34.925480     7.9758    2.76388     58.763    33.6155    26.1910 0.0000e+00
 158.583657     59.696  34.910982     7.9371    2.74479     59.189    33.6370    26.2135 0.0000e+00
 158.583663     60.116  34.891991     7.8960    2.72787     59.606    33.6560    26.2345 0.0000e+00
 158.583669     60.523  34.872329     7.8626    2.70034     60.009    33.6670    26.2479 0.0000e+00
 158.583675     60.914  34.856605     7.8400    2.67220     60.397    33.6717    26.2550 0.0000e+00
 158.583681     61.292  34.845705     7.8227    2.65188     60.771    33.6765    26.2613 0.0000e+00
 158.583686     61.664  34.836858     7.8063    2.63431     61.140    33.6827    26.2685 0.0000e+00
 158.583692     62.036  34.828355     7.7889    2.61215     61.509    33.6902    26.2769 0.0000e+00
 158.583698     62.410  34.819504     7.7657    2.59382     61.880    33.7029    26.2903 0.0000e+00
 158.583704     62.786  34.807465     7.7331    2.57982     62.253    33.7213    26.3095 0.0000e+00
 158.583709     63.156  34.789635     7.6940    2.56737     62.619    33.7398    26.3296 0.0000e+00
 158.583715     63.511  34.767461     7.6558    2.54239     62.971    33.7528    26.3453 0.0000e+00
 158.583721     63.843  34.745566     7.6290    2.53793     63.300    33.7550    26.3509 0.0000e+00
 158.583727     64.143  34.730625     7.6209    2.52214     63.598    33.7466    26.3455 0.0000e+00
 158.583733     64.409  34.726251     7.6289    2.50568     63.861    33.7340    26.3344 0.0000e+00
 158.583738     64.658  34.731087     7.6384    2.49636     64.108    33.7299    26.3298 0.0000e+00
 158.583744     64.910  34.738122     7.6282    2.47882     64.358    33.7472    26.3449 0.0000e+00
 158.583750     65.172  34.733191     7.5875    2.44744     64.618    33.7813    26.3775 0.0000e+00
 158.583756     65.436  34.709720     7.5311    2.42435     64.880    33.8107    26.4087 0.0000e+00
 158.583762     65.679  34.679577     7.4869    2.40986     65.120    33.8210    26.4231 0.0000e+00
 158.583767     65.880  34.659182     7.4671    2.40043     65.320    33.8181    26.4236 0.0000e+00
 158.583773     66.029  34.651596     7.4651    2.41197     65.467    33.8117    26.4189 -9.990e-29
 158.583779     66.131  34.650617     7.4722    2.41812     65.569    33.8037    26.4116 -9.990e-29
 158.583785     66.197  34.652692     7.4834    2.42842     65.634    33.7950    26.4031 -9.990e-29
 158.583791     66.240  34.656662     7.4943    2.42243     65.677    33.7887    26.3966 -9.990e-29
 158.583796     66.271  34.661091     7.5004    2.42792     65.707    33.7875    26.3948 -9.990e-29
 158.583802     66.305  34.664037     7.4979    2.42931     65.741    33.7931    26.3996 -9.990e-29
 158.583808     66.353  34.663259     7.4852    2.41500     65.789    33.8046    26.4105 -9.990e-29
 158.583814     66.414  34.656600     7.4676    2.40544     65.849    33.8145    26.4207 -9.990e-29
 158.583819     66.482  34.646948     7.4548    2.40381     65.917    33.8165    26.4241 -9.990e-29
 158.583825     66.553  34.641052     7.4490    2.39870     65.987    33.8157    26.4243 -9.990e-29
 158.583831     66.629  34.639450     7.4466    2.40233     66.062    33.8163    26.4251 -9.990e-29
 158.583837     66.709  34.638882     7.4446    2.40032     66.142    33.8176    26.4264 -9.990e-29
 158.583843     66.785  34.638025     7.4422    2.40287     66.217    33.8190    26.4278 -9.990e-29
 158.583848     66.850  34.636855     7.4409    2.39748     66.281    33.8189    26.4280 -9.990e-29
 158.583854     66.904  34.636611     7.4417    2.39995     66.335    33.8179    26.4270 -9.990e-29
 158.583860     66.945  34.637523     7.4434    2.40423     66.376    33.8172    26.4263 -9.990e-29
 158.583866     66.969  34.638003     7.4451    2.40107     66.399    33.8160    26.4251 -9.990e-29
 158.583872     66.980  34.637565     7.4457    2.40661     66.410    33.8150    26.4242 -9.990e-29
 158.583877     67.004  34.636745     7.4443    2.40707     66.434    33.8154    26.4248 -9.990e-29
 158.583883     67.070  34.635569     7.4428    2.39520     66.499    33.8156    26.4251 -9.990e-29
 158.583889     67.189  34.634710     7.4420    2.39590     66.617    33.8154    26.4250 -9.990e-29
 158.583895     67.366  34.634703     7.4408    2.40363     66.793    33.8165    26.4261 0.0000e+00
 158.583900     67.593  34.634976     7.4390    2.40868     67.018    33.8184    26.4278 0.0000e+00
 158.583906     67.861  34.635328     7.4371    2.40846     67.284    33.8205    26.4298 0.0000e+00
 158.583912     68.160  34.635663     7.4353    2.39888     67.580    33.8225    26.4316 0.0000e+00
 158.583918     68.479  34.635862     7.4346    2.40135     67.896    33.8232    26.4323 0.0000e+00
 158.583924     68.814  34.636185     7.4341    2.39029     68.228    33.8239    26.4329 0.0000e+00
 158.583929     69.172  34.635937     7.4323    2.39216     68.583    33.8252    26.4342 0.0000e+00
 158.583935     69.560  34.634784     7.4304    2.40141     68.968    33.8256    26.4348 0.0000e+00
 158.583941     69.972  34.633986     7.4294    2.38877     69.376    33.8255    26.4349 0.0000e+00
 158.583947     70.400  34.634158     7.4292    2.39283     69.801    33.8257    26.4350 0.0000e+00
 158.583953     70.837  34.634962     7.4299    2.39822     70.234    33.8257    26.4349 0.0000e+00
 158.583958     71.278  34.636342     7.4311    2.40115     70.671    33.8258    26.4348 0.0000e+00
 158.583964     71.715  34.637891     7.4321    2.40799     71.104    33.8263    26.4351 0.0000e+00
 158.583970     72.142  34.638867     7.4329    2.40662     71.527    33.8264    26.4350 0.0000e+00
 158.583976     72.562  34.639443     7.4336    2.40340     71.944    33.8261    26.4347 0.0000e+00
 158.583981     72.983  34.640384     7.4340    2.39649     72.361    33.8265    26.4350 0.0000e+00
 158.583987     73.407  34.641822     7.4344    2.40225     72.781    33.8275    26.4357 0.0000e+00
 158.583993     73.830  34.642866     7.4348    2.40440     73.201    33.8280    26.4361 0.0000e+00
 158.583999     74.255  34.643221     7.4350    2.40602     73.622    33.8280    26.4361 0.0000e+00
 158.584005     74.678  34.643355     7.4351    2.40091     74.041    33.8279    26.4359 0.0000e+00
 158.584010     75.096  34.643443     7.4351    2.40295     74.456    33.8278    26.4359 0.0000e+00
 158.584016     75.510  34.643596     7.4352    2.39807     74.866    33.8276    26.4358 0.0000e+00
 158.584022     75.917  34.644015     7.4353    2.39832     75.270    33.8278    26.4359 0.0000e+00
 158.584028     76.303  34.644692     7.4354    2.40762     75.652    33.8282    26.4362 0.0000e+00
 158.584034     76.652  34.645403     7.4354    2.40835     75.998    33.8288    26.4367 0.0000e+00
 158.584039     76.955  34.645968     7.4356    2.41237     76.299    33.8291    26.4369 0.0000e+00
 158.584045     77.227  34.646015     7.4361    2.40281     76.568    33.8285    26.4364 0.0000e+00
 158.584051     77.494  34.645605     7.4366    2.39757     76.833    33.8275    26.4355 0.0000e+00
 158.584057     77.777  34.645309     7.4367    2.39815     77.113    33.8269    26.4350 0.0000e+00
 158.584062     78.086  34.645290     7.4363    2.39923     77.420    33.8271    26.4353 0.0000e+00
 158.584068     78.419  34.645520     7.4355    2.40314     77.750    33.8280    26.4361 0.0000e+00
 158.584074     78.767  34.645740     7.4350    2.39608     78.095    33.8286    26.4366 0.0000e+00
 158.584080     79.114  34.645679     7.4351    2.40207     78.439    33.8282    26.4363 0.0000e+00
 158.584086     79.444  34.645811     7.4354    2.40359     78.766    33.8279    26.4360 0.0000e+00
 158.584091     79.743  34.646306     7.4357    2.39823     79.062    33.8280    26.4361 0.0000e+00
 158.584097     79.996  34.646696     7.4360    2.40519     79.313    33.8280    26.4360 0.0000e+00
 158.584103     80.191  34.646936     7.4364    2.39698     79.506    33.8278    26.4358 0.0000e+00
 158.584109     80.325  34.647341     7.4367    2.38931     79.639    33.8279    26.4358 -9.990e-29
 158.584115     80.412  34.647889     7.4370    2.40371     79.725    33.8282    26.4360 -9.990e-29
 158.584120     80.461  34.648186     7.4374    2.39830     79.774    33.8281    26.4359 -9.990e-29
 158.584126     80.477  34.648063     7.4376    2.39405     79.790    33.8277    26.4356 -9.990e-29
 158.584132     80.459  34.647915     7.4376    2.39983     79.772    33.8276    26.4354 -9.990e-29
 158.584138     80.403  34.648104     7.4375    2.40376     79.716    33.8279    26.4357 -9.990e-29
 158.584144     80.300  34.648319     7.4371    2.40221     79.614    33.8286    26.4363 -9.990e-29
 158.584149     80.153  34.648280     7.4367    2.40222     79.469    33.8290    26.4367 0.0000e+00
 158.584155     79.969  34.647934     7.4367    2.39704     79.286    33.8287    26.4365 0.0000e+00
 158.584161     79.754  34.647378     7.4369    2.39517     79.073    33.8280    26.4359 0.0000e+00
 158.584167     79.510  34.646990     7.4370    2.39833     78.831    33.8276    26.4355 0.0000e+00
 158.584172     79.241  34.646813     7.4370    2.39869     78.565    33.8276    26.4355 0.0000e+00
 158.584178     78.945  34.646609     7.4366    2.39861     78.271    33.8279    26.4358 0.0000e+00
 158.584184     78.621  34.646104     7.4361    2.40651     77.950    33.8280    26.4359 0.0000e+00
 158.584190     78.269  34.645184     7.4357    2.40059     77.601    33.8275    26.4356 0.0000e+00
 158.584196     77.898  34.644303     7.4353    2.39225     77.233    33.8271    26.4354 0.0000e+00
 158.584201     77.517  34.643966     7.4350    2.39594     76.856    33.8273    26.4355 0.0000e+00
 158.584207     77.133  34.643725     7.4351    2.39585     76.475    33.8271    26.4354 0.0000e+00
 158.584213     76.742  34.643257     7.4353    2.39440     76.087    33.8266    26.4349 0.0000e+00
 158.584219     76.340  34.643058     7.4353    2.40820     75.689    33.8265    26.4349 0.0000e+00
 158.584225     75.933  34.642860     7.4352    2.40869     75.285    33.8266    26.4350 0.0000e+00
 158.584230     75.529  34.642214     7.4350    2.39579     74.885    33.8263    26.4347 0.0000e+00
 158.584236     75.130  34.641379     7.4346    2.39230     74.489    33.8260    26.4345 0.0000e+00
 158.584242     74.739  34.640744     7.4346    2.39236     74.102    33.8255    26.4341 0.0000e+00
 158.584248     74.356  34.640589     7.4349    2.39763     73.722    33.8252    26.4339 0.0000e+00
 158.584253     73.976  34.640526     7.4347    2.40416     73.345    33.8255    26.4341 0.0000e+00
 158.584259     73.590  34.639916     7.4337    2.40236     72.963    33.8260    26.4347 0.0000e+00
 158.584265     73.186  34.638510     7.4322    2.38471     72.562    33.8262    26.4350 0.0000e+00
 158.584271     72.763  34.636120     7.4306    2.38878     72.143    33.8253    26.4346 0.0000e+00
 158.584277     72.334  34.633489     7.4294    2.37519     71.718    33.8239    26.4336 0.0000e+00
 158.584282     71.908  34.632162     7.4289    2.39044     71.295    33.8231    26.4330 0.0000e+00
 158.584288     71.485  34.632059     7.4288    2.40576     70.876    33.8233    26.4332 0.0000e+00
 158.584294     71.055  34.631925     7.4287    2.39273     70.450    33.8235    26.4333 0.0000e+00
 158.584300     70.617  34.631588     7.4287    2.38441     70.016    33.8233    26.4332 0.0000e+00
 158.584306     70.184  34.631166     7.4289    2.38922     69.586    33.8229    26.4328 0.0000e+00
 158.584311     69.772  34.630662     7.4289    2.38591     69.178    33.8225    26.4325 0.0000e+00
 158.584317     69.381  34.630534     7.4288    2.39174     68.790    33.8227    26.4327 0.0000e+00
 158.584323     68.994  34.630615     7.4291    2.40481     68.407    33.8226    26.4326 0.0000e+00
 158.584329     68.587  34.630458     7.4298    2.38902     68.003    33.8220    26.4320 0.0000e+00
 158.584334     68.142  34.630419     7.4308    2.38632     67.562    33.8212    26.4312 0.0000e+00
 158.584340     67.661  34.630450     7.4326    2.38922     67.085    33.8197    26.4298 0.0000e+00
 158.584346     67.170  34.630038     7.4347    2.39402     66.599    33.8174    26.4277 0.0000e+00
 158.584352     66.691  34.629205     7.4367    2.39428     66.124    33.8148    26.4253 0.0000e+00
 158.584358     66.229  34.628528     7.4395    2.40286     65.666    33.8116    26.4224 0.0000e+00
 158.584363     65.784  34.628793     7.4461    2.39989     65.225    33.8056    26.4168 0.0000e+00
 158.584369     65.359  34.630360     7.4574    2.41966     64.803    33.7965    26.4080 0.0000e+00
 158.584375     64.946  34.633642     7.4687    2.45853     64.394    33.7893    26.4007 0.0000e+00
 158.584381     64.542  34.637976     7.4824    2.48119     63.993    33.7808    26.3921 0.0000e+00
 158.584387     64.142  34.644103     7.5054    2.51355     63.597    33.7653    26.3766 0.0000e+00
 158.584392     63.734  34.654595     7.5336    2.54407     63.192    33.7494    26.3601 0.0000e+00
 158.584398     63.308  34.667190     7.5758    2.57922     62.770    33.7222    26.3327 0.0000e+00
 158.584404     62.867  34.688599     7.6419    2.62725     62.333    33.6815    26.2913 0.0000e+00
 158.584410     62.419  34.725511     7.7048    2.66940     61.889    33.6606    26.2658 0.0000e+00
 158.584416     61.967  34.759882     7.7389    2.69372     61.441    33.6649    26.2643 0.0000e+00
 158.584421     61.518  34.776451     7.7499    2.72751     60.995    33.6723    26.2685 0.0000e+00
 158.584427     61.072  34.779949     7.7568    2.74855     60.553    33.6696    26.2654 0.0000e+00
