data/oxygen options/OCNMS/OCNMS2/raw_data/2005/CTD_CA90_062205faed.cnv
* Sea-Bird SBE19 Data File:
* FileName = C:\hypoxia CTD data\CA90_062205.hex
* Software Version 1.1.5
* Temperature SN = 2997
* Conductivity SN = 2997
* System UpLoad Time = Jun 22 2005 16:34:33
* SEACAT PROFILER V3.1c SN 2997   06/22/05  16:33:37.086
* strain gauge pressure sensor: S/N = 184829,  range = 3000 psia,  tc = 40
# nquan = 9                                 
# nvalues = 876                         
# units = specified
# name 0 = timeJ: Julian Days
# name 1 = prSM: Pressure, Strain Gauge [db]
# name 2 = c0mS/cm: Conductivity [mS/cm]
# name 3 = t090C: Temperature [ITS-90, deg C]
# name 4 = oxML/L: Oxygen, Beckman/YSI [ml/l]
# name 5 = depSM: Depth [salt water, m], lat = 47.5
# name 6 = sal00: Salinity, Practical [PSU]
# name 7 = sigma-é00: Density [sigma-theta, kg/m^3]
# name 8 = flag: flag
# span 0 = 173.618125, 173.623189       
# span 1 =     -0.513,     91.272       
# span 2 =   0.606097,  38.107893       
# span 3 =     7.6672,    13.9647       
# span 4 =   -0.11971,   26.54810       
# span 5 =     -0.509,     90.490       
# span 6 =     0.3794,    33.7228       
# span 7 =    -0.4377,    26.3205       
# span 8 = 0.0000e+00, 0.0000e+00       
# interval = seconds: 0.5
# start_time = Jun 22 2005 14:50:06 [Instrument's time stamp, header]
# bad_flag = -9.990e-29
*END*
[from data line 801]
 173.622760     29.374  35.469445    10.0521    5.31100     29.127    32.2717    24.8141 0.0000e+00
 173.622766     28.810  35.482801    10.0962    5.26359     28.568    32.2461    24.7869 0.0000e+00
 173.622772     28.249  35.491718    10.1214    5.28465     28.011    32.2329    24.7724 0.0000e+00
 173.622778     27.717  35.496886    10.1381    5.34475     27.484    32.2235    24.7622 0.0000e+00
 173.622784     27.221  35.505212    10.1611    5.40524     26.992    32.2117    24.7491 0.0000e+00
 173.622789     26.756  35.518271    10.1936    5.44817     26.531    32.1961    24.7316 0.0000e+00
 173.622795     26.310  35.536660    10.2445    5.47173     26.089    32.1697    24.7024 0.0000e+00
 173.622801     25.870  35.565283    10.3296    5.46243     25.652    32.1233    24.6519 0.0000e+00
 173.622807     25.427  35.614276    10.4359    5.44813     25.213    32.0787    24.5993 0.0000e+00
 173.622813     24.972  35.672726    10.5301    5.42367     24.762    32.0544    24.5643 0.0000e+00
 173.622818     24.509  35.716549    10.6010    5.43731     24.303    32.0360    24.5379 0.0000e+00
 173.622824     24.040  35.740848    10.6592    5.47925     23.838    32.0093    24.5071 0.0000e+00
 173.622830     23.570  35.757297    10.7119    5.55472     23.372    31.9797    24.4750 0.0000e+00
 173.622836     23.100  35.776066    10.7564    5.60455     22.906    31.9597    24.4517 0.0000e+00
 173.622841     22.625  35.794161    10.7966    5.61712     22.435    31.9427    24.4316 0.0000e+00
 173.622847     22.137  35.807124    10.8667    5.61109     21.951    31.8947    24.3820 0.0000e+00
 173.622853     21.625  35.829445    10.9767    5.56888     21.443    31.8214    24.3059 0.0000e+00
 173.622859     21.091  35.853889    11.0637    5.54215     20.914    31.7704    24.2510 0.0000e+00
 173.622865     20.548  35.839052    11.0883    5.53133     20.375    31.7348    24.2189 0.0000e+00
 173.622870     20.013  35.788729    11.0727    5.52424     19.845    31.6990    24.1938 0.0000e+00
 173.622876     19.491  35.732836    11.0362    5.52041     19.327    31.6756    24.1820 0.0000e+00
 173.622882     18.969  35.663571    10.9891    5.51176     18.810    31.6482    24.1689 0.0000e+00
 173.622888     18.444  35.580523    10.9519    5.50584     18.289    31.5985    24.1367 0.0000e+00
 173.622894     17.934  35.517039    10.9345    5.51009     17.784    31.5511    24.1028 0.0000e+00
 173.622899     17.458  35.489379    10.9291    5.50572     17.312    31.5286    24.0863 0.0000e+00
 173.622905     17.016  35.481965    10.9277    5.51345     16.873    31.5227    24.0819 0.0000e+00
 173.622911     16.587  35.479867    10.9278    5.51332     16.448    31.5207    24.0804 0.0000e+00
 173.622917     16.149  35.479169    10.9293    5.50766     16.014    31.5189    24.0787 0.0000e+00
 173.622922     15.687  35.480064    10.9332    5.46797     15.555    31.5167    24.0762 0.0000e+00
 173.622928     15.193  35.483184    10.9382    5.34650     15.066    31.5156    24.0746 0.0000e+00
 173.622934     14.673  35.487086    10.9433    5.29840     14.550    31.5153    24.0734 0.0000e+00
 173.622940     14.147  35.490810    10.9513    5.33012     14.028    31.5123    24.0697 0.0000e+00
 173.622946     13.627  35.498205    10.9665    5.52423     13.513    31.5068    24.0627 0.0000e+00
 173.622951     13.127  35.514649    10.9896    5.82463     13.017    31.5034    24.0561 0.0000e+00
 173.622957     12.659  35.541331    11.0160    6.10802     12.553    31.5072    24.0544 0.0000e+00
 173.622963     12.218  35.565057    11.0630    6.34119     12.116    31.4905    24.0332 0.0000e+00
 173.622969     11.788  35.593924    11.2113    6.57730     11.689    31.3923    23.9309 0.0000e+00
 173.622975     11.352  35.706230    11.5914    6.82047     11.257    31.1802    23.6985 0.0000e+00
 173.622980     10.898  36.045548    12.1542    7.09826     10.807    31.0371    23.4850 0.0000e+00
 173.622986     10.433  36.557457    12.6162    7.37216     10.346    31.1418    23.4796 0.0000e+00
 173.622992      9.963  36.939436    12.8543    7.56937      9.880    31.3058    23.5611 0.0000e+00
 173.622998      9.491  37.112177    12.9928    7.68974      9.412    31.3539    23.5716 0.0000e+00
 173.623003      9.011  37.231511    13.1374    7.71040      8.936    31.3465    23.5377 0.0000e+00
 173.623009      8.526  37.369094    13.2968    7.66499      8.455    31.3439    23.5044 0.0000e+00
 173.623015      8.050  37.502255    13.4433    7.61608      7.983    31.3476    23.4784 0.0000e+00
 173.623021      7.584  37.613515    13.5545    7.56826      7.521    31.3598    23.4657 0.0000e+00
 173.623027      7.131  37.699460    13.6184    7.53308      7.071    31.3873    23.4741 0.0000e+00
 173.623032      6.687  37.746184    13.6393    7.50960      6.631    31.4136    23.4902 0.0000e+00
 173.623038      6.236  37.756695    13.6456    7.47277      6.184    31.4183    23.4926 0.0000e+00
 173.623044      5.771  37.760720    13.6620    7.40841      5.723    31.4087    23.4819 0.0000e+00
 173.623050      5.300  37.778772    13.6879    7.32908      5.256    31.4044    23.4734 0.0000e+00
 173.623056      4.838  37.806317    13.7199    7.21275      4.798    31.4038    23.4665 0.0000e+00
 173.623061      4.396  37.841394    13.7509    7.01964      4.359    31.4110    23.4658 0.0000e+00
 173.623067      3.985  37.875817    13.7677    6.89216      3.952    31.4291    23.4764 0.0000e+00
 173.623073      3.609  37.894363    13.7736    6.73048      3.579    31.4416    23.4848 0.0000e+00
 173.623079      3.269  37.904381    13.7785    6.57138      3.242    31.4469    23.4879 0.0000e+00
 173.623084      2.971  37.915308    13.7782    6.44657      2.946    31.4574    23.4961 0.0000e+00
 173.623090      2.715  37.913673    13.7648    6.25069      2.692    31.4670    23.5061 0.0000e+00
 173.623096      2.503  37.893372    13.7389    7.23993      2.482    31.4696    23.5134 0.0000e+00
 173.623102      2.335  37.867159    13.7078    7.19457      2.315    31.4709    23.5207 0.0000e+00
 173.623108      2.203  37.843827    13.6796    7.21855      2.185    31.4726    23.5276 -9.990e-29
 173.623113      2.099  37.818060    13.6533    7.30529      2.081    31.4704    23.5312 -9.990e-29
 173.623119      2.018  37.780173    13.6205    7.41342      2.001    31.4623    23.5315 -9.990e-29
 173.623125      1.953  37.716661    13.5785    7.43230      1.937    31.4380    23.5211 -9.990e-29
 173.623131      1.900  37.589386    13.5334    7.49273      1.884    31.3570    23.4675 -9.990e-29
 173.623137      1.857  37.284164    13.4932 -9.990e-29      1.841    31.1066    23.2821 -9.990e-29
 173.623142      1.820  36.443936    13.4601 -9.990e-29      1.805    30.3548    22.7079 -9.990e-29
 173.623148      1.791  33.987089    13.4324 -9.990e-29      1.776    28.1137    20.9830 -9.990e-29
 173.623154      1.773  26.679318    13.4109 -9.990e-29      1.758    21.5374    15.9180 -9.990e-29
 173.623160      1.760  15.570327    13.3981 -9.990e-29      1.745    11.9687     8.5588 -9.990e-29
 173.623166      1.747   7.810690    13.3922 -9.990e-29      1.732     5.6854     3.7245 -9.990e-29
 173.623171      1.738   4.888874    13.3889 -9.990e-29      1.723     3.4443     1.9968 -9.990e-29
 173.623177      1.737   3.839385    13.3867 -9.990e-29      1.722     2.6633     1.3938 -9.990e-29
 173.623183      1.738   3.719533    13.3859 -9.990e-29      1.723     2.5751     1.3258 -9.990e-29
 173.623189      1.739   4.021606 -9.990e-29 -9.990e-29      1.724 -9.990e-29 -9.990e-29 -9.990e-29
