data/oxygen options/OCNMS/OCNMS2/raw_data/2005/CTD_CA40_052405faed.cnv
* Sea-Bird SBE19 Data File:
* FileName = C:\Documents and Settings\kirner.PTANGELES\Desktop\hypoxia CTD data\CA40_052405.hex
* Software Version 1.1.5
* Temperature SN = 2997
* Conductivity SN = 2997
* System UpLoad Time = May 24 2005 15:24:44
* SEACAT PROFILER V3.1c SN 2997   05/24/05  15:23:55.282
* strain gauge pressure sensor: S/N = 184829,  range = 3000 psia,  tc = 40
# nquan = 9                                 
# nvalues = 611                         
# units = specified
# name 0 = timeJ: Julian Days
# name 1 = prSM: Pressure, Strain Gauge [db]
# name 2 = c0mS/cm: Conductivity [mS/cm]
# name 3 = t090C: Temperature [ITS-90, deg C]
# name 4 = oxML/L: Oxygen, Beckman/YSI [ml/l]
# name 5 = depSM: Depth [salt water, m], lat = 47.5
# name 6 = sal00: Salinity, Practical [PSU]
# name 7 = sigma-é00: Density [sigma-theta, kg/m^3]
# name 8 = flag: flag
# span 0 = 144.553206, 144.556736       
# span 1 =     -3.230,     44.724       
# span 2 =   0.222343,  36.133111       
# span 3 =    11.0576,    14.3695       
# span 4 =   -0.10031,   26.59446       
# span 5 =     -3.203,     44.346       
# span 6 =     0.1374,    31.9631       
# span 7 =    -0.5629,    24.4023       
# span 8 = 0.0000e+00, 0.0000e+00       
# interval = seconds: 0.5
# start_time = May 24 2005 13:16:37 [Instrument's time stamp, header]
# bad_flag = -9.990e-29
*END*
[from data line 321]
 144.555064      2.044  33.547552    14.3368    6.10990      2.027    27.0677    20.0003 -9.990e-29
 144.555069      2.059  33.555266    14.3355    6.10234      2.042    27.0755    20.0066 -9.990e-29
 144.555075      2.072  33.556971    14.3352    6.08851      2.055    27.0772    20.0080 -9.990e-29
 144.555081      2.079  33.557189    14.3360    6.08654      2.062    27.0768    20.0075 -9.990e-29
 144.555087      2.085  33.557336    14.3364    6.10166      2.068    27.0767    20.0074 -9.990e-29
 144.555093      2.095  33.557054    14.3356    6.11364      2.078    27.0770    20.0077 -9.990e-29
 144.555098      2.105  33.555974    14.3347    6.10801      2.087    27.0766    20.0077 -9.990e-29
 144.555104      2.107  33.554902    14.3343    6.08873      2.089    27.0760    20.0072 -9.990e-29
 144.555110      2.102  33.554658    14.3339    6.07853      2.084    27.0760    20.0073 -9.990e-29
 144.555116      2.098  33.554920    14.3328    6.08815      2.080    27.0770    20.0083 -9.990e-29
 144.555122      2.098  33.554925    14.3296    6.10396      2.080    27.0793    20.0107 -9.990e-29
 144.555127      2.103  33.553565    14.3234    6.10344      2.085    27.0824    20.0143 -9.990e-29
 144.555133      2.112  33.550153    14.3162    6.09866      2.094    27.0844    20.0173 -9.990e-29
 144.555139      2.128  33.546311    14.3115    6.09801      2.110    27.0842    20.0181 -9.990e-29
 144.555145      2.145  33.544206    14.3096    6.10134      2.127    27.0836    20.0180 -9.990e-29
 144.555150      2.157  33.543278    14.3087    6.10193      2.139    27.0834    20.0181 -9.990e-29
 144.555156      2.165  33.542294    14.3094    6.09764      2.147    27.0821    20.0169 -9.990e-29
 144.555162      2.174  33.542190    14.3123    6.10586      2.156    27.0799    20.0147 -9.990e-29
 144.555168      2.179  33.543393    14.3155    6.09813      2.161    27.0788    20.0131 -9.990e-29
 144.555174      2.180  33.544713    14.3172    6.09330      2.162    27.0788    20.0128 -9.990e-29
 144.555179      2.188  33.545113    14.3172    6.09553      2.170    27.0791    20.0131 -9.990e-29
 144.555185      2.201  33.544572    14.3161    6.08809      2.183    27.0794    20.0135 -9.990e-29
 144.555191      2.213  33.544059    14.3130    6.10474      2.195    27.0811    20.0154 -9.990e-29
 144.555197      2.220  33.543454    14.3074    6.11300      2.201    27.0845    20.0191 -9.990e-29
 144.555203      2.222  33.541397    14.3045    6.09676      2.203    27.0847    20.0198 -9.990e-29
 144.555208      2.219  33.539632    14.3078    6.09363      2.200    27.0808    20.0162 -9.990e-29
 144.555214      2.212  33.540856    14.3135    6.08271      2.194    27.0779    20.0129 -9.990e-29
 144.555220      2.204  33.543344    14.3171    6.08455      2.186    27.0776    20.0119 -9.990e-29
 144.555226      2.202  33.544815    14.3177    6.09481      2.184    27.0785    20.0125 -9.990e-29
 144.555231      2.208  33.544999    14.3166    6.09820      2.190    27.0794    20.0134 -9.990e-29
 144.555237      2.213  33.544147    14.3154    6.10027      2.195    27.0795    20.0137 -9.990e-29
 144.555243      2.212  33.542807    14.3152    6.09294      2.194    27.0785    20.0129 -9.990e-29
 144.555249      2.206  33.542001    14.3160    6.08455      2.188    27.0772    20.0118 -9.990e-29
 144.555255      2.199  33.542343    14.3167    6.08265      2.181    27.0770    20.0115 -9.990e-29
 144.555260      2.199  33.542612    14.3163    6.08979      2.181    27.0775    20.0120 -9.990e-29
 144.555266      2.210  33.542054    14.3155    6.10442      2.192    27.0776    20.0122 -9.990e-29
 144.555272      2.228  33.541613    14.3154    6.10372      2.209    27.0772    20.0120 -9.990e-29
 144.555278      2.242  33.541826    14.3165    6.08949      2.223    27.0767    20.0113 -9.990e-29
 144.555284      2.248  33.542422    14.3184    6.07663      2.229    27.0759    20.0103 -9.990e-29
 144.555289      2.256  33.543081    14.3193    6.08235      2.237    27.0758    20.0101 -9.990e-29
 144.555295      2.266  33.543570    14.3187    6.09942      2.247    27.0767    20.0109 -9.990e-29
 144.555301      2.274  33.543425    14.3186    6.10346      2.255    27.0766    20.0109 -9.990e-29
 144.555307      2.280  33.543018    14.3206    6.09443      2.261    27.0748    20.0091 -9.990e-29
 144.555313      2.286  33.543494    14.3241    6.08800      2.267    27.0728    20.0068 -9.990e-29
 144.555318      2.291  33.545120    14.3272    6.08286      2.272    27.0721    20.0057 -9.990e-29
 144.555324      2.296  33.547262    14.3292    6.09176      2.277    27.0726    20.0057 -9.990e-29
 144.555330      2.301  33.549037    14.3306    6.09441      2.282    27.0732    20.0059 -9.990e-29
 144.555336      2.307  33.550003    14.3325    6.09593      2.288    27.0728    20.0051 -9.990e-29
 144.555341      2.314  33.550506    14.3350    6.09783      2.295    27.0715    20.0036 -9.990e-29
 144.555347      2.321  33.551206    14.3381    6.09153      2.302    27.0699    20.0018 -9.990e-29
 144.555353      2.331  33.552468    14.3418    6.08635      2.312    27.0685    20.0000 -9.990e-29
 144.555359      2.339  33.554285    14.3450    6.08281      2.319    27.0679    19.9989 -9.990e-29
 144.555365      2.340  33.555709    14.3465    6.08675      2.320    27.0681    19.9987 -9.990e-29
 144.555370      2.337  33.555828    14.3466    6.09988      2.317    27.0681    19.9987 -9.990e-29
 144.555376      2.327  33.555353    14.3459    6.10197      2.308    27.0682    19.9989 -9.990e-29
 144.555382      2.316  33.554763    14.3446    6.09850      2.297    27.0686    19.9995 -9.990e-29
 144.555388      2.305  33.553825    14.3440    6.08415      2.286    27.0682    19.9993 -9.990e-29
 144.555394      2.300  33.553520    14.3452    6.08494      2.281    27.0670    19.9982 -9.990e-29
 144.555399      2.308  33.554553    14.3470    6.08959      2.289    27.0667    19.9976 -9.990e-29
 144.555405      2.330  33.555492    14.3480    6.09732      2.311    27.0668    19.9975 -9.990e-29
 144.555411      2.354  33.555339    14.3481    6.09551      2.334    27.0666    19.9973 -9.990e-29
 144.555417      2.369  33.555003    14.3482    6.09251      2.349    27.0663    19.9970 -9.990e-29
 144.555422      2.376  33.555147    14.3480    6.08436      2.356    27.0665    19.9972 -9.990e-29
 144.555428      2.393  33.554834    14.3474    6.08195      2.373    27.0667    19.9975 -9.990e-29
 144.555434      2.432  33.554199    14.3464    6.07649      2.412    27.0668    19.9978 -9.990e-29
 144.555440      2.489  33.554066    14.3416    6.09018      2.468    27.0700    20.0012 -9.990e-29
 144.555446      2.555  33.552570    14.3328    6.11432      2.534    27.0748    20.0066 -9.990e-29
 144.555451      2.624  33.549388    14.3258    6.11703      2.602    27.0768    20.0096 -9.990e-29
 144.555457      2.697  33.546992    14.3242    6.13976      2.674    27.0757    20.0091 -9.990e-29
 144.555463      2.779  33.546660    14.3268    6.14266      2.756    27.0736    20.0069 -9.990e-29
 144.555469      2.874  33.547940    14.3294    6.12067      2.850    27.0729    20.0059 -9.990e-29
 144.555475      2.989  33.549166    14.3286    6.04455      2.964    27.0745    20.0073 -9.990e-29
 144.555480      3.136  33.549164    14.3195    5.91897      3.110    27.0808    20.0139 0.0000e+00
 144.555486      3.328  33.546801    14.2915    5.85679      3.300    27.0982    20.0329 0.0000e+00
 144.555492      3.564  33.540602    14.2335    5.84352      3.534    27.1332    20.0713 0.0000e+00
 144.555498      3.833  33.532939    14.1373    5.83346      3.801    27.1938    20.1370 0.0000e+00
 144.555503      4.133  33.534877    13.9846    5.78450      4.098    27.3033    20.2513 0.0000e+00
 144.555509      4.459  33.570839    13.7784    5.66484      4.422    27.4824    20.4295 0.0000e+00
 144.555515      4.804  33.680907    13.5916    5.56016      4.764    27.7167    20.6462 0.0000e+00
 144.555521      5.154  33.833582    13.4756    5.52765      5.111    27.9403    20.8410 0.0000e+00
 144.555527      5.507  33.951595    13.3598    5.55810      5.461    28.1333    21.0121 0.0000e+00
 144.555532      5.877  34.127245    13.1624    5.62909      5.828    28.4414    21.2876 0.0000e+00
 144.555538      6.274  34.510077    12.9268    5.66394      6.222    28.9743    21.7440 0.0000e+00
 144.555544      6.689  34.987775    12.7443    5.70399      6.633    29.5615    22.2323 0.0000e+00
 144.555550      7.114  35.329497    12.6345    5.72943      7.055    29.9689    22.5682 0.0000e+00
 144.555556      7.556  35.506476    12.5660    5.74586      7.493    30.1903    22.7523 0.0000e+00
 144.555561      8.016  35.608883    12.5118    5.79249      7.949    30.3304    22.8710 0.0000e+00
 144.555567      8.490  35.692505    12.4629    5.80348      8.419    30.4489    22.9719 0.0000e+00
 144.555573      8.974  35.772388    12.4230    5.80966      8.899    30.5568    23.0629 0.0000e+00
 144.555579      9.459  35.834483    12.3951    5.81741      9.380    30.6383    23.1312 0.0000e+00
 144.555584      9.944  35.872419    12.3760    5.81844      9.861    30.6897    23.1746 0.0000e+00
 144.555590     10.433  35.892468    12.3618    5.82740     10.346    30.7202    23.2009 0.0000e+00
 144.555596     10.926  35.903407    12.3504    5.82627     10.835    30.7397    23.2182 0.0000e+00
 144.555602     11.418  35.912518    12.3415    5.81398     11.322    30.7555    23.2321 0.0000e+00
 144.555608     11.901  35.922405    12.3350    5.80797     11.801    30.7700    23.2445 0.0000e+00
 144.555613     12.380  35.932217    12.3257    5.80525     12.276    30.7868    23.2593 0.0000e+00
 144.555619     12.864  35.941569    12.3076    5.80668     12.756    30.8104    23.2809 0.0000e+00
 144.555625     13.358  35.957313    12.2825    5.81520     13.246    30.8458    23.3131 0.0000e+00
 144.555631     13.868  35.981927    12.2588    5.83061     13.752    30.8886    23.3506 0.0000e+00
 144.555637     14.384  36.004482    12.2424    5.82853     14.263    30.9235    23.3807 0.0000e+00
 144.555642     14.888  36.017468    12.2319    5.83443     14.763    30.9443    23.3988 0.0000e+00
 144.555648     15.381  36.024166    12.2231    5.82897     15.252    30.9578    23.4109 0.0000e+00
 144.555654     15.874  36.029568    12.2131    5.82052     15.741    30.9710    23.4230 0.0000e+00
 144.555660     16.372  36.035821    12.2012    5.81082     16.235    30.9867    23.4373 0.0000e+00
 144.555666     16.872  36.043399    12.1885    5.79299     16.731    31.0042    23.4533 0.0000e+00
 144.555671     17.365  36.052301    12.1745    5.77757     17.219    31.0241    23.4714 0.0000e+00
 144.555677     17.842  36.062045    12.1494    5.76438     17.692    31.0541    23.4992 0.0000e+00
 144.555683     18.305  36.075519    12.1054    5.73200     18.151    31.1034    23.5456 0.0000e+00
 144.555689     18.762  36.093855    12.0586    5.69696     18.605    31.1598    23.5979 0.0000e+00
 144.555694     19.219  36.108967    12.0229    5.66331     19.058    31.2039    23.6387 0.0000e+00
 144.555700     19.681  36.116315    11.9905    5.63403     19.516    31.2379    23.6711 0.0000e+00
 144.555706     20.146  36.120067    11.9491    5.60691     19.977    31.2760    23.7082 0.0000e+00
 144.555712     20.611  36.124650    11.8974    5.58293     20.438    31.3236    23.7547 0.0000e+00
 144.555718     21.076  36.129994    11.8404    5.55664     20.899    31.3766    23.8062 0.0000e+00
 144.555723     21.539  36.133111    11.7835    5.53542     21.358    31.4274    23.8560 0.0000e+00
 144.555729     22.000  36.133093    11.7364    5.52325     21.815    31.4671    23.8953 0.0000e+00
 144.555735     22.463  36.130455    11.7028    5.51303     22.274    31.4928    23.9214 0.0000e+00
 144.555741     22.932  36.126704    11.6781    5.50344     22.739    31.5100    23.9392 0.0000e+00
 144.555747     23.411  36.123549    11.6585    5.50333     23.214    31.5233    23.9531 0.0000e+00
 144.555752     23.896  36.121250    11.6411    5.49562     23.695    31.5357    23.9659 0.0000e+00
 144.555758     24.376  36.119532    11.6247    5.51416     24.171    31.5478    23.9782 0.0000e+00
 144.555764     24.846  36.118333    11.6077    5.49414     24.637    31.5609    23.9915 0.0000e+00
 144.555770     25.316  36.117721    11.5877    5.47901     25.103    31.5771    24.0077 0.0000e+00
 144.555775     25.794  36.117429    11.5639    5.48500     25.577    31.5969    24.0274 0.0000e+00
 144.555781     26.280  36.117052    11.5384    5.48787     26.059    31.6181    24.0485 0.0000e+00
 144.555787     26.776  36.116636    11.5138    5.50471     26.551    31.6385    24.0687 0.0000e+00
 144.555793     27.278  36.116731    11.4919    5.50916     27.049    31.6571    24.0871 0.0000e+00
 144.555799     27.763  36.117445    11.4766    5.48402     27.529    31.6707    24.1004 0.0000e+00
 144.555804     28.216  36.118594    11.4683    5.46683     27.979    31.6788    24.1082 0.0000e+00
 144.555810     28.656  36.118889    11.4573    5.45211     28.415    31.6883    24.1176 0.0000e+00
 144.555816     29.107  36.117027    11.4345    5.42387     28.862    31.7058    24.1353 0.0000e+00
 144.555822     29.572  36.114442    11.4041    5.41687     29.323    31.7292    24.1589 0.0000e+00
 144.555828     30.047  36.112161    11.3774    5.41097     29.794    31.7497    24.1796 0.0000e+00
 144.555833     30.527  36.109932    11.3566    5.41662     30.270    31.7652    24.1954 0.0000e+00
 144.555839     31.008  36.108128    11.3355    5.41297     30.747    31.7814    24.2117 0.0000e+00
 144.555845     31.489  36.106569    11.3145    5.39637     31.224    31.7978    24.2282 0.0000e+00
 144.555851     31.968  36.104846    11.2989    5.37828     31.699    31.8093    24.2399 0.0000e+00
 144.555856     32.447  36.103448    11.2834    5.34495     32.174    31.8211    24.2519 0.0000e+00
 144.555862     32.926  36.101059    11.2578    5.31594     32.649    31.8407    24.2716 0.0000e+00
 144.555868     33.419  36.095599    11.2252    5.30157     33.137    31.8633    24.2950 0.0000e+00
 144.555874     33.935  36.088749    11.1933    5.29293     33.649    31.8839    24.3167 0.0000e+00
 144.555880     34.464  36.082574    11.1619    5.27253     34.174    31.9048    24.3385 0.0000e+00
 144.555885     34.998  36.076111    11.1321    5.26199     34.703    31.9241    24.3588 0.0000e+00
 144.555891     35.537  36.069136    11.1112    5.25262     35.237    31.9352    24.3710 0.0000e+00
 144.555897     36.076  36.064108    11.1011    5.25787     35.772    31.9387    24.3756 0.0000e+00
 144.555903     36.610  36.062152    11.0960    5.26448     36.301    31.9410    24.3783 0.0000e+00
 144.555909     37.137  36.061767    11.0902    5.26718     36.824    31.9455    24.3828 0.0000e+00
 144.555914     37.646  36.061305    11.0821    5.27011     37.328    31.9518    24.3892 0.0000e+00
 144.555920     38.135  36.060139    11.0744    5.27900     37.813    31.9572    24.3947 0.0000e+00
 144.555926     38.611  36.058383    11.0694    5.28076     38.285    31.9596    24.3975 0.0000e+00
 144.555932     39.077  36.056486    11.0667    5.27636     38.747    31.9599    24.3982 0.0000e+00
 144.555938     39.538  36.055270    11.0650    5.27099     39.204    31.9600    24.3986 0.0000e+00
 144.555943     39.998  36.054784    11.0633    5.25065     39.660    31.9608    24.3995 0.0000e+00
 144.555949     40.463  36.054369    11.0615    5.25519     40.121    31.9617    24.4006 0.0000e+00
 144.555955     40.939  36.054023    11.0602    5.26446     40.593    31.9623    24.4013 0.0000e+00
 144.555961     41.413  36.053831    11.0595    5.27625     41.063    31.9625    24.4016 0.0000e+00
 144.555966     41.872  36.053527    11.0587    5.28338     41.518    31.9628    24.4019 0.0000e+00
 144.555972     42.316  36.053251    11.0578    5.27581     41.959    31.9631    24.4023 0.0000e+00
 144.555978     42.742  36.053186    11.0576    5.27636     42.381    31.9630    24.4023 0.0000e+00
