data/oxygen options/OCNMS/OCNMS2/raw_data/2005/CTD_CA70_060705faed.cnv
* Sea-Bird SBE19 Data File:
* FileName = C:\hypoxia CTD data\CA70_060705.hex
* Software Version 1.1.5
* Temperature SN = 2997
* Conductivity SN = 2997
* System UpLoad Time = Jun 07 2005 15:29:15
* SEACAT PROFILER V3.1c SN 2997   06/07/05  15:28:16.866
* strain gauge pressure sensor: S/N = 184829,  range = 3000 psia,  tc = 40
# nquan = 9                                 
# nvalues = 728                         
# units = specified
# name 0 = timeJ: Julian Days
# name 1 = prSM: Pressure, Strain Gauge [db]
# name 2 = c0mS/cm: Conductivity [mS/cm]
# name 3 = t090C: Temperature [ITS-90, deg C]
# name 4 = oxML/L: Oxygen, Beckman/YSI [ml/l]
# name 5 = depSM: Depth [salt water, m], lat = 47.5
# name 6 = sal00: Salinity, Practical [PSU]
# name 7 = sigma-é00: Density [sigma-theta, kg/m^3]
# name 8 = flag: flag
# span 0 = 158.586979, 158.591186       
# span 1 =      1.721,     71.720       
# span 2 =   0.339913,  37.359503       
# span 3 =     7.5092,    13.2635       
# span 4 =   -0.10136,   28.22862       
# span 5 =      1.707,     71.109       
# span 6 =     0.2188,    33.8005       
# span 7 =    -0.3323,    26.4038       
# span 8 = 0.0000e+00, 0.0000e+00       
# interval = seconds: 0.5
# start_time = Jun 07 2005 14:05:15 [Instrument's time stamp, header]
# bad_flag = -9.990e-29
*END*
[from data line 321]
 158.588837      3.528  37.224012    13.1414    6.91882      3.499    31.3383    23.5305 -9.990e-29
 158.588843      3.531  37.223762    13.1423    6.90204      3.502    31.3374    23.5295 -9.990e-29
 158.588848      3.526  37.225683    13.1434    6.90820      3.497    31.3383    23.5300 -9.990e-29
 158.588854      3.515  37.227295    13.1431    6.92438      3.486    31.3400    23.5314 -9.990e-29
 158.588860      3.500  37.226827    13.1407    6.93970      3.471    31.3416    23.5331 -9.990e-29
 158.588866      3.490  37.223662    13.1372    6.93707      3.461    31.3415    23.5337 -9.990e-29
 158.588872      3.483  37.219196    13.1355    6.91754      3.454    31.3387    23.5319 -9.990e-29
 158.588877      3.475  37.217575    13.1366    6.90779      3.446    31.3363    23.5298 -9.990e-29
 158.588883      3.469  37.219449    13.1390    6.91674      3.440    31.3361    23.5292 -9.990e-29
 158.588889      3.470  37.221714    13.1424    6.92605      3.441    31.3354    23.5280 -9.990e-29
 158.588895      3.477  37.224595    13.1463    6.92451      3.448    31.3349    23.5268 -9.990e-29
 158.588900      3.487  37.228573    13.1485    6.91458      3.458    31.3368    23.5278 -9.990e-29
 158.588906      3.492  37.230549    13.1489    6.89575      3.463    31.3383    23.5289 -9.990e-29
 158.588912      3.492  37.230359    13.1499    6.90151      3.463    31.3373    23.5280 -9.990e-29
 158.588918      3.496  37.231122    13.1529    6.91656      3.467    31.3355    23.5260 -9.990e-29
 158.588924      3.503  37.234424    13.1563    6.91853      3.474    31.3358    23.5256 -9.990e-29
 158.588929      3.506  37.238507    13.1572    6.91508      3.477    31.3389    23.5278 -9.990e-29
 158.588935      3.501  37.239848    13.1557    6.90280      3.472    31.3414    23.5300 -9.990e-29
 158.588941      3.492  37.237999    13.1548    6.89228      3.463    31.3404    23.5294 -9.990e-29
 158.588947      3.486  37.236672    13.1565    6.89919      3.457    31.3377    23.5270 -9.990e-29
 158.588953      3.488  37.238589    13.1593    6.91043      3.459    31.3372    23.5261 -9.990e-29
 158.588958      3.493  37.241829    13.1610    6.90955      3.464    31.3389    23.5270 -9.990e-29
 158.588964      3.493  37.243427    13.1608    6.90944      3.464    31.3405    23.5283 -9.990e-29
 158.588970      3.489  37.242715    13.1597    6.89448      3.460    31.3408    23.5288 -9.990e-29
 158.588976      3.487  37.240995    13.1593    6.89099      3.458    31.3395    23.5278 -9.990e-29
 158.588981      3.494  37.240469    13.1605    6.90452      3.465    31.3380    23.5265 -9.990e-29
 158.588987      3.504  37.242123    13.1623    6.91435      3.475    31.3381    23.5262 -9.990e-29
 158.588993      3.510  37.244244    13.1626    6.91511      3.481    31.3398    23.5274 -9.990e-29
 158.588999      3.508  37.244618    13.1609    6.90351      3.479    31.3415    23.5291 -9.990e-29
 158.589005      3.502  37.243190    13.1589    6.89110      3.473    31.3419    23.5298 -9.990e-29
 158.589010      3.500  37.241429    13.1585    6.88645      3.471    31.3405    23.5288 -9.990e-29
 158.589016      3.507  37.240919    13.1594    6.90245      3.478    31.3393    23.5277 -9.990e-29
 158.589022      3.519  37.241548    13.1601    6.91975      3.490    31.3393    23.5276 -9.990e-29
 158.589028      3.527  37.241918    13.1602    6.91828      3.498    31.3396    23.5277 -9.990e-29
 158.589034      3.528  37.241967    13.1603    6.90848      3.499    31.3395    23.5277 -9.990e-29
 158.589039      3.522  37.242329    13.1610    6.89321      3.493    31.3393    23.5274 -9.990e-29
 158.589045      3.518  37.242931    13.1627    6.87740      3.489    31.3385    23.5264 -9.990e-29
 158.589051      3.527  37.244584    13.1664    6.89494      3.498    31.3370    23.5245 -9.990e-29
 158.589057      3.547  37.248378    13.1708    6.90778      3.517    31.3369    23.5236 -9.990e-29
 158.589063      3.561  37.252649    13.1729    6.89722      3.531    31.3391    23.5249 -9.990e-29
 158.589068      3.561  37.254126    13.1719    6.89496      3.531    31.3413    23.5268 -9.990e-29
 158.589074      3.553  37.251980    13.1713    6.89195      3.523    31.3398    23.5258 -9.990e-29
 158.589080      3.548  37.249527    13.1738    6.89953      3.518    31.3355    23.5219 -9.990e-29
 158.589086      3.558  37.250234    13.1781    6.90119      3.528    31.3326    23.5188 -9.990e-29
 158.589091      3.577  37.253742    13.1813    6.89335      3.547    31.3332    23.5187 -9.990e-29
 158.589097      3.583  37.258000    13.1825    6.88304      3.553    31.3362    23.5208 -9.990e-29
 158.589103      3.573  37.261203    13.1827    6.88066      3.543    31.3391    23.5229 -9.990e-29
 158.589109      3.559  37.262565    13.1833    6.89325      3.529    31.3398    23.5234 -9.990e-29
 158.589115      3.552  37.263145    13.1839    6.89386      3.522    31.3399    23.5233 -9.990e-29
 158.589120      3.554  37.263705    13.1841    6.89122      3.524    31.3402    23.5236 -9.990e-29
 158.589126      3.554  37.263863    13.1839    6.89153      3.524    31.3406    23.5239 -9.990e-29
 158.589132      3.549  37.263817    13.1839    6.88915      3.519    31.3405    23.5238 -9.990e-29
 158.589138      3.543  37.264059    13.1839    6.88133      3.513    31.3407    23.5240 -9.990e-29
 158.589144      3.543  37.264339    13.1840    6.88403      3.513    31.3409    23.5241 -9.990e-29
 158.589149      3.551  37.264463    13.1841    6.88967      3.521    31.3410    23.5241 -9.990e-29
 158.589155      3.558  37.264585    13.1844    6.89366      3.528    31.3408    23.5240 -9.990e-29
 158.589161      3.555  37.264855    13.1848    6.89249      3.525    31.3407    23.5238 -9.990e-29
 158.589167      3.542  37.265065    13.1849    6.88777      3.512    31.3409    23.5239 -9.990e-29
 158.589172      3.533  37.264924    13.1848    6.87945      3.503    31.3408    23.5239 -9.990e-29
 158.589178      3.533  37.264794    13.1849    6.88478      3.503    31.3406    23.5237 -9.990e-29
 158.589184      3.544  37.265056    13.1857    6.89591      3.514    31.3402    23.5232 -9.990e-29
 158.589190      3.563  37.266047    13.1869    6.89030      3.533    31.3401    23.5229 -9.990e-29
 158.589196      3.580  37.267398    13.1878    6.88001      3.550    31.3406    23.5232 -9.990e-29
 158.589201      3.594  37.268094    13.1879    6.87730      3.564    31.3412    23.5236 -9.990e-29
 158.589207      3.606  37.267933    13.1868    6.89691      3.576    31.3420    23.5244 -9.990e-29
 158.589213      3.620  37.266690    13.1852    6.89222      3.590    31.3421    23.5248 -9.990e-29
 158.589219      3.642  37.264941    13.1844    6.89518      3.612    31.3411    23.5242 -9.990e-29
 158.589225      3.668  37.264268    13.1846    6.89895      3.637    31.3403    23.5235 -9.990e-29
 158.589230      3.696  37.264887    13.1855    6.88808      3.665    31.3401    23.5232 -9.990e-29
 158.589236      3.727  37.265931    13.1865    6.88390      3.696    31.3403    23.5231 -9.990e-29
 158.589242      3.769  37.266538    13.1868    6.89138      3.738    31.3406    23.5233 -9.990e-29
 158.589248      3.828  37.265825    13.1857    6.88728      3.796    31.3408    23.5237 -9.990e-29
 158.589253      3.903  37.263955    13.1838    6.88035      3.870    31.3406    23.5239 -9.990e-29
 158.589259      3.991  37.262350    13.1824    6.88755      3.958    31.3402    23.5239 -9.990e-29
 158.589265      4.088  37.261661    13.1812    6.89127      4.054    31.3405    23.5244 -9.990e-29
 158.589271      4.197  37.260400    13.1776    6.89876      4.162    31.3423    23.5264 -9.990e-29
 158.589277      4.317  37.255753    13.1706    6.91421      4.281    31.3436    23.5289 -9.990e-29
 158.589282      4.441  37.247682    13.1622    6.93029      4.404    31.3430    23.5300 -9.990e-29
 158.589288      4.569  37.238314    13.1541    6.95543      4.531    31.3408    23.5299 0.0000e+00
 158.589294      4.697  37.228607    13.1474    6.95201      4.658    31.3372    23.5285 -9.990e-29
 158.589300      4.819  37.220746    13.1440    6.96195      4.779    31.3326    23.5256 -9.990e-29
 158.589306      4.936  37.218257    13.1474    6.96009      4.895    31.3275    23.5209 -9.990e-29
 158.589311      5.050  37.224540    13.1552    6.95258      5.008    31.3269    23.5189 -9.990e-29
 158.589317      5.173  37.235623    13.1583    6.97380      5.130    31.3346    23.5243 -9.990e-29
 158.589323      5.320  37.239918    13.1498    6.98351      5.276    31.3456    23.5345 0.0000e+00
 158.589329      5.502  37.231367    13.1258    6.98982      5.456    31.3573    23.5482 0.0000e+00
 158.589334      5.718  37.206971    13.0879    7.01509      5.670    31.3657    23.5621 0.0000e+00
 158.589340      5.963  37.167841    13.0451    7.08072      5.913    31.3643    23.5693 0.0000e+00
 158.589346      6.237  37.123477    12.9968    7.17114      6.185    31.3625    23.5773 0.0000e+00
 158.589352      6.539  37.075838    12.9207    7.19518      6.484    31.3806    23.6061 0.0000e+00
 158.589358      6.877  37.003447    12.8055    7.05468      6.819    31.4079    23.6494 0.0000e+00
 158.589363      7.258  36.892764    12.6787    6.82082      7.197    31.4086    23.6743 0.0000e+00
 158.589369      7.681  36.777886    12.5655    6.53178      7.617    31.3939    23.6844 0.0000e+00
 158.589375      8.136  36.690668    12.4477    6.24172      8.068    31.4092    23.7186 0.0000e+00
 158.589381      8.611  36.614600    12.2725    6.00290      8.539    31.4833    23.8089 0.0000e+00
 158.589387      9.104  36.500382    12.0177    5.81419      9.028    31.5885    23.9378 0.0000e+00
 158.589392      9.603  36.324113    11.7306    5.61892      9.523    31.6620    24.0474 0.0000e+00
 158.589398     10.093  36.121567    11.4733    5.44973     10.009    31.6848    24.1116 0.0000e+00
 158.589404     10.567  35.940557    11.2712    5.30781     10.479    31.6811    24.1447 0.0000e+00
 158.589410     11.024  35.798718    11.1361    5.17517     10.932    31.6579    24.1506 0.0000e+00
 158.589416     11.473  35.708727    11.0467    5.06635     11.377    31.6461    24.1571 0.0000e+00
 158.589421     11.929  35.666052    10.9067    4.94873     11.829    31.7247    24.2426 0.0000e+00
 158.589427     12.404  35.586291    10.6995    4.83685     12.300    31.8253    24.3567 0.0000e+00
 158.589433     12.899  35.447183    10.5171    4.77884     12.791    31.8458    24.4038 0.0000e+00
 158.589439     13.411  35.335140    10.3888    4.72849     13.299    31.8458    24.4255 0.0000e+00
 158.589444     13.934  35.269474    10.2879    4.68083     13.817    31.8682    24.4599 0.0000e+00
 158.589450     14.462  35.219772    10.2084    4.65792     14.341    31.8879    24.4886 0.0000e+00
 158.589456     14.995  35.182528    10.1548    4.63909     14.869    31.8974    24.5049 0.0000e+00
 158.589462     15.534  35.161316    10.1180    4.62116     15.404    31.9082    24.5194 0.0000e+00
 158.589468     16.073  35.153058    10.0804    4.58899     15.938    31.9328    24.5449 0.0000e+00
 158.589473     16.601  35.150089    10.0350    4.54523     16.462    31.9697    24.5811 0.0000e+00
 158.589479     17.107  35.146190     9.9928    4.48006     16.964    32.0029    24.6140 0.0000e+00
 158.589485     17.599  35.141191     9.9521    4.40504     17.451    32.0337    24.6447 0.0000e+00
 158.589491     18.090  35.135135     9.8964    4.33700     17.938    32.0768    24.6875 0.0000e+00
 158.589497     18.595  35.125538     9.8287    4.26495     18.439    32.1271    24.7379 0.0000e+00
 158.589502     19.121  35.111924     9.7542    4.19967     18.961    32.1795    24.7910 0.0000e+00
 158.589508     19.662  35.092377     9.6715    4.13746     19.497    32.2334    24.8465 0.0000e+00
 158.589514     20.215  35.065481     9.5953    4.08808     20.045    32.2741    24.8906 0.0000e+00
 158.589520     20.779  35.037396     9.5407    4.05969     20.605    32.2943    24.9151 0.0000e+00
 158.589525     21.354  35.015501     9.5050    4.03180     21.175    32.3038    24.9282 0.0000e+00
 158.589531     21.932  35.001409     9.4764    4.02066     21.748    32.3148    24.9415 0.0000e+00
 158.589537     22.512  34.992009     9.4445    4.00496     22.323    32.3337    24.9613 0.0000e+00
 158.589543     23.092  34.983160     9.4062    3.98996     22.898    32.3590    24.9872 0.0000e+00
 158.589549     23.671  34.973702     9.3642    3.98257     23.472    32.3870    25.0158 0.0000e+00
 158.589554     24.252  34.967262     9.3266    3.97475     24.048    32.4142    25.0430 0.0000e+00
 158.589560     24.833  34.968131     9.3006    3.97201     24.624    32.4384    25.0661 0.0000e+00
 158.589566     25.408  34.973523     9.2827    3.97276     25.194    32.4600    25.0858 0.0000e+00
 158.589572     25.967  34.977154     9.2674    3.96740     25.749    32.4774    25.1018 0.0000e+00
 158.589578     26.502  34.977684     9.2546    3.97080     26.279    32.4893    25.1132 0.0000e+00
 158.589583     27.019  34.976366     9.2433    3.97556     26.792    32.4980    25.1218 0.0000e+00
 158.589589     27.528  34.973672     9.2316    3.98950     27.296    32.5057    25.1296 0.0000e+00
 158.589595     28.044  34.971602     9.2195    3.98960     27.808    32.5143    25.1383 0.0000e+00
 158.589601     28.571  34.971309     9.2055    3.98134     28.331    32.5266    25.1501 0.0000e+00
 158.589606     29.104  34.970708     9.1869    3.98774     28.859    32.5427    25.1656 0.0000e+00
 158.589612     29.642  34.968983     9.1619    3.97860     29.392    32.5635    25.1858 0.0000e+00
 158.589618     30.181  34.968304     9.1315    3.95919     29.927    32.5903    25.2116 0.0000e+00
 158.589624     30.714  34.969434     9.0995    3.93943     30.455    32.6205    25.2403 0.0000e+00
 158.589630     31.225  34.972184     9.0741    3.91968     30.962    32.6464    25.2645 0.0000e+00
 158.589635     31.711  34.976838     9.0610    3.89424     31.444    32.6631    25.2796 0.0000e+00
 158.589641     32.184  34.981173     9.0477    3.85892     31.913    32.6796    25.2946 0.0000e+00
 158.589647     32.662  34.985348     9.0147    3.81815     32.387    32.7140    25.3267 0.0000e+00
 158.589653     33.157  34.992675     8.9688    3.79113     32.878    32.7637    25.3727 0.0000e+00
 158.589659     33.677  35.001703     8.9307    3.76472     33.393    32.8080    25.4133 0.0000e+00
 158.589664     34.216  35.009315     8.9037    3.73885     33.928    32.8406    25.4431 0.0000e+00
 158.589670     34.764  35.017789     8.8784    3.72263     34.471    32.8726    25.4720 0.0000e+00
 158.589676     35.315  35.031118     8.8493    3.71254     35.017    32.9133    25.5084 0.0000e+00
 158.589682     35.860  35.048558     8.8184    3.71150     35.558    32.9599    25.5497 0.0000e+00
 158.589688     36.392  35.068679     8.7919    3.70596     36.085    33.0054    25.5894 0.0000e+00
 158.589693     36.907  35.090262     8.7746    3.71462     36.596    33.0438    25.6222 0.0000e+00
 158.589699     37.401  35.107305     8.7661    3.71738     37.085    33.0694    25.6435 0.0000e+00
 158.589705     37.874  35.116729     8.7619    3.72526     37.554    33.0830    25.6548 0.0000e+00
 158.589711     38.329  35.120993     8.7588    3.73072     38.006    33.0901    25.6609 0.0000e+00
 158.589716     38.782  35.122407     8.7564    3.73463     38.455    33.0936    25.6640 0.0000e+00
 158.589722     39.246  35.122845     8.7547    3.73500     38.915    33.0955    25.6657 0.0000e+00
 158.589728     39.724  35.123440     8.7534    3.72991     39.389    33.0971    25.6672 0.0000e+00
 158.589734     40.220  35.124416     8.7522    3.72410     39.880    33.0990    25.6689 0.0000e+00
 158.589740     40.737  35.125941     8.7500    3.71654     40.393    33.1024    25.6719 0.0000e+00
 158.589745     41.272  35.127794     8.7457    3.70542     40.923    33.1081    25.6770 0.0000e+00
 158.589751     41.823  35.129069     8.7390    3.68605     41.470    33.1155    25.6838 0.0000e+00
