data/oxygen options/OCNMS/OCNMS2/raw_data/2005/CTD_TH60_060705faedb.cnv
* Sea-Bird SBE19 Data File:
* FileName = C:\hypoxia CTD data\TH60_060705.hex
* Software Version 1.1.5
* Temperature SN = 2997
* Conductivity SN = 2997
* System UpLoad Time = Jun 07 2005 12:40:28
* SEACAT PROFILER V3.1c SN 2997   06/07/05  12:39:26.793
* strain gauge pressure sensor: S/N = 184829,  range = 3000 psia,  tc = 40
# nquan = 9
# nvalues = 58                          
# units = specified
# name 0 = timeJ: Julian Days
# name 1 = prSM: Pressure, Strain Gauge [db]
# name 2 = c0mS/cm: Conductivity [mS/cm]
# name 3 = t090C: Temperature [ITS-90, deg C]
# name 4 = oxML/L: Oxygen, Beckman/YSI [ml/l]
# name 5 = depSM: Depth [salt water, m], lat = 47.5
# name 6 = sal00: Salinity, Practical [PSU]
# name 7 = sigma-é00: Density [sigma-theta, kg/m^3]
# name 8 = flag: flag
# span 0 = 158.468798, 158.469525       
# span 1 =      3.000,     60.000       
# span 2 =  34.987967,  37.342293       
# span 3 =     8.3235,    14.3944       
# span 4 =    3.08824,    7.70387       
# span 5 =      2.975,     59.490       
# span 6 =    30.4386,    33.3498       
# span 7 =    22.5847,    25.9309       
# span 8 = 0.0000e+00, 0.0000e+00       
# interval = decibars: 1                
# start_time = Jun 07 2005 11:11:27 [Instrument's time stamp, header]
# bad_flag = -9.990e-29
*END*
 158.468798      3.000  37.342293    14.3944    6.85338      2.975    30.4386    22.5847 0.0000e+00
 158.468822      4.000  37.334627    14.3801    6.86220      3.967    30.4425    22.5907 0.0000e+00
 158.468838      5.000  37.325692    14.3535    7.01281      4.958    30.4549    22.6057 0.0000e+00
 158.468853      6.000  37.316873    14.3076    7.18932      5.950    30.4827    22.6366 0.0000e+00
 158.468869      7.000  37.314515    14.2464    7.24445      6.942    30.5284    22.6844 0.0000e+00
 158.468882      8.000  37.301805    14.0566    7.61241      7.933    30.6670    22.8299 0.0000e+00
 158.468895      9.000  37.117677    13.4478    7.70387      8.925    30.9867    23.1984 0.0000e+00
 158.468907     10.000  36.813876    12.8723    7.29939      9.916    31.1730    23.4545 0.0000e+00
 158.468920     11.000  36.573918    12.4266    6.64246     10.908    31.3148    23.6493 0.0000e+00
 158.468931     12.000  36.387035    12.0332    5.92542     11.899    31.4654    23.8394 0.0000e+00
 158.468944     13.000  36.235341    11.6347    5.42472     12.891    31.6564    24.0605 0.0000e+00
 158.468956     14.000  36.139373    11.3656    5.11336     13.883    31.7931    24.2151 0.0000e+00
 158.468967     15.000  36.087370    11.1838    4.82557     14.874    31.8987    24.3295 0.0000e+00
 158.468979     16.000  36.040972    10.9480    4.57948     15.866    32.0577    24.4947 0.0000e+00
 158.468990     17.000  35.935221    10.6025    4.44260     16.857    32.2560    24.7088 0.0000e+00
 158.469002     18.000  35.799594    10.3390    4.44250     17.849    32.3535    24.8297 0.0000e+00
 158.469013     19.000  35.728133    10.2119    4.49041     18.841    32.3946    24.8831 0.0000e+00
 158.469026     20.000  35.706940    10.1717    4.56884     19.832    32.4087    24.9009 0.0000e+00
 158.469038     21.000  35.699407    10.1302    4.61786     20.824    32.4379    24.9306 0.0000e+00
 158.469050     22.000  35.686222    10.0912    4.58719     21.815    32.4591    24.9536 0.0000e+00
 158.469061     23.000  35.675859    10.0446    4.43877     22.807    32.4900    24.9855 0.0000e+00
 158.469072     24.000  35.653483     9.9388    4.23211     23.798    32.5622    25.0594 0.0000e+00
 158.469084     25.000  35.607379     9.7176    3.99060     24.790    32.7152    25.2152 0.0000e+00
 158.469094     26.000  35.535021     9.4831    3.79016     25.782    32.8547    25.3624 0.0000e+00
 158.469107     27.000  35.468607     9.3570    3.69716     26.773    32.9017    25.4194 0.0000e+00
 158.469119     28.000  35.440372     9.3094    3.68292     27.765    32.9160    25.4381 0.0000e+00
 158.469131     29.000  35.424944     9.2837    3.71001     28.756    32.9233    25.4479 0.0000e+00
 158.469143     30.000  35.413077     9.2685    3.72456     29.747    32.9246    25.4514 0.0000e+00
 158.469154     31.000  35.406830     9.2615    3.73045     30.739    32.9242    25.4522 0.0000e+00
 158.469167     32.000  35.403022     9.2476    3.72834     31.730    32.9326    25.4610 0.0000e+00
 158.469177     33.000  35.397506     9.2295    3.72823     32.722    32.9432    25.4722 0.0000e+00
 158.469190     34.000  35.393146     9.2210    3.71723     33.713    32.9460    25.4758 0.0000e+00
 158.469202     35.000  35.390743     9.2156    3.71664     34.705    32.9480    25.4782 0.0000e+00
 158.469214     36.000  35.386890     9.2062    3.71213     35.696    32.9523    25.4831 0.0000e+00
 158.469226     37.000  35.381720     9.1914    3.68933     36.688    32.9602    25.4916 0.0000e+00
 158.469237     38.000  35.376998     9.1735    3.66014     37.679    32.9713    25.5031 0.0000e+00
 158.469248     39.000  35.371628     9.1520    3.62521     38.671    32.9852    25.5175 0.0000e+00
 158.469258     40.000  35.362756     9.1214    3.57436     39.662    33.0040    25.5370 0.0000e+00
 158.469269     41.000  35.350496     9.0928    3.53859     40.654    33.0173    25.5519 0.0000e+00
 158.469280     42.000  35.340960     9.0587    3.50898     41.645    33.0386    25.5739 0.0000e+00
 158.469292     43.000  35.324773     9.0190    3.48286     42.637    33.0582    25.5955 0.0000e+00
 158.469304     44.000  35.310919     8.9957    3.46869     43.628    33.0649    25.6044 0.0000e+00
 158.469316     45.000  35.301888     8.9768    3.44863     44.620    33.0727    25.6136 0.0000e+00
 158.469328     46.000  35.292912     8.9564    3.43630     45.611    33.0818    25.6239 0.0000e+00
 158.469339     47.000  35.279200     8.9239    3.44203     46.603    33.0973    25.6411 0.0000e+00
 158.469351     48.000  35.254965     8.8836    3.43086     47.594    33.1092    25.6567 0.0000e+00
 158.469364     49.000  35.230242     8.8463    3.45746     48.586    33.1177    25.6692 0.0000e+00
 158.469378     50.000  35.200983     8.8100    3.43844     49.577    33.1206    25.6771 0.0000e+00
 158.469394     51.000  35.194010     8.8027    3.38509     50.568    33.1197    25.6775 0.0000e+00
 158.469408     52.000  35.180865     8.7305    3.32704     51.559    33.1731    25.7304 0.0000e+00
 158.469421     53.000  35.141552     8.6568    3.23761     52.551    33.2005    25.7633 0.0000e+00
 158.469433     54.000  35.140487     8.6316    3.20105     53.542    33.2225    25.7844 0.0000e+00
 158.469446     55.000  35.125658     8.5714    3.16930     54.534    33.2631    25.8254 0.0000e+00
 158.469460     56.000  35.088170     8.4932    3.15943     55.525    33.2969    25.8638 0.0000e+00
 158.469473     57.000  35.039175     8.4161    3.14201     56.516    33.3176    25.8917 0.0000e+00
 158.469488     58.000  35.008631     8.3705    3.11590     57.508    33.3280    25.9067 0.0000e+00
 158.469504     59.000  34.993747     8.3333    3.08824     58.499    33.3470    25.9272 0.0000e+00
 158.469525     60.000  34.987967     8.3235    3.09655     59.490    33.3498    25.9309 0.0000e+00
