data/oxygen options/OCNMS/OCNMS2/raw_data/2005/CTD_CE80_060805faed.cnv
* Sea-Bird SBE19 Data File:
* FileName = C:\hypoxia CTD data\CE80_060805.hex
* Software Version 1.1.5
* Temperature SN = 2997
* Conductivity SN = 2997
* System UpLoad Time = Jun 08 2005 16:04:38
* SEACAT PROFILER V3.1c SN 2997   06/08/05  16:04:02.987
* strain gauge pressure sensor: S/N = 184829,  range = 3000 psia,  tc = 40
# nquan = 9                                 
# nvalues = 753                         
# units = specified
# name 0 = timeJ: Julian Days
# name 1 = prSM: Pressure, Strain Gauge [db]
# name 2 = c0mS/cm: Conductivity [mS/cm]
# name 3 = t090C: Temperature [ITS-90, deg C]
# name 4 = oxML/L: Oxygen, Beckman/YSI [ml/l]
# name 5 = depSM: Depth [salt water, m], lat = 47.5
# name 6 = sal00: Salinity, Practical [PSU]
# name 7 = sigma-é00: Density [sigma-theta, kg/m^3]
# name 8 = flag: flag
# span 0 = 159.636366, 159.640718       
# span 1 =     -3.701,     83.202       
# span 2 =   0.429507,  37.324224       
# span 3 =     7.8806,    15.6102       
# span 4 =   -0.09636,   25.14563       
# span 5 =     -3.670,     82.491       
# span 6 =     0.2682,    33.6717       
# span 7 =    -0.4770,    26.2485       
# span 8 = 0.0000e+00, 0.0000e+00       
# interval = seconds: 0.5
# start_time = Jun 08 2005 15:16:22 [Instrument's time stamp, header]
# bad_flag = -9.990e-29
*END*
[from data line 481]
 159.639149     57.939  35.234368     8.7211    3.02410     57.447    33.2352    25.7806 0.0000e+00
 159.639155     58.450  35.232906     8.6996    3.00108     57.954    33.2536    25.7984 0.0000e+00
 159.639161     58.961  35.226844     8.6807    2.98310     58.461    33.2648    25.8100 0.0000e+00
 159.639167     59.472  35.219847     8.6654    2.99005     58.967    33.2716    25.8177 0.0000e+00
 159.639172     59.976  35.215086     8.6531    3.00009     59.467    33.2779    25.8246 0.0000e+00
 159.639178     60.463  35.212364     8.6449    3.00479     59.950    33.2826    25.8295 0.0000e+00
 159.639184     60.930  35.211028     8.6407    3.00551     60.413    33.2849    25.8320 0.0000e+00
 159.639190     61.380  35.210964     8.6387    3.00540     60.859    33.2865    25.8336 0.0000e+00
 159.639196     61.817  35.211144     8.6371    3.00485     61.292    33.2880    25.8350 0.0000e+00
 159.639201     62.248  35.210680     8.6344    2.99446     61.719    33.2899    25.8368 0.0000e+00
 159.639207     62.681  35.209508     8.6292    2.97344     62.148    33.2933    25.8404 0.0000e+00
 159.639213     63.124  35.207741     8.6190    2.93290     62.588    33.3009    25.8478 0.0000e+00
 159.639219     63.575  35.205257     8.6027    2.89884     63.035    33.3134    25.8602 0.0000e+00
 159.639225     64.033  35.200981     8.5824    2.85578     63.489    33.3279    25.8746 0.0000e+00
 159.639230     64.500  35.194810     8.5604    2.81765     63.952    33.3419    25.8890 0.0000e+00
 159.639236     64.973  35.188597     8.5369    2.76986     64.421    33.3574    25.9047 0.0000e+00
 159.639242     65.440  35.183580     8.5145    2.72499     64.884    33.3730    25.9204 0.0000e+00
 159.639248     65.890  35.180346     8.4988    2.68724     65.330    33.3843    25.9316 0.0000e+00
 159.639253     66.324  35.179056     8.4894    2.66590     65.760    33.3916    25.9387 0.0000e+00
 159.639259     66.751  35.177981     8.4792    2.65984     66.183    33.3999    25.9468 0.0000e+00
 159.639265     67.186  35.174558     8.4653    2.65329     66.614    33.4093    25.9563 0.0000e+00
 159.639271     67.635  35.168141     8.4494    2.64296     67.060    33.4174    25.9650 0.0000e+00
 159.639277     68.101  35.160257     8.4306    2.63796     67.521    33.4267    25.9752 0.0000e+00
 159.639282     68.580  35.151038     8.4075    2.62569     67.996    33.4386    25.9880 0.0000e+00
 159.639288     69.063  35.138272     8.3857    2.63293     68.475    33.4456    25.9968 0.0000e+00
 159.639294     69.548  35.124550     8.3715    2.62863     68.956    33.4443    25.9980 0.0000e+00
 159.639300     70.022  35.116231     8.3637    2.60959     69.426    33.4427    25.9979 0.0000e+00
 159.639306     70.472  35.113422     8.3578    2.57973     69.872    33.4451    26.0007 0.0000e+00
 159.639311     70.907  35.112371     8.3487    2.53486     70.303    33.4525    26.0078 0.0000e+00
 159.639317     71.340  35.110548     8.3362    2.48109     70.732    33.4622    26.0173 0.0000e+00
 159.639323     71.783  35.109441     8.3279    2.42837     71.172    33.4687    26.0237 0.0000e+00
 159.639329     72.242  35.114853     8.3267    2.37424     71.627    33.4754    26.0291 0.0000e+00
 159.639334     72.712  35.126706     8.3272    2.33264     72.092    33.4873    26.0383 0.0000e+00
 159.639340     73.184  35.137249     8.3246    2.30639     72.560    33.5007    26.0493 0.0000e+00
 159.639346     73.655  35.142032     8.3184    2.29744     73.027    33.5114    26.0586 0.0000e+00
 159.639352     74.120  35.142383     8.3113    2.29990     73.488    33.5184    26.0651 0.0000e+00
 159.639358     74.575  35.140444     8.3062    2.29921     73.939    33.5210    26.0680 0.0000e+00
 159.639363     75.014  35.138105     8.3035    2.30060     74.374    33.5208    26.0683 0.0000e+00
 159.639369     75.431  35.136723     8.3025    2.30350     74.788    33.5201    26.0679 0.0000e+00
 159.639375     75.828  35.136690     8.3023    2.30984     75.181    33.5201    26.0679 0.0000e+00
 159.639381     76.215  35.137395     8.3002    2.30992     75.565    33.5227    26.0702 0.0000e+00
 159.639387     76.611  35.136972     8.2921    2.29547     75.958    33.5298    26.0770 0.0000e+00
 159.639392     77.026  35.133170     8.2777    2.27544     76.369    33.5393    26.0866 0.0000e+00
 159.639398     77.462  35.126520     8.2626    2.26837     76.801    33.5464    26.0945 0.0000e+00
 159.639404     77.912  35.120481     8.2495    2.27155     77.247    33.5523    26.1011 0.0000e+00
 159.639410     78.367  35.115402     8.2328    2.29013     77.698    33.5627    26.1117 0.0000e+00
 159.639416     78.812  35.106741     8.2066    2.31019     78.139    33.5783    26.1279 0.0000e+00
 159.639421     79.242  35.089671     8.1755    2.32305     78.566    33.5897    26.1415 0.0000e+00
 159.639427     79.658  35.067208     8.1479    2.32464     78.978    33.5920    26.1474 0.0000e+00
 159.639433     80.061  35.046954     8.1256    2.32369     79.377    33.5916    26.1504 0.0000e+00
 159.639439     80.452  35.030480     8.1056    2.33154     79.765    33.5930    26.1545 0.0000e+00
 159.639444     80.830  35.016552     8.0827    2.31498     80.140    33.6000    26.1633 0.0000e+00
 159.639450     81.192  35.002847     8.0511    2.29313     80.499    33.6155    26.1802 0.0000e+00
 159.639456     81.537  34.985097     8.0109    2.27273     80.841    33.6350    26.2014 0.0000e+00
 159.639462     81.860  34.962612     7.9688    2.24970     81.161    33.6513    26.2204 0.0000e+00
 159.639468     82.157  34.939596     7.9314    2.23929     81.455    33.6625    26.2347 0.0000e+00
 159.639473     82.425  34.920665     7.9032    2.21104     81.721    33.6692    26.2441 0.0000e+00
 159.639479     82.660  34.908034     7.8865    2.19909     81.954    33.6717    26.2485 0.0000e+00
 159.639485     82.855  34.901666     7.8806    2.20244     82.147    33.6705    26.2484 0.0000e+00
 159.639491     83.011  34.900346     7.8820    2.21279     82.302    33.6676    26.2460 -9.990e-29
 159.639497     83.123  34.901745     7.8855    2.22440     82.413    33.6657    26.2439 -9.990e-29
 159.639502     83.187  34.903240     7.8899    2.21865     82.476    33.6630    26.2412 -9.990e-29
 159.639508     83.202  34.905139     7.8972    2.22734     82.491    33.6580    26.2362 -9.990e-29
 159.639514     83.169  34.908846     7.9062    2.25404     82.458    33.6533    26.2312 -9.990e-29
 159.639520     83.087  34.912575     7.9168    2.26914     82.377    33.6472    26.2248 -9.990e-29
 159.639525     82.949  34.916248     7.9336    2.28774     82.240    33.6350    26.2128 0.0000e+00
 159.639531     82.760  34.922518     7.9560    2.28325     82.053    33.6202    26.1979 0.0000e+00
 159.639537     82.538  34.931894     7.9744    2.27924     81.833    33.6127    26.1893 0.0000e+00
 159.639543     82.299  34.940623     7.9799    2.29641     81.596    33.6169    26.1918 0.0000e+00
 159.639549     82.052  34.942967     7.9758    2.30914     81.351    33.6234    26.1975 0.0000e+00
 159.639554     81.800  34.939810     7.9732    2.31582     81.101    33.6227    26.1973 0.0000e+00
 159.639560     81.531  34.937589     7.9820    2.32137     80.835    33.6120    26.1876 0.0000e+00
 159.639566     81.236  34.941748     8.0068    2.33026     80.542    33.5927    26.1688 0.0000e+00
 159.639572     80.921  34.955023     8.0419    2.34752     80.230    33.5734    26.1485 0.0000e+00
 159.639578     80.597  34.974931     8.0718    2.35271     79.909    33.5661    26.1384 0.0000e+00
 159.639583     80.273  34.992141     8.0885    2.35746     79.588    33.5686    26.1379 0.0000e+00
 159.639589     79.959  35.001573     8.0966    2.34584     79.276    33.5711    26.1386 0.0000e+00
 159.639595     79.651  35.006278     8.1012    2.34179     78.971    33.5718    26.1385 0.0000e+00
 159.639601     79.338  35.009164     8.1112    2.32820     78.661    33.5655    26.1320 0.0000e+00
 159.639606     79.010  35.017998     8.1364    2.30385     78.336    33.5509    26.1169 0.0000e+00
 159.639612     78.662  35.038950     8.1722    2.28308     77.991    33.5391    26.1023 0.0000e+00
 159.639618     78.297  35.064636     8.2054    2.26978     77.629    33.5349    26.0940 0.0000e+00
 159.639624     77.923  35.085020     8.2277    2.28112     77.258    33.5355    26.0911 0.0000e+00
 159.639630     77.550  35.096452     8.2387    2.28417     76.888    33.5373    26.0909 0.0000e+00
 159.639635     77.184  35.100723     8.2427    2.28272     76.526    33.5382    26.0910 0.0000e+00
 159.639641     76.822  35.101847     8.2438    2.28908     76.167    33.5385    26.0911 0.0000e+00
 159.639647     76.456  35.102444     8.2462    2.28710     75.804    33.5370    26.0895 0.0000e+00
 159.639653     76.074  35.103865     8.2551    2.29812     75.425    33.5302    26.0829 0.0000e+00
 159.639659     75.678  35.108003     8.2713    2.30800     75.033    33.5193    26.0719 0.0000e+00
 159.639664     75.281  35.114764     8.2867    2.30692     74.639    33.5120    26.0638 0.0000e+00
 159.639670     74.892  35.120270     8.2952    2.31187     74.253    33.5099    26.0609 0.0000e+00
 159.639676     74.507  35.122894     8.2983    2.32221     73.872    33.5099    26.0605 0.0000e+00
 159.639682     74.119  35.123892     8.2994    2.32847     73.487    33.5101    26.0605 0.0000e+00
 159.639688     73.721  35.124033     8.3021    2.32798     73.093    33.5079    26.0583 0.0000e+00
 159.639693     73.309  35.124623     8.3087    2.32816     72.684    33.5024    26.0530 0.0000e+00
 159.639699     72.885  35.127006     8.3171    2.33553     72.264    33.4971    26.0476 0.0000e+00
 159.639705     72.459  35.129870     8.3224    2.38548     71.842    33.4953    26.0454 0.0000e+00
 159.639711     72.031  35.130308     8.3232    2.43757     71.417    33.4952    26.0452 0.0000e+00
 159.639716     71.602  35.126661     8.3211    2.49032     70.992    33.4935    26.0442 0.0000e+00
 159.639722     71.168  35.116306     8.3179    2.53219     70.562    33.4858    26.0386 0.0000e+00
 159.639728     70.733  35.101131     8.3169    2.56453     70.131    33.4709    26.0270 0.0000e+00
 159.639734     70.307  35.091170     8.3197    2.58781     69.708    33.4579    26.0164 0.0000e+00
 159.639740     69.898  35.089958     8.3251    2.59101     69.303    33.4516    26.0107 0.0000e+00
 159.639745     69.499  35.091953     8.3312    2.58322     68.907    33.4481    26.0070 0.0000e+00
 159.639751     69.108  35.093647     8.3348    2.57537     68.520    33.4467    26.0053 0.0000e+00
 159.639757     68.722  35.095054     8.3345    2.57435     68.137    33.4486    26.0069 0.0000e+00
 159.639763     68.327  35.096367     8.3353    2.58601     67.746    33.4495    26.0074 0.0000e+00
 159.639769     67.913  35.097652     8.3446    2.60499     67.335    33.4422    26.0003 0.0000e+00
 159.639774     67.473  35.100618     8.3680    2.63133     66.899    33.4233    25.9820 0.0000e+00
 159.639780     67.011  35.109775     8.4018    2.66365     66.441    33.4011    25.9595 0.0000e+00
 159.639786     66.534  35.125000     8.4316    2.69605     65.968    33.3892    25.9456 0.0000e+00
 159.639792     66.056  35.138563     8.4502    2.72022     65.494    33.3861    25.9404 0.0000e+00
 159.639797     65.584  35.146130     8.4598    2.75285     65.026    33.3852    25.9382 0.0000e+00
 159.639803     65.122  35.148264     8.4669    2.79649     64.568    33.3810    25.9338 0.0000e+00
 159.639809     64.672  35.147809     8.4842    2.84562     64.122    33.3643    25.9181 0.0000e+00
 159.639815     64.230  35.150325     8.5125    2.88019     63.684    33.3404    25.8951 0.0000e+00
 159.639821     63.797  35.156923     8.5374    2.90210     63.255    33.3241    25.8785 0.0000e+00
 159.639826     63.377  35.162946     8.5539    2.91102     62.838    33.3150    25.8689 0.0000e+00
 159.639832     62.968  35.166897     8.5656    2.92178     62.433    33.3083    25.8618 0.0000e+00
 159.639838     62.569  35.170119     8.5705    2.91184     62.037    33.3073    25.8603 0.0000e+00
 159.639844     62.177  35.171303     8.5674    2.90411     61.649    33.3116    25.8641 0.0000e+00
 159.639850     61.785  35.169787     8.5657    2.90847     61.260    33.3118    25.8645 0.0000e+00
 159.639855     61.383  35.168030     8.5741    2.93395     60.862    33.3022    25.8557 0.0000e+00
 159.639861     60.968  35.168730     8.5899    2.96674     60.450    33.2883    25.8424 0.0000e+00
 159.639867     60.535  35.172629     8.6076    2.98552     60.021    33.2759    25.8300 0.0000e+00
 159.639873     60.077  35.178202     8.6234    3.00616     59.567    33.2671    25.8207 0.0000e+00
 159.639878     59.605  35.183174     8.6342    3.01325     59.099    33.2624    25.8153 0.0000e+00
 159.639884     59.134  35.186341     8.6405    3.01187     58.632    33.2600    25.8125 0.0000e+00
 159.639890     58.674  35.187830     8.6438    3.01375     58.176    33.2587    25.8109 0.0000e+00
 159.639896     58.229  35.187961     8.6437    3.01435     57.735    33.2591    25.8113 0.0000e+00
 159.639902     57.800  35.187482     8.6418    3.02903     57.310    33.2606    25.8127 0.0000e+00
 159.639907     57.383  35.187447     8.6420    3.05812     56.896    33.2606    25.8126 0.0000e+00
 159.639913     56.967  35.187822     8.6497    3.08637     56.484    33.2539    25.8062 0.0000e+00
 159.639919     56.548  35.189118     8.6720    3.12690     56.068    33.2345    25.7876 0.0000e+00
 159.639925     56.124  35.193636     8.7061    3.16516     55.648    33.2074    25.7611 0.0000e+00
 159.639931     55.698  35.199565     8.7350    3.22246     55.226    33.1867    25.7405 0.0000e+00
 159.639936     55.278  35.201371     8.7508    3.28503     54.809    33.1740    25.7281 0.0000e+00
 159.639942     54.862  35.198116     8.7611    3.34769     54.397    33.1611    25.7164 0.0000e+00
 159.639948     54.441  35.191086     8.7724    3.40179     53.980    33.1434    25.7008 0.0000e+00
 159.639954     54.010  35.179891     8.7841    3.43945     53.552    33.1209    25.6814 0.0000e+00
 159.639959     53.570  35.167556     8.7912    3.45983     53.116    33.1016    25.6651 0.0000e+00
 159.639965     53.129  35.160073     8.7930    3.48067     52.679    33.0923    25.6575 0.0000e+00
 159.639971     52.688  35.157569     8.7937    3.52911     52.242    33.0892    25.6550 0.0000e+00
 159.639977     52.240  35.156158     8.7975    3.58150     51.797    33.0844    25.6507 0.0000e+00
 159.639983     51.779  35.152851     8.8108    3.63637     51.340    33.0687    25.6363 0.0000e+00
 159.639988     51.304  35.142689     8.8386    3.68045     50.869    33.0324    25.6036 0.0000e+00
 159.639994     50.824  35.127832     8.8736    3.72791     50.394    32.9846    25.5607 0.0000e+00
 159.640000     50.356  35.119317     8.8996    3.75711     49.930    32.9518    25.5310 0.0000e+00
 159.640006     49.912  35.118704     8.9074    3.77203     49.489    32.9441    25.5237 0.0000e+00
 159.640012     49.486  35.119589     8.9041    3.78653     49.067    32.9483    25.5275 0.0000e+00
 159.640017     49.054  35.120368     8.9116    3.78547     48.639    32.9423    25.5217 0.0000e+00
 159.640023     48.602  35.124893     8.9474    3.80986     48.191    32.9140    25.4940 0.0000e+00
 159.640029     48.145  35.140325     9.0054    3.83740     47.738    32.8766    25.4557 0.0000e+00
 159.640035     47.695  35.169876     9.0630    3.85369     47.291    32.8543    25.4292 0.0000e+00
 159.640041     47.245  35.204193     9.1027    3.87436     46.845    32.8535    25.4223 0.0000e+00
 159.640046     46.793  35.224587     9.1305    3.89608     46.397    32.8492    25.4146 0.0000e+00
 159.640052     46.340  35.226880     9.1733    3.92305     45.948    32.8124    25.3790 0.0000e+00
 159.640058     45.881  35.227601     9.2369    3.96563     45.493    32.7549    25.3240 0.0000e+00
 159.640064     45.419  35.223239     9.2906    3.98713     45.035    32.7014    25.2736 0.0000e+00
