data/oxygen options/OCNMS/OCNMS2/raw_data/2005/CTD_TH100_052405faed.cnv
* Sea-Bird SBE19 Data File:
* FileName = C:\Documents and Settings\kirner.PTANGELES\Desktop\hypoxia CTD data\TH100_052405.hex
* Software Version 1.1.5
* Temperature SN = 2997
* Conductivity SN = 2997
* System UpLoad Time = May 24 2005 18:40:13
* SEACAT PROFILER V3.1c SN 2997   05/24/05  18:39:07.426
* strain gauge pressure sensor: S/N = 184829,  range = 3000 psia,  tc = 40
# nquan = 9                                 
# nvalues = 880                         
# units = specified
# name 0 = timeJ: Julian Days
# name 1 = prSM: Pressure, Strain Gauge [db]
# name 2 = c0mS/cm: Conductivity [mS/cm]
# name 3 = t090C: Temperature [ITS-90, deg C]
# name 4 = oxML/L: Oxygen, Beckman/YSI [ml/l]
# name 5 = depSM: Depth [salt water, m], lat = 47.5
# name 6 = sal00: Salinity, Practical [PSU]
# name 7 = sigma-é00: Density [sigma-theta, kg/m^3]
# name 8 = flag: flag
# span 0 = 144.672014, 144.677101       
# span 1 =     -1.929,    103.884       
# span 2 =   0.221523,  37.058236       
# span 3 =     8.4353,    14.0575       
# span 4 =   -0.10063,   26.96605       
# span 5 =     -1.913,    102.991       
# span 6 =     0.1387,    33.4630       
# span 7 =    -0.4914,    26.0029       
# span 8 = 0.0000e+00, 0.0000e+00       
# interval = seconds: 0.5
# start_time = May 24 2005 16:07:42 [Instrument's time stamp, header]
# bad_flag = -9.990e-29
*END*
[from data line 321]
 144.673872      2.771  35.070734    13.9148    6.39397      2.748    28.7446    21.3758 -9.990e-29
 144.673877      2.770  35.067578    13.9161    6.37682      2.747    28.7408    21.3725 -9.990e-29
 144.673883      2.766  35.066130    13.9150    6.36967      2.743    28.7403    21.3724 -9.990e-29
 144.673889      2.761  35.068948    13.9062    6.38296      2.738    28.7494    21.3812 -9.990e-29
 144.673895      2.765  35.087643    13.8855    6.42923      2.742    28.7819    21.4103 -9.990e-29
 144.673900      2.778  35.130332    13.8571    6.42991      2.755    28.8420    21.4623 -9.990e-29
 144.673906      2.787  35.186102    13.8361    6.46215      2.764    28.9086    21.5177 -9.990e-29
 144.673912      2.777  35.226723    13.8388    6.42908      2.754    28.9436    21.5442 -9.990e-29
 144.673918      2.737  35.217779    13.8646    6.37039      2.714    28.9160    21.5179 -9.990e-29
 144.673924      2.684  35.157434    13.8975    6.34380      2.662    28.8364    21.4500 -9.990e-29
 144.673929      2.642  35.084084    13.9198    6.34055      2.620    28.7531    21.3813 -9.990e-29
 144.673935      2.626  35.041214    13.9219    6.39304      2.604    28.7125    21.3496 -9.990e-29
 144.673941      2.636  35.047358    13.9028    6.41840      2.614    28.7324    21.3687 -9.990e-29
 144.673947      2.655  35.101189    13.8749    6.40792      2.633    28.8022    21.4280 -9.990e-29
 144.673953      2.667  35.171895    13.8611    6.37258      2.645    28.8769    21.4884 -9.990e-29
 144.673958      2.668  35.196220    13.8701    6.35873      2.646    28.8923    21.4985 -9.990e-29
 144.673964      2.663  35.158944    13.8856    6.37067      2.641    28.8467    21.4603 -9.990e-29
 144.673970      2.665  35.115763    13.8872    6.39002      2.643    28.8062    21.4287 -9.990e-29
 144.673976      2.682  35.115627    13.8724    6.42155      2.660    28.8172    21.4401 -9.990e-29
 144.673981      2.710  35.151078    13.8540    6.43822      2.687    28.8633    21.4793 -9.990e-29
 144.673987      2.744  35.187541    13.8457    6.43265      2.721    28.9027    21.5113 -9.990e-29
 144.673993      2.773  35.201315    13.8542    6.41634      2.750    28.9089    21.5144 -9.990e-29
 144.673999      2.785  35.179369    13.8784    6.37621      2.762    28.8707    21.4802 -9.990e-29
 144.674005      2.781  35.124961    13.9093    6.34771      2.758    28.7980    21.4180 -9.990e-29
 144.674010      2.769  35.060297    13.9320    6.35199      2.746    28.7223    21.3551 -9.990e-29
 144.674016      2.758  35.016334    13.9339    6.38086      2.735    28.6810    21.3229 -9.990e-29
 144.674022      2.756  35.014069    13.9119    6.40480      2.733    28.6953    21.3383 -9.990e-29
 144.674028      2.765  35.061706    13.8810    6.43603      2.742    28.7617    21.3956 -9.990e-29
 144.674034      2.779  35.131390    13.8660    6.40158      2.756    28.8363    21.4561 -9.990e-29
 144.674039      2.781  35.164109    13.8744    6.35134      2.758    28.8598    21.4725 -9.990e-29
 144.674045      2.767  35.145183    13.8955    6.33789      2.744    28.8268    21.4429 -9.990e-29
 144.674051      2.749  35.099273    13.9129    6.34290      2.726    28.7720    21.3972 -9.990e-29
 144.674057      2.743  35.064963    13.9089    6.38180      2.720    28.7438    21.3763 -9.990e-29
 144.674062      2.757  35.080608    13.8784    6.40231      2.734    28.7808    21.4109 -9.990e-29
 144.674068      2.784  35.147457    13.8398    6.39751      2.761    28.8706    21.4877 -9.990e-29
 144.674074      2.807  35.225706    13.8212    6.38901      2.784    28.9559    21.5572 -9.990e-29
 144.674080      2.816  35.257107    13.8304    6.37514      2.792    28.9776    21.5721 -9.990e-29
 144.674086      2.808  35.225222    13.8488    6.37026      2.785    28.9347    21.5354 -9.990e-29
 144.674091      2.789  35.178918    13.8547    6.37679      2.766    28.8881    21.4982 -9.990e-29
 144.674097      2.776  35.167466    13.8434    6.38570      2.753    28.8861    21.4990 -9.990e-29
 144.674103      2.776  35.192989    13.8287    6.39486      2.753    28.9204    21.5283 -9.990e-29
 144.674109      2.791  35.223932    13.8226    6.40133      2.768    28.9532    21.5548 -9.990e-29
 144.674115      2.815  35.234841    13.8245    6.39893      2.791    28.9617    21.5610 -9.990e-29
 144.674120      2.843  35.229053    13.8300    6.40007      2.819    28.9523    21.5527 -9.990e-29
 144.674126      2.867  35.213992    13.8383    6.39516      2.843    28.9323    21.5356 -9.990e-29
 144.674132      2.881  35.193692    13.8479    6.39133      2.857    28.9066    21.5139 -9.990e-29
 144.674138      2.885  35.176962    13.8554    6.38401      2.861    28.8857    21.4963 -9.990e-29
 144.674144      2.888  35.168394    13.8601    6.37793      2.864    28.8744    21.4866 -9.990e-29
 144.674149      2.895  35.164966    13.8636    6.36618      2.871    28.8686    21.4815 -9.990e-29
 144.674155      2.905  35.162663    13.8643    6.35948      2.881    28.8660    21.4793 -9.990e-29
 144.674161      2.921  35.162892    13.8587    6.36623      2.897    28.8704    21.4838 -9.990e-29
 144.674167      2.942  35.173802    13.8495    6.36909      2.917    28.8873    21.4987 -9.990e-29
 144.674172      2.967  35.192554    13.8418    6.37942      2.942    28.9101    21.5178 -9.990e-29
 144.674178      2.987  35.206022    13.8305    6.36949      2.962    28.9309    21.5360 -9.990e-29
 144.674184      2.999  35.228228    13.8164    6.36634      2.974    28.9618    21.5626 -9.990e-29
 144.674190      3.006  35.254015    13.8160    6.37512      2.981    28.9856    21.5811 -9.990e-29
 144.674196      3.011  35.244318    13.8269    6.38255      2.986    28.9685    21.5658 -9.990e-29
 144.674201      3.023  35.217029    13.8273    6.37602      2.998    28.9433    21.5463 -9.990e-29
 144.674207      3.047  35.222094    13.8144    6.37686      3.022    28.9577    21.5599 -9.990e-29
 144.674213      3.085  35.254489    13.8076    6.42159      3.059    28.9923    21.5879 -9.990e-29
 144.674219      3.139  35.264901    13.8109    6.48402      3.113    28.9993    21.5927 -9.990e-29
 144.674225      3.213  35.248701    13.8071    6.45280      3.186    28.9874    21.5842 -9.990e-29
 144.674230      3.311  35.251556    13.7930    6.33395      3.283    29.0006    21.5972 -9.990e-29
 144.674236      3.435  35.278388    13.7800    6.16638      3.406    29.0348    21.6262 -9.990e-29
 144.674242      3.585  35.300498    13.7642    6.02510      3.555    29.0669    21.6541 0.0000e+00
 144.674248      3.770  35.319883    13.7120    5.97020      3.739    29.1242    21.7085 0.0000e+00
 144.674253      4.006  35.390972    13.5819    5.98577      3.973    29.2884    21.8607 0.0000e+00
 144.674259      4.296  35.574910    13.3548    6.07125      4.260    29.6329    22.1709 0.0000e+00
 144.674265      4.631  35.875300    13.0541    6.15278      4.592    30.1480    22.6270 0.0000e+00
 144.674271      5.009  36.199812    12.7627    6.24468      4.967    30.6862    23.0990 0.0000e+00
 144.674277      5.422  36.413660    12.5612    6.33568      5.377    31.0530    23.4211 0.0000e+00
 144.674282      5.859  36.499687    12.4508    6.42781      5.810    31.2259    23.5759 0.0000e+00
 144.674288      6.306  36.532718    12.3896    6.48067      6.253    31.3081    23.6511 0.0000e+00
 144.674294      6.751  36.545537    12.3496    6.49391      6.695    31.3535    23.6938 0.0000e+00
 144.674300      7.189  36.544560    12.3248    6.47138      7.129    31.3732    23.7137 0.0000e+00
 144.674306      7.614  36.541368    12.3200    6.42997      7.550    31.3740    23.7152 0.0000e+00
 144.674311      8.027  36.539538    12.3264    6.42173      7.960    31.3667    23.7084 0.0000e+00
 144.674317      8.442  36.536057    12.3195    6.40773      8.371    31.3690    23.7115 0.0000e+00
 144.674323      8.872  36.531884    12.2916    6.41776      8.798    31.3882    23.7316 0.0000e+00
 144.674329      9.327  36.531543    12.2582    6.45978      9.249    31.4157    23.7591 0.0000e+00
 144.674334      9.812  36.535693    12.2322    6.50153      9.730    31.4413    23.7838 0.0000e+00
 144.674340     10.317  36.543125    12.2162    6.57897     10.231    31.4616    23.8026 0.0000e+00
 144.674346     10.838  36.553637    12.2095    6.63538     10.747    31.4771    23.8158 0.0000e+00
 144.674352     11.372  36.568336    12.2099    6.64102     11.277    31.4906    23.8263 0.0000e+00
 144.674358     11.911  36.588865    12.2135    6.64499     11.811    31.5070    23.8383 0.0000e+00
 144.674363     12.443  36.612302    12.2143    6.60042     12.339    31.5286    23.8549 0.0000e+00
 144.674369     12.966  36.632878    12.2005    6.46975     12.857    31.5597    23.8816 0.0000e+00
 144.674375     13.486  36.643816    12.1530    6.32007     13.373    31.6101    23.9295 0.0000e+00
 144.674381     13.995  36.626606    12.0724    6.10871     13.878    31.6616    23.9844 0.0000e+00
 144.674387     14.488  36.573431    11.9943    5.89967     14.367    31.6765    24.0105 0.0000e+00
 144.674392     14.972  36.515991    11.9139    5.75781     14.847    31.6893    24.0352 0.0000e+00
 144.674398     15.454  36.448328    11.7911    5.61552     15.324    31.7283    24.0880 0.0000e+00
 144.674404     15.941  36.335156    11.6423    5.55580     15.807    31.7456    24.1284 0.0000e+00
 144.674410     16.437  36.208362    11.5026    5.57430     16.299    31.7417    24.1506 0.0000e+00
 144.674416     16.944  36.099034    11.3933    5.64174     16.802    31.7286    24.1601 0.0000e+00
 144.674421     17.457  36.025091    11.3408    5.77803     17.311    31.7012    24.1482 0.0000e+00
 144.674427     17.964  36.026963    11.3535    5.92580     17.813    31.6919    24.1387 0.0000e+00
 144.674433     18.460  36.101507    11.4173    6.05884     18.305    31.7098    24.1412 0.0000e+00
 144.674439     18.946  36.220260    11.5024    6.18697     18.787    31.7524    24.1591 0.0000e+00
 144.674444     19.428  36.350350    11.5852    6.28423     19.265    31.8078    24.1872 0.0000e+00
 144.674450     19.915  36.460573    11.6671    6.36598     19.748    31.8445    24.2008 0.0000e+00
 144.674456     20.421  36.566128    11.7452    6.44196     20.250    31.8797    24.2140 0.0000e+00
 144.674462     20.953  36.669816    11.8052    6.48351     20.777    31.9284    24.2408 0.0000e+00
 144.674468     21.500  36.745033    11.8464    6.50495     21.319    31.9656    24.2622 0.0000e+00
 144.674473     22.052  36.794499    11.8772    6.50506     21.867    31.9867    24.2729 0.0000e+00
 144.674479     22.605  36.833699    11.9038    6.48198     22.415    32.0015    24.2795 0.0000e+00
 144.674485     23.156  36.869472    11.9279    6.47101     22.961    32.0152    24.2857 0.0000e+00
 144.674491     23.702  36.904089    11.9462    6.45500     23.503    32.0327    24.2959 0.0000e+00
 144.674497     24.238  36.936033    11.9517    6.42631     24.034    32.0585    24.3150 0.0000e+00
 144.674502     24.756  36.964149    11.9433    6.39369     24.548    32.0927    24.3430 0.0000e+00
 144.674508     25.251  36.985545    11.9303    6.36294     25.039    32.1244    24.3700 0.0000e+00
 144.674514     25.724  36.995090    11.9187    6.33977     25.508    32.1434    24.3870 0.0000e+00
 144.674520     26.184  36.993725    11.9034    6.33669     25.964    32.1551    24.3989 0.0000e+00
 144.674525     26.643  36.991955    11.8777    6.32796     26.419    32.1754    24.4194 0.0000e+00
 144.674531     27.108  36.998066    11.8462    6.31848     26.880    32.2084    24.4508 0.0000e+00
 144.674537     27.581  37.005053    11.8225    6.32021     27.349    32.2355    24.4762 0.0000e+00
 144.674543     28.059  37.007639    11.8119    6.31651     27.823    32.2470    24.4871 0.0000e+00
 144.674549     28.550  37.010938    11.8087    6.30771     28.310    32.2527    24.4922 0.0000e+00
 144.674554     29.053  37.015972    11.8052    6.28433     28.808    32.2605    24.4988 0.0000e+00
 144.674560     29.571  37.017665    11.7975    6.28931     29.322    32.2686    24.5065 0.0000e+00
 144.674566     30.107  37.012659    11.7883    6.28281     29.854    32.2715    24.5105 0.0000e+00
 144.674572     30.657  37.004923    11.7812    6.26509     30.399    32.2699    24.5106 0.0000e+00
 144.674578     31.217  36.999274    11.7762    6.25967     30.954    32.2685    24.5104 0.0000e+00
 144.674583     31.784  36.995459    11.7709    6.24639     31.516    32.2692    24.5119 0.0000e+00
 144.674589     32.348  36.991183    11.7639    6.27299     32.076    32.2709    24.5146 0.0000e+00
 144.674595     32.897  36.985782    11.7582    6.28563     32.620    32.2704    24.5152 0.0000e+00
 144.674601     33.428  36.984382    11.7576    6.26967     33.146    32.2693    24.5145 0.0000e+00
 144.674606     33.936  36.991271    11.7610    6.25024     33.650    32.2728    24.5166 0.0000e+00
 144.674612     34.415  36.999923    11.7651    6.24363     34.125    32.2775    24.5195 0.0000e+00
 144.674618     34.870  37.007284    11.7692    6.24728     34.576    32.2809    24.5214 0.0000e+00
 144.674624     35.308  37.017551    11.7730    6.26072     35.010    32.2874    24.5257 0.0000e+00
 144.674630     35.728  37.027021    11.7757    6.26858     35.427    32.2940    24.5304 0.0000e+00
 144.674635     36.126  37.032051    11.7773    6.26577     35.821    32.2974    24.5327 0.0000e+00
 144.674641     36.511  37.034291    11.7782    6.28327     36.203    32.2986    24.5335 0.0000e+00
 144.674647     36.902  37.035040    11.7794    6.27682     36.591    32.2981    24.5329 0.0000e+00
 144.674653     37.320  37.036410    11.7821    6.27822     37.005    32.2969    24.5315 0.0000e+00
 144.674659     37.775  37.040218    11.7859    6.27144     37.456    32.2971    24.5310 0.0000e+00
 144.674664     38.265  37.045928    11.7898    6.27330     37.942    32.2991    24.5318 0.0000e+00
 144.674670     38.784  37.051611    11.7928    6.29446     38.457    32.3018    24.5334 0.0000e+00
 144.674676     39.318  37.055861    11.7943    6.29846     38.986    32.3044    24.5351 0.0000e+00
 144.674682     39.853  37.058169    11.7936    6.27714     39.517    32.3070    24.5373 0.0000e+00
 144.674688     40.385  37.058236    11.7875    6.25688     40.044    32.3121    24.5424 0.0000e+00
 144.674693     40.914  37.052216    11.7752    6.25521     40.569    32.3168    24.5483 0.0000e+00
 144.674699     41.439  37.039923    11.7632    6.26390     41.089    32.3151    24.5492 0.0000e+00
 144.674705     41.955  37.030194    11.7561    6.26040     41.601    32.3116    24.5478 0.0000e+00
 144.674711     42.448  37.026305    11.7530    6.25208     42.089    32.3103    24.5474 0.0000e+00
 144.674716     42.908  37.024743    11.7522    6.24232     42.545    32.3093    24.5467 0.0000e+00
 144.674722     43.340  37.024533    11.7529    6.24206     42.974    32.3083    24.5459 0.0000e+00
 144.674728     43.765  37.025950    11.7537    6.24544     43.395    32.3088    24.5461 0.0000e+00
 144.674734     44.193  37.026948    11.7527    6.25942     43.819    32.3105    24.5476 0.0000e+00
 144.674740     44.621  37.025486    11.7505    6.26468     44.244    32.3108    24.5483 0.0000e+00
 144.674745     45.045  37.022970    11.7481    6.26944     44.664    32.3102    24.5483 0.0000e+00
 144.674751     45.473  37.021085    11.7450    6.28001     45.089    32.3109    24.5494 0.0000e+00
 144.674757     45.913  37.018989    11.7400    6.26090     45.525    32.3131    24.5520 0.0000e+00
 144.674763     46.377  37.015001    11.7328    6.23598     45.985    32.3153    24.5550 0.0000e+00
 144.674769     46.864  37.008844    11.7224    6.18629     46.468    32.3181    24.5592 0.0000e+00
 144.674774     47.362  37.000148    11.7060    6.10158     46.961    32.3237    24.5665 0.0000e+00
 144.674780     47.870  36.986279    11.6807    6.07321     47.465    32.3321    24.5776 0.0000e+00
 144.674786     48.385  36.964439    11.6398    6.11742     47.976    32.3463    24.5961 0.0000e+00
