data/oxygen options/OCNMS/OCNMS2/raw_data/2005/CTD_CE70_070605faedb.cnv
* Sea-Bird SBE19 Data File:
* FileName = C:\Hypoxia Data\CE70_070605.hex
* Software Version 1.1.6
* Temperature SN = 2997
* Conductivity SN = 2997
* System UpLoad Time = Jul 06 2005 16:12:58
* SEACAT PROFILER V3.1c SN 2997   07/06/05  16:13:30.135
* strain gauge pressure sensor: S/N = 184829,  range = 3000 psia,  tc = 40
# nquan = 9
# nvalues = 66                          
# units = specified
# name 0 = timeJ: Julian Days
# name 1 = prSM: Pressure, Strain Gauge [db]
# name 2 = c0mS/cm: Conductivity [mS/cm]
# name 3 = t090C: Temperature [ITS-90, deg C]
# name 4 = oxML/L: Oxygen, Beckman/YSI [ml/l]
# name 5 = depSM: Depth [salt water, m], lat = 47.5
# name 6 = sal00: Salinity, Practical [PSU]
# name 7 = sigma-é00: Density [sigma-theta, kg/m^3]
# name 8 = flag: flag
# span 0 = 187.633236, 187.634131       
# span 1 =      4.000,     69.000       
# span 2 =  34.759650,  39.457555       
# span 3 =     7.6478,    15.6534       
# span 4 =    1.98873,    7.15920       
# span 5 =      3.966,     68.413       
# span 6 =    31.3350,    33.7502       
# span 7 =    23.0091,    26.3445       
# span 8 = 0.0000e+00, 0.0000e+00       
# interval = decibars: 1                
# start_time = Jul 06 2005 15:08:34 [Instrument's time stamp, header]
# bad_flag = -9.990e-29
*END*
 187.633236      4.000  39.457555    15.6534    6.96012      3.966    31.3376    23.0091 0.0000e+00
 187.633256      5.000  39.234639    15.3719    7.08135      4.958    31.3634    23.0903 0.0000e+00
 187.633272      6.000  39.058506    15.1933    7.15920      5.950    31.3487    23.1176 0.0000e+00
 187.633287      7.000  38.971405    15.1124    7.03958      6.942    31.3350    23.1244 0.0000e+00
 187.633301      8.000  38.933300    15.0441    7.07890      7.933    31.3553    23.1547 0.0000e+00
 187.633314      9.000  38.841962    14.8289    7.01732      8.924    31.4458    23.2701 0.0000e+00
 187.633328     10.000  38.662028    14.5940    6.60251      9.916    31.4727    23.3404 0.0000e+00
 187.633341     11.000  38.523609    14.2358    6.47189     10.908    31.6384    23.5426 0.0000e+00
 187.633355     12.000  38.130190    13.5147    6.46126     11.899    31.8708    23.8686 0.0000e+00
 187.633367     13.000  37.769412    13.1256    6.37874     12.891    31.8592    23.9368 0.0000e+00
 187.633379     14.000  37.628416    12.9606    6.34961     13.882    31.8648    23.9732 0.0000e+00
 187.633391     15.000  37.503118    12.7356    5.97735     14.874    31.9359    24.0718 0.0000e+00
 187.633405     16.000  37.282264    12.4296    5.31257     15.866    31.9852    24.1684 0.0000e+00
 187.633418     17.000  37.088892    12.0271    4.72897     16.858    32.1442    24.3672 0.0000e+00
 187.633431     18.000  36.522614    11.1667    4.36481     17.849    32.3402    24.6753 0.0000e+00
 187.633444     19.000  36.063151    10.7389    4.28939     18.841    32.2617    24.6896 0.0000e+00
 187.633458     20.000  35.930965    10.6074    4.30536     19.832    32.2461    24.7003 0.0000e+00
 187.633472     21.000  35.838392    10.4536    4.32828     20.824    32.2893    24.7602 0.0000e+00
 187.633486     22.000  35.784976    10.3937    4.35106     21.815    32.2885    24.7698 0.0000e+00
 187.633499     23.000  35.757863    10.3556    4.35459     22.807    32.2947    24.7812 0.0000e+00
 187.633514     24.000  35.723493    10.3003    4.33013     23.798    32.3090    24.8016 0.0000e+00
 187.633528     25.000  35.702619    10.2720    4.28842     24.790    32.3128    24.8093 0.0000e+00
 187.633543     26.000  35.655230    10.1808    4.24306     25.781    32.3459    24.8505 0.0000e+00
 187.633559     27.000  35.618473    10.1448    4.21302     26.773    32.3405    24.8523 0.0000e+00
 187.633574     28.000  35.613059    10.1184    4.15409     27.765    32.3581    24.8706 0.0000e+00
 187.633588     29.000  35.598296    10.0834    4.08777     28.756    32.3741    24.8888 0.0000e+00
 187.633602     30.000  35.604533    10.0685    4.00787     29.747    32.3933    24.9063 0.0000e+00
 187.633615     31.000  35.594828     9.9964    3.97315     30.738    32.4478    24.9608 0.0000e+00
 187.633627     32.000  35.557649     9.9074    3.96965     31.730    32.4897    25.0082 0.0000e+00
 187.633638     33.000  35.524752     9.8630    3.98060     32.722    32.4958    25.0203 0.0000e+00
 187.633650     34.000  35.508528     9.8303    3.96308     33.713    32.5083    25.0354 0.0000e+00
 187.633663     35.000  35.495090     9.7968    3.92293     34.705    32.5245    25.0536 0.0000e+00
 187.633676     36.000  35.468222     9.7179    3.87465     35.697    32.5679    25.1004 0.0000e+00
 187.633689     37.000  35.423831     9.6208    3.83573     36.688    32.6102    25.1493 0.0000e+00
 187.633701     38.000  35.378418     9.5389    3.79540     37.680    32.6377    25.1840 0.0000e+00
 187.633713     39.000  35.347399     9.4689    3.70414     38.671    32.6691    25.2198 0.0000e+00
 187.633725     40.000  35.311878     9.3828    3.52723     39.662    32.7108    25.2662 0.0000e+00
 187.633737     41.000  35.286815     9.2623    3.33085     40.654    32.7949    25.3512 0.0000e+00
 187.633750     42.000  35.264780     9.0982    3.24287     41.645    32.9229    25.4772 0.0000e+00
 187.633763     43.000  35.220265     8.9913    3.21421     42.637    32.9752    25.5349 0.0000e+00
 187.633779     44.000  35.203055     8.9739    3.25778     43.628    32.9729    25.5359 0.0000e+00
 187.633793     45.000  35.174238     8.8670    3.28185     44.619    33.0418    25.6065 0.0000e+00
 187.633806     46.000  35.112965     8.7681    3.21905     45.611    33.0695    25.6435 0.0000e+00
 187.633819     47.000  35.098167     8.7062    3.14462     46.602    33.1115    25.6858 0.0000e+00
 187.633832     48.000  35.077570     8.6181    3.06426     47.593    33.1719    25.7467 0.0000e+00
 187.633845     49.000  35.064142     8.5590    2.99942     48.585    33.2128    25.7878 0.0000e+00
 187.633860     50.000  35.061532     8.5289    2.92936     49.577    33.2379    25.8120 0.0000e+00
 187.633876     51.000  35.049549     8.4725    2.89272     50.568    33.2780    25.8520 0.0000e+00
 187.633889     52.000  35.020314     8.3265    2.74127     51.560    33.3849    25.9579 0.0000e+00
 187.633901     53.000  34.992362     8.2341    2.54793     52.551    33.4426    26.0170 0.0000e+00
 187.633914     54.000  34.974458     8.1357    2.47628     53.542    33.5170    26.0900 0.0000e+00
 187.633926     55.000  34.928388     7.9931    2.52815     54.533    33.6041    26.1794 0.0000e+00
 187.633939     56.000  34.858401     7.8750    2.56346     55.525    33.6423    26.2267 0.0000e+00
 187.633954     57.000  34.839313     7.8671    2.45375     56.516    33.6289    26.2174 0.0000e+00
 187.633971     58.000  34.827269     7.7790    2.13554     57.508    33.7005    26.2864 0.0000e+00
 187.633985     59.000  34.787138     7.6843    1.98873     58.499    33.7485    26.3378 0.0000e+00
 187.633999     60.000  34.781476     7.6769    1.99747     59.491    33.7491    26.3393 0.0000e+00
 187.634011     61.000  34.777447     7.6721    2.01757     60.482    33.7489    26.3399 0.0000e+00
 187.634025     62.000  34.774288     7.6673    2.03404     61.473    33.7497    26.3412 0.0000e+00
 187.634038     63.000  34.771317     7.6645    2.04622     62.465    33.7487    26.3409 0.0000e+00
 187.634055     64.000  34.771742     7.6676    2.04105     63.456    33.7457    26.3381 0.0000e+00
 187.634070     65.000  34.770819     7.6642    2.04379     64.447    33.7475    26.3400 0.0000e+00
 187.634084     66.000  34.764922     7.6550    2.05556     65.438    33.7496    26.3430 0.0000e+00
 187.634096     67.000  34.761230     7.6499    2.04278     66.430    33.7501    26.3442 0.0000e+00
 187.634110     68.000  34.759869     7.6478    2.04315     67.421    33.7502    26.3445 0.0000e+00
 187.634131     69.000  34.759650     7.6489    2.04231     68.413    33.7484    26.3429 0.0000e+00
