data/oxygen options/OCNMS/OCNMS2/raw_data/2005/CTD_CA70_060705faed.cnv
* Sea-Bird SBE19 Data File:
* FileName = C:\hypoxia CTD data\CA70_060705.hex
* Software Version 1.1.5
* Temperature SN = 2997
* Conductivity SN = 2997
* System UpLoad Time = Jun 07 2005 15:29:15
* SEACAT PROFILER V3.1c SN 2997   06/07/05  15:28:16.866
* strain gauge pressure sensor: S/N = 184829,  range = 3000 psia,  tc = 40
# nquan = 9                                 
# nvalues = 728                         
# units = specified
# name 0 = timeJ: Julian Days
# name 1 = prSM: Pressure, Strain Gauge [db]
# name 2 = c0mS/cm: Conductivity [mS/cm]
# name 3 = t090C: Temperature [ITS-90, deg C]
# name 4 = oxML/L: Oxygen, Beckman/YSI [ml/l]
# name 5 = depSM: Depth [salt water, m], lat = 47.5
# name 6 = sal00: Salinity, Practical [PSU]
# name 7 = sigma-é00: Density [sigma-theta, kg/m^3]
# name 8 = flag: flag
# span 0 = 158.586979, 158.591186       
# span 1 =      1.721,     71.720       
# span 2 =   0.339913,  37.359503       
# span 3 =     7.5092,    13.2635       
# span 4 =   -0.10136,   28.22862       
# span 5 =      1.707,     71.109       
# span 6 =     0.2188,    33.8005       
# span 7 =    -0.3323,    26.4038       
# span 8 = 0.0000e+00, 0.0000e+00       
# interval = seconds: 0.5
# start_time = Jun 07 2005 14:05:15 [Instrument's time stamp, header]
# bad_flag = -9.990e-29
*END*
 158.586979      1.732 -9.990e-29    12.0236   -0.10058      1.718 -9.990e-29 -9.990e-29 -9.990e-29
 158.586985      1.726   0.339913    12.0261   -0.10072      1.712     0.2188    -0.3323 -9.990e-29
 158.586991      1.721   0.372894    12.0300   -0.10095      1.707     0.2406    -0.3157 -9.990e-29
 158.586997      1.736   0.472946    12.0374   -0.10102      1.722     0.3073    -0.2644 -9.990e-29
 158.587002      1.783   0.769593    12.0586   -0.10115      1.768     0.5088    -0.1096 -9.990e-29
 158.587008      1.858   1.645979    12.1244   -0.10126      1.842     1.1248     0.3627 -9.990e-29
 158.587014      1.956   4.260640    12.3198   -0.10129      1.940     3.0594     1.8408 -9.990e-29
 158.587020      2.080  12.094618    12.6502   -0.10129      2.063     9.2842     6.6049 -9.990e-29
 158.587025      2.224  24.103881    12.9442   -0.10129      2.205    19.5043    14.4331 0.0000e+00
 158.587031      2.380  32.547532    13.0903   -0.10128      2.360    27.0401    20.2190 0.0000e+00
 158.587037      2.542  35.622792    13.1194   -0.10124      2.521    29.8619    22.3932 0.0000e+00
 158.587043      2.699  36.621518    13.0900   -0.10123      2.676    30.8170    23.1373 0.0000e+00
 158.587049      2.835  36.909008    13.0461   -0.10122      2.811    31.1219    23.3816 -9.990e-29
 158.587054      2.940  36.976814    13.0040   -0.10118      2.915    31.2201    23.4657 -9.990e-29
 158.587060      3.023  36.989921    12.9741   -0.10114      2.998    31.2570    23.5001 -9.990e-29
 158.587066      3.093  36.981498    12.9640   -0.10111      3.067    31.2574    23.5023 -9.990e-29
 158.587072      3.150  36.952641    12.9650   -0.10109      3.124    31.2295    23.4805 -9.990e-29
 158.587078      3.193  36.911416    12.9664   -0.10104      3.166    31.1895    23.4494 -9.990e-29
 158.587083      3.224  36.880244    12.9660   -0.10105      3.197    31.1606    23.4270 -9.990e-29
 158.587089      3.247  36.875325    12.9653   -0.10103      3.220    31.1565    23.4240 -9.990e-29
 158.587095      3.261  36.897390    12.9672   -0.10103      3.234    31.1757    23.4385 -9.990e-29
 158.587101      3.273  36.932116    12.9747   -0.10103      3.246    31.2021    23.4575 -9.990e-29
 158.587106      3.288  36.957386    12.9886   -0.10104      3.261    31.2144    23.4643 -9.990e-29
 158.587112      3.302  36.967076    13.0049   -0.10104      3.274    31.2101    23.4578 -9.990e-29
 158.587118      3.312  36.968496    13.0180   -0.10102      3.284    31.2006    23.4479 -9.990e-29
 158.587124      3.319  36.965784    13.0258   -0.10102      3.291    31.1916    23.4395 -9.990e-29
 158.587130      3.326  36.968224    13.0304   -0.10104      3.298    31.1902    23.4374 -9.990e-29
 158.587135      3.340  36.988046    13.0344   -0.10109      3.312    31.2054    23.4485 -9.990e-29
 158.587141      3.356  37.014105    13.0397   -0.10106      3.328    31.2255    23.4630 -9.990e-29
 158.587147      3.371  37.025626    13.0459   -0.10102      3.343    31.2312    23.4662 -9.990e-29
 158.587153      3.382  37.020583    13.0495   -0.10097      3.354    31.2235    23.4595 -9.990e-29
 158.587159      3.385  37.005710    13.0489   -0.10097      3.357    31.2101    23.4493 -9.990e-29
 158.587164      3.385  36.992021    13.0463   -0.10098      3.357    31.1994    23.4415 -9.990e-29
 158.587170      3.387  36.991548    13.0441   -0.10094      3.359    31.2007    23.4430 -9.990e-29
 158.587176      3.389  37.005903    13.0430   -0.10090      3.361    31.2151    23.4543 -9.990e-29
 158.587182      3.393  37.022258    13.0431   -0.10091      3.365    31.2304    23.4661 -9.990e-29
 158.587188      3.394  37.022599    13.0442   -0.10094      3.366    31.2298    23.4654 -9.990e-29
 158.587193      3.388  37.001211    13.0467   -0.10095      3.360    31.2077    23.4478 -9.990e-29
 158.587199      3.380  36.980048    13.0526   -0.10093      3.352    31.1830    23.4276 -9.990e-29
 158.587205      3.372  36.986412    13.0635   -0.10090      3.344    31.1800    23.4231 -9.990e-29
 158.587211      3.369  37.008601    13.0766   -0.10088      3.341    31.1900    23.4284 -9.990e-29
 158.587216      3.374  37.013948    13.0861   -0.10087      3.346    31.1872    23.4243 -9.990e-29
 158.587222      3.379  36.996686    13.0899   -0.10091      3.351    31.1679    23.4087 -9.990e-29
 158.587228      3.377  36.987078    13.0904   -0.10091      3.349    31.1585    23.4013 -9.990e-29
 158.587234      3.371  37.006522    13.0914   -0.10102      3.343    31.1759    23.4146 -9.990e-29
 158.587240      3.366  37.033274    13.0949   -0.10104      3.338    31.1981    23.4310 -9.990e-29
 158.587245      3.360  37.032902    13.0979   -0.10089      3.332    31.1953    23.4283 -9.990e-29
 158.587251      3.350  37.006028    13.0978   -0.10084      3.322    31.1702    23.4089 -9.990e-29
 158.587257      3.334  36.989165    13.0967   -0.10085      3.306    31.1553    23.3976 -9.990e-29
 158.587263      3.324  37.003573    13.0977   -0.10087      3.296    31.1680    23.4072 -9.990e-29
 158.587269      3.329  37.034253    13.1018   -0.10089      3.301    31.1933    23.4260 -9.990e-29
 158.587274      3.344  37.054813    13.1053   -0.10094      3.316    31.2097    23.4380 -9.990e-29
 158.587280      3.357  37.043876    13.0979   -0.10106      3.329    31.2055    23.4362 -9.990e-29
 158.587286      3.357  37.009288    13.0818   -0.10116      3.329    31.1864    23.4245 -9.990e-29
 158.587292      3.344  36.986252    13.0785   -0.10118      3.316    31.1675    23.4106 -9.990e-29
 158.587297      3.324  36.988353    13.0956   -0.10099      3.296    31.1554    23.3979 -9.990e-29
 158.587303      3.311  37.005488    13.1160   -0.10087      3.283    31.1547    23.3934 -9.990e-29
 158.587309      3.315  37.021805    13.1273   -0.10084      3.287    31.1607    23.3959 -9.990e-29
 158.587315      3.333  37.018687    13.1278   -0.10091      3.305    31.1574    23.3932 -9.990e-29
 158.587321      3.348  36.997029    13.1160   -0.10115      3.320    31.1468    23.3873 -9.990e-29
 158.587326      3.350  36.975620    13.0899   -0.10117      3.322    31.1482    23.3934 -9.990e-29
 158.587332      3.337  36.963487    13.0549   -0.10096      3.309    31.1656    23.4137 -9.990e-29
 158.587338      3.319  36.958470    13.0289   -0.10083      3.291    31.1822    23.4316 -9.990e-29
 158.587344      3.301  36.957802    13.0325   -0.10080      3.273    31.1787    23.4281 -9.990e-29
 158.587350      3.293  36.960023    13.0656   -0.10084      3.265    31.1535    23.4023 -9.990e-29
 158.587355      3.296  36.965843    13.1011   -0.10097      3.268    31.1299    23.3771 -9.990e-29
 158.587361      3.308  36.972928    13.1122   -0.10104      3.280    31.1274    23.3730 -9.990e-29
 158.587367      3.320  36.972786    13.0884   -0.10122      3.292    31.1468    23.3926 -9.990e-29
 158.587373      3.325  36.966355    13.0514   -0.10129      3.297    31.1711    23.4187 -9.990e-29
 158.587378      3.323  36.964131    13.0463   -0.10107      3.295    31.1732    23.4213 -9.990e-29
 158.587384      3.326  36.967065    13.0817   -0.10090      3.298    31.1469    23.3940 -9.990e-29
 158.587390      3.340  36.972329    13.1226   -0.10083      3.312    31.1183    23.3639 -9.990e-29
 158.587396      3.356  36.975725    13.1402   -0.10103      3.328    31.1070    23.3518 -9.990e-29
 158.587402      3.367  36.971692    13.1267   -0.10125      3.339    31.1143    23.3601 -9.990e-29
 158.587407      3.365  36.964396    13.0906   -0.10136      3.337    31.1371    23.3847 -9.990e-29
 158.587413      3.351  36.960936    13.0461   -0.10121      3.323    31.1704    23.4191 -9.990e-29
 158.587419      3.335  36.961739    13.0074   -0.10104      3.307    31.2030    23.4518 -9.990e-29
 158.587425      3.326  36.963384    13.0018   -0.10093      3.298    31.2091    23.4577 -9.990e-29
 158.587431      3.323  36.963568    13.0389   -0.10091      3.295    31.1788    23.4270 -9.990e-29
 158.587436      3.325  36.963086    13.0824   -0.10092      3.297    31.1426    23.3906 -9.990e-29
 158.587442      3.329  36.962414    13.0877   16.27227      3.301    31.1376    23.3857 -9.990e-29
 158.587448      3.330  36.962347    13.0454   26.77510      3.302    31.1723    23.4207 -9.990e-29
 158.587454      3.329  36.965610    12.9897   28.22862      3.301    31.2212    23.4693 -9.990e-29
 158.587459      3.325  36.970388    12.9669   24.66547      3.297    31.2445    23.4918 -9.990e-29
 158.587465      3.319  36.972383    12.9918   15.90871      3.291    31.2258    23.4725 -9.990e-29
 158.587471      3.313  36.971996    13.0403   12.81930      3.285    31.1856    23.4320 -9.990e-29
 158.587477      3.313  36.972072    13.0814   12.81933      3.285    31.1519    23.3979 -9.990e-29
 158.587483      3.314  36.973838    13.1042   12.78852      3.286    31.1348    23.3803 -9.990e-29
 158.587488      3.311  36.980781    13.1178   12.77281      3.283    31.1301    23.3741 -9.990e-29
 158.587494      3.304  37.005527    13.1407   12.75572      3.276    31.1345    23.3730 -9.990e-29
 158.587500      3.294  37.082195    13.1768   12.73933      3.266    31.1766    23.3985 -9.990e-29
 158.587506      3.279  37.198602    13.2073   12.72241      3.252    31.2604    23.4573 -9.990e-29
 158.587512      3.270  37.279461    13.2236   12.70235      3.243    31.3225    23.5021 -9.990e-29
 158.587517      3.282  37.310335    13.2323   12.68448      3.255    31.3442    23.5172 -9.990e-29
 158.587523      3.300  37.323421    13.2374   12.11722      3.272    31.3522    23.5224 -9.990e-29
 158.587529      3.314  37.329998    13.2399    8.18086      3.286    31.3563    23.5251 -9.990e-29
 158.587535      3.325  37.333225    13.2413    5.24356      3.297    31.3582    23.5262 -9.990e-29
 158.587541      3.333  37.335160    13.2442    3.87813      3.305    31.3576    23.5252 -9.990e-29
 158.587546      3.339  37.338945    13.2483    4.08585      3.311    31.3577    23.5245 -9.990e-29
 158.587552      3.343  37.343454    13.2506    5.67010      3.315    31.3600    23.5259 -9.990e-29
 158.587558      3.341  37.345166    13.2509    6.45006      3.313    31.3614    23.5268 -9.990e-29
 158.587564      3.329  37.344679    13.2508    6.79184      3.301    31.3610    23.5266 -9.990e-29
 158.587569      3.310  37.344148    13.2503    6.98226      3.282    31.3609    23.5266 -9.990e-29
 158.587575      3.296  37.343426    13.2490    7.08187      3.268    31.3614    23.5272 -9.990e-29
 158.587581      3.299  37.341550    13.2471    7.12485      3.271    31.3612    23.5274 -9.990e-29
 158.587587      3.314  37.339942    13.2456    7.14820      3.286    31.3609    23.5275 -9.990e-29
 158.587593      3.330  37.339822    13.2446    7.16382      3.302    31.3616    23.5282 -9.990e-29
 158.587598      3.344  37.339906    13.2437    7.17200      3.316    31.3624    23.5290 -9.990e-29
 158.587604      3.357  37.339743    13.2433    7.17862      3.329    31.3626    23.5293 -9.990e-29
 158.587610      3.364  37.339675    13.2438    7.16995      3.336    31.3621    23.5288 -9.990e-29
 158.587616      3.363  37.340172    13.2452    7.16652      3.335    31.3614    23.5280 -9.990e-29
 158.587622      3.357  37.341896    13.2480    7.16578      3.329    31.3607    23.5269 -9.990e-29
 158.587627      3.350  37.344899    13.2519    7.15113      3.322    31.3603    23.5258 -9.990e-29
 158.587633      3.347  37.348700    13.2554    7.14395      3.319    31.3610    23.5256 -9.990e-29
 158.587639      3.351  37.352195    13.2576    7.12727      3.323    31.3624    23.5263 -9.990e-29
 158.587645      3.357  37.354438    13.2582    7.10388      3.329    31.3640    23.5274 -9.990e-29
 158.587650      3.364  37.355054    13.2575    7.09167      3.336    31.3652    23.5285 -9.990e-29
 158.587656      3.369  37.354302    13.2558    7.08772      3.341    31.3659    23.5293 -9.990e-29
 158.587662      3.375  37.352300    13.2522    7.09758      3.347    31.3670    23.5309 -9.990e-29
 158.587668      3.382  37.347499    13.2420    7.11641      3.354    31.3709    23.5359 -9.990e-29
 158.587674      3.389  37.335179    13.2227    7.12940      3.361    31.3753    23.5431 -9.990e-29
 158.587679      3.398  37.313495    13.2025    7.13778      3.370    31.3717    23.5443 -9.990e-29
 158.587685      3.404  37.292230    13.1946    7.12973      3.376    31.3583    23.5355 -9.990e-29
 158.587691      3.400  37.283404    13.2031    7.09347      3.372    31.3431    23.5220 -9.990e-29
 158.587697      3.385  37.289264    13.2202    7.06102      3.357    31.3345    23.5120 -9.990e-29
 158.587703      3.367  37.304724    13.2362    7.03938      3.339    31.3357    23.5099 -9.990e-29
 158.587708      3.353  37.322925    13.2456    7.04205      3.325    31.3450    23.5152 -9.990e-29
 158.587714      3.350  37.336736    13.2473    7.04561      3.322    31.3565    23.5237 -9.990e-29
 158.587720      3.360  37.341585    13.2446    7.05069      3.332    31.3632    23.5295 -9.990e-29
 158.587726      3.373  37.340016    13.2429    7.04476      3.345    31.3632    23.5298 -9.990e-29
 158.587731      3.383  37.338919    13.2448    7.03144      3.355    31.3606    23.5274 -9.990e-29
 158.587737      3.385  37.341886    13.2484    7.03259      3.357    31.3604    23.5265 -9.990e-29
 158.587743      3.383  37.346149    13.2514    7.02242      3.355    31.3619    23.5271 -9.990e-29
 158.587749      3.383  37.348426    13.2533    7.00893      3.355    31.3624    23.5272 -9.990e-29
 158.587755      3.383  37.349516    13.2549    7.00136      3.355    31.3621    23.5266 -9.990e-29
 158.587760      3.385  37.350883    13.2570    6.99545      3.357    31.3617    23.5259 -9.990e-29
 158.587766      3.387  37.352674    13.2597    6.99407      3.359    31.3611    23.5249 -9.990e-29
 158.587772      3.391  37.355040    13.2623    7.00014      3.363    31.3612    23.5244 -9.990e-29
 158.587778      3.392  37.357779    13.2635    7.00130      3.364    31.3628    23.5254 -9.990e-29
 158.587784      3.385  37.359503    13.2628    6.99361      3.357    31.3650    23.5273 -9.990e-29
 158.587789      3.376  37.359154    13.2617    6.97748      3.348    31.3655    23.5279 -9.990e-29
 158.587795      3.367  37.357955    13.2614    6.96412      3.339    31.3647    23.5273 -9.990e-29
 158.587801      3.359  37.357681    13.2620    6.97059      3.331    31.3639    23.5266 -9.990e-29
 158.587807      3.349  37.358534    13.2628    6.98217      3.321    31.3641    23.5266 -9.990e-29
 158.587813      3.339  37.359416    13.2632    6.98157      3.311    31.3646    23.5269 -9.990e-29
 158.587818      3.326  37.359267    13.2629    6.96507      3.298    31.3647    23.5270 -9.990e-29
 158.587824      3.315  37.358456    13.2621    6.95710      3.287    31.3646    23.5271 -9.990e-29
 158.587830      3.314  37.357591    13.2616    6.95889      3.286    31.3642    23.5269 -9.990e-29
 158.587836      3.322  37.357210    13.2621    6.96170      3.294    31.3634    23.5262 -9.990e-29
 158.587841      3.332  37.357936    13.2630    6.95638      3.304    31.3633    23.5260 -9.990e-29
 158.587847      3.339  37.359060    13.2632    6.94876      3.311    31.3642    23.5266 -9.990e-29
 158.587853      3.344  37.359282    13.2627    6.93939      3.316    31.3648    23.5272 -9.990e-29
 158.587859      3.352  37.358345    13.2620    6.93752      3.324    31.3645    23.5271 -9.990e-29
 158.587865      3.368  37.357251    13.2610    6.94721      3.340    31.3643    23.5271 -9.990e-29
 158.587870      3.383  37.356231    13.2599    6.95204      3.355    31.3643    23.5273 -9.990e-29
 158.587876      3.387  37.355054    13.2599    6.94155      3.359    31.3632    23.5265 -9.990e-29
 158.587882      3.379  37.354961    13.2611    6.92214      3.351    31.3621    23.5254 -9.990e-29
 158.587888      3.368  37.356396    13.2623    6.91608      3.340    31.3625    23.5254 -9.990e-29
 158.587894      3.356  37.357914    13.2624    6.93053      3.328    31.3638    23.5265 -9.990e-29
 158.587899      3.348  37.358183    13.2604    6.94334      3.320    31.3657    23.5283 -9.990e-29
