data/oxygen options/OCNMS/OCNMS2/raw_data/2005/CTD_TH30_070705faed.cnv
* Sea-Bird SBE19 Data File:
* FileName = C:\Hypoxia Data\TH30_070705.hex
* Software Version 1.1.6
* Temperature SN = 2997
* Conductivity SN = 2997
* System UpLoad Time = Jul 07 2005 10:01:07
* SEACAT PROFILER V3.1c SN 2997   07/07/05  10:00:36.116
* strain gauge pressure sensor: S/N = 184829,  range = 3000 psia,  tc = 40
# nquan = 9                                 
# nvalues = 617                         
# units = specified
# name 0 = timeJ: Julian Days
# name 1 = prSM: Pressure, Strain Gauge [db]
# name 2 = c0mS/cm: Conductivity [mS/cm]
# name 3 = t090C: Temperature [ITS-90, deg C]
# name 4 = oxML/L: Oxygen, Beckman/YSI [ml/l]
# name 5 = depSM: Depth [salt water, m], lat = 47.5
# name 6 = sal00: Salinity, Practical [PSU]
# name 7 = sigma-é00: Density [sigma-theta, kg/m^3]
# name 8 = flag: flag
# span 0 = 188.382396, 188.385961       
# span 1 =     -3.354,     30.858       
# span 2 =   0.253690,  38.834653       
# span 3 =     9.8016,    17.0188       
# span 4 =   -1.12728,   22.49208       
# span 5 =     -3.326,     30.598       
# span 6 =     0.1447,    32.6282       
# span 7 =    -1.1063,    25.1320       
# span 8 = 0.0000e+00, 0.0000e+00       
# interval = seconds: 0.5
# start_time = Jul 07 2005 09:10:39 [Instrument's time stamp, header]
# bad_flag = -9.990e-29
*END*
 188.382396     -3.353 -9.990e-29    17.0188   -0.11025     -3.325 -9.990e-29 -9.990e-29 -9.990e-29
 188.382402     -3.354   0.307048    17.0152   -0.11025     -3.326     0.1752    -1.0914 -9.990e-29
 188.382407     -3.352   0.303103    17.0115   -0.11027     -3.324     0.1729    -1.0925 -9.990e-29
 188.382413     -3.342   0.298845    17.0079   -0.11028     -3.314     0.1705    -1.0937 -9.990e-29
 188.382419     -3.327   0.295249    17.0041   -0.11031     -3.299     0.1684    -1.0947 -9.990e-29
 188.382425     -3.311   0.292509    16.9990   -0.11033     -3.283     0.1668    -1.0950 -9.990e-29
 188.382431     -3.292   0.290299    16.9925   -0.11033     -3.265     0.1656    -1.0948 -9.990e-29
 188.382436     -3.270   0.287891    16.9867   -0.11038     -3.243     0.1642    -1.0948 -9.990e-29
 188.382442     -3.248   0.283183    16.9830   -0.11049     -3.221     0.1615    -1.0963 -9.990e-29
 188.382448     -3.227   0.274333    16.9804   -0.11051     -3.200     0.1564    -1.0997 -9.990e-29
 188.382454     -3.208   0.263955    16.9771   -0.11056     -3.181     0.1505    -1.1038 -9.990e-29
 188.382459     -3.192   0.256505    16.9722   -0.11057     -3.165     0.1462    -1.1062 -9.990e-29
 188.382465     -3.184   0.253690    16.9657   -0.11060     -3.157     0.1447    -1.1063 -9.990e-29
 188.382471     -3.178   0.254529    16.9579   -0.11069     -3.152     0.1452    -1.1045 -9.990e-29
 188.382477     -3.166   0.257924    16.9499   -0.11070     -3.140     0.1471    -1.1016 -9.990e-29
 188.382483     -3.147   0.262305    16.9390   -0.10346     -3.121     0.1497    -1.0978 -9.990e-29
 188.382488     -3.123   0.266307    16.9209   -0.09480     -3.097     0.1520    -1.0928 -9.990e-29
 188.382494     -3.090   0.274158    16.8996   -0.09605     -3.064     0.1566    -1.0856 -9.990e-29
 188.382500     -3.044   0.288564    16.8820   -0.09564     -3.019     0.1650    -1.0761 -9.990e-29
 188.382506     -2.992   0.308223    16.8678   -0.09539     -2.967     0.1764    -1.0648 -9.990e-29
 188.382512     -2.934   0.338281    16.8536   -0.09538     -2.910     0.1940    -1.0489 -9.990e-29
 188.382517     -2.868   0.406621    16.8331   -0.09537     -2.844     0.2341    -1.0144 -9.990e-29
 188.382523     -2.788   0.597155    16.7948   -0.09539     -2.765     0.3477    -0.9202 -9.990e-29
 188.382529     -2.689   1.155062    16.7093   -0.09538     -2.667     0.6913    -0.6411 -9.990e-29
 188.382535     -2.570   2.842511    16.4816   -0.09539     -2.549     1.7910     0.2427 -9.990e-29
 188.382541     -2.432   7.934934    16.0944   -0.09537     -2.412     5.3984     3.0723 -9.990e-29
 188.382546     -2.278  17.926584    15.7330   -0.09535     -2.259    13.1409     9.0548 -9.990e-29
 188.382552     -2.125  28.478699    15.5240   -0.09532     -2.107    21.9180    15.8095 -9.990e-29
 188.382558     -1.987  34.455673    15.4247   -0.09530     -1.970    27.1163    19.8156 -9.990e-29
 188.382564     -1.871  36.818858    15.3782   -0.09529     -1.855    29.2210    21.4418 -9.990e-29
 188.382569     -1.771  37.936976    15.3571   -0.09532     -1.756    30.2250    22.2179 -9.990e-29
 188.382575     -1.682  38.422766    15.3460   -0.09533     -1.668    30.6644    22.5582 -9.990e-29
 188.382581     -1.602  38.608856    15.3381   -0.09533     -1.589    30.8359    22.6917 -9.990e-29
 188.382587     -1.535  38.682881    15.3346   -0.09532     -1.522    30.9045    22.7452 -9.990e-29
 188.382593     -1.485  38.725118    15.3374   -0.09529     -1.473    30.9398    22.7718 -9.990e-29
 188.382598     -1.450  38.751587    15.3438   -0.09532     -1.438    30.9583    22.7846 -9.990e-29
 188.382604     -1.417  38.764579    15.3515   -0.09536     -1.405    30.9637    22.7872 -9.990e-29
 188.382610     -1.377  38.774775    15.3577   -0.09538     -1.366    30.9679    22.7890 -9.990e-29
 188.382616     -1.327  38.784643    15.3579   -0.09538     -1.316    30.9765    22.7956 -9.990e-29
 188.382622     -1.277  38.793409    15.3537   -0.09537     -1.266    30.9876    22.8050 -9.990e-29
 188.382627     -1.236  38.802194    15.3516   -0.09532     -1.226    30.9971    22.8128 -9.990e-29
 188.382633     -1.205  38.805972    15.3538   -0.09531     -1.195    30.9987    22.8135 -9.990e-29
 188.382639     -1.180  38.800893    15.3573   -0.09532     -1.170    30.9914    22.8072 -9.990e-29
 188.382645     -1.153  38.793174    15.3568   -0.09534     -1.143    30.9849    22.8023 -9.990e-29
 188.382650     -1.124  38.791681    15.3482   -0.09534     -1.115    30.9903    22.8083 -9.990e-29
 188.382656     -1.094  38.797876    15.3359   -0.09535     -1.085    31.0055    22.8227 -9.990e-29
 188.382662     -1.070  38.806649    15.3284   -0.09530     -1.061    31.0193    22.8349 -9.990e-29
 188.382668     -1.051  38.811274    15.3292   -0.09531     -1.042    31.0227    22.8374 -9.990e-29
 188.382674     -1.032  38.809592    15.3356   -0.09536     -1.023    31.0162    22.8309 -9.990e-29
 188.382679     -1.010  38.804495    15.3421   -0.09536     -1.002    31.0065    22.8221 -9.990e-29
 188.382685     -0.980  38.803296    15.3454   -0.09537     -0.972    31.0028    22.8186 -9.990e-29
 188.382691     -0.941  38.815141    15.3461   -0.09532     -0.933    31.0128    22.8261 -9.990e-29
 188.382697     -0.898  38.827872    15.3444   -0.09526     -0.891    31.0254    22.8362 -9.990e-29
 188.382703     -0.857  38.824902    15.3407   -0.09531     -0.850    31.0257    22.8372 -9.990e-29
 188.382708     -0.829  38.820305    15.3405   -0.09535     -0.822    31.0218    22.8342 -9.990e-29
 188.382714     -0.821  38.828230    15.3464   -0.09536     -0.814    31.0242    22.8347 -9.990e-29
 188.382720     -0.822  38.834653    15.3504   -0.09535     -0.815    31.0267    22.8358 -9.990e-29
 188.382726     -0.816  38.821307    15.3482   -0.09536     -0.809    31.0166    22.8285 -9.990e-29
 188.382731     -0.791  38.794043    15.3462   -0.09536     -0.784    30.9939    22.8115 -9.990e-29
 188.382737     -0.748  38.777168    15.3513   -0.09535     -0.742    30.9749    22.7958 -9.990e-29
 188.382743     -0.702  38.776312    15.3643   -0.09535     -0.696    30.9638    22.7845 -9.990e-29
 188.382749     -0.663  38.777518    15.3732   -0.09536     -0.657    30.9579    22.7780 -9.990e-29
 188.382755     -0.633  38.774633    15.3680   -0.09538     -0.628    30.9594    22.7803 -9.990e-29
 188.382760     -0.605  38.771193    15.3570   -0.09538     -0.600    30.9650    22.7870 -9.990e-29
 188.382766     -0.578  38.770551    15.3498   -0.09539     -0.573    30.9701    22.7924 -9.990e-29
 188.382772     -0.554  38.771377    15.3468   -0.09540     -0.549    30.9732    22.7955 -9.990e-29
 188.382778     -0.528  38.773738    15.3451   -0.09539     -0.524    30.9766    22.7985 -9.990e-29
 188.382784     -0.497  38.778064    15.3433   -0.09538     -0.493    30.9819    22.8029 -9.990e-29
 188.382789     -0.469  38.782921    15.3415   -0.09538     -0.465    30.9876    22.8077 -9.990e-29
 188.382795     -0.446  38.789262    15.3399   -0.09536     -0.442    30.9945    22.8133 -9.990e-29
 188.382801     -0.426  38.796658    15.3373   -0.09532     -0.422    31.0031    22.8205 -9.990e-29
 188.382807     -0.409  38.798793    15.3325   -0.09535     -0.406    31.0088    22.8259 -9.990e-29
 188.382813     -0.392  38.794678    15.3277   -0.09537     -0.389    31.0089    22.8271 -9.990e-29
 188.382818     -0.376  38.795737    15.3261   -0.09539     -0.373    31.0111    22.8291 -9.990e-29
 188.382824     -0.358  38.800105    15.3283   -0.09538     -0.355    31.0133    22.8303 -9.990e-29
 188.382830     -0.339  38.792381    15.3320   -0.09535     -0.336    31.0035    22.8219 -9.990e-29
 188.382836     -0.316  38.777498    15.3348   -0.09532     -0.313    30.9880    22.8095 -9.990e-29
 188.382841     -0.292  38.773276    15.3388   -0.09537     -0.290    30.9811    22.8033 -9.990e-29
 188.382847     -0.275  38.779780    15.3466   -0.09540     -0.273    30.9807    22.8013 -9.990e-29
 188.382853     -0.267  38.783338    15.3522   -0.09542     -0.265    30.9795    22.7991 -9.990e-29
 188.382859     -0.265  38.779249    15.3494   -0.09539     -0.263    30.9780    22.7986 -9.990e-29
 188.382865     -0.258  38.773368    15.3424   -0.09533     -0.256    30.9783    22.8004 -9.990e-29
 188.382870     -0.243  38.771962    15.3385   -0.09535     -0.241    30.9801    22.8026 -9.990e-29
 188.382876     -0.223  38.775489    15.3413   -0.09537     -0.221    30.9811    22.8027 -9.990e-29
 188.382882     -0.204  38.778643    15.3491   -0.09540     -0.202    30.9777    22.7985 -9.990e-29
 188.382888     -0.191  38.777865    15.3533   -0.09540     -0.189    30.9737    22.7945 -9.990e-29
 188.382894     -0.178  38.772766    15.3477   -0.09540     -0.177    30.9736    22.7956 -9.990e-29
 188.382899     -0.160  38.762808    15.3385   -0.09540     -0.159    30.9720    22.7963 -9.990e-29
 188.382905     -0.139  38.753309    15.3365   -0.09534     -0.138    30.9651    22.7915 -9.990e-29
 188.382911     -0.120  38.749637    15.3455   -0.09532     -0.119    30.9547    22.7816 -9.990e-29
 188.382917     -0.105  38.746980    15.3561   -0.09535     -0.104    30.9440    22.7710 -9.990e-29
 188.382922     -0.097  38.740761    15.3569   -0.09539     -0.096    30.9378    22.7661 -9.990e-29
 188.382928     -0.091  38.733994    15.3502   -0.09540     -0.090    30.9371    22.7670 -9.990e-29
 188.382934     -0.079  38.731769    15.3436   -0.09541     -0.078    30.9403    22.7709 -9.990e-29
 188.382940     -0.060  38.733448    15.3398   -0.09539     -0.059    30.9448    22.7752 -9.990e-29
 188.382946     -0.041  38.735749    15.3400   -0.09538     -0.041    30.9467    22.7766 -9.990e-29
 188.382951     -0.026  38.738462    15.3469   -0.09533     -0.026    30.9436    22.7727 -9.990e-29
 188.382957     -0.013  38.739684    15.3588   -0.09530     -0.013    30.9354    22.7638 -9.990e-29
 188.382963      0.003  38.737766    15.3649    9.96510      0.003    30.9289    22.7575 -9.990e-29
 188.382969      0.023  38.735851    15.3594   20.65984      0.023    30.9315    22.7607 -9.990e-29
 188.382975      0.043  38.735960    15.3493   22.49208      0.043    30.9395    22.7690 -9.990e-29
 188.382980      0.065  38.737209    15.3427   20.37066      0.064    30.9458    22.7753 -9.990e-29
 188.382986      0.087  38.737985    15.3421   14.06086      0.086    30.9470    22.7763 -9.990e-29
 188.382992      0.105  38.737163    15.3478   10.31409      0.104    30.9417    22.7711 -9.990e-29
 188.382998      0.120  38.734857    15.3589   10.36778      0.119    30.9309    22.7604 -9.990e-29
 188.383003      0.134  38.730882    15.3717   10.36951      0.133    30.9173    22.7472 -9.990e-29
 188.383009      0.148  38.725636    15.3786   10.41588      0.147    30.9072    22.7379 -9.990e-29
 188.383015      0.161  38.720625    15.3696   10.45345      0.160    30.9099    22.7419 -9.990e-29
 188.383021      0.175  38.715989    15.3450   10.48608      0.174    30.9251    22.7589 -9.990e-29
 188.383027      0.192  38.710122    15.3201   10.52027      0.190    30.9395    22.7753 -9.990e-29
 188.383032      0.211  38.703139    15.3075   10.55984      0.209    30.9432    22.7809 -9.990e-29
 188.383038      0.230  38.699270    15.3072   10.59347      0.228    30.9400    22.7785 -9.990e-29
 188.383044      0.246  38.700730    15.3111   10.62276      0.244    30.9382    22.7763 -9.990e-29
 188.383050      0.264  38.702821    15.3128   10.64938      0.262    30.9387    22.7763 -9.990e-29
 188.383056      0.290  38.702251    15.3101   10.67976      0.288    30.9403    22.7781 -9.990e-29
 188.383061      0.320  38.698912    15.3056   10.70828      0.317    30.9409    22.7795 -9.990e-29
 188.383067      0.345  38.695730    15.3066   10.73165      0.342    30.9372    22.7765 -9.990e-29
 188.383073      0.357  38.698081    15.3138   10.74801      0.354    30.9337    22.7722 -9.990e-29
 188.383079      0.366  38.705260    15.3189   10.76369      0.363    30.9360    22.7729 -9.990e-29
 188.383084      0.379  38.711786    15.3175   10.77504      0.376    30.9429    22.7785 -9.990e-29
 188.383090      0.395  38.713554    15.3153   10.78500      0.392    30.9462    22.7816 -9.990e-29
 188.383096      0.410  38.712451    15.3163   10.79701      0.407    30.9445    22.7800 -9.990e-29
 188.383102      0.425  38.711579    15.3153   10.80988      0.421    30.9445    22.7802 -9.990e-29
 188.383108      0.440  38.709302    15.3077   10.81871      0.436    30.9484    22.7849 -9.990e-29
 188.383113      0.457  38.703794    15.2967   10.82626      0.453    30.9522    22.7901 -9.990e-29
 188.383119      0.473  38.695635    15.2896   10.83832      0.469    30.9505    22.7904 -9.990e-29
 188.383125      0.479  38.687445    15.2910   10.84769      0.475    30.9421    22.7836 -9.990e-29
 188.383131      0.477  38.684015    15.2984   10.85523      0.473    30.9332    22.7752 -9.990e-29
 188.383137      0.475  38.688053    15.3083   10.86711      0.471    30.9290    22.7698 -9.990e-29
 188.383142      0.477  38.698759    15.3185   10.87530      0.473    30.9305    22.7688 -9.990e-29
 188.383148      0.483  38.710759    15.3262   10.87518      0.479    30.9351    22.7707 -9.990e-29
 188.383154      0.493  38.717601    15.3330   10.87889      0.489    30.9359    22.7698 -9.990e-29
 188.383160      0.509  38.722219    15.3411   10.88418      0.505    30.9336    22.7663 -9.990e-29
 188.383166      0.530  38.728502    15.3481   10.88913      0.526    30.9336    22.7648 -9.990e-29
 188.383171      0.555  38.734151    15.3517   10.89086      0.550    30.9358    22.7657 -9.990e-29
 188.383177      0.576  38.736581    15.3520   10.89557      0.571    30.9377    22.7671 -9.990e-29
 188.383183      0.590  38.736208    15.3483   10.89804      0.585    30.9403    22.7699 -9.990e-29
 188.383189      0.598  38.734191    15.3418   10.90184      0.593    30.9436    22.7739 -9.990e-29
 188.383194      0.605  38.730620    15.3386   10.90727      0.600    30.9430    22.7740 -9.990e-29
 188.383200      0.616  38.728000    15.3405   10.91011      0.611    30.9392    22.7707 -9.990e-29
 188.383206      0.627  38.728422    15.3432   10.91646      0.622    30.9374    22.7688 -9.990e-29
 188.383212      0.639  38.730180    15.3446   10.91986      0.634    30.9379    22.7688 -9.990e-29
 188.383218      0.656  38.731108    15.3454   10.92244      0.651    30.9380    22.7688 -9.990e-29
 188.383223      0.676  38.731300    15.3465   10.92647      0.670    30.9373    22.7680 -9.990e-29
 188.383229      0.696  38.732110    15.3473   10.93392      0.690    30.9374    22.7679 -9.990e-29
 188.383235      0.712  38.732912    15.3464   10.93879      0.706    30.9388    22.7692 -9.990e-29
 188.383241      0.722  38.731945    15.3437   10.94212      0.716    30.9401    22.7707 -9.990e-29
 188.383247      0.729  38.729018    15.3406   10.94504      0.723    30.9399    22.7713 -9.990e-29
 188.383252      0.740  38.725814    15.3362   10.94694      0.734    30.9405    22.7727 -9.990e-29
 188.383258      0.755  38.721961    15.3296   10.94351      0.749    30.9423    22.7755 -9.990e-29
 188.383264      0.774  38.715664    15.3236   10.94251      0.768    30.9414    22.7761 -9.990e-29
 188.383270      0.799  38.710838    15.3197   10.94803      0.792    30.9402    22.7760 -9.990e-29
 188.383275      0.827  38.708874    15.3137   10.94851      0.820    30.9432    22.7796 -9.990e-29
 188.383281      0.852  38.703203    15.3037   10.95275      0.845    30.9460    22.7839 -9.990e-29
 188.383287      0.870  38.692967    15.2944   10.95578      0.863    30.9442    22.7845 -9.990e-29
 188.383293      0.884  38.685803    15.2898   10.95592      0.877    30.9414    22.7834 -9.990e-29
 188.383299      0.893  38.683909    15.2904   10.95995      0.886    30.9393    22.7816 -9.990e-29
 188.383304      0.898  38.684734    15.2972   10.96287      0.891    30.9347    22.7766 -9.990e-29
 188.383310      0.900  38.690476    15.3086   10.96327      0.892    30.9308    22.7711 -9.990e-29
 188.383316      0.903  38.701475    15.3188   10.96768      0.895    30.9325    22.7703 -9.990e-29
