data/oxygen options/OCNMS/OCNMS2/raw_data/2005/CTD_CA40_062205faed.cnv
* Sea-Bird SBE19 Data File:
* FileName = C:\hypoxia CTD data\CA40_062205.hex
* Software Version 1.1.5
* Temperature SN = 2997
* Conductivity SN = 2997
* System UpLoad Time = Jun 22 2005 16:39:22
* SEACAT PROFILER V3.1c SN 2997   06/22/05  16:39:01.488
* strain gauge pressure sensor: S/N = 184829,  range = 3000 psia,  tc = 40
# nquan = 9                                 
# nvalues = 556                         
# units = specified
# name 0 = timeJ: Julian Days
# name 1 = prSM: Pressure, Strain Gauge [db]
# name 2 = c0mS/cm: Conductivity [mS/cm]
# name 3 = t090C: Temperature [ITS-90, deg C]
# name 4 = oxML/L: Oxygen, Beckman/YSI [ml/l]
# name 5 = depSM: Depth [salt water, m], lat = 47.5
# name 6 = sal00: Salinity, Practical [PSU]
# name 7 = sigma-é00: Density [sigma-theta, kg/m^3]
# name 8 = flag: flag
# span 0 = 173.667998, 173.671209       
# span 1 =     -3.469,     39.554       
# span 2 =   0.861917,  38.363393       
# span 3 =     8.8845,    14.9438       
# span 4 =   -0.09701,   25.07357       
# span 5 =     -3.440,     39.220       
# span 6 =     0.5388,    32.9058       
# span 7 =    -0.3983,    25.4971       
# span 8 = 0.0000e+00, 0.0000e+00       
# interval = seconds: 0.5
# start_time = Jun 22 2005 16:01:55 [Instrument's time stamp, header]
# bad_flag = -9.990e-29
*END*
[from data line 481]
 173.670781     30.098  35.087212     9.0573    3.79743     29.845    32.7817    25.3730 0.0000e+00
 173.670787     29.582  35.106580     9.1093    3.80684     29.333    32.7542    25.3433 0.0000e+00
 173.670793     29.084  35.127727     9.1461    3.80294     28.839    32.7425    25.3283 0.0000e+00
 173.670799     28.621  35.142410     9.1697    3.81271     28.380    32.7362    25.3197 0.0000e+00
 173.670804     28.196  35.150214     9.1855    3.81447     27.959    32.7300    25.3123 0.0000e+00
 173.670810     27.800  35.154817     9.1953    3.82364     27.566    32.7259    25.3076 0.0000e+00
 173.670816     27.420  35.158617     9.2062    3.84905     27.189    32.7200    25.3013 0.0000e+00
 173.670822     27.046  35.163877     9.2273    3.88283     26.819    32.7063    25.2872 0.0000e+00
 173.670828     26.661  35.172753     9.2606    3.93937     26.437    32.6851    25.2653 0.0000e+00
 173.670833     26.254  35.185308     9.3023    4.00590     26.033    32.6601    25.2392 0.0000e+00
 173.670839     25.817  35.200908     9.3539    4.03841     25.600    32.6293    25.2068 0.0000e+00
 173.670845     25.343  35.220737     9.4217    4.08062     25.130    32.5881    25.1638 0.0000e+00
 173.670851     24.827  35.247137     9.5067    4.13830     24.618    32.5382    25.1112 0.0000e+00
 173.670856     24.271  35.280559     9.6069    4.23189     24.067    32.4818    25.0510 0.0000e+00
 173.670862     23.695  35.320732     9.7131    4.32641     23.496    32.4272    24.9911 0.0000e+00
 173.670868     23.126  35.365173     9.7984    4.40274     22.932    32.3959    24.9528 0.0000e+00
 173.670874     22.580  35.400280     9.8530    4.46889     22.390    32.3828    24.9335 0.0000e+00
 173.670880     22.055  35.420187     9.9168    4.47571     21.870    32.3460    24.8943 0.0000e+00
 173.670885     21.544  35.446410    10.0392    4.48851     21.363    32.2633    24.8096 0.0000e+00
 173.670891     21.053  35.499901    10.2027    4.53554     20.876    32.1720    24.7112 0.0000e+00
 173.670897     20.598  35.569015    10.3261    4.62009     20.425    32.1324    24.6595 0.0000e+00
 173.670903     20.179  35.618106    10.3732    4.77210     20.010    32.1401    24.6576 0.0000e+00
 173.670909     19.779  35.638661    10.3880    4.96059     19.613    32.1478    24.6611 0.0000e+00
 173.670914     19.368  35.650263    10.4363    5.20314     19.205    32.1169    24.6289 0.0000e+00
 173.670920     18.919  35.669504    10.5723    5.48474     18.760    32.0167    24.5276 0.0000e+00
 173.670926     18.427  35.719792    10.8312    5.80857     18.272    31.8406    24.3460 0.0000e+00
 173.670932     17.901  35.830055    11.2067    6.09863     17.751    31.6251    24.1128 0.0000e+00
 173.670938     17.359  36.010534    11.5915    6.28567     17.213    31.4730    23.9260 0.0000e+00
 173.670943     16.816  36.200833    11.8785    6.37688     16.675    31.4145    23.8285 0.0000e+00
 173.670949     16.273  36.351994    12.0828    6.39981     16.137    31.3882    23.7705 0.0000e+00
 173.670955     15.735  36.479488    12.2691    6.34507     15.603    31.3542    23.7096 0.0000e+00
 173.670961     15.211  36.595234    12.4546    6.29634     15.083    31.3099    23.6405 0.0000e+00
 173.670966     14.709  36.708362    12.5895    6.21499     14.586    31.3052    23.6113 0.0000e+00
 173.670972     14.242  36.791428    12.6500    6.15689     14.123    31.3338    23.6220 0.0000e+00
 173.670978     13.808  36.825694    12.6640    6.14010     13.692    31.3548    23.6355 0.0000e+00
 173.670984     13.393  36.831641    12.6631    6.14758     13.281    31.3613    23.6408 0.0000e+00
 173.670990     12.984  36.829543    12.6778    6.19510     12.875    31.3473    23.6271 0.0000e+00
 173.670995     12.567  36.842395    12.7128    6.25272     12.462    31.3305    23.6074 0.0000e+00
 173.671001     12.128  36.867144    12.7628    6.30613     12.026    31.3126    23.5840 0.0000e+00
 173.671007     11.662  36.893615    12.8420    6.33048     11.564    31.2722    23.5375 0.0000e+00
 173.671013     11.164  36.938605    12.9635    6.34531     11.071    31.2144    23.4693 0.0000e+00
 173.671019     10.641  37.015567    13.1130    6.36508     10.552    31.1638    23.4012 0.0000e+00
 173.671024     10.115  37.110494    13.2480    6.39362     10.030    31.1421    23.3580 0.0000e+00
 173.671030      9.608  37.193526    13.3403    6.46715      9.528    31.1442    23.3415 0.0000e+00
 173.671036      9.134  37.248109    13.3959    6.55060      9.058    31.1497    23.3348 0.0000e+00
 173.671042      8.695  37.280316    13.4354    6.63326      8.622    31.1476    23.3254 0.0000e+00
 173.671047      8.273  37.304507    13.4837    6.70037      8.204    31.1308    23.3028 0.0000e+00
 173.671053      7.852  37.333318    13.5699    6.71343      7.786    31.0875    23.2523 0.0000e+00
 173.671059      7.418  37.387782    13.6956    6.72913      7.356    31.0360    23.1874 0.0000e+00
 173.671065      6.967  37.473788    13.8232    6.74332      6.909    31.0122    23.1434 0.0000e+00
 173.671071      6.506  37.558536    13.9320    7.79737      6.452    31.0025    23.1140 0.0000e+00
 173.671076      6.045  37.626066    14.0161    6.87473      5.994    30.9969    23.0926 0.0000e+00
 173.671082      5.595  37.675594    14.0657    6.94078      5.548    31.0025    23.0868 0.0000e+00
 173.671088      5.168  37.698028    14.0994    6.99074      5.125    30.9961    23.0750 0.0000e+00
 173.671094      4.765  37.707593    14.1793    6.97722      4.725    30.9408    23.0160 0.0000e+00
 173.671100      4.382  37.740607    14.3572    6.97230      4.345    30.8289    22.8932 0.0000e+00
 173.671105      4.018  37.816410    14.5823    6.94242      3.984    30.7191    22.7620 0.0000e+00
 173.671111      3.673  37.838107    14.7553    6.91895      3.642    30.6024    22.6360 0.0000e+00
 173.671117      3.356  37.527882    14.8505    6.89650      3.328    30.2497    22.3445 0.0000e+00
 173.671123      3.085  36.291556    14.8905    6.92003      3.059    29.1149    21.4630 0.0000e+00
 173.671128      2.877  32.428009    14.9029    6.94643      2.853    25.6939    18.8308 0.0000e+00
 173.671134      2.728  29.516362    14.9152    6.98537      2.705    23.1530    16.8775 -9.990e-29
 173.671140      2.615  32.435770    14.9304    6.94932      2.593    25.6827    18.8166 -9.990e-29
 173.671146      2.518  36.334811    14.9394    6.88231      2.497    29.1172    21.4545 -9.990e-29
 173.671152      2.422  37.640764    14.9430    6.73796      2.402    30.2794    22.3479 -9.990e-29
 173.671157      2.322  38.078077    14.9438 -9.990e-29      2.303    30.6703    22.6486 -9.990e-29
 173.671163      2.223  38.225910    14.9433 -9.990e-29      2.204    30.8032    22.7510 -9.990e-29
 173.671169      2.133  38.276329    14.9430 -9.990e-29      2.115    30.8487    22.7861 -9.990e-29
 173.671175      2.050  38.292070    14.9423 -9.990e-29      2.033    30.8634    22.7975 -9.990e-29
 173.671181      1.968  38.295805    14.9381 -9.990e-29      1.952    30.8701    22.8036 -9.990e-29
 173.671186      1.887  38.291954    14.9260 -9.990e-29      1.871    30.8763    22.8109 -9.990e-29
 173.671192      1.814  38.273700    14.9011 -9.990e-29      1.799    30.8796    22.8187 -9.990e-29
 173.671198      1.758  38.245309    14.8672 -9.990e-29      1.743    30.8809    22.8269 -9.990e-29
 173.671204      1.723  38.223332    14.8498 -9.990e-29      1.709    30.8750    22.8260 -9.990e-29
 173.671209      1.712  38.211551 -9.990e-29 -9.990e-29      1.698 -9.990e-29 -9.990e-29 -9.990e-29
