data/oxygen options/OCNMS/OCNMS2/raw_data/2005/CTD_TH90_083105faed.cnv
* Sea-Bird SBE19 Data File:
* FileName = C:\hypoxia CTD data\TH90_083105.hex
* Software Version 1.1.5
* Temperature SN = 2997
* Conductivity SN = 2997
* System UpLoad Time = Aug 31 2005 15:30:19
** Teahwhit Head 083105 90m
* SEACAT PROFILER V3.1c SN 2997   08/31/05  15:26:06.947
# nquan = 9                                 
# nvalues = 1469                        
# units = specified
# name 0 = timeJ: Julian Days
# name 1 = prSM: Pressure, Strain Gauge [db]
# name 2 = c0mS/cm: Conductivity [mS/cm]
# name 3 = t090C: Temperature [ITS-90, deg C]
# name 4 = oxML/L: Oxygen, Beckman/YSI [ml/l]
# name 5 = depSM: Depth [salt water, m], lat = 47.5
# name 6 = sal00: Salinity, Practical [PSU]
# name 7 = sigma-é00: Density [sigma-theta, kg/m^3]
# name 8 = flag: flag
# span 0 = 243.504410, 243.512905       
# span 1 =     -3.580,     93.917       
# span 2 =   0.492101,  38.998400       
# span 3 =     7.3327,    15.0230       
# span 4 =   -0.12033,   24.96044       
# span 5 =     -3.550,     93.112       
# span 6 =     0.3076,    33.8065       
# span 7 =    -0.4669,    26.4334       
# span 8 = 0.0000e+00, 0.0000e+00       
# interval = seconds: 0.5
# start_time = Aug 31 2005 12:06:21 [Instrument's time stamp, header]
# bad_flag = -9.990e-29
*END*
[from data line 801]
 243.509045     52.968  34.675731     7.8701    3.49780     52.519    33.4525    26.0783 -9.990e-29
 243.509051     52.995  34.673611     7.8684    3.49275     52.546    33.4519    26.0780 -9.990e-29
 243.509057     53.001  34.672193     7.8690    3.50047     52.552    33.4498    26.0763 -9.990e-29
 243.509063     52.986  34.672377     7.8714    3.49839     52.537    33.4477    26.0743 -9.990e-29
 243.509068     52.954  34.673835     7.8740    3.50314     52.505    33.4468    26.0732 -9.990e-29
 243.509074     52.910  34.675136     7.8762    3.50722     52.462    33.4461    26.0724 -9.990e-29
 243.509080     52.857  34.676320     7.8785    3.50868     52.409    33.4452    26.0713 -9.990e-29
 243.509086     52.804  34.677833     7.8809    3.51882     52.357    33.4445    26.0704 -9.990e-29
 243.509091     52.768  34.679441     7.8829    3.52059     52.321    33.4443    26.0700 -9.990e-29
 243.509097     52.753  34.681034     7.8846    3.52186     52.306    33.4444    26.0698 -9.990e-29
 243.509103     52.751  34.682482     7.8854    3.52120     52.304    33.4452    26.0703 -9.990e-29
 243.509109     52.765  34.682900     7.8843    3.51154     52.318    33.4467    26.0717 -9.990e-29
 243.509115     52.789  34.681712     7.8824    3.51713     52.342    33.4472    26.0724 -9.990e-29
 243.509120     52.817  34.680125     7.8813    3.52579     52.369    33.4466    26.0720 -9.990e-29
 243.509126     52.847  34.679372     7.8812    3.52087     52.399    33.4459    26.0715 -9.990e-29
 243.509132     52.880  34.679559     7.8821    3.51378     52.432    33.4452    26.0708 -9.990e-29
 243.509138     52.919  34.680360     7.8832    3.49961     52.471    33.4450    26.0705 -9.990e-29
 243.509144     52.966  34.681150     7.8829    3.49679     52.517    33.4461    26.0714 -9.990e-29
 243.509149     53.024  34.680730     7.8802    3.50153     52.575    33.4482    26.0734 -9.990e-29
 243.509155     53.088  34.678527     7.8752    3.50003     52.638    33.4506    26.0760 -9.990e-29
 243.509161     53.141  34.674395     7.8700    3.49528     52.691    33.4511    26.0772 -9.990e-29
 243.509167     53.169  34.670097     7.8680    3.48701     52.718    33.4484    26.0754 -9.990e-29
 243.509172     53.169  34.668855     7.8697    3.49429     52.718    33.4455    26.0728 -9.990e-29
 243.509178     53.143  34.670682     7.8739    3.50065     52.693    33.4434    26.0706 -9.990e-29
 243.509184     53.092  34.674076     7.8785    3.50607     52.642    33.4427    26.0693 -9.990e-29
 243.509190     53.025  34.677386     7.8821    3.51490     52.576    33.4428    26.0689 -9.990e-29
 243.509196     52.957  34.679408     7.8845    3.51344     52.508    33.4427    26.0685 -9.990e-29
 243.509201     52.899  34.680585     7.8857    3.50695     52.451    33.4428    26.0684 -9.990e-29
 243.509207     52.860  34.681356     7.8859    3.51231     52.412    33.4435    26.0689 -9.990e-29
 243.509213     52.843  34.681615     7.8860    3.50516     52.395    33.4437    26.0690 -9.990e-29
 243.509219     52.841  34.681697     7.8865    3.51260     52.393    33.4433    26.0687 -9.990e-29
 243.509225     52.847  34.682260     7.8872    3.51635     52.399    33.4432    26.0685 -9.990e-29
 243.509230     52.857  34.682919     7.8878    3.51424     52.409    33.4433    26.0685 -9.990e-29
 243.509236     52.870  34.683419     7.8883    3.50884     52.422    33.4434    26.0685 -9.990e-29
 243.509242     52.893  34.683854     7.8881    3.51104     52.445    33.4440    26.0690 -9.990e-29
 243.509248     52.935  34.683670     7.8862    3.50436     52.486    33.4456    26.0706 -9.990e-29
 243.509253     53.003  34.682052     7.8813    3.49900     52.554    33.4486    26.0736 -9.990e-29
 243.509259     53.093  34.677952     7.8737    3.49238     52.643    33.4514    26.0769 -9.990e-29
 243.509265     53.190  34.672056     7.8667    3.48280     52.739    33.4517    26.0782 -9.990e-29
 243.509271     53.277  34.667137     7.8634    3.48823     52.826    33.4496    26.0770 -9.990e-29
 243.509277     53.348  34.665030     7.8637    3.50355     52.896    33.4470    26.0749 -9.990e-29
 243.509282     53.404  34.665715     7.8661    3.50715     52.951    33.4454    26.0733 -9.990e-29
 243.509288     53.451  34.667289     7.8689    3.50896     52.998    33.4444    26.0721 -9.990e-29
 243.509294     53.510  34.667914     7.8710    3.50827     53.057    33.4430    26.0707 -9.990e-29
 243.509300     53.607  34.667855     7.8715    3.50265     53.153    33.4425    26.0702 -9.990e-29
 243.509306     53.755  34.667590     7.8692    3.48644     53.299    33.4443    26.0720 0.0000e+00
 243.509311     53.959  34.666761     7.8635    3.47107     53.502    33.4488    26.0763 0.0000e+00
 243.509317     54.221  34.664255     7.8538    3.44860     53.761    33.4553    26.0828 0.0000e+00
 243.509323     54.535  34.658969     7.8368    3.43807     54.073    33.4657    26.0935 0.0000e+00
 243.509329     54.892  34.649456     7.8086    3.44974     54.427    33.4824    26.1107 0.0000e+00
 243.509334     55.279  34.633678     7.7690    3.46967     54.810    33.5033    26.1329 0.0000e+00
 243.509340     55.688  34.612450     7.7236    3.49402     55.216    33.5240    26.1557 0.0000e+00
 243.509346     56.106  34.590533     7.6808    3.51273     55.630    33.5414    26.1755 0.0000e+00
 243.509352     56.522  34.572326     7.6470    3.51521     56.043    33.5542    26.1904 0.0000e+00
 243.509358     56.931  34.558763     7.6243    3.51336     56.448    33.5613    26.1992 0.0000e+00
 243.509363     57.329  34.549688     7.6112    3.51872     56.843    33.5639    26.2032 0.0000e+00
 243.509369     57.714  34.544762     7.6044    3.51913     57.224    33.5650    26.2050 0.0000e+00
 243.509375     58.082  34.542455     7.6003    3.51343     57.589    33.5663    26.2066 0.0000e+00
 243.509381     58.436  34.541366     7.5965    3.49742     57.940    33.5686    26.2090 0.0000e+00
 243.509387     58.786  34.541158     7.5912    3.46197     58.287    33.5733    26.2134 0.0000e+00
 243.509392     59.142  34.541549     7.5825    3.42895     58.640    33.5820    26.2215 0.0000e+00
 243.509398     59.508  34.542498     7.5711    3.40066     59.003    33.5939    26.2324 0.0000e+00
 243.509404     59.888  34.544143     7.5586    3.37806     59.380    33.6076    26.2450 0.0000e+00
 243.509410     60.270  34.545870     7.5439    3.37056     59.758    33.6235    26.2596 0.0000e+00
 243.509416     60.636  34.546613     7.5271    3.35650     60.121    33.6404    26.2753 0.0000e+00
 243.509421     60.972  34.546233     7.5121    3.34107     60.454    33.6543    26.2884 0.0000e+00
 243.509427     61.268  34.547020     7.5013    3.32373     60.748    33.6655    26.2987 0.0000e+00
 243.509433     61.519  34.550013     7.4949    3.32022     60.996    33.6748    26.3070 0.0000e+00
 243.509439     61.718  34.553031     7.4921    3.32248     61.194    33.6807    26.3120 0.0000e+00
 243.509444     61.869  34.554487     7.4917    3.33142     61.343    33.6826    26.3135 -9.990e-29
 243.509450     61.983  34.554639     7.4925    3.33308     61.456    33.6820    26.3129 -9.990e-29
 243.509456     62.067  34.554246     7.4936    3.32556     61.540    33.6804    26.3115 -9.990e-29
 243.509462     62.129  34.553904     7.4941    3.32354     61.601    33.6795    26.3108 -9.990e-29
 243.509468     62.179  34.553713     7.4934    3.32187     61.651    33.6800    26.3112 -9.990e-29
 243.509473     62.216  34.553416     7.4917    3.32358     61.687    33.6813    26.3125 -9.990e-29
 243.509479     62.236  34.553176     7.4905    3.32356     61.707    33.6822    26.3134 -9.990e-29
 243.509485     62.242  34.553232     7.4903    3.32690     61.713    33.6824    26.3136 -9.990e-29
 243.509491     62.234  34.553095     7.4903    3.33250     61.705    33.6823    26.3135 -9.990e-29
 243.509497     62.216  34.552577     7.4904    3.33825     61.687    33.6817    26.3130 -9.990e-29
 243.509502     62.199  34.552107     7.4905    3.34141     61.671    33.6811    26.3125 -9.990e-29
 243.509508     62.191  34.551620     7.4910    3.33559     61.663    33.6800    26.3116 -9.990e-29
 243.509514     62.187  34.551023     7.4917    3.33411     61.659    33.6787    26.3105 -9.990e-29
 243.509520     62.187  34.550641     7.4920    3.33432     61.659    33.6780    26.3099 -9.990e-29
 243.509525     62.195  34.550522     7.4915    3.33601     61.667    33.6784    26.3102 -9.990e-29
 243.509531     62.207  34.550505     7.4908    3.33992     61.679    33.6790    26.3108 -9.990e-29
 243.509537     62.220  34.550563     7.4906    3.34706     61.691    33.6793    26.3111 -9.990e-29
 243.509543     62.235  34.550769     7.4910    3.34944     61.706    33.6791    26.3109 -9.990e-29
 243.509549     62.252  34.550836     7.4917    3.34993     61.723    33.6785    26.3103 -9.990e-29
 243.509554     62.272  34.550292     7.4922    3.34838     61.743    33.6774    26.3094 -9.990e-29
 243.509560     62.298  34.549530     7.4920    3.33037     61.769    33.6768    26.3089 -9.990e-29
 243.509566     62.326  34.549212     7.4910    3.32044     61.796    33.6774    26.3095 -9.990e-29
 243.509572     62.350  34.549471     7.4900    3.32695     61.820    33.6786    26.3106 -9.990e-29
 243.509578     62.362  34.550090     7.4897    3.33840     61.832    33.6796    26.3114 -9.990e-29
 243.509583     62.354  34.550771     7.4902    3.34248     61.824    33.6798    26.3116 -9.990e-29
 243.509589     62.323  34.551296     7.4907    3.34898     61.794    33.6799    26.3116 -9.990e-29
 243.509595     62.274  34.551241     7.4909    3.33908     61.745    33.6797    26.3113 -9.990e-29
 243.509601     62.227  34.550531     7.4913    3.33604     61.698    33.6786    26.3104 -9.990e-29
 243.509606     62.198  34.549900     7.4916    3.33787     61.670    33.6776    26.3096 -9.990e-29
 243.509612     62.195  34.549628     7.4916    3.34354     61.667    33.6773    26.3094 -9.990e-29
 243.509618     62.209  34.549348     7.4914    3.35605     61.681    33.6772    26.3093 -9.990e-29
 243.509624     62.224  34.549245     7.4915    3.35794     61.695    33.6770    26.3091 -9.990e-29
 243.509630     62.233  34.549179     7.4922    3.35532     61.704    33.6762    26.3084 -9.990e-29
 243.509635     62.243  34.548498     7.4930    3.34402     61.714    33.6747    26.3071 -9.990e-29
 243.509641     62.266  34.547411     7.4932    3.33898     61.737    33.6733    26.3060 -9.990e-29
 243.509647     62.301  34.546711     7.4925    3.33875     61.772    33.6732    26.3060 -9.990e-29
 243.509653     62.352  34.547143     7.4914    3.33261     61.822    33.6747    26.3074 -9.990e-29
 243.509659     62.412  34.548720     7.4906    3.33490     61.882    33.6772    26.3094 -9.990e-29
 243.509664     62.470  34.550180     7.4901    3.31983     61.939    33.6792    26.3111 -9.990e-29
 243.509670     62.519  34.550661     7.4895    3.31155     61.988    33.6803    26.3120 -9.990e-29
 243.509676     62.567  34.550803     7.4888    3.31417     62.035    33.6811    26.3128 -9.990e-29
 243.509682     62.614  34.551353     7.4879    3.31047     62.082    33.6826    26.3140 -9.990e-29
 243.509688     62.653  34.552482     7.4874    3.31759     62.121    33.6843    26.3154 -9.990e-29
 243.509693     62.687  34.553448     7.4875    3.32192     62.154    33.6852    26.3162 -9.990e-29
 243.509699     62.710  34.553294     7.4883    3.33140     62.177    33.6842    26.3153 -9.990e-29
 243.509705     62.727  34.551811     7.4900    3.33655     62.194    33.6810    26.3125 -9.990e-29
 243.509711     62.769  34.549263     7.4918    3.34493     62.236    33.6764    26.3087 -9.990e-29
 243.509716     62.860  34.546736     7.4930    3.34432     62.326    33.6725    26.3054 -9.990e-29
 243.509722     63.011  34.545343     7.4931    3.33372     62.476    33.6708    26.3041 0.0000e+00
 243.509728     63.227  34.545469     7.4919    3.33212     62.690    33.6720    26.3052 0.0000e+00
 243.509734     63.503  34.547280     7.4897    3.31707     62.963    33.6760    26.3086 0.0000e+00
 243.509740     63.829  34.550383     7.4877    3.30956     63.286    33.6811    26.3129 0.0000e+00
 243.509745     64.190  34.553305     7.4865    3.30466     63.644    33.6853    26.3164 0.0000e+00
 243.509751     64.576  34.554891     7.4857    3.29833     64.027    33.6876    26.3183 0.0000e+00
 243.509757     64.976  34.555570     7.4851    3.29330     64.424    33.6887    26.3193 0.0000e+00
 243.509763     65.386  34.556242     7.4847    3.28048     64.830    33.6896    26.3201 0.0000e+00
 243.509769     65.807  34.557236     7.4834    3.24721     65.247    33.6918    26.3220 0.0000e+00
 243.509774     66.240  34.558193     7.4793    3.19371     65.677    33.6966    26.3263 0.0000e+00
 243.509780     66.687  34.558704     7.4691    3.12570     66.120    33.7068    26.3358 0.0000e+00
 243.509786     67.146  34.557762     7.4532    3.05096     66.575    33.7210    26.3493 0.0000e+00
 243.509792     67.609  34.554667     7.4374    2.99530     67.034    33.7328    26.3608 0.0000e+00
 243.509797     68.061  34.550891     7.4245    2.94468     67.482    33.7411    26.3691 0.0000e+00
 243.509803     68.493  34.547557     7.4126    2.89189     67.910    33.7488    26.3769 0.0000e+00
 243.509809     68.907  34.544697     7.4004    2.84690     68.320    33.7574    26.3853 0.0000e+00
 243.509815     69.308  34.542416     7.3867    2.79435     68.718    33.7681    26.3957 0.0000e+00
 243.509821     69.692  34.540470     7.3732    2.75347     69.099    33.7790    26.4061 0.0000e+00
 243.509826     70.053  34.538501     7.3632    2.73087     69.457    33.7864    26.4134 0.0000e+00
 243.509832     70.388  34.536680     7.3567    2.71769     69.789    33.7906    26.4176 0.0000e+00
 243.509838     70.693  34.535374     7.3509    2.70795     70.091    33.7947    26.4216 0.0000e+00
 243.509844     70.963  34.534516     7.3449    2.69786     70.359    33.7995    26.4263 0.0000e+00
 243.509850     71.192  34.534080     7.3412    2.69676     70.586    33.8025    26.4292 0.0000e+00
 243.509855     71.378  34.534039     7.3420    2.71023     70.770    33.8016    26.4283 0.0000e+00
 243.509861     71.525  34.534335     7.3463    2.71872     70.916    33.7977    26.4246 -9.990e-29
 243.509867     71.646  34.534798     7.3501    2.71864     71.036    33.7944    26.4215 -9.990e-29
 243.509873     71.753  34.534922     7.3492    2.71454     71.142    33.7954    26.4224 -9.990e-29
 243.509878     71.848  34.534311     7.3442    2.70093     71.236    33.7995    26.4264 -9.990e-29
 243.509884     71.930  34.533269     7.3395    2.70330     71.317    33.8029    26.4297 -9.990e-29
 243.509890     71.998  34.532645     7.3376    2.70035     71.385    33.8041    26.4309 -9.990e-29
 243.509896     72.058  34.532725     7.3374    2.70128     71.444    33.8043    26.4311 -9.990e-29
 243.509902     72.113  34.533051     7.3373    2.68896     71.499    33.8048    26.4315 -9.990e-29
 243.509907     72.167  34.532933     7.3365    2.68422     71.552    33.8054    26.4321 -9.990e-29
 243.509913     72.222  34.532212     7.3351    2.69006     71.607    33.8059    26.4327 -9.990e-29
 243.509919     72.275  34.531606     7.3342    2.68397     71.659    33.8061    26.4330 -9.990e-29
 243.509925     72.311  34.531424     7.3343    2.69239     71.695    33.8058    26.4328 -9.990e-29
 243.509931     72.325  34.531419     7.3348    2.68830     71.709    33.8053    26.4323 -9.990e-29
 243.509936     72.316  34.531583     7.3353    2.68265     71.700    33.8050    26.4320 -9.990e-29
 243.509942     72.289  34.531570     7.3355    2.68093     71.673    33.8048    26.4318 -9.990e-29
 243.509948     72.254  34.531360     7.3350    2.68099     71.638    33.8051    26.4321 -9.990e-29
 243.509954     72.224  34.531232     7.3342    2.67768     71.609    33.8058    26.4327 -9.990e-29
 243.509959     72.194  34.531016     7.3338    2.68885     71.579    33.8059    26.4329 -9.990e-29
