data/oxygen options/OCNMS/OCNMS2/raw_data/2005/CTD_CA70_083005faedb.cnv
* Sea-Bird SBE19 Data File:
* FileName = C:\hypoxia CTD data\CA70_083005.hex
* Software Version 1.1.5
* Temperature SN = 2997
* Conductivity SN = 2997
* System UpLoad Time = Aug 30 2005 17:26:50
** Cape Alava 70m 083005
* SEACAT PROFILER V3.1c SN 2997   08/30/05  17:25:12.101
# nquan = 9
# nvalues = 68                          
# units = specified
# name 0 = timeJ: Julian Days
# name 1 = prSM: Pressure, Strain Gauge [db]
# name 2 = c0mS/cm: Conductivity [mS/cm]
# name 3 = t090C: Temperature [ITS-90, deg C]
# name 4 = oxML/L: Oxygen, Beckman/YSI [ml/l]
# name 5 = depSM: Depth [salt water, m], lat = 47.5
# name 6 = sal00: Salinity, Practical [PSU]
# name 7 = sigma-é00: Density [sigma-theta, kg/m^3]
# name 8 = flag: flag
# span 0 = 242.673229, 242.674053       
# span 1 =      4.000,     71.000       
# span 2 =  34.526900,  38.562883       
# span 3 =     7.6369,    14.2972       
# span 4 =    3.29333,    7.82250       
# span 5 =      3.967,     70.396       
# span 6 =    31.6264,    33.5482       
# span 7 =    23.5205,    26.1872       
# span 8 = 0.0000e+00, 0.0000e+00       
# interval = decibars: 1                
# start_time = Aug 30 2005 16:06:14 [Instrument's time stamp, header]
# bad_flag = -9.990e-29
*END*
 242.673229      4.000  38.562883    14.2972    7.82250      3.967    31.6264    23.5205 0.0000e+00
 242.673251      5.000  38.491592    14.1053    6.81236      4.959    31.7183    23.6310 0.0000e+00
 242.673266      6.000  38.268739    13.6869    5.83910      5.950    31.8587    23.8243 0.0000e+00
 242.673277      7.000  37.977623    13.2305    5.18452      6.941    31.9687    24.0004 0.0000e+00
 242.673288      8.000  37.644896    12.7184    4.76101      7.933    32.0878    24.1922 0.0000e+00
 242.673299      9.000  37.256729    12.1689    4.50397      8.925    32.1868    24.3736 0.0000e+00
 242.673308     10.000  36.856098    11.6167    4.38821      9.916    32.2768    24.5456 0.0000e+00
 242.673319     11.000  36.505242    11.0566    4.31022     10.908    32.4232    24.7597 0.0000e+00
 242.673330     12.000  36.204594    10.6334    4.22642     11.900    32.4994    24.8929 0.0000e+00
 242.673340     13.000  35.974110    10.3692    4.14597     12.891    32.5040    24.9417 0.0000e+00
 242.673351     14.000  35.810072    10.1931    4.06071     13.883    32.4962    24.9654 0.0000e+00
 242.673361     15.000  35.698847    10.0456    3.93562     14.874    32.5158    25.0054 0.0000e+00
 242.673373     16.000  35.591512     9.9027    3.87044     15.866    32.5353    25.0442 0.0000e+00
 242.673383     17.000  35.500886     9.7165    3.83160     16.857    32.6110    25.1339 0.0000e+00
 242.673394     18.000  35.406887     9.5317    3.79535     17.849    32.6823    25.2196 0.0000e+00
 242.673405     19.000  35.397779     9.4575    3.80160     18.840    32.7403    25.2769 0.0000e+00
 242.673415     20.000  35.396699     9.4179    3.80441     19.832    32.7749    25.3104 0.0000e+00
 242.673426     21.000  35.388796     9.3889    3.81127     20.824    32.7929    25.3290 0.0000e+00
 242.673437     22.000  35.380567     9.3732    3.85932     21.815    32.7984    25.3359 0.0000e+00
 242.673447     23.000  35.376086     9.3671    3.89133     22.807    32.7989    25.3373 0.0000e+00
 242.673458     24.000  35.373168     9.3621    3.89577     23.798    32.8000    25.3389 0.0000e+00
 242.673469     25.000  35.369429     9.3518    3.81663     24.790    32.8051    25.3447 0.0000e+00
 242.673480     26.000  35.361732     9.3145    3.67231     25.781    32.8310    25.3709 0.0000e+00
 242.673492     27.000  35.307711     9.1455    3.53539     26.773    32.9305    25.4755 0.0000e+00
 242.673504     28.000  35.151176     8.8580    3.54157     27.765    33.0339    25.6013 0.0000e+00
 242.673516     29.000  34.980246     8.6091    3.59231     28.756    33.0869    25.6811 0.0000e+00
 242.673527     30.000  34.852598     8.5054    3.69436     29.748    33.0493    25.6674 0.0000e+00
 242.673540     31.000  34.794799     8.3928    3.81040     30.739    33.0935    25.7191 0.0000e+00
 242.673549     32.000  34.716746     8.2989    3.88448     31.730    33.0987    25.7372 0.0000e+00
 242.673560     33.000  34.676792     8.2553    3.92625     32.722    33.0970    25.7424 0.0000e+00
 242.673570     34.000  34.651568     8.2269    3.96979     33.714    33.0966    25.7462 0.0000e+00
 242.673580     35.000  34.633223     8.2030    4.00537     34.705    33.0992    25.7519 0.0000e+00
 242.673591     36.000  34.614677     8.1818    4.04861     35.696    33.0990    25.7549 0.0000e+00
 242.673603     37.000  34.599101     8.1612    4.15941     36.688    33.1015    25.7599 0.0000e+00
 242.673614     38.000  34.577087     8.1117    4.30050     37.679    33.1243    25.7851 0.0000e+00
 242.673625     39.000  34.547306     8.0650    4.39690     38.671    33.1364    25.8014 0.0000e+00
 242.673636     40.000  34.534501     8.0468    4.44687     39.662    33.1395    25.8066 0.0000e+00
 242.673648     41.000  34.529100     8.0360    4.51417     40.654    33.1433    25.8112 0.0000e+00
 242.673658     42.000  34.526900     8.0288    4.55662     41.645    33.1474    25.8154 0.0000e+00
 242.673670     43.000  34.528279     8.0275    4.55353     42.636    33.1497    25.8174 0.0000e+00
 242.673682     44.000  34.531845     8.0246    4.53691     43.628    33.1558    25.8226 0.0000e+00
 242.673693     45.000  34.541855     8.0182    4.49619     44.619    33.1720    25.8363 0.0000e+00
 242.673705     46.000  34.558277     8.0138    4.45544     45.611    33.1933    25.8537 0.0000e+00
 242.673716     47.000  34.575490     8.0116    4.41594     46.602    33.2131    25.8697 0.0000e+00
 242.673728     48.000  34.593617     8.0077    4.38182     47.594    33.2359    25.8880 0.0000e+00
 242.673740     49.000  34.604277     7.9995    4.32954     48.585    33.2545    25.9039 0.0000e+00
 242.673752     50.000  34.607035     7.9765    4.27955     49.577    33.2788    25.9263 0.0000e+00
 242.673763     51.000  34.607079     7.9434    4.20648     50.568    33.3099    25.9556 0.0000e+00
 242.673774     52.000  34.604173     7.9092    4.15729     51.559    33.3389    25.9834 0.0000e+00
 242.673787     53.000  34.599564     7.8720    4.12322     52.551    33.3692    26.0125 0.0000e+00
 242.673798     54.000  34.595408     7.8478    4.08910     53.542    33.3873    26.0304 0.0000e+00
 242.673812     55.000  34.593325     7.8262    4.03823     54.533    33.4053    26.0476 0.0000e+00
 242.673823     56.000  34.591533     7.7953    3.96902     55.525    33.4324    26.0734 0.0000e+00
 242.673836     57.000  34.584139     7.7425    3.85445     56.516    33.4747    26.1143 0.0000e+00
 242.673847     58.000  34.573914     7.7048    3.67893     57.508    33.4995    26.1391 0.0000e+00
 242.673860     59.000  34.569599     7.6807    3.57373     58.499    33.5176    26.1568 0.0000e+00
 242.673873     60.000  34.567247     7.6722    3.51327     59.491    33.5227    26.1621 0.0000e+00
 242.673886     61.000  34.566542     7.6662    3.43675     60.482    33.5273    26.1665 0.0000e+00
 242.673898     62.000  34.566384     7.6557    3.35857     61.474    33.5368    26.1755 0.0000e+00
 242.673910     63.000  34.565633     7.6502    3.32603     62.464    33.5408    26.1795 0.0000e+00
 242.673922     64.000  34.564963     7.6484    3.32305     63.456    33.5413    26.1801 0.0000e+00
 242.673933     65.000  34.565230     7.6478    3.33119     64.447    33.5418    26.1807 0.0000e+00
 242.673947     66.000  34.565590     7.6465    3.32872     65.439    33.5429    26.1817 0.0000e+00
 242.673959     67.000  34.564434     7.6415    3.31471     66.430    33.5460    26.1848 0.0000e+00
 242.673972     68.000  34.564093     7.6386    3.31599     67.422    33.5479    26.1868 0.0000e+00
 242.673984     69.000  34.563965     7.6376    3.30905     68.413    33.5482    26.1872 0.0000e+00
 242.674000     70.000  34.563291     7.6369    3.30232     69.404    33.5478    26.1870 0.0000e+00
 242.674053     71.000  34.555738     7.6381    3.29333     70.396    33.5379    26.1790 0.0000e+00
