data/oxygen options/OCNMS/OCNMS2/raw_data/2005/CTD_TH60_070705faed.cnv
* Sea-Bird SBE19 Data File:
* FileName = C:\Hypoxia Data\TH60_070705.hex
* Software Version 1.1.6
* Temperature SN = 2997
* Conductivity SN = 2997
* System UpLoad Time = Jul 07 2005 10:35:14
* SEACAT PROFILER V3.1c SN 2997   07/07/05  10:34:47.864
* strain gauge pressure sensor: S/N = 184829,  range = 3000 psia,  tc = 40
# nquan = 9                                 
# nvalues = 1025                        
# units = specified
# name 0 = timeJ: Julian Days
# name 1 = prSM: Pressure, Strain Gauge [db]
# name 2 = c0mS/cm: Conductivity [mS/cm]
# name 3 = t090C: Temperature [ITS-90, deg C]
# name 4 = oxML/L: Oxygen, Beckman/YSI [ml/l]
# name 5 = depSM: Depth [salt water, m], lat = 47.5
# name 6 = sal00: Salinity, Practical [PSU]
# name 7 = sigma-é00: Density [sigma-theta, kg/m^3]
# name 8 = flag: flag
# span 0 = 188.433935, 188.439861       
# span 1 =     -2.780,     61.138       
# span 2 =   5.298544,  38.546116       
# span 3 =     7.8543,    15.0869       
# span 4 =   -0.09908,   23.33073       
# span 5 =     -2.757,     60.619       
# span 6 =     3.6043,    33.5791       
# span 7 =     1.8846,    26.1798       
# span 8 = 0.0000e+00, 0.0000e+00       
# interval = seconds: 0.5
# start_time = Jul 07 2005 10:24:52 [Instrument's time stamp, header]
# bad_flag = -9.990e-29
*END*
[from data line 481]
 188.436719     12.704  37.382081    12.6024    7.12764     12.598    31.9347    24.0964 -9.990e-29
 188.436725     12.864  37.380676    12.5973    7.17290     12.756    31.9377    24.0996 0.0000e+00
 188.436730     13.072  37.377310    12.5864    7.20987     12.962    31.9436    24.1063 0.0000e+00
 188.436736     13.326  37.369730    12.5708    7.15836     13.214    31.9496    24.1139 0.0000e+00
 188.436742     13.619  37.357357    12.5521    7.04142     13.505    31.9535    24.1206 0.0000e+00
 188.436748     13.941  37.342191    12.5290    6.79846     13.824    31.9586    24.1289 0.0000e+00
 188.436753     14.281  37.324182    12.4986    6.54682     14.161    31.9672    24.1413 0.0000e+00
 188.436759     14.645  37.301166    12.4500    6.31600     14.522    31.9864    24.1655 0.0000e+00
 188.436765     15.039  37.265425    12.3570    6.06596     14.913    32.0314    24.2180 0.0000e+00
 188.436771     15.453  37.198446    12.1796    5.84485     15.323    32.1190    24.3192 0.0000e+00
 188.436777     15.872  37.072024    11.9070    5.63323     15.739    32.2320    24.4576 0.0000e+00
 188.436782     16.282  36.871776    11.6199    5.50298     16.145    32.2867    24.5528 0.0000e+00
 188.436788     16.678  36.660370    11.4296    5.43698     16.538    32.2460    24.5556 0.0000e+00
 188.436794     17.048  36.536030    11.3625    5.41593     16.905    32.1827    24.5184 0.0000e+00
 188.436800     17.392  36.511761    11.3633    5.40116     17.246    32.1581    24.4992 0.0000e+00
 188.436806     17.717  36.533287    11.3419    5.34900     17.568    32.1977    24.5338 0.0000e+00
 188.436811     18.033  36.518273    11.2584    5.27708     17.882    32.2557    24.5939 0.0000e+00
 188.436817     18.342  36.435483    11.1649    5.22828     18.188    32.2561    24.6108 0.0000e+00
 188.436823     18.647  36.355060    11.1092    5.17901     18.491    32.2255    24.5969 0.0000e+00
 188.436829     18.950  36.317760    11.0844    5.09546     18.791    32.2104    24.5895 0.0000e+00
 188.436834     19.258  36.304092    11.0531    5.01881     19.096    32.2242    24.6058 0.0000e+00
 188.436840     19.581  36.284035    10.9894    4.91740     19.417    32.2602    24.6449 0.0000e+00
 188.436846     19.922  36.239243    10.9094    4.86648     19.755    32.2861    24.6791 0.0000e+00
 188.436852     20.275  36.185107    10.8361    4.81494     20.105    32.2969    24.7003 0.0000e+00
 188.436858     20.622  36.139127    10.7749    4.79571     20.449    32.3051    24.7173 0.0000e+00
 188.436863     20.944  36.102198    10.7325    4.81975     20.768    32.3057    24.7252 0.0000e+00
 188.436869     21.222  36.077194    10.7198    4.85163     21.044    32.2919    24.7166 0.0000e+00
 188.436875     21.448  36.072238    10.7304    4.88511     21.268    32.2775    24.7036 0.0000e+00
 188.436881     21.633  36.080698    10.7424    4.88317     21.451    32.2753    24.6998 0.0000e+00
 188.436887     21.792  36.088612    10.7370    4.88694     21.609    32.2878    24.7105 0.0000e+00
 188.436892     21.923  36.082415    10.7210    4.90322     21.739    32.2957    24.7194 -9.990e-29
 188.436898     22.012  36.065045    10.7283    4.91006     21.827    32.2720    24.6997 -9.990e-29
 188.436904     22.058  36.068832    10.7539    4.90504     21.873    32.2531    24.6806 -9.990e-29
 188.436910     22.066  36.090396    10.7525    4.88622     21.881    32.2758    24.6985 -9.990e-29
 188.436916     22.055  36.088954    10.7221    4.84838     21.870    32.3012    24.7235 -9.990e-29
 188.436921     22.045  36.064263    10.6954    4.81804     21.860    32.3002    24.7274 -9.990e-29
 188.436927     22.049  36.046186    10.6795    4.80371     21.864    32.2963    24.7270 -9.990e-29
 188.436933     22.075  36.036950    10.6656    4.79385     21.890    32.2994    24.7318 -9.990e-29
 188.436939     22.120  36.025903    10.6521    4.79064     21.934    32.3003    24.7349 -9.990e-29
 188.436944     22.171  36.014562    10.6410    4.79189     21.985    32.2988    24.7356 -9.990e-29
 188.436950     22.222  36.005727    10.6363    4.77638     22.035    32.2941    24.7328 -9.990e-29
 188.436956     22.272  36.002740    10.6382    4.75607     22.085    32.2894    24.7288 -9.990e-29
 188.436962     22.316  36.004967    10.6404    4.73825     22.129    32.2897    24.7286 -9.990e-29
 188.436968     22.356  36.006393    10.6355    4.71284     22.168    32.2954    24.7339 -9.990e-29
 188.436973     22.403  36.002180    10.6153    4.70046     22.215    32.3091    24.7481 -9.990e-29
 188.436979     22.457  35.987259    10.5773    4.69849     22.268    32.3278    24.7692 -9.990e-29
 188.436985     22.499  35.959664    10.5412    4.71101     22.310    32.3323    24.7788 -9.990e-29
 188.436991     22.515  35.934164    10.5362    4.75420     22.326    32.3112    24.7633 -9.990e-29
 188.436997     22.497  35.933361    10.5648    4.79254     22.308    32.2851    24.7380 -9.990e-29
 188.437002     22.445  35.956160    10.6030    4.83313     22.256    32.2740    24.7229 -9.990e-29
 188.437008     22.376  35.981928    10.6292    4.84421     22.188    32.2766    24.7204 -9.990e-29
 188.437014     22.316  35.997360    10.6388    4.82303     22.129    32.2835    24.7241 -9.990e-29
 188.437020     22.278  36.001727    10.6372    4.80518     22.091    32.2893    24.7289 -9.990e-29
 188.437025     22.264  35.999722    10.6278    4.78522     22.077    32.2956    24.7354 -9.990e-29
 188.437031     22.278  35.992586    10.6152    4.76983     22.091    32.2997    24.7407 -9.990e-29
 188.437037     22.324  35.983125    10.6060    4.77338     22.136    32.2983    24.7413 -9.990e-29
 188.437043     22.388  35.978332    10.5990    4.77129     22.200    32.2997    24.7436 -9.990e-29
 188.437049     22.444  35.975164    10.5945    4.76696     22.255    32.3005    24.7450 -9.990e-29
 188.437054     22.484  35.971060    10.5966    4.75439     22.295    32.2946    24.7400 -9.990e-29
 188.437060     22.514  35.971747    10.6028    4.73357     22.325    32.2897    24.7351 -9.990e-29
 188.437066     22.545  35.975884    10.6057    4.72082     22.356    32.2913    24.7358 -9.990e-29
 188.437072     22.583  35.977200    10.5972    4.72023     22.393    32.3001    24.7442 -9.990e-29
 188.437078     22.625  35.970712    10.5755    4.71324     22.435    32.3128    24.7578 -9.990e-29
 188.437083     22.666  35.955047    10.5545    4.70819     22.476    32.3158    24.7637 -9.990e-29
 188.437089     22.696  35.940136    10.5501    4.72007     22.505    32.3048    24.7559 -9.990e-29
 188.437095     22.705  35.938598    10.5598    4.72903     22.514    32.2946    24.7463 -9.990e-29
 188.437101     22.696  35.947241    10.5701    4.74274     22.505    32.2942    24.7442 -9.990e-29
 188.437106     22.678  35.954592    10.5758    4.79034     22.487    32.2965    24.7450 -9.990e-29
 188.437112     22.645  35.957545    10.5835    4.80902     22.455    32.2926    24.7407 -9.990e-29
 188.437118     22.595  35.961709    10.5975    4.81475     22.405    32.2844    24.7319 -9.990e-29
 188.437124     22.542  35.970379    10.6112    4.83200     22.353    32.2809    24.7268 -9.990e-29
 188.437130     22.514  35.978845    10.6188    4.84212     22.325    32.2827    24.7269 -9.990e-29
 188.437135     22.532  35.983249    10.6214    4.85767     22.343    32.2848    24.7281 -9.990e-29
 188.437141     22.599  35.983850    10.6204    4.85486     22.409    32.2862    24.7294 -9.990e-29
 188.437147     22.693  35.981998    10.6168    4.83810     22.502    32.2875    24.7310 -9.990e-29
 188.437153     22.800  35.979693    10.6134    4.73883     22.608    32.2882    24.7321 -9.990e-29
 188.437159     22.924  35.978333    10.6095    4.63947     22.731    32.2902    24.7344 -9.990e-29
 188.437164     23.084  35.976089    10.5946    4.51305     22.890    32.3011    24.7454 0.0000e+00
 188.437170     23.294  35.966594    10.5502    4.34780     23.098    32.3309    24.7762 0.0000e+00
 188.437176     23.553  35.938297    10.4486    4.17723     23.355    32.3927    24.8417 0.0000e+00
 188.437182     23.850  35.869151    10.2880    4.00964     23.650    32.4665    24.9264 0.0000e+00
 188.437187     24.167  35.761130    10.1277    3.85982     23.964    32.5011    24.9804 0.0000e+00
 188.437193     24.492  35.663035    10.0256    3.78244     24.286    32.4934    24.9914 0.0000e+00
 188.437199     24.815  35.608292     9.9739    3.77247     24.606    32.4843    24.9929 0.0000e+00
 188.437205     25.140  35.584970     9.9092    3.80097     24.929    32.5187    25.0305 0.0000e+00
 188.437211     25.474  35.551293     9.7899    3.85161     25.260    32.5921    25.1073 0.0000e+00
 188.437216     25.813  35.481965     9.6578    3.88381     25.596    32.6410    25.1671 0.0000e+00
 188.437222     26.145  35.408985     9.5698    3.89764     25.925    32.6461    25.1854 0.0000e+00
 188.437228     26.461  35.365629     9.5364    3.89667     26.238    32.6319    25.1797 0.0000e+00
 188.437234     26.764  35.351788     9.5437    3.88330     26.539    32.6110    25.1621 0.0000e+00
 188.437240     27.068  35.357950     9.5723    3.84910     26.840    32.5912    25.1420 0.0000e+00
 188.437245     27.389  35.376057     9.5844    3.80930     27.159    32.5986    25.1459 0.0000e+00
 188.437251     27.734  35.385953     9.5375    3.77105     27.501    32.6512    25.1946 0.0000e+00
 188.437257     28.109  35.364951     9.4379    3.68376     27.873    32.7203    25.2646 0.0000e+00
 188.437263     28.516  35.324843     9.3143    3.61996     28.276    32.7920    25.3404 0.0000e+00
 188.437269     28.950  35.285007     9.1683    3.54796     28.706    32.8850    25.4363 0.0000e+00
 188.437274     29.401  35.236019     9.0181    3.49824     29.154    32.9729    25.5287 0.0000e+00
 188.437280     29.855  35.176995     8.9059    3.47808     29.604    33.0154    25.5795 0.0000e+00
 188.437286     30.298  35.131785     8.8424    3.46829     30.043    33.0271    25.5985 0.0000e+00
 188.437292     30.711  35.108455     8.8114    3.48604     30.452    33.0314    25.6067 0.0000e+00
 188.437297     31.074  35.097726     8.7998    3.51603     30.812    33.0308    25.6080 0.0000e+00
 188.437303     31.375  35.093119     8.8005    3.56850     31.111    33.0252    25.6035 0.0000e+00
 188.437309     31.618  35.091274     8.8224    3.59019     31.352    33.0028    25.5826 0.0000e+00
 188.437315     31.807  35.098126     8.8711    3.60587     31.539    32.9646    25.5451 0.0000e+00
 188.437321     31.948  35.118310     8.9223    3.61056     31.679    32.9380    25.5164 -9.990e-29
 188.437326     32.048  35.139487     8.9515    3.60559     31.778    32.9329    25.5079 -9.990e-29
 188.437332     32.120  35.150649     8.9561    3.60041     31.849    32.9403    25.5129 -9.990e-29
 188.437338     32.162  35.152103     8.9394    3.59037     31.891    32.9573    25.5288 -9.990e-29
 188.437344     32.173  35.144096     8.9061    3.56779     31.902    32.9798    25.5516 -9.990e-29
 188.437350     32.162  35.128833     8.8646    3.55379     31.891    33.0025    25.5758 -9.990e-29
 188.437355     32.151  35.110616     8.8291    3.54125     31.880    33.0165    25.5923 -9.990e-29
 188.437361     32.160  35.095409     8.8116    3.53681     31.889    33.0169    25.5953 -9.990e-29
 188.437367     32.198  35.088141     8.8097    3.53328     31.927    33.0111    25.5910 -9.990e-29
 188.437373     32.258  35.085831     8.8091    3.52488     31.986    33.0092    25.5896 -9.990e-29
 188.437378     32.332  35.083140     8.7958    3.52205     32.060    33.0187    25.5992 -9.990e-29
 188.437384     32.411  35.075905     8.7750    3.52509     32.138    33.0305    25.6116 -9.990e-29
 188.437390     32.476  35.066801     8.7623    3.52595     32.202    33.0328    25.6153 -9.990e-29
 188.437396     32.504  35.062732     8.7625    3.53717     32.230    33.0283    25.6118 -9.990e-29
 188.437402     32.490  35.063860     8.7700    3.53854     32.216    33.0225    25.6061 -9.990e-29
 188.437407     32.439  35.066067     8.7782    3.53097     32.166    33.0172    25.6007 -9.990e-29
 188.437413     32.376  35.067797     8.7836    3.52920     32.103    33.0140    25.5974 -9.990e-29
 188.437419     32.329  35.069107     8.7846    3.53736     32.057    33.0145    25.5976 -9.990e-29
 188.437425     32.318  35.068930     8.7816    3.53364     32.046    33.0171    25.6001 -9.990e-29
 188.437431     32.342  35.067022     8.7764    3.53224     32.070    33.0199    25.6031 -9.990e-29
 188.437436     32.389  35.064004     8.7702    3.52644     32.116    33.0225    25.6061 -9.990e-29
 188.437442     32.441  35.060889     8.7654    3.52667     32.168    33.0237    25.6078 -9.990e-29
 188.437448     32.484  35.059496     8.7642    3.54188     32.210    33.0234    25.6077 -9.990e-29
 188.437454     32.513  35.060206     8.7650    3.53685     32.239    33.0234    25.6075 -9.990e-29
 188.437459     32.520  35.060972     8.7660    3.53779     32.246    33.0232    25.6073 -9.990e-29
 188.437465     32.507  35.061133     8.7675    3.53776     32.233    33.0220    25.6061 -9.990e-29
 188.437471     32.481  35.061462     8.7686    3.53240     32.207    33.0213    25.6054 -9.990e-29
 188.437477     32.448  35.061279     8.7684    3.53160     32.175    33.0213    25.6054 -9.990e-29
 188.437483     32.419  35.060339     8.7675    3.53067     32.146    33.0212    25.6055 -9.990e-29
 188.437488     32.407  35.059071     8.7661    3.53213     32.134    33.0212    25.6057 -9.990e-29
 188.437494     32.413  35.057469     8.7649    3.53776     32.140    33.0206    25.6054 -9.990e-29
 188.437500     32.434  35.056199     8.7637    3.53354     32.161    33.0204    25.6054 -9.990e-29
 188.437506     32.467  35.055247     8.7621    3.53248     32.193    33.0209    25.6061 -9.990e-29
 188.437512     32.514  35.054463     8.7599    3.52643     32.240    33.0221    25.6073 -9.990e-29
 188.437517     32.575  35.053363     8.7563    3.53368     32.301    33.0243    25.6096 -9.990e-29
 188.437523     32.639  35.051041     8.7514    3.53281     32.364    33.0264    25.6120 -9.990e-29
 188.437529     32.690  35.048323     8.7475    3.53397     32.415    33.0272    25.6132 -9.990e-29
 188.437535     32.714  35.046627     8.7475    3.53068     32.438    33.0254    25.6118 -9.990e-29
 188.437541     32.709  35.047054     8.7511    3.52908     32.433    33.0225    25.6090 -9.990e-29
 188.437546     32.677  35.049050     8.7553    3.53355     32.402    33.0207    25.6069 -9.990e-29
 188.437552     32.631  35.050790     8.7585    3.53500     32.356    33.0195    25.6055 -9.990e-29
 188.437558     32.583  35.051795     8.7604    3.54441     32.309    33.0188    25.6047 -9.990e-29
 188.437564     32.549  35.052285     8.7611    3.54094     32.275    33.0187    25.6045 -9.990e-29
 188.437569     32.538  35.052352     8.7606    3.53387     32.264    33.0192    25.6050 -9.990e-29
 188.437575     32.563  35.052087     8.7586    3.52649     32.289    33.0208    25.6065 -9.990e-29
 188.437581     32.634  35.051139     8.7556    3.53116     32.359    33.0226    25.6084 -9.990e-29
 188.437587     32.747  35.049364     8.7520    3.53234     32.471    33.0240    25.6101 -9.990e-29
 188.437593     32.892  35.047197     8.7476    3.53671     32.615    33.0258    25.6121 0.0000e+00
 188.437598     33.057  35.045112     8.7439    3.52500     32.778    33.0270    25.6136 0.0000e+00
 188.437604     33.235  35.043689     8.7428    3.52114     32.955    33.0264    25.6134 0.0000e+00
 188.437610     33.429  35.043270     8.7426    3.52686     33.147    33.0261    25.6132 0.0000e+00
 188.437616     33.647  35.043293     8.7394    3.52558     33.363    33.0290    25.6159 0.0000e+00
 188.437622     33.903  35.042109     8.7311    3.53287     33.617    33.0354    25.6222 0.0000e+00
 188.437627     34.201  35.038138     8.7202    3.52067     33.913    33.0413    25.6285 0.0000e+00
 188.437633     34.529  35.032813     8.7113    3.51426     34.238    33.0439    25.6319 0.0000e+00
