data/oxygen options/OCNMS/OCNMS2/raw_data/2005/CTD_CA40_052405faed.cnv
* Sea-Bird SBE19 Data File:
* FileName = C:\Documents and Settings\kirner.PTANGELES\Desktop\hypoxia CTD data\CA40_052405.hex
* Software Version 1.1.5
* Temperature SN = 2997
* Conductivity SN = 2997
* System UpLoad Time = May 24 2005 15:24:44
* SEACAT PROFILER V3.1c SN 2997   05/24/05  15:23:55.282
* strain gauge pressure sensor: S/N = 184829,  range = 3000 psia,  tc = 40
# nquan = 9                                 
# nvalues = 611                         
# units = specified
# name 0 = timeJ: Julian Days
# name 1 = prSM: Pressure, Strain Gauge [db]
# name 2 = c0mS/cm: Conductivity [mS/cm]
# name 3 = t090C: Temperature [ITS-90, deg C]
# name 4 = oxML/L: Oxygen, Beckman/YSI [ml/l]
# name 5 = depSM: Depth [salt water, m], lat = 47.5
# name 6 = sal00: Salinity, Practical [PSU]
# name 7 = sigma-é00: Density [sigma-theta, kg/m^3]
# name 8 = flag: flag
# span 0 = 144.553206, 144.556736       
# span 1 =     -3.230,     44.724       
# span 2 =   0.222343,  36.133111       
# span 3 =    11.0576,    14.3695       
# span 4 =   -0.10031,   26.59446       
# span 5 =     -3.203,     44.346       
# span 6 =     0.1374,    31.9631       
# span 7 =    -0.5629,    24.4023       
# span 8 = 0.0000e+00, 0.0000e+00       
# interval = seconds: 0.5
# start_time = May 24 2005 13:16:37 [Instrument's time stamp, header]
# bad_flag = -9.990e-29
*END*
[from data line 161]
 144.554138      1.128  33.571037    14.3532    6.26814      1.119    27.0775    20.0046 -9.990e-29
 144.554144      1.120  33.572888    14.3556    6.25882      1.111    27.0775    20.0041 -9.990e-29
 144.554149      1.111  33.574562    14.3565    6.25850      1.102    27.0783    20.0046 -9.990e-29
 144.554155      1.107  33.574934    14.3565    6.26402      1.098    27.0787    20.0049 -9.990e-29
 144.554161      1.109  33.574504    14.3566    6.26779      1.100    27.0782    20.0045 -9.990e-29
 144.554167      1.112  33.574385    14.3564    6.26985      1.103    27.0782    20.0046 -9.990e-29
 144.554172      1.118  33.574423    14.3564    6.27003      1.109    27.0783    20.0046 -9.990e-29
 144.554178      1.125  33.574674    14.3574    6.25954      1.116    27.0778    20.0040 -9.990e-29
 144.554184      1.139  33.575477    14.3596    6.24658      1.129    27.0770    20.0030 -9.990e-29
 144.554190      1.161  33.576788    14.3628    6.23765      1.151    27.0759    20.0015 -9.990e-29
 144.554196      1.183  33.578676    14.3659    6.24010      1.173    27.0754    20.0005 -9.990e-29
 144.554201      1.203  33.580302    14.3681    6.25108      1.193    27.0753    20.0000 -9.990e-29
 144.554207      1.218  33.581037    14.3691    6.25279      1.208    27.0753    19.9998 -9.990e-29
 144.554213      1.224  33.581304    14.3693    6.24350      1.214    27.0754    19.9998 -9.990e-29
 144.554219      1.226  33.581464    14.3694    6.23464      1.216    27.0754    19.9998 -9.990e-29
 144.554225      1.229  33.581737    14.3692    6.22802      1.219    27.0758    20.0002 -9.990e-29
 144.554230      1.232  33.581929    14.3688    6.23442      1.222    27.0763    20.0006 -9.990e-29
 144.554236      1.237  33.581743    14.3684    6.24259      1.227    27.0764    20.0008 -9.990e-29
 144.554242      1.242  33.581495    14.3683    6.24179      1.232    27.0762    20.0007 -9.990e-29
 144.554248      1.249  33.581418    14.3684    6.23697      1.239    27.0761    20.0005 -9.990e-29
 144.554253      1.257  33.581414    14.3686    6.23290      1.247    27.0760    20.0004 -9.990e-29
 144.554259      1.269  33.581485    14.3687    6.22397      1.258    27.0759    20.0003 -9.990e-29
 144.554265      1.283  33.581730    14.3686    6.22507      1.272    27.0762    20.0006 -9.990e-29
 144.554271      1.297  33.581920    14.3675    6.22177      1.286    27.0772    20.0015 -9.990e-29
 144.554277      1.307  33.581190    14.3662    6.22252      1.296    27.0774    20.0020 -9.990e-29
 144.554282      1.314  33.580253    14.3664    6.22175      1.303    27.0764    20.0012 -9.990e-29
 144.554288      1.324  33.580668    14.3669    6.22054      1.313    27.0765    20.0011 -9.990e-29
 144.554294      1.344  33.581309    14.3658    6.20922      1.333    27.0778    20.0023 -9.990e-29
 144.554300      1.372  33.580796    14.3645    6.20734      1.361    27.0782    20.0029 -9.990e-29
 144.554306      1.397  33.580131    14.3643    6.21553      1.385    27.0778    20.0026 -9.990e-29
 144.554311      1.416  33.580112    14.3642    6.22030      1.404    27.0778    20.0027 -9.990e-29
 144.554317      1.426  33.580158    14.3641    6.23462      1.414    27.0779    20.0028 -9.990e-29
 144.554323      1.424  33.580334    14.3648    6.22593      1.412    27.0776    20.0024 -9.990e-29
 144.554329      1.413  33.580878    14.3657    6.21644      1.401    27.0774    20.0021 -9.990e-29
 144.554334      1.402  33.581400    14.3660    6.21319      1.390    27.0777    20.0022 -9.990e-29
 144.554340      1.399  33.581480    14.3650    6.21741      1.387    27.0785    20.0030 -9.990e-29
 144.554346      1.407  33.580670    14.3626    6.21821      1.395    27.0794    20.0042 -9.990e-29
 144.554352      1.423  33.579015    14.3595    6.20387      1.411    27.0801    20.0054 -9.990e-29
 144.554358      1.438  33.577117    14.3562    6.18944      1.426    27.0807    20.0065 -9.990e-29
 144.554363      1.451  33.575250    14.3516    6.18139      1.439    27.0823    20.0086 -9.990e-29
 144.554369      1.461  33.572610    14.3444    6.19629      1.449    27.0849    20.0121 -9.990e-29
 144.554375      1.469  33.568483    14.3367    6.20952      1.457    27.0866    20.0149 -9.990e-29
 144.554381      1.472  33.564097    14.3327    6.21391      1.460    27.0855    20.0149 -9.990e-29
 144.554387      1.466  33.562012    14.3336    6.20016      1.454    27.0830    20.0128 -9.990e-29
 144.554392      1.454  33.562814    14.3372    6.18707      1.442    27.0812    20.0107 -9.990e-29
 144.554398      1.444  33.564775    14.3406    6.19114      1.432    27.0806    20.0095 -9.990e-29
 144.554404      1.448  33.566591    14.3431    6.20087      1.436    27.0805    20.0089 -9.990e-29
 144.554410      1.471  33.567888    14.3443    6.19910      1.459    27.0808    20.0089 -9.990e-29
 144.554416      1.501  33.568159    14.3442    6.18557      1.488    27.0811    20.0092 -9.990e-29
 144.554421      1.528  33.567772    14.3439    6.18631      1.515    27.0809    20.0091 -9.990e-29
 144.554427      1.549  33.567896    14.3438    6.18658      1.536    27.0811    20.0093 -9.990e-29
 144.554433      1.570  33.568140    14.3432    6.18853      1.557    27.0817    20.0099 -9.990e-29
 144.554439      1.596  33.567711    14.3417    6.18196      1.583    27.0824    20.0107 -9.990e-29
 144.554444      1.624  33.566605    14.3401    6.17604      1.610    27.0825    20.0111 -9.990e-29
 144.554450      1.648  33.565593    14.3398    6.17878      1.634    27.0818    20.0106 -9.990e-29
 144.554456      1.666  33.565569    14.3412    6.18856      1.652    27.0808    20.0096 -9.990e-29
 144.554462      1.678  33.566508    14.3435    6.20020      1.664    27.0800    20.0085 -9.990e-29
 144.554468      1.684  33.567985    14.3458    6.19623      1.670    27.0797    20.0078 -9.990e-29
 144.554473      1.687  33.569172    14.3476    6.18736      1.673    27.0795    20.0073 -9.990e-29
 144.554479      1.684  33.569974    14.3491    6.18221      1.670    27.0792    20.0068 -9.990e-29
 144.554485      1.682  33.570906    14.3497    6.17817      1.668    27.0796    20.0070 -9.990e-29
 144.554491      1.687  33.571533    14.3494    6.17468      1.673    27.0804    20.0076 -9.990e-29
 144.554497      1.701  33.571578    14.3488    6.17108      1.687    27.0809    20.0081 -9.990e-29
 144.554502      1.716  33.571104    14.3483    6.17096      1.702    27.0808    20.0081 -9.990e-29
 144.554508      1.728  33.570605    14.3480    6.17415      1.714    27.0805    20.0080 -9.990e-29
 144.554514      1.738  33.570541    14.3472    6.17224      1.723    27.0810    20.0086 -9.990e-29
 144.554520      1.743  33.570270    14.3457    6.17336      1.728    27.0818    20.0095 -9.990e-29
 144.554525      1.739  33.569435    14.3443    6.17414      1.724    27.0821    20.0099 -9.990e-29
 144.554531      1.729  33.568610    14.3427    6.16554      1.715    27.0825    20.0105 -9.990e-29
 144.554537      1.722  33.567818    14.3397    6.16124      1.708    27.0838    20.0122 -9.990e-29
 144.554543      1.721  33.566011    14.3358    6.16484      1.707    27.0850    20.0138 -9.990e-29
 144.554549      1.723  33.563584    14.3330    6.16964      1.709    27.0847    20.0142 -9.990e-29
 144.554554      1.722  33.562350    14.3323    6.17379      1.708    27.0841    20.0139 -9.990e-29
 144.554560      1.719  33.562349    14.3327    6.15930      1.705    27.0839    20.0136 -9.990e-29
 144.554566      1.714  33.562462    14.3328    6.14834      1.700    27.0839    20.0136 -9.990e-29
 144.554572      1.710  33.562286    14.3321    6.15247      1.696    27.0842    20.0140 -9.990e-29
 144.554578      1.716  33.561589    14.3305    6.16207      1.702    27.0847    20.0147 -9.990e-29
 144.554583      1.732  33.560008    14.3288    6.16571      1.718    27.0845    20.0149 -9.990e-29
 144.554589      1.747  33.558243    14.3285    6.16178      1.732    27.0831    20.0139 -9.990e-29
 144.554595      1.752  33.557867    14.3296    6.15713      1.737    27.0820    20.0128 -9.990e-29
 144.554601      1.753  33.558944    14.3308    6.14029      1.738    27.0821    20.0127 -9.990e-29
 144.554606      1.754  33.560111    14.3315    6.14404      1.739    27.0827    20.0129 -9.990e-29
 144.554612      1.759  33.560689    14.3319    6.15783      1.744    27.0829    20.0130 -9.990e-29
 144.554618      1.773  33.560893    14.3321    6.16379      1.758    27.0830    20.0130 -9.990e-29
 144.554624      1.787  33.560997    14.3325    6.15895      1.772    27.0828    20.0128 -9.990e-29
 144.554630      1.791  33.561143    14.3332    6.14811      1.776    27.0824    20.0124 -9.990e-29
 144.554635      1.785  33.561531    14.3341    6.14227      1.770    27.0821    20.0120 -9.990e-29
 144.554641      1.780  33.562125    14.3349    6.14386      1.765    27.0821    20.0118 -9.990e-29
 144.554647      1.790  33.562607    14.3358    6.14988      1.775    27.0819    20.0115 -9.990e-29
 144.554653      1.814  33.563063    14.3366    6.15193      1.799    27.0817    20.0112 -9.990e-29
 144.554659      1.838  33.563548    14.3372    6.15326      1.823    27.0817    20.0111 -9.990e-29
 144.554664      1.846  33.563593    14.3375    6.15152      1.831    27.0816    20.0109 -9.990e-29
 144.554670      1.842  33.563264    14.3376    6.14256      1.827    27.0812    20.0106 -9.990e-29
 144.554676      1.839  33.563247    14.3375    6.14121      1.824    27.0813    20.0107 -9.990e-29
 144.554682      1.842  33.563528    14.3372    6.14181      1.827    27.0817    20.0111 -9.990e-29
 144.554688      1.851  33.563368    14.3364    6.14418      1.836    27.0821    20.0116 -9.990e-29
 144.554693      1.865  33.562558    14.3353    6.14830      1.849    27.0822    20.0118 -9.990e-29
 144.554699      1.882  33.561708    14.3345    6.14609      1.866    27.0820    20.0118 -9.990e-29
 144.554705      1.894  33.561369    14.3345    6.14729      1.878    27.0817    20.0116 -9.990e-29
 144.554711      1.902  33.561656    14.3349    6.14205      1.886    27.0816    20.0115 -9.990e-29
 144.554716      1.911  33.562396    14.3349    6.13126      1.895    27.0823    20.0120 -9.990e-29
 144.554722      1.921  33.562902    14.3336    6.13414      1.905    27.0836    20.0133 -9.990e-29
 144.554728      1.937  33.562173    14.3312    6.13572      1.921    27.0847    20.0145 -9.990e-29
 144.554734      1.960  33.560364    14.3292    6.14993      1.944    27.0844    20.0148 -9.990e-29
 144.554740      1.980  33.558992    14.3288    6.14613      1.963    27.0835    20.0141 -9.990e-29
 144.554745      1.983  33.559033    14.3301    6.13473      1.966    27.0826    20.0132 -9.990e-29
 144.554751      1.972  33.559988    14.3321    6.12671      1.956    27.0821    20.0124 -9.990e-29
 144.554757      1.956  33.560894    14.3334    6.11732      1.940    27.0820    20.0120 -9.990e-29
 144.554763      1.949  33.561846    14.3335    6.13887      1.933    27.0828    20.0126 -9.990e-29
 144.554769      1.951  33.562438    14.3325    6.14548      1.935    27.0840    20.0138 -9.990e-29
 144.554774      1.947  33.561785    14.3321    6.13846      1.931    27.0837    20.0136 -9.990e-29
 144.554780      1.930  33.561263    14.3341    6.12370      1.914    27.0818    20.0118 -9.990e-29
 144.554786      1.907  33.562423    14.3376    6.10990      1.891    27.0804    20.0100 -9.990e-29
 144.554792      1.894  33.564578    14.3406    6.11757      1.878    27.0803    20.0093 -9.990e-29
 144.554797      1.898  33.566125    14.3414    6.13179      1.882    27.0811    20.0098 -9.990e-29
 144.554803      1.915  33.566330    14.3398    6.13194      1.899    27.0824    20.0111 -9.990e-29
 144.554809      1.938  33.564913    14.3378    6.13285      1.922    27.0825    20.0116 -9.990e-29
 144.554815      1.959  33.563354    14.3377    6.12843      1.943    27.0812    20.0106 -9.990e-29
 144.554821      1.977  33.564064    14.3389    6.12776      1.960    27.0810    20.0102 -9.990e-29
 144.554826      1.991  33.565750    14.3398    6.12603      1.974    27.0818    20.0107 -9.990e-29
 144.554832      2.003  33.566183    14.3396    6.12061      1.986    27.0824    20.0111 -9.990e-29
 144.554838      2.018  33.565388    14.3373    6.12394      2.001    27.0833    20.0122 -9.990e-29
 144.554844      2.042  33.563432    14.3335    6.13385      2.025    27.0842    20.0137 -9.990e-29
 144.554850      2.066  33.560515    14.3304    6.12990      2.049    27.0837    20.0140 -9.990e-29
 144.554855      2.080  33.558358    14.3294    6.11868      2.063    27.0825    20.0132 -9.990e-29
 144.554861      2.085  33.558012    14.3305    6.10730      2.068    27.0814    20.0122 -9.990e-29
 144.554867      2.090  33.559022    14.3316    6.11362      2.073    27.0815    20.0120 -9.990e-29
 144.554873      2.098  33.559939    14.3291    6.13303      2.080    27.0841    20.0145 -9.990e-29
 144.554878      2.111  33.558068    14.3231    6.13592      2.093    27.0866    20.0176 -9.990e-29
 144.554884      2.126  33.553725    14.3201    6.12518      2.108    27.0848    20.0169 -9.990e-29
 144.554890      2.134  33.551771    14.3240    6.11650      2.116    27.0803    20.0126 -9.990e-29
 144.554896      2.132  33.554648    14.3305    6.10771      2.114    27.0784    20.0098 -9.990e-29
 144.554902      2.124  33.558914    14.3343    6.12136      2.106    27.0795    20.0100 -9.990e-29
 144.554907      2.118  33.560736    14.3343    6.13249      2.100    27.0812    20.0112 -9.990e-29
 144.554913      2.117  33.559747    14.3330    6.12936      2.099    27.0812    20.0115 -9.990e-29
 144.554919      2.118  33.558560    14.3335    6.10777      2.100    27.0798    20.0103 -9.990e-29
 144.554925      2.117  33.559520    14.3351    6.10329      2.099    27.0795    20.0098 -9.990e-29
 144.554931      2.117  33.561113    14.3352    6.09767      2.099    27.0809    20.0108 -9.990e-29
 144.554936      2.123  33.560984    14.3331    6.12441      2.105    27.0822    20.0123 -9.990e-29
 144.554942      2.131  33.558969    14.3306    6.12642      2.113    27.0822    20.0127 -9.990e-29
 144.554948      2.133  33.556308    14.3297    6.11260      2.115    27.0804    20.0116 -9.990e-29
 144.554954      2.125  33.555064    14.3310    6.10860      2.107    27.0784    20.0098 -9.990e-29
 144.554959      2.106  33.556385    14.3333    6.10129      2.088    27.0780    20.0090 -9.990e-29
 144.554965      2.083  33.558676    14.3343    6.11917      2.066    27.0793    20.0098 -9.990e-29
 144.554971      2.073  33.559396    14.3331    6.12677      2.056    27.0808    20.0112 -9.990e-29
 144.554977      2.079  33.558391    14.3313    6.11696      2.062    27.0812    20.0118 -9.990e-29
 144.554983      2.088  33.557129    14.3309    6.10221      2.071    27.0803    20.0113 -9.990e-29
 144.554988      2.093  33.556733    14.3318    6.09860      2.076    27.0793    20.0103 -9.990e-29
 144.554994      2.097  33.557240    14.3327    6.10768      2.079    27.0792    20.0100 -9.990e-29
 144.555000      2.106  33.557653    14.3322    6.11338      2.088    27.0799    20.0107 -9.990e-29
 144.555006      2.121  33.556847    14.3310    6.10838      2.103    27.0800    20.0110 -9.990e-29
 144.555012      2.137  33.555435    14.3300    6.09592      2.119    27.0794    20.0107 -9.990e-29
 144.555017      2.147  33.554902    14.3286    6.08790      2.129    27.0799    20.0114 -9.990e-29
 144.555023      2.148  33.554544    14.3261    6.11008      2.130    27.0813    20.0130 -9.990e-29
 144.555029      2.140  33.553330    14.3233    6.12424      2.122    27.0822    20.0142 -9.990e-29
 144.555035      2.122  33.551327    14.3227    6.11946      2.104    27.0809    20.0133 -9.990e-29
 144.555041      2.094  33.549794    14.3266    6.10501      2.077    27.0768    20.0094 -9.990e-29
 144.555046      2.061  33.549492    14.3329    6.09067      2.044    27.0721    20.0045 -9.990e-29
 144.555052      2.039  33.544984    14.3370    6.09444      2.022    27.0652    19.9984 -9.990e-29
