data/oxygen options/OCNMS/OCNMS2/raw_data/2005/CTD_TH100_070705faedb.cnv
* Sea-Bird SBE19 Data File:
* FileName = C:\Hypoxia Data\TH100_070705.hex
* Software Version 1.1.6
* Temperature SN = 2997
* Conductivity SN = 2997
* System UpLoad Time = Jul 07 2005 11:39:39
* SEACAT PROFILER V3.1c SN 2997   07/07/05  11:39:03.174
* strain gauge pressure sensor: S/N = 184829,  range = 3000 psia,  tc = 40
# nquan = 9
# nvalues = 99                          
# units = specified
# name 0 = timeJ: Julian Days
# name 1 = prSM: Pressure, Strain Gauge [db]
# name 2 = c0mS/cm: Conductivity [mS/cm]
# name 3 = t090C: Temperature [ITS-90, deg C]
# name 4 = oxML/L: Oxygen, Beckman/YSI [ml/l]
# name 5 = depSM: Depth [salt water, m], lat = 47.5
# name 6 = sal00: Salinity, Practical [PSU]
# name 7 = sigma-é00: Density [sigma-theta, kg/m^3]
# name 8 = flag: flag
# span 0 = 188.481536, 188.482819       
# span 1 =      4.000,    102.000       
# span 2 =  34.711650,  38.377677       
# span 3 =     7.5509,    14.6166       
# span 4 =    3.11698,    7.81467       
# span 5 =      3.967,    101.124       
# span 6 =    31.1067,    33.7782       
# span 7 =    23.0534,    26.3808       
# span 8 = 0.0000e+00, 0.0000e+00       
# interval = decibars: 1                
# start_time = Jul 07 2005 11:29:49 [Instrument's time stamp, header]
# bad_flag = -9.990e-29
*END*
 188.481536      4.000  38.275289    14.6166    7.78864      3.967    31.1067    23.0534 0.0000e+00
 188.481554      5.000  38.260049    14.5901    7.81467      4.958    31.1136    23.0644 0.0000e+00
 188.481567      6.000  38.241271    14.5663    7.78442      5.950    31.1154    23.0707 0.0000e+00
 188.481580      7.000  38.224960    14.5373    7.72377      6.941    31.1235    23.0830 0.0000e+00
 188.481591      8.000  38.207674    14.5069    7.54023      7.933    31.1318    23.0958 0.0000e+00
 188.481603      9.000  38.230923    14.5178    7.32512      8.925    31.1438    23.1028 0.0000e+00
 188.481615     10.000  38.300451    14.5415    7.15310      9.916    31.1874    23.1315 0.0000e+00
 188.481626     11.000  38.348408    14.5465    6.95299     10.908    31.2265    23.1606 0.0000e+00
 188.481638     12.000  38.377677    14.5120    6.82336     11.900    31.2804    23.2093 0.0000e+00
 188.481649     13.000  38.374491    14.4700    6.77719     12.891    31.3110    23.2417 0.0000e+00
 188.481659     14.000  38.348161    14.4031    6.73430     13.883    31.3408    23.2786 0.0000e+00
 188.481670     15.000  38.298856    14.3363    6.72885     14.874    31.3496    23.2992 0.0000e+00
 188.481681     16.000  38.265414    14.2874    6.77181     15.866    31.3583    23.3161 0.0000e+00
 188.481692     17.000  38.222802    14.2280    6.78380     16.857    31.3674    23.3353 0.0000e+00
 188.481702     18.000  38.177938    14.1852    6.80859     17.849    31.3607    23.3390 0.0000e+00
 188.481713     19.000  38.145300    14.1436    6.78998     18.840    31.3643    23.3503 0.0000e+00
 188.481724     20.000  38.100254    14.0782    6.66981     19.832    31.3759    23.3727 0.0000e+00
 188.481734     21.000  38.032397    13.9774    6.53828     20.824    31.3954    23.4084 0.0000e+00
 188.481745     22.000  37.925088    13.7909    6.45183     21.815    31.4487    23.4873 0.0000e+00
 188.481755     23.000  37.762789    13.5617    6.43562     22.807    31.4865    23.5624 0.0000e+00
 188.481767     24.000  37.613962    13.4014    6.44957     23.798    31.4799    23.5893 0.0000e+00
 188.481778     25.000  37.531518    13.3218    6.42465     24.790    31.4684    23.5962 0.0000e+00
 188.481790     26.000  37.495226    13.2733    6.23985     25.781    31.4743    23.6103 0.0000e+00
 188.481801     27.000  37.451296    13.1575    5.90063     26.773    31.5288    23.6751 0.0000e+00
 188.481812     28.000  37.324078    12.8841    5.58600     27.764    31.6367    23.8118 0.0000e+00
 188.481823     29.000  37.096594    12.4445    5.23210     28.756    31.7903    24.0149 0.0000e+00
 188.481834     30.000  36.734305    11.8629    4.81669     29.747    31.9374    24.2377 0.0000e+00
 188.481845     31.000  36.371990    11.3483    4.55136     30.739    32.0286    24.4017 0.0000e+00
 188.481857     32.000  36.056849    10.7758    4.32564     31.731    32.2176    24.6494 0.0000e+00
 188.481869     33.000  35.652090    10.2521    4.17569     32.722    32.2760    24.7841 0.0000e+00
 188.481883     34.000  35.491310    10.0457    4.11234     33.713    32.2976    24.8354 0.0000e+00
 188.481895     35.000  35.313402     9.7974    4.03734     34.705    32.3390    24.9087 0.0000e+00
 188.481908     36.000  35.202811     9.6496    3.95041     35.696    32.3587    24.9481 0.0000e+00
 188.481920     37.000  35.147322     9.5129    3.87607     36.688    32.4247    25.0218 0.0000e+00
 188.481932     38.000  35.079523     9.3650    3.79717     37.679    32.4888    25.0955 0.0000e+00
 188.481943     39.000  35.003011     9.2497    3.72623     38.671    32.5143    25.1338 0.0000e+00
 188.481954     40.000  34.963402     9.1752    3.69730     39.662    32.5410    25.1663 0.0000e+00
 188.481966     41.000  34.929394     9.0977    3.68663     40.654    32.5761    25.2059 0.0000e+00
 188.481977     42.000  34.908346     9.0561    3.69323     41.645    32.5919    25.2249 0.0000e+00
 188.481990     43.000  34.910428     9.0341    3.69035     42.636    32.6137    25.2453 0.0000e+00
 188.482003     44.000  34.925953     8.9988    3.67724     43.628    32.6619    25.2885 0.0000e+00
 188.482016     45.000  34.935975     8.9759    3.67554     44.620    32.6929    25.3163 0.0000e+00
 188.482028     46.000  34.939759     8.9604    3.65465     45.611    32.7106    25.3327 0.0000e+00
 188.482041     47.000  34.934067     8.9364    3.61768     46.602    32.7263    25.3487 0.0000e+00
 188.482053     48.000  34.919571     8.9000    3.58544     47.594    32.7443    25.3685 0.0000e+00
 188.482064     49.000  34.901259     8.8594    3.58064     48.585    32.7623    25.3888 0.0000e+00
 188.482076     50.000  34.887235     8.8173    3.55217     49.577    32.7860    25.4139 0.0000e+00
 188.482086     51.000  34.877354     8.7914    3.51308     50.568    32.7992    25.4283 0.0000e+00
 188.482098     52.000  34.869558     8.7657    3.53319     51.559    32.8144    25.4441 0.0000e+00
 188.482110     53.000  34.860235     8.6843    3.57798     52.550    32.8797    25.5077 0.0000e+00
 188.482123     54.000  34.843551     8.5509    3.70389     53.542    32.9860    25.6113 0.0000e+00
 188.482135     55.000  34.822410     8.4620    4.01816     54.533    33.0466    25.6722 0.0000e+00
 188.482148     56.000  34.793866     8.3683    4.29048     55.525    33.1039    25.7313 0.0000e+00
 188.482161     57.000  34.768626     8.3048    4.39923     56.517    33.1365    25.7664 0.0000e+00
 188.482174     58.000  34.760111     8.2766    4.42050     57.508    33.1536    25.7840 0.0000e+00
 188.482187     59.000  34.751147     8.2389    4.42816     58.499    33.1792    25.8097 0.0000e+00
 188.482199     60.000  34.746644     8.2173    4.41140     59.491    33.1945    25.8249 0.0000e+00
 188.482211     61.000  34.745540     8.1979    4.37901     60.482    33.2111    25.8408 0.0000e+00
 188.482222     62.000  34.742871     8.1772    4.34292     61.473    33.2274    25.8567 0.0000e+00
 188.482234     63.000  34.741160     8.1579    4.27893     62.465    33.2434    25.8721 0.0000e+00
 188.482247     64.000  34.738343     8.1065    4.18835     63.456    33.2887    25.9153 0.0000e+00
 188.482260     65.000  34.731265     8.0346    4.13634     64.447    33.3491    25.9732 0.0000e+00
 188.482273     66.000  34.723762     7.9836    4.11460     65.439    33.3892    26.0122 0.0000e+00
 188.482286     67.000  34.720779     7.9612    4.09225     66.430    33.4070    26.0295 0.0000e+00
 188.482298     68.000  34.720385     7.9420    4.08158     67.421    33.4245    26.0460 0.0000e+00
 188.482310     69.000  34.721500     7.9309    4.07436     68.413    33.4358    26.0565 0.0000e+00
 188.482321     70.000  34.722743     7.9256    4.05643     69.404    33.4417    26.0620 0.0000e+00
 188.482334     71.000  34.724431     7.9220    4.01661     70.395    33.4464    26.0663 0.0000e+00
 188.482347     72.000  34.728381     7.9180    3.97011     71.387    33.4540    26.0728 0.0000e+00
 188.482361     73.000  34.732993     7.9106    3.94518     72.378    33.4656    26.0830 0.0000e+00
 188.482375     74.000  34.733969     7.9040    3.94041     73.369    33.4725    26.0893 0.0000e+00
 188.482388     75.000  34.731399     7.9005    3.96543     74.360    33.4726    26.0900 0.0000e+00
 188.482402     76.000  34.731949     7.9003    3.97676     75.352    33.4729    26.0903 0.0000e+00
 188.482415     77.000  34.729804     7.8949    3.98956     76.343    33.4753    26.0930 0.0000e+00
 188.482429     78.000  34.726912     7.8890    3.97027     77.335    33.4774    26.0955 0.0000e+00
 188.482441     79.000  34.728647     7.8806    3.86906     78.325    33.4868    26.1041 0.0000e+00
 188.482455     80.000  34.732696     7.8594    3.74968     79.317    33.5110    26.1262 0.0000e+00
 188.482469     81.000  34.735143     7.8292    3.56740     80.308    33.5422    26.1551 0.0000e+00
 188.482483     82.000  34.734617     7.7663    3.39833     81.300    33.6017    26.2110 0.0000e+00
 188.482495     83.000  34.735049     7.6999    3.27342     82.290    33.6658    26.2708 0.0000e+00
 188.482507     84.000  34.728511     7.6395    3.19966     83.282    33.7167    26.3196 0.0000e+00
 188.482519     85.000  34.722818     7.6109    3.16874     84.274    33.7378    26.3403 0.0000e+00
 188.482533     86.000  34.720824     7.5936    3.15942     85.264    33.7520    26.3540 0.0000e+00
 188.482547     87.000  34.714739     7.5752    3.15267     86.256    33.7629    26.3651 0.0000e+00
 188.482563     88.000  34.712941     7.5709    3.16724     87.247    33.7646    26.3670 0.0000e+00
 188.482578     89.000  34.711650     7.5677    3.16453     88.238    33.7658    26.3685 0.0000e+00
 188.482594     90.000  34.711898     7.5662    3.17104     89.229    33.7671    26.3697 0.0000e+00
 188.482609     91.000  34.712060     7.5649    3.15933     90.220    33.7680    26.3707 0.0000e+00
 188.482623     92.000  34.712666     7.5635    3.16102     91.212    33.7695    26.3721 0.0000e+00
 188.482636     93.000  34.712640     7.5614    3.15251     92.203    33.7711    26.3736 0.0000e+00
 188.482649     94.000  34.713205     7.5599    3.14093     93.194    33.7727    26.3751 0.0000e+00
 188.482662     95.000  34.714205     7.5602    3.15319     94.185    33.7730    26.3753 0.0000e+00
 188.482678     96.000  34.714766     7.5607    3.14670     95.177    33.7726    26.3750 0.0000e+00
 188.482694     97.000  34.713199     7.5570    3.14652     96.168    33.7741    26.3766 0.0000e+00
 188.482709     98.000  34.712611     7.5554    3.13719     97.159    33.7744    26.3772 0.0000e+00
 188.482725     99.000  34.713463     7.5545    3.13333     98.150    33.7757    26.3783 0.0000e+00
 188.482741    100.000  34.712748     7.5510    3.11698     99.141    33.7779    26.3806 0.0000e+00
 188.482758    101.000  34.713348     7.5509    3.12439    100.133    33.7782    26.3808 0.0000e+00
 188.482819    102.000  34.713658     7.5518    3.13439    101.124    33.7772    26.3800 0.0000e+00
