data/oxygen options/OCNMS/OCNMS2/raw_data/2005/CTD_CE50_060805faedb.cnv
* Sea-Bird SBE19 Data File:
* FileName = C:\hypoxia CTD data\CE50_060805.hex
* Software Version 1.1.5
* Temperature SN = 2997
* Conductivity SN = 2997
* System UpLoad Time = Jun 08 2005 16:00:10
* SEACAT PROFILER V3.1c SN 2997   06/08/05  15:59:32.701
* strain gauge pressure sensor: S/N = 184829,  range = 3000 psia,  tc = 40
# nquan = 9
# nvalues = 49                          
# units = specified
# name 0 = timeJ: Julian Days
# name 1 = prSM: Pressure, Strain Gauge [db]
# name 2 = c0mS/cm: Conductivity [mS/cm]
# name 3 = t090C: Temperature [ITS-90, deg C]
# name 4 = oxML/L: Oxygen, Beckman/YSI [ml/l]
# name 5 = depSM: Depth [salt water, m], lat = 47.5
# name 6 = sal00: Salinity, Practical [PSU]
# name 7 = sigma-é00: Density [sigma-theta, kg/m^3]
# name 8 = flag: flag
# span 0 = 159.599183, 159.599783       
# span 1 =      3.000,     51.000       
# span 2 =  35.410172,  36.826183       
# span 3 =     9.2917,    15.7154       
# span 4 =    3.71982,    6.70448       
# span 5 =      2.974,     50.568       
# span 6 =    28.8793,    32.8951       
# span 7 =    21.1074,    25.4248       
# span 8 = 0.0000e+00, 0.0000e+00       
# interval = decibars: 1                
# start_time = Jun 08 2005 14:18:50 [Instrument's time stamp, header]
# bad_flag = -9.990e-29
*END*
 159.599183      3.000  36.714332    15.7154    6.01902      2.974    28.8793    21.1074 0.0000e+00
 159.599206      4.000  36.640579    15.6034    6.06277      3.967    28.8964    21.1445 0.0000e+00
 159.599222      5.000  36.539872    15.4892    6.14981      4.958    28.8914    21.1651 0.0000e+00
 159.599234      6.000  36.512648    15.4472    6.07462      5.950    28.8979    21.1792 0.0000e+00
 159.599247      7.000  36.591021    15.4111    5.93997      6.941    28.9930    21.2599 0.0000e+00
 159.599259      8.000  36.655437    15.2325    6.13630      7.933    29.1815    21.4426 0.0000e+00
 159.599271      9.000  36.691181    14.8173    6.37385      8.925    29.5239    21.7931 0.0000e+00
 159.599282     10.000  36.716658    14.4998    6.44071      9.916    29.7883    22.0624 0.0000e+00
 159.599293     11.000  36.718784    14.3985    6.41859     10.908    29.8681    22.1446 0.0000e+00
 159.599306     12.000  36.732911    14.2537    6.24383     11.899    29.9926    22.2701 0.0000e+00
 159.599316     13.000  36.771910    13.9909    6.22549     12.891    30.2327    22.5083 0.0000e+00
 159.599329     14.000  36.805635    13.5392    6.38498     13.883    30.6212    22.8984 0.0000e+00
 159.599340     15.000  36.826183    12.9979    6.48570     14.874    31.0779    23.3574 0.0000e+00
 159.599352     16.000  36.767310    12.6693    6.53055     15.866    31.2937    23.5874 0.0000e+00
 159.599363     17.000  36.727301    12.5163    6.51266     16.857    31.3832    23.6857 0.0000e+00
 159.599373     18.000  36.757682    12.4226    6.57780     17.849    31.4901    23.7862 0.0000e+00
 159.599384     19.000  36.802909    12.3138    6.68552     18.841    31.6244    23.9108 0.0000e+00
 159.599395     20.000  36.819273    12.1607    6.70448     19.832    31.7692    24.0517 0.0000e+00
 159.599406     21.000  36.764644    12.0189    6.63419     20.824    31.8371    24.1306 0.0000e+00
 159.599417     22.000  36.687216    11.8828    6.49641     21.815    31.8783    24.1877 0.0000e+00
 159.599429     23.000  36.587170    11.7097    6.23253     22.807    31.9295    24.2591 0.0000e+00
 159.599440     24.000  36.456894    11.5041    5.91752     23.798    31.9795    24.3353 0.0000e+00
 159.599452     25.000  36.353870    11.3474    5.64384     24.790    32.0141    24.3903 0.0000e+00
 159.599464     26.000  36.293872    11.2159    5.47092     25.782    32.0691    24.4565 0.0000e+00
 159.599474     27.000  36.253967    11.1219    5.35676     26.773    32.1114    24.5060 0.0000e+00
 159.599486     28.000  36.221161    11.0363    5.21761     27.764    32.1534    24.5538 0.0000e+00
 159.599498     29.000  36.164404    10.8967    5.03682     28.756    32.2193    24.6296 0.0000e+00
 159.599509     30.000  36.083972    10.7454    4.89348     29.747    32.2723    24.6971 0.0000e+00
 159.599520     31.000  36.003048    10.5820    4.78416     30.739    32.3358    24.7747 0.0000e+00
 159.599530     32.000  35.917340    10.3858    4.70136     31.731    32.4240    24.8770 0.0000e+00
 159.599541     33.000  35.820553    10.1992    4.65976     32.722    32.4930    24.9624 0.0000e+00
 159.599552     34.000  35.749818    10.0837    4.59777     33.714    32.5249    25.0065 0.0000e+00
 159.599563     35.000  35.709475    10.0173    4.54228     34.705    32.5433    25.0319 0.0000e+00
 159.599576     36.000  35.680586     9.9588    4.50210     35.697    32.5663    25.0596 0.0000e+00
 159.599587     37.000  35.657425     9.9119    4.46119     36.688    32.5848    25.0817 0.0000e+00
 159.599599     38.000  35.637807     9.8685    4.38775     37.679    32.6035    25.1036 0.0000e+00
 159.599610     39.000  35.620446     9.8254    4.30416     38.671    32.6244    25.1270 0.0000e+00
 159.599622     40.000  35.600483     9.7616    4.20225     39.663    32.6615    25.1664 0.0000e+00
 159.599633     41.000  35.572996     9.6818    4.10574     40.653    32.7054    25.2138 0.0000e+00
 159.599645     42.000  35.540501     9.6005    4.02239     41.645    32.7458    25.2586 0.0000e+00
 159.599658     43.000  35.508567     9.5166    3.94846     42.637    32.7893    25.3061 0.0000e+00
 159.599670     44.000  35.481581     9.4542    3.92506     43.628    32.8183    25.3388 0.0000e+00
 159.599682     45.000  35.461475     9.4126    3.89577     44.620    32.8352    25.3588 0.0000e+00
 159.599694     46.000  35.449605     9.3891    3.87114     45.611    32.8442    25.3696 0.0000e+00
 159.599705     47.000  35.444077     9.3706    3.83204     46.603    32.8550    25.3810 0.0000e+00
 159.599717     48.000  35.436787     9.3418    3.77515     47.594    32.8735    25.4000 0.0000e+00
 159.599731     49.000  35.423998     9.3093    3.72192     48.586    32.8897    25.4180 0.0000e+00
 159.599747     50.000  35.414753     9.2927    3.71982     49.577    32.8951    25.4248 0.0000e+00
 159.599783     51.000  35.410172     9.2917    3.75131     50.568    32.8908    25.4216 0.0000e+00
