data/oxygen options/OCNMS/OCNMS2/raw_data/2005/CTD_CE40_081605faed.cnv
* Sea-Bird SBE19 Data File:
* FileName = C:\Hypoxia Data\CE40_081605.hex
* Software Version 1.1.6
* Temperature SN = 2997
* Conductivity SN = 2997
* System UpLoad Time = Aug 16 2005 11:07:54
* SEACAT PROFILER V3.1c SN 2997   08/16/05  11:07:22.753
* strain gauge pressure sensor: S/N = 184829,  range = 3000 psia,  tc = 40
# nquan = 9                                 
# nvalues = 732                         
# units = specified
# name 0 = timeJ: Julian Days
# name 1 = prSM: Pressure, Strain Gauge [db]
# name 2 = c0mS/cm: Conductivity [mS/cm]
# name 3 = t090C: Temperature [ITS-90, deg C]
# name 4 = oxML/L: Oxygen, Beckman/YSI [ml/l]
# name 5 = depSM: Depth [salt water, m], lat = 47.5
# name 6 = sal00: Salinity, Practical [PSU]
# name 7 = sigma-é00: Density [sigma-theta, kg/m^3]
# name 8 = flag: flag
# span 0 = 228.457488, 228.461719       
# span 1 =     -2.994,     39.491       
# span 2 =   0.699778,  36.834294       
# span 3 =     7.3603,    11.9456       
# span 4 =  -12.23035,   29.60823       
# span 5 =     -2.969,     39.158       
# span 6 =     0.4846,    33.7940       
# span 7 =     0.0208,    26.4186       
# span 8 = 0.0000e+00, 0.0000e+00       
# interval = seconds: 0.5
# start_time = Aug 16 2005 10:58:47 [Instrument's time stamp, header]
# bad_flag = -9.990e-29
*END*
[from data line 321]
 228.459346      2.801  36.669523    10.8113    7.59753      2.778    32.8078    25.1020 -9.990e-29
 228.459352      2.800  36.680445    10.8123    7.56415      2.777    32.8178    25.1096 -9.990e-29
 228.459358      2.810  36.684869    10.7867    7.54905      2.787    32.8451    25.1354 -9.990e-29
 228.459363      2.831  36.660094    10.7457    7.57038      2.807    32.8573    25.1520 -9.990e-29
 228.459369      2.852  36.618509    10.7265    7.62615      2.828    32.8331    25.1365 -9.990e-29
 228.459375      2.862  36.602788    10.7408    7.69103      2.838    32.8045    25.1118 -9.990e-29
 228.459381      2.861  36.621676    10.7695    7.75035      2.837    32.7976    25.1014 -9.990e-29
 228.459387      2.857  36.651561    10.7948    7.79812      2.833    32.8047    25.1025 -9.990e-29
 228.459392      2.859  36.673973    10.8183    7.83787      2.835    32.8059    25.0993 -9.990e-29
 228.459398      2.872  36.693563    10.8446    7.88267      2.848    32.8018    25.0916 -9.990e-29
 228.459404      2.887  36.718507    10.8638    7.90953      2.863    32.8094    25.0941 -9.990e-29
 228.459410      2.893  36.736078    10.8705    7.90896      2.869    32.8209    25.1018 -9.990e-29
 228.459416      2.886  36.740544    10.8701    7.89072      2.862    32.8257    25.1057 -9.990e-29
 228.459421      2.866  36.738420    10.8700    7.87288      2.842    32.8237    25.1041 -9.990e-29
 228.459427      2.839  36.736966    10.8780    7.85765      2.815    32.8151    25.0960 -9.990e-29
 228.459433      2.821  36.744332    10.8905    7.85751      2.797    32.8112    25.0908 -9.990e-29
 228.459439      2.820  36.756317    10.8936    7.84993      2.796    32.8203    25.0974 -9.990e-29
 228.459444      2.835  36.759739    10.8859    7.83994      2.811    32.8306    25.1067 -9.990e-29
 228.459450      2.863  36.752991    10.8789    7.84367      2.839    32.8302    25.1076 -9.990e-29
 228.459456      2.893  36.746139    10.8789    7.86380      2.869    32.8233    25.1023 -9.990e-29
 228.459462      2.915  36.746301    10.8832    7.89768      2.891    32.8196    25.0987 -9.990e-29
 228.459468      2.925  36.750883    10.8882    7.91897      2.901    32.8197    25.0978 -9.990e-29
 228.459473      2.923  36.754776    10.8952    7.95379      2.899    32.8173    25.0947 -9.990e-29
 228.459479      2.911  36.760362    10.9080    7.98663      2.887    32.8114    25.0879 -9.990e-29
 228.459485      2.891  36.772842    10.9243    7.98224      2.867    32.8092    25.0833 -9.990e-29
 228.459491      2.875  36.788666    10.9355    7.96121      2.851    32.8149    25.0858 -9.990e-29
 228.459497      2.870  36.798649    10.9366    7.89927      2.846    32.8238    25.0925 -9.990e-29
 228.459502      2.871  36.799279    10.9301    7.82186      2.847    32.8303    25.0987 -9.990e-29
 228.459508      2.876  36.793639    10.9195    7.74869      2.852    32.8342    25.1036 -9.990e-29
 228.459514      2.883  36.786539    10.9061    7.68004      2.859    32.8391    25.1098 -9.990e-29
 228.459520      2.894  36.777482    10.8866    7.63285      2.870    32.8476    25.1198 -9.990e-29
 228.459525      2.908  36.758872    10.8451    7.62312      2.884    32.8663    25.1417 -9.990e-29
 228.459531      2.928  36.713740    10.7890    7.64523      2.904    32.8718    25.1558 -9.990e-29
 228.459537      2.949  36.656489    10.7625    7.70212      2.924    32.8385    25.1345 -9.990e-29
 228.459543      2.966  36.638066    10.7862    7.78678      2.941    32.7989    25.0995 -9.990e-29
 228.459549      2.973  36.671460    10.8367    7.86938      2.948    32.7869    25.0813 -9.990e-29
 228.459554      2.977  36.722118    10.8784    7.91563      2.952    32.7999    25.0841 -9.990e-29
 228.459560      2.982  36.753283    10.8984    7.93084      2.957    32.8129    25.0908 -9.990e-29
 228.459566      2.983  36.764458    10.9069    7.93501      2.958    32.8164    25.0920 -9.990e-29
 228.459572      2.978  36.771670    10.9152    7.94511      2.953    32.8162    25.0903 -9.990e-29
 228.459578      2.964  36.781729    10.9244    7.95274      2.939    32.8179    25.0901 -9.990e-29
 228.459583      2.946  36.792341    10.9294    7.93827      2.921    32.8240    25.0939 -9.990e-29
 228.459589      2.931  36.794100    10.9311    7.91392      2.907    32.8242    25.0938 -9.990e-29
 228.459595      2.923  36.791032    10.9319    7.90071      2.899    32.8204    25.0907 -9.990e-29
 228.459601      2.920  36.789885    10.9305    7.88172      2.896    32.8206    25.0910 -9.990e-29
 228.459606      2.923  36.789125    10.9252    7.88499      2.899    32.8246    25.0951 -9.990e-29
 228.459612      2.932  36.786231    10.9170    7.87960      2.908    32.8290    25.1000 -9.990e-29
 228.459618      2.947  36.780127    10.9101    7.86670      2.922    32.8291    25.1013 -9.990e-29
 228.459624      2.966  36.774615    10.9074    7.87173      2.941    32.8261    25.0994 -9.990e-29
 228.459630      2.980  36.773539    10.9079    7.88662      2.955    32.8245    25.0981 -9.990e-29
 228.459635      2.987  36.775443    10.9114    7.91257      2.962    32.8233    25.0965 -9.990e-29
 228.459641      2.987  36.779481    10.9190    7.94040      2.962    32.8205    25.0930 -9.990e-29
 228.459647      2.979  36.787092    10.9285    7.94625      2.954    32.8196    25.0906 -9.990e-29
 228.459653      2.968  36.795509    10.9355    7.93987      2.943    32.8216    25.0910 -9.990e-29
 228.459659      2.962  36.800236    10.9384    7.93447      2.937    32.8237    25.0921 -9.990e-29
 228.459664      2.963  36.801388    10.9385    7.94640      2.938    32.8248    25.0929 -9.990e-29
 228.459670      2.973  36.801045    10.9375    7.96169      2.948    32.8253    25.0935 -9.990e-29
 228.459676      2.988  36.799855    10.9372    7.96718      2.963    32.8244    25.0929 -9.990e-29
 228.459682      3.000  36.799014    10.9401    7.97647      2.975    32.8210    25.0897 -9.990e-29
 228.459688      3.006  36.800745    10.9466    7.99172      2.981    32.8169    25.0854 -9.990e-29
 228.459693      3.006  36.805653    10.9543    8.01006      2.981    32.8149    25.0824 -9.990e-29
 228.459699      3.009  36.811853    10.9618    7.99875      2.984    32.8143    25.0807 -9.990e-29
 228.459705      3.027  36.818623    10.9689    7.97811      3.002    32.8147    25.0797 -9.990e-29
 228.459711      3.058  36.826560    10.9741    7.96387      3.032    32.8179    25.0813 -9.990e-29
 228.459716      3.086  36.832769    10.9753    7.96560      3.060    32.8229    25.0850 -9.990e-29
 228.459722      3.100  36.834294    10.9730    7.97911      3.074    32.8265    25.0882 -9.990e-29
 228.459728      3.097  36.832029    10.9701    7.98020      3.071    32.8268    25.0890 -9.990e-29
 228.459734      3.078  36.829103    10.9684    7.95646      3.052    32.8255    25.0882 -9.990e-29
 228.459740      3.044  36.827763    10.9663    7.93303      3.019    32.8260    25.0890 -9.990e-29
 228.459745      3.006  36.825642    10.9634    7.93516      2.981    32.8265    25.0899 -9.990e-29
 228.459751      2.980  36.822699    10.9621    7.95053      2.955    32.8248    25.0888 -9.990e-29
 228.459757      2.976  36.822280    10.9619    7.94306      2.951    32.8246    25.0886 -9.990e-29
 228.459763      2.989  36.822687    10.9610    7.93504      2.964    32.8258    25.0897 -9.990e-29
 228.459769      3.004  36.821639    10.9596    7.91417      2.979    32.8260    25.0901 -9.990e-29
 228.459774      3.017  36.820524    10.9577    7.92069      2.992    32.8266    25.0909 -9.990e-29
 228.459780      3.034  36.819517    10.9547    7.91897      3.009    32.8282    25.0928 -9.990e-29
 228.459786      3.051  36.816696    10.9519    7.90688      3.026    32.8279    25.0930 -9.990e-29
 228.459792      3.065  36.813326    10.9501    7.88577      3.039    32.8262    25.0920 -9.990e-29
 228.459797      3.076  36.811623    10.9479    7.85659      3.050    32.8265    25.0926 -9.990e-29
 228.459803      3.086  36.809859    10.9425    7.84343      3.060    32.8296    25.0959 -9.990e-29
 228.459809      3.095  36.805101    10.9346    7.85620      3.069    32.8319    25.0992 -9.990e-29
 228.459815      3.100  36.797714    10.9312    7.88009      3.074    32.8276    25.0964 -9.990e-29
 228.459821      3.092  36.794655    10.9333    7.88644      3.066    32.8227    25.0922 -9.990e-29
 228.459826      3.071  36.797990    10.9339    7.86628      3.045    32.8255    25.0943 -9.990e-29
 228.459832      3.048  36.798690    10.9310    7.85636      3.023    32.8288    25.0974 -9.990e-29
 228.459838      3.039  36.794864    10.9285    7.86332      3.014    32.8272    25.0966 -9.990e-29
 228.459844      3.052  36.792611    10.9280    7.88830      3.027    32.8254    25.0953 -9.990e-29
 228.459850      3.079  36.792272    10.9288    7.89654      3.053    32.8244    25.0943 -9.990e-29
 228.459855      3.108  36.792254    10.9300    7.88178      3.082    32.8233    25.0933 -9.990e-29
 228.459861      3.134  36.793073    10.9307    7.88188      3.108    32.8235    25.0933 -9.990e-29
 228.459867      3.150  36.794120    10.9304    7.88307      3.124    32.8248    25.0943 -9.990e-29
 228.459873      3.156  36.794526    10.9295    7.88937      3.130    32.8260    25.0954 -9.990e-29
 228.459878      3.157  36.794255    10.9283    7.88234      3.131    32.8268    25.0963 -9.990e-29
 228.459884      3.149  36.793487    10.9268    7.86357      3.123    32.8274    25.0970 -9.990e-29
 228.459890      3.131  36.792300    10.9247    7.85662      3.105    32.8281    25.0979 -9.990e-29
 228.459896      3.111  36.790212    10.9221    7.86848      3.085    32.8283    25.0986 -9.990e-29
 228.459902      3.096  36.787225    10.9196    7.87924      3.070    32.8276    25.0985 -9.990e-29
 228.459907      3.094  36.784947    10.9181    7.87346      3.068    32.8267    25.0980 -9.990e-29
 228.459913      3.104  36.784247    10.9177    7.86140      3.078    32.8263    25.0978 -9.990e-29
 228.459919      3.119  36.784170    10.9186    7.85859      3.093    32.8255    25.0970 -9.990e-29
 228.459925      3.135  36.784595    10.9205    7.86027      3.109    32.8242    25.0956 -9.990e-29
 228.459931      3.154  36.786068    10.9226    7.87463      3.128    32.8237    25.0949 -9.990e-29
 228.459936      3.176  36.788293    10.9246    7.87174      3.149    32.8242    25.0949 -9.990e-29
 228.459942      3.194  36.790292    10.9268    7.87668      3.167    32.8242    25.0945 -9.990e-29
 228.459948      3.201  36.792466    10.9278    7.88452      3.174    32.8254    25.0953 -9.990e-29
 228.459954      3.215  36.793770    10.9261    7.89908      3.188    32.8282    25.0978 -9.990e-29
 228.459959      3.253  36.791439    10.9241    7.93975      3.226    32.8277    25.0977 -9.990e-29
 228.459965      3.310  36.788517    10.9250    7.98641      3.282    32.8240    25.0947 -9.990e-29
 228.459971      3.380  36.788937    10.9283    7.99097      3.352    32.8214    25.0921 -9.990e-29
 228.459977      3.468  36.792119    10.9308    7.96515      3.439    32.8223    25.0923 -9.990e-29
 228.459983      3.575  36.794995    10.9294    7.87127      3.545    32.8263    25.0958 -9.990e-29
 228.459988      3.699  36.794091    10.9237    7.74093      3.668    32.8305    25.1000 -9.990e-29
 228.459994      3.849  36.789304    10.9124    7.54994      3.817    32.8358    25.1061 0.0000e+00
 228.460000      4.037  36.780401    10.8877    7.27459      4.003    32.8490    25.1208 0.0000e+00
 228.460006      4.273  36.760541    10.8229    6.92243      4.237    32.8873    25.1620 0.0000e+00
 228.460012      4.561  36.705465    10.6967    6.57721      4.523    32.9459    25.2296 0.0000e+00
 228.460017      4.904  36.593312    10.5461    6.24118      4.863    32.9697    25.2742 0.0000e+00
 228.460023      5.298  36.459572    10.4260    5.95448      5.254    32.9440    25.2749 0.0000e+00
 228.460029      5.737  36.360285    10.3404    5.76067      5.689    32.9215    25.2720 0.0000e+00
 228.460035      6.212  36.294233    10.2623    5.63995      6.160    32.9256    25.2884 0.0000e+00
 228.460041      6.714  36.234429    10.1776    5.59850      6.658    32.9419    25.3155 0.0000e+00
 228.460046      7.241  36.174559    10.0851    5.61601      7.180    32.9653    25.3493 0.0000e+00
 228.460052      7.783  36.113271     9.9949    5.66671      7.718    32.9852    25.3799 0.0000e+00
 228.460058      8.325  36.055725     9.9269    5.72224      8.255    32.9886    25.3939 0.0000e+00
 228.460064      8.861  36.018798     9.8890    5.77391      8.787    32.9854    25.3978 0.0000e+00
 228.460069      9.401  36.006485     9.8693    5.75630      9.322    32.9907    25.4051 0.0000e+00
 228.460075      9.949  36.007381     9.8450    5.70386      9.866    33.0136    25.4271 0.0000e+00
 228.460081     10.509  35.999668     9.7933    5.64815     10.421    33.0529    25.4663 0.0000e+00
 228.460087     11.084  35.960705     9.7187    5.67206     10.991    33.0814    25.5008 0.0000e+00
 228.460093     11.663  35.901881     9.6569    5.79454     11.565    33.0778    25.5082 0.0000e+00
 228.460098     12.244  35.868650     9.6312    5.95426     12.141    33.0672    25.5041 0.0000e+00
 228.460104     12.835  35.880589     9.6338    6.10513     12.727    33.0767    25.5111 0.0000e+00
 228.460110     13.434  35.914895     9.6480    6.19293     13.321    33.0985    25.5259 0.0000e+00
 228.460116     14.036  35.948877     9.6567    6.21752     13.918    33.1251    25.5452 0.0000e+00
 228.460122     14.639  35.965025     9.6460    6.18534     14.516    33.1512    25.5674 0.0000e+00
 228.460127     15.236  35.959059     9.6155    6.11113     15.108    33.1730    25.5894 0.0000e+00
 228.460133     15.824  35.947117     9.5672    5.98051     15.691    33.2052    25.6224 0.0000e+00
 228.460139     16.401  35.930075     9.4940    5.77208     16.263    33.2552    25.6734 0.0000e+00
 228.460145     16.970  35.895277     9.3864    5.47362     16.828    33.3192    25.7408 0.0000e+00
 228.460150     17.528  35.829380     9.2432    5.11382     17.381    33.3845    25.8149 0.0000e+00
 228.460156     18.073  35.724111     9.0813    4.73564     17.921    33.4267    25.8737 0.0000e+00
 228.460162     18.610  35.594950     8.9225    4.35654     18.454    33.4412    25.9101 0.0000e+00
 228.460168     19.142  35.467565     8.7691    4.01456     18.981    33.4524    25.9427 0.0000e+00
 228.460174     19.669  35.349239     8.6145    3.71723     19.504    33.4741    25.9836 0.0000e+00
 228.460179     20.196  35.231856     8.4642    3.48907     20.026    33.4927    26.0211 0.0000e+00
 228.460185     20.729  35.117532     8.3266    3.34242     20.555    33.5024    26.0496 0.0000e+00
 228.460191     21.274  35.014136     8.2019    3.24406     21.095    33.5114    26.0752 0.0000e+00
 228.460197     21.829  34.922242     8.0834    3.18764     21.646    33.5265    26.1047 0.0000e+00
 228.460203     22.393  34.839259     7.9704    3.17687     22.205    33.5459    26.1366 0.0000e+00
 228.460208     22.962  34.766069     7.8784    3.15035     22.769    33.5557    26.1577 0.0000e+00
 228.460214     23.543  34.712126     7.8214    3.12592     23.345    33.5523    26.1633 0.0000e+00
 228.460220     24.135  34.686753     7.7921    3.08951     23.932    33.5530    26.1681 0.0000e+00
 228.460226     24.723  34.681311     7.7709    3.01128     24.515    33.5673    26.1824 0.0000e+00
 228.460231     25.299  34.680108     7.7329    2.92974     25.086    33.6023    26.2155 0.0000e+00
 228.460237     25.861  34.670863     7.6631    2.83041     25.644    33.6596    26.2705 0.0000e+00
 228.460243     26.413  34.645153     7.5845    2.74107     26.191    33.7077    26.3196 0.0000e+00
 228.460249     26.962  34.615766     7.5208    2.65980     26.735    33.7375    26.3521 0.0000e+00
 228.460255     27.504  34.593941     7.4684    2.59685     27.273    33.7646    26.3808 0.0000e+00
 228.460260     28.035  34.574089     7.4268    2.56369     27.799    33.7834    26.4015 0.0000e+00
