data/oxygen options/OCNMS/OCNMS2/raw_data/2005/CTD_TH80_060705faedb.cnv
* Sea-Bird SBE19 Data File:
* FileName = C:\hypoxia CTD data\TH80_060705.hex
* Software Version 1.1.5
* Temperature SN = 2997
* Conductivity SN = 2997
* System UpLoad Time = Jun 07 2005 12:43:55
* SEACAT PROFILER V3.1c SN 2997   06/07/05  12:42:57.071
* strain gauge pressure sensor: S/N = 184829,  range = 3000 psia,  tc = 40
# nquan = 9
# nvalues = 77                          
# units = specified
# name 0 = timeJ: Julian Days
# name 1 = prSM: Pressure, Strain Gauge [db]
# name 2 = c0mS/cm: Conductivity [mS/cm]
# name 3 = t090C: Temperature [ITS-90, deg C]
# name 4 = oxML/L: Oxygen, Beckman/YSI [ml/l]
# name 5 = depSM: Depth [salt water, m], lat = 47.5
# name 6 = sal00: Salinity, Practical [PSU]
# name 7 = sigma-é00: Density [sigma-theta, kg/m^3]
# name 8 = flag: flag
# span 0 = 157.468008, 159.225758       
# span 1 =      3.000,     81.000       
# span 2 =  34.771957,  37.128443       
# span 3 =     7.7202,    13.3901       
# span 4 =    2.62608,    7.78611       
# span 5 =      2.975,     80.308       
# span 6 =    31.0455,    33.6869       
# span 7 =    23.2553,    26.2845       
# span 8 = 0.0000e+00, 0.0000e+00       
# interval = decibars: 1                
# start_time = Jun 07 2005 11:38:22 [Instrument's time stamp, header]
# bad_flag = -9.990e-29
*END*
 158.487320      3.000  37.128443    13.3901    7.78402      2.975    31.0455    23.2553 0.0000e+00
 158.487346      4.000  36.974302    13.1346    7.65772      3.966    31.1101    23.3553 0.0000e+00
 158.487374      5.000  36.768175    12.9384    7.78611      4.958    31.0773    23.3681 0.0000e+00
 158.487699      6.000  36.771128    12.8961    7.42901      5.950    31.1144    23.4048 0.0000e+00
 158.487762      7.000  36.708068    12.7840    7.27424      6.941    31.1469    23.4515 0.0000e+00
 158.487782      8.000  36.660038    12.6913    7.08781      7.933    31.1778    23.4931 0.0000e+00
 158.487801      9.000  36.593582    12.5046    6.81390      8.925    31.2691    23.5993 0.0000e+00
 158.487821     10.000  36.462140    12.2619    6.49199      9.916    31.3460    23.7045 0.0000e+00
 158.487847     11.000  36.217429    11.8188    6.52871     10.908    31.4831    23.8927 0.0000e+00
 158.488149     12.000  36.048429    11.6748    6.28979     11.900    31.4412    23.8861 0.0000e+00
 158.488274     13.000  35.919544    11.4875    5.93248     12.891    31.4747    23.9459 0.0000e+00
 158.488293     14.000  35.739451    11.2092    5.60828     13.883    31.5358    24.0428 0.0000e+00
 158.488307     15.000  35.531481    10.9599    5.47086     14.874    31.5447    24.0934 0.0000e+00
 158.488321     16.000  35.421328    10.8416    5.44220     15.866    31.5373    24.1081 0.0000e+00
 158.488333     17.000  35.379608    10.7946    5.40646     16.857    31.5361    24.1153 0.0000e+00
 158.488347     18.000  35.349658    10.7527    5.34799     17.849    31.5421    24.1272 0.0000e+00
 158.488362     19.000  35.306364    10.6689    5.26596     18.840    31.5710    24.1641 0.0000e+00
 158.488383     20.000  35.243718    10.6007    5.25349     19.832    31.5674    24.1729 0.0000e+00
 158.488413     21.000  35.217576    10.5542    5.23218     20.823    31.5812    24.1916 0.0000e+00
 158.488668     22.000  35.198950    10.5415    5.18653     21.815    31.5732    24.1875 0.0000e+00
 158.488752     23.000  35.160417    10.4633    5.03360     22.807    31.6021    24.2233 0.0000e+00
 158.488767     24.000  35.105769    10.3842    4.97665     23.798    31.6158    24.2473 0.0000e+00
 158.488781     25.000  35.070476    10.3440    4.93233     24.790    31.6150    24.2535 0.0000e+00
 158.488795     26.000  35.050967    10.3165    4.87306     25.781    31.6190    24.2611 0.0000e+00
 158.488808     27.000  35.030447    10.2626    4.80282     26.773    31.6449    24.2904 0.0000e+00
 158.488822     28.000  35.005775    10.1955    4.69574     27.765    31.6783    24.3276 0.0000e+00
 158.488836     29.000  34.986172    10.1250    4.51164     28.756    31.7199    24.3717 0.0000e+00
 158.488850     30.000  34.969051     9.9948    4.36533     29.747    31.8165    24.4686 0.0000e+00
 158.488869     31.000  34.980765     9.8074    4.38396     30.739    31.9936    24.6374 0.0000e+00
 159.225758     33.000  35.133222     9.8250    4.32051     32.722    32.1561    24.7672 0.0000e+00
 158.489156     34.000  34.976804     9.6628    4.12919     33.713    32.1171    24.7573 0.0000e+00
 158.489168     35.000  34.967814     9.5363    4.01302     34.705    32.2209    24.8587 0.0000e+00
 158.489181     36.000  34.946148     9.4154    3.94622     35.696    32.3070    24.9452 0.0000e+00
 158.489195     37.000  34.934161     9.3266    3.90646     36.688    32.3745    25.0122 0.0000e+00
 158.489212     38.000  34.931167     9.2633    3.86160     37.679    32.4284    25.0644 0.0000e+00
 158.489230     39.000  34.927830     9.1905    3.81613     38.671    32.4907    25.1245 0.0000e+00
 158.489250     40.000  34.933842     9.1164    3.82909     39.662    32.5640    25.1936 0.0000e+00
 158.489277     41.000  34.944416     9.1352    3.85011     40.654    32.5573    25.1855 0.0000e+00
 158.489544     42.000  34.933573     9.0780    3.78942     41.645    32.5980    25.2262 0.0000e+00
 158.489577     43.000  34.940728     9.0151    3.73516     42.637    32.6627    25.2866 0.0000e+00
 158.489595     44.000  34.954136     8.9844    3.75201     43.628    32.7044    25.3240 0.0000e+00
 158.489609     45.000  35.012884     9.0049    3.76150     44.619    32.7461    25.3536 0.0000e+00
 158.489622     46.000  35.063759     9.0162    3.75114     45.611    32.7881    25.3846 0.0000e+00
 158.489634     47.000  35.108321     9.0008    3.72788     46.602    32.8481    25.4340 0.0000e+00
 158.489649     48.000  35.136561     8.9644    3.65133     47.594    32.9107    25.4888 0.0000e+00
 158.489668     49.000  35.130539     8.8873    3.60753     48.585    32.9755    25.5514 0.0000e+00
 157.468008     51.000  34.876094     8.7151    3.48601     50.568    32.8396    25.4645 0.0000e+00
 158.490022     52.000  35.095767     8.7172    3.45043     51.559    33.0963    25.6724 0.0000e+00
 158.490039     53.000  35.077175     8.6456    3.39699     52.551    33.1434    25.7202 0.0000e+00
 158.490053     54.000  35.063867     8.5965    3.35197     53.542    33.1750    25.7525 0.0000e+00
 158.490066     55.000  35.048186     8.5460    3.32183     54.534    33.2055    25.7841 0.0000e+00
 158.490079     56.000  35.036863     8.5130    3.28832     55.525    33.2241    25.8037 0.0000e+00
 158.490093     57.000  35.025855     8.4616    3.23970     56.516    33.2605    25.8400 0.0000e+00
 158.490107     58.000  35.008344     8.4016    3.20443     57.508    33.2983    25.8787 0.0000e+00
 158.490125     59.000  34.993626     8.3578    3.18043     58.499    33.3236    25.9052 0.0000e+00
 158.490151     60.000  34.981444     8.3251    3.16340     59.491    33.3413    25.9240 0.0000e+00
 158.490382     61.000  34.963571     8.2731    3.12216     60.482    33.3713    25.9553 0.0000e+00
 158.490467     62.000  34.953983     8.2285    3.06279     61.473    33.4030    25.9869 0.0000e+00
 158.490483     63.000  34.943478     8.1824    3.02164     62.464    33.4352    26.0190 0.0000e+00
 158.490498     64.000  34.936181     8.1572    2.99244     63.456    33.4510    26.0351 0.0000e+00
 158.490513     65.000  34.929409     8.1368    2.98148     64.447    33.4628    26.0475 0.0000e+00
 158.490529     66.000  34.923970     8.1234    2.96771     65.439    33.4693    26.0545 0.0000e+00
 158.490543     67.000  34.920198     8.1139    2.96361     66.430    33.4739    26.0596 0.0000e+00
 158.490557     68.000  34.917607     8.1096    2.95710     67.422    33.4748    26.0609 0.0000e+00
 158.490572     69.000  34.915284     8.1056    2.95154     68.413    33.4757    26.0622 0.0000e+00
 158.490593     70.000  34.912717     8.0996    2.96564     69.404    33.4782    26.0650 0.0000e+00
 158.490926     71.000  34.908585     8.0715    2.87538     70.395    33.5002    26.0865 0.0000e+00
 158.490955     72.000  34.869842     7.9431    2.80371     71.387    33.5814    26.1691 0.0000e+00
 158.490979     73.000  34.855001     7.9274    2.77638     72.378    33.5801    26.1704 0.0000e+00
 158.490999     74.000  34.834431     7.8642    2.73203     73.369    33.6184    26.2097 0.0000e+00
 158.491018     75.000  34.818810     7.8300    2.70423     74.360    33.6341    26.2270 0.0000e+00
 158.491036     76.000  34.808255     7.8011    2.68390     75.352    33.6501    26.2439 0.0000e+00
 158.491053     77.000  34.796121     7.7740    2.66829     76.343    33.6627    26.2577 0.0000e+00
 158.491070     78.000  34.788221     7.7544    2.64613     77.334    33.6728    26.2685 0.0000e+00
 158.491087     79.000  34.779345     7.7337    2.63008     78.326    33.6827    26.2793 0.0000e+00
 158.491111     80.000  34.776248     7.7310    2.62866     79.317    33.6815    26.2788 0.0000e+00
 158.491160     81.000  34.771957     7.7202    2.62608     80.308    33.6869    26.2845 0.0000e+00
