data/oxygen options/OCNMS/OCNMS2/raw_data/2005/CTD_CE100_070605faedb.cnv
* Sea-Bird SBE19 Data File:
* FileName = C:\Hypoxia Data\CE90_070605.hex
* Software Version 1.1.6
* Temperature SN = 2997
* Conductivity SN = 2997
* System UpLoad Time = Jul 06 2005 16:03:46
* SEACAT PROFILER V3.1c SN 2997   07/06/05  16:04:20.156
* strain gauge pressure sensor: S/N = 184829,  range = 3000 psia,  tc = 40
# nquan = 9
# nvalues = 97                          
# units = specified
# name 0 = timeJ: Julian Days
# name 1 = prSM: Pressure, Strain Gauge [db]
# name 2 = c0mS/cm: Conductivity [mS/cm]
# name 3 = t090C: Temperature [ITS-90, deg C]
# name 4 = oxML/L: Oxygen, Beckman/YSI [ml/l]
# name 5 = depSM: Depth [salt water, m], lat = 47.5
# name 6 = sal00: Salinity, Practical [PSU]
# name 7 = sigma-é00: Density [sigma-theta, kg/m^3]
# name 8 = flag: flag
# span 0 = 187.665774, 187.667044       
# span 1 =      3.000,     99.000       
# span 2 =  34.496456,  39.873460       
# span 3 =     7.1862,    16.0877       
# span 4 =    2.14339,    6.61356       
# span 5 =      2.975,     98.150       
# span 6 =    31.3556,    33.9043       
# span 7 =    22.9306,    26.5292       
# span 8 = 0.0000e+00, 0.0000e+00       
# interval = decibars: 1                
# start_time = Jul 06 2005 15:55:37 [Instrument's time stamp, header]
# bad_flag = -9.990e-29
*END*
 187.665774      3.000  39.873460    16.0877    6.18299      2.975    31.3604    22.9306 0.0000e+00
 187.665795      4.000  39.862148    16.0596    6.16853      3.967    31.3723    22.9459 0.0000e+00
 187.665809      5.000  39.788105    15.9419    6.17507      4.958    31.4001    22.9935 0.0000e+00
 187.665823      6.000  39.673545    15.8140    6.19939      5.950    31.4002    23.0219 0.0000e+00
 187.665835      7.000  39.538759    15.6798    6.37097      6.942    31.3874    23.0417 0.0000e+00
 187.665848      8.000  39.449145    15.6128    6.53700      7.933    31.3610    23.0361 0.0000e+00
 187.665859      9.000  39.415387    15.5815    6.25121      8.925    31.3556    23.0389 0.0000e+00
 187.665871     10.000  39.384829    15.4971    5.98437      9.916    31.3953    23.0878 0.0000e+00
 187.665882     11.000  39.249188    15.0683    6.17694     10.908    31.6184    23.3520 0.0000e+00
 187.665893     12.000  38.779286    14.1561    6.32671     11.900    31.9380    23.7897 0.0000e+00
 187.665904     13.000  38.208956    13.4045    6.42031     12.891    32.0363    24.0181 0.0000e+00
 187.665915     14.000  37.799632    12.8617    6.37522     13.883    32.1099    24.1819 0.0000e+00
 187.665926     15.000  37.442765    12.4660    6.27025     14.874    32.1077    24.2564 0.0000e+00
 187.665937     16.000  37.254949    12.2322    6.26900     15.866    32.1279    24.3163 0.0000e+00
 187.665946     17.000  37.079523    11.9069    6.37296     16.857    32.2388    24.4630 0.0000e+00
 187.665958     18.000  36.844544    11.5700    6.48068     17.849    32.3029    24.5744 0.0000e+00
 187.665968     19.000  36.666338    11.3590    6.57257     18.840    32.3126    24.6200 0.0000e+00
 187.665979     20.000  36.564530    11.2458    6.61356     19.832    32.3113    24.6394 0.0000e+00
 187.665990     21.000  36.499017    11.1856    6.59561     20.824    32.2993    24.6408 0.0000e+00
 187.666001     22.000  36.467493    11.1291    6.55238     21.815    32.3175    24.6649 0.0000e+00
 187.666013     23.000  36.391235    11.0093    6.46320     22.807    32.3472    24.7092 0.0000e+00
 187.666024     24.000  36.283061    10.8725    6.37352     23.798    32.3604    24.7434 0.0000e+00
 187.666035     25.000  36.190493    10.7539    6.35070     24.790    32.3729    24.7739 0.0000e+00
 187.666045     26.000  36.091576    10.6124    6.35469     25.781    32.3994    24.8189 0.0000e+00
 187.666056     27.000  35.974445    10.4943    6.34476     26.773    32.3868    24.8294 0.0000e+00
 187.666068     28.000  35.908952    10.4335    6.34146     27.764    32.3749    24.8305 0.0000e+00
 187.666078     29.000  35.869735    10.3738    6.31113     28.756    32.3882    24.8511 0.0000e+00
 187.666090     30.000  35.819724    10.3116    6.25592     29.747    32.3930    24.8653 0.0000e+00
 187.666101     31.000  35.768648    10.2298    6.20726     30.739    32.4142    24.8957 0.0000e+00
 187.666112     32.000  35.697556    10.1397    6.19070     31.730    32.4227    24.9174 0.0000e+00
 187.666123     33.000  35.637702    10.0587    6.19447     32.722    32.4343    24.9400 0.0000e+00
 187.666132     34.000  35.585186     9.9788    6.22213     33.714    32.4525    24.9674 0.0000e+00
 187.666143     35.000  35.532713     9.8975    6.22817     34.705    32.4719    24.9960 0.0000e+00
 187.666155     36.000  35.481104     9.8368    6.16144     35.696    32.4737    25.0074 0.0000e+00
 187.666167     37.000  35.452516     9.7990    6.01265     36.688    32.4782    25.0172 0.0000e+00
 187.666180     38.000  35.408395     9.6755    5.81088     37.679    32.5444    25.0889 0.0000e+00
 187.666192     39.000  35.276842     9.4745    5.62432     38.671    32.5916    25.1584 0.0000e+00
 187.666204     40.000  35.189752     9.3730    5.68843     39.662    32.5940    25.1765 0.0000e+00
 187.666217     41.000  35.142316     9.3287    5.70351     40.654    32.5851    25.1766 0.0000e+00
 187.666232     42.000  35.141999     9.3337    5.58106     41.645    32.5798    25.1717 0.0000e+00
 187.666246     43.000  35.121477     9.2193    5.44163     42.636    32.6627    25.2546 0.0000e+00
 187.666260     44.000  35.035621     9.0674    5.33880     43.628    32.7126    25.3176 0.0000e+00
 187.666273     45.000  35.007571     9.0316    5.20463     44.620    32.7159    25.3258 0.0000e+00
 187.666286     46.000  34.995357     8.9790    5.04285     45.611    32.7512    25.3616 0.0000e+00
 187.666299     47.000  34.987609     8.9470    4.77352     46.602    32.7722    25.3831 0.0000e+00
 187.666313     48.000  34.987381     8.8975    4.37487     47.594    32.8173    25.4260 0.0000e+00
 187.666325     49.000  34.966538     8.7833    4.14599     48.585    32.9009    25.5091 0.0000e+00
 187.666338     50.000  34.941568     8.7253    4.05087     49.576    32.9281    25.5393 0.0000e+00
 187.666351     51.000  34.935348     8.6988    3.95440     50.568    32.9459    25.5573 0.0000e+00
 187.666364     52.000  34.920828     8.6056    3.87217     51.559    33.0171    25.6273 0.0000e+00
 187.666376     53.000  34.902644     8.5283    3.85797     52.551    33.0699    25.6804 0.0000e+00
 187.666390     54.000  34.899349     8.5137    3.85851     53.542    33.0796    25.6903 0.0000e+00
 187.666403     55.000  34.892995     8.4967    3.82113     54.534    33.0884    25.6997 0.0000e+00
 187.666416     56.000  34.887861     8.4711    3.76235     55.525    33.1065    25.7179 0.0000e+00
 187.666429     57.000  34.891846     8.4194    3.76081     56.516    33.1589    25.7667 0.0000e+00
 187.666443     58.000  34.901821     8.3624    3.76159     57.508    33.2227    25.8253 0.0000e+00
 187.666457     59.000  34.908296     8.3331    3.73305     58.499    33.2568    25.8565 0.0000e+00
 187.666470     60.000  34.906755     8.3127    3.63881     59.490    33.2739    25.8730 0.0000e+00
 187.666481     61.000  34.903427     8.2799    3.53414     60.482    33.3010    25.8992 0.0000e+00
 187.666493     62.000  34.896735     8.2353    3.48365     61.473    33.3358    25.9331 0.0000e+00
 187.666505     63.000  34.881630     8.1948    3.47373     62.465    33.3577    25.9563 0.0000e+00
 187.666517     64.000  34.869466     8.1775    3.46257     63.456    33.3607    25.9613 0.0000e+00
 187.666531     65.000  34.867827     8.1758    3.39747     64.447    33.3602    25.9612 0.0000e+00
 187.666543     66.000  34.868861     8.1437    3.29155     65.438    33.3913    25.9903 0.0000e+00
 187.666556     67.000  34.867506     8.1133    3.20459     66.430    33.4183    26.0160 0.0000e+00
 187.666568     68.000  34.870246     8.0907    3.14644     67.422    33.4423    26.0382 0.0000e+00
 187.666580     69.000  34.870235     8.0407    3.12379     68.413    33.4897    26.0828 0.0000e+00
 187.666593     70.000  34.858707     7.9841    3.09646     69.404    33.5311    26.1236 0.0000e+00
 187.666609     71.000  34.852516     7.9836    3.07463     70.395    33.5245    26.1184 0.0000e+00
 187.666624     72.000  34.848866     7.9387    2.99547     71.386    33.5631    26.1555 0.0000e+00
 187.666638     73.000  34.821543     7.8681    2.93396     72.378    33.6013    26.1957 0.0000e+00
 187.666652     74.000  34.808761     7.8380    2.90409     73.369    33.6160    26.2117 0.0000e+00
 187.666667     75.000  34.798920     7.8191    2.88680     74.361    33.6233    26.2201 0.0000e+00
 187.666682     76.000  34.794711     7.7990    2.85203     75.352    33.6377    26.2344 0.0000e+00
 187.666697     77.000  34.780572     7.7621    2.80460     76.343    33.6576    26.2554 0.0000e+00
 187.666711     78.000  34.769176     7.7362    2.77528     77.334    33.6698    26.2687 0.0000e+00
 187.666725     79.000  34.761403     7.7129    2.73096     78.326    33.6835    26.2829 0.0000e+00
 187.666738     80.000  34.747895     7.6748    2.68777     79.317    33.7053    26.3055 0.0000e+00
 187.666753     81.000  34.731112     7.6499    2.67400     80.308    33.7109    26.3135 0.0000e+00
 187.666769     82.000  34.730262     7.6441    2.61987     81.300    33.7152    26.3177 0.0000e+00
 187.666784     83.000  34.710758     7.5867    2.55624     82.291    33.7493    26.3527 0.0000e+00
 187.666798     84.000  34.672864     7.4961    2.50090     83.282    33.7959    26.4022 0.0000e+00
 187.666813     85.000  34.636347     7.4615    2.45968     84.273    33.7895    26.4022 0.0000e+00
 187.666830     86.000  34.644291     7.4435    2.36141     85.264    33.8152    26.4249 0.0000e+00
 187.666846     87.000  34.572810     7.2950    2.23892     86.256    33.8822    26.4986 0.0000e+00
 187.666861     88.000  34.527693     7.2252    2.17559     87.247    33.9009    26.5231 0.0000e+00
 187.666875     89.000  34.510745     7.2024    2.16208     88.238    33.9043    26.5289 0.0000e+00
 187.666890     90.000  34.504566     7.1975    2.16096     89.229    33.9019    26.5277 0.0000e+00
 187.666906     91.000  34.508331     7.2061    2.17099     90.221    33.8970    26.5227 0.0000e+00
 187.666921     92.000  34.504991     7.1962    2.16809     91.212    33.9027    26.5285 0.0000e+00
 187.666936     93.000  34.499871     7.1903    2.16240     92.203    33.9024    26.5292 0.0000e+00
 187.666950     94.000  34.498670     7.1894    2.16598     93.194    33.9015    26.5285 0.0000e+00
 187.666965     95.000  34.498660     7.1900    2.15732     94.185    33.9004    26.5276 0.0000e+00
 187.666980     96.000  34.497968     7.1892    2.16644     95.176    33.8999    26.5273 0.0000e+00
 187.666997     97.000  34.497355     7.1876    2.16513     96.168    33.9003    26.5279 0.0000e+00
 187.667018     98.000  34.497995     7.1879    2.16520     97.159    33.9002    26.5278 0.0000e+00
 187.667044     99.000  34.496456     7.1862    2.14339     98.150    33.8998    26.5277 0.0000e+00
