data/oxygen options/OCNMS/OCNMS2/raw_data/2005/CTD_CE30_070605faed.cnv
* Sea-Bird SBE19 Data File:
* FileName = C:\Hypoxia Data\CE30_070605.hex
* Software Version 1.1.6
* Temperature SN = 2997
* Conductivity SN = 2997
* System UpLoad Time = Jul 06 2005 16:08:48
* SEACAT PROFILER V3.1c SN 2997   07/06/05  16:09:17.917
* strain gauge pressure sensor: S/N = 184829,  range = 3000 psia,  tc = 40
# nquan = 9                                 
# nvalues = 559                         
# units = specified
# name 0 = timeJ: Julian Days
# name 1 = prSM: Pressure, Strain Gauge [db]
# name 2 = c0mS/cm: Conductivity [mS/cm]
# name 3 = t090C: Temperature [ITS-90, deg C]
# name 4 = oxML/L: Oxygen, Beckman/YSI [ml/l]
# name 5 = depSM: Depth [salt water, m], lat = 47.5
# name 6 = sal00: Salinity, Practical [PSU]
# name 7 = sigma-é00: Density [sigma-theta, kg/m^3]
# name 8 = flag: flag
# span 0 = 187.577951, 187.581181       
# span 1 =     -3.272,     30.432       
# span 2 =  11.266997,  38.814519       
# span 3 =    10.1398,    15.6322       
# span 4 =   -0.09616,   23.96688       
# span 5 =     -3.245,     30.176       
# span 6 =     8.6421,    32.3741       
# span 7 =     5.7440,    24.8742       
# span 8 = 0.0000e+00, 0.0000e+00       
# interval = seconds: 0.5
# start_time = Jul 06 2005 13:52:15 [Instrument's time stamp, header]
# bad_flag = -9.990e-29
*END*
[from data line 161]
 187.578883      1.461  38.695643    15.0856    7.37382      1.449    31.1116    22.9581 -9.990e-29
 187.578889      1.478  38.681321    15.0907    7.40779      1.466    31.0947    22.9440 -9.990e-29
 187.578895      1.494  38.682564    15.0855    7.45638      1.482    31.1000    22.9491 -9.990e-29
 187.578900      1.507  38.689257    15.0768    7.44791      1.494    31.1129    22.9609 -9.990e-29
 187.578906      1.509  38.697428    15.0778    7.41045      1.496    31.1194    22.9657 -9.990e-29
 187.578912      1.498  38.694417    15.0978    7.37508      1.485    31.1008    22.9472 -9.990e-29
 187.578918      1.489  38.671724    15.1227    7.34717      1.477    31.0608    22.9110 -9.990e-29
 187.578924      1.492  38.651258    15.1296    7.36454      1.480    31.0370    22.8913 -9.990e-29
 187.578929      1.513  38.653411    15.1190    7.37769      1.500    31.0473    22.9015 -9.990e-29
 187.578935      1.544  38.665924    15.1030    7.37929      1.531    31.0712    22.9232 -9.990e-29
 187.578941      1.570  38.680246    15.0811    7.37602      1.557    31.1014    22.9512 -9.990e-29
 187.578947      1.584  38.699209    15.0514    7.37235      1.571    31.1420    22.9887 -9.990e-29
 187.578953      1.591  38.718932    15.0222    7.37990      1.578    31.1829    23.0265 -9.990e-29
 187.578958      1.600  38.734866    15.0011    7.41368      1.587    31.2140    23.0549 -9.990e-29
 187.578964      1.613  38.749185    14.9885    7.42388      1.600    31.2370    23.0752 -9.990e-29
 187.578970      1.621  38.763030    14.9847    7.41918      1.607    31.2524    23.0880 -9.990e-29
 187.578976      1.620  38.766818    14.9858    7.40193      1.606    31.2549    23.0897 -9.990e-29
 187.578981      1.615  38.761675    14.9849    7.39921      1.602    31.2510    23.0869 -9.990e-29
 187.578987      1.613  38.760940    14.9835    7.41429      1.600    31.2515    23.0875 -9.990e-29
 187.578993      1.624  38.764199    14.9832    7.43250      1.610    31.2547    23.0900 -9.990e-29
 187.578999      1.648  38.767389    14.9817    7.43024      1.634    31.2587    23.0934 -9.990e-29
 187.579005      1.669  38.770840    14.9837    7.40930      1.655    31.2602    23.0942 -9.990e-29
 187.579010      1.676  38.768500    14.9975    7.41557      1.662    31.2471    23.0811 -9.990e-29
 187.579016      1.673  38.753887    15.0176    7.37882      1.659    31.2179    23.0544 -9.990e-29
 187.579022      1.670  38.735001    15.0298    7.37379      1.656    31.1912    23.0313 -9.990e-29
 187.579028      1.674  38.725932    15.0289    7.37390      1.660    31.1838    23.0257 -9.990e-29
 187.579034      1.689  38.730300    15.0183    7.44509      1.675    31.1962    23.0375 -9.990e-29
 187.579039      1.713  38.742158    15.0111    7.54306      1.699    31.2126    23.0517 -9.990e-29
 187.579045      1.739  38.747595    15.0128    7.57798      1.724    31.2161    23.0540 -9.990e-29
 187.579051      1.764  38.744886    15.0218    7.55646      1.749    31.2064    23.0447 -9.990e-29
 187.579057      1.784  38.738272    15.0535    7.46869      1.769    31.1752    23.0139 -9.990e-29
 187.579062      1.798  38.709965    15.1365    7.39354      1.783    31.0839    22.9259 -9.990e-29
 187.579068      1.807  38.629517    15.2549    7.35648      1.792    30.9185    22.7732 -9.990e-29
 187.579074      1.809  38.522593    15.3399    7.32404      1.794    30.7566    22.6305 -9.990e-29
 187.579080      1.811  38.463699    15.3586    7.29535      1.796    30.6897    22.5750 -9.990e-29
 187.579086      1.817  38.467444    15.3315    7.28806      1.802    30.7142    22.5997 -9.990e-29
 187.579091      1.826  38.501270    15.2928    7.33578      1.811    30.7745    22.6544 -9.990e-29
 187.579097      1.840  38.536249    15.2503    7.42618      1.825    30.8390    22.7131 -9.990e-29
 187.579103      1.859  38.571345    15.1872    7.45778      1.843    30.9200    22.7889 -9.990e-29
 187.579109      1.880  38.629229    15.1216    7.45492      1.864    31.0235    22.8826 -9.990e-29
 187.579115      1.897  38.689490    15.0931    7.43119      1.881    31.1000    22.9475 -9.990e-29
 187.579120      1.906  38.711880    15.1094    7.42951      1.890    31.1071    22.9495 -9.990e-29
 187.579126      1.906  38.695955    15.1406    7.46704      1.890    31.0681    22.9128 -9.990e-29
 187.579132      1.908  38.669275    15.1534    7.46301      1.892    31.0341    22.8839 -9.990e-29
 187.579138      1.920  38.657413    15.1525    7.39628      1.904    31.0242    22.8765 -9.990e-29
 187.579144      1.933  38.654662    15.1587    7.33221      1.917    31.0168    22.8695 -9.990e-29
 187.579149      1.940  38.647824    15.1773    7.30741      1.924    30.9960    22.8495 -9.990e-29
 187.579155      1.947  38.633392    15.1977    7.35945      1.931    30.9670    22.8228 -9.990e-29
 187.579161      1.961  38.615683    15.1801    7.43785      1.945    30.9651    22.8251 -9.990e-29
 187.579167      1.984  38.632791    15.1160    7.48209      1.967    31.0311    22.8896 -9.990e-29
 187.579172      2.004  38.688467    15.0591    7.47328      1.987    31.1261    22.9749 -9.990e-29
 187.579178      2.010  38.730192    15.0472    7.42642      1.993    31.1729    23.0135 -9.990e-29
 187.579184      2.003  38.734505    15.0809    7.38263      1.986    31.1500    22.9886 -9.990e-29
 187.579190      1.990  38.706584    15.1351    7.36890      1.973    31.0819    22.9246 -9.990e-29
 187.579196      1.978  38.665852    15.1654    7.38110      1.961    31.0215    22.8717 -9.990e-29
 187.579201      1.977  38.647749    15.1509    7.38352      1.960    31.0168    22.8712 -9.990e-29
 187.579207      1.990  38.664053    15.1141    7.38302      1.973    31.0605    22.9127 -9.990e-29
 187.579213      2.013  38.693331    15.0884    7.39863      1.996    31.1071    22.9540 -9.990e-29
 187.579219      2.035  38.709557    15.0776    7.41784      2.018    31.1302    22.9741 -9.990e-29
 187.579225      2.050  38.712484    15.0641    7.42756      2.033    31.1436    22.9873 -9.990e-29
 187.579230      2.066  38.720037    15.0489    7.42232      2.049    31.1625    23.0050 -9.990e-29
 187.579236      2.089  38.731073    15.0500    7.40826      2.072    31.1715    23.0117 -9.990e-29
 187.579242      2.107  38.729463    15.0642    7.41016      2.089    31.1587    22.9989 -9.990e-29
 187.579248      2.118  38.719787    15.0706    7.41257      2.100    31.1449    22.9869 -9.990e-29
 187.579253      2.131  38.717753    15.0652    7.40529      2.113    31.1474    22.9900 -9.990e-29
 187.579259      2.146  38.722340    15.0587    7.38144      2.128    31.1567    22.9985 -9.990e-29
 187.579265      2.156  38.726208    15.0564    7.36160      2.138    31.1620    23.0031 -9.990e-29
 187.579271      2.162  38.727785    15.0527    7.36018      2.144    31.1663    23.0072 -9.990e-29
 187.579277      2.172  38.730860    15.0387    7.37757      2.154    31.1802    23.0209 -9.990e-29
 187.579282      2.192  38.740100    15.0160    7.40505      2.174    31.2066    23.0461 -9.990e-29
 187.579288      2.217  38.753806    14.9964    7.41940      2.198    31.2346    23.0717 -9.990e-29
 187.579294      2.238  38.765015    14.9884    7.41953      2.219    31.2510    23.0861 -9.990e-29
 187.579300      2.243  38.769040    14.9911    7.41416      2.224    31.2525    23.0866 -9.990e-29
 187.579306      2.231  38.766760    15.0006    7.40838      2.212    31.2428    23.0772 -9.990e-29
 187.579311      2.215  38.761867    15.0118    7.40897      2.197    31.2295    23.0646 -9.990e-29
 187.579317      2.208  38.756817    15.0185    7.41317      2.190    31.2196    23.0555 -9.990e-29
 187.579323      2.207  38.753298    15.0184    7.39716      2.189    31.2165    23.0532 -9.990e-29
 187.579329      2.206  38.752795    15.0132    7.38998      2.188    31.2202    23.0571 -9.990e-29
 187.579334      2.203  38.755763    15.0045    7.40433      2.185    31.2299    23.0664 -9.990e-29
 187.579340      2.207  38.761677    14.9963    7.41739      2.189    31.2417    23.0773 -9.990e-29
 187.579346      2.218  38.767206    14.9928    7.41292      2.199    31.2495    23.0840 -9.990e-29
 187.579352      2.229  38.769629    14.9945    7.39183      2.210    31.2503    23.0842 -9.990e-29
 187.579358      2.235  38.769935    14.9993    7.37887      2.216    31.2467    23.0805 -9.990e-29
 187.579363      2.242  38.769096    15.0048    7.39716      2.223    31.2416    23.0753 -9.990e-29
 187.579369      2.259  38.767121    15.0078    7.43281      2.240    31.2374    23.0715 -9.990e-29
 187.579375      2.286  38.764746    15.0068    7.45370      2.267    31.2360    23.0707 -9.990e-29
 187.579381      2.312  38.763296    15.0078    7.43966      2.293    31.2339    23.0688 -9.990e-29
 187.579387      2.327  38.760839    15.0203    7.42150      2.308    31.2217    23.0568 -9.990e-29
 187.579392      2.332  38.750176    15.0434    7.43505      2.313    31.1937    23.0303 -9.990e-29
 187.579398      2.334  38.731672    15.0699    7.44937      2.315    31.1560    22.9956 -9.990e-29
 187.579404      2.339  38.709267    15.0920    7.46553      2.319    31.1184    22.9620 -9.990e-29
 187.579410      2.347  38.692916    15.1016    7.44517      2.327    31.0961    22.9428 -9.990e-29
 187.579416      2.354  38.695037    15.1097    7.39269      2.334    31.0916    22.9376 -9.990e-29
 187.579421      2.356  38.696030    15.1285    7.35447      2.336    31.0776    22.9227 -9.990e-29
 187.579427      2.359  38.679275    15.1509    7.33523      2.339    31.0448    22.8928 -9.990e-29
 187.579433      2.365  38.658329    15.1642    7.36324      2.345    31.0156    22.8674 -9.990e-29
 187.579439      2.375  38.648458    15.1527    7.41995      2.355    31.0159    22.8701 -9.990e-29
 187.579444      2.391  38.663991    15.1145    7.46093      2.371    31.0600    22.9122 -9.990e-29
 187.579450      2.409  38.700407    15.0765    7.47254      2.389    31.1228    22.9686 -9.990e-29
 187.579456      2.421  38.727739    15.0651    7.44915      2.401    31.1563    22.9969 -9.990e-29
 187.579462      2.424  38.728018    15.0812    7.41855      2.404    31.1438    22.9838 -9.990e-29
 187.579468      2.423  38.710022    15.1096    7.39300      2.403    31.1051    22.9479 -9.990e-29
 187.579473      2.426  38.690699    15.1390    7.38476      2.406    31.0645    22.9104 -9.990e-29
 187.579479      2.437  38.673459    15.1586    7.38553      2.417    31.0335    22.8824 -9.990e-29
 187.579485      2.453  38.662247    15.1532    7.39133      2.433    31.0278    22.8791 -9.990e-29
 187.579491      2.467  38.670724    15.1273    7.38105      2.446    31.0559    22.9063 -9.990e-29
 187.579497      2.474  38.692253    15.1011    7.37673      2.453    31.0959    22.9427 -9.990e-29
 187.579502      2.480  38.708990    15.0846    7.36074      2.459    31.1240    22.9678 -9.990e-29
 187.579508      2.490  38.716884    15.0746    7.35772      2.469    31.1390    22.9815 -9.990e-29
 187.579514      2.499  38.720848    15.0619    7.37734      2.478    31.1527    22.9948 -9.990e-29
 187.579520      2.508  38.727291    15.0397    7.39908      2.487    31.1761    23.0175 -9.990e-29
 187.579525      2.522  38.740877    15.0143    7.43247      2.501    31.2086    23.0479 -9.990e-29
 187.579531      2.538  38.757289    14.9998    7.43442      2.517    31.2349    23.0712 -9.990e-29
 187.579537      2.548  38.765877    15.0023    7.41328      2.527    31.2406    23.0751 -9.990e-29
 187.579543      2.545  38.763504    15.0177    7.38267      2.524    31.2261    23.0607 -9.990e-29
 187.579549      2.528  38.753735    15.0376    7.36283      2.507    31.2015    23.0375 -9.990e-29
 187.579554      2.508  38.740937    15.0500    7.36704      2.487    31.1801    23.0184 -9.990e-29
 187.579560      2.498  38.733854    15.0420    7.37441      2.477    31.1802    23.0202 -9.990e-29
 187.579566      2.501  38.744362    15.0182    7.38037      2.480    31.2086    23.0471 -9.990e-29
 187.579572      2.512  38.765165    14.9993    7.38466      2.491    31.2423    23.0771 -9.990e-29
 187.579578      2.525  38.776326    14.9929    7.38286      2.504    31.2575    23.0901 -9.990e-29
 187.579583      2.535  38.776458    14.9936    7.37944      2.514    31.2570    23.0896 -9.990e-29
 187.579589      2.544  38.773585    14.9961    7.38341      2.523    31.2524    23.0856 -9.990e-29
 187.579595      2.552  38.771171    14.9957    7.38206      2.531    31.2506    23.0842 -9.990e-29
 187.579601      2.559  38.771047    14.9897    7.39820      2.538    31.2553    23.0891 -9.990e-29
 187.579606      2.565  38.774176    14.9835    7.39343      2.544    31.2630    23.0964 -9.990e-29
 187.579612      2.572  38.778000    14.9859    7.38395      2.551    31.2645    23.0971 -9.990e-29
 187.579618      2.580  38.775841    14.9952    7.38358      2.558    31.2552    23.0879 -9.990e-29
 187.579624      2.588  38.768186    15.0016    7.38059      2.566    31.2432    23.0773 -9.990e-29
 187.579630      2.599  38.763338    15.0009    7.38540      2.577    31.2394    23.0745 -9.990e-29
 187.579635      2.612  38.764374    14.9943    7.38698      2.590    31.2456    23.0807 -9.990e-29
 187.579641      2.627  38.770436    14.9859    7.39226      2.605    31.2577    23.0918 -9.990e-29
 187.579647      2.643  38.777832    14.9820    7.39857      2.621    31.2675    23.1002 -9.990e-29
 187.579653      2.651  38.780158    14.9845    7.40250      2.629    31.2676    23.0997 -9.990e-29
 187.579659      2.648  38.777151    14.9913    7.39126      2.626    31.2594    23.0920 -9.990e-29
 187.579664      2.637  38.771534    14.9985    7.38923      2.615    31.2486    23.0821 -9.990e-29
 187.579670      2.627  38.765916    15.0002    7.38692      2.605    31.2422    23.0769 -9.990e-29
 187.579676      2.621  38.764028    14.9968    7.37893      2.599    31.2433    23.0784 -9.990e-29
 187.579682      2.623  38.765601    14.9914    7.39397      2.601    31.2490    23.0839 -9.990e-29
 187.579688      2.637  38.769929    14.9849    7.39642      2.615    31.2581    23.0923 -9.990e-29
 187.579693      2.656  38.776055    14.9817    7.38452      2.634    31.2661    23.0992 -9.990e-29
 187.579699      2.668  38.778687    14.9846    7.39365      2.646    31.2662    23.0986 -9.990e-29
 187.579705      2.674  38.775726    14.9892    7.39800      2.652    31.2598    23.0927 -9.990e-29
 187.579711      2.683  38.771637    14.9910    7.41153      2.661    31.2547    23.0884 -9.990e-29
 187.579716      2.696  38.770509    14.9906    7.40835      2.673    31.2540    23.0880 -9.990e-29
 187.579722      2.704  38.770842    14.9921    7.39506      2.681    31.2531    23.0869 -9.990e-29
 187.579728      2.708  38.769156    14.9969    7.36782      2.685    31.2478    23.0818 -9.990e-29
 187.579734      2.717  38.765449    14.9996    7.37318      2.694    31.2423    23.0770 -9.990e-29
 187.579740      2.736  38.764316    14.9930    7.39055      2.713    31.2465    23.0817 -9.990e-29
 187.579745      2.762  38.770421    14.9807    7.41327      2.739    31.2618    23.0961 -9.990e-29
 187.579751      2.783  38.780690    14.9744    7.41428      2.760    31.2761    23.1084 -9.990e-29
 187.579757      2.789  38.785258    14.9787    7.39648      2.766    31.2767    23.1080 -9.990e-29
 187.579763      2.775  38.779557    14.9885    7.39256      2.752    31.2638    23.0959 -9.990e-29
 187.579769      2.749  38.769447    14.9956    7.39241      2.726    31.2490    23.0831 -9.990e-29
 187.579774      2.726  38.762765    14.9962    7.39734      2.703    31.2426    23.0780 -9.990e-29
 187.579780      2.714  38.762388    14.9922    7.40467      2.691    31.2454    23.0810 -9.990e-29
 187.579786      2.708  38.767255    14.9882    7.38877      2.685    31.2530    23.0877 -9.990e-29
 187.579792      2.701  38.772082    14.9879    7.38307      2.678    31.2576    23.0913 -9.990e-29
 187.579797      2.700  38.771527    14.9896    7.36819      2.677    31.2557    23.0895 -9.990e-29
