data/oxygen options/OCNMS/OCNMS2/raw_data/2005/CTD_CA40_081505faed.cnv
* Sea-Bird SBE19 Data File:
* FileName = C:\Hypoxia Data\CA40_081505.hex
* Software Version 1.1.6
* Temperature SN = 2997
* Conductivity SN = 2997
* System UpLoad Time = Aug 15 2005 14:41:03
* SEACAT PROFILER V3.1c SN 2997   08/15/05  14:40:17.321
* strain gauge pressure sensor: S/N = 184829,  range = 3000 psia,  tc = 40
# nquan = 9                                 
# nvalues = 696                         
# units = specified
# name 0 = timeJ: Julian Days
# name 1 = prSM: Pressure, Strain Gauge [db]
# name 2 = c0mS/cm: Conductivity [mS/cm]
# name 3 = t090C: Temperature [ITS-90, deg C]
# name 4 = oxML/L: Oxygen, Beckman/YSI [ml/l]
# name 5 = depSM: Depth [salt water, m], lat = 47.5
# name 6 = sal00: Salinity, Practical [PSU]
# name 7 = sigma-é00: Density [sigma-theta, kg/m^3]
# name 8 = flag: flag
# span 0 = 227.530475, 227.534497       
# span 1 =     -3.041,     43.420       
# span 2 =   1.081007,  36.384569       
# span 3 =     7.7345,    11.5990       
# span 4 =  -12.57970,   30.23857       
# span 5 =     -3.016,     43.053       
# span 6 =     0.7529,    33.4903       
# span 7 =     0.2333,    26.1262       
# span 8 = 0.0000e+00, 0.0000e+00       
# interval = seconds: 0.5
# start_time = Aug 15 2005 12:43:53 [Instrument's time stamp, header]
# bad_flag = -9.990e-29
*END*
[from data line 321]
 227.532332      2.561  36.182041    11.1275    5.45016      2.540    32.0459    24.4536 -9.990e-29
 227.532338      2.553  36.197115    11.1292    5.47243      2.532    32.0592    24.4637 -9.990e-29
 227.532344      2.550  36.200977    11.1110    5.46084      2.529    32.0789    24.4822 -9.990e-29
 227.532350      2.550  36.189254    11.0904    5.40394      2.529    32.0853    24.4908 -9.990e-29
 227.532355      2.545  36.172111    11.1079    5.35082      2.524    32.0532    24.4627 -9.990e-29
 227.532361      2.534  36.184440    11.1572    5.32134      2.513    32.0224    24.4301 -9.990e-29
 227.532367      2.526  36.226974    11.1769    5.30983      2.505    32.0471    24.4458 -9.990e-29
 227.532373      2.529  36.247657    11.1250    5.30787      2.508    32.1127    24.5060 -9.990e-29
 227.532378      2.546  36.210167    11.0257    5.31155      2.525    32.1625    24.5622 -9.990e-29
 227.532384      2.571  36.137977    10.9444    5.29589      2.550    32.1624    24.5764 -9.990e-29
 227.532390      2.588  36.086776    10.9196    5.28639      2.566    32.1335    24.5582 -9.990e-29
 227.532396      2.594  36.075741    10.9483    5.28438      2.572    32.0974    24.5252 -9.990e-29
 227.532402      2.597  36.094069    11.0055    5.28436      2.575    32.0655    24.4903 -9.990e-29
 227.532407      2.603  36.131996    11.0468    5.31319      2.581    32.0669    24.4842 -9.990e-29
 227.532413      2.611  36.159363    11.0356    5.33230      2.589    32.1037    24.5147 -9.990e-29
 227.532419      2.623  36.145392    10.9835    5.33501      2.601    32.1355    24.5486 -9.990e-29
 227.532425      2.638  36.102868    10.9369    5.33686      2.616    32.1342    24.5558 -9.990e-29
 227.532431      2.654  36.071531    10.9320    5.32799      2.632    32.1075    24.5359 -9.990e-29
 227.532436      2.663  36.074628    10.9738    5.34076      2.641    32.0740    24.5025 -9.990e-29
 227.532442      2.661  36.111234    11.0283    5.36415      2.639    32.0625    24.4840 -9.990e-29
 227.532448      2.653  36.149978    11.0496    5.37054      2.631    32.0822    24.4955 -9.990e-29
 227.532454      2.646  36.156749    11.0320    5.37621      2.624    32.1042    24.5158 -9.990e-29
 227.532459      2.641  36.139470    11.0055    5.36412      2.619    32.1103    24.5252 -9.990e-29
 227.532465      2.632  36.120526    10.9957    5.33613      2.610    32.1002    24.5190 -9.990e-29
 227.532471      2.623  36.113342    11.0033    5.31699      2.601    32.0865    24.5070 -9.990e-29
 227.532477      2.618  36.118429    11.0154    5.28936      2.596    32.0809    24.5006 -9.990e-29
 227.532483      2.616  36.125749    11.0202    5.26833      2.594    32.0840    24.5021 -9.990e-29
 227.532488      2.618  36.129928    11.0022    5.28009      2.596    32.1038    24.5207 -9.990e-29
 227.532494      2.623  36.120847    10.9574    5.28279      2.601    32.1341    24.5521 -9.990e-29
 227.532500      2.633  36.092009    10.9090    5.29686      2.611    32.1479    24.5713 -9.990e-29
 227.532506      2.642  36.058792    10.8872    5.31264      2.620    32.1342    24.5644 -9.990e-29
 227.532512      2.644  36.044182    10.9024    5.31042      2.622    32.1064    24.5401 -9.990e-29
 227.532517      2.638  36.055601    10.9383    5.32698      2.616    32.0862    24.5182 -9.990e-29
 227.532523      2.633  36.079678    10.9722    5.33897      2.611    32.0804    24.5077 -9.990e-29
 227.532529      2.633  36.101426    10.9916    5.32782      2.611    32.0849    24.5079 -9.990e-29
 227.532535      2.636  36.113970    10.9890    5.31322      2.614    32.0996    24.5197 -9.990e-29
 227.532541      2.645  36.109377    10.9734    5.30483      2.623    32.1087    24.5296 -9.990e-29
 227.532546      2.659  36.095546    10.9638    5.30629      2.637    32.1034    24.5271 -9.990e-29
 227.532552      2.679  36.091042    10.9567    5.32286      2.657    32.1052    24.5297 -9.990e-29
 227.532558      2.702  36.087617    10.9442    5.34353      2.679    32.1127    24.5378 -9.990e-29
 227.532564      2.721  36.076219    10.9381    5.35087      2.698    32.1068    24.5342 -9.990e-29
 227.532569      2.734  36.070810    10.9489    5.34367      2.711    32.0920    24.5208 -9.990e-29
 227.532575      2.740  36.080434    10.9728    5.33610      2.717    32.0806    24.5078 -9.990e-29
 227.532581      2.745  36.097180    10.9984    5.32464      2.722    32.0747    24.4988 -9.990e-29
 227.532587      2.752  36.107871    11.0092    5.31656      2.729    32.0759    24.4977 -9.990e-29
 227.532593      2.759  36.109947    10.9943    5.31318      2.736    32.0909    24.5121 -9.990e-29
 227.532598      2.762  36.105428    10.9699    5.30068      2.739    32.1078    24.5295 -9.990e-29
 227.532604      2.760  36.096132    10.9592    5.30083      2.737    32.1080    24.5315 -9.990e-29
 227.532610      2.753  36.089646    10.9595    5.31115      2.730    32.1013    24.5262 -9.990e-29
 227.532616      2.746  36.088521    10.9560    5.31142      2.723    32.1033    24.5284 -9.990e-29
 227.532622      2.742  36.085641    10.9467    5.32099      2.719    32.1086    24.5341 -9.990e-29
 227.532627      2.736  36.079400    10.9457    5.32558      2.713    32.1033    24.5302 -9.990e-29
 227.532633      2.725  36.079970    10.9616    5.33076      2.702    32.0899    24.5170 -9.990e-29
 227.532639      2.711  36.093144    10.9815    5.32416      2.688    32.0855    24.5101 -9.990e-29
 227.532645      2.702  36.107320    10.9888    5.32772      2.679    32.0932    24.5148 -9.990e-29
 227.532650      2.706  36.109997    10.9839    5.33260      2.683    32.1001    24.5210 -9.990e-29
 227.532656      2.724  36.104740    10.9769    5.34274      2.701    32.1010    24.5230 -9.990e-29
 227.532662      2.744  36.099670    10.9742    5.36006      2.721    32.0984    24.5214 -9.990e-29
 227.532668      2.758  36.098107    10.9762    5.37108      2.735    32.0951    24.5185 -9.990e-29
 227.532674      2.767  36.099638    10.9820    5.36865      2.744    32.0915    24.5147 -9.990e-29
 227.532679      2.772  36.103489    10.9921    5.36675      2.749    32.0865    24.5090 -9.990e-29
 227.532685      2.774  36.110302    11.0057    5.36270      2.751    32.0813    24.5026 -9.990e-29
 227.532691      2.772  36.119060    11.0197    5.34787      2.749    32.0777    24.4973 -9.990e-29
 227.532697      2.770  36.127416    11.0245    5.33948      2.747    32.0818    24.4997 -9.990e-29
 227.532703      2.774  36.129121    11.0111    5.31986      2.751    32.0952    24.5124 -9.990e-29
 227.532708      2.778  36.117472    10.9908    5.30946      2.755    32.1014    24.5208 -9.990e-29
 227.532714      2.778  36.103280    10.9807    5.31156      2.755    32.0962    24.5186 -9.990e-29
 227.532720      2.779  36.100130    10.9763    5.31122      2.756    32.0970    24.5199 -9.990e-29
 227.532726      2.786  36.098762    10.9695    5.31394      2.763    32.1016    24.5247 -9.990e-29
 227.532731      2.794  36.092855    10.9635    5.31628      2.771    32.1010    24.5253 -9.990e-29
 227.532737      2.799  36.089102    10.9603    5.32378      2.776    32.1001    24.5251 -9.990e-29
 227.532743      2.803  36.088097    10.9602    5.32886      2.780    32.0991    24.5244 -9.990e-29
 227.532749      2.805  36.088489    10.9652    5.33280      2.782    32.0952    24.5205 -9.990e-29
 227.532755      2.805  36.091351    10.9752    5.34964      2.782    32.0892    24.5141 -9.990e-29
 227.532760      2.803  36.097122    10.9877    5.34569      2.780    32.0840    24.5078 -9.990e-29
 227.532766      2.800  36.105639    10.9977    5.33904      2.777    32.0837    24.5058 -9.990e-29
 227.532772      2.799  36.113672    10.9996    5.33405      2.776    32.0900    24.5104 -9.990e-29
 227.532778      2.804  36.115105    10.9939    5.32916      2.781    32.0964    24.5164 -9.990e-29
 227.532784      2.812  36.110160    10.9864    5.32647      2.789    32.0980    24.5190 -9.990e-29
 227.532789      2.819  36.104568    10.9813    5.32367      2.795    32.0970    24.5190 -9.990e-29
 227.532795      2.825  36.100954    10.9796    5.32760      2.801    32.0949    24.5177 -9.990e-29
 227.532801      2.830  36.099536    10.9799    5.32860      2.806    32.0932    24.5164 -9.990e-29
 227.532807      2.836  36.099533    10.9809    5.34154      2.812    32.0923    24.5155 -9.990e-29
 227.532813      2.842  36.100371    10.9816    5.36541      2.818    32.0925    24.5155 -9.990e-29
 227.532818      2.849  36.101475    10.9818    5.37568      2.825    32.0935    24.5162 -9.990e-29
 227.532824      2.856  36.100945    10.9854    5.36620      2.832    32.0898    24.5127 -9.990e-29
 227.532830      2.861  36.101428    10.9966    5.35020      2.837    32.0805    24.5035 -9.990e-29
 227.532836      2.860  36.109167    11.0138    5.33808      2.836    32.0731    24.4948 -9.990e-29
 227.532841      2.856  36.123817    11.0286    5.32603      2.832    32.0746    24.4934 -9.990e-29
 227.532847      2.854  36.136307    11.0278    5.32354      2.830    32.0876    24.5036 -9.990e-29
 227.532853      2.853  36.135813    11.0080    5.32480      2.829    32.1045    24.5202 -9.990e-29
 227.532859      2.853  36.120548    10.9843    5.32847      2.829    32.1101    24.5287 -9.990e-29
 227.532865      2.855  36.102108    10.9713    5.34984      2.831    32.1033    24.5257 -9.990e-29
 227.532870      2.859  36.092900    10.9704    5.36351      2.835    32.0949    24.5194 -9.990e-29
 227.532876      2.864  36.093527    10.9800    5.36744      2.840    32.0872    24.5116 -9.990e-29
 227.532882      2.871  36.100328    11.0009    5.37290      2.847    32.0756    24.4990 -9.990e-29
 227.532888      2.881  36.114512    11.0305    5.38081      2.857    32.0638    24.4846 -9.990e-29
 227.532894      2.894  36.136480    11.0526    5.39692      2.870    32.0661    24.4826 -9.990e-29
 227.532899      2.916  36.153465    11.0498    5.42099      2.892    32.0853    24.4980 -9.990e-29
 227.532905      2.951  36.150542    11.0355    5.45043      2.926    32.0949    24.5079 -9.990e-29
 227.532911      2.998  36.137830    11.0338    5.45763      2.973    32.0838    24.4996 -9.990e-29
 227.532917      3.052  36.135933    11.0458    5.46137      3.027    32.0715    24.4879 -9.990e-29
 227.532922      3.111  36.145670    11.0603    5.42603      3.085    32.0684    24.4830 -9.990e-29
 227.532928      3.183  36.156464    11.0692    5.35576      3.156    32.0712    24.4836 -9.990e-29
 227.532934      3.278  36.163079    11.0662    5.28820      3.251    32.0803    24.4912 -9.990e-29
 227.532940      3.401  36.163114    11.0431    5.18767      3.373    32.1005    24.5110 -9.990e-29
 227.532946      3.561  36.149880    10.9902    5.07328      3.531    32.1336    24.5460 0.0000e+00
 227.532951      3.767  36.118058    10.8961    4.96590      3.736    32.1846    24.6021 0.0000e+00
 227.532957      4.028  36.061650    10.7642    4.83923      3.994    32.2446    24.6718 0.0000e+00
 227.532963      4.348  35.983365    10.6179    4.70524      4.312    32.2957    24.7368 0.0000e+00
 227.532969      4.721  35.903270    10.4724    4.56882      4.682    32.3446    24.7998 0.0000e+00
 227.532975      5.134  35.831720    10.3395    4.41783      5.091    32.3909    24.8585 0.0000e+00
 227.532980      5.574  35.770833    10.2244    4.25365      5.527    32.4323    24.9101 0.0000e+00
 227.532986      6.029  35.719006    10.0988    4.10238      5.979    32.4923    24.9780 0.0000e+00
 227.532992      6.497  35.660365     9.9231    3.95637      6.443    32.5909    25.0842 0.0000e+00
 227.532998      6.983  35.580049     9.7096    3.83729      6.925    32.7024    25.2063 0.0000e+00
 227.533003      7.495  35.490925     9.5016    3.73443      7.432    32.8007    25.3168 0.0000e+00
 227.533009      8.030  35.415400     9.3097    3.63404      7.963    32.8989    25.4244 0.0000e+00
 227.533015      8.584  35.349155     9.1421    3.54765      8.512    32.9849    25.5182 0.0000e+00
 227.533021      9.149  35.291836     9.0164    3.48395      9.072    33.0417    25.5825 0.0000e+00
 227.533027      9.723  35.253873     8.9277    3.44054      9.642    33.0844    25.6298 0.0000e+00
 227.533032     10.304  35.226656     8.8511    3.41562     10.218    33.1272    25.6752 0.0000e+00
 227.533038     10.887  35.192364     8.7546    3.39178     10.796    33.1814    25.7326 0.0000e+00
 227.533044     11.469  35.139449     8.6357    3.37305     11.373    33.2372    25.7946 0.0000e+00
 227.533050     12.055  35.074701     8.5250    3.33971     11.954    33.2731    25.8396 0.0000e+00
 227.533056     12.646  35.016595     8.4435    3.31139     12.540    33.2885    25.8640 0.0000e+00
 227.533061     13.246  34.974518     8.3908    3.29963     13.135    33.2935    25.8760 0.0000e+00
 227.533067     13.855  34.946711     8.3545    3.31134     13.739    33.2982    25.8851 0.0000e+00
 227.533073     14.465  34.925788     8.3180    3.34223     14.344    33.3103    25.9001 0.0000e+00
 227.533079     15.068  34.901769     8.2665    3.36856     14.942    33.3334    25.9259 0.0000e+00
 227.533084     15.659  34.865039     8.1997    3.38742     15.528    33.3576    25.9548 0.0000e+00
 227.533090     16.228  34.818179     8.1375    3.39254     16.092    33.3666    25.9711 0.0000e+00
 227.533096     16.771  34.777733     8.0957    3.39544     16.630    33.3631    25.9746 0.0000e+00
 227.533102     17.290  34.751970     8.0709    3.41490     17.145    33.3590    25.9750 0.0000e+00
 227.533108     17.793  34.736230     8.0527    3.42829     17.644    33.3593    25.9780 0.0000e+00
 227.533113     18.287  34.724084     8.0339    3.44715     18.134    33.3641    25.9844 0.0000e+00
 227.533119     18.773  34.709972     8.0155    3.44348     18.615    33.3663    25.9889 0.0000e+00
 227.533125     19.252  34.695248     8.0003    3.45625     19.090    33.3649    25.9900 0.0000e+00
 227.533131     19.730  34.683248     7.9865    3.45601     19.564    33.3650    25.9921 0.0000e+00
 227.533137     20.210  34.671972     7.9749    3.44873     20.040    33.3638    25.9929 0.0000e+00
 227.533142     20.702  34.662627     7.9672    3.45610     20.528    33.3609    25.9918 0.0000e+00
 227.533148     21.212  34.657316     7.9618    3.45809     21.034    33.3601    25.9920 0.0000e+00
 227.533154     21.734  34.653990     7.9581    3.45631     21.551    33.3599    25.9923 0.0000e+00
 227.533160     22.257  34.651566     7.9562    3.44969     22.070    33.3588    25.9918 0.0000e+00
 227.533166     22.774  34.650720     7.9551    3.42673     22.583    33.3587    25.9919 0.0000e+00
 227.533171     23.277  34.651434     7.9529    3.39962     23.081    33.3614    25.9943 0.0000e+00
 227.533177     23.766  34.652405     7.9477    3.36966     23.566    33.3671    25.9995 0.0000e+00
 227.533183     24.241  34.653236     7.9395    3.33441     24.037    33.3756    26.0074 0.0000e+00
 227.533189     24.706  34.655024     7.9322    3.30103     24.498    33.3843    26.0153 0.0000e+00
 227.533194     25.167  34.659020     7.9291    3.27839     24.955    33.3913    26.0213 0.0000e+00
 227.533200     25.626  34.664933     7.9296    3.25669     25.411    33.3970    26.0256 0.0000e+00
 227.533206     26.086  34.670545     7.9308    3.24751     25.867    33.4016    26.0291 0.0000e+00
 227.533212     26.557  34.673797     7.9309    3.24968     26.334    33.4048    26.0316 0.0000e+00
 227.533218     27.042  34.674530     7.9306    3.24975     26.815    33.4056    26.0323 0.0000e+00
 227.533223     27.538  34.674834     7.9299    3.24518     27.306    33.4064    26.0330 0.0000e+00
 227.533229     28.046  34.675663     7.9274    3.23662     27.810    33.4094    26.0358 0.0000e+00
 227.533235     28.574  34.675868     7.9225    3.23522     28.334    33.4141    26.0401 0.0000e+00
 227.533241     29.124  34.675150     7.9162    3.20792     28.879    33.4191    26.0450 0.0000e+00
 227.533247     29.689  34.674783     7.9108    3.17963     29.439    33.4236    26.0493 0.0000e+00
