data/oxygen options/OCNMS/OCNMS2/raw_data/2005/CTD_CE100_062105faedb.cnv
* Sea-Bird SBE19 Data File:
* FileName = C:\hypoxia CTD data\CE100_062105.hex
* Software Version 1.1.5
* Temperature SN = 2997
* Conductivity SN = 2997
* System UpLoad Time = Jun 21 2005 16:39:25
* SEACAT PROFILER V3.1c SN 2997   06/21/05  16:38:56.398
* strain gauge pressure sensor: S/N = 184829,  range = 3000 psia,  tc = 40
# nquan = 9
# nvalues = 101                         
# units = specified
# name 0 = timeJ: Julian Days
# name 1 = prSM: Pressure, Strain Gauge [db]
# name 2 = c0mS/cm: Conductivity [mS/cm]
# name 3 = t090C: Temperature [ITS-90, deg C]
# name 4 = oxML/L: Oxygen, Beckman/YSI [ml/l]
# name 5 = depSM: Depth [salt water, m], lat = 47.5
# name 6 = sal00: Salinity, Practical [PSU]
# name 7 = sigma-é00: Density [sigma-theta, kg/m^3]
# name 8 = flag: flag
# span 0 = 172.671862, 172.673165       
# span 1 =      3.000,    103.000       
# span 2 =  34.703955,  37.764759       
# span 3 =     7.5003,    16.6801       
# span 4 =    1.92030,    6.81589       
# span 5 =      2.975,    102.115       
# span 6 =    27.2242,    33.8217       
# span 7 =    19.6280,    26.4207       
# span 8 = 0.0000e+00, 0.0000e+00       
# interval = decibars: 1                
# start_time = Jun 21 2005 16:04:13 [Instrument's time stamp, header]
# bad_flag = -9.990e-29
*END*
 172.671862      3.000  35.579774    16.6801    6.56984      2.975    27.2242    19.6280 0.0000e+00
 172.671884      4.000  35.579521    16.6742    6.56564      3.966    27.2277    19.6320 0.0000e+00
 172.671900      5.000  35.590920    16.6499    6.36981      4.958    27.2536    19.6573 0.0000e+00
 172.671915      6.000  35.766051    16.4412    6.28994      5.950    27.5456    19.9269 0.0000e+00
 172.671928      7.000  36.286765    16.0017    6.23776      6.941    28.3018    20.6025 0.0000e+00
 172.671940      8.000  36.864559    15.5477    6.27826      7.933    29.1335    21.3387 0.0000e+00
 172.671953      9.000  37.290348    15.1592    6.31827      8.924    29.7993    21.9331 0.0000e+00
 172.671965     10.000  37.499726    14.8919    6.33667      9.916    30.1902    22.2902 0.0000e+00
 172.671977     11.000  37.557326    14.6989    6.44601     10.908    30.3914    22.4854 0.0000e+00
 172.671989     12.000  37.638333    14.4667    6.51606     11.899    30.6463    22.7302 0.0000e+00
 172.672001     13.000  37.707744    14.3770    6.54755     12.891    30.7800    22.8517 0.0000e+00
 172.672012     14.000  37.730277    14.3007    6.64800     13.883    30.8609    22.9298 0.0000e+00
 172.672024     15.000  37.764759    14.1666    6.79823     14.874    30.9993    23.0641 0.0000e+00
 172.672035     16.000  37.711495    13.9725    6.81589     15.866    31.1066    23.1864 0.0000e+00
 172.672046     17.000  37.577930    13.6978    6.51755     16.858    31.2062    23.3186 0.0000e+00
 172.672056     18.000  37.405410    13.3413    6.19226     17.849    31.3376    23.4910 0.0000e+00
 172.672068     19.000  37.247537    12.8584    5.94234     18.840    31.5898    23.7802 0.0000e+00
 172.672079     20.000  37.042801    12.3051    5.70638     19.832    31.8611    24.0957 0.0000e+00
 172.672090     21.000  36.756771    11.8778    5.54333     20.824    31.9501    24.2442 0.0000e+00
 172.672101     22.000  36.550976    11.6242    5.51908     21.815    31.9684    24.3048 0.0000e+00
 172.672113     23.000  36.413296    11.4472    5.56879     22.807    31.9867    24.3510 0.0000e+00
 172.672124     24.000  36.357816    11.3324    5.57650     23.798    32.0315    24.4064 0.0000e+00
 172.672136     25.000  36.340970    11.2330    5.53668     24.790    32.1009    24.4782 0.0000e+00
 172.672149     26.000  36.290963    11.1092    5.50107     25.782    32.1593    24.5455 0.0000e+00
 172.672161     27.000  36.205608    10.9797    5.44368     26.773    32.1880    24.5907 0.0000e+00
 172.672173     28.000  36.132098    10.9177    5.44106     27.765    32.1693    24.5870 0.0000e+00
 172.672187     29.000  36.088226    10.8255    5.47833     28.756    32.2064    24.6319 0.0000e+00
 172.672199     30.000  36.037358    10.7306    5.50010     29.747    32.2391    24.6738 0.0000e+00
 172.672211     31.000  36.019646    10.6467    5.45615     30.739    32.2951    24.7319 0.0000e+00
 172.672222     32.000  35.971984    10.5249    5.32322     31.731    32.3550    24.7995 0.0000e+00
 172.672235     33.000  35.874910    10.3790    5.17539     32.722    32.3871    24.8493 0.0000e+00
 172.672246     34.000  35.762803    10.2340    5.09437     33.713    32.4033    24.8865 0.0000e+00
 172.672258     35.000  35.670880    10.1126    5.03274     34.705    32.4187    24.9188 0.0000e+00
 172.672271     36.000  35.601216    10.0262    4.97947     35.697    32.4253    24.9384 0.0000e+00
 172.672284     37.000  35.542922     9.9125    4.90028     36.688    32.4679    24.9905 0.0000e+00
 172.672296     38.000  35.474570     9.8262    4.81356     37.679    32.4757    25.0107 0.0000e+00
 172.672308     39.000  35.460673     9.8087    4.71933     38.670    32.4769    25.0146 0.0000e+00
 172.672321     40.000  35.458471     9.7911    4.49758     39.662    32.4901    25.0277 0.0000e+00
 172.672334     41.000  35.417267     9.6733    4.22119     40.654    32.5541    25.0970 0.0000e+00
 172.672347     42.000  35.329138     9.5280    4.02185     41.645    32.5953    25.1526 0.0000e+00
 172.672358     43.000  35.260392     9.4250    3.88436     42.637    32.6180    25.1870 0.0000e+00
 172.672372     44.000  35.226395     9.3541    3.78692     43.628    32.6472    25.2211 0.0000e+00
 172.672385     45.000  35.217369     9.3143    3.72631     44.620    32.6738    25.2483 0.0000e+00
 172.672399     46.000  35.216763     9.2501    3.68805     45.611    32.7316    25.3037 0.0000e+00
 172.672411     47.000  35.237059     9.1767    3.65184     46.603    32.8195    25.3841 0.0000e+00
 172.672426     48.000  35.242702     9.1241    3.60667     47.594    32.8734    25.4345 0.0000e+00
 172.672438     49.000  35.236432     9.0695    3.57108     48.585    32.9168    25.4771 0.0000e+00
 172.672451     50.000  35.225397     9.0186    3.55778     49.577    32.9520    25.5127 0.0000e+00
 172.672463     51.000  35.217150     8.9991    3.53393     50.568    32.9611    25.5228 0.0000e+00
 172.672476     52.000  35.211057     8.9701    3.54131     51.559    32.9811    25.5430 0.0000e+00
 172.672489     53.000  35.176886     8.8794    3.60182     52.551    33.0294    25.5949 0.0000e+00
 172.672501     54.000  35.135866     8.8064    3.65266     53.542    33.0540    25.6255 0.0000e+00
 172.672512     55.000  35.115884     8.7653    3.68795     54.533    33.0710    25.6452 0.0000e+00
 172.672523     56.000  35.113158     8.7445    3.71053     55.525    33.0872    25.6610 0.0000e+00
 172.672535     57.000  35.115526     8.7315    3.72984     56.517    33.1014    25.6742 0.0000e+00
 172.672546     58.000  35.124433     8.7204    3.73107     57.508    33.1206    25.6910 0.0000e+00
 172.672558     59.000  35.141876     8.7079    3.73793     58.499    33.1502    25.7161 0.0000e+00
 172.672569     60.000  35.145054     8.6833    3.74594     59.490    33.1761    25.7401 0.0000e+00
 172.672581     61.000  35.138334     8.6621    3.66926     60.482    33.1884    25.7531 0.0000e+00
 172.672593     62.000  35.127575     8.6255    3.53323     61.474    33.2111    25.7765 0.0000e+00
 172.672606     63.000  35.097188     8.5635    3.46184     62.465    33.2369    25.8062 0.0000e+00
 172.672618     64.000  35.074757     8.5119    3.50950     63.456    33.2615    25.8333 0.0000e+00
 172.672631     65.000  35.072859     8.4624    3.54186     64.448    33.3057    25.8755 0.0000e+00
 172.672644     66.000  35.067059     8.4240    3.46846     65.439    33.3354    25.9046 0.0000e+00
 172.672658     67.000  35.056719     8.3769    3.27872     66.430    33.3686    25.9377 0.0000e+00
 172.672671     68.000  35.041094     8.3088    3.08428     67.421    33.4162    25.9853 0.0000e+00
 172.672683     69.000  35.024079     8.2433    2.99221     68.412    33.4600    26.0295 0.0000e+00
 172.672696     70.000  35.004759     8.2018    2.98941     69.404    33.4786    26.0503 0.0000e+00
 172.672709     71.000  34.986988     8.1685    2.99549     70.395    33.4910    26.0649 0.0000e+00
 172.672724     72.000  34.968887     8.1183    2.97851     71.387    33.5192    26.0945 0.0000e+00
 172.672738     73.000  34.931080     8.0152    2.92618     72.378    33.5772    26.1553 0.0000e+00
 172.672753     74.000  34.893093     7.9352    2.86207     73.369    33.6128    26.1950 0.0000e+00
 172.672767     75.000  34.874593     7.8968    2.79102     74.361    33.6295    26.2138 0.0000e+00
 172.672782     76.000  34.859130     7.8537    2.71208     75.352    33.6540    26.2394 0.0000e+00
 172.672795     77.000  34.837139     7.8054    2.64178     76.343    33.6766    26.2641 0.0000e+00
 172.672808     78.000  34.815543     7.7588    2.59447     77.334    33.6979    26.2876 0.0000e+00
 172.672820     79.000  34.797285     7.7290    2.55671     78.326    33.7066    26.2987 0.0000e+00
 172.672833     80.000  34.789303     7.7113    2.52422     79.317    33.7146    26.3076 0.0000e+00
 172.672845     81.000  34.782440     7.6918    2.48796     80.309    33.7256    26.3190 0.0000e+00
 172.672859     82.000  34.777313     7.6734    2.39284     81.300    33.7374    26.3310 0.0000e+00
 172.672872     83.000  34.760263     7.6171    2.21926     82.291    33.7733    26.3672 0.0000e+00
 172.672885     84.000  34.732358     7.5544    2.06801     83.282    33.8035    26.4000 0.0000e+00
 172.672897     85.000  34.717589     7.5258    1.98149     84.273    33.8149    26.4131 0.0000e+00
 172.672909     86.000  34.712674     7.5170    1.95150     85.265    33.8177    26.4165 0.0000e+00
 172.672920     87.000  34.711640     7.5134    1.94415     86.256    33.8196    26.4185 0.0000e+00
 172.672933     88.000  34.712363     7.5118    1.93965     87.247    33.8215    26.4202 0.0000e+00
 172.672945     89.000  34.711231     7.5098    1.93880     88.238    33.8217    26.4207 0.0000e+00
 172.672957     90.000  34.710156     7.5099    1.94781     89.229    33.8199    26.4193 0.0000e+00
 172.672970     91.000  34.710487     7.5112    1.95249     90.221    33.8186    26.4181 0.0000e+00
 172.672983     92.000  34.710759     7.5108    1.95849     91.212    33.8187    26.4183 0.0000e+00
 172.672998     93.000  34.710028     7.5104    1.95616     92.203    33.8179    26.4177 0.0000e+00
 172.673011     94.000  34.709716     7.5089    1.94826     93.195    33.8185    26.4184 0.0000e+00
 172.673024     95.000  34.708760     7.5072    1.94157     94.185    33.8187    26.4188 0.0000e+00
 172.673036     96.000  34.707982     7.5059    1.93255     95.177    33.8186    26.4189 0.0000e+00
 172.673048     97.000  34.707913     7.5052    1.94295     96.168    33.8188    26.4192 0.0000e+00
 172.673060     98.000  34.707958     7.5047    1.93978     97.159    33.8188    26.4193 0.0000e+00
 172.673073     99.000  34.708449     7.5052    1.92713     98.150    33.8183    26.4188 0.0000e+00
 172.673086    100.000  34.708484     7.5047    1.92928     99.141    33.8183    26.4189 0.0000e+00
 172.673101    101.000  34.707316     7.5026    1.92999    100.133    33.8187    26.4195 0.0000e+00
 172.673118    102.000  34.707050     7.5008    1.92030    101.124    33.8197    26.4206 0.0000e+00
 172.673165    103.000  34.703955     7.5003    1.92348    102.115    33.8164    26.4180 0.0000e+00
