data/oxygen options/OCNMS/OCNMS2/raw_data/2005/CTD_TH70_060705faed.cnv
* Sea-Bird SBE19 Data File:
* FileName = C:\hypoxia CTD data\TH70_060705.hex
* Software Version 1.1.5
* Temperature SN = 2997
* Conductivity SN = 2997
* System UpLoad Time = Jun 07 2005 12:42:14
* SEACAT PROFILER V3.1c SN 2997   06/07/05  12:41:31.951
* strain gauge pressure sensor: S/N = 184829,  range = 3000 psia,  tc = 40
# nquan = 9                                 
# nvalues = 725                         
# units = specified
# name 0 = timeJ: Julian Days
# name 1 = prSM: Pressure, Strain Gauge [db]
# name 2 = c0mS/cm: Conductivity [mS/cm]
# name 3 = t090C: Temperature [ITS-90, deg C]
# name 4 = oxML/L: Oxygen, Beckman/YSI [ml/l]
# name 5 = depSM: Depth [salt water, m], lat = 47.5
# name 6 = sal00: Salinity, Practical [PSU]
# name 7 = sigma-é00: Density [sigma-theta, kg/m^3]
# name 8 = flag: flag
# span 0 = 158.474583, 158.478773       
# span 1 =     -3.836,     71.396       
# span 2 =   0.516912, 227.435790       
# span 3 =     8.0041,    42.2411       
# span 4 =   -0.12164,   25.39471       
# span 5 =     -3.804,     70.788       
# span 6 =     0.3266,    44.5054       
# span 7 =    -0.3997,    26.1325       
# span 8 = 0.0000e+00, 0.0000e+00       
# interval = seconds: 0.5
# start_time = Jun 07 2005 11:23:24 [Instrument's time stamp, header]
# bad_flag = -9.990e-29
*END*
[from data line 161]
 158.475515      0.846  37.519131    14.4864    7.27681      0.839    30.5271    22.6339 -9.990e-29
 158.475521      0.870  37.515729    14.4788    7.27932      0.863    30.5300    22.6377 -9.990e-29
 158.475527      0.894  37.510372    14.4738    7.27278      0.887    30.5291    22.6380 -9.990e-29
 158.475532      0.909  37.506585    14.4748    7.25510      0.901    30.5249    22.6346 -9.990e-29
 158.475538      0.914  37.507747    14.4805    7.23784      0.906    30.5214    22.6307 -9.990e-29
 158.475544      0.912  37.512618    14.4870    7.23721      0.904    30.5207    22.6288 -9.990e-29
 158.475550      0.911  37.517052    14.4907    7.23932      0.903    30.5218    22.6289 -9.990e-29
 158.475556      0.917  37.518567    14.4917    7.23895      0.909    30.5224    22.6292 -9.990e-29
 158.475561      0.929  37.518641    14.4922    7.23030      0.921    30.5221    22.6288 -9.990e-29
 158.475567      0.949  37.519074    14.4928    7.22453      0.941    30.5220    22.6286 -9.990e-29
 158.475573      0.972  37.519897    14.4938    7.22675      0.964    30.5220    22.6284 -9.990e-29
 158.475579      0.993  37.521103    14.4955    7.23550      0.985    30.5217    22.6278 -9.990e-29
 158.475584      1.007  37.522630    14.4975    7.22686      0.999    30.5215    22.6273 -9.990e-29
 158.475590      1.017  37.523729    14.4994    7.21266      1.009    30.5210    22.6265 -9.990e-29
 158.475596      1.023  37.524197    14.5005    7.20770      1.014    30.5206    22.6259 -9.990e-29
 158.475602      1.028  37.524675    14.5000    7.21640      1.019    30.5214    22.6267 -9.990e-29
 158.475608      1.039  37.524698    14.4981    7.22693      1.030    30.5229    22.6282 -9.990e-29
 158.475613      1.051  37.523189    14.4962    7.21245      1.042    30.5230    22.6287 -9.990e-29
 158.475619      1.057  37.520958    14.4966    7.19132      1.048    30.5207    22.6268 -9.990e-29
 158.475625      1.056  37.520654    14.4995    7.18103      1.047    30.5181    22.6242 -9.990e-29
 158.475631      1.058  37.523010    14.5022    7.18901      1.049    30.5181    22.6237 -9.990e-29
 158.475637      1.067  37.525573    14.5026    7.20192      1.058    30.5201    22.6252 -9.990e-29
 158.475642      1.083  37.526170    14.5016    7.19639      1.074    30.5214    22.6264 -9.990e-29
 158.475648      1.104  37.525615    14.5009    7.17862      1.095    30.5215    22.6266 -9.990e-29
 158.475654      1.121  37.525428    14.5013    7.16243      1.112    30.5210    22.6261 -9.990e-29
 158.475660      1.132  37.525936    14.5035    7.17670      1.123    30.5197    22.6247 -9.990e-29
 158.475666      1.142  37.527271    14.5063    7.18736      1.132    30.5187    22.6233 -9.990e-29
 158.475671      1.155  37.528986    14.5079    7.17691      1.145    30.5190    22.6232 -9.990e-29
 158.475677      1.169  37.530020    14.5083    7.17000      1.159    30.5196    22.6236 -9.990e-29
 158.475683      1.175  37.530085    14.5090    7.15554      1.165    30.5191    22.6231 -9.990e-29
 158.475689      1.174  37.530405    14.5105    7.15517      1.164    30.5182    22.6221 -9.990e-29
 158.475694      1.179  37.531424    14.5117    7.16287      1.169    30.5182    22.6218 -9.990e-29
 158.475700      1.194  37.532274    14.5125    7.16482      1.184    30.5184    22.6217 -9.990e-29
 158.475706      1.212  37.532984    14.5135    7.16487      1.202    30.5182    22.6214 -9.990e-29
 158.475712      1.229  37.533955    14.5144    7.16121      1.219    30.5184    22.6214 -9.990e-29
 158.475718      1.252  37.534815    14.5148    7.15170      1.242    30.5188    22.6216 -9.990e-29
 158.475723      1.285  37.535045    14.5149    7.14662      1.274    30.5189    22.6217 -9.990e-29
 158.475729      1.317  37.534970    14.5150    7.15496      1.306    30.5188    22.6216 -9.990e-29
 158.475735      1.335  37.535064    14.5151    7.16063      1.324    30.5188    22.6215 -9.990e-29
 158.475741      1.339  37.534909    14.5150    7.15394      1.328    30.5187    22.6215 -9.990e-29
 158.475747      1.333  37.534313    14.5151    7.14759      1.322    30.5181    22.6210 -9.990e-29
 158.475752      1.322  37.534182    14.5159    7.13346      1.311    30.5174    22.6203 -9.990e-29
 158.475758      1.313  37.534919    14.5165    7.13946      1.302    30.5176    22.6203 -9.990e-29
 158.475764      1.310  37.535278    14.5145    7.14533      1.299    30.5195    22.6222 -9.990e-29
 158.475770      1.312  37.533514    14.5097    7.14845      1.301    30.5216    22.6249 -9.990e-29
 158.475775      1.321  37.529533    14.5056    7.13893      1.310    30.5213    22.6254 -9.990e-29
 158.475781      1.332  37.526455    14.5046    7.13328      1.321    30.5193    22.6241 -9.990e-29
 158.475787      1.341  37.526361    14.5058    7.13467      1.330    30.5182    22.6230 -9.990e-29
 158.475793      1.350  37.527456    14.5075    7.14129      1.339    30.5179    22.6224 -9.990e-29
 158.475799      1.354  37.528415    14.5090    7.14588      1.343    30.5176    22.6219 -9.990e-29
 158.475804      1.350  37.529409    14.5107    7.12434      1.339    30.5171    22.6212 -9.990e-29
 158.475810      1.342  37.530660    14.5133    7.10393      1.331    30.5162    22.6199 -9.990e-29
 158.475816      1.336  37.532731    14.5161    7.10329      1.325    30.5159    22.6191 -9.990e-29
 158.475822      1.339  37.535034    14.5171    7.11962      1.328    30.5172    22.6199 -9.990e-29
 158.475828      1.349  37.535612    14.5162    7.12394      1.338    30.5184    22.6210 -9.990e-29
 158.475833      1.362  37.534689    14.5154    7.12262      1.351    30.5182    22.6210 -9.990e-29
 158.475839      1.373  37.534418    14.5155    7.10744      1.362    30.5179    22.6208 -9.990e-29
 158.475845      1.375  37.535013    14.5157    7.10782      1.364    30.5182    22.6210 -9.990e-29
 158.475851      1.375  37.535038    14.5153    7.11968      1.364    30.5186    22.6213 -9.990e-29
 158.475856      1.385  37.534546    14.5147    7.12142      1.373    30.5186    22.6215 -9.990e-29
 158.475862      1.410  37.534017    14.5145    7.12370      1.398    30.5183    22.6213 -9.990e-29
 158.475868      1.434  37.533325    14.5152    7.12564      1.422    30.5171    22.6202 -9.990e-29
 158.475874      1.442  37.533243    14.5169    7.11025      1.430    30.5157    22.6188 -9.990e-29
 158.475880      1.434  37.534239    14.5183    7.10762      1.422    30.5155    22.6183 -9.990e-29
 158.475885      1.423  37.535412    14.5182    7.10800      1.411    30.5166    22.6192 -9.990e-29
 158.475891      1.421  37.535541    14.5173    7.11778      1.409    30.5175    22.6201 -9.990e-29
 158.475897      1.427  37.534815    14.5171    7.11294      1.415    30.5170    22.6197 -9.990e-29
 158.475903      1.433  37.534527    14.5175    7.10985      1.421    30.5164    22.6192 -9.990e-29
 158.475909      1.436  37.534869    14.5180    7.10679      1.424    30.5163    22.6190 -9.990e-29
 158.475914      1.439  37.535192    14.5184    7.10209      1.427    30.5163    22.6189 -9.990e-29
 158.475920      1.453  37.535383    14.5188    7.10017      1.441    30.5161    22.6187 -9.990e-29
 158.475926      1.477  37.535713    14.5190    7.10028      1.465    30.5163    22.6188 -9.990e-29
 158.475932      1.501  37.536075    14.5188    7.11180      1.488    30.5167    22.6192 -9.990e-29
 158.475937      1.516  37.535847    14.5186    7.10833      1.503    30.5167    22.6192 -9.990e-29
 158.475943      1.530  37.535300    14.5185    7.09944      1.517    30.5163    22.6189 -9.990e-29
 158.475949      1.546  37.535406    14.5182    7.09610      1.533    30.5166    22.6192 -9.990e-29
 158.475955      1.565  37.535762    14.5171    7.08684      1.552    30.5178    22.6203 -9.990e-29
 158.475961      1.590  37.535175    14.5155    7.09682      1.577    30.5185    22.6212 -9.990e-29
 158.475966      1.616  37.534002    14.5141    7.11135      1.603    30.5185    22.6215 -9.990e-29
 158.475972      1.638  37.532938    14.5131    7.10322      1.624    30.5183    22.6216 -9.990e-29
 158.475978      1.649  37.532263    14.5141    7.10046      1.635    30.5169    22.6203 -9.990e-29
 158.475984      1.648  37.533335    14.5165    7.09058      1.634    30.5160    22.6191 -9.990e-29
 158.475990      1.649  37.535916    14.5182    7.08326      1.635    30.5170    22.6195 -9.990e-29
 158.475995      1.660  37.537854    14.5189    7.08692      1.646    30.5182    22.6203 -9.990e-29
 158.476001      1.677  37.538197    14.5187    7.09009      1.663    30.5187    22.6207 -9.990e-29
 158.476007      1.694  37.537412    14.5176    7.07834      1.680    30.5188    22.6211 -9.990e-29
 158.476013      1.707  37.535952    14.5165    7.07727      1.693    30.5183    22.6209 -9.990e-29
 158.476019      1.717  37.534681    14.5161    7.08723      1.703    30.5175    22.6204 -9.990e-29
 158.476024      1.725  37.534522    14.5150    7.08826      1.711    30.5182    22.6211 -9.990e-29
 158.476030      1.731  37.534140    14.5120    7.09837      1.717    30.5202    22.6233 -9.990e-29
 158.476036      1.734  37.531904    14.5090    7.10221      1.720    30.5206    22.6242 -9.990e-29
 158.476042      1.737  37.529319    14.5086    7.09675      1.722    30.5186    22.6227 -9.990e-29
 158.476047      1.739  37.529107    14.5104    7.10116      1.724    30.5169    22.6211 -9.990e-29
 158.476053      1.739  37.530984    14.5119    7.09544      1.724    30.5175    22.6212 -9.990e-29
 158.476059      1.738  37.532408    14.5122    7.09309      1.723    30.5185    22.6219 -9.990e-29
 158.476065      1.736  37.532472    14.5122    7.09767      1.722    30.5186    22.6220 -9.990e-29
 158.476071      1.733  37.532382    14.5123    7.07965      1.719    30.5184    22.6218 -9.990e-29
 158.476076      1.729  37.532582    14.5124    7.08356      1.715    30.5185    22.6219 -9.990e-29
 158.476082      1.722  37.532778    14.5132    7.09097      1.708    30.5181    22.6214 -9.990e-29
 158.476088      1.718  37.533231    14.5140    7.08466      1.704    30.5179    22.6211 -9.990e-29
 158.476094      1.720  37.533421    14.5131    7.09061      1.706    30.5187    22.6219 -9.990e-29
 158.476100      1.724  37.532483    14.5110    7.08066      1.710    30.5195    22.6230 -9.990e-29
 158.476105      1.725  37.530846    14.5096    7.07925      1.711    30.5192    22.6230 -9.990e-29
 158.476111      1.725  37.529692    14.5094    7.09176      1.711    30.5183    22.6223 -9.990e-29
 158.476117      1.723  37.529727    14.5103    7.07783      1.709    30.5176    22.6216 -9.990e-29
 158.476123      1.719  37.530998    14.5124    7.07113      1.705    30.5171    22.6208 -9.990e-29
 158.476128      1.712  37.532956    14.5148    7.06210      1.698    30.5170    22.6202 -9.990e-29
 158.476134      1.707  37.534848    14.5162    7.06050      1.693    30.5176    22.6204 -9.990e-29
 158.476140      1.712  37.535831    14.5150    7.08443      1.698    30.5194    22.6221 -9.990e-29
 158.476146      1.726  37.534974    14.5114    7.09255      1.712    30.5215    22.6244 -9.990e-29
 158.476152      1.743  37.532255    14.5081    7.09807      1.728    30.5216    22.6252 -9.990e-29
 158.476157      1.759  37.529657    14.5075    7.08707      1.744    30.5197    22.6238 -9.990e-29
 158.476163      1.775  37.529323    14.5087    7.06789      1.760    30.5185    22.6226 -9.990e-29
 158.476169      1.792  37.530246    14.5093    7.06810      1.777    30.5188    22.6228 -9.990e-29
 158.476175      1.812  37.530293    14.5092    7.07603      1.797    30.5189    22.6229 -9.990e-29
 158.476181      1.831  37.530088    14.5101    7.08754      1.816    30.5180    22.6220 -9.990e-29
 158.476186      1.842  37.531039    14.5116    7.08356      1.827    30.5177    22.6215 -9.990e-29
 158.476192      1.841  37.532172    14.5128    7.06243      1.826    30.5178    22.6213 -9.990e-29
 158.476198      1.833  37.532755    14.5139    7.05527      1.818    30.5175    22.6208 -9.990e-29
 158.476204      1.825  37.533565    14.5150    7.06495      1.810    30.5173    22.6205 -9.990e-29
 158.476209      1.822  37.534560    14.5154    7.07869      1.807    30.5179    22.6208 -9.990e-29
 158.476215      1.823  37.534824    14.5152    7.07292      1.808    30.5183    22.6212 -9.990e-29
 158.476221      1.828  37.534149    14.5148    7.06792      1.813    30.5180    22.6210 -9.990e-29
 158.476227      1.838  37.533319    14.5146    7.05719      1.823    30.5174    22.6206 -9.990e-29
 158.476233      1.853  37.532908    14.5148    7.07168      1.838    30.5169    22.6201 -9.990e-29
 158.476238      1.874  37.532930    14.5154    7.08139      1.858    30.5164    22.6197 -9.990e-29
 158.476244      1.898  37.533413    14.5160    7.07434      1.882    30.5164    22.6195 -9.990e-29
 158.476250      1.915  37.534440    14.5168    7.06539      1.899    30.5167    22.6196 -9.990e-29
 158.476256      1.915  37.535697    14.5178    7.05407      1.899    30.5170    22.6196 -9.990e-29
 158.476262      1.909  37.536616    14.5187    7.06882      1.893    30.5171    22.6195 -9.990e-29
 158.476267      1.909  37.536742    14.5187    7.07709      1.893    30.5173    22.6196 -9.990e-29
 158.476273      1.913  37.536245    14.5177    7.07043      1.897    30.5176    22.6201 -9.990e-29
 158.476279      1.915  37.535583    14.5173    7.05804      1.899    30.5173    22.6200 -9.990e-29
 158.476285      1.910  37.535557    14.5184    7.05005      1.894    30.5164    22.6191 -9.990e-29
 158.476291      1.902  37.536692    14.5195    7.06317      1.886    30.5166    22.6190 -9.990e-29
 158.476296      1.899  37.537697    14.5185    7.07482      1.883    30.5183    22.6205 -9.990e-29
 158.476302      1.905  37.537109    14.5162    7.07647      1.889    30.5196    22.6219 -9.990e-29
 158.476308      1.917  37.535265    14.5148    7.05443      1.901    30.5190    22.6218 -9.990e-29
 158.476314      1.925  37.533632    14.5148    7.05277      1.909    30.5175    22.6206 -9.990e-29
 158.476319      1.928  37.533397    14.5152    7.06005      1.912    30.5170    22.6201 -9.990e-29
 158.476325      1.928  37.534245    14.5141    7.07104      1.912    30.5186    22.6216 -9.990e-29
 158.476331      1.935  37.534505    14.5111    7.07610      1.919    30.5212    22.6242 -9.990e-29
 158.476337      1.949  37.532840    14.5086    7.06861      1.933    30.5217    22.6251 -9.990e-29
 158.476343      1.962  37.530959    14.5091    7.05494      1.946    30.5196    22.6234 -9.990e-29
 158.476348      1.972  37.531398    14.5105    7.06650      1.956    30.5189    22.6226 -9.990e-29
 158.476354      1.982  37.532499    14.5101    7.07600      1.965    30.5202    22.6237 -9.990e-29
 158.476360      1.999  37.532364    14.5092    7.07399      1.982    30.5207    22.6243 -9.990e-29
 158.476366      2.013  37.531937    14.5093    7.06390      1.996    30.5203    22.6239 -9.990e-29
 158.476372      2.019  37.531769    14.5104    7.05123      2.002    30.5192    22.6229 -9.990e-29
 158.476377      2.019  37.532196    14.5115    7.05535      2.002    30.5188    22.6223 -9.990e-29
 158.476383      2.020  37.533228    14.5107    7.06436      2.003    30.5203    22.6237 -9.990e-29
 158.476389      2.015  37.532875    14.5084    7.07532      1.998    30.5218    22.6253 -9.990e-29
 158.476395      2.002  37.530669    14.5073    7.06283      1.985    30.5207    22.6246 -9.990e-29
 158.476400      1.983  37.529274    14.5084    7.06086      1.966    30.5186    22.6228 -9.990e-29
 158.476406      1.961  37.530195    14.5108    7.05359      1.945    30.5175    22.6215 -9.990e-29
 158.476412      1.943  37.532418    14.5128    7.05062      1.927    30.5180    22.6214 -9.990e-29
 158.476418      1.942  37.533860    14.5125    7.05920      1.926    30.5195    22.6227 -9.990e-29
 158.476424      1.957  37.533079    14.5098    7.05998      1.941    30.5209    22.6243 -9.990e-29
 158.476429      1.980  37.530718    14.5069    7.05793      1.963    30.5211    22.6250 -9.990e-29
