data/oxygen options/OCNMS/OCNMS2/raw_data/2005/CTD_CA60_052405faed.cnv
* Sea-Bird SBE19 Data File:
* FileName = C:\Documents and Settings\kirner.PTANGELES\Desktop\hypoxia CTD data\CA60_052405.hex
* Software Version 1.1.5
* Temperature SN = 2997
* Conductivity SN = 2997
* System UpLoad Time = May 24 2005 15:28:48
* SEACAT PROFILER V3.1c SN 2997   05/24/05  15:28:05.584
* strain gauge pressure sensor: S/N = 184829,  range = 3000 psia,  tc = 40
# nquan = 9                                 
# nvalues = 743                         
# units = specified
# name 0 = timeJ: Julian Days
# name 1 = prSM: Pressure, Strain Gauge [db]
# name 2 = c0mS/cm: Conductivity [mS/cm]
# name 3 = t090C: Temperature [ITS-90, deg C]
# name 4 = oxML/L: Oxygen, Beckman/YSI [ml/l]
# name 5 = depSM: Depth [salt water, m], lat = 47.5
# name 6 = sal00: Salinity, Practical [PSU]
# name 7 = sigma-é00: Density [sigma-theta, kg/m^3]
# name 8 = flag: flag
# span 0 = 144.581609, 144.585903       
# span 1 =     -3.548,     62.213       
# span 2 =   0.177304,  37.013042       
# span 3 =     8.5139,    13.9203       
# span 4 =  -12.65239,   26.79558       
# span 5 =     -3.518,     61.684       
# span 6 =     0.1105,    33.4338       
# span 7 =    -0.5317,    25.9676       
# span 8 = 0.0000e+00, 0.0000e+00       
# interval = seconds: 0.5
# start_time = May 24 2005 13:57:31 [Instrument's time stamp, header]
# bad_flag = -9.990e-29
*END*
[from data line 321]
 144.583466      1.811  32.897382    13.9063    6.23220      1.796    26.7846    19.8669 -9.990e-29
 144.583472      1.810  32.898010    13.9073    6.23636      1.795    26.7845    19.8666 -9.990e-29
 144.583478      1.808  32.898992    13.9084    6.24804      1.793    26.7846    19.8665 -9.990e-29
 144.583484      1.810  32.899957    13.9091    6.24485      1.795    26.7850    19.8666 -9.990e-29
 144.583490      1.815  32.900517    13.9096    6.23716      1.800    26.7852    19.8667 -9.990e-29
 144.583495      1.823  32.900861    13.9108    6.22149      1.808    26.7846    19.8660 -9.990e-29
 144.583501      1.836  32.901450    13.9124    6.21762      1.821    26.7840    19.8653 -9.990e-29
 144.583507      1.854  32.902510    13.9140    6.23213      1.839    26.7839    19.8648 -9.990e-29
 144.583513      1.874  32.903775    13.9155    6.23909      1.858    26.7840    19.8646 -9.990e-29
 144.583519      1.888  32.904695    13.9160    6.23286      1.872    26.7844    19.8649 -9.990e-29
 144.583524      1.894  32.904815    13.9157    6.22277      1.878    26.7848    19.8652 -9.990e-29
 144.583530      1.896  32.904299    13.9156    6.21684      1.880    26.7844    19.8649 -9.990e-29
 144.583536      1.903  32.904143    13.9158    6.21327      1.887    26.7841    19.8646 -9.990e-29
 144.583542      1.914  32.904702    13.9157    6.22356      1.898    26.7847    19.8651 -9.990e-29
 144.583547      1.923  32.905045    13.9156    6.23681      1.907    26.7850    19.8654 -9.990e-29
 144.583553      1.925  32.905068    13.9158    6.23500      1.909    26.7849    19.8653 -9.990e-29
 144.583559      1.921  32.905365    13.9160    6.23159      1.905    26.7850    19.8653 -9.990e-29
 144.583565      1.915  32.905775    13.9166    6.21968      1.899    26.7850    19.8652 -9.990e-29
 144.583571      1.914  32.906287    13.9175    6.20964      1.898    26.7848    19.8649 -9.990e-29
 144.583576      1.923  32.907027    13.9181    6.21659      1.907    26.7851    19.8650 -9.990e-29
 144.583582      1.939  32.907302    13.9187    6.22263      1.923    26.7849    19.8647 -9.990e-29
 144.583588      1.954  32.907483    13.9197    6.22446      1.938    26.7844    19.8641 -9.990e-29
 144.583594      1.964  32.908374    13.9203    6.21432      1.948    26.7847    19.8643 -9.990e-29
 144.583600      1.970  32.908923    13.9199    6.20965      1.954    26.7855    19.8650 -9.990e-29
 144.583605      1.973  32.908743    13.9186    6.21187      1.957    26.7863    19.8658 -9.990e-29
 144.583611      1.972  32.908157    13.9159    6.23799      1.956    26.7876    19.8673 -9.990e-29
 144.583617      1.968  32.906386    13.9127    6.24720      1.952    26.7882    19.8684 -9.990e-29
 144.583623      1.961  32.903874    13.9112    6.23649      1.945    26.7870    19.8678 -9.990e-29
 144.583628      1.949  32.902878    13.9121    6.22826      1.933    26.7855    19.8665 -9.990e-29
 144.583634      1.937  32.903753    13.9140    6.21392      1.921    26.7850    19.8657 -9.990e-29
 144.583640      1.932  32.904865    13.9160    6.21536      1.916    26.7846    19.8650 -9.990e-29
 144.583646      1.939  32.906021    13.9174    6.21040      1.923    26.7847    19.8648 -9.990e-29
 144.583652      1.952  32.907643    13.9166    6.20769      1.936    26.7867    19.8665 -9.990e-29
 144.583657      1.965  32.907976    13.9124    6.21686      1.949    26.7899    19.8698 -9.990e-29
 144.583663      1.975  32.905222    13.9060    6.21521      1.959    26.7918    19.8725 -9.990e-29
 144.583669      1.981  32.900197    13.9007    6.21850      1.964    26.7910    19.8729 -9.990e-29
 144.583675      1.984  32.895728    13.8987    6.21245      1.967    26.7884    19.8713 -9.990e-29
 144.583681      1.985  32.894264    13.8999    6.20990      1.968    26.7862    19.8694 -9.990e-29
 144.583686      1.988  32.895534    13.9019    6.21741      1.971    26.7860    19.8688 -9.990e-29
 144.583692      1.997  32.897312    13.9018    6.21740      1.980    26.7876    19.8701 -9.990e-29
 144.583698      2.008  32.896930    13.8996    6.21860      1.991    26.7888    19.8714 -9.990e-29
 144.583704      2.018  32.895002    13.8982    6.21393      2.001    26.7881    19.8711 -9.990e-29
 144.583709      2.028  32.894563    13.8982    6.21025      2.011    26.7877    19.8708 -9.990e-29
 144.583715      2.038  32.895030    13.8986    6.21218      2.021    26.7878    19.8708 -9.990e-29
 144.583721      2.045  32.894413    13.8981    6.20764      2.028    26.7876    19.8708 -9.990e-29
 144.583727      2.044  32.893009    13.8966    6.21040      2.027    26.7874    19.8709 -9.990e-29
 144.583733      2.040  32.891926    13.8954    6.21175      2.023    26.7872    19.8710 -9.990e-29
 144.583738      2.042  32.891954    13.8941    6.20587      2.025    26.7882    19.8720 -9.990e-29
 144.583744      2.053  32.891625    13.8900    6.20866      2.036    26.7907    19.8747 -9.990e-29
 144.583750      2.066  32.888249    13.8843    6.21914      2.049    26.7916    19.8766 -9.990e-29
 144.583756      2.073  32.883478    13.8817    6.21533      2.056    26.7891    19.8751 -9.990e-29
 144.583762      2.079  32.881589    13.8834    6.21253      2.062    26.7862    19.8726 -9.990e-29
 144.583767      2.084  32.882854    13.8857    6.21423      2.067    26.7858    19.8718 -9.990e-29
 144.583773      2.084  32.884465    13.8864    6.21332      2.067    26.7867    19.8724 -9.990e-29
 144.583779      2.083  32.885199    13.8851    6.21126      2.066    26.7883    19.8739 -9.990e-29
 144.583785      2.090  32.884905    13.8830    6.20587      2.073    26.7895    19.8752 -9.990e-29
 144.583791      2.106  32.883742    13.8818    6.20762      2.088    26.7893    19.8752 -9.990e-29
 144.583796      2.123  32.882951    13.8821    6.22082      2.105    26.7884    19.8745 -9.990e-29
 144.583802      2.137  32.883147    13.8834    6.22658      2.119    26.7876    19.8737 -9.990e-29
 144.583808      2.146  32.884022    13.8847    6.21150      2.128    26.7875    19.8733 -9.990e-29
 144.583814      2.150  32.885051    13.8855    6.19805      2.132    26.7879    19.8734 -9.990e-29
 144.583819      2.157  32.885915    13.8862    6.20277      2.139    26.7882    19.8735 -9.990e-29
 144.583825      2.173  32.886636    13.8871    6.21440      2.155    26.7882    19.8734 -9.990e-29
 144.583831      2.194  32.887044    13.8879    6.22596      2.176    26.7880    19.8731 -9.990e-29
 144.583837      2.212  32.887114    13.8884    6.21961      2.194    26.7877    19.8727 -9.990e-29
 144.583843      2.226  32.886929    13.8885    6.20646      2.207    26.7875    19.8725 -9.990e-29
 144.583848      2.235  32.886792    13.8887    6.19796      2.216    26.7872    19.8723 -9.990e-29
 144.583854      2.245  32.887071    13.8893    6.20695      2.226    26.7870    19.8721 -9.990e-29
 144.583860      2.264  32.887568    13.8895    6.21294      2.245    26.7873    19.8722 -9.990e-29
 144.583866      2.295  32.887814    13.8890    6.21139      2.276    26.7879    19.8728 -9.990e-29
 144.583872      2.329  32.887568    13.8884    6.21116      2.310    26.7881    19.8730 -9.990e-29
 144.583877      2.366  32.887053    13.8875    6.20460      2.346    26.7882    19.8733 -9.990e-29
 144.583883      2.408  32.886130    13.8858    6.21815      2.388    26.7886    19.8739 -9.990e-29
 144.583889      2.457  32.884682    13.8846    6.23047      2.436    26.7881    19.8738 -9.990e-29
 144.583895      2.516  32.884129    13.8855    6.23366      2.495    26.7869    19.8727 -9.990e-29
 144.583900      2.589  32.884843    13.8877    6.24790      2.567    26.7860    19.8716 -9.990e-29
 144.583906      2.686  32.886086    13.8900    6.24094      2.664    26.7855    19.8708 -9.990e-29
 144.583912      2.820  32.887826    13.8915    6.21784      2.796    26.7860    19.8708 0.0000e+00
 144.583918      3.004  32.889012    13.8927    6.19185      2.979    26.7862    19.8707 0.0000e+00
 144.583924      3.246  32.890095    13.8939    6.13814      3.219    26.7862    19.8706 0.0000e+00
 144.583929      3.545  32.891947    13.8913    6.09836      3.515    26.7896    19.8737 0.0000e+00
 144.583935      3.889  32.892544    13.8756    6.05407      3.857    26.8009    19.8855 0.0000e+00
 144.583941      4.266  32.888187    13.8348    5.99107      4.230    26.8253    19.9122 0.0000e+00
 144.583947      4.665  32.880340    13.7621    5.92333      4.626    26.8689    19.9597 0.0000e+00
 144.583953      5.079  32.887108    13.6640    5.83863      5.037    26.9436    20.0362 0.0000e+00
 144.583958      5.499  32.941594    13.5566    5.76541      5.453    27.0686    20.1531 0.0000e+00
 144.583964      5.927  33.067108    13.4487    5.72754      5.877    27.2593    20.3208 0.0000e+00
 144.583970      6.368  33.257812    13.3417    5.71061      6.315    27.5102    20.5347 0.0000e+00
 144.583976      6.820  33.489989    13.2362    5.69976      6.763    27.7995    20.7780 0.0000e+00
 144.583981      7.279  33.754298    13.1350    5.68290      7.218    28.1171    21.0424 0.0000e+00
 144.583987      7.738  34.033220    13.0509    5.66856      7.673    28.4372    21.3056 0.0000e+00
 144.583993      8.198  34.277138    12.9921    5.68070      8.129    28.7074    21.5254 0.0000e+00
 144.583999      8.658  34.467658    12.9500    5.72102      8.586    28.9163    21.6948 0.0000e+00
 144.584005      9.112  34.623918    12.9192    5.75245      9.036    29.0851    21.8311 0.0000e+00
 144.584010      9.564  34.764217    12.9013    5.78956      9.484    29.2295    21.9461 0.0000e+00
 144.584016     10.027  34.882767    12.8907    5.84051      9.943    29.3481    22.0398 0.0000e+00
 144.584022     10.502  34.961037    12.8805    5.91466     10.414    29.4289    22.1042 0.0000e+00
 144.584028     10.987  35.018723    12.8707    6.00893     10.895    29.4902    22.1535 0.0000e+00
 144.584034     11.483  35.108062    12.8670    6.11454     11.387    29.5764    22.2208 0.0000e+00
 144.584039     11.991  35.313401    12.8734    6.20989     11.891    29.7631    22.3641 0.0000e+00
 144.584045     12.509  35.684260    12.8778    6.26814     12.404    30.1066    22.6289 0.0000e+00
 144.584051     13.036  36.092785    12.8627    6.28558     12.927    30.5015    22.9372 0.0000e+00
 144.584057     13.568  36.368242    12.8274    6.27121     13.454    30.7888    23.1662 0.0000e+00
 144.584062     14.099  36.504468    12.7810    6.26361     13.981    30.9547    23.3035 0.0000e+00
 144.584068     14.630  36.563645    12.7278    6.25689     14.507    31.0540    23.3905 0.0000e+00
 144.584074     15.159  36.577554    12.6660    6.27002     15.032    31.1179    23.4517 0.0000e+00
 144.584080     15.686  36.564720    12.5946    6.27360     15.554    31.1645    23.5014 0.0000e+00
 144.584086     16.211  36.536605    12.5249    6.25276     16.075    31.1954    23.5385 0.0000e+00
 144.584091     16.728  36.506730    12.4743    6.23851     16.588    31.2088    23.5585 0.0000e+00
 144.584097     17.233  36.487382    12.4434    6.24135     17.088    31.2158    23.5698 0.0000e+00
 144.584103     17.731  36.477410    12.4155    6.24779     17.582    31.2294    23.5855 0.0000e+00
 144.584109     18.237  36.467420    12.3733    6.24132     18.084    31.2548    23.6131 0.0000e+00
 144.584115     18.762  36.451929    12.3161    6.21787     18.605    31.2875    23.6492 0.0000e+00
 144.584120     19.310  36.431576    12.2633    6.18638     19.148    31.3119    23.6780 0.0000e+00
 144.584126     19.876  36.412847    12.2257    6.13541     19.709    31.3252    23.6953 0.0000e+00
 144.584132     20.454  36.399903    12.1915    6.09138     20.282    31.3412    23.7141 0.0000e+00
 144.584138     21.038  36.389481    12.1456    6.04140     20.861    31.3695    23.7445 0.0000e+00
 144.584144     21.623  36.377198    12.0889    5.99581     21.441    31.4051    23.7826 0.0000e+00
 144.584149     22.208  36.361799    12.0330    5.95046     22.021    31.4371    23.8178 0.0000e+00
 144.584155     22.790  36.344598    11.9836    5.88166     22.599    31.4619    23.8462 0.0000e+00
 144.584161     23.361  36.332356    11.9407    5.83246     23.165    31.4861    23.8729 0.0000e+00
 144.584167     23.909  36.336202    11.9015    5.81195     23.708    31.5228    23.9085 0.0000e+00
 144.584172     24.436  36.353953    11.8593    5.78565     24.231    31.5754    23.9571 0.0000e+00
 144.584178     24.948  36.370567    11.8086    5.77359     24.738    31.6343    24.0121 0.0000e+00
 144.584184     25.449  36.380141    11.7563    5.77349     25.235    31.6879    24.0632 0.0000e+00
 144.584190     25.937  36.383084    11.7170    5.76532     25.719    31.7241    24.0985 0.0000e+00
 144.584196     26.412  36.380496    11.6923    5.77393     26.190    31.7425    24.1172 0.0000e+00
 144.584201     26.889  36.377313    11.6726    5.79933     26.663    31.7561    24.1314 0.0000e+00
 144.584207     27.383  36.377685    11.6547    5.83309     27.153    31.7716    24.1466 0.0000e+00
 144.584213     27.901  36.388260    11.6408    5.90214     27.666    31.7935    24.1662 0.0000e+00
 144.584219     28.442  36.409104    11.6388    5.94593     28.203    31.8153    24.1835 0.0000e+00
 144.584225     29.002  36.442198    11.6645    5.99791     28.758    31.8251    24.1865 0.0000e+00
 144.584230     29.569  36.522681    11.7128    6.05038     29.320    31.8616    24.2060 0.0000e+00
 144.584236     30.133  36.666445    11.7543    6.08409     29.879    31.9651    24.2789 0.0000e+00
 144.584242     30.687  36.812825    11.7750    6.11991     30.429    32.0890    24.3712 0.0000e+00
 144.584248     31.227  36.902964    11.7797    6.11513     30.964    32.1721    24.4349 0.0000e+00
 144.584253     31.754  36.948813    11.7760    6.09770     31.487    32.2195    24.4724 0.0000e+00
 144.584259     32.262  36.976724    11.7719    6.07953     31.990    32.2500    24.4968 0.0000e+00
 144.584265     32.750  36.988008    11.7680    6.07403     32.474    32.2641    24.5085 0.0000e+00
 144.584271     33.224  36.985918    11.7615    6.06715     32.944    32.2675    24.5124 0.0000e+00
 144.584277     33.683  36.987843    11.7539    6.05990     33.399    32.2758    24.5202 0.0000e+00
 144.584282     34.127  37.000821    11.7481    6.05200     33.839    32.2932    24.5348 0.0000e+00
 144.584288     34.563  37.011298    11.7442    6.04667     34.272    32.3066    24.5460 0.0000e+00
 144.584294     35.001  37.013042    11.7396    6.03627     34.706    32.3121    24.5511 0.0000e+00
 144.584300     35.452  37.010607    11.7338    6.02704     35.153    32.3146    24.5541 0.0000e+00
 144.584306     35.928  37.006902    11.7288    6.02733     35.625    32.3152    24.5555 0.0000e+00
 144.584311     36.429  37.003703    11.7248    6.02540     36.122    32.3154    24.5563 0.0000e+00
 144.584317     36.939  37.000655    11.7200    6.04196     36.627    32.3164    24.5580 0.0000e+00
 144.584323     37.450  36.996484    11.7124    6.07776     37.134    32.3187    24.5612 0.0000e+00
 144.584329     37.958  36.990100    11.7012    6.08516     37.638    32.3220    24.5659 0.0000e+00
 144.584334     38.459  36.980269    11.6854    6.07190     38.134    32.3260    24.5719 0.0000e+00
 144.584340     38.940  36.965084    11.6653    6.01054     38.611    32.3286    24.5775 0.0000e+00
 144.584346     39.399  36.945030    11.6445    5.89375     39.066    32.3270    24.5801 0.0000e+00
 144.584352     39.844  36.925316    11.6226    5.78170     39.508    32.3267    24.5839 0.0000e+00
 144.584358     40.285  36.906560    11.5870    5.67187     39.945    32.3393    24.6001 0.0000e+00
 144.584363     40.733  36.876076    11.5159    5.56855     40.389    32.3715    24.6380 0.0000e+00
 144.584369     41.192  36.815074    11.3866    5.49038     40.844    32.4249    24.7029 0.0000e+00
 144.584375     41.656  36.701085    11.2129    5.41448     41.304    32.4655    24.7656 0.0000e+00
 144.584381     42.120  36.544164    11.0570    5.34417     41.764    32.4481    24.7798 0.0000e+00
