data/oxygen options/OCNMS/OCNMS2/raw_data/2005/CTD_TH100_070705faed.cnv
* Sea-Bird SBE19 Data File:
* FileName = C:\Hypoxia Data\TH100_070705.hex
* Software Version 1.1.6
* Temperature SN = 2997
* Conductivity SN = 2997
* System UpLoad Time = Jul 07 2005 11:39:39
* SEACAT PROFILER V3.1c SN 2997   07/07/05  11:39:03.174
* strain gauge pressure sensor: S/N = 184829,  range = 3000 psia,  tc = 40
# nquan = 9                                 
# nvalues = 892                         
# units = specified
# name 0 = timeJ: Julian Days
# name 1 = prSM: Pressure, Strain Gauge [db]
# name 2 = c0mS/cm: Conductivity [mS/cm]
# name 3 = t090C: Temperature [ITS-90, deg C]
# name 4 = oxML/L: Oxygen, Beckman/YSI [ml/l]
# name 5 = depSM: Depth [salt water, m], lat = 47.5
# name 6 = sal00: Salinity, Practical [PSU]
# name 7 = sigma-é00: Density [sigma-theta, kg/m^3]
# name 8 = flag: flag
# span 0 = 188.479039, 188.484196       
# span 1 =     -3.815,    101.931       
# span 2 =   0.730307,  38.376293       
# span 3 =     7.5508,    14.6322       
# span 4 =   -0.11722,   24.12822       
# span 5 =     -3.783,    101.055       
# span 6 =     0.4519,    33.7783       
# span 7 =    -0.4868,    26.3809       
# span 8 = 0.0000e+00, 0.0000e+00       
# interval = seconds: 0.5
# start_time = Jul 07 2005 11:29:49 [Instrument's time stamp, header]
# bad_flag = -9.990e-29
*END*
[from data line 321]
 188.480897      2.880  38.267996    14.6113    7.83477      2.856    31.1047    23.0530 -9.990e-29
 188.480903      2.901  38.267553    14.6107    7.85166      2.877    31.1047    23.0531 -9.990e-29
 188.480909      2.914  38.267115    14.6106    7.84849      2.890    31.1044    23.0529 -9.990e-29
 188.480914      2.914  38.266664    14.6110    7.83708      2.890    31.1037    23.0523 -9.990e-29
 188.480920      2.908  38.266731    14.6115    7.82820      2.884    31.1034    23.0519 -9.990e-29
 188.480926      2.902  38.267416    14.6119    7.84808      2.878    31.1037    23.0520 -9.990e-29
 188.480932      2.900  38.267959    14.6124    7.85914      2.876    31.1037    23.0520 -9.990e-29
 188.480938      2.903  38.267972    14.6132    7.85865      2.879    31.1031    23.0514 -9.990e-29
 188.480943      2.906  38.268043    14.6136    7.84300      2.882    31.1029    23.0511 -9.990e-29
 188.480949      2.901  38.268276    14.6136    7.82349      2.877    31.1031    23.0512 -9.990e-29
 188.480955      2.888  38.268432    14.6139    7.83548      2.864    31.1030    23.0511 -9.990e-29
 188.480961      2.875  38.268728    14.6144    7.85204      2.851    31.1029    23.0509 -9.990e-29
 188.480966      2.864  38.269008    14.6145    7.84726      2.840    31.1030    23.0510 -9.990e-29
 188.480972      2.851  38.269094    14.6141    7.84477      2.827    31.1034    23.0514 -9.990e-29
 188.480978      2.831  38.269110    14.6139    7.84065      2.807    31.1036    23.0516 -9.990e-29
 188.480984      2.810  38.269085    14.6141    7.83557      2.787    31.1034    23.0514 -9.990e-29
 188.480990      2.801  38.268998    14.6144    7.83621      2.778    31.1031    23.0511 -9.990e-29
 188.480995      2.808  38.268743    14.6146    7.84080      2.785    31.1027    23.0508 -9.990e-29
 188.481001      2.826  38.268552    14.6148    7.84209      2.802    31.1024    23.0505 -9.990e-29
 188.481007      2.843  38.268740    14.6150    7.84831      2.819    31.1024    23.0504 -9.990e-29
 188.481013      2.852  38.269005    14.6154    7.84380      2.828    31.1023    23.0503 -9.990e-29
 188.481019      2.859  38.269149    14.6161    7.83139      2.835    31.1019    23.0498 -9.990e-29
 188.481024      2.868  38.269372    14.6169    7.83210      2.844    31.1014    23.0493 -9.990e-29
 188.481030      2.878  38.269984    14.6177    7.83249      2.854    31.1013    23.0491 -9.990e-29
 188.481036      2.892  38.271248    14.6184    7.83688      2.868    31.1019    23.0494 -9.990e-29
 188.481042      2.906  38.272616    14.6188    7.84047      2.882    31.1028    23.0500 -9.990e-29
 188.481047      2.911  38.273117    14.6190    7.84838      2.887    31.1031    23.0502 -9.990e-29
 188.481053      2.905  38.272868    14.6191    7.84511      2.881    31.1028    23.0499 -9.990e-29
 188.481059      2.890  38.272667    14.6194    7.84901      2.866    31.1024    23.0495 -9.990e-29
 188.481065      2.875  38.272816    14.6196    7.84323      2.851    31.1024    23.0495 -9.990e-29
 188.481071      2.868  38.272965    14.6193    7.82894      2.844    31.1028    23.0498 -9.990e-29
 188.481076      2.871  38.272760    14.6190    7.82944      2.847    31.1028    23.0499 -9.990e-29
 188.481082      2.880  38.272501    14.6192    7.83359      2.856    31.1024    23.0496 -9.990e-29
 188.481088      2.893  38.272411    14.6198    7.84523      2.869    31.1019    23.0490 -9.990e-29
 188.481094      2.910  38.272381    14.6201    7.84888      2.886    31.1016    23.0487 -9.990e-29
 188.481100      2.927  38.272378    14.6203    7.83660      2.903    31.1014    23.0486 -9.990e-29
 188.481105      2.943  38.272408    14.6208    7.82946      2.918    31.1010    23.0482 -9.990e-29
 188.481111      2.961  38.272520    14.6210    7.83120      2.936    31.1010    23.0481 -9.990e-29
 188.481117      2.987  38.272873    14.6206    7.84724      2.962    31.1016    23.0486 -9.990e-29
 188.481123      3.019  38.273387    14.6201    7.84844      2.994    31.1024    23.0494 -9.990e-29
 188.481128      3.045  38.273636    14.6198    7.84610      3.020    31.1029    23.0498 -9.990e-29
 188.481134      3.060  38.273400    14.6200    7.83648      3.034    31.1025    23.0495 -9.990e-29
 188.481140      3.064  38.272933    14.6205    7.83719      3.038    31.1017    23.0488 -9.990e-29
 188.481146      3.061  38.272743    14.6209    7.84556      3.035    31.1012    23.0483 -9.990e-29
 188.481152      3.060  38.272961    14.6212    7.84944      3.034    31.1012    23.0482 -9.990e-29
 188.481157      3.056  38.273320    14.6211    7.84951      3.030    31.1016    23.0485 -9.990e-29
 188.481163      3.042  38.273554    14.6206    7.84110      3.017    31.1022    23.0491 -9.990e-29
 188.481169      3.023  38.273412    14.6205    7.83436      2.998    31.1022    23.0491 -9.990e-29
 188.481175      3.013  38.273077    14.6212    7.83123      2.988    31.1013    23.0483 -9.990e-29
 188.481181      3.014  38.273222    14.6220    7.82382      2.989    31.1008    23.0477 -9.990e-29
 188.481186      3.026  38.274039    14.6226    7.83007      3.001    31.1010    23.0478 -9.990e-29
 188.481192      3.047  38.274932    14.6229    7.83887      3.022    31.1016    23.0482 -9.990e-29
 188.481198      3.069  38.275406    14.6232    7.83746      3.043    31.1018    23.0482 -9.990e-29
 188.481204      3.089  38.275529    14.6231    7.83863      3.063    31.1020    23.0484 -9.990e-29
 188.481209      3.108  38.275463    14.6223    7.83522      3.082    31.1025    23.0490 -9.990e-29
 188.481215      3.124  38.275118    14.6215    7.84108      3.098    31.1029    23.0494 -9.990e-29
 188.481221      3.132  38.274590    14.6212    7.84474      3.106    31.1026    23.0493 -9.990e-29
 188.481227      3.135  38.274293    14.6212    7.84263      3.109    31.1023    23.0491 -9.990e-29
 188.481233      3.131  38.274392    14.6212    7.84561      3.105    31.1024    23.0492 -9.990e-29
 188.481238      3.125  38.274452    14.6210    7.84046      3.099    31.1027    23.0494 -9.990e-29
 188.481244      3.120  38.273990    14.6201    7.82904      3.094    31.1030    23.0498 -9.990e-29
 188.481250      3.117  38.272951    14.6185    7.82878      3.091    31.1033    23.0504 -9.990e-29
 188.481256      3.115  38.271629    14.6168    7.83127      3.089    31.1035    23.0509 -9.990e-29
 188.481262      3.113  38.270502    14.6158    7.83911      3.087    31.1032    23.0509 -9.990e-29
 188.481267      3.113  38.269746    14.6154    7.84390      3.087    31.1029    23.0507 -9.990e-29
 188.481273      3.114  38.269471    14.6157    7.84856      3.088    31.1024    23.0503 -9.990e-29
 188.481279      3.111  38.269871    14.6169    7.84816      3.085    31.1018    23.0496 -9.990e-29
 188.481285      3.097  38.270913    14.6187    7.84575      3.071    31.1013    23.0488 -9.990e-29
 188.481291      3.074  38.272302    14.6206    7.84790      3.048    31.1010    23.0482 -9.990e-29
 188.481296      3.057  38.273645    14.6219    7.84891      3.031    31.1012    23.0481 -9.990e-29
 188.481302      3.055  38.274486    14.6222    7.83365      3.029    31.1017    23.0484 -9.990e-29
 188.481308      3.067  38.274823    14.6219    7.82552      3.041    31.1023    23.0489 -9.990e-29
 188.481314      3.090  38.275104    14.6217    7.83024      3.064    31.1027    23.0493 -9.990e-29
 188.481319      3.116  38.275139    14.6217    7.84585      3.090    31.1027    23.0493 -9.990e-29
 188.481325      3.140  38.274973    14.6218    7.85599      3.114    31.1025    23.0491 -9.990e-29
 188.481331      3.153  38.274939    14.6221    7.84084      3.127    31.1022    23.0488 -9.990e-29
 188.481337      3.156  38.274990    14.6225    7.81228      3.130    31.1019    23.0485 -9.990e-29
 188.481343      3.159  38.275192    14.6227    7.80288      3.133    31.1019    23.0485 -9.990e-29
 188.481348      3.166  38.275251    14.6226    7.81980      3.140    31.1021    23.0486 -9.990e-29
 188.481354      3.173  38.275244    14.6225    7.84081      3.146    31.1022    23.0487 -9.990e-29
 188.481360      3.172  38.275718    14.6226    7.84942      3.146    31.1025    23.0489 -9.990e-29
 188.481366      3.158  38.276181    14.6228    7.84026      3.132    31.1028    23.0491 -9.990e-29
 188.481372      3.140  38.276124    14.6232    7.81742      3.114    31.1024    23.0487 -9.990e-29
 188.481377      3.132  38.276031    14.6239    7.82029      3.106    31.1018    23.0481 -9.990e-29
 188.481383      3.144  38.276338    14.6247    7.83569      3.118    31.1014    23.0476 -9.990e-29
 188.481389      3.171  38.276892    14.6255    7.85197      3.145    31.1012    23.0474 -9.990e-29
 188.481395      3.199  38.277306    14.6261    7.84356      3.172    31.1011    23.0471 -9.990e-29
 188.481400      3.211  38.277567    14.6267    7.83009      3.184    31.1009    23.0468 -9.990e-29
 188.481406      3.210  38.278019    14.6275    7.83008      3.183    31.1006    23.0465 -9.990e-29
 188.481412      3.202  38.278702    14.6285    7.83107      3.175    31.1005    23.0461 -9.990e-29
 188.481418      3.197  38.279405    14.6301    7.83969      3.170    31.0998    23.0453 -9.990e-29
 188.481424      3.198  38.280501    14.6317    7.83984      3.171    31.0995    23.0447 -9.990e-29
 188.481429      3.202  38.281767    14.6322    7.83888      3.175    31.1003    23.0452 -9.990e-29
 188.481435      3.199  38.282082    14.6319    7.83812      3.172    31.1008    23.0457 -9.990e-29
 188.481441      3.189  38.281864    14.6319    7.82747      3.162    31.1006    23.0455 -9.990e-29
 188.481447      3.181  38.281941    14.6320    7.82882      3.154    31.1006    23.0455 -9.990e-29
 188.481453      3.174  38.281855    14.6317    7.83872      3.147    31.1008    23.0457 -9.990e-29
 188.481458      3.163  38.281487    14.6316    7.83060      3.137    31.1005    23.0455 -9.990e-29
 188.481464      3.156  38.281465    14.6314    7.82037      3.130    31.1007    23.0457 -9.990e-29
 188.481470      3.166  38.281758    14.6305    7.81289      3.140    31.1016    23.0466 -9.990e-29
 188.481476      3.193  38.281632    14.6292    7.81668      3.166    31.1026    23.0476 -9.990e-29
 188.481481      3.229  38.280918    14.6271    7.82765      3.202    31.1036    23.0488 -9.990e-29
 188.481487      3.275  38.279782    14.6240    7.83881      3.248    31.1050    23.0506 -9.990e-29
 188.481493      3.327  38.277827    14.6215    7.83671      3.299    31.1052    23.0513 -9.990e-29
 188.481499      3.380  38.275810    14.6207    7.83545      3.352    31.1040    23.0505 -9.990e-29
 188.481505      3.435  38.274963    14.6206    7.83222      3.406    31.1033    23.0500 -9.990e-29
 188.481510      3.497  38.274715    14.6205    7.83447      3.468    31.1032    23.0499 -9.990e-29
 188.481516      3.577  38.274730    14.6207    7.82649      3.547    31.1030    23.0497 -9.990e-29
 188.481522      3.674  38.275028    14.6209    7.81719      3.643    31.1031    23.0497 -9.990e-29
 188.481528      3.795  38.274880    14.6200    7.81290      3.763    31.1036    23.0503 -9.990e-29
 188.481534      3.960  38.274086    14.6172    7.79441      3.927    31.1051    23.0521 0.0000e+00
 188.481539      4.188  38.272709    14.6119    7.78477      4.153    31.1080    23.0554 0.0000e+00
 188.481545      4.482  38.269471    14.6040    7.80315      4.445    31.1113    23.0596 0.0000e+00
 188.481551      4.828  38.263415    14.5946    7.81474      4.788    31.1132    23.0631 0.0000e+00
 188.481557      5.217  38.255997    14.5845    7.81578      5.173    31.1144    23.0661 0.0000e+00
 188.481563      5.637  38.247976    14.5744    7.79781      5.590    31.1151    23.0688 0.0000e+00
 188.481568      6.082  38.239865    14.5649    7.77989      6.031    31.1152    23.0708 0.0000e+00
 188.481574      6.546  38.232621    14.5524    7.75946      6.491    31.1185    23.0760 0.0000e+00
 188.481580      7.025  38.224431    14.5344    7.71256      6.966    31.1253    23.0850 0.0000e+00
 188.481586      7.514  38.214465    14.5177    7.62650      7.451    31.1295    23.0917 0.0000e+00
 188.481591      8.010  38.209056    14.5104    7.53069      7.943    31.1303    23.0939 0.0000e+00
 188.481597      8.511  38.216127    14.5126    7.41792      8.440    31.1347    23.0969 0.0000e+00
 188.481603      9.014  38.238367    14.5215    7.32958      8.939    31.1475    23.1049 0.0000e+00
 188.481609      9.518  38.271212    14.5325    7.24746      9.438    31.1683    23.1186 0.0000e+00
 188.481615     10.020  38.302361    14.5414    7.14111      9.936    31.1892    23.1329 0.0000e+00
 188.481620     10.518  38.326230    14.5466    7.05011     10.430    31.2065    23.1451 0.0000e+00
 188.481626     11.014  38.347159    14.5428    6.94760     10.922    31.2283    23.1628 0.0000e+00
 188.481632     11.514  38.365009    14.5278    6.87733     11.418    31.2564    23.1875 0.0000e+00
 188.481638     12.023  38.374969    14.5084    6.83524     11.922    31.2808    23.2104 0.0000e+00
 188.481644     12.545  38.376293    14.4889    6.79807     12.440    31.2976    23.2274 0.0000e+00
 188.481649     13.075  38.371300    14.4660    6.78071     12.965    31.3113    23.2428 0.0000e+00
 188.481655     13.606  38.360615    14.4325    6.75412     13.492    31.3285    23.2630 0.0000e+00
 188.481661     14.139  38.341200    14.3896    6.72628     14.021    31.3453    23.2849 0.0000e+00
 188.481667     14.675  38.313520    14.3528    6.72370     14.552    31.3497    23.2959 0.0000e+00
 188.481672     15.211  38.289455    14.3274    6.73514     15.083    31.3482    23.3000 0.0000e+00
 188.481678     15.750  38.273360    14.3022    6.77155     15.618    31.3537    23.3095 0.0000e+00
 188.481684     16.290  38.256103    14.2707    6.77367     16.153    31.3633    23.3234 0.0000e+00
 188.481690     16.832  38.232613    14.2366    6.77408     16.691    31.3694    23.3351 0.0000e+00
 188.481696     17.376  38.204091    14.2069    6.79589     17.230    31.3672    23.3396 0.0000e+00
 188.481701     17.922  38.177929    14.1862    6.81029     17.772    31.3599    23.3382 0.0000e+00
 188.481707     18.472  38.160175    14.1681    6.81726     18.317    31.3582    23.3406 0.0000e+00
 188.481713     19.026  38.144531    14.1425    6.78921     18.866    31.3645    23.3507 0.0000e+00
 188.481719     19.580  38.121911    14.1079    6.71954     19.416    31.3717    23.3634 0.0000e+00
 188.481725     20.128  38.091871    14.0678    6.65588     19.959    31.3766    23.3754 0.0000e+00
 188.481730     20.665  38.057535    14.0187    6.57981     20.492    31.3849    23.3919 0.0000e+00
 188.481736     21.196  38.016294    13.9495    6.51487     21.018    31.4033    23.4201 0.0000e+00
 188.481742     21.730  37.961946    13.8522    6.46756     21.548    31.4326    23.4625 0.0000e+00
 188.481748     22.265  37.888753    13.7306    6.43655     22.078    31.4645    23.5117 0.0000e+00
 188.481753     22.798  37.798939    13.6029    6.42803     22.606    31.4862    23.5540 0.0000e+00
 188.481759     23.328  37.706208    13.4917    6.44114     23.132    31.4915    23.5803 0.0000e+00
 188.481765     23.850  37.626538    13.4110    6.44757     23.650    31.4838    23.5904 0.0000e+00
 188.481771     24.360  37.570321    13.3591    6.45493     24.155    31.4741    23.5932 0.0000e+00
 188.481777     24.859  37.534921    13.3254    6.45768     24.650    31.4687    23.5957 0.0000e+00
 188.481782     25.359  37.511816    13.3029    6.38515     25.146    31.4655    23.5977 0.0000e+00
 188.481788     25.869  37.497108    13.2834    6.28708     25.651    31.4677    23.6032 0.0000e+00
 188.481794     26.389  37.485196    13.2514    6.14004     26.167    31.4829    23.6213 0.0000e+00
 188.481800     26.907  37.464678    13.1897    5.93108     26.681    31.5146    23.6579 0.0000e+00
 188.481806     27.424  37.422767    13.0835    5.75125     27.193    31.5633    23.7163 0.0000e+00
 188.481811     27.946  37.349001    12.9256    5.60355     27.711    31.6253    23.7951 0.0000e+00
