data/oxygen options/OCNMS/OCNMS2/raw_data/2005/CTD_TH100_070705faed.cnv
* Sea-Bird SBE19 Data File:
* FileName = C:\Hypoxia Data\TH100_070705.hex
* Software Version 1.1.6
* Temperature SN = 2997
* Conductivity SN = 2997
* System UpLoad Time = Jul 07 2005 11:39:39
* SEACAT PROFILER V3.1c SN 2997   07/07/05  11:39:03.174
* strain gauge pressure sensor: S/N = 184829,  range = 3000 psia,  tc = 40
# nquan = 9                                 
# nvalues = 892                         
# units = specified
# name 0 = timeJ: Julian Days
# name 1 = prSM: Pressure, Strain Gauge [db]
# name 2 = c0mS/cm: Conductivity [mS/cm]
# name 3 = t090C: Temperature [ITS-90, deg C]
# name 4 = oxML/L: Oxygen, Beckman/YSI [ml/l]
# name 5 = depSM: Depth [salt water, m], lat = 47.5
# name 6 = sal00: Salinity, Practical [PSU]
# name 7 = sigma-é00: Density [sigma-theta, kg/m^3]
# name 8 = flag: flag
# span 0 = 188.479039, 188.484196       
# span 1 =     -3.815,    101.931       
# span 2 =   0.730307,  38.376293       
# span 3 =     7.5508,    14.6322       
# span 4 =   -0.11722,   24.12822       
# span 5 =     -3.783,    101.055       
# span 6 =     0.4519,    33.7783       
# span 7 =    -0.4868,    26.3809       
# span 8 = 0.0000e+00, 0.0000e+00       
# interval = seconds: 0.5
# start_time = Jul 07 2005 11:29:49 [Instrument's time stamp, header]
# bad_flag = -9.990e-29
*END*
 188.479039     -3.815 -9.990e-29    14.5793   -0.11722     -3.783 -9.990e-29 -9.990e-29 -9.990e-29
 188.479045     -3.799   0.756147    14.5794   -0.11721     -3.767     0.4686    -0.4731 -9.990e-29
 188.479051     -3.787   0.760801    14.5790   -0.11721     -3.755     0.4716    -0.4707 -9.990e-29
 188.479057     -3.773   0.764041    14.5786   -0.11721     -3.742     0.4737    -0.4690 -9.990e-29
 188.479063     -3.751   0.764085    14.5785   -0.11720     -3.720     0.4737    -0.4690 -9.990e-29
 188.479068     -3.726   0.762471    14.5792   -0.11721     -3.695     0.4726    -0.4699 -9.990e-29
 188.479074     -3.699   0.760930    14.5802   -0.11721     -3.668     0.4716    -0.4708 -9.990e-29
 188.479080     -3.668   0.761106    14.5804   -0.11721     -3.637     0.4717    -0.4708 -9.990e-29
 188.479086     -3.641   0.762128    14.5797   -0.11721     -3.611     0.4724    -0.4701 -9.990e-29
 188.479091     -3.620   0.759626    14.5795   -0.11721     -3.590     0.4708    -0.4713 -9.990e-29
 188.479097     -3.595   0.752485    14.5802   -0.11722     -3.565     0.4662    -0.4750 -9.990e-29
 188.479103     -3.564   0.744497    14.5814   -0.11721     -3.534     0.4610    -0.4792 -9.990e-29
 188.479109     -3.530   0.739433    14.5826   -0.11720     -3.501     0.4578    -0.4819 -9.990e-29
 188.479115     -3.495   0.737751    14.5831   -0.11717     -3.466     0.4567    -0.4828 -9.990e-29
 188.479120     -3.460   0.737211    14.5829   -0.11719     -3.431     0.4563    -0.4830 -9.990e-29
 188.479126     -3.425   0.735984    14.5829   -0.11695     -3.396     0.4556    -0.4837 -9.990e-29
 188.479132     -3.385   0.734100    14.5835   -0.10033     -3.357     0.4543    -0.4847 -9.990e-29
 188.479138     -3.340   0.732376    14.5841   -0.09709     -3.312     0.4532    -0.4856 -9.990e-29
 188.479144     -3.290   0.730732    14.5846   -0.09711     -3.263     0.4522    -0.4865 -9.990e-29
 188.479149     -3.236   0.730307    14.5850   -0.09710     -3.209     0.4519    -0.4868 -9.990e-29
 188.479155     -3.175   0.737190    14.5856   -0.09709     -3.149     0.4563    -0.4835 -9.990e-29
 188.479161     -3.108   0.768881    14.5867   -0.09709     -3.082     0.4767    -0.4679 -9.990e-29
 188.479167     -3.029   0.868744    14.5880   -0.09712     -3.004     0.5412    -0.4181 -9.990e-29
 188.479172     -2.922   1.161057    14.5884   -0.09713     -2.898     0.7323    -0.2702 -9.990e-29
 188.479178     -2.779   2.021151    14.5872   -0.09713     -2.756     1.3101     0.1765 -9.990e-29
 188.479184     -2.609   4.584173    14.5867   -0.09712     -2.587     3.1187     1.5706 -9.990e-29
 188.479190     -2.414  12.095526    14.5879   -0.09711     -2.394     8.8298     5.9560 -9.990e-29
 188.479196     -2.201  23.879989    14.5892   -0.09710     -2.183    18.4999    13.3696 -9.990e-29
 188.479201     -1.997  32.799109    14.5908   -0.09709     -1.980    26.2296    19.3050 -9.990e-29
 188.479207     -1.823  36.432830    14.5926   -0.09708     -1.808    29.4669    21.7953 -9.990e-29
 188.479213     -1.679  37.644358    14.5919   -0.09708     -1.665    30.5582    22.6359 -9.990e-29
 188.479219     -1.557  38.047957    14.5881   -0.09708     -1.544    30.9258    22.9199 -9.990e-29
 188.479225     -1.454  38.181214    14.5843   -0.09708     -1.442    31.0494    23.0159 -9.990e-29
 188.479230     -1.372  38.224061    14.5835   -0.09708     -1.361    31.0887    23.0464 -9.990e-29
 188.479236     -1.309  38.236444    14.5859   -0.09708     -1.298    31.0980    23.0530 -9.990e-29
 188.479242     -1.257  38.239376    14.5904   -0.09709     -1.247    31.0970    23.0513 -9.990e-29
 188.479248     -1.205  38.240705    14.5956   -0.09708     -1.195    31.0941    23.0479 -9.990e-29
 188.479253     -1.145  38.242220    14.6005   -0.09707     -1.135    31.0915    23.0449 -9.990e-29
 188.479259     -1.086  38.243714    14.6041   -0.09707     -1.077    31.0899    23.0430 -9.990e-29
 188.479265     -1.036  38.244386    14.6058   -0.09708     -1.027    31.0892    23.0420 -9.990e-29
 188.479271     -0.985  38.244587    14.6061   -0.09708     -0.977    31.0891    23.0419 -9.990e-29
 188.479277     -0.929  38.247405    14.6057   -0.09707     -0.921    31.0919    23.0442 -9.990e-29
 188.479282     -0.877  38.252686    14.6053   -0.09708     -0.870    31.0970    23.0482 -9.990e-29
 188.479288     -0.826  38.256268    14.6051   -0.09708     -0.819    31.1004    23.0508 -9.990e-29
 188.479294     -0.773  38.256770    14.6051   -0.09708     -0.767    31.1008    23.0512 -9.990e-29
 188.479300     -0.726  38.255438    14.6054   -0.09709     -0.720    31.0994    23.0500 -9.990e-29
 188.479306     -0.693  38.254434    14.6059   -0.09709     -0.687    31.0980    23.0489 -9.990e-29
 188.479311     -0.666  38.255799    14.6059   -0.09709     -0.660    31.0993    23.0498 -9.990e-29
 188.479317     -0.635  38.258564    14.6058   -0.09708     -0.630    31.1018    23.0518 -9.990e-29
 188.479323     -0.589  38.260260    14.6060   -0.09709     -0.584    31.1032    23.0528 -9.990e-29
 188.479329     -0.530  38.261479    14.6061   -0.09710     -0.526    31.1042    23.0536 -9.990e-29
 188.479334     -0.471  38.263861    14.6057   -0.09710     -0.467    31.1067    23.0556 -9.990e-29
 188.479340     -0.418  38.264988    14.6052   -0.09710     -0.415    31.1081    23.0567 -9.990e-29
 188.479346     -0.366  38.263569    14.6050   -0.09709     -0.363    31.1069    23.0559 -9.990e-29
 188.479352     -0.313  38.262216    14.6046   -0.09709     -0.310    31.1060    23.0553 -9.990e-29
 188.479358     -0.258  38.261944    14.6043   -0.09709     -0.256    31.1060    23.0553 -9.990e-29
 188.479363     -0.213  38.262966    14.6046   -0.09710     -0.211    31.1066    23.0558 -9.990e-29
 188.479369     -0.181  38.264974    14.6050   -0.09711     -0.179    31.1081    23.0568 -9.990e-29
 188.479375     -0.158  38.265612    14.6038   -0.09711     -0.157    31.1096    23.0583 -9.990e-29
 188.479381     -0.132  38.264062    14.6019   -0.09711     -0.131    31.1098    23.0587 -9.990e-29
 188.479387     -0.098  38.262199    14.6007   -0.09710     -0.097    31.1090    23.0584 -9.990e-29
 188.479392     -0.058  38.262040    14.6008   -0.09710     -0.058    31.1088    23.0582 -9.990e-29
 188.479398     -0.023  38.264510    14.6020   -0.09711     -0.023    31.1100    23.0589 -9.990e-29
 188.479404     -0.007  38.268989    14.6022   -0.09712     -0.007    31.1139    23.0619 -9.990e-29
 188.479410     -0.013  38.271364    14.6006   -0.09712     -0.013    31.1174    23.0649 -9.990e-29
 188.479416     -0.025  38.268648    14.5984   -0.09712     -0.025    31.1167    23.0648 -9.990e-29
 188.479421     -0.023  38.264528    14.5964   -0.09712     -0.023    31.1145    23.0636 -9.990e-29
 188.479427     -0.001  38.262500    14.5954   -0.09712     -0.001    31.1135    23.0630 -9.990e-29
 188.479433      0.029  38.263238    14.5962   -0.09713      0.029    31.1135    23.0628 -9.990e-29
 188.479439      0.055  38.266057    14.5976   -0.09713      0.055    31.1149    23.0636 -9.990e-29
 188.479444      0.076  38.267436    14.5972   -0.09713      0.075    31.1165    23.0649 -9.990e-29
 188.479450      0.097  38.265863    14.5953   -0.09713      0.096    31.1166    23.0654 -9.990e-29
 188.479456      0.127  38.263184    14.5936   -0.09712      0.126    31.1155    23.0649 -9.990e-29
 188.479462      0.169  38.260890    14.5925   -0.09712      0.168    31.1143    23.0642 -9.990e-29
 188.479468      0.213  38.259862    14.5920   -0.09712      0.211    31.1138    23.0639 -9.990e-29
 188.479473      0.253  38.259865    14.5917   -0.09712      0.251    31.1140    23.0641 -9.990e-29
 188.479479      0.290  38.259794    14.5910   -0.09712      0.288    31.1145    23.0647 -9.990e-29
 188.479485      0.325  38.259006    14.5897   -0.09712      0.322    31.1148    23.0652 -9.990e-29
 188.479491      0.353  38.258147    14.5884   -0.09712      0.350    31.1150    23.0656 -9.990e-29
 188.479497      0.378  38.258332    14.5881   -0.09712      0.375    31.1154    23.0660 -9.990e-29
 188.479502      0.401  38.259821    14.5893   -0.09712      0.398    31.1158    23.0661 -9.990e-29
 188.479508      0.419  38.262368    14.5914   -0.09712      0.416    31.1164    23.0661 -9.990e-29
 188.479514      0.432  38.263774    14.5927   -0.09712      0.428    31.1167    23.0660 -9.990e-29
 188.479520      0.451  38.262562    14.5926   -0.09711      0.447    31.1156    23.0652 -9.990e-29
 188.479525      0.477  38.260499    14.5921   -0.09711      0.473    31.1142    23.0642 -9.990e-29
 188.479531      0.507  38.259335    14.5920   -0.09711      0.503    31.1132    23.0635 -9.990e-29
 188.479537      0.539  38.260338    14.5927   -0.09711      0.535    31.1135    23.0636 -9.990e-29
 188.479543      0.566  38.263176    14.5939   -0.09711      0.561    31.1151    23.0646 -9.990e-29
 188.479549      0.585  38.264916    14.5944   -0.09711      0.580    31.1163    23.0654 -9.990e-29
 188.479554      0.599  38.264526    14.5941   -0.09711      0.594    31.1161    23.0653 -9.990e-29
 188.479560      0.607  38.263746    14.5939   -0.09712      0.602    31.1156    23.0649 -9.990e-29
 188.479566      0.614  38.263793    14.5946   -0.09711      0.609    31.1151    23.0644 -9.990e-29
 188.479572      0.626  38.264744    14.5959   -0.09711      0.621    31.1149    23.0640 -9.990e-29
 188.479578      0.639  38.265639    14.5969   -0.09711      0.634    31.1149    23.0638 -9.990e-29
 188.479583      0.648  38.265441    14.5971   -0.09710      0.643    31.1146    23.0635 -9.990e-29
 188.479589      0.656  38.264462    14.5968   -0.09709      0.651    31.1139    23.0630 -9.990e-29
 188.479595      0.666  38.263652    14.5965   -0.09710      0.660    31.1134    23.0627 -9.990e-29
 188.479601      0.684  38.263631    14.5967   -0.09710      0.678    31.1132    23.0625 -9.990e-29
 188.479606      0.706  38.264385    14.5974   -0.09709      0.700    31.1133    23.0625 -9.990e-29
 188.479612      0.730  38.264689    14.5983   14.13590      0.724    31.1129    23.0619 -9.990e-29
 188.479618      0.752  38.263842    14.5993   22.92580      0.746    31.1113    23.0605 -9.990e-29
 188.479624      0.770  38.262971    14.6005   24.12822      0.764    31.1096    23.0589 -9.990e-29
 188.479630      0.785  38.262611    14.6023   21.07738      0.778    31.1078    23.0572 -9.990e-29
 188.479635      0.799  38.262298    14.6050   13.60664      0.792    31.1053    23.0547 -9.990e-29
 188.479641      0.815  38.262190    14.6072   10.99278      0.808    31.1035    23.0528 -9.990e-29
 188.479647      0.836  38.262719    14.6078   11.01382      0.829    31.1035    23.0527 -9.990e-29
 188.479653      0.854  38.263484    14.6083   10.99062      0.847    31.1037    23.0528 -9.990e-29
 188.479659      0.865  38.263835    14.6100   10.99327      0.858    31.1027    23.0516 -9.990e-29
 188.479664      0.875  38.264815    14.6121   10.99742      0.868    31.1019    23.0506 -9.990e-29
 188.479670      0.889  38.268307    14.6136   11.00202      0.882    31.1038    23.0518 -9.990e-29
 188.479676      0.903  38.272812    14.6143   11.00274      0.895    31.1074    23.0543 -9.990e-29
 188.479682      0.914  38.274816    14.6141   11.00213      0.906    31.1093    23.0559 -9.990e-29
 188.479688      0.928  38.274201    14.6138   11.00154      0.920    31.1090    23.0557 -9.990e-29
 188.479693      0.948  38.273527    14.6155   11.00164      0.940    31.1070    23.0538 -9.990e-29
 188.479699      0.972  38.274714    14.6185   10.99797      0.964    31.1057    23.0522 -9.990e-29
 188.479705      0.998  38.277117    14.6204   10.98785      0.990    31.1063    23.0523 -9.990e-29
 188.479711      1.022  38.278906    14.6211   10.97486      1.013    31.1074    23.0529 -9.990e-29
 188.479716      1.038  38.279676    14.6217   10.63870      1.029    31.1076    23.0530 -9.990e-29
 188.479722      1.047  38.279907    14.6221    8.16083      1.038    31.1075    23.0528 -9.990e-29
 188.479728      1.057  38.279360    14.6210    6.35500      1.048    31.1079    23.0533 -9.990e-29
 188.479734      1.075  38.276760    14.6189    5.55721      1.066    31.1072    23.0532 -9.990e-29
 188.479740      1.096  38.274265    14.6181    5.74795      1.087    31.1056    23.0522 -9.990e-29
 188.479745      1.113  38.274730    14.6189    6.81999      1.104    31.1053    23.0518 -9.990e-29
 188.479751      1.124  38.275986    14.6205    7.31870      1.115    31.1052    23.0514 -9.990e-29
 188.479757      1.132  38.276916    14.6225    7.51612      1.123    31.1044    23.0504 -9.990e-29
 188.479763      1.144  38.278212    14.6237    7.62629      1.134    31.1046    23.0503 -9.990e-29
 188.479769      1.156  38.279367    14.6232    7.68995      1.146    31.1061    23.0515 -9.990e-29
 188.479774      1.163  38.279682    14.6211    7.74407      1.153    31.1080    23.0534 -9.990e-29
 188.479780      1.167  38.278461    14.6167    7.77623      1.157    31.1104    23.0562 -9.990e-29
 188.479786      1.167  38.274080    14.6112    7.78829      1.157    31.1109    23.0577 -9.990e-29
 188.479792      1.164  38.269111    14.6086    7.79662      1.154    31.1085    23.0564 -9.990e-29
 188.479797      1.162  38.268706    14.6085    7.79967      1.152    31.1082    23.0562 -9.990e-29
 188.479803      1.169  38.269523    14.6088    7.79982      1.159    31.1087    23.0565 -9.990e-29
 188.479809      1.186  38.268725    14.6092    7.79482      1.176    31.1076    23.0556 -9.990e-29
 188.479815      1.205  38.268617    14.6088    7.78750      1.195    31.1079    23.0559 -9.990e-29
 188.479821      1.223  38.268492    14.6074    7.79893      1.213    31.1089    23.0569 -9.990e-29
 188.479826      1.241  38.267625    14.6059    7.79936      1.231    31.1093    23.0576 -9.990e-29
 188.479832      1.260  38.266543    14.6050    7.80389      1.249    31.1090    23.0576 -9.990e-29
 188.479838      1.282  38.265488    14.6048    7.79881      1.271    31.1082    23.0570 -9.990e-29
 188.479844      1.308  38.265298    14.6049    7.79621      1.297    31.1079    23.0568 -9.990e-29
 188.479850      1.336  38.265719    14.6053    7.79901      1.325    31.1080    23.0567 -9.990e-29
 188.479855      1.358  38.266194    14.6067    7.79948      1.347    31.1073    23.0559 -9.990e-29
 188.479861      1.372  38.267356    14.6090    7.79637      1.361    31.1065    23.0548 -9.990e-29
 188.479867      1.378  38.269073    14.6109    7.79460      1.366    31.1065    23.0544 -9.990e-29
 188.479873      1.382  38.270268    14.6122    7.78233      1.370    31.1066    23.0542 -9.990e-29
 188.479878      1.391  38.271418    14.6146    7.78588      1.379    31.1057    23.0530 -9.990e-29
 188.479884      1.408  38.274059    14.6181    7.79538      1.396    31.1053    23.0519 -9.990e-29
 188.479890      1.424  38.277224    14.6208    7.79500      1.412    31.1060    23.0519 -9.990e-29
 188.479896      1.435  38.278964    14.6218    7.79471      1.423    31.1067    23.0523 -9.990e-29
 188.479902      1.444  38.279360    14.6215    7.78840      1.432    31.1073    23.0528 -9.990e-29
 188.479907      1.449  38.278941    14.6211    7.78093      1.437    31.1073    23.0529 -9.990e-29
 188.479913      1.452  38.278272    14.6217    7.78658      1.440    31.1062    23.0519 -9.990e-29
 188.479919      1.457  38.278704    14.6234    7.78294      1.445    31.1052    23.0508 -9.990e-29
 188.479925      1.468  38.280254    14.6249    7.78277      1.456    31.1054    23.0506 -9.990e-29
 188.479931      1.483  38.281626    14.6256    7.78125      1.471    31.1061    23.0510 -9.990e-29
 188.479936      1.497  38.282407    14.6257    7.78140      1.485    31.1067    23.0515 -9.990e-29
 188.479942      1.511  38.282518    14.6256    7.78321      1.498    31.1069    23.0516 -9.990e-29
 188.479948      1.523  38.282109    14.6255    7.77887      1.510    31.1066    23.0514 -9.990e-29
 188.479954      1.529  38.281755    14.6254    7.78882      1.516    31.1063    23.0512 -9.990e-29
 188.479959      1.533  38.281547    14.6251    7.79444      1.520    31.1064    23.0513 -9.990e-29
