data/oxygen options/OCNMS/OCNMS2/raw_data/2005/CTD_CA50_060705faedb.cnv
* Sea-Bird SBE19 Data File:
* FileName = C:\hypoxia CTD data\CA50_060705.hex
* Software Version 1.1.5
* Temperature SN = 2997
* Conductivity SN = 2997
* System UpLoad Time = Jun 07 2005 15:35:13
* SEACAT PROFILER V3.1c SN 2997   06/07/05  15:34:05.032
* strain gauge pressure sensor: S/N = 184829,  range = 3000 psia,  tc = 40
# nquan = 9
# nvalues = 50                          
# units = specified
# name 0 = timeJ: Julian Days
# name 1 = prSM: Pressure, Strain Gauge [db]
# name 2 = c0mS/cm: Conductivity [mS/cm]
# name 3 = t090C: Temperature [ITS-90, deg C]
# name 4 = oxML/L: Oxygen, Beckman/YSI [ml/l]
# name 5 = depSM: Depth [salt water, m], lat = 47.5
# name 6 = sal00: Salinity, Practical [PSU]
# name 7 = sigma-é00: Density [sigma-theta, kg/m^3]
# name 8 = flag: flag
# span 0 = 158.603660, 158.604260       
# span 1 =      3.000,     52.000       
# span 2 =  34.931998,  37.632630       
# span 3 =     8.2840,    14.5371       
# span 4 =    3.08777,    7.78021       
# span 5 =      2.975,     51.560       
# span 6 =    30.5831,    33.3928       
# span 7 =    22.6667,    25.9679       
# span 8 = 0.0000e+00, 0.0000e+00       
# interval = decibars: 1                
# start_time = Jun 07 2005 14:25:25 [Instrument's time stamp, header]
# bad_flag = -9.990e-29
*END*
 158.603660      3.000  37.626151    14.5371    7.46894      2.975    30.5831    22.6667 0.0000e+00
 158.603684      4.000  37.632630    14.5232    7.52721      3.967    30.5996    22.6822 0.0000e+00
 158.603699      5.000  37.601238    14.4629    7.18005      4.958    30.6185    22.7092 0.0000e+00
 158.603711      6.000  37.532697    14.2826    7.33245      5.950    30.6987    22.8081 0.0000e+00
 158.603723      7.000  37.341394    13.7819    7.78021      6.942    30.9240    23.0835 0.0000e+00
 158.603734      8.000  37.088315    13.2117    7.71260      7.933    31.1523    23.3728 0.0000e+00
 158.603746      9.000  36.920156    12.7349    7.05639      8.925    31.3874    23.6470 0.0000e+00
 158.603758     10.000  36.695720    12.3094    6.27327      9.916    31.5294    23.8376 0.0000e+00
 158.603768     11.000  36.469829    11.9137    5.68233     10.908    31.6466    24.0019 0.0000e+00
 158.603779     12.000  36.197607    11.5066    5.27047     11.899    31.7297    24.1403 0.0000e+00
 158.603790     13.000  35.906900    11.1208    4.93435     12.891    31.7766    24.2456 0.0000e+00
 158.603800     14.000  35.646240    10.7883    4.61215     13.882    31.8069    24.3271 0.0000e+00
 158.603811     15.000  35.420094    10.4740    4.35303     14.874    31.8555    24.4187 0.0000e+00
 158.603821     16.000  35.235971    10.1738    4.16715     15.866    31.9340    24.5303 0.0000e+00
 158.603832     17.000  35.104940     9.9176    4.07756     16.857    32.0279    24.6458 0.0000e+00
 158.603843     18.000  35.035902     9.7318    4.05839     17.849    32.1227    24.7502 0.0000e+00
 158.603853     19.000  35.030161     9.6284    4.05535     18.841    32.2088    24.8342 0.0000e+00
 158.603865     20.000  35.025665     9.5583    4.03645     19.832    32.2668    24.8908 0.0000e+00
 158.603875     21.000  35.004163     9.4931    4.00137     20.824    32.3031    24.9296 0.0000e+00
 158.603886     22.000  34.988688     9.4241    3.96566     21.815    32.3489    24.9765 0.0000e+00
 158.603897     23.000  34.984998     9.3446    3.91480     22.807    32.4167    25.0421 0.0000e+00
 158.603908     24.000  34.961161     9.2657    3.87596     23.798    32.4634    25.0911 0.0000e+00
 158.603919     25.000  34.934189     9.2153    3.86580     24.790    32.4809    25.1127 0.0000e+00
 158.603930     26.000  34.931998     9.1920    3.86189     25.781    32.4994    25.1310 0.0000e+00
 158.603941     27.000  34.944190     9.1641    3.90333     26.773    32.5370    25.1647 0.0000e+00
 158.603953     28.000  34.957918     9.1273    3.94908     27.765    32.5844    25.2076 0.0000e+00
 158.603964     29.000  34.974169     9.0959    3.96809     28.756    32.6295    25.2478 0.0000e+00
 158.603976     30.000  34.981794     9.0633    3.93337     29.748    32.6669    25.2822 0.0000e+00
 158.603986     31.000  34.984685     9.0067    3.84208     30.739    32.7214    25.3337 0.0000e+00
 158.603998     32.000  34.988050     8.9484    3.77057     31.730    32.7781    25.3872 0.0000e+00
 158.604009     33.000  34.986406     8.9010    3.72434     32.722    32.8198    25.4272 0.0000e+00
 158.604021     34.000  34.979182     8.8662    3.67689     33.714    32.8439    25.4515 0.0000e+00
 158.604034     35.000  34.975531     8.8459    3.62360     34.705    32.8586    25.4660 0.0000e+00
 158.604046     36.000  34.964891     8.8002    3.55751     35.697    32.8893    25.4972 0.0000e+00
 158.604057     37.000  34.954487     8.7487    3.49002     36.688    32.9259    25.5338 0.0000e+00
 158.604068     38.000  34.949673     8.7021    3.44208     37.679    32.9637    25.5706 0.0000e+00
 158.604080     39.000  34.953142     8.6549    3.42086     38.671    33.0109    25.6148 0.0000e+00
 158.604092     40.000  34.968620     8.6106    3.41109     39.662    33.0681    25.6664 0.0000e+00
 158.604105     41.000  34.988074     8.5802    3.42411     40.654    33.1166    25.7090 0.0000e+00
 158.604117     42.000  35.011326     8.5548    3.41192     41.645    33.1644    25.7504 0.0000e+00
 158.604129     43.000  35.033106     8.5346    3.41058     42.637    33.2059    25.7860 0.0000e+00
 158.604141     44.000  35.047215     8.5166    3.39882     43.628    33.2372    25.8132 0.0000e+00
 158.604154     45.000  35.056804     8.5044    3.33668     44.620    33.2584    25.8317 0.0000e+00
 158.604169     46.000  35.055518     8.4719    3.22088     45.611    33.2872    25.8592 0.0000e+00
 158.604182     47.000  35.038442     8.3680    3.12513     46.602    33.3671    25.9376 0.0000e+00
 158.604195     48.000  35.002572     8.3003    3.08777     47.594    33.3928    25.9679 0.0000e+00
 158.604207     49.000  34.986716     8.2886    3.10459     48.585    33.3866    25.9649 0.0000e+00
 158.604221     50.000  34.982535     8.2849    3.10168     49.577    33.3853    25.9643 0.0000e+00
 158.604237     51.000  34.980509     8.2840    3.12070     50.568    33.3835    25.9631 0.0000e+00
 158.604260     52.000  34.982530     8.2871    3.11987     51.560    33.3823    25.9617 0.0000e+00
