data/oxygen options/OCNMS/OCNMS2/raw_data/2005/CTD_CE100_060805faed.cnv
* Sea-Bird SBE19 Data File:
* FileName = C:\hypoxia CTD data\CE100_060805.hex
* Software Version 1.1.5
* Temperature SN = 2997
* Conductivity SN = 2997
* System UpLoad Time = Jun 08 2005 16:07:30
* SEACAT PROFILER V3.1c SN 2997   06/08/05  16:06:47.513
* strain gauge pressure sensor: S/N = 184829,  range = 3000 psia,  tc = 40
# nquan = 9                                 
# nvalues = 837                         
# units = specified
# name 0 = timeJ: Julian Days
# name 1 = prSM: Pressure, Strain Gauge [db]
# name 2 = c0mS/cm: Conductivity [mS/cm]
# name 3 = t090C: Temperature [ITS-90, deg C]
# name 4 = oxML/L: Oxygen, Beckman/YSI [ml/l]
# name 5 = depSM: Depth [salt water, m], lat = 47.5
# name 6 = sal00: Salinity, Practical [PSU]
# name 7 = sigma-é00: Density [sigma-theta, kg/m^3]
# name 8 = flag: flag
# span 0 = 159.652986, 159.657824       
# span 1 =     -3.431,    104.274       
# span 2 =   2.577047,  37.348768       
# span 3 =     7.1678,    14.8672       
# span 4 =   -0.09751,   26.02783       
# span 5 =     -3.402,    103.378       
# span 6 =     1.7603,    33.9304       
# span 7 =     0.7384,    26.5541       
# span 8 = 0.0000e+00, 0.0000e+00       
# interval = seconds: 0.5
# start_time = Jun 08 2005 15:40:18 [Instrument's time stamp, header]
# bad_flag = -9.990e-29
*END*
[from data line 481]
 159.655770     60.795  34.921864     8.9383    3.59860     60.279    32.7056    25.3325 0.0000e+00
 159.655775     61.270  34.918034     8.9296    3.60665     60.750    32.7094    25.3368 0.0000e+00
 159.655781     61.741  34.920501     8.9250    3.62177     61.217    32.7160    25.3427 0.0000e+00
 159.655787     62.218  34.926366     8.9213    3.63378     61.689    32.7253    25.3505 0.0000e+00
 159.655793     62.705  34.932969     8.9156    3.64524     62.172    32.7372    25.3607 0.0000e+00
 159.655799     63.199  34.940136     8.9049    3.65313     62.662    32.7543    25.3758 0.0000e+00
 159.655804     63.701  34.949187     8.8889    3.66907     63.160    32.7783    25.3970 0.0000e+00
 159.655810     64.209  34.959843     8.8702    3.70423     63.663    32.8065    25.4220 0.0000e+00
 159.655816     64.713  34.971910     8.8522    3.74459     64.163    32.8355    25.4475 0.0000e+00
 159.655822     65.206  34.989694     8.8359    3.76422     64.652    32.8689    25.4762 0.0000e+00
 159.655828     65.686  35.013352     8.8215    3.77821     65.127    32.9067    25.5080 0.0000e+00
 159.655833     66.149  35.034051     8.8104    3.76192     65.586    32.9384    25.5346 0.0000e+00
 159.655839     66.594  35.046306     8.7980    3.73787     66.028    32.9626    25.5554 0.0000e+00
 159.655845     67.028  35.053552     8.7770    3.71620     66.458    32.9895    25.5797 0.0000e+00
 159.655851     67.462  35.058714     8.7480    3.66861     66.888    33.0217    25.6094 0.0000e+00
 159.655856     67.903  35.061378     8.7158    3.61852     67.325    33.0543    25.6399 0.0000e+00
 159.655862     68.347  35.061722     8.6808    3.55556     67.765    33.0872    25.6710 0.0000e+00
 159.655868     68.794  35.059633     8.6432    3.48680     68.208    33.1200    25.7025 0.0000e+00
 159.655874     69.247  35.055114     8.6054    3.42233     68.658    33.1504    25.7321 0.0000e+00
 159.655880     69.704  35.048854     8.5676    3.36451     69.111    33.1791    25.7604 0.0000e+00
 159.655885     70.160  35.040903     8.5296    3.31790     69.563    33.2063    25.7874 0.0000e+00
 159.655891     70.614  35.031860     8.4929    3.27747     70.013    33.2311    25.8124 0.0000e+00
 159.655897     71.070  35.023106     8.4569    3.24308     70.465    33.2556    25.8371 0.0000e+00
 159.655903     71.527  35.014731     8.4205    3.20284     70.918    33.2809    25.8624 0.0000e+00
 159.655909     71.975  35.006206     8.3874    3.17413     71.362    33.3030    25.8847 0.0000e+00
 159.655914     72.404  34.998484     8.3630    3.14631     71.787    33.3177    25.9000 0.0000e+00
 159.655920     72.816  34.993029     8.3474    3.12257     72.196    33.3265    25.9092 0.0000e+00
 159.655926     73.220  34.989842     8.3316    3.08150     72.596    33.3379    25.9205 0.0000e+00
 159.655932     73.625  34.985783     8.3025    3.02115     72.998    33.3610    25.9430 0.0000e+00
 159.655937     74.040  34.976553     8.2556    2.97807     73.409    33.3955    25.9771 0.0000e+00
 159.655943     74.468  34.962170     8.2020    2.93485     73.833    33.4311    26.0130 0.0000e+00
 159.655949     74.908  34.946991     8.1565    2.90728     74.269    33.4581    26.0409 0.0000e+00
 159.655955     75.354  34.934868     8.1221    2.88734     74.711    33.4778    26.0615 0.0000e+00
 159.655961     75.796  34.925878     8.0951    2.86089     75.150    33.4938    26.0781 0.0000e+00
 159.655966     76.223  34.918670     8.0753    2.84996     75.573    33.5048    26.0897 0.0000e+00
 159.655972     76.636  34.913713     8.0620    2.84544     75.982    33.5121    26.0973 0.0000e+00
 159.655978     77.054  34.910551     8.0512    2.84023     76.397    33.5188    26.1042 0.0000e+00
 159.655984     77.494  34.907202     8.0410    2.83851     76.833    33.5248    26.1104 0.0000e+00
 159.655990     77.950  34.903677     8.0315    2.83097     77.285    33.5299    26.1159 0.0000e+00
 159.655995     78.408  34.900872     8.0230    2.82033     77.739    33.5349    26.1210 0.0000e+00
 159.656001     78.865  34.898963     8.0157    2.82260     78.192    33.5396    26.1258 0.0000e+00
 159.656007     79.309  34.897637     8.0089    2.80995     78.632    33.5445    26.1306 0.0000e+00
 159.656013     79.735  34.896238     8.0010    2.78739     79.054    33.5504    26.1364 0.0000e+00
 159.656019     80.150  34.894574     7.9892    2.75149     79.466    33.5597    26.1455 0.0000e+00
 159.656024     80.561  34.892098     7.9712    2.70179     79.873    33.5741    26.1595 0.0000e+00
 159.656030     80.975  34.887744     7.9469    2.66458     80.283    33.5926    26.1775 0.0000e+00
 159.656036     81.392  34.880744     7.9185    2.60725     80.697    33.6122    26.1971 0.0000e+00
 159.656042     81.816  34.871285     7.8895    2.55429     81.117    33.6298    26.2151 0.0000e+00
 159.656047     82.253  34.860759     7.8584    2.49847     81.550    33.6483    26.2342 0.0000e+00
 159.656053     82.702  34.848572     7.8237    2.44968     81.995    33.6684    26.2551 0.0000e+00
 159.656059     83.157  34.834161     7.7889    2.42094     82.446    33.6863    26.2742 0.0000e+00
 159.656065     83.612  34.820163     7.7575    2.39966     82.897    33.7014    26.2906 0.0000e+00
 159.656071     84.059  34.808082     7.7332    2.37926     83.340    33.7117    26.3022 0.0000e+00
 159.656076     84.486  34.798614     7.7180    2.36591     83.764    33.7160    26.3078 0.0000e+00
 159.656082     84.896  34.792575     7.7084    2.35753     84.170    33.7186    26.3112 0.0000e+00
 159.656088     85.302  34.788629     7.6992    2.33976     84.573    33.7231    26.3160 0.0000e+00
 159.656094     85.708  34.784869     7.6885    2.33418     84.975    33.7292    26.3224 0.0000e+00
 159.656100     86.102  34.780759     7.6793    2.32321     85.366    33.7335    26.3271 0.0000e+00
 159.656105     86.478  34.777536     7.6759    2.30363     85.738    33.7331    26.3273 0.0000e+00
 159.656111     86.849  34.776501     7.6740    2.27451     86.106    33.7337    26.3280 0.0000e+00
 159.656117     87.228  34.775704     7.6577    2.24536     86.482    33.7485    26.3420 0.0000e+00
 159.656123     87.627  34.767347     7.6171    2.20499     86.877    33.7786    26.3715 0.0000e+00
 159.656128     88.046  34.747013     7.5659    2.18065     87.293    33.8063    26.4006 0.0000e+00
 159.656134     88.478  34.723456     7.5248    2.15402     87.721    33.8206    26.4177 0.0000e+00
 159.656140     88.920  34.706175     7.4998    2.13175     88.159    33.8260    26.4255 0.0000e+00
 159.656146     89.366  34.696217     7.4861    2.12347     88.601    33.8284    26.4293 0.0000e+00
 159.656152     89.801  34.690941     7.4788    2.12572     89.032    33.8295    26.4313 0.0000e+00
 159.656157     90.220  34.687785     7.4745    2.12607     89.447    33.8301    26.4323 0.0000e+00
 159.656163     90.627  34.685333     7.4701    2.11965     89.851    33.8315    26.4341 0.0000e+00
 159.656169     91.031  34.682551     7.4634    2.11485     90.251    33.8349    26.4377 0.0000e+00
 159.656175     91.436  34.679085     7.4548    2.10598     90.653    33.8393    26.4424 0.0000e+00
 159.656181     91.839  34.675354     7.4469    2.10742     91.052    33.8428    26.4462 0.0000e+00
 159.656186     92.235  34.671980     7.4410    2.10069     91.445    33.8447    26.4486 0.0000e+00
 159.656192     92.629  34.668937     7.4352    2.09753     91.835    33.8469    26.4511 0.0000e+00
 159.656198     93.027  34.665526     7.4285    2.08713     92.230    33.8495    26.4541 0.0000e+00
 159.656204     93.438  34.661674     7.4213    2.07376     92.637    33.8522    26.4572 0.0000e+00
 159.656209     93.867  34.657845     7.4124    2.06978     93.062    33.8565    26.4619 0.0000e+00
 159.656215     94.307  34.653409     7.4000    2.06511     93.499    33.8636    26.4692 0.0000e+00
 159.656221     94.747  34.646927     7.3851    2.04843     93.935    33.8709    26.4771 0.0000e+00
 159.656227     95.186  34.638716     7.3713    2.03350     94.370    33.8752    26.4825 0.0000e+00
 159.656233     95.622  34.631272     7.3609    2.01756     94.802    33.8771    26.4854 0.0000e+00
 159.656238     96.053  34.625871     7.3519    2.01924     95.229    33.8798    26.4888 0.0000e+00
 159.656244     96.484  34.620910     7.3399    2.00714     95.656    33.8860    26.4953 0.0000e+00
 159.656250     96.917  34.613690     7.3223    1.97908     96.086    33.8951    26.5050 0.0000e+00
 159.656256     97.346  34.602985     7.2998    1.96149     96.511    33.9053    26.5162 0.0000e+00
 159.656262     97.768  34.590207     7.2750    1.94511     96.929    33.9155    26.5277 0.0000e+00
 159.656267     98.180  34.576247     7.2525    1.93279     97.337    33.9222    26.5361 0.0000e+00
 159.656273     98.578  34.562662     7.2361    1.92626     97.732    33.9232    26.5392 0.0000e+00
 159.656279     98.962  34.552627     7.2246    1.90027     98.113    33.9234    26.5410 0.0000e+00
 159.656285     99.332  34.545643     7.2150    1.89411     98.479    33.9250    26.5436 0.0000e+00
 159.656291     99.683  34.539676     7.2068    1.88758     98.827    33.9264    26.5458 0.0000e+00
 159.656296    100.019  34.534612     7.1999    1.88656     99.160    33.9275    26.5476 0.0000e+00
 159.656302    100.347  34.530415     7.1939    1.88162     99.485    33.9286    26.5494 0.0000e+00
 159.656308    100.679  34.526528     7.1888    1.87387     99.814    33.9292    26.5505 0.0000e+00
 159.656314    101.025  34.522806     7.1845    1.86921    100.157    33.9292    26.5511 0.0000e+00
 159.656319    101.379  34.519883     7.1811    1.87804    100.508    33.9292    26.5516 0.0000e+00
 159.656325    101.735  34.517780     7.1781    1.87700    100.861    33.9297    26.5524 0.0000e+00
 159.656331    102.094  34.515925     7.1752    1.86944    101.217    33.9303    26.5533 0.0000e+00
 159.656337    102.454  34.514082     7.1729    1.86556    101.574    33.9304    26.5537 0.0000e+00
 159.656343    102.802  34.512586     7.1713    1.86750    101.919    33.9302    26.5537 0.0000e+00
 159.656348    103.132  34.511677     7.1701    1.87767    102.246    33.9302    26.5539 0.0000e+00
 159.656354    103.435  34.510696     7.1689    1.87110    102.546    33.9302    26.5541 0.0000e+00
 159.656360    103.699  34.509450     7.1679    1.86447    102.808    33.9297    26.5538 0.0000e+00
 159.656366    103.916  34.508509     7.1678    1.86282    103.023    33.9286    26.5530 0.0000e+00
 159.656372    104.079  34.508293     7.1691    1.86626    103.184    33.9270    26.5516 -9.990e-29
 159.656377    104.188  34.507946     7.1714    1.87484    103.292    33.9243    26.5491 -9.990e-29
 159.656383    104.252  34.505880     7.1738    1.86344    103.356    33.9197    26.5451 -9.990e-29
 159.656389    104.274  34.499335     7.1756    1.86781    103.378    33.9108    26.5379 -9.990e-29
 159.656395    104.251  34.493593     7.1766    1.87668    103.355    33.9035    26.5320 -9.990e-29
 159.656400    104.178  34.497250     7.1771    1.87397    103.282    33.9071    26.5347 -9.990e-29
 159.656406    104.054  34.503963     7.1778    1.87715    103.160    33.9138    26.5399 -9.990e-29
 159.656412    103.881  34.508105     7.1783    1.86419    102.988    33.9179    26.5431 0.0000e+00
 159.656418    103.663  34.511267     7.1774    1.86762    102.772    33.9223    26.5467 0.0000e+00
 159.656424    103.417  34.512056     7.1764    1.86476    102.528    33.9243    26.5484 0.0000e+00
 159.656429    103.157  34.511520     7.1765    1.87253    102.270    33.9237    26.5479 0.0000e+00
 159.656435    102.889  34.511745     7.1762    1.87516    102.005    33.9244    26.5485 0.0000e+00
 159.656441    102.611  34.511345     7.1750    1.86591    101.729    33.9253    26.5494 0.0000e+00
 159.656447    102.320  34.510344     7.1743    1.86518    101.441    33.9250    26.5492 0.0000e+00
 159.656453    102.001  34.510205     7.1746    1.86855    101.125    33.9247    26.5490 0.0000e+00
 159.656458    101.642  34.510736     7.1758    1.86372    100.769    33.9243    26.5485 0.0000e+00
 159.656464    101.245  34.511518     7.1781    1.86312    100.375    33.9231    26.5472 0.0000e+00
 159.656470    100.821  34.512471     7.1811    1.87621     99.955    33.9214    26.5454 0.0000e+00
 159.656476    100.381  34.513740     7.1846    1.88488     99.519    33.9195    26.5435 0.0000e+00
 159.656481     99.938  34.515333     7.1885    1.89729     99.080    33.9177    26.5415 0.0000e+00
 159.656487     99.500  34.517131     7.1932    1.90367     98.646    33.9152    26.5389 0.0000e+00
 159.656493     99.063  34.519290     7.1998    1.91140     98.213    33.9113    26.5349 0.0000e+00
 159.656499     98.631  34.522447     7.2093    1.92972     97.784    33.9057    26.5291 0.0000e+00
 159.656505     98.209  34.527454     7.2227    1.95079     97.366    33.8982    26.5213 0.0000e+00
 159.656510     97.801  34.534826     7.2428    1.96398     96.962    33.8867    26.5095 0.0000e+00
 159.656516     97.407  34.546550     7.2653    1.97040     96.571    33.8776    26.4992 0.0000e+00
 159.656522     97.026  34.560323     7.2817    1.98821     96.194    33.8767    26.4962 0.0000e+00
 159.656528     96.657  34.569853     7.2919    1.99567     95.828    33.8773    26.4953 0.0000e+00
 159.656534     96.293  34.575520     7.2986    2.00188     95.467    33.8771    26.4942 0.0000e+00
 159.656539     95.923  34.579281     7.3041    2.01385     95.100    33.8760    26.4925 0.0000e+00
 159.656545     95.537  34.581670     7.3166    2.02431     94.718    33.8665    26.4833 0.0000e+00
 159.656551     95.140  34.588680     7.3385    2.04892     94.324    33.8529    26.4695 0.0000e+00
 159.656557     94.745  34.602373     7.3588    2.05096     93.933    33.8482    26.4629 0.0000e+00
 159.656563     94.357  34.613547     7.3706    2.05261     93.548    33.8490    26.4619 0.0000e+00
 159.656568     93.977  34.618607     7.3777    2.06100     93.171    33.8477    26.4599 0.0000e+00
 159.656574     93.598  34.622068     7.3849    2.07139     92.796    33.8446    26.4565 0.0000e+00
 159.656580     93.209  34.626307     7.3960    2.08342     92.410    33.8386    26.4501 0.0000e+00
 159.656586     92.811  34.632493     7.4093    2.08255     92.016    33.8325    26.4435 0.0000e+00
 159.656591     92.412  34.639351     7.4186    2.09123     91.620    33.8311    26.4410 0.0000e+00
 159.656597     92.021  34.643696     7.4220    2.09014     91.233    33.8326    26.4418 0.0000e+00
 159.656603     91.643  34.645163     7.4225    2.09082     90.858    33.8339    26.4427 0.0000e+00
 159.656609     91.275  34.645714     7.4229    2.09120     90.493    33.8343    26.4430 0.0000e+00
 159.656615     90.912  34.646090     7.4251    2.10322     90.133    33.8328    26.4414 0.0000e+00
 159.656620     90.547  34.646794     7.4327    2.11649     89.772    33.8263    26.4352 0.0000e+00
 159.656626     90.175  34.650449     7.4464    2.11986     89.403    33.8171    26.4261 0.0000e+00
 159.656632     89.796  34.657446     7.4585    2.11791     89.027    33.8130    26.4212 0.0000e+00
 159.656638     89.422  34.663106     7.4640    2.11924     88.656    33.8140    26.4211 0.0000e+00
 159.656644     89.058  34.664893     7.4662    2.12755     88.296    33.8140    26.4208 0.0000e+00
 159.656649     88.707  34.665197     7.4685    2.12689     87.948    33.8122    26.4191 0.0000e+00
 159.656655     88.363  34.666110     7.4706    2.13420     87.607    33.8113    26.4181 0.0000e+00
 159.656661     88.013  34.667170     7.4729    2.15596     87.260    33.8104    26.4170 0.0000e+00
 159.656667     87.648  34.668112     7.4799    2.17569     86.898    33.8048    26.4116 0.0000e+00
 159.656672     87.261  34.670755     7.4982    2.19689     86.514    33.7900    26.3974 0.0000e+00
 159.656678     86.854  34.678628     7.5286    2.23098     86.111    33.7691    26.3767 0.0000e+00
 159.656684     86.435  34.692702     7.5630    2.25874     85.696    33.7511    26.3576 0.0000e+00
