data/oxygen options/OCNMS/OCNMS2/raw_data/2005/CTD_TH90_081505faed.cnv
* Sea-Bird SBE19 Data File:
* FileName = C:\Hypoxia Data\TH90_081505.hex
* Software Version 1.1.6
* Temperature SN = 2997
* Conductivity SN = 2997
* System UpLoad Time = Aug 15 2005 18:19:02
* SEACAT PROFILER V3.1c SN 2997   08/15/05  18:18:19.752
* strain gauge pressure sensor: S/N = 184829,  range = 3000 psia,  tc = 40
# nquan = 9                                 
# nvalues = 1940                        
# units = specified
# name 0 = timeJ: Julian Days
# name 1 = prSM: Pressure, Strain Gauge [db]
# name 2 = c0mS/cm: Conductivity [mS/cm]
# name 3 = t090C: Temperature [ITS-90, deg C]
# name 4 = oxML/L: Oxygen, Beckman/YSI [ml/l]
# name 5 = depSM: Depth [salt water, m], lat = 47.5
# name 6 = sal00: Salinity, Practical [PSU]
# name 7 = sigma-é00: Density [sigma-theta, kg/m^3]
# name 8 = flag: flag
# span 0 = 227.665289, 227.676510       
# span 1 =     -3.601,     92.801       
# span 2 =   0.522433,  37.943774       
# span 3 =     7.3295,    14.3345       
# span 4 =   -0.11810,   26.79557       
# span 5 =     -3.571,     92.006       
# span 6 =     0.3215,    33.8573       
# span 7 =    -0.5514,    26.4742       
# span 8 = 0.0000e+00, 0.0000e+00       
# interval = seconds: 0.5
# start_time = Aug 15 2005 15:58:01 [Instrument's time stamp, header]
# bad_flag = -9.990e-29
*END*
[from data line 641]
 227.668999      5.493  37.352788    12.8621    7.10302      5.447    31.6909    23.8575 -9.990e-29
 227.669005      5.501  37.348971    12.8609    7.12693      5.455    31.6883    23.8557 -9.990e-29
 227.669010      5.504  37.348614    12.8653    7.11965      5.458    31.6843    23.8518 -9.990e-29
 227.669016      5.497  37.350679    12.8696    7.18090      5.451    31.6826    23.8497 -9.990e-29
 227.669022      5.485  37.352872    12.8716    7.21009      5.439    31.6830    23.8496 -9.990e-29
 227.669028      5.471  37.354195    12.8797    7.20071      5.425    31.6775    23.8437 -9.990e-29
 227.669034      5.449  37.358659    12.9031    7.19172      5.403    31.6621    23.8273 -9.990e-29
 227.669039      5.419  37.371096    12.9323    7.20198      5.374    31.6494    23.8118 -9.990e-29
 227.669045      5.396  37.384538    12.9528    7.19688      5.351    31.6450    23.8044 -9.990e-29
 227.669051      5.391  37.392800    12.9571    7.23419      5.346    31.6491    23.8068 -9.990e-29
 227.669057      5.395  37.395134    12.9456    7.23307      5.350    31.6610    23.8182 -9.990e-29
 227.669063      5.391  37.389049    12.9399    7.18950      5.346    31.6600    23.8185 -9.990e-29
 227.669068      5.370  37.385496    12.9597    7.18669      5.325    31.6401    23.7993 -9.990e-29
 227.669074      5.341  37.397680    12.9896    7.19255      5.296    31.6266    23.7830 -9.990e-29
 227.669080      5.317  37.415490    12.9981    7.21209      5.273    31.6363    23.7889 -9.990e-29
 227.669086      5.310  37.418379    12.9796    7.24545      5.266    31.6544    23.8065 -9.990e-29
 227.669091      5.320  37.405163    12.9588    7.24636      5.276    31.6594    23.8144 -9.990e-29
 227.669097      5.331  37.392430    12.9644    7.25578      5.286    31.6427    23.8004 -9.990e-29
 227.669103      5.325  37.394598    13.0012    7.27912      5.280    31.6140    23.7711 -9.990e-29
 227.669109      5.307  37.416235    13.0400    7.29606      5.263    31.6020    23.7542 -9.990e-29
 227.669115      5.289  37.441890    13.0553    7.30282      5.245    31.6134    23.7600 -9.990e-29
 227.669120      5.277  37.451390    13.0538    7.30491      5.233    31.6236    23.7682 -9.990e-29
 227.669126      5.280  37.447879    13.0569    7.32192      5.236    31.6177    23.7630 -9.990e-29
 227.669132      5.298  37.447991    13.0718    7.33982      5.254    31.6054    23.7506 -9.990e-29
 227.669138      5.324  37.456359    13.0841    7.34862      5.279    31.6029    23.7463 -9.990e-29
 227.669144      5.350  37.462272    13.0866    7.34237      5.305    31.6064    23.7485 -9.990e-29
 227.669149      5.369  37.462401    13.0889    7.30827      5.324    31.6046    23.7467 -9.990e-29
 227.669155      5.380  37.464775    13.0995    7.28184      5.335    31.5980    23.7395 -9.990e-29
 227.669161      5.381  37.474239    13.1141    7.26376      5.336    31.5947    23.7341 -9.990e-29
 227.669167      5.379  37.485469    13.1177    7.24753      5.334    31.6023    23.7393 -9.990e-29
 227.669172      5.380  37.487086    13.1026    7.23715      5.335    31.6164    23.7531 -9.990e-29
 227.669178      5.390  37.475644    13.0752    7.21840      5.345    31.6284    23.7678 -9.990e-29
 227.669184      5.408  37.456079    13.0480    7.22463      5.363    31.6327    23.7764 -9.990e-29
 227.669190      5.433  37.437630    13.0298    7.24144      5.388    31.6306    23.7783 -9.990e-29
 227.669196      5.457  37.426536    13.0227    7.25005      5.411    31.6261    23.7762 -9.990e-29
 227.669201      5.476  37.422579    13.0259    7.24573      5.430    31.6197    23.7706 -9.990e-29
 227.669207      5.489  37.424407    13.0351    7.22785      5.443    31.6137    23.7642 -9.990e-29
 227.669213      5.492  37.429968    13.0435    7.22243      5.446    31.6119    23.7612 -9.990e-29
 227.669219      5.493  37.437148    13.0448    7.23167      5.447    31.6176    23.7653 -9.990e-29
 227.669225      5.501  37.440384    13.0376    7.23536      5.455    31.6266    23.7737 -9.990e-29
 227.669230      5.513  37.435584    13.0284    7.21026      5.467    31.6298    23.7780 -9.990e-29
 227.669236      5.519  37.428125    13.0239    7.20135      5.473    31.6265    23.7763 -9.990e-29
 227.669242      5.518  37.424322    13.0231    7.19916      5.472    31.6236    23.7742 -9.990e-29
 227.669248      5.516  37.424151    13.0219    7.21775      5.470    31.6245    23.7751 -9.990e-29
 227.669253      5.523  37.424582    13.0167    7.25494      5.477    31.6292    23.7798 -9.990e-29
 227.669259      5.535  37.422824    13.0052    7.27971      5.489    31.6372    23.7882 -9.990e-29
 227.669265      5.544  37.417097    12.9985    7.27809      5.498    31.6374    23.7896 -9.990e-29
 227.669271      5.541  37.413225    13.0123    7.25112      5.495    31.6222    23.7752 -9.990e-29
 227.669277      5.528  37.421742    13.0443    7.23540      5.482    31.6035    23.7546 -9.990e-29
 227.669282      5.510  37.442228    13.0746    7.23771      5.464    31.5975    23.7440 -9.990e-29
 227.669288      5.497  37.460505    13.0811    7.23921      5.451    31.6093    23.7518 -9.990e-29
 227.669294      5.495  37.461699    13.0614    7.23783      5.449    31.6268    23.7692 -9.990e-29
 227.669300      5.505  37.446288    13.0378    7.23147      5.459    31.6320    23.7779 -9.990e-29
 227.669306      5.518  37.429618    13.0299    7.25097      5.472    31.6229    23.7724 -9.990e-29
 227.669311      5.531  37.425345    13.0354    7.28120      5.485    31.6143    23.7646 -9.990e-29
 227.669317      5.545  37.430570    13.0422    7.31042      5.499    31.6136    23.7627 -9.990e-29
 227.669323      5.556  37.434878    13.0475    7.33132      5.510    31.6132    23.7614 -9.990e-29
 227.669329      5.558  37.437846    13.0604    7.33925      5.512    31.6052    23.7527 -9.990e-29
 227.669334      5.549  37.446799    13.0879    7.32773      5.503    31.5907    23.7362 -9.990e-29
 227.669340      5.538  37.466945    13.1198    7.31379      5.492    31.5831    23.7240 -9.990e-29
 227.669346      5.528  37.489820    13.1378    7.29799      5.482    31.5896    23.7255 -9.990e-29
 227.669352      5.523  37.500511    13.1377    7.27780      5.477    31.5997    23.7333 -9.990e-29
 227.669358      5.527  37.497580    13.1282    7.26742      5.481    31.6048    23.7392 -9.990e-29
 227.669363      5.535  37.489460    13.1175    7.26838      5.489    31.6061    23.7423 -9.990e-29
 227.669369      5.546  37.482150    13.1060    7.27479      5.500    31.6088    23.7466 -9.990e-29
 227.669375      5.553  37.474313    13.0911    7.27968      5.507    31.6139    23.7534 -9.990e-29
 227.669381      5.555  37.463349    13.0786    7.29473      5.509    31.6140    23.7560 -9.990e-29
 227.669387      5.555  37.454825    13.0779    7.28497      5.509    31.6066    23.7504 -9.990e-29
 227.669392      5.553  37.454758    13.0891    7.26891      5.507    31.5972    23.7409 -9.990e-29
 227.669398      5.544  37.462496    13.1051    7.26229      5.498    31.5911    23.7331 -9.990e-29
 227.669404      5.533  37.474338    13.1162    7.26788      5.487    31.5930    23.7324 -9.990e-29
 227.669410      5.527  37.482527    13.1133    7.29096      5.481    31.6031    23.7408 -9.990e-29
 227.669416      5.531  37.480603    13.0963    7.30773      5.485    31.6155    23.7536 -9.990e-29
 227.669421      5.539  37.469371    13.0787    7.30595      5.493    31.6196    23.7603 -9.990e-29
 227.669427      5.549  37.457966    13.0763    7.29927      5.503    31.6109    23.7540 -9.990e-29
 227.669433      5.557  37.457534    13.0875    7.28179      5.511    31.6011    23.7443 -9.990e-29
 227.669439      5.559  37.465813    13.1011    7.25404      5.513    31.5976    23.7389 -9.990e-29
 227.669444      5.559  37.474778    13.1134    7.22823      5.513    31.5957    23.7351 -9.990e-29
 227.669450      5.562  37.482929    13.1192    7.21776      5.516    31.5986    23.7361 -9.990e-29
 227.669456      5.568  37.485995    13.1036    7.22292      5.521    31.6144    23.7514 -9.990e-29
 227.669462      5.577  37.472369    13.0674    7.24114      5.530    31.6318    23.7719 -9.990e-29
 227.669468      5.586  37.444635    13.0397    7.25924      5.539    31.6288    23.7750 -9.990e-29
 227.669473      5.590  37.424693    13.0390    7.26110      5.543    31.6107    23.7611 -9.990e-29
 227.669479      5.591  37.424076    13.0554    7.26578      5.544    31.5964    23.7469 -9.990e-29
 227.669485      5.588  37.437285    13.0751    7.25954      5.541    31.5924    23.7400 -9.990e-29
 227.669491      5.585  37.454463    13.0876    7.26168      5.538    31.5982    23.7420 -9.990e-29
 227.669497      5.586  37.464126    13.0865    7.26946      5.539    31.6081    23.7499 -9.990e-29
 227.669502      5.592  37.461773    13.0763    7.26716      5.545    31.6144    23.7568 -9.990e-29
 227.669508      5.602  37.454174    13.0665    7.27066      5.555    31.6155    23.7595 -9.990e-29
 227.669514      5.618  37.448021    13.0626    7.26834      5.571    31.6129    23.7583 -9.990e-29
 227.669520      5.636  37.446322    13.0638    7.25017      5.589    31.6103    23.7560 -9.990e-29
 227.669525      5.649  37.447929    13.0665    7.24458      5.602    31.6096    23.7549 -9.990e-29
 227.669531      5.654  37.449378    13.0717    7.24815      5.607    31.6066    23.7516 -9.990e-29
 227.669537      5.654  37.452040    13.0787    7.27126      5.607    31.6033    23.7477 -9.990e-29
 227.669543      5.654  37.456662    13.0764    7.30370      5.607    31.6095    23.7529 -9.990e-29
 227.669549      5.651  37.455388    13.0624    7.32678      5.604    31.6200    23.7638 -9.990e-29
 227.669554      5.638  37.445962    13.0608    7.33260      5.591    31.6125    23.7583 -9.990e-29
 227.669560      5.617  37.445534    13.0891    7.31692      5.570    31.5885    23.7342 -9.990e-29
 227.669566      5.589  37.465865    13.1302    7.30090      5.542    31.5734    23.7145 -9.990e-29
 227.669572      5.565  37.493686    13.1578    7.29704      5.518    31.5765    23.7115 -9.990e-29
 227.669578      5.558  37.510024    13.1617    7.31042      5.512    31.5886    23.7201 -9.990e-29
 227.669583      5.570  37.509198    13.1458    7.33140      5.523    31.6010    23.7328 -9.990e-29
 227.669589      5.594  37.496281    13.1240    7.33146      5.547    31.6071    23.7417 -9.990e-29
 227.669595      5.614  37.481528    13.1181    7.32151      5.567    31.5981    23.7360 -9.990e-29
 227.669601      5.620  37.479468    13.1330    7.31372      5.573    31.5838    23.7220 -9.990e-29
 227.669606      5.606  37.492955    13.1515    7.31366      5.559    31.5811    23.7163 -9.990e-29
 227.669612      5.581  37.508005    13.1610    7.31057      5.534    31.5873    23.7192 -9.990e-29
 227.669618      5.560  37.514410    13.1613    7.30329      5.514    31.5930    23.7236 -9.990e-29
 227.669624      5.550  37.512866    13.1550    7.30062      5.504    31.5968    23.7278 -9.990e-29
 227.669630      5.551  37.506363    13.1467    7.30203      5.505    31.5976    23.7300 -9.990e-29
 227.669635      5.563  37.499128    13.1417    7.31970      5.516    31.5950    23.7290 -9.990e-29
 227.669641      5.582  37.496091    13.1384    7.33818      5.535    31.5949    23.7295 -9.990e-29
 227.669647      5.600  37.494883    13.1359    7.34432      5.553    31.5959    23.7307 -9.990e-29
 227.669653      5.611  37.493333    13.1416    7.35327      5.564    31.5897    23.7248 -9.990e-29
 227.669659      5.612  37.498905    13.1584    7.36366      5.565    31.5809    23.7148 -9.990e-29
 227.669664      5.601  37.513419    13.1788    7.37014      5.554    31.5775    23.7082 -9.990e-29
 227.669670      5.583  37.528751    13.1960    7.36029      5.536    31.5776    23.7049 -9.990e-29
 227.669676      5.564  37.540674    13.2075    7.34191      5.517    31.5792    23.7038 -9.990e-29
 227.669682      5.549  37.547708    13.2124    7.32508      5.503    31.5817    23.7048 -9.990e-29
 227.669688      5.540  37.549139    13.2120    7.31465      5.494    31.5834    23.7062 -9.990e-29
 227.669693      5.545  37.547441    13.2065    7.31121      5.499    31.5864    23.7096 -9.990e-29
 227.669699      5.565  37.542592    13.1953    7.30107      5.518    31.5912    23.7155 -9.990e-29
 227.669705      5.592  37.533737    13.1816    7.30844      5.545    31.5943    23.7205 -9.990e-29
 227.669711      5.619  37.523646    13.1674    7.33346      5.572    31.5966    23.7251 -9.990e-29
 227.669716      5.641  37.513443    13.1562    7.35109      5.594    31.5963    23.7271 -9.990e-29
 227.669722      5.648  37.505220    13.1589    7.36158      5.601    31.5864    23.7189 -9.990e-29
 227.669728      5.635  37.508198    13.1789    7.35008      5.588    31.5726    23.7043 -9.990e-29
 227.669734      5.603  37.525224    13.2032    7.33658      5.556    31.5683    23.6963 -9.990e-29
 227.669740      5.573  37.544232    13.2184    7.33457      5.526    31.5735    23.6973 -9.990e-29
 227.669745      5.559  37.554122    13.2222    7.35933      5.513    31.5796    23.7013 -9.990e-29
 227.669751      5.560  37.554630    13.2180    7.37929      5.514    31.5836    23.7051 -9.990e-29
 227.669757      5.564  37.549239    13.2122    7.35459      5.517    31.5833    23.7061 -9.990e-29
 227.669763      5.558  37.544220    13.2129    7.32301      5.512    31.5781    23.7019 -9.990e-29
 227.669769      5.542  37.546897    13.2191    7.30658      5.496    31.5754    23.6986 -9.990e-29
 227.669774      5.528  37.554110    13.2224    7.31934      5.482    31.5794    23.7011 -9.990e-29
 227.669780      5.527  37.556971    13.2163    7.34104      5.481    31.5872    23.7083 -9.990e-29
 227.669786      5.540  37.550887    13.2009    7.34742      5.494    31.5943    23.7168 -9.990e-29
 227.669792      5.559  37.537278    13.1866    7.35264      5.513    31.5934    23.7189 -9.990e-29
 227.669797      5.571  37.526036    13.1853    7.35035      5.524    31.5840    23.7119 -9.990e-29
 227.669803      5.566  37.526840    13.1967    7.36266      5.519    31.5753    23.7029 -9.990e-29
 227.669809      5.547  37.537394    13.2110    7.37147      5.501    31.5733    23.6985 -9.990e-29
 227.669815      5.521  37.548778    13.2222    7.36722      5.475    31.5746    23.6974 -9.990e-29
 227.669821      5.487  37.557111    13.2329    7.35105      5.441    31.5735    23.6945 -9.990e-29
 227.669826      5.451  37.565655    13.2427    7.34605      5.405    31.5734    23.6924 -9.990e-29
 227.669832      5.424  37.573467    13.2455    7.34092      5.379    31.5784    23.6957 -9.990e-29
 227.669838      5.412  37.574702    13.2412    7.34358      5.367    31.5831    23.7002 -9.990e-29
 227.669844      5.424  37.569891    13.2352    7.35300      5.379    31.5836    23.7018 -9.990e-29
 227.669850      5.459  37.563834    13.2292    7.37015      5.413    31.5829    23.7024 -9.990e-29
 227.669855      5.504  37.557988    13.2236    7.37431      5.458    31.5821    23.7029 -9.990e-29
 227.669861      5.539  37.552407    13.2229    7.36650      5.493    31.5774    23.6994 -9.990e-29
 227.669867      5.558  37.551985    13.2287    7.35861      5.512    31.5722    23.6943 -9.990e-29
 227.669873      5.564  37.557840    13.2384    7.34851      5.517    31.5696    23.6904 -9.990e-29
 227.669878      5.555  37.567683    13.2467    7.34664      5.509    31.5719    23.6905 -9.990e-29
 227.669884      5.536  37.577815    13.2457    7.32754      5.490    31.5823    23.6987 -9.990e-29
 227.669890      5.513  37.577076    13.2375    7.30020      5.467    31.5884    23.7050 -9.990e-29
 227.669896      5.495  37.566726    13.2285    7.30525      5.449    31.5862    23.7051 -9.990e-29
 227.669902      5.488  37.557080    13.2166    7.29300      5.442    31.5871    23.7081 -9.990e-29
 227.669907      5.496  37.547048    13.2022    7.30421      5.450    31.5896    23.7129 -9.990e-29
 227.669913      5.521  37.536152    13.1881    7.32153      5.475    31.5911    23.7169 -9.990e-29
