data/oxygen options/OCNMS/OCNMS2/raw_data/2005/CTD_TH70_052405faed.cnv
* Sea-Bird SBE19 Data File:
* FileName = C:\Documents and Settings\kirner.PTANGELES\Desktop\hypoxia CTD data\TH80__052405.hex
* Software Version 1.1.5
* Temperature SN = 2997
* Conductivity SN = 2997
* System UpLoad Time = May 24 2005 18:13:18
* SEACAT PROFILER V3.1c SN 2997   05/24/05  18:12:03.926
* strain gauge pressure sensor: S/N = 184829,  range = 3000 psia,  tc = 40
# nquan = 9                                 
# nvalues = 780                         
# units = specified
# name 0 = timeJ: Julian Days
# name 1 = prSM: Pressure, Strain Gauge [db]
# name 2 = c0mS/cm: Conductivity [mS/cm]
# name 3 = t090C: Temperature [ITS-90, deg C]
# name 4 = oxML/L: Oxygen, Beckman/YSI [ml/l]
# name 5 = depSM: Depth [salt water, m], lat = 47.5
# name 6 = sal00: Salinity, Practical [PSU]
# name 7 = sigma-é00: Density [sigma-theta, kg/m^3]
# name 8 = flag: flag
# span 0 = 144.705521, 144.710029       
# span 1 =     -3.175,     72.613       
# span 2 =   0.685120,  37.062050       
# span 3 =     9.0049,    14.1401       
# span 4 =  -13.73484,   27.58583       
# span 5 =     -3.149,     71.994       
# span 6 =     0.4507,    33.0458       
# span 7 =    -0.1575,    25.5885       
# span 8 = 0.0000e+00, 0.0000e+00       
# interval = seconds: 0.5
# start_time = May 24 2005 16:55:57 [Instrument's time stamp, header]
# bad_flag = -9.990e-29
*END*
[from data line 641]
 144.709230     46.073  36.390368    10.9758    5.66996     45.683    32.3661    24.7303 0.0000e+00
 144.709236     45.735  36.398993    10.9917    5.66938     45.348    32.3608    24.7234 0.0000e+00
 144.709242     45.393  36.413173    11.0214    5.69316     45.009    32.3488    24.7088 0.0000e+00
 144.709248     45.041  36.437809    11.0553    5.71104     44.660    32.3434    24.6986 0.0000e+00
 144.709253     44.675  36.463148    11.0805    5.68504     44.297    32.3464    24.6965 0.0000e+00
 144.709259     44.292  36.478694    11.1005    5.66872     43.918    32.3443    24.6913 0.0000e+00
 144.709265     43.899  36.488376    11.1245    5.64347     43.528    32.3329    24.6782 0.0000e+00
 144.709271     43.503  36.500635    11.1509    5.65915     43.135    32.3219    24.6650 0.0000e+00
 144.709277     43.115  36.517253    11.1698    5.71450     42.751    32.3219    24.6616 0.0000e+00
 144.709282     42.739  36.530686    11.1771    5.74420     42.378    32.3288    24.6657 0.0000e+00
 144.709288     42.373  36.534752    11.1801    5.79436     42.015    32.3304    24.6664 0.0000e+00
 144.709294     42.010  36.534893    11.1956    5.82719     41.655    32.3171    24.6532 0.0000e+00
 144.709300     41.645  36.544769    11.2488    5.89053     41.293    32.2803    24.6152 0.0000e+00
 144.709306     41.276  36.585410    11.3440    5.96498     40.927    32.2371    24.5646 0.0000e+00
 144.709311     40.904  36.660549    11.4388    6.02994     40.559    32.2281    24.5406 0.0000e+00
 144.709317     40.529  36.732444    11.4986    6.08809     40.187    32.2464    24.5440 0.0000e+00
 144.709323     40.142  36.769692    11.5377    6.11652     39.803    32.2488    24.5388 0.0000e+00
 144.709329     39.741  36.790587    11.5976    6.13827     39.406    32.2173    24.5034 0.0000e+00
 144.709334     39.329  36.838153    11.6912    6.15146     38.997    32.1825    24.4594 0.0000e+00
 144.709340     38.916  36.914702    11.7738    6.13049     38.588    32.1854    24.4465 0.0000e+00
 144.709346     38.508  36.974273    11.8134    6.11224     38.183    32.2090    24.4576 0.0000e+00
 144.709352     38.115  36.998189    11.8235    6.12214     37.793    32.2236    24.4670 0.0000e+00
 144.709358     37.740  37.003790    11.8239    6.12815     37.422    32.2289    24.4710 0.0000e+00
 144.709363     37.382  37.004733    11.8243    6.13287     37.067    32.2296    24.4715 0.0000e+00
 144.709369     37.030  37.005654    11.8283    6.11927     36.718    32.2271    24.4689 0.0000e+00
 144.709375     36.671  37.006671    11.8393    6.10840     36.362    32.2188    24.4603 0.0000e+00
 144.709381     36.299  37.010277    11.8546    6.10161     35.993    32.2092    24.4500 0.0000e+00
 144.709387     35.920  37.016246    11.8655    6.12230     35.617    32.2057    24.4453 0.0000e+00
 144.709392     35.536  37.019096    11.8697    6.12767     35.236    32.2049    24.4440 0.0000e+00
 144.709398     35.135  37.017038    11.8693    6.12077     34.839    32.2035    24.4429 0.0000e+00
 144.709404     34.705  37.006782    11.8701    6.12886     34.412    32.1930    24.4346 0.0000e+00
 144.709410     34.243  36.979716    11.8792    6.12499     33.954    32.1592    24.4067 0.0000e+00
 144.709416     33.767  36.944630    11.8904    6.13931     33.482    32.1157    24.3709 0.0000e+00
 144.709421     33.308  36.924300    11.8932    6.13685     33.027    32.0939    24.3534 0.0000e+00
 144.709427     32.881  36.919117    11.8909    6.13164     32.604    32.0910    24.3516 0.0000e+00
 144.709433     32.483  36.917703    11.8895    6.14507     32.209    32.0910    24.3518 0.0000e+00
 144.709439     32.095  36.916507    11.8896    6.13821     31.825    32.0899    24.3510 0.0000e+00
 144.709444     31.706  36.913946    11.8957    6.15547     31.439    32.0824    24.3440 0.0000e+00
 144.709450     31.309  36.910546    11.9104    6.15858     31.045    32.0666    24.3290 0.0000e+00
 144.709456     30.904  36.905712    11.9263    6.15083     30.644    32.0484    24.3119 0.0000e+00
 144.709462     30.504  36.897500    11.9361    6.15227     30.247    32.0322    24.2975 0.0000e+00
 144.709468     30.120  36.888441    11.9401    6.13627     29.866    32.0202    24.2875 0.0000e+00
 144.709473     29.756  36.882739    11.9410    6.13388     29.506    32.0140    24.2825 0.0000e+00
 144.709479     29.396  36.881218    11.9403    6.12298     29.149    32.0133    24.2821 0.0000e+00
 144.709485     29.021  36.879621    11.9394    6.08282     28.777    32.0127    24.2818 0.0000e+00
 144.709491     28.620  36.869663    11.9399    6.04679     28.379    32.0028    24.2740 0.0000e+00
 144.709497     28.191  36.838083    11.9401    5.99579     27.954    31.9723    24.2503 0.0000e+00
 144.709502     27.734  36.761292    11.9362    5.94706     27.501    31.9018    24.1962 0.0000e+00
 144.709508     27.255  36.638422    11.9317    5.91535     27.026    31.7872    24.1082 0.0000e+00
 144.709514     26.762  36.514829    11.9353    5.84083     26.537    31.6652    24.0128 0.0000e+00
 144.709520     26.262  36.425371    11.9508    5.81107     26.041    31.5660    23.9330 0.0000e+00
 144.709525     25.757  36.361814    11.9749    5.79296     25.540    31.4847    23.8655 0.0000e+00
 144.709531     25.259  36.308404    12.0012    5.83174     25.047    31.4113    23.8037 0.0000e+00
 144.709537     24.782  36.266841    12.0205    5.90880     24.574    31.3553    23.7567 0.0000e+00
 144.709543     24.330  36.248455    12.0274    5.95757     24.126    31.3321    23.7374 0.0000e+00
 144.709549     23.896  36.251184    12.0296    5.99719     23.695    31.3330    23.7377 0.0000e+00
 144.709554     23.469  36.264105    12.0454    6.02283     23.272    31.3323    23.7343 0.0000e+00
 144.709560     23.044  36.276984    12.1031    6.02758     22.850    31.2965    23.6958 0.0000e+00
 144.709566     22.618  36.266072    12.2033    6.02691     22.428    31.2025    23.6044 0.0000e+00
 144.709572     22.192  36.235336    12.2963    6.02475     22.006    31.0960    23.5046 0.0000e+00
 144.709578     21.766  36.218959    12.3484    6.02673     21.583    31.0374    23.4494 0.0000e+00
 144.709583     21.350  36.218691    12.3676    6.04270     21.171    31.0214    23.4335 0.0000e+00
 144.709589     20.940  36.220752    12.3703    6.05636     20.764    31.0213    23.4329 0.0000e+00
 144.709595     20.521  36.222304    12.3697    6.03947     20.349    31.0235    23.4346 0.0000e+00
 144.709601     20.066  36.222629    12.3798    6.03267     19.898    31.0156    23.4266 0.0000e+00
 144.709606     19.557  36.223292    12.4065    6.03886     19.393    30.9944    23.4052 0.0000e+00
 144.709612     19.007  36.227432    12.4359    6.04623     18.848    30.9743    23.3841 0.0000e+00
 144.709618     18.447  36.233297    12.4522    6.04698     18.292    30.9667    23.3751 0.0000e+00
 144.709624     17.912  36.235836    12.4557    6.04322     17.762    30.9664    23.3742 0.0000e+00
 144.709630     17.412  36.236214    12.4558    6.03812     17.266    30.9669    23.3746 0.0000e+00
 144.709635     16.952  36.237196    12.4592    6.04684     16.810    30.9652    23.3726 0.0000e+00
 144.709641     16.527  36.237865    12.4669    6.06571     16.388    30.9596    23.3669 0.0000e+00
 144.709647     16.120  36.237445    12.4763    6.07298     15.985    30.9517    23.3589 0.0000e+00
 144.709653     15.707  36.236510    12.4890    6.06513     15.575    30.9405    23.3479 0.0000e+00
 144.709659     15.276  36.236073    12.5064    6.05819     15.148    30.9259    23.3333 0.0000e+00
 144.709664     14.826  36.235564    12.5218    6.06544     14.702    30.9130    23.3203 0.0000e+00
 144.709670     14.373  36.233762    12.5296    6.06834     14.253    30.9050    23.3127 0.0000e+00
 144.709676     13.942  36.232209    12.5315    6.07379     13.825    30.9022    23.3101 0.0000e+00
 144.709682     13.534  36.232219    12.5321    6.06626     13.421    30.9018    23.3098 0.0000e+00
 144.709688     13.141  36.231018    12.5359    6.05268     13.031    30.8977    23.3059 0.0000e+00
 144.709693     12.754  36.224775    12.5462    6.04987     12.647    30.8835    23.2929 0.0000e+00
 144.709699     12.366  36.210785    12.5609    6.05416     12.262    30.8584    23.2706 0.0000e+00
 144.709705     11.969  36.193399    12.5751    6.08414     11.869    30.8304    23.2463 0.0000e+00
 144.709711     11.556  36.181415    12.5891    6.09624     11.459    30.8078    23.2261 0.0000e+00
 144.709716     11.122  36.174380    12.6076    6.12463     11.029    30.7862    23.2059 0.0000e+00
 144.709722     10.668  36.168535    12.6311    6.13325     10.579    30.7616    23.1825 0.0000e+00
 144.709728     10.204  36.164318    12.6530    6.15070     10.119    30.7400    23.1615 0.0000e+00
 144.709734      9.749  36.161722    12.6676    6.18599      9.667    30.7258    23.1478 0.0000e+00
 144.709740      9.323  36.158789    12.6737    6.22223      9.245    30.7182    23.1408 0.0000e+00
 144.709745      8.938  36.156102    12.6771    6.24436      8.863    30.7131    23.1361 0.0000e+00
 144.709751      8.587  36.152886    12.6890    6.25993      8.515    30.7005    23.1241 0.0000e+00
 144.709757      8.257  36.139250    12.7212    6.25288      8.188    30.6616    23.0879 0.0000e+00
 144.709763      7.938  36.097572    12.7697    6.25932      7.872    30.5831    23.0179 0.0000e+00
 144.709769      7.637  36.032840    12.8094    6.28950      7.573    30.4903    22.9386 0.0000e+00
 144.709774      7.359  35.983789    12.8297    6.26408      7.297    30.4279    22.8865 0.0000e+00
 144.709780      7.101  35.965772    12.8388    6.26913      7.042    30.4038    22.8660 0.0000e+00
 144.709786      6.853  35.960382    12.8451    6.24641      6.796    30.3938    22.8571 0.0000e+00
 144.709792      6.600  35.950340    12.8563    6.28278      6.545    30.3754    22.8408 0.0000e+00
 144.709797      6.332  35.922820    12.8733    6.39549      6.279    30.3361    22.8071 0.0000e+00
 144.709803      6.055  35.883740    12.8897    6.35628      6.004    30.2864    22.7655 0.0000e+00
 144.709809      5.779  35.853328    12.9053    6.35259      5.731    30.2456    22.7309 0.0000e+00
 144.709815      5.497  35.828045    12.9369    6.28371      5.451    30.1968    22.6872 0.0000e+00
 144.709821      5.206  35.776988    13.0141    6.33291      5.162    30.0878    22.5881 0.0000e+00
 144.709826      4.913  35.638248    13.1213    6.40839      4.872    29.8739    22.4022 0.0000e+00
 144.709832      4.632  35.435407    13.2014    6.44343      4.593    29.6229    22.1928 0.0000e+00
 144.709838      4.372  35.291049    13.2467    6.43761      4.335    29.4540    22.0536 0.0000e+00
 144.709844      4.124  35.223526    13.2950    6.27199      4.090    29.3543    21.9673 0.0000e+00
 144.709850      3.877  35.130487    13.4162    6.05323      3.845    29.1756    21.8059 0.0000e+00
 144.709855      3.628  34.818364    13.6156    5.83245      3.598    28.7381    21.4295 0.0000e+00
 144.709861      3.384  34.354196    13.7933    5.77806      3.356    28.1830    20.9667 0.0000e+00
 144.709867      3.149  34.024427    13.8975    5.71455      3.123    27.8081    20.6573 0.0000e+00
 144.709873      2.921  33.840101    13.9539    5.83875      2.897    27.6009    20.4866 0.0000e+00
 144.709878      2.707  33.711857    13.9923    6.18399      2.684    27.4578    20.3688 0.0000e+00
 144.709884      2.525  33.606039    13.9972    7.02450      2.504    27.3590    20.2917 0.0000e+00
 144.709890      2.378  33.570999    13.9542    7.28446      2.358    27.3580    20.2993 -9.990e-29
 144.709896      2.262  33.629526    13.8930    7.40245      2.243    27.4544    20.3856 -9.990e-29
 144.709902      2.170  33.703290    13.8340    7.46623      2.152    27.5634    20.4810 -9.990e-29
 144.709907      2.099  33.791992    13.7703    7.50557      2.081    27.6896    20.5907 -9.990e-29
 144.709913      2.046  33.895067    13.6954    7.48465      2.029    27.8374    20.7192 -9.990e-29
 144.709919      2.008  33.928545    13.6181    7.47523      1.991    27.9241    20.8010 -9.990e-29
 144.709925      1.989  33.718458    13.5534    7.46663      1.972    27.7796    20.7020 -9.990e-29
 144.709931      1.986  32.788497    13.5059    7.45913      1.969    26.9663    20.0838 -9.990e-29
 144.709936      1.984  29.764171    13.4731    7.45442      1.967    24.2540    17.9992 -9.990e-29
 144.709942      1.979  22.626463    13.4548    7.45456      1.962    17.9576    13.1553 -9.990e-29
 144.709948      1.976  13.364916    13.4461    7.45604      1.959    10.1298     7.1371 -9.990e-29
 144.709954      1.979   7.117322    13.4410   -5.47812      1.962     5.1392     3.2966 -9.990e-29
 144.709959      1.982   4.471833    13.4368  -12.68170      1.965     3.1283     1.7461 -9.990e-29
 144.709965      1.983   3.287800    13.4320  -13.73484      1.966     2.2564     1.0731 -9.990e-29
 144.709971      1.977   2.767527    13.4264  -10.10301      1.960     1.8804     0.7830 -9.990e-29
 144.709977      1.964   2.518347    13.4218 -9.990e-29      1.948     1.7021     0.6456 -9.990e-29
 144.709983      1.951   2.312960    13.4186 -9.990e-29      1.935     1.5560     0.5329 -9.990e-29
 144.709988      1.942   2.123473    13.4145 -9.990e-29      1.926     1.4220     0.4297 -9.990e-29
 144.709994      1.940   1.960945    13.4086 -9.990e-29      1.924     1.3078     0.3420 -9.990e-29
 144.710000      1.946   1.811840    13.4017 -9.990e-29      1.930     1.2035     0.2622 -9.990e-29
 144.710006      1.951   1.684384    13.3947 -9.990e-29      1.935     1.1149     0.1944 -9.990e-29
 144.710012      1.952   1.574584    13.3893 -9.990e-29      1.936     1.0388     0.1361 -9.990e-29
 144.710017      1.947   1.468673    13.3854 -9.990e-29      1.931     0.9657     0.0799 -9.990e-29
 144.710023      1.943   1.408001    13.3837 -9.990e-29      1.927     0.9240     0.0478 -9.990e-29
 144.710029      1.941   1.444290 -9.990e-29 -9.990e-29      1.925 -9.990e-29 -9.990e-29 -9.990e-29
