data/oxygen options/OCNMS/OCNMS2/raw_data/2005/CTD_TH30_081505faed.cnv
* Sea-Bird SBE19 Data File:
* FileName = C:\Hypoxia Data\TH30_081505.hex
* Software Version 1.1.6
* Temperature SN = 2997
* Conductivity SN = 2997
* System UpLoad Time = Aug 15 2005 18:34:38
* SEACAT PROFILER V3.1c SN 2997   08/15/05  18:33:49.573
* strain gauge pressure sensor: S/N = 184829,  range = 3000 psia,  tc = 40
# nquan = 9                                 
# nvalues = 1078                        
# units = specified
# name 0 = timeJ: Julian Days
# name 1 = prSM: Pressure, Strain Gauge [db]
# name 2 = c0mS/cm: Conductivity [mS/cm]
# name 3 = t090C: Temperature [ITS-90, deg C]
# name 4 = oxML/L: Oxygen, Beckman/YSI [ml/l]
# name 5 = depSM: Depth [salt water, m], lat = 47.5
# name 6 = sal00: Salinity, Practical [PSU]
# name 7 = sigma-é00: Density [sigma-theta, kg/m^3]
# name 8 = flag: flag
# span 0 = 227.754491, 227.760723       
# span 1 =     -3.588,     32.875       
# span 2 =   0.271126,  36.637337       
# span 3 =     7.7803,    12.7967       
# span 4 =  -12.70207,   29.84671       
# span 5 =     -3.558,     32.598       
# span 6 =     0.1704,    33.5291       
# span 7 =    -0.4624,    26.1273       
# span 8 = 0.0000e+00, 0.0000e+00       
# interval = seconds: 0.5
# start_time = Aug 15 2005 18:06:28 [Instrument's time stamp, header]
# bad_flag = -9.990e-29
*END*
[from data line 161]
 227.755422      1.248  36.333483    10.8595    6.08170      1.238    32.4315    24.8007 -9.990e-29
 227.755428      1.258  36.333902    10.8601    6.08821      1.247    32.4314    24.8005 -9.990e-29
 227.755434      1.262  36.335096    10.8556    6.10391      1.251    32.4366    24.8053 -9.990e-29
 227.755440      1.265  36.335847    10.8479    6.10629      1.254    32.4441    24.8125 -9.990e-29
 227.755446      1.270  36.336031    10.8421    6.10535      1.259    32.4495    24.8177 -9.990e-29
 227.755451      1.279  36.335890    10.8398    6.10170      1.268    32.4514    24.8195 -9.990e-29
 227.755457      1.292  36.335791    10.8411    6.09443      1.281    32.4501    24.8183 -9.990e-29
 227.755463      1.309  36.335597    10.8450    6.10422      1.298    32.4464    24.8148 -9.990e-29
 227.755469      1.327  36.335044    10.8476    6.10817      1.316    32.4436    24.8121 -9.990e-29
 227.755475      1.344  36.335071    10.8483    6.10368      1.333    32.4430    24.8115 -9.990e-29
 227.755480      1.361  36.335714    10.8502    6.08951      1.350    32.4419    24.8104 -9.990e-29
 227.755486      1.373  36.335581    10.8539    6.06835      1.362    32.4385    24.8071 -9.990e-29
 227.755492      1.383  36.334491    10.8575    6.05929      1.371    32.4342    24.8031 -9.990e-29
 227.755498      1.398  36.333789    10.8578    6.07444      1.386    32.4333    24.8023 -9.990e-29
 227.755503      1.421  36.334219    10.8522    6.08817      1.409    32.4386    24.8075 -9.990e-29
 227.755509      1.444  36.335791    10.8429    6.09903      1.432    32.4484    24.8167 -9.990e-29
 227.755515      1.459  36.337795    10.8364    6.09339      1.447    32.4562    24.8239 -9.990e-29
 227.755521      1.465  36.338410    10.8356    6.08626      1.453    32.4575    24.8251 -9.990e-29
 227.755527      1.464  36.337326    10.8380    6.09221      1.452    32.4543    24.8221 -9.990e-29
 227.755532      1.463  36.335899    10.8403    6.08952      1.451    32.4508    24.8190 -9.990e-29
 227.755538      1.463  36.335026    10.8416    6.07967      1.451    32.4488    24.8173 -9.990e-29
 227.755544      1.471  36.334661    10.8423    6.07001      1.459    32.4478    24.8164 -9.990e-29
 227.755550      1.482  36.334312    10.8426    6.06254      1.470    32.4472    24.8158 -9.990e-29
 227.755556      1.492  36.334073    10.8426    6.07797      1.480    32.4470    24.8156 -9.990e-29
 227.755561      1.503  36.334181    10.8420    6.08191      1.490    32.4476    24.8162 -9.990e-29
 227.755567      1.515  36.334774    10.8413    6.07767      1.502    32.4488    24.8173 -9.990e-29
 227.755573      1.528  36.335519    10.8416    6.06579      1.515    32.4493    24.8176 -9.990e-29
 227.755579      1.544  36.335720    10.8428    6.06466      1.531    32.4484    24.8167 -9.990e-29
 227.755584      1.564  36.335643    10.8428    6.06619      1.551    32.4483    24.8167 -9.990e-29
 227.755590      1.588  36.335743    10.8405    6.07365      1.575    32.4505    24.8187 -9.990e-29
 227.755596      1.615  36.336147    10.8380    6.07794      1.602    32.4531    24.8212 -9.990e-29
 227.755602      1.637  36.336831    10.8385    6.06620      1.623    32.4533    24.8213 -9.990e-29
 227.755608      1.651  36.337017    10.8415    6.06546      1.637    32.4508    24.8188 -9.990e-29
 227.755613      1.659  36.336389    10.8438    6.05913      1.645    32.4481    24.8163 -9.990e-29
 227.755619      1.664  36.335786    10.8433    6.07213      1.650    32.4480    24.8163 -9.990e-29
 227.755625      1.673  36.335525    10.8407    6.07408      1.659    32.4500    24.8183 -9.990e-29
 227.755631      1.680  36.335814    10.8392    6.06045      1.666    32.4516    24.8199 -9.990e-29
 227.755637      1.683  36.336473    10.8416    6.04791      1.669    32.4502    24.8183 -9.990e-29
 227.755642      1.680  36.336132    10.8467    6.04820      1.666    32.4453    24.8136 -9.990e-29
 227.755648      1.678  36.334892    10.8498    6.05960      1.664    32.4413    24.8100 -9.990e-29
 227.755654      1.683  36.334461    10.8472    6.07483      1.669    32.4432    24.8119 -9.990e-29
 227.755660      1.696  36.335385    10.8406    6.06393      1.682    32.4500    24.8183 -9.990e-29
 227.755666      1.710  36.336649    10.8363    6.05682      1.696    32.4550    24.8230 -9.990e-29
 227.755671      1.721  36.337129    10.8374    6.05179      1.707    32.4545    24.8224 -9.990e-29
 227.755677      1.729  36.336338    10.8402    6.06405      1.715    32.4512    24.8194 -9.990e-29
 227.755683      1.736  36.335458    10.8397    6.06153      1.722    32.4508    24.8191 -9.990e-29
 227.755689      1.741  36.336115    10.8364    6.05900      1.726    32.4544    24.8225 -9.990e-29
 227.755694      1.746  36.337500    10.8354    6.05375      1.731    32.4567    24.8244 -9.990e-29
 227.755700      1.750  36.337530    10.8380    6.05648      1.735    32.4544    24.8222 -9.990e-29
 227.755706      1.754  36.336240    10.8396    6.07130      1.739    32.4517    24.8198 -9.990e-29
 227.755712      1.757  36.335831    10.8379    6.07203      1.742    32.4528    24.8210 -9.990e-29
 227.755718      1.761  36.336878    10.8369    6.05463      1.746    32.4547    24.8227 -9.990e-29
 227.755723      1.765  36.337407    10.8403    6.04618      1.750    32.4522    24.8201 -9.990e-29
 227.755729      1.769  36.336436    10.8464    6.03802      1.754    32.4458    24.8141 -9.990e-29
 227.755735      1.775  36.335470    10.8501    6.05183      1.760    32.4416    24.8101 -9.990e-29
 227.755741      1.781  36.335459    10.8476    6.05217      1.766    32.4438    24.8123 -9.990e-29
 227.755747      1.790  36.336386    10.8408    6.05091      1.775    32.4507    24.8189 -9.990e-29
 227.755752      1.800  36.337803    10.8355    6.05042      1.785    32.4568    24.8246 -9.990e-29
 227.755758      1.813  36.338230    10.8339    6.05350      1.798    32.4587    24.8263 -9.990e-29
 227.755764      1.825  36.337670    10.8349    6.05377      1.810    32.4572    24.8250 -9.990e-29
 227.755770      1.834  36.337052    10.8366    6.04692      1.819    32.4551    24.8230 -9.990e-29
 227.755775      1.838  36.336670    10.8382    6.04458      1.823    32.4533    24.8213 -9.990e-29
 227.755781      1.840  36.336573    10.8397    6.03209      1.825    32.4519    24.8200 -9.990e-29
 227.755787      1.842  36.336625    10.8404    6.05012      1.827    32.4513    24.8194 -9.990e-29
 227.755793      1.850  36.336892    10.8404    6.05228      1.835    32.4516    24.8196 -9.990e-29
 227.755799      1.860  36.337166    10.8406    6.04763      1.844    32.4517    24.8196 -9.990e-29
 227.755804      1.863  36.337248    10.8417    6.03766      1.847    32.4508    24.8188 -9.990e-29
 227.755810      1.860  36.337243    10.8434    6.03379      1.844    32.4493    24.8173 -9.990e-29
 227.755816      1.860  36.337141    10.8441    6.03724      1.844    32.4485    24.8166 -9.990e-29
 227.755822      1.866  36.336802    10.8430    6.04355      1.850    32.4492    24.8173 -9.990e-29
 227.755828      1.880  36.336330    10.8419    6.05383      1.864    32.4497    24.8179 -9.990e-29
 227.755833      1.896  36.336213    10.8420    6.04022      1.880    32.4495    24.8177 -9.990e-29
 227.755839      1.909  36.336291    10.8426    6.03801      1.893    32.4490    24.8172 -9.990e-29
 227.755845      1.919  36.336102    10.8425    6.03704      1.903    32.4489    24.8172 -9.990e-29
 227.755851      1.935  36.335952    10.8413    6.03719      1.919    32.4498    24.8181 -9.990e-29
 227.755856      1.958  36.336197    10.8400    6.04287      1.942    32.4512    24.8194 -9.990e-29
 227.755862      1.977  36.336600    10.8406    6.03794      1.960    32.4510    24.8192 -9.990e-29
 227.755868      1.984  36.336570    10.8430    6.03048      1.967    32.4489    24.8171 -9.990e-29
 227.755874      1.984  36.336061    10.8451    6.02928      1.967    32.4465    24.8149 -9.990e-29
 227.755880      1.986  36.335513    10.8458    6.03054      1.969    32.4454    24.8138 -9.990e-29
 227.755885      1.999  36.335313    10.8452    6.03473      1.982    32.4457    24.8142 -9.990e-29
 227.755891      2.022  36.335753    10.8435    6.03860      2.005    32.4476    24.8160 -9.990e-29
 227.755897      2.050  36.336295    10.8417    6.04383      2.033    32.4497    24.8180 -9.990e-29
 227.755903      2.075  36.336535    10.8401    6.03267      2.058    32.4514    24.8195 -9.990e-29
 227.755909      2.090  36.336976    10.8387    6.02943      2.073    32.4531    24.8211 -9.990e-29
 227.755914      2.093  36.337640    10.8376    6.04163      2.076    32.4547    24.8225 -9.990e-29
 227.755920      2.087  36.337913    10.8368    6.04391      2.070    32.4557    24.8234 -9.990e-29
 227.755926      2.080  36.337596    10.8363    6.03701      2.063    32.4558    24.8236 -9.990e-29
 227.755932      2.077  36.337009    10.8362    6.03215      2.060    32.4553    24.8233 -9.990e-29
 227.755937      2.078  36.336489    10.8363    6.02302      2.061    32.4547    24.8228 -9.990e-29
 227.755943      2.081  36.336462    10.8366    6.02946      2.064    32.4544    24.8225 -9.990e-29
 227.755949      2.088  36.336886    10.8368    6.03746      2.071    32.4547    24.8226 -9.990e-29
 227.755955      2.095  36.337204    10.8374    6.03122      2.078    32.4544    24.8224 -9.990e-29
 227.755961      2.098  36.337276    10.8391    6.02520      2.080    32.4530    24.8210 -9.990e-29
 227.755966      2.102  36.337196    10.8412    6.01612      2.084    32.4511    24.8191 -9.990e-29
 227.755972      2.110  36.336853    10.8426    6.02221      2.092    32.4495    24.8176 -9.990e-29
 227.755978      2.124  36.336349    10.8420    6.03907      2.106    32.4495    24.8177 -9.990e-29
 227.755984      2.143  36.336132    10.8388    6.04026      2.125    32.4521    24.8203 -9.990e-29
 227.755990      2.167  36.336471    10.8346    6.03318      2.149    32.4562    24.8242 -9.990e-29
 227.755995      2.186  36.337253    10.8321    6.03418      2.168    32.4591    24.8270 -9.990e-29
 227.756001      2.199  36.337832    10.8316    6.03307      2.181    32.4602    24.8278 -9.990e-29
 227.756007      2.205  36.337855    10.8315    6.03649      2.187    32.4603    24.8279 -9.990e-29
 227.756013      2.206  36.337912    10.8315    6.03805      2.188    32.4603    24.8280 -9.990e-29
 227.756019      2.201  36.338076    10.8320    6.02914      2.183    32.4600    24.8277 -9.990e-29
 227.756024      2.190  36.338002    10.8341    6.02898      2.172    32.4581    24.8258 -9.990e-29
 227.756030      2.177  36.337586    10.8377    6.03300      2.159    32.4545    24.8224 -9.990e-29
 227.756036      2.169  36.336833    10.8399    6.03570      2.151    32.4518    24.8199 -9.990e-29
 227.756042      2.170  36.336419    10.8379    6.03895      2.152    32.4532    24.8213 -9.990e-29
 227.756047      2.181  36.336913    10.8338    6.03130      2.163    32.4573    24.8252 -9.990e-29
 227.756053      2.197  36.337849    10.8317    6.02289      2.179    32.4601    24.8278 -9.990e-29
 227.756059      2.211  36.338229    10.8319    6.02783      2.193    32.4603    24.8279 -9.990e-29
 227.756065      2.220  36.337994    10.8323    6.02997      2.201    32.4597    24.8273 -9.990e-29
 227.756071      2.225  36.337948    10.8327    6.03552      2.206    32.4593    24.8270 -9.990e-29
 227.756076      2.225  36.338027    10.8340    6.02903      2.206    32.4582    24.8259 -9.990e-29
 227.756082      2.221  36.337774    10.8358    6.02045      2.202    32.4564    24.8242 -9.990e-29
 227.756088      2.216  36.337408    10.8367    6.01883      2.197    32.4552    24.8231 -9.990e-29
 227.756094      2.219  36.336999    10.8362    6.01503      2.200    32.4552    24.8232 -9.990e-29
 227.756100      2.231  36.336563    10.8346    6.02437      2.212    32.4562    24.8243 -9.990e-29
 227.756105      2.242  36.336635    10.8321    6.02795      2.223    32.4585    24.8265 -9.990e-29
 227.756111      2.250  36.337309    10.8292    6.03103      2.231    32.4617    24.8295 -9.990e-29
 227.756117      2.256  36.338359    10.8265    6.03236      2.237    32.4652    24.8326 -9.990e-29
 227.756123      2.259  36.339499    10.8249    6.03479      2.240    32.4677    24.8349 -9.990e-29
 227.756128      2.260  36.340000    10.8244    6.03424      2.241    32.4687    24.8357 -9.990e-29
 227.756134      2.263  36.339967    10.8244    6.02147      2.244    32.4686    24.8357 -9.990e-29
 227.756140      2.273  36.339915    10.8248    6.02355      2.254    32.4682    24.8353 -9.990e-29
 227.756146      2.285  36.339772    10.8246    6.02481      2.266    32.4683    24.8354 -9.990e-29
 227.756152      2.297  36.339903    10.8227    6.03006      2.278    32.4701    24.8371 -9.990e-29
 227.756157      2.309  36.340482    10.8199    6.05171      2.290    32.4731    24.8400 -9.990e-29
 227.756163      2.322  36.341154    10.8189    6.04976      2.303    32.4747    24.8414 -9.990e-29
 227.756169      2.337  36.341693    10.8214    6.03916      2.317    32.4730    24.8396 -9.990e-29
 227.756175      2.351  36.341692    10.8278    6.02039      2.331    32.4673    24.8341 -9.990e-29
 227.756181      2.359  36.341145    10.8365    6.01790      2.339    32.4590    24.8261 -9.990e-29
 227.756186      2.368  36.341001    10.8431    6.02127      2.348    32.4530    24.8203 -9.990e-29
 227.756192      2.381  36.341630    10.8427    6.03604      2.361    32.4540    24.8211 -9.990e-29
 227.756198      2.400  36.342187    10.8368    6.03919      2.380    32.4598    24.8266 -9.990e-29
 227.756204      2.421  36.342290    10.8330    6.02997      2.401    32.4632    24.8300 -9.990e-29
 227.756209      2.438  36.342075    10.8352    6.01684      2.418    32.4611    24.8279 -9.990e-29
 227.756215      2.446  36.341808    10.8388    6.00677      2.426    32.4576    24.8246 -9.990e-29
 227.756221      2.452  36.341693    10.8369    6.01951      2.432    32.4592    24.8262 -9.990e-29
 227.756227      2.459  36.341572    10.8291    6.03270      2.438    32.4660    24.8328 -9.990e-29
 227.756233      2.464  36.341844    10.8220    6.03954      2.443    32.4725    24.8392 -9.990e-29
 227.756238      2.462  36.342308    10.8213    6.03326      2.441    32.4736    24.8401 -9.990e-29
 227.756244      2.454  36.341893    10.8252    6.02555      2.434    32.4698    24.8364 -9.990e-29
 227.756250      2.444  36.340602    10.8290    6.01846      2.424    32.4651    24.8321 -9.990e-29
 227.756256      2.438  36.339515    10.8299    6.01992      2.418    32.4632    24.8305 -9.990e-29
 227.756262      2.442  36.339425    10.8268    6.02629      2.422    32.4659    24.8331 -9.990e-29
 227.756267      2.451  36.340213    10.8222    6.02665      2.431    32.4708    24.8377 -9.990e-29
 227.756273      2.458  36.341243    10.8213    6.02477      2.437    32.4726    24.8393 -9.990e-29
 227.756279      2.457  36.341641    10.8250    6.02449      2.436    32.4697    24.8364 -9.990e-29
 227.756285      2.450  36.341372    10.8289    6.03477      2.430    32.4660    24.8328 -9.990e-29
 227.756291      2.440  36.341196    10.8282    6.04397      2.420    32.4664    24.8333 -9.990e-29
 227.756296      2.436  36.341437    10.8239    6.04419      2.416    32.4705    24.8372 -9.990e-29
 227.756302      2.440  36.341855    10.8209    6.03112      2.420    32.4735    24.8401 -9.990e-29
 227.756308      2.449  36.341881    10.8219    6.01847      2.429    32.4727    24.8393 -9.990e-29
 227.756314      2.455  36.341546    10.8269    6.02108      2.434    32.4679    24.8347 -9.990e-29
 227.756319      2.459  36.341521    10.8317    6.02607      2.438    32.4636    24.8305 -9.990e-29
 227.756325      2.469  36.341771    10.8306    6.02027      2.448    32.4648    24.8317 -9.990e-29
 227.756331      2.486  36.341507    10.8255    6.01140      2.465    32.4691    24.8359 -9.990e-29
 227.756337      2.502  36.340933    10.8204    6.02204      2.481    32.4730    24.8398 -9.990e-29
