data/oxygen options/OCNMS/OCNMS2/raw_data/2005/CTD_TH35_060705faed.cnv
* Sea-Bird SBE19 Data File:
* FileName = C:\hypoxia CTD data\TH35__060705.hex
* Software Version 1.1.5
* Temperature SN = 2997
* Conductivity SN = 2997
* System UpLoad Time = Jun 07 2005 12:34:51
* SEACAT PROFILER V3.1c SN 2997   06/07/05  12:34:03.538
* strain gauge pressure sensor: S/N = 184829,  range = 3000 psia,  tc = 40
# nquan = 9                                 
# nvalues = 596                         
# units = specified
# name 0 = timeJ: Julian Days
# name 1 = prSM: Pressure, Strain Gauge [db]
# name 2 = c0mS/cm: Conductivity [mS/cm]
# name 3 = t090C: Temperature [ITS-90, deg C]
# name 4 = oxML/L: Oxygen, Beckman/YSI [ml/l]
# name 5 = depSM: Depth [salt water, m], lat = 47.5
# name 6 = sal00: Salinity, Practical [PSU]
# name 7 = sigma-é00: Density [sigma-theta, kg/m^3]
# name 8 = flag: flag
# span 0 = 158.432280, 158.435723       
# span 1 =     -3.938,     35.497       
# span 2 =   0.105887,  37.307892       
# span 3 =     9.6590,    14.4581       
# span 4 =  -14.18443,   24.81223       
# span 5 =     -3.905,     35.198       
# span 6 =     0.0653,    32.7027       
# span 7 =    -0.6895,    25.2138       
# span 8 = 0.0000e+00, 0.0000e+00       
# interval = seconds: 0.5
# start_time = Jun 07 2005 10:22:29 [Instrument's time stamp, header]
# bad_flag = -9.990e-29
*END*
[from data line 161]
 158.433212      0.266  37.143674    14.4378    6.80385      0.264    30.2258    22.4117 -9.990e-29
 158.433218      0.267  37.143626    14.4361    6.79250      0.265    30.2271    22.4131 -9.990e-29
 158.433223      0.262  37.143362    14.4354    6.76256      0.260    30.2274    22.4134 -9.990e-29
 158.433229      0.265  37.142530    14.4356    6.79456      0.263    30.2265    22.4127 -9.990e-29
 158.433235      0.284  37.141707    14.4357    6.80274      0.282    30.2256    22.4120 -9.990e-29
 158.433241      0.312  37.142042    14.4353    6.79311      0.309    30.2262    22.4126 -9.990e-29
 158.433247      0.334  37.142864    14.4349    6.78714      0.331    30.2273    22.4135 -9.990e-29
 158.433252      0.337  37.142464    14.4346    6.77665      0.334    30.2272    22.4134 -9.990e-29
 158.433258      0.328  37.139191    14.4332    6.79979      0.325    30.2253    22.4123 -9.990e-29
 158.433264      0.317  37.137095    14.4301    6.80793      0.314    30.2258    22.4133 -9.990e-29
 158.433270      0.304  37.141235    14.4269    6.80043      0.301    30.2321    22.4188 -9.990e-29
 158.433275      0.284  37.145919    14.4258    6.79757      0.282    30.2372    22.4230 -9.990e-29
 158.433281      0.256  37.147300    14.4274    6.79382      0.254    30.2372    22.4226 -9.990e-29
 158.433287      0.223  37.147783    14.4299    6.76419      0.221    30.2357    22.4210 -9.990e-29
 158.433293      0.190  37.147453    14.4313    6.75902      0.188    30.2343    22.4196 -9.990e-29
 158.433299      0.159  37.146997    14.4316    6.73055      0.158    30.2337    22.4191 -9.990e-29
 158.433304      0.130  37.147492    14.4319    6.67620      0.129    30.2339    22.4192 -9.990e-29
 158.433310      0.104  37.148480    14.4324    6.61880      0.103    30.2344    22.4195 -9.990e-29
 158.433316      0.088  37.149039    14.4327    6.55427      0.087    30.2347    22.4196 -9.990e-29
 158.433322      0.082  37.149356    14.4334    6.52954      0.081    30.2344    22.4193 -9.990e-29
 158.433328      0.076  37.149857    14.4353    6.54629      0.075    30.2334    22.4181 -9.990e-29
 158.433333      0.069  37.150090    14.4375    6.56602      0.068    30.2319    22.4165 -9.990e-29
 158.433339      0.071  37.149809    14.4384    6.59089      0.070    30.2309    22.4156 -9.990e-29
 158.433345      0.085  37.148080    14.4378    6.60928      0.084    30.2298    22.4148 -9.990e-29
 158.433351      0.108  37.144846    14.4370    6.62451      0.107    30.2275    22.4132 -9.990e-29
 158.433356      0.132  37.144210    14.4360    6.63897      0.131    30.2277    22.4136 -9.990e-29
 158.433362      0.157  37.147568    14.4348    6.65267      0.156    30.2317    22.4169 -9.990e-29
 158.433368      0.177  37.150429    14.4342    6.64865      0.176    30.2347    22.4194 -9.990e-29
 158.433374      0.191  37.150440    14.4345    6.64392      0.189    30.2345    22.4191 -9.990e-29
 158.433380      0.204  37.148740    14.4348    6.65778      0.202    30.2327    22.4177 -9.990e-29
 158.433385      0.221  37.147551    14.4347    6.63734      0.219    30.2317    22.4169 -9.990e-29
 158.433391      0.242  37.147533    14.4345    6.63280      0.240    30.2319    22.4171 -9.990e-29
 158.433397      0.265  37.147543    14.4345    6.63166      0.263    30.2319    22.4171 -9.990e-29
 158.433403      0.283  37.147037    14.4347    6.62695      0.281    30.2312    22.4166 -9.990e-29
 158.433409      0.293  37.145905    14.4348    6.63273      0.291    30.2301    22.4157 -9.990e-29
 158.433414      0.296  37.143760    14.4348    6.62047      0.294    30.2282    22.4142 -9.990e-29
 158.433420      0.291  37.139428    14.4347    6.61735      0.289    30.2244    22.4113 -9.990e-29
 158.433426      0.282  37.129940    14.4347    6.61196      0.280    30.2158    22.4046 -9.990e-29
 158.433432      0.274  37.105452    14.4349    6.62134      0.272    30.1935    22.3874 -9.990e-29
 158.433438      0.265  37.032755    14.4351    6.61980      0.263    30.1276    22.3366 -9.990e-29
 158.433443      0.256  36.978099    14.4351    6.63434      0.254    30.0782    22.2986 -9.990e-29
 158.433449      0.245  37.034031    14.4346    6.61245      0.243    30.1291    22.3379 -9.990e-29
 158.433455      0.236  37.108030    14.4332    6.48684      0.234    30.1971    22.3906 -9.990e-29
 158.433461      0.233  37.131661    14.4320    6.35901      0.231    30.2195    22.4080 -9.990e-29
 158.433466      0.231  37.139801    14.4330    6.27236      0.229    30.2260    22.4129 -9.990e-29
 158.433472      0.226  37.144425    14.4367    6.20314      0.224    30.2273    22.4131 -9.990e-29
 158.433478      0.218  37.147777    14.4417    6.18907      0.216    30.2265    22.4114 -9.990e-29
 158.433484      0.210  37.150965    14.4463    6.14277      0.208    30.2258    22.4100 -9.990e-29
 158.433490      0.211  37.153756    14.4490    5.99896      0.209    30.2262    22.4097 -9.990e-29
 158.433495      0.224  37.154830    14.4495    5.91439      0.222    30.2268    22.4101 -9.990e-29
 158.433501      0.251  37.154501    14.4489    5.91230      0.249    30.2269    22.4103 -9.990e-29
 158.433507      0.289  37.154015    14.4486    5.99006      0.287    30.2267    22.4102 -9.990e-29
 158.433513      0.332  37.153850    14.4502    6.10561      0.329    30.2253    22.4088 -9.990e-29
 158.433519      0.374  37.153785    14.4540    6.12901      0.371    30.2223    22.4057 -9.990e-29
 158.433524      0.413  37.153736    14.4576    6.10704      0.410    30.2194    22.4027 -9.990e-29
 158.433530      0.452  37.153641    14.4581    6.05485      0.448    30.2189    22.4023 -9.990e-29
 158.433536      0.499  37.153938    14.4558    5.99934      0.495    30.2210    22.4043 -9.990e-29
 158.433542      0.559  37.155026    14.4525    5.96230      0.554    30.2245    22.4077 -9.990e-29
 158.433547      0.628  37.156679    14.4477    5.94026      0.623    30.2297    22.4127 -9.990e-29
 158.433553      0.699  37.157735    14.4421    5.93964      0.693    30.2350    22.4179 -9.990e-29
 158.433559      0.766  37.156803    14.4377    5.94068      0.760    30.2376    22.4208 -9.990e-29
 158.433565      0.821  37.153762    14.4351    5.93045      0.814    30.2368    22.4208 -9.990e-29
 158.433571      0.860  37.149043    14.4351    5.91185      0.853    30.2325    22.4175 -9.990e-29
 158.433576      0.888  37.144206    14.4366    5.89658      0.881    30.2270    22.4129 -9.990e-29
 158.433582      0.917  37.141216    14.4382    5.91705      0.909    30.2230    22.4095 -9.990e-29
 158.433588      0.948  37.140017    14.4397    5.96399      0.940    30.2207    22.4075 -9.990e-29
 158.433594      0.974  37.139013    14.4415    6.00350      0.966    30.2184    22.4053 -9.990e-29
 158.433600      0.993  37.136868    14.4435    6.01486      0.985    30.2149    22.4022 -9.990e-29
 158.433605      1.007  37.134089    14.4461    5.98784      0.999    30.2104    22.3982 -9.990e-29
 158.433611      1.020  37.132581    14.4483    5.94753      1.011    30.2073    22.3953 -9.990e-29
 158.433617      1.032  37.133699    14.4483    5.92733      1.023    30.2083    22.3961 -9.990e-29
 158.433623      1.038  37.136135    14.4465    5.94442      1.029    30.2119    22.3993 -9.990e-29
 158.433628      1.031  37.136411    14.4449    5.99284      1.022    30.2134    22.4007 -9.990e-29
 158.433634      1.022  37.133774    14.4441    6.04767      1.013    30.2116    22.3996 -9.990e-29
 158.433640      1.021  37.130883    14.4440    6.09314      1.012    30.2091    22.3976 -9.990e-29
 158.433646      1.033  37.129492    14.4444    6.11353      1.024    30.2075    22.3963 -9.990e-29
 158.433652      1.059  37.129434    14.4446    6.11512      1.050    30.2073    22.3961 -9.990e-29
 158.433657      1.092  37.130073    14.4434    6.10587      1.083    30.2088    22.3975 -9.990e-29
 158.433663      1.116  37.130581    14.4409    6.11152      1.107    30.2112    22.3999 -9.990e-29
 158.433669      1.126  37.129954    14.4397    6.12642      1.117    30.2116    22.4004 -9.990e-29
 158.433675      1.129  37.128478    14.4408    6.14672      1.120    30.2094    22.3985 -9.990e-29
 158.433681      1.136  37.128115    14.4419    6.14861      1.127    30.2082    22.3974 -9.990e-29
 158.433686      1.145  37.129505    14.4412    6.13959      1.135    30.2100    22.3989 -9.990e-29
 158.433692      1.159  37.130580    14.4392    6.12847      1.149    30.2125    22.4012 -9.990e-29
 158.433698      1.172  37.129785    14.4369    6.13674      1.162    30.2136    22.4025 -9.990e-29
 158.433704      1.183  37.127741    14.4356    6.16198      1.173    30.2128    22.4022 -9.990e-29
 158.433709      1.192  37.125463    14.4369    6.18947      1.182    30.2097    22.3995 -9.990e-29
 158.433715      1.199  37.123836    14.4411    6.22766      1.189    30.2049    22.3950 -9.990e-29
 158.433721      1.205  37.123867    14.4464    6.23639      1.195    30.2008    22.3908 -9.990e-29
 158.433727      1.209  37.126157    14.4503    6.23919      1.199    30.1999    22.3892 -9.990e-29
 158.433733      1.213  37.129833    14.4516    6.23263      1.203    30.2022    22.3907 -9.990e-29
 158.433738      1.217  37.132506    14.4514    6.22498      1.207    30.2047    22.3927 -9.990e-29
 158.433744      1.221  37.133253    14.4508    6.21136      1.211    30.2059    22.3937 -9.990e-29
 158.433750      1.224  37.133069    14.4498    6.19440      1.214    30.2065    22.3944 -9.990e-29
 158.433756      1.229  37.131708    14.4488    6.18600      1.219    30.2060    22.3943 -9.990e-29
 158.433762      1.229  37.129035    14.4487    6.17929      1.219    30.2037    22.3925 -9.990e-29
 158.433767      1.221  37.127651    14.4491    6.18429      1.211    30.2021    22.3912 -9.990e-29
 158.433773      1.214  37.128514    14.4493    6.20228      1.204    30.2028    22.3917 -9.990e-29
 158.433779      1.215  37.129408    14.4492    6.21679      1.205    30.2037    22.3924 -9.990e-29
 158.433785      1.220  37.129282    14.4485    6.22777      1.210    30.2041    22.3928 -9.990e-29
 158.433791      1.225  37.128525    14.4481    6.24079      1.215    30.2037    22.3926 -9.990e-29
 158.433796      1.230  37.127810    14.4489    6.25477      1.220    30.2024    22.3915 -9.990e-29
 158.433802      1.236  37.127864    14.4504    6.26414      1.226    30.2013    22.3903 -9.990e-29
 158.433808      1.243  37.128759    14.4508    6.27288      1.233    30.2018    22.3906 -9.990e-29
 158.433814      1.252  37.130004    14.4492    6.27939      1.242    30.2042    22.3928 -9.990e-29
 158.433819      1.258  37.131014    14.4467    6.28125      1.247    30.2070    22.3955 -9.990e-29
 158.433825      1.259  37.131453    14.4453    6.27276      1.248    30.2085    22.3969 -9.990e-29
 158.433831      1.258  37.131340    14.4453    6.26841      1.247    30.2084    22.3968 -9.990e-29
 158.433837      1.259  37.131084    14.4454    6.27095      1.248    30.2081    22.3966 -9.990e-29
 158.433843      1.262  37.131465    14.4448    6.29196      1.251    30.2089    22.3973 -9.990e-29
 158.433848      1.269  37.132429    14.4430    6.31664      1.258    30.2112    22.3994 -9.990e-29
 158.433854      1.278  37.133017    14.4409    6.32663      1.267    30.2134    22.4015 -9.990e-29
 158.433860      1.292  37.133451    14.4392    6.31066      1.281    30.2151    22.4032 -9.990e-29
 158.433866      1.305  37.134306    14.4384    6.29449      1.294    30.2165    22.4044 -9.990e-29
 158.433872      1.312  37.135038    14.4387    6.29407      1.301    30.2169    22.4047 -9.990e-29
 158.433877      1.311  37.135499    14.4398    6.30465      1.300    30.2165    22.4041 -9.990e-29
 158.433883      1.312  37.135742    14.4410    6.32220      1.301    30.2157    22.4034 -9.990e-29
 158.433889      1.319  37.135529    14.4416    6.33220      1.308    30.2151    22.4027 -9.990e-29
 158.433895      1.328  37.135137    14.4417    6.33750      1.317    30.2146    22.4024 -9.990e-29
 158.433900      1.331  37.134602    14.4421    6.34457      1.320    30.2138    22.4017 -9.990e-29
 158.433906      1.329  37.133769    14.4431    6.36369      1.318    30.2123    22.4003 -9.990e-29
 158.433912      1.329  37.133208    14.4440    6.36935      1.318    30.2111    22.3992 -9.990e-29
 158.433918      1.336  37.133293    14.4441    6.35366      1.325    30.2111    22.3991 -9.990e-29
 158.433924      1.351  37.133576    14.4430    6.33074      1.340    30.2122    22.4002 -9.990e-29
 158.433929      1.370  37.133311    14.4416    6.31582      1.359    30.2130    22.4012 -9.990e-29
 158.433935      1.385  37.132143    14.4408    6.31661      1.373    30.2126    22.4010 -9.990e-29
 158.433941      1.394  37.130756    14.4413    6.32636      1.382    30.2110    22.3996 -9.990e-29
 158.433947      1.397  37.130100    14.4426    6.32708      1.385    30.2094    22.3981 -9.990e-29
 158.433953      1.395  37.130421    14.4438    6.32305      1.383    30.2087    22.3974 -9.990e-29
 158.433958      1.386  37.131024    14.4445    6.32657      1.374    30.2087    22.3972 -9.990e-29
 158.433964      1.375  37.131590    14.4445    6.32620      1.364    30.2092    22.3976 -9.990e-29
 158.433970      1.370  37.132313    14.4446    6.36515      1.359    30.2098    22.3980 -9.990e-29
 158.433976      1.370  37.132474    14.4453    6.36706      1.359    30.2094    22.3976 -9.990e-29
 158.433981      1.366  37.131725    14.4464    6.36357      1.355    30.2079    22.3962 -9.990e-29
 158.433987      1.355  37.130748    14.4482    6.34622      1.344    30.2056    22.3941 -9.990e-29
 158.433993      1.340  37.130481    14.4503    6.30489      1.329    30.2037    22.3922 -9.990e-29
 158.433999      1.333  37.131126    14.4514    6.28108      1.322    30.2035    22.3917 -9.990e-29
 158.434005      1.342  37.130740    14.4511    6.26885      1.331    30.2033    22.3917 -9.990e-29
 158.434010      1.358  37.127687    14.4503    6.27983      1.347    30.2012    22.3902 -9.990e-29
 158.434016      1.366  37.123503    14.4502    6.31223      1.355    30.1975    22.3874 -9.990e-29
 158.434022      1.357  37.121015    14.4507    6.36180      1.346    30.1948    22.3853 -9.990e-29
 158.434028      1.341  37.121391    14.4513    6.33748      1.330    30.1947    22.3850 -9.990e-29
 158.434034      1.332  37.123450    14.4511    6.33200      1.321    30.1967    22.3866 -9.990e-29
 158.434039      1.343  37.124889    14.4489    6.30496      1.332    30.1998    22.3894 -9.990e-29
 158.434045      1.370  37.123700    14.4454    6.28751      1.359    30.2014    22.3914 -9.990e-29
 158.434051      1.394  37.120541    14.4439    6.28622      1.382    30.1997    22.3904 -9.990e-29
 158.434057      1.403  37.117363    14.4458    6.29434      1.391    30.1953    22.3867 -9.990e-29
 158.434063      1.403  37.112732    14.4487    6.33274      1.391    30.1889    22.3811 -9.990e-29
 158.434068      1.402  37.099349    14.4503    6.36073      1.390    30.1756    22.3705 -9.990e-29
 158.434074      1.408  37.057685    14.4503    6.36893      1.396    30.1379    22.3415 -9.990e-29
 158.434080      1.426  36.932751    14.4491    6.36781      1.414    30.0259    22.2555 -9.990e-29
 158.434086      1.454  36.839451    14.4482    6.36437      1.442    29.9424    22.1913 -9.990e-29
 158.434091      1.483  36.933187    14.4485    6.36492      1.471    30.0268    22.2562 -9.990e-29
 158.434097      1.507  37.058014    14.4496    6.36755      1.494    30.1387    22.3422 -9.990e-29
 158.434103      1.520  37.100001    14.4506    6.38004      1.507    30.1759    22.3707 -9.990e-29
 158.434109      1.518  37.114569    14.4504    6.39296      1.505    30.1892    22.3810 -9.990e-29
 158.434115      1.506  37.119458    14.4486    6.39823      1.493    30.1950    22.3858 -9.990e-29
 158.434120      1.494  37.120064    14.4455    6.39472      1.482    30.1980    22.3888 -9.990e-29
 158.434126      1.492  37.118877    14.4420    6.38412      1.480    30.1996    22.3908 -9.990e-29
