data/oxygen options/OCNMS/OCNMS2/raw_data/2005/CTD_CA30_081505faed.cnv
* Sea-Bird SBE19 Data File:
* FileName = C:\Hypoxia Data\CA30_081505.hex
* Software Version 1.1.6
* Temperature SN = 2997
* Conductivity SN = 2997
* System UpLoad Time = Aug 15 2005 14:39:48
* SEACAT PROFILER V3.1c SN 2997   08/15/05  14:39:04.977
* strain gauge pressure sensor: S/N = 184829,  range = 3000 psia,  tc = 40
# nquan = 9                                 
# nvalues = 580                         
# units = specified
# name 0 = timeJ: Julian Days
# name 1 = prSM: Pressure, Strain Gauge [db]
# name 2 = c0mS/cm: Conductivity [mS/cm]
# name 3 = t090C: Temperature [ITS-90, deg C]
# name 4 = oxML/L: Oxygen, Beckman/YSI [ml/l]
# name 5 = depSM: Depth [salt water, m], lat = 47.5
# name 6 = sal00: Salinity, Practical [PSU]
# name 7 = sigma-é00: Density [sigma-theta, kg/m^3]
# name 8 = flag: flag
# span 0 = 227.525475, 227.528825       
# span 1 =     -3.848,     30.837       
# span 2 =   0.834341,  36.169324       
# span 3 =     7.9422,    12.2814       
# span 4 =   -0.12468,   28.99488       
# span 5 =     -3.816,     30.577       
# span 6 =     0.5505,    33.4073       
# span 7 =    -0.1016,    26.0300       
# span 8 = 0.0000e+00, 0.0000e+00       
# interval = seconds: 0.5
# start_time = Aug 15 2005 12:36:41 [Instrument's time stamp, header]
# bad_flag = -9.990e-29
*END*
[from data line 161]
 227.526406      0.881  36.024599    10.8851    5.31374      0.874    32.1029    24.5404 -9.990e-29
 227.526412      0.885  36.026192    10.8856    5.30834      0.878    32.1040    24.5412 -9.990e-29
 227.526418      0.888  36.024912    10.8890    5.29550      0.881    32.0998    24.5373 -9.990e-29
 227.526424      0.896  36.026336    10.8902    5.28514      0.889    32.1001    24.5374 -9.990e-29
 227.526429      0.910  36.026751    10.8784    5.27911      0.902    32.1109    24.5478 -9.990e-29
 227.526435      0.933  36.017176    10.8590    5.27412      0.925    32.1184    24.5570 -9.990e-29
 227.526441      0.964  36.002780    10.8493    5.28240      0.956    32.1126    24.5542 -9.990e-29
 227.526447      0.987  35.998002    10.8520    5.30271      0.979    32.1055    24.5482 -9.990e-29
 227.526453      0.995  36.001507    10.8596    5.31687      0.987    32.1023    24.5444 -9.990e-29
 227.526458      0.994  36.006186    10.8701    5.32759      0.986    32.0977    24.5390 -9.990e-29
 227.526464      0.987  36.012668    10.8812    5.32402      0.979    32.0944    24.5345 -9.990e-29
 227.526470      0.977  36.020060    10.8895    5.31839      0.969    32.0945    24.5331 -9.990e-29
 227.526476      0.974  36.025319    10.8953    5.32195      0.966    32.0946    24.5322 -9.990e-29
 227.526481      0.977  36.029288    10.9000    5.31986      0.969    32.0944    24.5312 -9.990e-29
 227.526487      0.981  36.033330    10.9022    5.32055      0.973    32.0965    24.5325 -9.990e-29
 227.526493      0.987  36.035543    10.9007    5.31762      0.979    32.1000    24.5355 -9.990e-29
 227.526499      0.995  36.034946    10.8968    5.29941      0.987    32.1028    24.5383 -9.990e-29
 227.526505      1.006  36.032421    10.8922    5.28681      0.998    32.1043    24.5403 -9.990e-29
 227.526510      1.021  36.029082    10.8837    5.27401      1.012    32.1085    24.5450 -9.990e-29
 227.526516      1.040  36.023273    10.8688    5.26836      1.031    32.1158    24.5533 -9.990e-29
 227.526522      1.060  36.013973    10.8536    5.26092      1.051    32.1199    24.5591 -9.990e-29
 227.526528      1.075  36.004473    10.8462    5.24245      1.066    32.1169    24.5581 -9.990e-29
 227.526534      1.080  36.000041    10.8481    5.21821      1.071    32.1109    24.5531 -9.990e-29
 227.526539      1.081  36.003166    10.8462    5.20614      1.072    32.1156    24.5571 -9.990e-29
 227.526545      1.086  36.003994    10.8240    5.20623      1.077    32.1359    24.5768 -9.990e-29
 227.526551      1.099  35.990168    10.7854    5.19849      1.090    32.1561    24.5992 -9.990e-29
 227.526557      1.118  35.965679    10.7545    5.19603      1.109    32.1590    24.6067 -9.990e-29
 227.526563      1.134  35.947766    10.7550    5.18036      1.125    32.1407    24.5924 -9.990e-29
 227.526568      1.145  35.951776    10.7803    5.18718      1.135    32.1225    24.5739 -9.990e-29
 227.526574      1.151  35.970708    10.7919    5.18392      1.141    32.1311    24.5785 -9.990e-29
 227.526580      1.157  35.978220    10.7721    5.18318      1.147    32.1559    24.6013 -9.990e-29
 227.526586      1.168  35.964707    10.7425    5.16867      1.158    32.1685    24.6163 -9.990e-29
 227.526591      1.175  35.945231    10.7302    5.14357      1.165    32.1600    24.6117 -9.990e-29
 227.526597      1.172  35.937542    10.7394    5.12745      1.162    32.1442    24.5979 -9.990e-29
 227.526603      1.165  35.945392    10.7415    5.11567      1.155    32.1502    24.6022 -9.990e-29
 227.526609      1.167  35.947844    10.7156    5.09836      1.157    32.1754    24.6263 -9.990e-29
 227.526615      1.183  35.929668    10.6816    5.08326      1.173    32.1873    24.6414 -9.990e-29
 227.526620      1.210  35.908676    10.6610    5.08403      1.200    32.1845    24.6428 -9.990e-29
 227.526626      1.236  35.899477    10.6577    5.07336      1.226    32.1783    24.6385 -9.990e-29
 227.526632      1.251  35.901007    10.6645    5.08175      1.241    32.1738    24.6338 -9.990e-29
 227.526638      1.254  35.906325    10.6685    5.08987      1.244    32.1756    24.6345 -9.990e-29
 227.526644      1.256  35.906257    10.6650    5.09800      1.246    32.1786    24.6375 -9.990e-29
 227.526649      1.260  35.901270    10.6586    5.11438      1.249    32.1792    24.6391 -9.990e-29
 227.526655      1.266  35.895925    10.6561    5.12039      1.255    32.1761    24.6371 -9.990e-29
 227.526661      1.276  35.893742    10.6598    5.12401      1.265    32.1707    24.6322 -9.990e-29
 227.526667      1.289  35.895729    10.6688    5.13822      1.278    32.1647    24.6260 -9.990e-29
 227.526672      1.307  35.901164    10.6818    5.14438      1.296    32.1587    24.6191 -9.990e-29
 227.526678      1.330  35.909441    10.6939    5.15147      1.319    32.1563    24.6151 -9.990e-29
 227.526684      1.356  35.917013    10.7000    5.15061      1.345    32.1584    24.6157 -9.990e-29
 227.526690      1.378  35.919958    10.7009    5.14458      1.366    32.1605    24.6172 -9.990e-29
 227.526696      1.392  35.919396    10.7034    5.14645      1.380    32.1578    24.6146 -9.990e-29
 227.526701      1.401  35.920740    10.7113    5.16374      1.389    32.1522    24.6089 -9.990e-29
 227.526707      1.408  35.926339    10.7203    5.16099      1.396    32.1498    24.6055 -9.990e-29
 227.526713      1.419  35.932437    10.7233    5.16050      1.407    32.1532    24.6077 -9.990e-29
 227.526719      1.430  35.934269    10.7204    5.16346      1.418    32.1576    24.6116 -9.990e-29
 227.526725      1.437  35.932031    10.7182    5.15634      1.425    32.1573    24.6117 -9.990e-29
 227.526730      1.445  35.930584    10.7199    5.16250      1.433    32.1544    24.6091 -9.990e-29
 227.526736      1.459  35.931918    10.7231    5.16067      1.447    32.1529    24.6074 -9.990e-29
 227.526742      1.475  35.933879    10.7256    5.14715      1.463    32.1526    24.6068 -9.990e-29
 227.526748      1.491  35.935152    10.7270    5.13281      1.479    32.1526    24.6066 -9.990e-29
 227.526753      1.507  35.935748    10.7272    5.12173      1.494    32.1531    24.6069 -9.990e-29
 227.526759      1.524  35.935335    10.7237    5.11054      1.511    32.1557    24.6095 -9.990e-29
 227.526765      1.543  35.932799    10.7113    5.11007      1.530    32.1641    24.6182 -9.990e-29
 227.526771      1.562  35.925313    10.6910    5.12379      1.549    32.1745    24.6298 -9.990e-29
 227.526777      1.573  35.912423    10.6755    5.13672      1.560    32.1753    24.6331 -9.990e-29
 227.526782      1.572  35.902162    10.6756    5.15641      1.559    32.1650    24.6251 -9.990e-29
 227.526788      1.559  35.902707    10.6917    5.16015      1.546    32.1514    24.6117 -9.990e-29
 227.526794      1.538  35.914775    10.7163    5.15267      1.525    32.1418    24.6000 -9.990e-29
 227.526800      1.520  35.932025    10.7358    5.14899      1.507    32.1418    24.5966 -9.990e-29
 227.526806      1.517  35.943817    10.7418    5.15250      1.504    32.1482    24.6006 -9.990e-29
 227.526811      1.528  35.946251    10.7368    5.16132      1.515    32.1550    24.6068 -9.990e-29
 227.526817      1.547  35.942010    10.7276    5.16116      1.534    32.1589    24.6114 -9.990e-29
 227.526823      1.565  35.934965    10.7224    5.17558      1.552    32.1565    24.6104 -9.990e-29
 227.526829      1.575  35.930856    10.7261    5.17997      1.562    32.1491    24.6040 -9.990e-29
 227.526834      1.578  35.933164    10.7357    5.18898      1.565    32.1430    24.5975 -9.990e-29
 227.526840      1.582  35.939354    10.7472    5.19820      1.569    32.1390    24.5925 -9.990e-29
 227.526846      1.592  35.945903    10.7637    5.20178      1.579    32.1310    24.5834 -9.990e-29
 227.526852      1.605  35.955934    10.7823    5.21004      1.592    32.1246    24.5752 -9.990e-29
 227.526858      1.612  35.968240    10.7902    5.22119      1.599    32.1299    24.5780 -9.990e-29
 227.526863      1.615  35.972873    10.7877    5.23339      1.602    32.1367    24.5837 -9.990e-29
 227.526869      1.621  35.970402    10.7861    5.22415      1.607    32.1357    24.5831 -9.990e-29
 227.526875      1.635  35.969306    10.7900    5.22301      1.621    32.1311    24.5789 -9.990e-29
 227.526881      1.659  35.971480    10.7993    5.22371      1.645    32.1251    24.5726 -9.990e-29
 227.526887      1.690  35.976451    10.8114    5.24369      1.676    32.1194    24.5661 -9.990e-29
 227.526892      1.720  35.984115    10.8224    5.25502      1.706    32.1174    24.5626 -9.990e-29
 227.526898      1.745  35.991798    10.8267    5.23998      1.730    32.1212    24.5648 -9.990e-29
 227.526904      1.755  35.994045    10.8239    5.23158      1.740    32.1259    24.5690 -9.990e-29
 227.526910      1.753  35.991055    10.8221    5.22014      1.738    32.1245    24.5682 -9.990e-29
 227.526916      1.746  35.990619    10.8230    5.23447      1.731    32.1233    24.5671 -9.990e-29
 227.526921      1.743  35.992718    10.8219    5.23592      1.728    32.1263    24.5697 -9.990e-29
 227.526927      1.748  35.992308    10.8200    5.22181      1.733    32.1276    24.5710 -9.990e-29
 227.526933      1.756  35.991089    10.8210    5.22504      1.741    32.1255    24.5692 -9.990e-29
 227.526939      1.765  35.991923    10.8242    5.22253      1.750    32.1235    24.5671 -9.990e-29
 227.526944      1.774  35.993685    10.8255    5.24315      1.759    32.1241    24.5673 -9.990e-29
 227.526950      1.784  35.994241    10.8240    5.25065      1.769    32.1260    24.5690 -9.990e-29
 227.526956      1.791  35.993776    10.8241    5.24157      1.776    32.1254    24.5686 -9.990e-29
 227.526962      1.788  35.994480    10.8304    5.22877      1.773    32.1206    24.5637 -9.990e-29
 227.526968      1.774  35.998975    10.8402    5.21974      1.759    32.1165    24.5588 -9.990e-29
 227.526973      1.762  36.005409    10.8445    5.23209      1.747    32.1191    24.5601 -9.990e-29
 227.526979      1.762  36.007226    10.8368    5.22495      1.747    32.1276    24.5681 -9.990e-29
 227.526985      1.776  36.001812    10.8194    5.22321      1.761    32.1375    24.5788 -9.990e-29
 227.526991      1.790  35.990924    10.8065    5.21423      1.775    32.1380    24.5815 -9.990e-29
 227.526997      1.799  35.983596    10.8077    5.21984      1.784    32.1297    24.5748 -9.990e-29
 227.527002      1.806  35.986314    10.8139    5.21651      1.791    32.1270    24.5716 -9.990e-29
 227.527008      1.816  35.990371    10.8170    5.21271      1.801    32.1283    24.5720 -9.990e-29
 227.527014      1.829  35.991089    10.8185    5.21035      1.814    32.1277    24.5713 -9.990e-29
 227.527020      1.848  35.991673    10.8196    5.21140      1.833    32.1273    24.5708 -9.990e-29
 227.527025      1.868  35.992345    10.8169    5.22543      1.852    32.1303    24.5736 -9.990e-29
 227.527031      1.886  35.990641    10.8094    5.22434      1.870    32.1352    24.5787 -9.990e-29
 227.527037      1.900  35.985414    10.8053    5.22270      1.884    32.1336    24.5782 -9.990e-29
 227.527043      1.902  35.982593    10.8110    5.20110      1.886    32.1258    24.5711 -9.990e-29
 227.527049      1.895  35.987389    10.8217    5.19890      1.879    32.1212    24.5657 -9.990e-29
 227.527054      1.894  35.995548    10.8246    5.20025      1.878    32.1267    24.5695 -9.990e-29
 227.527060      1.901  35.998332    10.8124    5.19833      1.885    32.1402    24.5821 -9.990e-29
 227.527066      1.913  35.990490    10.7956    5.19902      1.897    32.1471    24.5904 -9.990e-29
 227.527072      1.922  35.977828    10.7880    5.20234      1.906    32.1412    24.5872 -9.990e-29
 227.527078      1.925  35.971499    10.7906    5.19472      1.909    32.1327    24.5800 -9.990e-29
 227.527083      1.921  35.973714    10.7963    5.19091      1.905    32.1299    24.5769 -9.990e-29
 227.527089      1.915  35.977900    10.7989    5.18166      1.899    32.1317    24.5779 -9.990e-29
 227.527095      1.915  35.978991    10.7957    5.19433      1.899    32.1356    24.5815 -9.990e-29
 227.527101      1.920  35.976204    10.7908    5.19924      1.904    32.1372    24.5835 -9.990e-29
 227.527106      1.923  35.972556    10.7899    5.19752      1.907    32.1343    24.5815 -9.990e-29
 227.527112      1.920  35.972718    10.7922    5.19192      1.904    32.1325    24.5796 -9.990e-29
 227.527118      1.909  35.975227    10.7953    5.19012      1.893    32.1323    24.5789 -9.990e-29
 227.527124      1.896  35.977262    10.7980    5.20156      1.880    32.1319    24.5782 -9.990e-29
 227.527130      1.888  35.978739    10.7983    5.20583      1.872    32.1331    24.5790 -9.990e-29
 227.527135      1.888  35.978269    10.7945    5.19477      1.872    32.1360    24.5819 -9.990e-29
 227.527141      1.896  35.974669    10.7904    5.19424      1.880    32.1360    24.5827 -9.990e-29
 227.527147      1.909  35.972114    10.7914    5.19306      1.893    32.1326    24.5798 -9.990e-29
 227.527153      1.922  35.974489    10.7942    5.20080      1.906    32.1325    24.5793 -9.990e-29
 227.527159      1.938  35.976555    10.7956    5.21222      1.922    32.1333    24.5797 -9.990e-29
 227.527164      1.953  35.976022    10.7979    5.21143      1.937    32.1307    24.5773 -9.990e-29
 227.527170      1.963  35.977231    10.8015    5.19736      1.947    32.1288    24.5751 -9.990e-29
 227.527176      1.969  35.980114    10.8045    5.19661      1.953    32.1290    24.5748 -9.990e-29
 227.527182      1.976  35.981794    10.8065    5.20708      1.959    32.1289    24.5743 -9.990e-29
 227.527188      1.988  35.982272    10.8081    5.21747      1.971    32.1280    24.5733 -9.990e-29
 227.527193      2.002  35.982752    10.8102    5.22842      1.985    32.1266    24.5719 -9.990e-29
 227.527199      2.011  35.983878    10.8144    5.23035      1.994    32.1240    24.5692 -9.990e-29
 227.527205      2.010  35.986594    10.8198    5.22631      1.993    32.1220    24.5667 -9.990e-29
 227.527211      2.004  35.990040    10.8244    5.22963      1.987    32.1214    24.5654 -9.990e-29
 227.527216      2.000  35.992648    10.8286    5.23856      1.983    32.1203    24.5638 -9.990e-29
 227.527222      2.004  35.994537    10.8323    5.24836      1.987    32.1189    24.5621 -9.990e-29
 227.527228      2.011  35.995426    10.8354    5.24904      1.994    32.1171    24.5601 -9.990e-29
 227.527234      2.012  35.995945    10.8395    5.24364      1.995    32.1140    24.5570 -9.990e-29
 227.527240      2.004  35.997912    10.8449    5.23535      1.987    32.1112    24.5539 -9.990e-29
 227.527245      1.995  36.000590    10.8495    5.24022      1.978    32.1098    24.5520 -9.990e-29
 227.527251      1.997  36.002507    10.8506    5.25685      1.980    32.1107    24.5526 -9.990e-29
 227.527257      2.009  36.002862    10.8477    5.26181      1.992    32.1136    24.5553 -9.990e-29
 227.527263      2.025  36.000449    10.8458    5.25768      2.008    32.1129    24.5551 -9.990e-29
 227.527269      2.037  35.998224    10.8497    5.23449      2.020    32.1073    24.5500 -9.990e-29
 227.527274      2.041  36.000510    10.8561    5.23480      2.024    32.1039    24.5463 -9.990e-29
 227.527280      2.042  36.004752    10.8600    5.25111      2.025    32.1047    24.5462 -9.990e-29
 227.527286      2.048  36.006520    10.8565    5.25819      2.031    32.1095    24.5506 -9.990e-29
 227.527292      2.060  36.002009    10.8450    5.24711      2.043    32.1151    24.5570 -9.990e-29
 227.527297      2.065  35.991379    10.8386    5.23991      2.048    32.1102    24.5542 -9.990e-29
 227.527303      2.061  35.986810    10.8437    5.23861      2.044    32.1012    24.5463 -9.990e-29
 227.527309      2.058  35.992301    10.8495    5.24881      2.041    32.1016    24.5456 -9.990e-29
 227.527315      2.066  35.996676    10.8494    5.25917      2.049    32.1060    24.5491 -9.990e-29
 227.527321      2.077  35.995683    10.8471    5.25346      2.060    32.1070    24.5503 -9.990e-29
