data/oxygen options/OCNMS/OCNMS2/raw_data/2005/CTD_CA45_081505faedb.cnv
* Sea-Bird SBE19 Data File:
* FileName = C:\Hypoxia Data\CA45_081505.hex
* Software Version 1.1.6
* Temperature SN = 2997
* Conductivity SN = 2997
* System UpLoad Time = Aug 15 2005 14:42:22
* SEACAT PROFILER V3.1c SN 2997   08/15/05  14:41:37.569
* strain gauge pressure sensor: S/N = 184829,  range = 3000 psia,  tc = 40
# nquan = 9
# nvalues = 43                          
# units = specified
# name 0 = timeJ: Julian Days
# name 1 = prSM: Pressure, Strain Gauge [db]
# name 2 = c0mS/cm: Conductivity [mS/cm]
# name 3 = t090C: Temperature [ITS-90, deg C]
# name 4 = oxML/L: Oxygen, Beckman/YSI [ml/l]
# name 5 = depSM: Depth [salt water, m], lat = 47.5
# name 6 = sal00: Salinity, Practical [PSU]
# name 7 = sigma-é00: Density [sigma-theta, kg/m^3]
# name 8 = flag: flag
# span 0 = 227.543033, 227.543537       
# span 1 =      3.000,     45.000       
# span 2 =  34.467055,  36.527535       
# span 3 =     7.3355,    11.7452       
# span 4 =    2.86114,    5.83842       
# span 5 =      2.975,     44.620       
# span 6 =    31.8489,    33.8198       
# span 7 =    24.1899,    26.4432       
# span 8 = 0.0000e+00, 0.0000e+00       
# interval = decibars: 1                
# start_time = Aug 15 2005 12:58:42 [Instrument's time stamp, header]
# bad_flag = -9.990e-29
*END*
 227.543033      3.000  36.527535    11.7452    5.83842      2.975    31.8489    24.1899 0.0000e+00
 227.543057      4.000  36.422359    11.4190    5.16445      3.966    32.0278    24.3877 0.0000e+00
 227.543072      5.000  36.153676    11.0182    4.64849      4.958    32.1123    24.5245 0.0000e+00
 227.543084      6.000  35.895781    10.6969    4.32352      5.950    32.1381    24.6006 0.0000e+00
 227.543094      7.000  35.660788    10.4144    4.19323      6.941    32.1521    24.6598 0.0000e+00
 227.543105      8.000  35.479001    10.1721    4.10032      7.933    32.1838    24.7252 0.0000e+00
 227.543115      9.000  35.365778    10.0011    3.99850      8.925    32.2212    24.7828 0.0000e+00
 227.543125     10.000  35.336382     9.9024    3.88767      9.916    32.2791    24.8442 0.0000e+00
 227.543136     11.000  35.312497     9.7941    3.67631     10.908    32.3514    24.9185 0.0000e+00
 227.543146     12.000  35.217859     9.5776    3.53251     11.900    32.4496    25.0303 0.0000e+00
 227.543157     13.000  35.093239     9.3823    3.53382     12.891    32.4983    25.0997 0.0000e+00
 227.543167     14.000  35.059070     9.2790    3.54415     13.883    32.5567    25.1618 0.0000e+00
 227.543177     15.000  35.046505     9.2361    3.54992     14.874    32.5824    25.1887 0.0000e+00
 227.543187     16.000  35.048864     9.2152    3.52174     15.866    32.6034    25.2084 0.0000e+00
 227.543197     17.000  35.045391     9.1563    3.44241     16.858    32.6533    25.2567 0.0000e+00
 227.543208     18.000  35.024581     9.0703    3.40831     17.849    32.7103    25.3149 0.0000e+00
 227.543219     19.000  34.975253     8.9219    3.48070     18.841    32.7953    25.4045 0.0000e+00
 227.543229     20.000  34.909407     8.7661    3.59129     19.832    32.8703    25.4873 0.0000e+00
 227.543239     21.000  34.851542     8.6577    3.72025     20.824    32.9099    25.5350 0.0000e+00
 227.543249     22.000  34.821452     8.5909    3.83777     21.815    32.9402    25.5688 0.0000e+00
 227.543258     23.000  34.794296     8.5114    3.92326     22.807    32.9854    25.6163 0.0000e+00
 227.543268     24.000  34.757838     8.4572    3.99423     23.799    32.9973    25.6338 0.0000e+00
 227.543277     25.000  34.743239     8.4334    4.04194     24.790    33.0036    25.6424 0.0000e+00
 227.543288     26.000  34.729613     8.3836    4.05427     25.782    33.0356    25.6749 0.0000e+00
 227.543298     27.000  34.700042     8.3258    3.94966     26.773    33.0581    25.7013 0.0000e+00
 227.543306     28.000  34.682390     8.2785    3.82074     27.764    33.0834    25.7282 0.0000e+00
 227.543316     29.000  34.667418     8.1982    3.74888     28.756    33.1428    25.7868 0.0000e+00
 227.543326     30.000  34.634456     8.0693    3.73709     29.747    33.2294    25.8737 0.0000e+00
 227.543334     31.000  34.590779     7.9691    3.72255     30.739    33.2775    25.9261 0.0000e+00
 227.543344     32.000  34.571498     7.9118    3.73349     31.730    33.3109    25.9607 0.0000e+00
 227.543353     33.000  34.549621     7.7947    3.73497     32.722    33.3989    26.0469 0.0000e+00
 227.543363     34.000  34.512479     7.6758    3.68207     33.713    33.4727    26.1219 0.0000e+00
 227.543373     35.000  34.489574     7.5941    3.58184     34.705    33.5263    26.1757 0.0000e+00
 227.543384     36.000  34.486380     7.5256    3.47518     35.697    33.5885    26.2344 0.0000e+00
 227.543394     37.000  34.476449     7.4458    3.35305     36.688    33.6546    26.2976 0.0000e+00
 227.543405     38.000  34.467055     7.4028    3.19907     37.680    33.6857    26.3283 0.0000e+00
 227.543415     39.000  34.479087     7.3720    3.02236     38.671    33.7283    26.3661 0.0000e+00
 227.543426     40.000  34.506414     7.3454    2.90082     39.662    33.7834    26.4132 0.0000e+00
 227.543437     41.000  34.527900     7.3364    2.86925     40.654    33.8152    26.4394 0.0000e+00
 227.543448     42.000  34.531871     7.3355    2.86114     41.645    33.8198    26.4432 0.0000e+00
 227.543461     43.000  34.531853     7.3364    2.89816     42.636    33.8185    26.4420 0.0000e+00
 227.543479     44.000  34.530992     7.3420    2.92456     43.628    33.8116    26.4358 0.0000e+00
 227.543537     45.000  34.526993     7.3386    2.92061     44.620    33.8101    26.4352 0.0000e+00
