data/oxygen options/OCNMS/OCNMS2/raw_data/2005/CTD_TH70_052405faed.cnv
* Sea-Bird SBE19 Data File:
* FileName = C:\Documents and Settings\kirner.PTANGELES\Desktop\hypoxia CTD data\TH80__052405.hex
* Software Version 1.1.5
* Temperature SN = 2997
* Conductivity SN = 2997
* System UpLoad Time = May 24 2005 18:13:18
* SEACAT PROFILER V3.1c SN 2997   05/24/05  18:12:03.926
* strain gauge pressure sensor: S/N = 184829,  range = 3000 psia,  tc = 40
# nquan = 9                                 
# nvalues = 780                         
# units = specified
# name 0 = timeJ: Julian Days
# name 1 = prSM: Pressure, Strain Gauge [db]
# name 2 = c0mS/cm: Conductivity [mS/cm]
# name 3 = t090C: Temperature [ITS-90, deg C]
# name 4 = oxML/L: Oxygen, Beckman/YSI [ml/l]
# name 5 = depSM: Depth [salt water, m], lat = 47.5
# name 6 = sal00: Salinity, Practical [PSU]
# name 7 = sigma-é00: Density [sigma-theta, kg/m^3]
# name 8 = flag: flag
# span 0 = 144.705521, 144.710029       
# span 1 =     -3.175,     72.613       
# span 2 =   0.685120,  37.062050       
# span 3 =     9.0049,    14.1401       
# span 4 =  -13.73484,   27.58583       
# span 5 =     -3.149,     71.994       
# span 6 =     0.4507,    33.0458       
# span 7 =    -0.1575,    25.5885       
# span 8 = 0.0000e+00, 0.0000e+00       
# interval = seconds: 0.5
# start_time = May 24 2005 16:55:57 [Instrument's time stamp, header]
# bad_flag = -9.990e-29
*END*
[from data line 481]
 144.708304     41.179  36.913971    11.5612    5.64446     40.831    32.3687    24.6277 0.0000e+00
 144.708310     41.698  36.841129    11.4575    5.60617     41.346    32.3880    24.6615 0.0000e+00
 144.708316     42.220  36.760609    11.3616    5.58598     41.863    32.3930    24.6826 0.0000e+00
 144.708322     42.745  36.693445    11.2790    5.58322     42.384    32.3994    24.7024 0.0000e+00
 144.708328     43.263  36.645022    11.2159    5.57227     42.897    32.4070    24.7196 0.0000e+00
 144.708333     43.760  36.607958    11.1796    5.57778     43.390    32.4023    24.7224 0.0000e+00
 144.708339     44.233  36.580656    11.1617    5.58300     43.859    32.3910    24.7168 0.0000e+00
 144.708345     44.692  36.564801    11.1489    5.58899     44.314    32.3864    24.7155 0.0000e+00
 144.708351     45.148  36.556230    11.1336    5.59576     44.766    32.3912    24.7220 0.0000e+00
 144.708356     45.613  36.547421    11.1130    5.59828     45.227    32.4005    24.7329 0.0000e+00
 144.708362     46.096  36.534460    11.0886    5.60265     45.706    32.4090    24.7438 0.0000e+00
 144.708368     46.597  36.517430    11.0612    5.57366     46.203    32.4161    24.7542 0.0000e+00
 144.708374     47.110  36.496589    11.0330    5.50368     46.711    32.4202    24.7624 0.0000e+00
 144.708380     47.620  36.474969    11.0069    5.42193     47.217    32.4217    24.7681 0.0000e+00
 144.708385     48.117  36.456802    10.9809    5.32259     47.710    32.4265    24.7764 0.0000e+00
 144.708391     48.599  36.439709    10.9456    5.23324     48.188    32.4405    24.7936 0.0000e+00
 144.708397     49.066  36.416015    10.8807    5.14835     48.651    32.4743    24.8312 0.0000e+00
 144.708403     49.532  36.370365    10.7693    5.04214     49.113    32.5276    24.8922 0.0000e+00
 144.708409     50.003  36.288415    10.6229    4.92583     49.580    32.5762    24.9553 0.0000e+00
 144.708414     50.472  36.181427    10.4759    4.80216     50.045    32.6004    24.9994 0.0000e+00
 144.708420     50.930  36.078857    10.3647    4.69186     50.499    32.5969    25.0157 0.0000e+00
 144.708426     51.372  36.005946    10.3048    4.59545     50.937    32.5771    25.0104 0.0000e+00
 144.708432     51.797  35.974769    10.2541    4.52201     51.358    32.5911    25.0299 0.0000e+00
 144.708438     52.213  35.948765    10.1525    4.45483     51.771    32.6561    25.0976 0.0000e+00
 144.708443     52.636  35.874737    10.0140    4.37233     52.190    32.7061    25.1598 0.0000e+00
 144.708449     53.065  35.773388     9.8937    4.33119     52.615    32.7120    25.1843 0.0000e+00
 144.708455     53.495  35.692337     9.8092    4.31043     53.042    32.7060    25.1936 0.0000e+00
 144.708461     53.918  35.636727     9.7492    4.32177     53.461    32.7036    25.2016 0.0000e+00
 144.708466     54.332  35.595167     9.7029    4.33894     53.871    32.7031    25.2087 0.0000e+00
 144.708472     54.737  35.561553     9.6672    4.33981     54.273    32.7010    25.2129 0.0000e+00
 144.708478     55.133  35.535331     9.6459    4.34799     54.666    32.6934    25.2105 0.0000e+00
 144.708484     55.520  35.520199     9.6401    4.33549     55.049    32.6830    25.2033 0.0000e+00
 144.708490     55.901  35.517263     9.6383    4.30144     55.427    32.6815    25.2024 0.0000e+00
 144.708495     56.292  35.518661     9.6220    4.25547     55.815    32.6976    25.2176 0.0000e+00
 144.708501     56.709  35.507738     9.5841    4.18600     56.228    32.7207    25.2419 0.0000e+00
 144.708507     57.152  35.477763     9.5311    4.14030     56.667    32.7382    25.2641 0.0000e+00
 144.708513     57.617  35.439769     9.4654    4.08273     57.128    32.7590    25.2909 0.0000e+00
 144.708519     58.093  35.397458     9.3866    4.02794     57.600    32.7874    25.3257 0.0000e+00
 144.708524     58.569  35.347648     9.3046    3.97834     58.072    32.8110    25.3573 0.0000e+00
 144.708530     59.037  35.297901     9.2345    3.93734     58.536    32.8238    25.3785 0.0000e+00
 144.708536     59.492  35.260344     9.1834    3.90422     58.987    32.8318    25.3928 0.0000e+00
 144.708542     59.933  35.239812     9.1499    3.87716     59.424    32.8412    25.4055 0.0000e+00
 144.708547     60.359  35.235250     9.1296    3.85475     59.846    32.8550    25.4195 0.0000e+00
 144.708553     60.757  35.242230     9.1213    3.85323     60.241    32.8697    25.4323 0.0000e+00
 144.708559     61.124  35.251533     9.1257    3.83002     60.605    32.8751    25.4358 0.0000e+00
 144.708565     61.474  35.255359     9.1327    3.80866     60.952    32.8725    25.4327 0.0000e+00
 144.708571     61.829  35.257108     9.1224    3.75528     61.304    32.8836    25.4430 0.0000e+00
 144.708576     62.204  35.265263     9.0923    3.70851     61.676    32.9197    25.4760 0.0000e+00
 144.708582     62.600  35.279471     9.0614    3.67581     62.068    32.9629    25.5146 0.0000e+00
 144.708588     63.018  35.292868     9.0421    3.64334     62.483    32.9945    25.5424 0.0000e+00
 144.708594     63.450  35.301425     9.0324    3.63827     62.911    33.0122    25.5577 0.0000e+00
 144.708600     63.881  35.305871     9.0277    3.62139     63.338    33.0209    25.5654 0.0000e+00
 144.708605     64.303  35.307628     9.0249    3.62300     63.756    33.0252    25.5691 0.0000e+00
 144.708611     64.723  35.307898     9.0225    3.61758     64.173    33.0275    25.5713 0.0000e+00
 144.708617     65.146  35.308144     9.0200    3.61589     64.592    33.0299    25.5736 0.0000e+00
 144.708623     65.577  35.308673     9.0173    3.61587     65.019    33.0327    25.5763 0.0000e+00
 144.708628     66.027  35.309051     9.0150    3.62316     65.465    33.0351    25.5784 0.0000e+00
 144.708634     66.493  35.309202     9.0136    3.61821     65.927    33.0363    25.5796 0.0000e+00
 144.708640     66.965  35.309311     9.0130    3.61202     66.395    33.0368    25.5801 0.0000e+00
 144.708646     67.423  35.309500     9.0131    3.61095     66.849    33.0367    25.5800 0.0000e+00
 144.708652     67.851  35.310002     9.0137    3.62117     67.274    33.0364    25.5797 0.0000e+00
 144.708657     68.237  35.310906     9.0149    3.62548     67.656    33.0361    25.5793 0.0000e+00
 144.708663     68.572  35.312276     9.0166    3.62291     67.988    33.0358    25.5788 0.0000e+00
 144.708669     68.856  35.313677     9.0181    3.63311     68.270    33.0357    25.5785 0.0000e+00
 144.708675     69.107  35.313594     9.0183    3.62597     68.519    33.0353    25.5782 0.0000e+00
 144.708681     69.353  35.311899     9.0172    3.62586     68.763    33.0345    25.5777 0.0000e+00
 144.708686     69.618  35.310242     9.0152    3.61672     69.025    33.0345    25.5780 0.0000e+00
 144.708692     69.911  35.309201     9.0131    3.61374     69.316    33.0352    25.5789 0.0000e+00
 144.708698     70.230  35.308491     9.0115    3.60820     69.632    33.0358    25.5797 0.0000e+00
 144.708704     70.563  35.308270     9.0101    3.59901     69.962    33.0368    25.5806 0.0000e+00
 144.708709     70.900  35.308782     9.0084    3.59525     70.296    33.0387    25.5824 0.0000e+00
 144.708715     71.227  35.310130     9.0068    3.58361     70.620    33.0414    25.5848 0.0000e+00
 144.708721     71.529  35.311851     9.0056    3.58368     70.920    33.0442    25.5872 0.0000e+00
 144.708727     71.798  35.312854     9.0049    3.58382     71.186    33.0458    25.5885 0.0000e+00
 144.708733     72.024  35.312777     9.0049    3.58164     71.410    33.0456    25.5884 0.0000e+00
 144.708738     72.205  35.312619     9.0058    3.58170     71.590    33.0445    25.5874 0.0000e+00
 144.708744     72.347  35.312713     9.0071    3.58542     71.731    33.0433    25.5863 -9.990e-29
 144.708750     72.456  35.312046     9.0085    3.59651     71.839    33.0413    25.5844 -9.990e-29
 144.708756     72.534  35.310831     9.0095    3.60249     71.916    33.0391    25.5826 -9.990e-29
 144.708762     72.587  35.310237     9.0101    3.59245     71.969    33.0379    25.5815 -9.990e-29
 144.708767     72.613  35.310574     9.0104    3.58778     71.994    33.0379    25.5815 -9.990e-29
 144.708773     72.609  35.311153     9.0102    3.57873     71.990    33.0387    25.5822 -9.990e-29
 144.708779     72.580  35.311047     9.0094    3.58735     71.962    33.0394    25.5828 -9.990e-29
 144.708785     72.529  35.310659     9.0085    3.58201     71.911    33.0398    25.5833 -9.990e-29
 144.708791     72.451  35.310576     9.0079    3.56739     71.834    33.0403    25.5838 -9.990e-29
 144.708796     72.342  35.310672     9.0079    3.57156     71.726    33.0405    25.5839 -9.990e-29
 144.708802     72.200  35.311056     9.0085    3.57364     71.585    33.0404    25.5837 0.0000e+00
 144.708808     72.031  35.311663     9.0092    3.58142     71.417    33.0405    25.5837 0.0000e+00
 144.708814     71.848  35.312165     9.0093    3.57246     71.236    33.0410    25.5840 0.0000e+00
 144.708819     71.651  35.312096     9.0085    3.56705     71.041    33.0417    25.5848 0.0000e+00
 144.708825     71.440  35.311346     9.0072    3.56698     70.832    33.0422    25.5854 0.0000e+00
 144.708831     71.220  35.310023     9.0062    3.56986     70.613    33.0419    25.5853 0.0000e+00
 144.708837     70.988  35.308589     9.0059    3.57661     70.383    33.0408    25.5844 0.0000e+00
 144.708843     70.730  35.307918     9.0059    3.58250     70.128    33.0402    25.5840 0.0000e+00
 144.708848     70.426  35.307660     9.0063    3.58457     69.826    33.0397    25.5835 0.0000e+00
 144.708854     70.073  35.306893     9.0074    3.60494     69.476    33.0380    25.5820 0.0000e+00
 144.708860     69.688  35.305138     9.0091    3.60180     69.095    33.0348    25.5792 0.0000e+00
 144.708866     69.288  35.302845     9.0105    3.61070     68.698    33.0313    25.5763 0.0000e+00
 144.708872     68.890  35.301428     9.0108    3.60223     68.304    33.0297    25.5750 0.0000e+00
 144.708877     68.504  35.301228     9.0107    3.60033     67.921    33.0298    25.5750 0.0000e+00
 144.708883     68.126  35.301402     9.0107    3.60835     67.546    33.0302    25.5753 0.0000e+00
 144.708889     67.750  35.301606     9.0110    3.60510     67.174    33.0303    25.5753 0.0000e+00
 144.708895     67.368  35.301537     9.0112    3.60649     66.795    33.0302    25.5752 0.0000e+00
 144.708900     66.977  35.300525     9.0113    3.60933     66.407    33.0292    25.5745 0.0000e+00
 144.708906     66.584  35.298889     9.0114    3.60700     66.018    33.0276    25.5732 0.0000e+00
 144.708912     66.196  35.297796     9.0117    3.61456     65.633    33.0264    25.5721 0.0000e+00
 144.708918     65.819  35.297458     9.0122    3.61411     65.259    33.0257    25.5716 0.0000e+00
 144.708924     65.450  35.297407     9.0129    3.61768     64.893    33.0252    25.5710 0.0000e+00
 144.708929     65.084  35.297000     9.0140    3.62458     64.531    33.0239    25.5698 0.0000e+00
 144.708935     64.717  35.295680     9.0150    3.62279     64.167    33.0218    25.5680 0.0000e+00
 144.708941     64.357  35.294473     9.0158    3.63501     63.810    33.0199    25.5664 0.0000e+00
 144.708947     64.011  35.293999     9.0163    3.62655     63.467    33.0191    25.5657 0.0000e+00
 144.708953     63.678  35.293609     9.0167    3.63945     63.137    33.0185    25.5652 0.0000e+00
 144.708958     63.354  35.293329     9.0172    3.64050     62.816    33.0179    25.5646 0.0000e+00
 144.708964     63.035  35.292771     9.0184    3.63543     62.499    33.0163    25.5632 0.0000e+00
 144.708970     62.718  35.291175     9.0205    3.65409     62.185    33.0129    25.5602 0.0000e+00
 144.708976     62.400  35.289201     9.0225    3.65679     61.870    33.0091    25.5569 0.0000e+00
 144.708981     62.078  35.287567     9.0246    3.67782     61.551    33.0056    25.5538 0.0000e+00
 144.708987     61.745  35.285760     9.0282    3.72317     61.221    33.0005    25.5493 0.0000e+00
 144.708993     61.387  35.282477     9.0369    3.76552     60.866    32.9892    25.5391 0.0000e+00
 144.708999     61.004  35.274447     9.0540    3.83039     60.486    32.9652    25.5176 0.0000e+00
 144.709005     60.605  35.257673     9.0747    3.89782     60.090    32.9288    25.4859 0.0000e+00
 144.709010     60.199  35.236127     9.0913    3.96337     59.688    32.8913    25.4539 0.0000e+00
 144.709016     59.794  35.219756     9.1068    4.01720     59.286    32.8602    25.4271 0.0000e+00
 144.709022     59.390  35.211207     9.1336    4.04754     58.886    32.8268    25.3968 0.0000e+00
 144.709028     58.978  35.209171     9.1820    4.09251     58.477    32.7804    25.3528 0.0000e+00
 144.709034     58.558  35.219161     9.2397    4.11564     58.061    32.7379    25.3105 0.0000e+00
 144.709039     58.146  35.240494     9.2772    4.13622     57.653    32.7258    25.2950 0.0000e+00
 144.709045     57.763  35.256038     9.2868    4.15834     57.273    32.7332    25.2993 0.0000e+00
 144.709051     57.414  35.258515     9.2862    4.16031     56.927    32.7365    25.3019 0.0000e+00
 144.709057     57.090  35.257978     9.2916    4.18912     56.606    32.7311    25.2969 0.0000e+00
 144.709062     56.782  35.262693     9.3113    4.21350     56.300    32.7181    25.2836 0.0000e+00
 144.709068     56.485  35.277837     9.3475    4.25534     56.006    32.7007    25.2642 0.0000e+00
 144.709074     56.184  35.303431     9.3874    4.29252     55.708    32.6907    25.2500 0.0000e+00
 144.709080     55.863  35.327082     9.4260    4.33308     55.389    32.6799    25.2354 0.0000e+00
 144.709086     55.511  35.345022     9.4818    4.37346     55.040    32.6476    25.2012 0.0000e+00
 144.709091     55.123  35.376146     9.5492    4.39789     54.656    32.6184    25.1675 0.0000e+00
 144.709097     54.713  35.420480     9.5968    4.43303     54.249    32.6207    25.1617 0.0000e+00
 144.709103     54.301  35.451938     9.6183    4.44993     53.841    32.6336    25.1682 0.0000e+00
 144.709109     53.899  35.463717     9.6294    4.43929     53.442    32.6357    25.1681 0.0000e+00
 144.709115     53.508  35.469304     9.6459    4.44512     53.055    32.6266    25.1583 0.0000e+00
 144.709120     53.115  35.479525     9.6817    4.46183     52.665    32.6047    25.1354 0.0000e+00
 144.709126     52.717  35.506342     9.7329    4.51543     52.270    32.5859    25.1123 0.0000e+00
 144.709132     52.327  35.548521     9.7743    4.60492     51.884    32.5916    25.1100 0.0000e+00
 144.709138     51.959  35.579340     9.7968    4.68427     51.519    32.6028    25.1150 0.0000e+00
 144.709144     51.610  35.591700     9.8176    4.76909     51.173    32.5967    25.1069 0.0000e+00
 144.709149     51.259  35.605467     9.8597    4.83155     50.825    32.5728    25.0813 0.0000e+00
 144.709155     50.887  35.633965     9.9628    4.92730     50.456    32.5090    25.0144 0.0000e+00
 144.709161     50.496  35.704551    10.1339    5.02596     50.068    32.4270    24.9220 0.0000e+00
 144.709167     50.101  35.825009    10.2883    5.12233     49.677    32.4105    24.8832 0.0000e+00
 144.709172     49.718  35.928335    10.3592    5.22796     49.297    32.4512    24.9030 0.0000e+00
 144.709178     49.357  35.967876    10.3790    5.31192     48.939    32.4733    24.9169 0.0000e+00
 144.709184     49.008  35.976217    10.4055    5.40252     48.593    32.4582    24.9006 0.0000e+00
 144.709190     48.649  35.994218    10.4716    5.49195     48.237    32.4175    24.8576 0.0000e+00
 144.709196     48.270  36.034674    10.6008    5.57006     47.862    32.3433    24.7777 0.0000e+00
 144.709201     47.877  36.121262    10.7650    5.62860     47.472    32.2845    24.7036 0.0000e+00
 144.709207     47.483  36.246094    10.8824    5.64438     47.081    32.3050    24.6991 0.0000e+00
 144.709213     47.106  36.332851    10.9324    5.66493     46.708    32.3470    24.7231 0.0000e+00
 144.709219     46.751  36.363806    10.9536    5.66977     46.356    32.3591    24.7288 0.0000e+00
