data/oxygen options/OCNMS/OCNMS2/raw_data/2005/CTD_CA50_052405faed.cnv
* Sea-Bird SBE19 Data File:
* FileName = C:\Documents and Settings\kirner.PTANGELES\Desktop\hypoxia CTD data\CA50_052405.hex
* Software Version 1.1.5
* Temperature SN = 2997
* Conductivity SN = 2997
* System UpLoad Time = May 24 2005 15:27:23
* SEACAT PROFILER V3.1c SN 2997   05/24/05  15:26:42.056
* strain gauge pressure sensor: S/N = 184829,  range = 3000 psia,  tc = 40
# nquan = 9                                 
# nvalues = 771                         
# units = specified
# name 0 = timeJ: Julian Days
# name 1 = prSM: Pressure, Strain Gauge [db]
# name 2 = c0mS/cm: Conductivity [mS/cm]
# name 3 = t090C: Temperature [ITS-90, deg C]
# name 4 = oxML/L: Oxygen, Beckman/YSI [ml/l]
# name 5 = depSM: Depth [salt water, m], lat = 47.5
# name 6 = sal00: Salinity, Practical [PSU]
# name 7 = sigma-é00: Density [sigma-theta, kg/m^3]
# name 8 = flag: flag
# span 0 = 144.572859, 144.577315       
# span 1 =     -3.494,     52.368       
# span 2 =   0.267622,  36.950532       
# span 3 =     9.3711,    14.4105       
# span 4 =  -13.50859,   26.41059       
# span 5 =     -3.465,     51.924       
# span 6 =     0.1689,    32.7032       
# span 7 =    -0.4434,    25.2598       
# span 8 = 0.0000e+00, 0.0000e+00       
# interval = seconds: 0.5
# start_time = May 24 2005 13:44:55 [Instrument's time stamp, header]
# bad_flag = -9.990e-29
*END*
 144.572859     -3.443 -9.990e-29    12.6357   -0.12350     -3.414 -9.990e-29 -9.990e-29 -9.990e-29
 144.572865     -3.467   0.267622    12.6319   -0.12353     -3.438     0.1689    -0.4434 -9.990e-29
 144.572870     -3.485   0.284922    12.6294   -0.12354     -3.456     0.1800    -0.4344 -9.990e-29
 144.572876     -3.494   0.332943    12.6288   -0.12355     -3.465     0.2111    -0.4101 -9.990e-29
 144.572882     -3.492   0.442995    12.6293   -0.12354     -3.463     0.2830    -0.3540 -9.990e-29
 144.572888     -3.474   0.617432    12.6304   -0.12355     -3.445     0.3989    -0.2638 -9.990e-29
 144.572894     -3.446   0.808730    12.6318   -0.12357     -3.417     0.5279    -0.1634 -9.990e-29
 144.572899     -3.421   0.933978    12.6333   -0.12358     -3.392     0.6133    -0.0971 -9.990e-29
 144.572905     -3.400   0.948310    12.6346   -0.12358     -3.372     0.6231    -0.0896 -9.990e-29
 144.572911     -3.382   0.903407    12.6357   -0.12358     -3.354     0.5924    -0.1137 -9.990e-29
 144.572917     -3.362   0.855343    12.6371   -0.12359     -3.334     0.5596    -0.1395 -9.990e-29
 144.572922     -3.335   0.811593    12.6387   -0.12363     -3.307     0.5298    -0.1629 -9.990e-29
 144.572928     -3.303   0.770962    12.6402   -0.12365     -3.275     0.5022    -0.1845 -9.990e-29
 144.572934     -3.268   0.736409    12.6419   -0.12366     -3.241     0.4788    -0.2030 -9.990e-29
 144.572940     -3.228   0.711230    12.6435   -0.12367     -3.201     0.4618    -0.2164 -9.990e-29
 144.572946     -3.185   0.691253    12.6452   -0.12366     -3.158     0.4483    -0.2271 -9.990e-29
 144.572951     -3.144   0.668145    12.6472   -0.12368     -3.118     0.4327    -0.2395 -9.990e-29
 144.572957     -3.107   0.639937    12.6491   -0.12366     -3.081     0.4138    -0.2545 -9.990e-29
 144.572963     -3.072   0.612283    12.6501   -0.10413     -3.046     0.3952    -0.2691 -9.990e-29
 144.572969     -3.033   0.589353    12.6491   -0.10153     -3.008     0.3799    -0.2809 -9.990e-29
 144.572975     -2.982   0.570522    12.6460   -0.10078     -2.957     0.3674    -0.2903 -9.990e-29
 144.572980     -2.925   0.555641    12.6428   -0.10038     -2.901     0.3575    -0.2976 -9.990e-29
 144.572986     -2.867   0.548718    12.6418   -0.10044     -2.843     0.3529    -0.3011 -9.990e-29
 144.572992     -2.800   0.564371    12.6447   -0.10054     -2.777     0.3633    -0.2933 -9.990e-29
 144.572998     -2.715   0.642327    12.6554   -0.10059     -2.692     0.4153    -0.2541 -9.990e-29
 144.573003     -2.611   0.902055    12.6886   -0.10047     -2.589     0.5906    -0.1216 -9.990e-29
 144.573009     -2.486   1.702063    12.7926   -0.10050     -2.465     1.1450     0.2963 -9.990e-29
 144.573015     -2.328   4.115129    13.1090   -0.10044     -2.309     2.8881     1.6054 -9.990e-29
 144.573021     -2.131  11.348693    13.6307   -0.10044     -2.113     8.4482     5.8153 -9.990e-29
 144.573027     -1.907  22.138638    14.0606   -0.10045     -1.891    17.2620    12.5150 -9.990e-29
 144.573032     -1.674  29.242257    14.2582   -0.10040     -1.660    23.3070    17.1230 -9.990e-29
 144.573038     -1.445  31.610890    14.3204   -0.10034     -1.433    25.3571    18.6874 -9.990e-29
 144.573044     -1.244  32.502011    14.3256   -0.10036     -1.234    26.1446    19.2922 -9.990e-29
 144.573050     -1.089  32.833703    14.3190   -0.10043     -1.080    26.4443    19.5241 -9.990e-29
 144.573056     -0.979  32.942892    14.3250   -0.10045     -0.971    26.5374    19.5945 -9.990e-29
 144.573061     -0.905  33.009374    14.3378   -0.10041     -0.897    26.5879    19.6308 -9.990e-29
 144.573067     -0.864  33.041114    14.3487   -0.10041     -0.857    26.6086    19.6447 -9.990e-29
 144.573073     -0.853  33.039550    14.3590   -0.10044     -0.846    26.6002    19.6361 -9.990e-29
 144.573079     -0.863  33.032332    14.3665   -0.10045     -0.856    26.5886    19.6257 -9.990e-29
 144.573084     -0.878  33.015469    14.3704   -0.10039     -0.871    26.5709    19.6114 -9.990e-29
 144.573090     -0.884  33.010222    14.3726   -0.10033     -0.877    26.5648    19.6062 -9.990e-29
 144.573096     -0.879  33.040451    14.3732   -0.10032     -0.872    26.5913    19.6264 -9.990e-29
 144.573102     -0.867  33.071392    14.3706   -0.10039     -0.860    26.6206    19.6495 -9.990e-29
 144.573108     -0.851  33.060262    14.3648   -0.10039     -0.844    26.6147    19.6461 -9.990e-29
 144.573113     -0.834  33.030359    14.3613   -0.10035     -0.827    26.5904    19.6281 -9.990e-29
 144.573119     -0.819  33.032628    14.3629   -0.10032     -0.812    26.5913    19.6285 -9.990e-29
 144.573125     -0.802  33.051068    14.3642   -0.10034     -0.795    26.6069    19.6402 -9.990e-29
 144.573131     -0.781  33.044163    14.3628   -0.10039     -0.774    26.6017    19.6365 -9.990e-29
 144.573137     -0.759  33.029634    14.3637   -0.10041     -0.753    26.5881    19.6259 -9.990e-29
 144.573142     -0.730  33.048666    14.3682   -0.10043     -0.724    26.6020    19.6357 -9.990e-29
 144.573148     -0.693  33.097521    14.3718   -0.10035     -0.687    26.6430    19.6665 -9.990e-29
 144.573154     -0.654  33.134883    14.3718   -0.10033     -0.649    26.6762    19.6921 -9.990e-29
 144.573160     -0.614  33.132695    14.3703   -0.10037     -0.609    26.6753    19.6917 -9.990e-29
 144.573166     -0.575  33.112729    14.3691   -0.10040     -0.570    26.6583    19.6789 -9.990e-29
 144.573171     -0.544  33.116764    14.3679   -0.10054     -0.539    26.6627    19.6825 -9.990e-29
 144.573177     -0.518  33.145166    14.3661   -0.10048     -0.514    26.6893    19.7033 -9.990e-29
 144.573183     -0.491  33.165216    14.3630   -0.10038     -0.487    26.7093    19.7193 -9.990e-29
 144.573189     -0.467  33.156596    14.3570   -0.10037     -0.463    26.7057    19.7177 -9.990e-29
 144.573194     -0.451  33.132500    14.3524   -0.10038     -0.447    26.6874    19.7045 -9.990e-29
 144.573200     -0.444  33.125279    14.3557   -0.10047     -0.440    26.6787    19.6972 -9.990e-29
 144.573206     -0.431  33.143827    14.3615   -0.10055     -0.427    26.6912    19.7057 -9.990e-29
 144.573212     -0.408  33.163023    14.3596   -0.10042     -0.405    26.7096    19.7202 -9.990e-29
 144.573218     -0.386  33.155812    14.3449   -0.10038     -0.383    26.7133    19.7260 -9.990e-29
 144.573223     -0.372  33.131101    14.3277   -0.10038     -0.369    26.7031    19.7215 -9.990e-29
 144.573229     -0.361  33.117059    14.3270   -0.10044     -0.358    26.6911    19.7124 -9.990e-29
 144.573235     -0.348  33.121888    14.3416   -0.10047     -0.345    26.6853    19.7051 -9.990e-29
 144.573241     -0.332  33.137480    14.3544   -0.10036     -0.329    26.6904    19.7065 -9.990e-29
 144.573247     -0.313  33.142062    14.3531   -0.10031     -0.310    26.6954    19.7106 -9.990e-29
 144.573252     -0.292  33.124961    14.3378   -0.10034     -0.290    26.6907    19.7100 -9.990e-29
 144.573258     -0.278  33.106560    14.3279   -0.10035     -0.276    26.6811    19.7045 -9.990e-29
 144.573264     -0.270  33.102703    14.3385   -0.10050     -0.268    26.6703    19.6942 -9.990e-29
 144.573270     -0.258  33.111075    14.3554   -0.10056     -0.256    26.6662    19.6876 -9.990e-29
 144.573275     -0.242  33.115961    14.3594   -0.10038     -0.240    26.6678    19.6881 -9.990e-29
 144.573281     -0.229  33.105976    14.3508   -0.10030     -0.227    26.6648    19.6875 -9.990e-29
 144.573287     -0.219  33.096421    14.3460   -0.10032     -0.217    26.6596    19.6844 -9.990e-29
 144.573293     -0.201  33.104846    14.3549   -0.10035     -0.199    26.6610    19.6837 -9.990e-29
 144.573299     -0.172  33.132424    14.3676   -0.10049     -0.171    26.6768    19.6934 -9.990e-29
 144.573304     -0.133  33.162151    14.3717   -0.10048     -0.132    26.7004    19.7108 -9.990e-29
 144.573310     -0.095  33.166441    14.3597   -0.10037     -0.094    26.7125    19.7224 -9.990e-29
 144.573316     -0.067  33.146560    14.3359   -0.10034     -0.066    26.7112    19.7261 -9.990e-29
 144.573322     -0.053  33.129831    14.3266   -0.10039     -0.053    26.7027    19.7214 -9.990e-29
 144.573328     -0.047  33.128722    14.3444   -0.10052     -0.047    26.6894    19.7077 -9.990e-29
 144.573333     -0.041  33.144019    14.3674   -0.10047     -0.041    26.6872    19.7014 -9.990e-29
 144.573339     -0.029  33.163077    14.3744   -0.10035     -0.029    26.6994    19.7094 -9.990e-29
 144.573345     -0.015  33.160903    14.3613   -0.10033     -0.015    26.7064    19.7174 -9.990e-29
 144.573351     -0.004  33.142476    14.3408   -0.10034     -0.004    26.7041    19.7197 -9.990e-29
 144.573356      0.012  33.133137    14.3374   -0.10042      0.012    26.6981    19.7158 -9.990e-29
 144.573362      0.035  33.137830    14.3524   -0.10044      0.035    26.6920    19.7081 -9.990e-29
 144.573368      0.065  33.144902    14.3619   -0.10040      0.064    26.6917    19.7060 -9.990e-29
 144.573374      0.094  33.141393    14.3517   -0.10040      0.093    26.6956    19.7110 -9.990e-29
 144.573380      0.115  33.129941    14.3362   -0.10042      0.114    26.6961    19.7145 -9.990e-29
 144.573385      0.126  33.125572    14.3388   -0.10050      0.125    26.6904    19.7096 -9.990e-29
 144.573391      0.131  33.133695    14.3573   -0.10048      0.130    26.6849    19.7017 -9.990e-29
 144.573397      0.140  33.147790    14.3719   -0.10040      0.139    26.6874    19.7007 -9.990e-29
 144.573403      0.157  33.151934    14.3713   -0.10034      0.156    26.6915    19.7040 -9.990e-29
 144.573409      0.179  33.140476    14.3594   -0.10034      0.178    26.6895    19.7048 -9.990e-29
 144.573414      0.204  33.129556    14.3511   -0.10034      0.202    26.6855    19.7033 -9.990e-29
 144.573420      0.231  33.129300    14.3526   -0.10038      0.229    26.6842    19.7021 -9.990e-29
 144.573426      0.261  33.133227    14.3534   -0.10042      0.259    26.6871    19.7042 -9.990e-29
 144.573432      0.284  33.131467    14.3452   -0.10038      0.282    26.6912    19.7089 -9.990e-29
 144.573438      0.300  33.123944    14.3348   -0.10035      0.297    26.6916    19.7113 -9.990e-29
 144.573443      0.308  33.120273    14.3359   15.06907      0.305    26.6876    19.7080 -9.990e-29
 144.573449      0.310  33.124551    14.3493   25.03061      0.307    26.6822    19.7012 -9.990e-29
 144.573455      0.310  33.135221    14.3642   26.41059      0.307    26.6815    19.6977 -9.990e-29
 144.573461      0.315  33.149727    14.3734   23.12609      0.312    26.6880    19.7009 -9.990e-29
 144.573466      0.332  33.157178    14.3741   14.97101      0.329    26.6942    19.7055 -9.990e-29
 144.573472      0.356  33.150167    14.3669   12.03341      0.353    26.6929    19.7059 -9.990e-29
 144.573478      0.381  33.141235    14.3606   12.05553      0.378    26.6893    19.7044 -9.990e-29
 144.573484      0.403  33.143158    14.3627   12.01689      0.400    26.6895    19.7042 -9.990e-29
 144.573490      0.426  33.154603    14.3699   12.01433      0.422    26.6948    19.7068 -9.990e-29
 144.573495      0.444  33.171800    14.3766   12.01436      0.440    26.7055    19.7137 -9.990e-29
 144.573501      0.456  33.201456    14.3822   12.00959      0.452    26.7280    19.7299 -9.990e-29
 144.573507      0.467  33.241110    14.3871   12.00738      0.463    26.7600    19.7535 -9.990e-29
 144.573513      0.480  33.269128    14.3904   12.00215      0.476    26.7826    19.7703 -9.990e-29
 144.573519      0.499  33.280304    14.3906   11.99586      0.495    26.7924    19.7778 -9.990e-29
 144.573524      0.522  33.283404    14.3880   11.90579      0.518    26.7970    19.7818 -9.990e-29
 144.573530      0.549  33.282588    14.3854    8.71456      0.544    26.7981    19.7832 -9.990e-29
 144.573536      0.571  33.281282    14.3856    5.43053      0.566    26.7967    19.7821 -9.990e-29
 144.573542      0.585  33.281694    14.3881    3.66915      0.580    26.7954    19.7806 -9.990e-29
 144.573547      0.598  33.283278    14.3898    3.36646      0.593    26.7956    19.7804 -9.990e-29
 144.573553      0.615  33.284254    14.3897    4.66937      0.610    26.7965    19.7812 -9.990e-29
 144.573559      0.631  33.284271    14.3890    5.63369      0.626    26.7970    19.7817 -9.990e-29
 144.573565      0.644  33.283939    14.3888    6.03365      0.639    26.7969    19.7816 -9.990e-29
 144.573571      0.655  33.283964    14.3895    6.26857      0.650    26.7964    19.7811 -9.990e-29
 144.573576      0.668  33.284409    14.3904    6.38191      0.662    26.7962    19.7807 -9.990e-29
 144.573582      0.689  33.284769    14.3904    6.43747      0.683    26.7965    19.7810 -9.990e-29
 144.573588      0.715  33.284981    14.3888    6.47507      0.709    26.7978    19.7823 -9.990e-29
 144.573594      0.742  33.285342    14.3867    6.50608      0.736    26.7995    19.7841 -9.990e-29
 144.573600      0.770  33.285788    14.3853    6.52902      0.764    26.8009    19.7854 -9.990e-29
 144.573605      0.790  33.285801    14.3850    6.52484      0.783    26.8011    19.7856 -9.990e-29
 144.573611      0.799  33.285408    14.3851    6.51080      0.792    26.8007    19.7853 -9.990e-29
 144.573617      0.799  33.285210    14.3851    6.49587      0.792    26.8005    19.7851 -9.990e-29
 144.573623      0.794  33.285514    14.3843    6.49833      0.787    26.8013    19.7859 -9.990e-29
 144.573628      0.792  33.285611    14.3804    6.51447      0.785    26.8041    19.7888 -9.990e-29
 144.573634      0.796  33.283958    14.3731    6.51354      0.789    26.8077    19.7930 -9.990e-29
 144.573640      0.804  33.280599    14.3674    6.49296      0.797    26.8086    19.7949 -9.990e-29
 144.573646      0.806  33.278348    14.3677    6.47372      0.799    26.8064    19.7931 -9.990e-29
 144.573652      0.804  33.279254    14.3708    6.45921      0.797    26.8051    19.7915 -9.990e-29
 144.573657      0.805  33.281169    14.3717    6.48549      0.798    26.8062    19.7921 -9.990e-29
 144.573663      0.814  33.281610    14.3704    6.49000      0.807    26.8075    19.7934 -9.990e-29
 144.573669      0.827  33.281174    14.3695    6.46979      0.820    26.8077    19.7937 -9.990e-29
 144.573675      0.836  33.280968    14.3707    6.44568      0.829    26.8067    19.7927 -9.990e-29
 144.573681      0.842  33.281844    14.3728    6.42844      0.835    26.8060    19.7918 -9.990e-29
 144.573686      0.854  33.283297    14.3729    6.43110      0.847    26.8072    19.7927 -9.990e-29
 144.573692      0.877  33.283350    14.3698    6.44990      0.870    26.8094    19.7950 -9.990e-29
 144.573698      0.904  33.281522    14.3661    6.44744      0.896    26.8103    19.7965 -9.990e-29
 144.573704      0.920  33.279306    14.3651    6.42935      0.912    26.8090    19.7957 -9.990e-29
 144.573709      0.921  33.278796    14.3676    6.41562      0.913    26.8069    19.7935 -9.990e-29
 144.573715      0.915  33.280439    14.3710    6.40938      0.907    26.8060    19.7921 -9.990e-29
 144.573721      0.912  33.282509    14.3722    6.40847      0.904    26.8070    19.7927 -9.990e-29
 144.573727      0.919  33.283292    14.3705    6.41601      0.911    26.8089    19.7945 -9.990e-29
 144.573733      0.937  33.282722    14.3677    6.40857      0.929    26.8103    19.7961 -9.990e-29
 144.573738      0.958  33.281728    14.3661    6.39976      0.950    26.8105    19.7966 -9.990e-29
 144.573744      0.980  33.281232    14.3666    6.39300      0.972    26.8097    19.7959 -9.990e-29
 144.573750      0.999  33.281701    14.3682    6.39660      0.991    26.8090    19.7950 -9.990e-29
 144.573756      1.012  33.282645    14.3689    6.39578      1.004    26.8094    19.7952 -9.990e-29
 144.573762      1.025  33.283089    14.3678    6.38530      1.016    26.8105    19.7963 -9.990e-29
 144.573767      1.043  33.282512    14.3667    6.37834      1.034    26.8107    19.7967 -9.990e-29
 144.573773      1.067  33.281834    14.3666    6.37163      1.058    26.8102    19.7963 -9.990e-29
 144.573779      1.099  33.281839    14.3646    6.37198      1.090    26.8116    19.7977 -9.990e-29
