data/oxygen options/OCNMS/OCNMS2/raw_data/2005/CTD_CE30_081605faed.cnv
* Sea-Bird SBE19 Data File:
* FileName = C:\Hypoxia Data\CE30_081605.hex
* Software Version 1.1.6
* Temperature SN = 2997
* Conductivity SN = 2997
* System UpLoad Time = Aug 16 2005 11:11:56
* SEACAT PROFILER V3.1c SN 2997   08/16/05  11:11:22.010
* strain gauge pressure sensor: S/N = 184829,  range = 3000 psia,  tc = 40
# nquan = 9                                 
# nvalues = 509                         
# units = specified
# name 0 = timeJ: Julian Days
# name 1 = prSM: Pressure, Strain Gauge [db]
# name 2 = c0mS/cm: Conductivity [mS/cm]
# name 3 = t090C: Temperature [ITS-90, deg C]
# name 4 = oxML/L: Oxygen, Beckman/YSI [ml/l]
# name 5 = depSM: Depth [salt water, m], lat = 47.5
# name 6 = sal00: Salinity, Practical [PSU]
# name 7 = sigma-é00: Density [sigma-theta, kg/m^3]
# name 8 = flag: flag
# span 0 = 228.445324, 228.448264       
# span 1 =     -3.081,     29.965       
# span 2 =   0.695605,  37.105759       
# span 3 =     7.5832,    12.1657       
# span 4 =   -0.10604,   29.54288       
# span 5 =     -3.055,     29.713       
# span 6 =     0.4572,    33.7018       
# span 7 =    -0.1585,    26.3148       
# span 8 = 0.0000e+00, 0.0000e+00       
# interval = seconds: 0.5
# start_time = Aug 16 2005 10:41:16 [Instrument's time stamp, header]
# bad_flag = -9.990e-29
*END*
 228.445324     -3.081 -9.990e-29    12.1657   -0.10515     -3.055 -9.990e-29 -9.990e-29 -9.990e-29
 228.445330     -3.005   0.695605    12.1324   -0.10536     -2.980     0.4572    -0.1585 -9.990e-29
 228.445336     -2.907   1.055482    12.0300   -0.10563     -2.883     0.7079     0.0490 -9.990e-29
 228.445341     -2.786   2.103684    11.8267   -0.10575     -2.763     1.4678     0.6645 -9.990e-29
 228.445347     -2.642   5.223393    11.5676   -0.10584     -2.620     3.8784     2.5677 -9.990e-29
 228.445353     -2.474  11.859943    11.3299   -0.10596     -2.453     9.4161     6.8867 -9.990e-29
 228.445359     -2.289  21.362365    11.1660   -0.10599     -2.270    17.9220    13.4916 -9.990e-29
 228.445365     -2.101  30.114487    11.0810   -0.10599     -2.083    26.1863    19.9096 -9.990e-29
 228.445370     -1.924  34.859607    11.0432   -0.10598     -1.908    30.8200    23.5151 -9.990e-29
 228.445376     -1.767  36.461990    11.0104   -0.10599     -1.752    32.4266    24.7703 -9.990e-29
 228.445382     -1.629  36.976284    10.9526   -0.10602     -1.615    32.9877    25.2171 -9.990e-29
 228.445388     -1.501  37.096104    10.8790   -0.10604     -1.488    33.1732    25.3745 -9.990e-29
 228.445394     -1.380  37.105759    10.8185   -0.10604     -1.368    33.2376    25.4354 -9.990e-29
 228.445399     -1.274  37.105643    10.7797   -0.10602     -1.263    33.2728    25.4696 -9.990e-29
 228.445405     -1.195  37.096745    10.7553   -0.10597     -1.185    33.2861    25.4842 -9.990e-29
 228.445411     -1.137  37.062737    10.7408   -0.10593     -1.128    33.2653    25.4706 -9.990e-29
 228.445417     -1.088  37.019443    10.7329   -0.10595     -1.079    33.2292    25.4438 -9.990e-29
 228.445422     -1.036  36.994421    10.7282   -0.10596     -1.027    33.2084    25.4285 -9.990e-29
 228.445428     -0.978  36.991359    10.7251   -0.10597     -0.970    33.2082    25.4288 -9.990e-29
 228.445434     -0.923  36.995556    10.7231   -0.10597     -0.915    33.2142    25.4339 -9.990e-29
 228.445440     -0.880  36.991329    10.7227   -0.10596     -0.873    33.2103    25.4309 -9.990e-29
 228.445446     -0.851  36.976444    10.7255   -0.10598     -0.844    33.1929    25.4168 -9.990e-29
 228.445451     -0.831  36.960815    10.7316   -0.10600     -0.824    33.1717    25.3993 -9.990e-29
 228.445457     -0.808  36.953365    10.7385   -0.10601     -0.801    33.1580    25.3874 -9.990e-29
 228.445463     -0.781  36.958222    10.7423   -0.10594     -0.774    33.1594    25.3878 -9.990e-29
 228.445469     -0.750  36.975169    10.7411   -0.10592     -0.744    33.1774    25.4020 -9.990e-29
 228.445475     -0.707  36.993191    10.7366   -0.10595     -0.701    33.1994    25.4200 -9.990e-29
 228.445480     -0.658  37.003267    10.7328   -0.10597     -0.653    33.2129    25.4312 -9.990e-29
 228.445486     -0.609  37.010456    10.7324   -0.10600     -0.604    33.2205    25.4371 -9.990e-29
 228.445492     -0.562  37.016527    10.7343   -0.10597     -0.557    33.2248    25.4402 -9.990e-29
 228.445498     -0.520  37.016709    10.7360   -0.10588     -0.516    33.2234    25.4388 -9.990e-29
 228.445503     -0.487  37.007358    10.7363   -0.10586     -0.483    33.2138    25.4312 -9.990e-29
 228.445509     -0.456  36.990624    10.7351   -0.10575     -0.452    33.1981    25.4193 -9.990e-29
 228.445515     -0.420  36.981249    10.7335   -0.10564     -0.416    33.1902    25.4134 -9.990e-29
 228.445521     -0.386  36.999860    10.7337   -0.10578     -0.383    33.2086    25.4277 -9.990e-29
 228.445527     -0.364  37.038218    10.7365   -0.10589     -0.361    33.2444    25.4550 -9.990e-29
 228.445532     -0.354  37.054964    10.7415   -0.10592     -0.351    33.2565    25.4636 -9.990e-29
 228.445538     -0.345  37.035447    10.7491   -0.10587     -0.342    33.2301    25.4417 -9.990e-29
 228.445544     -0.333  37.000234    10.7579   -0.10584     -0.330    33.1870    25.4066 -9.990e-29
 228.445550     -0.317  36.974200    10.7665   -0.10579     -0.314    33.1532    25.3788 -9.990e-29
 228.445556     -0.297  36.983803    10.7806   -0.10576     -0.295    33.1500    25.3738 -9.990e-29
 228.445561     -0.275  37.026743    10.8041   -0.10586     -0.273    33.1715    25.3864 -9.990e-29
 228.445567     -0.258  37.065531    10.8196   -0.10589     -0.256    33.1961    25.4028 -9.990e-29
 228.445573     -0.245  37.076769    10.8110   -0.10587     -0.243    33.2151    25.4191 -9.990e-29
 228.445579     -0.227  37.062586    10.7916   -0.10580     -0.225    33.2185    25.4253 -9.990e-29
 228.445584     -0.199  37.034399    10.7779   -0.10577     -0.197    33.2028    25.4154 -9.990e-29
 228.445590     -0.163  37.012425    10.7728   -0.10571     -0.162    33.1855    25.4029 -9.990e-29
 228.445596     -0.126  37.020117    10.7771   -0.10580     -0.125    33.1893    25.4050 -9.990e-29
 228.445602     -0.092  37.054305    10.7893   -0.10586     -0.091    33.2123    25.4208 -9.990e-29
 228.445608     -0.069  37.081529    10.7989   -0.10587     -0.068    33.2307    25.4335 -9.990e-29
 228.445613     -0.060  37.078677    10.7983   -0.10586     -0.059    33.2284    25.4318 -9.990e-29
 228.445619     -0.060  37.048157    10.7953   -0.10583     -0.059    33.2007    25.4107 -9.990e-29
 228.445625     -0.056  37.009885    10.7959   -0.10571     -0.056    33.1620    25.3805 -9.990e-29
 228.445631     -0.039  36.990266    10.8000   -0.10564     -0.039    33.1387    25.3616 -9.990e-29
 228.445637     -0.016  37.006361    10.8090   -0.10576     -0.016    33.1466    25.3662 -9.990e-29
 228.445642      0.000  37.042090    10.8149   -0.10589      0.000    33.1768    25.3887 -9.990e-29
 228.445648      0.012  37.059323    10.8065   -0.10587      0.012    33.2016    25.4095 -9.990e-29
 228.445654      0.028  37.049669    10.7902   -0.10587      0.028    33.2068    25.4164 -9.990e-29
 228.445660      0.053  37.036752    10.7794   -0.10575      0.053    33.2037    25.4159 -9.990e-29
 228.445666      0.086  37.041522    10.7798   -0.10571      0.085    33.2081    25.4192 -9.990e-29
 228.445671      0.115  37.061398    10.7939   -0.10575      0.114    33.2151    25.4222 -9.990e-29
 228.445677      0.134  37.080291    10.8172   -0.10573      0.133    33.2128    25.4163 -9.990e-29
 228.445683      0.147  37.089219    10.8300   -0.10559      0.146    33.2101    25.4119 -9.990e-29
 228.445689      0.161  37.084982    10.8191   -0.10558      0.160    33.2157    25.4182 -9.990e-29
 228.445694      0.175  37.065902    10.7968   -0.10576      0.174    33.2169    25.4231 -9.990e-29
 228.445700      0.192  37.040230    10.7829   -0.10581      0.190    33.2039    25.4154 -9.990e-29
 228.445706      0.211  37.033777    10.7880   -0.10583      0.209    33.1929    25.4059 -9.990e-29
 228.445712      0.230  37.053676    10.8078   -0.10571      0.228    33.1947    25.4039 -9.990e-29
 228.445718      0.247  37.071530    10.8234   -0.10558      0.245    33.1984    25.4040 -9.990e-29
 228.445723      0.265  37.074727    10.8300   -0.10569      0.263    33.1956    25.4006 -9.990e-29
 228.445729      0.287  37.077110    10.8430   -0.10585      0.285    33.1861    25.3910 -9.990e-29
 228.445735      0.305  37.084138    10.8619   -0.10591      0.302    33.1760    25.3798 -9.990e-29
 228.445741      0.321  37.086711    10.8626   -0.10587      0.318    33.1779    25.3812 -9.990e-29
 228.445747      0.344  37.078206    10.8397   -0.10579      0.341    33.1902    25.3947 -9.990e-29
 228.445752      0.375  37.062469    10.8162   -0.10562      0.372    33.1958    25.4033 -9.990e-29
 228.445758      0.403  37.055569    10.8135   -0.10555      0.400    33.1914    25.4003 -9.990e-29
 228.445764      0.418  37.066843    10.8329   -0.10566      0.415    33.1850    25.3919 -9.990e-29
 228.445770      0.421  37.079947    10.8505   -0.10584      0.417    33.1821    25.3865 -9.990e-29
 228.445775      0.424  37.078181    10.8424   -0.10592      0.420    33.1877    25.3923 -9.990e-29
 228.445781      0.440  37.059795    10.8178   16.53980      0.436    33.1917    25.3998 -9.990e-29
 228.445787      0.471  37.030602    10.7993   27.91098      0.467    33.1793    25.3934 -9.990e-29
 228.445793      0.506  37.007795    10.7989   29.54288      0.502    33.1569    25.3760 -9.990e-29
 228.445799      0.533  37.013711    10.8205   25.92276      0.529    33.1433    25.3616 -9.990e-29
 228.445804      0.551  37.043372    10.8534   16.87541      0.546    33.1430    25.3556 -9.990e-29
 228.445810      0.561  37.067943    10.8711   13.43835      0.556    33.1514    25.3590 -9.990e-29
 228.445816      0.568  37.070313    10.8581   13.46644      0.563    33.1656    25.3723 -9.990e-29
 228.445822      0.580  37.048641    10.8271   13.44925      0.575    33.1721    25.3828 -9.990e-29
 228.445828      0.603  37.009967    10.7990   13.45808      0.598    33.1590    25.3776 -9.990e-29
 228.445833      0.633  36.968935    10.7823   13.46728      0.628    33.1332    25.3604 -9.990e-29
 228.445839      0.661  36.930871    10.7750   13.47630      0.655    33.1018    25.3373 -9.990e-29
 228.445845      0.674  36.895527    10.7738   13.48940      0.668    33.0676    25.3109 -9.990e-29
 228.445851      0.674  36.874136    10.7758   13.49731      0.668    33.0445    25.2925 -9.990e-29
 228.445856      0.674  36.867938    10.7778   13.49729      0.668    33.0365    25.2860 -9.990e-29
 228.445862      0.686  36.866463    10.7776   13.50546      0.680    33.0352    25.2850 -9.990e-29
 228.445868      0.711  36.864979    10.7766   13.51189      0.705    33.0346    25.2847 -9.990e-29
 228.445874      0.737  36.863786    10.7775   13.30186      0.731    33.0326    25.2830 -9.990e-29
 228.445880      0.755  36.864697    10.7813   10.28894      0.749    33.0301    25.2803 -9.990e-29
 228.445885      0.764  36.867839    10.7861    7.76069      0.758    33.0289    25.2786 -9.990e-29
 228.445891      0.778  36.871270    10.7895    6.52757      0.772    33.0292    25.2782 -9.990e-29
 228.445897      0.807  36.872875    10.7918    6.52570      0.800    33.0287    25.2774 -9.990e-29
 228.445903      0.840  36.874270    10.7957    7.79098      0.833    33.0266    25.2751 -9.990e-29
 228.445909      0.857  36.877913    10.8017    8.50716      0.850    33.0248    25.2726 -9.990e-29
 228.445914      0.860  36.884210    10.8070    8.78945      0.853    33.0263    25.2729 -9.990e-29
 228.445920      0.865  36.889258    10.8101    8.97021      0.858    33.0285    25.2741 -9.990e-29
 228.445926      0.882  36.889174    10.8122    9.07146      0.875    33.0265    25.2721 -9.990e-29
 228.445932      0.908  36.887811    10.8126    9.13921      0.900    33.0248    25.2707 -9.990e-29
 228.445938      0.935  36.887314    10.8103    9.17122      0.927    33.0264    25.2724 -9.990e-29
 228.445943      0.957  36.885374    10.8073    9.17769      0.949    33.0271    25.2735 -9.990e-29
 228.445949      0.970  36.883366    10.8053    9.19645      0.962    33.0269    25.2737 -9.990e-29
 228.445955      0.981  36.882576    10.8034    9.20623      0.973    33.0279    25.2747 -9.990e-29
 228.445961      0.994  36.881425    10.8017    9.21689      0.986    33.0282    25.2753 -9.990e-29
 228.445966      1.009  36.880099    10.8014    9.21086      1.001    33.0272    25.2746 -9.990e-29
 228.445972      1.023  36.880233    10.8032    9.20406      1.014    33.0257    25.2731 -9.990e-29
 228.445978      1.034  36.882041    10.8059    9.19888      1.025    33.0250    25.2721 -9.990e-29
 228.445984      1.046  36.884045    10.8076    9.20299      1.037    33.0255    25.2722 -9.990e-29
 228.445990      1.064  36.884467    10.8076    9.21087      1.055    33.0259    25.2725 -9.990e-29
 228.445995      1.089  36.883908    10.8072    9.21440      1.080    33.0257    25.2724 -9.990e-29
 228.446001      1.118  36.883905    10.8070    9.20811      1.109    33.0259    25.2726 -9.990e-29
 228.446007      1.145  36.883929    10.8068    9.20780      1.135    33.0261    25.2727 -9.990e-29
 228.446013      1.168  36.883486    10.8069    9.21026      1.158    33.0255    25.2723 -9.990e-29
 228.446019      1.187  36.883147    10.8073    9.21184      1.177    33.0248    25.2717 -9.990e-29
 228.446024      1.205  36.883055    10.8080    9.21025      1.195    33.0241    25.2710 -9.990e-29
 228.446030      1.221  36.883125    10.8090    9.19009      1.211    33.0232    25.2702 -9.990e-29
 228.446036      1.234  36.883490    10.8102    9.19874      1.224    33.0225    25.2694 -9.990e-29
 228.446042      1.238  36.884111    10.8115    9.20789      1.228    33.0220    25.2687 -9.990e-29
 228.446047      1.240  36.884725    10.8130    9.20752      1.230    33.0212    25.2679 -9.990e-29
 228.446053      1.239  36.885611    10.8155    9.19751      1.229    33.0198    25.2664 -9.990e-29
 228.446059      1.230  36.887961    10.8190    9.16512      1.220    33.0190    25.2651 -9.990e-29
 228.446065      1.222  36.891552    10.8206    9.16439      1.212    33.0212    25.2665 -9.990e-29
 228.446071      1.227  36.893326    10.8188    9.19192      1.217    33.0246    25.2695 -9.990e-29
 228.446076      1.246  36.891724    10.8155    9.20218      1.236    33.0259    25.2711 -9.990e-29
 228.446082      1.270  36.889098    10.8143    9.21677      1.259    33.0244    25.2701 -9.990e-29
 228.446088      1.293  36.888673    10.8170    9.22221      1.282    33.0215    25.2674 -9.990e-29
 228.446094      1.313  36.891564    10.8226    9.21955      1.302    33.0193    25.2647 -9.990e-29
 228.446100      1.334  36.896580    10.8284    9.20822      1.323    33.0191    25.2635 -9.990e-29
 228.446105      1.362  36.901434    10.8349    9.20546      1.351    33.0180    25.2616 -9.990e-29
 228.446111      1.395  36.906993    10.8427    9.19763      1.383    33.0165    25.2590 -9.990e-29
 228.446117      1.423  36.913380    10.8476    9.19247      1.411    33.0184    25.2597 -9.990e-29
 228.446123      1.433  36.916213    10.8492    9.18536      1.421    33.0198    25.2604 -9.990e-29
 228.446128      1.428  36.916466    10.8497    9.17233      1.416    33.0196    25.2602 -9.990e-29
 228.446134      1.418  36.916158    10.8470    9.17146      1.406    33.0218    25.2623 -9.990e-29
 228.446140      1.417  36.913196    10.8386    9.16512      1.405    33.0264    25.2674 -9.990e-29
 228.446146      1.428  36.906438    10.8243    9.17239      1.416    33.0326    25.2747 -9.990e-29
 228.446152      1.449  36.895845    10.8099    9.18769      1.437    33.0350    25.2792 -9.990e-29
 228.446157      1.467  36.885799    10.8043    9.21253      1.455    33.0300    25.2763 -9.990e-29
 228.446163      1.471  36.882529    10.8089    9.21455      1.459    33.0226    25.2697 -9.990e-29
 228.446169      1.461  36.886716    10.8176    9.20912      1.449    33.0190    25.2653 -9.990e-29
 228.446175      1.449  36.893847    10.8237    9.19707      1.437    33.0206    25.2655 -9.990e-29
 228.446181      1.448  36.898292    10.8245    9.16415      1.436    33.0243    25.2682 -9.990e-29
 228.446186      1.461  36.898131    10.8214    9.16886      1.449    33.0269    25.2708 -9.990e-29
 228.446192      1.489  36.895393    10.8153    9.19893      1.477    33.0297    25.2741 -9.990e-29
 228.446198      1.527  36.890913    10.8099    9.20475      1.514    33.0301    25.2753 -9.990e-29
 228.446204      1.558  36.887127    10.8109    9.19453      1.545    33.0254    25.2715 -9.990e-29
 228.446209      1.576  36.887398    10.8167    9.17107      1.563    33.0204    25.2666 -9.990e-29
 228.446215      1.588  36.890403    10.8201    9.16559      1.575    33.0203    25.2659 -9.990e-29
 228.446221      1.601  36.892297    10.8180    9.17778      1.588    33.0241    25.2692 -9.990e-29
 228.446227      1.622  36.887197    10.8134    9.18381      1.608    33.0232    25.2693 -9.990e-29
 228.446233      1.646  36.866622    10.8084    9.18560      1.632    33.0072    25.2577 -9.990e-29
 228.446238      1.664  36.847999    10.8046    9.17139      1.650    32.9920    25.2466 -9.990e-29
 228.446244      1.667  36.856407    10.8039    9.16447      1.653    33.0010    25.2538 -9.990e-29
