data/oxygen options/OCNMS/OCNMS2/raw_data/2005/CTD_TH50_060705faedb.cnv
* Sea-Bird SBE19 Data File:
* FileName = C:\hypoxia CTD data\TH50_060705.hex
* Software Version 1.1.5
* Temperature SN = 2997
* Conductivity SN = 2997
* System UpLoad Time = Jun 07 2005 12:38:28
* SEACAT PROFILER V3.1c SN 2997   06/07/05  12:37:09.847
* strain gauge pressure sensor: S/N = 184829,  range = 3000 psia,  tc = 40
# nquan = 9
# nvalues = 44                          
# units = specified
# name 0 = timeJ: Julian Days
# name 1 = prSM: Pressure, Strain Gauge [db]
# name 2 = c0mS/cm: Conductivity [mS/cm]
# name 3 = t090C: Temperature [ITS-90, deg C]
# name 4 = oxML/L: Oxygen, Beckman/YSI [ml/l]
# name 5 = depSM: Depth [salt water, m], lat = 47.5
# name 6 = sal00: Salinity, Practical [PSU]
# name 7 = sigma-é00: Density [sigma-theta, kg/m^3]
# name 8 = flag: flag
# span 0 = 156.932016, 159.267119       
# span 1 =      2.000,     50.000       
# span 2 =  35.117729,  37.332773       
# span 3 =     8.6653,    14.2356       
# span 4 =    3.29491,    7.79570       
# span 5 =      1.983,     49.577       
# span 6 =    30.2684,    33.1689       
# span 7 =    22.5147,    25.7371       
# span 8 = 0.0000e+00, 0.0000e+00       
# interval = decibars: 1                
# start_time = Jun 07 2005 10:51:47 [Instrument's time stamp, header]
# bad_flag = -9.990e-29
*END*
 158.454992      2.000  37.332773    14.2356    7.22191      1.983    30.5556    22.7073 0.0000e+00
 158.455032      3.000  37.322357    14.2216    7.20187      2.975    30.5566    22.7111 0.0000e+00
 156.932016      6.000  36.895852    13.9986    7.26468      5.950    30.2684    22.5147 0.0000e+00
 158.455584      7.000  37.227549    14.0243    7.43876      6.941    30.6252    22.8042 0.0000e+00
 158.455602      8.000  37.124717    13.5988    7.75248      7.933    30.8713    23.0794 0.0000e+00
 158.455618      9.000  36.949979    13.2854    7.78557      8.925    30.9624    23.2118 0.0000e+00
 158.455636     10.000  36.878121    13.1631    7.79570      9.916    30.9946    23.2606 0.0000e+00
 158.455659     11.000  36.801427    13.0291    7.71027     10.908    31.0318    23.3154 0.0000e+00
 159.267119     13.000  36.915000    12.9322    7.51489     12.891    31.2540    23.5153 0.0000e+00
 158.456105     14.000  36.487991    12.2914    7.29092     13.883    31.3445    23.6977 0.0000e+00
 158.456121     15.000  36.293119    12.0011    7.23934     14.874    31.4008    23.7954 0.0000e+00
 158.456135     16.000  36.266788    11.9219    6.83891     15.866    31.4418    23.8417 0.0000e+00
 158.456149     17.000  36.245022    11.8098    6.10056     16.858    31.5152    23.9192 0.0000e+00
 158.456161     18.000  36.211685    11.5977    5.52651     17.849    31.6629    24.0724 0.0000e+00
 158.456175     19.000  36.161260    11.3491    5.21090     18.840    31.8267    24.2442 0.0000e+00
 158.456190     20.000  36.087361    11.1165    5.13134     19.832    31.9551    24.3852 0.0000e+00
 158.456210     21.000  36.003348    10.9275    5.26891     20.824    32.0363    24.4816 0.0000e+00
 158.997491     23.000  35.910811    10.4213    4.62068     22.807    32.4092    24.8638 0.0000e+00
 158.456577     24.000  35.648413    10.0248    4.37574     23.798    32.4794    24.9807 0.0000e+00
 158.456593     25.000  35.558337     9.8576    4.32155     24.790    32.5383    25.0542 0.0000e+00
 158.456611     26.000  35.498647     9.7834    4.19489     25.782    32.5441    25.0709 0.0000e+00
 158.456628     27.000  35.450520     9.6040    4.01360     26.773    32.6572    25.1885 0.0000e+00
 158.456646     28.000  35.436254     9.4833    3.88475     27.764    32.7522    25.2822 0.0000e+00
 158.456667     29.000  35.443201     9.4584    3.91049     28.756    32.7816    25.3093 0.0000e+00
 158.456696     30.000  35.442964     9.4454    3.87815     29.747    32.7928    25.3201 0.0000e+00
 158.456727     31.000  35.429611     9.3782    3.86105     30.739    32.8402    25.3681 0.0000e+00
 158.457094     32.000  35.425446     9.4067    3.85403     31.731    32.8094    25.3393 0.0000e+00
 158.457171     33.000  35.427079     9.4019    3.83838     32.722    32.8150    25.3445 0.0000e+00
 158.457190     34.000  35.428984     9.3894    3.81965     33.713    32.8281    25.3567 0.0000e+00
 158.457206     35.000  35.426487     9.3781    3.81050     34.705    32.8353    25.3642 0.0000e+00
 158.457222     36.000  35.418444     9.3586    3.81104     35.697    32.8445    25.3745 0.0000e+00
 158.457240     37.000  35.406875     9.3362    3.79182     36.688    32.8527    25.3845 0.0000e+00
 158.457256     38.000  35.397289     9.3129    3.76268     37.680    32.8639    25.3970 0.0000e+00
 158.457272     39.000  35.383086     9.2723    3.75195     38.671    32.8861    25.4209 0.0000e+00
 158.457292     40.000  35.364502     9.2380    3.74165     39.662    32.8980    25.4356 0.0000e+00
 158.457320     41.000  35.367633     9.2345    3.72344     40.654    32.9040    25.4409 0.0000e+00
 157.853360     43.000  35.176041     9.0609    3.61427     42.636    32.8466    25.4191 0.0000e+00
 158.457871     44.000  35.290787     9.0542    3.60556     43.628    32.9897    25.5364 0.0000e+00
 158.457887     45.000  35.280998     9.0344    3.60085     44.620    32.9974    25.5456 0.0000e+00
 158.457901     46.000  35.267849     9.0109    3.60821     45.611    33.0051    25.5553 0.0000e+00
 158.457916     47.000  35.251209     8.9862    3.55183     46.602    33.0103    25.5632 0.0000e+00
 158.457932     48.000  35.226447     8.9147    3.45438     47.594    33.0505    25.6059 0.0000e+00
 158.457949     49.000  35.168971     8.7736    3.34067     48.585    33.1217    25.6835 0.0000e+00
 158.457969     50.000  35.117729     8.6653    3.29491     49.577    33.1689    25.7371 0.0000e+00
