data/oxygen options/OCNMS/OCNMS2/raw_data/2005/CTD_TH30_081505faed.cnv
* Sea-Bird SBE19 Data File:
* FileName = C:\Hypoxia Data\TH30_081505.hex
* Software Version 1.1.6
* Temperature SN = 2997
* Conductivity SN = 2997
* System UpLoad Time = Aug 15 2005 18:34:38
* SEACAT PROFILER V3.1c SN 2997   08/15/05  18:33:49.573
* strain gauge pressure sensor: S/N = 184829,  range = 3000 psia,  tc = 40
# nquan = 9                                 
# nvalues = 1078                        
# units = specified
# name 0 = timeJ: Julian Days
# name 1 = prSM: Pressure, Strain Gauge [db]
# name 2 = c0mS/cm: Conductivity [mS/cm]
# name 3 = t090C: Temperature [ITS-90, deg C]
# name 4 = oxML/L: Oxygen, Beckman/YSI [ml/l]
# name 5 = depSM: Depth [salt water, m], lat = 47.5
# name 6 = sal00: Salinity, Practical [PSU]
# name 7 = sigma-é00: Density [sigma-theta, kg/m^3]
# name 8 = flag: flag
# span 0 = 227.754491, 227.760723       
# span 1 =     -3.588,     32.875       
# span 2 =   0.271126,  36.637337       
# span 3 =     7.7803,    12.7967       
# span 4 =  -12.70207,   29.84671       
# span 5 =     -3.558,     32.598       
# span 6 =     0.1704,    33.5291       
# span 7 =    -0.4624,    26.1273       
# span 8 = 0.0000e+00, 0.0000e+00       
# interval = seconds: 0.5
# start_time = Aug 15 2005 18:06:28 [Instrument's time stamp, header]
# bad_flag = -9.990e-29
*END*
[from data line 961]
 227.760052      1.830   0.341831    11.1958   -0.12882      1.815     0.2248    -0.2365 -9.990e-29
 227.760058      1.848   0.341042    11.1980   -0.12882      1.833     0.2242    -0.2372 -9.990e-29
 227.760064      1.866   0.341024    11.2000   -0.12881      1.850     0.2242    -0.2374 -9.990e-29
 227.760069      1.879   0.341198    11.2021   -0.12881      1.863     0.2243    -0.2375 -9.990e-29
 227.760075      1.883   0.341240    11.2042   -0.12879      1.867     0.2243    -0.2377 -9.990e-29
 227.760081      1.878   0.341205    11.2062   -0.12879      1.862     0.2243    -0.2380 -9.990e-29
 227.760087      1.864   0.341048    11.2084   -0.12879      1.848     0.2242    -0.2383 -9.990e-29
 227.760093      1.843   0.340557    11.2109   -0.12878      1.828     0.2238    -0.2388 -9.990e-29
 227.760098      1.824   0.339633    11.2131   -0.12877      1.809     0.2232    -0.2396 -9.990e-29
 227.760104      1.809   0.338705    11.2146   -0.12877      1.794     0.2226    -0.2402 -9.990e-29
 227.760110      1.797   0.338200    11.2157   -0.12876      1.782     0.2222    -0.2406 -9.990e-29
 227.760116      1.788   0.338002    11.2171   -0.12876      1.773     0.2221    -0.2409 -9.990e-29
 227.760122      1.781   0.337846    11.2190   -0.12875      1.766     0.2220    -0.2411 -9.990e-29
 227.760127      1.776   0.337522    11.2211   -0.12874      1.761     0.2217    -0.2415 -9.990e-29
 227.760133      1.772   0.337153    11.2229   -0.12873      1.757     0.2215    -0.2419 -9.990e-29
 227.760139      1.769   0.336803    11.2245   -0.12873      1.754     0.2212    -0.2423 -9.990e-29
 227.760145      1.767   0.336003    11.2265   -0.12873      1.752     0.2207    -0.2429 -9.990e-29
 227.760150      1.766   0.334797    11.2286   -0.12873      1.751     0.2199    -0.2438 -9.990e-29
 227.760156      1.765   0.333794    11.2303   -0.12871      1.750     0.2192    -0.2445 -9.990e-29
 227.760162      1.765   0.333322    11.2317   -0.12871      1.750     0.2188    -0.2449 -9.990e-29
 227.760168      1.765   0.333303    11.2334   -0.12872      1.750     0.2188    -0.2451 -9.990e-29
 227.760174      1.766   0.333158    11.2356   -0.12871      1.751     0.2187    -0.2454 -9.990e-29
 227.760179      1.768   0.332140    11.2376   -0.12870      1.753     0.2180    -0.2462 -9.990e-29
 227.760185      1.770   0.330554    11.2390   -0.12870      1.755     0.2169    -0.2472 -9.990e-29
 227.760191      1.774   0.329614    11.2400   -0.12870      1.759     0.2163    -0.2478 -9.990e-29
 227.760197      1.778   0.329729    11.2411   -0.12870      1.763     0.2164    -0.2478 -9.990e-29
 227.760203      1.784   0.329943    11.2427   -0.12870      1.769     0.2165    -0.2479 -9.990e-29
 227.760208      1.788   0.329432    11.2443   -0.12870      1.773     0.2162    -0.2484 -9.990e-29
 227.760214      1.785   0.328624    11.2453   -0.12869      1.770     0.2156    -0.2489 -9.990e-29
 227.760220      1.779   0.328105    11.2460   -0.12868      1.764     0.2152    -0.2492 -9.990e-29
 227.760226      1.775   0.327739    11.2470   -0.12868      1.760     0.2150    -0.2495 -9.990e-29
 227.760231      1.772   0.327592    11.2482   -0.12867      1.757     0.2149    -0.2498 -9.990e-29
 227.760237      1.770   0.328021    11.2493   -0.12866      1.755     0.2152    -0.2496 -9.990e-29
 227.760243      1.769   0.328492    11.2499   -0.12866      1.754     0.2155    -0.2495 -9.990e-29
 227.760249      1.769   0.327968    11.2500   -0.12866      1.754     0.2151    -0.2498 -9.990e-29
 227.760255      1.769   0.326305    11.2502   -0.12865      1.754     0.2140    -0.2506 -9.990e-29
 227.760260      1.771   0.324612    11.2510   -0.12865      1.756     0.2129    -0.2516 -9.990e-29
 227.760266      1.773   0.324512    11.2525   -0.12864      1.758     0.2128    -0.2518 -9.990e-29
 227.760272      1.777   0.326427    11.2543   -0.12863      1.762     0.2141    -0.2510 -9.990e-29
 227.760278      1.782   0.329029    11.2559   -0.12862      1.767     0.2158    -0.2498 -9.990e-29
 227.760284      1.788   0.330798    11.2576   -0.12862      1.773     0.2170    -0.2491 -9.990e-29
 227.760289      1.797   0.331321    11.2594   -0.12861      1.782     0.2173    -0.2490 -9.990e-29
 227.760295      1.808   0.331295    11.2609   -0.12861      1.793     0.2173    -0.2492 -9.990e-29
 227.760301      1.823   0.331237    11.2623   -0.12860      1.808     0.2173    -0.2494 -9.990e-29
 227.760307      1.837   0.331072    11.2639   -0.12860      1.822     0.2171    -0.2496 -9.990e-29
 227.760313      1.844   0.330579    11.2656   -0.12860      1.829     0.2168    -0.2501 -9.990e-29
 227.760318      1.839   0.329655    11.2673   -0.12859      1.824     0.2162    -0.2508 -9.990e-29
 227.760324      1.827   0.328733    11.2690   -0.12858      1.812     0.2155    -0.2514 -9.990e-29
 227.760330      1.814   0.328246    11.2706   -0.12857      1.799     0.2152    -0.2519 -9.990e-29
 227.760336      1.806   0.328100    11.2720   -0.12857      1.791     0.2151    -0.2521 -9.990e-29
 227.760341      1.801   0.328099    11.2735   -0.12857      1.786     0.2151    -0.2523 -9.990e-29
 227.760347      1.798   0.328242    11.2751   -0.12857      1.783     0.2152    -0.2524 -9.990e-29
 227.760353      1.799   0.328167    11.2768   -0.12857      1.784     0.2151    -0.2526 -9.990e-29
 227.760359      1.802   0.327218    11.2783   -0.12855      1.787     0.2145    -0.2532 -9.990e-29
 227.760365      1.808   0.325794    11.2798   -0.12855      1.793     0.2135    -0.2542 -9.990e-29
 227.760370      1.813   0.324768    11.2815   -0.12854      1.798     0.2128    -0.2549 -9.990e-29
 227.760376      1.809   0.323880    11.2833   -0.12854      1.794     0.2122    -0.2556 -9.990e-29
 227.760382      1.795   0.322500    11.2849   -0.12854      1.780     0.2113    -0.2565 -9.990e-29
 227.760388      1.784   0.321006    11.2861   -0.12853      1.769     0.2103    -0.2574 -9.990e-29
 227.760394      1.783   0.320179    11.2870   -0.12852      1.768     0.2097    -0.2579 -9.990e-29
 227.760399      1.788   0.320024    11.2881   -0.12852      1.773     0.2096    -0.2581 -9.990e-29
 227.760405      1.795   0.319782    11.2899   -0.12851      1.780     0.2094    -0.2584 -9.990e-29
 227.760411      1.800   0.318575    11.2920   -0.12851      1.785     0.2086    -0.2593 -9.990e-29
 227.760417      1.800   0.316457    11.2940   -0.12850      1.785     0.2072    -0.2606 -9.990e-29
 227.760422      1.798   0.314487    11.2957   -0.12849      1.783     0.2058    -0.2619 -9.990e-29
 227.760428      1.799   0.313363    11.2971   -0.12849      1.784     0.2051    -0.2626 -9.990e-29
 227.760434      1.803   0.312695    11.2985   -0.12849      1.788     0.2046    -0.2631 -9.990e-29
 227.760440      1.805   0.312146    11.3001   -0.12849      1.790     0.2042    -0.2636 -9.990e-29
 227.760446      1.801   0.312095    11.3017   -0.12848      1.786     0.2042    -0.2638 -9.990e-29
 227.760451      1.797   0.312475    11.3029   -0.12847      1.782     0.2044    -0.2637 -9.990e-29
 227.760457      1.795   0.312683    11.3039   -0.12847      1.780     0.2046    -0.2637 -9.990e-29
 227.760463      1.795   0.312440    11.3053   -0.12846      1.780     0.2044    -0.2640 -9.990e-29
 227.760469      1.798   0.311976    11.3071   -0.12845      1.783     0.2041    -0.2644 -9.990e-29
 227.760475      1.804   0.311782    11.3088   -0.12845      1.789     0.2039    -0.2647 -9.990e-29
 227.760480      1.812   0.312154    11.3101   -0.12844      1.797     0.2042    -0.2647 -9.990e-29
 227.760486      1.825   0.313034    11.3112   -0.12844      1.810     0.2048    -0.2643 -9.990e-29
 227.760492      1.837   0.313931    11.3125   -0.12844      1.822     0.2054    -0.2640 -9.990e-29
 227.760498      1.842   0.314379    11.3141   -0.12843      1.827     0.2057    -0.2639 -9.990e-29
 227.760503      1.839   0.314419    11.3159   -0.12843      1.824     0.2057    -0.2641 -9.990e-29
 227.760509      1.837   0.314105    11.3176   -0.12842      1.822     0.2055    -0.2645 -9.990e-29
 227.760515      1.836   0.313574    11.3192   -0.12842      1.821     0.2051    -0.2649 -9.990e-29
 227.760521      1.832   0.313224    11.3207   -0.12841      1.817     0.2049    -0.2653 -9.990e-29
 227.760527      1.828   0.313145    11.3220   -0.12840      1.813     0.2048    -0.2655 -9.990e-29
 227.760532      1.825   0.313231    11.3232   -0.12839      1.810     0.2048    -0.2655 -9.990e-29
 227.760538      1.817   0.313598    11.3243   -0.12839      1.802     0.2051    -0.2655 -9.990e-29
 227.760544      1.810   0.314181    11.3254   -0.12838      1.795     0.2055    -0.2653 -9.990e-29
 227.760550      1.805   0.314648    11.3266   -0.12840      1.790     0.2058    -0.2652 -9.990e-29
 227.760556      1.804   0.315068    11.3278   -0.12839      1.789     0.2061    -0.2651 -9.990e-29
 227.760561      1.805   0.315447    11.3293   -0.12838      1.790     0.2063    -0.2651 -9.990e-29
 227.760567      1.810   0.315180    11.3312   -0.12837      1.795     0.2061    -0.2654 -9.990e-29
 227.760573      1.818   0.313910    11.3333   -0.12836      1.803     0.2052    -0.2663 -9.990e-29
 227.760579      1.826   0.312163    11.3353   -0.12836      1.811     0.2041    -0.2674 -9.990e-29
 227.760584      1.830   0.310936    11.3370   -0.12835      1.815     0.2032    -0.2683 -9.990e-29
 227.760590      1.834   0.310812    11.3383   -0.12835      1.819     0.2031    -0.2685 -9.990e-29
 227.760596      1.839   0.311623    11.3387   -0.12835      1.824     0.2037    -0.2681 -9.990e-29
 227.760602      1.840   0.312787    11.3390   -0.12835      1.825     0.2045    -0.2675 -9.990e-29
 227.760608      1.839   0.313638    11.3400   -0.12835      1.824     0.2050    -0.2672 -9.990e-29
 227.760613      1.834   0.313650    11.3419   -0.12833      1.819     0.2050    -0.2674 -9.990e-29
 227.760619      1.829   0.312838    11.3443   -0.12832      1.814     0.2045    -0.2681 -9.990e-29
 227.760625      1.826   0.311782    11.3463   -0.12832      1.811     0.2038    -0.2689 -9.990e-29
 227.760631      1.818   0.311294    11.3473   -0.12832      1.803     0.2034    -0.2692 -9.990e-29
 227.760637      1.809   0.311831    11.3478   -0.12832      1.794     0.2038    -0.2690 -9.990e-29
 227.760642      1.804   0.313000    11.3483   -0.12832      1.789     0.2046    -0.2684 -9.990e-29
 227.760648      1.803   0.314141    11.3493   -0.12831      1.788     0.2053    -0.2679 -9.990e-29
 227.760654      1.804   0.314559    11.3508   -0.12830      1.789     0.2056    -0.2679 -9.990e-29
 227.760660      1.808   0.313701    11.3527   -0.12829      1.793     0.2050    -0.2686 -9.990e-29
 227.760666      1.811   0.312088    11.3547   -0.12829      1.796     0.2039    -0.2696 -9.990e-29
 227.760671      1.809   0.310896    11.3565 -9.990e-29      1.794     0.2031    -0.2704 -9.990e-29
 227.760677      1.806   0.310751    11.3577 -9.990e-29      1.791     0.2030    -0.2707 -9.990e-29
 227.760683      1.807   0.311461    11.3586 -9.990e-29      1.792     0.2035    -0.2704 -9.990e-29
 227.760689      1.810   0.312310    11.3592 -9.990e-29      1.795     0.2040    -0.2700 -9.990e-29
 227.760694      1.817   0.312766    11.3601 -9.990e-29      1.802     0.2043    -0.2699 -9.990e-29
 227.760700      1.828   0.312882    11.3616 -9.990e-29      1.813     0.2044    -0.2700 -9.990e-29
 227.760706      1.839   0.312811    11.3633 -9.990e-29      1.824     0.2044    -0.2702 -9.990e-29
 227.760712      1.843   0.312460    11.3645 -9.990e-29      1.828     0.2041    -0.2705 -9.990e-29
 227.760718      1.840   0.311916    11.3649 -9.990e-29      1.825     0.2037    -0.2708 -9.990e-29
 227.760723      1.837   0.311562 -9.990e-29 -9.990e-29      1.822 -9.990e-29 -9.990e-29 -9.990e-29
