data/oxygen options/OCNMS/OCNMS2/raw_data/2005/CTD_CE10_070605faed.cnv
* Sea-Bird SBE19 Data File:
* FileName = C:\Hypoxia Data\CE10_070605.hex
* Software Version 1.1.6
* Temperature SN = 2997
* Conductivity SN = 2997
* System UpLoad Time = Jul 06 2005 13:38:23
* SEACAT PROFILER V3.1c SN 2997   07/06/05  13:39:01.396
* strain gauge pressure sensor: S/N = 184829,  range = 3000 psia,  tc = 40
# nquan = 9                                 
# nvalues = 596                         
# units = specified
# name 0 = timeJ: Julian Days
# name 1 = prSM: Pressure, Strain Gauge [db]
# name 2 = c0mS/cm: Conductivity [mS/cm]
# name 3 = t090C: Temperature [ITS-90, deg C]
# name 4 = oxML/L: Oxygen, Beckman/YSI [ml/l]
# name 5 = depSM: Depth [salt water, m], lat = 47.5
# name 6 = sal00: Salinity, Practical [PSU]
# name 7 = sigma-é00: Density [sigma-theta, kg/m^3]
# name 8 = flag: flag
# span 0 = 187.554537, 187.557980       
# span 1 =     -4.078,     11.960       
# span 2 =   0.101897,  38.808123       
# span 3 =    14.5418,    17.2100       
# span 4 =   -0.11038,   23.34370       
# span 5 =     -4.044,     11.860       
# span 6 =     0.0594,    31.2517       
# span 7 =    -1.1926,    23.1805       
# span 8 = 0.0000e+00, 0.0000e+00       
# interval = seconds: 0.5
# start_time = Jul 06 2005 13:18:32 [Instrument's time stamp, header]
# bad_flag = -9.990e-29
*END*
[from data line 321]
 187.556395      1.595  38.700094    15.6671    6.36636      1.582    30.6588    22.4844 -9.990e-29
 187.556400      1.597  38.724676    15.7208    6.38491      1.584    30.6388    22.4573 -9.990e-29
 187.556406      1.614  38.743083    15.7367    6.43145      1.601    30.6427    22.4568 -9.990e-29
 187.556412      1.644  38.746780    15.7294    6.47510      1.630    30.6516    22.4652 -9.990e-29
 187.556418      1.679  38.741260    15.7291    6.49106      1.665    30.6469    22.4617 -9.990e-29
 187.556424      1.709  38.738221    15.7398    6.47804      1.695    30.6359    22.4510 -9.990e-29
 187.556429      1.723  38.739768    15.7694    6.46758      1.709    30.6144    22.4279 -9.990e-29
 187.556435      1.723  38.750199    15.8315    6.43983      1.709    30.5755    22.3845 -9.990e-29
 187.556441      1.716  38.775563    15.8963    6.41801      1.702    30.5478    22.3489 -9.990e-29
 187.556447      1.710  38.800318    15.9240    6.37336      1.696    30.5482    22.3431 -9.990e-29
 187.556453      1.711  38.808123    15.9192    6.32169      1.697    30.5587    22.3523 -9.990e-29
 187.556458      1.712  38.804906    15.9049    6.32979      1.698    30.5669    22.3617 -9.990e-29
 187.556464      1.711  38.800955    15.8828    6.34686      1.697    30.5805    22.3770 -9.990e-29
 187.556470      1.712  38.795476    15.8398    6.39243      1.698    30.6089    22.4083 -9.990e-29
 187.556476      1.722  38.781716    15.7653    6.37880      1.708    30.6545    22.4596 -9.990e-29
 187.556481      1.743  38.755339    15.6889    6.36589      1.728    30.6905    22.5040 -9.990e-29
 187.556487      1.763  38.727713    15.6648    6.36437      1.748    30.6849    22.5049 -9.990e-29
 187.556493      1.775  38.719184    15.6846    6.37887      1.760    30.6620    22.4830 -9.990e-29
 187.556499      1.784  38.726203    15.6969    6.40434      1.769    30.6586    22.4777 -9.990e-29
 187.556505      1.795  38.731200    15.6769    6.40003      1.780    30.6785    22.4974 -9.990e-29
 187.556510      1.808  38.723451    15.6528    6.38517      1.793    30.6904    22.5118 -9.990e-29
 187.556516      1.820  38.713934    15.6620    6.36866      1.805    30.6749    22.4979 -9.990e-29
 187.556522      1.824  38.719669    15.6895    6.35723      1.809    30.6586    22.4793 -9.990e-29
 187.556528      1.819  38.728095    15.7095    6.36477      1.804    30.6505    22.4688 -9.990e-29
 187.556534      1.813  38.731372    15.7099    6.39436      1.798    30.6531    22.4706 -9.990e-29
 187.556539      1.812  38.729946    15.6942    6.43545      1.797    30.6640    22.4825 -9.990e-29
 187.556545      1.813  38.723592    15.6902    6.46988      1.798    30.6615    22.4814 -9.990e-29
 187.556551      1.819  38.724022    15.7080    6.47200      1.804    30.6481    22.4672 -9.990e-29
 187.556557      1.824  38.731795    15.7299    6.43154      1.809    30.6379    22.4546 -9.990e-29
 187.556563      1.821  38.737634    15.7543    6.38125      1.806    30.6242    22.4387 -9.990e-29
 187.556568      1.809  38.745395    15.7922    6.36002      1.794    30.6017    22.4132 -9.990e-29
 187.556574      1.796  38.760936    15.8349    6.37914      1.781    30.5823    22.3889 -9.990e-29
 187.556580      1.786  38.776370    15.8556    6.42352      1.771    30.5799    22.3825 -9.990e-29
 187.556586      1.782  38.781428    15.8340    6.43445      1.767    30.6010    22.4035 -9.990e-29
 187.556591      1.788  38.771078    15.7899    6.42237      1.773    30.6260    22.4324 -9.990e-29
 187.556597      1.801  38.753954    15.7691    6.36992      1.786    30.6271    22.4377 -9.990e-29
 187.556603      1.812  38.748152    15.7900    6.33780      1.797    30.6058    22.4168 -9.990e-29
 187.556609      1.818  38.757690    15.8237    6.36826      1.803    30.5881    22.3958 -9.990e-29
 187.556615      1.828  38.769474    15.8296    6.41373      1.813    30.5939    22.3990 -9.990e-29
 187.556620      1.851  38.770611    15.7988    6.43766      1.836    30.6187    22.4248 -9.990e-29
 187.556626      1.880  38.759817    15.7495    6.39908      1.864    30.6474    22.4576 -9.990e-29
 187.556632      1.900  38.741202    15.7125    6.30228      1.884    30.6597    22.4752 -9.990e-29
 187.556638      1.903  38.723579    15.7118    6.24886      1.887    30.6447    22.4638 -9.990e-29
 187.556644      1.899  38.715398    15.7286    6.26482      1.883    30.6245    22.4446 -9.990e-29
 187.556649      1.899  38.710786    15.7125    6.34243      1.883    30.6329    22.4546 -9.990e-29
 187.556655      1.909  38.701907    15.6332    6.43638      1.893    30.6866    22.5132 -9.990e-29
 187.556661      1.924  38.683662    15.5279    6.46026      1.908    30.7525    22.5867 -9.990e-29
 187.556667      1.932  38.658643    15.4672    6.42158      1.916    30.7777    22.6192 -9.990e-29
 187.556672      1.926  38.645630    15.4707    6.34921      1.910    30.7635    22.6075 -9.990e-29
 187.556678      1.914  38.653045    15.5104    6.26521      1.898    30.7390    22.5801 -9.990e-29
 187.556684      1.903  38.670011    15.5616    6.27074      1.887    30.7141    22.5499 -9.990e-29
 187.556690      1.893  38.688308    15.5988    6.35478      1.877    30.7013    22.5320 -9.990e-29
 187.556696      1.888  38.702616    15.5849    6.44877      1.872    30.7248    22.5530 -9.990e-29
 187.556701      1.891  38.697813    15.5109    6.49753      1.875    30.7783    22.6102 -9.990e-29
 187.556707      1.898  38.667506    15.4350    6.47093      1.882    30.8108    22.6516 -9.990e-29
 187.556713      1.901  38.636341    15.4432    6.40781      1.885    30.7767    22.6237 -9.990e-29
 187.556719      1.897  38.637336    15.5353    6.36053      1.881    30.7057    22.5491 -9.990e-29
 187.556725      1.888  38.668431    15.6284    6.35717      1.872    30.6608    22.4944 -9.990e-29
 187.556730      1.884  38.697616    15.6742    6.36728      1.868    30.6510    22.4768 -9.990e-29
 187.556736      1.888  38.709430    15.6730    6.39697      1.872    30.6623    22.4858 -9.990e-29
 187.556742      1.896  38.707868    15.6466    6.41060      1.880    30.6814    22.5063 -9.990e-29
 187.556748      1.900  38.700390    15.6269    6.43615      1.884    30.6902    22.5173 -9.990e-29
 187.556753      1.901  38.696091    15.6219    6.43502      1.885    30.6902    22.5184 -9.990e-29
 187.556759      1.906  38.696522    15.6234    6.38875      1.890    30.6895    22.5175 -9.990e-29
 187.556765      1.916  38.698887    15.6310    6.33186      1.900    30.6856    22.5129 -9.990e-29
 187.556771      1.928  38.703537    15.6420    6.26800      1.912    30.6812    22.5071 -9.990e-29
 187.556777      1.943  38.708820    15.6456    6.26762      1.927    30.6830    22.5077 -9.990e-29
 187.556782      1.957  38.709442    15.6259    6.34300      1.941    30.6989    22.5242 -9.990e-29
 187.556788      1.966  38.700067    15.5770    6.43876      1.950    30.7287    22.5577 -9.990e-29
 187.556794      1.972  38.682777    15.5057    6.48606      1.956    30.7690    22.6042 -9.990e-29
 187.556800      1.974  38.659756    15.4281    6.43762      1.958    30.8093    22.6520 -9.990e-29
 187.556806      1.973  38.631709    15.3907    6.33343      1.957    30.8137    22.6634 -9.990e-29
 187.556811      1.968  38.620673    15.4247    6.27153      1.952    30.7773    22.6281 -9.990e-29
 187.556817      1.960  38.638837    15.4960    6.29894      1.944    30.7377    22.5822 -9.990e-29
 187.556823      1.952  38.666661    15.5353    6.37879      1.936    30.7317    22.5691 -9.990e-29
 187.556829      1.952  38.680124    15.4959    6.45464      1.936    30.7743    22.6104 -9.990e-29
 187.556834      1.965  38.664670    15.4103    6.46868      1.949    30.8276    22.6699 -9.990e-29
 187.556840      1.982  38.632233    15.3656    6.44162      1.965    30.8338    22.6843 -9.990e-29
 187.556846      1.989  38.615268    15.4008    6.41019      1.972    30.7912    22.6439 -9.990e-29
 187.556852      1.980  38.629828    15.4766    6.38180      1.963    30.7448    22.5919 -9.990e-29
 187.556858      1.968  38.659417    15.5429    6.37209      1.952    30.7193    22.5579 -9.990e-29
 187.556863      1.965  38.680684    15.5770    6.37940      1.949    30.7116    22.5446 -9.990e-29
 187.556869      1.976  38.688355    15.5812    6.41481      1.959    30.7151    22.5463 -9.990e-29
 187.556875      1.997  38.688187    15.5740    6.43736      1.980    30.7205    22.5521 -9.990e-29
 187.556881      2.015  38.685568    15.5684    6.43711      1.998    30.7226    22.5549 -9.990e-29
 187.556887      2.025  38.683736    15.5681    6.40259      2.008    30.7212    22.5539 -9.990e-29
 187.556892      2.030  38.683609    15.5684    6.31343      2.013    30.7208    22.5536 -9.990e-29
 187.556898      2.035  38.683334    15.5632    6.26455      2.018    30.7246    22.5576 -9.990e-29
 187.556904      2.042  38.681423    15.5577    6.25287      2.025    30.7272    22.5608 -9.990e-29
 187.556910      2.049  38.680375    15.5425    6.32407      2.032    30.7381    22.5725 -9.990e-29
 187.556916      2.058  38.675988    15.4776    6.39867      2.041    30.7849    22.6225 -9.990e-29
 187.556921      2.069  38.652317    15.3663    6.44570      2.052    30.8511    22.6974 -9.990e-29
 187.556927      2.078  38.612017    15.2868    6.45845      2.061    30.8777    22.7350 -9.990e-29
 187.556933      2.078  38.587152    15.2761    6.44386      2.061    30.8640    22.7268 -9.990e-29
 187.556939      2.069  38.587162    15.3060    6.41288      2.052    30.8405    22.7023 -9.990e-29
 187.556944      2.058  38.598022    15.3546    6.37337      2.041    30.8120    22.6699 -9.990e-29
 187.556950      2.050  38.615145    15.4014    6.33916      2.033    30.7906    22.6433 -9.990e-29
 187.556956      2.043  38.631086    15.4286    6.31982      2.026    30.7834    22.6320 -9.990e-29
 187.556962      2.041  38.639627    15.4299    6.33485      2.024    30.7900    22.6367 -9.990e-29
 187.556968      2.049  38.639829    15.4120    6.35613      2.032    30.8042    22.6515 -9.990e-29
 187.556973      2.062  38.634212    15.3877    6.38525      2.045    30.8182    22.6676 -9.990e-29
 187.556979      2.078  38.626501    15.3637    6.41142      2.061    30.8302    22.6819 -9.990e-29
 187.556985      2.093  38.618747    15.3499    6.43477      2.076    30.8341    22.6879 -9.990e-29
 187.556991      2.100  38.615751    15.3559    6.43384      2.082    30.8267    22.6810 -9.990e-29
 187.556997      2.099  38.618560    15.3808    6.41988      2.081    30.8097    22.6625 -9.990e-29
 187.557002      2.093  38.625307    15.4217    6.39372      2.076    30.7837    22.6337 -9.990e-29
 187.557008      2.084  38.637697    15.4724    6.37718      2.067    30.7550    22.6007 -9.990e-29
 187.557014      2.074  38.653749    15.5161    6.40276      2.057    30.7352    22.5759 -9.990e-29
 187.557020      2.071  38.666829    15.5402    6.42487      2.054    30.7279    22.5652 -9.990e-29
 187.557025      2.080  38.673638    15.5421    6.42672      2.063    30.7325    22.5682 -9.990e-29
 187.557031      2.093  38.673729    15.5327    6.39368      2.076    30.7399    22.5760 -9.990e-29
 187.557037      2.097  38.670593    15.5309    6.29463      2.079    30.7385    22.5753 -9.990e-29
 187.557043      2.088  38.670141    15.5440    6.24339      2.071    30.7279    22.5643 -9.990e-29
 187.557049      2.070  38.674570    15.5583    6.26966      2.053    30.7207    22.5556 -9.990e-29
 187.557054      2.056  38.679128    15.5475    6.35246      2.039    30.7331    22.5676 -9.990e-29
 187.557060      2.056  38.674194    15.4853    6.42920      2.039    30.7773    22.6150 -9.990e-29
 187.557066      2.071  38.652637    15.3840    6.44568      2.054    30.8375    22.6832 -9.990e-29
 187.557072      2.088  38.619364    15.3146    6.40369      2.071    30.8624    22.7173 -9.990e-29
 187.557078      2.097  38.596178    15.3298    6.37366      2.079    30.8298    22.6890 -9.990e-29
 187.557083      2.098  38.602053    15.4054    6.38540      2.080    30.7758    22.6311 -9.990e-29
 187.557089      2.099  38.629103    15.4737    6.40969      2.081    30.7464    22.5938 -9.990e-29
 187.557095      2.110  38.652266    15.4922    6.40554      2.092    30.7525    22.5944 -9.990e-29
 187.557101      2.130  38.657021    15.4802    6.36935      2.112    30.7661    22.6075 -9.990e-29
 187.557106      2.148  38.650847    15.4755    6.30771      2.130    30.7643    22.6071 -9.990e-29
 187.557112      2.156  38.647943    15.4858    6.28898      2.138    30.7536    22.5967 -9.990e-29
 187.557118      2.156  38.651162    15.4977    6.33175      2.138    30.7472    22.5892 -9.990e-29
 187.557124      2.152  38.655820    15.4951    6.41364      2.134    30.7533    22.5945 -9.990e-29
 187.557130      2.151  38.655234    15.4564    6.46007      2.133    30.7831    22.6257 -9.990e-29
 187.557135      2.154  38.641336    15.3866    6.41809      2.136    30.8254    22.6733 -9.990e-29
 187.557141      2.152  38.617470    15.3465    6.37567      2.134    30.8356    22.6898 -9.990e-29
 187.557147      2.145  38.605086    15.3785    6.33444      2.127    30.7995    22.6552 -9.990e-29
 187.557153      2.142  38.618499    15.4410    6.37065      2.124    30.7625    22.6132 -9.990e-29
 187.557159      2.146  38.642494    15.4656    6.38148      2.128    30.7646    22.6095 -9.990e-29
 187.557164      2.158  38.651308    15.4370    6.35349      2.140    30.7948    22.6389 -9.990e-29
 187.557170      2.174  38.638763    15.3922    6.32442      2.156    30.8187    22.6670 -9.990e-29
 187.557176      2.183  38.620668    15.3715    6.32501      2.165    30.8188    22.6715 -9.990e-29
 187.557182      2.176  38.609901    15.3830    6.36725      2.158    30.8003    22.6548 -9.990e-29
 187.557188      2.161  38.612285    15.3824    6.41343      2.143    30.8029    22.6569 -9.990e-29
 187.557193      2.151  38.615852    15.3394    6.41571      2.133    30.8398    22.6945 -9.990e-29
 187.557199      2.145  38.603491    15.3010    6.38154      2.127    30.8589    22.7175 -9.990e-29
 187.557205      2.137  38.592377    15.3069    6.34366      2.119    30.8444    22.7051 -9.990e-29
 187.557211      2.133  38.597401    15.3432    6.33127      2.115    30.8204    22.6788 -9.990e-29
 187.557216      2.135  38.610671    15.3793    6.34827      2.117    30.8039    22.6583 -9.990e-29
 187.557222      2.144  38.621839    15.3907    6.39872      2.126    30.8049    22.6566 -9.990e-29
 187.557228      2.161  38.623934    15.3814    6.42994      2.143    30.8140    22.6657 -9.990e-29
 187.557234      2.182  38.619758    15.3749    6.44647      2.164    30.8154    22.6681 -9.990e-29
 187.557240      2.196  38.617764    15.3874    6.44176      2.178    30.8038    22.6566 -9.990e-29
 187.557245      2.196  38.622579    15.4250    6.42890      2.178    30.7787    22.6291 -9.990e-29
 187.557251      2.189  38.635573    15.4812    6.40656      2.171    30.7463    22.5920 -9.990e-29
 187.557257      2.188  38.653882    15.5350    6.38886      2.170    30.7205    22.5606 -9.990e-29
 187.557263      2.198  38.668837    15.5740    6.35568      2.180    30.7033    22.5389 -9.990e-29
 187.557269      2.214  38.677959    15.5904    6.31121      2.196    30.6986    22.5317 -9.990e-29
 187.557274      2.230  38.679959    15.5822    6.29526      2.211    30.7068    22.5398 -9.990e-29
 187.557280      2.242  38.675266    15.5683    6.33704      2.223    30.7134    22.5479 -9.990e-29
 187.557286      2.250  38.672768    15.5549    6.39913      2.231    30.7217    22.5572 -9.990e-29
 187.557292      2.255  38.671935    15.5187    6.44692      2.236    30.7492    22.5861 -9.990e-29
 187.557297      2.258  38.662682    15.4644    6.43721      2.239    30.7834    22.6242 -9.990e-29
 187.557303      2.255  38.646131    15.4488    6.40583      2.236    30.7809    22.6257 -9.990e-29
 187.557309      2.241  38.641148    15.4949    6.35575      2.222    30.7405    22.5846 -9.990e-29
