data/oxygen options/OCNMS/OCNMS2/raw_data/2005/CTD_CA40_081505faed.cnv
* Sea-Bird SBE19 Data File:
* FileName = C:\Hypoxia Data\CA40_081505.hex
* Software Version 1.1.6
* Temperature SN = 2997
* Conductivity SN = 2997
* System UpLoad Time = Aug 15 2005 14:41:03
* SEACAT PROFILER V3.1c SN 2997   08/15/05  14:40:17.321
* strain gauge pressure sensor: S/N = 184829,  range = 3000 psia,  tc = 40
# nquan = 9                                 
# nvalues = 696                         
# units = specified
# name 0 = timeJ: Julian Days
# name 1 = prSM: Pressure, Strain Gauge [db]
# name 2 = c0mS/cm: Conductivity [mS/cm]
# name 3 = t090C: Temperature [ITS-90, deg C]
# name 4 = oxML/L: Oxygen, Beckman/YSI [ml/l]
# name 5 = depSM: Depth [salt water, m], lat = 47.5
# name 6 = sal00: Salinity, Practical [PSU]
# name 7 = sigma-é00: Density [sigma-theta, kg/m^3]
# name 8 = flag: flag
# span 0 = 227.530475, 227.534497       
# span 1 =     -3.041,     43.420       
# span 2 =   1.081007,  36.384569       
# span 3 =     7.7345,    11.5990       
# span 4 =  -12.57970,   30.23857       
# span 5 =     -3.016,     43.053       
# span 6 =     0.7529,    33.4903       
# span 7 =     0.2333,    26.1262       
# span 8 = 0.0000e+00, 0.0000e+00       
# interval = seconds: 0.5
# start_time = Aug 15 2005 12:43:53 [Instrument's time stamp, header]
# bad_flag = -9.990e-29
*END*
 227.530475     -3.041 -9.990e-29    11.4287   -0.12672     -3.016 -9.990e-29 -9.990e-29 -9.990e-29
 227.530480     -3.030   1.527929    11.4302   -0.12588     -3.005     1.0596     0.3911 -9.990e-29
 227.530486     -3.016   1.562057    11.4325   -0.12545     -2.991     1.0844     0.4102 -9.990e-29
 227.530492     -2.999   1.585821    11.4358   -0.12469     -2.974     1.1016     0.4232 -9.990e-29
 227.530498     -2.976   1.575412    11.4398   -0.11370     -2.951     1.0939     0.4168 -9.990e-29
 227.530503     -2.947   1.542162    11.4440   -0.10459     -2.922     1.0695     0.3973 -9.990e-29
 227.530509     -2.910   1.502333    11.4485   -0.10436     -2.886     1.0404     0.3741 -9.990e-29
 227.530515     -2.862   1.459055    11.4548   -0.10460     -2.838     1.0088     0.3488 -9.990e-29
 227.530521     -2.804   1.442753    11.4669   -0.10489     -2.781     0.9967     0.3380 -9.990e-29
 227.530527     -2.742   1.560007    11.4912   -0.10504     -2.719     1.0812     0.4012 -9.990e-29
 227.530532     -2.676   1.948286    11.5262   -0.10546     -2.654     1.3646     0.6183 -9.990e-29
 227.530538     -2.601   2.706822    11.5582   -0.10561     -2.579     1.9293     1.0544 -9.990e-29
 227.530544     -2.517   3.952622    11.5801   -0.10561     -2.496     2.8809     1.7918 -9.990e-29
 227.530550     -2.419   6.273834    11.5946   -0.10575     -2.399     4.7141     3.2126 -9.990e-29
 227.530556     -2.288  11.703079    11.5990   -0.10589     -2.269     9.2146     6.6959 -9.990e-29
 227.530561     -2.120  20.862621    11.5797   -0.10593     -2.102    17.2707    12.9265 -9.990e-29
 227.530567     -1.924  29.521892    11.5201   -0.10596     -1.908    25.3160    19.1623 -9.990e-29
 227.530573     -1.707  34.036659    11.4276   -0.10585     -1.693    29.7027    22.5803 -9.990e-29
 227.530579     -1.487  35.555127    11.3263   -0.10580     -1.475    31.2621    23.8091 -9.990e-29
 227.530584     -1.295  36.066044    11.2324   -0.10584     -1.284    31.8424    24.2768 -9.990e-29
 227.530590     -1.138  36.227642    11.1630   -0.10585     -1.129    32.0614    24.4593 -9.990e-29
 227.530596     -1.012  36.243052    11.1165   -0.10582     -1.004    32.1170    24.5108 -9.990e-29
 227.530602     -0.908  36.227034    11.0728   -0.10587     -0.900    32.1394    24.5359 -9.990e-29
 227.530608     -0.820  36.219364    11.0336   -0.10593     -0.813    32.1661    24.5636 -9.990e-29
 227.530613     -0.741  36.213197    11.0130   -0.10589     -0.735    32.1780    24.5765 -9.990e-29
 227.530619     -0.673  36.205374    11.0153   -0.10588     -0.667    32.1683    24.5685 -9.990e-29
 227.530625     -0.618  36.192205    11.0316   -0.10581     -0.613    32.1410    24.5444 -9.990e-29
 227.530631     -0.577  36.176337    11.0434   -0.10577     -0.572    32.1150    24.5221 -9.990e-29
 227.530637     -0.547  36.168600    11.0441   -0.10576     -0.542    32.1067    24.5155 -9.990e-29
 227.530642     -0.524  36.168239    11.0421   -0.10577     -0.520    32.1081    24.5169 -9.990e-29
 227.530648     -0.496  36.167508    11.0376   -0.10581     -0.492    32.1113    24.5202 -9.990e-29
 227.530654     -0.457  36.167697    11.0267   -0.10580     -0.453    32.1210    24.5297 -9.990e-29
 227.530660     -0.414  36.174688    11.0189   -0.10574     -0.411    32.1347    24.5417 -9.990e-29
 227.530666     -0.385  36.184367    11.0231   -0.10577     -0.382    32.1406    24.5456 -9.990e-29
 227.530671     -0.377  36.183866    11.0354   -0.10576     -0.374    32.1293    24.5346 -9.990e-29
 227.530677     -0.377  36.173657    11.0506   -0.10573     -0.374    32.1059    24.5138 -9.990e-29
 227.530683     -0.371  36.167069    11.0628   -0.10569     -0.368    32.0888    24.4983 -9.990e-29
 227.530689     -0.355  36.169923    11.0683   -0.10569     -0.352    32.0868    24.4958 -9.990e-29
 227.530694     -0.333  36.177078    11.0684   -0.10569     -0.330    32.0937    24.5012 -9.990e-29
 227.530700     -0.312  36.180157    11.0666   -0.10570     -0.309    32.0983    24.5051 -9.990e-29
 227.530706     -0.293  36.175999    11.0684   -0.10572     -0.291    32.0927    24.5003 -9.990e-29
 227.530712     -0.273  36.170857    11.0733   -0.10574     -0.271    32.0833    24.4922 -9.990e-29
 227.530718     -0.249  36.172474    11.0770   -0.10574     -0.247    32.0817    24.4903 -9.990e-29
 227.530723     -0.229  36.177984    11.0822   -0.10576     -0.227    32.0825    24.4900 -9.990e-29
 227.530729     -0.212  36.179618    11.0909   -0.10570     -0.210    32.0766    24.4838 -9.990e-29
 227.530735     -0.187  36.179019    11.0992   -0.10557     -0.185    32.0687    24.4763 -9.990e-29
 227.530741     -0.150  36.180456    11.1033   -0.10561     -0.149    32.0665    24.4739 -9.990e-29
 227.530747     -0.101  36.183628    11.1037   -0.10565     -0.100    32.0693    24.4759 -9.990e-29
 227.530752     -0.050  36.187741    11.1016   -0.10561     -0.050    32.0752    24.4809 -9.990e-29
 227.530758     -0.013  36.190452    11.0969   -0.10561     -0.013    32.0819    24.4870 -9.990e-29
 227.530764      0.003  36.189790    11.0919   -0.10563      0.003    32.0856    24.4907 -9.990e-29
 227.530770      0.000  36.187138    11.0901   -0.10569      0.000    32.0846    24.4902 -9.990e-29
 227.530775     -0.003  36.184028    11.0955   -0.10572     -0.003    32.0768    24.4832 -9.990e-29
 227.530781      0.002  36.181946    11.1116   -0.10571      0.002    32.0607    24.4679 -9.990e-29
 227.530787      0.014  36.183182    11.1291   -0.10570      0.014    32.0467    24.4539 -9.990e-29
 227.530793      0.036  36.190530    11.1347   -0.10569      0.036    32.0490    24.4547 -9.990e-29
 227.530799      0.063  36.200357    11.1335   -0.10571      0.062    32.0597    24.4632 -9.990e-29
 227.530804      0.085  36.203925    11.1338   -0.10575      0.084    32.0630    24.4657 -9.990e-29
 227.530810      0.094  36.202089    11.1317   -0.10576      0.093    32.0630    24.4661 -9.990e-29
 227.530816      0.101  36.200272    11.1231   -0.10578      0.100    32.0687    24.4720 -9.990e-29
 227.530822      0.118  36.199439    11.1107   -0.10580      0.117    32.0787    24.4820 -9.990e-29
 227.530828      0.150  36.199064    11.1016   -0.10581      0.149    32.0862    24.4895 -9.990e-29
 227.530833      0.190  36.199791    11.0997   -0.10580      0.188    32.0886    24.4917 -9.990e-29
 227.530839      0.225  36.201485    11.1014   -0.10576      0.223    32.0888    24.4915 -9.990e-29
 227.530845      0.244  36.201939    11.1002   -0.10575      0.242    32.0902    24.4929 -9.990e-29
 227.530851      0.248  36.200660    11.0933   -0.10569      0.246    32.0950    24.4978 -9.990e-29
 227.530856      0.250  36.198769    11.0839   -0.10565      0.248    32.1013    24.5044 -9.990e-29
 227.530862      0.259  36.197134    11.0757   -0.10571      0.257    32.1069    24.5101 -9.990e-29
 227.530868      0.274  36.195840    11.0693   -0.10578      0.272    32.1112    24.5146 -9.990e-29
 227.530874      0.298  36.194305    11.0648   -0.10571      0.296    32.1136    24.5173 -9.990e-29
 227.530880      0.332  36.192745    11.0636   -0.10576      0.329    32.1131    24.5171 -9.990e-29
 227.530885      0.369  36.193027    11.0681   -0.10576      0.366    32.1094    24.5134 -9.990e-29
 227.530891      0.395  36.195551    11.0773   -0.10578      0.392    32.1039    24.5075 -9.990e-29
 227.530897      0.402  36.196414    11.0888   -0.10587      0.399    32.0947    24.4983 -9.990e-29
 227.530903      0.400  36.193424    11.1004   -0.10594      0.397    32.0816    24.4861 -9.990e-29
 227.530909      0.406  36.190470    11.1046   -0.10592      0.403    32.0750    24.4803 -9.990e-29
 227.530914      0.429  36.191490    11.0971   -0.10584      0.425    32.0826    24.4874 -9.990e-29
 227.530920      0.461  36.195065    11.0888   -0.10589      0.457    32.0933    24.4973 -9.990e-29
 227.530926      0.483  36.197575    11.0858   -0.10588      0.479    32.0984    24.5018 -9.990e-29
 227.530932      0.484  36.197340    11.0813   -0.10589      0.480    32.1021    24.5054 -9.990e-29
 227.530937      0.477  36.193505    11.0739   -0.10590      0.473    32.1048    24.5088 -9.990e-29
 227.530943      0.482  36.186589    11.0611   -0.10596      0.478    32.1092    24.5145 -9.990e-29
 227.530949      0.505  36.180290    11.0406   -0.10591      0.501    32.1209    24.5272 -9.990e-29
 227.530955      0.533  36.177448    11.0240   17.29273      0.529    32.1326    24.5392 -9.990e-29
 227.530961      0.552  36.178779    11.0228   28.60962      0.547    32.1349    24.5412 -9.990e-29
 227.530966      0.550  36.182710    11.0295   30.23857      0.545    32.1329    24.5385 -9.990e-29
 227.530972      0.531  36.183284    11.0323   26.52337      0.527    32.1311    24.5366 -9.990e-29
 227.530978      0.511  36.176247    11.0314   17.20306      0.507    32.1249    24.5319 -9.990e-29
 227.530984      0.501  36.165139    11.0282   13.77723      0.497    32.1167    24.5262 -9.990e-29
 227.530990      0.510  36.157039    11.0213   13.79931      0.506    32.1148    24.5258 -9.990e-29
 227.530995      0.542  36.154630    11.0155   13.77838      0.537    32.1175    24.5289 -9.990e-29
 227.531001      0.586  36.156404    11.0140   13.78652      0.581    32.1205    24.5316 -9.990e-29
 227.531007      0.624  36.157459    11.0116   13.79179      0.619    32.1236    24.5344 -9.990e-29
 227.531013      0.655  36.151369    11.0062   13.17108      0.650    32.1223    24.5344 -9.990e-29
 227.531019      0.683  36.137888    10.9986    7.44916      0.677    32.1156    24.5305 -9.990e-29
 227.531024      0.712  36.123736    10.9927    2.76849      0.706    32.1068    24.5247 -9.990e-29
 227.531030      0.738  36.115858    10.9956    0.48008      0.732    32.0965    24.5161 -9.990e-29
 227.531036      0.755  36.117228    11.0043    0.58420      0.749    32.0902    24.5097 -9.990e-29
 227.531042      0.764  36.123526    11.0090    2.95221      0.758    32.0923    24.5105 -9.990e-29
 227.531047      0.773  36.125789    11.0062    4.26696      0.767    32.0970    24.5147 -9.990e-29
 227.531053      0.785  36.122016    10.9984    4.82481      0.778    32.1001    24.5184 -9.990e-29
 227.531059      0.790  36.114487    10.9920    5.14381      0.783    32.0983    24.5181 -9.990e-29
 227.531065      0.789  36.108327    10.9930    5.32356      0.782    32.0913    24.5125 -9.990e-29
 227.531071      0.791  36.110481    10.9975    5.43419      0.784    32.0895    24.5103 -9.990e-29
 227.531076      0.799  36.116555    10.9967    5.49606      0.792    32.0962    24.5157 -9.990e-29
 227.531082      0.811  36.116168    10.9923    5.53322      0.804    32.0996    24.5192 -9.990e-29
 227.531088      0.822  36.111071    10.9970    5.55122      0.815    32.0905    24.5112 -9.990e-29
 227.531094      0.837  36.114114    11.0089    5.57081      0.830    32.0831    24.5034 -9.990e-29
 227.531100      0.859  36.122646    11.0146    5.58289      0.852    32.0865    24.5050 -9.990e-29
 227.531105      0.883  36.125079    11.0146    5.59647      0.876    32.0889    24.5069 -9.990e-29
 227.531111      0.911  36.124684    11.0145    5.60271      0.903    32.0886    24.5067 -9.990e-29
 227.531117      0.937  36.124882    11.0167    5.60267      0.929    32.0869    24.5049 -9.990e-29
 227.531123      0.953  36.126520    11.0233    5.60060      0.945    32.0827    24.5006 -9.990e-29
 227.531128      0.966  36.132365    11.0304    5.59669      0.958    32.0823    24.4990 -9.990e-29
 227.531134      0.979  36.137898    11.0348    5.59587      0.971    32.0839    24.4994 -9.990e-29
 227.531140      0.994  36.140429    11.0388    5.59766      0.986    32.0829    24.4980 -9.990e-29
 227.531146      1.008  36.143355    11.0442    5.60422      1.000    32.0810    24.4956 -9.990e-29
 227.531152      1.016  36.146677    11.0488    5.59391      1.008    32.0803    24.4942 -9.990e-29
 227.531157      1.025  36.148679    11.0533    5.58230      1.016    32.0783    24.4919 -9.990e-29
 227.531163      1.038  36.150372    11.0599    5.57425      1.029    32.0742    24.4875 -9.990e-29
 227.531169      1.057  36.154600    11.0647    5.56216      1.048    32.0742    24.4867 -9.990e-29
 227.531175      1.082  36.158610    11.0664    5.56959      1.073    32.0767    24.4883 -9.990e-29
 227.531181      1.112  36.159364    11.0692    5.58835      1.103    32.0750    24.4865 -9.990e-29
 227.531186      1.139  36.159573    11.0740    5.59591      1.129    32.0710    24.4825 -9.990e-29
 227.531192      1.161  36.160658    11.0801    5.60795      1.151    32.0667    24.4781 -9.990e-29
 227.531198      1.179  36.163711    11.0880    5.61136      1.169    32.0628    24.4737 -9.990e-29
 227.531204      1.195  36.170013    11.1016    5.64223      1.185    32.0572    24.4669 -9.990e-29
 227.531209      1.209  36.181999    11.1253    5.68369      1.199    32.0483    24.4558 -9.990e-29
 227.531215      1.222  36.201649    11.1530    5.71517      1.212    32.0435    24.4472 -9.990e-29
 227.531221      1.236  36.220596    11.1743    5.72511      1.226    32.0436    24.4435 -9.990e-29
 227.531227      1.247  36.231595    11.1960    5.71377      1.237    32.0355    24.4334 -9.990e-29
 227.531233      1.250  36.243717    11.2351    5.72034      1.240    32.0134    24.4093 -9.990e-29
 227.531238      1.252  36.273137    11.2831    5.72281      1.242    32.0006    24.3908 -9.990e-29
 227.531244      1.255  36.311988    11.3089    5.71449      1.245    32.0163    24.3984 -9.990e-29
 227.531250      1.261  36.329103    11.3073    5.69622      1.250    32.0345    24.4128 -9.990e-29
 227.531256      1.269  36.320967    11.3001    5.66300      1.258    32.0328    24.4127 -9.990e-29
 227.531262      1.281  36.310385    11.3013    5.65181      1.270    32.0213    24.4037 -9.990e-29
 227.531267      1.296  36.310729    11.3007    5.65213      1.285    32.0222    24.4044 -9.990e-29
 227.531273      1.317  36.312369    11.2899    5.66267      1.306    32.0332    24.4149 -9.990e-29
 227.531279      1.339  36.305167    11.2800    5.67425      1.328    32.0347    24.4178 -9.990e-29
 227.531285      1.356  36.298593    11.2780    5.66335      1.345    32.0300    24.4145 -9.990e-29
 227.531291      1.365  36.296781    11.2816    5.65664      1.354    32.0251    24.4101 -9.990e-29
 227.531296      1.370  36.298442    11.2869    5.64438      1.359    32.0221    24.4068 -9.990e-29
 227.531302      1.381  36.302997    11.2913    5.64161      1.369    32.0227    24.4065 -9.990e-29
 227.531308      1.397  36.306433    11.2987    5.65888      1.385    32.0197    24.4028 -9.990e-29
 227.531314      1.412  36.312222    11.3068    5.66187      1.400    32.0183    24.4003 -9.990e-29
 227.531319      1.423  36.320239    11.3056    5.66570      1.411    32.0272    24.4075 -9.990e-29
 227.531325      1.429  36.322119    11.2945    5.66014      1.417    32.0387    24.4184 -9.990e-29
 227.531331      1.431  36.315331    11.2907    5.65791      1.419    32.0353    24.4164 -9.990e-29
 227.531337      1.434  36.311579    11.3066    5.66035      1.422    32.0179    24.4000 -9.990e-29
 227.531343      1.443  36.322685    11.3251    5.67985      1.431    32.0127    24.3927 -9.990e-29
 227.531348      1.452  36.334307    11.3298    5.67882      1.440    32.0200    24.3975 -9.990e-29
 227.531354      1.460  36.333916    11.3312    5.67069      1.448    32.0184    24.3960 -9.990e-29
 227.531360      1.465  36.333902    11.3409    5.65795      1.453    32.0100    24.3877 -9.990e-29
 227.531366      1.469  36.342101    11.3526    5.65282      1.457    32.0078    24.3840 -9.990e-29
 227.531372      1.472  36.349829    11.3545    5.65833      1.460    32.0138    24.3883 -9.990e-29
 227.531377      1.479  36.350016    11.3409    5.65656      1.467    32.0257    24.4000 -9.990e-29
 227.531383      1.493  36.340680    11.3244    5.64263      1.481    32.0309    24.4070 -9.990e-29
 227.531389      1.507  36.329010    11.3265    5.63014      1.494    32.0176    24.3963 -9.990e-29
 227.531395      1.510  36.331968    11.3430    5.62585      1.497    32.0062    24.3845 -9.990e-29
