data/oxygen options/OCNMS/OCNMS2/raw_data/2005/CTD_TH50_083105faed.cnv
* Sea-Bird SBE19 Data File:
* FileName = C:\hypoxia CTD data\TH50_083105.hex
* Software Version 1.1.5
* Temperature SN = 2997
* Conductivity SN = 2997
* System UpLoad Time = Aug 31 2005 15:40:56
** Teahwhit Head 083105 50m
* SEACAT PROFILER V3.1c SN 2997   08/31/05  15:36:32.681
# nquan = 9                                 
# nvalues = 621                         
# units = specified
# name 0 = timeJ: Julian Days
# name 1 = prSM: Pressure, Strain Gauge [db]
# name 2 = c0mS/cm: Conductivity [mS/cm]
# name 3 = t090C: Temperature [ITS-90, deg C]
# name 4 = oxML/L: Oxygen, Beckman/YSI [ml/l]
# name 5 = depSM: Depth [salt water, m], lat = 47.5
# name 6 = sal00: Salinity, Practical [PSU]
# name 7 = sigma-é00: Density [sigma-theta, kg/m^3]
# name 8 = flag: flag
# span 0 = 243.464606, 243.468194       
# span 1 =     -3.516,     51.987       
# span 2 =   0.568119,  38.354295       
# span 3 =     7.5674,    13.5272       
# span 4 =   -0.10019,   26.50385       
# span 5 =     -3.487,     51.547       
# span 6 =     0.3577,    33.6664       
# span 7 =    -0.4106,    26.2896       
# span 8 = 0.0000e+00, 0.0000e+00       
# interval = seconds: 0.5
# start_time = Aug 31 2005 11:09:02 [Instrument's time stamp, header]
# bad_flag = -9.990e-29
*END*
 243.464606     -3.516 -9.990e-29    13.5272   -0.09962     -3.487 -9.990e-29 -9.990e-29 -9.990e-29
 243.464612     -3.487   0.568119    13.5225   -0.09969     -3.458     0.3577    -0.4106 -9.990e-29
 243.464618     -3.450   0.617217    13.5178   -0.09974     -3.421     0.3898    -0.3850 -9.990e-29
 243.464624     -3.403   0.766912    13.5131   -0.09981     -3.375     0.4884    -0.3077 -9.990e-29
 243.464630     -3.342   1.219572    13.5072   -0.09984     -3.314     0.7924    -0.0709 -9.990e-29
 243.464635     -3.264   2.571188    13.4970   -0.09980     -3.237     1.7366     0.6620 -9.990e-29
 243.464641     -3.164   6.597898    13.4737   -0.09973     -3.138     4.7348     2.9801 -9.990e-29
 243.464647     -3.034  18.633894    13.4273   -0.09968     -3.009    14.5399    10.5312 -9.990e-29
 243.464653     -2.872  33.167444    13.3671   -0.09970     -2.848    27.4124    20.4542 -9.990e-29
 243.464659     -2.685  37.789283    13.3162   -0.09972     -2.663    31.7245    23.7945 -9.990e-29
 243.464664     -2.489  37.383488    13.2803   -0.09976     -2.468    31.3752    23.5316 -9.990e-29
 243.464670     -2.307  38.035705    13.2528   -0.09980     -2.288    32.0079    24.0262 -9.990e-29
 243.464676     -2.157  38.258807    13.2341   -0.09980     -2.139    32.2328    24.2039 -9.990e-29
 243.464682     -2.042  38.330076    13.2297   -0.09982     -2.025    32.3034    24.2593 -9.990e-29
 243.464688     -1.951  38.342865    13.2393   -0.09983     -1.935    32.3072    24.2604 -9.990e-29
 243.464693     -1.874  38.335555    13.2548   -0.09984     -1.858    32.2871    24.2418 -9.990e-29
 243.464699     -1.805  38.332071    13.2656   -0.09986     -1.790    32.2747    24.2300 -9.990e-29
 243.464705     -1.737  38.337319    13.2662   -0.09996     -1.723    32.2790    24.2333 -9.990e-29
 243.464711     -1.665  38.344856    13.2584   -0.10002     -1.651    32.2927    24.2454 -9.990e-29
 243.464716     -1.596  38.350164    13.2475   -0.10004     -1.583    32.3069    24.2585 -9.990e-29
 243.464722     -1.536  38.350800    13.2382   -0.10004     -1.523    32.3154    24.2669 -9.990e-29
 243.464728     -1.481  38.344260    13.2315   -0.10000     -1.469    32.3149    24.2679 -9.990e-29
 243.464734     -1.426  38.334175    13.2261   -0.09996     -1.414    32.3100    24.2652 -9.990e-29
 243.464740     -1.373  38.327869    13.2205   -0.09995     -1.362    32.3088    24.2654 -9.990e-29
 243.464745     -1.326  38.323678    13.2120   -0.09995     -1.315    32.3121    24.2696 -9.990e-29
 243.464751     -1.288  38.317150    13.1951   -0.09994     -1.277    32.3204    24.2793 -9.990e-29
 243.464757     -1.256  38.310817    13.1698   -0.09994     -1.246    32.3359    24.2964 -9.990e-29
 243.464763     -1.231  38.308027    13.1471   -0.09998     -1.221    32.3526    24.3138 -9.990e-29
 243.464769     -1.217  38.308439    13.1371   -0.10004     -1.207    32.3615    24.3226 -9.990e-29
 243.464774     -1.208  38.306444    13.1403   -0.10008     -1.198    32.3569    24.3184 -9.990e-29
 243.464780     -1.200  38.296025    13.1515   -0.10011     -1.190    32.3376    24.3013 -9.990e-29
 243.464786     -1.188  38.282377    13.1633   -0.10012     -1.178    32.3147    24.2812 -9.990e-29
 243.464792     -1.163  38.275366    13.1692   -0.10011     -1.153    32.3031    24.2711 -9.990e-29
 243.464797     -1.122  38.276880    13.1693   -0.10010     -1.113    32.3044    24.2721 -9.990e-29
 243.464803     -1.077  38.286714    13.1679   -0.10008     -1.068    32.3148    24.2804 -9.990e-29
 243.464809     -1.033  38.301167    13.1641   -0.10009     -1.024    32.3316    24.2942 -9.990e-29
 243.464815     -0.990  38.307552    13.1531   -0.10010     -0.982    32.3470    24.3082 -9.990e-29
 243.464821     -0.952  38.300376    13.1356   -0.10014     -0.944    32.3551    24.3180 -9.990e-29
 243.464826     -0.911  38.289155    13.1179   -0.10018     -0.903    32.3596    24.3250 -9.990e-29
 243.464832     -0.869  38.285867    13.1067   -0.10019     -0.862    32.3661    24.3321 -9.990e-29
 243.464838     -0.840  38.289505    13.1042   -0.10017     -0.833    32.3716    24.3369 -9.990e-29
 243.464844     -0.826  38.286421    13.1077   -0.10017     -0.819    32.3657    24.3317 -9.990e-29
 243.464850     -0.814  38.273074    13.1123   -0.10014     -0.807    32.3492    24.3180 -9.990e-29
 243.464855     -0.795  38.260294    13.1147   -0.10013     -0.788    32.3352    24.3066 -9.990e-29
 243.464861     -0.768  38.255737    13.1134   -0.10011     -0.762    32.3320    24.3044 -9.990e-29
 243.464867     -0.735  38.256151    13.1062   -0.10010     -0.729    32.3385    24.3109 -9.990e-29
 243.464873     -0.702  38.254810    13.0924   -0.10010     -0.696    32.3490    24.3217 -9.990e-29
 243.464878     -0.671  38.253308    13.0784   -0.10012     -0.665    32.3595    24.3326 -9.990e-29
 243.464884     -0.641  38.259191    13.0727   -0.10014     -0.636    32.3699    24.3418 -9.990e-29
 243.464890     -0.614  38.270219    13.0756   -0.10013     -0.609    32.3778    24.3473 -9.990e-29
 243.464896     -0.593  38.274184    13.0824   -0.10012     -0.588    32.3757    24.3444 -9.990e-29
 243.464902     -0.572  38.268535    13.0896   -0.10010     -0.567    32.3642    24.3341 -9.990e-29
 243.464907     -0.545  38.262024    13.0950   -0.10006     -0.540    32.3535    24.3247 -9.990e-29
 243.464913     -0.514  38.261694    13.0984   -0.10008     -0.510    32.3503    24.3215 -9.990e-29
 243.464919     -0.488  38.269365    13.1006   -0.10014     -0.484    32.3556    24.3252 -9.990e-29
 243.464925     -0.467  38.280696    13.1012   -0.10016     -0.463    32.3657    24.3330 -9.990e-29
 243.464931     -0.451  38.287252    13.0995   -0.10011     -0.447    32.3734    24.3392 -9.990e-29
 243.464936     -0.439  38.284890    13.0968   -0.10005     -0.435    32.3734    24.3398 -9.990e-29
 243.464942     -0.430  38.277769    13.0956   -0.10008     -0.426    32.3678    24.3356 -9.990e-29
 243.464948     -0.419  38.275479    13.0977   -0.10014     -0.416    32.3638    24.3322 -9.990e-29
 243.464954     -0.401  38.282837    13.1040   -0.10017     -0.398    32.3653    24.3321 -9.990e-29
 243.464959     -0.379  38.292280    13.1100   -0.10017     -0.376    32.3691    24.3338 -9.990e-29
 243.464965     -0.357  38.294540    13.1070   -0.10013     -0.354    32.3738    24.3381 -9.990e-29
 243.464971     -0.332  38.289281    13.0970   -0.10005     -0.329    32.3774    24.3428 -9.990e-29
 243.464977     -0.304  38.284092    13.0922   -0.10006     -0.301    32.3766    24.3431 -9.990e-29
 243.464983     -0.274  38.286653    13.0996   -0.10010     -0.272    32.3726    24.3386 -9.990e-29
 243.464988     -0.245  38.293659    13.1093   -0.10014     -0.243    32.3709    24.3354 -9.990e-29
 243.464994     -0.216  38.295393    13.1072   -0.10015     -0.214    32.3744    24.3385 -9.990e-29
 243.465000     -0.188  38.289700    13.0950   -0.10016     -0.186    32.3794    24.3448 -9.990e-29
 243.465006     -0.160  38.282469    13.0847   -0.10016     -0.159    32.3814    24.3483 -9.990e-29
 243.465012     -0.125  38.281463    13.0846   -0.10010     -0.124    32.3805    24.3477 -9.990e-29
 243.465017     -0.091  38.288717    13.0962   -0.10005     -0.090    32.3774    24.3430 -9.990e-29
 243.465023     -0.068  38.297090    13.1104   -0.10011     -0.067    32.3732    24.3369 -9.990e-29
 243.465029     -0.053  38.299250    13.1144   -0.10015     -0.053    32.3718    24.3351 -9.990e-29
 243.465035     -0.043  38.295289    13.1072   -0.10016     -0.043    32.3742    24.3383 -9.990e-29
 243.465041     -0.036  38.289482    13.0968   -0.10011     -0.036    32.3776    24.3430 -9.990e-29
 243.465046     -0.028  38.284763    13.0888   -0.10009     -0.028    32.3800    24.3464 -9.990e-29
 243.465052     -0.014  38.282704    13.0854   -0.10013     -0.014    32.3809    24.3479 -9.990e-29
 243.465058      0.008  38.285061    13.0898   -0.10015      0.008    32.3794    24.3458 -9.990e-29
 243.465064      0.033  38.292187    13.1018   -0.10017      0.033    32.3759    24.3407 -9.990e-29
 243.465069      0.056  38.299573    13.1092   -0.10015      0.056    32.3765    24.3397 -9.990e-29
 243.465075      0.073  38.300819    13.1027   15.23367      0.072    32.3832    24.3462 -9.990e-29
 243.465081      0.085  38.295922    13.0914   25.10166      0.084    32.3882    24.3523 -9.990e-29
 243.465087      0.094  38.292953    13.0885   26.50385      0.093    32.3879    24.3526 -9.990e-29
 243.465093      0.099  38.296382    13.0949   23.20949      0.098    32.3857    24.3496 -9.990e-29
 243.465098      0.105  38.299014    13.1001   15.04510      0.104    32.3837    24.3471 -9.990e-29
 243.465104      0.118  38.294275    13.0972   12.07761      0.117    32.3817    24.3461 -9.990e-29
 243.465110      0.137  38.283719    13.0903   12.09553      0.136    32.3777    24.3443 -9.990e-29
 243.465116      0.165  38.274604    13.0866   12.07289      0.164    32.3722    24.3409 -9.990e-29
 243.465122      0.194  38.274423    13.0907   12.08178      0.192    32.3685    24.3372 -9.990e-29
 243.465127      0.217  38.276217    13.0987   12.09231      0.215    32.3634    24.3317 -9.990e-29
 243.465133      0.241  38.261636    13.1065   12.10120      0.239    32.3430    24.3144 -9.990e-29
 243.465139      0.267  38.237058    13.1141   12.10805      0.265    32.3134    24.2899 -9.990e-29
 243.465145      0.291  38.223017    13.1152   12.10969      0.289    32.2992    24.2788 -9.990e-29
 243.465150      0.317  38.214271    13.1054   12.11332      0.314    32.2993    24.2808 -9.990e-29
 243.465156      0.341  38.201981    13.0927   12.11905      0.338    32.2986    24.2827 -9.990e-29
 243.465162      0.360  38.191089    13.0905   12.12144      0.357    32.2902    24.2766 -9.990e-29
 243.465168      0.376  38.190083    13.0995    9.84906      0.373    32.2816    24.2682 -9.990e-29
 243.465174      0.390  38.197632    13.1057    6.80765      0.387    32.2834    24.2684 -9.990e-29
 243.465179      0.402  38.200822    13.1017    5.25131      0.399    32.2898    24.2741 -9.990e-29
 243.465185      0.413  38.198314    13.0933    4.92749      0.410    32.2946    24.2795 -9.990e-29
 243.465191      0.425  38.195196    13.0890    6.00012      0.421    32.2953    24.2809 -9.990e-29
 243.465197      0.437  38.191252    13.0896    7.04216      0.433    32.2911    24.2775 -9.990e-29
 243.465203      0.450  38.188527    13.0893    7.42837      0.446    32.2887    24.2758 -9.990e-29
 243.465208      0.466  38.186207    13.0858    7.64521      0.462    32.2895    24.2771 -9.990e-29
 243.465214      0.486  38.180655    13.0826    7.72727      0.482    32.2870    24.2757 -9.990e-29
 243.465220      0.505  38.176262    13.0851    7.74423      0.501    32.2808    24.2704 -9.990e-29
 243.465226      0.518  38.180086    13.0972    7.75050      0.514    32.2741    24.2628 -9.990e-29
 243.465231      0.525  38.192191    13.1147    7.76771      0.521    32.2706    24.2567 -9.990e-29
 243.465237      0.534  38.206298    13.1245    7.79156      0.530    32.2755    24.2586 -9.990e-29
 243.465243      0.551  38.212069    13.1190    7.81547      0.546    32.2856    24.2675 -9.990e-29
 243.465249      0.573  38.204318    13.1113    7.83025      0.568    32.2848    24.2684 -9.990e-29
 243.465255      0.592  38.196846    13.1155    7.81323      0.587    32.2742    24.2594 -9.990e-29
 243.465260      0.605  38.202701    13.1259    7.78119      0.600    32.2709    24.2547 -9.990e-29
 243.465266      0.613  38.212875    13.1379    7.76101      0.608    32.2702    24.2519 -9.990e-29
 243.465272      0.622  38.223560    13.1526    7.75975      0.617    32.2678    24.2471 -9.990e-29
 243.465278      0.635  38.236122    13.1630    7.78251      0.630    32.2708    24.2473 -9.990e-29
 243.465284      0.649  38.242650    13.1659    7.79312      0.644    32.2744    24.2496 -9.990e-29
 243.465289      0.661  38.243451    13.1638    7.79322      0.655    32.2770    24.2520 -9.990e-29
 243.465295      0.671  38.241853    13.1609    7.76477      0.665    32.2779    24.2533 -9.990e-29
 243.465301      0.686  38.239109    13.1625    7.74624      0.680    32.2740    24.2499 -9.990e-29
 243.465307      0.709  38.240547    13.1706    7.73505      0.703    32.2684    24.2440 -9.990e-29
 243.465313      0.738  38.249223    13.1811    7.75424      0.732    32.2676    24.2414 -9.990e-29
 243.465318      0.771  38.263258    13.1865    7.76202      0.765    32.2762    24.2469 -9.990e-29
 243.465324      0.805  38.273340    13.1866    7.75404      0.798    32.2856    24.2542 -9.990e-29
 243.465330      0.834  38.272173    13.1861    7.73686      0.827    32.2849    24.2537 -9.990e-29
 243.465336      0.855  38.265504    13.1899    7.72663      0.848    32.2754    24.2456 -9.990e-29
 243.465341      0.871  38.264642    13.2009    7.73761      0.864    32.2653    24.2356 -9.990e-29
 243.465347      0.881  38.274056    13.2109    7.73726      0.874    32.2656    24.2339 -9.990e-29
 243.465353      0.891  38.282748    13.2098    7.72398      0.884    32.2747    24.2411 -9.990e-29
 243.465359      0.906  38.279321    13.2000    7.70034      0.898    32.2798    24.2470 -9.990e-29
 243.465365      0.922  38.269875    13.1900    7.68385      0.914    32.2794    24.2487 -9.990e-29
 243.465370      0.936  38.264258    13.1817    7.69417      0.928    32.2812    24.2517 -9.990e-29
 243.465376      0.950  38.261715    13.1729    7.69510      0.942    32.2863    24.2574 -9.990e-29
 243.465382      0.959  38.256057    13.1606    7.71157      0.951    32.2914    24.2638 -9.990e-29
 243.465388      0.960  38.245355    13.1433    7.71814      0.952    32.2961    24.2708 -9.990e-29
 243.465394      0.957  38.231050    13.1303    7.74095      0.949    32.2937    24.2715 -9.990e-29
 243.465399      0.955  38.218753    13.1311    7.78010      0.947    32.2814    24.2619 -9.990e-29
 243.465405      0.952  38.218434    13.1381    7.79091      0.944    32.2752    24.2557 -9.990e-29
 243.465411      0.955  38.224626    13.1436    7.75704      0.947    32.2763    24.2555 -9.990e-29
 243.465417      0.966  38.228204    13.1556    7.68735      0.958    32.2695    24.2478 -9.990e-29
 243.465422      0.982  38.236193    13.1842    7.64740      0.974    32.2527    24.2292 -9.990e-29
 243.465428      1.000  38.259813    13.2222    7.63995      0.992    32.2426    24.2139 -9.990e-29
 243.465434      1.017  38.294107    13.2457    7.67952      1.009    32.2548    24.2187 -9.990e-29
 243.465440      1.026  38.314138    13.2394    7.69933      1.017    32.2790    24.2386 -9.990e-29
 243.465446      1.026  38.306806    13.2122    7.70186      1.017    32.2952    24.2565 -9.990e-29
 243.465451      1.027  38.282541    13.1886    7.69399      1.018    32.2924    24.2591 -9.990e-29
 243.465457      1.032  38.263402    13.1881    7.67651      1.023    32.2749    24.2456 -9.990e-29
 243.465463      1.043  38.265940    13.2047    7.68666      1.034    32.2632    24.2332 -9.990e-29
 243.465469      1.060  38.281761    13.2193    7.68536      1.051    32.2656    24.2323 -9.990e-29
 243.465475      1.079  38.292703    13.2223    7.69422      1.070    32.2733    24.2376 -9.990e-29
 243.465480      1.098  38.291494    13.2167    7.70304      1.089    32.2770    24.2415 -9.990e-29
 243.465486      1.118  38.281580    13.2125    7.68030      1.109    32.2712    24.2379 -9.990e-29
 243.465492      1.140  38.276672    13.2164    7.67759      1.130    32.2633    24.2310 -9.990e-29
 243.465498      1.165  38.284255    13.2204    7.64566      1.155    32.2670    24.2331 -9.990e-29
 243.465503      1.191  38.291449    13.2161    7.62419      1.181    32.2774    24.2420 -9.990e-29
 243.465509      1.216  38.288784    13.2057    7.63624      1.206    32.2837    24.2489 -9.990e-29
 243.465515      1.240  38.281688    13.1935    7.65759      1.230    32.2874    24.2542 -9.990e-29
 243.465521      1.261  38.273049    13.1801    7.70309      1.250    32.2907    24.2594 -9.990e-29
 243.465527      1.273  38.260887    13.1634    7.73753      1.262    32.2934    24.2648 -9.990e-29
