data/oxygen options/OCNMS/OCNMS2/raw_data/2005/CTD_CA100_070705faedb.cnv
* Sea-Bird SBE19 Data File:
* FileName = C:\Hypoxia Data\CA100_070705.hex
* Software Version 1.1.6
* Temperature SN = 2997
* Conductivity SN = 2997
* System UpLoad Time = Jul 07 2005 13:53:36
* SEACAT PROFILER V3.1c SN 2997   07/07/05  13:52:47.369
* strain gauge pressure sensor: S/N = 184829,  range = 3000 psia,  tc = 40
# nquan = 9
# nvalues = 97                          
# units = specified
# name 0 = timeJ: Julian Days
# name 1 = prSM: Pressure, Strain Gauge [db]
# name 2 = c0mS/cm: Conductivity [mS/cm]
# name 3 = t090C: Temperature [ITS-90, deg C]
# name 4 = oxML/L: Oxygen, Beckman/YSI [ml/l]
# name 5 = depSM: Depth [salt water, m], lat = 47.5
# name 6 = sal00: Salinity, Practical [PSU]
# name 7 = sigma-é00: Density [sigma-theta, kg/m^3]
# name 8 = flag: flag
# span 0 = 188.532457, 188.533704       
# span 1 =      4.000,    100.000       
# span 2 =  34.582948,  37.699947       
# span 3 =     7.3012,    13.6988       
# span 4 =    2.70742,    8.70033       
# span 5 =      3.966,     99.141       
# span 6 =    31.3230,    33.8938       
# span 7 =    23.4083,    26.5070       
# span 8 = 0.0000e+00, 0.0000e+00       
# interval = decibars: 1                
# start_time = Jul 07 2005 12:43:37 [Instrument's time stamp, header]
# bad_flag = -9.990e-29
*END*
 188.532457      4.000  37.699947    13.6988    8.70033      3.966    31.3230    23.4083 0.0000e+00
 188.532475      5.000  37.564715    13.4764    8.61232      4.958    31.3797    23.4965 0.0000e+00
 188.532489      6.000  37.355395    13.2255    7.78072      5.950    31.3908    23.5546 0.0000e+00
 188.532503      7.000  37.179171    12.9515    6.69333      6.941    31.4521    23.6554 0.0000e+00
 188.532515      8.000  36.910965    12.3377    5.82390      7.933    31.7119    23.9737 0.0000e+00
 188.532527      9.000  36.482545    11.7689    5.31919      8.925    31.7830    24.1344 0.0000e+00
 188.532539     10.000  36.266508    11.4817    4.96048      9.916    31.8190    24.2144 0.0000e+00
 188.532550     11.000  36.079038    11.0737    4.64256     10.908    31.9878    24.4180 0.0000e+00
 188.532563     12.000  35.770654    10.5457    4.44615     11.900    32.1437    24.6311 0.0000e+00
 188.532574     13.000  35.533667    10.2697    4.39682     12.891    32.1500    24.6828 0.0000e+00
 188.532586     14.000  35.450001    10.1442    4.37207     13.882    32.1767    24.7244 0.0000e+00
 188.532597     15.000  35.378013    10.0073    4.30813     14.874    32.2254    24.7852 0.0000e+00
 188.532609     16.000  35.287416     9.8579    4.26100     15.866    32.2666    24.8419 0.0000e+00
 188.532621     17.000  35.201627     9.7414    4.23583     16.858    32.2833    24.8740 0.0000e+00
 188.532633     18.000  35.148707     9.6923    4.22118     17.849    32.2730    24.8739 0.0000e+00
 188.532646     19.000  35.120442     9.6355    4.19173     18.841    32.2947    24.9002 0.0000e+00
 188.532658     20.000  35.072476     9.5696    4.16170     19.832    32.3046    24.9185 0.0000e+00
 188.532671     21.000  35.044017     9.5283    4.15531     20.824    32.3121    24.9310 0.0000e+00
 188.532682     22.000  35.031196     9.4860    4.10404     21.815    32.3367    24.9570 0.0000e+00
 188.532694     23.000  35.014954     9.4428    4.04935     22.807    32.3586    24.9811 0.0000e+00
 188.532705     24.000  35.010632     9.4153    3.98744     23.798    32.3786    25.0011 0.0000e+00
 188.532717     25.000  35.004877     9.3297    3.89089     24.790    32.4498    25.0704 0.0000e+00
 188.532730     26.000  34.973391     9.2219    3.79389     25.782    32.5149    25.1383 0.0000e+00
 188.532743     27.000  34.947874     9.1320    3.71778     26.773    32.5702    25.1957 0.0000e+00
 188.532755     28.000  34.926477     9.0500    3.63601     27.765    32.6226    25.2496 0.0000e+00
 188.532767     29.000  34.912102     8.9666    3.56101     28.756    32.6838    25.3105 0.0000e+00
 188.532778     30.000  34.890216     8.8543    3.51962     29.747    32.7640    25.3906 0.0000e+00
 188.532790     31.000  34.856429     8.7572    3.50173     30.739    32.8181    25.4480 0.0000e+00
 188.532802     32.000  34.833051     8.7189    3.49252     31.730    32.8287    25.4621 0.0000e+00
 188.532817     33.000  34.840143     8.7638    3.48749     32.722    32.7941    25.4282 0.0000e+00
 188.532831     34.000  34.838848     8.7008    3.45294     33.713    32.8507    25.4822 0.0000e+00
 188.532843     35.000  34.818457     8.6384    3.41402     34.705    32.8868    25.5200 0.0000e+00
 188.532855     36.000  34.816114     8.6009    3.36972     35.697    32.9188    25.5508 0.0000e+00
 188.532867     37.000  34.811148     8.5391    3.32773     36.688    32.9708    25.6010 0.0000e+00
 188.532879     38.000  34.796036     8.4765    3.29573     37.679    33.0129    25.6434 0.0000e+00
 188.532893     39.000  34.786653     8.4403    3.25755     38.671    33.0366    25.6674 0.0000e+00
 188.532905     40.000  34.772054     8.3954    3.22098     39.662    33.0628    25.6948 0.0000e+00
 188.532917     41.000  34.759570     8.3619    3.19241     40.654    33.0806    25.7137 0.0000e+00
 188.532927     42.000  34.752540     8.3177    3.15431     41.645    33.1143    25.7468 0.0000e+00
 188.532939     43.000  34.740809     8.2542    3.10726     42.637    33.1612    25.7931 0.0000e+00
 188.532950     44.000  34.729579     8.2132    3.08597     43.628    33.1876    25.8199 0.0000e+00
 188.532962     45.000  34.722797     8.1916    3.09010     44.619    33.2003    25.8331 0.0000e+00
 188.532975     46.000  34.716706     8.1720    3.06266     45.611    33.2120    25.8452 0.0000e+00
 188.532986     47.000  34.710291     8.1472    3.05130     46.603    33.2282    25.8616 0.0000e+00
 188.532998     48.000  34.703489     8.1261    3.04240     47.594    33.2405    25.8743 0.0000e+00
 188.533009     49.000  34.698496     8.1109    3.01413     48.585    33.2492    25.8833 0.0000e+00
 188.533021     50.000  34.694637     8.0947    2.98755     49.577    33.2599    25.8942 0.0000e+00
 188.533032     51.000  34.689408     8.0555    2.93543     50.568    33.2912    25.9245 0.0000e+00
 188.533043     52.000  34.674073     7.9853    2.88870     51.559    33.3411    25.9740 0.0000e+00
 188.533055     53.000  34.654410     7.9304    2.84793     52.551    33.3720    26.0063 0.0000e+00
 188.533067     54.000  34.646175     7.8975    2.83277     53.542    33.3942    26.0285 0.0000e+00
 188.533080     55.000  34.641256     7.8722    2.83040     54.534    33.4127    26.0467 0.0000e+00
 188.533094     56.000  34.640475     7.8597    2.83570     55.525    33.4233    26.0569 0.0000e+00
 188.533107     57.000  34.641273     7.8358    2.89248     56.516    33.4465    26.0786 0.0000e+00
 188.533119     58.000  34.643706     7.8161    2.95986     57.508    33.4676    26.0980 0.0000e+00
 188.533131     59.000  34.648581     7.8074    2.97515     58.499    33.4808    26.1096 0.0000e+00
 188.533141     60.000  34.651904     7.8059    2.96719     59.491    33.4852    26.1134 0.0000e+00
 188.533152     61.000  34.652219     7.7957    2.93104     60.482    33.4949    26.1225 0.0000e+00
 188.533162     62.000  34.647904     7.7588    2.86444     61.473    33.5253    26.1517 0.0000e+00
 188.533173     63.000  34.634726     7.7038    2.79854     62.465    33.5635    26.1897 0.0000e+00
 188.533185     64.000  34.619397     7.6501    2.75863     63.456    33.5984    26.2247 0.0000e+00
 188.533196     65.000  34.605637     7.6076    2.72181     64.447    33.6241    26.2511 0.0000e+00
 188.533209     66.000  34.595512     7.5793    2.70742     65.439    33.6401    26.2677 0.0000e+00
 188.533220     67.000  34.588942     7.5555    2.71639     66.430    33.6556    26.2833 0.0000e+00
 188.533230     68.000  34.585936     7.5356    2.72699     67.421    33.6711    26.2984 0.0000e+00
 188.533241     69.000  34.582948     7.5204    2.73845     68.412    33.6822    26.3092 0.0000e+00
 188.533251     70.000  34.584731     7.5171    2.76350     69.404    33.6868    26.3133 0.0000e+00
 188.533262     71.000  34.590420     7.5177    2.79498     70.395    33.6919    26.3173 0.0000e+00
 188.533274     72.000  34.596118     7.5144    2.81969     71.387    33.7008    26.3247 0.0000e+00
 188.533288     73.000  34.602620     7.5103    2.85342     72.378    33.7114    26.3337 0.0000e+00
 188.533302     74.000  34.608342     7.5067    2.93402     73.369    33.7206    26.3414 0.0000e+00
 188.533315     75.000  34.627913     7.5008    3.03233     74.361    33.7470    26.3630 0.0000e+00
 188.533328     76.000  34.660953     7.5002    3.08083     75.352    33.7828    26.3913 0.0000e+00
 188.533340     77.000  34.675834     7.4913    3.07169     76.343    33.8072    26.4117 0.0000e+00
 188.533353     78.000  34.682662     7.4792    3.06973     77.334    33.8258    26.4281 0.0000e+00
 188.533365     79.000  34.689430     7.4748    3.06546     78.326    33.8370    26.4376 0.0000e+00
 188.533378     80.000  34.693490     7.4689    3.03922     79.317    33.8467    26.4460 0.0000e+00
 188.533389     81.000  34.689042     7.4551    3.02408     80.308    33.8548    26.4544 0.0000e+00
 188.533401     82.000  34.680033     7.4467    3.00616     81.300    33.8528    26.4541 0.0000e+00
 188.533414     83.000  34.674399     7.4378    2.99616     82.290    33.8549    26.4569 0.0000e+00
 188.533427     84.000  34.666964     7.4285    2.99096     83.282    33.8554    26.4586 0.0000e+00
 188.533439     85.000  34.661032     7.4226    2.98042     84.273    33.8543    26.4586 0.0000e+00
 188.533452     86.000  34.657262     7.4195    2.98734     85.265    33.8527    26.4578 0.0000e+00
 188.533467     87.000  34.655694     7.4164    2.97181     86.256    33.8536    26.4590 0.0000e+00
 188.533482     88.000  34.653185     7.4101    2.97802     87.247    33.8565    26.4622 0.0000e+00
 188.533496     89.000  34.650073     7.4036    2.97146     88.238    33.8590    26.4651 0.0000e+00
 188.533510     90.000  34.648912     7.4026    2.96969     89.229    33.8582    26.4646 0.0000e+00
 188.533523     91.000  34.649336     7.4026    2.97546     90.220    33.8583    26.4647 0.0000e+00
 188.533535     92.000  34.649793     7.4022    2.97032     91.212    33.8585    26.4649 0.0000e+00
 188.533548     93.000  34.651494     7.4028    2.96873     92.203    33.8594    26.4655 0.0000e+00
 188.533561     94.000  34.652861     7.4037    2.97386     93.194    33.8595    26.4655 0.0000e+00
 188.533576     95.000  34.654111     7.4042    2.97748     94.186    33.8599    26.4658 0.0000e+00
 188.533591     96.000  34.655363     7.4054    2.97432     95.177    33.8595    26.4654 0.0000e+00
 188.533606     97.000  34.659292     7.4047    2.95582     96.168    33.8641    26.4690 0.0000e+00
 188.533623     98.000  34.655599     7.3922    2.93443     97.159    33.8717    26.4768 0.0000e+00
 188.533644     99.000  34.634676     7.3533    2.87110     98.150    33.8866    26.4940 0.0000e+00
 188.533704    100.000  34.594893     7.3012    2.85374     99.141    33.8938    26.5070 0.0000e+00
