data/oxygen options/OCNMS/OCNMS2/raw_data/2005/CTD_CA50_081505faed.cnv
* Sea-Bird SBE19 Data File:
* FileName = C:\Hypoxia Data\CA50_081505.hex
* Software Version 1.1.6
* Temperature SN = 2997
* Conductivity SN = 2997
* System UpLoad Time = Aug 15 2005 13:26:37
* SEACAT PROFILER V3.1c SN 2997   08/15/05  13:25:54.455
* strain gauge pressure sensor: S/N = 184829,  range = 3000 psia,  tc = 40
# nquan = 9                                 
# nvalues = 1120                        
# units = specified
# name 0 = timeJ: Julian Days
# name 1 = prSM: Pressure, Strain Gauge [db]
# name 2 = c0mS/cm: Conductivity [mS/cm]
# name 3 = t090C: Temperature [ITS-90, deg C]
# name 4 = oxML/L: Oxygen, Beckman/YSI [ml/l]
# name 5 = depSM: Depth [salt water, m], lat = 47.5
# name 6 = sal00: Salinity, Practical [PSU]
# name 7 = sigma-é00: Density [sigma-theta, kg/m^3]
# name 8 = flag: flag
# span 0 = 227.549815, 227.556291       
# span 1 =     -3.648,     51.478       
# span 2 =   1.548404,  37.444706       
# span 3 =     7.2697,    13.2691       
# span 4 =   -0.10101,   27.54516       
# span 5 =     -3.618,     51.042       
# span 6 =     1.0254,    33.8434       
# span 7 =     0.1488,    26.4674       
# span 8 = 0.0000e+00, 0.0000e+00       
# interval = seconds: 0.5
# start_time = Aug 15 2005 13:11:44 [Instrument's time stamp, header]
# bad_flag = -9.990e-29
*END*
[from data line 481]
 227.552598      5.258  37.388473    13.0765    7.13765      5.214    31.5456    23.7035 -9.990e-29
 227.552604      5.289  37.381891    13.0689    7.14814      5.245    31.5457    23.7050 -9.990e-29
 227.552610      5.322  37.374288    13.0661    7.15674      5.278    31.5409    23.7019 -9.990e-29
 227.552616      5.348  37.369547    13.0670    7.15681      5.303    31.5357    23.6976 -9.990e-29
 227.552622      5.359  37.367519    13.0685    7.14864      5.314    31.5325    23.6949 -9.990e-29
 227.552627      5.351  37.367182    13.0703    7.14658      5.306    31.5307    23.6932 -9.990e-29
 227.552633      5.333  37.370336    13.0723    7.14643      5.288    31.5320    23.6938 -9.990e-29
 227.552639      5.316  37.375584    13.0707    7.15452      5.272    31.5383    23.6989 -9.990e-29
 227.552645      5.303  37.375909    13.0669    7.15280      5.259    31.5418    23.7024 -9.990e-29
 227.552650      5.293  37.372874    13.0671    7.14674      5.249    31.5387    23.7000 -9.990e-29
 227.552656      5.287  37.374210    13.0688    7.12804      5.243    31.5386    23.6995 -9.990e-29
 227.552662      5.287  37.376655    13.0672    7.11909      5.243    31.5422    23.7027 -9.990e-29
 227.552668      5.302  37.376183    13.0622    7.12212      5.258    31.5459    23.7065 -9.990e-29
 227.552674      5.334  37.373293    13.0537    7.13824      5.289    31.5503    23.7115 -9.990e-29
 227.552679      5.371  37.366377    13.0461    7.15585      5.326    31.5501    23.7129 -9.990e-29
 227.552685      5.399  37.359674    13.0442    7.15913      5.354    31.5454    23.7096 -9.990e-29
 227.552691      5.411  37.358269    13.0454    7.13556      5.366    31.5430    23.7075 -9.990e-29
 227.552697      5.416  37.359168    13.0450    7.13386      5.371    31.5442    23.7085 -9.990e-29
 227.552703      5.432  37.357967    13.0428    7.13394      5.387    31.5449    23.7095 -9.990e-29
 227.552708      5.472  37.355313    13.0395    7.14740      5.426    31.5451    23.7103 -9.990e-29
 227.552714      5.539  37.353279    13.0358    7.16721      5.493    31.5463    23.7119 -9.990e-29
 227.552720      5.629  37.351399    13.0340    7.15817      5.582    31.5460    23.7120 -9.990e-29
 227.552726      5.739  37.350536    13.0354    7.14187      5.691    31.5440    23.7102 -9.990e-29
 227.552731      5.871  37.351783    13.0376    7.11509      5.822    31.5432    23.7092 0.0000e+00
 227.552737      6.035  37.353442    13.0372    7.09668      5.985    31.5451    23.7107 0.0000e+00
 227.552743      6.240  37.353245    13.0315    7.08504      6.188    31.5496    23.7153 0.0000e+00
 227.552749      6.495  37.349249    13.0181    7.08084      6.441    31.5569    23.7236 0.0000e+00
 227.552755      6.795  37.339496    12.9987    7.07215      6.738    31.5637    23.7327 0.0000e+00
 227.552760      7.121  37.325562    12.9778    7.06351      7.061    31.5679    23.7400 0.0000e+00
 227.552766      7.455  37.311860    12.9587    7.04748      7.393    31.5708    23.7459 0.0000e+00
 227.552772      7.788  37.300869    12.9438    7.02212      7.723    31.5727    23.7503 0.0000e+00
 227.552778      8.121  37.293635    12.9326    7.00097      8.053    31.5751    23.7544 0.0000e+00
 227.552784      8.457  37.289482    12.9215    6.97208      8.386    31.5804    23.7606 0.0000e+00
 227.552789      8.797  37.285678    12.9070    6.97385      8.723    31.5887    23.7699 0.0000e+00
 227.552795      9.135  37.279954    12.8892    6.95667      9.059    31.5981    23.7805 0.0000e+00
 227.552801      9.469  37.272531    12.8717    6.94726      9.390    31.6056    23.7897 0.0000e+00
 227.552807      9.794  37.267531    12.8587    6.93074      9.712    31.6116    23.7969 0.0000e+00
 227.552812     10.105  37.268380    12.8515    6.92352     10.020    31.6183    23.8035 0.0000e+00
 227.552818     10.401  37.272282    12.8481    6.93206     10.314    31.6247    23.8091 0.0000e+00
 227.552824     10.682  37.275468    12.8459    6.93082     10.593    31.6294    23.8132 0.0000e+00
 227.552830     10.946  37.277703    12.8431    6.94482     10.854    31.6338    23.8171 0.0000e+00
 227.552836     11.184  37.279725    12.8404    6.95432     11.090    31.6379    23.8208 0.0000e+00
 227.552841     11.389  37.281430    12.8395    6.97261     11.294    31.6401    23.8227 0.0000e+00
 227.552847     11.558  37.282288    12.8419    6.99245     11.461    31.6389    23.8213 0.0000e+00
 227.552853     11.689  37.282321    12.8493    7.00905     11.591    31.6327    23.8151 -9.990e-29
 227.552859     11.785  37.282138    12.8605    7.03117     11.686    31.6231    23.8055 -9.990e-29
 227.552865     11.856  37.281497    12.8695    7.02378     11.757    31.6149    23.7974 -9.990e-29
 227.552870     11.913  37.279550    12.8734    7.00163     11.813    31.6098    23.7927 -9.990e-29
 227.552876     11.957  37.277074    12.8737    6.99027     11.857    31.6072    23.7907 -9.990e-29
 227.552882     11.998  37.275819    12.8724    6.96849     11.898    31.6071    23.7908 -9.990e-29
 227.552888     12.040  37.276359    12.8682    6.96148     11.939    31.6111    23.7947 -9.990e-29
 227.552894     12.087  37.277736    12.8586    6.96182     11.986    31.6204    23.8038 -9.990e-29
 227.552899     12.138  37.278427    12.8476    6.96188     12.036    31.6302    23.8135 -9.990e-29
 227.552905     12.183  37.278233    12.8422    6.97255     12.081    31.6346    23.8179 -9.990e-29
 227.552911     12.211  37.278020    12.8433    6.97373     12.109    31.6334    23.8168 -9.990e-29
 227.552917     12.222  37.278063    12.8481    6.97584     12.120    31.6294    23.8128 -9.990e-29
 227.552922     12.223  37.278422    12.8531    6.96688     12.121    31.6256    23.8089 -9.990e-29
 227.552928     12.220  37.279020    12.8546    6.96090     12.118    31.6249    23.8081 -9.990e-29
 227.552934     12.203  37.279538    12.8518    6.96078     12.101    31.6277    23.8108 -9.990e-29
 227.552940     12.180  37.279551    12.8466    6.96092     12.078    31.6321    23.8152 -9.990e-29
 227.552946     12.167  37.279079    12.8421    6.95734     12.065    31.6354    23.8186 -9.990e-29
 227.552951     12.166  37.278619    12.8393    6.94109     12.064    31.6374    23.8206 -9.990e-29
 227.552957     12.179  37.278124    12.8368    6.93232     12.077    31.6390    23.8224 -9.990e-29
 227.552963     12.200  37.277497    12.8339    6.93539     12.098    31.6408    23.8243 -9.990e-29
 227.552969     12.220  37.277025    12.8307    6.95545     12.118    31.6430    23.8267 -9.990e-29
 227.552975     12.226  37.276645    12.8289    6.96406     12.124    31.6442    23.8279 -9.990e-29
 227.552980     12.215  37.276412    12.8303    6.96312     12.113    31.6428    23.8266 -9.990e-29
 227.552986     12.186  37.276578    12.8334    6.95655     12.084    31.6404    23.8241 -9.990e-29
 227.552992     12.146  37.276809    12.8359    6.94619     12.044    31.6385    23.8222 -9.990e-29
 227.552998     12.112  37.276857    12.8367    6.94316     12.011    31.6379    23.8215 -9.990e-29
 227.553003     12.101  37.276792    12.8357    6.94142     12.000    31.6387    23.8223 -9.990e-29
 227.553009     12.112  37.276531    12.8339    6.93913     12.011    31.6399    23.8237 -9.990e-29
 227.553015     12.136  37.276294    12.8324    6.93214     12.034    31.6409    23.8247 -9.990e-29
 227.553021     12.167  37.276328    12.8308    6.93132     12.065    31.6423    23.8261 -9.990e-29
 227.553027     12.198  37.276120    12.8288    6.93820     12.096    31.6438    23.8276 -9.990e-29
 227.553032     12.219  37.275394    12.8274    6.94438     12.117    31.6442    23.8283 -9.990e-29
 227.553038     12.221  37.274868    12.8267    6.94546     12.119    31.6443    23.8285 -9.990e-29
 227.553044     12.214  37.274966    12.8263    6.93536     12.112    31.6448    23.8289 -9.990e-29
 227.553050     12.207  37.275261    12.8266    6.93117     12.105    31.6448    23.8288 -9.990e-29
 227.553056     12.197  37.275590    12.8276    6.94787     12.095    31.6443    23.8282 -9.990e-29
 227.553061     12.186  37.275836    12.8286    6.95102     12.084    31.6437    23.8276 -9.990e-29
 227.553067     12.175  37.275769    12.8297    6.94633     12.073    31.6427    23.8266 -9.990e-29
 227.553073     12.170  37.275866    12.8308    6.93020     12.068    31.6419    23.8258 -9.990e-29
 227.553079     12.169  37.276260    12.8310    6.91615     12.067    31.6421    23.8259 -9.990e-29
 227.553084     12.178  37.276359    12.8291    6.91325     12.076    31.6438    23.8276 -9.990e-29
 227.553090     12.199  37.275739    12.8240    6.92931     12.097    31.6474    23.8314 -9.990e-29
 227.553096     12.228  37.274137    12.8176    6.94696     12.126    31.6513    23.8356 -9.990e-29
 227.553102     12.247  37.272226    12.8146    6.95925     12.144    31.6520    23.8367 -9.990e-29
 227.553108     12.246  37.271385    12.8168    6.95583     12.143    31.6493    23.8342 -9.990e-29
 227.553113     12.225  37.272177    12.8220    6.94469     12.123    31.6457    23.8305 -9.990e-29
 227.553119     12.195  37.273978    12.8264    6.92671     12.093    31.6438    23.8281 -9.990e-29
 227.553125     12.167  37.275268    12.8280    6.94703     12.065    31.6436    23.8277 -9.990e-29
 227.553131     12.147  37.275532    12.8280    6.95857     12.045    31.6439    23.8279 -9.990e-29
 227.553137     12.139  37.275686    12.8283    6.95242     12.037    31.6438    23.8277 -9.990e-29
 227.553142     12.138  37.275940    12.8293    6.94221     12.036    31.6432    23.8271 -9.990e-29
 227.553148     12.140  37.276078    12.8301    6.92562     12.038    31.6427    23.8265 -9.990e-29
 227.553154     12.153  37.276285    12.8292    6.92437     12.051    31.6436    23.8274 -9.990e-29
 227.553160     12.186  37.276282    12.8261    6.93694     12.084    31.6462    23.8300 -9.990e-29
 227.553166     12.234  37.275510    12.8218    6.94240     12.132    31.6490    23.8331 -9.990e-29
 227.553171     12.278  37.274064    12.8186    6.94497     12.175    31.6503    23.8347 -9.990e-29
 227.553177     12.299  37.272819    12.8182    6.95056     12.196    31.6495    23.8341 -9.990e-29
 227.553183     12.290  37.272363    12.8206    6.94368     12.187    31.6471    23.8318 -9.990e-29
 227.553189     12.259  37.272649    12.8240    6.93545     12.156    31.6445    23.8291 -9.990e-29
 227.553194     12.225  37.273504    12.8267    6.92902     12.123    31.6430    23.8275 -9.990e-29
 227.553200     12.204  37.274389    12.8278    6.93173     12.102    31.6430    23.8272 -9.990e-29
 227.553206     12.198  37.274810    12.8276    6.94236     12.096    31.6435    23.8277 -9.990e-29
 227.553212     12.207  37.274773    12.8263    6.94792     12.105    31.6446    23.8287 -9.990e-29
 227.553218     12.228  37.274231    12.8247    6.94303     12.126    31.6454    23.8297 -9.990e-29
 227.553223     12.252  37.273586    12.8240    6.94039     12.149    31.6454    23.8298 -9.990e-29
 227.553229     12.278  37.273666    12.8243    6.93755     12.175    31.6452    23.8296 -9.990e-29
 227.553235     12.306  37.274017    12.8244    6.94141     12.203    31.6454    23.8298 -9.990e-29
 227.553241     12.340  37.273991    12.8242    6.95651     12.237    31.6456    23.8299 -9.990e-29
 227.553247     12.380  37.274118    12.8242    6.93188     12.276    31.6457    23.8300 -9.990e-29
 227.553252     12.425  37.274570    12.8243    6.92267     12.321    31.6460    23.8302 -9.990e-29
 227.553258     12.474  37.274833    12.8236    6.92653     12.370    31.6468    23.8310 -9.990e-29
 227.553264     12.535  37.274700    12.8211    6.93045     12.430    31.6487    23.8330 -9.990e-29
 227.553270     12.610  37.273999    12.8174    6.94930     12.504    31.6512    23.8355 -9.990e-29
 227.553275     12.700  37.272920    12.8151    6.94793     12.594    31.6520    23.8367 -9.990e-29
 227.553281     12.812  37.272270    12.8159    6.94004     12.705    31.6507    23.8355 -9.990e-29
 227.553287     12.948  37.272309    12.8182    6.92389     12.840    31.6488    23.8335 0.0000e+00
 227.553293     13.117  37.272529    12.8181    6.90275     13.007    31.6490    23.8337 0.0000e+00
 227.553299     13.333  37.272106    12.8132    6.86869     13.221    31.6526    23.8375 0.0000e+00
 227.553304     13.602  37.270482    12.8036    6.83959     13.488    31.6590    23.8443 0.0000e+00
 227.553310     13.925  37.267175    12.7906    6.81208     13.808    31.6666    23.8527 0.0000e+00
 227.553316     14.295  37.261891    12.7736    6.79985     14.175    31.6758    23.8631 0.0000e+00
 227.553322     14.693  37.255432    12.7524    6.79457     14.570    31.6873    23.8761 0.0000e+00
 227.553328     15.099  37.248894    12.7284    6.78094     14.972    31.7011    23.8914 0.0000e+00
 227.553333     15.504  37.241950    12.7033    6.76691     15.374    31.7154    23.9073 0.0000e+00
 227.553339     15.903  37.233919    12.6837    6.74423     15.770    31.7242    23.9178 0.0000e+00
 227.553345     16.287  37.226971    12.6687    6.71203     16.150    31.7301    23.9253 0.0000e+00
 227.553351     16.665  37.221355    12.6434    6.66157     16.525    31.7459    23.9424 0.0000e+00
 227.553356     17.056  37.209565    12.6024    6.62067     16.913    31.7691    23.9682 0.0000e+00
 227.553362     17.468  37.189885    12.5535    6.55657     17.321    31.7915    23.9949 0.0000e+00
 227.553368     17.897  37.170265    12.4949    6.45413     17.747    31.8222    24.0298 0.0000e+00
 227.553374     18.331  37.149755    12.4177    6.33484     18.177    31.8679    24.0799 0.0000e+00
 227.553380     18.760  37.124535    12.3268    6.15369     18.603    31.9209    24.1381 0.0000e+00
 227.553385     19.174  37.098527    12.2340    5.99320     19.013    31.9750    24.1975 0.0000e+00
 227.553391     19.558  37.072353    12.1192    5.88477     19.394    32.0479    24.2755 0.0000e+00
 227.553397     19.918  37.030707    11.9616    5.84717     19.751    32.1432    24.3787 0.0000e+00
 227.553403     20.263  36.962894    11.7876    5.88837     20.093    32.2279    24.4765 0.0000e+00
 227.553409     20.593  36.876039    11.6210    5.93404     20.420    32.2881    24.5537 0.0000e+00
 227.553414     20.900  36.777097    11.4724    5.99035     20.725    32.3210    24.6063 0.0000e+00
 227.553420     21.174  36.674286    11.3790    6.03043     20.996    32.3020    24.6083 0.0000e+00
 227.553426     21.409  36.605429    11.3828    6.08340     21.229    32.2311    24.5526 0.0000e+00
 227.553432     21.601  36.618853    11.4580    6.15432     21.420    32.1786    24.4983 0.0000e+00
 227.553438     21.744  36.681958    11.5366    6.21173     21.561    32.1718    24.4788 -9.990e-29
 227.553443     21.846  36.730280    11.5860    6.22725     21.663    32.1760    24.4731 -9.990e-29
 227.553449     21.924  36.754239    11.5936    6.16203     21.740    32.1927    24.4847 -9.990e-29
 227.553455     21.987  36.749896    11.5744    6.07264     21.802    32.2051    24.4978 -9.990e-29
 227.553461     22.037  36.727158    11.5686    5.97874     21.852    32.1880    24.4856 -9.990e-29
 227.553466     22.080  36.719057    11.5736    5.91101     21.895    32.1757    24.4751 -9.990e-29
 227.553472     22.116  36.719816    11.5422    5.87144     21.930    32.2038    24.5026 -9.990e-29
 227.553478     22.150  36.693425    11.4478    5.84166     21.964    32.2602    24.5635 -9.990e-29
 227.553484     22.182  36.625994    11.3189    5.83322     21.996    32.3068    24.6228 -9.990e-29
 227.553490     22.210  36.539747    11.2048    5.84684     22.023    32.3221    24.6551 -9.990e-29
 227.553495     22.228  36.467127    11.1409    5.87677     22.041    32.3067    24.6544 -9.990e-29
 227.553501     22.233  36.430139    11.1331    5.89525     22.046    32.2771    24.6328 -9.990e-29
 227.553507     22.224  36.429335    11.1539    5.89621     22.037    32.2580    24.6143 -9.990e-29
 227.553513     22.207  36.446235    11.1770    5.89390     22.020    32.2544    24.6074 -9.990e-29
