data/oxygen options/OCNMS/OCNMS2/raw_data/2005/CTD_CE60_081605faedb.cnv
* Sea-Bird SBE19 Data File:
* FileName = C:\Hypoxia Data\CE60_081605.hex
* Software Version 1.1.6
* Temperature SN = 2997
* Conductivity SN = 2997
* System UpLoad Time = Aug 16 2005 12:25:41
* SEACAT PROFILER V3.1c SN 2997   08/16/05  12:25:01.245
* strain gauge pressure sensor: S/N = 184829,  range = 3000 psia,  tc = 40
# nquan = 9
# nvalues = 58                          
# units = specified
# name 0 = timeJ: Julian Days
# name 1 = prSM: Pressure, Strain Gauge [db]
# name 2 = c0mS/cm: Conductivity [mS/cm]
# name 3 = t090C: Temperature [ITS-90, deg C]
# name 4 = oxML/L: Oxygen, Beckman/YSI [ml/l]
# name 5 = depSM: Depth [salt water, m], lat = 47.5
# name 6 = sal00: Salinity, Practical [PSU]
# name 7 = sigma-é00: Density [sigma-theta, kg/m^3]
# name 8 = flag: flag
# span 0 = 228.480091, 228.480754       
# span 1 =      4.000,     61.000       
# span 2 =  34.406273,  36.737138       
# span 3 =     7.1114,    11.3256       
# span 4 =    2.20358,    7.72620       
# span 5 =      3.966,     60.482       
# span 6 =    32.2945,    33.8952       
# span 7 =    24.6117,    26.5334       
# span 8 = 0.0000e+00, 0.0000e+00       
# interval = decibars: 1                
# start_time = Aug 16 2005 11:27:49 [Instrument's time stamp, header]
# bad_flag = -9.990e-29
*END*
 228.480091      4.000  36.611776    11.3256    7.30623      3.966    32.2945    24.6117 0.0000e+00
 228.480122      5.000  36.563966    11.1796    6.39006      4.958    32.3753    24.7006 0.0000e+00
 228.480140      6.000  36.289844    10.8024    6.35365      5.950    32.4367    24.8147 0.0000e+00
 228.480152      7.000  36.206005    10.7578    6.98156      6.941    32.3924    24.7880 0.0000e+00
 228.480165      8.000  36.349844    10.8752    7.51488      7.933    32.4310    24.7976 0.0000e+00
 228.480177      9.000  36.555388    10.9913    7.72620      8.924    32.5314    24.8555 0.0000e+00
 228.480189     10.000  36.737034    11.0073    7.65077      9.916    32.6966    24.9812 0.0000e+00
 228.480200     11.000  36.737138    10.8555    7.45257     10.908    32.8319    25.1132 0.0000e+00
 228.480210     12.000  36.641795    10.7195    7.24896     11.899    32.8586    25.1577 0.0000e+00
 228.480220     13.000  36.578860    10.6525    7.01814     12.891    32.8556    25.1672 0.0000e+00
 228.480230     14.000  36.551270    10.5751    6.74956     13.883    32.8974    25.2131 0.0000e+00
 228.480241     15.000  36.499819    10.4987    6.48773     14.874    32.9144    25.2396 0.0000e+00
 228.480252     16.000  36.466558    10.4502    6.07230     15.866    32.9245    25.2557 0.0000e+00
 228.480263     17.000  36.416587    10.3262    5.49107     16.858    32.9862    25.3251 0.0000e+00
 228.480274     18.000  36.245170    10.0262    4.90724     17.849    33.0860    25.4535 0.0000e+00
 228.480284     19.000  35.940675     9.6301    4.48079     18.840    33.1389    25.5602 0.0000e+00
 228.480294     20.000  35.623911     9.3091    4.20500     19.832    33.1093    25.5892 0.0000e+00
 228.480305     21.000  35.477323     9.1933    4.01610     20.824    33.0646    25.5728 0.0000e+00
 228.480315     22.000  35.418431     9.0156    3.78518     21.815    33.1684    25.6820 0.0000e+00
 228.480324     23.000  35.244819     8.7250    3.57114     22.807    33.2585    25.7977 0.0000e+00
 228.480335     24.000  35.033202     8.3940    3.39172     23.798    33.3475    25.9180 0.0000e+00
 228.480344     25.000  34.857511     8.1279    3.25592     24.790    33.4136    26.0095 0.0000e+00
 228.480356     26.000  34.755677     8.0008    3.23434     25.781    33.4258    26.0378 0.0000e+00
 228.480367     27.000  34.719396     7.9504    3.25001     26.773    33.4347    26.0522 0.0000e+00
 228.480377     28.000  34.735891     7.9235    3.24081     27.764    33.4776    26.0899 0.0000e+00
 228.480388     29.000  34.761972     7.9051    3.23022     28.756    33.5228    26.1281 0.0000e+00
 228.480398     30.000  34.757172     7.8942    3.20334     29.747    33.5276    26.1335 0.0000e+00
 228.480408     31.000  34.746100     7.8599    3.14478     30.739    33.5482    26.1546 0.0000e+00
 228.480418     32.000  34.731127     7.8203    3.06360     31.731    33.5697    26.1773 0.0000e+00
 228.480429     33.000  34.710087     7.7700    2.97484     32.722    33.5951    26.2045 0.0000e+00
 228.480441     34.000  34.681920     7.6938    2.91791     33.713    33.6379    26.2492 0.0000e+00
 228.480451     35.000  34.648344     7.6199    2.89750     34.705    33.6727    26.2871 0.0000e+00
 228.480462     36.000  34.625107     7.5609    2.90735     35.697    33.7043    26.3204 0.0000e+00
 228.480473     37.000  34.600620     7.5011    2.87544     36.688    33.7355    26.3534 0.0000e+00
 228.480484     38.000  34.575097     7.4464    2.82527     37.679    33.7605    26.3809 0.0000e+00
 228.480495     39.000  34.555172     7.3949    2.77420     38.671    33.7886    26.4103 0.0000e+00
 228.480507     40.000  34.540848     7.3553    2.73352     39.663    33.8112    26.4337 0.0000e+00
 228.480519     41.000  34.530069     7.3235    2.69890     40.654    33.8301    26.4529 0.0000e+00
 228.480532     42.000  34.519070     7.2980    2.67099     41.645    33.8425    26.4663 0.0000e+00
 228.480545     43.000  34.511602     7.2865    2.66437     42.637    33.8452    26.4700 0.0000e+00
 228.480557     44.000  34.506514     7.2802    2.65690     43.628    33.8453    26.4711 0.0000e+00
 228.480569     45.000  34.503048     7.2763    2.64831     44.620    33.8449    26.4712 0.0000e+00
 228.480580     46.000  34.501266     7.2736    2.64673     45.611    33.8452    26.4719 0.0000e+00
 228.480592     47.000  34.500185     7.2724    2.63525     46.603    33.8447    26.4716 0.0000e+00
 228.480605     48.000  34.500160     7.2686    2.57668     47.594    33.8479    26.4747 0.0000e+00
 228.480617     49.000  34.489821     7.2359    2.45878     48.585    33.8681    26.4952 0.0000e+00
 228.480628     50.000  34.463255     7.1963    2.37955     49.577    33.8774    26.5081 0.0000e+00
 228.480639     51.000  34.449676     7.1824    2.34824     50.568    33.8759    26.5088 0.0000e+00
 228.480649     52.000  34.446226     7.1771    2.32600     51.559    33.8768    26.5102 0.0000e+00
 228.480659     53.000  34.442956     7.1689    2.30914     52.551    33.8807    26.5145 0.0000e+00
 228.480669     54.000  34.436271     7.1567    2.28920     53.542    33.8850    26.5195 0.0000e+00
 228.480680     55.000  34.428205     7.1413    2.27053     54.534    33.8908    26.5262 0.0000e+00
 228.480691     56.000  34.420032     7.1294    2.24076     55.525    33.8930    26.5297 0.0000e+00
 228.480703     57.000  34.413757     7.1214    2.21935     56.517    33.8935    26.5312 0.0000e+00
 228.480715     58.000  34.409765     7.1148    2.20507     57.508    33.8952    26.5334 0.0000e+00
 228.480725     59.000  34.406942     7.1119    2.20976     58.499    33.8945    26.5333 0.0000e+00
 228.480738     60.000  34.406273     7.1114    2.20358     59.491    33.8936    26.5327 0.0000e+00
 228.480754     61.000  34.406866     7.1114    2.20768     60.482    33.8939    26.5329 0.0000e+00
