data/oxygen options/OCNMS/OCNMS2/raw_data/2005/CTD_TH35_083105faedb.cnv
* Sea-Bird SBE19 Data File:
* FileName = C:\hypoxia CTD data\TH35_083105.hex
* Software Version 1.1.5
* Temperature SN = 2997
* Conductivity SN = 2997
* System UpLoad Time = Aug 31 2005 15:44:44
** Teahwhit Head 083105 35m
* SEACAT PROFILER V3.1c SN 2997   08/31/05  15:40:32.849
# nquan = 9
# nvalues = 34                          
# units = specified
# name 0 = timeJ: Julian Days
# name 1 = prSM: Pressure, Strain Gauge [db]
# name 2 = c0mS/cm: Conductivity [mS/cm]
# name 3 = t090C: Temperature [ITS-90, deg C]
# name 4 = oxML/L: Oxygen, Beckman/YSI [ml/l]
# name 5 = depSM: Depth [salt water, m], lat = 47.5
# name 6 = sal00: Salinity, Practical [PSU]
# name 7 = sigma-é00: Density [sigma-theta, kg/m^3]
# name 8 = flag: flag
# span 0 = 243.446718, 243.447126       
# span 1 =      3.000,     36.000       
# span 2 =  34.622523,  37.899740       
# span 3 =     7.7167,    13.1777       
# span 4 =    3.23845,    7.63420       
# span 5 =      2.975,     35.696       
# span 6 =    31.0443,    33.5509       
# span 7 =    23.2960,    26.1775       
# span 8 = 0.0000e+00, 0.0000e+00       
# interval = decibars: 1                
# start_time = Aug 31 2005 10:40:08 [Instrument's time stamp, header]
# bad_flag = -9.990e-29
*END*
 243.446718      3.000  36.941495    13.1777    7.50409      2.975    31.0443    23.2960 0.0000e+00
 243.446739      4.000  37.790299    12.9344    7.63420      3.967    32.0432    24.1161 0.0000e+00
 243.446753      5.000  37.899740    12.6373    7.61055      4.958    32.3997    24.4497 0.0000e+00
 243.446765      6.000  37.755940    12.4674    7.53454      5.950    32.4092    24.4896 0.0000e+00
 243.446777      7.000  37.656917    12.3151    7.40427      6.941    32.4457    24.5468 0.0000e+00
 243.446789      8.000  37.558904    12.1762    7.28149      7.933    32.4715    24.5931 0.0000e+00
 243.446802      9.000  37.453094    12.0006    7.08427      8.925    32.5220    24.6651 0.0000e+00
 243.446813     10.000  37.303022    11.7271    6.49960      9.916    32.6154    24.7882 0.0000e+00
 243.446826     11.000  37.087589    11.3867    5.66929     10.908    32.7047    24.9197 0.0000e+00
 243.446839     12.000  36.760305    10.7047    4.84183     11.899    32.9911    25.2630 0.0000e+00
 243.446853     13.000  36.128640     9.7406    4.13010     12.891    33.2325    25.6145 0.0000e+00
 243.446865     14.000  35.609777     9.1122    3.66248     13.883    33.2807    25.7543 0.0000e+00
 243.446877     15.000  35.297338     8.7013    3.40210     14.874    33.3397    25.8648 0.0000e+00
 243.446889     16.000  35.040403     8.4181    3.30875     15.866    33.3360    25.9052 0.0000e+00
 243.446900     17.000  34.900698     8.2558    3.33332     16.857    33.3415    25.9338 0.0000e+00
 243.446911     18.000  34.818910     8.1289    3.38110     17.849    33.3748    25.9788 0.0000e+00
 243.446922     19.000  34.764735     8.0235    3.39680     18.840    33.4171    26.0276 0.0000e+00
 243.446935     20.000  34.731296     7.9530    3.40014     19.832    33.4483    26.0625 0.0000e+00
 243.446946     21.000  34.704283     7.8927    3.39281     20.824    33.4766    26.0935 0.0000e+00
 243.446957     22.000  34.687336     7.8649    3.38906     21.815    33.4847    26.1039 0.0000e+00
 243.446967     23.000  34.683833     7.8624    3.37485     22.807    33.4828    26.1028 0.0000e+00
 243.446977     24.000  34.688924     7.8606    3.40176     23.798    33.4896    26.1084 0.0000e+00
 243.446987     25.000  34.688506     7.8598    3.39891     24.790    33.4894    26.1084 0.0000e+00
 243.446997     26.000  34.687758     7.8644    3.38476     25.782    33.4837    26.1032 0.0000e+00
 243.447006     27.000  34.687640     7.8692    3.35822     26.773    33.4784    26.0984 0.0000e+00
 243.447017     28.000  34.684594     7.8410    3.32967     27.764    33.5018    26.1209 0.0000e+00
 243.447028     29.000  34.668105     7.7917    3.30111     28.756    33.5310    26.1510 0.0000e+00
 243.447040     30.000  34.643953     7.7519    3.29295     29.747    33.5429    26.1661 0.0000e+00
 243.447052     31.000  34.633700     7.7382    3.29431     30.739    33.5446    26.1694 0.0000e+00
 243.447064     32.000  34.629769     7.7308    3.28984     31.731    33.5470    26.1723 0.0000e+00
 243.447076     33.000  34.627528     7.7268    3.28389     32.722    33.5479    26.1737 0.0000e+00
 243.447090     34.000  34.624859     7.7229    3.28265     33.713    33.5484    26.1746 0.0000e+00
 243.447105     35.000  34.623805     7.7199    3.26308     34.705    33.5496    26.1761 0.0000e+00
 243.447126     36.000  34.622523     7.7167    3.23845     35.696    33.5509    26.1775 0.0000e+00
