data/oxygen options/OCNMS/OCNMS2/raw_data/2005/CTD_CA70_070705faed.cnv
* Sea-Bird SBE19 Data File:
* FileName = C:\Hypoxia Data\CA70_070705.hex
* Software Version 1.1.6
* Temperature SN = 2997
* Conductivity SN = 2997
* System UpLoad Time = Jul 07 2005 13:56:23
* SEACAT PROFILER V3.1c SN 2997   07/07/05  13:55:55.653
* strain gauge pressure sensor: S/N = 184829,  range = 3000 psia,  tc = 40
# nquan = 9                                 
# nvalues = 697                         
# units = specified
# name 0 = timeJ: Julian Days
# name 1 = prSM: Pressure, Strain Gauge [db]
# name 2 = c0mS/cm: Conductivity [mS/cm]
# name 3 = t090C: Temperature [ITS-90, deg C]
# name 4 = oxML/L: Oxygen, Beckman/YSI [ml/l]
# name 5 = depSM: Depth [salt water, m], lat = 47.5
# name 6 = sal00: Salinity, Practical [PSU]
# name 7 = sigma-é00: Density [sigma-theta, kg/m^3]
# name 8 = flag: flag
# span 0 = 188.555116, 188.559144       
# span 1 =     -2.465,     70.489       
# span 2 =  13.747018,  38.253619       
# span 3 =     7.6103,    14.4404       
# span 4 =   -0.09792,   25.87033       
# span 5 =     -2.444,     69.889       
# span 6 =    10.3106,    33.7594       
# span 7 =     7.1974,    26.3570       
# span 8 = 0.0000e+00, 0.0000e+00       
# interval = seconds: 0.5
# start_time = Jul 07 2005 13:19:22 [Instrument's time stamp, header]
# bad_flag = -9.990e-29
*END*
[from data line 161]
 188.556047      1.852  38.205322    14.3901    8.36124      1.837    31.2259    23.1924 -9.990e-29
 188.556053      1.858  38.209728    14.3940    8.36952      1.842    31.2268    23.1922 -9.990e-29
 188.556059      1.857  38.213648    14.3919    8.37895      1.841    31.2320    23.1967 -9.990e-29
 188.556065      1.859  38.210535    14.3848    8.39872      1.843    31.2349    23.2004 -9.990e-29
 188.556071      1.867  38.202976    14.3800    8.40054      1.851    31.2319    23.1991 -9.990e-29
 188.556076      1.881  38.199406    14.3815    8.37490      1.865    31.2275    23.1954 -9.990e-29
 188.556082      1.900  38.201799    14.3894    8.36369      1.884    31.2233    23.1905 -9.990e-29
 188.556088      1.915  38.209982    14.3992    8.35851      1.899    31.2228    23.1881 -9.990e-29
 188.556094      1.927  38.219164    14.4034    8.37413      1.911    31.2278    23.1911 -9.990e-29
 188.556100      1.942  38.220842    14.4003    8.39272      1.926    31.2318    23.1948 -9.990e-29
 188.556105      1.955  38.216136    14.3936    8.37994      1.939    31.2329    23.1970 -9.990e-29
 188.556111      1.964  38.210558    14.3899    8.36582      1.948    31.2308    23.1962 -9.990e-29
 188.556117      1.969  38.207891    14.3915    8.36557      1.953    31.2271    23.1930 -9.990e-29
 188.556123      1.971  38.209068    14.3933    8.36363      1.955    31.2267    23.1923 -9.990e-29
 188.556128      1.969  38.210611    14.3925    8.35841      1.953    31.2288    23.1941 -9.990e-29
 188.556134      1.968  38.210659    14.3913    8.35709      1.952    31.2298    23.1951 -9.990e-29
 188.556140      1.972  38.210402    14.3921    8.36237      1.956    31.2289    23.1943 -9.990e-29
 188.556146      1.977  38.211185    14.3948    8.35924      1.960    31.2274    23.1926 -9.990e-29
 188.556152      1.983  38.212933    14.3973    8.35929      1.966    31.2270    23.1917 -9.990e-29
 188.556157      1.995  38.214616    14.3995    8.35886      1.978    31.2267    23.1911 -9.990e-29
 188.556163      2.009  38.216239    14.4013    8.35597      1.992    31.2268    23.1907 -9.990e-29
 188.556169      2.022  38.217727    14.4007    8.36718      2.005    31.2286    23.1923 -9.990e-29
 188.556175      2.035  38.217142    14.3983    8.35683      2.018    31.2300    23.1938 -9.990e-29
 188.556181      2.048  38.215390    14.3974    8.35125      2.031    31.2291    23.1933 -9.990e-29
 188.556186      2.059  38.215749    14.3979    8.34724      2.042    31.2290    23.1932 -9.990e-29
 188.556192      2.064  38.217018    14.3990    8.35503      2.047    31.2293    23.1932 -9.990e-29
 188.556198      2.066  38.218088    14.4025    8.35392      2.049    31.2275    23.1910 -9.990e-29
 188.556204      2.071  38.220951    14.4082    8.35024      2.054    31.2255    23.1883 -9.990e-29
 188.556209      2.079  38.225504    14.4129    8.35246      2.062    31.2258    23.1876 -9.990e-29
 188.556215      2.091  38.229408    14.4150    8.35632      2.074    31.2277    23.1886 -9.990e-29
 188.556221      2.107  38.231143    14.4158    8.36569      2.089    31.2286    23.1891 -9.990e-29
 188.556227      2.128  38.231905    14.4152    8.35854      2.110    31.2298    23.1901 -9.990e-29
 188.556233      2.151  38.231034    14.4147    8.35019      2.133    31.2294    23.1899 -9.990e-29
 188.556238      2.165  38.229617    14.4175    8.32672      2.147    31.2258    23.1866 -9.990e-29
 188.556244      2.163  38.232495    14.4214    8.31994      2.145    31.2253    23.1854 -9.990e-29
 188.556250      2.152  38.236780    14.4223    8.31969      2.134    31.2285    23.1877 -9.990e-29
 188.556256      2.150  38.237534    14.4166    8.33170      2.132    31.2337    23.1929 -9.990e-29
 188.556262      2.163  38.231842    14.4033    8.34914      2.145    31.2393    23.2000 -9.990e-29
 188.556267      2.186  38.219412    14.3896    8.36144      2.168    31.2390    23.2026 -9.990e-29
 188.556273      2.206  38.207791    14.3839    8.35629      2.188    31.2330    23.1992 -9.990e-29
 188.556279      2.220  38.203919    14.3864    8.35362      2.201    31.2275    23.1944 -9.990e-29
 188.556285      2.229  38.207121    14.3921    8.35504      2.210    31.2258    23.1919 -9.990e-29
 188.556291      2.239  38.212696    14.3970    8.34867      2.220    31.2269    23.1917 -9.990e-29
 188.556296      2.254  38.217425    14.4004    8.35695      2.235    31.2285    23.1922 -9.990e-29
 188.556302      2.271  38.220330    14.4017    8.35804      2.252    31.2301    23.1932 -9.990e-29
 188.556308      2.286  38.220802    14.4018    8.35717      2.267    31.2304    23.1934 -9.990e-29
 188.556314      2.300  38.220035    14.4023    8.34620      2.281    31.2293    23.1925 -9.990e-29
 188.556319      2.311  38.220374    14.4030    8.33965      2.292    31.2290    23.1921 -9.990e-29
 188.556325      2.314  38.221154    14.4036    8.34243      2.295    31.2293    23.1922 -9.990e-29
 188.556331      2.315  38.221737    14.4047    8.35922      2.296    31.2289    23.1917 -9.990e-29
 188.556337      2.316  38.222906    14.4062    8.36120      2.297    31.2288    23.1913 -9.990e-29
 188.556343      2.319  38.223978    14.4081    8.35178      2.300    31.2282    23.1904 -9.990e-29
 188.556348      2.324  38.225265    14.4115    8.34471      2.305    31.2266    23.1885 -9.990e-29
 188.556354      2.331  38.228490    14.4160    8.33882      2.312    31.2259    23.1870 -9.990e-29
 188.556360      2.340  38.232908    14.4188    8.34267      2.320    31.2277    23.1878 -9.990e-29
 188.556366      2.356  38.235441    14.4190    8.33998      2.336    31.2298    23.1894 -9.990e-29
 188.556372      2.380  38.234983    14.4184    8.33699      2.360    31.2299    23.1896 -9.990e-29
 188.556377      2.401  38.233734    14.4189    8.34479      2.381    31.2283    23.1883 -9.990e-29
 188.556383      2.412  38.233956    14.4204    8.35477      2.392    31.2273    23.1872 -9.990e-29
 188.556389      2.418  38.235390    14.4210    8.35120      2.398    31.2281    23.1877 -9.990e-29
 188.556395      2.424  38.236026    14.4196    8.35717      2.404    31.2298    23.1893 -9.990e-29
 188.556400      2.425  38.234471    14.4187    8.35283      2.405    31.2292    23.1890 -9.990e-29
 188.556406      2.417  38.233145    14.4214    8.34402      2.397    31.2258    23.1858 -9.990e-29
 188.556412      2.399  38.235329    14.4274    8.32499      2.379    31.2229    23.1824 -9.990e-29
 188.556418      2.376  38.240575    14.4351    8.29930      2.356    31.2215    23.1797 -9.990e-29
 188.556424      2.358  38.248030    14.4404    8.30915      2.338    31.2240    23.1805 -9.990e-29
 188.556429      2.357  38.253619    14.4384    8.32576      2.337    31.2307    23.1861 -9.990e-29
 188.556435      2.373  38.252462    14.4305    8.34819      2.353    31.2360    23.1918 -9.990e-29
 188.556441      2.394  38.245826    14.4226    8.34911      2.374    31.2363    23.1937 -9.990e-29
 188.556447      2.404  38.238328    14.4210    8.34378      2.384    31.2308    23.1898 -9.990e-29
 188.556453      2.396  38.236236    14.4258    8.32810      2.376    31.2250    23.1843 -9.990e-29
 188.556458      2.377  38.240687    14.4303    8.31606      2.357    31.2255    23.1837 -9.990e-29
 188.556464      2.359  38.244720    14.4296    8.31066      2.339    31.2297    23.1871 -9.990e-29
 188.556470      2.354  38.244185    14.4242    8.31377      2.334    31.2336    23.1912 -9.990e-29
 188.556476      2.370  38.240057    14.4170    8.31755      2.350    31.2356    23.1943 -9.990e-29
 188.556481      2.395  38.234127    14.4110    8.33324      2.375    31.2351    23.1951 -9.990e-29
 188.556487      2.414  38.229150    14.4058    8.33684      2.394    31.2347    23.1959 -9.990e-29
 188.556493      2.423  38.224660    14.4008    8.34061      2.403    31.2347    23.1969 -9.990e-29
 188.556499      2.423  38.220283    14.3991    8.34776      2.403    31.2321    23.1953 -9.990e-29
 188.556505      2.423  38.218599    14.4009    8.33083      2.403    31.2291    23.1926 -9.990e-29
 188.556510      2.432  38.219608    14.4032    8.32308      2.412    31.2281    23.1914 -9.990e-29
 188.556516      2.444  38.221856    14.4038    8.32670      2.424    31.2297    23.1925 -9.990e-29
 188.556522      2.462  38.224980    14.4024    8.33483      2.441    31.2337    23.1958 -9.990e-29
 188.556528      2.487  38.226979    14.4002    8.35455      2.466    31.2372    23.1990 -9.990e-29
 188.556534      2.511  38.225476    14.3988    8.34048      2.490    31.2370    23.1991 -9.990e-29
 188.556539      2.527  38.222397    14.4007    8.33359      2.506    31.2327    23.1954 -9.990e-29
 188.556545      2.533  38.222615    14.4057    8.33899      2.512    31.2288    23.1914 -9.990e-29
 188.556551      2.533  38.226430    14.4087    8.34131      2.512    31.2299    23.1916 -9.990e-29
 188.556557      2.530  38.228283    14.4066    8.33522      2.509    31.2332    23.1946 -9.990e-29
 188.556563      2.526  38.225607    14.4037    8.31785      2.505    31.2332    23.1952 -9.990e-29
 188.556568      2.520  38.222696    14.4054    8.30733      2.499    31.2291    23.1917 -9.990e-29
 188.556574      2.515  38.224090    14.4094    8.30849      2.494    31.2272    23.1894 -9.990e-29
 188.556580      2.520  38.227170    14.4082    8.32573      2.499    31.2309    23.1925 -9.990e-29
 188.556586      2.534  38.225956    14.3999    8.33944      2.513    31.2365    23.1986 -9.990e-29
 188.556591      2.552  38.218841    14.3912    8.34668      2.531    31.2371    23.2008 -9.990e-29
 188.556597      2.564  38.211490    14.3897    8.35021      2.543    31.2316    23.1969 -9.990e-29
 188.556603      2.564  38.210373    14.3953    8.33245      2.543    31.2261    23.1914 -9.990e-29
 188.556609      2.551  38.215689    14.4032    8.30622      2.530    31.2245    23.1886 -9.990e-29
 188.556615      2.537  38.223317    14.4081    8.30585      2.516    31.2275    23.1899 -9.990e-29
 188.556620      2.535  38.227734    14.4069    8.30953      2.514    31.2325    23.1940 -9.990e-29
 188.556626      2.548  38.225867    14.4002    8.32900      2.527    31.2362    23.1982 -9.990e-29
 188.556632      2.573  38.219723    14.3930    8.34637      2.552    31.2364    23.1999 -9.990e-29
 188.556638      2.599  38.214021    14.3903    8.34084      2.577    31.2334    23.1981 -9.990e-29
 188.556644      2.614  38.212379    14.3923    8.33445      2.592    31.2303    23.1953 -9.990e-29
 188.556649      2.619  38.214297    14.3959    8.32758      2.597    31.2291    23.1937 -9.990e-29
 188.556655      2.624  38.217295    14.3980    8.33414      2.602    31.2302    23.1940 -9.990e-29
 188.556661      2.629  38.219208    14.3983    8.34374      2.607    31.2317    23.1951 -9.990e-29
 188.556667      2.625  38.219232    14.4002    8.34641      2.603    31.2301    23.1936 -9.990e-29
 188.556672      2.612  38.220212    14.4053    8.33128      2.590    31.2269    23.1900 -9.990e-29
 188.556678      2.598  38.224025    14.4123    8.32517      2.576    31.2248    23.1869 -9.990e-29
 188.556684      2.591  38.229596    14.4185    8.31530      2.569    31.2248    23.1857 -9.990e-29
 188.556690      2.599  38.234828    14.4206    8.32626      2.577    31.2279    23.1876 -9.990e-29
 188.556696      2.621  38.236612    14.4182    8.33036      2.599    31.2314    23.1908 -9.990e-29
 188.556701      2.648  38.234533    14.4151    8.33833      2.626    31.2320    23.1919 -9.990e-29
 188.556707      2.667  38.231996    14.4147    8.34207      2.645    31.2300    23.1905 -9.990e-29
 188.556713      2.675  38.231795    14.4168    8.32777      2.653    31.2282    23.1886 -9.990e-29
 188.556719      2.678  38.233671    14.4196    8.31481      2.656    31.2276    23.1876 -9.990e-29
 188.556725      2.684  38.236206    14.4218    8.30757      2.662    31.2281    23.1875 -9.990e-29
 188.556730      2.698  38.238305    14.4222    8.31805      2.675    31.2297    23.1887 -9.990e-29
 188.556736      2.716  38.238849    14.4194    8.32580      2.693    31.2325    23.1914 -9.990e-29
 188.556742      2.731  38.236329    14.4143    8.32975      2.708    31.2343    23.1938 -9.990e-29
 188.556748      2.739  38.231882    14.4115    8.32531      2.716    31.2325    23.1930 -9.990e-29
 188.556753      2.742  38.230241    14.4132    8.32323      2.719    31.2296    23.1905 -9.990e-29
 188.556759      2.739  38.232590    14.4163    8.31454      2.716    31.2293    23.1896 -9.990e-29
 188.556765      2.731  38.235339    14.4183    8.31429      2.708    31.2302    23.1898 -9.990e-29
 188.556771      2.720  38.236557    14.4190    8.31235      2.697    31.2307    23.1901 -9.990e-29
 188.556777      2.715  38.236756    14.4169    8.31171      2.692    31.2326    23.1920 -9.990e-29
 188.556782      2.720  38.235088    14.4091    8.33078      2.697    31.2373    23.1973 -9.990e-29
 188.556788      2.730  38.228217    14.3983    8.33584      2.707    31.2398    23.2014 -9.990e-29
 188.556794      2.739  38.218207    14.3938    8.33255      2.716    31.2343    23.1981 -9.990e-29
 188.556800      2.741  38.214716    14.3984    8.31162      2.718    31.2274    23.1919 -9.990e-29
 188.556806      2.738  38.219824    14.4054    8.29389      2.715    31.2264    23.1896 -9.990e-29
 188.556811      2.734  38.226327    14.4084    8.31061      2.711    31.2299    23.1917 -9.990e-29
 188.556817      2.735  38.228884    14.4051    8.33022      2.712    31.2349    23.1962 -9.990e-29
 188.556823      2.744  38.225308    14.3987    8.33299      2.721    31.2368    23.1990 -9.990e-29
 188.556829      2.751  38.218694    14.3950    8.32842      2.728    31.2338    23.1975 -9.990e-29
 188.556834      2.754  38.215374    14.3959    8.31948      2.731    31.2301    23.1944 -9.990e-29
 188.556840      2.756  38.217098    14.3995    8.31334      2.733    31.2287    23.1926 -9.990e-29
 188.556846      2.766  38.220562    14.4034    8.33007      2.743    31.2287    23.1918 -9.990e-29
 188.556852      2.784  38.223106    14.4060    8.33847      2.761    31.2289    23.1914 -9.990e-29
 188.556858      2.804  38.224765    14.4071    8.33897      2.781    31.2295    23.1917 -9.990e-29
 188.556863      2.818  38.225517    14.4084    8.33920      2.794    31.2292    23.1911 -9.990e-29
 188.556869      2.822  38.226932    14.4103    8.32286      2.798    31.2289    23.1905 -9.990e-29
 188.556875      2.822  38.229226    14.4106    8.32174      2.798    31.2308    23.1919 -9.990e-29
 188.556881      2.821  38.229856    14.4076    8.32290      2.797    31.2338    23.1948 -9.990e-29
 188.556887      2.819  38.227429    14.4027    8.33498      2.795    31.2355    23.1972 -9.990e-29
 188.556892      2.816  38.223204    14.3993    8.33163      2.792    31.2344    23.1971 -9.990e-29
 188.556898      2.813  38.220530    14.3979    8.32718      2.790    31.2331    23.1963 -9.990e-29
 188.556904      2.808  38.219776    14.3971    8.32985      2.785    31.2331    23.1965 -9.990e-29
 188.556910      2.807  38.219385    14.3967    8.33775      2.784    31.2330    23.1965 -9.990e-29
 188.556916      2.812  38.218842    14.3970    8.32807      2.789    31.2323    23.1959 -9.990e-29
 188.556921      2.820  38.218556    14.3991    8.31457      2.796    31.2303    23.1940 -9.990e-29
 188.556927      2.828  38.219835    14.4036    8.29704      2.804    31.2279    23.1911 -9.990e-29
 188.556933      2.835  38.223273    14.4084    8.29272      2.811    31.2271    23.1896 -9.990e-29
 188.556939      2.843  38.227291    14.4090    8.29872      2.819    31.2303    23.1919 -9.990e-29
 188.556944      2.851  38.227164    14.4025    8.30611      2.827    31.2354    23.1972 -9.990e-29
 188.556950      2.861  38.219928    14.3931    8.32443      2.837    31.2364    23.1999 -9.990e-29
 188.556956      2.873  38.211646    14.3883    8.33410      2.849    31.2327    23.1981 -9.990e-29
 188.556962      2.883  38.209231    14.3903    8.33677      2.859    31.2289    23.1947 -9.990e-29
