data/oxygen options/OCNMS/OCNMS2/raw_data/2005/CTD_CE100_081605faedb.cnv
* Sea-Bird SBE19 Data File:
* FileName = C:\Hypoxia Data\CE100_081605.hex
* Software Version 1.1.6
* Temperature SN = 2997
* Conductivity SN = 2997
* System UpLoad Time = Aug 16 2005 12:49:12
* SEACAT PROFILER V3.1c SN 2997   08/16/05  12:48:07.521
* strain gauge pressure sensor: S/N = 184829,  range = 3000 psia,  tc = 40
# nquan = 9
# nvalues = 101                         
# units = specified
# name 0 = timeJ: Julian Days
# name 1 = prSM: Pressure, Strain Gauge [db]
# name 2 = c0mS/cm: Conductivity [mS/cm]
# name 3 = t090C: Temperature [ITS-90, deg C]
# name 4 = oxML/L: Oxygen, Beckman/YSI [ml/l]
# name 5 = depSM: Depth [salt water, m], lat = 47.5
# name 6 = sal00: Salinity, Practical [PSU]
# name 7 = sigma-é00: Density [sigma-theta, kg/m^3]
# name 8 = flag: flag
# span 0 = 228.521534, 228.522679       
# span 1 =      4.000,    104.000       
# span 2 =  34.454828,  36.358267       
# span 3 =     7.1167,    11.4620       
# span 4 =    2.30773,    6.23166       
# span 5 =      3.967,    103.106       
# span 6 =    31.9252,    33.9520       
# span 7 =    24.3024,    26.5758       
# span 8 = 0.0000e+00, 0.0000e+00       
# interval = decibars: 1                
# start_time = Aug 16 2005 12:27:50 [Instrument's time stamp, header]
# bad_flag = -9.990e-29
*END*
 228.521534      4.000  36.358267    11.4620    6.23166      3.967    31.9279    24.3024 0.0000e+00
 228.521559      5.000  36.349608    11.4523    6.20431      4.958    31.9275    24.3037 0.0000e+00
 228.521575      6.000  36.344761    11.4457    6.18320      5.950    31.9280    24.3054 0.0000e+00
 228.521588      7.000  36.335168    11.4307    6.14033      6.941    31.9312    24.3106 0.0000e+00
 228.521600      8.000  36.321197    11.4192    6.16339      7.933    31.9270    24.3094 0.0000e+00
 228.521611      9.000  36.314633    11.4134    6.20784      8.925    31.9252    24.3090 0.0000e+00
 228.521621     10.000  36.311987    11.4095    6.18419      9.916    31.9256    24.3101 0.0000e+00
 228.521631     11.000  36.309654    11.4025    6.12886     10.908    31.9289    24.3140 0.0000e+00
 228.521642     12.000  36.300021    11.3682    5.86820     11.900    31.9488    24.3355 0.0000e+00
 228.521651     13.000  36.246459    11.2303    5.38514     12.891    32.0154    24.4119 0.0000e+00
 228.521662     14.000  36.122174    11.0235    4.86751     13.883    32.0728    24.4931 0.0000e+00
 228.521671     15.000  35.953796    10.7621    4.40827     14.874    32.1345    24.5867 0.0000e+00
 228.521681     16.000  35.728625    10.4008    4.05185     15.866    32.2283    24.7216 0.0000e+00
 228.521691     17.000  35.472960    10.0706    3.87512     16.857    32.2641    24.8048 0.0000e+00
 228.521701     18.000  35.282509     9.8229    3.83509     17.849    32.2921    24.8675 0.0000e+00
 228.521711     19.000  35.182646     9.6423    3.90005     18.841    32.3521    24.9438 0.0000e+00
 228.521721     20.000  35.136304     9.5278    4.08010     19.832    32.4076    25.0057 0.0000e+00
 228.521731     21.000  35.128823     9.4695    4.30822     20.823    32.4522    25.0499 0.0000e+00
 228.521741     22.000  35.161072     9.4382    4.46811     21.815    32.5132    25.1027 0.0000e+00
 228.521751     23.000  35.174306     9.3836    4.47177     22.807    32.5760    25.1604 0.0000e+00
 228.521761     24.000  35.152850     9.3281    4.43193     23.799    32.6041    25.1912 0.0000e+00
 228.521771     25.000  35.126977     9.2607    4.36002     24.790    32.6385    25.2288 0.0000e+00
 228.521780     26.000  35.087093     9.1492    4.18287     25.782    32.6989    25.2937 0.0000e+00
 228.521790     27.000  35.024878     9.0348    4.01803     26.773    32.7391    25.3431 0.0000e+00
 228.521800     28.000  34.970402     8.9615    3.95331     27.765    32.7496    25.3627 0.0000e+00
 228.521810     29.000  34.946527     8.9370    3.95067     28.756    32.7469    25.3644 0.0000e+00
 228.521820     30.000  34.936725     8.9252    4.02618     29.748    32.7471    25.3664 0.0000e+00
 228.521830     31.000  34.925128     8.8902    4.30331     30.739    32.7668    25.3873 0.0000e+00
 228.521839     32.000  34.896820     8.7961    4.62836     31.731    32.8239    25.4465 0.0000e+00
 228.521849     33.000  34.826296     8.6637    4.81975     32.722    32.8724    25.5049 0.0000e+00
 228.521859     34.000  34.760603     8.5730    4.89944     33.713    32.8875    25.5304 0.0000e+00
 228.521868     35.000  34.729924     8.5196    4.89933     34.705    32.9045    25.5519 0.0000e+00
 228.521878     36.000  34.705366     8.4722    4.85827     35.696    32.9224    25.5730 0.0000e+00
 228.521889     37.000  34.685492     8.4206    4.78627     36.688    32.9492    25.6019 0.0000e+00
 228.521899     38.000  34.667021     8.3637    4.65905     37.679    32.9825    25.6365 0.0000e+00
 228.521910     39.000  34.653301     8.3015    4.49693     38.671    33.0259    25.6798 0.0000e+00
 228.521920     40.000  34.647329     8.2451    4.27921     39.663    33.0721    25.7245 0.0000e+00
 228.521930     41.000  34.648670     8.1968    4.03126     40.654    33.1186    25.7682 0.0000e+00
 228.521940     42.000  34.650973     8.1455    3.79895     41.645    33.1691    25.8153 0.0000e+00
 228.521951     43.000  34.655211     8.1070    3.58080     42.637    33.2095    25.8528 0.0000e+00
 228.521962     44.000  34.659069     8.0772    3.34031     43.628    33.2415    25.8822 0.0000e+00
 228.521973     45.000  34.657791     8.0241    3.11994     44.620    33.2900    25.9281 0.0000e+00
 228.521984     46.000  34.650182     7.9689    3.02155     45.611    33.3340    25.9707 0.0000e+00
 228.521995     47.000  34.636900     7.9213    2.99007     46.603    33.3648    26.0018 0.0000e+00
 228.522004     48.000  34.622580     7.8852    2.95752     47.594    33.3835    26.0218 0.0000e+00
 228.522015     49.000  34.608245     7.8368    2.92372     48.585    33.4139    26.0528 0.0000e+00
 228.522026     50.000  34.586413     7.7893    2.89498     49.577    33.4356    26.0767 0.0000e+00
 228.522037     51.000  34.570800     7.7398    2.89442     50.568    33.4659    26.1076 0.0000e+00
 228.522049     52.000  34.541892     7.6547    3.00682     51.560    33.5161    26.1593 0.0000e+00
 228.522060     53.000  34.505218     7.5767    3.26627     52.551    33.5514    26.1981 0.0000e+00
 228.522072     54.000  34.484586     7.5275    3.61850     53.542    33.5761    26.2246 0.0000e+00
 228.522082     55.000  34.474247     7.4903    3.85842     54.534    33.6004    26.2489 0.0000e+00
 228.522092     56.000  34.465975     7.4597    3.94951     55.525    33.6207    26.2692 0.0000e+00
 228.522102     57.000  34.459016     7.4391    3.97194     56.517    33.6326    26.2815 0.0000e+00
 228.522112     58.000  34.454828     7.4244    3.96903     57.508    33.6418    26.2909 0.0000e+00
 228.522123     59.000  34.455622     7.4132    3.92753     58.499    33.6531    26.3013 0.0000e+00
 228.522134     60.000  34.461412     7.4069    3.87845     59.491    33.6650    26.3116 0.0000e+00
 228.522145     61.000  34.467048     7.4002    3.82401     60.482    33.6771    26.3221 0.0000e+00
 228.522158     62.000  34.475928     7.3998    3.75011     61.473    33.6866    26.3296 0.0000e+00
 228.522170     63.000  34.484025     7.3996    3.67164     62.464    33.6952    26.3364 0.0000e+00
 228.522181     64.000  34.491711     7.3963    3.61388     63.456    33.7063    26.3456 0.0000e+00
 228.522191     65.000  34.496318     7.3862    3.51520     64.448    33.7206    26.3583 0.0000e+00
 228.522202     66.000  34.501069     7.3711    3.42250     65.439    33.7400    26.3757 0.0000e+00
 228.522214     67.000  34.504696     7.3598    3.37300     66.430    33.7544    26.3887 0.0000e+00
 228.522226     68.000  34.509262     7.3569    3.32934     67.421    33.7618    26.3949 0.0000e+00
 228.522239     69.000  34.510826     7.3463    3.25487     68.413    33.7733    26.4055 0.0000e+00
 228.522250     70.000  34.513223     7.3329    3.16732     69.404    33.7886    26.4194 0.0000e+00
 228.522262     71.000  34.520330     7.3378    3.12802     70.395    33.7910    26.4205 0.0000e+00
 228.522274     72.000  34.557243     7.3699    3.11406     71.386    33.7993    26.4226 0.0000e+00
 228.522286     73.000  34.601618     7.4026    3.07679     72.378    33.8151    26.4304 0.0000e+00
 228.522298     74.000  34.650039     7.4334    3.04034     73.369    33.8371    26.4434 0.0000e+00
 228.522311     75.000  34.681271     7.4501    3.00457     74.361    33.8542    26.4546 0.0000e+00
 228.522324     76.000  34.697849     7.4512    2.98119     75.351    33.8707    26.4674 0.0000e+00
 228.522338     77.000  34.685594     7.4293    2.96684     76.343    33.8782    26.4764 0.0000e+00
 228.522351     78.000  34.662395     7.4012    2.95671     77.334    33.8801    26.4818 0.0000e+00
 228.522363     79.000  34.636823     7.3741    2.93192     78.325    33.8783    26.4843 0.0000e+00
 228.522375     80.000  34.617484     7.3531    2.90315     79.317    33.8773    26.4865 0.0000e+00
 228.522385     81.000  34.599978     7.3322    2.87496     80.308    33.8783    26.4902 0.0000e+00
 228.522397     82.000  34.585373     7.3174    2.85152     81.300    33.8763    26.4908 0.0000e+00
 228.522408     83.000  34.578060     7.3075    2.83229     82.291    33.8776    26.4932 0.0000e+00
 228.522420     84.000  34.573008     7.2984    2.81972     83.282    33.8805    26.4967 0.0000e+00
 228.522431     85.000  34.570820     7.2932    2.81309     84.273    33.8827    26.4992 0.0000e+00
 228.522440     86.000  34.572646     7.2960    2.80484     85.264    33.8816    26.4978 0.0000e+00
 228.522452     87.000  34.587576     7.3115    2.78984     86.256    33.8821    26.4962 0.0000e+00
 228.522462     88.000  34.616300     7.3239    2.78335     87.247    33.9007    26.5091 0.0000e+00
 228.522474     89.000  34.628074     7.3183    2.75165     88.238    33.9185    26.5239 0.0000e+00
 228.522486     90.000  34.620879     7.3024    2.73148     89.230    33.9258    26.5318 0.0000e+00
 228.522498     91.000  34.612985     7.2968    2.73082     90.220    33.9223    26.5299 0.0000e+00
 228.522511     92.000  34.618299     7.2969    2.70366     91.212    33.9275    26.5340 0.0000e+00
 228.522523     93.000  34.611544     7.2795    2.63559     92.203    33.9367    26.5436 0.0000e+00
 228.522535     94.000  34.592731     7.2465    2.56228     93.194    33.9480    26.5573 0.0000e+00
 228.522546     95.000  34.566482     7.2188    2.49884     94.186    33.9461    26.5597 0.0000e+00
 228.522557     96.000  34.547338     7.1918    2.44418     95.177    33.9514    26.5675 0.0000e+00
 228.522569     97.000  34.526651     7.1829    2.43972     96.168    33.9370    26.5574 0.0000e+00
 228.522583     98.000  34.526773     7.1706    2.38133     97.159    33.9487    26.5684 0.0000e+00
 228.522595     99.000  34.498598     7.1355    2.33459     98.150    33.9520    26.5758 0.0000e+00
 228.522607    100.000  34.477537     7.1214    2.31462     99.141    33.9423    26.5701 0.0000e+00
 228.522620    101.000  34.473623     7.1187    2.30773    100.132    33.9402    26.5689 0.0000e+00
 228.522634    102.000  34.473003     7.1179    2.33041    101.123    33.9398    26.5686 0.0000e+00
 228.522654    103.000  34.474333     7.1201    2.31358    102.115    33.9387    26.5675 0.0000e+00
 228.522679    104.000  34.471827     7.1167    2.32278    103.106    33.9388    26.5681 0.0000e+00
