data/oxygen options/OCNMS/OCNMS2/raw_data/2005/CTD_CA20_060705faed.cnv
* Sea-Bird SBE19 Data File:
* FileName = C:\hypoxia CTD data\CA20_060705.hex
* Software Version 1.1.5
* Temperature SN = 2997
* Conductivity SN = 2997
* System UpLoad Time = Jun 07 2005 15:45:52
* SEACAT PROFILER V3.1c SN 2997   06/07/05  15:44:53.295
* strain gauge pressure sensor: S/N = 184829,  range = 3000 psia,  tc = 40
# nquan = 9                                 
# nvalues = 759                         
# units = specified
# name 0 = timeJ: Julian Days
# name 1 = prSM: Pressure, Strain Gauge [db]
# name 2 = c0mS/cm: Conductivity [mS/cm]
# name 3 = t090C: Temperature [ITS-90, deg C]
# name 4 = oxML/L: Oxygen, Beckman/YSI [ml/l]
# name 5 = depSM: Depth [salt water, m], lat = 47.5
# name 6 = sal00: Salinity, Practical [PSU]
# name 7 = sigma-é00: Density [sigma-theta, kg/m^3]
# name 8 = flag: flag
# span 0 = 158.630764, 158.635150       
# span 1 =     -3.312,     20.195       
# span 2 =   0.237255,  37.281805       
# span 3 =    10.9107,    13.7378       
# span 4 =   -0.12336,   26.81664       
# span 5 =     -3.284,     20.025       
# span 6 =     0.1488,    32.0328       
# span 7 =    -0.4807,    24.4777       
# span 8 = 0.0000e+00, 0.0000e+00       
# interval = seconds: 0.5
# start_time = Jun 07 2005 15:08:18 [Instrument's time stamp, header]
# bad_flag = -9.990e-29
*END*
[from data line 321]
 158.632622      2.310  37.245190    13.6964    7.13192      2.291    30.9057    23.0865 -9.990e-29
 158.632627      2.310  37.245659    13.6969    7.14298      2.291    30.9057    23.0864 -9.990e-29
 158.632633      2.306  37.245449    13.6958    7.15032      2.287    30.9064    23.0872 -9.990e-29
 158.632639      2.303  37.243723    13.6934    7.15186      2.284    30.9068    23.0879 -9.990e-29
 158.632645      2.301  37.241549    13.6910    7.14380      2.282    30.9067    23.0883 -9.990e-29
 158.632650      2.303  37.239953    13.6904    7.13628      2.284    30.9057    23.0877 -9.990e-29
 158.632656      2.319  37.240174    13.6923    7.12965      2.300    30.9044    23.0863 -9.990e-29
 158.632662      2.349  37.241948    13.6954    7.12816      2.329    30.9035    23.0850 -9.990e-29
 158.632668      2.383  37.244279    13.6977    7.12966      2.363    30.9038    23.0848 -9.990e-29
 158.632674      2.409  37.245790    13.6976    7.13404      2.389    30.9053    23.0859 -9.990e-29
 158.632679      2.426  37.245136    13.6943    7.14684      2.406    30.9073    23.0882 -9.990e-29
 158.632685      2.430  37.242567    13.6885    7.14549      2.410    30.9096    23.0911 -9.990e-29
 158.632691      2.421  37.238586    13.6844    7.14974      2.401    30.9092    23.0916 -9.990e-29
 158.632697      2.412  37.235737    13.6862    7.14864      2.392    30.9052    23.0881 -9.990e-29
 158.632703      2.411  37.237515    13.6922    7.12872      2.391    30.9020    23.0845 -9.990e-29
 158.632708      2.417  37.241805    13.6984    7.11538      2.397    30.9009    23.0824 -9.990e-29
 158.632714      2.426  37.245357    13.7026    7.13036      2.406    30.9008    23.0815 -9.990e-29
 158.632720      2.436  37.248423    13.7041    7.14548      2.416    30.9024    23.0824 -9.990e-29
 158.632726      2.446  37.249490    13.7036    7.15120      2.426    30.9038    23.0836 -9.990e-29
 158.632731      2.452  37.248300    13.7029    7.14388      2.432    30.9033    23.0833 -9.990e-29
 158.632737      2.452  37.247755    13.7024    7.12370      2.432    30.9032    23.0833 -9.990e-29
 158.632743      2.449  37.247690    13.7022    7.13988      2.429    30.9033    23.0835 -9.990e-29
 158.632749      2.451  37.247459    13.7026    7.14688      2.431    30.9027    23.0830 -9.990e-29
 158.632755      2.460  37.247880    13.7033    7.14267      2.439    30.9026    23.0827 -9.990e-29
 158.632760      2.466  37.248396    13.7037    7.12791      2.445    30.9027    23.0827 -9.990e-29
 158.632766      2.466  37.248575    13.7032    7.10537      2.445    30.9033    23.0833 -9.990e-29
 158.632772      2.464  37.248657    13.7016    7.10657      2.443    30.9046    23.0846 -9.990e-29
 158.632778      2.468  37.248194    13.6962    7.12477      2.447    30.9086    23.0888 -9.990e-29
 158.632784      2.484  37.244327    13.6848    7.14508      2.463    30.9142    23.0954 -9.990e-29
 158.632789      2.503  37.234709    13.6740    7.15185      2.482    30.9140    23.0974 -9.990e-29
 158.632795      2.510  37.225023    13.6712    7.14590      2.489    30.9073    23.0928 -9.990e-29
 158.632801      2.500  37.221980    13.6748    7.13545      2.479    30.9016    23.0877 -9.990e-29
 158.632807      2.487  37.224886    13.6815    7.12632      2.466    30.8989    23.0842 -9.990e-29
 158.632813      2.482  37.230889    13.6878    7.14205      2.461    30.8994    23.0833 -9.990e-29
 158.632818      2.488  37.236223    13.6902    7.15329      2.467    30.9024    23.0852 -9.990e-29
 158.632824      2.503  37.237908    13.6890    7.14481      2.482    30.9049    23.0873 -9.990e-29
 158.632830      2.518  37.236513    13.6874    7.12104      2.497    30.9049    23.0877 -9.990e-29
 158.632836      2.531  37.234666    13.6870    7.12768      2.510    30.9035    23.0867 -9.990e-29
 158.632841      2.541  37.234392    13.6876    7.13848      2.520    30.9027    23.0860 -9.990e-29
 158.632847      2.550  37.235327    13.6884    7.15347      2.529    30.9030    23.0860 -9.990e-29
 158.632853      2.554  37.236477    13.6895    7.14737      2.533    30.9031    23.0859 -9.990e-29
 158.632859      2.549  37.237695    13.6911    7.12399      2.528    30.9030    23.0855 -9.990e-29
 158.632865      2.543  37.238924    13.6930    7.11921      2.522    30.9026    23.0848 -9.990e-29
 158.632870      2.548  37.240126    13.6949    7.12567      2.527    30.9021    23.0841 -9.990e-29
 158.632876      2.566  37.241597    13.6966    7.12666      2.545    30.9021    23.0837 -9.990e-29
 158.632882      2.583  37.243056    13.6976    7.11518      2.561    30.9027    23.0839 -9.990e-29
 158.632888      2.590  37.243458    13.6965    7.11931      2.568    30.9039    23.0851 -9.990e-29
 158.632894      2.580  37.242220    13.6918    7.12634      2.558    30.9066    23.0881 -9.990e-29
 158.632899      2.564  37.238065    13.6838    7.12183      2.543    30.9092    23.0917 -9.990e-29
 158.632905      2.552  37.231059    13.6763    7.13206      2.531    30.9088    23.0929 -9.990e-29
 158.632911      2.543  37.225882    13.6723    7.13783      2.522    30.9072    23.0925 -9.990e-29
 158.632917      2.533  37.224602    13.6723    7.13370      2.512    30.9061    23.0916 -9.990e-29
 158.632922      2.522  37.224952    13.6760    7.12985      2.501    30.9034    23.0888 -9.990e-29
 158.632928      2.512  37.227397    13.6820    7.12454      2.491    30.9008    23.0856 -9.990e-29
 158.632934      2.512  37.232394    13.6872    7.12237      2.491    30.9012    23.0849 -9.990e-29
 158.632940      2.521  37.236513    13.6896    7.13314      2.500    30.9031    23.0859 -9.990e-29
 158.632946      2.532  37.237957    13.6908    7.13736      2.511    30.9035    23.0859 -9.990e-29
 158.632951      2.541  37.238650    13.6918    7.14794      2.520    30.9033    23.0856 -9.990e-29
 158.632957      2.549  37.238956    13.6919    7.13290      2.528    30.9035    23.0857 -9.990e-29
 158.632963      2.556  37.238164    13.6927    7.12026      2.535    30.9021    23.0845 -9.990e-29
 158.632969      2.563  37.238582    13.6953    7.12569      2.542    30.9004    23.0826 -9.990e-29
 158.632975      2.569  37.241329    13.6973    7.10941      2.548    30.9013    23.0829 -9.990e-29
 158.632980      2.576  37.243338    13.6958    7.10896      2.554    30.9044    23.0856 -9.990e-29
 158.632986      2.584  37.241680    13.6906    7.11006      2.562    30.9070    23.0887 -9.990e-29
 158.632992      2.593  37.236948    13.6842    7.11581      2.571    30.9078    23.0906 -9.990e-29
 158.632998      2.605  37.231805    13.6788    7.12154      2.583    30.9074    23.0914 -9.990e-29
 158.633003      2.614  37.227806    13.6748    7.12581      2.592    30.9070    23.0918 -9.990e-29
 158.633009      2.614  37.225223    13.6739    7.13847      2.592    30.9053    23.0907 -9.990e-29
 158.633015      2.605  37.225100    13.6777    7.14245      2.583    30.9021    23.0875 -9.990e-29
 158.633021      2.594  37.228394    13.6846    7.14322      2.572    30.8996    23.0842 -9.990e-29
 158.633027      2.586  37.233890    13.6921    7.14172      2.564    30.8986    23.0819 -9.990e-29
 158.633032      2.578  37.239383    13.6995    7.13004      2.556    30.8977    23.0797 -9.990e-29
 158.633038      2.576  37.244907    13.7071    7.12363      2.554    30.8967    23.0774 -9.990e-29
 158.633044      2.584  37.250539    13.7131    7.12117      2.562    30.8971    23.0765 -9.990e-29
 158.633050      2.597  37.254259    13.7159    7.13057      2.575    30.8982    23.0768 -9.990e-29
 158.633056      2.607  37.255980    13.7156    7.13598      2.585    30.9001    23.0783 -9.990e-29
 158.633061      2.608  37.255753    13.7139    7.13858      2.586    30.9012    23.0795 -9.990e-29
 158.633067      2.599  37.253835    13.7127    7.12441      2.577    30.9004    23.0792 -9.990e-29
 158.633073      2.589  37.252718    13.7123    7.12311      2.567    30.8997    23.0787 -9.990e-29
 158.633079      2.584  37.252594    13.7121    7.13147      2.562    30.8998    23.0788 -9.990e-29
 158.633084      2.589  37.252176    13.7123    7.13319      2.567    30.8992    23.0783 -9.990e-29
 158.633090      2.600  37.252031    13.7128    7.13154      2.578    30.8987    23.0778 -9.990e-29
 158.633096      2.609  37.252525    13.7130    7.12593      2.587    30.8990    23.0780 -9.990e-29
 158.633102      2.608  37.253196    13.7131    7.11783      2.586    30.8995    23.0784 -9.990e-29
 158.633108      2.597  37.253816    13.7132    7.12321      2.575    30.9000    23.0787 -9.990e-29
 158.633113      2.589  37.254091    13.7127    7.13595      2.567    30.9007    23.0794 -9.990e-29
 158.633119      2.595  37.253826    13.7117    7.12527      2.573    30.9012    23.0800 -9.990e-29
 158.633125      2.616  37.253230    13.7107    7.12301      2.594    30.9015    23.0804 -9.990e-29
 158.633131      2.640  37.252630    13.7102    7.13264      2.618    30.9013    23.0804 -9.990e-29
 158.633137      2.656  37.252347    13.7104    7.13696      2.634    30.9009    23.0800 -9.990e-29
 158.633142      2.661  37.252564    13.7111    7.13487      2.639    30.9005    23.0796 -9.990e-29
 158.633148      2.656  37.253007    13.7124    7.12267      2.634    30.8999    23.0788 -9.990e-29
 158.633154      2.644  37.253707    13.7138    7.11404      2.622    30.8994    23.0782 -9.990e-29
 158.633160      2.632  37.254478    13.7144    7.11741      2.610    30.8996    23.0782 -9.990e-29
 158.633166      2.625  37.254667    13.7142    7.12137      2.603    30.9000    23.0785 -9.990e-29
 158.633171      2.623  37.254526    13.7135    7.12313      2.601    30.9004    23.0790 -9.990e-29
 158.633177      2.624  37.254428    13.7128    7.12661      2.602    30.9009    23.0795 -9.990e-29
 158.633183      2.628  37.254243    13.7120    7.11885      2.606    30.9014    23.0800 -9.990e-29
 158.633189      2.638  37.253723    13.7100    7.11796      2.616    30.9025    23.0813 -9.990e-29
 158.633194      2.651  37.252176    13.7067    7.12334      2.629    30.9037    23.0829 -9.990e-29
 158.633200      2.667  37.249223    13.7039    7.12239      2.645    30.9032    23.0831 -9.990e-29
 158.633206      2.676  37.246534    13.7034    7.12506      2.654    30.9012    23.0816 -9.990e-29
 158.633212      2.675  37.246129    13.7046    7.12191      2.653    30.8998    23.0803 -9.990e-29
 158.633218      2.665  37.247467    13.7061    7.11236      2.643    30.8998    23.0800 -9.990e-29
 158.633223      2.648  37.248968    13.7076    7.10705      2.626    30.9000    23.0799 -9.990e-29
 158.633229      2.637  37.250389    13.7088    7.09923      2.615    30.9004    23.0799 -9.990e-29
 158.633235      2.639  37.251385    13.7079    7.10698      2.617    30.9020    23.0814 -9.990e-29
 158.633241      2.650  37.250481    13.7043    7.12351      2.628    30.9041    23.0837 -9.990e-29
 158.633247      2.662  37.247592    13.7006    7.12174      2.640    30.9044    23.0847 -9.990e-29
 158.633252      2.668  37.245035    13.6992    7.11694      2.646    30.9032    23.0840 -9.990e-29
 158.633258      2.667  37.244447    13.6998    7.11236      2.645    30.9021    23.0831 -9.990e-29
 158.633264      2.665  37.245044    13.7011    7.11809      2.643    30.9016    23.0824 -9.990e-29
 158.633270      2.661  37.245939    13.7022    7.12539      2.639    30.9016    23.0822 -9.990e-29
 158.633275      2.659  37.246645    13.7027    7.11576      2.637    30.9018    23.0823 -9.990e-29
 158.633281      2.663  37.246981    13.7029    7.10807      2.641    30.9020    23.0823 -9.990e-29
 158.633287      2.669  37.247397    13.7031    7.11100      2.647    30.9022    23.0825 -9.990e-29
 158.633293      2.674  37.247885    13.7034    7.11099      2.652    30.9024    23.0826 -9.990e-29
 158.633299      2.681  37.247976    13.7030    7.11080      2.659    30.9028    23.0830 -9.990e-29
 158.633304      2.691  37.247229    13.7016    7.10991      2.669    30.9032    23.0836 -9.990e-29
 158.633310      2.701  37.245770    13.7007    7.11044      2.678    30.9026    23.0833 -9.990e-29
 158.633316      2.716  37.245018    13.7007    7.11572      2.693    30.9019    23.0827 -9.990e-29
 158.633322      2.736  37.245653    13.7008    7.11171      2.713    30.9024    23.0831 -9.990e-29
 158.633328      2.755  37.246279    13.7010    7.10219      2.732    30.9028    23.0834 -9.990e-29
 158.633333      2.769  37.246607    13.7014    7.09782      2.746    30.9028    23.0833 -9.990e-29
 158.633339      2.778  37.247076    13.7016    7.10074      2.755    30.9031    23.0834 -9.990e-29
 158.633345      2.785  37.247190    13.7016    7.11123      2.762    30.9032    23.0835 -9.990e-29
 158.633351      2.788  37.247101    13.7019    7.12058      2.765    30.9028    23.0832 -9.990e-29
 158.633356      2.785  37.247251    13.7017    7.10995      2.762    30.9031    23.0835 -9.990e-29
 158.633362      2.774  37.247282    13.7006    7.09655      2.751    30.9041    23.0844 -9.990e-29
 158.633368      2.769  37.246674    13.6994    7.08982      2.746    30.9045    23.0850 -9.990e-29
 158.633374      2.780  37.245739    13.6990    7.09995      2.757    30.9039    23.0846 -9.990e-29
 158.633380      2.810  37.245473    13.6963    7.09505      2.787    30.9059    23.0866 -9.990e-29
 158.633385      2.843  37.244400    13.6895    7.12936      2.819    30.9103    23.0915 -9.990e-29
 158.633391      2.868  37.240528    13.6863    7.12600      2.844    30.9093    23.0913 -9.990e-29
 158.633397      2.886  37.238226    13.6916    7.11123      2.862    30.9029    23.0853 -9.990e-29
 158.633403      2.905  37.241712    13.6985    7.07597      2.881    30.9006    23.0821 -9.990e-29
 158.633409      2.936  37.246664    13.7011    7.05365      2.911    30.9030    23.0835 -9.990e-29
 158.633414      2.991  37.248471    13.6989    7.05568      2.966    30.9065    23.0866 -9.990e-29
 158.633420      3.073  37.247301    13.6873    7.04898      3.047    30.9147    23.0953 -9.990e-29
 158.633426      3.184  37.241033    13.6616    7.04170      3.157    30.9296    23.1119 -9.990e-29
 158.633432      3.316  37.224113    13.6339    7.00568      3.288    30.9363    23.1226 0.0000e+00
 158.633438      3.463  37.204263    13.6194    7.01293      3.434    30.9296    23.1204 0.0000e+00
 158.633443      3.620  37.196507    13.6119    7.01094      3.590    30.9285    23.1210 0.0000e+00
 158.633449      3.789  37.194985    13.5995    7.00341      3.757    30.9370    23.1300 0.0000e+00
 158.633455      3.967  37.188130    13.5852    6.99028      3.934    30.9422    23.1369 0.0000e+00
 158.633461      4.145  37.179141    13.5765    6.97416      4.110    30.9408    23.1376 0.0000e+00
 158.633466      4.312  37.173974    13.5717    6.98170      4.276    30.9399    23.1378 0.0000e+00
 158.633472      4.472  37.171342    13.5641    6.98965      4.435    30.9435    23.1421 0.0000e+00
 158.633478      4.625  37.166612    13.5527    6.99212      4.586    30.9483    23.1481 0.0000e+00
 158.633484      4.763  37.159645    13.5435    6.99425      4.723    30.9493    23.1506 -9.990e-29
 158.633490      4.884  37.154609    13.5411    6.99187      4.843    30.9465    23.1490 -9.990e-29
 158.633495      4.982  37.153761    13.5446    7.01170      4.940    30.9428    23.1455 -9.990e-29
 158.633501      5.058  37.156528    13.5486    7.01649      5.016    30.9421    23.1441 -9.990e-29
 158.633507      5.127  37.160428    13.5482    7.00855      5.084    30.9460    23.1472 -9.990e-29
 158.633513      5.192  37.161131    13.5464    7.00856      5.149    30.9481    23.1492 -9.990e-29
 158.633519      5.250  37.159576    13.5498    6.99257      5.206    30.9439    23.1453 -9.990e-29
 158.633524      5.294  37.161540    13.5581    6.97919      5.250    30.9390    23.1398 -9.990e-29
 158.633530      5.325  37.167396    13.5592    6.95760      5.280    30.9435    23.1431 -9.990e-29
 158.633536      5.348  37.168690    13.5448    6.92358      5.303    30.9564    23.1559 -9.990e-29
