data/oxygen options/OCNMS/OCNMS2/raw_data/2005/CTD_CE20_070605faed.cnv
* Sea-Bird SBE19 Data File:
* FileName = C:\Hypoxia Data\CE20_070605.hex
* Software Version 1.1.6
* Temperature SN = 2997
* Conductivity SN = 2997
* System UpLoad Time = Jul 06 2005 16:07:36
* SEACAT PROFILER V3.1c SN 2997   07/06/05  16:08:08.168
* strain gauge pressure sensor: S/N = 184829,  range = 3000 psia,  tc = 40
# nquan = 9                                 
# nvalues = 342                         
# units = specified
# name 0 = timeJ: Julian Days
# name 1 = prSM: Pressure, Strain Gauge [db]
# name 2 = c0mS/cm: Conductivity [mS/cm]
# name 3 = t090C: Temperature [ITS-90, deg C]
# name 4 = oxML/L: Oxygen, Beckman/YSI [ml/l]
# name 5 = depSM: Depth [salt water, m], lat = 47.5
# name 6 = sal00: Salinity, Practical [PSU]
# name 7 = sigma-é00: Density [sigma-theta, kg/m^3]
# name 8 = flag: flag
# span 0 = 187.571019, 187.572992       
# span 1 =     -0.701,     18.451       
# span 2 =  12.239941,  38.874027       
# span 3 =    12.1142,    15.9981       
# span 4 =   -0.09649,   22.79033       
# span 5 =     -0.695,     18.296       
# span 6 =     8.6640,    31.9195       
# span 7 =     5.6133,    24.1544       
# span 8 = 0.0000e+00, 0.0000e+00       
# interval = seconds: 0.5
# start_time = Jul 06 2005 13:42:16 [Instrument's time stamp, header]
# bad_flag = -9.990e-29
*END*
 187.571019     -0.701 -9.990e-29    15.9981   -0.09632     -0.695 -9.990e-29 -9.990e-29 -9.990e-29
 187.571024     -0.563  12.239941    15.8432   -0.09621     -0.558     8.6640     5.6133 -9.990e-29
 187.571030     -0.406  25.068991    15.6385   -0.09592     -0.403    18.9978    13.5513 -9.990e-29
 187.571036     -0.242  33.876847    15.4252   -0.09574     -0.240    26.6114    19.4281 -9.990e-29
 187.571042     -0.081  37.046704    15.2270   -0.09556     -0.080    29.5347    21.7151 -9.990e-29
 187.571047      0.058  38.177013    15.0592   -0.09554      0.058    30.6691    22.6232 -9.990e-29
 187.571053      0.161  38.580764    14.9432   -0.09560      0.160    31.1225    22.9967 -9.990e-29
 187.571059      0.235  38.738709    14.8810   -0.09563      0.233    31.3142    23.1575 -9.990e-29
 187.571065      0.289  38.808175    14.8602   -0.09568      0.287    31.3934    23.2229 -9.990e-29
 187.571071      0.323  38.842747    14.8789   -0.09583      0.320    31.4095    23.2313 -9.990e-29
 187.571076      0.338  38.860527    14.9466   -0.09598      0.335    31.3710    23.1873 -9.990e-29
 187.571082      0.349  38.854432    15.0473   -0.09598      0.346    31.2848    23.0995 -9.990e-29
 187.571088      0.368  38.816399    15.1377   -0.09594      0.365    31.1786    22.9985 -9.990e-29
 187.571094      0.401  38.771522    15.1951   -0.09589      0.398    31.0929    22.9202 -9.990e-29
 187.571100      0.446  38.764946    15.2222   -0.09586      0.442    31.0655    22.8933 -9.990e-29
 187.571105      0.494  38.790787    15.2277   -0.09582      0.490    31.0842    22.9065 -9.990e-29
 187.571111      0.533  38.791018    15.2176   -0.09582      0.529    31.0924    22.9150 -9.990e-29
 187.571117      0.563  38.752552    15.1867   -0.09574      0.558    31.0826    22.9141 -9.990e-29
 187.571123      0.586  38.711666    15.1357   -0.09568      0.581    31.0865    22.9280 -9.990e-29
 187.571128      0.603  38.694681    15.0890   -0.09579      0.598    31.1084    22.9548 -9.990e-29
 187.571134      0.614  38.702004    15.0696   -0.09592      0.609    31.1304    22.9759 -9.990e-29
 187.571140      0.621  38.717649    15.0741   -0.09598      0.616    31.1408    22.9829 -9.990e-29
 187.571146      0.625  38.728873    15.0871   -0.09603      0.620    31.1405    22.9799 -9.990e-29
 187.571152      0.628  38.736118    15.0984   -0.09602      0.623    31.1380    22.9756 -9.990e-29
 187.571157      0.637  38.746307    15.1053   -0.09603      0.632    31.1416    22.9769 -9.990e-29
 187.571163      0.652  38.766920    15.1148   -0.09602      0.647    31.1525    22.9833 -9.990e-29
 187.571169      0.674  38.796901    15.1306   -0.09600      0.668    31.1667    22.9908 -9.990e-29
 187.571175      0.694  38.820195    15.1353   -0.09598      0.688    31.1838    23.0030 -9.990e-29
 187.571181      0.707  38.825295    15.1130   -0.09598      0.701    31.2061    23.0249 -9.990e-29
 187.571186      0.717  38.814580    15.0761   -0.09607      0.711    31.2260    23.0481 -9.990e-29
 187.571192      0.730  38.797950    15.0435   -0.09622      0.724    31.2371    23.0636 -9.990e-29
 187.571198      0.746  38.786943    15.0218   -0.09627      0.740    31.2445    23.0740 -9.990e-29
 187.571204      0.766  38.786009    15.0110   -0.09626      0.760    31.2523    23.0823 -9.990e-29
 187.571209      0.787  38.792278    15.0075   -0.09617      0.780    31.2607    23.0895 -9.990e-29
 187.571215      0.806  38.800144    15.0075   -0.09603      0.799    31.2678    23.0949 -9.990e-29
 187.571221      0.824  38.806133    15.0079   -0.09610      0.817    31.2728    23.0987 -9.990e-29
 187.571227      0.839  38.813805    15.0059   -0.09622      0.832    31.2813    23.1057 -9.990e-29
 187.571233      0.846  38.826161    14.9957   -0.09626      0.839    31.3006    23.1226 -9.990e-29
 187.571238      0.851  38.832816    14.9693   -0.09622      0.844    31.3277    23.1492 -9.990e-29
 187.571244      0.863  38.820831    14.9319   -0.09623      0.856    31.3469    23.1719 -9.990e-29
 187.571250      0.886  38.799531    14.9038   -0.09619      0.879    31.3503    23.1805 -9.990e-29
 187.571256      0.917  38.795545    14.9006   -0.09618      0.909    31.3493    23.1804 -9.990e-29
 187.571262      0.951  38.817632    14.9206   -0.09603      0.943    31.3531    23.1791 -9.990e-29
 187.571267      0.981  38.844255    14.9390   -0.09610      0.973    31.3622    23.1822 -9.990e-29
 187.571273      0.999  38.858250    14.9302   -0.09620      0.991    31.3819    23.1992 -9.990e-29
 187.571279      1.004  38.864320    14.9054   -0.09624      0.996    31.4073    23.2240 -9.990e-29
 187.571285      1.000  38.867824    14.8934   -0.09619      0.992    31.4201    23.2364 -9.990e-29
 187.571291      0.994  38.865643    14.8983   -0.09612      0.986    31.4142    23.2309 -9.990e-29
 187.571296      0.995  38.850438    14.9057   -0.09620      0.987    31.3946    23.2142 -9.990e-29
 187.571302      1.008  38.828358    14.9123   -0.09629      1.000    31.3694    23.1934 -9.990e-29
 187.571308      1.028  38.826680    14.9273   -0.09634      1.019    31.3558    23.1797 -9.990e-29
 187.571314      1.049  38.848282    14.9435   -0.09630      1.040    31.3622    23.1812 -9.990e-29
 187.571319      1.068  38.863131    14.9383   -0.09609      1.059    31.3797    23.1958 -9.990e-29
 187.571325      1.085  38.860805    14.9154   -0.09614      1.076    31.3961    23.2133 -9.990e-29
 187.571331      1.099  38.856780    14.9007   -0.09631      1.090    31.4043    23.2227 -9.990e-29
 187.571337      1.104  38.863702    14.9046   -0.09637      1.095    31.4073    23.2242 -9.990e-29
 187.571343      1.107  38.874027    14.9107   -0.09636      1.098    31.4117    23.2263 -9.990e-29
 187.571348      1.115  38.872416    14.8994   -0.09622      1.106    31.4194    23.2346 -9.990e-29
 187.571354      1.134  38.857348    14.8757   -0.09624      1.125    31.4249    23.2439 -9.990e-29
 187.571360      1.160  38.843014    14.8622   -0.09634      1.150    31.4228    23.2452 -9.990e-29
 187.571366      1.183  38.846819    14.8771   -0.09637      1.173    31.4143    23.2354 -9.990e-29
 187.571372      1.194  38.863237    14.9041   -0.09636      1.184    31.4073    23.2243 -9.990e-29
 187.571377      1.200  38.869903    14.9034   -0.09619      1.190    31.4139    23.2295 -9.990e-29
 187.571383      1.209  38.857825    14.8733   -0.09604      1.199    31.4272    23.2462 -9.990e-29
 187.571389      1.225  38.839017    14.8469   -0.09595      1.215    31.4315    23.2551 -9.990e-29
 187.571395      1.242  38.836703    14.8466   -0.09608      1.232    31.4297    23.2538 -9.990e-29
 187.571400      1.252  38.852340    14.8628   -0.09638      1.242    31.4307    23.2511 -9.990e-29
 187.571406      1.260  38.861960    14.8666   -0.09647      1.249    31.4363    23.2546 -9.990e-29
 187.571412      1.270  38.856018    14.8530   -0.09638      1.259    31.4419    23.2618 -9.990e-29
 187.571418      1.284  38.844610    14.8433   -0.09625      1.273    31.4395    23.2620 -9.990e-29
 187.571424      1.297  38.842879    14.8591   -0.09638      1.286    31.4252    23.2476 -9.990e-29
 187.571429      1.303  38.855866    14.9025   -0.09648      1.292    31.4019    23.2205 -9.990e-29
 187.571435      1.301  38.869534    14.9486   -0.09649      1.290    31.3771    23.1916 -9.990e-29
 187.571441      1.300  38.873566    14.9644   -0.09649      1.289    31.3681    23.1813 -9.990e-29
 187.571447      1.308  38.869486    14.9309   -0.09641      1.297    31.3913    23.2063 -9.990e-29
 187.571453      1.331  38.855856    14.8681   -0.09635      1.320    31.4296    23.2491 -9.990e-29
 187.571458      1.360  38.836446    14.8269   12.45708      1.349    31.4453    23.2700 -9.990e-29
 187.571464      1.382  38.830303    14.8290   21.45490      1.370    31.4381    23.2639 -9.990e-29
 187.571470      1.388  38.838254    14.8422   22.79033      1.376    31.4346    23.2585 -9.990e-29
 187.571476      1.383  38.833937    14.8326   20.08561      1.371    31.4384    23.2635 -9.990e-29
 187.571481      1.381  38.806053    14.8084   13.18711      1.369    31.4328    23.2642 -9.990e-29
 187.571487      1.393  38.773022    14.7913   10.44276      1.381    31.4168    23.2555 -9.990e-29
 187.571493      1.416  38.764341    14.7914   10.49853      1.404    31.4089    23.2494 -9.990e-29
 187.571499      1.439  38.780827    14.8057   10.52164      1.427    31.4122    23.2490 -9.990e-29
 187.571505      1.458  38.792919    14.8135   10.57772      1.446    31.4168    23.2509 -9.990e-29
 187.571510      1.476  38.783714    14.8002   10.62888      1.464    31.4192    23.2555 -9.990e-29
 187.571516      1.493  38.747736    14.7783   10.67334      1.481    31.4044    23.2488 -9.990e-29
 187.571522      1.505  38.697654    14.7663   10.71353      1.492    31.3689    23.2239 -9.990e-29
 187.571528      1.511  38.665466    14.7656   10.75805      1.498    31.3404    23.2021 -9.990e-29
 187.571534      1.514  38.655422    14.7686   10.79785      1.501    31.3289    23.1927 -9.990e-29
 187.571539      1.518  38.652510    14.7713   10.84103      1.505    31.3241    23.1884 -9.990e-29
 187.571545      1.524  38.650666    14.7667   10.87531      1.511    31.3262    23.1909 -9.990e-29
 187.571551      1.533  38.645814    14.7508   10.90434      1.520    31.3346    23.2008 -9.990e-29
 187.571557      1.544  38.637156    14.7357    9.58168      1.531    31.3389    23.2073 -9.990e-29
 187.571563      1.555  38.630598    14.7349    6.98109      1.542    31.3336    23.2034 -9.990e-29
 187.571568      1.557  38.631477    14.7479    5.49936      1.544    31.3240    23.1932 -9.990e-29
 187.571574      1.551  38.639900    14.7638    5.02207      1.538    31.3188    23.1858 -9.990e-29
 187.571580      1.549  38.650897    14.7723    5.66597      1.536    31.3219    23.1864 -9.990e-29
 187.571586      1.560  38.656762    14.7698    6.63034      1.547    31.3292    23.1926 -9.990e-29
 187.571591      1.579  38.653605    14.7600    7.00632      1.566    31.3342    23.1985 -9.990e-29
 187.571597      1.600  38.645132    14.7529    7.20384      1.587    31.3323    23.1985 -9.990e-29
 187.571603      1.615  38.639738    14.7555    7.31466      1.602    31.3253    23.1926 -9.990e-29
 187.571609      1.621  38.642068    14.7660    7.35369      1.607    31.3189    23.1855 -9.990e-29
 187.571615      1.622  38.649681    14.7780    7.37643      1.608    31.3162    23.1808 -9.990e-29
 187.571620      1.628  38.657088    14.7834    7.40924      1.614    31.3185    23.1815 -9.990e-29
 187.571626      1.643  38.659648    14.7791    7.43794      1.629    31.3243    23.1868 -9.990e-29
 187.571632      1.659  38.656916    14.7698    7.45137      1.645    31.3293    23.1927 -9.990e-29
 187.571638      1.665  38.651481    14.7648    7.45109      1.651    31.3284    23.1930 -9.990e-29
 187.571644      1.660  38.647934    14.7699    7.44236      1.646    31.3211    23.1863 -9.990e-29
 187.571649      1.654  38.650581    14.7792    7.44592      1.640    31.3160    23.1805 -9.990e-29
 187.571655      1.654  38.655720    14.7832    7.45366      1.640    31.3174    23.1807 -9.990e-29
 187.571661      1.665  38.657369    14.7809    7.44871      1.651    31.3208    23.1838 -9.990e-29
 187.571667      1.682  38.656110    14.7770    7.43788      1.668    31.3227    23.1861 -9.990e-29
 187.571672      1.699  38.654252    14.7750    7.43186      1.685    31.3227    23.1865 -9.990e-29
 187.571678      1.713  38.653307    14.7751    7.43856      1.699    31.3217    23.1857 -9.990e-29
 187.571684      1.724  38.653760    14.7734    7.44691      1.710    31.3235    23.1875 -9.990e-29
 187.571690      1.732  38.652910    14.7677    7.45691      1.718    31.3273    23.1916 -9.990e-29
 187.571696      1.739  38.650249    14.7635    7.44992      1.724    31.3283    23.1932 -9.990e-29
 187.571701      1.746  38.649581    14.7657    7.44011      1.731    31.3259    23.1909 -9.990e-29
 187.571707      1.751  38.652322    14.7719    7.44156      1.736    31.3234    23.1877 -9.990e-29
 187.571713      1.756  38.656579    14.7770    7.43769      1.741    31.3231    23.1864 -9.990e-29
 187.571719      1.761  38.660241    14.7787    7.44348      1.746    31.3251    23.1876 -9.990e-29
 187.571725      1.767  38.661523    14.7783    7.43483      1.752    31.3266    23.1888 -9.990e-29
 187.571730      1.773  38.660518    14.7786    7.42932      1.758    31.3254    23.1878 -9.990e-29
 187.571736      1.780  38.659874    14.7801    7.42688      1.765    31.3236    23.1861 -9.990e-29
 187.571742      1.789  38.660839    14.7817    7.43388      1.774    31.3232    23.1855 -9.990e-29
 187.571748      1.800  38.662490    14.7826    7.44392      1.785    31.3240    23.1859 -9.990e-29
 187.571753      1.813  38.664062    14.7812    7.45935      1.798    31.3265    23.1881 -9.990e-29
 187.571759      1.826  38.663186    14.7797    7.47397      1.811    31.3269    23.1888 -9.990e-29
 187.571765      1.831  38.661323    14.7850    7.46081      1.816    31.3210    23.1831 -9.990e-29
 187.571771      1.823  38.663845    14.7988    7.45172      1.808    31.3121    23.1734 -9.990e-29
 187.571777      1.807  38.670194    14.8149    7.43477      1.792    31.3049    23.1644 -9.990e-29
 187.571782      1.794  38.676503    14.8250    7.42752      1.779    31.3025    23.1604 -9.990e-29
 187.571788      1.796  38.677733    14.8234    7.42959      1.781    31.3049    23.1626 -9.990e-29
 187.571794      1.813  38.672732    14.8127    7.41986      1.798    31.3090    23.1680 -9.990e-29
 187.571800      1.838  38.666615    14.8044    7.40680      1.823    31.3101    23.1706 -9.990e-29
 187.571806      1.860  38.663570    14.8044    7.39892      1.844    31.3074    23.1685 -9.990e-29
 187.571811      1.872  38.665147    14.8061    7.40899      1.856    31.3074    23.1682 -9.990e-29
 187.571817      1.878  38.668404    14.8034    7.44235      1.862    31.3125    23.1727 -9.990e-29
 187.571823      1.883  38.668718    14.7962    7.46213      1.867    31.3186    23.1789 -9.990e-29
 187.571829      1.888  38.664831    14.7924    7.45133      1.872    31.3182    23.1793 -9.990e-29
 187.571834      1.888  38.661660    14.8025    7.42406      1.872    31.3072    23.1688 -9.990e-29
 187.571840      1.880  38.665076    14.8268    7.39524      1.864    31.2907    23.1510 -9.990e-29
 187.571846      1.866  38.672909    14.8534    7.38727      1.850    31.2765    23.1343 -9.990e-29
 187.571852      1.860  38.677661    14.8660    7.40269      1.844    31.2706    23.1272 -9.990e-29
 187.571858      1.869  38.675587    14.8570    7.42172      1.853    31.2760    23.1332 -9.990e-29
 187.571863      1.889  38.670663    14.8331    7.43864      1.873    31.2907    23.1496 -9.990e-29
 187.571869      1.913  38.666426    14.8127    7.41521      1.897    31.3033    23.1636 -9.990e-29
 187.571875      1.934  38.662840    14.8116    7.36110      1.918    31.3009    23.1620 -9.990e-29
 187.571881      1.950  38.661851    14.8318    7.32555      1.934    31.2838    23.1446 -9.990e-29
 187.571887      1.961  38.663263    14.8568    7.33268      1.945    31.2650    23.1248 -9.990e-29
 187.571892      1.972  38.663356    14.8549    7.35580      1.956    31.2666    23.1264 -9.990e-29
 187.571898      1.988  38.660020    14.8159    7.39256      1.971    31.2949    23.1565 -9.990e-29
 187.571904      2.002  38.650504    14.7738    7.40584      1.985    31.3201    23.1848 -9.990e-29
 187.571910      2.002  38.638390    14.7651    7.38215      1.985    31.3162    23.1836 -9.990e-29
 187.571916      1.983  38.636684    14.7905    7.36557      1.966    31.2943    23.1613 -9.990e-29
 187.571921      1.953  38.648715    14.8241    7.36688      1.937    31.2781    23.1418 -9.990e-29
 187.571927      1.931  38.662486    14.8466    7.39531      1.915    31.2725    23.1327 -9.990e-29
 187.571933      1.929  38.670012    14.8526    7.42568      1.913    31.2745    23.1330 -9.990e-29
 187.571939      1.938  38.672372    14.8422    7.42407      1.922    31.2849    23.1432 -9.990e-29
