data/oxygen options/OCNMS/OCNMS2/raw_data/2005/CTD_TH70_083105faed.cnv
* Sea-Bird SBE19 Data File:
* FileName = C:\hypoxia CTD data\TH70_083105.hex
* Software Version 1.1.5
* Temperature SN = 2997
* Conductivity SN = 2997
* System UpLoad Time = Aug 31 2005 15:35:58
** Teahwhit Head 083105 80m
* SEACAT PROFILER V3.1c SN 2997   08/31/05  15:30:53.554
# nquan = 9                                 
# nvalues = 703                         
# units = specified
# name 0 = timeJ: Julian Days
# name 1 = prSM: Pressure, Strain Gauge [db]
# name 2 = c0mS/cm: Conductivity [mS/cm]
# name 3 = t090C: Temperature [ITS-90, deg C]
# name 4 = oxML/L: Oxygen, Beckman/YSI [ml/l]
# name 5 = depSM: Depth [salt water, m], lat = 47.5
# name 6 = sal00: Salinity, Practical [PSU]
# name 7 = sigma-é00: Density [sigma-theta, kg/m^3]
# name 8 = flag: flag
# span 0 = 243.482049, 243.486111       
# span 1 =     -3.521,     71.850       
# span 2 =   0.557878,  38.529505       
# span 3 =     7.4135,    14.1371       
# span 4 =   -0.12022,   25.43010       
# span 5 =     -3.492,     71.238       
# span 6 =     0.3497,    33.7665       
# span 7 =    -0.4381,    26.3901       
# span 8 = 0.0000e+00, 0.0000e+00       
# interval = seconds: 0.5
# start_time = Aug 31 2005 11:34:09 [Instrument's time stamp, header]
# bad_flag = -9.990e-29
*END*
[from data line 641]
 243.485758     26.344  35.052699     8.6173    4.79473     26.122    33.1565    25.7344 0.0000e+00
 243.485764     25.890  35.081443     8.6945    5.24955     25.672    33.1145    25.6897 0.0000e+00
 243.485770     25.437  35.140899     8.8831    5.84664     25.223    33.0009    25.5716 0.0000e+00
 243.485775     24.987  35.299691     9.2250    6.47165     24.777    32.8497    25.3997 0.0000e+00
 243.485781     24.541  35.598566     9.6469    7.00733     24.335    32.7707    25.2701 0.0000e+00
 243.485787     24.092  35.935969    10.0259    7.38752     23.890    32.7699    25.2071 0.0000e+00
 243.485793     23.633  36.179884    10.3243    7.51101     23.434    32.7466    25.1387 0.0000e+00
 243.485799     23.160  36.346688    10.5842    7.41215     22.965    32.6805    25.0428 0.0000e+00
 243.485804     22.673  36.501856    10.8192    7.20633     22.483    32.6254    24.9591 0.0000e+00
 243.485810     22.176  36.635887    10.9777    7.00499     21.990    32.6175    24.9251 0.0000e+00
 243.485816     21.670  36.688661    11.0371    6.95383     21.488    32.6172    24.9144 0.0000e+00
 243.485822     21.167  36.657137    11.0381    6.98383     20.989    32.5854    24.8894 0.0000e+00
 243.485828     20.681  36.613141    11.0297    7.02454     20.507    32.5495    24.8630 0.0000e+00
 243.485833     20.211  36.612409    11.0430    7.03537     20.041    32.5372    24.8511 0.0000e+00
 243.485839     19.741  36.640503    11.1197    7.06275     19.575    32.4973    24.8064 0.0000e+00
 243.485845     19.257  36.661422    11.3087    7.11905     19.095    32.3517    24.6595 0.0000e+00
 243.485851     18.759  36.729413    11.5722    7.12675     18.602    32.1884    24.4852 0.0000e+00
 243.485856     18.253  36.879623    11.8025    7.03676     18.100    32.1351    24.4017 0.0000e+00
 243.485862     17.746  37.012934    11.9551    6.78594     17.597    32.1325    24.3716 0.0000e+00
 243.485868     17.235  37.073879    12.0830    6.43698     17.090    32.0814    24.3082 0.0000e+00
 243.485874     16.718  37.123015    12.2540    6.22163     16.578    31.9824    24.1994 0.0000e+00
 243.485880     16.200  37.218026    12.4578    6.16025     16.064    31.8999    24.0970 0.0000e+00
 243.485885     15.691  37.347657    12.6156    6.26337     15.559    31.8896    24.0590 0.0000e+00
 243.485891     15.197  37.457665    12.6633    6.45821     15.070    31.9539    24.0996 0.0000e+00
 243.485897     14.716  37.496809    12.6301    6.61438     14.593    32.0194    24.1568 0.0000e+00
 243.485903     14.244  37.468528    12.6123    6.71042     14.125    32.0079    24.1512 0.0000e+00
 243.485909     13.776  37.444476    12.6665    6.73635     13.661    31.9392    24.0876 0.0000e+00
 243.485914     13.304  37.478932    12.8382    6.73706     13.193    31.8270    23.9677 0.0000e+00
 243.485920     12.819  37.599324    13.1205    6.74267     12.712    31.7038    23.8174 0.0000e+00
 243.485926     12.315  37.782231    13.3806    6.73800     12.212    31.6585    23.7311 0.0000e+00
 243.485932     11.792  37.935629    13.5369    6.73115     11.693    31.6718    23.7103 0.0000e+00
 243.485938     11.253  38.022957    13.6223    6.72643     11.159    31.6823    23.7013 0.0000e+00
 243.485943     10.708  38.072655    13.6764    6.73234     10.618    31.6838    23.6916 0.0000e+00
 243.485949     10.168  38.107265    13.7152    6.75594     10.083    31.6839    23.6839 0.0000e+00
 243.485955      9.646  38.134246    13.7414    6.76804      9.565    31.6874    23.6813 0.0000e+00
 243.485961      9.143  38.150884    13.7622    6.77592      9.066    31.6858    23.6758 0.0000e+00
 243.485966      8.649  38.164789    13.7873    6.76686      8.577    31.6781    23.6648 0.0000e+00
 243.485972      8.154  38.188337    13.8159    6.74837      8.086    31.6764    23.6577 0.0000e+00
 243.485978      7.660  38.215914    13.8424    6.73619      7.596    31.6802    23.6553 0.0000e+00
 243.485984      7.173  38.239425    13.8657    6.72261      7.113    31.6829    23.6526 0.0000e+00
 243.485990      6.694  38.259941    13.8874    6.67660      6.638    31.6841    23.6491 0.0000e+00
 243.485995      6.222  38.279021    13.9097    6.67466      6.170    31.6835    23.6441 0.0000e+00
 243.486001      5.756  38.299117    13.9346    6.69212      5.708    31.6816    23.6376 0.0000e+00
 243.486007      5.292  38.322912    13.9629    6.53540      5.248    31.6804    23.6308 0.0000e+00
 243.486013      4.836  38.350167    13.9929    6.42333      4.796    31.6809    23.6251 0.0000e+00
 243.486019      4.400  38.377968    14.0240    6.29949      4.363    31.6810    23.6188 0.0000e+00
 243.486024      3.995  38.406374    14.0543    6.11515      3.962    31.6824    23.6136 0.0000e+00
 243.486030      3.627  38.432883    14.0795    6.08231      3.597    31.6861    23.6114 0.0000e+00
 243.486036      3.291  38.453027    14.0978    5.97377      3.264    31.6897    23.6104 0.0000e+00
 243.486042      2.989  38.466188    14.1024    5.85096      2.964    31.6981    23.6159 0.0000e+00
 243.486047      2.732  38.462435    14.0834    6.82617      2.709    31.7104    23.6293 0.0000e+00
 243.486053      2.527  38.437332    14.0451    6.86094      2.506    31.7189    23.6437 0.0000e+00
 243.486059      2.368  38.405646    14.0037 -9.990e-29      2.348    31.7240    23.6561 0.0000e+00
 243.486065      2.239  38.375047    13.9680 -9.990e-29      2.220    31.7253    23.6644 -9.990e-29
 243.486071      2.136  38.335015    13.9340 -9.990e-29      2.118    31.7166    23.6645 -9.990e-29
 243.486076      2.057  38.266941    13.8930 -9.990e-29      2.040    31.6877    23.6506 -9.990e-29
 243.486082      1.997  38.138387    13.8421 -9.990e-29      1.980    31.6111    23.6018 -9.990e-29
 243.486088      1.953  37.844126    13.7891 -9.990e-29      1.937    31.3831    23.4365 -9.990e-29
 243.486094      1.921  37.044524    13.7429 -9.990e-29      1.905    30.6835    22.9057 -9.990e-29
 243.486100      1.899  34.719986    13.7084 -9.990e-29      1.883    28.5795    21.2889 -9.990e-29
 243.486105      1.887  27.821598    13.6946 -9.990e-29      1.871    22.3871    16.5208 -9.990e-29
 243.486111      1.883  17.799596 -9.990e-29 -9.990e-29      1.867 -9.990e-29 -9.990e-29 -9.990e-29
