data/oxygen options/OCNMS/OCNMS2/raw_data/2005/CTD_CA40_060705faed.cnv
* Sea-Bird SBE19 Data File:
* FileName = C:\hypoxia CTD data\CA40_060705.hex
* Software Version 1.1.5
* Temperature SN = 2997
* Conductivity SN = 2997
* System UpLoad Time = Jun 07 2005 15:41:56
* SEACAT PROFILER V3.1c SN 2997   06/07/05  15:40:51.488
* strain gauge pressure sensor: S/N = 184829,  range = 3000 psia,  tc = 40
# nquan = 9                                 
# nvalues = 593                         
# units = specified
# name 0 = timeJ: Julian Days
# name 1 = prSM: Pressure, Strain Gauge [db]
# name 2 = c0mS/cm: Conductivity [mS/cm]
# name 3 = t090C: Temperature [ITS-90, deg C]
# name 4 = oxML/L: Oxygen, Beckman/YSI [ml/l]
# name 5 = depSM: Depth [salt water, m], lat = 47.5
# name 6 = sal00: Salinity, Practical [PSU]
# name 7 = sigma-é00: Density [sigma-theta, kg/m^3]
# name 8 = flag: flag
# span 0 = 158.619352, 158.622778       
# span 1 =     -3.660,     38.632       
# span 2 =   0.922695,  37.417346       
# span 3 =     9.7688,    14.0787       
# span 4 =  -14.33429,   26.00364       
# span 5 =     -3.629,     38.306       
# span 6 =     0.6486,    32.5708       
# span 7 =    -0.1967,    25.0941       
# span 8 = 0.0000e+00, 0.0000e+00       
# interval = seconds: 0.5
# start_time = Jun 07 2005 14:51:52 [Instrument's time stamp, header]
# bad_flag = -9.990e-29
*END*
[from data line 321]
 158.621209      1.859  37.407594    14.0592    7.14111      1.843    30.7639    22.9040 -9.990e-29
 158.621215      1.866  37.407662    14.0581    7.15694      1.850    30.7648    22.9049 -9.990e-29
 158.621221      1.879  37.406438    14.0572    7.15766      1.863    30.7644    22.9048 -9.990e-29
 158.621227      1.897  37.405658    14.0575    7.15422      1.881    30.7635    22.9040 -9.990e-29
 158.621233      1.910  37.405971    14.0590    7.14323      1.894    30.7626    22.9030 -9.990e-29
 158.621238      1.920  37.407239    14.0606    7.14115      1.904    30.7624    22.9026 -9.990e-29
 158.621244      1.937  37.408354    14.0606    7.15244      1.921    30.7635    22.9033 -9.990e-29
 158.621250      1.961  37.408004    14.0591    7.16226      1.945    30.7643    22.9043 -9.990e-29
 158.621256      1.985  37.406852    14.0575    7.16093      1.968    30.7645    22.9048 -9.990e-29
 158.621262      2.002  37.406170    14.0570    7.15201      1.985    30.7643    22.9047 -9.990e-29
 158.621267      2.009  37.406177    14.0573    7.15059      1.992    30.7641    22.9045 -9.990e-29
 158.621273      2.011  37.406327    14.0574    7.15108      1.994    30.7641    22.9045 -9.990e-29
 158.621279      2.012  37.406263    14.0570    7.14890      1.995    30.7644    22.9048 -9.990e-29
 158.621285      2.013  37.405906    14.0564    7.14884      1.996    30.7645    22.9050 -9.990e-29
 158.621291      2.012  37.405348    14.0557    7.15203      1.995    30.7646    22.9052 -9.990e-29
 158.621296      2.011  37.404971    14.0556    7.14904      1.994    30.7643    22.9050 -9.990e-29
 158.621302      2.009  37.404840    14.0558    7.14755      1.992    30.7640    22.9048 -9.990e-29
 158.621308      2.010  37.404784    14.0559    7.13971      1.993    30.7639    22.9047 -9.990e-29
 158.621314      2.018  37.404736    14.0556    7.14572      2.001    30.7641    22.9049 -9.990e-29
 158.621319      2.031  37.404639    14.0548    7.14783      2.014    30.7647    22.9055 -9.990e-29
 158.621325      2.044  37.404369    14.0541    7.15496      2.027    30.7650    22.9058 -9.990e-29
 158.621331      2.054  37.404130    14.0539    7.15171      2.037    30.7649    22.9058 -9.990e-29
 158.621337      2.057  37.404172    14.0538    7.14162      2.040    30.7650    22.9059 -9.990e-29
 158.621343      2.058  37.403993    14.0533    7.13648      2.041    30.7653    22.9062 -9.990e-29
 158.621348      2.061  37.403364    14.0523    7.13905      2.044    30.7655    22.9066 -9.990e-29
 158.621354      2.066  37.402574    14.0510    7.15339      2.049    30.7658    22.9071 -9.990e-29
 158.621360      2.069  37.401695    14.0505    7.15881      2.052    30.7654    22.9069 -9.990e-29
 158.621366      2.067  37.401244    14.0513    7.15017      2.050    30.7643    22.9059 -9.990e-29
 158.621372      2.063  37.401747    14.0522    7.12782      2.046    30.7641    22.9055 -9.990e-29
 158.621377      2.062  37.402759    14.0527    7.11787      2.045    30.7646    22.9058 -9.990e-29
 158.621383      2.067  37.403391    14.0527    7.14561      2.050    30.7652    22.9063 -9.990e-29
 158.621389      2.079  37.403370    14.0526    7.16467      2.062    30.7652    22.9063 -9.990e-29
 158.621395      2.086  37.403234    14.0527    7.15437      2.069    30.7650    22.9062 -9.990e-29
 158.621400      2.080  37.403368    14.0535    7.14420      2.063    30.7645    22.9056 -9.990e-29
 158.621406      2.065  37.403956    14.0554    7.11985      2.048    30.7635    22.9045 -9.990e-29
 158.621412      2.052  37.405227    14.0569    7.14102      2.035    30.7635    22.9041 -9.990e-29
 158.621418      2.050  37.406079    14.0567    7.16443      2.033    30.7644    22.9049 -9.990e-29
 158.621424      2.053  37.405413    14.0557    7.15288      2.036    30.7646    22.9053 -9.990e-29
 158.621429      2.053  37.404588    14.0557    7.14485      2.036    30.7639    22.9047 -9.990e-29
 158.621435      2.047  37.404755    14.0567    7.12171      2.030    30.7632    22.9040 -9.990e-29
 158.621441      2.043  37.405580    14.0573    7.10759      2.026    30.7635    22.9041 -9.990e-29
 158.621447      2.052  37.406485    14.0566    7.13426      2.035    30.7649    22.9053 -9.990e-29
 158.621453      2.072  37.406442    14.0550    7.15931      2.055    30.7661    22.9066 -9.990e-29
 158.621458      2.086  37.405400    14.0533    7.15351      2.069    30.7665    22.9072 -9.990e-29
 158.621464      2.082  37.404404    14.0526    7.13421      2.065    30.7662    22.9071 -9.990e-29
 158.621470      2.057  37.403807    14.0532    7.11234      2.040    30.7652    22.9062 -9.990e-29
 158.621476      2.021  37.403557    14.0536    7.12284      2.004    30.7646    22.9057 -9.990e-29
 158.621481      1.997  37.403312    14.0530    7.15248      1.980    30.7649    22.9060 -9.990e-29
 158.621487      1.997  37.402927    14.0526    7.15414      1.980    30.7649    22.9061 -9.990e-29
 158.621493      2.013  37.403001    14.0529    7.14118      1.996    30.7647    22.9059 -9.990e-29
 158.621499      2.032  37.403625    14.0538    7.12358      2.015    30.7645    22.9056 -9.990e-29
 158.621505      2.051  37.404500    14.0552    7.11749      2.034    30.7642    22.9050 -9.990e-29
 158.621510      2.072  37.405662    14.0570    7.13444      2.055    30.7638    22.9044 -9.990e-29
 158.621516      2.096  37.406969    14.0588    7.13246      2.078    30.7636    22.9038 -9.990e-29
 158.621522      2.121  37.407911    14.0601    7.12772      2.103    30.7634    22.9034 -9.990e-29
 158.621528      2.138  37.408616    14.0609    7.11771      2.120    30.7634    22.9032 -9.990e-29
 158.621534      2.150  37.409452    14.0609    7.12045      2.132    30.7641    22.9038 -9.990e-29
 158.621539      2.170  37.409845    14.0596    7.14236      2.152    30.7655    22.9052 -9.990e-29
 158.621545      2.208  37.409189    14.0575    7.14067      2.190    30.7666    22.9064 -9.990e-29
 158.621551      2.257  37.407723    14.0558    7.14092      2.238    30.7666    22.9068 -9.990e-29
 158.621557      2.304  37.406286    14.0551    7.12676      2.285    30.7658    22.9063 -9.990e-29
 158.621563      2.343  37.405757    14.0551    7.13809      2.323    30.7653    22.9059 -9.990e-29
 158.621568      2.386  37.405981    14.0548    7.15001      2.366    30.7658    22.9063 -9.990e-29
 158.621574      2.442  37.405567    14.0534    7.17596      2.422    30.7665    22.9071 -9.990e-29
 158.621580      2.513  37.403955    14.0521    7.17368      2.492    30.7660    22.9071 -9.990e-29
 158.621586      2.601  37.402914    14.0529    7.17328      2.579    30.7644    22.9056 -9.990e-29
 158.621591      2.722  37.403850    14.0546    7.16486      2.699    30.7638    22.9049 -9.990e-29
 158.621597      2.887  37.405199    14.0538    7.14724      2.863    30.7656    22.9064 0.0000e+00
 158.621603      3.103  37.404264    14.0481    7.13000      3.077    30.7693    22.9104 0.0000e+00
 158.621609      3.370  37.399792    14.0367    7.09881      3.342    30.7742    22.9165 0.0000e+00
 158.621615      3.683  37.391977    14.0148    7.06609      3.652    30.7844    22.9289 0.0000e+00
 158.621620      4.034  37.377121    13.9745    7.09603      4.000    30.8029    22.9513 0.0000e+00
 158.621626      4.411  37.349983    13.9142    7.10514      4.374    30.8262    22.9814 0.0000e+00
 158.621632      4.810  37.311941    13.8351    7.10024      4.770    30.8546    23.0193 0.0000e+00
 158.621638      5.238  37.262729    13.7484    7.09763      5.194    30.8789    23.0555 0.0000e+00
 158.621644      5.686  37.207934    13.6761    7.07781      5.638    30.8864    23.0758 0.0000e+00
 158.621649      6.145  37.163078    13.6225    7.08566      6.094    30.8881    23.0877 0.0000e+00
 158.621655      6.605  37.129450    13.5817    7.09859      6.550    30.8897    23.0971 0.0000e+00
 158.621661      7.053  37.103130    13.5584    7.09817      6.994    30.8840    23.0974 0.0000e+00
 158.621667      7.484  37.089382    13.5575    7.09193      7.421    30.8719    23.0882 0.0000e+00
 158.621672      7.899  37.091728    13.5671    7.05347      7.833    30.8661    23.0818 0.0000e+00
 158.621678      8.308  37.100943    13.5620    6.95297      8.238    30.8786    23.0925 0.0000e+00
 158.621684      8.732  37.099582    13.5359    6.79510      8.659    30.8983    23.1129 0.0000e+00
 158.621690      9.185  37.089193    13.4988    6.57036      9.108    30.9185    23.1359 0.0000e+00
 158.621696      9.666  37.084513    13.4447    6.30053      9.585    30.9578    23.1769 0.0000e+00
 158.621701     10.172  37.079286    13.3485    6.03895     10.087    31.0309    23.2524 0.0000e+00
 158.621707     10.697  37.048021    13.1993    5.81958     10.607    31.1234    23.3531 0.0000e+00
 158.621713     11.231  36.982662    13.0007    5.68021     11.137    31.2251    23.4704 0.0000e+00
 158.621719     11.770  36.895297    12.7482    5.59541     11.671    31.3515    23.6168 0.0000e+00
 158.621725     12.313  36.783803    12.4675    5.57059     12.210    31.4796    23.7695 0.0000e+00
 158.621730     12.861  36.650326    12.2153    5.56023     12.753    31.5640    23.8822 0.0000e+00
 158.621736     13.411  36.521518    12.0260    5.54986     13.299    31.6001    23.9453 0.0000e+00
 158.621742     13.955  36.420153    11.9016    5.55267     13.838    31.6077    23.9741 0.0000e+00
 158.621748     14.498  36.352891    11.8252    5.52948     14.376    31.6074    23.9879 0.0000e+00
 158.621753     15.044  36.313555    11.7685    5.50103     14.918    31.6173    24.0059 0.0000e+00
 158.621759     15.580  36.286117    11.7004    5.41825     15.449    31.6485    24.0425 0.0000e+00
 158.621765     16.108  36.253037    11.6062    5.29570     15.973    31.6966    24.0969 0.0000e+00
 158.621771     16.635  36.211126    11.4999    5.17878     16.496    31.7466    24.1550 0.0000e+00
 158.621777     17.155  36.170088    11.4026    5.06745     17.011    31.7899    24.2061 0.0000e+00
 158.621782     17.668  36.133492    11.3118    4.95603     17.520    31.8322    24.2551 0.0000e+00
 158.621788     18.181  36.096247    11.1974    4.84585     18.028    31.8943    24.3237 0.0000e+00
 158.621794     18.696  36.043433    11.0432    4.73134     18.539    31.9760    24.4144 0.0000e+00
 158.621800     19.213  35.969651    10.8749    4.62260     19.052    32.0497    24.5011 0.0000e+00
 158.621806     19.730  35.894247    10.7199    4.53508     19.564    32.1105    24.5753 0.0000e+00
 158.621811     20.249  35.830465    10.5849    4.45992     20.079    32.1656    24.6414 0.0000e+00
 158.621817     20.779  35.777884    10.4684    4.39429     20.605    32.2157    24.7004 0.0000e+00
 158.621823     21.318  35.737007    10.3667    4.35353     21.139    32.2647    24.7558 0.0000e+00
 158.621829     21.858  35.707123    10.2857    4.34254     21.674    32.3064    24.8020 0.0000e+00
 158.621834     22.396  35.687607    10.2344    4.33855     22.208    32.3322    24.8308 0.0000e+00
 158.621840     22.927  35.677078    10.2074    4.35583     22.734    32.3455    24.8457 0.0000e+00
 158.621846     23.442  35.671006    10.1944    4.36299     23.245    32.3507    24.8519 0.0000e+00
 158.621852     23.936  35.667442    10.1903    4.37509     23.735    32.3506    24.8525 0.0000e+00
 158.621858     24.409  35.667790    10.1897    4.38690     24.204    32.3513    24.8532 0.0000e+00
 158.621863     24.871  35.669698    10.1847    4.37888     24.662    32.3575    24.8588 0.0000e+00
 158.621869     25.334  35.666729    10.1716    4.37456     25.121    32.3660    24.8677 0.0000e+00
 158.621875     25.810  35.658840    10.1541    4.38229     25.593    32.3734    24.8764 0.0000e+00
 158.621881     26.304  35.651201    10.1368    4.37905     26.083    32.3810    24.8852 0.0000e+00
 158.621887     26.814  35.645389    10.1219    4.36817     26.588    32.3882    24.8934 0.0000e+00
 158.621892     27.332  35.640929    10.1100    4.35159     27.102    32.3941    24.9000 0.0000e+00
 158.621898     27.850  35.637466    10.1009    4.32778     27.616    32.3986    24.9049 0.0000e+00
 158.621904     28.366  35.635417    10.0932    4.31754     28.127    32.4032    24.9098 0.0000e+00
 158.621910     28.880  35.635401    10.0848    4.31394     28.637    32.4104    24.9169 0.0000e+00
 158.621916     29.380  35.636262    10.0738    4.30316     29.133    32.4209    24.9270 0.0000e+00
 158.621921     29.856  35.635774    10.0572    4.28989     29.605    32.4351    24.9408 0.0000e+00
 158.621927     30.295  35.631591    10.0358    4.27879     30.040    32.4499    24.9559 0.0000e+00
 158.621933     30.692  35.624289    10.0206    4.25891     30.434    32.4560    24.9632 0.0000e+00
 158.621939     31.050  35.619820    10.0209    4.24407     30.789    32.4510    24.9593 0.0000e+00
 158.621944     31.379  35.621739    10.0198    4.22154     31.115    32.4538    24.9616 0.0000e+00
 158.621950     31.692  35.620821     9.9958    4.19433     31.425    32.4743    24.9816 0.0000e+00
 158.621956     32.000  35.609106     9.9586    4.16988     31.730    32.4958    25.0045 0.0000e+00
 158.621962     32.314  35.593954     9.9243    4.14643     32.042    32.5111    25.0222 0.0000e+00
 158.621968     32.640  35.581501     9.8927    4.13166     32.365    32.5268    25.0396 0.0000e+00
 158.621973     32.984  35.569704     9.8617    4.11188     32.706    32.5426    25.0571 0.0000e+00
 158.621979     33.344  35.557956     9.8383    4.09724     33.063    32.5517    25.0680 0.0000e+00
 158.621985     33.720  35.549641     9.8270    4.08251     33.436    32.5532    25.0711 0.0000e+00
 158.621991     34.107  35.545992     9.8211    4.08667     33.820    32.5547    25.0732 0.0000e+00
 158.621997     34.503  35.543251     9.8141    4.08863     34.212    32.5581    25.0770 0.0000e+00
 158.622002     34.901  35.539432     9.8060    4.09214     34.607    32.5613    25.0808 0.0000e+00
 158.622008     35.302  35.535601     9.7990    4.10378     35.004    32.5636    25.0837 0.0000e+00
 158.622014     35.701  35.532245     9.7942    4.08796     35.400    32.5643    25.0851 0.0000e+00
 158.622020     36.089  35.528801     9.7907    4.08613     35.785    32.5638    25.0853 0.0000e+00
 158.622025     36.457  35.526272     9.7866    4.08293     36.150    32.5648    25.0867 0.0000e+00
 158.622031     36.802  35.525200     9.7816    4.07960     36.492    32.5680    25.0901 0.0000e+00
 158.622037     37.130  35.523585     9.7776    4.08312     36.817    32.5699    25.0922 0.0000e+00
 158.622043     37.440  35.521506     9.7747    4.07759     37.124    32.5702    25.0930 0.0000e+00
 158.622049     37.731  35.519544     9.7717    4.07258     37.413    32.5708    25.0939 0.0000e+00
 158.622054     38.003  35.517317     9.7694    4.05902     37.682    32.5705    25.0941 0.0000e+00
 158.622060     38.244  35.515769     9.7688    4.08324     37.921    32.5694    25.0933 0.0000e+00
 158.622066     38.431  35.515628     9.7692    4.07852     38.107    32.5688    25.0928 -9.990e-29
 158.622072     38.555  35.516136     9.7701    4.07836     38.230    32.5684    25.0923 -9.990e-29
 158.622078     38.619  35.516278     9.7712    4.08271     38.293    32.5676    25.0915 -9.990e-29
 158.622083     38.632  35.516235     9.7720    4.07800     38.306    32.5668    25.0907 -9.990e-29
 158.622089     38.599  35.516502     9.7722    4.09527     38.273    32.5669    25.0908 -9.990e-29
 158.622095     38.517  35.516867     9.7730    4.09237     38.192    32.5666    25.0904 -9.990e-29
 158.622101     38.382  35.517246     9.7749    4.08598     38.058    32.5653    25.0891 0.0000e+00
 158.622106     38.189  35.518136     9.7775    4.08908     37.867    32.5639    25.0876 0.0000e+00
 158.622112     37.942  35.519035     9.7796    4.09569     37.622    32.5631    25.0866 0.0000e+00
 158.622118     37.661  35.518891     9.7808    4.10112     37.343    32.5620    25.0855 0.0000e+00
 158.622124     37.362  35.518070     9.7816    4.10250     37.047    32.5605    25.0843 0.0000e+00
