data/oxygen options/OCNMS/OCNMS2/raw_data/2005/CTD_TH40_083105faedb.cnv
* Sea-Bird SBE19 Data File:
* FileName = C:\hypoxia CTD data\TH40_083105.hex
* Software Version 1.1.5
* Temperature SN = 2997
* Conductivity SN = 2997
* System UpLoad Time = Aug 31 2005 15:42:44
** Teahwhit Head 083105 40m
* SEACAT PROFILER V3.1c SN 2997   08/31/05  15:38:40.807
# nquan = 9
# nvalues = 38                          
# units = specified
# name 0 = timeJ: Julian Days
# name 1 = prSM: Pressure, Strain Gauge [db]
# name 2 = c0mS/cm: Conductivity [mS/cm]
# name 3 = t090C: Temperature [ITS-90, deg C]
# name 4 = oxML/L: Oxygen, Beckman/YSI [ml/l]
# name 5 = depSM: Depth [salt water, m], lat = 47.5
# name 6 = sal00: Salinity, Practical [PSU]
# name 7 = sigma-é00: Density [sigma-theta, kg/m^3]
# name 8 = flag: flag
# span 0 = 243.456241, 243.458127       
# span 1 =      6.000,     43.000       
# span 2 =  34.602786,  38.032856       
# span 3 =     7.6591,    12.8910       
# span 4 =    3.04802,    7.19085       
# span 5 =      5.950,     42.637       
# span 6 =    32.3089,    33.5818       
# span 7 =    24.3302,    26.2101       
# span 8 = 0.0000e+00, 0.0000e+00       
# interval = decibars: 1                
# start_time = Aug 31 2005 10:53:47 [Instrument's time stamp, header]
# bad_flag = -9.990e-29
*END*
 243.456241      6.000  38.032856    12.8910    7.19085      5.950    32.3089    24.3302 0.0000e+00
 243.456264      7.000  37.780914    12.3872    6.95416      6.941    32.5019    24.5769 0.0000e+00
 243.456281      8.000  37.469693    11.9385    6.62888      7.933    32.5926    24.7316 0.0000e+00
 243.456296      9.000  37.228489    11.6007    6.20688      8.925    32.6544    24.8418 0.0000e+00
 243.456308     10.000  37.011768    11.2221    5.75707      9.916    32.7768    25.0052 0.0000e+00
 243.456320     11.000  36.701880    10.7251    5.20998     10.908    32.9141    25.1998 0.0000e+00
 243.456336     12.000  36.319878    10.1546    4.66453     11.900    33.0472    25.4013 0.0000e+00
 243.456352     13.000  35.823965     9.4892    4.40298     12.891    33.1519    25.5932 0.0000e+00
 243.456658     14.000  36.162200    10.1194    5.22378     13.883    32.9191    25.3043 0.0000e+00
 243.456905     15.000  36.448971    10.3780    5.00034     14.874    32.9728    25.3052 0.0000e+00
 243.456940     16.000  36.026167     9.7346    4.42184     15.866    33.1315    25.5372 0.0000e+00
 243.456954     17.000  35.616125     9.2449    4.01904     16.857    33.1623    25.6410 0.0000e+00
 243.456968     18.000  35.405322     8.9483    3.76625     17.849    33.2194    25.7323 0.0000e+00
 243.456981     19.000  35.193909     8.6844    3.59666     18.841    33.2451    25.7934 0.0000e+00
 243.456995     20.000  35.058559     8.5309    3.54076     19.832    33.2468    25.8183 0.0000e+00
 243.457009     21.000  34.965225     8.4140    3.62774     20.824    33.2582    25.8449 0.0000e+00
 243.457032     22.000  34.914144     8.4355    3.82646     21.815    33.1835    25.7831 0.0000e+00
 243.457329     23.000  34.977552     8.4990    3.70602     22.807    33.1901    25.7786 0.0000e+00
 243.457389     24.000  34.924074     8.3717    3.54824     23.798    33.2533    25.8474 0.0000e+00
 243.457403     25.000  34.811996     8.1660    3.48424     24.790    33.3289    25.9374 0.0000e+00
 243.457415     26.000  34.701353     8.0020    3.45332     25.782    33.3666    25.9912 0.0000e+00
 243.457428     27.000  34.651422     7.9384    3.41911     26.773    33.3735    26.0059 0.0000e+00
 243.457439     28.000  34.639191     7.9071    3.39088     27.764    33.3897    26.0233 0.0000e+00
 243.457451     29.000  34.633419     7.8748    3.33564     28.756    33.4141    26.0471 0.0000e+00
 243.457462     30.000  34.631390     7.8287    3.29124     29.748    33.4556    26.0864 0.0000e+00
 243.457477     31.000  34.626731     7.7717    3.27441     30.739    33.5048    26.1334 0.0000e+00
 243.457496     32.000  34.621630     7.7582    3.27350     31.730    33.5119    26.1408 0.0000e+00
 243.457863     33.000  34.612842     7.7514    3.28125     32.722    33.5085    26.1392 0.0000e+00
 243.457992     34.000  34.608389     7.7412    3.26663     33.714    33.5130    26.1442 0.0000e+00
 243.458007     35.000  34.605177     7.7295    3.26012     34.705    33.5204    26.1517 0.0000e+00
 243.458021     36.000  34.604740     7.7186    3.25637     35.696    33.5299    26.1607 0.0000e+00
 243.458033     37.000  34.603466     7.7101    3.25599     36.688    33.5362    26.1670 0.0000e+00
 243.458047     38.000  34.602887     7.7071    3.25497     37.679    33.5380    26.1688 0.0000e+00
 243.458060     39.000  34.603084     7.7068    3.23879     38.671    33.5380    26.1689 0.0000e+00
 243.458074     40.000  34.604007     7.7029    3.18947     39.662    33.5424    26.1729 0.0000e+00
 243.458087     41.000  34.604359     7.6809    3.09538     40.654    33.5634    26.1926 0.0000e+00
 243.458104     42.000  34.603378     7.6608    3.04802     41.645    33.5813    26.2096 0.0000e+00
 243.458127     43.000  34.602786     7.6591    3.08503     42.637    33.5818    26.2101 0.0000e+00
