data/oxygen options/OCNMS/OCNMS2/raw_data/2005/CTD_CE30_070605faedb.cnv
* Sea-Bird SBE19 Data File:
* FileName = C:\Hypoxia Data\CE30_070605.hex
* Software Version 1.1.6
* Temperature SN = 2997
* Conductivity SN = 2997
* System UpLoad Time = Jul 06 2005 16:08:48
* SEACAT PROFILER V3.1c SN 2997   07/06/05  16:09:17.917
* strain gauge pressure sensor: S/N = 184829,  range = 3000 psia,  tc = 40
# nquan = 9
# nvalues = 27                          
# units = specified
# name 0 = timeJ: Julian Days
# name 1 = prSM: Pressure, Strain Gauge [db]
# name 2 = c0mS/cm: Conductivity [mS/cm]
# name 3 = t090C: Temperature [ITS-90, deg C]
# name 4 = oxML/L: Oxygen, Beckman/YSI [ml/l]
# name 5 = depSM: Depth [salt water, m], lat = 47.5
# name 6 = sal00: Salinity, Practical [PSU]
# name 7 = sigma-é00: Density [sigma-theta, kg/m^3]
# name 8 = flag: flag
# span 0 = 187.580380, 187.580736       
# span 1 =      4.000,     30.000       
# span 2 =  35.641970,  38.792202       
# span 3 =    10.1472,    14.9938       
# span 4 =    3.83044,    7.33069       
# span 5 =      3.967,     29.748       
# span 6 =    31.2341,    32.3607       
# span 7 =    23.0720,    24.8678       
# span 8 = 0.0000e+00, 0.0000e+00       
# interval = decibars: 1                
# start_time = Jul 06 2005 13:52:15 [Instrument's time stamp, header]
# bad_flag = -9.990e-29
*END*
 187.580380      4.000  38.751729    14.9938    7.32442      3.967    31.2341    23.0720 0.0000e+00
 187.580401      5.000  38.792202    14.8966    7.30368      4.958    31.3480    23.1803 0.0000e+00
 187.580417      6.000  38.754934    14.8052    7.31743      5.950    31.3876    23.2302 0.0000e+00
 187.580431      7.000  38.691453    14.7135    7.33069      6.941    31.4038    23.2621 0.0000e+00
 187.580444      8.000  38.625214    14.6242    7.32023      7.933    31.4157    23.2901 0.0000e+00
 187.580457      9.000  38.586604    14.5815    7.29133      8.925    31.4148    23.2983 0.0000e+00
 187.580471     10.000  38.561607    14.5483    7.28252      9.917    31.4187    23.3083 0.0000e+00
 187.580484     11.000  38.540127    14.5253    7.28027     10.908    31.4175    23.3122 0.0000e+00
 187.580498     12.000  38.532957    14.5161    7.28129     11.899    31.4180    23.3145 0.0000e+00
 187.580511     13.000  38.520941    14.4968    7.26893     12.891    31.4223    23.3219 0.0000e+00
 187.580524     14.000  38.508115    14.4724    7.24139     13.883    31.4301    23.3330 0.0000e+00
 187.580535     15.000  38.489810    14.4264    7.23123     14.874    31.4503    23.3583 0.0000e+00
 187.580546     16.000  38.450794    14.3063    7.02493     15.866    31.5122    23.4309 0.0000e+00
 187.580557     17.000  38.341794    14.1121    6.55313     16.858    31.5707    23.5160 0.0000e+00
 187.580569     18.000  38.215295    13.8258    5.90752     17.849    31.6896    23.6661 0.0000e+00
 187.580581     19.000  37.879176    13.1531    5.24019     18.840    31.9369    23.9912 0.0000e+00
 187.580592     20.000  37.298186    12.3483    4.73371     19.832    32.0682    24.2479 0.0000e+00
 187.580604     21.000  36.723606    11.6138    4.40459     20.823    32.1457    24.4440 0.0000e+00
 187.580614     22.000  36.243438    11.0374    4.16808     21.815    32.1768    24.5714 0.0000e+00
 187.580626     23.000  35.965428    10.7173    4.06687     22.806    32.1822    24.6316 0.0000e+00
 187.580638     24.000  35.881644    10.6030    4.09460     23.798    32.1991    24.6645 0.0000e+00
 187.580651     25.000  35.868534    10.5794    4.21044     24.790    32.2064    24.6743 0.0000e+00
 187.580666     26.000  35.865549    10.5843    4.32444     25.781    32.1986    24.6674 0.0000e+00
 187.580682     27.000  35.871256    10.6055    4.35248     26.773    32.1852    24.6533 0.0000e+00
 187.580698     28.000  35.864298    10.5705    4.13947     27.764    32.2088    24.6777 0.0000e+00
 187.580715     29.000  35.797710    10.3919    3.84996     28.756    32.3000    24.7792 0.0000e+00
 187.580736     30.000  35.641970    10.1472    3.83044     29.748    32.3607    24.8678 0.0000e+00
