data/oxygen options/OCNMS/OCNMS2/raw_data/2005/CTD_CA20_081505faed.cnv
* Sea-Bird SBE19 Data File:
* FileName = C:\Hypoxia Data\CA20_081505.hex
* Software Version 1.1.6
* Temperature SN = 2997
* Conductivity SN = 2997
* System UpLoad Time = Aug 15 2005 14:38:32
* SEACAT PROFILER V3.1c SN 2997   08/15/05  14:37:49.297
* strain gauge pressure sensor: S/N = 184829,  range = 3000 psia,  tc = 40
# nquan = 9                                 
# nvalues = 725                         
# units = specified
# name 0 = timeJ: Julian Days
# name 1 = prSM: Pressure, Strain Gauge [db]
# name 2 = c0mS/cm: Conductivity [mS/cm]
# name 3 = t090C: Temperature [ITS-90, deg C]
# name 4 = oxML/L: Oxygen, Beckman/YSI [ml/l]
# name 5 = depSM: Depth [salt water, m], lat = 47.5
# name 6 = sal00: Salinity, Practical [PSU]
# name 7 = sigma-é00: Density [sigma-theta, kg/m^3]
# name 8 = flag: flag
# span 0 = 227.517407, 227.521597       
# span 1 =     -4.361,     21.770       
# span 2 =   0.019531, 223.321466       
# span 3 =     8.2918,    40.4082       
# span 4 =   -0.11959,   21.83920       
# span 5 =     -4.325,     21.587       
# span 6 =     0.0160,    39.1833       
# span 7 =    -0.7989,    25.9427       
# span 8 = 0.0000e+00, 0.0000e+00       
# interval = seconds: 0.5
# start_time = Aug 15 2005 12:25:04 [Instrument's time stamp, header]
# bad_flag = -9.990e-29
*END*
[from data line 321]
 227.519265      2.711  36.566109    11.3031    4.51334      2.688    32.2700    24.5967 -9.990e-29
 227.519271      2.720  36.564945    11.3028    4.51965      2.697    32.2691    24.5960 -9.990e-29
 227.519277      2.727  36.564896    11.3039    4.52100      2.704    32.2681    24.5950 -9.990e-29
 227.519282      2.735  36.565870    11.3050    4.53319      2.712    32.2681    24.5948 -9.990e-29
 227.519288      2.746  36.566899    11.3046    4.55219      2.723    32.2695    24.5960 -9.990e-29
 227.519294      2.761  36.567085    11.3027    4.56000      2.738    32.2713    24.5977 -9.990e-29
 227.519300      2.775  36.566091    11.3005    4.56024      2.752    32.2722    24.5989 -9.990e-29
 227.519306      2.785  36.564808    11.2993    4.57517      2.762    32.2720    24.5989 -9.990e-29
 227.519311      2.792  36.564300    11.2991    4.58732      2.769    32.2717    24.5987 -9.990e-29
 227.519317      2.797  36.564426    11.2988    4.59488      2.774    32.2721    24.5990 -9.990e-29
 227.519323      2.800  36.564203    11.2980    4.59960      2.777    32.2726    24.5996 -9.990e-29
 227.519329      2.801  36.563872    11.2977    4.60133      2.778    32.2725    24.5996 -9.990e-29
 227.519334      2.805  36.564087    11.2976    4.61523      2.782    32.2728    24.5998 -9.990e-29
 227.519340      2.815  36.564547    11.2967    4.59779      2.791    32.2740    24.6009 -9.990e-29
 227.519346      2.828  36.564717    11.2952    4.60024      2.804    32.2755    24.6024 -9.990e-29
 227.519352      2.841  36.564238    11.2941    4.59951      2.817    32.2760    24.6029 -9.990e-29
 227.519358      2.851  36.563567    11.2940    4.61253      2.827    32.2754    24.6025 -9.990e-29
 227.519363      2.853  36.563463    11.2945    4.62568      2.829    32.2749    24.6020 -9.990e-29
 227.519369      2.853  36.563760    11.2940    4.62839      2.829    32.2756    24.6026 -9.990e-29
 227.519375      2.853  36.563709    11.2925    4.62950      2.829    32.2769    24.6039 -9.990e-29
 227.519381      2.856  36.563214    11.2926    4.62306      2.832    32.2763    24.6034 -9.990e-29
 227.519387      2.860  36.563274    11.2953    4.62418      2.836    32.2740    24.6012 -9.990e-29
 227.519392      2.865  36.564502    11.2981    4.62921      2.841    32.2727    24.5997 -9.990e-29
 227.519398      2.873  36.565708    11.2986    4.64320      2.849    32.2735    24.6002 -9.990e-29
 227.519404      2.879  36.565669    11.2979    4.65367      2.855    32.2741    24.6007 -9.990e-29
 227.519410      2.876  36.565430    11.2992    4.65438      2.852    32.2727    24.5994 -9.990e-29
 227.519416      2.862  36.566326    11.3029    4.65692      2.838    32.2703    24.5970 -9.990e-29
 227.519421      2.847  36.567844    11.3063    4.67329      2.823    32.2689    24.5952 -9.990e-29
 227.519427      2.837  36.569181    11.3075    4.68607      2.813    32.2691    24.5952 -9.990e-29
 227.519433      2.835  36.569852    11.3066    4.69792      2.811    32.2706    24.5965 -9.990e-29
 227.519439      2.838  36.569604    11.3056    4.70836      2.814    32.2712    24.5971 -9.990e-29
 227.519444      2.842  36.569204    11.3056    4.71441      2.818    32.2708    24.5968 -9.990e-29
 227.519450      2.846  36.569212    11.3056    4.72303      2.822    32.2708    24.5968 -9.990e-29
 227.519456      2.852  36.569051    11.3039    4.72861      2.828    32.2721    24.5982 -9.990e-29
 227.519462      2.858  36.567921    11.3001    4.73002      2.834    32.2744    24.6006 -9.990e-29
 227.519468      2.867  36.565972    11.2966    4.73997      2.843    32.2755    24.6021 -9.990e-29
 227.519473      2.873  36.564503    11.2955    4.75274      2.849    32.2750    24.6019 -9.990e-29
 227.519479      2.874  36.564331    11.2965    4.76528      2.850    32.2740    24.6009 -9.990e-29
 227.519485      2.873  36.565200    11.2982    4.77113      2.849    32.2733    24.6001 -9.990e-29
 227.519491      2.875  36.566561    11.2999    4.78080      2.851    32.2732    24.5997 -9.990e-29
 227.519497      2.879  36.567959    11.3009    4.78579      2.855    32.2737    24.5999 -9.990e-29
 227.519502      2.887  36.568991    11.3009    4.78887      2.863    32.2747    24.6007 -9.990e-29
 227.519508      2.898  36.569326    11.2995    4.80739      2.874    32.2762    24.6022 -9.990e-29
 227.519514      2.913  36.568823    11.2973    4.82281      2.889    32.2777    24.6037 -9.990e-29
 227.519520      2.930  36.567539    11.2945    4.83623      2.906    32.2789    24.6051 -9.990e-29
 227.519525      2.940  36.565987    11.2924    4.83520      2.915    32.2792    24.6057 -9.990e-29
 227.519531      2.939  36.565069    11.2929    4.82728      2.914    32.2778    24.6046 -9.990e-29
 227.519537      2.933  36.565215    11.2958    4.82980      2.909    32.2754    24.6022 -9.990e-29
 227.519543      2.925  36.566224    11.2991    4.83402      2.901    32.2735    24.6001 -9.990e-29
 227.519549      2.915  36.567745    11.3013    4.83501      2.891    32.2731    24.5994 -9.990e-29
 227.519554      2.905  36.568985    11.3021    4.84475      2.881    32.2736    24.5997 -9.990e-29
 227.519560      2.900  36.569338    11.3024    4.85389      2.876    32.2737    24.5997 -9.990e-29
 227.519566      2.899  36.569258    11.3027    4.85933      2.875    32.2734    24.5994 -9.990e-29
 227.519572      2.903  36.569182    11.3027    4.86027      2.879    32.2733    24.5993 -9.990e-29
 227.519578      2.911  36.568990    11.3020    4.86877      2.887    32.2737    24.5997 -9.990e-29
 227.519583      2.925  36.568972    11.3007    4.86828      2.901    32.2748    24.6008 -9.990e-29
 227.519589      2.940  36.569084    11.2998    4.87629      2.915    32.2757    24.6017 -9.990e-29
 227.519595      2.950  36.568900    11.2998    4.87799      2.925    32.2755    24.6016 -9.990e-29
 227.519601      2.949  36.568716    11.3011    4.86138      2.924    32.2742    24.6003 -9.990e-29
 227.519606      2.940  36.568830    11.3040    4.86500      2.915    32.2718    24.5979 -9.990e-29
 227.519612      2.924  36.569376    11.3077    4.86600      2.900    32.2691    24.5951 -9.990e-29
 227.519618      2.915  36.570507    11.3101    4.85976      2.891    32.2681    24.5939 -9.990e-29
 227.519624      2.923  36.571471    11.3095    4.84470      2.899    32.2696    24.5952 -9.990e-29
 227.519630      2.946  36.571296    11.3069    4.86257      2.921    32.2717    24.5973 -9.990e-29
 227.519635      2.968  36.570293    11.3047    4.85821      2.943    32.2726    24.5984 -9.990e-29
 227.519641      2.981  36.569346    11.3041    4.85167      2.956    32.2722    24.5982 -9.990e-29
 227.519647      2.987  36.568857    11.3051    4.84464      2.962    32.2708    24.5970 -9.990e-29
 227.519653      2.986  36.568717    11.3067    4.82783      2.961    32.2693    24.5955 -9.990e-29
 227.519659      2.978  36.568722    11.3081    4.82370      2.953    32.2681    24.5943 -9.990e-29
 227.519664      2.966  36.568860    11.3083    4.82218      2.941    32.2681    24.5942 -9.990e-29
 227.519670      2.959  36.568740    11.3063    4.84649      2.934    32.2697    24.5958 -9.990e-29
 227.519676      2.959  36.567624    11.3028    4.86611      2.934    32.2717    24.5980 -9.990e-29
 227.519682      2.968  36.566252    11.3008    4.87437      2.943    32.2721    24.5987 -9.990e-29
 227.519688      2.981  36.565578    11.3011    4.86035      2.956    32.2711    24.5979 -9.990e-29
 227.519693      2.991  36.565247    11.3020    4.86741      2.966    32.2700    24.5969 -9.990e-29
 227.519699      2.999  36.565358    11.3020    4.87912      2.974    32.2701    24.5969 -9.990e-29
 227.519705      3.008  36.565484    11.3009    4.89553      2.983    32.2712    24.5980 -9.990e-29
 227.519711      3.016  36.565214    11.3000    4.89675      2.991    32.2717    24.5986 -9.990e-29
 227.519716      3.019  36.565292    11.3007    4.88603      2.994    32.2712    24.5980 -9.990e-29
 227.519722      3.017  36.565803    11.3029    4.89215      2.992    32.2698    24.5965 -9.990e-29
 227.519728      3.014  36.566852    11.3051    4.89442      2.989    32.2689    24.5954 -9.990e-29
 227.519734      3.018  36.568137    11.3045    4.90623      2.993    32.2706    24.5969 -9.990e-29
 227.519740      3.035  36.567993    11.3001    4.91668      3.010    32.2744    24.6006 -9.990e-29
 227.519745      3.055  36.566213    11.2957    4.91262      3.029    32.2764    24.6030 -9.990e-29
 227.519751      3.064  36.564329    11.2944    4.90625      3.038    32.2757    24.6027 -9.990e-29
 227.519757      3.059  36.563174    11.2950    4.88994      3.033    32.2741    24.6013 -9.990e-29
 227.519763      3.046  36.562871    11.2961    4.86894      3.021    32.2728    24.6001 -9.990e-29
 227.519769      3.034  36.562999    11.2980    4.86249      3.009    32.2713    24.5986 -9.990e-29
 227.519774      3.027  36.563150    11.3005    4.86201      3.002    32.2693    24.5965 -9.990e-29
 227.519780      3.024  36.563510    11.3027    4.86904      2.999    32.2677    24.5949 -9.990e-29
 227.519786      3.024  36.563981    11.3040    4.88234      2.999    32.2670    24.5942 -9.990e-29
 227.519792      3.028  36.564613    11.3049    4.87667      3.003    32.2668    24.5939 -9.990e-29
 227.519797      3.036  36.565672    11.3055    4.87225      3.011    32.2673    24.5942 -9.990e-29
 227.519803      3.045  36.566311    11.3052    4.86300      3.020    32.2682    24.5949 -9.990e-29
 227.519809      3.054  36.565682    11.3034    4.86408      3.028    32.2692    24.5960 -9.990e-29
 227.519815      3.069  36.564051    11.2999    4.87340      3.043    32.2706    24.5977 -9.990e-29
 227.519821      3.086  36.562030    11.2971    4.88499      3.060    32.2711    24.5986 -9.990e-29
 227.519826      3.098  36.560831    11.2970    4.88046      3.072    32.2700    24.5978 -9.990e-29
 227.519832      3.102  36.561080    11.2985    4.87597      3.076    32.2689    24.5967 -9.990e-29
 227.519838      3.101  36.561967    11.2992    4.87496      3.075    32.2692    24.5967 -9.990e-29
 227.519844      3.101  36.562417    11.2984    4.87199      3.075    32.2703    24.5978 -9.990e-29
 227.519850      3.101  36.561893    11.2972    4.87243      3.075    32.2709    24.5984 -9.990e-29
 227.519855      3.101  36.560800    11.2965    4.87801      3.075    32.2704    24.5982 -9.990e-29
 227.519861      3.101  36.559904    11.2966    4.89098      3.075    32.2694    24.5974 -9.990e-29
 227.519867      3.101  36.559676    11.2973    4.89169      3.075    32.2686    24.5966 -9.990e-29
 227.519873      3.101  36.559796    11.2982    4.89407      3.075    32.2679    24.5959 -9.990e-29
 227.519878      3.102  36.559847    11.2990    4.89348      3.076    32.2673    24.5953 -9.990e-29
 227.519884      3.107  36.559878    11.2986    4.88180      3.081    32.2677    24.5957 -9.990e-29
 227.519890      3.121  36.559353    11.2966    4.88574      3.095    32.2689    24.5970 -9.990e-29
 227.519896      3.140  36.558116    11.2949    4.88483      3.114    32.2692    24.5975 -9.990e-29
 227.519902      3.158  36.557304    11.2948    4.90758      3.132    32.2684    24.5969 -9.990e-29
 227.519907      3.167  36.557497    11.2965    4.91489      3.141    32.2671    24.5956 -9.990e-29
 227.519913      3.163  36.558374    11.2998    4.91719      3.137    32.2651    24.5935 -9.990e-29
 227.519919      3.150  36.559966    11.3038    4.91594      3.124    32.2632    24.5912 -9.990e-29
 227.519925      3.141  36.562136    11.3067    4.92027      3.115    32.2628    24.5904 -9.990e-29
 227.519931      3.147  36.563835    11.3063    4.90861      3.121    32.2648    24.5920 -9.990e-29
 227.519936      3.168  36.563390    11.3025    4.90776      3.142    32.2677    24.5950 -9.990e-29
 227.519942      3.194  36.560751    11.2983    4.90065      3.167    32.2688    24.5966 -9.990e-29
 227.519948      3.214  36.558551    11.2969    4.90212      3.187    32.2678    24.5961 -9.990e-29
 227.519954      3.223  36.558321    11.2983    4.91259      3.196    32.2664    24.5947 -9.990e-29
 227.519959      3.224  36.559174    11.3004    4.92748      3.197    32.2654    24.5935 -9.990e-29
 227.519965      3.219  36.559988    11.3024    4.94141      3.192    32.2644    24.5924 -9.990e-29
 227.519971      3.213  36.560712    11.3043    4.94690      3.186    32.2635    24.5914 -9.990e-29
 227.519977      3.206  36.561734    11.3065    4.93743      3.179    32.2625    24.5903 -9.990e-29
 227.519983      3.202  36.563280    11.3081    4.91666      3.175    32.2627    24.5901 -9.990e-29
 227.519988      3.204  36.564590    11.3067    4.90414      3.177    32.2652    24.5923 -9.990e-29
 227.519994      3.213  36.563468    11.3026    4.90478      3.186    32.2676    24.5949 -9.990e-29
 227.520000      3.225  36.560644    11.2996    4.92048      3.198    32.2675    24.5953 -9.990e-29
 227.520006      3.233  36.559064    11.2997    4.92455      3.206    32.2659    24.5941 -9.990e-29
 227.520012      3.231  36.559404    11.3017    4.92082      3.204    32.2644    24.5926 -9.990e-29
 227.520017      3.226  36.560978    11.3039    4.90967      3.199    32.2641    24.5919 -9.990e-29
 227.520023      3.224  36.562506    11.3043    4.90172      3.197    32.2652    24.5927 -9.990e-29
 227.520029      3.230  36.562643    11.3011    4.91611      3.203    32.2681    24.5956 -9.990e-29
 227.520035      3.244  36.560998    11.2951    4.91701      3.217    32.2718    24.5995 -9.990e-29
 227.520041      3.263  36.558161    11.2909    4.91698      3.236    32.2727    24.6009 -9.990e-29
 227.520046      3.275  36.556500    11.2924    4.91556      3.248    32.2697    24.5984 -9.990e-29
 227.520052      3.273  36.557706    11.2982    4.91576      3.246    32.2658    24.5943 -9.990e-29
 227.520058      3.261  36.560563    11.3038    4.93593      3.234    32.2637    24.5917 -9.990e-29
 227.520064      3.250  36.563257    11.3059    4.94233      3.223    32.2645    24.5919 -9.990e-29
 227.520069      3.250  36.564322    11.3053    4.93985      3.223    32.2661    24.5932 -9.990e-29
 227.520075      3.250  36.564041    11.3055    4.94817      3.223    32.2657    24.5929 -9.990e-29
 227.520081      3.242  36.564263    11.3066    4.92912      3.215    32.2649    24.5921 -9.990e-29
 227.520087      3.231  36.565267    11.3053    4.91800      3.204    32.2670    24.5940 -9.990e-29
 227.520093      3.224  36.565010    11.3010    4.90676      3.197    32.2706    24.5975 -9.990e-29
 227.520098      3.225  36.562573    11.2962    4.89479      3.198    32.2724    24.5997 -9.990e-29
 227.520104      3.230  36.559734    11.2931    4.90800      3.203    32.2723    24.6002 -9.990e-29
 227.520110      3.230  36.557736    11.2926    4.91212      3.203    32.2708    24.5991 -9.990e-29
 227.520116      3.221  36.557261    11.2951    4.92063      3.194    32.2681    24.5966 -9.990e-29
 227.520122      3.207  36.558777    11.2991    4.91856      3.180    32.2661    24.5944 -9.990e-29
 227.520127      3.196  36.560925    11.3017    4.92238      3.169    32.2659    24.5938 -9.990e-29
 227.520133      3.191  36.562069    11.3013    4.92370      3.164    32.2674    24.5950 -9.990e-29
 227.520139      3.192  36.562035    11.2985    4.92414      3.165    32.2698    24.5974 -9.990e-29
 227.520145      3.199  36.560763    11.2960    4.93258      3.172    32.2708    24.5985 -9.990e-29
 227.520150      3.208  36.559343    11.2969    4.94279      3.181    32.2686    24.5967 -9.990e-29
 227.520156      3.211  36.559786    11.3006    4.96000      3.184    32.2658    24.5938 -9.990e-29
 227.520162      3.208  36.561545    11.3056    4.96218      3.181    32.2631    24.5909 -9.990e-29
 227.520168      3.208  36.564143    11.3105    4.95186      3.181    32.2614    24.5887 -9.990e-29
 227.520174      3.214  36.567103    11.3115    4.95676      3.187    32.2634    24.5901 -9.990e-29
 227.520179      3.228  36.567628    11.3073    4.96153      3.201    32.2676    24.5941 -9.990e-29
