data/oxygen options/OCNMS/OCNMS2/raw_data/2005/CTD_CA30_083005faed.cnv
* Sea-Bird SBE19 Data File:
* FileName = C:\hypoxia CTD data\CA30_083005.hex
* Software Version 1.1.5
* Temperature SN = 2997
* Conductivity SN = 2997
* System UpLoad Time = Aug 30 2005 17:15:38
** Cape Alava 30m 083905
* SEACAT PROFILER V3.1c SN 2997   08/30/05  17:13:56.771
# nquan = 9                                 
# nvalues = 513                         
# units = specified
# name 0 = timeJ: Julian Days
# name 1 = prSM: Pressure, Strain Gauge [db]
# name 2 = c0mS/cm: Conductivity [mS/cm]
# name 3 = t090C: Temperature [ITS-90, deg C]
# name 4 = oxML/L: Oxygen, Beckman/YSI [ml/l]
# name 5 = depSM: Depth [salt water, m], lat = 47.5
# name 6 = sal00: Salinity, Practical [PSU]
# name 7 = sigma-é00: Density [sigma-theta, kg/m^3]
# name 8 = flag: flag
# span 0 = 242.627164, 242.630127       
# span 1 =     -3.414,     31.854       
# span 2 =   1.531417,  38.109463       
# span 3 =     8.6037,    13.8586       
# span 4 =   -0.09937,   26.22705       
# span 5 =     -3.386,     31.586       
# span 6 =     0.9971,    33.3613       
# span 7 =     0.0406,    25.8946       
# span 8 = 0.0000e+00, 0.0000e+00       
# interval = seconds: 0.5
# start_time = Aug 30 2005 15:03:07 [Instrument's time stamp, header]
# bad_flag = -9.990e-29
*END*
[from data line 161]
 242.628096      1.397  38.082494    13.5174    6.77545      1.385    31.8286    23.8351 -9.990e-29
 242.628102      1.429  38.083199    13.5184    6.78679      1.417    31.8284    23.8347 -9.990e-29
 242.628108      1.457  38.083960    13.5192    6.77622      1.445    31.8284    23.8346 -9.990e-29
 242.628113      1.475  38.084658    13.5196    6.78066      1.463    31.8287    23.8348 -9.990e-29
 242.628119      1.488  38.085091    13.5199    6.78454      1.476    31.8288    23.8348 -9.990e-29
 242.628125      1.500  38.085265    13.5203    6.77013      1.487    31.8287    23.8346 -9.990e-29
 242.628131      1.514  38.085402    13.5208    6.76685      1.501    31.8284    23.8343 -9.990e-29
 242.628137      1.529  38.085675    13.5210    6.76354      1.516    31.8285    23.8343 -9.990e-29
 242.628142      1.542  38.085875    13.5208    6.77787      1.529    31.8288    23.8346 -9.990e-29
 242.628148      1.550  38.085699    13.5204    6.78194      1.537    31.8290    23.8348 -9.990e-29
 242.628154      1.554  38.085463    13.5200    6.76481      1.541    31.8291    23.8350 -9.990e-29
 242.628160      1.549  38.085401    13.5198    6.75051      1.536    31.8292    23.8351 -9.990e-29
 242.628166      1.535  38.085420    13.5197    6.74414      1.522    31.8293    23.8352 -9.990e-29
 242.628171      1.525  38.085534    13.5200    6.75502      1.512    31.8292    23.8350 -9.990e-29
 242.628177      1.525  38.085885    13.5209    6.77098      1.512    31.8287    23.8345 -9.990e-29
 242.628183      1.527  38.086372    13.5218    6.77141      1.514    31.8284    23.8341 -9.990e-29
 242.628189      1.524  38.086511    13.5221    6.76382      1.511    31.8283    23.8340 -9.990e-29
 242.628194      1.523  38.086476    13.5223    6.75405      1.510    31.8281    23.8338 -9.990e-29
 242.628200      1.532  38.086770    13.5225    6.74794      1.519    31.8282    23.8338 -9.990e-29
 242.628206      1.549  38.087217    13.5226    6.75377      1.536    31.8286    23.8340 -9.990e-29
 242.628212      1.569  38.087279    13.5225    6.75496      1.556    31.8287    23.8342 -9.990e-29
 242.628218      1.587  38.087027    13.5226    6.75720      1.574    31.8284    23.8339 -9.990e-29
 242.628223      1.589  38.087237    13.5230    6.76204      1.576    31.8282    23.8337 -9.990e-29
 242.628229      1.580  38.087614    13.5231    6.75476      1.567    31.8285    23.8339 -9.990e-29
 242.628235      1.573  38.087530    13.5231    6.75488      1.560    31.8284    23.8338 -9.990e-29
 242.628241      1.576  38.087422    13.5232    6.74758      1.563    31.8282    23.8337 -9.990e-29
 242.628247      1.593  38.087699    13.5234    6.73778      1.580    31.8283    23.8337 -9.990e-29
 242.628252      1.617  38.088159    13.5234    6.74145      1.603    31.8287    23.8340 -9.990e-29
 242.628258      1.636  38.088281    13.5235    6.75295      1.622    31.8288    23.8340 -9.990e-29
 242.628264      1.652  38.088218    13.5236    6.76402      1.638    31.8286    23.8339 -9.990e-29
 242.628270      1.670  38.088436    13.5236    6.76120      1.656    31.8288    23.8340 -9.990e-29
 242.628275      1.686  38.088655    13.5233    6.74222      1.672    31.8293    23.8344 -9.990e-29
 242.628281      1.703  38.088593    13.5226    6.73091      1.689    31.8298    23.8350 -9.990e-29
 242.628287      1.724  38.088160    13.5213    6.73812      1.710    31.8304    23.8358 -9.990e-29
 242.628293      1.748  38.087328    13.5194    6.75308      1.733    31.8312    23.8368 -9.990e-29
 242.628299      1.771  38.086098    13.5178    6.75159      1.756    31.8314    23.8372 -9.990e-29
 242.628304      1.791  38.085061    13.5173    6.74286      1.776    31.8309    23.8369 -9.990e-29
 242.628310      1.800  38.085066    13.5170    6.72713      1.785    31.8311    23.8372 -9.990e-29
 242.628316      1.799  38.084987    13.5160    6.72983      1.784    31.8319    23.8379 -9.990e-29
 242.628322      1.801  38.084148    13.5152    6.73296      1.786    31.8318    23.8380 -9.990e-29
 242.628328      1.814  38.083664    13.5149    6.75208      1.799    31.8316    23.8379 -9.990e-29
 242.628333      1.830  38.083439    13.5145    6.75912      1.815    31.8317    23.8381 -9.990e-29
 242.628339      1.843  38.083161    13.5137    6.74938      1.828    31.8321    23.8386 -9.990e-29
 242.628345      1.858  38.083009    13.5136    6.72321      1.842    31.8320    23.8385 -9.990e-29
 242.628351      1.878  38.083331    13.5148    6.73302      1.862    31.8313    23.8377 -9.990e-29
 242.628356      1.907  38.084544    13.5168    6.75567      1.891    31.8308    23.8369 -9.990e-29
 242.628362      1.940  38.086013    13.5191    6.76499      1.924    31.8302    23.8360 -9.990e-29
 242.628368      1.969  38.086884    13.5207    6.75817      1.953    31.8297    23.8353 -9.990e-29
 242.628374      1.981  38.087182    13.5213    6.72707      1.964    31.8294    23.8350 -9.990e-29
 242.628380      1.977  38.087296    13.5215    6.71760      1.960    31.8294    23.8349 -9.990e-29
 242.628385      1.970  38.087365    13.5213    6.72948      1.954    31.8296    23.8351 -9.990e-29
 242.628391      1.973  38.087473    13.5205    6.74244      1.957    31.8304    23.8359 -9.990e-29
 242.628397      1.986  38.087194    13.5195    6.74546      1.969    31.8309    23.8365 -9.990e-29
 242.628403      2.000  38.086705    13.5188    6.73413      1.983    31.8311    23.8368 -9.990e-29
 242.628409      2.008  38.086464    13.5181    6.72839      1.991    31.8314    23.8372 -9.990e-29
 242.628414      2.010  38.086139    13.5175    6.73728      1.993    31.8316    23.8374 -9.990e-29
 242.628420      2.021  38.085845    13.5172    6.73977      2.004    31.8316    23.8375 -9.990e-29
 242.628426      2.043  38.085743    13.5169    6.73313      2.026    31.8317    23.8377 -9.990e-29
 242.628432      2.068  38.085684    13.5165    6.71923      2.051    31.8320    23.8379 -9.990e-29
 242.628437      2.082  38.085581    13.5158    6.72715      2.065    31.8325    23.8385 -9.990e-29
 242.628443      2.082  38.085283    13.5153    6.75114      2.065    31.8326    23.8387 -9.990e-29
 242.628449      2.073  38.084945    13.5149    6.74759      2.056    31.8327    23.8388 -9.990e-29
 242.628455      2.064  38.084666    13.5143    6.73424      2.047    31.8329    23.8391 -9.990e-29
 242.628461      2.056  38.084062    13.5139    6.73140      2.039    31.8327    23.8390 -9.990e-29
 242.628466      2.050  38.083440    13.5136    6.72878      2.033    31.8323    23.8388 -9.990e-29
 242.628472      2.051  38.083082    13.5128    6.72922      2.034    31.8327    23.8392 -9.990e-29
 242.628478      2.061  38.082498    13.5120    6.73966      2.044    31.8328    23.8395 -9.990e-29
 242.628484      2.074  38.082023    13.5120    6.75303      2.057    31.8324    23.8391 -9.990e-29
 242.628490      2.078  38.082131    13.5128    6.74685      2.061    31.8318    23.8385 -9.990e-29
 242.628495      2.071  38.082395    13.5135    6.73750      2.054    31.8314    23.8381 -9.990e-29
 242.628501      2.068  38.082595    13.5143    6.72158      2.051    31.8310    23.8376 -9.990e-29
 242.628507      2.076  38.082989    13.5158    6.72623      2.059    31.8301    23.8366 -9.990e-29
 242.628513      2.092  38.084090    13.5178    6.73975      2.075    31.8294    23.8357 -9.990e-29
 242.628519      2.107  38.085673    13.5188    6.74683      2.089    31.8301    23.8360 -9.990e-29
 242.628524      2.115  38.086474    13.5189    6.73260      2.097    31.8307    23.8365 -9.990e-29
 242.628530      2.112  38.086430    13.5189    6.72338      2.094    31.8307    23.8364 -9.990e-29
 242.628536      2.101  38.086593    13.5192    6.72054      2.083    31.8306    23.8363 -9.990e-29
 242.628542      2.091  38.087170    13.5195    6.72902      2.074    31.8309    23.8365 -9.990e-29
 242.628547      2.085  38.087797    13.5198    6.73357      2.068    31.8312    23.8367 -9.990e-29
 242.628553      2.083  38.088179    13.5198    6.72147      2.066    31.8316    23.8370 -9.990e-29
 242.628559      2.084  38.088254    13.5196    6.71196      2.067    31.8318    23.8372 -9.990e-29
 242.628565      2.094  38.088109    13.5197    6.71903      2.077    31.8316    23.8370 -9.990e-29
 242.628571      2.116  38.087542    13.5199    6.72748      2.098    31.8309    23.8364 -9.990e-29
 242.628576      2.148  38.086909    13.5201    6.73490      2.130    31.8301    23.8358 -9.990e-29
 242.628582      2.184  38.086852    13.5204    6.74035      2.166    31.8298    23.8355 -9.990e-29
 242.628588      2.213  38.087287    13.5210    6.72426      2.195    31.8297    23.8353 -9.990e-29
 242.628594      2.228  38.088037    13.5218    6.73243      2.209    31.8297    23.8351 -9.990e-29
 242.628600      2.240  38.088972    13.5229    6.74399      2.221    31.8297    23.8349 -9.990e-29
 242.628605      2.256  38.090025    13.5245    6.74801      2.237    31.8293    23.8343 -9.990e-29
 242.628611      2.274  38.091475    13.5263    6.72934      2.255    31.8291    23.8338 -9.990e-29
 242.628617      2.291  38.093004    13.5272    6.71749      2.272    31.8298    23.8341 -9.990e-29
 242.628623      2.303  38.093841    13.5274    6.71815      2.284    31.8304    23.8345 -9.990e-29
 242.628628      2.307  38.093975    13.5275    6.72361      2.288    31.8305    23.8346 -9.990e-29
 242.628634      2.308  38.093580    13.5277    6.73841      2.289    31.8299    23.8341 -9.990e-29
 242.628640      2.310  38.093243    13.5285    6.72229      2.291    31.8289    23.8332 -9.990e-29
 242.628646      2.313  38.093632    13.5293    6.70744      2.294    31.8286    23.8328 -9.990e-29
 242.628652      2.317  38.094140    13.5299    6.70206      2.298    31.8286    23.8326 -9.990e-29
 242.628657      2.327  38.094314    13.5304    6.72298      2.308    31.8284    23.8323 -9.990e-29
 242.628663      2.348  38.094384    13.5306    6.74393      2.328    31.8282    23.8322 -9.990e-29
 242.628669      2.372  38.094437    13.5306    6.73913      2.352    31.8283    23.8323 -9.990e-29
 242.628675      2.388  38.094539    13.5307    6.72309      2.368    31.8283    23.8322 -9.990e-29
 242.628681      2.393  38.094819    13.5312    6.69940      2.373    31.8281    23.8320 -9.990e-29
 242.628686      2.392  38.095083    13.5318    6.71166      2.372    31.8279    23.8317 -9.990e-29
 242.628692      2.392  38.095117    13.5325    6.74499      2.372    31.8273    23.8311 -9.990e-29
 242.628698      2.399  38.095520    13.5334    6.73538      2.379    31.8269    23.8307 -9.990e-29
 242.628704      2.404  38.096265    13.5337    6.71590      2.384    31.8274    23.8309 -9.990e-29
 242.628709      2.395  38.096654    13.5334    6.71247      2.375    31.8280    23.8315 -9.990e-29
 242.628715      2.375  38.096642    13.5331    6.70860      2.355    31.8282    23.8317 -9.990e-29
 242.628721      2.361  38.096207    13.5333    6.72671      2.341    31.8277    23.8313 -9.990e-29
 242.628727      2.363  38.095884    13.5337    6.73292      2.343    31.8270    23.8307 -9.990e-29
 242.628733      2.379  38.096360    13.5339    6.72381      2.359    31.8273    23.8309 -9.990e-29
 242.628738      2.391  38.097142    13.5336    6.71767      2.371    31.8283    23.8317 -9.990e-29
 242.628744      2.393  38.097584    13.5334    6.71915      2.373    31.8289    23.8321 -9.990e-29
 242.628750      2.388  38.097709    13.5335    6.73751      2.368    31.8289    23.8322 -9.990e-29
 242.628756      2.384  38.097677    13.5338    6.73402      2.364    31.8286    23.8319 -9.990e-29
 242.628762      2.387  38.097440    13.5343    6.71517      2.367    31.8280    23.8313 -9.990e-29
 242.628767      2.395  38.097238    13.5348    6.70526      2.375    31.8274    23.8307 -9.990e-29
 242.628773      2.409  38.097358    13.5353    6.68658      2.389    31.8271    23.8304 -9.990e-29
 242.628779      2.431  38.097391    13.5348    6.72938      2.411    31.8275    23.8308 -9.990e-29
 242.628785      2.458  38.096816    13.5332    6.74114      2.437    31.8283    23.8317 -9.990e-29
 242.628791      2.478  38.095981    13.5317    6.72766      2.457    31.8288    23.8324 -9.990e-29
 242.628796      2.479  38.095451    13.5307    6.71771      2.458    31.8291    23.8329 -9.990e-29
 242.628802      2.467  38.095070    13.5302    6.69051      2.446    31.8292    23.8330 -9.990e-29
 242.628808      2.457  38.094888    13.5304    6.70120      2.436    31.8288    23.8327 -9.990e-29
 242.628814      2.458  38.095217    13.5315    6.72673      2.437    31.8282    23.8320 -9.990e-29
 242.628819      2.464  38.095930    13.5319    6.72970      2.443    31.8286    23.8322 -9.990e-29
 242.628825      2.469  38.096288    13.5301    6.71655      2.448    31.8304    23.8340 -9.990e-29
 242.628831      2.468  38.095642    13.5271    6.69912      2.447    31.8323    23.8360 -9.990e-29
 242.628837      2.465  38.094248    13.5250    6.68270      2.444    31.8327    23.8368 -9.990e-29
 242.628843      2.469  38.093043    13.5241    6.70222      2.448    31.8324    23.8367 -9.990e-29
 242.628848      2.480  38.092660    13.5235    6.73437      2.459    31.8325    23.8369 -9.990e-29
 242.628854      2.490  38.092581    13.5227    6.73325      2.469    31.8331    23.8376 -9.990e-29
 242.628860      2.495  38.092131    13.5215    6.72186      2.474    31.8337    23.8382 -9.990e-29
 242.628866      2.496  38.091268    13.5203    6.71545      2.475    31.8339    23.8386 -9.990e-29
 242.628872      2.497  38.090518    13.5198    6.68829      2.476    31.8336    23.8385 -9.990e-29
 242.628877      2.507  38.089997    13.5194    6.71506      2.486    31.8334    23.8385 -9.990e-29
 242.628883      2.522  38.089565    13.5192    6.73977      2.501    31.8332    23.8383 -9.990e-29
 242.628889      2.526  38.089759    13.5207    6.72611      2.505    31.8321    23.8372 -9.990e-29
 242.628895      2.510  38.090834    13.5241    6.71529      2.489    31.8303    23.8351 -9.990e-29
 242.628900      2.478  38.092532    13.5270    6.69784      2.457    31.8295    23.8339 -9.990e-29
 242.628906      2.445  38.093749    13.5279    6.66475      2.425    31.8299    23.8340 -9.990e-29
 242.628912      2.430  38.093859    13.5273    6.71379      2.410    31.8305    23.8346 -9.990e-29
 242.628918      2.437  38.093568    13.5261    6.73669      2.417    31.8312    23.8354 -9.990e-29
 242.628924      2.448  38.093043    13.5256    6.71748      2.428    31.8311    23.8355 -9.990e-29
 242.628929      2.444  38.092697    13.5264    6.70990      2.424    31.8301    23.8345 -9.990e-29
 242.628935      2.423  38.092622    13.5273    6.68338      2.403    31.8293    23.8337 -9.990e-29
 242.628941      2.407  38.092154    13.5267    6.68523      2.387    31.8294    23.8339 -9.990e-29
 242.628947      2.410  38.091785    13.5252    6.71579      2.390    31.8303    23.8349 -9.990e-29
 242.628953      2.430  38.092140    13.5246    6.72924      2.410    31.8311    23.8357 -9.990e-29
 242.628958      2.445  38.092565    13.5250    6.72113      2.425    31.8312    23.8356 -9.990e-29
 242.628964      2.440  38.091938    13.5255    6.71408      2.420    31.8302    23.8347 -9.990e-29
 242.628970      2.423  38.089976    13.5261    6.71801      2.403    31.8279    23.8328 -9.990e-29
 242.628976      2.419  38.086301    13.5264    6.71656      2.399    31.8242    23.8299 -9.990e-29
 242.628981      2.435  38.084421    13.5261    6.72481      2.415    31.8227    23.8288 -9.990e-29
 242.628987      2.465  38.087432    13.5254    6.71647      2.444    31.8261    23.8316 -9.990e-29
 242.628993      2.497  38.090371    13.5254    6.71153      2.476    31.8288    23.8337 -9.990e-29
 242.628999      2.520  38.090979    13.5260    6.70759      2.499    31.8288    23.8336 -9.990e-29
 242.629005      2.536  38.091184    13.5262    6.70507      2.515    31.8289    23.8336 -9.990e-29
 242.629010      2.551  38.091251    13.5253    6.71859      2.530    31.8297    23.8344 -9.990e-29
