data/oxygen options/OCNMS/OCNMS2/raw_data/2005/CTD_CA20_060705faed.cnv
* Sea-Bird SBE19 Data File:
* FileName = C:\hypoxia CTD data\CA20_060705.hex
* Software Version 1.1.5
* Temperature SN = 2997
* Conductivity SN = 2997
* System UpLoad Time = Jun 07 2005 15:45:52
* SEACAT PROFILER V3.1c SN 2997   06/07/05  15:44:53.295
* strain gauge pressure sensor: S/N = 184829,  range = 3000 psia,  tc = 40
# nquan = 9                                 
# nvalues = 759                         
# units = specified
# name 0 = timeJ: Julian Days
# name 1 = prSM: Pressure, Strain Gauge [db]
# name 2 = c0mS/cm: Conductivity [mS/cm]
# name 3 = t090C: Temperature [ITS-90, deg C]
# name 4 = oxML/L: Oxygen, Beckman/YSI [ml/l]
# name 5 = depSM: Depth [salt water, m], lat = 47.5
# name 6 = sal00: Salinity, Practical [PSU]
# name 7 = sigma-é00: Density [sigma-theta, kg/m^3]
# name 8 = flag: flag
# span 0 = 158.630764, 158.635150       
# span 1 =     -3.312,     20.195       
# span 2 =   0.237255,  37.281805       
# span 3 =    10.9107,    13.7378       
# span 4 =   -0.12336,   26.81664       
# span 5 =     -3.284,     20.025       
# span 6 =     0.1488,    32.0328       
# span 7 =    -0.4807,    24.4777       
# span 8 = 0.0000e+00, 0.0000e+00       
# interval = seconds: 0.5
# start_time = Jun 07 2005 15:08:18 [Instrument's time stamp, header]
# bad_flag = -9.990e-29
*END*
 158.630764     -3.312 -9.990e-29    12.8062   -0.12322     -3.284 -9.990e-29 -9.990e-29 -9.990e-29
 158.630770     -3.302   0.237255    12.8066   -0.12322     -3.274     0.1488    -0.4807 -9.990e-29
 158.630775     -3.290   0.238288    12.8072   -0.12322     -3.263     0.1494    -0.4803 -9.990e-29
 158.630781     -3.273   0.239540    12.8074   -0.12322     -3.246     0.1502    -0.4797 -9.990e-29
 158.630787     -3.252   0.240462    12.8070   -0.12322     -3.225     0.1508    -0.4792 -9.990e-29
 158.630793     -3.229   0.240806    12.8064   -0.12321     -3.202     0.1510    -0.4789 -9.990e-29
 158.630799     -3.212   0.241029    12.8059   -0.12322     -3.185     0.1512    -0.4787 -9.990e-29
 158.630804     -3.203   0.242167    12.8054   -0.12322     -3.176     0.1519    -0.4781 -9.990e-29
 158.630810     -3.198   0.245186    12.8049   -0.12322     -3.171     0.1538    -0.4765 -9.990e-29
 158.630816     -3.187   0.249860    12.8045   -0.12322     -3.160     0.1568    -0.4742 -9.990e-29
 158.630822     -3.171   0.254661    12.8043   -0.12322     -3.145     0.1599    -0.4718 -9.990e-29
 158.630828     -3.152   0.258226    12.8042   -0.12322     -3.126     0.1621    -0.4700 -9.990e-29
 158.630833     -3.129   0.260321    12.8042   -0.12322     -3.103     0.1635    -0.4689 -9.990e-29
 158.630839     -3.105   0.261521    12.8043   -0.12323     -3.079     0.1642    -0.4683 -9.990e-29
 158.630845     -3.083   0.262872    12.8043   -0.12323     -3.057     0.1651    -0.4677 -9.990e-29
 158.630851     -3.061   0.265066    12.8042   -0.12324     -3.035     0.1665    -0.4666 -9.990e-29
 158.630856     -3.038   0.267149    12.8042   -0.12325     -3.013     0.1678    -0.4655 -9.990e-29
 158.630862     -3.012   0.267462    12.8042   -0.12324     -2.987     0.1680    -0.4654 -9.990e-29
 158.630868     -2.983   0.265869    12.8041   -0.12324     -2.958     0.1670    -0.4661 -9.990e-29
 158.630874     -2.947   0.264128    12.8039   -0.12325     -2.922     0.1659    -0.4670 -9.990e-29
 158.630880     -2.907   0.264354    12.8036   -0.12326     -2.883     0.1661    -0.4668 -9.990e-29
 158.630885     -2.869   0.266848    12.8031   -0.12326     -2.845     0.1677    -0.4655 -9.990e-29
 158.630891     -2.835   0.269392    12.8023   -0.12326     -2.811     0.1693    -0.4642 -9.990e-29
 158.630897     -2.802   0.269280    12.8014   -0.12328     -2.779     0.1692    -0.4641 -9.990e-29
 158.630903     -2.769   0.266363    12.8004   -0.12328     -2.746     0.1674    -0.4654 -9.990e-29
 158.630909     -2.733   0.263403    12.7996   -0.12328     -2.710     0.1655    -0.4668 -9.990e-29
 158.630914     -2.697   0.263110    12.7990   -0.12329     -2.675     0.1653    -0.4669 -9.990e-29
 158.630920     -2.666   0.265647    12.7984   -0.12332     -2.644     0.1669    -0.4655 -9.990e-29
 158.630926     -2.639   0.268298    12.7972   -0.12331     -2.617     0.1686    -0.4640 -9.990e-29
 158.630932     -2.609   0.268501    12.7955   -0.12329     -2.587     0.1687    -0.4637 -9.990e-29
 158.630937     -2.580   0.267080    12.7941   -0.12330     -2.558     0.1678    -0.4643 -9.990e-29
 158.630943     -2.553   0.266024    12.7930   -0.12332     -2.532     0.1672    -0.4646 -9.990e-29
 158.630949     -2.527   0.265032    12.7917   -0.12332     -2.506     0.1665    -0.4650 -9.990e-29
 158.630955     -2.504   0.262783    12.7903   -0.12333     -2.483     0.1651    -0.4659 -9.990e-29
 158.630961     -2.487   0.259606    12.7887   -0.12335     -2.466     0.1631    -0.4673 -9.990e-29
 158.630966     -2.472   0.256255    12.7863   -0.12334     -2.451     0.1610    -0.4687 -9.990e-29
 158.630972     -2.452   0.253807    12.7838   -0.12335     -2.432     0.1594    -0.4696 -9.990e-29
 158.630978     -2.430   0.253435    12.7827   -0.12335     -2.410     0.1592    -0.4696 -9.990e-29
 158.630984     -2.410   0.255754    12.7820   -0.12335     -2.390     0.1607    -0.4684 -9.990e-29
 158.630990     -2.390   0.262747    12.7790   -0.12336     -2.370     0.1651    -0.4645 -9.990e-29
 158.630995     -2.373   0.274868    12.7736   -0.12335     -2.353     0.1729    -0.4577 -9.990e-29
 158.631001     -2.363   0.289427    12.7681   -0.12335     -2.343     0.1823    -0.4498 -9.990e-29
 158.631007     -2.345   0.305320    12.7640   -0.12334     -2.325     0.1925    -0.4413 -9.990e-29
 158.631013     -2.307   0.321561    12.7612   -0.12329     -2.288     0.2030    -0.4327 -9.990e-29
 158.631019     -2.262   0.334852    12.7595   -0.10413     -2.243     0.2116    -0.4258 -9.990e-29
 158.631024     -2.221   0.343509    12.7590   -0.09992     -2.202     0.2172    -0.4214 -9.990e-29
 158.631030     -2.172   0.347431    12.7593   -0.09959     -2.154     0.2197    -0.4194 -9.990e-29
 158.631036     -2.116   0.348521    12.7598   -0.09951     -2.098     0.2205    -0.4189 -9.990e-29
 158.631042     -2.060   0.354886    12.7611   -0.09957     -2.043     0.2246    -0.4159 -9.990e-29
 158.631047     -1.998   0.383885    12.7654   -0.09965     -1.981     0.2434    -0.4017 -9.990e-29
 158.631053     -1.932   0.475294    12.7767   -0.09963     -1.916     0.3032    -0.3565 -9.990e-29
 158.631059     -1.861   0.748774    12.8080   -0.09959     -1.845     0.4851    -0.2187 -9.990e-29
 158.631065     -1.781   1.572847    12.8999   -0.09956     -1.766     1.0509     0.2096 -9.990e-29
 158.631071     -1.687   4.052930    13.1012   -0.09953     -1.673     2.8422     1.5710 -9.990e-29
 158.631076     -1.572  11.463641    13.3606   -0.09952     -1.559     8.6008     5.9738 -9.990e-29
 158.631082     -1.439  23.139638    13.5535   -0.09952     -1.427    18.3573    13.4456 -9.990e-29
 158.631088     -1.291  31.896482    13.6448   -0.09953     -1.280    26.0628    19.3608 -9.990e-29
 158.631094     -1.133  35.399771    13.6734   -0.09951     -1.124    29.2284    21.7964 -9.990e-29
 158.631100     -0.978  36.548654    13.6747   -0.09952     -0.970    30.2824    22.6095 -9.990e-29
 158.631105     -0.844  36.906971    13.6743   -0.09953     -0.837    30.6127    22.8646 -9.990e-29
 158.631111     -0.734  37.022602    13.6792   -0.09952     -0.728    30.7154    22.9429 -9.990e-29
 158.631117     -0.646  37.075536    13.6854   -0.09952     -0.641    30.7592    22.9755 -9.990e-29
 158.631123     -0.573  37.110577    13.6906   -0.09957     -0.568    30.7873    22.9961 -9.990e-29
 158.631128     -0.513  37.139696    13.6942   -0.09959     -0.509    30.8112    23.0139 -9.990e-29
 158.631134     -0.460  37.162485    13.6964   -0.09957     -0.456    30.8305    23.0283 -9.990e-29
 158.631140     -0.411  37.175144    13.6977   -0.09959     -0.408    30.8411    23.0363 -9.990e-29
 158.631146     -0.368  37.176066    13.6980   -0.09961     -0.365    30.8417    23.0367 -9.990e-29
 158.631152     -0.332  37.173792    13.6974   -0.09959     -0.329    30.8400    23.0355 -9.990e-29
 158.631157     -0.301  37.177089    13.6960   -0.09956     -0.298    30.8442    23.0390 -9.990e-29
 158.631163     -0.277  37.180283    13.6941   -0.09953     -0.275    30.8487    23.0428 -9.990e-29
 158.631169     -0.258  37.181484    13.6922   -0.09952     -0.256    30.8513    23.0452 -9.990e-29
 158.631175     -0.234  37.181191    13.6906   -0.09957     -0.232    30.8523    23.0463 -9.990e-29
 158.631181     -0.205  37.167261    13.6893   -0.09957     -0.203    30.8405    23.0375 -9.990e-29
 158.631186     -0.177  37.137967    13.6882   -0.09962     -0.176    30.8143    23.0175 -9.990e-29
 158.631192     -0.152  37.116522    13.6875   -0.09958     -0.151    30.7951    23.0028 -9.990e-29
 158.631198     -0.134  37.109686    13.6869   -0.09954     -0.133    30.7893    22.9984 -9.990e-29
 158.631204     -0.124  37.101634    13.6864   -0.09952     -0.123    30.7822    22.9931 -9.990e-29
 158.631209     -0.119  37.098475    13.6870   -0.09954     -0.118    30.7788    22.9904 -9.990e-29
 158.631215     -0.109  37.115650    13.6894   -0.09952     -0.108    30.7928    23.0006 -9.990e-29
 158.631221     -0.086  37.144115    13.6925   -0.09951     -0.085    30.8165    23.0183 -9.990e-29
 158.631227     -0.047  37.162961    13.6941   -0.09952     -0.047    30.8326    23.0304 -9.990e-29
 158.631233     -0.004  37.157520    13.6912   -0.09954     -0.004    30.8299    23.0289 -9.990e-29
 158.631238      0.034  37.134017    13.6856   -0.09959      0.034    30.8127    23.0168 -9.990e-29
 158.631244      0.062  37.119462    13.6843   -0.09967      0.061    30.8003    23.0075 -9.990e-29
 158.631250      0.075  37.128119    13.6888   -0.09959      0.074    30.8047    23.0099 -9.990e-29
 158.631256      0.079  37.151361    13.6938   -0.09953      0.078    30.8221    23.0224 -9.990e-29
 158.631262      0.080  37.171409    13.6968   -0.09954      0.079    30.8382    23.0342 -9.990e-29
 158.631267      0.080  37.175758    13.6980   -0.09955      0.079    30.8412    23.0363 -9.990e-29
 158.631273      0.089  37.173036    13.6981   -0.09960      0.088    30.8386    23.0343 -9.990e-29
 158.631279      0.108  37.178703    13.6968   -0.09961      0.107    30.8449    23.0394 -9.990e-29
 158.631285      0.128  37.183514    13.6904   -0.09958      0.127    30.8545    23.0481 -9.990e-29
 158.631291      0.143  37.173154    13.6766   -0.09957      0.142    30.8560    23.0520 -9.990e-29
 158.631296      0.145  37.158505    13.6658   -0.09956      0.144    30.8512    23.0505 -9.990e-29
 158.631302      0.139  37.153147    13.6699   -0.09956      0.138    30.8429    23.0433 -9.990e-29
 158.631308      0.140  37.157805    13.6818   -0.09956      0.139    30.8377    23.0368 -9.990e-29
 158.631314      0.159  37.168055    13.6895   -0.09956      0.158    30.8409    23.0378 -9.990e-29
 158.631319      0.191  37.171227    13.6887   -0.09957      0.189    30.8445    23.0407 -9.990e-29
 158.631325      0.226  37.160921    13.6812   -0.09956      0.224    30.8410    23.0395 -9.990e-29
 158.631331      0.254  37.149777    13.6765   -0.09959      0.252    30.8345    23.0354 -9.990e-29
 158.631337      0.275  37.147073    13.6804   -0.09962      0.273    30.8288    23.0303 -9.990e-29
 158.631343      0.297  37.148662    13.6869   -0.09954      0.295    30.8251    23.0261 -9.990e-29
 158.631348      0.316  37.146588    13.6910   -0.09950      0.313    30.8198    23.0212 -9.990e-29
 158.631354      0.332  37.140915    13.6937   -0.09953      0.329    30.8124    23.0150 -9.990e-29
 158.631360      0.352  37.137559    13.6957   -0.09955      0.349    30.8077    23.0109 -9.990e-29
 158.631366      0.372  37.134874    13.6959   -0.09962      0.369    30.8051    23.0089 -9.990e-29
 158.631372      0.389  37.130983    13.6947   -0.09968      0.386    30.8024    23.0071 -9.990e-29
 158.631377      0.405  37.129133    13.6916   -0.09963      0.402    30.8032    23.0083 -9.990e-29
 158.631383      0.416  37.128000    13.6848   -0.09956      0.413    30.8076    23.0130 -9.990e-29
 158.631389      0.419  37.127218    13.6810   -0.09955      0.416    30.8100    23.0156 -9.990e-29
 158.631395      0.422  37.133615    13.6866   -0.09956      0.418    30.8114    23.0156 -9.990e-29
 158.631400      0.439  37.152938    13.6948   -0.09967      0.435    30.8226    23.0226 -9.990e-29
 158.631406      0.470  37.177324    13.6960   -0.09973      0.466    30.8441    23.0390 -9.990e-29
 158.631412      0.505  37.184913    13.6863   -0.09976      0.501    30.8589    23.0523 -9.990e-29
 158.631418      0.528  37.173510    13.6691   -0.09974      0.524    30.8622    23.0583 -9.990e-29
 158.631424      0.533  37.163261    13.6581   -0.09973      0.529    30.8616    23.0601 -9.990e-29
 158.631429      0.528  37.160151    13.6628   -0.09973      0.524    30.8550    23.0540 -9.990e-29
 158.631435      0.527  37.161172    13.6752   -0.09972      0.523    30.8459    23.0445 -9.990e-29
 158.631441      0.533  37.165462    13.6809   -0.09973      0.529    30.8453    23.0429 -9.990e-29
 158.631447      0.546  37.165869    13.6708   -0.09968      0.541    30.8538    23.0515 -9.990e-29
 158.631453      0.564  37.159595    13.6472   -0.09964      0.559    30.8670    23.0664 -9.990e-29
 158.631458      0.578  37.153439    13.6237   -0.09961      0.573    30.8803    23.0813 -9.990e-29
 158.631464      0.590  37.149870    13.6109   -0.09959      0.585    30.8873    23.0893 -9.990e-29
 158.631470      0.609  37.147508    13.6084   -0.09958      0.604    30.8871    23.0897 -9.990e-29
 158.631476      0.636  37.146589    13.6111   -0.09963      0.631    30.8841    23.0868 -9.990e-29
 158.631481      0.664  37.146466    13.6151   -0.09973      0.658    30.8808    23.0834 -9.990e-29
 158.631487      0.687  37.145873    13.6189   -0.09979      0.681    30.8771    23.0798 -9.990e-29
 158.631493      0.702  37.144592    13.6253   -0.09976      0.696    30.8708    23.0737 -9.990e-29
 158.631499      0.714  37.143173    13.6382   -0.09965      0.708    30.8591    23.0620 -9.990e-29
 158.631505      0.728  37.141987    13.6540   -0.09963      0.722    30.8452    23.0482 -9.990e-29
 158.631510      0.744  37.141150    13.6663   15.54662      0.738    30.8345    23.0375 -9.990e-29
 158.631516      0.765  37.140681    13.6728   25.44933      0.759    30.8289    23.0318 -9.990e-29
 158.631522      0.791  37.140530    13.6690   26.81664      0.784    30.8318    23.0348 -9.990e-29
 158.631528      0.820  37.141070    13.6503   23.41050      0.813    30.8473    23.0506 -9.990e-29
 158.631534      0.844  37.143594    13.6249   15.07541      0.837    30.8701    23.0732 -9.990e-29
 158.631539      0.866  37.146992    13.6111   12.18944      0.859    30.8844    23.0870 -9.990e-29
 158.631545      0.891  37.148513    13.6186   12.20043      0.884    30.8797    23.0819 -9.990e-29
 158.631551      0.917  37.149068    13.6369   12.17818      0.909    30.8655    23.0673 -9.990e-29
 158.631557      0.936  37.151648    13.6477   12.17513      0.928    30.8591    23.0602 -9.990e-29
 158.631563      0.946  37.160264    13.6559   12.17157      0.938    30.8605    23.0596 -9.990e-29
 158.631568      0.947  37.185300    13.6744   12.16818      0.939    30.8687    23.0623 -9.990e-29
 158.631574      0.944  37.222577    13.6931   12.16559      0.936    30.8880    23.0735 -9.990e-29
 158.631580      0.948  37.248343    13.7027   12.16528      0.940    30.9040    23.0839 -9.990e-29
 158.631586      0.965  37.257711    13.7069   12.15976      0.957    30.9093    23.0871 -9.990e-29
 158.631591      0.983  37.260945    13.7086   12.15743      0.975    30.9109    23.0880 -9.990e-29
 158.631597      0.991  37.262366    13.7093   12.15999      0.983    30.9116    23.0885 -9.990e-29
 158.631603      0.984  37.263319    13.7100   10.17014      0.976    30.9120    23.0886 -9.990e-29
 158.631609      0.966  37.263965    13.7109    6.85989      0.958    30.9118    23.0883 -9.990e-29
 158.631615      0.945  37.264616    13.7121    5.03957      0.937    30.9115    23.0878 -9.990e-29
 158.631620      0.928  37.265592    13.7135    4.52446      0.920    30.9113    23.0873 -9.990e-29
 158.631626      0.922  37.266525    13.7146    5.44562      0.914    30.9112    23.0871 -9.990e-29
 158.631632      0.932  37.266988    13.7156    6.59441      0.924    30.9108    23.0866 -9.990e-29
 158.631638      0.953  37.267608    13.7163    7.00491      0.945    30.9108    23.0864 -9.990e-29
 158.631644      0.978  37.268663    13.7164    7.22663      0.970    30.9117    23.0871 -9.990e-29
 158.631649      1.001  37.269328    13.7161    7.35927      0.993    30.9126    23.0878 -9.990e-29
 158.631655      1.018  37.269379    13.7155    7.43323      1.010    30.9131    23.0884 -9.990e-29
 158.631661      1.031  37.268896    13.7145    7.45560      1.022    30.9135    23.0888 -9.990e-29
 158.631667      1.041  37.267806    13.7136    7.45477      1.032    30.9132    23.0888 -9.990e-29
 158.631672      1.052  37.266350    13.7128    7.45655      1.043    30.9125    23.0884 -9.990e-29
 158.631678      1.074  37.265400    13.7117    7.46890      1.065    30.9125    23.0886 -9.990e-29
 158.631684      1.113  37.264824    13.7108    7.48542      1.104    30.9127    23.0889 -9.990e-29
