data/oxygen options/OCNMS/OCNMS2/raw_data/2005/CTD_TH30_052405faed.cnv
* Sea-Bird SBE19 Data File:
* FileName = C:\Documents and Settings\kirner.PTANGELES\Desktop\hypoxia CTD data\TH35_052405.hex
* Software Version 1.1.5
* Temperature SN = 2997
* Conductivity SN = 2997
* System UpLoad Time = May 24 2005 18:28:48
* SEACAT PROFILER V3.1c SN 2997   05/24/05  18:27:43.407
* strain gauge pressure sensor: S/N = 184829,  range = 3000 psia,  tc = 40
# nquan = 9                                 
# nvalues = 988                         
# units = specified
# name 0 = timeJ: Julian Days
# name 1 = prSM: Pressure, Strain Gauge [db]
# name 2 = c0mS/cm: Conductivity [mS/cm]
# name 3 = t090C: Temperature [ITS-90, deg C]
# name 4 = oxML/L: Oxygen, Beckman/YSI [ml/l]
# name 5 = depSM: Depth [salt water, m], lat = 47.5
# name 6 = sal00: Salinity, Practical [PSU]
# name 7 = sigma-é00: Density [sigma-theta, kg/m^3]
# name 8 = flag: flag
# span 0 = 144.743148, 144.748860       
# span 1 =     -3.334,     30.753       
# span 2 =   0.211442,  35.927175       
# span 3 =    11.5027,    13.5853       
# span 4 =  -12.60396,   27.68869       
# span 5 =     -3.306,     30.494       
# span 6 =     0.1318,    31.4560       
# span 7 =    -0.5213,    23.9290       
# span 8 = 0.0000e+00, 0.0000e+00       
# interval = seconds: 0.5
# start_time = May 24 2005 17:50:08 [Instrument's time stamp, header]
# bad_flag = -9.990e-29
*END*
[from data line 321]
 144.745006      2.961  28.320946    13.4165    6.78539      2.936    22.9955    17.0399 -9.990e-29
 144.745012      2.968  28.255148    13.4147    6.77130      2.943    22.9377    16.9958 -9.990e-29
 144.745017      2.979  28.189637    13.4131    6.75292      2.954    22.8802    16.9518 -9.990e-29
 144.745023      2.987  28.155767    13.4106    6.75346      2.962    22.8514    16.9301 -9.990e-29
 144.745029      2.988  28.110626    13.4075    6.77245      2.963    22.8129    16.9010 -9.990e-29
 144.745035      2.986  28.041059    13.4052    6.78506      2.961    22.7522    16.8546 -9.990e-29
 144.745041      2.985  27.978049    13.4030    6.77912      2.960    22.6973    16.8127 -9.990e-29
 144.745046      2.982  27.917092    13.3999    6.75236      2.957    22.6447    16.7727 -9.990e-29
 144.745052      2.971  27.855295    13.3969    6.68598      2.946    22.5913    16.7322 -9.990e-29
 144.745058      2.956  27.800964    13.3958    6.68312      2.931    22.5435    16.6955 -9.990e-29
 144.745064      2.945  27.765640    13.3972    6.69620      2.920    22.5112    16.6704 -9.990e-29
 144.745069      2.936  27.782288    13.4003    6.76874      2.911    22.5242    16.6799 -9.990e-29
 144.745075      2.922  27.849599    13.4030    6.75769      2.898    22.5827    16.7244 -9.990e-29
 144.745081      2.896  27.892733    13.4025    6.73105      2.872    22.6214    16.7544 -9.990e-29
 144.745087      2.862  27.852760    13.4001    6.68651      2.838    22.5872    16.7284 -9.990e-29
 144.745093      2.829  27.798435    13.4016    6.64481      2.805    22.5379    16.6902 -9.990e-29
 144.745098      2.814  27.852156    13.4113    6.64815      2.790    22.5801    16.7209 -9.990e-29
 144.745104      2.823  28.060367    13.4273    6.65837      2.799    22.7563    16.8538 -9.990e-29
 144.745110      2.849  28.421322    13.4379    6.66605      2.825    23.0723    17.0953 -9.990e-29
 144.745116      2.872  28.741604    13.4305    6.64374      2.848    23.3633    17.3207 -9.990e-29
 144.745122      2.875  28.702429    13.4116    6.65185      2.851    23.3397    17.3060 -9.990e-29
 144.745127      2.865  28.358536    13.4007    6.66739      2.841    23.0386    17.0760 -9.990e-29
 144.745133      2.857  28.129358    13.4061    6.68463      2.833    22.8306    16.9148 -9.990e-29
 144.745139      2.859  28.246262    13.4184    6.65723      2.835    22.9276    16.9873 -9.990e-29
 144.745145      2.867  28.502889    13.4262    6.59342      2.843    23.1523    17.1590 -9.990e-29
 144.745150      2.877  28.633939    13.4262    6.57016      2.853    23.2695    17.2493 -9.990e-29
 144.745156      2.890  28.584024    13.4226    6.56797      2.866    23.2270    17.2172 -9.990e-29
 144.745162      2.907  28.494889    13.4231    6.56240      2.883    23.1470    17.1555 -9.990e-29
 144.745168      2.929  28.519820    13.4296    6.56755      2.905    23.1654    17.1684 -9.990e-29
 144.745174      2.953  28.648951    13.4337    6.59000      2.928    23.2784    17.2548 -9.990e-29
 144.745179      2.971  28.736421    13.4286    6.63705      2.946    23.3598    17.3184 -9.990e-29
 144.745185      2.982  28.625608    13.4219    6.65044      2.957    23.2647    17.2463 -9.990e-29
 144.745191      2.989  28.447055    13.4285    6.64830      2.964    23.1010    17.1190 -9.990e-29
 144.745197      2.998  28.538293    13.4534    6.63881      2.973    23.1675    17.1657 -9.990e-29
 144.745203      3.010  29.008649    13.4823    6.61962      2.985    23.5705    17.4709 -9.990e-29
 144.745208      3.024  29.519339    13.4983    6.59093      2.999    24.0181    17.8128 -9.990e-29
 144.745214      3.037  29.727634    13.5067    6.57253      3.012    24.1996    17.9511 -9.990e-29
 144.745220      3.051  29.799285    13.5190    6.57790      3.026    24.2562    17.9924 -9.990e-29
 144.745226      3.070  29.978811    13.5283    6.60108      3.044    24.4114    18.1103 -9.990e-29
 144.745231      3.087  30.111287    13.5206    6.61023      3.061    24.5353    18.2072 -9.990e-29
 144.745237      3.096  29.925849    13.4993    6.61143      3.070    24.3823    18.0932 -9.990e-29
 144.745243      3.103  29.506806    13.4815    6.61070      3.077    24.0173    17.8153 -9.990e-29
 144.745249      3.124  29.198249    13.4734    6.59390      3.098    23.7458    17.6076 -9.990e-29
 144.745255      3.160  29.085526    13.4704    6.57963      3.134    23.6466    17.5317 -9.990e-29
 144.745260      3.199  29.027706    13.4687    6.48978      3.172    23.5959    17.4930 -9.990e-29
 144.745266      3.227  28.976317    13.4681    6.48345      3.200    23.5502    17.4579 -9.990e-29
 144.745272      3.234  28.965128    13.4681    6.52825      3.207    23.5402    17.4502 -9.990e-29
 144.745278      3.220  28.993158    13.4661    6.61011      3.193    23.5665    17.4708 -9.990e-29
 144.745284      3.196  28.991170    13.4612    6.63255      3.169    23.5678    17.4727 -9.990e-29
 144.745289      3.173  28.922353    13.4559    6.61798      3.146    23.5094    17.4287 -9.990e-29
 144.745295      3.156  28.835502    13.4551    6.55909      3.130    23.4322    17.3693 -9.990e-29
 144.745301      3.142  28.831516    13.4643    6.50071      3.116    23.4230    17.3606 -9.990e-29
 144.745307      3.136  29.018188    13.4868    6.49148      3.110    23.5762    17.4745 -9.990e-29
 144.745313      3.135  29.410348    13.5189    6.51339      3.109    23.9075    17.7238 -9.990e-29
 144.745318      3.129  30.016250    13.5435    6.50500      3.103    24.4353    18.1259 -9.990e-29
 144.745324      3.107  30.591906    13.5437    6.50328      3.081    24.9526    18.5244 -9.990e-29
 144.745330      3.074  30.600321    13.5209    6.50074      3.048    24.9751    18.5460 -9.990e-29
 144.745336      3.038  30.055565    13.4944    6.51369      3.013    24.5020    18.1864 -9.990e-29
 144.745341      3.016  29.526297    13.4833    6.54087      2.991    24.0337    17.8276 -9.990e-29
 144.745347      3.014  29.354157    13.4881    6.56038      2.989    23.8764    17.7055 -9.990e-29
 144.745353      3.023  29.450762    13.4953    6.52834      2.998    23.9585    17.7674 -9.990e-29
 144.745359      3.032  29.563547    13.4921    6.49019      3.007    24.0616    17.8475 -9.990e-29
 144.745365      3.037  29.488392    13.4813    6.43415      3.012    24.0010    17.8027 -9.990e-29
 144.745370      3.038  29.277978    13.4777    6.45245      3.013    23.8146    17.6598 -9.990e-29
 144.745376      3.039  29.216242    13.4870    6.51803      3.014    23.7535    17.6110 -9.990e-29
 144.745382      3.041  29.388306    13.4993    6.59103      3.016    23.9000    17.7216 -9.990e-29
 144.745388      3.034  29.553180    13.5023    6.56435      3.009    24.0459    17.8335 -9.990e-29
 144.745394      3.020  29.506767    13.4959    6.46213      2.995    24.0083    17.8057 -9.990e-29
 144.745399      3.004  29.337270    13.4912    6.39850      2.979    23.8593    17.6918 -9.990e-29
 144.745405      3.000  29.263908    13.4992    6.37022      2.975    23.7886    17.6358 -9.990e-29
 144.745411      3.015  29.473906    13.5208    6.38349      2.990    23.9633    17.7664 -9.990e-29
 144.745417      3.041  29.995238    13.5424    6.41498      3.016    24.4172    18.1121 -9.990e-29
 144.745422      3.064  30.563634    13.5497    6.39035      3.038    24.9233    18.5007 -9.990e-29
 144.745428      3.072  30.771359    13.5375    6.37801      3.046    25.1183    18.6532 -9.990e-29
 144.745434      3.065  30.408036    13.5106    6.35656      3.039    24.8086    18.4196 -9.990e-29
 144.745440      3.056  29.772862    13.4885    6.29176      3.030    24.2517    17.9946 -9.990e-29
 144.745446      3.057  29.551879    13.4833    6.30690      3.031    24.0567    17.8453 -9.990e-29
 144.745451      3.069  30.175683    13.4855    6.28145      3.043    24.6157    18.2756 -9.990e-29
 144.745457      3.078  31.188334    13.4877    6.29364      3.052    25.5274    18.9779 -9.990e-29
 144.745463      3.077  31.745957    13.4915    6.21117      3.051    26.0295    19.3642 -9.990e-29
 144.745469      3.071  31.699686    13.4950    6.23918      3.045    25.9852    19.3294 -9.990e-29
 144.745475      3.072  31.475826    13.4895    6.22727      3.046    25.7862    19.1771 -9.990e-29
 144.745480      3.092  31.498625    13.4743    6.23465      3.066    25.8171    19.2037 -9.990e-29
 144.745486      3.129  31.824798    13.4607    6.27870      3.103    26.1219    19.4413 -9.990e-29
 144.745492      3.167  32.069021    13.4549    6.28985      3.141    26.3475    19.6163 -9.990e-29
 144.745498      3.197  32.070054    13.4564    6.30660      3.170    26.3474    19.6160 -9.990e-29
 144.745503      3.217  31.896507    13.4617    6.31886      3.190    26.1862    19.4907 -9.990e-29
 144.745509      3.231  31.601028    13.4634    6.30356      3.204    25.9172    19.2829 -9.990e-29
 144.745515      3.249  31.418264    13.4619    6.30993      3.222    25.7527    19.1564 -9.990e-29
 144.745521      3.272  31.542659    13.4612    6.34097      3.245    25.8658    19.2437 -9.990e-29
 144.745527      3.293  31.739444    13.4604    6.39668      3.265    26.0446    19.3818 -9.990e-29
 144.745532      3.306  31.628922    13.4609    6.40613      3.278    25.9441    19.3042 -9.990e-29
 144.745538      3.306  31.337746    13.4625    6.40965      3.278    25.6794    19.0997 -9.990e-29
 144.745544      3.298  31.013316    13.4627    6.37747      3.270    25.3858    18.8734 -9.990e-29
 144.745550      3.289  30.689691    13.4620    6.36029      3.262    25.0941    18.6487 -9.990e-29
 144.745556      3.289  30.482662    13.4605    6.35257      3.262    24.9083    18.5058 -9.990e-29
 144.745561      3.296  30.267441    13.4584    6.36199      3.268    24.7157    18.3577 -9.990e-29
 144.745567      3.303  30.048316    13.4578    6.42670      3.275    24.5188    18.2061 -9.990e-29
 144.745573      3.305  29.971675    13.4589    6.45527      3.277    24.4492    18.1522 -9.990e-29
 144.745579      3.304  29.919093    13.4586    6.49199      3.276    24.4021    18.1160 -9.990e-29
 144.745584      3.299  29.729169    13.4567    6.45745      3.271    24.2326    17.9857 -9.990e-29
 144.745590      3.294  29.520540    13.4608    6.36779      3.266    24.0426    17.8386 -9.990e-29
 144.745596      3.296  29.542589    13.4803    6.34857      3.268    24.0501    17.8408 -9.990e-29
 144.745602      3.307  29.896403    13.5133    6.33952      3.279    24.3469    18.0633 -9.990e-29
 144.745608      3.319  30.422538    13.5420    6.40132      3.291    24.8013    18.4081 -9.990e-29
 144.745613      3.323  30.803125    13.5529    6.41781      3.295    25.1367    18.6646 -9.990e-29
 144.745619      3.315  30.888587    13.5463    6.42362      3.287    25.2180    18.7285 -9.990e-29
 144.745625      3.300  30.676356    13.5316    6.36544      3.272    25.0365    18.5913 -9.990e-29
 144.745631      3.285  30.310847    13.5220    6.32116      3.258    24.7137    18.3444 -9.990e-29
 144.745637      3.278  30.092825    13.5265    6.31654      3.251    24.5149    18.1903 -9.990e-29
 144.745642      3.281  30.208812    13.5416    6.33679      3.254    24.6094    18.2604 -9.990e-29
 144.745648      3.293  30.689100    13.5523    6.34851      3.265    25.0344    18.5859 -9.990e-29
 144.745654      3.299  31.193247    13.5554    6.37490      3.271    25.4867    18.9338 -9.990e-29
 144.745660      3.293  31.305030    13.5551    6.37027      3.265    25.5878    19.0118 -9.990e-29
 144.745666      3.281  31.025623    13.5504    6.36922      3.254    25.3389    18.8208 -9.990e-29
 144.745671      3.277  30.669275    13.5474    6.38601      3.250    25.0198    18.5755 -9.990e-29
 144.745677      3.285  30.605035    13.5512    6.37891      3.258    24.9595    18.5283 -9.990e-29
 144.745683      3.300  30.909155    13.5579    6.37644      3.272    25.2289    18.7347 -9.990e-29
 144.745689      3.314  31.330039    13.5645    6.37589      3.286    25.6041    19.0226 -9.990e-29
 144.745694      3.326  31.483237    13.5692    6.39480      3.298    25.7392    19.1259 -9.990e-29
 144.745700      3.334  31.269941    13.5678    6.38393      3.306    25.5476    18.9785 -9.990e-29
 144.745706      3.337  30.971033    13.5591    6.35254      3.309    25.2839    18.7768 -9.990e-29
 144.745712      3.333  30.772276    13.5484    6.36011      3.305    25.1119    18.6463 -9.990e-29
 144.745718      3.335  30.667460    13.5393    6.39106      3.307    25.0234    18.5798 -9.990e-29
 144.745723      3.348  30.587970    13.5304    6.44476      3.320    24.9577    18.5308 -9.990e-29
 144.745729      3.364  30.407648    13.5193    6.44584      3.336    24.8026    18.4133 -9.990e-29
 144.745735      3.376  30.129157    13.5068    6.37301      3.348    24.5601    18.2288 -9.990e-29
 144.745741      3.380  29.909358    13.4942    6.28078      3.352    24.3706    18.0852 -9.990e-29
 144.745747      3.380  29.824282    13.4828    6.24824      3.352    24.3014    18.0340 -9.990e-29
 144.745752      3.381  29.798017    13.4715    6.23413      3.353    24.2850    18.0234 -9.990e-29
 144.745758      3.382  29.813458    13.4616    6.30672      3.354    24.3052    18.0408 -9.990e-29
 144.745764      3.381  30.011601    13.4590    6.32819      3.353    24.4850    18.1798 -9.990e-29
 144.745770      3.367  30.252239    13.4627    6.34696      3.339    24.6992    18.3442 -9.990e-29
 144.745775      3.341  30.163378    13.4642    6.32600      3.313    24.6183    18.2816 -9.990e-29
 144.745781      3.313  29.728478    13.4604    6.30350      3.285    24.2296    17.9827 -9.990e-29
 144.745787      3.294  29.381387    13.4582    6.24877      3.266    23.9194    17.7441 -9.990e-29
 144.745793      3.288  29.660637    13.4631    6.22666      3.261    24.1669    17.9340 -9.990e-29
 144.745799      3.289  30.622683    13.4731    6.31206      3.262    25.0263    18.5944 -9.990e-29
 144.745804      3.286  31.596006    13.4895    6.33860      3.259    25.8949    19.2609 -9.990e-29
 144.745810      3.264  31.953020    13.5162    6.33822      3.237    26.2002    19.4911 -9.990e-29
 144.745816      3.227  31.698051    13.5463    6.32430      3.200    25.9488    19.2917 -9.990e-29
 144.745822      3.194  31.199877    13.5671    6.31569      3.167    25.4850    18.9303 -9.990e-29
 144.745828      3.180  30.897943    13.5759    6.32676      3.153    25.2070    18.7144 -9.990e-29
 144.745833      3.184  30.925818    13.5811    6.32893      3.157    25.2287    18.7302 -9.990e-29
 144.745839      3.198  31.061864    13.5853    6.34618      3.171    25.3485    18.8217 -9.990e-29
 144.745845      3.213  31.162569    13.5823    6.35635      3.186    25.4412    18.8937 -9.990e-29
 144.745851      3.223  31.203107    13.5717    6.36379      3.196    25.4848    18.9293 -9.990e-29
 144.745856      3.224  30.994951    13.5613    6.40769      3.197    25.3040    18.7919 -9.990e-29
 144.745862      3.220  30.653218    13.5584    6.39286      3.193    24.9982    18.5568 -9.990e-29
 144.745868      3.219  30.650458    13.5633    6.34832      3.192    24.9925    18.5515 -9.990e-29
 144.745874      3.226  30.944924    13.5689    6.29525      3.199    25.2539    18.7519 -9.990e-29
 144.745880      3.240  31.134932    13.5685    6.29370      3.213    25.4254    18.8841 -9.990e-29
 144.745885      3.264  31.089544    13.5600    6.29478      3.237    25.3902    18.8585 -9.990e-29
 144.745891      3.294  30.952717    13.5462    6.33991      3.266    25.2759    18.7731 -9.990e-29
 144.745897      3.320  30.820437    13.5340    6.38596      3.292    25.1647    18.6897 -9.990e-29
 144.745903      3.333  30.658610    13.5260    6.41571      3.305    25.0241    18.5828 -9.990e-29
 144.745909      3.336  30.435197    13.5162    6.42198      3.308    24.8294    18.4346 -9.990e-29
 144.745914      3.333  30.063487    13.5051    6.40416      3.305    24.5022    18.1845 -9.990e-29
 144.745920      3.336  29.679628    13.5013    6.39075      3.308    24.1599    17.9215 -9.990e-29
