data/oxygen options/OCNMS/OCNMS2/raw_data/2005/CTD_CE70_062105faed.cnv
* Sea-Bird SBE19 Data File:
* FileName = C:\hypoxia CTD data\CE70_062105.hex
* Software Version 1.1.5
* Temperature SN = 2997
* Conductivity SN = 2997
* System UpLoad Time = Jun 21 2005 16:34:25
* SEACAT PROFILER V3.1c SN 2997   06/21/05  16:34:01.489
* strain gauge pressure sensor: S/N = 184829,  range = 3000 psia,  tc = 40
# nquan = 9                                 
# nvalues = 704                         
# units = specified
# name 0 = timeJ: Julian Days
# name 1 = prSM: Pressure, Strain Gauge [db]
# name 2 = c0mS/cm: Conductivity [mS/cm]
# name 3 = t090C: Temperature [ITS-90, deg C]
# name 4 = oxML/L: Oxygen, Beckman/YSI [ml/l]
# name 5 = depSM: Depth [salt water, m], lat = 47.5
# name 6 = sal00: Salinity, Practical [PSU]
# name 7 = sigma-é00: Density [sigma-theta, kg/m^3]
# name 8 = flag: flag
# span 0 = 172.636250, 172.640318       
# span 1 =     -3.766,     71.454       
# span 2 =   0.266398,  37.605615       
# span 3 =     8.2341,    16.8341       
# span 4 =   -0.11736,   24.02649       
# span 5 =     -3.735,     70.845       
# span 6 =     0.1604,    33.5153       
# span 7 =    -0.7149,    26.0740       
# span 8 = 0.0000e+00, 0.0000e+00       
# interval = seconds: 0.5
# start_time = Jun 21 2005 15:16:12 [Instrument's time stamp, header]
# bad_flag = -9.990e-29
*END*
[from data line 481]
 172.639034     42.737  35.171645     8.8754    3.50121     42.376    33.0323    25.5977 0.0000e+00
 172.639039     43.222  35.167289     8.8589    3.48404     42.857    33.0429    25.6085 0.0000e+00
 172.639045     43.696  35.165126     8.8512    3.47047     43.327    33.0476    25.6134 0.0000e+00
 172.639051     44.168  35.167856     8.8459    3.46282     43.795    33.0552    25.6202 0.0000e+00
 172.639057     44.638  35.175737     8.8365    3.43252     44.261    33.0720    25.6348 0.0000e+00
 172.639062     45.102  35.186376     8.8182    3.39957     44.721    33.0999    25.6595 0.0000e+00
 172.639068     45.560  35.196011     8.7919    3.36890     45.175    33.1344    25.6905 0.0000e+00
 172.639074     46.015  35.202903     8.7621    3.32502     45.626    33.1693    25.7225 0.0000e+00
 172.639080     46.465  35.206705     8.7329    3.27375     46.072    33.2004    25.7514 0.0000e+00
 172.639086     46.911  35.206872     8.7059    3.23796     46.514    33.2257    25.7754 0.0000e+00
 172.639091     47.349  35.204179     8.6810    3.18543     46.948    33.2461    25.7952 0.0000e+00
 172.639097     47.779  35.200074     8.6576    3.14182     47.375    33.2636    25.8125 0.0000e+00
 172.639103     48.211  35.194681     8.6309    3.11684     47.803    33.2828    25.8316 0.0000e+00
 172.639109     48.654  35.186407     8.5971    3.07137     48.242    33.3058    25.8548 0.0000e+00
 172.639115     49.107  35.174866     8.5603    3.04891     48.691    33.3281    25.8779 0.0000e+00
 172.639120     49.574  35.162602     8.5273    3.02432     49.154    33.3462    25.8971 0.0000e+00
 172.639126     50.058  35.151752     8.5021    2.99801     49.634    33.3583    25.9105 0.0000e+00
 172.639132     50.551  35.143538     8.4848    2.98249     50.123    33.3658    25.9190 0.0000e+00
 172.639138     51.048  35.138208     8.4736    2.96466     50.616    33.3705    25.9244 0.0000e+00
 172.639144     51.540  35.134816     8.4676    2.94292     51.103    33.3724    25.9268 0.0000e+00
 172.639149     52.021  35.133315     8.4625    2.91031     51.580    33.3754    25.9299 0.0000e+00
 172.639155     52.491  35.132821     8.4509    2.87847     52.046    33.3857    25.9397 0.0000e+00
 172.639161     52.959  35.130427     8.4342    2.83896     52.510    33.3988    25.9525 0.0000e+00
 172.639167     53.433  35.126863     8.4205    2.80519     52.980    33.4078    25.9617 0.0000e+00
 172.639172     53.910  35.125782     8.4126    2.78578     53.453    33.4139    25.9677 0.0000e+00
 172.639178     54.381  35.126857     8.4082    2.77464     53.920    33.4190    25.9723 0.0000e+00
 172.639184     54.846  35.127590     8.4057    2.75337     54.381    33.4219    25.9750 0.0000e+00
 172.639190     55.305  35.127834     8.4038    2.73447     54.836    33.4238    25.9767 0.0000e+00
 172.639196     55.757  35.128471     8.4018    2.72084     55.284    33.4261    25.9789 0.0000e+00
 172.639201     56.206  35.129223     8.3995    2.70426     55.729    33.4289    25.9814 0.0000e+00
 172.639207     56.654  35.129409     8.3962    2.69765     56.173    33.4320    25.9844 0.0000e+00
 172.639213     57.104  35.128712     8.3889    2.71318     56.620    33.4380    25.9902 0.0000e+00
 172.639219     57.559  35.126200     8.3752    2.71750     57.071    33.4481    26.0002 0.0000e+00
 172.639225     58.022  35.120202     8.3582    2.70553     57.530    33.4577    26.0103 0.0000e+00
 172.639230     58.494  35.112246     8.3431    2.69448     57.998    33.4635    26.0171 0.0000e+00
 172.639236     58.969  35.106293     8.3304    2.67161     58.468    33.4690    26.0233 0.0000e+00
 172.639242     59.448  35.102808     8.3198    2.64947     58.943    33.4752    26.0298 0.0000e+00
 172.639248     59.932  35.100504     8.3128    2.64224     59.423    33.4792    26.0340 0.0000e+00
 172.639253     60.413  35.099104     8.3094    2.64692     59.900    33.4807    26.0357 0.0000e+00
 172.639259     60.884  35.098417     8.3081    2.63887     60.367    33.4810    26.0361 0.0000e+00
 172.639265     61.339  35.098082     8.3074    2.63255     60.818    33.4811    26.0363 0.0000e+00
 172.639271     61.783  35.097651     8.3072    2.63246     61.258    33.4806    26.0360 0.0000e+00
 172.639277     62.230  35.097105     8.3075    2.62754     61.701    33.4795    26.0351 0.0000e+00
 172.639282     62.692  35.096836     8.3076    2.62887     62.159    33.4789    26.0346 0.0000e+00
 172.639288     63.174  35.097043     8.3074    2.63700     62.637    33.4791    26.0348 0.0000e+00
 172.639294     63.675  35.097437     8.3072    2.63049     63.134    33.4795    26.0351 0.0000e+00
 172.639300     64.184  35.097421     8.3070    2.63168     63.638    33.4794    26.0351 0.0000e+00
 172.639306     64.688  35.096968     8.3069    2.63093     64.138    33.4788    26.0346 0.0000e+00
 172.639311     65.183  35.096589     8.3071    2.62658     64.629    33.4780    26.0340 0.0000e+00
 172.639317     65.676  35.096338     8.3077    2.62761     65.118    33.4769    26.0331 0.0000e+00
 172.639323     66.169  35.096437     8.3082    2.62455     65.606    33.4763    26.0325 0.0000e+00
 172.639329     66.659  35.097014     8.3085    2.61423     66.092    33.4764    26.0326 0.0000e+00
 172.639334     67.146  35.097153     8.3081    2.59556     66.575    33.4767    26.0329 0.0000e+00
 172.639340     67.631  35.096475     8.3051    2.56077     67.056    33.4786    26.0348 0.0000e+00
 172.639346     68.108  35.095194     8.2971    2.53123     67.528    33.4847    26.0408 0.0000e+00
 172.639352     68.568  35.092157     8.2849    2.49310     67.984    33.4929    26.0490 0.0000e+00
 172.639358     69.011  35.087235     8.2730    2.45915     68.424    33.4988    26.0554 0.0000e+00
 172.639363     69.439  35.082830     8.2639    2.44325     68.848    33.5026    26.0598 0.0000e+00
 172.639369     69.849  35.079792     8.2559    2.42355     69.254    33.5068    26.0643 0.0000e+00
 172.639375     70.233  35.076866     8.2479    2.41644     69.635    33.5111    26.0689 0.0000e+00
 172.639381     70.582  35.073511     8.2408    2.40705     69.981    33.5142    26.0724 0.0000e+00
 172.639387     70.883  35.070293     8.2359    2.40780     70.279    33.5153    26.0740 0.0000e+00
 172.639392     71.127  35.067961     8.2341    2.41401     70.521    33.5144    26.0736 0.0000e+00
 172.639398     71.306  35.067326     8.2350    2.42964     70.699    33.5128    26.0722 -9.990e-29
 172.639404     71.416  35.068658     8.2381    2.44571     70.808    33.5112    26.0704 -9.990e-29
 172.639410     71.454  35.070929     8.2434    2.46240     70.845    33.5085    26.0676 -9.990e-29
 172.639416     71.428  35.073239     8.2504    2.47017     70.820    33.5043    26.0632 -9.990e-29
 172.639421     71.340  35.075305     8.2564    2.49049     70.732    33.5008    26.0596 -9.990e-29
 172.639427     71.194  35.076518     8.2607    2.49373     70.588    33.4981    26.0568 0.0000e+00
 172.639433     71.000  35.077376     8.2629    2.48301     70.395    33.4970    26.0556 0.0000e+00
 172.639439     70.768  35.077902     8.2616    2.48333     70.165    33.4989    26.0573 0.0000e+00
 172.639444     70.501  35.076556     8.2581    2.47560     69.901    33.5009    26.0594 0.0000e+00
 172.639450     70.199  35.074347     8.2564    2.48463     69.601    33.5004    26.0592 0.0000e+00
 172.639456     69.867  35.073372     8.2580    2.50165     69.272    33.4980    26.0571 0.0000e+00
 172.639462     69.519  35.074013     8.2628    2.52301     68.927    33.4942    26.0534 0.0000e+00
 172.639468     69.163  35.076005     8.2707    2.54072     68.574    33.4890    26.0481 0.0000e+00
 172.639473     68.802  35.079202     8.2803    2.56528     68.216    33.4834    26.0423 0.0000e+00
 172.639479     68.438  35.082824     8.2886    2.58149     67.856    33.4795    26.0380 0.0000e+00
 172.639485     68.069  35.085533     8.2947    2.60255     67.490    33.4767    26.0349 0.0000e+00
 172.639491     67.690  35.087581     8.2998    2.61732     67.114    33.4742    26.0322 0.0000e+00
 172.639497     67.297  35.089458     8.3037    2.61933     66.724    33.4727    26.0304 0.0000e+00
 172.639502     66.892  35.090303     8.3062    2.63510     66.323    33.4714    26.0290 0.0000e+00
 172.639508     66.473  35.090124     8.3075    2.63810     65.908    33.4702    26.0278 0.0000e+00
 172.639514     66.045  35.089802     8.3079    2.62829     65.483    33.4696    26.0273 0.0000e+00
 172.639520     65.609  35.089472     8.3079    2.63713     65.051    33.4695    26.0272 0.0000e+00
 172.639525     65.160  35.089253     8.3078    2.63275     64.606    33.4696    26.0273 0.0000e+00
 172.639531     64.695  35.089415     8.3078    2.62788     64.145    33.4700    26.0276 0.0000e+00
 172.639537     64.222  35.089614     8.3078    2.63005     63.676    33.4704    26.0279 0.0000e+00
 172.639543     63.749  35.089557     8.3077    2.62760     63.207    33.4706    26.0281 0.0000e+00
 172.639549     63.278  35.089168     8.3074    2.62589     62.740    33.4707    26.0282 0.0000e+00
 172.639554     62.807  35.088491     8.3072    2.62439     62.273    33.4704    26.0280 0.0000e+00
 172.639560     62.336  35.087745     8.3076    2.62635     61.806    33.4695    26.0272 0.0000e+00
 172.639566     61.858  35.087057     8.3086    2.63846     61.333    33.4680    26.0259 0.0000e+00
 172.639572     61.366  35.086632     8.3101    2.64021     60.845    33.4664    26.0244 0.0000e+00
 172.639578     60.869  35.086462     8.3113    2.64441     60.352    33.4653    26.0233 0.0000e+00
 172.639583     60.381  35.086323     8.3122    2.64556     59.868    33.4645    26.0226 0.0000e+00
 172.639589     59.919  35.086033     8.3131    2.65376     59.410    33.4636    26.0217 0.0000e+00
 172.639595     59.483  35.085766     8.3142    2.66209     58.978    33.4624    26.0206 0.0000e+00
 172.639601     59.063  35.085728     8.3165    2.68013     58.562    33.4604    26.0187 0.0000e+00
 172.639606     58.648  35.085869     8.3210    2.69968     58.150    33.4565    26.0149 0.0000e+00
 172.639612     58.229  35.086379     8.3274    2.71065     57.735    33.4511    26.0097 0.0000e+00
 172.639618     57.798  35.087375     8.3365    2.72689     57.308    33.4437    26.0026 0.0000e+00
 172.639624     57.348  35.089064     8.3506    2.73765     56.861    33.4323    25.9915 0.0000e+00
 172.639630     56.884  35.093139     8.3680    2.74351     56.401    33.4203    25.9795 0.0000e+00
 172.639635     56.420  35.099991     8.3832    2.74883     55.941    33.4133    25.9717 0.0000e+00
 172.639641     55.964  35.105868     8.3930    2.74466     55.489    33.4105    25.9680 0.0000e+00
 172.639647     55.522  35.108518     8.3983    2.75454     55.051    33.4085    25.9656 0.0000e+00
 172.639653     55.096  35.109237     8.4007    2.77624     54.629    33.4071    25.9642 0.0000e+00
 172.639659     54.679  35.108987     8.4018    2.79389     54.215    33.4060    25.9631 0.0000e+00
 172.639664     54.263  35.107995     8.4027    2.81769     53.803    33.4043    25.9616 0.0000e+00
 172.639670     53.837  35.106621     8.4046    2.84303     53.381    33.4013    25.9590 0.0000e+00
 172.639676     53.402  35.104713     8.4082    2.88125     52.949    33.3960    25.9543 0.0000e+00
 172.639682     52.966  35.101969     8.4128    2.90468     52.517    33.3890    25.9481 0.0000e+00
 172.639688     52.537  35.099217     8.4173    2.93720     52.092    33.3820    25.9419 0.0000e+00
 172.639693     52.109  35.097274     8.4218    2.96050     51.668    33.3759    25.9364 0.0000e+00
 172.639699     51.672  35.096355     8.4290    2.98767     51.234    33.3683    25.9294 0.0000e+00
 172.639705     51.219  35.096914     8.4423    3.02226     50.785    33.3565    25.9181 0.0000e+00
 172.639711     50.755  35.099137     8.4600    3.04769     50.325    33.3423    25.9043 0.0000e+00
 172.639716     50.295  35.102627     8.4761    3.08086     49.869    33.3310    25.8930 0.0000e+00
 172.639722     49.842  35.106437     8.4877    3.09998     49.420    33.3242    25.8859 0.0000e+00
 172.639728     49.390  35.109483     8.4979    3.13805     48.972    33.3180    25.8795 0.0000e+00
 172.639734     48.934  35.111906     8.5139    3.17064     48.520    33.3057    25.8674 0.0000e+00
 172.639740     48.481  35.116378     8.5401    3.21708     48.071    33.2859    25.8479 0.0000e+00
 172.639745     48.032  35.124939     8.5730    3.27569     47.626    33.2641    25.8258 0.0000e+00
 172.639751     47.583  35.135369     8.6075    3.32810     47.180    33.2428    25.8038 0.0000e+00
 172.639757     47.127  35.145323     8.6438    3.38613     46.728    33.2193    25.7799 0.0000e+00
 172.639763     46.657  35.153878     8.6840    3.43705     46.262    33.1908    25.7514 0.0000e+00
 172.639769     46.176  35.159553     8.7243    3.48600     45.785    33.1592    25.7204 0.0000e+00
 172.639774     45.698  35.161326     8.7585    3.52511     45.312    33.1292    25.6917 0.0000e+00
 172.639780     45.225  35.159329     8.7871    3.54397     44.843    33.1006    25.6649 0.0000e+00
 172.639786     44.754  35.153712     8.8104    3.55883     44.376    33.0732    25.6398 0.0000e+00
 172.639792     44.284  35.145400     8.8256    3.56286     43.910    33.0506    25.6197 0.0000e+00
 172.639797     43.820  35.135649     8.8347    3.56409     43.450    33.0321    25.6038 0.0000e+00
 172.639803     43.362  35.126039     8.8425    3.57535     42.996    33.0150    25.5892 0.0000e+00
 172.639809     42.906  35.120019     8.8519    3.59857     42.543    33.0002    25.5762 0.0000e+00
 172.639815     42.449  35.118531     8.8636    3.63087     42.090    32.9880    25.5648 0.0000e+00
 172.639821     41.988  35.119595     8.8807    3.66540     41.633    32.9734    25.5507 0.0000e+00
 172.639826     41.518  35.121269     8.9082    3.69757     41.167    32.9498    25.5280 0.0000e+00
 172.639832     41.041  35.121866     8.9452    3.74425     40.694    32.9164    25.4960 0.0000e+00
 172.639838     40.559  35.120503     8.9855    3.78162     40.217    32.8779    25.4596 0.0000e+00
 172.639844     40.073  35.116491     9.0252    3.81474     39.735    32.8372    25.4216 0.0000e+00
 172.639850     39.585  35.107853     9.0633    3.82437     39.251    32.7933    25.3813 0.0000e+00
 172.639855     39.102  35.094293     9.0998    3.82899     38.772    32.7459    25.3384 0.0000e+00
 172.639861     38.629  35.081842     9.1342    3.84082     38.303    32.7016    25.2984 0.0000e+00
 172.639867     38.169  35.075771     9.1645    3.85946     37.847    32.6678    25.2671 0.0000e+00
 172.639873     37.718  35.074159     9.1874    3.87730     37.400    32.6453    25.2460 0.0000e+00
 172.639878     37.266  35.075425     9.2069    3.87038     36.952    32.6290    25.2301 0.0000e+00
 172.639884     36.799  35.080702     9.2406    3.87137     36.489    32.6038    25.2051 0.0000e+00
 172.639890     36.311  35.091984     9.2931    3.87412     36.005    32.5678    25.1686 0.0000e+00
 172.639896     35.804  35.106378     9.3433    3.89085     35.502    32.5371    25.1367 0.0000e+00
 172.639902     35.293  35.114494     9.3778    3.92304     34.995    32.5143    25.1134 0.0000e+00
 172.639907     34.787  35.114276     9.4000    3.97299     34.494    32.4942    25.0940 0.0000e+00
 172.639913     34.278  35.111049     9.4213    4.03636     33.989    32.4718    25.0731 0.0000e+00
 172.639919     33.748  35.108365     9.4613    4.09929     33.464    32.4330    25.0364 0.0000e+00
 172.639925     33.202  35.107696     9.5312    4.16895     32.922    32.3694    24.9755 0.0000e+00
 172.639931     32.658  35.117120     9.6226    4.23950     32.383    32.2969    24.9042 0.0000e+00
 172.639936     32.124  35.148651     9.7249    4.29078     31.853    32.2375    24.8412 0.0000e+00
 172.639942     31.594  35.201181     9.8311    4.32106     31.328    32.1962    24.7916 0.0000e+00
 172.639948     31.070  35.261241     9.9293    4.31806     30.808    32.1697    24.7549 0.0000e+00
