data/oxygen options/OCNMS/OCNMS2/raw_data/2005/CTD_CE100_060805faedb.cnv
* Sea-Bird SBE19 Data File:
* FileName = C:\hypoxia CTD data\CE100_060805.hex
* Software Version 1.1.5
* Temperature SN = 2997
* Conductivity SN = 2997
* System UpLoad Time = Jun 08 2005 16:07:30
* SEACAT PROFILER V3.1c SN 2997   06/08/05  16:06:47.513
* strain gauge pressure sensor: S/N = 184829,  range = 3000 psia,  tc = 40
# nquan = 9
# nvalues = 102                         
# units = specified
# name 0 = timeJ: Julian Days
# name 1 = prSM: Pressure, Strain Gauge [db]
# name 2 = c0mS/cm: Conductivity [mS/cm]
# name 3 = t090C: Temperature [ITS-90, deg C]
# name 4 = oxML/L: Oxygen, Beckman/YSI [ml/l]
# name 5 = depSM: Depth [salt water, m], lat = 47.5
# name 6 = sal00: Salinity, Practical [PSU]
# name 7 = sigma-é00: Density [sigma-theta, kg/m^3]
# name 8 = flag: flag
# span 0 = 159.655086, 159.656367       
# span 1 =      3.000,    104.000       
# span 2 =  34.508228,  37.281836       
# span 3 =     7.1672,    14.7872       
# span 4 =    1.86127,    7.83773       
# span 5 =      2.975,    103.106       
# span 6 =    30.0783,    33.9302       
# span 7 =    22.2258,    26.5538       
# span 8 = 0.0000e+00, 0.0000e+00       
# interval = decibars: 1                
# start_time = Jun 08 2005 15:40:18 [Instrument's time stamp, header]
# bad_flag = -9.990e-29
*END*
 159.655086      3.000  37.281836    14.7872    7.03848      2.975    30.0783    22.2258 0.0000e+00
 159.655107      4.000  37.174625    14.6339    7.17392      3.966    30.1000    22.2745 0.0000e+00
 159.655122      5.000  37.048286    14.4785    7.47197      4.958    30.1062    22.3114 0.0000e+00
 159.655134      6.000  36.963276    14.3402    7.73329      5.950    30.1364    22.3631 0.0000e+00
 159.655147      7.000  36.877204    14.2061    7.82413      6.942    30.1625    22.4105 0.0000e+00
 159.655159      8.000  36.814371    14.0971    7.83773      7.933    30.1902    22.4540 0.0000e+00
 159.655171      9.000  36.767642    13.9968    7.80476      8.925    30.2258    22.5018 0.0000e+00
 159.655182     10.000  36.718090    13.8990    7.72209      9.916    30.2569    22.5455 0.0000e+00
 159.655193     11.000  36.661085    13.7692    7.56949     10.908    30.3067    22.6097 0.0000e+00
 159.655205     12.000  36.572612    13.5711    7.21827     11.900    30.3818    22.7071 0.0000e+00
 159.655215     13.000  36.507280    13.3524    6.84430     12.891    30.4953    22.8378 0.0000e+00
 159.655226     14.000  36.483939    13.0945    6.55838     13.883    30.6807    23.0312 0.0000e+00
 159.655237     15.000  36.475257    12.8244    6.33971     14.874    30.8914    23.2462 0.0000e+00
 159.655248     16.000  36.506291    12.5959    6.22344     15.866    31.1078    23.4572 0.0000e+00
 159.655259     17.000  36.560950    12.4213    6.14813     16.857    31.3042    23.6424 0.0000e+00
 159.655270     18.000  36.623182    12.2453    6.10629     17.849    31.5106    23.8353 0.0000e+00
 159.655282     19.000  36.673887    12.1216    6.12899     18.841    31.6633    23.9768 0.0000e+00
 159.655292     20.000  36.710323    12.0007    6.21325     19.832    31.8007    24.1057 0.0000e+00
 159.655304     21.000  36.751583    11.8966    6.25600     20.824    31.9291    24.2246 0.0000e+00
 159.655315     22.000  36.836512    11.7879    6.07887     21.815    32.1044    24.3806 0.0000e+00
 159.655327     23.000  36.839820    11.6542    5.78945     22.807    32.2230    24.4972 0.0000e+00
 159.655338     24.000  36.668983    11.3659    5.63473     23.798    32.3070    24.6146 0.0000e+00
 159.655349     25.000  36.376997    11.1221    5.65973     24.790    32.2331    24.6006 0.0000e+00
 159.655360     26.000  36.253852    11.0702    5.80481     25.781    32.1568    24.5504 0.0000e+00
 159.655370     27.000  36.281449    11.1191    5.96816     26.773    32.1409    24.5294 0.0000e+00
 159.655381     28.000  36.387682    11.1457    6.07292     27.764    32.2218    24.5878 0.0000e+00
 159.655392     29.000  36.380334    11.0842    6.21581     28.756    32.2680    24.6346 0.0000e+00
 159.655402     30.000  36.375814    11.1181    6.37127     29.747    32.2334    24.6017 0.0000e+00
 159.655413     31.000  36.484631    11.1806    6.36936     30.739    32.2854    24.6311 0.0000e+00
 159.655424     32.000  36.518985    11.1756    6.32530     31.730    32.3232    24.6614 0.0000e+00
 159.655435     33.000  36.489985    11.1273    6.32128     32.722    32.3366    24.6804 0.0000e+00
 159.655446     34.000  36.433756    11.0889    6.32337     33.713    32.3145    24.6700 0.0000e+00
 159.655456     35.000  36.438800    11.0864    6.29786     34.705    32.3213    24.6757 0.0000e+00
 159.655467     36.000  36.440452    11.0397    6.23410     35.697    32.3636    24.7169 0.0000e+00
 159.655478     37.000  36.383529    10.9566    6.18844     36.688    32.3802    24.7444 0.0000e+00
 159.655489     38.000  36.305963    10.8695    6.18170     37.680    32.3797    24.7594 0.0000e+00
 159.655500     39.000  36.248414    10.8282    6.21705     38.671    32.3588    24.7503 0.0000e+00
 159.655512     40.000  36.232972    10.8183    6.23348     39.662    32.3517    24.7465 0.0000e+00
 159.655525     41.000  36.229278    10.8089    6.17961     40.654    32.3560    24.7515 0.0000e+00
 159.655536     42.000  36.216687    10.7767    5.99210     41.645    32.3715    24.7691 0.0000e+00
 159.655548     43.000  36.159994    10.6653    5.70860     42.637    32.4134    24.8211 0.0000e+00
 159.655561     44.000  35.984712    10.4845    5.43806     43.628    32.3985    24.8405 0.0000e+00
 159.655575     45.000  35.790489    10.2939    5.20382     44.620    32.3729    24.8529 0.0000e+00
 159.655588     46.000  35.644334    10.1548    5.09333     45.611    32.3494    24.8580 0.0000e+00
 159.655601     47.000  35.516203     9.9927    5.09814     46.602    32.3645    24.8967 0.0000e+00
 159.655613     48.000  35.429467     9.9337    5.11057     47.594    32.3290    24.8788 0.0000e+00
 159.655624     49.000  35.454825     9.9036    4.91965     48.585    32.3812    24.9244 0.0000e+00
 159.655636     50.000  35.374826     9.7552    4.62114     49.577    32.4328    24.9891 0.0000e+00
 159.655647     51.000  35.227942     9.6329    4.47799     50.568    32.3929    24.9778 0.0000e+00
 159.655659     52.000  35.160901     9.5766    4.52370     51.560    32.3746    24.9726 0.0000e+00
 159.655671     53.000  35.134713     9.5321    4.66936     52.551    32.3875    24.9899 0.0000e+00
 159.655683     54.000  35.153165     9.5035    4.71710     53.542    32.4318    25.0291 0.0000e+00
 159.655695     55.000  35.155952     9.4168    4.43180     54.534    32.5128    25.1063 0.0000e+00
 159.655708     56.000  35.094284     9.2549    4.05895     55.525    32.5962    25.1972 0.0000e+00
 159.655721     57.000  35.010250     9.1158    3.83584     56.516    32.6361    25.2503 0.0000e+00
 159.655735     58.000  34.978650     9.0575    3.74811     57.508    32.6563    25.2753 0.0000e+00
 159.655748     59.000  34.961777     9.0167    3.67097     58.499    32.6758    25.2969 0.0000e+00
 159.655760     60.000  34.938783     8.9679    3.61157     59.491    32.6963    25.3206 0.0000e+00
 159.655772     61.000  34.920527     8.9350    3.60278     60.482    32.7072    25.3342 0.0000e+00
 159.655784     62.000  34.923509     8.9229    3.62832     61.473    32.7209    25.3469 0.0000e+00
 159.655797     63.000  34.937200     8.9096    3.65024     62.465    32.7470    25.3693 0.0000e+00
 159.655807     64.000  34.955321     8.8782    3.68833     63.456    32.7945    25.4114 0.0000e+00
 159.655819     65.000  34.981862     8.8426    3.75714     64.448    32.8546    25.4640 0.0000e+00
 159.655831     66.000  35.027396     8.8135    3.77141     65.438    32.9286    25.5264 0.0000e+00
 159.655845     67.000  35.052122     8.7754    3.70914     66.430    32.9895    25.5800 0.0000e+00
 159.655857     68.000  35.060559     8.7070    3.60077     67.421    33.0617    25.6470 0.0000e+00
 159.655871     69.000  35.057469     8.6260    3.45760     68.413    33.1337    25.7159 0.0000e+00
 159.655883     70.000  35.043946     8.5430    3.33275     69.404    33.1970    25.7781 0.0000e+00
 159.655896     71.000  35.024463     8.4621    3.24622     70.396    33.2521    25.8336 0.0000e+00
 159.655909     72.000  35.005889     8.3879    3.17204     71.387    33.3021    25.8840 0.0000e+00
 159.655923     73.000  34.991693     8.3404    3.10328     72.378    33.3317    25.9143 0.0000e+00
 159.655937     74.000  34.975552     8.2571    2.98338     73.369    33.3931    25.9750 0.0000e+00
 159.655950     75.000  34.945017     8.1531    2.90704     74.360    33.4593    26.0423 0.0000e+00
 159.655963     76.000  34.922476     8.0858    2.85588     75.352    33.4990    26.0835 0.0000e+00
 159.655977     77.000  34.911176     8.0534    2.84221     76.343    33.5174    26.1028 0.0000e+00
 159.655990     78.000  34.903590     8.0311    2.82817     77.335    33.5302    26.1161 0.0000e+00
 159.656003     79.000  34.898681     8.0137    2.81717     78.326    33.5411    26.1273 0.0000e+00
 159.656017     80.000  34.895211     7.9939    2.76629     79.317    33.5559    26.1418 0.0000e+00
 159.656030     81.000  34.886664     7.9444    2.65528     80.308    33.5938    26.1789 0.0000e+00
 159.656044     82.000  34.866701     7.8763    2.53067     81.299    33.6375    26.2231 0.0000e+00
 159.656057     83.000  34.839424     7.8010    2.42814     82.290    33.6804    26.2678 0.0000e+00
 159.656070     84.000  34.810464     7.7395    2.38411     83.282    33.7082    26.2985 0.0000e+00
 159.656084     85.000  34.792338     7.7069    2.35176     84.273    33.7198    26.3123 0.0000e+00
 159.656098     86.000  34.781974     7.6834    2.32307     85.265    33.7309    26.3244 0.0000e+00
 159.656113     87.000  34.776305     7.6665    2.26240     86.256    33.7407    26.3346 0.0000e+00
 159.656128     88.000  34.747439     7.5741    2.18387     87.247    33.7988    26.3935 0.0000e+00
 159.656141     89.000  34.707052     7.5029    2.13445     88.238    33.8239    26.4234 0.0000e+00
 159.656154     90.000  34.689506     7.4768    2.12592     89.229    33.8298    26.4317 0.0000e+00
 159.656169     91.000  34.682539     7.4632    2.11387     90.221    33.8351    26.4379 0.0000e+00
 159.656183     92.000  34.673985     7.4446    2.10440     91.212    33.8434    26.4471 0.0000e+00
 159.656198     93.000  34.665640     7.4288    2.08670     92.203    33.8494    26.4539 0.0000e+00
 159.656211     94.000  34.656431     7.4080    2.06899     93.194    33.8592    26.4646 0.0000e+00
 159.656224     95.000  34.642334     7.3771    2.03996     94.186    33.8735    26.4803 0.0000e+00
 159.656238     96.000  34.626837     7.3522    2.01593     95.176    33.8806    26.4893 0.0000e+00
 159.656251     97.000  34.610493     7.3159    1.97569     96.168    33.8979    26.5081 0.0000e+00
 159.656265     98.000  34.582452     7.2623    1.93798     97.159    33.9194    26.5326 0.0000e+00
 159.656280     99.000  34.552360     7.2236    1.90549     98.150    33.9241    26.5417 0.0000e+00
 159.656296    100.000  34.535190     7.2006    1.88559     99.141    33.9274    26.5475 0.0000e+00
 159.656313    101.000  34.523396     7.1852    1.87402    100.132    33.9292    26.5510 0.0000e+00
 159.656329    102.000  34.516561     7.1762    1.87094    101.124    33.9301    26.5530 0.0000e+00
 159.656346    103.000  34.512164     7.1707    1.87192    102.115    33.9302    26.5538 0.0000e+00
 159.656367    104.000  34.508228     7.1672    1.86127    103.106    33.9289    26.5533 0.0000e+00
