data/oxygen options/OCNMS/OCNMS2/raw_data/2005/CTD_CE70_062105faed.cnv
* Sea-Bird SBE19 Data File:
* FileName = C:\hypoxia CTD data\CE70_062105.hex
* Software Version 1.1.5
* Temperature SN = 2997
* Conductivity SN = 2997
* System UpLoad Time = Jun 21 2005 16:34:25
* SEACAT PROFILER V3.1c SN 2997   06/21/05  16:34:01.489
* strain gauge pressure sensor: S/N = 184829,  range = 3000 psia,  tc = 40
# nquan = 9                                 
# nvalues = 704                         
# units = specified
# name 0 = timeJ: Julian Days
# name 1 = prSM: Pressure, Strain Gauge [db]
# name 2 = c0mS/cm: Conductivity [mS/cm]
# name 3 = t090C: Temperature [ITS-90, deg C]
# name 4 = oxML/L: Oxygen, Beckman/YSI [ml/l]
# name 5 = depSM: Depth [salt water, m], lat = 47.5
# name 6 = sal00: Salinity, Practical [PSU]
# name 7 = sigma-é00: Density [sigma-theta, kg/m^3]
# name 8 = flag: flag
# span 0 = 172.636250, 172.640318       
# span 1 =     -3.766,     71.454       
# span 2 =   0.266398,  37.605615       
# span 3 =     8.2341,    16.8341       
# span 4 =   -0.11736,   24.02649       
# span 5 =     -3.735,     70.845       
# span 6 =     0.1604,    33.5153       
# span 7 =    -0.7149,    26.0740       
# span 8 = 0.0000e+00, 0.0000e+00       
# interval = seconds: 0.5
# start_time = Jun 21 2005 15:16:12 [Instrument's time stamp, header]
# bad_flag = -9.990e-29
*END*
 172.636250     -3.766 -9.990e-29    14.5970   -0.11735     -3.735 -9.990e-29 -9.990e-29 -9.990e-29
 172.636256     -3.737   0.267235    14.5977   -0.11735     -3.706     0.1609    -0.7143 -9.990e-29
 172.636262     -3.711   0.266702    14.5983   -0.11735     -3.680     0.1606    -0.7146 -9.990e-29
 172.636267     -3.691   0.266398    14.5988   -0.11736     -3.660     0.1604    -0.7148 -9.990e-29
 172.636273     -3.671   0.266470    14.5994   -0.11735     -3.640     0.1604    -0.7149 -9.990e-29
 172.636279     -3.646   0.266830    14.5999   -0.11734     -3.616     0.1606    -0.7148 -9.990e-29
 172.636285     -3.619   0.267405    14.6004   -0.11734     -3.589     0.1610    -0.7146 -9.990e-29
 172.636291     -3.593   0.268224    14.6007   -0.09832     -3.563     0.1615    -0.7143 -9.990e-29
 172.636296     -3.565   0.269825    14.6012   -0.09516     -3.535     0.1624    -0.7136 -9.990e-29
 172.636302     -3.533   0.273049    14.6021   -0.09441     -3.504     0.1644    -0.7122 -9.990e-29
 172.636308     -3.496   0.278317    14.6032   -0.09421     -3.467     0.1676    -0.7099 -9.990e-29
 172.636314     -3.452   0.288776    14.6054   -0.09411     -3.423     0.1740    -0.7052 -9.990e-29
 172.636319     -3.397   0.320033    14.6123   -0.09413     -3.369     0.1932    -0.6914 -9.990e-29
 172.636325     -3.333   0.417095    14.6327   -0.09415     -3.305     0.2531    -0.6478 -9.990e-29
 172.636331     -3.264   0.706051    14.6931   -0.09426     -3.237     0.4352    -0.5157 -9.990e-29
 172.636337     -3.184   1.566081    14.8737   -0.09426     -3.157     0.9948    -0.1101 -9.990e-29
 172.636343     -3.087   4.139457    15.3078   -0.09412     -3.061     2.7472     1.1719 -9.990e-29
 172.636348     -2.972  11.850694    15.9174   -0.09407     -2.947     8.3514     5.3611 -9.990e-29
 172.636354     -2.851  23.516020    16.3877   -0.09411     -2.827    17.3835    12.1686 -9.990e-29
 172.636360     -2.732  31.458936    16.6139   -0.09415     -2.709    23.7997    17.0228 -9.990e-29
 172.636366     -2.622  34.221068    16.7112   -0.09412     -2.600    26.0565    18.7275 -9.990e-29
 172.636372     -2.521  35.176487    16.7533   -0.09433     -2.500    26.8353    19.3140 -9.990e-29
 172.636377     -2.431  35.494302    16.7628   -0.09427     -2.411    27.0977    19.5126 -9.990e-29
 172.636383     -2.355  35.556817    16.7565   -0.09406     -2.335    27.1548    19.5578 -9.990e-29
 172.636389     -2.297  35.543855    16.7544   -0.09403     -2.278    27.1452    19.5509 -9.990e-29
 172.636395     -2.259  35.532915    16.7624   -0.09400     -2.240    27.1306    19.5379 -9.990e-29
 172.636400     -2.227  35.561018    16.7733   -0.09403     -2.208    27.1470    19.5481 -9.990e-29
 172.636406     -2.185  35.620256    16.7807   -0.09419     -2.167    27.1921    19.5809 -9.990e-29
 172.636412     -2.124  35.646128    16.7804   -0.09420     -2.106    27.2142    19.5979 -9.990e-29
 172.636418     -2.057  35.615985    16.7668   -0.09404     -2.040    27.1978    19.5884 -9.990e-29
 172.636424     -2.003  35.578250    16.7475   -0.09399     -1.986    27.1789    19.5782 -9.990e-29
 172.636429     -1.966  35.558891    16.7461   -0.09403     -1.950    27.1634    19.5667 -9.990e-29
 172.636435     -1.943  35.559595    16.7641   -0.09406     -1.927    27.1519    19.5539 -9.990e-29
 172.636441     -1.926  35.609922    16.7815   -0.09422     -1.910    27.1827    19.5736 -9.990e-29
 172.636447     -1.898  35.689553    16.7877   -0.09417     -1.882    27.2459    19.6206 -9.990e-29
 172.636453     -1.865  35.739315    16.7773   -0.09403     -1.849    27.2951    19.6605 -9.990e-29
 172.636458     -1.835  35.748786    16.7556   -0.09401     -1.820    27.3178    19.6827 -9.990e-29
 172.636464     -1.811  35.733995    16.7477   -0.09404     -1.796    27.3106    19.6790 -9.990e-29
 172.636470     -1.788  35.729635    16.7625   -0.09409     -1.773    27.2969    19.6652 -9.990e-29
 172.636476     -1.756  35.759073    16.7795   -0.09425     -1.741    27.3103    19.6717 -9.990e-29
 172.636481     -1.712  35.794315    16.7838   -0.09410     -1.698    27.3372    19.6913 -9.990e-29
 172.636487     -1.667  35.796612    16.7699   -0.09399     -1.653    27.3486    19.7031 -9.990e-29
 172.636493     -1.630  35.766821    16.7474   -0.09399     -1.616    27.3386    19.7005 -9.990e-29
 172.636499     -1.604  35.741506    16.7434   -0.09400     -1.591    27.3199    19.6870 -9.990e-29
 172.636505     -1.582  35.749175    16.7605   -0.09413     -1.569    27.3147    19.6793 -9.990e-29
 172.636510     -1.555  35.784384    16.7760   -0.09427     -1.542    27.3340    19.6906 -9.990e-29
 172.636516     -1.520  35.812258    16.7755   -0.09418     -1.507    27.3580    19.7090 -9.990e-29
 172.636522     -1.493  35.806090    16.7562   -0.09406     -1.481    27.3659    19.7194 -9.990e-29
 172.636528     -1.485  35.780680    16.7369   -0.09403     -1.473    27.3575    19.7172 -9.990e-29
 172.636534     -1.482  35.769457    16.7432   -0.09405     -1.470    27.3437    19.7053 -9.990e-29
 172.636539     -1.467  35.793369    16.7654   -0.09405     -1.455    27.3488    19.7043 -9.990e-29
 172.636545     -1.435  35.838358    16.7791   -0.09406     -1.423    27.3776    19.7233 -9.990e-29
 172.636551     -1.389  35.860166    16.7734   -0.09404     -1.377    27.3999    19.7416 -9.990e-29
 172.636557     -1.338  35.843618    16.7480   -0.09402     -1.327    27.4032    19.7498 -9.990e-29
 172.636563     -1.295  35.810419    16.7251   -0.09399     -1.284    27.3906    19.7453 -9.990e-29
 172.636568     -1.267  35.785294    16.7307   -0.09398     -1.256    27.3655    19.7248 -9.990e-29
 172.636574     -1.248  35.781865    16.7553   -0.09399     -1.238    27.3459    19.7043 -9.990e-29
 172.636580     -1.227  35.792787    16.7763   -0.09403     -1.217    27.3408    19.6958 -9.990e-29
 172.636586     -1.200  35.800140    16.7868   -0.09405     -1.190    27.3399    19.6927 -9.990e-29
 172.636591     -1.174  35.789103    16.7890   -0.09406     -1.164    27.3291    19.6839 -9.990e-29
 172.636597     -1.154  35.766303    16.7882   -0.09401     -1.144    27.3103    19.6698 -9.990e-29
 172.636603     -1.135  35.756318    16.7896   -0.09401     -1.126    27.3009    19.6623 -9.990e-29
 172.636609     -1.113  35.766612    16.7928   -0.09404     -1.104    27.3074    19.6665 -9.990e-29
 172.636615     -1.085  35.786838    16.7954   -0.09405     -1.076    27.3228    19.6777 -9.990e-29
 172.636620     -1.049  35.812042    16.7968   -0.09408     -1.040    27.3432    19.6930 -9.990e-29
 172.636626     -1.009  35.837740    16.7969   -0.09409     -1.001    27.3648    19.7096 -9.990e-29
 172.636632     -0.969  35.848334    16.7942   -0.09405     -0.961    27.3756    19.7184 -9.990e-29
 172.636638     -0.937  35.833316    16.7870   -0.09404     -0.929    27.3678    19.7140 -9.990e-29
 172.636644     -0.917  35.809138    16.7803   -0.09405     -0.909    27.3519    19.7033 -9.990e-29
 172.636649     -0.905  35.805268    16.7805   -0.09407     -0.897    27.3485    19.7007 -9.990e-29
 172.636655     -0.884  35.824989    16.7839   -0.09411     -0.877    27.3628    19.7109 -9.990e-29
 172.636661     -0.846  35.843611    16.7847   -0.09406     -0.839    27.3781    19.7224 -9.990e-29
 172.636667     -0.803  35.839465    16.7810   -0.09402     -0.796    27.3771    19.7224 -9.990e-29
 172.636672     -0.765  35.817711    16.7730   -0.09404     -0.759    27.3641    19.7143 -9.990e-29
 172.636678     -0.738  35.801518    16.7671   -0.09406     -0.732    27.3543    19.7082 -9.990e-29
 172.636684     -0.720  35.804087    16.7696   -0.09409     -0.714    27.3548    19.7080 -9.990e-29
 172.636690     -0.697  35.821587    16.7761   -0.09414     -0.691    27.3652    19.7145 -9.990e-29
 172.636696     -0.663  35.833657    16.7777   -0.09417     -0.657    27.3743    19.7211 -9.990e-29
 172.636701     -0.626  35.824468    16.7711   -0.09410     -0.621    27.3710    19.7200 -9.990e-29
 172.636707     -0.586  35.808715    16.7637   -0.09408     -0.581    27.3627    19.7153 -9.990e-29
 172.636713     -0.546  35.810282    16.7648   -0.09408     -0.541    27.3633    19.7155 -9.990e-29
 172.636719     -0.511  35.832410    16.7713   -0.09413     -0.507    27.3776    19.7250 -9.990e-29
 172.636725     -0.484  35.856982    16.7750   -0.09421     -0.480    27.3959    19.7382 -9.990e-29
 172.636730     -0.463  35.859049    16.7717   -0.09415     -0.459    27.3999    19.7420 -9.990e-29
 172.636736     -0.446  35.836358    16.7606   -0.09408     -0.442    27.3882    19.7355 -9.990e-29
 172.636742     -0.432  35.813074    16.7466   -0.09404     -0.428    27.3780    19.7308 -9.990e-29
 172.636748     -0.421  35.803595    16.7409   -0.09405     -0.417    27.3738    19.7289 -9.990e-29
 172.636753     -0.412  35.805968    16.7479   -0.09407     -0.409    27.3711    19.7252 -9.990e-29
 172.636759     -0.405  35.816098    16.7571   -0.09415     -0.402    27.3734    19.7250 -9.990e-29
 172.636765     -0.398  35.821739    16.7560   -0.09413     -0.395    27.3789    19.7295 -9.990e-29
 172.636771     -0.391  35.813629    16.7423   13.88654     -0.388    27.3814    19.7344 -9.990e-29
 172.636777     -0.384  35.803976    16.7295   22.79081     -0.381    27.3819    19.7376 -9.990e-29
 172.636782     -0.377  35.806297    16.7332   24.02649     -0.374    27.3813    19.7364 -9.990e-29
 172.636788     -0.369  35.820911    16.7488   20.96599     -0.366    27.3831    19.7343 -9.990e-29
 172.636794     -0.360  35.840425    16.7622   13.49096     -0.357    27.3905    19.7370 -9.990e-29
 172.636800     -0.348  35.853331    16.7666   10.89935     -0.345    27.3985    19.7421 -9.990e-29
 172.636806     -0.334  35.850528    16.7592   10.89375     -0.331    27.4011    19.7457 -9.990e-29
 172.636811     -0.316  35.836725    16.7453   10.85333     -0.313    27.3989    19.7471 -9.990e-29
 172.636817     -0.293  35.834479    16.7419   10.83252     -0.291    27.3993    19.7482 -9.990e-29
 172.636823     -0.263  35.866617    16.7561   10.81054     -0.261    27.4168    19.7585 -9.990e-29
 172.636829     -0.230  35.941822    16.7753   10.79003     -0.228    27.4675    19.7929 -9.990e-29
 172.636834     -0.200  36.029210    16.7876   10.76815     -0.198    27.5331    19.8404 -9.990e-29
 172.636840     -0.178  36.081629    16.7926   10.75530     -0.177    27.5741    19.8707 -9.990e-29
 172.636846     -0.169  36.098371    16.7943   10.73627     -0.168    27.5872    19.8803 -9.990e-29
 172.636852     -0.166  36.098992    16.7949   10.72231     -0.165    27.5873    19.8802 -9.990e-29
 172.636858     -0.162  36.093884    16.7955   10.70995     -0.161    27.5825    19.8765 -9.990e-29
 172.636863     -0.147  36.091411    16.7976    8.31156     -0.146    27.5790    19.8733 -9.990e-29
 172.636869     -0.121  36.087190    16.8011    5.75181     -0.120    27.5730    19.8679 -9.990e-29
 172.636875     -0.096  36.077310    16.8036    4.49256     -0.095    27.5629    19.8597 -9.990e-29
 172.636881     -0.081  36.069937    16.8042    4.34712     -0.080    27.5562    19.8544 -9.990e-29
 172.636887     -0.076  36.069851    16.8033    5.43237     -0.075    27.5568    19.8550 -9.990e-29
 172.636892     -0.072  36.074169    16.8013    6.24156     -0.071    27.5618    19.8593 -9.990e-29
 172.636898     -0.066  36.077472    16.7998    6.51767     -0.065    27.5656    19.8626 -9.990e-29
 172.636904     -0.055  36.078033    16.7994    6.67411     -0.055    27.5664    19.8633 -9.990e-29
 172.636910     -0.040  36.077754    16.8000    6.75247     -0.040    27.5657    19.8626 -9.990e-29
 172.636916     -0.020  36.077419    16.8009    6.77985     -0.020    27.5648    19.8617 -9.990e-29
 172.636921      0.003  36.077739    16.8013    6.79214      0.003    27.5648    19.8616 -9.990e-29
 172.636927      0.025  36.078053    16.8014    6.78443      0.025    27.5650    19.8618 -9.990e-29
 172.636933      0.047  36.077132    16.8019    6.79541      0.047    27.5639    19.8608 -9.990e-29
 172.636939      0.068  36.074905    16.8024    6.80251      0.067    27.5616    19.8590 -9.990e-29
 172.636944      0.084  36.071803    16.8028    6.80015      0.083    27.5587    19.8567 -9.990e-29
 172.636950      0.097  36.069891    16.8031    6.79162      0.096    27.5569    19.8552 -9.990e-29
 172.636956      0.106  36.072259    16.8036    6.77618      0.105    27.5586    19.8563 -9.990e-29
 172.636962      0.117  36.077054    16.8046    6.76480      0.116    27.5619    19.8587 -9.990e-29
 172.636968      0.139  36.076689    16.8060    6.76728      0.138    27.5607    19.8574 -9.990e-29
 172.636973      0.174  36.067719    16.8073    6.76305      0.173    27.5522    19.8506 -9.990e-29
 172.636979      0.210  36.054461    16.8081    6.75761      0.208    27.5404    19.8414 -9.990e-29
 172.636985      0.237  36.043174    16.8085    6.74364      0.235    27.5305    19.8338 -9.990e-29
 172.636991      0.254  36.037878    16.8084    6.73546      0.252    27.5261    19.8304 -9.990e-29
 172.636997      0.260  36.039181    16.8078    6.72605      0.258    27.5276    19.8317 -9.990e-29
 172.637002      0.261  36.042657    16.8075    6.72985      0.259    27.5308    19.8342 -9.990e-29
 172.637008      0.261  36.045656    16.8075    6.72005      0.259    27.5333    19.8362 -9.990e-29
 172.637014      0.259  36.047133    16.8075    6.70810      0.257    27.5346    19.8371 -9.990e-29
 172.637020      0.261  36.044018    16.8073    6.69794      0.259    27.5321    19.8352 -9.990e-29
 172.637025      0.270  36.041129    16.8071    6.68999      0.268    27.5297    19.8335 -9.990e-29
 172.637031      0.282  36.041346    16.8071    6.70516      0.280    27.5299    19.8337 -9.990e-29
 172.637037      0.291  36.040478    16.8071    6.69738      0.289    27.5292    19.8331 -9.990e-29
 172.637043      0.292  36.038493    16.8073    6.69116      0.290    27.5274    19.8316 -9.990e-29
 172.637049      0.289  36.037794    16.8078    6.67693      0.287    27.5264    19.8308 -9.990e-29
 172.637054      0.292  36.038573    16.8085    6.67146      0.290    27.5266    19.8308 -9.990e-29
 172.637060      0.304  36.038511    16.8089    6.66962      0.301    27.5263    19.8305 -9.990e-29
 172.637066      0.325  36.033604    16.8091    6.67653      0.322    27.5220    19.8271 -9.990e-29
 172.637072      0.354  36.024042    16.8092    6.66859      0.351    27.5138    19.8209 -9.990e-29
 172.637078      0.379  36.017821    16.8093    6.65423      0.376    27.5085    19.8167 -9.990e-29
 172.637083      0.394  36.019546    16.8094    6.65016      0.391    27.5098    19.8178 -9.990e-29
 172.637089      0.403  36.027033    16.8094    6.65268      0.400    27.5162    19.8226 -9.990e-29
 172.637095      0.411  36.033450    16.8092    6.65565      0.408    27.5218    19.8269 -9.990e-29
 172.637101      0.420  36.031660    16.8090    6.64956      0.416    27.5204    19.8259 -9.990e-29
 172.637106      0.428  36.024886    16.8089    6.64063      0.424    27.5147    19.8216 -9.990e-29
 172.637112      0.438  36.019236    16.8090    6.63607      0.434    27.5098    19.8179 -9.990e-29
 172.637118      0.449  36.016152    16.8090    6.63994      0.445    27.5072    19.8159 -9.990e-29
 172.637124      0.463  36.014889    16.8092    6.64282      0.459    27.5060    19.8149 -9.990e-29
 172.637130      0.479  36.012646    16.8098    6.63435      0.475    27.5037    19.8130 -9.990e-29
 172.637135      0.496  36.009239    16.8102    6.62509      0.492    27.5005    19.8105 -9.990e-29
 172.637141      0.510  36.007418    16.8102    6.61921      0.506    27.4990    19.8093 -9.990e-29
 172.637147      0.520  36.007001    16.8102    6.62490      0.516    27.4986    19.8090 -9.990e-29
 172.637153      0.530  36.006315    16.8104    6.63271      0.526    27.4979    19.8084 -9.990e-29
 172.637159      0.538  36.005568    16.8106    6.62885      0.534    27.4971    19.8078 -9.990e-29
 172.637164      0.545  36.004891    16.8105    6.61415      0.540    27.4966    19.8074 -9.990e-29
 172.637170      0.553  36.005066    16.8104    6.60413      0.548    27.4969    19.8076 -9.990e-29
