data/oxygen options/OCNMS/OCNMS2/raw_data/2005/CTD_CE70_070605faed.cnv
* Sea-Bird SBE19 Data File:
* FileName = C:\Hypoxia Data\CE70_070605.hex
* Software Version 1.1.6
* Temperature SN = 2997
* Conductivity SN = 2997
* System UpLoad Time = Jul 06 2005 16:12:58
* SEACAT PROFILER V3.1c SN 2997   07/06/05  16:13:30.135
* strain gauge pressure sensor: S/N = 184829,  range = 3000 psia,  tc = 40
# nquan = 9                                 
# nvalues = 714                         
# units = specified
# name 0 = timeJ: Julian Days
# name 1 = prSM: Pressure, Strain Gauge [db]
# name 2 = c0mS/cm: Conductivity [mS/cm]
# name 3 = t090C: Temperature [ITS-90, deg C]
# name 4 = oxML/L: Oxygen, Beckman/YSI [ml/l]
# name 5 = depSM: Depth [salt water, m], lat = 47.5
# name 6 = sal00: Salinity, Practical [PSU]
# name 7 = sigma-é00: Density [sigma-theta, kg/m^3]
# name 8 = flag: flag
# span 0 = 187.630949, 187.635075       
# span 1 =     -3.829,     69.687       
# span 2 =   1.030598,  39.545085       
# span 3 =     7.6468,    15.7948       
# span 4 =   -0.11535,   24.03953       
# span 5 =     -3.797,     69.094       
# span 6 =     0.6375,    33.7507       
# span 7 =    -0.4297,    26.3447       
# span 8 = 0.0000e+00, 0.0000e+00       
# interval = seconds: 0.5
# start_time = Jul 06 2005 15:08:34 [Instrument's time stamp, header]
# bad_flag = -9.990e-29
*END*
[from data line 481]
 187.633733     40.657  35.293304     9.3102    3.38390     40.314    32.7578    25.3146 0.0000e+00
 187.633738     41.136  35.285685     9.2388    3.31802     40.789    32.8153    25.3708 0.0000e+00
 187.633744     41.596  35.279347     9.1621    3.26592     41.245    32.8791    25.4329 0.0000e+00
 187.633750     42.040  35.266371     9.0887    3.23641     41.685    32.9333    25.4868 0.0000e+00
 187.633756     42.470  35.246248     9.0269    3.21589     42.111    32.9694    25.5248 0.0000e+00
 187.633762     42.885  35.224640     8.9887    3.21251     42.523    32.9822    25.5408 0.0000e+00
 187.633767     43.276  35.208592     8.9770    3.21171     42.910    32.9761    25.5379 0.0000e+00
 187.633773     43.647  35.202468     8.9813    3.23056     43.278    32.9656    25.5290 0.0000e+00
 187.633779     44.018  35.203133     8.9831    3.26381     43.646    32.9645    25.5278 0.0000e+00
 187.633785     44.407  35.202503     8.9566    3.28255     44.032    32.9882    25.5505 0.0000e+00
 187.633791     44.822  35.188527     8.8955    3.29073     44.443    33.0303    25.5930 0.0000e+00
 187.633796     45.255  35.157704     8.8301    3.27477     44.872    33.0588    25.6255 0.0000e+00
 187.633802     45.692  35.126670     8.7880    3.23189     45.306    33.0654    25.6372 0.0000e+00
 187.633808     46.126  35.110646     8.7661    3.21826     45.736    33.0689    25.6433 0.0000e+00
 187.633814     46.563  35.105625     8.7434    3.18823     46.169    33.0846    25.6591 0.0000e+00
 187.633819     47.009  35.099297     8.7077    3.14452     46.611    33.1112    25.6854 0.0000e+00
 187.633825     47.468  35.088828     8.6648    3.09816     47.066    33.1402    25.7147 0.0000e+00
 187.633831     47.934  35.078749     8.6211    3.05906     47.528    33.1703    25.7450 0.0000e+00
 187.633837     48.394  35.069626     8.5860    3.04307     47.984    33.1935    25.7685 0.0000e+00
 187.633843     48.840  35.063858     8.5645    3.01126     48.427    33.2074    25.7827 0.0000e+00
 187.633848     49.256  35.063272     8.5484    2.98165     48.839    33.2218    25.7964 0.0000e+00
 187.633854     49.631  35.063710     8.5371    2.95196     49.211    33.2327    25.8067 0.0000e+00
 187.633860     49.976  35.062388     8.5307    2.92510     49.553    33.2372    25.8112 0.0000e+00
 187.633866     50.317  35.058659     8.5212    2.91639     49.891    33.2420    25.8164 0.0000e+00
 187.633872     50.679  35.053712     8.5009    2.90788     50.250    33.2558    25.8303 0.0000e+00
 187.633877     51.078  35.048238     8.4577    2.88666     50.645    33.2906    25.8641 0.0000e+00
 187.633883     51.513  35.038297     8.3902    2.84033     51.077    33.3437    25.9160 0.0000e+00
 187.633889     51.970  35.021280     8.3238    2.74942     51.530    33.3885    25.9611 0.0000e+00
 187.633895     52.434  35.003633     8.2768    2.64560     51.990    33.4142    25.9883 0.0000e+00
 187.633900     52.904  34.992080     8.2396    2.55777     52.456    33.4371    26.0118 0.0000e+00
 187.633906     53.382  34.984655     8.2018    2.48321     52.930    33.4650    26.0394 0.0000e+00
 187.633912     53.864  34.978174     8.1566    2.45862     53.407    33.5010    26.0743 0.0000e+00
 187.633918     54.345  34.967350     8.0940    2.48316     53.884    33.5491    26.1214 0.0000e+00
 187.633924     54.822  34.943346     8.0192    2.51110     54.357    33.5950    26.1684 0.0000e+00
 187.633929     55.292  34.907782     7.9501    2.55250     54.823    33.6232    26.2007 0.0000e+00
 187.633935     55.745  34.873763     7.8955    2.56756     55.272    33.6391    26.2212 0.0000e+00
 187.633941     56.169  34.849165     7.8645    2.55647     55.693    33.6424    26.2283 0.0000e+00
 187.633947     56.555  34.838170     7.8631    2.53189     56.075    33.6317    26.2201 0.0000e+00
 187.633953     56.907  34.840676     7.8722    2.47598     56.424    33.6255    26.2139 0.0000e+00
 187.633958     57.239  34.845442     7.8696    2.38442     56.753    33.6329    26.2202 0.0000e+00
 187.633964     57.572  34.843687     7.8401    2.26046     57.084    33.6593    26.2452 0.0000e+00
 187.633970     57.923  34.830832     7.7837    2.14460     57.432    33.6998    26.2852 0.0000e+00
 187.633976     58.301  34.809914     7.7299    2.06250     57.806    33.7292    26.3160 0.0000e+00
 187.633981     58.704  34.793955     7.6991    2.01305     58.206    33.7417    26.3303 0.0000e+00
 187.633987     59.125  34.786886     7.6856    1.99117     58.623    33.7469    26.3364 0.0000e+00
 187.633993     59.556  34.783749     7.6798    1.98665     59.050    33.7490    26.3388 0.0000e+00
 187.633999     59.994  34.781477     7.6767    2.00068     59.485    33.7493    26.3395 0.0000e+00
 187.634005     60.441  34.779275     7.6744    2.00512     59.928    33.7489    26.3396 0.0000e+00
 187.634010     60.896  34.777568     7.6724    2.01141     60.379    33.7488    26.3398 0.0000e+00
 187.634016     61.354  34.776316     7.6706    2.02873     60.833    33.7490    26.3402 0.0000e+00
 187.634022     61.810  34.774967     7.6684    2.02910     61.285    33.7495    26.3409 0.0000e+00
 187.634028     62.259  34.773399     7.6659    2.04008     61.730    33.7500    26.3416 0.0000e+00
 187.634034     62.691  34.771759     7.6640    2.05031     62.158    33.7498    26.3418 0.0000e+00
 187.634039     63.089  34.770657     7.6638    2.04921     62.553    33.7487    26.3409 0.0000e+00
 187.634045     63.447  34.770860     7.6651    2.04188     62.908    33.7474    26.3398 0.0000e+00
 187.634051     63.774  34.771515     7.6670    2.03906     63.232    33.7462    26.3385 0.0000e+00
 187.634057     64.098  34.771808     7.6684    2.04319     63.553    33.7450    26.3374 0.0000e+00
 187.634063     64.449  34.772129     7.6685    2.03879     63.901    33.7450    26.3374 0.0000e+00
 187.634068     64.837  34.771784     7.6662    2.03966     64.286    33.7467    26.3391 0.0000e+00
 187.634074     65.256  34.769749     7.6618    2.04828     64.701    33.7486    26.3412 0.0000e+00
 187.634080     65.699  34.766669     7.6574    2.05350     65.140    33.7493    26.3424 0.0000e+00
 187.634086     66.160  34.764039     7.6539    2.05591     65.597    33.7497    26.3432 0.0000e+00
 187.634091     66.629  34.762273     7.6514    2.04963     66.062    33.7499    26.3438 0.0000e+00
 187.634097     67.095  34.761250     7.6498    2.03900     66.524    33.7502    26.3442 0.0000e+00
 187.634103     67.543  34.760724     7.6485    2.04059     66.968    33.7507    26.3447 0.0000e+00
 187.634109     67.960  34.759986     7.6477    2.03906     67.382    33.7504    26.3447 0.0000e+00
 187.634115     68.333  34.759169     7.6475    2.04997     67.751    33.7496    26.3440 0.0000e+00
 187.634120     68.653  34.758859     7.6481    2.04790     68.069    33.7485    26.3431 0.0000e+00
 187.634126     68.910  34.759199     7.6494    2.03997     68.323    33.7475    26.3421 0.0000e+00
 187.634132     69.107  34.760079     7.6498    2.04715     68.519    33.7479    26.3425 0.0000e+00
 187.634138     69.265  34.760427     7.6491    2.04011     68.675    33.7489    26.3433 0.0000e+00
 187.634144     69.407  34.759585     7.6485    2.03614     68.816    33.7485    26.3431 0.0000e+00
 187.634149     69.538  34.758671     7.6480    2.04380     68.946    33.7480    26.3427 -9.990e-29
 187.634155     69.640  34.758145     7.6474    2.03750     69.047    33.7479    26.3428 -9.990e-29
 187.634161     69.687  34.757863     7.6472    2.03427     69.094    33.7478    26.3427 -9.990e-29
 187.634167     69.655  34.758003     7.6474    2.03507     69.062    33.7478    26.3427 -9.990e-29
 187.634172     69.538  34.758187     7.6475    2.04089     68.946    33.7479    26.3428 -9.990e-29
 187.634178     69.341  34.758097     7.6475    2.03984     68.751    33.7479    26.3428 0.0000e+00
 187.634184     69.074  34.757612     7.6472    2.04076     68.486    33.7478    26.3427 0.0000e+00
 187.634190     68.748  34.756646     7.6468    2.04580     68.163    33.7473    26.3424 0.0000e+00
 187.634196     68.383  34.755593     7.6468    2.03879     67.801    33.7464    26.3416 0.0000e+00
 187.634201     68.005  34.754732     7.6470    2.04131     67.426    33.7454    26.3409 0.0000e+00
 187.634207     67.642  34.754034     7.6468    2.04020     67.066    33.7450    26.3406 0.0000e+00
 187.634213     67.293  34.753693     7.6468    2.03211     66.720    33.7448    26.3404 0.0000e+00
 187.634219     66.935  34.753814     7.6474    2.03430     66.366    33.7446    26.3401 0.0000e+00
 187.634225     66.553  34.753995     7.6486    2.04206     65.987    33.7438    26.3393 0.0000e+00
 187.634230     66.150  34.753916     7.6500    2.04520     65.587    33.7425    26.3381 0.0000e+00
 187.634236     65.738  34.754032     7.6513    2.04108     65.179    33.7416    26.3372 0.0000e+00
 187.634242     65.329  34.754500     7.6525    2.04489     64.774    33.7411    26.3366 0.0000e+00
 187.634248     64.932  34.754823     7.6533    2.04358     64.380    33.7409    26.3363 0.0000e+00
 187.634253     64.551  34.754872     7.6537    2.04485     64.002    33.7407    26.3362 0.0000e+00
 187.634259     64.178  34.754710     7.6537    2.04694     63.632    33.7407    26.3362 0.0000e+00
 187.634265     63.795  34.754681     7.6544    2.03620     63.253    33.7402    26.3356 0.0000e+00
 187.634271     63.377  34.755305     7.6566    2.04174     62.838    33.7389    26.3343 0.0000e+00
 187.634277     62.911  34.756292     7.6601    2.03600     62.376    33.7368    26.3322 0.0000e+00
 187.634282     62.404  34.757275     7.6642    2.03527     61.874    33.7342    26.3295 0.0000e+00
 187.634288     61.882  34.758443     7.6676    2.02921     61.356    33.7324    26.3276 0.0000e+00
 187.634294     61.369  34.759676     7.6697    2.03190     60.848    33.7319    26.3269 0.0000e+00
 187.634300     60.889  34.760377     7.6704    2.03454     60.372    33.7322    26.3270 0.0000e+00
 187.634306     60.454  34.760363     7.6703    2.02846     59.941    33.7325    26.3273 0.0000e+00
 187.634311     60.057  34.760177     7.6702    2.02124     59.547    33.7326    26.3273 0.0000e+00
 187.634317     59.679  34.760130     7.6706    2.02327     59.172    33.7323    26.3271 0.0000e+00
 187.634323     59.298  34.760160     7.6713    2.03306     58.795    33.7319    26.3266 0.0000e+00
 187.634329     58.908  34.760303     7.6728    2.07468     58.408    33.7308    26.3255 0.0000e+00
 187.634334     58.506  34.760748     7.6764    2.14169     58.009    33.7280    26.3228 0.0000e+00
 187.634340     58.083  34.761528     7.6842    2.21750     57.590    33.7214    26.3165 0.0000e+00
 187.634346     57.642  34.762001     7.6997    2.28969     57.153    33.7071    26.3031 0.0000e+00
 187.634352     57.206  34.762797     7.7187    2.34903     56.721    33.6898    26.2867 0.0000e+00
 187.634358     56.798  34.764981     7.7312    2.41038     56.316    33.6803    26.2774 0.0000e+00
 187.634363     56.419  34.766984     7.7388    2.43534     55.940    33.6753    26.2724 0.0000e+00
 187.634369     56.049  34.768118     7.7507    2.45150     55.574    33.6652    26.2627 0.0000e+00
 187.634375     55.663  34.771015     7.7742    2.46524     55.191    33.6458    26.2441 0.0000e+00
 187.634381     55.247  34.779536     7.8232    2.48178     54.779    33.6079    26.2072 0.0000e+00
 187.634387     54.803  34.799999     7.9010    2.50065     54.338    33.5552    26.1545 0.0000e+00
 187.634392     54.350  34.835586     7.9701    2.53069     53.889    33.5272    26.1224 0.0000e+00
 187.634398     53.902  34.867610     7.9953    2.56035     53.445    33.5375    26.1267 0.0000e+00
 187.634404     53.457  34.874882     8.0055    2.60883     53.004    33.5357    26.1238 0.0000e+00
 187.634410     53.006  34.872719     8.0488    2.68759     52.557    33.4921    26.0833 0.0000e+00
 187.634416     52.552  34.886265     8.1187    2.73953     52.107    33.4400    26.0320 0.0000e+00
 187.634421     52.100  34.910034     8.1761    2.78830     51.659    33.4108    26.0006 0.0000e+00
 187.634427     51.656  34.926396     8.2068    2.82543     51.218    33.3992    25.9869 0.0000e+00
 187.634433     51.228  34.933642     8.2195    2.83710     50.794    33.3950    25.9817 0.0000e+00
 187.634439     50.825  34.938640     8.2276    2.85040     50.395    33.3928    25.9788 0.0000e+00
 187.634444     50.433  34.945817     8.2421    2.86061     50.006    33.3868    25.9719 0.0000e+00
 187.634450     50.028  34.956894     8.2784    2.87817     49.604    33.3642    25.9488 0.0000e+00
 187.634456     49.597  34.970387     8.3417    2.92162     49.177    33.3187    25.9036 0.0000e+00
 187.634462     49.146  34.984105     8.4075    2.98172     48.730    33.2712    25.8565 0.0000e+00
 187.634468     48.689  34.995602     8.4546    3.02415     48.277    33.2391    25.8242 0.0000e+00
 187.634473     48.241  35.002287     8.4847    3.07533     47.833    33.2180    25.8031 0.0000e+00
 187.634479     47.802  35.005241     8.5093    3.13587     47.398    33.1981    25.7838 0.0000e+00
 187.634485     47.357  35.007849     8.5455    3.20751     46.956    33.1670    25.7539 0.0000e+00
 187.634491     46.896  35.013592     8.6010    3.27786     46.499    33.1212    25.7095 0.0000e+00
 187.634497     46.423  35.023965     8.6591    3.32839     46.030    33.0779    25.6667 0.0000e+00
 187.634502     45.946  35.034868     8.7005    3.33167     45.557    33.0509    25.6392 0.0000e+00
 187.634508     45.465  35.043475     8.7273    3.32581     45.081    33.0351    25.6227 0.0000e+00
 187.634514     44.979  35.051744     8.7622    3.31444     44.599    33.0114    25.5988 0.0000e+00
 187.634520     44.492  35.066223     8.8197    3.29164     44.116    32.9732    25.5601 0.0000e+00
 187.634525     44.007  35.091649     8.8833    3.27382     43.635    32.9409    25.5249 0.0000e+00
 187.634531     43.531  35.118764     8.9280    3.28457     43.163    32.9279    25.5078 0.0000e+00
 187.634537     43.076  35.135528     8.9463    3.31033     42.712    32.9286    25.5055 0.0000e+00
 187.634543     42.649  35.142445     8.9506    3.36097     42.289    32.9321    25.5075 0.0000e+00
 187.634549     42.238  35.144825     8.9645    3.45163     41.881    32.9218    25.4973 0.0000e+00
 187.634554     41.822  35.148646     9.0003    3.54022     41.469    32.8929    25.4690 0.0000e+00
 187.634560     41.375  35.159000     9.0671    3.64748     41.026    32.8421    25.4189 0.0000e+00
 187.634566     40.881  35.176239     9.1725    3.75510     40.536    32.7632    25.3405 0.0000e+00
 187.634572     40.347  35.200931     9.2869    3.82515     40.006    32.6840    25.2605 0.0000e+00
 187.634578     39.799  35.227894     9.3681    3.85757     39.463    32.6379    25.2115 0.0000e+00
 187.634583     39.266  35.248253     9.4045    3.86563     38.935    32.6259    25.1963 0.0000e+00
 187.634589     38.761  35.258349     9.4106    3.86088     38.434    32.6309    25.1993 0.0000e+00
 187.634595     38.286  35.261571     9.4144    3.87379     37.963    32.6310    25.1987 0.0000e+00
 187.634601     37.841  35.266705     9.4310    3.89644     37.522    32.6213    25.1885 0.0000e+00
 187.634606     37.419  35.276674     9.4533    3.90922     37.103    32.6114    25.1772 0.0000e+00
 187.634612     37.006  35.286831     9.4765    3.92908     36.694    32.6009    25.1653 0.0000e+00
 187.634618     36.584  35.296708     9.5152    3.93254     36.275    32.5761    25.1396 0.0000e+00
 187.634624     36.143  35.314993     9.5750    3.92744     35.838    32.5407    25.1024 0.0000e+00
 187.634630     35.689  35.344208     9.6329    3.94555     35.388    32.5184    25.0755 0.0000e+00
 187.634635     35.237  35.371740     9.6688    3.96264     34.940    32.5142    25.0664 0.0000e+00
 187.634641     34.796  35.388345     9.6838    3.98846     34.503    32.5178    25.0668 0.0000e+00
 187.634647     34.364  35.395434     9.6891    4.00796     34.074    32.5204    25.0680 0.0000e+00
