data/oxygen options/OCNMS/OCNMS2/raw_data/2005/CTD_TH30_070705faed.cnv
* Sea-Bird SBE19 Data File:
* FileName = C:\Hypoxia Data\TH30_070705.hex
* Software Version 1.1.6
* Temperature SN = 2997
* Conductivity SN = 2997
* System UpLoad Time = Jul 07 2005 10:01:07
* SEACAT PROFILER V3.1c SN 2997   07/07/05  10:00:36.116
* strain gauge pressure sensor: S/N = 184829,  range = 3000 psia,  tc = 40
# nquan = 9                                 
# nvalues = 617                         
# units = specified
# name 0 = timeJ: Julian Days
# name 1 = prSM: Pressure, Strain Gauge [db]
# name 2 = c0mS/cm: Conductivity [mS/cm]
# name 3 = t090C: Temperature [ITS-90, deg C]
# name 4 = oxML/L: Oxygen, Beckman/YSI [ml/l]
# name 5 = depSM: Depth [salt water, m], lat = 47.5
# name 6 = sal00: Salinity, Practical [PSU]
# name 7 = sigma-é00: Density [sigma-theta, kg/m^3]
# name 8 = flag: flag
# span 0 = 188.382396, 188.385961       
# span 1 =     -3.354,     30.858       
# span 2 =   0.253690,  38.834653       
# span 3 =     9.8016,    17.0188       
# span 4 =   -1.12728,   22.49208       
# span 5 =     -3.326,     30.598       
# span 6 =     0.1447,    32.6282       
# span 7 =    -1.1063,    25.1320       
# span 8 = 0.0000e+00, 0.0000e+00       
# interval = seconds: 0.5
# start_time = Jul 07 2005 09:10:39 [Instrument's time stamp, header]
# bad_flag = -9.990e-29
*END*
[from data line 481]
 188.385179      3.258  38.708816    15.2863   11.27942      3.231    30.9638    22.8014 0.0000e+00
 188.385185      3.476  38.707469    15.2669   11.31311      3.447    30.9779    22.8164 0.0000e+00
 188.385191      3.748  38.701578    15.2273   11.35026      3.717    31.0038    22.8448 0.0000e+00
 188.385197      4.078  38.691694    15.1703   11.38045      4.044    31.0399    22.8849 0.0000e+00
 188.385203      4.461  38.682576    15.0924   11.39976      4.424    31.0934    22.9427 0.0000e+00
 188.385208      4.885  38.674951    14.9873   11.41357      4.844    31.1701    23.0241 0.0000e+00
 188.385214      5.336  38.665372    14.8672   11.42930      5.291    31.2573    23.1168 0.0000e+00
 188.385220      5.810  38.653952    14.7416   11.44880      5.761    31.3478    23.2130 0.0000e+00
 188.385226      6.302  38.641710    14.6031   11.47069      6.249    31.4483    23.3196 0.0000e+00
 188.385231      6.811  38.612861    14.4589   11.49297      6.754    31.5390    23.4196 0.0000e+00
 188.385237      7.333  38.556401    14.3290   11.51436      7.272    31.5933    23.4884 0.0000e+00
 188.385243      7.865  38.495729    14.2215   11.53380      7.799    31.6255    23.5356 0.0000e+00
 188.385249      8.391  38.445819    14.1408   11.55533      8.321    31.6458    23.5678 0.0000e+00
 188.385255      8.900  38.401230    14.0923   11.58405      8.826    31.6445    23.5768 0.0000e+00
 188.385260      9.390  38.369223    14.0689   11.61387      9.311    31.6342    23.5736 0.0000e+00
 188.385266      9.869  38.353656    14.0557   11.65567      9.786    31.6306    23.5736 0.0000e+00
 188.385272     10.352  38.344422    14.0446   11.63531     10.265    31.6310    23.5762 0.0000e+00
 188.385278     10.847  38.335376    14.0346   11.47998     10.756    31.6307    23.5780 0.0000e+00
 188.385284     11.358  38.326236    14.0263   11.43340     11.263    31.6290    23.5784 0.0000e+00
 188.385289     11.876  38.317710    14.0202   11.43864     11.777    31.6259    23.5773 0.0000e+00
 188.385295     12.398  38.311329    14.0137   11.46051     12.294    31.6252    23.5781 0.0000e+00
 188.385301     12.925  38.305872    14.0017   11.48810     12.817    31.6299    23.5841 0.0000e+00
 188.385307     13.463  38.295745    13.9787   11.43547     13.350    31.6393    23.5961 0.0000e+00
 188.385313     14.007  38.275299    13.9402   11.32117     13.890    31.6519    23.6137 0.0000e+00
 188.385318     14.548  38.242505    13.8811   11.14045     14.426    31.6702    23.6399 0.0000e+00
 188.385324     15.078  38.195132    13.8042   10.84708     14.952    31.6897    23.6705 0.0000e+00
 188.385330     15.593  38.132257    13.7141   10.51058     15.462    31.7059    23.7012 0.0000e+00
 188.385336     16.095  38.056955    13.6037   10.39720     15.960    31.7274    23.7400 0.0000e+00
 188.385341     16.587  37.973675    13.4828   10.53253     16.448    31.7502    23.7818 0.0000e+00
 188.385347     17.074  37.898096    13.3757   10.77705     16.931    31.7688    23.8175 0.0000e+00
 188.385353     17.570  37.844380    13.2747   10.85571     17.423    31.8027    23.8637 0.0000e+00
 188.385359     18.081  37.799201    13.1630   10.84291     17.929    31.8537    23.9252 0.0000e+00
 188.385365     18.605  37.747165    13.0599   10.71174     18.449    31.8912    23.9744 0.0000e+00
 188.385370     19.137  37.699622    12.9860   10.50776     18.976    31.9084    24.0022 0.0000e+00
 188.385376     19.668  37.666619    12.9208   10.34255     19.503    31.9321    24.0332 0.0000e+00
 188.385382     20.194  37.632729    12.8133    9.99115     20.024    31.9907    24.0994 0.0000e+00
 188.385388     20.715  37.567335    12.5980    9.69893     20.541    32.1114    24.2343 0.0000e+00
 188.385394     21.223  37.429779    12.2502    9.38283     21.045    32.2780    24.4294 0.0000e+00
 188.385399     21.710  37.185794    11.9060    8.99812     21.528    32.3405    24.5422 0.0000e+00
 188.385405     22.172  36.941760    11.7042    8.74019     21.986    32.2790    24.5315 0.0000e+00
 188.385411     22.617  36.843755    11.5158    8.54123     22.427    32.3475    24.6191 0.0000e+00
 188.385417     23.056  36.753751    11.2212    8.45532     22.862    32.5178    24.8044 0.0000e+00
 188.385422     23.492  36.535465    10.9084    8.40521     23.295    32.5791    24.9074 0.0000e+00
 188.385428     23.914  36.297008    10.6533    8.18032     23.713    32.5688    24.9438 0.0000e+00
 188.385434     24.306  36.113938    10.5017    0.89974     24.102    32.5210    24.9326 0.0000e+00
 188.385440     24.663  36.011745    10.4708   -1.12728     24.456    32.4460    24.8795 0.0000e+00
 188.385446     25.003  35.998760    10.4989   -0.79986     24.793    32.4079    24.8450 0.0000e+00
 188.385451     25.352  36.024010    10.5274    0.92793     25.139    32.4076    24.8399 0.0000e+00
 188.385457     25.729  36.048293    10.5199    4.23327     25.513    32.4384    24.8652 0.0000e+00
 188.385463     26.136  36.052989    10.4247    4.25043     25.916    32.5279    24.9512 0.0000e+00
 188.385469     26.556  35.991114    10.2582    7.29869     26.333    32.6148    25.0472 0.0000e+00
 188.385475     26.977  35.872665    10.1178   10.19132     26.750    32.6214    25.0760 0.0000e+00
 188.385480     27.405  35.786343    10.0421    4.50217     27.174    32.6022    25.0736 0.0000e+00
 188.385486     27.836  35.750994    10.0059    3.11785     27.602    32.5988    25.0770 0.0000e+00
 188.385492     28.261  35.734033     9.9913    1.31004     28.023    32.5946    25.0761 0.0000e+00
 188.385498     28.677  35.725172     9.9870    1.72010     28.436    32.5893    25.0727 0.0000e+00
 188.385503     29.074  35.719318     9.9768    5.91582     28.829    32.5924    25.0768 0.0000e+00
 188.385509     29.441  35.709224     9.9555   11.80865     29.193    32.6012    25.0873 0.0000e+00
 188.385515     29.771  35.695447     9.9336   13.17871     29.520    32.6069    25.0953 0.0000e+00
 188.385521     30.055  35.681478     9.9212   12.92614     29.802    32.6038    25.0949 0.0000e+00
 188.385527     30.290  35.670550     9.9157   11.21213     30.035    32.5975    25.0910 0.0000e+00
 188.385532     30.490  35.664347     9.9052    8.75093     30.233    32.6006    25.0951 0.0000e+00
 188.385538     30.660  35.655157     9.8903    8.67996     30.402    32.6047    25.1008 -9.990e-29
 188.385544     30.784  35.644183     9.8781    8.53331     30.525    32.6045    25.1026 -9.990e-29
 188.385550     30.850  35.636412     9.8687    8.38354     30.590    32.6051    25.1046 -9.990e-29
 188.385556     30.858  35.630450     9.8608    8.32023     30.598    32.6062    25.1068 -9.990e-29
 188.385561     30.811  35.626195     9.8553    8.31217     30.552    32.6068    25.1082 -9.990e-29
 188.385567     30.695  35.624141     9.8488    8.28853     30.437    32.6107    25.1123 -9.990e-29
 188.385573     30.494  35.620991     9.8331    8.27972     30.237    32.6218    25.1235 0.0000e+00
 188.385579     30.215  35.608623     9.8122    8.30383     29.961    32.6282    25.1320 0.0000e+00
 188.385584     29.881  35.590729     9.8016    8.33965     29.629    32.6197    25.1271 0.0000e+00
 188.385590     29.516  35.581571     9.8051    8.36338     29.268    32.6074    25.1169 0.0000e+00
 188.385596     29.143  35.583511     9.8141    8.35319     28.898    32.6014    25.1107 0.0000e+00
 188.385602     28.771  35.588489     9.8250    8.37753     28.529    32.5968    25.1053 0.0000e+00
 188.385608     28.386  35.593622     9.8482    8.41734     28.147    32.5812    25.0893 0.0000e+00
 188.385613     27.979  35.605759     9.8908    8.46688     27.744    32.5552    25.0620 0.0000e+00
 188.385619     27.552  35.630435     9.9309    8.51725     27.320    32.5443    25.0469 0.0000e+00
 188.385625     27.117  35.653474     9.9460    8.44063     26.889    32.5542    25.0521 0.0000e+00
 188.385631     26.669  35.660208     9.9542    8.35600     26.445    32.5539    25.0505 0.0000e+00
 188.385637     26.190  35.663550     9.9837    8.38682     25.970    32.5309    25.0276 0.0000e+00
 188.385642     25.677  35.678051    10.0458    8.52250     25.461    32.4900    24.9854 0.0000e+00
 188.385648     25.139  35.706231    10.1282    8.76887     24.928    32.4447    24.9364 0.0000e+00
 188.385654     24.602  35.746995    10.1924    8.96651     24.395    32.4286    24.9130 0.0000e+00
 188.385660     24.087  35.781283    10.2347    9.09723     23.885    32.4256    24.9035 0.0000e+00
 188.385666     23.591  35.804946    10.3091    9.35949     23.393    32.3832    24.8579 0.0000e+00
 188.385671     23.105  35.852913    10.5064    9.67858     22.911    32.2561    24.7255 0.0000e+00
 188.385677     22.627  35.986341    10.8818   10.05481     22.437    32.0587    24.5071 0.0000e+00
 188.385683     22.161  36.240755    11.3017   10.40901     21.975    31.9441    24.3440 0.0000e+00
 188.385689     21.707  36.520946    11.5560   10.65118     21.525    31.9981    24.3403 0.0000e+00
 188.385694     21.257  36.689309    11.6292   10.82717     21.079    32.0989    24.4053 0.0000e+00
 188.385700     20.801  36.740009    11.6791   11.04423     20.626    32.1052    24.4011 0.0000e+00
 188.385706     20.326  36.781619    11.8889   11.22650     20.155    31.9649    24.2538 0.0000e+00
 188.385712     19.823  36.935772    12.2674   11.41645     19.657    31.7904    24.0481 0.0000e+00
 188.385718     19.300  37.190459    12.6067   11.53245     19.138    31.7464    23.9499 0.0000e+00
 188.385723     18.773  37.397517    12.7842   11.52090     18.615    31.7933    23.9522 0.0000e+00
 188.385729     18.252  37.491099    12.8521   11.49651     18.099    31.8248    23.9634 0.0000e+00
 188.385735     17.735  37.519801    12.8938   11.46571     17.586    31.8170    23.9493 0.0000e+00
 188.385741     17.208  37.532014    12.9854   11.49801     17.064    31.7519    23.8811 0.0000e+00
 188.385747     16.669  37.572623    13.1401   11.55367     16.529    31.6609    23.7805 0.0000e+00
 188.385752     16.135  37.655403    13.2868   11.62516     16.000    31.6165    23.7174 0.0000e+00
 188.385758     15.622  37.733746    13.3636   11.71424     15.491    31.6261    23.7096 0.0000e+00
 188.385764     15.129  37.771972    13.3845   11.75968     15.002    31.6446    23.7197 0.0000e+00
 188.385770     14.640  37.786881    13.4463   11.79392     14.517    31.6074    23.6787 0.0000e+00
 188.385775     14.147  37.843223    13.6011   11.83418     14.028    31.5320    23.5896 0.0000e+00
 188.385781     13.648  37.966212    13.7614   11.86947     13.534    31.5141    23.5435 0.0000e+00
 188.385787     13.149  38.079844    13.8405   11.86061     13.039    31.5542    23.5585 0.0000e+00
 188.385793     12.652  38.124827    13.8627   11.80701     12.546    31.5776    23.5720 0.0000e+00
 188.385799     12.149  38.135387    13.8950   11.75611     12.047    31.5610    23.5526 0.0000e+00
 188.385804     11.627  38.165434    13.9491   11.72602     11.530    31.5444    23.5289 0.0000e+00
 188.385810     11.092  38.212411    13.9930   11.69454     10.999    31.5518    23.5256 0.0000e+00
 188.385816     10.566  38.246998    14.0131   11.61221     10.478    31.5673    23.5335 0.0000e+00
 188.385822     10.066  38.262059    14.0186   11.52466      9.982    31.5768    23.5397 0.0000e+00
 188.385828      9.591  38.265915    14.0222   11.45164      9.511    31.5776    23.5395 0.0000e+00
 188.385833      9.124  38.269323    14.0352   11.38940      9.048    31.5702    23.5312 0.0000e+00
 188.385839      8.654  38.282436    14.0651   11.43854      8.582    31.5580    23.5156 0.0000e+00
 188.385845      8.188  38.310968    14.1021   11.54632      8.120    31.5540    23.5049 0.0000e+00
 188.385851      7.726  38.345862    14.1233   11.60560      7.661    31.5688    23.5120 0.0000e+00
 188.385856      7.267  38.362437    14.1334   11.69682      7.206    31.5759    23.5154 0.0000e+00
 188.385862      6.813  38.358693    14.1851   11.80115      6.756    31.5304    23.4696 0.0000e+00
 188.385868      6.360  38.380676    14.3086   11.93155      6.307    31.4499    23.3821 0.0000e+00
 188.385874      5.909  38.453210    14.4554   11.94937      5.860    31.3970    23.3108 0.0000e+00
 188.385880      5.471  38.535066    14.5708   11.90415      5.425    31.3781    23.2722 0.0000e+00
 188.385885      5.055  38.580637    14.6527   11.64514      5.013    31.3534    23.2360 0.0000e+00
 188.385891      4.661  38.589595    14.7260   11.34934      4.622    31.3026    23.1815 0.0000e+00
 188.385897      4.281  38.589236    14.8221   11.41887      4.245    31.2253    23.1016 0.0000e+00
 188.385903      3.912  38.592556    14.9426   11.30180      3.879    31.1321    23.0044 0.0000e+00
 188.385909      3.561  38.598010    15.0385 -9.990e-29      3.531    31.0609    22.9291 0.0000e+00
 188.385914      3.234  38.603916    15.0806 -9.990e-29      3.207    31.0329    22.8986 0.0000e+00
 188.385920      2.938  38.602103    15.0921 -9.990e-29      2.913    31.0222    22.8879 0.0000e+00
 188.385926      2.682  38.586249    15.0820 -9.990e-29      2.660    31.0161    22.8854 0.0000e+00
 188.385932      2.477  38.562140    15.0369 -9.990e-29      2.456    31.0304    22.9060 0.0000e+00
 188.385938      2.318  38.539131    14.9815 -9.990e-29      2.299    31.0538    22.9358 -9.990e-29
 188.385943      2.198  38.520193    14.9430 -9.990e-29      2.180    31.0675    22.9545 -9.990e-29
 188.385949      2.120  38.501374    14.9127 -9.990e-29      2.102    31.0747    22.9665 -9.990e-29
 188.385955      2.077  38.481686    14.8974 -9.990e-29      2.060    31.0692    22.9655 -9.990e-29
 188.385961      2.063  38.466277 -9.990e-29 -9.990e-29      2.046 -9.990e-29 -9.990e-29 -9.990e-29
