data/oxygen options/OCNMS/OCNMS2/raw_data/2005/CTD_TH80_083105faed.cnv
* Sea-Bird SBE19 Data File:
* FileName = C:\hypoxia CTD data\TH80_083105.hex
* Software Version 1.1.5
* Temperature SN = 2997
* Conductivity SN = 2997
* System UpLoad Time = Aug 31 2005 15:32:45
** Teahwhit Head 083105 80m
* SEACAT PROFILER V3.1c SN 2997   08/31/05  15:28:40.941
# nquan = 9                                 
# nvalues = 751                         
# units = specified
# name 0 = timeJ: Julian Days
# name 1 = prSM: Pressure, Strain Gauge [db]
# name 2 = c0mS/cm: Conductivity [mS/cm]
# name 3 = t090C: Temperature [ITS-90, deg C]
# name 4 = oxML/L: Oxygen, Beckman/YSI [ml/l]
# name 5 = depSM: Depth [salt water, m], lat = 47.5
# name 6 = sal00: Salinity, Practical [PSU]
# name 7 = sigma-é00: Density [sigma-theta, kg/m^3]
# name 8 = flag: flag
# span 0 = 243.493310, 243.497650       
# span 1 =     -3.505,     82.520       
# span 2 =   0.369587,  39.389481       
# span 3 =     7.3796,    14.9443       
# span 4 =  -12.79426,   24.13236       
# span 5 =     -3.476,     81.815       
# span 6 =     0.2266,    33.7858       
# span 7 =    -0.5904,    26.4101       
# span 8 = 0.0000e+00, 0.0000e+00       
# interval = seconds: 0.5
# start_time = Aug 31 2005 11:50:22 [Instrument's time stamp, header]
# bad_flag = -9.990e-29
*END*
[from data line 641]
 243.497020     41.512  34.550944     7.7689    3.46079     41.161    33.4211    26.0681 0.0000e+00
 243.497025     40.963  34.557481     7.7880    3.47743     40.617    33.4100    26.0567 0.0000e+00
 243.497031     40.413  34.564430     7.8056    3.50447     40.072    33.4009    26.0469 0.0000e+00
 243.497037     39.871  34.569841     7.8215    3.53409     39.534    33.3917    26.0374 0.0000e+00
 243.497043     39.330  34.574758     7.8419    3.56655     38.998    33.3777    26.0235 0.0000e+00
 243.497049     38.788  34.584051     7.8733    3.60046     38.461    33.3579    26.0034 0.0000e+00
 243.497054     38.248  34.600014     7.9169    3.65754     37.925    33.3337    25.9779 0.0000e+00
 243.497060     37.714  34.624866     7.9742    3.71182     37.396    33.3059    25.9478 0.0000e+00
 243.497066     37.183  34.665396     8.0399    3.75906     36.869    33.2868    25.9232 0.0000e+00
 243.497072     36.649  34.716223     8.0992    3.81222     36.340    33.2849    25.9130 0.0000e+00
 243.497078     36.113  34.761039     8.1478    3.84755     35.808    33.2867    25.9072 0.0000e+00
 243.497083     35.577  34.796258     8.1897    3.85990     35.277    33.2846    25.8994 0.0000e+00
 243.497089     35.038  34.822316     8.2258    3.85659     34.743    33.2783    25.8890 0.0000e+00
 243.497095     34.502  34.842003     8.2551    3.87114     34.211    33.2717    25.8795 0.0000e+00
 243.497101     33.974  34.861388     8.2709    3.93645     33.688    33.2776    25.8817 0.0000e+00
 243.497106     33.444  34.870999     8.2758    4.05904     33.162    33.2834    25.8855 0.0000e+00
 243.497112     32.905  34.870754     8.2942    4.19170     32.628    33.2659    25.8691 0.0000e+00
 243.497118     32.357  34.886106     8.3416    4.35297     32.084    33.2376    25.8398 0.0000e+00
 243.497124     31.787  34.925741     8.4180    4.47915     31.519    33.2077    25.8048 0.0000e+00
 243.497130     31.183  34.976914     8.5449    4.61005     30.920    33.1425    25.7345 0.0000e+00
 243.497135     30.559  35.049556     8.7584    4.71001     30.302    33.0193    25.6053 0.0000e+00
 243.497141     29.934  35.173817     9.0079    4.75252     29.682    32.9174    25.4869 0.0000e+00
 243.497147     29.330  35.314697     9.1615    4.76149     29.083    32.9218    25.4662 0.0000e+00
 243.497153     28.757  35.384816     9.1777    4.73792     28.515    32.9798    25.5089 0.0000e+00
 243.497159     28.220  35.376243     9.1396    4.71269     27.983    33.0064    25.5358 0.0000e+00
 243.497164     27.703  35.348206     9.1158    4.68709     27.470    32.9996    25.5342 0.0000e+00
 243.497170     27.189  35.317686     9.1073    4.68367     26.960    32.9760    25.5171 0.0000e+00
 243.497176     26.669  35.239480     9.1078    4.68298     26.445    32.8947    25.4534 0.0000e+00
 243.497182     26.145  35.119177     9.1106    4.69420     25.925    32.7676    25.3535 0.0000e+00
 243.497188     25.622  35.029568     9.1070    4.73122     25.407    32.6783    25.2842 0.0000e+00
 243.497193     25.105  34.990750     9.1010    4.87054     24.894    32.6438    25.2581 0.0000e+00
 243.497199     24.586  34.981792     9.0932    5.08641     24.379    32.6419    25.2578 0.0000e+00
 243.497205     24.050  34.977287     9.0810    5.31686     23.848    32.6486    25.2650 0.0000e+00
 243.497211     23.489  34.944872     9.0781    5.47757     23.292    32.6179    25.2415 0.0000e+00
 243.497216     22.909  34.900175     9.1064    5.48376     22.717    32.5460    25.1807 0.0000e+00
 243.497222     22.320  34.892900     9.1690    5.31357     22.133    32.4816    25.1205 0.0000e+00
 243.497228     21.729  34.929032     9.2643    5.07745     21.547    32.4325    25.0671 0.0000e+00
 243.497234     21.139  34.992839     9.3948    4.85214     20.962    32.3801    25.0055 0.0000e+00
 243.497240     20.556  35.082511     9.5407    4.67847     20.383    32.3406    24.9512 0.0000e+00
 243.497245     19.981  35.179156     9.6722    4.64824     19.813    32.3212    24.9149 0.0000e+00
 243.497251     19.413  35.257489     9.7880    4.69560     19.250    32.2973    24.8774 0.0000e+00
 243.497257     18.849  35.322745     9.9215    4.78848     18.691    32.2443    24.8142 0.0000e+00
 243.497263     18.286  35.408689    10.1004    4.92198     18.133    32.1721    24.7282 0.0000e+00
 243.497269     17.729  35.540221    10.3413    5.02693     17.580    32.0913    24.6249 0.0000e+00
 243.497274     17.176  35.727345    10.6353    5.10822     17.032    32.0198    24.5192 0.0000e+00
 243.497280     16.616  35.944868    10.8967    5.10152     16.477    32.0072    24.4642 0.0000e+00
 243.497286     16.054  36.115061    11.0641    5.04905     15.919    32.0295    24.4523 0.0000e+00
 243.497292     15.504  36.212039    11.1605    5.01451     15.374    32.0412    24.4444 0.0000e+00
 243.497297     14.975  36.269830    11.2125    5.02744     14.849    32.0530    24.4444 0.0000e+00
 243.497303     14.466  36.303268    11.2250    5.14135     14.345    32.0752    24.4594 0.0000e+00
 243.497309     13.979  36.309284    11.2101    5.26444     13.862    32.0943    24.4769 0.0000e+00
 243.497315     13.510  36.297018    11.2029    5.40685     13.397    32.0887    24.4738 0.0000e+00
 243.497321     13.045  36.298328    11.2378    5.59727     12.936    32.0598    24.4451 0.0000e+00
 243.497326     12.577  36.337372    11.3742    5.81034     12.472    31.9799    24.3587 0.0000e+00
 243.497332     12.091  36.457782    11.6693    6.08919     11.990    31.8431    24.1992 0.0000e+00
 243.497338     11.576  36.707391    12.0389    6.34559     11.479    31.7687    24.0737 0.0000e+00
 243.497344     11.036  37.011373    12.3458    6.52545     10.944    31.7997    24.0404 0.0000e+00
 243.497350     10.489  37.250230    12.5780    6.66285     10.401    31.8310    24.0206 0.0000e+00
 243.497355      9.941  37.425678    12.8031    6.76147      9.858    31.8076    23.9593 0.0000e+00
 243.497361      9.393  37.604573    13.0696    6.84746      9.314    31.7526    23.8651 0.0000e+00
 243.497367      8.849  37.826380    13.3509    6.88154      8.775    31.7257    23.7889 0.0000e+00
 243.497373      8.311  38.061585    13.5741    6.81863      8.241    31.7592    23.7704 0.0000e+00
 243.497378      7.784  38.242461    13.7184    6.71153      7.719    31.8073    23.7785 0.0000e+00
 243.497384      7.273  38.354471    13.8265    6.60083      7.212    31.8214    23.7675 0.0000e+00
 243.497390      6.776  38.434256    13.9395    6.59096      6.719    31.8016    23.7292 0.0000e+00
 243.497396      6.295  38.520900    14.0465    6.59461      6.242    31.7931    23.7008 0.0000e+00
 243.497402      5.838  38.610464    14.0994    6.72304      5.789    31.8319    23.7198 0.0000e+00
 243.497407      5.405  38.651303    14.0776    6.72247      5.360    31.8876    23.7673 0.0000e+00
 243.497413      4.995  38.618235    14.0441    6.56707      4.953    31.8851    23.7722 0.0000e+00
 243.497419      4.604  38.578792    14.1144    6.42374      4.566    31.7909    23.6851 0.0000e+00
 243.497425      4.222  38.646947    14.3082    6.15372      4.187    31.6941    23.5704 0.0000e+00
 243.497431      3.852  38.826603    14.5168    5.95012      3.820    31.6872    23.5217 0.0000e+00
 243.497436      3.509  39.001120    14.6432    5.82774      3.480    31.7425    23.5377 0.0000e+00
 243.497442      3.204  39.089671    14.6779    6.23950      3.177    31.7945    23.5705 0.0000e+00
 243.497448      2.940  39.097051    14.6633    6.57457      2.915    31.8132    23.5880 0.0000e+00
 243.497454      2.717  39.061160    14.6265    6.84887      2.694    31.8109    23.5939 0.0000e+00
 243.497459      2.534  39.014908    14.5734    6.88577      2.513    31.8125    23.6063 0.0000e+00
 243.497465      2.383  38.976265    14.5212    6.97229      2.363    31.8202    23.6232 -9.990e-29
 243.497471      2.260  38.937439    14.4785    7.10253      2.241    31.8200    23.6320 -9.990e-29
 243.497477      2.164  38.858981    14.4304    7.20701      2.146    31.7880    23.6174 -9.990e-29
 243.497483      2.093  38.650845    14.3548    7.35584      2.076    31.6603    23.5346 -9.990e-29
 243.497488      2.044  38.112904    14.2497    7.46245      2.027    31.2551    23.2438 -9.990e-29
 243.497494      2.014  36.682704    14.1369    7.56880      1.997    30.0414    22.3311 -9.990e-29
 243.497500      2.000  32.608097    14.0316    7.59790      1.983    26.4381    19.5757 -9.990e-29
 243.497506      1.997  25.025015    13.9456    7.53862      1.980    19.7987    14.4845 -9.990e-29
 243.497512      1.992  16.420338    13.8926    7.43871      1.975    12.5181     8.9010 -9.990e-29
 243.497517      1.977   9.824942    13.8691    7.29977      1.960     7.1867     4.8089 -9.990e-29
 243.497523      1.954   6.087687    13.8609    7.12856      1.938     4.3004     2.5893 -9.990e-29
 243.497529      1.931   4.251749    13.8585    7.16084      1.915     2.9325     1.5353 -9.990e-29
 243.497535      1.911   3.245840    13.8579    7.18802      1.895     2.2016     0.9711 -9.990e-29
 243.497541      1.892   2.709217    13.8582    7.20225      1.876     1.8182     0.6749 -9.990e-29
 243.497546      1.877   2.531681    13.8599    7.24509      1.861     1.6924     0.5774 -9.990e-29
 243.497552      1.870   2.579232    13.8618    7.30230      1.854     1.7259     0.6031 -9.990e-29
 243.497558      1.870   2.629336    13.8625    7.40851      1.854     1.7613     0.6303 -9.990e-29
 243.497564      1.878   2.576683    13.8619    7.60530      1.862     1.7241     0.6017 -9.990e-29
 243.497569      1.889   2.480438    13.8605    7.68661      1.873     1.6562     0.5494 -9.990e-29
 243.497575      1.899   2.531517    13.8583    7.66011      1.883     1.6923     0.5776 -9.990e-29
 243.497581      1.911   2.954587    13.8562    7.50706      1.895     1.9929     0.8102 -9.990e-29
 243.497587      1.919   3.493347    13.8550   -5.71793      1.903     2.3802     1.1095 -9.990e-29
 243.497593      1.921   3.596379    13.8549  -12.79426      1.905     2.4548     1.1671 -9.990e-29
 243.497598      1.916   3.296766    13.8555 -9.990e-29      1.900     2.2383     0.9999 -9.990e-29
 243.497604      1.909   2.942275    13.8562 -9.990e-29      1.893     1.9842     0.8034 -9.990e-29
 243.497610      1.902   2.641257    13.8567 -9.990e-29      1.886     1.7700     0.6379 -9.990e-29
 243.497616      1.897   2.377191    13.8568 -9.990e-29      1.881     1.5836     0.4938 -9.990e-29
 243.497622      1.892   2.137226    13.8565 -9.990e-29      1.876     1.4155     0.3638 -9.990e-29
 243.497627      1.886   1.938931    13.8556 -9.990e-29      1.870     1.2775     0.2571 -9.990e-29
 243.497633      1.881   1.802659    13.8541 -9.990e-29      1.865     1.1833     0.1844 -9.990e-29
 243.497639      1.875   1.726537    13.8524 -9.990e-29      1.859     1.1309     0.1441 -9.990e-29
 243.497645      1.872   1.681772    13.8516 -9.990e-29      1.856     1.1001     0.1203 -9.990e-29
 243.497650      1.873   1.638644 -9.990e-29 -9.990e-29      1.857 -9.990e-29 -9.990e-29 -9.990e-29
