data/oxygen options/OCNMS/OCNMS2/raw_data/2005/CTD_TH90_060705faedb.cnv
* Sea-Bird SBE19 Data File:
* FileName = C:\hypoxia CTD data\TH90_060705.hex
* Software Version 1.1.5
* Temperature SN = 2997
* Conductivity SN = 2997
* System UpLoad Time = Jun 07 2005 12:45:58
* SEACAT PROFILER V3.1c SN 2997   06/07/05  12:45:01.073
* strain gauge pressure sensor: S/N = 184829,  range = 3000 psia,  tc = 40
# nquan = 9
# nvalues = 90                          
# units = specified
# name 0 = timeJ: Julian Days
# name 1 = prSM: Pressure, Strain Gauge [db]
# name 2 = c0mS/cm: Conductivity [mS/cm]
# name 3 = t090C: Temperature [ITS-90, deg C]
# name 4 = oxML/L: Oxygen, Beckman/YSI [ml/l]
# name 5 = depSM: Depth [salt water, m], lat = 47.5
# name 6 = sal00: Salinity, Practical [PSU]
# name 7 = sigma-é00: Density [sigma-theta, kg/m^3]
# name 8 = flag: flag
# span 0 = 158.502682, 158.503824       
# span 1 =      3.000,     92.000       
# span 2 =  34.656723,  36.557648       
# span 3 =     7.5181,    12.7530       
# span 4 =    2.41416,    6.94164       
# span 5 =      2.975,     91.212       
# span 6 =    31.0321,    33.7662       
# span 7 =    23.3685,    26.3757       
# span 8 = 0.0000e+00, 0.0000e+00       
# interval = decibars: 1                
# start_time = Jun 07 2005 12:00:29 [Instrument's time stamp, header]
# bad_flag = -9.990e-29
*END*
 158.502682      3.000  36.557648    12.7530    6.34297      2.975    31.0321    23.3685 0.0000e+00
 158.502701      4.000  36.535691    12.7081    6.36161      3.967    31.0480    23.3893 0.0000e+00
 158.502715      5.000  36.501581    12.6576    6.41832      4.958    31.0569    23.4059 0.0000e+00
 158.502728      6.000  36.470691    12.6005    6.57683      5.950    31.0744    23.4303 0.0000e+00
 158.502740      7.000  36.439296    12.5339    6.78794      6.942    31.0992    23.4621 0.0000e+00
 158.502752      8.000  36.417531    12.4708    6.94049      7.933    31.1304    23.4982 0.0000e+00
 158.502763      9.000  36.393128    12.3905    6.94164      8.925    31.1733    23.5465 0.0000e+00
 158.502776     10.000  36.342913    12.2972    6.79852      9.916    31.2027    23.5867 0.0000e+00
 158.502788     11.000  36.277375    12.1811    6.58206     10.908    31.2364    23.6346 0.0000e+00
 158.502799     12.000  36.186641    12.0295    6.34281     11.899    31.2759    23.6932 0.0000e+00
 158.502811     13.000  36.072913    11.8450    6.10129     12.891    31.3209    23.7619 0.0000e+00
 158.502822     14.000  35.927631    11.6303    5.90628     13.883    31.3611    23.8321 0.0000e+00
 158.502833     15.000  35.785677    11.4429    5.78280     14.874    31.3814    23.8814 0.0000e+00
 158.502843     16.000  35.672998    11.3036    5.71607     15.866    31.3894    23.9124 0.0000e+00
 158.502855     17.000  35.585721    11.1898    5.68910     16.858    31.4004    23.9411 0.0000e+00
 158.502865     18.000  35.505644    11.0931    5.67456     17.849    31.4039    23.9608 0.0000e+00
 158.502876     19.000  35.436228    11.0158    5.65828     18.841    31.4013    23.9722 0.0000e+00
 158.502887     20.000  35.381479    10.9431    5.63873     19.832    31.4092    23.9910 0.0000e+00
 158.502899     21.000  35.331188    10.8930    5.55112     20.824    31.4020    23.9941 0.0000e+00
 158.502911     22.000  35.299861    10.8305    5.36679     21.815    31.4242    24.0222 0.0000e+00
 158.502922     23.000  35.246882    10.7358    5.17986     22.807    31.4527    24.0607 0.0000e+00
 158.502933     24.000  35.177751    10.6065    4.98615     23.798    31.4950    24.1157 0.0000e+00
 158.502944     25.000  35.086541    10.4740    4.84613     24.790    31.5183    24.1563 0.0000e+00
 158.502954     26.000  35.032461    10.3841    4.76236     25.781    31.5418    24.1897 0.0000e+00
 158.502964     27.000  35.007089    10.2973    4.68496     26.773    31.5914    24.2429 0.0000e+00
 158.502975     28.000  34.986503    10.2236    4.61718     27.764    31.6345    24.2888 0.0000e+00
 158.502984     29.000  34.973848    10.1591    4.53204     28.756    31.6776    24.3331 0.0000e+00
 158.502995     30.000  34.968646    10.0802    4.43771     29.747    31.7411    24.3957 0.0000e+00
 158.503006     31.000  34.966320     9.9957    4.34045     30.739    31.8125    24.4653 0.0000e+00
 158.503018     32.000  34.959647     9.9083    4.24831     31.730    31.8824    24.5342 0.0000e+00
 158.503029     33.000  34.949231     9.8036    4.15552     32.722    31.9641    24.6150 0.0000e+00
 158.503040     34.000  34.932288     9.7126    4.08857     33.713    32.0274    24.6791 0.0000e+00
 158.503051     35.000  34.910462     9.6308    4.07381     34.705    32.0776    24.7315 0.0000e+00
 158.503062     36.000  34.891468     9.5522    4.11811     35.697    32.1280    24.7836 0.0000e+00
 158.503073     37.000  34.898458     9.4978    4.19478     36.688    32.1835    24.8357 0.0000e+00
 158.503084     38.000  34.939791     9.4911    4.27090     37.679    32.2314    24.8742 0.0000e+00
 158.503097     39.000  34.998142     9.4828    4.30809     38.671    32.2982    24.9277 0.0000e+00
 158.503109     40.000  35.034670     9.4229    4.30407     39.662    32.3893    25.0085 0.0000e+00
 158.503121     41.000  35.041723     9.3614    4.29883     40.654    32.4519    25.0672 0.0000e+00
 158.503133     42.000  35.035026     9.3225    4.25644     41.645    32.4798    25.0952 0.0000e+00
 158.503145     43.000  35.033581     9.2917    4.20912     42.636    32.5059    25.1206 0.0000e+00
 158.503157     44.000  35.033469     9.2500    4.15104     43.628    32.5433    25.1564 0.0000e+00
 158.503168     45.000  35.022507     9.1895    4.11057     44.620    32.5868    25.1999 0.0000e+00
 158.503179     46.000  35.011394     9.1359    4.08687     45.611    32.6238    25.2373 0.0000e+00
 158.503190     47.000  35.006696     9.1039    4.06371     46.603    32.6478    25.2612 0.0000e+00
 158.503201     48.000  35.007928     9.0828    4.05403     47.594    32.6680    25.2803 0.0000e+00
 158.503214     49.000  35.013345     9.0689    4.05356     48.586    32.6860    25.2965 0.0000e+00
 158.503227     50.000  35.017053     9.0588    4.03965     49.577    32.6986    25.3080 0.0000e+00
 158.503242     51.000  35.016279     9.0415    3.99624     50.568    32.7132    25.3222 0.0000e+00
 158.503254     52.000  35.017376     9.0147    3.95555     51.560    32.7386    25.3463 0.0000e+00
 158.503266     53.000  35.019052     8.9833    3.91757     52.551    32.7688    25.3748 0.0000e+00
 158.503277     54.000  35.016875     8.9562    3.87815     53.542    32.7911    25.3964 0.0000e+00
 158.503289     55.000  35.010912     8.9333    3.81793     54.533    32.8055    25.4114 0.0000e+00
 158.503301     56.000  35.002708     8.9086    3.76417     55.525    32.8194    25.4261 0.0000e+00
 158.503312     57.000  34.992273     8.8664    3.70610     56.517    32.8471    25.4543 0.0000e+00
 158.503324     58.000  34.978695     8.8196    3.63719     57.507    32.8757    25.4839 0.0000e+00
 158.503337     59.000  34.975560     8.8014    3.58272     58.499    32.8889    25.4970 0.0000e+00
 158.503350     60.000  34.979074     8.7412    3.51145     59.491    32.9480    25.5526 0.0000e+00
 158.503362     61.000  34.983924     8.6554    3.47046     60.482    33.0327    25.6321 0.0000e+00
 158.503374     62.000  34.993363     8.6188    3.43673     61.473    33.0764    25.6719 0.0000e+00
 158.503385     63.000  34.997435     8.5819    3.39526     62.464    33.1147    25.7076 0.0000e+00
 158.503396     64.000  34.991060     8.5311    3.34118     63.456    33.1553    25.7471 0.0000e+00
 158.503407     65.000  34.982285     8.4875    3.30100     64.448    33.1865    25.7783 0.0000e+00
 158.503418     66.000  34.976352     8.4658    3.27453     65.439    33.2002    25.7923 0.0000e+00
 158.503432     67.000  34.968236     8.4394    3.24918     66.430    33.2160    25.8087 0.0000e+00
 158.503445     68.000  34.958400     8.4129    3.20017     67.421    33.2302    25.8238 0.0000e+00
 158.503460     69.000  34.948883     8.3766    3.14411     68.413    33.2540    25.8479 0.0000e+00
 158.503473     70.000  34.933020     8.3196    3.10828     69.404    33.2906    25.8852 0.0000e+00
 158.503486     71.000  34.924553     8.2844    3.09901     70.396    33.3145    25.9092 0.0000e+00
 158.503497     72.000  34.923918     8.2705    3.10160     71.387    33.3265    25.9207 0.0000e+00
 158.503509     73.000  34.923809     8.2620    3.10498     72.378    33.3339    25.9278 0.0000e+00
 158.503522     74.000  34.924105     8.2546    3.10078     73.369    33.3409    25.9344 0.0000e+00
 158.503536     75.000  34.924080     8.2492    3.08155     74.361    33.3456    25.9388 0.0000e+00
 158.503551     76.000  34.919247     8.2262    3.06464     75.352    33.3617    25.9550 0.0000e+00
 158.503565     77.000  34.913698     8.1928    3.04460     76.343    33.3871    25.9799 0.0000e+00
 158.503578     78.000  34.909163     8.1539    3.02828     77.334    33.4188    26.0106 0.0000e+00
 158.503593     79.000  34.907266     8.1335    2.99863     78.326    33.4358    26.0269 0.0000e+00
 158.503606     80.000  34.903419     8.1007    2.96509     79.317    33.4625    26.0528 0.0000e+00
 158.503621     81.000  34.887617     8.0315    2.93948     80.308    33.5114    26.1014 0.0000e+00
 158.503636     82.000  34.872664     8.0052    2.90248     81.299    33.5201    26.1121 0.0000e+00
 158.503652     83.000  34.867972     7.9682    2.77191     82.291    33.5501    26.1410 0.0000e+00
 158.503667     84.000  34.833275     7.8259    2.59376     83.282    33.6493    26.2397 0.0000e+00
 158.503681     85.000  34.751185     7.6436    2.45437     84.273    33.7368    26.3348 0.0000e+00
 158.503695     86.000  34.699370     7.5614    2.41878     85.264    33.7601    26.3649 0.0000e+00
 158.503709     87.000  34.682100     7.5362    2.41416     86.256    33.7654    26.3727 0.0000e+00
 158.503723     88.000  34.674801     7.5277    2.42101     87.247    33.7653    26.3738 0.0000e+00
 158.503736     89.000  34.671690     7.5238    2.43584     88.238    33.7653    26.3744 0.0000e+00
 158.503750     90.000  34.669132     7.5195    2.43291     89.229    33.7662    26.3757 0.0000e+00
 158.503767     91.000  34.666472     7.5181    2.42809     90.221    33.7642    26.3744 0.0000e+00
 158.503824     92.000  34.656723     7.5274    2.43793     91.212    33.7441    26.3573 0.0000e+00
