data/oxygen options/OCNMS/OCNMS2/raw_data/2005/CTD_CA45_070705faedb.cnv
* Sea-Bird SBE19 Data File:
* FileName = C:\Hypoxia Data\CA45_070705.hex
* Software Version 1.1.6
* Temperature SN = 2997
* Conductivity SN = 2997
* System UpLoad Time = Jul 07 2005 14:50:26
* SEACAT PROFILER V3.1c SN 2997   07/07/05  14:49:50.053
* strain gauge pressure sensor: S/N = 184829,  range = 3000 psia,  tc = 40
# nquan = 9
# nvalues = 45                          
# units = specified
# name 0 = timeJ: Julian Days
# name 1 = prSM: Pressure, Strain Gauge [db]
# name 2 = c0mS/cm: Conductivity [mS/cm]
# name 3 = t090C: Temperature [ITS-90, deg C]
# name 4 = oxML/L: Oxygen, Beckman/YSI [ml/l]
# name 5 = depSM: Depth [salt water, m], lat = 47.5
# name 6 = sal00: Salinity, Practical [PSU]
# name 7 = sigma-é00: Density [sigma-theta, kg/m^3]
# name 8 = flag: flag
# span 0 = 171.928118, 188.584175       
# span 1 =      1.000,     46.000       
# span 2 =  23.084340,  45.856023       
# span 3 =     8.1557,    15.0549       
# span 4 =   -0.09791,    7.66962       
# span 5 =      0.991,     45.611       
# span 6 =    17.3366,    38.3701       
# span 7 =    12.3746,    28.7879       
# span 8 = 0.0000e+00, 0.0000e+00       
# interval = decibars: 1                
# start_time = Jul 07 2005 13:57:21 [Instrument's time stamp, header]
# bad_flag = -9.990e-29
*END*
 188.581505      1.000  23.084340    15.0549   -0.09768      0.991    17.3366    12.3746 0.0000e+00
 188.581545      2.000  45.856023    13.8948   -0.09791      1.984    38.3701    28.7879 0.0000e+00
 171.928118      4.000  34.967785    12.8945    7.10617      3.966    28.7746    21.4268 0.0000e+00
 188.583668      5.000  38.247186    13.8690    7.66962      4.958    31.6884    23.6559 0.0000e+00
 188.583683      6.000  37.943151    13.3489    7.16471      5.950    31.8376    23.8757 0.0000e+00
 188.583696      7.000  37.726124    13.0316    6.57830      6.942    31.8997    23.9863 0.0000e+00
 188.583707      8.000  37.566597    12.7284    6.12216      7.933    32.0049    24.1265 0.0000e+00
 188.583719      9.000  37.337495    12.3008    5.85564      8.925    32.1509    24.3211 0.0000e+00
 188.583732     10.000  37.105552    11.9465    5.78199      9.917    32.2326    24.4507 0.0000e+00
 188.583743     11.000  36.948082    11.7671    5.69317     10.908    32.2351    24.4857 0.0000e+00
 188.583755     12.000  36.893150    11.6761    5.51429     11.899    32.2604    24.5220 0.0000e+00
 188.583766     13.000  36.813045    11.4660    5.29658     12.891    32.3650    24.6415 0.0000e+00
 188.583778     14.000  36.638504    11.1578    5.08326     13.883    32.4640    24.7737 0.0000e+00
 188.583790     15.000  36.434746    10.8780    4.90789     14.874    32.5097    24.8586 0.0000e+00
 188.583801     16.000  36.235285    10.6518    4.79413     15.866    32.5120    24.8997 0.0000e+00
 188.583813     17.000  35.988119    10.3810    4.72595     16.857    32.5058    24.9414 0.0000e+00
 188.583823     18.000  35.760858    10.1743    4.66553     17.849    32.4617    24.9418 0.0000e+00
 188.583835     19.000  35.638780    10.0597    4.54672     18.841    32.4406    24.9445 0.0000e+00
 188.583846     20.000  35.590074     9.9169    4.25875     19.832    32.5193    25.0295 0.0000e+00
 188.583858     21.000  35.412014     9.6310    3.98031     20.823    32.5958    25.1361 0.0000e+00
 188.583870     22.000  35.198057     9.4028    3.86544     21.815    32.5835    25.1631 0.0000e+00
 188.583881     23.000  35.108429     9.2663    3.82456     22.807    32.6152    25.2097 0.0000e+00
 188.583892     24.000  35.071125     9.2133    3.83416     23.798    32.6246    25.2254 0.0000e+00
 188.583902     25.000  35.048284     9.1721    3.83124     24.790    32.6383    25.2427 0.0000e+00
 188.583913     26.000  35.027756     9.1460    3.83863     25.781    32.6404    25.2485 0.0000e+00
 188.583924     27.000  35.017693     9.1327    3.84564     26.773    32.6418    25.2516 0.0000e+00
 188.583936     28.000  35.010857     9.1178    3.83647     27.765    32.6479    25.2588 0.0000e+00
 188.583948     29.000  34.997393     9.0795    3.78275     28.756    32.6686    25.2810 0.0000e+00
 188.583959     30.000  34.968533     9.0207    3.70785     29.747    32.6922    25.3086 0.0000e+00
 188.583971     31.000  34.941696     8.9447    3.61969     30.739    32.7339    25.3531 0.0000e+00
 188.583981     32.000  34.920484     8.8292    3.53003     31.731    32.8179    25.4368 0.0000e+00
 188.583992     33.000  34.894151     8.7117    3.49933     32.722    32.8988    25.5183 0.0000e+00
 188.584003     34.000  34.870261     8.6319    3.50134     33.714    32.9477    25.5687 0.0000e+00
 188.584013     35.000  34.854183     8.5655    3.51502     34.705    32.9923    25.6138 0.0000e+00
 188.584023     36.000  34.842256     8.5104    3.54282     35.696    33.0308    25.6523 0.0000e+00
 188.584034     37.000  34.833337     8.4711    3.56091     36.688    33.0578    25.6794 0.0000e+00
 188.584046     38.000  34.826518     8.4475    3.54858     37.679    33.0723    25.6944 0.0000e+00
 188.584059     39.000  34.824623     8.4251    3.53247     38.671    33.0908    25.7123 0.0000e+00
 188.584072     40.000  34.815005     8.3450    3.57546     39.663    33.1556    25.7751 0.0000e+00
 188.584084     41.000  34.798963     8.2287    3.63313     40.653    33.2480    25.8649 0.0000e+00
 188.584095     42.000  34.787124     8.1684    3.67902     41.645    33.2921    25.9085 0.0000e+00
 188.584106     43.000  34.780448     8.1563    3.69643     42.637    33.2961    25.9134 0.0000e+00
 188.584118     44.000  34.778000     8.1557    3.69580     43.628    33.2935    25.9115 0.0000e+00
 188.584132     45.000  34.778744     8.1587    3.70542     44.620    33.2910    25.9091 0.0000e+00
 188.584175     46.000  34.778952     8.1662    3.70134     45.611    33.2837    25.9023 0.0000e+00
