data/oxygen options/OCNMS/OCNMS2/raw_data/2005/CTD_CA70_081505faed.cnv
* Sea-Bird SBE19 Data File:
* FileName = C:\Hypoxia Data\CA70_081505.hex
* Software Version 1.1.6
* Temperature SN = 2997
* Conductivity SN = 2997
* System UpLoad Time = Aug 15 2005 14:45:10
* SEACAT PROFILER V3.1c SN 2997   08/15/05  14:44:30.569
* strain gauge pressure sensor: S/N = 184829,  range = 3000 psia,  tc = 40
# nquan = 9                                 
# nvalues = 736                         
# units = specified
# name 0 = timeJ: Julian Days
# name 1 = prSM: Pressure, Strain Gauge [db]
# name 2 = c0mS/cm: Conductivity [mS/cm]
# name 3 = t090C: Temperature [ITS-90, deg C]
# name 4 = oxML/L: Oxygen, Beckman/YSI [ml/l]
# name 5 = depSM: Depth [salt water, m], lat = 47.5
# name 6 = sal00: Salinity, Practical [PSU]
# name 7 = sigma-é00: Density [sigma-theta, kg/m^3]
# name 8 = flag: flag
# span 0 = 227.571898, 227.576152       
# span 1 =     -3.175,     70.984       
# span 2 =   2.973885,  37.485775       
# span 3 =     7.2467,    13.4500       
# span 4 =   -0.10131,   27.53832       
# span 5 =     -3.149,     70.379       
# span 6 =     2.0282,    33.9038       
# span 7 =     0.8945,    26.5180       
# span 8 = 0.0000e+00, 0.0000e+00       
# interval = seconds: 0.5
# start_time = Aug 15 2005 13:43:32 [Instrument's time stamp, header]
# bad_flag = -9.990e-29
*END*
[from data line 481]
 227.574682     22.742  35.160669     9.2839    4.64709     22.551    32.6531    25.2365 0.0000e+00
 227.574688     23.173  35.163520     9.2798    4.65140     22.978    32.6596    25.2423 0.0000e+00
 227.574693     23.604  35.163090     9.2684    4.64053     23.406    32.6694    25.2517 0.0000e+00
 227.574699     24.048  35.157672     9.2508    4.62102     23.846    32.6797    25.2626 0.0000e+00
 227.574705     24.510  35.145083     9.2275    4.60850     24.304    32.6878    25.2727 0.0000e+00
 227.574711     24.984  35.127031     9.1975    4.56945     24.774    32.6964    25.2841 0.0000e+00
 227.574716     25.466  35.106343     9.1597    4.56874     25.252    32.7095    25.3003 0.0000e+00
 227.574722     25.953  35.080086     9.1097    4.62562     25.735    32.7280    25.3226 0.0000e+00
 227.574728     26.446  35.044067     9.0447    4.70857     26.224    32.7502    25.3502 0.0000e+00
 227.574734     26.941  34.999582     8.9583    4.79177     26.714    32.7833    25.3896 0.0000e+00
 227.574740     27.428  34.940559     8.8562    4.82098     27.197    32.8160    25.4310 0.0000e+00
 227.574745     27.904  34.869005     8.7774    4.81458     27.669    32.8140    25.4416 0.0000e+00
 227.574751     28.368  34.818422     8.7524    4.79811     28.129    32.7840    25.4220 0.0000e+00
 227.574757     28.825  34.809908     8.7583    4.80861     28.582    32.7694    25.4097 0.0000e+00
 227.574763     29.291  34.818077     8.7427    4.82077     29.044    32.7922    25.4299 0.0000e+00
 227.574769     29.779  34.803925     8.6894    4.81996     29.528    32.8266    25.4650 0.0000e+00
 227.574774     30.293  34.766523     8.6303    4.83077     30.038    32.8420    25.4861 0.0000e+00
 227.574780     30.833  34.734472     8.5900    4.79909     30.573    32.8456    25.4950 0.0000e+00
 227.574786     31.390  34.718271     8.5663    4.77332     31.126    32.8504    25.5023 0.0000e+00
 227.574792     31.961  34.710872     8.5523    4.74843     31.692    32.8553    25.5084 0.0000e+00
 227.574797     32.544  34.707445     8.5423    4.70329     32.270    32.8608    25.5141 0.0000e+00
 227.574803     33.133  34.705651     8.5253    4.67028     32.854    32.8745    25.5274 0.0000e+00
 227.574809     33.720  34.701970     8.4929    4.62061     33.436    32.9005    25.5528 0.0000e+00
 227.574815     34.297  34.694289     8.4521    4.57416     34.008    32.9303    25.5822 0.0000e+00
 227.574821     34.873  34.683569     8.4138    4.54006     34.579    32.9545    25.6070 0.0000e+00
 227.574826     35.454  34.672322     8.3788    4.50773     35.155    32.9751    25.6284 0.0000e+00
 227.574832     36.038  34.662354     8.3435    4.47199     35.734    32.9974    25.6512 0.0000e+00
 227.574838     36.625  34.651574     8.3080    4.43368     36.316    33.0191    25.6735 0.0000e+00
 227.574844     37.217  34.640169     8.2773    4.40955     36.903    33.0355    25.6910 0.0000e+00
 227.574850     37.813  34.633100     8.2568    4.36873     37.494    33.0471    25.7031 0.0000e+00
 227.574855     38.410  34.631018     8.2445    4.34662     38.086    33.0562    25.7120 0.0000e+00
 227.574861     39.001  34.630576     8.2325    4.31322     38.672    33.0667    25.7221 0.0000e+00
 227.574867     39.586  34.629492     8.2112    4.28124     39.252    33.0853    25.7399 0.0000e+00
 227.574873     40.169  34.625754     8.1800    4.27872     39.830    33.1105    25.7643 0.0000e+00
 227.574878     40.751  34.618854     8.1518    4.27882     40.407    33.1296    25.7834 0.0000e+00
 227.574884     41.332  34.611912     8.1347    4.28375     40.983    33.1381    25.7926 0.0000e+00
 227.574890     41.903  34.607432     8.1257    4.28406     41.549    33.1415    25.7966 0.0000e+00
 227.574896     42.455  34.604472     8.1200    4.27482     42.096    33.1435    25.7990 0.0000e+00
 227.574902     42.995  34.601879     8.1150    4.25543     42.632    33.1452    25.8011 0.0000e+00
 227.574907     43.526  34.599552     8.1085    4.23522     43.158    33.1487    25.8048 0.0000e+00
 227.574913     44.049  34.597185     8.0980    4.22564     43.677    33.1558    25.8119 0.0000e+00
 227.574919     44.563  34.593858     8.0795    4.21958     44.186    33.1696    25.8254 0.0000e+00
 227.574925     45.070  34.587930     8.0445    4.18909     44.689    33.1962    25.8515 0.0000e+00
 227.574931     45.578  34.576534     7.9904    4.17048     45.193    33.2351    25.8900 0.0000e+00
 227.574936     46.092  34.559043     7.9332    4.14377     45.702    33.2706    25.9262 0.0000e+00
 227.574942     46.619  34.541833     7.8916    4.12232     46.225    33.2916    25.9487 0.0000e+00
 227.574948     47.164  34.531087     7.8670    4.10733     46.765    33.3033    25.9614 0.0000e+00
 227.574954     47.723  34.525352     7.8516    4.09615     47.319    33.3115    25.9702 0.0000e+00
 227.574959     48.292  34.521453     7.8386    4.07021     47.883    33.3195    25.9783 0.0000e+00
 227.574965     48.870  34.518108     7.8246    4.03834     48.456    33.3290    25.9878 0.0000e+00
 227.574971     49.446  34.514772     7.8094    4.00873     49.027    33.3397    25.9984 0.0000e+00
 227.574977     50.014  34.512031     7.7926    3.96252     49.591    33.3526    26.0109 0.0000e+00
 227.574983     50.572  34.510706     7.7731    3.90917     50.144    33.3695    26.0271 0.0000e+00
 227.574988     51.112  34.511265     7.7506    3.85352     50.679    33.3914    26.0475 0.0000e+00
 227.574994     51.627  34.513883     7.7294    3.81160     51.190    33.4143    26.0686 0.0000e+00
 227.575000     52.111  34.517555     7.7180    3.78163     51.670    33.4290    26.0818 0.0000e+00
 227.575006     52.568  34.519879     7.7152    3.78095     52.123    33.4339    26.0861 0.0000e+00
 227.575012     53.015  34.519460     7.7052    3.78299     52.566    33.4429    26.0945 0.0000e+00
 227.575017     53.472  34.516293     7.6766    3.78484     53.019    33.4667    26.1174 0.0000e+00
 227.575023     53.951  34.508396     7.6370    3.79695     53.494    33.4961    26.1461 0.0000e+00
 227.575029     54.453  34.495883     7.5990    3.80167     53.991    33.5190    26.1696 0.0000e+00
 227.575035     54.974  34.484480     7.5678    3.79730     54.508    33.5365    26.1878 0.0000e+00
 227.575041     55.511  34.478029     7.5427    3.77180     55.040    33.5536    26.2047 0.0000e+00
 227.575046     56.053  34.475762     7.5203    3.72246     55.578    33.5725    26.2228 0.0000e+00
 227.575052     56.598  34.475766     7.4964    3.65746     56.118    33.5954    26.2442 0.0000e+00
 227.575058     57.146  34.476353     7.4686    3.59502     56.661    33.6227    26.2696 0.0000e+00
 227.575064     57.694  34.476057     7.4416    3.54761     57.204    33.6483    26.2935 0.0000e+00
 227.575069     58.232  34.474470     7.4226    3.50561     57.738    33.6648    26.3092 0.0000e+00
 227.575075     58.754  34.472830     7.4117    3.47391     58.255    33.6733    26.3175 0.0000e+00
 227.575081     59.253  34.471741     7.4043    3.43475     58.750    33.6791    26.3230 0.0000e+00
 227.575087     59.735  34.470302     7.3956    3.38363     59.228    33.6857    26.3295 0.0000e+00
 227.575093     60.216  34.467708     7.3817    3.31806     59.705    33.6962    26.3397 0.0000e+00
 227.575098     60.702  34.463855     7.3612    3.26229     60.187    33.7118    26.3548 0.0000e+00
 227.575104     61.197  34.458645     7.3375    3.19746     60.677    33.7289    26.3717 0.0000e+00
 227.575110     61.696  34.452971     7.3169    3.13732     61.172    33.7426    26.3853 0.0000e+00
 227.575116     62.198  34.448789     7.3002    3.08116     61.670    33.7541    26.3967 0.0000e+00
 227.575122     62.695  34.446116     7.2848    3.02977     62.162    33.7660    26.4082 0.0000e+00
 227.575127     63.178  34.443619     7.2713    2.97323     62.641    33.7762    26.4181 0.0000e+00
 227.575133     63.641  34.441883     7.2612    2.91974     63.100    33.7840    26.4257 0.0000e+00
 227.575139     64.090  34.443630     7.2536    2.84311     63.545    33.7931    26.4339 0.0000e+00
 227.575145     64.527  34.450621     7.2479    2.75346     63.978    33.8061    26.4449 0.0000e+00
 227.575150     64.959  34.462082     7.2467    2.66002     64.407    33.8195    26.4557 0.0000e+00
 227.575156     65.396  34.478713     7.2520    2.58806     64.840    33.8323    26.4650 0.0000e+00
 227.575162     65.848  34.504184     7.2612    2.53319     65.288    33.8508    26.4783 0.0000e+00
 227.575168     66.323  34.533214     7.2690    2.49858     65.759    33.8746    26.4959 0.0000e+00
 227.575174     66.817  34.552937     7.2729    2.47217     66.249    33.8920    26.5091 0.0000e+00
 227.575179     67.319  34.561618     7.2743    2.47498     66.746    33.8998    26.5151 0.0000e+00
 227.575185     67.814  34.565220     7.2752    2.48370     67.237    33.9026    26.5172 0.0000e+00
 227.575191     68.287  34.566859     7.2760    2.49108     67.706    33.9034    26.5177 0.0000e+00
 227.575197     68.732  34.567593     7.2766    2.50305     68.147    33.9034    26.5176 0.0000e+00
 227.575203     69.149  34.567833     7.2767    2.49503     68.560    33.9034    26.5175 0.0000e+00
 227.575208     69.534  34.567892     7.2763    2.49817     68.942    33.9036    26.5178 0.0000e+00
 227.575214     69.887  34.567842     7.2759    2.50553     69.292    33.9038    26.5180 0.0000e+00
 227.575220     70.199  34.567611     7.2760    2.50229     69.601    33.9033    26.5176 0.0000e+00
 227.575226     70.465  34.567446     7.2768    2.50496     69.865    33.9022    26.5166 0.0000e+00
 227.575231     70.680  34.567680     7.2777    2.50022     70.078    33.9015    26.5159 0.0000e+00
 227.575237     70.838  34.568058     7.2781    2.49339     70.235    33.9014    26.5158 -9.990e-29
 227.575243     70.938  34.567960     7.2781    2.50272     70.334    33.9013    26.5157 -9.990e-29
 227.575249     70.984  34.566690     7.2780    2.50444     70.379    33.9000    26.5147 -9.990e-29
 227.575255     70.977  34.565351     7.2777    2.50505     70.373    33.8988    26.5138 -9.990e-29
 227.575260     70.928  34.565517     7.2770    2.50288     70.324    33.8997    26.5146 -9.990e-29
 227.575266     70.836  34.565726     7.2763    2.50999     70.233    33.9006    26.5155 -9.990e-29
 227.575272     70.695  34.565129     7.2765    2.50964     70.093    33.8999    26.5148 0.0000e+00
 227.575278     70.501  34.565171     7.2774    2.50478     69.901    33.8991    26.5141 0.0000e+00
 227.575284     70.251  34.565902     7.2783    2.50406     69.653    33.8992    26.5140 0.0000e+00
 227.575289     69.941  34.566611     7.2787    2.50977     69.346    33.8997    26.5144 0.0000e+00
 227.575295     69.572  34.567121     7.2784    2.50252     68.980    33.9007    26.5152 0.0000e+00
 227.575301     69.148  34.566988     7.2777    2.50266     68.559    33.9015    26.5159 0.0000e+00
 227.575307     68.674  34.566032     7.2770    2.49418     68.090    33.9013    26.5159 0.0000e+00
 227.575313     68.169  34.564660     7.2766    2.48492     67.589    33.9005    26.5153 0.0000e+00
 227.575318     67.651  34.563284     7.2766    2.49147     67.075    33.8992    26.5143 0.0000e+00
 227.575324     67.137  34.562310     7.2766    2.50132     66.566    33.8984    26.5136 0.0000e+00
 227.575330     66.640  34.561560     7.2763    2.52243     66.073    33.8981    26.5134 0.0000e+00
 227.575336     66.151  34.560032     7.2747    2.56681     65.588    33.8983    26.5138 0.0000e+00
 227.575341     65.662  34.555687     7.2695    2.59649     65.104    33.8989    26.5150 0.0000e+00
 227.575347     65.176  34.544970     7.2613    2.63957     64.622    33.8955    26.5134 0.0000e+00
 227.575353     64.704  34.528725     7.2547    2.68073     64.154    33.8845    26.5057 0.0000e+00
 227.575359     64.251  34.516118     7.2522    2.72078     63.705    33.8734    26.4973 0.0000e+00
 227.575365     63.805  34.509395     7.2524    2.80051     63.263    33.8661    26.4915 0.0000e+00
 227.575370     63.346  34.500710     7.2552    2.90216     62.808    33.8541    26.4817 0.0000e+00
 227.575376     62.862  34.482402     7.2623    3.00747     62.328    33.8274    26.4597 0.0000e+00
 227.575382     62.357  34.456964     7.2721    3.10239     61.827    33.7904    26.4292 0.0000e+00
 227.575388     61.844  34.439805     7.2792    3.15160     61.319    33.7650    26.4082 0.0000e+00
 227.575394     61.344  34.434390     7.2832    3.18641     60.823    33.7554    26.4001 0.0000e+00
 227.575399     60.862  34.432941     7.2875    3.22693     60.345    33.7499    26.3951 0.0000e+00
 227.575405     60.389  34.432969     7.2973    3.28786     59.876    33.7406    26.3864 0.0000e+00
 227.575411     59.921  34.434513     7.3176    3.36381     59.412    33.7227    26.3695 0.0000e+00
 227.575417     59.457  34.437959     7.3430    3.42996     58.952    33.7019    26.3496 0.0000e+00
 227.575422     58.995  34.442305     7.3646    3.48941     58.494    33.6859    26.3339 0.0000e+00
 227.575428     58.534  34.446069     7.3802    3.51887     58.037    33.6750    26.3232 0.0000e+00
 227.575434     58.080  34.448678     7.3916    3.54500     57.587    33.6670    26.3153 0.0000e+00
 227.575440     57.633  34.450259     7.4013    3.59464     57.144    33.6595    26.3080 0.0000e+00
 227.575446     57.186  34.451248     7.4134    3.64506     56.701    33.6490    26.2981 0.0000e+00
 227.575451     56.732  34.451850     7.4334    3.70537     56.251    33.6305    26.2807 0.0000e+00
 227.575457     56.273  34.452315     7.4582    3.75574     55.796    33.6071    26.2588 0.0000e+00
 227.575463     55.809  34.452711     7.4788    3.79685     55.336    33.5878    26.2407 0.0000e+00
 227.575469     55.336  34.452456     7.4929    3.83306     54.867    33.5741    26.2280 0.0000e+00
 227.575475     54.854  34.451783     7.5045    3.85935     54.389    33.5624    26.2171 0.0000e+00
 227.575480     54.366  34.451487     7.5185    3.85222     53.905    33.5488    26.2044 0.0000e+00
 227.575486     53.872  34.451745     7.5387    3.83218     53.415    33.5298    26.1866 0.0000e+00
 227.575492     53.365  34.453470     7.5685    3.80711     52.913    33.5031    26.1614 0.0000e+00
 227.575498     52.852  34.459530     7.6046    3.78941     52.404    33.4751    26.1343 0.0000e+00
 227.575503     52.351  34.470170     7.6336    3.79413     51.907    33.4589    26.1174 0.0000e+00
 227.575509     51.873  34.478851     7.6478    3.81552     51.434    33.4549    26.1121 0.0000e+00
 227.575515     51.418  34.481468     7.6556    3.85046     50.983    33.4504    26.1075 0.0000e+00
 227.575521     50.978  34.481522     7.6691    3.90057     50.546    33.4377    26.0956 0.0000e+00
 227.575527     50.538  34.481336     7.6955    3.96122     50.110    33.4124    26.0719 0.0000e+00
 227.575532     50.087  34.480668     7.7291    4.01445     49.663    33.3796    26.0414 0.0000e+00
 227.575538     49.635  34.480318     7.7534    4.06160     49.215    33.3562    26.0194 0.0000e+00
 227.575544     49.191  34.480953     7.7659    4.08477     48.775    33.3451    26.0089 0.0000e+00
 227.575550     48.740  34.482314     7.7767    4.09732     48.328    33.3365    26.0006 0.0000e+00
 227.575556     48.263  34.483421     7.7928    4.11218     47.855    33.3225    25.9873 0.0000e+00
 227.575561     47.753  34.484639     7.8131    4.11896     47.349    33.3046    25.9703 0.0000e+00
 227.575567     47.218  34.487039     7.8314    4.13264     46.819    33.2900    25.9562 0.0000e+00
 227.575573     46.670  34.489907     7.8454    4.14845     46.275    33.2800    25.9463 0.0000e+00
 227.575579     46.126  34.492595     7.8567    4.17374     45.736    33.2723    25.9386 0.0000e+00
 227.575584     45.601  34.495336     7.8643    4.19621     45.215    33.2683    25.9343 0.0000e+00
 227.575590     45.107  34.497311     7.8671    4.22621     44.726    33.2680    25.9337 0.0000e+00
 227.575596     44.640  34.497801     7.8717    4.24788     44.263    33.2643    25.9301 0.0000e+00
