data/oxygen options/OCNMS/OCNMS2/raw_data/2005/CTD_CA10_052405faed.cnv
* Sea-Bird SBE19 Data File:
* FileName = C:\Documents and Settings\kirner.PTANGELES\Desktop\hypoxia CTD data\CA10_052405.hex
* Software Version 1.1.5
* Temperature SN = 2997
* Conductivity SN = 2997
* System UpLoad Time = May 24 2005 15:17:22
* SEACAT PROFILER V3.1c SN 2997   05/24/05  15:14:12.582
* strain gauge pressure sensor: S/N = 184829,  range = 3000 psia,  tc = 40
# nquan = 9                                 
# nvalues = 648                         
# units = specified
# name 0 = timeJ: Julian Days
# name 1 = prSM: Pressure, Strain Gauge [db]
# name 2 = c0mS/cm: Conductivity [mS/cm]
# name 3 = t090C: Temperature [ITS-90, deg C]
# name 4 = oxML/L: Oxygen, Beckman/YSI [ml/l]
# name 5 = depSM: Depth [salt water, m], lat = 47.5
# name 6 = sal00: Salinity, Practical [PSU]
# name 7 = sigma-é00: Density [sigma-theta, kg/m^3]
# name 8 = flag: flag
# span 0 = 144.500579, 144.504323       
# span 1 =     -4.093,     11.265       
# span 2 =   0.001490,  35.869572       
# span 3 =    12.4194,    16.2583       
# span 4 =  -13.59188,   24.67906       
# span 5 =     -4.059,     11.171       
# span 6 =     0.0084,    30.6406       
# span 7 =    -1.0915,    23.1264       
# span 8 = 0.0000e+00, 0.0000e+00       
# interval = seconds: 0.5
# start_time = May 24 2005 12:00:50 [Instrument's time stamp, header]
# bad_flag = -9.990e-29
*END*
[from data line 481]
 144.503362      1.943  33.021476    14.4315    5.73731      1.927    26.5336    19.5706 -9.990e-29
 144.503368      1.951  33.020254    14.4318    5.74281      1.935    26.5323    19.5695 -9.990e-29
 144.503374      1.954  33.019855    14.4327    5.74262      1.938    26.5313    19.5686 -9.990e-29
 144.503380      1.956  33.020307    14.4334    5.73930      1.940    26.5312    19.5684 -9.990e-29
 144.503385      1.963  33.020903    14.4338    5.74831      1.947    26.5315    19.5685 -9.990e-29
 144.503391      1.970  33.021316    14.4338    5.74428      1.954    26.5318    19.5688 -9.990e-29
 144.503397      1.974  33.021338    14.4337    5.73617      1.958    26.5319    19.5689 -9.990e-29
 144.503403      1.975  33.020980    14.4337    5.73444      1.959    26.5316    19.5686 -9.990e-29
 144.503409      1.972  33.020679    14.4337    5.73115      1.956    26.5313    19.5684 -9.990e-29
 144.503414      1.966  33.020578    14.4337    5.73461      1.950    26.5313    19.5684 -9.990e-29
 144.503420      1.960  33.020527    14.4337    5.74058      1.944    26.5312    19.5683 -9.990e-29
 144.503426      1.959  33.020441    14.4336    5.74164      1.943    26.5312    19.5683 -9.990e-29
 144.503432      1.963  33.020190    14.4338    5.73755      1.947    26.5308    19.5680 -9.990e-29
 144.503437      1.970  33.019983    14.4345    5.74122      1.954    26.5302    19.5674 -9.990e-29
 144.503443      1.983  33.020085    14.4355    5.73423      1.966    26.5296    19.5667 -9.990e-29
 144.503449      2.002  33.020058    14.4359    5.73334      1.985    26.5293    19.5664 -9.990e-29
 144.503455      2.028  33.019848    14.4354    5.74552      2.011    26.5294    19.5666 -9.990e-29
 144.503461      2.063  33.019718    14.4347    5.76537      2.046    26.5298    19.5670 -9.990e-29
 144.503466      2.104  33.019479    14.4347    5.80237      2.086    26.5296    19.5668 -9.990e-29
 144.503472      2.151  33.019357    14.4353    5.83947      2.133    26.5290    19.5663 -9.990e-29
 144.503478      2.209  33.019172    14.4356    5.85270      2.191    26.5286    19.5660 -9.990e-29
 144.503484      2.293  33.018661    14.4350    5.85076      2.274    26.5286    19.5660 -9.990e-29
 144.503490      2.410  33.018809    14.4332    5.79398      2.390    26.5299    19.5674 -9.990e-29
 144.503495      2.560  33.019797    14.4282    5.71407      2.539    26.5341    19.5717 0.0000e+00
 144.503501      2.736  33.020122    14.4125    5.65015      2.713    26.5451    19.5832 0.0000e+00
 144.503507      2.940  33.017962    14.3652    5.59419      2.915    26.5755    19.6160 0.0000e+00
 144.503513      3.180  33.009298    14.2439    5.56734      3.153    26.6510    19.6980 0.0000e+00
 144.503519      3.455  32.987602    14.0466    5.55515      3.426    26.7678    19.8267 0.0000e+00
 144.503524      3.758  32.988363    13.8459    5.54249      3.727    26.9081    19.9738 0.0000e+00
 144.503530      4.085  33.068593    13.6855    5.57559      4.051    27.0933    20.1475 0.0000e+00
 144.503536      4.436  33.223145    13.5422    5.59228      4.399    27.3353    20.3616 0.0000e+00
 144.503542      4.804  33.445115    13.3956    5.61945      4.764    27.6432    20.6271 0.0000e+00
 144.503547      5.177  33.752485    13.2615    5.60481      5.134    28.0229    20.9456 0.0000e+00
 144.503553      5.551  34.078153    13.1622    5.57165      5.505    28.3963    21.2529 0.0000e+00
 144.503559      5.922  34.323350    13.0910    5.56262      5.872    28.6764    21.4827 0.0000e+00
 144.503565      6.290  34.494957    13.0310    5.56662      6.237    28.8808    21.6520 0.0000e+00
 144.503571      6.655  34.639596    12.9725    5.59896      6.599    29.0597    21.8013 0.0000e+00
 144.503576      7.020  34.769618    12.9054    5.61348      6.961    29.2323    21.9474 0.0000e+00
 144.503582      7.378  34.930009    12.8426    5.59788      7.316    29.4305    22.1125 0.0000e+00
 144.503588      7.722  35.112068    12.8135    5.56733      7.657    29.6234    22.2672 0.0000e+00
 144.503594      8.053  35.205937    12.8106    5.53797      7.986    29.7134    22.3374 0.0000e+00
 144.503600      8.374  35.209506    12.7976    5.53034      8.304    29.7268    22.3502 0.0000e+00
 144.503605      8.685  35.222802    12.7579    5.49578      8.612    29.7704    22.3914 0.0000e+00
 144.503611      8.979  35.290446    12.6978    5.50632      8.904    29.8813    22.4885 0.0000e+00
 144.503617      9.259  35.397788    12.6251    5.52334      9.182    30.0399    22.6249 0.0000e+00
 144.503623      9.534  35.529288    12.5511    5.52974      9.454    30.2230    22.7805 0.0000e+00
 144.503628      9.807  35.665172    12.4929    5.54935      9.725    30.3982    22.9271 0.0000e+00
 144.503634     10.076  35.764035    12.4570    5.55854      9.992    30.5208    23.0287 0.0000e+00
 144.503640     10.328  35.814713    12.4383    5.56797     10.242    30.5840    23.0811 0.0000e+00
 144.503646     10.548  35.837655    12.4299    5.59137     10.460    30.6125    23.1048 0.0000e+00
 144.503652     10.734  35.847167    12.4266    5.60493     10.644    30.6241    23.1144 0.0000e+00
 144.503657     10.880  35.849743    12.4272    5.61130     10.789    30.6260    23.1158 -9.990e-29
 144.503663     10.978  35.850483    12.4309    5.62139     10.886    30.6237    23.1133 -9.990e-29
 144.503669     11.044  35.851475    12.4343    5.61111     10.952    30.6218    23.1112 -9.990e-29
 144.503675     11.094  35.851219    12.4364    5.60902     11.001    30.6198    23.1093 -9.990e-29
 144.503681     11.132  35.848238    12.4364    5.61811     11.039    30.6170    23.1071 -9.990e-29
 144.503686     11.164  35.844706    12.4354    5.60987     11.071    30.6145    23.1053 -9.990e-29
 144.503692     11.192  35.844307    12.4366    5.60092     11.098    30.6131    23.1040 -9.990e-29
 144.503698     11.209  35.845931    12.4396    5.51468     11.115    30.6122    23.1027 -9.990e-29
 144.503704     11.217  35.846117    12.4405    5.32762     11.123    30.6116    23.1021 -9.990e-29
 144.503709     11.224  35.843415    12.4372    5.16529     11.130    30.6117    23.1028 -9.990e-29
 144.503715     11.236  35.840372    12.4324    5.11533     11.142    30.6128    23.1045 -9.990e-29
 144.503721     11.248  35.840761    12.4295    5.21595     11.154    30.6155    23.1072 -9.990e-29
 144.503727     11.258  35.843961    12.4283    5.39632     11.164    30.6195    23.1105 -9.990e-29
 144.503733     11.265  35.849175    12.4277    5.54609     11.171    30.6249    23.1148 -9.990e-29
 144.503738     11.262  35.858290    12.4284    5.61225     11.168    30.6330    23.1210 -9.990e-29
 144.503744     11.232  35.868306    12.4307    5.62603     11.138    30.6406    23.1264 -9.990e-29
 144.503750     11.169  35.869572    12.4333    5.61116     11.075    30.6398    23.1253 -9.990e-29
 144.503756     11.084  35.859274    12.4329    5.59397     10.991    30.6303    23.1181 -9.990e-29
 144.503762     10.991  35.848332    12.4276    5.59726     10.899    30.6243    23.1144 -9.990e-29
 144.503767     10.887  35.845687    12.4222    5.59365     10.796    30.6262    23.1169 -9.990e-29
 144.503773     10.771  35.847795    12.4203    5.59123     10.681    30.6298    23.1200 -9.990e-29
 144.503779     10.642  35.849599    12.4198    5.57519     10.553    30.6320    23.1218 0.0000e+00
 144.503785     10.502  35.850681    12.4194    5.55403     10.414    30.6334    23.1229 0.0000e+00
 144.503791     10.355  35.850787    12.4194    5.55045     10.268    30.6336    23.1231 0.0000e+00
 144.503796     10.208  35.849478    12.4201    5.56758     10.123    30.6318    23.1216 0.0000e+00
 144.503802     10.065  35.847237    12.4219    5.58690      9.981    30.6283    23.1185 0.0000e+00
 144.503808      9.921  35.843301    12.4265    5.59341      9.838    30.6209    23.1119 0.0000e+00
 144.503814      9.766  35.835769    12.4380    5.58028      9.684    30.6044    23.0970 0.0000e+00
 144.503819      9.595  35.819624    12.4567    5.56214      9.515    30.5739    23.0699 0.0000e+00
 144.503825      9.411  35.790703    12.4748    5.55984      9.332    30.5319    23.0339 0.0000e+00
 144.503831      9.222  35.760884    12.4859    5.55590      9.145    30.4947    23.0031 0.0000e+00
 144.503837      9.034  35.743654    12.4925    5.55273      8.958    30.4731    22.9851 0.0000e+00
 144.503843      8.843  35.733964    12.4997    5.56401      8.769    30.4582    22.9722 0.0000e+00
 144.503848      8.646  35.722803    12.5127    5.56559      8.574    30.4372    22.9535 0.0000e+00
 144.503854      8.439  35.699198    12.5343    5.59590      8.368    30.3975    22.9187 0.0000e+00
 144.503860      8.222  35.653521    12.5610    5.62155      8.153    30.3329    22.8637 0.0000e+00
 144.503866      7.993  35.598294    12.5916    5.66500      7.926    30.2562    22.7986 0.0000e+00
 144.503872      7.750  35.537229    12.6331    5.66833      7.685    30.1655    22.7205 0.0000e+00
 144.503877      7.496  35.442150    12.6951    5.65129      7.433    30.0266    22.6014 0.0000e+00
 144.503883      7.235  35.292221    12.7695    5.64280      7.174    29.8269    22.4329 0.0000e+00
 144.503889      6.977  35.116797    12.8233    5.63169      6.919    29.6204    22.2630 0.0000e+00
 144.503895      6.726  34.998686    12.8399    5.62791      6.670    29.4970    22.1645 0.0000e+00
 144.503900      6.483  34.967626    12.8324    5.64402      6.429    29.4739    22.1480 0.0000e+00
 144.503906      6.247  34.999576    12.8252    5.66265      6.195    29.5095    22.1769 0.0000e+00
 144.503912      6.006  35.042949    12.8360    5.68356      5.956    29.5417    22.1998 0.0000e+00
 144.503918      5.749  35.024948    12.8757    5.74249      5.701    29.4940    22.1554 0.0000e+00
 144.503924      5.477  34.924358    12.9492    5.74527      5.431    29.3432    22.0249 0.0000e+00
 144.503929      5.198  34.734283    13.0295    5.75260      5.155    29.1046    21.8252 0.0000e+00
 144.503935      4.921  34.512927    13.0930    5.72137      4.880    28.8508    21.6170 0.0000e+00
 144.503941      4.652  34.326111    13.1369    5.72551      4.613    28.6448    21.4495 0.0000e+00
 144.503947      4.397  34.194895    13.1572    5.74992      4.360    28.5083    21.3403 0.0000e+00
 144.503953      4.152  34.153929    13.1626    5.79134      4.117    28.4665    21.3070 0.0000e+00
 144.503958      3.910  34.169323    13.1739    5.83570      3.877    28.4724    21.3093 0.0000e+00
 144.503964      3.663  34.172474    13.2192    5.87791      3.632    28.4415    21.2769 0.0000e+00
 144.503970      3.410  34.109840    13.3307    5.87016      3.382    28.3009    21.1470 0.0000e+00
 144.503976      3.160  33.880515    13.4934    5.83705      3.134    27.9709    20.8612 0.0000e+00
 144.503981      2.931  33.496476    13.6525    5.77668      2.907    27.5056    20.4717 0.0000e+00
 144.503987      2.737  33.175323    13.7605    5.72908      2.714    27.1375    20.1670 0.0000e+00
 144.503993      2.585  33.034679    13.7877    5.69516      2.563    26.9911    20.0490 -9.990e-29
 144.503999      2.468  32.999663    13.7622    5.68495      2.447    26.9774    20.0433 -9.990e-29
 144.504005      2.379  32.991649    13.7356    5.69806      2.359    26.9889    20.0573 -9.990e-29
 144.504010      2.313  32.995456    13.7290    5.71339      2.294    26.9970    20.0648 -9.990e-29
 144.504016      2.265  33.008850    13.7490    5.72563      2.246    26.9951    20.0595 -9.990e-29
 144.504022      2.232  33.021651    13.7915    5.73359      2.213    26.9768    20.0372 -9.990e-29
 144.504028      2.213  33.032977    13.8438    5.74523      2.195    26.9504    20.0067 -9.990e-29
 144.504034      2.201  33.037185    13.8867    5.75030      2.183    26.9242    19.9782 -9.990e-29
 144.504039      2.192  33.028669    13.9160    5.76870      2.174    26.8960    19.9508 -9.990e-29
 144.504045      2.185  33.017358    13.9529    5.79603      2.167    26.8601    19.9160 -9.990e-29
 144.504051      2.179  33.010014    14.0102    5.79583      2.161    26.8136    19.8690 -9.990e-29
 144.504057      2.174  33.002434    14.0858    5.79527      2.156    26.7543    19.8086 -9.990e-29
 144.504063      2.171  32.992904    14.1575    5.77267      2.153    26.6962    19.7498 -9.990e-29
 144.504068      2.168  32.982158    14.1989    5.74814      2.150    26.6580    19.7123 -9.990e-29
 144.504074      2.162  32.974356    14.2178    5.74313      2.144    26.6381    19.6932 -9.990e-29
 144.504080      2.147  32.975718    14.2348    5.71054      2.129    26.6276    19.6818 -9.990e-29
 144.504086      2.122  32.984136    14.2544    5.68794      2.104    26.6216    19.6734 -9.990e-29
 144.504091      2.091  32.992153    14.2722    5.65202      2.074    26.6166    19.6659 -9.990e-29
 144.504097      2.056  32.996445    14.2897    5.60079      2.039    26.6084    19.6562 -9.990e-29
 144.504103      2.010  32.997506    14.3044    5.51645      1.993    26.5992    19.6463 -9.990e-29
 144.504109      1.946  32.996752    14.3127    5.37422      1.930    26.5929    19.6397 -9.990e-29
 144.504115      1.863  32.996544    14.3252    5.44361      1.847    26.5842    19.6306 -9.990e-29
 144.504120      1.771  32.996606    14.3458    6.19372      1.756    26.5701    19.6157 -9.990e-29
 144.504126      1.680  32.990858    14.3635    6.85564      1.666    26.5529    19.5989 -9.990e-29
 144.504132      1.596  32.970519    14.3732    7.22540      1.583    26.5282    19.5780 -9.990e-29
 144.504138      1.520  32.949939    14.3750    7.36191      1.507    26.5087    19.5626 -9.990e-29
 144.504144      1.445  32.947629    14.3643    7.45386      1.433    26.5140    19.5688 -9.990e-29
 144.504149      1.377  32.935854    14.3373    7.48936      1.366    26.5220    19.5803 -9.990e-29
 144.504155      1.322  32.874262    14.3004    7.45883      1.311    26.4923    19.5648 -9.990e-29
 144.504161      1.278  32.693619    14.2629    7.42396      1.267    26.3569    19.4679 -9.990e-29
 144.504167      1.243  32.159785    14.2274    7.33522      1.233    25.9053    19.1274 -9.990e-29
 144.504172      1.217  30.566579    14.1968    7.21621      1.207    24.5113    18.0608 -9.990e-29
 144.504178      1.200  25.800927    14.1753    7.07918      1.190    20.3522    14.8679 -9.990e-29
 144.504184      1.190  17.418097    14.1626   -5.46978      1.180    13.2545     9.4212 -9.990e-29
 144.504190      1.182   9.633172    14.1563  -12.59229      1.172     6.9839     4.6086 -9.990e-29
 144.504196      1.172   5.609086    14.1540  -13.59188      1.162     3.9105     2.2455 -9.990e-29
 144.504201      1.159   4.246620    14.1535   -9.99849      1.149     2.9067     1.4723 -9.990e-29
 144.504207      1.146   3.722016    14.1534   -1.87352      1.136     2.5265     1.1793 -9.990e-29
 144.504213      1.138   3.327484    14.1533   -0.36758      1.128     2.2433     0.9608 -9.990e-29
 144.504219      1.132   2.938055    14.1532   -0.20079      1.123     1.9661     0.7469 -9.990e-29
 144.504225      1.134   2.494894    14.1528   -0.14511      1.125     1.6540     0.5059 -9.990e-29
 144.504230      1.144   2.077854    14.1522   -0.12733      1.134     1.3638     0.2817 -9.990e-29
 144.504236      1.152   1.779289    14.1516   -0.11840      1.142     1.1584     0.1230 -9.990e-29
 144.504242      1.157   1.600705    14.1507   -0.11836      1.147     1.0365     0.0288 -9.990e-29
 144.504248      1.158   1.509310    14.1496   -0.11829      1.148     0.9746    -0.0190 -9.990e-29
 144.504253      1.154   1.454822    14.1486   -0.11822      1.144     0.9377    -0.0473 -9.990e-29
 144.504259      1.147   1.401763    14.1478   -0.11824      1.137     0.9019    -0.0749 -9.990e-29
 144.504265      1.135   1.342084    14.1473   -0.11834      1.126     0.8617    -0.1060 -9.990e-29
 144.504271      1.122   1.289419    14.1474 -9.990e-29      1.113     0.8263    -0.1334 -9.990e-29
 144.504277      1.115   1.248999    14.1480 -9.990e-29      1.106     0.7992    -0.1545 -9.990e-29
