data/oxygen options/OCNMS/OCNMS2/raw_data/2005/CTD_CE40_052505faedb.cnv
* Sea-Bird SBE19 Data File:
* FileName = C:\Documents and Settings\kirner.PTANGELES\Desktop\hypoxia CTD data\CE40__052505.hex
* Software Version 1.1.5
* Temperature SN = 2997
* Conductivity SN = 2997
* System UpLoad Time = May 25 2005 18:08:47
* SEACAT PROFILER V3.1c SN 2997   05/25/05  18:08:02.095
* strain gauge pressure sensor: S/N = 184829,  range = 3000 psia,  tc = 40
# nquan = 9
# nvalues = 42                          
# units = specified
# name 0 = timeJ: Julian Days
# name 1 = prSM: Pressure, Strain Gauge [db]
# name 2 = c0mS/cm: Conductivity [mS/cm]
# name 3 = t090C: Temperature [ITS-90, deg C]
# name 4 = oxML/L: Oxygen, Beckman/YSI [ml/l]
# name 5 = depSM: Depth [salt water, m], lat = 47.5
# name 6 = sal00: Salinity, Practical [PSU]
# name 7 = sigma-é00: Density [sigma-theta, kg/m^3]
# name 8 = flag: flag
# span 0 = 145.668399, 145.669053       
# span 1 =      2.000,     43.000       
# span 2 =  34.061889,  36.272212       
# span 3 =     9.6843,    14.5896       
# span 4 =    4.13587,    6.28491       
# span 5 =      1.983,     42.636       
# span 6 =    27.5765,    32.4877       
# span 7 =    20.3412,    25.0434       
# span 8 = 0.0000e+00, 0.0000e+00       
# interval = decibars: 1                
# start_time = May 25 2005 15:59:22 [Instrument's time stamp, header]
# bad_flag = -9.990e-29
*END*
 145.668399      2.000  34.317702    14.5896    6.28491      1.983    27.5765    20.3412 0.0000e+00
 145.668425      3.000  34.295613    14.4996    6.20504      2.975    27.6204    20.3932 0.0000e+00
 145.668443      4.000  34.184177    14.2674    6.24342      3.966    27.6859    20.4901 0.0000e+00
 145.668459      5.000  34.101918    14.0859    6.21403      4.958    27.7417    20.5691 0.0000e+00
 145.668474      6.000  34.072058    13.9713    6.17435      5.950    27.7970    20.6343 0.0000e+00
 145.668489      7.000  34.061889    13.8172    6.17813      6.941    27.8989    20.7431 0.0000e+00
 145.668503      8.000  34.070396    13.7101    6.17325      7.933    27.9842    20.8297 0.0000e+00
 145.668517      9.000  34.087117    13.6560    6.14643      8.925    28.0385    20.8821 0.0000e+00
 145.668530     10.000  34.103921    13.6134    6.08283      9.916    28.0848    20.9260 0.0000e+00
 145.668544     11.000  34.145411    13.5546    5.99315     10.908    28.1655    20.9997 0.0000e+00
 145.668558     12.000  34.265497    13.4519    5.86716     11.900    28.3511    21.1627 0.0000e+00
 145.668572     13.000  34.557149    13.2799    5.76584     12.891    28.7477    21.5020 0.0000e+00
 145.668586     14.000  34.973540    13.0251    5.82423     13.883    29.3273    21.9984 0.0000e+00
 145.668601     15.000  35.647041    12.7055    5.89996     14.874    30.2082    22.7402 0.0000e+00
 145.668616     16.000  35.994501    12.5747    5.96676     15.866    30.6412    23.1001 0.0000e+00
 145.668631     17.000  36.152747    12.4993    6.02079     16.858    30.8521    23.2775 0.0000e+00
 145.668647     18.000  36.213531    12.4805    6.02634     17.849    30.9247    23.3373 0.0000e+00
 145.668662     19.000  36.223481    12.4725    6.02938     18.841    30.9404    23.3510 0.0000e+00
 145.668678     20.000  36.229914    12.4708    6.02816     19.832    30.9475    23.3568 0.0000e+00
 145.668694     21.000  36.231803    12.4678    6.03495     20.824    30.9514    23.3604 0.0000e+00
 145.668708     22.000  36.237686    12.4605    6.04290     21.815    30.9626    23.3705 0.0000e+00
 145.668723     23.000  36.250093    12.4552    6.03948     22.807    30.9784    23.3837 0.0000e+00
 145.668738     24.000  36.259492    12.4446    6.03356     23.798    30.9956    23.3991 0.0000e+00
 145.668753     25.000  36.272212    12.4269    6.10991     24.790    31.0219    23.4228 0.0000e+00
 145.668767     26.000  36.271920    12.4000    6.00229     25.781    31.0435    23.4446 0.0000e+00
 145.668781     27.000  36.265220    12.3512    5.59281     26.773    31.0770    23.4797 0.0000e+00
 145.668795     28.000  36.225125    12.0244    5.23383     27.764    31.3113    23.7218 0.0000e+00
 145.668809     29.000  36.057053    11.4261    4.94982     28.756    31.6551    24.0972 0.0000e+00
 145.668823     30.000  35.897201    11.0899    4.75477     29.748    31.7867    24.2592 0.0000e+00
 145.668838     31.000  35.807305    10.8331    4.64355     30.739    31.9205    24.4081 0.0000e+00
 145.668852     32.000  35.656382    10.4901    4.56825     31.731    32.0702    24.5837 0.0000e+00
 145.668867     33.000  35.580812    10.3465    4.54437     32.722    32.1209    24.6473 0.0000e+00
 145.668880     34.000  35.547520    10.2643    4.49489     33.714    32.1598    24.6915 0.0000e+00
 145.668895     35.000  35.507640    10.1600    4.41556     34.705    32.2117    24.7495 0.0000e+00
 145.668910     36.000  35.454103    10.0317    4.37771     35.696    32.2716    24.8175 0.0000e+00
 145.668925     37.000  35.405778     9.9392    4.36332     36.688    32.3048    24.8587 0.0000e+00
 145.668939     38.000  35.387052     9.9137    4.37137     37.680    32.3082    24.8656 0.0000e+00
 145.668953     39.000  35.382676     9.8975    4.35208     38.671    32.3179    24.8759 0.0000e+00
 145.668969     40.000  35.379031     9.8685    4.28273     39.662    32.3397    24.8977 0.0000e+00
 145.668985     41.000  35.370921     9.7985    4.18688     40.654    32.3939    24.9514 0.0000e+00
 145.669003     42.000  35.366030     9.7057    4.13587     41.645    32.4721    25.0277 0.0000e+00
 145.669053     43.000  35.362940     9.6843    4.18983     42.636    32.4877    25.0434 0.0000e+00
