data/oxygen options/OCNMS/OCNMS2/raw_data/2005/CTD_CE100_060805faed.cnv
* Sea-Bird SBE19 Data File:
* FileName = C:\hypoxia CTD data\CE100_060805.hex
* Software Version 1.1.5
* Temperature SN = 2997
* Conductivity SN = 2997
* System UpLoad Time = Jun 08 2005 16:07:30
* SEACAT PROFILER V3.1c SN 2997   06/08/05  16:06:47.513
* strain gauge pressure sensor: S/N = 184829,  range = 3000 psia,  tc = 40
# nquan = 9                                 
# nvalues = 837                         
# units = specified
# name 0 = timeJ: Julian Days
# name 1 = prSM: Pressure, Strain Gauge [db]
# name 2 = c0mS/cm: Conductivity [mS/cm]
# name 3 = t090C: Temperature [ITS-90, deg C]
# name 4 = oxML/L: Oxygen, Beckman/YSI [ml/l]
# name 5 = depSM: Depth [salt water, m], lat = 47.5
# name 6 = sal00: Salinity, Practical [PSU]
# name 7 = sigma-é00: Density [sigma-theta, kg/m^3]
# name 8 = flag: flag
# span 0 = 159.652986, 159.657824       
# span 1 =     -3.431,    104.274       
# span 2 =   2.577047,  37.348768       
# span 3 =     7.1678,    14.8672       
# span 4 =   -0.09751,   26.02783       
# span 5 =     -3.402,    103.378       
# span 6 =     1.7603,    33.9304       
# span 7 =     0.7384,    26.5541       
# span 8 = 0.0000e+00, 0.0000e+00       
# interval = seconds: 0.5
# start_time = Jun 08 2005 15:40:18 [Instrument's time stamp, header]
# bad_flag = -9.990e-29
*END*
 159.652986     -3.431 -9.990e-29    13.0222   -0.09723     -3.402 -9.990e-29 -9.990e-29 -9.990e-29
 159.652992     -3.378   2.577047    13.0651   -0.09713     -3.350     1.7603     0.7384 -9.990e-29
 159.652998     -3.310   3.911885    13.2259   -0.09716     -3.282     2.7284     1.4661 -9.990e-29
 159.653003     -3.222   5.300922    13.5620   -0.09716     -3.195     3.7383     2.1992 -9.990e-29
 159.653009     -3.109   8.279708    13.9937   -0.09716     -3.083     5.9596     3.8463 -9.990e-29
 159.653015     -2.978  14.533191    14.3884   -0.09716     -2.953    10.8262     7.5201 -9.990e-29
 159.653021     -2.844  23.173774    14.6546   -0.09711     -2.820    17.8719    12.8760 -9.990e-29
 159.653027     -2.716  30.889833    14.7803   -0.09712     -2.693    24.4294    17.8839 -9.990e-29
 159.653032     -2.599  34.961919    14.8248   -0.09713     -2.577    27.9829    20.6058 -9.990e-29
 159.653038     -2.499  36.290658    14.8444   -0.09727     -2.478    29.1504    21.4997 -9.990e-29
 159.653044     -2.413  36.757136    14.8581   -0.09730     -2.393    29.5564    21.8092 -9.990e-29
 159.653050     -2.336  36.959822    14.8649   -0.09721     -2.317    29.7323    21.9431 -9.990e-29
 159.653056     -2.268  37.055732    14.8659   -0.09714     -2.249    29.8172    22.0083 -9.990e-29
 159.653061     -2.207  37.086432    14.8656   -0.09714     -2.189    29.8449    22.0297 -9.990e-29
 159.653067     -2.151  37.094594    14.8663   -0.09724     -2.133    29.8516    22.0347 -9.990e-29
 159.653073     -2.100  37.106859    14.8672   -0.09725     -2.082    29.8619    22.0424 -9.990e-29
 159.653079     -2.055  37.127297    14.8645   -0.09722     -2.038    29.8822    22.0586 -9.990e-29
 159.653084     -2.014  37.146196    14.8561   -0.09717     -1.997    29.9056    22.0783 -9.990e-29
 159.653090     -1.973  37.148429    14.8457   -0.09712     -1.957    29.9155    22.0882 -9.990e-29
 159.653096     -1.934  37.119643    14.8383   -0.09709     -1.918    29.8954    22.0742 -9.990e-29
 159.653102     -1.904  37.070864    14.8374   -0.09711     -1.888    29.8524    22.0414 -9.990e-29
 159.653108     -1.880  37.064979    14.8416   -0.09714     -1.864    29.8439    22.0339 -9.990e-29
 159.653113     -1.852  37.117189    14.8460   -0.09716     -1.837    29.8873    22.0664 -9.990e-29
 159.653119     -1.819  37.159196    14.8479   -0.09716     -1.804    29.9234    22.0938 -9.990e-29
 159.653125     -1.788  37.140504    14.8475   -0.09714     -1.773    29.9070    22.0812 -9.990e-29
 159.653131     -1.759  37.085600    14.8464   -0.09715     -1.744    29.8587    22.0443 -9.990e-29
 159.653137     -1.732  37.063787    14.8475   -0.09717     -1.718    29.8383    22.0284 -9.990e-29
 159.653142     -1.705  37.100438    14.8521   -0.09722     -1.691    29.8676    22.0499 -9.990e-29
 159.653148     -1.676  37.162034    14.8570   -0.09720     -1.662    29.9189    22.0884 -9.990e-29
 159.653154     -1.643  37.208495    14.8589   -0.09718     -1.629    29.9590    22.1189 -9.990e-29
 159.653160     -1.604  37.222746    14.8586   -0.09715     -1.591    29.9720    22.1289 -9.990e-29
 159.653166     -1.566  37.211505    14.8576   -0.09714     -1.553    29.9627    22.1220 -9.990e-29
 159.653171     -1.538  37.188442    14.8556   -0.09718     -1.525    29.9436    22.1077 -9.990e-29
 159.653177     -1.518  37.168289    14.8525   -0.09720     -1.505    29.9279    22.0963 -9.990e-29
 159.653183     -1.498  37.165173    14.8487   -0.09717     -1.486    29.9280    22.0972 -9.990e-29
 159.653189     -1.471  37.174996    14.8449   -0.09713     -1.459    29.9397    22.1070 -9.990e-29
 159.653194     -1.440  37.177258    14.8418   -0.09710     -1.428    29.9441    22.1110 -9.990e-29
 159.653200     -1.408  37.162693    14.8404   -0.09714     -1.396    29.9321    22.1021 -9.990e-29
 159.653206     -1.376  37.148389    14.8413   -0.09718     -1.365    29.9186    22.0915 -9.990e-29
 159.653212     -1.351  37.156831    14.8448   -0.09720     -1.340    29.9235    22.0945 -9.990e-29
 159.653218     -1.331  37.180259    14.8495   -0.09722     -1.320    29.9409    22.1069 -9.990e-29
 159.653223     -1.308  37.193883    14.8535   -0.09717     -1.297    29.9500    22.1131 -9.990e-29
 159.653229     -1.278  37.181153    14.8557   -0.09715     -1.267    29.9369    22.1025 -9.990e-29
 159.653235     -1.249  37.149266    14.8567   -0.09720     -1.239    29.9076    22.0798 -9.990e-29
 159.653241     -1.224  37.133719    14.8587   -0.09722     -1.214    29.8921    22.0675 -9.990e-29
 159.653247     -1.204  37.153095    14.8619   -0.09729     -1.194    29.9070    22.0782 -9.990e-29
 159.653252     -1.193  37.181688    14.8636   -0.09738     -1.183    29.9313    22.0966 -9.990e-29
 159.653258     -1.182  37.181963    14.8623   -0.09731     -1.172    29.9325    22.0978 -9.990e-29
 159.653264     -1.161  37.148737    14.8574   -0.09723     -1.151    29.9065    22.0788 -9.990e-29
 159.653270     -1.133  37.112356    14.8515   -0.09723     -1.124    29.8785    22.0585 -9.990e-29
 159.653275     -1.102  37.099518    14.8500   -0.09723     -1.093    29.8681    22.0508 -9.990e-29
 159.653281     -1.064  37.114469    14.8510   -0.09725     -1.055    29.8807    22.0603 -9.990e-29
 159.653287     -1.022  37.139064    14.8482   -0.09737     -1.013    29.9049    22.0795 -9.990e-29
 159.653293     -0.978  37.141095    14.8364   -0.09740     -0.970    29.9157    22.0903 -9.990e-29
 159.653299     -0.932  37.117716    14.8154   -0.09731     -0.924    29.9109    22.0910 -9.990e-29
 159.653304     -0.895  37.098380    14.7993   -0.09728     -0.888    29.9059    22.0905 -9.990e-29
 159.653310     -0.869  37.094933    14.8029   -0.09727     -0.862    29.9000    22.0852 -9.990e-29
 159.653316     -0.843  37.102267    14.8186   -0.09734     -0.836    29.8946    22.0777 -9.990e-29
 159.653322     -0.811  37.115071    14.8306   -0.09739     -0.804    29.8968    22.0770 -9.990e-29
 159.653328     -0.777  37.117945    14.8316   -0.09738     -0.771    29.8986    22.0781 -9.990e-29
 159.653333     -0.745  37.103564    14.8176   -0.09742     -0.739    29.8965    22.0794 -9.990e-29
 159.653339     -0.718  37.087583    14.7947   -0.09739     -0.712    29.8997    22.0867 -9.990e-29
 159.653345     -0.696  37.082397    14.7837   -0.09734     -0.690    29.9035    22.0919 -9.990e-29
 159.653351     -0.671  37.088437    14.7924   -0.09732     -0.665    29.9022    22.0891 -9.990e-29
 159.653356     -0.642  37.102028    14.8054   -0.09739     -0.637    29.9044    22.0881 -9.990e-29
 159.653362     -0.617  37.107694    14.8068   -0.09751     -0.612    29.9084    22.0908 -9.990e-29
 159.653368     -0.593  37.096783    14.7953   -0.09742     -0.588    29.9074    22.0925 -9.990e-29
 159.653374     -0.565  37.083967    14.7821   -0.09734     -0.560    29.9061    22.0942 -9.990e-29
 159.653380     -0.535  37.078013    14.7730   -0.09733     -0.531    29.9077    22.0974 -9.990e-29
 159.653385     -0.510  37.074399    14.7667   -0.09733     -0.506    29.9093    22.0999 -9.990e-29
 159.653391     -0.492  37.073965    14.7685   -0.09739     -0.488    29.9075    22.0982 -9.990e-29
 159.653397     -0.476  37.082357    14.7776   -0.09745     -0.472    29.9080    22.0967 -9.990e-29
 159.653403     -0.457  37.093994    14.7787   -0.09740     -0.453    29.9176    22.1038 -9.990e-29
 159.653409     -0.439  37.094722    14.7624   -0.09734     -0.435    29.9308    22.1173 -9.990e-29
 159.653414     -0.423  37.088374    14.7459   -0.09734     -0.419    29.9378    22.1261 -9.990e-29
 159.653420     -0.408  37.088976    14.7510   -0.09737     -0.405    29.9344    22.1225 -9.990e-29
 159.653426     -0.395  37.100185    14.7697   15.28378     -0.392    29.9301    22.1153 -9.990e-29
 159.653432     -0.383  37.113441    14.7829   24.74449     -0.380    29.9318    22.1138 -9.990e-29
 159.653438     -0.369  37.113950    14.7821   26.02783     -0.366    29.9329    22.1148 -9.990e-29
 159.653443     -0.354  37.102452    14.7693   22.66688     -0.351    29.9324    22.1171 -9.990e-29
 159.653449     -0.337  37.093396    14.7583   14.51803     -0.334    29.9327    22.1197 -9.990e-29
 159.653455     -0.321  37.093270    14.7615   11.80232     -0.318    29.9301    22.1170 -9.990e-29
 159.653461     -0.308  37.101394    14.7732   11.79822     -0.305    29.9284    22.1133 -9.990e-29
 159.653466     -0.295  37.111269    14.7790   11.76955     -0.293    29.9328    22.1154 -9.990e-29
 159.653472     -0.275  37.114248    14.7735   11.75104     -0.273    29.9397    22.1219 -9.990e-29
 159.653478     -0.252  37.119408    14.7687   11.73867     -0.250    29.9480    22.1293 -9.990e-29
 159.653484     -0.229  37.154994    14.7770   11.72566     -0.227    29.9735    22.1472 -9.990e-29
 159.653490     -0.203  37.216915    14.7918   11.71023     -0.201    30.0176    22.1781 -9.990e-29
 159.653495     -0.179  37.263283    14.8034   11.69784     -0.178    30.0502    22.2008 -9.990e-29
 159.653501     -0.158  37.283636    14.8110   11.68296     -0.157    30.0626    22.2087 -9.990e-29
 159.653507     -0.144  37.293391    14.8155   11.66836     -0.143    30.0679    22.2118 -9.990e-29
 159.653513     -0.139  37.298882    14.8187   11.65469     -0.138    30.0703    22.2130 -9.990e-29
 159.653519     -0.140  37.303000    14.8226   11.20407     -0.139    30.0710    22.2127 -9.990e-29
 159.653524     -0.138  37.307928    14.8272    8.07567     -0.137    30.0719    22.2124 -9.990e-29
 159.653530     -0.123  37.313004    14.8301    5.80569     -0.122    30.0742    22.2136 -9.990e-29
 159.653536     -0.096  37.315517    14.8311    4.79138     -0.095    30.0757    22.2145 -9.990e-29
 159.653542     -0.067  37.316071    14.8311    5.00635     -0.066    30.0762    22.2149 -9.990e-29
 159.653547     -0.047  37.316581    14.8314    6.28903     -0.047    30.0764    22.2150 -9.990e-29
 159.653553     -0.040  37.317780    14.8336    6.89232     -0.040    30.0757    22.2141 -9.990e-29
 159.653559     -0.039  37.320201    14.8367    7.15596     -0.039    30.0755    22.2133 -9.990e-29
 159.653565     -0.038  37.323203    14.8392    7.29967     -0.038    30.0763    22.2133 -9.990e-29
 159.653571     -0.027  37.325797    14.8408    7.36984     -0.027    30.0774    22.2138 -9.990e-29
 159.653576     -0.006  37.327574    14.8416    7.39715     -0.006    30.0783    22.2144 -9.990e-29
 159.653582      0.015  37.328154    14.8428    7.40192      0.015    30.0779    22.2138 -9.990e-29
 159.653588      0.031  37.328927    14.8450    7.40792      0.031    30.0769    22.2126 -9.990e-29
 159.653594      0.053  37.330977    14.8474    7.41283      0.053    30.0769    22.2121 -9.990e-29
 159.653600      0.082  37.333169    14.8499    7.42149      0.081    30.0769    22.2116 -9.990e-29
 159.653605      0.111  37.335118    14.8510    7.41947      0.110    30.0778    22.2120 -9.990e-29
 159.653611      0.138  37.335552    14.8497    7.40159      0.137    30.0792    22.2134 -9.990e-29
 159.653617      0.164  37.333423    14.8480    7.39276      0.163    30.0786    22.2132 -9.990e-29
 159.653623      0.192  37.331556    14.8484    7.38592      0.190    30.0766    22.2116 -9.990e-29
 159.653628      0.218  37.332562    14.8513    7.38101      0.216    30.0752    22.2100 -9.990e-29
 159.653634      0.241  37.335596    14.8545    7.37325      0.239    30.0755    22.2095 -9.990e-29
 159.653640      0.261  37.338588    14.8556    7.37151      0.259    30.0773    22.2107 -9.990e-29
 159.653646      0.275  37.339414    14.8546    7.37081      0.273    30.0788    22.2121 -9.990e-29
 159.653652      0.285  37.338111    14.8533    7.36184      0.283    30.0787    22.2122 -9.990e-29
 159.653657      0.296  37.336924    14.8529    7.34129      0.294    30.0779    22.2117 -9.990e-29
 159.653663      0.307  37.336568    14.8530    7.33188      0.304    30.0775    22.2114 -9.990e-29
 159.653669      0.321  37.336623    14.8534    7.33712      0.318    30.0772    22.2111 -9.990e-29
 159.653675      0.337  37.337218    14.8541    7.33955      0.334    30.0772    22.2109 -9.990e-29
 159.653681      0.356  37.338082    14.8545    7.32898      0.353    30.0777    22.2112 -9.990e-29
 159.653686      0.377  37.338177    14.8550    7.31473      0.374    30.0774    22.2109 -9.990e-29
 159.653692      0.395  37.338246    14.8565    7.29964      0.392    30.0763    22.2097 -9.990e-29
 159.653698      0.412  37.339559    14.8588    7.30117      0.409    30.0757    22.2087 -9.990e-29
 159.653704      0.429  37.339996    14.8609    7.31111      0.425    30.0744    22.2074 -9.990e-29
 159.653709      0.443  37.337944    14.8621    7.30071      0.439    30.0717    22.2050 -9.990e-29
 159.653715      0.446  37.335180    14.8618    7.28760      0.442    30.0694    22.2033 -9.990e-29
 159.653721      0.433  37.334770    14.8606    7.28300      0.429    30.0700    22.2040 -9.990e-29
 159.653727      0.414  37.337309    14.8598    7.27945      0.411    30.0729    22.2064 -9.990e-29
 159.653733      0.403  37.340021    14.8586    7.28218      0.400    30.0762    22.2092 -9.990e-29
 159.653738      0.408  37.340920    14.8556    7.28157      0.405    30.0794    22.2123 -9.990e-29
 159.653744      0.426  37.338965    14.8513    7.26700      0.422    30.0809    22.2144 -9.990e-29
 159.653750      0.449  37.334920    14.8471    7.25756      0.445    30.0805    22.2149 -9.990e-29
 159.653756      0.470  37.331243    14.8440    7.25252      0.466    30.0796    22.2149 -9.990e-29
 159.653762      0.486  37.329205    14.8418    7.25044      0.482    30.0795    22.2152 -9.990e-29
 159.653767      0.502  37.328332    14.8385    7.25312      0.498    30.0812    22.2173 -9.990e-29
 159.653773      0.523  37.325784    14.8314    7.26503      0.519    30.0844    22.2212 -9.990e-29
 159.653779      0.548  37.319288    14.8213    7.27580      0.543    30.0864    22.2248 -9.990e-29
 159.653785      0.573  37.309720    14.8137    7.26967      0.568    30.0837    22.2243 -9.990e-29
 159.653791      0.594  37.301711    14.8139    7.25223      0.589    30.0763    22.2186 -9.990e-29
 159.653796      0.607  37.301406    14.8209    7.23410      0.602    30.0706    22.2128 -9.990e-29
 159.653802      0.610  37.308400    14.8299    7.22957      0.605    30.0700    22.2104 -9.990e-29
 159.653808      0.612  37.317441    14.8354    7.23100      0.607    30.0738    22.2122 -9.990e-29
 159.653814      0.623  37.322646    14.8337    7.23085      0.618    30.0798    22.2172 -9.990e-29
 159.653819      0.643  37.319745    14.8273    7.23767      0.638    30.0821    22.2203 -9.990e-29
 159.653825      0.665  37.312729    14.8226    7.23754      0.659    30.0795    22.2192 -9.990e-29
 159.653831      0.686  37.308507    14.8225    7.22239      0.680    30.0757    22.2164 -9.990e-29
 159.653837      0.708  37.308741    14.8269    7.20923      0.702    30.0725    22.2130 -9.990e-29
 159.653843      0.726  37.313186    14.8342    7.21522      0.720    30.0709    22.2102 -9.990e-29
 159.653848      0.739  37.320484    14.8408    7.21679      0.733    30.0723    22.2100 -9.990e-29
 159.653854      0.752  37.326347    14.8438    7.22031      0.746    30.0753    22.2116 -9.990e-29
 159.653860      0.768  37.327384    14.8430    7.21662      0.762    30.0768    22.2130 -9.990e-29
 159.653866      0.786  37.325545    14.8445    7.20357      0.779    30.0740    22.2105 -9.990e-29
 159.653872      0.802  37.328477    14.8524    7.19480      0.795    30.0705    22.2062 -9.990e-29
 159.653877      0.817  37.338408    14.8613    7.19274      0.810    30.0726    22.2058 -9.990e-29
 159.653883      0.828  37.346713    14.8659    7.19159      0.821    30.0764    22.2079 -9.990e-29
 159.653889      0.835  37.348768    14.8669    7.19615      0.828    30.0775    22.2085 -9.990e-29
 159.653895      0.844  37.348441    14.8666    7.19924      0.837    30.0775    22.2085 -9.990e-29
 159.653900      0.850  37.348105    14.8660    7.19472      0.843    30.0776    22.2088 -9.990e-29
 159.653906      0.849  37.347876    14.8651    7.18293      0.842    30.0781    22.2093 -9.990e-29
