data/oxygen options/OCNMS/OCNMS2/raw_data/2005/CTD_CE30_081605faedb.cnv
* Sea-Bird SBE19 Data File:
* FileName = C:\Hypoxia Data\CE30_081605.hex
* Software Version 1.1.6
* Temperature SN = 2997
* Conductivity SN = 2997
* System UpLoad Time = Aug 16 2005 11:11:56
* SEACAT PROFILER V3.1c SN 2997   08/16/05  11:11:22.010
* strain gauge pressure sensor: S/N = 184829,  range = 3000 psia,  tc = 40
# nquan = 9
# nvalues = 27                          
# units = specified
# name 0 = timeJ: Julian Days
# name 1 = prSM: Pressure, Strain Gauge [db]
# name 2 = c0mS/cm: Conductivity [mS/cm]
# name 3 = t090C: Temperature [ITS-90, deg C]
# name 4 = oxML/L: Oxygen, Beckman/YSI [ml/l]
# name 5 = depSM: Depth [salt water, m], lat = 47.5
# name 6 = sal00: Salinity, Practical [PSU]
# name 7 = sigma-é00: Density [sigma-theta, kg/m^3]
# name 8 = flag: flag
# span 0 = 228.447567, 228.447911       
# span 1 =      4.000,     30.000       
# span 2 =  34.635211,  36.958062       
# span 3 =     7.5835,    10.8916       
# span 4 =    2.47409,    9.13770       
# span 5 =      3.967,     29.747       
# span 6 =    33.0221,    33.7015       
# span 7 =    25.2548,    26.3144       
# span 8 = 0.0000e+00, 0.0000e+00       
# interval = decibars: 1                
# start_time = Aug 16 2005 10:41:16 [Instrument's time stamp, header]
# bad_flag = -9.990e-29
*END*
 228.447567      4.000  36.958062    10.8916    9.13770      3.967    33.0221    25.2548 0.0000e+00
 228.447589      5.000  36.889633    10.7283    8.78790      4.958    33.1011    25.3450 0.0000e+00
 228.447605      6.000  36.669957    10.4264    7.55710      5.949    33.1549    25.4392 0.0000e+00
 228.447621      7.000  36.435966    10.0483    5.70402      6.941    33.2645    25.5887 0.0000e+00
 228.447634      8.000  35.974719     9.4546    4.46056      7.933    33.3416    25.7468 0.0000e+00
 228.447646      9.000  35.588817     9.0487    3.98026      8.925    33.3206    25.7956 0.0000e+00
 228.447657     10.000  35.401989     8.8406    3.89485      9.916    33.3206    25.8282 0.0000e+00
 228.447668     11.000  35.304887     8.7153    3.88447     10.908    33.3363    25.8599 0.0000e+00
 228.447678     12.000  35.241785     8.6298    3.82706     11.899    33.3501    25.8840 0.0000e+00
 228.447688     13.000  35.188492     8.5766    3.71483     12.891    33.3439    25.8872 0.0000e+00
 228.447700     14.000  35.150043     8.4974    3.50169     13.883    33.3777    25.9259 0.0000e+00
 228.447710     15.000  35.047529     8.3092    3.28344     14.874    33.4475    26.0089 0.0000e+00
 228.447720     16.000  34.909623     8.1198    3.12977     15.866    33.4810    26.0635 0.0000e+00
 228.447730     17.000  34.820062     7.9716    3.03383     16.857    33.5268    26.1213 0.0000e+00
 228.447740     18.000  34.766600     7.8760    2.95072     17.849    33.5608    26.1620 0.0000e+00
 228.447750     19.000  34.739600     7.8269    2.87342     18.841    33.5786    26.1832 0.0000e+00
 228.447760     20.000  34.727463     7.7842    2.77683     19.832    33.6063    26.2111 0.0000e+00
 228.447771     21.000  34.709881     7.7074    2.66319     20.824    33.6611    26.2652 0.0000e+00
 228.447781     22.000  34.676315     7.6466    2.61424     21.815    33.6832    26.2914 0.0000e+00
 228.447791     23.000  34.664607     7.6376    2.58260     22.806    33.6789    26.2893 0.0000e+00
 228.447802     24.000  34.660868     7.6178    2.53568     23.799    33.6935    26.3037 0.0000e+00
 228.447812     25.000  34.646723     7.5939    2.49329     24.790    33.7010    26.3130 0.0000e+00
 228.447822     26.000  34.641590     7.5871    2.49210     25.782    33.7015    26.3143 0.0000e+00
 228.447833     27.000  34.641088     7.5862    2.49480     26.773    33.7014    26.3144 0.0000e+00
 228.447844     28.000  34.637711     7.5835    2.49043     27.765    33.6999    26.3136 0.0000e+00
 228.447859     29.000  34.635211     7.5837    2.49729     28.756    33.6965    26.3109 0.0000e+00
 228.447911     30.000  34.635235     7.5901    2.47409     29.747    33.6898    26.3048 0.0000e+00
