data/oxygen options/OCNMS/OCNMS2/raw_data/2005/CTD_TH100_081505faed.cnv
* Sea-Bird SBE19 Data File:
* FileName = C:\Hypoxia Data\TH100_081505.hex
* Software Version 1.1.6
* Temperature SN = 2997
* Conductivity SN = 2997
* System UpLoad Time = Aug 15 2005 18:16:53
* SEACAT PROFILER V3.1c SN 2997   08/15/05  18:15:45.006
* strain gauge pressure sensor: S/N = 184829,  range = 3000 psia,  tc = 40
# nquan = 9                                 
# nvalues = 1023                        
# units = specified
# name 0 = timeJ: Julian Days
# name 1 = prSM: Pressure, Strain Gauge [db]
# name 2 = c0mS/cm: Conductivity [mS/cm]
# name 3 = t090C: Temperature [ITS-90, deg C]
# name 4 = oxML/L: Oxygen, Beckman/YSI [ml/l]
# name 5 = depSM: Depth [salt water, m], lat = 47.5
# name 6 = sal00: Salinity, Practical [PSU]
# name 7 = sigma-é00: Density [sigma-theta, kg/m^3]
# name 8 = flag: flag
# span 0 = 227.651690, 227.657604       
# span 1 =     -3.029,    103.364       
# span 2 =   0.234217,  38.683113       
# span 3 =     7.3094,    14.6322       
# span 4 =   -0.11734,   25.35598       
# span 5 =     -3.004,    102.476       
# span 6 =     0.1407,    33.8792       
# span 7 =    -0.7334,    26.4937       
# span 8 = 0.0000e+00, 0.0000e+00       
# interval = seconds: 0.5
# start_time = Aug 15 2005 15:38:26 [Instrument's time stamp, header]
# bad_flag = -9.990e-29
*END*
[from data line 161]
 227.652622      1.757  38.602882    14.0801    7.13715      1.742    31.8424    23.7318 -9.990e-29
 227.652627      1.751  38.602748    14.0803    7.11899      1.736    31.8421    23.7315 -9.990e-29
 227.652633      1.758  38.602875    14.0812    7.10720      1.743    31.8415    23.7309 -9.990e-29
 227.652639      1.777  38.603424    14.0815    7.11184      1.762    31.8418    23.7310 -9.990e-29
 227.652645      1.802  38.603434    14.0811    7.13856      1.787    31.8421    23.7313 -9.990e-29
 227.652650      1.826  38.602911    14.0809    7.13734      1.811    31.8418    23.7311 -9.990e-29
 227.652656      1.837  38.602831    14.0810    7.11888      1.822    31.8416    23.7310 -9.990e-29
 227.652662      1.832  38.603076    14.0811    7.09627      1.817    31.8418    23.7311 -9.990e-29
 227.652668      1.824  38.603404    14.0811    7.09185      1.809    31.8421    23.7313 -9.990e-29
 227.652674      1.823  38.603684    14.0805    7.10884      1.808    31.8428    23.7320 -9.990e-29
 227.652679      1.836  38.603161    14.0790    7.13336      1.821    31.8436    23.7329 -9.990e-29
 227.652685      1.854  38.601688    14.0776    7.12678      1.839    31.8434    23.7330 -9.990e-29
 227.652691      1.865  38.600658    14.0774    7.10487      1.849    31.8426    23.7325 -9.990e-29
 227.652697      1.870  38.600930    14.0781    7.09290      1.854    31.8422    23.7321 -9.990e-29
 227.652703      1.878  38.601738    14.0782    7.09003      1.862    31.8429    23.7326 -9.990e-29
 227.652708      1.894  38.601907    14.0764    7.10751      1.878    31.8445    23.7342 -9.990e-29
 227.652714      1.914  38.599972    14.0733    7.10654      1.898    31.8453    23.7354 -9.990e-29
 227.652720      1.931  38.596710    14.0713    7.09582      1.915    31.8440    23.7348 -9.990e-29
 227.652726      1.943  38.595053    14.0704    7.08701      1.927    31.8432    23.7344 -9.990e-29
 227.652731      1.949  38.594464    14.0687    7.08721      1.933    31.8440    23.7354 -9.990e-29
 227.652737      1.955  38.593025    14.0661    7.09417      1.939    31.8449    23.7366 -9.990e-29
 227.652743      1.965  38.591055    14.0638    7.09997      1.949    31.8450    23.7371 -9.990e-29
 227.652749      1.975  38.589283    14.0631    7.10171      1.959    31.8439    23.7364 -9.990e-29
 227.652755      1.982  38.588701    14.0635    7.09753      1.965    31.8430    23.7357 -9.990e-29
 227.652760      1.991  38.589084    14.0639    7.08516      1.974    31.8431    23.7356 -9.990e-29
 227.652766      2.006  38.589252    14.0640    7.07716      1.989    31.8431    23.7357 -9.990e-29
 227.652772      2.024  38.589422    14.0647    7.08603      2.007    31.8427    23.7352 -9.990e-29
 227.652778      2.042  38.590372    14.0657    7.09448      2.025    31.8427    23.7350 -9.990e-29
 227.652784      2.057  38.591676    14.0664    7.10580      2.040    31.8433    23.7353 -9.990e-29
 227.652789      2.065  38.592261    14.0668    7.09793      2.048    31.8436    23.7354 -9.990e-29
 227.652795      2.072  38.592338    14.0677    7.08051      2.055    31.8429    23.7347 -9.990e-29
 227.652801      2.082  38.593125    14.0697    7.08774      2.065    31.8419    23.7336 -9.990e-29
 227.652807      2.095  38.595099    14.0727    7.09013      2.078    31.8413    23.7324 -9.990e-29
 227.652813      2.113  38.598081    14.0762    7.08342      2.095    31.8411    23.7316 -9.990e-29
 227.652818      2.132  38.601553    14.0789    7.07545      2.114    31.8421    23.7318 -9.990e-29
 227.652824      2.145  38.603964    14.0800    7.07004      2.127    31.8434    23.7326 -9.990e-29
 227.652830      2.148  38.604597    14.0801    7.07861      2.130    31.8439    23.7329 -9.990e-29
 227.652836      2.147  38.604286    14.0798    7.07697      2.129    31.8438    23.7330 -9.990e-29
 227.652841      2.145  38.603729    14.0794    7.07903      2.127    31.8436    23.7329 -9.990e-29
 227.652847      2.142  38.603299    14.0789    7.08376      2.124    31.8437    23.7330 -9.990e-29
 227.652853      2.142  38.602973    14.0782    7.07896      2.124    31.8439    23.7334 -9.990e-29
 227.652859      2.150  38.602308    14.0775    7.06502      2.132    31.8439    23.7335 -9.990e-29
 227.652865      2.165  38.601532    14.0768    7.07164      2.147    31.8438    23.7335 -9.990e-29
 227.652870      2.185  38.601284    14.0761    7.07874      2.167    31.8441    23.7339 -9.990e-29
 227.652876      2.203  38.601224    14.0754    7.08226      2.185    31.8446    23.7345 -9.990e-29
 227.652882      2.214  38.600701    14.0752    7.07207      2.196    31.8443    23.7343 -9.990e-29
 227.652888      2.221  38.600129    14.0751    7.05224      2.202    31.8439    23.7340 -9.990e-29
 227.652894      2.227  38.599859    14.0742    7.05846      2.208    31.8444    23.7345 -9.990e-29
 227.652899      2.238  38.598962    14.0720    7.07295      2.219    31.8453    23.7357 -9.990e-29
 227.652905      2.249  38.596795    14.0696    7.07635      2.230    31.8453    23.7362 -9.990e-29
 227.652911      2.258  38.594384    14.0691    7.07284      2.239    31.8435    23.7349 -9.990e-29
 227.652917      2.260  38.594116    14.0710    7.06654      2.241    31.8417    23.7331 -9.990e-29
 227.652922      2.255  38.596184    14.0726    7.06544      2.236    31.8423    23.7333 -9.990e-29
 227.652928      2.256  38.597729    14.0720    7.06027      2.237    31.8442    23.7349 -9.990e-29
 227.652934      2.268  38.597438    14.0699    7.04993      2.249    31.8457    23.7364 -9.990e-29
 227.652940      2.283  38.596036    14.0684    7.06144      2.264    31.8456    23.7367 -9.990e-29
 227.652946      2.292  38.595009    14.0687    7.07199      2.273    31.8444    23.7357 -9.990e-29
 227.652951      2.293  38.595784    14.0701    7.08516      2.274    31.8440    23.7351 -9.990e-29
 227.652957      2.290  38.597141    14.0704    7.07406      2.271    31.8450    23.7358 -9.990e-29
 227.652963      2.286  38.596955    14.0689    7.04726      2.267    31.8460    23.7369 -9.990e-29
 227.652969      2.287  38.595530    14.0669    7.05081      2.268    31.8464    23.7376 -9.990e-29
 227.652975      2.295  38.594324    14.0659    7.06476      2.276    31.8461    23.7376 -9.990e-29
 227.652980      2.308  38.593963    14.0655    7.07866      2.289    31.8461    23.7377 -9.990e-29
 227.652986      2.317  38.593957    14.0653    7.07248      2.298    31.8463    23.7378 -9.990e-29
 227.652992      2.315  38.593727    14.0654    7.06252      2.296    31.8460    23.7376 -9.990e-29
 227.652998      2.301  38.593518    14.0658    7.04676      2.282    31.8454    23.7371 -9.990e-29
 227.653003      2.288  38.593606    14.0659    7.05703      2.269    31.8454    23.7371 -9.990e-29
 227.653009      2.288  38.593537    14.0649    7.06548      2.269    31.8462    23.7379 -9.990e-29
 227.653015      2.300  38.592652    14.0634    7.06656      2.281    31.8466    23.7385 -9.990e-29
 227.653021      2.316  38.591445    14.0625    7.06930      2.297    31.8463    23.7384 -9.990e-29
 227.653027      2.334  38.591099    14.0630    7.06901      2.315    31.8455    23.7377 -9.990e-29
 227.653032      2.355  38.591705    14.0647    7.06130      2.335    31.8447    23.7367 -9.990e-29
 227.653038      2.379  38.592943    14.0673    7.05708      2.359    31.8436    23.7354 -9.990e-29
 227.653044      2.405  38.595333    14.0703    7.05245      2.385    31.8433    23.7345 -9.990e-29
 227.653050      2.425  38.598686    14.0731    7.05149      2.405    31.8441    23.7346 -9.990e-29
 227.653056      2.436  38.601295    14.0747    7.06523      2.416    31.8452    23.7351 -9.990e-29
 227.653061      2.439  38.602143    14.0747    7.07391      2.419    31.8460    23.7357 -9.990e-29
 227.653067      2.438  38.601792    14.0740    7.07904      2.418    31.8462    23.7360 -9.990e-29
 227.653073      2.443  38.601451    14.0741    7.06974      2.423    31.8458    23.7357 -9.990e-29
 227.653079      2.453  38.601778    14.0752    7.04664      2.433    31.8452    23.7350 -9.990e-29
 227.653084      2.464  38.602641    14.0765    7.03750      2.443    31.8449    23.7345 -9.990e-29
 227.653090      2.477  38.604058    14.0773    7.05310      2.456    31.8455    23.7348 -9.990e-29
 227.653096      2.490  38.605668    14.0774    7.07238      2.469    31.8469    23.7359 -9.990e-29
 227.653102      2.497  38.606242    14.0769    7.07273      2.476    31.8479    23.7367 -9.990e-29
 227.653108      2.501  38.605232    14.0761    7.05165      2.480    31.8476    23.7367 -9.990e-29
 227.653113      2.501  38.603528    14.0753    7.04037      2.480    31.8467    23.7361 -9.990e-29
 227.653119      2.501  38.602591    14.0753    7.05364      2.480    31.8458    23.7355 -9.990e-29
 227.653125      2.511  38.602848    14.0766    7.07037      2.490    31.8450    23.7345 -9.990e-29
 227.653131      2.529  38.603886    14.0781    7.07131      2.508    31.8447    23.7340 -9.990e-29
 227.653137      2.546  38.605404    14.0785    7.05126      2.525    31.8458    23.7347 -9.990e-29
 227.653142      2.549  38.606057    14.0783    7.03162      2.528    31.8465    23.7354 -9.990e-29
 227.653148      2.538  38.605588    14.0784    7.02831      2.517    31.8460    23.7350 -9.990e-29
 227.653154      2.526  38.605609    14.0788    7.04362      2.505    31.8457    23.7346 -9.990e-29
 227.653160      2.519  38.606144    14.0794    7.05594      2.498    31.8457    23.7345 -9.990e-29
 227.653166      2.515  38.606783    14.0799    7.06017      2.494    31.8459    23.7345 -9.990e-29
 227.653171      2.507  38.607248    14.0801    7.05111      2.486    31.8462    23.7347 -9.990e-29
 227.653177      2.500  38.607034    14.0806    7.03551      2.479    31.8455    23.7341 -9.990e-29
 227.653183      2.503  38.606973    14.0813    7.03325      2.482    31.8449    23.7335 -9.990e-29
 227.653189      2.518  38.607541    14.0814    7.05017      2.497    31.8453    23.7338 -9.990e-29
 227.653194      2.543  38.607809    14.0806    7.06306      2.522    31.8462    23.7347 -9.990e-29
 227.653200      2.567  38.607007    14.0806    7.06897      2.546    31.8455    23.7341 -9.990e-29
 227.653206      2.579  38.606866    14.0825    7.05064      2.557    31.8438    23.7324 -9.990e-29
 227.653212      2.574  38.608873    14.0849    7.04524      2.553    31.8437    23.7318 -9.990e-29
 227.653218      2.558  38.611213    14.0862    7.04915      2.537    31.8447    23.7324 -9.990e-29
 227.653223      2.541  38.612515    14.0861    7.04912      2.520    31.8460    23.7334 -9.990e-29
 227.653229      2.535  38.612831    14.0852    7.04952      2.514    31.8471    23.7344 -9.990e-29
 227.653235      2.541  38.612578    14.0845    7.04481      2.520    31.8474    23.7348 -9.990e-29
 227.653241      2.550  38.612537    14.0843    7.04403      2.529    31.8475    23.7349 -9.990e-29
 227.653247      2.558  38.612647    14.0844    7.04050      2.537    31.8475    23.7349 -9.990e-29
 227.653252      2.570  38.612486    14.0839    7.03685      2.549    31.8478    23.7352 -9.990e-29
 227.653258      2.590  38.611838    14.0819    7.04121      2.568    31.8488    23.7364 -9.990e-29
 227.653264      2.617  38.609832    14.0792    7.04389      2.595    31.8492    23.7373 -9.990e-29
 227.653270      2.644  38.607155    14.0773    7.04849      2.622    31.8483    23.7370 -9.990e-29
 227.653275      2.667  38.605839    14.0767    7.04767      2.645    31.8476    23.7365 -9.990e-29
 227.653281      2.688  38.605807    14.0772    7.04711      2.666    31.8472    23.7361 -9.990e-29
 227.653287      2.704  38.606450    14.0775    7.04710      2.681    31.8475    23.7363 -9.990e-29
 227.653293      2.712  38.606939    14.0770    7.04697      2.689    31.8484    23.7370 -9.990e-29
 227.653299      2.713  38.606239    14.0761    7.04183      2.690    31.8485    23.7373 -9.990e-29
 227.653304      2.710  38.605093    14.0749    7.03557      2.687    31.8484    23.7375 -9.990e-29
 227.653310      2.708  38.604215    14.0735    7.03597      2.685    31.8487    23.7381 -9.990e-29
 227.653316      2.707  38.603550    14.0730    7.04243      2.684    31.8485    23.7380 -9.990e-29
 227.653322      2.707  38.603327    14.0735    7.05213      2.684    31.8479    23.7374 -9.990e-29
 227.653328      2.702  38.603807    14.0741    7.05166      2.679    31.8479    23.7373 -9.990e-29
 227.653333      2.694  38.604502    14.0742    7.04281      2.671    31.8484    23.7377 -9.990e-29
 227.653339      2.691  38.604651    14.0742    7.03777      2.669    31.8486    23.7378 -9.990e-29
 227.653345      2.695  38.604451    14.0745    7.03648      2.672    31.8481    23.7374 -9.990e-29
 227.653351      2.708  38.604751    14.0749    7.04491      2.685    31.8481    23.7373 -9.990e-29
 227.653356      2.726  38.605387    14.0750    7.04853      2.703    31.8486    23.7376 -9.990e-29
 227.653362      2.741  38.605517    14.0750    7.04856      2.718    31.8487    23.7377 -9.990e-29
 227.653368      2.750  38.605310    14.0752    7.03673      2.727    31.8483    23.7374 -9.990e-29
 227.653374      2.755  38.605046    14.0755    7.03793      2.732    31.8478    23.7370 -9.990e-29
 227.653380      2.755  38.604931    14.0757    7.04561      2.732    31.8476    23.7367 -9.990e-29
 227.653385      2.754  38.605366    14.0762    7.04724      2.731    31.8476    23.7366 -9.990e-29
 227.653391      2.757  38.606367    14.0771    7.05099      2.734    31.8477    23.7365 -9.990e-29
 227.653397      2.759  38.607582    14.0779    7.04704      2.736    31.8482    23.7367 -9.990e-29
 227.653403      2.757  38.608383    14.0782    7.03964      2.734    31.8487    23.7370 -9.990e-29
 227.653409      2.754  38.608709    14.0783    7.03503      2.731    31.8489    23.7372 -9.990e-29
 227.653414      2.759  38.608993    14.0787    7.02863      2.736    31.8488    23.7371 -9.990e-29
 227.653420      2.773  38.609607    14.0791    7.03365      2.750    31.8490    23.7371 -9.990e-29
 227.653426      2.787  38.610245    14.0789    7.03830      2.764    31.8498    23.7378 -9.990e-29
 227.653432      2.793  38.610070    14.0786    7.04186      2.770    31.8499    23.7379 -9.990e-29
 227.653438      2.789  38.609404    14.0783    7.03323      2.766    31.8495    23.7377 -9.990e-29
 227.653443      2.783  38.609038    14.0783    7.02346      2.760    31.8492    23.7374 -9.990e-29
 227.653449      2.786  38.609039    14.0790    7.02699      2.763    31.8486    23.7368 -9.990e-29
 227.653455      2.803  38.609407    14.0797    7.04638      2.780    31.8484    23.7365 -9.990e-29
 227.653461      2.831  38.610064    14.0801    7.05576      2.807    31.8486    23.7366 -9.990e-29
 227.653466      2.860  38.610762    14.0802    7.04215      2.836    31.8492    23.7370 -9.990e-29
 227.653472      2.877  38.611305    14.0802    7.02792      2.853    31.8497    23.7374 -9.990e-29
 227.653478      2.885  38.611290    14.0800    7.02401      2.861    31.8498    23.7376 -9.990e-29
 227.653484      2.892  38.610691    14.0795    7.03712      2.868    31.8497    23.7375 -9.990e-29
 227.653490      2.903  38.609826    14.0786    7.04752      2.879    31.8496    23.7377 -9.990e-29
 227.653495      2.914  38.608659    14.0779    7.03952      2.890    31.8491    23.7375 -9.990e-29
 227.653501      2.917  38.607875    14.0775    7.03063      2.893    31.8487    23.7372 -9.990e-29
 227.653507      2.914  38.608104    14.0770    7.02795      2.890    31.8493    23.7378 -9.990e-29
 227.653513      2.911  38.608524    14.0761    7.02500      2.887    31.8505    23.7389 -9.990e-29
 227.653519      2.913  38.608011    14.0746    7.02300      2.889    31.8512    23.7398 -9.990e-29
 227.653524      2.916  38.606436    14.0739    7.02548      2.892    31.8504    23.7392 -9.990e-29
 227.653530      2.912  38.605620    14.0750    7.03951      2.888    31.8487    23.7377 -9.990e-29
 227.653536      2.900  38.606713    14.0768    7.04998      2.876    31.8482    23.7370 -9.990e-29
