data/oxygen options/OCNMS/OCNMS2/raw_data/2005/CTD_CE10_060805faed.cnv
* Sea-Bird SBE19 Data File:
* FileName = C:\hypoxia CTD data\CE10_060805.hex
* Software Version 1.1.5
* Temperature SN = 2997
* Conductivity SN = 2997
* System UpLoad Time = Jun 08 2005 15:54:05
* SEACAT PROFILER V3.1c SN 2997   06/08/05  15:52:51.857
* strain gauge pressure sensor: S/N = 184829,  range = 3000 psia,  tc = 40
# nquan = 9                                 
# nvalues = 476                         
# units = specified
# name 0 = timeJ: Julian Days
# name 1 = prSM: Pressure, Strain Gauge [db]
# name 2 = c0mS/cm: Conductivity [mS/cm]
# name 3 = t090C: Temperature [ITS-90, deg C]
# name 4 = oxML/L: Oxygen, Beckman/YSI [ml/l]
# name 5 = depSM: Depth [salt water, m], lat = 47.5
# name 6 = sal00: Salinity, Practical [PSU]
# name 7 = sigma-é00: Density [sigma-theta, kg/m^3]
# name 8 = flag: flag
# span 0 = 159.538819, 159.541568       
# span 1 =     -4.180,     10.319       
# span 2 =   0.482256,  36.784840       
# span 3 =    14.1434,    15.1340       
# span 4 =   -0.11847,   24.88838       
# span 5 =     -4.145,     10.233       
# span 6 =     0.2966,    29.5429       
# span 7 =    -0.5600,    21.8797       
# span 8 = 0.0000e+00, 0.0000e+00       
# interval = seconds: 0.5
# start_time = Jun 08 2005 12:55:54 [Instrument's time stamp, header]
# bad_flag = -9.990e-29
*END*
[from data line 161]
 159.539751      0.035  36.771954    15.1194    6.58928      0.035    29.3719    21.6126 -9.990e-29
 159.539757      0.052  36.770563    15.1194    6.57036      0.052    29.3707    21.6117 -9.990e-29
 159.539763      0.060  36.770535    15.1214    6.55431      0.059    29.3691    21.6101 -9.990e-29
 159.539769      0.062  36.771277    15.1234    6.55130      0.061    29.3683    21.6090 -9.990e-29
 159.539774      0.071  36.772104    15.1236    6.55841      0.070    29.3689    21.6094 -9.990e-29
 159.539780      0.089  36.773008    15.1223    6.55482      0.088    29.3706    21.6111 -9.990e-29
 159.539786      0.103  36.772956    15.1212    6.54606      0.102    29.3714    21.6119 -9.990e-29
 159.539792      0.106  36.772448    15.1214    6.53617      0.105    29.3708    21.6114 -9.990e-29
 159.539797      0.107  36.773053    15.1227    6.53942      0.106    29.3704    21.6108 -9.990e-29
 159.539803      0.118  36.774465    15.1229    6.53905      0.117    29.3715    21.6116 -9.990e-29
 159.539809      0.144  36.774651    15.1206    6.53396      0.143    29.3733    21.6135 -9.990e-29
 159.539815      0.179  36.772744    15.1178    6.54114      0.178    29.3737    21.6144 -9.990e-29
 159.539821      0.207  36.770695    15.1168    6.53556      0.205    29.3727    21.6138 -9.990e-29
 159.539826      0.223  36.770262    15.1181    6.52797      0.221    29.3713    21.6125 -9.990e-29
 159.539832      0.226  36.771435    15.1210    6.51906      0.224    29.3702    21.6110 -9.990e-29
 159.539838      0.222  36.774102    15.1249    6.50688      0.220    29.3696    21.6097 -9.990e-29
 159.539844      0.218  36.777902    15.1286    6.50676      0.216    29.3702    21.6094 -9.990e-29
 159.539850      0.223  36.781182    15.1306    6.50762      0.221    29.3716    21.6101 -9.990e-29
 159.539855      0.242  36.782154    15.1303    6.50512      0.240    29.3727    21.6110 -9.990e-29
 159.539861      0.267  36.781001    15.1291    6.50698      0.265    29.3726    21.6111 -9.990e-29
 159.539867      0.287  36.779556    15.1288    6.49505      0.285    29.3715    21.6104 -9.990e-29
 159.539873      0.299  36.779264    15.1296    6.49587      0.297    29.3706    21.6095 -9.990e-29
 159.539878      0.303  36.780302    15.1306    6.50009      0.300    29.3708    21.6094 -9.990e-29
 159.539884      0.305  36.781818    15.1311    6.49026      0.302    29.3718    21.6101 -9.990e-29
 159.539890      0.313  36.782477    15.1309    6.48773      0.310    29.3725    21.6107 -9.990e-29
 159.539896      0.332  36.782045    15.1301    6.48707      0.329    29.3727    21.6110 -9.990e-29
 159.539902      0.358  36.781075    15.1287    6.48159      0.355    29.3729    21.6115 -9.990e-29
 159.539907      0.385  36.779962    15.1273    6.48521      0.382    29.3730    21.6118 -9.990e-29
 159.539913      0.407  36.779472    15.1266    6.48243      0.404    29.3730    21.6120 -9.990e-29
 159.539919      0.419  36.779517    15.1271    6.47490      0.416    29.3727    21.6116 -9.990e-29
 159.539925      0.427  36.779604    15.1280    6.48217      0.423    29.3721    21.6110 -9.990e-29
 159.539931      0.436  36.779855    15.1283    6.47863      0.432    29.3721    21.6109 -9.990e-29
 159.539936      0.447  36.780051    15.1272    6.47847      0.443    29.3731    21.6119 -9.990e-29
 159.539942      0.459  36.779340    15.1253    6.47668      0.455    29.3739    21.6129 -9.990e-29
 159.539948      0.475  36.777902    15.1242    6.47383      0.471    29.3734    21.6128 -9.990e-29
 159.539954      0.490  36.777193    15.1244    6.46647      0.486    29.3726    21.6122 -9.990e-29
 159.539959      0.497  36.777394    15.1252    6.46263      0.493    29.3722    21.6117 -9.990e-29
 159.539965      0.497  36.777657    15.1256    6.45897      0.493    29.3721    21.6115 -9.990e-29
 159.539971      0.497  36.777781    15.1256    6.45466      0.493    29.3723    21.6116 -9.990e-29
 159.539977      0.503  36.777939    15.1246    6.46439      0.499    29.3731    21.6125 -9.990e-29
 159.539983      0.511  36.777787    15.1216    6.46038      0.507    29.3753    21.6148 -9.990e-29
 159.539988      0.516  36.776008    15.1181    6.46131      0.512    29.3763    21.6163 -9.990e-29
 159.539994      0.520  36.773039    15.1172    6.46609      0.516    29.3743    21.6150 -9.990e-29
 159.540000      0.521  36.772218    15.1191    6.45786      0.517    29.3722    21.6129 -9.990e-29
 159.540006      0.521  36.774140    15.1213    6.45675      0.517    29.3722    21.6125 -9.990e-29
 159.540012      0.520  36.775768    15.1221    6.44933      0.516    29.3731    21.6130 -9.990e-29
 159.540017      0.520  36.775916    15.1223    6.44798      0.516    29.3731    21.6129 -9.990e-29
 159.540023      0.528  36.775910    15.1229    6.45323      0.524    29.3726    21.6125 -9.990e-29
 159.540029      0.543  36.776309    15.1232    6.45162      0.538    29.3727    21.6125 -9.990e-29
 159.540035      0.561  36.776533    15.1230    6.44780      0.556    29.3731    21.6128 -9.990e-29
 159.540041      0.577  36.776887    15.1226    6.44722      0.572    29.3737    21.6133 -9.990e-29
 159.540046      0.586  36.777288    15.1216    6.44379      0.581    29.3748    21.6144 -9.990e-29
 159.540052      0.592  36.776594    15.1202    6.45124      0.587    29.3752    21.6150 -9.990e-29
 159.540058      0.602  36.775008    15.1192    6.44907      0.597    29.3746    21.6147 -9.990e-29
 159.540064      0.611  36.773789    15.1193    6.44907      0.606    29.3734    21.6138 -9.990e-29
 159.540069      0.615  36.773560    15.1198    6.44614      0.610    29.3728    21.6133 -9.990e-29
 159.540075      0.616  36.774024    15.1201    6.43221      0.611    29.3730    21.6134 -9.990e-29
 159.540081      0.616  36.774683    15.1202    6.42859      0.611    29.3735    21.6137 -9.990e-29
 159.540087      0.625  36.775303    15.1199    6.43203      0.620    29.3743    21.6144 -9.990e-29
 159.540093      0.643  36.775035    15.1185    6.43385      0.638    29.3751    21.6153 -9.990e-29
 159.540098      0.663  36.773528    15.1168    6.44314      0.657    29.3750    21.6156 -9.990e-29
 159.540104      0.682  36.772145    15.1163    6.43892      0.676    29.3742    21.6150 -9.990e-29
 159.540110      0.697  36.771852    15.1168    6.43168      0.691    29.3735    21.6144 -9.990e-29
 159.540116      0.704  36.772265    15.1179    6.42810      0.698    29.3731    21.6139 -9.990e-29
 159.540122      0.708  36.772821    15.1194    6.42112      0.702    29.3724    21.6131 -9.990e-29
 159.540127      0.714  36.773706    15.1210    6.42356      0.708    29.3720    21.6124 -9.990e-29
 159.540133      0.721  36.774989    15.1221    6.41769      0.715    29.3723    21.6124 -9.990e-29
 159.540139      0.727  36.776144    15.1227    6.42376      0.721    29.3729    21.6127 -9.990e-29
 159.540145      0.727  36.777035    15.1234    6.41681      0.721    29.3732    21.6128 -9.990e-29
 159.540150      0.726  36.777735    15.1242    6.41622      0.720    29.3732    21.6126 -9.990e-29
 159.540156      0.728  36.778064    15.1246    6.41526      0.722    29.3732    21.6125 -9.990e-29
 159.540162      0.732  36.777906    15.1246    6.42368      0.726    29.3730    21.6124 -9.990e-29
 159.540168      0.740  36.777619    15.1244    6.42392      0.734    29.3729    21.6124 -9.990e-29
 159.540174      0.752  36.777389    15.1235    6.41568      0.746    29.3734    21.6129 -9.990e-29
 159.540179      0.763  36.776915    15.1216    6.41713      0.757    29.3744    21.6141 -9.990e-29
 159.540185      0.772  36.775573    15.1192    6.41142      0.766    29.3750    21.6151 -9.990e-29
 159.540191      0.781  36.773822    15.1182    6.41535      0.774    29.3742    21.6147 -9.990e-29
 159.540197      0.797  36.773822    15.1193    6.40872      0.790    29.3734    21.6138 -9.990e-29
 159.540203      0.816  36.776140    15.1207    6.40071      0.809    29.3744    21.6143 -9.990e-29
 159.540208      0.831  36.777704    15.1208    6.40165      0.824    29.3757    21.6153 -9.990e-29
 159.540214      0.839  36.776681    15.1206    6.39999      0.832    29.3749    21.6147 -9.990e-29
 159.540220      0.843  36.775640    15.1207    6.40285      0.836    29.3739    21.6139 -9.990e-29
 159.540226      0.853  36.775442    15.1204    6.40453      0.846    29.3740    21.6140 -9.990e-29
 159.540231      0.870  36.774711    15.1196    6.40101      0.863    29.3739    21.6142 -9.990e-29
 159.540237      0.887  36.773788    15.1182    6.39740      0.880    29.3741    21.6146 -9.990e-29
 159.540243      0.899  36.773127    15.1164    6.39628      0.891    29.3749    21.6156 -9.990e-29
 159.540249      0.907  36.772602    15.1149    6.39888      0.899    29.3755    21.6164 -9.990e-29
 159.540255      0.913  36.772081    15.1140    6.40193      0.905    29.3757    21.6168 -9.990e-29
 159.540260      0.917  36.771623    15.1141    6.40728      0.909    29.3753    21.6164 -9.990e-29
 159.540266      0.918  36.771747    15.1150    6.39472      0.910    29.3747    21.6157 -9.990e-29
 159.540272      0.917  36.772624    15.1162    6.39161      0.909    29.3746    21.6154 -9.990e-29
 159.540278      0.915  36.773747    15.1171    6.39391      0.907    29.3749    21.6155 -9.990e-29
 159.540284      0.914  36.774377    15.1171    6.39750      0.906    29.3755    21.6159 -9.990e-29
 159.540289      0.919  36.774242    15.1166    6.39871      0.911    29.3757    21.6162 -9.990e-29
 159.540295      0.927  36.773729    15.1162    6.39117      0.919    29.3756    21.6161 -9.990e-29
 159.540301      0.933  36.773280    15.1164    6.38948      0.925    29.3750    21.6157 -9.990e-29
 159.540307      0.938  36.773424    15.1174    6.39437      0.930    29.3744    21.6150 -9.990e-29
 159.540313      0.942  36.774359    15.1189    6.39355      0.934    29.3741    21.6144 -9.990e-29
 159.540318      0.945  36.775658    15.1198    6.39174      0.937    29.3746    21.6146 -9.990e-29
 159.540324      0.948  36.776255    15.1200    6.38351      0.940    29.3749    21.6149 -9.990e-29
 159.540330      0.951  36.775832    15.1203    6.37780      0.943    29.3743    21.6143 -9.990e-29
 159.540336      0.954  36.776073    15.1212    6.37861      0.946    29.3739    21.6138 -9.990e-29
 159.540341      0.957  36.777306    15.1227    6.38030      0.949    29.3738    21.6135 -9.990e-29
 159.540347      0.961  36.778378    15.1238    6.37996      0.953    29.3740    21.6133 -9.990e-29
 159.540353      0.965  36.779043    15.1237    6.38444      0.957    29.3746    21.6139 -9.990e-29
 159.540359      0.970  36.779071    15.1231    6.38196      0.962    29.3751    21.6144 -9.990e-29
 159.540365      0.976  36.778509    15.1222    6.36844      0.968    29.3753    21.6147 -9.990e-29
 159.540370      0.989  36.777735    15.1209    6.36476      0.981    29.3756    21.6152 -9.990e-29
 159.540376      1.012  36.776845    15.1198    6.37380      1.004    29.3756    21.6154 -9.990e-29
 159.540382      1.039  36.775781    15.1192    6.38668      1.030    29.3751    21.6152 -9.990e-29
 159.540388      1.059  36.774813    15.1192    6.38941      1.050    29.3742    21.6145 -9.990e-29
 159.540394      1.068  36.774338    15.1194    6.37739      1.059    29.3736    21.6140 -9.990e-29
 159.540399      1.068  36.774289    15.1196    6.37281      1.059    29.3735    21.6138 -9.990e-29
 159.540405      1.063  36.774605    15.1199    6.37246      1.054    29.3735    21.6138 -9.990e-29
 159.540411      1.061  36.775154    15.1201    6.37727      1.052    29.3739    21.6140 -9.990e-29
 159.540417      1.066  36.775555    15.1203    6.37554      1.057    29.3741    21.6141 -9.990e-29
 159.540422      1.078  36.775787    15.1205    6.37239      1.069    29.3741    21.6141 -9.990e-29
 159.540428      1.094  36.776167    15.1206    6.36732      1.085    29.3744    21.6143 -9.990e-29
 159.540434      1.106  36.776648    15.1206    6.37208      1.097    29.3748    21.6146 -9.990e-29
 159.540440      1.111  36.776757    15.1208    6.37043      1.102    29.3747    21.6145 -9.990e-29
 159.540446      1.109  36.776643    15.1212    6.36677      1.100    29.3743    21.6142 -9.990e-29
 159.540451      1.100  36.776721    15.1219    6.36034      1.091    29.3739    21.6137 -9.990e-29
 159.540457      1.088  36.777103    15.1224    6.35834      1.079    29.3738    21.6135 -9.990e-29
 159.540463      1.080  36.777744    15.1225    6.35653      1.071    29.3743    21.6139 -9.990e-29
 159.540469      1.080  36.777824    15.1223    6.36354      1.071    29.3746    21.6141 -9.990e-29
 159.540475      1.089  36.777455    15.1223    6.36680      1.080    29.3742    21.6139 -9.990e-29
 159.540480      1.102  36.777836    15.1224    6.35741      1.093    29.3745    21.6140 -9.990e-29
 159.540486      1.112  36.778919    15.1228    6.35711      1.103    29.3752    21.6144 -9.990e-29
 159.540492      1.119  36.779913    15.1234    6.35872      1.110    29.3756    21.6147 -9.990e-29
 159.540498      1.128  36.780467    15.1238    6.35321      1.119    29.3758    21.6147 -9.990e-29
 159.540503      1.136  36.780765    15.1239    6.35550      1.127    29.3760    21.6148 -9.990e-29
 159.540509      1.139  36.780649    15.1235    6.35248      1.129    29.3762    21.6151 -9.990e-29
 159.540515      1.137  36.779971    15.1234    6.34559      1.128    29.3756    21.6147 -9.990e-29
 159.540521      1.134  36.779516    15.1239    6.34641      1.125    29.3748    21.6140 -9.990e-29
 159.540527      1.138  36.779804    15.1251    6.34664      1.128    29.3742    21.6132 -9.990e-29
 159.540532      1.150  36.781227    15.1258    6.35406      1.140    29.3749    21.6137 -9.990e-29
 159.540538      1.161  36.782325    15.1248    6.35491      1.151    29.3767    21.6152 -9.990e-29
 159.540544      1.169  36.781203    15.1237    6.35362      1.159    29.3765    21.6153 -9.990e-29
 159.540550      1.174  36.779738    15.1236    6.35216      1.164    29.3753    21.6144 -9.990e-29
 159.540556      1.176  36.779344    15.1238    6.35098      1.166    29.3748    21.6139 -9.990e-29
 159.540561      1.175  36.779504    15.1242    6.34820      1.165    29.3746    21.6137 -9.990e-29
 159.540567      1.176  36.779877    15.1244    6.35127      1.166    29.3748    21.6138 -9.990e-29
 159.540573      1.183  36.779846    15.1240    6.34860      1.173    29.3750    21.6141 -9.990e-29
 159.540579      1.191  36.779376    15.1231    6.35339      1.181    29.3753    21.6145 -9.990e-29
 159.540584      1.198  36.778968    15.1220    6.35037      1.188    29.3758    21.6151 -9.990e-29
 159.540590      1.203  36.778646    15.1211    6.33817      1.193    29.3762    21.6156 -9.990e-29
 159.540596      1.207  36.778547    15.1213    6.34224      1.197    29.3759    21.6154 -9.990e-29
 159.540602      1.211  36.779106    15.1222    6.34682      1.201    29.3757    21.6150 -9.990e-29
 159.540608      1.214  36.779953    15.1227    6.34476      1.204    29.3761    21.6152 -9.990e-29
 159.540613      1.217  36.780542    15.1223    6.34159      1.207    29.3769    21.6159 -9.990e-29
 159.540619      1.219  36.780544    15.1214    6.34151      1.209    29.3776    21.6166 -9.990e-29
 159.540625      1.222  36.779969    15.1213    6.34698      1.212    29.3772    21.6163 -9.990e-29
 159.540631      1.225  36.779738    15.1221    6.34880      1.215    29.3764    21.6155 -9.990e-29
 159.540637      1.228  36.780109    15.1228    6.34412      1.218    29.3762    21.6152 -9.990e-29
 159.540642      1.232  36.780464    15.1228    6.33398      1.222    29.3765    21.6155 -9.990e-29
 159.540648      1.237  36.780719    15.1226    6.32373      1.227    29.3769    21.6158 -9.990e-29
 159.540654      1.243  36.780662    15.1219    6.32471      1.233    29.3773    21.6163 -9.990e-29
 159.540660      1.255  36.779662    15.1196    6.32849      1.245    29.3782    21.6174 -9.990e-29
 159.540666      1.273  36.777516    15.1160    6.33225      1.262    29.3789    21.6188 -9.990e-29
