data/oxygen options/OCNMS/OCNMS2/raw_data/2005/CTD_CE90_060805faed.cnv
* Sea-Bird SBE19 Data File:
* FileName = C:\hypoxia CTD data\CE90_060805.hex
* Software Version 1.1.5
* Temperature SN = 2997
* Conductivity SN = 2997
* System UpLoad Time = Jun 08 2005 16:06:00
* SEACAT PROFILER V3.1c SN 2997   06/08/05  16:05:21.395
* strain gauge pressure sensor: S/N = 184829,  range = 3000 psia,  tc = 40
# nquan = 9                                 
# nvalues = 885                         
# units = specified
# name 0 = timeJ: Julian Days
# name 1 = prSM: Pressure, Strain Gauge [db]
# name 2 = c0mS/cm: Conductivity [mS/cm]
# name 3 = t090C: Temperature [ITS-90, deg C]
# name 4 = oxML/L: Oxygen, Beckman/YSI [ml/l]
# name 5 = depSM: Depth [salt water, m], lat = 47.5
# name 6 = sal00: Salinity, Practical [PSU]
# name 7 = sigma-é00: Density [sigma-theta, kg/m^3]
# name 8 = flag: flag
# span 0 = 159.644583, 159.649699       
# span 1 =     -3.696,     93.954       
# span 2 =   0.971547,  37.340516       
# span 3 =     7.6329,    14.8700       
# span 4 =   -0.09741,   25.73752       
# span 5 =     -3.665,     93.149       
# span 6 =     0.6315,    33.7752       
# span 7 =    -0.1421,    26.3647       
# span 8 = 0.0000e+00, 0.0000e+00       
# interval = seconds: 0.5
# start_time = Jun 08 2005 15:28:12 [Instrument's time stamp, header]
# bad_flag = -9.990e-29
*END*
[from data line 641]
 159.648293     85.547  34.856687     7.7583    2.13623     84.815    33.7390    26.3200 0.0000e+00
 159.648299     85.943  34.855008     7.7577    2.12835     85.208    33.7376    26.3190 0.0000e+00
 159.648304     86.334  34.854057     7.7574    2.13105     85.596    33.7367    26.3183 0.0000e+00
 159.648310     86.718  34.853678     7.7572    2.13910     85.976    33.7363    26.3181 0.0000e+00
 159.648316     87.094  34.853359     7.7571    2.14288     86.349    33.7359    26.3178 0.0000e+00
 159.648322     87.464  34.853227     7.7570    2.14012     86.716    33.7356    26.3176 0.0000e+00
 159.648328     87.836  34.853099     7.7564    2.13855     87.084    33.7359    26.3179 0.0000e+00
 159.648333     88.216  34.852237     7.7550    2.13604     87.461    33.7361    26.3183 0.0000e+00
 159.648339     88.601  34.850606     7.7534    2.14777     87.843    33.7358    26.3182 0.0000e+00
 159.648345     88.983  34.848826     7.7523    2.15545     88.221    33.7347    26.3176 0.0000e+00
 159.648351     89.360  34.847879     7.7517    2.15727     88.595    33.7341    26.3172 0.0000e+00
 159.648356     89.739  34.847616     7.7511    2.14958     88.971    33.7342    26.3174 0.0000e+00
 159.648362     90.127  34.847119     7.7504    2.13722     89.355    33.7342    26.3174 0.0000e+00
 159.648368     90.528  34.846278     7.7495    2.12880     89.753    33.7340    26.3174 0.0000e+00
 159.648374     90.940  34.845086     7.7471    2.12181     90.161    33.7348    26.3184 0.0000e+00
 159.648380     91.361  34.843066     7.7411    2.12272     90.578    33.7382    26.3220 0.0000e+00
 159.648385     91.779  34.839201     7.7270    2.11263     90.993    33.7475    26.3313 0.0000e+00
 159.648391     92.182  34.830569     7.7013    2.11398     91.392    33.7629    26.3472 0.0000e+00
 159.648397     92.562  34.813503     7.6701    2.10343     91.769    33.7746    26.3608 0.0000e+00
 159.648403     92.909  34.792707     7.6462    2.10424     92.113    33.7752    26.3647 0.0000e+00
 159.648409     93.214  34.778558     7.6350    2.10429     92.415    33.7707    26.3628 0.0000e+00
 159.648414     93.475  34.772920     7.6329    2.10810     92.674    33.7665    26.3598 0.0000e+00
 159.648420     93.689  34.771626     7.6352    2.11525     92.886    33.7628    26.3566 0.0000e+00
 159.648426     93.843  34.772381     7.6446    2.11754     93.039    33.7544    26.3486 -9.990e-29
 159.648432     93.930  34.777868     7.6637    2.12060     93.125    33.7418    26.3359 -9.990e-29
 159.648438     93.954  34.790350     7.6825    2.12045     93.149    33.7370    26.3295 -9.990e-29
 159.648443     93.923  34.802921     7.6917    2.11129     93.118    33.7416    26.3318 -9.990e-29
 159.648449     93.834  34.808235     7.6920    2.10755     93.030    33.7471    26.3361 -9.990e-29
 159.648455     93.686  34.806650     7.6874    2.11417     92.883    33.7499    26.3390 0.0000e+00
 159.648461     93.477  34.802775     7.6767    2.11031     92.676    33.7562    26.3454 0.0000e+00
 159.648466     93.216  34.795923     7.6613    2.11249     92.417    33.7639    26.3537 0.0000e+00
 159.648472     92.925  34.784800     7.6501    2.11123     92.129    33.7629    26.3545 0.0000e+00
 159.648478     92.619  34.776995     7.6462    2.11643     91.825    33.7584    26.3515 0.0000e+00
 159.648484     92.296  34.775548     7.6488    2.13577     91.505    33.7545    26.3481 0.0000e+00
 159.648490     91.949  34.777961     7.6612    2.13204     91.161    33.7452    26.3390 0.0000e+00
 159.648495     91.580  34.785767     7.6856    2.12820     90.796    33.7302    26.3237 0.0000e+00
 159.648501     91.196  34.800961     7.7132    2.12943     90.415    33.7200    26.3117 0.0000e+00
 159.648507     90.803  34.818572     7.7320    2.14027     90.025    33.7210    26.3097 0.0000e+00
 159.648513     90.410  34.830130     7.7401    2.14670     89.636    33.7257    26.3123 0.0000e+00
 159.648519     90.017  34.834231     7.7418    2.14527     89.246    33.7287    26.3144 0.0000e+00
 159.648524     89.622  34.834660     7.7425    2.13868     88.855    33.7287    26.3142 0.0000e+00
 159.648530     89.227  34.835347     7.7452    2.13157     88.463    33.7270    26.3125 0.0000e+00
 159.648536     88.844  34.837765     7.7483    2.13828     88.084    33.7268    26.3119 0.0000e+00
 159.648542     88.477  34.840091     7.7502    2.13259     87.720    33.7276    26.3123 0.0000e+00
 159.648547     88.124  34.840939     7.7508    2.13119     87.370    33.7281    26.3126 0.0000e+00
 159.648553     87.780  34.840874     7.7512    2.12855     87.029    33.7278    26.3123 0.0000e+00
 159.648559     87.439  34.840926     7.7519    2.13322     86.691    33.7274    26.3118 0.0000e+00
 159.648565     87.098  34.841161     7.7527    2.13819     86.353    33.7270    26.3114 0.0000e+00
 159.648571     86.753  34.841326     7.7533    2.13790     86.011    33.7268    26.3111 0.0000e+00
 159.648576     86.401  34.841636     7.7536    2.12846     85.662    33.7270    26.3113 0.0000e+00
 159.648582     86.047  34.841939     7.7540    2.12394     85.311    33.7271    26.3113 0.0000e+00
 159.648588     85.689  34.842076     7.7546    2.12385     84.956    33.7268    26.3110 0.0000e+00
 159.648594     85.322  34.842224     7.7554    2.13124     84.592    33.7264    26.3105 0.0000e+00
 159.648600     84.935  34.842578     7.7570    2.11935     84.209    33.7254    26.3095 0.0000e+00
 159.648605     84.517  34.843605     7.7601    2.11492     83.794    33.7237    26.3077 0.0000e+00
 159.648611     84.071  34.846109     7.7642    2.10610     83.352    33.7226    26.3063 0.0000e+00
 159.648617     83.614  34.849499     7.7679    2.11184     82.899    33.7229    26.3060 0.0000e+00
 159.648623     83.166  34.852129     7.7702    2.11766     82.455    33.7237    26.3063 0.0000e+00
 159.648628     82.736  34.853578     7.7715    2.11316     82.029    33.7242    26.3065 0.0000e+00
 159.648634     82.327  34.854095     7.7740    2.11171     81.624    33.7226    26.3048 0.0000e+00
 159.648640     81.934  34.854927     7.7818    2.10943     81.234    33.7161    26.2986 0.0000e+00
 159.648646     81.549  34.858858     7.8001    2.10199     80.852    33.7028    26.2855 0.0000e+00
 159.648652     81.164  34.870566     7.8248    2.11445     80.471    33.6917    26.2732 0.0000e+00
 159.648657     80.778  34.887720     7.8444    2.12509     80.088    33.6914    26.2701 0.0000e+00
 159.648663     80.390  34.900114     7.8575    2.13385     79.704    33.6922    26.2688 0.0000e+00
 159.648669     79.998  34.906898     7.8749    2.13808     79.315    33.6829    26.2590 0.0000e+00
 159.648675     79.593  34.915434     7.9138    2.13651     78.913    33.6548    26.2312 0.0000e+00
 159.648681     79.175  34.937099     7.9725    2.14645     78.499    33.6217    26.1966 0.0000e+00
 159.648686     78.757  34.972186     8.0164    2.15843     78.085    33.6172    26.1866 0.0000e+00
 159.648692     78.350  34.996847     8.0297    2.17043     77.681    33.6310    26.1955 0.0000e+00
 159.648698     77.959  35.000807     8.0311    2.17399     77.294    33.6340    26.1976 0.0000e+00
 159.648704     77.579  34.998880     8.0332    2.17175     76.917    33.6301    26.1943 0.0000e+00
 159.648709     77.203  34.999705     8.0402    2.16579     76.544    33.6245    26.1888 0.0000e+00
 159.648715     76.825  35.003813     8.0616    2.17858     76.170    33.6085    26.1731 0.0000e+00
 159.648721     76.443  35.016680     8.0974    2.19103     75.791    33.5881    26.1518 0.0000e+00
 159.648727     76.056  35.037516     8.1304    2.20858     75.407    33.5788    26.1396 0.0000e+00
 159.648733     75.667  35.053740     8.1496    2.22726     75.022    33.5779    26.1360 0.0000e+00
 159.648738     75.281  35.060636     8.1575    2.24068     74.639    33.5779    26.1348 0.0000e+00
 159.648744     74.898  35.062917     8.1613    2.26886     74.259    33.5768    26.1335 0.0000e+00
 159.648750     74.512  35.064185     8.1700    2.31565     73.877    33.5701    26.1268 0.0000e+00
 159.648756     74.119  35.066126     8.1943    2.37554     73.487    33.5491    26.1067 0.0000e+00
 159.648762     73.715  35.071883     8.2328    2.44202     73.087    33.5186    26.0771 0.0000e+00
 159.648767     73.297  35.082400     8.2692    2.48589     72.672    33.4953    26.0533 0.0000e+00
 159.648773     72.867  35.091518     8.2963    2.51313     72.246    33.4793    26.0367 0.0000e+00
 159.648779     72.433  35.095704     8.3120    2.52690     71.816    33.4690    26.0263 0.0000e+00
 159.648785     72.000  35.097183     8.3145    2.54711     71.387    33.4684    26.0254 0.0000e+00
 159.648791     71.572  35.097935     8.3157    2.58628     70.962    33.4683    26.0251 0.0000e+00
 159.648796     71.146  35.099535     8.3322    2.62868     70.540    33.4544    26.0118 0.0000e+00
 159.648802     70.722  35.104684     8.3641    2.67701     70.120    33.4298    25.9877 0.0000e+00
 159.648808     70.298  35.114088     8.3950    2.71568     69.699    33.4106    25.9680 0.0000e+00
 159.648814     69.872  35.123479     8.4164    2.71342     69.277    33.4004    25.9568 0.0000e+00
 159.648819     69.443  35.130260     8.4351    2.71012     68.852    33.3901    25.9458 0.0000e+00
 159.648825     69.009  35.137318     8.4601    2.70038     68.422    33.3740    25.9295 0.0000e+00
 159.648831     68.573  35.149592     8.4904    2.69238     67.989    33.3585    25.9127 0.0000e+00
 159.648837     68.142  35.166639     8.5122    2.68876     67.562    33.3561    25.9075 0.0000e+00
 159.648843     67.721  35.178126     8.5173    2.68290     67.145    33.3636    25.9126 0.0000e+00
 159.648848     67.314  35.178640     8.5156    2.72377     66.741    33.3659    25.9146 0.0000e+00
 159.648854     66.909  35.175609     8.5184    2.80863     66.340    33.3603    25.9098 0.0000e+00
 159.648860     66.487  35.172846     8.5285    2.91630     65.921    33.3480    25.8986 0.0000e+00
 159.648866     66.052  35.163311     8.5414    3.04409     65.490    33.3260    25.8794 0.0000e+00
 159.648872     65.614  35.142148     8.5476    3.14710     65.056    33.2980    25.8565 0.0000e+00
 159.648877     65.180  35.113670     8.5459    3.19825     64.626    33.2698    25.8347 0.0000e+00
 159.648883     64.757  35.086449     8.5430    3.20850     64.206    33.2441    25.8150 0.0000e+00
 159.648889     64.343  35.068488     8.5425    3.21310     63.796    33.2259    25.8007 0.0000e+00
 159.648895     63.929  35.065560     8.5439    3.22946     63.386    33.2217    25.7972 0.0000e+00
 159.648900     63.509  35.073206     8.5464    3.28350     62.969    33.2275    25.8014 0.0000e+00
 159.648906     63.084  35.076402     8.5519    3.35396     62.548    33.2259    25.7993 0.0000e+00
 159.648912     62.651  35.065406     8.5641    3.42371     62.119    33.2031    25.7796 0.0000e+00
 159.648918     62.213  35.046307     8.5813    3.48838     61.684    33.1670    25.7487 0.0000e+00
 159.648924     61.777  35.033452     8.5947    3.52450     61.252    33.1411    25.7264 0.0000e+00
 159.648929     61.343  35.029333     8.6022    3.55239     60.822    33.1300    25.7165 0.0000e+00
 159.648935     60.907  35.027910     8.6158    3.59150     60.390    33.1159    25.7034 0.0000e+00
 159.648941     60.462  35.028420     8.6468    3.63471     59.949    33.0876    25.6765 0.0000e+00
 159.648947     60.008  35.032109     8.6883    3.66985     59.499    33.0529    25.6429 0.0000e+00
 159.648953     59.553  35.037742     8.7236    3.69644     59.047    33.0261    25.6165 0.0000e+00
 159.648958     59.100  35.042753     8.7422    3.72042     58.598    33.0142    25.6043 0.0000e+00
 159.648964     58.655  35.045432     8.7475    3.74211     58.157    33.0123    25.6020 0.0000e+00
 159.648970     58.221  35.046002     8.7533    3.75203     57.727    33.0077    25.5975 0.0000e+00
 159.648976     57.794  35.046356     8.7752    3.78744     57.304    32.9878    25.5785 0.0000e+00
 159.648981     57.373  35.048097     8.8147    3.82610     56.886    32.9531    25.5453 0.0000e+00
 159.648987     56.957  35.051312     8.8496    3.85863     56.474    32.9242    25.5173 0.0000e+00
 159.648993     56.550  35.053571     8.8657    3.87907     56.070    32.9118    25.5051 0.0000e+00
 159.648999     56.151  35.053980     8.8729    3.90169     55.675    32.9058    25.4992 0.0000e+00
 159.649005     55.749  35.054221     8.8820    3.92592     55.276    32.8978    25.4915 0.0000e+00
 159.649010     55.329  35.053503     8.8990    3.94327     54.860    32.8815    25.4761 0.0000e+00
 159.649016     54.891  35.049756     8.9317    3.95593     54.426    32.8475    25.4444 0.0000e+00
 159.649022     54.445  35.039115     8.9757    3.96423     53.983    32.7960    25.3973 0.0000e+00
 159.649028     53.998  35.020299     9.0113    3.95675     53.540    32.7438    25.3509 0.0000e+00
 159.649034     53.551  35.001870     9.0284    3.95823     53.097    32.7092    25.3211 0.0000e+00
 159.649039     53.113  34.991789     9.0323    3.95455     52.663    32.6953    25.3096 0.0000e+00
 159.649045     52.691  34.988966     9.0312    3.94666     52.245    32.6936    25.3085 0.0000e+00
 159.649051     52.280  34.989087     9.0286    3.94302     51.837    32.6963    25.3110 0.0000e+00
 159.649057     51.871  34.989519     9.0270    3.91740     51.432    32.6984    25.3129 0.0000e+00
 159.649063     51.454  34.988602     9.0293    3.90847     51.018    32.6955    25.3102 0.0000e+00
 159.649068     51.021  34.985120     9.0355    3.88856     50.589    32.6864    25.3021 0.0000e+00
 159.649074     50.564  34.978363     9.0462    3.86726     50.136    32.6698    25.2874 0.0000e+00
 159.649080     50.085  34.963815     9.0620    3.86519     49.661    32.6404    25.2620 0.0000e+00
 159.649086     49.592  34.941710     9.0780    3.85056     49.172    32.6030    25.2302 0.0000e+00
 159.649091     49.097  34.923509     9.0929    3.86032     48.681    32.5708    25.2027 0.0000e+00
 159.649097     48.610  34.915231     9.1125    3.88654     48.199    32.5445    25.1790 0.0000e+00
 159.649103     48.138  34.915380     9.1384    3.93322     47.731    32.5212    25.1568 0.0000e+00
 159.649109     47.683  34.923045     9.1611    3.99124     47.280    32.5086    25.1434 0.0000e+00
 159.649115     47.240  34.935002     9.1687    4.05986     46.840    32.5143    25.1466 0.0000e+00
 159.649120     46.802  34.942542     9.1657    4.17568     46.406    32.5250    25.1554 0.0000e+00
 159.649126     46.364  34.943400     9.1783    4.35704     45.972    32.5146    25.1453 0.0000e+00
 159.649132     45.923  34.952184     9.2418    4.57739     45.535    32.4660    25.0973 0.0000e+00
 159.649138     45.476  34.992384     9.3590    4.80245     45.091    32.4013    25.0282 0.0000e+00
 159.649144     45.025  35.066031     9.4790    4.97860     44.644    32.3686    24.9835 0.0000e+00
 159.649149     44.576  35.139041     9.5609    5.08330     44.199    32.3697    24.9711 0.0000e+00
 159.649155     44.133  35.186020     9.6047    5.14455     43.760    32.3784    24.9709 0.0000e+00
 159.649161     43.695  35.209653     9.6311    5.16898     43.326    32.3790    24.9671 0.0000e+00
 159.649167     43.251  35.225776     9.6629    5.17494     42.886    32.3670    24.9526 0.0000e+00
 159.649172     42.798  35.248613     9.7051    5.16981     42.436    32.3525    24.9344 0.0000e+00
 159.649178     42.341  35.277789     9.7491    5.16203     41.983    32.3429    24.9197 0.0000e+00
 159.649184     41.891  35.306810     9.7825    5.18354     41.537    32.3426    24.9141 0.0000e+00
 159.649190     41.456  35.327857     9.7967    5.22046     41.106    32.3515    24.9187 0.0000e+00
 159.649196     41.034  35.335372     9.7962    5.28737     40.687    32.3598    24.9252 0.0000e+00
 159.649201     40.616  35.333783     9.7967    5.37941     40.273    32.3579    24.9236 0.0000e+00
 159.649207     40.193  35.334998     9.8125    5.49225     39.854    32.3451    24.9111 0.0000e+00
