data/oxygen options/OCNMS/OCNMS2/raw_data/2005/CTD_CA70_062205faed.cnv
* Sea-Bird SBE19 Data File:
* FileName = C:\hypoxia CTD data\CA70_062205.hex
* Software Version 1.1.5
* Temperature SN = 2997
* Conductivity SN = 2997
* System UpLoad Time = Jun 22 2005 15:21:25
* SEACAT PROFILER V3.1c SN 2997   06/22/05  15:21:14.304
* strain gauge pressure sensor: S/N = 184829,  range = 3000 psia,  tc = 40
# nquan = 9                                 
# nvalues = 1173                        
# units = specified
# name 0 = timeJ: Julian Days
# name 1 = prSM: Pressure, Strain Gauge [db]
# name 2 = c0mS/cm: Conductivity [mS/cm]
# name 3 = t090C: Temperature [ITS-90, deg C]
# name 4 = oxML/L: Oxygen, Beckman/YSI [ml/l]
# name 5 = depSM: Depth [salt water, m], lat = 47.5
# name 6 = sal00: Salinity, Practical [PSU]
# name 7 = sigma-é00: Density [sigma-theta, kg/m^3]
# name 8 = flag: flag
# span 0 = 173.632269, 173.639051       
# span 1 =     -3.472,     69.910       
# span 2 =   0.487841,  37.934291       
# span 3 =     7.8909,    14.1087       
# span 4 =   -0.11899,   26.50366       
# span 5 =     -3.443,     69.315       
# span 6 =     0.3042,    33.6121       
# span 7 =    -0.4784,    26.2002       
# span 8 = 0.0000e+00, 0.0000e+00       
# interval = seconds: 0.5
# start_time = Jun 22 2005 15:10:28 [Instrument's time stamp, header]
# bad_flag = -9.990e-29
*END*
[from data line 161]
 173.633200      3.773  37.889076    14.0455    6.94292      3.741    31.2150    23.2548 -9.990e-29
 173.633206      3.779  37.887724    14.0459    6.94802      3.747    31.2135    23.2535 -9.990e-29
 173.633212      3.780  37.888004    14.0475    6.93730      3.748    31.2124    23.2524 -9.990e-29
 173.633218      3.787  37.889728    14.0490    6.91732      3.755    31.2128    23.2524 -9.990e-29
 173.633223      3.803  37.891268    14.0494    6.91442      3.771    31.2139    23.2531 -9.990e-29
 173.633229      3.829  37.891313    14.0498    6.91355      3.797    31.2136    23.2528 -9.990e-29
 173.633235      3.860  37.891605    14.0509    6.93314      3.828    31.2129    23.2521 -9.990e-29
 173.633241      3.879  37.893095    14.0522    6.93557      3.847    31.2132    23.2521 -9.990e-29
 173.633247      3.883  37.894403    14.0539    6.92271      3.851    31.2131    23.2516 -9.990e-29
 173.633252      3.882  37.896149    14.0555    6.90523      3.850    31.2134    23.2515 -9.990e-29
 173.633258      3.883  37.897860    14.0552    6.89804      3.851    31.2152    23.2530 -9.990e-29
 173.633264      3.896  37.896768    14.0530    6.90743      3.863    31.2159    23.2540 -9.990e-29
 173.633270      3.922  37.893664    14.0517    6.91298      3.889    31.2141    23.2529 -9.990e-29
 173.633275      3.948  37.892258    14.0523    6.91690      3.915    31.2124    23.2514 -9.990e-29
 173.633281      3.964  37.893479    14.0537    6.91092      3.931    31.2123    23.2511 -9.990e-29
 173.633287      3.972  37.895029    14.0553    6.89818      3.939    31.2125    23.2509 -9.990e-29
 173.633293      3.979  37.896170    14.0568    6.88895      3.946    31.2123    23.2504 -9.990e-29
 173.633299      3.991  37.897304    14.0572    6.90640      3.958    31.2130    23.2509 -9.990e-29
 173.633304      4.008  37.897698    14.0569    6.91535      3.975    31.2136    23.2514 -9.990e-29
 173.633310      4.028  37.897319    14.0570    6.91179      3.994    31.2132    23.2511 -9.990e-29
 173.633316      4.042  37.897343    14.0581    6.89941      4.008    31.2123    23.2502 -9.990e-29
 173.633322      4.053  37.898364    14.0594    6.87778      4.019    31.2122    23.2498 -9.990e-29
 173.633328      4.064  37.899498    14.0602    6.88810      4.030    31.2126    23.2499 -9.990e-29
 173.633333      4.077  37.900015    14.0601    6.91217      4.043    31.2131    23.2504 -9.990e-29
 173.633339      4.093  37.900041    14.0600    6.91174      4.059    31.2132    23.2505 -9.990e-29
 173.633345      4.107  37.900174    14.0609    6.90111      4.073    31.2126    23.2498 -9.990e-29
 173.633351      4.117  37.901149    14.0629    6.88395      4.083    31.2119    23.2489 -9.990e-29
 173.633356      4.128  37.903145    14.0650    6.87695      4.094    31.2120    23.2485 -9.990e-29
 173.633362      4.149  37.905459    14.0663    6.89649      4.114    31.2130    23.2491 -9.990e-29
 173.633368      4.181  37.906692    14.0660    6.90088      4.146    31.2144    23.2502 -9.990e-29
 173.633374      4.213  37.906242    14.0650    6.89075      4.178    31.2148    23.2507 -9.990e-29
 173.633380      4.235  37.905194    14.0652    6.87864      4.200    31.2137    23.2498 -9.990e-29
 173.633385      4.244  37.905514    14.0667    6.86269      4.209    31.2127    23.2488 -9.990e-29
 173.633391      4.245  37.907627    14.0669    6.86640      4.210    31.2145    23.2501 -9.990e-29
 173.633397      4.246  37.908182    14.0631    6.88460      4.211    31.2181    23.2536 -9.990e-29
 173.633403      4.251  37.903993    14.0573    6.89051      4.215    31.2190    23.2555 -9.990e-29
 173.633409      4.257  37.897890    14.0548    6.87849      4.221    31.2154    23.2532 -9.990e-29
 173.633414      4.256  37.895755    14.0567    6.87242      4.220    31.2119    23.2501 -9.990e-29
 173.633420      4.251  37.898103    14.0591    6.86170      4.215    31.2121    23.2498 -9.990e-29
 173.633426      4.260  37.900211    14.0583    6.86488      4.224    31.2147    23.2520 -9.990e-29
 173.633432      4.287  37.898723    14.0541    6.87578      4.251    31.2167    23.2544 -9.990e-29
 173.633438      4.321  37.893902    14.0491    6.87508      4.285    31.2163    23.2551 -9.990e-29
 173.633443      4.347  37.888852    14.0464    6.87261      4.311    31.2139    23.2538 -9.990e-29
 173.633449      4.355  37.886933    14.0471    6.86006      4.319    31.2115    23.2518 -9.990e-29
 173.633455      4.344  37.888950    14.0503    6.86674      4.308    31.2108    23.2506 -9.990e-29
 173.633461      4.323  37.892542    14.0536    6.88150      4.287    31.2114    23.2504 -9.990e-29
 173.633466      4.299  37.895210    14.0560    6.87422      4.263    31.2119    23.2503 -9.990e-29
 173.633472      4.278  37.897146    14.0584    6.86635      4.242    31.2118    23.2497 -9.990e-29
 173.633478      4.268  37.899251    14.0607    6.85804      4.232    31.2118    23.2493 -9.990e-29
 173.633484      4.276  37.900967    14.0614    6.85845      4.240    31.2128    23.2499 -9.990e-29
 173.633490      4.304  37.901219    14.0596    6.86537      4.268    31.2145    23.2516 -9.990e-29
 173.633495      4.345  37.899222    14.0563    6.86402      4.309    31.2154    23.2529 -9.990e-29
 173.633501      4.388  37.895678    14.0540    6.85724      4.351    31.2140    23.2523 -9.990e-29
 173.633507      4.419  37.893712    14.0535    6.85976      4.382    31.2125    23.2513 -9.990e-29
 173.633513      4.431  37.893504    14.0533    6.85876      4.394    31.2125    23.2513 -9.990e-29
 173.633519      4.430  37.893093    14.0528    6.85965      4.393    31.2125    23.2514 -9.990e-29
 173.633524      4.424  37.893054    14.0522    6.85190      4.387    31.2130    23.2519 -9.990e-29
 173.633530      4.417  37.893333    14.0515    6.84672      4.380    31.2138    23.2527 -9.990e-29
 173.633536      4.412  37.893182    14.0512    6.84999      4.375    31.2139    23.2528 -9.990e-29
 173.633542      4.418  37.892962    14.0512    6.86114      4.381    31.2137    23.2527 -9.990e-29
 173.633547      4.436  37.892940    14.0514    6.86462      4.399    31.2135    23.2525 -9.990e-29
 173.633553      4.457  37.893087    14.0520    6.85122      4.420    31.2132    23.2521 -9.990e-29
 173.633559      4.479  37.893598    14.0524    6.85193      4.442    31.2133    23.2521 -9.990e-29
 173.633565      4.504  37.894032    14.0524    6.85723      4.466    31.2137    23.2524 -9.990e-29
 173.633571      4.528  37.893845    14.0521    6.85798      4.490    31.2138    23.2525 -9.990e-29
 173.633576      4.545  37.893348    14.0520    6.85267      4.507    31.2134    23.2523 -9.990e-29
 173.633582      4.551  37.892999    14.0523    6.85628      4.513    31.2128    23.2518 -9.990e-29
 173.633588      4.548  37.893456    14.0531    6.85102      4.510    31.2126    23.2514 -9.990e-29
 173.633594      4.538  37.894766    14.0539    6.85277      4.500    31.2131    23.2517 -9.990e-29
 173.633600      4.530  37.895872    14.0541    6.85065      4.492    31.2140    23.2523 -9.990e-29
 173.633605      4.528  37.896007    14.0537    6.84331      4.490    31.2144    23.2527 -9.990e-29
 173.633611      4.531  37.895350    14.0521    6.84156      4.493    31.2151    23.2536 -9.990e-29
 173.633617      4.539  37.894147    14.0487    6.84768      4.501    31.2168    23.2556 -9.990e-29
 173.633623      4.554  37.891355    14.0439    6.85276      4.516    31.2181    23.2576 -9.990e-29
 173.633628      4.572  37.886054    14.0403    6.85077      4.534    31.2162    23.2568 -9.990e-29
 173.633634      4.585  37.881273    14.0406    6.84380      4.547    31.2115    23.2532 -9.990e-29
 173.633640      4.590  37.881289    14.0433    6.83599      4.552    31.2094    23.2509 -9.990e-29
 173.633646      4.587  37.884440    14.0445    6.84030      4.549    31.2113    23.2522 -9.990e-29
 173.633652      4.577  37.885954    14.0428    6.84981      4.539    31.2140    23.2546 -9.990e-29
 173.633657      4.562  37.883924    14.0409    6.84837      4.524    31.2137    23.2548 -9.990e-29
 173.633663      4.550  37.881814    14.0427    6.84751      4.512    31.2103    23.2518 -9.990e-29
 173.633669      4.546  37.884662    14.0464    6.84291      4.508    31.2100    23.2508 -9.990e-29
 173.633675      4.552  37.890097    14.0481    6.83596      4.514    31.2136    23.2532 -9.990e-29
 173.633681      4.578  37.892466    14.0477    6.83659      4.540    31.2160    23.2552 -9.990e-29
 173.633686      4.621  37.890444    14.0459    6.83150      4.582    31.2156    23.2552 -9.990e-29
 173.633692      4.662  37.886382    14.0441    6.83670      4.623    31.2134    23.2539 -9.990e-29
 173.633698      4.688  37.883843    14.0446    6.84532      4.649    31.2106    23.2516 -9.990e-29
 173.633704      4.700  37.885053    14.0474    6.84166      4.661    31.2094    23.2502 -9.990e-29
 173.633709      4.702  37.888831    14.0508    6.83162      4.663    31.2102    23.2500 -9.990e-29
 173.633715      4.695  37.892368    14.0546    6.82448      4.656    31.2103    23.2494 -9.990e-29
 173.633721      4.687  37.895901    14.0590    6.81888      4.648    31.2100    23.2482 -9.990e-29
 173.633727      4.690  37.900222    14.0632    6.82803      4.651    31.2106    23.2478 -9.990e-29
 173.633733      4.705  37.904370    14.0663    6.83866      4.666    31.2118    23.2482 -9.990e-29
 173.633738      4.720  37.907713    14.0677    6.84167      4.681    31.2138    23.2494 -9.990e-29
 173.633744      4.723  37.909107    14.0681    6.83058      4.684    31.2147    23.2500 -9.990e-29
 173.633750      4.713  37.908737    14.0688    6.81547      4.674    31.2138    23.2492 -9.990e-29
 173.633756      4.699  37.908359    14.0693    6.81445      4.660    31.2131    23.2485 -9.990e-29
 173.633762      4.689  37.908597    14.0689    6.81965      4.650    31.2136    23.2490 -9.990e-29
 173.633767      4.686  37.908655    14.0672    6.84084      4.647    31.2150    23.2504 -9.990e-29
 173.633773      4.686  37.906937    14.0645    6.82868      4.647    31.2157    23.2515 -9.990e-29
 173.633779      4.688  37.903962    14.0627    6.81454      4.649    31.2144    23.2509 -9.990e-29
 173.633785      4.698  37.902499    14.0623    6.81485      4.659    31.2134    23.2502 -9.990e-29
 173.633791      4.715  37.902287    14.0621    6.82872      4.676    31.2133    23.2502 -9.990e-29
 173.633796      4.741  37.901929    14.0625    6.84224      4.701    31.2127    23.2496 -9.990e-29
 173.633802      4.769  37.902635    14.0633    6.83294      4.729    31.2127    23.2494 -9.990e-29
 173.633808      4.788  37.903670    14.0637    6.82873      4.748    31.2133    23.2498 -9.990e-29
 173.633814      4.799  37.903618    14.0640    6.81957      4.759    31.2130    23.2495 -9.990e-29
 173.633819      4.808  37.903537    14.0644    6.82669      4.768    31.2126    23.2491 -9.990e-29
 173.633825      4.809  37.903888    14.0645    6.83198      4.769    31.2128    23.2493 -9.990e-29
 173.633831      4.796  37.904021    14.0644    6.82486      4.756    31.2130    23.2495 -9.990e-29
 173.633837      4.762  37.904122    14.0647    6.82724      4.722    31.2129    23.2493 -9.990e-29
 173.633843      4.715  37.904893    14.0658    6.82208      4.676    31.2127    23.2489 -9.990e-29
 173.633848      4.672  37.906247    14.0674    6.82037      4.633    31.2127    23.2486 -9.990e-29
 173.633854      4.652  37.907754    14.0684    6.81066      4.613    31.2133    23.2488 -9.990e-29
 173.633860      4.658  37.908628    14.0683    6.80141      4.619    31.2141    23.2495 -9.990e-29
 173.633866      4.683  37.908359    14.0675    6.80445      4.644    31.2145    23.2500 -9.990e-29
 173.633872      4.718  37.907157    14.0662    6.81736      4.679    31.2145    23.2502 -9.990e-29
 173.633877      4.754  37.905669    14.0655    6.82524      4.714    31.2137    23.2497 -9.990e-29
 173.633883      4.775  37.905279    14.0666    6.82237      4.735    31.2124    23.2485 -9.990e-29
 173.633889      4.775  37.906597    14.0692    6.81191      4.735    31.2115    23.2473 -9.990e-29
 173.633895      4.767  37.909141    14.0718    6.80607      4.727    31.2117    23.2470 -9.990e-29
 173.633900      4.766  37.911823    14.0738    6.81709      4.726    31.2126    23.2472 -9.990e-29
 173.633906      4.772  37.913743    14.0756    6.82694      4.732    31.2129    23.2471 -9.990e-29
 173.633912      4.783  37.915226    14.0771    6.82207      4.743    31.2130    23.2469 -9.990e-29
 173.633918      4.798  37.916573    14.0779    6.81747      4.758    31.2136    23.2471 -9.990e-29
 173.633924      4.815  37.917343    14.0782    6.81436      4.775    31.2140    23.2474 -9.990e-29
 173.633929      4.825  37.917448    14.0784    6.82048      4.785    31.2140    23.2473 -9.990e-29
 173.633935      4.830  37.917594    14.0786    6.82147      4.790    31.2139    23.2473 -9.990e-29
 173.633941      4.838  37.917985    14.0792    6.82030      4.798    31.2138    23.2470 -9.990e-29
 173.633947      4.854  37.918586    14.0803    6.81507      4.813    31.2135    23.2466 -9.990e-29
 173.633953      4.875  37.919646    14.0817    6.81389      4.834    31.2133    23.2461 -9.990e-29
 173.633958      4.898  37.920902    14.0824    6.81064      4.857    31.2139    23.2464 -9.990e-29
 173.633964      4.925  37.921232    14.0824    6.80954      4.884    31.2142    23.2467 -9.990e-29
 173.633970      4.948  37.920520    14.0828    6.81024      4.907    31.2132    23.2458 -9.990e-29
 173.633976      4.952  37.920629    14.0839    6.81104      4.911    31.2124    23.2450 -9.990e-29
 173.633981      4.932  37.921709    14.0846    6.81508      4.891    31.2128    23.2452 -9.990e-29
 173.633987      4.906  37.922405    14.0848    6.80461      4.865    31.2133    23.2455 -9.990e-29
 173.633993      4.883  37.922529    14.0850    6.80235      4.842    31.2133    23.2454 -9.990e-29
 173.633999      4.863  37.922817    14.0853    6.80349      4.822    31.2133    23.2454 -9.990e-29
 173.634005      4.848  37.923660    14.0858    6.80373      4.807    31.2137    23.2456 -9.990e-29
 173.634010      4.842  37.924505    14.0862    6.80314      4.802    31.2141    23.2459 -9.990e-29
 173.634016      4.844  37.924803    14.0855    6.79662      4.804    31.2149    23.2466 -9.990e-29
 173.634022      4.855  37.923838    14.0827    6.80035      4.814    31.2163    23.2483 -9.990e-29
 173.634028      4.874  37.920890    14.0781    6.81292      4.833    31.2173    23.2500 -9.990e-29
 173.634034      4.904  37.916522    14.0735    6.81965      4.863    31.2171    23.2507 -9.990e-29
 173.634039      4.938  37.912209    14.0707    6.81629      4.897    31.2154    23.2500 -9.990e-29
 173.634045      4.965  37.909494    14.0701    6.80571      4.924    31.2134    23.2486 -9.990e-29
 173.634051      4.983  37.909250    14.0710    6.79544      4.941    31.2124    23.2476 -9.990e-29
 173.634057      4.988  37.910598    14.0721    6.80500      4.946    31.2127    23.2477 -9.990e-29
 173.634063      4.980  37.911976    14.0729    6.81409      4.938    31.2134    23.2480 -9.990e-29
 173.634068      4.969  37.912985    14.0738    6.80796      4.927    31.2136    23.2480 -9.990e-29
 173.634074      4.957  37.913857    14.0749    6.80403      4.916    31.2135    23.2477 -9.990e-29
 173.634080      4.943  37.914640    14.0760    6.79443      4.902    31.2133    23.2473 -9.990e-29
 173.634086      4.931  37.915264    14.0767    6.80596      4.890    31.2133    23.2472 -9.990e-29
 173.634091      4.934  37.915445    14.0762    6.81121      4.893    31.2139    23.2477 -9.990e-29
 173.634097      4.955  37.914311    14.0737    6.80909      4.914    31.2149    23.2490 -9.990e-29
 173.634103      4.983  37.911479    14.0699    6.80807      4.941    31.2153    23.2501 -9.990e-29
 173.634109      5.011  37.908227    14.0656    6.80313      4.969    31.2158    23.2514 -9.990e-29
 173.634115      5.041  37.905273    14.0610    6.80477      4.999    31.2168    23.2531 -9.990e-29
