data/oxygen options/OCNMS/OCNMS2/raw_data/2005/CTD_CE20_060805faed.cnv
* Sea-Bird SBE19 Data File:
* FileName = C:\hypoxia CTD data\CE20_060805.hex
* Software Version 1.1.5
* Temperature SN = 2997
* Conductivity SN = 2997
* System UpLoad Time = Jun 08 2005 15:55:30
* SEACAT PROFILER V3.1c SN 2997   06/08/05  15:54:39.249
* strain gauge pressure sensor: S/N = 184829,  range = 3000 psia,  tc = 40
# nquan = 9                                 
# nvalues = 508                         
# units = specified
# name 0 = timeJ: Julian Days
# name 1 = prSM: Pressure, Strain Gauge [db]
# name 2 = c0mS/cm: Conductivity [mS/cm]
# name 3 = t090C: Temperature [ITS-90, deg C]
# name 4 = oxML/L: Oxygen, Beckman/YSI [ml/l]
# name 5 = depSM: Depth [salt water, m], lat = 47.5
# name 6 = sal00: Salinity, Practical [PSU]
# name 7 = sigma-é00: Density [sigma-theta, kg/m^3]
# name 8 = flag: flag
# span 0 = 159.545428, 159.548362       
# span 1 =     -3.765,     21.596       
# span 2 =   0.409526,  36.556470       
# span 3 =    13.0384,    15.0774       
# span 4 =   -0.09753,   25.20188       
# span 5 =     -3.734,     21.415       
# span 6 =     0.2561,    30.6147       
# span 7 =    -0.4720,    22.9913       
# span 8 = 0.0000e+00, 0.0000e+00       
# interval = seconds: 0.5
# start_time = Jun 08 2005 13:05:25 [Instrument's time stamp, header]
# bad_flag = -9.990e-29
*END*
 159.545428     -3.765 -9.990e-29    13.3951   -0.09742     -3.734 -9.990e-29 -9.990e-29 -9.990e-29
 159.545434     -3.735   0.409526    13.3901   -0.09736     -3.704     0.2561    -0.4720 -9.990e-29
 159.545440     -3.700   0.743581    13.3850   -0.09732     -3.669     0.4745    -0.3014 -9.990e-29
 159.545446     -3.649   1.739277    13.3966   -0.09732     -3.619     1.1531     0.2237 -9.990e-29
 159.545451     -3.579   4.708132    13.4710   -0.09734     -3.549     3.3020     1.8753 -9.990e-29
 159.545457     -3.494  11.011874    13.7382   -0.09739     -3.465     8.1552     5.5735 -9.990e-29
 159.545463     -3.397  19.994991    14.2068   -0.09753     -3.369    15.3873    11.0502 -9.990e-29
 159.545469     -3.294  28.083746    14.6189   -0.09744     -3.267    22.0872    16.1169 -9.990e-29
 159.545475     -3.197  31.866403    14.8302   -0.09730     -3.170    25.2514    18.5053 -9.990e-29
 159.545480     -3.111  33.017326    14.9157   -0.09733     -3.085    26.2040    19.2199 -9.990e-29
 159.545486     -3.040  34.456764    14.9500   -0.09735     -3.015    27.4473    20.1683 -9.990e-29
 159.545492     -2.980  35.664392    14.9656   -0.09745     -2.955    28.5043    20.9776 -9.990e-29
 159.545498     -2.918  36.106241    14.9721   -0.09740     -2.894    28.8916    21.2741 -9.990e-29
 159.545503     -2.850  36.264370    14.9704   -0.09733     -2.826    29.0333    21.3834 -9.990e-29
 159.545509     -2.780  36.304226    14.9582   -0.09729     -2.757    29.0778    21.4202 -9.990e-29
 159.545515     -2.712  36.292432    14.9440   -0.09733     -2.689    29.0778    21.4232 -9.990e-29
 159.545521     -2.651  36.270479    14.9471   -0.09730     -2.629    29.0560    21.4057 -9.990e-29
 159.545527     -2.592  36.272476    14.9644   -0.09728     -2.570    29.0449    21.3936 -9.990e-29
 159.545532     -2.524  36.302790    14.9764   -0.09724     -2.503    29.0629    21.4049 -9.990e-29
 159.545538     -2.446  36.322242    14.9745   -0.09720     -2.426    29.0816    21.4197 -9.990e-29
 159.545544     -2.371  36.306332    14.9655   -0.09721     -2.351    29.0741    21.4158 -9.990e-29
 159.545550     -2.306  36.283775    14.9642   -0.09731     -2.287    29.0550    21.4014 -9.990e-29
 159.545556     -2.252  36.286757    14.9727   -0.09732     -2.233    29.0513    21.3968 -9.990e-29
 159.545561     -2.201  36.314790    14.9823   -0.09727     -2.183    29.0691    21.4084 -9.990e-29
 159.545567     -2.150  36.345276    14.9888   -0.09718     -2.132    29.0913    21.4242 -9.990e-29
 159.545573     -2.103  36.354969    14.9932   -0.09714     -2.085    29.0966    21.4274 -9.990e-29
 159.545579     -2.063  36.351209    14.9987   -0.09713     -2.046    29.0892    21.4205 -9.990e-29
 159.545584     -2.027  36.361529    15.0070   -0.09712     -2.010    29.0922    21.4211 -9.990e-29
 159.545590     -1.992  36.384576    15.0137   -0.09711     -1.975    29.1077    21.4316 -9.990e-29
 159.545596     -1.961  36.404561    15.0126   -0.09711     -1.945    29.1262    21.4461 -9.990e-29
 159.545602     -1.939  36.412270    15.0063   -0.09711     -1.923    29.1377    21.4562 -9.990e-29
 159.545608     -1.926  36.395579    15.0043   -0.09709     -1.910    29.1244    21.4464 -9.990e-29
 159.545613     -1.917  36.364778    15.0133   -0.09708     -1.901    29.0903    21.4183 -9.990e-29
 159.545619     -1.911  36.356201    15.0310   -0.09715     -1.895    29.0696    21.3987 -9.990e-29
 159.545625     -1.904  36.375819    15.0479   -0.09722     -1.888    29.0744    21.3989 -9.990e-29
 159.545631     -1.890  36.397105    15.0592   -0.09720     -1.874    29.0849    21.4046 -9.990e-29
 159.545637     -1.869  36.406417    15.0665   -0.09719     -1.853    29.0878    21.4052 -9.990e-29
 159.545642     -1.839  36.406663    15.0715   -0.09722     -1.824    29.0842    21.4015 -9.990e-29
 159.545648     -1.803  36.405487    15.0751   -0.09728     -1.788    29.0805    21.3978 -9.990e-29
 159.545654     -1.767  36.405832    15.0774   -0.09729     -1.752    29.0791    21.3963 -9.990e-29
 159.545660     -1.733  36.405379    15.0765   -0.09731     -1.719    29.0794    21.3967 -9.990e-29
 159.545666     -1.699  36.408033    15.0688   -0.09728     -1.685    29.0874    21.4045 -9.990e-29
 159.545671     -1.663  36.417917    15.0546   -0.09725     -1.649    29.1067    21.4223 -9.990e-29
 159.545677     -1.626  36.424124    15.0403   -0.09727     -1.612    29.1229    21.4377 -9.990e-29
 159.545683     -1.595  36.414766    15.0300   -0.09727     -1.582    29.1222    21.4394 -9.990e-29
 159.545689     -1.568  36.405984    15.0221   -0.09733     -1.555    29.1203    21.4395 -9.990e-29
 159.545694     -1.539  36.416928    15.0151   -0.09732     -1.526    29.1352    21.4525 -9.990e-29
 159.545700     -1.510  36.428571    15.0089   -0.09732     -1.497    29.1501    21.4653 -9.990e-29
 159.545706     -1.485  36.414404    15.0033   -0.09732     -1.473    29.1417    21.4599 -9.990e-29
 159.545712     -1.460  36.383596    14.9988   -0.09733     -1.448    29.1177    21.4424 -9.990e-29
 159.545718     -1.435  36.366304    14.9988   -0.09734     -1.423    29.1023    21.4306 -9.990e-29
 159.545723     -1.407  36.373138    15.0031   -0.09732     -1.395    29.1052    21.4319 -9.990e-29
 159.545729     -1.381  36.389123    15.0060   -0.09730     -1.369    29.1172    21.4405 -9.990e-29
 159.545735     -1.357  36.390740    15.0019   -0.09732     -1.346    29.1217    21.4448 -9.990e-29
 159.545741     -1.331  36.375122    14.9928   -0.09733     -1.320    29.1146    21.4413 -9.990e-29
 159.545747     -1.300  36.363524    14.9878   -0.09739     -1.289    29.1080    21.4372 -9.990e-29
 159.545752     -1.271  36.364616    14.9884   -0.09737     -1.260    29.1085    21.4375 -9.990e-29
 159.545758     -1.247  36.365856    14.9889   -0.09736     -1.237    29.1092    21.4380 -9.990e-29
 159.545764     -1.227  36.357707    14.9875   -0.09735     -1.217    29.1030    21.4335 -9.990e-29
 159.545770     -1.208  36.348392    14.9866   -0.09737     -1.198    29.0954    21.4278 -9.990e-29
 159.545775     -1.189  36.346822    14.9884   -0.09742     -1.179    29.0926    21.4253 -9.990e-29
 159.545781     -1.171  36.352610    14.9909   -0.09740     -1.161    29.0959    21.4273 -9.990e-29
 159.545787     -1.146  36.358918    14.9900   -0.09737     -1.136    29.1022    21.4323 -9.990e-29
 159.545793     -1.113  36.356240    14.9820   -0.09736     -1.104    29.1058    21.4368 -9.990e-29
 159.545799     -1.084  36.347197    14.9713   -0.09736     -1.075    29.1057    21.4389 -9.990e-29
 159.545804     -1.060  36.343303    14.9680   -0.09737     -1.051    29.1047    21.4388 -9.990e-29
 159.545810     -1.032  36.348360    14.9715   -0.09736     -1.023    29.1065    21.4395 -9.990e-29
 159.545816     -0.997  36.353433    14.9729   -0.09735     -0.989    29.1100    21.4419 -9.990e-29
 159.545822     -0.963  36.349609    14.9676   -0.09735     -0.955    29.1105    21.4434 -9.990e-29
 159.545828     -0.930  36.342468    14.9608   -0.09737     -0.922    29.1092    21.4439 -9.990e-29
 159.545833     -0.898  36.339894    14.9612   -0.09740     -0.891    29.1066    21.4418 -9.990e-29
 159.545839     -0.863  36.341281    14.9679   -0.09743     -0.856    29.1029    21.4375 -9.990e-29
 159.545845     -0.829  36.342893    14.9734   -0.09735     -0.822    29.1002    21.4343 -9.990e-29
 159.545851     -0.801  36.341296    14.9744   -0.09733     -0.794    29.0980    21.4324 -9.990e-29
 159.545856     -0.781  36.338311    14.9742   -0.09733     -0.774    29.0955    21.4305 -9.990e-29
 159.545862     -0.766  36.339517    14.9765   -0.09733     -0.760    29.0949    21.4295 -9.990e-29
 159.545868     -0.748  36.343181    14.9788   -0.09735     -0.742    29.0964    21.4302 -9.990e-29
 159.545874     -0.731  36.342435    14.9768   -0.09735     -0.725    29.0972    21.4313 -9.990e-29
 159.545880     -0.719  36.337991    14.9702   -0.09733     -0.713    29.0982    21.4334 -9.990e-29
 159.545885     -0.711  36.335163    14.9619   14.54350     -0.705    29.1018    21.4379 -9.990e-29
 159.545891     -0.705  36.335811    14.9592   23.89780     -0.699    29.1044    21.4405 -9.990e-29
 159.545897     -0.698  36.341381    14.9664   25.20188     -0.692    29.1040    21.4387 -9.990e-29
 159.545903     -0.681  36.354839    14.9771   22.00507     -0.675    29.1080    21.4395 -9.990e-29
 159.545909     -0.653  36.368919    14.9838   14.18953     -0.648    29.1155    21.4439 -9.990e-29
 159.545914     -0.624  36.369900    14.9849   11.45419     -0.619    29.1156    21.4437 -9.990e-29
 159.545920     -0.601  36.361357    14.9831   11.46848     -0.596    29.1093    21.4393 -9.990e-29
 159.545926     -0.582  36.356595    14.9838   11.44650     -0.577    29.1045    21.4355 -9.990e-29
 159.545932     -0.568  36.361624    14.9909   11.44393     -0.563    29.1037    21.4334 -9.990e-29
 159.545938     -0.551  36.380369    15.0043   11.44149     -0.546    29.1104    21.4357 -9.990e-29
 159.545943     -0.527  36.423829    15.0220   11.43787     -0.523    29.1358    21.4515 -9.990e-29
 159.545949     -0.500  36.483814    15.0399   11.43446     -0.496    29.1758    21.4785 -9.990e-29
 159.545955     -0.475  36.527065    15.0532   11.42990     -0.471    29.2042    21.4976 -9.990e-29
 159.545961     -0.455  36.546233    15.0600   11.42536     -0.451    29.2162    21.5054 -9.990e-29
 159.545966     -0.439  36.554565    15.0609   11.28493     -0.435    29.2229    21.5103 -9.990e-29
 159.545972     -0.426  36.556470    15.0562    8.09717     -0.422    29.2281    21.5153 -9.990e-29
 159.545978     -0.415  36.552268    15.0482    5.17311     -0.412    29.2303    21.5187 -9.990e-29
 159.545984     -0.406  36.545353    15.0410    3.70301     -0.403    29.2296    21.5196 -9.990e-29
 159.545990     -0.397  36.540547    15.0363    3.60030     -0.394    29.2288    21.5200 -9.990e-29
 159.545995     -0.389  36.537631    15.0324    4.96048     -0.386    29.2291    21.5211 -9.990e-29
 159.546001     -0.381  36.533860    15.0284    5.81540     -0.378    29.2287    21.5217 -9.990e-29
 159.546007     -0.372  36.529839    15.0265    6.16454     -0.369    29.2266    21.5204 -9.990e-29
 159.546013     -0.361  36.528639    15.0268    6.36569     -0.358    29.2253    21.5193 -9.990e-29
 159.546019     -0.349  36.529244    15.0245    6.47992     -0.346    29.2275    21.5215 -9.990e-29
 159.546024     -0.334  36.526318    15.0194    6.53657     -0.331    29.2287    21.5235 -9.990e-29
 159.546030     -0.315  36.521592    15.0149    6.56778     -0.312    29.2279    21.5238 -9.990e-29
 159.546036     -0.292  36.518880    15.0106    6.57296     -0.290    29.2287    21.5253 -9.990e-29
 159.546042     -0.266  36.515711    15.0072    6.57774     -0.264    29.2284    21.5258 -9.990e-29
 159.546047     -0.241  36.513488    15.0052    6.58610     -0.239    29.2279    21.5259 -9.990e-29
 159.546053     -0.215  36.512636    15.0049    6.58758     -0.213    29.2274    21.5255 -9.990e-29
 159.546059     -0.190  36.512601    15.0061    6.58771     -0.188    29.2264    21.5246 -9.990e-29
 159.546065     -0.170  36.513922    15.0067    6.57199     -0.169    29.2272    21.5250 -9.990e-29
 159.546071     -0.156  36.514459    15.0064    6.56317     -0.155    29.2279    21.5256 -9.990e-29
 159.546076     -0.154  36.514392    15.0062    6.55246     -0.153    29.2279    21.5257 -9.990e-29
 159.546082     -0.153  36.514216    15.0056    6.54372     -0.152    29.2282    21.5260 -9.990e-29
 159.546088     -0.141  36.513720    15.0041    6.54741     -0.140    29.2289    21.5269 -9.990e-29
 159.546094     -0.117  36.512830    15.0011    6.56624     -0.116    29.2304    21.5286 -9.990e-29
 159.546100     -0.089  36.510381    14.9968    6.57023     -0.088    29.2314    21.5303 -9.990e-29
 159.546105     -0.063  36.506495    14.9944    6.54978     -0.062    29.2297    21.5295 -9.990e-29
 159.546111     -0.042  36.504424    14.9993    6.52916     -0.042    29.2242    21.5243 -9.990e-29
 159.546117     -0.024  36.508719    15.0135    6.50623     -0.024    29.2174    21.5161 -9.990e-29
 159.546123     -0.008  36.520645    15.0304    6.49977     -0.008    29.2154    21.5110 -9.990e-29
 159.546128      0.011  36.533700    15.0398    6.50688      0.011    29.2200    21.5125 -9.990e-29
 159.546134      0.035  36.539525    15.0394    6.50786      0.035    29.2254    21.5168 -9.990e-29
 159.546140      0.060  36.535821    15.0335    6.51069      0.059    29.2265    21.5189 -9.990e-29
 159.546146      0.088  36.527768    15.0265    6.50986      0.087    29.2246    21.5189 -9.990e-29
 159.546152      0.112  36.523152    15.0214    6.50230      0.111    29.2243    21.5197 -9.990e-29
 159.546157      0.121  36.523119    15.0210    6.49640      0.120    29.2245    21.5200 -9.990e-29
 159.546163      0.117  36.525391    15.0251    6.49033      0.116    29.2235    21.5183 -9.990e-29
 159.546169      0.110  36.529086    15.0295    6.47863      0.109    29.2235    21.5174 -9.990e-29
 159.546175      0.110  36.532411    15.0315    6.47318      0.109    29.2250    21.5181 -9.990e-29
 159.546181      0.112  36.533642    15.0308    6.46647      0.111    29.2266    21.5195 -9.990e-29
 159.546186      0.116  36.532182    15.0276    6.46820      0.115    29.2277    21.5210 -9.990e-29
 159.546192      0.126  36.528338    15.0235    6.47125      0.125    29.2273    21.5216 -9.990e-29
 159.546198      0.140  36.524281    15.0214    6.47011      0.139    29.2253    21.5205 -9.990e-29
 159.546204      0.153  36.523579    15.0220    6.45626      0.152    29.2242    21.5195 -9.990e-29
 159.546209      0.167  36.525862    15.0224    6.45521      0.166    29.2259    21.5208 -9.990e-29
 159.546215      0.182  36.526890    15.0202    6.45042      0.180    29.2285    21.5232 -9.990e-29
 159.546221      0.200  36.524676    15.0157    6.45516      0.198    29.2299    21.5252 -9.990e-29
 159.546227      0.221  36.520203    15.0110    6.46243      0.219    29.2294    21.5258 -9.990e-29
 159.546233      0.243  36.515923    15.0082    6.44557      0.241    29.2277    21.5251 -9.990e-29
 159.546238      0.262  36.513985    15.0086    6.43398      0.260    29.2256    21.5234 -9.990e-29
 159.546244      0.280  36.515175    15.0107    6.42375      0.278    29.2251    21.5226 -9.990e-29
 159.546250      0.294  36.517722    15.0104    6.43078      0.292    29.2276    21.5246 -9.990e-29
 159.546256      0.305  36.517180    15.0058    6.45298      0.302    29.2306    21.5278 -9.990e-29
 159.546262      0.321  36.512271    15.0003    6.44200      0.318    29.2303    21.5288 -9.990e-29
 159.546267      0.345  36.507114    14.9978    6.44076      0.342    29.2276    21.5272 -9.990e-29
 159.546273      0.364  36.505492    14.9986    6.43117      0.361    29.2255    21.5254 -9.990e-29
 159.546279      0.376  36.506929    15.0008    6.42726      0.373    29.2252    21.5247 -9.990e-29
 159.546285      0.390  36.508860    15.0026    6.42566      0.387    29.2255    21.5246 -9.990e-29
 159.546291      0.407  36.509945    15.0033    6.41981      0.404    29.2260    21.5248 -9.990e-29
 159.546296      0.423  36.509953    15.0030    6.41689      0.419    29.2262    21.5250 -9.990e-29
 159.546302      0.435  36.508904    15.0026    6.41483      0.431    29.2255    21.5246 -9.990e-29
 159.546308      0.441  36.508210    15.0025    6.41896      0.437    29.2250    21.5242 -9.990e-29
 159.546314      0.444  36.508633    15.0023    6.41188      0.440    29.2255    21.5247 -9.990e-29
 159.546319      0.448  36.509064    15.0021    6.41469      0.444    29.2261    21.5251 -9.990e-29
 159.546325      0.455  36.508963    15.0011    6.41230      0.451    29.2267    21.5258 -9.990e-29
 159.546331      0.465  36.508200    14.9986    6.40902      0.461    29.2279    21.5273 -9.990e-29
 159.546337      0.478  36.506328    14.9958    6.40383      0.474    29.2283    21.5282 -9.990e-29
 159.546343      0.496  36.504220    14.9943    6.40717      0.492    29.2276    21.5279 -9.990e-29
 159.546348      0.514  36.503558    14.9943    6.40885      0.510    29.2270    21.5275 -9.990e-29
