data/oxygen options/OCNMS/OCNMS2/raw_data/2005/CTD_CA90_081505faedb.cnv
* Sea-Bird SBE19 Data File:
* FileName = C:\Hypoxia Data\CA90_081505.hex
* Software Version 1.1.6
* Temperature SN = 2997
* Conductivity SN = 2997
* System UpLoad Time = Aug 15 2005 14:26:54
* SEACAT PROFILER V3.1c SN 2997   08/15/05  14:26:07.816
* strain gauge pressure sensor: S/N = 184829,  range = 3000 psia,  tc = 40
# nquan = 9
# nvalues = 85                          
# units = specified
# name 0 = timeJ: Julian Days
# name 1 = prSM: Pressure, Strain Gauge [db]
# name 2 = c0mS/cm: Conductivity [mS/cm]
# name 3 = t090C: Temperature [ITS-90, deg C]
# name 4 = oxML/L: Oxygen, Beckman/YSI [ml/l]
# name 5 = depSM: Depth [salt water, m], lat = 47.5
# name 6 = sal00: Salinity, Practical [PSU]
# name 7 = sigma-é00: Density [sigma-theta, kg/m^3]
# name 8 = flag: flag
# span 0 = 225.953180, 229.679575       
# span 1 =      1.000,     91.000       
# span 2 =  34.403450,  37.470886       
# span 3 =     7.1378,    12.9950       
# span 4 =   -0.10130,    6.62910       
# span 5 =      0.992,     90.220       
# span 6 =    31.6229,    33.9063       
# span 7 =    23.7790,    26.5394       
# span 8 = 0.0000e+00, 0.0000e+00       
# interval = decibars: 1                
# start_time = Aug 15 2005 14:09:55 [Instrument's time stamp, header]
# bad_flag = -9.990e-29
*END*
 227.590488      1.000  37.396682    12.9950   -0.10122      0.992    31.6229    23.7790 0.0000e+00
 227.590511      2.000  37.334139    12.8415   -0.10130      1.984    31.6919    23.8622 0.0000e+00
 229.679575      7.000  37.470886    12.6262    6.62910      6.941    32.0660    24.2095 0.0000e+00
 227.592796      8.000  37.054689    12.1775    6.02161      7.933    31.9858    24.2161 0.0000e+00
 227.592814      9.000  36.852331    11.6372    5.45430      8.924    32.2557    24.5253 0.0000e+00
 227.592831     10.000  36.441192    10.9038    5.25734      9.916    32.4954    24.8427 0.0000e+00
 227.592850     11.000  35.975017    10.4056    5.36784     10.908    32.4732    24.9115 0.0000e+00
 227.592876     12.000  35.746781    10.2155    5.65098     11.899    32.4133    24.8972 0.0000e+00
 227.593194     13.000  35.794453    10.2769    5.51360     12.891    32.4059    24.8809 0.0000e+00
 227.593272     14.000  35.743753    10.1518    5.25643     13.883    32.4663    24.9490 0.0000e+00
 227.593289     15.000  35.536422     9.8370    5.23339     14.874    32.5389    25.0579 0.0000e+00
 227.593304     16.000  35.353012     9.6258    5.29288     15.866    32.5425    25.0951 0.0000e+00
 227.593319     17.000  35.213114     9.4850    5.07365     16.857    32.5264    25.1053 0.0000e+00
 227.593335     18.000  35.186129     9.3791    4.60999     17.849    32.5946    25.1756 0.0000e+00
 227.593350     19.000  35.128270     9.1499    4.48897     18.841    32.7440    25.3287 0.0000e+00
 227.593363     20.000  34.965245     8.8892    4.60703     19.832    32.8146    25.4247 0.0000e+00
 227.593381     21.000  34.828656     8.7350    4.65207     20.823    32.8142    25.4482 0.0000e+00
 225.953180     23.000  34.523505     8.6022    4.63539     22.807    32.5848    25.2810 0.0000e+00
 227.593815     24.000  34.750297     8.5783    4.68026     23.798    32.8762    25.5207 0.0000e+00
 227.593831     25.000  34.709272     8.5114    4.73529     24.790    32.8950    25.5455 0.0000e+00
 227.593847     26.000  34.693928     8.4845    4.71433     25.781    32.9034    25.5562 0.0000e+00
 227.593863     27.000  34.671935     8.4150    4.68060     26.773    32.9448    25.5991 0.0000e+00
 227.593876     28.000  34.639966     8.3496    4.67597     27.765    32.9717    25.6300 0.0000e+00
 227.593890     29.000  34.625608     8.3219    4.64029     28.756    32.9820    25.6422 0.0000e+00
 227.593905     30.000  34.619449     8.3075    4.63439     29.747    32.9886    25.6495 0.0000e+00
 227.593924     31.000  34.609972     8.2732    4.61269     30.739    33.0103    25.6717 0.0000e+00
 227.593947     32.000  34.593595     8.2359    4.61323     31.731    33.0276    25.6908 0.0000e+00
 227.594177     33.000  34.593287     8.2413    4.59622     32.722    33.0217    25.6854 0.0000e+00
 227.594251     34.000  34.587395     8.2141    4.54830     33.714    33.0406    25.7042 0.0000e+00
 227.594267     35.000  34.576933     8.1726    4.50713     34.705    33.0680    25.7320 0.0000e+00
 227.594280     36.000  34.570455     8.1402    4.47168     35.697    33.0912    25.7549 0.0000e+00
 227.594294     37.000  34.565433     8.1198    4.45679     36.688    33.1047    25.7685 0.0000e+00
 227.594308     38.000  34.561975     8.1075    4.44067     37.679    33.1122    25.7762 0.0000e+00
 227.594322     39.000  34.556856     8.0864    4.42821     38.671    33.1262    25.7903 0.0000e+00
 227.594336     40.000  34.547918     8.0519    4.40992     39.662    33.1489    25.8132 0.0000e+00
 227.594351     41.000  34.536869     8.0181    4.40774     40.654    33.1687    25.8337 0.0000e+00
 227.594370     42.000  34.527632     7.9970    4.43178     41.645    33.1784    25.8444 0.0000e+00
 227.594595     43.000  34.525534     7.9971    4.42047     42.637    33.1756    25.8422 0.0000e+00
 227.594702     44.000  34.521693     7.9847    4.43676     43.628    33.1827    25.8496 0.0000e+00
 227.594719     45.000  34.511855     7.9597    4.43491     44.619    33.1955    25.8634 0.0000e+00
 227.594733     46.000  34.506386     7.9421    4.37697     45.611    33.2059    25.8741 0.0000e+00
 227.594746     47.000  34.498885     7.9039    4.35957     46.603    33.2338    25.9015 0.0000e+00
 227.594761     48.000  34.486853     7.8606    4.35930     47.594    33.2616    25.9296 0.0000e+00
 227.594778     49.000  34.483943     7.8625    4.33487     48.585    33.2562    25.9252 0.0000e+00
 227.594796     50.000  34.485706     7.8450    4.25460     49.577    33.2743    25.9420 0.0000e+00
 227.594814     51.000  34.470316     7.7542    4.17454     50.568    33.3440    26.0098 0.0000e+00
 227.594833     52.000  34.460733     7.7144    4.16909     51.560    33.3713    26.0370 0.0000e+00
 227.595088     53.000  34.453811     7.6958    4.13458     52.551    33.3813    26.0475 0.0000e+00
 227.595174     54.000  34.450807     7.6681    4.10707     53.542    33.4042    26.0694 0.0000e+00
 227.595190     55.000  34.450989     7.6490    4.08263     54.533    33.4222    26.0863 0.0000e+00
 227.595206     56.000  34.451734     7.6440    4.05365     55.525    33.4274    26.0911 0.0000e+00
 227.595221     57.000  34.452881     7.6279    4.00952     56.517    33.4436    26.1061 0.0000e+00
 227.595235     58.000  34.459653     7.5937    3.92949     57.508    33.4833    26.1423 0.0000e+00
 227.595249     59.000  34.465233     7.5686    3.86771     58.499    33.5131    26.1693 0.0000e+00
 227.595263     60.000  34.473092     7.5383    3.80760     59.490    33.5503    26.2029 0.0000e+00
 227.595279     61.000  34.479425     7.5203    3.77413     60.482    33.5741    26.2241 0.0000e+00
 227.595296     62.000  34.475902     7.5046    3.76705     61.473    33.5850    26.2350 0.0000e+00
 227.595565     63.000  34.471282     7.5014    3.76406     62.465    33.5826    26.2335 0.0000e+00
 227.595663     64.000  34.469458     7.4970    3.75321     63.456    33.5844    26.2355 0.0000e+00
 227.595676     65.000  34.469006     7.4900    3.72190     64.447    33.5902    26.2412 0.0000e+00
 227.595689     66.000  34.467882     7.4752    3.67808     65.439    33.6029    26.2532 0.0000e+00
 227.595702     67.000  34.465376     7.4565    3.63759     66.430    33.6178    26.2676 0.0000e+00
 227.595719     68.000  34.463530     7.4434    3.58799     67.421    33.6280    26.2774 0.0000e+00
 227.595736     69.000  34.460799     7.4220    3.48302     68.412    33.6453    26.2941 0.0000e+00
 227.595754     70.000  34.457869     7.3826    3.39599     69.404    33.6799    26.3269 0.0000e+00
 227.279439     72.000  34.403450     7.3458    3.30097     71.387    33.6508    26.3080 0.0000e+00
 227.596174     73.000  34.451332     7.3451    3.27265     72.378    33.7078    26.3541 0.0000e+00
 227.596186     74.000  34.450169     7.3408    3.23992     73.369    33.7103    26.3567 0.0000e+00
 227.596199     75.000  34.452221     7.3385    3.21855     74.360    33.7143    26.3602 0.0000e+00
 227.596212     76.000  34.457448     7.3348    3.19819     75.352    33.7231    26.3676 0.0000e+00
 227.596227     77.000  34.459846     7.3286    3.12950     76.343    33.7313    26.3750 0.0000e+00
 227.596240     78.000  34.466938     7.3139    3.02387     77.334    33.7528    26.3940 0.0000e+00
 227.596254     79.000  34.479839     7.3009    2.93933     78.325    33.7792    26.4165 0.0000e+00
 227.596268     80.000  34.488970     7.2888    2.87391     79.317    33.8003    26.4349 0.0000e+00
 227.596287     81.000  34.493857     7.2736    2.80935     80.308    33.8201    26.4526 0.0000e+00
 227.596538     82.000  34.484242     7.2273    2.63604     81.299    33.8544    26.4860 0.0000e+00
 227.596649     83.000  34.476612     7.1882    2.47002     82.291    33.8839    26.5147 0.0000e+00
 227.596673     84.000  34.464240     7.1564    2.36170     83.282    33.9011    26.5327 0.0000e+00
 227.596693     85.000  34.457804     7.1455    2.34954     84.273    33.9043    26.5367 0.0000e+00
 227.596710     86.000  34.455457     7.1417    2.34416     85.265    33.9050    26.5378 0.0000e+00
 227.596728     87.000  34.454867     7.1409    2.35170     86.255    33.9046    26.5376 0.0000e+00
 227.596744     88.000  34.455347     7.1394    2.33167     87.247    33.9062    26.5390 0.0000e+00
 227.596759     89.000  34.454779     7.1381    2.33690     88.238    33.9063    26.5394 0.0000e+00
 227.596781     90.000  34.455084     7.1384    2.33685     89.230    33.9059    26.5390 0.0000e+00
 227.596810     91.000  34.455166     7.1378    2.33337     90.220    33.9060    26.5393 0.0000e+00
