data/oxygen options/OCNMS/OCNMS2/raw_data/2005/CTD_CE40_070605faed.cnv
* Sea-Bird SBE19 Data File:
* FileName = C:\Hypoxia Data\CE40_070605.hex
* Software Version 1.1.6
* Temperature SN = 2997
* Conductivity SN = 2997
* System UpLoad Time = Jul 06 2005 16:10:04
* SEACAT PROFILER V3.1c SN 2997   07/06/05  16:10:33.927
* strain gauge pressure sensor: S/N = 184829,  range = 3000 psia,  tc = 40
# nquan = 9                                 
# nvalues = 583                         
# units = specified
# name 0 = timeJ: Julian Days
# name 1 = prSM: Pressure, Strain Gauge [db]
# name 2 = c0mS/cm: Conductivity [mS/cm]
# name 3 = t090C: Temperature [ITS-90, deg C]
# name 4 = oxML/L: Oxygen, Beckman/YSI [ml/l]
# name 5 = depSM: Depth [salt water, m], lat = 47.5
# name 6 = sal00: Salinity, Practical [PSU]
# name 7 = sigma-é00: Density [sigma-theta, kg/m^3]
# name 8 = flag: flag
# span 0 = 187.591898, 187.595266       
# span 1 =     -3.645,     42.272       
# span 2 =   3.170167,  39.602695       
# span 3 =     8.7999,    15.5952       
# span 4 =   -0.09465,   23.07890       
# span 5 =     -3.615,     41.915       
# span 6 =     2.0961,    33.1042       
# span 7 =     0.7502,    25.6656       
# span 8 = 0.0000e+00, 0.0000e+00       
# interval = seconds: 0.5
# start_time = Jul 06 2005 14:12:20 [Instrument's time stamp, header]
# bad_flag = -9.990e-29
*END*
 187.591898     -3.645 -9.990e-29    15.4278   -0.09463     -3.615 -9.990e-29 -9.990e-29 -9.990e-29
 187.591904     -3.504  11.120321    15.4575   -0.09463     -3.475     7.8877     5.0873 -9.990e-29
 187.591910     -3.348  21.174281    15.4753   -0.09460     -3.320    15.8589    11.1812 -9.990e-29
 187.591916     -3.200  30.047973    15.4794   -0.09461     -3.173    23.2784    16.8607 -9.990e-29
 187.591921     -3.073  35.494310    15.4797   -0.09462     -3.047    27.9849    20.4708 -9.990e-29
 187.591927     -2.963  38.161822    15.4810   -0.09460     -2.938    30.3291    22.2712 -9.990e-29
 187.591933     -2.866  39.060146    15.4853   -0.09459     -2.842    31.1212    22.8792 -9.990e-29
 187.591939     -2.786  39.369881    15.4911   -0.09456     -2.763    31.3915    23.0858 -9.990e-29
 187.591944     -2.721  39.479382    15.4971   -0.09459     -2.698    31.4839    23.1556 -9.990e-29
 187.591950     -2.668  39.513584    15.5027   -0.09461     -2.646    31.5098    23.1742 -9.990e-29
 187.591956     -2.618  39.523759    15.5059   -0.09463     -2.596    31.5163    23.1785 -9.990e-29
 187.591962     -2.570  39.533633    15.5068   -0.09464     -2.549    31.5243    23.1845 -9.990e-29
 187.591968     -2.527  39.549699    15.5081   -0.09464     -2.506    31.5375    23.1944 -9.990e-29
 187.591973     -2.492  39.565386    15.5117   -0.09465     -2.471    31.5486    23.2021 -9.990e-29
 187.591979     -2.462  39.565765    15.5169   -0.09464     -2.441    31.5447    23.1980 -9.990e-29
 187.591985     -2.432  39.555886    15.5207   -0.09465     -2.412    31.5329    23.1881 -9.990e-29
 187.591991     -2.399  39.551812    15.5217   -0.09464     -2.379    31.5285    23.1845 -9.990e-29
 187.591997     -2.369  39.558268    15.5201   -0.09463     -2.349    31.5355    23.1902 -9.990e-29
 187.592002     -2.346  39.565408    15.5162   -0.09462     -2.326    31.5449    23.1983 -9.990e-29
 187.592008     -2.327  39.558125    15.5111   -0.09462     -2.308    31.5425    23.1976 -9.990e-29
 187.592014     -2.308  39.541917    15.5067   -0.09464     -2.289    31.5317    23.1902 -9.990e-29
 187.592020     -2.278  39.530011    15.5038   -0.09464     -2.259    31.5234    23.1845 -9.990e-29
 187.592025     -2.235  39.525106    15.5023   -0.09463     -2.216    31.5202    23.1823 -9.990e-29
 187.592031     -2.190  39.525770    15.5013   -0.09461     -2.172    31.5216    23.1836 -9.990e-29
 187.592037     -2.149  39.529016    15.5002   -0.09460     -2.131    31.5253    23.1867 -9.990e-29
 187.592043     -2.108  39.533621    15.4990   -0.09461     -2.090    31.5304    23.1909 -9.990e-29
 187.592049     -2.069  39.541296    15.4985   -0.09462     -2.052    31.5376    23.1965 -9.990e-29
 187.592054     -2.039  39.555040    15.4990   -0.09463     -2.022    31.5494    23.2055 -9.990e-29
 187.592060     -2.020  39.571918    15.5003   -0.09463     -2.003    31.5633    23.2159 -9.990e-29
 187.592066     -2.006  39.579712    15.5018   -0.09459     -1.989    31.5691    23.2200 -9.990e-29
 187.592072     -1.992  39.572042    15.5037   -0.09460     -1.975    31.5607    23.2132 -9.990e-29
 187.592078     -1.977  39.557815    15.5059   -0.09459     -1.961    31.5463    23.2016 -9.990e-29
 187.592083     -1.961  39.549536    15.5072   -0.09459     -1.945    31.5379    23.1949 -9.990e-29
 187.592089     -1.942  39.554741    15.5082   -0.09461     -1.926    31.5417    23.1976 -9.990e-29
 187.592095     -1.918  39.569768    15.5095   -0.09460     -1.902    31.5540    23.2068 -9.990e-29
 187.592101     -1.890  39.576004    15.5104   -0.09460     -1.874    31.5588    23.2103 -9.990e-29
 187.592106     -1.854  39.564993    15.5111   -0.09458     -1.839    31.5485    23.2022 -9.990e-29
 187.592112     -1.813  39.551284    15.5126   -0.09456     -1.798    31.5351    23.1915 -9.990e-29
 187.592118     -1.772  39.546952    15.5151   -0.09459     -1.757    31.5292    23.1865 -9.990e-29
 187.592124     -1.739  39.555253    15.5182   -0.09460     -1.724    31.5341    23.1896 -9.990e-29
 187.592130     -1.718  39.569364    15.5211   -0.09460     -1.704    31.5443    23.1968 -9.990e-29
 187.592135     -1.713  39.573935    15.5217   -0.09458     -1.699    31.5479    23.1994 -9.990e-29
 187.592141     -1.715  39.567830    15.5205   -0.09459     -1.701    31.5434    23.1962 -9.990e-29
 187.592147     -1.708  39.560359    15.5206   -0.09459     -1.694    31.5367    23.1910 -9.990e-29
 187.592153     -1.686  39.559574    15.5230   -0.09459     -1.672    31.5341    23.1885 -9.990e-29
 187.592159     -1.660  39.565606    15.5264   -0.09459     -1.646    31.5367    23.1898 -9.990e-29
 187.592164     -1.643  39.569726    15.5277   -0.09459     -1.629    31.5393    23.1915 -9.990e-29
 187.592170     -1.620  39.569633    15.5244   -0.09459     -1.606    31.5419    23.1942 -9.990e-29
 187.592176     -1.573  39.569752    15.5196   -0.09457     -1.560    31.5458    23.1982 -9.990e-29
 187.592182     -1.515  39.574228    15.5190   -0.09456     -1.502    31.5502    23.2018 -9.990e-29
 187.592187     -1.464  39.582355    15.5224   -0.09456     -1.452    31.5547    23.2045 -9.990e-29
 187.592193     -1.427  39.586512    15.5246   -0.09456     -1.415    31.5566    23.2055 -9.990e-29
 187.592199     -1.403  39.583323    15.5246   -0.09457     -1.391    31.5538    23.2033 -9.990e-29
 187.592205     -1.389  39.579255    15.5246   -0.09457     -1.377    31.5502    23.2005 -9.990e-29
 187.592211     -1.378  39.578481    15.5260   -0.09458     -1.367    31.5483    23.1988 -9.990e-29
 187.592216     -1.366  39.576100    15.5287   -0.09458     -1.355    31.5441    23.1949 -9.990e-29
 187.592222     -1.343  39.569559    15.5318   -0.09457     -1.332    31.5358    23.1879 -9.990e-29
 187.592228     -1.312  39.564781    15.5342   -0.09456     -1.301    31.5296    23.1826 -9.990e-29
 187.592234     -1.284  39.567799    15.5355   -0.09452     -1.273    31.5312    23.1836 -9.990e-29
 187.592240     -1.262  39.577083    15.5361   -0.09453     -1.251    31.5390    23.1894 -9.990e-29
 187.592245     -1.243  39.585438    15.5362   -0.09455     -1.233    31.5463    23.1950 -9.990e-29
 187.592251     -1.228  39.588355    15.5362   -0.09455     -1.218    31.5489    23.1970 -9.990e-29
 187.592257     -1.210  39.584733    15.5356   -0.09456     -1.200    31.5461    23.1950 -9.990e-29
 187.592263     -1.184  39.576533    15.5343   -0.09455     -1.174    31.5399    23.1905 -9.990e-29
 187.592269     -1.153  39.570274    15.5337   -0.09453     -1.143    31.5348    23.1867 -9.990e-29
 187.592274     -1.124  39.571691    15.5357   -0.09453     -1.115    31.5345    23.1860 -9.990e-29
 187.592280     -1.102  39.578806    15.5416   -0.09454     -1.093    31.5360    23.1860 -9.990e-29
 187.592286     -1.092  39.583773    15.5488   -0.09458     -1.083    31.5347    23.1833 -9.990e-29
 187.592292     -1.083  39.583176    15.5520   -0.09460     -1.074    31.5316    23.1803 -9.990e-29
 187.592297     -1.058  39.578523    15.5509   -0.09460     -1.049    31.5283    23.1780 -9.990e-29
 187.592303     -1.012  39.572647    15.5490   -0.09460     -1.004    31.5246    23.1756 -9.990e-29
 187.592309     -0.958  39.570115    15.5484   -0.09457     -0.950    31.5228    23.1743 -9.990e-29
 187.592315     -0.914  39.573217    15.5502   -0.09455     -0.906    31.5241    23.1749 -9.990e-29
 187.592321     -0.891  39.578854    15.5527   -0.09455     -0.884    31.5271    23.1767 -9.990e-29
 187.592326     -0.887  39.582260    15.5521   -0.09456     -0.880    31.5306    23.1795 -9.990e-29
 187.592332     -0.884  39.581303    15.5466   12.83427     -0.877    31.5342    23.1834 -9.990e-29
 187.592338     -0.865  39.577013    15.5379   21.77638     -0.858    31.5373    23.1878 -9.990e-29
 187.592344     -0.825  39.572143    15.5306   23.07890     -0.818    31.5388    23.1905 -9.990e-29
 187.592350     -0.771  39.570356    15.5282   20.28958     -0.765    31.5391    23.1913 -9.990e-29
 187.592355     -0.719  39.574374    15.5309   13.24159     -0.713    31.5405    23.1918 -9.990e-29
 187.592361     -0.683  39.580636    15.5368   10.53770     -0.677    31.5414    23.1911 -9.990e-29
 187.592367     -0.662  39.583523    15.5426   10.57521     -0.656    31.5393    23.1882 -9.990e-29
 187.592373     -0.644  39.583017    15.5440   10.56332     -0.639    31.5377    23.1867 -9.990e-29
 187.592378     -0.626  39.580187    15.5393   10.58268     -0.621    31.5389    23.1887 -9.990e-29
 187.592384     -0.606  39.574127    15.5307   10.60221     -0.601    31.5404    23.1917 -9.990e-29
 187.592390     -0.582  39.562424    15.5227   10.62099     -0.577    31.5364    23.1904 -9.990e-29
 187.592396     -0.553  39.547483    15.5181   10.64061     -0.548    31.5268    23.1840 -9.990e-29
 187.592402     -0.522  39.538048    15.5170   10.66254     -0.518    31.5193    23.1785 -9.990e-29
 187.592407     -0.495  39.536181    15.5186   10.67665     -0.491    31.5164    23.1759 -9.990e-29
 187.592413     -0.474  39.537769    15.5212   10.69178     -0.470    31.5157    23.1748 -9.990e-29
 187.592419     -0.458  39.539939    15.5243   10.70621     -0.454    31.5151    23.1737 -9.990e-29
 187.592425     -0.446  39.542279    15.5286   10.71844     -0.442    31.5138    23.1717 -9.990e-29
 187.592431     -0.438  39.546285    15.5337   10.72618     -0.434    31.5132    23.1702 -9.990e-29
 187.592436     -0.428  39.551185    15.5383   10.73589     -0.424    31.5139    23.1697 -9.990e-29
 187.592442     -0.408  39.554600    15.5407   10.74516     -0.405    31.5150    23.1700 -9.990e-29
 187.592448     -0.376  39.555531    15.5396    9.05669     -0.373    31.5167    23.1716 -9.990e-29
 187.592454     -0.339  39.553598    15.5361    7.19642     -0.336    31.5178    23.1732 -9.990e-29
 187.592459     -0.307  39.550210    15.5327    6.23797     -0.304    31.5175    23.1737 -9.990e-29
 187.592465     -0.291  39.547637    15.5300    6.09906     -0.289    31.5174    23.1742 -9.990e-29
 187.592471     -0.290  39.545873    15.5278    6.87096     -0.288    31.5175    23.1748 -9.990e-29
 187.592477     -0.295  39.544307    15.5263    7.47969     -0.293    31.5174    23.1750 -9.990e-29
 187.592483     -0.299  39.542591    15.5253    7.70722     -0.297    31.5166    23.1746 -9.990e-29
 187.592488     -0.296  39.540741    15.5248    7.82682     -0.294    31.5154    23.1738 -9.990e-29
 187.592494     -0.292  39.539715    15.5245    7.86844     -0.290    31.5147    23.1733 -9.990e-29
 187.592500     -0.290  39.539325    15.5240    7.89172     -0.288    31.5148    23.1735 -9.990e-29
 187.592506     -0.285  39.538548    15.5234    7.91019     -0.283    31.5146    23.1735 -9.990e-29
 187.592512     -0.274  39.537530    15.5231    7.92997     -0.272    31.5139    23.1730 -9.990e-29
 187.592517     -0.255  39.537215    15.5233    7.93907     -0.253    31.5134    23.1726 -9.990e-29
 187.592523     -0.232  39.537803    15.5237    7.94583     -0.230    31.5136    23.1727 -9.990e-29
 187.592529     -0.211  39.538455    15.5240    7.95023     -0.209    31.5140    23.1729 -9.990e-29
 187.592535     -0.192  39.538976    15.5244    7.93359     -0.190    31.5141    23.1729 -9.990e-29
 187.592541     -0.164  39.539560    15.5248    7.92964     -0.163    31.5143    23.1729 -9.990e-29
 187.592546     -0.126  39.539921    15.5249    7.93970     -0.125    31.5145    23.1731 -9.990e-29
 187.592552     -0.088  39.540040    15.5251    7.94639     -0.087    31.5145    23.1730 -9.990e-29
 187.592558     -0.061  39.540135    15.5261    7.94133     -0.060    31.5137    23.1722 -9.990e-29
 187.592564     -0.047  39.540390    15.5278    7.92433     -0.047    31.5126    23.1710 -9.990e-29
 187.592569     -0.041  39.541202    15.5293    7.90586     -0.041    31.5121    23.1703 -9.990e-29
 187.592575     -0.033  39.542592    15.5298    7.90434     -0.033    31.5129    23.1708 -9.990e-29
 187.592581     -0.016  39.543666    15.5291    7.92074     -0.016    31.5144    23.1721 -9.990e-29
 187.592587      0.012  39.543674    15.5279    7.92937      0.012    31.5154    23.1731 -9.990e-29
 187.592593      0.036  39.542686    15.5270    7.91974      0.036    31.5152    23.1732 -9.990e-29
 187.592598      0.045  39.541685    15.5275    7.89695      0.045    31.5139    23.1721 -9.990e-29
 187.592604      0.043  39.542200    15.5287    7.88343      0.043    31.5134    23.1714 -9.990e-29
 187.592610      0.039  39.544414    15.5291    7.87871      0.039    31.5151    23.1726 -9.990e-29
 187.592616      0.045  39.545731    15.5283    7.88725      0.045    31.5169    23.1742 -9.990e-29
 187.592622      0.071  39.543844    15.5265    7.89843      0.070    31.5167    23.1744 -9.990e-29
 187.592627      0.105  39.540194    15.5248    7.89516      0.104    31.5148    23.1733 -9.990e-29
 187.592633      0.127  39.538158    15.5251    7.89039      0.126    31.5127    23.1717 -9.990e-29
 187.592639      0.136  39.538957    15.5261    7.88094      0.135    31.5126    23.1714 -9.990e-29
 187.592645      0.140  39.540106    15.5261    7.87979      0.139    31.5136    23.1722 -9.990e-29
 187.592650      0.148  39.539770    15.5249    7.89052      0.147    31.5143    23.1729 -9.990e-29
 187.592656      0.165  39.538623    15.5231    7.89410      0.164    31.5147    23.1736 -9.990e-29
 187.592662      0.187  39.537377    15.5218    7.89600      0.185    31.5146    23.1739 -9.990e-29
 187.592668      0.208  39.536614    15.5216    7.88303      0.206    31.5141    23.1735 -9.990e-29
 187.592674      0.220  39.536433    15.5221    7.86867      0.218    31.5135    23.1730 -9.990e-29
 187.592679      0.224  39.536591    15.5227    7.86886      0.222    31.5132    23.1726 -9.990e-29
 187.592685      0.229  39.536736    15.5230    7.86946      0.227    31.5131    23.1724 -9.990e-29
 187.592691      0.239  39.536501    15.5226    7.87394      0.237    31.5132    23.1726 -9.990e-29
 187.592697      0.255  39.536131    15.5216    7.86475      0.253    31.5137    23.1732 -9.990e-29
 187.592703      0.278  39.535692    15.5199    7.86079      0.276    31.5146    23.1743 -9.990e-29
 187.592708      0.305  39.534597    15.5176    7.87528      0.302    31.5155    23.1754 -9.990e-29
 187.592714      0.329  39.532505    15.5159    7.88783      0.326    31.5150    23.1754 -9.990e-29
 187.592720      0.344  39.530550    15.5157    7.87333      0.341    31.5134    23.1743 -9.990e-29
 187.592726      0.346  39.530048    15.5169    7.85783      0.343    31.5120    23.1729 -9.990e-29
 187.592731      0.340  39.530890    15.5184    7.85041      0.337    31.5115    23.1722 -9.990e-29
 187.592737      0.333  39.531953    15.5190    7.85399      0.330    31.5120    23.1725 -9.990e-29
 187.592743      0.334  39.532409    15.5191    7.86144      0.331    31.5123    23.1727 -9.990e-29
 187.592749      0.347  39.532865    15.5192    7.85462      0.344    31.5126    23.1729 -9.990e-29
 187.592755      0.368  39.533366    15.5194    7.84821      0.365    31.5129    23.1731 -9.990e-29
 187.592760      0.390  39.533457    15.5192    7.84063      0.387    31.5132    23.1733 -9.990e-29
 187.592766      0.412  39.533255    15.5183    7.84640      0.409    31.5137    23.1739 -9.990e-29
 187.592772      0.433  39.532490    15.5164    7.85789      0.429    31.5145    23.1750 -9.990e-29
 187.592778      0.455  39.530700    15.5139    7.85565      0.451    31.5149    23.1758 -9.990e-29
 187.592784      0.476  39.528302    15.5131    7.84668      0.472    31.5134    23.1748 -9.990e-29
 187.592789      0.488  39.527705    15.5149    7.83191      0.484    31.5115    23.1729 -9.990e-29
 187.592795      0.492  39.529792    15.5175    7.83131      0.488    31.5112    23.1722 -9.990e-29
 187.592801      0.497  39.532296    15.5193    7.83744      0.493    31.5120    23.1724 -9.990e-29
 187.592807      0.507  39.533506    15.5201    7.84865      0.503    31.5124    23.1726 -9.990e-29
 187.592813      0.519  39.533353    15.5207    7.84118      0.515    31.5118    23.1720 -9.990e-29
 187.592818      0.525  39.532192    15.5212    7.83344      0.521    31.5104    23.1707 -9.990e-29
