data/oxygen options/OCNMS/OCNMS2/raw_data/2005/CTD_CA60_052405faed.cnv
* Sea-Bird SBE19 Data File:
* FileName = C:\Documents and Settings\kirner.PTANGELES\Desktop\hypoxia CTD data\CA60_052405.hex
* Software Version 1.1.5
* Temperature SN = 2997
* Conductivity SN = 2997
* System UpLoad Time = May 24 2005 15:28:48
* SEACAT PROFILER V3.1c SN 2997   05/24/05  15:28:05.584
* strain gauge pressure sensor: S/N = 184829,  range = 3000 psia,  tc = 40
# nquan = 9                                 
# nvalues = 743                         
# units = specified
# name 0 = timeJ: Julian Days
# name 1 = prSM: Pressure, Strain Gauge [db]
# name 2 = c0mS/cm: Conductivity [mS/cm]
# name 3 = t090C: Temperature [ITS-90, deg C]
# name 4 = oxML/L: Oxygen, Beckman/YSI [ml/l]
# name 5 = depSM: Depth [salt water, m], lat = 47.5
# name 6 = sal00: Salinity, Practical [PSU]
# name 7 = sigma-é00: Density [sigma-theta, kg/m^3]
# name 8 = flag: flag
# span 0 = 144.581609, 144.585903       
# span 1 =     -3.548,     62.213       
# span 2 =   0.177304,  37.013042       
# span 3 =     8.5139,    13.9203       
# span 4 =  -12.65239,   26.79558       
# span 5 =     -3.518,     61.684       
# span 6 =     0.1105,    33.4338       
# span 7 =    -0.5317,    25.9676       
# span 8 = 0.0000e+00, 0.0000e+00       
# interval = seconds: 0.5
# start_time = May 24 2005 13:57:31 [Instrument's time stamp, header]
# bad_flag = -9.990e-29
*END*
[from data line 481]
 144.584392     43.020  36.329895    10.8917    5.16279     42.657    32.3817    24.7571 0.0000e+00
 144.584398     43.457  36.280597    10.8270    5.05577     43.090    32.3898    24.7748 0.0000e+00
 144.584404     43.898  36.231491    10.7463    4.91595     43.527    32.4123    24.8063 0.0000e+00
 144.584410     44.354  36.165308    10.6456    4.76340     43.979    32.4355    24.8418 0.0000e+00
 144.584416     44.828  36.069735    10.5057    4.57612     44.449    32.4643    24.8882 0.0000e+00
 144.584421     45.313  35.952026    10.3168    4.37854     44.930    32.5148    24.9597 0.0000e+00
 144.584427     45.801  35.824175    10.1144    4.21301     45.414    32.5673    25.0347 0.0000e+00
 144.584433     46.288  35.697777     9.9318    4.06888     45.897    32.6036    25.0934 0.0000e+00
 144.584439     46.771  35.586604     9.7727    3.95028     46.375    32.6343    25.1435 0.0000e+00
 144.584444     47.248  35.494889     9.6294    3.84842     46.848    32.6705    25.1951 0.0000e+00
 144.584450     47.713  35.422536     9.5006    3.76675     47.309    32.7135    25.2496 0.0000e+00
 144.584456     48.163  35.367797     9.4003    3.72190     47.755    32.7487    25.2932 0.0000e+00
 144.584462     48.596  35.330545     9.3338    3.70002     48.185    32.7710    25.3213 0.0000e+00
 144.584468     49.019  35.308177     9.2918    3.69750     48.604    32.7863    25.3399 0.0000e+00
 144.584473     49.436  35.294960     9.2620    3.68625     49.018    32.7998    25.3552 0.0000e+00
 144.584479     49.853  35.287272     9.2293    3.66323     49.431    32.8218    25.3775 0.0000e+00
 144.584485     50.280  35.280463     9.1865    3.61574     49.854    32.8539    25.4095 0.0000e+00
 144.584491     50.722  35.273296     9.1391    3.55311     50.292    32.8900    25.4452 0.0000e+00
 144.584497     51.178  35.271344     9.0938    3.49249     50.745    32.9296    25.4833 0.0000e+00
 144.584502     51.638  35.277601     9.0545    3.43369     51.201    32.9723    25.5229 0.0000e+00
 144.584508     52.097  35.287499     9.0273    3.37489     51.656    33.0076    25.5548 0.0000e+00
 144.584514     52.558  35.295724     9.0091    3.34252     52.113    33.0328    25.5774 0.0000e+00
 144.584520     53.022  35.299778     8.9895    3.30604     52.573    33.0550    25.5978 0.0000e+00
 144.584525     53.488  35.300011     8.9670    3.26272     53.035    33.0760    25.6178 0.0000e+00
 144.584531     53.959  35.299531     8.9447    3.23547     53.502    33.0960    25.6369 0.0000e+00
 144.584537     54.432  35.299935     8.9224    3.21196     53.971    33.1170    25.6569 0.0000e+00
 144.584543     54.894  35.300070     8.8978    3.19153     54.429    33.1399    25.6786 0.0000e+00
 144.584549     55.336  35.298986     8.8684    3.17557     54.867    33.1660    25.7036 0.0000e+00
 144.584554     55.752  35.296352     8.8392    3.16151     55.279    33.1904    25.7273 0.0000e+00
 144.584560     56.138  35.293133     8.8254    3.15968     55.662    33.1998    25.7367 0.0000e+00
 144.584566     56.489  35.292317     8.8363    3.16503     56.010    33.1885    25.7263 0.0000e+00
 144.584572     56.807  35.294488     8.8596    3.14442     56.325    33.1689    25.7073 0.0000e+00
 144.584578     57.114  35.295245     8.8681    3.10156     56.629    33.1616    25.7002 0.0000e+00
 144.584583     57.441  35.292233     8.8373    3.03056     56.954    33.1871    25.7250 0.0000e+00
 144.584589     57.802  35.286488     8.7694    2.95580     57.312    33.2445    25.7805 0.0000e+00
 144.584595     58.205  35.278202     8.6932    2.88606     57.711    33.3073    25.8414 0.0000e+00
 144.584601     58.639  35.268653     8.6277    2.84126     58.141    33.3588    25.8918 0.0000e+00
 144.584606     59.087  35.259665     8.5767    2.82404     58.585    33.3973    25.9298 0.0000e+00
 144.584612     59.529  35.252130     8.5435    2.81212     59.024    33.4206    25.9531 0.0000e+00
 144.584618     59.956  35.246640     8.5263    2.80630     59.447    33.4309    25.9638 0.0000e+00
 144.584624     60.360  35.243150     8.5197    2.80830     59.847    33.4333    25.9667 0.0000e+00
 144.584630     60.732  35.242043     8.5187    2.80260     60.216    33.4329    25.9666 0.0000e+00
 144.584635     61.067  35.242396     8.5182    2.82047     60.548    33.4336    25.9672 0.0000e+00
 144.584641     61.365  35.241310     8.5166    2.83152     60.844    33.4338    25.9676 0.0000e+00
 144.584647     61.627  35.239017     8.5157    2.83248     61.104    33.4321    25.9664 0.0000e+00
 144.584653     61.844  35.238063     8.5167    2.82292     61.319    33.4301    25.9647 0.0000e+00
 144.584659     62.001  35.238855     8.5183    2.82194     61.474    33.4293    25.9638 -9.990e-29
 144.584664     62.098  35.239641     8.5188    2.84302     61.570    33.4296    25.9640 -9.990e-29
 144.584670     62.152  35.238663     8.5202    2.85438     61.624    33.4272    25.9619 -9.990e-29
 144.584676     62.164  35.236858     8.5255    2.85406     61.636    33.4203    25.9557 -9.990e-29
 144.584682     62.131  35.236304     8.5326    2.84680     61.603    33.4130    25.9489 -9.990e-29
 144.584688     62.060  35.236820     8.5361    2.85132     61.533    33.4103    25.9462 -9.990e-29
 144.584693     61.968  35.236849     8.5359    2.85333     61.442    33.4105    25.9465 -9.990e-29
 144.584699     61.870  35.236431     8.5366    2.86013     61.344    33.4095    25.9455 -9.990e-29
 144.584705     61.768  35.236691     8.5384    2.84854     61.243    33.4081    25.9442 -9.990e-29
 144.584711     61.657  35.237412     8.5379    2.83757     61.133    33.4094    25.9452 -9.990e-29
 144.584716     61.532  35.237312     8.5354    2.83252     61.009    33.4117    25.9474 -9.990e-29
 144.584722     61.400  35.236256     8.5335    2.82829     60.878    33.4124    25.9483 -9.990e-29
 144.584728     61.264  35.235638     8.5321    2.84155     60.744    33.4132    25.9491 -9.990e-29
 144.584734     61.121  35.235754     8.5299    2.84209     60.602    33.4155    25.9512 -9.990e-29
 144.584740     60.964  35.235074     8.5257    2.83124     60.446    33.4188    25.9545 -9.990e-29
 144.584745     60.806  35.232689     8.5207    2.82962     60.290    33.4211    25.9570 -9.990e-29
 144.584751     60.671  35.229905     8.5174    2.82245     60.156    33.4213    25.9577 -9.990e-29
 144.584757     60.575  35.228055     8.5159    2.81309     60.061    33.4209    25.9576 -9.990e-29
 144.584763     60.522  35.226912     8.5160    2.82368     60.008    33.4196    25.9565 -9.990e-29
 144.584769     60.499  35.226634     8.5173    2.83451     59.985    33.4181    25.9552 -9.990e-29
 144.584774     60.487  35.227409     8.5182    2.82882     59.973    33.4180    25.9550 -9.990e-29
 144.584780     60.474  35.228023     8.5181    2.82427     59.960    33.4188    25.9556 -9.990e-29
 144.584786     60.457  35.227609     8.5174    2.81182     59.944    33.4190    25.9559 -9.990e-29
 144.584792     60.446  35.226735     8.5166    2.81111     59.933    33.4189    25.9559 -9.990e-29
 144.584797     60.443  35.225916     8.5158    2.81218     59.930    33.4188    25.9559 -9.990e-29
 144.584803     60.453  35.225179     8.5152    2.82230     59.940    33.4185    25.9559 -9.990e-29
 144.584809     60.480  35.224661     8.5151    2.83477     59.966    33.4181    25.9555 -9.990e-29
 144.584815     60.522  35.224231     8.5154    2.82463     60.008    33.4173    25.9549 -9.990e-29
 144.584821     60.581  35.223874     8.5157    2.81609     60.067    33.4166    25.9543 -9.990e-29
 144.584826     60.670  35.223673     8.5157    2.81682     60.155    33.4164    25.9541 -9.990e-29
 144.584832     60.798  35.223358     8.5152    2.81115     60.282    33.4165    25.9542 -9.990e-29
 144.584838     60.966  35.223069     8.5144    2.81820     60.448    33.4168    25.9546 -9.990e-29
 144.584844     61.162  35.222978     8.5139    2.81968     60.643    33.4171    25.9549 -9.990e-29
 144.584850     61.373  35.222959     8.5141    2.81877     60.852    33.4168    25.9547 -9.990e-29
 144.584855     61.584  35.222984     8.5147    2.80777     61.061    33.4162    25.9541 -9.990e-29
 144.584861     61.777  35.223079     8.5151    2.81208     61.252    33.4158    25.9537 -9.990e-29
 144.584867     61.944  35.223370     8.5151    2.81288     61.418    33.4160    25.9539 0.0000e+00
 144.584873     62.077  35.223680     8.5152    2.81646     61.550    33.4162    25.9540 -9.990e-29
 144.584878     62.169  35.223858     8.5155    2.80768     61.641    33.4161    25.9539 -9.990e-29
 144.584884     62.213  35.224138     8.5157    2.80123     61.684    33.4162    25.9539 -9.990e-29
 144.584890     62.211  35.224329     8.5155    2.80812     61.682    33.4165    25.9543 -9.990e-29
 144.584896     62.171  35.224124     8.5155    2.80636     61.643    33.4163    25.9541 -9.990e-29
 144.584902     62.096  35.223809     8.5154    2.80449     61.568    33.4161    25.9540 -9.990e-29
 144.584907     61.980  35.223524     8.5151    2.81473     61.453    33.4162    25.9540 -9.990e-29
 144.584913     61.821  35.222884     8.5150    2.80960     61.296    33.4157    25.9537 0.0000e+00
 144.584919     61.626  35.222156     8.5152    2.80545     61.103    33.4148    25.9529 0.0000e+00
 144.584925     61.407  35.222052     8.5156    2.80973     60.885    33.4144    25.9526 0.0000e+00
 144.584931     61.172  35.222432     8.5160    2.81120     60.652    33.4146    25.9526 0.0000e+00
 144.584936     60.919  35.222680     8.5163    2.80895     60.402    33.4146    25.9526 0.0000e+00
 144.584942     60.640  35.222568     8.5162    2.80273     60.125    33.4148    25.9527 0.0000e+00
 144.584948     60.336  35.221944     8.5158    2.80830     59.824    33.4146    25.9527 0.0000e+00
 144.584954     60.011  35.221095     8.5157    2.81279     59.501    33.4140    25.9522 0.0000e+00
 144.584959     59.667  35.220571     8.5164    2.81756     59.160    33.4129    25.9512 0.0000e+00
 144.584965     59.303  35.220234     8.5191    2.82486     58.800    33.4102    25.9487 0.0000e+00
 144.584971     58.922  35.220194     8.5265    2.85526     58.422    33.4033    25.9422 0.0000e+00
 144.584977     58.526  35.220396     8.5422    2.88347     58.029    33.3888    25.9284 0.0000e+00
 144.584983     58.117  35.221112     8.5652    2.90621     57.624    33.3680    25.9086 0.0000e+00
 144.584988     57.706  35.223295     8.5869    2.92639     57.216    33.3500    25.8912 0.0000e+00
 144.584994     57.296  35.225935     8.6050    2.93203     56.810    33.3359    25.8773 0.0000e+00
 144.585000     56.886  35.228073     8.6311    2.94764     56.403    33.3137    25.8560 0.0000e+00
 144.585006     56.479  35.231441     8.6645    2.96983     56.000    33.2860    25.8291 0.0000e+00
 144.585012     56.081  35.236045     8.6857    2.99769     55.605    33.2711    25.8142 0.0000e+00
 144.585017     55.692  35.239059     8.6859    3.00927     55.220    33.2742    25.8166 0.0000e+00
 144.585023     55.311  35.239463     8.6731    3.03392     54.842    33.2869    25.8285 0.0000e+00
 144.585029     54.933  35.237798     8.6671    3.08694     54.467    33.2909    25.8326 0.0000e+00
 144.585035     54.542  35.235769     8.6956    3.16746     54.080    33.2622    25.8056 0.0000e+00
 144.585041     54.129  35.236831     8.7689    3.26424     53.670    33.1947    25.7415 0.0000e+00
 144.585046     53.699  35.241835     8.8570    3.33689     53.244    33.1177    25.6676 0.0000e+00
 144.585052     53.258  35.247365     8.9199    3.40330     52.807    33.0651    25.6166 0.0000e+00
 144.585058     52.822  35.250716     8.9491    3.43327     52.374    33.0416    25.5936 0.0000e+00
 144.585064     52.408  35.253012     8.9589    3.45309     51.964    33.0351    25.5870 0.0000e+00
 144.585069     52.017  35.255084     8.9648    3.49600     51.576    33.0319    25.5836 0.0000e+00
 144.585075     51.636  35.255213     8.9774    3.56396     51.199    33.0205    25.5727 0.0000e+00
 144.585081     51.259  35.252446     9.0089    3.63589     50.825    32.9886    25.5428 0.0000e+00
 144.585087     50.874  35.244776     9.0584    3.70081     50.443    32.9349    25.4930 0.0000e+00
 144.585093     50.473  35.233189     9.1056    3.78292     50.046    32.8794    25.4422 0.0000e+00
 144.585098     50.062  35.224662     9.1447    3.85154     49.638    32.8347    25.4011 0.0000e+00
 144.585104     49.648  35.221852     9.1820    3.94561     49.228    32.7977    25.3662 0.0000e+00
 144.585110     49.235  35.223452     9.2181    4.04926     48.818    32.7664    25.3360 0.0000e+00
 144.585116     48.821  35.228803     9.2587    4.12885     48.408    32.7348    25.3049 0.0000e+00
 144.585122     48.403  35.239077     9.3183    4.21636     47.993    32.6910    25.2612 0.0000e+00
 144.585127     47.971  35.257908     9.4272    4.35354     47.565    32.6112    25.1814 0.0000e+00
 144.585133     47.527  35.297720     9.5986    4.49339     47.125    32.4967    25.0643 0.0000e+00
 144.585139     47.085  35.372378     9.7662    4.65926     46.687    32.4218    24.9786 0.0000e+00
 144.585145     46.656  35.453634     9.8547    4.80428     46.261    32.4250    24.9666 0.0000e+00
 144.585150     46.247  35.494588     9.8857    4.91172     45.856    32.4389    24.9724 0.0000e+00
 144.585156     45.857  35.503365     9.9266    5.00505     45.469    32.4112    24.9441 0.0000e+00
 144.585162     45.474  35.523096    10.0239    5.12497     45.090    32.3442    24.8757 0.0000e+00
 144.585168     45.083  35.577303    10.2110    5.25049     44.702    32.2322    24.7572 0.0000e+00
 144.585174     44.676  35.702959    10.4472    5.42594     44.298    32.1493    24.6527 0.0000e+00
 144.585179     44.261  35.891584    10.6233    5.57028     43.887    32.1824    24.6485 0.0000e+00
 144.585185     43.849  36.036455    10.7073    5.66609     43.478    32.2528    24.6888 0.0000e+00
 144.585191     43.446  36.098118    10.7474    5.75523     43.079    32.2789    24.7022 0.0000e+00
 144.585197     43.046  36.124081    10.8008    5.83204     42.682    32.2578    24.6765 0.0000e+00
 144.585203     42.646  36.161323    10.9336    5.92220     42.286    32.1781    24.5913 0.0000e+00
 144.585208     42.245  36.279707    11.1349    5.99746     41.888    32.1190    24.5100 0.0000e+00
 144.585214     41.844  36.466076    11.2928    6.04250     41.491    32.1645    24.5173 0.0000e+00
 144.585220     41.443  36.592149    11.3626    6.06692     41.093    32.2274    24.5537 0.0000e+00
 144.585226     41.042  36.632637    11.3929    6.07480     40.695    32.2408    24.5587 0.0000e+00
 144.585231     40.645  36.652790    11.4255    6.06051     40.302    32.2322    24.5462 0.0000e+00
 144.585237     40.257  36.682870    11.4675    6.07093     39.917    32.2252    24.5331 0.0000e+00
 144.585243     39.879  36.728237    11.5084    6.07735     39.542    32.2340    24.5326 0.0000e+00
 144.585249     39.513  36.770338    11.5442    6.08333     39.179    32.2441    24.5339 0.0000e+00
 144.585255     39.152  36.803654    11.5705    6.09590     38.822    32.2538    24.5367 0.0000e+00
 144.585260     38.782  36.827769    11.5918    6.08482     38.455    32.2589    24.5368 0.0000e+00
 144.585266     38.393  36.842339    11.6255    6.08224     38.069    32.2440    24.5191 0.0000e+00
 144.585272     37.980  36.870740    11.6648    6.08236     37.660    32.2376    24.5070 0.0000e+00
 144.585278     37.552  36.911046    11.6892    6.08162     37.235    32.2558    24.5166 0.0000e+00
 144.585284     37.125  36.935716    11.6980    6.08262     36.812    32.2723    24.5278 0.0000e+00
 144.585289     36.700  36.944027    11.7010    6.06146     36.390    32.2779    24.5316 0.0000e+00
 144.585295     36.268  36.948767    11.7047    6.05799     35.962    32.2795    24.5322 0.0000e+00
 144.585301     35.828  36.953472    11.7102    6.05129     35.526    32.2795    24.5311 0.0000e+00
 144.585307     35.385  36.958828    11.7141    6.04885     35.087    32.2815    24.5320 0.0000e+00
