data/oxygen options/OCNMS/OCNMS2/raw_data/2005/CTD_CE60_052505faedb.cnv
* Sea-Bird SBE19 Data File:
* FileName = C:\Documents and Settings\kirner.PTANGELES\Desktop\hypoxia CTD data\CE60__052505.hex
* Software Version 1.1.5
* Temperature SN = 2997
* Conductivity SN = 2997
* System UpLoad Time = May 25 2005 18:06:05
* SEACAT PROFILER V3.1c SN 2997   05/25/05  18:05:01.700
* strain gauge pressure sensor: S/N = 184829,  range = 3000 psia,  tc = 40
# nquan = 9
# nvalues = 59                          
# units = specified
# name 0 = timeJ: Julian Days
# name 1 = prSM: Pressure, Strain Gauge [db]
# name 2 = c0mS/cm: Conductivity [mS/cm]
# name 3 = t090C: Temperature [ITS-90, deg C]
# name 4 = oxML/L: Oxygen, Beckman/YSI [ml/l]
# name 5 = depSM: Depth [salt water, m], lat = 47.5
# name 6 = sal00: Salinity, Practical [PSU]
# name 7 = sigma-é00: Density [sigma-theta, kg/m^3]
# name 8 = flag: flag
# span 0 = 145.561732, 145.562491       
# span 1 =      3.000,     61.000       
# span 2 =  33.434594,  36.388396       
# span 3 =     8.8278,    14.6222       
# span 4 =    2.78248,    6.18734       
# span 5 =      2.975,     60.482       
# span 6 =    26.9290,    33.3395       
# span 7 =    19.8368,    25.8458       
# span 8 = 0.0000e+00, 0.0000e+00       
# interval = decibars: 1                
# start_time = May 25 2005 13:24:41 [Instrument's time stamp, header]
# bad_flag = -9.990e-29
*END*
 145.561732      3.000  33.615349    14.6222    6.11047      2.975    26.9290    19.8368 0.0000e+00
 145.561756      4.000  33.519814    14.2546    6.16264      3.967    27.0996    20.0413 0.0000e+00
 145.561772      5.000  33.434594    14.0572    6.16297      4.958    27.1614    20.1278 0.0000e+00
 145.561786      6.000  33.465413    13.9857    6.13552      5.950    27.2393    20.2018 0.0000e+00
 145.561800      7.000  33.593784    13.9145    6.00462      6.942    27.4053    20.3436 0.0000e+00
 145.561812      8.000  33.797236    13.7862    6.05411      7.933    27.6811    20.5812 0.0000e+00
 145.561825      9.000  34.307145    13.5300    6.14571      8.925    28.3332    21.1339 0.0000e+00
 145.561836     10.000  35.103467    13.2972    6.15587      9.917    29.2402    21.8789 0.0000e+00
 145.561849     11.000  35.529308    13.1712    6.13437     10.908    29.7314    22.2826 0.0000e+00
 145.561861     12.000  35.736240    13.0505    6.10959     11.900    30.0184    22.5277 0.0000e+00
 145.561873     13.000  35.982729    12.9018    6.08773     12.891    30.3668    22.8255 0.0000e+00
 145.561885     14.000  36.145877    12.7733    6.09149     13.883    30.6232    23.0485 0.0000e+00
 145.561896     15.000  36.230538    12.6628    6.07071     14.874    30.7926    23.2006 0.0000e+00
 145.561908     16.000  36.269545    12.5877    6.08633     15.866    30.8906    23.2906 0.0000e+00
 145.561919     17.000  36.293252    12.5273    6.11166     16.857    30.9623    23.3576 0.0000e+00
 145.561930     18.000  36.333308    12.4802    6.14702     17.849    31.0387    23.4256 0.0000e+00
 145.561941     19.000  36.363113    12.4649    6.18022     18.840    31.0792    23.4600 0.0000e+00
 145.561953     20.000  36.373122    12.4624    6.18734     19.832    31.0904    23.4691 0.0000e+00
 145.561965     21.000  36.375847    12.4590    6.18673     20.824    31.0954    23.4736 0.0000e+00
 145.561976     22.000  36.378140    12.4483    6.17368     21.815    31.1061    23.4839 0.0000e+00
 145.561988     23.000  36.378377    12.4285    6.15990     22.807    31.1222    23.5001 0.0000e+00
 145.562000     24.000  36.373567    12.4046    6.12891     23.798    31.1371    23.5162 0.0000e+00
 145.562011     25.000  36.365569    12.3871    6.10990     24.790    31.1437    23.5246 0.0000e+00
 145.562023     26.000  36.359073    12.3675    6.10286     25.781    31.1534    23.5358 0.0000e+00
 145.562035     27.000  36.356848    12.3498    6.08977     26.773    31.1655    23.5486 0.0000e+00
 145.562048     28.000  36.358309    12.3284    6.09859     27.764    31.1843    23.5671 0.0000e+00
 145.562059     29.000  36.363336    12.3102    6.11056     28.756    31.2038    23.5856 0.0000e+00
 145.562071     30.000  36.371016    12.3044    6.13019     29.748    31.2155    23.5959 0.0000e+00
 145.562082     31.000  36.374437    12.2985    6.13682     30.739    31.2233    23.6030 0.0000e+00
 145.562093     32.000  36.377071    12.2938    6.14381     31.730    31.2294    23.6086 0.0000e+00
 145.562104     33.000  36.380706    12.2917    6.14986     32.722    31.2342    23.6128 0.0000e+00
 145.562115     34.000  36.383936    12.2902    6.14306     33.714    31.2382    23.6162 0.0000e+00
 145.562128     35.000  36.384566    12.2891    6.15352     34.705    31.2393    23.6172 0.0000e+00
 145.562139     36.000  36.386146    12.2875    6.16537     35.696    31.2417    23.6195 0.0000e+00
 145.562152     37.000  36.388396    12.2806    6.18387     36.687    31.2492    23.6266 0.0000e+00
 145.562164     38.000  36.386299    12.2641    6.15786     37.679    31.2606    23.6386 0.0000e+00
 145.562176     39.000  36.378588    12.2300    6.00448     38.671    31.2813    23.6609 0.0000e+00
 145.562188     40.000  36.358133    12.1413    5.82933     39.662    31.3355    23.7194 0.0000e+00
 145.562200     41.000  36.294978    11.9586    5.70595     40.654    31.4280    23.8249 0.0000e+00
 145.562212     42.000  36.186038    11.7336    5.64719     41.645    31.5126    23.9315 0.0000e+00
 145.562224     43.000  36.076885    11.5462    5.53527     42.637    31.5656    24.0067 0.0000e+00
 145.562237     44.000  35.993972    11.3860    5.27088     43.628    31.6212    24.0785 0.0000e+00
 145.562249     45.000  35.900120    11.1317    4.89323     44.620    31.7473    24.2216 0.0000e+00
 145.562262     46.000  35.748554    10.6829    4.47692     45.611    31.9867    24.4860 0.0000e+00
 145.562275     47.000  35.582441    10.2354    4.16915     46.603    32.2151    24.7397 0.0000e+00
 145.562287     48.000  35.482641     9.9026    3.97252     47.594    32.4111    24.9479 0.0000e+00
 145.562298     49.000  35.419803     9.6651    3.82904     48.585    32.5607    25.1036 0.0000e+00
 145.562310     50.000  35.408688     9.5043    3.71979     49.577    32.6950    25.2346 0.0000e+00
 145.562323     51.000  35.430174     9.4007    3.65533     50.568    32.8112    25.3420 0.0000e+00
 145.562338     52.000  35.443226     9.3557    3.55844     51.559    32.8656    25.3918 0.0000e+00
 145.562352     53.000  35.448880     9.3065    3.35469     52.551    32.9162    25.4391 0.0000e+00
 145.562365     54.000  35.453905     9.1571    3.03094     53.542    33.0591    25.5747 0.0000e+00
 145.562378     55.000  35.452593     8.9471    2.82777     54.534    33.2529    25.7594 0.0000e+00
 145.562391     56.000  35.444425     8.8674    2.78248     55.525    33.3186    25.8233 0.0000e+00
 145.562404     57.000  35.438449     8.8418    2.79659     56.517    33.3359    25.8409 0.0000e+00
 145.562418     58.000  35.432557     8.8317    2.82901     57.508    33.3388    25.8447 0.0000e+00
 145.562433     59.000  35.430600     8.8283    2.84601     58.499    33.3395    25.8458 0.0000e+00
 145.562448     60.000  35.429783     8.8278    2.84091     59.491    33.3386    25.8452 0.0000e+00
 145.562491     61.000  35.428024     8.8306    2.83844     60.482    33.3337    25.8409 0.0000e+00
