data/oxygen options/OCNMS/OCNMS2/raw_data/2005/CTD_CE30_070605faed.cnv
* Sea-Bird SBE19 Data File:
* FileName = C:\Hypoxia Data\CE30_070605.hex
* Software Version 1.1.6
* Temperature SN = 2997
* Conductivity SN = 2997
* System UpLoad Time = Jul 06 2005 16:08:48
* SEACAT PROFILER V3.1c SN 2997   07/06/05  16:09:17.917
* strain gauge pressure sensor: S/N = 184829,  range = 3000 psia,  tc = 40
# nquan = 9                                 
# nvalues = 559                         
# units = specified
# name 0 = timeJ: Julian Days
# name 1 = prSM: Pressure, Strain Gauge [db]
# name 2 = c0mS/cm: Conductivity [mS/cm]
# name 3 = t090C: Temperature [ITS-90, deg C]
# name 4 = oxML/L: Oxygen, Beckman/YSI [ml/l]
# name 5 = depSM: Depth [salt water, m], lat = 47.5
# name 6 = sal00: Salinity, Practical [PSU]
# name 7 = sigma-é00: Density [sigma-theta, kg/m^3]
# name 8 = flag: flag
# span 0 = 187.577951, 187.581181       
# span 1 =     -3.272,     30.432       
# span 2 =  11.266997,  38.814519       
# span 3 =    10.1398,    15.6322       
# span 4 =   -0.09616,   23.96688       
# span 5 =     -3.245,     30.176       
# span 6 =     8.6421,    32.3741       
# span 7 =     5.7440,    24.8742       
# span 8 = 0.0000e+00, 0.0000e+00       
# interval = seconds: 0.5
# start_time = Jul 06 2005 13:52:15 [Instrument's time stamp, header]
# bad_flag = -9.990e-29
*END*
[from data line 321]
 187.579809      2.719  38.769702    14.9809    7.37662      2.696    31.2610    23.0954 -9.990e-29
 187.579815      2.732  38.776099    14.9724    7.37748      2.709    31.2736    23.1069 -9.990e-29
 187.579821      2.748  38.784162    14.9685    7.38567      2.725    31.2839    23.1157 -9.990e-29
 187.579826      2.758  38.786693    14.9693    7.37285      2.735    31.2856    23.1168 -9.990e-29
 187.579832      2.756  38.783702    14.9720    7.37418      2.733    31.2807    23.1125 -9.990e-29
 187.579838      2.744  38.779616    14.9755    7.38002      2.721    31.2742    23.1068 -9.990e-29
 187.579844      2.731  38.775720    14.9781    7.39338      2.708    31.2687    23.1019 -9.990e-29
 187.579850      2.724  38.774113    14.9774    7.38191      2.701    31.2678    23.1014 -9.990e-29
 187.579855      2.728  38.776584    14.9734    7.35907      2.705    31.2732    23.1064 -9.990e-29
 187.579861      2.742  38.781382    14.9683    7.34235      2.719    31.2816    23.1139 -9.990e-29
 187.579867      2.764  38.785373    14.9642    7.35729      2.741    31.2885    23.1201 -9.990e-29
 187.579873      2.786  38.787150    14.9608    7.39365      2.763    31.2928    23.1241 -9.990e-29
 187.579878      2.804  38.789642    14.9582    7.39480      2.781    31.2971    23.1280 -9.990e-29
 187.579884      2.817  38.794491    14.9592    7.37895      2.793    31.3006    23.1305 -9.990e-29
 187.579890      2.816  38.793583    14.9656    7.37793      2.792    31.2947    23.1246 -9.990e-29
 187.579896      2.802  38.783463    14.9739    7.38529      2.779    31.2790    23.1107 -9.990e-29
 187.579902      2.785  38.773637    14.9783    7.40481      2.762    31.2666    23.1003 -9.990e-29
 187.579907      2.774  38.770079    14.9767    7.40393      2.751    31.2647    23.0992 -9.990e-29
 187.579913      2.764  38.771974    14.9735    7.39432      2.741    31.2690    23.1031 -9.990e-29
 187.579919      2.754  38.774563    14.9732    7.39025      2.731    31.2715    23.1052 -9.990e-29
 187.579925      2.747  38.773446    14.9759    7.39856      2.724    31.2684    23.1022 -9.990e-29
 187.579931      2.740  38.769941    14.9793    7.39681      2.717    31.2625    23.0969 -9.990e-29
 187.579936      2.730  38.766105    14.9815    7.39553      2.707    31.2573    23.0924 -9.990e-29
 187.579942      2.723  38.762437    14.9841    7.37647      2.700    31.2520    23.0878 -9.990e-29
 187.579948      2.722  38.758536    14.9868    7.37737      2.699    31.2463    23.0828 -9.990e-29
 187.579954      2.736  38.755934    14.9852    7.38739      2.713    31.2452    23.0824 -9.990e-29
 187.579959      2.760  38.756773    14.9796    7.40641      2.737    31.2505    23.0876 -9.990e-29
 187.579965      2.780  38.758812    14.9756    7.41912      2.757    31.2555    23.0923 -9.990e-29
 187.579971      2.784  38.759723    14.9767    7.39646      2.761    31.2554    23.0920 -9.990e-29
 187.579977      2.772  38.758478    14.9826    7.38817      2.749    31.2496    23.0863 -9.990e-29
 187.579983      2.757  38.753978    14.9885    7.37767      2.734    31.2408    23.0783 -9.990e-29
 187.579988      2.749  38.749202    14.9884    7.37192      2.726    31.2366    23.0750 -9.990e-29
 187.579994      2.754  38.749003    14.9820    7.38955      2.731    31.2416    23.0802 -9.990e-29
 187.580000      2.771  38.754243    14.9736    7.38683      2.748    31.2530    23.0908 -9.990e-29
 187.580006      2.796  38.761813    14.9679    7.38331      2.773    31.2643    23.1007 -9.990e-29
 187.580012      2.820  38.766103    14.9672    7.38837      2.796    31.2687    23.1043 -9.990e-29
 187.580017      2.834  38.764982    14.9689    7.37788      2.810    31.2664    23.1021 -9.990e-29
 187.580023      2.844  38.762001    14.9693    7.38062      2.820    31.2634    23.0997 -9.990e-29
 187.580029      2.860  38.759921    14.9674    7.38668      2.836    31.2630    23.0998 -9.990e-29
 187.580035      2.881  38.758217    14.9654    7.39599      2.857    31.2631    23.1003 -9.990e-29
 187.580041      2.897  38.756301    14.9652    7.40134      2.873    31.2615    23.0991 -9.990e-29
 187.580046      2.905  38.754984    14.9672    7.39469      2.881    31.2587    23.0966 -9.990e-29
 187.580052      2.908  38.754196    14.9706    7.37258      2.884    31.2553    23.0932 -9.990e-29
 187.580058      2.908  38.753449    14.9736    7.37325      2.884    31.2522    23.0902 -9.990e-29
 187.580064      2.909  38.752685    14.9733    7.38715      2.885    31.2518    23.0899 -9.990e-29
 187.580069      2.911  38.752006    14.9686    7.40785      2.887    31.2549    23.0933 -9.990e-29
 187.580075      2.908  38.751987    14.9639    7.41684      2.884    31.2587    23.0972 -9.990e-29
 187.580081      2.903  38.752576    14.9639    7.41766      2.879    31.2592    23.0976 -9.990e-29
 187.580087      2.893  38.752660    14.9693    7.40723      2.869    31.2550    23.0932 -9.990e-29
 187.580093      2.887  38.752327    14.9777    7.40539      2.863    31.2479    23.0860 -9.990e-29
 187.580098      2.894  38.752230    14.9849    7.41102      2.870    31.2421    23.0800 -9.990e-29
 187.580104      2.908  38.752220    14.9868    7.41018      2.884    31.2406    23.0784 -9.990e-29
 187.580110      2.924  38.752820    14.9845    7.40693      2.900    31.2429    23.0807 -9.990e-29
 187.580116      2.932  38.753686    14.9823    7.38958      2.908    31.2455    23.0832 -9.990e-29
 187.580122      2.930  38.753702    14.9811    7.38746      2.906    31.2464    23.0842 -9.990e-29
 187.580127      2.921  38.753428    14.9794    7.39174      2.897    31.2476    23.0854 -9.990e-29
 187.580133      2.914  38.753596    14.9762    7.38848      2.890    31.2503    23.0881 -9.990e-29
 187.580139      2.912  38.753846    14.9716    7.37946      2.888    31.2542    23.0921 -9.990e-29
 187.580145      2.916  38.753925    14.9674    7.37756      2.892    31.2576    23.0957 -9.990e-29
 187.580150      2.925  38.753914    14.9653    7.38375      2.901    31.2593    23.0974 -9.990e-29
 187.580156      2.935  38.753773    14.9648    7.39262      2.910    31.2595    23.0977 -9.990e-29
 187.580162      2.943  38.753849    14.9647    7.38858      2.918    31.2597    23.0978 -9.990e-29
 187.580168      2.951  38.754218    14.9660    7.38271      2.926    31.2590    23.0970 -9.990e-29
 187.580174      2.953  38.754229    14.9699    7.39442      2.928    31.2559    23.0938 -9.990e-29
 187.580179      2.949  38.753870    14.9738    7.40277      2.924    31.2524    23.0903 -9.990e-29
 187.580185      2.950  38.753760    14.9749    7.40152      2.925    31.2514    23.0893 -9.990e-29
 187.580191      2.957  38.754292    14.9741    7.38291      2.932    31.2526    23.0904 -9.990e-29
 187.580197      2.969  38.755030    14.9735    7.37322      2.944    31.2537    23.0914 -9.990e-29
 187.580203      2.981  38.755251    14.9734    7.38729      2.956    31.2540    23.0916 -9.990e-29
 187.580208      2.993  38.755225    14.9733    7.40935      2.968    31.2540    23.0917 -9.990e-29
 187.580214      3.004  38.755453    14.9736    7.41044      2.979    31.2540    23.0916 -9.990e-29
 187.580220      3.008  38.755654    14.9756    7.38995      2.983    31.2526    23.0900 -9.990e-29
 187.580226      3.006  38.755511    14.9795    7.38204      2.981    31.2493    23.0867 -9.990e-29
 187.580231      3.003  38.755370    14.9824    7.39552      2.978    31.2469    23.0842 -9.990e-29
 187.580237      3.010  38.755581    14.9807    7.42947      2.985    31.2484    23.0858 -9.990e-29
 187.580243      3.034  38.755842    14.9760    7.45004      3.009    31.2524    23.0898 -9.990e-29
 187.580249      3.057  38.755915    14.9747    7.41130      3.031    31.2535    23.0910 -9.990e-29
 187.580255      3.065  38.754751    14.9832    7.36827      3.039    31.2456    23.0831 -9.990e-29
 187.580260      3.058  38.749089    15.0073    7.35078      3.032    31.2213    23.0592 -9.990e-29
 187.580266      3.049  38.731915    15.0348    7.37464      3.024    31.1840    23.0246 -9.990e-29
 187.580272      3.049  38.713397    15.0380    7.39703      3.024    31.1648    23.0092 -9.990e-29
 187.580278      3.058  38.717623    15.0189    7.41283      3.032    31.1838    23.0279 -9.990e-29
 187.580284      3.069  38.736753    15.0026    7.40606      3.043    31.2140    23.0546 -9.990e-29
 187.580289      3.079  38.748595    14.9986    7.38729      3.053    31.2278    23.0661 -9.990e-29
 187.580295      3.086  38.750958    15.0032    7.38375      3.060    31.2263    23.0639 -9.990e-29
 187.580301      3.098  38.748646    15.0117    7.38755      3.072    31.2174    23.0553 -9.990e-29
 187.580307      3.118  38.743603    15.0154    7.41956      3.092    31.2099    23.0487 -9.990e-29
 187.580312      3.143  38.741981    15.0102    7.44478      3.117    31.2126    23.0519 -9.990e-29
 187.580318      3.167  38.747765    15.0054    7.45414      3.141    31.2216    23.0599 -9.990e-29
 187.580324      3.183  38.752379    15.0082    7.44816      3.156    31.2235    23.0607 -9.990e-29
 187.580330      3.186  38.751290    15.0202    7.42434      3.159    31.2129    23.0501 -9.990e-29
 187.580336      3.187  38.745824    15.0437    7.40499      3.160    31.1893    23.0268 -9.990e-29
 187.580341      3.202  38.734280    15.0693    7.39671      3.175    31.1585    22.9977 -9.990e-29
 187.580347      3.240  38.721996    15.0796    7.41039      3.213    31.1393    22.9807 -9.990e-29
 187.580353      3.304  38.717817    15.0703    7.41129      3.276    31.1430    22.9855 -9.990e-29
 187.580359      3.395  38.722882    15.0515    7.38903      3.367    31.1624    23.0045 -9.990e-29
 187.580365      3.508  38.732706    15.0363    7.37122      3.479    31.1833    23.0238 -9.990e-29
 187.580370      3.647  38.740167    15.0273    7.34448      3.617    31.1971    23.0364 0.0000e+00
 187.580376      3.820  38.743967    15.0143    7.33042      3.788    31.2108    23.0497 0.0000e+00
 187.580382      4.036  38.750827    14.9908    7.31778      4.002    31.2357    23.0739 0.0000e+00
 187.580388      4.293  38.763699    14.9628    7.30923      4.257    31.2696    23.1059 0.0000e+00
 187.580394      4.589  38.780089    14.9352    7.30238      4.551    31.3063    23.1400 0.0000e+00
 187.580399      4.910  38.793215    14.9057    7.30088      4.869    31.3416    23.1735 0.0000e+00
 187.580405      5.248  38.793062    14.8736    7.31303      5.204    31.3672    23.2000 0.0000e+00
 187.580411      5.604  38.778275    14.8401    7.30983      5.557    31.3807    23.2175 0.0000e+00
 187.580417      5.982  38.756028    14.8065    7.31745      5.932    31.3875    23.2299 0.0000e+00
 187.580422      6.385  38.731403    14.7717    7.32469      6.332    31.3932    23.2416 0.0000e+00
 187.580428      6.809  38.704627    14.7326    7.33500      6.752    31.4004    23.2554 0.0000e+00
 187.580434      7.247  38.674742    14.6893    7.32712      7.186    31.4082    23.2706 0.0000e+00
 187.580440      7.689  38.644497    14.6482    7.32734      7.625    31.4138    23.2836 0.0000e+00
 187.580446      8.123  38.618400    14.6169    7.31522      8.055    31.4154    23.2913 0.0000e+00
 187.580451      8.552  38.599197    14.5967    7.29684      8.480    31.4141    23.2946 0.0000e+00
 187.580457      8.982  38.586492    14.5822    7.29260      8.907    31.4142    23.2977 0.0000e+00
 187.580463      9.415  38.576213    14.5680    7.28595      9.336    31.4162    23.3022 0.0000e+00
 187.580469      9.853  38.565283    14.5529    7.27952      9.771    31.4183    23.3071 0.0000e+00
 187.580475     10.293  38.554243    14.5388    7.28419     10.207    31.4196    23.3110 0.0000e+00
 187.580480     10.729  38.544612    14.5288    7.28126     10.639    31.4188    23.3125 0.0000e+00
 187.580486     11.155  38.538100    14.5244    7.27948     11.062    31.4163    23.3115 0.0000e+00
 187.580492     11.568  38.535531    14.5223    7.27752     11.471    31.4155    23.3113 0.0000e+00
 187.580498     11.977  38.534011    14.5174    7.28143     11.877    31.4179    23.3142 0.0000e+00
 187.580503     12.395  38.529804    14.5093    7.28487     12.291    31.4205    23.3179 0.0000e+00
 187.580509     12.829  38.523448    14.5003    7.27047     12.722    31.4218    23.3208 0.0000e+00
 187.580515     13.283  38.517098    14.4912    7.26603     13.172    31.4233    23.3239 0.0000e+00
 187.580521     13.761  38.511234    14.4801    7.24836     13.646    31.4268    23.3289 0.0000e+00
 187.580527     14.259  38.504738    14.4642    7.23385     14.140    31.4336    23.3374 0.0000e+00
 187.580532     14.776  38.495654    14.4415    7.24902     14.652    31.4435    23.3499 0.0000e+00
 187.580538     15.304  38.482498    14.4077    7.21265     15.176    31.4588    23.3687 0.0000e+00
 187.580544     15.836  38.463963    14.3466    7.09845     15.703    31.4914    23.4065 0.0000e+00
 187.580550     16.358  38.429888    14.2420    6.90979     16.221    31.5454    23.4697 0.0000e+00
 187.580556     16.861  38.365655    14.1304    6.65590     16.720    31.5777    23.5176 0.0000e+00
 187.580561     17.346  38.293832    14.0520    6.34698     17.201    31.5758    23.5323 0.0000e+00
 187.580567     17.824  38.245918    13.9321    6.03240     17.674    31.6301    23.5986 0.0000e+00
 187.580573     18.306  38.168077    13.6810    5.69652     18.152    31.7654    23.7540 0.0000e+00
 187.580579     18.800  37.991821    13.3223    5.35221     18.642    31.9002    23.9298 0.0000e+00
 187.580584     19.301  37.731119    12.9133    5.06073     19.139    31.9994    24.0867 0.0000e+00
 187.580590     19.807  37.421332    12.4952    4.80446     19.641    32.0604    24.2144 0.0000e+00
 187.580596     20.322  37.098512    12.0968    4.59873     20.151    32.0920    24.3139 0.0000e+00
 187.580602     20.846  36.798688    11.7136    4.44375     20.671    32.1324    24.4159 0.0000e+00
 187.580608     21.377  36.520679    11.3514    4.29463     21.197    32.1755    24.5150 0.0000e+00
 187.580613     21.904  36.265463    11.0526    4.16014     21.720    32.1854    24.5757 0.0000e+00
 187.580619     22.418  36.070563    10.8427    4.10313     22.230    32.1765    24.6055 0.0000e+00
 187.580625     22.914  35.955795    10.7117    4.05302     22.721    32.1776    24.6290 0.0000e+00
 187.580631     23.393  35.900933    10.6385    4.05702     23.196    32.1872    24.6492 0.0000e+00
 187.580637     23.861  35.879866    10.6029    4.08315     23.660    32.1974    24.6632 0.0000e+00
 187.580642     24.320  35.873433    10.5876    4.11452     24.116    32.2043    24.6712 0.0000e+00
 187.580648     24.771  35.870220    10.5810    4.18069     24.563    32.2067    24.6743 0.0000e+00
 187.580654     25.208  35.867035    10.5781    4.23761     24.996    32.2059    24.6742 0.0000e+00
 187.580660     25.625  35.864653    10.5785    4.28559     25.410    32.2030    24.6718 0.0000e+00
 187.580666     26.014  35.864918    10.5836    4.33086     25.795    32.1986    24.6675 0.0000e+00
 187.580671     26.374  35.867036    10.5909    4.35834     26.152    32.1941    24.6628 0.0000e+00
 187.580677     26.716  35.867640    10.5992    4.37463     26.491    32.1873    24.6560 0.0000e+00
 187.580683     27.052  35.869757    10.6098    4.37008     26.824    32.1799    24.6485 0.0000e+00
 187.580689     27.395  35.877306    10.6111    4.31725     27.165    32.1861    24.6531 0.0000e+00
 187.580694     27.750  35.878467    10.5939    4.23297     27.517    32.2023    24.6687 0.0000e+00
 187.580700     28.110  35.864675    10.5686    4.12079     27.873    32.2107    24.6796 0.0000e+00
 187.580706     28.468  35.847232    10.5363    3.99023     28.228    32.2217    24.6936 0.0000e+00
 187.580712     28.820  35.829202    10.4726    3.86927     28.577    32.2599    24.7343 0.0000e+00
 187.580718     29.160  35.794365    10.3650    3.78799     28.915    32.3204    24.7996 0.0000e+00
 187.580723     29.474  35.736050    10.2492    3.75770     29.226    32.3647    24.8538 0.0000e+00
