data/oxygen options/OCNMS/OCNMS2/raw_data/2005/CTD_CA20_081505faed.cnv
* Sea-Bird SBE19 Data File:
* FileName = C:\Hypoxia Data\CA20_081505.hex
* Software Version 1.1.6
* Temperature SN = 2997
* Conductivity SN = 2997
* System UpLoad Time = Aug 15 2005 14:38:32
* SEACAT PROFILER V3.1c SN 2997   08/15/05  14:37:49.297
* strain gauge pressure sensor: S/N = 184829,  range = 3000 psia,  tc = 40
# nquan = 9                                 
# nvalues = 725                         
# units = specified
# name 0 = timeJ: Julian Days
# name 1 = prSM: Pressure, Strain Gauge [db]
# name 2 = c0mS/cm: Conductivity [mS/cm]
# name 3 = t090C: Temperature [ITS-90, deg C]
# name 4 = oxML/L: Oxygen, Beckman/YSI [ml/l]
# name 5 = depSM: Depth [salt water, m], lat = 47.5
# name 6 = sal00: Salinity, Practical [PSU]
# name 7 = sigma-é00: Density [sigma-theta, kg/m^3]
# name 8 = flag: flag
# span 0 = 227.517407, 227.521597       
# span 1 =     -4.361,     21.770       
# span 2 =   0.019531, 223.321466       
# span 3 =     8.2918,    40.4082       
# span 4 =   -0.11959,   21.83920       
# span 5 =     -4.325,     21.587       
# span 6 =     0.0160,    39.1833       
# span 7 =    -0.7989,    25.9427       
# span 8 = 0.0000e+00, 0.0000e+00       
# interval = seconds: 0.5
# start_time = Aug 15 2005 12:25:04 [Instrument's time stamp, header]
# bad_flag = -9.990e-29
*END*
[from data line 481]
 227.520191      3.261  36.563089    11.3002    4.97586      3.234    32.2694    24.5967 -9.990e-29
 227.520197      3.268  36.563150    11.3027    4.97262      3.241    32.2672    24.5946 -9.990e-29
 227.520203      3.270  36.565527    11.3074    4.96435      3.243    32.2654    24.5924 -9.990e-29
 227.520208      3.269  36.568326    11.3118    4.96460      3.242    32.2643    24.5907 -9.990e-29
 227.520214      3.275  36.568911    11.3126    4.98089      3.248    32.2642    24.5905 -9.990e-29
 227.520220      3.288  36.567494    11.3091    4.98350      3.261    32.2659    24.5924 -9.990e-29
 227.520226      3.295  36.565910    11.3068    4.98853      3.267    32.2663    24.5932 -9.990e-29
 227.520231      3.290  36.565396    11.3093    4.98222      3.263    32.2636    24.5906 -9.990e-29
 227.520237      3.280  36.566746    11.3142    4.98250      3.253    32.2607    24.5874 -9.990e-29
 227.520243      3.276  36.569509    11.3165    4.97750      3.249    32.2614    24.5876 -9.990e-29
 227.520249      3.284  36.571755    11.3144    4.99020      3.257    32.2654    24.5911 -9.990e-29
 227.520255      3.300  36.571424    11.3105    4.98372      3.272    32.2685    24.5942 -9.990e-29
 227.520260      3.316  36.569186    11.3084    4.97460      3.288    32.2681    24.5943 -9.990e-29
 227.520266      3.324  36.567651    11.3086    4.97506      3.296    32.2665    24.5929 -9.990e-29
 227.520272      3.320  36.567564    11.3093    4.98771      3.292    32.2658    24.5923 -9.990e-29
 227.520278      3.309  36.567678    11.3087    5.01349      3.281    32.2664    24.5929 -9.990e-29
 227.520284      3.295  36.567013    11.3086    4.99464      3.267    32.2658    24.5925 -9.990e-29
 227.520289      3.276  36.566915    11.3123    4.98355      3.249    32.2625    24.5892 -9.990e-29
 227.520295      3.255  36.568925    11.3193    4.96776      3.228    32.2584    24.5847 -9.990e-29
 227.520301      3.240  36.572348    11.3250    4.97025      3.213    32.2568    24.5825 -9.990e-29
 227.520307      3.239  36.575012    11.3256    4.96839      3.212    32.2588    24.5840 -9.990e-29
 227.520312      3.254  36.574855    11.3207    4.97471      3.227    32.2630    24.5881 -9.990e-29
 227.520318      3.279  36.571659    11.3150    4.98074      3.252    32.2648    24.5905 -9.990e-29
 227.520324      3.299  36.568441    11.3141    4.98093      3.271    32.2624    24.5888 -9.990e-29
 227.520330      3.306  36.568746    11.3182    4.99292      3.278    32.2591    24.5855 -9.990e-29
 227.520336      3.305  36.571848    11.3234    4.99899      3.277    32.2576    24.5834 -9.990e-29
 227.520341      3.304  36.575145    11.3263    4.99951      3.276    32.2583    24.5835 -9.990e-29
 227.520347      3.307  36.576856    11.3273    5.00139      3.279    32.2591    24.5839 -9.990e-29
 227.520353      3.311  36.577574    11.3295    5.00109      3.283    32.2579    24.5826 -9.990e-29
 227.520359      3.311  36.579367    11.3324    4.99725      3.283    32.2571    24.5814 -9.990e-29
 227.520365      3.312  36.581250    11.3303    5.00241      3.284    32.2608    24.5847 -9.990e-29
 227.520370      3.318  36.579557    11.3211    5.00077      3.290    32.2672    24.5913 -9.990e-29
 227.520376      3.325  36.573705    11.3112    5.00260      3.297    32.2701    24.5953 -9.990e-29
 227.520382      3.329  36.568214    11.3069    5.01400      3.301    32.2685    24.5948 -9.990e-29
 227.520388      3.331  36.566403    11.3084    5.01302      3.303    32.2654    24.5921 -9.990e-29
 227.520394      3.331  36.567526    11.3122    5.01316      3.303    32.2632    24.5897 -9.990e-29
 227.520399      3.328  36.569706    11.3153    5.02720      3.300    32.2626    24.5887 -9.990e-29
 227.520405      3.326  36.571356    11.3152    5.03311      3.298    32.2643    24.5901 -9.990e-29
 227.520411      3.335  36.571304    11.3120    5.03475      3.307    32.2671    24.5928 -9.990e-29
 227.520417      3.355  36.570032    11.3090    5.02568      3.327    32.2684    24.5944 -9.990e-29
 227.520422      3.374  36.569198    11.3086    5.03221      3.346    32.2680    24.5941 -9.990e-29
 227.520428      3.380  36.569358    11.3104    5.03480      3.352    32.2665    24.5927 -9.990e-29
 227.520434      3.375  36.570153    11.3139    5.02341      3.347    32.2643    24.5903 -9.990e-29
 227.520440      3.365  36.571512    11.3186    5.00971      3.337    32.2615    24.5873 -9.990e-29
 227.520446      3.355  36.573557    11.3234    4.99796      3.327    32.2593    24.5847 -9.990e-29
 227.520451      3.349  36.575641    11.3270    5.00172      3.321    32.2582    24.5832 -9.990e-29
 227.520457      3.355  36.577169    11.3270    5.00884      3.327    32.2597    24.5844 -9.990e-29
 227.520463      3.372  36.577367    11.3219    5.01876      3.344    32.2643    24.5889 -9.990e-29
 227.520469      3.395  36.574806    11.3161    5.03172      3.367    32.2669    24.5919 -9.990e-29
 227.520475      3.410  36.571669    11.3160    5.04323      3.382    32.2639    24.5896 -9.990e-29
 227.520480      3.411  36.572172    11.3228    5.04839      3.383    32.2584    24.5842 -9.990e-29
 227.520486      3.401  36.576411    11.3330    5.04792      3.373    32.2537    24.5786 -9.990e-29
 227.520492      3.386  36.582742    11.3411    5.04967      3.358    32.2528    24.5765 -9.990e-29
 227.520498      3.367  36.587823    11.3412    5.05356      3.339    32.2577    24.5803 -9.990e-29
 227.520503      3.348  36.587206    11.3338    5.04934      3.320    32.2636    24.5862 -9.990e-29
 227.520509      3.337  36.582305    11.3288    5.04906      3.309    32.2632    24.5868 -9.990e-29
 227.520515      3.340  36.579471    11.3330    5.04622      3.312    32.2567    24.5810 -9.990e-29
 227.520521      3.350  36.582761    11.3400    5.04499      3.322    32.2538    24.5775 -9.990e-29
 227.520527      3.360  36.587579    11.3396    5.03545      3.332    32.2589    24.5815 -9.990e-29
 227.520532      3.372  36.586884    11.3324    5.03309      3.344    32.2645    24.5871 -9.990e-29
 227.520538      3.394  36.581985    11.3255    5.03091      3.366    32.2657    24.5893 -9.990e-29
 227.520544      3.417  36.578115    11.3229    5.03987      3.388    32.2642    24.5886 -9.990e-29
 227.520550      3.431  36.576827    11.3238    5.04220      3.402    32.2621    24.5868 -9.990e-29
 227.520556      3.432  36.576953    11.3257    5.04391      3.403    32.2606    24.5853 -9.990e-29
 227.520561      3.424  36.577529    11.3268    5.05033      3.395    32.2602    24.5848 -9.990e-29
 227.520567      3.415  36.578193    11.3266    5.06160      3.386    32.2610    24.5855 -9.990e-29
 227.520573      3.409  36.578700    11.3249    5.06498      3.381    32.2630    24.5873 -9.990e-29
 227.520579      3.406  36.578594    11.3234    5.05868      3.378    32.2642    24.5885 -9.990e-29
 227.520584      3.405  36.578285    11.3263    5.04537      3.377    32.2614    24.5858 -9.990e-29
 227.520590      3.406  36.580153    11.3314    5.03842      3.378    32.2587    24.5829 -9.990e-29
 227.520596      3.410  36.583313    11.3301    5.03668      3.382    32.2630    24.5864 -9.990e-29
 227.520602      3.417  36.581879    11.3209    5.04385      3.388    32.2696    24.5932 -9.990e-29
 227.520608      3.427  36.575052    11.3127    5.05701      3.398    32.2701    24.5950 -9.990e-29
 227.520613      3.436  36.569418    11.3126    5.06487      3.407    32.2646    24.5908 -9.990e-29
 227.520619      3.437  36.569223    11.3211    5.07624      3.408    32.2570    24.5834 -9.990e-29
 227.520625      3.429  36.574197    11.3350    5.07106      3.400    32.2498    24.5752 -9.990e-29
 227.520631      3.422  36.583110    11.3464    5.06567      3.393    32.2485    24.5722 -9.990e-29
 227.520637      3.421  36.590458    11.3483    5.05128      3.392    32.2541    24.5762 -9.990e-29
 227.520642      3.433  36.590896    11.3437    5.04951      3.404    32.2585    24.5805 -9.990e-29
 227.520648      3.453  36.587802    11.3363    5.05249      3.424    32.2619    24.5845 -9.990e-29
 227.520654      3.479  36.584332    11.3261    5.04588      3.450    32.2675    24.5906 -9.990e-29
 227.520660      3.507  36.579210    11.3175    5.03913      3.478    32.2699    24.5940 -9.990e-29
 227.520666      3.527  36.574565    11.3160    5.04611      3.498    32.2667    24.5918 -9.990e-29
 227.520671      3.532  36.573722    11.3205    5.04588      3.502    32.2619    24.5873 -9.990e-29
 227.520677      3.526  36.576106    11.3252    5.06290      3.497    32.2602    24.5851 -9.990e-29
 227.520683      3.513  36.578719    11.3274    5.06145      3.484    32.2608    24.5852 -9.990e-29
 227.520689      3.497  36.579990    11.3290    5.06046      3.468    32.2606    24.5848 -9.990e-29
 227.520694      3.480  36.581042    11.3317    5.05561      3.451    32.2593    24.5833 -9.990e-29
 227.520700      3.461  36.582708    11.3326    5.04618      3.432    32.2602    24.5838 -9.990e-29
 227.520706      3.449  36.583275    11.3274    5.04582      3.420    32.2653    24.5887 -9.990e-29
 227.520712      3.450  36.580127    11.3186    5.05473      3.421    32.2699    24.5938 -9.990e-29
 227.520718      3.456  36.574663    11.3137    5.06104      3.427    32.2688    24.5939 -9.990e-29
 227.520723      3.460  36.571361    11.3154    5.06013      3.431    32.2641    24.5899 -9.990e-29
 227.520729      3.460  36.571973    11.3206    5.06267      3.431    32.2601    24.5859 -9.990e-29
 227.520735      3.458  36.575060    11.3258    5.06036      3.429    32.2586    24.5838 -9.990e-29
 227.520741      3.458  36.578563    11.3294    5.06635      3.429    32.2589    24.5833 -9.990e-29
 227.520747      3.464  36.581535    11.3300    5.06854      3.435    32.2613    24.5851 -9.990e-29
 227.520752      3.475  36.582325    11.3281    5.06604      3.446    32.2637    24.5873 -9.990e-29
 227.520758      3.489  36.580855    11.3284    5.05563      3.460    32.2620    24.5859 -9.990e-29
 227.520764      3.498  36.580761    11.3312    5.04965      3.469    32.2595    24.5835 -9.990e-29
 227.520770      3.502  36.582467    11.3303    5.04386      3.473    32.2619    24.5855 -9.990e-29
 227.520775      3.510  36.582069    11.3228    5.04441      3.481    32.2681    24.5917 -9.990e-29
 227.520781      3.524  36.577907    11.3139    5.04484      3.495    32.2718    24.5961 -9.990e-29
 227.520787      3.534  36.573393    11.3103    5.03969      3.504    32.2705    24.5958 -9.990e-29
 227.520793      3.538  36.572027    11.3131    5.02737      3.508    32.2667    24.5923 -9.990e-29
 227.520799      3.536  36.573658    11.3177    5.02928      3.506    32.2643    24.5896 -9.990e-29
 227.520804      3.531  36.575963    11.3183    5.03424      3.502    32.2660    24.5909 -9.990e-29
 227.520810      3.533  36.575840    11.3146    5.04112      3.503    32.2692    24.5940 -9.990e-29
 227.520816      3.541  36.573118    11.3108    5.04838      3.511    32.2698    24.5951 -9.990e-29
 227.520822      3.551  36.570885    11.3098    5.04229      3.521    32.2685    24.5943 -9.990e-29
 227.520828      3.565  36.570638    11.3105    5.04813      3.535    32.2676    24.5935 -9.990e-29
 227.520833      3.582  36.571475    11.3100    5.06480      3.552    32.2689    24.5946 -9.990e-29
 227.520839      3.609  36.571701    11.3076    5.06963      3.579    32.2712    24.5968 -9.990e-29
 227.520845      3.651  36.571045    11.3059    5.10512      3.620    32.2720    24.5977 -9.990e-29
 227.520851      3.707  36.570865    11.3076    5.12392      3.676    32.2703    24.5961 -9.990e-29
 227.520856      3.772  36.571470    11.3117    5.13579      3.740    32.2673    24.5930 -9.990e-29
 227.520862      3.849  36.572535    11.3139    5.12773      3.817    32.2664    24.5919 -9.990e-29
 227.520868      3.953  36.573229    11.3102    5.05956      3.920    32.2703    24.5956 -9.990e-29
 227.520874      4.094  36.571664    11.2994    4.93660      4.060    32.2781    24.6037 0.0000e+00
 227.520880      4.276  36.566866    11.2783    4.78296      4.240    32.2918    24.6181 0.0000e+00
 227.520885      4.504  36.558032    11.2343    4.62785      4.466    32.3216    24.6491 0.0000e+00
 227.520891      4.783  36.539540    11.1362    4.51272      4.743    32.3895    24.7193 0.0000e+00
 227.520897      5.117  36.496813    10.9660    4.44736      5.074    32.4975    24.8334 0.0000e+00
 227.520903      5.507  36.421086    10.7509    4.42353      5.461    32.6133    24.9612 0.0000e+00
 227.520909      5.947  36.323546    10.5248    4.43763      5.897    32.7181    25.0819 0.0000e+00
 227.520914      6.427  36.217165    10.3023    4.44470      6.373    32.8115    25.1927 0.0000e+00
 227.520920      6.936  36.103584    10.0947    4.39110      6.878    32.8848    25.2849 0.0000e+00
 227.520926      7.466  35.998294     9.9136    4.31691      7.404    32.9427    25.3603 0.0000e+00
 227.520932      8.018  35.909388     9.7711    4.21966      7.951    32.9822    25.4147 0.0000e+00
 227.520938      8.588  35.824807     9.6802    4.10725      8.516    32.9788    25.4270 0.0000e+00
 227.520943      9.165  35.765169     9.6322    4.03615      9.088    32.9616    25.4214 0.0000e+00
 227.520949      9.740  35.742868     9.5819    3.91515      9.658    32.9847    25.4476 0.0000e+00
 227.520955     10.309  35.715820     9.4868    3.80516     10.223    33.0442    25.5096 0.0000e+00
 227.520961     10.877  35.645715     9.3401    3.69827     10.786    33.1073    25.5825 0.0000e+00
 227.520966     11.443  35.539981     9.1623    3.61665     11.347    33.1627    25.6542 0.0000e+00
 227.520972     12.010  35.419631     9.0021    3.56839     11.909    33.1867    25.6983 0.0000e+00
 227.520978     12.577  35.311966     8.9027    3.54171     12.472    33.1671    25.6984 0.0000e+00
 227.520984     13.135  35.248291     8.8578    3.52805     13.025    33.1423    25.6860 0.0000e+00
 227.520990     13.682  35.222715     8.8392    3.52647     13.567    33.1327    25.6814 0.0000e+00
 227.520995     14.219  35.211207     8.8254    3.51948     14.100    33.1333    25.6840 0.0000e+00
 227.521001     14.746  35.200660     8.8027    3.50578     14.622    33.1433    25.6953 0.0000e+00
 227.521007     15.271  35.184297     8.7670    3.47434     15.143    33.1593    25.7134 0.0000e+00
 227.521013     15.805  35.161038     8.7196    3.42053     15.672    33.1791    25.7363 0.0000e+00
 227.521019     16.353  35.131256     8.6625    3.34955     16.216    33.2012    25.7623 0.0000e+00
 227.521024     16.911  35.095594     8.6032    3.26366     16.769    33.2192    25.7855 0.0000e+00
 227.521030     17.468  35.063109     8.5484    3.17258     17.321    33.2363    25.8073 0.0000e+00
 227.521036     18.016  35.042604     8.4916    3.07859     17.865    33.2680    25.8408 0.0000e+00
 227.521042     18.552  35.026905     8.4271    3.00268     18.396    33.3121    25.8851 0.0000e+00
 227.521047     19.068  35.004598     8.3664    2.95568     18.908    33.3458    25.9207 0.0000e+00
 227.521053     19.557  34.979003     8.3235    2.93117     19.393    33.3591    25.9376 0.0000e+00
 227.521059     20.016  34.960260     8.3002    2.93601     19.848    33.3611    25.9427 0.0000e+00
 227.521065     20.437  34.950832     8.2918    2.95437     20.265    33.3589    25.9422 0.0000e+00
 227.521071     20.803  34.947668     8.2957    2.99624     20.628    33.3517    25.9359 0.0000e+00
 227.521076     21.099  34.949345     8.3165    3.03519     20.922    33.3336    25.9186 0.0000e+00
 227.521082     21.323  34.958096     8.3518    3.06747     21.144    33.3093    25.8943 0.0000e+00
 227.521088     21.489  34.973257     8.3736    3.07519     21.309    33.3046    25.8874 -9.990e-29
 227.521094     21.607  34.980852     8.3657    3.06667     21.426    33.3201    25.9007 -9.990e-29
 227.521100     21.686  34.973640     8.3494    3.06194     21.504    33.3279    25.9092 -9.990e-29
 227.521105     21.738  34.965553     8.3383    3.03686     21.555    33.3298    25.9124 -9.990e-29
