data/oxygen options/OCNMS/OCNMS2/raw_data/2005/CTD_CA90_052405faed.cnv
* Sea-Bird SBE19 Data File:
* FileName = C:\Documents and Settings\kirner.PTANGELES\Desktop\hypoxia CTD data\CA90_052405.hex
* Software Version 1.1.5
* Temperature SN = 2997
* Conductivity SN = 2997
* System UpLoad Time = May 24 2005 15:33:17
* SEACAT PROFILER V3.1c SN 2997   05/24/05  15:32:31.259
* strain gauge pressure sensor: S/N = 184829,  range = 3000 psia,  tc = 40
# nquan = 9                                 
# nvalues = 2338                        
# units = specified
# name 0 = timeJ: Julian Days
# name 1 = prSM: Pressure, Strain Gauge [db]
# name 2 = c0mS/cm: Conductivity [mS/cm]
# name 3 = t090C: Temperature [ITS-90, deg C]
# name 4 = oxML/L: Oxygen, Beckman/YSI [ml/l]
# name 5 = depSM: Depth [salt water, m], lat = 47.5
# name 6 = sal00: Salinity, Practical [PSU]
# name 7 = sigma-é00: Density [sigma-theta, kg/m^3]
# name 8 = flag: flag
# span 0 = 144.604595, 144.618119       
# span 1 =     -3.337,     85.985       
# span 2 =   0.208452,  37.008542       
# span 3 =     8.1795,    14.0724       
# span 4 =   -0.10204,   27.29570       
# span 5 =     -3.309,     85.250       
# span 6 =     0.1297,    33.5930       
# span 7 =    -0.5317,    26.1433       
# span 8 = 0.0000e+00, 0.0000e+00       
# interval = seconds: 0.5
# start_time = May 24 2005 14:30:37 [Instrument's time stamp, header]
# bad_flag = -9.990e-29
*END*
[from data line 641]
 144.608304     21.520  36.590699    12.0085    6.22326     21.339    31.6782    24.0093 -9.990e-29
 144.608310     21.558  36.591304    12.0085    6.20415     21.377    31.6788    24.0098 -9.990e-29
 144.608316     21.588  36.589320    12.0086    6.19961     21.407    31.6768    24.0082 -9.990e-29
 144.608322     21.620  36.587148    12.0087    6.19799     21.438    31.6746    24.0065 -9.990e-29
 144.608328     21.659  36.585817    12.0087    6.20875     21.477    31.6733    24.0055 -9.990e-29
 144.608333     21.708  36.584674    12.0084    6.23210     21.526    31.6724    24.0049 -9.990e-29
 144.608339     21.771  36.583878    12.0083    6.21541     21.588    31.6717    24.0043 -9.990e-29
 144.608345     21.851  36.583489    12.0085    6.20647     21.667    31.6711    24.0039 -9.990e-29
 144.608351     21.961  36.582989    12.0084    6.20788     21.777    31.6707    24.0035 -9.990e-29
 144.608356     22.123  36.582832    12.0078    6.20902     21.937    31.6710    24.0039 0.0000e+00
 144.608362     22.345  36.585053    12.0060    6.23386     22.157    31.6746    24.0070 0.0000e+00
 144.608368     22.621  36.590932    12.0022    6.21654     22.431    31.6833    24.0145 0.0000e+00
 144.608374     22.935  36.598774    11.9979    6.18897     22.742    31.6944    24.0239 0.0000e+00
 144.608380     23.276  36.608938    11.9957    6.14198     23.080    31.7059    24.0332 0.0000e+00
 144.608385     23.640  36.621514    11.9921    6.07603     23.441    31.7210    24.0456 0.0000e+00
 144.608391     24.024  36.631960    11.9791    6.03988     23.822    31.7419    24.0642 0.0000e+00
 144.608397     24.425  36.638499    11.9530    6.01487     24.220    31.7703    24.0911 0.0000e+00
 144.608403     24.832  36.640318    11.9206    5.99444     24.623    31.7995    24.1197 0.0000e+00
 144.608409     25.237  36.637594    11.8949    5.99133     25.025    31.8187    24.1393 0.0000e+00
 144.608414     25.637  36.633977    11.8801    5.99123     25.421    31.8277    24.1490 0.0000e+00
 144.608420     26.035  36.631365    11.8719    5.98419     25.816    31.8320    24.1539 0.0000e+00
 144.608426     26.440  36.629634    11.8666    6.00612     26.218    31.8347    24.1570 0.0000e+00
 144.608432     26.851  36.628153    11.8626    6.01762     26.625    31.8365    24.1591 0.0000e+00
 144.608438     27.257  36.626628    11.8588    6.01616     27.028    31.8381    24.1611 0.0000e+00
 144.608443     27.649  36.624704    11.8557    6.03247     27.416    31.8387    24.1622 0.0000e+00
 144.608449     28.027  36.622618    11.8540    6.01940     27.791    31.8380    24.1619 0.0000e+00
 144.608455     28.388  36.621509    11.8522    6.01847     28.149    31.8384    24.1625 0.0000e+00
 144.608461     28.731  36.620459    11.8486    6.03854     28.489    31.8403    24.1647 0.0000e+00
 144.608466     29.047  36.618064    11.8451    6.04337     28.803    31.8408    24.1657 0.0000e+00
 144.608472     29.326  36.615617    11.8442    6.04652     29.079    31.8391    24.1646 0.0000e+00
 144.608478     29.565  36.614898    11.8464    6.04438     29.316    31.8364    24.1621 0.0000e+00
 144.608484     29.766  36.616066    11.8505    6.05137     29.515    31.8340    24.1595 0.0000e+00
 144.608490     29.937  36.618433    11.8544    6.03917     29.685    31.8329    24.1579 0.0000e+00
 144.608495     30.090  36.620670    11.8561    6.02775     29.837    31.8335    24.1581 0.0000e+00
 144.608501     30.235  36.621273    11.8549    6.02737     29.980    31.8351    24.1595 0.0000e+00
 144.608507     30.371  36.619927    11.8508    6.04664     30.115    31.8372    24.1619 -9.990e-29
 144.608513     30.487  36.617081    11.8451    6.05587     30.230    31.8393    24.1646 -9.990e-29
 144.608519     30.572  36.613424    11.8417    6.05441     30.315    31.8386    24.1647 -9.990e-29
 144.608524     30.628  36.611366    11.8428    6.04661     30.370    31.8357    24.1622 -9.990e-29
 144.608530     30.662  36.612648    11.8450    6.03407     30.404    31.8350    24.1613 -9.990e-29
 144.608536     30.685  36.614494    11.8448    6.03665     30.427    31.8370    24.1628 -9.990e-29
 144.608542     30.708  36.614321    11.8435    6.04420     30.449    31.8379    24.1638 -9.990e-29
 144.608547     30.739  36.613018    11.8422    6.04249     30.480    31.8377    24.1639 -9.990e-29
 144.608553     30.782  36.611653    11.8408    6.04967     30.523    31.8376    24.1641 -9.990e-29
 144.608559     30.826  36.610650    11.8391    6.03927     30.566    31.8381    24.1647 -9.990e-29
 144.608565     30.865  36.609792    11.8372    6.02324     30.605    31.8388    24.1657 -9.990e-29
 144.608571     30.901  36.608493    11.8356    6.03403     30.641    31.8389    24.1661 -9.990e-29
 144.608576     30.930  36.607264    11.8346    6.04836     30.670    31.8386    24.1660 -9.990e-29
 144.608582     30.939  36.606710    11.8344    6.05917     30.678    31.8382    24.1657 -9.990e-29
 144.608588     30.924  36.606652    11.8350    6.04417     30.664    31.8377    24.1652 -9.990e-29
 144.608594     30.886  36.607012    11.8359    6.03866     30.626    31.8373    24.1647 -9.990e-29
 144.608600     30.830  36.607709    11.8360    6.01833     30.570    31.8379    24.1652 -9.990e-29
 144.608605     30.769  36.607991    11.8356    6.04787     30.510    31.8385    24.1657 -9.990e-29
 144.608611     30.713  36.607675    11.8353    6.06665     30.454    31.8385    24.1658 -9.990e-29
 144.608617     30.662  36.607461    11.8347    6.04706     30.404    31.8388    24.1661 -9.990e-29
 144.608623     30.613  36.607062    11.8336    6.04200     30.355    31.8394    24.1668 -9.990e-29
 144.608628     30.571  36.605948    11.8326    6.02305     30.314    31.8392    24.1668 -9.990e-29
 144.608634     30.551  36.604875    11.8321    6.02413     30.294    31.8386    24.1664 -9.990e-29
 144.608640     30.559  36.604657    11.8317    6.05093     30.302    31.8387    24.1666 -9.990e-29
 144.608646     30.589  36.605004    11.8313    6.05143     30.331    31.8394    24.1672 -9.990e-29
 144.608652     30.625  36.605257    11.8311    6.04698     30.367    31.8398    24.1675 -9.990e-29
 144.608657     30.657  36.605193    11.8314    6.04146     30.399    31.8394    24.1672 -9.990e-29
 144.608663     30.681  36.605284    11.8320    6.03486     30.423    31.8390    24.1668 -9.990e-29
 144.608669     30.704  36.605651    11.8326    6.03270     30.445    31.8388    24.1665 -9.990e-29
 144.608675     30.732  36.605664    11.8329    6.04002     30.473    31.8386    24.1663 -9.990e-29
 144.608681     30.757  36.605341    11.8330    6.05470     30.498    31.8382    24.1659 -9.990e-29
 144.608686     30.765  36.605371    11.8330    6.05823     30.506    31.8382    24.1660 -9.990e-29
 144.608692     30.748  36.605793    11.8329    6.05404     30.489    31.8387    24.1664 -9.990e-29
 144.608698     30.712  36.606048    11.8326    6.04179     30.453    31.8392    24.1668 -9.990e-29
 144.608704     30.673  36.605913    11.8324    6.02901     30.415    31.8393    24.1669 -9.990e-29
 144.608709     30.641  36.605773    11.8327    6.02930     30.383    31.8389    24.1666 -9.990e-29
 144.608715     30.617  36.606001    11.8331    6.04498     30.359    31.8388    24.1664 -9.990e-29
 144.608721     30.602  36.606341    11.8335    6.05740     30.344    31.8388    24.1663 -9.990e-29
 144.608727     30.593  36.606685    11.8336    6.06104     30.335    31.8390    24.1665 -9.990e-29
 144.608733     30.590  36.606932    11.8335    6.04694     30.332    31.8394    24.1668 -9.990e-29
 144.608738     30.593  36.606850    11.8334    6.03762     30.335    31.8394    24.1668 -9.990e-29
 144.608744     30.606  36.606891    11.8331    6.02892     30.348    31.8397    24.1671 -9.990e-29
 144.608750     30.635  36.607112    11.8330    6.03746     30.377    31.8399    24.1673 -9.990e-29
 144.608756     30.673  36.607246    11.8330    6.05546     30.415    31.8401    24.1674 -9.990e-29
 144.608762     30.709  36.607470    11.8329    6.05218     30.450    31.8403    24.1676 -9.990e-29
 144.608767     30.741  36.607522    11.8329    6.04739     30.482    31.8404    24.1677 -9.990e-29
 144.608773     30.772  36.607471    11.8334    6.03533     30.513    31.8399    24.1672 -9.990e-29
 144.608779     30.808  36.607808    11.8346    6.02252     30.549    31.8392    24.1664 -9.990e-29
 144.608785     30.859  36.608423    11.8362    6.02506     30.599    31.8384    24.1655 -9.990e-29
 144.608791     30.920  36.609201    11.8377    6.03638     30.660    31.8378    24.1648 -9.990e-29
 144.608796     30.965  36.610059    11.8385    6.05379     30.704    31.8380    24.1648 -9.990e-29
 144.608802     30.976  36.610643    11.8385    6.05276     30.715    31.8385    24.1652 -9.990e-29
 144.608808     30.954  36.610608    11.8379    6.03835     30.693    31.8390    24.1657 -9.990e-29
 144.608814     30.913  36.610093    11.8371    6.03495     30.653    31.8392    24.1660 -9.990e-29
 144.608819     30.878  36.609536    11.8365    6.03366     30.618    31.8392    24.1661 -9.990e-29
 144.608825     30.867  36.609315    11.8366    6.03900     30.607    31.8389    24.1658 -9.990e-29
 144.608831     30.884  36.609700    11.8376    6.04315     30.624    31.8384    24.1653 -9.990e-29
 144.608837     30.917  36.610643    11.8390    6.03534     30.657    31.8381    24.1648 -9.990e-29
 144.608843     30.955  36.611718    11.8399    6.03425     30.694    31.8384    24.1648 -9.990e-29
 144.608848     30.988  36.612115    11.8400    6.04001     30.727    31.8386    24.1650 -9.990e-29
 144.608854     31.006  36.611800    11.8398    6.05320     30.745    31.8385    24.1650 -9.990e-29
 144.608860     31.008  36.611474    11.8394    6.04819     30.747    31.8385    24.1651 -9.990e-29
 144.608866     31.005  36.611264    11.8389    6.03906     30.744    31.8388    24.1653 -9.990e-29
 144.608872     31.005  36.610890    11.8383    6.02680     30.744    31.8389    24.1655 -9.990e-29
 144.608877     31.015  36.610414    11.8377    6.03553     30.754    31.8390    24.1657 -9.990e-29
 144.608883     31.042  36.610323    11.8366    6.04890     30.781    31.8398    24.1666 -9.990e-29
 144.608889     31.081  36.610496    11.8348    6.05347     30.819    31.8415    24.1682 -9.990e-29
 144.608895     31.123  36.610602    11.8331    6.04268     30.861    31.8430    24.1697 -9.990e-29
 144.608900     31.159  36.610781    11.8323    6.03185     30.897    31.8439    24.1705 -9.990e-29
 144.608906     31.189  36.610711    11.8319    6.03680     30.926    31.8441    24.1708 -9.990e-29
 144.608912     31.225  36.610296    11.8311    6.05235     30.962    31.8444    24.1711 -9.990e-29
 144.608918     31.268  36.610107    11.8298    6.06076     31.005    31.8453    24.1721 -9.990e-29
 144.608924     31.306  36.610451    11.8291    6.05367     31.042    31.8462    24.1729 -9.990e-29
 144.608929     31.318  36.611224    11.8299    6.04743     31.054    31.8463    24.1728 -9.990e-29
 144.608935     31.301  36.611771    11.8319    6.04809     31.037    31.8451    24.1715 -9.990e-29
 144.608941     31.266  36.611701    11.8342    6.04987     31.003    31.8431    24.1696 -9.990e-29
 144.608947     31.230  36.611482    11.8361    6.04208     30.967    31.8413    24.1678 -9.990e-29
 144.608953     31.202  36.611382    11.8370    6.04406     30.939    31.8404    24.1670 -9.990e-29
 144.608958     31.184  36.611271    11.8368    6.04734     30.921    31.8405    24.1671 -9.990e-29
 144.608964     31.176  36.611000    11.8361    6.05326     30.913    31.8408    24.1674 -9.990e-29
 144.608970     31.181  36.610769    11.8351    6.04568     30.918    31.8415    24.1681 -9.990e-29
 144.608976     31.204  36.610831    11.8341    6.03366     30.941    31.8424    24.1690 -9.990e-29
 144.608981     31.242  36.610706    11.8333    6.03031     30.979    31.8429    24.1696 -9.990e-29
 144.608987     31.289  36.610230    11.8325    6.04254     31.026    31.8431    24.1699 -9.990e-29
 144.608993     31.339  36.609886    11.8316    6.04493     31.075    31.8435    24.1704 -9.990e-29
 144.608999     31.388  36.609776    11.8307    6.04760     31.124    31.8442    24.1710 -9.990e-29
 144.609005     31.429  36.609751    11.8301    6.04386     31.164    31.8447    24.1715 -9.990e-29
 144.609010     31.461  36.609777    11.8291    6.04032     31.196    31.8455    24.1724 -9.990e-29
 144.609016     31.485  36.609889    11.8274    6.04444     31.220    31.8471    24.1739 -9.990e-29
 144.609022     31.501  36.610236    11.8255    6.05664     31.236    31.8490    24.1758 -9.990e-29
 144.609028     31.494  36.611279    11.8247    6.06389     31.229    31.8507    24.1772 -9.990e-29
 144.609034     31.453  36.612165    11.8258    6.06073     31.188    31.8507    24.1770 -9.990e-29
 144.609039     31.379  36.611270    11.8280    6.06271     31.115    31.8479    24.1745 -9.990e-29
 144.609045     31.293  36.609645    11.8299    6.05135     31.029    31.8448    24.1716 -9.990e-29
 144.609051     31.223  36.609050    11.8308    6.03656     30.960    31.8435    24.1705 -9.990e-29
 144.609057     31.191  36.609254    11.8309    6.04125     30.928    31.8436    24.1705 -9.990e-29
 144.609062     31.198  36.609411    11.8308    6.04579     30.935    31.8438    24.1707 -9.990e-29
 144.609068     31.233  36.609168    11.8307    6.04204     30.970    31.8437    24.1706 -9.990e-29
 144.609074     31.281  36.608763    11.8305    6.04177     31.018    31.8434    24.1705 -9.990e-29
 144.609080     31.327  36.608773    11.8301    6.03951     31.063    31.8437    24.1708 -9.990e-29
 144.609086     31.362  36.609212    11.8298    6.04498     31.098    31.8444    24.1714 -9.990e-29
 144.609091     31.383  36.609543    11.8298    6.05158     31.119    31.8447    24.1716 -9.990e-29
 144.609097     31.393  36.609643    11.8301    6.05146     31.129    31.8446    24.1714 -9.990e-29
 144.609103     31.391  36.609648    11.8303    6.03983     31.127    31.8444    24.1713 -9.990e-29
 144.609109     31.382  36.609563    11.8305    6.04632     31.118    31.8441    24.1710 -9.990e-29
 144.609115     31.374  36.609276    11.8307    6.04774     31.110    31.8437    24.1707 -9.990e-29
 144.609120     31.371  36.608966    11.8309    6.05191     31.107    31.8432    24.1703 -9.990e-29
 144.609126     31.368  36.608780    11.8310    6.05345     31.104    31.8430    24.1700 -9.990e-29
 144.609132     31.360  36.608469    11.8311    6.04705     31.096    31.8426    24.1697 -9.990e-29
 144.609138     31.347  36.608178    11.8312    6.04256     31.083    31.8422    24.1694 -9.990e-29
 144.609144     31.329  36.608081    11.8312    6.04220     31.065    31.8421    24.1694 -9.990e-29
 144.609149     31.312  36.608047    11.8312    6.04809     31.048    31.8421    24.1693 -9.990e-29
 144.609155     31.308  36.608030    11.8314    6.04406     31.044    31.8419    24.1692 -9.990e-29
 144.609161     31.318  36.608011    11.8314    6.04576     31.054    31.8419    24.1691 -9.990e-29
 144.609167     31.333  36.607964    11.8310    6.03641     31.069    31.8422    24.1694 -9.990e-29
 144.609172     31.350  36.607823    11.8302    6.03352     31.086    31.8427    24.1700 -9.990e-29
 144.609178     31.370  36.607400    11.8293    6.03071     31.106    31.8431    24.1704 -9.990e-29
 144.609184     31.394  36.606693    11.8280    6.04437     31.130    31.8435    24.1710 -9.990e-29
 144.609190     31.420  36.607003    11.8261    6.04298     31.155    31.8454    24.1728 -9.990e-29
 144.609196     31.431  36.610424    11.8244    6.05617     31.166    31.8502    24.1769 -9.990e-29
 144.609201     31.404  36.614787    11.8241    6.05740     31.140    31.8547    24.1804 -9.990e-29
 144.609207     31.328  36.614692    11.8256    6.03699     31.064    31.8533    24.1791 -9.990e-29
 144.609213     31.219  36.610569    11.8277    6.03732     30.956    31.8476    24.1742 -9.990e-29
 144.609219     31.106  36.607016    11.8292    6.03355     30.844    31.8429    24.1703 -9.990e-29
