data/oxygen options/OCNMS/OCNMS2/raw_data/2005/CTD_CA70_081505faed.cnv
* Sea-Bird SBE19 Data File:
* FileName = C:\Hypoxia Data\CA70_081505.hex
* Software Version 1.1.6
* Temperature SN = 2997
* Conductivity SN = 2997
* System UpLoad Time = Aug 15 2005 14:45:10
* SEACAT PROFILER V3.1c SN 2997   08/15/05  14:44:30.569
* strain gauge pressure sensor: S/N = 184829,  range = 3000 psia,  tc = 40
# nquan = 9                                 
# nvalues = 736                         
# units = specified
# name 0 = timeJ: Julian Days
# name 1 = prSM: Pressure, Strain Gauge [db]
# name 2 = c0mS/cm: Conductivity [mS/cm]
# name 3 = t090C: Temperature [ITS-90, deg C]
# name 4 = oxML/L: Oxygen, Beckman/YSI [ml/l]
# name 5 = depSM: Depth [salt water, m], lat = 47.5
# name 6 = sal00: Salinity, Practical [PSU]
# name 7 = sigma-é00: Density [sigma-theta, kg/m^3]
# name 8 = flag: flag
# span 0 = 227.571898, 227.576152       
# span 1 =     -3.175,     70.984       
# span 2 =   2.973885,  37.485775       
# span 3 =     7.2467,    13.4500       
# span 4 =   -0.10131,   27.53832       
# span 5 =     -3.149,     70.379       
# span 6 =     2.0282,    33.9038       
# span 7 =     0.8945,    26.5180       
# span 8 = 0.0000e+00, 0.0000e+00       
# interval = seconds: 0.5
# start_time = Aug 15 2005 13:43:32 [Instrument's time stamp, header]
# bad_flag = -9.990e-29
*END*
 227.571898     -3.175 -9.990e-29    13.4500   -0.10045     -3.149 -9.990e-29 -9.990e-29 -9.990e-29
 227.571904     -3.126   2.973885    13.4464   -0.10044     -3.100     2.0282     0.8945 -9.990e-29
 227.571910     -3.063   3.311119    13.4282   -0.10047     -3.037     2.2738     1.0869 -9.990e-29
 227.571916     -2.986   4.214141    13.3894   -0.10046     -2.961     2.9406     1.6076 -9.990e-29
 227.571921     -2.895   7.179628    13.3390   -0.10046     -2.871     5.2016     3.3593 -9.990e-29
 227.571927     -2.788  13.615179    13.2920   -0.10065     -2.765    10.3776     7.3514 -9.990e-29
 227.571933     -2.671  22.679509    13.2559   -0.10080     -2.649    18.0986    13.2976 -9.990e-29
 227.571939     -2.545  30.896982    13.2251   -0.10083     -2.524    25.4404    18.9594 -9.990e-29
 227.571944     -2.411  35.306742    13.1921   -0.10092     -2.391    29.5133    22.1098 -9.990e-29
 227.571950     -2.281  36.777809    13.1641   -0.10102     -2.262    30.9047    23.1906 -9.990e-29
 227.571956     -2.165  37.269927    13.1480   -0.10095     -2.147    31.3781    23.5598 -9.990e-29
 227.571962     -2.054  37.431404    13.1410   -0.10093     -2.037    31.5351    23.6826 -9.990e-29
 227.571968     -1.934  37.479790    13.1357   -0.10092     -1.918    31.5848    23.7220 -9.990e-29
 227.571973     -1.793  37.485775    13.1153   -0.10095     -1.778    31.6074    23.7435 -9.990e-29
 227.571979     -1.625  37.474171    13.0709   -0.10101     -1.611    31.6334    23.7723 -9.990e-29
 227.571985     -1.437  37.459800    13.0236   -0.10108     -1.425    31.6593    23.8016 -9.990e-29
 227.571991     -1.244  37.451548    12.9924   -0.10111     -1.234    31.6775    23.8217 -9.990e-29
 227.571997     -1.057  37.445138    12.9699   -0.10111     -1.048    31.6903    23.8360 -9.990e-29
 227.572002     -0.887  37.422486    12.9532   -0.10110     -0.880    31.6828    23.8335 -9.990e-29
 227.572008     -0.736  37.390405    12.9499   -0.10097     -0.730    31.6553    23.8128 -9.990e-29
 227.572014     -0.598  37.377907    12.9551   -0.10087     -0.593    31.6391    23.7993 -9.990e-29
 227.572020     -0.469  37.384597    12.9569   -0.10086     -0.465    31.6439    23.8026 -9.990e-29
 227.572025     -0.353  37.386316    12.9494   -0.10088     -0.350    31.6517    23.8102 -9.990e-29
 227.572031     -0.256  37.377516    12.9331   -0.10099     -0.254    31.6570    23.8174 -9.990e-29
 227.572037     -0.175  37.365539    12.9140   -0.10102     -0.174    31.6617    23.8247 -9.990e-29
 227.572043     -0.107  37.355734    12.9014   -0.10096     -0.106    31.6630    23.8282 -9.990e-29
 227.572049     -0.046  37.351857    12.9008   -0.10096     -0.046    31.6598    23.8258 -9.990e-29
 227.572054      0.011  37.352669    12.9167   -0.10097      0.011    31.6472    23.8130 -9.990e-29
 227.572060      0.065  37.354772    12.9463   -0.10101      0.064    31.6245    23.7897 -9.990e-29
 227.572066      0.113  37.358173    12.9733   -0.10103      0.112    31.6051    23.7694 -9.990e-29
 227.572072      0.155  37.366297    12.9845   -0.10105      0.154    31.6034    23.7659 -9.990e-29
 227.572078      0.184  37.373730    12.9772   -0.10098      0.182    31.6164    23.7775 -9.990e-29
 227.572083      0.204  37.371329    12.9595   -0.10092      0.202    31.6290    23.7906 -9.990e-29
 227.572089      0.227  37.363193    12.9472   -0.10102      0.225    31.6316    23.7950 -9.990e-29
 227.572095      0.259  37.359793    12.9449   -0.10110      0.257    31.6303    23.7944 -9.990e-29
 227.572101      0.290  37.369499    12.9455   -0.10114      0.288    31.6389    23.8010 -9.990e-29
 227.572106      0.314  37.385628    12.9433   -0.10117      0.311    31.6559    23.8146 -9.990e-29
 227.572112      0.331  37.388755    12.9362   -0.10117      0.328    31.6648    23.8228 -9.990e-29
 227.572118      0.347  37.378573    12.9273   -0.10114      0.344    31.6626    23.8229 -9.990e-29
 227.572124      0.367  37.372922    12.9252   -0.10112      0.364    31.6591    23.8205 -9.990e-29
 227.572130      0.389  37.379977    12.9335   -0.10107      0.386    31.6588    23.8187 -9.990e-29
 227.572135      0.409  37.390082    12.9371   -0.10112      0.406    31.6653    23.8230 -9.990e-29
 227.572141      0.429  37.392605    12.9220   -0.10116      0.425    31.6803    23.8376 -9.990e-29
 227.572147      0.454  37.386436    12.8974   -0.10118      0.450    31.6951    23.8538 -9.990e-29
 227.572153      0.490  37.377381    12.8779   -0.10118      0.486    31.7028    23.8636 -9.990e-29
 227.572159      0.536  37.373560    12.8678   -0.10115      0.532    31.7077    23.8693 -9.990e-29
 227.572164      0.585  37.374930    12.8653   -0.10111      0.580    31.7111    23.8724 -9.990e-29
 227.572170      0.628  37.377151    12.8689   -0.10103      0.623    31.7101    23.8709 -9.990e-29
 227.572176      0.654  37.383754    12.8779   -0.10115      0.649    31.7088    23.8682 -9.990e-29
 227.572182      0.658  37.393455    12.8859   -0.10123      0.653    31.7112    23.8685 -9.990e-29
 227.572188      0.643  37.392841    12.8849   -0.10125      0.638    31.7115    23.8689 -9.990e-29
 227.572193      0.629  37.376056    12.8776   -0.10126      0.624    31.7018    23.8628 -9.990e-29
 227.572199      0.634  37.353261    12.8715   -0.10126      0.629    31.6854    23.8513 -9.990e-29
 227.572205      0.661  37.338373    12.8700   -0.10126      0.655    31.6726    23.8417 -9.990e-29
 227.572211      0.705  37.336785    12.8744   -0.10126      0.699    31.6674    23.8368 -9.990e-29
 227.572216      0.749  37.348069    12.8844   -0.10127      0.743    31.6696    23.8366 -9.990e-29
 227.572222      0.785  37.364845    12.8869   -0.10127      0.778    31.6834    23.8468 -9.990e-29
 227.572228      0.811  37.374160    12.8692   -0.10125      0.804    31.7070    23.8685 -9.990e-29
 227.572234      0.827  37.374425    12.8438   -0.10125      0.820    31.7285    23.8900 -9.990e-29
 227.572240      0.840  37.372734    12.8268   -0.10124      0.833    31.7412    23.9031 -9.990e-29
 227.572245      0.859  37.373568    12.8189   -0.10123      0.852    31.7486    23.9104 -9.990e-29
 227.572251      0.885  37.377481    12.8155   -0.10116      0.878    31.7552    23.9161 -9.990e-29
 227.572257      0.911  37.381845    12.8142   -0.10120      0.903    31.7604    23.9204 -9.990e-29
 227.572263      0.934  37.384075    12.8137   -0.10126      0.926    31.7629    23.9225 -9.990e-29
 227.572269      0.956  37.383228    12.8137   -0.10125      0.948    31.7621    23.9218 -9.990e-29
 227.572274      0.979  37.380425    12.8148   -0.10125      0.971    31.7585    23.9188 -9.990e-29
 227.572280      1.003  37.378668    12.8172   -0.10123      0.995    31.7548    23.9155 -9.990e-29
 227.572286      1.030  37.381231    12.8203   -0.10118      1.021    31.7546    23.9148 -9.990e-29
 227.572292      1.058  37.387053    12.8250   -0.10125      1.049    31.7562    23.9151 -9.990e-29
 227.572297      1.081  37.391569    12.8341   -0.10129      1.072    31.7528    23.9107 -9.990e-29
 227.572303      1.094  37.393519    12.8433   -0.10131      1.085    31.7469    23.9044 -9.990e-29
 227.572309      1.100  37.391024    12.8434   -0.10127      1.091    31.7444    23.9024 -9.990e-29
 227.572315      1.107  37.379086    12.8376   -0.10122      1.098    31.7380    23.8986 -9.990e-29
 227.572321      1.127  37.359746    12.8331   -0.10125      1.118    31.7235    23.8882 -9.990e-29
 227.572326      1.159  37.345922    12.8320   -0.10128      1.149    31.7114    23.8791 -9.990e-29
 227.572332      1.192  37.348910    12.8362   15.89989      1.182    31.7107    23.8777 -9.990e-29
 227.572338      1.218  37.361483    12.8385   26.08678      1.208    31.7206    23.8849 -9.990e-29
 227.572344      1.236  37.366769    12.8301   27.53832      1.226    31.7326    23.8959 -9.990e-29
 227.572350      1.251  37.361732    12.8173   24.03288      1.241    31.7386    23.9030 -9.990e-29
 227.572355      1.268  37.357051    12.8118   15.47445      1.257    31.7388    23.9042 -9.990e-29
 227.572361      1.283  37.361070    12.8173   12.51234      1.272    31.7380    23.9025 -9.990e-29
 227.572367      1.294  37.368499    12.8253   12.52889      1.283    31.7383    23.9012 -9.990e-29
 227.572373      1.306  37.369062    12.8254   12.51190      1.295    31.7387    23.9015 -9.990e-29
 227.572378      1.323  37.359594    12.8167   12.52637      1.312    31.7371    23.9019 -9.990e-29
 227.572384      1.347  37.340944    12.7997   12.53975      1.336    31.7337    23.9026 -9.990e-29
 227.572390      1.375  37.314050    12.7779   12.54705      1.364    31.7266    23.9013 -9.990e-29
 227.572396      1.400  37.285678    12.7627   12.54958      1.388    31.7125    23.8933 -9.990e-29
 227.572402      1.415  37.267914    12.7626   12.54624      1.403    31.6958    23.8804 -9.990e-29
 227.572407      1.416  37.263993    12.7768   12.54641      1.404    31.6802    23.8655 -9.990e-29
 227.572413      1.414  37.268693    12.7960   11.35395      1.402    31.6685    23.8528 -9.990e-29
 227.572419      1.419  37.275391    12.8071    7.19585      1.407    31.6655    23.8484 -9.990e-29
 227.572425      1.437  37.278451    12.8052    4.59957      1.425    31.6700    23.8522 -9.990e-29
 227.572431      1.465  37.276921    12.7937    3.57838      1.453    31.6782    23.8608 -9.990e-29
 227.572436      1.495  37.272137    12.7819    4.20510      1.483    31.6835    23.8672 -9.990e-29
 227.572442      1.522  37.267260    12.7786    5.82534      1.509    31.6817    23.8664 -9.990e-29
 227.572448      1.538  37.265886    12.7842    6.46880      1.525    31.6757    23.8607 -9.990e-29
 227.572454      1.544  37.268432    12.7936    6.78514      1.531    31.6702    23.8546 -9.990e-29
 227.572459      1.554  37.272694    12.7998    6.96302      1.541    31.6690    23.8525 -9.990e-29
 227.572465      1.581  37.275392    12.7987    7.04504      1.568    31.6725    23.8554 -9.990e-29
 227.572471      1.623  37.275090    12.7936    7.07344      1.609    31.6765    23.8595 -9.990e-29
 227.572477      1.665  37.273079    12.7897    7.08817      1.651    31.6778    23.8613 -9.990e-29
 227.572483      1.700  37.271728    12.7859    7.11723      1.686    31.6797    23.8635 -9.990e-29
 227.572488      1.733  37.270927    12.7778    7.14046      1.719    31.6858    23.8697 -9.990e-29
 227.572494      1.764  37.267933    12.7669    7.15578      1.749    31.6921    23.8767 -9.990e-29
 227.572500      1.791  37.262689    12.7609    7.16835      1.776    31.6921    23.8779 -9.990e-29
 227.572506      1.803  37.259424    12.7662    7.17572      1.788    31.6846    23.8710 -9.990e-29
 227.572512      1.792  37.262203    12.7806    7.17281      1.777    31.6751    23.8609 -9.990e-29
 227.572517      1.767  37.269129    12.7955    7.15401      1.752    31.6692    23.8535 -9.990e-29
 227.572523      1.747  37.274868    12.8038    7.12866      1.732    31.6677    23.8507 -9.990e-29
 227.572529      1.747  37.277553    12.8029    7.11341      1.732    31.6710    23.8534 -9.990e-29
 227.572535      1.768  37.277411    12.7945    7.09346      1.753    31.6779    23.8604 -9.990e-29
 227.572541      1.803  37.274266    12.7819    7.08635      1.788    31.6854    23.8687 -9.990e-29
 227.572546      1.840  37.268977    12.7682    7.07957      1.825    31.6919    23.8763 -9.990e-29
 227.572552      1.870  37.262910    12.7547    7.08307      1.854    31.6975    23.8832 -9.990e-29
 227.572558      1.890  37.256953    12.7444    7.08753      1.874    31.7005    23.8875 -9.990e-29
 227.572564      1.902  37.252703    12.7427    7.09291      1.886    31.6979    23.8858 -9.990e-29
 227.572569      1.906  37.252352    12.7503    7.10823      1.890    31.6912    23.8792 -9.990e-29
 227.572575      1.907  37.255999    12.7621    7.11346      1.891    31.6847    23.8719 -9.990e-29
 227.572581      1.913  37.261224    12.7752    7.10344      1.897    31.6787    23.8647 -9.990e-29
 227.572587      1.929  37.265472    12.7893    7.11390      1.913    31.6709    23.8560 -9.990e-29
 227.572593      1.955  37.268813    12.8012    7.13026      1.939    31.6640    23.8484 -9.990e-29
 227.572598      1.991  37.271787    12.8078    7.15180      1.974    31.6613    23.8450 -9.990e-29
 227.572604      2.024  37.273324    12.8137    7.17630      2.007    31.6578    23.8411 -9.990e-29
 227.572610      2.044  37.274360    12.8250    7.15930      2.027    31.6493    23.8324 -9.990e-29
 227.572616      2.052  37.277406    12.8402    7.13538      2.035    31.6394    23.8218 -9.990e-29
 227.572622      2.058  37.283356    12.8556    7.10837      2.041    31.6322    23.8132 -9.990e-29
 227.572627      2.066  37.290619    12.8668    7.10426      2.049    31.6297    23.8091 -9.990e-29
 227.572633      2.081  37.296177    12.8650    7.10147      2.064    31.6364    23.8147 -9.990e-29
 227.572639      2.108  37.296234    12.8463    7.11431      2.090    31.6521    23.8304 -9.990e-29
 227.572645      2.141  37.288815    12.8227    7.10222      2.123    31.6648    23.8449 -9.990e-29
 227.572650      2.164  37.279175    12.8102    7.09130      2.146    31.6662    23.8483 -9.990e-29
 227.572656      2.169  37.274645    12.8152    7.07629      2.151    31.6577    23.8408 -9.990e-29
 227.572662      2.167  37.277594    12.8291    7.05705      2.149    31.6489    23.8313 -9.990e-29
 227.572668      2.170  37.284105    12.8354    7.04512      2.152    31.6497    23.8307 -9.990e-29
 227.572674      2.182  37.286603    12.8298    7.03268      2.164    31.6568    23.8373 -9.990e-29
 227.572679      2.200  37.283942    12.8162    7.03021      2.182    31.6657    23.8467 -9.990e-29
 227.572685      2.221  37.278749    12.7973    7.04030      2.202    31.6766    23.8589 -9.990e-29
 227.572691      2.245  37.271393    12.7822    7.05056      2.226    31.6823    23.8662 -9.990e-29
 227.572697      2.266  37.265525    12.7807    7.06211      2.247    31.6780    23.8631 -9.990e-29
 227.572703      2.272  37.264537    12.7913    7.07581      2.253    31.6682    23.8535 -9.990e-29
 227.572708      2.265  37.267670    12.8070    7.06715      2.246    31.6580    23.8426 -9.990e-29
 227.572714      2.255  37.273499    12.8218    7.05473      2.236    31.6511    23.8344 -9.990e-29
 227.572720      2.256  37.279148    12.8320    7.03553      2.237    31.6479    23.8299 -9.990e-29
 227.572726      2.268  37.282624    12.8332    7.02151      2.249    31.6501    23.8315 -9.990e-29
 227.572731      2.286  37.282962    12.8202    7.01990      2.267    31.6614    23.8426 -9.990e-29
 227.572737      2.313  37.278374    12.7995    6.99946      2.294    31.6744    23.8567 -9.990e-29
 227.572743      2.340  37.271158    12.7832    6.99150      2.320    31.6812    23.8651 -9.990e-29
 227.572749      2.362  37.265714    12.7734    6.98803      2.342    31.6843    23.8694 -9.990e-29
 227.572755      2.379  37.262072    12.7668    6.99552      2.359    31.6864    23.8723 -9.990e-29
 227.572760      2.394  37.259302    12.7641    7.00137      2.374    31.6860    23.8725 -9.990e-29
 227.572766      2.406  37.258762    12.7666    7.00549      2.386    31.6834    23.8700 -9.990e-29
 227.572772      2.413  37.260294    12.7709    7.01019      2.393    31.6812    23.8675 -9.990e-29
 227.572778      2.411  37.262581    12.7742    7.01188      2.391    31.6806    23.8664 -9.990e-29
 227.572784      2.403  37.265312    12.7775    7.02865      2.383    31.6804    23.8656 -9.990e-29
 227.572789      2.397  37.267645    12.7812    7.02038      2.377    31.6795    23.8642 -9.990e-29
 227.572795      2.399  37.268772    12.7855    7.01220      2.379    31.6770    23.8614 -9.990e-29
 227.572801      2.407  37.269640    12.7899    7.01156      2.387    31.6741    23.8584 -9.990e-29
 227.572807      2.422  37.270850    12.7923    7.02443      2.402    31.6732    23.8572 -9.990e-29
 227.572813      2.445  37.271216    12.7925    7.02350      2.425    31.6734    23.8573 -9.990e-29
 227.572818      2.474  37.270669    12.7916    7.01416      2.453    31.6736    23.8577 -9.990e-29
