data/oxygen options/OCNMS/OCNMS2/raw_data/2005/CTD_TH100_081505faedb.cnv
* Sea-Bird SBE19 Data File:
* FileName = C:\Hypoxia Data\TH100_081505.hex
* Software Version 1.1.6
* Temperature SN = 2997
* Conductivity SN = 2997
* System UpLoad Time = Aug 15 2005 18:16:53
* SEACAT PROFILER V3.1c SN 2997   08/15/05  18:15:45.006
* strain gauge pressure sensor: S/N = 184829,  range = 3000 psia,  tc = 40
# nquan = 9
# nvalues = 100                         
# units = specified
# name 0 = timeJ: Julian Days
# name 1 = prSM: Pressure, Strain Gauge [db]
# name 2 = c0mS/cm: Conductivity [mS/cm]
# name 3 = t090C: Temperature [ITS-90, deg C]
# name 4 = oxML/L: Oxygen, Beckman/YSI [ml/l]
# name 5 = depSM: Depth [salt water, m], lat = 47.5
# name 6 = sal00: Salinity, Practical [PSU]
# name 7 = sigma-é00: Density [sigma-theta, kg/m^3]
# name 8 = flag: flag
# span 0 = 227.654091, 227.655411       
# span 1 =      4.000,    103.000       
# span 2 =  34.452034,  38.636619       
# span 3 =     7.3112,    14.1110       
# span 4 =    3.03370,    6.85355       
# span 5 =      3.967,    102.115       
# span 6 =    31.8463,    33.8791       
# span 7 =    23.7289,    26.4935       
# span 8 = 0.0000e+00, 0.0000e+00       
# interval = decibars: 1                
# start_time = Aug 15 2005 15:38:26 [Instrument's time stamp, header]
# bad_flag = -9.990e-29
*END*
 227.654091      4.000  38.636619    14.1110    6.85355      3.967    31.8463    23.7289 0.0000e+00
 227.654112      5.000  38.303155    13.3496    6.10788      4.958    32.1748    24.1356 0.0000e+00
 227.654129      6.000  37.439041    11.9738    5.87731      5.949    32.5328    24.6783 0.0000e+00
 227.654145      7.000  36.543369    10.9104    5.98761      6.941    32.5921    24.9169 0.0000e+00
 227.654159      8.000  35.981589    10.3266    5.88442      7.933    32.5520    24.9864 0.0000e+00
 227.654173      9.000  35.653411     9.9633    5.62538      8.925    32.5465    25.0429 0.0000e+00
 227.654191     10.000  35.459332     9.7778    5.50327      9.916    32.5162    25.0498 0.0000e+00
 227.654211     11.000  35.261836     9.5647    5.58656     10.908    32.5068    25.0771 0.0000e+00
 227.654282     12.000  35.243092     9.5725    5.69718     11.899    32.4800    25.0549 0.0000e+00
 227.654327     13.000  35.201464     9.5159    5.62222     12.891    32.4882    25.0704 0.0000e+00
 227.654346     14.000  35.108092     9.3188    5.48348     13.883    32.5710    25.1666 0.0000e+00
 227.654360     15.000  34.975838     9.1169    5.47606     14.874    32.6183    25.2355 0.0000e+00
 227.654374     16.000  34.900426     9.0457    5.45534     15.866    32.6049    25.2363 0.0000e+00
 227.654388     17.000  34.897647     9.0353    5.37551     16.858    32.6111    25.2426 0.0000e+00
 227.654402     18.000  34.891206     9.0154    5.32124     17.849    32.6222    25.2545 0.0000e+00
 227.654415     19.000  34.887189     9.0012    5.29367     18.841    32.6306    25.2633 0.0000e+00
 227.654427     20.000  34.880340     8.9897    5.30233     19.832    32.6337    25.2675 0.0000e+00
 227.654439     21.000  34.876772     8.9818    5.31368     20.823    32.6367    25.2711 0.0000e+00
 227.654448     22.000  34.874232     8.9764    5.30835     21.816    32.6385    25.2734 0.0000e+00
 227.654458     23.000  34.873011     8.9721    5.28522     22.806    32.6408    25.2759 0.0000e+00
 227.654468     24.000  34.871157     8.9606    5.26738     23.798    32.6489    25.2840 0.0000e+00
 227.654476     25.000  34.862297     8.9319    5.27812     24.790    32.6658    25.3016 0.0000e+00
 227.654486     26.000  34.844781     8.8847    5.29903     25.781    32.6904    25.3283 0.0000e+00
 227.654495     27.000  34.817279     8.8242    5.29553     26.773    32.7171    25.3585 0.0000e+00
 227.654504     28.000  34.787516     8.7672    5.26241     27.765    32.7382    25.3837 0.0000e+00
 227.654514     29.000  34.762409     8.7101    5.25773     28.756    32.7643    25.4130 0.0000e+00
 227.654523     30.000  34.736725     8.6315    5.27213     29.747    32.8097    25.4606 0.0000e+00
 227.654532     31.000  34.700768     8.5472    5.27795     30.739    32.8499    25.5048 0.0000e+00
 227.654542     32.000  34.667083     8.4749    5.28749     31.731    32.8813    25.5405 0.0000e+00
 227.654551     33.000  34.641295     8.4197    5.27654     32.722    32.9052    25.5675 0.0000e+00
 227.654561     34.000  34.620906     8.3731    5.26058     33.713    32.9268    25.5914 0.0000e+00
 227.654571     35.000  34.601144     8.3233    5.26010     34.705    32.9521    25.6187 0.0000e+00
 227.654581     36.000  34.580187     8.2841    5.26137     35.696    32.9662    25.6355 0.0000e+00
 227.654592     37.000  34.571077     8.2715    5.25297     36.688    32.9680    25.6388 0.0000e+00
 227.654603     38.000  34.566307     8.2648    5.26087     37.679    32.9687    25.6404 0.0000e+00
 227.654614     39.000  34.562103     8.2585    5.24891     38.671    32.9697    25.6422 0.0000e+00
 227.654624     40.000  34.558731     8.2501    5.23423     39.662    32.9736    25.6465 0.0000e+00
 227.654634     41.000  34.555706     8.2380    5.25005     40.654    32.9812    25.6542 0.0000e+00
 227.654645     42.000  34.550582     8.2222    5.22826     41.645    32.9902    25.6637 0.0000e+00
 227.654656     43.000  34.544839     8.2069    5.21102     42.637    32.9980    25.6720 0.0000e+00
 227.654666     44.000  34.537743     8.1888    5.19906     43.628    33.0070    25.6818 0.0000e+00
 227.654676     45.000  34.529579     8.1729    5.20040     44.620    33.0128    25.6886 0.0000e+00
 227.654686     46.000  34.522311     8.1556    5.18775     45.611    33.0210    25.6976 0.0000e+00
 227.654696     47.000  34.512737     8.1339    5.17063     46.602    33.0307    25.7086 0.0000e+00
 227.654707     48.000  34.505044     8.1196    5.15245     47.594    33.0356    25.7144 0.0000e+00
 227.654718     49.000  34.500369     8.1072    5.14328     48.585    33.0418    25.7212 0.0000e+00
 227.654729     50.000  34.495079     8.0820    5.09702     49.577    33.0595    25.7388 0.0000e+00
 227.654741     51.000  34.493403     8.0556    5.04828     50.568    33.0821    25.7605 0.0000e+00
 227.654752     52.000  34.502214     8.0353    5.01164     51.559    33.1103    25.7855 0.0000e+00
 227.654763     53.000  34.506822     8.0177    4.93807     52.551    33.1314    25.8046 0.0000e+00
 227.654774     54.000  34.501714     7.9737    4.84180     53.542    33.1672    25.8392 0.0000e+00
 227.654786     55.000  34.485641     7.8936    4.76263     54.534    33.2256    25.8967 0.0000e+00
 227.654797     56.000  34.462441     7.8156    4.67369     55.525    33.2746    25.9465 0.0000e+00
 227.654807     57.000  34.452034     7.7671    4.57775     56.517    33.3092    25.9807 0.0000e+00
 227.654818     58.000  34.461630     7.7276    4.49390     57.508    33.3569    26.0238 0.0000e+00
 227.654827     59.000  34.472816     7.6970    4.46027     58.499    33.3977    26.0603 0.0000e+00
 227.654838     60.000  34.473977     7.6741    4.44067     59.491    33.4204    26.0814 0.0000e+00
 227.654850     61.000  34.471388     7.6698    4.40980     60.482    33.4213    26.0828 0.0000e+00
 227.654860     62.000  34.468828     7.6458    4.34525     61.473    33.4412    26.1018 0.0000e+00
 227.654871     63.000  34.467872     7.6108    4.27578     62.465    33.4734    26.1321 0.0000e+00
 227.654881     64.000  34.467839     7.5920    4.23455     63.456    33.4910    26.1487 0.0000e+00
 227.654891     65.000  34.467670     7.5785    4.20813     64.447    33.5033    26.1603 0.0000e+00
 227.654901     66.000  34.469781     7.5682    4.20585     65.439    33.5150    26.1710 0.0000e+00
 227.654910     67.000  34.471970     7.5589    4.21015     66.430    33.5259    26.1808 0.0000e+00
 227.654922     68.000  34.473546     7.5519    4.20726     67.421    33.5339    26.1881 0.0000e+00
 227.654933     69.000  34.474709     7.5475    4.22160     68.413    33.5389    26.1927 0.0000e+00
 227.654945     70.000  34.475347     7.5383    4.20283     69.404    33.5479    26.2012 0.0000e+00
 227.654957     71.000  34.476895     7.5281    4.17588     70.396    33.5591    26.2114 0.0000e+00
 227.654968     72.000  34.481454     7.5213    4.18019     71.387    33.5701    26.2210 0.0000e+00
 227.654981     73.000  34.484258     7.5183    4.15875     72.377    33.5755    26.2257 0.0000e+00
 227.654992     74.000  34.484706     7.5146    4.10701     73.369    33.5790    26.2290 0.0000e+00
 227.655004     75.000  34.486058     7.4992    4.04198     74.361    33.5950    26.2438 0.0000e+00
 227.655015     76.000  34.491112     7.4846    3.96662     75.351    33.6141    26.2609 0.0000e+00
 227.655025     77.000  34.505882     7.4832    3.88807     76.343    33.6310    26.2743 0.0000e+00
 227.655036     78.000  34.537143     7.4945    3.83175     77.334    33.6534    26.2903 0.0000e+00
 227.655047     79.000  34.567294     7.5049    3.81250     78.326    33.6754    26.3062 0.0000e+00
 227.655060     80.000  34.584195     7.5084    3.79794     79.317    33.6899    26.3171 0.0000e+00
 227.655073     81.000  34.587847     7.5058    3.75593     80.308    33.6959    26.3223 0.0000e+00
 227.655087     82.000  34.592723     7.4934    3.70782     81.299    33.7127    26.3372 0.0000e+00
 227.655098     83.000  34.595883     7.4730    3.68899     82.291    33.7355    26.3580 0.0000e+00
 227.655109     84.000  34.594474     7.4512    3.66673     83.282    33.7547    26.3762 0.0000e+00
 227.655120     85.000  34.588958     7.4382    3.65216     84.273    33.7608    26.3829 0.0000e+00
 227.655131     86.000  34.585603     7.4333    3.65980     85.264    33.7615    26.3841 0.0000e+00
 227.655144     87.000  34.584582     7.4313    3.66045     86.256    33.7619    26.3848 0.0000e+00
 227.655159     88.000  34.583556     7.4278    3.65094     87.247    33.7637    26.3867 0.0000e+00
 227.655174     89.000  34.584909     7.4271    3.63184     88.238    33.7653    26.3881 0.0000e+00
 227.655188     90.000  34.587350     7.4274    3.63658     89.229    33.7672    26.3895 0.0000e+00
 227.655202     91.000  34.588439     7.4276    3.59034     90.221    33.7677    26.3898 0.0000e+00
 227.655213     92.000  34.594918     7.4309    3.51021     91.212    33.7711    26.3921 0.0000e+00
 227.655226     93.000  34.614626     7.4254    3.39272     92.203    33.7973    26.4135 0.0000e+00
 227.655238     94.000  34.594846     7.3526    3.27924     93.195    33.8464    26.4624 0.0000e+00
 227.655252     95.000  34.560972     7.3112    3.20059     94.186    33.8496    26.4708 0.0000e+00
 227.655267     96.000  34.563216     7.3156    3.17290     95.176    33.8472    26.4683 0.0000e+00
 227.655282     97.000  34.575978     7.3158    3.07603     96.168    33.8604    26.4786 0.0000e+00
 227.655296     98.000  34.587139     7.3131    3.05393     97.159    33.8748    26.4903 0.0000e+00
 227.655311     99.000  34.589198     7.3139    3.04825     98.150    33.8757    26.4909 0.0000e+00
 227.655327    100.000  34.590570     7.3150    3.04673     99.141    33.8756    26.4907 0.0000e+00
 227.655343    101.000  34.592145     7.3143    3.04123    100.133    33.8775    26.4923 0.0000e+00
 227.655360    102.000  34.594020     7.3144    3.03592    101.124    33.8791    26.4935 0.0000e+00
 227.655411    103.000  34.594253     7.3151    3.03370    102.115    33.8780    26.4927 0.0000e+00
