data/oxygen options/OCNMS/OCNMS2/raw_data/2005/CTD_TH90_081505faed.cnv
* Sea-Bird SBE19 Data File:
* FileName = C:\Hypoxia Data\TH90_081505.hex
* Software Version 1.1.6
* Temperature SN = 2997
* Conductivity SN = 2997
* System UpLoad Time = Aug 15 2005 18:19:02
* SEACAT PROFILER V3.1c SN 2997   08/15/05  18:18:19.752
* strain gauge pressure sensor: S/N = 184829,  range = 3000 psia,  tc = 40
# nquan = 9                                 
# nvalues = 1940                        
# units = specified
# name 0 = timeJ: Julian Days
# name 1 = prSM: Pressure, Strain Gauge [db]
# name 2 = c0mS/cm: Conductivity [mS/cm]
# name 3 = t090C: Temperature [ITS-90, deg C]
# name 4 = oxML/L: Oxygen, Beckman/YSI [ml/l]
# name 5 = depSM: Depth [salt water, m], lat = 47.5
# name 6 = sal00: Salinity, Practical [PSU]
# name 7 = sigma-é00: Density [sigma-theta, kg/m^3]
# name 8 = flag: flag
# span 0 = 227.665289, 227.676510       
# span 1 =     -3.601,     92.801       
# span 2 =   0.522433,  37.943774       
# span 3 =     7.3295,    14.3345       
# span 4 =   -0.11810,   26.79557       
# span 5 =     -3.571,     92.006       
# span 6 =     0.3215,    33.8573       
# span 7 =    -0.5514,    26.4742       
# span 8 = 0.0000e+00, 0.0000e+00       
# interval = seconds: 0.5
# start_time = Aug 15 2005 15:58:01 [Instrument's time stamp, header]
# bad_flag = -9.990e-29
*END*
[from data line 1441]
 227.673628     70.079  34.484064     7.4552    3.88416     69.482    33.6378    26.2836 0.0000e+00
 227.673634     70.421  34.485598     7.4527    3.85230     69.821    33.6417    26.2870 0.0000e+00
 227.673640     70.740  34.487285     7.4515    3.83004     70.138    33.6446    26.2894 0.0000e+00
 227.673646     71.034  34.490243     7.4507    3.82403     70.429    33.6484    26.2925 0.0000e+00
 227.673652     71.293  34.493734     7.4500    3.84399     70.686    33.6528    26.2961 0.0000e+00
 227.673657     71.502  34.496803     7.4498    3.87022     70.893    33.6562    26.2988 0.0000e+00
 227.673663     71.654  34.498301     7.4511    3.89020     71.044    33.6565    26.2988 -9.990e-29
 227.673669     71.746  34.496853     7.4540    3.89974     71.135    33.6520    26.2949 -9.990e-29
 227.673675     71.792  34.492576     7.4572    3.90096     71.180    33.6443    26.2884 -9.990e-29
 227.673681     71.825  34.488170     7.4591    3.90675     71.213    33.6376    26.2829 -9.990e-29
 227.673686     71.863  34.486167     7.4596    3.90399     71.251    33.6350    26.2807 -9.990e-29
 227.673692     71.906  34.486134     7.4593    3.91217     71.293    33.6352    26.2809 -9.990e-29
 227.673698     71.943  34.486901     7.4587    3.90455     71.330    33.6366    26.2821 -9.990e-29
 227.673704     71.963  34.487805     7.4577    3.89882     71.350    33.6385    26.2838 -9.990e-29
 227.673709     71.977  34.488362     7.4568    3.88990     71.364    33.6400    26.2851 -9.990e-29
 227.673715     72.002  34.488748     7.4562    3.87234     71.389    33.6410    26.2859 -9.990e-29
 227.673721     72.040  34.489474     7.4555    3.87165     71.426    33.6424    26.2872 -9.990e-29
 227.673727     72.084  34.490382     7.4551    3.88049     71.470    33.6438    26.2883 -9.990e-29
 227.673733     72.122  34.490994     7.4550    3.88215     71.508    33.6445    26.2889 -9.990e-29
 227.673738     72.133  34.491561     7.4548    3.88063     71.518    33.6453    26.2896 -9.990e-29
 227.673744     72.114  34.492271     7.4541    3.86891     71.500    33.6468    26.2908 -9.990e-29
 227.673750     72.080  34.492944     7.4531    3.85156     71.466    33.6485    26.2923 -9.990e-29
 227.673756     72.056  34.493350     7.4521    3.84582     71.442    33.6499    26.2936 -9.990e-29
 227.673762     72.057  34.493469     7.4516    3.85672     71.443    33.6505    26.2941 -9.990e-29
 227.673767     72.083  34.493453     7.4518    3.86408     71.469    33.6503    26.2939 -9.990e-29
 227.673773     72.119  34.493837     7.4522    3.86587     71.505    33.6503    26.2939 -9.990e-29
 227.673779     72.145  34.494567     7.4526    3.85077     71.530    33.6507    26.2941 -9.990e-29
 227.673785     72.159  34.494927     7.4527    3.85145     71.544    33.6510    26.2943 -9.990e-29
 227.673791     72.170  34.495390     7.4521    3.84717     71.555    33.6521    26.2953 -9.990e-29
 227.673796     72.183  34.496010     7.4511    3.83039     71.568    33.6537    26.2967 -9.990e-29
 227.673802     72.200  34.496487     7.4500    3.83044     71.585    33.6553    26.2981 -9.990e-29
 227.673808     72.216  34.497452     7.4492    3.82775     71.601    33.6571    26.2996 -9.990e-29
 227.673814     72.225  34.498503     7.4491    3.82968     71.610    33.6583    26.3006 -9.990e-29
 227.673819     72.223  34.498793     7.4491    3.83044     71.608    33.6587    26.3008 -9.990e-29
 227.673825     72.209  34.498703     7.4490    3.83626     71.594    33.6587    26.3009 -9.990e-29
 227.673831     72.188  34.498671     7.4492    3.84705     71.573    33.6584    26.3007 -9.990e-29
 227.673837     72.161  34.498646     7.4496    3.84637     71.546    33.6580    26.3003 -9.990e-29
 227.673843     72.127  34.498591     7.4498    3.83917     71.513    33.6578    26.3001 -9.990e-29
 227.673848     72.088  34.498428     7.4497    3.83946     71.474    33.6577    26.3000 -9.990e-29
 227.673854     72.051  34.497934     7.4495    3.83281     71.437    33.6574    26.2998 -9.990e-29
 227.673860     72.022  34.497007     7.4493    3.83605     71.408    33.6566    26.2992 -9.990e-29
 227.673866     72.006  34.496088     7.4492    3.85173     71.393    33.6557    26.2985 -9.990e-29
 227.673872     72.008  34.495626     7.4493    3.84672     71.395    33.6551    26.2980 -9.990e-29
 227.673877     72.023  34.495563     7.4494    3.84065     71.409    33.6550    26.2979 -9.990e-29
 227.673883     72.048  34.495809     7.4492    3.83547     71.434    33.6554    26.2983 -9.990e-29
 227.673889     72.089  34.496126     7.4487    3.83019     71.475    33.6562    26.2990 -9.990e-29
 227.673895     72.153  34.496373     7.4478    3.82779     71.538    33.6573    26.3000 -9.990e-29
 227.673900     72.231  34.497432     7.4471    3.82290     71.616    33.6591    26.3015 -9.990e-29
 227.673906     72.297  34.499589     7.4469    3.82792     71.681    33.6616    26.3035 -9.990e-29
 227.673912     72.332  34.501229     7.4472    3.83151     71.716    33.6631    26.3046 -9.990e-29
 227.673918     72.332  34.501167     7.4479    3.82980     71.716    33.6623    26.3039 -9.990e-29
 227.673924     72.310  34.499875     7.4485    3.83681     71.694    33.6604    26.3023 -9.990e-29
 227.673929     72.279  34.498427     7.4489    3.83598     71.663    33.6584    26.3007 -9.990e-29
 227.673935     72.244  34.497692     7.4494    3.83027     71.629    33.6572    26.2996 -9.990e-29
 227.673941     72.215  34.497246     7.4499    3.85287     71.600    33.6562    26.2988 -9.990e-29
 227.673947     72.209  34.496490     7.4500    3.84711     71.594    33.6553    26.2981 -9.990e-29
 227.673953     72.234  34.496095     7.4497    3.83972     71.619    33.6552    26.2980 -9.990e-29
 227.673958     72.285  34.496091     7.4492    3.84399     71.669    33.6556    26.2984 -9.990e-29
 227.673964     72.364  34.495906     7.4487    3.83649     71.747    33.6559    26.2987 -9.990e-29
 227.673970     72.470  34.495846     7.4482    3.83493     71.853    33.6562    26.2991 -9.990e-29
 227.673976     72.601  34.496389     7.4478    3.82719     71.982    33.6571    26.2998 0.0000e+00
 227.673981     72.754  34.497691     7.4476    3.82224     72.134    33.6587    26.3011 0.0000e+00
 227.673987     72.920  34.499241     7.4475    3.82431     72.299    33.6604    26.3024 0.0000e+00
 227.673993     73.098  34.500295     7.4474    3.82361     72.475    33.6615    26.3033 0.0000e+00
 227.673999     73.290  34.501130     7.4473    3.80944     72.665    33.6624    26.3041 0.0000e+00
 227.674005     73.500  34.502293     7.4470    3.80563     72.874    33.6639    26.3053 0.0000e+00
 227.674010     73.728  34.503648     7.4465    3.79316     73.100    33.6657    26.3068 0.0000e+00
 227.674016     73.977  34.505315     7.4465    3.78931     73.346    33.6674    26.3081 0.0000e+00
 227.674022     74.253  34.507829     7.4474    3.78757     73.620    33.6691    26.3093 0.0000e+00
 227.674028     74.557  34.511171     7.4486    3.77498     73.921    33.6714    26.3110 0.0000e+00
 227.674034     74.882  34.514746     7.4492    3.76569     74.244    33.6746    26.3134 0.0000e+00
 227.674039     75.229  34.517709     7.4488    3.75144     74.588    33.6780    26.3161 0.0000e+00
 227.674045     75.597  34.520080     7.4477    3.73955     74.952    33.6815    26.3190 0.0000e+00
 227.674051     75.980  34.523893     7.4466    3.72428     75.332    33.6865    26.3231 0.0000e+00
 227.674057     76.373  34.529739     7.4455    3.72128     75.722    33.6937    26.3290 0.0000e+00
 227.674062     76.774  34.534754     7.4443    3.70588     76.119    33.7001    26.3342 0.0000e+00
 227.674068     77.185  34.537770     7.4425    3.69149     76.527    33.7049    26.3382 0.0000e+00
 227.674074     77.605  34.539439     7.4393    3.67598     76.943    33.7097    26.3424 0.0000e+00
 227.674080     78.032  34.539177     7.4349    3.66523     77.366    33.7134    26.3460 0.0000e+00
 227.674086     78.457  34.537748     7.4310    3.64765     77.787    33.7155    26.3482 0.0000e+00
 227.674091     78.875  34.537721     7.4293    3.64835     78.202    33.7169    26.3495 0.0000e+00
 227.674097     79.281  34.540735     7.4298    3.63732     78.604    33.7195    26.3515 0.0000e+00
 227.674103     79.677  34.547435     7.4317    3.60836     78.997    33.7247    26.3554 0.0000e+00
 227.674109     80.056  34.556657     7.4340    3.58406     79.372    33.7323    26.3610 0.0000e+00
 227.674115     80.414  34.566117     7.4346    3.55557     79.727    33.7418    26.3684 0.0000e+00
 227.674120     80.752  34.574408     7.4323    3.53034     80.062    33.7529    26.3774 0.0000e+00
 227.674126     81.070  34.580245     7.4279    3.50777     80.378    33.7633    26.3863 0.0000e+00
 227.674132     81.359  34.584677     7.4238    3.50404     80.664    33.7720    26.3937 0.0000e+00
 227.674138     81.601  34.588561     7.4221    3.50827     80.904    33.7777    26.3984 0.0000e+00
 227.674144     81.789  34.589780     7.4229    3.51476     81.090    33.7782    26.3987 0.0000e+00
 227.674149     81.928  34.587709     7.4248    3.53804     81.228    33.7740    26.3951 -9.990e-29
 227.674155     82.037  34.584066     7.4265    3.54289     81.336    33.7684    26.3905 -9.990e-29
 227.674161     82.126  34.581276     7.4270    3.54470     81.424    33.7648    26.3876 -9.990e-29
 227.674167     82.201  34.580658     7.4266    3.53991     81.499    33.7645    26.3874 -9.990e-29
 227.674172     82.268  34.581383     7.4255    3.51371     81.565    33.7663    26.3890 -9.990e-29
 227.674178     82.325  34.582731     7.4234    3.49959     81.622    33.7698    26.3920 -9.990e-29
 227.674184     82.369  34.585374     7.4216    3.50944     81.665    33.7744    26.3959 -9.990e-29
 227.674190     82.392  34.588345     7.4211    3.51901     81.688    33.7781    26.3989 -9.990e-29
 227.674196     82.389  34.588873     7.4217    3.51810     81.685    33.7781    26.3988 -9.990e-29
 227.674201     82.364  34.586535     7.4224    3.51940     81.660    33.7749    26.3962 -9.990e-29
 227.674207     82.335  34.583815     7.4228    3.52342     81.632    33.7716    26.3935 -9.990e-29
 227.674213     82.323  34.582686     7.4231    3.53638     81.620    33.7701    26.3923 -9.990e-29
 227.674219     82.336  34.582202     7.4235    3.53710     81.633    33.7691    26.3915 -9.990e-29
 227.674225     82.365  34.581150     7.4234    3.53299     81.661    33.7681    26.3907 -9.990e-29
 227.674230     82.395  34.580925     7.4229    3.51403     81.691    33.7683    26.3909 -9.990e-29
 227.674236     82.416  34.582342     7.4226    3.50825     81.712    33.7701    26.3924 -9.990e-29
 227.674242     82.429  34.583361     7.4228    3.53398     81.725    33.7710    26.3931 -9.990e-29
 227.674248     82.438  34.583092     7.4232    3.52792     81.734    33.7703    26.3925 -9.990e-29
 227.674253     82.437  34.582853     7.4232    3.52371     81.733    33.7701    26.3923 -9.990e-29
 227.674259     82.416  34.584002     7.4221    3.50233     81.712    33.7724    26.3943 -9.990e-29
 227.674265     82.387  34.586382     7.4206    3.48470     81.683    33.7765    26.3977 -9.990e-29
 227.674271     82.369  34.588117     7.4198    3.49117     81.665    33.7791    26.3999 -9.990e-29
 227.674277     82.370  34.588713     7.4195    3.49783     81.666    33.7801    26.4007 -9.990e-29
 227.674282     82.390  34.588961     7.4191    3.49842     81.686    33.7807    26.4012 -9.990e-29
 227.674288     82.417  34.589186     7.4190    3.49242     81.713    33.7811    26.4015 -9.990e-29
 227.674294     82.432  34.589122     7.4194    3.49819     81.728    33.7806    26.4011 -9.990e-29
 227.674300     82.436  34.588676     7.4196    3.48683     81.732    33.7799    26.4005 -9.990e-29
 227.674306     82.441  34.588930     7.4188    3.47347     81.737    33.7810    26.4014 -9.990e-29
 227.674311     82.452  34.590218     7.4178    3.47202     81.748    33.7833    26.4035 -9.990e-29
 227.674317     82.466  34.591449     7.4176    3.47385     81.761    33.7849    26.4047 -9.990e-29
 227.674323     82.471  34.592016     7.4181    3.47617     81.766    33.7850    26.4047 -9.990e-29
 227.674329     82.458  34.592108     7.4187    3.49521     81.753    33.7845    26.4042 -9.990e-29
 227.674334     82.435  34.591844     7.4196    3.49090     81.731    33.7833    26.4032 -9.990e-29
 227.674340     82.419  34.591427     7.4205    3.49071     81.715    33.7820    26.4020 -9.990e-29
 227.674346     82.420  34.591046     7.4205    3.49858     81.716    33.7816    26.4017 -9.990e-29
 227.674352     82.443  34.590749     7.4195    3.48025     81.739    33.7823    26.4024 -9.990e-29
 227.674358     82.485  34.590882     7.4182    3.47363     81.780    33.7836    26.4036 -9.990e-29
 227.674363     82.536  34.591611     7.4171    3.49246     81.831    33.7855    26.4052 -9.990e-29
 227.674369     82.586  34.592405     7.4166    3.48392     81.880    33.7868    26.4064 -9.990e-29
 227.674375     82.626  34.592632     7.4170    3.48252     81.920    33.7866    26.4062 -9.990e-29
 227.674381     82.650  34.592024     7.4180    3.48722     81.944    33.7850    26.4047 -9.990e-29
 227.674387     82.673  34.590885     7.4189    3.48290     81.967    33.7829    26.4029 -9.990e-29
 227.674392     82.716  34.589930     7.4191    3.49145     82.009    33.7816    26.4019 -9.990e-29
 227.674398     82.796  34.589563     7.4185    3.48770     82.089    33.7818    26.4021 -9.990e-29
 227.674404     82.917  34.589846     7.4172    3.46152     82.208    33.7833    26.4035 -9.990e-29
 227.674410     83.074  34.590591     7.4149    3.44249     82.364    33.7863    26.4062 0.0000e+00
 227.674416     83.261  34.591660     7.4108    3.42452     82.549    33.7913    26.4107 0.0000e+00
 227.674421     83.477  34.592788     7.4046    3.39990     82.764    33.7985    26.4173 0.0000e+00
 227.674427     83.721  34.593228     7.3965    3.37618     83.005    33.8068    26.4249 0.0000e+00
 227.674433     83.985  34.592438     7.3887    3.34859     83.267    33.8134    26.4312 0.0000e+00
 227.674439     84.251  34.591036     7.3828    3.30417     83.531    33.8175    26.4353 0.0000e+00
 227.674444     84.510  34.589943     7.3749    3.26760     83.788    33.8239    26.4414 0.0000e+00
 227.674450     84.771  34.588251     7.3624    3.24038     84.046    33.8341    26.4512 0.0000e+00
 227.674456     85.044  34.585377     7.3507    3.21291     84.317    33.8423    26.4593 0.0000e+00
 227.674462     85.328  34.583088     7.3451    3.21440     84.598    33.8452    26.4624 0.0000e+00
 227.674468     85.604  34.582242     7.3445    3.22270     84.872    33.8447    26.4621 0.0000e+00
 227.674473     85.871  34.582260     7.3458    3.22368     85.137    33.8433    26.4608 0.0000e+00
 227.674479     86.135  34.582596     7.3467    3.22107     85.398    33.8427    26.4602 0.0000e+00
 227.674485     86.405  34.582568     7.3462    3.22280     85.666    33.8430    26.4605 0.0000e+00
 227.674491     86.690  34.582131     7.3440    3.19533     85.948    33.8445    26.4620 0.0000e+00
 227.674497     86.991  34.581815     7.3403    3.17981     86.247    33.8477    26.4650 0.0000e+00
 227.674502     87.298  34.581752     7.3361    3.17229     86.551    33.8515    26.4687 0.0000e+00
 227.674508     87.599  34.581846     7.3333    3.15896     86.849    33.8542    26.4712 0.0000e+00
 227.674514     87.888  34.582213     7.3326    3.16843     87.136    33.8552    26.4720 0.0000e+00
 227.674520     88.163  34.582772     7.3330    3.17275     87.409    33.8553    26.4720 0.0000e+00
 227.674525     88.432  34.583137     7.3336    3.16070     87.675    33.8549    26.4717 0.0000e+00
 227.674531     88.708  34.583227     7.3341    3.16753     87.949    33.8544    26.4712 0.0000e+00
 227.674537     89.001  34.583155     7.3340    3.17209     88.239    33.8543    26.4712 0.0000e+00
 227.674543     89.315  34.582814     7.3327    3.15862     88.550    33.8551    26.4719 0.0000e+00
