data/oxygen options/OCNMS/OCNMS2/raw_data/2005/CTD_CE100_052505faed.cnv
* Sea-Bird SBE19 Data File:
* FileName = C:\Documents and Settings\kirner.PTANGELES\Desktop\hypoxia CTD data\CE100_052505.hex
* Software Version 1.1.5
* Temperature SN = 2997
* Conductivity SN = 2997
* System UpLoad Time = May 25 2005 17:54:45
* SEACAT PROFILER V3.1c SN 2997   05/25/05  17:50:59.939
* strain gauge pressure sensor: S/N = 184829,  range = 3000 psia,  tc = 40
# nquan = 9                                 
# nvalues = 1736                        
# units = specified
# name 0 = timeJ: Julian Days
# name 1 = prSM: Pressure, Strain Gauge [db]
# name 2 = c0mS/cm: Conductivity [mS/cm]
# name 3 = t090C: Temperature [ITS-90, deg C]
# name 4 = oxML/L: Oxygen, Beckman/YSI [ml/l]
# name 5 = depSM: Depth [salt water, m], lat = 47.5
# name 6 = sal00: Salinity, Practical [PSU]
# name 7 = sigma-é00: Density [sigma-theta, kg/m^3]
# name 8 = flag: flag
# span 0 = 145.518287, 145.528328       
# span 1 =     -4.188,    103.471       
# span 2 =   0.001750,  36.783263       
# span 3 =     7.1514,    17.5571       
# span 4 =   -0.10984,   23.26153       
# span 5 =     -4.153,    102.582       
# span 6 =     0.0090,    33.9486       
# span 7 =    -1.3153,    26.5683       
# span 8 = 0.0000e+00, 0.0000e+00       
# interval = seconds: 0.5
# start_time = May 25 2005 12:26:20 [Instrument's time stamp, header]
# bad_flag = -9.990e-29
*END*
[from data line 161]
 145.519219      0.489  34.386921    14.3638   -0.09939      0.485    27.7998    20.5584 -9.990e-29
 145.519225      0.508  34.373731    14.3200   -0.09905      0.504    27.8194    20.5823 -9.990e-29
 145.519230      0.528  34.366585    14.3280   -0.09896      0.524    27.8072    20.5713 -9.990e-29
 145.519236      0.544  34.367704    14.3960   -0.09920      0.539    27.7595    20.5210 -9.990e-29
 145.519242      0.555  34.365102    14.4558   -0.09949      0.550    27.7144    20.4743 -9.990e-29
 145.519248      0.570  34.358663    14.4470   -0.09950      0.565    27.7150    20.4765 -9.990e-29
 145.519253      0.592  34.352700    14.4026   -0.09920      0.587    27.7413    20.5057 -9.990e-29
 145.519259      0.611  34.347673    14.3867   -0.09898      0.606    27.7482    20.5142 -9.990e-29
 145.519265      0.622  34.344710    14.4291   -0.09883      0.617    27.7153    20.4803 -9.990e-29
 145.519271      0.621  34.339272    14.5227   -0.09887      0.616    27.6437    20.4064 -9.990e-29
 145.519277      0.612  34.329137    14.6134   -0.09913      0.607    27.5703    20.3316 -9.990e-29
 145.519282      0.602  34.320962    14.6421   -0.09914      0.597    27.5427    20.3046 -9.990e-29
 145.519288      0.600  34.318988    14.6041   10.32190      0.595    27.5679    20.3316 -9.990e-29
 145.519294      0.606  34.320033    14.5547   21.44277      0.601    27.6038    20.3692 -9.990e-29
 145.519300      0.611  34.320999    14.5587   23.26153      0.606    27.6018    20.3669 -9.990e-29
 145.519306      0.616  34.319790    14.6217   21.02591      0.611    27.5561    20.3190 -9.990e-29
 145.519311      0.625  34.314207    14.6965   14.51802      0.620    27.4983    20.2593 -9.990e-29
 145.519317      0.635  34.307444    14.7396   10.65597      0.630    27.4619    20.2226 -9.990e-29
 145.519323      0.642  34.303378    14.7321   10.73171      0.637    27.4636    20.2254 -9.990e-29
 145.519329      0.646  34.301635    14.6939   10.74434      0.641    27.4889    20.2527 -9.990e-29
 145.519334      0.648  34.302691    14.6619   10.80069      0.643    27.5125    20.2773 -9.990e-29
 145.519340      0.648  34.309062    14.6252   10.86340      0.643    27.5441    20.3090 -9.990e-29
 145.519346      0.650  34.334825    14.5798   10.94900      0.645    27.5992    20.3606 -9.990e-29
 145.519352      0.662  34.391901    14.5674   11.02016      0.656    27.6588    20.4090 -9.990e-29
 145.519358      0.687  34.457744    14.5871   11.05611      0.681    27.7034    20.4393 -9.990e-29
 145.519363      0.711  34.502435    14.6041   11.10966      0.705    27.7311    20.4572 -9.990e-29
 145.519369      0.725  34.521101    14.6089   11.15396      0.719    27.7443    20.4664 -9.990e-29
 145.519375      0.728  34.524616    14.6089   11.17956      0.722    27.7474    20.4688 -9.990e-29
 145.519381      0.730  34.524383    14.6106   10.81989      0.724    27.7460    20.4673 -9.990e-29
 145.519387      0.740  34.523444    14.6084    7.64040      0.734    27.7468    20.4683 -9.990e-29
 145.519392      0.761  34.518854    14.5855    5.05877      0.755    27.7590    20.4824 -9.990e-29
 145.519398      0.788  34.500001    14.5380    3.74554      0.781    27.7761    20.5052 -9.990e-29
 145.519404      0.813  34.460791    14.4968    3.76696      0.806    27.7705    20.5092 -9.990e-29
 145.519410      0.834  34.427948    14.4820    5.04559      0.827    27.7518    20.4977 -9.990e-29
 145.519416      0.842  34.419869    14.4762    5.74698      0.835    27.7487    20.4965 -9.990e-29
 145.519421      0.840  34.415114    14.4757    6.07183      0.833    27.7448    20.4937 -9.990e-29
 145.519427      0.835  34.413495    14.4886    6.26502      0.828    27.7342    20.4829 -9.990e-29
 145.519433      0.835  34.427416    14.5034    6.38557      0.828    27.7360    20.4813 -9.990e-29
 145.519439      0.845  34.442359    14.5071    6.44197      0.838    27.7467    20.4888 -9.990e-29
 145.519444      0.866  34.445739    14.5009    6.47818      0.859    27.7541    20.4958 -9.990e-29
 145.519450      0.894  34.439812    14.4958    6.49569      0.887    27.7525    20.4955 -9.990e-29
 145.519456      0.918  34.435162    14.4968    6.52361      0.910    27.7476    20.4916 -9.990e-29
 145.519462      0.932  34.437343    14.4966    6.54961      0.924    27.7497    20.4932 -9.990e-29
 145.519468      0.940  34.438042    14.4870    6.56570      0.932    27.7572    20.5009 -9.990e-29
 145.519473      0.948  34.428093    14.4700    6.56313      0.940    27.7604    20.5068 -9.990e-29
 145.519479      0.956  34.409914    14.4533    6.53505      0.948    27.7561    20.5069 -9.990e-29
 145.519485      0.963  34.393439    14.4440    6.51147      0.955    27.7481    20.5025 -9.990e-29
 145.519491      0.972  34.389191    14.4424    6.48429      0.964    27.7454    20.5008 -9.990e-29
 145.519497      0.982  34.393733    14.4361    6.47038      0.974    27.7540    20.5087 -9.990e-29
 145.519502      0.989  34.390132    14.4157    6.48175      0.981    27.7653    20.5215 -9.990e-29
 145.519508      0.991  34.372455    14.3807    6.50588      0.983    27.7746    20.5356 -9.990e-29
 145.519514      0.995  34.343463    14.3337    6.52547      0.987    27.7823    20.5510 -9.990e-29
 145.519520      1.006  34.308200    14.2794    6.53316      0.998    27.7896    20.5675 -9.990e-29
 145.519525      1.012  34.270069    14.2366    6.51990      1.004    27.7861    20.5733 -9.990e-29
 145.519531      1.010  34.240974    14.2251    6.50598      1.002    27.7682    20.5618 -9.990e-29
 145.519537      1.006  34.237020    14.2373    6.50222      0.998    27.7559    20.5499 -9.990e-29
 145.519543      1.007  34.250113    14.2493    6.50620      0.999    27.7591    20.5500 -9.990e-29
 145.519549      1.010  34.259595    14.2478    6.52404      1.002    27.7686    20.5576 -9.990e-29
 145.519554      1.018  34.256246    14.2358    6.54207      1.010    27.7742    20.5643 -9.990e-29
 145.519560      1.030  34.245120    14.2225    6.54052      1.021    27.7738    20.5666 -9.990e-29
 145.519566      1.047  34.235468    14.2160    6.53338      1.038    27.7698    20.5649 -9.990e-29
 145.519572      1.066  34.233461    14.2179    6.50018      1.057    27.7666    20.5620 -9.990e-29
 145.519578      1.083  34.237529    14.2215    6.47101      1.074    27.7677    20.5621 -9.990e-29
 145.519583      1.101  34.240756    14.2199    6.46298      1.092    27.7717    20.5656 -9.990e-29
 145.519589      1.115  34.240148    14.2123    6.46664      1.106    27.7766    20.5709 -9.990e-29
 145.519595      1.127  34.234885    14.1966    6.48386      1.118    27.7832    20.5790 -9.990e-29
 145.519601      1.142  34.219061    14.1590    6.50273      1.132    27.7960    20.5963 -9.990e-29
 145.519606      1.156  34.182214    14.0990    6.50048      1.146    27.8059    20.6159 -9.990e-29
 145.519612      1.166  34.133483    14.0479    6.49819      1.156    27.7988    20.6205 -9.990e-29
 145.519618      1.172  34.101461    14.0313    6.46838      1.162    27.7819    20.6107 -9.990e-29
 145.519624      1.176  34.097227    14.0382    6.45406      1.166    27.7731    20.6026 -9.990e-29
 145.519630      1.177  34.106709    14.0378    6.45587      1.167    27.7819    20.6095 -9.990e-29
 145.519635      1.179  34.105553    14.0159    6.46977      1.169    27.7967    20.6252 -9.990e-29
 145.519641      1.192  34.087168    13.9809    6.49493      1.182    27.8053    20.6387 -9.990e-29
 145.519647      1.215  34.064019    13.9454    6.50344      1.205    27.8100    20.6493 -9.990e-29
 145.519653      1.239  34.041651    13.9280    6.50821      1.229    27.8023    20.6468 -9.990e-29
 145.519659      1.251  34.031690    13.9359    6.50580      1.241    27.7876    20.6339 -9.990e-29
 145.519664      1.252  34.041011    13.9529    6.50668      1.242    27.7838    20.6276 -9.990e-29
 145.519670      1.250  34.054568    13.9656    6.50062      1.240    27.7869    20.6275 -9.990e-29
 145.519676      1.251  34.064090    13.9711    6.49273      1.241    27.7915    20.6300 -9.990e-29
 145.519682      1.254  34.068818    13.9726    6.49061      1.244    27.7947    20.6322 -9.990e-29
 145.519688      1.259  34.070564    13.9740    6.49187      1.248    27.7953    20.6323 -9.990e-29
 145.519693      1.267  34.074448    13.9731    6.50266      1.256    27.7994    20.6357 -9.990e-29
 145.519699      1.278  34.077794    13.9699    6.49539      1.267    27.8047    20.6404 -9.990e-29
 145.519705      1.288  34.077210    13.9675    6.49127      1.277    27.8059    20.6418 -9.990e-29
 145.519711      1.294  34.074710    13.9686    6.48298      1.283    27.8029    20.6393 -9.990e-29
 145.519716      1.296  34.073673    13.9727    6.47726      1.285    27.7990    20.6355 -9.990e-29
 145.519722      1.295  34.074943    13.9749    6.46978      1.284    27.7985    20.6347 -9.990e-29
 145.519728      1.294  34.075155    13.9716    6.46418      1.283    27.8011    20.6373 -9.990e-29
 145.519734      1.298  34.071780    13.9619    6.46946      1.287    27.8051    20.6423 -9.990e-29
 145.519740      1.307  34.064229    13.9479    6.48339      1.296    27.8083    20.6475 -9.990e-29
 145.519745      1.321  34.054750    13.9363    6.50003      1.310    27.8081    20.6497 -9.990e-29
 145.519751      1.338  34.049745    13.9299    6.49178      1.327    27.8082    20.6510 -9.990e-29
 145.519757      1.346  34.050369    13.9267    6.48109      1.335    27.8111    20.6538 -9.990e-29
 145.519763      1.335  34.051838    13.9284    6.47263      1.324    27.8112    20.6536 -9.990e-29
 145.519769      1.315  34.052174    13.9333    6.47370      1.304    27.8080    20.6501 -9.990e-29
 145.519774      1.297  34.050692    13.9337    6.47758      1.286    27.8064    20.6488 -9.990e-29
 145.519780      1.284  34.044285    13.9303    6.47592      1.273    27.8030    20.6469 -9.990e-29
 145.519786      1.274  34.035047    13.9280    6.45883      1.263    27.7963    20.6422 -9.990e-29
 145.519792      1.269  34.028021    13.9257    6.44796      1.258    27.7916    20.6390 -9.990e-29
 145.519797      1.266  34.023912    13.9236    6.44972      1.255    27.7894    20.6377 -9.990e-29
 145.519803      1.271  34.022273    13.9196    6.46637      1.260    27.7908    20.6396 -9.990e-29
 145.519809      1.288  34.019226    13.9109    6.49718      1.277    27.7944    20.6440 -9.990e-29
 145.519815      1.308  34.011816    13.9027    6.50791      1.297    27.7936    20.6450 -9.990e-29
 145.519821      1.322  34.004722    13.9024    6.50084      1.311    27.7873    20.6403 -9.990e-29
 145.519826      1.325  34.003602    13.9136    6.47304      1.314    27.7783    20.6311 -9.990e-29
 145.519832      1.322  34.009749    13.9395    6.45316      1.311    27.7651    20.6159 -9.990e-29
 145.519838      1.322  34.021822    13.9673    6.45831      1.311    27.7560    20.6034 -9.990e-29
 145.519844      1.328  34.034612    13.9727    6.47008      1.317    27.7637    20.6082 -9.990e-29
 145.519850      1.341  34.040509    13.9595    6.47287      1.330    27.7785    20.6223 -9.990e-29
 145.519855      1.357  34.038406    13.9476    6.45032      1.346    27.7852    20.6298 -9.990e-29
 145.519861      1.369  34.034451    13.9445    6.43030      1.358    27.7838    20.6293 -9.990e-29
 145.519867      1.374  34.033441    13.9476    6.41493      1.363    27.7807    20.6263 -9.990e-29
 145.519873      1.376  34.035697    13.9495    6.43649      1.365    27.7814    20.6264 -9.990e-29
 145.519878      1.383  34.037489    13.9426    6.45716      1.371    27.7880    20.6329 -9.990e-29
 145.519884      1.397  34.032231    13.9298    6.47225      1.385    27.7924    20.6388 -9.990e-29
 145.519890      1.409  34.022989    13.9238    6.48858      1.397    27.7884    20.6369 -9.990e-29
 145.519896      1.412  34.022644    13.9329    6.49906      1.400    27.7815    20.6298 -9.990e-29
 145.519902      1.401  34.036324    13.9626    6.50032      1.389    27.7725    20.6170 -9.990e-29
 145.519907      1.385  34.065445    14.0038    6.49258      1.373    27.7691    20.6063 -9.990e-29
 145.519913      1.375  34.096707    14.0368    6.47664      1.364    27.7736    20.6032 -9.990e-29
 145.519919      1.375  34.112385    14.0664    6.46089      1.364    27.7664    20.5919 -9.990e-29
 145.519925      1.386  34.127776    14.0980    6.46132      1.374    27.7575    20.5788 -9.990e-29
 145.519931      1.406  34.149383    14.1188    6.46500      1.394    27.7620    20.5782 -9.990e-29
 145.519936      1.435  34.161177    14.1269    6.47740      1.423    27.7668    20.5803 -9.990e-29
 145.519942      1.459  34.164305    14.1278    6.47318      1.447    27.7690    20.5818 -9.990e-29
 145.519948      1.474  34.164609    14.1236    6.46108      1.462    27.7723    20.5851 -9.990e-29
 145.519954      1.483  34.161363    14.1218    6.42884      1.471    27.7706    20.5842 -9.990e-29
 145.519959      1.493  34.160315    14.1293    6.40985      1.481    27.7643    20.5779 -9.990e-29
 145.519965      1.502  34.166779    14.1411    6.40991      1.489    27.7616    20.5735 -9.990e-29
 145.519971      1.512  34.174790    14.1382    6.42531      1.499    27.7709    20.5812 -9.990e-29
 145.519977      1.524  34.168118    14.1114    6.44561      1.511    27.7842    20.5967 -9.990e-29
 145.519983      1.538  34.146266    14.0807    6.45810      1.525    27.7866    20.6046 -9.990e-29
 145.519988      1.552  34.126599    14.0677    6.45478      1.539    27.7782    20.6007 -9.990e-29
 145.519994      1.556  34.117623    14.0712    6.43893      1.543    27.7676    20.5919 -9.990e-29
 145.520000      1.548  34.118557    14.0807    6.42533      1.535    27.7616    20.5854 -9.990e-29
 145.520006      1.535  34.127272    14.0880    6.42216      1.522    27.7642    20.5860 -9.990e-29
 145.520012      1.533  34.137444    14.0865    6.42962      1.520    27.7745    20.5941 -9.990e-29
 145.520017      1.543  34.137410    14.0817    6.42051      1.530    27.7779    20.5977 -9.990e-29
 145.520023      1.548  34.133277    14.0795    6.42916      1.535    27.7757    20.5965 -9.990e-29
 145.520029      1.543  34.132409    14.0766    6.43466      1.530    27.7771    20.5981 -9.990e-29
 145.520035      1.538  34.129713    14.0729    6.43973      1.525    27.7773    20.5990 -9.990e-29
 145.520041      1.541  34.127187    14.0677    6.44609      1.528    27.7788    20.6012 -9.990e-29
 145.520046      1.556  34.125935    14.0569    6.41120      1.543    27.7854    20.6084 -9.990e-29
 145.520052      1.575  34.118672    14.0484    6.39072      1.562    27.7850    20.6097 -9.990e-29
 145.520058      1.586  34.110271    14.0543    6.37262      1.573    27.7731    20.5995 -9.990e-29
 145.520064      1.596  34.114174    14.0661    6.37792      1.583    27.7682    20.5933 -9.990e-29
 145.520069      1.612  34.121559    14.0582    6.40957      1.599    27.7805    20.6044 -9.990e-29
 145.520075      1.628  34.110321    14.0259    6.44398      1.614    27.7936    20.6209 -9.990e-29
 145.520081      1.636  34.081158    14.0031    6.49209      1.622    27.7837    20.6177 -9.990e-29
 145.520087      1.635  34.064664    14.0123    6.50406      1.621    27.7622    20.5993 -9.990e-29
 145.520093      1.628  34.071890    14.0442    6.49783      1.614    27.7458    20.5804 -9.990e-29
 145.520098      1.612  34.094521    14.0882    6.48930      1.599    27.7345    20.5631 -9.990e-29
 145.520104      1.595  34.130777    14.1411    6.46086      1.582    27.7292    20.5485 -9.990e-29
 145.520110      1.594  34.171836    14.1938    6.44462      1.581    27.7283    20.5374 -9.990e-29
 145.520116      1.613  34.207991    14.2290    6.40906      1.600    27.7356    20.5359 -9.990e-29
 145.520122      1.639  34.232526    14.2447    6.38672      1.625    27.7463    20.5411 -9.990e-29
 145.520127      1.662  34.245648    14.2459    6.37221      1.648    27.7573    20.5493 -9.990e-29
 145.520133      1.679  34.248034    14.2311    6.36234      1.665    27.7700    20.5620 -9.990e-29
