data/oxygen options/OCNMS/OCNMS2/raw_data/2005/CTD_CE90_060805faed.cnv
* Sea-Bird SBE19 Data File:
* FileName = C:\hypoxia CTD data\CE90_060805.hex
* Software Version 1.1.5
* Temperature SN = 2997
* Conductivity SN = 2997
* System UpLoad Time = Jun 08 2005 16:06:00
* SEACAT PROFILER V3.1c SN 2997   06/08/05  16:05:21.395
* strain gauge pressure sensor: S/N = 184829,  range = 3000 psia,  tc = 40
# nquan = 9                                 
# nvalues = 885                         
# units = specified
# name 0 = timeJ: Julian Days
# name 1 = prSM: Pressure, Strain Gauge [db]
# name 2 = c0mS/cm: Conductivity [mS/cm]
# name 3 = t090C: Temperature [ITS-90, deg C]
# name 4 = oxML/L: Oxygen, Beckman/YSI [ml/l]
# name 5 = depSM: Depth [salt water, m], lat = 47.5
# name 6 = sal00: Salinity, Practical [PSU]
# name 7 = sigma-é00: Density [sigma-theta, kg/m^3]
# name 8 = flag: flag
# span 0 = 159.644583, 159.649699       
# span 1 =     -3.696,     93.954       
# span 2 =   0.971547,  37.340516       
# span 3 =     7.6329,    14.8700       
# span 4 =   -0.09741,   25.73752       
# span 5 =     -3.665,     93.149       
# span 6 =     0.6315,    33.7752       
# span 7 =    -0.1421,    26.3647       
# span 8 = 0.0000e+00, 0.0000e+00       
# interval = seconds: 0.5
# start_time = Jun 08 2005 15:28:12 [Instrument's time stamp, header]
# bad_flag = -9.990e-29
*END*
[from data line 161]
 159.645515      0.904  37.250747    14.7759    7.18583      0.896    30.0598    22.2139 -9.990e-29
 159.645521      0.922  37.247747    14.7809    7.17381      0.914    30.0533    22.2078 -9.990e-29
 159.645527      0.934  37.254673    14.7918    7.15726      0.926    30.0511    22.2038 -9.990e-29
 159.645532      0.944  37.267304    14.8008    7.16043      0.936    30.0555    22.2053 -9.990e-29
 159.645538      0.955  37.277812    14.8009    7.17252      0.947    30.0648    22.2125 -9.990e-29
 159.645544      0.965  37.277224    14.7944    7.17753      0.957    30.0693    22.2173 -9.990e-29
 159.645550      0.976  37.268126    14.7896    7.17064      0.968    30.0648    22.2149 -9.990e-29
 159.645556      0.985  37.261943    14.7893    7.16156      0.977    30.0595    22.2109 -9.990e-29
 159.645561      0.988  37.261650    14.7914    7.15783      0.980    30.0576    22.2090 -9.990e-29
 159.645567      0.988  37.264613    14.7944    7.15909      0.980    30.0580    22.2086 -9.990e-29
 159.645573      0.991  37.268621    14.7977    7.16009      0.983    30.0590    22.2087 -9.990e-29
 159.645579      0.996  37.272292    14.8009    7.14324      0.988    30.0598    22.2087 -9.990e-29
 159.645584      1.005  37.274917    14.8033    7.13099      0.997    30.0603    22.2086 -9.990e-29
 159.645590      1.016  37.276637    14.8049    7.14038      1.008    30.0606    22.2085 -9.990e-29
 159.645596      1.032  37.278067    14.8038    7.15751      1.023    30.0628    22.2103 -9.990e-29
 159.645602      1.053  37.276631    14.7976    7.16912      1.044    30.0662    22.2143 -9.990e-29
 159.645608      1.076  37.269297    14.7899    7.15696      1.067    30.0656    22.2154 -9.990e-29
 159.645613      1.094  37.260872    14.7874    7.13811      1.085    30.0600    22.2116 -9.990e-29
 159.645619      1.105  37.259189    14.7909    7.12422      1.096    30.0558    22.2076 -9.990e-29
 159.645625      1.112  37.264249    14.7956    7.12470      1.103    30.0567    22.2074 -9.990e-29
 159.645631      1.125  37.268783    14.7948    7.13486      1.116    30.0613    22.2111 -9.990e-29
 159.645637      1.146  37.265945    14.7877    7.12670      1.136    30.0643    22.2149 -9.990e-29
 159.645642      1.165  37.257563    14.7774    7.12922      1.155    30.0647    22.2173 -9.990e-29
 159.645648      1.182  37.247047    14.7662    7.14212      1.172    30.0639    22.2191 -9.990e-29
 159.645654      1.195  37.235516    14.7557    7.14964      1.185    30.0616    22.2195 -9.990e-29
 159.645660      1.208  37.226105    14.7440    7.17197      1.198    30.0622    22.2224 -9.990e-29
 159.645666      1.215  37.216362    14.7335    7.16160      1.205    30.0616    22.2241 -9.990e-29
 159.645671      1.214  37.207316    14.7347    7.13843      1.204    30.0525    22.2169 -9.990e-29
 159.645677      1.208  37.210461    14.7471    7.12115      1.198    30.0458    22.2091 -9.990e-29
 159.645683      1.201  37.224944    14.7593    7.11579      1.191    30.0494    22.2093 -9.990e-29
 159.645689      1.198  37.236434    14.7638    7.13685      1.188    30.0562    22.2136 -9.990e-29
 159.645694      1.206  37.238950    14.7589    7.14761      1.196    30.0622    22.2193 -9.990e-29
 159.645700      1.225  37.233609    14.7496    7.15293      1.215    30.0646    22.2231 -9.990e-29
 159.645706      1.245  37.223951    14.7473    7.13764      1.235    30.0577    22.2182 -9.990e-29
 159.645712      1.254  37.220651    14.7559    7.12220      1.244    30.0481    22.2091 -9.990e-29
 159.645718      1.253  37.229405    14.7673    7.11609      1.243    30.0472    22.2060 -9.990e-29
 159.645723      1.249  37.241138    14.7753    7.11595      1.239    30.0515    22.2077 -9.990e-29
 159.645729      1.247  37.248509    14.7797    7.12981      1.237    30.0548    22.2092 -9.990e-29
 159.645735      1.247  37.252381    14.7813    7.12406      1.237    30.0570    22.2106 -9.990e-29
 159.645741      1.249  37.253436    14.7816    7.12368      1.239    30.0577    22.2111 -9.990e-29
 159.645747      1.252  37.253648    14.7817    7.11962      1.242    30.0578    22.2112 -9.990e-29
 159.645752      1.258  37.254423    14.7804    7.12898      1.247    30.0595    22.2127 -9.990e-29
 159.645758      1.266  37.253433    14.7766    7.13006      1.255    30.0616    22.2151 -9.990e-29
 159.645764      1.277  37.249365    14.7713    7.12335      1.266    30.0620    22.2165 -9.990e-29
 159.645770      1.292  37.244087    14.7677    7.11127      1.281    30.0600    22.2158 -9.990e-29
 159.645775      1.307  37.241221    14.7684    7.09931      1.296    30.0569    22.2132 -9.990e-29
 159.645781      1.320  37.243116    14.7708    7.11041      1.309    30.0568    22.2126 -9.990e-29
 159.645787      1.334  37.246131    14.7694    7.12204      1.323    30.0605    22.2158 -9.990e-29
 159.645793      1.352  37.244758    14.7595    7.13334      1.341    30.0669    22.2228 -9.990e-29
 159.645799      1.369  37.233245    14.7420    7.11761      1.358    30.0701    22.2289 -9.990e-29
 159.645804      1.388  37.210828    14.7283    7.10308      1.376    30.0605    22.2244 -9.990e-29
 159.645810      1.404  37.193601    14.7285    7.10526      1.392    30.0449    22.2123 -9.990e-29
 159.645816      1.415  37.197288    14.7329    7.12590      1.403    30.0448    22.2113 -9.990e-29
 159.645822      1.426  37.207741    14.7229    7.14188      1.414    30.0619    22.2266 -9.990e-29
 159.645828      1.441  37.198525    14.6998    7.13883      1.429    30.0715    22.2387 -9.990e-29
 159.645833      1.458  37.171941    14.6856    7.12607      1.446    30.0586    22.2317 -9.990e-29
 159.645839      1.472  37.155350    14.6910    7.12345      1.460    30.0395    22.2159 -9.990e-29
 159.645845      1.486  37.160836    14.6993    7.12850      1.474    30.0380    22.2131 -9.990e-29
 159.645851      1.499  37.169918    14.6948    7.12669      1.486    30.0496    22.2229 -9.990e-29
 159.645856      1.509  37.165552    14.6814    7.13513      1.496    30.0560    22.2307 -9.990e-29
 159.645862      1.511  37.152578    14.6725    7.13877      1.498    30.0513    22.2288 -9.990e-29
 159.645868      1.511  37.147908    14.6714    7.13588      1.498    30.0479    22.2265 -9.990e-29
 159.645874      1.513  37.150923    14.6684    7.13469      1.500    30.0529    22.2310 -9.990e-29
 159.645880      1.511  37.145457    14.6665    7.12447      1.498    30.0495    22.2287 -9.990e-29
 159.645885      1.503  37.138808    14.6729    7.12218      1.490    30.0386    22.2190 -9.990e-29
 159.645891      1.492  37.145665    14.6783    7.12479      1.480    30.0406    22.2194 -9.990e-29
 159.645897      1.484  37.156108    14.6758    7.13374      1.472    30.0519    22.2286 -9.990e-29
 159.645903      1.486  37.155467    14.6712    7.13922      1.474    30.0549    22.2319 -9.990e-29
 159.645909      1.491  37.147941    14.6679    7.14549      1.479    30.0506    22.2293 -9.990e-29
 159.645914      1.496  37.142564    14.6663    7.15054      1.484    30.0470    22.2269 -9.990e-29
 159.645920      1.502  37.141143    14.6688    7.13675      1.489    30.0438    22.2239 -9.990e-29
 159.645926      1.509  37.144588    14.6747    7.13057      1.496    30.0424    22.2215 -9.990e-29
 159.645932      1.518  37.150206    14.6813    7.12102      1.505    30.0423    22.2201 -9.990e-29
 159.645938      1.528  37.154837    14.6885    7.11032      1.515    30.0409    22.2176 -9.990e-29
 159.645943      1.541  37.161298    14.6953    7.12311      1.528    30.0415    22.2166 -9.990e-29
 159.645949      1.557  37.169235    14.7003    7.11926      1.544    30.0447    22.2181 -9.990e-29
 159.645955      1.577  37.175217    14.7029    7.11786      1.564    30.0481    22.2201 -9.990e-29
 159.645961      1.603  37.178255    14.7035    7.12103      1.590    30.0504    22.2217 -9.990e-29
 159.645966      1.632  37.178478    14.7038    7.11829      1.618    30.0503    22.2216 -9.990e-29
 159.645972      1.657  37.177307    14.7021    7.12373      1.643    30.0506    22.2222 -9.990e-29
 159.645978      1.676  37.174306    14.6973    7.12213      1.662    30.0516    22.2239 -9.990e-29
 159.645984      1.690  37.169404    14.6924    7.11615      1.676    30.0509    22.2245 -9.990e-29
 159.645990      1.700  37.166163    14.6888    7.12283      1.686    30.0508    22.2251 -9.990e-29
 159.645995      1.707  37.164749    14.6858    7.12552      1.693    30.0519    22.2265 -9.990e-29
 159.646001      1.710  37.162532    14.6839    7.11958      1.696    30.0513    22.2265 -9.990e-29
 159.646007      1.710  37.159923    14.6846    7.11471      1.696    30.0484    22.2242 -9.990e-29
 159.646013      1.707  37.159429    14.6883    7.11292      1.693    30.0451    22.2209 -9.990e-29
 159.646019      1.702  37.162639    14.6927    7.12071      1.688    30.0446    22.2195 -9.990e-29
 159.646024      1.697  37.166921    14.6940    7.13237      1.683    30.0475    22.2215 -9.990e-29
 159.646030      1.701  37.166775    14.6907    7.13134      1.687    30.0499    22.2240 -9.990e-29
 159.646036      1.714  37.161451    14.6873    7.11276      1.700    30.0477    22.2231 -9.990e-29
 159.646042      1.729  37.157314    14.6873    7.10768      1.715    30.0440    22.2202 -9.990e-29
 159.646047      1.742  37.158382    14.6897    7.10123      1.727    30.0431    22.2190 -9.990e-29
 159.646053      1.755  37.162157    14.6924    7.09470      1.740    30.0444    22.2194 -9.990e-29
 159.646059      1.763  37.165826    14.6927    7.10541      1.748    30.0475    22.2217 -9.990e-29
 159.646065      1.763  37.166434    14.6854    7.11422      1.748    30.0537    22.2280 -9.990e-29
 159.646071      1.759  37.159190    14.6698    7.12947      1.744    30.0592    22.2355 -9.990e-29
 159.646076      1.755  37.145095    14.6546    7.13779      1.740    30.0583    22.2380 -9.990e-29
 159.646082      1.751  37.131715    14.6479    7.11993      1.736    30.0514    22.2341 -9.990e-29
 159.646088      1.747  37.124764    14.6517    7.10979      1.732    30.0422    22.2262 -9.990e-29
 159.646094      1.742  37.127870    14.6627    7.10449      1.727    30.0365    22.2195 -9.990e-29
 159.646100      1.736  37.140131    14.6728    7.10081      1.722    30.0398    22.2199 -9.990e-29
 159.646105      1.734  37.151544    14.6756    7.10835      1.720    30.0479    22.2256 -9.990e-29
 159.646111      1.738  37.154344    14.6729    7.10433      1.723    30.0525    22.2297 -9.990e-29
 159.646117      1.746  37.150588    14.6705    7.10809      1.731    30.0509    22.2290 -9.990e-29
 159.646123      1.752  37.147047    14.6719    7.11741      1.737    30.0467    22.2254 -9.990e-29
 159.646128      1.759  37.148536    14.6767    7.11801      1.744    30.0443    22.2226 -9.990e-29
 159.646134      1.766  37.153680    14.6842    7.11594      1.751    30.0431    22.2202 -9.990e-29
 159.646140      1.773  37.162612    14.6954    7.10736      1.758    30.0425    22.2173 -9.990e-29
 159.646146      1.781  37.176029    14.7095    7.10193      1.766    30.0437    22.2153 -9.990e-29
 159.646152      1.791  37.189957    14.7248    7.08859      1.776    30.0444    22.2127 -9.990e-29
 159.646157      1.804  37.202224    14.7405    7.08398      1.789    30.0433    22.2086 -9.990e-29
 159.646163      1.819  37.214613    14.7537    7.09180      1.804    30.0442    22.2065 -9.990e-29
 159.646169      1.834  37.226826    14.7572    7.08780      1.819    30.0525    22.2121 -9.990e-29
 159.646175      1.846  37.231040    14.7522    7.08299      1.831    30.0601    22.2191 -9.990e-29
 159.646181      1.854  37.225591    14.7520    7.08400      1.839    30.0553    22.2155 -9.990e-29
 159.646186      1.856  37.225088    14.7615    7.08428      1.841    30.0476    22.2075 -9.990e-29
 159.646192      1.852  37.236154    14.7669    7.08416      1.837    30.0533    22.2108 -9.990e-29
 159.646198      1.849  37.242141    14.7611    7.07441      1.834    30.0632    22.2196 -9.990e-29
 159.646204      1.849  37.234218    14.7567    7.06198      1.834    30.0595    22.2177 -9.990e-29
 159.646209      1.845  37.228182    14.7586    7.05094      1.830    30.0526    22.2120 -9.990e-29
 159.646215      1.843  37.230568    14.7585    7.04950      1.828    30.0548    22.2137 -9.990e-29
 159.646221      1.846  37.231103    14.7504    7.06863      1.831    30.0615    22.2206 -9.990e-29
 159.646227      1.855  37.222654    14.7296    7.09701      1.840    30.0700    22.2314 -9.990e-29
 159.646233      1.870  37.200129    14.7012    7.10756      1.854    30.0717    22.2386 -9.990e-29
 159.646238      1.888  37.171068    14.6815    7.11036      1.872    30.0608    22.2343 -9.990e-29
 159.646244      1.902  37.154484    14.6778    7.10174      1.886    30.0487    22.2258 -9.990e-29
 159.646250      1.908  37.154617    14.6825    7.08794      1.892    30.0452    22.2221 -9.990e-29
 159.646256      1.907  37.161550    14.6880    7.09517      1.891    30.0472    22.2225 -9.990e-29
 159.646262      1.902  37.166588    14.6924    7.09755      1.886    30.0483    22.2225 -9.990e-29
 159.646267      1.902  37.168043    14.6929    7.09658      1.886    30.0493    22.2231 -9.990e-29
 159.646273      1.908  37.165057    14.6882    7.09387      1.892    30.0502    22.2248 -9.990e-29
 159.646279      1.910  37.158140    14.6847    7.09767      1.894    30.0467    22.2228 -9.990e-29
 159.646285      1.909  37.154896    14.6874    7.09715      1.893    30.0417    22.2184 -9.990e-29
 159.646291      1.909  37.159414    14.6937    7.09220      1.893    30.0409    22.2165 -9.990e-29
 159.646296      1.910  37.167066    14.6998    7.08214      1.894    30.0431    22.2169 -9.990e-29
 159.646302      1.917  37.172921    14.7044    7.09191      1.901    30.0448    22.2172 -9.990e-29
 159.646308      1.930  37.176938    14.7056    7.09215      1.914    30.0474    22.2190 -9.990e-29
 159.646314      1.946  37.178311    14.7023    7.09008      1.930    30.0512    22.2226 -9.990e-29
 159.646319      1.965  37.174950    14.6989    7.08341      1.949    30.0508    22.2230 -9.990e-29
 159.646325      1.984  37.171351    14.7003    7.07599      1.967    30.0465    22.2194 -9.990e-29
 159.646331      2.001  37.173371    14.7036    7.08612      1.984    30.0458    22.2182 -9.990e-29
 159.646337      2.016  37.176977    14.7027    7.09991      1.999    30.0497    22.2214 -9.990e-29
 159.646343      2.031  37.174087    14.6972    7.10880      2.014    30.0513    22.2238 -9.990e-29
 159.646348      2.042  37.165338    14.6924    7.10788      2.025    30.0472    22.2216 -9.990e-29
 159.646354      2.045  37.159256    14.6935    7.09354      2.028    30.0409    22.2165 -9.990e-29
 159.646360      2.046  37.162874    14.7005    7.08603      2.029    30.0387    22.2134 -9.990e-29
 159.646366      2.048  37.172608    14.7082    7.08474      2.031    30.0415    22.2139 -9.990e-29
 159.646372      2.051  37.179570    14.7123    7.08270      2.034    30.0446    22.2155 -9.990e-29
 159.646377      2.056  37.181272    14.7117    7.08978      2.039    30.0466    22.2171 -9.990e-29
 159.646383      2.063  37.179431    14.7095    7.09085      2.046    30.0466    22.2176 -9.990e-29
 159.646389      2.068  37.177203    14.7096    7.09329      2.051    30.0445    22.2160 -9.990e-29
 159.646395      2.067  37.177791    14.7120    7.09405      2.050    30.0432    22.2145 -9.990e-29
 159.646400      2.065  37.180860    14.7142    7.08259      2.048    30.0443    22.2148 -9.990e-29
 159.646406      2.065  37.183776    14.7142    7.08228      2.048    30.0469    22.2168 -9.990e-29
 159.646412      2.068  37.184265    14.7122    7.08615      2.051    30.0489    22.2188 -9.990e-29
 159.646418      2.073  37.182423    14.7093    7.07864      2.056    30.0495    22.2198 -9.990e-29
 159.646424      2.081  37.179724    14.7076    7.07713      2.064    30.0483    22.2193 -9.990e-29
 159.646429      2.089  37.178179    14.7078    7.07759      2.072    30.0468    22.2181 -9.990e-29
