data/oxygen options/OCNMS/OCNMS2/raw_data/2005/CTD_CA30_081505faed.cnv
* Sea-Bird SBE19 Data File:
* FileName = C:\Hypoxia Data\CA30_081505.hex
* Software Version 1.1.6
* Temperature SN = 2997
* Conductivity SN = 2997
* System UpLoad Time = Aug 15 2005 14:39:48
* SEACAT PROFILER V3.1c SN 2997   08/15/05  14:39:04.977
* strain gauge pressure sensor: S/N = 184829,  range = 3000 psia,  tc = 40
# nquan = 9                                 
# nvalues = 580                         
# units = specified
# name 0 = timeJ: Julian Days
# name 1 = prSM: Pressure, Strain Gauge [db]
# name 2 = c0mS/cm: Conductivity [mS/cm]
# name 3 = t090C: Temperature [ITS-90, deg C]
# name 4 = oxML/L: Oxygen, Beckman/YSI [ml/l]
# name 5 = depSM: Depth [salt water, m], lat = 47.5
# name 6 = sal00: Salinity, Practical [PSU]
# name 7 = sigma-é00: Density [sigma-theta, kg/m^3]
# name 8 = flag: flag
# span 0 = 227.525475, 227.528825       
# span 1 =     -3.848,     30.837       
# span 2 =   0.834341,  36.169324       
# span 3 =     7.9422,    12.2814       
# span 4 =   -0.12468,   28.99488       
# span 5 =     -3.816,     30.577       
# span 6 =     0.5505,    33.4073       
# span 7 =    -0.1016,    26.0300       
# span 8 = 0.0000e+00, 0.0000e+00       
# interval = seconds: 0.5
# start_time = Aug 15 2005 12:36:41 [Instrument's time stamp, header]
# bad_flag = -9.990e-29
*END*
 227.525475     -3.848 -9.990e-29    12.2621   -0.12468     -3.816 -9.990e-29 -9.990e-29 -9.990e-29
 227.525480     -3.837   0.838788    12.2627   -0.12466     -3.805     0.5536    -0.0987 -9.990e-29
 227.525486     -3.820   0.835504    12.2641   -0.12463     -3.788     0.5514    -0.1006 -9.990e-29
 227.525492     -3.789   0.834341    12.2671   -0.10696     -3.757     0.5505    -0.1016 -9.990e-29
 227.525498     -3.749   0.840959    12.2712   -0.10414     -3.718     0.5550    -0.0986 -9.990e-29
 227.525503     -3.704   0.857368    12.2757   -0.10454     -3.673     0.5662    -0.0904 -9.990e-29
 227.525509     -3.657   0.878315    12.2791   -0.10527     -3.627     0.5806    -0.0796 -9.990e-29
 227.525515     -3.603   0.895491    12.2803   -0.10581     -3.573     0.5924    -0.0705 -9.990e-29
 227.525521     -3.545   0.930085    12.2808   -0.10614     -3.515     0.6163    -0.0520 -9.990e-29
 227.525527     -3.482   1.023020    12.2814   -0.10803     -3.453     0.6807    -0.0019 -9.990e-29
 227.525532     -3.410   1.259937    12.2738   -0.10647     -3.382     0.8465     0.1282 -9.990e-29
 227.525538     -3.325   1.987236    12.2316   -0.10635     -3.297     1.3676     0.5387 -9.990e-29
 227.525544     -3.222   4.259515    12.0915   -0.10634     -3.195     3.0773     1.8831 -9.990e-29
 227.525550     -3.093  11.165273    11.8355   -0.10648     -3.067     8.7030     6.2690 -9.990e-29
 227.525556     -2.941  22.257691    11.5449   -0.10655     -2.916    18.5542    13.9243 -9.990e-29
 227.525561     -2.775  30.874030    11.2781   -0.10664     -2.752    26.7731    20.3324 -9.990e-29
 227.525567     -2.607  34.504202    11.0543   -0.10672     -2.585    30.4627    23.2353 -9.990e-29
 227.525573     -2.447  35.696289    10.9034   -0.10680     -2.427    31.7635    24.2730 -9.990e-29
 227.525579     -2.311  35.985889    10.8285   -0.10684     -2.292    32.1155    24.5600 -9.990e-29
 227.525584     -2.203  35.722668    10.8042   -0.10680     -2.185    31.8756    24.3775 -9.990e-29
 227.525590     -2.113  35.400485    10.8014   -0.10671     -2.095    31.5588    24.1315 -9.990e-29
 227.525596     -2.029  35.610104    10.7882   -0.10675     -2.012    31.7779    24.3042 -9.990e-29
 227.525602     -1.951  35.953875    10.7541   -0.10682     -1.935    32.1489    24.5989 -9.990e-29
 227.525608     -1.882  36.084052    10.7185   -0.10683     -1.866    32.3097    24.7303 -9.990e-29
 227.525613     -1.822  36.143387    10.6908   -0.10679     -1.807    32.3933    24.8001 -9.990e-29
 227.525619     -1.777  36.159985    10.6676   -0.10679     -1.762    32.4304    24.8331 -9.990e-29
 227.525625     -1.752  36.141415    10.6496   -0.10674     -1.737    32.4279    24.8342 -9.990e-29
 227.525631     -1.735  36.106668    10.6378   -0.10666     -1.721    32.4037    24.8174 -9.990e-29
 227.525637     -1.715  36.075599    10.6311   -0.10667     -1.701    32.3786    24.7990 -9.990e-29
 227.525642     -1.685  36.074090    10.6296   -0.10674     -1.671    32.3784    24.7991 -9.990e-29
 227.525648     -1.647  36.112483    10.6326   -0.10681     -1.633    32.4141    24.8264 -9.990e-29
 227.525654     -1.609  36.147231    10.6389   -0.10686     -1.596    32.4431    24.8479 -9.990e-29
 227.525660     -1.570  36.128808    10.6483   -0.10681     -1.557    32.4164    24.8255 -9.990e-29
 227.525666     -1.530  36.074164    10.6574   -0.10672     -1.517    32.3538    24.7752 -9.990e-29
 227.525671     -1.485  36.030457    10.6636   -0.10668     -1.473    32.3047    24.7359 -9.990e-29
 227.525677     -1.433  36.016810    10.6681   -0.10664     -1.421    32.2871    24.7214 -9.990e-29
 227.525683     -1.378  36.031872    10.6714   -0.10675     -1.367    32.2992    24.7302 -9.990e-29
 227.525689     -1.331  36.069396    10.6720   -0.10681     -1.320    32.3360    24.7588 -9.990e-29
 227.525694     -1.288  36.102623    10.6679   -0.10686     -1.277    32.3728    24.7881 -9.990e-29
 227.525700     -1.242  36.096819    10.6595   -0.10689     -1.232    32.3744    24.7908 -9.990e-29
 227.525706     -1.195  36.059407    10.6517   -0.10682     -1.185    32.3440    24.7685 -9.990e-29
 227.525712     -1.151  36.027437    10.6487   -0.10680     -1.141    32.3148    24.7463 -9.990e-29
 227.525718     -1.118  36.029509    10.6536   -0.10684     -1.109    32.3125    24.7436 -9.990e-29
 227.525723     -1.092  36.072892    10.6668   -0.10664     -1.083    32.3440    24.7659 -9.990e-29
 227.525729     -1.068  36.120694    10.6764   -0.10645     -1.059    32.3831    24.7947 -9.990e-29
 227.525735     -1.049  36.125655    10.6706   -0.10630     -1.040    32.3932    24.8036 -9.990e-29
 227.525741     -1.033  36.091613    10.6559   -0.10618     -1.024    32.3723    24.7898 -9.990e-29
 227.525747     -1.010  36.051143    10.6421   -0.10608     -1.002    32.3442    24.7703 -9.990e-29
 227.525752     -0.976  36.023759    10.6331   -0.10605     -0.968    32.3248    24.7568 -9.990e-29
 227.525758     -0.936  36.015579    10.6316   -0.10603     -0.928    32.3180    24.7517 -9.990e-29
 227.525764     -0.905  36.034221    10.6412   -0.10602     -0.897    32.3281    24.7579 -9.990e-29
 227.525770     -0.886  36.069236    10.6722   -0.10599     -0.879    32.3355    24.7584 -9.990e-29
 227.525775     -0.867  36.083228    10.7306   -0.10599     -0.860    32.2978    24.7189 -9.990e-29
 227.525781     -0.845  36.067402    10.7997   -0.10603     -0.838    32.2211    24.6472 -9.990e-29
 227.525787     -0.822  36.048344    10.8618   -0.10598     -0.815    32.1476    24.5792 -9.990e-29
 227.525793     -0.800  36.041607    10.9128   -0.10586     -0.793    32.0962    24.5303 -9.990e-29
 227.525799     -0.779  36.043851    10.9492   -0.10580     -0.773    32.0665    24.5009 -9.990e-29
 227.525804     -0.761  36.049132    10.9701   -0.10577     -0.755    32.0535    24.4871 -9.990e-29
 227.525810     -0.741  36.054988    10.9805   -0.10578     -0.735    32.0502    24.4827 -9.990e-29
 227.525816     -0.708  36.061969    10.9844   -0.10589     -0.702    32.0536    24.4847 -9.990e-29
 227.525822     -0.670  36.073801    10.9852   -0.10592     -0.664    32.0646    24.4931 -9.990e-29
 227.525828     -0.633  36.093947    10.9855   -0.10597     -0.628    32.0842    24.5083 -9.990e-29
 227.525833     -0.599  36.115652    10.9903   -0.10606     -0.594    32.1015    24.5209 -9.990e-29
 227.525839     -0.573  36.126386    11.0085   -0.10608     -0.568    32.0962    24.5136 -9.990e-29
 227.525845     -0.554  36.126465    11.0361   -0.10607     -0.549    32.0721    24.4900 -9.990e-29
 227.525851     -0.537  36.124986    11.0572   -0.10604     -0.533    32.0522    24.4709 -9.990e-29
 227.525856     -0.521  36.127295    11.0639   -0.10603     -0.517    32.0487    24.4669 -9.990e-29
 227.525862     -0.500  36.134816    11.0550   -0.10613     -0.496    32.0638    24.4803 -9.990e-29
 227.525868     -0.474  36.144708    11.0346   -0.10618     -0.470    32.0914    24.5053 -9.990e-29
 227.525874     -0.448  36.150561    11.0117   -0.10614     -0.444    32.1172    24.5294 -9.990e-29
 227.525880     -0.426  36.150106    10.9877   -0.10602     -0.422    32.1377    24.5496 -9.990e-29
 227.525885     -0.406  36.148924    10.9645   -0.10598     -0.403    32.1569    24.5685 -9.990e-29
 227.525891     -0.387  36.152186    10.9512   -0.10598     -0.384    32.1718    24.5824 -9.990e-29
 227.525897     -0.367  36.158093    10.9492   -0.10598     -0.364    32.1793    24.5887 -9.990e-29
 227.525903     -0.351  36.162203    10.9505   -0.10597     -0.348    32.1823    24.5907 -9.990e-29
 227.525909     -0.340  36.163287    10.9439   -0.10595     -0.337    32.1891    24.5972 -9.990e-29
 227.525914     -0.330  36.161692    10.9273   -0.10594     -0.327    32.2021    24.6102 -9.990e-29
 227.525920     -0.316  36.159803    10.9169   -0.10598     -0.313    32.2094    24.6177 -9.990e-29
 227.525926     -0.302  36.162412    10.9276   -0.10601     -0.299    32.2026    24.6105 -9.990e-29
 227.525932     -0.290  36.167969    10.9520   -0.10599     -0.288    32.1866    24.5939 -9.990e-29
 227.525938     -0.281  36.169324    10.9727   -0.10598     -0.279    32.1698    24.5772 -9.990e-29
 227.525943     -0.273  36.164386    10.9830   -0.10598     -0.271    32.1559    24.5645 -9.990e-29
 227.525949     -0.261  36.156693    10.9867   -0.10598     -0.259    32.1450    24.5554 -9.990e-29
 227.525955     -0.246  36.153396    10.9888   -0.10601     -0.244    32.1399    24.5511 -9.990e-29
 227.525961     -0.234  36.158533    10.9917   -0.10603     -0.232    32.1425    24.5526 -9.990e-29
 227.525966     -0.229  36.164957    10.9922   -0.10602     -0.227    32.1484    24.5571 -9.990e-29
 227.525972     -0.227  36.164997    10.9883   16.68750     -0.225    32.1518    24.5604 -9.990e-29
 227.525978     -0.218  36.159289    10.9837   27.45690     -0.216    32.1502    24.5600 -9.990e-29
 227.525984     -0.199  36.152584    10.9819   28.99488     -0.197    32.1452    24.5564 -9.990e-29
 227.525990     -0.171  36.151662    10.9820   25.44888     -0.170    32.1441    24.5556 -9.990e-29
 227.525995     -0.142  36.158119    10.9817   16.53905     -0.141    32.1508    24.5608 -9.990e-29
 227.526001     -0.118  36.163764    10.9789   13.27883     -0.117    32.1588    24.5675 -9.990e-29
 227.526007     -0.103  36.163252    10.9727   13.32608     -0.102    32.1637    24.5724 -9.990e-29
 227.526013     -0.091  36.159287    10.9652   13.32426     -0.090    32.1664    24.5758 -9.990e-29
 227.526019     -0.076  36.153335    10.9533   13.34155     -0.075    32.1709    24.5814 -9.990e-29
 227.526024     -0.058  36.140285    10.9259   13.36233     -0.058    32.1820    24.5949 -9.990e-29
 227.526030     -0.037  36.106685    10.8907   12.54104     -0.037    32.1797    24.5992 -9.990e-29
 227.526036     -0.014  36.060461    10.8699    6.86192     -0.014    32.1521    24.5814 -9.990e-29
 227.526042      0.008  36.032511    10.8565    2.47437      0.008    32.1362    24.5713 -9.990e-29
 227.526047      0.029  36.020345    10.8388    0.32857      0.029    32.1396    24.5770 -9.990e-29
 227.526053      0.047  36.008321    10.8264    0.53315      0.047    32.1386    24.5784 -9.990e-29
 227.526059      0.063  36.001735    10.8215    2.83017      0.062    32.1363    24.5775 -9.990e-29
 227.526065      0.082  35.999673    10.8211    4.03231      0.081    32.1346    24.5762 -9.990e-29
 227.526071      0.102  35.997725    10.8253    4.58876      0.101    32.1290    24.5711 -9.990e-29
 227.526076      0.119  35.998364    10.8292    4.90225      0.118    32.1262    24.5683 -9.990e-29
 227.526082      0.135  35.999099    10.8290    5.05659      0.134    32.1271    24.5690 -9.990e-29
 227.526088      0.149  35.998131    10.8278    5.12760      0.148    32.1272    24.5693 -9.990e-29
 227.526094      0.164  35.998118    10.8269    5.17947      0.163    32.1280    24.5700 -9.990e-29
 227.526100      0.181  35.997944    10.8220    5.21761      0.179    32.1321    24.5741 -9.990e-29
 227.526105      0.195  35.994597    10.8081    5.24559      0.193    32.1410    24.5834 -9.990e-29
 227.526111      0.200  35.985880    10.7853    5.27808      0.198    32.1523    24.5962 -9.990e-29
 227.526117      0.195  35.973647    10.7606    5.28961      0.193    32.1619    24.6080 -9.990e-29
 227.526123      0.189  35.960671    10.7485    5.30949      0.187    32.1597    24.6083 -9.990e-29
 227.526128      0.186  35.952658    10.7599    5.32014      0.184    32.1417    24.5923 -9.990e-29
 227.526134      0.190  35.959123    10.7858    5.33004      0.188    32.1253    24.5751 -9.990e-29
 227.526140      0.205  35.976934    10.8067    5.32796      0.203    32.1247    24.5710 -9.990e-29
 227.526146      0.229  35.991176    10.8144    5.31214      0.227    32.1320    24.5754 -9.990e-29
 227.526152      0.253  35.995079    10.8148    5.29858      0.251    32.1355    24.5780 -9.990e-29
 227.526157      0.276  35.994432    10.8101    5.27696      0.274    32.1390    24.5816 -9.990e-29
 227.526163      0.299  35.992321    10.7946    5.27334      0.297    32.1505    24.5932 -9.990e-29
 227.526169      0.323  35.984271    10.7664    5.27642      0.320    32.1673    24.6112 -9.990e-29
 227.526175      0.350  35.966302    10.7436    5.26840      0.347    32.1695    24.6168 -9.990e-29
 227.526181      0.377  35.950356    10.7452    5.26822      0.374    32.1522    24.6031 -9.990e-29
 227.526186      0.402  35.951633    10.7624    5.26904      0.399    32.1384    24.5893 -9.990e-29
 227.526192      0.426  35.961759    10.7807    5.27461      0.422    32.1323    24.5815 -9.990e-29
 227.526198      0.447  35.969771    10.7940    5.29847      0.443    32.1286    24.5762 -9.990e-29
 227.526204      0.457  35.975715    10.7996    5.31934      0.453    32.1296    24.5760 -9.990e-29
 227.526209      0.453  35.979302    10.8040    5.31827      0.449    32.1293    24.5750 -9.990e-29
 227.526215      0.438  35.982514    10.8094    5.31282      0.434    32.1277    24.5729 -9.990e-29
 227.526221      0.425  35.985331    10.8137    5.31575      0.421    32.1268    24.5714 -9.990e-29
 227.526227      0.426  35.987580    10.8228    5.32487      0.422    32.1210    24.5653 -9.990e-29
 227.526233      0.440  35.996181    10.8362    5.34328      0.436    32.1178    24.5605 -9.990e-29
 227.526238      0.460  36.008022    10.8473    5.34020      0.456    32.1198    24.5601 -9.990e-29
 227.526244      0.479  36.014217    10.8586    5.33006      0.475    32.1160    24.5552 -9.990e-29
 227.526250      0.493  36.019098    10.8693    5.31174      0.489    32.1114    24.5498 -9.990e-29
 227.526256      0.509  36.025244    10.8693    5.29736      0.505    32.1175    24.5545 -9.990e-29
 227.526262      0.530  36.024025    10.8591    5.29462      0.526    32.1252    24.5623 -9.990e-29
 227.526267      0.555  36.016056    10.8455    5.30621      0.550    32.1293    24.5678 -9.990e-29
 227.526273      0.576  36.005846    10.8311    5.31178      0.571    32.1318    24.5723 -9.990e-29
 227.526279      0.590  35.992109    10.8250    5.31192      0.585    32.1235    24.5669 -9.990e-29
 227.526285      0.598  35.984554    10.8326    5.31158      0.593    32.1093    24.5545 -9.990e-29
 227.526291      0.601  35.991601    10.8453    5.30052      0.596    32.1052    24.5491 -9.990e-29
 227.526296      0.603  36.003576    10.8530    5.31547      0.598    32.1103    24.5518 -9.990e-29
 227.526302      0.613  36.008969    10.8592    5.33132      0.608    32.1102    24.5506 -9.990e-29
 227.526308      0.632  36.012166    10.8693    5.34264      0.627    32.1045    24.5444 -9.990e-29
 227.526314      0.651  36.019108    10.8763    5.34659      0.646    32.1052    24.5438 -9.990e-29
 227.526319      0.669  36.023348    10.8774    5.34237      0.663    32.1085    24.5461 -9.990e-29
 227.526325      0.686  36.023248    10.8805    5.34272      0.680    32.1056    24.5434 -9.990e-29
 227.526331      0.703  36.025399    10.8906    5.35254      0.697    32.0989    24.5364 -9.990e-29
 227.526337      0.721  36.032663    10.9016    5.36455      0.715    32.0965    24.5325 -9.990e-29
 227.526343      0.742  36.039019    10.9056    5.35291      0.736    32.0993    24.5340 -9.990e-29
 227.526348      0.762  36.038924    10.9051    5.33498      0.756    32.0996    24.5344 -9.990e-29
 227.526354      0.775  36.036733    10.9046    5.31686      0.769    32.0979    24.5331 -9.990e-29
 227.526360      0.780  36.035686    10.9034    5.30804      0.773    32.0979    24.5333 -9.990e-29
 227.526366      0.788  36.034381    10.8968    5.30184      0.781    32.1023    24.5380 -9.990e-29
 227.526372      0.802  36.029393    10.8795    5.29800      0.795    32.1126    24.5489 -9.990e-29
 227.526377      0.824  36.016870    10.8589    5.29871      0.817    32.1182    24.5569 -9.990e-29
 227.526383      0.847  36.002534    10.8503    5.30558      0.840    32.1115    24.5532 -9.990e-29
 227.526389      0.858  35.996980    10.8571    5.31087      0.851    32.1001    24.5431 -9.990e-29
 227.526395      0.864  36.002882    10.8707    5.32067      0.857    32.0940    24.5360 -9.990e-29
