data/oxygen options/OCNMS/OCNMS2/raw_data/2005/CTD_TH30c_083105faed.cnv
* Sea-Bird SBE19 Data File:
* FileName = C:\hypoxia CTD data\TH30c_083105.hex
* Software Version 1.1.5
* Temperature SN = 2997
* Conductivity SN = 2997
* System UpLoad Time = Aug 31 2005 15:49:02
** Teahwhit Head 083105 30m
* SEACAT PROFILER V3.1c SN 2997   08/31/05  15:44:38.884
# nquan = 9                                 
# nvalues = 488                         
# units = specified
# name 0 = timeJ: Julian Days
# name 1 = prSM: Pressure, Strain Gauge [db]
# name 2 = c0mS/cm: Conductivity [mS/cm]
# name 3 = t090C: Temperature [ITS-90, deg C]
# name 4 = oxML/L: Oxygen, Beckman/YSI [ml/l]
# name 5 = depSM: Depth [salt water, m], lat = 47.5
# name 6 = sal00: Salinity, Practical [PSU]
# name 7 = sigma-é00: Density [sigma-theta, kg/m^3]
# name 8 = flag: flag
# span 0 = 243.426655, 243.429473       
# span 1 =     -1.378,     33.987       
# span 2 =   0.693592,  38.271138       
# span 3 =     7.9303,    13.2714       
# span 4 =   -0.10153,   25.90415       
# span 5 =     -1.367,     33.701       
# span 6 =     0.4428,    33.5104       
# span 7 =    -0.3097,    26.0989       
# span 8 = 0.0000e+00, 0.0000e+00       
# interval = seconds: 0.5
# start_time = Aug 31 2005 10:14:23 [Instrument's time stamp, header]
# bad_flag = -9.990e-29
*END*
 243.426655     -1.378 -9.990e-29    13.2714   -0.10153     -1.367 -9.990e-29 -9.990e-29 -9.990e-29
 243.426661     -1.352   0.693592    13.2611   -0.10076     -1.341     0.4428    -0.3097 -9.990e-29
 243.426667     -1.324   1.080107    13.2539   -0.10089     -1.313     0.7025    -0.1070 -9.990e-29
 243.426672     -1.290   2.096203    13.2496   -0.10086     -1.279     1.4088     0.4416 -9.990e-29
 243.426678     -1.241   3.591478    13.2433   -0.10091     -1.231     2.4904     1.2797 -9.990e-29
 243.426684     -1.178   4.810405    13.2257   -0.10089     -1.168     3.4000     1.9851 -9.990e-29
 243.426690     -1.109   5.871450    13.1723   -0.10092     -1.100     4.2120     2.6195 -9.990e-29
 243.426696     -1.035   7.897256    13.0645   -0.10092     -1.026     5.8027     3.8617 -9.990e-29
 243.426701     -0.950  13.166190    12.9359   -0.10091     -0.942    10.1012     7.1925 -9.990e-29
 243.426707     -0.849  22.424302    12.8377   -0.10090     -0.842    18.0728    13.3478 -9.990e-29
 243.426713     -0.731  31.153122    12.7823   -0.10089     -0.725    25.9738    19.4520 -9.990e-29
 243.426719     -0.600  35.609222    12.7570   -0.10089     -0.595    30.1374    22.6753 -9.990e-29
 243.426725     -0.465  37.259111    12.7465   -0.10088     -0.461    31.7017    23.8880 -9.990e-29
 243.426730     -0.330  37.929142    12.7414   -0.10091     -0.327    32.3411    24.3841 -9.990e-29
 243.426736     -0.200  38.136954    12.7390   -0.10090     -0.198    32.5404    24.5389 -9.990e-29
 243.426742     -0.084  38.202279    12.7383   -0.10088     -0.083    32.6031    24.5876 -9.990e-29
 243.426748      0.014  38.217847    12.7387   -0.10088      0.014    32.6175    24.5987 -9.990e-29
 243.426753      0.095  38.215090    12.7400   -0.10089      0.094    32.6137    24.5955 -9.990e-29
 243.426759      0.169  38.210547    12.7416   -0.10089      0.168    32.6080    24.5908 -9.990e-29
 243.426765      0.239  38.216130    12.7427   -0.10089      0.237    32.6123    24.5939 -9.990e-29
 243.426771      0.303  38.227527    12.7432   -0.10086      0.300    32.6227    24.6018 -9.990e-29
 243.426777      0.356  38.237519    12.7427   -0.10085      0.353    32.6326    24.6096 -9.990e-29
 243.426782      0.397  38.242060    12.7419   -0.10087      0.394    32.6376    24.6136 -9.990e-29
 243.426788      0.432  38.238815    12.7420   -0.10090      0.428    32.6344    24.6112 -9.990e-29
 243.426794      0.468  38.233013    12.7430   -0.10092      0.464    32.6280    24.6060 -9.990e-29
 243.426800      0.504  38.237133    12.7441   -0.10089      0.500    32.6309    24.6081 -9.990e-29
 243.426806      0.533  38.247716    12.7452   -0.10088      0.529    32.6400    24.6149 -9.990e-29
 243.426811      0.552  38.248603    12.7462   -0.10086      0.547    32.6400    24.6147 -9.990e-29
 243.426817      0.562  38.240999    12.7467   -0.10084      0.557    32.6323    24.6087 -9.990e-29
 243.426823      0.566  38.238344    12.7470   -0.10088      0.561    32.6296    24.6064 -9.990e-29
 243.426829      0.562  38.247776    12.7474   -0.10090      0.557    32.6382    24.6130 -9.990e-29
 243.426834      0.554  38.262263    12.7473   -0.10091      0.549    32.6520    24.6238 -9.990e-29
 243.426840      0.551  38.264122    12.7455   -0.10090      0.546    32.6554    24.6267 -9.990e-29
 243.426846      0.557  38.248562    12.7431   -0.10088      0.552    32.6426    24.6173 -9.990e-29
 243.426852      0.572  38.231317    12.7425   -0.10089      0.567    32.6268    24.6052 -9.990e-29
 243.426858      0.598  38.231483    12.7454   -0.10091      0.593    32.6244    24.6028 -9.990e-29
 243.426863      0.630  38.248180    12.7513   -0.10091      0.625    32.6352    24.6100 -9.990e-29
 243.426869      0.660  38.261064    12.7548   -0.10091      0.654    32.6444    24.6164 -9.990e-29
 243.426875      0.679  38.258729    12.7525   -0.10089      0.673    32.6441    24.6167 -9.990e-29
 243.426881      0.694  38.245376    12.7476   -0.10087      0.688    32.6357    24.6111 -9.990e-29
 243.426887      0.710  38.231266    12.7441   -0.10087      0.704    32.6253    24.6037 -9.990e-29
 243.426892      0.728  38.225091    12.7426   -0.10089      0.722    32.6207    24.6004 -9.990e-29
 243.426898      0.744  38.229295    12.7425   -0.10092      0.738    32.6248    24.6036 -9.990e-29
 243.426904      0.755  38.239408    12.7428   -0.10090      0.749    32.6341    24.6108 -9.990e-29
 243.426910      0.767  38.243697    12.7429   -0.10089      0.761    32.6381    24.6139 -9.990e-29
 243.426916      0.785  38.236123    12.7425   -0.10087      0.778    32.6313    24.6086 -9.990e-29
 243.426921      0.809  38.225677    12.7421   -0.10086      0.802    32.6217    24.6013 -9.990e-29
 243.426927      0.836  38.225376    12.7436   -0.10089      0.829    32.6201    24.5998 -9.990e-29
 243.426933      0.861  38.237644    12.7477   -0.10089      0.854    32.6282    24.6052 -9.990e-29
 243.426939      0.880  38.250253    12.7505   -0.10088      0.873    32.6377    24.6121 -9.990e-29
 243.426944      0.895  38.250870    12.7486   -0.10086      0.888    32.6399    24.6142 -9.990e-29
 243.426950      0.905  38.241465    12.7447   -0.10085      0.897    32.6344    24.6106 -9.990e-29
 243.426956      0.913  38.231956    12.7427   -0.10088      0.905    32.6271    24.6054 -9.990e-29
 243.426962      0.919  38.231559    12.7442   -0.10089      0.911    32.6254    24.6038 -9.990e-29
 243.426968      0.922  38.241447    12.7489   -0.10088      0.914    32.6307    24.6070 -9.990e-29
 243.426973      0.924  38.250145    12.7523   -0.10085      0.916    32.6360    24.6104 -9.990e-29
 243.426979      0.928  38.248520    12.7516   -0.10083      0.920    32.6351    24.6099 -9.990e-29
 243.426985      0.940  38.241158    12.7497   -0.10087      0.932    32.6297    24.6061 -9.990e-29
 243.426991      0.954  38.239581    12.7510   -0.10090      0.946    32.6271    24.6038 -9.990e-29
 243.426997      0.970  38.247317    12.7557   -0.10089      0.962    32.6304    24.6054 -9.990e-29
 243.427002      0.986  38.253946    12.7586   -0.10088      0.978    32.6342    24.6078 -9.990e-29
 243.427008      1.004  38.251502    12.7560   -0.10085      0.996    32.6341    24.6082 -9.990e-29
 243.427014      1.026  38.244042    12.7523   -0.10083      1.017    32.6302    24.6059 -9.990e-29
 243.427020      1.048  38.241833    12.7538   -0.10086      1.039    32.6268    24.6030 -9.990e-29
 243.427025      1.064  38.248680    12.7600   -0.10088      1.055    32.6279    24.6027 -9.990e-29
 243.427031      1.070  38.255222    12.7627   -0.10087      1.061    32.6318    24.6052 -9.990e-29
 243.427037      1.071  38.254499    12.7578   -0.10082      1.062    32.6354    24.6089 -9.990e-29
 243.427043      1.075  38.248937    12.7511   -0.10079      1.066    32.6359    24.6106 -9.990e-29
 243.427049      1.088  38.244042    12.7485   -0.10079      1.079    32.6335    24.6092 -9.990e-29
 243.427054      1.104  38.246207    12.7521   -0.10081      1.095    32.6324    24.6077 -9.990e-29
 243.427060      1.117  38.254413    12.7594   -0.10085      1.108    32.6339    24.6074 -9.990e-29
 243.427066      1.124  38.259431    12.7632   -0.10087      1.115    32.6354    24.6078 -9.990e-29
 243.427072      1.130  38.257876    12.7605   -0.10088      1.121    32.6362    24.6090 -9.990e-29
 243.427078      1.138  38.254429    12.7572   -0.10087      1.128    32.6358    24.6093 -9.990e-29
 243.427083      1.145  38.254614    12.7605   -0.10081      1.135    32.6331    24.6066 -9.990e-29
 243.427089      1.147  38.259818    12.7706   -0.10076      1.137    32.6293    24.6017 -9.990e-29
 243.427095      1.149  38.265223    12.7800   -0.10077      1.139    32.6263    24.5975 -9.990e-29
 243.427101      1.156  38.266838    12.7818   -0.10085      1.146    32.6263    24.5972 -9.990e-29
 243.427106      1.162  38.265159    12.7755   14.64256      1.152    32.6301    24.6014 -9.990e-29
 243.427112      1.165  38.262457    12.7655   24.47409      1.155    32.6362    24.6080 -9.990e-29
 243.427118      1.169  38.260760    12.7577   25.90415      1.159    32.6414    24.6135 -9.990e-29
 243.427124      1.178  38.260632    12.7557   22.75698      1.168    32.6430    24.6152 -9.990e-29
 243.427130      1.188  38.262482    12.7618   14.82956      1.178    32.6394    24.6112 -9.990e-29
 243.427135      1.197  38.266554    12.7748   11.82030      1.187    32.6321    24.6030 -9.990e-29
 243.427141      1.204  38.271006    12.7853   11.85343      1.194    32.6272    24.5972 -9.990e-29
 243.427147      1.210  38.271138    12.7824   11.85928      1.200    32.6298    24.5998 -9.990e-29
 243.427153      1.220  38.263786    12.7679   11.88270      1.210    32.6354    24.6069 -9.990e-29
 243.427159      1.239  38.249829    12.7527   11.90100      1.229    32.6353    24.6098 -9.990e-29
 243.427164      1.258  38.225823    12.7429   11.92307      1.247    32.6209    24.6006 -9.990e-29
 243.427170      1.268  38.196234    12.7384   11.94057      1.257    32.5967    24.5827 -9.990e-29
 243.427176      1.267  38.177154    12.7369   11.96014      1.256    32.5799    24.5699 -9.990e-29
 243.427182      1.270  38.169523    12.7361   11.97907      1.259    32.5733    24.5650 -9.990e-29
 243.427188      1.285  38.165433    12.7353   11.98925      1.274    32.5701    24.5627 -9.990e-29
 243.427193      1.303  38.162256    12.7347   11.22268      1.292    32.5676    24.5608 -9.990e-29
 243.427199      1.315  38.159142    12.7342    7.71365      1.304    32.5650    24.5590 -9.990e-29
 243.427205      1.315  38.155884    12.7339    5.38025      1.304    32.5622    24.5568 -9.990e-29
 243.427211      1.308  38.152646    12.7338    4.39018      1.297    32.5592    24.5545 -9.990e-29
 243.427216      1.303  38.150741    12.7336    4.80106      1.292    32.5576    24.5533 -9.990e-29
 243.427222      1.299  38.149895    12.7333    6.22215      1.288    32.5570    24.5530 -9.990e-29
 243.427228      1.295  38.149004    12.7329    6.82716      1.284    32.5565    24.5526 -9.990e-29
 243.427234      1.301  38.148582    12.7328    7.10679      1.290    32.5562    24.5524 -9.990e-29
 243.427240      1.312  38.148650    12.7330    7.26890      1.301    32.5561    24.5523 -9.990e-29
 243.427245      1.320  38.148759    12.7330    7.34814      1.309    32.5562    24.5524 -9.990e-29
 243.427251      1.330  38.149075    12.7327    7.41359      1.319    32.5568    24.5529 -9.990e-29
 243.427257      1.347  38.149479    12.7325    7.43812      1.336    32.5573    24.5533 -9.990e-29
 243.427263      1.369  38.149410    12.7324    7.43461      1.358    32.5573    24.5534 -9.990e-29
 243.427269      1.387  38.148796    12.7324    7.45141      1.375    32.5567    24.5529 -9.990e-29
 243.427274      1.398  38.148523    12.7325    7.45527      1.386    32.5564    24.5526 -9.990e-29
 243.427280      1.408  38.148808    12.7327    7.47217      1.396    32.5565    24.5526 -9.990e-29
 243.427286      1.422  38.148933    12.7329    7.49847      1.410    32.5564    24.5526 -9.990e-29
 243.427292      1.435  38.149086    12.7332    7.49956      1.423    32.5563    24.5524 -9.990e-29
 243.427297      1.446  38.150054    12.7337    7.48293      1.434    32.5568    24.5527 -9.990e-29
 243.427303      1.453  38.152027    12.7341    7.46741      1.441    32.5583    24.5538 -9.990e-29
 243.427309      1.463  38.154290    12.7344    7.46886      1.451    32.5602    24.5552 -9.990e-29
 243.427315      1.479  38.157080    12.7347    7.48159      1.467    32.5626    24.5570 -9.990e-29
 243.427321      1.499  38.160772    12.7347    7.49972      1.486    32.5661    24.5597 -9.990e-29
 243.427326      1.516  38.163017    12.7346    7.49211      1.503    32.5683    24.5614 -9.990e-29
 243.427332      1.522  38.162345    12.7345    7.46998      1.509    32.5678    24.5610 -9.990e-29
 243.427338      1.517  38.159560    12.7344    7.46123      1.504    32.5652    24.5591 -9.990e-29
 243.427344      1.514  38.156020    12.7339    7.45987      1.501    32.5623    24.5569 -9.990e-29
 243.427350      1.525  38.153198    12.7331    7.46041      1.512    32.5603    24.5555 -9.990e-29
 243.427355      1.551  38.151278    12.7324    7.46200      1.538    32.5590    24.5547 -9.990e-29
 243.427361      1.582  38.149964    12.7322    7.45535      1.569    32.5579    24.5539 -9.990e-29
 243.427367      1.606  38.149209    12.7322    7.45692      1.593    32.5572    24.5533 -9.990e-29
 243.427373      1.620  38.148585    12.7323    7.45222      1.606    32.5565    24.5528 -9.990e-29
 243.427378      1.630  38.147468    12.7320    7.44412      1.616    32.5557    24.5522 -9.990e-29
 243.427384      1.640  38.146061    12.7314    7.45041      1.626    32.5549    24.5517 -9.990e-29
 243.427390      1.648  38.145486    12.7309    7.43671      1.634    32.5548    24.5517 -9.990e-29
 243.427396      1.648  38.144983    12.7306    7.43518      1.634    32.5546    24.5516 -9.990e-29
 243.427402      1.646  38.143507    12.7307    7.42661      1.632    32.5531    24.5504 -9.990e-29
 243.427407      1.645  38.142456    12.7307    7.42999      1.631    32.5521    24.5496 -9.990e-29
 243.427413      1.641  38.142112    12.7305    7.44468      1.627    32.5519    24.5495 -9.990e-29
 243.427419      1.635  38.141453    12.7301    7.43446      1.621    32.5516    24.5494 -9.990e-29
 243.427425      1.629  38.140163    12.7297    7.42081      1.615    32.5508    24.5488 -9.990e-29
 243.427431      1.624  38.138764    12.7298    7.41524      1.610    32.5494    24.5477 -9.990e-29
 243.427436      1.623  38.137636    12.7303    7.41902      1.609    32.5479    24.5464 -9.990e-29
 243.427442      1.631  38.136397    12.7307    7.42123      1.617    32.5463    24.5452 -9.990e-29
 243.427448      1.643  38.135077    12.7308    7.42587      1.629    32.5450    24.5441 -9.990e-29
 243.427454      1.653  38.134158    12.7307    7.41521      1.639    32.5442    24.5435 -9.990e-29
 243.427459      1.660  38.134098    12.7306    7.41162      1.646    32.5442    24.5435 -9.990e-29
 243.427465      1.669  38.134819    12.7310    7.41005      1.655    32.5446    24.5437 -9.990e-29
 243.427471      1.682  38.136721    12.7319    7.41680      1.668    32.5456    24.5444 -9.990e-29
 243.427477      1.698  38.139535    12.7325    7.41335      1.684    32.5477    24.5459 -9.990e-29
 243.427483      1.716  38.140283    12.7326    7.40752      1.702    32.5483    24.5464 -9.990e-29
 243.427488      1.730  38.137719    12.7325    7.39727      1.716    32.5460    24.5446 -9.990e-29
 243.427494      1.743  38.134031    12.7322    7.39460      1.728    32.5427    24.5421 -9.990e-29
 243.427500      1.755  38.131033    12.7320    7.38992      1.740    32.5401    24.5401 -9.990e-29
 243.427506      1.767  38.129774    12.7319    7.39235      1.752    32.5389    24.5392 -9.990e-29
 243.427512      1.780  38.130260    12.7318    7.40000      1.765    32.5395    24.5397 -9.990e-29
 243.427517      1.790  38.130893    12.7317    7.39555      1.775    32.5402    24.5402 -9.990e-29
 243.427523      1.793  38.130276    12.7316    7.38669      1.778    32.5397    24.5398 -9.990e-29
 243.427529      1.795  38.128706    12.7316    7.37792      1.780    32.5382    24.5387 -9.990e-29
 243.427535      1.799  38.127455    12.7315    7.39449      1.784    32.5371    24.5378 -9.990e-29
 243.427541      1.806  38.126538    12.7311    7.40116      1.791    32.5365    24.5375 -9.990e-29
 243.427546      1.811  38.125855    12.7309    7.41521      1.796    32.5361    24.5372 -9.990e-29
 243.427552      1.812  38.126178    12.7312    7.41612      1.797    32.5361    24.5372 -9.990e-29
 243.427558      1.812  38.127938    12.7323    7.41085      1.797    32.5368    24.5375 -9.990e-29
 243.427564      1.816  38.132920    12.7353    7.43186      1.801    32.5390    24.5386 -9.990e-29
 243.427569      1.823  38.148327    12.7402    7.45084      1.808    32.5494    24.5457 -9.990e-29
 243.427575      1.835  38.172828    12.7436    7.45823      1.820    32.5697    24.5608 -9.990e-29
