data/oxygen options/OCNMS/OCNMS2/raw_data/2005/CTD_TH35_083105faed.cnv
* Sea-Bird SBE19 Data File:
* FileName = C:\hypoxia CTD data\TH35_083105.hex
* Software Version 1.1.5
* Temperature SN = 2997
* Conductivity SN = 2997
* System UpLoad Time = Aug 31 2005 15:44:44
** Teahwhit Head 083105 35m
* SEACAT PROFILER V3.1c SN 2997   08/31/05  15:40:32.849
# nquan = 9                                 
# nvalues = 556                         
# units = specified
# name 0 = timeJ: Julian Days
# name 1 = prSM: Pressure, Strain Gauge [db]
# name 2 = c0mS/cm: Conductivity [mS/cm]
# name 3 = t090C: Temperature [ITS-90, deg C]
# name 4 = oxML/L: Oxygen, Beckman/YSI [ml/l]
# name 5 = depSM: Depth [salt water, m], lat = 47.5
# name 6 = sal00: Salinity, Practical [PSU]
# name 7 = sigma-é00: Density [sigma-theta, kg/m^3]
# name 8 = flag: flag
# span 0 = 243.444537, 243.447749       
# span 1 =     -3.806,     36.360       
# span 2 =   0.399814,  37.971419       
# span 3 =     7.7168,    13.5403       
# span 4 =   -0.10188,   25.62226       
# span 5 =     -3.774,     36.053       
# span 6 =     0.2490,    33.5510       
# span 7 =    -0.4971,    26.1775       
# span 8 = 0.0000e+00, 0.0000e+00       
# interval = seconds: 0.5
# start_time = Aug 31 2005 10:40:08 [Instrument's time stamp, header]
# bad_flag = -9.990e-29
*END*
[from data line 161]
 243.445469      0.715  37.791261    13.1345    7.65234      0.709    31.8770    23.9483 -9.990e-29
 243.445475      0.731  37.827734    13.1347    7.64891      0.725    31.9110    23.9746 -9.990e-29
 243.445480      0.750  37.820425    13.1339    7.65438      0.744    31.9048    23.9700 -9.990e-29
 243.445486      0.774  37.828017    13.1318    7.65256      0.768    31.9137    23.9773 -9.990e-29
 243.445492      0.803  37.847175    13.1295    7.66568      0.796    31.9336    23.9931 -9.990e-29
 243.445498      0.835  37.860262    13.1279    7.66731      0.828    31.9473    24.0040 -9.990e-29
 243.445503      0.865  37.866785    13.1275    7.66693      0.858    31.9537    24.0091 -9.990e-29
 243.445509      0.889  37.868154    13.1273    7.67031      0.882    31.9552    24.0102 -9.990e-29
 243.445515      0.909  37.868439    13.1265    7.67711      0.901    31.9561    24.0111 -9.990e-29
 243.445521      0.926  37.876439    13.1247    7.69147      0.918    31.9651    24.0184 -9.990e-29
 243.445527      0.942  37.898897    13.1231    7.67298      0.934    31.9875    24.0361 -9.990e-29
 243.445532      0.953  37.922015    13.1231    7.66469      0.945    32.0093    24.0529 -9.990e-29
 243.445538      0.951  37.923900    13.1244    7.66225      0.943    32.0099    24.0532 -9.990e-29
 243.445544      0.937  37.907630    13.1258    7.66213      0.929    31.9935    24.0402 -9.990e-29
 243.445550      0.922  37.889090    13.1275    7.65092      0.914    31.9746    24.0253 -9.990e-29
 243.445556      0.913  37.867122    13.1302    7.62126      0.905    31.9517    24.0070 -9.990e-29
 243.445561      0.911  37.833192    13.1351    7.59552      0.903    31.9158    23.9782 -9.990e-29
 243.445567      0.918  37.776275    13.1436    7.58741      0.910    31.8552    23.9297 -9.990e-29
 243.445573      0.937  37.683302    13.1525    7.58245      0.929    31.7605    23.8547 -9.990e-29
 243.445579      0.958  37.580615    13.1528    7.60414      0.950    31.6640    23.7800 -9.990e-29
 243.445584      0.981  37.574696    13.1428    7.64073      0.973    31.6667    23.7841 -9.990e-29
 243.445590      1.005  37.705887    13.1312    7.66025      0.997    31.7995    23.8890 -9.990e-29
 243.445596      1.028  37.851879    13.1243    7.66620      1.019    31.9423    24.0009 -9.990e-29
 243.445602      1.044  37.924672    13.1223    7.66316      1.035    32.0124    24.0555 -9.990e-29
 243.445608      1.048  37.934392    13.1224    7.66305      1.039    32.0214    24.0625 -9.990e-29
 243.445613      1.046  37.920922    13.1221    7.67337      1.037    32.0090    24.0529 -9.990e-29
 243.445619      1.050  37.920150    13.1212    7.66733      1.041    32.0091    24.0531 -9.990e-29
 243.445625      1.069  37.932734    13.1202    7.64733      1.060    32.0217    24.0631 -9.990e-29
 243.445631      1.095  37.950218    13.1198    7.64359      1.086    32.0385    24.0762 -9.990e-29
 243.445637      1.117  37.958903    13.1210    7.65078      1.108    32.0456    24.0815 -9.990e-29
 243.445642      1.133  37.943450    13.1234    7.66547      1.124    32.0291    24.0682 -9.990e-29
 243.445648      1.143  37.911299    13.1248    7.67869      1.133    31.9977    24.0436 -9.990e-29
 243.445654      1.149  37.891376    13.1246    7.64961      1.139    31.9791    24.0293 -9.990e-29
 243.445660      1.155  37.897501    13.1240    7.64547      1.145    31.9854    24.0343 -9.990e-29
 243.445666      1.165  37.907562    13.1237    7.65537      1.155    31.9951    24.0418 -9.990e-29
 243.445671      1.176  37.909177    13.1230    7.67099      1.166    31.9972    24.0436 -9.990e-29
 243.445677      1.184  37.915720    13.1221    7.67748      1.174    32.0041    24.0491 -9.990e-29
 243.445683      1.190  37.923581    13.1226    7.67101      1.180    32.0111    24.0544 -9.990e-29
 243.445689      1.194  37.912397    13.1250    7.63642      1.184    31.9985    24.0442 -9.990e-29
 243.445694      1.196  37.882963    13.1289    7.61421      1.186    31.9676    24.0195 -9.990e-29
 243.445700      1.201  37.848759    13.1345    7.60995      1.191    31.9308    23.9899 -9.990e-29
 243.445706      1.214  37.794468    13.1402    7.61140      1.204    31.8750    23.9457 -9.990e-29
 243.445712      1.231  37.730711    13.1432    7.62098      1.221    31.8126    23.8969 -9.990e-29
 243.445718      1.244  37.694744    13.1440    7.60844      1.234    31.7782    23.8701 -9.990e-29
 243.445723      1.250  37.662733    13.1445    7.59188      1.240    31.7478    23.8464 -9.990e-29
 243.445729      1.254  37.613874    13.1459    7.59388      1.244    31.7008    23.8098 -9.990e-29
 243.445735      1.260  37.558736    13.1482    7.59593      1.249    31.6472    23.7679 -9.990e-29
 243.445741      1.268  37.488299    13.1481    7.61118      1.257    31.5812    23.7169 -9.990e-29
 243.445747      1.280  37.458945    13.1431    7.61240      1.269    31.5579    23.6998 -9.990e-29
 243.445752      1.296  37.529680    13.1378    7.59975      1.285    31.6286    23.7556 -9.990e-29
 243.445758      1.312  37.610877    13.1360    7.60793      1.301    31.7062    23.8160 -9.990e-29
 243.445764      1.322  37.631344    13.1365    7.61108      1.311    31.7250    23.8304 -9.990e-29
 243.445770      1.321  37.618373    13.1381    7.61079      1.310    31.7115    23.8196 -9.990e-29
 243.445775      1.313  37.590563    13.1406    7.59780      1.302    31.6833    23.7974 -9.990e-29
 243.445781      1.307  37.549536    13.1445    7.60108      1.296    31.6416    23.7643 -9.990e-29
 243.445787      1.307  37.493872    13.1479    7.63476      1.296    31.5866    23.7211 -9.990e-29
 243.445793      1.312  37.453105    13.1481    7.64548      1.301    31.5482    23.6914 -9.990e-29
 243.445799      1.323  37.460931    13.1449    7.63304      1.312    31.5582    23.6998 -9.990e-29
 243.445804      1.341  37.512086    13.1403    7.64466      1.330    31.6100    23.7407 -9.990e-29
 243.445810      1.367  37.604680    13.1365    7.66669      1.356    31.7000    23.8110 -9.990e-29
 243.445816      1.393  37.701783    13.1354    7.65427      1.381    31.7920    23.8824 -9.990e-29
 243.445822      1.409  37.723681    13.1375    7.63345      1.397    31.8108    23.8965 -9.990e-29
 243.445828      1.416  37.669288    13.1425    7.59079      1.404    31.7555    23.8528 -9.990e-29
 243.445833      1.419  37.590028    13.1523    7.53995      1.407    31.6730    23.7871 -9.990e-29
 243.445839      1.421  37.476126    13.1707    7.50165      1.409    31.5510    23.6891 -9.990e-29
 243.445845      1.432  37.269374    13.1920    7.48332      1.420    31.3399    23.5217 -9.990e-29
 243.445851      1.452  37.023286    13.2019    7.46634      1.440    31.1017    23.3356 -9.990e-29
 243.445856      1.474  36.922300    13.2005    7.47427      1.462    31.0086    23.2639 -9.990e-29
 243.445862      1.491  36.987670    13.1982    7.48799      1.479    31.0715    23.3130 -9.990e-29
 243.445868      1.499  37.053660    13.1961    7.51374      1.486    31.1348    23.3624 -9.990e-29
 243.445874      1.504  37.089379    13.1908    7.52114      1.491    31.1725    23.3926 -9.990e-29
 243.445880      1.510  37.157596    13.1849    7.53469      1.497    31.2412    23.4468 -9.990e-29
 243.445885      1.517  37.226463    13.1814    7.53375      1.504    31.3084    23.4995 -9.990e-29
 243.445891      1.526  37.261071    13.1793    7.54299      1.513    31.3425    23.5262 -9.990e-29
 243.445897      1.538  37.269433    13.1755    7.56737      1.525    31.3535    23.5355 -9.990e-29
 243.445903      1.553  37.295786    13.1657    7.61551      1.540    31.3862    23.5627 -9.990e-29
 243.445909      1.572  37.419014    13.1515    7.64559      1.559    31.5134    23.6638 -9.990e-29
 243.445914      1.592  37.615555    13.1407    7.64619      1.579    31.7066    23.8153 -9.990e-29
 243.445920      1.606  37.752095    13.1377    7.63452      1.593    31.8372    23.9169 -9.990e-29
 243.445926      1.610  37.770099    13.1387    7.63204      1.597    31.8532    23.9292 -9.990e-29
 243.445932      1.609  37.735636    13.1387    7.62868      1.596    31.8209    23.9041 -9.990e-29
 243.445938      1.612  37.725581    13.1372    7.62767      1.599    31.8127    23.8981 -9.990e-29
 243.445943      1.622  37.750087    13.1355    7.62720      1.608    31.8371    23.9173 -9.990e-29
 243.445949      1.641  37.785190    13.1339    7.63552      1.627    31.8714    23.9442 -9.990e-29
 243.445955      1.662  37.805164    13.1329    7.64311      1.648    31.8910    23.9595 -9.990e-29
 243.445961      1.671  37.806358    13.1326    7.64155      1.657    31.8924    23.9606 -9.990e-29
 243.445966      1.672  37.805326    13.1326    7.64023      1.658    31.8914    23.9599 -9.990e-29
 243.445972      1.671  37.807989    13.1324    7.65308      1.657    31.8941    23.9620 -9.990e-29
 243.445978      1.673  37.816036    13.1314    7.66658      1.659    31.9025    23.9687 -9.990e-29
 243.445984      1.674  37.834598    13.1295    7.66299      1.660    31.9215    23.9838 -9.990e-29
 243.445990      1.674  37.867681    13.1278    7.64255      1.660    31.9540    24.0092 -9.990e-29
 243.445995      1.678  37.897709    13.1282    7.63926      1.664    31.9818    24.0307 -9.990e-29
 243.446001      1.676  37.888454    13.1313    7.63708      1.662    31.9705    24.0214 -9.990e-29
 243.446007      1.661  37.833751    13.1353    7.63104      1.647    31.9158    23.9782 -9.990e-29
 243.446013      1.640  37.764424    13.1393    7.59747      1.626    31.8474    23.9245 -9.990e-29
 243.446019      1.625  37.701336    13.1442    7.57229      1.611    31.7841    23.8746 -9.990e-29
 243.446024      1.618  37.632723    13.1517    7.53199      1.604    31.7135    23.8185 -9.990e-29
 243.446030      1.619  37.520951    13.1612    7.54739      1.605    31.6008    23.7295 -9.990e-29
 243.446036      1.629  37.386922    13.1655    7.57876      1.615    31.4717    23.6288 -9.990e-29
 243.446042      1.643  37.348040    13.1600    7.61002      1.629    31.4398    23.6053 -9.990e-29
 243.446047      1.654  37.449489    13.1524    7.60171      1.640    31.5411    23.6851 -9.990e-29
 243.446053      1.659  37.557357    13.1521    7.56152      1.645    31.6425    23.7635 -9.990e-29
 243.446059      1.658  37.545728    13.1578    7.55233      1.644    31.6268    23.7503 -9.990e-29
 243.446065      1.655  37.457428    13.1616    7.57341      1.641    31.5409    23.6831 -9.990e-29
 243.446071      1.658  37.410830    13.1598    7.60754      1.644    31.4988    23.6509 -9.990e-29
 243.446076      1.668  37.436346    13.1552    7.61842      1.654    31.5265    23.6732 -9.990e-29
 243.446082      1.676  37.489493    13.1524    7.59134      1.662    31.5786    23.7141 -9.990e-29
 243.446088      1.680  37.522812    13.1557    7.54474      1.666    31.6071    23.7355 -9.990e-29
 243.446094      1.683  37.470254    13.1637    7.51954      1.669    31.5512    23.6907 -9.990e-29
 243.446100      1.689  37.360450    13.1696    7.55622      1.675    31.4435    23.6062 -9.990e-29
 243.446105      1.696  37.311138    13.1675    7.59271      1.682    31.3991    23.5723 -9.990e-29
 243.446111      1.703  37.386681    13.1604    7.60785      1.689    31.4757    23.6329 -9.990e-29
 243.446117      1.715  37.510039    13.1581    7.56236      1.701    31.5931    23.7242 -9.990e-29
 243.446123      1.725  37.527723    13.1634    7.54093      1.711    31.6053    23.7325 -9.990e-29
 243.446128      1.724  37.402752    13.1720    7.51506      1.710    31.4811    23.6348 -9.990e-29
 243.446134      1.717  37.230398    13.1776    7.54349      1.703    31.3152    23.5054 -9.990e-29
 243.446140      1.720  37.156030    13.1760    7.56578      1.706    31.2469    23.4530 -9.990e-29
 243.446146      1.747  37.224619    13.1688    7.57487      1.732    31.3170    23.5086 -9.990e-29
 243.446152      1.781  37.365006    13.1636    7.56421      1.766    31.4527    23.6145 -9.990e-29
 243.446157      1.805  37.460993    13.1671    7.54374      1.790    31.5396    23.6811 -9.990e-29
 243.446163      1.814  37.409516    13.1764    7.54531      1.799    31.4837    23.6360 -9.990e-29
 243.446169      1.814  37.272613    13.1806    7.55660      1.799    31.3521    23.5334 -9.990e-29
 243.446175      1.814  37.218248    13.1742    7.57230      1.799    31.3066    23.4994 -9.990e-29
 243.446181      1.817  37.286099    13.1620    7.59331      1.802    31.3801    23.5587 -9.990e-29
 243.446186      1.824  37.420282    13.1511    7.60407      1.809    31.5148    23.6650 -9.990e-29
 243.446192      1.835  37.578762    13.1468    7.59328      1.820    31.6669    23.7834 -9.990e-29
 243.446198      1.847  37.647021    13.1503    7.57530      1.832    31.7280    23.8300 -9.990e-29
 243.446204      1.852  37.570268    13.1576    7.53574      1.837    31.6499    23.7682 -9.990e-29
 243.446209      1.851  37.433484    13.1641    7.52505      1.836    31.5164    23.6636 -9.990e-29
 243.446215      1.851  37.321801    13.1669    7.55567      1.836    31.4095    23.5804 -9.990e-29
 243.446221      1.857  37.300539    13.1636    7.60720      1.841    31.3923    23.5678 -9.990e-29
 243.446227      1.870  37.403044    13.1551    7.63109      1.854    31.4953    23.6491 -9.990e-29
 243.446233      1.885  37.568601    13.1475    7.62624      1.869    31.6568    23.7755 -9.990e-29
 243.446238      1.896  37.678672    13.1467    7.58127      1.880    31.7606    23.8560 -9.990e-29
 243.446244      1.899  37.669158    13.1517    7.55900      1.883    31.7475    23.8449 -9.990e-29
 243.446250      1.898  37.572806    13.1579    7.56782      1.882    31.6520    23.7698 -9.990e-29
 243.446256      1.902  37.453516    13.1610    7.58346      1.886    31.5377    23.6807 -9.990e-29
 243.446262      1.914  37.387218    13.1587    7.58891      1.898    31.4775    23.6346 -9.990e-29
 243.446267      1.933  37.438620    13.1548    7.58347      1.917    31.5289    23.6751 -9.990e-29
 243.446273      1.946  37.519241    13.1551    7.56480      1.930    31.6041    23.7333 -9.990e-29
 243.446279      1.945  37.513386    13.1583    7.56414      1.929    31.5960    23.7264 -9.990e-29
 243.446285      1.940  37.462045    13.1599    7.58539      1.924    31.5466    23.6878 -9.990e-29
 243.446291      1.941  37.434167    13.1585    7.61193      1.925    31.5216    23.6688 -9.990e-29
 243.446296      1.950  37.457084    13.1552    7.59887      1.934    31.5458    23.6882 -9.990e-29
 243.446302      1.959  37.518177    13.1537    7.59528      1.943    31.6043    23.7337 -9.990e-29
 243.446308      1.964  37.543568    13.1562    7.57555      1.948    31.6260    23.7500 -9.990e-29
 243.446314      1.964  37.508795    13.1610    7.55881      1.948    31.5894    23.7208 -9.990e-29
 243.446319      1.961  37.456107    13.1656    7.57159      1.945    31.5363    23.6787 -9.990e-29
 243.446325      1.958  37.410599    13.1676    7.56625      1.942    31.4920    23.6441 -9.990e-29
 243.446331      1.959  37.388992    13.1667    7.55075      1.943    31.4725    23.6292 -9.990e-29
 243.446337      1.960  37.386038    13.1660    7.54380      1.944    31.4703    23.6277 -9.990e-29
 243.446343      1.962  37.364719    13.1672    7.53619      1.946    31.4494    23.6112 -9.990e-29
 243.446348      1.972  37.314002    13.1677    7.54632      1.956    31.4015    23.5741 -9.990e-29
 243.446354      1.992  37.281792    13.1671    7.53735      1.975    31.3718    23.5513 -9.990e-29
 243.446360      2.009  37.284034    13.1691    7.52506      1.992    31.3722    23.5512 -9.990e-29
 243.446366      2.013  37.267085    13.1738    7.51826      1.996    31.3525    23.5350 -9.990e-29
 243.446372      2.003  37.238072    13.1778    7.52814      1.986    31.3221    23.5107 -9.990e-29
 243.446377      1.992  37.212716    13.1793    7.53141      1.975    31.2971    23.4911 -9.990e-29
 243.446383      1.992  37.177405    13.1768    7.54361      1.975    31.2662    23.4677 -9.990e-29
