data/oxygen options/OCNMS/OCNMS2/raw_data/2005/CTD_TH30_062205faed.cnv
* Sea-Bird SBE19 Data File:
* FileName = C:\hypoxia CTD data\TH30_062205.hex
* Software Version 1.1.5
* Temperature SN = 2997
* Conductivity SN = 2997
* System UpLoad Time = Jun 22 2005 10:23:27
* SEACAT PROFILER V3.1c SN 2997   06/22/05  10:23:16.278
* strain gauge pressure sensor: S/N = 184829,  range = 3000 psia,  tc = 40
# nquan = 9                                 
# nvalues = 2053                        
# units = specified
# name 0 = timeJ: Julian Days
# name 1 = prSM: Pressure, Strain Gauge [db]
# name 2 = c0mS/cm: Conductivity [mS/cm]
# name 3 = t090C: Temperature [ITS-90, deg C]
# name 4 = oxML/L: Oxygen, Beckman/YSI [ml/l]
# name 5 = depSM: Depth [salt water, m], lat = 47.5
# name 6 = sal00: Salinity, Practical [PSU]
# name 7 = sigma-é00: Density [sigma-theta, kg/m^3]
# name 8 = flag: flag
# span 0 = 173.396030, 173.407905       
# span 1 =     -3.224,     31.131       
# span 2 =   0.508013,  37.593204       
# span 3 =     9.3072,    15.5699       
# span 4 =  -14.42384,   24.40903       
# span 5 =     -3.197,     30.869       
# span 6 =     0.3092,    32.7529       
# span 7 =    -0.6209,    25.3108       
# span 8 = 0.0000e+00, 0.0000e+00       
# interval = seconds: 0.5
# start_time = Jun 22 2005 09:30:17 [Instrument's time stamp, header]
# bad_flag = -9.990e-29
*END*
[from data line 641]
 173.399740      3.274  37.572020    15.5623    5.99778      3.247    29.7448    21.8049 -9.990e-29
 173.399745      3.288  37.572111    15.5631    6.00028      3.261    29.7442    21.8044 -9.990e-29
 173.399751      3.297  37.572470    15.5644    6.00343      3.269    29.7436    21.8036 -9.990e-29
 173.399757      3.302  37.573021    15.5660    5.99767      3.274    29.7428    21.8027 -9.990e-29
 173.399763      3.302  37.573387    15.5670    5.99362      3.274    29.7424    21.8021 -9.990e-29
 173.399769      3.298  37.573505    15.5670    5.99533      3.270    29.7425    21.8022 -9.990e-29
 173.399774      3.290  37.573540    15.5666    5.99405      3.263    29.7428    21.8025 -9.990e-29
 173.399780      3.277  37.573547    15.5661    5.99509      3.250    29.7432    21.8029 -9.990e-29
 173.399786      3.262  37.573545    15.5658    5.99370      3.235    29.7435    21.8032 -9.990e-29
 173.399792      3.249  37.573538    15.5661    5.99256      3.222    29.7432    21.8029 -9.990e-29
 173.399797      3.237  37.573528    15.5667    5.99370      3.210    29.7428    21.8025 -9.990e-29
 173.399803      3.229  37.573508    15.5669    5.99025      3.202    29.7426    21.8023 -9.990e-29
 173.399809      3.229  37.573460    15.5664    5.98905      3.202    29.7429    21.8027 -9.990e-29
 173.399815      3.238  37.573332    15.5655    5.98405      3.211    29.7435    21.8033 -9.990e-29
 173.399821      3.252  37.572960    15.5643    5.99359      3.225    29.7441    21.8040 -9.990e-29
 173.399826      3.262  37.572418    15.5634    5.99783      3.235    29.7443    21.8043 -9.990e-29
 173.399832      3.265  37.572112    15.5632    5.99753      3.238    29.7442    21.8043 -9.990e-29
 173.399838      3.263  37.572202    15.5635    5.98438      3.236    29.7440    21.8041 -9.990e-29
 173.399844      3.257  37.572258    15.5637    5.98004      3.230    29.7439    21.8040 -9.990e-29
 173.399850      3.258  37.571802    15.5636    5.99270      3.231    29.7436    21.8038 -9.990e-29
 173.399855      3.264  37.571355    15.5635    6.00139      3.237    29.7433    21.8035 -9.990e-29
 173.399861      3.268  37.571452    15.5638    5.99487      3.241    29.7431    21.8034 -9.990e-29
 173.399867      3.266  37.571671    15.5643    5.99090      3.239    29.7429    21.8031 -9.990e-29
 173.399873      3.257  37.571749    15.5647    5.98118      3.230    29.7427    21.8028 -9.990e-29
 173.399878      3.245  37.571799    15.5651    5.98142      3.218    29.7425    21.8026 -9.990e-29
 173.399884      3.238  37.571896    15.5655    5.99308      3.211    29.7422    21.8023 -9.990e-29
 173.399890      3.240  37.572179    15.5658    5.99797      3.213    29.7423    21.8023 -9.990e-29
 173.399896      3.247  37.572474    15.5657    5.99629      3.220    29.7426    21.8025 -9.990e-29
 173.399902      3.255  37.572622    15.5653    5.98789      3.228    29.7430    21.8030 -9.990e-29
 173.399907      3.264  37.572831    15.5652    5.98515      3.237    29.7433    21.8032 -9.990e-29
 173.399913      3.275  37.572825    15.5654    5.99197      3.248    29.7431    21.8030 -9.990e-29
 173.399919      3.288  37.572605    15.5658    5.99876      3.261    29.7426    21.8025 -9.990e-29
 173.399925      3.297  37.572445    15.5662    5.99471      3.269    29.7422    21.8021 -9.990e-29
 173.399931      3.296  37.572142    15.5663    5.98667      3.268    29.7418    21.8018 -9.990e-29
 173.399936      3.296  37.571861    15.5663    5.97164      3.268    29.7416    21.8016 -9.990e-29
 173.399942      3.295  37.571797    15.5662    5.98055      3.267    29.7416    21.8017 -9.990e-29
 173.399948      3.290  37.571874    15.5661    5.98721      3.263    29.7418    21.8018 -9.990e-29
 173.399954      3.279  37.572203    15.5658    5.98993      3.252    29.7423    21.8023 -9.990e-29
 173.399959      3.263  37.572670    15.5653    5.99349      3.236    29.7431    21.8030 -9.990e-29
 173.399965      3.240  37.572786    15.5653    5.98281      3.213    29.7432    21.8031 -9.990e-29
 173.399971      3.218  37.572712    15.5657    5.98357      3.191    29.7428    21.8027 -9.990e-29
 173.399977      3.207  37.572920    15.5659    5.98224      3.180    29.7429    21.8027 -9.990e-29
 173.399983      3.208  37.573136    15.5658    5.98936      3.181    29.7431    21.8029 -9.990e-29
 173.399988      3.215  37.573096    15.5656    6.00107      3.188    29.7432    21.8031 -9.990e-29
 173.399994      3.226  37.572754    15.5654    6.00010      3.199    29.7431    21.8030 -9.990e-29
 173.400000      3.231  37.572223    15.5653    5.99702      3.204    29.7427    21.8027 -9.990e-29
 173.400006      3.229  37.571925    15.5654    5.97938      3.202    29.7423    21.8024 -9.990e-29
 173.400012      3.221  37.572032    15.5655    5.98158      3.194    29.7424    21.8024 -9.990e-29
 173.400017      3.217  37.572133    15.5654    5.98526      3.190    29.7425    21.8026 -9.990e-29
 173.400023      3.221  37.571813    15.5649    5.99341      3.194    29.7426    21.8027 -9.990e-29
 173.400029      3.228  37.571216    15.5643    5.99483      3.201    29.7426    21.8028 -9.990e-29
 173.400035      3.230  37.570674    15.5637    5.98846      3.203    29.7425    21.8029 -9.990e-29
 173.400041      3.228  37.570595    15.5630    5.97441      3.201    29.7430    21.8034 -9.990e-29
 173.400046      3.230  37.570882    15.5619    5.97414      3.203    29.7441    21.8045 -9.990e-29
 173.400052      3.236  37.570803    15.5604    5.97362      3.209    29.7451    21.8056 -9.990e-29
 173.400058      3.238  37.570262    15.5592    5.99023      3.211    29.7456    21.8062 -9.990e-29
 173.400064      3.231  37.569667    15.5588    5.99387      3.204    29.7453    21.8061 -9.990e-29
 173.400069      3.216  37.569356    15.5594    5.99216      3.189    29.7446    21.8055 -9.990e-29
 173.400075      3.195  37.569482    15.5602    5.98506      3.168    29.7441    21.8049 -9.990e-29
 173.400081      3.176  37.569661    15.5605    5.97482      3.149    29.7441    21.8048 -9.990e-29
 173.400087      3.167  37.569581    15.5599    5.98534      3.141    29.7445    21.8052 -9.990e-29
 173.400093      3.170  37.569144    15.5585    5.99670      3.144    29.7451    21.8060 -9.990e-29
 173.400098      3.182  37.568339    15.5574    5.98893      3.155    29.7452    21.8064 -9.990e-29
 173.400104      3.195  37.567780    15.5573    5.97934      3.168    29.7448    21.8061 -9.990e-29
 173.400110      3.202  37.567853    15.5575    5.96846      3.175    29.7447    21.8059 -9.990e-29
 173.400116      3.202  37.568101    15.5576    5.96129      3.175    29.7449    21.8060 -9.990e-29
 173.400122      3.204  37.568302    15.5572    6.00209      3.177    29.7454    21.8065 -9.990e-29
 173.400127      3.209  37.568173    15.5568    5.99276      3.182    29.7455    21.8067 -9.990e-29
 173.400133      3.208  37.567552    15.5569    5.98681      3.181    29.7449    21.8062 -9.990e-29
 173.400139      3.197  37.567300    15.5575    5.97553      3.170    29.7442    21.8056 -9.990e-29
 173.400145      3.179  37.567652    15.5583    5.96714      3.152    29.7440    21.8052 -9.990e-29
 173.400150      3.167  37.567963    15.5590    5.98893      3.141    29.7437    21.8048 -9.990e-29
 173.400156      3.167  37.568096    15.5594    5.99932      3.141    29.7435    21.8046 -9.990e-29
 173.400162      3.175  37.568239    15.5596    5.99669      3.148    29.7435    21.8045 -9.990e-29
 173.400168      3.184  37.568590    15.5596    5.99025      3.157    29.7438    21.8048 -9.990e-29
 173.400174      3.186  37.569065    15.5599    5.98159      3.159    29.7440    21.8049 -9.990e-29
 173.400179      3.181  37.569184    15.5609    5.98442      3.154    29.7433    21.8042 -9.990e-29
 173.400185      3.181  37.569112    15.5622    5.99211      3.154    29.7423    21.8031 -9.990e-29
 173.400191      3.194  37.569324    15.5630    5.99268      3.167    29.7419    21.8026 -9.990e-29
 173.400197      3.213  37.569551    15.5633    5.99029      3.186    29.7418    21.8025 -9.990e-29
 173.400203      3.227  37.569543    15.5632    5.99092      3.200    29.7419    21.8026 -9.990e-29
 173.400208      3.236  37.569297    15.5627    5.98494      3.209    29.7421    21.8028 -9.990e-29
 173.400214      3.250  37.569054    15.5621    5.98005      3.223    29.7423    21.8031 -9.990e-29
 173.400220      3.273  37.569060    15.5616    5.98994      3.246    29.7427    21.8035 -9.990e-29
 173.400226      3.303  37.568957    15.5611    5.99578      3.275    29.7430    21.8038 -9.990e-29
 173.400231      3.329  37.568614    15.5611    6.00003      3.301    29.7426    21.8036 -9.990e-29
 173.400237      3.340  37.568322    15.5617    5.99981      3.312    29.7419    21.8029 -9.990e-29
 173.400243      3.336  37.568259    15.5621    5.98855      3.308    29.7416    21.8025 -9.990e-29
 173.400249      3.325  37.568532    15.5621    5.98182      3.297    29.7418    21.8027 -9.990e-29
 173.400255      3.317  37.568947    15.5622    5.98399      3.289    29.7421    21.8029 -9.990e-29
 173.400260      3.314  37.568939    15.5624    5.98766      3.286    29.7420    21.8028 -9.990e-29
 173.400266      3.311  37.568499    15.5623    5.98579      3.283    29.7416    21.8025 -9.990e-29
 173.400272      3.305  37.568165    15.5620    5.98114      3.277    29.7416    21.8026 -9.990e-29
 173.400278      3.295  37.568056    15.5618    5.98617      3.267    29.7416    21.8026 -9.990e-29
 173.400284      3.284  37.568027    15.5621    5.98098      3.257    29.7414    21.8024 -9.990e-29
 173.400289      3.281  37.568043    15.5626    5.99051      3.254    29.7410    21.8020 -9.990e-29
 173.400295      3.290  37.568129    15.5628    5.99394      3.263    29.7409    21.8019 -9.990e-29
 173.400301      3.306  37.568403    15.5631    5.99522      3.278    29.7410    21.8018 -9.990e-29
 173.400307      3.319  37.568672    15.5632    5.99003      3.291    29.7411    21.8019 -9.990e-29
 173.400313      3.320  37.568737    15.5630    5.98731      3.292    29.7413    21.8021 -9.990e-29
 173.400318      3.313  37.568686    15.5629    5.98375      3.285    29.7414    21.8022 -9.990e-29
 173.400324      3.308  37.568454    15.5630    5.98448      3.280    29.7411    21.8020 -9.990e-29
 173.400330      3.307  37.568295    15.5633    5.99071      3.279    29.7407    21.8016 -9.990e-29
 173.400336      3.306  37.568561    15.5634    5.99560      3.278    29.7409    21.8017 -9.990e-29
 173.400341      3.302  37.569047    15.5634    5.99239      3.274    29.7413    21.8020 -9.990e-29
 173.400347      3.293  37.569284    15.5633    5.98655      3.265    29.7416    21.8023 -9.990e-29
 173.400353      3.284  37.569030    15.5634    5.98710      3.257    29.7413    21.8020 -9.990e-29
 173.400359      3.282  37.568507    15.5636    5.98715      3.255    29.7407    21.8015 -9.990e-29
 173.400365      3.291  37.568144    15.5636    5.98438      3.264    29.7404    21.8013 -9.990e-29
 173.400370      3.309  37.568022    15.5637    5.97590      3.281    29.7402    21.8011 -9.990e-29
 173.400376      3.327  37.567981    15.5639    5.97636      3.299    29.7400    21.8009 -9.990e-29
 173.400382      3.334  37.567966    15.5642    5.98802      3.306    29.7397    21.8007 -9.990e-29
 173.400388      3.322  37.567961    15.5644    5.99914      3.294    29.7396    21.8005 -9.990e-29
 173.400394      3.299  37.567961    15.5646    5.99395      3.271    29.7394    21.8004 -9.990e-29
 173.400399      3.275  37.567969    15.5649    5.98644      3.248    29.7392    21.8001 -9.990e-29
 173.400405      3.259  37.567997    15.5650    5.97745      3.232    29.7392    21.8001 -9.990e-29
 173.400411      3.252  37.568087    15.5651    5.98457      3.225    29.7392    21.8001 -9.990e-29
 173.400417      3.256  37.568365    15.5656    5.99756      3.229    29.7391    21.7998 -9.990e-29
 173.400422      3.265  37.568643    15.5662    5.99851      3.238    29.7388    21.7996 -9.990e-29
 173.400428      3.267  37.568731    15.5664    5.99490      3.240    29.7388    21.7995 -9.990e-29
 173.400434      3.254  37.568750    15.5665    5.99147      3.227    29.7387    21.7994 -9.990e-29
 173.400440      3.235  37.568727    15.5667    5.99183      3.208    29.7386    21.7992 -9.990e-29
 173.400446      3.224  37.568635    15.5667    5.98674      3.197    29.7385    21.7992 -9.990e-29
 173.400451      3.229  37.568354    15.5665    5.97894      3.202    29.7384    21.7991 -9.990e-29
 173.400457      3.243  37.568073    15.5663    5.97343      3.216    29.7383    21.7991 -9.990e-29
 173.400463      3.252  37.567982    15.5662    5.98022      3.225    29.7383    21.7991 -9.990e-29
 173.400469      3.259  37.567960    15.5660    5.99870      3.232    29.7384    21.7993 -9.990e-29
 173.400475      3.268  37.567981    15.5658    6.00142      3.241    29.7386    21.7994 -9.990e-29
 173.400480      3.274  37.568076    15.5660    5.98476      3.247    29.7385    21.7993 -9.990e-29
 173.400486      3.275  37.568375    15.5664    5.97147      3.248    29.7385    21.7992 -9.990e-29
 173.400492      3.273  37.568717    15.5665    5.96593      3.246    29.7387    21.7994 -9.990e-29
 173.400498      3.279  37.568441    15.5661    5.99435      3.252    29.7387    21.7995 -9.990e-29
 173.400503      3.296  37.567743    15.5654    5.99441      3.268    29.7386    21.7996 -9.990e-29
 173.400509      3.317  37.567376    15.5650    5.98753      3.289    29.7386    21.7996 -9.990e-29
 173.400515      3.326  37.567412    15.5653    5.97272      3.298    29.7384    21.7994 -9.990e-29
 173.400521      3.319  37.567901    15.5658    5.97560      3.291    29.7385    21.7994 -9.990e-29
 173.400527      3.310  37.568376    15.5661    5.98308      3.282    29.7387    21.7994 -9.990e-29
 173.400532      3.310  37.568355    15.5662    5.98047      3.282    29.7386    21.7993 -9.990e-29
 173.400538      3.319  37.568374    15.5663    5.97723      3.291    29.7385    21.7993 -9.990e-29
 173.400544      3.325  37.568460    15.5663    5.98538      3.297    29.7386    21.7993 -9.990e-29
 173.400550      3.319  37.568168    15.5659    6.00011      3.291    29.7386    21.7995 -9.990e-29
 173.400556      3.310  37.567672    15.5649    6.00235      3.282    29.7390    21.7999 -9.990e-29
 173.400561      3.307  37.566873    15.5635    5.98544      3.279    29.7393    21.8005 -9.990e-29
 173.400567      3.303  37.565832    15.5628    5.97859      3.275    29.7389    21.8003 -9.990e-29
 173.400573      3.296  37.565405    15.5630    5.97647      3.268    29.7384    21.7999 -9.990e-29
 173.400579      3.288  37.565586    15.5629    5.98696      3.261    29.7386    21.8001 -9.990e-29
 173.400584      3.287  37.565499    15.5620    5.98837      3.260    29.7392    21.8008 -9.990e-29
 173.400590      3.295  37.565032    15.5609    5.98511      3.267    29.7397    21.8013 -9.990e-29
 173.400596      3.302  37.564684    15.5602    5.98892      3.274    29.7399    21.8016 -9.990e-29
 173.400602      3.305  37.564556    15.5598    5.98386      3.277    29.7401    21.8019 -9.990e-29
 173.400608      3.308  37.564477    15.5595    5.98027      3.280    29.7402    21.8021 -9.990e-29
 173.400613      3.316  37.564347    15.5591    5.98269      3.288    29.7404    21.8023 -9.990e-29
 173.400619      3.325  37.563995    15.5584    5.99243      3.297    29.7406    21.8026 -9.990e-29
 173.400625      3.332  37.563513    15.5577    5.99305      3.304    29.7407    21.8028 -9.990e-29
 173.400631      3.336  37.563385    15.5575    5.98215      3.308    29.7408    21.8029 -9.990e-29
 173.400637      3.338  37.563441    15.5578    5.97236      3.310    29.7406    21.8027 -9.990e-29
 173.400642      3.338  37.563199    15.5582    5.98229      3.310    29.7401    21.8022 -9.990e-29
 173.400648      3.337  37.562898    15.5586    5.99433      3.309    29.7395    21.8017 -9.990e-29
 173.400654      3.333  37.562700    15.5588    5.98680      3.305    29.7392    21.8014 -9.990e-29
