data/oxygen options/OCNMS/OCNMS2/raw_data/2005/CTD_CA90_062205faed.cnv
* Sea-Bird SBE19 Data File:
* FileName = C:\hypoxia CTD data\CA90_062205.hex
* Software Version 1.1.5
* Temperature SN = 2997
* Conductivity SN = 2997
* System UpLoad Time = Jun 22 2005 16:34:33
* SEACAT PROFILER V3.1c SN 2997   06/22/05  16:33:37.086
* strain gauge pressure sensor: S/N = 184829,  range = 3000 psia,  tc = 40
# nquan = 9                                 
# nvalues = 876                         
# units = specified
# name 0 = timeJ: Julian Days
# name 1 = prSM: Pressure, Strain Gauge [db]
# name 2 = c0mS/cm: Conductivity [mS/cm]
# name 3 = t090C: Temperature [ITS-90, deg C]
# name 4 = oxML/L: Oxygen, Beckman/YSI [ml/l]
# name 5 = depSM: Depth [salt water, m], lat = 47.5
# name 6 = sal00: Salinity, Practical [PSU]
# name 7 = sigma-é00: Density [sigma-theta, kg/m^3]
# name 8 = flag: flag
# span 0 = 173.618125, 173.623189       
# span 1 =     -0.513,     91.272       
# span 2 =   0.606097,  38.107893       
# span 3 =     7.6672,    13.9647       
# span 4 =   -0.11971,   26.54810       
# span 5 =     -0.509,     90.490       
# span 6 =     0.3794,    33.7228       
# span 7 =    -0.4377,    26.3205       
# span 8 = 0.0000e+00, 0.0000e+00       
# interval = seconds: 0.5
# start_time = Jun 22 2005 14:50:06 [Instrument's time stamp, header]
# bad_flag = -9.990e-29
*END*
[from data line 641]
 173.621834     89.249  34.762680     7.6688    2.84555     88.485    33.7227    26.3202 0.0000e+00
 173.621840     89.584  34.762194     7.6682    2.84543     88.817    33.7226    26.3202 0.0000e+00
 173.621846     89.901  34.762032     7.6680    2.84191     89.131    33.7225    26.3201 0.0000e+00
 173.621852     90.191  34.761978     7.6680    2.83686     89.419    33.7223    26.3199 0.0000e+00
 173.621858     90.450  34.761959     7.6676    2.83857     89.675    33.7225    26.3202 0.0000e+00
 173.621863     90.677  34.761953     7.6672    2.83869     89.900    33.7228    26.3205 0.0000e+00
 173.621869     90.872  34.761953     7.6675    2.83415     90.094    33.7224    26.3201 0.0000e+00
 173.621875     91.027  34.761958     7.6683    2.83622     90.247    33.7215    26.3193 -9.990e-29
 173.621881     91.142  34.761978     7.6691    2.82854     90.361    33.7207    26.3186 -9.990e-29
 173.621887     91.218  34.762041     7.6699    2.82835     90.437    33.7200    26.3179 -9.990e-29
 173.621892     91.260  34.762232     7.6711    2.83191     90.478    33.7190    26.3170 -9.990e-29
 173.621898     91.272  34.762811     7.6724    2.83390     90.490    33.7184    26.3163 -9.990e-29
 173.621904     91.254  34.763429     7.6727    2.83706     90.472    33.7188    26.3165 -9.990e-29
 173.621910     91.204  34.763233     7.6721    2.82290     90.423    33.7192    26.3169 -9.990e-29
 173.621916     91.120  34.762522     7.6716    2.82698     90.340    33.7189    26.3168 -9.990e-29
 173.621921     90.996  34.762034     7.6717    2.82851     90.217    33.7183    26.3163 -9.990e-29
 173.621927     90.825  34.761682     7.6723    2.82498     90.047    33.7175    26.3156 0.0000e+00
 173.621933     90.599  34.761558     7.6727    2.83540     89.823    33.7171    26.3152 0.0000e+00
 173.621939     90.318  34.762062     7.6729    2.84018     89.545    33.7175    26.3155 0.0000e+00
 173.621944     89.988  34.762187     7.6729    2.82903     89.218    33.7178    26.3158 0.0000e+00
 173.621950     89.632  34.760984     7.6728    2.82694     88.865    33.7168    26.3150 0.0000e+00
 173.621956     89.279  34.759657     7.6728    2.82958     88.515    33.7155    26.3140 0.0000e+00
 173.621962     88.948  34.759243     7.6730    2.83018     88.187    33.7151    26.3135 0.0000e+00
 173.621968     88.635  34.759198     7.6732    2.82912     87.876    33.7150    26.3134 0.0000e+00
 173.621973     88.321  34.758905     7.6736    2.83319     87.565    33.7144    26.3129 0.0000e+00
 173.621979     87.991  34.758535     7.6740    2.83079     87.238    33.7138    26.3124 0.0000e+00
 173.621985     87.630  34.758160     7.6746    2.83285     86.880    33.7130    26.3117 0.0000e+00
 173.621991     87.235  34.757843     7.6756    2.82677     86.489    33.7118    26.3106 0.0000e+00
 173.621997     86.813  34.757726     7.6769    2.83678     86.070    33.7107    26.3095 0.0000e+00
 173.622002     86.376  34.757656     7.6786    2.83219     85.637    33.7092    26.3081 0.0000e+00
 173.622008     85.931  34.757548     7.6807    2.83031     85.196    33.7072    26.3062 0.0000e+00
 173.622014     85.492  34.757262     7.6829    2.82934     84.761    33.7050    26.3042 0.0000e+00
 173.622020     85.078  34.756982     7.6849    2.82464     84.351    33.7029    26.3023 0.0000e+00
 173.622025     84.698  34.756902     7.6868    2.82776     83.974    33.7012    26.3006 0.0000e+00
 173.622031     84.343  34.756920     7.6891    2.83457     83.622    33.6992    26.2987 0.0000e+00
 173.622037     83.996  34.757063     7.6920    2.83487     83.278    33.6967    26.2963 0.0000e+00
 173.622043     83.634  34.757526     7.6959    2.83946     82.919    33.6936    26.2933 0.0000e+00
 173.622049     83.239  34.758368     7.7019    2.84456     82.528    33.6889    26.2887 0.0000e+00
 173.622054     82.807  34.759593     7.7122    2.84985     82.099    33.6804    26.2806 0.0000e+00
 173.622060     82.353  34.762280     7.7258    2.86453     81.649    33.6704    26.2708 0.0000e+00
 173.622066     81.900  34.766654     7.7375    2.87684     81.200    33.6640    26.2641 0.0000e+00
 173.622072     81.461  34.770707     7.7449    2.88140     80.765    33.6614    26.2610 0.0000e+00
 173.622078     81.035  34.773126     7.7495    2.92530     80.343    33.6598    26.2590 0.0000e+00
 173.622083     80.611  34.774339     7.7566    2.96719     79.923    33.6544    26.2538 0.0000e+00
 173.622089     80.179  34.777088     7.7714    3.00958     79.494    33.6433    26.2429 0.0000e+00
 173.622095     79.738  34.783921     7.7918    3.04702     79.057    33.6312    26.2304 0.0000e+00
 173.622101     79.302  34.793303     7.8095    3.07535     78.625    33.6244    26.2225 0.0000e+00
 173.622106     78.890  34.801494     7.8177    3.09950     78.217    33.6255    26.2222 0.0000e+00
 173.622112     78.507  34.805412     7.8200    3.12179     77.837    33.6277    26.2235 0.0000e+00
 173.622118     78.136  34.806365     7.8245    3.14618     77.469    33.6245    26.2204 0.0000e+00
 173.622124     77.754  34.808429     7.8375    3.18083     77.091    33.6144    26.2106 0.0000e+00
 173.622130     77.340  34.814359     7.8628    3.21292     76.680    33.5966    26.1929 0.0000e+00
 173.622135     76.890  34.825339     7.8955    3.25188     76.234    33.5771    26.1728 0.0000e+00
 173.622141     76.419  34.838635     7.9265    3.29343     75.767    33.5618    26.1563 0.0000e+00
 173.622147     75.946  34.850124     7.9493    3.30895     75.298    33.5525    26.1456 0.0000e+00
 173.622153     75.485  34.857760     7.9653    3.33241     74.841    33.5455    26.1378 0.0000e+00
 173.622159     75.036  34.863885     7.9833    3.35624     74.396    33.5350    26.1269 0.0000e+00
 173.622164     74.596  34.872192     8.0104    3.37245     73.960    33.5181    26.1096 0.0000e+00
 173.622170     74.164  34.884231     8.0442    3.41790     73.532    33.4988    26.0895 0.0000e+00
 173.622176     73.741  34.898685     8.0749    3.46516     73.112    33.4851    26.0742 0.0000e+00
 173.622182     73.330  34.911290     8.0961    3.50044     72.705    33.4784    26.0659 0.0000e+00
 173.622188     72.923  34.920365     8.1089    3.54966     72.302    33.4761    26.0621 0.0000e+00
 173.622193     72.503  34.926245     8.1289    3.59583     71.885    33.4634    26.0492 0.0000e+00
 173.622199     72.058  34.934534     8.1740    3.66516     71.444    33.4295    26.0159 0.0000e+00
 173.622205     71.592  34.951244     8.2399    3.71491     70.982    33.3847    25.9710 0.0000e+00
 173.622211     71.112  34.972313     8.3118    3.76032     70.506    33.3391    25.9244 0.0000e+00
 173.622216     70.632  34.991090     8.3794    3.77613     70.031    33.2952    25.8798 0.0000e+00
 173.622222     70.163  35.005161     8.4288    3.79484     69.566    33.2636    25.8476 0.0000e+00
 173.622228     69.718  35.013683     8.4544    3.81036     69.124    33.2486    25.8320 0.0000e+00
 173.622234     69.302  35.017947     8.4700    3.81165     68.712    33.2386    25.8218 0.0000e+00
 173.622240     68.908  35.021967     8.4863    3.84174     68.321    33.2277    25.8107 0.0000e+00
 173.622245     68.513  35.026067     8.5039    3.86691     67.930    33.2156    25.7986 0.0000e+00
 173.622251     68.101  35.028990     8.5301    3.89160     67.521    33.1942    25.7779 0.0000e+00
 173.622257     67.673  35.034077     8.5648    3.91063     67.097    33.1671    25.7514 0.0000e+00
 173.622263     67.233  35.041950     8.5923    3.93090     66.661    33.1498    25.7336 0.0000e+00
 173.622269     66.794  35.047982     8.6070    3.95866     66.226    33.1426    25.7257 0.0000e+00
 173.622274     66.370  35.050696     8.6160    3.98674     65.805    33.1372    25.7201 0.0000e+00
 173.622280     65.968  35.052040     8.6253    4.01758     65.407    33.1301    25.7131 0.0000e+00
 173.622286     65.579  35.053252     8.6354    4.06591     65.021    33.1220    25.7052 0.0000e+00
 173.622292     65.188  35.053150     8.6526    4.11579     64.634    33.1060    25.6900 0.0000e+00
 173.622297     64.786  35.050481     8.6798    4.15756     64.235    33.0779    25.6639 0.0000e+00
 173.622303     64.379  35.047297     8.7017    4.17076     63.832    33.0543    25.6420 0.0000e+00
 173.622309     63.969  35.046085     8.7099    4.19791     63.425    33.0456    25.6339 0.0000e+00
 173.622315     63.553  35.046361     8.7122    4.22959     63.013    33.0439    25.6323 0.0000e+00
 173.622321     63.125  35.046445     8.7171    4.26152     62.589    33.0396    25.6281 0.0000e+00
 173.622326     62.679  35.045892     8.7293    4.30721     62.146    33.0279    25.6171 0.0000e+00
 173.622332     62.208  35.044716     8.7459    4.32589     61.680    33.0114    25.6016 0.0000e+00
 173.622338     61.722  35.042472     8.7591    4.35250     61.198    32.9970    25.5882 0.0000e+00
 173.622344     61.239  35.039165     8.7656    4.37814     60.719    32.9877    25.5800 0.0000e+00
 173.622350     60.773  35.035998     8.7673    4.37525     60.257    32.9830    25.5760 0.0000e+00
 173.622355     60.323  35.034361     8.7669    4.36603     59.811    32.9819    25.5752 0.0000e+00
 173.622361     59.886  35.033757     8.7659    4.35451     59.378    32.9824    25.5757 0.0000e+00
 173.622367     59.460  35.032260     8.7653    4.36216     58.955    32.9815    25.5752 0.0000e+00
 173.622373     59.049  35.029559     8.7652    4.37338     58.548    32.9790    25.5732 0.0000e+00
 173.622378     58.655  35.027102     8.7654    4.38961     58.157    32.9764    25.5711 0.0000e+00
 173.622384     58.270  35.026097     8.7656    4.39954     57.776    32.9754    25.5703 0.0000e+00
 173.622390     57.876  35.025767     8.7664    4.41349     57.385    32.9744    25.5694 0.0000e+00
 173.622396     57.454  35.023991     8.7687    4.46382     56.967    32.9706    25.5661 0.0000e+00
 173.622402     57.009  35.020084     8.7731    4.56458     56.525    32.9627    25.5591 0.0000e+00
 173.622407     56.550  35.013885     8.7790    4.79078     56.070    32.9509    25.5490 0.0000e+00
 173.622413     56.078  35.003862     8.7863    5.03465     55.602    32.9339    25.5345 0.0000e+00
 173.622419     55.589  34.982819     8.7948    5.26355     55.118    32.9042    25.5100 0.0000e+00
 173.622425     55.085  34.942883     8.8020    5.42185     54.618    32.8560    25.4712 0.0000e+00
 173.622431     54.590  34.893596     8.8068    5.50313     54.127    32.8003    25.4268 0.0000e+00
 173.622436     54.132  34.858377     8.8098    5.57938     53.673    32.7610    25.3955 0.0000e+00
 173.622442     53.717  34.845209     8.8139    5.64600     53.262    32.7436    25.3813 0.0000e+00
 173.622448     53.327  34.837660     8.8204    5.70096     52.875    32.7299    25.3696 0.0000e+00
 173.622454     52.936  34.826226     8.8268    5.73187     52.487    32.7123    25.3548 0.0000e+00
 173.622459     52.529  34.818083     8.8339    5.76002     52.084    32.6974    25.3420 0.0000e+00
 173.622465     52.109  34.811907     8.8427    5.77726     51.668    32.6831    25.3294 0.0000e+00
 173.622471     51.689  34.803392     8.8496    5.79501     51.251    32.6680    25.3166 0.0000e+00
 173.622477     51.262  34.797444     8.8535    5.81879     50.828    32.6584    25.3084 0.0000e+00
 173.622483     50.815  34.795666     8.8570    5.83200     50.385    32.6535    25.3041 0.0000e+00
 173.622488     50.341  34.794571     8.8628    5.86217     49.915    32.6473    25.2983 0.0000e+00
 173.622494     49.843  34.792140     8.8717    5.88394     49.421    32.6368    25.2887 0.0000e+00
 173.622500     49.341  34.788497     8.8834    5.90222     48.923    32.6225    25.2757 0.0000e+00
 173.622506     48.850  34.785518     8.8948    5.92752     48.437    32.6091    25.2634 0.0000e+00
 173.622512     48.373  34.784839     8.9014    5.93761     47.964    32.6026    25.2573 0.0000e+00
 173.622517     47.919  34.785562     8.9055    5.95501     47.514    32.5997    25.2544 0.0000e+00
 173.622523     47.487  34.785855     8.9106    5.96958     47.085    32.5956    25.2504 0.0000e+00
 173.622529     47.068  34.784989     8.9149    5.99413     46.670    32.5909    25.2461 0.0000e+00
 173.622535     46.657  34.783494     8.9192    6.02351     46.262    32.5856    25.2412 0.0000e+00
 173.622541     46.249  34.782184     8.9262    6.03860     45.858    32.5780    25.2342 0.0000e+00
 173.622546     45.843  34.780996     8.9334    6.04829     45.455    32.5703    25.2271 0.0000e+00
 173.622552     45.443  34.780031     8.9389    6.05211     45.059    32.5645    25.2216 0.0000e+00
 173.622558     45.046  34.779688     8.9428    6.06633     44.665    32.5607    25.2181 0.0000e+00
 173.622564     44.647  34.780073     8.9458    6.07614     44.270    32.5585    25.2159 0.0000e+00
 173.622569     44.238  34.781140     8.9493    6.11094     43.864    32.5566    25.2139 0.0000e+00
 173.622575     43.802  34.782633     8.9564    6.15211     43.432    32.5519    25.2090 0.0000e+00
 173.622581     43.329  34.785423     8.9713    6.18112     42.963    32.5413    25.1985 0.0000e+00
 173.622587     42.826  34.789869     8.9927    6.22196     42.464    32.5266    25.1836 0.0000e+00
 173.622593     42.321  34.794617     9.0126    6.23375     41.963    32.5136    25.1703 0.0000e+00
 173.622598     41.846  34.798715     9.0242    6.24397     41.493    32.5074    25.1637 0.0000e+00
 173.622604     41.414  34.801471     9.0306    6.26319     41.064    32.5046    25.1605 0.0000e+00
 173.622610     41.019  34.803764     9.0375    6.26082     40.673    32.5009    25.1565 0.0000e+00
 173.622616     40.647  34.806413     9.0457    6.29300     40.304    32.4963    25.1516 0.0000e+00
 173.622622     40.276  34.809590     9.0555    6.31014     39.936    32.4908    25.1458 0.0000e+00
 173.622627     39.882  34.814170     9.0709    6.31802     39.545    32.4817    25.1363 0.0000e+00
 173.622633     39.458  34.822336     9.0948    6.33732     39.125    32.4685    25.1222 0.0000e+00
 173.622639     39.010  34.836571     9.1241    6.34650     38.681    32.4568    25.1085 0.0000e+00
 173.622645     38.556  34.856238     9.1541    6.36614     38.231    32.4500    25.0985 0.0000e+00
 173.622650     38.111  34.876738     9.1805    6.38457     37.789    32.4474    25.0922 0.0000e+00
 173.622656     37.672  34.892901     9.2093    6.38522     37.354    32.4381    25.0804 0.0000e+00
 173.622662     37.228  34.913393     9.2561    6.37934     36.914    32.4169    25.0565 0.0000e+00
 173.622668     36.768  34.950967     9.3231    6.41683     36.458    32.3951    25.0288 0.0000e+00
 173.622674     36.288  35.003033     9.3930    6.44601     35.982    32.3855    25.0103 0.0000e+00
 173.622679     35.796  35.056618     9.4465    6.47180     35.494    32.3924    25.0071 0.0000e+00
 173.622685     35.300  35.095173     9.4851    6.47157     35.002    32.3973    25.0047 0.0000e+00
 173.622691     34.797  35.121350     9.5288    6.44190     34.504    32.3848    24.9880 0.0000e+00
 173.622697     34.286  35.152685     9.5929    6.41290     33.997    32.3593    24.9577 0.0000e+00
 173.622703     33.769  35.200691     9.6694    6.39007     33.484    32.3397    24.9300 0.0000e+00
 173.622708     33.250  35.260992     9.7371    6.37267     32.970    32.3405    24.9197 0.0000e+00
 173.622714     32.752  35.311416     9.7884    6.30424     32.476    32.3460    24.9156 0.0000e+00
 173.622720     32.300  35.347458     9.8271    6.20508     32.028    32.3481    24.9109 0.0000e+00
 173.622726     31.894  35.377386     9.8597    6.10704     31.625    32.3495    24.9066 0.0000e+00
 173.622731     31.521  35.399629     9.8926    6.01538     31.256    32.3427    24.8959 0.0000e+00
 173.622737     31.162  35.418063     9.9264    5.93369     30.900    32.3313    24.8814 0.0000e+00
 173.622743     30.790  35.438772     9.9543    5.81198     30.531    32.3274    24.8738 0.0000e+00
 173.622749     30.377  35.455735     9.9746    5.62489     30.121    32.3266    24.8699 0.0000e+00
