data/oxygen options/OCNMS/OCNMS2/raw_data/2005/CTD_TH30b_083105faedb.cnv
* Sea-Bird SBE19 Data File:
* FileName = C:\hypoxia CTD data\TH30b_083105.hex
* Software Version 1.1.5
* Temperature SN = 2997
* Conductivity SN = 2997
* System UpLoad Time = Aug 31 2005 15:50:41
** Teahwhit Head 083105 30m
* SEACAT PROFILER V3.1c SN 2997   08/31/05  15:46:35.171
# nquan = 9
# nvalues = 28                          
# units = specified
# name 0 = timeJ: Julian Days
# name 1 = prSM: Pressure, Strain Gauge [db]
# name 2 = c0mS/cm: Conductivity [mS/cm]
# name 3 = t090C: Temperature [ITS-90, deg C]
# name 4 = oxML/L: Oxygen, Beckman/YSI [ml/l]
# name 5 = depSM: Depth [salt water, m], lat = 47.5
# name 6 = sal00: Salinity, Practical [PSU]
# name 7 = sigma-é00: Density [sigma-theta, kg/m^3]
# name 8 = flag: flag
# span 0 = 243.418541, 243.418852       
# span 1 =      3.000,     30.000       
# span 2 =  34.843336,  38.173534       
# span 3 =     8.0134,    12.6764       
# span 4 =    2.86399,    7.41987       
# span 5 =      2.975,     29.747       
# span 6 =    32.5381,    33.5336       
# span 7 =    24.5493,    26.1041       
# span 8 = 0.0000e+00, 0.0000e+00       
# interval = decibars: 1                
# start_time = Aug 31 2005 09:59:39 [Instrument's time stamp, header]
# bad_flag = -9.990e-29
*END*
 243.418541      3.000  38.079235    12.6764    7.41987      2.975    32.5381    24.5493 0.0000e+00
 243.418563      4.000  38.173534    12.5284    7.08979      3.967    32.7564    24.7470 0.0000e+00
 243.418577      5.000  38.141876    12.2892    6.85084      4.958    32.9349    24.9311 0.0000e+00
 243.418589      6.000  38.039559    12.1157    6.71209      5.950    32.9887    25.0057 0.0000e+00
 243.418600      7.000  37.928874    11.9301    6.62614      6.941    33.0455    25.0846 0.0000e+00
 243.418611      8.000  37.774078    11.6949    6.57580      7.933    33.1037    25.1735 0.0000e+00
 243.418622      9.000  37.585891    11.4320    6.53029      8.925    33.1543    25.2610 0.0000e+00
 243.418632     10.000  37.414280    11.2405    6.43633      9.916    33.1571    25.2978 0.0000e+00
 243.418643     11.000  37.297744    11.0716    6.16934     10.908    33.1938    25.3566 0.0000e+00
 243.418654     12.000  37.177429    10.8727    5.71732     11.900    33.2540    25.4388 0.0000e+00
 243.418665     13.000  37.002049    10.5690    5.23711     12.891    33.3552    25.5708 0.0000e+00
 243.418676     14.000  36.724596    10.1945    4.83291     13.883    33.4192    25.6849 0.0000e+00
 243.418686     15.000  36.419051     9.8114    4.48410     14.874    33.4626    25.7834 0.0000e+00
 243.418697     16.000  36.141624     9.5084    4.23833     15.866    33.4599    25.8311 0.0000e+00
 243.418707     17.000  35.951216     9.3378    4.09764     16.858    33.4223    25.8293 0.0000e+00
 243.418718     18.000  35.841160     9.1957    3.98650     17.849    33.4409    25.8667 0.0000e+00
 243.418729     19.000  35.696002     8.9989    3.86686     18.841    33.4746    25.9242 0.0000e+00
 243.418740     20.000  35.551858     8.8597    3.78615     19.832    33.4547    25.9305 0.0000e+00
 243.418751     21.000  35.476854     8.7815    3.74765     20.824    33.4496    25.9386 0.0000e+00
 243.418762     22.000  35.421773     8.7211    3.70251     21.815    33.4483    25.9471 0.0000e+00
 243.418771     23.000  35.377765     8.6793    3.67969     22.806    33.4412    25.9480 0.0000e+00
 243.418782     24.000  35.348672     8.6320    3.66028     23.799    33.4549    25.9659 0.0000e+00
 243.418792     25.000  35.287224     8.5370    3.59018     24.790    33.4798    26.0001 0.0000e+00
 243.418801     26.000  35.201776     8.4715    3.45459     25.782    33.4513    25.9876 0.0000e+00
 243.418811     27.000  35.177980     8.4365    3.28775     26.773    33.4589    25.9990 0.0000e+00
 243.418822     28.000  35.118262     8.3253    3.06848     27.764    33.5011    26.0488 0.0000e+00
 243.418836     29.000  34.970224     8.1258    2.89741     28.756    33.5336    26.1041 0.0000e+00
 243.418852     30.000  34.843336     8.0134    2.86399     29.747    33.5055    26.0987 0.0000e+00
