data/oxygen options/OCNMS/OCNMS2/raw_data/2005/CTD_CA45_062205faedb.cnv
* Sea-Bird SBE19 Data File:
* FileName = C:\hypoxia CTD data\CA45_062205.hex
* Software Version 1.1.5
* Temperature SN = 2997
* Conductivity SN = 2997
* System UpLoad Time = Jun 22 2005 16:38:14
* SEACAT PROFILER V3.1c SN 2997   06/22/05  16:37:49.628
* strain gauge pressure sensor: S/N = 184829,  range = 3000 psia,  tc = 40
# nquan = 9
# nvalues = 43                          
# units = specified
# name 0 = timeJ: Julian Days
# name 1 = prSM: Pressure, Strain Gauge [db]
# name 2 = c0mS/cm: Conductivity [mS/cm]
# name 3 = t090C: Temperature [ITS-90, deg C]
# name 4 = oxML/L: Oxygen, Beckman/YSI [ml/l]
# name 5 = depSM: Depth [salt water, m], lat = 47.5
# name 6 = sal00: Salinity, Practical [PSU]
# name 7 = sigma-é00: Density [sigma-theta, kg/m^3]
# name 8 = flag: flag
# span 0 = 173.660887, 173.661490       
# span 1 =      4.000,     46.000       
# span 2 =  34.993122,  38.542356       
# span 3 =     8.4464,    14.7760       
# span 4 =    3.58851,    7.02228       
# span 5 =      3.967,     45.611       
# span 6 =    31.2199,    33.2775       
# span 7 =    23.1072,    25.8531       
# span 8 = 0.0000e+00, 0.0000e+00       
# interval = decibars: 1                
# start_time = Jun 22 2005 15:48:31 [Instrument's time stamp, header]
# bad_flag = -9.990e-29
*END*
 173.660887      4.000  38.542181    14.7760    6.80677      3.967    31.2199    23.1072 0.0000e+00
 173.660908      5.000  38.542356    14.7668    6.85966      4.958    31.2271    23.1147 0.0000e+00
 173.660923      6.000  38.541498    14.7566    6.86934      5.950    31.2342    23.1223 0.0000e+00
 173.660936      7.000  38.517297    14.7142    6.82128      6.941    31.2460    23.1404 0.0000e+00
 173.660948      8.000  38.457900    14.6212    6.95467      7.934    31.2666    23.1758 0.0000e+00
 173.660961      9.000  38.300708    14.3685    7.02228      8.925    31.3275    23.2754 0.0000e+00
 173.660971     10.000  38.033041    14.1025    6.76480      9.917    31.2984    23.3078 0.0000e+00
 173.660982     11.000  37.889477    13.9398    6.78275     10.908    31.2985    23.3409 0.0000e+00
 173.660992     12.000  37.749079    13.6765    6.81494     11.900    31.3837    23.4599 0.0000e+00
 173.661003     13.000  37.497089    13.3328    6.31940     12.891    31.4319    23.5654 0.0000e+00
 173.661015     14.000  37.239810    13.0863    5.69780     13.883    31.3945    23.5849 0.0000e+00
 173.661027     15.000  37.002621    12.4586    5.34666     14.874    31.6950    23.9377 0.0000e+00
 173.661039     16.000  36.304641    11.4817    5.09185     15.866    31.8535    24.2410 0.0000e+00
 173.661049     17.000  35.874189    11.1010    4.97864     16.858    31.7598    24.2360 0.0000e+00
 173.661061     18.000  35.763439    10.9759    4.87679     17.849    31.7585    24.2569 0.0000e+00
 173.661072     19.000  35.745200    10.8530    4.75865     18.841    31.8467    24.3470 0.0000e+00
 173.661083     20.000  35.644468    10.6199    4.59077     19.832    31.9496    24.4672 0.0000e+00
 173.661095     21.000  35.485763    10.3782    4.47365     20.824    32.0027    24.5497 0.0000e+00
 173.661105     22.000  35.348412    10.1806    4.44136     21.815    32.0386    24.6109 0.0000e+00
 173.661118     23.000  35.247144    10.0287    4.46762     22.806    32.0706    24.6610 0.0000e+00
 173.661131     24.000  35.190098     9.9822    4.47555     23.798    32.0537    24.6555 0.0000e+00
 173.661148     25.000  35.212170     9.9956    4.37113     24.790    32.0637    24.6612 0.0000e+00
 173.661162     26.000  35.135813     9.8154    4.26023     25.781    32.1462    24.7551 0.0000e+00
 173.661177     27.000  35.061405     9.6712    4.24759     26.773    32.1989    24.8197 0.0000e+00
 173.661193     28.000  35.039788     9.6562    4.23478     27.764    32.1899    24.8151 0.0000e+00
 173.661210     29.000  35.038496     9.6188    4.12013     28.756    32.2216    24.8459 0.0000e+00
 173.661224     30.000  35.009655     9.4745    3.99679     29.747    32.3215    24.9471 0.0000e+00
 173.661235     31.000  34.993122     9.3612    3.94869     30.739    32.4064    25.0316 0.0000e+00
 173.661246     32.000  34.998216     9.2219    3.96568     31.730    32.5379    25.1564 0.0000e+00
 173.661257     33.000  35.023887     9.1005    4.01865     32.722    32.6751    25.2828 0.0000e+00
 173.661268     34.000  35.057442     9.0197    4.06832     33.714    32.7838    25.3805 0.0000e+00
 173.661281     35.000  35.082916     8.9166    4.02592     34.705    32.9051    25.4915 0.0000e+00
 173.661294     36.000  35.090105     8.7750    3.87322     35.697    33.0437    25.6220 0.0000e+00
 173.661310     37.000  35.082386     8.6735    3.68570     36.688    33.1301    25.7052 0.0000e+00
 173.661325     38.000  35.052108     8.5144    3.58851     37.679    33.2473    25.8214 0.0000e+00
 173.661342     39.000  35.037034     8.4650    3.59126     38.671    33.2775    25.8525 0.0000e+00
 173.661373     40.000  35.034159     8.4694    3.62582     39.662    33.2699    25.8459 0.0000e+00
 173.661399     41.000  35.026052     8.4566    3.62467     40.654    33.2729    25.8503 0.0000e+00
 173.661418     42.000  35.027402     8.4559    3.61941     41.645    33.2745    25.8516 0.0000e+00
 173.661436     43.000  35.024076     8.4508    3.61409     42.637    33.2754    25.8531 0.0000e+00
 173.661452     44.000  35.018828     8.4464    3.61230     43.628    33.2735    25.8523 0.0000e+00
 173.661468     45.000  35.018909     8.4469    3.60442     44.619    33.2727    25.8516 0.0000e+00
 173.661490     46.000  35.021606     8.4509    3.60739     45.611    33.2713    25.8499 0.0000e+00
