data/oxygen options/OCNMS/OCNMS2/raw_data/2005/CTD_TH70_081505faed.cnv
* Sea-Bird SBE19 Data File:
* FileName = C:\Hypoxia Data\TH70_081505.hex
* Software Version 1.1.6
* Temperature SN = 2997
* Conductivity SN = 2997
* System UpLoad Time = Aug 15 2005 18:25:22
* SEACAT PROFILER V3.1c SN 2997   08/15/05  18:24:36.631
* strain gauge pressure sensor: S/N = 184829,  range = 3000 psia,  tc = 40
# nquan = 9                                 
# nvalues = 1234                        
# units = specified
# name 0 = timeJ: Julian Days
# name 1 = prSM: Pressure, Strain Gauge [db]
# name 2 = c0mS/cm: Conductivity [mS/cm]
# name 3 = t090C: Temperature [ITS-90, deg C]
# name 4 = oxML/L: Oxygen, Beckman/YSI [ml/l]
# name 5 = depSM: Depth [salt water, m], lat = 47.5
# name 6 = sal00: Salinity, Practical [PSU]
# name 7 = sigma-é00: Density [sigma-theta, kg/m^3]
# name 8 = flag: flag
# span 0 = 227.693356, 227.700492       
# span 1 =     -3.324,     72.680       
# span 2 =   0.297690,  37.515287       
# span 3 =     7.3922,    13.5819       
# span 4 =   -0.11602,   29.36314       
# span 5 =     -3.296,     72.061       
# span 6 =     0.1840,    33.8104       
# span 7 =    -0.5518,    26.4277       
# span 8 = 0.0000e+00, 0.0000e+00       
# interval = seconds: 0.5
# start_time = Aug 15 2005 16:38:26 [Instrument's time stamp, header]
# bad_flag = -9.990e-29
*END*
[from data line 801]
 227.697992     51.695  34.522819     7.8375    4.41508     51.257    33.3204    25.9793 -9.990e-29
 227.697998     51.674  34.522208     7.8381    4.41343     51.236    33.3192    25.9782 -9.990e-29
 227.698003     51.646  34.521085     7.8388    4.41196     51.209    33.3173    25.9766 -9.990e-29
 227.698009     51.617  34.520186     7.8393    4.42656     51.180    33.3159    25.9755 -9.990e-29
 227.698015     51.590  34.519988     7.8404    4.43541     51.153    33.3147    25.9743 -9.990e-29
 227.698021     51.560  34.520217     7.8435    4.44573     51.123    33.3120    25.9717 -9.990e-29
 227.698027     51.528  34.520047     7.8487    4.46443     51.092    33.3068    25.9670 -9.990e-29
 227.698032     51.510  34.519244     7.8544    4.47226     51.074    33.3005    25.9612 -9.990e-29
 227.698038     51.512  34.517850     7.8585    4.47273     51.076    33.2951    25.9564 -9.990e-29
 227.698044     51.535  34.516240     7.8581    4.45256     51.099    33.2938    25.9553 -9.990e-29
 227.698050     51.577  34.515624     7.8529    4.44120     51.140    33.2981    25.9595 -9.990e-29
 227.698056     51.623  34.516290     7.8472    4.43118     51.186    33.3042    25.9651 -9.990e-29
 227.698061     51.654  34.517436     7.8445    4.43300     51.216    33.3080    25.9685 -9.990e-29
 227.698067     51.668  34.518335     7.8448    4.43940     51.230    33.3087    25.9690 -9.990e-29
 227.698073     51.675  34.518494     7.8469    4.44084     51.237    33.3068    25.9672 -9.990e-29
 227.698079     51.678  34.518116     7.8478    4.44401     51.240    33.3056    25.9661 -9.990e-29
 227.698084     51.684  34.517807     7.8463    4.44500     51.246    33.3067    25.9672 -9.990e-29
 227.698090     51.700  34.517708     7.8444    4.43010     51.262    33.3083    25.9688 -9.990e-29
 227.698096     51.728  34.517679     7.8435    4.42655     51.290    33.3092    25.9695 -9.990e-29
 227.698102     51.761  34.517673     7.8438    4.42617     51.323    33.3089    25.9693 -9.990e-29
 227.698108     51.793  34.517672     7.8447    4.43667     51.354    33.3080    25.9684 -9.990e-29
 227.698113     51.820  34.517663     7.8457    4.45192     51.381    33.3070    25.9675 -9.990e-29
 227.698119     51.846  34.517625     7.8468    4.44694     51.407    33.3059    25.9665 -9.990e-29
 227.698125     51.866  34.517498     7.8479    4.44372     51.427    33.3047    25.9654 -9.990e-29
 227.698131     51.880  34.517663     7.8488    4.44607     51.441    33.3040    25.9647 -9.990e-29
 227.698137     51.886  34.518333     7.8497    4.44629     51.446    33.3039    25.9645 -9.990e-29
 227.698142     51.886  34.518709     7.8510    4.45978     51.446    33.3030    25.9636 -9.990e-29
 227.698148     51.883  34.518163     7.8530    4.46867     51.444    33.3005    25.9614 -9.990e-29
 227.698154     51.887  34.517080     7.8551    4.47602     51.447    33.2974    25.9586 -9.990e-29
 227.698160     51.906  34.516248     7.8572    4.48439     51.466    33.2945    25.9560 -9.990e-29
 227.698166     51.950  34.515672     7.8593    4.47544     51.510    33.2918    25.9537 -9.990e-29
 227.698171     52.025  34.515135     7.8607    4.46306     51.584    33.2899    25.9519 -9.990e-29
 227.698177     52.137  34.515033     7.8611    4.44973     51.695    33.2893    25.9514 -9.990e-29
 227.698183     52.293  34.515222     7.8592    4.43057     51.850    33.2913    25.9532 0.0000e+00
 227.698189     52.498  34.515385     7.8515    4.40662     52.053    33.2987    25.9602 0.0000e+00
 227.698194     52.753  34.516290     7.8365    4.38802     52.306    33.3139    25.9743 0.0000e+00
 227.698200     53.052  34.518012     7.8195    4.36434     52.602    33.3318    25.9908 0.0000e+00
 227.698206     53.385  34.519471     7.8058    4.32641     52.933    33.3463    26.0042 0.0000e+00
 227.698212     53.738  34.520358     7.7957    4.27803     53.283    33.3568    26.0139 0.0000e+00
 227.698218     54.104  34.520718     7.7869    4.22460     53.645    33.3654    26.0219 0.0000e+00
 227.698223     54.481  34.521020     7.7745    4.17962     54.019    33.3774    26.0331 0.0000e+00
 227.698229     54.868  34.522213     7.7510    4.11534     54.403    33.4010    26.0551 0.0000e+00
 227.698235     55.262  34.524195     7.7135    4.04174     54.793    33.4389    26.0903 0.0000e+00
 227.698241     55.664  34.525673     7.6688    3.95195     55.192    33.4833    26.1315 0.0000e+00
 227.698247     56.069  34.525802     7.6274    3.87095     55.593    33.5231    26.1688 0.0000e+00
 227.698252     56.469  34.525300     7.5926    3.78470     55.990    33.5560    26.1996 0.0000e+00
 227.698258     56.868  34.525726     7.5585    3.70662     56.386    33.5892    26.2305 0.0000e+00
 227.698264     57.279  34.529316     7.5237    3.64164     56.793    33.6266    26.2648 0.0000e+00
 227.698270     57.701  34.536922     7.4936    3.56596     57.211    33.6638    26.2984 0.0000e+00
 227.698275     58.128  34.546346     7.4699    3.49561     57.635    33.6968    26.3277 0.0000e+00
 227.698281     58.553  34.555567     7.4506    3.44282     58.056    33.7253    26.3529 0.0000e+00
 227.698287     58.968  34.563977     7.4347    3.39389     58.467    33.7497    26.3743 0.0000e+00
 227.698293     59.366  34.571568     7.4210    3.35301     58.862    33.7711    26.3931 0.0000e+00
 227.698299     59.733  34.578365     7.4092    3.35082     59.226    33.7898    26.4095 0.0000e+00
 227.698304     60.055  34.583332     7.4020    3.34895     59.545    33.8021    26.4201 0.0000e+00
 227.698310     60.327  34.585799     7.4000    3.35529     59.815    33.8066    26.4240 0.0000e+00
 227.698316     60.548  34.586806     7.4002    3.35987     60.034    33.8074    26.4246 0.0000e+00
 227.698322     60.724  34.587129     7.4000    3.35430     60.208    33.8078    26.4249 0.0000e+00
 227.698328     60.871  34.586635     7.3983    3.35504     60.354    33.8089    26.4260 0.0000e+00
 227.698333     61.002  34.585786     7.3961    3.36814     60.484    33.8100    26.4272 -9.990e-29
 227.698339     61.122  34.585129     7.3949    3.37890     60.603    33.8104    26.4277 -9.990e-29
 227.698345     61.224  34.584905     7.3950    3.38549     60.704    33.8101    26.4274 -9.990e-29
 227.698351     61.299  34.585372     7.3959    3.37706     60.778    33.8096    26.4270 -9.990e-29
 227.698356     61.343  34.586029     7.3967    3.36697     60.822    33.8096    26.4268 -9.990e-29
 227.698362     61.362  34.586067     7.3969    3.36688     60.841    33.8094    26.4266 -9.990e-29
 227.698368     61.367  34.585534     7.3966    3.37693     60.846    33.8091    26.4264 -9.990e-29
 227.698374     61.370  34.584838     7.3958    3.38282     60.849    33.8091    26.4266 -9.990e-29
 227.698380     61.381  34.584171     7.3953    3.39008     60.860    33.8089    26.4265 -9.990e-29
 227.698385     61.395  34.583763     7.3953    3.38039     60.874    33.8084    26.4261 -9.990e-29
 227.698391     61.410  34.583629     7.3953    3.37044     60.888    33.8083    26.4260 -9.990e-29
 227.698397     61.427  34.583587     7.3951    3.37347     60.905    33.8084    26.4261 -9.990e-29
 227.698403     61.445  34.583576     7.3952    3.37663     60.923    33.8083    26.4260 -9.990e-29
 227.698409     61.467  34.583581     7.3959    3.39245     60.945    33.8076    26.4254 -9.990e-29
 227.698414     61.495  34.583605     7.3965    3.38314     60.973    33.8070    26.4248 -9.990e-29
 227.698420     61.524  34.583677     7.3967    3.37313     61.001    33.8069    26.4247 -9.990e-29
 227.698426     61.550  34.583889     7.3967    3.36989     61.027    33.8071    26.4249 -9.990e-29
 227.698432     61.569  34.583960     7.3963    3.36926     61.046    33.8076    26.4253 -9.990e-29
 227.698438     61.586  34.583424     7.3956    3.37840     61.063    33.8077    26.4255 -9.990e-29
 227.698443     61.603  34.582684     7.3950    3.37421     61.080    33.8075    26.4254 -9.990e-29
 227.698449     61.608  34.582432     7.3951    3.37322     61.085    33.8071    26.4251 -9.990e-29
 227.698455     61.597  34.582887     7.3956    3.36644     61.074    33.8071    26.4250 -9.990e-29
 227.698461     61.578  34.583533     7.3959    3.36637     61.055    33.8075    26.4253 -9.990e-29
 227.698466     61.558  34.583549     7.3958    3.36979     61.035    33.8076    26.4254 -9.990e-29
 227.698472     61.545  34.582955     7.3952    3.37993     61.022    33.8076    26.4254 -9.990e-29
 227.698478     61.542  34.582076     7.3943    3.37831     61.019    33.8075    26.4255 -9.990e-29
 227.698484     61.548  34.581420     7.3937    3.36906     61.025    33.8074    26.4255 -9.990e-29
 227.698490     61.565  34.581230     7.3937    3.36657     61.042    33.8072    26.4253 -9.990e-29
 227.698495     61.588  34.581251     7.3940    3.35731     61.065    33.8069    26.4251 -9.990e-29
 227.698501     61.611  34.581507     7.3944    3.36799     61.088    33.8068    26.4249 -9.990e-29
 227.698507     61.632  34.581777     7.3948    3.37353     61.108    33.8067    26.4248 -9.990e-29
 227.698513     61.651  34.581857     7.3948    3.37589     61.127    33.8067    26.4248 -9.990e-29
 227.698519     61.669  34.581851     7.3943    3.36974     61.145    33.8072    26.4253 -9.990e-29
 227.698524     61.688  34.581749     7.3935    3.36410     61.164    33.8079    26.4259 -9.990e-29
 227.698530     61.709  34.581413     7.3931    3.37185     61.185    33.8079    26.4260 -9.990e-29
 227.698536     61.729  34.580952     7.3932    3.37534     61.205    33.8073    26.4255 -9.990e-29
 227.698542     61.741  34.580867     7.3935    3.36365     61.217    33.8069    26.4251 -9.990e-29
 227.698547     61.737  34.581042     7.3939    3.36584     61.213    33.8067    26.4249 -9.990e-29
 227.698553     61.708  34.581148     7.3943    3.37234     61.184    33.8064    26.4247 -9.990e-29
 227.698559     61.652  34.581323     7.3945    3.36919     61.128    33.8064    26.4246 -9.990e-29
 227.698565     61.584  34.581237     7.3946    3.36535     61.061    33.8063    26.4245 -9.990e-29
 227.698571     61.523  34.580774     7.3950    3.35934     61.000    33.8054    26.4238 -9.990e-29
 227.698576     61.488  34.580436     7.3952    3.35019     60.966    33.8049    26.4233 -9.990e-29
 227.698582     61.485  34.580334     7.3950    3.36111     60.963    33.8050    26.4234 -9.990e-29
 227.698588     61.506  34.580329     7.3948    3.36596     60.984    33.8051    26.4236 -9.990e-29
 227.698594     61.533  34.580411     7.3951    3.37593     61.010    33.8049    26.4234 -9.990e-29
 227.698600     61.557  34.580686     7.3960    3.37839     61.034    33.8043    26.4228 -9.990e-29
 227.698605     61.579  34.580957     7.3966    3.36085     61.056    33.8040    26.4225 -9.990e-29
 227.698611     61.609  34.581022     7.3964    3.35528     61.086    33.8043    26.4227 -9.990e-29
 227.698617     61.653  34.580964     7.3958    3.35210     61.129    33.8048    26.4232 -9.990e-29
 227.698623     61.705  34.580705     7.3954    3.35558     61.181    33.8049    26.4233 -9.990e-29
 227.698628     61.755  34.580459     7.3953    3.36311     61.230    33.8047    26.4231 -9.990e-29
 227.698634     61.804  34.580452     7.3953    3.36290     61.279    33.8046    26.4231 -9.990e-29
 227.698640     61.849  34.580673     7.3954    3.36301     61.324    33.8048    26.4232 -9.990e-29
 227.698646     61.893  34.580853     7.3955    3.36329     61.367    33.8048    26.4232 -9.990e-29
 227.698652     61.948  34.580669     7.3952    3.37097     61.422    33.8049    26.4233 -9.990e-29
 227.698657     62.025  34.580434     7.3948    3.35791     61.498    33.8050    26.4235 -9.990e-29
 227.698663     62.139  34.580394     7.3946    3.35554     61.611    33.8051    26.4236 -9.990e-29
 227.698669     62.292  34.580491     7.3947    3.35425     61.763    33.8050    26.4235 0.0000e+00
 227.698675     62.472  34.580854     7.3950    3.35452     61.941    33.8051    26.4235 0.0000e+00
 227.698681     62.666  34.581401     7.3952    3.36830     62.134    33.8054    26.4237 0.0000e+00
 227.698686     62.864  34.581735     7.3952    3.36267     62.330    33.8056    26.4239 0.0000e+00
 227.698692     63.074  34.581738     7.3950    3.36127     62.538    33.8057    26.4240 0.0000e+00
 227.698698     63.320  34.581411     7.3948    3.35307     62.782    33.8054    26.4238 0.0000e+00
 227.698704     63.611  34.580876     7.3945    3.35020     63.070    33.8050    26.4235 0.0000e+00
 227.698709     63.945  34.580538     7.3940    3.36117     63.401    33.8050    26.4236 0.0000e+00
 227.698715     64.318  34.580503     7.3935    3.35712     63.771    33.8052    26.4239 0.0000e+00
 227.698721     64.723  34.580719     7.3931    3.35226     64.173    33.8057    26.4243 0.0000e+00
 227.698727     65.152  34.580909     7.3929    3.34904     64.598    33.8059    26.4245 0.0000e+00
 227.698733     65.598  34.580763     7.3928    3.35427     65.040    33.8056    26.4243 0.0000e+00
 227.698738     66.055  34.580641     7.3928    3.36198     65.493    33.8052    26.4240 0.0000e+00
 227.698744     66.519  34.580935     7.3927    3.35795     65.953    33.8054    26.4242 0.0000e+00
 227.698750     66.985  34.581472     7.3926    3.35473     66.415    33.8059    26.4245 0.0000e+00
 227.698756     67.447  34.581840     7.3925    3.35239     66.873    33.8062    26.4248 0.0000e+00
 227.698762     67.898  34.581966     7.3926    3.36102     67.320    33.8060    26.4246 0.0000e+00
 227.698767     68.327  34.582014     7.3928    3.36708     67.746    33.8056    26.4243 0.0000e+00
 227.698773     68.736  34.582042     7.3928    3.36661     68.151    33.8055    26.4242 0.0000e+00
 227.698779     69.130  34.582082     7.3927    3.35751     68.542    33.8054    26.4242 0.0000e+00
 227.698785     69.508  34.582183     7.3926    3.36078     68.916    33.8054    26.4242 0.0000e+00
 227.698791     69.873  34.582477     7.3925    3.36927     69.278    33.8057    26.4244 0.0000e+00
 227.698796     70.231  34.582792     7.3926    3.37342     69.633    33.8057    26.4245 0.0000e+00
 227.698802     70.583  34.582982     7.3928    3.36005     69.982    33.8056    26.4243 0.0000e+00
 227.698808     70.925  34.583297     7.3928    3.35151     70.321    33.8058    26.4245 0.0000e+00
 227.698814     71.255  34.583590     7.3928    3.34811     70.648    33.8059    26.4246 0.0000e+00
 227.698819     71.568  34.583689     7.3928    3.35889     70.958    33.8059    26.4246 0.0000e+00
 227.698825     71.857  34.583721     7.3929    3.36722     71.245    33.8057    26.4244 0.0000e+00
 227.698831     72.112  34.583725     7.3929    3.35285     71.498    33.8056    26.4243 0.0000e+00
 227.698837     72.319  34.583700     7.3930    3.35516     71.703    33.8053    26.4241 0.0000e+00
 227.698843     72.473  34.583609     7.3931    3.36015     71.856    33.8051    26.4239 -9.990e-29
 227.698848     72.581  34.583326     7.3931    3.36502     71.963    33.8047    26.4236 -9.990e-29
 227.698854     72.648  34.582470     7.3931    3.37067     72.029    33.8037    26.4229 -9.990e-29
 227.698860     72.680  34.581579     7.3934    3.35808     72.061    33.8025    26.4218 -9.990e-29
 227.698866     72.679  34.581705     7.3936    3.36067     72.060    33.8024    26.4217 -9.990e-29
 227.698872     72.643  34.582454     7.3935    3.36245     72.024    33.8033    26.4225 -9.990e-29
 227.698877     72.576  34.583139     7.3933    3.36412     71.958    33.8043    26.4233 -9.990e-29
 227.698883     72.486  34.583551     7.3933    3.35850     71.868    33.8048    26.4237 -9.990e-29
 227.698889     72.380  34.583677     7.3935    3.36101     71.763    33.8048    26.4236 -9.990e-29
 227.698895     72.260  34.583684     7.3935    3.36251     71.644    33.8049    26.4237 -9.990e-29
 227.698900     72.131  34.583577     7.3932    3.36463     71.516    33.8051    26.4239 0.0000e+00
 227.698906     72.006  34.583213     7.3929    3.36717     71.393    33.8051    26.4239 -9.990e-29
