data/oxygen options/OCNMS/OCNMS2/raw_data/2005/CTD_CE30_081605faed.cnv
* Sea-Bird SBE19 Data File:
* FileName = C:\Hypoxia Data\CE30_081605.hex
* Software Version 1.1.6
* Temperature SN = 2997
* Conductivity SN = 2997
* System UpLoad Time = Aug 16 2005 11:11:56
* SEACAT PROFILER V3.1c SN 2997   08/16/05  11:11:22.010
* strain gauge pressure sensor: S/N = 184829,  range = 3000 psia,  tc = 40
# nquan = 9                                 
# nvalues = 509                         
# units = specified
# name 0 = timeJ: Julian Days
# name 1 = prSM: Pressure, Strain Gauge [db]
# name 2 = c0mS/cm: Conductivity [mS/cm]
# name 3 = t090C: Temperature [ITS-90, deg C]
# name 4 = oxML/L: Oxygen, Beckman/YSI [ml/l]
# name 5 = depSM: Depth [salt water, m], lat = 47.5
# name 6 = sal00: Salinity, Practical [PSU]
# name 7 = sigma-é00: Density [sigma-theta, kg/m^3]
# name 8 = flag: flag
# span 0 = 228.445324, 228.448264       
# span 1 =     -3.081,     29.965       
# span 2 =   0.695605,  37.105759       
# span 3 =     7.5832,    12.1657       
# span 4 =   -0.10604,   29.54288       
# span 5 =     -3.055,     29.713       
# span 6 =     0.4572,    33.7018       
# span 7 =    -0.1585,    26.3148       
# span 8 = 0.0000e+00, 0.0000e+00       
# interval = seconds: 0.5
# start_time = Aug 16 2005 10:41:16 [Instrument's time stamp, header]
# bad_flag = -9.990e-29
*END*
[from data line 161]
 228.446256      1.670  36.879091    10.8025    9.17358      1.656    33.0249    25.2726 -9.990e-29
 228.446262      1.686  36.880434    10.7977    9.16673      1.672    33.0306    25.2778 -9.990e-29
 228.446267      1.711  36.877469    10.7910    9.16776      1.697    33.0336    25.2814 -9.990e-29
 228.446273      1.737  36.872409    10.7854    9.18226      1.722    33.0336    25.2824 -9.990e-29
 228.446279      1.762  36.868602    10.7816    9.19127      1.747    33.0333    25.2828 -9.990e-29
 228.446285      1.783  36.866017    10.7811    9.18900      1.768    33.0311    25.2812 -9.990e-29
 228.446291      1.793  36.865691    10.7857    9.17559      1.778    33.0267    25.2769 -9.990e-29
 228.446296      1.792  36.869433    10.7928    9.17259      1.777    33.0240    25.2736 -9.990e-29
 228.446302      1.789  36.875502    10.7973    9.17793      1.774    33.0260    25.2743 -9.990e-29
 228.446308      1.793  36.879655    10.7949    9.18869      1.778    33.0323    25.2797 -9.990e-29
 228.446314      1.808  36.877337    10.7886    9.18697      1.793    33.0356    25.2834 -9.990e-29
 228.446319      1.825  36.871065    10.7863    9.18575      1.810    33.0315    25.2805 -9.990e-29
 228.446325      1.835  36.868740    10.7903    9.18333      1.820    33.0255    25.2752 -9.990e-29
 228.446331      1.837  36.872305    10.7961    9.17988      1.822    33.0238    25.2729 -9.990e-29
 228.446337      1.839  36.877541    10.7981    9.19035      1.824    33.0272    25.2752 -9.990e-29
 228.446343      1.847  36.879093    10.7954    9.18514      1.832    33.0312    25.2788 -9.990e-29
 228.446348      1.861  36.876229    10.7915    9.18998      1.845    33.0319    25.2800 -9.990e-29
 228.446354      1.881  36.872981    10.7888    9.18789      1.865    33.0311    25.2798 -9.990e-29
 228.446360      1.905  36.871186    10.7866    9.18482      1.889    33.0313    25.2804 -9.990e-29
 228.446366      1.925  36.869569    10.7849    9.19206      1.909    33.0312    25.2806 -9.990e-29
 228.446372      1.940  36.868219    10.7850    9.20898      1.924    33.0297    25.2794 -9.990e-29
 228.446377      1.948  36.868139    10.7868    9.22772      1.932    33.0280    25.2778 -9.990e-29
 228.446383      1.952  36.869221    10.7897    9.21979      1.936    33.0265    25.2761 -9.990e-29
 228.446389      1.952  36.871225    10.7941    9.20766      1.936    33.0245    25.2738 -9.990e-29
 228.446395      1.955  36.874579    10.7992    9.20499      1.939    33.0233    25.2719 -9.990e-29
 228.446400      1.971  36.878712    10.8012    9.21823      1.955    33.0256    25.2733 -9.990e-29
 228.446406      1.992  36.880161    10.7981    9.21964      1.975    33.0298    25.2772 -9.990e-29
 228.446412      2.006  36.877496    10.7940    9.21654      1.989    33.0308    25.2787 -9.990e-29
 228.446418      2.011  36.874450    10.7932    9.19454      1.994    33.0285    25.2771 -9.990e-29
 228.446424      2.011  36.874813    10.7947    9.18412      1.994    33.0275    25.2760 -9.990e-29
 228.446429      2.014  36.877385    10.7939    9.20463      1.997    33.0308    25.2787 -9.990e-29
 228.446435      2.025  36.877184    10.7892    9.22312      2.008    33.0349    25.2827 -9.990e-29
 228.446441      2.040  36.872821    10.7851    9.23740      2.023    33.0342    25.2829 -9.990e-29
 228.446447      2.052  36.869135    10.7868    9.22761      2.035    33.0290    25.2785 -9.990e-29
 228.446453      2.053  36.870181    10.7950    9.21066      2.036    33.0226    25.2721 -9.990e-29
 228.446458      2.047  36.876793    10.8052    9.21875      2.030    33.0200    25.2683 -9.990e-29
 228.446464      2.046  36.884887    10.8106    9.21231      2.029    33.0232    25.2699 -9.990e-29
 228.446470      2.052  36.887874    10.8102    9.21375      2.035    33.0265    25.2725 -9.990e-29
 228.446476      2.058  36.886936    10.8080    9.20428      2.041    33.0276    25.2737 -9.990e-29
 228.446481      2.067  36.885870    10.8053    9.20495      2.050    33.0289    25.2753 -9.990e-29
 228.446487      2.075  36.884375    10.8008    9.21158      2.058    33.0315    25.2781 -9.990e-29
 228.446493      2.077  36.881016    10.7950    9.22246      2.060    33.0334    25.2805 -9.990e-29
 228.446499      2.078  36.876362    10.7931    9.22292      2.061    33.0305    25.2786 -9.990e-29
 228.446505      2.083  36.874863    10.7974    9.19680      2.066    33.0251    25.2737 -9.990e-29
 228.446510      2.091  36.878444    10.8025    9.19389      2.074    33.0241    25.2720 -9.990e-29
 228.446516      2.103  36.882347    10.8023    9.18161      2.085    33.0281    25.2752 -9.990e-29
 228.446522      2.120  36.881681    10.7966    9.19736      2.102    33.0326    25.2796 -9.990e-29
 228.446528      2.139  36.877243    10.7907    9.21563      2.121    33.0335    25.2814 -9.990e-29
 228.446534      2.153  36.873208    10.7888    9.20477      2.135    33.0312    25.2799 -9.990e-29
 228.446539      2.158  36.872045    10.7917    9.19904      2.140    33.0274    25.2765 -9.990e-29
 228.446545      2.158  36.874446    10.7971    9.19124      2.140    33.0249    25.2736 -9.990e-29
 228.446551      2.162  36.878564    10.7996    9.19484      2.144    33.0268    25.2746 -9.990e-29
 228.446557      2.175  36.880359    10.7971    9.21000      2.157    33.0308    25.2782 -9.990e-29
 228.446563      2.194  36.878298    10.7934    9.21330      2.176    33.0321    25.2798 -9.990e-29
 228.446568      2.210  36.875244    10.7932    9.20907      2.192    33.0292    25.2776 -9.990e-29
 228.446574      2.221  36.875534    10.7966    9.21214      2.202    33.0264    25.2748 -9.990e-29
 228.446580      2.227  36.878993    10.7995    9.19407      2.208    33.0273    25.2750 -9.990e-29
 228.446586      2.234  36.881261    10.7986    9.19142      2.215    33.0303    25.2775 -9.990e-29
 228.446591      2.245  36.879754    10.7950    9.21098      2.226    33.0321    25.2795 -9.990e-29
 228.446597      2.257  36.876390    10.7921    9.21806      2.238    33.0313    25.2794 -9.990e-29
 228.446603      2.267  36.874533    10.7914    9.21348      2.248    33.0301    25.2786 -9.990e-29
 228.446609      2.275  36.874510    10.7926    9.20671      2.256    33.0290    25.2775 -9.990e-29
 228.446615      2.282  36.875170    10.7944    9.20613      2.263    33.0280    25.2765 -9.990e-29
 228.446620      2.288  36.876268    10.7959    9.21240      2.269    33.0278    25.2760 -9.990e-29
 228.446626      2.293  36.877587    10.7971    9.22749      2.274    33.0280    25.2760 -9.990e-29
 228.446632      2.299  36.878642    10.7981    9.22249      2.280    33.0281    25.2759 -9.990e-29
 228.446638      2.305  36.879160    10.7989    9.20795      2.286    33.0279    25.2756 -9.990e-29
 228.446644      2.312  36.879269    10.8000    9.20283      2.293    33.0271    25.2747 -9.990e-29
 228.446649      2.320  36.879676    10.8014    9.19861      2.301    33.0262    25.2738 -9.990e-29
 228.446655      2.329  36.880925    10.8030    9.21170      2.310    33.0260    25.2734 -9.990e-29
 228.446661      2.341  36.882437    10.8043    9.21839      2.321    33.0263    25.2734 -9.990e-29
 228.446667      2.351  36.883423    10.8052    9.21662      2.331    33.0265    25.2734 -9.990e-29
 228.446672      2.357  36.884078    10.8063    9.20575      2.337    33.0261    25.2729 -9.990e-29
 228.446678      2.362  36.884712    10.8077    9.19966      2.342    33.0255    25.2722 -9.990e-29
 228.446684      2.372  36.885051    10.8088    9.20526      2.352    33.0248    25.2715 -9.990e-29
 228.446690      2.386  36.885546    10.8095    9.21704      2.366    33.0247    25.2712 -9.990e-29
 228.446696      2.407  36.886297    10.8100    9.21699      2.387    33.0250    25.2714 -9.990e-29
 228.446701      2.430  36.886623    10.8107    9.21793      2.410    33.0247    25.2710 -9.990e-29
 228.446707      2.449  36.886958    10.8117    9.21852      2.429    33.0241    25.2704 -9.990e-29
 228.446713      2.461  36.887750    10.8121    9.19847      2.440    33.0245    25.2706 -9.990e-29
 228.446719      2.467  36.888370    10.8115    9.20800      2.446    33.0257    25.2716 -9.990e-29
 228.446725      2.471  36.887965    10.8110    9.20950      2.450    33.0257    25.2718 -9.990e-29
 228.446730      2.477  36.887117    10.8118    9.22480      2.456    33.0241    25.2704 -9.990e-29
 228.446736      2.483  36.887499    10.8136    9.22865      2.462    33.0229    25.2691 -9.990e-29
 228.446742      2.483  36.889244    10.8158    9.22038      2.462    33.0227    25.2685 -9.990e-29
 228.446748      2.479  36.891315    10.8177    9.20748      2.458    33.0230    25.2685 -9.990e-29
 228.446753      2.469  36.892732    10.8183    9.20068      2.448    33.0239    25.2690 -9.990e-29
 228.446759      2.458  36.892578    10.8172    9.21508      2.437    33.0247    25.2699 -9.990e-29
 228.446765      2.448  36.891395    10.8161    9.21598      2.428    33.0245    25.2699 -9.990e-29
 228.446771      2.440  36.890965    10.8166    9.21657      2.420    33.0237    25.2692 -9.990e-29
 228.446777      2.437  36.891835    10.8186    9.21392      2.417    33.0227    25.2681 -9.990e-29
 228.446782      2.439  36.893478    10.8209    9.20603      2.419    33.0223    25.2673 -9.990e-29
 228.446788      2.441  36.895278    10.8224    9.21387      2.421    33.0227    25.2674 -9.990e-29
 228.446794      2.448  36.896269    10.8227    9.21852      2.428    33.0234    25.2679 -9.990e-29
 228.446800      2.461  36.896087    10.8225    9.22177      2.440    33.0234    25.2680 -9.990e-29
 228.446806      2.472  36.895609    10.8229    9.23171      2.451    33.0226    25.2672 -9.990e-29
 228.446811      2.477  36.895876    10.8244    9.23183      2.456    33.0215    25.2661 -9.990e-29
 228.446817      2.477  36.897240    10.8266    9.21130      2.456    33.0209    25.2652 -9.990e-29
 228.446823      2.471  36.899274    10.8288    9.20689      2.450    33.0209    25.2649 -9.990e-29
 228.446829      2.464  36.901323    10.8300    9.22048      2.443    33.0219    25.2654 -9.990e-29
 228.446834      2.463  36.902751    10.8303    9.23104      2.442    33.0230    25.2663 -9.990e-29
 228.446840      2.469  36.903218    10.8306    9.22957      2.448    33.0232    25.2664 -9.990e-29
 228.446846      2.473  36.903345    10.8319    9.20925      2.452    33.0222    25.2653 -9.990e-29
 228.446852      2.476  36.904417    10.8338    9.18914      2.455    33.0215    25.2645 -9.990e-29
 228.446858      2.486  36.906181    10.8331    9.19764      2.465    33.0239    25.2665 -9.990e-29
 228.446863      2.508  36.905377    10.8285    9.22058      2.487    33.0272    25.2699 -9.990e-29
 228.446869      2.540  36.900931    10.8238    9.23025      2.519    33.0270    25.2706 -9.990e-29
 228.446875      2.566  36.897005    10.8237    9.22915      2.545    33.0232    25.2676 -9.990e-29
 228.446881      2.571  36.897332    10.8288    9.22030      2.550    33.0189    25.2634 -9.990e-29
 228.446887      2.559  36.901782    10.8363    9.21568      2.538    33.0166    25.2602 -9.990e-29
 228.446892      2.547  36.907875    10.8412    9.22837      2.526    33.0183    25.2607 -9.990e-29
 228.446898      2.547  36.911397    10.8421    9.23438      2.526    33.0210    25.2626 -9.990e-29
 228.446904      2.563  36.910876    10.8413    9.22714      2.542    33.0211    25.2629 -9.990e-29
 228.446910      2.592  36.909540    10.8410    9.21911      2.570    33.0201    25.2621 -9.990e-29
 228.446916      2.623  36.909532    10.8426    9.21199      2.601    33.0186    25.2607 -9.990e-29
 228.446921      2.645  36.911396    10.8476    9.22449      2.623    33.0159    25.2577 -9.990e-29
 228.446927      2.655  36.915932    10.8549    9.22900      2.633    33.0139    25.2548 -9.990e-29
 228.446933      2.658  36.921333    10.8593    9.20867      2.636    33.0153    25.2552 -9.990e-29
 228.446939      2.663  36.923021    10.8589    9.19612      2.641    33.0173    25.2568 -9.990e-29
 228.446944      2.674  36.921564    10.8553    9.19298      2.652    33.0191    25.2588 -9.990e-29
 228.446950      2.693  36.919506    10.8489    9.22196      2.671    33.0228    25.2629 -9.990e-29
 228.446956      2.715  36.915221    10.8435    9.23995      2.692    33.0234    25.2643 -9.990e-29
 228.446962      2.730  36.911403    10.8438    9.23674      2.707    33.0193    25.2610 -9.990e-29
 228.446968      2.730  36.912490    10.8470    9.21860      2.707    33.0175    25.2591 -9.990e-29
 228.446973      2.720  36.915437    10.8485    9.20004      2.697    33.0191    25.2600 -9.990e-29
 228.446979      2.711  36.916322    10.8479    9.20598      2.688    33.0205    25.2613 -9.990e-29
 228.446985      2.715  36.915765    10.8458    9.22131      2.692    33.0219    25.2627 -9.990e-29
 228.446991      2.730  36.914143    10.8440    9.23437      2.707    33.0219    25.2630 -9.990e-29
 228.446997      2.742  36.912654    10.8438    9.22635      2.719    33.0206    25.2620 -9.990e-29
 228.447002      2.745  36.912672    10.8458    9.21755      2.722    33.0188    25.2603 -9.990e-29
 228.447008      2.733  36.914778    10.8505    9.21039      2.710    33.0167    25.2578 -9.990e-29
 228.447014      2.719  36.919534    10.8546    9.19783      2.696    33.0177    25.2579 -9.990e-29
 228.447020      2.720  36.922626    10.8540    9.21296      2.697    33.0213    25.2608 -9.990e-29
 228.447025      2.735  36.920885    10.8506    9.22604      2.712    33.0226    25.2624 -9.990e-29
 228.447031      2.756  36.917595    10.8493    9.22788      2.733    33.0205    25.2610 -9.990e-29
 228.447037      2.773  36.916777    10.8524    9.21909      2.750    33.0169    25.2576 -9.990e-29
 228.447043      2.777  36.920140    10.8580    9.20410      2.754    33.0152    25.2553 -9.990e-29
 228.447049      2.778  36.925434    10.8629    9.20153      2.755    33.0161    25.2551 -9.990e-29
 228.447054      2.785  36.929061    10.8659    9.21989      2.762    33.0170    25.2553 -9.990e-29
 228.447060      2.792  36.930811    10.8676    9.22961      2.769    33.0172    25.2552 -9.990e-29
 228.447066      2.797  36.931894    10.8684    9.21383      2.774    33.0175    25.2553 -9.990e-29
 228.447072      2.801  36.932627    10.8685    9.19224      2.778    33.0182    25.2558 -9.990e-29
 228.447078      2.802  36.932865    10.8676    9.19469      2.779    33.0192    25.2568 -9.990e-29
 228.447083      2.801  36.932360    10.8651    9.22458      2.778    33.0210    25.2586 -9.990e-29
 228.447089      2.802  36.930436    10.8618    9.23080      2.779    33.0220    25.2600 -9.990e-29
 228.447095      2.811  36.927330    10.8604    9.22609      2.788    33.0202    25.2588 -9.990e-29
 228.447101      2.822  36.925626    10.8617    9.19757      2.798    33.0173    25.2563 -9.990e-29
 228.447106      2.833  36.926975    10.8636    9.20081      2.809    33.0169    25.2557 -9.990e-29
 228.447112      2.844  36.929245    10.8641    9.23454      2.820    33.0187    25.2570 -9.990e-29
 228.447118      2.855  36.929855    10.8632    9.22773      2.831    33.0202    25.2583 -9.990e-29
 228.447124      2.864  36.928494    10.8629    9.20892      2.840    33.0191    25.2575 -9.990e-29
 228.447130      2.862  36.927269    10.8649    9.19691      2.838    33.0160    25.2548 -9.990e-29
 228.447135      2.850  36.929029    10.8681    9.19007      2.826    33.0149    25.2533 -9.990e-29
 228.447141      2.839  36.932190    10.8696    9.20728      2.815    33.0167    25.2545 -9.990e-29
 228.447147      2.836  36.933115    10.8684    9.21740      2.812    33.0187    25.2562 -9.990e-29
 228.447153      2.834  36.931913    10.8667    9.21269      2.810    33.0191    25.2568 -9.990e-29
 228.447159      2.824  36.930906    10.8665    9.21556      2.800    33.0182    25.2562 -9.990e-29
 228.447164      2.809  36.930990    10.8681    9.21454      2.786    33.0169    25.2549 -9.990e-29
 228.447170      2.797  36.932272    10.8713    9.21088      2.774    33.0153    25.2530 -9.990e-29
