data/oxygen options/OCNMS/OCNMS2/raw_data/2005/CTD_TH30_062205faed.cnv
* Sea-Bird SBE19 Data File:
* FileName = C:\hypoxia CTD data\TH30_062205.hex
* Software Version 1.1.5
* Temperature SN = 2997
* Conductivity SN = 2997
* System UpLoad Time = Jun 22 2005 10:23:27
* SEACAT PROFILER V3.1c SN 2997   06/22/05  10:23:16.278
* strain gauge pressure sensor: S/N = 184829,  range = 3000 psia,  tc = 40
# nquan = 9                                 
# nvalues = 2053                        
# units = specified
# name 0 = timeJ: Julian Days
# name 1 = prSM: Pressure, Strain Gauge [db]
# name 2 = c0mS/cm: Conductivity [mS/cm]
# name 3 = t090C: Temperature [ITS-90, deg C]
# name 4 = oxML/L: Oxygen, Beckman/YSI [ml/l]
# name 5 = depSM: Depth [salt water, m], lat = 47.5
# name 6 = sal00: Salinity, Practical [PSU]
# name 7 = sigma-é00: Density [sigma-theta, kg/m^3]
# name 8 = flag: flag
# span 0 = 173.396030, 173.407905       
# span 1 =     -3.224,     31.131       
# span 2 =   0.508013,  37.593204       
# span 3 =     9.3072,    15.5699       
# span 4 =  -14.42384,   24.40903       
# span 5 =     -3.197,     30.869       
# span 6 =     0.3092,    32.7529       
# span 7 =    -0.6209,    25.3108       
# span 8 = 0.0000e+00, 0.0000e+00       
# interval = seconds: 0.5
# start_time = Jun 22 2005 09:30:17 [Instrument's time stamp, header]
# bad_flag = -9.990e-29
*END*
[from data line 1441]
 173.404369      3.054  37.537657    15.5492    6.00872      3.028    29.7245    21.7922 -9.990e-29
 173.404375      3.050  37.538760    15.5493    6.01554      3.025    29.7254    21.7928 -9.990e-29
 173.404381      3.055  37.540436    15.5495    5.97322      3.029    29.7267    21.7938 -9.990e-29
 173.404387      3.057  37.543253    15.5499    5.98177      3.031    29.7289    21.7954 -9.990e-29
 173.404392      3.040  37.545187    15.5506    5.88239      3.015    29.7300    21.7961 -9.990e-29
 173.404398      2.993  37.546021    15.5513    5.77111      2.968    29.7303    21.7962 -9.990e-29
 173.404404      2.922  37.546128    15.5517    5.67383      2.898    29.7301    21.7959 -9.990e-29
 173.404410      2.836  37.546219    15.5512    5.49705      2.812    29.7306    21.7964 -9.990e-29
 173.404416      2.738  37.546237    15.5488    5.47224      2.715    29.7324    21.7984 -9.990e-29
 173.404421      2.634  37.544530    15.5439    5.51678      2.612    29.7347    21.8011 -9.990e-29
 173.404427      2.534  37.540510    15.5362    5.65496      2.513    29.7370    21.8045 -9.990e-29
 173.404433      2.445  37.532185    15.5241    6.94066      2.425    29.7388    21.8085 -9.990e-29
 173.404439      2.370  37.520235    15.5084    7.23351      2.350    29.7401    21.8129 -9.990e-29
 173.404444      2.312  37.510041    15.4934    7.42335      2.293    29.7425    21.8180 -9.990e-29
 173.404450      2.269  37.500351    15.4811    7.55118      2.250    29.7432    21.8212 -9.990e-29
 173.404456      2.232  37.481608    15.4681    7.58682      2.213    29.7365    21.8188 -9.990e-29
 173.404462      2.205  37.436676    15.4502    7.54874      2.187    29.7104    21.8026 -9.990e-29
 173.404468      2.189  37.327517    15.4283    7.49915      2.171    29.6306    21.7460 -9.990e-29
 173.404473      2.183  37.038866    15.4063    7.44052      2.165    29.3926    21.5678 -9.990e-29
 173.404479      2.183  36.209971    15.3863    7.40847      2.165    28.6777    21.0228 -9.990e-29
 173.404485      2.184  33.753580    15.3691    7.39908      2.166    26.5413    19.3860 -9.990e-29
 173.404491      2.187  26.416936    15.3565    7.38847      2.169    20.2648    14.5765 -9.990e-29
 173.404497      2.187  15.306798    15.3488    7.37461      2.169    11.1751     7.6218 -9.990e-29
 173.404502      2.185   7.691731    15.3441    7.36451      2.167     5.3198     3.1401 -9.990e-29
 173.404508      2.185   4.905554    15.3403    7.36174      2.167     3.2887     1.5827 -9.990e-29
 173.404514      2.182   3.685099    15.3361    7.37682      2.164     2.4261     0.9206 -9.990e-29
 173.404520      2.172   2.982426    15.3309    7.40068      2.154     1.9389     0.5467 -9.990e-29
 173.404525      2.159   2.564838    15.3252   -6.26255      2.141     1.6533     0.3278 -9.990e-29
 173.404531      2.149   2.372469    15.3195  -13.44858      2.131     1.5229     0.2283 -9.990e-29
 173.404537      2.148   2.371438    15.3145  -14.42384      2.130     1.5223     0.2287 -9.990e-29
 173.404543      2.150   2.459899    15.3102  -10.50277      2.132     1.5825     0.2757 -9.990e-29
 173.404549      2.147   2.479893    15.3060   -1.70853      2.129     1.5963     0.2869 -9.990e-29
 173.404554      2.134   2.330946    15.3026   -0.34822      2.116     1.4954     0.2098 -9.990e-29
 173.404560      2.116   2.087585    15.3000   -0.19706      2.098     1.3314     0.0838 -9.990e-29
 173.404566      2.100   1.882166    15.2967   -0.14524      2.082     1.1939    -0.0216 -9.990e-29
 173.404572      2.088   1.747717    15.2904   -0.12368      2.071     1.1046    -0.0895 -9.990e-29
 173.404578      2.080   1.649257    15.2798   -0.11507      2.063     1.0396    -0.1379 -9.990e-29
 173.404583      2.076   1.574804    15.2678   -0.11509      2.059     0.9907    -0.1738 -9.990e-29
 173.404589      2.074   1.534950    15.2591   -0.11512      2.057     0.9646    -0.1925 -9.990e-29
 173.404595      2.076   1.513735    15.2546   -0.11513      2.059     0.9507    -0.2025 -9.990e-29
 173.404601      2.082   1.489529    15.2519   -0.11515      2.065     0.9349    -0.2144 -9.990e-29
 173.404606      2.091   1.453361    15.2495   -0.11518      2.074     0.9111    -0.2323 -9.990e-29
 173.404612      2.099   1.410826    15.2468   -0.11523      2.081     0.8833    -0.2534 -9.990e-29
 173.404618      2.104   1.373450    15.2436   -0.11526      2.086     0.8588    -0.2717 -9.990e-29
 173.404624      2.110   1.341887    15.2404   -0.11528      2.092     0.8382    -0.2871 -9.990e-29
 173.404630      2.117   1.308449    15.2376   -0.11529      2.099     0.8164    -0.3035 -9.990e-29
 173.404635      2.121   1.265167    15.2348   -0.11532      2.103     0.7883    -0.3249 -9.990e-29
 173.404641      2.126   1.216464    15.2313   -0.11534      2.108     0.7566    -0.3487 -9.990e-29
 173.404647      2.138   1.175620    15.2270   -0.11535      2.120     0.7302    -0.3685 -9.990e-29
 173.404653      2.154   1.149748    15.2228   -0.11536      2.136     0.7135    -0.3808 -9.990e-29
 173.404659      2.168   1.133198    15.2189   -0.11538      2.150     0.7028    -0.3884 -9.990e-29
 173.404664      2.184   1.110006    15.2145   -0.11541      2.166     0.6879    -0.3992 -9.990e-29
 173.404670      2.196   1.071439    15.2088   -0.11544      2.178     0.6630    -0.4175 -9.990e-29
 173.404676      2.203   1.029307    15.2029   -0.11547      2.185     0.6359    -0.4375 -9.990e-29
 173.404682      2.203   1.001759    15.1980   -0.11550      2.185     0.6183    -0.4504 -9.990e-29
 173.404687      2.198   0.989226    15.1943   -0.11552      2.180     0.6103    -0.4560 -9.990e-29
 173.404693      2.187   0.976108    15.1913   -0.11554      2.169     0.6019    -0.4621 -9.990e-29
 173.404699      2.169   0.954344    15.1879   -0.11555      2.151     0.5879    -0.4723 -9.990e-29
 173.404705      2.148   0.930967    15.1834   -0.11557      2.130     0.5730    -0.4831 -9.990e-29
 173.404711      2.130   0.915296    15.1780   -0.11560      2.112     0.5630    -0.4900 -9.990e-29
 173.404716      2.118   0.906956    15.1725   -0.11560      2.100     0.5578    -0.4932 -9.990e-29
 173.404722      2.112   0.896495    15.1677   -0.11562      2.094     0.5512    -0.4976 -9.990e-29
 173.404728      2.112   0.876066    15.1633   -0.11564      2.094     0.5381    -0.5070 -9.990e-29
 173.404734      2.118   0.847822    15.1588   -0.11557      2.100     0.5202    -0.5202 -9.990e-29
 173.404740      2.125   0.819583    15.1540   -0.11523      2.107     0.5022    -0.5333 -9.990e-29
 173.404745      2.130   0.795846    15.1493   -0.11524      2.112     0.4872    -0.5442 -9.990e-29
 173.404751      2.133   0.777681    15.1444   -0.11520      2.115     0.4757    -0.5524 -9.990e-29
 173.404757      2.135   0.765823    15.1392   -0.11523      2.117     0.4682    -0.5574 -9.990e-29
 173.404763      2.139   0.759991    15.1341   -0.11531      2.121     0.4646    -0.5594 -9.990e-29
 173.404769      2.146   0.757956    15.1294   -0.11538      2.128     0.4633    -0.5596 -9.990e-29
 173.404774      2.152   0.758670    15.1248   -0.11545      2.134     0.4638    -0.5585 -9.990e-29
 173.404780      2.158   0.765857    15.1201   -0.11549      2.140     0.4685    -0.5542 -9.990e-29
 173.404786      2.159   0.794092    15.1154   -0.11554      2.141     0.4865    -0.5396 -9.990e-29
 173.404792      2.156   0.888786    15.1109   -0.11550      2.138     0.5470    -0.4921 -9.990e-29
 173.404797      2.153   1.120741    15.1064   -0.11541      2.135     0.6967    -0.3757 -9.990e-29
 173.404803      2.150   1.422599    15.1018   -0.11526      2.132     0.8942    -0.2225 -9.990e-29
 173.404809      2.150   1.624914    15.0972   -0.11521      2.132     1.0282    -0.1184 -9.990e-29
 173.404815      2.158   1.703411    15.0926   -0.11523      2.140     1.0805    -0.0773 -9.990e-29
 173.404821      2.170   1.696167    15.0880   -0.11529      2.152     1.0758    -0.0802 -9.990e-29
 173.404826      2.179   1.622380    15.0832   -0.11537      2.161     1.0268    -0.1172 -9.990e-29
 173.404832      2.180   1.525717    15.0783   -0.11549      2.162     0.9629    -0.1659 -9.990e-29
 173.404838      2.178   1.439867    15.0735   -0.11558      2.160     0.9062    -0.2088 -9.990e-29
 173.404844      2.178   1.385182    15.0687   -0.11562      2.160     0.8703    -0.2359 -9.990e-29
 173.404850      2.174   1.388610    15.0639   -0.11565      2.156     0.8727    -0.2333 -9.990e-29
 173.404855      2.167   1.479687    15.0588   -0.11568      2.149     0.9329    -0.1860 -9.990e-29
 173.404861      2.161   1.656132    15.0538   -0.11572      2.143     1.0501    -0.0948 -9.990e-29
 173.404867      2.150   1.855806    15.0493   -0.11576      2.132     1.1836     0.0090 -9.990e-29
 173.404873      2.134   1.982584    15.0450   -0.11581      2.116     1.2690     0.0755 -9.990e-29
 173.404878      2.122   1.997950    15.0401   -0.11585      2.104     1.2795     0.0843 -9.990e-29
 173.404884      2.115   1.930165    15.0347   -0.11585      2.097     1.2340     0.0501 -9.990e-29
 173.404890      2.114   1.808173    15.0299   -0.11585      2.096     1.1523    -0.0123 -9.990e-29
 173.404896      2.114   1.659113    15.0256   -0.11583      2.096     1.0528    -0.0884 -9.990e-29
 173.404902      2.112   1.524513    15.0213   -0.11582      2.094     0.9634    -0.1567 -9.990e-29
 173.404907      2.110   1.431314    15.0169   -0.11585      2.092     0.9019    -0.2035 -9.990e-29
 173.404913      2.114   1.372317    15.0124   -0.11588      2.096     0.8631    -0.2328 -9.990e-29
 173.404919      2.124   1.326556    15.0083   -0.11590      2.106     0.8330    -0.2554 -9.990e-29
 173.404925      2.136   1.277954    15.0045   -0.11589      2.118     0.8012    -0.2794 -9.990e-29
 173.404931      2.146   1.221623    15.0009   -0.11590      2.128     0.7643    -0.3073 -9.990e-29
 173.404936      2.156   1.165664    14.9974   -0.11593      2.138     0.7278    -0.3350 -9.990e-29
 173.404942      2.165   1.128100    14.9939   -0.11597      2.147     0.7034    -0.3533 -9.990e-29
 173.404948      2.174   1.122082    14.9905   -0.11600      2.156     0.6996    -0.3558 -9.990e-29
 173.404954      2.185   1.142361    14.9870   -0.11601      2.167     0.7128    -0.3450 -9.990e-29
 173.404959      2.197   1.172157    14.9832   -0.11602      2.179     0.7323    -0.3293 -9.990e-29
 173.404965      2.207   1.191848    14.9797   -0.11605      2.189     0.7453    -0.3188 -9.990e-29
 173.404971      2.212   1.188860    14.9766   -0.11606      2.194     0.7434    -0.3198 -9.990e-29
 173.404977      2.211   1.172525    14.9736   -0.11607      2.193     0.7328    -0.3276 -9.990e-29
 173.404983      2.205   1.161554    14.9705   -0.11610      2.187     0.7257    -0.3326 -9.990e-29
 173.404988      2.194   1.157408    14.9673   -0.11611      2.176     0.7230    -0.3341 -9.990e-29
 173.404994      2.181   1.145130    14.9642   -0.11612      2.163     0.7150    -0.3398 -9.990e-29
 173.405000      2.173   1.113899    14.9612   -0.11615      2.155     0.6947    -0.3551 -9.990e-29
 173.405006      2.175   1.070887    14.9579   -0.11618      2.157     0.6668    -0.3761 -9.990e-29
 173.405012      2.181   1.035842    14.9546   -0.11619      2.163     0.6441    -0.3932 -9.990e-29
 173.405017      2.189   1.017506    14.9518   -0.11619      2.171     0.6323    -0.4019 -9.990e-29
 173.405023      2.199   1.003633    14.9495   -0.11620      2.181     0.6233    -0.4085 -9.990e-29
 173.405029      2.207   0.984603    14.9470   -0.11621      2.189     0.6110    -0.4176 -9.990e-29
 173.405035      2.210   0.965548    14.9442   -0.11622      2.192     0.5987    -0.4267 -9.990e-29
 173.405041      2.207   0.948238    14.9414   -0.11622      2.189     0.5876    -0.4349 -9.990e-29
 173.405046      2.204   0.929562    14.9384   -0.11625      2.186     0.5756    -0.4437 -9.990e-29
 173.405052      2.203   0.911238    14.9350   -0.11628      2.185     0.5638    -0.4523 -9.990e-29
 173.405058      2.200   0.892684    14.9318   -0.11627      2.182     0.5519    -0.4610 -9.990e-29
 173.405064      2.192   0.869683    14.9295   -0.11628      2.174     0.5372    -0.4721 -9.990e-29
 173.405069      2.181   0.845396    14.9274   -0.11631      2.163     0.5216    -0.4838 -9.990e-29
 173.405075      2.176   0.830144    14.9248   -0.11634      2.158     0.5119    -0.4910 -9.990e-29
 173.405081      2.176   0.826332    14.9220   -0.11635      2.158     0.5094    -0.4924 -9.990e-29
 173.405087      2.173   0.826476    14.9191   -0.11631      2.155     0.5096    -0.4919 -9.990e-29
 173.405093      2.162   0.825775    14.9161   -0.11633      2.144     0.5092    -0.4917 -9.990e-29
 173.405098      2.148   0.822558    14.9130   -0.11637      2.130     0.5071    -0.4928 -9.990e-29
 173.405104      2.136   0.812536    14.9101   -0.11638      2.118     0.5008    -0.4973 -9.990e-29
 173.405110      2.132   0.794361    14.9069   -0.11637      2.114     0.4892    -0.5058 -9.990e-29
 173.405116      2.135   0.780400    14.9026   -0.11622      2.117     0.4803    -0.5120 -9.990e-29
 173.405122      2.140   0.781431    14.8979   -0.11605      2.122     0.4810    -0.5108 -9.990e-29
 173.405127      2.144   0.783303    14.8942   -0.11560      2.126     0.4822    -0.5092 -9.990e-29
 173.405133      2.152   0.770765    14.8914   -0.11544      2.134     0.4743    -0.5150 -9.990e-29
 173.405139      2.163   0.757601    14.8882   -0.11548      2.145     0.4659    -0.5210 -9.990e-29
 173.405145      2.170   0.766742    14.8838   -0.11562      2.152     0.4718    -0.5158 -9.990e-29
 173.405150      2.174   0.791519    14.8795   -0.11576      2.156     0.4877    -0.5028 -9.990e-29
 173.405156      2.179   0.805634    14.8763   -0.11588      2.161     0.4967    -0.4953 -9.990e-29
 173.405162      2.184   0.811826    14.8736   -0.11595      2.166     0.5007    -0.4918 -9.990e-29
 173.405168      2.192   0.851070    14.8706   -0.11603      2.174     0.5260    -0.4718 -9.990e-29
 173.405174      2.197   0.989002    14.8674   -0.11613      2.179     0.6151    -0.4024 -9.990e-29
 173.405179      2.191   1.274206    14.8647   -0.11613      2.173     0.8015    -0.2579 -9.990e-29
 173.405185      2.175   1.712553    14.8627   -0.11612      2.157     1.0929    -0.0326 -9.990e-29
 173.405191      2.160   2.199391    14.8612   -0.11614      2.142     1.4222     0.2218 -9.990e-29
 173.405197      2.153   2.514173    14.8596   -0.11612      2.135     1.6378     0.3883 -9.990e-29
 173.405203      2.151   2.558719    14.8577   -0.11611      2.133     1.6686     0.4123 -9.990e-29
 173.405208      2.148   2.418521    14.8556   -0.11610      2.130     1.5723     0.3384 -9.990e-29
 173.405214      2.148   2.208666    14.8533   -0.11608      2.130     1.4288     0.2281 -9.990e-29
 173.405220      2.156   2.005729    14.8508   -0.11607      2.138     1.2909     0.1221 -9.990e-29
 173.405226      2.168   1.836071    14.8480   -0.11612      2.150     1.1763     0.0341 -9.990e-29
 173.405231      2.177   1.693803    14.8451   -0.11616      2.159     1.0808    -0.0392 -9.990e-29
 173.405237      2.178   1.589000    14.8422   -0.11620      2.160     1.0108    -0.0929 -9.990e-29
 173.405243      2.172   1.543389    14.8385   -0.11626      2.154     0.9804    -0.1157 -9.990e-29
 173.405249      2.162   1.538881    14.8341   -0.11627      2.144     0.9775    -0.1173 -9.990e-29
 173.405255      2.157   1.554486    14.8306   -0.11625      2.139     0.9880    -0.1087 -9.990e-29
 173.405260      2.160   1.591037    14.8287   -0.11630      2.142     1.0125    -0.0895 -9.990e-29
 173.405266      2.167   1.633462    14.8275   -0.11635      2.149     1.0409    -0.0674 -9.990e-29
 173.405272      2.175   1.668972    14.8259   -0.11633      2.157     1.0647    -0.0488 -9.990e-29
 173.405278      2.183   1.694420    14.8237   -0.11628      2.165     1.0818    -0.0352 -9.990e-29
 173.405284      2.189   1.694353    14.8215   -0.11627      2.171     1.0818    -0.0349 -9.990e-29
