data/oxygen options/OCNMS/OCNMS2/raw_data/2005/CTD_CE60_062105faedb.cnv
* Sea-Bird SBE19 Data File:
* FileName = C:\hypoxia CTD data\CE60_062105.hex
* Software Version 1.1.5
* Temperature SN = 2997
* Conductivity SN = 2997
* System UpLoad Time = Jun 21 2005 16:30:53
* SEACAT PROFILER V3.1c SN 2997   06/21/05  16:30:26.967
* strain gauge pressure sensor: S/N = 184829,  range = 3000 psia,  tc = 40
# nquan = 9
# nvalues = 58                          
# units = specified
# name 0 = timeJ: Julian Days
# name 1 = prSM: Pressure, Strain Gauge [db]
# name 2 = c0mS/cm: Conductivity [mS/cm]
# name 3 = t090C: Temperature [ITS-90, deg C]
# name 4 = oxML/L: Oxygen, Beckman/YSI [ml/l]
# name 5 = depSM: Depth [salt water, m], lat = 47.5
# name 6 = sal00: Salinity, Practical [PSU]
# name 7 = sigma-é00: Density [sigma-theta, kg/m^3]
# name 8 = flag: flag
# span 0 = 172.630516, 172.631223       
# span 1 =      3.000,     60.000       
# span 2 =  35.096586,  37.874034       
# span 3 =     8.5810,    16.6561       
# span 4 =    2.73135,    6.96413       
# span 5 =      2.975,     59.491       
# span 6 =    27.5259,    33.3279       
# span 7 =    19.8645,    25.8741       
# span 8 = 0.0000e+00, 0.0000e+00       
# interval = decibars: 1                
# start_time = Jun 21 2005 15:04:43 [Instrument's time stamp, header]
# bad_flag = -9.990e-29
*END*
 172.630516      3.000  35.914797    16.6549    6.52937      2.975    27.5259    19.8645 0.0000e+00
 172.630536      4.000  35.923645    16.6550    6.58951      3.967    27.5330    19.8700 0.0000e+00
 172.630551      5.000  36.016195    16.6561    6.20923      4.958    27.6106    19.9292 0.0000e+00
 172.630564      6.000  36.286066    16.4997    5.96370      5.950    27.9490    20.2229 0.0000e+00
 172.630576      7.000  36.584526    15.9889    5.99750      6.941    28.5678    20.8092 0.0000e+00
 172.630587      8.000  37.009650    15.3120    6.15994      7.933    29.4367    21.6219 0.0000e+00
 172.630598      9.000  37.389965    14.9703    6.32913      8.925    30.0325    22.1524 0.0000e+00
 172.630609     10.000  37.583805    14.8808    6.41054      9.916    30.2740    22.3571 0.0000e+00
 172.630619     11.000  37.655078    14.8426    6.37316     10.908    30.3671    22.4368 0.0000e+00
 172.630631     12.000  37.674221    14.7895    6.29537     11.899    30.4254    22.4928 0.0000e+00
 172.630642     13.000  37.661545    14.6775    6.27087     12.891    30.5012    22.5746 0.0000e+00
 172.630655     14.000  37.607526    14.5252    6.31198     13.883    30.5718    22.6607 0.0000e+00
 172.630667     15.000  37.575596    14.4334    6.39728     14.874    30.6149    22.7129 0.0000e+00
 172.630679     16.000  37.699935    14.4120    6.50876     15.865    30.7441    22.8169 0.0000e+00
 172.630691     17.000  37.874034    14.3094    6.73218     16.857    30.9838    23.0228 0.0000e+00
 172.630703     18.000  37.810973    14.0569    6.96413     17.849    31.1289    23.1865 0.0000e+00
 172.630715     19.000  37.624240    13.6873    6.74172     18.841    31.2568    23.3599 0.0000e+00
 172.630727     20.000  37.360166    13.2970    6.01940     19.832    31.3310    23.4947 0.0000e+00
 172.630739     21.000  37.108729    12.7283    5.15793     20.824    31.5664    23.7873 0.0000e+00
 172.630752     22.000  36.595329    11.7896    4.59290     21.815    31.8693    24.1974 0.0000e+00
 172.630765     23.000  36.247967    11.3471    4.34919     22.807    31.9115    24.3105 0.0000e+00
 172.630778     24.000  36.043683    10.9352    4.14413     23.798    32.0682    24.5052 0.0000e+00
 172.630792     25.000  35.849439    10.6553    4.05779     24.790    32.1204    24.5943 0.0000e+00
 172.630805     26.000  35.708213    10.3940    4.02755     25.781    32.2096    24.7083 0.0000e+00
 172.630818     27.000  35.579226    10.1713    3.98576     26.773    32.2773    24.7986 0.0000e+00
 172.630831     28.000  35.524615    10.0258    3.90442     27.764    32.3516    24.8807 0.0000e+00
 172.630843     29.000  35.429468     9.8279    3.82623     28.756    32.4323    24.9764 0.0000e+00
 172.630855     30.000  35.286150     9.5989    3.79298     29.747    32.4922    25.0605 0.0000e+00
 172.630866     31.000  35.167206     9.4027    3.80810     30.739    32.5478    25.1355 0.0000e+00
 172.630877     32.000  35.096586     9.3299    3.85790     31.731    32.5409    25.1417 0.0000e+00
 172.630888     33.000  35.137156     9.3353    3.86715     32.722    32.5774    25.1693 0.0000e+00
 172.630900     34.000  35.236740     9.3705    3.86214     33.713    32.6474    25.2185 0.0000e+00
 172.630911     35.000  35.364065     9.3671    3.83033     34.705    32.7811    25.3236 0.0000e+00
 172.630922     36.000  35.403154     9.2967    3.78162     35.697    32.8857    25.4166 0.0000e+00
 172.630932     37.000  35.380634     9.2133    3.70352     36.688    32.9388    25.4714 0.0000e+00
 172.630943     38.000  35.346012     9.1128    3.57588     37.679    32.9954    25.5315 0.0000e+00
 172.630954     39.000  35.307760     8.9873    3.43479     38.671    33.0717    25.6110 0.0000e+00
 172.630964     40.000  35.276256     8.8820    3.27734     39.662    33.1366    25.6782 0.0000e+00
 172.630975     41.000  35.258123     8.7985    3.14603     40.654    33.1953    25.7371 0.0000e+00
 172.630987     42.000  35.255572     8.7618    3.07995     41.645    33.2265    25.7673 0.0000e+00
 172.630998     43.000  35.258031     8.7532    3.07189     42.637    33.2368    25.7767 0.0000e+00
 172.631010     44.000  35.258841     8.7517    3.07860     43.628    33.2385    25.7783 0.0000e+00
 172.631022     45.000  35.257719     8.7505    3.09016     44.619    33.2380    25.7781 0.0000e+00
 172.631034     46.000  35.256388     8.7456    3.08700     45.611    33.2407    25.7810 0.0000e+00
 172.631045     47.000  35.253871     8.7373    3.07082     46.602    33.2454    25.7860 0.0000e+00
 172.631057     48.000  35.249957     8.7283    3.04469     47.594    33.2493    25.7904 0.0000e+00
 172.631069     49.000  35.246539     8.7154    3.02731     48.586    33.2575    25.7988 0.0000e+00
 172.631080     50.000  35.241356     8.6987    3.02822     49.576    33.2672    25.8090 0.0000e+00
 172.631093     51.000  35.235673     8.6842    3.02082     50.568    33.2745    25.8170 0.0000e+00
 172.631106     52.000  35.231552     8.6773    3.02289     51.560    33.2761    25.8193 0.0000e+00
 172.631118     53.000  35.228452     8.6714    3.01086     52.551    33.2780    25.8217 0.0000e+00
 172.631130     54.000  35.225591     8.6653    2.98458     53.542    33.2803    25.8245 0.0000e+00
 172.631142     55.000  35.222189     8.6555    2.92546     54.534    33.2855    25.8301 0.0000e+00
 172.631155     56.000  35.219673     8.6457    2.85723     55.525    33.2915    25.8363 0.0000e+00
 172.631167     57.000  35.217188     8.6344    2.80000     56.516    33.2991    25.8440 0.0000e+00
 172.631180     58.000  35.210596     8.6086    2.75596     57.508    33.3161    25.8613 0.0000e+00
 172.631193     59.000  35.201781     8.5857    2.73135     58.499    33.3279    25.8741 0.0000e+00
 172.631223     60.000  35.197181     8.5810    2.74103     59.491    33.3270    25.8741 0.0000e+00
