data/oxygen options/OCNMS/OCNMS2/raw_data/2005/CTD_TH100_081505faed.cnv
* Sea-Bird SBE19 Data File:
* FileName = C:\Hypoxia Data\TH100_081505.hex
* Software Version 1.1.6
* Temperature SN = 2997
* Conductivity SN = 2997
* System UpLoad Time = Aug 15 2005 18:16:53
* SEACAT PROFILER V3.1c SN 2997   08/15/05  18:15:45.006
* strain gauge pressure sensor: S/N = 184829,  range = 3000 psia,  tc = 40
# nquan = 9                                 
# nvalues = 1023                        
# units = specified
# name 0 = timeJ: Julian Days
# name 1 = prSM: Pressure, Strain Gauge [db]
# name 2 = c0mS/cm: Conductivity [mS/cm]
# name 3 = t090C: Temperature [ITS-90, deg C]
# name 4 = oxML/L: Oxygen, Beckman/YSI [ml/l]
# name 5 = depSM: Depth [salt water, m], lat = 47.5
# name 6 = sal00: Salinity, Practical [PSU]
# name 7 = sigma-é00: Density [sigma-theta, kg/m^3]
# name 8 = flag: flag
# span 0 = 227.651690, 227.657604       
# span 1 =     -3.029,    103.364       
# span 2 =   0.234217,  38.683113       
# span 3 =     7.3094,    14.6322       
# span 4 =   -0.11734,   25.35598       
# span 5 =     -3.004,    102.476       
# span 6 =     0.1407,    33.8792       
# span 7 =    -0.7334,    26.4937       
# span 8 = 0.0000e+00, 0.0000e+00       
# interval = seconds: 0.5
# start_time = Aug 15 2005 15:38:26 [Instrument's time stamp, header]
# bad_flag = -9.990e-29
*END*
[from data line 641]
 227.655399    103.299  34.594470     7.3167    3.04262    102.411    33.8766    26.4913 -9.990e-29
 227.655405    103.343  34.594745     7.3169    3.04249    102.455    33.8767    26.4914 -9.990e-29
 227.655411    103.364  34.595344     7.3166    3.04113    102.476    33.8776    26.4921 -9.990e-29
 227.655417    103.359  34.595377     7.3159    3.04596    102.471    33.8784    26.4928 -9.990e-29
 227.655422    103.324  34.594881     7.3153    3.04457    102.436    33.8784    26.4929 -9.990e-29
 227.655428    103.257  34.594311     7.3150    3.03728    102.370    33.8781    26.4928 -9.990e-29
 227.655434    103.157  34.594020     7.3149    3.03458    102.270    33.8780    26.4926 -9.990e-29
 227.655440    103.027  34.594173     7.3147    3.02368    102.142    33.8784    26.4930 0.0000e+00
 227.655446    102.858  34.594409     7.3146    3.01612    101.974    33.8788    26.4933 0.0000e+00
 227.655451    102.636  34.594473     7.3148    3.02439    101.754    33.8788    26.4933 0.0000e+00
 227.655457    102.354  34.594446     7.3152    3.02661    101.475    33.8785    26.4930 0.0000e+00
 227.655463    102.013  34.594283     7.3155    3.04531    101.137    33.8782    26.4927 0.0000e+00
 227.655469    101.620  34.593762     7.3157    3.04368    100.747    33.8776    26.4922 0.0000e+00
 227.655475    101.201  34.592745     7.3156    3.03087    100.332    33.8768    26.4916 0.0000e+00
 227.655480    100.786  34.591554     7.3154    3.03312     99.920    33.8759    26.4909 0.0000e+00
 227.655486    100.390  34.590842     7.3154    3.04476     99.528    33.8753    26.4905 0.0000e+00
 227.655492    100.011  34.590777     7.3157    3.06879     99.152    33.8752    26.4903 0.0000e+00
 227.655498     99.627  34.590704     7.3161    3.08859     98.772    33.8749    26.4900 0.0000e+00
 227.655503     99.219  34.589959     7.3172    3.10083     98.367    33.8732    26.4885 0.0000e+00
 227.655509     98.782  34.587543     7.3188    3.11708     97.934    33.8692    26.4851 0.0000e+00
 227.655515     98.327  34.583593     7.3198    3.12749     97.483    33.8642    26.4810 0.0000e+00
 227.655521     97.872  34.580686     7.3199    3.12348     97.032    33.8611    26.4786 0.0000e+00
 227.655527     97.427  34.579987     7.3195    3.11136     96.591    33.8610    26.4785 0.0000e+00
 227.655532     96.980  34.580559     7.3182    3.08659     96.148    33.8631    26.4804 0.0000e+00
 227.655538     96.523  34.581479     7.3160    3.07537     95.695    33.8664    26.4833 0.0000e+00
 227.655544     96.068  34.581726     7.3142    3.07482     95.244    33.8687    26.4854 0.0000e+00
 227.655550     95.622  34.581065     7.3134    3.07113     94.802    33.8690    26.4857 0.0000e+00
 227.655556     95.189  34.580292     7.3138    3.10191     94.373    33.8680    26.4848 0.0000e+00
 227.655561     94.760  34.580054     7.3149    3.14045     93.948    33.8668    26.4838 0.0000e+00
 227.655567     94.322  34.580027     7.3167    3.20231     93.513    33.8652    26.4823 0.0000e+00
 227.655573     93.869  34.579048     7.3218    3.28607     93.064    33.8594    26.4770 0.0000e+00
 227.655579     93.406  34.575806     7.3381    3.36598     92.605    33.8402    26.4595 0.0000e+00
 227.655584     92.933  34.576624     7.3690    3.44995     92.137    33.8111    26.4323 0.0000e+00
 227.655590     92.450  34.588755     7.4004    3.51137     91.658    33.7939    26.4143 0.0000e+00
 227.655596     91.960  34.601466     7.4174    3.54552     91.172    33.7913    26.4099 0.0000e+00
 227.655602     91.467  34.604244     7.4228    3.58530     90.684    33.7893    26.4076 0.0000e+00
 227.655608     90.973  34.601915     7.4248    3.59651     90.194    33.7851    26.4040 0.0000e+00
 227.655613     90.486  34.597536     7.4260    3.61508     89.711    33.7794    26.3993 0.0000e+00
 227.655619     90.013  34.591431     7.4266    3.62552     89.242    33.7724    26.3937 0.0000e+00
 227.655625     89.553  34.587227     7.4264    3.60946     88.786    33.7683    26.3905 0.0000e+00
 227.655631     89.108  34.586040     7.4260    3.60809     88.345    33.7676    26.3900 0.0000e+00
 227.655637     88.674  34.586283     7.4258    3.61516     87.915    33.7683    26.3906 0.0000e+00
 227.655642     88.237  34.586592     7.4258    3.62039     87.482    33.7688    26.3910 0.0000e+00
 227.655648     87.786  34.586253     7.4259    3.63789     87.035    33.7686    26.3908 0.0000e+00
 227.655654     87.314  34.585370     7.4263    3.63985     86.567    33.7674    26.3898 0.0000e+00
 227.655660     86.812  34.583320     7.4273    3.63768     86.069    33.7645    26.3873 0.0000e+00
 227.655666     86.287  34.580167     7.4287    3.63893     85.549    33.7600    26.3836 0.0000e+00
 227.655671     85.756  34.577868     7.4303    3.64848     85.023    33.7562    26.3804 0.0000e+00
 227.655677     85.229  34.577280     7.4320    3.66261     84.500    33.7541    26.3785 0.0000e+00
 227.655683     84.702  34.577616     7.4352    3.67171     83.978    33.7516    26.3761 0.0000e+00
 227.655689     84.171  34.578757     7.4411    3.67683     83.451    33.7474    26.3719 0.0000e+00
 227.655694     83.646  34.581099     7.4484    3.67237     82.931    33.7431    26.3675 0.0000e+00
 227.655700     83.143  34.583837     7.4535    3.68347     82.432    33.7413    26.3654 0.0000e+00
 227.655706     82.674  34.585576     7.4549    3.69321     81.968    33.7421    26.3658 0.0000e+00
 227.655712     82.230  34.585829     7.4551    3.71024     81.527    33.7424    26.3660 0.0000e+00
 227.655718     81.783  34.585492     7.4576    3.73694     81.084    33.7398    26.3636 0.0000e+00
 227.655723     81.310  34.585228     7.4657    3.75242     80.616    33.7318    26.3562 0.0000e+00
 227.655729     80.805  34.584679     7.4796    3.76705     80.115    33.7180    26.3433 0.0000e+00
 227.655735     80.275  34.583107     7.4929    3.77037     79.590    33.7036    26.3301 0.0000e+00
 227.655741     79.732  34.579534     7.5001    3.80053     79.051    33.6930    26.3207 0.0000e+00
 227.655747     79.191  34.575363     7.5019    3.82602     78.515    33.6870    26.3158 0.0000e+00
 227.655752     78.654  34.572318     7.5004    3.85548     77.983    33.6854    26.3147 0.0000e+00
 227.655758     78.121  34.566335     7.4958    3.86916     77.454    33.6837    26.3140 0.0000e+00
 227.655764     77.594  34.552796     7.4888    3.87639     76.932    33.6761    26.3090 0.0000e+00
 227.655770     77.084  34.534384     7.4833    3.89196     76.426    33.6617    26.2985 0.0000e+00
 227.655775     76.612  34.521296     7.4814    3.89928     75.958    33.6496    26.2892 0.0000e+00
 227.655781     76.173  34.519059     7.4819    3.91843     75.523    33.6469    26.2870 0.0000e+00
 227.655787     75.746  34.521319     7.4835    3.94966     75.100    33.6480    26.2876 0.0000e+00
 227.655793     75.311  34.520433     7.4856    4.00079     74.669    33.6452    26.2852 0.0000e+00
 227.655799     74.855  34.511291     7.4893    4.04907     74.217    33.6319    26.2742 0.0000e+00
 227.655804     74.393  34.496834     7.4941    4.07441     73.759    33.6119    26.2577 0.0000e+00
 227.655810     73.938  34.486367     7.4972    4.07983     73.308    33.5978    26.2462 0.0000e+00
 227.655816     73.495  34.482184     7.4983    4.07776     72.869    33.5924    26.2418 0.0000e+00
 227.655822     73.067  34.481510     7.4984    4.08144     72.444    33.5918    26.2413 0.0000e+00
 227.655828     72.646  34.482318     7.4981    4.09375     72.027    33.5931    26.2424 0.0000e+00
 227.655833     72.228  34.482879     7.4983    4.11684     71.613    33.5937    26.2428 0.0000e+00
 227.655839     71.811  34.482253     7.5000    4.12744     71.199    33.5916    26.2409 0.0000e+00
 227.655845     71.391  34.480722     7.5038    4.12864     70.783    33.5865    26.2363 0.0000e+00
 227.655851     70.962  34.478482     7.5099    4.14013     70.358    33.5784    26.2291 0.0000e+00
 227.655856     70.523  34.475346     7.5169    4.16225     69.922    33.5684    26.2203 0.0000e+00
 227.655862     70.071  34.472171     7.5227    4.18526     69.474    33.5596    26.2125 0.0000e+00
 227.655868     69.603  34.469763     7.5279    4.20750     69.010    33.5522    26.2059 0.0000e+00
 227.655874     69.115  34.467152     7.5337    4.21350     68.527    33.5440    26.1987 0.0000e+00
 227.655880     68.614  34.464214     7.5396    4.20943     68.030    33.5354    26.1910 0.0000e+00
 227.655885     68.120  34.462262     7.5438    4.21456     67.540    33.5294    26.1858 0.0000e+00
 227.655891     67.644  34.461494     7.5450    4.21487     67.068    33.5277    26.1842 0.0000e+00
 227.655897     67.186  34.461627     7.5444    4.21161     66.614    33.5286    26.1850 0.0000e+00
 227.655903     66.738  34.462263     7.5452    4.21622     66.170    33.5287    26.1850 0.0000e+00
 227.655909     66.288  34.462183     7.5496    4.21913     65.724    33.5246    26.1811 0.0000e+00
 227.655914     65.830  34.460708     7.5573    4.21867     65.270    33.5158    26.1731 0.0000e+00
 227.655920     65.363  34.458662     7.5645    4.23343     64.807    33.5069    26.1651 0.0000e+00
 227.655926     64.893  34.457230     7.5696    4.23468     64.341    33.5006    26.1594 0.0000e+00
 227.655932     64.424  34.456174     7.5740    4.24863     63.876    33.4955    26.1547 0.0000e+00
 227.655937     63.960  34.455198     7.5778    4.25350     63.416    33.4910    26.1507 0.0000e+00
 227.655943     63.502  34.454673     7.5800    4.27128     62.962    33.4885    26.1484 0.0000e+00
 227.655949     63.041  34.454449     7.5820    4.30192     62.505    33.4866    26.1466 0.0000e+00
 227.655955     62.569  34.454217     7.5884    4.34026     62.037    33.4804    26.1408 0.0000e+00
 227.655961     62.084  34.453654     7.6021    4.37548     61.557    33.4668    26.1282 0.0000e+00
 227.655966     61.582  34.452560     7.6192    4.40545     61.059    33.4494    26.1121 0.0000e+00
 227.655972     61.072  34.451146     7.6336    4.43206     60.553    33.4343    26.0981 0.0000e+00
 227.655978     60.562  34.450322     7.6434    4.45286     60.048    33.4242    26.0888 0.0000e+00
 227.655984     60.060  34.450664     7.6486    4.47470     59.550    33.4198    26.0846 0.0000e+00
 227.655990     59.564  34.451497     7.6525    4.49389     59.058    33.4172    26.0820 0.0000e+00
 227.655995     59.066  34.452244     7.6635    4.52230     58.565    33.4077    26.0729 0.0000e+00
 227.656001     58.562  34.453329     7.6829    4.56523     58.065    33.3905    26.0566 0.0000e+00
 227.656007     58.053  34.453943     7.7027    4.60705     57.560    33.3724    26.0396 0.0000e+00
 227.656013     57.545  34.452094     7.7177    4.65463     57.057    33.3563    26.0247 0.0000e+00
 227.656019     57.036  34.448673     7.7293    4.70246     56.552    33.3417    26.0117 0.0000e+00
 227.656024     56.520  34.445278     7.7473    4.77724     56.041    33.3211    25.9929 0.0000e+00
 227.656030     55.989  34.440736     7.7802    4.83751     55.514    33.2851    25.9598 0.0000e+00
 227.656036     55.439  34.436266     7.8207    4.88658     54.969    33.2419    25.9200 0.0000e+00
 227.656042     54.873  34.437108     7.8581    4.91861     54.408    33.2074    25.8876 0.0000e+00
 227.656047     54.303  34.444381     7.8907    4.94525     53.843    33.1845    25.8649 0.0000e+00
 227.656053     53.740  34.453206     7.9170    4.96070     53.285    33.1692    25.8490 0.0000e+00
 227.656059     53.189  34.460211     7.9334    4.99001     52.738    33.1614    25.8405 0.0000e+00
 227.656065     52.656  34.464645     7.9443    5.03175     52.210    33.1561    25.8347 0.0000e+00
 227.656071     52.135  34.466807     7.9602    5.07193     51.693    33.1435    25.8226 0.0000e+00
 227.656076     51.619  34.467889     7.9880    5.12247     51.182    33.1186    25.7989 0.0000e+00
 227.656082     51.101  34.467641     8.0240    5.16795     50.668    33.0845    25.7669 0.0000e+00
 227.656088     50.578  34.466845     8.0542    5.19668     50.150    33.0554    25.7396 0.0000e+00
 227.656094     50.051  34.467235     8.0738    5.20642     49.627    33.0376    25.7228 0.0000e+00
 227.656100     49.521  34.469326     8.0895    5.20588     49.102    33.0252    25.7108 0.0000e+00
 227.656105     48.987  34.473098     8.1041    5.21128     48.572    33.0157    25.7012 0.0000e+00
 227.656111     48.451  34.477408     8.1152    5.22293     48.041    33.0101    25.6951 0.0000e+00
 227.656117     47.911  34.480707     8.1221    5.23510     47.506    33.0074    25.6920 0.0000e+00
 227.656123     47.373  34.482900     8.1263    5.24544     46.972    33.0060    25.6903 0.0000e+00
 227.656128     46.841  34.484661     8.1288    5.22852     46.445    33.0058    25.6897 0.0000e+00
 227.656134     46.315  34.486085     8.1335    5.22892     45.923    33.0031    25.6869 0.0000e+00
 227.656140     45.795  34.488502     8.1445    5.23622     45.408    32.9956    25.6794 0.0000e+00
 227.656146     45.278  34.494002     8.1586    5.24135     44.895    32.9884    25.6717 0.0000e+00
 227.656152     44.767  34.500940     8.1715    5.24756     44.389    32.9839    25.6662 0.0000e+00
 227.656157     44.265  34.506227     8.1832    5.24924     43.891    32.9787    25.6604 0.0000e+00
 227.656163     43.777  34.510741     8.1924    5.25652     43.407    32.9751    25.6562 0.0000e+00
 227.656169     43.305  34.514885     8.1966    5.26061     42.939    32.9758    25.6561 0.0000e+00
 227.656175     42.844  34.516889     8.1964    5.26554     42.482    32.9783    25.6581 0.0000e+00
 227.656181     42.383  34.516613     8.1952    5.26320     42.025    32.9793    25.6591 0.0000e+00
 227.656186     41.905  34.515358     8.1986    5.27231     41.551    32.9750    25.6552 0.0000e+00
 227.656192     41.392  34.515922     8.2103    5.26683     41.042    32.9649    25.6455 0.0000e+00
 227.656198     40.841  34.520726     8.2270    5.29937     40.496    32.9545    25.6349 0.0000e+00
 227.656204     40.266  34.527757     8.2416    5.31845     39.926    32.9486    25.6281 0.0000e+00
 227.656209     39.679  34.532930     8.2518    5.32120     39.344    32.9447    25.6236 0.0000e+00
 227.656215     39.096  34.535848     8.2589    5.30694     38.766    32.9415    25.6199 0.0000e+00
 227.656221     38.530  34.538155     8.2632    5.28191     38.205    32.9401    25.6182 0.0000e+00
 227.656227     37.992  34.540115     8.2644    5.28690     37.671    32.9413    25.6190 0.0000e+00
 227.656233     37.486  34.540970     8.2635    5.29845     37.170    32.9433    25.6207 0.0000e+00
 227.656238     37.007  34.540730     8.2625    5.30908     36.695    32.9442    25.6215 0.0000e+00
 227.656244     36.536  34.540182     8.2633    5.31009     36.228    32.9431    25.6205 0.0000e+00
 227.656250     36.055  34.540267     8.2696    5.30355     35.751    32.9375    25.6152 0.0000e+00
 227.656256     35.561  34.543328     8.2834    5.31370     35.261    32.9280    25.6057 0.0000e+00
 227.656262     35.060  34.550631     8.2987    5.33161     34.764    32.9217    25.5984 0.0000e+00
 227.656267     34.560  34.557891     8.3066    5.34806     34.269    32.9222    25.5977 0.0000e+00
 227.656273     34.052  34.560206     8.3123    5.36841     33.765    32.9195    25.5947 0.0000e+00
 227.656279     33.519  34.561215     8.3339    5.37549     33.237    32.9006    25.5767 0.0000e+00
 227.656285     32.952  34.569538     8.3787    5.39225     32.674    32.8678    25.5443 0.0000e+00
 227.656291     32.365  34.587853     8.4293    5.42375     32.092    32.8402    25.5150 0.0000e+00
 227.656296     31.778  34.608064     8.4658    5.43786     31.510    32.8278    25.4998 0.0000e+00
 227.656302     31.200  34.621806     8.4893    5.41583     30.937    32.8206    25.4907 0.0000e+00
 227.656308     30.628  34.630024     8.5218    5.38978     30.370    32.7993    25.4690 0.0000e+00
 227.656314     30.056  34.641990     8.5824    5.36038     29.803    32.7559    25.4258 0.0000e+00
