data/oxygen options/OCNMS/OCNMS2/raw_data/2005/CTD_TH30a_083105faed.cnv
* Sea-Bird SBE19 Data File:
* FileName = C:\hypoxia CTD data\TH30a_083105.hex
* Software Version 1.1.5
* Temperature SN = 2997
* Conductivity SN = 2997
* System UpLoad Time = Aug 31 2005 15:52:14
** Teahwhit Head 083105 30m
* SEACAT PROFILER V3.1c SN 2997   08/31/05  15:48:14.473
# nquan = 9                                 
# nvalues = 632                         
# units = specified
# name 0 = timeJ: Julian Days
# name 1 = prSM: Pressure, Strain Gauge [db]
# name 2 = c0mS/cm: Conductivity [mS/cm]
# name 3 = t090C: Temperature [ITS-90, deg C]
# name 4 = oxML/L: Oxygen, Beckman/YSI [ml/l]
# name 5 = depSM: Depth [salt water, m], lat = 47.5
# name 6 = sal00: Salinity, Practical [PSU]
# name 7 = sigma-é00: Density [sigma-theta, kg/m^3]
# name 8 = flag: flag
# span 0 = 243.406505, 243.410156       
# span 1 =     -3.776,     31.533       
# span 2 =   0.470884,  38.724963       
# span 3 =     8.0598,    15.6816       
# span 4 =  -13.71057,   23.80360       
# span 5 =     -3.745,     31.267       
# span 6 =     0.2796,    33.5225       
# span 7 =    -0.7879,    26.0836       
# span 8 = 0.0000e+00, 0.0000e+00       
# interval = seconds: 0.5
# start_time = Aug 31 2005 09:45:22 [Instrument's time stamp, header]
# bad_flag = -9.990e-29
*END*
[from data line 161]
 243.407436      1.429  38.208177    12.6345    7.41745      1.417    32.6980    24.6813 -9.990e-29
 243.407442      1.447  38.225292    12.6387    7.43986      1.435    32.7107    24.6902 -9.990e-29
 243.407448      1.463  38.236727    12.6408    7.46050      1.451    32.7197    24.6969 -9.990e-29
 243.407454      1.468  38.239766    12.6403    7.45361      1.456    32.7231    24.6995 -9.990e-29
 243.407459      1.468  38.237885    12.6365    7.43387      1.456    32.7246    24.7014 -9.990e-29
 243.407465      1.466  38.225194    12.6316    7.41713      1.454    32.7167    24.6963 -9.990e-29
 243.407471      1.468  38.208869    12.6300    7.41277      1.456    32.7026    24.6856 -9.990e-29
 243.407477      1.480  38.208624    12.6332    7.44320      1.468    32.6995    24.6827 -9.990e-29
 243.407483      1.506  38.233648    12.6373    7.44859      1.493    32.7198    24.6976 -9.990e-29
 243.407488      1.532  38.263453    12.6392    7.42652      1.519    32.7466    24.7180 -9.990e-29
 243.407494      1.544  38.270464    12.6390    7.42427      1.531    32.7534    24.7233 -9.990e-29
 243.407500      1.534  38.253919    12.6360    7.41660      1.521    32.7403    24.7137 -9.990e-29
 243.407506      1.514  38.229875    12.6319    7.42524      1.501    32.7209    24.6995 -9.990e-29
 243.407512      1.505  38.213365    12.6299    7.44581      1.492    32.7069    24.6890 -9.990e-29
 243.407517      1.513  38.209279    12.6305    7.44797      1.500    32.7025    24.6855 -9.990e-29
 243.407523      1.536  38.214955    12.6334    7.46628      1.523    32.7054    24.6872 -9.990e-29
 243.407529      1.562  38.227287    12.6383    7.45828      1.549    32.7129    24.6920 -9.990e-29
 243.407535      1.589  38.241951    12.6442    7.43958      1.576    32.7217    24.6977 -9.990e-29
 243.407541      1.622  38.256049    12.6478    7.44553      1.608    32.7320    24.7050 -9.990e-29
 243.407546      1.654  38.260884    12.6468    7.44086      1.640    32.7375    24.7094 -9.990e-29
 243.407552      1.677  38.252793    12.6425    7.43974      1.663    32.7335    24.7072 -9.990e-29
 243.407558      1.685  38.238354    12.6363    7.42640      1.671    32.7251    24.7019 -9.990e-29
 243.407564      1.685  38.219608    12.6305    7.40823      1.671    32.7123    24.6931 -9.990e-29
 243.407569      1.685  38.204067    12.6276    7.40468      1.671    32.7000    24.6841 -9.990e-29
 243.407575      1.692  38.200716    12.6270    7.40897      1.678    32.6973    24.6822 -9.990e-29
 243.407581      1.709  38.209555    12.6268    7.43495      1.695    32.7059    24.6889 -9.990e-29
 243.407587      1.727  38.226649    12.6263    7.44992      1.713    32.7226    24.7019 -9.990e-29
 243.407593      1.743  38.237761    12.6265    7.45210      1.728    32.7330    24.7099 -9.990e-29
 243.407598      1.758  38.229088    12.6276    7.45977      1.743    32.7238    24.7026 -9.990e-29
 243.407604      1.773  38.212604    12.6307    7.47185      1.758    32.7054    24.6877 -9.990e-29
 243.407610      1.790  38.210054    12.6375    7.47861      1.775    32.6970    24.6799 -9.990e-29
 243.407616      1.808  38.229237    12.6461    7.49030      1.793    32.7078    24.6866 -9.990e-29
 243.407622      1.826  38.260384    12.6523    7.49373      1.811    32.7321    24.7043 -9.990e-29
 243.407627      1.835  38.282759    12.6545    7.49862      1.820    32.7515    24.7189 -9.990e-29
 243.407633      1.832  38.285242    12.6538    7.48606      1.817    32.7545    24.7213 -9.990e-29
 243.407639      1.821  38.275052    12.6515    7.47339      1.806    32.7468    24.7158 -9.990e-29
 243.407645      1.809  38.264383    12.6484    7.44989      1.794    32.7393    24.7106 -9.990e-29
 243.407650      1.806  38.255817    12.6463    7.44144      1.791    32.7330    24.7061 -9.990e-29
 243.407656      1.814  38.252496    12.6463    7.45469      1.799    32.7298    24.7036 -9.990e-29
 243.407662      1.830  38.257265    12.6471    7.46955      1.815    32.7337    24.7065 -9.990e-29
 243.407668      1.846  38.261885    12.6468    7.47418      1.831    32.7383    24.7101 -9.990e-29
 243.407674      1.855  38.259599    12.6442    7.46352      1.840    32.7384    24.7107 -9.990e-29
 243.407679      1.858  38.249025    12.6405    7.44906      1.842    32.7315    24.7061 -9.990e-29
 243.407685      1.863  38.234554    12.6393    7.46855      1.847    32.7188    24.6964 -9.990e-29
 243.407691      1.875  38.228838    12.6427    7.49132      1.859    32.7104    24.6893 -9.990e-29
 243.407697      1.894  38.237699    12.6485    7.48909      1.878    32.7138    24.6908 -9.990e-29
 243.407703      1.918  38.253305    12.6526    7.47510      1.902    32.7251    24.6988 -9.990e-29
 243.407708      1.939  38.264483    12.6525    7.45938      1.923    32.7358    24.7071 -9.990e-29
 243.407714      1.955  38.263688    12.6488    7.43560      1.939    32.7383    24.7097 -9.990e-29
 243.407720      1.967  38.251525    12.6437    7.41715      1.951    32.7311    24.7051 -9.990e-29
 243.407726      1.975  38.236997    12.6388    7.40518      1.959    32.7215    24.6986 -9.990e-29
 243.407731      1.979  38.225388    12.6342    7.39640      1.962    32.7144    24.6941 -9.990e-29
 243.407737      1.981  38.212419    12.6276    7.39629      1.964    32.7078    24.6902 -9.990e-29
 243.407743      1.984  38.188070    12.6202    7.40417      1.967    32.6910    24.6786 -9.990e-29
 243.407749      1.993  38.160798    12.6180    7.41684      1.976    32.6669    24.6604 -9.990e-29
 243.407755      2.009  38.157590    12.6219    7.42735      1.992    32.6605    24.6546 -9.990e-29
 243.407760      2.032  38.176955    12.6285    7.43857      2.015    32.6732    24.6632 -9.990e-29
 243.407766      2.060  38.200953    12.6348    7.44198      2.043    32.6906    24.6755 -9.990e-29
 243.407772      2.090  38.220627    12.6371    7.45162      2.073    32.7073    24.6880 -9.990e-29
 243.407778      2.120  38.226303    12.6336    7.43438      2.102    32.7158    24.6952 -9.990e-29
 243.407784      2.143  38.213756    12.6258    7.41654      2.125    32.7106    24.6927 -9.990e-29
 243.407789      2.157  38.188672    12.6178    7.40242      2.139    32.6936    24.6811 -9.990e-29
 243.407795      2.166  38.165253    12.6149    7.40133      2.148    32.6738    24.6663 -9.990e-29
 243.407801      2.176  38.161045    12.6197    7.42219      2.158    32.6656    24.6590 -9.990e-29
 243.407807      2.182  38.182198    12.6266    7.43423      2.164    32.6798    24.6687 -9.990e-29
 243.407813      2.181  38.206424    12.6277    7.42483      2.163    32.7019    24.6856 -9.990e-29
 243.407818      2.173  38.205441    12.6234    7.40566      2.155    32.7047    24.6886 -9.990e-29
 243.407824      2.162  38.184653    12.6189    7.40051      2.144    32.6888    24.6772 -9.990e-29
 243.407830      2.155  38.165117    12.6183    7.41624      2.137    32.6707    24.6633 -9.990e-29
 243.407836      2.157  38.162266    12.6227    7.44742      2.139    32.6642    24.6573 -9.990e-29
 243.407841      2.167  38.180134    12.6281    7.45351      2.149    32.6765    24.6659 -9.990e-29
 243.407847      2.181  38.198784    12.6295    7.44623      2.163    32.6931    24.6784 -9.990e-29
 243.407853      2.193  38.201006    12.6268    7.41329      2.175    32.6975    24.6824 -9.990e-29
 243.407859      2.198  38.189747    12.6239    7.40443      2.180    32.6893    24.6766 -9.990e-29
 243.407865      2.201  38.178016    12.6241    7.41344      2.183    32.6780    24.6678 -9.990e-29
 243.407870      2.207  38.183243    12.6264    7.41606      2.189    32.6810    24.6696 -9.990e-29
 243.407876      2.212  38.200603    12.6261    7.41226      2.194    32.6978    24.6827 -9.990e-29
 243.407882      2.212  38.202752    12.6209    7.40341      2.194    32.7043    24.6888 -9.990e-29
 243.407888      2.206  38.177958    12.6132    7.38750      2.188    32.6874    24.6771 -9.990e-29
 243.407894      2.199  38.144740    12.6094    7.38476      2.181    32.6590    24.6559 -9.990e-29
 243.407899      2.199  38.135058    12.6131    7.41021      2.181    32.6466    24.6455 -9.990e-29
 243.407905      2.214  38.160100    12.6200    7.43308      2.196    32.6644    24.6581 -9.990e-29
 243.407911      2.246  38.199961    12.6236    7.43468      2.227    32.6993    24.6844 -9.990e-29
 243.407917      2.279  38.222530    12.6234    7.40829      2.260    32.7210    24.7012 -9.990e-29
 243.407922      2.298  38.210790    12.6198    7.38380      2.279    32.7129    24.6957 -9.990e-29
 243.407928      2.304  38.178819    12.6143    7.38755      2.285    32.6872    24.6768 -9.990e-29
 243.407934      2.307  38.151277    12.6118    7.41450      2.288    32.6631    24.6586 -9.990e-29
 243.407940      2.315  38.144691    12.6148    7.44486      2.296    32.6542    24.6512 -9.990e-29
 243.407946      2.329  38.163721    12.6198    7.45253      2.310    32.6680    24.6609 -9.990e-29
 243.407951      2.336  38.189994    12.6227    7.43994      2.316    32.6905    24.6778 -9.990e-29
 243.407957      2.333  38.201336    12.6243    7.43530      2.314    32.7000    24.6848 -9.990e-29
 243.407963      2.329  38.202774    12.6264    7.44548      2.310    32.6995    24.6840 -9.990e-29
 243.407969      2.331  38.205755    12.6284    7.45215      2.312    32.7006    24.6845 -9.990e-29
 243.407975      2.339  38.210327    12.6296    7.45621      2.319    32.7039    24.6868 -9.990e-29
 243.407980      2.346  38.214170    12.6298    7.45594      2.326    32.7074    24.6895 -9.990e-29
 243.407986      2.353  38.213993    12.6291    7.45583      2.333    32.7079    24.6900 -9.990e-29
 243.407992      2.363  38.206753    12.6285    7.47928      2.343    32.7015    24.6851 -9.990e-29
 243.407998      2.377  38.199619    12.6313    7.50769      2.357    32.6922    24.6774 -9.990e-29
 243.408003      2.397  38.209993    12.6383    7.51112      2.377    32.6960    24.6790 -9.990e-29
 243.408009      2.423  38.239927    12.6448    7.50320      2.403    32.7189    24.6955 -9.990e-29
 243.408015      2.448  38.266519    12.6470    7.49921      2.428    32.7423    24.7132 -9.990e-29
 243.408021      2.462  38.271385    12.6464    7.48776      2.441    32.7475    24.7173 -9.990e-29
 243.408027      2.466  38.262695    12.6453    7.49363      2.445    32.7402    24.7118 -9.990e-29
 243.408032      2.463  38.255216    12.6443    7.48278      2.442    32.7339    24.7072 -9.990e-29
 243.408038      2.455  38.249630    12.6428    7.46947      2.434    32.7299    24.7044 -9.990e-29
 243.408044      2.443  38.242969    12.6406    7.46067      2.423    32.7254    24.7014 -9.990e-29
 243.408050      2.437  38.235324    12.6392    7.46306      2.417    32.7194    24.6969 -9.990e-29
 243.408056      2.440  38.230518    12.6401    7.47163      2.420    32.7140    24.6926 -9.990e-29
 243.408061      2.452  38.233356    12.6417    7.47176      2.432    32.7153    24.6933 -9.990e-29
 243.408067      2.471  38.238645    12.6421    7.46476      2.450    32.7200    24.6969 -9.990e-29
 243.408073      2.487  38.239413    12.6412    7.46217      2.466    32.7215    24.6982 -9.990e-29
 243.408079      2.499  38.236681    12.6396    7.46094      2.478    32.7203    24.6976 -9.990e-29
 243.408084      2.507  38.232412    12.6385    7.47724      2.486    32.7172    24.6954 -9.990e-29
 243.408090      2.511  38.227639    12.6384    7.49249      2.490    32.7127    24.6919 -9.990e-29
 243.408096      2.516  38.226089    12.6395    7.51039      2.495    32.7103    24.6898 -9.990e-29
 243.408102      2.527  38.229057    12.6410    7.50869      2.506    32.7118    24.6907 -9.990e-29
 243.408108      2.540  38.232647    12.6428    7.50704      2.519    32.7137    24.6918 -9.990e-29
 243.408113      2.552  38.237156    12.6465    7.50976      2.531    32.7147    24.6919 -9.990e-29
 243.408119      2.563  38.249715    12.6516    7.50225      2.542    32.7223    24.6968 -9.990e-29
 243.408125      2.570  38.268558    12.6542    7.49285      2.549    32.7380    24.7084 -9.990e-29
 243.408131      2.569  38.278427    12.6521    7.47949      2.548    32.7492    24.7175 -9.990e-29
 243.408137      2.560  38.269485    12.6465    7.45950      2.539    32.7455    24.7158 -9.990e-29
 243.408142      2.546  38.248315    12.6397    7.44486      2.525    32.7313    24.7061 -9.990e-29
 243.408148      2.535  38.227627    12.6339    7.42340      2.514    32.7166    24.6958 -9.990e-29
 243.408154      2.527  38.211239    12.6318    7.43095      2.506    32.7028    24.6855 -9.990e-29
 243.408160      2.522  38.203654    12.6337    7.45685      2.501    32.6939    24.6783 -9.990e-29
 243.408166      2.522  38.208772    12.6364    7.48641      2.501    32.6965    24.6797 -9.990e-29
 243.408171      2.523  38.216031    12.6378    7.49427      2.502    32.7022    24.6839 -9.990e-29
 243.408177      2.523  38.218842    12.6382    7.47879      2.502    32.7045    24.6856 -9.990e-29
 243.408183      2.524  38.218145    12.6383    7.46321      2.503    32.7038    24.6850 -9.990e-29
 243.408189      2.531  38.216373    12.6403    7.47164      2.510    32.7003    24.6820 -9.990e-29
 243.408194      2.540  38.223499    12.6458    7.50049      2.519    32.7023    24.6825 -9.990e-29
 243.408200      2.548  38.243413    12.6513    7.49548      2.527    32.7165    24.6924 -9.990e-29
 243.408206      2.551  38.261164    12.6509    7.47746      2.530    32.7338    24.7058 -9.990e-29
 243.408212      2.544  38.256673    12.6433    7.46014      2.523    32.7361    24.7091 -9.990e-29
 243.408218      2.533  38.228438    12.6347    7.46180      2.512    32.7167    24.6957 -9.990e-29
 243.408223      2.523  38.201058    12.6339    7.48510      2.502    32.6913    24.6762 -9.990e-29
 243.408229      2.524  38.201957    12.6418    7.49081      2.503    32.6853    24.6700 -9.990e-29
 243.408235      2.535  38.228962    12.6494    7.48557      2.514    32.7044    24.6834 -9.990e-29
 243.408241      2.549  38.251899    12.6495    7.48343      2.528    32.7262    24.7002 -9.990e-29
 243.408247      2.558  38.249755    12.6449    7.47915      2.537    32.7281    24.7026 -9.990e-29
 243.408252      2.562  38.233130    12.6418    7.48775      2.541    32.7150    24.6930 -9.990e-29
 243.408258      2.570  38.223034    12.6425    7.50862      2.549    32.7047    24.6850 -9.990e-29
 243.408264      2.583  38.226753    12.6464    7.51585      2.561    32.7049    24.6843 -9.990e-29
 243.408270      2.597  38.240270    12.6513    7.50841      2.575    32.7135    24.6901 -9.990e-29
 243.408275      2.614  38.255247    12.6546    7.49890      2.592    32.7249    24.6982 -9.990e-29
 243.408281      2.629  38.264170    12.6543    7.49661      2.607    32.7337    24.7051 -9.990e-29
 243.408287      2.636  38.263230    12.6509    7.50083      2.614    32.7357    24.7073 -9.990e-29
 243.408293      2.635  38.253977    12.6471    7.49539      2.613    32.7302    24.7038 -9.990e-29
 243.408299      2.631  38.243697    12.6432    7.47977      2.609    32.7238    24.6996 -9.990e-29
 243.408304      2.621  38.234383    12.6390    7.46216      2.599    32.7186    24.6964 -9.990e-29
 243.408310      2.616  38.223707    12.6371    7.46568      2.594    32.7101    24.6901 -9.990e-29
 243.408316      2.623  38.215938    12.6400    7.48013      2.601    32.7001    24.6819 -9.990e-29
 243.408322      2.637  38.220903    12.6455    7.49265      2.615    32.7001    24.6808 -9.990e-29
 243.408328      2.652  38.236804    12.6476    7.46949      2.630    32.7134    24.6907 -9.990e-29
 243.408333      2.661  38.243901    12.6435    7.44436      2.639    32.7237    24.6995 -9.990e-29
 243.408339      2.662  38.228662    12.6356    7.42625      2.640    32.7161    24.6951 -9.990e-29
 243.408345      2.666  38.198805    12.6294    7.43699      2.644    32.6930    24.6784 -9.990e-29
 243.408351      2.680  38.178452    12.6288    7.45631      2.658    32.6741    24.6639 -9.990e-29
