data/oxygen options/OCNMS/OCNMS2/raw_data/2005/CTD_TH30_052405faed.cnv
* Sea-Bird SBE19 Data File:
* FileName = C:\Documents and Settings\kirner.PTANGELES\Desktop\hypoxia CTD data\TH35_052405.hex
* Software Version 1.1.5
* Temperature SN = 2997
* Conductivity SN = 2997
* System UpLoad Time = May 24 2005 18:28:48
* SEACAT PROFILER V3.1c SN 2997   05/24/05  18:27:43.407
* strain gauge pressure sensor: S/N = 184829,  range = 3000 psia,  tc = 40
# nquan = 9                                 
# nvalues = 988                         
# units = specified
# name 0 = timeJ: Julian Days
# name 1 = prSM: Pressure, Strain Gauge [db]
# name 2 = c0mS/cm: Conductivity [mS/cm]
# name 3 = t090C: Temperature [ITS-90, deg C]
# name 4 = oxML/L: Oxygen, Beckman/YSI [ml/l]
# name 5 = depSM: Depth [salt water, m], lat = 47.5
# name 6 = sal00: Salinity, Practical [PSU]
# name 7 = sigma-é00: Density [sigma-theta, kg/m^3]
# name 8 = flag: flag
# span 0 = 144.743148, 144.748860       
# span 1 =     -3.334,     30.753       
# span 2 =   0.211442,  35.927175       
# span 3 =    11.5027,    13.5853       
# span 4 =  -12.60396,   27.68869       
# span 5 =     -3.306,     30.494       
# span 6 =     0.1318,    31.4560       
# span 7 =    -0.5213,    23.9290       
# span 8 = 0.0000e+00, 0.0000e+00       
# interval = seconds: 0.5
# start_time = May 24 2005 17:50:08 [Instrument's time stamp, header]
# bad_flag = -9.990e-29
*END*
[from data line 641]
 144.746858      7.922  34.616467    13.3700    5.87984      7.856    28.7359    21.4754 0.0000e+00
 144.746863      8.351  34.737854    13.3822    5.91631      8.281    28.8383    21.5521 0.0000e+00
 144.746869      8.790  34.832510    13.3960    5.93966      8.716    28.9148    21.6086 0.0000e+00
 144.746875      9.232  34.931902    13.4263    5.97331      9.155    28.9831    21.6555 0.0000e+00
 144.746881      9.666  35.050825    13.4514    5.99312      9.585    29.0733    21.7202 0.0000e+00
 144.746887     10.083  35.153308    13.4511    6.01623      9.999    29.1677    21.7932 0.0000e+00
 144.746892     10.479  35.212862    13.4336    6.03868     10.391    29.2358    21.8491 0.0000e+00
 144.746898     10.844  35.240495    13.4156    6.03614     10.753    29.2749    21.8828 0.0000e+00
 144.746904     11.159  35.251179    13.4070    6.02637     11.066    29.2912    21.8971 0.0000e+00
 144.746910     11.411  35.248494    13.4069    6.01176     11.315    29.2887    21.8952 0.0000e+00
 144.746916     11.598  35.218196    13.4080    5.99244     11.501    29.2599    21.8727 0.0000e+00
 144.746921     11.736  35.187151    13.4053    5.97800     11.638    29.2333    21.8527 -9.990e-29
 144.746927     11.851  35.200292    13.3995    5.98209     11.752    29.2498    21.8666 -9.990e-29
 144.746933     11.960  35.232532    13.3924    5.99437     11.860    29.2849    21.8951 -9.990e-29
 144.746939     12.063  35.261261    13.3854    6.00708     11.962    29.3168    21.9211 -9.990e-29
 144.746944     12.156  35.293381    13.3812    5.99966     12.054    29.3496    21.9472 -9.990e-29
 144.746950     12.232  35.313406    13.3802    5.98627     12.130    29.3688    21.9623 -9.990e-29
 144.746956     12.290  35.316073    13.3801    5.96779     12.187    29.3713    21.9642 -9.990e-29
 144.746962     12.335  35.315583    13.3795    5.99478     12.232    29.3713    21.9643 -9.990e-29
 144.746968     12.374  35.319123    13.3782    6.00696     12.270    29.3756    21.9679 -9.990e-29
 144.746973     12.413  35.328044    13.3764    5.99099     12.309    29.3852    21.9756 -9.990e-29
 144.746979     12.451  35.337977    13.3758    5.97666     12.347    29.3948    21.9832 -9.990e-29
 144.746985     12.486  35.340857    13.3764    5.96230     12.381    29.3970    21.9847 -9.990e-29
 144.746991     12.521  35.337712    13.3760    5.97310     12.416    29.3944    21.9828 -9.990e-29
 144.746997     12.556  35.336676    13.3726    6.00744     12.451    29.3960    21.9847 -9.990e-29
 144.747002     12.591  35.342529    13.3670    6.00351     12.486    29.4057    21.9933 -9.990e-29
 144.747008     12.614  35.350173    13.3645    5.99373     12.508    29.4147    22.0007 -9.990e-29
 144.747014     12.619  35.351855    13.3680    5.98019     12.513    29.4135    21.9992 -9.990e-29
 144.747020     12.615  35.346445    13.3730    5.96783     12.509    29.4047    21.9914 -9.990e-29
 144.747025     12.618  35.339055    13.3755    5.99352     12.512    29.3960    21.9841 -9.990e-29
 144.747031     12.637  35.336648    13.3756    5.99723     12.531    29.3936    21.9823 -9.990e-29
 144.747037     12.664  35.340494    13.3747    5.99842     12.558    29.3979    21.9858 -9.990e-29
 144.747043     12.689  35.346185    13.3741    5.98486     12.583    29.4036    21.9903 -9.990e-29
 144.747049     12.705  35.349528    13.3742    5.97628     12.599    29.4066    21.9926 -9.990e-29
 144.747054     12.708  35.349366    13.3745    5.98144     12.602    29.4062    21.9923 -9.990e-29
 144.747060     12.707  35.347720    13.3742    5.99994     12.601    29.4049    21.9913 -9.990e-29
 144.747066     12.711  35.349118    13.3729    6.00680     12.605    29.4072    21.9933 -9.990e-29
 144.747072     12.712  35.353736    13.3718    5.99445     12.606    29.4123    21.9975 -9.990e-29
 144.747078     12.700  35.355389    13.3720    5.96601     12.594    29.4137    21.9985 -9.990e-29
 144.747083     12.684  35.351790    13.3725    5.95775     12.578    29.4100    21.9956 -9.990e-29
 144.747089     12.679  35.347104    13.3713    5.96824     12.573    29.4066    21.9932 -9.990e-29
 144.747095     12.694  35.346290    13.3666    5.98449     12.588    29.4095    21.9963 -9.990e-29
 144.747101     12.722  35.349939    13.3578    5.99406     12.615    29.4196    22.0058 -9.990e-29
 144.747106     12.747  35.353377    13.3513    5.98609     12.640    29.4278    22.0134 -9.990e-29
 144.747112     12.758  35.354454    13.3541    5.98828     12.651    29.4266    22.0120 -9.990e-29
 144.747118     12.750  35.354595    13.3616    5.99099     12.643    29.4210    22.0061 -9.990e-29
 144.747124     12.729  35.352860    13.3667    5.99414     12.622    29.4154    22.0009 -9.990e-29
 144.747130     12.706  35.351977    13.3690    5.99047     12.600    29.4129    21.9985 -9.990e-29
 144.747135     12.691  35.355811    13.3703    5.98492     12.585    29.4154    22.0002 -9.990e-29
 144.747141     12.688  35.361060    13.3716    5.98633     12.582    29.4192    22.0029 -9.990e-29
 144.747147     12.698  35.364065    13.3730    5.99013     12.592    29.4209    22.0039 -9.990e-29
 144.747153     12.720  35.365462    13.3730    6.00029     12.613    29.4222    22.0049 -9.990e-29
 144.747159     12.747  35.366548    13.3712    5.99312     12.640    29.4246    22.0071 -9.990e-29
 144.747164     12.769  35.366522    13.3705    6.02404     12.662    29.4251    22.0076 -9.990e-29
 144.747170     12.782  35.364219    13.3723    6.01591     12.675    29.4216    22.0046 -9.990e-29
 144.747176     12.792  35.358243    13.3745    6.00619     12.685    29.4144    21.9986 -9.990e-29
 144.747182     12.816  35.348469    13.3752    6.00892     12.709    29.4048    21.9910 -9.990e-29
 144.747188     12.873  35.339241    13.3749    5.99780     12.765    29.3965    21.9847 -9.990e-29
 144.747193     12.971  35.336749    13.3735    5.98829     12.862    29.3952    21.9840 -9.990e-29
 144.747199     13.112  35.342150    13.3684    5.96513     13.002    29.4041    21.9918 0.0000e+00
 144.747205     13.291  35.348625    13.3543    5.93245     13.180    29.4209    22.0075 0.0000e+00
 144.747211     13.499  35.348539    13.3316    5.88356     13.386    29.4382    22.0253 0.0000e+00
 144.747216     13.728  35.342331    13.3020    5.86376     13.613    29.4553    22.0442 0.0000e+00
 144.747222     13.984  35.332366    13.2612    5.83164     13.867    29.4775    22.0693 0.0000e+00
 144.747228     14.278  35.317120    13.2071    5.80601     14.158    29.5052    22.1011 0.0000e+00
 144.747234     14.617  35.295876    13.1455    5.79825     14.494    29.5332    22.1345 0.0000e+00
 144.747240     15.001  35.279537    13.0919    5.78967     14.875    29.5595    22.1651 0.0000e+00
 144.747245     15.425  35.286106    13.0529    5.80457     15.296    29.5959    22.2007 0.0000e+00
 144.747251     15.881  35.319278    13.0229    5.80531     15.748    29.6500    22.2483 0.0000e+00
 144.747257     16.363  35.368323    12.9996    5.79681     16.226    29.7137    22.3020 0.0000e+00
 144.747263     16.865  35.415086    12.9775    5.78901     16.724    29.7745    22.3532 0.0000e+00
 144.747269     17.376  35.452387    12.9484    5.76225     17.230    29.8320    22.4032 0.0000e+00
 144.747274     17.889  35.482856    12.9115    5.73865     17.739    29.8894    22.4546 0.0000e+00
 144.747280     18.403  35.498889    12.8776    5.73157     18.249    29.9310    22.4932 0.0000e+00
 144.747286     18.916  35.499426    12.8570    5.72837     18.757    29.9476    22.5100 0.0000e+00
 144.747292     19.428  35.496380    12.8476    5.71991     19.265    29.9520    22.5152 0.0000e+00
 144.747297     19.932  35.495205    12.8429    5.71494     19.765    29.9544    22.5180 0.0000e+00
 144.747303     20.422  35.494325    12.8401    5.72462     20.251    29.9556    22.5194 0.0000e+00
 144.747309     20.894  35.493115    12.8388    5.74983     20.719    29.9553    22.5195 0.0000e+00
 144.747315     21.341  35.492757    12.8390    5.76798     21.162    29.9547    22.5189 0.0000e+00
 144.747321     21.753  35.496128    12.8397    5.78530     21.570    29.9571    22.5207 0.0000e+00
 144.747326     22.121  35.502665    12.8399    5.78682     21.935    29.9629    22.5252 0.0000e+00
 144.747332     22.434  35.507623    12.8399    5.77592     22.246    29.9675    22.5287 0.0000e+00
 144.747338     22.692  35.509193    12.8401    5.78167     22.501    29.9687    22.5296 0.0000e+00
 144.747344     22.902  35.508902    12.8402    5.80891     22.710    29.9682    22.5293 0.0000e+00
 144.747350     23.060  35.508037    12.8404    5.79807     22.866    29.9672    22.5284 -9.990e-29
 144.747355     23.160  35.507679    12.8410    5.78721     22.965    29.9664    22.5277 -9.990e-29
 144.747361     23.208  35.507903    12.8414    5.76449     23.013    29.9662    22.5275 -9.990e-29
 144.747367     23.223  35.507879    12.8413    5.76680     23.028    29.9663    22.5275 -9.990e-29
 144.747373     23.233  35.507568    12.8410    5.79438     23.038    29.9662    22.5276 -9.990e-29
 144.747378     23.250  35.507111    12.8404    5.80082     23.055    29.9663    22.5277 -9.990e-29
 144.747384     23.268  35.506453    12.8395    5.79102     23.073    29.9664    22.5279 -9.990e-29
 144.747390     23.275  35.505831    12.8393    5.76954     23.079    29.9659    22.5276 -9.990e-29
 144.747396     23.266  35.505529    12.8399    5.78154     23.071    29.9652    22.5270 -9.990e-29
 144.747402     23.255  35.505696    12.8402    5.79013     23.060    29.9651    22.5268 -9.990e-29
 144.747407     23.257  35.505428    12.8397    5.78775     23.062    29.9653    22.5270 -9.990e-29
 144.747413     23.268  35.504364    12.8394    5.78092     23.073    29.9645    22.5265 -9.990e-29
 144.747419     23.281  35.503880    12.8398    5.75752     23.085    29.9637    22.5258 -9.990e-29
 144.747425     23.296  35.504445    12.8399    5.77851     23.100    29.9642    22.5262 -9.990e-29
 144.747431     23.314  35.504563    12.8389    5.80026     23.118    29.9651    22.5270 -9.990e-29
 144.747436     23.333  35.503263    12.8376    5.79427     23.137    29.9649    22.5271 -9.990e-29
 144.747442     23.345  35.501607    12.8370    5.78808     23.149    29.9638    22.5264 -9.990e-29
 144.747448     23.346  35.500746    12.8368    5.75946     23.150    29.9631    22.5260 -9.990e-29
 144.747454     23.336  35.500645    12.8367    5.77058     23.140    29.9631    22.5260 -9.990e-29
 144.747459     23.319  35.500600    12.8365    5.79387     23.123    29.9632    22.5261 -9.990e-29
 144.747465     23.303  35.499986    12.8362    5.79066     23.107    29.9629    22.5259 -9.990e-29
 144.747471     23.291  35.499099    12.8362    5.77529     23.095    29.9621    22.5253 -9.990e-29
 144.747477     23.281  35.498992    12.8360    5.75005     23.085    29.9621    22.5253 -9.990e-29
 144.747483     23.279  35.499514    12.8346    5.74617     23.083    29.9637    22.5268 -9.990e-29
 144.747488     23.291  35.499114    12.8312    5.76613     23.095    29.9661    22.5293 -9.990e-29
 144.747494     23.314  35.498372    12.8269    5.76728     23.118    29.9688    22.5322 -9.990e-29
 144.747500     23.325  35.500776    12.8243    5.77053     23.129    29.9731    22.5360 -9.990e-29
 144.747506     23.298  35.504478    12.8250    5.76217     23.102    29.9760    22.5381 -9.990e-29
 144.747512     23.237  35.503191    12.8273    5.75799     23.042    29.9730    22.5354 -9.990e-29
 144.747517     23.167  35.498555    12.8293    5.76316     22.972    29.9671    22.5304 -9.990e-29
 144.747523     23.108  35.495597    12.8302    5.77695     22.914    29.9636    22.5276 -9.990e-29
 144.747529     23.067  35.494293    12.8306    5.78632     22.873    29.9621    22.5263 -9.990e-29
 144.747535     23.035  35.493461    12.8311    5.78751     22.841    29.9609    22.5253 -9.990e-29
 144.747541     23.007  35.493103    12.8317    5.77539     22.814    29.9601    22.5246 -9.990e-29
 144.747546     22.986  35.493298    12.8329    5.77791     22.793    29.9594    22.5238 -9.990e-29
 144.747552     22.978  35.494298    12.8350    5.77245     22.785    29.9587    22.5228 -9.990e-29
 144.747558     22.987  35.496310    12.8374    5.78570     22.794    29.9586    22.5224 -9.990e-29
 144.747564     23.010  35.498645    12.8394    5.80797     22.817    29.9592    22.5224 -9.990e-29
 144.747569     23.039  35.500487    12.8405    5.80803     22.845    29.9601    22.5229 -9.990e-29
 144.747575     23.068  35.501480    12.8406    5.79309     22.874    29.9609    22.5235 -9.990e-29
 144.747581     23.094  35.501260    12.8400    5.77467     22.900    29.9612    22.5238 -9.990e-29
 144.747587     23.128  35.500089    12.8392    5.77527     22.934    29.9607    22.5236 -9.990e-29
 144.747593     23.188  35.499200    12.8386    5.78362     22.993    29.9603    22.5234 -9.990e-29
 144.747598     23.284  35.499086    12.8379    5.78316     23.088    29.9607    22.5239 -9.990e-29
 144.747604     23.407  35.499027    12.8364    5.76893     23.210    29.9618    22.5250 -9.990e-29
 144.747610     23.558  35.498376    12.8343    5.75792     23.360    29.9628    22.5262 0.0000e+00
 144.747616     23.745  35.497377    12.8323    5.73124     23.545    29.9634    22.5270 0.0000e+00
 144.747622     23.977  35.497496    12.8296    5.73019     23.776    29.9656    22.5292 0.0000e+00
 144.747627     24.260  35.500564    12.8247    5.72687     24.056    29.9722    22.5353 0.0000e+00
 144.747633     24.595  35.509543    12.8164    5.73834     24.388    29.9871    22.5484 0.0000e+00
 144.747639     24.968  35.530230    12.8041    5.76670     24.758    30.0161    22.5731 0.0000e+00
 144.747645     25.370  35.567213    12.7895    5.77514     25.157    30.0622    22.6116 0.0000e+00
 144.747650     25.796  35.613164    12.7750    5.77579     25.579    30.1167    22.6565 0.0000e+00
 144.747656     26.240  35.654213    12.7606    5.70149     26.019    30.1666    22.6978 0.0000e+00
 144.747662     26.698  35.688455    12.7427    5.58517     26.473    30.2129    22.7371 0.0000e+00
 144.747668     27.167  35.720604    12.7080    5.42073     26.938    30.2707    22.7884 0.0000e+00
 144.747674     27.633  35.754830    12.6351    5.26502     27.401    30.3614    22.8723 0.0000e+00
 144.747679     28.088  35.795828    12.5039    5.10531     27.852    30.5059    23.0088 0.0000e+00
 144.747685     28.527  35.841060    12.3018    4.96733     28.287    30.7134    23.2072 0.0000e+00
 144.747691     28.943  35.882414    12.0496    4.88689     28.699    30.9605    23.4453 0.0000e+00
 144.747697     29.328  35.912764    11.8090    4.90827     29.081    31.1901    23.6673 0.0000e+00
 144.747703     29.673  35.927117    11.6367    4.99675     29.423    31.3488    23.8217 0.0000e+00
 144.747708     29.970  35.927175    11.5423    5.10126     29.718    31.4287    23.9007 0.0000e+00
 144.747714     30.217  35.920811    11.5027    5.15767     29.963    31.4560    23.9290 0.0000e+00
 144.747720     30.412  35.912958    11.5124    5.14892     30.156    31.4400    23.9149 0.0000e+00
 144.747726     30.554  35.904902    11.5962    5.14100     30.297    31.3611    23.8386 -9.990e-29
 144.747731     30.653  35.891494    11.7604    5.11814     30.395    31.2098    23.6914 -9.990e-29
 144.747737     30.720  35.864943    11.9059    5.12285     30.461    31.0624    23.5507 -9.990e-29
 144.747743     30.753  35.842556    11.8960    5.10267     30.494    31.0491    23.5422 -9.990e-29
 144.747749     30.752  35.849461    11.7599    5.05869     30.493    31.1695    23.6603 -9.990e-29
 144.747755     30.720  35.871908    11.6361    5.02552     30.461    31.2954    23.7804 -9.990e-29
 144.747760     30.660  35.884869    11.5795    5.00865     30.402    31.3558    23.8374 -9.990e-29
 144.747766     30.571  35.888760    11.5715    5.03459     30.314    31.3664    23.8471 -9.990e-29
 144.747772     30.458  35.889859    11.5843    5.09206     30.202    31.3566    23.8372 -9.990e-29
