data/oxygen options/OCNMS/OCNMS2/raw_data/2005/CTD_TH30a_083105faed.cnv
* Sea-Bird SBE19 Data File:
* FileName = C:\hypoxia CTD data\TH30a_083105.hex
* Software Version 1.1.5
* Temperature SN = 2997
* Conductivity SN = 2997
* System UpLoad Time = Aug 31 2005 15:52:14
** Teahwhit Head 083105 30m
* SEACAT PROFILER V3.1c SN 2997   08/31/05  15:48:14.473
# nquan = 9                                 
# nvalues = 632                         
# units = specified
# name 0 = timeJ: Julian Days
# name 1 = prSM: Pressure, Strain Gauge [db]
# name 2 = c0mS/cm: Conductivity [mS/cm]
# name 3 = t090C: Temperature [ITS-90, deg C]
# name 4 = oxML/L: Oxygen, Beckman/YSI [ml/l]
# name 5 = depSM: Depth [salt water, m], lat = 47.5
# name 6 = sal00: Salinity, Practical [PSU]
# name 7 = sigma-é00: Density [sigma-theta, kg/m^3]
# name 8 = flag: flag
# span 0 = 243.406505, 243.410156       
# span 1 =     -3.776,     31.533       
# span 2 =   0.470884,  38.724963       
# span 3 =     8.0598,    15.6816       
# span 4 =  -13.71057,   23.80360       
# span 5 =     -3.745,     31.267       
# span 6 =     0.2796,    33.5225       
# span 7 =    -0.7879,    26.0836       
# span 8 = 0.0000e+00, 0.0000e+00       
# interval = seconds: 0.5
# start_time = Aug 31 2005 09:45:22 [Instrument's time stamp, header]
# bad_flag = -9.990e-29
*END*
 243.406505     -3.776 -9.990e-29    15.6788   -0.11423     -3.745 -9.990e-29 -9.990e-29 -9.990e-29
 243.406510     -3.749   0.470884    15.6799   -0.11422     -3.718     0.2796    -0.7879 -9.990e-29
 243.406516     -3.722   0.471785    15.6812   -0.11434     -3.691     0.2801    -0.7877 -9.990e-29
 243.406522     -3.694   0.471900    15.6816   -0.11444     -3.663     0.2802    -0.7877 -9.990e-29
 243.406528     -3.666   0.471385    15.6797   -0.11452     -3.635     0.2799    -0.7876 -9.990e-29
 243.406534     -3.642   0.471399    15.6716   -0.11456     -3.612     0.2799    -0.7863 -9.990e-29
 243.406539     -3.619   0.471964    15.6546   -0.10725     -3.589     0.2804    -0.7832 -9.990e-29
 243.406545     -3.591   0.472352    15.6326   -0.10020     -3.561     0.2808    -0.7794 -9.990e-29
 243.406551     -3.554   0.471972    15.6115   -0.10109     -3.524     0.2807    -0.7762 -9.990e-29
 243.406557     -3.509   0.471610    15.5939   -0.10111     -3.480     0.2806    -0.7734 -9.990e-29
 243.406563     -3.457   0.475774    15.5745   -0.10120     -3.428     0.2833    -0.7683 -9.990e-29
 243.406568     -3.394   0.495006    15.5436   -0.10127     -3.366     0.2953    -0.7541 -9.990e-29
 243.406574     -3.322   0.556610    15.4962   -0.10110     -3.294     0.3336    -0.7170 -9.990e-29
 243.406580     -3.240   0.743836    15.4159   -0.10084     -3.213     0.4512    -0.6135 -9.990e-29
 243.406586     -3.138   1.301327    15.2304   -0.10087     -3.112     0.8120    -0.3059 -9.990e-29
 243.406591     -3.010   2.955217    14.7474   -0.10086     -2.985     1.9488     0.6450 -9.990e-29
 243.406597     -2.857   7.899048    13.9687   -0.10083     -2.833     5.6695     3.6269 -9.990e-29
 243.406603     -2.681  17.608637    13.2770   -0.10085     -2.659    13.7249     9.9287 -9.990e-29
 243.406609     -2.488  28.072001    12.8921   -0.10089     -2.467    23.0902    17.2066 -9.990e-29
 243.406615     -2.279  34.270478    12.7233   -0.10089     -2.260    28.9096    21.7318 -9.990e-29
 243.406620     -2.062  36.688897    12.6744   -0.10087     -2.045    31.2230    23.5311 -9.990e-29
 243.406626     -1.861  37.606968    12.6876   -0.10091     -1.845    32.0818    24.1936 -9.990e-29
 243.406632     -1.694  37.929717    12.7057   -0.10097     -1.680    32.3728    24.4155 -9.990e-29
 243.406638     -1.559  38.080771    12.6988   -0.10096     -1.546    32.5223    24.5326 -9.990e-29
 243.406644     -1.451  38.221197    12.6833   -0.10092     -1.439    32.6692    24.6495 -9.990e-29
 243.406649     -1.367  38.354314    12.6739   -0.10090     -1.356    32.8041    24.7558 -9.990e-29
 243.406655     -1.298  38.447890    12.6668   -0.10089     -1.287    32.8995    24.8310 -9.990e-29
 243.406661     -1.236  38.496606    12.6593   -0.10083     -1.226    32.9525    24.8735 -9.990e-29
 243.406667     -1.171  38.508800    12.6488   -0.10080     -1.161    32.9732    24.8917 -9.990e-29
 243.406672     -1.097  38.510856    12.6332   -0.10079     -1.088    32.9888    24.9068 -9.990e-29
 243.406678     -1.020  38.537511    12.6186   -0.10085     -1.011    33.0271    24.9392 -9.990e-29
 243.406684     -0.958  38.582830    12.6149   -0.10086     -0.950    33.0736    24.9760 -9.990e-29
 243.406690     -0.914  38.601825    12.6234   -0.10081     -0.906    33.0842    24.9826 -9.990e-29
 243.406696     -0.882  38.577783    12.6364   -0.10074     -0.875    33.0498    24.9534 -9.990e-29
 243.406701     -0.847  38.542054    12.6469   -0.10073     -0.840    33.0065    24.9178 -9.990e-29
 243.406707     -0.803  38.523309    12.6515   -0.10079     -0.796    32.9846    24.8999 -9.990e-29
 243.406713     -0.759  38.525750    12.6513   -0.10089     -0.753    32.9871    24.9019 -9.990e-29
 243.406719     -0.721  38.554907    12.6507   -0.10089     -0.715    33.0154    24.9240 -9.990e-29
 243.406725     -0.687  38.607061    12.6521   -0.10082     -0.681    33.0639    24.9613 -9.990e-29
 243.406730     -0.655  38.648586    12.6549   -0.10079     -0.650    33.1011    24.9896 -9.990e-29
 243.406736     -0.622  38.649065    12.6582   -0.10065     -0.617    33.0986    24.9870 -9.990e-29
 243.406742     -0.587  38.620387    12.6609   -0.10055     -0.582    33.0688    24.9634 -9.990e-29
 243.406748     -0.551  38.611275    12.6631   -0.10076     -0.546    33.0582    24.9548 -9.990e-29
 243.406753     -0.521  38.645506    12.6649   -0.10083     -0.517    33.0893    24.9785 -9.990e-29
 243.406759     -0.500  38.686865    12.6643   -0.10080     -0.496    33.1293    25.0096 -9.990e-29
 243.406765     -0.485  38.686769    12.6620   -0.10074     -0.481    33.1312    25.0115 -9.990e-29
 243.406771     -0.477  38.638951    12.6614   -0.10051     -0.473    33.0861    24.9767 -9.990e-29
 243.406777     -0.469  38.585126    12.6643   -0.10054     -0.465    33.0322    24.9344 -9.990e-29
 243.406782     -0.458  38.578065    12.6788   -0.10070     -0.454    33.0127    24.9165 -9.990e-29
 243.406788     -0.447  38.621844    12.7100   -0.10080     -0.443    33.0271    24.9216 -9.990e-29
 243.406794     -0.439  38.663814    12.7326   -0.10082     -0.435    33.0473    24.9328 -9.990e-29
 243.406800     -0.430  38.660136    12.7240   -0.10079     -0.426    33.0513    24.9376 -9.990e-29
 243.406806     -0.410  38.612117    12.7030   -0.10079     -0.407    33.0240    24.9205 -9.990e-29
 243.406811     -0.379  38.565692    12.6992   -0.10081     -0.376    32.9830    24.8895 -9.990e-29
 243.406817     -0.343  38.569476    12.7236   -0.10086     -0.340    32.9653    24.8710 -9.990e-29
 243.406823     -0.308  38.604420    12.7567   -0.10086     -0.305    32.9696    24.8679 -9.990e-29
 243.406829     -0.280  38.625724    12.7618   -0.10078     -0.278    32.9854    24.8792 -9.990e-29
 243.406834     -0.262  38.625374    12.7358   -0.10076     -0.260    33.0078    24.9016 -9.990e-29
 243.406840     -0.249  38.609113    12.7058   -0.10059     -0.247    33.0186    24.9158 -9.990e-29
 243.406846     -0.236  38.588941    12.6868   -0.10052     -0.234    33.0160    24.9175 -9.990e-29
 243.406852     -0.225  38.580049    12.6776   -0.10059     -0.223    33.0156    24.9189 -9.990e-29
 243.406858     -0.220  38.589113    12.6740   -0.10053     -0.218    33.0274    24.9288 -9.990e-29
 243.406863     -0.222  38.606932    12.6721   -0.10044     -0.220    33.0460    24.9436 -9.990e-29
 243.406869     -0.225  38.609061    12.6703   -0.10061     -0.223    33.0496    24.9467 -9.990e-29
 243.406875     -0.222  38.588272    12.6706   -0.10068     -0.220    33.0296    24.9311 -9.990e-29
 243.406881     -0.209  38.571281    12.6782   -0.10069     -0.207    33.0067    24.9119 -9.990e-29
 243.406887     -0.184  38.590423    12.7020   -0.10069     -0.182    33.0041    24.9053 -9.990e-29
 243.406892     -0.149  38.634236    12.7382   -0.10065     -0.148    33.0141    24.9060 -9.990e-29
 243.406898     -0.112  38.663580    12.7628   -0.10058     -0.111    33.0205    24.9062 -9.990e-29
 243.406904     -0.079  38.675551    12.7716   -0.10043     -0.078    33.0241    24.9073 -9.990e-29
 243.406910     -0.056  38.685026    12.7804   -0.10039     -0.056    33.0255    24.9066 -9.990e-29
 243.406916     -0.045  38.691212    12.7803   -0.10051     -0.045    33.0314    24.9112 -9.990e-29
 243.406921     -0.042  38.691731    12.7581   -0.10060     -0.042    33.0514    24.9310 -9.990e-29
 243.406927     -0.038  38.685625    12.7309   -0.10065     -0.038    33.0694    24.9503 -9.990e-29
 243.406933     -0.029  38.678807    12.7164   -0.10051     -0.029    33.0756    24.9579 -9.990e-29
 243.406939     -0.014  38.683523    12.7178   -0.10037     -0.014    33.0789    24.9602 -9.990e-29
 243.406944      0.009  38.695990    12.7353   -0.10044      0.009    33.0754    24.9541 -9.990e-29
 243.406950      0.040  38.704254    12.7665   -0.10061      0.040    33.0559    24.9329 -9.990e-29
 243.406956      0.077  38.707586    12.7982   -0.10067      0.076    33.0313    24.9076 -9.990e-29
 243.406962      0.113  38.709900    12.8071   -0.10069      0.112    33.0257    24.9016 -9.990e-29
 243.406968      0.148  38.712077    12.7880   -0.10067      0.147    33.0444    24.9198 -9.990e-29
 243.406973      0.183  38.713690    12.7638   -0.10063      0.181    33.0672    24.9421 -9.990e-29
 243.406979      0.221  38.717482    12.7611   -0.10060      0.219    33.0731    24.9473 -9.990e-29
 243.406985      0.254  38.722926    12.7839   -0.10053      0.252    33.0583    24.9314 -9.990e-29
 243.406991      0.274  38.724963    12.8037   -0.10038      0.272    33.0429    24.9156 -9.990e-29
 243.406997      0.280  38.724093    12.7924   -0.10051      0.278    33.0520    24.9248 -9.990e-29
 243.407002      0.282  38.721439    12.7594   -0.10065      0.280    33.0784    24.9517 -9.990e-29
 243.407008      0.288  38.713499    12.7309   -0.10069      0.286    33.0958    24.9707 -9.990e-29
 243.407014      0.304  38.705416    12.7192   -0.10067      0.301    33.0984    24.9750 -9.990e-29
 243.407020      0.325  38.706626    12.7230   10.85054      0.322    33.0962    24.9726 -9.990e-29
 243.407025      0.345  38.712035    12.7367   21.94753      0.342    33.0893    24.9646 -9.990e-29
 243.407031      0.361  38.714300    12.7569   23.80360      0.358    33.0737    24.9486 -9.990e-29
 243.407037      0.373  38.713670    12.7828   21.53653      0.370    33.0504    24.9255 -9.990e-29
 243.407043      0.383  38.711020    12.7977   14.85318      0.380    33.0349    24.9105 -9.990e-29
 243.407049      0.392  38.707897    12.7810   10.96555      0.389    33.0465    24.9228 -9.990e-29
 243.407054      0.403  38.704098    12.7478   11.04182      0.400    33.0720    24.9490 -9.990e-29
 243.407060      0.421  38.697961    12.7258   11.06230      0.417    33.0854    24.9637 -9.990e-29
 243.407066      0.445  38.686936    12.7193   11.12335      0.441    33.0806    24.9612 -9.990e-29
 243.407072      0.471  38.658025    12.7136   11.18289      0.467    33.0581    24.9449 -9.990e-29
 243.407078      0.500  38.572708    12.7000   11.24270      0.496    32.9887    24.8937 -9.990e-29
 243.407083      0.535  38.446809    12.6874   11.29493      0.531    32.8797    24.8118 -9.990e-29
 243.407089      0.574  38.364300    12.6809   11.34128      0.569    32.8068    24.7565 -9.990e-29
 243.407095      0.605  38.333528    12.6765   11.38714      0.600    32.7813    24.7376 -9.990e-29
 243.407101      0.623  38.312929    12.6720   11.42523      0.618    32.7656    24.7263 -9.990e-29
 243.407106      0.633  38.295818    12.6676   11.45559      0.628    32.7531    24.7175 -9.990e-29
 243.407112      0.640  38.285206    12.6641   10.24218      0.635    32.7460    24.7127 -9.990e-29
 243.407118      0.649  38.278188    12.6610    7.07458      0.644    32.7420    24.7102 -9.990e-29
 243.407124      0.664  38.271605    12.6581    5.19409      0.658    32.7383    24.7079 -9.990e-29
 243.407130      0.682  38.268488    12.6555    4.51667      0.676    32.7375    24.7078 -9.990e-29
 243.407135      0.701  38.270878    12.6538    5.14346      0.695    32.7413    24.7110 -9.990e-29
 243.407141      0.720  38.273577    12.6545    6.37525      0.714    32.7432    24.7124 -9.990e-29
 243.407147      0.742  38.274044    12.6565    6.84955      0.736    32.7419    24.7110 -9.990e-29
 243.407153      0.763  38.272371    12.6576    7.08966      0.757    32.7394    24.7088 -9.990e-29
 243.407159      0.781  38.266917    12.6569    7.21121      0.774    32.7348    24.7054 -9.990e-29
 243.407164      0.801  38.260534    12.6545    7.27535      0.794    32.7308    24.7028 -9.990e-29
 243.407170      0.829  38.255959    12.6533    7.32735      0.822    32.7274    24.7004 -9.990e-29
 243.407176      0.861  38.256092    12.6564    7.38180      0.854    32.7249    24.6978 -9.990e-29
 243.407182      0.892  38.267309    12.6614    7.42134      0.885    32.7312    24.7018 -9.990e-29
 243.407187      0.920  38.282725    12.6624    7.40663      0.912    32.7450    24.7123 -9.990e-29
 243.407193      0.941  38.283669    12.6580    7.39880      0.933    32.7497    24.7168 -9.990e-29
 243.407199      0.953  38.268067    12.6518    7.38520      0.945    32.7402    24.7106 -9.990e-29
 243.407205      0.961  38.250474    12.6465    7.39132      0.953    32.7281    24.7022 -9.990e-29
 243.407211      0.973  38.237183    12.6431    7.39013      0.965    32.7184    24.6954 -9.990e-29
 243.407216      0.996  38.232374    12.6424    7.39889      0.988    32.7144    24.6924 -9.990e-29
 243.407222      1.021  38.240318    12.6435    7.40137      1.012    32.7210    24.6973 -9.990e-29
 243.407228      1.039  38.248824    12.6443    7.42389      1.030    32.7284    24.7029 -9.990e-29
 243.407234      1.044  38.250178    12.6438    7.43695      1.035    32.7301    24.7043 -9.990e-29
 243.407240      1.043  38.246933    12.6426    7.43715      1.034    32.7281    24.7030 -9.990e-29
 243.407245      1.044  38.242041    12.6424    7.44539      1.035    32.7236    24.6995 -9.990e-29
 243.407251      1.050  38.240928    12.6445    7.46825      1.041    32.7207    24.6969 -9.990e-29
 243.407257      1.063  38.247699    12.6501    7.49324      1.054    32.7223    24.6970 -9.990e-29
 243.407263      1.083  38.264637    12.6570    7.49517      1.074    32.7324    24.7035 -9.990e-29
 243.407269      1.107  38.284027    12.6613    7.47002      1.098    32.7471    24.7141 -9.990e-29
 243.407274      1.128  38.293570    12.6616    7.44711      1.119    32.7559    24.7209 -9.990e-29
 243.407280      1.144  38.292516    12.6611    7.45640      1.134    32.7554    24.7206 -9.990e-29
 243.407286      1.155  38.291780    12.6622    7.46133      1.145    32.7537    24.7191 -9.990e-29
 243.407292      1.161  38.298775    12.6622    7.44397      1.151    32.7604    24.7242 -9.990e-29
 243.407297      1.164  38.303182    12.6571    7.42014      1.154    32.7690    24.7319 -9.990e-29
 243.407303      1.164  38.287868    12.6465    7.40041      1.154    32.7636    24.7298 -9.990e-29
 243.407309      1.164  38.254270    12.6367    7.40376      1.154    32.7401    24.7135 -9.990e-29
 243.407315      1.173  38.226549    12.6338    7.40754      1.163    32.7162    24.6955 -9.990e-29
 243.407321      1.193  38.221561    12.6359    7.39822      1.183    32.7096    24.6900 -9.990e-29
 243.407326      1.211  38.229272    12.6369    7.40802      1.201    32.7161    24.6948 -9.990e-29
 243.407332      1.215  38.231344    12.6355    7.43381      1.205    32.7193    24.6976 -9.990e-29
 243.407338      1.206  38.226036    12.6347    7.44015      1.196    32.7149    24.6943 -9.990e-29
 243.407344      1.197  38.223639    12.6355    7.43390      1.187    32.7120    24.6919 -9.990e-29
 243.407350      1.194  38.225988    12.6360    7.41485      1.184    32.7138    24.6932 -9.990e-29
 243.407355      1.199  38.226103    12.6353    7.41325      1.189    32.7145    24.6939 -9.990e-29
 243.407361      1.214  38.221880    12.6343    7.42898      1.204    32.7113    24.6916 -9.990e-29
 243.407367      1.243  38.218885    12.6356    7.43345      1.233    32.7073    24.6883 -9.990e-29
 243.407373      1.273  38.223762    12.6383    7.43279      1.262    32.7096    24.6895 -9.990e-29
 243.407378      1.293  38.233464    12.6377    7.41631      1.282    32.7194    24.6972 -9.990e-29
 243.407384      1.306  38.232309    12.6333    7.40878      1.295    32.7221    24.7001 -9.990e-29
 243.407390      1.319  38.218739    12.6292    7.41186      1.308    32.7127    24.6937 -9.990e-29
 243.407396      1.339  38.208855    12.6281    7.42109      1.328    32.7042    24.6873 -9.990e-29
 243.407402      1.362  38.211330    12.6294    7.42536      1.351    32.7055    24.6880 -9.990e-29
 243.407407      1.382  38.219351    12.6307    7.43249      1.370    32.7120    24.6928 -9.990e-29
 243.407413      1.395  38.221722    12.6305    7.43217      1.383    32.7144    24.6947 -9.990e-29
 243.407419      1.402  38.218785    12.6291    7.43733      1.390    32.7128    24.6938 -9.990e-29
 243.407425      1.407  38.212775    12.6279    7.42542      1.395    32.7081    24.6904 -9.990e-29
