data/oxygen options/OCNMS/OCNMS2/raw_data/2005/CTD_CE70_070605faed.cnv
* Sea-Bird SBE19 Data File:
* FileName = C:\Hypoxia Data\CE70_070605.hex
* Software Version 1.1.6
* Temperature SN = 2997
* Conductivity SN = 2997
* System UpLoad Time = Jul 06 2005 16:12:58
* SEACAT PROFILER V3.1c SN 2997   07/06/05  16:13:30.135
* strain gauge pressure sensor: S/N = 184829,  range = 3000 psia,  tc = 40
# nquan = 9                                 
# nvalues = 714                         
# units = specified
# name 0 = timeJ: Julian Days
# name 1 = prSM: Pressure, Strain Gauge [db]
# name 2 = c0mS/cm: Conductivity [mS/cm]
# name 3 = t090C: Temperature [ITS-90, deg C]
# name 4 = oxML/L: Oxygen, Beckman/YSI [ml/l]
# name 5 = depSM: Depth [salt water, m], lat = 47.5
# name 6 = sal00: Salinity, Practical [PSU]
# name 7 = sigma-é00: Density [sigma-theta, kg/m^3]
# name 8 = flag: flag
# span 0 = 187.630949, 187.635075       
# span 1 =     -3.829,     69.687       
# span 2 =   1.030598,  39.545085       
# span 3 =     7.6468,    15.7948       
# span 4 =   -0.11535,   24.03953       
# span 5 =     -3.797,     69.094       
# span 6 =     0.6375,    33.7507       
# span 7 =    -0.4297,    26.3447       
# span 8 = 0.0000e+00, 0.0000e+00       
# interval = seconds: 0.5
# start_time = Jul 06 2005 15:08:34 [Instrument's time stamp, header]
# bad_flag = -9.990e-29
*END*
 187.630949     -3.829 -9.990e-29    15.1562   -0.11532     -3.797 -9.990e-29 -9.990e-29 -9.990e-29
 187.630955     -3.813   1.087585    15.1570   -0.11534     -3.781     0.6744    -0.4009 -9.990e-29
 187.630961     -3.798   1.068897    15.1582   -0.11535     -3.766     0.6623    -0.4104 -9.990e-29
 187.630966     -3.785   1.049446    15.1593   -0.11297     -3.753     0.6497    -0.4203 -9.990e-29
 187.630972     -3.770   1.037689    15.1600   -0.11216     -3.739     0.6421    -0.4263 -9.990e-29
 187.630978     -3.752   1.034040    15.1606   -0.11299     -3.721     0.6397    -0.4282 -9.990e-29
 187.630984     -3.734   1.034189    15.1611   -0.11374     -3.703     0.6398    -0.4282 -9.990e-29
 187.630990     -3.707   1.033895    15.1613   -0.10622     -3.676     0.6396    -0.4284 -9.990e-29
 187.630995     -3.664   1.031658    15.1608   -0.09501     -3.633     0.6382    -0.4294 -9.990e-29
 187.631001     -3.616   1.030598    15.1595   -0.09434     -3.586     0.6375    -0.4297 -9.990e-29
 187.631007     -3.568   1.050379    15.1576   -0.09424     -3.538     0.6503    -0.4195 -9.990e-29
 187.631013     -3.516   1.158982    15.1562   -0.09425     -3.487     0.7207    -0.3650 -9.990e-29
 187.631019     -3.458   1.546695    15.1569   -0.09425     -3.429     0.9749    -0.1688 -9.990e-29
 187.631024     -3.391   2.752656    15.1595   -0.09423     -3.363     1.7890     0.4583 -9.990e-29
 187.631030     -3.309   4.752243    15.1628   -0.09422     -3.281     3.1938     1.5382 -9.990e-29
 187.631036     -3.207   6.424535    15.1778   -0.09421     -3.180     4.4052     2.4659 -9.990e-29
 187.631042     -3.080   7.870368    15.2426   -0.09419     -3.054     5.4668     3.2695 -9.990e-29
 187.631047     -2.914  12.037049    15.3883   -0.09418     -2.890     8.6070     5.6498 -9.990e-29
 187.631053     -2.703  21.090153    15.5620   -0.09419     -2.680    15.7555    11.0858 -9.990e-29
 187.631059     -2.465  31.041684    15.6770   -0.09424     -2.444    24.0085    17.3798 -9.990e-29
 187.631065     -2.222  36.639298    15.7247   -0.09427     -2.203    28.8088    21.0511 -9.990e-29
 187.631071     -1.988  38.495288    15.7418   -0.09427     -1.971    30.4220    22.2861 -9.990e-29
 187.631076     -1.779  39.108478    15.7498   -0.09423     -1.764    30.9555    22.6941 -9.990e-29
 187.631082     -1.611  39.323418    15.7557   -0.09420     -1.598    31.1403    22.8348 -9.990e-29
 187.631088     -1.486  39.403161    15.7607   -0.09421     -1.474    31.2066    22.8847 -9.990e-29
 187.631094     -1.392  39.429380    15.7651   -0.09424     -1.380    31.2262    22.8988 -9.990e-29
 187.631100     -1.311  39.439873    15.7677   -0.09426     -1.300    31.2334    22.9038 -9.990e-29
 187.631105     -1.224  39.446420    15.7662   -0.09426     -1.214    31.2404    22.9094 -9.990e-29
 187.631111     -1.130  39.444881    15.7600   -0.09426     -1.121    31.2439    22.9135 -9.990e-29
 187.631117     -1.045  39.431557    15.7512   -0.09429     -1.036    31.2390    22.9117 -9.990e-29
 187.631123     -0.984  39.415076    15.7459   -0.09427     -0.976    31.2286    22.9049 -9.990e-29
 187.631128     -0.948  39.413322    15.7482   -0.09429     -0.940    31.2253    22.9018 -9.990e-29
 187.631134     -0.917  39.429597    15.7532   -0.09428     -0.909    31.2357    22.9087 -9.990e-29
 187.631140     -0.873  39.447486    15.7552   -0.09426     -0.866    31.2499    22.9192 -9.990e-29
 187.631146     -0.807  39.454971    15.7544   -0.09425     -0.800    31.2571    22.9249 -9.990e-29
 187.631152     -0.730  39.449164    15.7509   -0.09426     -0.724    31.2547    22.9238 -9.990e-29
 187.631157     -0.666  39.433575    15.7445   -0.09428     -0.660    31.2460    22.9185 -9.990e-29
 187.631163     -0.628  39.422228    15.7367   -0.09428     -0.623    31.2421    22.9173 -9.990e-29
 187.631169     -0.604  39.425269    15.7318   -0.09427     -0.599    31.2486    22.9234 -9.990e-29
 187.631175     -0.586  39.435565    15.7322   -0.09425     -0.581    31.2574    22.9300 -9.990e-29
 187.631181     -0.571  39.439388    15.7348   -0.09425     -0.566    31.2587    22.9305 -9.990e-29
 187.631186     -0.559  39.431767    15.7367   -0.09428     -0.554    31.2505    22.9237 -9.990e-29
 187.631192     -0.550  39.421086    15.7380   -0.09428     -0.545    31.2400    22.9154 -9.990e-29
 187.631198     -0.533  39.420625    15.7391   -0.09429     -0.529    31.2388    22.9142 -9.990e-29
 187.631204     -0.499  39.430364    15.7401   -0.09429     -0.495    31.2465    22.9200 -9.990e-29
 187.631209     -0.455  39.438078    15.7407   -0.09428     -0.451    31.2529    22.9247 -9.990e-29
 187.631215     -0.416  39.433888    15.7404   -0.09427     -0.413    31.2494    22.9221 -9.990e-29
 187.631221     -0.390  39.422337    15.7402   -0.09428     -0.387    31.2393    22.9144 -9.990e-29
 187.631227     -0.377  39.420031    15.7409   -0.09428     -0.374    31.2367    22.9123 -9.990e-29
 187.631233     -0.368  39.430658    15.7408   -0.09426     -0.365    31.2462    22.9195 -9.990e-29
 187.631238     -0.357  39.440371    15.7394   -0.09425     -0.354    31.2559    22.9273 -9.990e-29
 187.631244     -0.343  39.436910    15.7372   -0.09425     -0.340    31.2546    22.9268 -9.990e-29
 187.631250     -0.331  39.424107    15.7343   -0.09428     -0.328    31.2455    22.9205 -9.990e-29
 187.631256     -0.323  39.415777    15.7319   -0.09429     -0.320    31.2401    22.9168 -9.990e-29
 187.631262     -0.316  39.418235    15.7321   -0.09431     -0.313    31.2421    22.9183 -9.990e-29
 187.631267     -0.303  39.428059    15.7344   -0.09426     -0.300    31.2489    22.9231 -9.990e-29
 187.631273     -0.285  39.435940    15.7367   -0.09422     -0.283    31.2541    22.9265 -9.990e-29
 187.631279     -0.260  39.433907    15.7380   -0.09421     -0.258    31.2512    22.9240 -9.990e-29
 187.631285     -0.231  39.426575    15.7388   -0.09423     -0.229    31.2441    22.9184 -9.990e-29
 187.631291     -0.200  39.428322    15.7392   -0.09424     -0.198    31.2453    22.9192 -9.990e-29
 187.631296     -0.165  39.442070    15.7389   -0.09426     -0.164    31.2577    22.9288 -9.990e-29
 187.631302     -0.129  39.454208    15.7370   -0.09426     -0.128    31.2699    22.9386 -9.990e-29
 187.631308     -0.102  39.454023    15.7326   -0.09425     -0.101    31.2732    22.9421 -9.990e-29
 187.631314     -0.099  39.446349    15.7298   -0.09424     -0.098    31.2687    22.9392 -9.990e-29
 187.631319     -0.119  39.444546    15.7347   -0.09424     -0.118    31.2632    22.9339 -9.990e-29
 187.631325     -0.144  39.454093    15.7436   -0.09424     -0.143    31.2646    22.9331 -9.990e-29
 187.631331     -0.153  39.468680    15.7492   -0.09425     -0.152    31.2730    22.9383 -9.990e-29
 187.631337     -0.138  39.478061    15.7500   -0.09427     -0.137    31.2807    22.9440 -9.990e-29
 187.631343     -0.107  39.477951    15.7473   -0.09426     -0.106    31.2827    22.9462 -9.990e-29
 187.631348     -0.075  39.472161    15.7431   -0.09425     -0.074    31.2809    22.9457 -9.990e-29
 187.631354     -0.053  39.465906    15.7409   -0.09426     -0.053    31.2771    22.9433 -9.990e-29
 187.631360     -0.039  39.462095    15.7425   -0.09429     -0.039    31.2725    22.9394 -9.990e-29
 187.631366     -0.020  39.461849    15.7463   -0.09426     -0.020    31.2693    22.9361 -9.990e-29
 187.631372      0.015  39.463190    15.7495   -0.09424      0.015    31.2679    22.9343 -9.990e-29
 187.631377      0.058  39.461207    15.7499   -0.09424      0.058    31.2658    22.9326 -9.990e-29
 187.631383      0.100  39.455532    15.7472   -0.09423      0.099    31.2629    22.9310 -9.990e-29
 187.631389      0.139  39.450974    15.7453   -0.09425      0.138    31.2604    22.9295 -9.990e-29
 187.631395      0.177  39.449340    15.7465   -0.09427      0.176    31.2580    22.9274 -9.990e-29
 187.631400      0.214  39.449043    15.7468   -0.09425      0.212    31.2575    22.9269 -9.990e-29
 187.631406      0.238  39.448597    15.7422   -0.09423      0.236    31.2607    22.9304 -9.990e-29
 187.631412      0.242  39.448562    15.7372   -0.09424      0.240    31.2646    22.9345 -9.990e-29
 187.631418      0.235  39.450045    15.7376   -0.09424      0.233    31.2656    22.9352 -9.990e-29
 187.631424      0.234  39.454493    15.7415   -0.09425      0.232    31.2665    22.9350 -9.990e-29
 187.631429      0.251  39.463381    15.7453   -0.09425      0.249    31.2713    22.9379 -9.990e-29
 187.631435      0.284  39.472327    15.7473   -0.09424      0.282    31.2776    22.9423 -9.990e-29
 187.631441      0.317  39.474778    15.7454   -0.09423      0.314    31.2813    22.9455 -9.990e-29
 187.631447      0.344  39.471229    15.7424   13.67942      0.341    31.2805    22.9456 -9.990e-29
 187.631453      0.366  39.468201    15.7435   22.74970      0.363    31.2769    22.9426 -9.990e-29
 187.631458      0.386  39.470662    15.7470   24.03953      0.383    31.2763    22.9414 -9.990e-29
 187.631464      0.404  39.476316    15.7491   21.04261      0.401    31.2797    22.9434 -9.990e-29
 187.631470      0.421  39.477588    15.7488   13.62314      0.417    31.2810    22.9446 -9.990e-29
 187.631476      0.438  39.473403    15.7475   10.93024      0.434    31.2783    22.9428 -9.990e-29
 187.631481      0.458  39.470555    15.7468   10.93881      0.454    31.2764    22.9414 -9.990e-29
 187.631487      0.480  39.472011    15.7470   10.91004      0.476    31.2775    22.9422 -9.990e-29
 187.631493      0.506  39.476377    15.7466   10.90461      0.502    31.2817    22.9455 -9.990e-29
 187.631499      0.538  39.481653    15.7442   10.89950      0.534    31.2882    22.9511 -9.990e-29
 187.631505      0.570  39.485930    15.7397   10.89669      0.565    31.2955    22.9577 -9.990e-29
 187.631510      0.590  39.488213    15.7341   10.89204      0.585    31.3020    22.9639 -9.990e-29
 187.631516      0.601  39.486527    15.7300   10.88932      0.596    31.3037    22.9661 -9.990e-29
 187.631522      0.610  39.483704    15.7292   10.88564      0.605    31.3019    22.9649 -9.990e-29
 187.631528      0.627  39.484987    15.7296   10.88293      0.622    31.3027    22.9654 -9.990e-29
 187.631534      0.654  39.487070    15.7299   10.87869      0.649    31.3043    22.9666 -9.990e-29
 187.631539      0.684  39.487155    15.7313   10.08762      0.678    31.3032    22.9655 -9.990e-29
 187.631545      0.709  39.487628    15.7329    7.24909      0.703    31.3024    22.9645 -9.990e-29
 187.631551      0.723  39.488593    15.7338    5.49874      0.717    31.3025    22.9644 -9.990e-29
 187.631557      0.727  39.489123    15.7344    4.81709      0.721    31.3025    22.9642 -9.990e-29
 187.631563      0.729  39.489398    15.7349    5.23435      0.723    31.3023    22.9640 -9.990e-29
 187.631568      0.735  39.489816    15.7360    6.34328      0.729    31.3018    22.9634 -9.990e-29
 187.631574      0.743  39.490967    15.7378    6.77599      0.737    31.3014    22.9627 -9.990e-29
 187.631580      0.756  39.492737    15.7388    6.99235      0.750    31.3022    22.9630 -9.990e-29
 187.631586      0.773  39.493590    15.7374    7.12169      0.767    31.3040    22.9648 -9.990e-29
 187.631591      0.796  39.491332    15.7337    7.18087      0.789    31.3050    22.9663 -9.990e-29
 187.631597      0.822  39.486911    15.7304    7.19349      0.815    31.3037    22.9660 -9.990e-29
 187.631603      0.845  39.484000    15.7283    7.20248      0.838    31.3027    22.9658 -9.990e-29
 187.631609      0.864  39.482113    15.7259    7.21975      0.857    31.3030    22.9665 -9.990e-29
 187.631615      0.887  39.479327    15.7240    7.22982      0.880    31.3020    22.9662 -9.990e-29
 187.631620      0.910  39.477571    15.7245    7.22120      0.902    31.3001    22.9646 -9.990e-29
 187.631626      0.930  39.479020    15.7255    7.20539      0.922    31.3005    22.9647 -9.990e-29
 187.631632      0.945  39.481153    15.7245    7.20145      0.937    31.3032    22.9670 -9.990e-29
 187.631638      0.951  39.480674    15.7226    7.20439      0.943    31.3043    22.9682 -9.990e-29
 187.631644      0.957  39.478661    15.7202    7.20535      0.949    31.3044    22.9688 -9.990e-29
 187.631649      0.972  39.475826    15.7170    7.20864      0.964    31.3044    22.9696 -9.990e-29
 187.631655      0.992  39.472349    15.7154    7.20282      0.984    31.3026    22.9685 -9.990e-29
 187.631661      1.015  39.470360    15.7170    7.19494      1.007    31.2996    22.9658 -9.990e-29
 187.631667      1.042  39.471163    15.7204    7.18329      1.033    31.2976    22.9636 -9.990e-29
 187.631672      1.071  39.474734    15.7243    7.17716      1.062    31.2977    22.9628 -9.990e-29
 187.631678      1.090  39.479680    15.7276    7.18021      1.081    31.2994    22.9634 -9.990e-29
 187.631684      1.093  39.483638    15.7303    7.16410      1.084    31.3008    22.9638 -9.990e-29
 187.631690      1.083  39.486857    15.7341    7.15637      1.074    31.3006    22.9629 -9.990e-29
 187.631696      1.069  39.490839    15.7399    7.14092      1.060    31.2995    22.9608 -9.990e-29
 187.631701      1.063  39.495855    15.7460    7.13098      1.054    31.2991    22.9591 -9.990e-29
 187.631707      1.076  39.501313    15.7487    7.14096      1.067    31.3018    22.9606 -9.990e-29
 187.631713      1.110  39.503281    15.7468    7.15178      1.101    31.3050    22.9635 -9.990e-29
 187.631719      1.151  39.499910    15.7442    7.16059      1.141    31.3041    22.9633 -9.990e-29
 187.631725      1.178  39.496810    15.7442    7.14380      1.168    31.3013    22.9612 -9.990e-29
 187.631730      1.185  39.497710    15.7476    7.12350      1.175    31.2994    22.9590 -9.990e-29
 187.631736      1.178  39.501577    15.7541    7.11549      1.168    31.2977    22.9563 -9.990e-29
 187.631742      1.167  39.507966    15.7599    7.11381      1.157    31.2988    22.9558 -9.990e-29
 187.631748      1.167  39.513628    15.7614    7.11822      1.157    31.3026    22.9584 -9.990e-29
 187.631753      1.176  39.514345    15.7596    7.11502      1.166    31.3046    22.9604 -9.990e-29
 187.631759      1.186  39.511644    15.7583    7.11112      1.176    31.3033    22.9596 -9.990e-29
 187.631765      1.194  39.510348    15.7601    7.10312      1.184    31.3007    22.9572 -9.990e-29
 187.631771      1.205  39.512104    15.7645    7.09535      1.195    31.2988    22.9548 -9.990e-29
 187.631777      1.223  39.515899    15.7696    7.08480      1.213    31.2981    22.9531 -9.990e-29
 187.631782      1.247  39.520632    15.7741    7.08109      1.237    31.2987    22.9526 -9.990e-29
 187.631788      1.272  39.525333    15.7780    7.06573      1.261    31.2997    22.9525 -9.990e-29
 187.631794      1.295  39.529548    15.7809    7.06764      1.284    31.3011    22.9530 -9.990e-29
 187.631800      1.311  39.532178    15.7822    7.06434      1.300    31.3024    22.9537 -9.990e-29
 187.631806      1.316  39.532812    15.7823    7.06530      1.305    31.3029    22.9540 -9.990e-29
 187.631811      1.310  39.532867    15.7824    7.05761      1.299    31.3029    22.9540 -9.990e-29
 187.631817      1.296  39.533550    15.7830    7.04097      1.285    31.3030    22.9540 -9.990e-29
 187.631823      1.288  39.534659    15.7839    7.03730      1.277    31.3033    22.9540 -9.990e-29
 187.631829      1.296  39.535441    15.7841    7.05810      1.285    31.3038    22.9543 -9.990e-29
 187.631834      1.318  39.535268    15.7837    7.07420      1.307    31.3040    22.9545 -9.990e-29
 187.631840      1.342  39.534480    15.7832    7.06243      1.331    31.3037    22.9544 -9.990e-29
 187.631846      1.361  39.533718    15.7829    7.04652      1.350    31.3032    22.9541 -9.990e-29
 187.631852      1.368  39.533098    15.7829    7.04129      1.357    31.3027    22.9537 -9.990e-29
 187.631858      1.367  39.532363    15.7830    7.05357      1.356    31.3019    22.9531 -9.990e-29
 187.631863      1.376  39.531667    15.7829    7.05134      1.365    31.3014    22.9527 -9.990e-29
 187.631869      1.398  39.531776    15.7827    7.04898      1.386    31.3016    22.9530 -9.990e-29
