data/oxygen options/OCNMS/OCNMS2/raw_data/2005/CTD_CA20_052405faed.cnv
* Sea-Bird SBE19 Data File:
* FileName = C:\Documents and Settings\kirner.PTANGELES\Desktop\hypoxia CTD data\CA20_052405.hex
* Software Version 1.1.5
* Temperature SN = 2997
* Conductivity SN = 2997
* System UpLoad Time = May 24 2005 15:21:11
* SEACAT PROFILER V3.1c SN 2997   05/24/05  15:20:23.188
* strain gauge pressure sensor: S/N = 184829,  range = 3000 psia,  tc = 40
# nquan = 9                                 
# nvalues = 590                         
# units = specified
# name 0 = timeJ: Julian Days
# name 1 = prSM: Pressure, Strain Gauge [db]
# name 2 = c0mS/cm: Conductivity [mS/cm]
# name 3 = t090C: Temperature [ITS-90, deg C]
# name 4 = oxML/L: Oxygen, Beckman/YSI [ml/l]
# name 5 = depSM: Depth [salt water, m], lat = 47.5
# name 6 = sal00: Salinity, Practical [PSU]
# name 7 = sigma-é00: Density [sigma-theta, kg/m^3]
# name 8 = flag: flag
# span 0 = 144.506863, 144.510272       
# span 1 =     -3.580,     24.185       
# span 2 =   0.646801,  36.161336       
# span 3 =    11.8994,    14.1360       
# span 4 =  -14.15394,   26.18608       
# span 5 =     -3.550,     23.982       
# span 6 =     0.4081,    31.3544       
# span 7 =    -0.3847,    23.7782       
# span 8 = 0.0000e+00, 0.0000e+00       
# interval = seconds: 0.5
# start_time = May 24 2005 12:09:53 [Instrument's time stamp, header]
# bad_flag = -9.990e-29
*END*
[from data line 481]
 144.509647     20.637  36.141228    11.9320    5.68347     20.464    31.3105    23.7381 0.0000e+00
 144.509653     20.380  36.135607    11.9388    5.67874     20.209    31.2995    23.7283 0.0000e+00
 144.509659     20.158  36.131990    11.9384    5.68649     19.989    31.2964    23.7260 0.0000e+00
 144.509664     19.974  36.131718    11.9341    5.69388     19.806    31.2999    23.7295 0.0000e+00
 144.509670     19.818  36.131810    11.9325    5.69470     19.652    31.3014    23.7309 0.0000e+00
 144.509676     19.670  36.131263    11.9347    5.70135     19.505    31.2990    23.7287 0.0000e+00
 144.509682     19.517  36.132332    11.9368    5.70215     19.353    31.2984    23.7278 0.0000e+00
 144.509688     19.352  36.134200    11.9391    5.70157     19.190    31.2983    23.7273 0.0000e+00
 144.509693     19.176  36.134498    11.9450    5.70986     19.015    31.2937    23.7227 0.0000e+00
 144.509699     18.984  36.133063    11.9554    5.70562     18.825    31.2837    23.7130 0.0000e+00
 144.509705     18.777  36.129665    11.9681    5.72121     18.619    31.2698    23.6999 0.0000e+00
 144.509711     18.564  36.124820    11.9804    5.73789     18.408    31.2550    23.6861 0.0000e+00
 144.509716     18.351  36.119921    11.9909    5.74026     18.197    31.2415    23.6738 0.0000e+00
 144.509722     18.140  36.116290    12.0018    5.74054     17.988    31.2290    23.6621 0.0000e+00
 144.509728     17.924  36.113012    12.0186    5.72603     17.774    31.2119    23.6457 0.0000e+00
 144.509734     17.703  36.106841    12.0430    5.72026     17.554    31.1857    23.6209 0.0000e+00
 144.509740     17.479  36.096838    12.0661    5.72884     17.332    31.1569    23.5943 0.0000e+00
 144.509745     17.252  36.087611    12.0782    5.73206     17.107    31.1380    23.5774 0.0000e+00
 144.509751     17.020  36.084244    12.0784    5.73386     16.877    31.1347    23.5748 0.0000e+00
 144.509757     16.776  36.086178    12.0718    5.72188     16.635    31.1422    23.5818 0.0000e+00
 144.509763     16.509  36.090390    12.0677    5.72427     16.371    31.1497    23.5884 0.0000e+00
 144.509769     16.216  36.092401    12.0732    5.75903     16.080    31.1472    23.5854 0.0000e+00
 144.509774     15.894  36.088166    12.0862    5.74526     15.761    31.1324    23.5716 0.0000e+00
 144.509780     15.549  36.079327    12.0992    5.73171     15.419    31.1133    23.5543 0.0000e+00
 144.509786     15.197  36.071480    12.1078    5.71869     15.070    31.0987    23.5415 0.0000e+00
 144.509792     14.859  36.067625    12.1117    5.72013     14.734    31.0919    23.5355 0.0000e+00
 144.509797     14.542  36.066552    12.1125    5.74857     14.420    31.0904    23.5341 0.0000e+00
 144.509803     14.245  36.066273    12.1124    5.75712     14.126    31.0903    23.5341 0.0000e+00
 144.509809     13.956  36.065856    12.1136    5.78097     13.839    31.0890    23.5328 0.0000e+00
 144.509815     13.648  36.064747    12.1198    5.79818     13.534    31.0829    23.5270 0.0000e+00
 144.509821     13.298  36.060904    12.1387    5.81927     13.187    31.0637    23.5085 0.0000e+00
 144.509826     12.905  36.048644    12.1766    5.83645     12.797    31.0207    23.4682 0.0000e+00
 144.509832     12.482  36.021153    12.2264    5.81690     12.377    30.9533    23.4068 0.0000e+00
 144.509838     12.041  35.981588    12.2757    5.77716     11.940    30.8751    23.3370 0.0000e+00
 144.509844     11.588  35.938317    12.3270    5.73346     11.491    30.7919    23.2629 0.0000e+00
 144.509850     11.133  35.882995    12.3819    5.72705     11.040    30.6945    23.1772 0.0000e+00
 144.509855     10.689  35.815313    12.4199    5.75882     10.600    30.5994    23.0965 0.0000e+00
 144.509861     10.266  35.768941    12.4284    5.77206     10.180    30.5486    23.0556 0.0000e+00
 144.509867      9.867  35.766723    12.4197    5.77419      9.784    30.5538    23.0612 0.0000e+00
 144.509873      9.485  35.791695    12.4123    5.76493      9.406    30.5836    23.0857 0.0000e+00
 144.509878      9.103  35.807073    12.4233    5.79471      9.027    30.5894    23.0881 0.0000e+00
 144.509884      8.710  35.787946    12.4572    5.85294      8.637    30.5439    23.0465 0.0000e+00
 144.509890      8.302  35.737401    12.4985    5.91439      8.233    30.4626    22.9758 0.0000e+00
 144.509896      7.884  35.678311    12.5329    5.88186      7.818    30.3791    22.9047 0.0000e+00
 144.509902      7.458  35.629448    12.5701    5.81835      7.396    30.3031    22.8389 0.0000e+00
 144.509907      7.024  35.571083    12.6415    5.79243      6.965    30.1909    22.7387 0.0000e+00
 144.509913      6.583  35.431008    12.7523    5.90544      6.528    29.9710    22.5476 0.0000e+00
 144.509919      6.141  35.188399    12.8591    5.98834      6.090    29.6596    22.2866 0.0000e+00
 144.509925      5.705  34.957048    12.9257    6.10449      5.657    29.3918    22.0669 0.0000e+00
 144.509931      5.277  34.832685    12.9649    6.11463      5.233    29.2458    21.9465 0.0000e+00
 144.509936      4.854  34.771715    13.0423    6.06004      4.813    29.1297    21.8421 0.0000e+00
 144.509942      4.432  34.630636    13.2199    5.94720      4.395    28.8636    21.6028 0.0000e+00
 144.509948      4.006  34.262262    13.4554    5.70632      3.973    28.3481    21.1596 0.0000e+00
 144.509954      3.589  33.784119    13.6304    5.59903      3.559    27.7830    20.6899 0.0000e+00
 144.509959      3.209  33.505343    13.6816    5.44631      3.182    27.4927    20.4561 0.0000e+00
 144.509965      2.869  33.488074    13.6651    5.44791      2.845    27.4890    20.4564 0.0000e+00
 144.509971      2.570  33.537834    13.6580    5.54969      2.549    27.5394    20.4966 0.0000e+00
 144.509977      2.315  33.537716    13.6563    5.75576      2.296    27.5406    20.4979 0.0000e+00
 144.509983      2.103  33.537994    13.6406    6.50819      2.085    27.5522    20.5099 0.0000e+00
 144.509988      1.934  33.532877    13.6144    7.39123      1.918    27.5664    20.5259 0.0000e+00
 144.509994      1.798  33.494250    13.5893    7.58265      1.783    27.5494    20.5176 -9.990e-29
 144.510000      1.682  33.467560    13.5715    7.67794      1.668    27.5379    20.5121 -9.990e-29
 144.510006      1.583  33.473254    13.5538    7.72771      1.570    27.5558    20.5294 -9.990e-29
 144.510012      1.502  33.483615    13.5345    7.77258      1.489    27.5792    20.5511 -9.990e-29
 144.510017      1.440  33.446329    13.5146    7.78081      1.428    27.5596    20.5397 -9.990e-29
 144.510023      1.391  33.295428    13.4939    7.66781      1.379    27.4368    20.4490 -9.990e-29
 144.510029      1.353  32.848761    13.4731    7.57358      1.342    27.0445    20.1504 -9.990e-29
 144.510035      1.324  31.524216    13.4514    7.57653      1.313    25.8563    19.2382 -9.990e-29
 144.510041      1.302  27.557973    13.4296    7.55761      1.291    22.3076    16.5078 -9.990e-29
 144.510046      1.284  19.799189    13.4129    7.60126      1.273    15.5386    11.3017 -9.990e-29
 144.510052      1.271  11.636231    13.4036    7.60290      1.260     8.7306     6.0672 -9.990e-29
 144.510058      1.261   7.048129    13.3998    7.60770      1.250     5.0912     3.2655 -9.990e-29
 144.510064      1.254   5.123892    13.3990    7.61783      1.244     3.6203     2.1312 -9.990e-29
 144.510069      1.249   3.926948    13.3979    7.61398      1.239     2.7271     1.4416 -9.990e-29
 144.510075      1.246   3.324455    13.3945    7.61594      1.236     2.2853     1.1006 -9.990e-29
 144.510081      1.245   3.402571    13.3884    7.62149      1.235     2.3427     1.1457 -9.990e-29
 144.510087      1.245   3.956597    13.3794   -5.62341      1.235     2.7504     1.4621 -9.990e-29
 144.510093      1.247   4.303828    13.3697  -13.06597      1.237     3.0086     1.6629 -9.990e-29
 144.510098      1.251   3.879637    13.3629  -14.15394      1.241     2.6947     1.4213 -9.990e-29
 144.510104      1.257   3.099347    13.3589  -10.42806      1.247     2.1236     0.9803 -9.990e-29
 144.510110      1.261   2.530559    13.3559   -1.91040      1.250     1.7137     0.6635 -9.990e-29
 144.510116      1.259   2.221264    13.3534   -0.36429      1.248     1.4935     0.4933 -9.990e-29
 144.510122      1.255   2.046646    13.3512   -0.20069      1.245     1.3701     0.3980 -9.990e-29
 144.510127      1.254   1.911538    13.3492   -0.14841      1.244     1.2751     0.3246 -9.990e-29
 144.510133      1.255   1.775110    13.3473   -0.13023      1.245     1.1795     0.2509 -9.990e-29
 144.510139      1.258   1.640268    13.3454   -0.12115      1.247     1.0856     0.1783 -9.990e-29
 144.510145      1.260   1.539213    13.3436   -0.12117      1.249     1.0155     0.1242 -9.990e-29
 144.510150      1.255   1.485364    13.3417   -0.12119      1.245     0.9783     0.0956 -9.990e-29
 144.510156      1.248   1.452978    13.3390   -0.12121      1.238     0.9560     0.0786 -9.990e-29
 144.510162      1.244   1.412744    13.3347   -0.12121      1.234     0.9284     0.0578 -9.990e-29
 144.510168      1.241   1.359843    13.3297   -0.12122      1.231     0.8921     0.0303 -9.990e-29
 144.510174      1.239   1.314733    13.3249   -0.12123      1.229     0.8612     0.0069 -9.990e-29
 144.510179      1.238   1.284399    13.3208   -0.12124      1.228     0.8405    -0.0086 -9.990e-29
 144.510185      1.239   1.250032    13.3171   -0.12125      1.229     0.8171    -0.0263 -9.990e-29
 144.510191      1.241   1.213521    13.3139   -0.12126      1.231     0.7922    -0.0452 -9.990e-29
 144.510197      1.245   1.183884    13.3116   -0.12129      1.235     0.7720    -0.0606 -9.990e-29
 144.510203      1.250   1.157109    13.3098   -0.12131      1.240     0.7538    -0.0745 -9.990e-29
 144.510208      1.257   1.132443    13.3078   -0.12134      1.247     0.7370    -0.0872 -9.990e-29
 144.510214      1.262   1.113058    13.3054   -0.12137      1.251     0.7239    -0.0971 -9.990e-29
 144.510220      1.261   1.101953    13.3028 -9.990e-29      1.250     0.7164    -0.1026 -9.990e-29
 144.510226      1.259   1.097080    13.3000 -9.990e-29      1.248     0.7131    -0.1047 -9.990e-29
 144.510231      1.259   1.093050    13.2971 -9.990e-29      1.248     0.7105    -0.1064 -9.990e-29
 144.510237      1.262   1.090038    13.2941 -9.990e-29      1.251     0.7085    -0.1076 -9.990e-29
 144.510243      1.263   1.090131    13.2908 -9.990e-29      1.252     0.7086    -0.1071 -9.990e-29
 144.510249      1.258   1.089014    13.2871 -9.990e-29      1.247     0.7079    -0.1071 -9.990e-29
 144.510255      1.252   1.080761    13.2834 -9.990e-29      1.242     0.7024    -0.1109 -9.990e-29
 144.510260      1.247   1.064906    13.2800 -9.990e-29      1.237     0.6917    -0.1188 -9.990e-29
 144.510266      1.245   1.044717    13.2784 -9.990e-29      1.235     0.6780    -0.1292 -9.990e-29
 144.510272      1.244   1.025447 -9.990e-29 -9.990e-29      1.234 -9.990e-29 -9.990e-29 -9.990e-29
