data/oxygen options/OCNMS/OCNMS2/raw_data/2005/CTD_CA80_083005faedb.cnv
* Sea-Bird SBE19 Data File:
* FileName = C:\hypoxia CTD data\CA80_083005.hex
* Software Version 1.1.5
* Temperature SN = 2997
* Conductivity SN = 2997
* System UpLoad Time = Aug 30 2005 17:29:06
** Cape Alava 80m  083005
* SEACAT PROFILER V3.1c SN 2997   08/30/05  17:27:18.914
# nquan = 9
# nvalues = 79                          
# units = specified
# name 0 = timeJ: Julian Days
# name 1 = prSM: Pressure, Strain Gauge [db]
# name 2 = c0mS/cm: Conductivity [mS/cm]
# name 3 = t090C: Temperature [ITS-90, deg C]
# name 4 = oxML/L: Oxygen, Beckman/YSI [ml/l]
# name 5 = depSM: Depth [salt water, m], lat = 47.5
# name 6 = sal00: Salinity, Practical [PSU]
# name 7 = sigma-é00: Density [sigma-theta, kg/m^3]
# name 8 = flag: flag
# span 0 = 242.679723, 242.680749       
# span 1 =      3.000,     81.000       
# span 2 =  34.545120,  38.293432       
# span 3 =     7.5742,    14.0049       
# span 4 =    3.15162,    8.00896       
# span 5 =      2.976,     80.308       
# span 6 =    31.6195,    33.5929       
# span 7 =    23.5752,    26.2314       
# span 8 = 0.0000e+00, 0.0000e+00       
# interval = decibars: 1                
# start_time = Aug 30 2005 16:15:39 [Instrument's time stamp, header]
# bad_flag = -9.990e-29
*END*
 242.679723      3.000  38.293432    14.0049    8.00896      2.976    31.6195    23.5752 0.0000e+00
 242.679750      4.000  38.269230    13.8992    6.94950      3.966    31.6840    23.6465 0.0000e+00
 242.679767      5.000  38.132877    13.5554    5.98754      4.958    31.8424    23.8382 0.0000e+00
 242.679779      6.000  37.782429    13.0050    5.47872      5.950    31.9755    24.0501 0.0000e+00
 242.679791      7.000  37.403590    12.4683    5.35469      6.941    32.0715    24.2280 0.0000e+00
 242.679803      8.000  37.129206    12.2241    5.28518      7.933    32.0173    24.2319 0.0000e+00
 242.679815      9.000  37.031417    12.0976    5.03638      8.925    32.0315    24.2665 0.0000e+00
 242.679826     10.000  36.941635    11.9114    4.67423      9.916    32.1045    24.3577 0.0000e+00
 242.679837     11.000  36.735293    11.5113    4.37895     10.908    32.2503    24.5442 0.0000e+00
 242.679848     12.000  36.384119    11.0360    4.19866     11.900    32.3213    24.6842 0.0000e+00
 242.679859     13.000  36.052066    10.5262    4.07956     12.891    32.4420    24.8666 0.0000e+00
 242.679870     14.000  35.761596    10.2452    4.04156     13.883    32.4007    24.8822 0.0000e+00
 242.679880     15.000  35.661695    10.1157    4.02570     14.874    32.4153    24.9153 0.0000e+00
 242.679891     16.000  35.589916    10.0053    4.02740     15.866    32.4413    24.9539 0.0000e+00
 242.679901     17.000  35.531030     9.9216    4.04274     16.858    32.4564    24.9796 0.0000e+00
 242.679910     18.000  35.491771     9.8643    4.04354     17.849    32.4676    24.9978 0.0000e+00
 242.679920     19.000  35.459846     9.8116    4.00993     18.840    32.4822    25.0179 0.0000e+00
 242.679930     20.000  35.430338     9.7786    3.98019     19.832    32.4814    25.0227 0.0000e+00
 242.679940     21.000  35.421176     9.7667    3.92519     20.824    32.4825    25.0255 0.0000e+00
 242.679952     22.000  35.388173     9.6246    3.84181     21.815    32.5768    25.1223 0.0000e+00
 242.679962     23.000  35.294930     9.4845    3.76448     22.807    32.6082    25.1694 0.0000e+00
 242.679974     24.000  35.264517     9.4189    3.69444     23.798    32.6362    25.2019 0.0000e+00
 242.679984     25.000  35.231165     9.2883    3.66607     24.790    32.7208    25.2888 0.0000e+00
 242.679994     26.000  35.178855     9.1471    3.65027     25.781    32.7959    25.3699 0.0000e+00
 242.680004     27.000  35.158561     9.0872    3.64526     26.773    32.8296    25.4057 0.0000e+00
 242.680014     28.000  35.160098     9.0730    3.64684     27.765    32.8438    25.4191 0.0000e+00
 242.680024     29.000  35.161054     9.0591    3.61393     28.756    32.8572    25.4317 0.0000e+00
 242.680035     30.000  35.161626     9.0405    3.58124     29.748    32.8746    25.4483 0.0000e+00
 242.680046     31.000  35.154867     8.9972    3.53524     30.739    32.9071    25.4805 0.0000e+00
 242.680057     32.000  35.136781     8.9410    3.48355     31.730    32.9399    25.5150 0.0000e+00
 242.680068     33.000  35.115757     8.8901    3.48781     32.722    32.9647    25.5423 0.0000e+00
 242.680081     34.000  35.098746     8.8702    3.45022     33.713    32.9650    25.5457 0.0000e+00
 242.680093     35.000  35.091026     8.8544    3.39442     34.705    32.9712    25.5529 0.0000e+00
 242.680105     36.000  35.065211     8.7853    3.33664     35.696    33.0081    25.5925 0.0000e+00
 242.680118     37.000  35.005318     8.6600    3.26377     36.688    33.0619    25.6538 0.0000e+00
 242.680129     38.000  34.935719     8.5725    3.22313     37.680    33.0702    25.6738 0.0000e+00
 242.680142     39.000  34.910219     8.5304    3.20786     38.671    33.0823    25.6897 0.0000e+00
 242.680154     40.000  34.880293     8.4653    3.27106     39.662    33.1114    25.7223 0.0000e+00
 242.680167     41.000  34.848095     8.4303    3.31150     40.654    33.1099    25.7264 0.0000e+00
 242.680182     42.000  34.831282     8.4108    3.40379     41.645    33.1099    25.7294 0.0000e+00
 242.680196     43.000  34.797668     8.3572    3.48792     42.637    33.1244    25.7488 0.0000e+00
 242.680209     44.000  34.756679     8.2849    3.49252     43.628    33.1487    25.7787 0.0000e+00
 242.680220     45.000  34.711657     8.1905    3.54068     44.619    33.1896    25.8248 0.0000e+00
 242.680231     46.000  34.669413     8.0997    3.63483     45.611    33.2301    25.8701 0.0000e+00
 242.680241     47.000  34.628025     8.0379    3.76342     46.602    33.2443    25.8903 0.0000e+00
 242.680252     48.000  34.602227     8.0088    3.93771     47.594    33.2439    25.8942 0.0000e+00
 242.680263     49.000  34.586321     7.9799    4.07530     48.585    33.2539    25.9063 0.0000e+00
 242.680275     50.000  34.575648     7.9614    4.21271     49.577    33.2597    25.9136 0.0000e+00
 242.680287     51.000  34.578862     7.9356    4.27462     50.568    33.2872    25.9389 0.0000e+00
 242.680299     52.000  34.585092     7.9162    4.23730     51.560    33.3118    25.9611 0.0000e+00
 242.680311     53.000  34.592977     7.8930    4.19189     52.551    33.3420    25.9882 0.0000e+00
 242.680321     54.000  34.592410     7.8729    4.13926     53.543    33.3601    26.0053 0.0000e+00
 242.680331     55.000  34.587795     7.8569    4.10724     54.534    33.3699    26.0154 0.0000e+00
 242.680342     56.000  34.584559     7.8447    4.10228     55.525    33.3777    26.0232 0.0000e+00
 242.680354     57.000  34.583557     7.8384    4.08389     56.517    33.3822    26.0277 0.0000e+00
 242.680366     58.000  34.581610     7.8275    4.05986     57.508    33.3901    26.0355 0.0000e+00
 242.680379     59.000  34.579816     7.8127    4.04581     58.499    33.4018    26.0468 0.0000e+00
 242.680393     60.000  34.581875     7.8035    4.00923     59.491    33.4124    26.0565 0.0000e+00
 242.680406     61.000  34.582765     7.7774    3.98844     60.482    33.4379    26.0803 0.0000e+00
 242.680418     62.000  34.580132     7.7524    3.99189     61.474    33.4586    26.1002 0.0000e+00
 242.680431     63.000  34.575983     7.7397    3.99764     62.464    33.4658    26.1078 0.0000e+00
 242.680443     64.000  34.571072     7.7264    3.99031     63.456    33.4729    26.1152 0.0000e+00
 242.680455     65.000  34.568071     7.7095    3.93436     64.447    33.4854    26.1275 0.0000e+00
 242.680467     66.000  34.562745     7.6800    3.84747     65.439    33.5076    26.1492 0.0000e+00
 242.680479     67.000  34.551536     7.6511    3.74428     66.430    33.5228    26.1653 0.0000e+00
 242.680491     68.000  34.546554     7.6341    3.64167     67.421    33.5333    26.1760 0.0000e+00
 242.680504     69.000  34.545120     7.6245    3.52580     68.413    33.5405    26.1830 0.0000e+00
 242.680516     70.000  34.547606     7.6116    3.35938     69.404    33.5552    26.1964 0.0000e+00
 242.680530     71.000  34.551979     7.5988    3.25560     70.395    33.5718    26.2114 0.0000e+00
 242.680546     72.000  34.555889     7.5999    3.28599     71.387    33.5745    26.2133 0.0000e+00
 242.680563     73.000  34.555065     7.5940    3.21070     72.378    33.5789    26.2176 0.0000e+00
 242.680578     74.000  34.554370     7.5854    3.20048     73.369    33.5859    26.2243 0.0000e+00
 242.680594     75.000  34.554804     7.5862    3.19067     74.361    33.5852    26.2237 0.0000e+00
 242.680610     76.000  34.554257     7.5831    3.19119     75.352    33.5871    26.2256 0.0000e+00
 242.680629     77.000  34.554989     7.5809    3.17979     76.343    33.5895    26.2279 0.0000e+00
 242.680646     78.000  34.554100     7.5781    3.16636     77.335    33.5908    26.2292 0.0000e+00
 242.680665     79.000  34.553572     7.5765    3.18043     78.326    33.5912    26.2299 0.0000e+00
 242.680685     80.000  34.553046     7.5742    3.16002     79.317    33.5925    26.2312 0.0000e+00
 242.680749     81.000  34.554288     7.5746    3.15162     80.308    33.5929    26.2314 0.0000e+00
