data/oxygen options/OCNMS/OCNMS2/raw_data/2005/CTD_CA30_060705faed.cnv
* Sea-Bird SBE19 Data File:
* FileName = C:\hypoxia CTD data\CA30_060705.hex
* Software Version 1.1.5
* Temperature SN = 2997
* Conductivity SN = 2997
* System UpLoad Time = Jun 07 2005 15:44:13
* SEACAT PROFILER V3.1c SN 2997   06/07/05  15:43:14.015
* strain gauge pressure sensor: S/N = 184829,  range = 3000 psia,  tc = 40
# nquan = 9                                 
# nvalues = 509                         
# units = specified
# name 0 = timeJ: Julian Days
# name 1 = prSM: Pressure, Strain Gauge [db]
# name 2 = c0mS/cm: Conductivity [mS/cm]
# name 3 = t090C: Temperature [ITS-90, deg C]
# name 4 = oxML/L: Oxygen, Beckman/YSI [ml/l]
# name 5 = depSM: Depth [salt water, m], lat = 47.5
# name 6 = sal00: Salinity, Practical [PSU]
# name 7 = sigma-é00: Density [sigma-theta, kg/m^3]
# name 8 = flag: flag
# span 0 = 158.624433, 158.627373       
# span 1 =     -2.382,     27.429       
# span 2 =   1.284352,  37.336501       
# span 3 =    10.3120,    13.9940       
# span 4 =   -0.09922,   26.65802       
# span 5 =     -2.362,     27.198       
# span 6 =     0.8491,    32.2896       
# span 7 =     0.0493,    24.7840       
# span 8 = 0.0000e+00, 0.0000e+00       
# interval = seconds: 0.5
# start_time = Jun 07 2005 14:59:11 [Instrument's time stamp, header]
# bad_flag = -9.990e-29
*END*
[from data line 161]
 158.625365      1.323  37.316487    13.9672    7.29513      1.312    30.7542    22.9151 -9.990e-29
 158.625370      1.360  37.315787    13.9652    7.29453      1.349    30.7551    22.9162 -9.990e-29
 158.625376      1.393  37.314155    13.9630    7.30103      1.381    30.7554    22.9169 -9.990e-29
 158.625382      1.416  37.312226    13.9622    7.30505      1.404    30.7543    22.9162 -9.990e-29
 158.625388      1.426  37.311922    13.9626    7.29695      1.414    30.7537    22.9156 -9.990e-29
 158.625394      1.428  37.312844    13.9625    7.28702      1.416    30.7546    22.9164 -9.990e-29
 158.625399      1.431  37.312864    13.9619    7.27345      1.419    30.7551    22.9169 -9.990e-29
 158.625405      1.442  37.312015    13.9608    7.27108      1.430    30.7552    22.9172 -9.990e-29
 158.625411      1.464  37.310857    13.9593    7.27691      1.452    30.7553    22.9176 -9.990e-29
 158.625417      1.488  37.309536    13.9579    7.28698      1.476    30.7552    22.9178 -9.990e-29
 158.625422      1.508  37.308540    13.9573    7.27600      1.495    30.7548    22.9176 -9.990e-29
 158.625428      1.517  37.308231    13.9577    7.27257      1.504    30.7542    22.9170 -9.990e-29
 158.625434      1.514  37.308765    13.9586    7.26286      1.501    30.7539    22.9166 -9.990e-29
 158.625440      1.514  37.309739    13.9587    7.25659      1.501    30.7547    22.9173 -9.990e-29
 158.625446      1.523  37.310217    13.9577    7.26989      1.510    30.7560    22.9184 -9.990e-29
 158.625451      1.539  37.309721    13.9566    7.27193      1.526    30.7564    22.9190 -9.990e-29
 158.625457      1.554  37.308720    13.9561    7.27672      1.541    30.7559    22.9186 -9.990e-29
 158.625463      1.560  37.308130    13.9566    7.27699      1.547    30.7549    22.9178 -9.990e-29
 158.625469      1.554  37.308292    13.9578    7.25928      1.541    30.7541    22.9170 -9.990e-29
 158.625475      1.543  37.308868    13.9589    7.24126      1.530    30.7538    22.9165 -9.990e-29
 158.625480      1.540  37.309513    13.9595    7.24038      1.527    30.7539    22.9164 -9.990e-29
 158.625486      1.549  37.309976    13.9585    7.25989      1.536    30.7551    22.9176 -9.990e-29
 158.625492      1.566  37.309198    13.9555    7.26819      1.553    30.7568    22.9195 -9.990e-29
 158.625498      1.580  37.306709    13.9542    7.26756      1.567    30.7555    22.9188 -9.990e-29
 158.625503      1.583  37.304807    13.9564    7.25595      1.570    30.7520    22.9156 -9.990e-29
 158.625509      1.574  37.306008    13.9598    7.23446      1.561    30.7504    22.9137 -9.990e-29
 158.625515      1.559  37.309117    13.9616    7.23415      1.546    30.7518    22.9144 -9.990e-29
 158.625521      1.548  37.310998    13.9604    7.24314      1.535    30.7545    22.9167 -9.990e-29
 158.625527      1.549  37.310242    13.9554    7.26026      1.536    30.7578    22.9203 -9.990e-29
 158.625532      1.558  37.305849    13.9488    7.26570      1.545    30.7591    22.9226 -9.990e-29
 158.625538      1.567  37.299821    13.9450    7.25587      1.554    30.7566    22.9214 -9.990e-29
 158.625544      1.573  37.297024    13.9455    7.23594      1.560    30.7536    22.9191 -9.990e-29
 158.625550      1.580  37.298222    13.9482    7.24009      1.567    30.7526    22.9177 -9.990e-29
 158.625556      1.593  37.301094    13.9503    7.24589      1.580    30.7535    22.9180 -9.990e-29
 158.625561      1.608  37.303308    13.9515    7.24635      1.595    30.7546    22.9186 -9.990e-29
 158.625567      1.623  37.304457    13.9528    7.24515      1.609    30.7546    22.9183 -9.990e-29
 158.625573      1.637  37.305522    13.9539    7.22836      1.623    30.7547    22.9182 -9.990e-29
 158.625579      1.648  37.306247    13.9553    7.22766      1.634    30.7542    22.9175 -9.990e-29
 158.625584      1.657  37.307046    13.9573    7.22791      1.643    30.7533    22.9165 -9.990e-29
 158.625590      1.668  37.308431    13.9589    7.23092      1.654    30.7533    22.9161 -9.990e-29
 158.625596      1.678  37.309452    13.9587    7.22666      1.664    30.7544    22.9170 -9.990e-29
 158.625602      1.682  37.309235    13.9573    7.22512      1.668    30.7553    22.9180 -9.990e-29
 158.625608      1.682  37.308059    13.9561    7.22506      1.668    30.7552    22.9181 -9.990e-29
 158.625613      1.681  37.307169    13.9554    7.22325      1.667    30.7550    22.9181 -9.990e-29
 158.625619      1.689  37.307068    13.9549    7.22512      1.675    30.7553    22.9184 -9.990e-29
 158.625625      1.705  37.307067    13.9544    7.22125      1.691    30.7557    22.9188 -9.990e-29
 158.625631      1.722  37.306613    13.9530    7.22700      1.708    30.7564    22.9197 -9.990e-29
 158.625637      1.737  37.305106    13.9503    7.23173      1.722    30.7571    22.9208 -9.990e-29
 158.625642      1.750  37.302227    13.9460    7.23588      1.735    30.7579    22.9223 -9.990e-29
 158.625648      1.764  37.298632    13.9418    7.23187      1.749    30.7580    22.9232 -9.990e-29
 158.625654      1.773  37.295702    13.9403    7.22775      1.758    30.7565    22.9223 -9.990e-29
 158.625660      1.775  37.295144    13.9416    7.23662      1.760    30.7549    22.9209 -9.990e-29
 158.625666      1.774  37.296782    13.9435    7.22560      1.759    30.7549    22.9205 -9.990e-29
 158.625671      1.774  37.298321    13.9442    7.21348      1.759    30.7558    22.9210 -9.990e-29
 158.625677      1.776  37.298458    13.9436    7.20308      1.761    30.7564    22.9216 -9.990e-29
 158.625683      1.783  37.297944    13.9417    7.20737      1.768    30.7574    22.9228 -9.990e-29
 158.625689      1.800  37.296663    13.9369    7.23864      1.785    30.7601    22.9258 -9.990e-29
 158.625694      1.820  37.292353    13.9300    7.24355      1.805    30.7616    22.9284 -9.990e-29
 158.625700      1.831  37.286564    13.9268    7.23200      1.816    30.7589    22.9269 -9.990e-29
 158.625706      1.830  37.285043    13.9284    7.22672      1.815    30.7562    22.9245 -9.990e-29
 158.625712      1.820  37.287451    13.9294    7.21967      1.805    30.7576    22.9254 -9.990e-29
 158.625718      1.815  37.288030    13.9286    7.22419      1.800    30.7588    22.9265 -9.990e-29
 158.625723      1.822  37.286443    13.9286    7.22373      1.807    30.7573    22.9253 -9.990e-29
 158.625729      1.833  37.286188    13.9295    7.22367      1.818    30.7564    22.9244 -9.990e-29
 158.625735      1.841  37.287493    13.9312    7.23068      1.826    30.7562    22.9239 -9.990e-29
 158.625741      1.849  37.289302    13.9338    7.23035      1.834    30.7558    22.9231 -9.990e-29
 158.625747      1.864  37.291229    13.9371    7.22372      1.848    30.7549    22.9218 -9.990e-29
 158.625752      1.885  37.293610    13.9416    7.20793      1.869    30.7535    22.9197 -9.990e-29
 158.625758      1.911  37.297382    13.9461    7.18995      1.895    30.7533    22.9187 -9.990e-29
 158.625764      1.933  37.301414    13.9492    7.19841      1.917    30.7545    22.9190 -9.990e-29
 158.625770      1.946  37.303801    13.9507    7.21569      1.930    30.7555    22.9195 -9.990e-29
 158.625775      1.940  37.304369    13.9510    7.22077      1.924    30.7558    22.9196 -9.990e-29
 158.625781      1.917  37.303881    13.9500    7.21909      1.901    30.7562    22.9201 -9.990e-29
 158.625787      1.886  37.302818    13.9474    7.20008      1.870    30.7573    22.9215 -9.990e-29
 158.625793      1.864  37.300891    13.9444    7.19404      1.848    30.7579    22.9226 -9.990e-29
 158.625799      1.861  37.298905    13.9435    7.21148      1.845    30.7568    22.9219 -9.990e-29
 158.625804      1.878  37.298705    13.9449    7.21591      1.862    30.7555    22.9207 -9.990e-29
 158.625810      1.903  37.300033    13.9470    7.21230      1.887    30.7550    22.9199 -9.990e-29
 158.625816      1.919  37.301301    13.9486    7.21461      1.903    30.7549    22.9194 -9.990e-29
 158.625822      1.921  37.301962    13.9495    7.20514      1.905    30.7548    22.9192 -9.990e-29
 158.625828      1.916  37.302342    13.9501    7.21105      1.900    30.7547    22.9190 -9.990e-29
 158.625833      1.920  37.302958    13.9511    7.20468      1.904    30.7544    22.9186 -9.990e-29
 158.625839      1.944  37.304078    13.9528    7.19378      1.928    30.7541    22.9180 -9.990e-29
 158.625845      1.980  37.305523    13.9549    7.18861      1.963    30.7537    22.9173 -9.990e-29
 158.625851      2.013  37.306983    13.9568    7.18750      1.996    30.7535    22.9167 -9.990e-29
 158.625856      2.032  37.308164    13.9579    7.20322      2.015    30.7537    22.9167 -9.990e-29
 158.625862      2.035  37.308403    13.9578    7.20865      2.018    30.7540    22.9169 -9.990e-29
 158.625868      2.025  37.307465    13.9567    7.19124      2.008    30.7541    22.9171 -9.990e-29
 158.625874      2.016  37.306349    13.9555    7.18363      1.999    30.7540    22.9173 -9.990e-29
 158.625880      2.014  37.305817    13.9549    7.16565      1.997    30.7540    22.9175 -9.990e-29
 158.625885      2.021  37.305723    13.9553    7.17088      2.004    30.7536    22.9171 -9.990e-29
 158.625891      2.035  37.305948    13.9564    7.20987      2.018    30.7529    22.9163 -9.990e-29
 158.625897      2.050  37.306796    13.9572    7.19585      2.033    30.7530    22.9163 -9.990e-29
 158.625903      2.054  37.307722    13.9576    7.18055      2.037    30.7536    22.9166 -9.990e-29
 158.625909      2.043  37.307721    13.9583    7.16707      2.026    30.7530    22.9160 -9.990e-29
 158.625914      2.025  37.307915    13.9591    7.15852      2.008    30.7526    22.9155 -9.990e-29
 158.625920      2.014  37.309130    13.9590    7.20508      1.997    30.7538    22.9164 -9.990e-29
 158.625926      2.021  37.309627    13.9561    7.21322      2.004    30.7565    22.9192 -9.990e-29
 158.625932      2.035  37.307270    13.9515    7.19754      2.018    30.7580    22.9213 -9.990e-29
 158.625937      2.042  37.303409    13.9507    7.18056      2.025    30.7551    22.9192 -9.990e-29
 158.625943      2.041  37.302993    13.9538    7.17275      2.024    30.7523    22.9164 -9.990e-29
 158.625949      2.050  37.306033    13.9559    7.17352      2.033    30.7534    22.9168 -9.990e-29
 158.625955      2.073  37.307614    13.9553    7.17681      2.056    30.7553    22.9184 -9.990e-29
 158.625961      2.099  37.306486    13.9534    7.18426      2.081    30.7558    22.9191 -9.990e-29
 158.625966      2.113  37.305074    13.9523    7.17847      2.095    30.7554    22.9190 -9.990e-29
 158.625972      2.107  37.304865    13.9520    7.18115      2.089    30.7554    22.9191 -9.990e-29
 158.625978      2.089  37.305023    13.9501    7.17928      2.072    30.7571    22.9208 -9.990e-29
 158.625984      2.074  37.304081    13.9432    7.17385      2.057    30.7617    22.9258 -9.990e-29
 158.625990      2.076  37.299667    13.9318    7.18579      2.059    30.7668    22.9320 -9.990e-29
 158.625995      2.094  37.291512    13.9229    7.20427      2.077    30.7664    22.9335 -9.990e-29
 158.626001      2.117  37.285007    13.9200    7.20905      2.099    30.7628    22.9313 -9.990e-29
 158.626007      2.132  37.282699    13.9196    7.20858      2.114    30.7610    22.9300 -9.990e-29
 158.626013      2.137  37.281512    13.9201    7.19132      2.119    30.7595    22.9287 -9.990e-29
 158.626019      2.136  37.280987    13.9227    7.17168      2.118    30.7569    22.9262 -9.990e-29
 158.626024      2.138  37.282675    13.9277    7.17434      2.120    30.7545    22.9233 -9.990e-29
 158.626030      2.147  37.286587    13.9335    7.18821      2.129    30.7534    22.9213 -9.990e-29
 158.626036      2.160  37.291215    13.9374    7.19623      2.142    30.7545    22.9214 -9.990e-29
 158.626042      2.168  37.294326    13.9386    7.19649      2.150    30.7564    22.9226 -9.990e-29
 158.626047      2.168  37.295025    13.9383    7.18566      2.150    30.7573    22.9234 -9.990e-29
 158.626053      2.165  37.294247    13.9382    7.17404      2.147    30.7567    22.9229 -9.990e-29
 158.626059      2.166  37.293765    13.9390    7.17374      2.148    30.7556    22.9219 -9.990e-29
 158.626065      2.176  37.294626    13.9400    7.19854      2.158    30.7556    22.9217 -9.990e-29
 158.626071      2.192  37.295737    13.9404    7.20201      2.174    30.7563    22.9222 -9.990e-29
 158.626076      2.201  37.295783    13.9402    7.18641      2.183    30.7565    22.9223 -9.990e-29
 158.626082      2.195  37.295389    13.9396    7.17837      2.177    30.7566    22.9226 -9.990e-29
 158.626088      2.183  37.295155    13.9386    7.15953      2.165    30.7572    22.9232 -9.990e-29
 158.626094      2.182  37.294775    13.9381    7.16334      2.164    30.7572    22.9234 -9.990e-29
 158.626100      2.198  37.294309    13.9386    7.17544      2.180    30.7564    22.9226 -9.990e-29
 158.626105      2.222  37.294263    13.9396    7.18360      2.203    30.7556    22.9218 -9.990e-29
 158.626111      2.233  37.294580    13.9402    7.18790      2.214    30.7554    22.9215 -9.990e-29
 158.626117      2.226  37.294562    13.9403    7.18859      2.207    30.7553    22.9214 -9.990e-29
 158.626123      2.212  37.293630    13.9402    7.18575      2.194    30.7545    22.9208 -9.990e-29
 158.626128      2.196  37.290547    13.9399    7.17356      2.178    30.7519    22.9189 -9.990e-29
 158.626134      2.191  37.287938    13.9401    7.17106      2.173    30.7494    22.9169 -9.990e-29
 158.626140      2.205  37.290181    13.9407    7.18095      2.187    30.7509    22.9180 -9.990e-29
 158.626146      2.227  37.294103    13.9410    7.18885      2.208    30.7543    22.9205 -9.990e-29
 158.626152      2.236  37.295964    13.9414    7.17830      2.217    30.7557    22.9215 -9.990e-29
 158.626157      2.228  37.296567    13.9420    7.17155      2.209    30.7557    22.9214 -9.990e-29
 158.626163      2.216  37.296722    13.9420    7.16747      2.197    30.7559    22.9215 -9.990e-29
 158.626169      2.212  37.296640    13.9410    7.18996      2.194    30.7566    22.9223 -9.990e-29
 158.626175      2.219  37.296217    13.9393    7.19088      2.200    30.7576    22.9234 -9.990e-29
 158.626181      2.235  37.294897    13.9375    7.18899      2.216    30.7578    22.9239 -9.990e-29
 158.626186      2.251  37.293165    13.9374    7.18316      2.232    30.7563    22.9228 -9.990e-29
 158.626192      2.265  37.293203    13.9394    7.16672      2.246    30.7547    22.9212 -9.990e-29
 158.626198      2.276  37.295065    13.9424    7.16892      2.257    30.7540    22.9200 -9.990e-29
 158.626204      2.287  37.297315    13.9454    7.18499      2.268    30.7537    22.9192 -9.990e-29
 158.626209      2.293  37.299593    13.9476    7.19604      2.274    30.7540    22.9190 -9.990e-29
 158.626215      2.294  37.301015    13.9487    7.18079      2.275    30.7544    22.9191 -9.990e-29
 158.626221      2.300  37.301238    13.9491    7.16697      2.281    30.7543    22.9189 -9.990e-29
 158.626227      2.310  37.301129    13.9491    7.16055      2.291    30.7542    22.9188 -9.990e-29
 158.626233      2.321  37.301106    13.9485    7.17466      2.302    30.7547    22.9193 -9.990e-29
 158.626238      2.334  37.300582    13.9478    7.18137      2.315    30.7548    22.9195 -9.990e-29
 158.626244      2.346  37.299985    13.9477    7.17815      2.326    30.7543    22.9191 -9.990e-29
 158.626250      2.348  37.300206    13.9476    7.17090      2.328    30.7546    22.9194 -9.990e-29
 158.626256      2.341  37.300423    13.9472    7.17231      2.321    30.7551    22.9199 -9.990e-29
 158.626262      2.332  37.300368    13.9472    7.17676      2.313    30.7550    22.9198 -9.990e-29
 158.626267      2.330  37.300536    13.9481    7.17410      2.311    30.7545    22.9192 -9.990e-29
 158.626273      2.339  37.301154    13.9499    7.16706      2.319    30.7536    22.9182 -9.990e-29
 158.626279      2.351  37.302492    13.9521    7.15283      2.331    30.7531    22.9173 -9.990e-29
