data/oxygen options/OCNMS/OCNMS2/raw_data/2005/CTD_CE10_070605faed.cnv
* Sea-Bird SBE19 Data File:
* FileName = C:\Hypoxia Data\CE10_070605.hex
* Software Version 1.1.6
* Temperature SN = 2997
* Conductivity SN = 2997
* System UpLoad Time = Jul 06 2005 13:38:23
* SEACAT PROFILER V3.1c SN 2997   07/06/05  13:39:01.396
* strain gauge pressure sensor: S/N = 184829,  range = 3000 psia,  tc = 40
# nquan = 9                                 
# nvalues = 596                         
# units = specified
# name 0 = timeJ: Julian Days
# name 1 = prSM: Pressure, Strain Gauge [db]
# name 2 = c0mS/cm: Conductivity [mS/cm]
# name 3 = t090C: Temperature [ITS-90, deg C]
# name 4 = oxML/L: Oxygen, Beckman/YSI [ml/l]
# name 5 = depSM: Depth [salt water, m], lat = 47.5
# name 6 = sal00: Salinity, Practical [PSU]
# name 7 = sigma-é00: Density [sigma-theta, kg/m^3]
# name 8 = flag: flag
# span 0 = 187.554537, 187.557980       
# span 1 =     -4.078,     11.960       
# span 2 =   0.101897,  38.808123       
# span 3 =    14.5418,    17.2100       
# span 4 =   -0.11038,   23.34370       
# span 5 =     -4.044,     11.860       
# span 6 =     0.0594,    31.2517       
# span 7 =    -1.1926,    23.1805       
# span 8 = 0.0000e+00, 0.0000e+00       
# interval = seconds: 0.5
# start_time = Jul 06 2005 13:18:32 [Instrument's time stamp, header]
# bad_flag = -9.990e-29
*END*
 187.554537     -3.887 -9.990e-29    17.2100   -0.10966     -3.855 -9.990e-29 -9.990e-29 -9.990e-29
 187.554543     -3.952   0.192084    17.2076   -0.10967     -3.919     0.1091    -1.1761 -9.990e-29
 187.554549     -4.000   0.189232    17.2046   -0.10968     -3.967     0.1075    -1.1768 -9.990e-29
 187.554554     -4.026   0.184928    17.2024   -0.10968     -3.992     0.1051    -1.1782 -9.990e-29
 187.554560     -4.039   0.180082    17.2009   -0.10968     -4.005     0.1024    -1.1801 -9.990e-29
 187.554566     -4.049   0.175626    17.2002   -0.10970     -4.015     0.0999    -1.1819 -9.990e-29
 187.554572     -4.061   0.171717    17.2001   -0.10975     -4.027     0.0977    -1.1835 -9.990e-29
 187.554578     -4.072   0.168320    17.1996   -0.10976     -4.038     0.0958    -1.1849 -9.990e-29
 187.554583     -4.077   0.165339    17.1977   -0.10975     -4.043     0.0941    -1.1858 -9.990e-29
 187.554589     -4.078   0.162310    17.1945   -0.10974     -4.044     0.0925    -1.1866 -9.990e-29
 187.554595     -4.074   0.159629    17.1909   -0.10975     -4.040     0.0910    -1.1871 -9.990e-29
 187.554601     -4.064   0.158155    17.1883   -0.10979     -4.030     0.0902    -1.1873 -9.990e-29
 187.554606     -4.049   0.157587    17.1864   -0.10980     -4.015     0.0899    -1.1872 -9.990e-29
 187.554612     -4.028   0.157169    17.1834   -0.10980     -3.994     0.0896    -1.1868 -9.990e-29
 187.554618     -3.998   0.156896    17.1775   -0.10978     -3.965     0.0895    -1.1859 -9.990e-29
 187.554624     -3.963   0.156962    17.1703   -0.10979     -3.930     0.0895    -1.1846 -9.990e-29
 187.554630     -3.929   0.156899    17.1656   -0.10982     -3.896     0.0895    -1.1838 -9.990e-29
 187.554635     -3.898   0.156068    17.1641   -0.10984     -3.866     0.0891    -1.1839 -9.990e-29
 187.554641     -3.868   0.155025    17.1630   -0.10983     -3.836     0.0885    -1.1841 -9.990e-29
 187.554647     -3.836   0.155153    17.1596   -0.10982     -3.804     0.0886    -1.1834 -9.990e-29
 187.554653     -3.806   0.156069    17.1544   -0.10981     -3.774     0.0891    -1.1821 -9.990e-29
 187.554659     -3.779   0.155670    17.1511   -0.10984     -3.747     0.0889    -1.1817 -9.990e-29
 187.554664     -3.750   0.152867    17.1511   -0.10987     -3.719     0.0873    -1.1829 -9.990e-29
 187.554670     -3.717   0.148913    17.1517   -0.10987     -3.686     0.0851    -1.1847 -9.990e-29
 187.554676     -3.685   0.145742    17.1495   -0.10986     -3.654     0.0834    -1.1857 -9.990e-29
 187.554682     -3.658   0.143563    17.1448   -0.10986     -3.628     0.0822    -1.1858 -9.990e-29
 187.554688     -3.634   0.141687    17.1412   -0.10988     -3.604     0.0811    -1.1859 -9.990e-29
 187.554693     -3.611   0.139832    17.1404   -0.10988     -3.581     0.0801    -1.1866 -9.990e-29
 187.554699     -3.588   0.138296    17.1407   -0.10987     -3.558     0.0792    -1.1873 -9.990e-29
 187.554705     -3.563   0.138356    17.1394   -0.10985     -3.533     0.0793    -1.1870 -9.990e-29
 187.554711     -3.535   0.140094    17.1352   -0.10986     -3.506     0.0802    -1.1856 -9.990e-29
 187.554716     -3.501   0.141394    17.1309   -0.10989     -3.472     0.0810    -1.1842 -9.990e-29
 187.554722     -3.465   0.140663    17.1294   -0.10991     -3.436     0.0806    -1.1843 -9.990e-29
 187.554728     -3.432   0.138591    17.1295   -0.10990     -3.403     0.0794    -1.1852 -9.990e-29
 187.554734     -3.404   0.136850    17.1288   -0.10989     -3.376     0.0785    -1.1858 -9.990e-29
 187.554740     -3.379   0.135888    17.1276   -0.10988     -3.351     0.0779    -1.1860 -9.990e-29
 187.554745     -3.357   0.134978    17.1277   -0.10990     -3.329     0.0774    -1.1864 -9.990e-29
 187.554751     -3.335   0.133463    17.1294   -0.10994     -3.307     0.0766    -1.1874 -9.990e-29
 187.554757     -3.313   0.131540    17.1305   -0.10994     -3.285     0.0755    -1.1884 -9.990e-29
 187.554763     -3.288   0.129971    17.1287   -0.10993     -3.261     0.0747    -1.1887 -9.990e-29
 187.554769     -3.260   0.128882    17.1245   -0.10992     -3.233     0.0741    -1.1884 -9.990e-29
 187.554774     -3.230   0.127929    17.1212   -0.10993     -3.203     0.0736    -1.1883 -9.990e-29
 187.554780     -3.206   0.126950    17.1208   -0.10993     -3.179     0.0730    -1.1886 -9.990e-29
 187.554786     -3.190   0.125750    17.1217   -0.10994     -3.163     0.0724    -1.1893 -9.990e-29
 187.554792     -3.182   0.124391    17.1207   -0.10992     -3.155     0.0716    -1.1897 -9.990e-29
 187.554797     -3.175   0.123280    17.1165   -0.10992     -3.149     0.0710    -1.1894 -9.990e-29
 187.554803     -3.158   0.122600    17.1116   -0.10992     -3.132     0.0706    -1.1888 -9.990e-29
 187.554809     -3.124   0.121998    17.1094   -0.10994     -3.098     0.0703    -1.1887 -9.990e-29
 187.554815     -3.084   0.121227    17.1098   -0.10996     -3.058     0.0699    -1.1891 -9.990e-29
 187.554821     -3.050   0.120921    17.1106   -0.10996     -3.025     0.0697    -1.1893 -9.990e-29
 187.554826     -3.022   0.121227    17.1108   -0.10996     -2.997     0.0699    -1.1893 -9.990e-29
 187.554832     -2.995   0.120891    17.1109   -0.10996     -2.970     0.0697    -1.1894 -9.990e-29
 187.554838     -2.962   0.119465    17.1117   -0.11000     -2.937     0.0689    -1.1902 -9.990e-29
 187.554844     -2.926   0.117820    17.1132   -0.11003     -2.902     0.0680    -1.1911 -9.990e-29
 187.554850     -2.894   0.116534    17.1141   -0.11002     -2.870     0.0673    -1.1918 -9.990e-29
 187.554855     -2.867   0.115556    17.1126   -0.11001     -2.843     0.0668    -1.1920 -9.990e-29
 187.554861     -2.843   0.114692    17.1087   -0.11001     -2.819     0.0663    -1.1916 -9.990e-29
 187.554867     -2.822   0.113896    17.1048   -0.11003     -2.798     0.0659    -1.1913 -9.990e-29
 187.554873     -2.797   0.113218    17.1029   -0.11004     -2.774     0.0655    -1.1912 -9.990e-29
 187.554878     -2.762   0.112863    17.1015   -0.11005     -2.739     0.0653    -1.1911 -9.990e-29
 187.554884     -2.725   0.112911    17.0972   -0.11004     -2.702     0.0654    -1.1904 -9.990e-29
 187.554890     -2.695   0.112872    17.0903   -0.11003     -2.673     0.0653    -1.1892 -9.990e-29
 187.554896     -2.671   0.112141    17.0854   -0.11003     -2.649     0.0650    -1.1886 -9.990e-29
 187.554902     -2.646   0.110854    17.0846   -0.11003     -2.624     0.0643    -1.1890 -9.990e-29
 187.554907     -2.624   0.109511    17.0850   -0.11002     -2.602     0.0635    -1.1897 -9.990e-29
 187.554913     -2.607   0.108539    17.0835   -0.11001     -2.585     0.0630    -1.1898 -9.990e-29
 187.554919     -2.594   0.108306    17.0796   -0.11001     -2.572     0.0629    -1.1892 -9.990e-29
 187.554925     -2.585   0.108501    17.0762   -0.11003     -2.563     0.0630    -1.1885 -9.990e-29
 187.554931     -2.574   0.108276    17.0756   -0.11005     -2.553     0.0629    -1.1885 -9.990e-29
 187.554936     -2.557   0.107330    17.0774   -0.11005     -2.536     0.0623    -1.1892 -9.990e-29
 187.554942     -2.536   0.106065    17.0798   -0.11003     -2.515     0.0616    -1.1902 -9.990e-29
 187.554948     -2.515   0.105011    17.0815   -0.11003     -2.494     0.0611    -1.1909 -9.990e-29
 187.554954     -2.492   0.104428    17.0829   -0.11005     -2.471     0.0607    -1.1914 -9.990e-29
 187.554959     -2.471   0.104093    17.0845   -0.11007     -2.450     0.0606    -1.1918 -9.990e-29
 187.554965     -2.454   0.103559    17.0858   -0.11006     -2.434     0.0603    -1.1923 -9.990e-29
 187.554971     -2.435   0.102670    17.0852   -0.11005     -2.415     0.0598    -1.1926 -9.990e-29
 187.554977     -2.409   0.101902    17.0818   -0.11004     -2.389     0.0594    -1.1923 -9.990e-29
 187.554983     -2.380   0.101897    17.0780   -0.11004     -2.360     0.0594    -1.1916 -9.990e-29
 187.554988     -2.353   0.102647    17.0768   -0.11004     -2.333     0.0598    -1.1911 -9.990e-29
 187.554994     -2.326   0.104043    17.0773   -0.11003     -2.307     0.0605    -1.1906 -9.990e-29
 187.555000     -2.295   0.106838    17.0766   -0.11005     -2.276     0.0621    -1.1893 -9.990e-29
 187.555006     -2.261   0.110880    17.0740   -0.11007     -2.242     0.0643    -1.1871 -9.990e-29
 187.555012     -2.225   0.114353    17.0717   -0.11007     -2.206     0.0662    -1.1853 -9.990e-29
 187.555017     -2.191   0.116346    17.0717   -0.11005     -2.173     0.0673    -1.1844 -9.990e-29
 187.555023     -2.165   0.117298    17.0735   -0.11004     -2.147     0.0678    -1.1843 -9.990e-29
 187.555029     -2.149   0.117925    17.0752   -0.11005     -2.131     0.0681    -1.1844 -9.990e-29
 187.555035     -2.143   0.118510    17.0761   -0.11007     -2.125     0.0684    -1.1843 -9.990e-29
 187.555041     -2.140   0.118724    17.0765   -0.11008     -2.122     0.0686    -1.1843 -9.990e-29
 187.555046     -2.134   0.118300    17.0762   -0.11007     -2.116     0.0683    -1.1844 -9.990e-29
 187.555052     -2.119   0.117227    17.0740   -0.11008     -2.101     0.0677    -1.1845 -9.990e-29
 187.555058     -2.098   0.115738    17.0711   -0.11010     -2.081     0.0669    -1.1846 -9.990e-29
 187.555064     -2.079   0.114064    17.0705   -0.11009     -2.062     0.0660    -1.1852 -9.990e-29
 187.555069     -2.065   0.112746    17.0720   -0.11008     -2.048     0.0653    -1.1860 -9.990e-29
 187.555075     -2.055   0.112797    17.0727   -0.11008     -2.038     0.0653    -1.1861 -9.990e-29
 187.555081     -2.048   0.114286    17.0707   -0.11013     -2.031     0.0661    -1.1851 -9.990e-29
 187.555087     -2.040   0.115873    17.0676   -0.11018     -2.023     0.0670    -1.1839 -9.990e-29
 187.555093     -2.025   0.116348    17.0655   -0.11018     -2.008     0.0673    -1.1833 -9.990e-29
 187.555098     -2.007   0.115791    17.0645   -0.11014     -1.990     0.0670    -1.1834 -9.990e-29
 187.555104     -1.990   0.115123    17.0628   -0.11013     -1.973     0.0666    -1.1834 -9.990e-29
 187.555110     -1.972   0.115115    17.0612   -0.11014     -1.956     0.0666    -1.1831 -9.990e-29
 187.555116     -1.947   0.115758    17.0616   -0.11018     -1.931     0.0670    -1.1829 -9.990e-29
 187.555122     -1.914   0.116246    17.0621   -0.11022     -1.898     0.0672    -1.1828 -9.990e-29
 187.555127     -1.885   0.116124    17.0579   -0.11021     -1.869     0.0672    -1.1821 -9.990e-29
 187.555133     -1.864   0.115783    17.0482   -0.11018     -1.848     0.0670    -1.1805 -9.990e-29
 187.555139     -1.852   0.115322    17.0393   -0.11019     -1.837     0.0667    -1.1792 -9.990e-29
 187.555145     -1.847   0.114681    17.0370   -0.11021     -1.832     0.0664    -1.1790 -9.990e-29
 187.555150     -1.846   0.114117    17.0399   -0.11021     -1.831     0.0661    -1.1798 -9.990e-29
 187.555156     -1.838   0.113986    17.0418   -0.11021     -1.823     0.0660    -1.1802 -9.990e-29
 187.555162     -1.824   0.115221    17.0382   -0.11020     -1.809     0.0667    -1.1790 -9.990e-29
 187.555168     -1.812   0.117806    17.0302   -0.11018     -1.797     0.0681    -1.1765 -9.990e-29
 187.555174     -1.800   0.120199    17.0238   -0.11017     -1.785     0.0694    -1.1744 -9.990e-29
 187.555179     -1.784   0.121710    17.0230   -0.11018     -1.769     0.0703    -1.1736 -9.990e-29
 187.555185     -1.766   0.122692    17.0248   -0.11020     -1.751     0.0708    -1.1735 -9.990e-29
 187.555191     -1.751   0.123347    17.0246   -0.11022     -1.736     0.0712    -1.1732 -9.990e-29
 187.555197     -1.736   0.123440    17.0225   -0.11021     -1.722     0.0712    -1.1728 -9.990e-29
 187.555203     -1.722   0.123097    17.0213   -0.11019     -1.708     0.0710    -1.1727 -9.990e-29
 187.555208     -1.706   0.122967    17.0222   -0.11018     -1.692     0.0710    -1.1729 -9.990e-29
 187.555214     -1.689   0.122878    17.0248   -0.11017     -1.675     0.0709    -1.1734 -9.990e-29
 187.555220     -1.670   0.122160    17.0279   -0.11022     -1.656     0.0705    -1.1743 -9.990e-29
 187.555226     -1.646   0.120962    17.0297   -0.11027     -1.632     0.0699    -1.1751 -9.990e-29
 187.555231     -1.620   0.119907    17.0284   -0.11030     -1.606     0.0693    -1.1753 -9.990e-29
 187.555237     -1.596   0.119250    17.0248   -0.11029     -1.583     0.0689    -1.1749 -9.990e-29
 187.555243     -1.567   0.119225    17.0226   -0.11031     -1.554     0.0689    -1.1746 -9.990e-29
 187.555249     -1.531   0.119797    17.0239   -0.11030     -1.518     0.0692    -1.1746 -9.990e-29
 187.555255     -1.496   0.120066    17.0270   -0.11027     -1.484     0.0694    -1.1750 -9.990e-29
 187.555260     -1.466   0.119652    17.0288   -0.11022     -1.454     0.0691    -1.1755 -9.990e-29
 187.555266     -1.445   0.119112    17.0257   -0.11022     -1.433     0.0688    -1.1752 -9.990e-29
 187.555272     -1.427   0.119204    17.0162   -0.11036     -1.415     0.0689    -1.1735 -9.990e-29
 187.555278     -1.407   0.120048    17.0048   -0.11038     -1.395     0.0694    -1.1711 -9.990e-29
 187.555284     -1.382   0.120918    16.9971   -0.11034     -1.370     0.0699    -1.1694 -9.990e-29
 187.555289     -1.357   0.121310    16.9935   -0.11032     -1.346     0.0701    -1.1686 -9.990e-29
 187.555295     -1.333   0.121192    16.9926   -0.10238     -1.322     0.0700    -1.1685 -9.990e-29
 187.555301     -1.305   0.120957    16.9950   -0.09682     -1.294     0.0699    -1.1690 -9.990e-29
 187.555307     -1.271   0.121398    17.0001   -0.09948     -1.260     0.0701    -1.1697 -9.990e-29
 187.555313     -1.233   0.124764    17.0027   -0.09543     -1.223     0.0720    -1.1687 -9.990e-29
 187.555318     -1.184   0.137757    16.9938   -0.09545     -1.174     0.0792    -1.1616 -9.990e-29
 187.555324     -1.122   0.171047    16.9742   -0.09579     -1.113     0.0978    -1.1439 -9.990e-29
 187.555330     -1.051   0.245741    16.9538   -0.09599     -1.042     0.1401    -1.1076 -9.990e-29
 187.555336     -0.966   0.442582    16.9239   -0.09587     -0.958     0.2547    -1.0141 -9.990e-29
 187.555341     -0.857   1.016818    16.8382   -0.09571     -0.850     0.6033    -0.7310 -9.990e-29
 187.555347     -0.723   2.718020    16.6201   -0.09551     -0.717     1.7024     0.1509 -9.990e-29
 187.555353     -0.567   7.786186    16.2788   -0.09548     -0.562     5.2655     2.9383 -9.990e-29
 187.555359     -0.406  16.926526    15.9494   -0.09563     -0.403    12.2784     8.3556 -9.990e-29
 187.555365     -0.258  25.519026    15.7013   -0.09550     -0.256    19.3415    13.8019 -9.990e-29
 187.555370     -0.131  30.746559    15.4997   -0.09557     -0.130    23.8628    17.3046 -9.990e-29
 187.555376     -0.026  34.460327    15.3381   -0.09557     -0.026    27.1794    19.8822 -9.990e-29
 187.555382      0.055  36.881161    15.2415   -0.09553      0.055    29.3772    21.5909 -9.990e-29
 187.555388      0.114  37.818509    15.2155   -0.09558      0.113    30.2281    22.2507 -9.990e-29
 187.555394      0.158  38.193533    15.2427   -0.09555      0.157    30.5405    22.4851 -9.990e-29
 187.555399      0.199  38.398573    15.2862   -0.09555      0.197    30.6890    22.5899 -9.990e-29
 187.555405      0.243  38.510731    15.3102   -0.09540      0.241    30.7699    22.6470 -9.990e-29
 187.555411      0.289  38.550573    15.3134   -0.09547      0.287    30.8028    22.6716 -9.990e-29
 187.555417      0.327  38.547120    15.3070   -0.09556      0.324    30.8047    22.6745 -9.990e-29
 187.555422      0.351  38.538396    15.2943   -0.09555      0.348    30.8069    22.6789 -9.990e-29
 187.555428      0.367  38.569413    15.2858   -0.09546      0.364    30.8412    22.7071 -9.990e-29
 187.555434      0.380  38.615349    15.2843   -0.09519      0.377    30.8832    22.7398 -9.990e-29
 187.555440      0.390  38.642109    15.2830   -0.09509      0.387    30.9081    22.7592 -9.990e-29
 187.555446      0.400  38.652846    15.2867   -0.09507      0.397    30.9147    22.7635 -9.990e-29
 187.555451      0.408  38.660757    15.3033   -0.09507      0.405    30.9087    22.7553 -9.990e-29
 187.555457      0.416  38.668538    15.3200   -0.09500      0.413    30.9025    22.7469 -9.990e-29
