data/oxygen options/OCNMS/OCNMS2/raw_data/2005/CTD_TH40_062205faedb.cnv
* Sea-Bird SBE19 Data File:
* FileName = C:\hypoxia CTD data\TH40_062205.hex
* Software Version 1.1.5
* Temperature SN = 2997
* Conductivity SN = 2997
* System UpLoad Time = Jun 22 2005 12:33:43
* SEACAT PROFILER V3.1c SN 2997   06/22/05  12:33:23.420
* strain gauge pressure sensor: S/N = 184829,  range = 3000 psia,  tc = 40
# nquan = 9
# nvalues = 39                          
# units = specified
# name 0 = timeJ: Julian Days
# name 1 = prSM: Pressure, Strain Gauge [db]
# name 2 = c0mS/cm: Conductivity [mS/cm]
# name 3 = t090C: Temperature [ITS-90, deg C]
# name 4 = oxML/L: Oxygen, Beckman/YSI [ml/l]
# name 5 = depSM: Depth [salt water, m], lat = 47.5
# name 6 = sal00: Salinity, Practical [PSU]
# name 7 = sigma-é00: Density [sigma-theta, kg/m^3]
# name 8 = flag: flag
# span 0 = 173.429000, 173.429458       
# span 1 =      3.000,     41.000       
# span 2 =  35.054404,  38.239039       
# span 3 =     8.6828,    15.3021       
# span 4 =    3.00230,    6.60552       
# span 5 =      2.975,     40.654       
# span 6 =    30.5338,    33.0939       
# span 7 =    22.4673,    25.6749       
# span 8 = 0.0000e+00, 0.0000e+00       
# interval = decibars: 1                
# start_time = Jun 22 2005 10:14:43 [Instrument's time stamp, header]
# bad_flag = -9.990e-29
*END*
 173.429000      3.000  38.239039    15.3021    6.52149      2.975    30.5338    22.4673 0.0000e+00
 173.429022      4.000  38.238004    15.2977    6.57293      3.966    30.5359    22.4699 0.0000e+00
 173.429036      5.000  38.233600    15.2854    6.60552      4.958    30.5412    22.4766 0.0000e+00
 173.429048      6.000  38.225506    15.2632    6.48306      5.950    30.5509    22.4889 0.0000e+00
 173.429060      7.000  38.208843    15.1834    6.22391      6.942    30.5979    22.5421 0.0000e+00
 173.429071      8.000  38.139422    14.9280    6.01497      7.933    30.7357    22.7024 0.0000e+00
 173.429082      9.000  37.986373    14.5499    5.90142      8.924    30.8968    22.9057 0.0000e+00
 173.429092     10.000  37.780091    14.1318    5.77687      9.916    31.0435    23.1049 0.0000e+00
 173.429103     11.000  37.550343    13.7382    5.81388     10.908    31.1501    23.2671 0.0000e+00
 173.429114     12.000  37.350605    13.3722    6.15830     11.900    31.2633    23.4275 0.0000e+00
 173.429124     13.000  37.104547    12.8572    6.42965     12.891    31.4578    23.6782 0.0000e+00
 173.429136     14.000  36.807325    12.4264    6.45858     13.883    31.5358    23.8208 0.0000e+00
 173.429147     15.000  36.630972    12.2243    6.33991     14.874    31.5370    23.8596 0.0000e+00
 173.429159     16.000  36.522077    12.0391    6.16952     15.866    31.5885    23.9339 0.0000e+00
 173.429170     17.000  36.419190    11.8903    6.04110     16.857    31.6151    23.9820 0.0000e+00
 173.429180     18.000  36.340766    11.7475    5.90265     17.849    31.6604    24.0432 0.0000e+00
 173.429191     19.000  36.263563    11.6311    5.79717     18.841    31.6843    24.0830 0.0000e+00
 173.429201     20.000  36.208758    11.5409    5.68788     19.832    31.7078    24.1175 0.0000e+00
 173.429212     21.000  36.174600    11.4722    5.45309     20.824    31.7330    24.1494 0.0000e+00
 173.429224     22.000  36.151113    11.3979    5.05009     21.816    31.7735    24.1942 0.0000e+00
 173.429235     23.000  36.101542    11.2027    4.60270     22.806    31.8929    24.3218 0.0000e+00
 173.429247     24.000  35.997143    10.8993    4.34082     23.799    32.0534    24.5000 0.0000e+00
 173.429258     25.000  35.869865    10.6502    4.17430     24.789    32.1452    24.6145 0.0000e+00
 173.429271     26.000  35.785584    10.4875    3.92778     25.781    32.2044    24.6884 0.0000e+00
 173.429284     27.000  35.680214    10.1916    3.66923     26.773    32.3611    24.8605 0.0000e+00
 173.429297     28.000  35.558374     9.8827    3.46837     27.764    32.5144    25.0314 0.0000e+00
 173.429309     29.000  35.458791     9.6622    3.32806     28.756    32.6119    25.1437 0.0000e+00
 173.429321     30.000  35.364974     9.3729    3.20049     29.747    32.7791    25.3210 0.0000e+00
 173.429332     31.000  35.266324     9.1655    3.13870     30.739    32.8673    25.4230 0.0000e+00
 173.429343     32.000  35.209945     8.9996    3.10437     31.730    32.9617    25.5228 0.0000e+00
 173.429354     33.000  35.155007     8.8783    3.07722     32.722    33.0167    25.5849 0.0000e+00
 173.429365     34.000  35.120101     8.8185    3.06837     33.713    33.0354    25.6088 0.0000e+00
 173.429377     35.000  35.096542     8.7709    3.04454     34.705    33.0547    25.6313 0.0000e+00
 173.429389     36.000  35.080975     8.7264    3.00935     35.696    33.0796    25.6576 0.0000e+00
 173.429401     37.000  35.068640     8.7005    3.01637     36.688    33.0904    25.6701 0.0000e+00
 173.429414     38.000  35.062635     8.6895    3.00734     37.680    33.0939    25.6745 0.0000e+00
 173.429425     39.000  35.058142     8.6845    3.00459     38.671    33.0934    25.6749 0.0000e+00
 173.429439     40.000  35.054404     8.6828    3.00230     39.662    33.0906    25.6730 0.0000e+00
 173.429458     41.000  35.056985     8.6915    3.01355     40.654    33.0848    25.6670 0.0000e+00
