data/oxygen options/OCNMS/OCNMS2/raw_data/2005/CTD_CA40_083005faed.cnv
* Sea-Bird SBE19 Data File:
* FileName = C:\hypoxia CTD data\CA40_083005.hex
* Software Version 1.1.5
* Temperature SN = 2997
* Conductivity SN = 2997
* System UpLoad Time = Aug 30 2005 17:17:59
** Cape Alava 40m 0883005
* SEACAT PROFILER V3.1c SN 2997   08/30/05  17:16:09.713
# nquan = 9                                 
# nvalues = 858                         
# units = specified
# name 0 = timeJ: Julian Days
# name 1 = prSM: Pressure, Strain Gauge [db]
# name 2 = c0mS/cm: Conductivity [mS/cm]
# name 3 = t090C: Temperature [ITS-90, deg C]
# name 4 = oxML/L: Oxygen, Beckman/YSI [ml/l]
# name 5 = depSM: Depth [salt water, m], lat = 47.5
# name 6 = sal00: Salinity, Practical [PSU]
# name 7 = sigma-é00: Density [sigma-theta, kg/m^3]
# name 8 = flag: flag
# span 0 = 242.635984, 242.640943       
# span 1 =     -3.621,     42.473       
# span 2 =   2.796257,  38.113508       
# span 3 =     7.9893,    13.7567       
# span 4 =   -0.09947,   26.10267       
# span 5 =     -3.591,     42.114       
# span 6 =     1.8853,    33.4837       
# span 7 =     0.7417,    26.0763       
# span 8 = 0.0000e+00, 0.0000e+00       
# interval = seconds: 0.5
# start_time = Aug 30 2005 15:15:49 [Instrument's time stamp, header]
# bad_flag = -9.990e-29
*END*
 242.635984     -3.621 -9.990e-29    13.7567   -0.09935     -3.591 -9.990e-29 -9.990e-29 -9.990e-29
 242.635990     -3.546   2.796257    13.7514   -0.09934     -3.516     1.8853     0.7417 -9.990e-29
 242.635995     -3.446   3.070049    13.7340   -0.09934     -3.417     2.0822     0.8964 -9.990e-29
 242.636001     -3.304   3.980452    13.6989   -0.09935     -3.276     2.7454     1.4135 -9.990e-29
 242.636007     -3.117   6.914015    13.6526   -0.09935     -3.091     4.9551     3.1240 -9.990e-29
 242.636013     -2.886  13.259798    13.6041   -0.09937     -2.862    10.0031     7.0149 -9.990e-29
 242.636019     -2.608  22.286700    13.5626   -0.09940     -2.586    17.6144    12.8727 -9.990e-29
 242.636024     -2.297  30.687520    13.5371   -0.09939     -2.278    25.0447    18.5965 -9.990e-29
 242.636030     -1.970  35.480995    13.5266   -0.09941     -1.954    29.4157    21.9696 -9.990e-29
 242.636036     -1.644  37.225734    13.5241   -0.09939     -1.630    31.0287    23.2156 -9.990e-29
 242.636042     -1.343  37.808410    13.5248   -0.09940     -1.332    31.5687    23.6327 -9.990e-29
 242.636047     -1.073  38.003153    13.5250   -0.09942     -1.064    31.7494    23.7723 -9.990e-29
 242.636053     -0.820  38.067973    13.5240   -0.09943     -0.813    31.8104    23.8197 -9.990e-29
 242.636059     -0.582  38.091578    13.5221   -0.09942     -0.577    31.8339    23.8382 -9.990e-29
 242.636065     -0.368  38.102112    13.5178   -0.09942     -0.365    31.8472    23.8493 -9.990e-29
 242.636071     -0.182  38.103557    13.5123   -0.09940     -0.180    31.8530    23.8550 -9.990e-29
 242.636076     -0.018  38.098999    13.5088   -0.09941     -0.018    31.8516    23.8546 -9.990e-29
 242.636082      0.132  38.096416    13.5075   -0.09942      0.131    31.8503    23.8538 -9.990e-29
 242.636088      0.260  38.098571    13.5069   -0.09942      0.258    31.8527    23.8558 -9.990e-29
 242.636094      0.357  38.101642    13.5039   -0.09942      0.354    31.8580    23.8605 -9.990e-29
 242.636100      0.429  38.102466    13.4988   -0.09942      0.425    31.8630    23.8654 -9.990e-29
 242.636105      0.490  38.101058    13.4953   -0.09943      0.486    31.8646    23.8673 -9.990e-29
 242.636111      0.550  38.100065    13.4948   -0.09943      0.545    31.8641    23.8670 -9.990e-29
 242.636117      0.615  38.103247    13.4967   -0.09942      0.610    31.8654    23.8677 -9.990e-29
 242.636123      0.676  38.109836    13.4994   -0.09941      0.670    31.8693    23.8701 -9.990e-29
 242.636128      0.724  38.113508    13.5002   -0.09941      0.718    31.8720    23.8721 -9.990e-29
 242.636134      0.758  38.110783    13.4988   -0.09941      0.752    31.8706    23.8713 -9.990e-29
 242.636140      0.783  38.104796    13.4975   -0.09942      0.776    31.8661    23.8681 -9.990e-29
 242.636146      0.811  38.101062    13.4969   -0.09943      0.804    31.8632    23.8659 -9.990e-29
 242.636152      0.843  38.102492    13.4966   -0.09943      0.836    31.8647    23.8672 -9.990e-29
 242.636157      0.876  38.105979    13.4969   -0.09943      0.869    31.8677    23.8694 -9.990e-29
 242.636163      0.913  38.105554    13.4978   -0.09941      0.905    31.8665    23.8683 -9.990e-29
 242.636169      0.952  38.101248    13.4991   -0.09939      0.944    31.8614    23.8641 -9.990e-29
 242.636175      0.990  38.099136    13.5007   -0.09942      0.982    31.8581    23.8613 -9.990e-29
 242.636181      1.027  38.103167    13.5024   -0.09943      1.018    31.8604    23.8627 -9.990e-29
 242.636186      1.057  38.109218    13.5028   -0.09944      1.048    31.8657    23.8667 -9.990e-29
 242.636192      1.076  38.109689    13.5011   -0.09942      1.067    31.8676    23.8685 -9.990e-29
 242.636198      1.090  38.104124    13.4989   -0.09941      1.081    31.8642    23.8663 -9.990e-29
 242.636204      1.108  38.098600    13.4982   -0.09943      1.099    31.8597    23.8629 -9.990e-29
 242.636209      1.132  38.098690    13.4999   -0.09945      1.123    31.8583    23.8616 -9.990e-29
 242.636215      1.155  38.103428    13.5035   -0.09945      1.145    31.8597    23.8619 -9.990e-29
 242.636221      1.174  38.106829    13.5051   -0.09944      1.164    31.8615    23.8630 -9.990e-29
 242.636227      1.195  38.106175    13.5024   -0.09942      1.185    31.8632    23.8648 -9.990e-29
 242.636233      1.226  38.102873    13.4983   -0.09943      1.216    31.8635    23.8659 -9.990e-29
 242.636238      1.271  38.100971    13.4968   -0.09943      1.260    31.8630    23.8658 -9.990e-29
 242.636244      1.320  38.103578    13.4988   -0.09944      1.309    31.8637    23.8660 -9.990e-29
 242.636250      1.361  38.107476    13.4999   -0.09943      1.350    31.8664    23.8678 -9.990e-29
 242.636256      1.395  38.107802    13.4973   -0.09943      1.383    31.8689    23.8702 -9.990e-29
 242.636262      1.427  38.103907    13.4940   -0.09941      1.415    31.8680    23.8702 -9.990e-29
 242.636267      1.464  38.099607    13.4934   -0.09944      1.452    31.8645    23.8676 -9.990e-29
 242.636273      1.495  38.100423    13.4961   -0.09945      1.483    31.8630    23.8659 -9.990e-29
 242.636279      1.505  38.105236    13.4992   -0.09946      1.492    31.8649    23.8668 -9.990e-29
 242.636285      1.495  38.107038    13.4995   -0.09945      1.483    31.8663    23.8678 -9.990e-29
 242.636291      1.477  38.103222    13.4983   -0.09944      1.465    31.8637    23.8661 -9.990e-29
 242.636296      1.471  38.097152    13.4979   -0.09943      1.459    31.8584    23.8621 -9.990e-29
 242.636302      1.489  38.093671    13.4988   -0.09943      1.477    31.8544    23.8588 -9.990e-29
 242.636308      1.521  38.094907    13.5005   -0.09944      1.508    31.8541    23.8582 -9.990e-29
 242.636314      1.545  38.098616    13.5008   -0.09944      1.532    31.8573    23.8606 -9.990e-29
 242.636319      1.561  38.100244    13.4981   -0.09944      1.548    31.8611    23.8641 -9.990e-29
 242.636325      1.577  38.097512    13.4945   -0.09942      1.564    31.8616    23.8652 -9.990e-29
 242.636331      1.604  38.092986    13.4927   -0.09940      1.591    31.8588    23.8634 -9.990e-29
 242.636337      1.642  38.091321    13.4933   -0.09939      1.628    31.8568    23.8617 -9.990e-29
 242.636343      1.681  38.093699    13.4954   -0.09940      1.667    31.8572    23.8616 -9.990e-29
 242.636348      1.711  38.097159    13.4973   -0.09943      1.697    31.8588    23.8625 -9.990e-29
 242.636354      1.729  38.099059    13.4975   -0.09945      1.715    31.8604    23.8637 -9.990e-29
 242.636360      1.746  38.099166    13.4966   -0.09947      1.731    31.8613    23.8645 -9.990e-29
 242.636366      1.771  38.099342    13.4965   -0.09944      1.756    31.8615    23.8647 -9.990e-29
 242.636372      1.801  38.101542    13.4990   -0.09943      1.786    31.8615    23.8642 -9.990e-29
 242.636377      1.830  38.105370    13.5043   -0.09944      1.815    31.8606    23.8625 -9.990e-29
 242.636383      1.851  38.108677    13.5100   -0.09945      1.836    31.8589    23.8600 -9.990e-29
 242.636389      1.865  38.110299    13.5121   -0.09945      1.849    31.8587    23.8594 -9.990e-29
 242.636395      1.881  38.109633    13.5092   -0.09945      1.865    31.8605    23.8614 -9.990e-29
 242.636400      1.910  38.106390    13.5037   -0.09945      1.894    31.8620    23.8637 -9.990e-29
 242.636406      1.957  38.101893    13.4982   -0.09944      1.941    31.8624    23.8651 -9.990e-29
 242.636412      2.012  38.098595    13.4955   -0.09944      1.995    31.8616    23.8650 -9.990e-29
 242.636418      2.054  38.098862    13.4970   14.83276      2.037    31.8605    23.8639 -9.990e-29
 242.636424      2.072  38.100842    13.4993   24.67587      2.055    31.8605    23.8634 -9.990e-29
 242.636429      2.080  38.099919    13.4996   26.10267      2.063    31.8593    23.8624 -9.990e-29
 242.636435      2.096  38.096024    13.4984   22.85945      2.078    31.8567    23.8607 -9.990e-29
 242.636441      2.120  38.092414    13.4972   14.82497      2.102    31.8543    23.8591 -9.990e-29
 242.636447      2.147  38.091044    13.4970   11.87389      2.129    31.8532    23.8582 -9.990e-29
 242.636453      2.168  38.092366    13.4976   11.88471      2.150    31.8539    23.8587 -9.990e-29
 242.636458      2.182  38.094812    13.4983   11.86411      2.164    31.8556    23.8598 -9.990e-29
 242.636464      2.188  38.095510    13.4981   11.86516      2.170    31.8565    23.8605 -9.990e-29
 242.636470      2.191  38.093745    13.4967   11.87085      2.173    31.8560    23.8604 -9.990e-29
 242.636476      2.201  38.090005    13.4946   11.86700      2.183    31.8542    23.8595 -9.990e-29
 242.636481      2.223  38.085513    13.4927   11.86665      2.204    31.8516    23.8579 -9.990e-29
 242.636487      2.252  38.082729    13.4918   11.86082      2.233    31.8498    23.8566 -9.990e-29
 242.636493      2.279  38.081902    13.4920   11.86388      2.260    31.8488    23.8559 -9.990e-29
 242.636499      2.297  38.081966    13.4927   10.99452      2.278    31.8483    23.8553 -9.990e-29
 242.636505      2.310  38.082480    13.4935    7.13335      2.291    31.8481    23.8550 -9.990e-29
 242.636510      2.329  38.083045    13.4935    4.57741      2.310    31.8486    23.8554 -9.990e-29
 242.636516      2.358  38.083330    13.4917    3.51917      2.338    31.8504    23.8571 -9.990e-29
 242.636522      2.392  38.082630    13.4889    3.98405      2.372    31.8521    23.8590 -9.990e-29
 242.636528      2.415  38.081170    13.4888    5.53156      2.395    31.8508    23.8580 -9.990e-29
 242.636534      2.424  38.080964    13.4912    6.18928      2.404    31.8486    23.8558 -9.990e-29
 242.636539      2.433  38.082336    13.4906    6.48369      2.413    31.8503    23.8573 -9.990e-29
 242.636545      2.451  38.082664    13.4831    6.66857      2.431    31.8569    23.8639 -9.990e-29
 242.636551      2.475  38.079621    13.4704    6.77424      2.454    31.8647    23.8724 -9.990e-29
 242.636557      2.493  38.073673    13.4607    6.83007      2.472    31.8672    23.8763 -9.990e-29
 242.636563      2.498  38.068701    13.4614    6.84350      2.477    31.8620    23.8721 -9.990e-29
 242.636568      2.494  38.068766    13.4713    6.84446      2.473    31.8538    23.8638 -9.990e-29
 242.636574      2.491  38.073989    13.4824    6.84631      2.470    31.8494    23.8582 -9.990e-29
 242.636580      2.496  38.079594    13.4888    6.85784      2.475    31.8493    23.8568 -9.990e-29
 242.636586      2.514  38.081877    13.4915    6.87970      2.493    31.8491    23.8562 -9.990e-29
 242.636591      2.542  38.082241    13.4929    6.89526      2.521    31.8483    23.8553 -9.990e-29
 242.636597      2.568  38.082329    13.4942    6.88618      2.547    31.8473    23.8542 -9.990e-29
 242.636603      2.586  38.082857    13.4959    6.87007      2.564    31.8464    23.8532 -9.990e-29
 242.636609      2.606  38.084001    13.4977    6.84826      2.584    31.8459    23.8525 -9.990e-29
 242.636615      2.636  38.085084    13.4992    6.82948      2.614    31.8457    23.8520 -9.990e-29
 242.636620      2.676  38.085904    13.4991    6.84747      2.654    31.8465    23.8526 -9.990e-29
 242.636626      2.715  38.085910    13.4968    6.85346      2.692    31.8484    23.8546 -9.990e-29
 242.636632      2.733  38.084584    13.4942    6.85386      2.710    31.8493    23.8558 -9.990e-29
 242.636638      2.720  38.082997    13.4929    6.83110      2.697    31.8489    23.8558 -9.990e-29
 242.636644      2.687  38.082434    13.4925    6.81012      2.665    31.8488    23.8557 -9.990e-29
 242.636649      2.657  38.082742    13.4901    6.81109      2.635    31.8511    23.8580 -9.990e-29
 242.636655      2.647  38.082129    13.4838    6.82565      2.625    31.8557    23.8628 -9.990e-29
 242.636661      2.658  38.079255    13.4777    6.82450      2.636    31.8582    23.8659 -9.990e-29
 242.636667      2.689  38.076493    13.4749    6.81021      2.667    31.8579    23.8663 -9.990e-29
 242.636672      2.727  38.075803    13.4719    6.79684      2.704    31.8598    23.8683 -9.990e-29
 242.636678      2.764  38.074618    13.4679    6.80720      2.741    31.8620    23.8708 -9.990e-29
 242.636684      2.796  38.072516    13.4663    6.81832      2.773    31.8613    23.8707 -9.990e-29
 242.636690      2.825  38.071778    13.4663    6.81964      2.801    31.8606    23.8701 -9.990e-29
 242.636696      2.855  38.072575    13.4657    6.82518      2.831    31.8619    23.8712 -9.990e-29
 242.636701      2.881  38.073766    13.4645    6.81527      2.857    31.8640    23.8731 -9.990e-29
 242.636707      2.899  38.073790    13.4640    6.80755      2.875    31.8644    23.8735 -9.990e-29
 242.636713      2.907  38.072697    13.4650    6.80796      2.883    31.8626    23.8719 -9.990e-29
 242.636719      2.917  38.072032    13.4675    6.80419      2.893    31.8598    23.8693 -9.990e-29
 242.636725      2.932  38.072601    13.4705    6.81198      2.908    31.8579    23.8671 -9.990e-29
 242.636730      2.948  38.073669    13.4730    6.80853      2.923    31.8568    23.8658 -9.990e-29
 242.636736      2.960  38.074419    13.4749    6.80349      2.935    31.8559    23.8647 -9.990e-29
 242.636742      2.967  38.075289    13.4776    6.79816      2.942    31.8544    23.8631 -9.990e-29
 242.636748      2.978  38.076879    13.4816    6.80316      2.953    31.8526    23.8608 -9.990e-29
 242.636753      2.995  38.079066    13.4850    6.80111      2.970    31.8518    23.8595 -9.990e-29
 242.636759      3.009  38.080840    13.4864    6.79169      2.984    31.8522    23.8596 -9.990e-29
 242.636765      3.017  38.081204    13.4879    6.78591      2.992    31.8513    23.8586 -9.990e-29
 242.636771      3.021  38.081204    13.4909    6.77942      2.996    31.8488    23.8561 -9.990e-29
 242.636777      3.019  38.082521    13.4938    6.76995      2.994    31.8476    23.8546 -9.990e-29
 242.636782      3.016  38.084108    13.4952    6.75956      2.991    31.8479    23.8545 -9.990e-29
 242.636788      3.021  38.084717    13.4952    6.75770      2.996    31.8485    23.8550 -9.990e-29
 242.636794      3.038  38.084598    13.4926    6.76785      3.013    31.8505    23.8571 -9.990e-29
 242.636800      3.064  38.083594    13.4856    6.78148      3.038    31.8554    23.8623 -9.990e-29
 242.636806      3.092  38.080366    13.4780    6.78625      3.066    31.8588    23.8663 -9.990e-29
 242.636811      3.120  38.076219    13.4767    6.76984      3.094    31.8560    23.8645 -9.990e-29
 242.636817      3.144  38.075716    13.4828    6.75241      3.118    31.8504    23.8589 -9.990e-29
 242.636823      3.159  38.079304    13.4914    6.75412      3.133    31.8466    23.8542 -9.990e-29
 242.636829      3.165  38.083353    13.4981    6.78632      3.139    31.8448    23.8515 -9.990e-29
 242.636834      3.170  38.085974    13.5012    6.79693      3.144    31.8446    23.8508 -9.990e-29
 242.636840      3.180  38.087299    13.5012    6.78192      3.153    31.8458    23.8517 -9.990e-29
 242.636846      3.196  38.087413    13.5002    6.76005      3.169    31.8468    23.8526 -9.990e-29
 242.636852      3.217  38.087031    13.4991    6.75766      3.190    31.8473    23.8533 -9.990e-29
 242.636858      3.246  38.086765    13.4976    6.78023      3.219    31.8483    23.8544 -9.990e-29
 242.636863      3.284  38.086257    13.4952    6.78103      3.257    31.8498    23.8560 -9.990e-29
 242.636869      3.325  38.084830    13.4924    6.77068      3.297    31.8508    23.8573 -9.990e-29
 242.636875      3.351  38.083386    13.4916    6.76261      3.323    31.8501    23.8570 -9.990e-29
 242.636881      3.355  38.083361    13.4917    6.76629      3.327    31.8500    23.8569 -9.990e-29
 242.636887      3.349  38.083600    13.4912    6.76997      3.321    31.8507    23.8575 -9.990e-29
 242.636892      3.342  38.083299    13.4903    6.76311      3.314    31.8511    23.8580 -9.990e-29
 242.636898      3.333  38.082621    13.4885    6.75447      3.305    31.8520    23.8590 -9.990e-29
 242.636904      3.323  38.081783    13.4869    6.75455      3.295    31.8526    23.8598 -9.990e-29
