data/oxygen options/OCNMS/OCNMS2/raw_data/2005/CTD_CE30_062105faedb.cnv
* Sea-Bird SBE19 Data File:
* FileName = C:\hypoxia CTD data\CE30_062105.hex
* Software Version 1.1.5
* Temperature SN = 2997
* Conductivity SN = 2997
* System UpLoad Time = Jun 21 2005 16:22:14
* SEACAT PROFILER V3.1c SN 2997   06/21/05  16:21:30.476
* strain gauge pressure sensor: S/N = 184829,  range = 3000 psia,  tc = 40
# nquan = 9
# nvalues = 27                          
# units = specified
# name 0 = timeJ: Julian Days
# name 1 = prSM: Pressure, Strain Gauge [db]
# name 2 = c0mS/cm: Conductivity [mS/cm]
# name 3 = t090C: Temperature [ITS-90, deg C]
# name 4 = oxML/L: Oxygen, Beckman/YSI [ml/l]
# name 5 = depSM: Depth [salt water, m], lat = 47.5
# name 6 = sal00: Salinity, Practical [PSU]
# name 7 = sigma-é00: Density [sigma-theta, kg/m^3]
# name 8 = flag: flag
# span 0 = 172.502357, 172.502702       
# span 1 =      3.000,     29.000       
# span 2 =  35.616313,  38.120613       
# span 3 =     9.7811,    16.9028       
# span 4 =    3.66614,    6.43593       
# span 5 =      2.975,     28.756       
# span 6 =    28.6257,    32.6807       
# span 7 =    20.6509,    25.1754       
# span 8 = 0.0000e+00, 0.0000e+00       
# interval = decibars: 1                
# start_time = Jun 21 2005 12:00:07 [Instrument's time stamp, header]
# bad_flag = -9.990e-29
*END*
 172.502357      3.000  37.412520    16.9028    6.29473      2.975    28.6257    20.6509 0.0000e+00
 172.502378      4.000  37.778703    16.7972    6.20258      3.967    29.0131    20.9714 0.0000e+00
 172.502394      5.000  38.120613    16.5725    6.18915      4.958    29.4689    21.3712 0.0000e+00
 172.502408      6.000  38.063954    16.2575    6.28316      5.950    29.6528    21.5824 0.0000e+00
 172.502421      7.000  37.929981    16.0221    6.38190      6.941    29.7116    21.6796 0.0000e+00
 172.502434      8.000  37.822375    15.8908    6.43593      7.933    29.7156    21.7114 0.0000e+00
 172.502448      9.000  37.777299    15.8154    6.39497      8.925    29.7325    21.7409 0.0000e+00
 172.502460     10.000  37.769498    15.6791    6.43018      9.916    29.8279    21.8438 0.0000e+00
 172.502474     11.000  37.768899    15.4361    6.20944     10.908    30.0114    22.0372 0.0000e+00
 172.502486     12.000  37.709354    15.0863    5.40557     11.900    30.2264    22.2772 0.0000e+00
 172.502499     13.000  37.504673    14.4168    4.42508     12.891    30.5660    22.6779 0.0000e+00
 172.502513     14.000  36.997510    13.1142    4.05684     13.883    31.1473    23.3869 0.0000e+00
 172.502525     15.000  36.523929    11.8093    4.01674     14.875    31.7877    24.1301 0.0000e+00
 172.502538     16.000  36.131834    10.9116    3.97516     15.866    32.1794    24.5956 0.0000e+00
 172.502550     17.000  35.898868    10.5429    3.86538     16.858    32.2724    24.7318 0.0000e+00
 172.502562     18.000  35.769969    10.3297    3.73324     17.849    32.3321    24.8145 0.0000e+00
 172.502574     19.000  35.675272    10.1060    3.66614     18.840    32.4359    24.9331 0.0000e+00
 172.502587     20.000  35.679086     9.9635    3.72933     19.832    32.5676    25.0595 0.0000e+00
 172.502599     21.000  35.680668     9.8959    3.77173     20.824    32.6299    25.1193 0.0000e+00
 172.502611     22.000  35.669625     9.8593    3.78636     21.815    32.6512    25.1420 0.0000e+00
 172.502623     23.000  35.657730     9.8253    3.75416     22.807    32.6696    25.1619 0.0000e+00
 172.502634     24.000  35.643334     9.7964    3.74073     23.798    32.6807    25.1754 0.0000e+00
 172.502646     25.000  35.633677     9.7877    3.74356     24.790    32.6783    25.1750 0.0000e+00
 172.502658     26.000  35.632434     9.7905    3.75188     25.781    32.6740    25.1712 0.0000e+00
 172.502672     27.000  35.629634     9.7862    3.75478     26.773    32.6746    25.1724 0.0000e+00
 172.502685     28.000  35.619499     9.7811    3.76616     27.764    32.6684    25.1684 0.0000e+00
 172.502702     29.000  35.616313     9.7824    3.78013     28.756    32.6636    25.1644 0.0000e+00
