data/oxygen options/OCNMS/OCNMS2/raw_data/2005/CTD_CE100_052505faed.cnv
* Sea-Bird SBE19 Data File:
* FileName = C:\Documents and Settings\kirner.PTANGELES\Desktop\hypoxia CTD data\CE100_052505.hex
* Software Version 1.1.5
* Temperature SN = 2997
* Conductivity SN = 2997
* System UpLoad Time = May 25 2005 17:54:45
* SEACAT PROFILER V3.1c SN 2997   05/25/05  17:50:59.939
* strain gauge pressure sensor: S/N = 184829,  range = 3000 psia,  tc = 40
# nquan = 9                                 
# nvalues = 1736                        
# units = specified
# name 0 = timeJ: Julian Days
# name 1 = prSM: Pressure, Strain Gauge [db]
# name 2 = c0mS/cm: Conductivity [mS/cm]
# name 3 = t090C: Temperature [ITS-90, deg C]
# name 4 = oxML/L: Oxygen, Beckman/YSI [ml/l]
# name 5 = depSM: Depth [salt water, m], lat = 47.5
# name 6 = sal00: Salinity, Practical [PSU]
# name 7 = sigma-é00: Density [sigma-theta, kg/m^3]
# name 8 = flag: flag
# span 0 = 145.518287, 145.528328       
# span 1 =     -4.188,    103.471       
# span 2 =   0.001750,  36.783263       
# span 3 =     7.1514,    17.5571       
# span 4 =   -0.10984,   23.26153       
# span 5 =     -4.153,    102.582       
# span 6 =     0.0090,    33.9486       
# span 7 =    -1.3153,    26.5683       
# span 8 = 0.0000e+00, 0.0000e+00       
# interval = seconds: 0.5
# start_time = May 25 2005 12:26:20 [Instrument's time stamp, header]
# bad_flag = -9.990e-29
*END*
[from data line 801]
 145.522922     31.870  35.232898    10.1736    5.42939     31.602    31.9243    24.5231 -9.990e-29
 145.522928     31.874  35.232750    10.1741    5.43219     31.606    31.9237    24.5225 -9.990e-29
 145.522934     31.871  35.233173    10.1745    5.41912     31.603    31.9238    24.5225 -9.990e-29
 145.522940     31.871  35.232480    10.1741    5.41845     31.603    31.9235    24.5223 -9.990e-29
 145.522946     31.881  35.230863    10.1721    5.40033     31.612    31.9236    24.5228 -9.990e-29
 145.522951     31.898  35.228959    10.1683    5.38649     31.629    31.9250    24.5245 -9.990e-29
 145.522957     31.919  35.227026    10.1615    5.37268     31.650    31.9290    24.5288 -9.990e-29
 145.522963     31.941  35.225277    10.1528    5.36819     31.672    31.9349    24.5348 -9.990e-29
 145.522969     31.956  35.223613    10.1473    5.38435     31.687    31.9381    24.5382 -9.990e-29
 145.522975     31.957  35.222608    10.1480    5.38870     31.688    31.9365    24.5368 -9.990e-29
 145.522980     31.940  35.223155    10.1532    5.40343     31.671    31.9325    24.5328 -9.990e-29
 145.522986     31.916  35.224851    10.1597    5.40755     31.647    31.9284    24.5286 -9.990e-29
 145.522992     31.906  35.226026    10.1645    5.40771     31.637    31.9254    24.5254 -9.990e-29
 145.522998     31.918  35.225999    10.1662    5.41180     31.649    31.9239    24.5240 -9.990e-29
 145.523003     31.951  35.225290    10.1656    5.41742     31.682    31.9237    24.5239 -9.990e-29
 145.523009     32.004  35.224626    10.1638    5.42472     31.734    31.9246    24.5249 -9.990e-29
 145.523015     32.067  35.224795    10.1623    5.42223     31.797    31.9260    24.5263 -9.990e-29
 145.523021     32.132  35.225455    10.1627    5.43358     31.861    31.9263    24.5265 -9.990e-29
 145.523027     32.199  35.225792    10.1646    5.42989     31.928    31.9250    24.5251 -9.990e-29
 145.523032     32.276  35.225685    10.1659    5.41260     32.004    31.9237    24.5239 -9.990e-29
 145.523038     32.376  35.224985    10.1647    5.36940     32.103    31.9240    24.5243 -9.990e-29
 145.523044     32.510  35.223871    10.1593    5.31245     32.236    31.9276    24.5280 0.0000e+00
 145.523050     32.682  35.222534    10.1468    5.25996     32.407    31.9372    24.5376 0.0000e+00
 145.523056     32.891  35.218620    10.1229    5.20936     32.614    31.9542    24.5548 0.0000e+00
 145.523061     33.132  35.208583    10.0852    5.15595     32.853    31.9773    24.5791 0.0000e+00
 145.523067     33.404  35.191923    10.0364    5.09466     33.123    32.0035    24.6076 0.0000e+00
 145.523073     33.703  35.171637     9.9865    5.03201     33.419    32.0270    24.6342 0.0000e+00
 145.523079     34.018  35.154294     9.9500    4.97006     33.731    32.0417    24.6517 0.0000e+00
 145.523084     34.340  35.148144     9.9317    4.94415     34.051    32.0516    24.6624 0.0000e+00
 145.523090     34.662  35.153375     9.9252    4.92266     34.370    32.0625    24.6720 0.0000e+00
 145.523096     34.984  35.161808     9.9238    4.91615     34.689    32.0722    24.6797 0.0000e+00
 145.523102     35.313  35.168421     9.9248    4.88098     35.015    32.0778    24.6840 0.0000e+00
 145.523108     35.655  35.174173     9.9275    4.83778     35.354    32.0811    24.6861 0.0000e+00
 145.523113     36.004  35.182802     9.9315    4.83916     35.700    32.0862    24.6894 0.0000e+00
 145.523119     36.361  35.196834     9.9332    4.81824     36.054    32.0987    24.6989 0.0000e+00
 145.523125     36.729  35.214226     9.9267    4.82276     36.419    32.1220    24.7181 0.0000e+00
 145.523131     37.100  35.227890     9.9118    4.81446     36.787    32.1489    24.7416 0.0000e+00
 145.523137     37.460  35.233052     9.8962    4.80757     37.144    32.1679    24.7590 0.0000e+00
 145.523142     37.788  35.233780     9.8871    4.82398     37.469    32.1766    24.7673 0.0000e+00
 145.523148     38.076  35.234393     9.8851    4.83947     37.755    32.1789    24.7694 0.0000e+00
 145.523154     38.330  35.234574     9.8887    4.85684     38.007    32.1757    24.7664 0.0000e+00
 145.523160     38.556  35.232872     9.8936    4.84631     38.231    32.1695    24.7607 0.0000e+00
 145.523166     38.770  35.229811     9.8943    4.82227     38.443    32.1657    24.7577 0.0000e+00
 145.523171     38.997  35.228029     9.8905    4.82237     38.668    32.1672    24.7594 0.0000e+00
 145.523177     39.257  35.228135     9.8842    4.80995     38.926    32.1728    24.7649 0.0000e+00
 145.523183     39.544  35.229143     9.8747    4.80407     39.210    32.1822    24.7737 0.0000e+00
 145.523189     39.843  35.230891     9.8640    4.78775     39.507    32.1934    24.7842 0.0000e+00
 145.523194     40.143  35.233446     9.8558    4.77327     39.804    32.2032    24.7932 0.0000e+00
 145.523200     40.436  35.235902     9.8500    4.76548     40.095    32.2107    24.8000 0.0000e+00
 145.523206     40.717  35.237030     9.8442    4.77565     40.373    32.2169    24.8058 0.0000e+00
 145.523212     40.978  35.236638     9.8386    4.77983     40.632    32.2214    24.8103 0.0000e+00
 145.523218     41.204  35.235310     9.8358    4.78125     40.856    32.2225    24.8116 0.0000e+00
 145.523223     41.381  35.234623     9.8379    4.78363     41.032    32.2198    24.8092 -9.990e-29
 145.523229     41.504  35.235327     9.8423    4.77281     41.153    32.2165    24.8059 -9.990e-29
 145.523235     41.583  35.236105     9.8448    4.78332     41.232    32.2151    24.8043 -9.990e-29
 145.523241     41.641  35.236300     9.8444    4.77278     41.289    32.2156    24.8048 -9.990e-29
 145.523247     41.691  35.236163     9.8423    4.77824     41.339    32.2173    24.8065 -9.990e-29
 145.523252     41.735  35.235501     9.8397    4.77838     41.382    32.2189    24.8082 -9.990e-29
 145.523258     41.776  35.234540     9.8373    4.77297     41.423    32.2201    24.8095 -9.990e-29
 145.523264     41.817  35.233669     9.8344    4.77310     41.464    32.2218    24.8113 -9.990e-29
 145.523270     41.856  35.232272     9.8307    4.76988     41.502    32.2237    24.8133 -9.990e-29
 145.523275     41.887  35.230157     9.8277    4.77602     41.533    32.2242    24.8142 -9.990e-29
 145.523281     41.907  35.228413     9.8270    4.77463     41.553    32.2230    24.8134 -9.990e-29
 145.523287     41.919  35.228067     9.8281    4.78376     41.565    32.2217    24.8122 -9.990e-29
 145.523293     41.927  35.228644     9.8294    4.78088     41.573    32.2211    24.8116 -9.990e-29
 145.523299     41.932  35.229221     9.8304    4.78082     41.578    32.2208    24.8111 -9.990e-29
 145.523304     41.929  35.229996     9.8312    4.77602     41.575    32.2209    24.8111 -9.990e-29
 145.523310     41.927  35.230868     9.8319    4.77231     41.573    32.2211    24.8112 -9.990e-29
 145.523316     41.935  35.231306     9.8326    4.76846     41.581    32.2209    24.8109 -9.990e-29
 145.523322     41.952  35.231320     9.8325    4.75556     41.598    32.2210    24.8110 -9.990e-29
 145.523328     41.981  35.230918     9.8303    4.76145     41.626    32.2226    24.8126 -9.990e-29
 145.523333     42.018  35.229552     9.8257    4.75798     41.663    32.2253    24.8154 -9.990e-29
 145.523339     42.053  35.226509     9.8193    4.76904     41.698    32.2279    24.8185 -9.990e-29
 145.523345     42.076  35.222204     9.8136    4.76294     41.721    32.2286    24.8200 -9.990e-29
 145.523351     42.084  35.218731     9.8118    4.76627     41.729    32.2267    24.8188 -9.990e-29
 145.523356     42.077  35.218172     9.8140    4.77084     41.722    32.2242    24.8165 -9.990e-29
 145.523362     42.054  35.220329     9.8177    4.77365     41.699    32.2231    24.8150 -9.990e-29
 145.523368     42.019  35.223019     9.8214    4.78968     41.664    32.2225    24.8140 -9.990e-29
 145.523374     41.979  35.224773     9.8253    4.78345     41.624    32.2208    24.8120 -9.990e-29
 145.523380     41.938  35.226237     9.8294    4.77963     41.584    32.2187    24.8096 -9.990e-29
 145.523385     41.907  35.228232     9.8330    4.77094     41.553    32.2175    24.8081 -9.990e-29
 145.523391     41.901  35.230043     9.8346    4.75869     41.547    32.2179    24.8082 -9.990e-29
 145.523397     41.928  35.230710     9.8333    4.76055     41.574    32.2197    24.8098 -9.990e-29
 145.523403     41.983  35.229992     9.8282    4.75606     41.628    32.2235    24.8136 -9.990e-29
 145.523409     42.045  35.227480     9.8199    4.75985     41.690    32.2284    24.8188 -9.990e-29
 145.523414     42.100  35.222614     9.8126    4.76184     41.744    32.2299    24.8212 -9.990e-29
 145.523420     42.136  35.217861     9.8107    4.76271     41.780    32.2268    24.8190 -9.990e-29
 145.523426     42.152  35.216397     9.8136    4.75962     41.796    32.2227    24.8154 -9.990e-29
 145.523432     42.153  35.217937     9.8180    4.76339     41.797    32.2203    24.8128 -9.990e-29
 145.523438     42.149  35.221161     9.8212    4.76451     41.793    32.2207    24.8126 -9.990e-29
 145.523443     42.146  35.223630     9.8219    4.76733     41.790    32.2226    24.8140 -9.990e-29
 145.523449     42.146  35.223579     9.8204    4.77628     41.790    32.2239    24.8152 -9.990e-29
 145.523455     42.139  35.222050     9.8185    4.77061     41.783    32.2241    24.8156 -9.990e-29
 145.523461     42.120  35.220916     9.8190    4.76454     41.764    32.2225    24.8143 -9.990e-29
 145.523466     42.090  35.221456     9.8219    4.77506     41.734    32.2204    24.8123 -9.990e-29
 145.523472     42.049  35.223255     9.8251    4.78051     41.694    32.2194    24.8109 -9.990e-29
 145.523478     42.008  35.225337     9.8279    4.77779     41.653    32.2191    24.8102 -9.990e-29
 145.523484     41.982  35.227101     9.8302    4.76420     41.627    32.2188    24.8096 -9.990e-29
 145.523490     41.981  35.228089     9.8312    4.75399     41.626    32.2189    24.8095 -9.990e-29
 145.523495     42.011  35.228486     9.8296    4.74683     41.656    32.2207    24.8112 -9.990e-29
 145.523501     42.068  35.228248     9.8241    4.74609     41.713    32.2254    24.8158 -9.990e-29
 145.523507     42.139  35.225924     9.8146    4.75038     41.783    32.2315    24.8221 -9.990e-29
 145.523513     42.203  35.220086     9.8065    4.75721     41.846    32.2328    24.8244 -9.990e-29
 145.523519     42.247  35.214145     9.8070    4.76264     41.890    32.2263    24.8192 -9.990e-29
 145.523524     42.269  35.214178     9.8144    4.77337     41.912    32.2197    24.8129 -9.990e-29
 145.523530     42.280  35.219094     9.8213    4.76261     41.923    32.2185    24.8108 -9.990e-29
 145.523536     42.302  35.223104     9.8244    4.76295     41.945    32.2198    24.8113 -9.990e-29
 145.523542     42.348  35.224257     9.8240    4.76406     41.990    32.2213    24.8126 -9.990e-29
 145.523547     42.417  35.223519     9.8205    4.75755     42.059    32.2236    24.8150 -9.990e-29
 145.523553     42.506  35.221018     9.8157    4.76712     42.147    32.2254    24.8171 -9.990e-29
 145.523559     42.606  35.217891     9.8138    4.75360     42.246    32.2238    24.8162 -9.990e-29
 145.523565     42.717  35.217241     9.8156    4.75157     42.356    32.2215    24.8141 -9.990e-29
 145.523571     42.853  35.219310     9.8165    4.74381     42.491    32.2228    24.8150 0.0000e+00
 145.523576     43.032  35.220677     9.8116    4.73622     42.668    32.2284    24.8202 0.0000e+00
 145.523582     43.256  35.218110     9.8024    4.73698     42.890    32.2340    24.8260 0.0000e+00
 145.523588     43.518  35.214339     9.7953    4.73355     43.150    32.2364    24.8291 0.0000e+00
 145.523594     43.810  35.214973     9.7927    4.72935     43.440    32.2392    24.8317 0.0000e+00
 145.523600     44.128  35.218598     9.7925    4.72147     43.755    32.2429    24.8347 0.0000e+00
 145.523605     44.476  35.221624     9.7930    4.72750     44.100    32.2454    24.8365 0.0000e+00
 145.523611     44.855  35.224710     9.7928    4.73475     44.476    32.2486    24.8390 0.0000e+00
 145.523617     45.254  35.228593     9.7892    4.74382     44.871    32.2556    24.8451 0.0000e+00
 145.523623     45.656  35.230589     9.7801    4.74973     45.270    32.2656    24.8544 0.0000e+00
 145.523628     46.049  35.228299     9.7668    4.74623     45.660    32.2750    24.8639 0.0000e+00
 145.523634     46.431  35.223138     9.7522    4.74371     46.038    32.2827    24.8723 0.0000e+00
 145.523640     46.811  35.217179     9.7360    4.74776     46.415    32.2910    24.8814 0.0000e+00
 145.523646     47.189  35.209750     9.7160    4.75339     46.790    32.3012    24.8926 0.0000e+00
 145.523652     47.567  35.198216     9.6909    4.77481     47.165    32.3118    24.9050 0.0000e+00
 145.523657     47.940  35.182317     9.6579    4.78892     47.534    32.3251    24.9207 0.0000e+00
 145.523663     48.309  35.162698     9.6200    4.81241     47.900    32.3390    24.9377 0.0000e+00
 145.523669     48.670  35.144576     9.5909    4.85426     48.258    32.3465    24.9483 0.0000e+00
 145.523675     49.029  35.140765     9.5759    4.89573     48.614    32.3560    24.9581 0.0000e+00
 145.523681     49.396  35.155694     9.5652    4.94125     48.978    32.3807    24.9792 0.0000e+00
 145.523686     49.770  35.180100     9.5496    4.97450     49.349    32.4196    25.0121 0.0000e+00
 145.523692     50.143  35.202225     9.5294    4.99154     49.718    32.4604    25.0472 0.0000e+00
 145.523698     50.510  35.216238     9.5106    5.00547     50.082    32.4916    25.0746 0.0000e+00
 145.523704     50.852  35.222869     9.4984    5.00325     50.421    32.5093    25.0904 0.0000e+00
 145.523709     51.148  35.225333     9.4940    5.00213     50.715    32.5157    25.0961 0.0000e+00
 145.523715     51.385  35.226338     9.4959    4.99444     50.950    32.5149    25.0952 0.0000e+00
 145.523721     51.559  35.226084     9.5020    4.97990     51.122    32.5090    25.0896 -9.990e-29
 145.523727     51.676  35.223099     9.5068    4.97622     51.238    32.5016    25.0830 -9.990e-29
 145.523733     51.752  35.219557     9.5067    4.97595     51.314    32.4980    25.0802 -9.990e-29
 145.523738     51.797  35.219133     9.5067    4.98923     51.358    32.4975    25.0799 -9.990e-29
 145.523744     51.816  35.219571     9.5094    4.98533     51.377    32.4955    25.0779 -9.990e-29
 145.523750     51.820  35.218639     9.5099    4.98627     51.381    32.4941    25.0767 -9.990e-29
 145.523756     51.818  35.218445     9.5060    4.98427     51.379    32.4974    25.0799 -9.990e-29
 145.523762     51.822  35.219843     9.5006    4.99291     51.383    32.5038    25.0857 -9.990e-29
 145.523767     51.845  35.221322     9.4954    4.99744     51.406    32.5100    25.0914 -9.990e-29
 145.523773     51.889  35.222038     9.4913    5.00233     51.449    32.5144    25.0956 -9.990e-29
 145.523779     51.945  35.222373     9.4896    5.00059     51.505    32.5163    25.0973 -9.990e-29
 145.523785     52.001  35.222759     9.4894    4.98983     51.561    32.5168    25.0977 -9.990e-29
 145.523791     52.059  35.223137     9.4889    4.98014     51.618    32.5177    25.0985 -9.990e-29
 145.523796     52.117  35.223436     9.4879    4.97016     51.676    32.5188    25.0996 -9.990e-29
 145.523802     52.170  35.224044     9.4870    4.96234     51.728    32.5203    25.1008 -9.990e-29
 145.523808     52.214  35.225196     9.4865    4.95312     51.772    32.5219    25.1021 -9.990e-29
 145.523814     52.238  35.226734     9.4864    4.95472     51.795    32.5235    25.1035 -9.990e-29
 145.523819     52.236  35.227895     9.4862    4.96713     51.793    32.5249    25.1046 -9.990e-29
 145.523825     52.210  35.227971     9.4859    4.98151     51.768    32.5253    25.1049 -9.990e-29
 145.523831     52.169  35.227049     9.4862    4.99690     51.727    32.5241    25.1039 -9.990e-29
 145.523837     52.123  35.225573     9.4869    5.00347     51.681    32.5219    25.1021 -9.990e-29
