data/oxygen options/OCNMS/OCNMS2/raw_data/2005/CTD_CA45_081505faed.cnv
* Sea-Bird SBE19 Data File:
* FileName = C:\Hypoxia Data\CA45_081505.hex
* Software Version 1.1.6
* Temperature SN = 2997
* Conductivity SN = 2997
* System UpLoad Time = Aug 15 2005 14:42:22
* SEACAT PROFILER V3.1c SN 2997   08/15/05  14:41:37.569
* strain gauge pressure sensor: S/N = 184829,  range = 3000 psia,  tc = 40
# nquan = 9                                 
# nvalues = 661                         
# units = specified
# name 0 = timeJ: Julian Days
# name 1 = prSM: Pressure, Strain Gauge [db]
# name 2 = c0mS/cm: Conductivity [mS/cm]
# name 3 = t090C: Temperature [ITS-90, deg C]
# name 4 = oxML/L: Oxygen, Beckman/YSI [ml/l]
# name 5 = depSM: Depth [salt water, m], lat = 47.5
# name 6 = sal00: Salinity, Practical [PSU]
# name 7 = sigma-é00: Density [sigma-theta, kg/m^3]
# name 8 = flag: flag
# span 0 = 227.540764, 227.544583       
# span 1 =     -3.604,     45.937       
# span 2 =   1.596020,  36.676058       
# span 3 =     7.3351,    12.7201       
# span 4 =  -13.85759,   28.83257       
# span 5 =     -3.574,     45.549       
# span 6 =     1.1211,    33.8192       
# span 7 =     0.4822,    26.4427       
# span 8 = 0.0000e+00, 0.0000e+00       
# interval = seconds: 0.5
# start_time = Aug 15 2005 12:58:42 [Instrument's time stamp, header]
# bad_flag = -9.990e-29
*END*
 227.540764     -3.604 -9.990e-29    12.7201   -0.10395     -3.574 -9.990e-29 -9.990e-29 -9.990e-29
 227.540770     -3.524   2.344442    12.6911   -0.10394     -3.495     1.6086     0.6691 -9.990e-29
 227.540775     -3.417   5.011594    12.6015   -0.10391     -3.389     3.6104     2.2314 -9.990e-29
 227.540781     -3.272  13.035240    12.4252   -0.10410     -3.245    10.1283     7.2881 -9.990e-29
 227.540787     -3.092  25.066572    12.2038   -0.10423     -3.066    20.7643    15.5284 -9.990e-29
 227.540793     -2.900  33.061484    12.0109   -0.10446     -2.876    28.3142    21.4007 -9.990e-29
 227.540799     -2.718  35.680540    11.8789   -0.10457     -2.695    30.9207    23.4449 -9.990e-29
 227.540804     -2.551  36.481616    11.7932   -0.10451     -2.530    31.7661    24.1165 -9.990e-29
 227.540810     -2.403  36.660136    11.7496   -0.10448     -2.383    31.9764    24.2877 -9.990e-29
 227.540816     -2.275  36.665227    11.7404   -0.10461     -2.256    31.9892    24.2994 -9.990e-29
 227.540822     -2.169  36.659076    11.7386   -0.10452     -2.151    31.9847    24.2962 -9.990e-29
 227.540828     -2.086  36.662136    11.7224   -0.10448     -2.069    32.0016    24.3123 -9.990e-29
 227.540833     -2.021  36.659479    11.6822   -0.10454     -2.004    32.0337    24.3445 -9.990e-29
 227.540839     -1.961  36.642014    11.6216   -0.10441     -1.945    32.0690    24.3830 -9.990e-29
 227.540845     -1.899  36.616235    11.5516   -0.10448     -1.883    32.1045    24.4233 -9.990e-29
 227.540851     -1.834  36.606711    11.5005   -0.10456     -1.819    32.1396    24.4597 -9.990e-29
 227.540856     -1.780  36.635002    11.4898   -0.10451     -1.765    32.1765    24.4903 -9.990e-29
 227.540862     -1.754  36.676058    11.4994   -0.10448     -1.739    32.2082    24.5132 -9.990e-29
 227.540868     -1.755  36.670257    11.5073   -0.10444     -1.740    32.1957    24.5021 -9.990e-29
 227.540874     -1.757  36.611046    11.5132   -0.10442     -1.742    32.1327    24.4521 -9.990e-29
 227.540880     -1.736  36.554701    11.5141   -0.10444     -1.722    32.0770    24.4086 -9.990e-29
 227.540885     -1.688  36.548974    11.5169   -0.10458     -1.674    32.0689    24.4019 -9.990e-29
 227.540891     -1.633  36.579560    11.5262   -0.10469     -1.619    32.0907    24.4171 -9.990e-29
 227.540897     -1.585  36.598126    11.5276   -0.10469     -1.572    32.1076    24.4300 -9.990e-29
 227.540903     -1.540  36.589107    11.5234   -0.10470     -1.527    32.1024    24.4267 -9.990e-29
 227.540909     -1.486  36.567459    11.5267   -0.10473     -1.474    32.0784    24.4075 -9.990e-29
 227.540914     -1.421  36.553727    11.5347   -0.10473     -1.409    32.0580    24.3902 -9.990e-29
 227.540920     -1.358  36.556015    11.5401   -0.10474     -1.347    32.0556    24.3873 -9.990e-29
 227.540926     -1.313  36.568459    11.5398   -0.10475     -1.302    32.0679    24.3970 -9.990e-29
 227.540932     -1.292  36.583036    11.5287   -0.10473     -1.281    32.0918    24.4175 -9.990e-29
 227.540938     -1.290  36.583910    11.5063   -0.10471     -1.279    32.1120    24.4373 -9.990e-29
 227.540943     -1.286  36.558284    11.4844   -0.10469     -1.275    32.1060    24.4366 -9.990e-29
 227.540949     -1.261  36.517475    11.4702   -0.10467     -1.250    32.0785    24.4177 -9.990e-29
 227.540955     -1.228  36.485639    11.4591   -0.10464     -1.218    32.0570    24.4030 -9.990e-29
 227.540961     -1.197  36.474776    11.4489   -0.10467     -1.187    32.0552    24.4035 -9.990e-29
 227.540966     -1.170  36.479993    11.4413   -0.10470     -1.160    32.0669    24.4139 -9.990e-29
 227.540972     -1.150  36.490358    11.4374   -0.10472     -1.140    32.0804    24.4251 -9.990e-29
 227.540978     -1.135  36.498434    11.4387   -0.10466     -1.126    32.0872    24.4302 -9.990e-29
 227.540984     -1.124  36.501028    11.4466   -0.10477     -1.115    32.0828    24.4254 -9.990e-29
 227.540990     -1.113  36.496608    11.4586   -0.10491     -1.104    32.0681    24.4118 -9.990e-29
 227.540995     -1.093  36.483827    11.4699   -0.10490     -1.084    32.0458    24.3924 -9.990e-29
 227.541001     -1.057  36.467013    11.4771   -0.10490     -1.048    32.0231    24.3735 -9.990e-29
 227.541007     -1.012  36.458578    11.4782   -0.10489     -1.004    32.0139    24.3662 -9.990e-29
 227.541013     -0.964  36.463599    11.4709   -0.10487     -0.956    32.0251    24.3762 -9.990e-29
 227.541019     -0.910  36.474248    11.4577   -0.10487     -0.902    32.0470    24.3955 -9.990e-29
 227.541024     -0.859  36.489079    11.4484   -0.10489     -0.852    32.0695    24.4147 -9.990e-29
 227.541030     -0.824  36.509419    11.4408   -0.10494     -0.817    32.0959    24.4366 -9.990e-29
 227.541036     -0.804  36.520381    11.4204   -0.10492     -0.797    32.1244    24.4624 -9.990e-29
 227.541042     -0.793  36.510841    11.3913   -0.10489     -0.786    32.1403    24.4800 -9.990e-29
 227.541047     -0.787  36.492813    11.3702   -0.10485     -0.780    32.1411    24.4843 -9.990e-29
 227.541053     -0.771  36.491104    11.3610   -0.10469     -0.765    32.1474    24.4909 -9.990e-29
 227.541059     -0.740  36.511899    11.3594   -0.10467     -0.734    32.1691    24.5081 -9.990e-29
 227.541065     -0.707  36.535314    11.3609   -0.10485     -0.701    32.1908    24.5246 -9.990e-29
 227.541071     -0.676  36.548322    11.3619   -0.10492     -0.670    32.2026    24.5337 -9.990e-29
 227.541076     -0.646  36.550380    11.3603   -0.10490     -0.641    32.2060    24.5366 -9.990e-29
 227.541082     -0.615  36.542048    11.3572   -0.10488     -0.610    32.2005    24.5329 -9.990e-29
 227.541088     -0.582  36.527978    11.3576   -0.10480     -0.577    32.1864    24.5218 -9.990e-29
 227.541094     -0.548  36.521993    11.3658   -0.10478     -0.543    32.1734    24.5103 -9.990e-29
 227.541100     -0.519  36.534676    11.3869   -0.10479     -0.515    32.1674    24.5018 -9.990e-29
 227.541105     -0.498  36.554958    11.4135   -0.10482     -0.494    32.1641    24.4945 -9.990e-29
 227.541111     -0.484  36.564514    11.4196   -0.10466     -0.480    32.1681    24.4965 -9.990e-29
 227.541117     -0.476  36.558203    11.3995   -0.10460     -0.472    32.1794    24.5089 -9.990e-29
 227.541123     -0.474  36.540014    11.3767   -0.10478     -0.470    32.1815    24.5146 -9.990e-29
 227.541128     -0.472  36.521645    11.3676   -0.10492     -0.468    32.1714    24.5084 -9.990e-29
 227.541134     -0.462  36.521276    11.3749   -0.10492     -0.458    32.1647    24.5019 -9.990e-29
 227.541140     -0.440  36.537907    11.3936   -0.10490     -0.436    32.1647    24.4985 -9.990e-29
 227.541146     -0.408  36.547226    11.4080   -0.10477     -0.405    32.1613    24.4933 -9.990e-29
 227.541152     -0.373  36.537603    11.4116   -0.10485     -0.370    32.1487    24.4829 -9.990e-29
 227.541157     -0.336  36.528236    11.4205   -0.10491     -0.333    32.1318    24.4681 -9.990e-29
 227.541163     -0.301  36.536979    11.4413   -0.10492     -0.298    32.1222    24.4570 -9.990e-29
 227.541169     -0.272  36.549747    11.4470   -0.10493     -0.270    32.1297    24.4618 -9.990e-29
 227.541175     -0.252  36.548295    11.4220   -0.10487     -0.250    32.1501    24.4821 -9.990e-29
 227.541181     -0.237  36.532996    11.3883   -0.10488     -0.235    32.1644    24.4993 -9.990e-29
 227.541186     -0.220  36.516036    11.3703   -0.10492     -0.218    32.1635    24.5018 -9.990e-29
 227.541192     -0.204  36.515791    11.3768   -0.10494     -0.202    32.1576    24.4960 -9.990e-29
 227.541198     -0.194  36.530302    11.3957   -0.10491     -0.192    32.1553    24.4909 -9.990e-29
 227.541204     -0.185  36.530186    11.4028   -0.10501     -0.183    32.1490    24.4847 -9.990e-29
 227.541209     -0.166  36.498524    11.3932   -0.10512     -0.165    32.1264    24.4688 -9.990e-29
 227.541215     -0.137  36.456532    11.3793   15.83894     -0.136    32.0974    24.4488 -9.990e-29
 227.541221     -0.105  36.444173    11.3743   27.17855     -0.104    32.0896    24.4436 -9.990e-29
 227.541227     -0.076  36.466331    11.3788   28.83257     -0.075    32.1074    24.4566 -9.990e-29
 227.541233     -0.052  36.484752    11.3783   25.36741     -0.052    32.1258    24.4711 -9.990e-29
 227.541238     -0.033  36.481435    11.3684   16.65067     -0.033    32.1312    24.4770 -9.990e-29
 227.541244     -0.016  36.477813    11.3607   13.14011     -0.016    32.1343    24.4808 -9.990e-29
 227.541250      0.004  36.484257    11.3558   13.17874      0.004    32.1449    24.4899 -9.990e-29
 227.541256      0.032  36.479694    11.3401   13.16073      0.032    32.1541    24.4999 -9.990e-29
 227.541262      0.065  36.448003    11.3121   13.17827      0.064    32.1474    24.4997 -9.990e-29
 227.541267      0.093  36.399140    11.2853   13.20052      0.092    32.1228    24.4853 -9.990e-29
 227.541273      0.105  36.339226    11.2752   13.22848      0.104    32.0728    24.4483 -9.990e-29
 227.541279      0.098  36.280388    11.2890   11.97787      0.097    32.0031    24.3916 -9.990e-29
 227.541285      0.079  36.255258    11.3130    6.48501      0.078    31.9577    24.3521 -9.990e-29
 227.541291      0.069  36.258420    11.3241    2.66912      0.068    31.9512    24.3450 -9.990e-29
 227.541296      0.080  36.259950    11.3186    0.92884      0.079    31.9574    24.3509 -9.990e-29
 227.541302      0.104  36.253540    11.3093    1.42560      0.103    31.9592    24.3539 -9.990e-29
 227.541308      0.129  36.245844    11.3037    3.58603      0.128    31.9565    24.3528 -9.990e-29
 227.541314      0.154  36.241795    11.2984    4.57897      0.153    31.9571    24.3542 -9.990e-29
 227.541319      0.183  36.239415    11.2873    5.05083      0.181    31.9644    24.3618 -9.990e-29
 227.541325      0.219  36.232783    11.2728    5.31189      0.217    31.9704    24.3691 -9.990e-29
 227.541331      0.251  36.221525    11.2667    5.45230      0.249    31.9647    24.3657 -9.990e-29
 227.541337      0.268  36.217040    11.2704    5.54417      0.266    31.9570    24.3591 -9.990e-29
 227.541343      0.272  36.221812    11.2741    5.59854      0.270    31.9585    24.3596 -9.990e-29
 227.541348      0.276  36.224879    11.2710    5.62837      0.274    31.9642    24.3646 -9.990e-29
 227.541354      0.288  36.221418    11.2619    5.64314      0.286    31.9687    24.3697 -9.990e-29
 227.541360      0.304  36.214166    11.2549    5.65905      0.301    31.9676    24.3701 -9.990e-29
 227.541366      0.318  36.209208    11.2519    5.66902      0.315    31.9654    24.3689 -9.990e-29
 227.541372      0.330  36.207278    11.2469    5.67237      0.327    31.9678    24.3717 -9.990e-29
 227.541377      0.346  36.203618    11.2438    5.66320      0.343    31.9669    24.3715 -9.990e-29
 227.541383      0.361  36.201255    11.2497    5.65167      0.358    31.9595    24.3647 -9.990e-29
 227.541389      0.374  36.205506    11.2581    5.64906      0.371    31.9563    24.3608 -9.990e-29
 227.541395      0.388  36.211443    11.2585    5.66248      0.385    31.9618    24.3650 -9.990e-29
 227.541400      0.408  36.211340    11.2511    5.66483      0.405    31.9681    24.3712 -9.990e-29
 227.541406      0.433  36.205121    11.2455    5.67354      0.429    31.9669    24.3712 -9.990e-29
 227.541412      0.455  36.200812    11.2491    5.67269      0.451    31.9595    24.3649 -9.990e-29
 227.541418      0.471  36.204497    11.2578    5.68405      0.467    31.9556    24.3603 -9.990e-29
 227.541424      0.486  36.211613    11.2680    5.70349      0.482    31.9537    24.3570 -9.990e-29
 227.541429      0.506  36.218812    11.2826    5.73220      0.502    31.9481    24.3500 -9.990e-29
 227.541435      0.528  36.229584    11.2988    5.76836      0.524    31.9446    24.3444 -9.990e-29
 227.541441      0.544  36.241529    11.3122    5.76919      0.539    31.9447    24.3421 -9.990e-29
 227.541447      0.551  36.250448    11.3263    5.77003      0.546    31.9412    24.3369 -9.990e-29
 227.541453      0.554  36.259322    11.3440    5.76468      0.549    31.9346    24.3286 -9.990e-29
 227.541458      0.562  36.269949    11.3629    5.76680      0.557    31.9287    24.3206 -9.990e-29
 227.541464      0.579  36.281419    11.3754    5.76030      0.574    31.9291    24.3187 -9.990e-29
 227.541470      0.603  36.289461    11.3765    5.73304      0.598    31.9360    24.3239 -9.990e-29
 227.541476      0.626  36.290843    11.3719    5.69710      0.621    31.9413    24.3288 -9.990e-29
 227.541481      0.645  36.292514    11.3675    5.67762      0.640    31.9467    24.3338 -9.990e-29
 227.541487      0.661  36.298431    11.3648    5.70264      0.655    31.9549    24.3406 -9.990e-29
 227.541493      0.677  36.302497    11.3574    5.74271      0.671    31.9652    24.3500 -9.990e-29
 227.541499      0.692  36.292209    11.3425    5.77264      0.686    31.9681    24.3549 -9.990e-29
 227.541505      0.704  36.271807    11.3372    5.81180      0.698    31.9527    24.3439 -9.990e-29
 227.541510      0.704  36.265121    11.3601    5.81897      0.698    31.9263    24.3193 -9.990e-29
 227.541516      0.693  36.283420    11.4202    5.83772      0.687    31.8923    24.2821 -9.990e-29
 227.541522      0.679  36.329795    11.4938    5.88173      0.673    31.8741    24.2548 -9.990e-29
 227.541528      0.672  36.380293    11.5375    5.91905      0.666    31.8857    24.2559 -9.990e-29
 227.541534      0.686  36.400209    11.5400    5.95886      0.680    31.9029    24.2688 -9.990e-29
 227.541539      0.718  36.400977    11.5122    5.98284      0.712    31.9276    24.2930 -9.990e-29
 227.541545      0.752  36.390360    11.5021    5.98610      0.746    31.9260    24.2936 -9.990e-29
 227.541551      0.778  36.383361    11.5614    5.98770      0.772    31.8681    24.2379 -9.990e-29
 227.541557      0.792  36.423347    11.6485    5.96953      0.785    31.8321    24.1942 -9.990e-29
 227.541563      0.801  36.486806    11.6918    5.94228      0.794    31.8566    24.2053 -9.990e-29
 227.541568      0.813  36.515941    11.6834    5.91503      0.806    31.8921    24.2344 -9.990e-29
 227.541574      0.834  36.506449    11.6547    5.90234      0.827    31.9075    24.2516 -9.990e-29
 227.541580      0.859  36.486616    11.6289    5.91014      0.852    31.9104    24.2586 -9.990e-29
 227.541586      0.883  36.472613    11.6079    5.92753      0.876    31.9149    24.2658 -9.990e-29
 227.541591      0.903  36.460904    11.5925    5.93011      0.895    31.9167    24.2701 -9.990e-29
 227.541597      0.920  36.449893    11.5940    5.93808      0.912    31.9047    24.2605 -9.990e-29
 227.541603      0.935  36.451252    11.6204    5.94461      0.927    31.8833    24.2390 -9.990e-29
 227.541609      0.949  36.473518    11.6539    5.91556      0.941    31.8761    24.2274 -9.990e-29
 227.541615      0.962  36.498720    11.6658    5.86933      0.954    31.8904    24.2363 -9.990e-29
 227.541620      0.977  36.502713    11.6565    5.81103      0.969    31.9023    24.2472 -9.990e-29
 227.541626      0.993  36.492513    11.6391    5.75961      0.985    31.9073    24.2543 -9.990e-29
 227.541632      1.012  36.482563    11.5973    5.73370      1.004    31.9336    24.2823 -9.990e-29
 227.541638      1.030  36.451744    11.5289    5.71947      1.021    31.9626    24.3172 -9.990e-29
 227.541644      1.040  36.395413    11.4845    5.72021      1.031    31.9460    24.3123 -9.990e-29
 227.541649      1.040  36.364062    11.4826    5.72575      1.031    31.9170    24.2901 -9.990e-29
 227.541655      1.032  36.370266    11.4867    5.74141      1.023    31.9196    24.2913 -9.990e-29
 227.541661      1.025  36.376312    11.4852    5.76084      1.016    31.9268    24.2972 -9.990e-29
 227.541667      1.022  36.375689    11.4882    5.76664      1.013    31.9236    24.2942 -9.990e-29
 227.541672      1.024  36.379346    11.4939    5.75294      1.015    31.9222    24.2921 -9.990e-29
 227.541678      1.031  36.384309    11.5029    5.75070      1.022    31.9193    24.2882 -9.990e-29
 227.541684      1.043  36.392713    11.5146    5.77084      1.034    31.9174    24.2846 -9.990e-29
