data/oxygen options/OCNMS/OCNMS2/raw_data/2005/CTD_TH30_081505faedb.cnv
* Sea-Bird SBE19 Data File:
* FileName = C:\Hypoxia Data\TH30_081505.hex
* Software Version 1.1.6
* Temperature SN = 2997
* Conductivity SN = 2997
* System UpLoad Time = Aug 15 2005 18:34:38
* SEACAT PROFILER V3.1c SN 2997   08/15/05  18:33:49.573
* strain gauge pressure sensor: S/N = 184829,  range = 3000 psia,  tc = 40
# nquan = 9
# nvalues = 31                          
# units = specified
# name 0 = timeJ: Julian Days
# name 1 = prSM: Pressure, Strain Gauge [db]
# name 2 = c0mS/cm: Conductivity [mS/cm]
# name 3 = t090C: Temperature [ITS-90, deg C]
# name 4 = oxML/L: Oxygen, Beckman/YSI [ml/l]
# name 5 = depSM: Depth [salt water, m], lat = 47.5
# name 6 = sal00: Salinity, Practical [PSU]
# name 7 = sigma-é00: Density [sigma-theta, kg/m^3]
# name 8 = flag: flag
# span 0 = 227.756978, 227.757376       
# span 1 =      3.000,     33.000       
# span 2 =  34.607152,  36.385859       
# span 3 =     7.7814,    10.8459       
# span 4 =    3.71458,    6.30690       
# span 5 =      2.974,     32.722       
# span 6 =    32.4553,    33.5288       
# span 7 =    24.8216,    26.1245       
# span 8 = 0.0000e+00, 0.0000e+00       
# interval = decibars: 1                
# start_time = Aug 15 2005 18:06:28 [Instrument's time stamp, header]
# bad_flag = -9.990e-29
*END*
 227.756978      3.000  36.346144    10.8459    6.00304      2.974    32.4553    24.8216 0.0000e+00
 227.757008      4.000  36.342898    10.7534    6.02046      3.967    32.5339    24.8989 0.0000e+00
 227.757025      5.000  36.343807    10.5843    6.17678      4.958    32.6855    25.0463 0.0000e+00
 227.757038      6.000  36.359719    10.4625    6.29960      5.950    32.8106    25.1646 0.0000e+00
 227.757049      7.000  36.385859    10.3766    6.30690      6.941    32.9139    25.2599 0.0000e+00
 227.757060      8.000  36.375360    10.3099    6.21138      7.933    32.9633    25.3098 0.0000e+00
 227.757071      9.000  36.332402    10.1815    5.97279      8.925    33.0365    25.3886 0.0000e+00
 227.757081     10.000  36.240791     9.9493    5.58732      9.916    33.1556    25.5206 0.0000e+00
 227.757091     11.000  36.077886     9.6083    5.08433     10.908    33.3036    25.6925 0.0000e+00
 227.757102     12.000  35.804213     9.1734    4.59410     11.899    33.4263    25.8585 0.0000e+00
 227.757112     13.000  35.493594     8.7738    4.20622     12.891    33.4780    25.9620 0.0000e+00
 227.757123     14.000  35.264377     8.5069    4.01489     13.883    33.4895    26.0120 0.0000e+00
 227.757133     15.000  35.116582     8.3359    3.91079     14.874    33.4953    26.0425 0.0000e+00
 227.757143     16.000  35.023112     8.2292    3.83975     15.866    33.4973    26.0600 0.0000e+00
 227.757153     17.000  34.953928     8.1460    3.79347     16.857    33.5027    26.0767 0.0000e+00
 227.757163     18.000  34.892092     8.0570    3.74450     17.849    33.5214    26.1046 0.0000e+00
 227.757173     19.000  34.813163     7.9609    3.71458     18.840    33.5288    26.1245 0.0000e+00
 227.757184     20.000  34.741894     7.8976    3.72248     19.832    33.5127    26.1210 0.0000e+00
 227.757195     21.000  34.710333     7.8763    3.74122     20.824    33.4989    26.1134 0.0000e+00
 227.757206     22.000  34.701403     7.8711    3.73906     21.815    33.4938    26.1101 0.0000e+00
 227.757217     23.000  34.696145     7.8650    3.75000     22.807    33.4935    26.1108 0.0000e+00
 227.757228     24.000  34.686478     7.8505    3.75843     23.798    33.4966    26.1154 0.0000e+00
 227.757239     25.000  34.667329     7.8284    3.76291     24.790    33.4968    26.1188 0.0000e+00
 227.757249     26.000  34.648849     7.8146    3.78291     25.781    33.4897    26.1152 0.0000e+00
 227.757260     27.000  34.640969     7.8058    3.77698     26.773    33.4892    26.1161 0.0000e+00
 227.757271     28.000  34.629928     7.7962    3.77111     27.764    33.4861    26.1151 0.0000e+00
 227.757282     29.000  34.622390     7.7906    3.76729     28.756    33.4830    26.1134 0.0000e+00
 227.757293     30.000  34.617970     7.7871    3.77473     29.748    33.4811    26.1125 0.0000e+00
 227.757306     31.000  34.613408     7.7824    3.78453     30.739    33.4803    26.1125 0.0000e+00
 227.757322     32.000  34.610922     7.7814    3.77689     31.730    33.4780    26.1109 0.0000e+00
 227.757376     33.000  34.607152     7.7821    3.76533     32.722    33.4728    26.1067 0.0000e+00
