data/oxygen options/OCNMS/OCNMS2/raw_data/2005/CTD_TH30c_083105faed.cnv
* Sea-Bird SBE19 Data File:
* FileName = C:\hypoxia CTD data\TH30c_083105.hex
* Software Version 1.1.5
* Temperature SN = 2997
* Conductivity SN = 2997
* System UpLoad Time = Aug 31 2005 15:49:02
** Teahwhit Head 083105 30m
* SEACAT PROFILER V3.1c SN 2997   08/31/05  15:44:38.884
# nquan = 9                                 
# nvalues = 488                         
# units = specified
# name 0 = timeJ: Julian Days
# name 1 = prSM: Pressure, Strain Gauge [db]
# name 2 = c0mS/cm: Conductivity [mS/cm]
# name 3 = t090C: Temperature [ITS-90, deg C]
# name 4 = oxML/L: Oxygen, Beckman/YSI [ml/l]
# name 5 = depSM: Depth [salt water, m], lat = 47.5
# name 6 = sal00: Salinity, Practical [PSU]
# name 7 = sigma-é00: Density [sigma-theta, kg/m^3]
# name 8 = flag: flag
# span 0 = 243.426655, 243.429473       
# span 1 =     -1.378,     33.987       
# span 2 =   0.693592,  38.271138       
# span 3 =     7.9303,    13.2714       
# span 4 =   -0.10153,   25.90415       
# span 5 =     -1.367,     33.701       
# span 6 =     0.4428,    33.5104       
# span 7 =    -0.3097,    26.0989       
# span 8 = 0.0000e+00, 0.0000e+00       
# interval = seconds: 0.5
# start_time = Aug 31 2005 10:14:23 [Instrument's time stamp, header]
# bad_flag = -9.990e-29
*END*
[from data line 161]
 243.427587      1.852  38.182336    12.7407    7.41705      1.837    32.5813    24.5703 -9.990e-29
 243.427593      1.851  38.163756    12.7381    7.40359      1.836    32.5658    24.5589 -9.990e-29
 243.427598      1.851  38.150167    12.7376    7.41678      1.836    32.5534    24.5493 -9.990e-29
 243.427604      1.857  38.152612    12.7393    7.45765      1.841    32.5542    24.5496 -9.990e-29
 243.427610      1.870  38.167062    12.7412    7.45094      1.854    32.5663    24.5586 -9.990e-29
 243.427616      1.886  38.180253    12.7413    7.43458      1.870    32.5787    24.5682 -9.990e-29
 243.427622      1.897  38.180608    12.7397    7.41285      1.881    32.5805    24.5699 -9.990e-29
 243.427627      1.904  38.168601    12.7379    7.41928      1.888    32.5706    24.5626 -9.990e-29
 243.427633      1.917  38.157385    12.7373    7.45609      1.901    32.5605    24.5548 -9.990e-29
 243.427639      1.931  38.159490    12.7388    7.48670      1.915    32.5612    24.5551 -9.990e-29
 243.427645      1.939  38.178281    12.7413    7.48904      1.923    32.5769    24.5668 -9.990e-29
 243.427650      1.946  38.202358    12.7426    7.46980      1.930    32.5986    24.5834 -9.990e-29
 243.427656      1.948  38.208859    12.7423    7.45717      1.932    32.6050    24.5884 -9.990e-29
 243.427662      1.936  38.196917    12.7423    7.47254      1.920    32.5937    24.5796 -9.990e-29
 243.427668      1.919  38.188746    12.7432    7.48093      1.903    32.5852    24.5728 -9.990e-29
 243.427674      1.908  38.192523    12.7441    7.47029      1.892    32.5880    24.5748 -9.990e-29
 243.427679      1.906  38.198704    12.7441    7.45458      1.890    32.5939    24.5794 -9.990e-29
 243.427685      1.914  38.199265    12.7435    7.43605      1.898    32.5949    24.5803 -9.990e-29
 243.427691      1.928  38.194953    12.7431    7.43762      1.912    32.5911    24.5775 -9.990e-29
 243.427697      1.945  38.190116    12.7429    7.45233      1.929    32.5867    24.5741 -9.990e-29
 243.427703      1.964  38.185033    12.7428    7.45475      1.948    32.5820    24.5704 -9.990e-29
 243.427708      1.984  38.179657    12.7428    7.44726      1.967    32.5768    24.5665 -9.990e-29
 243.427714      1.998  38.177476    12.7429    7.43210      1.981    32.5747    24.5648 -9.990e-29
 243.427720      2.001  38.177825    12.7429    7.41886      1.984    32.5750    24.5650 -9.990e-29
 243.427726      2.002  38.178363    12.7431    7.43076      1.985    32.5753    24.5653 -9.990e-29
 243.427731      2.011  38.179249    12.7435    7.44490      1.994    32.5758    24.5656 -9.990e-29
 243.427737      2.023  38.179422    12.7435    7.43129      2.006    32.5760    24.5657 -9.990e-29
 243.427743      2.030  38.177990    12.7427    7.42947      2.013    32.5753    24.5653 -9.990e-29
 243.427749      2.030  38.174724    12.7416    7.42195      2.013    32.5732    24.5639 -9.990e-29
 243.427755      2.029  38.169196    12.7409    7.42927      2.012    32.5685    24.5604 -9.990e-29
 243.427760      2.038  38.164694    12.7411    7.43657      2.021    32.5641    24.5569 -9.990e-29
 243.427766      2.051  38.165871    12.7420    7.43295      2.034    32.5644    24.5570 -9.990e-29
 243.427772      2.066  38.173736    12.7426    7.44580      2.049    32.5714    24.5623 -9.990e-29
 243.427778      2.080  38.180267    12.7422    7.44220      2.063    32.5779    24.5674 -9.990e-29
 243.427784      2.084  38.176784    12.7415    7.43754      2.067    32.5752    24.5654 -9.990e-29
 243.427789      2.079  38.169859    12.7412    7.42415      2.062    32.5689    24.5606 -9.990e-29
 243.427795      2.073  38.167084    12.7413    7.41605      2.056    32.5662    24.5585 -9.990e-29
 243.427801      2.070  38.168686    12.7413    7.42472      2.053    32.5677    24.5597 -9.990e-29
 243.427807      2.071  38.171754    12.7411    7.43584      2.054    32.5708    24.5621 -9.990e-29
 243.427812      2.074  38.171406    12.7408    7.43264      2.057    32.5707    24.5621 -9.990e-29
 243.427818      2.080  38.168298    12.7409    7.41663      2.063    32.5677    24.5597 -9.990e-29
 243.427824      2.085  38.166139    12.7410    7.40745      2.068    32.5655    24.5580 -9.990e-29
 243.427830      2.086  38.165976    12.7411    7.41827      2.069    32.5653    24.5578 -9.990e-29
 243.427836      2.087  38.168151    12.7413    7.44269      2.070    32.5672    24.5593 -9.990e-29
 243.427841      2.091  38.175004    12.7419    7.46053      2.074    32.5732    24.5638 -9.990e-29
 243.427847      2.099  38.192308    12.7426    7.46052      2.081    32.5890    24.5759 -9.990e-29
 243.427853      2.108  38.208923    12.7424    7.46224      2.090    32.6050    24.5883 -9.990e-29
 243.427859      2.113  38.203254    12.7417    7.46851      2.095    32.6002    24.5847 -9.990e-29
 243.427865      2.120  38.187932    12.7423    7.48601      2.102    32.5851    24.5729 -9.990e-29
 243.427870      2.133  38.190202    12.7442    7.48756      2.115    32.5856    24.5730 -9.990e-29
 243.427876      2.149  38.207484    12.7459    7.47552      2.131    32.6005    24.5842 -9.990e-29
 243.427882      2.160  38.220193    12.7464    7.46557      2.142    32.6122    24.5931 -9.990e-29
 243.427888      2.162  38.221158    12.7461    7.45655      2.144    32.6134    24.5941 -9.990e-29
 243.427894      2.156  38.213908    12.7455    7.44346      2.138    32.6070    24.5893 -9.990e-29
 243.427899      2.145  38.202799    12.7445    7.42361      2.127    32.5973    24.5820 -9.990e-29
 243.427905      2.137  38.191526    12.7434    7.42403      2.119    32.5875    24.5746 -9.990e-29
 243.427911      2.137  38.183008    12.7433    7.44546      2.119    32.5795    24.5685 -9.990e-29
 243.427917      2.144  38.180471    12.7448    7.47332      2.126    32.5758    24.5653 -9.990e-29
 243.427922      2.158  38.184459    12.7478    7.48806      2.140    32.5770    24.5656 -9.990e-29
 243.427928      2.177  38.195241    12.7513    7.47934      2.159    32.5842    24.5705 -9.990e-29
 243.427934      2.192  38.208682    12.7534    7.46859      2.174    32.5952    24.5786 -9.990e-29
 243.427940      2.201  38.215784    12.7540    7.46697      2.183    32.6014    24.5833 -9.990e-29
 243.427946      2.204  38.216480    12.7537    7.45606      2.186    32.6023    24.5841 -9.990e-29
 243.427951      2.201  38.213944    12.7529    7.45809      2.183    32.6006    24.5829 -9.990e-29
 243.427957      2.192  38.208159    12.7513    7.45141      2.174    32.5965    24.5800 -9.990e-29
 243.427963      2.182  38.199264    12.7501    7.44640      2.164    32.5891    24.5745 -9.990e-29
 243.427969      2.176  38.192224    12.7510    7.45015      2.158    32.5816    24.5686 -9.990e-29
 243.427975      2.181  38.194480    12.7534    7.47958      2.163    32.5817    24.5682 -9.990e-29
 243.427980      2.195  38.203990    12.7555    7.49505      2.177    32.5889    24.5734 -9.990e-29
 243.427986      2.216  38.212684    12.7561    7.48901      2.197    32.5966    24.5792 -9.990e-29
 243.427992      2.236  38.214768    12.7555    7.46512      2.217    32.5991    24.5813 -9.990e-29
 243.427998      2.253  38.211336    12.7546    7.43667      2.234    32.5966    24.5795 -9.990e-29
 243.428003      2.267  38.207349    12.7541    7.44383      2.248    32.5933    24.5770 -9.990e-29
 243.428009      2.279  38.204220    12.7539    7.46212      2.260    32.5905    24.5749 -9.990e-29
 243.428015      2.290  38.201142    12.7537    7.46800      2.271    32.5877    24.5728 -9.990e-29
 243.428021      2.297  38.199059    12.7531    7.45435      2.278    32.5863    24.5718 -9.990e-29
 243.428027      2.295  38.197436    12.7520    7.42980      2.276    32.5857    24.5715 -9.990e-29
 243.428032      2.289  38.194109    12.7513    7.43011      2.270    32.5831    24.5697 -9.990e-29
 243.428038      2.287  38.190811    12.7516    7.45407      2.268    32.5797    24.5670 -9.990e-29
 243.428044      2.293  38.190437    12.7524    7.46838      2.274    32.5787    24.5660 -9.990e-29
 243.428050      2.304  38.193050    12.7532    7.46891      2.285    32.5805    24.5673 -9.990e-29
 243.428056      2.315  38.195964    12.7536    7.45237      2.296    32.5829    24.5691 -9.990e-29
 243.428061      2.327  38.196335    12.7537    7.44068      2.308    32.5831    24.5692 -9.990e-29
 243.428067      2.342  38.194657    12.7537    7.45000      2.322    32.5815    24.5680 -9.990e-29
 243.428073      2.355  38.192992    12.7533    7.45381      2.335    32.5803    24.5671 -9.990e-29
 243.428079      2.359  38.191923    12.7527    7.45289      2.339    32.5798    24.5668 -9.990e-29
 243.428084      2.351  38.191509    12.7524    7.44988      2.331    32.5797    24.5668 -9.990e-29
 243.428090      2.333  38.191743    12.7527    7.44036      2.314    32.5796    24.5667 -9.990e-29
 243.428096      2.314  38.192174    12.7531    7.45591      2.295    32.5797    24.5667 -9.990e-29
 243.428102      2.296  38.192803    12.7533    7.46110      2.277    32.5801    24.5670 -9.990e-29
 243.428108      2.282  38.193334    12.7532    7.45293      2.263    32.5807    24.5675 -9.990e-29
 243.428113      2.276  38.192778    12.7529    7.43977      2.257    32.5805    24.5673 -9.990e-29
 243.428119      2.273  38.190940    12.7524    7.43239      2.254    32.5792    24.5664 -9.990e-29
 243.428125      2.273  38.188720    12.7522    7.44046      2.254    32.5772    24.5649 -9.990e-29
 243.428131      2.280  38.187629    12.7524    7.46057      2.261    32.5760    24.5640 -9.990e-29
 243.428137      2.290  38.189005    12.7530    7.46810      2.271    32.5768    24.5645 -9.990e-29
 243.428142      2.296  38.191864    12.7534    7.44911      2.277    32.5792    24.5662 -9.990e-29
 243.428148      2.294  38.193272    12.7532    7.42362      2.275    32.5807    24.5674 -9.990e-29
 243.428154      2.288  38.191726    12.7527    7.42404      2.269    32.5796    24.5667 -9.990e-29
 243.428160      2.285  38.187957    12.7523    7.43041      2.266    32.5764    24.5643 -9.990e-29
 243.428166      2.290  38.184779    12.7521    7.43164      2.271    32.5736    24.5621 -9.990e-29
 243.428171      2.299  38.182988    12.7519    7.42541      2.280    32.5720    24.5610 -9.990e-29
 243.428177      2.309  38.180743    12.7514    7.40739      2.290    32.5703    24.5598 -9.990e-29
 243.428183      2.320  38.178400    12.7507    7.40723      2.301    32.5687    24.5586 -9.990e-29
 243.428189      2.332  38.176188    12.7500    7.42721      2.313    32.5672    24.5576 -9.990e-29
 243.428194      2.347  38.173384    12.7495    7.42476      2.327    32.5650    24.5560 -9.990e-29
 243.428200      2.365  38.170163    12.7493    7.41176      2.345    32.5621    24.5538 -9.990e-29
 243.428206      2.378  38.168386    12.7495    7.39647      2.358    32.5602    24.5523 -9.990e-29
 243.428212      2.380  38.169034    12.7495    7.39930      2.360    32.5608    24.5528 -9.990e-29
 243.428218      2.380  38.169590    12.7495    7.41930      2.360    32.5613    24.5532 -9.990e-29
 243.428223      2.384  38.169100    12.7494    7.42780      2.364    32.5610    24.5529 -9.990e-29
 243.428229      2.395  38.168579    12.7490    7.41306      2.375    32.5608    24.5528 -9.990e-29
 243.428235      2.407  38.168440    12.7488    7.40934      2.387    32.5608    24.5529 -9.990e-29
 243.428241      2.418  38.168483    12.7487    7.40379      2.398    32.5610    24.5530 -9.990e-29
 243.428247      2.433  38.168189    12.7489    7.41768      2.413    32.5605    24.5526 -9.990e-29
 243.428252      2.452  38.168275    12.7493    7.42601      2.432    32.5602    24.5523 -9.990e-29
 243.428258      2.469  38.168842    12.7492    7.41361      2.448    32.5608    24.5528 -9.990e-29
 243.428264      2.480  38.167825    12.7482    7.40230      2.459    32.5607    24.5530 -9.990e-29
 243.428270      2.485  38.163855    12.7470    7.38915      2.464    32.5580    24.5511 -9.990e-29
 243.428275      2.490  38.157794    12.7464    7.38498      2.469    32.5528    24.5471 -9.990e-29
 243.428281      2.499  38.153888    12.7470    7.39820      2.478    32.5485    24.5437 -9.990e-29
 243.428287      2.503  38.156448    12.7480    7.40582      2.482    32.5501    24.5448 -9.990e-29
 243.428293      2.496  38.161020    12.7482    7.40050      2.475    32.5543    24.5479 -9.990e-29
 243.428299      2.475  38.161346    12.7478    7.39940      2.454    32.5549    24.5485 -9.990e-29
 243.428304      2.445  38.159531    12.7475    7.39125      2.425    32.5535    24.5475 -9.990e-29
 243.428310      2.416  38.159311    12.7473    7.39794      2.396    32.5535    24.5475 -9.990e-29
 243.428316      2.399  38.159816    12.7471    7.41611      2.379    32.5541    24.5480 -9.990e-29
 243.428322      2.398  38.158904    12.7471    7.40181      2.378    32.5532    24.5474 -9.990e-29
 243.428328      2.407  38.157586    12.7472    7.39297      2.387    32.5519    24.5463 -9.990e-29
 243.428333      2.423  38.157457    12.7474    7.39336      2.403    32.5516    24.5460 -9.990e-29
 243.428339      2.443  38.158331    12.7473    7.39897      2.423    32.5525    24.5468 -9.990e-29
 243.428345      2.460  38.158556    12.7467    7.41075      2.439    32.5532    24.5474 -9.990e-29
 243.428351      2.471  38.156732    12.7461    7.41003      2.450    32.5520    24.5466 -9.990e-29
 243.428356      2.475  38.154900    12.7462    7.39728      2.454    32.5502    24.5452 -9.990e-29
 243.428362      2.474  38.154530    12.7466    7.39757      2.453    32.5495    24.5446 -9.990e-29
 243.428368      2.472  38.155113    12.7479    7.40628      2.451    32.5489    24.5439 -9.990e-29
 243.428374      2.477  38.159097    12.7506    7.41914      2.456    32.5504    24.5445 -9.990e-29
 243.428380      2.489  38.168416    12.7530    7.43213      2.468    32.5572    24.5493 -9.990e-29
 243.428385      2.501  38.177533    12.7535    7.42914      2.480    32.5654    24.5555 -9.990e-29
 243.428391      2.509  38.179520    12.7528    7.42139      2.488    32.5679    24.5576 -9.990e-29
 243.428397      2.514  38.176453    12.7520    7.41933      2.493    32.5656    24.5560 -9.990e-29
 243.428403      2.519  38.173761    12.7519    7.42408      2.498    32.5632    24.5541 -9.990e-29
 243.428409      2.535  38.173452    12.7530    7.43452      2.514    32.5619    24.5529 -9.990e-29
 243.428414      2.562  38.175660    12.7551    7.43296      2.541    32.5622    24.5528 -9.990e-29
 243.428420      2.593  38.181631    12.7572    7.44322      2.571    32.5660    24.5553 -9.990e-29
 243.428426      2.626  38.188655    12.7574    7.42429      2.604    32.5725    24.5603 -9.990e-29
 243.428432      2.664  38.188137    12.7558    7.41206      2.642    32.5734    24.5613 -9.990e-29
 243.428438      2.707  38.181055    12.7539    7.42674      2.684    32.5683    24.5577 -9.990e-29
 243.428443      2.760  38.174217    12.7526    7.46380      2.737    32.5629    24.5538 -9.990e-29
 243.428449      2.826  38.169709    12.7520    7.50248      2.802    32.5591    24.5510 -9.990e-29
 243.428455      2.912  38.167675    12.7517    7.50051      2.888    32.5574    24.5497 -9.990e-29
 243.428461      3.030  38.167634    12.7514    7.46104      3.005    32.5576    24.5499 -9.990e-29
 243.428466      3.185  38.170077    12.7506    7.40760      3.158    32.5605    24.5523 0.0000e+00
 243.428472      3.389  38.176564    12.7467    7.34746      3.361    32.5700    24.5604 0.0000e+00
 243.428478      3.649  38.191245    12.7282    7.24436      3.619    32.5998    24.5871 0.0000e+00
 243.428484      3.966  38.216854    12.6725    7.13756      3.933    32.6723    24.6540 0.0000e+00
 243.428490      4.329  38.243771    12.5696    7.05012      4.293    32.7872    24.7630 0.0000e+00
 243.428495      4.728  38.243931    12.4368    6.97089      4.688    32.9033    24.8784 0.0000e+00
 243.428501      5.149  38.192842    12.2942    6.90642      5.106    32.9794    24.9646 0.0000e+00
