data/oxygen options/OCNMS/OCNMS2/raw_data/2005/CTD_TH35_052405faedb.cnv
* Sea-Bird SBE19 Data File:
* FileName = C:\Documents and Settings\kirner.PTANGELES\Desktop\hypoxia CTD data\TH40_052405.hex
* Software Version 1.1.5
* Temperature SN = 2997
* Conductivity SN = 2997
* System UpLoad Time = May 24 2005 18:27:09
* SEACAT PROFILER V3.1c SN 2997   05/24/05  18:25:58.383
* strain gauge pressure sensor: S/N = 184829,  range = 3000 psia,  tc = 40
# nquan = 9
# nvalues = 34                          
# units = specified
# name 0 = timeJ: Julian Days
# name 1 = prSM: Pressure, Strain Gauge [db]
# name 2 = c0mS/cm: Conductivity [mS/cm]
# name 3 = t090C: Temperature [ITS-90, deg C]
# name 4 = oxML/L: Oxygen, Beckman/YSI [ml/l]
# name 5 = depSM: Depth [salt water, m], lat = 47.5
# name 6 = sal00: Salinity, Practical [PSU]
# name 7 = sigma-é00: Density [sigma-theta, kg/m^3]
# name 8 = flag: flag
# span 0 = 144.736420, 144.736845       
# span 1 =      4.000,     37.000       
# span 2 =  32.177850,  36.149653       
# span 3 =    10.0038,    14.2381       
# span 4 =    4.63206,    6.08082       
# span 5 =      3.967,     36.688       
# span 6 =    25.9147,    32.3934       
# span 7 =    19.1326,    24.9174       
# span 8 = 0.0000e+00, 0.0000e+00       
# interval = decibars: 1                
# start_time = May 24 2005 17:37:17 [Instrument's time stamp, header]
# bad_flag = -9.990e-29
*END*
 144.736420      4.000  32.177850    14.2381    6.08082      3.967    25.9147    19.1326 0.0000e+00
 144.736440      5.000  32.956322    13.8258    5.97909      4.958    26.8958    19.9683 0.0000e+00
 144.736455      6.000  34.089581    13.4728    5.91216      5.950    28.1768    21.0241 0.0000e+00
 144.736469      7.000  34.608153    13.3328    5.89449      6.941    28.7569    21.4988 0.0000e+00
 144.736482      8.000  35.047881    13.2010    5.91852      7.933    29.2632    21.9151 0.0000e+00
 144.736495      9.000  35.321683    13.1069    5.93201      8.925    29.5894    22.1852 0.0000e+00
 144.736507     10.000  35.430611    13.0638    5.92635      9.917    29.7239    22.2974 0.0000e+00
 144.736518     11.000  35.464694    13.0427    5.93186     10.908    29.7718    22.3385 0.0000e+00
 144.736530     12.000  35.493295    13.0188    5.94211     11.900    29.8168    22.3779 0.0000e+00
 144.736540     13.000  35.539470    12.9976    5.95333     12.891    29.8763    22.4279 0.0000e+00
 144.736552     14.000  35.573537    12.9865    5.96782     13.883    29.9163    22.4611 0.0000e+00
 144.736563     15.000  35.588855    12.9807    5.96275     14.874    29.9349    22.4765 0.0000e+00
 144.736575     16.000  35.605168    12.9709    5.96793     15.866    29.9575    22.4959 0.0000e+00
 144.736586     17.000  35.649261    12.9522    5.98125     16.857    30.0131    22.5424 0.0000e+00
 144.736598     18.000  35.703981    12.9375    6.01255     17.849    30.0755    22.5936 0.0000e+00
 144.736609     19.000  35.740274    12.9312    6.03126     18.841    30.1141    22.6247 0.0000e+00
 144.736620     20.000  35.771598    12.9273    6.01581     19.832    30.1462    22.6502 0.0000e+00
 144.736633     21.000  35.797967    12.9084    5.97769     20.824    30.1855    22.6843 0.0000e+00
 144.736645     22.000  35.840265    12.8549    5.95246     21.815    30.2675    22.7580 0.0000e+00
 144.736656     23.000  35.879677    12.8035    5.93308     22.807    30.3452    22.8278 0.0000e+00
 144.736667     24.000  35.897522    12.7841    5.96614     23.798    30.3772    22.8563 0.0000e+00
 144.736679     25.000  35.905089    12.7796    5.99340     24.790    30.3876    22.8652 0.0000e+00
 144.736691     26.000  35.907787    12.7758    5.89049     25.781    30.3928    22.8699 0.0000e+00
 144.736703     27.000  35.908312    12.7539    5.80673     26.773    30.4105    22.8879 0.0000e+00
 144.736715     28.000  35.915554    12.6501    5.78735     27.764    30.5008    22.9773 0.0000e+00
 144.736727     29.000  35.956475    12.4101    5.55646     28.756    30.7344    23.2033 0.0000e+00
 144.736740     30.000  36.016581    12.2993    5.36966     29.748    30.8819    23.3384 0.0000e+00
 144.736754     31.000  36.018137    11.8706    5.28977     30.739    31.2404    23.6951 0.0000e+00
 144.736767     32.000  36.104282    11.3699    5.05151     31.731    31.7485    24.1799 0.0000e+00
 144.736779     33.000  36.149653    11.0497    4.87698     32.722    32.0693    24.4861 0.0000e+00
 144.736791     34.000  36.050731    10.6154    4.74522     33.713    32.3526    24.7821 0.0000e+00
 144.736805     35.000  35.781167    10.2778    4.64495     34.705    32.3823    24.8627 0.0000e+00
 144.736822     36.000  35.712054    10.2081    4.63206     35.696    32.3745    24.8683 0.0000e+00
 144.736845     37.000  35.550256    10.0038    4.65121     36.688    32.3934    24.9174 0.0000e+00
