data/oxygen options/OCNMS/OCNMS2/raw_data/2005/CTD_CE60_081605faed.cnv
* Sea-Bird SBE19 Data File:
* FileName = C:\Hypoxia Data\CE60_081605.hex
* Software Version 1.1.6
* Temperature SN = 2997
* Conductivity SN = 2997
* System UpLoad Time = Aug 16 2005 12:25:41
* SEACAT PROFILER V3.1c SN 2997   08/16/05  12:25:01.245
* strain gauge pressure sensor: S/N = 184829,  range = 3000 psia,  tc = 40
# nquan = 9                                 
# nvalues = 682                         
# units = specified
# name 0 = timeJ: Julian Days
# name 1 = prSM: Pressure, Strain Gauge [db]
# name 2 = c0mS/cm: Conductivity [mS/cm]
# name 3 = t090C: Temperature [ITS-90, deg C]
# name 4 = oxML/L: Oxygen, Beckman/YSI [ml/l]
# name 5 = depSM: Depth [salt water, m], lat = 47.5
# name 6 = sal00: Salinity, Practical [PSU]
# name 7 = sigma-é00: Density [sigma-theta, kg/m^3]
# name 8 = flag: flag
# span 0 = 228.477650, 228.481591       
# span 1 =     -3.315,     61.407       
# span 2 =   0.504299,  36.760703       
# span 3 =     7.1113,    12.5332       
# span 4 =   -0.12404,   29.36067       
# span 5 =     -3.287,     60.885       
# span 6 =     0.3243,    33.8953       
# span 7 =    -0.3094,    26.5337       
# span 8 = 0.0000e+00, 0.0000e+00       
# interval = seconds: 0.5
# start_time = Aug 16 2005 11:27:49 [Instrument's time stamp, header]
# bad_flag = -9.990e-29
*END*
 228.477650     -3.315 -9.990e-29    12.5332   -0.12404     -3.287 -9.990e-29 -9.990e-29 -9.990e-29
 228.477656     -3.306   0.515652    12.5332   -0.12404     -3.278     0.3318    -0.3042 -9.990e-29
 228.477662     -3.294   0.513398    12.5330   -0.12403     -3.267     0.3304    -0.3053 -9.990e-29
 228.477668     -3.274   0.510333    12.5322   -0.12403     -3.247     0.3283    -0.3068 -9.990e-29
 228.477674     -3.242   0.507362    12.5310   -0.12387     -3.215     0.3264    -0.3082 -9.990e-29
 228.477679     -3.198   0.505330    12.5296   -0.10316     -3.171     0.3250    -0.3091 -9.990e-29
 228.477685     -3.149   0.504299    12.5281   -0.10625     -3.123     0.3243    -0.3094 -9.990e-29
 228.477691     -3.097   0.504375    12.5267   -0.10464     -3.071     0.3244    -0.3092 -9.990e-29
 228.477697     -3.037   0.506771    12.5256   -0.10482     -3.012     0.3260    -0.3078 -9.990e-29
 228.477703     -2.970   0.516158    12.5242   -0.10486     -2.945     0.3323    -0.3028 -9.990e-29
 228.477708     -2.896   0.548382    12.5206   -0.10496     -2.872     0.3538    -0.2855 -9.990e-29
 228.477714     -2.806   0.648070    12.5088   -0.10505     -2.783     0.4207    -0.2319 -9.990e-29
 228.477720     -2.691   0.944815    12.4715   -0.10509     -2.669     0.6234    -0.0694 -9.990e-29
 228.477726     -2.546   1.828176    12.3583   -0.10510     -2.525     1.2484     0.4307 -9.990e-29
 228.477731     -2.373   4.476524    12.1089   -0.10509     -2.353     3.2429     2.0094 -9.990e-29
 228.477737     -2.167  12.312284    11.7834   -0.10506     -2.149     9.6861     7.0358 -9.990e-29
 228.477743     -1.929  23.799198    11.5321   -0.10504     -1.913    19.9718    15.0229 -9.990e-29
 228.477749     -1.669  31.505923    11.3945   -0.10507     -1.655    27.2927    20.7159 -9.990e-29
 228.477755     -1.405  34.626979    11.3219   -0.10507     -1.393    30.3611    23.1100 -9.990e-29
 228.477760     -1.158  36.041589    11.2839   -0.10509     -1.148    31.7740    24.2144 -9.990e-29
 228.477766     -0.947  36.520848    11.2640   -0.10508     -0.939    32.2613    24.5968 -9.990e-29
 228.477772     -0.771  36.651122    11.2531   -0.10508     -0.765    32.3988    24.7057 -9.990e-29
 228.477778     -0.619  36.654972    11.2485   -0.10510     -0.614    32.4066    24.7125 -9.990e-29
 228.477784     -0.486  36.641914    11.2482   -0.10513     -0.482    32.3940    24.7028 -9.990e-29
 228.477789     -0.377  36.641159    11.2497   -0.10514     -0.374    32.3919    24.7009 -9.990e-29
 228.477795     -0.295  36.651217    11.2511   -0.10507     -0.293    32.4005    24.7073 -9.990e-29
 228.477801     -0.242  36.664828    11.2523   -0.10504     -0.240    32.4128    24.7167 -9.990e-29
 228.477807     -0.209  36.667131    11.2530   -0.10507     -0.207    32.4144    24.7178 -9.990e-29
 228.477813     -0.182  36.651744    11.2523   -0.10509     -0.180    32.3999    24.7067 -9.990e-29
 228.477818     -0.150  36.633560    11.2504   -0.10509     -0.149    32.3837    24.6944 -9.990e-29
 228.477824     -0.115  36.626545    11.2470   -0.10504     -0.114    32.3798    24.6919 -9.990e-29
 228.477830     -0.080  36.630958    11.2423   -0.10500     -0.079    32.3882    24.6994 -9.990e-29
 228.477836     -0.046  36.637060    11.2379   -0.10503     -0.046    32.3981    24.7078 -9.990e-29
 228.477841     -0.016  36.635679    11.2352   -0.10505     -0.016    32.3991    24.7091 -9.990e-29
 228.477847      0.013  36.632902    11.2347   -0.10507      0.013    32.3968    24.7074 -9.990e-29
 228.477853      0.042  36.648655    11.2358   -0.10507      0.042    32.4113    24.7185 -9.990e-29
 228.477859      0.073  36.684395    11.2382   -0.10507      0.072    32.4443    24.7437 -9.990e-29
 228.477865      0.103  36.706542    11.2418   -0.10506      0.102    32.4629    24.7575 -9.990e-29
 228.477870      0.135  36.696476    11.2459   -0.10505      0.134    32.4494    24.7463 -9.990e-29
 228.477876      0.175  36.676184    11.2500   -0.10507      0.174    32.4258    24.7272 -9.990e-29
 228.477882      0.221  36.674206    11.2535   -0.10509      0.219    32.4208    24.7227 -9.990e-29
 228.477888      0.268  36.694713    11.2561   -0.10509      0.266    32.4386    24.7361 -9.990e-29
 228.477894      0.306  36.710731    11.2577   -0.10508      0.303    32.4529    24.7469 -9.990e-29
 228.477899      0.328  36.699397    11.2586   -0.10505      0.325    32.4410    24.7375 -9.990e-29
 228.477905      0.341  36.672032    11.2588   -0.10504      0.338    32.4139    24.7164 -9.990e-29
 228.477911      0.349  36.649988    11.2582   -0.10506      0.346    32.3928    24.7001 -9.990e-29
 228.477917      0.353  36.640962    11.2573   -0.10507      0.350    32.3847    24.6939 -9.990e-29
 228.477922      0.357  36.642530    11.2564   -0.10507      0.354    32.3870    24.6959 -9.990e-29
 228.477928      0.367  36.648452    11.2550   -0.10503      0.364    32.3941    24.7016 -9.990e-29
 228.477934      0.382  36.649317    11.2528   -0.10502      0.379    32.3968    24.7042 -9.990e-29
 228.477940      0.407  36.641872    11.2511   -0.10502      0.404    32.3910    24.7000 -9.990e-29
 228.477946      0.446  36.636455    11.2504   -0.10506      0.442    32.3863    24.6964 -9.990e-29
 228.477951      0.490  36.642746    11.2505   -0.10509      0.486    32.3924    24.7011 -9.990e-29
 228.477957      0.535  36.662480    11.2515   -0.10507      0.531    32.4109    24.7153 -9.990e-29
 228.477963      0.575  36.685037    11.2527   -0.10504      0.570    32.4320    24.7315 -9.990e-29
 228.477969      0.608  36.691788    11.2533   -0.10504      0.603    32.4381    24.7362 -9.990e-29
 228.477975      0.637  36.682279    11.2533   -0.10502      0.632    32.4287    24.7289 -9.990e-29
 228.477980      0.662  36.674750    11.2535   -0.10504      0.656    32.4211    24.7230 -9.990e-29
 228.477986      0.682  36.684474    11.2549   -0.10505      0.676    32.4294    24.7292 -9.990e-29
 228.477992      0.694  36.705431    11.2554   -0.10504      0.688    32.4496    24.7448 -9.990e-29
 228.477998      0.702  36.714614    11.2524   -0.10503      0.696    32.4613    24.7544 -9.990e-29
 228.478003      0.711  36.703036    11.2475   -0.10503      0.705    32.4542    24.7497 -9.990e-29
 228.478009      0.727  36.685061    11.2444   -0.10500      0.721    32.4392    24.7387 -9.990e-29
 228.478015      0.754  36.683342    11.2449   -0.10496      0.748    32.4371    24.7369 -9.990e-29
 228.478021      0.790  36.702392    11.2489   -0.10502      0.783    32.4523    24.7480 -9.990e-29
 228.478027      0.828  36.721147    11.2528   -0.10510      0.821    32.4673    24.7590 -9.990e-29
 228.478032      0.863  36.725440    11.2527   -0.10511      0.856    32.4716    24.7623 -9.990e-29
 228.478038      0.892  36.721634    11.2501   -0.10506      0.885    32.4701    24.7617 -9.990e-29
 228.478044      0.917  36.720435    11.2485   -0.10504      0.909    32.4703    24.7621 -9.990e-29
 228.478050      0.941  36.725932    11.2493   -0.10496      0.933    32.4750    24.7656 -9.990e-29
 228.478056      0.964  36.735438    11.2533   -0.10499      0.956    32.4808    24.7694 -9.990e-29
 228.478061      0.983  36.744323    11.2600   -0.10506      0.975    32.4837    24.7704 -9.990e-29
 228.478067      0.991  36.749374    11.2641   -0.10507      0.983    32.4850    24.7707 -9.990e-29
 228.478073      0.990  36.746189    11.2604   -0.10506      0.982    32.4851    24.7715 -9.990e-29
 228.478079      0.990  36.728359    11.2529   -0.10506      0.982    32.4742    24.7644 -9.990e-29
 228.478084      1.006  36.696864    11.2483   -0.10506      0.998    32.4473    24.7442 -9.990e-29
 228.478090      1.039  36.671469    11.2500   -0.10507      1.030    32.4208    24.7233 -9.990e-29
 228.478096      1.077  36.676148    11.2603   -0.10509      1.068    32.4163    24.7180 -9.990e-29
 228.478102      1.106  36.700392    11.2724   -0.10510      1.097    32.4295    24.7261 -9.990e-29
 228.478108      1.119  36.711559    11.2735   -0.10507      1.110    32.4395    24.7337 -9.990e-29
 228.478113      1.126  36.702189    11.2634   -0.10505      1.117    32.4392    24.7352 -9.990e-29
 228.478119      1.139  36.686227    11.2527   -0.10498      1.129    32.4329    24.7323 -9.990e-29
 228.478125      1.160  36.681721    11.2475   -0.10501      1.150    32.4330    24.7333 -9.990e-29
 228.478131      1.182  36.694515    11.2468   -0.10503      1.172    32.4462    24.7437 -9.990e-29
 228.478137      1.202  36.706978    11.2469   -0.10504      1.192    32.4584    24.7531 -9.990e-29
 228.478142      1.220  36.707767    11.2457   -0.10503      1.210    32.4602    24.7548 -9.990e-29
 228.478148      1.239  36.703061    11.2441   -0.10503      1.229    32.4570    24.7525 -9.990e-29
 228.478154      1.258  36.697317    11.2437   -0.10504      1.247    32.4517    24.7485 -9.990e-29
 228.478160      1.276  36.693049    11.2469   17.14000      1.265    32.4447    24.7425 -9.990e-29
 228.478166      1.290  36.697541    11.2565   27.87156      1.279    32.4406    24.7376 -9.990e-29
 228.478171      1.303  36.709008    11.2678   29.36067      1.292    32.4419    24.7366 -9.990e-29
 228.478177      1.317  36.713662    11.2707   25.58603      1.306    32.4439    24.7377 -9.990e-29
 228.478183      1.329  36.707135    11.2659   16.43811      1.318    32.4418    24.7368 -9.990e-29
 228.478189      1.344  36.700433    11.2612   13.34276      1.333    32.4393    24.7357 -9.990e-29
 228.478194      1.363  36.703203    11.2597   13.36434      1.352    32.4433    24.7391 -9.990e-29
 228.478200      1.377  36.709680    11.2593   13.34732      1.366    32.4500    24.7444 -9.990e-29
 228.478206      1.385  36.708392    11.2565   13.35424      1.373    32.4512    24.7459 -9.990e-29
 228.478212      1.387  36.693774    11.2507   13.35781      1.375    32.4420    24.7397 -9.990e-29
 228.478218      1.390  36.655948    11.2440   13.36351      1.378    32.4107    24.7165 -9.990e-29
 228.478223      1.409  36.602873    11.2390   13.36650      1.397    32.3629    24.6803 -9.990e-29
 228.478229      1.440  36.567031    11.2360   13.16529      1.428    32.3302    24.6554 -9.990e-29
 228.478235      1.471  36.553974    11.2343    9.00418      1.459    32.3189    24.6469 -9.990e-29
 228.478241      1.502  36.549173    11.2325    5.27761      1.489    32.3157    24.6448 -9.990e-29
 228.478247      1.534  36.546866    11.2303    3.44162      1.521    32.3154    24.6449 -9.990e-29
 228.478252      1.564  36.545178    11.2299    3.36522      1.551    32.3141    24.6439 -9.990e-29
 228.478258      1.587  36.544739    11.2324    5.14320      1.574    32.3114    24.6415 -9.990e-29
 228.478264      1.598  36.546161    11.2358    6.24293      1.585    32.3098    24.6396 -9.990e-29
 228.478270      1.604  36.548056    11.2376    6.71086      1.591    32.3101    24.6395 -9.990e-29
 228.478275      1.614  36.548544    11.2369    6.98044      1.601    32.3112    24.6405 -9.990e-29
 228.478281      1.631  36.547795    11.2347    7.11273      1.617    32.3124    24.6418 -9.990e-29
 228.478287      1.652  36.547132    11.2333    7.19109      1.638    32.3130    24.6425 -9.990e-29
 228.478293      1.672  36.546869    11.2333    7.24991      1.658    32.3127    24.6423 -9.990e-29
 228.478299      1.686  36.546731    11.2327    7.29190      1.672    32.3131    24.6427 -9.990e-29
 228.478304      1.696  36.546052    11.2304    7.30598      1.682    32.3144    24.6441 -9.990e-29
 228.478310      1.701  36.544006    11.2292    7.29267      1.687    32.3135    24.6436 -9.990e-29
 228.478316      1.704  36.542990    11.2316    7.28767      1.690    32.3104    24.6408 -9.990e-29
 228.478322      1.707  36.545089    11.2343    7.34844      1.693    32.3101    24.6401 -9.990e-29
 228.478328      1.720  36.547012    11.2339    7.39920      1.706    32.3123    24.6419 -9.990e-29
 228.478333      1.744  36.546359    11.2314    7.41666      1.729    32.3138    24.6435 -9.990e-29
 228.478339      1.770  36.545140    11.2297    7.39243      1.755    32.3141    24.6440 -9.990e-29
 228.478345      1.794  36.545171    11.2299    7.35671      1.779    32.3140    24.6439 -9.990e-29
 228.478351      1.812  36.545451    11.2302    7.31816      1.797    32.3140    24.6438 -9.990e-29
 228.478356      1.828  36.545310    11.2297    7.29214      1.813    32.3143    24.6441 -9.990e-29
 228.478362      1.850  36.545197    11.2285    7.29646      1.835    32.3152    24.6451 -9.990e-29
 228.478368      1.873  36.545042    11.2273    7.31249      1.857    32.3161    24.6460 -9.990e-29
 228.478374      1.890  36.545078    11.2269    7.32217      1.874    32.3165    24.6464 -9.990e-29
 228.478380      1.899  36.545387    11.2270    7.30268      1.883    32.3167    24.6465 -9.990e-29
 228.478385      1.905  36.545639    11.2257    7.30917      1.889    32.3181    24.6478 -9.990e-29
 228.478391      1.915  36.545040    11.2227    7.31082      1.899    32.3201    24.6499 -9.990e-29
 228.478397      1.931  36.543141    11.2209    7.32573      1.915    32.3198    24.6500 -9.990e-29
 228.478403      1.942  36.541871    11.2219    7.35454      1.926    32.3177    24.6482 -9.990e-29
 228.478409      1.938  36.542869    11.2240    7.34169      1.922    32.3168    24.6471 -9.990e-29
 228.478414      1.929  36.544636    11.2252    7.33635      1.913    32.3175    24.6475 -9.990e-29
 228.478420      1.927  36.545575    11.2255    7.32585      1.911    32.3182    24.6479 -9.990e-29
 228.478426      1.936  36.545793    11.2254    7.30812      1.920    32.3185    24.6482 -9.990e-29
 228.478432      1.956  36.545554    11.2251    7.30714      1.940    32.3185    24.6482 -9.990e-29
 228.478438      1.985  36.545073    11.2249    7.28739      1.968    32.3182    24.6480 -9.990e-29
 228.478443      2.015  36.544801    11.2251    7.28215      1.998    32.3177    24.6477 -9.990e-29
 228.478449      2.045  36.544909    11.2250    7.28572      2.028    32.3179    24.6478 -9.990e-29
 228.478455      2.076  36.544955    11.2241    7.28328      2.059    32.3187    24.6486 -9.990e-29
 228.478461      2.110  36.544411    11.2228    7.28532      2.092    32.3193    24.6493 -9.990e-29
 228.478466      2.145  36.543647    11.2219    7.27368      2.127    32.3193    24.6495 -9.990e-29
 228.478472      2.171  36.543296    11.2217    7.27071      2.153    32.3191    24.6494 -9.990e-29
 228.478478      2.180  36.543424    11.2219    7.24724      2.162    32.3191    24.6493 -9.990e-29
 228.478484      2.178  36.543612    11.2222    7.23948      2.160    32.3190    24.6492 -9.990e-29
 228.478490      2.173  36.543524    11.2227    7.24876      2.155    32.3185    24.6487 -9.990e-29
 228.478495      2.169  36.543579    11.2235    7.24717      2.151    32.3178    24.6480 -9.990e-29
 228.478501      2.166  36.543822    11.2241    7.25260      2.148    32.3176    24.6477 -9.990e-29
 228.478507      2.167  36.543989    11.2243    7.24913      2.149    32.3175    24.6477 -9.990e-29
 228.478513      2.177  36.544276    11.2237    7.24637      2.159    32.3184    24.6484 -9.990e-29
 228.478519      2.197  36.544478    11.2227    7.24626      2.179    32.3194    24.6494 -9.990e-29
 228.478524      2.224  36.544278    11.2221    7.24918      2.205    32.3197    24.6498 -9.990e-29
 228.478530      2.250  36.543942    11.2223    7.23864      2.231    32.3192    24.6493 -9.990e-29
 228.478536      2.274  36.544114    11.2233    7.23658      2.255    32.3185    24.6486 -9.990e-29
 228.478542      2.292  36.544997    11.2249    7.22206      2.273    32.3180    24.6479 -9.990e-29
 228.478547      2.301  36.546058    11.2271    7.22814      2.282    32.3171    24.6468 -9.990e-29
 228.478553      2.307  36.547005    11.2295    7.21523      2.288    32.3159    24.6455 -9.990e-29
 228.478559      2.313  36.547952    11.2308    7.20836      2.294    32.3157    24.6451 -9.990e-29
 228.478565      2.321  36.548451    11.2303    7.20319      2.302    32.3166    24.6459 -9.990e-29
 228.478571      2.330  36.548020    11.2288    7.20297      2.311    32.3175    24.6468 -9.990e-29
