data/oxygen options/OCNMS/OCNMS2/raw_data/2005/CTD_CE40_081605faed.cnv
* Sea-Bird SBE19 Data File:
* FileName = C:\Hypoxia Data\CE40_081605.hex
* Software Version 1.1.6
* Temperature SN = 2997
* Conductivity SN = 2997
* System UpLoad Time = Aug 16 2005 11:07:54
* SEACAT PROFILER V3.1c SN 2997   08/16/05  11:07:22.753
* strain gauge pressure sensor: S/N = 184829,  range = 3000 psia,  tc = 40
# nquan = 9                                 
# nvalues = 732                         
# units = specified
# name 0 = timeJ: Julian Days
# name 1 = prSM: Pressure, Strain Gauge [db]
# name 2 = c0mS/cm: Conductivity [mS/cm]
# name 3 = t090C: Temperature [ITS-90, deg C]
# name 4 = oxML/L: Oxygen, Beckman/YSI [ml/l]
# name 5 = depSM: Depth [salt water, m], lat = 47.5
# name 6 = sal00: Salinity, Practical [PSU]
# name 7 = sigma-é00: Density [sigma-theta, kg/m^3]
# name 8 = flag: flag
# span 0 = 228.457488, 228.461719       
# span 1 =     -2.994,     39.491       
# span 2 =   0.699778,  36.834294       
# span 3 =     7.3603,    11.9456       
# span 4 =  -12.23035,   29.60823       
# span 5 =     -2.969,     39.158       
# span 6 =     0.4846,    33.7940       
# span 7 =     0.0208,    26.4186       
# span 8 = 0.0000e+00, 0.0000e+00       
# interval = seconds: 0.5
# start_time = Aug 16 2005 10:58:47 [Instrument's time stamp, header]
# bad_flag = -9.990e-29
*END*
[from data line 161]
 228.458420      1.555  36.663595    10.8214    7.76907      1.542    32.7934    25.0890 -9.990e-29
 228.458426      1.549  36.692696    10.8317    7.77828      1.536    32.8131    25.1026 -9.990e-29
 228.458432      1.537  36.705608    10.8351    7.78474      1.524    32.8229    25.1096 -9.990e-29
 228.458438      1.537  36.707775    10.8365    7.78496      1.524    32.8238    25.1101 -9.990e-29
 228.458443      1.554  36.708258    10.8378    7.79318      1.541    32.8231    25.1093 -9.990e-29
 228.458449      1.578  36.708825    10.8399    7.80642      1.565    32.8218    25.1079 -9.990e-29
 228.458455      1.609  36.710231    10.8430    7.79954      1.596    32.8204    25.1063 -9.990e-29
 228.458461      1.643  36.713228    10.8456    7.80365      1.629    32.8210    25.1063 -9.990e-29
 228.458466      1.673  36.716203    10.8472    7.79551      1.659    32.8225    25.1072 -9.990e-29
 228.458472      1.695  36.718077    10.8487    7.79347      1.681    32.8230    25.1073 -9.990e-29
 228.458478      1.704  36.719666    10.8503    7.80174      1.690    32.8232    25.1072 -9.990e-29
 228.458484      1.705  36.720845    10.8503    7.76837      1.691    32.8244    25.1081 -9.990e-29
 228.458490      1.703  36.719822    10.8476    7.74359      1.689    32.8258    25.1096 -9.990e-29
 228.458495      1.703  36.716914    10.8427    7.72965      1.689    32.8273    25.1117 -9.990e-29
 228.458501      1.711  36.712731    10.8358    7.70350      1.697    32.8293    25.1145 -9.990e-29
 228.458507      1.729  36.706742    10.8276    7.70787      1.715    32.8307    25.1170 -9.990e-29
 228.458513      1.750  36.699371    10.8202    7.71529      1.735    32.8300    25.1177 -9.990e-29
 228.458519      1.766  36.692004    10.8167    7.72386      1.751    32.8258    25.1151 -9.990e-29
 228.458524      1.770  36.688837    10.8189    7.76375      1.755    32.8206    25.1107 -9.990e-29
 228.458530      1.762  36.692373    10.8245    7.76227      1.747    32.8191    25.1085 -9.990e-29
 228.458536      1.751  36.698354    10.8292    7.73782      1.736    32.8209    25.1091 -9.990e-29
 228.458542      1.743  36.701857    10.8302    7.69958      1.728    32.8235    25.1109 -9.990e-29
 228.458547      1.747  36.701947    10.8276    7.63416      1.732    32.8259    25.1132 -9.990e-29
 228.458553      1.768  36.699307    10.8193    7.57846      1.753    32.8307    25.1184 -9.990e-29
 228.458559      1.802  36.691539    10.7974    7.49946      1.787    32.8426    25.1316 -9.990e-29
 228.458565      1.839  36.668285    10.7676    7.42609      1.824    32.8462    25.1396 -9.990e-29
 228.458571      1.865  36.636669    10.7405    7.38080      1.849    32.8390    25.1387 -9.990e-29
 228.458576      1.871  36.608923    10.7121    7.35087      1.855    32.8369    25.1420 -9.990e-29
 228.458582      1.868  36.580010    10.6886    7.32164      1.852    32.8291    25.1400 -9.990e-29
 228.458588      1.868  36.561282    10.6718    7.28153      1.852    32.8255    25.1401 -9.990e-29
 228.458594      1.875  36.550195    10.6542    7.24184      1.859    32.8303    25.1469 -9.990e-29
 228.458600      1.889  36.534768    10.6422    7.20721      1.873    32.8257    25.1454 -9.990e-29
 228.458605      1.908  36.527513    10.6371    7.17478      1.892    32.8230    25.1442 -9.990e-29
 228.458611      1.923  36.528283    10.6299    7.16595      1.907    32.8302    25.1511 -9.990e-29
 228.458617      1.932  36.524086    10.6196    7.13205      1.916    32.8353    25.1568 -9.990e-29
 228.458623      1.935  36.513249    10.6031    7.11682      1.919    32.8393    25.1628 -9.990e-29
 228.458628      1.937  36.495901    10.5738    7.13174      1.921    32.8484    25.1749 -9.990e-29
 228.458634      1.941  36.467976    10.5514    7.15990      1.925    32.8406    25.1727 -9.990e-29
 228.458640      1.945  36.446632    10.5623    7.19385      1.929    32.8094    25.1465 -9.990e-29
 228.458646      1.943  36.457794    10.5963    7.20050      1.927    32.7900    25.1255 -9.990e-29
 228.458652      1.941  36.493347    10.6194    7.16671      1.925    32.8047    25.1330 -9.990e-29
 228.458657      1.946  36.517148    10.6118    7.10882      1.930    32.8354    25.1582 -9.990e-29
 228.458663      1.959  36.506548    10.5808    7.06172      1.943    32.8527    25.1770 -9.990e-29
 228.458669      1.971  36.473775    10.5507    7.06164      1.955    32.8470    25.1778 -9.990e-29
 228.458675      1.981  36.445783    10.5424    7.11970      1.964    32.8264    25.1632 -9.990e-29
 228.458681      1.988  36.439071    10.5549    7.17814      1.971    32.8085    25.1471 -9.990e-29
 228.458686      1.992  36.449731    10.5715    7.23768      1.975    32.8042    25.1409 -9.990e-29
 228.458692      1.994  36.463936    10.5860    7.28916      1.977    32.8054    25.1393 -9.990e-29
 228.458698      1.994  36.478761    10.6056    7.33887      1.977    32.8026    25.1337 -9.990e-29
 228.458704      1.997  36.499956    10.6299    7.37077      1.980    32.8019    25.1290 -9.990e-29
 228.458709      2.010  36.523820    10.6448    7.35661      1.993    32.8123    25.1345 -9.990e-29
 228.458715      2.036  36.536196    10.6434    7.32870      2.019    32.8260    25.1454 -9.990e-29
 228.458721      2.066  36.532842    10.6348    7.30151      2.049    32.8303    25.1503 -9.990e-29
 228.458727      2.095  36.524429    10.6274    7.29619      2.078    32.8286    25.1502 -9.990e-29
 228.458733      2.116  36.518802    10.6221    7.30153      2.098    32.8277    25.1504 -9.990e-29
 228.458738      2.125  36.514624    10.6202    7.30321      2.107    32.8252    25.1488 -9.990e-29
 228.458744      2.124  36.512491    10.6226    7.28163      2.106    32.8209    25.1451 -9.990e-29
 228.458750      2.115  36.514604    10.6245    7.25628      2.097    32.8213    25.1451 -9.990e-29
 228.458756      2.113  36.515929    10.6216    7.22304      2.095    32.8253    25.1486 -9.990e-29
 228.458762      2.125  36.512066    10.6109    7.19456      2.107    32.8310    25.1550 -9.990e-29
 228.458767      2.143  36.501790    10.5926    7.17966      2.125    32.8372    25.1630 -9.990e-29
 228.458773      2.160  36.485980    10.5786    7.15846      2.142    32.8340    25.1629 -9.990e-29
 228.458779      2.172  36.475515    10.5787    7.14334      2.154    32.8234    25.1546 -9.990e-29
 228.458785      2.173  36.477746    10.5848    7.11071      2.155    32.8202    25.1510 -9.990e-29
 228.458791      2.166  36.482745    10.5825    7.06186      2.148    32.8273    25.1569 -9.990e-29
 228.458796      2.168  36.476993    10.5638    7.01305      2.150    32.8383    25.1688 -9.990e-29
 228.458802      2.188  36.457309    10.5318    7.00915      2.170    32.8475    25.1814 -9.990e-29
 228.458808      2.214  36.428852    10.5068    7.04967      2.196    32.8415    25.1811 -9.990e-29
 228.458814      2.231  36.407503    10.5076    7.10748      2.212    32.8193    25.1637 -9.990e-29
 228.458819      2.239  36.410771    10.5281    7.15614      2.220    32.8041    25.1483 -9.990e-29
 228.458825      2.244  36.432352    10.5510    7.17746      2.225    32.8051    25.1451 -9.990e-29
 228.458831      2.245  36.453920    10.5666    7.18341      2.226    32.8127    25.1483 -9.990e-29
 228.458837      2.248  36.467229    10.5735    7.19413      2.229    32.8198    25.1527 -9.990e-29
 228.458843      2.257  36.472645    10.5730    7.19231      2.238    32.8257    25.1573 -9.990e-29
 228.458848      2.267  36.471784    10.5668    7.18988      2.248    32.8304    25.1621 -9.990e-29
 228.458854      2.276  36.465743    10.5626    7.20865      2.257    32.8281    25.1610 -9.990e-29
 228.458860      2.283  36.461606    10.5670    7.23460      2.264    32.8200    25.1540 -9.990e-29
 228.458866      2.290  36.465630    10.5768    7.26534      2.271    32.8152    25.1485 -9.990e-29
 228.458872      2.297  36.474206    10.5877    7.27645      2.278    32.8140    25.1457 -9.990e-29
 228.458877      2.303  36.482509    10.5986    7.27938      2.284    32.8125    25.1426 -9.990e-29
 228.458883      2.310  36.491516    10.6071    7.27138      2.291    32.8138    25.1422 -9.990e-29
 228.458889      2.319  36.500343    10.6084    7.25028      2.300    32.8215    25.1480 -9.990e-29
 228.458895      2.329  36.503377    10.6020    7.24236      2.310    32.8303    25.1559 -9.990e-29
 228.458900      2.341  36.501301    10.5934    7.24069      2.321    32.8359    25.1618 -9.990e-29
 228.458906      2.352  36.499759    10.5904    7.24195      2.332    32.8371    25.1632 -9.990e-29
 228.458912      2.353  36.499494    10.5944    7.25176      2.333    32.8332    25.1595 -9.990e-29
 228.458918      2.346  36.497906    10.5971    7.25452      2.326    32.8292    25.1559 -9.990e-29
 228.458924      2.337  36.493992    10.5952    7.26764      2.317    32.8270    25.1545 -9.990e-29
 228.458929      2.332  36.489260    10.5932    7.29789      2.313    32.8241    25.1526 -9.990e-29
 228.458935      2.329  36.486373    10.5952    7.29488      2.310    32.8194    25.1486 -9.990e-29
 228.458941      2.328  36.488204    10.6024    7.30094      2.309    32.8147    25.1437 -9.990e-29
 228.458947      2.329  36.495506    10.6119    7.30517      2.310    32.8135    25.1411 -9.990e-29
 228.458953      2.332  36.505115    10.6182    7.30797      2.313    32.8174    25.1431 -9.990e-29
 228.458958      2.338  36.510777    10.6185    7.34126      2.318    32.8228    25.1473 -9.990e-29
 228.458964      2.346  36.509386    10.6164    7.37051      2.326    32.8233    25.1480 -9.990e-29
 228.458970      2.354  36.506374    10.6194    7.41192      2.334    32.8176    25.1430 -9.990e-29
 228.458976      2.353  36.509494    10.6302    7.45372      2.333    32.8110    25.1360 -9.990e-29
 228.458981      2.343  36.520657    10.6440    7.49437      2.323    32.8098    25.1327 -9.990e-29
 228.458987      2.340  36.533995    10.6578    7.54864      2.320    32.8107    25.1310 -9.990e-29
 228.458993      2.357  36.547106    10.6737    7.57655      2.337    32.8095    25.1273 -9.990e-29
 228.458999      2.386  36.562890    10.6894    7.59484      2.366    32.8111    25.1259 -9.990e-29
 228.459005      2.417  36.577719    10.7002    7.58975      2.397    32.8162    25.1279 -9.990e-29
 228.459010      2.439  36.587249    10.7060    7.57696      2.419    32.8205    25.1303 -9.990e-29
 228.459016      2.445  36.592970    10.7088    7.57330      2.425    32.8237    25.1323 -9.990e-29
 228.459022      2.439  36.596339    10.7085    7.56280      2.419    32.8273    25.1351 -9.990e-29
 228.459028      2.429  36.595116    10.7051    7.57708      2.409    32.8291    25.1372 -9.990e-29
 228.459034      2.424  36.589351    10.7017    7.60494      2.404    32.8264    25.1357 -9.990e-29
 228.459039      2.427  36.582567    10.7105    7.65133      2.407    32.8118    25.1227 -9.990e-29
 228.459045      2.438  36.584221    10.7358    7.71666      2.418    32.7907    25.1019 -9.990e-29
 228.459051      2.454  36.600995    10.7621    7.77084      2.434    32.7838    25.0920 -9.990e-29
 228.459057      2.472  36.627214    10.7796    7.80884      2.451    32.7942    25.0970 -9.990e-29
 228.459062      2.493  36.651856    10.7879    7.84102      2.472    32.8113    25.1089 -9.990e-29
 228.459068      2.509  36.663480    10.7927    7.84830      2.488    32.8186    25.1137 -9.990e-29
 228.459074      2.513  36.667487    10.8024    7.85939      2.492    32.8139    25.1083 -9.990e-29
 228.459080      2.515  36.676507    10.8175    7.86976      2.494    32.8093    25.1021 -9.990e-29
 228.459086      2.521  36.690226    10.8354    7.87718      2.500    32.8069    25.0971 -9.990e-29
 228.459091      2.530  36.705625    10.8525    7.89067      2.509    32.8069    25.0941 -9.990e-29
 228.459097      2.536  36.720806    10.8625    7.90353      2.515    32.8130    25.0971 -9.990e-29
 228.459103      2.541  36.730213    10.8639    7.92181      2.520    32.8211    25.1032 -9.990e-29
 228.459109      2.545  36.732930    10.8621    7.94015      2.524    32.8254    25.1069 -9.990e-29
 228.459115      2.547  36.733697    10.8626    7.92892      2.526    32.8257    25.1070 -9.990e-29
 228.459120      2.552  36.734094    10.8669    7.90643      2.531    32.8223    25.1036 -9.990e-29
 228.459126      2.566  36.736328    10.8726    7.87749      2.545    32.8194    25.1003 -9.990e-29
 228.459132      2.588  36.740571    10.8806    7.87272      2.566    32.8164    25.0966 -9.990e-29
 228.459138      2.617  36.746868    10.8943    7.88210      2.595    32.8104    25.0895 -9.990e-29
 228.459144      2.640  36.759687    10.9042    7.87829      2.618    32.8143    25.0908 -9.990e-29
 228.459149      2.650  36.768637    10.9001    7.85439      2.628    32.8268    25.1013 -9.990e-29
 228.459155      2.650  36.762660    10.8897    7.81823      2.628    32.8302    25.1057 -9.990e-29
 228.459161      2.642  36.751730    10.8817    7.81849      2.620    32.8265    25.1043 -9.990e-29
 228.459167      2.639  36.744822    10.8797    7.83632      2.617    32.8214    25.1007 -9.990e-29
 228.459172      2.650  36.746177    10.8848    7.87090      2.628    32.8182    25.0972 -9.990e-29
 228.459178      2.666  36.754794    10.8917    7.87520      2.644    32.8206    25.0979 -9.990e-29
 228.459184      2.676  36.761408    10.8959    7.85920      2.654    32.8234    25.0993 -9.990e-29
 228.459190      2.676  36.762495    10.8981    7.85723      2.654    32.8225    25.0982 -9.990e-29
 228.459196      2.670  36.762309    10.8994    7.85627      2.648    32.8211    25.0970 -9.990e-29
 228.459201      2.667  36.763400    10.8994    7.89246      2.645    32.8222    25.0978 -9.990e-29
 228.459207      2.671  36.763857    10.8992    7.94209      2.649    32.8229    25.0983 -9.990e-29
 228.459213      2.677  36.763724    10.9012    7.94068      2.655    32.8209    25.0965 -9.990e-29
 228.459219      2.678  36.766184    10.9055    7.92134      2.656    32.8195    25.0946 -9.990e-29
 228.459225      2.674  36.771707    10.9093    7.84502      2.652    32.8216    25.0956 -9.990e-29
 228.459230      2.672  36.775878    10.9118    7.74640      2.650    32.8235    25.0966 -9.990e-29
 228.459236      2.677  36.777529    10.9136    7.64398      2.655    32.8235    25.0963 -9.990e-29
 228.459242      2.690  36.779416    10.9088    7.51787      2.668    32.8297    25.1020 -9.990e-29
 228.459248      2.711  36.775079    10.8817    7.40286      2.688    32.8497    25.1223 -9.990e-29
 228.459253      2.737  36.748641    10.8042    7.32201      2.714    32.8930    25.1696 -9.990e-29
 228.459259      2.761  36.667649    10.6955    7.33217      2.738    32.9100    25.2019 -9.990e-29
 228.459265      2.777  36.558692    10.6470    7.44035      2.754    32.8449    25.1595 -9.990e-29
 228.459271      2.776  36.528254    10.6902    7.58310      2.753    32.7756    25.0981 -9.990e-29
 228.459277      2.759  36.588992    10.7682    7.71720      2.736    32.7663    25.0772 -9.990e-29
 228.459282      2.734  36.666549    10.8281    7.76505      2.711    32.7898    25.0851 -9.990e-29
 228.459288      2.706  36.717983    10.8506    7.75263      2.683    32.8208    25.1053 -9.990e-29
 228.459294      2.684  36.730016    10.8487    7.72562      2.662    32.8345    25.1163 -9.990e-29
 228.459300      2.673  36.720383    10.8426    7.67716      2.651    32.8304    25.1141 -9.990e-29
 228.459306      2.682  36.714933    10.8362    7.65420      2.660    32.8307    25.1155 -9.990e-29
 228.459311      2.712  36.712561    10.8177    7.64114      2.689    32.8449    25.1298 -9.990e-29
 228.459317      2.751  36.695519    10.7913    7.63281      2.728    32.8516    25.1397 -9.990e-29
 228.459323      2.785  36.669679    10.7826    7.65276      2.762    32.8337    25.1272 -9.990e-29
 228.459329      2.803  36.661143    10.7905    7.66263      2.780    32.8181    25.1137 -9.990e-29
 228.459334      2.807  36.665246    10.7975    7.65736      2.784    32.8159    25.1108 -9.990e-29
