data/oxygen options/OCNMS/OCNMS2/raw_data/2005/CTD_CE50_052505faedb.cnv
* Sea-Bird SBE19 Data File:
* FileName = C:\Documents and Settings\kirner.PTANGELES\Desktop\hypoxia CTD data\CE50__052505.hex
* Software Version 1.1.5
* Temperature SN = 2997
* Conductivity SN = 2997
* System UpLoad Time = May 25 2005 18:07:26
* SEACAT PROFILER V3.1c SN 2997   05/25/05  18:06:43.506
* strain gauge pressure sensor: S/N = 184829,  range = 3000 psia,  tc = 40
# nquan = 9
# nvalues = 50                          
# units = specified
# name 0 = timeJ: Julian Days
# name 1 = prSM: Pressure, Strain Gauge [db]
# name 2 = c0mS/cm: Conductivity [mS/cm]
# name 3 = t090C: Temperature [ITS-90, deg C]
# name 4 = oxML/L: Oxygen, Beckman/YSI [ml/l]
# name 5 = depSM: Depth [salt water, m], lat = 47.5
# name 6 = sal00: Salinity, Practical [PSU]
# name 7 = sigma-é00: Density [sigma-theta, kg/m^3]
# name 8 = flag: flag
# span 0 = 145.569947, 145.570624       
# span 1 =      3.000,     52.000       
# span 2 =  33.573387,  36.425461       
# span 3 =     9.4612,    14.5769       
# span 4 =    3.89996,    6.22982       
# span 5 =      2.975,     51.559       
# span 6 =    27.0141,    32.6671       
# span 7 =    19.9111,    25.2196       
# span 8 = 0.0000e+00, 0.0000e+00       
# interval = decibars: 1                
# start_time = May 25 2005 13:37:32 [Instrument's time stamp, header]
# bad_flag = -9.990e-29
*END*
 145.569947      3.000  33.675460    14.5769    6.22982      2.975    27.0141    19.9111 0.0000e+00
 145.569968      4.000  33.661575    14.5183    6.09336      3.967    27.0421    19.9446 0.0000e+00
 145.569982      5.000  33.606713    14.2887    6.13522      4.958    27.1533    20.0759 0.0000e+00
 145.569996      6.000  33.573387    14.0769    6.12181      5.950    27.2721    20.2092 0.0000e+00
 145.570009      7.000  33.648568    13.9417    6.12807      6.942    27.4353    20.3615 0.0000e+00
 145.570021      8.000  33.829086    13.8250    6.10823      7.933    27.6817    20.5742 0.0000e+00
 145.570033      9.000  33.934317    13.7643    6.10750      8.925    27.8207    20.6931 0.0000e+00
 145.570045     10.000  34.038904    13.6935    6.12919      9.916    27.9669    20.8197 0.0000e+00
 145.570057     11.000  34.321937    13.5946    6.09080     10.907    28.2971    21.0935 0.0000e+00
 145.570069     12.000  34.571135    13.5053    6.08394     11.899    28.5914    21.3379 0.0000e+00
 145.570082     13.000  34.819534    13.3940    6.04944     12.891    28.9032    21.6000 0.0000e+00
 145.570094     14.000  35.040118    13.2966    5.97000     13.883    29.1802    21.8328 0.0000e+00
 145.570106     15.000  35.203019    13.1864    5.91497     14.875    29.4153    22.0356 0.0000e+00
 145.570118     16.000  35.419182    13.0355    5.89952     15.866    29.7334    22.3103 0.0000e+00
 145.570129     17.000  35.658632    12.9071    5.93506     16.858    30.0578    22.5856 0.0000e+00
 145.570140     18.000  35.798478    12.8322    6.00781     17.849    30.2480    22.7471 0.0000e+00
 145.570150     19.000  35.912161    12.7770    6.06582     18.841    30.3987    22.8741 0.0000e+00
 145.570162     20.000  36.003271    12.7354    6.10951     19.832    30.5174    22.9740 0.0000e+00
 145.570174     21.000  36.070372    12.7005    6.13821     20.824    30.6085    23.0511 0.0000e+00
 145.570184     22.000  36.131704    12.6634    6.12804     21.815    30.6961    23.1259 0.0000e+00
 145.570196     23.000  36.221603    12.6206    6.06136     22.807    30.8156    23.2266 0.0000e+00
 145.570206     24.000  36.363997    12.5388    5.98140     23.798    31.0172    23.3981 0.0000e+00
 145.570217     25.000  36.425461    12.3869    5.94233     24.790    31.2008    23.5689 0.0000e+00
 145.570227     26.000  36.396820    12.2671    5.93454     25.781    31.2729    23.6472 0.0000e+00
 145.570237     27.000  36.367213    12.2086    5.93127     26.773    31.2931    23.6738 0.0000e+00
 145.570249     28.000  36.353376    12.1851    5.94978     27.765    31.2991    23.6828 0.0000e+00
 145.570260     29.000  36.340519    12.1646    5.96355     28.756    31.3035    23.6900 0.0000e+00
 145.570272     30.000  36.330841    12.1529    5.94288     29.747    31.3036    23.6923 0.0000e+00
 145.570285     31.000  36.322644    12.1349    5.93442     30.739    31.3104    23.7010 0.0000e+00
 145.570297     32.000  36.309617    12.1049    5.92587     31.731    31.3227    23.7161 0.0000e+00
 145.570308     33.000  36.290936    12.0651    5.93732     32.722    31.3378    23.7351 0.0000e+00
 145.570319     34.000  36.275132    12.0389    6.01046     33.713    31.3442    23.7449 0.0000e+00
 145.570332     35.000  36.266367    12.0245    5.99164     34.705    31.3475    23.7502 0.0000e+00
 145.570344     36.000  36.258917    11.9951    5.74454     35.696    31.3646    23.7689 0.0000e+00
 145.570357     37.000  36.233350    11.8796    5.41346     36.688    31.4368    23.8461 0.0000e+00
 145.570369     38.000  36.142955    11.4714    4.89342     37.679    31.6959    24.1212 0.0000e+00
 145.570382     39.000  35.901833    10.9014    4.39966     38.671    31.9512    24.4202 0.0000e+00
 145.570396     40.000  35.735992    10.3894    4.07650     39.662    32.2359    24.7298 0.0000e+00
 145.570409     41.000  35.492077     9.7674    3.90075     40.654    32.5450    25.0747 0.0000e+00
 145.570422     42.000  35.377102     9.5563    3.89996     41.645    32.6186    25.1664 0.0000e+00
 145.570435     43.000  35.369496     9.5288    3.96199     42.637    32.6355    25.1839 0.0000e+00
 145.570448     44.000  35.362305     9.5119    4.00071     43.628    32.6430    25.1926 0.0000e+00
 145.570463     45.000  35.359567     9.5019    4.02632     44.619    32.6489    25.1988 0.0000e+00
 145.570478     46.000  35.358614     9.4915    4.03754     45.611    32.6570    25.2068 0.0000e+00
 145.570493     47.000  35.355923     9.4775    4.04893     46.602    32.6666    25.2166 0.0000e+00
 145.570507     48.000  35.347553     9.4733    4.05371     47.594    32.6613    25.2131 0.0000e+00
 145.570522     49.000  35.345407     9.4723    4.05307     48.585    32.6596    25.2119 0.0000e+00
 145.570537     50.000  35.344850     9.4663    4.04699     49.577    32.6640    25.2164 0.0000e+00
 145.570556     51.000  35.343742     9.4612    4.03709     50.568    32.6671    25.2196 0.0000e+00
 145.570624     52.000  35.345258     9.4671    4.04164     51.559    32.6628    25.2154 0.0000e+00
