data/oxygen options/OCNMS/OCNMS2/raw_data/2005/CTD_TH90_083105faedb.cnv
* Sea-Bird SBE19 Data File:
* FileName = C:\hypoxia CTD data\TH90_083105.hex
* Software Version 1.1.5
* Temperature SN = 2997
* Conductivity SN = 2997
* System UpLoad Time = Aug 31 2005 15:30:19
** Teahwhit Head 083105 90m
* SEACAT PROFILER V3.1c SN 2997   08/31/05  15:26:06.947
# nquan = 9
# nvalues = 87                          
# units = specified
# name 0 = timeJ: Julian Days
# name 1 = prSM: Pressure, Strain Gauge [db]
# name 2 = c0mS/cm: Conductivity [mS/cm]
# name 3 = t090C: Temperature [ITS-90, deg C]
# name 4 = oxML/L: Oxygen, Beckman/YSI [ml/l]
# name 5 = depSM: Depth [salt water, m], lat = 47.5
# name 6 = sal00: Salinity, Practical [PSU]
# name 7 = sigma-é00: Density [sigma-theta, kg/m^3]
# name 8 = flag: flag
# span 0 =   4.208144, 244.128860       
# span 1 =      0.109,     94.000       
# span 2 =   0.669483,  38.384704       
# span 3 =     0.2395,    13.4327       
# span 4 =    0.10482,    6.06530       
# span 5 =      0.108,     93.195       
# span 6 =     0.5557,    33.8215       
# span 7 =     0.4151,    26.4449       
# span 8 = 0.0000e+00, 0.0000e+00       
# interval = decibars: 1                
# start_time = Aug 31 2005 12:06:21 [Instrument's time stamp, header]
# bad_flag = -9.990e-29
*END*
   4.208144      1.000   0.669483     0.2395    0.10482      0.108     0.5557     0.4151 0.0000e+00
 232.335278      6.000  36.962739    13.2208    5.78715      5.950    30.6780    22.9156 0.0000e+00
 243.506750      7.000  38.384704    13.4327    6.02527      6.941    32.1789    24.1228 0.0000e+00
 243.506771      8.000  38.154559    13.2220    6.06530      7.933    32.1412    24.1357 0.0000e+00
 243.506789      9.000  38.045685    13.0834    6.00764      8.925    32.1559    24.1744 0.0000e+00
 243.506806     10.000  37.872019    12.8242    5.56382      9.916    32.2120    24.2683 0.0000e+00
 243.506825     11.000  37.486553    12.2913    5.75180     10.908    32.3011    24.4392 0.0000e+00
 243.506849     12.000  36.869231    11.7018    5.88422     11.900    32.2157    24.4833 0.0000e+00
 243.507219     13.000  36.775205    11.5368    4.95408     12.891    32.2662    24.5518 0.0000e+00
 243.507292     14.000  36.398240    10.9515    4.40682     13.883    32.4089    24.7670 0.0000e+00
 243.507306     15.000  35.933318    10.5249    4.28332     14.874    32.3236    24.7746 0.0000e+00
 243.507320     16.000  35.794453    10.4145    4.31400     15.866    32.2822    24.7612 0.0000e+00
 243.507333     17.000  35.758729    10.3487    4.27274     16.857    32.3043    24.7897 0.0000e+00
 243.507348     18.000  35.704008    10.2448    4.11687     17.849    32.3413    24.8360 0.0000e+00
 243.507362     19.000  35.605290    10.0508    4.03573     18.841    32.4148    24.9258 0.0000e+00
 243.507376     20.000  35.453726     9.8007    4.24878     19.832    32.4854    25.0221 0.0000e+00
 243.507392     21.000  35.272796     9.5646    4.59608     20.824    32.5136    25.0826 0.0000e+00
 243.507412     22.000  35.151989     9.5079    4.57785     21.815    32.4408    25.0348 0.0000e+00
 243.507720     23.000  35.145609     9.4630    4.81766     22.807    32.4745    25.0684 0.0000e+00
 243.507795     24.000  35.091024     9.3515    5.28767     23.798    32.5191    25.1211 0.0000e+00
 243.507813     25.000  35.030260     9.2759    5.34924     24.790    32.5248    25.1375 0.0000e+00
 243.507829     26.000  35.006904     9.2337    5.35668     25.781    32.5388    25.1551 0.0000e+00
 243.507843     27.000  34.976585     9.1903    5.38676     26.773    32.5466    25.1681 0.0000e+00
 243.507858     28.000  34.948694     9.1509    5.44447     27.764    32.5533    25.1796 0.0000e+00
 243.507872     29.000  34.911670     9.0925    5.56854     28.756    32.5678    25.2001 0.0000e+00
 243.507888     30.000  34.833853     8.9823    5.63831     29.748    32.5876    25.2327 0.0000e+00
 243.507905     31.000  34.755739     8.8491    5.68900     30.739    32.6282    25.2851 0.0000e+00
 243.507923     32.000  34.634633     8.7024    5.68977     31.730    32.6362    25.3139 0.0000e+00
 243.507945     33.000  34.539414     8.6157    5.70025     32.722    32.6161    25.3113 0.0000e+00
 243.508317     34.000  34.559274     8.6312    5.72123     33.714    32.6222    25.3138 0.0000e+00
 243.508366     35.000  34.528731     8.5849    5.74178     34.705    32.6324    25.3288 0.0000e+00
 243.508386     36.000  34.522147     8.5843    5.72084     35.696    32.6256    25.3236 0.0000e+00
 243.508406     37.000  34.521212     8.5534    5.60278     36.688    32.6527    25.3495 0.0000e+00
 243.508422     38.000  34.483225     8.4334    5.47157     37.679    32.7235    25.4230 0.0000e+00
 243.508437     39.000  34.460608     8.3522    5.38429     38.671    32.7748    25.4754 0.0000e+00
 243.508452     40.000  34.454852     8.3137    5.28280     39.662    32.8041    25.5041 0.0000e+00
 243.508467     41.000  34.461828     8.2757    5.15850     40.654    32.8465    25.5430 0.0000e+00
 243.508484     42.000  34.472125     8.2368    5.11052     41.645    32.8933    25.5855 0.0000e+00
 244.128860     44.000  34.555765     8.2336    4.77363     43.628    32.9945    25.6679 0.0000e+00
 243.508848     45.000  34.514923     8.2037    4.12017     44.620    32.9683    25.6493 0.0000e+00
 243.508863     46.000  34.568267     8.2053    3.78629     45.611    33.0229    25.6919 0.0000e+00
 243.508876     47.000  34.639997     8.2397    3.60365     46.602    33.0662    25.7208 0.0000e+00
 243.508890     48.000  34.757257     8.2842    3.60515     47.594    33.1481    25.7784 0.0000e+00
 243.508906     49.000  34.809766     8.2787    3.57279     48.585    33.2084    25.8265 0.0000e+00
 243.508922     50.000  34.819557     8.2001    3.54032     49.577    33.2928    25.9044 0.0000e+00
 243.508937     51.000  34.784803     8.0407    3.51401     50.568    33.4070    26.0175 0.0000e+00
 243.508953     52.000  34.711471     7.9014    3.50297     51.559    33.4613    26.0806 0.0000e+00
 243.508975     53.000  34.651345     7.8530    3.49743     52.551    33.4429    26.0732 0.0000e+00
 243.509316     54.000  34.665982     7.8619    3.46824     53.542    33.4494    26.0770 0.0000e+00
 243.509331     55.000  34.645369     7.7987    3.45077     54.534    33.4874    26.1161 0.0000e+00
 243.509344     56.000  34.596743     7.6916    3.50864     55.525    33.5378    26.1711 0.0000e+00
 243.509359     57.000  34.557351     7.6222    3.51664     56.517    33.5617    26.1999 0.0000e+00
 243.509374     58.000  34.544031     7.6022    3.51038     57.508    33.5662    26.2062 0.0000e+00
 243.509390     59.000  34.541292     7.5863    3.44284     58.499    33.5781    26.2179 0.0000e+00
 243.509406     60.000  34.544509     7.5544    3.37558     59.491    33.6120    26.2491 0.0000e+00
 243.509422     61.000  34.546717     7.5118    3.33879     60.482    33.6551    26.2891 0.0000e+00
 243.509444     62.000  34.554355     7.4819    3.31032     61.473    33.6918    26.3222 0.0000e+00
 243.509702     63.000  34.545891     7.4926    3.33200     62.465    33.6719    26.3050 0.0000e+00
 243.509743     64.000  34.551408     7.4870    3.30546     63.455    33.6829    26.3144 0.0000e+00
 243.509757     65.000  34.555663     7.4851    3.29035     64.447    33.6888    26.3194 0.0000e+00
 243.509771     66.000  34.557666     7.4814    3.22204     65.439    33.6941    26.3240 0.0000e+00
 243.509784     67.000  34.558281     7.4593    3.07598     66.430    33.7157    26.3443 0.0000e+00
 243.509797     68.000  34.551382     7.4266    2.95085     67.421    33.7396    26.3677 0.0000e+00
 243.509811     69.000  34.544320     7.3967    2.83321     68.412    33.7605    26.3883 0.0000e+00
 243.509826     70.000  34.538787     7.3657    2.73811     69.404    33.7843    26.4113 0.0000e+00
 243.509846     71.000  34.534728     7.3458    2.70492     70.396    33.7988    26.4256 0.0000e+00
 243.288010     73.000  34.497758     7.3267    2.67865     72.378    33.7732    26.4074 0.0000e+00
 243.510212     74.000  34.529098     7.3338    2.68070     73.369    33.8030    26.4305 0.0000e+00
 243.510228     75.000  34.529815     7.3335    2.68271     74.361    33.8035    26.4311 0.0000e+00
 243.510242     76.000  34.530696     7.3336    2.67476     75.352    33.8039    26.4314 0.0000e+00
 243.510256     77.000  34.530869     7.3339    2.67400     76.343    33.8034    26.4309 0.0000e+00
 243.510269     78.000  34.531238     7.3343    2.68143     77.334    33.8029    26.4305 0.0000e+00
 243.510282     79.000  34.532361     7.3347    2.69125     78.325    33.8032    26.4307 0.0000e+00
 243.510295     80.000  34.533274     7.3352    2.67337     79.317    33.8032    26.4307 0.0000e+00
 243.510313     81.000  34.534095     7.3355    2.68090     80.308    33.8033    26.4307 0.0000e+00
 243.648551     83.000  34.553893     7.3400    2.67046     82.291    33.8215    26.4449 0.0000e+00
 243.510603     84.000  34.534935     7.3356    2.68133     83.282    33.8027    26.4303 0.0000e+00
 243.510617     85.000  34.535797     7.3355    2.68088     84.273    33.8032    26.4307 0.0000e+00
 243.510632     86.000  34.536177     7.3358    2.67959     85.265    33.8029    26.4305 0.0000e+00
 243.510646     87.000  34.536429     7.3361    2.68925     86.256    33.8024    26.4300 0.0000e+00
 243.510661     88.000  34.536781     7.3361    2.66970     87.247    33.8023    26.4299 0.0000e+00
 243.510676     89.000  34.537856     7.3365    2.67991     88.238    33.8026    26.4301 0.0000e+00
 243.510691     90.000  34.538319     7.3367    2.68718     89.230    33.8024    26.4300 0.0000e+00
 243.510708     91.000  34.539461     7.3365    2.67688     90.221    33.8034    26.4308 0.0000e+00
 243.510725     92.000  34.540017     7.3365    2.68053     91.212    33.8036    26.4309 0.0000e+00
 243.510742     93.000  34.540641     7.3373    2.67398     92.203    33.8029    26.4303 0.0000e+00
 243.510763     94.000  34.542117     7.3380    2.68308     93.195    33.8033    26.4306 0.0000e+00
