data/oxygen options/OCNMS/OCNMS2/raw_data/2005/CTD_TH50_070705faed.cnv
* Sea-Bird SBE19 Data File:
* FileName = C:\Hypoxia Data\TH50_070705.hex
* Software Version 1.1.6
* Temperature SN = 2997
* Conductivity SN = 2997
* System UpLoad Time = Jul 07 2005 10:15:21
* SEACAT PROFILER V3.1c SN 2997   07/07/05  10:14:44.998
* strain gauge pressure sensor: S/N = 184829,  range = 3000 psia,  tc = 40
# nquan = 9                                 
# nvalues = 633                         
# units = specified
# name 0 = timeJ: Julian Days
# name 1 = prSM: Pressure, Strain Gauge [db]
# name 2 = c0mS/cm: Conductivity [mS/cm]
# name 3 = t090C: Temperature [ITS-90, deg C]
# name 4 = oxML/L: Oxygen, Beckman/YSI [ml/l]
# name 5 = depSM: Depth [salt water, m], lat = 47.5
# name 6 = sal00: Salinity, Practical [PSU]
# name 7 = sigma-é00: Density [sigma-theta, kg/m^3]
# name 8 = flag: flag
# span 0 = 188.422523, 188.426181       
# span 1 =     -1.853,     50.954       
# span 2 =   0.006995,  38.905908       
# span 3 =     8.2283,    15.0786       
# span 4 =   -0.11645,   22.74384       
# span 5 =     -1.838,     50.523       
# span 6 =     0.0100,    33.3501       
# span 7 =    -0.9028,    25.9449       
# span 8 = 0.0000e+00, 0.0000e+00       
# interval = seconds: 0.5
# start_time = Jul 07 2005 10:08:26 [Instrument's time stamp, header]
# bad_flag = -9.990e-29
*END*
[from data line 161]
 188.423455      2.148  38.871342    14.7567    8.43417      2.130    31.5332    23.3526 -9.990e-29
 188.423461      2.158  38.848971    14.7294    8.44339      2.140    31.5351    23.3598 -9.990e-29
 188.423466      2.172  38.830974    14.7217    8.41166      2.154    31.5251    23.3537 -9.990e-29
 188.423472      2.182  38.827546    14.7318    8.36868      2.164    31.5138    23.3428 -9.990e-29
 188.423478      2.185  38.835778    14.7533    8.32237      2.167    31.5039    23.3306 -9.990e-29
 188.423484      2.182  38.850925    14.7781    8.31539      2.164    31.4975    23.3205 -9.990e-29
 188.423490      2.180  38.867932    14.7907    8.34046      2.162    31.5026    23.3218 -9.990e-29
 188.423495      2.192  38.876936    14.7787    8.37132      2.174    31.5205    23.3381 -9.990e-29
 188.423501      2.218  38.869181    14.7467    8.41064      2.199    31.5394    23.3594 -9.990e-29
 188.423507      2.253  38.847780    14.7121    8.41931      2.234    31.5481    23.3734 -9.990e-29
 188.423513      2.285  38.824562    14.6920    8.39764      2.266    31.5433    23.3740 -9.990e-29
 188.423519      2.304  38.811176    14.6935    8.37956      2.285    31.5300    23.3634 -9.990e-29
 188.423524      2.307  38.812746    14.7132    8.36378      2.288    31.5155    23.3480 -9.990e-29
 188.423530      2.298  38.827981    14.7333    8.37627      2.279    31.5130    23.3419 -9.990e-29
 188.423536      2.288  38.842968    14.7332    8.39354      2.269    31.5266    23.3524 -9.990e-29
 188.423542      2.288  38.839542    14.7195    8.42133      2.269    31.5346    23.3614 -9.990e-29
 188.423547      2.291  38.826589    14.7119    8.42032      2.272    31.5290    23.3588 -9.990e-29
 188.423553      2.293  38.822158    14.7123    8.42276      2.274    31.5247    23.3553 -9.990e-29
 188.423559      2.296  38.824809    14.7169    8.41610      2.277    31.5234    23.3533 -9.990e-29
 188.423565      2.299  38.830209    14.7279    8.40136      2.280    31.5193    23.3479 -9.990e-29
 188.423571      2.302  38.838812    14.7418    8.39434      2.283    31.5159    23.3423 -9.990e-29
 188.423576      2.305  38.846932    14.7516    8.38616      2.286    31.5153    23.3398 -9.990e-29
 188.423582      2.309  38.851362    14.7571    8.38983      2.290    31.5148    23.3383 -9.990e-29
 188.423588      2.315  38.854071    14.7600    8.40129      2.296    31.5149    23.3377 -9.990e-29
 188.423594      2.321  38.856414    14.7591    8.39513      2.302    31.5178    23.3401 -9.990e-29
 188.423600      2.330  38.855893    14.7549    8.36427      2.311    31.5207    23.3433 -9.990e-29
 188.423605      2.340  38.852362    14.7533    8.35217      2.320    31.5188    23.3421 -9.990e-29
 188.423611      2.354  38.850632    14.7579    8.36486      2.334    31.5135    23.3371 -9.990e-29
 188.423617      2.367  38.853431    14.7594    8.38945      2.347    31.5148    23.3378 -9.990e-29
 188.423623      2.377  38.855501    14.7433    8.41442      2.357    31.5297    23.3527 -9.990e-29
 188.423628      2.387  38.845565    14.7179    8.42009      2.367    31.5413    23.3669 -9.990e-29
 188.423634      2.403  38.827751    14.7056    8.44140      2.383    31.5352    23.3648 -9.990e-29
 188.423640      2.422  38.820356    14.7047    8.44701      2.402    31.5292    23.3604 -9.990e-29
 188.423646      2.436  38.821351    14.7016    8.42975      2.416    31.5326    23.3637 -9.990e-29
 188.423652      2.442  38.819706    14.7008    8.40096      2.422    31.5318    23.3632 -9.990e-29
 188.423657      2.441  38.819946    14.7102    8.36290      2.421    31.5244    23.3555 -9.990e-29
 188.423663      2.436  38.826862    14.7238    8.36565      2.416    31.5196    23.3490 -9.990e-29
 188.423669      2.436  38.836201    14.7284    8.39968      2.416    31.5243    23.3516 -9.990e-29
 188.423675      2.445  38.837406    14.7156    8.42129      2.425    31.5358    23.3632 -9.990e-29
 188.423681      2.459  38.824784    14.6880    8.42966      2.438    31.5467    23.3774 -9.990e-29
 188.423686      2.471  38.802245    14.6598    8.42711      2.450    31.5492    23.3853 -9.990e-29
 188.423692      2.477  38.781224    14.6476    8.43573      2.456    31.5401    23.3808 -9.990e-29
 188.423698      2.478  38.775738    14.6473    8.43227      2.457    31.5353    23.3772 -9.990e-29
 188.423704      2.473  38.779573    14.6441    8.42605      2.452    31.5414    23.3826 -9.990e-29
 188.423709      2.468  38.779318    14.6345    8.44423      2.447    31.5490    23.3904 -9.990e-29
 188.423715      2.469  38.773499    14.6241    8.45695      2.448    31.5521    23.3950 -9.990e-29
 188.423721      2.481  38.767243    14.6154    8.48407      2.460    31.5535    23.3979 -9.990e-29
 188.423727      2.500  38.763411    14.6054    8.48815      2.479    31.5582    23.4036 -9.990e-29
 188.423733      2.520  38.757439    14.6000    8.48036      2.499    31.5571    23.4039 -9.990e-29
 188.423738      2.537  38.753686    14.6051    8.47093      2.516    31.5496    23.3971 -9.990e-29
 188.423744      2.553  38.757789    14.6147    8.46082      2.532    31.5455    23.3919 -9.990e-29
 188.423750      2.568  38.763986    14.6229    8.45108      2.547    31.5445    23.3894 -9.990e-29
 188.423756      2.580  38.768748    14.6302    8.43101      2.558    31.5428    23.3866 -9.990e-29
 188.423762      2.583  38.773363    14.6393    8.41703      2.561    31.5396    23.3822 -9.990e-29
 188.423767      2.584  38.779486    14.6512    8.41829      2.562    31.5355    23.3765 -9.990e-29
 188.423773      2.587  38.787976    14.6614    8.44277      2.565    31.5349    23.3739 -9.990e-29
 188.423779      2.595  38.794996    14.6610    8.46244      2.573    31.5416    23.3792 -9.990e-29
 188.423785      2.614  38.793629    14.6499    8.46285      2.592    31.5494    23.3875 -9.990e-29
 188.423791      2.636  38.784846    14.6421    8.46314      2.614    31.5477    23.3879 -9.990e-29
 188.423796      2.649  38.779355    14.6510    8.45021      2.627    31.5355    23.3766 -9.990e-29
 188.423802      2.651  38.787205    14.6742    8.44980      2.629    31.5238    23.3627 -9.990e-29
 188.423808      2.647  38.805385    14.6940    8.44638      2.625    31.5242    23.3588 -9.990e-29
 188.423814      2.643  38.818298    14.7014    8.41928      2.621    31.5299    23.3617 -9.990e-29
 188.423819      2.644  38.820719    14.7031    8.40371      2.622    31.5307    23.3619 -9.990e-29
 188.423825      2.650  38.820916    14.7074    8.38892      2.628    31.5274    23.3585 -9.990e-29
 188.423831      2.658  38.824746    14.7148    8.38585      2.636    31.5249    23.3550 -9.990e-29
 188.423837      2.664  38.830570    14.7178    8.40003      2.642    31.5277    23.3565 -9.990e-29
 188.423843      2.671  38.832116    14.7120    8.41301      2.649    31.5338    23.3624 -9.990e-29
 188.423848      2.686  38.828069    14.6964    8.45460      2.664    31.5428    23.3726 -9.990e-29
 188.423854      2.704  38.818067    14.6732    8.46629      2.681    31.5526    23.3850 -9.990e-29
 188.423860      2.718  38.801100    14.6538    8.46176      2.695    31.5529    23.3894 -9.990e-29
 188.423866      2.725  38.785935    14.6494    8.45482      2.702    31.5428    23.3825 -9.990e-29
 188.423872      2.725  38.782623    14.6577    8.42638      2.702    31.5330    23.3733 -9.990e-29
 188.423877      2.719  38.789532    14.6702    8.42923      2.696    31.5292    23.3676 -9.990e-29
 188.423883      2.710  38.799033    14.6794    8.43341      2.687    31.5303    23.3666 -9.990e-29
 188.423889      2.706  38.804711    14.6831    8.46073      2.683    31.5324    23.3675 -9.990e-29
 188.423895      2.711  38.806276    14.6842    8.47851      2.688    31.5330    23.3676 -9.990e-29
 188.423900      2.721  38.805801    14.6827    8.45932      2.698    31.5337    23.3686 -9.990e-29
 188.423906      2.728  38.803200    14.6840    8.43359      2.705    31.5303    23.3657 -9.990e-29
 188.423912      2.729  38.804527    14.6964    8.40998      2.706    31.5215    23.3562 -9.990e-29
 188.423918      2.724  38.814338    14.7179    8.40030      2.701    31.5129    23.3451 -9.990e-29
 188.423924      2.716  38.829435    14.7350    8.40281      2.693    31.5127    23.3414 -9.990e-29
 188.423929      2.713  38.840768    14.7368    8.40988      2.690    31.5215    23.3477 -9.990e-29
 188.423935      2.721  38.841006    14.7280    8.41656      2.698    31.5289    23.3553 -9.990e-29
 188.423941      2.734  38.834572    14.7174    8.43259      2.711    31.5316    23.3596 -9.990e-29
 188.423947      2.740  38.827465    14.7098    8.43727      2.717    31.5314    23.3610 -9.990e-29
 188.423953      2.733  38.822171    14.7087    8.42627      2.710    31.5275    23.3582 -9.990e-29
 188.423958      2.715  38.821732    14.7135    8.40272      2.692    31.5232    23.3539 -9.990e-29
 188.423964      2.698  38.825759    14.7183    8.39332      2.675    31.5229    23.3527 -9.990e-29
 188.423970      2.694  38.828972    14.7174    8.41221      2.671    31.5266    23.3557 -9.990e-29
 188.423976      2.703  38.827257    14.7116    8.43407      2.680    31.5297    23.3594 -9.990e-29
 188.423981      2.716  38.822264    14.7065    8.42596      2.693    31.5293    23.3602 -9.990e-29
 188.423987      2.727  38.819125    14.7050    8.40188      2.704    31.5277    23.3592 -9.990e-29
 188.423993      2.730  38.819269    14.7070    8.40037      2.707    31.5262    23.3576 -9.990e-29
 188.423999      2.732  38.821215    14.7116    8.40665      2.709    31.5243    23.3552 -9.990e-29
 188.424005      2.740  38.824202    14.7157    8.40922      2.717    31.5236    23.3538 -9.990e-29
 188.424010      2.760  38.826612    14.7177    8.41526      2.737    31.5242    23.3538 -9.990e-29
 188.424016      2.783  38.827745    14.7188    8.40657      2.760    31.5243    23.3537 -9.990e-29
 188.424022      2.799  38.828562    14.7203    8.41532      2.776    31.5238    23.3530 -9.990e-29
 188.424028      2.809  38.829600    14.7227    8.42377      2.786    31.5228    23.3517 -9.990e-29
 188.424034      2.818  38.831133    14.7267    8.42199      2.794    31.5210    23.3494 -9.990e-29
 188.424039      2.826  38.833531    14.7308    8.42072      2.802    31.5198    23.3477 -9.990e-29
 188.424045      2.833  38.834954    14.7331    8.42011      2.809    31.5192    23.3468 -9.990e-29
 188.424051      2.836  38.835067    14.7353    8.41088      2.812    31.5175    23.3450 -9.990e-29
 188.424057      2.831  38.836834    14.7386    8.40821      2.807    31.5165    23.3435 -9.990e-29
 188.424062      2.822  38.839816    14.7426    8.41534      2.798    31.5159    23.3422 -9.990e-29
 188.424068      2.817  38.842952    14.7467    8.42141      2.793    31.5154    23.3410 -9.990e-29
 188.424074      2.820  38.846509    14.7497    8.41578      2.796    31.5162    23.3409 -9.990e-29
 188.424080      2.825  38.849071    14.7519    8.39505      2.801    31.5168    23.3409 -9.990e-29
 188.424086      2.831  38.850138    14.7542    8.39454      2.807    31.5159    23.3397 -9.990e-29
 188.424091      2.836  38.851143    14.7571    8.39897      2.812    31.5144    23.3380 -9.990e-29
 188.424097      2.842  38.852875    14.7617    8.40002      2.818    31.5123    23.3354 -9.990e-29
 188.424103      2.849  38.855971    14.7668    8.40352      2.825    31.5109    23.3332 -9.990e-29
 188.424109      2.857  38.860082    14.7696    8.38151      2.833    31.5124    23.3338 -9.990e-29
 188.424115      2.866  38.862286    14.7714    8.37993      2.842    31.5129    23.3338 -9.990e-29
 188.424120      2.877  38.862728    14.7756    8.38283      2.853    31.5099    23.3306 -9.990e-29
 188.424126      2.888  38.864813    14.7821    8.39371      2.864    31.5065    23.3266 -9.990e-29
 188.424132      2.889  38.868527    14.7867    8.39071      2.865    31.5061    23.3254 -9.990e-29
 188.424138      2.881  38.870977    14.7887    8.38686      2.857    31.5067    23.3254 -9.990e-29
 188.424144      2.871  38.872078    14.7921    8.37227      2.847    31.5050    23.3233 -9.990e-29
 188.424149      2.865  38.874430    14.7969    8.37375      2.841    31.5032    23.3210 -9.990e-29
 188.424155      2.860  38.877255    14.8014    8.38428      2.836    31.5021    23.3192 -9.990e-29
 188.424161      2.858  38.880401    14.8052    8.39732      2.834    31.5019    23.3182 -9.990e-29
 188.424167      2.857  38.884711    14.8067    8.38916      2.833    31.5046    23.3199 -9.990e-29
 188.424172      2.858  38.886405    14.8083    8.37800      2.834    31.5048    23.3198 -9.990e-29
 188.424178      2.860  38.886070    14.8131    8.37807      2.836    31.5006    23.3155 -9.990e-29
 188.424184      2.864  38.888318    14.8182    8.38572      2.840    31.4985    23.3128 -9.990e-29
 188.424190      2.871  38.892230    14.8190    8.39533      2.847    31.5014    23.3149 -9.990e-29
 188.424196      2.879  38.892937    14.8157    8.39478      2.855    31.5047    23.3181 -9.990e-29
 188.424201      2.887  38.889709    14.8133    8.39468      2.863    31.5038    23.3179 -9.990e-29
 188.424207      2.890  38.887789    14.8137    8.38797      2.866    31.5017    23.3162 -9.990e-29
 188.424213      2.892  38.889111    14.8148    8.38121      2.868    31.5020    23.3162 -9.990e-29
 188.424219      2.898  38.890398    14.8180    8.37170      2.874    31.5006    23.3144 -9.990e-29
 188.424225      2.904  38.892816    14.8254    8.36533      2.880    31.4968    23.3100 -9.990e-29
 188.424230      2.906  38.899039    14.8333    8.36646      2.882    31.4960    23.3077 -9.990e-29
 188.424236      2.909  38.905035    14.8357    8.37615      2.885    31.4995    23.3098 -9.990e-29
 188.424242      2.917  38.905908    14.8290    8.37892      2.893    31.5057    23.3160 -9.990e-29
 188.424248      2.930  38.900033    14.8164    8.36012      2.906    31.5105    23.3225 -9.990e-29
 188.424253      2.945  38.890243    14.8102    8.35079      2.920    31.5067    23.3208 -9.990e-29
 188.424259      2.954  38.885928    14.8146    8.37536      2.929    31.4993    23.3142 -9.990e-29
 188.424265      2.959  38.890876    14.8170    8.41824      2.934    31.5018    23.3156 -9.990e-29
 188.424271      2.967  38.894864    14.8050    8.44819      2.942    31.5151    23.3284 -9.990e-29
 188.424277      2.980  38.886959    14.7848    8.42568      2.955    31.5243    23.3397 -9.990e-29
 188.424282      2.989  38.871215    14.7756    8.37606      2.964    31.5175    23.3365 -9.990e-29
 188.424288      2.991  38.864224    14.7860    8.33810      2.966    31.5028    23.3229 -9.990e-29
 188.424294      2.987  38.872936    14.8050    8.34820      2.962    31.4953    23.3131 -9.990e-29
 188.424300      2.980  38.887660    14.8111    8.39006      2.955    31.5036    23.3183 -9.990e-29
 188.424306      2.978  38.893827    14.7869    8.41772      2.953    31.5288    23.3428 -9.990e-29
 188.424311      2.985  38.877803    14.7445    8.42711      2.960    31.5487    23.3670 -9.990e-29
 188.424317      2.998  38.846840    14.7181    8.42581      2.973    31.5421    23.3675 -9.990e-29
 188.424323      3.008  38.828647    14.7146    8.45387      2.983    31.5284    23.3578 -9.990e-29
 188.424329      3.013  38.828130    14.7138    8.50339      2.988    31.5286    23.3581 -9.990e-29
 188.424334      3.012  38.827778    14.7065    8.51797      2.987    31.5342    23.3639 -9.990e-29
 188.424340      3.010  38.822085    14.7002    8.49222      2.985    31.5342    23.3652 -9.990e-29
 188.424346      3.011  38.818054    14.7070    8.43105      2.986    31.5250    23.3567 -9.990e-29
 188.424352      3.011  38.823219    14.7337    8.36591      2.986    31.5081    23.3380 -9.990e-29
 188.424358      3.009  38.841670    14.7721    8.34008      2.984    31.4937    23.3188 -9.990e-29
 188.424363      3.015  38.867733    14.8033    8.36058      2.990    31.4920    23.3109 -9.990e-29
 188.424369      3.031  38.887376    14.8130    8.39424      3.006    31.5018    23.3165 -9.990e-29
