data/oxygen options/OCNMS/OCNMS2/raw_data/2005/CTD_CE100_052505faedb.cnv
* Sea-Bird SBE19 Data File:
* FileName = C:\Documents and Settings\kirner.PTANGELES\Desktop\hypoxia CTD data\CE100_052505.hex
* Software Version 1.1.5
* Temperature SN = 2997
* Conductivity SN = 2997
* System UpLoad Time = May 25 2005 17:54:45
* SEACAT PROFILER V3.1c SN 2997   05/25/05  17:50:59.939
* strain gauge pressure sensor: S/N = 184829,  range = 3000 psia,  tc = 40
# nquan = 9
# nvalues = 95                          
# units = specified
# name 0 = timeJ: Julian Days
# name 1 = prSM: Pressure, Strain Gauge [db]
# name 2 = c0mS/cm: Conductivity [mS/cm]
# name 3 = t090C: Temperature [ITS-90, deg C]
# name 4 = oxML/L: Oxygen, Beckman/YSI [ml/l]
# name 5 = depSM: Depth [salt water, m], lat = 47.5
# name 6 = sal00: Salinity, Practical [PSU]
# name 7 = sigma-é00: Density [sigma-theta, kg/m^3]
# name 8 = flag: flag
# span 0 = 144.844478, 145.859859       
# span 1 =      3.000,    103.000       
# span 2 =  34.035278,  36.783683       
# span 3 =     7.1504,    14.0907       
# span 4 =    1.92747,    6.46816       
# span 5 =      2.975,    102.115       
# span 6 =    27.8266,    33.9484       
# span 7 =    20.6335,    26.5683       
# span 8 = 0.0000e+00, 0.0000e+00       
# interval = decibars: 1                
# start_time = May 25 2005 12:26:20 [Instrument's time stamp, header]
# bad_flag = -9.990e-29
*END*
 145.521273      3.000  34.199192    14.0907    6.27021      2.975    27.8266    20.6335 0.0000e+00
 145.521301      4.000  34.035278    13.8643    6.34782      3.967    27.8417    20.6896 0.0000e+00
 145.521332      5.000  34.104634    13.8063    6.41245      4.959    27.9462    20.7816 0.0000e+00
 145.521642      6.000  34.216505    13.7224    6.37161      5.950    28.1090    20.9235 0.0000e+00
 145.521714      7.000  34.505561    13.5713    6.42346      6.941    28.4831    21.2413 0.0000e+00
 145.521770      8.000  34.755128    13.3603    6.26394      7.933    28.8722    21.5825 0.0000e+00
 145.521794      9.000  36.016403    12.9189    6.38733      8.925    30.3874    22.8382 0.0000e+00
 145.521814     10.000  36.731849    12.8166    6.41252      9.917    31.1415    23.4412 0.0000e+00
 145.521837     11.000  36.783683    12.7973    6.46816     10.908    31.2057    23.4946 0.0000e+00
 145.522103     12.000  36.760791    12.7724    6.38495     11.900    31.2043    23.4983 0.0000e+00
 145.522193     13.000  36.713732    12.6672    6.34339     12.891    31.2465    23.5511 0.0000e+00
 145.522212     14.000  36.639058    12.5261    6.36233     13.883    31.2925    23.6135 0.0000e+00
 145.522230     15.000  36.605115    12.4594    6.38656     14.874    31.3153    23.6438 0.0000e+00
 145.522247     16.000  36.583299    12.3789    6.45018     15.866    31.3614    23.6946 0.0000e+00
 145.522262     17.000  36.564644    12.3170    6.40557     16.857    31.3950    23.7323 0.0000e+00
 145.522277     18.000  36.538749    12.2445    6.24786     17.849    31.4306    23.7734 0.0000e+00
 145.522292     19.000  36.489115    12.1226    6.14059     18.841    31.4852    23.8385 0.0000e+00
 145.522308     20.000  36.437046    11.9391    6.18882     19.832    31.5897    23.9534 0.0000e+00
 145.522332     21.000  36.326441    11.8832    6.20398     20.824    31.5301    23.9174 0.0000e+00
 145.522573     22.000  36.315430    11.8130    6.13975     21.815    31.5785    23.9679 0.0000e+00
 145.522633     23.000  36.285571    11.6989    6.02509     22.807    31.6463    24.0412 0.0000e+00
 145.522649     24.000  36.214802    11.5380    5.87537     23.798    31.7145    24.1233 0.0000e+00
 145.522665     25.000  36.119471    11.3940    5.75922     24.790    31.7447    24.1726 0.0000e+00
 145.522680     26.000  35.989713    11.1878    5.67682     25.781    31.7947    24.2481 0.0000e+00
 145.522694     27.000  35.824167    10.9689    5.64667     26.773    31.8207    24.3068 0.0000e+00
 145.522709     28.000  35.708852    10.7925    5.53776     27.765    31.8595    24.3676 0.0000e+00
 145.522725     29.000  35.605161    10.6302    5.39709     28.756    31.8976    24.4251 0.0000e+00
 145.522742     30.000  35.456842    10.3881    5.40636     29.748    31.9612    24.5158 0.0000e+00
 145.522762     31.000  35.242766    10.1727    5.45569     30.739    31.9355    24.5320 0.0000e+00
 145.859859     33.000  35.294605    10.1335    5.21853     32.722    32.0339    24.6183 0.0000e+00
 145.523078     34.000  35.159046     9.9589    4.98623     33.714    32.0386    24.6478 0.0000e+00
 145.523096     35.000  35.161246     9.9242    4.90553     34.705    32.0713    24.6790 0.0000e+00
 145.523113     36.000  35.184450     9.9307    4.83222     35.696    32.0886    24.6914 0.0000e+00
 145.523129     37.000  35.221480     9.9133    4.81641     36.688    32.1412    24.7353 0.0000e+00
 145.523147     38.000  35.233635     9.8886    4.83842     37.680    32.1750    24.7658 0.0000e+00
 145.523171     39.000  35.229138     9.8911    4.82334     38.671    32.1678    24.7598 0.0000e+00
 145.523192     40.000  35.232366     9.8609    4.78231     39.662    32.1976    24.7880 0.0000e+00
 145.523213     41.000  35.236463     9.8388    4.77878     40.654    32.2211    24.8100 0.0000e+00
 145.364689     43.000  35.180912     9.7995    4.73383     42.636    32.1932    24.7933 0.0000e+00
 145.523597     44.000  35.217347     9.7931    4.72777     43.628    32.2412    24.8332 0.0000e+00
 145.523613     45.000  35.226180     9.7911    4.73871     44.619    32.2515    24.8416 0.0000e+00
 145.523628     46.000  35.227310     9.7675    4.74622     45.611    32.2734    24.8626 0.0000e+00
 145.523643     47.000  35.213465     9.7260    4.75057     46.602    32.2961    24.8870 0.0000e+00
 145.523658     48.000  35.178961     9.6517    4.79476     47.594    32.3272    24.9234 0.0000e+00
 145.523674     49.000  35.147999     9.5796    4.89404     48.585    32.3600    24.9607 0.0000e+00
 145.523690     50.000  35.193239     9.5377    4.98706     49.577    32.4437    25.0328 0.0000e+00
 145.523707     51.000  35.223508     9.4987    5.00179     50.568    32.5096    25.0906 0.0000e+00
 144.844478     53.000  35.061463     9.4391    4.88466     52.551    32.3731    24.9879 0.0000e+00
 145.524080     54.000  35.233682     9.4753    4.73674     53.542    32.5400    25.1181 0.0000e+00
 145.524096     55.000  35.251534     9.4560    4.50267     54.534    32.5754    25.1489 0.0000e+00
 145.524110     56.000  35.283522     9.4404    4.31966     55.525    32.6220    25.1878 0.0000e+00
 145.524123     57.000  35.307317     9.4313    4.17457     56.516    32.6543    25.2145 0.0000e+00
 145.524137     58.000  35.350343     9.4183    4.12814     57.508    32.7100    25.2602 0.0000e+00
 145.524151     59.000  35.376080     9.4035    4.15425     58.499    32.7495    25.2935 0.0000e+00
 145.524166     60.000  35.379004     9.3868    4.17316     59.491    32.7673    25.3101 0.0000e+00
 145.524185     61.000  35.382734     9.3698    4.16825     60.482    32.7863    25.3277 0.0000e+00
 145.278540     63.000  35.333202     9.3239    4.10637     62.465    32.7681    25.3187 0.0000e+00
 145.524533     64.000  35.403347     9.3355    4.06648     63.456    32.8376    25.3733 0.0000e+00
 145.524550     65.000  35.420041     9.3442    4.02153     64.447    32.8464    25.3788 0.0000e+00
 145.524564     66.000  35.435402     9.3585    3.92935     65.439    32.8487    25.3783 0.0000e+00
 145.524577     67.000  35.470756     9.3735    3.86943     66.431    32.8708    25.3933 0.0000e+00
 145.524590     68.000  35.492927     9.3845    3.77596     67.421    32.8831    25.4011 0.0000e+00
 145.524604     69.000  35.521883     9.3981    3.65791     68.413    32.9000    25.4121 0.0000e+00
 145.524620     70.000  35.565537     9.4085    3.56627     69.404    32.9349    25.4378 0.0000e+00
 145.524638     71.000  35.589389     9.4067    3.54372     70.395    32.9607    25.4583 0.0000e+00
 145.111543     73.000  35.486264     9.3534    3.53028     72.378    32.8885    25.4069 0.0000e+00
 145.525031     74.000  35.573791     9.3280    3.38872     73.369    33.0159    25.5140 0.0000e+00
 145.525048     75.000  35.530384     9.1588    3.13994     74.361    33.1273    25.6281 0.0000e+00
 145.525063     76.000  35.405711     8.7888    2.93511     75.352    33.3429    25.8548 0.0000e+00
 145.525078     77.000  35.297376     8.5850    2.75213     76.343    33.4209    25.9473 0.0000e+00
 145.525094     78.000  35.232597     8.3959    2.51350     77.334    33.5315    26.0628 0.0000e+00
 145.525108     79.000  35.130518     8.0997    2.23580     78.326    33.7060    26.2441 0.0000e+00
 145.525123     80.000  35.022703     7.8992    2.16644     79.317    33.7836    26.3345 0.0000e+00
 145.525142     81.000  34.946246     7.7951    2.23190     80.308    33.8019    26.3640 0.0000e+00
 145.525399     82.000  34.878898     7.6898    2.14951     81.299    33.8311    26.4022 0.0000e+00
 145.525513     83.000  34.777138     7.5049    2.04852     82.291    33.9008    26.4835 0.0000e+00
 145.525532     84.000  34.661142     7.3422    1.99329     83.282    33.9336    26.5323 0.0000e+00
 145.525548     85.000  34.597021     7.2565    1.97127     84.273    33.9473    26.5551 0.0000e+00
 145.525562     86.000  34.560327     7.2153    1.95687     85.265    33.9472    26.5608 0.0000e+00
 145.525577     87.000  34.541202     7.1952    1.95731     86.256    33.9456    26.5624 0.0000e+00
 145.525591     88.000  34.530130     7.1809    1.95155     87.247    33.9471    26.5655 0.0000e+00
 145.525606     89.000  34.521132     7.1691    1.94932     88.238    33.9484    26.5683 0.0000e+00
 145.525620     90.000  34.515839     7.1638    1.94365     89.230    33.9473    26.5682 0.0000e+00
 145.525640     91.000  34.513589     7.1651    1.95240     90.220    33.9431    26.5646 0.0000e+00
 145.384562     93.000  34.472723     7.1504    1.93834     92.203    33.9087    26.5388 0.0000e+00
 145.526057     94.000  34.502011     7.1524    1.93516     93.194    33.9415    26.5652 0.0000e+00
 145.526072     95.000  34.502192     7.1529    1.93768     94.186    33.9407    26.5645 0.0000e+00
 145.526087     96.000  34.503998     7.1543    1.93737     95.177    33.9408    26.5643 0.0000e+00
 145.526103     97.000  34.504520     7.1545    1.93545     96.168    33.9407    26.5643 0.0000e+00
 145.526119     98.000  34.505036     7.1554    1.94324     97.159    33.9400    26.5636 0.0000e+00
 145.526134     99.000  34.505610     7.1552    1.93649     98.150    33.9403    26.5639 0.0000e+00
 145.526151    100.000  34.506309     7.1557    1.93187     99.142    33.9400    26.5636 0.0000e+00
 145.526166    101.000  34.506776     7.1553    1.93226    100.133    33.9404    26.5640 0.0000e+00
 145.526181    102.000  34.507097     7.1555    1.93525    101.124    33.9401    26.5638 0.0000e+00
 145.526201    103.000  34.509026     7.1566    1.92747    102.115    33.9407    26.5640 0.0000e+00
