data/oxygen options/OCNMS/OCNMS2/raw_data/2005/CTD_TH60_052405faedb.cnv
* Sea-Bird SBE19 Data File:
* FileName = C:\Documents and Settings\kirner.PTANGELES\Desktop\hypoxia CTD data\TH70_052405.hex
* Software Version 1.1.5
* Temperature SN = 2997
* Conductivity SN = 2997
* System UpLoad Time = May 24 2005 18:21:16
* SEACAT PROFILER V3.1c SN 2997   05/24/05  18:20:03.585
* strain gauge pressure sensor: S/N = 184829,  range = 3000 psia,  tc = 40
# nquan = 9
# nvalues = 59                          
# units = specified
# name 0 = timeJ: Julian Days
# name 1 = prSM: Pressure, Strain Gauge [db]
# name 2 = c0mS/cm: Conductivity [mS/cm]
# name 3 = t090C: Temperature [ITS-90, deg C]
# name 4 = oxML/L: Oxygen, Beckman/YSI [ml/l]
# name 5 = depSM: Depth [salt water, m], lat = 47.5
# name 6 = sal00: Salinity, Practical [PSU]
# name 7 = sigma-é00: Density [sigma-theta, kg/m^3]
# name 8 = flag: flag
# span 0 = 144.715559, 144.716412       
# span 1 =      4.000,     62.000       
# span 2 =  33.249873,  36.338705       
# span 3 =     9.1039,    14.2757       
# span 4 =    3.74868,    6.01740       
# span 5 =      3.967,     61.473       
# span 6 =    26.8432,    32.9234       
# span 7 =    19.8398,    25.4770       
# span 8 = 0.0000e+00, 0.0000e+00       
# interval = decibars: 1                
# start_time = May 24 2005 17:07:12 [Instrument's time stamp, header]
# bad_flag = -9.990e-29
*END*
 144.715559      4.000  33.249873    14.2757    5.99935      3.967    26.8432    19.8398 0.0000e+00
 144.715582      5.000  33.396139    14.0378    5.80159      4.958    27.1410    20.1158 0.0000e+00
 144.715596      6.000  34.652405    13.3262    5.92482      5.950    28.8060    21.5381 0.0000e+00
 144.715610      7.000  35.600599    12.9863    5.93470      6.941    29.9451    22.4832 0.0000e+00
 144.715624      8.000  35.783145    12.9189    5.92146      7.933    30.1682    22.6686 0.0000e+00
 144.715638      9.000  35.826916    12.8686    5.95875      8.925    30.2489    22.7406 0.0000e+00
 144.715651     10.000  35.895574    12.8179    6.01740      9.916    30.3536    22.8312 0.0000e+00
 144.715665     11.000  35.974622    12.7850    6.00702     10.908    30.4539    22.9152 0.0000e+00
 144.715679     12.000  36.006590    12.7485    5.96200     11.899    30.5131    22.9679 0.0000e+00
 144.715693     13.000  36.043710    12.7017    5.94715     12.891    30.5855    23.0329 0.0000e+00
 144.715706     14.000  36.062656    12.6803    5.96230     13.883    30.6203    23.0638 0.0000e+00
 144.715718     15.000  36.072887    12.6654    5.95603     14.874    30.6418    23.0832 0.0000e+00
 144.715731     16.000  36.081416    12.6528    5.96619     15.866    30.6596    23.0995 0.0000e+00
 144.715743     17.000  36.097194    12.6395    5.97874     16.858    30.6850    23.1217 0.0000e+00
 144.715755     18.000  36.127539    12.6171    5.98167     17.849    30.7315    23.1620 0.0000e+00
 144.715767     19.000  36.163123    12.5865    5.98871     18.841    30.7897    23.2128 0.0000e+00
 144.715778     20.000  36.199756    12.5515    6.00192     19.832    30.8527    23.2682 0.0000e+00
 144.715790     21.000  36.211331    12.5249    6.00312     20.824    30.8851    23.2983 0.0000e+00
 144.715803     22.000  36.206717    12.5176    5.99298     21.815    30.8863    23.3007 0.0000e+00
 144.715816     23.000  36.204595    12.5107    5.99983     22.807    30.8895    23.3045 0.0000e+00
 144.715829     24.000  36.205975    12.4990    6.00681     23.798    30.9000    23.3149 0.0000e+00
 144.715841     25.000  36.211887    12.4896    6.00558     24.790    30.9130    23.3267 0.0000e+00
 144.715853     26.000  36.217195    12.4777    5.99577     25.782    30.9274    23.3401 0.0000e+00
 144.715865     27.000  36.218649    12.4599    5.99615     26.773    30.9431    23.3556 0.0000e+00
 144.715878     28.000  36.214050    12.4409    5.97436     27.764    30.9540    23.3676 0.0000e+00
 144.715891     29.000  36.202868    12.3978    5.89128     28.756    30.9784    23.3946 0.0000e+00
 144.715905     30.000  36.177300    12.3134    5.74360     29.747    31.0235    23.4454 0.0000e+00
 144.715918     31.000  36.161170    12.1925    5.62697     30.738    31.1079    23.5333 0.0000e+00
 144.715931     32.000  36.138854    11.9892    5.56407     31.731    31.2557    23.6854 0.0000e+00
 144.715943     33.000  36.134201    11.8111    5.56808     32.722    31.4007    23.8305 0.0000e+00
 144.715957     34.000  36.215782    11.6501    5.54461     33.713    31.6158    24.0267 0.0000e+00
 144.715969     35.000  36.325890    11.4976    5.44946     34.705    31.8529    24.2384 0.0000e+00
 144.715983     36.000  36.338705    11.3196    5.31026     35.697    32.0188    24.3992 0.0000e+00
 144.715995     37.000  36.291552    11.1299    5.25574     36.688    32.1372    24.5249 0.0000e+00
 144.716008     38.000  36.260336    10.9677    5.20929     37.679    32.2482    24.6398 0.0000e+00
 144.716022     39.000  36.212592    10.8856    5.13400     38.671    32.2726    24.6731 0.0000e+00
 144.716036     40.000  36.183325    10.8066    5.11791     39.662    32.3127    24.7182 0.0000e+00
 144.716050     41.000  36.104821    10.6635    5.04819     40.654    32.3609    24.7805 0.0000e+00
 144.716065     42.000  36.042510    10.5934    4.87863     41.645    32.3604    24.7921 0.0000e+00
 144.716080     43.000  36.001195    10.4069    4.68320     42.637    32.4846    24.9208 0.0000e+00
 144.716095     44.000  35.827284    10.1412    4.54966     43.628    32.5471    25.0144 0.0000e+00
 144.716108     45.000  35.740966    10.0121    4.45424     44.620    32.5756    25.0581 0.0000e+00
 144.716122     46.000  35.681226     9.9084    4.40596     45.611    32.6082    25.1008 0.0000e+00
 144.716138     47.000  35.580012     9.7761    4.42499     46.602    32.6243    25.1351 0.0000e+00
 144.716157     48.000  35.538301     9.7427    4.45008     47.594    32.6116    25.1307 0.0000e+00
 144.716175     49.000  35.526113     9.7130    4.44064     48.585    32.6257    25.1466 0.0000e+00
 144.716189     50.000  35.482216     9.6519    4.39200     49.577    32.6359    25.1645 0.0000e+00
 144.716204     51.000  35.408186     9.5383    4.36505     50.568    32.6630    25.2041 0.0000e+00
 144.716218     52.000  35.271112     9.3692    4.29235     51.559    32.6759    25.2413 0.0000e+00
 144.716234     53.000  35.183323     9.2664    4.16962     52.551    32.6790    25.2600 0.0000e+00
 144.716249     54.000  35.172497     9.2208    4.08748     53.542    32.7091    25.2909 0.0000e+00
 144.716266     55.000  35.184922     9.2065    4.05729     54.534    32.7346    25.3130 0.0000e+00
 144.716283     56.000  35.205608     9.1890    3.99358     55.525    32.7717    25.3448 0.0000e+00
 144.716298     57.000  35.237315     9.1604    3.89176     56.517    32.8302    25.3952 0.0000e+00
 144.716313     58.000  35.258204     9.1296    3.80039     57.508    32.8798    25.4388 0.0000e+00
 144.716328     59.000  35.274000     9.1072    3.74868     58.499    32.9165    25.4710 0.0000e+00
 144.716345     60.000  35.278443     9.1041    3.76955     59.490    32.9234    25.4770 0.0000e+00
 144.716368     61.000  35.275810     9.1130    3.80002     60.482    32.9120    25.4667 0.0000e+00
 144.716412     62.000  35.276635     9.1039    3.75952     61.473    32.9208    25.4750 0.0000e+00
