data/oxygen options/OCNMS/OCNMS2/raw_data/2005/CTD_TH60_070705faed.cnv
* Sea-Bird SBE19 Data File:
* FileName = C:\Hypoxia Data\TH60_070705.hex
* Software Version 1.1.6
* Temperature SN = 2997
* Conductivity SN = 2997
* System UpLoad Time = Jul 07 2005 10:35:14
* SEACAT PROFILER V3.1c SN 2997   07/07/05  10:34:47.864
* strain gauge pressure sensor: S/N = 184829,  range = 3000 psia,  tc = 40
# nquan = 9                                 
# nvalues = 1025                        
# units = specified
# name 0 = timeJ: Julian Days
# name 1 = prSM: Pressure, Strain Gauge [db]
# name 2 = c0mS/cm: Conductivity [mS/cm]
# name 3 = t090C: Temperature [ITS-90, deg C]
# name 4 = oxML/L: Oxygen, Beckman/YSI [ml/l]
# name 5 = depSM: Depth [salt water, m], lat = 47.5
# name 6 = sal00: Salinity, Practical [PSU]
# name 7 = sigma-é00: Density [sigma-theta, kg/m^3]
# name 8 = flag: flag
# span 0 = 188.433935, 188.439861       
# span 1 =     -2.780,     61.138       
# span 2 =   5.298544,  38.546116       
# span 3 =     7.8543,    15.0869       
# span 4 =   -0.09908,   23.33073       
# span 5 =     -2.757,     60.619       
# span 6 =     3.6043,    33.5791       
# span 7 =     1.8846,    26.1798       
# span 8 = 0.0000e+00, 0.0000e+00       
# interval = seconds: 0.5
# start_time = Jul 07 2005 10:24:52 [Instrument's time stamp, header]
# bad_flag = -9.990e-29
*END*
 188.433935     -2.780 -9.990e-29    15.0869   -0.09854     -2.757 -9.990e-29 -9.990e-29 -9.990e-29
 188.433941     -2.618   5.298544    14.9686   -0.09849     -2.596     3.6043     1.8846 -9.990e-29
 188.433947     -2.410  13.408182    14.8171   -0.09817     -2.390     9.8131     6.6713 -9.990e-29
 188.433953     -2.151  25.290107    14.6747   -0.09784     -2.133    19.6575    14.2417 -9.990e-29
 188.433958     -1.850  33.724082    14.5465   -0.09769     -1.835    27.0800    19.9679 -9.990e-29
 188.433964     -1.522  36.943781    14.4169   -0.09766     -1.509    30.0619    22.2897 -9.990e-29
 188.433970     -1.176  37.998951    14.2831   -0.09767     -1.166    31.1254    23.1369 -9.990e-29
 188.433976     -0.825  38.341361    14.1505   -0.09779     -0.818    31.5457    23.4883 -9.990e-29
 188.433981     -0.492  38.455050    14.0234   -0.09791     -0.488    31.7543    23.6753 -9.990e-29
 188.433987     -0.200  38.493296    13.9386   -0.09794     -0.198    31.8595    23.7739 -9.990e-29
 188.433993      0.040  38.505421    13.9456   -0.09800      0.040    31.8648    23.7765 -9.990e-29
 188.433999      0.231  38.498068    14.0302   -0.09804      0.229    31.7879    23.6999 -9.990e-29
 188.434005      0.389  38.475470    14.1304   -0.09810      0.386    31.6846    23.5996 0.0000e+00
 188.434010      0.529  38.465873    14.1996   -0.09818      0.525    31.6190    23.5348 0.0000e+00
 188.434016      0.658  38.477293    14.2278   -0.09817      0.653    31.6063    23.5192 -9.990e-29
 188.434022      0.778  38.495289    14.2221   -0.09828      0.772    31.6274    23.5366 -9.990e-29
 188.434028      0.878  38.508566    14.1921   -0.09832      0.871    31.6641    23.5711 -9.990e-29
 188.434034      0.957  38.510187    14.1565   -0.09836      0.949    31.6947    23.6021 -9.990e-29
 188.434039      1.019  38.502347    14.1285   -0.09847      1.010    31.7105    23.6201 -9.990e-29
 188.434045      1.073  38.488646    14.1036   -0.09851      1.064    31.7184    23.6313 -9.990e-29
 188.434051      1.126  38.473845    14.0735   -0.09825      1.117    31.7296    23.6461 -9.990e-29
 188.434057      1.177  38.469094    14.0375   -0.09835      1.167    31.7549    23.6730 -9.990e-29
 188.434063      1.225  38.484357    14.0079   -0.09852      1.215    31.7934    23.7087 -9.990e-29
 188.434068      1.269  38.513653    13.9897   -0.09853      1.258    31.8353    23.7448 -9.990e-29
 188.434074      1.304  38.525960    13.9714   -0.09850      1.293    31.8618    23.7690 -9.990e-29
 188.434080      1.332  38.502940    13.9487   -0.09843      1.321    31.8594    23.7718 -9.990e-29
 188.434086      1.362  38.467224    13.9168   -0.09835      1.351    31.8529    23.7733 -9.990e-29
 188.434091      1.401  38.448631    13.8815   -0.09859      1.389    31.8650    23.7898 -9.990e-29
 188.434097      1.448  38.468962    13.8765   -0.09873      1.436    31.8879    23.8085 -9.990e-29
 188.434103      1.493  38.518894    13.9006   -0.09879      1.481    31.9140    23.8237 -9.990e-29
 188.434109      1.524  38.546116    13.9060   -0.09881      1.511    31.9346    23.8385 -9.990e-29
 188.434115      1.546  38.519652    13.8815   -0.09884      1.533    31.9305    23.8404 -9.990e-29
 188.434120      1.567  38.467085    13.8559   -0.09885      1.554    31.9032    23.8246 -9.990e-29
 188.434126      1.593  38.448498    13.8488   -0.09892      1.580    31.8920    23.8173 -9.990e-29
 188.434132      1.621  38.485134    13.8576   -0.09898      1.607    31.9185    23.8360 -9.990e-29
 188.434138      1.644  38.528272    13.8545   -0.09896      1.630    31.9609    23.8694 -9.990e-29
 188.434144      1.665  38.532820    13.8205   -0.09896      1.651    31.9934    23.9014 -9.990e-29
 188.434149      1.689  38.499835    13.7757   -0.09900      1.675    32.0003    23.9158 -9.990e-29
 188.434155      1.713  38.454929    13.7428   -0.09899      1.699    31.9861    23.9115 -9.990e-29
 188.434161      1.734  38.424636    13.7241   -0.09892      1.720    31.9737    23.9057 -9.990e-29
 188.434167      1.754  38.411781    13.7128   -0.09889      1.739    31.9712    23.9060 -9.990e-29
 188.434172      1.773  38.400940    13.7001   -0.09891      1.758    31.9717    23.9090 -9.990e-29
 188.434178      1.794  38.385545    13.6815   -0.09897      1.779    31.9730    23.9137 -9.990e-29
 188.434184      1.817  38.370906    13.6610   -0.09905      1.802    31.9765    23.9206 -9.990e-29
 188.434190      1.844  38.365024    13.6466   -0.09907      1.829    31.9831    23.9286 -9.990e-29
 188.434196      1.872  38.380282    13.6417   -0.09905      1.856    32.0013    23.9437 -9.990e-29
 188.434201      1.899  38.407331    13.6434   -0.09890      1.883    32.0250    23.9616 -9.990e-29
 188.434207      1.927  38.410474    13.6474   -0.09869      1.911    32.0246    23.9605 -9.990e-29
 188.434213      1.952  38.392817    13.6514   -0.09878      1.936    32.0048    23.9444 -9.990e-29
 188.434219      1.973  38.397602    13.6547   -0.09897      1.957    32.0065    23.9450 -9.990e-29
 188.434225      1.990  38.429002    13.6549   -0.09905      1.973    32.0355    23.9674 -9.990e-29
 188.434230      2.010  38.442545    13.6476   -0.09907      1.993    32.0541    23.9833 -9.990e-29
 188.434236      2.037  38.416503    13.6318   -0.09904      2.020    32.0432    23.9780 -9.990e-29
 188.434242      2.069  38.377889    13.6178   -0.09902      2.052    32.0190    23.9621 -9.990e-29
 188.434248      2.100  38.370607    13.6266   -0.09899      2.082    32.0049    23.9495 -9.990e-29
 188.434253      2.119  38.406853    13.6666   -0.09897      2.101    32.0051    23.9415 -9.990e-29
 188.434259      2.118  38.447488    13.7074   -0.09892      2.100    32.0087    23.9361 -9.990e-29
 188.434265      2.105  38.454743    13.7120   -0.09873      2.087    32.0115    23.9374 -9.990e-29
 188.434271      2.098  38.424877    13.6867   -0.09852      2.080    32.0050    23.9374 -9.990e-29
 188.434277      2.108  38.368602    13.6587   -0.09847      2.090    31.9762    23.9208 -9.990e-29
 188.434282      2.140  38.311880    13.6389   -0.09862      2.122    31.9401    23.8969 -9.990e-29
 188.434288      2.189  38.288486    13.6277   -0.09877      2.171    31.9277    23.8896 -9.990e-29
 188.434294      2.239  38.311566    13.6263   -0.09881      2.220    31.9503    23.9073 -9.990e-29
 188.434300      2.286  38.362010    13.6350   -0.09875      2.267    31.9898    23.9361 -9.990e-29
 188.434306      2.328  38.404468    13.6543   -0.09886      2.309    32.0131    23.9502 -9.990e-29
 188.434311      2.359  38.427161    13.6925   -0.09892      2.339    32.0022    23.9341 -9.990e-29
 188.434317      2.378  38.439069    13.7511   -0.09893      2.358    31.9643    23.8930 -9.990e-29
 188.434323      2.385  38.446575    13.8068   -0.09875      2.365    31.9248    23.8512 -9.990e-29
 188.434329      2.384  38.451877    13.8265   -0.09872      2.364    31.9133    23.8383 -9.990e-29
 188.434334      2.386  38.449193    13.8023   -0.09897      2.366    31.9310    23.8569 -9.990e-29
 188.434340      2.393  38.436678    13.7611   -0.09908      2.373    31.9537    23.8828 -9.990e-29
 188.434346      2.407  38.429659    13.7359   -0.09905      2.387    31.9682    23.8991 -9.990e-29
 188.434352      2.427  38.436756    13.7267   -0.09904      2.407    31.9825    23.9119 -9.990e-29
 188.434358      2.452  38.437729    13.7120   -0.09898      2.432    31.9956    23.9251 -9.990e-29
 188.434363      2.479  38.415961    13.6939   -0.09893      2.458    31.9906    23.9248 -9.990e-29
 188.434369      2.504  38.397433    13.6965   -0.09898      2.483    31.9712    23.9094 -9.990e-29
 188.434375      2.517  38.406270    13.7189   13.63243      2.496    31.9607    23.8967 -9.990e-29
 188.434381      2.519  38.415586    13.7236   22.10976      2.498    31.9654    23.8994 -9.990e-29
 188.434387      2.527  38.397455    13.6953   23.33073      2.506    31.9722    23.9104 -9.990e-29
 188.434392      2.549  38.352429    13.6618   20.51434      2.528    31.9584    23.9065 -9.990e-29
 188.434398      2.583  38.304085    13.6437   13.38311      2.561    31.9287    23.8871 -9.990e-29
 188.434404      2.619  38.292315    13.6423   10.73761      2.597    31.9189    23.8799 -9.990e-29
 188.434410      2.645  38.317721    13.6534   10.80238      2.623    31.9332    23.8887 -9.990e-29
 188.434416      2.664  38.341857    13.6635   10.81856      2.642    31.9472    23.8974 -9.990e-29
 188.434421      2.685  38.342537    13.6578   10.88138      2.663    31.9525    23.9027 -9.990e-29
 188.434427      2.714  38.316224    13.6393   10.93814      2.691    31.9435    23.8995 -9.990e-29
 188.434433      2.748  38.264330    13.6230   10.98245      2.725    31.9090    23.8761 -9.990e-29
 188.434439      2.777  38.207998    13.6158   11.02519      2.754    31.8627    23.8418 -9.990e-29
 188.434444      2.790  38.175351    13.6155   11.05873      2.767    31.8326    23.8186 -9.990e-29
 188.434450      2.787  38.165518    13.6203   11.08770      2.764    31.8195    23.8075 -9.990e-29
 188.434456      2.777  38.165984    13.6323   11.11467      2.754    31.8099    23.7977 -9.990e-29
 188.434462      2.764  38.175727    13.6555   11.13495      2.741    31.7997    23.7851 -9.990e-29
 188.434468      2.751  38.197117    13.6841   11.14718      2.728    31.7958    23.7763 -9.990e-29
 188.434473      2.746  38.219454    13.6977   11.16143      2.723    31.8052    23.7809 -9.990e-29
 188.434479      2.752  38.222644    13.6897   11.19706      2.729    31.8148    23.7899 -9.990e-29
 188.434485      2.771  38.210987    13.6737   11.23036      2.748    31.8173    23.7950 -9.990e-29
 188.434491      2.802  38.199829    13.6600   11.23325      2.779    31.8183    23.7986 -9.990e-29
 188.434497      2.845  38.190030    13.6530   10.05517      2.821    31.8150    23.7975 -9.990e-29
 188.434502      2.888  38.183700    13.6541    8.06472      2.864    31.8082    23.7920 -9.990e-29
 188.434508      2.923  38.183651    13.6618    6.98767      2.899    31.8017    23.7855 -9.990e-29
 188.434514      2.946  38.188729    13.6771    6.69335      2.921    31.7937    23.7762 -9.990e-29
 188.434520      2.963  38.201815    13.6981    7.29508      2.938    31.7884    23.7679 -9.990e-29
 188.434525      2.985  38.221328    13.7089    8.03758      2.960    31.7975    23.7727 -9.990e-29
 188.434531      3.017  38.231262    13.6969    8.32626      2.992    31.8167    23.7899 -9.990e-29
 188.434537      3.056  38.219666    13.6726    8.49665      3.030    31.8261    23.8021 -9.990e-29
 188.434543      3.092  38.197478    13.6569    8.58941      3.066    31.8186    23.7994 -9.990e-29
 188.434549      3.115  38.184503    13.6592    8.64617      3.089    31.8046    23.7882 -9.990e-29
 188.434554      3.127  38.187025    13.6722    8.66819      3.101    31.7962    23.7790 -9.990e-29
 188.434560      3.131  38.197783    13.6866    8.67591      3.105    31.7942    23.7746 -9.990e-29
 188.434566      3.129  38.209850    13.6993    8.66178      3.103    31.7948    23.7725 -9.990e-29
 188.434572      3.125  38.219725    13.7096    8.65597      3.099    31.7954    23.7709 -9.990e-29
 188.434578      3.127  38.227713    13.7140    8.67073      3.101    31.7991    23.7729 -9.990e-29
 188.434583      3.143  38.233289    13.7052    8.68010      3.117    31.8116    23.7843 -9.990e-29
 188.434589      3.174  38.227663    13.6833    8.70269      3.147    31.8246    23.7988 -9.990e-29
 188.434595      3.211  38.208980    13.6627    8.70950      3.184    31.8244    23.8028 -9.990e-29
 188.434601      3.242  38.191063    13.6561    8.70063      3.215    31.8132    23.7955 -9.990e-29
 188.434606      3.265  38.185948    13.6617    8.72405      3.238    31.8038    23.7871 -9.990e-29
 188.434612      3.281  38.191896    13.6700    8.74978      3.254    31.8024    23.7843 -9.990e-29
 188.434618      3.296  38.199486    13.6744    8.77728      3.268    31.8058    23.7861 -9.990e-29
 188.434624      3.314  38.203735    13.6744    8.77647      3.286    31.8097    23.7891 -9.990e-29
 188.434630      3.334  38.204740    13.6775    8.75480      3.306    31.8081    23.7872 -9.990e-29
 188.434635      3.352  38.207804    13.6922    8.73785      3.324    31.7987    23.7770 -9.990e-29
 188.434641      3.368  38.221536    13.7101    8.72473      3.340    31.7966    23.7717 -9.990e-29
 188.434647      3.389  38.239043    13.7158    8.73801      3.361    31.8080    23.7794 -9.990e-29
 188.434653      3.419  38.245568    13.7111    8.76006      3.390    31.8180    23.7881 -9.990e-29
 188.434659      3.453  38.240689    13.7052    8.78501      3.424    31.8183    23.7895 -9.990e-29
 188.434664      3.475  38.232503    13.7056    8.79968      3.446    31.8104    23.7833 -9.990e-29
 188.434670      3.479  38.229554    13.7156    8.79967      3.450    31.7994    23.7728 -9.990e-29
 188.434676      3.472  38.236334    13.7312    8.81185      3.443    31.7927    23.7645 -9.990e-29
 188.434682      3.468  38.248244    13.7466    8.81295      3.439    31.7910    23.7600 -9.990e-29
 188.434688      3.466  38.258739    13.7584    8.80038      3.437    31.7909    23.7576 -9.990e-29
 188.434693      3.461  38.266119    13.7673    8.75036      3.432    31.7903    23.7554 -9.990e-29
 188.434699      3.458  38.271821    13.7802    8.71600      3.429    31.7849    23.7486 -9.990e-29
 188.434705      3.461  38.280652    13.7978    8.70121      3.432    31.7785    23.7401 -9.990e-29
 188.434711      3.474  38.292617    13.8033    8.70968      3.445    31.7850    23.7440 -9.990e-29
 188.434716      3.507  38.295073    13.7836    8.71755      3.478    31.8036    23.7623 -9.990e-29
 188.434722      3.557  38.277848    13.7502    8.71488      3.527    31.8153    23.7781 -9.990e-29
 188.434728      3.607  38.249950    13.7264    8.73095      3.577    31.8093    23.7783 -9.990e-29
 188.434734      3.641  38.231390    13.7182    8.75244      3.611    31.7989    23.7719 -9.990e-29
 188.434740      3.659  38.226581    13.7165    8.76614      3.628    31.7958    23.7699 -9.990e-29
 188.434745      3.666  38.226870    13.7134    8.76399      3.635    31.7987    23.7727 -9.990e-29
 188.434751      3.670  38.226480    13.7096    8.75959      3.639    31.8014    23.7756 -9.990e-29
 188.434757      3.677  38.224899    13.7141    8.75717      3.646    31.7962    23.7707 -9.990e-29
 188.434763      3.686  38.229558    13.7265    8.76602      3.655    31.7903    23.7636 -9.990e-29
 188.434769      3.694  38.239945    13.7355    8.77043      3.663    31.7924    23.7634 -9.990e-29
 188.434774      3.697  38.246360    13.7374    8.76739      3.666    31.7968    23.7664 -9.990e-29
 188.434780      3.700  38.246709    13.7353    8.74906      3.669    31.7988    23.7684 -9.990e-29
 188.434786      3.707  38.244832    13.7309    8.74271      3.676    31.8007    23.7708 -9.990e-29
 188.434792      3.718  38.242159    13.7242    8.73349      3.687    31.8038    23.7745 -9.990e-29
 188.434797      3.735  38.237375    13.7173    8.71334      3.704    31.8051    23.7769 -9.990e-29
 188.434803      3.758  38.231959    13.7148    8.71479      3.727    31.8022    23.7751 -9.990e-29
 188.434809      3.785  38.230472    13.7145    8.72554      3.753    31.8010    23.7743 -9.990e-29
 188.434815      3.808  38.231497    13.7061    8.73851      3.776    31.8089    23.7821 -9.990e-29
 188.434821      3.825  38.226312    13.6848    8.78517      3.793    31.8218    23.7964 -9.990e-29
 188.434826      3.836  38.209691    13.6656    8.78973      3.804    31.8224    23.8007 -9.990e-29
 188.434832      3.840  38.192570    13.6710    8.76632      3.808    31.8020    23.7838 -9.990e-29
 188.434838      3.830  38.196426    13.7003    8.73513      3.798    31.7813    23.7619 -9.990e-29
 188.434844      3.816  38.221917    13.7304    8.73412      3.784    31.7799    23.7548 -9.990e-29
 188.434850      3.813  38.246393    13.7420    8.75657      3.781    31.7929    23.7625 -9.990e-29
 188.434855      3.830  38.253708    13.7332    8.78402      3.798    31.8070    23.7751 -9.990e-29
