data/oxygen options/OCNMS/OCNMS2/raw_data/2005/CTD_CA70_070705faed.cnv
* Sea-Bird SBE19 Data File:
* FileName = C:\Hypoxia Data\CA70_070705.hex
* Software Version 1.1.6
* Temperature SN = 2997
* Conductivity SN = 2997
* System UpLoad Time = Jul 07 2005 13:56:23
* SEACAT PROFILER V3.1c SN 2997   07/07/05  13:55:55.653
* strain gauge pressure sensor: S/N = 184829,  range = 3000 psia,  tc = 40
# nquan = 9                                 
# nvalues = 697                         
# units = specified
# name 0 = timeJ: Julian Days
# name 1 = prSM: Pressure, Strain Gauge [db]
# name 2 = c0mS/cm: Conductivity [mS/cm]
# name 3 = t090C: Temperature [ITS-90, deg C]
# name 4 = oxML/L: Oxygen, Beckman/YSI [ml/l]
# name 5 = depSM: Depth [salt water, m], lat = 47.5
# name 6 = sal00: Salinity, Practical [PSU]
# name 7 = sigma-é00: Density [sigma-theta, kg/m^3]
# name 8 = flag: flag
# span 0 = 188.555116, 188.559144       
# span 1 =     -2.465,     70.489       
# span 2 =  13.747018,  38.253619       
# span 3 =     7.6103,    14.4404       
# span 4 =   -0.09792,   25.87033       
# span 5 =     -2.444,     69.889       
# span 6 =    10.3106,    33.7594       
# span 7 =     7.1974,    26.3570       
# span 8 = 0.0000e+00, 0.0000e+00       
# interval = seconds: 0.5
# start_time = Jul 07 2005 13:19:22 [Instrument's time stamp, header]
# bad_flag = -9.990e-29
*END*
 188.555116     -2.465 -9.990e-29    13.7434   -0.09776     -2.444 -9.990e-29 -9.990e-29 -9.990e-29
 188.555122     -2.367  13.747018    13.9430   -0.09775     -2.347    10.3106     7.1974 -9.990e-29
 188.555127     -2.236  24.377379    14.1409   -0.09774     -2.217    19.1419    13.9444 -9.990e-29
 188.555133     -2.064  32.719118    14.2527   -0.09773     -2.047    26.3877    19.4935 -9.990e-29
 188.555139     -1.866  36.263642    14.2994   -0.09773     -1.850    29.5374    21.9096 -9.990e-29
 188.555145     -1.673  37.440478    14.3188   -0.09769     -1.659    30.5889    22.7160 -9.990e-29
 188.555150     -1.505  37.815974    14.3229   -0.09769     -1.492    30.9270    22.9757 -9.990e-29
 188.555156     -1.374  37.943935    14.3218   -0.09770     -1.363    31.0442    23.0663 -9.990e-29
 188.555162     -1.280  38.005693    14.3216   -0.09770     -1.269    31.1006    23.1098 -9.990e-29
 188.555168     -1.212  38.034662    14.3230   -0.09770     -1.202    31.1258    23.1290 -9.990e-29
 188.555174     -1.157  38.039800    14.3261   -0.09768     -1.147    31.1280    23.1300 -9.990e-29
 188.555179     -1.105  38.039801    14.3311   -0.09768     -1.096    31.1239    23.1259 -9.990e-29
 188.555185     -1.046  38.040904    14.3374   -0.09771     -1.037    31.1199    23.1214 -9.990e-29
 188.555191     -0.978  38.040155    14.3439   -0.09774     -0.970    31.1139    23.1155 -9.990e-29
 188.555197     -0.904  38.037741    14.3489   -0.09775     -0.896    31.1077    23.1097 -9.990e-29
 188.555203     -0.833  38.038922    14.3507   -0.09773     -0.826    31.1073    23.1090 -9.990e-29
 188.555208     -0.768  38.047022    14.3495   -0.09769     -0.762    31.1156    23.1156 -9.990e-29
 188.555214     -0.719  38.057198    14.3474   -0.09767     -0.713    31.1265    23.1245 -9.990e-29
 188.555220     -0.686  38.065691    14.3468   -0.09772     -0.680    31.1347    23.1310 -9.990e-29
 188.555226     -0.660  38.074352    14.3487   -0.09772     -0.654    31.1411    23.1355 -9.990e-29
 188.555231     -0.633  38.081331    14.3510   -0.09772     -0.628    31.1455    23.1384 -9.990e-29
 188.555237     -0.604  38.079728    14.3521   -0.09767     -0.599    31.1432    23.1364 -9.990e-29
 188.555243     -0.572  38.060739    14.3515   -0.09765     -0.567    31.1264    23.1236 -9.990e-29
 188.555249     -0.539  38.027159    14.3495   -0.09765     -0.535    31.0974    23.1017 -9.990e-29
 188.555255     -0.510  38.000468    14.3489   -0.09763     -0.506    31.0736    23.0834 -9.990e-29
 188.555260     -0.489  38.001234    14.3519   -0.09761     -0.485    31.0719    23.0815 -9.990e-29
 188.555266     -0.470  38.024930    14.3559   -0.09760     -0.466    31.0902    23.0948 -9.990e-29
 188.555272     -0.447  38.046002    14.3587   -0.09760     -0.443    31.1071    23.1072 -9.990e-29
 188.555278     -0.423  38.042685    14.3600   -0.09765     -0.419    31.1031    23.1038 -9.990e-29
 188.555284     -0.401  38.019598    14.3605   -0.09766     -0.398    31.0817    23.0872 -9.990e-29
 188.555289     -0.380  38.007724    14.3633   -0.09767     -0.377    31.0686    23.0766 -9.990e-29
 188.555295     -0.358  38.023827    14.3696   -0.09762     -0.355    31.0782    23.0827 -9.990e-29
 188.555301     -0.334  38.051300    14.3769   -0.09760     -0.331    31.0973    23.0959 -9.990e-29
 188.555307     -0.311  38.065695    14.3822   -0.09763     -0.308    31.1061    23.1016 -9.990e-29
 188.555313     -0.291  38.066077    14.3845   -0.09764     -0.289    31.1046    23.1000 -9.990e-29
 188.555318     -0.269  38.071530    14.3851   -0.09769     -0.267    31.1091    23.1033 -9.990e-29
 188.555324     -0.239  38.087708    14.3855   -0.09767     -0.237    31.1235    23.1143 -9.990e-29
 188.555330     -0.203  38.099225    14.3857   -0.09769     -0.201    31.1338    23.1222 -9.990e-29
 188.555336     -0.169  38.086162    14.3848   -0.09769     -0.168    31.1226    23.1138 -9.990e-29
 188.555341     -0.137  38.054161    14.3837   -0.09766     -0.136    31.0944    23.0922 -9.990e-29
 188.555347     -0.106  38.035223    14.3850   -0.09760     -0.105    31.0761    23.0779 -9.990e-29
 188.555353     -0.073  38.045109    14.3884   -0.09760     -0.072    31.0823    23.0820 -9.990e-29
 188.555359     -0.038  38.066772    14.3898   -0.09763     -0.038    31.1009    23.0960 -9.990e-29
 188.555365     -0.002  38.069703    14.3852   -0.09765     -0.002    31.1072    23.1019 -9.990e-29
 188.555370      0.030  38.051143    14.3771   -0.09775      0.030    31.0969    23.0955 -9.990e-29
 188.555376      0.054  38.038012    14.3732   -0.09781      0.054    31.0880    23.0895 -9.990e-29
 188.555382      0.073  38.038669    14.3738   -0.09773      0.072    31.0881    23.0895 -9.990e-29
 188.555388      0.087  38.037785    14.3753   -0.09766      0.086    31.0861    23.0876 -9.990e-29
 188.555394      0.097  38.032560    14.3785   -0.09767      0.096    31.0788    23.0813 -9.990e-29
 188.555399      0.104  38.039651    14.3840   -0.09767      0.103    31.0808    23.0818 -9.990e-29
 188.555405      0.117  38.062967    14.3881   -0.09772      0.116    31.0987    23.0947 -9.990e-29
 188.555411      0.141  38.081495    14.3852   -0.09779      0.140    31.1179    23.1101 -9.990e-29
 188.555417      0.161  38.075133    14.3704   -0.09777      0.160    31.1240    23.1178 -9.990e-29
 188.555422      0.169  38.053971    14.3478   -0.09773      0.168    31.1229    23.1217 -9.990e-29
 188.555428      0.174  38.041460    14.3354   -0.09772      0.173    31.1215    23.1232 -9.990e-29
 188.555434      0.186  38.041174    14.3429   -0.09775      0.184    31.1152    23.1168 -9.990e-29
 188.555440      0.208  38.047743    14.3578   -0.09781      0.206    31.1092    23.1090 -9.990e-29
 188.555446      0.239  38.058206    14.3665   -0.09781      0.237    31.1117    23.1092 -9.990e-29
 188.555451      0.271  38.061901    14.3639   -0.09784      0.269    31.1172    23.1139 -9.990e-29
 188.555457      0.299  38.053164    14.3506   -0.09792      0.297    31.1199    23.1188 -9.990e-29
 188.555463      0.319  38.043969    14.3367   -0.09784      0.316    31.1227    23.1238 -9.990e-29
 188.555469      0.334  38.041188    14.3343   -0.09771      0.331    31.1221    23.1238 -9.990e-29
 188.555475      0.347  38.041736    14.3405   -0.09770      0.344    31.1176    23.1191 -9.990e-29
 188.555480      0.365  38.041916    14.3420   -0.09770      0.362    31.1165    23.1180 -9.990e-29
 188.555486      0.384  38.038666    14.3325   -0.09776      0.381    31.1212    23.1235 -9.990e-29
 188.555492      0.402  38.034449    14.3180   -0.09782      0.399    31.1290    23.1326 -9.990e-29
 188.555498      0.418  38.032121    14.3050   -0.09779      0.415    31.1374    23.1417 -9.990e-29
 188.555503      0.431  38.032005    14.2920   -0.09775      0.427    31.1477    23.1523 -9.990e-29
 188.555509      0.436  38.034570    14.2866   -0.09774      0.432    31.1544    23.1586 -9.990e-29
 188.555515      0.443  38.038249    14.3013   -0.09781      0.439    31.1459    23.1490 -9.990e-29
 188.555521      0.460  38.044080    14.3264   -0.09786      0.456    31.1310    23.1324 -9.990e-29
 188.555527      0.480  38.056535    14.3423   -0.09785      0.476    31.1296    23.1279 -9.990e-29
 188.555532      0.496  38.066484    14.3421   -0.09783      0.492    31.1388    23.1351 -9.990e-29
 188.555538      0.513  38.063705    14.3296   -0.09782      0.509    31.1463    23.1435 -9.990e-29
 188.555544      0.536  38.057462    14.3184   -0.09781      0.532    31.1496    23.1483 -9.990e-29
 188.555550      0.567  38.055759    14.3198   15.21930      0.562    31.1469    23.1460 -9.990e-29
 188.555556      0.604  38.056949    14.3266   24.69725      0.599    31.1425    23.1412 -9.990e-29
 188.555561      0.640  38.057069    14.3245   25.87033      0.635    31.1443    23.1430 -9.990e-29
 188.555567      0.669  38.054097    14.3112   22.49386      0.663    31.1523    23.1519 -9.990e-29
 188.555573      0.684  38.051429    14.2975   14.42173      0.678    31.1609    23.1614 -9.990e-29
 188.555579      0.687  38.050059    14.2932   11.69754      0.681    31.1631    23.1640 -9.990e-29
 188.555584      0.690  38.048783    14.2975   11.69691      0.684    31.1585    23.1595 -9.990e-29
 188.555590      0.702  38.048203    14.3041   11.65435      0.696    31.1526    23.1536 -9.990e-29
 188.555596      0.720  38.049294    14.3097   11.64367      0.714    31.1491    23.1498 -9.990e-29
 188.555602      0.739  38.056378    14.3150   11.62796      0.733    31.1513    23.1503 -9.990e-29
 188.555608      0.763  38.081770    14.3209   11.61745      0.757    31.1697    23.1633 -9.990e-29
 188.555613      0.787  38.120688    14.3259   11.60395      0.780    31.2011    23.1865 -9.990e-29
 188.555619      0.810  38.147121    14.3298   11.58888      0.803    31.2220    23.2018 -9.990e-29
 188.555625      0.832  38.157117    14.3328   11.57725      0.825    31.2287    23.2063 -9.990e-29
 188.555631      0.851  38.161822    14.3346   11.56420      0.844    31.2315    23.2081 -9.990e-29
 188.555637      0.863  38.164211    14.3362   11.55085      0.856    31.2324    23.2085 -9.990e-29
 188.555642      0.870  38.165848    14.3385   11.53983      0.863    31.2320    23.2077 -9.990e-29
 188.555648      0.876  38.167861    14.3407   11.53134      0.869    31.2321    23.2073 -9.990e-29
 188.555654      0.890  38.169633    14.3427   11.51987      0.883    31.2320    23.2069 -9.990e-29
 188.555660      0.913  38.170785    14.3443   11.04605      0.905    31.2318    23.2064 -9.990e-29
 188.555666      0.934  38.171796    14.3451    8.64076      0.926    31.2321    23.2064 -9.990e-29
 188.555671      0.945  38.172396    14.3457    7.06496      0.937    31.2321    23.2063 -9.990e-29
 188.555677      0.952  38.172887    14.3472    6.43049      0.944    31.2314    23.2054 -9.990e-29
 188.555683      0.962  38.173988    14.3495    6.73266      0.954    31.2305    23.2043 -9.990e-29
 188.555689      0.982  38.175548    14.3520    7.73126      0.974    31.2299    23.2033 -9.990e-29
 188.555694      1.004  38.177470    14.3543    8.14781      0.996    31.2298    23.2027 -9.990e-29
 188.555700      1.017  38.179575    14.3565    8.32323      1.009    31.2299    23.2024 -9.990e-29
 188.555706      1.021  38.181926    14.3593    8.40798      1.012    31.2298    23.2017 -9.990e-29
 188.555712      1.030  38.184357    14.3630    8.46005      1.021    31.2290    23.2004 -9.990e-29
 188.555718      1.052  38.186810    14.3672    8.48437      1.043    31.2279    23.1986 -9.990e-29
 188.555723      1.081  38.189815    14.3708    8.50687      1.072    31.2277    23.1977 -9.990e-29
 188.555729      1.100  38.192396    14.3732    8.52341      1.091    31.2281    23.1975 -9.990e-29
 188.555735      1.104  38.193570    14.3744    8.49783      1.095    31.2282    23.1974 -9.990e-29
 188.555741      1.100  38.193846    14.3763    8.48246      1.091    31.2269    23.1960 -9.990e-29
 188.555747      1.102  38.195339    14.3806    8.46248      1.093    31.2248    23.1935 -9.990e-29
 188.555752      1.113  38.200104    14.3837    8.46052      1.104    31.2266    23.1942 -9.990e-29
 188.555758      1.135  38.203904    14.3804    8.48200      1.126    31.2327    23.1996 -9.990e-29
 188.555764      1.163  38.201213    14.3728    8.49237      1.153    31.2364    23.2040 -9.990e-29
 188.555770      1.189  38.194676    14.3679    8.49487      1.179    31.2344    23.2035 -9.990e-29
 188.555775      1.199  38.190225    14.3696    8.49190      1.189    31.2290    23.1990 -9.990e-29
 188.555781      1.196  38.190959    14.3768    8.48026      1.186    31.2238    23.1935 -9.990e-29
 188.555787      1.191  38.196798    14.3856    8.47105      1.181    31.2220    23.1903 -9.990e-29
 188.555793      1.197  38.204376    14.3917    8.46792      1.187    31.2240    23.1906 -9.990e-29
 188.555799      1.218  38.209279    14.3938    8.45479      1.208    31.2268    23.1923 -9.990e-29
 188.555804      1.252  38.210259    14.3938    8.45818      1.242    31.2277    23.1929 -9.990e-29
 188.555810      1.293  38.209807    14.3934    8.45788      1.282    31.2276    23.1929 -9.990e-29
 188.555816      1.334  38.209629    14.3926    8.45934      1.323    31.2280    23.1935 -9.990e-29
 188.555822      1.365  38.208991    14.3930    8.46105      1.354    31.2271    23.1927 -9.990e-29
 188.555828      1.380  38.208787    14.3964    8.44638      1.368    31.2242    23.1897 -9.990e-29
 188.555833      1.383  38.210488    14.4011    8.42866      1.371    31.2219    23.1870 -9.990e-29
 188.555839      1.385  38.213053    14.4034    8.41717      1.373    31.2224    23.1869 -9.990e-29
 188.555845      1.392  38.214889    14.4007    8.42796      1.380    31.2263    23.1904 -9.990e-29
 188.555851      1.410  38.213981    14.3937    8.44157      1.398    31.2311    23.1956 -9.990e-29
 188.555856      1.437  38.209141    14.3874    8.45072      1.425    31.2317    23.1974 -9.990e-29
 188.555862      1.460  38.204581    14.3876    8.43658      1.448    31.2274    23.1940 -9.990e-29
 188.555868      1.468  38.206001    14.3938    8.40987      1.456    31.2237    23.1899 -9.990e-29
 188.555874      1.467  38.212489    14.4013    8.38796      1.455    31.2236    23.1882 -9.990e-29
 188.555880      1.473  38.219242    14.4052    8.38189      1.461    31.2266    23.1897 -9.990e-29
 188.555885      1.495  38.222370    14.4023    8.39587      1.483    31.2317    23.1943 -9.990e-29
 188.555891      1.526  38.219319    14.3951    8.41495      1.513    31.2347    23.1981 -9.990e-29
 188.555897      1.551  38.212196    14.3903    8.41298      1.538    31.2321    23.1971 -9.990e-29
 188.555903      1.564  38.207771    14.3912    8.39891      1.551    31.2274    23.1933 -9.990e-29
 188.555909      1.568  38.209119    14.3953    8.38455      1.555    31.2253    23.1908 -9.990e-29
 188.555914      1.573  38.212993    14.3986    8.38393      1.560    31.2262    23.1908 -9.990e-29
 188.555920      1.583  38.215591    14.3981    8.39248      1.570    31.2289    23.1930 -9.990e-29
 188.555926      1.600  38.214772    14.3939    8.39523      1.587    31.2316    23.1959 -9.990e-29
 188.555932      1.619  38.211132    14.3898    8.39654      1.605    31.2315    23.1968 -9.990e-29
 188.555938      1.634  38.208234    14.3884    8.39409      1.620    31.2300    23.1959 -9.990e-29
 188.555943      1.641  38.207828    14.3893    8.39241      1.627    31.2289    23.1949 -9.990e-29
 188.555949      1.645  38.208814    14.3902    8.38533      1.631    31.2291    23.1948 -9.990e-29
 188.555955      1.654  38.209705    14.3889    8.38824      1.640    31.2310    23.1965 -9.990e-29
 188.555961      1.670  38.208328    14.3856    8.40457      1.656    31.2324    23.1983 -9.990e-29
 188.555966      1.685  38.205098    14.3833    8.41936      1.671    31.2313    23.1979 -9.990e-29
 188.555972      1.696  38.203562    14.3844    8.41608      1.682    31.2290    23.1959 -9.990e-29
 188.555978      1.702  38.205041    14.3884    8.38829      1.688    31.2271    23.1936 -9.990e-29
 188.555984      1.709  38.208145    14.3920    8.38125      1.695    31.2270    23.1928 -9.990e-29
 188.555990      1.722  38.210846    14.3926    8.38241      1.708    31.2290    23.1942 -9.990e-29
 188.555995      1.737  38.211144    14.3910    8.40154      1.722    31.2305    23.1958 -9.990e-29
 188.556001      1.747  38.209442    14.3903    8.40034      1.732    31.2296    23.1951 -9.990e-29
 188.556007      1.743  38.208522    14.3920    8.37876      1.728    31.2273    23.1931 -9.990e-29
 188.556013      1.730  38.209965    14.3962    8.36574      1.716    31.2253    23.1906 -9.990e-29
 188.556019      1.723  38.214014    14.4005    8.34619      1.709    31.2255    23.1899 -9.990e-29
 188.556024      1.736  38.218223    14.4009    8.35400      1.722    31.2290    23.1925 -9.990e-29
 188.556030      1.769  38.218673    14.3957    8.36392      1.754    31.2336    23.1971 -9.990e-29
 188.556036      1.807  38.213728    14.3887    8.36773      1.792    31.2347    23.1995 -9.990e-29
