data/oxygen options/OCNMS/OCNMS2/raw_data/2005/CTD_TH30d_083105faed.cnv
* Sea-Bird SBE19 Data File:
* FileName = C:\hypoxia CTD data\TH30d_083105.hex
* Software Version 1.1.5
* Temperature SN = 2997
* Conductivity SN = 2997
* System UpLoad Time = Aug 31 2005 15:46:58
** Teahwhit Head 083105 30m
* SEACAT PROFILER V3.1c SN 2997   08/31/05  15:42:23.718
# nquan = 9                                 
# nvalues = 516                         
# units = specified
# name 0 = timeJ: Julian Days
# name 1 = prSM: Pressure, Strain Gauge [db]
# name 2 = c0mS/cm: Conductivity [mS/cm]
# name 3 = t090C: Temperature [ITS-90, deg C]
# name 4 = oxML/L: Oxygen, Beckman/YSI [ml/l]
# name 5 = depSM: Depth [salt water, m], lat = 47.5
# name 6 = sal00: Salinity, Practical [PSU]
# name 7 = sigma-é00: Density [sigma-theta, kg/m^3]
# name 8 = flag: flag
# span 0 = 243.433727, 243.436707       
# span 1 =     -3.069,     33.510       
# span 2 =   0.492925,  38.369891       
# span 3 =     7.9284,    12.9995       
# span 4 =   -0.10058,   26.31380       
# span 5 =     -3.043,     33.228       
# span 6 =     0.3130,    33.5390       
# span 7 =    -0.3766,    26.0980       
# span 8 = 0.0000e+00, 0.0000e+00       
# interval = seconds: 0.5
# start_time = Aug 31 2005 10:24:34 [Instrument's time stamp, header]
# bad_flag = -9.990e-29
*END*
 243.433727     -3.069 -9.990e-29    12.9995   -0.10039     -3.043 -9.990e-29 -9.990e-29 -9.990e-29
 243.433733     -3.066   0.492925    12.9971   -0.10043     -3.040     0.3130    -0.3766 -9.990e-29
 243.433738     -3.058   0.506272    12.9946   -0.10045     -3.033     0.3218    -0.3695 -9.990e-29
 243.433744     -3.041   0.537071    12.9926   -0.10047     -3.016     0.3421    -0.3534 -9.990e-29
 243.433750     -3.012   0.610307    12.9910   -0.10050     -2.987     0.3905    -0.3156 -9.990e-29
 243.433756     -2.967   0.807004    12.9891   -0.10049     -2.942     0.5219    -0.2130 -9.990e-29
 243.433762     -2.897   1.367826    12.9860   -0.10048     -2.873     0.9056     0.0857 -9.990e-29
 243.433767     -2.799   3.013917    12.9777   -0.10048     -2.776     2.0823     0.9993 -9.990e-29
 243.433773     -2.671   7.858513    12.9605   -0.10049     -2.649     5.7880     3.8650 -9.990e-29
 243.433779     -2.512  16.227073    12.9395   -0.10052     -2.491    12.6698     9.1700 -9.990e-29
 243.433785     -2.330  25.249762    12.9228   -0.10052     -2.311    20.5360    15.2317 -9.990e-29
 243.433791     -2.144  32.464156    12.9112   -0.10051     -2.126    27.0925    20.2926 -9.990e-29
 243.433796     -1.970  36.390785    12.9009   -0.10051     -1.954    30.7561    23.1265 -9.990e-29
 243.433802     -1.825  37.700406    12.8932   -0.10052     -1.810    31.9958    24.0873 -9.990e-29
 243.433808     -1.710  38.139201    12.8914   -0.10053     -1.696    32.4121    24.4099 -9.990e-29
 243.433814     -1.615  38.285517    12.8926   -0.10054     -1.602    32.5495    24.5161 -9.990e-29
 243.433819     -1.530  38.332220    12.8926   -0.10057     -1.517    32.5937    24.5503 -9.990e-29
 243.433825     -1.448  38.346092    12.8897   -0.10056     -1.436    32.6093    24.5630 -9.990e-29
 243.433831     -1.370  38.350140    12.8848   -0.10055     -1.359    32.6174    24.5701 -9.990e-29
 243.433837     -1.303  38.351468    12.8812   -0.10054     -1.292    32.6217    24.5742 -9.990e-29
 243.433843     -1.250  38.352989    12.8804   -0.10054     -1.240    32.6238    24.5760 -9.990e-29
 243.433848     -1.205  38.355067    12.8795   -0.10054     -1.195    32.6265    24.5783 -9.990e-29
 243.433854     -1.161  38.356010    12.8764   -0.10054     -1.151    32.6301    24.5816 -9.990e-29
 243.433860     -1.119  38.355973    12.8716   -0.10056     -1.110    32.6342    24.5857 -9.990e-29
 243.433866     -1.080  38.356614    12.8668   -0.10058     -1.071    32.6389    24.5903 -9.990e-29
 243.433872     -1.042  38.357126    12.8639   -0.10057     -1.033    32.6419    24.5932 -9.990e-29
 243.433877     -1.007  38.354848    12.8640   -0.10056     -0.999    32.6396    24.5915 -9.990e-29
 243.433883     -0.977  38.350691    12.8655   -0.10056     -0.969    32.6344    24.5871 -9.990e-29
 243.433889     -0.950  38.349790    12.8668   -0.10056     -0.942    32.6324    24.5853 -9.990e-29
 243.433895     -0.924  38.353773    12.8673   -0.10056     -0.916    32.6357    24.5878 -9.990e-29
 243.433900     -0.893  38.357877    12.8667   -0.10056     -0.886    32.6401    24.5913 -9.990e-29
 243.433906     -0.851  38.358623    12.8645   -0.10055     -0.844    32.6427    24.5937 -9.990e-29
 243.433912     -0.801  38.358710    12.8607   -0.10056     -0.794    32.6461    24.5971 -9.990e-29
 243.433918     -0.746  38.359959    12.8577   -0.10057     -0.740    32.6498    24.6006 -9.990e-29
 243.433924     -0.697  38.360694    12.8575   -0.10057     -0.691    32.6507    24.6013 -9.990e-29
 243.433929     -0.663  38.360791    12.8587   -0.10056     -0.657    32.6497    24.6003 -9.990e-29
 243.433935     -0.646  38.360962    12.8589   -0.10056     -0.641    32.6497    24.6002 -9.990e-29
 243.433941     -0.637  38.361460    12.8584   -0.10056     -0.632    32.6506    24.6010 -9.990e-29
 243.433947     -0.622  38.361851    12.8582   -0.10056     -0.617    32.6511    24.6015 -9.990e-29
 243.433953     -0.600  38.362679    12.8588   -0.10057     -0.595    32.6514    24.6016 -9.990e-29
 243.433958     -0.574  38.363947    12.8594   -0.10057     -0.569    32.6521    24.6020 -9.990e-29
 243.433964     -0.542  38.364002    12.8588   -0.10056     -0.537    32.6526    24.6025 -9.990e-29
 243.433970     -0.508  38.363502    12.8576   -0.10056     -0.504    32.6532    24.6032 -9.990e-29
 243.433976     -0.476  38.363487    12.8578   -0.10057     -0.472    32.6530    24.6030 -9.990e-29
 243.433981     -0.450  38.364519    12.8594   -0.10057     -0.446    32.6526    24.6024 -9.990e-29
 243.433987     -0.428  38.365752    12.8604   -0.10057     -0.424    32.6528    24.6024 -9.990e-29
 243.433993     -0.407  38.365488    12.8599   -0.10056     -0.404    32.6530    24.6026 -9.990e-29
 243.433999     -0.388  38.364520    12.8588   -0.10056     -0.385    32.6530    24.6029 -9.990e-29
 243.434005     -0.369  38.363823    12.8582   -0.10057     -0.366    32.6529    24.6029 -9.990e-29
 243.434010     -0.348  38.364172    12.8588   -0.10056     -0.345    32.6527    24.6026 -9.990e-29
 243.434016     -0.328  38.364934    12.8599   -0.10057     -0.325    32.6525    24.6022 -9.990e-29
 243.434022     -0.313  38.364341    12.8601   -0.10056     -0.310    32.6517    24.6016 -9.990e-29
 243.434028     -0.297  38.363310    12.8596   -0.10056     -0.295    32.6512    24.6013 -9.990e-29
 243.434034     -0.280  38.362733    12.8595   -0.10056     -0.278    32.6507    24.6009 -9.990e-29
 243.434039     -0.264  38.361862    12.8599   -0.10056     -0.262    32.6495    24.5999 -9.990e-29
 243.434045     -0.248  38.360682    12.8604   -0.10056     -0.246    32.6480    24.5986 -9.990e-29
 243.434051     -0.232  38.359883    12.8609   -0.10056     -0.230    32.6468    24.5976 -9.990e-29
 243.434057     -0.209  38.359545    12.8613   -0.10055     -0.207    32.6461    24.5970 -9.990e-29
 243.434063     -0.180  38.359242    12.8616   -0.10055     -0.178    32.6455    24.5965 -9.990e-29
 243.434068     -0.149  38.359153    12.8620   -0.10055     -0.148    32.6451    24.5961 -9.990e-29
 243.434074     -0.121  38.359180    12.8627   -0.10055     -0.120    32.6445    24.5955 -9.990e-29
 243.434080     -0.092  38.359382    12.8635   -0.10055     -0.091    32.6440    24.5949 -9.990e-29
 243.434086     -0.061  38.360051    12.8642   -0.10054     -0.060    32.6440    24.5948 -9.990e-29
 243.434091     -0.030  38.360421    12.8649   -0.10055     -0.030    32.6437    24.5945 -9.990e-29
 243.434097     -0.006  38.360445    12.8658   -0.10054     -0.006    32.6430    24.5937 -9.990e-29
 243.434103      0.013  38.360738    12.8667   -0.10054      0.013    32.6425    24.5931 -9.990e-29
 243.434109      0.031  38.361715    12.8676   -0.10055      0.031    32.6426    24.5931 -9.990e-29
 243.434115      0.052  38.363019    12.8685   -0.10054      0.052    32.6431    24.5933 -9.990e-29
 243.434120      0.074  38.364165    12.8695   -0.10055      0.073    32.6433    24.5932 -9.990e-29
 243.434126      0.097  38.365583    12.8703   -0.10055      0.096    32.6439    24.5936 -9.990e-29
 243.434132      0.116  38.366384    12.8709   -0.10055      0.115    32.6442    24.5936 -9.990e-29
 243.434138      0.134  38.365975    12.8714   -0.10054      0.133    32.6433    24.5929 -9.990e-29
 243.434144      0.151  38.365515    12.8716   -0.10054      0.150    32.6427    24.5924 -9.990e-29
 243.434149      0.168  38.365535    12.8717   -0.10054      0.167    32.6426    24.5923 -9.990e-29
 243.434155      0.187  38.366087    12.8720   -0.10055      0.185    32.6429    24.5924 -9.990e-29
 243.434161      0.208  38.367366    12.8726   -0.10055      0.206    32.6436    24.5929 -9.990e-29
 243.434167      0.230  38.368296    12.8729   -0.10054      0.228    32.6442    24.5933 -9.990e-29
 243.434172      0.248  38.367896    12.8723   -0.10054      0.246    32.6443    24.5935 -9.990e-29
 243.434178      0.264  38.367339    12.8714   -0.10053      0.262    32.6446    24.5939 -9.990e-29
 243.434184      0.275  38.367588    12.8711   -0.10053      0.273    32.6451    24.5943 -9.990e-29
 243.434190      0.277  38.368434    12.8715   -0.10054      0.275    32.6455    24.5946 -9.990e-29
 243.434196      0.275  38.368787    12.8720   15.20253      0.273    32.6454    24.5944 -9.990e-29
 243.434201      0.277  38.368016    12.8723   24.93055      0.275    32.6444    24.5936 -9.990e-29
 243.434207      0.288  38.367362    12.8724   26.31380      0.286    32.6437    24.5930 -9.990e-29
 243.434213      0.303  38.367656    12.8726   23.02515      0.300    32.6438    24.5930 -9.990e-29
 243.434219      0.315  38.368752    12.8732   14.90395      0.312    32.6443    24.5933 -9.990e-29
 243.434225      0.321  38.369891    12.8742   11.98529      0.318    32.6445    24.5933 -9.990e-29
 243.434230      0.326  38.369810    12.8752   12.01154      0.323    32.6436    24.5924 -9.990e-29
 243.434236      0.338  38.368423    12.8755   12.00410      0.335    32.6420    24.5911 -9.990e-29
 243.434242      0.362  38.366709    12.8745   12.01736      0.359    32.6413    24.5907 -9.990e-29
 243.434248      0.396  38.365211    12.8721   12.02840      0.393    32.6419    24.5917 -9.990e-29
 243.434253      0.428  38.363078    12.8695   12.03901      0.424    32.6421    24.5923 -9.990e-29
 243.434259      0.449  38.359728    12.8692   12.04997      0.445    32.6392    24.5901 -9.990e-29
 243.434265      0.459  38.356327    12.8709   12.05395      0.455    32.6345    24.5862 -9.990e-29
 243.434271      0.468  38.353971    12.8720   12.06053      0.464    32.6313    24.5835 -9.990e-29
 243.434277      0.480  38.352907    12.8719   12.06590      0.476    32.6304    24.5828 -9.990e-29
 243.434282      0.496  38.352860    12.8710   12.07223      0.492    32.6311    24.5835 -9.990e-29
 243.434288      0.518  38.353231    12.8701    9.87692      0.514    32.6322    24.5846 -9.990e-29
 243.434294      0.542  38.353414    12.8694    6.78000      0.537    32.6330    24.5853 -9.990e-29
 243.434300      0.562  38.353677    12.8690    5.17372      0.557    32.6336    24.5858 -9.990e-29
 243.434306      0.574  38.354391    12.8691    4.80789      0.569    32.6342    24.5863 -9.990e-29
 243.434311      0.579  38.354847    12.8703    5.83418      0.574    32.6336    24.5856 -9.990e-29
 243.434317      0.577  38.354554    12.8728    6.88892      0.572    32.6311    24.5832 -9.990e-29
 243.434323      0.574  38.353704    12.8754    7.25644      0.569    32.6281    24.5803 -9.990e-29
 243.434329      0.576  38.352870    12.8765    7.46960      0.571    32.6263    24.5787 -9.990e-29
 243.434334      0.588  38.352648    12.8762    7.59164      0.583    32.6264    24.5788 -9.990e-29
 243.434340      0.608  38.352766    12.8758    7.64570      0.603    32.6268    24.5793 -9.990e-29
 243.434346      0.626  38.352844    12.8758    7.66366      0.621    32.6269    24.5793 -9.990e-29
 243.434352      0.642  38.353006    12.8766    7.68103      0.637    32.6263    24.5787 -9.990e-29
 243.434358      0.655  38.352930    12.8777    7.70623      0.650    32.6253    24.5777 -9.990e-29
 243.434363      0.666  38.352536    12.8781    7.71768      0.660    32.6246    24.5771 -9.990e-29
 243.434369      0.676  38.352444    12.8777    7.71430      0.670    32.6248    24.5774 -9.990e-29
 243.434375      0.685  38.352553    12.8779    7.71546      0.679    32.6248    24.5773 -9.990e-29
 243.434381      0.695  38.352470    12.8792    7.70429      0.689    32.6236    24.5761 -9.990e-29
 243.434387      0.706  38.352108    12.8807    7.71228      0.700    32.6219    24.5745 -9.990e-29
 243.434392      0.718  38.351569    12.8812    7.72338      0.712    32.6210    24.5737 -9.990e-29
 243.434398      0.732  38.351279    12.8806    7.70827      0.726    32.6212    24.5740 -9.990e-29
 243.434404      0.749  38.351434    12.8801    7.69126      0.743    32.6218    24.5745 -9.990e-29
 243.434410      0.771  38.351704    12.8801    7.67965      0.765    32.6220    24.5747 -9.990e-29
 243.434416      0.799  38.351908    12.8799    7.68591      0.792    32.6224    24.5750 -9.990e-29
 243.434421      0.830  38.352341    12.8789    7.71564      0.823    32.6236    24.5762 -9.990e-29
 243.434427      0.857  38.353043    12.8780    7.71133      0.850    32.6251    24.5775 -9.990e-29
 243.434433      0.878  38.353288    12.8791    7.69505      0.871    32.6244    24.5767 -9.990e-29
 243.434439      0.895  38.352305    12.8815    7.68154      0.888    32.6213    24.5739 -9.990e-29
 243.434444      0.912  38.351046    12.8836    7.67064      0.904    32.6183    24.5712 -9.990e-29
 243.434450      0.935  38.350844    12.8841    7.68173      0.927    32.6177    24.5706 -9.990e-29
 243.434456      0.962  38.351445    12.8823    7.69272      0.954    32.6198    24.5726 -9.990e-29
 243.434462      0.985  38.352166    12.8798    7.69610      0.977    32.6226    24.5753 -9.990e-29
 243.434468      0.998  38.352857    12.8778    7.69745      0.990    32.6250    24.5775 -9.990e-29
 243.434473      1.000  38.353513    12.8762    7.68801      0.992    32.6270    24.5794 -9.990e-29
 243.434479      1.002  38.353891    12.8753    7.69316      0.994    32.6282    24.5804 -9.990e-29
 243.434485      1.007  38.353941    12.8740    7.70473      0.999    32.6293    24.5816 -9.990e-29
 243.434491      1.015  38.354295    12.8714    7.69420      1.007    32.6319    24.5841 -9.990e-29
 243.434497      1.028  38.355432    12.8687    7.69212      1.019    32.6353    24.5872 -9.990e-29
 243.434502      1.041  38.356629    12.8668    7.68014      1.032    32.6381    24.5897 -9.990e-29
 243.434508      1.051  38.357244    12.8647    7.69757      1.042    32.6405    24.5920 -9.990e-29
 243.434514      1.064  38.357542    12.8621    7.71344      1.055    32.6430    24.5945 -9.990e-29
 243.434520      1.083  38.357924    12.8599    7.71427      1.074    32.6452    24.5966 -9.990e-29
 243.434525      1.107  38.358345    12.8595    7.69929      1.098    32.6460    24.5973 -9.990e-29
 243.434531      1.127  38.358252    12.8613    7.67900      1.118    32.6443    24.5957 -9.990e-29
 243.434537      1.142  38.357523    12.8634    7.67377      1.132    32.6418    24.5933 -9.990e-29
 243.434543      1.157  38.356875    12.8639    7.69136      1.147    32.6408    24.5924 -9.990e-29
 243.434549      1.176  38.356574    12.8634    7.70526      1.166    32.6409    24.5926 -9.990e-29
 243.434554      1.196  38.356225    12.8635    7.69646      1.186    32.6405    24.5923 -9.990e-29
 243.434560      1.211  38.355929    12.8646    7.68178      1.201    32.6392    24.5911 -9.990e-29
 243.434566      1.216  38.355856    12.8664    7.67042      1.206    32.6376    24.5895 -9.990e-29
 243.434572      1.218  38.355914    12.8686    7.68164      1.208    32.6358    24.5876 -9.990e-29
 243.434578      1.219  38.355627    12.8706    7.68514      1.209    32.6338    24.5857 -9.990e-29
 243.434583      1.220  38.354618    12.8721    7.67736      1.210    32.6315    24.5836 -9.990e-29
 243.434589      1.221  38.353793    12.8730    7.67515      1.211    32.6300    24.5823 -9.990e-29
 243.434595      1.222  38.353738    12.8734    7.66633      1.212    32.6296    24.5819 -9.990e-29
 243.434601      1.224  38.353827    12.8737    7.67033      1.214    32.6294    24.5817 -9.990e-29
 243.434606      1.226  38.353623    12.8744    7.66811      1.216    32.6286    24.5809 -9.990e-29
 243.434612      1.228  38.353422    12.8755    7.66803      1.218    32.6274    24.5798 -9.990e-29
 243.434618      1.231  38.353522    12.8767    7.66375      1.221    32.6265    24.5789 -9.990e-29
 243.434624      1.235  38.353501    12.8774    7.66875      1.225    32.6259    24.5782 -9.990e-29
 243.434630      1.239  38.353336    12.8774    7.66666      1.229    32.6257    24.5781 -9.990e-29
 243.434635      1.249  38.353375    12.8771    7.65963      1.239    32.6260    24.5784 -9.990e-29
 243.434641      1.270  38.353679    12.8771    7.65613      1.259    32.6263    24.5786 -9.990e-29
 243.434647      1.298  38.354097    12.8775    7.64438      1.287    32.6263    24.5786 -9.990e-29
