data/oxygen options/OCNMS/OCNMS2/raw_data/2005/CTD_CA40_060705faed.cnv
* Sea-Bird SBE19 Data File:
* FileName = C:\hypoxia CTD data\CA40_060705.hex
* Software Version 1.1.5
* Temperature SN = 2997
* Conductivity SN = 2997
* System UpLoad Time = Jun 07 2005 15:41:56
* SEACAT PROFILER V3.1c SN 2997   06/07/05  15:40:51.488
* strain gauge pressure sensor: S/N = 184829,  range = 3000 psia,  tc = 40
# nquan = 9                                 
# nvalues = 593                         
# units = specified
# name 0 = timeJ: Julian Days
# name 1 = prSM: Pressure, Strain Gauge [db]
# name 2 = c0mS/cm: Conductivity [mS/cm]
# name 3 = t090C: Temperature [ITS-90, deg C]
# name 4 = oxML/L: Oxygen, Beckman/YSI [ml/l]
# name 5 = depSM: Depth [salt water, m], lat = 47.5
# name 6 = sal00: Salinity, Practical [PSU]
# name 7 = sigma-é00: Density [sigma-theta, kg/m^3]
# name 8 = flag: flag
# span 0 = 158.619352, 158.622778       
# span 1 =     -3.660,     38.632       
# span 2 =   0.922695,  37.417346       
# span 3 =     9.7688,    14.0787       
# span 4 =  -14.33429,   26.00364       
# span 5 =     -3.629,     38.306       
# span 6 =     0.6486,    32.5708       
# span 7 =    -0.1967,    25.0941       
# span 8 = 0.0000e+00, 0.0000e+00       
# interval = seconds: 0.5
# start_time = Jun 07 2005 14:51:52 [Instrument's time stamp, header]
# bad_flag = -9.990e-29
*END*
[from data line 481]
 158.622135     36.716  35.518462     9.7847    4.10040     36.406    32.5584    25.0821 0.0000e+00
 158.622141     36.371  35.519622     9.7868    4.10720     36.064    32.5578    25.0813 0.0000e+00
 158.622147     36.006  35.520492     9.7892    4.10539     35.702    32.5567    25.0800 0.0000e+00
 158.622153     35.625  35.521104     9.7919    4.10473     35.325    32.5551    25.0783 0.0000e+00
 158.622159     35.232  35.521336     9.7953    4.10580     34.935    32.5524    25.0756 0.0000e+00
 158.622164     34.825  35.521494     9.8000    4.12451     34.531    32.5485    25.0718 0.0000e+00
 158.622170     34.403  35.522536     9.8051    4.14296     34.113    32.5451    25.0683 0.0000e+00
 158.622176     33.972  35.524171     9.8084    4.15707     33.686    32.5440    25.0669 0.0000e+00
 158.622182     33.537  35.524844     9.8123    4.17184     33.254    32.5414    25.0642 0.0000e+00
 158.622188     33.094  35.525455     9.8257    4.18041     32.815    32.5301    25.0532 0.0000e+00
 158.622193     32.649  35.529622     9.8533    4.19117     32.374    32.5096    25.0327 0.0000e+00
 158.622199     32.214  35.538979     9.8829    4.19473     31.943    32.4926    25.0145 0.0000e+00
 158.622205     31.789  35.549186     9.8984    4.19198     31.521    32.4892    25.0093 0.0000e+00
 158.622211     31.378  35.554238     9.8998    4.19754     31.114    32.4933    25.0122 0.0000e+00
 158.622216     30.980  35.554152     9.8967    4.20863     30.719    32.4962    25.0150 0.0000e+00
 158.622222     30.588  35.552740     9.8955    4.22324     30.330    32.4960    25.0150 0.0000e+00
 158.622228     30.197  35.552046     9.8989    4.23748     29.943    32.4924    25.0117 0.0000e+00
 158.622234     29.804  35.552827     9.9110    4.27321     29.553    32.4824    25.0019 0.0000e+00
 158.622240     29.406  35.556686     9.9356    4.30105     29.159    32.4644    24.9838 0.0000e+00
 158.622245     28.997  35.564846     9.9687    4.35248     28.753    32.4431    24.9617 0.0000e+00
 158.622251     28.566  35.574735    10.0069    4.38314     28.326    32.4190    24.9366 0.0000e+00
 158.622257     28.102  35.584965    10.0463    4.39847     27.866    32.3943    24.9107 0.0000e+00
 158.622263     27.610  35.595166    10.0755    4.40336     27.378    32.3786    24.8936 0.0000e+00
 158.622269     27.104  35.601567    10.0904    4.41170     26.876    32.3720    24.8860 0.0000e+00
 158.622274     26.601  35.604304    10.0953    4.41224     26.377    32.3706    24.8841 0.0000e+00
 158.622280     26.106  35.605913    10.0953    4.41260     25.886    32.3724    24.8855 0.0000e+00
 158.622286     25.623  35.606863    10.0962    4.42049     25.408    32.3728    24.8856 0.0000e+00
 158.622292     25.149  35.607300    10.1003    4.43474     24.938    32.3698    24.8826 0.0000e+00
 158.622297     24.682  35.607249    10.1096    4.45546     24.475    32.3616    24.8746 0.0000e+00
 158.622303     24.220  35.607205    10.1269    4.46794     24.016    32.3463    24.8598 0.0000e+00
 158.622309     23.765  35.607672    10.1471    4.46999     23.565    32.3289    24.8429 0.0000e+00
 158.622315     23.317  35.608154    10.1605    4.47686     23.121    32.3177    24.8318 0.0000e+00
 158.622321     22.882  35.608180    10.1664    4.50495     22.690    32.3126    24.8269 0.0000e+00
 158.622326     22.459  35.608350    10.1700    4.54633     22.270    32.3098    24.8241 0.0000e+00
 158.622332     22.036  35.608894    10.1746    4.58759     21.851    32.3064    24.8207 0.0000e+00
 158.622338     21.610  35.609419    10.1843    4.59776     21.429    32.2985    24.8128 0.0000e+00
 158.622344     21.177  35.610065    10.2082    4.63128     20.999    32.2780    24.7929 0.0000e+00
 158.622350     20.738  35.612257    10.2577    4.67494     20.564    32.2364    24.7521 0.0000e+00
 158.622355     20.292  35.620601    10.3317    4.79374     20.122    32.1793    24.6952 0.0000e+00
 158.622361     19.842  35.638378    10.4087    4.95424     19.675    32.1292    24.6431 0.0000e+00
 158.622367     19.390  35.661829    10.4547    5.10564     19.227    32.1123    24.6221 0.0000e+00
 158.622373     18.940  35.677384    10.4680    5.27554     18.781    32.1163    24.6230 0.0000e+00
 158.622378     18.489  35.680570    10.5255    5.45794     18.334    32.0690    24.5763 0.0000e+00
 158.622384     18.027  35.698631    10.7114    5.62025     17.876    31.9242    24.4318 0.0000e+00
 158.622390     17.549  35.773026    10.9875    5.76281     17.402    31.7581    24.2546 0.0000e+00
 158.622396     17.063  35.893053    11.2332    5.83730     16.920    31.6645    24.1387 0.0000e+00
 158.622402     16.581  35.993950    11.3937    5.86237     16.442    31.6258    24.0801 0.0000e+00
 158.622407     16.115  36.052190    11.4666    5.85989     15.980    31.6204    24.0629 0.0000e+00
 158.622413     15.675  36.079310    11.4764    5.83212     15.544    31.6387    24.0753 0.0000e+00
 158.622419     15.260  36.085707    11.4890    5.84450     15.132    31.6343    24.0697 0.0000e+00
 158.622425     14.864  36.095059    11.5282    5.86953     14.739    31.6101    24.0438 0.0000e+00
 158.622431     14.468  36.115905    11.5836    5.95507     14.347    31.5833    24.0130 0.0000e+00
 158.622436     14.061  36.145201    11.6639    6.07058     13.943    31.5435    23.9676 0.0000e+00
 158.622442     13.638  36.185010    11.7566    6.20215     13.524    31.5036    23.9198 0.0000e+00
 158.622448     13.197  36.227862    11.8513    6.37296     13.086    31.4650    23.8726 0.0000e+00
 158.622454     12.737  36.275958    11.9833    6.56461     12.630    31.4002    23.7981 0.0000e+00
 158.622459     12.258  36.347464    12.1830    6.77520     12.155    31.3014    23.6846 0.0000e+00
 158.622465     11.763  36.452506    12.4233    6.97344     11.664    31.2015    23.5623 0.0000e+00
 158.622471     11.260  36.575272    12.6642    7.12617     11.166    31.1187    23.4526 0.0000e+00
 158.622477     10.759  36.687151    12.9046    7.23762     10.669    31.0266    23.3354 0.0000e+00
 158.622483     10.267  36.788199    13.1312    7.28968     10.181    30.9364    23.2218 0.0000e+00
 158.622488      9.787  36.881969    13.2992    7.30662      9.705    30.8875    23.1512 0.0000e+00
 158.622494      9.322  36.944366    13.3849    7.29766      9.244    30.8763    23.1257 0.0000e+00
 158.622500      8.877  36.965538    13.4097    7.27458      8.803    30.8760    23.1206 0.0000e+00
 158.622506      8.454  36.967018    13.4104    7.24985      8.383    30.8770    23.1212 0.0000e+00
 158.622512      8.046  36.967055    13.4151    7.22521      7.979    30.8734    23.1175 0.0000e+00
 158.622517      7.650  36.970184    13.4379    7.23425      7.586    30.8580    23.1011 0.0000e+00
 158.622523      7.270  36.978896    13.4679    7.27209      7.209    30.8420    23.0828 0.0000e+00
 158.622529      6.911  36.990225    13.4906    7.34808      6.853    30.8343    23.0724 0.0000e+00
 158.622535      6.573  37.003022    13.5028    7.37379      6.518    30.8364    23.0716 0.0000e+00
 158.622541      6.251  37.014730    13.5105    7.33657      6.199    30.8412    23.0737 0.0000e+00
 158.622546      5.941  37.022458    13.5421    7.27935      5.891    30.8229    23.0534 0.0000e+00
 158.622552      5.646  37.044364    13.6202    7.25388      5.599    30.7804    23.0050 0.0000e+00
 158.622558      5.371  37.100681    13.7103    7.30131      5.326    30.7601    22.9714 0.0000e+00
 158.622564      5.126  37.166120    13.7493    7.36510      5.083    30.7892    22.9860 0.0000e+00
 158.622569      4.911  37.188873    13.7319    7.38831      4.870    30.8242    23.0165 0.0000e+00
 158.622575      4.709  37.168458    13.7120    7.35974      4.670    30.8215    23.0184 0.0000e+00
 158.622581      4.494  37.150565    13.7333    7.31883      4.456    30.7879    22.9883 0.0000e+00
 158.622587      4.257  37.163483    13.7971    7.25494      4.221    30.7487    22.9452 0.0000e+00
 158.622593      4.003  37.205360    13.8705    7.21283      3.970    30.7286    22.9149 0.0000e+00
 158.622598      3.743  37.255768    13.9196    7.15215      3.712    30.7357    22.9105 0.0000e+00
 158.622604      3.486  37.289961    13.9404    7.01204      3.457    30.7505    22.9177 0.0000e+00
 158.622610      3.236  37.301950    13.9509    6.85037      3.209    30.7532    22.9177 0.0000e+00
 158.622616      2.995  37.307172    13.9599    6.62554      2.970    30.7509    22.9141 0.0000e+00
 158.622622      2.764  37.313712    13.9661    6.53715      2.741    30.7520    22.9137 0.0000e+00
 158.622627      2.546  37.317394    13.9760    6.55011      2.525    30.7475    22.9082 0.0000e+00
 158.622633      2.340  37.322007    13.9899    6.40315      2.320    30.7407    22.9002 0.0000e+00
 158.622639      2.150  37.323609    13.9957    7.36121      2.132    30.7376    22.8966 0.0000e+00
 158.622645      1.989  37.310879    13.9830    7.23244      1.972    30.7362    22.8980 0.0000e+00
 158.622650      1.860  37.289843    13.9522    7.17926      1.844    30.7416    22.9084 -9.990e-29
 158.622656      1.754  37.270032    13.9155    7.27204      1.739    30.7528    22.9245 -9.990e-29
 158.622662      1.665  37.245778    13.8821    7.39064      1.651    30.7573    22.9347 -9.990e-29
 158.622668      1.592  37.195953    13.8503   -6.14748      1.579    30.7370    22.9254 -9.990e-29
 158.622674      1.538  37.078791    13.8175  -13.49372      1.525    30.6556    22.8692 -9.990e-29
 158.622679      1.500  36.779573    13.7871  -14.33429      1.487    30.4048    22.6817 -9.990e-29
 158.622685      1.471  35.931302    13.7619  -10.44849      1.459    29.6465    22.1015 -9.990e-29
 158.622691      1.454  33.419210    13.7405   -1.79565      1.442    27.3730    20.3524 -9.990e-29
 158.622697      1.452  25.913463    13.7239   -0.25985      1.440    20.6901    15.2098 -9.990e-29
 158.622703      1.460  14.480904    13.7143   -0.17873      1.448    10.9725     7.7427 -9.990e-29
 158.622708      1.476   6.447332    13.7098   -0.14053      1.464     4.5907     2.8350 -9.990e-29
 158.622714      1.499   3.320924    13.7066   -0.12484      1.486     2.2644     1.0411 -9.990e-29
 158.622720      1.522   2.057568    13.7012   -0.12042      1.509     1.3654     0.3467 -9.990e-29
 158.622726      1.539   1.594427    13.6930 -9.990e-29      1.526     1.0444     0.0992 -9.990e-29
 158.622731      1.551   1.514306    13.6845 -9.990e-29      1.538     0.9896     0.0579 -9.990e-29
 158.622737      1.559   1.547795    13.6760 -9.990e-29      1.546     1.0128     0.0770 -9.990e-29
 158.622743      1.566   1.522027    13.6668 -9.990e-29      1.553     0.9953     0.0648 -9.990e-29
 158.622749      1.579   1.417628    13.6566 -9.990e-29      1.566     0.9241     0.0110 -9.990e-29
 158.622755      1.593   1.292391    13.6447 -9.990e-29      1.580     0.8390    -0.0534 -9.990e-29
 158.622760      1.602   1.191847    13.6311 -9.990e-29      1.589     0.7711    -0.1042 -9.990e-29
 158.622766      1.604   1.106218    13.6182 -9.990e-29      1.591     0.7135    -0.1471 -9.990e-29
 158.622772      1.606   1.009542    13.6124 -9.990e-29      1.593     0.6486    -0.1967 -9.990e-29
 158.622778      1.606   0.922695 -9.990e-29 -9.990e-29      1.593 -9.990e-29 -9.990e-29 -9.990e-29
