data/oxygen options/OCNMS/OCNMS2/raw_data/2005/CTD_CA20_052405faedb.cnv
* Sea-Bird SBE19 Data File:
* FileName = C:\Documents and Settings\kirner.PTANGELES\Desktop\hypoxia CTD data\CA20_052405.hex
* Software Version 1.1.5
* Temperature SN = 2997
* Conductivity SN = 2997
* System UpLoad Time = May 24 2005 15:21:11
* SEACAT PROFILER V3.1c SN 2997   05/24/05  15:20:23.188
* strain gauge pressure sensor: S/N = 184829,  range = 3000 psia,  tc = 40
# nquan = 9
# nvalues = 23                          
# units = specified
# name 0 = timeJ: Julian Days
# name 1 = prSM: Pressure, Strain Gauge [db]
# name 2 = c0mS/cm: Conductivity [mS/cm]
# name 3 = t090C: Temperature [ITS-90, deg C]
# name 4 = oxML/L: Oxygen, Beckman/YSI [ml/l]
# name 5 = depSM: Depth [salt water, m], lat = 47.5
# name 6 = sal00: Salinity, Practical [PSU]
# name 7 = sigma-é00: Density [sigma-theta, kg/m^3]
# name 8 = flag: flag
# span 0 = 144.509115, 144.509495       
# span 1 =      2.000,     24.000       
# span 2 =  33.238844,  36.161097       
# span 3 =    11.9026,    14.2140       
# span 4 =    5.59337,    5.82061       
# span 5 =      1.983,     23.798       
# span 6 =    26.8767,    31.3524       
# span 7 =    19.8778,    23.7761       
# span 8 = 0.0000e+00, 0.0000e+00       
# interval = decibars: 1                
# start_time = May 24 2005 12:09:53 [Instrument's time stamp, header]
# bad_flag = -9.990e-29
*END*
 144.509115      2.000  33.238844    14.2140    5.82061      1.983    26.8767    19.8778 0.0000e+00
 144.509144      3.000  33.266598    13.9840    5.79578      2.975    27.0627    20.0660 0.0000e+00
 144.509168      4.000  33.381825    13.7299    5.71261      3.967    27.3462    20.3338 0.0000e+00
 144.509189      5.000  33.809438    13.4313    5.59337      4.958    27.9512    20.8579 0.0000e+00
 144.509208      6.000  34.406583    13.0891    5.66006      5.950    28.7550    21.5438 0.0000e+00
 144.509226      7.000  34.943981    12.9053    5.60491      6.942    29.3948    22.0731 0.0000e+00
 144.509245      8.000  35.116702    12.7819    5.63034      7.933    29.6529    22.2960 0.0000e+00
 144.509262      9.000  35.551204    12.5835    5.66309      8.925    30.2185    22.7710 0.0000e+00
 144.509280     10.000  35.709279    12.5067    5.65969      9.916    30.4287    22.9481 0.0000e+00
 144.509297     11.000  35.768343    12.4367    5.67135     10.908    30.5410    23.0481 0.0000e+00
 144.509313     12.000  35.902624    12.3307    5.66955     11.900    30.7547    23.2335 0.0000e+00
 144.509328     13.000  35.986168    12.2429    5.69047     12.891    30.9062    23.3672 0.0000e+00
 144.509342     14.000  36.053201    12.1660    5.71331     13.883    31.0334    23.4800 0.0000e+00
 144.509356     15.000  36.080308    12.1253    5.71479     14.874    31.0927    23.5335 0.0000e+00
 144.509370     16.000  36.083123    12.1188    5.71102     15.866    31.1004    23.5408 0.0000e+00
 144.509384     17.000  36.084676    12.1066    5.69685     16.858    31.1116    23.5517 0.0000e+00
 144.509397     18.000  36.099985    12.0811    5.66813     17.849    31.1472    23.5840 0.0000e+00
 144.509412     19.000  36.114517    12.0474    5.64703     18.841    31.1888    23.6225 0.0000e+00
 144.509426     20.000  36.131347    11.9751    5.64413     19.832    31.2651    23.6950 0.0000e+00
 144.509441     21.000  36.149151    11.9231    5.64433     20.824    31.3255    23.7514 0.0000e+00
 144.509456     22.000  36.157862    11.9026    5.65417     21.815    31.3507    23.7747 0.0000e+00
 144.509472     23.000  36.160130    11.9026    5.66694     22.807    31.3524    23.7761 0.0000e+00
 144.509495     24.000  36.161097    11.9086    5.66976     23.798    31.3480    23.7715 0.0000e+00
