data/oxygen options/ONMS/Olympic_Coast_National_Marine_Sanctuary_Hypoxia_Survey_CTD_Data_2004_2015/raw_data/2006/CTD_TH035_081706faed.cnv
* Sea-Bird SBE19 Data File:
* FileName = C:\Hypoxia_Data_2006\CTD_TH035_081606.hex
* Software Version 1.1.6
* Temperature SN = 2997
* Conductivity SN = 2997
* System UpLoad Time = Aug 17 2006 09:15:07
* SEACAT PROFILER V3.1c SN 2997   08/17/06  09:14:31.011
* strain gauge pressure sensor: S/N = 184829,  range = 3000 psia,  tc = 40
# nquan = 9                                 
# nvalues = 610                         
# units = specified
# name 0 = timeJ: Julian Days
# name 1 = prSM: Pressure, Strain Gauge [db]
# name 2 = c0mS/cm: Conductivity [mS/cm]
# name 3 = t090C: Temperature [ITS-90, deg C]
# name 4 = oxML/L: Oxygen, Beckman/YSI [ml/l]
# name 5 = depSM: Depth [salt water, m], lat = 47.5
# name 6 = sal00: Salinity, Practical [PSU]
# name 7 = sigma-é00: Density [sigma-theta, kg/m^3]
# name 8 = flag: flag
# span 0 = 229.380231, 229.383756       
# span 1 =     -4.967,     35.866       
# span 2 =   0.421664,  36.799001       
# span 3 =     7.9339,    18.2301       
# span 4 =   -3.72892,   39.57037       
# span 5 =     -4.926,     35.564       
# span 6 =     0.2767,    33.6460       
# span 7 =    -0.2304,    26.2204       
# span 8 = 0.0000e+00, 0.0000e+00       
# interval = seconds: 0.5
# start_time = Aug 17 2006 09:07:32 [Instrument's time stamp, header]
# bad_flag = -9.990e-29
*END*
[from data line 161]
 229.381163      0.897  36.562219    10.4398    5.16040      0.890    33.0366    25.3446 -9.990e-29
 229.381169      0.910  36.563800    10.4403    5.20501      0.902    33.0377    25.3454 -9.990e-29
 229.381175      0.924  36.564928    10.4405    5.24420      0.916    33.0387    25.3461 -9.990e-29
 229.381181      0.937  36.565425    10.4432    5.29441      0.929    33.0367    25.3441 -9.990e-29
 229.381186      0.944  36.565954    10.4527    5.32676      0.936    33.0286    25.3362 -9.990e-29
 229.381192      0.947  36.567784    10.4776    5.34929      0.939    33.0078    25.3157 -9.990e-29
 229.381198      0.945  36.571671    10.5147    5.35056      0.937    32.9781    25.2862 -9.990e-29
 229.381204      0.942  36.577753    10.5418    5.35308      0.934    32.9597    25.2671 -9.990e-29
 229.381209      0.947  36.585171    10.5406    5.37352      0.939    32.9682    25.2740 -9.990e-29
 229.381215      0.965  36.590365    10.5135    5.39828      0.957    32.9979    25.3018 -9.990e-29
 229.381221      0.991  36.585122    10.4887    5.40275      0.983    33.0152    25.3195 -9.990e-29
 229.381227      1.016  36.572549    10.4951    5.40366      1.008    32.9967    25.3040 -9.990e-29
 229.381233      1.028  36.569529    10.5245    5.40230      1.019    32.9671    25.2758 -9.990e-29
 229.381238      1.028  36.578760    10.5505    5.41022      1.019    32.9528    25.2602 -9.990e-29
 229.381244      1.023  36.590678    10.5638    5.41775      1.014    32.9527    25.2579 -9.990e-29
 229.381250      1.023  36.598185    10.5688    5.42498      1.014    32.9557    25.2594 -9.990e-29
 229.381256      1.032  36.598959    10.5690    5.43821      1.023    32.9563    25.2598 -9.990e-29
 229.381262      1.041  36.598521    10.5675    5.43804      1.032    32.9572    25.2608 -9.990e-29
 229.381267      1.044  36.601337    10.5653    5.43481      1.035    32.9620    25.2649 -9.990e-29
 229.381273      1.043  36.604431    10.5600    5.44796      1.034    32.9699    25.2719 -9.990e-29
 229.381279      1.044  36.605197    10.5520    5.44669      1.035    32.9779    25.2796 -9.990e-29
 229.381285      1.046  36.603539    10.5459    5.44407      1.037    32.9818    25.2836 -9.990e-29
 229.381291      1.050  36.600049    10.5451    5.44210      1.041    32.9790    25.2816 -9.990e-29
 229.381296      1.056  36.598488    10.5486    5.44528      1.047    32.9743    25.2773 -9.990e-29
 229.381302      1.063  36.599579    10.5494    5.44688      1.054    32.9746    25.2775 -9.990e-29
 229.381308      1.074  36.598607    10.5412    5.45949      1.065    32.9811    25.2839 -9.990e-29
 229.381314      1.088  36.595400    10.5276    5.46657      1.079    32.9902    25.2933 -9.990e-29
 229.381319      1.106  36.594099    10.5187    5.46320      1.097    32.9969    25.3001 -9.990e-29
 229.381325      1.125  36.595213    10.5204    5.46636      1.116    32.9965    25.2995 -9.990e-29
 229.381331      1.142  36.597419    10.5299    5.46242      1.132    32.9901    25.2929 -9.990e-29
 229.381337      1.159  36.600852    10.5394    5.47898      1.149    32.9849    25.2872 -9.990e-29
 229.381343      1.176  36.603924    10.5454    5.49125      1.166    32.9826    25.2843 -9.990e-29
 229.381348      1.194  36.603442    10.5493    5.50274      1.184    32.9785    25.2805 -9.990e-29
 229.381354      1.205  36.598764    10.5529    5.51194      1.195    32.9706    25.2737 -9.990e-29
 229.381360      1.203  36.597117    10.5569    5.50524      1.193    32.9653    25.2689 -9.990e-29
 229.381366      1.192  36.603600    10.5624    5.49438      1.182    32.9668    25.2691 -9.990e-29
 229.381372      1.178  36.612834    10.5722    5.47627      1.168    32.9672    25.2678 -9.990e-29
 229.381377      1.170  36.622553    10.5845    5.48334      1.160    32.9658    25.2645 -9.990e-29
 229.381383      1.171  36.630010    10.5876    5.48747      1.161    32.9705    25.2676 -9.990e-29
 229.381389      1.182  36.627202    10.5707    5.49401      1.172    32.9830    25.2803 -9.990e-29
 229.381395      1.203  36.613757    10.5468    5.48392      1.193    32.9911    25.2908 -9.990e-29
 229.381400      1.228  36.599794    10.5429    5.47467      1.218    32.9807    25.2833 -9.990e-29
 229.381406      1.244  36.596423    10.5598    5.46846      1.234    32.9620    25.2658 -9.990e-29
 229.381412      1.252  36.603069    10.5752    5.48143      1.242    32.9547    25.2575 -9.990e-29
 229.381418      1.263  36.611766    10.5775    5.50042      1.252    32.9613    25.2622 -9.990e-29
 229.381424      1.280  36.616169    10.5717    5.50980      1.269    32.9710    25.2708 -9.990e-29
 229.381429      1.301  36.613177    10.5683    5.50246      1.290    32.9710    25.2714 -9.990e-29
 229.381435      1.319  36.608901    10.5698    5.49249      1.308    32.9654    25.2667 -9.990e-29
 229.381441      1.330  36.609976    10.5740    5.47190      1.319    32.9627    25.2639 -9.990e-29
 229.381447      1.339  36.613347    10.5785    5.47293      1.328    32.9620    25.2626 -9.990e-29
 229.381453      1.351  36.615661    10.5778    5.47474      1.340    32.9649    25.2650 -9.990e-29
 229.381458      1.367  36.616078    10.5674    5.48463      1.356    32.9747    25.2744 -9.990e-29
 229.381464      1.388  36.611231    10.5488    5.48499      1.376    32.9867    25.2870 -9.990e-29
 229.381470      1.411  36.598022    10.5329    5.48927      1.399    32.9879    25.2906 -9.990e-29
 229.381476      1.429  36.584643    10.5316    5.47620      1.417    32.9756    25.2813 -9.990e-29
 229.381481      1.438  36.584101    10.5411    5.45583      1.426    32.9665    25.2725 -9.990e-29
 229.381487      1.440  36.592305    10.5499    5.46302      1.428    32.9667    25.2712 -9.990e-29
 229.381493      1.439  36.598881    10.5543    5.47643      1.427    32.9693    25.2725 -9.990e-29
 229.381499      1.442  36.603065    10.5548    5.49468      1.430    32.9731    25.2753 -9.990e-29
 229.381505      1.456  36.604832    10.5510    5.50482      1.444    32.9783    25.2800 -9.990e-29
 229.381510      1.476  36.600368    10.5452    5.48963      1.464    32.9790    25.2816 -9.990e-29
 229.381516      1.494  36.593820    10.5436    5.48774      1.482    32.9739    25.2779 -9.990e-29
 229.381522      1.509  36.594405    10.5476    5.47163      1.496    32.9709    25.2749 -9.990e-29
 229.381528      1.520  36.598978    10.5505    5.45439      1.507    32.9728    25.2759 -9.990e-29
 229.381534      1.529  36.601296    10.5458    5.44264      1.516    32.9794    25.2818 -9.990e-29
 229.381539      1.540  36.600525    10.5333    5.43919      1.527    32.9899    25.2922 -9.990e-29
 229.381545      1.559  36.595641    10.5143    5.46179      1.546    33.0023    25.3050 -9.990e-29
 229.381551      1.581  36.586304    10.4913    5.47830      1.568    33.0137    25.3179 -9.990e-29
 229.381557      1.601  36.573524    10.4751    5.48357      1.588    33.0156    25.3222 -9.990e-29
 229.381563      1.611  36.562695    10.4756    5.48915      1.598    33.0043    25.3133 -9.990e-29
 229.381568      1.607  36.562932    10.4885    5.48403      1.594    32.9928    25.3021 -9.990e-29
 229.381574      1.593  36.573986    10.5020    5.47061      1.580    32.9917    25.2989 -9.990e-29
 229.381580      1.577  36.585358    10.5118    5.47548      1.564    32.9942    25.2992 -9.990e-29
 229.381586      1.563  36.592022    10.5199    5.47908      1.550    32.9935    25.2973 -9.990e-29
 229.381591      1.552  36.596698    10.5234    5.48300      1.539    32.9951    25.2979 -9.990e-29
 229.381597      1.555  36.598893    10.5158    5.49621      1.542    33.0042    25.3063 -9.990e-29
 229.381603      1.569  36.593125    10.5017    5.48299      1.556    33.0111    25.3141 -9.990e-29
 229.381609      1.589  36.582925    10.4945    5.46410      1.576    33.0074    25.3125 -9.990e-29
 229.381615      1.606  36.579370    10.4974    5.46831      1.593    33.0012    25.3072 -9.990e-29
 229.381620      1.618  36.582765    10.5017    5.47701      1.604    33.0007    25.3060 -9.990e-29
 229.381626      1.629  36.586418    10.5010    5.48489      1.615    33.0050    25.3095 -9.990e-29
 229.381632      1.645  36.586790    10.4997    5.49029      1.631    33.0066    25.3109 -9.990e-29
 229.381638      1.662  36.582136    10.5034    5.47694      1.648    32.9985    25.3040 -9.990e-29
 229.381644      1.673  36.576909    10.5106    5.47273      1.659    32.9868    25.2936 -9.990e-29
 229.381649      1.674  36.577600    10.5175    5.48229      1.660    32.9812    25.2881 -9.990e-29
 229.381655      1.665  36.582890    10.5201    5.47861      1.651    32.9842    25.2899 -9.990e-29
 229.381661      1.650  36.588617    10.5153    5.48829      1.636    32.9943    25.2986 -9.990e-29
 229.381667      1.636  36.590639    10.5059    5.48784      1.622    33.0048    25.3085 -9.990e-29
 229.381672      1.628  36.588291    10.5003    5.48144      1.614    33.0075    25.3116 -9.990e-29
 229.381678      1.624  36.587417    10.5017    5.48076      1.610    33.0054    25.3097 -9.990e-29
 229.381684      1.623  36.589657    10.5050    5.47530      1.609    33.0047    25.3085 -9.990e-29
 229.381690      1.627  36.591265    10.5047    5.47699      1.613    33.0065    25.3100 -9.990e-29
 229.381696      1.636  36.591022    10.4999    5.48179      1.622    33.0106    25.3141 -9.990e-29
 229.381701      1.649  36.588609    10.4929    5.47498      1.635    33.0146    25.3183 -9.990e-29
 229.381707      1.668  36.584736    10.4874    5.46626      1.654    33.0157    25.3201 -9.990e-29
 229.381713      1.689  36.582651    10.4835    5.46315      1.675    33.0171    25.3219 -9.990e-29
 229.381719      1.706  36.581820    10.4780    5.45703      1.692    33.0212    25.3261 -9.990e-29
 229.381725      1.720  36.579451    10.4724    5.43812      1.706    33.0239    25.3292 -9.990e-29
 229.381730      1.731  36.577434    10.4718    5.42835      1.717    33.0224    25.3281 -9.990e-29
 229.381736      1.731  36.578128    10.4749    5.42885      1.717    33.0203    25.3259 -9.990e-29
 229.381742      1.725  36.580215    10.4754    5.43061      1.711    33.0220    25.3271 -9.990e-29
 229.381748      1.726  36.581432    10.4717    5.43941      1.712    33.0266    25.3313 -9.990e-29
 229.381753      1.737  36.581162    10.4679    5.43457      1.722    33.0297    25.3344 -9.990e-29
 229.381759      1.755  36.580167    10.4674    5.44779      1.740    33.0292    25.3341 -9.990e-29
 229.381765      1.768  36.579928    10.4685    5.46002      1.753    33.0279    25.3329 -9.990e-29
 229.381771      1.769  36.580684    10.4665    5.47144      1.754    33.0305    25.3353 -9.990e-29
 229.381777      1.767  36.580642    10.4618    5.47557      1.752    33.0347    25.3394 -9.990e-29
 229.381782      1.769  36.579747    10.4582    5.44684      1.754    33.0371    25.3419 -9.990e-29
 229.381788      1.771  36.579052    10.4570    5.43375      1.756    33.0375    25.3424 -9.990e-29
 229.381794      1.770  36.578189    10.4591    5.42979      1.755    33.0347    25.3398 -9.990e-29
 229.381800      1.770  36.577693    10.4637    5.43630      1.755    33.0300    25.3354 -9.990e-29
 229.381806      1.779  36.578026    10.4623    5.44840      1.764    33.0316    25.3369 -9.990e-29
 229.381811      1.797  36.574586    10.4523    5.45163      1.782    33.0373    25.3430 -9.990e-29
 229.381817      1.813  36.566155    10.4450    5.44970      1.798    33.0354    25.3428 -9.990e-29
 229.381823      1.820  36.561684    10.4441    5.44832      1.805    33.0317    25.3401 -9.990e-29
 229.381829      1.822  36.564186    10.4445    5.44042      1.807    33.0339    25.3417 -9.990e-29
 229.381834      1.824  36.568581    10.4466    5.44239      1.809    33.0364    25.3433 -9.990e-29
 229.381840      1.825  36.572881    10.4517    5.45364      1.810    33.0361    25.3422 -9.990e-29
 229.381846      1.826  36.576089    10.4556    5.46615      1.811    33.0358    25.3413 -9.990e-29
 229.381852      1.827  36.576874    10.4530    5.47656      1.812    33.0389    25.3442 -9.990e-29
 229.381858      1.828  36.574043    10.4456    5.46787      1.813    33.0428    25.3485 -9.990e-29
 229.381863      1.830  36.568313    10.4417    5.45058      1.815    33.0406    25.3474 -9.990e-29
 229.381869      1.831  36.564945    10.4445    5.43461      1.816    33.0346    25.3423 -9.990e-29
 229.381875      1.832  36.566739    10.4482    5.44185      1.817    33.0331    25.3404 -9.990e-29
 229.381881      1.838  36.569916    10.4459    5.44925      1.823    33.0384    25.3450 -9.990e-29
 229.381887      1.853  36.569742    10.4347    5.45532      1.838    33.0484    25.3547 -9.990e-29
 229.381892      1.874  36.563743    10.4212    5.45535      1.858    33.0546    25.3618 -9.990e-29
 229.381898      1.893  36.555704    10.4166    5.44541      1.877    33.0507    25.3596 -9.990e-29
 229.381904      1.904  36.553412    10.4226    5.44086      1.888    33.0429    25.3525 -9.990e-29
 229.381910      1.907  36.556615    10.4329    5.45630      1.891    33.0368    25.3460 -9.990e-29
 229.381916      1.911  36.560609    10.4426    5.45542      1.895    33.0320    25.3405 -9.990e-29
 229.381921      1.920  36.565114    10.4476    5.47219      1.904    33.0320    25.3397 -9.990e-29
 229.381927      1.934  36.568287    10.4474    5.48815      1.918    33.0353    25.3423 -9.990e-29
 229.381933      1.952  36.567631    10.4469    5.48501      1.936    33.0351    25.3423 -9.990e-29
 229.381939      1.964  36.566763    10.4497    5.48474      1.948    33.0317    25.3391 -9.990e-29
 229.381944      1.968  36.568450    10.4541    5.48131      1.952    33.0294    25.3366 -9.990e-29
 229.381950      1.968  36.571577    10.4582    5.48483      1.952    33.0288    25.3354 -9.990e-29
 229.381956      1.968  36.575830    10.4633    5.49685      1.952    33.0284    25.3342 -9.990e-29
 229.381962      1.969  36.580150    10.4678    5.49824      1.953    33.0287    25.3337 -9.990e-29
 229.381968      1.970  36.582447    10.4693    5.50687      1.954    33.0296    25.3341 -9.990e-29
 229.381973      1.968  36.582422    10.4699    5.48906      1.952    33.0291    25.3336 -9.990e-29
 229.381979      1.957  36.581726    10.4719    5.48792      1.941    33.0266    25.3313 -9.990e-29
 229.381985      1.941  36.581675    10.4755    5.48677      1.925    33.0233    25.3281 -9.990e-29
 229.381991      1.933  36.582761    10.4792    5.49121      1.917    33.0210    25.3257 -9.990e-29
 229.381997      1.940  36.584194    10.4794    5.49779      1.924    33.0222    25.3266 -9.990e-29
 229.382002      1.958  36.582838    10.4730    5.47859      1.942    33.0267    25.3312 -9.990e-29
 229.382008      1.984  36.578011    10.4646    5.48127      1.967    33.0295    25.3348 -9.990e-29
 229.382014      2.016  36.574497    10.4610    5.47499      1.999    33.0292    25.3352 -9.990e-29
 229.382020      2.043  36.574901    10.4617    5.47638      2.026    33.0289    25.3349 -9.990e-29
 229.382025      2.058  36.576394    10.4636    5.48067      2.041    33.0287    25.3344 -9.990e-29
 229.382031      2.066  36.576482    10.4649    5.48468      2.049    33.0276    25.3333 -9.990e-29
 229.382037      2.073  36.575282    10.4647    5.47303      2.056    33.0266    25.3325 -9.990e-29
 229.382043      2.077  36.574564    10.4643    5.46508      2.060    33.0262    25.3323 -9.990e-29
 229.382049      2.081  36.575052    10.4643    5.46424      2.064    33.0267    25.3327 -9.990e-29
 229.382054      2.088  36.575157    10.4616    5.47511      2.071    33.0293    25.3352 -9.990e-29
 229.382060      2.098  36.573338    10.4549    5.48188      2.080    33.0335    25.3396 -9.990e-29
 229.382066      2.105  36.569976    10.4485    5.48928      2.087    33.0359    25.3426 -9.990e-29
 229.382072      2.107  36.565635    10.4478    5.50132      2.089    33.0322    25.3398 -9.990e-29
 229.382078      2.106  36.562943    10.4541    5.49185      2.088    33.0238    25.3322 -9.990e-29
