data/oxygen options/ONMS/Olympic_Coast_National_Marine_Sanctuary_Hypoxia_Survey_CTD_Data_2004_2015/raw_data/2006/CTD_TH030_080306faedb.cnv
* Sea-Bird SBE19 Data File:
* FileName = C:\Hypoxia_Data_2006\CTD_TH030_080306.hex
* Software Version 1.1.6
* Temperature SN = 2997
* Conductivity SN = 2997
* System UpLoad Time = Aug 03 2006 08:36:57
* SEACAT PROFILER V3.1c SN 2997   08/03/06  08:36:25.920
* strain gauge pressure sensor: S/N = 184829,  range = 3000 psia,  tc = 40
# nquan = 9
# nvalues = 29                          
# units = specified
# name 0 = timeJ: Julian Days
# name 1 = prSM: Pressure, Strain Gauge [db]
# name 2 = c0mS/cm: Conductivity [mS/cm]
# name 3 = t090C: Temperature [ITS-90, deg C]
# name 4 = oxML/L: Oxygen, Beckman/YSI [ml/l]
# name 5 = depSM: Depth [salt water, m], lat = 47.5
# name 6 = sal00: Salinity, Practical [PSU]
# name 7 = sigma-é00: Density [sigma-theta, kg/m^3]
# name 8 = flag: flag
# span 0 = 215.355732, 215.356084       
# span 1 =      3.000,     31.000       
# span 2 =  34.814245,  37.055863       
# span 3 =     7.9388,    11.1997       
# span 4 =    2.77090,    6.73543       
# span 5 =      2.975,     30.740       
# span 6 =    32.7296,    33.5479       
# span 7 =    24.9725,    26.1421       
# span 8 = 0.0000e+00, 0.0000e+00       
# interval = decibars: 1                
# start_time = Aug 03 2006 08:20:39 [Instrument's time stamp, header]
# bad_flag = -9.990e-29
*END*
 215.355732      3.000  36.940784    11.1997    6.73543      2.975    32.7296    24.9725 0.0000e+00
 215.355755      4.000  37.044615    11.1083    6.26749      3.967    32.9134    25.1318 0.0000e+00
 215.355769      5.000  37.055863    10.7426    6.05243      4.958    33.2538    25.4614 0.0000e+00
 215.355780      6.000  36.672237    10.3195    5.93307      5.949    33.2549    25.5356 0.0000e+00
 215.355792      7.000  36.454422    10.1043    5.42117      6.942    33.2316    25.5539 0.0000e+00
 215.355803      8.000  36.275113     9.8271    4.92041      7.933    33.3041    25.6569 0.0000e+00
 215.355816      9.000  36.084843     9.6137    4.53404      8.925    33.3066    25.6940 0.0000e+00
 215.355828     10.000  35.867783     9.1731    4.04583      9.916    33.4938    25.9112 0.0000e+00
 215.355839     11.000  35.464303     8.7098    3.63481     10.908    33.5088    25.9960 0.0000e+00
 215.355850     12.000  35.216880     8.4303    3.36457     11.899    33.5131    26.0421 0.0000e+00
 215.355861     13.000  35.096445     8.3079    3.17606     12.891    33.5016    26.0516 0.0000e+00
 215.355874     14.000  35.026396     8.2039    3.01355     13.883    33.5259    26.0862 0.0000e+00
 215.355885     15.000  34.936971     8.0866    2.94709     14.874    33.5425    26.1166 0.0000e+00
 215.355897     16.000  34.884277     8.0267    2.93782     15.866    33.5431    26.1260 0.0000e+00
 215.355908     17.000  34.868642     8.0132    2.92597     16.857    33.5389    26.1246 0.0000e+00
 215.355917     18.000  34.861807     8.0074    2.89195     17.849    33.5366    26.1238 0.0000e+00
 215.355927     19.000  34.854485     8.0001    2.86620     18.841    33.5353    26.1239 0.0000e+00
 215.355937     20.000  34.844368     7.9887    2.85131     19.832    33.5350    26.1253 0.0000e+00
 215.355946     21.000  34.832574     7.9694    2.85168     20.824    33.5404    26.1323 0.0000e+00
 215.355955     22.000  34.823597     7.9546    2.86371     21.816    33.5446    26.1378 0.0000e+00
 215.355965     23.000  34.820164     7.9474    2.84702     22.806    33.5473    26.1411 0.0000e+00
 215.355974     24.000  34.817559     7.9434    2.82899     23.798    33.5479    26.1421 0.0000e+00
 215.355984     25.000  34.815687     7.9417    2.83029     24.790    33.5470    26.1417 0.0000e+00
 215.355993     26.000  34.815888     7.9434    2.83817     25.782    33.5451    26.1400 0.0000e+00
 215.356003     27.000  34.816591     7.9430    2.82812     26.773    33.5458    26.1406 0.0000e+00
 215.356014     28.000  34.815150     7.9401    2.81571     27.764    33.5466    26.1416 0.0000e+00
 215.356025     29.000  34.814245     7.9388    2.80555     28.756    33.5464    26.1416 0.0000e+00
 215.356038     30.000  34.815145     7.9395    2.79986     29.747    33.5462    26.1414 0.0000e+00
 215.356084     31.000  34.814834     7.9394    2.77090     30.740    33.5455    26.1409 0.0000e+00
