data/oxygen options/ONMS/Olympic_Coast_National_Marine_Sanctuary_Hypoxia_Survey_CTD_Data_2004_2015/raw_data/2006/CTD_TH035_071806faed.cnv
* Sea-Bird SBE19 Data File:
* FileName = C:\Hypoxia Data\CTD_TH035_071806.hex
* Software Version 1.1.8
* Temperature SN = 2997
* Conductivity SN = 2997
* System UpLoad Time = Jul 18 2006 15:06:26
* SEACAT PROFILER V3.1c SN 2997   07/18/06  15:05:26.517
* strain gauge pressure sensor: S/N = 184829,  range = 3000 psia,  tc = 40
# nquan = 9                                 
# nvalues = 587                         
# units = specified
# name 0 = timeJ: Julian Days
# name 1 = prSM: Pressure, Strain Gauge [db]
# name 2 = c0mS/cm: Conductivity [mS/cm]
# name 3 = t090C: Temperature [ITS-90, deg C]
# name 4 = oxML/L: Oxygen, Beckman/YSI [ml/l]
# name 5 = depSM: Depth [salt water, m], lat = 47.5
# name 6 = sal00: Salinity, Practical [PSU]
# name 7 = sigma-é00: Density [sigma-theta, kg/m^3]
# name 8 = flag: flag
# span 0 = 199.624560, 199.627951       
# span 1 =     -2.150,     34.633       
# span 2 =   0.407983,  37.863949       
# span 3 =     7.9787,    13.7556       
# span 4 =   -0.84210,   35.08216       
# span 5 =     -2.132,     34.341       
# span 6 =     0.2532,    33.4824       
# span 7 =    -0.5160,    26.0850       
# span 8 = 0.0000e+00, 0.0000e+00       
# interval = seconds: 0.5
# start_time = Jul 18 2006 14:59:22 [Instrument's time stamp, header]
# bad_flag = -9.990e-29
*END*
[from data line 161]
 199.625492      1.711  37.418889    12.6352    6.03844      1.697    31.9463    24.0988 -9.990e-29
 199.625498      1.712  37.421168    12.6349    6.03566      1.698    31.9487    24.1007 -9.990e-29
 199.625503      1.711  37.418310    12.6313    6.02947      1.697    31.9491    24.1017 -9.990e-29
 199.625509      1.706  37.410999    12.6276    6.02208      1.692    31.9452    24.0994 -9.990e-29
 199.625515      1.706  37.402961    12.6245    6.02237      1.692    31.9402    24.0962 -9.990e-29
 199.625521      1.712  37.398636    12.6186    6.03047      1.698    31.9411    24.0980 -9.990e-29
 199.625527      1.719  37.392826    12.6065    6.04491      1.705    31.9459    24.1040 -9.990e-29
 199.625532      1.727  37.382840    12.5909    6.04803      1.713    31.9496    24.1098 -9.990e-29
 199.625538      1.733  37.375570    12.5797    6.04809      1.719    31.9522    24.1140 -9.990e-29
 199.625544      1.733  37.372548    12.5769    6.05180      1.719    31.9517    24.1141 -9.990e-29
 199.625550      1.727  37.374796    12.5806    6.05858      1.713    31.9507    24.1127 -9.990e-29
 199.625556      1.719  37.383636    12.5869    6.05859      1.705    31.9538    24.1138 -9.990e-29
 199.625561      1.716  37.392909    12.5927    6.04871      1.702    31.9577    24.1157 -9.990e-29
 199.625567      1.724  37.399281    12.5966    6.03983      1.710    31.9604    24.1171 -9.990e-29
 199.625573      1.738  37.401159    12.5985    6.03873      1.723    31.9606    24.1169 -9.990e-29
 199.625579      1.750  37.397689    12.6003    6.04611      1.735    31.9557    24.1128 -9.990e-29
 199.625584      1.757  37.394914    12.6021    6.05317      1.742    31.9516    24.1092 -9.990e-29
 199.625590      1.760  37.395312    12.6015    6.04591      1.745    31.9525    24.1100 -9.990e-29
 199.625596      1.763  37.393811    12.5973    6.03735      1.748    31.9546    24.1125 -9.990e-29
 199.625602      1.771  37.388980    12.5913    6.01930      1.756    31.9551    24.1140 -9.990e-29
 199.625608      1.783  37.386168    12.5876    6.01670      1.768    31.9556    24.1151 -9.990e-29
 199.625613      1.797  37.387805    12.5878    6.02756      1.782    31.9569    24.1161 -9.990e-29
 199.625619      1.804  37.390469    12.5895    6.03004      1.789    31.9580    24.1166 -9.990e-29
 199.625625      1.810  37.390426    12.5874    6.03023      1.795    31.9598    24.1184 -9.990e-29
 199.625631      1.823  37.384820    12.5790    6.03389      1.808    31.9616    24.1214 -9.990e-29
 199.625637      1.840  37.374604    12.5689    6.03138      1.825    31.9604    24.1224 -9.990e-29
 199.625642      1.858  37.365800    12.5630    6.03557      1.842    31.9570    24.1209 -9.990e-29
 199.625648      1.878  37.364069    12.5636    6.03880      1.862    31.9549    24.1191 -9.990e-29
 199.625654      1.897  37.369350    12.5700    6.02863      1.881    31.9545    24.1176 -9.990e-29
 199.625660      1.907  37.376351    12.5775    6.02049      1.891    31.9547    24.1164 -9.990e-29
 199.625666      1.909  37.382070    12.5816    6.00975      1.893    31.9567    24.1171 -9.990e-29
 199.625671      1.913  37.384605    12.5822    6.00111      1.897    31.9586    24.1185 -9.990e-29
 199.625677      1.922  37.382859    12.5803    6.00639      1.906    31.9586    24.1188 -9.990e-29
 199.625683      1.932  37.378999    12.5733    6.01284      1.916    31.9608    24.1219 -9.990e-29
 199.625689      1.941  37.372375    12.5610    6.01970      1.925    31.9650    24.1274 -9.990e-29
 199.625694      1.948  37.362578    12.5485    6.02852      1.932    31.9663    24.1308 -9.990e-29
 199.625700      1.950  37.353386    12.5415    6.02413      1.934    31.9635    24.1300 -9.990e-29
 199.625706      1.943  37.348818    12.5435    6.02914      1.927    31.9574    24.1249 -9.990e-29
 199.625712      1.925  37.351765    12.5539    6.02991      1.909    31.9514    24.1183 -9.990e-29
 199.625718      1.902  37.360552    12.5665    6.03746      1.886    31.9491    24.1141 -9.990e-29
 199.625723      1.883  37.368389    12.5743    6.03405      1.867    31.9499    24.1132 -9.990e-29
 199.625729      1.880  37.373395    12.5751    6.02832      1.864    31.9540    24.1162 -9.990e-29
 199.625735      1.893  37.376086    12.5715    6.01681      1.877    31.9596    24.1213 -9.990e-29
 199.625741      1.915  37.374449    12.5680    6.00456      1.899    31.9610    24.1230 -9.990e-29
 199.625747      1.938  37.371917    12.5672    6.00781      1.922    31.9593    24.1218 -9.990e-29
 199.625752      1.959  37.371854    12.5684    6.00248      1.943    31.9582    24.1208 -9.990e-29
 199.625758      1.980  37.371378    12.5687    6.00658      1.963    31.9575    24.1202 -9.990e-29
 199.625764      1.998  37.368740    12.5644    6.01415      1.981    31.9586    24.1219 -9.990e-29
 199.625770      2.009  37.363797    12.5564    6.01568      1.992    31.9607    24.1250 -9.990e-29
 199.625775      2.015  37.356139    12.5512    6.03020      1.998    31.9578    24.1238 -9.990e-29
 199.625781      2.016  37.350711    12.5537    6.03886      1.999    31.9505    24.1176 -9.990e-29
 199.625787      2.012  37.353746    12.5623    6.04426      1.995    31.9461    24.1126 -9.990e-29
 199.625793      2.002  37.362003    12.5705    6.04294      1.985    31.9470    24.1117 -9.990e-29
 199.625799      1.991  37.367987    12.5736    6.03541      1.974    31.9501    24.1135 -9.990e-29
 199.625804      1.981  37.370710    12.5742    6.02462      1.964    31.9522    24.1150 -9.990e-29
 199.625810      1.973  37.374375    12.5777    6.02191      1.957    31.9527    24.1147 -9.990e-29
 199.625816      1.965  37.381070    12.5837    6.02423      1.949    31.9539    24.1146 -9.990e-29
 199.625822      1.957  37.387947    12.5853    6.02390      1.941    31.9591    24.1183 -9.990e-29
 199.625828      1.957  37.389600    12.5790    6.01987      1.941    31.9661    24.1249 -9.990e-29
 199.625833      1.970  37.383755    12.5704    6.01668      1.954    31.9678    24.1278 -9.990e-29
 199.625839      1.984  37.376091    12.5675    6.00979      1.967    31.9630    24.1247 -9.990e-29
 199.625845      1.990  37.373227    12.5702    6.00756      1.973    31.9579    24.1203 -9.990e-29
 199.625851      1.989  37.373591    12.5719    6.00633      1.972    31.9568    24.1191 -9.990e-29
 199.625856      1.986  37.373750    12.5690    6.01492      1.969    31.9595    24.1217 -9.990e-29
 199.625862      1.989  37.372245    12.5633    6.02192      1.972    31.9629    24.1254 -9.990e-29
 199.625868      1.997  37.366516    12.5586    6.02605      1.980    31.9614    24.1251 -9.990e-29
 199.625874      2.004  37.359592    12.5569    6.02819      1.987    31.9563    24.1215 -9.990e-29
 199.625880      2.004  37.358518    12.5585    6.02512      1.987    31.9539    24.1193 -9.990e-29
 199.625885      1.999  37.362989    12.5631    6.02153      1.982    31.9542    24.1187 -9.990e-29
 199.625891      1.992  37.368315    12.5691    5.99983      1.975    31.9542    24.1176 -9.990e-29
 199.625897      1.990  37.372070    12.5731    5.99534      1.973    31.9544    24.1169 -9.990e-29
 199.625903      1.999  37.371974    12.5711    5.99400      1.982    31.9560    24.1186 -9.990e-29
 199.625909      2.015  37.368470    12.5620    5.99148      1.998    31.9604    24.1237 -9.990e-29
 199.625914      2.030  37.363068    12.5506    5.99986      2.013    31.9649    24.1294 -9.990e-29
 199.625920      2.040  37.356428    12.5414    6.00043      2.023    31.9664    24.1323 -9.990e-29
 199.625926      2.047  37.349800    12.5351    6.00395      2.030    31.9654    24.1328 -9.990e-29
 199.625932      2.051  37.342208    12.5333    6.01455      2.034    31.9597    24.1287 -9.990e-29
 199.625937      2.052  37.338120    12.5376    6.01622      2.035    31.9522    24.1220 -9.990e-29
 199.625943      2.055  37.343877    12.5452    6.01663      2.038    31.9512    24.1198 -9.990e-29
 199.625949      2.058  37.354818    12.5527    6.01735      2.041    31.9553    24.1215 -9.990e-29
 199.625955      2.056  37.363099    12.5596    6.01978      2.039    31.9573    24.1218 -9.990e-29
 199.625961      2.050  37.367990    12.5648    6.01169      2.033    31.9575    24.1210 -9.990e-29
 199.625966      2.054  37.371532    12.5663    5.99741      2.037    31.9596    24.1223 -9.990e-29
 199.625972      2.073  37.373973    12.5653    5.97735      2.056    31.9628    24.1249 -9.990e-29
 199.625978      2.103  37.374833    12.5639    5.96568      2.085    31.9648    24.1268 -9.990e-29
 199.625984      2.133  37.374144    12.5626    5.96309      2.115    31.9652    24.1273 -9.990e-29
 199.625990      2.153  37.371740    12.5598    5.96210      2.135    31.9653    24.1279 -9.990e-29
 199.625995      2.164  37.366109    12.5541    5.96141      2.146    31.9648    24.1286 -9.990e-29
 199.626001      2.174  37.357230    12.5486    5.97940      2.156    31.9610    24.1267 -9.990e-29
 199.626007      2.186  37.348980    12.5499    5.98058      2.168    31.9520    24.1195 -9.990e-29
 199.626013      2.190  37.347757    12.5619    5.99686      2.172    31.9407    24.1085 -9.990e-29
 199.626019      2.182  37.356425    12.5801    6.00604      2.164    31.9335    24.0994 -9.990e-29
 199.626024      2.168  37.369716    12.5934    6.00702      2.150    31.9348    24.0979 -9.990e-29
 199.626030      2.153  37.380678    12.5965    6.01175      2.135    31.9426    24.1034 -9.990e-29
 199.626036      2.146  37.386544    12.5936    5.99004      2.128    31.9507    24.1102 -9.990e-29
 199.626042      2.151  37.388977    12.5898    5.96441      2.133    31.9562    24.1152 -9.990e-29
 199.626047      2.164  37.392350    12.5872    5.94894      2.146    31.9616    24.1199 -9.990e-29
 199.626053      2.176  37.398360    12.5862    5.93431      2.158    31.9682    24.1251 -9.990e-29
 199.626059      2.185  37.402122    12.5868    5.94873      2.167    31.9712    24.1274 -9.990e-29
 199.626065      2.191  37.398000    12.5874    5.96151      2.173    31.9668    24.1238 -9.990e-29
 199.626071      2.194  37.386114    12.5816    5.96641      2.176    31.9604    24.1200 -9.990e-29
 199.626076      2.200  37.368018    12.5637    5.97083      2.182    31.9584    24.1219 -9.990e-29
 199.626082      2.207  37.349887    12.5423    5.96667      2.189    31.9593    24.1267 -9.990e-29
 199.626088      2.209  37.339532    12.5343    5.96759      2.191    31.9563    24.1258 -9.990e-29
 199.626094      2.201  37.340539    12.5457    5.96217      2.183    31.9476    24.1169 -9.990e-29
 199.626100      2.186  37.353693    12.5654    5.95917      2.168    31.9434    24.1099 -9.990e-29
 199.626105      2.173  37.368486    12.5784    5.95210      2.155    31.9464    24.1097 -9.990e-29
 199.626111      2.165  37.374359    12.5797    5.95211      2.147    31.9509    24.1130 -9.990e-29
 199.626117      2.165  37.371298    12.5711    5.94753      2.147    31.9553    24.1180 -9.990e-29
 199.626123      2.178  37.362527    12.5582    5.95809      2.160    31.9579    24.1225 -9.990e-29
 199.626128      2.196  37.352068    12.5492    5.97230      2.178    31.9556    24.1224 -9.990e-29
 199.626134      2.208  37.344493    12.5475    5.97534      2.190    31.9498    24.1183 -9.990e-29
 199.626140      2.209  37.344293    12.5507    5.98144      2.191    31.9469    24.1154 -9.990e-29
 199.626146      2.200  37.350082    12.5563    5.98212      2.182    31.9476    24.1149 -9.990e-29
 199.626152      2.186  37.356684    12.5625    5.98986      2.168    31.9487    24.1145 -9.990e-29
 199.626157      2.172  37.363933    12.5684    5.99354      2.154    31.9506    24.1149 -9.990e-29
 199.626163      2.163  37.372526    12.5720    5.98970      2.145    31.9557    24.1182 -9.990e-29
 199.626169      2.158  37.378221    12.5688    5.97130      2.140    31.9638    24.1251 -9.990e-29
 199.626175      2.158  37.376840    12.5596    5.94775      2.140    31.9703    24.1319 -9.990e-29
 199.626181      2.161  37.370476    12.5520    5.93625      2.143    31.9707    24.1336 -9.990e-29
 199.626186      2.168  37.365796    12.5496    5.93828      2.150    31.9683    24.1322 -9.990e-29
 199.626192      2.179  37.364982    12.5482    5.94454      2.161    31.9687    24.1328 -9.990e-29
 199.626198      2.196  37.363028    12.5390    5.95802      2.178    31.9747    24.1392 -9.990e-29
 199.626204      2.215  37.351162    12.5201    5.95589      2.197    31.9794    24.1465 -9.990e-29
 199.626209      2.229  37.331524    12.5029    5.94847      2.210    31.9753    24.1466 -9.990e-29
 199.626215      2.234  37.318893    12.4974    5.95597      2.215    31.9680    24.1419 -9.990e-29
 199.626221      2.230  37.319429    12.5031    5.95654      2.211    31.9636    24.1375 -9.990e-29
 199.626227      2.222  37.328241    12.5130    5.96218      2.203    31.9636    24.1356 -9.990e-29
 199.626233      2.218  37.337450    12.5202    5.96345      2.199    31.9663    24.1362 -9.990e-29
 199.626238      2.221  37.341951    12.5217    5.96660      2.202    31.9693    24.1383 -9.990e-29
 199.626244      2.232  37.341585    12.5202    5.96702      2.213    31.9702    24.1393 -9.990e-29
 199.626250      2.248  37.340361    12.5203    5.96117      2.229    31.9690    24.1383 -9.990e-29
 199.626256      2.260  37.341703    12.5226    5.95911      2.241    31.9683    24.1373 -9.990e-29
 199.626262      2.270  37.343478    12.5243    5.95893      2.251    31.9685    24.1372 -9.990e-29
 199.626267      2.282  37.344134    12.5238    5.96301      2.263    31.9696    24.1381 -9.990e-29
 199.626273      2.293  37.343992    12.5214    5.97217      2.274    31.9715    24.1400 -9.990e-29
 199.626279      2.300  37.342870    12.5192    5.97106      2.281    31.9723    24.1411 -9.990e-29
 199.626285      2.302  37.342084    12.5195    5.96182      2.283    31.9713    24.1402 -9.990e-29
 199.626291      2.300  37.342836    12.5226    5.95216      2.281    31.9693    24.1382 -9.990e-29
 199.626296      2.298  37.345013    12.5265    5.95193      2.279    31.9681    24.1365 -9.990e-29
 199.626302      2.305  37.346477    12.5272    5.94795      2.286    31.9689    24.1369 -9.990e-29
 199.626308      2.320  37.344139    12.5217    5.94637      2.301    31.9713    24.1399 -9.990e-29
 199.626314      2.337  37.337134    12.5113    5.94891      2.317    31.9735    24.1435 -9.990e-29
 199.626319      2.352  37.326790    12.5029    5.96260      2.332    31.9708    24.1430 -9.990e-29
 199.626325      2.362  37.318394    12.5020    5.97068      2.342    31.9635    24.1376 -9.990e-29
 199.626331      2.358  37.318148    12.5070    5.97281      2.338    31.9591    24.1332 -9.990e-29
 199.626337      2.341  37.324607    12.5141    5.96248      2.321    31.9592    24.1319 -9.990e-29
 199.626343      2.323  37.332365    12.5210    5.96004      2.304    31.9607    24.1318 -9.990e-29
 199.626348      2.310  37.338872    12.5268    5.96835      2.291    31.9620    24.1317 -9.990e-29
 199.626354      2.302  37.343276    12.5300    5.95805      2.283    31.9635    24.1322 -9.990e-29
 199.626360      2.303  37.346408    12.5281    5.97085      2.284    31.9681    24.1361 -9.990e-29
 199.626366      2.317  37.345157    12.5215    5.96918      2.298    31.9725    24.1408 -9.990e-29
 199.626372      2.337  37.337864    12.5154    5.96797      2.317    31.9707    24.1406 -9.990e-29
 199.626377      2.350  37.332764    12.5136    5.97328      2.330    31.9674    24.1384 -9.990e-29
 199.626383      2.354  37.333721    12.5146    5.96752      2.334    31.9674    24.1382 -9.990e-29
 199.626389      2.348  37.336408    12.5155    5.97373      2.328    31.9692    24.1394 -9.990e-29
 199.626395      2.337  37.338243    12.5167    5.97529      2.317    31.9700    24.1398 -9.990e-29
 199.626400      2.328  37.339995    12.5191    5.96913      2.309    31.9696    24.1390 -9.990e-29
 199.626406      2.329  37.341764    12.5216    5.97179      2.310    31.9692    24.1382 -9.990e-29
