data/oxygen options/ONMS/Olympic_Coast_National_Marine_Sanctuary_Hypoxia_Survey_CTD_Data_2004_2015/raw_data/2006/CTD_TH040_060706faed.cnv
* Sea-Bird SBE19 Data File:
* FileName = C:\Hypoxia_Data_2006\CTD_TH040_060706.hex
* Software Version 1.1.6
* Temperature SN = 2997
* Conductivity SN = 2997
* System UpLoad Time = Jun 07 2006 11:50:34
* SEACAT PROFILER V3.1c SN 2997   06/07/06  11:49:55.081
* strain gauge pressure sensor: S/N = 184829,  range = 3000 psia,  tc = 40
# nquan = 9                                 
# nvalues = 602                         
# units = specified
# name 0 = timeJ: Julian Days
# name 1 = prSM: Pressure, Strain Gauge [db]
# name 2 = c0mS/cm: Conductivity [mS/cm]
# name 3 = t090C: Temperature [ITS-90, deg C]
# name 4 = oxML/L: Oxygen, Beckman/YSI [ml/l]
# name 5 = depSM: Depth [salt water, m], lat = 47.5
# name 6 = sal00: Salinity, Practical [PSU]
# name 7 = sigma-é00: Density [sigma-theta, kg/m^3]
# name 8 = flag: flag
# span 0 = 158.488461, 158.491939       
# span 1 =     -3.539,     39.575       
# span 2 =   0.379299,  37.204854       
# span 3 =     8.6641,    15.6058       
# span 4 =   -0.07041,   32.27137       
# span 5 =     -3.509,     39.241       
# span 6 =     0.2351,    33.2415       
# span 7 =    -0.5268,    25.7919       
# span 8 = 0.0000e+00, 0.0000e+00       
# interval = seconds: 0.5
# start_time = Jun 07 2006 11:43:23 [Instrument's time stamp, header]
# bad_flag = -9.990e-29
*END*
[from data line 161]
 158.489392      0.611  32.507629    15.4903    6.54510      0.606    25.3822    18.4715 -9.990e-29
 158.489398      0.616  32.511259    15.4943    6.57168      0.611    25.3827    18.4711 -9.990e-29
 158.489404      0.616  32.518987    15.4932    6.60548      0.611    25.3901    18.4770 -9.990e-29
 158.489410      0.621  32.523188    15.4823    6.59522      0.616    25.4008    18.4874 -9.990e-29
 158.489416      0.631  32.517139    15.4674    6.57517      0.626    25.4051    18.4938 -9.990e-29
 158.489421      0.637  32.502310    15.4630    6.56080      0.632    25.3951    18.4871 -9.990e-29
 158.489427      0.636  32.496490    15.4741    6.55363      0.631    25.3830    18.4755 -9.990e-29
 158.489433      0.631  32.504252    15.4889    6.56277      0.626    25.3802    18.4702 -9.990e-29
 158.489439      0.632  32.514089    15.4944    6.57206      0.627    25.3851    18.4729 -9.990e-29
 158.489444      0.643  32.518947    15.4862    6.59266      0.638    25.3946    18.4819 -9.990e-29
 158.489450      0.659  32.515225    15.4723    6.59677      0.653    25.4003    18.4891 -9.990e-29
 158.489456      0.674  32.508056    15.4652    6.57631      0.668    25.3987    18.4893 -9.990e-29
 158.489462      0.684  32.506384    15.4673    6.54718      0.678    25.3959    18.4868 -9.990e-29
 158.489468      0.690  32.510785    15.4733    6.53128      0.684    25.3958    18.4855 -9.990e-29
 158.489473      0.696  32.515921    15.4786    6.54162      0.690    25.3968    18.4852 -9.990e-29
 158.489479      0.707  32.520240    15.4817    6.55748      0.701    25.3986    18.4859 -9.990e-29
 158.489485      0.719  32.523903    15.4808    6.57483      0.713    25.4023    18.4889 -9.990e-29
 158.489491      0.730  32.522274    15.4738    6.58309      0.724    25.4054    18.4927 -9.990e-29
 158.489497      0.739  32.511505    15.4655    6.59609      0.733    25.4014    18.4914 -9.990e-29
 158.489502      0.747  32.497982    15.4637    6.59772      0.741    25.3909    18.4837 -9.990e-29
 158.489508      0.755  32.492827    15.4690    6.57047      0.749    25.3831    18.4766 -9.990e-29
 158.489514      0.764  32.498138    15.4766    6.54931      0.758    25.3828    18.4748 -9.990e-29
 158.489520      0.769  32.506992    15.4825    6.55069      0.763    25.3866    18.4765 -9.990e-29
 158.489525      0.771  32.512703    15.4854    6.56730      0.765    25.3897    18.4783 -9.990e-29
 158.489531      0.778  32.516166    15.4850    6.58888      0.772    25.3929    18.4808 -9.990e-29
 158.489537      0.791  32.518084    15.4811    6.59168      0.784    25.3971    18.4848 -9.990e-29
 158.489543      0.807  32.515977    15.4733    6.58547      0.800    25.4003    18.4889 -9.990e-29
 158.489549      0.822  32.509843    15.4644    6.57758      0.815    25.4007    18.4911 -9.990e-29
 158.489554      0.829  32.504963    15.4634    6.57217      0.822    25.3971    18.4885 -9.990e-29
 158.489560      0.828  32.508285    15.4744    6.57625      0.821    25.3929    18.4830 -9.990e-29
 158.489566      0.827  32.516957    15.4882    6.57499      0.820    25.3915    18.4791 -9.990e-29
 158.489572      0.836  32.524050    15.4940    6.57261      0.829    25.3939    18.4797 -9.990e-29
 158.489578      0.854  32.527259    15.4925    6.57334      0.847    25.3976    18.4829 -9.990e-29
 158.489583      0.874  32.529193    15.4906    6.57584      0.867    25.4005    18.4855 -9.990e-29
 158.489589      0.894  32.531876    15.4910    6.58678      0.887    25.4026    18.4870 -9.990e-29
 158.489595      0.910  32.532722    15.4933    6.61445      0.902    25.4018    18.4860 -9.990e-29
 158.489601      0.919  32.532867    15.4972    6.61639      0.911    25.3994    18.4833 -9.990e-29
 158.489606      0.921  32.535311    15.5025    6.59541      0.913    25.3981    18.4812 -9.990e-29
 158.489612      0.917  32.540517    15.5106    6.57919      0.909    25.3974    18.4790 -9.990e-29
 158.489618      0.911  32.547586    15.5224    6.56650      0.903    25.3959    18.4754 -9.990e-29
 158.489624      0.910  32.555862    15.5373    6.57478      0.902    25.3935    18.4705 -9.990e-29
 158.489630      0.920  32.567419    15.5543    6.58058      0.912    25.3925    18.4662 -9.990e-29
 158.489635      0.936  32.583663    15.5691    6.57982      0.928    25.3970    18.4666 -9.990e-29
 158.489641      0.951  32.595431    15.5750    6.56944      0.943    25.4034    18.4702 -9.990e-29
 158.489647      0.962  32.593757    15.5729    6.57421      0.954    25.4033    18.4706 -9.990e-29
 158.489653      0.969  32.588190    15.5704    6.56949      0.961    25.4001    18.4686 -9.990e-29
 158.489659      0.972  32.588131    15.5712    6.56357      0.964    25.3995    18.4680 -9.990e-29
 158.489664      0.973  32.591263    15.5730    6.56662      0.965    25.4011    18.4688 -9.990e-29
 158.489670      0.970  32.593360    15.5731    6.57191      0.962    25.4028    18.4702 -9.990e-29
 158.489676      0.965  32.592740    15.5722    6.57629      0.957    25.4028    18.4704 -9.990e-29
 158.489682      0.960  32.591387    15.5729    6.54936      0.952    25.4012    18.4690 -9.990e-29
 158.489688      0.960  32.590866    15.5754    6.51015      0.952    25.3992    18.4669 -9.990e-29
 158.489693      0.960  32.589928    15.5791    6.50790      0.952    25.3960    18.4637 -9.990e-29
 158.489699      0.956  32.588450    15.5843    6.52931      0.948    25.3914    18.4591 -9.990e-29
 158.489705      0.952  32.587830    15.5869    6.55724      0.944    25.3892    18.4569 -9.990e-29
 158.489711      0.957  32.586690    15.5811    6.58938      0.949    25.3919    18.4602 -9.990e-29
 158.489716      0.975  32.580715    15.5614    6.58957      0.967    25.3994    18.4700 -9.990e-29
 158.489722      1.003  32.562505    15.5343    6.57993      0.995    25.4011    18.4769 -9.990e-29
 158.489728      1.029  32.538055    15.5216    6.56805      1.020    25.3882    18.4696 -9.990e-29
 158.489734      1.044  32.530819    15.5320    6.55257      1.035    25.3753    18.4576 -9.990e-29
 158.489740      1.047  32.544042    15.5531    6.55690      1.038    25.3731    18.4516 -9.990e-29
 158.489745      1.047  32.560043    15.5699    6.55767      1.038    25.3761    18.4504 -9.990e-29
 158.489751      1.049  32.571582    15.5778    6.56840      1.040    25.3810    18.4525 -9.990e-29
 158.489757      1.053  32.578358    15.5802    6.56827      1.044    25.3853    18.4553 -9.990e-29
 158.489763      1.059  32.578206    15.5776    6.55753      1.050    25.3868    18.4570 -9.990e-29
 158.489769      1.063  32.574292    15.5703    6.55586      1.054    25.3881    18.4595 -9.990e-29
 158.489774      1.061  32.573736    15.5648    6.55987      1.052    25.3912    18.4630 -9.990e-29
 158.489780      1.058  32.577485    15.5660    6.57561      1.049    25.3937    18.4646 -9.990e-29
 158.489786      1.057  32.581573    15.5704    6.57963      1.048    25.3943    18.4642 -9.990e-29
 158.489792      1.058  32.588093    15.5727    6.57122      1.049    25.3985    18.4669 -9.990e-29
 158.489797      1.061  32.595095    15.5729    6.55733      1.052    25.4044    18.4714 -9.990e-29
 158.489803      1.062  32.594546    15.5791    6.54910      1.053    25.3999    18.4667 -9.990e-29
 158.489809      1.058  32.591886    15.5924    6.55623      1.049    25.3891    18.4557 -9.990e-29
 158.489815      1.056  32.594225    15.6017    6.56873      1.047    25.3851    18.4507 -9.990e-29
 158.489821      1.065  32.597961    15.6009    6.56409      1.056    25.3889    18.4537 -9.990e-29
 158.489826      1.081  32.597997    15.5949    6.56513      1.072    25.3928    18.4579 -9.990e-29
 158.489832      1.096  32.592709    15.5900    6.56521      1.087    25.3913    18.4579 -9.990e-29
 158.489838      1.104  32.587382    15.5883    6.56156      1.095    25.3878    18.4555 -9.990e-29
 158.489844      1.103  32.587809    15.5890    6.57233      1.094    25.3878    18.4553 -9.990e-29
 158.489850      1.104  32.591762    15.5905    6.56941      1.095    25.3902    18.4569 -9.990e-29
 158.489855      1.110  32.594991    15.5920    6.53520      1.101    25.3920    18.4580 -9.990e-29
 158.489861      1.117  32.596763    15.5948    6.49405      1.108    25.3917    18.4572 -9.990e-29
 158.489867      1.122  32.598884    15.5994    6.48868      1.113    25.3906    18.4554 -9.990e-29
 158.489873      1.129  32.601386    15.6042    6.51775      1.120    25.3897    18.4537 -9.990e-29
 158.489878      1.143  32.602380    15.6058    6.55532      1.133    25.3895    18.4532 -9.990e-29
 158.489884      1.165  32.600955    15.6003    6.59399      1.155    25.3918    18.4561 -9.990e-29
 158.489890      1.192  32.594470    15.5860    6.59243      1.182    25.3954    18.4618 -9.990e-29
 158.489896      1.212  32.579327    15.5703    6.56437      1.202    25.3924    18.4628 -9.990e-29
 158.489902      1.215  32.563740    15.5664    6.52003      1.205    25.3815    18.4552 -9.990e-29
 158.489907      1.200  32.562797    15.5759    6.51247      1.190    25.3746    18.4480 -9.990e-29
 158.489913      1.179  32.574123    15.5890    6.51972      1.169    25.3760    18.4463 -9.990e-29
 158.489919      1.165  32.585356    15.5975    6.54199      1.155    25.3802    18.4478 -9.990e-29
 158.489925      1.163  32.592422    15.5973    6.57472      1.153    25.3864    18.4526 -9.990e-29
 158.489931      1.179  32.592979    15.5856    6.56872      1.169    25.3944    18.4611 -9.990e-29
 158.489936      1.201  32.583291    15.5700    6.54288      1.191    25.3960    18.4656 -9.990e-29
 158.489942      1.213  32.572865    15.5655    6.52338      1.203    25.3899    18.4619 -9.990e-29
 158.489948      1.216  32.573022    15.5724    6.50635      1.206    25.3856    18.4572 -9.990e-29
 158.489954      1.215  32.577806    15.5781    6.50474      1.205    25.3861    18.4563 -9.990e-29
 158.489959      1.212  32.581268    15.5765    6.52615      1.202    25.3901    18.4597 -9.990e-29
 158.489965      1.218  32.580182    15.5670    6.54506      1.208    25.3953    18.4657 -9.990e-29
 158.489971      1.232  32.567502    15.5453    6.56367      1.222    25.3983    18.4725 -9.990e-29
 158.489977      1.250  32.544822    15.5154    6.57884      1.240    25.3979    18.4784 -9.990e-29
 158.489983      1.275  32.520581    15.4949    6.58214      1.264    25.3902    18.4767 -9.990e-29
 158.489988      1.299  32.505617    15.4893    6.54720      1.288    25.3809    18.4707 -9.990e-29
 158.489994      1.310  32.507440    15.4881    6.52066      1.299    25.3832    18.4728 -9.990e-29
 158.490000      1.310  32.518392    15.4882    6.52757      1.299    25.3926    18.4800 -9.990e-29
 158.490006      1.307  32.528976    15.4922    6.54413      1.296    25.3992    18.4842 -9.990e-29
 158.490012      1.305  32.537613    15.4980    6.57756      1.294    25.4029    18.4858 -9.990e-29
 158.490017      1.308  32.544615    15.4994    6.57063      1.297    25.4080    18.4895 -9.990e-29
 158.490023      1.321  32.548110    15.4907    6.55322      1.310    25.4167    18.4979 -9.990e-29
 158.490029      1.336  32.543236    15.4765    6.54630      1.325    25.4216    18.5046 -9.990e-29
 158.490035      1.342  32.535270    15.4735    6.54340      1.331    25.4166    18.5014 -9.990e-29
 158.490041      1.337  32.534889    15.4864    6.55833      1.326    25.4080    18.4921 -9.990e-29
 158.490046      1.331  32.540465    15.5000    6.56237      1.320    25.4041    18.4863 -9.990e-29
 158.490052      1.328  32.546544    15.5031    6.56079      1.317    25.4073    18.4882 -9.990e-29
 158.490058      1.328  32.547225    15.4994    6.56985      1.317    25.4103    18.4912 -9.990e-29
 158.490064      1.329  32.541182    15.4994    6.58060      1.318    25.4051    18.4872 -9.990e-29
 158.490069      1.334  32.538860    15.5054    6.59213      1.323    25.3992    18.4815 -9.990e-29
 158.490075      1.341  32.542208    15.5119    6.59052      1.330    25.3979    18.4791 -9.990e-29
 158.490081      1.351  32.547288    15.5190    6.56718      1.340    25.3977    18.4775 -9.990e-29
 158.490087      1.361  32.553589    15.5291    6.55345      1.350    25.3967    18.4746 -9.990e-29
 158.490093      1.362  32.558307    15.5436    6.54997      1.351    25.3914    18.4676 -9.990e-29
 158.490098      1.355  32.564374    15.5606    6.55381      1.344    25.3857    18.4597 -9.990e-29
 158.490104      1.353  32.574279    15.5720    6.56659      1.342    25.3869    18.4583 -9.990e-29
 158.490110      1.363  32.581617    15.5763    6.56220      1.352    25.3905    18.4601 -9.990e-29
 158.490116      1.377  32.582166    15.5781    6.54685      1.366    25.3898    18.4592 -9.990e-29
 158.490122      1.385  32.577784    15.5794    6.51137      1.373    25.3852    18.4554 -9.990e-29
 158.490127      1.381  32.574962    15.5805    6.48563      1.369    25.3821    18.4527 -9.990e-29
 158.490133      1.370  32.577790    15.5809    6.49307      1.359    25.3843    18.4543 -9.990e-29
 158.490139      1.360  32.579952    15.5771    6.50824      1.349    25.3886    18.4584 -9.990e-29
 158.490145      1.359  32.576489    15.5613    6.53752      1.348    25.3957    18.4672 -9.990e-29
 158.490150      1.370  32.565031    15.5279    6.56135      1.359    25.4073    18.4830 -9.990e-29
 158.490156      1.387  32.544318    15.4825    6.56315      1.375    25.4186    18.5011 -9.990e-29
 158.490162      1.401  32.524287    15.4435    6.54571      1.389    25.4265    18.5152 -9.990e-29
 158.490168      1.409  32.515783    15.4279    6.53409      1.397    25.4292    18.5204 -9.990e-29
 158.490174      1.404  32.516432    15.4343    6.53997      1.392    25.4256    18.5164 -9.990e-29
 158.490179      1.389  32.518687    15.4496    6.54538      1.377    25.4177    18.5072 -9.990e-29
 158.490185      1.376  32.520512    15.4632    6.56052      1.365    25.4105    18.4989 -9.990e-29
 158.490191      1.368  32.523225    15.4687    6.54766      1.357    25.4093    18.4968 -9.990e-29
 158.490197      1.365  32.523725    15.4659    6.51621      1.354    25.4116    18.4991 -9.990e-29
 158.490203      1.363  32.518763    15.4627    6.50512      1.352    25.4093    18.4980 -9.990e-29
 158.490208      1.357  32.515178    15.4658    6.51042      1.346    25.4042    18.4935 -9.990e-29
 158.490214      1.350  32.516598    15.4700    6.53703      1.339    25.4028    18.4915 -9.990e-29
 158.490220      1.348  32.518195    15.4689    6.56266      1.337    25.4048    18.4933 -9.990e-29
 158.490226      1.349  32.518741    15.4626    6.57641      1.338    25.4094    18.4981 -9.990e-29
 158.490231      1.359  32.516166    15.4525    6.56627      1.348    25.4137    18.5035 -9.990e-29
 158.490237      1.377  32.510962    15.4453    6.54601      1.366    25.4138    18.5051 -9.990e-29
 158.490243      1.392  32.509646    15.4501    6.52998      1.380    25.4096    18.5008 -9.990e-29
 158.490249      1.396  32.512707    15.4647    6.52849      1.384    25.4028    18.4926 -9.990e-29
 158.490255      1.394  32.517501    15.4773    6.54244      1.382    25.3988    18.4870 -9.990e-29
 158.490260      1.395  32.522016    15.4797    6.55863      1.383    25.4012    18.4883 -9.990e-29
 158.490266      1.402  32.522193    15.4704    6.57994      1.390    25.4073    18.4949 -9.990e-29
 158.490272      1.416  32.513788    15.4529    6.59475      1.404    25.4113    18.5016 -9.990e-29
 158.490278      1.435  32.501294    15.4359    6.58363      1.423    25.4115    18.5052 -9.990e-29
 158.490284      1.449  32.495518    15.4254    6.54471      1.437    25.4132    18.5087 -9.990e-29
 158.490289      1.456  32.498288    15.4230    6.51026      1.444    25.4172    18.5123 -9.990e-29
 158.490295      1.457  32.504891    15.4331    6.50953      1.445    25.4164    18.5096 -9.990e-29
 158.490301      1.452  32.511801    15.4550    6.52410      1.440    25.4082    18.4988 -9.990e-29
 158.490307      1.444  32.518705    15.4745    6.57206      1.432    25.4017    18.4897 -9.990e-29
