data/oxygen options/ONMS/Olympic_Coast_National_Marine_Sanctuary_Hypoxia_Survey_CTD_Data_2004_2015/raw_data/2006/CTD_TH070_071806faed.cnv
* Sea-Bird SBE19 Data File:
* FileName = C:\Hypoxia Data\CTD_TH070_071806.hex
* Software Version 1.1.8
* Temperature SN = 2997
* Conductivity SN = 2997
* System UpLoad Time = Jul 18 2006 14:11:00
* SEACAT PROFILER V3.1c SN 2997   07/18/06  14:10:09.285
* strain gauge pressure sensor: S/N = 184829,  range = 3000 psia,  tc = 40
# nquan = 9                                 
# nvalues = 1181                        
# units = specified
# name 0 = timeJ: Julian Days
# name 1 = prSM: Pressure, Strain Gauge [db]
# name 2 = c0mS/cm: Conductivity [mS/cm]
# name 3 = t090C: Temperature [ITS-90, deg C]
# name 4 = oxML/L: Oxygen, Beckman/YSI [ml/l]
# name 5 = depSM: Depth [salt water, m], lat = 47.5
# name 6 = sal00: Salinity, Practical [PSU]
# name 7 = sigma-é00: Density [sigma-theta, kg/m^3]
# name 8 = flag: flag
# span 0 = 199.582176, 199.589005       
# span 1 =     -1.494,     69.679       
# span 2 =   3.583129,  38.555193       
# span 3 =     7.6133,    14.2957       
# span 4 =   -0.05788,   33.25619       
# span 5 =     -1.482,     69.086       
# span 6 =     2.4470,    33.8126       
# span 7 =     1.1652,    26.3984       
# span 8 = 0.0000e+00, 0.0000e+00       
# interval = seconds: 0.5
# start_time = Jul 18 2006 13:58:20 [Instrument's time stamp, header]
# bad_flag = -9.990e-29
*END*
[from data line 801]
 199.586811     50.444  34.634958     7.9440    3.24277     50.017    33.3394    25.9787 -9.990e-29
 199.586817     50.422  34.633956     7.9442    3.24206     49.995    33.3382    25.9777 -9.990e-29
 199.586823     50.404  34.632327     7.9437    3.24861     49.977    33.3369    25.9768 -9.990e-29
 199.586829     50.393  34.631257     7.9428    3.24436     49.966    33.3366    25.9767 -9.990e-29
 199.586834     50.389  34.630997     7.9426    3.24657     49.962    33.3366    25.9767 -9.990e-29
 199.586840     50.390  34.630074     7.9434    3.24664     49.963    33.3348    25.9752 -9.990e-29
 199.586846     50.398  34.628371     7.9445    3.24536     49.971    33.3319    25.9727 -9.990e-29
 199.586852     50.412  34.627536     7.9454    3.24665     49.985    33.3302    25.9712 -9.990e-29
 199.586858     50.430  34.627010     7.9455    3.25169     50.003    33.3295    25.9707 -9.990e-29
 199.586863     50.443  34.627207     7.9449    3.24471     50.016    33.3303    25.9714 -9.990e-29
 199.586869     50.445  34.628946     7.9455    3.25227     50.018    33.3316    25.9723 -9.990e-29
 199.586875     50.430  34.629491     7.9477    3.26232     50.003    33.3301    25.9708 -9.990e-29
 199.586881     50.411  34.627879     7.9497    3.26219     49.984    33.3264    25.9677 -9.990e-29
 199.586887     50.404  34.625321     7.9508    3.26465     49.977    33.3227    25.9645 -9.990e-29
 199.586892     50.409  34.622885     7.9510    3.25772     49.982    33.3199    25.9623 -9.990e-29
 199.586898     50.420  34.621804     7.9510    3.25411     49.993    33.3187    25.9614 -9.990e-29
 199.586904     50.440  34.621753     7.9510    3.23548     50.013    33.3186    25.9614 -9.990e-29
 199.586910     50.469  34.622098     7.9502    3.21248     50.042    33.3198    25.9624 -9.990e-29
 199.586916     50.509  34.624412     7.9470    3.21785     50.081    33.3253    25.9671 -9.990e-29
 199.586921     50.558  34.631776     7.9416    3.20564     50.130    33.3383    25.9781 -9.990e-29
 199.586927     50.608  34.641103     7.9370    3.20545     50.179    33.3526    25.9901 -9.990e-29
 199.586933     50.647  34.645196     7.9359    3.20963     50.218    33.3580    25.9945 -9.990e-29
 199.586939     50.674  34.644458     7.9366    3.20970     50.245    33.3565    25.9932 -9.990e-29
 199.586944     50.696  34.642943     7.9372    3.21167     50.267    33.3543    25.9914 -9.990e-29
 199.586950     50.721  34.641990     7.9374    3.21375     50.292    33.3531    25.9904 -9.990e-29
 199.586956     50.757  34.642005     7.9372    3.21418     50.327    33.3533    25.9906 -9.990e-29
 199.586962     50.810  34.642441     7.9369    3.20715     50.380    33.3540    25.9912 -9.990e-29
 199.586968     50.890  34.642194     7.9360    3.20069     50.459    33.3546    25.9918 -9.990e-29
 199.586973     51.009  34.641489     7.9346    3.19813     50.577    33.3551    25.9924 -9.990e-29
 199.586979     51.169  34.641062     7.9332    3.19192     50.736    33.3559    25.9932 0.0000e+00
 199.586985     51.372  34.641457     7.9320    3.18658     50.937    33.3574    25.9946 0.0000e+00
 199.586991     51.621  34.643754     7.9305    3.17940     51.184    33.3612    25.9978 0.0000e+00
 199.586997     51.917  34.649329     7.9282    3.17113     51.477    33.3692    26.0044 0.0000e+00
 199.587002     52.247  34.658317     7.9254    3.16512     51.804    33.3813    26.0143 0.0000e+00
 199.587008     52.603  34.669235     7.9226    3.16064     52.157    33.3955    26.0259 0.0000e+00
 199.587014     52.982  34.679806     7.9203    3.16413     52.533    33.4088    26.0367 0.0000e+00
 199.587020     53.377  34.688416     7.9185    3.16402     52.925    33.4196    26.0454 0.0000e+00
 199.587025     53.781  34.695883     7.9168    3.15291     53.325    33.4290    26.0531 0.0000e+00
 199.587031     54.187  34.702619     7.9151    3.13701     53.728    33.4377    26.0601 0.0000e+00
 199.587037     54.598  34.708066     7.9136    3.11976     54.135    33.4447    26.0659 0.0000e+00
 199.587043     55.012  34.714431     7.9118    3.09839     54.546    33.4531    26.0727 0.0000e+00
 199.587049     55.431  34.723461     7.9093    3.05171     54.961    33.4649    26.0824 0.0000e+00
 199.587054     55.851  34.733171     7.9058    2.98771     55.377    33.4785    26.0936 0.0000e+00
 199.587060     56.269  34.743600     7.8998    2.90349     55.792    33.4952    26.1076 0.0000e+00
 199.587066     56.687  34.757059     7.8866    2.79676     56.206    33.5221    26.1306 0.0000e+00
 199.587072     57.100  34.772423     7.8615    2.70805     56.616    33.5625    26.1660 0.0000e+00
 199.587078     57.500  34.786240     7.8270    2.64009     57.012    33.6103    26.2086 0.0000e+00
 199.587083     57.884  34.796167     7.7882    2.59062     57.393    33.6582    26.2519 0.0000e+00
 199.587089     58.250  34.802151     7.7497    2.56918     57.756    33.7017    26.2916 0.0000e+00
 199.587095     58.591  34.804866     7.7181    2.55444     58.094    33.7350    26.3223 0.0000e+00
 199.587101     58.899  34.804553     7.6977    2.55519     58.399    33.7543    26.3405 0.0000e+00
 199.587106     59.168  34.803020     7.6894    2.56584     58.666    33.7606    26.3466 0.0000e+00
 199.587112     59.389  34.803256     7.6923    2.57886     58.885    33.7579    26.3441 0.0000e+00
 199.587118     59.559  34.805004     7.7013    2.58442     59.053    33.7510    26.3373 0.0000e+00
 199.587124     59.689  34.804976     7.7082    2.57919     59.182    33.7442    26.3310 -9.990e-29
 199.587130     59.797  34.802569     7.7069    2.56870     59.289    33.7428    26.3301 -9.990e-29
 199.587135     59.892  34.800177     7.6978    2.57296     59.384    33.7490    26.3363 -9.990e-29
 199.587141     59.976  34.799090     7.6889    2.57147     59.467    33.7565    26.3434 -9.990e-29
 199.587147     60.043  34.799532     7.6874    2.57654     59.533    33.7584    26.3451 -9.990e-29
 199.587153     60.084  34.800962     7.6919    2.57957     59.574    33.7555    26.3422 -9.990e-29
 199.587159     60.101  34.801350     7.6952    2.57647     59.591    33.7527    26.3396 -9.990e-29
 199.587164     60.108  34.800084     7.6941    2.56651     59.598    33.7524    26.3395 -9.990e-29
 199.587170     60.118  34.798837     7.6909    2.55933     59.608    33.7542    26.3413 -9.990e-29
 199.587176     60.137  34.798742     7.6871    2.55403     59.626    33.7578    26.3447 -9.990e-29
 199.587182     60.165  34.799106     7.6823    2.55141     59.654    33.7628    26.3493 -9.990e-29
 199.587188     60.200  34.799283     7.6778    2.55053     59.689    33.7673    26.3535 -9.990e-29
 199.587193     60.232  34.799502     7.6754    2.54632     59.721    33.7699    26.3559 -9.990e-29
 199.587199     60.249  34.800045     7.6752    2.55950     59.737    33.7707    26.3565 -9.990e-29
 199.587205     60.254  34.801068     7.6759    2.54872     59.742    33.7711    26.3568 -9.990e-29
 199.587211     60.254  34.801682     7.6762    2.54170     59.742    33.7714    26.3570 -9.990e-29
 199.587216     60.253  34.801016     7.6755    2.54087     59.741    33.7714    26.3571 -9.990e-29
 199.587222     60.253  34.799858     7.6743    2.55062     59.741    33.7713    26.3572 -9.990e-29
 199.587228     60.252  34.799462     7.6734    2.54573     59.740    33.7718    26.3577 -9.990e-29
 199.587234     60.251  34.799853     7.6726    2.54567     59.739    33.7730    26.3587 -9.990e-29
 199.587240     60.249  34.799863     7.6708    2.54356     59.737    33.7747    26.3604 -9.990e-29
 199.587245     60.248  34.798375     7.6681    2.53467     59.736    33.7757    26.3616 -9.990e-29
 199.587251     60.241  34.796201     7.6665    2.54107     59.730    33.7750    26.3612 -9.990e-29
 199.587257     60.220  34.795483     7.6667    2.53161     59.709    33.7740    26.3604 -9.990e-29
 199.587263     60.185  34.796377     7.6678    2.54034     59.674    33.7739    26.3602 -9.990e-29
 199.587269     60.145  34.797262     7.6685    2.53759     59.634    33.7742    26.3603 -9.990e-29
 199.587274     60.119  34.797066     7.6681    2.52817     59.609    33.7744    26.3605 -9.990e-29
 199.587280     60.119  34.796084     7.6671    2.52798     59.609    33.7743    26.3606 -9.990e-29
 199.587286     60.132  34.795246     7.6665    2.53520     59.621    33.7740    26.3604 -9.990e-29
 199.587292     60.141  34.795106     7.6664    2.53475     59.630    33.7739    26.3604 -9.990e-29
 199.587297     60.142  34.795470     7.6662    2.52732     59.631    33.7745    26.3609 -9.990e-29
 199.587303     60.137  34.795134     7.6656    2.53272     59.626    33.7747    26.3611 -9.990e-29
 199.587309     60.123  34.794203     7.6652    2.53272     59.613    33.7741    26.3607 -9.990e-29
 199.587315     60.102  34.794231     7.6654    2.53889     59.592    33.7740    26.3605 -9.990e-29
 199.587321     60.075  34.795249     7.6660    2.55024     59.565    33.7745    26.3609 -9.990e-29
 199.587326     60.053  34.796362     7.6668    2.54752     59.543    33.7749    26.3611 -9.990e-29
 199.587332     60.044  34.797366     7.6681    2.54808     59.534    33.7748    26.3608 -9.990e-29
 199.587338     60.048  34.798472     7.6701    2.53670     59.538    33.7740    26.3599 -9.990e-29
 199.587344     60.068  34.799463     7.6721    2.53053     59.558    33.7731    26.3589 -9.990e-29
 199.587350     60.101  34.799972     7.6734    2.54010     59.591    33.7724    26.3582 -9.990e-29
 199.587355     60.134  34.800110     7.6738    2.54351     59.623    33.7721    26.3579 -9.990e-29
 199.587361     60.154  34.800053     7.6740    2.54819     59.643    33.7719    26.3577 -9.990e-29
 199.587367     60.156  34.800279     7.6746    2.54634     59.645    33.7715    26.3573 -9.990e-29
 199.587373     60.138  34.801081     7.6754    2.55105     59.627    33.7716    26.3573 -9.990e-29
 199.587378     60.112  34.801837     7.6757    2.54415     59.602    33.7722    26.3576 -9.990e-29
 199.587384     60.095  34.801866     7.6754    2.54258     59.585    33.7725    26.3580 -9.990e-29
 199.587390     60.097  34.801202     7.6746    2.54945     59.587    33.7726    26.3581 -9.990e-29
 199.587396     60.119  34.800636     7.6739    2.54064     59.609    33.7726    26.3583 -9.990e-29
 199.587402     60.149  34.800525     7.6739    2.53325     59.638    33.7725    26.3582 -9.990e-29
 199.587407     60.172  34.800715     7.6745    2.53780     59.661    33.7721    26.3578 -9.990e-29
 199.587413     60.186  34.800889     7.6750    2.53769     59.675    33.7718    26.3575 -9.990e-29
 199.587419     60.205  34.800709     7.6748    2.54467     59.694    33.7718    26.3575 -9.990e-29
 199.587425     60.228  34.800490     7.6743    2.53745     59.717    33.7720    26.3577 -9.990e-29
 199.587431     60.245  34.800495     7.6743    2.53996     59.733    33.7720    26.3577 -9.990e-29
 199.587436     60.257  34.800722     7.6744    2.55154     59.745    33.7722    26.3578 -9.990e-29
 199.587442     60.270  34.800905     7.6739    2.54645     59.758    33.7728    26.3584 -9.990e-29
 199.587448     60.283  34.800719     7.6732    2.54670     59.771    33.7733    26.3589 -9.990e-29
 199.587454     60.298  34.800470     7.6730    2.53198     59.786    33.7732    26.3589 -9.990e-29
 199.587459     60.316  34.800379     7.6735    2.53793     59.804    33.7726    26.3583 -9.990e-29
 199.587465     60.341  34.800318     7.6739    2.53523     59.829    33.7722    26.3579 -9.990e-29
 199.587471     60.385  34.800196     7.6735    2.53668     59.872    33.7724    26.3582 -9.990e-29
 199.587477     60.454  34.799844     7.6727    2.53977     59.941    33.7728    26.3586 -9.990e-29
 199.587483     60.553  34.799347     7.6723    2.53792     60.039    33.7726    26.3585 -9.990e-29
 199.587488     60.687  34.799159     7.6721    2.53317     60.172    33.7725    26.3584 0.0000e+00
 199.587494     60.867  34.799019     7.6710    2.52146     60.350    33.7733    26.3592 0.0000e+00
 199.587500     61.097  34.798172     7.6686    2.50086     60.578    33.7746    26.3606 0.0000e+00
 199.587506     61.381  34.796602     7.6641    2.48952     60.860    33.7772    26.3633 0.0000e+00
 199.587512     61.711  34.794451     7.6564    2.46671     61.187    33.7822    26.3683 0.0000e+00
 199.587517     62.070  34.791648     7.6459    2.45004     61.543    33.7892    26.3753 0.0000e+00
 199.587523     62.440  34.788931     7.6348    2.44772     61.910    33.7968    26.3830 0.0000e+00
 199.587529     62.813  34.787151     7.6256    2.44691     62.279    33.8037    26.3897 0.0000e+00
 199.587535     63.177  34.786165     7.6204    2.43338     62.640    33.8075    26.3934 0.0000e+00
 199.587541     63.525  34.785770     7.6187    2.42872     62.985    33.8086    26.3945 0.0000e+00
 199.587546     63.864  34.785987     7.6189    2.43321     63.321    33.8084    26.3944 0.0000e+00
 199.587552     64.209  34.786537     7.6195    2.43488     63.663    33.8083    26.3942 0.0000e+00
 199.587558     64.579  34.786461     7.6187    2.43819     64.030    33.8088    26.3947 0.0000e+00
 199.587564     64.979  34.785653     7.6170    2.43079     64.427    33.8094    26.3954 0.0000e+00
 199.587569     65.406  34.785268     7.6156    2.43112     64.850    33.8101    26.3962 0.0000e+00
 199.587575     65.852  34.785344     7.6148    2.42801     65.292    33.8108    26.3968 0.0000e+00
 199.587581     66.307  34.785413     7.6142    2.42331     65.743    33.8112    26.3973 0.0000e+00
 199.587587     66.758  34.785555     7.6140    2.43491     66.190    33.8113    26.3974 0.0000e+00
 199.587593     67.193  34.785949     7.6142    2.43855     66.621    33.8114    26.3974 0.0000e+00
 199.587598     67.608  34.786549     7.6143    2.44481     67.033    33.8117    26.3977 0.0000e+00
 199.587604     67.994  34.787024     7.6142    2.42791     67.415    33.8121    26.3980 0.0000e+00
 199.587610     68.345  34.787438     7.6143    2.42872     67.763    33.8123    26.3981 0.0000e+00
 199.587616     68.663  34.787770     7.6143    2.43069     68.079    33.8125    26.3983 0.0000e+00
 199.587622     68.950  34.787894     7.6142    2.43541     68.363    33.8126    26.3984 0.0000e+00
 199.587627     69.204  34.787968     7.6144    2.43216     68.615    33.8124    26.3982 0.0000e+00
 199.587633     69.411  34.788080     7.6147    2.42596     68.820    33.8121    26.3979 0.0000e+00
 199.587639     69.557  34.788371     7.6151    2.42601     68.965    33.8120    26.3978 -9.990e-29
 199.587645     69.645  34.788658     7.6156    2.42815     69.052    33.8118    26.3975 -9.990e-29
 199.587650     69.679  34.788757     7.6157    2.43262     69.086    33.8117    26.3975 -9.990e-29
 199.587656     69.666  34.788792     7.6156    2.43206     69.073    33.8119    26.3976 -9.990e-29
 199.587662     69.614  34.788803     7.6156    2.44155     69.021    33.8119    26.3977 -9.990e-29
 199.587668     69.531  34.788798     7.6157    2.43428     68.939    33.8119    26.3976 -9.990e-29
 199.587674     69.439  34.788764     7.6158    2.42326     68.848    33.8118    26.3975 -9.990e-29
 199.587679     69.358  34.788648     7.6158    2.41923     68.768    33.8117    26.3974 -9.990e-29
 199.587685     69.295  34.788292     7.6157    2.42605     68.705    33.8114    26.3973 -9.990e-29
 199.587691     69.249  34.787773     7.6157    2.43504     68.660    33.8109    26.3968 -9.990e-29
 199.587697     69.211  34.787516     7.6159    2.42974     68.622    33.8104    26.3964 -9.990e-29
 199.587703     69.164  34.787729     7.6162    2.42549     68.575    33.8104    26.3964 -9.990e-29
 199.587708     69.111  34.788129     7.6161    2.43977     68.523    33.8110    26.3968 -9.990e-29
 199.587714     69.068  34.788121     7.6159    2.43696     68.480    33.8112    26.3970 -9.990e-29
 199.587720     69.054  34.787686     7.6158    2.42934     68.466    33.8108    26.3967 -9.990e-29
 199.587726     69.074  34.787362     7.6156    2.42296     68.486    33.8106    26.3966 -9.990e-29
