data/oxygen options/ONMS/Olympic_Coast_National_Marine_Sanctuary_Hypoxia_Survey_CTD_Data_2004_2015/raw_data/2006/CTD_TH050_081706faed.cnv
* Sea-Bird SBE19 Data File:
* FileName = C:\Hypoxia_Data_2006\CTD_TH050_081606.hex
* Software Version 1.1.6
* Temperature SN = 2997
* Conductivity SN = 2997
* System UpLoad Time = Aug 17 2006 10:27:53
* SEACAT PROFILER V3.1c SN 2997   08/17/06  10:27:18.465
* strain gauge pressure sensor: S/N = 184829,  range = 3000 psia,  tc = 40
# nquan = 9                                 
# nvalues = 1205                        
# units = specified
# name 0 = timeJ: Julian Days
# name 1 = prSM: Pressure, Strain Gauge [db]
# name 2 = c0mS/cm: Conductivity [mS/cm]
# name 3 = t090C: Temperature [ITS-90, deg C]
# name 4 = oxML/L: Oxygen, Beckman/YSI [ml/l]
# name 5 = depSM: Depth [salt water, m], lat = 47.5
# name 6 = sal00: Salinity, Practical [PSU]
# name 7 = sigma-é00: Density [sigma-theta, kg/m^3]
# name 8 = flag: flag
# span 0 = 229.427488, 229.434456       
# span 1 =     -3.963,     49.417       
# span 2 =   1.308671, 225.284243       
# span 3 =     7.8318,    41.8708       
# span 4 =   -2.16808,   36.03691       
# span 5 =     -3.930,     48.999       
# span 6 =     0.8672,    41.0900       
# span 7 =    -1.3890,    26.3032       
# span 8 = 0.0000e+00, 0.0000e+00       
# interval = seconds: 0.5
# start_time = Aug 17 2006 10:15:35 [Instrument's time stamp, header]
# bad_flag = -9.990e-29
*END*
[from data line 321]
 229.429346      1.311  37.370360    12.2044    5.37028      1.300    32.2686    24.4303 -9.990e-29
 229.429352      1.310  37.370450    12.2048    5.38812      1.299    32.2683    24.4300 -9.990e-29
 229.429358      1.305  37.370501    12.2051    5.40697      1.294    32.2681    24.4298 -9.990e-29
 229.429363      1.301  37.370582    12.2052    5.42552      1.290    32.2681    24.4297 -9.990e-29
 229.429369      1.298  37.370801    12.2053    5.43936      1.287    32.2682    24.4298 -9.990e-29
 229.429375      1.295  37.370890    12.2054    5.46084      1.284    32.2682    24.4298 -9.990e-29
 229.429381      1.297  37.370409    12.2052    5.48624      1.286    32.2679    24.4296 -9.990e-29
 229.429387      1.308  37.369838    12.2051    5.51296      1.297    32.2675    24.4293 -9.990e-29
 229.429392      1.320  37.370102    12.2055    5.53111      1.309    32.2674    24.4291 -9.990e-29
 229.429398      1.325  37.370991    12.2058    5.55146      1.314    32.2680    24.4295 -9.990e-29
 229.429404      1.328  37.371446    12.2059    5.54119      1.317    32.2683    24.4298 -9.990e-29
 229.429410      1.334  37.371514    12.2061    5.54678      1.323    32.2682    24.4297 -9.990e-29
 229.429416      1.338  37.371848    12.2064    5.55974      1.327    32.2683    24.4296 -9.990e-29
 229.429421      1.337  37.372333    12.2061    5.57461      1.326    32.2690    24.4303 -9.990e-29
 229.429427      1.334  37.372495    12.2048    5.59036      1.323    32.2703    24.4315 -9.990e-29
 229.429433      1.335  37.371989    12.2033    5.58763      1.324    32.2711    24.4324 -9.990e-29
 229.429439      1.338  37.371265    12.2023    5.58441      1.327    32.2712    24.4327 -9.990e-29
 229.429444      1.339  37.371042    12.2015    5.59492      1.328    32.2717    24.4332 -9.990e-29
 229.429450      1.336  37.371023    12.2008    5.60041      1.325    32.2723    24.4338 -9.990e-29
 229.429456      1.335  37.370620    12.2004    5.61884      1.324    32.2723    24.4339 -9.990e-29
 229.429462      1.346  37.369859    12.2005    5.61809      1.335    32.2714    24.4332 -9.990e-29
 229.429468      1.360  37.368850    12.2008    5.63455      1.349    32.2702    24.4322 -9.990e-29
 229.429473      1.366  37.367929    12.2011    5.64871      1.355    32.2690    24.4313 -9.990e-29
 229.429479      1.364  37.367552    12.2013    5.65853      1.353    32.2685    24.4308 -9.990e-29
 229.429485      1.362  37.367779    12.2014    5.68300      1.351    32.2686    24.4309 -9.990e-29
 229.429491      1.365  37.368352    12.2016    5.68204      1.354    32.2690    24.4311 -9.990e-29
 229.429497      1.373  37.368914    12.2021    5.69442      1.362    32.2691    24.4311 -9.990e-29
 229.429502      1.381  37.369657    12.2025    5.70090      1.369    32.2695    24.4313 -9.990e-29
 229.429508      1.383  37.370448    12.2031    5.70560      1.371    32.2697    24.4314 -9.990e-29
 229.429514      1.378  37.370658    12.2037    5.72136      1.366    32.2694    24.4311 -9.990e-29
 229.429520      1.369  37.370570    12.2041    5.72917      1.358    32.2690    24.4307 -9.990e-29
 229.429525      1.362  37.370626    12.2046    5.73710      1.351    32.2686    24.4303 -9.990e-29
 229.429531      1.364  37.370903    12.2050    5.74213      1.353    32.2685    24.4301 -9.990e-29
 229.429537      1.370  37.371213    12.2053    5.74140      1.359    32.2686    24.4301 -9.990e-29
 229.429543      1.372  37.371407    12.2055    5.76235      1.361    32.2686    24.4301 -9.990e-29
 229.429549      1.371  37.371747    12.2055    5.77375      1.360    32.2689    24.4303 -9.990e-29
 229.429554      1.367  37.372123    12.2054    5.77607      1.356    32.2694    24.4307 -9.990e-29
 229.429560      1.363  37.372478    12.2054    5.76208      1.352    32.2697    24.4310 -9.990e-29
 229.429566      1.364  37.372724    12.2056    5.75736      1.353    32.2698    24.4310 -9.990e-29
 229.429572      1.370  37.372630    12.2061    5.77467      1.359    32.2693    24.4305 -9.990e-29
 229.429578      1.381  37.372633    12.2069    5.79986      1.369    32.2686    24.4298 -9.990e-29
 229.429583      1.397  37.373298    12.2078    5.80464      1.385    32.2684    24.4295 -9.990e-29
 229.429589      1.421  37.374392    12.2085    5.79338      1.409    32.2689    24.4297 -9.990e-29
 229.429595      1.444  37.375132    12.2088    5.79357      1.432    32.2693    24.4300 -9.990e-29
 229.429601      1.456  37.375381    12.2089    5.80884      1.444    32.2694    24.4301 -9.990e-29
 229.429606      1.457  37.375470    12.2087    5.82838      1.445    32.2697    24.4303 -9.990e-29
 229.429612      1.455  37.375522    12.2087    5.84496      1.443    32.2698    24.4304 -9.990e-29
 229.429618      1.456  37.375610    12.2087    5.84437      1.444    32.2698    24.4304 -9.990e-29
 229.429624      1.454  37.375854    12.2084    5.84758      1.442    32.2703    24.4309 -9.990e-29
 229.429630      1.445  37.376024    12.2081    5.85243      1.433    32.2708    24.4313 -9.990e-29
 229.429635      1.434  37.375787    12.2080    5.86480      1.422    32.2706    24.4312 -9.990e-29
 229.429641      1.427  37.375389    12.2080    5.86448      1.415    32.2702    24.4309 -9.990e-29
 229.429647      1.429  37.374865    12.2079    5.86442      1.417    32.2698    24.4306 -9.990e-29
 229.429653      1.436  37.374082    12.2078    5.86643      1.424    32.2692    24.4301 -9.990e-29
 229.429659      1.443  37.373680    12.2074    5.87326      1.431    32.2691    24.4301 -9.990e-29
 229.429664      1.456  37.373689    12.2065    5.88327      1.444    32.2699    24.4309 -9.990e-29
 229.429670      1.475  37.373001    12.2056    5.87987      1.463    32.2700    24.4312 -9.990e-29
 229.429676      1.493  37.371823    12.2053    5.88634      1.481    32.2691    24.4305 -9.990e-29
 229.429682      1.507  37.371391    12.2054    5.88228      1.494    32.2686    24.4301 -9.990e-29
 229.429688      1.514  37.371692    12.2056    5.88642      1.501    32.2687    24.4302 -9.990e-29
 229.429693      1.513  37.372008    12.2053    5.88634      1.500    32.2693    24.4307 -9.990e-29
 229.429699      1.518  37.371641    12.2046    5.88745      1.505    32.2695    24.4310 -9.990e-29
 229.429705      1.533  37.370106    12.2040    5.89474      1.520    32.2686    24.4303 -9.990e-29
 229.429711      1.550  37.368726    12.2039    5.90041      1.537    32.2673    24.4294 -9.990e-29
 229.429716      1.563  37.369031    12.2043    5.90765      1.550    32.2673    24.4293 -9.990e-29
 229.429722      1.564  37.370307    12.2051    5.90570      1.551    32.2678    24.4295 -9.990e-29
 229.429728      1.552  37.371451    12.2063    5.91534      1.539    32.2679    24.4294 -9.990e-29
 229.429734      1.535  37.372311    12.2074    5.91513      1.522    32.2678    24.4291 -9.990e-29
 229.429740      1.521  37.372915    12.2079    5.92515      1.508    32.2679    24.4291 -9.990e-29
 229.429745      1.517  37.372949    12.2077    5.91911      1.504    32.2681    24.4293 -9.990e-29
 229.429751      1.523  37.372461    12.2072    5.91099      1.510    32.2681    24.4294 -9.990e-29
 229.429757      1.532  37.371927    12.2069    5.90783      1.519    32.2678    24.4292 -9.990e-29
 229.429763      1.538  37.371759    12.2070    5.90281      1.525    32.2676    24.4290 -9.990e-29
 229.429769      1.543  37.372295    12.2073    5.90734      1.530    32.2678    24.4291 -9.990e-29
 229.429774      1.548  37.373132    12.2076    5.90631      1.535    32.2684    24.4295 -9.990e-29
 229.429780      1.551  37.373706    12.2079    5.90654      1.538    32.2687    24.4297 -9.990e-29
 229.429786      1.554  37.374224    12.2080    5.90833      1.541    32.2691    24.4300 -9.990e-29
 229.429792      1.557  37.374819    12.2081    5.91574      1.544    32.2696    24.4303 -9.990e-29
 229.429797      1.560  37.375166    12.2082    5.91685      1.547    32.2698    24.4305 -9.990e-29
 229.429803      1.563  37.375170    12.2081    5.92242      1.550    32.2699    24.4306 -9.990e-29
 229.429809      1.566  37.374837    12.2080    5.91627      1.553    32.2697    24.4304 -9.990e-29
 229.429815      1.569  37.374289    12.2080    5.91902      1.556    32.2691    24.4300 -9.990e-29
 229.429821      1.574  37.373920    12.2078    5.92632      1.561    32.2689    24.4299 -9.990e-29
 229.429826      1.579  37.373801    12.2070    5.92662      1.566    32.2695    24.4305 -9.990e-29
 229.429832      1.585  37.373216    12.2057    5.93538      1.572    32.2701    24.4312 -9.990e-29
 229.429838      1.593  37.371947    12.2046    5.93224      1.580    32.2698    24.4312 -9.990e-29
 229.429844      1.599  37.371111    12.2043    5.92872      1.586    32.2693    24.4308 -9.990e-29
 229.429850      1.594  37.371280    12.2050    5.91961      1.581    32.2688    24.4303 -9.990e-29
 229.429855      1.579  37.372118    12.2060    5.91476      1.566    32.2688    24.4301 -9.990e-29
 229.429861      1.566  37.373064    12.2066    5.91655      1.553    32.2692    24.4303 -9.990e-29
 229.429867      1.565  37.373700    12.2067    5.91807      1.552    32.2697    24.4307 -9.990e-29
 229.429873      1.578  37.374316    12.2067    5.93475      1.565    32.2703    24.4312 -9.990e-29
 229.429878      1.596  37.375178    12.2067    5.93008      1.583    32.2711    24.4318 -9.990e-29
 229.429884      1.612  37.375753    12.2069    5.92849      1.599    32.2715    24.4320 -9.990e-29
 229.429890      1.623  37.375688    12.2073    5.92666      1.609    32.2711    24.4317 -9.990e-29
 229.429896      1.630  37.375460    12.2077    5.92911      1.616    32.2705    24.4311 -9.990e-29
 229.429902      1.632  37.375330    12.2080    5.93425      1.618    32.2701    24.4308 -9.990e-29
 229.429907      1.635  37.375125    12.2080    5.94150      1.621    32.2699    24.4306 -9.990e-29
 229.429913      1.643  37.374576    12.2079    5.94133      1.629    32.2695    24.4303 -9.990e-29
 229.429919      1.652  37.373516    12.2079    5.94554      1.638    32.2684    24.4295 -9.990e-29
 229.429925      1.654  37.372778    12.2084    5.93823      1.640    32.2673    24.4285 -9.990e-29
 229.429931      1.645  37.373063    12.2090    5.94057      1.631    32.2671    24.4282 -9.990e-29
 229.429936      1.629  37.373634    12.2091    5.93176      1.615    32.2675    24.4286 -9.990e-29
 229.429942      1.612  37.374131    12.2087    5.93753      1.599    32.2684    24.4293 -9.990e-29
 229.429948      1.600  37.374661    12.2083    5.93338      1.587    32.2692    24.4300 -9.990e-29
 229.429954      1.589  37.374813    12.2082    5.92980      1.576    32.2694    24.4302 -9.990e-29
 229.429959      1.581  37.374231    12.2084    5.92433      1.568    32.2687    24.4296 -9.990e-29
 229.429965      1.574  37.373261    12.2087    5.92237      1.561    32.2675    24.4287 -9.990e-29
 229.429971      1.568  37.372858    12.2087    5.93389      1.555    32.2671    24.4284 -9.990e-29
 229.429977      1.562  37.373050    12.2087    5.93607      1.549    32.2673    24.4285 -9.990e-29
 229.429983      1.557  37.372972    12.2087    5.94641      1.544    32.2673    24.4284 -9.990e-29
 229.429988      1.551  37.372523    12.2084    5.94715      1.538    32.2671    24.4284 -9.990e-29
 229.429994      1.549  37.372230    12.2080    5.94991      1.536    32.2672    24.4285 -9.990e-29
 229.430000      1.555  37.372267    12.2078    5.94363      1.542    32.2674    24.4287 -9.990e-29
 229.430006      1.566  37.372685    12.2079    5.93908      1.553    32.2677    24.4289 -9.990e-29
 229.430012      1.580  37.373486    12.2080    5.94469      1.567    32.2683    24.4294 -9.990e-29
 229.430017      1.601  37.374055    12.2072    5.93883      1.588    32.2696    24.4305 -9.990e-29
 229.430023      1.620  37.373472    12.2056    5.94760      1.606    32.2704    24.4315 -9.990e-29
 229.430029      1.634  37.371523    12.2045    5.94029      1.620    32.2695    24.4309 -9.990e-29
 229.430035      1.640  37.369539    12.2047    5.93731      1.626    32.2674    24.4293 -9.990e-29
 229.430041      1.634  37.369364    12.2055    5.93876      1.620    32.2665    24.4285 -9.990e-29
 229.430046      1.621  37.370767    12.2059    5.93743      1.607    32.2675    24.4292 -9.990e-29
 229.430052      1.606  37.372257    12.2060    5.94771      1.593    32.2689    24.4302 -9.990e-29
 229.430058      1.600  37.373020    12.2060    5.94953      1.587    32.2696    24.4308 -9.990e-29
 229.430064      1.604  37.372956    12.2060    5.94917      1.591    32.2696    24.4307 -9.990e-29
 229.430069      1.615  37.373105    12.2063    5.94771      1.602    32.2694    24.4306 -9.990e-29
 229.430075      1.626  37.373666    12.2064    5.94432      1.612    32.2699    24.4309 -9.990e-29
 229.430081      1.632  37.373708    12.2062    5.94438      1.618    32.2701    24.4311 -9.990e-29
 229.430087      1.639  37.373288    12.2059    5.93103      1.625    32.2699    24.4311 -9.990e-29
 229.430093      1.647  37.372973    12.2056    5.93375      1.633    32.2699    24.4311 -9.990e-29
 229.430098      1.651  37.372905    12.2054    5.94262      1.637    32.2700    24.4312 -9.990e-29
 229.430104      1.653  37.372998    12.2056    5.94754      1.639    32.2699    24.4311 -9.990e-29
 229.430110      1.653  37.373377    12.2059    5.95226      1.639    32.2700    24.4311 -9.990e-29
 229.430116      1.650  37.373989    12.2061    5.94011      1.636    32.2704    24.4314 -9.990e-29
 229.430122      1.644  37.374532    12.2061    5.94281      1.630    32.2710    24.4318 -9.990e-29
 229.430127      1.639  37.374611    12.2061    5.94451      1.625    32.2710    24.4319 -9.990e-29
 229.430133      1.639  37.374334    12.2062    5.95340      1.625    32.2707    24.4316 -9.990e-29
 229.430139      1.645  37.374459    12.2065    5.95800      1.631    32.2706    24.4314 -9.990e-29
 229.430145      1.651  37.375153    12.2068    5.95448      1.637    32.2710    24.4317 -9.990e-29
 229.430150      1.651  37.375662    12.2068    5.95152      1.637    32.2714    24.4321 -9.990e-29
 229.430156      1.643  37.375545    12.2067    5.95591      1.629    32.2714    24.4321 -9.990e-29
 229.430162      1.637  37.375210    12.2069    5.95150      1.623    32.2709    24.4316 -9.990e-29
 229.430168      1.640  37.374777    12.2071    5.95742      1.626    32.2703    24.4311 -9.990e-29
 229.430174      1.656  37.374231    12.2072    5.94999      1.642    32.2697    24.4306 -9.990e-29
 229.430179      1.679  37.373971    12.2072    5.94527      1.665    32.2695    24.4304 -9.990e-29
 229.430185      1.696  37.374214    12.2073    5.94086      1.682    32.2696    24.4305 -9.990e-29
 229.430191      1.705  37.374724    12.2075    5.94501      1.691    32.2699    24.4307 -9.990e-29
 229.430197      1.707  37.375060    12.2075    5.94226      1.693    32.2702    24.4310 -9.990e-29
 229.430203      1.704  37.375115    12.2074    5.94981      1.690    32.2704    24.4311 -9.990e-29
 229.430208      1.707  37.374964    12.2072    5.94553      1.693    32.2704    24.4312 -9.990e-29
 229.430214      1.715  37.374407    12.2069    5.94981      1.701    32.2701    24.4310 -9.990e-29
 229.430220      1.724  37.373268    12.2068    5.95284      1.710    32.2691    24.4302 -9.990e-29
 229.430226      1.735  37.372273    12.2069    5.95121      1.721    32.2681    24.4294 -9.990e-29
 229.430231      1.744  37.372345    12.2071    5.95328      1.729    32.2680    24.4293 -9.990e-29
 229.430237      1.749  37.373018    12.2072    5.95020      1.734    32.2685    24.4297 -9.990e-29
 229.430243      1.748  37.373511    12.2072    5.95800      1.733    32.2690    24.4301 -9.990e-29
 229.430249      1.742  37.373924    12.2073    5.95210      1.727    32.2693    24.4303 -9.990e-29
 229.430255      1.735  37.374247    12.2075    5.93368      1.721    32.2694    24.4304 -9.990e-29
 229.430260      1.730  37.374354    12.2075    5.90804      1.716    32.2696    24.4305 -9.990e-29
