data/oxygen options/ONMS/Olympic_Coast_National_Marine_Sanctuary_Hypoxia_Survey_CTD_Data_2004_2015/raw_data/2006/CTD_TH090_062006faed.cnv
* Sea-Bird SBE19 Data File:
* FileName = C:\Hypoxia Data\CTD_TH090_062006.hex
* Software Version 1.1.8
* Temperature SN = 2997
* Conductivity SN = 2997
* System UpLoad Time = Jun 20 2006 11:34:14
* SEACAT PROFILER V3.1c SN 2997   06/20/06  11:33:16.840
* strain gauge pressure sensor: S/N = 184829,  range = 3000 psia,  tc = 40
# nquan = 9                                 
# nvalues = 840                         
# units = specified
# name 0 = timeJ: Julian Days
# name 1 = prSM: Pressure, Strain Gauge [db]
# name 2 = c0mS/cm: Conductivity [mS/cm]
# name 3 = t090C: Temperature [ITS-90, deg C]
# name 4 = oxML/L: Oxygen, Beckman/YSI [ml/l]
# name 5 = depSM: Depth [salt water, m], lat = 47.5
# name 6 = sal00: Salinity, Practical [PSU]
# name 7 = sigma-é00: Density [sigma-theta, kg/m^3]
# name 8 = flag: flag
# span 0 = 171.464757, 171.469612       
# span 1 =     -5.120,     78.030       
# span 2 =   0.585510,  39.884851       
# span 3 =     7.9471,    14.2573       
# span 4 =   -0.73579,   32.47876       
# span 5 =     -5.077,     77.364       
# span 6 =     0.3706,    33.8180       
# span 7 =    -0.3808,    26.3541       
# span 8 = 0.0000e+00, 0.0000e+00       
# interval = seconds: 0.5
# start_time = Jun 20 2006 11:09:15 [Instrument's time stamp, header]
# bad_flag = -9.990e-29
*END*
[from data line 641]
 171.468466     72.244  35.093618     7.9622    2.38103     71.629    33.8024    26.3399 0.0000e+00
 171.468472     71.869  35.092957     7.9635    2.38037     71.257    33.8006    26.3383 0.0000e+00
 171.468478     71.483  35.092609     7.9657    2.38580     70.874    33.7983    26.3362 0.0000e+00
 171.468484     71.074  35.092691     7.9689    2.40359     70.469    33.7955    26.3335 0.0000e+00
 171.468490     70.639  35.092776     7.9724    2.42159     70.037    33.7924    26.3305 0.0000e+00
 171.468495     70.184  35.091881     7.9752    2.42126     69.586    33.7889    26.3274 0.0000e+00
 171.468501     69.726  35.090522     7.9772    2.43942     69.132    33.7858    26.3246 0.0000e+00
 171.468507     69.280  35.089156     7.9789    2.44779     68.690    33.7829    26.3221 0.0000e+00
 171.468513     68.847  35.087671     7.9807    2.45946     68.261    33.7798    26.3194 0.0000e+00
 171.468519     68.425  35.086355     7.9830    2.49145     67.843    33.7763    26.3163 0.0000e+00
 171.468524     68.013  35.085161     7.9858    2.53656     67.434    33.7725    26.3129 0.0000e+00
 171.468530     67.610  35.084204     7.9905    2.60858     67.035    33.7672    26.3080 0.0000e+00
 171.468536     67.213  35.083354     8.0002    2.71822     66.641    33.7571    26.2987 0.0000e+00
 171.468542     66.814  35.080942     8.0194    2.85138     66.246    33.7362    26.2794 0.0000e+00
 171.468547     66.403  35.074896     8.0502    2.98778     65.838    33.7003    26.2467 0.0000e+00
 171.468553     65.981  35.066156     8.0923    3.12547     65.420    33.6507    26.2015 0.0000e+00
 171.468559     65.559  35.055433     8.1427    3.23569     65.002    33.5911    26.1472 0.0000e+00
 171.468565     65.144  35.042482     8.1918    3.33885     64.590    33.5305    26.0924 0.0000e+00
 171.468571     64.736  35.030259     8.2308    3.40857     64.186    33.4805    26.0474 0.0000e+00
 171.468576     64.340  35.018764     8.2573    3.45678     63.793    33.4432    26.0142 0.0000e+00
 171.468582     63.963  35.009531     8.2725    3.51453     63.419    33.4192    25.9930 0.0000e+00
 171.468588     63.603  35.007665     8.2801    3.59536     63.062    33.4101    25.9848 0.0000e+00
 171.468594     63.234  35.007905     8.2857    3.68525     62.697    33.4052    25.9801 0.0000e+00
 171.468600     62.827  34.999938     8.2960    3.79260     62.293    33.3872    25.9644 0.0000e+00
 171.468605     62.379  34.978210     8.3137    3.90649     61.849    33.3476    25.9307 0.0000e+00
 171.468611     61.898  34.942939     8.3338    3.99450     61.372    33.2914    25.8836 0.0000e+00
 171.468617     61.402  34.903772     8.3504    4.07633     60.880    33.2345    25.8364 0.0000e+00
 171.468623     60.907  34.871330     8.3634    4.11953     60.390    33.1881    25.7981 0.0000e+00
 171.468628     60.418  34.849499     8.3730    4.14951     59.905    33.1562    25.7717 0.0000e+00
 171.468634     59.939  34.837801     8.3785    4.19635     59.430    33.1389    25.7573 0.0000e+00
 171.468640     59.479  34.833004     8.3818    4.22927     58.974    33.1310    25.7505 0.0000e+00
 171.468646     59.047  34.832106     8.3866    4.28471     58.546    33.1257    25.7457 0.0000e+00
 171.468652     58.640  34.833932     8.3951    4.36761     58.142    33.1198    25.7398 0.0000e+00
 171.468657     58.246  34.838699     8.4132    4.46088     57.752    33.1080    25.7278 0.0000e+00
 171.468663     57.848  34.843814     8.4564    4.58627     57.357    33.0730    25.6939 0.0000e+00
 171.468669     57.439  34.851072     8.5272    4.69132     56.952    33.0145    25.6373 0.0000e+00
 171.468675     57.022  34.867372     8.5973    4.77045     56.538    32.9664    25.5889 0.0000e+00
 171.468681     56.600  34.886996     8.6429    4.83847     56.120    32.9447    25.5650 0.0000e+00
 171.468686     56.172  34.902497     8.6681    4.89722     55.696    32.9376    25.5556 0.0000e+00
 171.468692     55.738  34.914388     8.6881    4.94528     55.265    32.9317    25.5479 0.0000e+00
 171.468698     55.294  34.921171     8.7114    4.99810     54.825    32.9173    25.5331 0.0000e+00
 171.468704     54.843  34.922379     8.7335    5.04557     54.378    32.8982    25.5147 0.0000e+00
 171.468709     54.390  34.919091     8.7461    5.07398     53.929    32.8833    25.5011 0.0000e+00
 171.468715     53.941  34.911998     8.7480    5.10046     53.484    32.8743    25.4938 0.0000e+00
 171.468721     53.501  34.903451     8.7451    5.12550     53.048    32.8683    25.4895 0.0000e+00
 171.468727     53.076  34.894980     8.7438    5.17035     52.626    32.8608    25.4838 0.0000e+00
 171.468733     52.671  34.885972     8.7441    5.21976     52.225    32.8513    25.4763 0.0000e+00
 171.468738     52.279  34.872851     8.7380    5.27880     51.836    32.8434    25.4711 0.0000e+00
 171.468744     51.894  34.842634     8.7247    5.33716     51.454    32.8243    25.4581 0.0000e+00
 171.468750     51.504  34.799361     8.7153    5.40217     51.068    32.7879    25.4311 0.0000e+00
 171.468756     51.092  34.775653     8.7144    5.45759     50.659    32.7641    25.4126 0.0000e+00
 171.468762     50.649  34.770765     8.7182    5.51566     50.220    32.7557    25.4054 0.0000e+00
 171.468767     50.183  34.756889     8.7262    5.56961     49.758    32.7340    25.3871 0.0000e+00
 171.468773     49.705  34.735178     8.7367    5.61007     49.284    32.7018    25.3603 0.0000e+00
 171.468779     49.228  34.717651     8.7459    5.63459     48.811    32.6752    25.3381 0.0000e+00
 171.468785     48.760  34.708445     8.7513    5.65429     48.347    32.6608    25.3260 0.0000e+00
 171.468791     48.306  34.705967     8.7521    5.66956     47.897    32.6577    25.3234 0.0000e+00
 171.468796     47.871  34.704699     8.7524    5.66847     47.466    32.6563    25.3222 0.0000e+00
 171.468802     47.453  34.704658     8.7598    5.68529     47.052    32.6496    25.3159 0.0000e+00
 171.468808     47.043  34.709737     8.7774    5.70215     46.645    32.6389    25.3048 0.0000e+00
 171.468814     46.636  34.722807     8.7978    5.72741     46.242    32.6339    25.2978 0.0000e+00
 171.468819     46.232  34.739444     8.8144    5.75886     45.841    32.6362    25.2970 0.0000e+00
 171.468825     45.826  34.751015     8.8340    5.76571     45.438    32.6304    25.2894 0.0000e+00
 171.468831     45.410  34.758956     8.8628    5.76616     45.026    32.6124    25.2709 0.0000e+00
 171.468837     44.983  34.768270     8.8905    5.78349     44.603    32.5968    25.2544 0.0000e+00
 171.468843     44.561  34.777945     8.9082    5.80430     44.184    32.5908    25.2470 0.0000e+00
 171.468848     44.160  34.785768     8.9195    5.84851     43.787    32.5888    25.2437 0.0000e+00
 171.468854     43.775  34.790424     8.9270    5.89364     43.405    32.5869    25.2410 0.0000e+00
 171.468860     43.391  34.791977     8.9331    5.94828     43.024    32.5831    25.2371 0.0000e+00
 171.468866     42.996  34.791960     8.9468    6.00453     42.633    32.5707    25.2253 0.0000e+00
 171.468872     42.578  34.792617     8.9780    6.04224     42.218    32.5430    25.1987 0.0000e+00
 171.468877     42.127  34.798215     9.0242    6.08895     41.771    32.5068    25.1632 0.0000e+00
 171.468883     41.654  34.811195     9.0698    6.11088     41.302    32.4788    25.1342 0.0000e+00
 171.468889     41.175  34.828141     9.1034    6.13153     40.827    32.4660    25.1189 0.0000e+00
 171.468895     40.698  34.844763     9.1224    6.15980     40.354    32.4661    25.1160 0.0000e+00
 171.468900     40.228  34.860264     9.1297    6.18914     39.888    32.4757    25.1224 0.0000e+00
 171.468906     39.767  34.872347     9.1327    6.21328     39.431    32.4856    25.1297 0.0000e+00
 171.468912     39.318  34.878644     9.1376    6.22872     38.986    32.4879    25.1307 0.0000e+00
 171.468918     38.874  34.883089     9.1507    6.22355     38.546    32.4807    25.1230 0.0000e+00
 171.468924     38.426  34.890511     9.1769    6.22693     38.102    32.4647    25.1064 0.0000e+00
 171.468929     37.977  34.902978     9.2071    6.25079     37.657    32.4503    25.0904 0.0000e+00
 171.468935     37.532  34.918630     9.2282    6.27186     37.215    32.4475    25.0848 0.0000e+00
 171.468941     37.098  34.935374     9.2399    6.29649     36.785    32.4544    25.0883 0.0000e+00
 171.468947     36.677  34.950888     9.2475    6.29159     36.368    32.4636    25.0944 0.0000e+00
 171.468953     36.258  34.959524     9.2529    6.29258     35.952    32.4678    25.0968 0.0000e+00
 171.468958     35.825  34.962152     9.2586    6.29585     35.523    32.4655    25.0941 0.0000e+00
 171.468964     35.366  34.964529     9.2670    6.30878     35.068    32.4606    25.0889 0.0000e+00
 171.468970     34.886  34.968710     9.2754    6.32924     34.592    32.4575    25.0851 0.0000e+00
 171.468976     34.399  34.973545     9.2801    6.32935     34.109    32.4584    25.0851 0.0000e+00
 171.468981     33.911  34.978755     9.2821    6.31767     33.625    32.4622    25.0877 0.0000e+00
 171.468987     33.425  34.983999     9.2835    6.30189     33.143    32.4665    25.0909 0.0000e+00
 171.468993     32.946  34.986738     9.2851    6.29951     32.668    32.4681    25.0919 0.0000e+00
 171.468999     32.472  34.988382     9.2881    6.31399     32.198    32.4673    25.0907 0.0000e+00
 171.469005     31.995  34.993370     9.2931    6.33399     31.726    32.4681    25.0906 0.0000e+00
 171.469010     31.509  34.999940     9.2993    6.33545     31.244    32.4694    25.0906 0.0000e+00
 171.469016     31.020  35.002835     9.3084    6.34412     30.759    32.4644    25.0852 0.0000e+00
 171.469022     30.525  35.004798     9.3228    6.33781     30.268    32.4535    25.0745 0.0000e+00
 171.469028     30.022  35.011813     9.3398    6.36090     29.769    32.4455    25.0655 0.0000e+00
 171.469034     29.515  35.022020     9.3553    6.39467     29.267    32.4422    25.0604 0.0000e+00
 171.469039     29.004  35.032206     9.3682    6.39273     28.760    32.4412    25.0576 0.0000e+00
 171.469045     28.492  35.042499     9.3817    6.37621     28.252    32.4398    25.0543 0.0000e+00
 171.469051     27.981  35.052605     9.3986    6.38861     27.746    32.4351    25.0480 0.0000e+00
 171.469057     27.472  35.061982     9.4188    6.47838     27.241    32.4266    25.0381 0.0000e+00
 171.469063     26.972  35.072482     9.4396    6.57239     26.745    32.4188    25.0287 0.0000e+00
 171.469068     26.487  35.088576     9.4593    6.66069     26.264    32.4177    25.0247 0.0000e+00
 171.469074     26.016  35.108172     9.4782    6.73015     25.797    32.4209    25.0241 0.0000e+00
 171.469080     25.550  35.124316     9.5031    6.73299     25.335    32.4152    25.0156 0.0000e+00
 171.469086     25.078  35.136663     9.5625    6.74285     24.867    32.3744    24.9742 0.0000e+00
 171.469091     24.595  35.164482     9.6805    6.77430     24.388    32.2968    24.8945 0.0000e+00
 171.469097     24.100  35.231406     9.8195    6.82217     23.897    32.2405    24.8280 0.0000e+00
 171.469103     23.591  35.323478     9.9196    6.86360     23.393    32.2447    24.8149 0.0000e+00
 171.469109     23.079  35.411489     9.9711    6.89241     22.885    32.2881    24.8402 0.0000e+00
 171.469115     22.584  35.473718     9.9958    6.89080     22.394    32.3293    24.8683 0.0000e+00
 171.469120     22.106  35.497808    10.0158    6.90043     21.920    32.3360    24.8702 0.0000e+00
 171.469126     21.626  35.504668    10.0564    6.94109     21.444    32.3068    24.8407 0.0000e+00
 171.469132     21.129  35.526445    10.1212    6.97915     20.952    32.2712    24.8021 0.0000e+00
 171.469138     20.622  35.569178    10.1816    7.02009     20.449    32.2607    24.7839 0.0000e+00
 171.469144     20.112  35.619180    10.2240    7.00095     19.943    32.2736    24.7868 0.0000e+00
 171.469149     19.601  35.668535    10.2677    6.97243     19.436    32.2846    24.7880 0.0000e+00
 171.469155     19.085  35.707341    10.3388    6.96059     18.925    32.2606    24.7573 0.0000e+00
 171.469161     18.562  35.743597    10.4343    6.98522     18.406    32.2125    24.7037 0.0000e+00
 171.469167     18.042  35.798724    10.5177    7.01849     17.891    32.1941    24.6751 0.0000e+00
 171.469172     17.538  35.864345    10.5706    7.01049     17.391    32.2131    24.6809 0.0000e+00
 171.469178     17.053  35.920841    10.6018    6.98440     16.910    32.2422    24.6981 0.0000e+00
 171.469184     16.582  35.953246    10.6302    6.98754     16.443    32.2496    24.6990 0.0000e+00
 171.469190     16.120  35.969437    10.6772    7.03222     15.985    32.2244    24.6713 0.0000e+00
 171.469196     15.663  35.997176    10.7409    7.06696     15.532    32.1961    24.6383 0.0000e+00
 171.469201     15.209  36.056627    10.8054    7.06803     15.082    32.1985    24.6290 0.0000e+00
 171.469207     14.750  36.128899    10.8648    7.00816     14.626    32.2182    24.6340 0.0000e+00
 171.469213     14.273  36.174056    10.9286    6.94190     14.153    32.2070    24.6142 0.0000e+00
 171.469219     13.770  36.199028    11.0236    6.99163     13.655    32.1486    24.5521 0.0000e+00
 171.469225     13.248  36.248342    11.1433    7.08051     13.137    32.0929    24.4876 0.0000e+00
 171.469230     12.724  36.332783    11.2428    7.19247     12.617    32.0894    24.4672 0.0000e+00
 171.469236     12.212  36.417423    11.3069    7.26594     12.110    32.1169    24.4771 0.0000e+00
 171.469242     11.719  36.483312    11.3588    7.26157     11.621    32.1365    24.4831 0.0000e+00
 171.469248     11.238  36.536417    11.4538    7.19215     11.144    32.1060    24.4424 0.0000e+00
 171.469253     10.760  36.594261    11.6544    7.09654     10.670    31.9890    24.3152 0.0000e+00
 171.469259     10.282  36.689656    11.9393    6.99532     10.196    31.8371    24.1451 0.0000e+00
 171.469265      9.797  36.820769    12.2072    6.90122      9.715    31.7353    24.0165 0.0000e+00
 171.469271      9.305  36.941415    12.3966    6.81780      9.227    31.6906    23.9463 0.0000e+00
 171.469277      8.809  37.028496    12.5257    6.72431      8.735    31.6649    23.9019 0.0000e+00
 171.469282      8.308  37.077549    12.6258    6.63245      8.238    31.6276    23.8539 0.0000e+00
 171.469288      7.799  37.085558    12.7026    6.52927      7.734    31.5710    23.7954 0.0000e+00
 171.469294      7.289  37.069955    12.7514    6.45274      7.228    31.5156    23.7432 0.0000e+00
 171.469300      6.784  37.045862    12.7790    6.43983      6.727    31.4700    23.7026 0.0000e+00
 171.469306      6.282  37.018759    12.8031    6.46536      6.229    31.4246    23.6628 0.0000e+00
 171.469311      5.780  37.002452    12.8333    6.52657      5.732    31.3843    23.6258 0.0000e+00
 171.469317      5.286  37.007746    12.8642    6.45980      5.242    31.3638    23.6040 0.0000e+00
 171.469323      4.806  37.031044    12.8966    6.38141      4.766    31.3591    23.5940 0.0000e+00
 171.469329      4.340  37.052925    12.9539    6.36682      4.304    31.3324    23.5623 0.0000e+00
 171.469334      3.884  37.068905    13.0456    6.34306      3.852    31.2719    23.4977 0.0000e+00
 171.469340      3.442  37.101980    13.1405    6.31197      3.413    31.2249    23.4429 0.0000e+00
 171.469346      3.027  37.160352    13.2160    6.22871      3.002    31.2176    23.4225 0.0000e+00
 171.469352      2.636  37.221445    13.2764    6.14451      2.614    31.2252    23.4165 0.0000e+00
 171.469358      2.262  37.238813    13.3349    6.09097      2.243    31.1936    23.3806 0.0000e+00
 171.469363      1.904  37.236186    13.4403    7.10542      1.888    31.1052    23.2915 0.0000e+00
 171.469369      1.567  37.284694    13.6063    7.13028      1.554    31.0153    23.1891 0.0000e+00
 171.469375      1.260  37.383375    13.7528    7.07534      1.249    30.9880    23.1387 0.0000e+00
 171.469381      0.990  37.497744    13.8182    7.10544      0.982    31.0406    23.1662 0.0000e+00
