data/oxygen options/ONMS/Olympic_Coast_National_Marine_Sanctuary_Hypoxia_Survey_CTD_Data_2004_2015/raw_data/2006/CTD_TH090_081706faed.cnv
* Sea-Bird SBE19 Data File:
* FileName = C:\Hypoxia_Data_2006\CTD_TH090_081706.hex
* Software Version 1.1.6
* Temperature SN = 2997
* Conductivity SN = 2997
* System UpLoad Time = Aug 17 2006 11:31:20
* SEACAT PROFILER V3.1c SN 2997   08/17/06  11:30:48.892
* strain gauge pressure sensor: S/N = 184829,  range = 3000 psia,  tc = 40
# nquan = 9                                 
# nvalues = 1016                        
# units = specified
# name 0 = timeJ: Julian Days
# name 1 = prSM: Pressure, Strain Gauge [db]
# name 2 = c0mS/cm: Conductivity [mS/cm]
# name 3 = t090C: Temperature [ITS-90, deg C]
# name 4 = oxML/L: Oxygen, Beckman/YSI [ml/l]
# name 5 = depSM: Depth [salt water, m], lat = 47.5
# name 6 = sal00: Salinity, Practical [PSU]
# name 7 = sigma-é00: Density [sigma-theta, kg/m^3]
# name 8 = flag: flag
# span 0 = 229.472986, 229.478860       
# span 1 =     -4.349,     91.527       
# span 2 =   0.567167,  37.061728       
# span 3 =     5.6183,    12.9532       
# span 4 =   -1.28553,   36.45459       
# span 5 =     -4.313,     90.743       
# span 6 =     0.3623,    33.9209       
# span 7 =    -0.3326,    26.5101       
# span 8 = 0.0000e+00, 0.0000e+00       
# interval = seconds: 0.5
# start_time = Aug 17 2006 11:21:06 [Instrument's time stamp, header]
# bad_flag = -9.990e-29
*END*
[from data line 321]
 229.474844      2.266  36.903975    12.0577    5.96803      2.247    31.9457    24.2072 -9.990e-29
 229.474850      2.270  36.904666    12.0562    5.97615      2.251    31.9476    24.2090 -9.990e-29
 229.474855      2.267  36.910911    12.0623    5.97539      2.248    31.9484    24.2085 -9.990e-29
 229.474861      2.262  36.914773    12.0673    5.97864      2.243    31.9478    24.2071 -9.990e-29
 229.474867      2.263  36.914675    12.0656    5.97855      2.244    31.9492    24.2085 -9.990e-29
 229.474873      2.270  36.911615    12.0619    5.97135      2.251    31.9494    24.2094 -9.990e-29
 229.474878      2.276  36.908249    12.0628    5.97184      2.257    31.9454    24.2061 -9.990e-29
 229.474884      2.275  36.908506    12.0672    5.97235      2.256    31.9419    24.2025 -9.990e-29
 229.474890      2.269  36.911050    12.0704    5.96575      2.250    31.9416    24.2017 -9.990e-29
 229.474896      2.257  36.913106    12.0697    5.95896      2.238    31.9442    24.2039 -9.990e-29
 229.474902      2.242  36.912374    12.0642    5.94323      2.223    31.9482    24.2080 -9.990e-29
 229.474907      2.236  36.908443    12.0558    5.93492      2.217    31.9516    24.2122 -9.990e-29
 229.474913      2.247  36.903931    12.0468    5.93778      2.228    31.9549    24.2165 -9.990e-29
 229.474919      2.268  36.898995    12.0385    5.94511      2.249    31.9573    24.2198 -9.990e-29
 229.474925      2.287  36.894350    12.0328    5.94675      2.268    31.9577    24.2212 -9.990e-29
 229.474931      2.301  36.892779    12.0310    5.95642      2.282    31.9577    24.2215 -9.990e-29
 229.474936      2.310  36.894993    12.0332    5.95505      2.291    31.9580    24.2213 -9.990e-29
 229.474942      2.316  36.899461    12.0381    5.95041      2.297    31.9581    24.2205 -9.990e-29
 229.474948      2.319  36.903167    12.0436    5.95077      2.300    31.9569    24.2186 -9.990e-29
 229.474954      2.319  36.904889    12.0486    5.95723      2.300    31.9543    24.2156 -9.990e-29
 229.474959      2.316  36.905245    12.0525    5.95325      2.297    31.9513    24.2126 -9.990e-29
 229.474965      2.309  36.904155    12.0547    5.95490      2.290    31.9484    24.2099 -9.990e-29
 229.474971      2.303  36.901293    12.0542    5.94749      2.284    31.9461    24.2082 -9.990e-29
 229.474977      2.302  36.896772    12.0523    5.95048      2.283    31.9433    24.2064 -9.990e-29
 229.474983      2.301  36.892984    12.0537    5.95822      2.282    31.9385    24.2024 -9.990e-29
 229.474988      2.295  36.892737    12.0600    5.96069      2.276    31.9329    24.1969 -9.990e-29
 229.474994      2.289  36.895704    12.0639    5.95578      2.270    31.9324    24.1958 -9.990e-29
 229.475000      2.291  36.899115    12.0601    5.95901      2.272    31.9389    24.2016 -9.990e-29
 229.475006      2.301  36.900793    12.0526    5.95144      2.282    31.9469    24.2092 -9.990e-29
 229.475012      2.312  36.900177    12.0472    5.94908      2.293    31.9510    24.2133 -9.990e-29
 229.475017      2.318  36.898692    12.0449    5.94997      2.299    31.9515    24.2141 -9.990e-29
 229.475023      2.326  36.897727    12.0435    5.94167      2.307    31.9518    24.2146 -9.990e-29
 229.475029      2.340  36.894876    12.0402    5.94520      2.320    31.9518    24.2153 -9.990e-29
 229.475035      2.357  36.890267    12.0344    5.94696      2.337    31.9524    24.2168 -9.990e-29
 229.475041      2.373  36.887294    12.0287    5.94904      2.353    31.9544    24.2194 -9.990e-29
 229.475046      2.389  36.885924    12.0246    5.95230      2.369    31.9566    24.2218 -9.990e-29
 229.475052      2.403  36.884896    12.0238    5.95755      2.383    31.9562    24.2217 -9.990e-29
 229.475058      2.406  36.885084    12.0288    5.95219      2.386    31.9521    24.2176 -9.990e-29
 229.475064      2.398  36.888426    12.0366    5.95084      2.378    31.9487    24.2135 -9.990e-29
 229.475069      2.389  36.893209    12.0405    5.95047      2.369    31.9500    24.2138 -9.990e-29
 229.475075      2.385  36.895723    12.0387    5.95702      2.365    31.9539    24.2172 -9.990e-29
 229.475081      2.395  36.895400    12.0345    5.96102      2.375    31.9572    24.2205 -9.990e-29
 229.475087      2.419  36.892375    12.0309    5.96043      2.399    31.9574    24.2213 -9.990e-29
 229.475093      2.447  36.888788    12.0292    5.94559      2.427    31.9554    24.2201 -9.990e-29
 229.475098      2.463  36.888460    12.0309    5.94747      2.442    31.9536    24.2184 -9.990e-29
 229.475104      2.460  36.890954    12.0359    5.94889      2.439    31.9517    24.2160 -9.990e-29
 229.475110      2.445  36.893615    12.0399    5.95185      2.425    31.9508    24.2146 -9.990e-29
 229.475116      2.435  36.895512    12.0401    5.94996      2.415    31.9525    24.2158 -9.990e-29
 229.475122      2.438  36.896006    12.0374    5.95337      2.418    31.9553    24.2185 -9.990e-29
 229.475127      2.450  36.894078    12.0355    5.94786      2.430    31.9551    24.2186 -9.990e-29
 229.475133      2.463  36.892211    12.0360    5.94686      2.442    31.9528    24.2168 -9.990e-29
 229.475139      2.469  36.892408    12.0351    5.94765      2.448    31.9538    24.2177 -9.990e-29
 229.475145      2.468  36.892129    12.0305    5.94652      2.447    31.9574    24.2214 -9.990e-29
 229.475150      2.470  36.890448    12.0257    5.93694      2.449    31.9599    24.2243 -9.990e-29
 229.475156      2.474  36.889056    12.0235    5.93356      2.453    31.9605    24.2251 -9.990e-29
 229.475162      2.472  36.889467    12.0225    5.94072      2.451    31.9617    24.2262 -9.990e-29
 229.475168      2.464  36.889988    12.0203    5.94564      2.443    31.9641    24.2285 -9.990e-29
 229.475174      2.458  36.887956    12.0175    5.94511      2.437    31.9646    24.2294 -9.990e-29
 229.475179      2.458  36.885153    12.0167    5.94232      2.437    31.9626    24.2280 -9.990e-29
 229.475185      2.459  36.884581    12.0187    5.93882      2.438    31.9603    24.2258 -9.990e-29
 229.475191      2.458  36.886039    12.0208    5.94054      2.437    31.9599    24.2251 -9.990e-29
 229.475197      2.458  36.887550    12.0207    5.94456      2.437    31.9614    24.2263 -9.990e-29
 229.475203      2.463  36.887770    12.0193    5.95191      2.442    31.9628    24.2277 -9.990e-29
 229.475208      2.471  36.886999    12.0184    5.95448      2.450    31.9629    24.2279 -9.990e-29
 229.475214      2.472  36.887018    12.0183    5.95455      2.451    31.9630    24.2280 -9.990e-29
 229.475220      2.467  36.887857    12.0180    5.95306      2.446    31.9640    24.2289 -9.990e-29
 229.475226      2.465  36.887836    12.0169    5.94939      2.444    31.9650    24.2298 -9.990e-29
 229.475231      2.468  36.886933    12.0156    5.94846      2.447    31.9652    24.2302 -9.990e-29
 229.475237      2.474  36.886193    12.0146    5.95545      2.453    31.9653    24.2305 -9.990e-29
 229.475243      2.478  36.885753    12.0136    5.95006      2.457    31.9658    24.2310 -9.990e-29
 229.475249      2.485  36.885032    12.0126    5.95651      2.464    31.9659    24.2313 -9.990e-29
 229.475255      2.495  36.884197    12.0124    5.95807      2.474    31.9653    24.2309 -9.990e-29
 229.475260      2.500  36.883824    12.0130    5.95618      2.479    31.9644    24.2301 -9.990e-29
 229.475266      2.501  36.883979    12.0137    5.96530      2.480    31.9640    24.2296 -9.990e-29
 229.475272      2.502  36.884315    12.0144    5.96225      2.481    31.9637    24.2293 -9.990e-29
 229.475278      2.499  36.884725    12.0160    5.95553      2.478    31.9627    24.2282 -9.990e-29
 229.475284      2.487  36.885759    12.0184    5.94565      2.466    31.9617    24.2270 -9.990e-29
 229.475289      2.470  36.887120    12.0198    5.94796      2.449    31.9618    24.2268 -9.990e-29
 229.475295      2.459  36.887821    12.0193    5.95074      2.438    31.9629    24.2277 -9.990e-29
 229.475301      2.463  36.887684    12.0177    5.95526      2.442    31.9641    24.2290 -9.990e-29
 229.475307      2.477  36.887092    12.0167    5.95692      2.456    31.9644    24.2294 -9.990e-29
 229.475313      2.494  36.886943    12.0165    5.95197      2.473    31.9644    24.2295 -9.990e-29
 229.475318      2.506  36.887606    12.0164    5.95360      2.485    31.9652    24.2300 -9.990e-29
 229.475324      2.515  36.888286    12.0170    5.96082      2.494    31.9653    24.2300 -9.990e-29
 229.475330      2.528  36.888773    12.0181    5.95508      2.507    31.9648    24.2295 -9.990e-29
 229.475336      2.551  36.889159    12.0187    5.95383      2.530    31.9647    24.2292 -9.990e-29
 229.475341      2.578  36.888843    12.0193    5.95878      2.556    31.9638    24.2285 -9.990e-29
 229.475347      2.593  36.888532    12.0207    5.95861      2.571    31.9623    24.2270 -9.990e-29
 229.475353      2.592  36.889497    12.0224    5.96927      2.570    31.9618    24.2263 -9.990e-29
 229.475359      2.583  36.890787    12.0235    5.97043      2.561    31.9621    24.2263 -9.990e-29
 229.475365      2.572  36.891324    12.0239    5.95923      2.551    31.9623    24.2264 -9.990e-29
 229.475370      2.561  36.891268    12.0238    5.95592      2.540    31.9623    24.2265 -9.990e-29
 229.475376      2.553  36.891111    12.0235    5.94380      2.532    31.9624    24.2266 -9.990e-29
 229.475382      2.549  36.891212    12.0229    5.94572      2.528    31.9630    24.2272 -9.990e-29
 229.475388      2.552  36.891148    12.0218    5.95559      2.531    31.9639    24.2281 -9.990e-29
 229.475394      2.563  36.890840    12.0207    5.94554      2.542    31.9646    24.2288 -9.990e-29
 229.475399      2.573  36.890444    12.0206    5.96391      2.552    31.9643    24.2286 -9.990e-29
 229.475405      2.579  36.889996    12.0213    5.96018      2.557    31.9632    24.2276 -9.990e-29
 229.475411      2.582  36.890027    12.0225    5.95805      2.560    31.9622    24.2266 -9.990e-29
 229.475417      2.581  36.890583    12.0237    5.96729      2.559    31.9617    24.2260 -9.990e-29
 229.475422      2.577  36.891288    12.0241    5.96181      2.555    31.9621    24.2262 -9.990e-29
 229.475428      2.568  36.891405    12.0233    5.96416      2.547    31.9629    24.2270 -9.990e-29
 229.475434      2.560  36.890535    12.0219    5.97130      2.539    31.9632    24.2275 -9.990e-29
 229.475440      2.556  36.889206    12.0208    5.96235      2.535    31.9629    24.2275 -9.990e-29
 229.475446      2.551  36.887896    12.0213    5.97662      2.530    31.9612    24.2261 -9.990e-29
 229.475451      2.536  36.887667    12.0243    5.97711      2.515    31.9584    24.2234 -9.990e-29
 229.475457      2.514  36.889340    12.0286    5.96896      2.493    31.9564    24.2210 -9.990e-29
 229.475463      2.502  36.891785    12.0317    5.97263      2.481    31.9561    24.2201 -9.990e-29
 229.475469      2.503  36.893782    12.0331    5.96749      2.482    31.9568    24.2205 -9.990e-29
 229.475475      2.512  36.895197    12.0337    5.96943      2.491    31.9576    24.2210 -9.990e-29
 229.475480      2.531  36.895676    12.0337    5.97144      2.510    31.9581    24.2213 -9.990e-29
 229.475486      2.556  36.895305    12.0331    5.96765      2.535    31.9582    24.2216 -9.990e-29
 229.475492      2.580  36.894716    12.0315    5.96469      2.558    31.9590    24.2225 -9.990e-29
 229.475498      2.601  36.893689    12.0288    5.96469      2.579    31.9604    24.2240 -9.990e-29
 229.475503      2.615  36.892542    12.0271    5.95962      2.593    31.9607    24.2246 -9.990e-29
 229.475509      2.619  36.892555    12.0280    5.96624      2.597    31.9599    24.2238 -9.990e-29
 229.475515      2.617  36.893750    12.0305    5.96054      2.595    31.9589    24.2226 -9.990e-29
 229.475521      2.615  36.894919    12.0322    5.96766      2.593    31.9586    24.2220 -9.990e-29
 229.475527      2.611  36.894823    12.0323    5.97050      2.589    31.9584    24.2219 -9.990e-29
 229.475532      2.605  36.893901    12.0327    5.96980      2.583    31.9572    24.2209 -9.990e-29
 229.475538      2.598  36.893733    12.0357    5.97133      2.576    31.9545    24.2182 -9.990e-29
 229.475544      2.588  36.894663    12.0412    5.97578      2.566    31.9507    24.2142 -9.990e-29
 229.475550      2.579  36.896251    12.0450    5.97522      2.557    31.9490    24.2122 -9.990e-29
 229.475556      2.580  36.897258    12.0429    5.97778      2.558    31.9517    24.2147 -9.990e-29
 229.475561      2.590  36.896228    12.0370    5.98206      2.568    31.9558    24.2189 -9.990e-29
 229.475567      2.601  36.894037    12.0331    5.97823      2.579    31.9570    24.2206 -9.990e-29
 229.475573      2.610  36.893379    12.0325    5.97725      2.588    31.9569    24.2206 -9.990e-29
 229.475579      2.617  36.894499    12.0325    5.97655      2.595    31.9580    24.2215 -9.990e-29
 229.475584      2.628  36.894970    12.0318    5.97421      2.606    31.9590    24.2224 -9.990e-29
 229.475590      2.642  36.894303    12.0312    5.97474      2.620    31.9589    24.2224 -9.990e-29
 229.475596      2.652  36.893858    12.0318    5.96873      2.630    31.9579    24.2216 -9.990e-29
 229.475602      2.654  36.894169    12.0339    5.98003      2.632    31.9564    24.2200 -9.990e-29
 229.475608      2.650  36.895095    12.0366    5.98252      2.628    31.9550    24.2184 -9.990e-29
 229.475613      2.637  36.896193    12.0405    5.97531      2.615    31.9527    24.2159 -9.990e-29
 229.475619      2.616  36.897250    12.0463    5.98073      2.594    31.9488    24.2118 -9.990e-29
 229.475625      2.599  36.898558    12.0505    5.97774      2.577    31.9465    24.2092 -9.990e-29
 229.475631      2.600  36.900185    12.0501    5.98849      2.578    31.9484    24.2108 -9.990e-29
 229.475637      2.616  36.900944    12.0469    5.99268      2.594    31.9518    24.2140 -9.990e-29
 229.475642      2.634  36.900170    12.0444    5.99460      2.612    31.9532    24.2156 -9.990e-29
 229.475648      2.653  36.899076    12.0442    5.98761      2.631    31.9523    24.2149 -9.990e-29
 229.475654      2.669  36.899015    12.0460    5.98979      2.647    31.9507    24.2134 -9.990e-29
 229.475660      2.674  36.900471    12.0481    5.98770      2.652    31.9503    24.2127 -9.990e-29
 229.475666      2.668  36.902024    12.0492    5.97422      2.646    31.9509    24.2129 -9.990e-29
 229.475671      2.665  36.902385    12.0478    5.97253      2.643    31.9524    24.2143 -9.990e-29
 229.475677      2.672  36.900920    12.0425    5.95754      2.650    31.9556    24.2177 -9.990e-29
 229.475683      2.686  36.897366    12.0371    5.96717      2.664    31.9568    24.2197 -9.990e-29
 229.475689      2.698  36.894280    12.0356    5.98586      2.675    31.9551    24.2186 -9.990e-29
 229.475694      2.702  36.893720    12.0365    5.99822      2.679    31.9537    24.2175 -9.990e-29
 229.475700      2.697  36.894944    12.0383    6.00361      2.674    31.9534    24.2168 -9.990e-29
 229.475706      2.691  36.896784    12.0439    5.99781      2.669    31.9504    24.2135 -9.990e-29
 229.475712      2.689  36.899455    12.0565    5.99705      2.667    31.9422    24.2048 -9.990e-29
 229.475718      2.686  36.904281    12.0719    6.00227      2.664    31.9336    24.1953 -9.990e-29
 229.475723      2.678  36.909849    12.0804    6.01147      2.656    31.9317    24.1922 -9.990e-29
 229.475729      2.673  36.912374    12.0771    6.01181      2.651    31.9370    24.1969 -9.990e-29
 229.475735      2.678  36.909059    12.0674    6.00584      2.656    31.9421    24.2027 -9.990e-29
 229.475741      2.686  36.902785    12.0623    6.00255      2.664    31.9404    24.2023 -9.990e-29
 229.475747      2.688  36.901458    12.0648    5.99731      2.666    31.9370    24.1992 -9.990e-29
 229.475752      2.690  36.904991    12.0684    5.98844      2.668    31.9373    24.1988 -9.990e-29
 229.475758      2.695  36.908003    12.0697    5.97892      2.672    31.9391    24.1999 -9.990e-29
