data/oxygen options/ONMS/Olympic_Coast_National_Marine_Sanctuary_Hypoxia_Survey_CTD_Data_2004_2015/raw_data/2006/CTD_TH050_070606faed.cnv
* Sea-Bird SBE19 Data File:
* FileName = C:\Hypoxia_Data_2006\CTD_TH050_070606.hex
* Software Version 1.1.6
* Temperature SN = 2997
* Conductivity SN = 2997
* System UpLoad Time = Jul 06 2006 16:32:42
* SEACAT PROFILER V3.1c SN 2997   07/06/06  16:32:02.874
* strain gauge pressure sensor: S/N = 184829,  range = 3000 psia,  tc = 40
# nquan = 9                                 
# nvalues = 1231                        
# units = specified
# name 0 = timeJ: Julian Days
# name 1 = prSM: Pressure, Strain Gauge [db]
# name 2 = c0mS/cm: Conductivity [mS/cm]
# name 3 = t090C: Temperature [ITS-90, deg C]
# name 4 = oxML/L: Oxygen, Beckman/YSI [ml/l]
# name 5 = depSM: Depth [salt water, m], lat = 47.5
# name 6 = sal00: Salinity, Practical [PSU]
# name 7 = sigma-é00: Density [sigma-theta, kg/m^3]
# name 8 = flag: flag
# span 0 = 187.679977, 187.687095       
# span 1 =     -4.668,     50.570       
# span 2 =   2.983281,  37.244644       
# span 3 =     7.5248,    13.4645       
# span 4 =   -0.07703,   36.23650       
# span 5 =     -4.629,     50.142       
# span 6 =     2.1452,    33.7750       
# span 7 =     1.0649,    26.3812       
# span 8 = 0.0000e+00, 0.0000e+00       
# interval = seconds: 0.5
# start_time = Jul 06 2006 16:19:10 [Instrument's time stamp, header]
# bad_flag = -9.990e-29
*END*
[from data line 481]
 187.682760      1.888  36.526146    12.2044    6.73080      1.872    31.4586    23.8023 -9.990e-29
 187.682766      1.897  36.525296    12.2025    6.75189      1.881    31.4594    23.8032 -9.990e-29
 187.682772      1.910  36.523870    12.2002    6.75769      1.894    31.4600    23.8041 -9.990e-29
 187.682778      1.923  36.523335    12.1976    6.74778      1.907    31.4617    23.8059 -9.990e-29
 187.682784      1.935  36.518494    12.1956    6.74756      1.919    31.4587    23.8040 -9.990e-29
 187.682789      1.944  36.511872    12.1979    6.74595      1.928    31.4504    23.7971 -9.990e-29
 187.682795      1.948  36.510347    12.2057    6.74791      1.932    31.4424    23.7895 -9.990e-29
 187.682801      1.943  36.516369    12.2123    6.74731      1.927    31.4426    23.7884 -9.990e-29
 187.682807      1.932  36.523379    12.2121    6.74988      1.916    31.4495    23.7938 -9.990e-29
 187.682813      1.923  36.525019    12.2070    6.74997      1.907    31.4554    23.7993 -9.990e-29
 187.682818      1.920  36.521791    12.2032    6.75425      1.904    31.4555    23.8000 -9.990e-29
 187.682824      1.924  36.518366    12.2054    6.76192      1.908    31.4503    23.7957 -9.990e-29
 187.682830      1.929  36.519150    12.2114    6.75112      1.913    31.4460    23.7912 -9.990e-29
 187.682836      1.927  36.523502    12.2145    6.74018      1.911    31.4476    23.7918 -9.990e-29
 187.682841      1.919  36.527125    12.2129    6.72152      1.903    31.4524    23.7959 -9.990e-29
 187.682847      1.913  36.529240    12.2128    6.71593      1.897    31.4545    23.7975 -9.990e-29
 187.682853      1.912  36.532666    12.2180    6.72907      1.896    31.4534    23.7957 -9.990e-29
 187.682859      1.916  36.538041    12.2241    6.73850      1.900    31.4535    23.7946 -9.990e-29
 187.682865      1.926  36.541312    12.2248    6.75163      1.910    31.4560    23.7964 -9.990e-29
 187.682870      1.943  36.538424    12.2190    6.74939      1.927    31.4581    23.7991 -9.990e-29
 187.682876      1.962  36.531696    12.2119    6.75392      1.946    31.4576    23.8001 -9.990e-29
 187.682882      1.977  36.526740    12.2101    6.76916      1.960    31.4544    23.7979 -9.990e-29
 187.682888      1.989  36.527042    12.2132    6.80370      1.972    31.4521    23.7955 -9.990e-29
 187.682894      2.002  36.530196    12.2150    6.81803      1.985    31.4536    23.7964 -9.990e-29
 187.682899      2.017  36.531430    12.2131    6.77072      2.000    31.4563    23.7989 -9.990e-29
 187.682905      2.041  36.530706    12.2096    6.69378      2.024    31.4586    23.8013 -9.990e-29
 187.682911      2.078  36.529301    12.2069    6.62301      2.061    31.4595    23.8025 -9.990e-29
 187.682917      2.126  36.527583    12.2064    6.61597      2.108    31.4582    23.8016 -9.990e-29
 187.682922      2.185  36.526065    12.2034    6.65178      2.167    31.4593    23.8030 -9.990e-29
 187.682928      2.262  36.522158    12.1799    6.72684      2.243    31.4753    23.8197 -9.990e-29
 187.682934      2.367  36.503921    12.1146    6.77074      2.347    31.5128    23.8609 -9.990e-29
 187.682940      2.497  36.457133    12.0254    6.68826      2.476    31.5431    23.9009 0.0000e+00
 187.682946      2.636  36.394016    11.9628    6.58578      2.614    31.5352    23.9064 0.0000e+00
 187.682951      2.766  36.352126    11.9419    6.47069      2.743    31.5125    23.8926 -9.990e-29
 187.682957      2.883  36.346829    11.9420    6.42599      2.859    31.5072    23.8885 -9.990e-29
 187.682963      2.994  36.360389    11.9436    6.44386      2.969    31.5189    23.8973 -9.990e-29
 187.682969      3.115  36.369933    11.9203    6.48999      3.089    31.5478    23.9239 -9.990e-29
 187.682975      3.254  36.347237    11.8375    6.52958      3.227    31.5960    23.9766 0.0000e+00
 187.682980      3.407  36.281674    11.6951    6.54272      3.379    31.6537    24.0472 0.0000e+00
 187.682986      3.561  36.204186    11.5552    6.53256      3.531    31.6978    24.1068 0.0000e+00
 187.682992      3.706  36.149992    11.4784    6.47747      3.675    31.7108    24.1307 0.0000e+00
 187.682998      3.833  36.129257    11.4602    6.45590      3.801    31.7061    24.1303 -9.990e-29
 187.683003      3.938  36.132814    11.4737    6.46900      3.905    31.6980    24.1216 -9.990e-29
 187.683009      4.023  36.149123    11.4997    6.51037      3.989    31.6915    24.1119 -9.990e-29
 187.683015      4.093  36.164590    11.5153    6.53899      4.059    31.6932    24.1105 -9.990e-29
 187.683021      4.154  36.167865    11.5105    6.53646      4.119    31.7005    24.1170 -9.990e-29
 187.683027      4.208  36.155467    11.4837    6.51931      4.173    31.7114    24.1302 -9.990e-29
 187.683032      4.260  36.131622    11.4447    6.51170      4.224    31.7215    24.1451 -9.990e-29
 187.683038      4.308  36.113899    11.4218    6.50551      4.272    31.7239    24.1510 -9.990e-29
 187.683044      4.347  36.113437    11.4201    6.48356      4.311    31.7248    24.1521 -9.990e-29
 187.683050      4.379  36.126242    11.4163    6.43561      4.342    31.7406    24.1650 -9.990e-29
 187.683056      4.415  36.137408    11.4003    6.40279      4.378    31.7652    24.1870 -9.990e-29
 187.683061      4.465  36.133217    11.3786    6.38367      4.428    31.7798    24.2022 -9.990e-29
 187.683067      4.538  36.115934    11.3552    6.34040      4.500    31.7830    24.2089 -9.990e-29
 187.683073      4.633  36.094483    11.3249    6.30711      4.594    31.7881    24.2182 -9.990e-29
 187.683079      4.747  36.070546    11.2761    6.29815      4.707    31.8066    24.2413 -9.990e-29
 187.683084      4.872  36.034079    11.2182    6.31355      4.831    31.8208    24.2626 -9.990e-29
 187.683090      4.990  35.991422    11.1788    6.33611      4.948    31.8129    24.2634 -9.990e-29
 187.683096      5.090  35.967581    11.1575    6.36863      5.047    31.8078    24.2632 -9.990e-29
 187.683102      5.175  35.959919    11.1387    6.36053      5.132    31.8165    24.2733 -9.990e-29
 187.683108      5.246  35.945872    11.1278    6.34436      5.202    31.8121    24.2718 -9.990e-29
 187.683113      5.299  35.931950    11.1376    6.33284      5.255    31.7899    24.2528 -9.990e-29
 187.683119      5.333  35.942212    11.1562    6.31821      5.288    31.7839    24.2449 -9.990e-29
 187.683125      5.346  35.967899    11.1579    6.35374      5.301    31.8077    24.2631 -9.990e-29
 187.683131      5.344  35.983242    11.1463    6.35876      5.299    31.8328    24.2846 -9.990e-29
 187.683137      5.346  35.981779    11.1370    6.34549      5.301    31.8394    24.2914 -9.990e-29
 187.683142      5.366  35.965488    11.1274    6.30357      5.321    31.8317    24.2871 -9.990e-29
 187.683148      5.398  35.940686    11.1179    6.26155      5.353    31.8155    24.2762 -9.990e-29
 187.683154      5.425  35.918614    11.1127    6.26476      5.380    31.7983    24.2637 -9.990e-29
 187.683160      5.442  35.912467    11.1057    6.28850      5.397    31.7983    24.2649 -9.990e-29
 187.683166      5.448  35.921898    11.0901    6.30935      5.402    31.8210    24.2854 -9.990e-29
 187.683171      5.449  35.926386    11.0653    6.31707      5.403    31.8469    24.3099 -9.990e-29
 187.683177      5.450  35.913403    11.0333    6.29896      5.404    31.8619    24.3271 -9.990e-29
 187.683183      5.449  35.888069    11.0079    6.28809      5.403    31.8589    24.3293 -9.990e-29
 187.683189      5.448  35.871010    11.0052    6.28479      5.402    31.8444    24.3185 -9.990e-29
 187.683194      5.441  35.876490    11.0192    6.29237      5.396    31.8377    24.3108 -9.990e-29
 187.683200      5.429  35.892177    11.0323    6.30457      5.384    31.8418    24.3117 -9.990e-29
 187.683206      5.419  35.902526    11.0354    6.29068      5.374    31.8494    24.3170 -9.990e-29
 187.683212      5.414  35.902269    11.0291    6.28356      5.369    31.8546    24.3222 -9.990e-29
 187.683218      5.416  35.893869    11.0206    6.28497      5.371    31.8537    24.3229 -9.990e-29
 187.683223      5.422  35.886878    11.0161    6.28104      5.377    31.8507    24.3214 -9.990e-29
 187.683229      5.435  35.885994    11.0138    6.28336      5.390    31.8518    24.3227 -9.990e-29
 187.683235      5.450  35.886668    11.0112    6.27533      5.404    31.8547    24.3254 -9.990e-29
 187.683241      5.460  35.884187    11.0091    6.27365      5.414    31.8541    24.3253 -9.990e-29
 187.683247      5.461  35.879166    11.0075    6.27154      5.415    31.8505    24.3228 -9.990e-29
 187.683252      5.458  35.875005    11.0041    6.29380      5.412    31.8493    24.3225 -9.990e-29
 187.683258      5.459  35.873447    10.9967    6.30343      5.413    31.8542    24.3276 -9.990e-29
 187.683264      5.464  35.872411    10.9871    6.31661      5.418    31.8615    24.3349 -9.990e-29
 187.683270      5.465  35.869393    10.9806    6.31458      5.419    31.8642    24.3381 -9.990e-29
 187.683275      5.457  35.866535    10.9815    6.29077      5.411    31.8606    24.3352 -9.990e-29
 187.683281      5.445  35.868437    10.9900    6.27430      5.399    31.8551    24.3294 -9.990e-29
 187.683287      5.435  35.876509    11.0035    6.27917      5.390    31.8514    24.3241 -9.990e-29
 187.683293      5.433  35.887491    11.0166    6.29726      5.388    31.8508    24.3214 -9.990e-29
 187.683299      5.437  35.896954    11.0235    6.31319      5.392    31.8542    24.3228 -9.990e-29
 187.683304      5.448  35.900689    11.0222    6.32010      5.402    31.8590    24.3268 -9.990e-29
 187.683310      5.466  35.894700    11.0138    6.28840      5.420    31.8603    24.3293 -9.990e-29
 187.683316      5.489  35.881661    11.0058    6.26924      5.443    31.8544    24.3261 -9.990e-29
 187.683322      5.506  35.872788    11.0064    6.26826      5.460    31.8451    24.3188 -9.990e-29
 187.683328      5.507  35.874197    11.0127    6.27520      5.461    31.8411    24.3145 -9.990e-29
 187.683333      5.499  35.881031    11.0164    6.29960      5.453    31.8446    24.3166 -9.990e-29
 187.683339      5.489  35.885574    11.0109    6.30119      5.443    31.8539    24.3248 -9.990e-29
 187.683345      5.485  35.878739    10.9954    6.27439      5.439    31.8606    24.3327 -9.990e-29
 187.683351      5.486  35.861508    10.9821    6.25940      5.440    31.8551    24.3308 -9.990e-29
 187.683356      5.485  35.852410    10.9840    6.26587      5.439    31.8445    24.3222 -9.990e-29
 187.683362      5.476  35.859501    10.9961    6.28505      5.430    31.8410    24.3174 -9.990e-29
 187.683368      5.460  35.871477    11.0048    6.29562      5.414    31.8453    24.3192 -9.990e-29
 187.683374      5.444  35.879065    11.0024    6.29353      5.398    31.8548    24.3270 -9.990e-29
 187.683380      5.439  35.877800    10.9906    6.27080      5.394    31.8638    24.3361 -9.990e-29
 187.683385      5.446  35.867120    10.9820    6.27295      5.400    31.8607    24.3352 -9.990e-29
 187.683391      5.455  35.859145    10.9858    6.28670      5.409    31.8496    24.3258 -9.990e-29
 187.683397      5.460  35.863426    10.9940    6.30386      5.414    31.8467    24.3222 -9.990e-29
 187.683403      5.461  35.872205    10.9961    6.30130      5.415    31.8535    24.3271 -9.990e-29
 187.683409      5.466  35.875875    10.9900    6.28441      5.420    31.8624    24.3351 -9.990e-29
 187.683414      5.475  35.872037    10.9838    6.27561      5.429    31.8640    24.3374 -9.990e-29
 187.683420      5.481  35.866229    10.9885    6.26418      5.435    31.8542    24.3290 -9.990e-29
 187.683426      5.479  35.868093    11.0001    6.27523      5.433    31.8460    24.3206 -9.990e-29
 187.683432      5.474  35.876182    11.0075    6.27230      5.428    31.8475    24.3205 -9.990e-29
 187.683438      5.474  35.881649    11.0047    6.28030      5.428    31.8554    24.3271 -9.990e-29
 187.683443      5.483  35.877763    10.9921    6.29339      5.437    31.8625    24.3348 -9.990e-29
 187.683449      5.497  35.866074    10.9802    6.30145      5.451    31.8613    24.3359 -9.990e-29
 187.683455      5.510  35.857356    10.9788    6.31172      5.464    31.8539    24.3304 -9.990e-29
 187.683461      5.517  35.856809    10.9859    6.31518      5.471    31.8472    24.3240 -9.990e-29
 187.683466      5.519  35.862013    10.9957    6.31613      5.473    31.8438    24.3196 -9.990e-29
 187.683472      5.516  35.868689    11.0058    6.31442      5.470    31.8416    24.3162 -9.990e-29
 187.683478      5.508  35.875266    11.0149    6.31758      5.462    31.8402    24.3135 -9.990e-29
 187.683484      5.494  35.882102    11.0203    6.30763      5.448    31.8423    24.3141 -9.990e-29
 187.683490      5.478  35.887837    11.0197    6.30212      5.432    31.8485    24.3191 -9.990e-29
 187.683495      5.467  35.892820    11.0171    6.30052      5.421    31.8556    24.3251 -9.990e-29
 187.683501      5.464  35.897707    11.0163    6.30253      5.418    31.8611    24.3295 -9.990e-29
 187.683507      5.466  35.896670    11.0163    6.30807      5.420    31.8601    24.3287 -9.990e-29
 187.683513      5.469  35.891122    11.0174    6.29064      5.423    31.8537    24.3235 -9.990e-29
 187.683519      5.471  35.890487    11.0175    6.26805      5.425    31.8530    24.3230 -9.990e-29
 187.683524      5.474  35.890546    11.0127    6.24673      5.428    31.8572    24.3271 -9.990e-29
 187.683530      5.483  35.885201    11.0058    6.25410      5.437    31.8579    24.3288 -9.990e-29
 187.683536      5.501  35.879100    11.0014    6.26746      5.455    31.8557    24.3279 -9.990e-29
 187.683542      5.525  35.877002    10.9985    6.29080      5.479    31.8561    24.3287 -9.990e-29
 187.683547      5.550  35.875541    10.9922    6.30939      5.504    31.8602    24.3330 -9.990e-29
 187.683553      5.571  35.867714    10.9816    6.29503      5.524    31.8616    24.3360 -9.990e-29
 187.683559      5.590  35.853734    10.9745    6.27374      5.543    31.8540    24.3313 -9.990e-29
 187.683565      5.609  35.845805    10.9789    6.28326      5.562    31.8423    24.3214 -9.990e-29
 187.683571      5.629  35.852980    10.9914    6.31510      5.582    31.8386    24.3163 -9.990e-29
 187.683576      5.655  35.865745    11.0034    6.33308      5.608    31.8407    24.3159 -9.990e-29
 187.683582      5.698  35.873631    11.0120    6.31874      5.650    31.8410    24.3146 -9.990e-29
 187.683588      5.764  35.878736    11.0131    6.26834      5.716    31.8451    24.3176 -9.990e-29
 187.683594      5.858  35.876646    11.0042    6.20530      5.809    31.8507    24.3235 -9.990e-29
 187.683600      5.981  35.864008    10.9962    6.12501      5.931    31.8451    24.3206 -9.990e-29
 187.683605      6.129  35.855376    10.9940    6.07011      6.078    31.8385    24.3158 0.0000e+00
 187.683611      6.302  35.854376    10.9768    6.01097      6.249    31.8523    24.3296 0.0000e+00
 187.683617      6.515  35.842838    10.9176    5.84602      6.461    31.8923    24.3710 0.0000e+00
 187.683623      6.782  35.802008    10.8137    5.58498      6.725    31.9422    24.4279 0.0000e+00
 187.683628      7.103  35.730727    10.6853    5.35096      7.044    31.9836    24.4822 0.0000e+00
 187.683634      7.464  35.641630    10.5506    5.23707      7.402    32.0128    24.5280 0.0000e+00
 187.683640      7.845  35.551069    10.4193    5.27354      7.779    32.0375    24.5697 0.0000e+00
 187.683646      8.232  35.472875    10.2787    5.42415      8.163    32.0830    24.6288 0.0000e+00
 187.683652      8.620  35.397548    10.0807    5.49231      8.548    32.1825    24.7395 0.0000e+00
 187.683657      9.003  35.289126     9.8021    5.44705      8.928    32.3214    24.8937 0.0000e+00
 187.683663      9.367  35.124164     9.5239    5.41900      9.289    32.4033    25.0028 0.0000e+00
 187.683669      9.692  34.954123     9.3571    5.43108      9.611    32.3795    25.0108 0.0000e+00
 187.683675      9.962  34.861235     9.3219    5.48783      9.879    32.3156    24.9665 0.0000e+00
