data/oxygen options/ONMS/Olympic_Coast_National_Marine_Sanctuary_Hypoxia_Survey_CTD_Data_2004_2015/raw_data/2006/CTD_TH100_062006faed.cnv
* Sea-Bird SBE19 Data File:
* FileName = C:\Hypoxia Data\CTD_TH100_062006.hex
* Software Version 1.1.8
* Temperature SN = 2997
* Conductivity SN = 2997
* System UpLoad Time = Jun 20 2006 11:20:52
* SEACAT PROFILER V3.1c SN 2997   06/20/06  11:19:51.634
* strain gauge pressure sensor: S/N = 184829,  range = 3000 psia,  tc = 40
# nquan = 9                                 
# nvalues = 990                         
# units = specified
# name 0 = timeJ: Julian Days
# name 1 = prSM: Pressure, Strain Gauge [db]
# name 2 = c0mS/cm: Conductivity [mS/cm]
# name 3 = t090C: Temperature [ITS-90, deg C]
# name 4 = oxML/L: Oxygen, Beckman/YSI [ml/l]
# name 5 = depSM: Depth [salt water, m], lat = 47.5
# name 6 = sal00: Salinity, Practical [PSU]
# name 7 = sigma-é00: Density [sigma-theta, kg/m^3]
# name 8 = flag: flag
# span 0 = 171.444491, 171.450214       
# span 1 =     -5.451,    101.634       
# span 2 =   0.104482,  38.149341       
# span 3 =     7.6995,    14.1204       
# span 4 =   -0.87556,   32.51807       
# span 5 =     -5.406,    100.761       
# span 6 =     0.0645,    33.8938       
# span 7 =    -0.6897,    26.4456       
# span 8 = 0.0000e+00, 0.0000e+00       
# interval = seconds: 0.5
# start_time = Jun 20 2006 10:40:04 [Instrument's time stamp, header]
# bad_flag = -9.990e-29
*END*
 171.444491     -5.449 -9.990e-29    14.0955   -0.06985     -5.404 -9.990e-29 -9.990e-29 -9.990e-29
 171.444497     -5.451   0.288354    14.0746   -0.06989     -5.406     0.1760    -0.6276 -9.990e-29
 171.444502     -5.449   0.266306    14.0567   -0.06990     -5.404     0.1624    -0.6357 -9.990e-29
 171.444508     -5.440   0.246562    14.0444   -0.06990     -5.395     0.1502    -0.6434 -9.990e-29
 171.444514     -5.426   0.237738    14.0350   -0.06987     -5.381     0.1448    -0.6463 -9.990e-29
 171.444520     -5.411   0.233060    14.0247   -0.06982     -5.366     0.1420    -0.6470 -9.990e-29
 171.444525     -5.394   0.227959    14.0111   -0.06980     -5.349     0.1389    -0.6475 -9.990e-29
 171.444531     -5.375   0.224506    13.9946   -0.06976     -5.330     0.1368    -0.6468 -9.990e-29
 171.444537     -5.351   0.225303    13.9782   -0.06972     -5.306     0.1374    -0.6441 -9.990e-29
 171.444543     -5.325   0.229193    13.9636   -0.06971     -5.281     0.1398    -0.6402 -9.990e-29
 171.444549     -5.301   0.230826    13.9527   -0.06972     -5.257     0.1408    -0.6379 -9.990e-29
 171.444554     -5.277   0.225724    13.9484   -0.06974     -5.233     0.1377    -0.6397 -9.990e-29
 171.444560     -5.250   0.212631    13.9523   -0.06977     -5.206     0.1297    -0.6465 -9.990e-29
 171.444566     -5.220   0.196274    13.9647   -0.06980     -5.177     0.1196    -0.6561 -9.990e-29
 171.444572     -5.189   0.183125    13.9824   -0.06983     -5.146     0.1116    -0.6648 -9.990e-29
 171.444578     -5.159   0.175062    14.0008   -0.06985     -5.116     0.1066    -0.6712 -9.990e-29
 171.444583     -5.128   0.170208    14.0182   -0.06983     -5.085     0.1036    -0.6759 -9.990e-29
 171.444589     -5.099   0.166527    14.0312   -0.06979     -5.057     0.1014    -0.6795 -9.990e-29
 171.444595     -5.074   0.165210    14.0358   -0.06976     -5.032     0.1006    -0.6808 -9.990e-29
 171.444601     -5.046   0.168385    14.0329   -0.06974     -5.004     0.1025    -0.6789 -9.990e-29
 171.444606     -5.011   0.174740    14.0247   -0.06972     -4.969     0.1064    -0.6747 -9.990e-29
 171.444612     -4.970   0.181103    14.0126   -0.06971     -4.929     0.1103    -0.6700 -9.990e-29
 171.444618     -4.929   0.184313    13.9996   -0.06971     -4.888     0.1122    -0.6667 -9.990e-29
 171.444624     -4.889   0.181994    13.9900   -0.06973     -4.848     0.1109    -0.6664 -9.990e-29
 171.444630     -4.848   0.174939    13.9883   -0.06976     -4.808     0.1066    -0.6695 -9.990e-29
 171.444635     -4.808   0.165941    13.9955   -0.06977     -4.768     0.1011    -0.6748 -9.990e-29
 171.444641     -4.775   0.157976    14.0080   -0.06977     -4.735     0.0963    -0.6803 -9.990e-29
 171.444647     -4.751   0.153732    14.0208   -0.06975     -4.711     0.0937    -0.6841 -9.990e-29
 171.444653     -4.731   0.153097    14.0317   -0.06974     -4.692     0.0933    -0.6859 -9.990e-29
 171.444659     -4.708   0.153006    14.0400   -0.06974     -4.669     0.0932    -0.6871 -9.990e-29
 171.444664     -4.685   0.151673    14.0447   -0.06973     -4.646     0.0924    -0.6884 -9.990e-29
 171.444670     -4.666   0.149538    14.0445   -0.06974     -4.627     0.0911    -0.6894 -9.990e-29
 171.444676     -4.648   0.147082    14.0391   -0.06975     -4.609     0.0896    -0.6897 -9.990e-29
 171.444682     -4.632   0.144912    14.0308   -0.06977     -4.593     0.0884    -0.6896 -9.990e-29
 171.444687     -4.615   0.144018    14.0246   -0.06978     -4.577     0.0878    -0.6891 -9.990e-29
 171.444693     -4.597   0.145981    14.0232   -0.06978     -4.559     0.0890    -0.6880 -9.990e-29
 171.444699     -4.577   0.151754    14.0251   -0.06979     -4.539     0.0925    -0.6856 -9.990e-29
 171.444705     -4.553   0.160719    14.0272   -0.06982     -4.515     0.0979    -0.6817 -9.990e-29
 171.444711     -4.524   0.172628    14.0277   -0.06987     -4.486     0.1051    -0.6761 -9.990e-29
 171.444716     -4.492   0.188388    14.0269   -0.06988     -4.455     0.1146    -0.6686 -9.990e-29
 171.444722     -4.465   0.206832    14.0254   -0.06988     -4.428     0.1259    -0.6596 -9.990e-29
 171.444728     -4.439   0.216506    14.0226   -0.06987     -4.402     0.1318    -0.6546 -9.990e-29
 171.444734     -4.409   0.208680    14.0184   -0.06985     -4.372     0.1271    -0.6578 -9.990e-29
 171.444740     -4.378   0.193994    14.0140   -0.06987     -4.342     0.1181    -0.6641 -9.990e-29
 171.444745     -4.348   0.183920    14.0091   -0.06987     -4.312     0.1120    -0.6682 -9.990e-29
 171.444751     -4.317   0.179447    14.0013   -0.06987     -4.281     0.1093    -0.6692 -9.990e-29
 171.444757     -4.283   0.177938    13.9893   -0.06989     -4.247     0.1084    -0.6682 -9.990e-29
 171.444763     -4.248   0.175161    13.9770   -0.06992     -4.213     0.1067    -0.6678 -9.990e-29
 171.444769     -4.218   0.168523    13.9699   -0.06996     -4.183     0.1027    -0.6699 -9.990e-29
 171.444774     -4.196   0.159156    13.9690   -0.07000     -4.161     0.0971    -0.6742 -9.990e-29
 171.444780     -4.181   0.150097    13.9716   -0.07001     -4.146     0.0916    -0.6788 -9.990e-29
 171.444786     -4.167   0.143684    13.9737   -0.07002     -4.132     0.0877    -0.6821 -9.990e-29
 171.444792     -4.149   0.140241    13.9727   -0.07003     -4.114     0.0857    -0.6836 -9.990e-29
 171.444797     -4.130   0.138503    13.9699   -0.07002     -4.096     0.0846    -0.6840 -9.990e-29
 171.444803     -4.113   0.137262    13.9650   -0.07002     -4.079     0.0839    -0.6839 -9.990e-29
 171.444809     -4.098   0.136526    13.9554   -0.07004     -4.064     0.0835    -0.6829 -9.990e-29
 171.444815     -4.083   0.137535    13.9407   -0.07006     -4.049     0.0841    -0.6804 -9.990e-29
 171.444821     -4.067   0.140524    13.9241   -0.07007     -4.033     0.0859    -0.6767 -9.990e-29
 171.444826     -4.044   0.142824    13.9102   -0.07008     -4.010     0.0873    -0.6736 -9.990e-29
 171.444832     -4.015   0.142511    13.9006   -0.07010     -3.982     0.0872    -0.6725 -9.990e-29
 171.444838     -3.988   0.140276    13.8946   -0.07012     -3.955     0.0858    -0.6727 -9.990e-29
 171.444844     -3.968   0.137021    13.8918   -0.07015     -3.935     0.0839    -0.6738 -9.990e-29
 171.444850     -3.944   0.133952    13.8909   -0.07015     -3.911     0.0820    -0.6751 -9.990e-29
 171.444855     -3.915   0.131969    13.8883   -0.07018     -3.882     0.0808    -0.6757 -9.990e-29
 171.444861     -3.887   0.130645    13.8820   -0.07020     -3.855     0.0801    -0.6754 -9.990e-29
 171.444867     -3.863   0.129877    13.8738   -0.07020     -3.831     0.0796    -0.6746 -9.990e-29
 171.444873     -3.842   0.130305    13.8655   -0.07020     -3.810     0.0799    -0.6733 -9.990e-29
 171.444878     -3.821   0.133610    13.8567   -0.07020     -3.789     0.0819    -0.6705 -9.990e-29
 171.444884     -3.800   0.140873    13.8472   -0.07020     -3.768     0.0863    -0.6658 -9.990e-29
 171.444890     -3.777   0.147916    13.8378   -0.07019     -3.746     0.0905    -0.6612 -9.990e-29
 171.444896     -3.751   0.149713    13.8294   -0.07017     -3.720     0.0916    -0.6592 -9.990e-29
 171.444902     -3.725   0.146440    13.8213   -0.07013     -3.694     0.0897    -0.6596 -9.990e-29
 171.444907     -3.701   0.140387    13.8126   -0.07010     -3.670     0.0860    -0.6612 -9.990e-29
 171.444913     -3.678   0.134021    13.8058   -0.07009     -3.647     0.0822    -0.6633 -9.990e-29
 171.444919     -3.653   0.128833    13.8030   -0.07009     -3.623     0.0791    -0.6653 -9.990e-29
 171.444925     -3.627   0.124008    13.8033   -0.07010     -3.597     0.0762    -0.6676 -9.990e-29
 171.444931     -3.600   0.118657    13.8053   -0.07011     -3.570     0.0730    -0.6704 -9.990e-29
 171.444936     -3.576   0.113407    13.8085   -0.07013     -3.546     0.0699    -0.6733 -9.990e-29
 171.444942     -3.554   0.109576    13.8142   -0.07014     -3.524     0.0676    -0.6758 -9.990e-29
 171.444948     -3.531   0.107600    13.8248   -0.07016     -3.502     0.0664    -0.6782 -9.990e-29
 171.444954     -3.507   0.106510    13.8391   -0.07016     -3.478     0.0657    -0.6807 -9.990e-29
 171.444959     -3.479   0.105407    13.8517   -0.07013     -3.450     0.0650    -0.6829 -9.990e-29
 171.444965     -3.451   0.104482    13.8579   -0.07009     -3.422     0.0645    -0.6842 -9.990e-29
 171.444971     -3.428   0.104720    13.8571   -0.07007     -3.399     0.0646    -0.6840 -9.990e-29
 171.444977     -3.415   0.107548    13.8520   -0.07003     -3.387     0.0663    -0.6820 -9.990e-29
 171.444983     -3.406   0.115075    13.8454   -0.06999     -3.378     0.0708    -0.6776 -9.990e-29
 171.444988     -3.391   0.127354    13.8386   -0.06997     -3.363     0.0782    -0.6709 -9.990e-29
 171.444994     -3.370   0.138025    13.8325   -0.06996     -3.342     0.0846    -0.6651 -9.990e-29
 171.445000     -3.350   0.141908    13.8289   -0.06998     -3.322     0.0869    -0.6628 -9.990e-29
 171.445006     -3.334   0.141410    13.8310   -0.07000     -3.306     0.0866    -0.6633 -9.990e-29
 171.445012     -3.321   0.139747    13.8408   -0.07002     -3.293     0.0856    -0.6654 -9.990e-29
 171.445017     -3.311   0.140248    13.8555   -0.07005     -3.283     0.0859    -0.6672 -9.990e-29
 171.445023     -3.301   0.145243    13.8716   -0.07006     -3.273     0.0889    -0.6671 -9.990e-29
 171.445029     -3.293   0.150304    13.8883   -0.07005     -3.266     0.0919    -0.6671 -9.990e-29
 171.445035     -3.285   0.151088    13.9037   -0.07001     -3.258     0.0923    -0.6688 -9.990e-29
 171.445041     -3.277   0.148643    13.9138   -0.06997     -3.250     0.0908    -0.6714 -9.990e-29
 171.445046     -3.268   0.145252    13.9166   -0.06988     -3.241     0.0888    -0.6734 -9.990e-29
 171.445052     -3.254   0.144714    13.9125   -0.06982     -3.227     0.0885    -0.6731 -9.990e-29
 171.445058     -3.229   0.148528    13.9040   -0.06978     -3.202     0.0908    -0.6701 -9.990e-29
 171.445064     -3.196   0.151799    13.8944   -0.06312     -3.169     0.0928    -0.6672 -9.990e-29
 171.445069     -3.157   0.150016    13.8867   -0.05809     -3.131     0.0917    -0.6670 -9.990e-29
 171.445075     -3.114   0.144131    13.8845   -0.05755     -3.088     0.0882    -0.6694 -9.990e-29
 171.445081     -3.074   0.139049    13.8911   -0.05753     -3.048     0.0851    -0.6727 -9.990e-29
 171.445087     -3.032   0.143517    13.9075   -0.05753     -3.007     0.0877    -0.6729 -9.990e-29
 171.445093     -2.979   0.171258    13.9327   -0.05749     -2.954     0.1045    -0.6634 -9.990e-29
 171.445098     -2.910   0.249834    13.9627   -0.05745     -2.886     0.1525    -0.6302 -9.990e-29
 171.445104     -2.830   0.472367    13.9917   -0.05742     -2.806     0.2922    -0.5256 -9.990e-29
 171.445110     -2.738   1.127806    14.0165   -0.05742     -2.715     0.7208    -0.1967 -9.990e-29
 171.445116     -2.628   3.066783    14.0370   -0.05741     -2.606     2.0637     0.8390 -9.990e-29
 171.445122     -2.494   8.858519    14.0546   -0.05745     -2.473     6.3985     4.1744 -9.990e-29
 171.445127     -2.330  19.301335    14.0675   -0.05746     -2.311    14.8592    10.6690 -9.990e-29
 171.445133     -2.145  29.369668    14.0734   -0.05748     -2.127    23.5311    17.3304 -9.990e-29
 171.445139     -1.950  34.850696    14.0779   -0.05744     -1.934    28.4258    21.0976 -9.990e-29
 171.445145     -1.765  36.888035    14.0889   -0.05747     -1.750    30.2673    22.5149 -9.990e-29
 171.445150     -1.608  37.606955    14.1062   -0.05747     -1.595    30.9099    23.0069 -9.990e-29
 171.445156     -1.480  37.881354    14.1197   -0.05748     -1.468    31.1499    23.1893 -9.990e-29
 171.445162     -1.379  37.990756    14.1204   -0.05749     -1.367    31.2494    23.2659 -9.990e-29
 171.445168     -1.298  38.033399    14.1103   -0.05750     -1.287    31.2966    23.3044 -9.990e-29
 171.445174     -1.223  38.065078    14.0949   -0.05754     -1.213    31.3381    23.3396 -9.990e-29
 171.445179     -1.153  38.096108    14.0793   -0.05754     -1.143    31.3792    23.3745 -9.990e-29
 171.445185     -1.098  38.117421    14.0717   -0.05754     -1.089    31.4049    23.3958 -9.990e-29
 171.445191     -1.057  38.136167    14.0743   -0.05754     -1.048    31.4200    23.4069 -9.990e-29
 171.445197     -1.029  38.149341    14.0777   -0.05750     -1.020    31.4293    23.4134 -9.990e-29
 171.445203     -1.006  38.139219    14.0739   -0.05748     -0.998    31.4231    23.4094 -9.990e-29
 171.445208     -0.980  38.109751    14.0648   -0.05747     -0.972    31.4035    23.3961 -9.990e-29
 171.445214     -0.949  38.096505    14.0547   -0.05750     -0.941    31.3995    23.3952 -9.990e-29
 171.445220     -0.919  38.105982    14.0469   -0.05749     -0.911    31.4146    23.4084 -9.990e-29
 171.445226     -0.892  38.113451    14.0440   -0.05747     -0.885    31.4238    23.4161 -9.990e-29
 171.445231     -0.867  38.098049    14.0457   -0.05750     -0.860    31.4083    23.4037 -9.990e-29
 171.445237     -0.842  38.059093    14.0498   -0.05754     -0.835    31.3692    23.3728 -9.990e-29
 171.445243     -0.815  38.024337    14.0539   -0.05754     -0.808    31.3339    23.3447 -9.990e-29
 171.445249     -0.790  38.010307    14.0575   -0.05749     -0.783    31.3181    23.3318 -9.990e-29
 171.445255     -0.773  38.024693    14.0625   -0.05749     -0.767    31.3273    23.3378 -9.990e-29
 171.445260     -0.763  38.066506    14.0689   -0.05748     -0.757    31.3604    23.3621 -9.990e-29
 171.445266     -0.751  38.097833    14.0733   -0.05748     -0.745    31.3855    23.3806 -9.990e-29
 171.445272     -0.731  38.086419    14.0735   -0.05750     -0.725    31.3749    23.3723 -9.990e-29
 171.445278     -0.704  38.058593    14.0704   -0.05751     -0.698    31.3519    23.3552 -9.990e-29
 171.445284     -0.670  38.057510    14.0661   -0.05753     -0.664    31.3544    23.3580 -9.990e-29
 171.445289     -0.637  38.066045    14.0630   -0.05751     -0.632    31.3647    23.3666 -9.990e-29
 171.445295     -0.606  38.044553    14.0631   -0.05754     -0.601    31.3449    23.3513 -9.990e-29
 171.445301     -0.576  38.013774    14.0670   -0.05754     -0.571    31.3135    23.3263 -9.990e-29
 171.445307     -0.550  38.018534    14.0723   -0.05756     -0.545    31.3136    23.3253 -9.990e-29
 171.445313     -0.537  38.046135    14.0766   -0.05754     -0.533    31.3354    23.3412 -9.990e-29
 171.445318     -0.543  38.059350    14.0791   -0.05754     -0.538    31.3454    23.3485 -9.990e-29
 171.445324     -0.553  38.055632    14.0799   -0.05754     -0.548    31.3414    23.3452 -9.990e-29
 171.445330     -0.561  38.039591    14.0789   -0.05753     -0.556    31.3275    23.3347 -9.990e-29
 171.445336     -0.562  38.010066    14.0751   -0.05754     -0.557    31.3035    23.3170 -9.990e-29
 171.445341     -0.549  37.978773    14.0696   -0.05754     -0.544    31.2793    23.2994 -9.990e-29
 171.445347     -0.519  37.966852    14.0657   -0.05753     -0.515    31.2715    23.2942 -9.990e-29
 171.445353     -0.490  37.969094    14.0650   -0.05752     -0.486    31.2742    23.2964 -9.990e-29
 171.445359     -0.475  37.961024    14.0659   -0.05753     -0.471    31.2660    23.2899 -9.990e-29
 171.445365     -0.469  37.940326    14.0664   -0.05752     -0.465    31.2467    23.2748 -9.990e-29
 171.445370     -0.460  37.922629    14.0661   -0.05751     -0.456    31.2307    23.2626 -9.990e-29
 171.445376     -0.446  37.925320    14.0662   -0.05750     -0.442    31.2331    23.2644 -9.990e-29
 171.445382     -0.435  37.940235    14.0676   -0.05751     -0.431    31.2456    23.2738 -9.990e-29
 171.445388     -0.432  37.948578    14.0695   -0.05751     -0.428    31.2517    23.2781 -9.990e-29
 171.445394     -0.431  37.948596    14.0710   -0.05752     -0.427    31.2505    23.2769 -9.990e-29
 171.445399     -0.424  37.943148    14.0716   -0.05753     -0.420    31.2450    23.2725 -9.990e-29
 171.445405     -0.406  37.940708    14.0715   -0.05754     -0.403    31.2428    23.2709 -9.990e-29
 171.445411     -0.376  37.949273    14.0720   -0.05753     -0.373    31.2503    23.2765 -9.990e-29
