data/oxygen options/ONMS/Olympic_Coast_National_Marine_Sanctuary_Hypoxia_Survey_CTD_Data_2004_2015/raw_data/2006/CTD_TH060_062006faed.cnv
* Sea-Bird SBE19 Data File:
* FileName = C:\Hypoxia Data\CTD_TH0601_062006.hex
* Software Version 1.1.8
* Temperature SN = 2997
* Conductivity SN = 2997
* System UpLoad Time = Jun 20 2006 12:34:23
* SEACAT PROFILER V3.1c SN 2997   06/20/06  12:33:27.375
* strain gauge pressure sensor: S/N = 184829,  range = 3000 psia,  tc = 40
# nquan = 9                                 
# nvalues = 654                         
# units = specified
# name 0 = timeJ: Julian Days
# name 1 = prSM: Pressure, Strain Gauge [db]
# name 2 = c0mS/cm: Conductivity [mS/cm]
# name 3 = t090C: Temperature [ITS-90, deg C]
# name 4 = oxML/L: Oxygen, Beckman/YSI [ml/l]
# name 5 = depSM: Depth [salt water, m], lat = 47.5
# name 6 = sal00: Salinity, Practical [PSU]
# name 7 = sigma-é00: Density [sigma-theta, kg/m^3]
# name 8 = flag: flag
# span 0 = 171.502951, 171.506730       
# span 1 =     -3.871,     59.751       
# span 2 =   2.949975,  37.309462       
# span 3 =     7.9036,    13.2634       
# span 4 =   -0.62345,   34.99155       
# span 5 =     -3.839,     59.244       
# span 6 =     2.0686,    33.4360       
# span 7 =     1.0672,    26.0599       
# span 8 = 0.0000e+00, 0.0000e+00       
# interval = seconds: 0.5
# start_time = Jun 20 2006 12:04:15 [Instrument's time stamp, header]
# bad_flag = -9.990e-29
*END*
[from data line 161]
 171.503883      0.819  37.287891    13.2406    5.95786      0.812    31.3174    23.4947 -9.990e-29
 171.503889      0.844  37.287502    13.2376    5.95257      0.837    31.3195    23.4970 -9.990e-29
 171.503895      0.871  37.281817    13.2335    5.94717      0.864    31.3175    23.4963 -9.990e-29
 171.503900      0.893  37.274483    13.2316    5.94191      0.886    31.3122    23.4925 -9.990e-29
 171.503906      0.906  37.274243    13.2334    5.93459      0.898    31.3105    23.4909 -9.990e-29
 171.503912      0.912  37.278535    13.2357    5.93457      0.904    31.3126    23.4920 -9.990e-29
 171.503918      0.911  37.280182    13.2358    5.93615      0.903    31.3141    23.4932 -9.990e-29
 171.503924      0.907  37.275776    13.2330    5.93971      0.899    31.3123    23.4923 -9.990e-29
 171.503929      0.909  37.263937    13.2251    5.95589      0.901    31.3077    23.4903 -9.990e-29
 171.503935      0.921  37.251891    13.2109    5.95443      0.913    31.3081    23.4934 -9.990e-29
 171.503941      0.940  37.244904    13.1962    5.96088      0.932    31.3137    23.5006 -9.990e-29
 171.503947      0.957  37.238712    13.1906    5.95466      0.949    31.3125    23.5008 -9.990e-29
 171.503953      0.971  37.235160    13.1981    5.95746      0.963    31.3030    23.4920 -9.990e-29
 171.503958      0.981  37.240735    13.2113    5.95959      0.973    31.2974    23.4850 -9.990e-29
 171.503964      0.989  37.251092    13.2184    5.95628      0.981    31.3012    23.4866 -9.990e-29
 171.503970      0.995  37.257605    13.2177    5.94278      0.987    31.3078    23.4919 -9.990e-29
 171.503976      1.000  37.259429    13.2161    5.93536      0.992    31.3109    23.4945 -9.990e-29
 171.503981      1.003  37.260685    13.2178    5.93960      0.995    31.3106    23.4940 -9.990e-29
 171.503987      1.004  37.264176    13.2204    5.95565      0.996    31.3118    23.4944 -9.990e-29
 171.503993      1.010  37.268387    13.2194    5.96693      1.002    31.3165    23.4983 -9.990e-29
 171.503999      1.022  37.268282    13.2132    5.96759      1.013    31.3215    23.5033 -9.990e-29
 171.504005      1.040  37.259238    13.2064    5.94878      1.031    31.3187    23.5025 -9.990e-29
 171.504010      1.054  37.249400    13.2056    5.92595      1.045    31.3101    23.4960 -9.990e-29
 171.504016      1.062  37.249780    13.2101    5.92367      1.053    31.3068    23.4925 -9.990e-29
 171.504022      1.068  37.255278    13.2139    5.92116      1.059    31.3088    23.4934 -9.990e-29
 171.504028      1.077  37.258080    13.2120    5.93497      1.068    31.3130    23.4970 -9.990e-29
 171.504034      1.089  37.253512    13.1996    5.95001      1.080    31.3189    23.5040 -9.990e-29
 171.504039      1.106  37.236052    13.1774    5.96243      1.097    31.3209    23.5098 -9.990e-29
 171.504045      1.124  37.211042    13.1563    5.97295      1.115    31.3148    23.5093 -9.990e-29
 171.504051      1.136  37.196757    13.1485    5.97095      1.127    31.3079    23.5055 -9.990e-29
 171.504057      1.138  37.200519    13.1545    5.96695      1.128    31.3065    23.5032 -9.990e-29
 171.504063      1.135  37.210513    13.1637    5.95280      1.126    31.3082    23.5028 -9.990e-29
 171.504068      1.134  37.218748    13.1690    5.93923      1.125    31.3116    23.5043 -9.990e-29
 171.504074      1.141  37.227796    13.1727    5.93480      1.131    31.3170    23.5078 -9.990e-29
 171.504080      1.151  37.237385    13.1776    5.93781      1.141    31.3219    23.5106 -9.990e-29
 171.504086      1.160  37.242354    13.1815    5.95187      1.150    31.3233    23.5110 -9.990e-29
 171.504091      1.175  37.241478    13.1808    5.96132      1.165    31.3231    23.5109 -9.990e-29
 171.504097      1.194  37.236399    13.1759    5.96920      1.184    31.3224    23.5113 -9.990e-29
 171.504103      1.212  37.229331    13.1719    5.96039      1.202    31.3191    23.5095 -9.990e-29
 171.504109      1.225  37.225443    13.1740    5.93800      1.215    31.3137    23.5050 -9.990e-29
 171.504115      1.234  37.228531    13.1825    5.93062      1.224    31.3096    23.5001 -9.990e-29
 171.504120      1.240  37.236543    13.1921    5.93430      1.230    31.3091    23.4979 -9.990e-29
 171.504126      1.242  37.243897    13.1979    5.93768      1.232    31.3112    23.4984 -9.990e-29
 171.504132      1.245  37.248062    13.1966    5.96346      1.235    31.3162    23.5025 -9.990e-29
 171.504138      1.258  37.246746    13.1866    5.98023      1.247    31.3232    23.5099 -9.990e-29
 171.504144      1.282  37.235394    13.1733    5.97990      1.271    31.3235    23.5127 -9.990e-29
 171.504149      1.306  37.221882    13.1672    5.96354      1.295    31.3159    23.5080 -9.990e-29
 171.504155      1.318  37.219053    13.1725    5.95315      1.307    31.3089    23.5016 -9.990e-29
 171.504161      1.314  37.225943    13.1852    5.94961      1.303    31.3049    23.4960 -9.990e-29
 171.504167      1.300  37.237153    13.1973    5.96530      1.289    31.3054    23.4940 -9.990e-29
 171.504172      1.281  37.248000    13.2031    5.98628      1.270    31.3108    23.4970 -9.990e-29
 171.504178      1.267  37.253319    13.2025    5.96124      1.256    31.3163    23.5014 -9.990e-29
 171.504184      1.259  37.251233    13.1997    5.91023      1.248    31.3166    23.5022 -9.990e-29
 171.504190      1.254  37.246821    13.2002    5.89023      1.244    31.3121    23.4986 -9.990e-29
 171.504196      1.246  37.246550    13.2038    5.90251      1.236    31.3089    23.4954 -9.990e-29
 171.504201      1.239  37.249500    13.2066    5.94377      1.229    31.3093    23.4952 -9.990e-29
 171.504207      1.243  37.252319    13.2045    5.97615      1.233    31.3137    23.4990 -9.990e-29
 171.504213      1.260  37.246429    13.1893    5.97149      1.249    31.3207    23.5074 -9.990e-29
 171.504219      1.284  37.217249    13.1626    5.93782      1.273    31.3154    23.5085 -9.990e-29
 171.504225      1.299  37.177496    13.1473    5.92930      1.288    31.2908    23.4925 -9.990e-29
 171.504230      1.302  37.169553    13.1559    5.93812      1.291    31.2763    23.4796 -9.990e-29
 171.504236      1.306  37.193485    13.1719    5.94446      1.295    31.2855    23.4836 -9.990e-29
 171.504242      1.319  37.210511    13.1787    5.94691      1.308    31.2958    23.4902 -9.990e-29
 171.504248      1.338  37.207431    13.1721    5.94048      1.327    31.2984    23.4935 -9.990e-29
 171.504253      1.361  37.188003    13.1559    5.91649      1.350    31.2935    23.4929 -9.990e-29
 171.504259      1.387  37.168410    13.1438    5.92337      1.375    31.2851    23.4888 -9.990e-29
 171.504265      1.416  37.167418    13.1425    5.94323      1.404    31.2853    23.4891 -9.990e-29
 171.504271      1.440  37.176412    13.1429    5.95278      1.428    31.2933    23.4953 -9.990e-29
 171.504277      1.456  37.178211    13.1332    5.94849      1.444    31.3030    23.5047 -9.990e-29
 171.504282      1.466  37.166240    13.1153    5.93331      1.454    31.3066    23.5109 -9.990e-29
 171.504288      1.474  37.146429    13.1001    5.94302      1.462    31.3005    23.5092 -9.990e-29
 171.504294      1.486  37.135569    13.0917    5.95768      1.474    31.2973    23.5083 -9.990e-29
 171.504300      1.493  37.139380    13.0867    5.95884      1.481    31.3050    23.5153 -9.990e-29
 171.504306      1.491  37.145553    13.0807    5.94902      1.479    31.3157    23.5247 -9.990e-29
 171.504311      1.489  37.144928    13.0751    5.94548      1.477    31.3197    23.5289 -9.990e-29
 171.504317      1.492  37.141168    13.0740    5.95136      1.480    31.3171    23.5271 -9.990e-29
 171.504323      1.498  37.141607    13.0780    5.96445      1.485    31.3142    23.5241 -9.990e-29
 171.504329      1.506  37.146273    13.0845    5.97757      1.493    31.3132    23.5221 -9.990e-29
 171.504334      1.514  37.149047    13.0874    5.98195      1.501    31.3134    23.5217 -9.990e-29
 171.504340      1.527  37.145221    13.0834    5.97689      1.514    31.3132    23.5222 -9.990e-29
 171.504346      1.543  37.137556    13.0802    5.94467      1.530    31.3086    23.5193 -9.990e-29
 171.504352      1.558  37.135473    13.0831    5.92451      1.545    31.3043    23.5154 -9.990e-29
 171.504358      1.572  37.140128    13.0890    5.92499      1.559    31.3037    23.5139 -9.990e-29
 171.504363      1.588  37.144265    13.0936    5.94146      1.575    31.3038    23.5130 -9.990e-29
 171.504369      1.605  37.143868    13.0896    5.95068      1.592    31.3067    23.5161 -9.990e-29
 171.504375      1.626  37.137290    13.0675    5.95230      1.612    31.3188    23.5297 -9.990e-29
 171.504381      1.646  37.118010    13.0337    5.94991      1.632    31.3286    23.5439 -9.990e-29
 171.504387      1.659  37.090623    13.0111    5.96712      1.645    31.3216    23.5428 -9.990e-29
 171.504392      1.657  37.078645    13.0099    5.97808      1.643    31.3113    23.5351 -9.990e-29
 171.504398      1.640  37.085737    13.0193    5.97763      1.626    31.3102    23.5324 -9.990e-29
 171.504404      1.620  37.093862    13.0260    5.95951      1.606    31.3123    23.5328 -9.990e-29
 171.504410      1.603  37.094221    13.0276    5.94752      1.590    31.3114    23.5317 -9.990e-29
 171.504416      1.590  37.092908    13.0299    5.95184      1.577    31.3082    23.5288 -9.990e-29
 171.504421      1.578  37.099399    13.0364    5.94863      1.565    31.3090    23.5281 -9.990e-29
 171.504427      1.567  37.110568    13.0417    5.94760      1.554    31.3151    23.5318 -9.990e-29
 171.504433      1.561  37.117745    13.0368    5.95875      1.548    31.3259    23.5411 -9.990e-29
 171.504439      1.564  37.113675    13.0218    5.97028      1.551    31.3344    23.5507 -9.990e-29
 171.504444      1.572  37.096861    13.0072    5.99458      1.559    31.3307    23.5506 -9.990e-29
 171.504450      1.580  37.081357    13.0024    6.00101      1.567    31.3201    23.5433 -9.990e-29
 171.504456      1.589  37.077348    13.0065    5.97861      1.576    31.3129    23.5370 -9.990e-29
 171.504462      1.597  37.081171    13.0166    5.95122      1.584    31.3082    23.5314 -9.990e-29
 171.504468      1.598  37.090632    13.0293    5.93120      1.585    31.3066    23.5277 -9.990e-29
 171.504473      1.597  37.102639    13.0390    5.93637      1.584    31.3098    23.5283 -9.990e-29
 171.504479      1.599  37.112446    13.0428    5.94115      1.586    31.3159    23.5323 -9.990e-29
 171.504485      1.603  37.118549    13.0402    5.95449      1.590    31.3238    23.5389 -9.990e-29
 171.504491      1.610  37.116184    13.0292    5.95990      1.597    31.3306    23.5463 -9.990e-29
 171.504497      1.621  37.103324    13.0126    5.95927      1.607    31.3323    23.5508 -9.990e-29
 171.504502      1.635  37.087511    12.9994    5.96791      1.621    31.3283    23.5503 -9.990e-29
 171.504508      1.650  37.077398    12.9983    5.97160      1.636    31.3197    23.5439 -9.990e-29
 171.504514      1.658  37.078017    13.0101    5.97070      1.644    31.3106    23.5345 -9.990e-29
 171.504520      1.655  37.087948    13.0264    5.96321      1.641    31.3064    23.5281 -9.990e-29
 171.504525      1.645  37.099676    13.0398    5.95925      1.631    31.3064    23.5255 -9.990e-29
 171.504531      1.641  37.108645    13.0489    5.97026      1.627    31.3073    23.5244 -9.990e-29
 171.504537      1.650  37.113355    13.0531    5.98010      1.636    31.3082    23.5243 -9.990e-29
 171.504543      1.670  37.113361    13.0516    5.99092      1.656    31.3095    23.5256 -9.990e-29
 171.504549      1.692  37.108674    13.0474    5.98130      1.678    31.3085    23.5257 -9.990e-29
 171.504554      1.710  37.103145    13.0463    5.96402      1.696    31.3042    23.5226 -9.990e-29
 171.504560      1.720  37.105675    13.0507    5.95720      1.706    31.3030    23.5207 -9.990e-29
 171.504566      1.724  37.115712    13.0556    5.95660      1.710    31.3084    23.5239 -9.990e-29
 171.504572      1.725  37.124759    13.0548    5.96636      1.711    31.3175    23.5312 -9.990e-29
 171.504578      1.733  37.126369    13.0490    5.98508      1.719    31.3238    23.5372 -9.990e-29
 171.504583      1.747  37.120449    13.0439    5.97916      1.732    31.3225    23.5371 -9.990e-29
 171.504589      1.760  37.113697    13.0429    5.96568      1.745    31.3169    23.5330 -9.990e-29
 171.504595      1.769  37.112258    13.0455    5.94470      1.754    31.3134    23.5298 -9.990e-29
 171.504601      1.775  37.117581    13.0494    5.93690      1.760    31.3152    23.5304 -9.990e-29
 171.504606      1.777  37.124424    13.0520    5.93889      1.762    31.3195    23.5332 -9.990e-29
 171.504612      1.780  37.128449    13.0522    5.94937      1.765    31.3231    23.5360 -9.990e-29
 171.504618      1.793  37.130538    13.0471    5.96450      1.778    31.3293    23.5418 -9.990e-29
 171.504624      1.816  37.125625    13.0358    5.97361      1.801    31.3340    23.5476 -9.990e-29
 171.504630      1.839  37.109967    13.0264    5.98614      1.824    31.3270    23.5441 -9.990e-29
 171.504635      1.849  37.096914    13.0268    5.98950      1.834    31.3144    23.5342 -9.990e-29
 171.504641      1.844  37.098797    13.0363    5.97800      1.829    31.3084    23.5277 -9.990e-29
 171.504647      1.827  37.110833    13.0486    5.95629      1.812    31.3095    23.5262 -9.990e-29
 171.504653      1.805  37.124388    13.0611    5.94564      1.790    31.3119    23.5256 -9.990e-29
 171.504659      1.782  37.136220    13.0754    5.94909      1.767    31.3112    23.5223 -9.990e-29
 171.504664      1.761  37.145837    13.0888    5.95659      1.746    31.3092    23.5181 -9.990e-29
 171.504670      1.748  37.152041    13.0948    5.97599      1.733    31.3101    23.5176 -9.990e-29
 171.504676      1.747  37.152452    13.0882    5.99012      1.732    31.3159    23.5234 -9.990e-29
 171.504682      1.758  37.145377    13.0748    5.98326      1.743    31.3203    23.5294 -9.990e-29
 171.504687      1.778  37.135976    13.0668    5.97057      1.763    31.3181    23.5293 -9.990e-29
 171.504693      1.798  37.133036    13.0664    5.95769      1.783    31.3157    23.5275 -9.990e-29
 171.504699      1.817  37.136565    13.0715    5.95354      1.802    31.3148    23.5258 -9.990e-29
 171.504705      1.834  37.143974    13.0806    5.95250      1.819    31.3142    23.5236 -9.990e-29
 171.504711      1.853  37.155047    13.0905    5.94667      1.838    31.3164    23.5234 -9.990e-29
 171.504716      1.872  37.163231    13.0992    5.94252      1.856    31.3169    23.5220 -9.990e-29
 171.504722      1.891  37.162049    13.1064    5.96384      1.875    31.3098    23.5152 -9.990e-29
 171.504728      1.901  37.156662    13.1115    5.97925      1.885    31.3006    23.5070 -9.990e-29
 171.504734      1.902  37.155040    13.1132    5.98446      1.886    31.2976    23.5044 -9.990e-29
 171.504740      1.904  37.152778    13.1068    5.97462      1.888    31.3008    23.5081 -9.990e-29
 171.504745      1.910  37.142940    13.0919    5.95600      1.894    31.3039    23.5134 -9.990e-29
 171.504751      1.918  37.131486    13.0821    5.95967      1.902    31.3012    23.5133 -9.990e-29
 171.504757      1.918  37.132324    13.0883    5.96177      1.902    31.2969    23.5087 -9.990e-29
 171.504763      1.912  37.146567    13.0984    5.96485      1.896    31.3019    23.5106 -9.990e-29
 171.504769      1.906  37.155617    13.0983    5.96464      1.890    31.3105    23.5173 -9.990e-29
 171.504774      1.906  37.150785    13.0917    5.96976      1.890    31.3114    23.5193 -9.990e-29
 171.504780      1.910  37.143029    13.0878    5.97506      1.894    31.3073    23.5169 -9.990e-29
 171.504786      1.916  37.142209    13.0890    5.97769      1.900    31.3056    23.5153 -9.990e-29
 171.504792      1.914  37.146110    13.0904    5.97198      1.898    31.3081    23.5169 -9.990e-29
 171.504797      1.905  37.148150    13.0884    5.94439      1.889    31.3116    23.5201 -9.990e-29
