data/oxygen options/ONMS/Olympic_Coast_National_Marine_Sanctuary_Hypoxia_Survey_CTD_Data_2004_2015/raw_data/2006/CTD_TH035_080306faedb.cnv
* Sea-Bird SBE19 Data File:
* FileName = C:\Hypoxia_Data_2006\CTD_TH035_080306.hex
* Software Version 1.1.6
* Temperature SN = 2997
* Conductivity SN = 2997
* System UpLoad Time = Aug 03 2006 11:17:31
* SEACAT PROFILER V3.1c SN 2997   08/03/06  11:16:51.394
* strain gauge pressure sensor: S/N = 184829,  range = 3000 psia,  tc = 40
# nquan = 9
# nvalues = 33                          
# units = specified
# name 0 = timeJ: Julian Days
# name 1 = prSM: Pressure, Strain Gauge [db]
# name 2 = c0mS/cm: Conductivity [mS/cm]
# name 3 = t090C: Temperature [ITS-90, deg C]
# name 4 = oxML/L: Oxygen, Beckman/YSI [ml/l]
# name 5 = depSM: Depth [salt water, m], lat = 47.5
# name 6 = sal00: Salinity, Practical [PSU]
# name 7 = sigma-é00: Density [sigma-theta, kg/m^3]
# name 8 = flag: flag
# span 0 = 215.447578, 215.447991       
# span 1 =      3.000,     35.000       
# span 2 =  34.650282,  37.187560       
# span 3 =     7.7844,    11.6132       
# span 4 =    2.70973,    5.51210       
# span 5 =      2.975,     34.705       
# span 6 =    32.5821,    33.5961       
# span 7 =    24.8016,    26.2032       
# span 8 = 0.0000e+00, 0.0000e+00       
# interval = decibars: 1                
# start_time = Aug 03 2006 10:41:19 [Instrument's time stamp, header]
# bad_flag = -9.990e-29
*END*
 215.447578      3.000  37.187560    11.6132    5.51210      2.975    32.6060    24.8016 0.0000e+00
 215.447596      4.000  36.701249    10.9912    5.11187      3.967    32.6779    24.9694 0.0000e+00
 215.447609      5.000  36.202874    10.5425    5.05234      4.959    32.5821    24.9731 0.0000e+00
 215.447622      6.000  36.000361    10.2441    4.67503      5.950    32.6458    25.0733 0.0000e+00
 215.447636      7.000  36.020190    10.1983    4.43259      6.942    32.7066    25.1285 0.0000e+00
 215.447650      8.000  35.921438     9.6303    3.99132      7.933    33.1235    25.5481 0.0000e+00
 215.447662      9.000  35.393924     8.9628    3.70387      8.925    33.1979    25.7137 0.0000e+00
 215.447674     10.000  35.248938     8.8194    3.53559      9.916    33.1804    25.7219 0.0000e+00
 215.447685     11.000  35.173536     8.6423    3.42923     10.908    33.2671    25.8169 0.0000e+00
 215.447697     12.000  35.048711     8.4532    3.38640     11.900    33.3135    25.8821 0.0000e+00
 215.447709     13.000  34.930714     8.2570    3.37044     12.891    33.3741    25.9591 0.0000e+00
 215.447722     14.000  34.799763     8.0941    3.35477     13.882    33.3894    25.9954 0.0000e+00
 215.447734     15.000  34.714832     8.0176    3.36093     14.874    33.3713    25.9924 0.0000e+00
 215.447748     16.000  34.695110     7.9939    3.35644     15.866    33.3723    25.9968 0.0000e+00
 215.447760     17.000  34.691215     7.9889    3.34948     16.857    33.3725    25.9976 0.0000e+00
 215.447773     18.000  34.688884     7.9819    3.34743     17.849    33.3762    26.0016 0.0000e+00
 215.447785     19.000  34.687322     7.9809    3.34658     18.840    33.3750    26.0008 0.0000e+00
 215.447798     20.000  34.689903     7.9860    3.34383     19.832    33.3725    25.9981 0.0000e+00
 215.447812     21.000  34.695293     7.9786    3.32372     20.824    33.3848    26.0088 0.0000e+00
 215.447825     22.000  34.680567     7.9597    3.31287     21.815    33.3866    26.0131 0.0000e+00
 215.447838     23.000  34.667944     7.9521    3.30486     22.807    33.3799    26.0089 0.0000e+00
 215.447853     24.000  34.670497     7.9529    3.27518     23.798    33.3814    26.0100 0.0000e+00
 215.447866     25.000  34.659848     7.9338    3.23325     24.790    33.3878    26.0178 0.0000e+00
 215.447878     26.000  34.650282     7.9220    3.15013     25.782    33.3884    26.0201 0.0000e+00
 215.447890     27.000  34.652469     7.9137    2.99662     26.773    33.3982    26.0289 0.0000e+00
 215.447900     28.000  34.667735     7.8838    2.86082     27.765    33.4427    26.0683 0.0000e+00
 215.447912     29.000  34.695976     7.8477    2.77453     28.756    33.5071    26.1240 0.0000e+00
 215.447923     30.000  34.713866     7.8171    2.72592     29.747    33.5552    26.1664 0.0000e+00
 215.447935     31.000  34.720452     7.7951    2.71905     30.739    33.5831    26.1914 0.0000e+00
 215.447946     32.000  34.722765     7.7868    2.70973     31.730    33.5931    26.2005 0.0000e+00
 215.447958     33.000  34.723889     7.7844    2.71036     32.722    33.5961    26.2032 0.0000e+00
 215.447972     34.000  34.724976     7.7854    2.71712     33.713    33.5958    26.2028 0.0000e+00
 215.447991     35.000  34.727310     7.7873    2.71248     34.705    33.5960    26.2028 0.0000e+00
