data/oxygen options/ONMS/Olympic_Coast_National_Marine_Sanctuary_Hypoxia_Survey_CTD_Data_2004_2015/raw_data/2006/CTD_TH035_071806faed.cnv
* Sea-Bird SBE19 Data File:
* FileName = C:\Hypoxia Data\CTD_TH035_071806.hex
* Software Version 1.1.8
* Temperature SN = 2997
* Conductivity SN = 2997
* System UpLoad Time = Jul 18 2006 15:06:26
* SEACAT PROFILER V3.1c SN 2997   07/18/06  15:05:26.517
* strain gauge pressure sensor: S/N = 184829,  range = 3000 psia,  tc = 40
# nquan = 9                                 
# nvalues = 587                         
# units = specified
# name 0 = timeJ: Julian Days
# name 1 = prSM: Pressure, Strain Gauge [db]
# name 2 = c0mS/cm: Conductivity [mS/cm]
# name 3 = t090C: Temperature [ITS-90, deg C]
# name 4 = oxML/L: Oxygen, Beckman/YSI [ml/l]
# name 5 = depSM: Depth [salt water, m], lat = 47.5
# name 6 = sal00: Salinity, Practical [PSU]
# name 7 = sigma-é00: Density [sigma-theta, kg/m^3]
# name 8 = flag: flag
# span 0 = 199.624560, 199.627951       
# span 1 =     -2.150,     34.633       
# span 2 =   0.407983,  37.863949       
# span 3 =     7.9787,    13.7556       
# span 4 =   -0.84210,   35.08216       
# span 5 =     -2.132,     34.341       
# span 6 =     0.2532,    33.4824       
# span 7 =    -0.5160,    26.0850       
# span 8 = 0.0000e+00, 0.0000e+00       
# interval = seconds: 0.5
# start_time = Jul 18 2006 14:59:22 [Instrument's time stamp, header]
# bad_flag = -9.990e-29
*END*
[from data line 321]
 199.626418      2.356  37.344166    12.5234    5.97208      2.336    31.9699    24.1384 -9.990e-29
 199.626424      2.369  37.344089    12.5221    5.96595      2.349    31.9709    24.1395 -9.990e-29
 199.626429      2.383  37.343348    12.5196    5.96036      2.363    31.9723    24.1411 -9.990e-29
 199.626435      2.398  37.342085    12.5167    5.95979      2.378    31.9736    24.1426 -9.990e-29
 199.626441      2.411  37.339747    12.5147    5.95674      2.391    31.9731    24.1426 -9.990e-29
 199.626447      2.418  37.337708    12.5143    5.96864      2.398    31.9715    24.1414 -9.990e-29
 199.626453      2.424  37.336622    12.5150    5.97226      2.404    31.9698    24.1400 -9.990e-29
 199.626458      2.430  37.336731    12.5158    5.97465      2.410    31.9692    24.1394 -9.990e-29
 199.626464      2.427  37.337628    12.5163    5.96650      2.407    31.9697    24.1396 -9.990e-29
 199.626470      2.414  37.337148    12.5165    5.94382      2.394    31.9691    24.1391 -9.990e-29
 199.626476      2.400  37.334660    12.5173    5.93235      2.380    31.9660    24.1366 -9.990e-29
 199.626481      2.389  37.333585    12.5188    5.94026      2.369    31.9637    24.1345 -9.990e-29
 199.626487      2.379  37.335865    12.5182    5.94445      2.359    31.9664    24.1367 -9.990e-29
 199.626493      2.374  37.336692    12.5122    5.96527      2.354    31.9723    24.1424 -9.990e-29
 199.626499      2.378  37.332690    12.5011    5.96919      2.358    31.9779    24.1489 -9.990e-29
 199.626505      2.386  37.323580    12.4903    5.96675      2.366    31.9784    24.1513 -9.990e-29
 199.626510      2.392  37.312927    12.4874    5.96647      2.372    31.9707    24.1459 -9.990e-29
 199.626516      2.387  37.311218    12.4944    5.95904      2.367    31.9632    24.1387 -9.990e-29
 199.626522      2.374  37.320105    12.5056    5.95180      2.354    31.9621    24.1358 -9.990e-29
 199.626528      2.371  37.331809    12.5141    5.96469      2.351    31.9660    24.1372 -9.990e-29
 199.626534      2.380  37.339506    12.5153    5.96781      2.360    31.9723    24.1419 -9.990e-29
 199.626539      2.395  37.338320    12.5118    5.96968      2.375    31.9742    24.1440 -9.990e-29
 199.626545      2.407  37.333411    12.5100    5.96852      2.387    31.9710    24.1419 -9.990e-29
 199.626551      2.409  37.332827    12.5116    5.97026      2.389    31.9691    24.1401 -9.990e-29
 199.626557      2.400  37.335793    12.5145    5.97838      2.380    31.9695    24.1398 -9.990e-29
 199.626563      2.394  37.339539    12.5180    5.97918      2.374    31.9701    24.1396 -9.990e-29
 199.626568      2.398  37.344017    12.5219    5.97588      2.378    31.9710    24.1396 -9.990e-29
 199.626574      2.409  37.347914    12.5244    5.96275      2.389    31.9726    24.1403 -9.990e-29
 199.626580      2.417  37.349142    12.5251    5.95843      2.397    31.9732    24.1407 -9.990e-29
 199.626586      2.421  37.348784    12.5257    5.96017      2.401    31.9723    24.1399 -9.990e-29
 199.626591      2.424  37.348052    12.5262    5.96874      2.404    31.9712    24.1389 -9.990e-29
 199.626597      2.430  37.344856    12.5257    5.97364      2.410    31.9686    24.1370 -9.990e-29
 199.626603      2.440  37.339428    12.5249    5.97352      2.420    31.9641    24.1337 -9.990e-29
 199.626609      2.450  37.336322    12.5262    5.97779      2.430    31.9600    24.1303 -9.990e-29
 199.626615      2.453  37.338135    12.5299    5.97043      2.433    31.9586    24.1284 -9.990e-29
 199.626620      2.449  37.342804    12.5339    5.98220      2.429    31.9596    24.1285 -9.990e-29
 199.626626      2.445  37.347583    12.5354    5.98321      2.425    31.9629    24.1308 -9.990e-29
 199.626632      2.447  37.351000    12.5346    5.98126      2.427    31.9668    24.1340 -9.990e-29
 199.626638      2.454  37.351447    12.5334    5.98208      2.434    31.9683    24.1353 -9.990e-29
 199.626644      2.461  37.350651    12.5328    5.98269      2.440    31.9680    24.1352 -9.990e-29
 199.626649      2.467  37.350921    12.5327    5.97721      2.446    31.9684    24.1355 -9.990e-29
 199.626655      2.474  37.351504    12.5329    5.97600      2.453    31.9688    24.1358 -9.990e-29
 199.626661      2.488  37.352060    12.5333    5.97904      2.467    31.9689    24.1358 -9.990e-29
 199.626667      2.510  37.352778    12.5340    5.97822      2.489    31.9690    24.1358 -9.990e-29
 199.626672      2.537  37.353127    12.5349    5.97482      2.516    31.9686    24.1352 -9.990e-29
 199.626678      2.557  37.353010    12.5360    5.97949      2.536    31.9675    24.1342 -9.990e-29
 199.626684      2.564  37.353010    12.5362    5.96522      2.543    31.9674    24.1340 -9.990e-29
 199.626690      2.562  37.352553    12.5339    5.96343      2.541    31.9689    24.1357 -9.990e-29
 199.626696      2.555  37.350076    12.5304    5.97829      2.534    31.9695    24.1368 -9.990e-29
 199.626701      2.543  37.346751    12.5292    5.98115      2.522    31.9674    24.1354 -9.990e-29
 199.626707      2.526  37.345983    12.5316    5.98726      2.505    31.9646    24.1328 -9.990e-29
 199.626713      2.501  37.348414    12.5356    5.98334      2.480    31.9635    24.1312 -9.990e-29
 199.626719      2.472  37.351659    12.5378    5.97104      2.451    31.9647    24.1317 -9.990e-29
 199.626725      2.449  37.353860    12.5372    5.96845      2.429    31.9674    24.1339 -9.990e-29
 199.626730      2.445  37.354570    12.5353    5.98266      2.425    31.9697    24.1360 -9.990e-29
 199.626736      2.458  37.354161    12.5339    5.97896      2.437    31.9704    24.1369 -9.990e-29
 199.626742      2.478  37.353757    12.5334    5.97905      2.457    31.9705    24.1370 -9.990e-29
 199.626748      2.491  37.353922    12.5333    5.98291      2.470    31.9707    24.1372 -9.990e-29
 199.626753      2.496  37.354859    12.5340    5.97433      2.475    31.9710    24.1373 -9.990e-29
 199.626759      2.495  37.356680    12.5359    5.99097      2.474    31.9711    24.1370 -9.990e-29
 199.626765      2.499  37.358993    12.5386    6.00382      2.478    31.9710    24.1364 -9.990e-29
 199.626771      2.511  37.360939    12.5406    5.99668      2.490    31.9712    24.1362 -9.990e-29
 199.626777      2.528  37.361733    12.5418    5.99396      2.507    31.9709    24.1357 -9.990e-29
 199.626782      2.538  37.361858    12.5440    5.99139      2.517    31.9692    24.1340 -9.990e-29
 199.626788      2.533  37.362585    12.5483    5.99057      2.512    31.9662    24.1308 -9.990e-29
 199.626794      2.522  37.364865    12.5535    6.00073      2.501    31.9640    24.1281 -9.990e-29
 199.626800      2.520  37.368359    12.5561    6.00555      2.499    31.9651    24.1285 -9.990e-29
 199.626806      2.533  37.369296    12.5547    6.00287      2.512    31.9671    24.1304 -9.990e-29
 199.626811      2.547  37.365544    12.5541    5.99502      2.526    31.9641    24.1281 -9.990e-29
 199.626817      2.552  37.362746    12.5583    5.99200      2.531    31.9578    24.1225 -9.990e-29
 199.626823      2.547  37.365567    12.5648    5.98923      2.526    31.9550    24.1190 -9.990e-29
 199.626829      2.545  37.371023    12.5700    5.99604      2.524    31.9558    24.1186 -9.990e-29
 199.626834      2.554  37.375713    12.5717    5.99937      2.533    31.9588    24.1206 -9.990e-29
 199.626840      2.575  37.376903    12.5701    5.98517      2.553    31.9613    24.1229 -9.990e-29
 199.626846      2.605  37.371115    12.5691    5.98086      2.583    31.9566    24.1195 -9.990e-29
 199.626852      2.637  37.365201    12.5706    5.98732      2.615    31.9497    24.1138 -9.990e-29
 199.626858      2.669  37.366968    12.5713    5.99348      2.647    31.9508    24.1145 -9.990e-29
 199.626863      2.708  37.370901    12.5675    6.02030      2.685    31.9577    24.1206 -9.990e-29
 199.626869      2.764  37.369327    12.5604    6.03125      2.741    31.9622    24.1255 -9.990e-29
 199.626875      2.840  37.360132    12.5552    6.02750      2.816    31.9579    24.1231 -9.990e-29
 199.626881      2.935  37.350677    12.5546    6.00574      2.910    31.9494    24.1166 -9.990e-29
 199.626887      3.048  37.350216    12.5561    5.95925      3.023    31.9476    24.1150 -9.990e-29
 199.626892      3.187  37.355312    12.5519    5.88439      3.160    31.9560    24.1222 0.0000e+00
 199.626898      3.361  37.355913    12.5309    5.75878      3.333    31.9743    24.1405 0.0000e+00
 199.626904      3.585  37.342709    12.4813    5.59936      3.555    32.0038    24.1728 0.0000e+00
 199.626910      3.874  37.303689    12.3973    5.43301      3.842    32.0381    24.2153 0.0000e+00
 199.626916      4.224  37.233374    12.2835    5.25577      4.189    32.0680    24.2599 0.0000e+00
 199.626921      4.624  37.140092    12.1381    5.03315      4.585    32.1029    24.3143 0.0000e+00
 199.626927      5.065  37.017249    11.9572    4.83136      5.023    32.1401    24.3768 0.0000e+00
 199.626933      5.536  36.859782    11.7429    4.68249      5.490    32.1726    24.4415 0.0000e+00
 199.626939      6.024  36.685453    11.5021    4.57892      5.974    32.2118    24.5157 0.0000e+00
 199.626944      6.523  36.513091    11.2717    4.54661      6.468    32.2438    24.5820 0.0000e+00
 199.626950      7.029  36.370865    11.0798    4.52032      6.970    32.2718    24.6378 0.0000e+00
 199.626956      7.536  36.257555    10.9225    4.48206      7.473    32.2979    24.6858 0.0000e+00
 199.626962      8.037  36.145427    10.7974    4.48484      7.970    32.2968    24.7068 0.0000e+00
 199.626968      8.536  36.048716    10.6860    4.50047      8.465    32.2988    24.7276 0.0000e+00
 199.626973      9.037  35.983145    10.5762    4.51060      8.961    32.3304    24.7711 0.0000e+00
 199.626979      9.548  35.932486    10.4819    4.50505      9.468    32.3633    24.8129 0.0000e+00
 199.626985     10.065  35.890299    10.4025    4.41680      9.981    32.3914    24.8483 0.0000e+00
 199.626991     10.580  35.850218    10.3244    4.30883     10.491    32.4206    24.8843 0.0000e+00
 199.626997     11.086  35.801393    10.2388    4.22485     10.993    32.4478    24.9199 0.0000e+00
 199.627002     11.586  35.746565    10.1368    4.20645     11.489    32.4836    24.9650 0.0000e+00
 199.627008     12.086  35.684954    10.0070    4.23697     11.985    32.5378    25.0289 0.0000e+00
 199.627014     12.587  35.602246     9.8355    4.27941     12.482    32.6084    25.1123 0.0000e+00
 199.627020     13.088  35.478992     9.6129    4.28749     12.978    32.6844    25.2080 0.0000e+00
 199.627025     13.585  35.302808     9.3576    4.28120     13.471    32.7363    25.2897 0.0000e+00
 199.627031     14.077  35.104013     9.1175    4.23203     13.959    32.7510    25.3392 0.0000e+00
 199.627037     14.560  34.951180     8.9331    4.15631     14.438    32.7618    25.3765 0.0000e+00
 199.627043     15.035  34.873201     8.8176    4.08624     14.909    32.7870    25.4141 0.0000e+00
 199.627049     15.507  34.847362     8.7563    3.97652     15.377    32.8165    25.4466 0.0000e+00
 199.627054     15.980  34.848137     8.7244    3.88532     15.846    32.8467    25.4752 0.0000e+00
 199.627060     16.458  34.861947     8.7050    3.79955     16.320    32.8790    25.5034 0.0000e+00
 199.627066     16.941  34.877461     8.6846    3.72496     16.799    32.9140    25.5339 0.0000e+00
 199.627072     17.427  34.885060     8.6536    3.65803     17.281    32.9506    25.5674 0.0000e+00
 199.627078     17.911  34.883082     8.6072    3.58190     17.761    32.9916    25.6066 0.0000e+00
 199.627083     18.392  34.875602     8.5388    3.51402     18.238    33.0475    25.6608 0.0000e+00
 199.627089     18.864  34.867204     8.4484    3.44572     18.706    33.1232    25.7338 0.0000e+00
 199.627095     19.323  34.857322     8.3560    3.38824     19.161    33.1996    25.8076 0.0000e+00
 199.627101     19.769  34.845653     8.2804    3.35651     19.603    33.2585    25.8651 0.0000e+00
 199.627106     20.205  34.834549     8.2227    3.33417     20.035    33.3012    25.9072 0.0000e+00
 199.627112     20.632  34.824314     8.1810    3.32031     20.459    33.3297    25.9358 0.0000e+00
 199.627118     21.056  34.815294     8.1519    3.32598     20.879    33.3476    25.9541 0.0000e+00
 199.627124     21.483  34.808335     8.1292    3.31428     21.303    33.3616    25.9685 0.0000e+00
 199.627130     21.910  34.803107     8.1094    3.31242     21.726    33.3747    25.9817 0.0000e+00
 199.627135     22.338  34.798789     8.0892    3.31121     22.150    33.3891    25.9960 0.0000e+00
 199.627141     22.778  34.795212     8.0703    3.29366     22.587    33.4031    26.0098 0.0000e+00
 199.627147     23.232  34.792635     8.0573    3.30110     23.037    33.4126    26.0191 0.0000e+00
 199.627153     23.694  34.790966     8.0502    3.28767     23.495    33.4173    26.0239 0.0000e+00
 199.627159     24.160  34.789641     8.0468    3.28454     23.957    33.4190    26.0257 0.0000e+00
 199.627164     24.625  34.788557     8.0442    3.29184     24.418    33.4201    26.0270 0.0000e+00
 199.627170     25.084  34.787933     8.0394    3.28453     24.873    33.4238    26.0306 0.0000e+00
 199.627176     25.533  34.787483     8.0337    3.28875     25.318    33.4285    26.0352 0.0000e+00
 199.627182     25.969  34.787148     8.0306    3.28411     25.751    33.4309    26.0375 0.0000e+00
 199.627187     26.395  34.787586     8.0306    3.26952     26.173    33.4312    26.0377 0.0000e+00
 199.627193     26.812  34.788802     8.0299    3.27182     26.587    33.4330    26.0392 0.0000e+00
 199.627199     27.230  34.789037     8.0258    3.25640     27.001    33.4369    26.0429 0.0000e+00
 199.627205     27.663  34.787465     8.0199    3.23826     27.430    33.4407    26.0468 0.0000e+00
 199.627211     28.112  34.785901     8.0150    3.23698     27.875    33.4435    26.0497 0.0000e+00
 199.627216     28.571  34.785608     8.0112    3.21914     28.331    33.4466    26.0527 0.0000e+00
 199.627222     29.036  34.786177     8.0072    3.21386     28.792    33.4508    26.0566 0.0000e+00
 199.627228     29.502  34.786667     8.0019    3.20803     29.254    33.4562    26.0616 0.0000e+00
 199.627234     29.964  34.787152     7.9962    3.19740     29.712    33.4619    26.0670 0.0000e+00
 199.627240     30.417  34.788261     7.9911    3.19146     30.161    33.4678    26.0723 0.0000e+00
 199.627245     30.856  34.789214     7.9870    3.19045     30.596    33.4725    26.0766 0.0000e+00
 199.627251     31.275  34.789580     7.9846    3.18365     31.012    33.4750    26.0789 0.0000e+00
 199.627257     31.670  34.789830     7.9849    3.19308     31.403    33.4748    26.0787 0.0000e+00
 199.627263     32.046  34.790279     7.9865    3.18485     31.776    33.4736    26.0775 0.0000e+00
 199.627269     32.408  34.790948     7.9873    3.18066     32.135    33.4733    26.0773 0.0000e+00
 199.627274     32.763  34.791031     7.9860    3.17709     32.487    33.4745    26.0784 0.0000e+00
 199.627280     33.111  34.790064     7.9829    3.17006     32.832    33.4763    26.0802 0.0000e+00
 199.627286     33.446  34.788983     7.9805    3.17729     33.164    33.4773    26.0814 0.0000e+00
 199.627292     33.758  34.788575     7.9802    3.17466     33.474    33.4770    26.0812 0.0000e+00
 199.627297     34.042  34.788837     7.9811    3.16101     33.755    33.4762    26.0805 0.0000e+00
 199.627303     34.286  34.789542     7.9817    3.17849     33.997    33.4763    26.0804 0.0000e+00
 199.627309     34.474  34.789932     7.9809    3.16749     34.183    33.4774    26.0814 -9.990e-29
 199.627315     34.595  34.789948     7.9795    3.18079     34.303    33.4787    26.0826 -9.990e-29
 199.627321     34.633  34.790718     7.9787    3.18718     34.341    33.4803    26.0840 -9.990e-29
 199.627326     34.583  34.792128     7.9796    3.17432     34.291    33.4809    26.0844 -9.990e-29
 199.627332     34.450  34.793799     7.9816    3.18761     34.160    33.4809    26.0840 0.0000e+00
