data/oxygen options/ONMS/Olympic_Coast_National_Marine_Sanctuary_Hypoxia_Survey_CTD_Data_2004_2015/raw_data/2006/CTD_TH040_071806faed.cnv
* Sea-Bird SBE19 Data File:
* FileName = C:\Hypoxia Data\CTD_TH040_071806.hex
* Software Version 1.1.8
* Temperature SN = 2997
* Conductivity SN = 2997
* System UpLoad Time = Jul 18 2006 14:58:31
* SEACAT PROFILER V3.1c SN 2997   07/18/06  14:57:27.332
* strain gauge pressure sensor: S/N = 184829,  range = 3000 psia,  tc = 40
# nquan = 9                                 
# nvalues = 1233                        
# units = specified
# name 0 = timeJ: Julian Days
# name 1 = prSM: Pressure, Strain Gauge [db]
# name 2 = c0mS/cm: Conductivity [mS/cm]
# name 3 = t090C: Temperature [ITS-90, deg C]
# name 4 = oxML/L: Oxygen, Beckman/YSI [ml/l]
# name 5 = depSM: Depth [salt water, m], lat = 47.5
# name 6 = sal00: Salinity, Practical [PSU]
# name 7 = sigma-é00: Density [sigma-theta, kg/m^3]
# name 8 = flag: flag
# span 0 = 199.611644, 199.618773       
# span 1 =     -4.332,     40.628       
# span 2 =   0.518183,  37.844640       
# span 3 =     7.9062,    14.2041       
# span 4 =   -1.16267,   35.69940       
# span 5 =     -4.296,     40.285       
# span 6 =     0.3206,    33.5929       
# span 7 =    -0.5200,    26.1830       
# span 8 = 0.0000e+00, 0.0000e+00       
# interval = seconds: 0.5
# start_time = Jul 18 2006 14:40:46 [Instrument's time stamp, header]
# bad_flag = -9.990e-29
*END*
[from data line 1121]
 199.618131     34.812  34.831898     7.9086    2.93546     34.519    33.5915    26.1816 0.0000e+00
 199.618137     34.372  34.831622     7.9089    2.94437     34.082    33.5912    26.1813 0.0000e+00
 199.618142     33.930  34.831495     7.9094    2.93529     33.644    33.5908    26.1809 0.0000e+00
 199.618148     33.479  34.831365     7.9102    2.94360     33.197    33.5901    26.1802 0.0000e+00
 199.618154     33.020  34.831079     7.9111    2.94855     32.742    33.5891    26.1793 0.0000e+00
 199.618160     32.563  34.830275     7.9127    2.94837     32.289    33.5869    26.1774 0.0000e+00
 199.618166     32.112  34.828462     7.9152    2.96890     31.842    33.5828    26.1738 0.0000e+00
 199.618171     31.662  34.826048     7.9183    2.98463     31.395    33.5774    26.1691 0.0000e+00
 199.618177     31.207  34.823757     7.9218    2.99352     30.944    33.5718    26.1642 0.0000e+00
 199.618183     30.751  34.821358     7.9255    3.00082     30.492    33.5659    26.1590 0.0000e+00
 199.618189     30.288  34.818479     7.9292    3.00863     30.033    33.5595    26.1534 0.0000e+00
 199.618194     29.821  34.815226     7.9322    3.00980     29.570    33.5534    26.1481 0.0000e+00
 199.618200     29.349  34.812329     7.9339    3.01377     29.102    33.5489    26.1443 0.0000e+00
 199.618206     28.872  34.810432     7.9349    3.03361     28.629    33.5461    26.1420 0.0000e+00
 199.618212     28.398  34.809269     7.9365    3.03808     28.159    33.5435    26.1398 0.0000e+00
 199.618218     27.936  34.807872     7.9399    3.04138     27.701    33.5390    26.1357 0.0000e+00
 199.618223     27.486  34.805520     7.9449    3.06024     27.255    33.5319    26.1294 0.0000e+00
 199.618229     27.045  34.803022     7.9498    3.06999     26.818    33.5247    26.1230 0.0000e+00
 199.618235     26.616  34.800993     7.9551    3.10277     26.392    33.5177    26.1167 0.0000e+00
 199.618241     26.196  34.798431     7.9634    3.14430     25.976    33.5072    26.1072 0.0000e+00
 199.618247     25.768  34.795304     7.9752    3.16183     25.551    33.4927    26.0942 0.0000e+00
 199.618252     25.316  34.792508     7.9890    3.18440     25.103    33.4767    26.0796 0.0000e+00
 199.618258     24.848  34.790260     8.0035    3.20827     24.639    33.4607    26.0648 0.0000e+00
 199.618264     24.374  34.788391     8.0182    3.22402     24.169    33.4448    26.0502 0.0000e+00
 199.618270     23.910  34.786672     8.0317    3.24552     23.709    33.4303    26.0369 0.0000e+00
 199.618275     23.462  34.785640     8.0435    3.28053     23.265    33.4182    26.0256 0.0000e+00
 199.618281     23.034  34.785623     8.0559    3.31764     22.840    33.4065    26.0146 0.0000e+00
 199.618287     22.618  34.786059     8.0739    3.35651     22.428    33.3900    25.9990 0.0000e+00
 199.618293     22.206  34.786991     8.1019    3.41036     22.019    33.3645    25.9748 0.0000e+00
 199.618299     21.788  34.789119     8.1397    3.46948     21.605    33.3310    25.9429 0.0000e+00
 199.618304     21.360  34.791936     8.1821    3.54030     21.181    33.2939    25.9076 0.0000e+00
 199.618310     20.920  34.794176     8.2258    3.66424     20.744    33.2551    25.8706 0.0000e+00
 199.618316     20.470  34.793805     8.2692    3.81343     20.298    33.2138    25.8317 0.0000e+00
 199.618322     20.015  34.785867     8.3069    3.94721     19.847    33.1700    25.7917 0.0000e+00
 199.618328     19.556  34.764292     8.3355    4.06995     19.392    33.1204    25.7486 0.0000e+00
 199.618333     19.095  34.728379     8.3598    4.16290     18.935    33.0598    25.6974 0.0000e+00
 199.618339     18.636  34.686346     8.3836    4.24360     18.480    32.9932    25.6416 0.0000e+00
 199.618345     18.184  34.650584     8.4031    4.30323     18.031    32.9374    25.5949 0.0000e+00
 199.618351     17.745  34.625584     8.4164    4.35161     17.596    32.8988    25.5627 0.0000e+00
 199.618356     17.321  34.610000     8.4285    4.36915     17.176    32.8712    25.5392 0.0000e+00
 199.618362     16.902  34.603822     8.4490    4.34288     16.760    32.8458    25.5162 0.0000e+00
 199.618368     16.470  34.602761     8.4918    4.31766     16.332    32.8050    25.4778 0.0000e+00
 199.618374     16.014  34.609346     8.5627    4.29980     15.880    32.7463    25.4211 0.0000e+00
 199.618380     15.540  34.635181     8.6487    4.28598     15.410    32.6939    25.3670 0.0000e+00
 199.618385     15.061  34.683334     8.7322    4.30769     14.935    32.6674    25.3336 0.0000e+00
 199.618391     14.584  34.750754     8.8120    4.31718     14.462    32.6645    25.3190 0.0000e+00
 199.618397     14.109  34.820824     8.9022    4.30085     13.991    32.6547    25.2975 0.0000e+00
 199.618403     13.631  34.870365     9.0219    4.29472     13.517    32.5965    25.2333 0.0000e+00
 199.618409     13.151  34.908266     9.1715    4.29316     13.041    32.4993    25.1338 0.0000e+00
 199.618414     12.672  34.960980     9.3157    4.31677     12.566    32.4228    25.0512 0.0000e+00
 199.618420     12.198  35.033219     9.4307    4.36259     12.096    32.3931    25.0097 0.0000e+00
 199.618426     11.723  35.110872     9.5291    4.40999     11.625    32.3840    24.9869 0.0000e+00
 199.618432     11.240  35.180318     9.6212    4.43261     11.146    32.3722    24.9628 0.0000e+00
 199.618438     10.753  35.234925     9.6991    4.44301     10.663    32.3580    24.9391 0.0000e+00
 199.618443     10.267  35.277437     9.7656    4.41596     10.181    32.3417    24.9156 0.0000e+00
 199.618449      9.788  35.315221     9.8421    4.40723      9.706    32.3117    24.8796 0.0000e+00
 199.618455      9.314  35.359992     9.9365    4.46434      9.236    32.2728    24.8338 0.0000e+00
 199.618461      8.841  35.414268    10.0310    4.56560      8.767    32.2436    24.7954 0.0000e+00
 199.618466      8.369  35.462401    10.1070    4.67623      8.299    32.2247    24.7680 0.0000e+00
 199.618472      7.901  35.498502    10.1536    4.84036      7.835    32.2199    24.7564 0.0000e+00
 199.618478      7.444  35.525875    10.1729    5.02527      7.382    32.2305    24.7615 0.0000e+00
 199.618484      7.000  35.539550    10.2125    5.20360      6.941    32.2093    24.7383 0.0000e+00
 199.618490      6.574  35.556104    10.3394    5.38471      6.519    32.1136    24.6424 0.0000e+00
 199.618495      6.158  35.623426    10.5381    5.54214      6.107    32.0061    24.5250 0.0000e+00
 199.618501      5.751  35.746607    10.7104    5.64194      5.703    31.9779    24.4735 0.0000e+00
 199.618507      5.368  35.879052    10.8097    5.66862      5.323    32.0227    24.4912 0.0000e+00
 199.618513      5.021  35.992704    10.8664    5.71054      4.979    32.0859    24.5305 0.0000e+00
 199.618519      4.719  36.073693    10.9040    5.78239      4.680    32.1333    24.5609 0.0000e+00
 199.618524      4.463  36.109450    10.9310    5.82815      4.426    32.1451    24.5654 0.0000e+00
 199.618530      4.251  36.128044    10.9688    5.84820      4.215    32.1305    24.5474 0.0000e+00
 199.618536      4.077  36.168313    11.0201    5.84533      4.043    32.1255    24.5344 0.0000e+00
 199.618542      3.940  36.213858    11.0743    5.82931      3.907    32.1231    24.5230 -9.990e-29
 199.618547      3.833  36.243538    11.1406    5.82020      3.801    32.0945    24.4891 -9.990e-29
 199.618553      3.752  36.286298    11.2206    5.83188      3.721    32.0668    24.4534 -9.990e-29
 199.618559      3.690  36.354306    11.2896    5.83611      3.659    32.0736    24.4464 -9.990e-29
 199.618565      3.640  36.408697    11.3232    5.84120      3.610    32.0977    24.4592 -9.990e-29
 199.618571      3.593  36.425548    11.3291    5.82534      3.563    32.1091    24.4670 -9.990e-29
 199.618576      3.552  36.422312    11.3276    5.80408      3.522    32.1073    24.4658 -9.990e-29
 199.618582      3.513  36.417134    11.3270    5.77506      3.484    32.1027    24.4624 -9.990e-29
 199.618588      3.470  36.414346    11.3303    5.73935      3.441    32.0971    24.4574 -9.990e-29
 199.618594      3.420  36.415854    11.3398    5.73259      3.391    32.0904    24.4505 -9.990e-29
 199.618600      3.360  36.423689    11.3523    5.75122      3.332    32.0872    24.4458 -9.990e-29
 199.618605      3.290  36.437099    11.3619    5.80960      3.263    32.0920    24.4478 -9.990e-29
 199.618611      3.215  36.449864    11.3709    5.90938      3.188    32.0967    24.4499 -9.990e-29
 199.618617      3.134  36.456958    11.3897    5.98118      3.108    32.0874    24.4392 -9.990e-29
 199.618623      3.033  36.463364    11.4328    6.00884      3.008    32.0563    24.4073 -9.990e-29
 199.618628      2.898  36.483614    11.5147    5.95854      2.874    32.0052    24.3529 0.0000e+00
 199.618634      2.732  36.532934    11.6518    5.81476      2.709    31.9350    24.2735 0.0000e+00
 199.618640      2.547  36.618007    11.8479    5.70641      2.526    31.8492    24.1711 0.0000e+00
 199.618646      2.344  36.740650    12.0879    5.67146      2.324    31.7627    24.0598 0.0000e+00
 199.618652      2.126  36.894441    12.3503    6.67295      2.108    31.6878    23.9526 0.0000e+00
 199.618657      1.910  37.054477    12.6052    6.64851      1.894    31.6255    23.8561 0.0000e+00
 199.618663      1.712  37.223818    12.8185    6.63681      1.698    31.6071    23.8010 0.0000e+00
 199.618669      1.540  37.388196    12.9395    6.59695      1.527    31.6610    23.8193 0.0000e+00
 199.618675      1.397  37.447051    12.9562    6.67095      1.385    31.7026    23.8482 -9.990e-29
 199.618681      1.279  37.340327    12.9344    6.77687      1.268    31.6203    23.7888 -9.990e-29
 199.618686      1.181  37.081150    12.9183    6.85615      1.171    31.3897    23.6134 -9.990e-29
 199.618692      1.105  36.635866    12.9076    6.87380      1.096    30.9797    23.2983 -9.990e-29
 199.618698      1.049  35.717614    12.8986    6.78190      1.040    30.1256    22.6393 -9.990e-29
 199.618704      1.002  33.288860    12.8893    6.72740      0.994    27.8701    20.8974 -9.990e-29
 199.618709      0.967  26.223454    12.8801    6.69098      0.959    21.4301    15.9284 -9.990e-29
 199.618715      0.942  15.606925    12.8709    6.65709      0.934    12.1662     8.7928 -9.990e-29
 199.618721      0.920   8.266624    12.8620 -9.990e-29      0.912     6.1270     4.1402 -9.990e-29
 199.618727      0.904   5.508035    12.8546 -9.990e-29      0.896     3.9667     2.4734 -9.990e-29
 199.618733      0.894   4.475310    12.8498 -9.990e-29      0.887     3.1792     1.8652 -9.990e-29
 199.618738      0.880   4.006118    12.8480 -9.990e-29      0.873     2.8258     1.5921 -9.990e-29
 199.618744      0.862   3.723302    12.8478 -9.990e-29      0.855     2.6143     1.4284 -9.990e-29
 199.618750      0.846   3.687143    12.8475 -9.990e-29      0.839     2.5874     1.4075 -9.990e-29
 199.618756      0.836   4.010021    12.8465 -9.990e-29      0.829     2.8289     1.5946 -9.990e-29
 199.618762      0.832   4.548217    12.8455 -9.990e-29      0.825     3.2347     1.9087 -9.990e-29
 199.618767      0.832   4.773572    12.8452 -9.990e-29      0.825     3.4058     2.0411 -9.990e-29
 199.618773      0.834   4.544102 -9.990e-29 -9.990e-29      0.827 -9.990e-29 -9.990e-29 -9.990e-29
