data/oxygen options/ONMS/Olympic_Coast_National_Marine_Sanctuary_Hypoxia_Survey_CTD_Data_2004_2015/raw_data/2006/CTD_TH100_071806faed.cnv
* Sea-Bird SBE19 Data File:
* FileName = C:\Hypoxia Data\CTD_TH0100_071806.hex
* Software Version 1.1.8
* Temperature SN = 2997
* Conductivity SN = 2997
* System UpLoad Time = Jul 18 2006 12:53:16
* SEACAT PROFILER V3.1c SN 2997   07/18/06  12:52:12.815
* strain gauge pressure sensor: S/N = 184829,  range = 3000 psia,  tc = 40
# nquan = 9                                 
# nvalues = 976                         
# units = specified
# name 0 = timeJ: Julian Days
# name 1 = prSM: Pressure, Strain Gauge [db]
# name 2 = c0mS/cm: Conductivity [mS/cm]
# name 3 = t090C: Temperature [ITS-90, deg C]
# name 4 = oxML/L: Oxygen, Beckman/YSI [ml/l]
# name 5 = depSM: Depth [salt water, m], lat = 47.5
# name 6 = sal00: Salinity, Practical [PSU]
# name 7 = sigma-é00: Density [sigma-theta, kg/m^3]
# name 8 = flag: flag
# span 0 = 199.529780, 199.535422       
# span 1 =     -5.311,     99.768       
# span 2 =   0.182376,  38.946754       
# span 3 =     7.3904,    15.0145       
# span 4 =   -0.40297,   32.33514       
# span 5 =     -5.267,     98.911       
# span 6 =     0.1090,    33.8841       
# span 7 =    -0.7969,    26.4831       
# span 8 = 0.0000e+00, 0.0000e+00       
# interval = seconds: 0.5
# start_time = Jul 18 2006 12:42:53 [Instrument's time stamp, header]
# bad_flag = -9.990e-29
*END*
[from data line 641]
 199.533490     63.451  34.608638     7.8378    3.29039     62.912    33.4066    26.0471 0.0000e+00
 199.533495     63.922  34.613692     7.8237    3.26470     63.379    33.4253    26.0638 0.0000e+00
 199.533501     64.396  34.620474     7.8134    3.25709     63.849    33.4422    26.0786 0.0000e+00
 199.533507     64.880  34.626797     7.8061    3.23264     64.328    33.4558    26.0903 0.0000e+00
 199.533513     65.367  34.633226     7.8004    3.21591     64.811    33.4679    26.1007 0.0000e+00
 199.533519     65.841  34.641028     7.7956    3.20117     65.281    33.4807    26.1114 0.0000e+00
 199.533524     66.297  34.649939     7.7915    3.17531     65.733    33.4940    26.1224 0.0000e+00
 199.533530     66.744  34.659489     7.7894    3.17152     66.176    33.5060    26.1322 0.0000e+00
 199.533536     67.188  34.671183     7.7912    3.16550     66.616    33.5166    26.1403 0.0000e+00
 199.533542     67.632  34.686020     7.7963    3.16723     67.057    33.5275    26.1481 0.0000e+00
 199.533547     68.079  34.700220     7.8014    3.18088     67.500    33.5376    26.1553 0.0000e+00
 199.533553     68.527  34.709712     7.8054    3.18819     67.944    33.5437    26.1595 0.0000e+00
 199.533559     68.969  34.714805     7.8084    3.19353     68.382    33.5461    26.1610 0.0000e+00
 199.533565     69.405  34.717791     7.8107    3.20120     68.814    33.5469    26.1613 0.0000e+00
 199.533571     69.837  34.720955     7.8138    3.18841     69.242    33.5471    26.1610 0.0000e+00
 199.533576     70.265  34.726262     7.8195    3.17210     69.667    33.5471    26.1602 0.0000e+00
 199.533582     70.697  34.736850     7.8294    3.15139     70.095    33.5487    26.1600 0.0000e+00
 199.533588     71.137  34.755610     7.8415    3.12928     70.531    33.5570    26.1648 0.0000e+00
 199.533594     71.585  34.777263     7.8504    3.12649     70.975    33.5715    26.1749 0.0000e+00
 199.533600     72.034  34.792537     7.8549    3.12656     71.420    33.5833    26.1835 0.0000e+00
 199.533605     72.478  34.800479     7.8571    3.13605     71.860    33.5895    26.1881 0.0000e+00
 199.533611     72.916  34.804937     7.8583    3.13624     72.295    33.5929    26.1906 0.0000e+00
 199.533617     73.351  34.807915     7.8587    3.12084     72.726    33.5955    26.1926 0.0000e+00
 199.533623     73.783  34.811130     7.8586    3.08392     73.154    33.5989    26.1952 0.0000e+00
 199.533628     74.220  34.817174     7.8622    3.04988     73.587    33.6017    26.1969 0.0000e+00
 199.533634     74.662  34.834092     7.8748    3.01538     74.025    33.6075    26.1997 0.0000e+00
 199.533640     75.101  34.867047     7.8939    2.97756     74.461    33.6242    26.2100 0.0000e+00
 199.533646     75.528  34.906131     7.9120    2.95232     74.884    33.6485    26.2264 0.0000e+00
 199.533652     75.947  34.940076     7.9242    2.93637     75.299    33.6729    26.2438 0.0000e+00
 199.533657     76.353  34.965347     7.9299    2.92060     75.702    33.6943    26.2598 0.0000e+00
 199.533663     76.743  34.983106     7.9323    2.91264     76.088    33.7108    26.2724 0.0000e+00
 199.533669     77.124  34.995710     7.9332    2.90137     76.466    33.7232    26.2821 0.0000e+00
 199.533675     77.512  35.003127     7.9311    2.87859     76.851    33.7330    26.2901 0.0000e+00
 199.533681     77.914  35.005143     7.9253    2.87373     77.249    33.7406    26.2969 0.0000e+00
 199.533686     78.330  35.003874     7.9187    2.86142     77.662    33.7454    26.3016 0.0000e+00
 199.533692     78.761  35.003221     7.9139    2.84901     78.089    33.7491    26.3053 0.0000e+00
 199.533698     79.200  35.004544     7.9110    2.84731     78.524    33.7531    26.3088 0.0000e+00
 199.533704     79.633  35.006226     7.9095    2.84954     78.953    33.7562    26.3115 0.0000e+00
 199.533709     80.052  35.007131     7.9091    2.84905     79.368    33.7573    26.3124 0.0000e+00
 199.533715     80.459  35.007330     7.9093    2.85123     79.772    33.7572    26.3123 0.0000e+00
 199.533721     80.857  35.007637     7.9097    2.85109     80.166    33.7569    26.3120 0.0000e+00
 199.533727     81.256  35.008448     7.9098    2.83125     80.562    33.7575    26.3125 0.0000e+00
 199.533733     81.659  35.009153     7.9086    2.82806     80.961    33.7592    26.3140 0.0000e+00
 199.533738     82.074  35.008996     7.9042    2.81423     81.373    33.7631    26.3177 0.0000e+00
 199.533744     82.512  35.007196     7.8949    2.79371     81.807    33.7700    26.3245 0.0000e+00
 199.533750     82.965  35.001340     7.8809    2.78417     82.256    33.7770    26.3320 0.0000e+00
 199.533756     83.419  34.990896     7.8665    2.77086     82.706    33.7795    26.3361 0.0000e+00
 199.533762     83.861  34.978749     7.8561    2.75452     83.144    33.7763    26.3351 0.0000e+00
 199.533767     84.280  34.968873     7.8507    2.74705     83.560    33.7708    26.3315 0.0000e+00
 199.533773     84.678  34.964908     7.8449    2.74656     83.954    33.7719    26.3333 0.0000e+00
 199.533779     85.065  34.960430     7.8332    2.75257     84.338    33.7782    26.3400 0.0000e+00
 199.533785     85.451  34.948896     7.8204    2.75198     84.720    33.7781    26.3417 0.0000e+00
 199.533791     85.834  34.937906     7.8123    2.75433     85.100    33.7739    26.3396 0.0000e+00
 199.533796     86.217  34.933541     7.8064    2.74446     85.480    33.7748    26.3412 0.0000e+00
 199.533802     86.612  34.932772     7.7998    2.72224     85.871    33.7801    26.3464 0.0000e+00
 199.533808     87.029  34.932317     7.7937    2.68923     86.284    33.7854    26.3513 0.0000e+00
 199.533814     87.472  34.932120     7.7892    2.66454     86.724    33.7893    26.3551 0.0000e+00
 199.533819     87.933  34.933584     7.7846    2.62302     87.181    33.7951    26.3603 0.0000e+00
 199.533825     88.403  34.935845     7.7758    2.58803     87.646    33.8058    26.3701 0.0000e+00
 199.533831     88.869  34.933492     7.7572    2.52773     88.108    33.8211    26.3848 0.0000e+00
 199.533837     89.323  34.918886     7.7221    2.47225     88.558    33.8393    26.4041 0.0000e+00
 199.533843     89.759  34.889363     7.6734    2.41897     88.991    33.8546    26.4232 0.0000e+00
 199.533848     90.174  34.852647     7.6281    2.35599     89.402    33.8588    26.4330 0.0000e+00
 199.533854     90.570  34.819208     7.5981    2.30118     89.794    33.8517    26.4317 0.0000e+00
 199.533860     90.951  34.794346     7.5758    2.24478     90.172    33.8464    26.4307 0.0000e+00
 199.533866     91.323  34.776294     7.5434    2.20428     90.541    33.8583    26.4447 0.0000e+00
 199.533872     91.697  34.753305     7.4982    2.17954     90.911    33.8773    26.4661 0.0000e+00
 199.533877     92.084  34.722751     7.4572    2.15580     91.295    33.8840    26.4772 0.0000e+00
 199.533883     92.479  34.698832     7.4303    2.14096     91.687    33.8841    26.4811 0.0000e+00
 199.533889     92.868  34.684403     7.4144    2.13047     92.072    33.8838    26.4831 0.0000e+00
 199.533895     93.243  34.673663     7.4062    2.12701     92.444    33.8800    26.4813 0.0000e+00
 199.533900     93.596  34.667415     7.4029    2.14182     92.794    33.8763    26.4788 0.0000e+00
 199.533906     93.929  34.665163     7.4021    2.14557     93.124    33.8745    26.4775 0.0000e+00
 199.533912     94.250  34.664453     7.4021    2.14084     93.442    33.8735    26.4768 0.0000e+00
 199.533918     94.567  34.664326     7.4009    2.13717     93.756    33.8744    26.4777 0.0000e+00
 199.533924     94.879  34.664042     7.3981    2.13886     94.066    33.8767    26.4798 0.0000e+00
 199.533929     95.183  34.663209     7.3954    2.13756     94.367    33.8783    26.4815 0.0000e+00
 199.533935     95.483  34.662386     7.3945    2.13244     94.664    33.8781    26.4815 0.0000e+00
 199.533941     95.771  34.662146     7.3953    2.13916     94.950    33.8769    26.4804 0.0000e+00
 199.533947     96.032  34.663278     7.3965    2.12899     95.208    33.8769    26.4802 0.0000e+00
 199.533953     96.264  34.665034     7.3974    2.12785     95.438    33.8778    26.4808 0.0000e+00
 199.533958     96.497  34.665259     7.3981    2.14417     95.669    33.8772    26.4803 0.0000e+00
 199.533964     96.761  34.664241     7.3987    2.14085     95.931    33.8754    26.4788 0.0000e+00
 199.533970     97.065  34.663417     7.3991    2.14968     96.232    33.8740    26.4776 0.0000e+00
 199.533976     97.397  34.663175     7.3987    2.15232     96.561    33.8739    26.4776 0.0000e+00
 199.533981     97.746  34.663187     7.3973    2.15063     96.907    33.8752    26.4788 0.0000e+00
 199.533987     98.099  34.662718     7.3957    2.14565     97.257    33.8760    26.4797 0.0000e+00
 199.533993     98.440  34.661700     7.3946    2.14337     97.595    33.8758    26.4797 0.0000e+00
 199.533999     98.747  34.660828     7.3944    2.13323     97.899    33.8750    26.4790 0.0000e+00
 199.534005     99.007  34.660622     7.3953    2.12373     98.157    33.8737    26.4780 0.0000e+00
 199.534010     99.219  34.661369     7.3968    2.11606     98.367    33.8730    26.4772 0.0000e+00
 199.534016     99.391  34.662945     7.3977    2.11547     98.538    33.8737    26.4776 0.0000e+00
 199.534022     99.534  34.664087     7.3965    2.12217     98.679    33.8761    26.4796 -9.990e-29
 199.534028     99.655  34.662957     7.3935    2.11913     98.799    33.8777    26.4814 -9.990e-29
 199.534034     99.742  34.660293     7.3910    2.13074     98.886    33.8772    26.4813 -9.990e-29
 199.534039     99.768  34.658712     7.3904    2.12319     98.911    33.8761    26.4805 -9.990e-29
 199.534045     99.699  34.658908     7.3910    2.13261     98.843    33.8757    26.4801 -9.990e-29
 199.534051     99.524  34.660020     7.3921    2.13727     98.670    33.8759    26.4802 0.0000e+00
 199.534057     99.256  34.661290     7.3928    2.13503     98.404    33.8768    26.4807 0.0000e+00
 199.534063     98.930  34.662172     7.3928    2.12727     98.081    33.8779    26.4816 0.0000e+00
 199.534068     98.580  34.662167     7.3926    2.13042     97.734    33.8782    26.4819 0.0000e+00
 199.534074     98.232  34.661274     7.3924    2.12286     97.389    33.8776    26.4814 0.0000e+00
 199.534080     97.901  34.659989     7.3921    2.12236     97.061    33.8767    26.4807 0.0000e+00
 199.534086     97.589  34.659410     7.3925    2.12482     96.752    33.8758    26.4800 0.0000e+00
 199.534091     97.279  34.659888     7.3932    2.12205     96.444    33.8758    26.4799 0.0000e+00
 199.534097     96.956  34.660382     7.3936    2.12611     96.124    33.8761    26.4800 0.0000e+00
 199.534103     96.613  34.660431     7.3936    2.12525     95.784    33.8763    26.4802 0.0000e+00
 199.534109     96.254  34.660105     7.3935    2.12526     95.428    33.8762    26.4802 0.0000e+00
 199.534115     95.884  34.659532     7.3935    2.12466     95.062    33.8758    26.4798 0.0000e+00
 199.534120     95.512  34.659074     7.3934    2.12517     94.693    33.8756    26.4796 0.0000e+00
 199.534126     95.147  34.658687     7.3934    2.12517     94.331    33.8753    26.4794 0.0000e+00
 199.534132     94.792  34.658420     7.3940    2.13409     93.979    33.8746    26.4788 0.0000e+00
 199.534138     94.437  34.658481     7.3952    2.14196     93.627    33.8737    26.4779 0.0000e+00
 199.534144     94.069  34.658955     7.3979    2.14013     93.263    33.8718    26.4760 0.0000e+00
 199.534149     93.680  34.660477     7.4036    2.15522     92.877    33.8680    26.4722 0.0000e+00
 199.534155     93.277  34.663958     7.4107    2.17193     92.478    33.8651    26.4689 0.0000e+00
 199.534161     92.871  34.668997     7.4163    2.19102     92.075    33.8653    26.4683 0.0000e+00
 199.534167     92.476  34.673907     7.4196    2.19894     91.684    33.8676    26.4696 0.0000e+00
 199.534172     92.097  34.677393     7.4228    2.21999     91.308    33.8684    26.4698 0.0000e+00
 199.534178     91.727  34.679619     7.4296    2.25911     90.941    33.8643    26.4656 0.0000e+00
 199.534184     91.342  34.683558     7.4488    2.33310     90.560    33.8501    26.4517 0.0000e+00
 199.534190     90.926  34.695587     7.4858    2.40256     90.147    33.8272    26.4285 0.0000e+00
 199.534196     90.491  34.721653     7.5287    2.45501     89.716    33.8138    26.4119 0.0000e+00
 199.534201     90.057  34.758385     7.5612    2.48762     89.286    33.8222    26.4138 0.0000e+00
 199.534207     89.630  34.789164     7.5808    2.52611     88.863    33.8366    26.4223 0.0000e+00
 199.534213     89.205  34.802891     7.5980    2.58262     88.441    33.8349    26.4185 0.0000e+00
 199.534219     88.772  34.808344     7.6306    2.64286     88.012    33.8092    26.3937 0.0000e+00
 199.534225     88.324  34.821212     7.6825    2.67452     87.568    33.7729    26.3577 0.0000e+00
 199.534230     87.863  34.848000     7.7302    2.68971     87.111    33.7558    26.3373 0.0000e+00
 199.534236     87.403  34.877330     7.7572    2.69855     86.655    33.7614    26.3378 0.0000e+00
 199.534242     86.969  34.896733     7.7694    2.69728     86.225    33.7707    26.3433 0.0000e+00
 199.534248     86.582  34.908544     7.7755    2.70373     85.841    33.7776    26.3479 0.0000e+00
 199.534253     86.238  34.916743     7.7786    2.71931     85.500    33.7836    26.3522 0.0000e+00
 199.534259     85.920  34.921050     7.7794    2.71427     85.185    33.7876    26.3552 0.0000e+00
 199.534265     85.602  34.922165     7.7789    2.72113     84.870    33.7895    26.3567 0.0000e+00
 199.534271     85.262  34.921578     7.7789    2.71653     84.533    33.7890    26.3563 0.0000e+00
 199.534277     84.889  34.920749     7.7809    2.71140     84.163    33.7863    26.3539 0.0000e+00
 199.534282     84.490  34.920820     7.7858    2.72753     83.768    33.7819    26.3497 0.0000e+00
 199.534288     84.074  34.922451     7.7932    2.72547     83.355    33.7766    26.3445 0.0000e+00
 199.534294     83.657  34.926699     7.8016    2.73317     82.942    33.7733    26.3407 0.0000e+00
 199.534300     83.256  34.934747     7.8112    2.74067     82.544    33.7728    26.3389 0.0000e+00
 199.534306     82.866  34.943876     7.8206    2.75717     82.158    33.7737    26.3382 0.0000e+00
 199.534311     82.480  34.948316     7.8274    2.77265     81.775    33.7721    26.3360 0.0000e+00
 199.534317     82.099  34.948945     7.8356    2.78214     81.398    33.7650    26.3292 0.0000e+00
 199.534323     81.720  34.951093     7.8512    2.78976     81.022    33.7524    26.3170 0.0000e+00
 199.534329     81.336  34.958190     7.8701    2.80442     80.641    33.7419    26.3060 0.0000e+00
 199.534334     80.949  34.969609     7.8843    2.82551     80.258    33.7406    26.3029 0.0000e+00
 199.534340     80.567  34.981516     7.8925    2.82799     79.879    33.7457    26.3057 0.0000e+00
 199.534346     80.185  34.991289     7.8966    2.83376     79.500    33.7524    26.3104 0.0000e+00
 199.534352     79.777  34.996263     7.8990    2.83717     79.096    33.7556    26.3125 0.0000e+00
 199.534358     79.330  34.996904     7.9015    2.83602     78.653    33.7541    26.3110 0.0000e+00
 199.534363     78.856  34.996875     7.9042    2.83903     78.183    33.7517    26.3087 0.0000e+00
 199.534369     78.378  34.997264     7.9063    2.84833     77.709    33.7503    26.3073 0.0000e+00
 199.534375     77.918  34.997476     7.9080    2.84354     77.253    33.7491    26.3061 0.0000e+00
 199.534381     77.481  34.997238     7.9096    2.85716     76.820    33.7475    26.3046 0.0000e+00
 199.534387     77.061  34.996798     7.9108    2.86231     76.404    33.7460    26.3033 0.0000e+00
 199.534392     76.652  34.996135     7.9124    2.86561     75.998    33.7440    26.3014 0.0000e+00
 199.534398     76.254  34.994370     7.9147    2.88156     75.604    33.7401    26.2980 0.0000e+00
 199.534404     75.864  34.991957     7.9168    2.90332     75.217    33.7356    26.2942 0.0000e+00
