data/oxygen options/ONMS/Olympic_Coast_National_Marine_Sanctuary_Hypoxia_Survey_CTD_Data_2004_2015/raw_data/2006/CTD_TH040_062006faed.cnv
* Sea-Bird SBE19 Data File:
* FileName = C:\Hypoxia Data\CTDS_TH040_062006.hex
* Software Version 1.1.8
* Temperature SN = 2997
* Conductivity SN = 2997
* System UpLoad Time = Jun 20 2006 12:57:56
* SEACAT PROFILER V3.1c SN 2997   06/20/06  12:56:50.560
* strain gauge pressure sensor: S/N = 184829,  range = 3000 psia,  tc = 40
# nquan = 9                                 
# nvalues = 548                         
# units = specified
# name 0 = timeJ: Julian Days
# name 1 = prSM: Pressure, Strain Gauge [db]
# name 2 = c0mS/cm: Conductivity [mS/cm]
# name 3 = t090C: Temperature [ITS-90, deg C]
# name 4 = oxML/L: Oxygen, Beckman/YSI [ml/l]
# name 5 = depSM: Depth [salt water, m], lat = 47.5
# name 6 = sal00: Salinity, Practical [PSU]
# name 7 = sigma-é00: Density [sigma-theta, kg/m^3]
# name 8 = flag: flag
# span 0 = 171.517072, 171.520237       
# span 1 =     -4.700,     39.110       
# span 2 =   2.475748,  37.888651       
# span 3 =     7.9006,    14.7449       
# span 4 =   -0.12879,   32.70001       
# span 5 =     -4.661,     38.780       
# span 6 =     1.6826,    33.5504       
# span 7 =     0.6640,    26.1493       
# span 8 = 0.0000e+00, 0.0000e+00       
# interval = seconds: 0.5
# start_time = Jun 20 2006 12:24:35 [Instrument's time stamp, header]
# bad_flag = -9.990e-29
*END*
[from data line 161]
 171.518003      0.414  37.816876    14.5724    6.21011      0.411    30.7287    22.7713 -9.990e-29
 171.518009      0.445  37.804580    14.5574    6.22508      0.441    30.7294    22.7750 -9.990e-29
 171.518015      0.470  37.789057    14.5529    6.19349      0.466    30.7189    22.7679 -9.990e-29
 171.518021      0.480  37.778796    14.5598    6.17001      0.476    30.7042    22.7551 -9.990e-29
 171.518027      0.483  37.783686    14.5757    6.16691      0.479    30.6960    22.7455 -9.990e-29
 171.518032      0.489  37.800719    14.5914    6.16925      0.485    30.6990    22.7445 -9.990e-29
 171.518038      0.505  37.817828    14.5974    6.19461      0.501    30.7097    22.7515 -9.990e-29
 171.518044      0.530  37.827538    14.5915    6.19271      0.526    30.7231    22.7631 -9.990e-29
 171.518050      0.558  37.825414    14.5799    6.17357      0.553    30.7304    22.7711 -9.990e-29
 171.518056      0.579  37.817615    14.5768    6.14520      0.574    30.7258    22.7682 -9.990e-29
 171.518061      0.588  37.821244    14.5872    6.13066      0.583    30.7208    22.7622 -9.990e-29
 171.518067      0.592  37.832731    14.6002    6.14518      0.587    30.7209    22.7596 -9.990e-29
 171.518073      0.598  37.841588    14.6071    6.17187      0.593    30.7235    22.7601 -9.990e-29
 171.518079      0.611  37.846732    14.6096    6.18777      0.606    30.7261    22.7616 -9.990e-29
 171.518084      0.629  37.844936    14.6102    6.17633      0.624    30.7240    22.7599 -9.990e-29
 171.518090      0.643  37.836059    14.6087    6.12719      0.638    30.7172    22.7549 -9.990e-29
 171.518096      0.650  37.830722    14.6067    6.09425      0.645    30.7140    22.7529 -9.990e-29
 171.518102      0.651  37.836970    14.6051    6.09829      0.646    30.7209    22.7585 -9.990e-29
 171.518108      0.649  37.845186    14.6028    6.13751      0.644    30.7301    22.7661 -9.990e-29
 171.518113      0.654  37.850063    14.5906    6.17939      0.649    30.7442    22.7795 -9.990e-29
 171.518119      0.670  37.841279    14.5589    6.19377      0.664    30.7613    22.7993 -9.990e-29
 171.518125      0.694  37.805452    14.5229    6.19862      0.688    30.7574    22.8038 -9.990e-29
 171.518131      0.714  37.766645    14.5063    6.18796      0.708    30.7354    22.7903 -9.990e-29
 171.518137      0.722  37.755603    14.5110    6.18398      0.716    30.7217    22.7787 -9.990e-29
 171.518142      0.725  37.770513    14.5259    6.18394      0.719    30.7234    22.7769 -9.990e-29
 171.518148      0.722  37.797593    14.5448    6.16674      0.716    30.7330    22.7804 -9.990e-29
 171.518154      0.709  37.822461    14.5702    6.15801      0.703    30.7353    22.7769 -9.990e-29
 171.518160      0.692  37.837888    14.6016    6.16355      0.686    30.7244    22.7620 -9.990e-29
 171.518166      0.685  37.851550    14.6290    6.16767      0.679    30.7151    22.7491 -9.990e-29
 171.518171      0.691  37.864845    14.6437    6.17077      0.685    30.7155    22.7463 -9.990e-29
 171.518177      0.706  37.877559    14.6482    6.15570      0.700    30.7234    22.7515 -9.990e-29
 171.518183      0.722  37.887583    14.6497    6.10855      0.716    30.7313    22.7572 -9.990e-29
 171.518189      0.736  37.888651    14.6513    6.07154      0.730    30.7310    22.7567 -9.990e-29
 171.518194      0.749  37.887248    14.6521    6.06818      0.743    30.7291    22.7550 -9.990e-29
 171.518200      0.763  37.886004    14.6474    6.11242      0.757    30.7316    22.7580 -9.990e-29
 171.518206      0.777  37.877099    14.6308    6.15887      0.771    30.7367    22.7654 -9.990e-29
 171.518212      0.792  37.852036    14.5993    6.17870      0.785    30.7390    22.7737 -9.990e-29
 171.518218      0.810  37.808270    14.5604    6.18278      0.803    30.7302    22.7750 -9.990e-29
 171.518223      0.828  37.762087    14.5323    6.19369      0.821    30.7107    22.7658 -9.990e-29
 171.518229      0.838  37.738326    14.5297    6.19890      0.831    30.6913    22.7514 -9.990e-29
 171.518235      0.836  37.744023    14.5456    6.20817      0.829    30.6838    22.7424 -9.990e-29
 171.518241      0.826  37.763214    14.5576    6.19232      0.819    30.6917    22.7459 -9.990e-29
 171.518247      0.817  37.778291    14.5573    6.16161      0.810    30.7056    22.7567 -9.990e-29
 171.518252      0.812  37.786366    14.5579    6.13966      0.805    30.7124    22.7618 -9.990e-29
 171.518258      0.812  37.798218    14.5686    6.13753      0.805    30.7147    22.7613 -9.990e-29
 171.518264      0.815  37.816754    14.5808    6.14462      0.808    30.7218    22.7643 -9.990e-29
 171.518270      0.822  37.828540    14.5847    6.16240      0.815    30.7293    22.7693 -9.990e-29
 171.518275      0.833  37.829103    14.5813    6.19607      0.826    30.7325    22.7724 -9.990e-29
 171.518281      0.850  37.821452    14.5747    6.20098      0.843    30.7308    22.7725 -9.990e-29
 171.518287      0.868  37.809984    14.5702    6.19435      0.861    30.7240    22.7682 -9.990e-29
 171.518293      0.882  37.807476    14.5744    6.15686      0.875    30.7184    22.7630 -9.990e-29
 171.518299      0.890  37.817324    14.5869    6.11202      0.883    30.7174    22.7597 -9.990e-29
 171.518304      0.899  37.827978    14.6040    6.08413      0.891    30.7135    22.7531 -9.990e-29
 171.518310      0.905  37.836821    14.6230    6.10106      0.897    30.7065    22.7437 -9.990e-29
 171.518316      0.907  37.847241    14.6315    6.15545      0.899    30.7092    22.7440 -9.990e-29
 171.518322      0.915  37.851819    14.6116    6.19989      0.907    30.7290    22.7635 -9.990e-29
 171.518328      0.929  37.834791    14.5661    6.22824      0.921    30.7496    22.7888 -9.990e-29
 171.518333      0.946  37.796475    14.5242    6.19843      0.938    30.7482    22.7964 -9.990e-29
 171.518339      0.963  37.764348    14.5118    6.14207      0.955    30.7289    22.7841 -9.990e-29
 171.518345      0.971  37.760101    14.5283    6.12334      0.963    30.7120    22.7677 -9.990e-29
 171.518351      0.972  37.778633    14.5529    6.13422      0.964    30.7093    22.7605 -9.990e-29
 171.518356      0.970  37.799211    14.5691    6.17499      0.962    30.7151    22.7616 -9.990e-29
 171.518362      0.969  37.814498    14.5696    6.21006      0.961    30.7285    22.7718 -9.990e-29
 171.518368      0.973  37.816274    14.5539    6.20316      0.965    30.7426    22.7859 -9.990e-29
 171.518374      0.979  37.792894    14.5386    6.16663      0.971    30.7335    22.7821 -9.990e-29
 171.518380      0.982  37.772674    14.5390    6.13489      0.974    30.7149    22.7677 -9.990e-29
 171.518385      0.982  37.778599    14.5486    6.13319      0.974    30.7127    22.7640 -9.990e-29
 171.518391      0.980  37.792203    14.5547    6.17448      0.972    30.7202    22.7685 -9.990e-29
 171.518397      0.980  37.801335    14.5488    6.20830      0.972    30.7331    22.7796 -9.990e-29
 171.518403      0.989  37.800790    14.5315    6.21643      0.981    30.7463    22.7934 -9.990e-29
 171.518409      1.010  37.782559    14.5173    6.19511      1.002    30.7410    22.7923 -9.990e-29
 171.518414      1.030  37.763308    14.5178    6.14957      1.021    30.7232    22.7785 -9.990e-29
 171.518420      1.042  37.765629    14.5272    6.12537      1.033    30.7179    22.7724 -9.990e-29
 171.518426      1.051  37.781962    14.5349    6.12966      1.042    30.7265    22.7775 -9.990e-29
 171.518432      1.067  37.793694    14.5362    6.15744      1.058    30.7361    22.7846 -9.990e-29
 171.518438      1.093  37.794596    14.5271    6.20649      1.084    30.7441    22.7927 -9.990e-29
 171.518443      1.129  37.784762    14.5058    6.25106      1.120    30.7521    22.8032 -9.990e-29
 171.518449      1.167  37.767365    14.4818    6.24287      1.157    30.7553    22.8107 -9.990e-29
 171.518455      1.198  37.750640    14.4684    6.19606      1.188    30.7508    22.8100 -9.990e-29
 171.518461      1.210  37.744274    14.4752    6.15505      1.200    30.7396    22.8000 -9.990e-29
 171.518466      1.204  37.752689    14.5020    6.13842      1.194    30.7260    22.7839 -9.990e-29
 171.518472      1.192  37.774767    14.5289    6.17144      1.182    30.7247    22.7773 -9.990e-29
 171.518478      1.187  37.806854    14.5375    6.21401      1.177    30.7469    22.7927 -9.990e-29
 171.518484      1.192  37.832269    14.5325    6.19837      1.182    30.7739    22.8145 -9.990e-29
 171.518490      1.205  37.832362    14.5253    6.15116      1.195    30.7797    22.8204 -9.990e-29
 171.518495      1.211  37.814567    14.5215    6.10209      1.201    30.7666    22.8111 -9.990e-29
 171.518501      1.204  37.798556    14.5227    6.10397      1.194    30.7512    22.7990 -9.990e-29
 171.518507      1.192  37.793842    14.5274    6.15922      1.182    30.7432    22.7919 -9.990e-29
 171.518513      1.186  37.799382    14.5273    6.21734      1.176    30.7483    22.7958 -9.990e-29
 171.518519      1.191  37.797324    14.5100    6.25078      1.181    30.7601    22.8085 -9.990e-29
 171.518524      1.202  37.771464    14.4837    6.22220      1.192    30.7575    22.8120 -9.990e-29
 171.518530      1.208  37.740639    14.4787    6.18533      1.198    30.7336    22.7946 -9.990e-29
 171.518536      1.200  37.734454    14.5056    6.16107      1.190    30.7067    22.7683 -9.990e-29
 171.518542      1.186  37.757007    14.5420    6.15470      1.176    30.6983    22.7543 -9.990e-29
 171.518547      1.182  37.788995    14.5666    6.15076      1.172    30.7078    22.7564 -9.990e-29
 171.518553      1.198  37.813045    14.5713    6.13578      1.188    30.7258    22.7693 -9.990e-29
 171.518559      1.224  37.816352    14.5599    6.12843      1.214    30.7378    22.7810 -9.990e-29
 171.518565      1.251  37.794359    14.5504    6.14952      1.241    30.7254    22.7734 -9.990e-29
 171.518571      1.275  37.776107    14.5489    6.17316      1.264    30.7101    22.7619 -9.990e-29
 171.518576      1.298  37.778787    14.5423    6.19765      1.287    30.7177    22.7692 -9.990e-29
 171.518582      1.322  37.781289    14.5239    6.21047      1.311    30.7345    22.7859 -9.990e-29
 171.518588      1.344  37.772369    14.5068    6.20669      1.333    30.7400    22.7937 -9.990e-29
 171.518594      1.356  37.763146    14.5110    6.20122      1.345    30.7283    22.7838 -9.990e-29
 171.518600      1.356  37.769382    14.5353    6.18632      1.345    30.7147    22.7683 -9.990e-29
 171.518605      1.346  37.789295    14.5570    6.15973      1.335    30.7156    22.7645 -9.990e-29
 171.518611      1.336  37.806238    14.5644    6.13243      1.325    30.7250    22.7702 -9.990e-29
 171.518617      1.329  37.815321    14.5654    6.12703      1.318    30.7325    22.7757 -9.990e-29
 171.518623      1.325  37.819130    14.5665    6.14432      1.314    30.7350    22.7775 -9.990e-29
 171.518628      1.322  37.817703    14.5634    6.16327      1.311    30.7362    22.7790 -9.990e-29
 171.518634      1.326  37.812509    14.5470    6.15972      1.315    30.7445    22.7888 -9.990e-29
 171.518640      1.341  37.796073    14.5210    6.16259      1.330    30.7502    22.7986 -9.990e-29
 171.518646      1.363  37.768373    14.5025    6.16952      1.352    30.7398    22.7944 -9.990e-29
 171.518652      1.386  37.748032    14.4995    6.18096      1.374    30.7237    22.7827 -9.990e-29
 171.518657      1.402  37.740472    14.5055    6.20663      1.390    30.7121    22.7725 -9.990e-29
 171.518663      1.407  37.739546    14.5076    6.22209      1.395    30.7096    22.7701 -9.990e-29
 171.518669      1.408  37.737855    14.4963    6.23061      1.396    30.7170    22.7782 -9.990e-29
 171.518675      1.407  37.735959    14.4828    6.21857      1.395    30.7260    22.7879 -9.990e-29
 171.518681      1.402  37.744808    14.4837    6.19272      1.390    30.7333    22.7933 -9.990e-29
 171.518686      1.390  37.759373    14.4957    6.17641      1.378    30.7370    22.7937 -9.990e-29
 171.518692      1.380  37.771583    14.5121    6.17053      1.368    30.7351    22.7888 -9.990e-29
 171.518698      1.376  37.789870    14.5341    6.16194      1.365    30.7342    22.7836 -9.990e-29
 171.518704      1.378  37.813939    14.5564    6.15442      1.366    30.7383    22.7821 -9.990e-29
 171.518709      1.385  37.830443    14.5685    6.14598      1.373    30.7437    22.7837 -9.990e-29
 171.518715      1.398  37.832220    14.5674    6.15072      1.386    30.7461    22.7858 -9.990e-29
 171.518721      1.414  37.823335    14.5597    6.17106      1.402    30.7442    22.7859 -9.990e-29
 171.518727      1.429  37.813836    14.5506    6.18974      1.417    30.7428    22.7868 -9.990e-29
 171.518733      1.445  37.805093    14.5398    6.17910      1.433    30.7434    22.7895 -9.990e-29
 171.518738      1.458  37.792749    14.5275    6.16079      1.446    30.7420    22.7909 -9.990e-29
 171.518744      1.464  37.778868    14.5194    6.16011      1.452    30.7359    22.7879 -9.990e-29
 171.518750      1.468  37.771322    14.5215    6.17642      1.456    30.7274    22.7809 -9.990e-29
 171.518756      1.475  37.775203    14.5286    6.20115      1.463    30.7252    22.7778 -9.990e-29
 171.518762      1.481  37.781665    14.5269    6.20133      1.469    30.7324    22.7837 -9.990e-29
 171.518767      1.482  37.775767    14.5154    6.17846      1.470    30.7362    22.7890 -9.990e-29
 171.518773      1.478  37.761438    14.5102    6.15879      1.466    30.7274    22.7833 -9.990e-29
 171.518779      1.469  37.758860    14.5205    6.15884      1.457    30.7169    22.7730 -9.990e-29
 171.518785      1.458  37.770772    14.5346    6.16603      1.446    30.7165    22.7698 -9.990e-29
 171.518791      1.454  37.782762    14.5377    6.18112      1.442    30.7249    22.7756 -9.990e-29
 171.518796      1.460  37.786702    14.5280    6.18404      1.448    30.7361    22.7863 -9.990e-29
 171.518802      1.473  37.780561    14.5137    6.18668      1.461    30.7419    22.7937 -9.990e-29
 171.518808      1.485  37.770188    14.5075    6.19435      1.473    30.7374    22.7916 -9.990e-29
 171.518814      1.492  37.769252    14.5136    6.20637      1.480    30.7317    22.7859 -9.990e-29
 171.518819      1.495  37.776508    14.5246    6.21460      1.483    30.7296    22.7820 -9.990e-29
 171.518825      1.493  37.780316    14.5330    6.20407      1.481    30.7264    22.7778 -9.990e-29
 171.518831      1.492  37.781274    14.5365    6.17622      1.480    30.7245    22.7756 -9.990e-29
 171.518837      1.499  37.784599    14.5351    6.14390      1.486    30.7286    22.7790 -9.990e-29
 171.518843      1.515  37.791930    14.5319    6.13076      1.502    30.7378    22.7868 -9.990e-29
 171.518848      1.533  37.801265    14.5314    6.13694      1.520    30.7466    22.7937 -9.990e-29
 171.518854      1.549  37.805980    14.5320    6.16632      1.536    30.7504    22.7965 -9.990e-29
 171.518860      1.565  37.800023    14.5238    6.20549      1.552    30.7515    22.7990 -9.990e-29
 171.518866      1.581  37.782193    14.5053    6.22493      1.568    30.7500    22.8017 -9.990e-29
 171.518872      1.598  37.758466    14.4897    6.21143      1.585    30.7409    22.7979 -9.990e-29
 171.518877      1.614  37.741540    14.4870    6.18343      1.601    30.7277    22.7883 -9.990e-29
 171.518883      1.620  37.740274    14.4955    6.16985      1.606    30.7198    22.7805 -9.990e-29
 171.518889      1.617  37.749054    14.5074    6.17922      1.603    30.7183    22.7769 -9.990e-29
 171.518895      1.614  37.759958    14.5170    6.20958      1.601    30.7206    22.7766 -9.990e-29
 171.518900      1.614  37.770701    14.5212    6.22717      1.601    30.7270    22.7807 -9.990e-29
 171.518906      1.613  37.773736    14.5183    6.20697      1.600    30.7320    22.7852 -9.990e-29
 171.518912      1.602  37.766946    14.5155    6.15664      1.589    30.7281    22.7827 -9.990e-29
 171.518918      1.582  37.765974    14.5188    6.13215      1.569    30.7246    22.7794 -9.990e-29
