data/oxygen options/ONMS/Olympic_Coast_National_Marine_Sanctuary_Hypoxia_Survey_CTD_Data_2004_2015/raw_data/2006/CTD_TH040_081706faed.cnv
* Sea-Bird SBE19 Data File:
* FileName = C:\Hypoxia_Data_2006\CTD_TH040_081606.hex
* Software Version 1.1.6
* Temperature SN = 2997
* Conductivity SN = 2997
* System UpLoad Time = Aug 17 2006 09:27:36
* SEACAT PROFILER V3.1c SN 2997   08/17/06  09:27:09.137
* strain gauge pressure sensor: S/N = 184829,  range = 3000 psia,  tc = 40
# nquan = 9                                 
# nvalues = 554                         
# units = specified
# name 0 = timeJ: Julian Days
# name 1 = prSM: Pressure, Strain Gauge [db]
# name 2 = c0mS/cm: Conductivity [mS/cm]
# name 3 = t090C: Temperature [ITS-90, deg C]
# name 4 = oxML/L: Oxygen, Beckman/YSI [ml/l]
# name 5 = depSM: Depth [salt water, m], lat = 47.5
# name 6 = sal00: Salinity, Practical [PSU]
# name 7 = sigma-é00: Density [sigma-theta, kg/m^3]
# name 8 = flag: flag
# span 0 = 229.389039, 229.392240       
# span 1 =     -4.507,     39.936       
# span 2 =   0.990912,  37.000672       
# span 3 =     7.8904,    15.3799       
# span 4 =   -2.97819,   38.96501       
# span 5 =     -4.469,     39.599       
# span 6 =     0.6725,    33.6920       
# span 7 =     0.0841,    26.2619       
# span 8 = 0.0000e+00, 0.0000e+00       
# interval = seconds: 0.5
# start_time = Aug 17 2006 09:20:13 [Instrument's time stamp, header]
# bad_flag = -9.990e-29
*END*
[from data line 321]
 229.390897      2.236  36.944107    11.1147    5.72747      2.217    32.8089    25.0494 -9.990e-29
 229.390903      2.226  36.946443    11.1160    5.72080      2.207    32.8101    25.0500 -9.990e-29
 229.390909      2.219  36.948462    11.1181    5.71712      2.200    32.8102    25.0497 -9.990e-29
 229.390914      2.220  36.950612    11.1217    5.72013      2.201    32.8091    25.0483 -9.990e-29
 229.390920      2.229  36.952953    11.1241    5.72506      2.210    32.8093    25.0480 -9.990e-29
 229.390926      2.247  36.954121    11.1221    5.72099      2.228    32.8122    25.0506 -9.990e-29
 229.390932      2.269  36.952306    11.1168    5.72371      2.250    32.8151    25.0538 -9.990e-29
 229.390938      2.290  36.948452    11.1150    5.72163      2.271    32.8129    25.0524 -9.990e-29
 229.390943      2.302  36.946957    11.1186    5.73142      2.283    32.8082    25.0481 -9.990e-29
 229.390949      2.301  36.948628    11.1231    5.73530      2.282    32.8059    25.0455 -9.990e-29
 229.390955      2.295  36.951203    11.1263    5.73216      2.276    32.8056    25.0447 -9.990e-29
 229.390961      2.298  36.954192    11.1285    5.73836      2.279    32.8065    25.0451 -9.990e-29
 229.390966      2.310  36.956531    11.1297    5.73645      2.291    32.8078    25.0458 -9.990e-29
 229.390972      2.322  36.956851    11.1297    5.73599      2.303    32.8081    25.0460 -9.990e-29
 229.390978      2.332  36.956138    11.1293    5.73454      2.313    32.8077    25.0458 -9.990e-29
 229.390984      2.334  36.956247    11.1293    5.72979      2.315    32.8079    25.0459 -9.990e-29
 229.390990      2.327  36.957320    11.1293    5.73129      2.308    32.8089    25.0468 -9.990e-29
 229.390995      2.316  36.957981    11.1288    5.73007      2.297    32.8100    25.0477 -9.990e-29
 229.391001      2.316  36.957430    11.1277    5.73720      2.297    32.8105    25.0482 -9.990e-29
 229.391007      2.325  36.956055    11.1264    5.73216      2.306    32.8103    25.0483 -9.990e-29
 229.391013      2.335  36.954826    11.1257    5.72175      2.315    32.8097    25.0480 -9.990e-29
 229.391019      2.344  36.954345    11.1260    5.72673      2.324    32.8089    25.0473 -9.990e-29
 229.391024      2.351  36.954531    11.1265    5.72728      2.331    32.8086    25.0470 -9.990e-29
 229.391030      2.362  36.955071    11.1267    5.73353      2.342    32.8090    25.0473 -9.990e-29
 229.391036      2.380  36.955563    11.1266    5.74114      2.360    32.8096    25.0477 -9.990e-29
 229.391042      2.404  36.955538    11.1262    5.74105      2.384    32.8099    25.0481 -9.990e-29
 229.391047      2.430  36.954962    11.1264    5.74060      2.410    32.8091    25.0474 -9.990e-29
 229.391053      2.460  36.954750    11.1274    5.75788      2.439    32.8080    25.0464 -9.990e-29
 229.391059      2.501  36.955179    11.1281    5.77330      2.480    32.8078    25.0461 -9.990e-29
 229.391065      2.562  36.955698    11.1274    5.76723      2.541    32.8089    25.0471 -9.990e-29
 229.391071      2.649  36.955319    11.1251    5.75340      2.627    32.8105    25.0488 -9.990e-29
 229.391076      2.759  36.952973    11.1223    5.72703      2.736    32.8107    25.0494 -9.990e-29
 229.391082      2.893  36.950578    11.1200    5.69317      2.869    32.8103    25.0495 0.0000e+00
 229.391088      3.060  36.949989    11.1147    5.65572      3.034    32.8144    25.0536 0.0000e+00
 229.391094      3.271  36.947615    11.0962    5.60254      3.244    32.8285    25.0679 0.0000e+00
 229.391100      3.536  36.936923    11.0550    5.55418      3.506    32.8546    25.0955 0.0000e+00
 229.391105      3.858  36.912631    10.9962    5.49430      3.826    32.8831    25.1281 0.0000e+00
 229.391111      4.231  36.878250    10.9383    5.44946      4.196    32.9007    25.1521 0.0000e+00
 229.391117      4.642  36.845144    10.8927    5.40429      4.603    32.9086    25.1663 0.0000e+00
 229.391123      5.078  36.818521    10.8555    5.36676      5.036    32.9154    25.1781 0.0000e+00
 229.391128      5.536  36.794844    10.8169    5.32847      5.490    32.9263    25.1934 0.0000e+00
 229.391134      6.021  36.768897    10.7742    5.30263      5.971    32.9387    25.2105 0.0000e+00
 229.391140      6.532  36.740296    10.7324    5.27547      6.477    32.9476    25.2248 0.0000e+00
 229.391146      7.068  36.714650    10.6946    5.27495      7.009    32.9559    25.2378 0.0000e+00
 229.391152      7.625  36.695525    10.6637    5.28725      7.561    32.9645    25.2499 0.0000e+00
 229.391157      8.186  36.680408    10.6409    5.25969      8.118    32.9697    25.2579 0.0000e+00
 229.391163      8.737  36.665589    10.6218    5.23804      8.664    32.9719    25.2630 0.0000e+00
 229.391169      9.274  36.649248    10.6051    5.21686      9.196    32.9704    25.2647 0.0000e+00
 229.391175      9.791  36.633336    10.5926    5.21200      9.709    32.9656    25.2631 0.0000e+00
 229.391181     10.293  36.622434    10.5832    5.21838     10.207    32.9629    25.2627 0.0000e+00
 229.391186     10.790  36.617147    10.5738    5.22181     10.700    32.9659    25.2666 0.0000e+00
 229.391192     11.283  36.611544    10.5623    5.21581     11.189    32.9705    25.2722 0.0000e+00
 229.391198     11.774  36.600953    10.5504    5.20522     11.675    32.9704    25.2742 0.0000e+00
 229.391204     12.268  36.589202    10.5413    5.20567     12.165    32.9667    25.2729 0.0000e+00
 229.391209     12.779  36.581934    10.5356    5.19370     12.672    32.9643    25.2720 0.0000e+00
 229.391215     13.315  36.579549    10.5315    5.18660     13.203    32.9654    25.2736 0.0000e+00
 229.391221     13.861  36.578866    10.5266    5.17068     13.745    32.9689    25.2772 0.0000e+00
 229.391227     14.411  36.577286    10.5199    5.14747     14.290    32.9732    25.2817 0.0000e+00
 229.391233     14.961  36.573821    10.5106    5.12349     14.836    32.9779    25.2870 0.0000e+00
 229.391238     15.507  36.567214    10.4961    5.11260     15.377    32.9841    25.2943 0.0000e+00
 229.391244     16.050  36.555382    10.4742    5.09494     15.915    32.9919    25.3041 0.0000e+00
 229.391250     16.590  36.538250    10.4480    5.09956     16.451    32.9982    25.3136 0.0000e+00
 229.391256     17.126  36.518214    10.4241    5.14076     16.982    32.9995    25.3187 0.0000e+00
 229.391262     17.660  36.498841    10.4064    5.14728     17.512    32.9959    25.3189 0.0000e+00
 229.391267     18.186  36.484023    10.3941    5.08193     18.033    32.9919    25.3179 0.0000e+00
 229.391273     18.694  36.473626    10.3849    4.92674     18.537    32.9896    25.3177 0.0000e+00
 229.391279     19.184  36.465001    10.3754    4.74597     19.023    32.9893    25.3191 0.0000e+00
 229.391285     19.665  36.456738    10.3581    4.58697     19.500    32.9965    25.3277 0.0000e+00
 229.391291     20.145  36.443427    10.3168    4.41091     19.976    33.0204    25.3534 0.0000e+00
 229.391296     20.630  36.407319    10.2306    4.22660     20.457    33.0622    25.4007 0.0000e+00
 229.391302     21.125  36.329434    10.0722    4.05749     20.948    33.1280    25.4787 0.0000e+00
 229.391308     21.632  36.182765     9.8329    3.91698     21.450    33.1984    25.5736 0.0000e+00
 229.391314     22.148  35.962440     9.5790    3.80555     21.962    33.2071    25.6221 0.0000e+00
 229.391319     22.667  35.749329     9.3880    3.68171     22.477    33.1645    25.6198 0.0000e+00
 229.391325     23.177  35.617063     9.2579    3.55444     22.982    33.1484    25.6280 0.0000e+00
 229.391331     23.670  35.545147     9.1541    3.44444     23.471    33.1702    25.6615 0.0000e+00
 229.391337     24.156  35.488696     9.0598    3.38477     23.953    33.1992    25.6992 0.0000e+00
 229.391343     24.645  35.428507     8.9617    3.33070     24.438    33.2280    25.7371 0.0000e+00
 229.391348     25.143  35.360581     8.8281    3.27473     24.932    33.2820    25.8002 0.0000e+00
 229.391354     25.651  35.268926     8.6347    3.22432     25.435    33.3677    25.8972 0.0000e+00
 229.391360     26.167  35.136748     8.4141    3.14248     25.947    33.4370    25.9851 0.0000e+00
 229.391366     26.690  34.990235     8.2302    3.08264     26.466    33.4564    26.0280 0.0000e+00
 229.391372     27.219  34.876253     8.1104    2.99958     26.990    33.4492    26.0401 0.0000e+00
 229.391377     27.749  34.813255     8.0386    2.91270     27.516    33.4503    26.0516 0.0000e+00
 229.391383     28.270  34.792349     7.9928    2.84667     28.032    33.4715    26.0750 0.0000e+00
 229.391389     28.778  34.800221     7.9634    2.76620     28.536    33.5079    26.1078 0.0000e+00
 229.391395     29.270  34.821559     7.9436    2.70748     29.024    33.5495    26.1434 0.0000e+00
 229.391400     29.748  34.840508     7.9248    2.66211     29.498    33.5876    26.1761 0.0000e+00
 229.391406     30.221  34.854291     7.9071    2.62376     29.967    33.6192    26.2035 0.0000e+00
 229.391412     30.701  34.867263     7.8968    2.60457     30.443    33.6428    26.2235 0.0000e+00
 229.391418     31.195  34.880453     7.8940    2.59500     30.932    33.6594    26.2370 0.0000e+00
 229.391424     31.693  34.892938     7.8952    2.58916     31.426    33.6714    26.2462 0.0000e+00
 229.391429     32.190  34.902293     7.8969    2.59491     31.919    33.6795    26.2524 0.0000e+00
 229.391435     32.688  34.906970     7.8969    2.59307     32.413    33.6843    26.2562 0.0000e+00
 229.391441     33.187  34.908718     7.8957    2.59014     32.907    33.6871    26.2585 0.0000e+00
 229.391447     33.685  34.909867     7.8951    2.59815     33.401    33.6887    26.2599 0.0000e+00
 229.391453     34.181  34.910823     7.8955    2.58404     33.893    33.6891    26.2601 0.0000e+00
 229.391458     34.666  34.911177     7.8968    2.58186     34.374    33.6880    26.2591 0.0000e+00
 229.391464     35.134  34.911398     7.8991    2.58464     34.838    33.6858    26.2570 0.0000e+00
 229.391470     35.579  34.912898     7.9020    2.57681     35.279    33.6844    26.2555 0.0000e+00
 229.391476     36.000  34.917114     7.9036    2.58897     35.696    33.6871    26.2575 0.0000e+00
 229.391481     36.407  34.920694     7.9025    2.58565     36.100    33.6918    26.2613 0.0000e+00
 229.391487     36.813  34.918317     7.8995    1.86579     36.503    33.6920    26.2619 0.0000e+00
 229.391493     37.221  34.912982     7.8977    2.67879     36.907    33.6878    26.2589 0.0000e+00
 229.391499     37.634  34.909911     7.9005    2.56504     37.317    33.6816    26.2536 0.0000e+00
 229.391505     38.046  34.908929     7.9134    2.45632     37.725    33.6679    26.2410 0.0000e+00
 229.391510     38.449  34.908725     7.9539    2.34790     38.125    33.6285    26.2041 0.0000e+00
 229.391516     38.832  34.909027     8.0767    2.56596     38.504    33.5108    26.0936 0.0000e+00
 229.391522     39.179  34.909671     8.4460    2.56108     38.848    33.1609    25.7640 0.0000e+00
 229.391528     39.478  34.910954     9.5546    2.56515     39.145    32.1442    24.7960 0.0000e+00
 229.391534     39.715  34.915143    12.8825    2.57172     39.380    29.3737    22.0619 0.0000e+00
 229.391539     39.874  34.928382    15.3799    2.56944     39.537    27.5464    20.1565 -9.990e-29
 229.391545     39.936  34.967759    12.8859    2.56175     39.599    29.4201    22.0971 -9.990e-29
 229.391551     39.883  34.998589     9.5588    2.55070     39.546    32.2299    24.8622 -9.990e-29
 229.391557     39.720  34.972551     8.4494    2.56005     39.385    33.2238    25.8129 0.0000e+00
 229.391562     39.467  34.935943     8.0796    2.55951     39.134    33.5365    26.1133 0.0000e+00
 229.391568     39.146  34.923779     7.9564    2.56326     38.816    33.6419    26.2142 0.0000e+00
 229.391574     38.781  34.919283     7.9153    2.56530     38.454    33.6768    26.2477 0.0000e+00
 229.391580     38.389  34.916463     7.9015    2.55452     38.065    33.6873    26.2579 0.0000e+00
 229.391586     37.989  34.913242     7.8963    2.55567     37.668    33.6891    26.2601 0.0000e+00
 229.391591     37.595  34.909816     7.8943    2.55624     37.278    33.6875    26.2591 0.0000e+00
 229.391597     37.206  34.907787     7.8942    2.54862     36.892    33.6856    26.2577 0.0000e+00
 229.391603     36.812  34.907816     7.8942    2.55983     36.502    33.6858    26.2578 0.0000e+00
 229.391609     36.403  34.908819     7.8935    2.55305     36.096    33.6878    26.2594 0.0000e+00
 229.391615     35.984  34.908773     7.8934    2.54423     35.681    33.6880    26.2597 0.0000e+00
 229.391620     35.558  34.907055     7.8936    2.55337     35.258    33.6862    26.2582 0.0000e+00
 229.391626     35.129  34.904741     7.8933    2.54399     34.833    33.6842    26.2567 0.0000e+00
 229.391632     34.702  34.903234     7.8930    2.55644     34.409    33.6831    26.2558 0.0000e+00
 229.391638     34.273  34.902770     7.8929    2.56087     33.984    33.6829    26.2557 0.0000e+00
 229.391644     33.832  34.902732     7.8929    2.55898     33.547    33.6831    26.2558 0.0000e+00
 229.391649     33.374  34.903072     7.8929    2.56207     33.093    33.6836    26.2562 0.0000e+00
 229.391655     32.899  34.903682     7.8927    2.54900     32.622    33.6847    26.2571 0.0000e+00
 229.391661     32.409  34.903694     7.8918    2.56452     32.136    33.6858    26.2581 0.0000e+00
 229.391667     31.911  34.902568     7.8908    2.56838     31.642    33.6858    26.2582 0.0000e+00
 229.391672     31.409  34.901046     7.8904    2.57153     31.144    33.6848    26.2575 0.0000e+00
 229.391678     30.905  34.899344     7.8908    2.57958     30.645    33.6829    26.2559 0.0000e+00
 229.391684     30.400  34.896878     7.8920    2.59319     30.144    33.6793    26.2529 0.0000e+00
 229.391690     29.898  34.893727     7.8928    2.62591     29.646    33.6754    26.2497 0.0000e+00
 229.391696     29.403  34.889616     7.8930    2.67351     29.156    33.6710    26.2462 0.0000e+00
 229.391701     28.925  34.882432     7.8940    2.71969     28.682    33.6626    26.2395 0.0000e+00
 229.391707     28.462  34.869327     7.8965    2.78233     28.223    33.6463    26.2263 0.0000e+00
 229.391713     28.010  34.853579     7.9007    2.84980     27.774    33.6256    26.2094 0.0000e+00
 229.391719     27.562  34.843913     7.9088    2.93063     27.330    33.6077    26.1942 0.0000e+00
 229.391725     27.111  34.840339     7.9295    3.01749     26.883    33.5841    26.1727 0.0000e+00
 229.391730     26.654  34.833045     7.9812    3.11747     26.430    33.5269    26.1201 0.0000e+00
 229.391736     26.188  34.820719     8.0732    3.23550     25.968    33.4259    26.0273 0.0000e+00
 229.391742     25.717  34.817771     8.1768    3.32705     25.501    33.3244    25.9323 0.0000e+00
 229.391748     25.255  34.833737     8.2490    3.44111     25.043    33.2730    25.8813 0.0000e+00
 229.391753     24.805  34.864692     8.2908    3.53096     24.597    33.2665    25.8699 0.0000e+00
 229.391759     24.361  34.908753     8.3440    3.61540     24.156    33.2630    25.8592 0.0000e+00
 229.391765     23.911  34.954586     8.4628    3.73954     23.710    33.1996    25.7916 0.0000e+00
 229.391771     23.449  35.001062     8.6554    3.85320     23.252    33.0679    25.6591 0.0000e+00
 229.391777     22.975  35.072020     8.8508    3.98959     22.782    32.9602    25.5447 0.0000e+00
 229.391782     22.493  35.174609     9.0037    4.11030     22.304    32.9255    25.4937 0.0000e+00
 229.391788     22.006  35.292002     9.1356    4.24290     21.821    32.9256    25.4731 0.0000e+00
 229.391794     21.519  35.396260     9.2586    4.41038     21.338    32.9202    25.4494 0.0000e+00
 229.391800     21.034  35.495190     9.3603    4.54475     20.857    32.9288    25.4399 0.0000e+00
 229.391806     20.554  35.614167     9.4522    4.67778     20.381    32.9669    25.4549 0.0000e+00
 229.391811     20.079  35.718924     9.5738    4.79725     19.910    32.9629    25.4321 0.0000e+00
