data/oxygen options/ONMS/Olympic_Coast_National_Marine_Sanctuary_Hypoxia_Survey_CTD_Data_2004_2015/raw_data/2006/CTD_TH100_070606faed.cnv
* Sea-Bird SBE19 Data File:
* FileName = C:\Hypoxia_Data_2006\CTD.hex
* Software Version 1.1.6
* Temperature SN = 2997
* Conductivity SN = 2997
* System UpLoad Time = Jul 06 2006 14:58:59
* SEACAT PROFILER V3.1c SN 2997   07/06/06  14:58:14.928
* strain gauge pressure sensor: S/N = 184829,  range = 3000 psia,  tc = 40
# nquan = 9                                 
# nvalues = 1004                        
# units = specified
# name 0 = timeJ: Julian Days
# name 1 = prSM: Pressure, Strain Gauge [db]
# name 2 = c0mS/cm: Conductivity [mS/cm]
# name 3 = t090C: Temperature [ITS-90, deg C]
# name 4 = oxML/L: Oxygen, Beckman/YSI [ml/l]
# name 5 = depSM: Depth [salt water, m], lat = 47.5
# name 6 = sal00: Salinity, Practical [PSU]
# name 7 = sigma-é00: Density [sigma-theta, kg/m^3]
# name 8 = flag: flag
# span 0 = 187.616470, 187.622274       
# span 1 =     -5.445,    100.811       
# span 2 =   0.354123,  39.430508       
# span 3 =     7.4085,    16.9285       
# span 4 =   -0.06556,   30.11570       
# span 5 =     -5.400,     99.945       
# span 6 =     0.2050,    33.9103       
# span 7 =    -0.9835,    26.5029       
# span 8 = 0.0000e+00, 0.0000e+00       
# interval = seconds: 0.5
# start_time = Jul 06 2006 14:47:43 [Instrument's time stamp, header]
# bad_flag = -9.990e-29
*END*
[from data line 641]
 187.620179     64.051  34.884466     8.0752    3.56305     63.507    33.4742    26.0655 0.0000e+00
 187.620185     64.482  34.880412     8.0681    3.52164     63.934    33.4764    26.0683 0.0000e+00
 187.620191     64.935  34.881550     8.0632    3.50292     64.383    33.4821    26.0735 0.0000e+00
 187.620197     65.402  34.888258     8.0597    3.47869     64.846    33.4924    26.0821 0.0000e+00
 187.620203     65.884  34.898809     8.0558    3.46915     65.324    33.5072    26.0942 0.0000e+00
 187.620208     66.377  34.907631     8.0481    3.46210     65.812    33.5237    26.1084 0.0000e+00
 187.620214     66.870  34.911329     8.0323    3.43419     66.301    33.5426    26.1255 0.0000e+00
 187.620220     67.352  34.905844     8.0128    3.41191     66.779    33.5552    26.1383 0.0000e+00
 187.620226     67.813  34.892816     7.9997    3.40295     67.236    33.5536    26.1390 0.0000e+00
 187.620231     68.259  34.884015     7.9937    3.39405     67.678    33.5497    26.1368 0.0000e+00
 187.620237     68.700  34.881707     7.9874    3.39934     68.115    33.5531    26.1404 0.0000e+00
 187.620243     69.143  34.880552     7.9761    3.38993     68.554    33.5625    26.1494 0.0000e+00
 187.620249     69.586  34.878434     7.9628    3.38099     68.994    33.5728    26.1595 0.0000e+00
 187.620255     70.023  34.874758     7.9534    3.35135     69.427    33.5777    26.1647 0.0000e+00
 187.620260     70.451  34.872454     7.9501    3.30064     69.851    33.5782    26.1656 0.0000e+00
 187.620266     70.878  34.875723     7.9531    3.25042     70.274    33.5786    26.1655 0.0000e+00
 187.620272     71.308  34.888906     7.9629    3.20191     70.701    33.5831    26.1676 0.0000e+00
 187.620278     71.743  34.917228     7.9745    3.16733     71.132    33.6020    26.1807 0.0000e+00
 187.620284     72.180  34.952453     7.9795    3.14763     71.565    33.6347    26.2057 0.0000e+00
 187.620289     72.614  34.976485     7.9779    3.13940     71.995    33.6617    26.2271 0.0000e+00
 187.620295     73.046  34.986585     7.9725    3.13314     72.424    33.6775    26.2403 0.0000e+00
 187.620301     73.483  34.988917     7.9611    3.11577     72.857    33.6908    26.2524 0.0000e+00
 187.620307     73.925  34.983768     7.9443    3.12709     73.295    33.7013    26.2631 0.0000e+00
 187.620313     74.373  34.973232     7.9290    3.12446     73.739    33.7045    26.2679 0.0000e+00
 187.620318     74.819  34.964550     7.9199    3.12054     74.181    33.7038    26.2687 0.0000e+00
 187.620324     75.262  34.960709     7.9149    3.12133     74.620    33.7043    26.2698 0.0000e+00
 187.620330     75.701  34.958809     7.9095    3.13090     75.055    33.7072    26.2729 0.0000e+00
 187.620336     76.133  34.955179     7.9013    3.13183     75.484    33.7111    26.2772 0.0000e+00
 187.620341     76.560  34.947768     7.8918    3.12463     75.907    33.7121    26.2793 0.0000e+00
 187.620347     76.984  34.937334     7.8823    3.11946     76.327    33.7099    26.2790 0.0000e+00
 187.620353     77.406  34.926208     7.8700    3.10511     76.746    33.7096    26.2806 0.0000e+00
 187.620359     77.831  34.915802     7.8532    3.10108     77.167    33.7144    26.2869 0.0000e+00
 187.620365     78.269  34.905121     7.8340    3.11073     77.601    33.7213    26.2951 0.0000e+00
 187.620370     78.723  34.893366     7.8143    3.10092     78.051    33.7275    26.3028 0.0000e+00
 187.620376     79.186  34.881106     7.7946    3.10124     78.510    33.7332    26.3101 0.0000e+00
 187.620382     79.651  34.867677     7.7780    3.09068     78.971    33.7346    26.3136 0.0000e+00
 187.620388     80.099  34.854783     7.7717    3.08380     79.415    33.7266    26.3083 0.0000e+00
 187.620394     80.520  34.849323     7.7765    3.08623     79.832    33.7159    26.2992 0.0000e+00
 187.620399     80.929  34.852970     7.7821    3.07716     80.238    33.7142    26.2970 0.0000e+00
 187.620405     81.347  34.858234     7.7745    3.07740     80.652    33.7270    26.3082 0.0000e+00
 187.620411     81.783  34.854176     7.7516    3.06503     81.084    33.7446    26.3253 0.0000e+00
 187.620417     82.231  34.840421     7.7281    3.05381     81.528    33.7523    26.3348 0.0000e+00
 187.620422     82.676  34.830015     7.7127    3.02512     81.970    33.7558    26.3398 0.0000e+00
 187.620428     83.114  34.826444     7.7010    2.99902     82.404    33.7631    26.3472 0.0000e+00
 187.620434     83.549  34.823245     7.6874    2.95028     82.835    33.7727    26.3567 0.0000e+00
 187.620440     83.989  34.816694     7.6698    2.90893     83.271    33.7825    26.3669 0.0000e+00
 187.620446     84.432  34.806454     7.6489    2.86525     83.710    33.7915    26.3770 0.0000e+00
 187.620451     84.871  34.793993     7.6262    2.81406     84.145    33.7999    26.3869 0.0000e+00
 187.620457     85.304  34.780063     7.6032    2.76180     84.575    33.8070    26.3958 0.0000e+00
 187.620463     85.737  34.767379     7.5818    2.72281     85.004    33.8139    26.4043 0.0000e+00
 187.620469     86.177  34.760318     7.5632    2.68579     85.440    33.8242    26.4150 0.0000e+00
 187.620475     86.622  34.758979     7.5480    2.65487     85.881    33.8373    26.4275 0.0000e+00
 187.620480     87.061  34.759876     7.5372    2.64160     86.316    33.8486    26.4379 0.0000e+00
 187.620486     87.479  34.760820     7.5315    2.62572     86.731    33.8550    26.4438 0.0000e+00
 187.620492     87.869  34.761930     7.5309    2.60425     87.117    33.8566    26.4451 0.0000e+00
 187.620498     88.239  34.762985     7.5303    2.59465     87.484    33.8581    26.4464 0.0000e+00
 187.620503     88.604  34.762014     7.5240    2.56219     87.846    33.8630    26.4512 0.0000e+00
 187.620509     88.973  34.758827     7.5142    2.53695     88.211    33.8690    26.4572 0.0000e+00
 187.620515     89.353  34.755332     7.5025    2.50421     88.588    33.8764    26.4648 0.0000e+00
 187.620521     89.751  34.751337     7.4860    2.48288     88.983    33.8880    26.4762 0.0000e+00
 187.620527     90.172  34.744302     7.4649    2.47356     89.400    33.9008    26.4893 0.0000e+00
 187.620532     90.611  34.733243     7.4444    2.45204     89.835    33.9086    26.4983 0.0000e+00
 187.620538     91.059  34.721341     7.4292    2.44749     90.279    33.9103    26.5019 0.0000e+00
 187.620544     91.505  34.712332     7.4195    2.44871     90.721    33.9098    26.5028 0.0000e+00
 187.620550     91.948  34.706522     7.4138    2.44455     91.160    33.9089    26.5029 0.0000e+00
 187.620556     92.389  34.702875     7.4108    2.44716     91.597    33.9076    26.5024 0.0000e+00
 187.620561     92.828  34.700997     7.4098    2.44141     92.033    33.9064    26.5015 0.0000e+00
 187.620567     93.258  34.700050     7.4101    2.43355     92.459    33.9048    26.5003 0.0000e+00
 187.620573     93.676  34.699315     7.4105    2.43700     92.873    33.9035    26.4991 0.0000e+00
 187.620579     94.084  34.698919     7.4101    2.43834     93.278    33.9032    26.4990 0.0000e+00
 187.620584     94.485  34.698879     7.4092    2.43956     93.675    33.9039    26.4996 0.0000e+00
 187.620590     94.884  34.699126     7.4086    2.43921     94.070    33.9045    26.5003 0.0000e+00
 187.620596     95.276  34.699411     7.4085    2.44355     94.459    33.9047    26.5004 0.0000e+00
 187.620602     95.657  34.699540     7.4090    2.44998     94.837    33.9042    26.5000 0.0000e+00
 187.620608     96.028  34.699669     7.4099    2.43795     95.204    33.9033    26.4991 0.0000e+00
 187.620613     96.397  34.699954     7.4105    2.44769     95.570    33.9028    26.4987 0.0000e+00
 187.620619     96.770  34.700199     7.4103    2.44102     95.940    33.9031    26.4989 0.0000e+00
 187.620625     97.153  34.700156     7.4099    2.43346     96.319    33.9033    26.4991 0.0000e+00
 187.620631     97.550  34.700315     7.4095    2.43837     96.713    33.9036    26.4995 0.0000e+00
 187.620637     97.951  34.700870     7.4094    2.43634     97.110    33.9041    26.4999 0.0000e+00
 187.620642     98.343  34.701426     7.4096    2.42412     97.499    33.9044    26.5000 0.0000e+00
 187.620648     98.722  34.701585     7.4102    2.42404     97.875    33.9038    26.4995 0.0000e+00
 187.620654     99.085  34.701542     7.4110    2.44132     98.234    33.9028    26.4986 0.0000e+00
 187.620660     99.435  34.701786     7.4118    2.42217     98.581    33.9021    26.4979 0.0000e+00
 187.620666     99.768  34.702070     7.4121    2.42425     98.911    33.9019    26.4978 0.0000e+00
 187.620671    100.066  34.702201     7.4118    2.42954     99.207    33.9022    26.4981 0.0000e+00
 187.620677    100.315  34.702351     7.4116    2.41973     99.454    33.9025    26.4983 0.0000e+00
 187.620683    100.514  34.702716     7.4117    2.43024     99.651    33.9027    26.4984 0.0000e+00
 187.620689    100.665  34.703220     7.4118    2.42801     99.801    33.9030    26.4987 -9.990e-29
 187.620694    100.766  34.703414     7.4121    2.41670     99.901    33.9029    26.4986 -9.990e-29
 187.620700    100.811  34.702998     7.4127    2.41930     99.945    33.9018    26.4977 -9.990e-29
 187.620706    100.798  34.702540     7.4135    2.42871     99.932    33.9006    26.4965 -9.990e-29
 187.620712    100.735  34.703111     7.4143    2.42316     99.870    33.9004    26.4963 -9.990e-29
 187.620718    100.630  34.704355     7.4146    2.42513     99.766    33.9016    26.4971 -9.990e-29
 187.620723    100.478  34.705129     7.4142    2.43253     99.615    33.9029    26.4982 0.0000e+00
 187.620729    100.268  34.705348     7.4134    2.42362     99.407    33.9040    26.4992 0.0000e+00
 187.620735    100.009  34.705305     7.4130    2.43475     99.150    33.9044    26.4996 0.0000e+00
 187.620741     99.722  34.704946     7.4128    2.43460     98.866    33.9044    26.4996 0.0000e+00
 187.620747     99.423  34.704358     7.4128    2.42304     98.569    33.9039    26.4992 0.0000e+00
 187.620752     99.115  34.703881     7.4128    2.42279     98.264    33.9035    26.4989 0.0000e+00
 187.620758     98.796  34.703443     7.4130    2.42868     97.948    33.9030    26.4985 0.0000e+00
 187.620764     98.466  34.703024     7.4133    2.42324     97.621    33.9024    26.4980 0.0000e+00
 187.620770     98.130  34.703192     7.4133    2.42595     97.288    33.9028    26.4983 0.0000e+00
 187.620775     97.792  34.703614     7.4129    2.42363     96.953    33.9038    26.4991 0.0000e+00
 187.620781     97.457  34.703172     7.4122    2.42127     96.621    33.9041    26.4995 0.0000e+00
 187.620787     97.121  34.701844     7.4117    2.41580     96.288    33.9034    26.4989 0.0000e+00
 187.620793     96.770  34.700665     7.4118    2.42257     95.940    33.9021    26.4980 0.0000e+00
 187.620799     96.395  34.700307     7.4119    2.41622     95.568    33.9018    26.4977 0.0000e+00
 187.620804     95.999  34.700296     7.4116    2.41625     95.176    33.9023    26.4981 0.0000e+00
 187.620810     95.598  34.700061     7.4110    2.42780     94.778    33.9028    26.4986 0.0000e+00
 187.620816     95.210  34.699294     7.4104    2.41842     94.394    33.9028    26.4986 0.0000e+00
 187.620822     94.836  34.698098     7.4099    2.42031     94.023    33.9022    26.4982 0.0000e+00
 187.620828     94.470  34.697123     7.4098    2.42740     93.660    33.9014    26.4976 0.0000e+00
 187.620833     94.104  34.696755     7.4100    2.41818     93.297    33.9010    26.4972 0.0000e+00
 187.620839     93.738  34.697069     7.4103    2.43892     92.935    33.9012    26.4974 0.0000e+00
 187.620845     93.373  34.697364     7.4103    2.44087     92.573    33.9017    26.4978 0.0000e+00
 187.620851     93.013  34.696916     7.4098    2.42927     92.216    33.9019    26.4980 0.0000e+00
 187.620856     92.655  34.696254     7.4094    2.43514     91.861    33.9017    26.4979 0.0000e+00
 187.620862     92.286  34.696180     7.4093    2.41766     91.495    33.9019    26.4981 0.0000e+00
 187.620868     91.890  34.696597     7.4097    2.41592     91.103    33.9021    26.4982 0.0000e+00
 187.620874     91.473  34.696942     7.4108    2.43684     90.689    33.9016    26.4976 0.0000e+00
 187.620880     91.051  34.697119     7.4125    2.42913     90.271    33.9004    26.4964 0.0000e+00
 187.620885     90.635  34.697368     7.4140    2.44077     89.859    33.8994    26.4954 0.0000e+00
 187.620891     90.228  34.697467     7.4153    2.46609     89.455    33.8984    26.4944 0.0000e+00
 187.620897     89.827  34.697549     7.4177    2.46571     89.058    33.8964    26.4925 0.0000e+00
 187.620903     89.423  34.698851     7.4239    2.48571     88.657    33.8919    26.4881 0.0000e+00
 187.620909     89.011  34.702549     7.4369    2.50688     88.249    33.8834    26.4796 0.0000e+00
 187.620914     88.597  34.709095     7.4547    2.51964     87.839    33.8733    26.4691 0.0000e+00
 187.620920     88.186  34.717687     7.4700    2.53807     87.431    33.8679    26.4627 0.0000e+00
 187.620926     87.784  34.726328     7.4789    2.54418     87.033    33.8688    26.4621 0.0000e+00
 187.620932     87.385  34.733090     7.4837    2.55583     86.637    33.8716    26.4636 0.0000e+00
 187.620938     86.987  34.736901     7.4885    2.59329     86.243    33.8712    26.4627 0.0000e+00
 187.620943     86.589  34.738360     7.4964    2.60942     85.848    33.8653    26.4569 0.0000e+00
 187.620949     86.192  34.739418     7.5065    2.62647     85.455    33.8568    26.4487 0.0000e+00
 187.620955     85.796  34.740930     7.5161    2.66486     85.062    33.8493    26.4414 0.0000e+00
 187.620961     85.402  34.742673     7.5239    2.69018     84.672    33.8437    26.4360 0.0000e+00
 187.620966     85.011  34.744174     7.5307    2.76712     84.284    33.8389    26.4312 0.0000e+00
 187.620972     84.613  34.745195     7.5425    2.84460     83.890    33.8287    26.4215 0.0000e+00
 187.620978     84.198  34.747102     7.5681    2.89434     83.478    33.8061    26.4000 0.0000e+00
 187.620984     83.765  34.753001     7.6045    2.95675     83.049    33.7773    26.3722 0.0000e+00
 187.620990     83.329  34.764033     7.6366    2.98364     82.617    33.7582    26.3526 0.0000e+00
 187.620995     82.912  34.778094     7.6564    3.01133     82.204    33.7544    26.3467 0.0000e+00
 187.621001     82.524  34.790956     7.6665    3.02409     81.819    33.7586    26.3486 0.0000e+00
 187.621007     82.148  34.797906     7.6710    3.01816     81.446    33.7619    26.3506 0.0000e+00
 187.621013     81.765  34.799245     7.6736    3.02862     81.067    33.7610    26.3495 0.0000e+00
 187.621019     81.362  34.798442     7.6782    3.03365     80.667    33.7559    26.3448 0.0000e+00
 187.621024     80.944  34.798357     7.6858    3.02639     80.253    33.7486    26.3380 0.0000e+00
 187.621030     80.528  34.800001     7.6934    3.03830     79.840    33.7432    26.3327 0.0000e+00
 187.621036     80.117  34.802767     7.7001    3.03486     79.433    33.7399    26.3291 0.0000e+00
 187.621042     79.710  34.806424     7.7065    3.05439     79.029    33.7379    26.3265 0.0000e+00
 187.621047     79.316  34.809685     7.7113    3.07336     78.639    33.7369    26.3251 0.0000e+00
 187.621053     78.931  34.811295     7.7151    3.06735     78.257    33.7351    26.3231 0.0000e+00
 187.621059     78.539  34.812843     7.7213    3.08907     77.869    33.7310    26.3190 0.0000e+00
 187.621065     78.133  34.815836     7.7358    3.09180     77.466    33.7204    26.3085 0.0000e+00
 187.621071     77.713  34.821464     7.7635    3.08700     77.050    33.6998    26.2884 0.0000e+00
 187.621076     77.276  34.833311     7.7963    3.10053     76.617    33.6811    26.2689 0.0000e+00
 187.621082     76.831  34.850917     7.8203    3.09462     76.176    33.6770    26.2622 0.0000e+00
 187.621088     76.395  34.869165     7.8337    3.10311     75.743    33.6839    26.2657 0.0000e+00
 187.621094     75.983  34.884921     7.8423    3.10615     75.335    33.6927    26.2713 0.0000e+00
