data/oxygen options/ONMS/Olympic_Coast_National_Marine_Sanctuary_Hypoxia_Survey_CTD_Data_2004_2015/raw_data/2006/CTD_CA100_060606faed.cnv
* Sea-Bird SBE19 Data File:
* FileName = C:\MOORING_DATA_2006\CTD_CA100_060606.hex
* Software Version 1.1.6
* Temperature SN = 2997
* Conductivity SN = 2997
* System UpLoad Time = Jun 06 2006 14:59:10
* SEACAT PROFILER V3.1c SN 2997   06/06/06  14:58:23.896
* strain gauge pressure sensor: S/N = 184829,  range = 3000 psia,  tc = 40
# nquan = 9                                 
# nvalues = 2172                        
# units = specified
# name 0 = timeJ: Julian Days
# name 1 = prSM: Pressure, Strain Gauge [db]
# name 2 = c0mS/cm: Conductivity [mS/cm]
# name 3 = t090C: Temperature [ITS-90, deg C]
# name 4 = oxML/L: Oxygen, Beckman/YSI [ml/l]
# name 5 = depSM: Depth [salt water, m], lat = 47.5
# name 6 = sal00: Salinity, Practical [PSU]
# name 7 = sigma-é00: Density [sigma-theta, kg/m^3]
# name 8 = flag: flag
# span 0 = 157.602164, 157.614728       
# span 1 =     -5.235,     96.139       
# span 2 =   0.951105,  38.293247       
# span 3 =     7.9429,    16.6150       
# span 4 =  -13.57879,   30.34292       
# span 5 =     -5.191,     95.314       
# span 6 =     0.6162,    33.6604       
# span 7 =    -0.3658,    26.2310       
# span 8 = 0.0000e+00, 0.0000e+00       
# interval = seconds: 0.5
# start_time = Jun 06 2006 14:27:07 [Instrument's time stamp, header]
# bad_flag = -9.990e-29
*END*
[from data line 1441]
 157.610503     50.589  34.510797     8.5745    4.08401     50.161    32.6161    25.3178 -9.990e-29
 157.610509     50.587  34.510597     8.5747    4.08391     50.159    32.6157    25.3175 -9.990e-29
 157.610515     50.582  34.510297     8.5754    4.08382     50.154    32.6148    25.3167 -9.990e-29
 157.610521     50.570  34.510051     8.5762    4.09334     50.142    32.6138    25.3158 -9.990e-29
 157.610527     50.554  34.509712     8.5763    4.08020     50.126    32.6133    25.3154 -9.990e-29
 157.610532     50.542  34.509383     8.5757    4.08206     50.114    32.6135    25.3157 -9.990e-29
 157.610538     50.541  34.509374     8.5751    4.08805     50.113    32.6141    25.3162 -9.990e-29
 157.610544     50.552  34.509671     8.5746    4.07987     50.124    32.6149    25.3168 -9.990e-29
 157.610550     50.562  34.509735     8.5741    4.09115     50.134    32.6154    25.3173 -9.990e-29
 157.610556     50.558  34.509653     8.5741    4.08222     50.130    32.6153    25.3173 -9.990e-29
 157.610561     50.547  34.509874     8.5746    4.06918     50.119    32.6151    25.3170 -9.990e-29
 157.610567     50.542  34.510134     8.5749    4.08702     50.114    32.6151    25.3170 -9.990e-29
 157.610573     50.550  34.510220     8.5746    4.07970     50.122    32.6154    25.3173 -9.990e-29
 157.610579     50.556  34.510249     8.5742    4.08365     50.128    32.6158    25.3177 -9.990e-29
 157.610584     50.549  34.510258     8.5740    4.08365     50.121    32.6160    25.3179 -9.990e-29
 157.610590     50.528  34.510261     8.5740    4.06876     50.100    32.6160    25.3179 -9.990e-29
 157.610596     50.505  34.510261     8.5740    4.08021     50.077    32.6161    25.3179 -9.990e-29
 157.610602     50.491  34.510260     8.5739    4.08223     50.063    32.6162    25.3180 -9.990e-29
 157.610608     50.486  34.510260     8.5737    4.08399     50.059    32.6163    25.3181 -9.990e-29
 157.610613     50.475  34.510260     8.5735    4.09411     50.048    32.6165    25.3183 -9.990e-29
 157.610619     50.446  34.510260     8.5735    4.07478     50.019    32.6165    25.3183 -9.990e-29
 157.610625     50.402  34.510259     8.5740    4.07995     49.975    32.6161    25.3179 -9.990e-29
 157.610631     50.359  34.510258     8.5744    4.08801     49.933    32.6158    25.3176 -9.990e-29
 157.610637     50.334  34.510257     8.5743    4.08189     49.908    32.6159    25.3177 -9.990e-29
 157.610642     50.328  34.510256     8.5737    4.09411     49.902    32.6164    25.3182 -9.990e-29
 157.610648     50.338  34.510254     8.5729    4.08206     49.912    32.6171    25.3189 -9.990e-29
 157.610654     50.350  34.510251     8.5727    4.07836     49.924    32.6173    25.3191 -9.990e-29
 157.610660     50.353  34.510240     8.5730    4.08063     49.927    32.6170    25.3188 -9.990e-29
 157.610666     50.347  34.510209     8.5733    4.07853     49.921    32.6167    25.3185 -9.990e-29
 157.610671     50.340  34.510116     8.5734    4.08223     49.914    32.6165    25.3183 -9.990e-29
 157.610677     50.340  34.509838     8.5736    4.08211     49.914    32.6161    25.3179 -9.990e-29
 157.610683     50.352  34.509567     8.5740    4.08198     49.926    32.6154    25.3174 -9.990e-29
 157.610689     50.372  34.509504     8.5740    4.08086     49.946    32.6153    25.3173 -9.990e-29
 157.610694     50.396  34.509566     8.5738    4.07276     49.969    32.6156    25.3175 -9.990e-29
 157.610700     50.427  34.509835     8.5732    4.07884     50.000    32.6164    25.3182 -9.990e-29
 157.610706     50.463  34.510111     8.5723    4.08177     50.036    32.6175    25.3192 -9.990e-29
 157.610712     50.492  34.510200     8.5715    4.08371     50.064    32.6183    25.3200 -9.990e-29
 157.610718     50.499  34.510220     8.5713    4.09468     50.071    32.6185    25.3202 -9.990e-29
 157.610723     50.477  34.510198     8.5717    4.08309     50.050    32.6181    25.3198 -9.990e-29
 157.610729     50.432  34.510103     8.5723    4.08240     50.005    32.6175    25.3193 -9.990e-29
 157.610735     50.379  34.509813     8.5729    4.08055     49.952    32.6167    25.3185 -9.990e-29
 157.610741     50.326  34.509501     8.5733    4.07853     49.900    32.6160    25.3179 -9.990e-29
 157.610747     50.281  34.509314     8.5735    4.08223     49.855    32.6156    25.3176 -9.990e-29
 157.610752     50.247  34.509006     8.5736    4.08189     49.822    32.6152    25.3173 -9.990e-29
 157.610758     50.227  34.508728     8.5736    4.07358     49.802    32.6149    25.3171 -9.990e-29
 157.610764     50.221  34.508672     8.5735    4.07983     49.796    32.6150    25.3171 -9.990e-29
 157.610770     50.231  34.508764     8.5733    4.08194     49.806    32.6153    25.3173 -9.990e-29
 157.610775     50.267  34.509127     8.5729    4.08387     49.841    32.6160    25.3180 -9.990e-29
 157.610781     50.327  34.509683     8.5723    4.09402     49.901    32.6171    25.3189 -9.990e-29
 157.610787     50.389  34.510055     8.5718    4.08382     49.962    32.6179    25.3197 -9.990e-29
 157.610793     50.427  34.510175     8.5717    4.08189     50.000    32.6181    25.3198 -9.990e-29
 157.610799     50.431  34.510203     8.5723    4.08918     50.004    32.6176    25.3193 -9.990e-29
 157.610804     50.409  34.510175     8.5733    4.08012     49.982    32.6167    25.3184 -9.990e-29
 157.610810     50.378  34.510055     8.5740    4.09016     49.951    32.6159    25.3177 -9.990e-29
 157.610816     50.352  34.509686     8.5744    4.08185     49.926    32.6152    25.3171 -9.990e-29
 157.610822     50.338  34.509138     8.5745    4.07760     49.912    32.6145    25.3166 -9.990e-29
 157.610828     50.332  34.508804     8.5747    4.08858     49.906    32.6140    25.3161 -9.990e-29
 157.610833     50.327  34.508800     8.5748    4.07156     49.901    32.6139    25.3160 -9.990e-29
 157.610839     50.325  34.509122     8.5746    4.07896     49.899    32.6144    25.3165 -9.990e-29
 157.610845     50.325  34.509640     8.5742    4.07930     49.899    32.6153    25.3172 -9.990e-29
 157.610851     50.327  34.509922     8.5738    4.08026     49.901    32.6160    25.3178 -9.990e-29
 157.610856     50.326  34.509785     8.5735    4.09511     49.900    32.6161    25.3180 -9.990e-29
 157.610862     50.315  34.509607     8.5737    4.08383     49.889    32.6157    25.3177 -9.990e-29
 157.610868     50.292  34.509712     8.5743    4.08103     49.866    32.6153    25.3172 -9.990e-29
 157.610874     50.265  34.509678     8.5746    4.07992     49.839    32.6150    25.3169 -9.990e-29
 157.610880     50.240  34.509463     8.5745    4.06881     49.815    32.6149    25.3169 -9.990e-29
 157.610885     50.229  34.509341     8.5741    4.08909     49.804    32.6151    25.3171 -9.990e-29
 157.610891     50.240  34.509153     8.5735    4.08404     49.815    32.6155    25.3175 -9.990e-29
 157.610897     50.264  34.509210     8.5728    4.08434     49.838    32.6162    25.3181 -9.990e-29
 157.610903     50.287  34.509588     8.5726    4.08443     49.861    32.6167    25.3186 -9.990e-29
 157.610909     50.296  34.509667     8.5728    4.07001     49.870    32.6166    25.3185 -9.990e-29
 157.610914     50.293  34.509552     8.5732    4.07987     49.867    32.6161    25.3181 -9.990e-29
 157.610920     50.290  34.509652     8.5736    4.07350     49.864    32.6159    25.3178 -9.990e-29
 157.610926     50.294  34.509541     8.5737    4.07251     49.868    32.6157    25.3176 -9.990e-29
 157.610932     50.304  34.509071     8.5735    4.08370     49.878    32.6154    25.3174 -9.990e-29
 157.610938     50.314  34.508739     8.5731    4.08404     49.888    32.6154    25.3175 -9.990e-29
 157.610943     50.325  34.508665     8.5724    4.08843     49.899    32.6159    25.3180 -9.990e-29
 157.610949     50.338  34.508749     8.5717    4.08645     49.912    32.6167    25.3187 -9.990e-29
 157.610955     50.350  34.509105     8.5716    4.08232     49.924    32.6171    25.3191 -9.990e-29
 157.610961     50.352  34.509648     8.5724    4.08232     49.926    32.6170    25.3188 -9.990e-29
 157.610966     50.341  34.509979     8.5736    4.07413     49.915    32.6162    25.3180 -9.990e-29
 157.610972     50.320  34.509978     8.5745    4.08004     49.894    32.6154    25.3173 -9.990e-29
 157.610978     50.301  34.509646     8.5748    4.08177     49.875    32.6148    25.3167 -9.990e-29
 157.610984     50.295  34.509102     8.5742    4.07470     49.869    32.6148    25.3168 -9.990e-29
 157.610990     50.306  34.508746     8.5730    4.08396     49.880    32.6155    25.3176 -9.990e-29
 157.610995     50.331  34.508664     8.5717    4.08219     49.905    32.6166    25.3186 -9.990e-29
 157.611001     50.358  34.508747     8.5710    4.07525     49.932    32.6173    25.3193 -9.990e-29
 157.611007     50.376  34.509106     8.5709    4.08413     49.949    32.6178    25.3197 -9.990e-29
 157.611013     50.382  34.509657     8.5711    4.07359     49.955    32.6182    25.3200 -9.990e-29
 157.611019     50.377  34.510015     8.5715    4.08160     49.950    32.6182    25.3199 -9.990e-29
 157.611024     50.361  34.510097     8.5723    4.08581     49.935    32.6175    25.3193 -9.990e-29
 157.611030     50.335  34.510014     8.5732    4.07478     49.909    32.6166    25.3184 -9.990e-29
 157.611036     50.313  34.509656     8.5736    4.08421     49.887    32.6159    25.3178 -9.990e-29
 157.611042     50.304  34.509108     8.5734    4.08223     49.878    32.6155    25.3175 -9.990e-29
 157.611047     50.309  34.508763     8.5728    4.09322     49.883    32.6157    25.3178 -9.990e-29
 157.611053     50.314  34.508722     8.5723    4.09739     49.888    32.6161    25.3182 -9.990e-29
 157.611059     50.309  34.508930     8.5726    4.08421     49.883    32.6160    25.3181 -9.990e-29
 157.611065     50.291  34.509103     8.5733    4.08017     49.865    32.6156    25.3176 -9.990e-29
 157.611071     50.273  34.508911     8.5737    4.06704     49.847    32.6150    25.3171 -9.990e-29
 157.611076     50.271  34.508663     8.5739    4.06717     49.845    32.6146    25.3167 -9.990e-29
 157.611082     50.293  34.508589     8.5738    4.08021     49.867    32.6146    25.3167 -9.990e-29
 157.611088     50.333  34.508591     8.5733    4.07482     49.907    32.6150    25.3172 -9.990e-29
 157.611094     50.374  34.508674     8.5730    4.08672     49.947    32.6154    25.3175 -9.990e-29
 157.611100     50.408  34.508949     8.5729    4.07771     49.981    32.6157    25.3178 -9.990e-29
 157.611105     50.433  34.509219     8.5728    4.08211     50.006    32.6161    25.3181 -9.990e-29
 157.611111     50.449  34.509285     8.5728    4.08610     50.022    32.6162    25.3181 -9.990e-29
 157.611117     50.457  34.509236     8.5728    4.08396     50.030    32.6161    25.3181 -9.990e-29
 157.611123     50.459  34.509005     8.5725    4.08689     50.032    32.6161    25.3182 -9.990e-29
 157.611128     50.455  34.508848     8.5722    4.08185     50.028    32.6163    25.3183 -9.990e-29
 157.611134     50.443  34.509116     8.5726    4.08268     50.016    32.6162    25.3182 -9.990e-29
 157.611140     50.424  34.509605     8.5733    4.08194     49.997    32.6161    25.3180 -9.990e-29
 157.611146     50.401  34.509846     8.5739    4.08189     49.974    32.6158    25.3177 -9.990e-29
 157.611152     50.384  34.509602     8.5742    4.08194     49.957    32.6152    25.3172 -9.990e-29
 157.611157     50.382  34.509108     8.5741    4.09217     49.955    32.6148    25.3169 -9.990e-29
 157.611163     50.385  34.508830     8.5740    4.08441     49.958    32.6146    25.3167 -9.990e-29
 157.611169     50.381  34.508959     8.5740    4.09171     49.954    32.6147    25.3168 -9.990e-29
 157.611175     50.370  34.509106     8.5741    4.09155     49.944    32.6148    25.3169 -9.990e-29
 157.611181     50.359  34.508908     8.5742    4.08005     49.933    32.6145    25.3166 -9.990e-29
 157.611186     50.353  34.508663     8.5741    4.08901     49.927    32.6144    25.3165 -9.990e-29
 157.611192     50.355  34.508606     8.5739    4.06946     49.929    32.6145    25.3166 -9.990e-29
 157.611198     50.369  34.508660     8.5738    4.07562     49.943    32.6146    25.3168 -9.990e-29
 157.611204     50.392  34.508900     8.5736    4.07992     49.965    32.6150    25.3171 -9.990e-29
 157.611209     50.421  34.509084     8.5732    4.07207     49.994    32.6156    25.3176 -9.990e-29
 157.611215     50.454  34.508899     8.5726    4.08439     50.027    32.6159    25.3180 -9.990e-29
 157.611221     50.480  34.508659     8.5719    4.08336     50.053    32.6163    25.3184 -9.990e-29
 157.611227     50.484  34.508604     8.5717    4.08572     50.057    32.6165    25.3185 -9.990e-29
 157.611233     50.461  34.508658     8.5723    4.09572     50.034    32.6160    25.3181 -9.990e-29
 157.611238     50.428  34.508897     8.5734    4.08556     50.001    32.6152    25.3173 -9.990e-29
 157.611244     50.399  34.509079     8.5741    4.07427     49.972    32.6148    25.3168 -9.990e-29
 157.611250     50.381  34.508889     8.5741    4.07898     49.954    32.6146    25.3167 -9.990e-29
 157.611256     50.381  34.508637     8.5733    4.06985     49.954    32.6151    25.3172 -9.990e-29
 157.611262     50.400  34.508552     8.5722    4.08168     49.973    32.6160    25.3181 -9.990e-29
 157.611267     50.425  34.508521     8.5710    4.06887     49.998    32.6170    25.3191 -9.990e-29
 157.611273     50.446  34.508502     8.5700    4.07091     50.019    32.6179    25.3199 -9.990e-29
 157.611279     50.460  34.508471     8.5692    4.08396     50.033    32.6186    25.3206 -9.990e-29
 157.611285     50.462  34.508385     8.5690    4.07767     50.035    32.6187    25.3207 -9.990e-29
 157.611291     50.450  34.508131     8.5694    4.08993     50.023    32.6181    25.3202 -9.990e-29
 157.611296     50.426  34.507934     8.5704    4.07788     49.999    32.6170    25.3191 -9.990e-29
 157.611302     50.394  34.508092     8.5717    4.07418     49.967    32.6160    25.3181 -9.990e-29
 157.611308     50.355  34.508256     8.5729    4.09351     49.929    32.6150    25.3172 -9.990e-29
 157.611314     50.316  34.508088     8.5737    4.08723     49.890    32.6141    25.3164 -9.990e-29
 157.611319     50.282  34.507924     8.5738    4.08783     49.856    32.6139    25.3162 -9.990e-29
 157.611325     50.252  34.508110     8.5737    4.08416     49.827    32.6142    25.3165 -9.990e-29
 157.611331     50.215  34.508334     8.5739    4.07659     49.790    32.6143    25.3165 -9.990e-29
 157.611337     50.169  34.508335     8.5742    4.08938     49.744    32.6140    25.3162 -9.990e-29
 157.611343     50.120  34.508116     8.5744    4.07439     49.696    32.6136    25.3159 -9.990e-29
 157.611348     50.067  34.507946     8.5741    4.07820     49.643    32.6137    25.3160 -9.990e-29
 157.611354     50.000  34.508161     8.5734    4.07873     49.577    32.6146    25.3168 -9.990e-29
 157.611360     49.898  34.508490     8.5729    4.07843     49.476    32.6155    25.3176 -9.990e-29
 157.611366     49.741  34.508808     8.5731    4.09246     49.320    32.6157    25.3177 0.0000e+00
 157.611372     49.518  34.508980     8.5740    4.08192     49.099    32.6152    25.3172 0.0000e+00
 157.611377     49.233  34.508675     8.5753    4.08710     48.816    32.6138    25.3159 0.0000e+00
 157.611383     48.903  34.508051     8.5764    4.08550     48.489    32.6122    25.3145 0.0000e+00
 157.611389     48.548  34.507402     8.5765    4.08367     48.137    32.6116    25.3140 0.0000e+00
 157.611395     48.185  34.506987     8.5759    4.09346     47.777    32.6119    25.3143 0.0000e+00
 157.611400     47.817  34.506820     8.5757    4.09132     47.412    32.6121    25.3145 0.0000e+00
 157.611406     47.436  34.506678     8.5762    4.09971     47.035    32.6117    25.3140 0.0000e+00
 157.611412     47.045  34.506376     8.5772    4.11713     46.647    32.6106    25.3131 0.0000e+00
 157.611418     46.649  34.506074     8.5786    4.11508     46.254    32.6092    25.3117 0.0000e+00
