data/oxygen options/ONMS/Olympic_Coast_National_Marine_Sanctuary_Hypoxia_Survey_CTD_Data_2004_2015/raw_data/2006/CTD_TH040_062006faedb.cnv
* Sea-Bird SBE19 Data File:
* FileName = C:\Hypoxia Data\CTDS_TH040_062006.hex
* Software Version 1.1.8
* Temperature SN = 2997
* Conductivity SN = 2997
* System UpLoad Time = Jun 20 2006 12:57:56
* SEACAT PROFILER V3.1c SN 2997   06/20/06  12:56:50.560
* strain gauge pressure sensor: S/N = 184829,  range = 3000 psia,  tc = 40
# nquan = 9
# nvalues = 37                          
# units = specified
# name 0 = timeJ: Julian Days
# name 1 = prSM: Pressure, Strain Gauge [db]
# name 2 = c0mS/cm: Conductivity [mS/cm]
# name 3 = t090C: Temperature [ITS-90, deg C]
# name 4 = oxML/L: Oxygen, Beckman/YSI [ml/l]
# name 5 = depSM: Depth [salt water, m], lat = 47.5
# name 6 = sal00: Salinity, Practical [PSU]
# name 7 = sigma-é00: Density [sigma-theta, kg/m^3]
# name 8 = flag: flag
# span 0 = 171.519234, 171.519682       
# span 1 =      3.000,     39.000       
# span 2 =  34.783808,  37.707043       
# span 3 =     7.9008,    14.3131       
# span 4 =    2.52502,    6.02658       
# span 5 =      2.975,     38.670       
# span 6 =    30.8342,    33.5460       
# span 7 =    22.9062,    26.1470       
# span 8 = 0.0000e+00, 0.0000e+00       
# interval = decibars: 1                
# start_time = Jun 20 2006 12:24:35 [Instrument's time stamp, header]
# bad_flag = -9.990e-29
*END*
 171.519234      3.000  37.707043    14.3131    5.97956      2.975    30.8342    22.9062 0.0000e+00
 171.519252      4.000  37.527100    13.8825    6.02658      3.967    31.0144    23.1331 0.0000e+00
 171.519265      5.000  37.394803    13.6478    5.95443      4.958    31.0822    23.2326 0.0000e+00
 171.519278      6.000  37.352346    13.5570    5.77374      5.950    31.1163    23.2770 0.0000e+00
 171.519290      7.000  37.340005    13.4846    5.54194      6.942    31.1635    23.3279 0.0000e+00
 171.519303      8.000  37.297628    13.2796    5.15484      7.933    31.2917    23.4673 0.0000e+00
 171.519314      9.000  37.147274    12.8925    4.85305      8.925    31.4704    23.6810 0.0000e+00
 171.519326     10.000  36.922697    12.4200    4.64168      9.916    31.6529    23.9125 0.0000e+00
 171.519337     11.000  36.644663    11.8702    4.37877     10.908    31.8526    24.1697 0.0000e+00
 171.519348     12.000  36.373600    11.4450    4.23996     11.899    31.9543    24.3260 0.0000e+00
 171.519360     13.000  36.210379    11.1499    4.14604     12.891    32.0500    24.4529 0.0000e+00
 171.519372     14.000  36.037644    10.7562    3.93295     13.883    32.2236    24.6569 0.0000e+00
 171.519384     15.000  35.864984    10.4598    3.77386     14.874    32.3130    24.7776 0.0000e+00
 171.519395     16.000  35.746208    10.2173    3.52213     15.866    32.4094    24.8937 0.0000e+00
 171.519407     17.000  35.601630     9.8343    3.26786     16.857    32.6070    25.1115 0.0000e+00
 171.519418     18.000  35.389663     9.4065    3.08882     17.849    32.7791    25.3154 0.0000e+00
 171.519430     19.000  35.227113     8.9786    2.95617     18.841    33.0051    25.5598 0.0000e+00
 171.519442     20.000  35.070648     8.6224    2.85871     19.833    33.1734    25.7468 0.0000e+00
 171.519455     21.000  35.024706     8.5242    2.84589     20.824    33.2170    25.7959 0.0000e+00
 171.519469     22.000  35.032462     8.4886    2.83152     21.815    33.2583    25.8337 0.0000e+00
 171.519482     23.000  34.985136     8.3526    2.80757     22.807    33.3363    25.9154 0.0000e+00
 171.519495     24.000  34.934017     8.2457    2.78055     23.798    33.3832    25.9682 0.0000e+00
 171.519506     25.000  34.915549     8.2035    2.73824     24.790    33.4033    25.9902 0.0000e+00
 171.519517     26.000  34.905946     8.1763    2.68548     25.781    33.4185    26.0062 0.0000e+00
 171.519528     27.000  34.887116     8.1134    2.63898     26.773    33.4579    26.0466 0.0000e+00
 171.519539     28.000  34.852742     8.0410    2.59675     27.765    33.4900    26.0823 0.0000e+00
 171.519551     29.000  34.826827     8.0038    2.58580     28.756    33.4975    26.0938 0.0000e+00
 171.519563     30.000  34.813167     7.9666    2.57946     29.748    33.5181    26.1154 0.0000e+00
 171.519576     31.000  34.800538     7.9395    2.56902     30.739    33.5301    26.1288 0.0000e+00
 171.519586     32.000  34.795485     7.9306    2.57337     31.731    33.5327    26.1322 0.0000e+00
 171.519598     33.000  34.793250     7.9266    2.54943     32.722    33.5338    26.1336 0.0000e+00
 171.519610     34.000  34.791173     7.9213    2.53330     33.713    33.5362    26.1362 0.0000e+00
 171.519623     35.000  34.789199     7.9151    2.53175     34.705    33.5394    26.1398 0.0000e+00
 171.519636     36.000  34.786027     7.9069    2.53331     35.696    33.5434    26.1441 0.0000e+00
 171.519649     37.000  34.784113     7.9025    2.53896     36.688    33.5451    26.1461 0.0000e+00
 171.519664     38.000  34.783808     7.9008    2.53107     37.679    33.5460    26.1470 0.0000e+00
 171.519682     39.000  34.785623     7.9028    2.52502     38.670    33.5455    26.1464 0.0000e+00
