data/oxygen options/ONMS/Olympic_Coast_National_Marine_Sanctuary_Hypoxia_Survey_CTD_Data_2004_2015/raw_data/2006/CTD_TH035_060706faed.cnv
* Sea-Bird SBE19 Data File:
* FileName = C:\Hypoxia_Data_2006\CTD_TH035_060706.hex
* Software Version 1.1.6
* Temperature SN = 2997
* Conductivity SN = 2997
* System UpLoad Time = Jun 07 2006 12:04:19
* SEACAT PROFILER V3.1c SN 2997   06/07/06  12:03:37.384
* strain gauge pressure sensor: S/N = 184829,  range = 3000 psia,  tc = 40
# nquan = 9                                 
# nvalues = 615                         
# units = specified
# name 0 = timeJ: Julian Days
# name 1 = prSM: Pressure, Strain Gauge [db]
# name 2 = c0mS/cm: Conductivity [mS/cm]
# name 3 = t090C: Temperature [ITS-90, deg C]
# name 4 = oxML/L: Oxygen, Beckman/YSI [ml/l]
# name 5 = depSM: Depth [salt water, m], lat = 47.5
# name 6 = sal00: Salinity, Practical [PSU]
# name 7 = sigma-é00: Density [sigma-theta, kg/m^3]
# name 8 = flag: flag
# span 0 = 158.496400, 158.499954       
# span 1 =     -4.553,     34.264       
# span 2 =   0.422844,  37.045299       
# span 3 =     8.8397,    15.4602       
# span 4 =   -0.07054,   32.31907       
# span 5 =     -4.515,     33.975       
# span 6 =     0.2635,    33.1832       
# span 7 =    -0.4902,    25.7203       
# span 8 = 0.0000e+00, 0.0000e+00       
# interval = seconds: 0.5
# start_time = Jun 07 2006 11:54:49 [Instrument's time stamp, header]
# bad_flag = -9.990e-29
*END*
 158.496400     -4.553 -9.990e-29    13.4953   -0.07054     -4.515 -9.990e-29 -9.990e-29 -9.990e-29
 158.496406     -4.534   0.424313    13.5008   -0.07054     -4.496     0.2649    -0.4799 -9.990e-29
 158.496412     -4.518   0.425035    13.5069   -0.07051     -4.480     0.2653    -0.4804 -9.990e-29
 158.496418     -4.498   0.425908    13.5142   -0.07047     -4.461     0.2658    -0.4809 -9.990e-29
 158.496424     -4.470   0.426433    13.5229   -0.07043     -4.433     0.2661    -0.4819 -9.990e-29
 158.496429     -4.435   0.425828    13.5342   -0.07040     -4.398     0.2656    -0.4838 -9.990e-29
 158.496435     -4.401   0.424399    13.5473   -0.07040     -4.364     0.2646    -0.4863 -9.990e-29
 158.496441     -4.369   0.423198    13.5582   -0.07039     -4.333     0.2638    -0.4884 -9.990e-29
 158.496447     -4.342   0.422844    13.5662   -0.07038     -4.306     0.2635    -0.4897 -9.990e-29
 158.496453     -4.321   0.423606    13.5728   -0.07035     -4.285     0.2640    -0.4902 -9.990e-29
 158.496458     -4.303   0.426499    13.5789   -0.07035     -4.267     0.2658    -0.4896 -9.990e-29
 158.496464     -4.284   0.434272    13.5852   -0.07034     -4.248     0.2707    -0.4867 -9.990e-29
 158.496470     -4.269   0.455074    13.5917   -0.07033     -4.233     0.2840    -0.4772 -9.990e-29
 158.496476     -4.252   0.497781    13.5984   -0.07030     -4.217     0.3115    -0.4567 -9.990e-29
 158.496481     -4.229   0.559429    13.6051   -0.07028     -4.194     0.3514    -0.4266 -9.990e-29
 158.496487     -4.201   0.625137    13.6114   -0.07026     -4.166     0.3941    -0.3943 -9.990e-29
 158.496493     -4.171   0.671565    13.6177   -0.07025     -4.136     0.4244    -0.3716 -9.990e-29
 158.496499     -4.137   0.687390    13.6245   -0.07023     -4.103     0.4347    -0.3645 -9.990e-29
 158.496505     -4.102   0.688717    13.6315   -0.07022     -4.068     0.4355    -0.3648 -9.990e-29
 158.496510     -4.067   0.692297    13.6367   -0.07021     -4.033     0.4378    -0.3637 -9.990e-29
 158.496516     -4.034   0.699576    13.6407   -0.07019     -4.000     0.4425    -0.3606 -9.990e-29
 158.496522     -4.006   0.708611    13.6465   -0.07019     -3.973     0.4484    -0.3568 -9.990e-29
 158.496528     -3.982   0.719800    13.6549   -0.07017     -3.949     0.4556    -0.3523 -9.990e-29
 158.496534     -3.958   0.731972    13.6639   -0.07014     -3.925     0.4635    -0.3474 -9.990e-29
 158.496539     -3.930   0.744160    13.6718   -0.07010     -3.897     0.4715    -0.3424 -9.990e-29
 158.496545     -3.896   0.757636    13.6786   -0.07009     -3.864     0.4803    -0.3365 -9.990e-29
 158.496551     -3.862   0.772060    13.6848   -0.07009     -3.830     0.4897    -0.3300 -9.990e-29
 158.496557     -3.830   0.784472    13.6898   -0.07007     -3.798     0.4978    -0.3243 -9.990e-29
 158.496563     -3.799   0.793115    13.6943   -0.07004     -3.767     0.5035    -0.3206 -9.990e-29
 158.496568     -3.770   0.803966    13.6995   -0.07003     -3.739     0.5106    -0.3158 -9.990e-29
 158.496574     -3.751   0.820396    13.7062   -0.07002     -3.720     0.5213    -0.3083 -9.990e-29
 158.496580     -3.739   0.831579    13.7141   -0.07001     -3.708     0.5286    -0.3038 -9.990e-29
 158.496586     -3.726   0.833008    13.7220   -0.07000     -3.695     0.5295    -0.3042 -9.990e-29
 158.496591     -3.707   0.841013    13.7287   -0.06999     -3.676     0.5347    -0.3011 -9.990e-29
 158.496597     -3.680   0.872928    13.7345   -0.06999     -3.649     0.5557    -0.2855 -9.990e-29
 158.496603     -3.648   0.919706    13.7418   -0.06999     -3.618     0.5867    -0.2625 -9.990e-29
 158.496609     -3.618   0.950503    13.7523   -0.07000     -3.588     0.6070    -0.2482 -9.990e-29
 158.496615     -3.592   0.951450    13.7635   -0.07000     -3.562     0.6074    -0.2493 -9.990e-29
 158.496620     -3.568   0.937682    13.7721   -0.06998     -3.538     0.5982    -0.2577 -9.990e-29
 158.496626     -3.545   0.928021    13.7779   -0.06997     -3.515     0.5916    -0.2636 -9.990e-29
 158.496632     -3.521   0.928454    13.7824   -0.06996     -3.492     0.5919    -0.2640 -9.990e-29
 158.496638     -3.494   0.935119    13.7869   -0.06995     -3.465     0.5962    -0.2613 -9.990e-29
 158.496644     -3.464   0.941925    13.7913   -0.06995     -3.435     0.6007    -0.2584 -9.990e-29
 158.496649     -3.432   0.943520    13.7945   -0.06994     -3.403     0.6017    -0.2581 -9.990e-29
 158.496655     -3.405   0.937038    13.7960   -0.06994     -3.377     0.5974    -0.2616 -9.990e-29
 158.496661     -3.385   0.924381    13.7973   -0.06994     -3.357     0.5889    -0.2684 -9.990e-29
 158.496667     -3.367   0.909757    13.8015   -0.06992     -3.339     0.5792    -0.2765 -9.990e-29
 158.496672     -3.346   0.894756    13.8096   -0.06991     -3.318     0.5691    -0.2854 -9.990e-29
 158.496678     -3.324   0.877133    13.8187   -0.06991     -3.296     0.5573    -0.2958 -9.990e-29
 158.496684     -3.305   0.855589    13.8260   -0.06992     -3.277     0.5430    -0.3080 -9.990e-29
 158.496690     -3.287   0.835244    13.8299   -0.06994     -3.260     0.5295    -0.3190 -9.990e-29
 158.496696     -3.269   0.825037    13.8315   -0.06995     -3.242     0.5227    -0.3244 -9.990e-29
 158.496701     -3.249   0.829117    13.8327   -0.06996     -3.222     0.5254    -0.3225 -9.990e-29
 158.496707     -3.232   0.840164    13.8338   -0.06997     -3.205     0.5327    -0.3170 -9.990e-29
 158.496713     -3.219   0.847383    13.8348   -0.06998     -3.192     0.5374    -0.3135 -9.990e-29
 158.496719     -3.207   0.852636    13.8359   -0.06998     -3.180     0.5409    -0.3110 -9.990e-29
 158.496725     -3.189   0.866811    13.8371   -0.06998     -3.162     0.5502    -0.3039 -9.990e-29
 158.496730     -3.165   0.890501    13.8377   -0.06998     -3.139     0.5659    -0.2918 -9.990e-29
 158.496736     -3.133   0.909241    13.8363   -0.06999     -3.107     0.5783    -0.2820 -9.990e-29
 158.496742     -3.092   0.909732    13.8321   -0.07000     -3.066     0.5787    -0.2811 -9.990e-29
 158.496748     -3.043   0.895405    13.8259   -0.07002     -3.018     0.5693    -0.2875 -9.990e-29
 158.496753     -2.995   0.884332    13.8193   -0.07006     -2.970     0.5621    -0.2922 -9.990e-29
 158.496759     -2.958   0.888941    13.8140   -0.07010     -2.933     0.5652    -0.2891 -9.990e-29
 158.496765     -2.931   0.900396    13.8107   -0.07017     -2.907     0.5728    -0.2827 -9.990e-29
 158.496771     -2.906   0.902345    13.8092   -0.07015     -2.882     0.5741    -0.2815 -9.990e-29
 158.496777     -2.883   0.893505    13.8085   -0.07016     -2.859     0.5683    -0.2859 -9.990e-29
 158.496782     -2.860   0.884838    13.8072   -0.07018     -2.836     0.5626    -0.2902 -9.990e-29
 158.496788     -2.835   0.881438    13.8037   -0.07021     -2.811     0.5604    -0.2914 -9.990e-29
 158.496794     -2.808   0.879326    13.7976   -0.05950     -2.785     0.5591    -0.2916 -9.990e-29
 158.496800     -2.775   0.874022    13.7883   -0.05764     -2.752     0.5557    -0.2929 -9.990e-29
 158.496806     -2.732   0.863452    13.7747   -0.05735     -2.709     0.5489    -0.2963 -9.990e-29
 158.496811     -2.674   0.847395    13.7566   -0.05735     -2.652     0.5385    -0.3019 -9.990e-29
 158.496817     -2.608   0.836621    13.7377   -0.05752     -2.586     0.5316    -0.3046 -9.990e-29
 158.496823     -2.537   0.860044    13.7270   -0.05762     -2.516     0.5473    -0.2910 -9.990e-29
 158.496829     -2.460   0.975527    13.7345   -0.05763     -2.439     0.6239    -0.2326 -9.990e-29
 158.496834     -2.378   1.286559    13.7789   -0.05758     -2.358     0.8322    -0.0771 -9.990e-29
 158.496840     -2.286   2.090221    13.9217   -0.05760     -2.267     1.3805     0.3274 -9.990e-29
 158.496846     -2.168   4.425883    14.3160   -0.05759     -2.150     3.0250     1.5393 -9.990e-29
 158.496852     -2.023  11.493211    14.9013   -0.05760     -2.006     8.2893     5.4895 -9.990e-29
 158.496858     -1.852  22.109137    15.3208   -0.05758     -1.837    16.6902    11.8465 -9.990e-29
 158.496863     -1.659  29.150662    15.4602   -0.05755     -1.645    22.5242    16.2867 -9.990e-29
 158.496869     -1.452  31.463512    15.4596   -0.05760     -1.440    24.5028    17.8034 -9.990e-29
 158.496875     -1.248  32.220705    15.4236   -0.05772     -1.238    25.1778    18.3284 -9.990e-29
 158.496881     -1.069  32.465485    15.3983   -0.05766     -1.060    25.4055    18.5083 -9.990e-29
 158.496887     -0.928  32.555062    15.3855   -0.05750     -0.920    25.4912    18.5767 -9.990e-29
 158.496892     -0.821  32.622328    15.3801   -0.05747     -0.814    25.5529    18.6252 -9.990e-29
 158.496898     -0.737  32.684673    15.3804   -0.05748     -0.731    25.6067    18.6664 -9.990e-29
 158.496904     -0.671  32.715929    15.3855   -0.05753     -0.665    25.6304    18.6835 -9.990e-29
 158.496910     -0.614  32.721352    15.3900   -0.05753     -0.609    25.6322    18.6839 -9.990e-29
 158.496916     -0.557  32.715477    15.3858   -0.05751     -0.552    25.6298    18.6830 -9.990e-29
 158.496921     -0.503  32.717959    15.3676   -0.05750     -0.499    25.6438    18.6975 -9.990e-29
 158.496927     -0.456  32.726519    15.3449   -0.05750     -0.452    25.6659    18.7192 -9.990e-29
 158.496933     -0.421  32.719514    15.3410   -0.05750     -0.417    25.6624    18.7172 -9.990e-29
 158.496939     -0.401  32.741992    15.3585   -0.05753     -0.398    25.6705    18.7198 -9.990e-29
 158.496944     -0.390  32.846917    15.3767   -0.05754     -0.387    25.7495    18.7768 -9.990e-29
 158.496950     -0.379  32.972957    15.3850   -0.05751     -0.376    25.8534    18.8547 -9.990e-29
 158.496956     -0.363  33.030320    15.3865   -0.05748     -0.360    25.9021    18.8918 -9.990e-29
 158.496962     -0.345  33.014785    15.3856   -0.05748     -0.342    25.8892    18.8821 -9.990e-29
 158.496968     -0.328  32.975733    15.3842   -0.05757     -0.325    25.8563    18.8571 -9.990e-29
 158.496973     -0.311  32.963700    15.3832   -0.05766     -0.308    25.8465    18.8498 -9.990e-29
 158.496979     -0.293  32.985644    15.3834   -0.05759     -0.291    25.8654    18.8643 -9.990e-29
 158.496985     -0.274  33.008056    15.3841   -0.05748     -0.272    25.8844    18.8787 -9.990e-29
 158.496991     -0.251  33.009820    15.3836   -0.05746     -0.249    25.8862    18.8802 -9.990e-29
 158.496997     -0.227  32.991062    15.3818   -0.05755     -0.225    25.8711    18.8690 -9.990e-29
 158.497002     -0.210  32.967152    15.3790   -0.05759     -0.208    25.8522    18.8551 -9.990e-29
 158.497008     -0.198  32.970136    15.3724   -0.05757     -0.196    25.8591    18.8617 -9.990e-29
 158.497014     -0.183  33.012978    15.3567   -0.05750     -0.181    25.9066    18.9014 -9.990e-29
 158.497020     -0.163  33.065366    15.3305   -0.05753     -0.162    25.9693    18.9550 -9.990e-29
 158.497025     -0.145  33.078320    15.3083   -0.05760     -0.144    25.9952    18.9794 -9.990e-29
 158.497031     -0.132  33.051748    15.3039   -0.05757     -0.131    25.9751    18.9648 -9.990e-29
 158.497037     -0.125  33.055065    15.3080   -0.05752     -0.124    25.9752    18.9641 -9.990e-29
 158.497043     -0.122  33.138675    15.3064   -0.05756     -0.121    26.0490    19.0210 -9.990e-29
 158.497049     -0.119  33.252061    15.2966   -0.05758     -0.118    26.1541    19.1037 -9.990e-29
 158.497054     -0.108  33.294148    15.2854   -0.05755     -0.107    26.1982    19.1399 -9.990e-29
 158.497060     -0.086  33.263326    15.2809   -0.05757     -0.085    26.1743    19.1225 -9.990e-29
 158.497066     -0.063  33.245214    15.2813   -0.05760     -0.062    26.1583    19.1101 -9.990e-29
 158.497072     -0.040  33.275667    15.2782   -0.05763     -0.040    26.1868    19.1327 -9.990e-29
 158.497078     -0.020  33.311772    15.2724   -0.05769     -0.020    26.2221    19.1610 -9.990e-29
 158.497083     -0.006  33.303017    15.2708   -0.05761     -0.006    26.2156    19.1563 -9.990e-29
 158.497089      0.002  33.278669    15.2726   -0.05753      0.002    26.1932    19.1387 -9.990e-29
 158.497095      0.006  33.290937    15.2731   -0.05752      0.006    26.2035    19.1465 -9.990e-29
 158.497101      0.009  33.307419    15.2709   -0.05754      0.009    26.2193    19.1591 -9.990e-29
 158.497106      0.017  33.290684    15.2640   -0.05759      0.017    26.2093    19.1529 -9.990e-29
 158.497112      0.029  33.278986    15.2502   -0.05760      0.029    26.2083    19.1550 -9.990e-29
 158.497118      0.046  33.293746    15.2314   -0.05756      0.046    26.2337    19.1783 -9.990e-29
 158.497124      0.065  33.307004    15.2099   -0.05754      0.064    26.2596    19.2026 -9.990e-29
 158.497130      0.080  33.312341    15.1943   -0.05751      0.079    26.2747    19.2174 -9.990e-29
 158.497135      0.081  33.328095    15.1949   -0.05752      0.080    26.2881    19.2275 -9.990e-29
 158.497141      0.071  33.376409    15.2027   -0.05753      0.070    26.3250    19.2543 -9.990e-29
 158.497147      0.059  33.465088    15.2047   -0.05750      0.059    26.4011    19.3123 -9.990e-29
 158.497153      0.055  33.555967    15.2027   -0.05748      0.055    26.4818    19.3747 -9.990e-29
 158.497159      0.058  33.598678    15.2030   -0.05747      0.058    26.5189    19.4031 -9.990e-29
 158.497164      0.068  33.577858    15.2066   -0.05750      0.067    26.4983    19.3865 -9.990e-29
 158.497170      0.086  33.524065    15.2158   -0.05752      0.085    26.4451    19.3438 -9.990e-29
 158.497176      0.114  33.497902    15.2324   -0.05753      0.113    26.4111    19.3143 -9.990e-29
 158.497182      0.147  33.504867    15.2473   -0.05752      0.146    26.4071    19.3082 -9.990e-29
 158.497188      0.181  33.502682    15.2528   -0.05752      0.179    26.4015    19.3027 -9.990e-29
 158.497193      0.209  33.491252    15.2545   -0.05753      0.207    26.3904    19.2938 -9.990e-29
 158.497199      0.223  33.489552    15.2588   -0.05757      0.221    26.3860    19.2896 -9.990e-29
 158.497205      0.225  33.500934    15.2637   -0.05759      0.223    26.3927    19.2937 -9.990e-29
 158.497211      0.224  33.522648    15.2641   -0.05759      0.222    26.4113    19.3079 -9.990e-29
 158.497216      0.228  33.543295    15.2600   -0.05754      0.226    26.4321    19.3247 -9.990e-29
 158.497222      0.241  33.550612    15.2559   -0.05753      0.239    26.4412    19.3326 -9.990e-29
 158.497228      0.260  33.538671    15.2536   -0.05753      0.258    26.4324    19.3262 -9.990e-29
 158.497234      0.282  33.515109    15.2518   -0.05754      0.280    26.4130    19.3118 -9.990e-29
 158.497240      0.305  33.500100    15.2487   -0.05757      0.302    26.4020    19.3039 -9.990e-29
 158.497245      0.324  33.496633    15.2405   -0.05757      0.321    26.4045    19.3075 -9.990e-29
 158.497251      0.346  33.491688    15.2265   -0.05756      0.343    26.4096    19.3143 -9.990e-29
 158.497257      0.373  33.484293    15.2151   -0.05754      0.370    26.4108    19.3176 -9.990e-29
 158.497263      0.397  33.480857    15.2144   -0.05757      0.394    26.4082    19.3158 -9.990e-29
 158.497269      0.416  33.485220    15.2219   -0.05761      0.413    26.4070    19.3133 -9.990e-29
 158.497274      0.430  33.503208    15.2286   -0.05761      0.426    26.4182    19.3205 -9.990e-29
 158.497280      0.441  33.527984    15.2295   -0.05758      0.437    26.4392    19.3364 -9.990e-29
 158.497286      0.449  33.541019    15.2251   -0.05758      0.445    26.4535    19.3484 -9.990e-29
 158.497292      0.455  33.538403    15.2183   -0.05756      0.451    26.4558    19.3515 -9.990e-29
 158.497297      0.460  33.528434    15.2137   -0.05753      0.456    26.4502    19.3482 -9.990e-29
 158.497303      0.463  33.522501    15.2118   -0.05752      0.459    26.4463    19.3456 -9.990e-29
 158.497309      0.465  33.528404    15.2073   -0.05755      0.461    26.4545    19.3528 -9.990e-29
 158.497315      0.470  33.542252    15.1974   -0.05757      0.466    26.4732    19.3692 -9.990e-29
 158.497321      0.483  33.551689    15.1868   -0.05755      0.479    26.4886    19.3832 -9.990e-29
