data/oxygen options/ONMS/Olympic_Coast_National_Marine_Sanctuary_Hypoxia_Survey_CTD_Data_2004_2015/raw_data/2006/CTD_TH100_053106faedb.cnv
* Sea-Bird SBE19 Data File:
* FileName = C:\MOORING_DATA_2006\CTD_TH100_053106.hex
* Software Version 1.1.6
* Temperature SN = 2997
* Conductivity SN = 2997
* System UpLoad Time = May 31 2006 12:45:16
* SEACAT PROFILER V3.1c SN 2997   05/31/06  12:44:07.965
* strain gauge pressure sensor: S/N = 184829,  range = 3000 psia,  tc = 40
# nquan = 9
# nvalues = 100                         
# units = specified
# name 0 = timeJ: Julian Days
# name 1 = prSM: Pressure, Strain Gauge [db]
# name 2 = c0mS/cm: Conductivity [mS/cm]
# name 3 = t090C: Temperature [ITS-90, deg C]
# name 4 = oxML/L: Oxygen, Beckman/YSI [ml/l]
# name 5 = depSM: Depth [salt water, m], lat = 47.5
# name 6 = sal00: Salinity, Practical [PSU]
# name 7 = sigma-é00: Density [sigma-theta, kg/m^3]
# name 8 = flag: flag
# span 0 = 151.522719, 151.524041       
# span 1 =      1.000,    100.000       
# span 2 =  33.505830,  36.716754       
# span 3 =     7.7247,    14.9330       
# span 4 =    2.09099,    6.97313       
# span 5 =      0.992,     99.142       
# span 6 =    26.6193,    33.8429       
# span 7 =    19.5356,    26.4058       
# span 8 = 0.0000e+00, 0.0000e+00       
# interval = decibars: 1                
# start_time = May 31 2006 12:28:49 [Instrument's time stamp, header]
# bad_flag = -9.990e-29
*END*
 151.522719      1.000  33.505830    14.9330    6.65556      0.992    26.6193    19.5356 0.0000e+00
 151.522744      2.000  34.075901    14.8755    6.88947      1.983    27.1617    19.9642 0.0000e+00
 151.522760      3.000  35.229126    14.6111    6.97313      2.975    28.3748    20.9511 0.0000e+00
 151.522774      4.000  35.985002    14.3932    6.81835      3.966    29.2130    21.6408 0.0000e+00
 151.522787      5.000  36.209569    14.2919    6.69801      4.959    29.4918    21.8761 0.0000e+00
 151.522799      6.000  36.305946    14.0417    6.78333      5.950    29.7709    22.1418 0.0000e+00
 151.522811      7.000  36.448966    13.5622    6.77439      6.941    30.2763    22.6273 0.0000e+00
 151.522823      8.000  36.594931    13.1472    6.55499      7.933    30.7431    23.0693 0.0000e+00
 151.522836      9.000  36.704795    12.9576    6.50579      8.924    31.0002    23.3047 0.0000e+00
 151.522847     10.000  36.716754    12.7595    6.60491      9.916    31.1744    23.4775 0.0000e+00
 151.522859     11.000  36.663587    12.5257    6.68059     10.908    31.3174    23.6327 0.0000e+00
 151.522870     12.000  36.604682    12.4200    6.71067     11.899    31.3490    23.6772 0.0000e+00
 151.522882     13.000  36.603970    12.3893    6.73965     12.891    31.3736    23.7020 0.0000e+00
 151.522894     14.000  36.628744    12.3668    6.74563     13.883    31.4156    23.7389 0.0000e+00
 151.522905     15.000  36.652127    12.3252    6.74684     14.874    31.4724    23.7907 0.0000e+00
 151.522917     16.000  36.657867    12.2804    6.76078     15.866    31.5151    23.8322 0.0000e+00
 151.522928     17.000  36.644187    12.2309    6.77107     16.857    31.5433    23.8633 0.0000e+00
 151.522941     18.000  36.617301    12.1800    6.77898     17.849    31.5601    23.8858 0.0000e+00
 151.522953     19.000  36.600998    12.1497    6.76438     18.841    31.5696    23.8989 0.0000e+00
 151.522966     20.000  36.587598    12.1258    6.75714     19.832    31.5765    23.9087 0.0000e+00
 151.522978     21.000  36.571905    12.1025    6.73321     20.824    31.5807    23.9163 0.0000e+00
 151.522990     22.000  36.553241    12.0690    6.72090     21.816    31.5907    23.9303 0.0000e+00
 151.523002     23.000  36.519290    12.0046    6.70127     22.807    31.6122    23.9588 0.0000e+00
 151.523014     24.000  36.474324    11.9180    6.67549     23.798    31.6419    23.9979 0.0000e+00
 151.523026     25.000  36.432289    11.8570    6.68495     24.790    31.6528    24.0175 0.0000e+00
 151.523038     26.000  36.424531    11.8236    6.71427     25.781    31.6733    24.0396 0.0000e+00
 151.523050     27.000  36.441164    11.8091    6.72268     26.773    31.7014    24.0640 0.0000e+00
 151.523062     28.000  36.451061    11.8049    6.69027     27.765    31.7141    24.0747 0.0000e+00
 151.523074     29.000  36.454491    11.7999    6.65731     28.756    31.7213    24.0812 0.0000e+00
 151.523085     30.000  36.460143    11.7801    6.62518     29.747    31.7432    24.1019 0.0000e+00
 151.523097     31.000  36.474335    11.7407    6.57617     30.739    31.7903    24.1456 0.0000e+00
 151.523109     32.000  36.495137    11.6918    6.54135     31.731    31.8519    24.2024 0.0000e+00
 151.523121     33.000  36.512145    11.6618    6.53088     32.722    31.8938    24.2403 0.0000e+00
 151.523134     34.000  36.525580    11.6437    6.43874     33.713    31.9219    24.2655 0.0000e+00
 151.523146     35.000  36.547721    11.6075    6.38799     34.705    31.9743    24.3128 0.0000e+00
 151.523159     36.000  36.569468    11.5581    6.39808     35.697    32.0377    24.3710 0.0000e+00
 151.523171     37.000  36.532727    11.4552    6.34931     36.688    32.0905    24.4306 0.0000e+00
 151.523184     38.000  36.501770    11.3905    6.33462     37.679    32.1160    24.4621 0.0000e+00
 151.523197     39.000  36.485882    11.3373    6.28682     38.671    32.1464    24.4952 0.0000e+00
 151.523210     40.000  36.417197    11.2524    6.24475     39.662    32.1525    24.5152 0.0000e+00
 151.523223     41.000  36.339063    11.1679    6.18020     40.654    32.1491    24.5275 0.0000e+00
 151.523235     42.000  36.223520    11.0424    6.23263     41.645    32.1445    24.5461 0.0000e+00
 151.523248     43.000  36.111679    10.9240    6.17047     42.637    32.1373    24.5612 0.0000e+00
 151.523263     44.000  36.041582    10.8647    6.05639     43.628    32.1194    24.5577 0.0000e+00
 151.523277     45.000  36.009271    10.7850    6.05529     44.619    32.1569    24.6008 0.0000e+00
 151.523291     46.000  35.900731    10.5802    6.00828     45.611    32.2288    24.6921 0.0000e+00
 151.523303     47.000  35.866266    10.4848    5.80824     46.602    32.2784    24.7470 0.0000e+00
 151.523315     48.000  36.019045    10.5262    5.64755     47.593    32.3940    24.8300 0.0000e+00
 151.523328     49.000  36.105069    10.4699    5.26152     48.585    32.5299    24.9455 0.0000e+00
 151.523340     50.000  36.032045    10.2648    4.97569     49.577    32.6401    25.0662 0.0000e+00
 151.523351     51.000  36.012174    10.1036    4.76795     50.568    32.7650    25.1907 0.0000e+00
 151.523363     52.000  35.960198     9.9696    4.63631     51.559    32.8333    25.2664 0.0000e+00
 151.523375     53.000  35.886904     9.8561    4.56602     52.551    32.8616    25.3074 0.0000e+00
 151.523387     54.000  35.745947     9.6682    4.38638     53.542    32.8890    25.3596 0.0000e+00
 151.523399     55.000  35.542302     9.4393    4.18055     54.534    32.8894    25.3969 0.0000e+00
 151.523411     56.000  35.421774     9.2614    4.01477     55.525    32.9284    25.4560 0.0000e+00
 151.523422     57.000  35.382674     9.1367    3.80411     56.517    33.0027    25.5338 0.0000e+00
 151.523434     58.000  35.352051     9.0738    3.61937     57.508    33.0288    25.5641 0.0000e+00
 151.523445     59.000  35.342111     9.0091    3.47936     58.499    33.0781    25.6130 0.0000e+00
 151.523456     60.000  35.268234     8.8188    3.35121     59.491    33.1782    25.7209 0.0000e+00
 151.523467     61.000  35.123670     8.5547    3.27000     60.482    33.2742    25.8366 0.0000e+00
 151.523478     62.000  35.011547     8.3539    3.23319     61.473    33.3450    25.9225 0.0000e+00
 151.523489     63.000  34.985172     8.2599    3.24068     62.465    33.4057    25.9844 0.0000e+00
 151.523499     64.000  34.985170     8.2314    3.24288     63.456    33.4324    26.0095 0.0000e+00
 151.523512     65.000  34.979971     8.2133    3.26718     64.448    33.4436    26.0210 0.0000e+00
 151.523524     66.000  34.976239     8.2039    3.29633     65.439    33.4482    26.0260 0.0000e+00
 151.523537     67.000  34.971613     8.1981    3.30014     66.430    33.4483    26.0270 0.0000e+00
 151.523549     68.000  34.967042     8.1902    3.30201     67.422    33.4505    26.0300 0.0000e+00
 151.523561     69.000  34.960971     8.1823    3.29051     68.413    33.4511    26.0316 0.0000e+00
 151.523573     70.000  34.955599     8.1714    3.25087     69.404    33.4553    26.0365 0.0000e+00
 151.523585     71.000  34.956677     8.1493    3.19484     70.395    33.4771    26.0569 0.0000e+00
 151.523597     72.000  34.961693     8.1305    3.10832     71.387    33.4999    26.0776 0.0000e+00
 151.523609     73.000  34.967679     8.1073    2.99204     72.378    33.5280    26.1030 0.0000e+00
 151.523622     74.000  34.979754     8.0646    2.88714     73.369    33.5813    26.1513 0.0000e+00
 151.523635     75.000  34.998843     8.0335    2.81083     74.360    33.6310    26.1949 0.0000e+00
 151.523649     76.000  35.008390     8.0074    2.74580     75.352    33.6658    26.2261 0.0000e+00
 151.523662     77.000  35.011051     7.9869    2.67982     76.343    33.6880    26.2465 0.0000e+00
 151.523675     78.000  35.008880     7.9633    2.59765     77.334    33.7078    26.2656 0.0000e+00
 151.523686     79.000  34.998702     7.9256    2.51235     78.326    33.7329    26.2908 0.0000e+00
 151.523699     80.000  34.983767     7.8760    2.41659     79.317    33.7643    26.3227 0.0000e+00
 151.523712     81.000  34.964358     7.8308    2.37341     80.308    33.7867    26.3470 0.0000e+00
 151.523729     82.000  34.964180     7.8460    2.32910     81.299    33.7714    26.3327 0.0000e+00
 151.523743     83.000  34.958576     7.7974    2.19268     82.291    33.8119    26.3716 0.0000e+00
 151.523756     84.000  34.937190     7.7478    2.13777     83.282    33.8366    26.3982 0.0000e+00
 151.523768     85.000  34.927164     7.7297    2.11906     84.273    33.8429    26.4058 0.0000e+00
 151.523781     86.000  34.924571     7.7277    2.13621     85.264    33.8415    26.4050 0.0000e+00
 151.523796     87.000  34.924964     7.7283    2.14665     86.256    33.8408    26.4044 0.0000e+00
 151.523812     88.000  34.924875     7.7274    2.12445     87.247    33.8412    26.4048 0.0000e+00
 151.523825     89.000  34.923485     7.7257    2.12180     88.238    33.8409    26.4048 0.0000e+00
 151.523839     90.000  34.923377     7.7250    2.13922     89.230    33.8409    26.4050 0.0000e+00
 151.523852     91.000  34.923380     7.7257    2.12702     90.220    33.8398    26.4040 0.0000e+00
 151.523867     92.000  34.923645     7.7257    2.11693     91.212    33.8396    26.4038 0.0000e+00
 151.523882     93.000  34.922830     7.7247    2.12471     92.203    33.8392    26.4037 0.0000e+00
 151.523896     94.000  34.923335     7.7249    2.12093     93.194    33.8391    26.4036 0.0000e+00
 151.523910     95.000  34.924703     7.7252    2.11015     94.185    33.8398    26.4042 0.0000e+00
 151.523925     96.000  34.924726     7.7256    2.10745     95.177    33.8389    26.4034 0.0000e+00
 151.523940     97.000  34.923561     7.7262    2.11223     96.168    33.8366    26.4016 0.0000e+00
 151.523956     98.000  34.923640     7.7252    2.09477     97.159    33.8373    26.4022 0.0000e+00
 151.523972     99.000  34.924385     7.7252    2.10289     98.150    33.8375    26.4024 0.0000e+00
 151.524041    100.000  34.922571     7.7264    2.09099     99.142    33.8339    26.3995 0.0000e+00
