data/oxygen options/ONMS/Olympic_Coast_National_Marine_Sanctuary_Hypoxia_Survey_CTD_Data_2004_2015/raw_data/2006/CTD_TH030_070606faed.cnv
* Sea-Bird SBE19 Data File:
* FileName = C:\Hypoxia_Data_2006\CTD_TH030_070606.hex
* Software Version 1.1.6
* Temperature SN = 2997
* Conductivity SN = 2997
* System UpLoad Time = Jul 06 2006 17:25:49
* SEACAT PROFILER V3.1c SN 2997   07/06/06  17:25:04.000
* strain gauge pressure sensor: S/N = 184829,  range = 3000 psia,  tc = 40
# nquan = 9                                 
# nvalues = 975                         
# units = specified
# name 0 = timeJ: Julian Days
# name 1 = prSM: Pressure, Strain Gauge [db]
# name 2 = c0mS/cm: Conductivity [mS/cm]
# name 3 = t090C: Temperature [ITS-90, deg C]
# name 4 = oxML/L: Oxygen, Beckman/YSI [ml/l]
# name 5 = depSM: Depth [salt water, m], lat = 47.5
# name 6 = sal00: Salinity, Practical [PSU]
# name 7 = sigma-é00: Density [sigma-theta, kg/m^3]
# name 8 = flag: flag
# span 0 = 187.719144, 187.724780       
# span 1 =     -4.921,     30.991       
# span 2 =   0.639983,  36.916875       
# span 3 =     7.5713,    13.8434       
# span 4 =   -1.68153,   39.97434       
# span 5 =     -4.880,     30.730       
# span 6 =     0.4015,    33.6957       
# span 7 =    -0.4198,    26.3119       
# span 8 = 0.0000e+00, 0.0000e+00       
# interval = seconds: 0.5
# start_time = Jul 06 2006 17:15:34 [Instrument's time stamp, header]
# bad_flag = -9.990e-29
*END*
[from data line 161]
 187.720075      0.836  35.549245     9.1129    5.93468      0.829    33.2232    25.7092 -9.990e-29
 187.720081      0.852  35.547118     9.1138    5.93142      0.845    33.2202    25.7067 -9.990e-29
 187.720087      0.856  35.553065     9.1132    5.93547      0.849    33.2269    25.7120 -9.990e-29
 187.720093      0.854  35.555949     9.1119    5.93818      0.847    33.2311    25.7155 -9.990e-29
 187.720098      0.855  35.554009     9.1095    5.93250      0.848    33.2313    25.7161 -9.990e-29
 187.720104      0.862  35.554761     9.1057    5.91874      0.855    33.2357    25.7201 -9.990e-29
 187.720110      0.876  35.556967     9.1007    5.91873      0.869    33.2426    25.7263 -9.990e-29
 187.720116      0.894  35.554595     9.0969    5.91131      0.887    33.2437    25.7277 -9.990e-29
 187.720122      0.908  35.552340     9.0982    5.89286      0.900    33.2401    25.7247 -9.990e-29
 187.720127      0.915  35.554486     9.1038    5.89473      0.907    33.2371    25.7215 -9.990e-29
 187.720133      0.919  35.557729     9.1090    5.88779      0.911    33.2356    25.7195 -9.990e-29
 187.720139      0.925  35.557985     9.1083    5.89206      0.917    33.2365    25.7204 -9.990e-29
 187.720145      0.934  35.552794     9.1021    5.90745      0.926    33.2369    25.7216 -9.990e-29
 187.720150      0.946  35.545338     9.0971    5.92269      0.938    33.2339    25.7200 -9.990e-29
 187.720156      0.958  35.542504     9.0987    5.94395      0.950    33.2294    25.7163 -9.990e-29
 187.720162      0.965  35.546127     9.1080    5.96246      0.957    33.2245    25.7110 -9.990e-29
 187.720168      0.969  35.553184     9.1217    5.97394      0.961    33.2190    25.7045 -9.990e-29
 187.720174      0.974  35.561312     9.1326    5.99130      0.966    33.2173    25.7015 -9.990e-29
 187.720179      0.985  35.569013     9.1364    6.00291      0.977    33.2218    25.7043 -9.990e-29
 187.720185      0.997  35.573102     9.1351    6.02115      0.989    33.2272    25.7088 -9.990e-29
 187.720191      1.008  35.573427     9.1319    6.02921      1.000    33.2305    25.7119 -9.990e-29
 187.720197      1.018  35.574912     9.1290    6.04479      1.010    33.2348    25.7157 -9.990e-29
 187.720203      1.028  35.576736     9.1277    6.04544      1.019    33.2379    25.7183 -9.990e-29
 187.720208      1.039  35.577969     9.1292    6.04879      1.030    33.2377    25.7180 -9.990e-29
 187.720214      1.046  35.580816     9.1339    6.05582      1.037    33.2363    25.7161 -9.990e-29
 187.720220      1.046  35.583469     9.1406    6.07118      1.037    33.2328    25.7123 -9.990e-29
 187.720226      1.044  35.586102     9.1460    6.07608      1.035    33.2305    25.7097 -9.990e-29
 187.720231      1.043  35.589428     9.1486    6.07470      1.034    33.2315    25.7101 -9.990e-29
 187.720237      1.044  35.591715     9.1494    6.08094      1.035    33.2332    25.7112 -9.990e-29
 187.720243      1.046  35.592093     9.1484    6.08696      1.037    33.2345    25.7124 -9.990e-29
 187.720249      1.049  35.592191     9.1468    6.11032      1.040    33.2361    25.7139 -9.990e-29
 187.720255      1.054  35.593264     9.1470    6.13438      1.045    33.2370    25.7146 -9.990e-29
 187.720260      1.062  35.593942     9.1490    6.14476      1.053    33.2358    25.7134 -9.990e-29
 187.720266      1.072  35.595134     9.1518    6.16867      1.063    33.2345    25.7118 -9.990e-29
 187.720272      1.085  35.599553     9.1565    6.19258      1.076    33.2347    25.7112 -9.990e-29
 187.720278      1.102  35.608049     9.1633    6.20345      1.093    33.2371    25.7121 -9.990e-29
 187.720284      1.125  35.616806     9.1690    6.19260      1.116    33.2409    25.7141 -9.990e-29
 187.720289      1.150  35.620117     9.1720    6.18137      1.140    33.2415    25.7141 -9.990e-29
 187.720295      1.170  35.617915     9.1736    6.17999      1.160    33.2377    25.7109 -9.990e-29
 187.720301      1.183  35.615122     9.1754    6.17718      1.173    33.2331    25.7071 -9.990e-29
 187.720307      1.193  35.615869     9.1784    6.17081      1.183    33.2311    25.7050 -9.990e-29
 187.720313      1.206  35.618353     9.1818    6.15239      1.196    33.2305    25.7040 -9.990e-29
 187.720318      1.217  35.618598     9.1830    6.13462      1.207    33.2296    25.7031 -9.990e-29
 187.720324      1.224  35.615814     9.1816    6.12326      1.214    33.2281    25.7021 -9.990e-29
 187.720330      1.231  35.610779     9.1788    6.12373      1.221    33.2254    25.7005 -9.990e-29
 187.720336      1.247  35.602954     9.1735    6.12937      1.237    33.2223    25.6988 -9.990e-29
 187.720341      1.273  35.594250     9.1673    6.14371      1.262    33.2190    25.6973 -9.990e-29
 187.720347      1.298  35.592136     9.1649    6.15760      1.287    33.2190    25.6977 -9.990e-29
 187.720353      1.315  35.596601     9.1695    6.18302      1.304    33.2194    25.6972 -9.990e-29
 187.720359      1.326  35.601819     9.1794    6.21243      1.315    33.2155    25.6927 -9.990e-29
 187.720365      1.329  35.606900     9.1893    6.23786      1.318    33.2116    25.6880 -9.990e-29
 187.720370      1.332  35.613013     9.1961    6.25025      1.321    33.2116    25.6869 -9.990e-29
 187.720376      1.336  35.619899     9.1998    6.25176      1.325    33.2153    25.6892 -9.990e-29
 187.720382      1.344  35.625528     9.2014    6.25477      1.333    33.2196    25.6923 -9.990e-29
 187.720388      1.355  35.628436     9.2026    6.27251      1.344    33.2215    25.6936 -9.990e-29
 187.720394      1.371  35.628579     9.2045    6.28549      1.360    33.2199    25.6921 -9.990e-29
 187.720399      1.391  35.628396     9.2076    6.27705      1.379    33.2168    25.6891 -9.990e-29
 187.720405      1.413  35.629888     9.2114    6.26838      1.401    33.2148    25.6870 -9.990e-29
 187.720411      1.431  35.632805     9.2140    6.24502      1.419    33.2154    25.6870 -9.990e-29
 187.720417      1.441  35.634872     9.2158    6.24305      1.429    33.2158    25.6871 -9.990e-29
 187.720422      1.443  35.634361     9.2198    6.25493      1.431    33.2116    25.6831 -9.990e-29
 187.720428      1.437  35.633958     9.2244    6.25797      1.425    33.2069    25.6787 -9.990e-29
 187.720434      1.428  35.634252     9.2232    6.25109      1.416    33.2083    25.6800 -9.990e-29
 187.720440      1.424  35.631152     9.2157    6.22129      1.412    33.2121    25.6842 -9.990e-29
 187.720446      1.428  35.623898     9.2093    6.22085      1.416    33.2105    25.6840 -9.990e-29
 187.720451      1.436  35.619087     9.2101    6.23591      1.424    33.2048    25.6794 -9.990e-29
 187.720457      1.441  35.622085     9.2177    6.24801      1.429    33.2008    25.6751 -9.990e-29
 187.720463      1.443  35.629038     9.2264    6.24422      1.431    33.1999    25.6730 -9.990e-29
 187.720469      1.450  35.634075     9.2290    6.23225      1.438    33.2027    25.6747 -9.990e-29
 187.720475      1.468  35.631578     9.2237    6.23336      1.456    33.2051    25.6774 -9.990e-29
 187.720480      1.492  35.621589     9.2192    6.26226      1.480    33.1989    25.6733 -9.990e-29
 187.720486      1.517  35.616037     9.2244    6.29604      1.504    33.1883    25.6642 -9.990e-29
 187.720492      1.534  35.620980     9.2362    6.29757      1.521    33.1824    25.6577 -9.990e-29
 187.720498      1.542  35.630110     9.2420    6.26300      1.529    33.1865    25.6600 -9.990e-29
 187.720503      1.544  35.635974     9.2369    6.23371      1.531    33.1973    25.6692 -9.990e-29
 187.720509      1.545  35.636861     9.2291    6.20625      1.532    33.2055    25.6769 -9.990e-29
 187.720515      1.550  35.636766     9.2283    6.14152      1.537    33.2061    25.6775 -9.990e-29
 187.720521      1.562  35.639489     9.2305    6.05226      1.549    33.2069    25.6778 -9.990e-29
 187.720527      1.579  35.640249     9.2190    5.97026      1.566    33.2184    25.6886 -9.990e-29
 187.720532      1.598  35.618189     9.1873    5.96220      1.585    33.2250    25.6988 -9.990e-29
 187.720538      1.618  35.568579     9.1543    6.00988      1.604    33.2043    25.6879 -9.990e-29
 187.720544      1.643  35.530728     9.1414    6.08940      1.629    33.1770    25.6686 -9.990e-29
 187.720550      1.668  35.534932     9.1488    6.14824      1.654    33.1745    25.6654 -9.990e-29
 187.720556      1.688  35.562113     9.1647    6.18674      1.674    33.1879    25.6734 -9.990e-29
 187.720561      1.699  35.583264     9.1793    6.21343      1.685    33.1962    25.6776 -9.990e-29
 187.720567      1.701  35.595180     9.1912    6.22025      1.687    33.1975    25.6767 -9.990e-29
 187.720573      1.696  35.606276     9.2050    6.21618      1.682    33.1962    25.6734 -9.990e-29
 187.720579      1.686  35.616770     9.2162    6.20495      1.672    33.1966    25.6720 -9.990e-29
 187.720584      1.681  35.619719     9.2169    6.20003      1.667    33.1990    25.6738 -9.990e-29
 187.720590      1.678  35.615135     9.2102    6.19519      1.664    33.2005    25.6760 -9.990e-29
 187.720596      1.675  35.610935     9.2024    6.20273      1.661    33.2034    25.6795 -9.990e-29
 187.720602      1.675  35.609375     9.1953    6.20014      1.661    33.2084    25.6846 -9.990e-29
 187.720608      1.678  35.608378     9.1896    6.20153      1.664    33.2127    25.6888 -9.990e-29
 187.720613      1.680  35.608300     9.1882    6.20815      1.666    33.2139    25.6900 -9.990e-29
 187.720619      1.681  35.609599     9.1933    6.21454      1.667    33.2105    25.6865 -9.990e-29
 187.720625      1.677  35.612327     9.2041    6.22411      1.663    33.2033    25.6791 -9.990e-29
 187.720631      1.668  35.617319     9.2144    6.21299      1.654    33.1989    25.6740 -9.990e-29
 187.720637      1.661  35.622823     9.2165    6.19642      1.647    33.2026    25.6766 -9.990e-29
 187.720642      1.665  35.623283     9.2080    6.17884      1.651    33.2110    25.6846 -9.990e-29
 187.720648      1.684  35.616514     9.1961    6.18174      1.670    33.2151    25.6896 -9.990e-29
 187.720654      1.711  35.608080     9.1909    6.18956      1.697    33.2111    25.6874 -9.990e-29
 187.720660      1.731  35.605247     9.1945    6.19868      1.717    33.2048    25.6819 -9.990e-29
 187.720666      1.736  35.610404     9.2014    6.21496      1.722    33.2038    25.6799 -9.990e-29
 187.720671      1.731  35.616408     9.2037    6.22563      1.717    33.2078    25.6828 -9.990e-29
 187.720677      1.719  35.616125     9.1981    6.23860      1.705    33.2128    25.6875 -9.990e-29
 187.720683      1.705  35.614232     9.1904    6.22446      1.691    33.2180    25.6928 -9.990e-29
 187.720689      1.696  35.616621     9.1899    6.17502      1.682    33.2209    25.6952 -9.990e-29
 187.720694      1.696  35.621434     9.1973    6.13856      1.682    33.2190    25.6925 -9.990e-29
 187.720700      1.705  35.624994     9.2035    6.09584      1.691    33.2169    25.6899 -9.990e-29
 187.720706      1.718  35.624197     9.2011    6.03289      1.704    33.2183    25.6914 -9.990e-29
 187.720712      1.733  35.617426     9.1917    5.97928      1.719    33.2201    25.6943 -9.990e-29
 187.720718      1.751  35.604631     9.1764    5.94861      1.736    33.2211    25.6975 -9.990e-29
 187.720723      1.768  35.578292     9.1562    5.93838      1.753    33.2126    25.6940 -9.990e-29
 187.720729      1.781  35.548164     9.1455    5.96777      1.766    33.1913    25.6790 -9.990e-29
 187.720735      1.791  35.542506     9.1588    6.00213      1.776    33.1730    25.6626 -9.990e-29
 187.720741      1.799  35.560505     9.1870    6.01127      1.784    33.1654    25.6522 -9.990e-29
 187.720747      1.805  35.581847     9.2055    5.99990      1.790    33.1703    25.6531 -9.990e-29
 187.720752      1.814  35.594609     9.1985    5.98809      1.799    33.1901    25.6697 -9.990e-29
 187.720758      1.835  35.590017     9.1707    5.99063      1.820    33.2112    25.6906 -9.990e-29
 187.720764      1.865  35.563081     9.1438    6.01812      1.849    33.2083    25.6926 -9.990e-29
 187.720770      1.888  35.540146     9.1365    6.04929      1.872    33.1913    25.6805 -9.990e-29
 187.720775      1.898  35.547840     9.1462    6.07553      1.882    33.1902    25.6781 -9.990e-29
 187.720781      1.900  35.568374     9.1586    6.08726      1.884    33.2000    25.6838 -9.990e-29
 187.720787      1.902  35.583696     9.1640    6.08781      1.886    33.2108    25.6914 -9.990e-29
 187.720793      1.909  35.590685     9.1621    6.10328      1.893    33.2199    25.6988 -9.990e-29
 187.720799      1.922  35.586889     9.1590    6.11247      1.906    33.2188    25.6985 -9.990e-29
 187.720804      1.936  35.581271     9.1587    6.07085      1.920    33.2132    25.6942 -9.990e-29
 187.720810      1.943  35.582050     9.1616    6.02458      1.927    33.2113    25.6922 -9.990e-29
 187.720816      1.941  35.586341     9.1690    5.99480      1.925    33.2089    25.6891 -9.990e-29
 187.720822      1.934  35.590331     9.1768    5.93896      1.918    33.2058    25.6854 -9.990e-29
 187.720828      1.929  35.592055     9.1750    5.85574      1.913    33.2092    25.6884 -9.990e-29
 187.720833      1.931  35.585962     9.1601    5.78307      1.915    33.2168    25.6967 -9.990e-29
 187.720839      1.939  35.566178     9.1315    5.72458      1.923    33.2229    25.7061 -9.990e-29
 187.720845      1.949  35.525398     9.0981    5.73929      1.933    33.2117    25.7026 -9.990e-29
 187.720851      1.955  35.479364     9.0859    5.79576      1.939    33.1753    25.6760 -9.990e-29
 187.720856      1.956  35.472703     9.1027    5.81636      1.940    33.1527    25.6556 -9.990e-29
 187.720862      1.956  35.503258     9.1246    5.81387      1.940    33.1640    25.6611 -9.990e-29
 187.720868      1.956  35.531564     9.1298    5.80727      1.940    33.1886    25.6794 -9.990e-29
 187.720874      1.960  35.539843     9.1188    5.80245      1.944    33.2074    25.6959 -9.990e-29
 187.720880      1.972  35.524560     9.1067    5.81822      1.956    33.2028    25.6942 -9.990e-29
 187.720885      1.989  35.506289     9.1057    5.84982      1.972    33.1848    25.6803 -9.990e-29
 187.720891      2.004  35.503857     9.1135    5.88148      1.987    33.1750    25.6714 -9.990e-29
 187.720897      2.012  35.507850     9.1182    5.92403      1.995    33.1747    25.6704 -9.990e-29
 187.720903      2.016  35.516306     9.1153    5.94768      1.999    33.1862    25.6799 -9.990e-29
 187.720909      2.018  35.531529     9.1124    5.97963      2.001    33.2047    25.6948 -9.990e-29
 187.720914      2.024  35.542973     9.1142    5.99692      2.007    33.2149    25.7025 -9.990e-29
 187.720920      2.029  35.545709     9.1174    5.99965      2.012    33.2148    25.7019 -9.990e-29
 187.720926      2.030  35.547873     9.1191    5.97286      2.013    33.2155    25.7022 -9.990e-29
 187.720932      2.027  35.552352     9.1205    5.95428      2.010    33.2188    25.7046 -9.990e-29
 187.720937      2.020  35.555589     9.1251    5.93777      2.003    33.2179    25.7031 -9.990e-29
 187.720943      2.012  35.559099     9.1338    5.89354      1.995    33.2134    25.6982 -9.990e-29
 187.720949      2.011  35.563079     9.1390    5.84407      1.994    33.2127    25.6968 -9.990e-29
 187.720955      2.022  35.562181     9.1316    5.81759      2.005    33.2187    25.7027 -9.990e-29
 187.720961      2.041  35.549045     9.1101    5.83093      2.024    33.2251    25.7111 -9.990e-29
 187.720966      2.060  35.520185     9.0877    5.85990      2.043    33.2160    25.7075 -9.990e-29
 187.720972      2.073  35.498820     9.0835    5.92162      2.056    33.1977    25.6939 -9.990e-29
 187.720978      2.076  35.508625     9.0984    5.96892      2.059    33.1940    25.6886 -9.990e-29
 187.720984      2.074  35.530139     9.1176    5.98763      2.057    33.1984    25.6891 -9.990e-29
 187.720990      2.070  35.545498     9.1300    5.97887      2.053    33.2028    25.6905 -9.990e-29
