data/oxygen options/ONMS/Olympic_Coast_National_Marine_Sanctuary_Hypoxia_Survey_CTD_Data_2004_2015/raw_data/2006/CTD_TH100_062006faedb.cnv
* Sea-Bird SBE19 Data File:
* FileName = C:\Hypoxia Data\CTD_TH100_062006.hex
* Software Version 1.1.8
* Temperature SN = 2997
* Conductivity SN = 2997
* System UpLoad Time = Jun 20 2006 11:20:52
* SEACAT PROFILER V3.1c SN 2997   06/20/06  11:19:51.634
* strain gauge pressure sensor: S/N = 184829,  range = 3000 psia,  tc = 40
# nquan = 9
# nvalues = 100                         
# units = specified
# name 0 = timeJ: Julian Days
# name 1 = prSM: Pressure, Strain Gauge [db]
# name 2 = c0mS/cm: Conductivity [mS/cm]
# name 3 = t090C: Temperature [ITS-90, deg C]
# name 4 = oxML/L: Oxygen, Beckman/YSI [ml/l]
# name 5 = depSM: Depth [salt water, m], lat = 47.5
# name 6 = sal00: Salinity, Practical [PSU]
# name 7 = sigma-é00: Density [sigma-theta, kg/m^3]
# name 8 = flag: flag
# span 0 = 171.447376, 171.448665       
# span 1 =      2.000,    101.000       
# span 2 =  34.837104,  37.910906       
# span 3 =     7.6999,    14.1035       
# span 4 =    1.87970,    6.44122       
# span 5 =      1.983,    100.133       
# span 6 =    31.1887,    33.8909       
# span 7 =    23.2227,    26.4456       
# span 8 = 0.0000e+00, 0.0000e+00       
# interval = decibars: 1                
# start_time = Jun 20 2006 10:40:04 [Instrument's time stamp, header]
# bad_flag = -9.990e-29
*END*
 171.447376      2.000  37.910906    14.1035    6.12109      1.983    31.1887    23.2227 0.0000e+00
 171.447400      3.000  37.811315    13.9028    6.17965      2.975    31.2598    23.3183 0.0000e+00
 171.447416      4.000  37.565076    13.6061    6.17670      3.966    31.2740    23.3890 0.0000e+00
 171.447431      5.000  37.435772    13.4469    6.19573      4.958    31.2840    23.4284 0.0000e+00
 171.447444      6.000  37.365249    13.3324    6.34556      5.950    31.3121    23.4727 0.0000e+00
 171.447456      7.000  37.298181    13.2458    6.44122      6.941    31.3203    23.4961 0.0000e+00
 171.447468      8.000  37.277809    13.2161    6.26331      7.933    31.3253    23.5059 0.0000e+00
 171.447481      9.000  37.344971    13.2328    6.02406      8.925    31.3740    23.5402 0.0000e+00
 171.447493     10.000  37.578249    13.0666    6.00703      9.917    31.7303    23.8484 0.0000e+00
 171.447505     11.000  37.470792    12.4596    6.31619     10.908    32.1407    24.2832 0.0000e+00
 171.447517     12.000  36.911845    11.7120    6.37184     11.899    32.2473    24.5049 0.0000e+00
 171.447529     13.000  36.481510    11.1945    6.30677     12.891    32.2776    24.6218 0.0000e+00
 171.447541     14.000  36.249812    10.8887    6.27685     13.883    32.3173    24.7068 0.0000e+00
 171.447552     15.000  36.080880    10.6244    6.23371     14.874    32.3828    24.8037 0.0000e+00
 171.447563     16.000  35.820241    10.3080    6.21544     15.866    32.4028    24.8734 0.0000e+00
 171.447573     17.000  35.607666    10.0894    6.26991     16.857    32.3835    24.8949 0.0000e+00
 171.447584     18.000  35.494264     9.9215    6.32496     17.849    32.4187    24.9502 0.0000e+00
 171.447594     19.000  35.407775     9.8212    6.36713     18.841    32.4206    24.9682 0.0000e+00
 171.447605     20.000  35.368031     9.7773    6.37338     19.832    32.4192    24.9743 0.0000e+00
 171.447618     21.000  35.339850     9.7329    6.38383     20.824    32.4301    24.9901 0.0000e+00
 171.447628     22.000  35.301871     9.6744    6.36678     21.815    32.4436    25.0101 0.0000e+00
 171.447639     23.000  35.234881     9.5858    6.34490     22.807    32.4548    25.0332 0.0000e+00
 171.447650     24.000  35.148642     9.4978    6.34123     23.798    32.4456    25.0402 0.0000e+00
 171.447661     25.000  35.115295     9.4549    6.34038     24.790    32.4498    25.0505 0.0000e+00
 171.447673     26.000  35.107042     9.4294    6.32244     25.782    32.4640    25.0656 0.0000e+00
 171.447685     27.000  35.110238     9.4280    6.29689     26.773    32.4681    25.0691 0.0000e+00
 171.447699     28.000  35.117237     9.4195    6.22753     27.765    32.4825    25.0817 0.0000e+00
 171.447710     29.000  35.088622     9.3736    6.15389     28.756    32.4943    25.0983 0.0000e+00
 171.447722     30.000  35.040293     9.3139    6.08947     29.748    32.4983    25.1109 0.0000e+00
 171.447731     31.000  34.984349     9.2542    6.03971     30.739    32.4946    25.1175 0.0000e+00
 171.447742     32.000  34.934522     9.1989    5.98588     31.731    32.4931    25.1250 0.0000e+00
 171.447754     33.000  34.902748     9.1504    5.91630     32.722    32.5039    25.1411 0.0000e+00
 171.447764     34.000  34.889046     9.0922    5.87491     33.714    32.5425    25.1804 0.0000e+00
 171.447776     35.000  34.881623     9.0638    5.86234     34.705    32.5602    25.1987 0.0000e+00
 171.447788     36.000  34.886512     9.0619    5.82571     35.696    32.5667    25.2041 0.0000e+00
 171.447800     37.000  34.895783     9.0583    5.79043     36.688    32.5791    25.2144 0.0000e+00
 171.447812     38.000  34.910542     9.0535    5.75923     37.679    32.5983    25.2302 0.0000e+00
 171.447825     39.000  34.922126     9.0524    5.73146     38.671    32.6109    25.2402 0.0000e+00
 171.447838     40.000  34.931740     9.0531    5.71548     39.663    32.6198    25.2471 0.0000e+00
 171.447850     41.000  34.939821     9.0517    5.68742     40.654    32.6290    25.2545 0.0000e+00
 171.447864     42.000  34.947919     9.0515    5.65995     41.645    32.6371    25.2610 0.0000e+00
 171.447878     43.000  34.951000     9.0429    5.58586     42.637    32.6478    25.2707 0.0000e+00
 171.447893     44.000  34.937859     9.0138    5.49359     43.628    32.6604    25.2851 0.0000e+00
 171.447908     45.000  34.918036     8.9808    5.37791     44.620    32.6697    25.2975 0.0000e+00
 171.447922     46.000  34.889941     8.9123    5.26627     45.611    32.7030    25.3342 0.0000e+00
 171.447935     47.000  34.864282     8.8712    5.20734     46.602    32.7137    25.3489 0.0000e+00
 171.447948     48.000  34.860409     8.8607    5.15385     47.594    32.7189    25.3546 0.0000e+00
 171.447962     49.000  34.866754     8.8453    5.00530     48.585    32.7392    25.3729 0.0000e+00
 171.447975     50.000  34.845968     8.7619    4.90986     49.577    32.7942    25.4288 0.0000e+00
 171.447989     51.000  34.837104     8.7294    4.87726     50.568    32.8146    25.4498 0.0000e+00
 171.448002     52.000  34.868543     8.7304    4.85093     51.560    32.8461    25.4743 0.0000e+00
 171.448016     53.000  34.918370     8.7351    4.80458     52.551    32.8934    25.5107 0.0000e+00
 171.448029     54.000  34.950629     8.7216    4.73234     53.542    32.9392    25.5487 0.0000e+00
 171.448042     55.000  34.963627     8.7016    4.66391     54.534    32.9711    25.5767 0.0000e+00
 171.448055     56.000  34.960663     8.6754    4.62006     55.525    32.9919    25.5970 0.0000e+00
 171.448065     57.000  34.945666     8.6409    4.53233     56.516    33.0079    25.6148 0.0000e+00
 171.448077     58.000  34.918204     8.5855    4.46378     57.508    33.0304    25.6409 0.0000e+00
 171.448088     59.000  34.892172     8.5538    4.43347     58.499    33.0322    25.6471 0.0000e+00
 171.448103     60.000  34.888863     8.5586    4.38257     59.491    33.0238    25.6399 0.0000e+00
 171.448118     61.000  34.893491     8.5425    4.09851     60.482    33.0433    25.6575 0.0000e+00
 171.448132     62.000  34.879273     8.4755    3.87945     61.473    33.0906    25.7048 0.0000e+00
 171.448144     63.000  34.892327     8.4430    3.80199     62.464    33.1344    25.7440 0.0000e+00
 171.448157     64.000  34.909059     8.4335    3.72629     63.456    33.1606    25.7660 0.0000e+00
 171.448169     65.000  34.925989     8.4279    3.64193     64.447    33.1832    25.7846 0.0000e+00
 171.448181     66.000  34.971585     8.4301    3.57075     65.439    33.2289    25.8201 0.0000e+00
 171.448193     67.000  35.018767     8.4330    3.50086     66.430    33.2754    25.8562 0.0000e+00
 171.448206     68.000  35.050192     8.4120    3.43164     67.421    33.3281    25.9007 0.0000e+00
 171.448219     69.000  35.076029     8.3931    3.39400     68.413    33.3728    25.9385 0.0000e+00
 171.448232     70.000  35.094051     8.3815    3.36500     69.404    33.4023    25.9636 0.0000e+00
 171.448246     71.000  35.102260     8.3667    3.31697     70.396    33.4246    25.9832 0.0000e+00
 171.448261     72.000  35.153055     8.3725    3.29330     71.387    33.4724    26.0199 0.0000e+00
 171.448276     73.000  35.227567     8.4101    3.26209     72.378    33.5150    26.0477 0.0000e+00
 171.448289     74.000  35.251940     8.4245    3.13125     73.369    33.5266    26.0546 0.0000e+00
 171.448302     75.000  35.262610     8.3925    2.93839     74.361    33.5679    26.0918 0.0000e+00
 171.448313     76.000  35.255041     8.3209    2.70912     75.352    33.6278    26.1496 0.0000e+00
 171.448325     77.000  35.197641     8.1411    2.46904     76.343    33.7387    26.2635 0.0000e+00
 171.448337     78.000  35.092959     7.9443    2.34335     77.334    33.8162    26.3535 0.0000e+00
 171.448351     79.000  35.054187     7.9052    2.35595     78.326    33.8121    26.3560 0.0000e+00
 171.448368     80.000  35.072627     7.9357    2.31099     79.317    33.8018    26.3435 0.0000e+00
 171.448383     81.000  35.061092     7.8893    2.20480     80.308    33.8339    26.3755 0.0000e+00
 171.448396     82.000  35.044112     7.8492    2.14358     81.300    33.8541    26.3972 0.0000e+00
 171.448408     83.000  35.039440     7.8336    2.11252     82.291    33.8637    26.4070 0.0000e+00
 171.448418     84.000  35.031987     7.8210    2.09168     83.282    33.8674    26.4118 0.0000e+00
 171.448430     85.000  35.025829     7.8108    2.07079     84.273    33.8702    26.4155 0.0000e+00
 171.448443     86.000  35.018011     7.8057    2.06589     85.264    33.8663    26.4132 0.0000e+00
 171.448457     87.000  35.018913     7.8038    2.04681     86.256    33.8687    26.4154 0.0000e+00
 171.448472     88.000  35.009275     7.7892    2.02748     87.247    33.8720    26.4201 0.0000e+00
 171.448488     89.000  35.003598     7.7761    1.97804     88.238    33.8782    26.4269 0.0000e+00
 171.448501     90.000  34.986270     7.7433    1.93919     89.229    33.8909    26.4416 0.0000e+00
 171.448514     91.000  34.964072     7.7231    1.92795     90.220    33.8861    26.4408 0.0000e+00
 171.448527     92.000  34.959264     7.7166    1.91354     91.212    33.8868    26.4423 0.0000e+00
 171.448540     93.000  34.954574     7.7083    1.90447     92.203    33.8894    26.4456 0.0000e+00
 171.448552     94.000  34.948972     7.7048    1.89310     93.194    33.8862    26.4436 0.0000e+00
 171.448566     95.000  34.948731     7.7062    1.89807     94.185    33.8842    26.4418 0.0000e+00
 171.448581     96.000  34.947678     7.7061    1.89756     95.177    33.8826    26.4405 0.0000e+00
 171.448598     97.000  34.946819     7.7024    1.89026     96.168    33.8848    26.4429 0.0000e+00
 171.448614     98.000  34.945316     7.6999    1.88784     97.159    33.8851    26.4435 0.0000e+00
 171.448629     99.000  34.946081     7.7007    1.88969     98.151    33.8847    26.4430 0.0000e+00
 171.448647    100.000  34.947298     7.7011    1.87970     99.142    33.8852    26.4433 0.0000e+00
 171.448665    101.000  34.946793     7.7009    1.88120    100.133    33.8844    26.4428 0.0000e+00
