data/oxygen options/ONMS/Olympic_Coast_National_Marine_Sanctuary_Hypoxia_Survey_CTD_Data_2004_2015/raw_data/2006/CTD_TH070_081706faed.cnv
* Sea-Bird SBE19 Data File:
* FileName = C:\Hypoxia_Data_2006\CTD_TH070_081606.hex
* Software Version 1.1.6
* Temperature SN = 2997
* Conductivity SN = 2997
* System UpLoad Time = Aug 17 2006 11:01:21
* SEACAT PROFILER V3.1c SN 2997   08/17/06  11:00:54.815
* strain gauge pressure sensor: S/N = 184829,  range = 3000 psia,  tc = 40
# nquan = 9                                 
# nvalues = 777                         
# units = specified
# name 0 = timeJ: Julian Days
# name 1 = prSM: Pressure, Strain Gauge [db]
# name 2 = c0mS/cm: Conductivity [mS/cm]
# name 3 = t090C: Temperature [ITS-90, deg C]
# name 4 = oxML/L: Oxygen, Beckman/YSI [ml/l]
# name 5 = depSM: Depth [salt water, m], lat = 47.5
# name 6 = sal00: Salinity, Practical [PSU]
# name 7 = sigma-é00: Density [sigma-theta, kg/m^3]
# name 8 = flag: flag
# span 0 = 229.453391, 229.457882       
# span 1 =     -3.075,     71.411       
# span 2 =   4.444168, 177.156234       
# span 3 =     7.6866,    31.8062       
# span 4 =   -0.93429,   33.69101       
# span 5 =     -3.049,     70.803       
# span 6 =     2.7605,   137.4824       
# span 7 =    -2.8257,   102.4129       
# span 8 = 0.0000e+00, 0.0000e+00       
# interval = seconds: 0.5
# start_time = Aug 17 2006 10:52:53 [Instrument's time stamp, header]
# bad_flag = -9.990e-29
*END*
[from data line 321]
 229.455249      2.682  37.119291    12.2651    6.24833      2.660    31.9750    24.1913 -9.990e-29
 229.455255      2.672  37.119413    12.2650    6.25255      2.650    31.9752    24.1914 -9.990e-29
 229.455260      2.665  37.119520    12.2650    6.24821      2.643    31.9753    24.1915 -9.990e-29
 229.455266      2.668  37.119763    12.2653    6.24108      2.646    31.9753    24.1915 -9.990e-29
 229.455272      2.677  37.119915    12.2655    6.24700      2.655    31.9753    24.1914 -9.990e-29
 229.455278      2.688  37.119628    12.2656    6.24140      2.666    31.9749    24.1911 -9.990e-29
 229.455284      2.699  37.119087    12.2659    6.24443      2.676    31.9741    24.1904 -9.990e-29
 229.455289      2.701  37.119259    12.2662    6.24582      2.678    31.9740    24.1903 -9.990e-29
 229.455295      2.694  37.119821    12.2661    6.25155      2.671    31.9747    24.1908 -9.990e-29
 229.455301      2.687  37.119848    12.2660    6.24788      2.665    31.9748    24.1909 -9.990e-29
 229.455307      2.683  37.118824    12.2658    6.24764      2.661    31.9740    24.1903 -9.990e-29
 229.455312      2.682  37.117637    12.2655    6.24455      2.660    31.9731    24.1897 -9.990e-29
 229.455318      2.684  37.117518    12.2650    6.24460      2.662    31.9734    24.1900 -9.990e-29
 229.455324      2.689  37.117754    12.2648    6.24771      2.667    31.9738    24.1904 -9.990e-29
 229.455330      2.697  37.117546    12.2649    6.23996      2.674    31.9735    24.1901 -9.990e-29
 229.455336      2.705  37.117188    12.2652    6.23820      2.682    31.9729    24.1896 -9.990e-29
 229.455341      2.704  37.117333    12.2655    6.24544      2.681    31.9728    24.1895 -9.990e-29
 229.455347      2.695  37.117620    12.2653    6.24136      2.672    31.9732    24.1899 -9.990e-29
 229.455353      2.685  37.117316    12.2648    6.25037      2.663    31.9734    24.1901 -9.990e-29
 229.455359      2.679  37.117149    12.2645    6.25043      2.657    31.9735    24.1902 -9.990e-29
 229.455365      2.675  37.117464    12.2643    6.25661      2.653    31.9739    24.1906 -9.990e-29
 229.455370      2.673  37.117567    12.2642    6.25219      2.651    31.9741    24.1908 -9.990e-29
 229.455376      2.674  37.117604    12.2648    6.25459      2.652    31.9737    24.1903 -9.990e-29
 229.455382      2.673  37.118194    12.2657    6.25491      2.651    31.9734    24.1899 -9.990e-29
 229.455388      2.666  37.119011    12.2663    6.24534      2.644    31.9737    24.1900 -9.990e-29
 229.455394      2.657  37.119470    12.2667    6.25289      2.635    31.9738    24.1900 -9.990e-29
 229.455399      2.654  37.119628    12.2671    6.25113      2.632    31.9736    24.1898 -9.990e-29
 229.455405      2.660  37.119706    12.2672    6.25229      2.638    31.9736    24.1898 -9.990e-29
 229.455411      2.671  37.119817    12.2669    6.25388      2.649    31.9740    24.1901 -9.990e-29
 229.455417      2.685  37.120118    12.2664    6.25658      2.663    31.9747    24.1908 -9.990e-29
 229.455422      2.698  37.120457    12.2661    6.25218      2.675    31.9753    24.1913 -9.990e-29
 229.455428      2.706  37.120733    12.2661    6.25798      2.683    31.9755    24.1915 -9.990e-29
 229.455434      2.714  37.121319    12.2665    6.25798      2.691    31.9757    24.1916 -9.990e-29
 229.455440      2.723  37.121884    12.2671    6.25626      2.700    31.9758    24.1915 -9.990e-29
 229.455446      2.729  37.122070    12.2677    6.25643      2.706    31.9754    24.1911 -9.990e-29
 229.455451      2.737  37.122132    12.2687    6.26184      2.714    31.9746    24.1903 -9.990e-29
 229.455457      2.751  37.122159    12.2702    6.26300      2.728    31.9734    24.1890 -9.990e-29
 229.455463      2.773  37.122760    12.2715    6.25665      2.750    31.9728    24.1884 -9.990e-29
 229.455469      2.798  37.124183    12.2721    6.26117      2.775    31.9737    24.1889 -9.990e-29
 229.455475      2.822  37.125529    12.2723    6.25166      2.798    31.9748    24.1897 -9.990e-29
 229.455480      2.840  37.126358    12.2725    6.25075      2.816    31.9754    24.1902 -9.990e-29
 229.455486      2.854  37.126659    12.2729    6.25183      2.830    31.9753    24.1901 -9.990e-29
 229.455492      2.865  37.126281    12.2734    6.24266      2.841    31.9745    24.1894 -9.990e-29
 229.455498      2.873  37.125289    12.2738    6.25202      2.849    31.9732    24.1883 -9.990e-29
 229.455503      2.879  37.123677    12.2728    6.24658      2.855    31.9726    24.1879 -9.990e-29
 229.455509      2.883  37.121541    12.2696    6.24823      2.859    31.9732    24.1891 -9.990e-29
 229.455515      2.886  37.119019    12.2657    6.24834      2.862    31.9742    24.1905 -9.990e-29
 229.455521      2.887  37.116659    12.2637    6.25420      2.863    31.9736    24.1904 -9.990e-29
 229.455527      2.884  37.115973    12.2645    6.25217      2.860    31.9723    24.1893 -9.990e-29
 229.455532      2.870  37.117150    12.2671    6.25730      2.846    31.9712    24.1879 -9.990e-29
 229.455538      2.850  37.118939    12.2698    6.25321      2.826    31.9706    24.1870 -9.990e-29
 229.455544      2.831  37.120345    12.2710    6.24975      2.807    31.9709    24.1870 -9.990e-29
 229.455550      2.815  37.120423    12.2703    6.24327      2.791    31.9716    24.1877 -9.990e-29
 229.455556      2.802  37.119263    12.2688    6.24542      2.779    31.9718    24.1881 -9.990e-29
 229.455561      2.796  37.118108    12.2678    6.24612      2.773    31.9715    24.1881 -9.990e-29
 229.455567      2.795  37.117646    12.2671    6.25071      2.772    31.9717    24.1883 -9.990e-29
 229.455573      2.796  37.117245    12.2661    6.26115      2.773    31.9721    24.1889 -9.990e-29
 229.455579      2.803  37.115794    12.2640    6.25531      2.780    31.9725    24.1896 -9.990e-29
 229.455584      2.821  37.113587    12.2613    6.26110      2.797    31.9727    24.1902 -9.990e-29
 229.455590      2.846  37.112713    12.2598    6.25161      2.822    31.9732    24.1908 -9.990e-29
 229.455596      2.867  37.113676    12.2601    6.25570      2.843    31.9738    24.1913 -9.990e-29
 229.455602      2.873  37.114937    12.2616    6.25129      2.849    31.9737    24.1910 -9.990e-29
 229.455608      2.865  37.115916    12.2628    6.25423      2.841    31.9737    24.1907 -9.990e-29
 229.455613      2.853  37.116783    12.2632    6.25146      2.829    31.9742    24.1910 -9.990e-29
 229.455619      2.848  37.117556    12.2632    6.25418      2.824    31.9749    24.1915 -9.990e-29
 229.455625      2.842  37.118132    12.2632    6.25111      2.818    31.9755    24.1920 -9.990e-29
 229.455631      2.837  37.118700    12.2636    6.25394      2.813    31.9757    24.1921 -9.990e-29
 229.455637      2.836  37.119441    12.2645    6.25873      2.812    31.9756    24.1918 -9.990e-29
 229.455642      2.836  37.120205    12.2654    6.26307      2.812    31.9756    24.1916 -9.990e-29
 229.455648      2.830  37.120873    12.2660    6.25865      2.806    31.9757    24.1916 -9.990e-29
 229.455654      2.820  37.121199    12.2661    6.25381      2.796    31.9759    24.1918 -9.990e-29
 229.455660      2.809  37.121041    12.2659    6.25350      2.786    31.9759    24.1918 -9.990e-29
 229.455666      2.805  37.120737    12.2660    6.25047      2.782    31.9756    24.1915 -9.990e-29
 229.455671      2.812  37.120986    12.2668    6.25526      2.789    31.9751    24.1910 -9.990e-29
 229.455677      2.825  37.122106    12.2678    6.25393      2.801    31.9753    24.1910 -9.990e-29
 229.455683      2.837  37.123330    12.2683    6.25551      2.813    31.9761    24.1915 -9.990e-29
 229.455689      2.845  37.123470    12.2682    6.26130      2.821    31.9763    24.1917 -9.990e-29
 229.455694      2.850  37.122697    12.2682    6.26325      2.826    31.9756    24.1911 -9.990e-29
 229.455700      2.851  37.122208    12.2684    6.26317      2.827    31.9749    24.1906 -9.990e-29
 229.455706      2.853  37.122457    12.2689    6.25629      2.829    31.9747    24.1903 -9.990e-29
 229.455712      2.860  37.123200    12.2693    6.25010      2.836    31.9751    24.1905 -9.990e-29
 229.455718      2.868  37.123730    12.2693    6.25175      2.844    31.9756    24.1909 -9.990e-29
 229.455723      2.874  37.123615    12.2691    6.25161      2.850    31.9757    24.1910 -9.990e-29
 229.455729      2.878  37.123249    12.2688    6.26038      2.854    31.9756    24.1910 -9.990e-29
 229.455735      2.881  37.122688    12.2685    6.25556      2.857    31.9753    24.1908 -9.990e-29
 229.455741      2.882  37.121731    12.2682    6.26159      2.858    31.9746    24.1904 -9.990e-29
 229.455747      2.881  37.120769    12.2675    6.25567      2.857    31.9743    24.1903 -9.990e-29
 229.455752      2.879  37.119624    12.2661    6.25081      2.855    31.9744    24.1906 -9.990e-29
 229.455758      2.880  37.117878    12.2642    6.25384      2.856    31.9743    24.1909 -9.990e-29
 229.455764      2.887  37.116553    12.2628    6.25112      2.863    31.9743    24.1911 -9.990e-29
 229.455770      2.898  37.116670    12.2625    6.25585      2.874    31.9746    24.1915 -9.990e-29
 229.455775      2.904  37.117808    12.2633    6.26171      2.880    31.9750    24.1916 -9.990e-29
 229.455781      2.901  37.119224    12.2651    6.26480      2.877    31.9749    24.1912 -9.990e-29
 229.455787      2.894  37.120547    12.2666    6.26341      2.870    31.9748    24.1909 -9.990e-29
 229.455793      2.886  37.121282    12.2669    6.26353      2.862    31.9753    24.1912 -9.990e-29
 229.455799      2.877  37.121273    12.2665    6.25946      2.853    31.9756    24.1915 -9.990e-29
 229.455804      2.866  37.121055    12.2663    6.25348      2.842    31.9756    24.1915 -9.990e-29
 229.455810      2.857  37.120880    12.2662    6.25801      2.833    31.9755    24.1915 -9.990e-29
 229.455816      2.857  37.120500    12.2660    6.25318      2.833    31.9753    24.1913 -9.990e-29
 229.455822      2.868  37.119955    12.2659    6.25860      2.844    31.9749    24.1910 -9.990e-29
 229.455828      2.880  37.119625    12.2659    6.26144      2.856    31.9746    24.1908 -9.990e-29
 229.455833      2.891  37.119615    12.2659    6.26748      2.867    31.9746    24.1908 -9.990e-29
 229.455839      2.901  37.119337    12.2654    6.25815      2.877    31.9747    24.1910 -9.990e-29
 229.455845      2.910  37.118404    12.2640    6.25933      2.886    31.9750    24.1915 -9.990e-29
 229.455851      2.920  37.116676    12.2622    6.25819      2.896    31.9749    24.1917 -9.990e-29
 229.455856      2.931  37.114640    12.2611    6.25805      2.907    31.9739    24.1911 -9.990e-29
 229.455862      2.943  37.114052    12.2614    6.25688      2.918    31.9730    24.1904 -9.990e-29
 229.455868      2.954  37.115235    12.2628    6.25164      2.929    31.9730    24.1901 -9.990e-29
 229.455874      2.955  37.116945    12.2644    6.24591      2.930    31.9732    24.1900 -9.990e-29
 229.455880      2.946  37.118080    12.2651    6.25196      2.921    31.9737    24.1903 -9.990e-29
 229.455885      2.940  37.117895    12.2643    6.24944      2.915    31.9742    24.1908 -9.990e-29
 229.455891      2.949  37.116688    12.2625    6.25651      2.924    31.9746    24.1915 -9.990e-29
 229.455897      2.973  37.115081    12.2607    6.25215      2.948    31.9746    24.1918 -9.990e-29
 229.455903      3.006  37.113719    12.2596    6.25429      2.981    31.9742    24.1917 -9.990e-29
 229.455909      3.042  37.113575    12.2595    6.25190      3.017    31.9742    24.1917 -9.990e-29
 229.455914      3.077  37.114442    12.2601    6.25566      3.051    31.9745    24.1918 -9.990e-29
 229.455920      3.115  37.115217    12.2606    6.26236      3.089    31.9748    24.1919 -9.990e-29
 229.455926      3.157  37.115795    12.2608    6.27296      3.131    31.9751    24.1922 -9.990e-29
 229.455932      3.208  37.116369    12.2610    6.26900      3.181    31.9755    24.1924 -9.990e-29
 229.455938      3.264  37.116569    12.2615    6.27633      3.237    31.9752    24.1921 -9.990e-29
 229.455943      3.326  37.116644    12.2622    6.26553      3.298    31.9747    24.1916 -9.990e-29
 229.455949      3.398  37.117242    12.2628    6.26253      3.370    31.9747    24.1915 -9.990e-29
 229.455955      3.489  37.118021    12.2630    6.27453      3.460    31.9753    24.1919 -9.990e-29
 229.455961      3.616  37.118321    12.2618    6.28452      3.586    31.9765    24.1931 0.0000e+00
 229.455966      3.802  37.117407    12.2582    6.28845      3.770    31.9786    24.1954 0.0000e+00
 229.455972      4.057  37.115728    12.2534    6.28835      4.023    31.9810    24.1982 0.0000e+00
 229.455978      4.376  37.118884    12.2516    6.26342      4.339    31.9855    24.2019 0.0000e+00
 229.455984      4.743  37.138919    12.2562    6.23723      4.703    32.0006    24.2128 0.0000e+00
 229.455990      5.140  37.180089    12.2658    6.21309      5.097    32.0317    24.2351 0.0000e+00
 229.455995      5.555  37.228829    12.2762    6.16011      5.509    32.0693    24.2624 0.0000e+00
 229.456001      5.972  37.272696    12.2810    6.07101      5.922    32.1071    24.2908 0.0000e+00
 229.456007      6.382  37.305649    12.2727    5.94601      6.329    32.1456    24.3222 0.0000e+00
 229.456013      6.792  37.319439    12.2490    5.80107      6.735    32.1790    24.3526 0.0000e+00
 229.456019      7.204  37.310000    12.2121    5.65523      7.144    32.2015    24.3770 0.0000e+00
 229.456024      7.616  37.281557    12.1609    5.54327      7.552    32.2181    24.3995 0.0000e+00
 229.456030      8.023  37.239920    12.0883    5.52122      7.956    32.2405    24.4304 0.0000e+00
 229.456036      8.426  37.185646    11.9820    5.52700      8.356    32.2799    24.4808 0.0000e+00
 229.456042      8.820  37.103004    11.8512    5.55482      8.746    32.3132    24.5308 0.0000e+00
 229.456047      9.197  36.992847    11.7345    5.57728      9.120    32.3076    24.5479 0.0000e+00
 229.456053      9.547  36.893377    11.6597    5.58756      9.467    32.2758    24.5369 0.0000e+00
 229.456059      9.856  36.827867    11.6527    5.62322      9.774    32.2181    24.4933 0.0000e+00
 229.456065     10.115  36.816069    11.7233    5.63871     10.030    32.1453    24.4239 0.0000e+00
 229.456071     10.327  36.875876    11.8164    5.57652     10.241    32.1227    24.3894 0.0000e+00
 229.456076     10.511  36.963042    11.8651    5.44097     10.423    32.1649    24.4132 0.0000e+00
 229.456082     10.686  37.007561    11.8510    5.28046     10.597    32.2202    24.4587 0.0000e+00
 229.456088     10.868  36.972879    11.7842    5.14837     10.777    32.2444    24.4898 0.0000e+00
 229.456094     11.064  36.876132    11.6793    5.04337     10.971    32.2414    24.5066 0.0000e+00
 229.456100     11.278  36.774541    11.5531    4.93814     11.184    32.2521    24.5380 0.0000e+00
 229.456105     11.511  36.681271    11.4101    4.81061     11.415    32.2857    24.5898 0.0000e+00
 229.456111     11.761  36.567283    11.2595    4.65960     11.663    32.3056    24.6323 0.0000e+00
 229.456117     12.025  36.438171    11.1343    4.52879     11.924    32.2882    24.6411 0.0000e+00
 229.456123     12.305  36.330963    11.0477    4.42932     12.202    32.2584    24.6332 0.0000e+00
 229.456128     12.604  36.261401    10.9742    4.35024     12.498    32.2541    24.6427 0.0000e+00
 229.456134     12.930  36.208492    10.8832    4.27695     12.822    32.2817    24.6801 0.0000e+00
 229.456140     13.280  36.143727    10.7567    4.21436     13.169    32.3288    24.7389 0.0000e+00
 229.456146     13.653  36.052520    10.6056    4.14117     13.539    32.3717    24.7983 0.0000e+00
 229.456152     14.041  35.947279    10.4714    4.11051     13.923    32.3855    24.8321 0.0000e+00
 229.456157     14.440  35.862630    10.3783    4.09328     14.319    32.3834    24.8462 0.0000e+00
 229.456163     14.853  35.815777    10.3116    4.07767     14.729    32.3956    24.8670 0.0000e+00
