data/oxygen options/ONMS/Olympic_Coast_National_Marine_Sanctuary_Hypoxia_Survey_CTD_Data_2004_2015/raw_data/2006/CTD_TH060_060706faed.cnv
* Sea-Bird SBE19 Data File:
* FileName = C:\Hypoxia_Data_2006\CTD_TH060_060706.hex
* Software Version 1.1.6
* Temperature SN = 2997
* Conductivity SN = 2997
* System UpLoad Time = Jun 07 2006 11:26:25
* SEACAT PROFILER V3.1c SN 2997   06/07/06  11:25:45.606
* strain gauge pressure sensor: S/N = 184829,  range = 3000 psia,  tc = 40
# nquan = 9                                 
# nvalues = 676                         
# units = specified
# name 0 = timeJ: Julian Days
# name 1 = prSM: Pressure, Strain Gauge [db]
# name 2 = c0mS/cm: Conductivity [mS/cm]
# name 3 = t090C: Temperature [ITS-90, deg C]
# name 4 = oxML/L: Oxygen, Beckman/YSI [ml/l]
# name 5 = depSM: Depth [salt water, m], lat = 47.5
# name 6 = sal00: Salinity, Practical [PSU]
# name 7 = sigma-é00: Density [sigma-theta, kg/m^3]
# name 8 = flag: flag
# span 0 = 158.471528, 158.475434       
# span 1 =     -5.126,     59.475       
# span 2 =   0.480953,  37.073844       
# span 3 =     8.2707,    15.7589       
# span 4 =   -0.06815,   31.53188       
# span 5 =     -5.083,     58.970       
# span 6 =     0.2919,    33.4928       
# span 7 =    -0.6482,    26.0497       
# span 8 = 0.0000e+00, 0.0000e+00       
# interval = seconds: 0.5
# start_time = Jun 07 2006 11:19:00 [Instrument's time stamp, header]
# bad_flag = -9.990e-29
*END*
 158.471528     -5.126 -9.990e-29    14.7736   -0.06815     -5.083 -9.990e-29 -9.990e-29 -9.990e-29
 158.471534     -5.117   0.483671    14.7751   -0.06711     -5.074     0.2938    -0.6375 -9.990e-29
 158.471539     -5.113   0.482067    14.7836   -0.06671     -5.070     0.2927    -0.6396 -9.990e-29
 158.471545     -5.110   0.480953    14.8025   -0.06723     -5.067     0.2919    -0.6430 -9.990e-29
 158.471551     -5.103   0.481619    14.8264   -0.06750     -5.060     0.2921    -0.6464 -9.990e-29
 158.471557     -5.091   0.484213    14.8460   -0.06769     -5.049     0.2936    -0.6482 -9.990e-29
 158.471563     -5.074   0.489420    14.8555   -0.06783     -5.032     0.2968    -0.6471 -9.990e-29
 158.471568     -5.051   0.501223    14.8562   -0.06795     -5.009     0.3041    -0.6415 -9.990e-29
 158.471574     -5.025   0.533695    14.8515   -0.06800     -4.983     0.3245    -0.6251 -9.990e-29
 158.471580     -4.998   0.631612    14.8421   -0.06793     -4.956     0.3863    -0.5758 -9.990e-29
 158.471586     -4.968   0.928857    14.8284   -0.06795     -4.927     0.5768    -0.4263 -9.990e-29
 158.471591     -4.934   1.824529    14.8139   -0.06794     -4.893     1.1697     0.0340 -9.990e-29
 158.471597     -4.894   3.257752    14.8014   -0.06802     -4.853     2.1578     0.7978 -9.990e-29
 158.471603     -4.848   4.129879    14.7878   -0.06720     -4.808     2.7768     1.2764 -9.990e-29
 158.471609     -4.799   3.926510    14.7688   -0.05818     -4.759     2.6329     1.1686 -9.990e-29
 158.471615     -4.748   3.314972    14.7447   -0.05736     -4.708     2.2011     0.8399 -9.990e-29
 158.471620     -4.696   2.807855    14.7208   -0.05716     -4.657     1.8474     0.5709 -9.990e-29
 158.471626     -4.638   2.466284    14.7012   -0.05713     -4.599     1.6115     0.3920 -9.990e-29
 158.471632     -4.577   2.280300    14.6868   -0.05715     -4.539     1.4841     0.2958 -9.990e-29
 158.471638     -4.512   2.271824    14.6793   -0.05713     -4.474     1.4785     0.2927 -9.990e-29
 158.471644     -4.435   2.435105    14.6828   -0.05715     -4.398     1.5907     0.3787 -9.990e-29
 158.471649     -4.337   2.787934    14.7125   -0.05715     -4.301     1.8339     0.5617 -9.990e-29
 158.471655     -4.220   3.674133    14.8204   -0.05716     -4.185     2.4503     1.0201 -9.990e-29
 158.471661     -4.086   6.297517    15.0637   -0.05725     -4.052     4.3246     2.4225 -9.990e-29
 158.471667     -3.930  13.317227    15.3713   -0.05728     -3.897     9.6053     6.4166 -9.990e-29
 158.471672     -3.758  23.125195    15.5905   -0.05716     -3.727    17.4122    12.3475 -9.990e-29
 158.471678     -3.587  29.492212    15.6887   -0.05717     -3.557    22.6843    16.3630 -9.990e-29
 158.471684     -3.426  31.630172    15.7250   -0.05717     -3.397    24.4820    17.7327 -9.990e-29
 158.471690     -3.278  32.334806    15.7384   -0.05718     -3.251    25.0765    18.1855 -9.990e-29
 158.471696     -3.143  32.563589    15.7417   -0.05717     -3.117    25.2705    18.3335 -9.990e-29
 158.471701     -3.020  32.632797    15.7396   -0.05719     -2.995    25.3312    18.3805 -9.990e-29
 158.471707     -2.914  32.645376    15.7371   -0.05715     -2.890    25.3436    18.3905 -9.990e-29
 158.471713     -2.831  32.633811    15.7367   -0.05716     -2.807    25.3339    18.3831 -9.990e-29
 158.471719     -2.766  32.572609    15.7371   -0.05718     -2.743    25.2811    18.3426 -9.990e-29
 158.471725     -2.706  32.471557    15.7364   -0.05718     -2.683    25.1949    18.2766 -9.990e-29
 158.471730     -2.649  32.449309    15.7342   -0.05716     -2.627    25.1772    18.2635 -9.990e-29
 158.471736     -2.602  32.532834    15.7315   -0.05715     -2.580    25.2505    18.3203 -9.990e-29
 158.471742     -2.575  32.607054    15.7309   -0.05715     -2.554    25.3146    18.3695 -9.990e-29
 158.471748     -2.567  32.630807    15.7330   -0.05716     -2.546    25.3336    18.3837 -9.990e-29
 158.471753     -2.561  32.629616    15.7348   -0.05716     -2.540    25.3314    18.3816 -9.990e-29
 158.471759     -2.542  32.617048    15.7349   -0.05717     -2.521    25.3206    18.3733 -9.990e-29
 158.471765     -2.506  32.616728    15.7333   -0.05716     -2.485    25.3213    18.3742 -9.990e-29
 158.471771     -2.451  32.634414    15.7309   -0.05716     -2.431    25.3380    18.3875 -9.990e-29
 158.471777     -2.393  32.645497    15.7300   -0.05716     -2.373    25.3481    18.3954 -9.990e-29
 158.471782     -2.348  32.646834    15.7319   -0.05716     -2.328    25.3480    18.3950 -9.990e-29
 158.471788     -2.311  32.655921    15.7349   -0.05717     -2.292    25.3539    18.3988 -9.990e-29
 158.471794     -2.280  32.670317    15.7366   -0.05715     -2.261    25.3651    18.4071 -9.990e-29
 158.471800     -2.254  32.678404    15.7366   -0.05716     -2.235    25.3720    18.4124 -9.990e-29
 158.471806     -2.231  32.675849    15.7359   -0.05718     -2.212    25.3703    18.4112 -9.990e-29
 158.471811     -2.209  32.667111    15.7355   -0.05718     -2.191    25.3630    18.4057 -9.990e-29
 158.471817     -2.187  32.660741    15.7356   -0.05718     -2.169    25.3575    18.4015 -9.990e-29
 158.471823     -2.163  32.660596    15.7363   -0.05716     -2.145    25.3569    18.4009 -9.990e-29
 158.471829     -2.141  32.666499    15.7368   -0.05715     -2.123    25.3617    18.4044 -9.990e-29
 158.471834     -2.123  32.672887    15.7370   -0.05716     -2.105    25.3670    18.4085 -9.990e-29
 158.471840     -2.104  32.670918    15.7371   -0.05716     -2.086    25.3653    18.4071 -9.990e-29
 158.471846     -2.082  32.664153    15.7366   -0.05717     -2.065    25.3598    18.4030 -9.990e-29
 158.471852     -2.061  32.664330    15.7343   -0.05716     -2.044    25.3614    18.4047 -9.990e-29
 158.471858     -2.038  32.670023    15.7309   -0.05716     -2.021    25.3684    18.4108 -9.990e-29
 158.471863     -2.018  32.670341    15.7291   -0.05716     -2.001    25.3699    18.4123 -9.990e-29
 158.471869     -2.002  32.665168    15.7298   -0.05716     -1.985    25.3650    18.4084 -9.990e-29
 158.471875     -1.991  32.663319    15.7322   -0.05715     -1.974    25.3618    18.4055 -9.990e-29
 158.471881     -1.978  32.669071    15.7345   -0.05715     -1.962    25.3653    18.4077 -9.990e-29
 158.471887     -1.955  32.678342    15.7357   -0.05716     -1.939    25.3725    18.4129 -9.990e-29
 158.471892     -1.920  32.681091    15.7359   -0.05717     -1.904    25.3747    18.4146 -9.990e-29
 158.471898     -1.879  32.675955    15.7361   -0.05717     -1.863    25.3701    18.4111 -9.990e-29
 158.471904     -1.839  32.671243    15.7369   -0.05717     -1.824    25.3656    18.4074 -9.990e-29
 158.471910     -1.805  32.670778    15.7382   -0.05717     -1.790    25.3643    18.4062 -9.990e-29
 158.471916     -1.779  32.672838    15.7396   -0.05718     -1.764    25.3652    18.4066 -9.990e-29
 158.471921     -1.760  32.671781    15.7410   -0.05717     -1.745    25.3634    18.4049 -9.990e-29
 158.471927     -1.747  32.666776    15.7417   -0.05717     -1.732    25.3587    18.4011 -9.990e-29
 158.471933     -1.734  32.665183    15.7402   -0.05717     -1.720    25.3582    18.4011 -9.990e-29
 158.471939     -1.713  32.670502    15.7368   -0.05716     -1.699    25.3650    18.4070 -9.990e-29
 158.471944     -1.681  32.677514    15.7338   -0.05716     -1.667    25.3729    18.4137 -9.990e-29
 158.471950     -1.650  32.677647    15.7323   -0.05716     -1.636    25.3740    18.4148 -9.990e-29
 158.471956     -1.626  32.671097    15.7317   -0.05717     -1.612    25.3687    18.4109 -9.990e-29
 158.471962     -1.607  32.665963    15.7318   -0.05718     -1.594    25.3642    18.4075 -9.990e-29
 158.471968     -1.593  32.664390    15.7325   -0.05717     -1.580    25.3624    18.4059 -9.990e-29
 158.471973     -1.582  32.662615    15.7334   -0.05716     -1.569    25.3603    18.4041 -9.990e-29
 158.471979     -1.575  32.659411    15.7344   -0.05716     -1.562    25.3569    18.4013 -9.990e-29
 158.471985     -1.565  32.657252    15.7356   -0.05717     -1.552    25.3543    18.3991 -9.990e-29
 158.471991     -1.549  32.658323    15.7365   -0.05717     -1.536    25.3547    18.3991 -9.990e-29
 158.471997     -1.525  32.664071    15.7362   -0.05716     -1.512    25.3598    18.4031 -9.990e-29
 158.472002     -1.491  32.673210    15.7346   -0.05715     -1.479    25.3686    18.4102 -9.990e-29
 158.472008     -1.450  32.679447    15.7327   -0.05715     -1.438    25.3752    18.4157 -9.990e-29
 158.472014     -1.408  32.678221    15.7318   -0.05716     -1.396    25.3747    18.4155 -9.990e-29
 158.472020     -1.371  32.674083    15.7322   -0.05716     -1.360    25.3709    18.4125 -9.990e-29
 158.472025     -1.344  32.673866    15.7333   -0.05717     -1.333    25.3700    18.4116 -9.990e-29
 158.472031     -1.327  32.678419    15.7342   -0.05716     -1.316    25.3733    18.4139 -9.990e-29
 158.472037     -1.313  32.684863    15.7344   -0.05716     -1.302    25.3787    18.4180 -9.990e-29
 158.472043     -1.302  32.687234    15.7348   -0.05716     -1.291    25.3805    18.4193 -9.990e-29
 158.472049     -1.294  32.684227    15.7364   -0.05716     -1.283    25.3769    18.4162 -9.990e-29
 158.472054     -1.287  32.683063    15.7385   -0.05716     -1.276    25.3745    18.4140 -9.990e-29
 158.472060     -1.277  32.687815    15.7397   -0.05716     -1.266    25.3778    18.4162 -9.990e-29
 158.472066     -1.258  32.695311    15.7392   -0.05715     -1.248    25.3846    18.4215 -9.990e-29
 158.472072     -1.235  32.699306    15.7378   17.02158     -1.225    25.3889    18.4251 -9.990e-29
 158.472078     -1.215  32.696737    15.7367   29.66413     -1.205    25.3874    18.4242 -9.990e-29
 158.472083     -1.199  32.691485    15.7362   31.53188     -1.189    25.3832    18.4211 -9.990e-29
 158.472089     -1.184  32.689459    15.7365   27.83572     -1.174    25.3813    18.4195 -9.990e-29
 158.472095     -1.163  32.690216    15.7373   18.31185     -1.153    25.3814    18.4195 -9.990e-29
 158.472101     -1.144  32.689181    15.7381   14.38119     -1.134    25.3800    18.4182 -9.990e-29
 158.472106     -1.134  32.686673    15.7395   14.39782     -1.125    25.3769    18.4156 -9.990e-29
 158.472112     -1.128  32.686091    15.7421   14.36498     -1.119    25.3748    18.4134 -9.990e-29
 158.472118     -1.122  32.688921    15.7452    9.42371     -1.113    25.3752    18.4131 -9.990e-29
 158.472124     -1.111  32.695593    15.7475    2.98805     -1.102    25.3795    18.4159 -9.990e-29
 158.472130     -1.090  32.707736    15.7486    0.63095     -1.081    25.3892    18.4231 -9.990e-29
 158.472135     -1.062  32.721941    15.7487    0.60843     -1.053    25.4013    18.4323 -9.990e-29
 158.472141     -1.029  32.730259    15.7484    3.28783     -1.020    25.4086    18.4380 -9.990e-29
 158.472147     -0.995  32.732587    15.7481    5.47575     -0.987    25.4108    18.4398 -9.990e-29
 158.472153     -0.964  32.733168    15.7480    5.86245     -0.956    25.4114    18.4402 -9.990e-29
 158.472159     -0.939  32.733355    15.7478    6.14419     -0.931    25.4116    18.4405 -9.990e-29
 158.472164     -0.920  32.733417    15.7477    6.27714     -0.912    25.4117    18.4406 -9.990e-29
 158.472170     -0.903  32.733456    15.7477    6.36794     -0.895    25.4118    18.4406 -9.990e-29
 158.472176     -0.890  32.733542    15.7478    6.42117     -0.883    25.4118    18.4406 -9.990e-29
 158.472182     -0.878  32.733807    15.7478    6.45377     -0.871    25.4120    18.4407 -9.990e-29
 158.472187     -0.867  32.734063    15.7476    6.48171     -0.860    25.4123    18.4410 -9.990e-29
 158.472193     -0.856  32.734111    15.7472    6.50120     -0.849    25.4126    18.4414 -9.990e-29
 158.472199     -0.844  32.734032    15.7470    6.52140     -0.837    25.4127    18.4414 -9.990e-29
 158.472205     -0.832  32.733739    15.7473    6.51672     -0.825    25.4123    18.4410 -9.990e-29
 158.472211     -0.817  32.733422    15.7479    6.51778     -0.810    25.4116    18.4404 -9.990e-29
 158.472216     -0.799  32.733798    15.7484    6.51315     -0.792    25.4116    18.4403 -9.990e-29
 158.472222     -0.777  32.734827    15.7491    6.52928     -0.771    25.4120    18.4405 -9.990e-29
 158.472228     -0.750  32.735657    15.7501    6.52985     -0.744    25.4121    18.4403 -9.990e-29
 158.472234     -0.720  32.735733    15.7508    6.52249     -0.714    25.4117    18.4399 -9.990e-29
 158.472240     -0.693  32.735172    15.7515    6.51899     -0.687    25.4107    18.4390 -9.990e-29
 158.472245     -0.672  32.734928    15.7523    6.50775     -0.666    25.4100    18.4383 -9.990e-29
 158.472251     -0.657  32.735438    15.7527    6.51639     -0.652    25.4102    18.4383 -9.990e-29
 158.472257     -0.645  32.736272    15.7527    6.52304     -0.640    25.4109    18.4389 -9.990e-29
 158.472263     -0.637  32.737064    15.7526    6.52905     -0.632    25.4117    18.4395 -9.990e-29
 158.472269     -0.631  32.737770    15.7525    6.52651     -0.626    25.4123    18.4400 -9.990e-29
 158.472274     -0.627  32.738414    15.7526    6.51372     -0.622    25.4128    18.4404 -9.990e-29
 158.472280     -0.626  32.738749    15.7531    6.51108     -0.621    25.4128    18.4402 -9.990e-29
 158.472286     -0.626  32.738677    15.7534    6.51876     -0.621    25.4125    18.4400 -9.990e-29
 158.472292     -0.625  32.738677    15.7537    6.50718     -0.620    25.4123    18.4398 -9.990e-29
 158.472297     -0.612  32.739325    15.7544    6.51390     -0.607    25.4124    18.4397 -9.990e-29
 158.472303     -0.588  32.740379    15.7552    6.52047     -0.583    25.4128    18.4398 -9.990e-29
 158.472309     -0.563  32.741016    15.7557    6.51847     -0.558    25.4130    18.4399 -9.990e-29
 158.472315     -0.544  32.740980    15.7559    6.52226     -0.539    25.4129    18.4397 -9.990e-29
 158.472321     -0.531  32.740798    15.7562    6.50667     -0.527    25.4125    18.4394 -9.990e-29
 158.472326     -0.523  32.740801    15.7565    6.49549     -0.519    25.4123    18.4392 -9.990e-29
 158.472332     -0.514  32.741008    15.7564    6.49722     -0.510    25.4126    18.4394 -9.990e-29
 158.472338     -0.499  32.741150    15.7562    6.50010     -0.495    25.4128    18.4396 -9.990e-29
 158.472344     -0.479  32.740871    15.7555    6.51214     -0.475    25.4130    18.4399 -9.990e-29
 158.472350     -0.456  32.739816    15.7541    6.51769     -0.452    25.4130    18.4402 -9.990e-29
 158.472355     -0.437  32.738273    15.7528    6.51744     -0.433    25.4125    18.4401 -9.990e-29
 158.472361     -0.425  32.737562    15.7523    6.50965     -0.421    25.4122    18.4400 -9.990e-29
 158.472367     -0.419  32.737871    15.7529    6.49898     -0.416    25.4121    18.4398 -9.990e-29
 158.472373     -0.414  32.738505    15.7544    6.50246     -0.411    25.4117    18.4391 -9.990e-29
 158.472378     -0.407  32.739203    15.7558    6.51310     -0.404    25.4114    18.4386 -9.990e-29
 158.472384     -0.397  32.739791    15.7563    6.51267     -0.394    25.4115    18.4386 -9.990e-29
 158.472390     -0.382  32.739946    15.7562    6.51235     -0.379    25.4117    18.4388 -9.990e-29
 158.472396     -0.367  32.739891    15.7562    6.50813     -0.364    25.4117    18.4388 -9.990e-29
 158.472402     -0.354  32.740126    15.7567    6.50539     -0.351    25.4116    18.4386 -9.990e-29
 158.472407     -0.343  32.740419    15.7575    6.50332     -0.340    25.4113    18.4382 -9.990e-29
 158.472413     -0.333  32.740617    15.7581    6.50087     -0.330    25.4111    18.4379 -9.990e-29
 158.472419     -0.323  32.740996    15.7586    6.50104     -0.320    25.4111    18.4378 -9.990e-29
 158.472425     -0.313  32.741518    15.7588    6.50706     -0.310    25.4114    18.4380 -9.990e-29
 158.472431     -0.303  32.741771    15.7589    6.50172     -0.300    25.4116    18.4381 -9.990e-29
 158.472436     -0.291  32.741549    15.7589    6.49841     -0.289    25.4114    18.4379 -9.990e-29
 158.472442     -0.281  32.741130    15.7588    6.49741     -0.279    25.4111    18.4377 -9.990e-29
 158.472448     -0.276  32.741091    15.7586    6.50268     -0.274    25.4112    18.4378 -9.990e-29
