data/oxygen options/ONMS/Olympic_Coast_National_Marine_Sanctuary_Hypoxia_Survey_CTD_Data_2004_2015/raw_data/2006/CTD_TH030_062006faed.cnv
* Sea-Bird SBE19 Data File:
* FileName = C:\Hypoxia Data\CTD_TH030_062006.hex
* Software Version 1.1.8
* Temperature SN = 2997
* Conductivity SN = 2997
* System UpLoad Time = Jun 20 2006 13:00:27
* SEACAT PROFILER V3.1c SN 2997   06/20/06  12:59:17.620
* strain gauge pressure sensor: S/N = 184829,  range = 3000 psia,  tc = 40
# nquan = 9                                 
# nvalues = 513                         
# units = specified
# name 0 = timeJ: Julian Days
# name 1 = prSM: Pressure, Strain Gauge [db]
# name 2 = c0mS/cm: Conductivity [mS/cm]
# name 3 = t090C: Temperature [ITS-90, deg C]
# name 4 = oxML/L: Oxygen, Beckman/YSI [ml/l]
# name 5 = depSM: Depth [salt water, m], lat = 47.5
# name 6 = sal00: Salinity, Practical [PSU]
# name 7 = sigma-é00: Density [sigma-theta, kg/m^3]
# name 8 = flag: flag
# span 0 = 171.533218, 171.536181       
# span 1 =     -4.696,     29.286       
# span 2 =   2.126478,  37.787999       
# span 3 =     8.1786,    14.5873       
# span 4 =   -0.58387,   32.86442       
# span 5 =     -4.657,     29.040       
# span 6 =     1.4382,    33.3941       
# span 7 =     0.4922,    25.9861       
# span 8 = 0.0000e+00, 0.0000e+00       
# interval = seconds: 0.5
# start_time = Jun 20 2006 12:47:50 [Instrument's time stamp, header]
# bad_flag = -9.990e-29
*END*
[from data line 481]
 171.536001     11.263  35.085506     9.0383    3.56124     11.169    32.8060    25.3946 0.0000e+00
 171.536007     10.768  35.150916     9.3492    3.84337     10.678    32.5888    25.1757 0.0000e+00
 171.536013     10.268  35.250148     9.6230    4.14587     10.182    32.4423    25.0173 0.0000e+00
 171.536019      9.783  35.361289     9.8274    4.44132      9.701    32.3717    24.9289 0.0000e+00
 171.536024      9.315  35.466969     9.9899    4.72520      9.237    32.3335    24.8723 0.0000e+00
 171.536030      8.853  35.569110    10.1784    5.08583      8.779    32.2686    24.7903 0.0000e+00
 171.536036      8.388  35.675287    10.5796    5.46463      8.318    32.0205    24.5291 0.0000e+00
 171.536042      7.916  35.820433    11.2266    5.85620      7.850    31.6028    24.0917 0.0000e+00
 171.536047      7.442  36.031260    11.8579    6.23079      7.380    31.2721    23.7216 0.0000e+00
 171.536053      6.974  36.280972    12.2859    6.50549      6.916    31.1542    23.5512 0.0000e+00
 171.536059      6.512  36.502683    12.5871    6.67460      6.458    31.1155    23.4647 0.0000e+00
 171.536065      6.053  36.658902    12.8873    6.73508      6.002    31.0161    23.3305 0.0000e+00
 171.536071      5.596  36.796412    13.1892    6.65709      5.549    30.8987    23.1812 0.0000e+00
 171.536076      5.149  36.950481    13.4527    6.52300      5.106    30.8287    23.0755 0.0000e+00
 171.536082      4.707  37.106098    13.6939    6.38601      4.668    30.7785    22.9889 0.0000e+00
 171.536088      4.268  37.245262    13.9243    6.23274      4.232    30.7221    22.8991 0.0000e+00
 171.536094      3.839  37.369538    14.1066    6.06224      3.807    30.6906    22.8379 0.0000e+00
 171.536100      3.422  37.481953    14.2103    5.91052      3.393    30.7108    22.8323 0.0000e+00
 171.536105      3.017  37.561865    14.2548    5.72659      2.992    30.7484    22.8521 0.0000e+00
 171.536111      2.623  37.592417    14.2899    5.61778      2.601    30.7484    22.8449 0.0000e+00
 171.536117      2.241  37.591354    14.3494    6.34110      2.222    30.7003    22.7956 0.0000e+00
 171.536123      1.872  37.590930    14.4122    6.48089      1.856    30.6503    22.7442 0.0000e+00
 171.536128      1.528  37.605732    14.4378 -9.990e-29      1.515    30.6436    22.7337 0.0000e+00
 171.536134      1.224  37.615111    14.4112 -9.990e-29      1.214    30.6733    22.7620 0.0000e+00
 171.536140      0.977  37.581092    14.3371 -9.990e-29      0.969    30.7012    22.7988 0.0000e+00
 171.536146      0.794  37.501530    14.2425 -9.990e-29      0.787    30.7040    22.8204 0.0000e+00
 171.536152      0.666  37.377510    14.1549 -9.990e-29      0.660    30.6607    22.8049 -9.990e-29
 171.536157      0.571  37.110988    14.0788 -9.990e-29      0.566    30.4778    22.6793 -9.990e-29
 171.536163      0.502  36.409427    14.0097 -9.990e-29      0.498    29.8919    22.2414 -9.990e-29
 171.536169      0.461  34.427731    13.9504 -9.990e-29      0.457    28.1358    20.8993 -9.990e-29
 171.536175      0.440  28.583103    13.9244 -9.990e-29      0.436    22.9256    16.8927 -9.990e-29
 171.536181      0.433  19.745629 -9.990e-29 -9.990e-29      0.429 -9.990e-29 -9.990e-29 -9.990e-29
