data/oxygen options/ONMS/Olympic_Coast_National_Marine_Sanctuary_Hypoxia_Survey_CTD_Data_2004_2015/raw_data/2006/CTD_TH035_060706faed.cnv
* Sea-Bird SBE19 Data File:
* FileName = C:\Hypoxia_Data_2006\CTD_TH035_060706.hex
* Software Version 1.1.6
* Temperature SN = 2997
* Conductivity SN = 2997
* System UpLoad Time = Jun 07 2006 12:04:19
* SEACAT PROFILER V3.1c SN 2997   06/07/06  12:03:37.384
* strain gauge pressure sensor: S/N = 184829,  range = 3000 psia,  tc = 40
# nquan = 9                                 
# nvalues = 615                         
# units = specified
# name 0 = timeJ: Julian Days
# name 1 = prSM: Pressure, Strain Gauge [db]
# name 2 = c0mS/cm: Conductivity [mS/cm]
# name 3 = t090C: Temperature [ITS-90, deg C]
# name 4 = oxML/L: Oxygen, Beckman/YSI [ml/l]
# name 5 = depSM: Depth [salt water, m], lat = 47.5
# name 6 = sal00: Salinity, Practical [PSU]
# name 7 = sigma-é00: Density [sigma-theta, kg/m^3]
# name 8 = flag: flag
# span 0 = 158.496400, 158.499954       
# span 1 =     -4.553,     34.264       
# span 2 =   0.422844,  37.045299       
# span 3 =     8.8397,    15.4602       
# span 4 =   -0.07054,   32.31907       
# span 5 =     -4.515,     33.975       
# span 6 =     0.2635,    33.1832       
# span 7 =    -0.4902,    25.7203       
# span 8 = 0.0000e+00, 0.0000e+00       
# interval = seconds: 0.5
# start_time = Jun 07 2006 11:54:49 [Instrument's time stamp, header]
# bad_flag = -9.990e-29
*END*
[from data line 161]
 158.497332      0.519  33.541442    15.1845   -0.05754      0.515    26.4812    19.3780 -9.990e-29
 158.497338      0.540  33.550723    15.1955   -0.05754      0.535    26.4819    19.3762 -9.990e-29
 158.497344      0.560  33.566933    15.2120   17.39996      0.555    26.4849    19.3752 -9.990e-29
 158.497350      0.572  33.566286    15.2255   30.40476      0.567    26.4753    19.3650 -9.990e-29
 158.497355      0.573  33.553541    15.2283   32.31907      0.568    26.4622    19.3544 -9.990e-29
 158.497361      0.567  33.545360    15.2212   28.53208      0.562    26.4599    19.3541 -9.990e-29
 158.497367      0.563  33.543185    15.2131   18.77764      0.558    26.4634    19.3585 -9.990e-29
 158.497373      0.567  33.545253    15.2115   14.71833      0.562    26.4663    19.3610 -9.990e-29
 158.497378      0.586  33.553773    15.2154   14.72493      0.581    26.4711    19.3639 -9.990e-29
 158.497384      0.611  33.561615    15.2196   14.70550      0.606    26.4751    19.3661 -9.990e-29
 158.497390      0.631  33.559624    15.2217    8.46016      0.626    26.4720    19.3632 -9.990e-29
 158.497396      0.643  33.550766    15.2233    2.57338      0.638    26.4632    19.3561 -9.990e-29
 158.497402      0.654  33.533333    15.2278    0.44073      0.649    26.4449    19.3412 -9.990e-29
 158.497407      0.666  33.496990    15.2364    0.70218      0.660    26.4074    19.3107 -9.990e-29
 158.497413      0.677  33.451600    15.2464    3.77694      0.671    26.3611    19.2730 -9.990e-29
 158.497419      0.684  33.423556    15.2534    5.56112      0.678    26.3320    19.2492 -9.990e-29
 158.497425      0.691  33.422575    15.2550    5.94636      0.685    26.3301    19.2474 -9.990e-29
 158.497431      0.702  33.445121    15.2499    6.23138      0.696    26.3531    19.2662 -9.990e-29
 158.497436      0.715  33.492676    15.2405    6.35943      0.709    26.4009    19.3048 -9.990e-29
 158.497442      0.725  33.543444    15.2346    6.44973      0.719    26.4491    19.3431 -9.990e-29
 158.497448      0.734  33.560288    15.2355    6.49900      0.728    26.4632    19.3537 -9.990e-29
 158.497454      0.741  33.563435    15.2356    6.55513      0.735    26.4659    19.3557 -9.990e-29
 158.497459      0.748  33.583446    15.2277    6.60228      0.742    26.4887    19.3748 -9.990e-29
 158.497465      0.754  33.594875    15.2167    6.60366      0.748    26.5061    19.3905 -9.990e-29
 158.497471      0.761  33.583260    15.2152    6.58884      0.755    26.4970    19.3838 -9.990e-29
 158.497477      0.769  33.559478    15.2272    6.58501      0.763    26.4681    19.3591 -9.990e-29
 158.497483      0.782  33.523226    15.2451    6.59369      0.775    26.4244    19.3219 -9.990e-29
 158.497488      0.805  33.481682    15.2645    6.62015      0.798    26.3752    19.2801 -9.990e-29
 158.497494      0.836  33.443384    15.2890    6.60927      0.829    26.3254    19.2368 -9.990e-29
 158.497500      0.869  33.428484    15.3122    6.59464      0.862    26.2969    19.2102 -9.990e-29
 158.497506      0.891  33.432266    15.3199    6.56795      0.884    26.2950    19.2071 -9.990e-29
 158.497512      0.897  33.400363    15.3139    6.55191      0.890    26.2713    19.1901 -9.990e-29
 158.497517      0.895  33.337908    15.3096    6.55915      0.888    26.2198    19.1515 -9.990e-29
 158.497523      0.894  33.284419    15.3144    6.58141      0.887    26.1701    19.1124 -9.990e-29
 158.497529      0.889  33.253242    15.3221    6.56658      0.882    26.1379    19.0860 -9.990e-29
 158.497535      0.879  33.243183    15.3236    6.53759      0.872    26.1281    19.0783 -9.990e-29
 158.497541      0.874  33.239162    15.3191    6.48005      0.867    26.1276    19.0788 -9.990e-29
 158.497546      0.872  33.243124    15.3154    6.44633      0.865    26.1335    19.0841 -9.990e-29
 158.497552      0.869  33.251393    15.3147    6.49500      0.862    26.1412    19.0901 -9.990e-29
 158.497558      0.869  33.258750    15.3103    6.57552      0.862    26.1505    19.0982 -9.990e-29
 158.497564      0.877  33.292394    15.2882    6.64254      0.870    26.1945    19.1365 -9.990e-29
 158.497569      0.893  33.411215    15.2369    6.68723      0.886    26.3322    19.2528 -9.990e-29
 158.497575      0.913  33.609390    15.1674    6.68660      0.905    26.5520    19.4359 -9.990e-29
 158.497581      0.931  33.776659    15.1199    6.65589      0.923    26.7306    19.5828 -9.990e-29
 158.497587      0.944  33.862455    15.1303    6.60237      0.936    26.7987    19.6330 -9.990e-29
 158.497593      0.951  33.838199    15.1858    6.58733      0.943    26.7396    19.5762 -9.990e-29
 158.497598      0.954  33.698462    15.2418    6.57918      0.946    26.5795    19.4417 -9.990e-29
 158.497604      0.953  33.537275    15.2786    6.53154      0.945    26.4141    19.3071 -9.990e-29
 158.497610      0.947  33.402137    15.3061    6.44908      0.939    26.2780    19.1969 -9.990e-29
 158.497616      0.941  33.300698    15.3302    6.36745      0.933    26.1737    19.1119 -9.990e-29
 158.497622      0.942  33.233391    15.3463    6.41465      0.934    26.1045    19.0555 -9.990e-29
 158.497627      0.956  33.188416    15.3477    6.54147      0.948    26.0645    19.0245 -9.990e-29
 158.497633      0.979  33.162444    15.3299    6.62537      0.971    26.0537    19.0199 -9.990e-29
 158.497639      1.003  33.204950    15.2850    6.72416      0.995    26.1204    19.0803 -9.990e-29
 158.497645      1.026  33.402891    15.2168    6.69946      1.017    26.3384    19.2617 -9.990e-29
 158.497650      1.049  33.704015    15.1601    6.57705      1.040    26.6397    19.5047 -9.990e-29
 158.497656      1.070  33.927324    15.1518    6.51079      1.061    26.8408    19.6609 -9.990e-29
 158.497662      1.081  33.927635    15.1943    6.52369      1.072    26.8120    19.6300 -9.990e-29
 158.497668      1.083  33.753019    15.2527    6.56728      1.074    26.6197    19.4703 -9.990e-29
 158.497674      1.084  33.572670    15.2880    6.63452      1.075    26.4386    19.3240 -9.990e-29
 158.497679      1.090  33.443857    15.2883    6.61428      1.081    26.3262    19.2376 -9.990e-29
 158.497685      1.096  33.391635    15.2688    6.54442      1.087    26.2937    19.2167 -9.990e-29
 158.497691      1.098  33.490471    15.2601    6.52436      1.089    26.3857    19.2891 -9.990e-29
 158.497697      1.096  33.593515    15.2771    6.54132      1.087    26.4641    19.3458 -9.990e-29
 158.497703      1.091  33.520281    15.3006    6.56924      1.082    26.3845    19.2798 -9.990e-29
 158.497708      1.090  33.402444    15.3071    6.58463      1.081    26.2776    19.1964 -9.990e-29
 158.497714      1.102  33.367715    15.2888    6.59310      1.093    26.2596    19.1863 -9.990e-29
 158.497720      1.119  33.429235    15.2585    6.60402      1.110    26.3334    19.2493 -9.990e-29
 158.497726      1.130  33.540661    15.2429    6.61207      1.121    26.4410    19.3351 -9.990e-29
 158.497731      1.130  33.586513    15.2499    6.59966      1.121    26.4763    19.3608 -9.990e-29
 158.497737      1.125  33.553930    15.2659    6.58968      1.116    26.4371    19.3274 -9.990e-29
 158.497743      1.117  33.514972    15.2788    6.55824      1.108    26.3945    19.2920 -9.990e-29
 158.497749      1.108  33.492836    15.2898    6.54569      1.099    26.3678    19.2693 -9.990e-29
 158.497755      1.099  33.446812    15.3067    6.55157      1.090    26.3165    19.2263 -9.990e-29
 158.497760      1.096  33.360958    15.3276    6.54977      1.087    26.2278    19.1540 -9.990e-29
 158.497766      1.097  33.295729    15.3405    6.54530      1.088    26.1625    19.1012 -9.990e-29
 158.497772      1.103  33.272927    15.3423    6.52996      1.094    26.1415    19.0847 -9.990e-29
 158.497778      1.114  33.279546    15.3414    6.53064      1.105    26.1478    19.0897 -9.990e-29
 158.497784      1.127  33.304245    15.3409    6.55894      1.118    26.1696    19.1066 -9.990e-29
 158.497789      1.138  33.302044    15.3366    6.56934      1.128    26.1706    19.1082 -9.990e-29
 158.497795      1.152  33.286278    15.3264    6.59389      1.142    26.1636    19.1050 -9.990e-29
 158.497801      1.175  33.313304    15.3152    6.62114      1.165    26.1946    19.1310 -9.990e-29
 158.497807      1.202  33.396744    15.3081    6.56444      1.192    26.2719    19.1918 -9.990e-29
 158.497813      1.229  33.463420    15.3052    6.47231      1.219    26.3319    19.2385 -9.990e-29
 158.497818      1.247  33.445884    15.3083    6.47081      1.237    26.3145    19.2245 -9.990e-29
 158.497824      1.255  33.376374    15.3169    6.49168      1.245    26.2483    19.1719 -9.990e-29
 158.497830      1.256  33.310221    15.3237    6.56338      1.246    26.1862    19.1228 -9.990e-29
 158.497836      1.258  33.267320    15.3218    6.63945      1.247    26.1502    19.0956 -9.990e-29
 158.497841      1.268  33.271714    15.3035    6.61550      1.257    26.1662    19.1116 -9.990e-29
 158.497847      1.280  33.395420    15.2669    6.50030      1.269    26.2983    19.2206 -9.990e-29
 158.497853      1.292  33.583061    15.2412    6.46285      1.281    26.4791    19.3647 -9.990e-29
 158.497859      1.303  33.621190    15.2532    6.48416      1.292    26.5043    19.3816 -9.990e-29
 158.497865      1.316  33.493371    15.2814    6.53552      1.305    26.3739    19.2756 -9.990e-29
 158.497870      1.330  33.379576    15.2971    6.59944      1.319    26.2643    19.1882 -9.990e-29
 158.497876      1.347  33.331038    15.2899    6.60993      1.336    26.2268    19.1610 -9.990e-29
 158.497882      1.363  33.389005    15.2587    6.60596      1.352    26.2981    19.2222 -9.990e-29
 158.497888      1.375  33.565737    15.2273    6.60781      1.364    26.4733    19.3631 -9.990e-29
 158.497894      1.384  33.651186    15.2259    6.57179      1.372    26.5488    19.4214 -9.990e-29
 158.497899      1.386  33.576525    15.2519    6.50960      1.374    26.4662    19.3526 -9.990e-29
 158.497905      1.377  33.481039    15.2811    6.47550      1.366    26.3633    19.2676 -9.990e-29
 158.497911      1.361  33.400567    15.2998    6.48423      1.350    26.2807    19.2003 -9.990e-29
 158.497917      1.350  33.316964    15.3055    6.56712      1.339    26.2042    19.1404 -9.990e-29
 158.497922      1.351  33.262849    15.3007    6.62011      1.340    26.1603    19.1077 -9.990e-29
 158.497928      1.360  33.270912    15.2894    6.57993      1.349    26.1748    19.1212 -9.990e-29
 158.497934      1.373  33.372094    15.2704    6.52630      1.362    26.2756    19.2024 -9.990e-29
 158.497940      1.387  33.539291    15.2532    6.54224      1.375    26.4328    19.3267 -9.990e-29
 158.497946      1.395  33.640003    15.2543    6.57300      1.383    26.5199    19.3933 -9.990e-29
 158.497951      1.397  33.610614    15.2683    6.61694      1.385    26.4848    19.3635 -9.990e-29
 158.497957      1.401  33.530236    15.2745    6.63725      1.389    26.4106    19.3052 -9.990e-29
 158.497963      1.408  33.501943    15.2694    6.59828      1.396    26.3894    19.2900 -9.990e-29
 158.497969      1.409  33.579407    15.2671    6.56066      1.397    26.4584    19.3435 -9.990e-29
 158.497975      1.401  33.637174    15.2772    6.53292      1.389    26.5020    19.3749 -9.990e-29
 158.497980      1.388  33.528572    15.2955    6.54792      1.376    26.3951    19.2890 -9.990e-29
 158.497986      1.376  33.386883    15.3098    6.56258      1.365    26.2621    19.1840 -9.990e-29
 158.497992      1.366  33.317533    15.3147    6.55012      1.355    26.1985    19.1342 -9.990e-29
 158.497998      1.360  33.289173    15.3121    6.54113      1.349    26.1756    19.1171 -9.990e-29
 158.498003      1.372  33.303240    15.3062    6.53842      1.361    26.1918    19.1307 -9.990e-29
 158.498009      1.393  33.332528    15.3043    6.54319      1.381    26.2185    19.1516 -9.990e-29
 158.498015      1.412  33.337050    15.3071    6.60654      1.400    26.2206    19.1526 -9.990e-29
 158.498021      1.430  33.311066    15.3117    6.57687      1.418    26.1949    19.1320 -9.990e-29
 158.498027      1.445  33.318042    15.3158    6.45635      1.433    26.1982    19.1337 -9.990e-29
 158.498032      1.452  33.389153    15.3191    6.35620      1.440    26.2579    19.1788 -9.990e-29
 158.498038      1.452  33.421884    15.3252    6.40347      1.440    26.2823    19.1963 -9.990e-29
 158.498044      1.450  33.347759    15.3306    6.50313      1.438    26.2142    19.1429 -9.990e-29
 158.498050      1.454  33.243425    15.3232    6.59159      1.442    26.1284    19.0786 -9.990e-29
 158.498056      1.468  33.204113    15.2872    6.67671      1.456    26.1181    19.0781 -9.990e-29
 158.498061      1.489  33.314199    15.2273    6.64483      1.477    26.2539    19.1947 -9.990e-29
 158.498067      1.506  33.603304    15.1918    6.55379      1.493    26.5300    19.4140 -9.990e-29
 158.498073      1.506  33.832913    15.2134    6.41547      1.493    26.7160    19.5524 -9.990e-29
 158.498079      1.486  33.761408    15.2662    6.36485      1.474    26.6178    19.4660 -9.990e-29
 158.498084      1.453  33.516041    15.3126    6.40494      1.441    26.3727    19.2683 -9.990e-29
 158.498090      1.426  33.266972    15.3374    6.47977      1.414    26.1395    19.0841 -9.990e-29
 158.498096      1.421  33.095294    15.3369    6.52232      1.409    25.9906    18.9700 -9.990e-29
 158.498102      1.436  33.103984    15.3126    6.50890      1.424    26.0142    18.9931 -9.990e-29
 158.498108      1.461  33.302961    15.2874    6.49051      1.449    26.2040    19.1440 -9.990e-29
 158.498113      1.484  33.478215    15.2864    6.49612      1.472    26.3573    19.2619 -9.990e-29
 158.498119      1.502  33.427259    15.2990    6.48934      1.489    26.3045    19.2187 -9.990e-29
 158.498125      1.517  33.294635    15.3046    6.45292      1.504    26.1853    19.1261 -9.990e-29
 158.498131      1.528  33.247742    15.3028    6.39668      1.515    26.1457    19.0961 -9.990e-29
 158.498137      1.534  33.268917    15.2995    6.40101      1.521    26.1663    19.1126 -9.990e-29
 158.498142      1.529  33.297265    15.2941    6.45351      1.516    26.1946    19.1354 -9.990e-29
 158.498148      1.523  33.312849    15.2775    6.51082      1.510    26.2192    19.1577 -9.990e-29
 158.498154      1.527  33.390273    15.2416    6.59152      1.514    26.3106    19.2353 -9.990e-29
 158.498160      1.542  33.558214    15.1923    6.61373      1.529    26.4903    19.3834 -9.990e-29
 158.498166      1.560  33.732258    15.1527    6.55609      1.547    26.6692    19.5290 -9.990e-29
 158.498171      1.573  33.829387    15.1513    6.48459      1.560    26.7552    19.5953 -9.990e-29
 158.498177      1.575  33.794087    15.1893    6.45898      1.562    26.6984    19.5438 -9.990e-29
 158.498183      1.565  33.657219    15.2373    6.47856      1.552    26.5464    19.4172 -9.990e-29
 158.498189      1.555  33.536804    15.2718    6.51661      1.542    26.4181    19.3116 -9.990e-29
 158.498194      1.558  33.467970    15.2852    6.54956      1.545    26.3491    19.2558 -9.990e-29
 158.498200      1.574  33.464352    15.2802    6.55416      1.561    26.3493    19.2570 -9.990e-29
 158.498206      1.591  33.581122    15.2766    6.54877      1.578    26.4535    19.3377 -9.990e-29
 158.498212      1.597  33.672357    15.2874    6.51074      1.584    26.5258    19.3910 -9.990e-29
 158.498218      1.593  33.570976    15.3041    6.47577      1.580    26.4262    19.3111 -9.990e-29
 158.498223      1.586  33.408117    15.3163    6.45898      1.573    26.2762    19.1935 -9.990e-29
 158.498229      1.586  33.296298    15.3248    6.47467      1.573    26.1733    19.1127 -9.990e-29
 158.498235      1.595  33.224346    15.3362    6.48437      1.582    26.1032    19.0565 -9.990e-29
 158.498241      1.607  33.214058    15.3473    6.47791      1.594    26.0869    19.0417 -9.990e-29
 158.498247      1.614  33.248922    15.3487    6.48255      1.601    26.1162    19.0640 -9.990e-29
