data/oxygen options/ONMS/Olympic_Coast_National_Marine_Sanctuary_Hypoxia_Survey_CTD_Data_2004_2015/raw_data/2006/CTD_TH030_060706faed.cnv
* Sea-Bird SBE19 Data File:
* FileName = C:\Hypoxia_Data_2006\CTD_TH030_060706.hex
* Software Version 1.1.6
* Temperature SN = 2997
* Conductivity SN = 2997
* System UpLoad Time = Jun 07 2006 12:25:38
* SEACAT PROFILER V3.1c SN 2997   06/07/06  12:24:20.406
* strain gauge pressure sensor: S/N = 184829,  range = 3000 psia,  tc = 40
# nquan = 9                                 
# nvalues = 948                         
# units = specified
# name 0 = timeJ: Julian Days
# name 1 = prSM: Pressure, Strain Gauge [db]
# name 2 = c0mS/cm: Conductivity [mS/cm]
# name 3 = t090C: Temperature [ITS-90, deg C]
# name 4 = oxML/L: Oxygen, Beckman/YSI [ml/l]
# name 5 = depSM: Depth [salt water, m], lat = 47.5
# name 6 = sal00: Salinity, Practical [PSU]
# name 7 = sigma-é00: Density [sigma-theta, kg/m^3]
# name 8 = flag: flag
# span 0 = 158.509537, 158.515017       
# span 1 =     -5.121,     30.701       
# span 2 =   0.312154,  36.090767       
# span 3 =     9.5327,    15.6410       
# span 4 =   -0.07097,   32.22574       
# span 5 =     -5.078,     30.443       
# span 6 =     0.1938,    32.8401       
# span 7 =    -0.5254,    25.3429       
# span 8 = 0.0000e+00, 0.0000e+00       
# interval = seconds: 0.5
# start_time = Jun 07 2006 12:13:44 [Instrument's time stamp, header]
# bad_flag = -9.990e-29
*END*
[from data line 641]
 158.513247     10.331  35.918821    11.9875    5.03675     10.245    31.0544    23.5291 -9.990e-29
 158.513252     10.343  35.923088    11.9865    5.04034     10.256    31.0593    23.5331 -9.990e-29
 158.513258     10.358  35.930952    11.9857    5.04013     10.271    31.0675    23.5396 -9.990e-29
 158.513264     10.367  35.936624    11.9859    5.04737     10.280    31.0728    23.5436 -9.990e-29
 158.513270     10.371  35.937004    11.9868    5.04154     10.284    31.0724    23.5432 -9.990e-29
 158.513275     10.371  35.934836    11.9879    5.04718     10.284    31.0694    23.5406 -9.990e-29
 158.513281     10.366  35.932833    11.9887    5.04095     10.279    31.0668    23.5385 -9.990e-29
 158.513287     10.361  35.931683    11.9891    5.03786     10.274    31.0654    23.5373 -9.990e-29
 158.513293     10.363  35.930407    11.9886    5.04003     10.276    31.0646    23.5368 -9.990e-29
 158.513299     10.377  35.929544    11.9876    5.05291     10.290    31.0646    23.5369 -9.990e-29
 158.513304     10.399  35.930741    11.9869    5.05953     10.312    31.0663    23.5384 -9.990e-29
 158.513310     10.418  35.932784    11.9869    5.05182     10.331    31.0682    23.5399 -9.990e-29
 158.513316     10.427  35.933903    11.9875    5.04050     10.340    31.0688    23.5403 -9.990e-29
 158.513322     10.436  35.933900    11.9881    5.03273     10.349    31.0683    23.5398 -9.990e-29
 158.513328     10.456  35.932766    11.9880    5.04715     10.368    31.0673    23.5390 -9.990e-29
 158.513333     10.495  35.932349    11.9866    5.05001     10.407    31.0680    23.5398 -9.990e-29
 158.513339     10.545  35.936014    11.9849    5.06033     10.457    31.0730    23.5440 -9.990e-29
 158.513345     10.593  35.942471    11.9842    5.05521     10.504    31.0797    23.5493 -9.990e-29
 158.513351     10.633  35.945178    11.9848    5.06016     10.544    31.0818    23.5508 -9.990e-29
 158.513356     10.673  35.942688    11.9857    5.06515     10.584    31.0787    23.5482 -9.990e-29
 158.513362     10.727  35.938405    11.9861    5.05088     10.637    31.0742    23.5447 -9.990e-29
 158.513368     10.812  35.935029    11.9858    5.02832     10.721    31.0712    23.5424 -9.990e-29
 158.513374     10.937  35.934222    11.9845    4.98561     10.845    31.0714    23.5428 0.0000e+00
 158.513380     11.106  35.934902    11.9814    4.95593     11.013    31.0746    23.5459 0.0000e+00
 158.513385     11.326  35.939654    11.9744    4.94515     11.231    31.0849    23.5552 0.0000e+00
 158.513391     11.602  35.950881    11.9602    4.92711     11.505    31.1074    23.5752 0.0000e+00
 158.513397     11.921  35.962792    11.9371    4.89628     11.821    31.1380    23.6032 0.0000e+00
 158.513403     12.266  35.973873    11.9098    4.85480     12.163    31.1714    23.6341 0.0000e+00
 158.513409     12.629  35.985986    11.8861    4.82760     12.523    31.2027    23.6627 0.0000e+00
 158.513414     13.010  35.996198    11.8674    4.79713     12.901    31.2281    23.6858 0.0000e+00
 158.513420     13.413  36.004090    11.8497    4.75217     13.301    31.2504    23.7064 0.0000e+00
 158.513426     13.834  36.012880    11.8270    4.72078     13.718    31.2778    23.7318 0.0000e+00
 158.513432     14.265  36.023060    11.7922    4.69153     14.145    31.3167    23.7683 0.0000e+00
 158.513438     14.699  36.030806    11.7474    4.68728     14.576    31.3618    23.8114 0.0000e+00
 158.513443     15.134  36.036900    11.7047    4.66505     15.007    31.4036    23.8516 0.0000e+00
 158.513449     15.571  36.048891    11.6717    4.60724     15.440    31.4429    23.8882 0.0000e+00
 158.513455     16.010  36.063679    11.6475    4.54639     15.876    31.4776    23.9195 0.0000e+00
 158.513461     16.442  36.069556    11.6278    4.49087     16.304    31.4999    23.9403 0.0000e+00
 158.513466     16.863  36.063688    11.6071    4.46234     16.722    31.5116    23.9531 0.0000e+00
 158.513472     17.268  36.054504    11.5812    4.45815     17.123    31.5245    23.9679 0.0000e+00
 158.513478     17.657  36.052185    11.5465    4.47164     17.509    31.5516    23.9952 0.0000e+00
 158.513484     18.030  36.055872    11.4949    4.49557     17.879    31.5991    24.0413 0.0000e+00
 158.513490     18.384  36.063178    11.4294    4.50854     18.230    31.6621    24.1020 0.0000e+00
 158.513495     18.713  36.074296    11.3729    4.52351     18.556    31.7212    24.1580 0.0000e+00
 158.513501     19.002  36.083841    11.3458    4.53507     18.843    31.7537    24.1881 0.0000e+00
 158.513507     19.245  36.088811    11.3480    4.54838     19.083    31.7566    24.1900 0.0000e+00
 158.513513     19.445  36.090767    11.3667    4.56545     19.282    31.7424    24.1756 0.0000e+00
 158.513519     19.600  36.090624    11.3917    4.55757     19.435    31.7207    24.1543 -9.990e-29
 158.513524     19.708  36.089307    11.4143    4.55211     19.543    31.7000    24.1341 -9.990e-29
 158.513530     19.776  36.087861    11.4244    4.55011     19.610    31.6899    24.1245 -9.990e-29
 158.513536     19.813  36.086042    11.4225    4.54615     19.647    31.6897    24.1247 -9.990e-29
 158.513542     19.820  36.084225    11.4203    4.53260     19.654    31.6898    24.1252 -9.990e-29
 158.513547     19.807  36.082789    11.4186    4.53160     19.641    31.6899    24.1255 -9.990e-29
 158.513553     19.791  36.081494    11.4050    4.53723     19.625    31.7003    24.1360 -9.990e-29
 158.513559     19.782  36.081413    11.3765    4.53227     19.616    31.7247    24.1601 -9.990e-29
 158.513565     19.785  36.082995    11.3466    4.53371     19.619    31.7519    24.1866 -9.990e-29
 158.513571     19.800  36.085538    11.3262    4.52527     19.634    31.7719    24.2058 -9.990e-29
 158.513576     19.827  36.087934    11.3125    4.52909     19.661    31.7861    24.2192 -9.990e-29
 158.513582     19.869  36.088316    11.3007    4.53771     19.702    31.7966    24.2295 -9.990e-29
 158.513588     19.924  36.086625    11.2918    4.52775     19.757    31.8026    24.2357 -9.990e-29
 158.513594     19.982  36.085646    11.2880    4.52825     19.814    31.8049    24.2382 -9.990e-29
 158.513600     20.026  36.086871    11.2889    4.52949     19.858    31.8053    24.2383 -9.990e-29
 158.513605     20.042  36.089119    11.2909    4.53413     19.874    31.8057    24.2383 -9.990e-29
 158.513611     20.035  36.090330    11.2912    4.54149     19.867    31.8067    24.2390 -9.990e-29
 158.513617     20.021  36.089309    11.2892    4.53386     19.853    31.8074    24.2399 -9.990e-29
 158.513623     20.013  36.086933    11.2858    4.53324     19.845    31.8080    24.2410 -9.990e-29
 158.513628     20.009  36.084518    11.2834    4.52648     19.841    31.8077    24.2412 -9.990e-29
 158.513634     20.002  36.083887    11.2836    4.53361     19.834    31.8069    24.2405 -9.990e-29
 158.513640     19.986  36.085313    11.2855    4.53879     19.818    31.8067    24.2400 -9.990e-29
 158.513646     19.960  36.086762    11.2872    4.54047     19.792    31.8067    24.2397 -9.990e-29
 158.513652     19.932  36.086795    11.2872    4.52886     19.765    31.8067    24.2397 -9.990e-29
 158.513657     19.916  36.084892    11.2861    4.52857     19.749    31.8058    24.2392 -9.990e-29
 158.513663     19.921  36.082435    11.2847    4.53159     19.754    31.8046    24.2385 -9.990e-29
 158.513669     19.942  36.081191    11.2839    4.53507     19.775    31.8041    24.2383 -9.990e-29
 158.513675     19.967  36.081177    11.2838    4.53389     19.799    31.8041    24.2383 -9.990e-29
 158.513681     19.985  36.081807    11.2845    4.53650     19.817    31.8041    24.2382 -9.990e-29
 158.513686     19.990  36.082792    11.2857    4.53832     19.822    31.8040    24.2379 -9.990e-29
 158.513692     19.982  36.083755    11.2867    4.54005     19.814    31.8041    24.2378 -9.990e-29
 158.513698     19.971  36.083733    11.2868    4.53399     19.803    31.8040    24.2377 -9.990e-29
 158.513704     19.968  36.082692    11.2862    4.52899     19.800    31.8035    24.2374 -9.990e-29
 158.513709     19.971  36.082041    11.2856    4.52973     19.803    31.8034    24.2374 -9.990e-29
 158.513715     19.985  36.082030    11.2852    4.53146     19.817    31.8037    24.2378 -9.990e-29
 158.513721     20.014  36.081515    11.2845    4.53478     19.846    31.8038    24.2380 -9.990e-29
 158.513727     20.057  36.080927    11.2836    4.54250     19.889    31.8040    24.2383 -9.990e-29
 158.513733     20.104  36.081532    11.2828    4.54409     19.935    31.8053    24.2394 -9.990e-29
 158.513738     20.139  36.083011    11.2820    4.53733     19.970    31.8074    24.2412 -9.990e-29
 158.513744     20.158  36.084336    11.2812    4.54065     19.989    31.8094    24.2429 -9.990e-29
 158.513750     20.161  36.085021    11.2803    4.54006     19.992    31.8108    24.2442 -9.990e-29
 158.513756     20.153  36.085225    11.2798    4.54956     19.984    31.8115    24.2447 -9.990e-29
 158.513762     20.142  36.085212    11.2801    4.53788     19.973    31.8112    24.2445 -9.990e-29
 158.513767     20.131  36.084961    11.2807    4.53180     19.962    31.8104    24.2438 -9.990e-29
 158.513773     20.123  36.084129    11.2814    4.53016     19.954    31.8090    24.2426 -9.990e-29
 158.513779     20.128  36.082725    11.2823    4.53037     19.959    31.8069    24.2407 -9.990e-29
 158.513785     20.149  36.081676    11.2831    4.54667     19.980    31.8051    24.2392 -9.990e-29
 158.513791     20.188  36.081260    11.2839    4.53718     20.019    31.8040    24.2382 -9.990e-29
 158.513796     20.248  36.080917    11.2842    4.54485     20.078    31.8034    24.2377 -9.990e-29
 158.513802     20.327  36.080744    11.2838    4.55187     20.156    31.8035    24.2379 -9.990e-29
 158.513808     20.423  36.081066    11.2829    4.54220     20.252    31.8046    24.2389 -9.990e-29
 158.513814     20.536  36.081744    11.2817    4.52846     20.364    31.8062    24.2404 -9.990e-29
 158.513819     20.671  36.082554    11.2801    4.49659     20.497    31.8084    24.2423 0.0000e+00
 158.513825     20.826  36.083446    11.2758    4.46257     20.651    31.8129    24.2466 0.0000e+00
 158.513831     21.009  36.084482    11.2646    4.43013     20.833    31.8235    24.2568 0.0000e+00
 158.513837     21.229  36.086474    11.2411    4.37688     21.051    31.8456    24.2782 0.0000e+00
 158.513843     21.493  36.089269    11.1967    4.27165     21.313    31.8867    24.3180 0.0000e+00
 158.513848     21.792  36.085366    11.1300    4.14295     21.609    31.9405    24.3716 0.0000e+00
 158.513854     22.115  36.070673    11.0565    4.01132     21.929    31.9898    24.4229 0.0000e+00
 158.513860     22.457  36.054751    10.9905    3.91041     22.268    32.0315    24.4669 0.0000e+00
 158.513866     22.813  36.042155    10.9305    3.84531     22.621    32.0713    24.5084 0.0000e+00
 158.513872     23.185  36.028408    10.8574    3.78699     22.990    32.1215    24.5602 0.0000e+00
 158.513877     23.576  36.008064    10.7484    3.71444     23.378    32.1969    24.6378 0.0000e+00
 158.513883     23.980  35.975298    10.6047    3.66157     23.778    32.2910    24.7358 0.0000e+00
 158.513889     24.388  35.931839    10.4574    3.64169     24.183    32.3781    24.8288 0.0000e+00
 158.513895     24.797  35.891512    10.3410    3.64120     24.589    32.4412    24.8978 0.0000e+00
 158.513900     25.208  35.865578    10.2604    3.65851     24.996    32.4870    24.9471 0.0000e+00
 158.513906     25.615  35.848030    10.1969    3.64324     25.400    32.5260    24.9883 0.0000e+00
 158.513912     26.015  35.828343    10.1355    3.61431     25.796    32.5611    25.0260 0.0000e+00
 158.513918     26.408  35.802686    10.0760    3.59492     26.186    32.5886    25.0573 0.0000e+00
 158.513924     26.793  35.775535    10.0222    3.56790     26.568    32.6094    25.0825 0.0000e+00
 158.513929     27.173  35.752738     9.9649    3.54263     26.944    32.6379    25.1143 0.0000e+00
 158.513935     27.556  35.728561     9.8952    3.51809     27.324    32.6762    25.1557 0.0000e+00
 158.513941     27.943  35.698235     9.8172    3.49830     27.708    32.7160    25.1996 0.0000e+00
 158.513947     28.331  35.666182     9.7409    3.47206     28.093    32.7525    25.2406 0.0000e+00
 158.513953     28.708  35.636761     9.6770    3.45952     28.466    32.7805    25.2729 0.0000e+00
 158.513958     29.066  35.612785     9.6291    3.45984     28.821    32.7995    25.2956 0.0000e+00
 158.513964     29.396  35.595358     9.5947    3.43433     29.149    32.8129    25.3117 0.0000e+00
 158.513970     29.699  35.583660     9.5699    3.43085     29.449    32.8235    25.3240 0.0000e+00
 158.513976     29.977  35.576102     9.5519    3.43379     29.725    32.8321    25.3336 0.0000e+00
 158.513981     30.225  35.571008     9.5400    3.45188     29.971    32.8376    25.3399 0.0000e+00
 158.513987     30.435  35.567742     9.5335    3.47886     30.179    32.8401    25.3429 0.0000e+00
 158.513993     30.593  35.566987     9.5327    3.47261     30.335    32.8400    25.3429 -9.990e-29
 158.513999     30.684  35.569973     9.5388    3.47936     30.426    32.8375    25.3400 -9.990e-29
 158.514005     30.701  35.577305     9.5521    3.48538     30.443    32.8328    25.3342 -9.990e-29
 158.514010     30.649  35.587533     9.5758    3.49400     30.391    32.8216    25.3216 -9.990e-29
 158.514016     30.538  35.598025     9.6041    3.51394     30.281    32.8066    25.3052 -9.990e-29
 158.514022     30.386  35.604821     9.6164    3.50039     30.130    32.8024    25.2999 0.0000e+00
 158.514028     30.223  35.602398     9.6061    3.49703     29.969    32.8094    25.3071 0.0000e+00
 158.514034     30.072  35.592576     9.5876    3.50260     29.819    32.8163    25.3155 0.0000e+00
 158.514039     29.937  35.584132     9.5765    3.52130     29.685    32.8178    25.3185 0.0000e+00
 158.514045     29.808  35.583187     9.5784    3.54154     29.557    32.8152    25.3161 0.0000e+00
 158.514051     29.678  35.588471     9.5871    3.55031     29.428    32.8127    25.3128 0.0000e+00
 158.514057     29.546  35.593558     9.5968    3.55273     29.297    32.8091    25.3084 -9.990e-29
 158.514062     29.422  35.596814     9.6067    3.56221     29.174    32.8034    25.3023 -9.990e-29
 158.514068     29.315  35.599775     9.6153    3.57708     29.068    32.7987    25.2972 -9.990e-29
 158.514074     29.235  35.601898     9.6233    3.58440     28.989    32.7936    25.2919 -9.990e-29
 158.514080     29.186  35.603205     9.6328    3.57931     28.940    32.7863    25.2847 -9.990e-29
 158.514086     29.160  35.604873     9.6415    3.57771     28.915    32.7800    25.2784 -9.990e-29
 158.514091     29.147  35.606878     9.6461    3.56116     28.902    32.7779    25.2760 -9.990e-29
 158.514097     29.142  35.607400     9.6478    3.56366     28.897    32.7769    25.2749 -9.990e-29
 158.514103     29.140  35.606571     9.6495    3.56452     28.895    32.7745    25.2728 -9.990e-29
 158.514109     29.132  35.606645     9.6508    3.56366     28.887    32.7734    25.2717 -9.990e-29
 158.514115     29.119  35.607715     9.6497    3.55844     28.874    32.7755    25.2735 -9.990e-29
 158.514120     29.108  35.607273     9.6454    3.54446     28.863    32.7790    25.2769 -9.990e-29
 158.514126     29.102  35.604166     9.6388    3.53506     28.857    32.7818    25.2802 -9.990e-29
 158.514132     29.100  35.599854     9.6311    3.54375     28.855    32.7844    25.2835 -9.990e-29
 158.514138     29.104  35.596434     9.6248    3.55238     28.859    32.7867    25.2863 -9.990e-29
 158.514144     29.113  35.594947     9.6228    3.54235     28.868    32.7870    25.2869 -9.990e-29
 158.514149     29.128  35.595084     9.6219    3.53126     28.883    32.7879    25.2877 -9.990e-29
 158.514155     29.149  35.594778     9.6175    3.50966     28.904    32.7916    25.2913 -9.990e-29
 158.514161     29.179  35.591373     9.6107    3.51881     28.933    32.7943    25.2946 -9.990e-29
