data/oxygen options/ONMS/Olympic_Coast_National_Marine_Sanctuary_Hypoxia_Survey_CTD_Data_2004_2015/raw_data/2006/CTD_TH070_071806faed.cnv
* Sea-Bird SBE19 Data File:
* FileName = C:\Hypoxia Data\CTD_TH070_071806.hex
* Software Version 1.1.8
* Temperature SN = 2997
* Conductivity SN = 2997
* System UpLoad Time = Jul 18 2006 14:11:00
* SEACAT PROFILER V3.1c SN 2997   07/18/06  14:10:09.285
* strain gauge pressure sensor: S/N = 184829,  range = 3000 psia,  tc = 40
# nquan = 9                                 
# nvalues = 1181                        
# units = specified
# name 0 = timeJ: Julian Days
# name 1 = prSM: Pressure, Strain Gauge [db]
# name 2 = c0mS/cm: Conductivity [mS/cm]
# name 3 = t090C: Temperature [ITS-90, deg C]
# name 4 = oxML/L: Oxygen, Beckman/YSI [ml/l]
# name 5 = depSM: Depth [salt water, m], lat = 47.5
# name 6 = sal00: Salinity, Practical [PSU]
# name 7 = sigma-é00: Density [sigma-theta, kg/m^3]
# name 8 = flag: flag
# span 0 = 199.582176, 199.589005       
# span 1 =     -1.494,     69.679       
# span 2 =   3.583129,  38.555193       
# span 3 =     7.6133,    14.2957       
# span 4 =   -0.05788,   33.25619       
# span 5 =     -1.482,     69.086       
# span 6 =     2.4470,    33.8126       
# span 7 =     1.1652,    26.3984       
# span 8 = 0.0000e+00, 0.0000e+00       
# interval = seconds: 0.5
# start_time = Jul 18 2006 13:58:20 [Instrument's time stamp, header]
# bad_flag = -9.990e-29
*END*
[from data line 1121]
 199.588663     16.771  34.901178     9.3186    5.58380     16.630    32.3567    24.9992 0.0000e+00
 199.588669     16.275  34.945735     9.3630    5.57469     16.139    32.3626    24.9968 0.0000e+00
 199.588675     15.774  34.984846     9.4208    5.54543     15.642    32.3508    24.9783 0.0000e+00
 199.588681     15.256  35.016269     9.5054    5.55136     15.128    32.3069    24.9305 0.0000e+00
 199.588686     14.727  35.066768     9.5971    5.58658     14.604    32.2762    24.8918 0.0000e+00
 199.588692     14.205  35.133022     9.6691    5.64965     14.086    32.2795    24.8827 0.0000e+00
 199.588698     13.700  35.194030     9.7180    5.68265     13.585    32.2980    24.8892 0.0000e+00
 199.588704     13.209  35.247034     9.7535    5.65551     13.098    32.3203    24.9009 0.0000e+00
 199.588709     12.722  35.280839     9.7902    5.64844     12.615    32.3220    24.8962 0.0000e+00
 199.588715     12.226  35.296779     9.8424    5.69032     12.124    32.2916    24.8639 0.0000e+00
 199.588721     11.715  35.323966     9.9049    5.77910     11.617    32.2635    24.8317 0.0000e+00
 199.588727     11.200  35.370612     9.9596    5.87010     11.106    32.2621    24.8216 0.0000e+00
 199.588733     10.698  35.426577     9.9973    5.96149     10.608    32.2854    24.8335 0.0000e+00
 199.588738     10.216  35.474516    10.0249    6.01531     10.130    32.3094    24.8477 0.0000e+00
 199.588744      9.741  35.498156    10.0713    6.01529      9.659    32.2921    24.8265 0.0000e+00
 199.588750      9.261  35.525100    10.1731    6.05032      9.184    32.2288    24.7601 0.0000e+00
 199.588756      8.773  35.588470    10.3227    6.08060      8.700    32.1600    24.6814 0.0000e+00
 199.588762      8.286  35.685271    10.4600    6.16407      8.217    32.1358    24.6393 0.0000e+00
 199.588767      7.811  35.792034    10.5485    6.32617      7.746    32.1646    24.6467 0.0000e+00
 199.588773      7.358  35.883440    10.6064    6.37718      7.296    32.2049    24.6682 0.0000e+00
 199.588779      6.922  35.949583    10.6721    6.36995      6.864    32.2131    24.6632 0.0000e+00
 199.588785      6.494  35.996776    10.7814    6.41442      6.440    32.1639    24.6060 0.0000e+00
 199.588791      6.071  36.048684    10.9465    6.64050      6.020    32.0708    24.5048 0.0000e+00
 199.588796      5.661  36.138069    11.1469    6.94656      5.614    31.9844    24.4024 0.0000e+00
 199.588802      5.272  36.304478    11.3665    7.01038      5.228    31.9574    24.3424 0.0000e+00
 199.588808      4.909  36.553861    11.5945    6.68651      4.868    32.0038    24.3374 0.0000e+00
 199.588814      4.571  36.761025    11.8129    6.49593      4.533    32.0168    24.3077 0.0000e+00
 199.588819      4.254  36.848256    12.0727    6.40904      4.218    31.8784    24.1523 0.0000e+00
 199.588825      3.958  36.962198    12.3802    6.48208      3.925    31.7265    23.9770 0.0000e+00
 199.588831      3.694  37.184115    12.6160    6.73805      3.663    31.7388    23.9418 0.0000e+00
 199.588837      3.476  37.381887    12.6598    6.75485      3.447    31.8896    24.0502 0.0000e+00
 199.588843      3.303  37.362591    12.4961    6.74451      3.275    32.0103    24.1750 0.0000e+00
 199.588848      3.160  37.153281    12.3244    6.70471      3.134    31.9568    24.1660 0.0000e+00
 199.588854      3.033  37.038161    12.2937    6.49548      3.008    31.8728    24.1067 -9.990e-29
 199.588860      2.919  37.102129    12.3445    6.38790      2.895    31.8908    24.1111 -9.990e-29
 199.588866      2.818  37.244741    12.4360    6.49585      2.794    31.9493    24.1391 -9.990e-29
 199.588872      2.729  37.400319    12.5313    6.52781      2.706    32.0165    24.1731 -9.990e-29
 199.588877      2.641  37.492989    12.5778    6.46849      2.619    32.0652    24.2019 -9.990e-29
 199.588883      2.541  37.558812    12.6027    6.35999      2.520    32.1066    24.2292 -9.990e-29
 199.588889      2.417  37.641808    12.6663    6.24470      2.397    32.1313    24.2362 -9.990e-29
 199.588895      2.267  37.673662    12.8395    6.78462      2.248    32.0144    24.1122 0.0000e+00
 199.588900      2.094  37.674962    13.2050    7.20452      2.077    31.7084    23.8041 0.0000e+00
 199.588906      1.903  37.793883    13.6900    6.72155      1.887    31.4179    23.4833 0.0000e+00
 199.588912      1.704  38.085766    14.0749    6.88981      1.690    31.3722    23.3701 0.0000e+00
 199.588918      1.515  38.375386    14.2550    6.72992      1.502    31.4906    23.4244 0.0000e+00
 199.588924      1.352  38.423357    14.2957    6.63225      1.341    31.5013    23.4242 0.0000e+00
 199.588929      1.223  38.168023    14.2792    6.59666      1.213    31.2818    23.2583 -9.990e-29
 199.588935      1.125  37.684768    14.2405    6.55975      1.116    30.8724    22.9506 -9.990e-29
 199.588941      1.050  36.890369    14.1929    6.57370      1.041    30.1870    22.4319 -9.990e-29
 199.588947      0.994  35.121186    14.1408    6.50525      0.986    28.6228    21.2369 -9.990e-29
 199.588953      0.953  30.204573    14.0862 -9.990e-29      0.945    24.2606    17.8892 -9.990e-29
 199.588958      0.925  21.569726    14.0337 -9.990e-29      0.917    16.7888    12.1564 -9.990e-29
 199.588964      0.908  14.204136    13.9873 -9.990e-29      0.900    10.6698     7.4662 -9.990e-29
 199.588970      0.897  10.328045    13.9458 -9.990e-29      0.890     7.5692     5.0910 -9.990e-29
 199.588976      0.886   6.989074    13.9074 -9.990e-29      0.879     4.9796     3.1053 -9.990e-29
 199.588981      0.876   4.475306    13.8730 -9.990e-29      0.869     3.0958     1.6591 -9.990e-29
 199.588987      0.865   3.630084    13.8452 -9.990e-29      0.858     2.4799     1.1878 -9.990e-29
 199.588993      0.857   3.583129    13.8263 -9.990e-29      0.850     2.4470     1.1652 -9.990e-29
 199.588999      0.855   3.902835    13.8193 -9.990e-29      0.848     2.6800     1.3460 -9.990e-29
 199.589005      0.856   4.291964 -9.990e-29 -9.990e-29      0.849 -9.990e-29 -9.990e-29 -9.990e-29
