data/oxygen options/ONMS/Olympic_Coast_National_Marine_Sanctuary_Hypoxia_Survey_CTD_Data_2004_2015/raw_data/2006/CTD_TH090_062006faed.cnv
* Sea-Bird SBE19 Data File:
* FileName = C:\Hypoxia Data\CTD_TH090_062006.hex
* Software Version 1.1.8
* Temperature SN = 2997
* Conductivity SN = 2997
* System UpLoad Time = Jun 20 2006 11:34:14
* SEACAT PROFILER V3.1c SN 2997   06/20/06  11:33:16.840
* strain gauge pressure sensor: S/N = 184829,  range = 3000 psia,  tc = 40
# nquan = 9                                 
# nvalues = 840                         
# units = specified
# name 0 = timeJ: Julian Days
# name 1 = prSM: Pressure, Strain Gauge [db]
# name 2 = c0mS/cm: Conductivity [mS/cm]
# name 3 = t090C: Temperature [ITS-90, deg C]
# name 4 = oxML/L: Oxygen, Beckman/YSI [ml/l]
# name 5 = depSM: Depth [salt water, m], lat = 47.5
# name 6 = sal00: Salinity, Practical [PSU]
# name 7 = sigma-é00: Density [sigma-theta, kg/m^3]
# name 8 = flag: flag
# span 0 = 171.464757, 171.469612       
# span 1 =     -5.120,     78.030       
# span 2 =   0.585510,  39.884851       
# span 3 =     7.9471,    14.2573       
# span 4 =   -0.73579,   32.47876       
# span 5 =     -5.077,     77.364       
# span 6 =     0.3706,    33.8180       
# span 7 =    -0.3808,    26.3541       
# span 8 = 0.0000e+00, 0.0000e+00       
# interval = seconds: 0.5
# start_time = Jun 20 2006 11:09:15 [Instrument's time stamp, header]
# bad_flag = -9.990e-29
*END*
[from data line 481]
 171.467541     13.459  36.525922    11.2328    6.74541     13.346    32.2876    24.6231 0.0000e+00
 171.467546     13.990  36.452010    11.1653    6.72825     13.873    32.2738    24.6244 0.0000e+00
 171.467552     14.511  36.398852    11.1206    6.69069     14.389    32.2604    24.6219 0.0000e+00
 171.467558     15.020  36.361751    11.0849    6.65618     14.894    32.2550    24.6240 0.0000e+00
 171.467564     15.525  36.331437    11.0425    6.64142     15.395    32.2621    24.6370 0.0000e+00
 171.467569     16.028  36.302269    10.9862    6.63606     15.894    32.2825    24.6628 0.0000e+00
 171.467575     16.531  36.270487    10.9197    6.63434     16.392    32.3094    24.6954 0.0000e+00
 171.467581     17.040  36.230143    10.8422    6.64257     16.897    32.3375    24.7309 0.0000e+00
 171.467587     17.558  36.173778    10.7552    6.66358     17.411    32.3582    24.7621 0.0000e+00
 171.467593     18.082  36.104175    10.6756    6.69587     17.930    32.3592    24.7766 0.0000e+00
 171.467598     18.613  36.036757    10.6124    6.70005     18.457    32.3478    24.7786 0.0000e+00
 171.467604     19.145  35.976956    10.5531    6.70404     18.984    32.3404    24.7831 0.0000e+00
 171.467610     19.670  35.915113    10.4881    6.69263     19.505    32.3360    24.7908 0.0000e+00
 171.467616     20.183  35.855121    10.4261    6.68416     20.014    32.3308    24.7973 0.0000e+00
 171.467622     20.685  35.811756    10.3745    6.68342     20.511    32.3330    24.8077 0.0000e+00
 171.467627     21.188  35.784375    10.3312    6.65690     21.010    32.3438    24.8235 0.0000e+00
 171.467633     21.703  35.762234    10.2915    6.64867     21.521    32.3567    24.8403 0.0000e+00
 171.467639     22.231  35.738217    10.2523    6.65152     22.044    32.3673    24.8551 0.0000e+00
 171.467645     22.768  35.711682    10.2077    6.66369     22.577    32.3801    24.8726 0.0000e+00
 171.467650     23.314  35.678066    10.1523    6.63690     23.118    32.3955    24.8939 0.0000e+00
 171.467656     23.873  35.635147    10.0937    6.56781     23.672    32.4044    24.9106 0.0000e+00
 171.467662     24.435  35.592416    10.0407    6.50985     24.230    32.4084    24.9226 0.0000e+00
 171.467668     24.978  35.552320     9.9973    6.45162     24.768    32.4065    24.9283 0.0000e+00
 171.467674     25.496  35.509596     9.9667    6.43254     25.282    32.3904    24.9208 0.0000e+00
 171.467679     25.995  35.465016     9.9270    6.43783     25.776    32.3806    24.9197 0.0000e+00
 171.467685     26.490  35.419126     9.8408    6.42352     26.267    32.4112    24.9578 0.0000e+00
 171.467691     26.991  35.358386     9.7194    6.39561     26.764    32.4585    25.0146 0.0000e+00
 171.467697     27.503  35.281992     9.6125    6.36012     27.272    32.4768    25.0462 0.0000e+00
 171.467703     28.031  35.217048     9.5399    6.33002     27.795    32.4758    25.0571 0.0000e+00
 171.467708     28.568  35.173382     9.4926    6.29437     28.328    32.4736    25.0631 0.0000e+00
 171.467714     29.110  35.142646     9.4643    6.27439     28.865    32.4675    25.0628 0.0000e+00
 171.467720     29.658  35.123646     9.4480    6.26822     29.408    32.4625    25.0616 0.0000e+00
 171.467726     30.208  35.112888     9.4351    6.27191     29.954    32.4629    25.0639 0.0000e+00
 171.467731     30.752  35.104411     9.4225    6.28990     30.493    32.4654    25.0679 0.0000e+00
 171.467737     31.285  35.095859     9.4077    6.29567     31.022    32.4698    25.0737 0.0000e+00
 171.467743     31.809  35.085895     9.3904    6.28285     31.541    32.4750    25.0806 0.0000e+00
 171.467749     32.317  35.074108     9.3750    6.27042     32.045    32.4767    25.0843 0.0000e+00
 171.467755     32.804  35.066065     9.3641    6.26588     32.528    32.4781    25.0871 0.0000e+00
 171.467760     33.275  35.063912     9.3552    6.27368     32.995    32.4837    25.0930 0.0000e+00
 171.467766     33.746  35.059141     9.3453    6.28667     33.462    32.4876    25.0976 0.0000e+00
 171.467772     34.235  35.049852     9.3343    6.29246     33.946    32.4878    25.0995 0.0000e+00
 171.467778     34.747  35.041021     9.3228    6.29171     34.454    32.4890    25.1022 0.0000e+00
 171.467784     35.277  35.032625     9.3124    6.28755     34.980    32.4895    25.1043 0.0000e+00
 171.467789     35.814  35.024099     9.3052    6.27621     35.512    32.4870    25.1036 0.0000e+00
 171.467795     36.351  35.017507     9.3013    6.28107     36.044    32.4836    25.1015 0.0000e+00
 171.467801     36.879  35.013565     9.2989    6.28003     36.568    32.4814    25.1002 0.0000e+00
 171.467807     37.394  35.011476     9.2960    6.26010     37.079    32.4817    25.1009 0.0000e+00
 171.467813     37.896  35.010111     9.2909    6.23134     37.576    32.4847    25.1040 0.0000e+00
 171.467818     38.394  35.007623     9.2838    6.21363     38.070    32.4884    25.1080 0.0000e+00
 171.467824     38.889  35.003475     9.2751    6.19574     38.561    32.4918    25.1121 0.0000e+00
 171.467830     39.382  34.998279     9.2646    6.19806     39.050    32.4958    25.1169 0.0000e+00
 171.467836     39.878  34.991811     9.2519    6.20854     39.541    32.5004    25.1225 0.0000e+00
 171.467841     40.380  34.982710     9.2358    6.20427     40.039    32.5055    25.1290 0.0000e+00
 171.467847     40.880  34.968350     9.2169    6.20929     40.535    32.5076    25.1337 0.0000e+00
 171.467853     41.369  34.950308     9.1997    6.19772     41.020    32.5045    25.1339 0.0000e+00
 171.467859     41.834  34.935905     9.1894    6.16616     41.481    32.4988    25.1311 0.0000e+00
 171.467865     42.266  34.930586     9.1895    6.12449     41.909    32.4930    25.1266 0.0000e+00
 171.467870     42.671  34.934520     9.1950    6.09301     42.310    32.4918    25.1248 0.0000e+00
 171.467876     43.071  34.941148     9.1948    6.05908     42.707    32.4987    25.1302 0.0000e+00
 171.467882     43.486  34.942458     9.1796    6.00547     43.119    32.5137    25.1444 0.0000e+00
 171.467888     43.931  34.930641     9.1457    5.94827     43.560    32.5322    25.1642 0.0000e+00
 171.467894     44.408  34.903379     9.0946    5.90079     44.033    32.5505    25.1864 0.0000e+00
 171.467899     44.909  34.868602     9.0368    5.85749     44.529    32.5670    25.2084 0.0000e+00
 171.467905     45.422  34.837674     8.9932    5.83105     45.038    32.5746    25.2212 0.0000e+00
 171.467911     45.938  34.821482     8.9711    5.80724     45.550    32.5778    25.2271 0.0000e+00
 171.467917     46.451  34.818030     8.9596    5.76763     46.058    32.5845    25.2342 0.0000e+00
 171.467922     46.960  34.818757     8.9495    5.73522     46.563    32.5943    25.2434 0.0000e+00
 171.467928     47.462  34.821237     8.9390    5.71117     47.060    32.6063    25.2544 0.0000e+00
 171.467934     47.955  34.824265     8.9280    5.70389     47.549    32.6193    25.2663 0.0000e+00
 171.467940     48.441  34.826243     8.9150    5.69903     48.031    32.6331    25.2791 0.0000e+00
 171.467946     48.924  34.824172     8.8972    5.70428     48.510    32.6471    25.2928 0.0000e+00
 171.467951     49.401  34.813582     8.8735    5.70249     48.983    32.6577    25.3047 0.0000e+00
 171.467957     49.861  34.793227     8.8511    5.68780     49.439    32.6569    25.3076 0.0000e+00
 171.467963     50.293  34.774074     8.8381    5.66721     49.867    32.6487    25.3032 0.0000e+00
 171.467969     50.699  34.767008     8.8300    5.64628     50.270    32.6486    25.3043 0.0000e+00
 171.467975     51.092  34.762018     8.8163    5.62592     50.659    32.6558    25.3121 0.0000e+00
 171.467980     51.490  34.750182     8.7966    5.61034     51.054    32.6614    25.3195 0.0000e+00
 171.467986     51.903  34.738128     8.7749    5.59524     51.463    32.6686    25.3285 0.0000e+00
 171.467992     52.333  34.727144     8.7506    5.58730     51.890    32.6794    25.3407 0.0000e+00
 171.467998     52.777  34.713772     8.7249    5.55308     52.330    32.6889    25.3521 0.0000e+00
 171.468003     53.238  34.702589     8.7032    5.48451     52.787    32.6970    25.3618 0.0000e+00
 171.468009     53.719  34.701088     8.6898    5.39518     53.264    32.7076    25.3721 0.0000e+00
 171.468015     54.221  34.710605     8.6859    5.31366     53.761    32.7210    25.3832 0.0000e+00
 171.468021     54.737  34.732019     8.6937    5.23015     54.273    32.7359    25.3937 0.0000e+00
 171.468027     55.257  34.772543     8.7137    5.15763     54.788    32.7596    25.4092 0.0000e+00
 171.468032     55.772  34.826174     8.7372    5.08866     55.299    32.7937    25.4323 0.0000e+00
 171.468038     56.272  34.874095     8.7535    5.04999     55.795    32.8285    25.4571 0.0000e+00
 171.468044     56.749  34.906706     8.7606    5.01265     56.268    32.8558    25.4774 0.0000e+00
 171.468050     57.209  34.925403     8.7653    4.95372     56.724    32.8708    25.4884 0.0000e+00
 171.468056     57.659  34.941071     8.7671    4.88740     57.170    32.8853    25.4995 0.0000e+00
 171.468061     58.103  34.952705     8.7571    4.80168     57.610    32.9066    25.5177 0.0000e+00
 171.468067     58.546  34.951111     8.7374    4.71664     58.049    32.9230    25.5336 0.0000e+00
 171.468073     58.997  34.945920     8.7184    4.61437     58.496    32.9350    25.5459 0.0000e+00
 171.468079     59.457  34.949254     8.6968    4.51021     58.952    32.9584    25.5676 0.0000e+00
 171.468084     59.931  34.953749     8.6573    4.43094     59.422    32.9997    25.6060 0.0000e+00
 171.468090     60.418  34.941253     8.5983    4.37178     59.905    33.0415    25.6477 0.0000e+00
 171.468096     60.907  34.909100     8.5372    4.33945     60.390    33.0647    25.6751 0.0000e+00
 171.468102     61.381  34.876083     8.4905    4.32711     60.860    33.0734    25.6891 0.0000e+00
 171.468108     61.837  34.857031     8.4627    4.31453     61.312    33.0792    25.6978 0.0000e+00
 171.468113     62.270  34.849502     8.4543    4.32497     61.741    33.0790    25.6989 0.0000e+00
 171.468119     62.668  34.849592     8.4654    4.31960     62.136    33.0685    25.6890 0.0000e+00
 171.468125     63.032  34.857950     8.4837    4.28512     62.496    33.0599    25.6796 0.0000e+00
 171.468131     63.374  34.868869     8.4910    4.22066     62.835    33.0645    25.6820 0.0000e+00
 171.468137     63.723  34.873331     8.4784    4.12189     63.181    33.0808    25.6967 0.0000e+00
 171.468142     64.100  34.869974     8.4440    3.99851     63.555    33.1094    25.7243 0.0000e+00
 171.468148     64.515  34.865519     8.3974    3.83746     63.967    33.1483    25.7619 0.0000e+00
 171.468154     64.970  34.869144     8.3576    3.66255     64.418    33.1894    25.8001 0.0000e+00
 171.468160     65.455  34.886211     8.3326    3.48168     64.898    33.2308    25.8363 0.0000e+00
 171.468166     65.958  34.924295     8.3145    3.29854     65.397    33.2880    25.8839 0.0000e+00
 171.468171     66.472  34.975251     8.2908    3.12215     65.907    33.3643    25.9472 0.0000e+00
 171.468177     66.996  35.012205     8.2568    2.94476     66.426    33.4355    26.0082 0.0000e+00
 171.468183     67.521  35.033922     8.2106    2.78847     66.947    33.5024    26.0676 0.0000e+00
 171.468189     68.038  35.053063     8.1529    2.67431     67.459    33.5776    26.1352 0.0000e+00
 171.468194     68.543  35.069877     8.0958    2.58824     67.960    33.6500    26.2005 0.0000e+00
 171.468200     69.033  35.082071     8.0524    2.54445     68.445    33.7046    26.2497 0.0000e+00
 171.468206     69.498  35.089600     8.0270    2.55423     68.906    33.7368    26.2789 0.0000e+00
 171.468212     69.935  35.093495     8.0167    2.56861     69.340    33.7507    26.2913 0.0000e+00
 171.468218     70.336  35.094989     8.0154    2.57699     69.737    33.7534    26.2936 0.0000e+00
 171.468223     70.702  35.095484     8.0206    2.55956     70.100    33.7487    26.2891 0.0000e+00
 171.468229     71.048  35.093931     8.0279    2.51473     70.443    33.7399    26.2811 0.0000e+00
 171.468235     71.390  35.091599     8.0262    2.47299     70.782    33.7389    26.2806 0.0000e+00
 171.468241     71.739  35.092649     8.0130    2.43857     71.128    33.7525    26.2933 0.0000e+00
 171.468247     72.104  35.095653     7.9977    2.43310     71.490    33.7703    26.3095 0.0000e+00
 171.468252     72.493  35.097863     7.9849    2.42331     71.875    33.7849    26.3228 0.0000e+00
 171.468258     72.904  35.099209     7.9750    2.42310     72.283    33.7957    26.3328 0.0000e+00
 171.468264     73.318  35.099791     7.9693    2.41687     72.693    33.8016    26.3383 0.0000e+00
 171.468270     73.728  35.099639     7.9667    2.40825     73.100    33.8038    26.3404 0.0000e+00
 171.468275     74.134  35.099124     7.9648    2.40272     73.502    33.8049    26.3415 0.0000e+00
 171.468281     74.536  35.099078     7.9632    2.39820     73.901    33.8062    26.3428 0.0000e+00
 171.468287     74.935  35.099460     7.9616    2.39405     74.296    33.8079    26.3444 0.0000e+00
 171.468293     75.330  35.099678     7.9600    2.38620     74.688    33.8095    26.3459 0.0000e+00
 171.468299     75.716  35.099480     7.9584    2.38500     75.070    33.8107    26.3470 0.0000e+00
 171.468304     76.084  35.099184     7.9568    2.38129     75.435    33.8117    26.3481 0.0000e+00
 171.468310     76.422  35.098978     7.9560    2.38692     75.770    33.8121    26.3485 0.0000e+00
 171.468316     76.718  35.099165     7.9572    2.39160     76.064    33.8110    26.3475 0.0000e+00
 171.468322     76.965  35.100576     7.9603    2.39256     76.308    33.8094    26.3458 0.0000e+00
 171.468328     77.171  35.103432     7.9635    2.38299     76.513    33.8093    26.3452 0.0000e+00
 171.468333     77.351  35.105953     7.9638    2.36633     76.691    33.8116    26.3470 0.0000e+00
 171.468339     77.524  35.105355     7.9601    2.35012     76.863    33.8145    26.3498 0.0000e+00
 171.468345     77.694  35.101986     7.9544    2.35400     77.031    33.8163    26.3521 0.0000e+00
 171.468351     77.852  35.098667     7.9498    2.35737     77.188    33.8171    26.3534 -9.990e-29
 171.468356     77.972  35.096602     7.9473    2.35816     77.307    33.8173    26.3539 -9.990e-29
 171.468362     78.030  35.095862     7.9471    2.36487     77.364    33.8166    26.3534 -9.990e-29
 171.468368     77.997  35.096601     7.9481    2.35759     77.331    33.8165    26.3531 -9.990e-29
 171.468374     77.869  35.098141     7.9489    2.35286     77.205    33.8174    26.3537 0.0000e+00
 171.468380     77.663  35.099193     7.9496    2.34537     77.000    33.8180    26.3541 0.0000e+00
 171.468385     77.399  35.099502     7.9507    2.33654     76.739    33.8174    26.3534 0.0000e+00
 171.468391     77.095  35.099507     7.9519    2.34908     76.437    33.8163    26.3524 0.0000e+00
 171.468397     76.762  35.099238     7.9530    2.35758     76.107    33.8151    26.3513 0.0000e+00
 171.468403     76.408  35.098923     7.9541    2.36358     75.756    33.8139    26.3502 0.0000e+00
 171.468409     76.046  35.098729     7.9549    2.36551     75.397    33.8131    26.3495 0.0000e+00
 171.468414     75.681  35.098420     7.9550    2.35261     75.036    33.8129    26.3492 0.0000e+00
 171.468420     75.318  35.097611     7.9548    2.35968     74.676    33.8124    26.3489 0.0000e+00
 171.468426     74.953  35.096368     7.9547    2.34351     74.314    33.8113    26.3480 0.0000e+00
 171.468432     74.581  35.095864     7.9551    2.35034     73.945    33.8105    26.3474 0.0000e+00
 171.468437     74.200  35.096572     7.9561    2.35395     73.568    33.8105    26.3472 0.0000e+00
 171.468443     73.811  35.097214     7.9577    2.36283     73.182    33.8098    26.3464 0.0000e+00
 171.468449     73.414  35.096991     7.9593    2.37146     72.788    33.8082    26.3449 0.0000e+00
 171.468455     73.016  35.096189     7.9605    2.37584     72.394    33.8064    26.3433 0.0000e+00
