data/oxygen options/ONMS/Olympic_Coast_National_Marine_Sanctuary_Hypoxia_Survey_CTD_Data_2004_2015/raw_data/2006/CTD_TH040_060706faed.cnv
* Sea-Bird SBE19 Data File:
* FileName = C:\Hypoxia_Data_2006\CTD_TH040_060706.hex
* Software Version 1.1.6
* Temperature SN = 2997
* Conductivity SN = 2997
* System UpLoad Time = Jun 07 2006 11:50:34
* SEACAT PROFILER V3.1c SN 2997   06/07/06  11:49:55.081
* strain gauge pressure sensor: S/N = 184829,  range = 3000 psia,  tc = 40
# nquan = 9                                 
# nvalues = 602                         
# units = specified
# name 0 = timeJ: Julian Days
# name 1 = prSM: Pressure, Strain Gauge [db]
# name 2 = c0mS/cm: Conductivity [mS/cm]
# name 3 = t090C: Temperature [ITS-90, deg C]
# name 4 = oxML/L: Oxygen, Beckman/YSI [ml/l]
# name 5 = depSM: Depth [salt water, m], lat = 47.5
# name 6 = sal00: Salinity, Practical [PSU]
# name 7 = sigma-é00: Density [sigma-theta, kg/m^3]
# name 8 = flag: flag
# span 0 = 158.488461, 158.491939       
# span 1 =     -3.539,     39.575       
# span 2 =   0.379299,  37.204854       
# span 3 =     8.6641,    15.6058       
# span 4 =   -0.07041,   32.27137       
# span 5 =     -3.509,     39.241       
# span 6 =     0.2351,    33.2415       
# span 7 =    -0.5268,    25.7919       
# span 8 = 0.0000e+00, 0.0000e+00       
# interval = seconds: 0.5
# start_time = Jun 07 2006 11:43:23 [Instrument's time stamp, header]
# bad_flag = -9.990e-29
*END*
 158.488461     -3.539 -9.990e-29    13.6898   -0.07038     -3.509 -9.990e-29 -9.990e-29 -9.990e-29
 158.488466     -3.534   0.382467    13.6877   -0.07039     -3.505     0.2370    -0.5267 -9.990e-29
 158.488472     -3.527   0.384877    13.6868   -0.07041     -3.498     0.2385    -0.5254 -9.990e-29
 158.488478     -3.519   0.386559    13.6859   -0.07041     -3.490     0.2396    -0.5244 -9.990e-29
 158.488484     -3.508   0.385875    13.6842   -0.07038     -3.479     0.2392    -0.5245 -9.990e-29
 158.488490     -3.494   0.383576    13.6821   -0.07036     -3.465     0.2377    -0.5254 -9.990e-29
 158.488495     -3.476   0.381034    13.6797   -0.07035     -3.447     0.2361    -0.5263 -9.990e-29
 158.488501     -3.453   0.379299    13.6768   -0.07035     -3.424     0.2351    -0.5268 -9.990e-29
 158.488507     -3.428   0.379939    13.6727   -0.07034     -3.399     0.2355    -0.5259 -9.990e-29
 158.488513     -3.403   0.383810    13.6681   -0.05914     -3.375     0.2380    -0.5233 -9.990e-29
 158.488519     -3.372   0.388308    13.6637   -0.05748     -3.344     0.2409    -0.5205 -9.990e-29
 158.488524     -3.330   0.391110    13.6601   -0.05726     -3.302     0.2427    -0.5186 -9.990e-29
 158.488530     -3.278   0.395398    13.6594   -0.05729     -3.251     0.2454    -0.5164 -9.990e-29
 158.488536     -3.220   0.410774    13.6634   -0.05737     -3.193     0.2552    -0.5093 -9.990e-29
 158.488542     -3.154   0.459957    13.6749   -0.05746     -3.128     0.2866    -0.4864 -9.990e-29
 158.488547     -3.072   0.581348    13.7019   -0.05750     -3.046     0.3647    -0.4294 -9.990e-29
 158.488553     -2.975   0.874120    13.7727   -0.05751     -2.950     0.5560    -0.2906 -9.990e-29
 158.488559     -2.868   1.685373    13.9801   -0.05748     -2.844     1.0990     0.1014 -9.990e-29
 158.488565     -2.742   4.085127    14.4483   -0.05749     -2.719     2.7685     1.3219 -9.990e-29
 158.488571     -2.595  11.245320    15.0425   -0.05751     -2.573     8.0675     5.2958 -9.990e-29
 158.488576     -2.429  21.951152    15.4332   -0.05751     -2.409    16.5130    11.6896 -9.990e-29
 158.488582     -2.256  29.055011    15.5653   -0.05750     -2.237    22.3834    16.1577 -9.990e-29
 158.488588     -2.085  31.391677    15.5799   -0.05746     -2.068    24.3670    17.6746 -9.990e-29
 158.488594     -1.924  32.146297    15.5596   -0.05744     -1.908    25.0274    18.1851 -9.990e-29
 158.488600     -1.779  32.371022    15.5413   -0.05746     -1.764    25.2325    18.3461 -9.990e-29
 158.488605     -1.657  32.419312    15.5344   -0.05755     -1.643    25.2784    18.3827 -9.990e-29
 158.488611     -1.560  32.416672    15.5330   -0.05764     -1.547    25.2770    18.3820 -9.990e-29
 158.488617     -1.478  32.412291    15.5292   -0.05766     -1.466    25.2757    18.3817 -9.990e-29
 158.488623     -1.405  32.417726    15.5245   -0.05763     -1.393    25.2833    18.3886 -9.990e-29
 158.488628     -1.344  32.422311    15.5245   -0.05760     -1.333    25.2873    18.3916 -9.990e-29
 158.488634     -1.297  32.424332    15.5313   -0.05762     -1.286    25.2846    18.3882 -9.990e-29
 158.488640     -1.260  32.430429    15.5412   -0.05763     -1.249    25.2835    18.3853 -9.990e-29
 158.488646     -1.231  32.436985    15.5426   -0.05761     -1.221    25.2883    18.3886 -9.990e-29
 158.488652     -1.205  32.440432    15.5249   -0.05751     -1.195    25.3026    18.4032 -9.990e-29
 158.488657     -1.174  32.441467    15.4907   -0.05747     -1.164    25.3254    18.4278 -9.990e-29
 158.488663     -1.142  32.433086    15.4576   -0.05748     -1.132    25.3394    18.4454 -9.990e-29
 158.488669     -1.114  32.405817    15.4408   -0.05753     -1.105    25.3266    18.4390 -9.990e-29
 158.488675     -1.094  32.372644    15.4392   -0.05756     -1.085    25.2990    18.4182 -9.990e-29
 158.488681     -1.075  32.361100    15.4437   -0.05752     -1.066    25.2861    18.4074 -9.990e-29
 158.488686     -1.053  32.372631    15.4482   -0.05749     -1.044    25.2932    18.4119 -9.990e-29
 158.488692     -1.030  32.378914    15.4542   -0.05755     -1.021    25.2948    18.4119 -9.990e-29
 158.488698     -1.013  32.369852    15.4701   -0.05760     -1.005    25.2767    18.3948 -9.990e-29
 158.488704     -1.002  32.369821    15.4949   -0.05763     -0.994    25.2608    18.3774 -9.990e-29
 158.488709     -0.986  32.397299    15.5140   -0.05760     -0.978    25.2723    18.3823 -9.990e-29
 158.488715     -0.966  32.440184    15.5171   -0.05755     -0.958    25.3073    18.4085 -9.990e-29
 158.488721     -0.943  32.463192    15.5073   -0.05752     -0.935    25.3334    18.4305 -9.990e-29
 158.488727     -0.917  32.454987    15.4996   -0.05752     -0.909    25.3313    18.4305 -9.990e-29
 158.488733     -0.890  32.440529    15.5000   -0.05759     -0.883    25.3185    18.4206 -9.990e-29
 158.488738     -0.865  32.439236    15.4961   -0.05762     -0.858    25.3199    18.4225 -9.990e-29
 158.488744     -0.839  32.451086    15.4791   -0.05762     -0.832    25.3410    18.4422 -9.990e-29
 158.488750     -0.812  32.456588    15.4577   -0.05760     -0.805    25.3595    18.4608 -9.990e-29
 158.488756     -0.786  32.447408    15.4472   -0.05758     -0.779    25.3583    18.4621 -9.990e-29
 158.488762     -0.768  32.437670    15.4532   -0.05756     -0.762    25.3460    18.4514 -9.990e-29
 158.488767     -0.757  32.435150    15.4676   -0.05755     -0.751    25.3346    18.4397 -9.990e-29
 158.488773     -0.747  32.445477    15.4779   -0.05755     -0.741    25.3369    18.4393 -9.990e-29
 158.488779     -0.734  32.466748    15.4738   -0.05752     -0.728    25.3579    18.4563 -9.990e-29
 158.488785     -0.709  32.480828    15.4561   -0.05751     -0.703    25.3814    18.4780 -9.990e-29
 158.488791     -0.673  32.479609    15.4408   -0.05754     -0.667    25.3902    18.4879 -9.990e-29
 158.488796     -0.643  32.471016    15.4367   -0.05762     -0.638    25.3854    18.4850 -9.990e-29
 158.488802     -0.625  32.463790    15.4422   -0.05762     -0.620    25.3756    18.4764 -9.990e-29
 158.488808     -0.612  32.464570    15.4546   -0.05756     -0.607    25.3683    18.4682 -9.990e-29
 158.488814     -0.601  32.471056    15.4681   -0.05752     -0.596    25.3653    18.4631 -9.990e-29
 158.488819     -0.590  32.472300    15.4778   -0.05751     -0.585    25.3601    18.4571 -9.990e-29
 158.488825     -0.579  32.466623    15.4837   -0.05755     -0.574    25.3514    18.4492 -9.990e-29
 158.488831     -0.567  32.463299    15.4875   -0.05758     -0.562    25.3461    18.4444 -9.990e-29
 158.488837     -0.553  32.469689    15.4857   -0.05757     -0.548    25.3528    18.4499 -9.990e-29
 158.488843     -0.536  32.482006    15.4713   -0.05755     -0.532    25.3726    18.4681 -9.990e-29
 158.488848     -0.520  32.485868    15.4519   -0.05749     -0.516    25.3884    18.4842 -9.990e-29
 158.488854     -0.512  32.479160    15.4491   -0.05748     -0.508    25.3844    18.4817 -9.990e-29
 158.488860     -0.511  32.473697    15.4648   -0.05746     -0.507    25.3696    18.4671 -9.990e-29
 158.488866     -0.510  32.474545    15.4813   -0.05747     -0.506    25.3598    18.4561 -9.990e-29
 158.488872     -0.502  32.481178    15.4863   -0.05753     -0.498    25.3623    18.4570 -9.990e-29
 158.488877     -0.489  32.489573    15.4796   -0.05754     -0.485    25.3738    18.4673 -9.990e-29
 158.488883     -0.474  32.490769    15.4723   -0.05755     -0.470    25.3795    18.4732 -9.990e-29
 158.488889     -0.464  32.484142    15.4751   -0.05753     -0.460    25.3720    18.4668 -9.990e-29
 158.488895     -0.462  32.478815    15.4888   -0.05753     -0.458    25.3586    18.4537 -9.990e-29
 158.488900     -0.465  32.478357    15.5068   -0.05753     -0.461    25.3467    18.4408 -9.990e-29
 158.488906     -0.459  32.483861    15.5202   -0.05754     -0.455    25.3428    18.4351 -9.990e-29
 158.488912     -0.437  32.495406    15.5250   -0.05753     -0.433    25.3497    18.4394 -9.990e-29
 158.488918     -0.400  32.506549    15.5190   -0.05752     -0.397    25.3631    18.4509 -9.990e-29
 158.488924     -0.355  32.510314    15.5050   -0.05753     -0.352    25.3754    18.4632 -9.990e-29
 158.488929     -0.308  32.503896    15.4932   -0.05752     -0.305    25.3774    18.4672 -9.990e-29
 158.488935     -0.263  32.492211    15.4896   -0.05749     -0.261    25.3696    18.4620 -9.990e-29
 158.488941     -0.228  32.484921    15.4922   -0.05749     -0.226    25.3616    18.4553 -9.990e-29
 158.488947     -0.207  32.483538    15.4951   -0.05749     -0.205    25.3586    18.4524 -9.990e-29
 158.488953     -0.205  32.481195    15.4951   -0.05750     -0.203    25.3565    18.4508 -9.990e-29
 158.488958     -0.212  32.475913    15.4946   -0.05750     -0.210    25.3523    18.4477 -9.990e-29
 158.488964     -0.217  32.472442    15.4955   -0.05750     -0.215    25.3487    18.4448 -9.990e-29
 158.488970     -0.214  32.474026    15.4969   -0.05752     -0.212    25.3492    18.4448 -9.990e-29
 158.488976     -0.205  32.479999    15.5002   -0.05752     -0.203    25.3522    18.4465 -9.990e-29
 158.488981     -0.187  32.485455    15.5092   -0.05758     -0.185    25.3512    18.4438 -9.990e-29
 158.488987     -0.165  32.484241    15.5210   -0.05760     -0.164    25.3425    18.4347 -9.990e-29
 158.488993     -0.146  32.477561    15.5278   -0.05759     -0.145    25.3324    18.4256 -9.990e-29
 158.488999     -0.133  32.472228    15.5274   -0.05758     -0.132    25.3281    18.4223 -9.990e-29
 158.489005     -0.124  32.471247    15.5229   -0.05755     -0.123    25.3301    18.4248 -9.990e-29
 158.489010     -0.119  32.472772    15.5181   -0.05753     -0.118    25.3345    18.4292 -9.990e-29
 158.489016     -0.115  32.473814    15.5119   -0.05753     -0.114    25.3394    18.4342 -9.990e-29
 158.489022     -0.105  32.474662    15.5014   -0.05755     -0.104    25.3468    18.4421 -9.990e-29
 158.489028     -0.090  32.478153    15.4857   -0.05755     -0.089    25.3599    18.4554 -9.990e-29
 158.489034     -0.069  32.483359    15.4679   -0.05754     -0.068    25.3758    18.4713 -9.990e-29
 158.489039     -0.044  32.483790    15.4571   -0.05754     -0.044    25.3832    18.4791 -9.990e-29
 158.489045     -0.023  32.477799    15.4567   -0.05760     -0.023    25.3782    18.4754 -9.990e-29
 158.489051     -0.012  32.473111    15.4640   17.47466     -0.012    25.3695    18.4672 -9.990e-29
 158.489057     -0.012  32.473586    15.4759   30.36456     -0.012    25.3622    18.4592 -9.990e-29
 158.489062     -0.012  32.476518    15.4859   32.27137     -0.012    25.3584    18.4541 -9.990e-29
 158.489068     -0.011  32.479114    15.4887   28.44513     -0.011    25.3588    18.4539 -9.990e-29
 158.489074     -0.006  32.480375    15.4861   18.69010     -0.006    25.3616    18.4565 -9.990e-29
 158.489080      0.002  32.479206    15.4826   14.69184      0.002    25.3628    18.4582 -9.990e-29
 158.489086      0.014  32.476314    15.4778   14.70945      0.014    25.3634    18.4596 -9.990e-29
 158.489091      0.030  32.476833    15.4646   14.67539      0.030    25.3723    18.4692 -9.990e-29
 158.489097      0.051  32.481475    15.4409    9.05656      0.051    25.3915    18.4889 -9.990e-29
 158.489103      0.075  32.484683    15.4186    2.83990      0.074    25.4087    18.5066 -9.990e-29
 158.489109      0.095  32.484028    15.4086    0.54133      0.094    25.4145    18.5132 -9.990e-29
 158.489115      0.107  32.485381    15.4113    0.63787      0.106    25.4140    18.5122 -9.990e-29
 158.489120      0.112  32.492248    15.4225    3.52711      0.111    25.4127    18.5089 -9.990e-29
 158.489126      0.116  32.498670    15.4344    5.53587      0.115    25.4106    18.5048 -9.990e-29
 158.489132      0.125  32.502023    15.4412    5.94529      0.124    25.4091    18.5023 -9.990e-29
 158.489138      0.143  32.503441    15.4421    6.21782      0.142    25.4097    18.5026 -9.990e-29
 158.489144      0.159  32.501477    15.4383    6.34429      0.158    25.4105    18.5039 -9.990e-29
 158.489149      0.173  32.496898    15.4340    6.41195      0.172    25.4093    18.5039 -9.990e-29
 158.489155      0.184  32.494273    15.4336    6.46411      0.182    25.4073    18.5024 -9.990e-29
 158.489161      0.193  32.496289    15.4360    6.50724      0.191    25.4075    18.5021 -9.990e-29
 158.489167      0.201  32.500049    15.4374    6.55079      0.199    25.4098    18.5036 -9.990e-29
 158.489172      0.212  32.502184    15.4361    6.58341      0.210    25.4125    18.5059 -9.990e-29
 158.489178      0.236  32.501639    15.4332    6.59799      0.234    25.4139    18.5076 -9.990e-29
 158.489184      0.270  32.497521    15.4308    6.60360      0.268    25.4118    18.5065 -9.990e-29
 158.489190      0.299  32.491638    15.4307    6.61423      0.297    25.4068    18.5027 -9.990e-29
 158.489196      0.317  32.488862    15.4346    6.61826      0.314    25.4019    18.4981 -9.990e-29
 158.489201      0.324  32.491669    15.4431    6.61203      0.321    25.3989    18.4940 -9.990e-29
 158.489207      0.321  32.498577    15.4554    6.60999      0.318    25.3969    18.4900 -9.990e-29
 158.489213      0.312  32.506472    15.4687    6.61624      0.309    25.3952    18.4859 -9.990e-29
 158.489219      0.306  32.512997    15.4790    6.61141      0.303    25.3942    18.4830 -9.990e-29
 158.489225      0.305  32.518454    15.4842    6.60258      0.302    25.3955    18.4830 -9.990e-29
 158.489230      0.309  32.522840    15.4854    6.56160      0.306    25.3986    18.4851 -9.990e-29
 158.489236      0.316  32.522482    15.4852    6.54967      0.313    25.3984    18.4850 -9.990e-29
 158.489242      0.316  32.519152    15.4873    6.55884      0.313    25.3942    18.4813 -9.990e-29
 158.489248      0.306  32.520186    15.4909    6.56574      0.303    25.3927    18.4795 -9.990e-29
 158.489253      0.298  32.522485    15.4906    6.59758      0.296    25.3949    18.4812 -9.990e-29
 158.489259      0.308  32.519592    15.4798    6.60954      0.305    25.3994    18.4868 -9.990e-29
 158.489265      0.332  32.509342    15.4611    6.61495      0.329    25.4025    18.4931 -9.990e-29
 158.489271      0.360  32.496569    15.4496    6.61531      0.357    25.3989    18.4927 -9.990e-29
 158.489277      0.384  32.492833    15.4506    6.58876      0.381    25.3950    18.4895 -9.990e-29
 158.489282      0.402  32.497079    15.4562    6.56872      0.399    25.3951    18.4884 -9.990e-29
 158.489288      0.415  32.503202    15.4634    6.56909      0.412    25.3957    18.4874 -9.990e-29
 158.489294      0.424  32.512645    15.4753    6.56780      0.420    25.3962    18.4854 -9.990e-29
 158.489300      0.429  32.522875    15.4880    6.55863      0.425    25.3969    18.4832 -9.990e-29
 158.489306      0.434  32.527359    15.4929    6.55237      0.430    25.3976    18.4828 -9.990e-29
 158.489311      0.446  32.522553    15.4846    6.55571      0.442    25.3988    18.4854 -9.990e-29
 158.489317      0.459  32.508787    15.4672    6.57706      0.455    25.3981    18.4885 -9.990e-29
 158.489323      0.471  32.495179    15.4543    6.58749      0.467    25.3946    18.4885 -9.990e-29
 158.489329      0.482  32.491615    15.4482    6.60438      0.478    25.3955    18.4904 -9.990e-29
 158.489334      0.493  32.491103    15.4411    6.60180      0.489    25.3996    18.4950 -9.990e-29
 158.489340      0.505  32.485116    15.4348    6.58990      0.501    25.3985    18.4955 -9.990e-29
 158.489346      0.518  32.480814    15.4399    6.58031      0.514    25.3915    18.4890 -9.990e-29
 158.489352      0.529  32.485916    15.4583    6.55566      0.525    25.3840    18.4795 -9.990e-29
 158.489358      0.535  32.497702    15.4783    6.56193      0.531    25.3814    18.4733 -9.990e-29
 158.489363      0.539  32.508350    15.4905    6.58485      0.535    25.3827    18.4719 -9.990e-29
 158.489369      0.548  32.515254    15.4951    6.59898      0.543    25.3857    18.4732 -9.990e-29
 158.489375      0.560  32.519221    15.4943    6.59625      0.555    25.3896    18.4764 -9.990e-29
 158.489381      0.578  32.518261    15.4905    6.55730      0.573    25.3912    18.4784 -9.990e-29
