data/oxygen options/ONMS/Olympic_Coast_National_Marine_Sanctuary_Hypoxia_Survey_CTD_Data_2004_2015/raw_data/2006/CTD_TH030_071806faed.cnv
* Sea-Bird SBE19 Data File:
* FileName = C:\Hypoxia Data\CTD_TH030_071806.hex
* Software Version 1.1.8
* Temperature SN = 2997
* Conductivity SN = 2997
* System UpLoad Time = Jul 18 2006 15:20:52
* SEACAT PROFILER V3.1c SN 2997   07/18/06  15:19:54.034
* strain gauge pressure sensor: S/N = 184829,  range = 3000 psia,  tc = 40
# nquan = 9                                 
# nvalues = 1409                        
# units = specified
# name 0 = timeJ: Julian Days
# name 1 = prSM: Pressure, Strain Gauge [db]
# name 2 = c0mS/cm: Conductivity [mS/cm]
# name 3 = t090C: Temperature [ITS-90, deg C]
# name 4 = oxML/L: Oxygen, Beckman/YSI [ml/l]
# name 5 = depSM: Depth [salt water, m], lat = 47.5
# name 6 = sal00: Salinity, Practical [PSU]
# name 7 = sigma-é00: Density [sigma-theta, kg/m^3]
# name 8 = flag: flag
# span 0 = 199.629884, 199.638032       
# span 1 =     -1.401,     31.388       
# span 2 =   0.707361,  37.495439       
# span 3 =     8.0887,    13.7310       
# span 4 =  -13.14730,   42.35513       
# span 5 =     -1.389,     31.124       
# span 6 =     0.4472,    33.3704       
# span 7 =    -0.3620,    25.9814       
# span 8 = 0.0000e+00, 0.0000e+00       
# interval = seconds: 0.5
# start_time = Jul 18 2006 15:07:02 [Instrument's time stamp, header]
# bad_flag = -9.990e-29
*END*
[from data line 481]
 199.632668      0.711   1.607956    13.3297   -0.07071      0.705     1.0636     0.1633 -9.990e-29
 199.632674      0.714   1.647757    13.3293   -0.07069      0.708     1.0913     0.1848 -9.990e-29
 199.632679      0.715   1.680295    13.3289   -0.07070      0.709     1.1139     0.2024 -9.990e-29
 199.632685      0.713   1.701775    13.3285   -0.07069      0.707     1.1289     0.2141 -9.990e-29
 199.632691      0.710   1.716609    13.3282   -0.07067      0.704     1.1393     0.2222 -9.990e-29
 199.632697      0.703   1.727385    13.3282   -0.07068      0.697     1.1468     0.2280 -9.990e-29
 199.632703      0.693   1.724789    13.3282   -0.07072      0.687     1.1450     0.2266 -9.990e-29
 199.632708      0.680   1.698124    13.3281   -0.07072      0.674     1.1264     0.2122 -9.990e-29
 199.632714      0.666   1.660306    13.3281   -0.07070      0.660     1.1001     0.1918 -9.990e-29
 199.632720      0.660   1.641952    13.3286   -0.07074      0.654     1.0873     0.1818 -9.990e-29
 199.632726      0.665   1.644680    13.3291   -0.07076      0.659     1.0891     0.1832 -9.990e-29
 199.632731      0.678   1.654920    13.3292   -0.07075      0.672     1.0963     0.1887 -9.990e-29
 199.632737      0.690   1.669120    13.3295   -0.07074      0.684     1.1061     0.1963 -9.990e-29
 199.632743      0.698   1.684010    13.3303   -0.07074      0.692     1.1165     0.2042 -9.990e-29
 199.632749      0.703   1.700018    13.3314   -0.07073      0.697     1.1276     0.2127 -9.990e-29
 199.632755      0.704   1.704073    13.3325   -0.07074      0.698     1.1304     0.2147 -9.990e-29
 199.632760      0.703   1.672721    13.3340   -0.07072      0.697     1.1085     0.1976 -9.990e-29
 199.632766      0.703   1.620220    13.3358   -0.07070      0.697     1.0720     0.1690 -9.990e-29
 199.632772      0.709   1.587580    13.3372   -0.07071      0.703     1.0492     0.1512 -9.990e-29
 199.632778      0.716   1.561253    13.3380   -0.07067      0.710     1.0310     0.1369 -9.990e-29
 199.632784      0.721   1.511689    13.3382   -0.07066      0.715     0.9966     0.1102 -9.990e-29
 199.632789      0.725   1.469931    13.3380   -0.07063      0.719     0.9678     0.0879 -9.990e-29
 199.632795      0.726   1.462998    13.3373   -0.07067      0.720     0.9630     0.0843 -9.990e-29
 199.632801      0.726   1.474433    13.3363   -0.07062      0.720     0.9709     0.0905 -9.990e-29
 199.632807      0.725   1.490069    13.3357   -0.07061      0.719     0.9817     0.0990 -9.990e-29
 199.632813      0.722   1.508554    13.3353   -0.07063      0.716     0.9945     0.1090 -9.990e-29
 199.632818      0.717   1.532333    13.3346   -0.07061      0.711     1.0110     0.1219 -9.990e-29
 199.632824      0.709   1.572024    13.3341   -0.07063      0.703     1.0385     0.1433 -9.990e-29
 199.632830      0.700   1.617276    13.3336   -0.07068      0.694     1.0700     0.1677 -9.990e-29
 199.632836      0.691   1.660709    13.3327   -0.07072      0.685     1.1002     0.1913 -9.990e-29
 199.632841      0.691   1.714721    13.3317   -0.07070      0.685     1.1379     0.2206 -9.990e-29
 199.632847      0.700   1.771954    13.3309   -0.07072      0.694     1.1779     0.2517 -9.990e-29
 199.632853      0.710   1.811022    13.3302   -0.07072      0.704     1.2052     0.2730 -9.990e-29
 199.632859      0.718   1.836835    13.3291   -0.07073      0.712     1.2233     0.2872 -9.990e-29
 199.632865      0.723   1.877148    13.3280   -0.07076      0.717     1.2516     0.3093 -9.990e-29
 199.632870      0.727   1.913545    13.3274   -0.07079      0.721     1.2772     0.3292 -9.990e-29
 199.632876      0.729   1.925163    13.3273   -0.07077      0.723     1.2854     0.3356 -9.990e-29
 199.632882      0.730   1.914170    13.3277   -0.07077      0.724     1.2776     0.3295 -9.990e-29
 199.632888      0.730   1.857582    13.3282   -0.07080      0.724     1.2379     0.2986 -9.990e-29
 199.632894      0.728   1.763220    13.3282   -0.07078      0.722     1.1718     0.2474 -9.990e-29
 199.632899      0.725   1.685125    13.3275   -0.07077      0.719     1.1174     0.2053 -9.990e-29
 199.632905      0.720   1.645730    13.3263   -0.07078      0.714     1.0900     0.1842 -9.990e-29
 199.632911      0.718   1.620263    13.3249   -0.07080      0.712     1.0723     0.1707 -9.990e-29
 199.632917      0.721   1.595861    13.3236   -0.07078      0.715     1.0554     0.1577 -9.990e-29
 199.632922      0.728   1.564965    13.3227   -0.07078      0.722     1.0339     0.1412 -9.990e-29
 199.632928      0.732   1.515798    13.3220   -0.07077      0.726     0.9999     0.1149 -9.990e-29
 199.632934      0.736   1.473828    13.3215   -0.07076      0.730     0.9709     0.0925 -9.990e-29
 199.632940      0.738   1.462462    13.3212   -0.07077      0.732     0.9630     0.0864 -9.990e-29
 199.632946      0.740   1.454336    13.3214   -0.07079      0.734     0.9574     0.0820 -9.990e-29
 199.632951      0.741   1.439170    13.3219   -0.07077      0.735     0.9469     0.0738 -9.990e-29
 199.632957      0.742   1.441697    13.3223   -0.07075      0.736     0.9487     0.0751 -9.990e-29
 199.632963      0.742   1.449192    13.3227   -0.07074      0.736     0.9538     0.0791 -9.990e-29
 199.632969      0.741   1.438350    13.3235   -0.07071      0.735     0.9463     0.0732 -9.990e-29
 199.632975      0.740   1.425797    13.3244   -0.07072      0.734     0.9377     0.0663 -9.990e-29
 199.632980      0.738   1.429758    13.3254   -0.07072      0.732     0.9404     0.0683 -9.990e-29
 199.632986      0.735   1.443307    13.3269   -0.07072      0.729     0.9497     0.0753 -9.990e-29
 199.632992      0.731   1.454540    13.3291   -0.07072      0.725     0.9574     0.0810 -9.990e-29
 199.632998      0.726   1.450131    13.3308   -0.07071      0.720     0.9543     0.0784 -9.990e-29
 199.633003      0.719   1.426422    13.3313   -0.07071      0.713     0.9379     0.0656 -9.990e-29
 199.633009      0.715   1.410628    13.3313   -0.07071      0.709     0.9270     0.0571 -9.990e-29
 199.633015      0.716   1.429975    13.3316   -0.07074      0.710     0.9404     0.0674 -9.990e-29
 199.633021      0.720   1.474742    13.3322   -0.07077      0.714     0.9712     0.0913 -9.990e-29
 199.633027      0.722   1.523591    13.3333   -0.07078      0.716     1.0050     0.1174 -9.990e-29
 199.633032      0.722   1.557849    13.3348   -0.07075      0.716     1.0287     0.1355 -9.990e-29
 199.633038      0.720   1.565470    13.3358   -0.07075      0.714     1.0339     0.1395 -9.990e-29
 199.633044      0.716   1.562169    13.3363   -0.07078      0.710     1.0316     0.1376 -9.990e-29
 199.633050      0.710   1.563526    13.3367   -0.07077      0.704     1.0326     0.1383 -9.990e-29
 199.633056      0.706   1.567466    13.3368   -0.07078      0.700     1.0353     0.1404 -9.990e-29
 199.633061      0.707   1.569250    13.3367   -0.07078      0.701     1.0365     0.1414 -9.990e-29
 199.633067      0.710   1.564597    13.3365   -0.07078      0.704     1.0333     0.1389 -9.990e-29
 199.633073      0.710   1.539535    13.3361   -0.07079      0.704     1.0160     0.1255 -9.990e-29
 199.633079      0.708   1.487288    13.3356   -0.07080      0.702     0.9798     0.0975 -9.990e-29
 199.633084      0.703   1.435322    13.3351   -0.07080      0.697     0.9440     0.0698 -9.990e-29
 199.633090      0.699   1.415913    13.3345   -0.07080      0.693     0.9306     0.0595 -9.990e-29
 199.633096      0.700   1.427046    13.3343   -0.07082      0.694     0.9383     0.0655 -9.990e-29
 199.633102      0.703   1.431400    13.3348   -0.07083      0.697     0.9413     0.0677 -9.990e-29
 199.633108      0.702   1.413137    13.3353   -0.07079      0.696     0.9287     0.0579 -9.990e-29
 199.633113      0.698   1.390639    13.3360   -0.07080      0.692     0.9132     0.0457 -9.990e-29
 199.633119      0.691   1.369982    13.3368   -0.07080      0.685     0.8989     0.0346 -9.990e-29
 199.633125      0.684   1.352483    13.3371   -0.07080      0.678     0.8869     0.0252 -9.990e-29
 199.633131      0.686   1.336455    13.3370   -0.07078      0.680     0.8759     0.0167 -9.990e-29
 199.633137      0.697   1.314400    13.3367   -0.07077      0.691     0.8608     0.0050 -9.990e-29
 199.633142      0.708   1.292429    13.3364   -0.07080      0.702     0.8457    -0.0067 -9.990e-29
 199.633148      0.716   1.279541    13.3364   -0.07080      0.710     0.8369    -0.0135 -9.990e-29
 199.633154      0.723   1.265209    13.3360   -0.07073      0.717     0.8271    -0.0211 -9.990e-29
 199.633160      0.727   1.245862    13.3351   -0.07072      0.721     0.8139    -0.0312 -9.990e-29
 199.633166      0.730   1.251198    13.3342   -0.07072      0.724     0.8175    -0.0282 -9.990e-29
 199.633171      0.732   1.283337    13.3338   -0.07073      0.726     0.8395    -0.0111 -9.990e-29
 199.633177      0.733   1.305221    13.3340   -0.07072      0.727     0.8545     0.0005 -9.990e-29
 199.633183      0.732   1.309960    13.3343   -0.07070      0.726     0.8578     0.0030 -9.990e-29
 199.633189      0.730   1.319414    13.3346   -0.07071      0.724     0.8642     0.0080 -9.990e-29
 199.633194      0.727   1.340638    13.3353   -0.07074      0.721     0.8788     0.0192 -9.990e-29
 199.633200      0.723   1.351986    13.3364   -0.07071      0.717     0.8866     0.0251 -9.990e-29
 199.633206      0.716   1.348612    13.3375   -0.07071      0.710     0.8842     0.0231 -9.990e-29
 199.633212      0.707   1.376518    13.3386   -0.07071      0.701     0.9034     0.0378 -9.990e-29
 199.633218      0.696   1.444606    13.3397   -0.07073      0.690     0.9503     0.0740 -9.990e-29
 199.633223      0.685   1.497704    13.3403   -0.07072      0.679     0.9869     0.1024 -9.990e-29
 199.633229      0.679   1.515593    13.3402   -0.07073      0.673     0.9993     0.1120 -9.990e-29
 199.633235      0.672   1.520461    13.3401   -0.07072      0.666     1.0027     0.1146 -9.990e-29
 199.633241      0.665   1.532673    13.3405   -0.07072      0.659     1.0111     0.1211 -9.990e-29
 199.633247      0.665   1.545756    13.3409   -0.07074      0.659     1.0202     0.1281 -9.990e-29
 199.633252      0.672   1.536084    13.3407   -0.07075      0.666     1.0135     0.1229 -9.990e-29
 199.633258      0.679   1.521842    13.3400   -0.07078      0.673     1.0036     0.1154 -9.990e-29
 199.633264      0.685   1.530665    13.3391   -0.07080      0.679     1.0097     0.1203 -9.990e-29
 199.633270      0.696   1.545457    13.3382   -0.07078      0.690     1.0200     0.1284 -9.990e-29
 199.633275      0.708   1.547644    13.3376   -0.07077      0.702     1.0215     0.1296 -9.990e-29
 199.633281      0.716   1.544028    13.3372   -0.07080      0.710     1.0191     0.1277 -9.990e-29
 199.633287      0.723   1.540890    13.3367   -0.07081      0.717     1.0169     0.1261 -9.990e-29
 199.633293      0.728   1.537376    13.3363   -0.07079      0.722     1.0145     0.1243 -9.990e-29
 199.633299      0.735   1.534350    13.3362   -0.07080      0.729     1.0124     0.1227 -9.990e-29
 199.633304      0.746   1.519453    13.3361   -0.07080      0.740     1.0021     0.1147 -9.990e-29
 199.633310      0.752   1.482814    13.3362   -0.07079      0.746     0.9767     0.0950 -9.990e-29
 199.633316      0.754   1.434968    13.3365   -0.07077      0.748     0.9437     0.0694 -9.990e-29
 199.633322      0.756   1.385380    13.3368   -0.07075      0.750     0.9095     0.0428 -9.990e-29
 199.633328      0.759   1.351735    13.3367   -0.07074      0.753     0.8864     0.0249 -9.990e-29
 199.633333      0.762   1.345224    13.3366   -0.07072      0.756     0.8819     0.0214 -9.990e-29
 199.633339      0.765   1.337187    13.3366   -0.07073      0.759     0.8764     0.0171 -9.990e-29
 199.633345      0.770   1.311914    13.3365   -0.07072      0.764     0.8591     0.0037 -9.990e-29
 199.633351      0.775   1.297309    13.3365   -0.07071      0.769     0.8490    -0.0041 -9.990e-29
 199.633356      0.783   1.301646    13.3371   -0.07072      0.776     0.8520    -0.0019 -9.990e-29
 199.633362      0.788   1.306844    13.3380   -0.07072      0.781     0.8555     0.0008 -9.990e-29
 199.633368      0.786   1.314843    13.3387   -0.07072      0.779     0.8610     0.0049 -9.990e-29
 199.633374      0.783   1.338526    13.3388   -0.07071      0.776     0.8773     0.0175 -9.990e-29
 199.633380      0.782   1.378397    13.3387   -0.07072      0.775     0.9047     0.0388 -9.990e-29
 199.633385      0.778   1.426484    13.3385   -0.07074      0.772     0.9378     0.0645 -9.990e-29
 199.633391      0.767   1.473286    13.3385   -0.07074      0.761     0.9701     0.0896 -9.990e-29
 199.633397      0.754   1.504987    13.3390   -0.07073      0.748     0.9920     0.1065 -9.990e-29
 199.633403      0.744   1.519261    13.3395   -0.07074      0.738     1.0018     0.1141 -9.990e-29
 199.633409      0.743   1.533194    13.3397   -0.07077      0.737     1.0115     0.1215 -9.990e-29
 199.633414      0.746   1.547048    13.3399   -0.07073      0.740     1.0211     0.1290 -9.990e-29
 199.633420      0.748   1.549326    13.3402   -0.07072      0.742     1.0226     0.1301 -9.990e-29
 199.633426      0.750   1.545838    13.3408   -0.07072      0.744     1.0202     0.1282 -9.990e-29
 199.633432      0.751   1.544146    13.3417   -0.07073      0.745     1.0190     0.1271 -9.990e-29
 199.633438      0.753   1.535888    13.3429   -0.07071      0.747     1.0133     0.1225 -9.990e-29
 199.633443      0.755   1.510055    13.3441   -0.07070      0.749     0.9954     0.1084 -9.990e-29
 199.633449      0.758   1.476052    13.3448   -0.07070      0.752     0.9718     0.0901 -9.990e-29
 199.633455      0.760   1.452920    13.3451   -0.07072      0.754     0.9559     0.0777 -9.990e-29
 199.633461      0.764   1.439231    13.3453   -0.07073      0.758     0.9464     0.0703 -9.990e-29
 199.633466      0.768   1.420619    13.3455   -0.07073      0.762     0.9336     0.0603 -9.990e-29
 199.633472      0.773   1.413891    13.3459   -0.07073      0.767     0.9289     0.0567 -9.990e-29
 199.633478      0.780   1.438937    13.3472   -0.07072      0.773     0.9462     0.0699 -9.990e-29
 199.633484      0.784   1.468657    13.3500   -0.07072      0.777     0.9666     0.0853 -9.990e-29
 199.633490      0.781   1.474973    13.3538   -0.07073      0.774     0.9709     0.0882 -9.990e-29
 199.633495      0.777   1.466306    13.3573   -0.07074      0.771     0.9648     0.0830 -9.990e-29
 199.633501      0.773   1.460515    13.3600   -0.07075      0.767     0.9607     0.0795 -9.990e-29
 199.633507      0.772   1.454321    13.3624   -0.07075      0.766     0.9564     0.0758 -9.990e-29
 199.633513      0.771   1.433915    13.3651   -0.07072      0.765     0.9423     0.0645 -9.990e-29
 199.633519      0.772   1.397618    13.3681   -0.07070      0.766     0.9172     0.0446 -9.990e-29
 199.633524      0.774   1.358082    13.3711   -0.07072      0.768     0.8900     0.0231 -9.990e-29
 199.633530      0.778   1.329743    13.3738   -0.07072      0.772     0.8705     0.0076 -9.990e-29
 199.633536      0.783   1.315327    13.3759   -0.07073      0.776     0.8605    -0.0004 -9.990e-29
 199.633542      0.791   1.304493    13.3777   -0.07072      0.784     0.8531    -0.0064 -9.990e-29
 199.633547      0.797   1.285573    13.3800   -0.07071      0.790     0.8401    -0.0168 -9.990e-29
 199.633553      0.797   1.257756    13.3824   -0.07071      0.790     0.8210    -0.0320 -9.990e-29
 199.633559      0.796   1.223909    13.3845   -0.07072      0.789     0.7978    -0.0502 -9.990e-29
 199.633565      0.797   1.196058    13.3863   -0.07073      0.790     0.7788    -0.0652 -9.990e-29
 199.633571      0.798   1.195333    13.3878   -0.07071      0.791     0.7783    -0.0658 -9.990e-29
 199.633576      0.792   1.219103    13.3887   -0.07069      0.785     0.7945    -0.0534 -9.990e-29
 199.633582      0.785   1.235248    13.3886   -0.07071      0.778     0.8055    -0.0448 -9.990e-29
