data/oxygen options/ONMS/Olympic_Coast_National_Marine_Sanctuary_Hypoxia_Survey_CTD_Data_2004_2015/raw_data/2006/CTD_TH080_081706faed.cnv
* Sea-Bird SBE19 Data File:
* FileName = C:\Hypoxia_Data_2006\CTD_TH080_081606.hex
* Software Version 1.1.6
* Temperature SN = 2997
* Conductivity SN = 2997
* System UpLoad Time = Aug 17 2006 11:16:07
* SEACAT PROFILER V3.1c SN 2997   08/17/06  11:15:34.168
* strain gauge pressure sensor: S/N = 184829,  range = 3000 psia,  tc = 40
# nquan = 9                                 
# nvalues = 763                         
# units = specified
# name 0 = timeJ: Julian Days
# name 1 = prSM: Pressure, Strain Gauge [db]
# name 2 = c0mS/cm: Conductivity [mS/cm]
# name 3 = t090C: Temperature [ITS-90, deg C]
# name 4 = oxML/L: Oxygen, Beckman/YSI [ml/l]
# name 5 = depSM: Depth [salt water, m], lat = 47.5
# name 6 = sal00: Salinity, Practical [PSU]
# name 7 = sigma-é00: Density [sigma-theta, kg/m^3]
# name 8 = flag: flag
# span 0 = 229.463646, 229.468056       
# span 1 =     -4.341,     81.841       
# span 2 =   2.094702,  38.496905       
# span 3 =     7.5161,    18.3880       
# span 4 =   -9.53730,   36.65955       
# span 5 =     -4.305,     81.142       
# span 6 =     1.4273,    33.8739       
# span 7 =     0.5248,    26.4602       
# span 8 = 0.0000e+00, 0.0000e+00       
# interval = seconds: 0.5
# start_time = Aug 17 2006 11:07:39 [Instrument's time stamp, header]
# bad_flag = -9.990e-29
*END*
 229.463646     -4.341 -9.990e-29    12.7061   -0.07164     -4.305 -9.990e-29 -9.990e-29 -9.990e-29
 229.463652     -4.335   2.476052    12.7081   -0.07167     -4.299     1.7033     0.7404 -9.990e-29
 229.463657     -4.327   2.373366    12.7103   -0.07173     -4.291     1.6287     0.6823 -9.990e-29
 229.463663     -4.312   2.242650    12.7127   -0.07175     -4.276     1.5341     0.6085 -9.990e-29
 229.463669     -4.285   2.138404    12.7156   -0.03863     -4.249     1.4589     0.5498 -9.990e-29
 229.463675     -4.253   2.094702    12.7195   -0.05941     -4.218     1.4273     0.5248 -9.990e-29
 229.463681     -4.223   2.097152    12.7259   -0.05994     -4.188     1.4288     0.5252 -9.990e-29
 229.463686     -4.188   2.128293    12.7390   -0.06033     -4.153     1.4507     0.5405 -9.990e-29
 229.463692     -4.141   2.190213    12.7717   -0.06019     -4.106     1.4940     0.5699 -9.990e-29
 229.463698     -4.085   2.283103    12.8649   -0.06023     -4.051     1.5571     0.6069 -9.990e-29
 229.463704     -4.020   2.433642    13.1437   -0.06024     -3.986     1.6537     0.6453 -9.990e-29
 229.463709     -3.937   2.815344    13.9839   -0.06023     -3.904     1.8876     0.7106 -9.990e-29
 229.463715     -3.827   4.007110    16.5087   -0.06021     -3.795     2.5759     0.8398 -9.990e-29
 229.463721     -3.687   7.731223    18.3880   -0.06022     -3.656     4.9636     2.3123 -9.990e-29
 229.463727     -3.517  19.112518    16.3999   -0.06023     -3.488    13.8574     9.4750 -9.990e-29
 229.463733     -3.328  33.494200    13.6911   -0.06023     -3.300    27.4780    20.4428 -9.990e-29
 229.463738     -3.132  38.496905    12.6872   -0.06022     -3.106    32.9291    24.8500 -9.990e-29
 229.463744     -2.922  37.373032    12.3192   -0.06023     -2.898    32.1741    24.3353 -9.990e-29
 229.463750     -2.697  36.980030    12.1821   -0.06024     -2.675    31.9145    24.1598 -9.990e-29
 229.463756     -2.482  36.932446    12.1329   -0.06023     -2.461    31.9107    24.1660 -9.990e-29
 229.463762     -2.297  36.984539    12.1201   -0.06023     -2.278    31.9716    24.2157 -9.990e-29
 229.463767     -2.148  37.007202    12.1189   -0.06025     -2.130    31.9944    24.2335 -9.990e-29
 229.463773     -2.028  37.016654    12.1172   -0.06022     -2.011    32.0049    24.2420 -9.990e-29
 229.463779     -1.932  37.018793    12.1138   -0.06022     -1.916    32.0098    24.2465 -9.990e-29
 229.463785     -1.847  37.019306    12.1113   -0.06024     -1.832    32.0124    24.2489 -9.990e-29
 229.463791     -1.761  37.021149    12.1099   -0.06024     -1.746    32.0153    24.2515 -9.990e-29
 229.463796     -1.663  37.024002    12.1081   -0.06022     -1.649    32.0196    24.2551 -9.990e-29
 229.463802     -1.552  37.024965    12.1044   -0.06022     -1.539    32.0236    24.2590 -9.990e-29
 229.463808     -1.434  37.024788    12.1010   -0.06023     -1.422    32.0263    24.2617 -9.990e-29
 229.463814     -1.321  37.035045    12.1009   -0.06024     -1.310    32.0363    24.2694 -9.990e-29
 229.463819     -1.229  37.052045    12.1030   -0.06025     -1.219    32.0508    24.2803 -9.990e-29
 229.463825     -1.161  37.054722    12.1047   -0.06026     -1.151    32.0519    24.2808 -9.990e-29
 229.463831     -1.107  37.051722    12.1053   -0.06025     -1.098    32.0484    24.2780 -9.990e-29
 229.463837     -1.059  37.059272    12.1057   -0.06024     -1.050    32.0553    24.2833 -9.990e-29
 229.463843     -1.016  37.060539    12.1063   -0.06025     -1.008    32.0560    24.2837 -9.990e-29
 229.463848     -0.970  37.050507    12.1063   -0.06027     -0.962    32.0464    24.2762 -9.990e-29
 229.463854     -0.917  37.049489    12.1053   -0.06027     -0.909    32.0462    24.2763 -9.990e-29
 229.463860     -0.868  37.061763    12.1048   -0.06027     -0.861    32.0584    24.2859 -9.990e-29
 229.463866     -0.827  37.070626    12.1049   -0.06027     -0.820    32.0669    24.2924 -9.990e-29
 229.463872     -0.793  37.062676    12.1040   -0.06025     -0.786    32.0600    24.2872 -9.990e-29
 229.463877     -0.763  37.041927    12.1017   -0.06025     -0.757    32.0420    24.2737 -9.990e-29
 229.463883     -0.731  37.023377    12.0974   -0.06027     -0.725    32.0278    24.2635 -9.990e-29
 229.463889     -0.690  37.019347    12.0911   -0.06027     -0.684    32.0293    24.2658 -9.990e-29
 229.463895     -0.646  37.035712    12.0863   -0.06027     -0.641    32.0491    24.2821 -9.990e-29
 229.463900     -0.611  37.061779    12.0864   -0.06025     -0.606    32.0741    24.3015 -9.990e-29
 229.463906     -0.584  37.068940    12.0897   -0.06025     -0.579    32.0782    24.3040 -9.990e-29
 229.463912     -0.566  37.047133    12.0929   -0.06026     -0.561    32.0544    24.2850 -9.990e-29
 229.463918     -0.550  37.018923    12.0939   -0.06026     -0.545    32.0264    24.2631 -9.990e-29
 229.463924     -0.531  37.006750    12.0922   -0.06026     -0.527    32.0162    24.2554 -9.990e-29
 229.463929     -0.508  37.015730    12.0900   -0.06027     -0.504    32.0267    24.2640 -9.990e-29
 229.463935     -0.484  37.035987    12.0903   -0.06027     -0.480    32.0459    24.2789 -9.990e-29
 229.463941     -0.466  37.044068    12.0927   -0.06027     -0.462    32.0516    24.2829 -9.990e-29
 229.463947     -0.452  37.029457    12.0948   -0.06027     -0.448    32.0358    24.2702 -9.990e-29
 229.463953     -0.433  37.011408    12.0956   -0.06027     -0.429    32.0177    24.2560 -9.990e-29
 229.463958     -0.405  37.010764    12.0955   -0.06028     -0.402    32.0171    24.2556 -9.990e-29
 229.463964     -0.368  37.022768    12.0955   -0.06028     -0.365    32.0287    24.2645 -9.990e-29
 229.463970     -0.330  37.028673    12.0959   -0.06027     -0.327    32.0340    24.2686 -9.990e-29
 229.463976     -0.291  37.024037    12.0961   -0.06027     -0.289    32.0294    24.2650 -9.990e-29
 229.463981     -0.255  37.018414    12.0962   -0.06027     -0.253    32.0238    24.2607 -9.990e-29
 229.463987     -0.228  37.015554    12.0964   -0.06027     -0.226    32.0209    24.2584 -9.990e-29
 229.463993     -0.211  37.010550    12.0953   -0.06027     -0.209    32.0170    24.2555 -9.990e-29
 229.463999     -0.200  37.003489    12.0918   -0.06026     -0.198    32.0132    24.2533 -9.990e-29
 229.464005     -0.185  37.002374    12.0875   -0.06027     -0.183    32.0158    24.2561 -9.990e-29
 229.464010     -0.166  37.011919    12.0848   -0.06029     -0.165    32.0273    24.2655 -9.990e-29
 229.464016     -0.149  37.024122    12.0852   -0.06029     -0.148    32.0387    24.2743 -9.990e-29
 229.464022     -0.138  37.026667    12.0886   -0.06028     -0.137    32.0383    24.2733 -9.990e-29
 229.464028     -0.133  37.021855    12.0930   -0.06027     -0.132    32.0299    24.2659 -9.990e-29
 229.464034     -0.128  37.015639    12.0963   -0.06028     -0.127    32.0210    24.2585 -9.990e-29
 229.464039     -0.115  37.005371    12.0974   -0.06028     -0.114    32.0102    24.2499 -9.990e-29
 229.464045     -0.088  36.995900    12.0962   -0.06028     -0.087    32.0021    24.2438 -9.990e-29
 229.464051     -0.051  36.997627    12.0943   -0.06028     -0.051    32.0054    24.2467 -9.990e-29
 229.464057     -0.013  37.010079    12.0928   -0.06027     -0.013    32.0186    24.2573 -9.990e-29
 229.464063      0.015  37.019032    12.0917   -0.06027      0.015    32.0282    24.2649 -9.990e-29
 229.464068      0.035  37.011765    12.0911   -0.06027      0.035    32.0217    24.2600 -9.990e-29
 229.464074      0.051  36.996570    12.0908   -0.06029      0.051    32.0073    24.2489 -9.990e-29
 229.464080      0.066  36.992481    12.0908   -0.06027      0.065    32.0034    24.2458 -9.990e-29
 229.464086      0.080  37.003049    12.0915   -0.06027      0.079    32.0130    24.2531 -9.990e-29
 229.464091      0.091  37.010979    12.0933   -0.06026      0.090    32.0190    24.2575 -9.990e-29
 229.464097      0.097  37.003872    12.0953   -0.06026      0.096    32.0105    24.2505 -9.990e-29
 229.464103      0.109  36.991914    12.0960   -0.06027      0.108    31.9984    24.2410 -9.990e-29
 229.464109      0.132  36.987239    12.0951   -0.06027      0.131    31.9946    24.2382 -9.990e-29
 229.464115      0.162  36.992617    12.0935   -0.06027      0.161    32.0012    24.2436 -9.990e-29
 229.464120      0.188  37.004028    12.0932   -0.06028      0.186    32.0124    24.2524 -9.990e-29
 229.464126      0.205  37.010346    12.0953   -0.06028      0.203    32.0167    24.2553 -9.990e-29
 229.464132      0.213  37.004878    12.0984   -0.06028      0.211    32.0087    24.2486 -9.990e-29
 229.464138      0.216  36.993823    12.1007   -0.06028      0.214    31.9961    24.2383 -9.990e-29
 229.464144      0.229  36.988836    12.1015   -0.06028      0.227    31.9907    24.2339 -9.990e-29
 229.464149      0.259  36.993393    12.1010   -0.06027      0.257    31.9954    24.2378 -9.990e-29
 229.464155      0.301  37.002942    12.1004   -0.06027      0.298    32.0051    24.2454 -9.990e-29
 229.464161      0.340  37.008365    12.0998   -0.06027      0.337    32.0108    24.2499 -9.990e-29
 229.464167      0.370  37.004016    12.0985   -0.06028      0.367    32.0078    24.2478 -9.990e-29
 229.464172      0.392  36.999269    12.0972   -0.06028      0.389    32.0043    24.2453 -9.990e-29
 229.464178      0.405  37.001287    12.0972   -0.06028      0.402    32.0062    24.2468 -9.990e-29
 229.464184      0.405  37.002131    12.0984   -0.06028      0.402    32.0060    24.2464 -9.990e-29
 229.464190      0.399  36.996219    12.0993   -0.06027      0.396    31.9996    24.2413 -9.990e-29
 229.464196      0.401  36.988599    12.0996   -0.06027      0.398    31.9920    24.2353 -9.990e-29
 229.464201      0.411  36.985408    12.0998   -0.06028      0.408    31.9887    24.2328 -9.990e-29
 229.464207      0.425  36.989153    12.0994   -0.06028      0.421    31.9927    24.2359 -9.990e-29
 229.464213      0.448  36.996439    12.0981   18.68210      0.444    32.0008    24.2424 -9.990e-29
 229.464219      0.481  37.000180    12.0966   34.26543      0.477    32.0057    24.2465 -9.990e-29
 229.464225      0.515  37.000905    12.0961   36.65955      0.511    32.0068    24.2475 -9.990e-29
 229.464230      0.537  37.002413    12.0971   32.63079      0.533    32.0074    24.2477 -9.990e-29
 229.464236      0.551  37.000569    12.0987   21.80440      0.546    32.0042    24.2450 -9.990e-29
 229.464242      0.564  36.992944    12.0996   16.76138      0.559    31.9961    24.2385 -9.990e-29
 229.464248      0.583  36.986790    12.0991   16.72249      0.578    31.9906    24.2344 -9.990e-29
 229.464253      0.608  36.987953    12.0984    7.99052      0.603    31.9923    24.2358 -9.990e-29
 229.464259      0.636  36.992964    12.0986    1.04362      0.631    31.9969    24.2394 -9.990e-29
 229.464265      0.662  36.993385    12.0990   -1.53970      0.656    31.9970    24.2393 -9.990e-29
 229.464271      0.682  36.986439    12.0990   -1.05776      0.676    31.9903    24.2341 -9.990e-29
 229.464277      0.698  36.978040    12.0981    2.93993      0.692    31.9830    24.2286 -9.990e-29
 229.464282      0.710  36.971602    12.0965    4.83310      0.704    31.9782    24.2252 -9.990e-29
 229.464288      0.720  36.964739    12.0952    5.25489      0.714    31.9727    24.2212 -9.990e-29
 229.464294      0.727  36.958423    12.0947    5.55882      0.721    31.9670    24.2169 -9.990e-29
 229.464300      0.733  36.956603    12.0950    5.70894      0.727    31.9650    24.2153 -9.990e-29
 229.464306      0.739  36.958563    12.0962    5.79457      0.733    31.9659    24.2157 -9.990e-29
 229.464311      0.743  36.961896    12.0976    5.87804      0.737    31.9679    24.2170 -9.990e-29
 229.464317      0.747  36.964902    12.0977    5.93800      0.741    31.9707    24.2192 -9.990e-29
 229.464323      0.755  36.965449    12.0952    5.98808      0.749    31.9733    24.2217 -9.990e-29
 229.464329      0.771  36.961490    12.0900    6.02011      0.765    31.9740    24.2232 -9.990e-29
 229.464334      0.793  36.951701    12.0825    6.03307      0.786    31.9710    24.2222 -9.990e-29
 229.464340      0.818  36.941008    12.0763    6.03709      0.811    31.9660    24.2195 -9.990e-29
 229.464346      0.842  36.938739    12.0757    6.04981      0.835    31.9643    24.2183 -9.990e-29
 229.464352      0.860  36.945261    12.0791    6.05368      0.853    31.9676    24.2203 -9.990e-29
 229.464358      0.871  36.951343    12.0818    6.06529      0.864    31.9712    24.2225 -9.990e-29
 229.464363      0.887  36.951662    12.0820    6.08632      0.880    31.9713    24.2226 -9.990e-29
 229.464369      0.910  36.947042    12.0781    6.08914      0.902    31.9702    24.2224 -9.990e-29
 229.464375      0.940  36.940315    12.0709    6.08600      0.932    31.9699    24.2235 -9.990e-29
 229.464381      0.968  36.935241    12.0671    6.08051      0.960    31.9682    24.2230 -9.990e-29
 229.464387      0.990  36.935164    12.0709    6.07675      0.982    31.9649    24.2197 -9.990e-29
 229.464392      1.000  36.940365    12.0784    6.07823      0.992    31.9635    24.2172 -9.990e-29
 229.464398      1.005  36.946565    12.0832    6.08702      0.997    31.9653    24.2177 -9.990e-29
 229.464404      1.013  36.950822    12.0823    6.09146      1.005    31.9702    24.2217 -9.990e-29
 229.464410      1.029  36.951528    12.0771    6.08304      1.020    31.9753    24.2266 -9.990e-29
 229.464416      1.050  36.947952    12.0728    6.08377      1.041    31.9756    24.2276 -9.990e-29
 229.464421      1.069  36.945429    12.0732    6.08518      1.060    31.9728    24.2254 -9.990e-29
 229.464427      1.078  36.946774    12.0776    6.08244      1.069    31.9703    24.2226 -9.990e-29
 229.464433      1.078  36.948736    12.0820    6.07935      1.069    31.9684    24.2203 -9.990e-29
 229.464439      1.077  36.949450    12.0829    6.06857      1.068    31.9683    24.2201 -9.990e-29
 229.464444      1.079  36.947636    12.0807    6.07449      1.070    31.9685    24.2206 -9.990e-29
 229.464450      1.085  36.943127    12.0779    6.07473      1.076    31.9665    24.2196 -9.990e-29
 229.464456      1.095  36.938894    12.0753    6.08194      1.086    31.9647    24.2187 -9.990e-29
 229.464462      1.110  36.935471    12.0702    6.08846      1.101    31.9657    24.2205 -9.990e-29
 229.464468      1.131  36.929422    12.0622    6.08002      1.122    31.9668    24.2227 -9.990e-29
 229.464473      1.154  36.921104    12.0553    6.08831      1.144    31.9647    24.2224 -9.990e-29
 229.464479      1.173  36.916261    12.0538    6.06698      1.163    31.9613    24.2200 -9.990e-29
 229.464485      1.184  36.917978    12.0581    6.04082      1.174    31.9592    24.2177 -9.990e-29
 229.464491      1.189  36.924064    12.0635    6.03876      1.179    31.9605    24.2176 -9.990e-29
 229.464497      1.192  36.930858    12.0663    6.04124      1.182    31.9646    24.2203 -9.990e-29
 229.464502      1.201  36.934527    12.0649    6.08043      1.191    31.9693    24.2242 -9.990e-29
 229.464508      1.222  36.932121    12.0570    6.08847      1.212    31.9738    24.2292 -9.990e-29
 229.464514      1.251  36.921002    12.0439    6.08101      1.241    31.9743    24.2320 -9.990e-29
 229.464520      1.282  36.901497    12.0332    6.06637      1.271    31.9646    24.2265 -9.990e-29
 229.464525      1.308  36.890236    12.0310    6.06185      1.297    31.9557    24.2199 -9.990e-29
 229.464531      1.322  36.898572    12.0342    6.06083      1.311    31.9610    24.2234 -9.990e-29
 229.464537      1.326  36.911262    12.0373    6.06634      1.315    31.9705    24.2303 -9.990e-29
 229.464543      1.328  36.918309    12.0378    6.06875      1.317    31.9769    24.2351 -9.990e-29
 229.464549      1.332  36.920141    12.0343    6.07461      1.321    31.9816    24.2395 -9.990e-29
 229.464554      1.339  36.916406    12.0281    6.07087      1.328    31.9834    24.2420 -9.990e-29
 229.464560      1.349  36.911106    12.0231    6.07049      1.338    31.9825    24.2422 -9.990e-29
 229.464566      1.363  36.908401    12.0219    6.06697      1.352    31.9809    24.2412 -9.990e-29
