data/oxygen options/ONMS/Olympic_Coast_National_Marine_Sanctuary_Hypoxia_Survey_CTD_Data_2004_2015/raw_data/2006/CTD_TH070_062006faed.cnv
* Sea-Bird SBE19 Data File:
* FileName = C:\Hypoxia Data\CTD_TH070_062006.hex
* Software Version 1.1.8
* Temperature SN = 2997
* Conductivity SN = 2997
* System UpLoad Time = Jun 20 2006 12:01:32
* SEACAT PROFILER V3.1c SN 2997   06/20/06  12:00:37.558
* strain gauge pressure sensor: S/N = 184829,  range = 3000 psia,  tc = 40
# nquan = 9                                 
# nvalues = 702                         
# units = specified
# name 0 = timeJ: Julian Days
# name 1 = prSM: Pressure, Strain Gauge [db]
# name 2 = c0mS/cm: Conductivity [mS/cm]
# name 3 = t090C: Temperature [ITS-90, deg C]
# name 4 = oxML/L: Oxygen, Beckman/YSI [ml/l]
# name 5 = depSM: Depth [salt water, m], lat = 47.5
# name 6 = sal00: Salinity, Practical [PSU]
# name 7 = sigma-é00: Density [sigma-theta, kg/m^3]
# name 8 = flag: flag
# span 0 = 171.494826, 171.498883       
# span 1 =     -4.939,     69.063       
# span 2 =   1.012524,  37.194078       
# span 3 =     7.9234,    13.2420       
# span 4 =   -0.83431,   35.24647       
# span 5 =     -4.898,     68.475       
# span 6 =     0.6681,    33.6345       
# span 7 =    -0.0484,    26.2135       
# span 8 = 0.0000e+00, 0.0000e+00       
# interval = seconds: 0.5
# start_time = Jun 20 2006 11:52:33 [Instrument's time stamp, header]
# bad_flag = -9.990e-29
*END*
[from data line 641]
 171.498536     21.392  35.439691    10.1614    6.50114     21.212    32.1479    24.6992 0.0000e+00
 171.498542     20.885  35.493302    10.1995    6.53161     20.710    32.1683    24.7088 0.0000e+00
 171.498547     20.404  35.533701    10.2124    6.56525     20.233    32.1977    24.7296 0.0000e+00
 171.498553     19.949  35.564845    10.2206    6.56871     19.782    32.2220    24.7471 0.0000e+00
 171.498559     19.503  35.587319    10.2355    6.51335     19.339    32.2315    24.7521 0.0000e+00
 171.498565     19.050  35.605285    10.2642    6.45480     18.890    32.2243    24.7416 0.0000e+00
 171.498571     18.585  35.620264    10.3203    6.44141     18.429    32.1898    24.7052 0.0000e+00
 171.498576     18.106  35.647743    10.3958    6.43949     17.954    32.1507    24.6620 0.0000e+00
 171.498582     17.622  35.694634    10.4613    6.45064     17.474    32.1400    24.6426 0.0000e+00
 171.498588     17.141  35.742698    10.5028    6.44345     16.997    32.1517    24.6446 0.0000e+00
 171.498594     16.657  35.776944    10.5285    6.41209     16.517    32.1634    24.6493 0.0000e+00
 171.498600     16.162  35.790881    10.5592    6.36650     16.026    32.1505    24.6340 0.0000e+00
 171.498605     15.654  35.799170    10.6067    6.33932     15.523    32.1171    24.5999 0.0000e+00
 171.498611     15.135  35.822403    10.6567    6.35503     15.008    32.0965    24.5752 0.0000e+00
 171.498617     14.610  35.854541    10.6946    6.38659     14.488    32.0954    24.5678 0.0000e+00
 171.498623     14.089  35.883472    10.7186    6.41464     13.971    32.1033    24.5699 0.0000e+00
 171.498628     13.582  35.909079    10.7339    6.40865     13.468    32.1155    24.5767 0.0000e+00
 171.498634     13.090  35.930173    10.7498    6.36113     12.980    32.1227    24.5796 0.0000e+00
 171.498640     12.599  35.940106    10.7782    6.26045     12.493    32.1079    24.5631 0.0000e+00
 171.498646     12.096  35.948759    10.8336    6.16918     11.995    32.0681    24.5225 0.0000e+00
 171.498652     11.577  35.977769    10.9063    6.18443     11.480    32.0335    24.4829 0.0000e+00
 171.498657     11.050  36.022064    10.9638    6.30881     10.957    32.0273    24.4680 0.0000e+00
 171.498663     10.526  36.060499    10.9956    6.43680     10.438    32.0377    24.4706 0.0000e+00
 171.498669     10.017  36.092729    11.0159    6.55331      9.933    32.0520    24.4782 0.0000e+00
 171.498675      9.514  36.120791    11.0458    6.57307      9.434    32.0538    24.4743 0.0000e+00
 171.498681      9.008  36.141152    11.1181    6.47810      8.933    32.0111    24.4283 0.0000e+00
 171.498686      8.496  36.175355    11.2757    6.37582      8.425    31.9082    24.3204 0.0000e+00
 171.498692      7.985  36.268443    11.5258    6.33260      7.918    31.7838    24.1790 0.0000e+00
 171.498698      7.484  36.421685    11.7928    6.30164      7.421    31.7043    24.0689 0.0000e+00
 171.498704      7.000  36.578003    11.9858    6.30942      6.941    31.6911    24.0232 0.0000e+00
 171.498709      6.537  36.696782    12.0940    6.25453      6.482    31.7137    24.0207 0.0000e+00
 171.498715      6.095  36.764772    12.1543    6.14134      6.044    31.7280    24.0205 0.0000e+00
 171.498721      5.672  36.780651    12.2144    6.03366      5.625    31.6924    23.9818 0.0000e+00
 171.498727      5.267  36.770655    12.3131    5.92231      5.223    31.5997    23.8913 0.0000e+00
 171.498733      4.883  36.773078    12.4282    5.87316      4.842    31.5053    23.7966 0.0000e+00
 171.498738      4.535  36.799574    12.5181    5.83647      4.497    31.4554    23.7409 0.0000e+00
 171.498744      4.230  36.833874    12.5753    5.80730      4.195    31.4403    23.7184 0.0000e+00
 171.498750      3.959  36.858339    12.6024    5.80787      3.926    31.4409    23.7137 0.0000e+00
 171.498756      3.703  36.869138    12.6071    5.81900      3.672    31.4474    23.7178 0.0000e+00
 171.498762      3.450  36.871138    12.6028    5.91939      3.421    31.4530    23.7229 0.0000e+00
 171.498767      3.194  36.863645    12.5971    6.03039      3.167    31.4507    23.7223 0.0000e+00
 171.498773      2.931  36.852376    12.5917    6.09624      2.907    31.4446    23.7186 0.0000e+00
 171.498779      2.665  36.845870    12.5930    6.07617      2.643    31.4375    23.7128 0.0000e+00
 171.498785      2.400  36.843308    12.6206    6.02563      2.380    31.4121    23.6879 0.0000e+00
 171.498791      2.142  36.849689    12.6830    5.93786      2.124    31.3663    23.6405 0.0000e+00
 171.498796      1.900  36.875767    12.7667    5.84361      1.884    31.3215    23.5899 0.0000e+00
 171.498802      1.675  36.945095    12.8648    5.79229      1.661    31.3057    23.5588 0.0000e+00
 171.498808      1.462  37.042400    12.9577    6.75811      1.450    31.3205    23.5523 0.0000e+00
 171.498814      1.259  37.085351    13.0004    6.83553      1.248    31.3256    23.5480 0.0000e+00
 171.498819      1.072  37.020704    12.9838    7.00170      1.063    31.2787    23.5149 0.0000e+00
 171.498825      0.905  36.942386    12.9431    7.13390      0.897    31.2387    23.4919 0.0000e+00
 171.498831      0.766  36.953573    12.9009 -9.990e-29      0.760    31.2842    23.5351 -9.990e-29
 171.498837      0.657  36.968751    12.8588 -9.990e-29      0.652    31.3334    23.5813 -9.990e-29
 171.498843      0.571  36.888084    12.8167 -9.990e-29      0.566    31.2922    23.5576 -9.990e-29
 171.498848      0.500  36.624207    12.7751 -9.990e-29      0.496    31.0777    23.3995 -9.990e-29
 171.498854      0.443  35.848842    12.7331 -9.990e-29      0.439    30.3814    22.8687 -9.990e-29
 171.498860      0.401  33.553971    12.6928 -9.990e-29      0.398    28.2626    21.2372 -9.990e-29
 171.498866      0.370  26.729695    12.6595 -9.990e-29      0.367    22.0129    16.4160 -9.990e-29
 171.498872      0.350  16.280478    12.6359 -9.990e-29      0.347    12.8167     9.3297 -9.990e-29
 171.498877      0.338   8.818333    12.6265 -9.990e-29      0.335     6.6085     4.5444 -9.990e-29
 171.498883      0.334   6.036817 -9.990e-29 -9.990e-29      0.331 -9.990e-29 -9.990e-29 -9.990e-29
