data/oxygen options/ONMS/Olympic_Coast_National_Marine_Sanctuary_Hypoxia_Survey_CTD_Data_2004_2015/raw_data/2006/CTD_TH090_060706faedb.cnv
* Sea-Bird SBE19 Data File:
* FileName = C:\Hypoxia_Data_2006\CTD_TH090_060706.hex
* Software Version 1.1.6
* Temperature SN = 2997
* Conductivity SN = 2997
* System UpLoad Time = Jun 07 2006 10:34:27
* SEACAT PROFILER V3.1c SN 2997   06/07/06  10:33:35.798
* strain gauge pressure sensor: S/N = 184829,  range = 3000 psia,  tc = 40
# nquan = 9
# nvalues = 89                          
# units = specified
# name 0 = timeJ: Julian Days
# name 1 = prSM: Pressure, Strain Gauge [db]
# name 2 = c0mS/cm: Conductivity [mS/cm]
# name 3 = t090C: Temperature [ITS-90, deg C]
# name 4 = oxML/L: Oxygen, Beckman/YSI [ml/l]
# name 5 = depSM: Depth [salt water, m], lat = 47.5
# name 6 = sal00: Salinity, Practical [PSU]
# name 7 = sigma-é00: Density [sigma-theta, kg/m^3]
# name 8 = flag: flag
# span 0 = 158.436643, 158.437761       
# span 1 =      2.000,     90.000       
# span 2 =  33.094776,  37.125508       
# span 3 =     7.8133,    15.0611       
# span 4 =    1.60536,    6.28524       
# span 5 =      1.983,     89.229       
# span 6 =    26.1717,    33.7754       
# span 7 =    19.1656,    26.3407       
# span 8 = 0.0000e+00, 0.0000e+00       
# interval = decibars: 1                
# start_time = Jun 07 2006 10:24:34 [Instrument's time stamp, header]
# bad_flag = -9.990e-29
*END*
 158.436643      2.000  33.094776    15.0611    5.81131      1.983    26.1717    19.1656 0.0000e+00
 158.436663      3.000  34.158387    14.3070    5.99488      2.975    27.6387    20.4459 0.0000e+00
 158.436676      4.000  35.815944    13.5980    6.05760      3.967    29.6645    22.1478 0.0000e+00
 158.436688      5.000  36.132878    13.3572    6.14497      4.958    30.1467    22.5673 0.0000e+00
 158.436699      6.000  36.314788    13.3130    6.22224      5.950    30.3506    22.7335 0.0000e+00
 158.436710      7.000  36.592746    13.3194    6.25554      6.942    30.6032    22.9276 0.0000e+00
 158.436721      8.000  36.784112    13.3133    6.25831      7.933    30.7857    23.0697 0.0000e+00
 158.436732      9.000  36.864357    13.3001    6.23734      8.925    30.8707    23.1380 0.0000e+00
 158.436743     10.000  36.890690    13.2779    6.21447      9.916    30.9128    23.1750 0.0000e+00
 158.436754     11.000  36.905205    13.2463    6.23566     10.908    30.9516    23.2112 0.0000e+00
 158.436765     12.000  36.922362    13.2162    6.28524     11.900    30.9917    23.2481 0.0000e+00
 158.436777     13.000  36.946718    13.1973    6.27343     12.891    31.0296    23.2810 0.0000e+00
 158.436787     14.000  36.992649    13.2183    6.19310     13.883    31.0549    23.2965 0.0000e+00
 158.436799     15.000  37.076213    13.2444    6.17636     14.874    31.1111    23.3349 0.0000e+00
 158.436809     16.000  37.125508    13.1957    6.17217     15.866    31.1967    23.4107 0.0000e+00
 158.436820     17.000  37.103328    13.0774    6.15820     16.857    31.2729    23.4926 0.0000e+00
 158.436830     18.000  37.055819    12.9832    6.16298     17.849    31.3056    23.5362 0.0000e+00
 158.436841     19.000  37.021997    12.9093    6.16143     18.841    31.3345    23.5729 0.0000e+00
 158.436853     20.000  36.993367    12.8091    6.16359     19.832    31.3903    23.6354 0.0000e+00
 158.436864     21.000  36.978037    12.7178    6.13740     20.824    31.4514    23.7002 0.0000e+00
 158.436876     22.000  36.944565    12.6446    6.11615     21.815    31.4803    23.7366 0.0000e+00
 158.436888     23.000  36.905766    12.5643    6.14629     22.806    31.5103    23.7752 0.0000e+00
 158.436900     24.000  36.845276    12.4567    6.13747     23.798    31.5426    23.8205 0.0000e+00
 158.436913     25.000  36.771533    12.3724    5.98790     24.790    31.5427    23.8365 0.0000e+00
 158.436925     26.000  36.719567    12.2864    5.92816     25.781    31.5650    23.8700 0.0000e+00
 158.436939     27.000  36.609091    11.9983    5.97125     26.773    31.7024    24.0301 0.0000e+00
 158.436951     28.000  36.329152    11.5863    5.96097     27.765    31.7827    24.1675 0.0000e+00
 158.436964     29.000  35.997030    11.1866    5.88850     28.756    31.8017    24.2537 0.0000e+00
 158.436975     30.000  35.739009    10.7938    5.77167     29.748    31.8874    24.3891 0.0000e+00
 158.436987     31.000  35.559670    10.4946    5.71073     30.739    31.9701    24.5048 0.0000e+00
 158.436998     32.000  35.433347    10.3076    5.68272     31.730    32.0077    24.5657 0.0000e+00
 158.437009     33.000  35.314464    10.1842    5.63809     32.722    31.9966    24.5777 0.0000e+00
 158.437021     34.000  35.230587    10.0850    5.64674     33.713    31.9993    24.5963 0.0000e+00
 158.437032     35.000  35.179592     9.9908    5.57787     34.705    32.0307    24.6364 0.0000e+00
 158.437045     36.000  35.162469     9.9261    5.45769     35.696    32.0704    24.6780 0.0000e+00
 158.437057     37.000  35.148474     9.8748    5.39006     36.688    32.1013    24.7106 0.0000e+00
 158.437070     38.000  35.118345     9.7132    5.30194     37.679    32.2146    24.8253 0.0000e+00
 158.437082     39.000  34.996436     9.4720    5.28120     38.671    32.3062    24.9357 0.0000e+00
 158.437094     40.000  34.939048     9.3894    5.23028     39.662    32.3214    24.9608 0.0000e+00
 158.437105     41.000  34.914469     9.3503    5.17940     40.654    32.3310    24.9745 0.0000e+00
 158.437117     42.000  34.902315     9.3094    5.10373     41.645    32.3551    24.9998 0.0000e+00
 158.437129     43.000  34.887258     9.2120    4.88156     42.637    32.4274    25.0718 0.0000e+00
 158.437141     44.000  34.845965     9.0780    4.78133     43.628    32.5063    25.1545 0.0000e+00
 158.437154     45.000  34.769502     8.9000    4.66849     44.620    32.5895    25.2471 0.0000e+00
 158.437165     46.000  34.617791     8.6951    4.54062     45.611    32.6190    25.3017 0.0000e+00
 158.437177     47.000  34.509953     8.5762    4.44045     46.602    32.6153    25.3169 0.0000e+00
 158.437188     48.000  34.464439     8.5085    4.38276     47.594    32.6296    25.3383 0.0000e+00
 158.437201     49.000  34.448728     8.4519    4.33685     48.586    32.6650    25.3746 0.0000e+00
 158.437214     50.000  34.442114     8.3905    4.23811     49.577    32.7146    25.4226 0.0000e+00
 158.437226     51.000  34.444040     8.3361    4.11230     50.568    32.7667    25.4716 0.0000e+00
 158.437239     52.000  34.468559     8.3021    4.05728     51.560    32.8239    25.5215 0.0000e+00
 158.437251     53.000  34.495543     8.2854    4.05903     52.551    32.8676    25.5583 0.0000e+00
 158.437265     54.000  34.515905     8.2697    4.08999     53.543    32.9033    25.5886 0.0000e+00
 158.437277     55.000  34.546399     8.2587    4.15925     54.534    32.9455    25.6233 0.0000e+00
 158.437289     56.000  34.591345     8.2570    4.22757     55.525    32.9942    25.6618 0.0000e+00
 158.437301     57.000  34.642534     8.2637    4.17211     56.516    33.0417    25.6981 0.0000e+00
 158.437315     58.000  34.683717     8.2659    3.76985     57.508    33.0828    25.7300 0.0000e+00
 158.437327     59.000  34.744592     8.3004    3.35592     58.499    33.1143    25.7496 0.0000e+00
 158.437339     60.000  34.850233     8.3588    3.07634     59.490    33.1706    25.7851 0.0000e+00
 158.437351     61.000  34.932157     8.3982    2.88654     60.482    33.2196    25.8176 0.0000e+00
 158.437363     62.000  34.980675     8.4303    2.77503     61.473    33.2401    25.8289 0.0000e+00
 158.437375     63.000  35.023577     8.4563    2.71639     62.464    33.2604    25.8409 0.0000e+00
 158.437388     64.000  35.053854     8.4718    2.64714     63.456    33.2772    25.8517 0.0000e+00
 158.437401     65.000  35.076004     8.4977    2.55738     64.447    33.2757    25.8466 0.0000e+00
 158.437414     66.000  35.104055     8.5236    2.43196     65.438    33.2803    25.8463 0.0000e+00
 158.437427     67.000  35.134082     8.5431    2.23955     66.430    33.2932    25.8534 0.0000e+00
 158.437440     68.000  35.163641     8.5356    2.04160     67.421    33.3309    25.8842 0.0000e+00
 158.437454     69.000  35.162979     8.4542    1.97446     68.413    33.4067    25.9560 0.0000e+00
 158.437468     70.000  35.143874     8.3884    1.99256     69.404    33.4484    25.9987 0.0000e+00
 158.437482     71.000  35.129890     8.3409    2.03838     70.395    33.4784    26.0293 0.0000e+00
 158.437495     72.000  35.100277     8.2832    2.06753     71.387    33.5014    26.0561 0.0000e+00
 158.437510     73.000  35.061503     8.2364    2.05943     72.378    33.5045    26.0655 0.0000e+00
 158.437524     74.000  35.043860     8.2000    1.98722     73.369    33.5200    26.0830 0.0000e+00
 158.437538     75.000  35.034220     8.1669    1.87581     74.360    33.5409    26.1044 0.0000e+00
 158.437551     76.000  35.028259     8.1266    1.82145     75.352    33.5727    26.1353 0.0000e+00
 158.437563     77.000  35.023694     8.1101    1.82805     76.343    33.5831    26.1460 0.0000e+00
 158.437575     78.000  35.022080     8.1043    1.82768     77.335    33.5865    26.1495 0.0000e+00
 158.437589     79.000  35.019749     8.0959    1.85626     78.326    33.5915    26.1547 0.0000e+00
 158.437601     80.000  35.017729     8.0869    1.90438     79.317    33.5976    26.1609 0.0000e+00
 158.437615     81.000  35.016114     8.0762    1.94304     80.308    33.6056    26.1688 0.0000e+00
 158.437628     82.000  35.012284     8.0637    1.91478     81.299    33.6131    26.1765 0.0000e+00
 158.437641     83.000  35.008718     8.0427    1.81779     82.290    33.6290    26.1920 0.0000e+00
 158.437653     84.000  34.998835     7.9896    1.70291     83.282    33.6690    26.2313 0.0000e+00
 158.437665     85.000  34.975684     7.9022    1.63786     84.273    33.7279    26.2904 0.0000e+00
 158.437678     86.000  34.956237     7.8525    1.63127     85.264    33.7546    26.3186 0.0000e+00
 158.437693     87.000  34.955897     7.8558    1.62789     86.256    33.7507    26.3151 0.0000e+00
 158.437709     88.000  34.952468     7.8357    1.61464     87.247    33.7659    26.3300 0.0000e+00
 158.437724     89.000  34.941812     7.8143    1.61175     88.238    33.7747    26.3400 0.0000e+00
 158.437761     90.000  34.942043     7.8133    1.60536     89.229    33.7754    26.3407 0.0000e+00
