data/oxygen options/ONMS/Olympic_Coast_National_Marine_Sanctuary_Hypoxia_Survey_CTD_Data_2004_2015/raw_data/2006/CTD_TH060_081706faed.cnv
* Sea-Bird SBE19 Data File:
* FileName = C:\Hypoxia_Data_2006\CTD_TH060_081606.hex
* Software Version 1.1.6
* Temperature SN = 2997
* Conductivity SN = 2997
* System UpLoad Time = Aug 17 2006 10:47:25
* SEACAT PROFILER V3.1c SN 2997   08/17/06  10:46:58.314
* strain gauge pressure sensor: S/N = 184829,  range = 3000 psia,  tc = 40
# nquan = 9                                 
# nvalues = 1185                        
# units = specified
# name 0 = timeJ: Julian Days
# name 1 = prSM: Pressure, Strain Gauge [db]
# name 2 = c0mS/cm: Conductivity [mS/cm]
# name 3 = t090C: Temperature [ITS-90, deg C]
# name 4 = oxML/L: Oxygen, Beckman/YSI [ml/l]
# name 5 = depSM: Depth [salt water, m], lat = 47.5
# name 6 = sal00: Salinity, Practical [PSU]
# name 7 = sigma-é00: Density [sigma-theta, kg/m^3]
# name 8 = flag: flag
# span 0 = 229.440718, 229.447569       
# span 1 =     -1.833,     62.311       
# span 2 =   1.427465,  37.477258       
# span 3 =     5.7447,    18.1419       
# span 4 =   -1.14639,   36.46993       
# span 5 =     -1.818,     61.782       
# span 6 =     0.9670,    35.8738       
# span 7 =     0.2323,    28.2772       
# span 8 = 0.0000e+00, 0.0000e+00       
# interval = seconds: 0.5
# start_time = Aug 17 2006 10:34:38 [Instrument's time stamp, header]
# bad_flag = -9.990e-29
*END*
[from data line 321]
 229.442575      2.171  37.352473    12.3871    6.24059      2.153    32.0941    24.2606 -9.990e-29
 229.442581      2.176  37.357156    12.3873    6.23751      2.158    32.0984    24.2639 -9.990e-29
 229.442587      2.178  37.358912    12.3864    6.23678      2.160    32.1009    24.2660 -9.990e-29
 229.442593      2.181  37.354476    12.3849    6.22735      2.163    32.0979    24.2639 -9.990e-29
 229.442598      2.189  37.348035    12.3841    6.23585      2.171    32.0924    24.2599 -9.990e-29
 229.442604      2.203  37.345026    12.3845    6.23769      2.185    32.0892    24.2573 -9.990e-29
 229.442610      2.223  37.347611    12.3856    6.24812      2.204    32.0907    24.2583 -9.990e-29
 229.442616      2.248  37.351946    12.3863    6.25086      2.229    32.0943    24.2609 -9.990e-29
 229.442622      2.269  37.352593    12.3860    6.23844      2.250    32.0951    24.2616 -9.990e-29
 229.442627      2.284  37.350417    12.3854    6.23430      2.265    32.0936    24.2605 -9.990e-29
 229.442633      2.293  37.349253    12.3853    6.22588      2.274    32.0925    24.2597 -9.990e-29
 229.442639      2.298  37.350354    12.3859    6.24003      2.279    32.0931    24.2600 -9.990e-29
 229.442645      2.298  37.353509    12.3866    6.23982      2.279    32.0955    24.2617 -9.990e-29
 229.442650      2.294  37.356197    12.3860    6.24669      2.275    32.0986    24.2643 -9.990e-29
 229.442656      2.285  37.353589    12.3839    6.24087      2.266    32.0979    24.2641 -9.990e-29
 229.442662      2.276  37.346138    12.3819    6.22612      2.257    32.0925    24.2603 -9.990e-29
 229.442668      2.273  37.338498    12.3819    6.21786      2.254    32.0852    24.2546 -9.990e-29
 229.442674      2.282  37.335632    12.3844    6.21444      2.263    32.0803    24.2504 -9.990e-29
 229.442679      2.298  37.343817    12.3874    6.23383      2.279    32.0856    24.2539 -9.990e-29
 229.442685      2.314  37.357142    12.3882    6.24289      2.295    32.0976    24.2631 -9.990e-29
 229.442691      2.322  37.361398    12.3864    6.24649      2.303    32.1032    24.2678 -9.990e-29
 229.442697      2.319  37.355532    12.3841    6.24341      2.300    32.0996    24.2654 -9.990e-29
 229.442703      2.309  37.348554    12.3828    6.22340      2.290    32.0940    24.2613 -9.990e-29
 229.442708      2.299  37.346871    12.3832    6.21804      2.280    32.0921    24.2597 -9.990e-29
 229.442714      2.298  37.350485    12.3855    6.21880      2.279    32.0935    24.2604 -9.990e-29
 229.442720      2.309  37.357486    12.3891    6.22960      2.290    32.0972    24.2626 -9.990e-29
 229.442726      2.330  37.365990    12.3920    6.23803      2.311    32.1028    24.2664 -9.990e-29
 229.442731      2.348  37.371633    12.3928    6.23633      2.328    32.1075    24.2699 -9.990e-29
 229.442737      2.356  37.371844    12.3917    6.22846      2.336    32.1086    24.2710 -9.990e-29
 229.442743      2.356  37.368028    12.3898    6.22349      2.336    32.1066    24.2698 -9.990e-29
 229.442749      2.346  37.362954    12.3884    6.22362      2.326    32.1030    24.2672 -9.990e-29
 229.442755      2.335  37.358836    12.3881    6.23072      2.315    32.0993    24.2644 -9.990e-29
 229.442760      2.334  37.358041    12.3887    6.23578      2.315    32.0980    24.2633 -9.990e-29
 229.442766      2.345  37.361756    12.3889    6.23032      2.325    32.1014    24.2659 -9.990e-29
 229.442772      2.354  37.364278    12.3882    6.23434      2.334    32.1044    24.2683 -9.990e-29
 229.442778      2.353  37.361118    12.3875    6.23318      2.333    32.1020    24.2666 -9.990e-29
 229.442784      2.352  37.355919    12.3872    6.23509      2.332    32.0973    24.2630 -9.990e-29
 229.442789      2.363  37.353531    12.3876    6.23603      2.343    32.0946    24.2609 -9.990e-29
 229.442795      2.386  37.356945    12.3887    6.22478      2.366    32.0970    24.2625 -9.990e-29
 229.442801      2.410  37.362861    12.3895    6.23019      2.390    32.1019    24.2662 -9.990e-29
 229.442807      2.425  37.365145    12.3894    6.22543      2.405    32.1042    24.2679 -9.990e-29
 229.442813      2.430  37.365163    12.3890    6.23915      2.410    32.1045    24.2683 -9.990e-29
 229.442818      2.435  37.365745    12.3887    6.24558      2.415    32.1053    24.2690 -9.990e-29
 229.442824      2.440  37.364867    12.3884    6.24502      2.420    32.1048    24.2686 -9.990e-29
 229.442830      2.441  37.361547    12.3877    6.23657      2.421    32.1022    24.2667 -9.990e-29
 229.442836      2.438  37.357529    12.3869    6.23365      2.418    32.0990    24.2644 -9.990e-29
 229.442841      2.432  37.354938    12.3870    6.22986      2.412    32.0965    24.2624 -9.990e-29
 229.442847      2.425  37.356491    12.3883    6.22998      2.405    32.0968    24.2625 -9.990e-29
 229.442853      2.421  37.362203    12.3895    6.23209      2.401    32.1013    24.2657 -9.990e-29
 229.442859      2.421  37.366227    12.3890    6.23028      2.401    32.1056    24.2691 -9.990e-29
 229.442865      2.421  37.363834    12.3871    6.22603      2.401    32.1049    24.2689 -9.990e-29
 229.442870      2.415  37.357443    12.3852    6.22471      2.395    32.1004    24.2658 -9.990e-29
 229.442876      2.412  37.351436    12.3842    6.23156      2.392    32.0955    24.2622 -9.990e-29
 229.442882      2.421  37.346782    12.3845    6.22800      2.401    32.0908    24.2585 -9.990e-29
 229.442888      2.438  37.346813    12.3859    6.23102      2.418    32.0896    24.2573 -9.990e-29
 229.442894      2.459  37.353255    12.3870    6.22790      2.438    32.0948    24.2612 -9.990e-29
 229.442899      2.481  37.357308    12.3868    6.24073      2.460    32.0989    24.2643 -9.990e-29
 229.442905      2.498  37.355401    12.3860    6.24022      2.477    32.0977    24.2636 -9.990e-29
 229.442911      2.506  37.352843    12.3855    6.25157      2.485    32.0957    24.2621 -9.990e-29
 229.442917      2.506  37.351835    12.3854    6.24497      2.485    32.0948    24.2615 -9.990e-29
 229.442922      2.498  37.351595    12.3850    6.24530      2.477    32.0950    24.2616 -9.990e-29
 229.442928      2.485  37.348999    12.3841    6.24706      2.464    32.0933    24.2605 -9.990e-29
 229.442934      2.475  37.342832    12.3835    6.23556      2.454    32.0879    24.2564 -9.990e-29
 229.442940      2.477  37.339458    12.3837    6.23585      2.456    32.0845    24.2538 -9.990e-29
 229.442946      2.489  37.343918    12.3844    6.23265      2.468    32.0881    24.2565 -9.990e-29
 229.442951      2.501  37.350377    12.3850    6.24104      2.480    32.0938    24.2607 -9.990e-29
 229.442957      2.505  37.352862    12.3850    6.23072      2.484    32.0962    24.2626 -9.990e-29
 229.442963      2.500  37.353003    12.3851    6.22713      2.479    32.0962    24.2626 -9.990e-29
 229.442969      2.490  37.353796    12.3863    6.23300      2.469    32.0960    24.2622 -9.990e-29
 229.442975      2.485  37.356860    12.3880    6.24213      2.464    32.0974    24.2630 -9.990e-29
 229.442980      2.486  37.360670    12.3889    6.25006      2.465    32.1003    24.2650 -9.990e-29
 229.442986      2.495  37.361335    12.3884    6.24168      2.474    32.1014    24.2660 -9.990e-29
 229.442992      2.508  37.358060    12.3872    6.23479      2.487    32.0993    24.2645 -9.990e-29
 229.442998      2.518  37.354894    12.3866    6.23173      2.497    32.0967    24.2627 -9.990e-29
 229.443003      2.519  37.354908    12.3872    6.22568      2.498    32.0962    24.2622 -9.990e-29
 229.443009      2.518  37.356999    12.3887    6.23274      2.497    32.0970    24.2625 -9.990e-29
 229.443015      2.522  37.360590    12.3903    6.22857      2.501    32.0990    24.2638 -9.990e-29
 229.443021      2.532  37.364862    12.3909    6.23420      2.511    32.1026    24.2664 -9.990e-29
 229.443027      2.539  37.367096    12.3907    6.23895      2.518    32.1049    24.2683 -9.990e-29
 229.443032      2.540  37.366906    12.3903    6.24320      2.519    32.1050    24.2685 -9.990e-29
 229.443038      2.539  37.365722    12.3898    6.24784      2.518    32.1043    24.2680 -9.990e-29
 229.443044      2.541  37.364212    12.3894    6.24301      2.520    32.1032    24.2672 -9.990e-29
 229.443050      2.545  37.363729    12.3897    6.24278      2.524    32.1025    24.2666 -9.990e-29
 229.443056      2.552  37.365312    12.3908    6.23095      2.531    32.1031    24.2668 -9.990e-29
 229.443061      2.558  37.367708    12.3921    6.22195      2.537    32.1043    24.2675 -9.990e-29
 229.443067      2.563  37.369623    12.3932    6.22018      2.542    32.1052    24.2680 -9.990e-29
 229.443073      2.572  37.370808    12.3939    6.22213      2.551    32.1057    24.2683 -9.990e-29
 229.443079      2.581  37.371723    12.3940    6.21381      2.559    32.1065    24.2689 -9.990e-29
 229.443084      2.587  37.373028    12.3942    6.22699      2.565    32.1075    24.2696 -9.990e-29
 229.443090      2.589  37.374220    12.3946    6.22274      2.567    32.1083    24.2702 -9.990e-29
 229.443096      2.589  37.374643    12.3949    6.23144      2.567    32.1085    24.2702 -9.990e-29
 229.443102      2.586  37.374863    12.3951    6.22926      2.564    32.1085    24.2702 -9.990e-29
 229.443108      2.579  37.375175    12.3951    6.23019      2.557    32.1088    24.2705 -9.990e-29
 229.443113      2.569  37.374875    12.3949    6.22607      2.548    32.1087    24.2704 -9.990e-29
 229.443119      2.555  37.374125    12.3947    6.22862      2.534    32.1082    24.2700 -9.990e-29
 229.443125      2.540  37.373608    12.3944    6.22595      2.519    32.1079    24.2699 -9.990e-29
 229.443131      2.527  37.372637    12.3938    6.22276      2.506    32.1075    24.2697 -9.990e-29
 229.443137      2.516  37.371041    12.3934    6.21725      2.495    32.1064    24.2689 -9.990e-29
 229.443142      2.510  37.370621    12.3938    6.22125      2.489    32.1056    24.2682 -9.990e-29
 229.443148      2.513  37.371939    12.3945    6.21844      2.492    32.1063    24.2686 -9.990e-29
 229.443154      2.526  37.373387    12.3948    6.22601      2.505    32.1074    24.2694 -9.990e-29
 229.443160      2.544  37.374092    12.3947    6.22213      2.523    32.1081    24.2700 -9.990e-29
 229.443166      2.561  37.374432    12.3947    6.23339      2.540    32.1085    24.2703 -9.990e-29
 229.443171      2.572  37.374862    12.3949    6.23819      2.551    32.1087    24.2704 -9.990e-29
 229.443177      2.580  37.375396    12.3950    6.23638      2.558    32.1091    24.2707 -9.990e-29
 229.443183      2.585  37.375625    12.3949    6.22920      2.563    32.1094    24.2710 -9.990e-29
 229.443189      2.586  37.375293    12.3947    6.22820      2.564    32.1093    24.2709 -9.990e-29
 229.443194      2.583  37.374519    12.3947    6.22995      2.561    32.1085    24.2703 -9.990e-29
 229.443200      2.578  37.373956    12.3949    6.23895      2.556    32.1078    24.2697 -9.990e-29
 229.443206      2.573  37.373979    12.3949    6.24238      2.552    32.1079    24.2698 -9.990e-29
 229.443212      2.572  37.374057    12.3948    6.23182      2.551    32.1080    24.2699 -9.990e-29
 229.443218      2.572  37.373735    12.3948    6.22113      2.551    32.1077    24.2697 -9.990e-29
 229.443223      2.568  37.373145    12.3949    6.21607      2.547    32.1071    24.2691 -9.990e-29
 229.443229      2.563  37.372624    12.3951    6.21719      2.542    32.1064    24.2686 -9.990e-29
 229.443235      2.567  37.372599    12.3954    6.21545      2.546    32.1061    24.2683 -9.990e-29
 229.443241      2.580  37.373600    12.3955    6.21714      2.558    32.1070    24.2690 -9.990e-29
 229.443247      2.593  37.375279    12.3953    6.22463      2.571    32.1087    24.2704 -9.990e-29
 229.443252      2.603  37.376511    12.3949    6.22063      2.581    32.1103    24.2716 -9.990e-29
 229.443258      2.611  37.376694    12.3946    6.22218      2.589    32.1107    24.2720 -9.990e-29
 229.443264      2.618  37.376076    12.3945    6.22061      2.596    32.1102    24.2716 -9.990e-29
 229.443270      2.623  37.375514    12.3947    6.21857      2.601    32.1095    24.2711 -9.990e-29
 229.443275      2.628  37.375943    12.3952    6.22951      2.606    32.1095    24.2709 -9.990e-29
 229.443281      2.632  37.377376    12.3956    6.23832      2.610    32.1105    24.2717 -9.990e-29
 229.443287      2.640  37.378919    12.3957    6.23975      2.618    32.1119    24.2727 -9.990e-29
 229.443293      2.653  37.379264    12.3954    6.23070      2.631    32.1124    24.2732 -9.990e-29
 229.443299      2.658  37.377751    12.3948    6.22420      2.636    32.1115    24.2726 -9.990e-29
 229.443304      2.652  37.375167    12.3942    6.22107      2.630    32.1096    24.2712 -9.990e-29
 229.443310      2.643  37.372555    12.3937    6.22232      2.621    32.1075    24.2697 -9.990e-29
 229.443316      2.638  37.370924    12.3938    6.22442      2.616    32.1059    24.2684 -9.990e-29
 229.443322      2.642  37.371465    12.3944    6.21888      2.620    32.1059    24.2683 -9.990e-29
 229.443328      2.651  37.373779    12.3947    6.21750      2.629    32.1078    24.2698 -9.990e-29
 229.443333      2.656  37.375343    12.3947    6.22445      2.634    32.1093    24.2709 -9.990e-29
 229.443339      2.655  37.375436    12.3949    6.22769      2.633    32.1092    24.2708 -9.990e-29
 229.443345      2.650  37.375869    12.3954    6.23082      2.628    32.1092    24.2707 -9.990e-29
 229.443351      2.646  37.376659    12.3957    6.22931      2.624    32.1097    24.2710 -9.990e-29
 229.443356      2.642  37.376616    12.3956    6.22588      2.620    32.1097    24.2711 -9.990e-29
 229.443362      2.639  37.376243    12.3953    6.22620      2.617    32.1097    24.2711 -9.990e-29
 229.443368      2.641  37.376167    12.3948    6.23187      2.619    32.1100    24.2714 -9.990e-29
 229.443374      2.655  37.376289    12.3944    6.22769      2.633    32.1105    24.2719 -9.990e-29
 229.443380      2.680  37.376773    12.3945    6.22606      2.658    32.1108    24.2721 -9.990e-29
 229.443385      2.698  37.377143    12.3948    6.22426      2.675    32.1109    24.2722 -9.990e-29
 229.443391      2.704  37.376770    12.3949    6.22138      2.681    32.1105    24.2718 -9.990e-29
 229.443397      2.701  37.376278    12.3948    6.22481      2.678    32.1101    24.2715 -9.990e-29
 229.443403      2.698  37.376137    12.3949    6.23194      2.675    32.1099    24.2713 -9.990e-29
 229.443409      2.699  37.376158    12.3950    6.22782      2.676    32.1098    24.2713 -9.990e-29
 229.443414      2.704  37.376372    12.3951    6.21869      2.681    32.1099    24.2713 -9.990e-29
 229.443420      2.708  37.376503    12.3951    6.21512      2.685    32.1100    24.2714 -9.990e-29
 229.443426      2.709  37.376168    12.3950    6.21381      2.686    32.1098    24.2713 -9.990e-29
 229.443432      2.711  37.375481    12.3949    6.21869      2.688    32.1092    24.2708 -9.990e-29
 229.443437      2.717  37.375211    12.3950    6.22769      2.694    32.1089    24.2705 -9.990e-29
 229.443443      2.728  37.376119    12.3950    6.22955      2.705    32.1098    24.2712 -9.990e-29
 229.443449      2.741  37.377734    12.3951    6.22370      2.718    32.1112    24.2723 -9.990e-29
 229.443455      2.748  37.378844    12.3953    6.21906      2.725    32.1121    24.2730 -9.990e-29
 229.443461      2.744  37.378687    12.3953    6.21694      2.721    32.1119    24.2729 -9.990e-29
 229.443466      2.731  37.377616    12.3952    6.21857      2.708    32.1110    24.2722 -9.990e-29
 229.443472      2.711  37.376446    12.3950    6.22208      2.688    32.1101    24.2715 -9.990e-29
 229.443478      2.695  37.375864    12.3948    6.22213      2.672    32.1097    24.2712 -9.990e-29
 229.443484      2.692  37.376218    12.3949    6.22188      2.670    32.1099    24.2714 -9.990e-29
 229.443490      2.697  37.376860    12.3951    6.22951      2.674    32.1104    24.2717 -9.990e-29
