data/oxygen options/ONMS/Olympic_Coast_National_Marine_Sanctuary_Hypoxia_Survey_CTD_Data_2004_2015/raw_data/2006/CTD_TH070_071806faedb.cnv
* Sea-Bird SBE19 Data File:
* FileName = C:\Hypoxia Data\CTD_TH070_071806.hex
* Software Version 1.1.8
* Temperature SN = 2997
* Conductivity SN = 2997
* System UpLoad Time = Jul 18 2006 14:11:00
* SEACAT PROFILER V3.1c SN 2997   07/18/06  14:10:09.285
* strain gauge pressure sensor: S/N = 184829,  range = 3000 psia,  tc = 40
# nquan = 9
# nvalues = 63                          
# units = specified
# name 0 = timeJ: Julian Days
# name 1 = prSM: Pressure, Strain Gauge [db]
# name 2 = c0mS/cm: Conductivity [mS/cm]
# name 3 = t090C: Temperature [ITS-90, deg C]
# name 4 = oxML/L: Oxygen, Beckman/YSI [ml/l]
# name 5 = depSM: Depth [salt water, m], lat = 47.5
# name 6 = sal00: Salinity, Practical [PSU]
# name 7 = sigma-é00: Density [sigma-theta, kg/m^3]
# name 8 = flag: flag
# span 0 = 197.413197, 201.902877       
# span 1 =      3.000,     69.000       
# span 2 =  34.444464,  37.992940       
# span 3 =     7.6141,    13.3131       
# span 4 =    2.42622,    6.72581       
# span 5 =      2.975,     68.413       
# span 6 =    31.8751,    33.8124       
# span 7 =    23.9426,    26.3982       
# span 8 = 0.0000e+00, 0.0000e+00       
# interval = decibars: 1                
# start_time = Jul 18 2006 13:58:20 [Instrument's time stamp, header]
# bad_flag = -9.990e-29
*END*
 199.584328      3.000  37.992940    13.3131    6.72581      2.975    31.9149    23.9426 0.0000e+00
 199.584371      4.000  37.722601    12.8672    6.18834      3.967    32.0367    24.1236 0.0000e+00
 197.413197      6.000  36.150024    11.2082    5.91146      5.950    31.8751    24.2901 0.0000e+00
 199.584763      7.000  36.309132    11.0042    5.94350      6.942    32.2772    24.6553 0.0000e+00
 199.584779      8.000  36.137785    10.7422    5.84804      7.933    32.3380    24.7483 0.0000e+00
 199.584794      9.000  35.976692    10.4938    5.94528      8.925    32.3972    24.8372 0.0000e+00
 199.584813     10.000  35.694070    10.2359    6.01250      9.916    32.3428    24.8386 0.0000e+00
 201.902877     12.000  35.984241    10.1817    5.73957     11.900    32.7466    25.1780 0.0000e+00
 199.585221     13.000  35.495000     9.9566    5.49836     12.891    32.3901    24.9220 0.0000e+00
 199.585234     14.000  35.396840     9.8194    5.43098     13.883    32.4133    24.9627 0.0000e+00
 199.585247     15.000  35.266876     9.6613    5.46527     14.874    32.4228    24.9959 0.0000e+00
 199.585260     16.000  35.168709     9.5497    5.45568     15.866    32.4227    25.0139 0.0000e+00
 199.585274     17.000  35.102565     9.4641    5.40229     16.857    32.4319    25.0348 0.0000e+00
 199.585287     18.000  35.044689     9.3695    5.32030     17.849    32.4577    25.0701 0.0000e+00
 199.585301     19.000  34.941619     9.2257    5.36332     18.841    32.4817    25.1117 0.0000e+00
 199.585319     20.000  34.835851     9.1260    5.38746     19.832    32.4628    25.1126 0.0000e+00
 199.300301     22.000  34.692266     8.9686    5.12656     21.815    32.4500    25.1255 0.0000e+00
 199.585680     23.000  34.678709     8.8678    5.01045     22.807    32.5342    25.2086 0.0000e+00
 199.585694     24.000  34.602257     8.7688    4.96464     23.798    32.5450    25.2322 0.0000e+00
 199.585706     25.000  34.555111     8.7048    4.86343     24.790    32.5541    25.2491 0.0000e+00
 199.585720     26.000  34.530820     8.6742    4.61087     25.781    32.5564    25.2556 0.0000e+00
 199.585732     27.000  34.530879     8.6351    4.38769     26.773    32.5920    25.2894 0.0000e+00
 199.585745     28.000  34.540136     8.6062    4.09811     27.764    32.6279    25.3219 0.0000e+00
 199.585759     29.000  34.544102     8.5787    3.68283     28.756    32.6570    25.3489 0.0000e+00
 199.585775     30.000  34.567526     8.5245    3.58551     29.748    32.7314    25.4154 0.0000e+00
 199.585798     31.000  34.567423     8.4909    3.86290     30.739    32.7620    25.4444 0.0000e+00
 199.586033     32.000  34.557918     8.4506    3.58120     31.730    32.7890    25.4717 0.0000e+00
 199.586086     33.000  34.533681     8.3844    3.74802     32.722    32.8247    25.5096 0.0000e+00
 199.586102     34.000  34.499000     8.3022    3.82407     33.713    32.8642    25.5529 0.0000e+00
 199.586115     35.000  34.484863     8.2546    3.83137     34.705    32.8934    25.5828 0.0000e+00
 199.586127     36.000  34.481009     8.2291    3.81286     35.697    32.9127    25.6018 0.0000e+00
 199.586140     37.000  34.481281     8.2134    3.78822     36.688    32.9273    25.6155 0.0000e+00
 199.586153     38.000  34.481288     8.1920    3.74659     37.679    32.9469    25.6340 0.0000e+00
 199.586169     39.000  34.481478     8.1715    3.66752     38.671    32.9659    25.6520 0.0000e+00
 199.586189     40.000  34.486879     8.1401    3.59726     39.662    33.0007    25.6840 0.0000e+00
 199.337307     42.000  34.444464     8.1001    3.43463     41.645    32.9873    25.6782 0.0000e+00
 199.586496     43.000  34.494753     8.0711    3.30983     42.636    33.0727    25.7506 0.0000e+00
 199.586512     44.000  34.508774     8.0188    3.24439     43.628    33.1366    25.8085 0.0000e+00
 199.586526     45.000  34.537728     7.9834    3.26150     44.619    33.2006    25.8639 0.0000e+00
 199.586539     46.000  34.553573     7.9815    3.30620     45.610    33.2188    25.8784 0.0000e+00
 199.586551     47.000  34.571890     7.9803    3.31967     46.602    33.2391    25.8946 0.0000e+00
 199.586564     48.000  34.599606     7.9727    3.30938     47.594    33.2755    25.9243 0.0000e+00
 199.586582     49.000  34.615456     7.9652    3.29746     48.585    33.2991    25.9439 0.0000e+00
 199.586609     50.000  34.614354     7.9783    3.29775     49.576    33.2849    25.9309 0.0000e+00
 199.586921     51.000  34.637112     7.9389    3.20644     50.568    33.3463    25.9849 0.0000e+00
 199.586998     52.000  34.651470     7.9275    3.16999     51.559    33.3721    26.0068 0.0000e+00
 199.587014     53.000  34.679495     7.9204    3.16282     52.551    33.4084    26.0364 0.0000e+00
 199.587028     54.000  34.699574     7.9159    3.14467     53.542    33.4338    26.0569 0.0000e+00
 199.587043     55.000  34.715106     7.9116    3.09068     54.534    33.4540    26.0734 0.0000e+00
 199.587056     56.000  34.737063     7.9033    2.95388     55.525    33.4850    26.0991 0.0000e+00
 199.587071     57.000  34.768811     7.8625    2.73627     56.516    33.5578    26.1621 0.0000e+00
 199.587085     58.000  34.797279     7.7751    2.58922     57.508    33.6720    26.2646 0.0000e+00
 199.587103     59.000  34.803864     7.7002    2.56379     58.499    33.7511    26.3375 0.0000e+00
 199.587130     60.000  34.805875     7.7029    2.60121     59.490    33.7502    26.3364 0.0000e+00
 199.587495     61.000  34.798275     7.6691    2.51166     60.482    33.7743    26.3602 0.0000e+00
 199.587516     62.000  34.792130     7.6473    2.45872     61.474    33.7884    26.3745 0.0000e+00
 199.587532     63.000  34.786631     7.6229    2.44007     62.464    33.8057    26.3916 0.0000e+00
 199.587549     64.000  34.786012     7.6184    2.43106     63.456    33.8089    26.3948 0.0000e+00
 199.587564     65.000  34.785791     7.6171    2.43338     64.448    33.8094    26.3954 0.0000e+00
 199.587577     66.000  34.785409     7.6147    2.42622     65.439    33.8109    26.3969 0.0000e+00
 199.587590     67.000  34.785762     7.6141    2.43703     66.430    33.8114    26.3974 0.0000e+00
 199.587604     68.000  34.787026     7.6143    2.43376     67.421    33.8120    26.3979 0.0000e+00
 199.587623     69.000  34.787879     7.6144    2.43120     68.413    33.8124    26.3982 0.0000e+00
