data/oxygen options/ONMS/Olympic_Coast_National_Marine_Sanctuary_Hypoxia_Survey_CTD_Data_2004_2015/raw_data/2006/CTD_TH100_071806faedb.cnv
* Sea-Bird SBE19 Data File:
* FileName = C:\Hypoxia Data\CTD_TH0100_071806.hex
* Software Version 1.1.8
* Temperature SN = 2997
* Conductivity SN = 2997
* System UpLoad Time = Jul 18 2006 12:53:16
* SEACAT PROFILER V3.1c SN 2997   07/18/06  12:52:12.815
* strain gauge pressure sensor: S/N = 184829,  range = 3000 psia,  tc = 40
# nquan = 9
# nvalues = 98                          
# units = specified
# name 0 = timeJ: Julian Days
# name 1 = prSM: Pressure, Strain Gauge [db]
# name 2 = c0mS/cm: Conductivity [mS/cm]
# name 3 = t090C: Temperature [ITS-90, deg C]
# name 4 = oxML/L: Oxygen, Beckman/YSI [ml/l]
# name 5 = depSM: Depth [salt water, m], lat = 47.5
# name 6 = sal00: Salinity, Practical [PSU]
# name 7 = sigma-é00: Density [sigma-theta, kg/m^3]
# name 8 = flag: flag
# span 0 = 199.532749, 199.534099       
# span 1 =      3.000,    100.000       
# span 2 =  34.347784,  38.794825       
# span 3 =     7.3878,    14.1315       
# span 4 =    2.12435,    6.59557       
# span 5 =      2.975,     99.142       
# span 6 =    31.9757,    33.8819       
# span 7 =    23.8240,    26.4827       
# span 8 = 0.0000e+00, 0.0000e+00       
# interval = decibars: 1                
# start_time = Jul 18 2006 12:42:53 [Instrument's time stamp, header]
# bad_flag = -9.990e-29
*END*
 199.532749      3.000  38.794825    14.1315    6.59557      2.975    31.9757    23.8240 0.0000e+00
 199.532769      4.000  38.757176    14.0636    6.24603      3.967    31.9970    23.8546 0.0000e+00
 199.532783      5.000  38.682780    13.9305    6.01449      4.958    32.0389    23.9142 0.0000e+00
 199.532794      6.000  38.473345    13.4394    5.76177      5.950    32.2563    24.1815 0.0000e+00
 199.532807      7.000  37.790763    12.6311    5.72185      6.941    32.3011    24.3751 0.0000e+00
 199.532818      8.000  37.091605    11.8462    5.62181      7.933    32.3073    24.5276 0.0000e+00
 199.532829      9.000  36.405835    11.0121    5.34632      8.924    32.3650    24.7230 0.0000e+00
 199.532840     10.000  35.952670    10.6949    5.08330      9.916    32.1951    24.6455 0.0000e+00
 199.532852     11.000  35.754234    10.4420    5.00625     10.908    32.2196    24.7077 0.0000e+00
 199.532864     12.000  35.522735    10.0725    4.97155     11.900    32.3148    24.8441 0.0000e+00
 199.532874     13.000  35.264210     9.7982    4.95389     12.891    32.2979    24.8761 0.0000e+00
 199.532886     14.000  35.142193     9.6891    4.99384     13.883    32.2710    24.8728 0.0000e+00
 199.532897     15.000  35.107884     9.6422    5.06290     14.874    32.2776    24.8856 0.0000e+00
 199.532909     16.000  35.088132     9.6129    5.13995     15.865    32.2833    24.8948 0.0000e+00
 199.532921     17.000  35.077807     9.5835    5.21091     16.858    32.2988    24.9116 0.0000e+00
 199.532934     18.000  35.078826     9.5568    5.23065     17.849    32.3234    24.9351 0.0000e+00
 199.532946     19.000  35.085275     9.5329    5.25514     18.840    32.3512    24.9608 0.0000e+00
 199.532956     20.000  35.092058     9.4809    5.34832     19.832    32.4046    25.0109 0.0000e+00
 199.532968     21.000  35.038524     9.3633    5.44598     20.824    32.4556    25.0695 0.0000e+00
 199.532979     22.000  34.928747     9.2354    5.47601     21.816    32.4584    25.0919 0.0000e+00
 199.532992     23.000  34.872188     9.1539    5.58451     22.807    32.4736    25.1167 0.0000e+00
 199.533004     24.000  34.834456     9.0639    5.70069     23.799    32.5163    25.1641 0.0000e+00
 199.533016     25.000  34.783914     8.9666    5.73186     24.790    32.5523    25.2075 0.0000e+00
 199.533027     26.000  34.729194     8.8956    5.72582     25.781    32.5600    25.2246 0.0000e+00
 199.533037     27.000  34.701543     8.8630    5.73475     26.773    32.5607    25.2300 0.0000e+00
 199.533049     28.000  34.690834     8.8448    5.73014     27.764    32.5657    25.2369 0.0000e+00
 199.533061     29.000  34.677509     8.8210    5.67704     28.756    32.5733    25.2465 0.0000e+00
 199.533073     30.000  34.658699     8.7857    5.58819     29.748    32.5857    25.2616 0.0000e+00
 199.533084     31.000  34.633034     8.7327    5.54219     30.739    32.6072    25.2866 0.0000e+00
 199.533096     32.000  34.582372     8.6446    5.47076     31.731    32.6349    25.3216 0.0000e+00
 199.533107     33.000  34.491671     8.5579    5.42441     32.722    32.6194    25.3227 0.0000e+00
 199.533119     34.000  34.442739     8.5061    5.35246     33.714    32.6154    25.3273 0.0000e+00
 199.533132     35.000  34.399605     8.4248    5.31175     34.705    32.6448    25.3625 0.0000e+00
 199.533143     36.000  34.377527     8.3831    5.26384     35.696    32.6597    25.3805 0.0000e+00
 199.533156     37.000  34.369554     8.3647    5.18554     36.688    32.6679    25.3897 0.0000e+00
 199.533169     38.000  34.364098     8.3404    5.09229     37.680    32.6843    25.4062 0.0000e+00
 199.533182     39.000  34.355999     8.2921    5.01263     38.671    32.7201    25.4414 0.0000e+00
 199.533195     40.000  34.348791     8.2529    4.91552     39.662    32.7486    25.4696 0.0000e+00
 199.533209     41.000  34.347784     8.2193    4.79744     40.654    32.7783    25.4979 0.0000e+00
 199.533222     42.000  34.352229     8.1792    4.72204     41.645    32.8201    25.5366 0.0000e+00
 199.533235     43.000  34.365615     8.1668    4.72833     42.637    32.8455    25.5583 0.0000e+00
 199.533249     44.000  34.370142     8.1694    4.65355     43.628    32.8473    25.5593 0.0000e+00
 199.533263     45.000  34.366774     8.1443    4.56871     44.620    32.8669    25.5784 0.0000e+00
 199.533274     46.000  34.371800     8.1210    4.51523     45.611    32.8936    25.6028 0.0000e+00
 199.533285     47.000  34.380416     8.1033    4.44041     46.602    32.9188    25.6252 0.0000e+00
 199.533297     48.000  34.390411     8.0872    4.37294     47.594    32.9441    25.6474 0.0000e+00
 199.533309     49.000  34.401716     8.0753    4.34542     48.586    32.9669    25.6671 0.0000e+00
 199.533322     50.000  34.408103     8.0621    4.29808     49.577    32.9857    25.6838 0.0000e+00
 199.533334     51.000  34.414333     8.0518    4.20258     50.568    33.0015    25.6977 0.0000e+00
 199.533347     52.000  34.430299     8.0418    4.06848     51.560    33.0275    25.7196 0.0000e+00
 199.533359     53.000  34.456046     8.0251    3.96323     52.551    33.0702    25.7556 0.0000e+00
 199.533373     54.000  34.483016     8.0023    3.91803     53.542    33.1201    25.7980 0.0000e+00
 199.533385     55.000  34.499631     7.9945    3.85794     54.534    33.1448    25.8186 0.0000e+00
 199.533398     56.000  34.506290     7.9815    3.78178     55.525    33.1637    25.8354 0.0000e+00
 199.533410     57.000  34.516812     7.9605    3.72693     56.516    33.1944    25.8626 0.0000e+00
 199.533422     58.000  34.526092     7.9438    3.67435     57.508    33.2196    25.8848 0.0000e+00
 199.533433     59.000  34.536001     7.9268    3.60163     58.499    33.2460    25.9080 0.0000e+00
 199.533445     60.000  34.554995     7.9098    3.54076     59.490    33.2820    25.9387 0.0000e+00
 199.533459     61.000  34.572966     7.8951    3.47512     60.482    33.3147    25.9666 0.0000e+00
 199.533471     62.000  34.594159     7.8782    3.41115     61.473    33.3532    25.9992 0.0000e+00
 199.533484     63.000  34.606536     7.8525    3.32613     62.465    33.3905    26.0323 0.0000e+00
 199.533496     64.000  34.615622     7.8232    3.26992     63.456    33.4278    26.0659 0.0000e+00
 199.533508     65.000  34.628356     7.8052    3.22896     64.447    33.4583    26.0924 0.0000e+00
 199.533521     66.000  34.644354     7.7943    3.19087     65.439    33.4855    26.1153 0.0000e+00
 199.533533     67.000  34.666088     7.7902    3.16776     66.430    33.5122    26.1370 0.0000e+00
 199.533546     68.000  34.697634     7.8002    3.17496     67.422    33.5360    26.1542 0.0000e+00
 199.533559     69.000  34.714726     7.8084    3.19491     68.413    33.5460    26.1609 0.0000e+00
 199.533573     70.000  34.723161     7.8163    3.18092     69.404    33.5470    26.1606 0.0000e+00
 199.533586     71.000  34.748398     7.8373    3.13651     70.395    33.5534    26.1626 0.0000e+00
 199.533599     72.000  34.788821     7.8536    3.13001     71.386    33.5806    26.1816 0.0000e+00
 199.533612     73.000  34.804446     7.8580    3.12868     72.378    33.5927    26.1905 0.0000e+00
 199.533625     74.000  34.814139     7.8604    3.06701     73.369    33.6003    26.1960 0.0000e+00
 199.533639     75.000  34.855473     7.8876    2.98699     74.360    33.6179    26.2060 0.0000e+00
 199.533652     76.000  34.941864     7.9241    2.93319     75.352    33.6749    26.2454 0.0000e+00
 199.533667     77.000  34.992913     7.9335    2.90503     76.343    33.7200    26.2795 0.0000e+00
 199.533682     78.000  35.005257     7.9244    2.86829     77.335    33.7415    26.2978 0.0000e+00
 199.533695     79.000  35.003879     7.9122    2.84774     78.326    33.7513    26.3072 0.0000e+00
 199.533709     80.000  35.006760     7.9094    2.84986     79.317    33.7566    26.3118 0.0000e+00
 199.533723     81.000  35.007978     7.9097    2.84166     80.308    33.7572    26.3122 0.0000e+00
 199.533737     82.000  35.009245     7.9058    2.81784     81.299    33.7618    26.3164 0.0000e+00
 199.533750     83.000  34.999518     7.8800    2.78171     82.291    33.7760    26.3313 0.0000e+00
 199.533764     84.000  34.975470     7.8551    2.75283     83.282    33.7737    26.3331 0.0000e+00
 199.533778     85.000  34.959101     7.8342    2.75040     84.273    33.7759    26.3380 0.0000e+00
 199.533793     86.000  34.936317     7.8100    2.74942     85.265    33.7744    26.3403 0.0000e+00
 199.533807     87.000  34.932527     7.7948    2.69414     86.256    33.7845    26.3505 0.0000e+00
 199.533820     88.000  34.934371     7.7823    2.61838     87.247    33.7981    26.3631 0.0000e+00
 199.533833     89.000  34.927071     7.7438    2.51091     88.238    33.8271    26.3914 0.0000e+00
 199.533846     90.000  34.868881     7.6473    2.38315     89.230    33.8577    26.4294 0.0000e+00
 199.533861     91.000  34.792675     7.5683    2.24280     90.221    33.8519    26.4361 0.0000e+00
 199.533876     92.000  34.730416     7.4703    2.16572     91.212    33.8795    26.4718 0.0000e+00
 199.533891     93.000  34.681664     7.4133    2.13046     92.203    33.8819    26.4818 0.0000e+00
 199.533907     94.000  34.664525     7.4017    2.14395     93.194    33.8742    26.4773 0.0000e+00
 199.533926     95.000  34.663546     7.3974    2.13667     94.185    33.8768    26.4801 0.0000e+00
 199.533947     96.000  34.663874     7.3969    2.13523     95.177    33.8772    26.4804 0.0000e+00
 199.533968     97.000  34.663636     7.3987    2.14662     96.168    33.8747    26.4782 0.0000e+00
 199.533985     98.000  34.662635     7.3961    2.14665     97.159    33.8756    26.4793 0.0000e+00
 199.534006     99.000  34.661541     7.3960    2.12435     98.150    33.8740    26.4781 0.0000e+00
 199.534099    100.000  34.658458     7.3878    2.15392     99.142    33.8782    26.4827 0.0000e+00
