data/oxygen options/ONMS/Olympic_Coast_National_Marine_Sanctuary_Hypoxia_Survey_CTD_Data_2004_2015/raw_data/2006/CTD_TH030_081706faed.cnv
* Sea-Bird SBE19 Data File:
* FileName = C:\Hypoxia_Data_2006\CTD_TH030_081706.hex
* Software Version 1.1.6
* Temperature SN = 2997
* Conductivity SN = 2997
* System UpLoad Time = Aug 17 2006 08:55:22
* SEACAT PROFILER V3.1c SN 2997   08/17/06  08:54:49.629
* strain gauge pressure sensor: S/N = 184829,  range = 3000 psia,  tc = 40
# nquan = 9                                 
# nvalues = 873                         
# units = specified
# name 0 = timeJ: Julian Days
# name 1 = prSM: Pressure, Strain Gauge [db]
# name 2 = c0mS/cm: Conductivity [mS/cm]
# name 3 = t090C: Temperature [ITS-90, deg C]
# name 4 = oxML/L: Oxygen, Beckman/YSI [ml/l]
# name 5 = depSM: Depth [salt water, m], lat = 47.5
# name 6 = sal00: Salinity, Practical [PSU]
# name 7 = sigma-é00: Density [sigma-theta, kg/m^3]
# name 8 = flag: flag
# span 0 = 229.365069, 229.370116       
# span 1 =     -3.623,     30.676       
# span 2 =   0.723719,  38.562171       
# span 3 =     8.4318,    21.0442       
# span 4 =   -3.54779,   39.00727       
# span 5 =     -3.593,     30.418       
# span 6 =     0.4755,    34.7167       
# span 7 =    -0.1532,    26.5918       
# span 8 = 0.0000e+00, 0.0000e+00       
# interval = seconds: 0.5
# start_time = Aug 17 2006 08:45:42 [Instrument's time stamp, header]
# bad_flag = -9.990e-29
*END*
 229.365069     -3.589 -9.990e-29    12.1523   -0.07321     -3.559 -9.990e-29 -9.990e-29 -9.990e-29
 229.365075     -3.598   0.900531    12.1500   -0.07320     -3.568     0.5979    -0.0508 -9.990e-29
 229.365081     -3.610   0.900531    12.1481   -0.07320     -3.580     0.5979    -0.0506 -9.990e-29
 229.365087     -3.621   0.900530    12.1473   -0.07319     -3.591     0.5980    -0.0505 -9.990e-29
 229.365093     -3.623   0.900529    12.1474   -0.07320     -3.593     0.5980    -0.0505 -9.990e-29
 229.365098     -3.617   0.900524    12.1479   -0.07320     -3.587     0.5979    -0.0506 -9.990e-29
 229.365104     -3.610   0.900510    12.1488   -0.07319     -3.580     0.5979    -0.0507 -9.990e-29
 229.365110     -3.603   0.900469    12.1494   -0.07318     -3.573     0.5979    -0.0508 -9.990e-29
 229.365116     -3.590   0.900349    12.1497   -0.07317     -3.560     0.5978    -0.0509 -9.990e-29
 229.365122     -3.574   0.899990    12.1502   -0.07316     -3.544     0.5975    -0.0511 -9.990e-29
 229.365127     -3.560   0.899471    12.1516   -0.07314     -3.530     0.5972    -0.0516 -9.990e-29
 229.365133     -3.545   0.899210    12.1534   -0.07314     -3.515     0.5969    -0.0520 -9.990e-29
 229.365139     -3.530   0.899415    12.1549   -0.07314     -3.501     0.5971    -0.0521 -9.990e-29
 229.365145     -3.514   0.899804    12.1555   -0.07312     -3.485     0.5973    -0.0519 -9.990e-29
 229.365150     -3.494   0.899789    12.1564   -0.07312     -3.465     0.5973    -0.0521 -9.990e-29
 229.365156     -3.471   0.899352    12.1591   -0.07313     -3.442     0.5970    -0.0526 -9.990e-29
 229.365162     -3.442   0.899020    12.1639   -0.07313     -3.413     0.5966    -0.0534 -9.990e-29
 229.365168     -3.410   0.898908    12.1698   -0.07313     -3.382     0.5965    -0.0543 -9.990e-29
 229.365174     -3.381   0.898867    12.1757   -0.07313     -3.353     0.5964    -0.0551 -9.990e-29
 229.365179     -3.358   0.898844    12.1807   -0.07313     -3.330     0.5963    -0.0557 -9.990e-29
 229.365185     -3.340   0.898808    12.1844   -0.07314     -3.312     0.5962    -0.0562 -9.990e-29
 229.365191     -3.326   0.898714    12.1875   -0.07314     -3.298     0.5961    -0.0567 -9.990e-29
 229.365197     -3.313   0.898437    12.1900   -0.07314     -3.285     0.5958    -0.0571 -9.990e-29
 229.365203     -3.303   0.898164    12.1907   -0.07316     -3.275     0.5956    -0.0574 -9.990e-29
 229.365208     -3.294   0.898088    12.1897   -0.07318     -3.267     0.5956    -0.0573 -9.990e-29
 229.365214     -3.284   0.898107    12.1891   -0.07321     -3.257     0.5956    -0.0572 -9.990e-29
 229.365220     -3.275   0.898250    12.1889   -0.07323     -3.248     0.5957    -0.0571 -9.990e-29
 229.365226     -3.269   0.898153    12.1883   -0.07323     -3.242     0.5957    -0.0571 -9.990e-29
 229.365231     -3.271   0.897689    12.1873   -0.07323     -3.244     0.5954    -0.0572 -9.990e-29
 229.365237     -3.276   0.897349    12.1859   -0.07321     -3.249     0.5951    -0.0572 -9.990e-29
 229.365243     -3.276   0.897235    12.1841   -0.07320     -3.249     0.5951    -0.0570 -9.990e-29
 229.365249     -3.267   0.897196    12.1805   -0.07319     -3.240     0.5951    -0.0566 -9.990e-29
 229.365255     -3.252   0.897181    12.1741   -0.07317     -3.225     0.5952    -0.0558 -9.990e-29
 229.365260     -3.234   0.897174    12.1652   -0.07317     -3.207     0.5953    -0.0546 -9.990e-29
 229.365266     -3.214   0.897167    12.1557   -0.07316     -3.187     0.5955    -0.0534 -9.990e-29
 229.365272     -3.189   0.897152    12.1488   -0.07314     -3.162     0.5956    -0.0525 -9.990e-29
 229.365278     -3.162   0.897110    12.1464   -0.07313     -3.136     0.5956    -0.0522 -9.990e-29
 229.365284     -3.135   0.896986    12.1481   -0.07312     -3.109     0.5955    -0.0525 -9.990e-29
 229.365289     -3.107   0.896615    12.1526   -0.07311     -3.081     0.5952    -0.0533 -9.990e-29
 229.365295     -3.081   0.896059    12.1580   -0.07310     -3.055     0.5947    -0.0543 -9.990e-29
 229.365301     -3.059   0.895688    12.1633   -0.07310     -3.033     0.5943    -0.0552 -9.990e-29
 229.365307     -3.039   0.895564    12.1687   -0.07309     -3.014     0.5942    -0.0559 -9.990e-29
 229.365312     -3.021   0.895522    12.1738   -0.07309     -2.996     0.5941    -0.0566 -9.990e-29
 229.365318     -3.003   0.895507    12.1791   -0.07310     -2.978     0.5940    -0.0573 -9.990e-29
 229.365324     -2.983   0.895502    12.1851   -0.07310     -2.958     0.5939    -0.0581 -9.990e-29
 229.365330     -2.962   0.895499    12.1915   -0.07310     -2.937     0.5938    -0.0589 -9.990e-29
 229.365336     -2.937   0.895497    12.1975   -0.07310     -2.913     0.5937    -0.0597 -9.990e-29
 229.365341     -2.907   0.895496    12.2026   -0.07309     -2.883     0.5936    -0.0604 -9.990e-29
 229.365347     -2.870   0.895495    12.2066   -0.07309     -2.846     0.5935    -0.0609 -9.990e-29
 229.365353     -2.828   0.895494    12.2094   -0.07309     -2.804     0.5935    -0.0613 -9.990e-29
 229.365359     -2.787   0.895492    12.2113   -0.07308     -2.764     0.5935    -0.0615 -9.990e-29
 229.365365     -2.752   0.895490    12.2115   -0.07308     -2.729     0.5935    -0.0615 -9.990e-29
 229.365370     -2.726   0.895484    12.2101   -0.07305     -2.703     0.5935    -0.0614 -9.990e-29
 229.365376     -2.703   0.895470    12.2091   -0.07305     -2.680     0.5935    -0.0612 -9.990e-29
 229.365382     -2.673   0.895429    12.2099   -0.07303     -2.651     0.5934    -0.0614 -9.990e-29
 229.365388     -2.634   0.895309    12.2114   -0.07304     -2.612     0.5933    -0.0616 -9.990e-29
 229.365394     -2.595   0.894950    12.2126   -0.07302     -2.573     0.5931    -0.0620 -9.990e-29
 229.365399     -2.565   0.894431    12.2138   -0.07302     -2.544     0.5927    -0.0624 -9.990e-29
 229.365405     -2.539   0.894170    12.2156   -0.07301     -2.518     0.5925    -0.0628 -9.990e-29
 229.365411     -2.518   0.894375    12.2187   -0.07301     -2.497     0.5926    -0.0631 -9.990e-29
 229.365417     -2.498   0.894766    12.2237   -0.07301     -2.477     0.5928    -0.0635 -9.990e-29
 229.365422     -2.480   0.894756    12.2301   -0.07303     -2.459     0.5927    -0.0644 -9.990e-29
 229.365428     -2.458   0.894333    12.2364   -0.07303     -2.438     0.5923    -0.0654 -9.990e-29
 229.365434     -2.430   0.894043    12.2410   -0.07302     -2.410     0.5920    -0.0662 -9.990e-29
 229.365440     -2.407   0.894055    12.2440   -0.07302     -2.387     0.5920    -0.0666 -9.990e-29
 229.365446     -2.397   0.894387    12.2466   -0.07301     -2.377     0.5922    -0.0667 -9.990e-29
 229.365451     -2.395   0.894928    12.2492   -0.07300     -2.375     0.5925    -0.0668 -9.990e-29
 229.365457     -2.391   0.895293    12.2512   -0.07299     -2.371     0.5927    -0.0668 -9.990e-29
 229.365463     -2.382   0.895414    12.2520   -0.07298     -2.362     0.5928    -0.0669 -9.990e-29
 229.365469     -2.366   0.895454    12.2509   -0.07300     -2.346     0.5928    -0.0667 -9.990e-29
 229.365475     -2.343   0.895467    12.2492   -0.07300     -2.323     0.5929    -0.0665 -9.990e-29
 229.365480     -2.316   0.895472    12.2489   -0.07300     -2.297     0.5929    -0.0664 -9.990e-29
 229.365486     -2.291   0.895477    12.2503   -0.07299     -2.272     0.5929    -0.0666 -9.990e-29
 229.365492     -2.271   0.895491    12.2526   -0.07299     -2.252     0.5928    -0.0669 -9.990e-29
 229.365498     -2.255   0.895532    12.2557   -0.07298     -2.236     0.5928    -0.0673 -9.990e-29
 229.365503     -2.243   0.895654    12.2595   -0.07298     -2.224     0.5928    -0.0677 -9.990e-29
 229.365509     -2.232   0.896022    12.2630   -0.07298     -2.213     0.5930    -0.0680 -9.990e-29
 229.365515     -2.222   0.896574    12.2642   -0.07298     -2.203     0.5934    -0.0678 -9.990e-29
 229.365521     -2.214   0.896938    12.2626   -0.07297     -2.196     0.5937    -0.0674 -9.990e-29
 229.365527     -2.205   0.897047    12.2609   -0.07297     -2.187     0.5938    -0.0672 -9.990e-29
 229.365532     -2.197   0.897047    12.2612   -0.07297     -2.179     0.5938    -0.0672 -9.990e-29
 229.365538     -2.187   0.896940    12.2632   -0.07297     -2.169     0.5937    -0.0675 -9.990e-29
 229.365544     -2.176   0.896584    12.2657   -0.07298     -2.158     0.5934    -0.0680 -9.990e-29
 229.365550     -2.162   0.896615    12.2679   -0.07297     -2.144     0.5934    -0.0683 -9.990e-29
 229.365556     -2.146   0.897629    12.2694   -0.08253     -2.128     0.5940    -0.0680 -9.990e-29
 229.365561     -2.126   0.898762    12.2705   -0.07302     -2.108     0.5948    -0.0675 -9.990e-29
 229.365567     -2.104   0.899308    12.2709   -0.07296     -2.086     0.5952    -0.0673 -9.990e-29
 229.365573     -2.085   0.899441    12.2694   -0.07300     -2.068     0.5953    -0.0670 -9.990e-29
 229.365579     -2.061   0.899893    12.2620   -0.07297     -2.044     0.5957    -0.0658 -9.990e-29
 229.365584     -2.033   0.901268    12.2376   -0.07296     -2.016     0.5970    -0.0618 -9.990e-29
 229.365590     -2.006   0.903739    12.1626   -0.07296     -1.989     0.5999    -0.0507 -9.990e-29
 229.365596     -1.978   0.908935    11.9395   -0.07296     -1.962     0.6070    -0.0192 -9.990e-29
 229.365602     -1.941   0.923785    11.2730   -0.07297     -1.925     0.6283     0.0713 -9.990e-29
 229.365608     -1.890   0.969755    10.7706   -0.07296     -1.874     0.6699     0.1557 -9.990e-29
 229.365613     -1.832   1.107030    11.2663   -0.07296     -1.817     0.7592     0.1743 -9.990e-29
 229.365619     -1.771   1.212872    11.9317   -0.07295     -1.756     0.8207     0.1484 -9.990e-29
 229.365625     -1.708   1.128730    12.1549   -0.07295     -1.694     0.7568     0.0725 -9.990e-29
 229.365631     -1.673   1.019345    12.2303   -0.07295     -1.659     0.6790     0.0029 -9.990e-29
 229.365637     -1.698   0.986946    12.2567   -0.07295     -1.684     0.6560    -0.0181 -9.990e-29
 229.365642     -1.746   0.972250    12.2664   -0.07298     -1.731     0.6457    -0.0273 -9.990e-29
 229.365648     -1.782   0.966758    12.2695   -0.07298     -1.767     0.6418    -0.0307 -9.990e-29
 229.365654     -1.808   0.964814    12.2703   -0.07298     -1.793     0.6405    -0.0319 -9.990e-29
 229.365660     -1.825   0.963271    12.2716   -0.07298     -1.810     0.6394    -0.0329 -9.990e-29
 229.365666     -1.834   0.961184    12.2739   -0.07298     -1.819     0.6379    -0.0343 -9.990e-29
 229.365671     -1.837   0.958545    12.2765   -0.07297     -1.822     0.6360    -0.0361 -9.990e-29
 229.365677     -1.834   0.955720    12.2785   -0.07297     -1.819     0.6340    -0.0379 -9.990e-29
 229.365683     -1.823   0.952827    12.2786   -0.07296     -1.808     0.6320    -0.0394 -9.990e-29
 229.365689     -1.810   0.949895    12.2757   -0.07295     -1.795     0.6300    -0.0406 -9.990e-29
 229.365694     -1.797   0.947454    12.2711   -0.07294     -1.782     0.6284    -0.0413 -9.990e-29
 229.365700     -1.783   0.945580    12.2678   -0.07293     -1.768     0.6272    -0.0419 -9.990e-29
 229.365706     -1.767   0.943993    12.2664   -0.07293     -1.752     0.6261    -0.0426 -9.990e-29
 229.365712     -1.749   0.942798    12.2664   -0.07293     -1.734     0.6253    -0.0432 -9.990e-29
 229.365718     -1.732   0.942068    12.2678   -0.07292     -1.718     0.6248    -0.0438 -9.990e-29
 229.365723     -1.718   0.941385    12.2705   -0.07292     -1.704     0.6242    -0.0445 -9.990e-29
 229.365729     -1.707   0.940395    12.2736   -0.07293     -1.693     0.6235    -0.0455 -9.990e-29
 229.365735     -1.699   0.939443    12.2771   -0.07294     -1.685     0.6228    -0.0465 -9.990e-29
 229.365741     -1.692   0.938927    12.2813   -0.07295     -1.678     0.6224    -0.0473 -9.990e-29
 229.365747     -1.687   0.938713    12.2856   -0.07296     -1.673     0.6222    -0.0480 -9.990e-29
 229.365752     -1.682   0.938519    12.2889   -0.07296     -1.668     0.6220    -0.0485 -9.990e-29
 229.365758     -1.678   0.938088    12.2907   -0.07296     -1.664     0.6216    -0.0490 -9.990e-29
 229.365764     -1.674   0.937401    12.2922   -0.07296     -1.660     0.6211    -0.0495 -9.990e-29
 229.365770     -1.671   0.936651    12.2938   -0.07297     -1.657     0.6206    -0.0502 -9.990e-29
 229.365775     -1.667   0.935951    12.2939   -0.07299     -1.653     0.6201    -0.0506 -9.990e-29
 229.365781     -1.664   0.935477    12.2911   -0.07300     -1.650     0.6198    -0.0504 -9.990e-29
 229.365787     -1.655   0.935155    12.2867   -0.07300     -1.641     0.6197    -0.0500 -9.990e-29
 229.365793     -1.641   0.934740    12.2825   -0.07299     -1.627     0.6195    -0.0497 -9.990e-29
 229.365799     -1.629   0.934236    12.2795   -0.07300     -1.615     0.6192    -0.0496 -9.990e-29
 229.365804     -1.619   0.933711    12.2775   -0.07300     -1.605     0.6188    -0.0496 -9.990e-29
 229.365810     -1.609   0.933023    12.2760   -0.07301     -1.596     0.6184    -0.0498 -9.990e-29
 229.365816     -1.604   0.931994    12.2740   -0.07302     -1.591     0.6177    -0.0501 -9.990e-29
 229.365822     -1.600   0.930920    12.2706   -0.07302     -1.587     0.6170    -0.0502 -9.990e-29
 229.365828     -1.590   0.930036    12.2661   -0.07302     -1.577     0.6165    -0.0501 -9.990e-29
 229.365833     -1.575   0.929272    12.2626   -0.07303     -1.562     0.6160    -0.0500 -9.990e-29
 229.365839     -1.559   0.928722    12.2611   -0.07302     -1.546     0.6156    -0.0501 -9.990e-29
 229.365845     -1.544   0.928209    12.2608   -0.07302     -1.531     0.6153    -0.0504 -9.990e-29
 229.365851     -1.525   0.927605    12.2602   -0.07301     -1.512     0.6149    -0.0506 -9.990e-29
 229.365856     -1.501   0.927217    12.2582   -0.07301     -1.488     0.6146    -0.0506 -9.990e-29
 229.365862     -1.479   0.927083    12.2549   -0.07300     -1.467     0.6146    -0.0502 -9.990e-29
 229.365868     -1.461   0.927027    12.2521   -0.07299     -1.449     0.6146    -0.0499 -9.990e-29
 229.365874     -1.448   0.926974    12.2506   -0.07299     -1.436     0.6146    -0.0497 -9.990e-29
 229.365880     -1.437   0.926858    12.2495   -0.07298     -1.425     0.6145    -0.0496 -9.990e-29
 229.365885     -1.428   0.926525    12.2488   -0.07298     -1.416     0.6143    -0.0497 -9.990e-29
 229.365891     -1.421   0.926087    12.2494   -0.07298     -1.409     0.6140    -0.0500 -9.990e-29
 229.365897     -1.415   0.926072    12.2513   -0.07299     -1.403     0.6140    -0.0503 -9.990e-29
 229.365903     -1.410   0.926461    12.2536   -0.07301     -1.398     0.6142    -0.0504 -9.990e-29
 229.365909     -1.406   0.926665    12.2561   -0.07301     -1.394     0.6143    -0.0506 -9.990e-29
 229.365914     -1.401   0.926402    12.2591   -0.07301     -1.389     0.6141    -0.0511 -9.990e-29
 229.365920     -1.397   0.925880    12.2624   -0.07320     -1.385     0.6137    -0.0518 -9.990e-29
 229.365926     -1.392   0.925512    12.2658   -0.07327     -1.380     0.6133    -0.0525 -9.990e-29
 229.365932     -1.386   0.925365    12.2685   -0.07332     -1.374     0.6132    -0.0529 -9.990e-29
 229.365938     -1.380   0.925245    12.2692   -0.07335     -1.368     0.6131    -0.0531 -9.990e-29
 229.365943     -1.371   0.924994    12.2673   -0.07337     -1.360     0.6130    -0.0529 -9.990e-29
 229.365949     -1.361   0.924277    12.2632   -0.05071     -1.350     0.6125    -0.0528 -9.990e-29
 229.365955     -1.348   0.922695    12.2584   -0.06109     -1.337     0.6115    -0.0530 -9.990e-29
 229.365961     -1.332   0.919251    12.2544   -0.06201     -1.321     0.6092    -0.0543 -9.990e-29
 229.365966     -1.311   0.909909    12.2498   -0.06221     -1.300     0.6028    -0.0588 -9.990e-29
 229.365972     -1.284   0.881660    12.2415   -0.06221     -1.273     0.5834    -0.0729 -9.990e-29
 229.365978     -1.254   0.796840    12.2282   -0.06225     -1.244     0.5253    -0.1167 -9.990e-29
 229.365984     -1.223   0.723719    12.2087   -0.06225     -1.213     0.4755    -0.1532 -9.990e-29
 229.365990     -1.189   0.982971    12.1762   -0.06220     -1.179     0.6547    -0.0096 -9.990e-29
