data/oxygen options/ONMS/Olympic_Coast_National_Marine_Sanctuary_Hypoxia_Survey_CTD_Data_2004_2015/raw_data/2006/CTD_TH035_081706faedb.cnv
* Sea-Bird SBE19 Data File:
* FileName = C:\Hypoxia_Data_2006\CTD_TH035_081606.hex
* Software Version 1.1.6
* Temperature SN = 2997
* Conductivity SN = 2997
* System UpLoad Time = Aug 17 2006 09:15:07
* SEACAT PROFILER V3.1c SN 2997   08/17/06  09:14:31.011
* strain gauge pressure sensor: S/N = 184829,  range = 3000 psia,  tc = 40
# nquan = 9
# nvalues = 34                          
# units = specified
# name 0 = timeJ: Julian Days
# name 1 = prSM: Pressure, Strain Gauge [db]
# name 2 = c0mS/cm: Conductivity [mS/cm]
# name 3 = t090C: Temperature [ITS-90, deg C]
# name 4 = oxML/L: Oxygen, Beckman/YSI [ml/l]
# name 5 = depSM: Depth [salt water, m], lat = 47.5
# name 6 = sal00: Salinity, Practical [PSU]
# name 7 = sigma-é00: Density [sigma-theta, kg/m^3]
# name 8 = flag: flag
# span 0 = 229.382782, 229.383229       
# span 1 =      3.000,     36.000       
# span 2 =  34.875100,  36.592664       
# span 3 =     7.9345,    10.5193       
# span 4 =    2.60299,    5.45097       
# span 5 =      2.975,     35.697       
# span 6 =    32.9940,    33.6458       
# span 7 =    25.2977,    26.2197       
# span 8 = 0.0000e+00, 0.0000e+00       
# interval = decibars: 1                
# start_time = Aug 17 2006 09:07:32 [Instrument's time stamp, header]
# bad_flag = -9.990e-29
*END*
 229.382782      3.000  36.592664    10.5193    5.45097      2.975    32.9940    25.2977 0.0000e+00
 229.382803      4.000  36.554524    10.2790    4.45301      3.966    33.1741    25.4794 0.0000e+00
 229.382817      5.000  36.363993     9.7892    3.85943      4.958    33.4314    25.7624 0.0000e+00
 229.382828      6.000  35.913600     9.2542    3.53343      5.950    33.4666    25.8773 0.0000e+00
 229.382839      7.000  35.561980     8.8700    3.35780      6.942    33.4616    25.9341 0.0000e+00
 229.382850      8.000  35.377254     8.6530    3.24135      7.933    33.4725    25.9762 0.0000e+00
 229.382861      9.000  35.272163     8.5152    3.14750      8.925    33.4921    26.0127 0.0000e+00
 229.382871     10.000  35.159324     8.3531    3.04133      9.916    33.5266    26.0642 0.0000e+00
 229.382883     11.000  35.016088     8.1616    2.96406     10.908    33.5568    26.1167 0.0000e+00
 229.382895     12.000  34.919452     8.0509    2.92243     11.899    33.5594    26.1351 0.0000e+00
 229.382907     13.000  34.898832     8.0229    2.87709     12.891    33.5638    26.1427 0.0000e+00
 229.382920     14.000  34.916931     8.0240    2.85072     13.883    33.5815    26.1566 0.0000e+00
 229.382937     15.000  34.934458     8.0254    2.84758     14.874    33.5984    26.1696 0.0000e+00
 229.382965     16.000  34.949176     8.0546    2.86973     15.866    33.5856    26.1553 0.0000e+00
 229.382993     17.000  34.943767     8.0431    2.75280     16.857    33.5905    26.1608 0.0000e+00
 229.383009     18.000  34.923161     7.9829    2.68028     17.849    33.6258    26.1974 0.0000e+00
 229.383023     19.000  34.915913     7.9576    2.65825     18.841    33.6419    26.2138 0.0000e+00
 229.383035     20.000  34.911368     7.9491    2.65865     19.832    33.6447    26.2173 0.0000e+00
 229.383047     21.000  34.909902     7.9459    2.64935     20.824    33.6458    26.2186 0.0000e+00
 229.383059     22.000  34.909329     7.9449    2.65634     21.816    33.6457    26.2187 0.0000e+00
 229.383071     23.000  34.907901     7.9438    2.65730     22.807    33.6447    26.2181 0.0000e+00
 229.383083     24.000  34.908247     7.9431    2.64786     23.799    33.6453    26.2186 0.0000e+00
 229.383095     25.000  34.909035     7.9432    2.64478     24.789    33.6456    26.2188 0.0000e+00
 229.383107     26.000  34.907450     7.9430    2.64498     25.781    33.6436    26.2174 0.0000e+00
 229.383118     27.000  34.907061     7.9425    2.64989     26.773    33.6432    26.2171 0.0000e+00
 229.383129     28.000  34.907302     7.9426    2.65295     27.765    33.6429    26.2169 0.0000e+00
 229.383140     29.000  34.907531     7.9425    2.63231     28.756    33.6427    26.2168 0.0000e+00
 229.383151     30.000  34.907681     7.9412    2.63728     29.747    33.6437    26.2177 0.0000e+00
 229.383162     31.000  34.907081     7.9401    2.60439     30.739    33.6436    26.2179 0.0000e+00
 229.383173     32.000  34.906628     7.9372    2.60299     31.731    33.6454    26.2197 0.0000e+00
 229.383185     33.000  34.903886     7.9350    2.63177     32.722    33.6442    26.2191 0.0000e+00
 229.383197     34.000  34.902560     7.9347    2.61658     33.713    33.6425    26.2178 0.0000e+00
 229.383212     35.000  34.898199     7.9345    2.60821     34.705    33.6376    26.2140 0.0000e+00
 229.383229     36.000  34.875100     7.9353    2.61566     35.697    33.6116    26.1935 0.0000e+00
