data/oxygen options/ONMS/Olympic_Coast_National_Marine_Sanctuary_Hypoxia_Survey_CTD_Data_2004_2015/raw_data/2006/CTD_TH030_060706faed.cnv
* Sea-Bird SBE19 Data File:
* FileName = C:\Hypoxia_Data_2006\CTD_TH030_060706.hex
* Software Version 1.1.6
* Temperature SN = 2997
* Conductivity SN = 2997
* System UpLoad Time = Jun 07 2006 12:25:38
* SEACAT PROFILER V3.1c SN 2997   06/07/06  12:24:20.406
* strain gauge pressure sensor: S/N = 184829,  range = 3000 psia,  tc = 40
# nquan = 9                                 
# nvalues = 948                         
# units = specified
# name 0 = timeJ: Julian Days
# name 1 = prSM: Pressure, Strain Gauge [db]
# name 2 = c0mS/cm: Conductivity [mS/cm]
# name 3 = t090C: Temperature [ITS-90, deg C]
# name 4 = oxML/L: Oxygen, Beckman/YSI [ml/l]
# name 5 = depSM: Depth [salt water, m], lat = 47.5
# name 6 = sal00: Salinity, Practical [PSU]
# name 7 = sigma-é00: Density [sigma-theta, kg/m^3]
# name 8 = flag: flag
# span 0 = 158.509537, 158.515017       
# span 1 =     -5.121,     30.701       
# span 2 =   0.312154,  36.090767       
# span 3 =     9.5327,    15.6410       
# span 4 =   -0.07097,   32.22574       
# span 5 =     -5.078,     30.443       
# span 6 =     0.1938,    32.8401       
# span 7 =    -0.5254,    25.3429       
# span 8 = 0.0000e+00, 0.0000e+00       
# interval = seconds: 0.5
# start_time = Jun 07 2006 12:13:44 [Instrument's time stamp, header]
# bad_flag = -9.990e-29
*END*
[from data line 801]
 158.514172     29.248  35.585579     9.6054    3.52094     29.002    32.7932    25.2946 -9.990e-29
 158.514178     29.280  35.585546     9.6032    3.51690     29.034    32.7952    25.2964 -9.990e-29
 158.514184     29.310  35.583535     9.5968    3.50438     29.063    32.7989    25.3004 -9.990e-29
 158.514190     29.338  35.580225     9.5902    3.51665     29.091    32.8016    25.3036 -9.990e-29
 158.514196     29.356  35.579049     9.5881    3.52476     29.109    32.8023    25.3044 -9.990e-29
 158.514201     29.361  35.580674     9.5888    3.52185     29.114    32.8033    25.3051 -9.990e-29
 158.514207     29.357  35.582770     9.5878    3.51426     29.110    32.8064    25.3077 -9.990e-29
 158.514213     29.353  35.582519     9.5842    3.50141     29.106    32.8094    25.3106 -9.990e-29
 158.514219     29.353  35.579581     9.5801    3.51102     29.106    32.8101    25.3119 -9.990e-29
 158.514225     29.357  35.576762     9.5778    3.51966     29.110    32.8093    25.3116 -9.990e-29
 158.514230     29.365  35.576469     9.5777    3.53363     29.118    32.8091    25.3115 -9.990e-29
 158.514236     29.378  35.577742     9.5790    3.52847     29.131    32.8092    25.3114 -9.990e-29
 158.514242     29.396  35.578907     9.5806    3.51422     29.149    32.8090    25.3109 -9.990e-29
 158.514248     29.421  35.579266     9.5822    3.50193     29.173    32.8079    25.3098 -9.990e-29
 158.514253     29.454  35.578732     9.5829    3.48959     29.206    32.8067    25.3087 -9.990e-29
 158.514259     29.493  35.578271     9.5816    3.49482     29.245    32.8074    25.3095 -9.990e-29
 158.514265     29.531  35.577260     9.5771    3.50902     29.282    32.8104    25.3126 -9.990e-29
 158.514271     29.568  35.573787     9.5696    3.50017     29.319    32.8137    25.3164 -9.990e-29
 158.514277     29.601  35.568821     9.5627    3.49878     29.352    32.8149    25.3184 -9.990e-29
 158.514282     29.620  35.565831     9.5604    3.49727     29.371    32.8139    25.3180 -9.990e-29
 158.514288     29.617  35.566431     9.5631    3.50457     29.368    32.8121    25.3162 -9.990e-29
 158.514294     29.596  35.569168     9.5686    3.52307     29.347    32.8099    25.3135 -9.990e-29
 158.514300     29.564  35.572075     9.5739    3.52584     29.315    32.8080    25.3112 -9.990e-29
 158.514306     29.533  35.573978     9.5758    3.53320     29.284    32.8082    25.3111 -9.990e-29
 158.514311     29.508  35.574044     9.5743    3.52027     29.260    32.8097    25.3125 -9.990e-29
 158.514317     29.484  35.573478     9.5733    3.52240     29.236    32.8100    25.3129 -9.990e-29
 158.514323     29.455  35.574323     9.5747    3.52895     29.207    32.8096    25.3124 -9.990e-29
 158.514329     29.420  35.576018     9.5782    3.52796     29.172    32.8082    25.3107 -9.990e-29
 158.514334     29.384  35.577449     9.5830    3.52143     29.137    32.8053    25.3076 -9.990e-29
 158.514340     29.358  35.578278     9.5866    3.50885     29.111    32.8029    25.3051 -9.990e-29
 158.514346     29.336  35.577361     9.5858    3.50902     29.089    32.8027    25.3051 -9.990e-29
 158.514352     29.300  35.574030     9.5822    3.51321     29.053    32.8025    25.3056 -9.990e-29
 158.514358     29.231  35.571691     9.5811    3.52539     28.985    32.8012    25.3047 -9.990e-29
 158.514363     29.114  35.573386     9.5848    3.55539     28.869    32.7996    25.3029 -9.990e-29
 158.514369     28.953  35.576881     9.5925    3.58813     28.709    32.7962    25.2990 0.0000e+00
 158.514375     28.748  35.580661     9.6032    3.62478     28.506    32.7904    25.2927 0.0000e+00
 158.514381     28.497  35.585275     9.6180    3.66527     28.257    32.7817    25.2835 0.0000e+00
 158.514387     28.199  35.591261     9.6431    3.69190     27.962    32.7651    25.2664 0.0000e+00
 158.514392     27.861  35.599865     9.6840    3.73159     27.627    32.7367    25.2376 0.0000e+00
 158.514398     27.489  35.613023     9.7430    3.75028     27.258    32.6967    25.1967 0.0000e+00
 158.514404     27.087  35.632573     9.8203    3.76504     26.859    32.6466    25.1450 0.0000e+00
 158.514410     26.665  35.658782     9.9005    3.79598     26.441    32.6009    25.0961 0.0000e+00
 158.514416     26.230  35.689024     9.9639    3.83528     26.009    32.5746    25.0650 0.0000e+00
 158.514421     25.793  35.718198    10.0137    3.89123     25.576    32.5594    25.0449 0.0000e+00
 158.514427     25.360  35.743900    10.0633    3.95097     25.147    32.5410    25.0223 0.0000e+00
 158.514433     24.921  35.767321    10.1267    4.00738     24.712    32.5079    24.9859 0.0000e+00
 158.514439     24.466  35.789030    10.2163    4.04839     24.260    32.4497    24.9254 0.0000e+00
 158.514444     23.994  35.810491    10.3283    4.09158     23.792    32.3714    24.8456 0.0000e+00
 158.514450     23.511  35.834710    10.4447    4.18338     23.313    32.2924    24.7643 0.0000e+00
 158.514456     23.025  35.862027    10.5456    4.27077     22.832    32.2306    24.6989 0.0000e+00
 158.514462     22.546  35.890744    10.6234    4.36409     22.357    32.1907    24.6545 0.0000e+00
 158.514468     22.079  35.916545    10.6869    4.44774     21.894    32.1607    24.6202 0.0000e+00
 158.514473     21.620  35.935710    10.7511    4.50661     21.438    32.1235    24.5801 0.0000e+00
 158.514479     21.166  35.949123    10.8280    4.55992     20.988    32.0695    24.5248 0.0000e+00
 158.514485     20.709  35.963460    10.9242    4.60217     20.535    31.9998    24.4538 0.0000e+00
 158.514491     20.240  35.982142    11.0323    4.63356     20.070    31.9244    24.3762 0.0000e+00
 158.514497     19.762  35.996436    11.1306    4.66031     19.596    31.8534    24.3037 0.0000e+00
 158.514502     19.276  36.004106    11.2037    4.66789     19.114    31.7979    24.2477 0.0000e+00
 158.514508     18.792  36.009790    11.2554    4.67264     18.634    31.7591    24.2084 0.0000e+00
 158.514514     18.316  36.013234    11.3023    4.67644     18.162    31.7223    24.1714 0.0000e+00
 158.514520     17.848  36.012313    11.3560    4.69546     17.698    31.6755    24.1255 0.0000e+00
 158.514525     17.388  36.008611    11.4078    4.73802     17.242    31.6277    24.0791 0.0000e+00
 158.514531     16.942  36.008982    11.4473    4.78265     16.800    31.5945    24.0462 0.0000e+00
 158.514537     16.507  36.011687    11.4830    4.82959     16.369    31.5668    24.0183 0.0000e+00
 158.514543     16.072  36.008004    11.5261    4.87759     15.937    31.5267    23.9794 0.0000e+00
 158.514549     15.632  35.999200    11.5776    4.92763     15.501    31.4745    23.9296 0.0000e+00
 158.514554     15.182  35.992613    11.6322    4.96157     15.055    31.4220    23.8790 0.0000e+00
 158.514560     14.726  35.991248    11.6827    4.98900     14.603    31.3781    23.8358 0.0000e+00
 158.514566     14.269  35.993294    11.7244    5.01189     14.149    31.3451    23.8026 0.0000e+00
 158.514572     13.815  35.995320    11.7565    5.02557     13.699    31.3201    23.7774 0.0000e+00
 158.514578     13.370  35.994992    11.7820    5.03691     13.258    31.2985    23.7560 0.0000e+00
 158.514583     12.935  35.989639    11.8062    5.04339     12.827    31.2732    23.7320 0.0000e+00
 158.514589     12.505  35.977176    11.8337    5.04114     12.400    31.2382    23.6998 0.0000e+00
 158.514595     12.068  35.960063    11.8684    5.05063     11.967    31.1928    23.6582 0.0000e+00
 158.514601     11.619  35.942972    11.9058    5.07231     11.522    31.1452    23.6145 0.0000e+00
 158.514606     11.164  35.928361    11.9338    5.08339     11.071    31.1080    23.5805 0.0000e+00
 158.514612     10.716  35.916950    11.9493    5.09967     10.626    31.0842    23.5592 0.0000e+00
 158.514618     10.281  35.908118    11.9579    5.11247     10.195    31.0688    23.5456 0.0000e+00
 158.514624      9.857  35.899073    11.9657    5.10313      9.775    31.0537    23.5325 0.0000e+00
 158.514630      9.442  35.883926    11.9827    5.11172      9.363    31.0252    23.5073 0.0000e+00
 158.514635      9.033  35.857627    12.0186    5.13562      8.957    30.9703    23.4581 0.0000e+00
 158.514641      8.624  35.820449    12.0686    5.14490      8.552    30.8934    23.3893 0.0000e+00
 158.514647      8.218  35.772744    12.1174    5.20712      8.149    30.8076    23.3138 0.0000e+00
 158.514653      7.821  35.711493    12.1587    5.27018      7.756    30.7153    23.2346 0.0000e+00
 158.514659      7.429  35.640293    12.2011    5.27158      7.367    30.6127    23.1473 0.0000e+00
 158.514664      7.033  35.570788    12.2580    5.28389      6.974    30.5002    23.0497 0.0000e+00
 158.514670      6.634  35.499491    12.3369    5.27625      6.579    30.3685    22.9330 0.0000e+00
 158.514676      6.245  35.415473    12.4260    5.34885      6.193    30.2171    22.7992 0.0000e+00
 158.514682      5.876  35.327307    12.4996    5.58628      5.827    30.0749    22.6754 0.0000e+00
 158.514688      5.529  35.243086    12.5537    5.71233      5.483    29.9524    22.5704 0.0000e+00
 158.514693      5.208  35.175599    12.6006    5.66882      5.164    29.8517    22.4837 0.0000e+00
 158.514699      4.913  35.158821    12.6426    5.67095      4.872    29.8027    22.4380 0.0000e+00
 158.514705      4.643  35.157489    12.7025    5.61293      4.604    29.7543    22.3893 0.0000e+00
 158.514711      4.398  35.093563    12.8105    5.61252      4.361    29.6096    22.2570 0.0000e+00
 158.514716      4.180  34.991173    12.9708    5.67575      4.145    29.3892    22.0563 0.0000e+00
 158.514722      3.995  34.871395    13.1197    5.74632      3.962    29.1631    21.8532 0.0000e+00
 158.514728      3.850  34.770819    13.1596    5.87674      3.818    29.0394    21.7500 -9.990e-29
 158.514734      3.734  34.783053    13.1250    6.03872      3.703    29.0772    21.7859 -9.990e-29
 158.514740      3.637  34.837527    13.1255    6.14041      3.607    29.1274    21.8245 -9.990e-29
 158.514745      3.553  34.835836    13.1998    6.16669      3.523    29.0690    21.7652 -9.990e-29
 158.514751      3.479  34.798140    13.3414    6.17306      3.450    28.9264    21.6279 -9.990e-29
 158.514757      3.421  34.719598    13.5185    6.17717      3.392    28.7206    21.4348 -9.990e-29
 158.514763      3.378  34.590271    13.7030    6.22926      3.350    28.4646    21.2015 -9.990e-29
 158.514769      3.348  34.439626    13.8890    6.30096      3.320    28.1905    20.9537 -9.990e-29
 158.514774      3.325  34.307397    14.0356    6.29121      3.297    27.9639    20.7502 -9.990e-29
 158.514780      3.295  34.234874    14.1081    6.22539      3.267    27.8461    20.6451 -9.990e-29
 158.514786      3.242  34.211182    14.1459    6.20030      3.215    27.7976    20.6002 -9.990e-29
 158.514792      3.160  34.195224    14.2059    6.18589      3.134    27.7401    20.5441 -9.990e-29
 158.514797      3.051  34.175822    14.2974    6.24048      3.026    27.6573    20.4621 -9.990e-29
 158.514803      2.933  34.152339    14.3794    6.35251      2.909    27.5779    20.3846 -9.990e-29
 158.514809      2.827  34.134406    14.4074    6.45126      2.803    27.5420    20.3513 -9.990e-29
 158.514815      2.728  34.142989    14.3936    6.41897      2.705    27.5595    20.3676 -9.990e-29
 158.514821      2.618  34.165441    14.4023    6.40111      2.596    27.5734    20.3765 -9.990e-29
 158.514826      2.481  34.157123    14.4726    6.38814      2.460    27.5161    20.3184 0.0000e+00
 158.514832      2.317  34.105254    14.5832    6.32998      2.298    27.3919    20.2005 0.0000e+00
 158.514838      2.137  34.032069    14.6937    6.27655      2.119    27.2494    20.0686 0.0000e+00
 158.514844      1.956  33.951580    14.7856    6.20974      1.940    27.1142    19.9459 0.0000e+00
 158.514850      1.778  33.888257    14.8495    6.16053      1.763    27.0140    19.8559 0.0000e+00
 158.514855      1.601  33.867582    14.9036    6.90799      1.588    26.9585    19.8022 0.0000e+00
 158.514861      1.423  33.846867    15.0203    6.97474      1.411    26.8601    19.7028 0.0000e+00
 158.514867      1.245  33.772148    15.2055    6.97506      1.235    26.6684    19.5174 0.0000e+00
 158.514873      1.077  33.665466    15.3518    7.02835      1.068    26.4766    19.3399 0.0000e+00
 158.514878      0.929  33.585314    15.3969    7.13800      0.921    26.3767    19.2538 -9.990e-29
 158.514884      0.806  33.547089    15.3672    7.19944      0.799    26.3633    19.2498 -9.990e-29
 158.514890      0.707  33.509383    15.3007    7.19650      0.701    26.3751    19.2725 -9.990e-29
 158.514896      0.632  33.353527    15.2228    7.19484      0.627    26.2914    19.2244 -9.990e-29
 158.514902      0.570  32.758450    15.1426    7.21463      0.565    25.8258    18.8834 -9.990e-29
 158.514907      0.517  30.835953    15.0627    7.23432      0.513    24.2062    17.6564 -9.990e-29
 158.514913      0.480  24.976717    14.9880    7.22386      0.476    19.2354    13.8589 -9.990e-29
 158.514919      0.456  15.682545    14.9206    7.35578      0.452    11.5987     8.0214 -9.990e-29
 158.514925      0.438   8.593718    14.8614    7.39109      0.434     6.0663     3.7918 -9.990e-29
 158.514931      0.427   5.551550    14.8115    7.36073      0.423     3.8033     2.0623 -9.990e-29
 158.514936      0.416   4.357007    14.7690    7.28009      0.413     2.9407     1.4056 -9.990e-29
 158.514942      0.400   3.840933    14.7301    7.18964      0.397     2.5743     1.1296 -9.990e-29
 158.514948      0.384   3.597003    14.6923    7.12789      0.381     2.4033     1.0037 -9.990e-29
 158.514954      0.374   3.457249    14.6564    7.13212      0.371     2.3065     0.9345 -9.990e-29
 158.514959      0.375   3.343130    14.6249    7.11797      0.372     2.2276     0.8785 -9.990e-29
 158.514965      0.382   3.358632    14.5985 -9.990e-29      0.379     2.2400     0.8921 -9.990e-29
 158.514971      0.387   3.668887    14.5760 -9.990e-29      0.384     2.4616     1.0663 -9.990e-29
 158.514977      0.385   3.967207    14.5553 -9.990e-29      0.382     2.6762     1.2347 -9.990e-29
 158.514983      0.378   3.770379    14.5356 -9.990e-29      0.375     2.5366     1.1301 -9.990e-29
 158.514988      0.364   3.267377    14.5185 -9.990e-29      0.361     2.1800     0.8579 -9.990e-29
 158.514994      0.342   2.846273    14.5038 -9.990e-29      0.339     1.8843     0.6321 -9.990e-29
 158.515000      0.320   2.641706    14.4887 -9.990e-29      0.317     1.7421     0.5246 -9.990e-29
 158.515006      0.309   2.683646    14.4721 -9.990e-29      0.306     1.7721     0.5502 -9.990e-29
 158.515012      0.309   2.808055    14.4635 -9.990e-29      0.306     1.8595     0.6189 -9.990e-29
 158.515017      0.310   2.837547 -9.990e-29 -9.990e-29      0.307 -9.990e-29 -9.990e-29 -9.990e-29
