data/oxygen options/ONMS/Olympic_Coast_National_Marine_Sanctuary_Hypoxia_Survey_CTD_Data_2004_2015/raw_data/2006/CTD_TH040_071806faed.cnv
* Sea-Bird SBE19 Data File:
* FileName = C:\Hypoxia Data\CTD_TH040_071806.hex
* Software Version 1.1.8
* Temperature SN = 2997
* Conductivity SN = 2997
* System UpLoad Time = Jul 18 2006 14:58:31
* SEACAT PROFILER V3.1c SN 2997   07/18/06  14:57:27.332
* strain gauge pressure sensor: S/N = 184829,  range = 3000 psia,  tc = 40
# nquan = 9                                 
# nvalues = 1233                        
# units = specified
# name 0 = timeJ: Julian Days
# name 1 = prSM: Pressure, Strain Gauge [db]
# name 2 = c0mS/cm: Conductivity [mS/cm]
# name 3 = t090C: Temperature [ITS-90, deg C]
# name 4 = oxML/L: Oxygen, Beckman/YSI [ml/l]
# name 5 = depSM: Depth [salt water, m], lat = 47.5
# name 6 = sal00: Salinity, Practical [PSU]
# name 7 = sigma-é00: Density [sigma-theta, kg/m^3]
# name 8 = flag: flag
# span 0 = 199.611644, 199.618773       
# span 1 =     -4.332,     40.628       
# span 2 =   0.518183,  37.844640       
# span 3 =     7.9062,    14.2041       
# span 4 =   -1.16267,   35.69940       
# span 5 =     -4.296,     40.285       
# span 6 =     0.3206,    33.5929       
# span 7 =    -0.5200,    26.1830       
# span 8 = 0.0000e+00, 0.0000e+00       
# interval = seconds: 0.5
# start_time = Jul 18 2006 14:40:46 [Instrument's time stamp, header]
# bad_flag = -9.990e-29
*END*
[from data line 481]
 199.614427      2.475  36.877886    11.9941    5.91413      2.454    31.9749    24.2417 -9.990e-29
 199.614433      2.476  36.906539    11.9883    5.97418      2.455    32.0075    24.2681 -9.990e-29
 199.614439      2.493  36.926069    11.9548    5.98191      2.472    32.0551    24.3113 -9.990e-29
 199.614444      2.519  36.927748    11.9142    5.91772      2.498    32.0917    24.3471 -9.990e-29
 199.614450      2.536  36.912700    11.9002    5.85858      2.515    32.0892    24.3478 -9.990e-29
 199.614456      2.535  36.892837    11.9264    5.83953      2.514    32.0475    24.3105 -9.990e-29
 199.614462      2.518  36.882057    11.9631    5.86639      2.497    32.0055    24.2712 -9.990e-29
 199.614468      2.507  36.888979    11.9785    5.91340      2.486    31.9990    24.2633 -9.990e-29
 199.614473      2.514  36.894229    11.9615    5.94653      2.493    32.0186    24.2817 -9.990e-29
 199.614479      2.529  36.859383    11.9234    5.96774      2.508    32.0177    24.2880 -9.990e-29
 199.614485      2.538  36.797448    11.8994    5.95022      2.517    31.9785    24.2620 -9.990e-29
 199.614491      2.533  36.768885    11.9077    5.94467      2.512    31.9438    24.2335 -9.990e-29
 199.614497      2.516  36.790577    11.9331    5.95799      2.495    31.9429    24.2282 -9.990e-29
 199.614502      2.496  36.829735    11.9539    5.94457      2.475    31.9629    24.2399 -9.990e-29
 199.614508      2.480  36.859482    11.9639    5.93517      2.459    31.9831    24.2536 -9.990e-29
 199.614514      2.476  36.880222    11.9635    5.91426      2.455    32.0034    24.2695 -9.990e-29
 199.614520      2.487  36.889324    11.9549    5.89411      2.466    32.0196    24.2836 -9.990e-29
 199.614525      2.505  36.881537    11.9511    5.90715      2.484    32.0153    24.2810 -9.990e-29
 199.614531      2.520  36.873406    11.9538    5.92221      2.499    32.0052    24.2726 -9.990e-29
 199.614537      2.531  36.864745    11.9465    5.92053      2.510    32.0031    24.2724 -9.990e-29
 199.614543      2.545  36.841764    11.9204    5.90873      2.524    32.0033    24.2774 -9.990e-29
 199.614549      2.557  36.815339    11.8901    5.90115      2.536    32.0038    24.2833 -9.990e-29
 199.614554      2.563  36.801285    11.8787    5.92688      2.542    32.0000    24.2825 -9.990e-29
 199.614560      2.565  36.802738    11.8854    5.97958      2.544    31.9956    24.2779 -9.990e-29
 199.614566      2.563  36.815459    11.8901    6.00675      2.542    32.0039    24.2834 -9.990e-29
 199.614572      2.560  36.824996    11.8848    5.96515      2.539    32.0177    24.2951 -9.990e-29
 199.614578      2.561  36.823875    11.8802    5.88376      2.540    32.0205    24.2982 -9.990e-29
 199.614583      2.562  36.823507    11.8911    5.85588      2.541    32.0108    24.2886 -9.990e-29
 199.614589      2.557  36.834061    11.9170    5.88482      2.536    31.9987    24.2745 -9.990e-29
 199.614595      2.552  36.853341    11.9437    5.94461      2.531    31.9944    24.2662 -9.990e-29
 199.614601      2.555  36.878446    11.9447    6.01380      2.534    32.0178    24.2842 -9.990e-29
 199.614606      2.569  36.880031    11.9073    6.02356      2.548    32.0515    24.3172 -9.990e-29
 199.614612      2.588  36.835535    11.8740    5.98527      2.566    32.0371    24.3122 -9.990e-29
 199.614618      2.595  36.801753    11.8896    5.97189      2.573    31.9911    24.2736 -9.990e-29
 199.614624      2.583  36.820580    11.9470    5.98164      2.561    31.9600    24.2388 -9.990e-29
 199.614630      2.559  36.866065    12.0123    5.99654      2.538    31.9479    24.2174 -9.990e-29
 199.614635      2.538  36.923130    12.0604    6.00387      2.517    31.9617    24.2192 -9.990e-29
 199.614641      2.528  36.974195    12.0846    5.95831      2.507    31.9901    24.2367 -9.990e-29
 199.614647      2.524  36.981900    12.0910    5.92211      2.503    31.9920    24.2370 -9.990e-29
 199.614653      2.518  36.966625    12.0940    5.91602      2.497    31.9748    24.2231 -9.990e-29
 199.614659      2.508  36.970840    12.0968    5.93256      2.487    31.9764    24.2238 -9.990e-29
 199.614664      2.503  36.981092    12.0851    5.97044      2.482    31.9963    24.2414 -9.990e-29
 199.614670      2.506  36.972907    12.0503    6.00466      2.485    32.0183    24.2649 -9.990e-29
 199.614676      2.514  36.942669    12.0091    6.01187      2.493    32.0245    24.2774 -9.990e-29
 199.614682      2.518  36.906160    11.9891    5.99595      2.497    32.0065    24.2671 -9.990e-29
 199.614688      2.515  36.890985    11.9953    5.94565      2.494    31.9865    24.2505 -9.990e-29
 199.614693      2.505  36.901026    12.0142    5.90489      2.484    31.9800    24.2419 -9.990e-29
 199.614699      2.490  36.918816    12.0320    5.87611      2.469    31.9819    24.2401 -9.990e-29
 199.614705      2.483  36.940593    12.0378    5.85474      2.462    31.9979    24.2514 -9.990e-29
 199.614711      2.493  36.953327    12.0286    5.87329      2.472    32.0180    24.2688 -9.990e-29
 199.614716      2.514  36.935857    12.0056    5.90756      2.493    32.0209    24.2753 -9.990e-29
 199.614722      2.541  36.894062    11.9679    5.95058      2.520    32.0130    24.2761 -9.990e-29
 199.614728      2.565  36.845703    11.9230    5.98317      2.544    32.0048    24.2781 -9.990e-29
 199.614734      2.586  36.807078    11.8918    6.00043      2.564    31.9943    24.2757 -9.990e-29
 199.614740      2.599  36.782220    11.8860    5.98083      2.577    31.9753    24.2620 -9.990e-29
 199.614745      2.596  36.780047    11.9057    5.95799      2.574    31.9562    24.2436 -9.990e-29
 199.614751      2.578  36.812242    11.9469    5.95999      2.556    31.9520    24.2327 -9.990e-29
 199.614757      2.557  36.858905    11.9918    5.96803      2.536    31.9585    24.2295 -9.990e-29
 199.614763      2.544  36.896992    12.0249    5.99340      2.523    31.9669    24.2298 -9.990e-29
 199.614769      2.541  36.925128    12.0440    6.00668      2.520    31.9776    24.2346 -9.990e-29
 199.614774      2.550  36.938767    12.0494    6.00439      2.529    31.9861    24.2402 -9.990e-29
 199.614780      2.566  36.934223    12.0484    5.99913      2.545    31.9826    24.2376 -9.990e-29
 199.614786      2.582  36.932368    12.0547    5.99893      2.560    31.9754    24.2309 -9.990e-29
 199.614792      2.594  36.948121    12.0721    6.00615      2.572    31.9757    24.2279 -9.990e-29
 199.614797      2.604  36.972194    12.0929    6.03342      2.582    31.9810    24.2281 -9.990e-29
 199.614803      2.611  36.995738    12.1097    6.06412      2.589    31.9893    24.2314 -9.990e-29
 199.614809      2.613  37.014808    12.1243    6.04630      2.591    31.9951    24.2332 -9.990e-29
 199.614815      2.605  37.025663    12.1452    5.98159      2.583    31.9877    24.2235 -9.990e-29
 199.614821      2.591  37.033806    12.1726    5.87300      2.569    31.9721    24.2063 -9.990e-29
 199.614826      2.578  37.046734    12.1934    5.79118      2.556    31.9667    24.1983 -9.990e-29
 199.614832      2.569  37.060371    12.1993    5.80441      2.548    31.9748    24.2034 -9.990e-29
 199.614838      2.566  37.065980    12.1905    5.87977      2.545    31.9877    24.2151 -9.990e-29
 199.614844      2.570  37.056462    12.1604    5.96862      2.549    32.0043    24.2336 -9.990e-29
 199.614850      2.587  37.021934    12.0965    6.03437      2.565    32.0258    24.2622 -9.990e-29
 199.614855      2.614  36.946094    12.0249    6.02284      2.592    32.0142    24.2665 -9.990e-29
 199.614861      2.640  36.851796    11.9990    5.99173      2.618    31.9455    24.2180 -9.990e-29
 199.614867      2.653  36.814122    12.0335    6.00285      2.631    31.8797    24.1605 -9.990e-29
 199.614873      2.651  36.859677    12.1018    6.00493      2.629    31.8652    24.1366 -9.990e-29
 199.614878      2.636  36.939809    12.1642    6.00239      2.614    31.8890    24.1435 -9.990e-29
 199.614884      2.621  37.012715    12.2005    5.96739      2.599    31.9280    24.1669 -9.990e-29
 199.614890      2.618  37.057255    12.2110    5.92219      2.596    31.9618    24.1911 -9.990e-29
 199.614896      2.623  37.056539    12.2048    5.92869      2.601    31.9664    24.1959 -9.990e-29
 199.614902      2.622  37.038790    12.1945    5.94656      2.600    31.9581    24.1914 -9.990e-29
 199.614907      2.617  37.038686    12.1748    5.97634      2.595    31.9749    24.2081 -9.990e-29
 199.614913      2.614  37.037577    12.1351    5.98685      2.592    32.0078    24.2410 -9.990e-29
 199.614919      2.619  37.013788    12.0886    5.96222      2.597    32.0247    24.2628 -9.990e-29
 199.614925      2.627  36.968702    12.0694    5.96542      2.605    31.9978    24.2455 -9.990e-29
 199.614931      2.630  36.937563    12.0823    5.97601      2.608    31.9568    24.2113 -9.990e-29
 199.614936      2.624  36.951770    12.0941    5.98521      2.602    31.9604    24.2119 -9.990e-29
 199.614942      2.617  36.984825    12.0854    5.97230      2.595    31.9996    24.2439 -9.990e-29
 199.614948      2.618  37.001150    12.0688    5.91182      2.596    32.0296    24.2703 -9.990e-29
 199.614954      2.622  36.995029    12.0598    5.87910      2.600    32.0314    24.2734 -9.990e-29
 199.614959      2.624  36.984106    12.0585    5.86506      2.602    32.0220    24.2663 -9.990e-29
 199.614965      2.627  36.981301    12.0577    5.84710      2.605    32.0200    24.2649 -9.990e-29
 199.614971      2.628  36.978951    12.0456    5.86638      2.606    32.0281    24.2734 -9.990e-29
 199.614977      2.629  36.966632    12.0094    5.90753      2.607    32.0473    24.2951 -9.990e-29
 199.614983      2.630  36.926237    11.9549    5.94342      2.608    32.0552    24.3113 -9.990e-29
 199.614988      2.630  36.862250    11.9078    5.96226      2.608    32.0339    24.3034 -9.990e-29
 199.614994      2.630  36.817251    11.8808    5.91212      2.608    32.0136    24.2927 -9.990e-29
 199.615000      2.630  36.795745    11.8705    5.89080      2.608    32.0016    24.2853 -9.990e-29
 199.615006      2.629  36.783072    11.8819    5.90917      2.607    31.9796    24.2661 -9.990e-29
 199.615012      2.627  36.796553    11.9117    5.95192      2.605    31.9670    24.2508 -9.990e-29
 199.615017      2.625  36.831723    11.9356    6.01095      2.603    31.9805    24.2569 -9.990e-29
 199.615023      2.623  36.855824    11.9368    6.00008      2.601    32.0027    24.2739 -9.990e-29
 199.615029      2.619  36.844902    11.9254    5.93583      2.597    32.0020    24.2754 -9.990e-29
 199.615035      2.615  36.818061    11.9270    5.87437      2.593    31.9747    24.2540 -9.990e-29
 199.615041      2.609  36.825341    11.9492    5.87347      2.587    31.9627    24.2405 -9.990e-29
 199.615046      2.601  36.860177    11.9747    5.88785      2.579    31.9744    24.2449 -9.990e-29
 199.615052      2.596  36.891607    11.9848    5.92332      2.574    31.9961    24.2599 -9.990e-29
 199.615058      2.600  36.908816    11.9679    5.95860      2.578    32.0272    24.2871 -9.990e-29
 199.615064      2.616  36.888758    11.9354    5.96456      2.594    32.0357    24.2998 -9.990e-29
 199.615069      2.634  36.843399    11.9211    5.97399      2.612    32.0042    24.2780 -9.990e-29
 199.615075      2.652  36.824451    11.9382    5.99226      2.630    31.9712    24.2492 -9.990e-29
 199.615081      2.667  36.844229    11.9723    6.00039      2.645    31.9611    24.2350 -9.990e-29
 199.615087      2.676  36.874688    12.0123    5.99051      2.654    31.9561    24.2238 -9.990e-29
 199.615093      2.678  36.905959    12.0557    5.95033      2.656    31.9491    24.2103 -9.990e-29
 199.615098      2.675  36.940477    12.0926    5.87531      2.653    31.9508    24.2047 -9.990e-29
 199.615104      2.669  36.962569    12.1115    5.84147      2.647    31.9558    24.2051 -9.990e-29
 199.615110      2.666  36.965238    12.1153    5.86390      2.644    31.9552    24.2039 -9.990e-29
 199.615116      2.669  36.962150    12.0991    5.91385      2.647    31.9660    24.2154 -9.990e-29
 199.615122      2.683  36.953119    12.0523    5.95724      2.661    31.9974    24.2484 -9.990e-29
 199.615127      2.704  36.913206    11.9958    5.97604      2.681    32.0074    24.2666 -9.990e-29
 199.615133      2.725  36.844166    11.9583    5.93933      2.702    31.9730    24.2469 -9.990e-29
 199.615139      2.739  36.796985    11.9419    5.86660      2.716    31.9415    24.2255 -9.990e-29
 199.615145      2.742  36.799068    11.9467    5.85012      2.719    31.9394    24.2229 -9.990e-29
 199.615150      2.735  36.829088    11.9726    5.87065      2.712    31.9462    24.2234 -9.990e-29
 199.615156      2.722  36.861996    11.9997    5.91145      2.699    31.9547    24.2250 -9.990e-29
 199.615162      2.709  36.892285    12.0097    5.95243      2.686    31.9753    24.2392 -9.990e-29
 199.615168      2.702  36.902559    11.9917    5.95920      2.679    32.0007    24.2622 -9.990e-29
 199.615174      2.698  36.861645    11.9591    5.96460      2.675    31.9892    24.2593 -9.990e-29
 199.615179      2.694  36.805869    11.9491    5.98095      2.671    31.9439    24.2260 -9.990e-29
 199.615185      2.681  36.799417    11.9641    5.99805      2.659    31.9248    24.2084 -9.990e-29
 199.615191      2.658  36.830872    11.9806    5.99609      2.636    31.9411    24.2180 -9.990e-29
 199.615197      2.636  36.863074    11.9900    5.93467      2.614    31.9641    24.2341 -9.990e-29
 199.615203      2.628  36.888479    11.9924    5.86730      2.606    31.9865    24.2511 -9.990e-29
 199.615208      2.631  36.902818    11.9885    5.82015      2.609    32.0037    24.2651 -9.990e-29
 199.615214      2.638  36.906701    11.9816    5.82418      2.616    32.0134    24.2739 -9.990e-29
 199.615220      2.646  36.906987    11.9680    5.86029      2.624    32.0253    24.2857 -9.990e-29
 199.615226      2.654  36.895641    11.9316    5.88035      2.632    32.0456    24.3082 -9.990e-29
 199.615231      2.663  36.849117    11.8664    5.90963      2.641    32.0568    24.3288 -9.990e-29
 199.615237      2.674  36.773259    11.8031    5.91318      2.652    32.0379    24.3258 -9.990e-29
 199.615243      2.684  36.715011    11.7782    5.92215      2.662    32.0029    24.3032 -9.990e-29
 199.615249      2.687  36.701595    11.7862    5.93383      2.665    31.9830    24.2863 -9.990e-29
 199.615255      2.686  36.725764    11.8042    5.94065      2.664    31.9909    24.2891 -9.990e-29
 199.615260      2.679  36.759717    11.8190    5.95310      2.657    32.0111    24.3021 -9.990e-29
 199.615266      2.670  36.784219    11.8290    5.95664      2.648    32.0262    24.3120 -9.990e-29
 199.615272      2.664  36.803335    11.8385    5.93562      2.642    32.0365    24.3182 -9.990e-29
 199.615278      2.659  36.815068    11.8476    5.93623      2.637    32.0400    24.3193 -9.990e-29
 199.615284      2.656  36.818797    11.8555    5.93757      2.634    32.0368    24.3154 -9.990e-29
 199.615289      2.654  36.821177    11.8625    5.93997      2.632    32.0331    24.3112 -9.990e-29
 199.615295      2.653  36.823139    11.8652    5.93741      2.631    32.0327    24.3104 -9.990e-29
 199.615301      2.654  36.822252    11.8608    5.92927      2.632    32.0356    24.3134 -9.990e-29
 199.615307      2.655  36.811723    11.8527    5.93156      2.633    32.0324    24.3124 -9.990e-29
 199.615312      2.658  36.796024    11.8498    5.94626      2.636    32.0197    24.3031 -9.990e-29
 199.615318      2.662  36.794611    11.8546    5.94780      2.640    32.0142    24.2980 -9.990e-29
 199.615324      2.667  36.803354    11.8579    5.94533      2.645    32.0198    24.3017 -9.990e-29
 199.615330      2.675  36.805861    11.8537    5.95902      2.653    32.0259    24.3072 -9.990e-29
 199.615336      2.685  36.805477    11.8486    5.96773      2.663    32.0299    24.3112 -9.990e-29
 199.615341      2.699  36.808422    11.8481    5.97651      2.676    32.0332    24.3139 -9.990e-29
