data/oxygen options/ONMS/Olympic_Coast_National_Marine_Sanctuary_Hypoxia_Survey_CTD_Data_2004_2015/raw_data/2006/CTD_TH100_070606faedb.cnv
* Sea-Bird SBE19 Data File:
* FileName = C:\Hypoxia_Data_2006\CTD.hex
* Software Version 1.1.6
* Temperature SN = 2997
* Conductivity SN = 2997
* System UpLoad Time = Jul 06 2006 14:58:59
* SEACAT PROFILER V3.1c SN 2997   07/06/06  14:58:14.928
* strain gauge pressure sensor: S/N = 184829,  range = 3000 psia,  tc = 40
# nquan = 9
# nvalues = 100                         
# units = specified
# name 0 = timeJ: Julian Days
# name 1 = prSM: Pressure, Strain Gauge [db]
# name 2 = c0mS/cm: Conductivity [mS/cm]
# name 3 = t090C: Temperature [ITS-90, deg C]
# name 4 = oxML/L: Oxygen, Beckman/YSI [ml/l]
# name 5 = depSM: Depth [salt water, m], lat = 47.5
# name 6 = sal00: Salinity, Practical [PSU]
# name 7 = sigma-é00: Density [sigma-theta, kg/m^3]
# name 8 = flag: flag
# span 0 = 187.619404, 187.620695       
# span 1 =      2.000,    101.000       
# span 2 =  34.375513,  39.116924       
# span 3 =     7.4087,    14.8434       
# span 4 =    2.42475,    6.57175       
# span 5 =      1.983,    100.133       
# span 6 =    31.6847,    33.9123       
# span 7 =    23.4509,    26.5034       
# span 8 = 0.0000e+00, 0.0000e+00       
# interval = decibars: 1                
# start_time = Jul 06 2006 14:47:43 [Instrument's time stamp, header]
# bad_flag = -9.990e-29
*END*
 187.619404      2.000  39.116924    14.8434    6.48433      1.983    31.6847    23.4509 0.0000e+00
 187.619424      3.000  38.962021    14.6258    6.44589      2.975    31.7214    23.5251 0.0000e+00
 187.619437      4.000  38.805387    14.4584    6.48739      3.967    31.7156    23.5558 0.0000e+00
 187.619449      5.000  38.652875    14.2671    6.57175      4.958    31.7329    23.6089 0.0000e+00
 187.619461      6.000  38.481975    14.0543    6.51936      5.950    31.7511    23.6667 0.0000e+00
 187.619473      7.000  38.337116    13.9377    6.47144      6.942    31.7136    23.6616 0.0000e+00
 187.619485      8.000  38.269439    13.8444    6.41270      7.933    31.7278    23.6916 0.0000e+00
 187.619497      9.000  38.161271    13.6611    6.31861      8.925    31.7791    23.7684 0.0000e+00
 187.619507     10.000  38.022808    13.4980    5.95641      9.916    31.7859    23.8062 0.0000e+00
 187.619519     11.000  37.894406    13.2883    5.49162     10.908    31.8407    23.8903 0.0000e+00
 187.619530     12.000  37.676328    12.9114    5.43968     11.899    31.9521    24.0503 0.0000e+00
 187.619543     13.000  37.255275    12.2926    5.32243     12.891    32.0775    24.2660 0.0000e+00
 187.619555     14.000  36.650301    11.6314    5.13370     13.883    32.0618    24.3759 0.0000e+00
 187.619568     15.000  36.294229    11.2473    5.33075     14.874    32.0468    24.4333 0.0000e+00
 187.619582     16.000  35.954828    10.5664    5.45691     15.866    32.3077    24.7553 0.0000e+00
 187.619594     17.000  35.462597     9.9390    5.49913     16.858    32.3713    24.9106 0.0000e+00
 187.619606     18.000  35.256820     9.7093    5.60620     17.849    32.3680    24.9453 0.0000e+00
 187.619618     19.000  35.076500     9.4259    5.66906     18.841    32.4389    25.0463 0.0000e+00
 187.619631     20.000  34.882449     9.1846    5.67465     19.832    32.4576    25.0993 0.0000e+00
 187.619643     21.000  34.747355     9.0116    5.69223     20.824    32.4749    25.1399 0.0000e+00
 187.619656     22.000  34.651952     8.8734    5.75533     21.815    32.5018    25.1823 0.0000e+00
 187.619667     23.000  34.566933     8.7566    5.81684     22.807    32.5198    25.2143 0.0000e+00
 187.619680     24.000  34.506924     8.6934    5.83107     23.798    32.5146    25.2199 0.0000e+00
 187.619692     25.000  34.481195     8.6729    5.82396     24.790    32.5061    25.2164 0.0000e+00
 187.619705     26.000  34.466357     8.6313    5.79514     25.781    32.5284    25.2401 0.0000e+00
 187.619716     27.000  34.449229     8.5974    5.76367     26.773    32.5411    25.2553 0.0000e+00
 187.619728     28.000  34.433676     8.5721    5.70472     27.765    32.5476    25.2642 0.0000e+00
 187.619740     29.000  34.421102     8.5420    5.62909     28.756    32.5618    25.2799 0.0000e+00
 187.619753     30.000  34.407385     8.4971    5.52156     29.747    32.5884    25.3074 0.0000e+00
 187.619765     31.000  34.393384     8.4336    5.42955     30.739    32.6319    25.3511 0.0000e+00
 187.619777     32.000  34.381123     8.3774    5.39566     31.730    32.6706    25.3898 0.0000e+00
 187.619789     33.000  34.376170     8.3600    5.36824     32.722    32.6810    25.4006 0.0000e+00
 187.619801     34.000  34.375513     8.3539    5.36889     33.713    32.6855    25.4051 0.0000e+00
 187.619814     35.000  34.375864     8.3470    5.36007     34.705    32.6920    25.4111 0.0000e+00
 187.619826     36.000  34.376915     8.3402    5.32263     35.696    32.6989    25.4176 0.0000e+00
 187.619837     37.000  34.378529     8.3361    5.28258     36.688    32.7039    25.4222 0.0000e+00
 187.619849     38.000  34.378868     8.3254    5.23216     37.679    32.7138    25.4315 0.0000e+00
 187.619860     39.000  34.384078     8.2942    5.18476     38.671    32.7479    25.4629 0.0000e+00
 187.619872     40.000  34.398273     8.2708    5.19070     39.662    32.7843    25.4949 0.0000e+00
 187.619883     41.000  34.404813     8.2703    5.16093     40.654    32.7912    25.5004 0.0000e+00
 187.619896     42.000  34.413132     8.2755    5.08888     41.645    32.7947    25.5024 0.0000e+00
 187.619908     43.000  34.432861     8.2696    4.95775     42.636    32.8206    25.5236 0.0000e+00
 187.619920     44.000  34.476282     8.2638    4.72677     43.628    32.8715    25.5644 0.0000e+00
 187.619932     45.000  34.557010     8.2732    4.45391     44.620    32.9477    25.6228 0.0000e+00
 187.619944     46.000  34.691884     8.3048    4.27322     45.611    33.0604    25.7065 0.0000e+00
 187.619956     47.000  34.797533     8.3303    4.20545     46.603    33.1477    25.7711 0.0000e+00
 187.619968     48.000  34.850987     8.3432    4.18044     47.594    33.1917    25.8037 0.0000e+00
 187.619980     49.000  34.871547     8.3449    4.17306     48.586    33.2113    25.8189 0.0000e+00
 187.619992     50.000  34.878874     8.3438    4.17582     49.577    33.2197    25.8257 0.0000e+00
 187.620005     51.000  34.883085     8.3435    4.12478     50.568    33.2240    25.8291 0.0000e+00
 187.620017     52.000  34.892477     8.3432    4.04823     51.559    33.2337    25.8368 0.0000e+00
 187.620029     53.000  34.920367     8.3400    3.98778     52.551    33.2658    25.8624 0.0000e+00
 187.620042     54.000  34.942301     8.3265    3.88290     53.542    33.3013    25.8923 0.0000e+00
 187.620055     55.000  34.952333     8.3042    3.79912     54.534    33.3326    25.9202 0.0000e+00
 187.620067     56.000  34.973630     8.2699    3.79546     55.525    33.3872    25.9682 0.0000e+00
 187.620081     57.000  34.947341     8.2405    3.78135     56.516    33.3868    25.9723 0.0000e+00
 187.620095     58.000  34.936403     8.2305    3.75586     57.508    33.3843    25.9718 0.0000e+00
 187.620110     59.000  34.932004     8.2087    3.73682     58.499    33.3998    25.9873 0.0000e+00
 187.620124     60.000  34.909152     8.1716    3.71024     59.491    33.4104    26.0011 0.0000e+00
 187.620136     61.000  34.897671     8.1473    3.66379     60.482    33.4208    26.0129 0.0000e+00
 187.620150     62.000  34.895363     8.1219    3.61713     61.474    33.4422    26.0334 0.0000e+00
 187.620164     63.000  34.894086     8.0992    3.60705     62.465    33.4620    26.0524 0.0000e+00
 187.620179     64.000  34.885691     8.0772    3.56138     63.456    33.4736    26.0647 0.0000e+00
 187.620192     65.000  34.884949     8.0637    3.50110     64.447    33.4853    26.0759 0.0000e+00
 187.620204     66.000  34.900735     8.0532    3.46904     65.439    33.5116    26.0981 0.0000e+00
 187.620216     67.000  34.907979     8.0259    3.42787     66.430    33.5451    26.1284 0.0000e+00
 187.620228     68.000  34.889201     7.9977    3.39946     67.421    33.5515    26.1377 0.0000e+00
 187.620241     69.000  34.880484     7.9804    3.39429     68.412    33.5583    26.1455 0.0000e+00
 187.620254     70.000  34.875323     7.9559    3.34524     69.404    33.5759    26.1629 0.0000e+00
 187.620268     71.000  34.881699     7.9578    3.23641     70.395    33.5804    26.1663 0.0000e+00
 187.620282     72.000  34.937169     7.9778    3.15444     71.387    33.6200    26.1944 0.0000e+00
 187.620294     73.000  34.981838     7.9708    3.13067     72.378    33.6741    26.2379 0.0000e+00
 187.620308     74.000  34.979244     7.9412    3.12627     73.369    33.6994    26.2620 0.0000e+00
 187.620321     75.000  34.963350     7.9183    3.12115     74.360    33.7040    26.2691 0.0000e+00
 187.620334     76.000  34.956460     7.9043    3.13235     75.352    33.7096    26.2756 0.0000e+00
 187.620347     77.000  34.936792     7.8810    3.11617     76.343    33.7106    26.2797 0.0000e+00
 187.620361     78.000  34.911710     7.8454    3.10640     77.334    33.7175    26.2905 0.0000e+00
 187.620374     79.000  34.886068     7.8025    3.10084     78.326    33.7310    26.3072 0.0000e+00
 187.620387     80.000  34.857698     7.7708    3.08536     79.317    33.7306    26.3116 0.0000e+00
 187.620400     81.000  34.853012     7.7779    3.07981     80.308    33.7183    26.3009 0.0000e+00
 187.620414     82.000  34.847339     7.7401    3.05956     81.299    33.7483    26.3299 0.0000e+00
 187.620426     83.000  34.825975     7.7029    3.00647     82.291    33.7608    26.3451 0.0000e+00
 187.620440     84.000  34.815348     7.6684    2.90720     83.282    33.7824    26.3671 0.0000e+00
 187.620453     85.000  34.789295     7.6190    2.79752     84.273    33.8018    26.3894 0.0000e+00
 187.620467     86.000  34.762702     7.5704    2.70016     85.265    33.8198    26.4106 0.0000e+00
 187.620480     87.000  34.760086     7.5406    2.64386     86.256    33.8456    26.4351 0.0000e+00
 187.620494     88.000  34.762319     7.5310    2.60168     87.247    33.8568    26.4452 0.0000e+00
 187.620509     89.000  34.758630     7.5131    2.53281     88.238    33.8698    26.4580 0.0000e+00
 187.620525     90.000  34.747393     7.4740    2.47602     89.230    33.8954    26.4837 0.0000e+00
 187.620537     91.000  34.723414     7.4295    2.44439     90.220    33.9123    26.5034 0.0000e+00
 187.620551     92.000  34.706294     7.4137    2.44667     91.212    33.9087    26.5028 0.0000e+00
 187.620563     93.000  34.700787     7.4101    2.43785     92.203    33.9057    26.5010 0.0000e+00
 187.620578     94.000  34.699154     7.4099    2.43824     93.194    33.9037    26.4994 0.0000e+00
 187.620592     95.000  34.699250     7.4087    2.44113     94.185    33.9045    26.5003 0.0000e+00
 187.620607     96.000  34.699708     7.4098    2.44510     95.177    33.9035    26.4993 0.0000e+00
 187.620623     97.000  34.700196     7.4101    2.43691     96.168    33.9032    26.4990 0.0000e+00
 187.620637     98.000  34.700907     7.4095    2.43272     97.159    33.9041    26.4998 0.0000e+00
 187.620653     99.000  34.701583     7.4109    2.42944     98.150    33.9030    26.4987 0.0000e+00
 187.620670    100.000  34.702178     7.4118    2.42475     99.141    33.9022    26.4981 0.0000e+00
 187.620695    101.000  34.703248     7.4116    2.43624    100.133    33.9032    26.4987 0.0000e+00
