data/oxygen options/ONMS/Olympic_Coast_National_Marine_Sanctuary_Hypoxia_Survey_CTD_Data_2004_2015/raw_data/2006/CTD_TH070_062006faed.cnv
* Sea-Bird SBE19 Data File:
* FileName = C:\Hypoxia Data\CTD_TH070_062006.hex
* Software Version 1.1.8
* Temperature SN = 2997
* Conductivity SN = 2997
* System UpLoad Time = Jun 20 2006 12:01:32
* SEACAT PROFILER V3.1c SN 2997   06/20/06  12:00:37.558
* strain gauge pressure sensor: S/N = 184829,  range = 3000 psia,  tc = 40
# nquan = 9                                 
# nvalues = 702                         
# units = specified
# name 0 = timeJ: Julian Days
# name 1 = prSM: Pressure, Strain Gauge [db]
# name 2 = c0mS/cm: Conductivity [mS/cm]
# name 3 = t090C: Temperature [ITS-90, deg C]
# name 4 = oxML/L: Oxygen, Beckman/YSI [ml/l]
# name 5 = depSM: Depth [salt water, m], lat = 47.5
# name 6 = sal00: Salinity, Practical [PSU]
# name 7 = sigma-é00: Density [sigma-theta, kg/m^3]
# name 8 = flag: flag
# span 0 = 171.494826, 171.498883       
# span 1 =     -4.939,     69.063       
# span 2 =   1.012524,  37.194078       
# span 3 =     7.9234,    13.2420       
# span 4 =   -0.83431,   35.24647       
# span 5 =     -4.898,     68.475       
# span 6 =     0.6681,    33.6345       
# span 7 =    -0.0484,    26.2135       
# span 8 = 0.0000e+00, 0.0000e+00       
# interval = seconds: 0.5
# start_time = Jun 20 2006 11:52:33 [Instrument's time stamp, header]
# bad_flag = -9.990e-29
*END*
[from data line 321]
 171.496684      1.476  37.118924    13.0351    5.92195      1.464    31.3284    23.5434 -9.990e-29
 171.496690      1.481  37.124258    13.0345    5.92457      1.469    31.3339    23.5478 -9.990e-29
 171.496696      1.495  37.125025    13.0332    5.91594      1.483    31.3357    23.5494 -9.990e-29
 171.496701      1.509  37.123375    13.0321    5.89659      1.496    31.3350    23.5491 -9.990e-29
 171.496707      1.520  37.122717    13.0318    5.88882      1.507    31.3347    23.5489 -9.990e-29
 171.496713      1.528  37.123859    13.0331    5.89890      1.515    31.3347    23.5486 -9.990e-29
 171.496719      1.534  37.126083    13.0368    5.91408      1.521    31.3337    23.5472 -9.990e-29
 171.496725      1.539  37.128987    13.0411    5.92645      1.526    31.3329    23.5457 -9.990e-29
 171.496730      1.542  37.128031    13.0422    5.91682      1.529    31.3311    23.5441 -9.990e-29
 171.496736      1.545  37.119137    13.0409    5.90314      1.532    31.3238    23.5387 -9.990e-29
 171.496742      1.542  37.112893    13.0414    5.89876      1.529    31.3175    23.5338 -9.990e-29
 171.496748      1.530  37.117807    13.0439    5.90790      1.517    31.3201    23.5353 -9.990e-29
 171.496753      1.515  37.125284    13.0444    5.92150      1.502    31.3267    23.5403 -9.990e-29
 171.496759      1.511  37.128463    13.0396    5.93141      1.498    31.3336    23.5466 -9.990e-29
 171.496765      1.517  37.125415    13.0318    5.92085      1.504    31.3372    23.5509 -9.990e-29
 171.496771      1.524  37.118811    13.0300    5.90445      1.511    31.3325    23.5476 -9.990e-29
 171.496777      1.529  37.118363    13.0372    5.88626      1.516    31.3261    23.5412 -9.990e-29
 171.496782      1.533  37.124034    13.0453    5.89024      1.520    31.3247    23.5386 -9.990e-29
 171.496788      1.534  37.129358    13.0471    5.90218      1.521    31.3283    23.5410 -9.990e-29
 171.496794      1.538  37.131901    13.0402    5.91167      1.525    31.3363    23.5486 -9.990e-29
 171.496800      1.550  37.124397    13.0228    5.91905      1.537    31.3437    23.5576 -9.990e-29
 171.496806      1.565  37.104701    13.0014    5.90937      1.552    31.3429    23.5611 -9.990e-29
 171.496811      1.576  37.087508    12.9914    5.90772      1.563    31.3350    23.5570 -9.990e-29
 171.496817      1.576  37.085242    12.9979    5.90742      1.563    31.3275    23.5499 -9.990e-29
 171.496823      1.563  37.093755    13.0098    5.90664      1.550    31.3256    23.5462 -9.990e-29
 171.496829      1.547  37.102515    13.0173    5.90163      1.534    31.3277    23.5463 -9.990e-29
 171.496834      1.534  37.108620    13.0199    5.89449      1.521    31.3313    23.5486 -9.990e-29
 171.496840      1.528  37.112361    13.0199    5.90002      1.515    31.3348    23.5513 -9.990e-29
 171.496846      1.529  37.112558    13.0178    5.90808      1.516    31.3367    23.5532 -9.990e-29
 171.496852      1.537  37.110034    13.0119    5.91282      1.524    31.3392    23.5563 -9.990e-29
 171.496858      1.547  37.102551    13.0010    5.91611      1.534    31.3412    23.5599 -9.990e-29
 171.496863      1.557  37.090792    12.9898    5.92197      1.544    31.3394    23.5607 -9.990e-29
 171.496869      1.566  37.083206    12.9867    5.92348      1.553    31.3348    23.5578 -9.990e-29
 171.496875      1.576  37.084267    12.9917    5.92559      1.563    31.3317    23.5544 -9.990e-29
 171.496881      1.587  37.090337    12.9973    5.90930      1.574    31.3328    23.5541 -9.990e-29
 171.496887      1.600  37.095487    13.0001    5.89226      1.587    31.3353    23.5555 -9.990e-29
 171.496892      1.616  37.098731    13.0025    5.88804      1.603    31.3363    23.5559 -9.990e-29
 171.496898      1.631  37.102154    13.0072    5.89006      1.617    31.3357    23.5544 -9.990e-29
 171.496904      1.642  37.106394    13.0125    5.90949      1.628    31.3352    23.5531 -9.990e-29
 171.496910      1.653  37.110934    13.0114    5.93672      1.639    31.3404    23.5573 -9.990e-29
 171.496916      1.667  37.107803    13.0024    5.95172      1.653    31.3449    23.5625 -9.990e-29
 171.496921      1.674  37.095076    12.9969    5.93684      1.660    31.3375    23.5579 -9.990e-29
 171.496927      1.672  37.090011    13.0041    5.90269      1.658    31.3268    23.5482 -9.990e-29
 171.496933      1.665  37.101002    13.0197    5.89241      1.651    31.3242    23.5432 -9.990e-29
 171.496939      1.659  37.118578    13.0355    5.89526      1.645    31.3277    23.5428 -9.990e-29
 171.496944      1.664  37.134200    13.0450    5.91687      1.650    31.3345    23.5462 -9.990e-29
 171.496950      1.685  37.139510    13.0427    5.93408      1.671    31.3414    23.5520 -9.990e-29
 171.496956      1.713  37.128664    13.0317    5.93136      1.699    31.3403    23.5532 -9.990e-29
 171.496962      1.734  37.110742    13.0239    5.91133      1.720    31.3299    23.5467 -9.990e-29
 171.496968      1.736  37.102786    13.0265    5.89611      1.722    31.3203    23.5388 -9.990e-29
 171.496973      1.724  37.109312    13.0353    5.88950      1.710    31.3191    23.5362 -9.990e-29
 171.496979      1.714  37.119922    13.0420    5.89559      1.700    31.3235    23.5383 -9.990e-29
 171.496985      1.713  37.126304    13.0400    5.90443      1.699    31.3312    23.5446 -9.990e-29
 171.496991      1.723  37.125729    13.0274    5.90737      1.709    31.3411    23.5547 -9.990e-29
 171.496997      1.738  37.115728    13.0110    5.90754      1.723    31.3452    23.5611 -9.990e-29
 171.497002      1.752  37.101461    13.0009    5.90454      1.737    31.3402    23.5592 -9.990e-29
 171.497008      1.762  37.093618    13.0020    5.90527      1.747    31.3319    23.5525 -9.990e-29
 171.497014      1.767  37.094623    13.0111    5.90394      1.752    31.3253    23.5457 -9.990e-29
 171.497020      1.768  37.101306    13.0210    5.90694      1.753    31.3234    23.5423 -9.990e-29
 171.497025      1.766  37.108530    13.0258    5.90186      1.751    31.3262    23.5435 -9.990e-29
 171.497031      1.764  37.111323    13.0237    5.89745      1.749    31.3306    23.5473 -9.990e-29
 171.497037      1.766  37.106096    13.0184    5.89686      1.751    31.3300    23.5479 -9.990e-29
 171.497043      1.773  37.095401    13.0143    5.89898      1.758    31.3234    23.5436 -9.990e-29
 171.497049      1.790  37.089082    13.0085    5.90520      1.775    31.3222    23.5438 -9.990e-29
 171.497054      1.821  37.085985    12.9981    5.92244      1.806    31.3279    23.5502 -9.990e-29
 171.497060      1.864  37.081402    12.9875    5.93703      1.848    31.3324    23.5557 -9.990e-29
 171.497066      1.914  37.077618    12.9819    5.95432      1.898    31.3334    23.5576 -9.990e-29
 171.497072      1.969  37.077418    12.9820    5.95068      1.953    31.3331    23.5574 -9.990e-29
 171.497078      2.033  37.081075    12.9875    5.92456      2.016    31.3320    23.5554 -9.990e-29
 171.497083      2.110  37.087272    12.9970    5.87445      2.092    31.3299    23.5520 -9.990e-29
 171.497089      2.205  37.096397    13.0052    5.83061      2.187    31.3317    23.5518 -9.990e-29
 171.497095      2.324  37.103764    13.0050    5.80724      2.305    31.3387    23.5573 -9.990e-29
 171.497101      2.474  37.098981    12.9903    5.79879      2.453    31.3463    23.5660 0.0000e+00
 171.497106      2.666  37.080701    12.9566    5.77644      2.644    31.3570    23.5807 0.0000e+00
 171.497112      2.911  37.054270    12.8960    5.76038      2.887    31.3822    23.6120 0.0000e+00
 171.497118      3.216  37.012475    12.8128    5.70734      3.189    31.4118    23.6509 0.0000e+00
 171.497124      3.574  36.960722    12.7368    5.67121      3.544    31.4260    23.6765 0.0000e+00
 171.497130      3.976  36.927599    12.6899    5.69128      3.943    31.4336    23.6913 0.0000e+00
 171.497135      4.411  36.922205    12.6629    5.76626      4.374    31.4508    23.7099 0.0000e+00
 171.497141      4.873  36.931699    12.6343    5.89731      4.832    31.4835    23.7406 0.0000e+00
 171.497147      5.354  36.937291    12.5906    6.02722      5.309    31.5252    23.7812 0.0000e+00
 171.497153      5.840  36.928459    12.5341    6.11857      5.791    31.5639    23.8220 0.0000e+00
 171.497159      6.329  36.922014    12.4810    6.08439      6.276    31.6022    23.8617 0.0000e+00
 171.497164      6.822  36.941314    12.4443    6.01830      6.765    31.6513    23.9067 0.0000e+00
 171.497170      7.311  36.979520    12.4189    5.99255      7.250    31.7089    23.9562 0.0000e+00
 171.497176      7.790  37.014600    12.3853    5.96491      7.725    31.7706    24.0103 0.0000e+00
 171.497182      8.253  37.034388    12.3152    5.98782      8.184    31.8488    24.0841 0.0000e+00
 171.497188      8.702  37.014186    12.1802    6.00433      8.629    31.9443    24.1835 0.0000e+00
 171.497193      9.142  36.924229    11.9585    6.01355      9.066    32.0475    24.3048 0.0000e+00
 171.497199      9.590  36.750585    11.6841    6.03341      9.510    32.1158    24.4082 0.0000e+00
 171.497205     10.060  36.542772    11.4477    6.03649      9.976    32.1180    24.4528 0.0000e+00
 171.497211     10.557  36.391685    11.2891    6.03904     10.469    32.1078    24.4732 0.0000e+00
 171.497216     11.079  36.303376    11.1885    6.04598     10.986    32.1085    24.4917 0.0000e+00
 171.497222     11.619  36.243624    11.1231    6.06820     11.522    32.1066    24.5017 0.0000e+00
 171.497228     12.170  36.206767    11.0759    6.10439     12.068    32.1112    24.5137 0.0000e+00
 171.497234     12.724  36.184016    11.0352    6.14052     12.617    32.1241    24.5309 0.0000e+00
 171.497240     13.277  36.162958    10.9914    6.19062     13.166    32.1414    24.5521 0.0000e+00
 171.497245     13.831  36.135684    10.9429    6.21814     13.715    32.1567    24.5725 0.0000e+00
 171.497251     14.381  36.102266    10.8975    6.25333     14.260    32.1632    24.5855 0.0000e+00
 171.497257     14.925  36.069726    10.8611    6.27581     14.800    32.1627    24.5914 0.0000e+00
 171.497263     15.463  36.045697    10.8314    6.28710     15.333    32.1647    24.5982 0.0000e+00
 171.497269     15.999  36.028403    10.8041    6.29781     15.865    32.1713    24.6081 0.0000e+00
 171.497274     16.537  36.011587    10.7795    6.28598     16.398    32.1760    24.6160 0.0000e+00
 171.497280     17.073  35.994119    10.7589    6.25363     16.930    32.1766    24.6200 0.0000e+00
 171.497286     17.602  35.977925    10.7419    6.24674     17.454    32.1752    24.6219 0.0000e+00
 171.497292     18.120  35.963265    10.7286    6.24609     17.968    32.1721    24.6218 0.0000e+00
 171.497297     18.622  35.949641    10.7210    6.25308     18.466    32.1651    24.6176 0.0000e+00
 171.497303     19.112  35.941300    10.7126    6.27325     18.952    32.1640    24.6182 0.0000e+00
 171.497309     19.606  35.933269    10.6847    6.28611     19.441    32.1803    24.6358 0.0000e+00
 171.497315     20.117  35.910332    10.6337    6.29916     19.948    32.2022    24.6616 0.0000e+00
 171.497321     20.652  35.875542    10.5748    6.33476     20.479    32.2193    24.6850 0.0000e+00
 171.497326     21.208  35.840829    10.5170    6.37372     21.030    32.2355    24.7075 0.0000e+00
 171.497332     21.776  35.808680    10.4583    6.37512     21.593    32.2551    24.7328 0.0000e+00
 171.497338     22.349  35.776023    10.3988    6.35578     22.161    32.2749    24.7583 0.0000e+00
 171.497344     22.926  35.741356    10.3476    6.32281     22.733    32.2853    24.7751 0.0000e+00
 171.497350     23.505  35.711717    10.3086    6.31220     23.308    32.2899    24.7854 0.0000e+00
 171.497355     24.080  35.687942    10.2739    6.32939     23.878    32.2967    24.7965 0.0000e+00
 171.497361     24.649  35.662984    10.2313    6.36606     24.442    32.3092    24.8134 0.0000e+00
 171.497367     25.214  35.631023    10.1657    6.40037     25.002    32.3353    24.8447 0.0000e+00
 171.497373     25.776  35.580270    10.0743    6.41620     25.559    32.3655    24.8835 0.0000e+00
 171.497378     26.337  35.507535     9.9736    6.43333     26.116    32.3818    24.9130 0.0000e+00
 171.497384     26.898  35.432479     9.8774    6.37499     26.672    32.3917    24.9366 0.0000e+00
 171.497390     27.462  35.371103     9.7919    6.25846     27.231    32.4059    24.9617 0.0000e+00
 171.497396     28.024  35.320622     9.7188    6.12731     27.788    32.4201    24.9847 0.0000e+00
 171.497402     28.579  35.272585     9.6498    5.99226     28.339    32.4330    25.0060 0.0000e+00
 171.497407     29.123  35.217877     9.5770    5.87897     28.878    32.4426    25.0253 0.0000e+00
 171.497413     29.656  35.154754     9.4992    5.79414     29.406    32.4481    25.0421 0.0000e+00
 171.497419     30.178  35.086521     9.4041    5.73540     29.924    32.4640    25.0697 0.0000e+00
 171.497425     30.688  34.996767     9.2754    5.68628     30.430    32.4882    25.1091 0.0000e+00
 171.497431     31.188  34.883010     9.1324    5.65206     30.925    32.5008    25.1414 0.0000e+00
 171.497436     31.689  34.783115     9.0140    5.61811     31.422    32.5051    25.1633 0.0000e+00
 171.497442     32.201  34.715841     8.9302    5.56991     31.930    32.5116    25.1814 0.0000e+00
 171.497448     32.722  34.669401     8.8733    5.53462     32.446    32.5152    25.1930 0.0000e+00
 171.497454     33.243  34.636796     8.8382    5.50421     32.963    32.5131    25.1968 0.0000e+00
 171.497459     33.759  34.615462     8.8184    5.46223     33.475    32.5088    25.1964 0.0000e+00
 171.497465     34.268  34.601599     8.8067    5.42337     33.979    32.5048    25.1951 0.0000e+00
 171.497471     34.768  34.592964     8.7945    5.36956     34.475    32.5068    25.1985 0.0000e+00
 171.497477     35.265  34.585310     8.7757    5.30844     34.968    32.5158    25.2085 0.0000e+00
 171.497483     35.773  34.574019     8.7498    5.23111     35.471    32.5276    25.2217 0.0000e+00
 171.497488     36.296  34.560282     8.7175    5.14766     35.990    32.5427    25.2384 0.0000e+00
 171.497494     36.823  34.545949     8.6774    5.05758     36.512    32.5643    25.2615 0.0000e+00
 171.497500     37.346  34.531511     8.6338    4.96145     37.031    32.5891    25.2875 0.0000e+00
 171.497506     37.858  34.521247     8.5964    4.86874     37.539    32.6126    25.3116 0.0000e+00
 171.497512     38.363  34.518268     8.5708    4.77077     38.039    32.6329    25.3314 0.0000e+00
 171.497517     38.863  34.520818     8.5539    4.67500     38.535    32.6510    25.3481 0.0000e+00
 171.497523     39.355  34.527223     8.5404    4.55924     39.023    32.6700    25.3650 0.0000e+00
 171.497529     39.841  34.535902     8.5291    4.42034     39.505    32.6894    25.3819 0.0000e+00
 171.497535     40.325  34.546627     8.5200    4.28022     39.985    32.7088    25.3986 0.0000e+00
 171.497541     40.809  34.561338     8.5125    4.16188     40.464    32.7311    25.4171 0.0000e+00
 171.497546     41.289  34.582240     8.5069    4.08239     40.940    32.7580    25.4391 0.0000e+00
 171.497552     41.762  34.607458     8.5047    4.05313     41.409    32.7864    25.4616 0.0000e+00
 171.497558     42.222  34.628528     8.5055    4.02777     41.865    32.8076    25.4782 0.0000e+00
 171.497564     42.671  34.640435     8.5052    3.99845     42.310    32.8202    25.4881 0.0000e+00
 171.497569     43.114  34.643891     8.4986    3.96264     42.750    32.8298    25.4966 0.0000e+00
 171.497575     43.567  34.640678     8.4837    3.91141     43.199    32.8400    25.5069 0.0000e+00
 171.497581     44.042  34.636030     8.4648    3.86787     43.670    32.8525    25.5195 0.0000e+00
 171.497587     44.534  34.636065     8.4481    3.81187     44.158    32.8679    25.5341 0.0000e+00
 171.497593     45.037  34.639685     8.4329    3.74925     44.656    32.8857    25.5503 0.0000e+00
 171.497598     45.552  34.642718     8.4135    3.69490     45.167    32.9068    25.5698 0.0000e+00
