data/oxygen options/ONMS/Olympic_Coast_National_Marine_Sanctuary_Hypoxia_Survey_CTD_Data_2004_2015/raw_data/2006/CTD_CA100_060606faed.cnv
* Sea-Bird SBE19 Data File:
* FileName = C:\MOORING_DATA_2006\CTD_CA100_060606.hex
* Software Version 1.1.6
* Temperature SN = 2997
* Conductivity SN = 2997
* System UpLoad Time = Jun 06 2006 14:59:10
* SEACAT PROFILER V3.1c SN 2997   06/06/06  14:58:23.896
* strain gauge pressure sensor: S/N = 184829,  range = 3000 psia,  tc = 40
# nquan = 9                                 
# nvalues = 2172                        
# units = specified
# name 0 = timeJ: Julian Days
# name 1 = prSM: Pressure, Strain Gauge [db]
# name 2 = c0mS/cm: Conductivity [mS/cm]
# name 3 = t090C: Temperature [ITS-90, deg C]
# name 4 = oxML/L: Oxygen, Beckman/YSI [ml/l]
# name 5 = depSM: Depth [salt water, m], lat = 47.5
# name 6 = sal00: Salinity, Practical [PSU]
# name 7 = sigma-é00: Density [sigma-theta, kg/m^3]
# name 8 = flag: flag
# span 0 = 157.602164, 157.614728       
# span 1 =     -5.235,     96.139       
# span 2 =   0.951105,  38.293247       
# span 3 =     7.9429,    16.6150       
# span 4 =  -13.57879,   30.34292       
# span 5 =     -5.191,     95.314       
# span 6 =     0.6162,    33.6604       
# span 7 =    -0.3658,    26.2310       
# span 8 = 0.0000e+00, 0.0000e+00       
# interval = seconds: 0.5
# start_time = Jun 06 2006 14:27:07 [Instrument's time stamp, header]
# bad_flag = -9.990e-29
*END*
[from data line 481]
 157.604948      1.594  34.764238    15.8827    6.32330      1.581    27.0690    19.6826 -9.990e-29
 157.604954      1.593  34.765027    15.8840    6.36957      1.580    27.0688    19.6822 -9.990e-29
 157.604959      1.593  34.765958    15.8843    6.40161      1.580    27.0694    19.6826 -9.990e-29
 157.604965      1.604  34.765480    15.8823    6.37540      1.591    27.0704    19.6837 -9.990e-29
 157.604971      1.622  34.764273    15.8740    6.32336      1.608    27.0750    19.6890 -9.990e-29
 157.604977      1.636  34.762970    15.8660    6.31933      1.622    27.0793    19.6940 -9.990e-29
 157.604983      1.633  34.762817    15.8700    6.33867      1.619    27.0765    19.6910 -9.990e-29
 157.604988      1.623  34.764715    15.8777    6.38714      1.609    27.0729    19.6866 -9.990e-29
 157.604994      1.624  34.768559    15.8769    6.41207      1.610    27.0767    19.6897 -9.990e-29
 157.605000      1.643  34.772172    15.8604    6.38093      1.629    27.0911    19.7043 -9.990e-29
 157.605006      1.671  34.772508    15.8368    6.33276      1.657    27.1075    19.7219 -9.990e-29
 157.605012      1.706  34.771120    15.8333    6.36034      1.692    27.1087    19.7235 -9.990e-29
 157.605017      1.751  34.771746    15.8501    6.34074      1.736    27.0977    19.7115 -9.990e-29
 157.605023      1.812  34.774076    15.8662    6.10378      1.797    27.0887    19.7012 -9.990e-29
 157.605029      1.902  34.776154    15.8728    5.84081      1.886    27.0860    19.6977 -9.990e-29
 157.605035      2.027  34.775134    15.8636    5.68762      2.010    27.0913    19.7038 0.0000e+00
 157.605041      2.181  34.772447    15.8317    5.69338      2.163    27.1108    19.7255 0.0000e+00
 157.605046      2.362  34.788047    15.7625    5.81209      2.342    27.1716    19.7869 0.0000e+00
 157.605052      2.577  34.869073    15.5856    5.91016      2.555    27.3637    19.9718 0.0000e+00
 157.605058      2.836  35.126907    15.2400    5.97029      2.812    27.8309    20.4032 0.0000e+00
 157.605064      3.141  35.781375    14.8139    6.00237      3.115    28.7173    21.1730 0.0000e+00
 157.605069      3.491  36.785786    14.4612    6.02091      3.462    29.8831    22.1430 0.0000e+00
 157.605075      3.878  37.642783    14.2410    6.06152      3.846    30.8327    22.9200 0.0000e+00
 157.605081      4.292  38.077854    14.1172    6.09215      4.256    31.3296    23.3286 0.0000e+00
 157.605087      4.731  38.242347    14.0369    6.14030      4.691    31.5458    23.5118 0.0000e+00
 157.605093      5.196  38.293247    13.9734    6.17984      5.153    31.6445    23.6010 0.0000e+00
 157.605098      5.683  38.292775    13.9148    6.20706      5.635    31.6921    23.6497 0.0000e+00
 157.605104      6.179  38.271696    13.8603    6.22862      6.127    31.7175    23.6804 0.0000e+00
 157.605110      6.673  38.247889    13.8203    6.23580      6.617    31.7284    23.6969 0.0000e+00
 157.605116      7.159  38.229983    13.7964    6.24992      7.099    31.7314    23.7041 0.0000e+00
 157.605122      7.642  38.217079    13.7794    6.24846      7.578    31.7334    23.7090 0.0000e+00
 157.605127      8.126  38.205973    13.7642    6.25661      8.058    31.7355    23.7138 0.0000e+00
 157.605133      8.608  38.195302    13.7493    6.25906      8.536    31.7378    23.7186 0.0000e+00
 157.605139      9.085  38.183723    13.7344    6.28745      9.009    31.7392    23.7227 0.0000e+00
 157.605145      9.548  38.170923    13.7212    6.32962      9.468    31.7381    23.7245 0.0000e+00
 157.605150      9.989  38.157771    13.7081    6.37029      9.905    31.7366    23.7260 0.0000e+00
 157.605156     10.409  38.143539    13.6891    6.34039     10.322    31.7390    23.7317 0.0000e+00
 157.605162     10.823  38.123821    13.6590    6.26661     10.732    31.7456    23.7428 0.0000e+00
 157.605168     11.239  38.093630    13.6162    6.21604     11.145    31.7529    23.7571 0.0000e+00
 157.605174     11.667  38.051966    13.5628    6.21704     11.569    31.7584    23.7721 0.0000e+00
 157.605179     12.113  38.000490    13.4981    6.21342     12.012    31.7642    23.7895 0.0000e+00
 157.605185     12.563  37.935069    13.4015    6.26276     12.458    31.7835    23.8236 0.0000e+00
 157.605191     13.006  37.832412    13.2406    6.35694     12.897    31.8218    23.8851 0.0000e+00
 157.605197     13.449  37.666151    13.0033    6.45692     13.336    31.8646    23.9647 0.0000e+00
 157.605203     13.900  37.444056    12.7254    6.58736     13.784    31.8889    24.0374 0.0000e+00
 157.605208     14.351  37.208281    12.4622    6.63542     14.231    31.8876    24.0866 0.0000e+00
 157.605214     14.795  36.984387    12.2379    6.55778     14.671    31.8640    24.1106 0.0000e+00
 157.605220     15.228  36.763826    12.0542    6.43500     15.100    31.8085    24.1018 0.0000e+00
 157.605226     15.657  36.577268    11.8937    6.29614     15.526    31.7653    24.0979 0.0000e+00
 157.605231     16.088  36.460333    11.7353    6.19976     15.953    31.7874    24.1440 0.0000e+00
 157.605237     16.522  36.382155    11.5864    6.12760     16.383    31.8389    24.2111 0.0000e+00
 157.605243     16.967  36.311381    11.4452    6.03674     16.825    31.8913    24.2772 0.0000e+00
 157.605249     17.423  36.223717    11.2831    5.93195     17.277    31.9455    24.3483 0.0000e+00
 157.605255     17.883  36.091988    11.1013    5.82173     17.733    31.9736    24.4023 0.0000e+00
 157.605260     18.337  35.932354    10.9296    5.71997     18.183    31.9654    24.4260 0.0000e+00
 157.605266     18.782  35.787703    10.7843    5.66137     18.624    31.9487    24.4382 0.0000e+00
 157.605272     19.223  35.686671    10.6635    5.64861     19.062    31.9537    24.4630 0.0000e+00
 157.605278     19.662  35.616773    10.5509    5.65587     19.497    31.9825    24.5047 0.0000e+00
 157.605284     20.104  35.543106    10.4333    5.66265     19.935    32.0120    24.5476 0.0000e+00
 157.605289     20.557  35.457150    10.3112    5.66217     20.384    32.0333    24.5848 0.0000e+00
 157.605295     21.020  35.367654    10.2011    5.64290     20.844    32.0403    24.6087 0.0000e+00
 157.605301     21.483  35.289297    10.1305    5.62280     21.303    32.0236    24.6075 0.0000e+00
 157.605307     21.933  35.242632    10.1038    5.56458     21.749    32.0000    24.5935 0.0000e+00
 157.605313     22.369  35.231577    10.0984    5.50080     22.181    31.9934    24.5893 0.0000e+00
 157.605318     22.806  35.235756    10.0878    5.44219     22.614    32.0068    24.6015 0.0000e+00
 157.605324     23.258  35.232680    10.0570    5.36465     23.063    32.0308    24.6253 0.0000e+00
 157.605330     23.733  35.219918    10.0067    5.32105     23.534    32.0622    24.6582 0.0000e+00
 157.605336     24.231  35.197822     9.9433    5.28743     24.027    32.0960    24.6949 0.0000e+00
 157.605341     24.746  35.163265     9.8793    5.25251     24.538    32.1177    24.7223 0.0000e+00
 157.605347     25.267  35.121181     9.8256    5.23415     25.055    32.1225    24.7349 0.0000e+00
 157.605353     25.789  35.082726     9.7804    5.21309     25.572    32.1235    24.7431 0.0000e+00
 157.605359     26.314  35.056045     9.7364    5.18906     26.093    32.1354    24.7595 0.0000e+00
 157.605365     26.848  35.032457     9.6937    5.19162     26.622    32.1493    24.7773 0.0000e+00
 157.605370     27.384  35.009650     9.6612    5.19525     27.154    32.1549    24.7869 0.0000e+00
 157.605376     27.919  34.997569     9.6397    5.20637     27.684    32.1616    24.7956 0.0000e+00
 157.605382     28.452  34.991297     9.6233    5.21046     28.213    32.1696    24.8046 0.0000e+00
 157.605388     28.983  34.983568     9.6107    5.19723     28.739    32.1728    24.8091 0.0000e+00
 157.605394     29.511  34.975834     9.6027    5.16103     29.263    32.1718    24.8096 0.0000e+00
 157.605399     30.032  34.968980     9.5976    5.13211     29.779    32.1692    24.8084 0.0000e+00
 157.605405     30.540  34.962257     9.5907    5.08272     30.283    32.1683    24.8088 0.0000e+00
 157.605411     31.042  34.953972     9.5759    5.06281     30.781    32.1728    24.8147 0.0000e+00
 157.605417     31.549  34.939230     9.5462    5.04420     31.283    32.1842    24.8284 0.0000e+00
 157.605422     32.061  34.912378     9.4955    4.99199     31.791    32.2020    24.8504 0.0000e+00
 157.605428     32.579  34.871804     9.4288    4.92512     32.305    32.2201    24.8752 0.0000e+00
 157.605434     33.096  34.825635     9.3650    4.89140     32.817    32.2299    24.8930 0.0000e+00
 157.605440     33.603  34.791359     9.3220    4.86640     33.320    32.2332    24.9024 0.0000e+00
 157.605446     34.092  34.778764     9.3053    4.84772     33.805    32.2351    24.9065 0.0000e+00
 157.605451     34.566  34.781680     9.3043    4.82151     34.275    32.2388    24.9096 0.0000e+00
 157.605457     35.037  34.785464     9.2906    4.76774     34.742    32.2548    24.9243 0.0000e+00
 157.605463     35.522  34.768788     9.2443    4.72370     35.223    32.2793    24.9507 0.0000e+00
 157.605469     36.026  34.734638     9.1899    4.70296     35.722    32.2930    24.9700 0.0000e+00
 157.605475     36.548  34.721582     9.1537    4.69052     36.240    32.3121    24.9906 0.0000e+00
 157.605480     37.082  34.733493     9.1268    4.67107     36.769    32.3486    25.0234 0.0000e+00
 157.605486     37.619  34.738557     9.0944    4.65808     37.302    32.3830    25.0554 0.0000e+00
 157.605492     38.155  34.727799     9.0524    4.64855     37.833    32.4098    25.0829 0.0000e+00
 157.605498     38.690  34.708167     9.0078    4.64383     38.363    32.4299    25.1055 0.0000e+00
 157.605503     39.218  34.686548     8.9722    4.65728     38.887    32.4397    25.1187 0.0000e+00
 157.605509     39.731  34.668860     8.9509    4.64748     39.396    32.4405    25.1227 0.0000e+00
 157.605515     40.224  34.657849     8.9419    4.64205     39.884    32.4370    25.1214 0.0000e+00
 157.605521     40.696  34.653952     8.9373    4.63744     40.352    32.4370    25.1220 0.0000e+00
 157.605527     41.158  34.651951     8.9297    4.62265     40.810    32.4416    25.1269 0.0000e+00
 157.605532     41.621  34.645797     8.9192    4.60155     41.269    32.4446    25.1308 0.0000e+00
 157.605538     42.089  34.637921     8.9096    4.56326     41.733    32.4450    25.1326 0.0000e+00
 157.605544     42.557  34.631824     8.9005    4.50627     42.197    32.4468    25.1354 0.0000e+00
 157.605550     43.030  34.624403     8.8873    4.45211     42.666    32.4509    25.1407 0.0000e+00
 157.605556     43.516  34.613597     8.8667    4.39729     43.148    32.4583    25.1496 0.0000e+00
 157.605561     44.016  34.601243     8.8343    4.34598     43.644    32.4748    25.1675 0.0000e+00
 157.605567     44.528  34.585429     8.7868    4.28231     44.152    32.5016    25.1958 0.0000e+00
 157.605573     45.046  34.566358     8.7348    4.25180     44.665    32.5292    25.2253 0.0000e+00
 157.605579     45.555  34.551668     8.6972    4.23237     45.170    32.5482    25.2459 0.0000e+00
 157.605584     46.041  34.545295     8.6823    4.20802     45.652    32.5550    25.2536 0.0000e+00
 157.605590     46.501  34.546566     8.6831    4.18111     46.108    32.5554    25.2537 0.0000e+00
 157.605596     46.947  34.550981     8.6809    4.14819     46.550    32.5618    25.2591 0.0000e+00
 157.605602     47.394  34.548706     8.6617    4.12001     46.993    32.5769    25.2739 0.0000e+00
 157.605608     47.853  34.539497     8.6326    4.10501     47.448    32.5939    25.2916 0.0000e+00
 157.605613     48.332  34.531810     8.6079    4.09693     47.923    32.6084    25.3067 0.0000e+00
 157.605619     48.828  34.527713     8.5919    4.08168     48.415    32.6186    25.3171 0.0000e+00
 157.605625     49.330  34.525644     8.5826    4.06245     48.912    32.6248    25.3234 0.0000e+00
 157.605631     49.825  34.524504     8.5773    4.05183     49.403    32.6283    25.3269 0.0000e+00
 157.605637     50.308  34.523312     8.5738    4.02502     49.882    32.6300    25.3288 0.0000e+00
 157.605642     50.779  34.522141     8.5700    3.99039     50.349    32.6321    25.3310 0.0000e+00
 157.605648     51.247  34.521096     8.5625    3.94825     50.813    32.6377    25.3366 0.0000e+00
 157.605654     51.720  34.519325     8.5500    3.90250     51.282    32.6472    25.3459 0.0000e+00
 157.605660     52.202  34.515572     8.5333    3.85865     51.760    32.6585    25.3573 0.0000e+00
 157.605666     52.694  34.509677     8.5108    3.81676     52.248    32.6729    25.3720 0.0000e+00
 157.605671     53.189  34.502739     8.4816    3.78205     52.738    32.6924    25.3917 0.0000e+00
 157.605677     53.685  34.495965     8.4512    3.76041     53.230    32.7133    25.4126 0.0000e+00
 157.605683     54.181  34.490400     8.4266    3.76312     53.722    32.7300    25.4294 0.0000e+00
 157.605689     54.677  34.486835     8.4086    3.76990     54.213    32.7427    25.4421 0.0000e+00
 157.605694     55.173  34.485550     8.3947    3.78923     54.705    32.7541    25.4530 0.0000e+00
 157.605700     55.667  34.485943     8.3832    3.79507     55.195    32.7650    25.4633 0.0000e+00
 157.605706     56.147  34.486848     8.3719    3.79717     55.671    32.7762    25.4738 0.0000e+00
 157.605712     56.610  34.487779     8.3589    3.79869     56.130    32.7891    25.4858 0.0000e+00
 157.605718     57.060  34.488288     8.3458    3.81317     56.576    32.8016    25.4976 0.0000e+00
 157.605723     57.499  34.487921     8.3350    3.86018     57.011    32.8111    25.5067 0.0000e+00
 157.605729     57.933  34.486742     8.3254    3.90946     57.441    32.8186    25.5140 0.0000e+00
 157.605735     58.374  34.484295     8.3136    3.95395     57.879    32.8268    25.5222 0.0000e+00
 157.605741     58.829  34.479552     8.2959    3.98503     58.330    32.8381    25.5337 0.0000e+00
 157.605747     59.295  34.470105     8.2730    3.98393     58.792    32.8493    25.5459 0.0000e+00
 157.605752     59.768  34.457371     8.2519    3.96995     59.261    32.8554    25.5537 0.0000e+00
 157.605758     60.240  34.447912     8.2351    3.94502     59.729    32.8608    25.5605 0.0000e+00
 157.605764     60.703  34.442564     8.2181    3.89405     60.188    32.8709    25.5709 0.0000e+00
 157.605770     61.160  34.439233     8.1987    3.83742     60.641    32.8853    25.5851 0.0000e+00
 157.605775     61.619  34.439078     8.1809    3.77651     61.096    32.9016    25.6005 0.0000e+00
 157.605781     62.079  34.442445     8.1678    3.71536     61.552    32.9172    25.6147 0.0000e+00
 157.605787     62.535  34.448204     8.1593    3.67615     62.004    32.9311    25.6269 0.0000e+00
 157.605793     62.981  34.453930     8.1538    3.64416     62.446    32.9421    25.6363 0.0000e+00
 157.605799     63.417  34.458277     8.1490    3.60894     62.878    32.9511    25.6440 0.0000e+00
 157.605804     63.849  34.464227     8.1441    3.59071     63.306    32.9618    25.6532 0.0000e+00
 157.605810     64.282  34.472978     8.1396    3.58198     63.736    32.9751    25.6643 0.0000e+00
 157.605816     64.714  34.480491     8.1353    3.55963     64.164    32.9869    25.6742 0.0000e+00
 157.605822     65.143  34.484439     8.1294    3.53332     64.589    32.9965    25.6826 0.0000e+00
 157.605828     65.575  34.486152     8.1198    3.49627     65.017    33.0071    25.6924 0.0000e+00
 157.605833     66.020  34.488469     8.1053    3.45868     65.459    33.0230    25.7070 0.0000e+00
 157.605839     66.480  34.493912     8.0876    3.43833     65.915    33.0453    25.7270 0.0000e+00
 157.605845     66.946  34.501319     8.0714    3.41958     66.377    33.0682    25.7474 0.0000e+00
 157.605851     67.409  34.507659     8.0603    3.39272     66.835    33.0853    25.7624 0.0000e+00
 157.605856     67.866  34.511841     8.0541    3.37107     67.289    33.0954    25.7713 0.0000e+00
 157.605862     68.313  34.514943     8.0500    3.35567     67.732    33.1023    25.7773 0.0000e+00
