data/oxygen options/ONMS/Olympic_Coast_National_Marine_Sanctuary_Hypoxia_Survey_CTD_Data_2004_2015/raw_data/2006/CTD_TH030_060706faedb.cnv
* Sea-Bird SBE19 Data File:
* FileName = C:\Hypoxia_Data_2006\CTD_TH030_060706.hex
* Software Version 1.1.6
* Temperature SN = 2997
* Conductivity SN = 2997
* System UpLoad Time = Jun 07 2006 12:25:38
* SEACAT PROFILER V3.1c SN 2997   06/07/06  12:24:20.406
* strain gauge pressure sensor: S/N = 184829,  range = 3000 psia,  tc = 40
# nquan = 9
# nvalues = 26                          
# units = specified
# name 0 = timeJ: Julian Days
# name 1 = prSM: Pressure, Strain Gauge [db]
# name 2 = c0mS/cm: Conductivity [mS/cm]
# name 3 = t090C: Temperature [ITS-90, deg C]
# name 4 = oxML/L: Oxygen, Beckman/YSI [ml/l]
# name 5 = depSM: Depth [salt water, m], lat = 47.5
# name 6 = sal00: Salinity, Practical [PSU]
# name 7 = sigma-é00: Density [sigma-theta, kg/m^3]
# name 8 = flag: flag
# span 0 = 158.170375, 158.830586       
# span 1 =      2.000,     30.000       
# span 2 =  33.580980,  36.081859       
# span 3 =     9.5558,    15.4175       
# span 4 =    3.44904,    5.76742       
# span 5 =      1.984,     29.748       
# span 6 =    26.3381,    32.8304       
# span 7 =    19.2216,    25.3317       
# span 8 = 0.0000e+00, 0.0000e+00       
# interval = decibars: 1                
# start_time = Jun 07 2006 12:13:44 [Instrument's time stamp, header]
# bad_flag = -9.990e-29
*END*
 158.512339      2.000  33.580980    15.4175    5.76742      1.984    26.3381    19.2216 0.0000e+00
 158.512377      3.000  34.366070    13.9914    5.71402      2.975    28.0447    20.8216 0.0000e+00
 158.830586      6.000  34.985877    12.8851    5.08100      5.950    29.4641    22.1340 0.0000e+00
 158.512946      7.000  35.263543    12.5132    4.88527      6.942    30.0037    22.6177 0.0000e+00
 158.512963      8.000  35.594527    12.2767    4.94907      7.933    30.5074    23.0518 0.0000e+00
 158.512983      9.000  35.812109    12.1084    4.97919      8.925    30.8525    23.3503 0.0000e+00
 158.513009     10.000  35.932286    12.1142    5.03193      9.917    30.9622    23.4343 0.0000e+00
 158.513349     11.000  35.932057    11.9904    4.96600     10.908    31.0644    23.5364 0.0000e+00
 158.513399     12.000  35.964805    11.9318    4.88667     11.899    31.1443    23.6091 0.0000e+00
 158.513414     13.000  35.994900    11.8688    4.79390     12.891    31.2257    23.6837 0.0000e+00
 158.513428     14.000  36.016889    11.8124    4.71029     13.882    31.2939    23.7469 0.0000e+00
 158.513442     15.000  36.035383    11.7180    4.67328     14.874    31.3909    23.8393 0.0000e+00
 158.513455     16.000  36.060520    11.6495    4.54907     15.866    31.4728    23.9154 0.0000e+00
 158.513468     17.000  36.059196    11.5975    4.46569     16.858    31.5153    23.9577 0.0000e+00
 158.513484     18.000  36.057128    11.4928    4.49113     17.849    31.6021    24.0441 0.0000e+00
 158.513502     19.000  36.081859    11.3707    4.53829     18.841    31.7304    24.1655 0.0000e+00
 158.170375     21.000  36.007058    11.2273    4.39801     20.824    31.7664    24.2158 0.0000e+00
 158.513851     22.000  36.071953    11.0807    4.06510     21.815    31.9701    24.4033 0.0000e+00
 158.513869     23.000  36.035242    10.8938    3.81592     22.806    32.0965    24.5344 0.0000e+00
 158.513883     24.000  35.970526    10.5980    3.66984     23.798    32.2923    24.7379 0.0000e+00
 158.513897     25.000  35.878773    10.3014    3.64991     24.790    32.4637    24.9220 0.0000e+00
 158.513912     26.000  35.827007    10.1382    3.61790     25.781    32.5574    25.0226 0.0000e+00
 158.513927     27.000  35.763046     9.9911    3.55417     26.773    32.6248    25.0997 0.0000e+00
 158.513942     28.000  35.693737     9.8074    3.49266     27.765    32.7203    25.2045 0.0000e+00
 158.513957     29.000  35.619177     9.6430    3.45352     28.756    32.7934    25.2886 0.0000e+00
 158.513977     30.000  35.577926     9.5558    3.44904     29.748    32.8304    25.3317 0.0000e+00
