data/oxygen options/ONMS/Olympic_Coast_National_Marine_Sanctuary_Hypoxia_Survey_CTD_Data_2004_2015/raw_data/2006/CTD_TH100_070606faed.cnv
* Sea-Bird SBE19 Data File:
* FileName = C:\Hypoxia_Data_2006\CTD.hex
* Software Version 1.1.6
* Temperature SN = 2997
* Conductivity SN = 2997
* System UpLoad Time = Jul 06 2006 14:58:59
* SEACAT PROFILER V3.1c SN 2997   07/06/06  14:58:14.928
* strain gauge pressure sensor: S/N = 184829,  range = 3000 psia,  tc = 40
# nquan = 9                                 
# nvalues = 1004                        
# units = specified
# name 0 = timeJ: Julian Days
# name 1 = prSM: Pressure, Strain Gauge [db]
# name 2 = c0mS/cm: Conductivity [mS/cm]
# name 3 = t090C: Temperature [ITS-90, deg C]
# name 4 = oxML/L: Oxygen, Beckman/YSI [ml/l]
# name 5 = depSM: Depth [salt water, m], lat = 47.5
# name 6 = sal00: Salinity, Practical [PSU]
# name 7 = sigma-é00: Density [sigma-theta, kg/m^3]
# name 8 = flag: flag
# span 0 = 187.616470, 187.622274       
# span 1 =     -5.445,    100.811       
# span 2 =   0.354123,  39.430508       
# span 3 =     7.4085,    16.9285       
# span 4 =   -0.06556,   30.11570       
# span 5 =     -5.400,     99.945       
# span 6 =     0.2050,    33.9103       
# span 7 =    -0.9835,    26.5029       
# span 8 = 0.0000e+00, 0.0000e+00       
# interval = seconds: 0.5
# start_time = Jul 06 2006 14:47:43 [Instrument's time stamp, header]
# bad_flag = -9.990e-29
*END*
[from data line 321]
 187.618328      0.639  39.124286    14.8689    6.48128      0.634    31.6711    23.4349 -9.990e-29
 187.618333      0.646  39.127927    14.8811    6.46672      0.641    31.6645    23.4272 -9.990e-29
 187.618339      0.650  39.134858    14.8981    6.48775      0.645    31.6569    23.4178 -9.990e-29
 187.618345      0.660  39.146474    14.9064    6.52819      0.654    31.6606    23.4189 -9.990e-29
 187.618351      0.682  39.146849    14.8957    6.53939      0.676    31.6697    23.4281 -9.990e-29
 187.618356      0.713  39.125831    14.8760    6.53879      0.707    31.6667    23.4300 -9.990e-29
 187.618362      0.740  39.104789    14.8674    6.50245      0.734    31.6547    23.4226 -9.990e-29
 187.618368      0.755  39.102241    14.8740    6.45860      0.749    31.6470    23.4153 -9.990e-29
 187.618374      0.756  39.111984    14.8854    6.46757      0.750    31.6466    23.4125 -9.990e-29
 187.618380      0.754  39.127375    14.8961    6.48127      0.748    31.6518    23.4142 -9.990e-29
 187.618385      0.752  39.145938    14.9033    6.52267      0.746    31.6626    23.4211 -9.990e-29
 187.618391      0.750  39.154838    14.9018    6.54522      0.744    31.6719    23.4285 -9.990e-29
 187.618397      0.748  39.141261    14.8943    6.52820      0.742    31.6657    23.4254 -9.990e-29
 187.618403      0.745  39.111242    14.8888    6.51908      0.739    31.6431    23.4092 -9.990e-29
 187.618409      0.743  39.087609    14.8908    6.49165      0.737    31.6202    23.3911 -9.990e-29
 187.618414      0.740  39.092165    14.9012    6.49939      0.734    31.6159    23.3856 -9.990e-29
 187.618420      0.736  39.118084    14.9120    6.50928      0.730    31.6305    23.3945 -9.990e-29
 187.618426      0.731  39.139329    14.9146    6.50652      0.725    31.6475    23.4071 -9.990e-29
 187.618432      0.729  39.146641    14.9094    6.51411      0.723    31.6583    23.4165 -9.990e-29
 187.618438      0.734  39.143046    14.9014    6.51209      0.728    31.6616    23.4207 -9.990e-29
 187.618443      0.742  39.129929    14.8970    6.51652      0.736    31.6533    23.4153 -9.990e-29
 187.618449      0.750  39.122914    14.9000    6.51986      0.744    31.6446    23.4079 -9.990e-29
 187.618455      0.754  39.131170    14.9073    6.51750      0.748    31.6461    23.4075 -9.990e-29
 187.618461      0.749  39.136531    14.9107    6.49921      0.743    31.6482    23.4084 -9.990e-29
 187.618466      0.740  39.134930    14.9065    6.48381      0.734    31.6501    23.4108 -9.990e-29
 187.618472      0.735  39.134903    14.8997    6.48511      0.729    31.6556    23.4165 -9.990e-29
 187.618478      0.737  39.135302    14.8956    6.48008      0.731    31.6593    23.4202 -9.990e-29
 187.618484      0.742  39.134419    14.8945    6.48314      0.736    31.6594    23.4205 -9.990e-29
 187.618490      0.747  39.128838    14.8918    6.48868      0.741    31.6566    23.4189 -9.990e-29
 187.618495      0.751  39.113928    14.8835    6.50134      0.745    31.6499    23.4155 -9.990e-29
 187.618501      0.755  39.091701    14.8727    6.53585      0.749    31.6386    23.4091 -9.990e-29
 187.618507      0.760  39.075174    14.8645    6.55003      0.754    31.6303    23.4045 -9.990e-29
 187.618513      0.765  39.070934    14.8586    6.52965      0.759    31.6313    23.4065 -9.990e-29
 187.618519      0.771  39.069406    14.8522    6.50440      0.765    31.6351    23.4108 -9.990e-29
 187.618524      0.779  39.064068    14.8493    6.49803      0.772    31.6326    23.4095 -9.990e-29
 187.618530      0.788  39.061277    14.8583    6.50862      0.781    31.6228    23.4000 -9.990e-29
 187.618536      0.800  39.072466    14.8717    6.52752      0.793    31.6220    23.3966 -9.990e-29
 187.618542      0.814  39.090675    14.8705    6.52981      0.807    31.6394    23.4102 -9.990e-29
 187.618547      0.828  39.092497    14.8528    6.50848      0.821    31.6554    23.4263 -9.990e-29
 187.618553      0.839  39.077565    14.8344    6.49388      0.832    31.6569    23.4313 -9.990e-29
 187.618559      0.851  39.067502    14.8305    6.49656      0.844    31.6510    23.4276 -9.990e-29
 187.618565      0.865  39.073581    14.8381    6.50998      0.858    31.6503    23.4254 -9.990e-29
 187.618571      0.878  39.085394    14.8424    6.53332      0.871    31.6574    23.4300 -9.990e-29
 187.618576      0.890  39.087272    14.8409    6.54902      0.883    31.6604    23.4326 -9.990e-29
 187.618582      0.899  39.079486    14.8393    6.52875      0.891    31.6546    23.4285 -9.990e-29
 187.618588      0.900  39.071861    14.8433    6.51913      0.892    31.6445    23.4199 -9.990e-29
 187.618594      0.892  39.076678    14.8557    6.51452      0.885    31.6388    23.4128 -9.990e-29
 187.618600      0.877  39.095306    14.8700    6.51106      0.870    31.6440    23.4138 -9.990e-29
 187.618605      0.861  39.112743    14.8780    6.52073      0.854    31.6532    23.4192 -9.990e-29
 187.618611      0.857  39.124185    14.8776    6.52394      0.850    31.6639    23.4275 -9.990e-29
 187.618617      0.863  39.129743    14.8716    6.51626      0.856    31.6737    23.4364 -9.990e-29
 187.618623      0.876  39.126727    14.8659    6.50976      0.869    31.6756    23.4391 -9.990e-29
 187.618628      0.894  39.122337    14.8631    6.49587      0.887    31.6740    23.4384 -9.990e-29
 187.618634      0.907  39.120818    14.8617    6.48769      0.899    31.6737    23.4385 -9.990e-29
 187.618640      0.913  39.118459    14.8631    6.48978      0.905    31.6704    23.4357 -9.990e-29
 187.618646      0.912  39.112675    14.8691    6.50672      0.904    31.6604    23.4266 -9.990e-29
 187.618652      0.904  39.105855    14.8744    6.50731      0.896    31.6499    23.4174 -9.990e-29
 187.618657      0.893  39.100126    14.8707    6.50125      0.886    31.6478    23.4166 -9.990e-29
 187.618663      0.887  39.090657    14.8592    6.50394      0.880    31.6486    23.4196 -9.990e-29
 187.618669      0.890  39.076048    14.8484    6.51946      0.883    31.6441    23.4185 -9.990e-29
 187.618675      0.902  39.063753    14.8423    6.53729      0.894    31.6380    23.4151 -9.990e-29
 187.618681      0.918  39.060945    14.8377    6.56858      0.910    31.6392    23.4170 -9.990e-29
 187.618686      0.933  39.062191    14.8294    6.55994      0.925    31.6471    23.4248 -9.990e-29
 187.618692      0.942  39.060173    14.8203    6.52371      0.934    31.6526    23.4310 -9.990e-29
 187.618698      0.946  39.058372    14.8228    6.51215      0.938    31.6490    23.4277 -9.990e-29
 187.618704      0.945  39.065046    14.8448    6.49758      0.937    31.6371    23.4139 -9.990e-29
 187.618709      0.939  39.085723    14.8738    6.51577      0.931    31.6322    23.4040 -9.990e-29
 187.618715      0.932  39.114306    14.8913    6.53511      0.924    31.6438    23.4092 -9.990e-29
 187.618721      0.933  39.140092    14.8928    6.52500      0.925    31.6658    23.4258 -9.990e-29
 187.618727      0.941  39.145845    14.8845    6.49127      0.933    31.6777    23.4367 -9.990e-29
 187.618733      0.948  39.129700    14.8803    6.45086      0.940    31.6666    23.4290 -9.990e-29
 187.618738      0.950  39.120069    14.8867    6.45606      0.942    31.6527    23.4170 -9.990e-29
 187.618744      0.952  39.124310    14.8942    6.48264      0.944    31.6505    23.4137 -9.990e-29
 187.618750      0.958  39.128994    14.8932    6.53502      0.950    31.6555    23.4177 -9.990e-29
 187.618756      0.969  39.128587    14.8759    6.57208      0.961    31.6692    23.4320 -9.990e-29
 187.618762      0.985  39.109642    14.8452    6.56809      0.977    31.6770    23.4445 -9.990e-29
 187.618767      1.003  39.073834    14.8236    6.51798      0.995    31.6622    23.4377 -9.990e-29
 187.618773      1.016  39.055339    14.8283    6.47297      1.008    31.6417    23.4209 -9.990e-29
 187.618779      1.015  39.068206    14.8538    6.47978      1.007    31.6326    23.4085 -9.990e-29
 187.618785      1.001  39.094234    14.8809    6.49553      0.993    31.6341    23.4039 -9.990e-29
 187.618791      0.986  39.120434    14.8959    6.53744      0.978    31.6456    23.4095 -9.990e-29
 187.618796      0.982  39.137976    14.8928    6.57990      0.974    31.6639    23.4243 -9.990e-29
 187.618802      0.988  39.132663    14.8766    6.58095      0.980    31.6723    23.4342 -9.990e-29
 187.618808      0.997  39.108074    14.8718    6.52692      0.989    31.6540    23.4211 -9.990e-29
 187.618814      0.999  39.094267    14.8868    6.47727      0.991    31.6294    23.3990 -9.990e-29
 187.618819      0.992  39.107618    14.9050    6.44435      0.984    31.6267    23.3930 -9.990e-29
 187.618825      0.982  39.131136    14.9180    6.45077      0.974    31.6373    23.3985 -9.990e-29
 187.618831      0.979  39.154097    14.9279    6.49172      0.971    31.6500    23.4061 -9.990e-29
 187.618837      0.982  39.167842    14.9291    6.53477      0.974    31.6614    23.4146 -9.990e-29
 187.618843      0.991  39.150297    14.9089    6.55364      0.983    31.6619    23.4194 -9.990e-29
 187.618848      1.002  39.108371    14.8753    6.55282      0.994    31.6514    23.4184 -9.990e-29
 187.618854      1.008  39.073140    14.8560    6.53417      1.000    31.6353    23.4101 -9.990e-29
 187.618860      1.004  39.059908    14.8627    6.52052      0.996    31.6179    23.3953 -9.990e-29
 187.618866      0.995  39.068979    14.8840    6.49893      0.987    31.6089    23.3838 -9.990e-29
 187.618872      0.989  39.092243    14.9023    6.49874      0.981    31.6150    23.3846 -9.990e-29
 187.618877      0.989  39.114710    14.9065    6.51452      0.981    31.6318    23.3967 -9.990e-29
 187.618883      0.996  39.125940    14.8975    6.52100      0.988    31.6492    23.4120 -9.990e-29
 187.618889      1.009  39.130810    14.8863    6.53246      1.001    31.6627    23.4248 -9.990e-29
 187.618895      1.027  39.134691    14.8820    6.53496      1.018    31.6697    23.4311 -9.990e-29
 187.618900      1.040  39.133777    14.8852    6.52707      1.031    31.6663    23.4277 -9.990e-29
 187.618906      1.046  39.133577    14.8965    6.50569      1.037    31.6569    23.4181 -9.990e-29
 187.618912      1.049  39.141119    14.9194    6.50466      1.040    31.6451    23.4042 -9.990e-29
 187.618918      1.050  39.155800    14.9477    6.50925      1.041    31.6354    23.3907 -9.990e-29
 187.618924      1.045  39.171943    14.9667    6.52471      1.036    31.6345    23.3860 -9.990e-29
 187.618929      1.040  39.184702    14.9706    6.53034      1.031    31.6429    23.3915 -9.990e-29
 187.618935      1.046  39.194822    14.9658    6.52377      1.037    31.6559    23.4026 -9.990e-29
 187.618941      1.057  39.199528    14.9649    6.50978      1.048    31.6608    23.4066 -9.990e-29
 187.618947      1.067  39.202850    14.9779    6.51608      1.058    31.6533    23.3980 -9.990e-29
 187.618953      1.070  39.213143    15.0011    6.52468      1.061    31.6437    23.3857 -9.990e-29
 187.618958      1.073  39.222242    15.0180    6.52848      1.064    31.6382    23.3778 -9.990e-29
 187.618964      1.079  39.226570    15.0192    6.51048      1.070    31.6411    23.3798 -9.990e-29
 187.618970      1.089  39.231904    15.0120    6.48041      1.080    31.6517    23.3895 -9.990e-29
 187.618976      1.098  39.230771    15.0077    6.48091      1.089    31.6542    23.3923 -9.990e-29
 187.618981      1.100  39.227832    15.0108    6.49498      1.091    31.6491    23.3877 -9.990e-29
 187.618987      1.090  39.233752    15.0153    6.51287      1.081    31.6507    23.3881 -9.990e-29
 187.618993      1.076  39.239589    15.0081    6.49761      1.067    31.6618    23.3981 -9.990e-29
 187.618999      1.069  39.230123    14.9880    6.48039      1.060    31.6696    23.4084 -9.990e-29
 187.619005      1.070  39.203395    14.9724    6.46596      1.061    31.6582    23.4030 -9.990e-29
 187.619010      1.069  39.184933    14.9717    6.47909      1.060    31.6422    23.3908 -9.990e-29
 187.619016      1.064  39.186026    14.9747    6.49802      1.055    31.6407    23.3890 -9.990e-29
 187.619022      1.056  39.188485    14.9676    6.50761      1.047    31.6487    23.3967 -9.990e-29
 187.619028      1.051  39.180442    14.9481    6.48770      1.042    31.6573    23.4074 -9.990e-29
 187.619034      1.048  39.159031    14.9250    6.47397      1.039    31.6567    23.4119 -9.990e-29
 187.619039      1.046  39.132177    14.9101    6.49585      1.037    31.6446    23.4058 -9.990e-29
 187.619045      1.046  39.119061    14.9050    6.51677      1.037    31.6369    23.4010 -9.990e-29
 187.619051      1.048  39.123512    14.8970    6.53416      1.039    31.6474    23.4107 -9.990e-29
 187.619057      1.051  39.123968    14.8805    6.53896      1.042    31.6612    23.4249 -9.990e-29
 187.619063      1.057  39.106447    14.8656    6.52511      1.048    31.6575    23.4252 -9.990e-29
 187.619068      1.060  39.081813    14.8600    6.51364      1.051    31.6399    23.4128 -9.990e-29
 187.619074      1.057  39.076135    14.8634    6.51186      1.048    31.6320    23.4060 -9.990e-29
 187.619080      1.052  39.092502    14.8704    6.50804      1.043    31.6411    23.4115 -9.990e-29
 187.619086      1.050  39.105599    14.8743    6.51567      1.041    31.6497    23.4173 -9.990e-29
 187.619091      1.049  39.110445    14.8750    6.52067      1.040    31.6535    23.4201 -9.990e-29
 187.619097      1.054  39.110138    14.8736    6.52841      1.045    31.6544    23.4210 -9.990e-29
 187.619103      1.070  39.098096    14.8702    6.53500      1.061    31.6463    23.4155 -9.990e-29
 187.619109      1.088  39.085759    14.8676    6.54044      1.079    31.6372    23.4091 -9.990e-29
 187.619115      1.099  39.088100    14.8644    6.51835      1.090    31.6419    23.4134 -9.990e-29
 187.619120      1.101  39.094768    14.8575    6.48961      1.092    31.6536    23.4238 -9.990e-29
 187.619126      1.104  39.096699    14.8517    6.48532      1.095    31.6600    23.4300 -9.990e-29
 187.619132      1.108  39.099836    14.8516    6.49504      1.099    31.6629    23.4323 -9.990e-29
 187.619138      1.110  39.105553    14.8537    6.52428      1.101    31.6664    23.4345 -9.990e-29
 187.619144      1.112  39.107440    14.8508    6.53333      1.103    31.6704    23.4383 -9.990e-29
 187.619149      1.120  39.099039    14.8426    6.54401      1.111    31.6695    23.4393 -9.990e-29
 187.619155      1.131  39.083177    14.8366    6.54641      1.122    31.6601    23.4333 -9.990e-29
 187.619161      1.135  39.073492    14.8373    6.52355      1.126    31.6508    23.4260 -9.990e-29
 187.619167      1.134  39.077829    14.8460    6.49732      1.125    31.6476    23.4217 -9.990e-29
 187.619172      1.132  39.090747    14.8628    6.50042      1.123    31.6456    23.4166 -9.990e-29
 187.619178      1.128  39.106464    14.8778    6.50469      1.119    31.6476    23.4150 -9.990e-29
 187.619184      1.126  39.120687    14.8794    6.52333      1.117    31.6591    23.4235 -9.990e-29
 187.619190      1.131  39.132745    14.8704    6.54424      1.122    31.6773    23.4394 -9.990e-29
 187.619196      1.143  39.132906    14.8582    6.54124      1.133    31.6874    23.4497 -9.990e-29
 187.619201      1.159  39.110161    14.8498    6.52878      1.149    31.6737    23.4410 -9.990e-29
 187.619207      1.171  39.091417    14.8538    6.51975      1.161    31.6535    23.4246 -9.990e-29
 187.619213      1.175  39.098812    14.8676    6.51891      1.165    31.6490    23.4182 -9.990e-29
 187.619219      1.172  39.114708    14.8798    6.52444      1.162    31.6534    23.4190 -9.990e-29
 187.619225      1.165  39.126632    14.8870    6.52303      1.155    31.6583    23.4212 -9.990e-29
 187.619230      1.164  39.137019    14.8922    6.51131      1.154    31.6635    23.4241 -9.990e-29
 187.619236      1.167  39.140082    14.8961    6.50073      1.157    31.6631    23.4230 -9.990e-29
 187.619242      1.167  39.136541    14.9003    6.50321      1.157    31.6565    23.4170 -9.990e-29
