data/oxygen options/ONMS/Olympic_Coast_National_Marine_Sanctuary_Hypoxia_Survey_CTD_Data_2004_2015/raw_data/2006/CTD_TH030_070606faedb.cnv
* Sea-Bird SBE19 Data File:
* FileName = C:\Hypoxia_Data_2006\CTD_TH030_070606.hex
* Software Version 1.1.6
* Temperature SN = 2997
* Conductivity SN = 2997
* System UpLoad Time = Jul 06 2006 17:25:49
* SEACAT PROFILER V3.1c SN 2997   07/06/06  17:25:04.000
* strain gauge pressure sensor: S/N = 184829,  range = 3000 psia,  tc = 40
# nquan = 9
# nvalues = 28                          
# units = specified
# name 0 = timeJ: Julian Days
# name 1 = prSM: Pressure, Strain Gauge [db]
# name 2 = c0mS/cm: Conductivity [mS/cm]
# name 3 = t090C: Temperature [ITS-90, deg C]
# name 4 = oxML/L: Oxygen, Beckman/YSI [ml/l]
# name 5 = depSM: Depth [salt water, m], lat = 47.5
# name 6 = sal00: Salinity, Practical [PSU]
# name 7 = sigma-é00: Density [sigma-theta, kg/m^3]
# name 8 = flag: flag
# span 0 = 186.099608, 187.723908       
# span 1 =      3.000,     31.000       
# span 2 =  34.368397,  35.927998       
# span 3 =     7.5742,     9.8359       
# span 4 =    1.83197,    6.43959       
# span 5 =      2.974,     30.739       
# span 6 =    32.9415,    33.6955       
# span 7 =    25.3733,    26.3115       
# span 8 = 0.0000e+00, 0.0000e+00       
# interval = decibars: 1                
# start_time = Jul 06 2006 17:15:34 [Instrument's time stamp, header]
# bad_flag = -9.990e-29
*END*
 187.722373      3.000  35.927998     9.8359    6.43959      2.974    32.9415    25.3733 0.0000e+00
 187.722399      4.000  35.621148     9.0638    4.66606      3.967    33.3426    25.8102 0.0000e+00
 187.722419      5.000  35.271554     8.6088    4.27050      4.958    33.4045    25.9297 0.0000e+00
 187.722443      6.000  35.226270     8.5332    4.58980      5.950    33.4280    25.9597 0.0000e+00
 187.722811      7.000  35.106972     8.3930    3.59558      6.941    33.4346    25.9861 0.0000e+00
 187.722890      8.000  35.015749     8.1864    2.88539      7.933    33.5342    26.0952 0.0000e+00
 187.722905      9.000  34.810519     7.9258    2.60916      8.925    33.5643    26.1573 0.0000e+00
 187.722920     10.000  34.698961     7.8359    2.57091      9.916    33.5307    26.1441 0.0000e+00
 187.722937     11.000  34.708036     7.8192    2.59100     10.908    33.5561    26.1664 0.0000e+00
 187.722960     12.000  34.730295     7.8319    2.63661     11.900    33.5672    26.1735 0.0000e+00
 187.723209     13.000  34.715162     7.8049    2.55784     12.891    33.5765    26.1846 0.0000e+00
 187.723272     14.000  34.718423     7.7893    2.57199     13.883    33.5945    26.2010 0.0000e+00
 187.723287     15.000  34.735893     7.7890    2.59183     14.874    33.6132    26.2157 0.0000e+00
 187.723300     16.000  34.745188     7.7865    2.52652     15.866    33.6251    26.2255 0.0000e+00
 187.723314     17.000  34.740525     7.7591    2.37693     16.858    33.6460    26.2459 0.0000e+00
 187.723327     18.000  34.706496     7.7024    2.24612     17.849    33.6637    26.2680 0.0000e+00
 187.723340     19.000  34.676906     7.6676    2.18614     18.841    33.6650    26.2740 0.0000e+00
 187.723358     20.000  34.673289     7.6547    2.16882     19.832    33.6731    26.2823 0.0000e+00
 186.099608     22.000  34.368397     7.5783    2.09270     21.815    33.3853    26.0591 0.0000e+00
 187.723766     23.000  34.663569     7.6353    2.07686     22.807    33.6800    26.2905 0.0000e+00
 187.723781     24.000  34.655410     7.6235    2.04851     23.799    33.6822    26.2939 0.0000e+00
 187.723794     25.000  34.649753     7.6141    2.00705     24.790    33.6847    26.2972 0.0000e+00
 187.723806     26.000  34.644481     7.6031    1.96572     25.781    33.6892    26.3024 0.0000e+00
 187.723817     27.000  34.636572     7.5912    1.93065     26.773    33.6916    26.3059 0.0000e+00
 187.723829     28.000  34.632771     7.5868    1.89646     27.764    33.6913    26.3064 0.0000e+00
 187.723843     29.000  34.631378     7.5822    1.85502     28.756    33.6938    26.3090 0.0000e+00
 187.723859     30.000  34.626201     7.5742    1.83197     29.748    33.6955    26.3115 0.0000e+00
 187.723908     31.000  34.623344     7.5770    1.88088     30.739    33.6892    26.3061 0.0000e+00
