data/oxygen options/ONMS/Olympic_Coast_National_Marine_Sanctuary_Hypoxia_Survey_CTD_Data_2004_2015/raw_data/2006/CTD_TH035_062006faed.cnv
* Sea-Bird SBE19 Data File:
* FileName = C:\Hypoxia Data\CTDS_TH035_062006.hex
* Software Version 1.1.8
* Temperature SN = 2997
* Conductivity SN = 2997
* System UpLoad Time = Jun 20 2006 12:59:04
* SEACAT PROFILER V3.1c SN 2997   06/20/06  12:58:04.970
* strain gauge pressure sensor: S/N = 184829,  range = 3000 psia,  tc = 40
# nquan = 9                                 
# nvalues = 575                         
# units = specified
# name 0 = timeJ: Julian Days
# name 1 = prSM: Pressure, Strain Gauge [db]
# name 2 = c0mS/cm: Conductivity [mS/cm]
# name 3 = t090C: Temperature [ITS-90, deg C]
# name 4 = oxML/L: Oxygen, Beckman/YSI [ml/l]
# name 5 = depSM: Depth [salt water, m], lat = 47.5
# name 6 = sal00: Salinity, Practical [PSU]
# name 7 = sigma-é00: Density [sigma-theta, kg/m^3]
# name 8 = flag: flag
# span 0 = 171.524352, 171.527674       
# span 1 =     -0.328,     35.087       
# span 2 =   1.425198,  37.812690       
# span 3 =     7.9074,    14.4244       
# span 4 =   -0.07146,   33.28085       
# span 5 =     -0.325,     34.791       
# span 6 =     0.9560,    33.5658       
# span 7 =     0.1784,    26.1609       
# span 8 = 0.0000e+00, 0.0000e+00       
# interval = seconds: 0.5
# start_time = Jun 20 2006 12:35:04 [Instrument's time stamp, header]
# bad_flag = -9.990e-29
*END*
 171.524352     -0.327 -9.990e-29    12.5651   -0.07146     -0.324 -9.990e-29 -9.990e-29 -9.990e-29
 171.524358     -0.328   1.425198    12.5614   -0.05915     -0.325     0.9560     0.1784 -9.990e-29
 171.524363     -0.328   1.432382    12.5586   -0.05745     -0.325     0.9611     0.1827 -9.990e-29
 171.524369     -0.325   1.492973    12.5583   -0.05706     -0.322     1.0038     0.2160 -9.990e-29
 171.524375     -0.308   1.664446    12.5602   -0.05702     -0.305     1.1251     0.3101 -9.990e-29
 171.524381     -0.278   1.960152    12.5652   -0.05716     -0.276     1.3362     0.4735 -9.990e-29
 171.524387     -0.241   2.376704    12.5761   -0.05737     -0.239     1.6368     0.7055 -9.990e-29
 171.524392     -0.198   3.006035    12.5986   -0.05748     -0.196     2.0971     1.0598 -9.990e-29
 171.524398     -0.142   4.042522    12.6532   -0.05743     -0.141     2.8678     1.6499 -9.990e-29
 171.524404     -0.062   5.487331    12.8080   -0.05742     -0.061     3.9557     2.4711 -9.990e-29
 171.524410      0.047   8.021190    13.2055   -0.05742      0.047     5.8787     3.9003 -9.990e-29
 171.524416      0.185  15.327948    13.7856   -0.05734      0.183    11.6490     8.2509 -9.990e-29
 171.524421      0.350  26.550895    14.2209   -0.05725      0.347    20.9783    15.3404 0.0000e+00
 171.524427      0.537  34.093976    14.3873   -0.05722      0.533    27.5209    20.3390 0.0000e+00
 171.524433      0.732  36.600057    14.3888   -0.05720      0.726    29.7721    22.0723 0.0000e+00
 171.524439      0.921  37.397218    14.3252   -0.05720      0.913    30.5436    22.6798 0.0000e+00
 171.524444      1.091  37.620194    14.2758   -0.05725      1.082    30.7854    22.8764 0.0000e+00
 171.524450      1.232  37.661122    14.2675   -0.05729      1.222    30.8293    22.9118 -9.990e-29
 171.524456      1.339  37.653686    14.2816   -0.05721      1.328    30.8112    22.8950 -9.990e-29
 171.524462      1.415  37.636794    14.3043   -0.05716      1.403    30.7777    22.8646 -9.990e-29
 171.524468      1.468  37.616559    14.3378   -0.05718      1.456    30.7327    22.8230 -9.990e-29
 171.524473      1.512  37.613718    14.3743   -0.05726      1.499    30.7011    22.7911 -9.990e-29
 171.524479      1.553  37.643022    14.4007   -0.05742      1.540    30.7068    22.7900 -9.990e-29
 171.524485      1.594  37.682409    14.4177   -0.05756      1.581    30.7290    22.8037 -9.990e-29
 171.524491      1.637  37.706988    14.4244   -0.05758      1.623    30.7460    22.8154 -9.990e-29
 171.524497      1.680  37.701859    14.4167   -0.05757      1.666    30.7474    22.8181 -9.990e-29
 171.524502      1.714  37.671989    14.4108   -0.05748      1.700    30.7250    22.8020 -9.990e-29
 171.524508      1.728  37.651074    14.4191   -0.05742      1.714    30.6994    22.7806 -9.990e-29
 171.524514      1.723  37.659498    14.4235   -0.05742      1.709    30.7036    22.7829 -9.990e-29
 171.524520      1.711  37.689994    14.4017   -0.05748      1.697    30.7486    22.8220 -9.990e-29
 171.524525      1.705  37.718716    14.3473   -0.05762      1.691    30.8179    22.8867 -9.990e-29
 171.524531      1.708  37.723386    14.2696   -0.05763      1.694    30.8841    22.9537 -9.990e-29
 171.524537      1.716  37.702390    14.1998   -0.05756      1.702    30.9208    22.9963 -9.990e-29
 171.524543      1.721  37.674314    14.1682   -0.05756      1.707    30.9205    23.0025 -9.990e-29
 171.524549      1.720  37.655591    14.1739   -0.05755      1.706    30.8988    22.9847 -9.990e-29
 171.524554      1.711  37.644265    14.1975   -0.05755      1.697    30.8696    22.9573 -9.990e-29
 171.524560      1.700  37.644889    14.2165   -0.05754      1.686    30.8550    22.9422 -9.990e-29
 171.524566      1.698  37.664486    14.2126   -0.05758      1.684    30.8760    22.9591 -9.990e-29
 171.524572      1.712  37.688252    14.1809   -0.05761      1.698    30.9230    23.0019 -9.990e-29
 171.524578      1.737  37.696278    14.1407   -0.05762      1.722    30.9626    23.0406 -9.990e-29
 171.524583      1.756  37.685257    14.1242   -0.05759      1.741    30.9657    23.0464 -9.990e-29
 171.524589      1.761  37.667436    14.1321   -0.05759      1.746    30.9431    23.0274 -9.990e-29
 171.524595      1.763  37.656094    14.1434   -0.05761      1.748    30.9237    23.0101 -9.990e-29
 171.524601      1.769  37.651836    14.1504   -0.05761      1.754    30.9142    23.0013 -9.990e-29
 171.524606      1.779  37.647325    14.1530   -0.05761      1.764    30.9080    22.9960 -9.990e-29
 171.524612      1.795  37.641618    14.1481   -0.05759      1.780    30.9067    22.9960 -9.990e-29
 171.524618      1.813  37.639471    14.1345   -0.05761      1.798    30.9156    23.0057 -9.990e-29
 171.524624      1.831  37.639161    14.1200   -0.05762      1.816    30.9270    23.0174 -9.990e-29
 171.524630      1.848  37.636367    14.1139   -0.05762      1.833    30.9293    23.0204 -9.990e-29
 171.524635      1.867  37.634110    14.1150   -0.05758      1.851    30.9263    23.0179 -9.990e-29
 171.524641      1.888  37.637812    14.1155   -0.05755      1.872    30.9293    23.0201 -9.990e-29
 171.524647      1.909  37.645694    14.1127   -0.05755      1.893    30.9388    23.0280 -9.990e-29
 171.524653      1.927  37.647523    14.1102   -0.05760      1.911    30.9424    23.0313 -9.990e-29
 171.524659      1.946  37.641831    14.1106   -0.05762      1.930    30.9369    23.0270 -9.990e-29
 171.524664      1.969  37.638440    14.1125   -0.05759      1.953    30.9323    23.0230 -9.990e-29
 171.524670      1.988  37.640701    14.1124   -0.05750      1.971    30.9344    23.0247 -9.990e-29
 171.524676      2.000  37.640988    14.1117   -0.05747      1.983    30.9352    23.0254 -9.990e-29
 171.524682      2.005  37.635213    14.1164   -0.05747      1.988    30.9262    23.0175 -9.990e-29
 171.524688      2.005  37.630844    14.1278   -0.05749      1.988    30.9130    23.0051 -9.990e-29
 171.524693      1.999  37.634417    14.1378   -0.05753      1.982    30.9083    22.9994 -9.990e-29
 171.524699      1.991  37.645105    14.1365   -0.05752      1.974    30.9191    23.0080 -9.990e-29
 171.524705      1.985  37.655858    14.1263   -0.05751      1.968    30.9371    23.0239 -9.990e-29
 171.524711      1.976  37.657468    14.1237   -0.05751      1.959    30.9407    23.0272 -9.990e-29
 171.524716      1.960  37.651539    14.1409   -0.05750      1.944    30.9215    23.0089 -9.990e-29
 171.524722      1.939  37.649259    14.1696   -0.05751      1.923    30.8964    22.9837 -9.990e-29
 171.524728      1.921  37.656583    14.1898   -0.05757      1.905    30.8869    22.9722 -9.990e-29
 171.524734      1.913  37.673761    14.1944   -0.05760      1.897    30.8989    22.9806 -9.990e-29
 171.524740      1.919  37.691738    14.1881   -0.05760      1.903    30.9204    22.9984 -9.990e-29
 171.524745      1.931  37.696915    14.1791   -0.05760      1.915    30.9323    23.0094 -9.990e-29
 171.524751      1.936  37.691163    14.1763   -0.05761      1.920    30.9293    23.0077 -9.990e-29
 171.524757      1.940  37.685345    14.1793   -0.05762      1.924    30.9216    23.0011 -9.990e-29
 171.524763      1.951  37.681819    14.1819   -0.05762      1.935    30.9163    22.9965 -9.990e-29
 171.524769      1.961  37.678707    14.1784   -0.05762      1.945    30.9162    22.9972 -9.990e-29
 171.524774      1.966  37.677490    14.1645   -0.05761      1.950    30.9263    23.0077 -9.990e-29
 171.524780      1.977  37.679371    14.1423   -0.05761      1.960    30.9458    23.0273 -9.990e-29
 171.524786      1.992  37.679022    14.1228   -0.05757      1.975    30.9611    23.0431 -9.990e-29
 171.524792      2.005  37.673186    14.1128   -0.05753      1.988    30.9638    23.0472 -9.990e-29
 171.524797      2.012  37.668124    14.1080   -0.05753      1.995    30.9630    23.0476 -9.990e-29
 171.524803      2.018  37.666078    14.1036   -0.05759      2.001    30.9647    23.0498 -9.990e-29
 171.524809      2.028  37.663777    14.1004   -0.05765      2.011    30.9651    23.0508 -9.990e-29
 171.524815      2.037  37.660979    14.0997   -0.05763      2.020    30.9631    23.0494 -9.990e-29
 171.524821      2.043  37.659018    14.1013   -0.05757      2.026    30.9600    23.0467 -9.990e-29
 171.524826      2.045  37.658104    14.1058   -0.05751      2.028    30.9556    23.0424 -9.990e-29
 171.524832      2.044  37.658160    14.1157   -0.05747      2.027    30.9477    23.0342 -9.990e-29
 171.524838      2.039  37.659277    14.1308   -0.05748      2.022    30.9366    23.0226 -9.990e-29
 171.524844      2.036  37.661843    14.1417   -0.05746      2.019    30.9302    23.0155 -9.990e-29
 171.524850      2.041  37.667615    14.1370   -0.05749      2.024    30.9393    23.0234 -9.990e-29
 171.524855      2.055  37.675896    14.1172   -0.05748      2.038    30.9627    23.0455 -9.990e-29
 171.524861      2.071  37.680356    14.1003   -0.05751      2.054    30.9803    23.0626 -9.990e-29
 171.524867      2.081  37.678543    14.1071   17.59231      2.064    30.9732    23.0557 -9.990e-29
 171.524873      2.081  37.675345    14.1362   31.26386      2.064    30.9469    23.0295 -9.990e-29
 171.524878      2.076  37.673244    14.1694   33.28085      2.059    30.9184    23.0007 -9.990e-29
 171.524884      2.069  37.672266    14.1920   29.43888      2.052    30.8994    22.9814 -9.990e-29
 171.524890      2.065  37.673937    14.2027   19.48477      2.048    30.8924    22.9738 -9.990e-29
 171.524896      2.068  37.679389    14.2061   15.16436      2.051    30.8946    22.9749 -9.990e-29
 171.524902      2.073  37.684133    14.2023   15.18293      2.056    30.9020    22.9813 -9.990e-29
 171.524907      2.081  37.682730    14.1910   13.43367      2.064    30.9098    22.9896 -9.990e-29
 171.524913      2.097  37.679501    14.1686    5.61246      2.079    30.9248    23.0058 -9.990e-29
 171.524919      2.112  37.679696    14.1436    1.46645      2.094    30.9450    23.0265 -9.990e-29
 171.524925      2.120  37.679102    14.1395   -0.00892      2.102    30.9477    23.0294 -9.990e-29
 171.524931      2.121  37.684235    14.1599    1.26048      2.103    30.9360    23.0162 -9.990e-29
 171.524936      2.115  37.702513    14.1842    4.38024      2.097    30.9333    23.0091 -9.990e-29
 171.524942      2.106  37.718487    14.1985    5.25002      2.088    30.9364    23.0086 -9.990e-29
 171.524948      2.097  37.728229    14.2073    5.65775      2.079    30.9382    23.0082 -9.990e-29
 171.524954      2.088  37.738023    14.2196    5.89951      2.071    30.9373    23.0050 -9.990e-29
 171.524959      2.078  37.744674    14.2358    6.02359      2.061    30.9304    22.9963 -9.990e-29
 171.524965      2.068  37.748653    14.2455    6.09651      2.051    30.9263    22.9912 -9.990e-29
 171.524971      2.055  37.749675    14.2408    6.14837      2.038    30.9310    22.9958 -9.990e-29
 171.524977      2.044  37.741271    14.2261    6.20338      2.027    30.9351    23.0019 -9.990e-29
 171.524983      2.043  37.724602    14.2092    6.26225      2.026    30.9334    23.0041 -9.990e-29
 171.524988      2.055  37.712809    14.1933    6.30030      2.038    30.9354    23.0089 -9.990e-29
 171.524994      2.077  37.705893    14.1762    6.32041      2.060    30.9428    23.0181 -9.990e-29
 171.525000      2.103  37.692403    14.1583    6.33652      2.085    30.9448    23.0233 -9.990e-29
 171.525006      2.124  37.676252    14.1490    6.33575      2.106    30.9375    23.0196 -9.990e-29
 171.525012      2.139  37.671270    14.1534    6.32239      2.121    30.9294    23.0124 -9.990e-29
 171.525017      2.148  37.680366    14.1634    6.30855      2.130    30.9297    23.0106 -9.990e-29
 171.525023      2.151  37.694925    14.1698    6.31207      2.133    30.9379    23.0156 -9.990e-29
 171.525029      2.154  37.706324    14.1706    6.32223      2.136    30.9476    23.0230 -9.990e-29
 171.525035      2.160  37.711266    14.1667    6.33796      2.142    30.9553    23.0297 -9.990e-29
 171.525041      2.170  37.710750    14.1577    6.35444      2.152    30.9620    23.0367 -9.990e-29
 171.525046      2.185  37.705229    14.1420    6.34405      2.167    30.9695    23.0457 -9.990e-29
 171.525052      2.201  37.696336    14.1247    6.32690      2.183    30.9753    23.0537 -9.990e-29
 171.525058      2.210  37.690187    14.1180    6.31043      2.192    30.9751    23.0549 -9.990e-29
 171.525064      2.210  37.692063    14.1253    6.31816      2.192    30.9709    23.0502 -9.990e-29
 171.525069      2.204  37.699991    14.1390    6.32582      2.186    30.9672    23.0445 -9.990e-29
 171.525075      2.201  37.706601    14.1511    6.33582      2.183    30.9635    23.0392 -9.990e-29
 171.525081      2.200  37.708376    14.1565    6.33181      2.182    30.9608    23.0360 -9.990e-29
 171.525087      2.197  37.703199    14.1559    6.30599      2.179    30.9565    23.0329 -9.990e-29
 171.525093      2.196  37.693150    14.1545    6.29559      2.178    30.9485    23.0269 -9.990e-29
 171.525098      2.201  37.687835    14.1555    6.30548      2.183    30.9428    23.0224 -9.990e-29
 171.525104      2.209  37.690823    14.1564    6.32285      2.191    30.9448    23.0237 -9.990e-29
 171.525110      2.215  37.696555    14.1515    6.33547      2.197    30.9540    23.0318 -9.990e-29
 171.525116      2.224  37.697521    14.1385    6.33652      2.205    30.9653    23.0432 -9.990e-29
 171.525122      2.237  37.691080    14.1231    6.31002      2.218    30.9718    23.0513 -9.990e-29
 171.525127      2.247  37.680985    14.1144    6.28110      2.228    30.9695    23.0514 -9.990e-29
 171.525133      2.248  37.676212    14.1162    6.26709      2.229    30.9637    23.0465 -9.990e-29
 171.525139      2.242  37.681611    14.1234    6.26574      2.223    30.9629    23.0444 -9.990e-29
 171.525145      2.233  37.690349    14.1283    6.28155      2.214    30.9669    23.0465 -9.990e-29
 171.525150      2.228  37.695559    14.1268    6.29113      2.209    30.9729    23.0514 -9.990e-29
 171.525156      2.227  37.695209    14.1199    6.29043      2.208    30.9781    23.0569 -9.990e-29
 171.525162      2.221  37.690513    14.1161    6.26251      2.202    30.9769    23.0567 -9.990e-29
 171.525168      2.210  37.688671    14.1206    6.25554      2.192    30.9716    23.0517 -9.990e-29
 171.525174      2.198  37.692274    14.1284    6.25397      2.180    30.9686    23.0478 -9.990e-29
 171.525179      2.184  37.697144    14.1354    6.27247      2.166    30.9675    23.0455 -9.990e-29
 171.525185      2.171  37.703039    14.1389    6.29504      2.153    30.9700    23.0468 -9.990e-29
 171.525191      2.166  37.706595    14.1360    6.30198      2.148    30.9756    23.0516 -9.990e-29
 171.525197      2.175  37.702453    14.1315    6.29475      2.157    30.9754    23.0524 -9.990e-29
 171.525203      2.189  37.696309    14.1348    6.28126      2.171    30.9672    23.0454 -9.990e-29
 171.525208      2.196  37.697923    14.1478    6.29199      2.178    30.9582    23.0358 -9.990e-29
 171.525214      2.196  37.708318    14.1642    6.27920      2.178    30.9546    23.0296 -9.990e-29
 171.525220      2.198  37.722835    14.1793    6.25972      2.180    30.9557    23.0274 -9.990e-29
 171.525226      2.206  37.734459    14.1910    6.24686      2.188    30.9569    23.0260 -9.990e-29
 171.525231      2.218  37.735123    14.1970    6.25366      2.199    30.9527    23.0215 -9.990e-29
 171.525237      2.228  37.730761    14.1983    6.27484      2.209    30.9477    23.0174 -9.990e-29
 171.525243      2.242  37.731828    14.1973    6.29730      2.223    30.9495    23.0189 -9.990e-29
 171.525249      2.262  37.734133    14.1931    6.29066      2.243    30.9549    23.0240 -9.990e-29
 171.525255      2.279  37.726157    14.1866    6.26072      2.260    30.9528    23.0237 -9.990e-29
 171.525260      2.286  37.712412    14.1843    6.26444      2.267    30.9421    23.0160 -9.990e-29
 171.525266      2.279  37.712158    14.1882    6.26521      2.260    30.9388    23.0126 -9.990e-29
 171.525272      2.267  37.722809    14.1930    6.28493      2.248    30.9447    23.0161 -9.990e-29
