data/oxygen options/ONMS/Olympic_Coast_National_Marine_Sanctuary_Hypoxia_Survey_CTD_Data_2004_2015/raw_data/2006/CTD_TH035_081706faed.cnv
* Sea-Bird SBE19 Data File:
* FileName = C:\Hypoxia_Data_2006\CTD_TH035_081606.hex
* Software Version 1.1.6
* Temperature SN = 2997
* Conductivity SN = 2997
* System UpLoad Time = Aug 17 2006 09:15:07
* SEACAT PROFILER V3.1c SN 2997   08/17/06  09:14:31.011
* strain gauge pressure sensor: S/N = 184829,  range = 3000 psia,  tc = 40
# nquan = 9                                 
# nvalues = 610                         
# units = specified
# name 0 = timeJ: Julian Days
# name 1 = prSM: Pressure, Strain Gauge [db]
# name 2 = c0mS/cm: Conductivity [mS/cm]
# name 3 = t090C: Temperature [ITS-90, deg C]
# name 4 = oxML/L: Oxygen, Beckman/YSI [ml/l]
# name 5 = depSM: Depth [salt water, m], lat = 47.5
# name 6 = sal00: Salinity, Practical [PSU]
# name 7 = sigma-é00: Density [sigma-theta, kg/m^3]
# name 8 = flag: flag
# span 0 = 229.380231, 229.383756       
# span 1 =     -4.967,     35.866       
# span 2 =   0.421664,  36.799001       
# span 3 =     7.9339,    18.2301       
# span 4 =   -3.72892,   39.57037       
# span 5 =     -4.926,     35.564       
# span 6 =     0.2767,    33.6460       
# span 7 =    -0.2304,    26.2204       
# span 8 = 0.0000e+00, 0.0000e+00       
# interval = seconds: 0.5
# start_time = Aug 17 2006 09:07:32 [Instrument's time stamp, header]
# bad_flag = -9.990e-29
*END*
[from data line 321]
 229.382089      2.084  36.572113    10.4801    5.47593      2.067    33.0094    25.3165 -9.990e-29
 229.382095      2.069  36.578816    10.4916    5.48069      2.052    33.0057    25.3117 -9.990e-29
 229.382101      2.057  36.583434    10.4928    5.50402      2.040    33.0093    25.3142 -9.990e-29
 229.382106      2.056  36.584278    10.4805    5.50981      2.039    33.0213    25.3257 -9.990e-29
 229.382112      2.069  36.579672    10.4644    5.50606      2.052    33.0313    25.3363 -9.990e-29
 229.382118      2.089  36.573015    10.4613    5.49654      2.072    33.0274    25.3338 -9.990e-29
 229.382124      2.099  36.571133    10.4729    5.48938      2.081    33.0150    25.3221 -9.990e-29
 229.382130      2.097  36.574879    10.4874    5.49829      2.079    33.0056    25.3123 -9.990e-29
 229.382135      2.095  36.581394    10.4932    5.50945      2.078    33.0069    25.3123 -9.990e-29
 229.382141      2.106  36.585348    10.4868    5.52145      2.088    33.0166    25.3210 -9.990e-29
 229.382147      2.126  36.582484    10.4787    5.51289      2.108    33.0211    25.3259 -9.990e-29
 229.382153      2.139  36.578521    10.4784    5.50399      2.121    33.0174    25.3230 -9.990e-29
 229.382159      2.138  36.579391    10.4834    5.49109      2.120    33.0137    25.3193 -9.990e-29
 229.382164      2.126  36.583448    10.4909    5.48814      2.108    33.0110    25.3159 -9.990e-29
 229.382170      2.117  36.587690    10.4999    5.49522      2.099    33.0071    25.3113 -9.990e-29
 229.382176      2.121  36.589923    10.5054    5.48590      2.103    33.0043    25.3082 -9.990e-29
 229.382182      2.140  36.586959    10.5039    5.49285      2.122    33.0027    25.3072 -9.990e-29
 229.382187      2.161  36.579338    10.4970    5.49669      2.143    33.0013    25.3073 -9.990e-29
 229.382193      2.173  36.573165    10.4898    5.50656      2.155    33.0016    25.3088 -9.990e-29
 229.382199      2.178  36.569185    10.4865    5.52182      2.160    33.0006    25.3086 -9.990e-29
 229.382205      2.179  36.567140    10.4856    5.53528      2.161    32.9994    25.3078 -9.990e-29
 229.382211      2.177  36.568230    10.4851    5.53698      2.159    33.0009    25.3091 -9.990e-29
 229.382216      2.175  36.571104    10.4905    5.50742      2.157    32.9989    25.3066 -9.990e-29
 229.382222      2.174  36.576792    10.5083    5.47893      2.156    32.9885    25.2954 -9.990e-29
 229.382228      2.170  36.584464    10.5310    5.48110      2.152    32.9756    25.2814 -9.990e-29
 229.382234      2.166  36.590891    10.5399    5.48166      2.148    32.9740    25.2787 -9.990e-29
 229.382240      2.170  36.593429    10.5214    5.50839      2.152    32.9933    25.2969 -9.990e-29
 229.382245      2.188  36.586494    10.4827    5.52391      2.170    33.0215    25.3255 -9.990e-29
 229.382251      2.212  36.570942    10.4504    5.50821      2.194    33.0351    25.3417 -9.990e-29
 229.382257      2.225  36.560808    10.4405    5.50351      2.206    33.0339    25.3424 -9.990e-29
 229.382263      2.221  36.561643    10.4477    5.49445      2.202    33.0282    25.3368 -9.990e-29
 229.382269      2.208  36.566701    10.4650    5.50294      2.190    33.0176    25.3255 -9.990e-29
 229.382274      2.198  36.575995    10.4823    5.51828      2.180    33.0113    25.3176 -9.990e-29
 229.382280      2.194  36.585096    10.4876    5.52725      2.176    33.0156    25.3201 -9.990e-29
 229.382286      2.196  36.583148    10.4849    5.52902      2.178    33.0161    25.3209 -9.990e-29
 229.382292      2.200  36.577653    10.4814    5.53080      2.182    33.0138    25.3197 -9.990e-29
 229.382297      2.202  36.579237    10.4778    5.51906      2.184    33.0186    25.3241 -9.990e-29
 229.382303      2.206  36.583841    10.4775    5.52153      2.188    33.0235    25.3280 -9.990e-29
 229.382309      2.217  36.587511    10.4813    5.51360      2.198    33.0237    25.3275 -9.990e-29
 229.382315      2.232  36.587849    10.4856    5.50068      2.213    33.0202    25.3240 -9.990e-29
 229.382321      2.243  36.585305    10.4889    5.50903      2.224    33.0146    25.3191 -9.990e-29
 229.382326      2.245  36.584343    10.4906    5.51058      2.226    33.0121    25.3168 -9.990e-29
 229.382332      2.244  36.584803    10.4900    5.52422      2.225    33.0131    25.3177 -9.990e-29
 229.382338      2.249  36.585056    10.4884    5.52674      2.230    33.0148    25.3193 -9.990e-29
 229.382344      2.258  36.585071    10.4870    5.50692      2.239    33.0161    25.3205 -9.990e-29
 229.382350      2.265  36.584865    10.4864    5.50938      2.246    33.0164    25.3209 -9.990e-29
 229.382355      2.266  36.584902    10.4865    5.51587      2.247    33.0164    25.3209 -9.990e-29
 229.382361      2.264  36.585218    10.4882    5.52287      2.245    33.0151    25.3196 -9.990e-29
 229.382367      2.268  36.585287    10.4898    5.52793      2.249    33.0138    25.3183 -9.990e-29
 229.382373      2.280  36.584068    10.4881    5.52172      2.261    33.0141    25.3188 -9.990e-29
 229.382378      2.289  36.581606    10.4847    5.51571      2.270    33.0147    25.3198 -9.990e-29
 229.382384      2.290  36.580215    10.4817    5.49902      2.271    33.0160    25.3214 -9.990e-29
 229.382390      2.278  36.580831    10.4796    5.49089      2.259    33.0185    25.3237 -9.990e-29
 229.382396      2.259  36.582019    10.4789    5.51192      2.240    33.0204    25.3253 -9.990e-29
 229.382402      2.247  36.582546    10.4792    5.51109      2.228    33.0206    25.3254 -9.990e-29
 229.382407      2.244  36.581981    10.4791    5.52298      2.225    33.0202    25.3251 -9.990e-29
 229.382413      2.250  36.578998    10.4782    5.50573      2.231    33.0180    25.3235 -9.990e-29
 229.382419      2.262  36.571850    10.4785    5.47802      2.243    33.0105    25.3177 -9.990e-29
 229.382425      2.272  36.566701    10.4839    5.48160      2.253    33.0005    25.3089 -9.990e-29
 229.382431      2.275  36.571255    10.4925    5.49332      2.256    32.9972    25.3049 -9.990e-29
 229.382436      2.277  36.579231    10.4928    5.50884      2.258    33.0050    25.3109 -9.990e-29
 229.382442      2.286  36.580501    10.4780    5.51735      2.267    33.0197    25.3249 -9.990e-29
 229.382448      2.303  36.574504    10.4598    5.51349      2.284    33.0301    25.3362 -9.990e-29
 229.382454      2.320  36.566696    10.4558    5.52396      2.301    33.0259    25.3336 -9.990e-29
 229.382459      2.329  36.564596    10.4674    5.52333      2.310    33.0133    25.3217 -9.990e-29
 229.382465      2.328  36.570996    10.4843    5.51129      2.309    33.0044    25.3119 -9.990e-29
 229.382471      2.320  36.579272    10.4988    5.50628      2.301    32.9995    25.3056 -9.990e-29
 229.382477      2.313  36.584744    10.5062    5.50612      2.294    32.9983    25.3034 -9.990e-29
 229.382483      2.316  36.588532    10.5037    5.50951      2.297    33.0044    25.3086 -9.990e-29
 229.382488      2.333  36.589508    10.4929    5.52845      2.314    33.0152    25.3188 -9.990e-29
 229.382494      2.360  36.586157    10.4817    5.53071      2.340    33.0219    25.3260 -9.990e-29
 229.382500      2.387  36.580728    10.4778    5.51262      2.367    33.0200    25.3252 -9.990e-29
 229.382506      2.398  36.577747    10.4843    5.49703      2.378    33.0111    25.3171 -9.990e-29
 229.382512      2.386  36.579394    10.4978    5.50035      2.366    33.0005    25.3066 -9.990e-29
 229.382517      2.362  36.583364    10.5083    5.50754      2.342    32.9950    25.3005 -9.990e-29
 229.382523      2.351  36.587087    10.5054    5.51769      2.331    33.0014    25.3059 -9.990e-29
 229.382529      2.364  36.587104    10.4913    5.51762      2.344    33.0142    25.3183 -9.990e-29
 229.382535      2.394  36.582309    10.4802    5.51103      2.374    33.0194    25.3243 -9.990e-29
 229.382541      2.422  36.578635    10.4792    5.52235      2.402    33.0166    25.3223 -9.990e-29
 229.382546      2.431  36.579578    10.4848    5.52412      2.411    33.0125    25.3181 -9.990e-29
 229.382552      2.424  36.583014    10.4929    5.52827      2.404    33.0086    25.3137 -9.990e-29
 229.382558      2.411  36.587344    10.5027    5.51551      2.391    33.0041    25.3085 -9.990e-29
 229.382564      2.406  36.591040    10.5127    5.50969      2.386    32.9987    25.3026 -9.990e-29
 229.382569      2.407  36.592288    10.5187    5.51766      2.387    32.9945    25.2983 -9.990e-29
 229.382575      2.411  36.591618    10.5202    5.52655      2.391    32.9925    25.2964 -9.990e-29
 229.382581      2.418  36.590373    10.5183    5.54114      2.398    32.9930    25.2971 -9.990e-29
 229.382587      2.424  36.589684    10.5107    5.53955      2.404    32.9992    25.3033 -9.990e-29
 229.382593      2.425  36.588060    10.5002    5.53455      2.405    33.0070    25.3112 -9.990e-29
 229.382598      2.421  36.585006    10.4995    5.52921      2.401    33.0046    25.3095 -9.990e-29
 229.382604      2.407  36.585410    10.5118    5.51945      2.387    32.9939    25.2990 -9.990e-29
 229.382610      2.383  36.589796    10.5257    5.53097      2.363    32.9857    25.2902 -9.990e-29
 229.382616      2.361  36.595024    10.5320    5.53295      2.341    32.9852    25.2888 -9.990e-29
 229.382622      2.350  36.599083    10.5306    5.51684      2.330    32.9906    25.2932 -9.990e-29
 229.382627      2.352  36.598962    10.5271    5.51860      2.332    32.9936    25.2961 -9.990e-29
 229.382633      2.357  36.596733    10.5251    5.51329      2.337    32.9932    25.2962 -9.990e-29
 229.382639      2.356  36.596701    10.5236    5.52725      2.336    32.9945    25.2974 -9.990e-29
 229.382645      2.351  36.597689    10.5225    5.55102      2.331    32.9965    25.2992 -9.990e-29
 229.382650      2.354  36.597076    10.5211    5.55083      2.334    32.9972    25.2999 -9.990e-29
 229.382656      2.364  36.591227    10.5202    5.52887      2.344    32.9921    25.2962 -9.990e-29
 229.382662      2.366  36.585233    10.5237    5.50539      2.346    32.9829    25.2884 -9.990e-29
 229.382668      2.355  36.588475    10.5307    5.49649      2.335    32.9799    25.2848 -9.990e-29
 229.382674      2.343  36.595166    10.5363    5.50083      2.323    32.9815    25.2851 -9.990e-29
 229.382679      2.342  36.600195    10.5319    5.51134      2.322    32.9905    25.2929 -9.990e-29
 229.382685      2.357  36.601282    10.5112    5.49895      2.337    33.0104    25.3119 -9.990e-29
 229.382691      2.385  36.592576    10.4882    5.49859      2.365    33.0225    25.3253 -9.990e-29
 229.382697      2.413  36.582087    10.4781    5.51077      2.393    33.0211    25.3260 -9.990e-29
 229.382703      2.432  36.579930    10.4783    5.52605      2.412    33.0187    25.3241 -9.990e-29
 229.382708      2.442  36.582650    10.4839    5.53991      2.422    33.0164    25.3213 -9.990e-29
 229.382714      2.452  36.586010    10.4924    5.52976      2.432    33.0121    25.3165 -9.990e-29
 229.382720      2.468  36.586625    10.5008    5.50797      2.447    33.0050    25.3096 -9.990e-29
 229.382726      2.486  36.584744    10.5099    5.49875      2.465    32.9949    25.3001 -9.990e-29
 229.382731      2.503  36.586259    10.5171    5.51268      2.482    32.9899    25.2949 -9.990e-29
 229.382737      2.525  36.590377    10.5168    5.51690      2.504    32.9943    25.2984 -9.990e-29
 229.382743      2.556  36.591919    10.5059    5.52837      2.535    33.0057    25.3092 -9.990e-29
 229.382749      2.599  36.586200    10.4895    5.53546      2.577    33.0148    25.3191 -9.990e-29
 229.382755      2.653  36.576803    10.4820    5.55649      2.631    33.0122    25.3183 -9.990e-29
 229.382760      2.712  36.574742    10.4862    5.59986      2.689    33.0063    25.3130 -9.990e-29
 229.382766      2.776  36.579495    10.4913    5.63624      2.753    33.0064    25.3122 -9.990e-29
 229.382772      2.853  36.583361    10.4923    5.62216      2.829    33.0093    25.3144 -9.990e-29
 229.382778      2.957  36.584755    10.4905    5.56765      2.932    33.0123    25.3170 -9.990e-29
 229.382784      3.098  36.585525    10.4835    5.38508      3.072    33.0194    25.3237 0.0000e+00
 229.382789      3.290  36.585005    10.4619    5.12965      3.263    33.0384    25.3422 0.0000e+00
 229.382795      3.545  36.579124    10.4121    4.84951      3.515    33.0776    25.3814 0.0000e+00
 229.382801      3.867  36.563953    10.3234    4.55642      3.835    33.1430    25.4476 0.0000e+00
 229.382807      4.253  36.533273    10.1820    4.28741      4.217    33.2413    25.5483 0.0000e+00
 229.382813      4.691  36.458496     9.9621    4.01819      4.652    33.3678    25.6840 0.0000e+00
 229.382818      5.161  36.295423     9.6851    3.79454      5.118    33.4580    25.8004 0.0000e+00
 229.382824      5.655  36.064406     9.4200    3.62488      5.608    33.4675    25.8512 0.0000e+00
 229.382830      6.165  35.840452     9.1839    3.50449      6.113    33.4567    25.8807 0.0000e+00
 229.382836      6.686  35.652991     8.9721    3.40943      6.630    33.4606    25.9172 0.0000e+00
 229.382841      7.216  35.506074     8.8067    3.32478      7.156    33.4627    25.9448 0.0000e+00
 229.382847      7.750  35.406776     8.6907    3.26518      7.685    33.4680    25.9669 0.0000e+00
 229.382853      8.285  35.340983     8.6074    3.21332      8.216    33.4774    25.9871 0.0000e+00
 229.382859      8.818  35.289345     8.5390    3.16408      8.744    33.4877    26.0056 0.0000e+00
 229.382865      9.352  35.237381     8.4682    3.11505      9.274    33.4998    26.0259 0.0000e+00
 229.382870      9.884  35.177466     8.3820    3.05064      9.801    33.5183    26.0534 0.0000e+00
 229.382876     10.411  35.107639     8.2757    3.00036     10.324    33.5454    26.0907 0.0000e+00
 229.382882     10.927  35.026178     8.1666    2.95973     10.836    33.5628    26.1207 0.0000e+00
 229.382888     11.435  34.952297     8.0855    2.94231     11.339    33.5615    26.1317 0.0000e+00
 229.382894     11.933  34.911386     8.0432    2.92526     11.833    33.5582    26.1353 0.0000e+00
 229.382899     12.411  34.898206     8.0270    2.90758     12.307    33.5594    26.1387 0.0000e+00
 229.382905     12.864  34.896278     8.0219    2.88510     12.756    33.5620    26.1415 0.0000e+00
 229.382911     13.299  34.900211     8.0214    2.86134     13.188    33.5665    26.1451 0.0000e+00
 229.382917     13.724  34.909627     8.0232    2.84883     13.609    33.5746    26.1512 0.0000e+00
 229.382922     14.135  34.921366     8.0244    2.85606     14.017    33.5858    26.1599 0.0000e+00
 229.382928     14.523  34.930316     8.0243    2.85193     14.401    33.5953    26.1673 0.0000e+00
 229.382934     14.876  34.934940     8.0251    2.83894     14.751    33.5993    26.1703 0.0000e+00
 229.382940     15.180  34.936904     8.0260    2.84406     15.053    33.6004    26.1711 0.0000e+00
 229.382946     15.440  34.936008     8.0262    2.85532     15.311    33.5991    26.1701 0.0000e+00
 229.382951     15.657  34.933285     8.0333    2.88197     15.526    33.5893    26.1613 0.0000e+00
 229.382957     15.830  34.938551     8.0534    2.89444     15.697    33.5755    26.1475 0.0000e+00
 229.382963     15.964  34.956012     8.0733    2.89895     15.830    33.5750    26.1442 -9.990e-29
 229.382969     16.085  34.970805     8.0773    2.89062     15.950    33.5869    26.1529 -9.990e-29
 229.382975     16.226  34.969003     8.0706    2.86811     16.090    33.5914    26.1574 0.0000e+00
 229.382980     16.414  34.957731     8.0650    2.83722     16.276    33.5846    26.1530 0.0000e+00
 229.382986     16.657  34.949988     8.0595    2.80133     16.517    33.5815    26.1513 0.0000e+00
 229.382992     16.947  34.944967     8.0465    2.75408     16.805    33.5885    26.1587 0.0000e+00
 229.382998     17.275  34.937080     8.0248    2.71769     17.130    33.6007    26.1716 0.0000e+00
 229.383003     17.630  34.928136     8.0000    2.69637     17.482    33.6148    26.1863 0.0000e+00
