data/oxygen options/ONMS/Olympic_Coast_National_Marine_Sanctuary_Hypoxia_Survey_CTD_Data_2004_2015/raw_data/2006/CTD_TH050_081706faed.cnv
* Sea-Bird SBE19 Data File:
* FileName = C:\Hypoxia_Data_2006\CTD_TH050_081606.hex
* Software Version 1.1.6
* Temperature SN = 2997
* Conductivity SN = 2997
* System UpLoad Time = Aug 17 2006 10:27:53
* SEACAT PROFILER V3.1c SN 2997   08/17/06  10:27:18.465
* strain gauge pressure sensor: S/N = 184829,  range = 3000 psia,  tc = 40
# nquan = 9                                 
# nvalues = 1205                        
# units = specified
# name 0 = timeJ: Julian Days
# name 1 = prSM: Pressure, Strain Gauge [db]
# name 2 = c0mS/cm: Conductivity [mS/cm]
# name 3 = t090C: Temperature [ITS-90, deg C]
# name 4 = oxML/L: Oxygen, Beckman/YSI [ml/l]
# name 5 = depSM: Depth [salt water, m], lat = 47.5
# name 6 = sal00: Salinity, Practical [PSU]
# name 7 = sigma-é00: Density [sigma-theta, kg/m^3]
# name 8 = flag: flag
# span 0 = 229.427488, 229.434456       
# span 1 =     -3.963,     49.417       
# span 2 =   1.308671, 225.284243       
# span 3 =     7.8318,    41.8708       
# span 4 =   -2.16808,   36.03691       
# span 5 =     -3.930,     48.999       
# span 6 =     0.8672,    41.0900       
# span 7 =    -1.3890,    26.3032       
# span 8 = 0.0000e+00, 0.0000e+00       
# interval = seconds: 0.5
# start_time = Aug 17 2006 10:15:35 [Instrument's time stamp, header]
# bad_flag = -9.990e-29
*END*
[from data line 481]
 229.430272      1.728  37.374412    12.2076    5.88294      1.714    32.2695    24.4304 -9.990e-29
 229.430278      1.730  37.374446    12.2074    5.88517      1.716    32.2697    24.4306 -9.990e-29
 229.430284      1.739  37.373982    12.2067    5.89105      1.724    32.2699    24.4309 -9.990e-29
 229.430289      1.755  37.372964    12.2057    5.90399      1.740    32.2698    24.4310 -9.990e-29
 229.430295      1.771  37.372282    12.2050    5.91101      1.756    32.2697    24.4310 -9.990e-29
 229.430301      1.779  37.372150    12.2052    5.91591      1.764    32.2694    24.4308 -9.990e-29
 229.430307      1.771  37.372391    12.2058    5.92481      1.756    32.2691    24.4304 -9.990e-29
 229.430313      1.751  37.372763    12.2060    5.93015      1.736    32.2693    24.4305 -9.990e-29
 229.430318      1.734  37.372639    12.2056    5.92551      1.720    32.2695    24.4308 -9.990e-29
 229.430324      1.725  37.371855    12.2052    5.92845      1.711    32.2691    24.4306 -9.990e-29
 229.430330      1.717  37.371046    12.2049    5.92540      1.703    32.2686    24.4302 -9.990e-29
 229.430336      1.715  37.370814    12.2038    5.92486      1.701    32.2693    24.4310 -9.990e-29
 229.430341      1.719  37.370287    12.2018    5.93369      1.705    32.2706    24.4323 -9.990e-29
 229.430347      1.724  37.368762    12.2000    5.92336      1.710    32.2707    24.4327 -9.990e-29
 229.430353      1.731  37.367570    12.1994    5.93628      1.717    32.2700    24.4323 -9.990e-29
 229.430359      1.741  37.367362    12.2002    5.93217      1.726    32.2691    24.4315 -9.990e-29
 229.430365      1.754  37.367860    12.2019    5.92878      1.739    32.2681    24.4304 -9.990e-29
 229.430370      1.766  37.368606    12.2029    5.93453      1.751    32.2680    24.4301 -9.990e-29
 229.430376      1.774  37.368908    12.2027    5.93851      1.759    32.2684    24.4305 -9.990e-29
 229.430382      1.779  37.369168    12.2024    5.93768      1.764    32.2689    24.4309 -9.990e-29
 229.430388      1.781  37.369732    12.2028    5.93753      1.766    32.2691    24.4310 -9.990e-29
 229.430394      1.779  37.370227    12.2033    5.93523      1.764    32.2692    24.4310 -9.990e-29
 229.430399      1.775  37.370751    12.2034    5.94249      1.760    32.2696    24.4313 -9.990e-29
 229.430405      1.767  37.371440    12.2033    5.93398      1.752    32.2704    24.4319 -9.990e-29
 229.430411      1.759  37.372090    12.2033    5.93638      1.744    32.2710    24.4324 -9.990e-29
 229.430417      1.756  37.372445    12.2036    5.92596      1.741    32.2711    24.4324 -9.990e-29
 229.430422      1.753  37.372414    12.2040    5.93200      1.738    32.2707    24.4320 -9.990e-29
 229.430428      1.749  37.372517    12.2044    5.94598      1.734    32.2705    24.4317 -9.990e-29
 229.430434      1.752  37.372890    12.2046    5.95342      1.737    32.2706    24.4318 -9.990e-29
 229.430440      1.764  37.372907    12.2048    5.95501      1.749    32.2705    24.4317 -9.990e-29
 229.430446      1.768  37.372591    12.2050    5.95137      1.753    32.2700    24.4313 -9.990e-29
 229.430451      1.754  37.372637    12.2053    5.93914      1.739    32.2698    24.4311 -9.990e-29
 229.430457      1.741  37.373104    12.2054    5.93434      1.726    32.2702    24.4313 -9.990e-29
 229.430463      1.738  37.373494    12.2052    5.94154      1.723    32.2707    24.4318 -9.990e-29
 229.430469      1.748  37.373764    12.2048    5.93779      1.733    32.2713    24.4323 -9.990e-29
 229.430475      1.769  37.373714    12.2044    5.94693      1.754    32.2716    24.4326 -9.990e-29
 229.430480      1.799  37.373273    12.2044    5.94797      1.784    32.2712    24.4323 -9.990e-29
 229.430486      1.832  37.372976    12.2048    5.95329      1.817    32.2705    24.4317 -9.990e-29
 229.430492      1.860  37.372984    12.2052    5.94897      1.844    32.2702    24.4314 -9.990e-29
 229.430498      1.882  37.373309    12.2054    5.95021      1.866    32.2703    24.4314 -9.990e-29
 229.430503      1.904  37.373820    12.2053    5.93761      1.888    32.2709    24.4319 -9.990e-29
 229.430509      1.930  37.374075    12.2051    5.94740      1.914    32.2713    24.4322 -9.990e-29
 229.430515      1.963  37.373852    12.2049    5.95564      1.947    32.2712    24.4322 -9.990e-29
 229.430521      2.004  37.373412    12.2043    5.96472      1.987    32.2713    24.4324 -9.990e-29
 229.430527      2.056  37.372166    12.2028    5.97936      2.039    32.2714    24.4328 -9.990e-29
 229.430532      2.123  37.369574    12.2009    5.98310      2.105    32.2705    24.4324 -9.990e-29
 229.430538      2.205  37.367228    12.2001    5.98451      2.187    32.2689    24.4313 -9.990e-29
 229.430544      2.301  37.366486    12.1998    5.99489      2.282    32.2684    24.4310 -9.990e-29
 229.430550      2.420  37.366916    12.1982    6.00270      2.400    32.2701    24.4327 -9.990e-29
 229.430556      2.567  37.366846    12.1944    6.00910      2.546    32.2733    24.4358 0.0000e+00
 229.430561      2.753  37.364500    12.1884    6.00165      2.730    32.2761    24.4392 0.0000e+00
 229.430567      2.980  37.360112    12.1810    5.99257      2.955    32.2782    24.4422 0.0000e+00
 229.430573      3.242  37.354561    12.1738    5.98946      3.215    32.2790    24.4441 0.0000e+00
 229.430579      3.525  37.348297    12.1671    5.98847      3.496    32.2786    24.4451 0.0000e+00
 229.430584      3.818  37.342498    12.1606    5.98688      3.786    32.2786    24.4463 0.0000e+00
 229.430590      4.117  37.337843    12.1547    5.98311      4.083    32.2790    24.4478 0.0000e+00
 229.430596      4.425  37.334291    12.1505    5.98933      4.388    32.2791    24.4486 0.0000e+00
 229.430602      4.744  37.332152    12.1477    5.98963      4.704    32.2794    24.4494 0.0000e+00
 229.430608      5.072  37.331372    12.1456    5.98557      5.030    32.2803    24.4505 0.0000e+00
 229.430613      5.406  37.330910    12.1439    5.96792      5.361    32.2812    24.4515 0.0000e+00
 229.430619      5.745  37.330144    12.1420    5.95104      5.697    32.2819    24.4524 0.0000e+00
 229.430625      6.089  37.329173    12.1390    5.93341      6.038    32.2835    24.4542 0.0000e+00
 229.430631      6.434  37.327820    12.1337    5.90881      6.380    32.2866    24.4576 0.0000e+00
 229.430637      6.781  37.325400    12.1230    5.89050      6.724    32.2934    24.4649 0.0000e+00
 229.430642      7.134  37.319804    12.1033    5.87864      7.074    32.3049    24.4775 0.0000e+00
 229.430648      7.496  37.308057    12.0768    5.85606      7.433    32.3163    24.4913 0.0000e+00
 229.430654      7.854  37.291321    12.0524    5.82365      7.788    32.3212    24.4997 0.0000e+00
 229.430660      8.189  37.275320    12.0353    5.78943      8.120    32.3204    24.5023 0.0000e+00
 229.430666      8.491  37.263392    12.0226    5.76639      8.420    32.3198    24.5042 0.0000e+00
 229.430671      8.768  37.254210    12.0088    5.76774      8.695    32.3228    24.5090 0.0000e+00
 229.430677      9.028  37.245062    11.9910    5.78674      8.952    32.3292    24.5174 0.0000e+00
 229.430683      9.284  37.233845    11.9705    5.80239      9.206    32.3361    24.5265 0.0000e+00
 229.430689      9.534  37.217942    11.9509    5.83146      9.454    32.3376    24.5313 0.0000e+00
 229.430694      9.752  37.198018    11.9371    5.84961      9.670    32.3302    24.5282 0.0000e+00
 229.430700      9.918  37.180597    11.9380    5.87709      9.835    32.3125    24.5143 -9.990e-29
 229.430706     10.034  37.179465    11.9580    5.88963      9.950    32.2941    24.4962 -9.990e-29
 229.430712     10.106  37.199278    11.9882    5.87908     10.021    32.2870    24.4852 -9.990e-29
 229.430718     10.148  37.223819    12.0140    5.88185     10.063    32.2883    24.4814 -9.990e-29
 229.430723     10.180  37.243742    12.0271    5.87441     10.095    32.2962    24.4851 -9.990e-29
 229.430729     10.212  37.255885    12.0290    5.87525     10.127    32.3063    24.4925 -9.990e-29
 229.430735     10.242  37.256249    12.0233    5.85994     10.156    32.3116    24.4977 -9.990e-29
 229.430741     10.268  37.249809    12.0111    5.82073     10.182    32.3159    24.5033 -9.990e-29
 229.430747     10.296  37.236950    11.9976    5.74836     10.210    32.3152    24.5053 -9.990e-29
 229.430752     10.327  37.220158    11.9903    5.70296     10.241    32.3053    24.4989 -9.990e-29
 229.430758     10.355  37.210698    11.9866    5.69613     10.268    32.2993    24.4950 -9.990e-29
 229.430764     10.378  37.206610    11.9718    5.70964     10.291    32.3082    24.5046 -9.990e-29
 229.430770     10.400  37.196269    11.9370    5.71862     10.313    32.3284    24.5268 -9.990e-29
 229.430775     10.428  37.172618    11.8888    5.74017     10.341    32.3473    24.5504 -9.990e-29
 229.430781     10.460  37.128243    11.8478    5.74494     10.372    32.3400    24.5522 -9.990e-29
 229.430787     10.488  37.078574    11.8364    5.77424     10.400    32.3017    24.5247 -9.990e-29
 229.430793     10.502  37.064515    11.8515    5.79804     10.414    32.2750    24.5011 -9.990e-29
 229.430799     10.494  37.091989    11.8725    5.82665     10.406    32.2834    24.5038 -9.990e-29
 229.430804     10.472  37.128630    11.8871    5.83721     10.384    32.3062    24.5188 -9.990e-29
 229.430810     10.448  37.153179    11.8931    5.80270     10.361    32.3248    24.5321 -9.990e-29
 229.430816     10.428  37.165836    11.8938    5.74505     10.341    32.3364    24.5410 -9.990e-29
 229.430822     10.416  37.171700    11.8931    5.69257     10.329    32.3427    24.5460 -9.990e-29
 229.430828     10.407  37.172979    11.8924    5.68294     10.320    32.3446    24.5476 -9.990e-29
 229.430833     10.399  37.172497    11.8890    5.68941     10.312    32.3470    24.5501 -9.990e-29
 229.430839     10.401  37.169050    11.8746    5.71231     10.314    32.3562    24.5599 -9.990e-29
 229.430845     10.418  37.151870    11.8381    5.71716     10.331    32.3713    24.5784 -9.990e-29
 229.430851     10.446  37.108148    11.7912    5.70186     10.359    32.3697    24.5858 -9.990e-29
 229.430856     10.474  37.050263    11.7675    5.68293     10.386    32.3342    24.5625 -9.990e-29
 229.430862     10.491  37.022188    11.7757    5.70123     10.403    32.2998    24.5343 -9.990e-29
 229.430868     10.493  37.039765    11.7963    5.72875     10.405    32.2989    24.5299 -9.990e-29
 229.430874     10.486  37.071453    11.8152    5.76405     10.398    32.3132    24.5375 -9.990e-29
 229.430880     10.482  37.094997    11.8223    5.76119     10.394    32.3299    24.5491 -9.990e-29
 229.430885     10.489  37.098600    11.8145    5.72528     10.401    32.3402    24.5585 -9.990e-29
 229.430891     10.499  37.076974    11.8074    5.67304     10.411    32.3254    24.5484 -9.990e-29
 229.430897     10.503  37.062427    11.8112    5.67330     10.415    32.3079    24.5341 -9.990e-29
 229.430903     10.507  37.075944    11.8159    5.67325     10.419    32.3170    24.5403 -9.990e-29
 229.430909     10.515  37.095716    11.8112    5.69797     10.427    32.3402    24.5592 -9.990e-29
 229.430914     10.528  37.105476    11.7876    5.72350     10.440    32.3702    24.5868 -9.990e-29
 229.430920     10.546  37.087947    11.7466    5.72381     10.458    32.3889    24.6089 -9.990e-29
 229.430926     10.566  37.037144    11.7165    5.71913     10.478    32.3658    24.5964 -9.990e-29
 229.430932     10.576  36.998074    11.7168    5.72219     10.487    32.3275    24.5667 -9.990e-29
 229.430938     10.570  37.002772    11.7376    5.72569     10.482    32.3140    24.5524 -9.990e-29
 229.430943     10.554  37.031690    11.7633    5.71409     10.466    32.3197    24.5521 -9.990e-29
 229.430949     10.541  37.063928    11.7829    5.66536     10.453    32.3340    24.5596 -9.990e-29
 229.430955     10.539  37.084136    11.7915    5.64455     10.451    32.3461    24.5674 -9.990e-29
 229.430961     10.555  37.078874    11.7916    5.64009     10.467    32.3409    24.5633 -9.990e-29
 229.430966     10.591  37.061884    11.7843    5.64523     10.502    32.3308    24.5568 -9.990e-29
 229.430972     10.636  37.050338    11.7660    5.65203     10.547    32.3355    24.5638 -9.990e-29
 229.430978     10.681  37.044545    11.7377    5.65995     10.592    32.3545    24.5838 -9.990e-29
 229.430984     10.720  37.041266    11.7089    5.68931     10.630    32.3764    24.6060 -9.990e-29
 229.430990     10.746  37.037059    11.6958    5.73114     10.656    32.3837    24.6141 -9.990e-29
 229.430995     10.757  37.031917    11.7029    5.77280     10.667    32.3725    24.6041 -9.990e-29
 229.431001     10.758  37.029440    11.7112    5.78447     10.668    32.3628    24.5951 -9.990e-29
 229.431007     10.758  37.030803    11.7098    5.75495     10.668    32.3654    24.5974 -9.990e-29
 229.431013     10.768  37.033141    11.7080    5.66402     10.678    32.3692    24.6007 -9.990e-29
 229.431019     10.804  37.039007    11.7145    5.56709     10.714    32.3692    24.5995 -9.990e-29
 229.431024     10.867  37.051164    11.7237    5.47781     10.776    32.3730    24.6007 -9.990e-29
 229.431030     10.953  37.059448    11.7173    5.41318     10.861    32.3866    24.6125 -9.990e-29
 229.431036     11.067  37.046290    11.6773    5.34651     10.974    32.4087    24.6369 -9.990e-29
 229.431042     11.224  36.998067    11.5892    5.26718     11.130    32.4387    24.6763 0.0000e+00
 229.431047     11.431  36.906007    11.4475    5.19380     11.335    32.4729    24.7286 0.0000e+00
 229.431053     11.679  36.776366    11.2769    5.13039     11.581    32.4958    24.7770 0.0000e+00
 229.431059     11.959  36.645489    11.1247    5.08476     11.859    32.5011    24.8083 0.0000e+00
 229.431065     12.262  36.548614    11.0119    5.05804     12.159    32.5050    24.8314 0.0000e+00
 229.431071     12.582  36.484417    10.9221    5.05701     12.477    32.5209    24.8595 0.0000e+00
 229.431076     12.918  36.431205    10.8433    5.04643     12.810    32.5379    24.8866 0.0000e+00
 229.431082     13.271  36.380261    10.7750    5.02500     13.160    32.5479    24.9062 0.0000e+00
 229.431088     13.627  36.330943    10.7145    5.00484     13.513    32.5525    24.9203 0.0000e+00
 229.431094     13.972  36.281970    10.6697    5.00487     13.855    32.5435    24.9210 0.0000e+00
 229.431100     14.302  36.242619    10.6462    5.02017     14.182    32.5250    24.9107 0.0000e+00
 229.431105     14.624  36.222657    10.6311    4.98303     14.501    32.5184    24.9082 0.0000e+00
 229.431111     14.956  36.214520    10.6060    4.84737     14.831    32.5325    24.9235 0.0000e+00
 229.431117     15.308  36.197813    10.5586    4.73204     15.180    32.5580    24.9515 0.0000e+00
 229.431123     15.679  36.165956    10.4961    4.62515     15.548    32.5818    24.9808 0.0000e+00
 229.431128     16.058  36.134228    10.4407    4.52870     15.923    32.5994    25.0040 0.0000e+00
 229.431134     16.434  36.111905    10.3909    4.41533     16.296    32.6215    25.0297 0.0000e+00
 229.431140     16.806  36.083779    10.3052    4.30117     16.665    32.6701    25.0821 0.0000e+00
 229.431146     17.179  36.014013    10.1420    4.15827     17.035    32.7468    25.1695 0.0000e+00
 229.431152     17.557  35.887531     9.9300    4.04425     17.410    32.8106    25.2547 0.0000e+00
 229.431157     17.939  35.754956     9.7423    3.92290     17.789    32.8464    25.3136 0.0000e+00
 229.431163     18.317  35.662691     9.5988    3.86324     18.163    32.8831    25.3657 0.0000e+00
 229.431169     18.682  35.582440     9.4865    3.83208     18.525    32.9036    25.3999 0.0000e+00
 229.431175     19.023  35.491280     9.3922    3.85124     18.863    32.8963    25.4093 0.0000e+00
 229.431181     19.332  35.417925     9.2802    3.89459     19.170    32.9236    25.4486 0.0000e+00
 229.431186     19.607  35.364922     9.1525    3.87408     19.442    32.9866    25.5181 0.0000e+00
