data/oxygen options/ONMS/Olympic_Coast_National_Marine_Sanctuary_Hypoxia_Survey_CTD_Data_2004_2015/raw_data/2006/CTD_TH060_062006faed.cnv
* Sea-Bird SBE19 Data File:
* FileName = C:\Hypoxia Data\CTD_TH0601_062006.hex
* Software Version 1.1.8
* Temperature SN = 2997
* Conductivity SN = 2997
* System UpLoad Time = Jun 20 2006 12:34:23
* SEACAT PROFILER V3.1c SN 2997   06/20/06  12:33:27.375
* strain gauge pressure sensor: S/N = 184829,  range = 3000 psia,  tc = 40
# nquan = 9                                 
# nvalues = 654                         
# units = specified
# name 0 = timeJ: Julian Days
# name 1 = prSM: Pressure, Strain Gauge [db]
# name 2 = c0mS/cm: Conductivity [mS/cm]
# name 3 = t090C: Temperature [ITS-90, deg C]
# name 4 = oxML/L: Oxygen, Beckman/YSI [ml/l]
# name 5 = depSM: Depth [salt water, m], lat = 47.5
# name 6 = sal00: Salinity, Practical [PSU]
# name 7 = sigma-é00: Density [sigma-theta, kg/m^3]
# name 8 = flag: flag
# span 0 = 171.502951, 171.506730       
# span 1 =     -3.871,     59.751       
# span 2 =   2.949975,  37.309462       
# span 3 =     7.9036,    13.2634       
# span 4 =   -0.62345,   34.99155       
# span 5 =     -3.839,     59.244       
# span 6 =     2.0686,    33.4360       
# span 7 =     1.0672,    26.0599       
# span 8 = 0.0000e+00, 0.0000e+00       
# interval = seconds: 0.5
# start_time = Jun 20 2006 12:04:15 [Instrument's time stamp, header]
# bad_flag = -9.990e-29
*END*
[from data line 321]
 171.504809      1.892  37.149536    13.0903    5.93337      1.876    31.3114    23.5195 -9.990e-29
 171.504815      1.892  37.151298    13.0973    5.95063      1.876    31.3072    23.5150 -9.990e-29
 171.504821      1.896  37.156447    13.1016    5.97345      1.880    31.3085    23.5151 -9.990e-29
 171.504826      1.904  37.158945    13.0991    5.98416      1.888    31.3129    23.5190 -9.990e-29
 171.504832      1.918  37.146419    13.0897    5.97654      1.902    31.3089    23.5177 -9.990e-29
 171.504838      1.932  37.124052    13.0816    5.97245      1.916    31.2946    23.5083 -9.990e-29
 171.504844      1.940  37.115888    13.0847    5.97958      1.924    31.2844    23.4998 -9.990e-29
 171.504850      1.939  37.127871    13.0962    5.98531      1.923    31.2862    23.4989 -9.990e-29
 171.504855      1.931  37.145123    13.1070    5.99266      1.915    31.2934    23.5024 -9.990e-29
 171.504861      1.922  37.158107    13.1120    5.96972      1.906    31.3015    23.5077 -9.990e-29
 171.504867      1.910  37.166748    13.1111    5.94584      1.894    31.3103    23.5147 -9.990e-29
 171.504873      1.899  37.171915    13.1101    5.94650      1.883    31.3160    23.5192 -9.990e-29
 171.504878      1.893  37.173767    13.1139    5.95159      1.877    31.3146    23.5174 -9.990e-29
 171.504884      1.890  37.175337    13.1171    5.95032      1.874    31.3134    23.5159 -9.990e-29
 171.504890      1.892  37.174230    13.1121    5.94282      1.876    31.3165    23.5193 -9.990e-29
 171.504896      1.897  37.163926    13.1005    5.91800      1.881    31.3164    23.5214 -9.990e-29
 171.504902      1.907  37.143034    13.0900    5.92552      1.891    31.3055    23.5150 -9.990e-29
 171.504907      1.918  37.124656    13.0870    5.94756      1.902    31.2908    23.5042 -9.990e-29
 171.504913      1.926  37.123562    13.0866    5.96869      1.910    31.2901    23.5038 -9.990e-29
 171.504919      1.936  37.127635    13.0757    5.98561      1.920    31.3029    23.5158 -9.990e-29
 171.504925      1.948  37.120427    13.0525    5.98094      1.932    31.3153    23.5299 -9.990e-29
 171.504931      1.960  37.101870    13.0324    5.97143      1.944    31.3144    23.5331 -9.990e-29
 171.504936      1.971  37.083691    13.0279    5.97543      1.955    31.3011    23.5237 -9.990e-29
 171.504942      1.979  37.083730    13.0374    5.97830      1.962    31.2933    23.5158 -9.990e-29
 171.504948      1.979  37.099229    13.0499    5.98089      1.962    31.2975    23.5166 -9.990e-29
 171.504954      1.977  37.112145    13.0577    5.97924      1.960    31.3032    23.5195 -9.990e-29
 171.504959      1.979  37.116140    13.0607    5.96645      1.962    31.3044    23.5199 -9.990e-29
 171.504965      1.991  37.115986    13.0608    5.95506      1.974    31.3042    23.5197 -9.990e-29
 171.504971      2.009  37.117092    13.0608    5.95240      1.992    31.3052    23.5205 -9.990e-29
 171.504977      2.025  37.119813    13.0621    5.95749      2.008    31.3067    23.5214 -9.990e-29
 171.504983      2.037  37.123852    13.0627    5.96409      2.020    31.3100    23.5238 -9.990e-29
 171.504988      2.046  37.126180    13.0563    5.96828      2.029    31.3175    23.5309 -9.990e-29
 171.504994      2.051  37.119244    13.0411    5.97472      2.034    31.3235    23.5385 -9.990e-29
 171.505000      2.053  37.104462    13.0269    5.96928      2.036    31.3214    23.5396 -9.990e-29
 171.505006      2.052  37.095227    13.0233    5.97353      2.035    31.3157    23.5359 -9.990e-29
 171.505012      2.048  37.098302    13.0306    5.97227      2.031    31.3125    23.5320 -9.990e-29
 171.505017      2.041  37.107126    13.0408    5.96379      2.024    31.3124    23.5299 -9.990e-29
 171.505023      2.035  37.113832    13.0455    5.97113      2.018    31.3148    23.5309 -9.990e-29
 171.505029      2.038  37.116704    13.0434    5.97111      2.021    31.3192    23.5347 -9.990e-29
 171.505035      2.050  37.116212    13.0390    5.97915      2.033    31.3224    23.5380 -9.990e-29
 171.505041      2.068  37.111702    13.0352    5.97362      2.051    31.3213    23.5379 -9.990e-29
 171.505046      2.092  37.106701    13.0340    5.95918      2.075    31.3176    23.5353 -9.990e-29
 171.505052      2.120  37.104644    13.0368    5.94171      2.102    31.3133    23.5314 -9.990e-29
 171.505058      2.150  37.106154    13.0418    5.95175      2.132    31.3106    23.5284 -9.990e-29
 171.505064      2.183  37.111752    13.0465    5.97196      2.165    31.3120    23.5285 -9.990e-29
 171.505069      2.221  37.118803    13.0498    6.00104      2.202    31.3159    23.5309 -9.990e-29
 171.505075      2.268  37.121739    13.0510    6.02456      2.249    31.3176    23.5320 -9.990e-29
 171.505081      2.325  37.116039    13.0498    6.00804      2.306    31.3132    23.5288 -9.990e-29
 171.505087      2.392  37.106055    13.0501    5.96759      2.372    31.3036    23.5213 -9.990e-29
 171.505093      2.470  37.104266    13.0553    5.93383      2.449    31.2976    23.5157 -9.990e-29
 171.505098      2.567  37.112757    13.0612    5.92347      2.546    31.3006    23.5169 -9.990e-29
 171.505104      2.698  37.122075    13.0614    5.92146      2.675    31.3092    23.5234 0.0000e+00
 171.505110      2.876  37.127798    13.0509    5.90289      2.852    31.3231    23.5363 0.0000e+00
 171.505116      3.107  37.122391    13.0180    5.86642      3.081    31.3451    23.5597 0.0000e+00
 171.505122      3.399  37.093017    12.9598    5.82755      3.371    31.3656    23.5868 0.0000e+00
 171.505127      3.747  37.047624    12.8975    5.79714      3.716    31.3744    23.6057 0.0000e+00
 171.505133      4.136  37.009823    12.8502    5.77685      4.101    31.3778    23.6175 0.0000e+00
 171.505139      4.552  36.986410    12.8145    5.76103      4.514    31.3852    23.6301 0.0000e+00
 171.505145      4.986  36.966895    12.7739    5.73675      4.944    31.4004    23.6496 0.0000e+00
 171.505150      5.438  36.936450    12.7181    5.70572      5.393    31.4179    23.6738 0.0000e+00
 171.505156      5.909  36.894855    12.6563    5.67033      5.860    31.4298    23.6949 0.0000e+00
 171.505162      6.400  36.860121    12.6032    5.62416      6.346    31.4410    23.7137 0.0000e+00
 171.505168      6.908  36.838085    12.5611    5.58372      6.850    31.4551    23.7326 0.0000e+00
 171.505174      7.431  36.824020    12.5243    5.51915      7.369    31.4723    23.7529 0.0000e+00
 171.505179      7.963  36.814856    12.4869    5.45443      7.896    31.4947    23.7773 0.0000e+00
 171.505185      8.496  36.803958    12.4427    5.38530      8.425    31.5211    23.8062 0.0000e+00
 171.505191      9.025  36.784063    12.3836    5.31618      8.949    31.5516    23.8410 0.0000e+00
 171.505197      9.549  36.750499    12.3051    5.27506      9.469    31.5854    23.8819 0.0000e+00
 171.505203     10.068  36.702811    12.2144    5.24678      9.984    31.6161    23.9227 0.0000e+00
 171.505208     10.580  36.648078    12.1273    5.22933     10.491    31.6371    23.9552 0.0000e+00
 171.505214     11.084  36.597443    12.0534    5.18868     10.991    31.6508    23.9796 0.0000e+00
 171.505220     11.581  36.556850    11.9921    5.09274     11.484    31.6636    24.0008 0.0000e+00
 171.505226     12.082  36.526560    11.9411    4.98423     11.981    31.6775    24.0210 0.0000e+00
 171.505231     12.597  36.504304    11.8998    4.86319     12.491    31.6909    24.0390 0.0000e+00
 171.505237     13.129  36.486748    11.8626    4.76471     13.019    31.7054    24.0571 0.0000e+00
 171.505243     13.678  36.469533    11.8159    4.69399     13.563    31.7284    24.0835 0.0000e+00
 171.505249     14.239  36.444826    11.7381    4.63146     14.120    31.7707    24.1305 0.0000e+00
 171.505255     14.807  36.400420    11.6123    4.57797     14.683    31.8352    24.2034 0.0000e+00
 171.505260     15.374  36.333180    11.4577    4.51946     15.245    31.9025    24.2836 0.0000e+00
 171.505266     15.933  36.260573    11.3178    4.46486     15.799    31.9521    24.3472 0.0000e+00
 171.505272     16.481  36.200750    11.2132    4.41623     16.343    31.9839    24.3906 0.0000e+00
 171.505278     17.020  36.156925    11.1356    4.36989     16.877    32.0081    24.4231 0.0000e+00
 171.505284     17.549  36.125035    11.0667    4.29403     17.402    32.0364    24.4573 0.0000e+00
 171.505289     18.067  36.097305    10.9924    4.19113     17.915    32.0737    24.4993 0.0000e+00
 171.505295     18.574  36.064782    10.9072    4.12337     18.418    32.1158    24.5470 0.0000e+00
 171.505301     19.066  36.022221    10.8106    4.05412     18.906    32.1582    24.5968 0.0000e+00
 171.505307     19.542  35.970060    10.7091    3.99921     19.378    32.1955    24.6434 0.0000e+00
 171.505313     20.006  35.915571    10.6072    3.94148     19.838    32.2309    24.6885 0.0000e+00
 171.505318     20.470  35.864602    10.4874    3.88786     20.298    32.2858    24.7518 0.0000e+00
 171.505324     20.942  35.809744    10.3420    3.84369     20.766    32.3598    24.8341 0.0000e+00
 171.505330     21.427  35.749620    10.2065    3.80662     21.247    32.4200    24.9039 0.0000e+00
 171.505336     21.925  35.701074    10.1088    3.80008     21.741    32.4583    24.9501 0.0000e+00
 171.505341     22.430  35.667764    10.0410    3.78546     22.242    32.4853    24.9825 0.0000e+00
 171.505347     22.931  35.640573     9.9900    3.77893     22.738    32.5034    25.0051 0.0000e+00
 171.505353     23.421  35.617429     9.9479    3.76368     23.224    32.5176    25.0231 0.0000e+00
 171.505359     23.901  35.598859     9.9095    3.75009     23.700    32.5331    25.0416 0.0000e+00
 171.505365     24.382  35.583635     9.8761    3.75250     24.177    32.5476    25.0584 0.0000e+00
 171.505370     24.866  35.570508     9.8496    3.73380     24.657    32.5579    25.0709 0.0000e+00
 171.505376     25.352  35.559339     9.8246    3.67688     25.139    32.5690    25.0836 0.0000e+00
 171.505382     25.840  35.547553     9.7921    3.61172     25.623    32.5861    25.1023 0.0000e+00
 171.505388     26.335  35.531753     9.7448    3.55042     26.114    32.6126    25.1308 0.0000e+00
 171.505394     26.844  35.508240     9.6862    3.50798     26.618    32.6416    25.1629 0.0000e+00
 171.505399     27.364  35.478173     9.6268    3.50395     27.134    32.6646    25.1906 0.0000e+00
 171.505405     27.885  35.447430     9.5573    3.50711     27.650    32.6961    25.2265 0.0000e+00
 171.505411     28.402  35.408087     9.4581    3.48640     28.163    32.7461    25.2815 0.0000e+00
 171.505417     28.914  35.348606     9.3422    3.45724     28.671    32.7908    25.3350 0.0000e+00
 171.505422     29.415  35.282201     9.2510    3.41874     29.167    32.8057    25.3612 0.0000e+00
 171.505428     29.889  35.235277     9.2128    3.38095     29.637    32.7921    25.3566 0.0000e+00
 171.505434     30.329  35.219828     9.2262    3.35265     30.074    32.7636    25.3323 0.0000e+00
 171.505440     30.749  35.227557     9.2504    3.33389     30.490    32.7492    25.3172 0.0000e+00
 171.505446     31.176  35.237337     9.2287    3.30565     30.913    32.7791    25.3439 0.0000e+00
 171.505451     31.629  35.224619     9.1503    3.25504     31.363    32.8378    25.4023 0.0000e+00
 171.505457     32.110  35.178610     9.0366    3.19689     31.840    32.8948    25.4648 0.0000e+00
 171.505463     32.617  35.108057     8.9013    3.12738     32.342    32.9465    25.5263 0.0000e+00
 171.505469     33.146  35.029908     8.7617    3.08135     32.867    32.9944    25.5854 0.0000e+00
 171.505475     33.694  34.964442     8.6397    3.06598     33.410    33.0394    25.6393 0.0000e+00
 171.505480     34.252  34.920799     8.5442    3.04805     33.963    33.0827    25.6878 0.0000e+00
 171.505486     34.813  34.892344     8.4632    3.01864     34.520    33.1285    25.7359 0.0000e+00
 171.505492     35.370  34.866899     8.3814    2.97184     35.072    33.1783    25.7874 0.0000e+00
 171.505498     35.919  34.835741     8.3024    2.90913     35.616    33.2197    25.8316 0.0000e+00
 171.505503     36.462  34.803849     8.2397    2.86695     36.154    33.2449    25.8608 0.0000e+00
 171.505509     36.999  34.780829     8.1951    2.83280     36.687    33.2625    25.8812 0.0000e+00
 171.505515     37.529  34.766802     8.1597    2.79141     37.212    33.2809    25.9009 0.0000e+00
 171.505521     38.056  34.756499     8.1229    2.76525     37.735    33.3046    25.9249 0.0000e+00
 171.505527     38.584  34.746253     8.0796    2.73373     38.258    33.3346    25.9549 0.0000e+00
 171.505532     39.113  34.734721     8.0325    2.71423     38.783    33.3669    25.9872 0.0000e+00
 171.505538     39.641  34.722766     7.9902    2.70716     39.306    33.3943    26.0149 0.0000e+00
 171.505544     40.168  34.712369     7.9607    2.70137     39.829    33.4111    26.0324 0.0000e+00
 171.505550     40.693  34.705346     7.9450    2.69508     40.349    33.4184    26.0404 0.0000e+00
 171.505556     41.207  34.701842     7.9385    2.69109     40.859    33.4206    26.0431 0.0000e+00
 171.505561     41.699  34.700528     7.9366    2.69166     41.347    33.4208    26.0435 0.0000e+00
 171.505567     42.172  34.700190     7.9374    2.69074     41.816    33.4194    26.0424 0.0000e+00
 171.505573     42.624  34.700921     7.9408    2.69695     42.264    33.4167    26.0398 0.0000e+00
 171.505579     43.060  34.704237     7.9445    2.69846     42.696    33.4165    26.0391 0.0000e+00
 171.505584     43.494  34.708375     7.9426    2.69543     43.126    33.4226    26.0441 0.0000e+00
 171.505590     43.940  34.707057     7.9337    2.69960     43.569    33.4295    26.0508 0.0000e+00
 171.505596     44.411  34.700193     7.9242    2.68385     44.036    33.4310    26.0534 0.0000e+00
 171.505602     44.910  34.694320     7.9182    2.68172     44.530    33.4302    26.0537 0.0000e+00
 171.505608     45.430  34.691680     7.9147    2.67278     45.046    33.4305    26.0544 0.0000e+00
 171.505613     45.962  34.690978     7.9124    2.67964     45.573    33.4317    26.0557 0.0000e+00
 171.505619     46.497  34.691257     7.9108    2.68561     46.104    33.4333    26.0572 0.0000e+00
 171.505625     47.025  34.691748     7.9100    2.68400     46.627    33.4343    26.0581 0.0000e+00
 171.505631     47.539  34.691966     7.9102    2.68166     47.137    33.4341    26.0579 0.0000e+00
 171.505637     48.031  34.691621     7.9114    2.67382     47.625    33.4323    26.0564 0.0000e+00
 171.505642     48.504  34.691359     7.9121    2.67816     48.094    33.4312    26.0554 0.0000e+00
 171.505648     48.966  34.691371     7.9109    2.67577     48.552    33.4321    26.0563 0.0000e+00
 171.505654     49.424  34.691094     7.9092    2.68143     49.006    33.4332    26.0574 0.0000e+00
 171.505660     49.879  34.690704     7.9083    2.68584     49.457    33.4335    26.0577 0.0000e+00
 171.505666     50.329  34.690224     7.9082    2.67931     49.903    33.4328    26.0573 0.0000e+00
 171.505671     50.781  34.689558     7.9081    2.68164     50.351    33.4320    26.0566 0.0000e+00
 171.505677     51.242  34.688921     7.9079    2.67304     50.808    33.4313    26.0561 0.0000e+00
 171.505683     51.713  34.688567     7.9078    2.66457     51.275    33.4308    26.0557 0.0000e+00
 171.505689     52.188  34.688569     7.9077    2.66740     51.746    33.4307    26.0557 0.0000e+00
 171.505694     52.664  34.688911     7.9075    2.66021     52.218    33.4310    26.0559 0.0000e+00
 171.505700     53.136  34.689469     7.9073    2.66511     52.686    33.4315    26.0564 0.0000e+00
 171.505706     53.605  34.689847     7.9070    2.66930     53.151    33.4320    26.0568 0.0000e+00
 171.505712     54.071  34.689971     7.9066    2.66299     53.613    33.4323    26.0571 0.0000e+00
 171.505718     54.524  34.689989     7.9060    2.66476     54.062    33.4327    26.0575 0.0000e+00
 171.505723     54.960  34.689905     7.9056    2.66557     54.494    33.4328    26.0577 0.0000e+00
