data/oxygen options/ONMS/Olympic_Coast_National_Marine_Sanctuary_Hypoxia_Survey_CTD_Data_2004_2015/raw_data/2006/CTD_TH060_081706faed.cnv
* Sea-Bird SBE19 Data File:
* FileName = C:\Hypoxia_Data_2006\CTD_TH060_081606.hex
* Software Version 1.1.6
* Temperature SN = 2997
* Conductivity SN = 2997
* System UpLoad Time = Aug 17 2006 10:47:25
* SEACAT PROFILER V3.1c SN 2997   08/17/06  10:46:58.314
* strain gauge pressure sensor: S/N = 184829,  range = 3000 psia,  tc = 40
# nquan = 9                                 
# nvalues = 1185                        
# units = specified
# name 0 = timeJ: Julian Days
# name 1 = prSM: Pressure, Strain Gauge [db]
# name 2 = c0mS/cm: Conductivity [mS/cm]
# name 3 = t090C: Temperature [ITS-90, deg C]
# name 4 = oxML/L: Oxygen, Beckman/YSI [ml/l]
# name 5 = depSM: Depth [salt water, m], lat = 47.5
# name 6 = sal00: Salinity, Practical [PSU]
# name 7 = sigma-é00: Density [sigma-theta, kg/m^3]
# name 8 = flag: flag
# span 0 = 229.440718, 229.447569       
# span 1 =     -1.833,     62.311       
# span 2 =   1.427465,  37.477258       
# span 3 =     5.7447,    18.1419       
# span 4 =   -1.14639,   36.46993       
# span 5 =     -1.818,     61.782       
# span 6 =     0.9670,    35.8738       
# span 7 =     0.2323,    28.2772       
# span 8 = 0.0000e+00, 0.0000e+00       
# interval = seconds: 0.5
# start_time = Aug 17 2006 10:34:38 [Instrument's time stamp, header]
# bad_flag = -9.990e-29
*END*
[from data line 161]
 229.441649      1.061  37.343331    12.3835    6.24984      1.052    32.0889    24.2572 -9.990e-29
 229.441655      1.067  37.342956    12.3829    6.24635      1.058    32.0891    24.2574 -9.990e-29
 229.441661      1.075  37.340861    12.3820    6.24029      1.066    32.0878    24.2567 -9.990e-29
 229.441667      1.087  37.338185    12.3818    6.23241      1.078    32.0854    24.2548 -9.990e-29
 229.441672      1.103  37.338659    12.3825    6.23543      1.094    32.0853    24.2546 -9.990e-29
 229.441678      1.120  37.342918    12.3833    6.24152      1.111    32.0887    24.2571 -9.990e-29
 229.441684      1.130  37.347107    12.3831    6.23929      1.121    32.0928    24.2603 -9.990e-29
 229.441690      1.130  37.346159    12.3819    6.23903      1.121    32.0930    24.2606 -9.990e-29
 229.441696      1.124  37.339936    12.3805    6.23777      1.115    32.0882    24.2572 -9.990e-29
 229.441701      1.121  37.333612    12.3800    6.23627      1.112    32.0826    24.2530 -9.990e-29
 229.441707      1.123  37.330539    12.3805    6.23970      1.114    32.0792    24.2503 -9.990e-29
 229.441713      1.132  37.330550    12.3812    6.24022      1.123    32.0786    24.2497 -9.990e-29
 229.441719      1.149  37.334227    12.3814    6.23966      1.139    32.0820    24.2522 -9.990e-29
 229.441725      1.169  37.338062    12.3811    6.24614      1.159    32.0859    24.2553 -9.990e-29
 229.441730      1.185  37.336515    12.3804    6.24767      1.175    32.0850    24.2548 -9.990e-29
 229.441736      1.200  37.332579    12.3800    6.24823      1.190    32.0816    24.2522 -9.990e-29
 229.441742      1.217  37.329986    12.3798    6.25390      1.207    32.0793    24.2504 -9.990e-29
 229.441748      1.233  37.329210    12.3794    6.25359      1.223    32.0789    24.2502 -9.990e-29
 229.441753      1.246  37.329781    12.3789    6.24522      1.236    32.0798    24.2510 -9.990e-29
 229.441759      1.257  37.329660    12.3788    6.24075      1.247    32.0798    24.2510 -9.990e-29
 229.441765      1.265  37.329814    12.3796    6.23961      1.254    32.0793    24.2505 -9.990e-29
 229.441771      1.276  37.333257    12.3816    6.23883      1.265    32.0808    24.2513 -9.990e-29
 229.441777      1.294  37.341219    12.3847    6.23411      1.283    32.0858    24.2546 -9.990e-29
 229.441782      1.317  37.349736    12.3870    6.23214      1.306    32.0919    24.2589 -9.990e-29
 229.441788      1.338  37.353340    12.3872    6.23204      1.327    32.0952    24.2614 -9.990e-29
 229.441794      1.349  37.351790    12.3861    6.23403      1.338    32.0947    24.2612 -9.990e-29
 229.441800      1.350  37.349198    12.3855    6.23781      1.339    32.0927    24.2598 -9.990e-29
 229.441806      1.352  37.348844    12.3854    6.23237      1.341    32.0924    24.2596 -9.990e-29
 229.441811      1.353  37.348015    12.3846    6.23097      1.342    32.0923    24.2597 -9.990e-29
 229.441817      1.349  37.343931    12.3833    6.22196      1.338    32.0895    24.2577 -9.990e-29
 229.441823      1.345  37.340124    12.3834    6.22210      1.334    32.0858    24.2548 -9.990e-29
 229.441829      1.348  37.342183    12.3856    6.22554      1.337    32.0859    24.2545 -9.990e-29
 229.441834      1.364  37.350052    12.3883    6.23515      1.353    32.0911    24.2580 -9.990e-29
 229.441840      1.385  37.356839    12.3899    6.24882      1.373    32.0962    24.2617 -9.990e-29
 229.441846      1.399  37.358136    12.3894    6.24029      1.387    32.0979    24.2631 -9.990e-29
 229.441852      1.402  37.355116    12.3872    6.23051      1.390    32.0969    24.2627 -9.990e-29
 229.441858      1.400  37.350489    12.3848    6.22509      1.388    32.0945    24.2613 -9.990e-29
 229.441863      1.401  37.346503    12.3833    6.23088      1.389    32.0920    24.2596 -9.990e-29
 229.441869      1.409  37.344583    12.3830    6.23286      1.397    32.0904    24.2585 -9.990e-29
 229.441875      1.424  37.344978    12.3833    6.24030      1.412    32.0905    24.2585 -9.990e-29
 229.441881      1.443  37.345412    12.3826    6.23955      1.431    32.0915    24.2594 -9.990e-29
 229.441887      1.460  37.343105    12.3804    6.23793      1.448    32.0912    24.2596 -9.990e-29
 229.441892      1.470  37.338350    12.3781    6.23982      1.458    32.0886    24.2580 -9.990e-29
 229.441898      1.478  37.332106    12.3775    6.23649      1.466    32.0832    24.2539 -9.990e-29
 229.441904      1.495  37.330075    12.3785    6.23757      1.483    32.0803    24.2515 -9.990e-29
 229.441910      1.520  37.336287    12.3789    6.23713      1.507    32.0859    24.2558 -9.990e-29
 229.441916      1.542  37.338835    12.3773    6.24346      1.529    32.0897    24.2590 -9.990e-29
 229.441921      1.555  37.332145    12.3750    6.23693      1.542    32.0853    24.2560 -9.990e-29
 229.441927      1.564  37.324130    12.3739    6.24132      1.551    32.0786    24.2510 -9.990e-29
 229.441933      1.573  37.318694    12.3740    6.25009      1.560    32.0733    24.2469 -9.990e-29
 229.441939      1.582  37.318691    12.3747    6.25069      1.569    32.0727    24.2463 -9.990e-29
 229.441944      1.594  37.322440    12.3752    6.25238      1.581    32.0758    24.2486 -9.990e-29
 229.441950      1.603  37.323722    12.3753    6.24831      1.590    32.0770    24.2495 -9.990e-29
 229.441956      1.606  37.323131    12.3756    6.24411      1.593    32.0761    24.2488 -9.990e-29
 229.441962      1.608  37.324934    12.3766    6.23607      1.595    32.0770    24.2493 -9.990e-29
 229.441968      1.613  37.330978    12.3790    6.24045      1.600    32.0807    24.2517 -9.990e-29
 229.441973      1.622  37.340352    12.3820    6.23628      1.608    32.0871    24.2561 -9.990e-29
 229.441979      1.635  37.349290    12.3843    6.24470      1.621    32.0937    24.2608 -9.990e-29
 229.441985      1.648  37.353448    12.3848    6.24617      1.634    32.0972    24.2634 -9.990e-29
 229.441991      1.654  37.352202    12.3839    6.24411      1.640    32.0968    24.2633 -9.990e-29
 229.441997      1.653  37.347824    12.3829    6.23917      1.639    32.0935    24.2609 -9.990e-29
 229.442002      1.654  37.342896    12.3825    6.22659      1.640    32.0891    24.2576 -9.990e-29
 229.442008      1.661  37.338706    12.3833    6.23254      1.647    32.0844    24.2538 -9.990e-29
 229.442014      1.674  37.338086    12.3851    6.23509      1.660    32.0823    24.2518 -9.990e-29
 229.442020      1.691  37.343582    12.3866    6.23961      1.677    32.0863    24.2546 -9.990e-29
 229.442025      1.703  37.348502    12.3866    6.24264      1.689    32.0910    24.2582 -9.990e-29
 229.442031      1.707  37.347069    12.3853    6.23328      1.693    32.0907    24.2583 -9.990e-29
 229.442037      1.704  37.341864    12.3842    6.24376      1.690    32.0867    24.2553 -9.990e-29
 229.442043      1.697  37.337735    12.3837    6.24518      1.683    32.0831    24.2527 -9.990e-29
 229.442049      1.694  37.338157    12.3835    6.24711      1.680    32.0837    24.2532 -9.990e-29
 229.442054      1.695  37.339770    12.3835    6.24168      1.681    32.0853    24.2544 -9.990e-29
 229.442060      1.697  37.339119    12.3835    6.23354      1.683    32.0846    24.2539 -9.990e-29
 229.442066      1.699  37.339269    12.3840    6.23355      1.685    32.0844    24.2536 -9.990e-29
 229.442072      1.701  37.342668    12.3852    6.23511      1.687    32.0866    24.2551 -9.990e-29
 229.442078      1.708  37.347681    12.3866    6.23856      1.694    32.0902    24.2576 -9.990e-29
 229.442083      1.720  37.350902    12.3875    6.24582      1.706    32.0925    24.2592 -9.990e-29
 229.442089      1.730  37.351583    12.3878    6.24770      1.716    32.0929    24.2595 -9.990e-29
 229.442095      1.733  37.351196    12.3877    6.25410      1.719    32.0926    24.2593 -9.990e-29
 229.442101      1.735  37.350351    12.3872    6.24823      1.721    32.0922    24.2591 -9.990e-29
 229.442106      1.743  37.349049    12.3864    6.23698      1.728    32.0916    24.2588 -9.990e-29
 229.442112      1.759  37.347242    12.3858    6.23840      1.744    32.0904    24.2579 -9.990e-29
 229.442118      1.780  37.345330    12.3857    6.23877      1.765    32.0887    24.2566 -9.990e-29
 229.442124      1.805  37.344696    12.3860    6.24516      1.790    32.0878    24.2559 -9.990e-29
 229.442130      1.834  37.345622    12.3863    6.24838      1.819    32.0884    24.2563 -9.990e-29
 229.442135      1.859  37.346166    12.3864    6.24329      1.843    32.0888    24.2566 -9.990e-29
 229.442141      1.872  37.345373    12.3857    6.23580      1.856    32.0887    24.2566 -9.990e-29
 229.442147      1.872  37.342938    12.3843    6.23556      1.856    32.0875    24.2560 -9.990e-29
 229.442153      1.866  37.338423    12.3832    6.23503      1.850    32.0842    24.2536 -9.990e-29
 229.442159      1.866  37.334972    12.3827    6.25053      1.850    32.0813    24.2515 -9.990e-29
 229.442164      1.873  37.336404    12.3825    6.24955      1.857    32.0828    24.2527 -9.990e-29
 229.442170      1.883  37.339582    12.3822    6.23280      1.867    32.0861    24.2553 -9.990e-29
 229.442176      1.896  37.339210    12.3819    6.23412      1.880    32.0860    24.2553 -9.990e-29
 229.442182      1.914  37.336475    12.3817    6.23715      1.898    32.0836    24.2534 -9.990e-29
 229.442187      1.933  37.335589    12.3819    6.24159      1.917    32.0825    24.2526 -9.990e-29
 229.442193      1.945  37.338175    12.3825    6.24460      1.929    32.0845    24.2540 -9.990e-29
 229.442199      1.949  37.341513    12.3825    6.25230      1.933    32.0877    24.2565 -9.990e-29
 229.442205      1.946  37.341083    12.3816    6.24637      1.930    32.0880    24.2569 -9.990e-29
 229.442211      1.943  37.337995    12.3812    6.24850      1.927    32.0854    24.2550 -9.990e-29
 229.442216      1.943  37.337674    12.3820    6.25286      1.927    32.0844    24.2540 -9.990e-29
 229.442222      1.950  37.341936    12.3831    6.24990      1.934    32.0876    24.2563 -9.990e-29
 229.442228      1.957  37.346931    12.3831    6.24577      1.941    32.0923    24.2600 -9.990e-29
 229.442234      1.954  37.346980    12.3816    6.24185      1.938    32.0937    24.2613 -9.990e-29
 229.442240      1.947  37.341590    12.3797    6.23780      1.931    32.0901    24.2589 -9.990e-29
 229.442245      1.943  37.335919    12.3794    6.23901      1.927    32.0850    24.2550 -9.990e-29
 229.442251      1.946  37.333628    12.3805    6.24227      1.930    32.0819    24.2523 -9.990e-29
 229.442257      1.957  37.335030    12.3815    6.24947      1.941    32.0823    24.2525 -9.990e-29
 229.442263      1.972  37.338070    12.3812    6.25035      1.956    32.0855    24.2550 -9.990e-29
 229.442269      1.983  37.338951    12.3798    6.25629      1.966    32.0875    24.2568 -9.990e-29
 229.442274      1.987  37.337169    12.3786    6.25787      1.970    32.0868    24.2565 -9.990e-29
 229.442280      1.988  37.335398    12.3788    6.24773      1.971    32.0850    24.2551 -9.990e-29
 229.442286      1.995  37.335204    12.3805    6.24508      1.978    32.0833    24.2535 -9.990e-29
 229.442292      2.008  37.338576    12.3830    6.24238      1.991    32.0844    24.2538 -9.990e-29
 229.442297      2.020  37.345526    12.3852    6.23700      2.003    32.0892    24.2571 -9.990e-29
 229.442303      2.028  37.351861    12.3868    6.23717      2.011    32.0939    24.2604 -9.990e-29
 229.442309      2.030  37.354810    12.3881    6.23771      2.013    32.0956    24.2615 -9.990e-29
 229.442315      2.029  37.355504    12.3894    6.23401      2.012    32.0951    24.2609 -9.990e-29
 229.442321      2.027  37.356553    12.3902    6.23275      2.010    32.0954    24.2610 -9.990e-29
 229.442326      2.030  37.358236    12.3901    6.23150      2.013    32.0971    24.2623 -9.990e-29
 229.442332      2.033  37.358313    12.3890    6.23503      2.016    32.0981    24.2633 -9.990e-29
 229.442338      2.031  37.355208    12.3871    6.23134      2.014    32.0968    24.2627 -9.990e-29
 229.442344      2.026  37.349830    12.3852    6.24452      2.009    32.0933    24.2603 -9.990e-29
 229.442350      2.020  37.343428    12.3836    6.24131      2.003    32.0885    24.2569 -9.990e-29
 229.442355      2.018  37.337566    12.3821    6.24166      2.001    32.0842    24.2539 -9.990e-29
 229.442361      2.015  37.335089    12.3805    6.23378      1.998    32.0832    24.2534 -9.990e-29
 229.442367      2.011  37.333817    12.3795    6.22717      1.994    32.0829    24.2533 -9.990e-29
 229.442373      2.014  37.332057    12.3807    6.23118      1.997    32.0802    24.2510 -9.990e-29
 229.442378      2.029  37.337001    12.3839    6.23278      2.012    32.0821    24.2519 -9.990e-29
 229.442384      2.053  37.349074    12.3863    6.23742      2.036    32.0916    24.2588 -9.990e-29
 229.442390      2.074  37.355765    12.3866    6.23516      2.057    32.0977    24.2635 -9.990e-29
 229.442396      2.081  37.352536    12.3853    6.23469      2.064    32.0958    24.2622 -9.990e-29
 229.442402      2.073  37.345742    12.3832    6.23432      2.056    32.0911    24.2590 -9.990e-29
 229.442407      2.065  37.338106    12.3813    6.24133      2.048    32.0854    24.2549 -9.990e-29
 229.442413      2.067  37.331793    12.3807    6.23505      2.050    32.0799    24.2508 -9.990e-29
 229.442419      2.080  37.332414    12.3811    6.24055      2.063    32.0801    24.2509 -9.990e-29
 229.442425      2.096  37.336873    12.3809    6.24088      2.078    32.0846    24.2543 -9.990e-29
 229.442431      2.108  37.336533    12.3799    6.23942      2.090    32.0851    24.2549 -9.990e-29
 229.442436      2.111  37.333745    12.3796    6.25287      2.093    32.0827    24.2531 -9.990e-29
 229.442442      2.112  37.334894    12.3807    6.24173      2.094    32.0828    24.2530 -9.990e-29
 229.442448      2.113  37.340390    12.3826    6.23128      2.095    32.0865    24.2555 -9.990e-29
 229.442454      2.116  37.347467    12.3846    6.23227      2.098    32.0915    24.2590 -9.990e-29
 229.442459      2.120  37.353224    12.3868    6.22408      2.102    32.0951    24.2614 -9.990e-29
 229.442465      2.125  37.357487    12.3892    6.22914      2.107    32.0971    24.2625 -9.990e-29
 229.442471      2.127  37.360894    12.3908    6.23047      2.109    32.0990    24.2637 -9.990e-29
 229.442477      2.123  37.362378    12.3911    6.23627      2.105    32.1002    24.2645 -9.990e-29
 229.442483      2.112  37.360556    12.3901    6.24866      2.094    32.0993    24.2640 -9.990e-29
 229.442488      2.094  37.356929    12.3890    6.24392      2.077    32.0968    24.2623 -9.990e-29
 229.442494      2.079  37.353396    12.3885    6.23899      2.062    32.0939    24.2601 -9.990e-29
 229.442500      2.081  37.349177    12.3882    6.23504      2.064    32.0901    24.2572 -9.990e-29
 229.442506      2.090  37.345381    12.3879    6.23371      2.073    32.0867    24.2547 -9.990e-29
 229.442512      2.098  37.344802    12.3879    6.23732      2.080    32.0861    24.2542 -9.990e-29
 229.442517      2.107  37.348914    12.3884    6.23071      2.089    32.0896    24.2569 -9.990e-29
 229.442523      2.116  37.355348    12.3891    6.22764      2.098    32.0952    24.2610 -9.990e-29
 229.442529      2.127  37.359222    12.3893    6.23490      2.109    32.0987    24.2637 -9.990e-29
 229.442535      2.139  37.360657    12.3894    6.23871      2.121    32.1000    24.2647 -9.990e-29
 229.442541      2.150  37.362130    12.3901    6.24874      2.132    32.1008    24.2652 -9.990e-29
 229.442546      2.155  37.363363    12.3905    6.24395      2.137    32.1016    24.2658 -9.990e-29
 229.442552      2.160  37.363197    12.3898    6.23712      2.142    32.1021    24.2662 -9.990e-29
 229.442558      2.165  37.360292    12.3883    6.23552      2.147    32.1006    24.2654 -9.990e-29
 229.442564      2.165  37.355267    12.3871    6.23397      2.147    32.0968    24.2627 -9.990e-29
