data/oxygen options/ONMS/Olympic_Coast_National_Marine_Sanctuary_Hypoxia_Survey_CTD_Data_2004_2015/raw_data/2006/CTD_TH080_071806faed.cnv
* Sea-Bird SBE19 Data File:
* FileName = C:\Hypoxia Data\CTD_TH080_071806.hex
* Software Version 1.1.8
* Temperature SN = 2997
* Conductivity SN = 2997
* System UpLoad Time = Jul 18 2006 13:26:55
* SEACAT PROFILER V3.1c SN 2997   07/18/06  13:26:01.365
* strain gauge pressure sensor: S/N = 184829,  range = 3000 psia,  tc = 40
# nquan = 9                                 
# nvalues = 1420                        
# units = specified
# name 0 = timeJ: Julian Days
# name 1 = prSM: Pressure, Strain Gauge [db]
# name 2 = c0mS/cm: Conductivity [mS/cm]
# name 3 = t090C: Temperature [ITS-90, deg C]
# name 4 = oxML/L: Oxygen, Beckman/YSI [ml/l]
# name 5 = depSM: Depth [salt water, m], lat = 47.5
# name 6 = sal00: Salinity, Practical [PSU]
# name 7 = sigma-é00: Density [sigma-theta, kg/m^3]
# name 8 = flag: flag
# span 0 = 199.551400, 199.559612       
# span 1 =     -4.852,     79.641       
# span 2 =   0.463073,  38.866251       
# span 3 =     7.5667,    14.5864       
# span 4 =  -13.11207,   42.08467       
# span 5 =     -4.812,     78.961       
# span 6 =     0.2848,    33.8368       
# span 7 =    -0.5639,    26.4241       
# span 8 = 0.0000e+00, 0.0000e+00       
# interval = seconds: 0.5
# start_time = Jul 18 2006 13:14:01 [Instrument's time stamp, header]
# bad_flag = -9.990e-29
*END*
[from data line 161]
 199.552332      0.804  38.767458    14.0627    6.59264      0.797    32.0085    23.8635 -9.990e-29
 199.552338      0.817  38.764255    14.0635    6.59475      0.810    32.0049    23.8605 -9.990e-29
 199.552344      0.826  38.765458    14.0650    6.60211      0.819    32.0047    23.8601 -9.990e-29
 199.552350      0.831  38.768188    14.0656    6.59610      0.824    32.0067    23.8616 -9.990e-29
 199.552355      0.837  38.767673    14.0657    6.57820      0.830    32.0062    23.8611 -9.990e-29
 199.552361      0.844  38.765478    14.0664    6.57101      0.837    32.0036    23.8589 -9.990e-29
 199.552367      0.849  38.766537    14.0676    6.58393      0.842    32.0035    23.8587 -9.990e-29
 199.552373      0.855  38.769462    14.0666    6.59473      0.848    32.0071    23.8616 -9.990e-29
 199.552378      0.869  38.767497    14.0600    6.60140      0.862    32.0107    23.8658 -9.990e-29
 199.552384      0.889  38.758589    14.0503    6.59719      0.882    32.0106    23.8677 -9.990e-29
 199.552390      0.914  38.748265    14.0441    6.59427      0.906    32.0062    23.8656 -9.990e-29
 199.552396      0.937  38.745209    14.0452    6.58797      0.929    32.0025    23.8625 -9.990e-29
 199.552402      0.954  38.750961    14.0512    6.59932      0.946    32.0028    23.8615 -9.990e-29
 199.552407      0.967  38.758602    14.0565    6.60134      0.959    32.0054    23.8624 -9.990e-29
 199.552413      0.976  38.763176    14.0580    6.59049      0.968    32.0084    23.8644 -9.990e-29
 199.552419      0.983  38.763493    14.0578    6.58170      0.975    32.0088    23.8648 -9.990e-29
 199.552425      0.987  38.762788    14.0604    6.57993      0.979    32.0060    23.8621 -9.990e-29
 199.552431      0.989  38.765740    14.0650    6.58686      0.981    32.0049    23.8603 -9.990e-29
 199.552436      0.993  38.770676    14.0670    6.58758      0.985    32.0078    23.8621 -9.990e-29
 199.552442      1.004  38.772962    14.0655    6.59991      0.996    32.0111    23.8650 -9.990e-29
 199.552448      1.018  38.770041    14.0636    6.59795      1.010    32.0100    23.8645 -9.990e-29
 199.552454      1.028  38.766442    14.0635    6.58720      1.019    32.0068    23.8620 -9.990e-29
 199.552459      1.030  38.766912    14.0635    6.58394      1.021    32.0072    23.8624 -9.990e-29
 199.552465      1.032  38.768153    14.0614    6.57816      1.023    32.0101    23.8650 -9.990e-29
 199.552471      1.044  38.767898    14.0580    6.58843      1.035    32.0127    23.8677 -9.990e-29
 199.552477      1.061  38.766934    14.0557    6.60859      1.052    32.0137    23.8690 -9.990e-29
 199.552483      1.081  38.764544    14.0543    6.61791      1.072    32.0127    23.8685 -9.990e-29
 199.552488      1.100  38.759229    14.0536    6.61655      1.091    32.0084    23.8653 -9.990e-29
 199.552494      1.112  38.755128    14.0545    6.60298      1.103    32.0038    23.8616 -9.990e-29
 199.552500      1.117  38.757441    14.0566    6.59365      1.108    32.0042    23.8615 -9.990e-29
 199.552506      1.123  38.762525    14.0587    6.58458      1.114    32.0071    23.8633 -9.990e-29
 199.552512      1.136  38.765941    14.0603    6.58444      1.127    32.0089    23.8644 -9.990e-29
 199.552517      1.156  38.767761    14.0610    6.59375      1.146    32.0100    23.8651 -9.990e-29
 199.552523      1.180  38.768734    14.0614    6.60874      1.170    32.0106    23.8654 -9.990e-29
 199.552529      1.198  38.769041    14.0624    6.60148      1.188    32.0100    23.8648 -9.990e-29
 199.552535      1.201  38.769655    14.0650    6.59501      1.191    32.0084    23.8630 -9.990e-29
 199.552541      1.194  38.771963    14.0693    6.59392      1.184    32.0070    23.8610 -9.990e-29
 199.552546      1.186  38.775118    14.0734    6.59556      1.176    32.0065    23.8598 -9.990e-29
 199.552552      1.183  38.778282    14.0765    6.60906      1.173    32.0068    23.8594 -9.990e-29
 199.552558      1.191  38.781754    14.0788    6.60336      1.181    32.0081    23.8599 -9.990e-29
 199.552564      1.205  38.781752    14.0802    6.58386      1.195    32.0069    23.8587 -9.990e-29
 199.552569      1.219  38.778281    14.0817    6.57537      1.209    32.0025    23.8550 -9.990e-29
 199.552575      1.228  38.778503    14.0836    6.58192      1.218    32.0011    23.8535 -9.990e-29
 199.552581      1.237  38.782156    14.0837    6.60170      1.227    32.0044    23.8560 -9.990e-29
 199.552587      1.251  38.784578    14.0816    6.62310      1.241    32.0083    23.8595 -9.990e-29
 199.552593      1.267  38.783956    14.0789    6.64208      1.256    32.0100    23.8614 -9.990e-29
 199.552598      1.277  38.778342    14.0772    6.62504      1.266    32.0062    23.8588 -9.990e-29
 199.552604      1.273  38.773723    14.0775    6.59695      1.262    32.0018    23.8553 -9.990e-29
 199.552610      1.256  38.777413    14.0798    6.58111      1.246    32.0032    23.8560 -9.990e-29
 199.552616      1.236  38.783675    14.0834    6.57415      1.226    32.0060    23.8574 -9.990e-29
 199.552622      1.231  38.789079    14.0861    6.59432      1.221    32.0087    23.8589 -9.990e-29
 199.552627      1.251  38.793543    14.0833    6.61595      1.241    32.0152    23.8644 -9.990e-29
 199.552633      1.295  38.790680    14.0755    6.62737      1.284    32.0190    23.8690 -9.990e-29
 199.552639      1.339  38.780607    14.0700    6.62661      1.328    32.0143    23.8665 -9.990e-29
 199.552645      1.360  38.772906    14.0708    6.61189      1.349    32.0065    23.8604 -9.990e-29
 199.552650      1.356  38.773022    14.0754    6.58936      1.345    32.0028    23.8565 -9.990e-29
 199.552656      1.339  38.778310    14.0804    6.56411      1.328    32.0035    23.8561 -9.990e-29
 199.552662      1.325  38.784042    14.0850    6.56431      1.314    32.0050    23.8562 -9.990e-29
 199.552668      1.327  38.787206    14.0861    6.57921      1.316    32.0070    23.8576 -9.990e-29
 199.552674      1.343  38.784731    14.0782    6.59721      1.332    32.0113    23.8625 -9.990e-29
 199.552679      1.368  38.771642    14.0625    6.61100      1.357    32.0123    23.8665 -9.990e-29
 199.552685      1.392  38.751816    14.0487    6.61467      1.380    32.0055    23.8641 -9.990e-29
 199.552691      1.411  38.739788    14.0462    6.61381      1.399    31.9965    23.8577 -9.990e-29
 199.552697      1.420  38.742529    14.0535    6.59167      1.408    31.9930    23.8534 -9.990e-29
 199.552703      1.420  38.754155    14.0626    6.56541      1.408    31.9961    23.8540 -9.990e-29
 199.552708      1.415  38.767167    14.0718    6.56652      1.403    32.0004    23.8554 -9.990e-29
 199.552714      1.414  38.778160    14.0810    6.58410      1.402    32.0029    23.8554 -9.990e-29
 199.552720      1.421  38.784962    14.0815    6.61119      1.409    32.0087    23.8598 -9.990e-29
 199.552726      1.436  38.781499    14.0669    6.61188      1.424    32.0176    23.8697 -9.990e-29
 199.552731      1.457  38.763163    14.0474    6.59204      1.445    32.0170    23.8732 -9.990e-29
 199.552737      1.475  38.741426    14.0402    6.58371      1.463    32.0030    23.8639 -9.990e-29
 199.552743      1.483  38.735565    14.0476    6.59148      1.471    31.9914    23.8535 -9.990e-29
 199.552749      1.483  38.746744    14.0591    6.61784      1.471    31.9922    23.8517 -9.990e-29
 199.552755      1.486  38.762376    14.0649    6.62137      1.474    32.0017    23.8578 -9.990e-29
 199.552760      1.497  38.770204    14.0637    6.60835      1.485    32.0099    23.8644 -9.990e-29
 199.552766      1.509  38.765524    14.0637    6.59114      1.496    32.0056    23.8611 -9.990e-29
 199.552772      1.513  38.761179    14.0694    6.58140      1.500    31.9969    23.8532 -9.990e-29
 199.552778      1.510  38.765971    14.0752    6.58965      1.497    31.9964    23.8517 -9.990e-29
 199.552784      1.512  38.773950    14.0742    6.60020      1.499    32.0046    23.8582 -9.990e-29
 199.552789      1.528  38.776683    14.0646    6.60408      1.515    32.0151    23.8682 -9.990e-29
 199.552795      1.556  38.767159    14.0520    6.60293      1.543    32.0168    23.8721 -9.990e-29
 199.552801      1.583  38.752887    14.0456    6.59505      1.570    32.0090    23.8674 -9.990e-29
 199.552807      1.598  38.747949    14.0479    6.59266      1.585    32.0025    23.8620 -9.990e-29
 199.552812      1.600  38.752496    14.0544    6.59605      1.587    32.0013    23.8597 -9.990e-29
 199.552818      1.591  38.758751    14.0596    6.59785      1.578    32.0027    23.8597 -9.990e-29
 199.552824      1.579  38.762714    14.0600    6.59568      1.566    32.0061    23.8622 -9.990e-29
 199.552830      1.573  38.761451    14.0570    6.59304      1.560    32.0074    23.8639 -9.990e-29
 199.552836      1.577  38.754973    14.0552    6.58967      1.564    32.0029    23.8608 -9.990e-29
 199.552841      1.586  38.751672    14.0564    6.58435      1.573    31.9989    23.8574 -9.990e-29
 199.552847      1.597  38.755573    14.0587    6.59146      1.584    32.0006    23.8582 -9.990e-29
 199.552853      1.610  38.760100    14.0577    6.60082      1.597    32.0055    23.8623 -9.990e-29
 199.552859      1.626  38.758952    14.0522    6.61415      1.612    32.0091    23.8661 -9.990e-29
 199.552865      1.647  38.753414    14.0473    6.60933      1.633    32.0080    23.8663 -9.990e-29
 199.552870      1.669  38.749017    14.0493    6.59734      1.655    32.0023    23.8615 -9.990e-29
 199.552876      1.681  38.749443    14.0609    6.60503      1.667    31.9931    23.8520 -9.990e-29
 199.552882      1.679  38.756950    14.0776    6.61606      1.665    31.9861    23.8432 -9.990e-29
 199.552888      1.676  38.768089    14.0901    6.63384      1.662    31.9860    23.8405 -9.990e-29
 199.552894      1.681  38.778082    14.0936    6.63300      1.667    31.9922    23.8446 -9.990e-29
 199.552899      1.689  38.783434    14.0913    6.60861      1.675    31.9991    23.8504 -9.990e-29
 199.552905      1.693  38.781752    14.0904    6.57775      1.679    31.9983    23.8499 -9.990e-29
 199.552911      1.688  38.781463    14.0940    6.57007      1.674    31.9950    23.8467 -9.990e-29
 199.552917      1.679  38.787238    14.0985    6.57599      1.665    31.9966    23.8470 -9.990e-29
 199.552922      1.677  38.793317    14.0980    6.60689      1.663    32.0026    23.8517 -9.990e-29
 199.552928      1.691  38.793225    14.0892    6.63167      1.677    32.0098    23.8591 -9.990e-29
 199.552934      1.718  38.779556    14.0761    6.64653      1.704    32.0081    23.8605 -9.990e-29
 199.552940      1.747  38.757662    14.0703    6.64788      1.732    31.9928    23.8499 -9.990e-29
 199.552946      1.762  38.749984    14.0775    6.62932      1.747    31.9797    23.8383 -9.990e-29
 199.552951      1.755  38.763682    14.0908    6.59930      1.740    31.9813    23.8368 -9.990e-29
 199.552957      1.736  38.782798    14.1034    6.58147      1.722    31.9884    23.8397 -9.990e-29
 199.552963      1.719  38.796916    14.1121    6.59014      1.705    31.9942    23.8423 -9.990e-29
 199.552969      1.716  38.806353    14.1148    6.60158      1.702    32.0006    23.8467 -9.990e-29
 199.552975      1.732  38.811358    14.1097    6.61857      1.718    32.0094    23.8546 -9.990e-29
 199.552980      1.764  38.807952    14.0972    6.61219      1.749    32.0167    23.8627 -9.990e-29
 199.552986      1.799  38.791604    14.0863    6.59276      1.784    32.0107    23.8604 -9.990e-29
 199.552992      1.825  38.773633    14.0863    6.58231      1.810    31.9941    23.8476 -9.990e-29
 199.552998      1.833  38.772168    14.0941    6.58151      1.818    31.9863    23.8400 -9.990e-29
 199.553003      1.829  38.782455    14.0998    6.59218      1.814    31.9910    23.8424 -9.990e-29
 199.553009      1.820  38.790722    14.0957    6.60930      1.805    32.0020    23.8518 -9.990e-29
 199.553015      1.815  38.787241    14.0833    6.61690      1.800    32.0092    23.8598 -9.990e-29
 199.553021      1.818  38.772430    14.0730    6.60234      1.803    32.0041    23.8580 -9.990e-29
 199.553027      1.824  38.763025    14.0698    6.59014      1.809    31.9981    23.8541 -9.990e-29
 199.553032      1.826  38.764449    14.0718    6.56929      1.811    31.9977    23.8534 -9.990e-29
 199.553038      1.819  38.770187    14.0762    6.56147      1.804    31.9994    23.8537 -9.990e-29
 199.553044      1.812  38.774991    14.0773    6.56886      1.797    32.0029    23.8562 -9.990e-29
 199.553050      1.817  38.772931    14.0686    6.58248      1.802    32.0082    23.8621 -9.990e-29
 199.553056      1.833  38.762956    14.0516    6.60220      1.818    32.0132    23.8694 -9.990e-29
 199.553061      1.854  38.749731    14.0343    6.61420      1.839    32.0154    23.8747 -9.990e-29
 199.553067      1.877  38.738075    14.0234    6.61321      1.861    32.0137    23.8756 -9.990e-29
 199.553073      1.899  38.729849    14.0224    6.60294      1.883    32.0070    23.8706 -9.990e-29
 199.553079      1.912  38.729238    14.0307    6.59501      1.896    31.9995    23.8632 -9.990e-29
 199.553084      1.914  38.738240    14.0417    6.59311      1.898    31.9986    23.8602 -9.990e-29
 199.553090      1.908  38.748102    14.0490    6.60095      1.892    32.0016    23.8611 -9.990e-29
 199.553096      1.903  38.753465    14.0511    6.60598      1.887    32.0048    23.8631 -9.990e-29
 199.553102      1.903  38.755322    14.0481    6.61152      1.887    32.0090    23.8670 -9.990e-29
 199.553108      1.908  38.750547    14.0407    6.60639      1.892    32.0108    23.8698 -9.990e-29
 199.553113      1.914  38.741198    14.0346    6.60255      1.898    32.0072    23.8684 -9.990e-29
 199.553119      1.916  38.737264    14.0336    6.60744      1.900    32.0045    23.8664 -9.990e-29
 199.553125      1.920  38.740800    14.0360    6.60793      1.904    32.0057    23.8669 -9.990e-29
 199.553131      1.929  38.746429    14.0397    6.60983      1.913    32.0078    23.8677 -9.990e-29
 199.553137      1.945  38.749880    14.0432    6.61055      1.929    32.0081    23.8672 -9.990e-29
 199.553142      1.965  38.750715    14.0463    6.59220      1.949    32.0063    23.8652 -9.990e-29
 199.553148      1.980  38.751737    14.0483    6.59084      1.963    32.0055    23.8642 -9.990e-29
 199.553154      1.987  38.752074    14.0469    6.59340      1.970    32.0070    23.8656 -9.990e-29
 199.553160      1.992  38.749939    14.0430    6.61523      1.975    32.0083    23.8674 -9.990e-29
 199.553166      1.999  38.747546    14.0402    6.63868      1.982    32.0084    23.8681 -9.990e-29
 199.553171      2.004  38.746201    14.0398    6.63009      1.987    32.0075    23.8675 -9.990e-29
 199.553177      2.002  38.745239    14.0416    6.60237      1.985    32.0051    23.8653 -9.990e-29
 199.553183      1.995  38.745629    14.0486    6.58748      1.978    31.9997    23.8596 -9.990e-29
 199.553189      1.982  38.751267    14.0616    6.59246      1.965    31.9940    23.8526 -9.990e-29
 199.553194      1.965  38.762947    14.0736    6.60895      1.949    31.9948    23.8508 -9.990e-29
 199.553200      1.957  38.775487    14.0776    6.62451      1.941    32.0030    23.8563 -9.990e-29
 199.553206      1.966  38.779808    14.0712    6.61508      1.950    32.0123    23.8647 -9.990e-29
 199.553212      1.984  38.768214    14.0624    6.59608      1.967    32.0090    23.8640 -9.990e-29
 199.553218      1.998  38.754436    14.0629    6.58441      1.981    31.9959    23.8538 -9.990e-29
 199.553223      2.003  38.756023    14.0708    6.59769      1.986    31.9908    23.8482 -9.990e-29
 199.553229      1.996  38.764996    14.0764    6.61554      1.979    31.9944    23.8498 -9.990e-29
 199.553235      1.992  38.770880    14.0744    6.62670      1.975    32.0014    23.8557 -9.990e-29
 199.553241      1.995  38.769189    14.0658    6.62331      1.978    32.0070    23.8618 -9.990e-29
 199.553247      1.994  38.757116    14.0588    6.60194      1.977    32.0017    23.8591 -9.990e-29
