data/oxygen options/ONMS/Olympic_Coast_National_Marine_Sanctuary_Hypoxia_Survey_CTD_Data_2004_2015/raw_data/2006/CTD_CA100_060606faedb.cnv
* Sea-Bird SBE19 Data File:
* FileName = C:\MOORING_DATA_2006\CTD_CA100_060606.hex
* Software Version 1.1.6
* Temperature SN = 2997
* Conductivity SN = 2997
* System UpLoad Time = Jun 06 2006 14:59:10
* SEACAT PROFILER V3.1c SN 2997   06/06/06  14:58:23.896
* strain gauge pressure sensor: S/N = 184829,  range = 3000 psia,  tc = 40
# nquan = 9
# nvalues = 95                          
# units = specified
# name 0 = timeJ: Julian Days
# name 1 = prSM: Pressure, Strain Gauge [db]
# name 2 = c0mS/cm: Conductivity [mS/cm]
# name 3 = t090C: Temperature [ITS-90, deg C]
# name 4 = oxML/L: Oxygen, Beckman/YSI [ml/l]
# name 5 = depSM: Depth [salt water, m], lat = 47.5
# name 6 = sal00: Salinity, Practical [PSU]
# name 7 = sigma-é00: Density [sigma-theta, kg/m^3]
# name 8 = flag: flag
# span 0 = 157.605036, 157.606299       
# span 1 =      2.000,     96.000       
# span 2 =  34.440031,  38.284727       
# span 3 =     7.9415,    16.0030       
# span 4 =    2.53327,    6.58308       
# span 5 =      1.983,     95.176       
# span 6 =    26.8182,    33.6589       
# span 7 =    19.4648,    26.2303       
# span 8 = 0.0000e+00, 0.0000e+00       
# interval = decibars: 1                
# start_time = Jun 06 2006 14:27:07 [Instrument's time stamp, header]
# bad_flag = -9.990e-29
*END*
 157.605036      2.000  34.579059    16.0030    5.67437      1.983    26.8182    19.4648 0.0000e+00
 157.605060      3.000  35.628974    15.0361    5.97258      2.975    28.4306    20.9065 0.0000e+00
 157.605077      4.000  37.684616    14.2461    6.06885      3.967    30.8728    22.9500 0.0000e+00
 157.605090      5.000  38.284727    13.9979    6.16353      4.958    31.6165    23.5744 0.0000e+00
 157.605102      6.000  38.283265    13.8792    6.22196      5.949    31.7126    23.6728 0.0000e+00
 157.605114      7.000  38.235243    13.8016    6.24499      6.941    31.7320    23.7035 0.0000e+00
 157.605126      8.000  38.208241    13.7674    6.25369      7.933    31.7350    23.7127 0.0000e+00
 157.605138      9.000  38.186002    13.7371    6.27656      8.925    31.7391    23.7221 0.0000e+00
 157.605151     10.000  38.156902    13.7056    6.34793      9.916    31.7379    23.7275 0.0000e+00
 157.605165     11.000  38.110164    13.6396    6.24444     10.908    31.7489    23.7493 0.0000e+00
 157.605178     12.000  38.015664    13.5167    6.21189     11.900    31.7628    23.7848 0.0000e+00
 157.605191     13.000  37.812367    13.2168    6.35810     12.891    31.8230    23.8905 0.0000e+00
 157.605204     14.000  37.380543    12.6635    6.58308     13.883    31.8810    24.0428 0.0000e+00
 157.605217     15.000  36.879974    12.1519    6.49788     14.874    31.8369    24.1056 0.0000e+00
 157.605230     16.000  36.466185    11.7654    6.21116     15.866    31.7675    24.1231 0.0000e+00
 157.605243     17.000  36.300060    11.4282    6.02633     16.857    31.8950    24.2831 0.0000e+00
 157.605256     18.000  36.040515    11.0563    5.79607     17.849    31.9620    24.4011 0.0000e+00
 157.605269     19.000  35.737957    10.7247    5.65531     18.841    31.9513    24.4505 0.0000e+00
 157.605283     20.000  35.559045    10.4613    5.65983     19.832    32.0034    24.5362 0.0000e+00
 157.605295     21.000  35.375036    10.2192    5.64292     20.824    32.0318    24.5990 0.0000e+00
 157.605308     22.000  35.255030    10.1162    5.54737     21.815    32.0015    24.5926 0.0000e+00
 157.605321     23.000  35.234323    10.0734    5.40812     22.807    32.0180    24.6126 0.0000e+00
 157.605333     24.000  35.208390     9.9732    5.30236     23.798    32.0802    24.6777 0.0000e+00
 157.605344     25.000  35.142646     9.8532    5.24372     24.790    32.1198    24.7283 0.0000e+00
 157.605355     26.000  35.072975     9.7630    5.20316     25.781    32.1290    24.7502 0.0000e+00
 157.605366     27.000  35.026320     9.6863    5.19427     26.773    32.1496    24.7787 0.0000e+00
 157.605377     28.000  34.999050     9.6395    5.20582     27.765    32.1633    24.7970 0.0000e+00
 157.605388     29.000  34.983336     9.6103    5.19699     28.756    32.1730    24.8093 0.0000e+00
 157.605399     30.000  34.969173     9.5971    5.13189     29.748    32.1698    24.8090 0.0000e+00
 157.605410     31.000  34.955185     9.5798    5.05763     30.739    32.1706    24.8123 0.0000e+00
 157.605422     32.000  34.919590     9.5088    5.00758     31.730    32.1974    24.8447 0.0000e+00
 157.605433     33.000  34.836588     9.3774    4.89097     32.722    32.2300    24.8911 0.0000e+00
 157.605445     34.000  34.775450     9.3011    4.84933     33.714    32.2355    24.9075 0.0000e+00
 157.605456     35.000  34.783262     9.2941    4.78163     34.705    32.2494    24.9196 0.0000e+00
 157.605469     36.000  34.744309     9.1984    4.69444     35.697    32.2953    24.9704 0.0000e+00
 157.605480     37.000  34.723241     9.1266    4.67501     36.688    32.3382    25.0153 0.0000e+00
 157.605490     38.000  34.733773     9.0664    4.65042     37.680    32.4034    25.0757 0.0000e+00
 157.605501     39.000  34.695813     8.9864    4.65044     38.671    32.4365    25.1140 0.0000e+00
 157.605512     40.000  34.662607     8.9454    4.64464     39.662    32.4388    25.1223 0.0000e+00
 157.605525     41.000  34.652152     8.9325    4.62891     40.653    32.4393    25.1246 0.0000e+00
 157.605537     42.000  34.640126     8.9114    4.57496     41.645    32.4457    25.1328 0.0000e+00
 157.605550     43.000  34.625089     8.8894    4.45648     42.636    32.4497    25.1394 0.0000e+00
 157.605561     44.000  34.602441     8.8401    4.34576     43.628    32.4708    25.1635 0.0000e+00
 157.605572     45.000  34.569316     8.7421    4.24524     44.620    32.5256    25.2214 0.0000e+00
 157.605584     46.000  34.543005     8.6756    4.21083     45.611    32.5588    25.2576 0.0000e+00
 157.605597     47.000  34.548763     8.6746    4.14654     46.603    32.5653    25.2628 0.0000e+00
 157.605609     48.000  34.536711     8.6247    4.10491     47.594    32.5982    25.2962 0.0000e+00
 157.605621     49.000  34.527397     8.5899    4.07438     48.585    32.6201    25.3186 0.0000e+00
 157.605633     50.000  34.524095     8.5763    4.04069     49.577    32.6286    25.3273 0.0000e+00
 157.605645     51.000  34.521650     8.5664    3.97027     50.568    32.6348    25.3337 0.0000e+00
 157.605657     52.000  34.517277     8.5406    3.87692     51.560    32.6536    25.3523 0.0000e+00
 157.605669     53.000  34.505537     8.4935    3.79456     52.551    32.6844    25.3837 0.0000e+00
 157.605681     54.000  34.492302     8.4350    3.75922     53.542    32.7243    25.4236 0.0000e+00
 157.605692     55.000  34.485664     8.3988    3.78091     54.533    32.7504    25.4496 0.0000e+00
 157.605704     56.000  34.486415     8.3753    3.79769     55.525    32.7727    25.4705 0.0000e+00
 157.605717     57.000  34.487918     8.3481    3.82265     56.516    32.7991    25.4953 0.0000e+00
 157.605730     58.000  34.485865     8.3233    3.91664     57.508    32.8196    25.5151 0.0000e+00
 157.605743     59.000  34.475558     8.2868    3.98088     58.500    32.8423    25.5383 0.0000e+00
 157.605755     60.000  34.452736     8.2437    3.95760     59.491    32.8580    25.5570 0.0000e+00
 157.605768     61.000  34.440031     8.2058    3.85896     60.482    32.8796    25.5795 0.0000e+00
 157.605780     62.000  34.440739     8.1687    3.72622     61.474    32.9146    25.6125 0.0000e+00
 157.605793     63.000  34.453722     8.1536    3.64105     62.465    32.9421    25.6363 0.0000e+00
 157.605806     64.000  34.467691     8.1426    3.58976     63.456    32.9668    25.6574 0.0000e+00
 157.605820     65.000  34.483614     8.1316    3.54317     64.447    32.9936    25.6800 0.0000e+00
 157.605833     66.000  34.489350     8.1049    3.46630     65.439    33.0244    25.7081 0.0000e+00
 157.605846     67.000  34.502182     8.0718    3.41513     66.430    33.0688    25.7478 0.0000e+00
 157.605858     68.000  34.512518     8.0534    3.36757     67.422    33.0967    25.7724 0.0000e+00
 157.605871     69.000  34.520165     8.0426    3.35372     68.413    33.1145    25.7880 0.0000e+00
 157.605883     70.000  34.529334     8.0327    3.33327     69.404    33.1332    25.8041 0.0000e+00
 157.605896     71.000  34.540509     8.0271    3.31441     70.396    33.1500    25.8182 0.0000e+00
 157.605908     72.000  34.548538     8.0230    3.31242     71.387    33.1620    25.8282 0.0000e+00
 157.605922     73.000  34.562002     8.0206    3.30355     72.378    33.1782    25.8413 0.0000e+00
 157.605937     74.000  34.574742     8.0193    3.30651     73.369    33.1925    25.8527 0.0000e+00
 157.605952     75.000  34.589980     8.0193    3.30989     74.360    33.2083    25.8651 0.0000e+00
 157.605968     76.000  34.623253     8.0235    3.34550     75.352    33.2393    25.8889 0.0000e+00
 157.605983     77.000  34.678668     8.0341    3.37168     76.343    33.2879    25.9254 0.0000e+00
 157.605998     78.000  34.716479     8.0462    3.37651     77.334    33.3162    25.9459 0.0000e+00
 157.606014     79.000  34.744956     8.0529    3.36293     78.326    33.3397    25.9634 0.0000e+00
 157.606028     80.000  34.755887     8.0545    3.35970     79.317    33.3494    25.9708 0.0000e+00
 157.606046     81.000  34.758308     8.0559    3.35458     80.308    33.3501    25.9712 0.0000e+00
 157.606064     82.000  34.762687     8.0554    3.33159     81.300    33.3548    25.9749 0.0000e+00
 157.606078     83.000  34.777862     8.0548    3.31776     82.291    33.3711    25.9878 0.0000e+00
 157.606093     84.000  34.792117     8.0555    3.28327     83.282    33.3851    25.9987 0.0000e+00
 157.606107     85.000  34.810879     8.0562    3.24601     84.273    33.4040    26.0135 0.0000e+00
 157.606122     86.000  34.826691     8.0559    3.20097     85.265    33.4206    26.0266 0.0000e+00
 157.606137     87.000  34.840423     8.0533    3.12417     86.255    33.4374    26.0402 0.0000e+00
 157.606154     88.000  34.857813     8.0435    2.87437     87.247    33.4648    26.0632 0.0000e+00
 157.606171     89.000  34.902429     7.9982    2.63480     88.238    33.5554    26.1409 0.0000e+00
 157.606186     90.000  34.939577     7.9657    2.58356     89.229    33.6258    26.2009 0.0000e+00
 157.606202     91.000  34.945426     7.9579    2.55285     90.221    33.6390    26.2125 0.0000e+00
 157.606216     92.000  34.949062     7.9498    2.54942     91.212    33.6503    26.2226 0.0000e+00
 157.606231     93.000  34.951160     7.9452    2.54006     92.203    33.6564    26.2281 0.0000e+00
 157.606248     94.000  34.952960     7.9441    2.54339     93.194    33.6589    26.2302 0.0000e+00
 157.606271     95.000  34.954266     7.9453    2.54121     94.186    33.6587    26.2299 0.0000e+00
 157.606299     96.000  34.951041     7.9415    2.53327     95.176    33.6584    26.2303 0.0000e+00
