data/oxygen options/ONMS/Olympic_Coast_National_Marine_Sanctuary_Hypoxia_Survey_CTD_Data_2004_2015/raw_data/2006/CTD_TH100_062006faed.cnv
* Sea-Bird SBE19 Data File:
* FileName = C:\Hypoxia Data\CTD_TH100_062006.hex
* Software Version 1.1.8
* Temperature SN = 2997
* Conductivity SN = 2997
* System UpLoad Time = Jun 20 2006 11:20:52
* SEACAT PROFILER V3.1c SN 2997   06/20/06  11:19:51.634
* strain gauge pressure sensor: S/N = 184829,  range = 3000 psia,  tc = 40
# nquan = 9                                 
# nvalues = 990                         
# units = specified
# name 0 = timeJ: Julian Days
# name 1 = prSM: Pressure, Strain Gauge [db]
# name 2 = c0mS/cm: Conductivity [mS/cm]
# name 3 = t090C: Temperature [ITS-90, deg C]
# name 4 = oxML/L: Oxygen, Beckman/YSI [ml/l]
# name 5 = depSM: Depth [salt water, m], lat = 47.5
# name 6 = sal00: Salinity, Practical [PSU]
# name 7 = sigma-é00: Density [sigma-theta, kg/m^3]
# name 8 = flag: flag
# span 0 = 171.444491, 171.450214       
# span 1 =     -5.451,    101.634       
# span 2 =   0.104482,  38.149341       
# span 3 =     7.6995,    14.1204       
# span 4 =   -0.87556,   32.51807       
# span 5 =     -5.406,    100.761       
# span 6 =     0.0645,    33.8938       
# span 7 =    -0.6897,    26.4456       
# span 8 = 0.0000e+00, 0.0000e+00       
# interval = seconds: 0.5
# start_time = Jun 20 2006 10:40:04 [Instrument's time stamp, header]
# bad_flag = -9.990e-29
*END*
[from data line 961]
 171.450052      3.675  37.257836    13.2825    6.45205      3.644    31.2537    23.4374 0.0000e+00
 171.450058      3.380  37.285145    13.3204    6.39119      3.352    31.2482    23.4257 0.0000e+00
 171.450064      3.080  37.294192    13.3765    6.27046      3.054    31.2108    23.3857 0.0000e+00
 171.450069      2.774  37.309948    13.4480    6.16947      2.751    31.1671    23.3378 0.0000e+00
 171.450075      2.460  37.351014    13.5198    6.10494      2.439    31.1467    23.3078 0.0000e+00
 171.450081      2.139  37.407117    13.5957    7.13398      2.121    31.1370    23.2852 0.0000e+00
 171.450087      1.821  37.458073    13.6963    7.06964      1.806    31.1025    23.2384 0.0000e+00
 171.450093      1.523  37.503908    13.7997    7.06967      1.510    31.0610    23.1857 0.0000e+00
 171.450098      1.266  37.552242    13.8483    7.04591      1.255    31.0663    23.1800 0.0000e+00
 171.450104      1.055  37.564304    13.8345    7.01517      1.046    31.0887    23.2000 0.0000e+00
 171.450110      0.884  37.497852    13.7840    7.00070      0.877    31.0684    23.1945 0.0000e+00
 171.450116      0.752  37.339478    13.7115    6.99908      0.746    30.9811    23.1416 -9.990e-29
 171.450122      0.649  37.008177    13.6290    6.95257      0.644    30.7418    22.9733 -9.990e-29
 171.450127      0.566  36.185633    13.5472    6.97370      0.561    30.0478    22.4536 -9.990e-29
 171.450133      0.500  33.853654    13.4728    7.00547      0.496    27.9623    20.8584 -9.990e-29
 171.450139      0.454  26.955658    13.4110    7.05898      0.450    21.7830    16.1071 -9.990e-29
 171.450145      0.422  16.588088    13.3652    7.07380      0.418    12.8320     9.2279 -9.990e-29
 171.450150      0.399   9.294613    13.3363    7.09766      0.396     6.8643     4.6408 -9.990e-29
 171.450156      0.380   6.130590    13.3218    7.09494      0.377     4.3939     2.7389 -9.990e-29
 171.450162      0.367   4.615440    13.3169 -9.990e-29      0.364     3.2455     1.8533 -9.990e-29
 171.450168      0.363   4.059747    13.3187 -9.990e-29      0.360     2.8312     1.5329 -9.990e-29
 171.450174      0.365   3.988284    13.3240 -9.990e-29      0.362     2.7778     1.4909 -9.990e-29
 171.450179      0.364   4.291318    13.3273 -9.990e-29      0.361     3.0026     1.6642 -9.990e-29
 171.450185      0.356   4.795223    13.3243 -9.990e-29      0.353     3.3798     1.9559 -9.990e-29
 171.450191      0.343   5.093834    13.3163 -9.990e-29      0.340     3.6054     2.1312 -9.990e-29
 171.450197      0.335   5.084940    13.3091 -9.990e-29      0.332     3.5994     2.1276 -9.990e-29
 171.450203      0.330   4.901275    13.3070 -9.990e-29      0.327     3.4611     2.0211 -9.990e-29
 171.450208      0.323   4.661094    13.3073 -9.990e-29      0.320     3.2806     1.8816 -9.990e-29
 171.450214      0.320   4.465091 -9.990e-29 -9.990e-29      0.317 -9.990e-29 -9.990e-29 -9.990e-29
