data/oxygen options/ONMS/Olympic_Coast_National_Marine_Sanctuary_Hypoxia_Survey_CTD_Data_2004_2015/raw_data/2006/CTD_TH040_060706faedb.cnv
* Sea-Bird SBE19 Data File:
* FileName = C:\Hypoxia_Data_2006\CTD_TH040_060706.hex
* Software Version 1.1.6
* Temperature SN = 2997
* Conductivity SN = 2997
* System UpLoad Time = Jun 07 2006 11:50:34
* SEACAT PROFILER V3.1c SN 2997   06/07/06  11:49:55.081
* strain gauge pressure sensor: S/N = 184829,  range = 3000 psia,  tc = 40
# nquan = 9
# nvalues = 38                          
# units = specified
# name 0 = timeJ: Julian Days
# name 1 = prSM: Pressure, Strain Gauge [db]
# name 2 = c0mS/cm: Conductivity [mS/cm]
# name 3 = t090C: Temperature [ITS-90, deg C]
# name 4 = oxML/L: Oxygen, Beckman/YSI [ml/l]
# name 5 = depSM: Depth [salt water, m], lat = 47.5
# name 6 = sal00: Salinity, Practical [PSU]
# name 7 = sigma-é00: Density [sigma-theta, kg/m^3]
# name 8 = flag: flag
# span 0 = 158.490820, 158.491276       
# span 1 =      2.000,     39.000       
# span 2 =  32.375350,  37.200234       
# span 3 =     8.6672,    15.5308       
# span 4 =    2.58359,    6.51026       
# span 5 =      1.983,     38.671       
# span 6 =    25.2392,    33.2329       
# span 7 =    18.3536,    25.7868       
# span 8 = 0.0000e+00, 0.0000e+00       
# interval = decibars: 1                
# start_time = Jun 07 2006 11:43:23 [Instrument's time stamp, header]
# bad_flag = -9.990e-29
*END*
 158.490820      2.000  32.375350    15.5308    6.09578      1.983    25.2392    18.3536 0.0000e+00
 158.490842      3.000  32.762841    15.1870    6.16411      2.975    25.8010    18.8553 0.0000e+00
 158.490858      4.000  34.161981    14.5745    6.28674      3.966    27.4511    20.2479 0.0000e+00
 158.490872      5.000  35.756143    14.0080    6.24369      4.958    29.2948    21.7814 0.0000e+00
 158.490884      6.000  36.389485    13.7016    6.25788      5.950    30.1110    22.4720 0.0000e+00
 158.490896      7.000  36.855869    13.5286    6.30038      6.941    30.6787    22.9446 0.0000e+00
 158.490909      8.000  37.085778    13.3627    6.31422      7.933    31.0258    23.2456 0.0000e+00
 158.490920      9.000  37.121901    13.2657    6.31740      8.925    31.1387    23.3519 0.0000e+00
 158.490933     10.000  37.137637    13.2101    6.30760      9.917    31.1985    23.4091 0.0000e+00
 158.490944     11.000  37.134150    13.1707    6.32916     10.908    31.2272    23.4390 0.0000e+00
 158.490956     12.000  37.128036    13.1254    6.40988     11.899    31.2584    23.4719 0.0000e+00
 158.490967     13.000  37.132480    13.0687    6.42854     12.891    31.3089    23.5221 0.0000e+00
 158.490980     14.000  37.143936    13.0069    6.41062     13.883    31.3703    23.5816 0.0000e+00
 158.490992     15.000  37.170238    12.9553    6.50610     14.875    31.4374    23.6436 0.0000e+00
 158.491003     16.000  37.200234    12.8843    6.51026     15.866    31.5243    23.7246 0.0000e+00
 158.491014     17.000  37.153676    12.7860    6.22484     16.857    31.5620    23.7728 0.0000e+00
 158.491025     18.000  37.095226    12.7085    5.97984     17.849    31.5712    23.7947 0.0000e+00
 158.491036     19.000  37.029449    12.5730    5.81058     18.840    31.6220    23.8599 0.0000e+00
 158.491047     20.000  36.828221    12.1562    5.66691     19.833    31.7816    24.0621 0.0000e+00
 158.491057     21.000  36.435169    11.6650    5.45185     20.823    31.8211    24.1832 0.0000e+00
 158.491069     22.000  36.207813    11.4374    5.24709     21.815    31.7949    24.2038 0.0000e+00
 158.491079     23.000  36.087422    11.2400    5.14672     22.807    31.8468    24.2793 0.0000e+00
 158.491090     24.000  35.904617    10.8890    5.01033     23.798    31.9710    24.4375 0.0000e+00
 158.491101     25.000  35.646173    10.4519    4.72684     24.790    32.0969    24.6105 0.0000e+00
 158.491112     26.000  35.461724    10.0935    4.44264     25.781    32.2286    24.7735 0.0000e+00
 158.491124     27.000  35.407429     9.8876    4.37121     26.773    32.3571    24.9078 0.0000e+00
 158.491136     28.000  35.360025     9.7105    4.38742     27.764    32.4678    25.0232 0.0000e+00
 158.491148     29.000  35.243915     9.4632    4.23931     28.756    32.5726    25.1451 0.0000e+00
 158.491159     30.000  35.151254     9.2786    3.99467     29.748    32.6450    25.2311 0.0000e+00
 158.491170     31.000  35.154007     9.1949    3.68944     30.739    32.7240    25.3062 0.0000e+00
 158.491181     32.000  35.213801     9.1719    3.37826     31.731    32.8066    25.3745 0.0000e+00
 158.491193     33.000  35.280621     9.1547    3.10852     32.722    32.8912    25.4434 0.0000e+00
 158.491204     34.000  35.314983     9.0807    2.86204     33.714    32.9949    25.5362 0.0000e+00
 158.491216     35.000  35.295319     8.9462    2.70805     34.705    33.0989    25.6387 0.0000e+00
 158.491229     36.000  35.239838     8.8061    2.63904     35.696    33.1714    25.7171 0.0000e+00
 158.491243     37.000  35.199708     8.7120    2.61258     36.688    33.2171    25.7675 0.0000e+00
 158.491258     38.000  35.180962     8.6796    2.60167     37.679    33.2273    25.7805 0.0000e+00
 158.491276     39.000  35.175588     8.6672    2.58359     38.671    33.2329    25.7868 0.0000e+00
