data/oxygen options/ONMS/Olympic_Coast_National_Marine_Sanctuary_Hypoxia_Survey_CTD_Data_2004_2015/raw_data/2006/CTD_TH030_081706faedb.cnv
* Sea-Bird SBE19 Data File:
* FileName = C:\Hypoxia_Data_2006\CTD_TH030_081706.hex
* Software Version 1.1.6
* Temperature SN = 2997
* Conductivity SN = 2997
* System UpLoad Time = Aug 17 2006 08:55:22
* SEACAT PROFILER V3.1c SN 2997   08/17/06  08:54:49.629
* strain gauge pressure sensor: S/N = 184829,  range = 3000 psia,  tc = 40
# nquan = 9
# nvalues = 29                          
# units = specified
# name 0 = timeJ: Julian Days
# name 1 = prSM: Pressure, Strain Gauge [db]
# name 2 = c0mS/cm: Conductivity [mS/cm]
# name 3 = t090C: Temperature [ITS-90, deg C]
# name 4 = oxML/L: Oxygen, Beckman/YSI [ml/l]
# name 5 = depSM: Depth [salt water, m], lat = 47.5
# name 6 = sal00: Salinity, Practical [PSU]
# name 7 = sigma-é00: Density [sigma-theta, kg/m^3]
# name 8 = flag: flag
# span 0 = 229.369267, 229.369670       
# span 1 =      3.000,     31.000       
# span 2 =  34.941216,  36.653388       
# span 3 =     8.4336,    10.2224       
# span 4 =    2.90335,    5.26143       
# span 5 =      2.975,     30.739       
# span 6 =    33.0653,    33.4220       
# span 7 =    25.6086,    25.9118       
# span 8 = 0.0000e+00, 0.0000e+00       
# interval = decibars: 1                
# start_time = Aug 17 2006 08:45:42 [Instrument's time stamp, header]
# bad_flag = -9.990e-29
*END*
 229.369267      3.000  36.653388    10.2224    5.26143      2.975    33.3265    25.6086 0.0000e+00
 229.369289      4.000  36.119803     9.5417    4.34613      3.966    33.4115    25.7875 0.0000e+00
 229.369305      5.000  35.737425     9.2069    4.51622      4.958    33.3288    25.7768 0.0000e+00
 229.369318      6.000  35.647954     9.0966    4.64005      5.950    33.3386    25.8021 0.0000e+00
 229.369330      7.000  35.623988     9.0345    4.49133      6.942    33.3715    25.8378 0.0000e+00
 229.369341      8.000  35.579727     8.9587    4.15356      7.933    33.3961    25.8689 0.0000e+00
 229.369353      9.000  35.474700     8.8141    3.86395      8.925    33.4220    25.9118 0.0000e+00
 229.369364     10.000  35.333963     8.6852    3.72651      9.916    33.3956    25.9111 0.0000e+00
 229.369375     11.000  35.253551     8.6248    3.68947     10.908    33.3677    25.8985 0.0000e+00
 229.369387     12.000  35.223383     8.6103    3.67282     11.899    33.3491    25.8862 0.0000e+00
 229.369397     13.000  35.215756     8.6130    3.66396     12.891    33.3381    25.8772 0.0000e+00
 229.369410     14.000  35.205959     8.6152    3.61821     13.883    33.3253    25.8668 0.0000e+00
 229.369421     15.000  35.193853     8.6146    3.49955     14.874    33.3127    25.8570 0.0000e+00
 229.369433     16.000  35.171182     8.5878    3.38088     15.866    33.3136    25.8619 0.0000e+00
 229.369444     17.000  35.128860     8.5457    3.30215     16.858    33.3083    25.8642 0.0000e+00
 229.369455     18.000  35.087877     8.5223    3.26764     17.849    33.2867    25.8508 0.0000e+00
 229.369467     19.000  35.072897     8.5206    3.22448     18.841    33.2721    25.8396 0.0000e+00
 229.369477     20.000  35.053054     8.5070    3.18110     19.832    33.2636    25.8350 0.0000e+00
 229.369490     21.000  35.029148     8.4902    3.13189     20.824    33.2538    25.8299 0.0000e+00
 229.369502     22.000  35.006936     8.4671    3.05343     21.815    33.2517    25.8317 0.0000e+00
 229.369514     23.000  34.974109     8.4421    2.99674     22.807    33.2401    25.8264 0.0000e+00
 229.369526     24.000  34.952803     8.4336    2.96635     23.798    33.2251    25.8160 0.0000e+00
 229.369537     25.000  34.943658     8.4377    2.95738     24.790    33.2111    25.8044 0.0000e+00
 229.369548     26.000  34.941216     8.4494    2.94999     25.781    33.1971    25.7917 0.0000e+00
 229.369559     27.000  34.942873     8.4632    2.95113     26.773    33.1854    25.7804 0.0000e+00
 229.369572     28.000  34.944553     8.4767    2.94741     27.765    33.1740    25.7695 0.0000e+00
 229.369585     29.000  34.945406     8.4922    2.93622     28.756    33.1598    25.7560 0.0000e+00
 229.369602     30.000  34.951311     8.5062    2.90335     29.748    33.1525    25.7482 0.0000e+00
 229.369670     31.000  34.958537     8.6064    2.92995     30.739    33.0653    25.6647 0.0000e+00
