data/oxygen options/ONMS/Olympic_Coast_National_Marine_Sanctuary_Hypoxia_Survey_CTD_Data_2004_2015/raw_data/2006/CTD_TH035_060706faedb.cnv
* Sea-Bird SBE19 Data File:
* FileName = C:\Hypoxia_Data_2006\CTD_TH035_060706.hex
* Software Version 1.1.6
* Temperature SN = 2997
* Conductivity SN = 2997
* System UpLoad Time = Jun 07 2006 12:04:19
* SEACAT PROFILER V3.1c SN 2997   06/07/06  12:03:37.384
* strain gauge pressure sensor: S/N = 184829,  range = 3000 psia,  tc = 40
# nquan = 9
# nvalues = 32                          
# units = specified
# name 0 = timeJ: Julian Days
# name 1 = prSM: Pressure, Strain Gauge [db]
# name 2 = c0mS/cm: Conductivity [mS/cm]
# name 3 = t090C: Temperature [ITS-90, deg C]
# name 4 = oxML/L: Oxygen, Beckman/YSI [ml/l]
# name 5 = depSM: Depth [salt water, m], lat = 47.5
# name 6 = sal00: Salinity, Practical [PSU]
# name 7 = sigma-é00: Density [sigma-theta, kg/m^3]
# name 8 = flag: flag
# span 0 = 158.499027, 158.499430       
# span 1 =      3.000,     34.000       
# span 2 =  33.474754,  37.039131       
# span 3 =     8.8439,    15.0283       
# span 4 =    2.66751,    6.31503       
# span 5 =      2.975,     33.713       
# span 6 =    26.5373,    33.1705       
# span 7 =    19.4532,    25.7106       
# span 8 = 0.0000e+00, 0.0000e+00       
# interval = decibars: 1                
# start_time = Jun 07 2006 11:54:49 [Instrument's time stamp, header]
# bad_flag = -9.990e-29
*END*
 158.499027      3.000  33.474754    15.0283    6.17973      2.975    26.5373    19.4532 0.0000e+00
 158.499044      4.000  35.082546    14.1459    6.31503      3.967    28.5883    21.2094 0.0000e+00
 158.499058      5.000  36.060391    13.7991    6.30015      4.958    29.7362    22.1635 0.0000e+00
 158.499071      6.000  36.503757    13.6650    6.29850      5.950    30.2461    22.5836 0.0000e+00
 158.499084      7.000  36.687604    13.5667    6.22830      6.942    30.4933    22.7939 0.0000e+00
 158.499095      8.000  36.831737    13.4386    6.16413      7.933    30.7289    23.0012 0.0000e+00
 158.499107      9.000  36.983801    13.2906    6.12584      8.924    30.9896    23.2318 0.0000e+00
 158.499118     10.000  37.039131    13.1058    6.11486      9.917    31.1920    23.4244 0.0000e+00
 158.499129     11.000  36.989073    13.0026    6.14989     10.908    31.2296    23.4736 0.0000e+00
 158.499141     12.000  36.950584    12.9191    6.13398     11.900    31.2619    23.5147 0.0000e+00
 158.499152     13.000  36.928648    12.8208    5.94983     12.891    31.3222    23.5803 0.0000e+00
 158.499164     14.000  36.943001    12.6628    5.48011     13.883    31.4669    23.7226 0.0000e+00
 158.499175     15.000  36.824947    12.3267    5.04066     14.874    31.6362    23.9173 0.0000e+00
 158.499187     16.000  36.516004    11.9134    4.77797     15.866    31.6893    24.0353 0.0000e+00
 158.499199     17.000  36.202052    11.4317    4.66108     16.858    31.7963    24.2058 0.0000e+00
 158.499211     18.000  36.046162    11.0370    4.71355     17.849    31.9843    24.4219 0.0000e+00
 158.499223     19.000  35.955471    10.8728    4.80894     18.840    32.0376    24.4921 0.0000e+00
 158.499234     20.000  35.893157    10.7749    4.84648     19.832    32.0610    24.5273 0.0000e+00
 158.499246     21.000  35.814030    10.6650    4.86592     20.824    32.0784    24.5599 0.0000e+00
 158.499257     22.000  35.749655    10.5666    4.79298     21.816    32.1003    24.5938 0.0000e+00
 158.499268     23.000  35.677934    10.4596    4.76794     22.807    32.1225    24.6293 0.0000e+00
 158.499280     24.000  35.618377    10.3633    4.64681     23.798    32.1475    24.6651 0.0000e+00
 158.499291     25.000  35.550178    10.2000    4.26930     24.790    32.2234    24.7517 0.0000e+00
 158.499303     26.000  35.502744    10.0041    3.94085     25.781    32.3497    24.8829 0.0000e+00
 158.499314     27.000  35.563657     9.8384    3.71730     26.773    32.5602    25.0745 0.0000e+00
 158.499327     28.000  35.587656     9.6885    3.53004     27.765    32.7201    25.2240 0.0000e+00
 158.499338     29.000  35.583877     9.5864    3.33196     28.756    32.8089    25.3099 0.0000e+00
 158.499352     30.000  35.551085     9.4555    3.09177     29.747    32.8949    25.3982 0.0000e+00
 158.499364     31.000  35.473107     9.2469    2.89276     30.739    33.0062    25.5186 0.0000e+00
 158.499378     32.000  35.377320     9.0704    2.77248     31.731    33.0700    25.5966 0.0000e+00
 158.499393     33.000  35.326304     8.9593    2.67871     32.722    33.1199    25.6530 0.0000e+00
 158.499430     34.000  35.272013     8.8439    2.66751     33.713    33.1705    25.7106 0.0000e+00
