data/oxygen options/ONMS/Olympic_Coast_National_Marine_Sanctuary_Hypoxia_Survey_CTD_Data_2004_2015/raw_data/2006/CTD_TH035_071806faedb.cnv
* Sea-Bird SBE19 Data File:
* FileName = C:\Hypoxia Data\CTD_TH035_071806.hex
* Software Version 1.1.8
* Temperature SN = 2997
* Conductivity SN = 2997
* System UpLoad Time = Jul 18 2006 15:06:26
* SEACAT PROFILER V3.1c SN 2997   07/18/06  15:05:26.517
* strain gauge pressure sensor: S/N = 184829,  range = 3000 psia,  tc = 40
# nquan = 9
# nvalues = 32                          
# units = specified
# name 0 = timeJ: Julian Days
# name 1 = prSM: Pressure, Strain Gauge [db]
# name 2 = c0mS/cm: Conductivity [mS/cm]
# name 3 = t090C: Temperature [ITS-90, deg C]
# name 4 = oxML/L: Oxygen, Beckman/YSI [ml/l]
# name 5 = depSM: Depth [salt water, m], lat = 47.5
# name 6 = sal00: Salinity, Practical [PSU]
# name 7 = sigma-é00: Density [sigma-theta, kg/m^3]
# name 8 = flag: flag
# span 0 = 199.626888, 199.627308       
# span 1 =      3.000,     34.000       
# span 2 =  34.785723,  37.383155       
# span 3 =     7.9818,    12.6094       
# span 4 =    3.17398,    5.99482       
# span 5 =      2.975,     33.714       
# span 6 =    31.9336,    33.4781       
# span 7 =    24.0940,    26.0818       
# span 8 = 0.0000e+00, 0.0000e+00       
# interval = decibars: 1                
# start_time = Jul 18 2006 14:59:22 [Instrument's time stamp, header]
# bad_flag = -9.990e-29
*END*
 199.626888      3.000  37.383155    12.6094    5.99482      2.975    31.9336    24.0940 0.0000e+00
 199.626913      4.000  37.282636    12.3611    5.36257      3.967    32.0488    24.2304 0.0000e+00
 199.626926      5.000  37.043552    11.9921    4.85090      4.958    32.1354    24.3668 0.0000e+00
 199.626939      6.000  36.700644    11.5225    4.55979      5.950    32.2088    24.5099 0.0000e+00
 199.626949      7.000  36.367617    11.0753    4.51160      6.941    32.2726    24.6394 0.0000e+00
 199.626962      8.000  36.150681    10.7932    4.47288      7.933    32.3057    24.7146 0.0000e+00
 199.626973      9.000  35.976313    10.5822    4.51025      8.925    32.3183    24.7607 0.0000e+00
 199.626984     10.000  35.891561    10.4064    4.45246      9.916    32.3893    24.8460 0.0000e+00
 199.626996     11.000  35.811881    10.2555    4.23526     10.908    32.4434    24.9137 0.0000e+00
 199.627007     12.000  35.697766    10.0376    4.21433     11.900    32.5232    25.0125 0.0000e+00
 199.627019     13.000  35.512201     9.6678    4.29347     12.891    32.6684    25.1866 0.0000e+00
 199.627030     14.000  35.146049     9.1548    4.25205     13.883    32.7602    25.3407 0.0000e+00
 199.627043     15.000  34.851174     8.7995    4.09292     14.874    32.7808    25.4122 0.0000e+00
 199.627055     16.000  34.851558     8.7263    3.88350     15.866    32.8485    25.4763 0.0000e+00
 199.627067     17.000  34.876856     8.6782    3.72143     16.858    32.9193    25.5391 0.0000e+00
 199.627079     18.000  34.879642     8.5880    3.57044     17.849    33.0059    25.6207 0.0000e+00
 199.627091     19.000  34.863958     8.4192    3.42998     18.841    33.1473    25.7571 0.0000e+00
 199.627104     20.000  34.839779     8.2494    3.34430     19.832    33.2816    25.8878 0.0000e+00
 199.627117     21.000  34.817266     8.1592    3.32153     20.824    33.3428    25.9492 0.0000e+00
 199.627131     22.000  34.802695     8.1057    3.31279     21.815    33.3778    25.9847 0.0000e+00
 199.627144     23.000  34.793963     8.0640    3.29746     22.807    33.4077    26.0143 0.0000e+00
 199.627157     24.000  34.790017     8.0473    3.28521     23.798    33.4190    26.0256 0.0000e+00
 199.627169     25.000  34.787922     8.0407    3.28851     24.790    33.4225    26.0294 0.0000e+00
 199.627182     26.000  34.787380     8.0313    3.28056     25.781    33.4305    26.0370 0.0000e+00
 199.627196     27.000  34.788889     8.0279    3.26444     26.773    33.4349    26.0410 0.0000e+00
 199.627210     28.000  34.786393     8.0161    3.23418     27.764    33.4430    26.0492 0.0000e+00
 199.627221     29.000  34.785723     8.0074    3.21197     28.756    33.4501    26.0560 0.0000e+00
 199.627235     30.000  34.787409     7.9960    3.19837     29.748    33.4624    26.0674 0.0000e+00
 199.627247     31.000  34.789276     7.9864    3.18776     30.739    33.4731    26.0771 0.0000e+00
 199.627262     32.000  34.790312     7.9862    3.18623     31.730    33.4739    26.0778 0.0000e+00
 199.627278     33.000  34.790059     7.9834    3.17595     32.722    33.4758    26.0798 0.0000e+00
 199.627308     34.000  34.791102     7.9818    3.17398     33.714    33.4781    26.0818 0.0000e+00
