data/oxygen options/ONMS/Olympic_Coast_National_Marine_Sanctuary_Hypoxia_Survey_CTD_Data_2004_2015/raw_data/2006/CTD_TH040_081706faed.cnv
* Sea-Bird SBE19 Data File:
* FileName = C:\Hypoxia_Data_2006\CTD_TH040_081606.hex
* Software Version 1.1.6
* Temperature SN = 2997
* Conductivity SN = 2997
* System UpLoad Time = Aug 17 2006 09:27:36
* SEACAT PROFILER V3.1c SN 2997   08/17/06  09:27:09.137
* strain gauge pressure sensor: S/N = 184829,  range = 3000 psia,  tc = 40
# nquan = 9                                 
# nvalues = 554                         
# units = specified
# name 0 = timeJ: Julian Days
# name 1 = prSM: Pressure, Strain Gauge [db]
# name 2 = c0mS/cm: Conductivity [mS/cm]
# name 3 = t090C: Temperature [ITS-90, deg C]
# name 4 = oxML/L: Oxygen, Beckman/YSI [ml/l]
# name 5 = depSM: Depth [salt water, m], lat = 47.5
# name 6 = sal00: Salinity, Practical [PSU]
# name 7 = sigma-é00: Density [sigma-theta, kg/m^3]
# name 8 = flag: flag
# span 0 = 229.389039, 229.392240       
# span 1 =     -4.507,     39.936       
# span 2 =   0.990912,  37.000672       
# span 3 =     7.8904,    15.3799       
# span 4 =   -2.97819,   38.96501       
# span 5 =     -4.469,     39.599       
# span 6 =     0.6725,    33.6920       
# span 7 =     0.0841,    26.2619       
# span 8 = 0.0000e+00, 0.0000e+00       
# interval = seconds: 0.5
# start_time = Aug 17 2006 09:20:13 [Instrument's time stamp, header]
# bad_flag = -9.990e-29
*END*
[from data line 481]
 229.391823     19.132  35.904266     9.8518    5.01300     18.971    32.8982    25.3360 0.0000e+00
 229.391829     18.659  36.019442     9.9539    5.09237     18.502    32.9225    25.3380 0.0000e+00
 229.391834     18.182  36.111212    10.0598    5.15240     18.029    32.9193    25.3179 0.0000e+00
 229.391840     17.700  36.169594    10.1716    5.18449     17.552    32.8770    25.2661 0.0000e+00
 229.391846     17.213  36.223486    10.2648    5.21163     17.069    32.8471    25.2270 0.0000e+00
 229.391852     16.715  36.287602    10.3259    5.23774     16.575    32.8566    25.2241 0.0000e+00
 229.391858     16.206  36.343500    10.3672    5.22800     16.070    32.8758    25.2320 0.0000e+00
 229.391863     15.686  36.384349    10.4021    5.21456     15.554    32.8855    25.2336 0.0000e+00
 229.391869     15.161  36.418421    10.4313    5.19323     15.034    32.8936    25.2349 0.0000e+00
 229.391875     14.645  36.449643    10.4527    5.18755     14.522    32.9058    25.2407 0.0000e+00
 229.391881     14.152  36.475903    10.4658    5.20203     14.033    32.9205    25.2499 0.0000e+00
 229.391887     13.681  36.498007    10.4724    5.19124     13.566    32.9369    25.2616 0.0000e+00
 229.391892     13.219  36.512900    10.4741    5.21147     13.108    32.9505    25.2719 0.0000e+00
 229.391898     12.758  36.514640    10.4748    5.20053     12.651    32.9519    25.2728 0.0000e+00
 229.391904     12.286  36.507792    10.4819    5.19601     12.183    32.9388    25.2614 0.0000e+00
 229.391910     11.789  36.506226    10.4972    5.21157     11.690    32.9236    25.2469 0.0000e+00
 229.391916     11.275  36.515144    10.5119    5.21631     11.181    32.9195    25.2411 0.0000e+00
 229.391921     10.763  36.529614    10.5179    5.23460     10.673    32.9288    25.2473 0.0000e+00
 229.391927     10.267  36.545941    10.5187    5.24373     10.181    32.9446    25.2596 0.0000e+00
 229.391933      9.789  36.558976    10.5247    5.25448      9.707    32.9525    25.2646 0.0000e+00
 229.391939      9.326  36.563102    10.5386    5.26080      9.248    32.9442    25.2558 0.0000e+00
 229.391944      8.877  36.563823    10.5537    5.26095      8.803    32.9315    25.2433 0.0000e+00
 229.391950      8.448  36.569395    10.5649    5.27288      8.377    32.9272    25.2379 0.0000e+00
 229.391956      8.042  36.579961    10.5724    5.27801      7.975    32.9311    25.2397 0.0000e+00
 229.391962      7.658  36.593348    10.5777    5.28621      7.594    32.9399    25.2457 0.0000e+00
 229.391968      7.294  36.605531    10.5827    5.31001      7.233    32.9478    25.2509 0.0000e+00
 229.391973      6.944  36.609758    10.5926    5.32427      6.886    32.9432    25.2456 0.0000e+00
 229.391979      6.607  36.608304    10.6077    5.36828      6.552    32.9282    25.2314 0.0000e+00
 229.391985      6.283  36.613254    10.6225    5.39514      6.230    32.9200    25.2223 0.0000e+00
 229.391991      5.968  36.626725    10.6432    5.42042      5.918    32.9149    25.2148 0.0000e+00
 229.391997      5.660  36.641440    10.6801    5.45090      5.613    32.8965    25.1940 0.0000e+00
 229.392002      5.355  36.656268    10.7254    5.47172      5.310    32.8706    25.1660 0.0000e+00
 229.392008      5.056  36.675277    10.7648    5.52028      5.014    32.8543    25.1464 0.0000e+00
 229.392014      4.775  36.700821    10.7954    5.55459      4.735    32.8524    25.1396 0.0000e+00
 229.392020      4.518  36.728266    10.8205    5.58830      4.480    32.8573    25.1390 0.0000e+00
 229.392025      4.277  36.744851    10.8475    5.61562      4.241    32.8496    25.1283 0.0000e+00
 229.392031      4.039  36.752502    10.8821    5.63381      4.005    32.8263    25.1041 0.0000e+00
 229.392037      3.796  36.765909    10.9173    5.64918      3.764    32.8082    25.0838 0.0000e+00
 229.392043      3.553  36.786687    10.9481    5.66284      3.523    32.8014    25.0730 0.0000e+00
 229.392049      3.318  36.812815    10.9809    5.66448      3.290    32.7980    25.0646 0.0000e+00
 229.392054      3.087  36.838751    11.0153    5.66323      3.061    32.7931    25.0547 0.0000e+00
 229.392060      2.856  36.855328    11.0410    5.65314      2.832    32.7867    25.0451 0.0000e+00
 229.392066      2.621  36.863899    11.0541    5.62518      2.599    32.7835    25.0404 0.0000e+00
 229.392072      2.385  36.869730    11.0591    5.59324      2.365    32.7849    25.0406 0.0000e+00
 229.392078      2.150  36.873310    11.0617    5.52359      2.132    32.7863    25.0411 0.0000e+00
 229.392083      1.923  36.873244    11.0667    6.55253      1.907    32.7818    25.0368 0.0000e+00
 229.392089      1.711  36.875054    11.0758    6.58692      1.697    32.7756    25.0303 0.0000e+00
 229.392095      1.512  36.881715    11.0933    6.56837      1.499    32.7667    25.0203 0.0000e+00
 229.392101      1.327  36.888650    11.1208    6.48567      1.316    32.7491    25.0017 0.0000e+00
 229.392106      1.158  36.892765    11.1450    6.65518      1.148    32.7317    24.9838 0.0000e+00
 229.392112      1.006  36.872624    11.1543    6.79263      0.998    32.7036    24.9603 0.0000e+00
 229.392118      0.874  36.777819    11.1510    6.93218      0.867    32.6130    24.8905 -9.990e-29
 229.392124      0.759  36.498779    11.1437    7.00729      0.753    32.3444    24.6829 -9.990e-29
 229.392130      0.657  35.705521    11.1404    6.99045      0.652    31.5669    24.0789 -9.990e-29
 229.392135      0.570  33.390294    11.1426    6.90995      0.565    29.3028    22.3190 -9.990e-29
 229.392141      0.502  26.507075    11.1486    6.84114      0.498    22.7116    17.2042 -9.990e-29
 229.392147      0.452  16.072995    11.1567    6.84609      0.448    13.1490     9.7986 -9.990e-29
 229.392153      0.413   8.912342    11.1646    6.95040      0.410     6.9503     4.9977 -9.990e-29
 229.392159      0.378   6.542151    11.1705    7.01557      0.375     4.9867     3.4742 -9.990e-29
 229.392164      0.349   5.582234    11.1736    7.04608      0.346     4.2078     2.8692 -9.990e-29
 229.392170      0.329   4.391820    11.1748    7.27374      0.326     3.2578     2.1309 -9.990e-29
 229.392176      0.317   3.284699    11.1752    7.18155      0.314     2.3925     1.4577 -9.990e-29
 229.392182      0.307   2.714387    11.1755    7.23059      0.304     1.9548     1.1168 -9.990e-29
 229.392188      0.294   2.458713    11.1752 -9.990e-29      0.292     1.7607     0.9656 -9.990e-29
 229.392193      0.282   2.366704    11.1733 -9.990e-29      0.280     1.6912     0.9117 -9.990e-29
 229.392199      0.274   2.321790    11.1681 -9.990e-29      0.272     1.6576     0.8860 -9.990e-29
 229.392205      0.270   2.231878    11.1519 -9.990e-29      0.268     1.5906     0.8355 -9.990e-29
 229.392211      0.270   2.110903    11.1009 -9.990e-29      0.268     1.5019     0.7717 -9.990e-29
 229.392216      0.273   2.016334    10.9457 -9.990e-29      0.271     1.4370     0.7375 -9.990e-29
 229.392222      0.281   1.953108    10.8249 -9.990e-29      0.279     1.3941     0.7165 -9.990e-29
 229.392228      0.292   1.910761    10.9231 -9.990e-29      0.290     1.3587     0.6787 -9.990e-29
 229.392234      0.305   1.896116    11.0254 -9.990e-29      0.302     1.3440     0.6565 -9.990e-29
 229.392240      0.310   1.920177 -9.990e-29 -9.990e-29      0.307 -9.990e-29 -9.990e-29 -9.990e-29
