data/oxygen options/ONMS/Olympic_Coast_National_Marine_Sanctuary_Hypoxia_Survey_CTD_Data_2004_2015/raw_data/2006/CTD_TH035_062006faed.cnv
* Sea-Bird SBE19 Data File:
* FileName = C:\Hypoxia Data\CTDS_TH035_062006.hex
* Software Version 1.1.8
* Temperature SN = 2997
* Conductivity SN = 2997
* System UpLoad Time = Jun 20 2006 12:59:04
* SEACAT PROFILER V3.1c SN 2997   06/20/06  12:58:04.970
* strain gauge pressure sensor: S/N = 184829,  range = 3000 psia,  tc = 40
# nquan = 9                                 
# nvalues = 575                         
# units = specified
# name 0 = timeJ: Julian Days
# name 1 = prSM: Pressure, Strain Gauge [db]
# name 2 = c0mS/cm: Conductivity [mS/cm]
# name 3 = t090C: Temperature [ITS-90, deg C]
# name 4 = oxML/L: Oxygen, Beckman/YSI [ml/l]
# name 5 = depSM: Depth [salt water, m], lat = 47.5
# name 6 = sal00: Salinity, Practical [PSU]
# name 7 = sigma-é00: Density [sigma-theta, kg/m^3]
# name 8 = flag: flag
# span 0 = 171.524352, 171.527674       
# span 1 =     -0.328,     35.087       
# span 2 =   1.425198,  37.812690       
# span 3 =     7.9074,    14.4244       
# span 4 =   -0.07146,   33.28085       
# span 5 =     -0.325,     34.791       
# span 6 =     0.9560,    33.5658       
# span 7 =     0.1784,    26.1609       
# span 8 = 0.0000e+00, 0.0000e+00       
# interval = seconds: 0.5
# start_time = Jun 20 2006 12:35:04 [Instrument's time stamp, header]
# bad_flag = -9.990e-29
*END*
[from data line 321]
 171.526209      2.562  37.788989    14.2758    6.28608      2.541    30.9386    22.9945 -9.990e-29
 171.526215      2.564  37.773717    14.2511    6.26562      2.543    30.9444    23.0040 -9.990e-29
 171.526221      2.571  37.751941    14.2305    6.24961      2.550    30.9411    23.0057 -9.990e-29
 171.526227      2.578  37.742887    14.2270    6.25419      2.556    30.9356    23.0022 -9.990e-29
 171.526233      2.581  37.751318    14.2364    6.27218      2.559    30.9358    23.0004 -9.990e-29
 171.526238      2.580  37.762668    14.2437    6.29869      2.558    30.9403    23.0024 -9.990e-29
 171.526244      2.576  37.767388    14.2412    6.29013      2.554    30.9466    23.0077 -9.990e-29
 171.526250      2.568  37.764490    14.2319    6.28310      2.547    30.9514    23.0134 -9.990e-29
 171.526256      2.555  37.755732    14.2283    6.28286      2.534    30.9463    23.0102 -9.990e-29
 171.526262      2.542  37.753012    14.2370    6.29218      2.521    30.9369    23.0011 -9.990e-29
 171.526267      2.532  37.762808    14.2489    6.30427      2.511    30.9363    22.9982 -9.990e-29
 171.526273      2.523  37.775184    14.2545    6.28006      2.502    30.9431    23.0023 -9.990e-29
 171.526279      2.516  37.780840    14.2548    6.22997      2.495    30.9480    23.0060 -9.990e-29
 171.526285      2.505  37.778915    14.2566    6.20259      2.484    30.9448    23.0032 -9.990e-29
 171.526291      2.491  37.776389    14.2621    6.21868      2.470    30.9381    22.9969 -9.990e-29
 171.526296      2.479  37.776073    14.2627    6.25087      2.458    30.9373    22.9962 -9.990e-29
 171.526302      2.475  37.775311    14.2477    6.29306      2.454    30.9486    23.0080 -9.990e-29
 171.526308      2.478  37.766927    14.2166    6.30669      2.457    30.9659    23.0277 -9.990e-29
 171.526314      2.488  37.741996    14.1855    6.27473      2.467    30.9681    23.0357 -9.990e-29
 171.526319      2.502  37.713853    14.1748    6.22871      2.481    30.9510    23.0247 -9.990e-29
 171.526325      2.511  37.707817    14.1853    6.19676      2.490    30.9371    23.0118 -9.990e-29
 171.526331      2.512  37.723697    14.1988    6.20576      2.491    30.9407    23.0119 -9.990e-29
 171.526337      2.510  37.740591    14.2006    6.23586      2.489    30.9547    23.0223 -9.990e-29
 171.526343      2.513  37.748492    14.1848    6.28826      2.492    30.9746    23.0409 -9.990e-29
 171.526348      2.525  37.740554    14.1514    6.31676      2.504    30.9941    23.0628 -9.990e-29
 171.526354      2.538  37.711814    14.1183    6.30699      2.517    30.9945    23.0698 -9.990e-29
 171.526360      2.541  37.685677    14.1108    6.28779      2.520    30.9766    23.0576 -9.990e-29
 171.526366      2.533  37.686208    14.1312    6.25268      2.512    30.9607    23.0411 -9.990e-29
 171.526372      2.523  37.704576    14.1625    6.23269      2.502    30.9524    23.0283 -9.990e-29
 171.526377      2.519  37.723758    14.1908    6.22628      2.498    30.9472    23.0185 -9.990e-29
 171.526383      2.525  37.741852    14.2068    6.24579      2.504    30.9509    23.0181 -9.990e-29
 171.526389      2.541  37.754946    14.2032    6.27208      2.520    30.9657    23.0303 -9.990e-29
 171.526395      2.563  37.750776    14.1841    6.29142      2.542    30.9772    23.0431 -9.990e-29
 171.526400      2.585  37.735015    14.1649    6.30933      2.563    30.9782    23.0478 -9.990e-29
 171.526406      2.600  37.723686    14.1581    6.28826      2.578    30.9733    23.0454 -9.990e-29
 171.526412      2.604  37.716835    14.1669    6.26794      2.582    30.9600    23.0333 -9.990e-29
 171.526418      2.601  37.715994    14.1888    6.27151      2.579    30.9417    23.0147 -9.990e-29
 171.526424      2.596  37.728464    14.2132    6.26844      2.574    30.9335    23.0034 -9.990e-29
 171.526429      2.593  37.745632    14.2280    6.28728      2.571    30.9373    23.0033 -9.990e-29
 171.526435      2.596  37.758981    14.2307    6.29520      2.574    30.9473    23.0105 -9.990e-29
 171.526441      2.605  37.762199    14.2236    6.28389      2.583    30.9559    23.0186 -9.990e-29
 171.526447      2.620  37.750608    14.2149    6.27976      2.598    30.9523    23.0176 -9.990e-29
 171.526453      2.634  37.745235    14.2151    6.28183      2.612    30.9473    23.0136 -9.990e-29
 171.526458      2.640  37.758561    14.2232    6.28055      2.618    30.9529    23.0163 -9.990e-29
 171.526464      2.641  37.773569    14.2328    6.29266      2.619    30.9589    23.0190 -9.990e-29
 171.526470      2.643  37.781655    14.2406    6.27365      2.621    30.9600    23.0182 -9.990e-29
 171.526476      2.646  37.784609    14.2457    6.25224      2.624    30.9586    23.0161 -9.990e-29
 171.526481      2.649  37.783541    14.2504    6.25405      2.627    30.9539    23.0115 -9.990e-29
 171.526487      2.653  37.782612    14.2549    6.26714      2.631    30.9495    23.0071 -9.990e-29
 171.526493      2.658  37.783362    14.2550    6.28739      2.636    30.9501    23.0076 -9.990e-29
 171.526499      2.664  37.782840    14.2480    6.28845      2.642    30.9552    23.0130 -9.990e-29
 171.526505      2.668  37.779201    14.2382    6.25477      2.646    30.9597    23.0185 -9.990e-29
 171.526510      2.661  37.770934    14.2337    6.23543      2.639    30.9558    23.0164 -9.990e-29
 171.526516      2.642  37.762697    14.2359    6.23545      2.620    30.9465    23.0088 -9.990e-29
 171.526522      2.625  37.762555    14.2379    6.24975      2.603    30.9448    23.0070 -9.990e-29
 171.526528      2.619  37.766366    14.2359    6.28197      2.597    30.9499    23.0114 -9.990e-29
 171.526534      2.625  37.766844    14.2265    6.30894      2.603    30.9578    23.0194 -9.990e-29
 171.526539      2.635  37.758989    14.2119    6.30871      2.613    30.9624    23.0259 -9.990e-29
 171.526545      2.640  37.747450    14.2075    6.29933      2.618    30.9554    23.0214 -9.990e-29
 171.526551      2.633  37.745990    14.2181    6.27229      2.611    30.9456    23.0117 -9.990e-29
 171.526557      2.613  37.754316    14.2324    6.24073      2.591    30.9417    23.0058 -9.990e-29
 171.526563      2.591  37.764425    14.2451    6.22316      2.569    30.9408    23.0024 -9.990e-29
 171.526568      2.579  37.777430    14.2555    6.22748      2.557    30.9443    23.0030 -9.990e-29
 171.526574      2.576  37.788765    14.2585    6.25041      2.554    30.9522    23.0085 -9.990e-29
 171.526580      2.579  37.786586    14.2542    6.27867      2.557    30.9537    23.0105 -9.990e-29
 171.526586      2.586  37.774135    14.2478    6.29381      2.564    30.9474    23.0070 -9.990e-29
 171.526591      2.594  37.759474    14.2395    6.30127      2.572    30.9407    23.0036 -9.990e-29
 171.526597      2.600  37.746033    14.2323    6.28518      2.578    30.9342    23.0000 -9.990e-29
 171.526603      2.603  37.741111    14.2364    6.28002      2.581    30.9265    22.9932 -9.990e-29
 171.526609      2.604  37.749901    14.2518    6.27213      2.582    30.9222    22.9867 -9.990e-29
 171.526615      2.608  37.765016    14.2651    6.25712      2.586    30.9253    22.9864 -9.990e-29
 171.526620      2.618  37.775162    14.2686    6.23787      2.596    30.9317    22.9906 -9.990e-29
 171.526626      2.631  37.780943    14.2652    6.23453      2.609    30.9397    22.9975 -9.990e-29
 171.526632      2.645  37.779381    14.2573    6.25478      2.623    30.9446    23.0029 -9.990e-29
 171.526638      2.658  37.766123    14.2464    6.27554      2.636    30.9412    23.0025 -9.990e-29
 171.526644      2.673  37.754888    14.2312    6.29226      2.651    30.9432    23.0072 -9.990e-29
 171.526649      2.691  37.750306    14.2093    6.30574      2.669    30.9565    23.0219 -9.990e-29
 171.526655      2.712  37.742312    14.1936    6.30127      2.689    30.9618    23.0292 -9.990e-29
 171.526661      2.737  37.737613    14.2024    6.30641      2.714    30.9505    23.0187 -9.990e-29
 171.526667      2.770  37.746184    14.2294    6.31349      2.747    30.9366    23.0025 -9.990e-29
 171.526672      2.815  37.758100    14.2505    6.29945      2.791    30.9306    22.9935 -9.990e-29
 171.526678      2.884  37.762294    14.2529    6.24817      2.860    30.9325    22.9945 -9.990e-29
 171.526684      2.981  37.763215    14.2385    6.16628      2.956    30.9448    23.0069 -9.990e-29
 171.526690      3.105  37.759265    14.2106    6.05920      3.079    30.9635    23.0271 -9.990e-29
 171.526696      3.259  37.743469    14.1677    5.96476      3.232    30.9834    23.0512 0.0000e+00
 171.526701      3.452  37.719423    14.1000    5.88354      3.423    31.0158    23.0900 0.0000e+00
 171.526707      3.688  37.681408    13.9959    5.81243      3.657    31.0648    23.1490 0.0000e+00
 171.526713      3.962  37.620786    13.8484    5.73844      3.929    31.1283    23.2279 0.0000e+00
 171.526719      4.268  37.540293    13.6634    5.65116      4.232    31.2043    23.3237 0.0000e+00
 171.526725      4.605  37.450392    13.4580    5.56498      4.567    31.2887    23.4298 0.0000e+00
 171.526730      4.973  37.359649    13.2518    5.44974      4.931    31.3735    23.5361 0.0000e+00
 171.526736      5.378  37.269886    13.0684    5.31542      5.333    31.4410    23.6241 0.0000e+00
 171.526742      5.817  37.187596    12.9112    5.17177      5.768    31.4940    23.6957 0.0000e+00
 171.526748      6.282  37.107912    12.7595    5.06185      6.229    31.5451    23.7645 0.0000e+00
 171.526753      6.774  37.018787    12.6024    4.95801      6.717    31.5921    23.8308 0.0000e+00
 171.526759      7.281  36.926448    12.4395    4.87924      7.220    31.6410    23.8996 0.0000e+00
 171.526765      7.791  36.836760    12.2703    4.81887      7.726    31.6980    23.9757 0.0000e+00
 171.526771      8.304  36.746218    12.0916    4.77651      8.235    31.7625    24.0590 0.0000e+00
 171.526777      8.819  36.649613    11.9095    4.76065      8.745    31.8245    24.1408 0.0000e+00
 171.526782      9.332  36.552724    11.7504    4.72522      9.254    31.8667    24.2027 0.0000e+00
 171.526788      9.843  36.474973    11.6278    4.64963      9.761    31.8964    24.2480 0.0000e+00
 171.526794     10.351  36.419221    11.5330    4.46419     10.264    31.9235    24.2863 0.0000e+00
 171.526800     10.852  36.374467    11.4522    4.23249     10.761    31.9494    24.3209 0.0000e+00
 171.526806     11.345  36.332042    11.3692    4.05335     11.250    31.9795    24.3592 0.0000e+00
 171.526811     11.831  36.283020    11.2630    3.90554     11.732    32.0234    24.4123 0.0000e+00
 171.526817     12.316  36.214732    11.1072    3.78516     12.213    32.0917    24.4930 0.0000e+00
 171.526823     12.799  36.115184    10.8766    3.63128     12.692    32.1950    24.6139 0.0000e+00
 171.526829     13.279  35.976699    10.5578    3.45899     13.168    32.3385    24.7807 0.0000e+00
 171.526834     13.754  35.793522    10.1895    3.33670     13.639    32.4828    24.9556 0.0000e+00
 171.526840     14.226  35.601815     9.8695    3.27981     14.107    32.5765    25.0819 0.0000e+00
 171.526846     14.690  35.462801     9.6591    3.24613     14.567    32.6251    25.1543 0.0000e+00
 171.526852     15.151  35.383979     9.5245    3.21297     15.024    32.6666    25.2085 0.0000e+00
 171.526858     15.615  35.332526     9.3915    3.16191     15.484    32.7350    25.2833 0.0000e+00
 171.526863     16.087  35.279604     9.2327    3.11722     15.952    32.8259    25.3796 0.0000e+00
 171.526869     16.571  35.220233     9.0855    3.08928     16.432    32.8999    25.4608 0.0000e+00
 171.526875     17.068  35.169432     8.9785    3.07967     16.925    32.9459    25.5136 0.0000e+00
 171.526881     17.575  35.131765     8.8896    3.05432     17.428    32.9889    25.5611 0.0000e+00
 171.526887     18.091  35.095094     8.7872    3.03389     17.939    33.0458    25.6214 0.0000e+00
 171.526892     18.609  35.051427     8.6737    3.02251     18.453    33.1058    25.6860 0.0000e+00
 171.526898     19.120  35.003635     8.5738    2.99462     18.960    33.1491    25.7351 0.0000e+00
 171.526904     19.618  34.957497     8.5011    2.98851     19.453    33.1686    25.7614 0.0000e+00
 171.526910     20.104  34.920991     8.4535    2.98978     19.935    33.1746    25.7734 0.0000e+00
 171.526916     20.579  34.896998     8.4258    2.98987     20.406    33.1752    25.7780 0.0000e+00
 171.526921     21.039  34.882652     8.4133    2.99028     20.862    33.1716    25.7770 0.0000e+00
 171.526927     21.488  34.875056     8.4092    2.99110     21.308    33.1672    25.7742 0.0000e+00
 171.526933     21.934  34.870222     8.4048    2.96132     21.750    33.1660    25.7740 0.0000e+00
 171.526939     22.378  34.865043     8.3943    2.93945     22.190    33.1702    25.7789 0.0000e+00
 171.526944     22.828  34.859319     8.3794    2.90789     22.636    33.1780    25.7872 0.0000e+00
 171.526950     23.290  34.853804     8.3629    2.88116     23.094    33.1875    25.7972 0.0000e+00
 171.526956     23.764  34.848968     8.3426    2.85611     23.564    33.2014    25.8111 0.0000e+00
 171.526962     24.242  34.845065     8.3110    2.82073     24.038    33.2269    25.8358 0.0000e+00
 171.526968     24.716  34.841909     8.2608    2.77996     24.508    33.2708    25.8778 0.0000e+00
 171.526973     25.185  34.840311     8.1944    2.74206     24.973    33.3319    25.9356 0.0000e+00
 171.526979     25.651  34.842033     8.1248    2.71030     25.435    33.3997    25.9991 0.0000e+00
 171.526985     26.111  34.845413     8.0669    2.68852     25.891    33.4583    26.0537 0.0000e+00
 171.526991     26.571  34.845945     8.0277    2.67137     26.348    33.4962    26.0892 0.0000e+00
 171.526997     27.033  34.843179     8.0039    2.65976     26.806    33.5158    26.1081 0.0000e+00
 171.527002     27.497  34.839561     7.9890    2.65745     27.266    33.5260    26.1183 0.0000e+00
 171.527008     27.958  34.835844     7.9784    2.65184     27.723    33.5320    26.1245 0.0000e+00
 171.527014     28.411  34.832090     7.9702    2.64369     28.172    33.5356    26.1286 0.0000e+00
 171.527020     28.851  34.828873     7.9639    2.63953     28.608    33.5380    26.1314 0.0000e+00
 171.527025     29.275  34.826364     7.9591    2.62268     29.029    33.5397    26.1335 0.0000e+00
 171.527031     29.686  34.824552     7.9560    2.62205     29.436    33.5406    26.1346 0.0000e+00
 171.527037     30.084  34.823801     7.9548    2.62349     29.831    33.5407    26.1349 0.0000e+00
 171.527043     30.472  34.825325     7.9520    2.62283     30.215    33.5449    26.1386 0.0000e+00
 171.527049     30.862  34.825523     7.9431    2.62197     30.602    33.5534    26.1466 0.0000e+00
 171.527054     31.262  34.819585     7.9310    2.61309     30.999    33.5585    26.1524 0.0000e+00
 171.527060     31.671  34.812467     7.9218    2.59398     31.404    33.5595    26.1545 0.0000e+00
 171.527066     32.087  34.808672     7.9161    2.58252     31.817    33.5607    26.1563 0.0000e+00
 171.527072     32.500  34.806476     7.9119    2.58194     32.226    33.5622    26.1581 0.0000e+00
 171.527078     32.908  34.804607     7.9092    2.57671     32.631    33.5626    26.1588 0.0000e+00
 171.527083     33.306  34.803350     7.9079    2.57199     33.025    33.5623    26.1588 0.0000e+00
 171.527089     33.686  34.802683     7.9074    2.56921     33.402    33.5619    26.1585 0.0000e+00
 171.527095     34.036  34.802253     7.9075    2.57563     33.749    33.5612    26.1580 0.0000e+00
 171.527101     34.346  34.802579     7.9091    2.57910     34.057    33.5599    26.1567 0.0000e+00
 171.527106     34.605  34.804633     7.9125    2.58711     34.313    33.5587    26.1552 0.0000e+00
 171.527112     34.808  34.808323     7.9155    2.58292     34.515    33.5597    26.1556 0.0000e+00
 171.527118     34.955  34.810690     7.9160    2.58242     34.660    33.5616    26.1571 -9.990e-29
 171.527124     35.048  34.810939     7.9149    2.57840     34.753    33.5629    26.1582 -9.990e-29
