data/oxygen options/ONMS/Olympic_Coast_National_Marine_Sanctuary_Hypoxia_Survey_CTD_Data_2004_2015/raw_data/2006/CTD_TH040_080306faed.cnv
* Sea-Bird SBE19 Data File:
* FileName = C:\Hypoxia_Data_2006\CTD_TH040_080306.hex
* Software Version 1.1.6
* Temperature SN = 2997
* Conductivity SN = 2997
* System UpLoad Time = Aug 03 2006 11:19:05
* SEACAT PROFILER V3.1c SN 2997   08/03/06  11:18:14.764
* strain gauge pressure sensor: S/N = 184829,  range = 3000 psia,  tc = 40
# nquan = 9                                 
# nvalues = 1214                        
# units = specified
# name 0 = timeJ: Julian Days
# name 1 = prSM: Pressure, Strain Gauge [db]
# name 2 = c0mS/cm: Conductivity [mS/cm]
# name 3 = t090C: Temperature [ITS-90, deg C]
# name 4 = oxML/L: Oxygen, Beckman/YSI [ml/l]
# name 5 = depSM: Depth [salt water, m], lat = 47.5
# name 6 = sal00: Salinity, Practical [PSU]
# name 7 = sigma-é00: Density [sigma-theta, kg/m^3]
# name 8 = flag: flag
# span 0 = 215.457535, 215.464554       
# span 1 =     -4.751,     42.315       
# span 2 =   0.735235,  37.604357       
# span 3 =     7.7025,    12.5786       
# span 4 =   -2.06108,   37.91469       
# span 5 =     -4.711,     41.958       
# span 6 =     0.4788,    33.6339       
# span 7 =    -0.1951,    26.2449       
# span 8 = 0.0000e+00, 0.0000e+00       
# interval = seconds: 0.5
# start_time = Aug 03 2006 10:58:51 [Instrument's time stamp, header]
# bad_flag = -9.990e-29
*END*
[from data line 961]
 215.463096     41.629  34.688214     7.7052    2.59763     41.277    33.6300    26.2414 0.0000e+00
 215.463102     41.444  34.688895     7.7049    2.60042     41.094    33.6311    26.2423 0.0000e+00
 215.463108     41.265  34.689120     7.7049    2.59795     40.917    33.6314    26.2426 0.0000e+00
 215.463113     41.108  34.689185     7.7051    2.59654     40.761    33.6314    26.2425 0.0000e+00
 215.463119     40.983  34.689175     7.7050    2.60058     40.637    33.6315    26.2426 -9.990e-29
 215.463125     40.894  34.689074     7.7045    2.60032     40.549    33.6320    26.2430 -9.990e-29
 215.463131     40.842  34.688747     7.7041    2.60941     40.497    33.6320    26.2431 -9.990e-29
 215.463137     40.822  34.688313     7.7037    2.61141     40.477    33.6319    26.2431 -9.990e-29
 215.463142     40.829  34.688315     7.7033    2.60255     40.484    33.6323    26.2435 -9.990e-29
 215.463148     40.855  34.688754     7.7031    2.59773     40.510    33.6330    26.2441 -9.990e-29
 215.463154     40.892  34.689088     7.7031    2.60318     40.547    33.6333    26.2443 -9.990e-29
 215.463160     40.931  34.689200     7.7031    2.59794     40.585    33.6334    26.2444 -9.990e-29
 215.463166     40.952  34.689239     7.7032    2.60952     40.606    33.6334    26.2443 -9.990e-29
 215.463171     40.932  34.689253     7.7034    2.60946     40.586    33.6332    26.2442 -9.990e-29
 215.463177     40.856  34.689255     7.7035    2.60752     40.511    33.6331    26.2441 -9.990e-29
 215.463183     40.736  34.689247     7.7037    2.60095     40.392    33.6330    26.2440 -9.990e-29
 215.463189     40.608  34.689217     7.7039    2.59411     40.265    33.6328    26.2438 -9.990e-29
 215.463194     40.505  34.689124     7.7039    2.59421     40.163    33.6328    26.2438 -9.990e-29
 215.463200     40.444  34.688848     7.7038    2.59700     40.103    33.6326    26.2436 -9.990e-29
 215.463206     40.424  34.688579     7.7037    2.60047     40.083    33.6324    26.2435 -9.990e-29
 215.463212     40.440  34.688518     7.7039    2.60026     40.099    33.6322    26.2433 -9.990e-29
 215.463218     40.479  34.688582     7.7042    2.60968     40.137    33.6319    26.2430 -9.990e-29
 215.463223     40.532  34.688854     7.7043    2.60260     40.190    33.6321    26.2432 -9.990e-29
 215.463229     40.599  34.689133     7.7041    2.60057     40.256    33.6325    26.2436 -9.990e-29
 215.463235     40.677  34.689227     7.7037    2.60730     40.334    33.6330    26.2440 -9.990e-29
 215.463241     40.757  34.689260     7.7034    2.59830     40.413    33.6333    26.2442 -9.990e-29
 215.463247     40.820  34.689272     7.7033    2.60040     40.475    33.6334    26.2443 -9.990e-29
 215.463252     40.859  34.689276     7.7035    2.59846     40.514    33.6332    26.2441 -9.990e-29
 215.463258     40.863  34.689276     7.7038    2.60544     40.518    33.6329    26.2439 -9.990e-29
 215.463264     40.824  34.689269     7.7039    2.60316     40.479    33.6328    26.2438 -9.990e-29
 215.463270     40.753  34.689242     7.7040    2.60092     40.409    33.6327    26.2437 -9.990e-29
 215.463275     40.669  34.689159     7.7044    2.59879     40.326    33.6323    26.2433 -9.990e-29
 215.463281     40.595  34.688910     7.7046    2.60568     40.252    33.6318    26.2429 -9.990e-29
 215.463287     40.541  34.688723     7.7045    2.60327     40.199    33.6317    26.2429 -9.990e-29
 215.463293     40.509  34.688907     7.7047    2.60069     40.167    33.6318    26.2429 -9.990e-29
 215.463299     40.505  34.689147     7.7049    2.60789     40.163    33.6318    26.2429 -9.990e-29
 215.463304     40.538  34.689201     7.7047    2.59895     40.196    33.6321    26.2431 -9.990e-29
 215.463310     40.601  34.689138     7.7039    2.60100     40.258    33.6327    26.2437 -9.990e-29
 215.463316     40.681  34.688872     7.7032    2.59873     40.338    33.6331    26.2441 -9.990e-29
 215.463322     40.762  34.688608     7.7030    2.59652     40.418    33.6330    26.2441 -9.990e-29
 215.463328     40.833  34.688549     7.7030    2.60073     40.488    33.6329    26.2440 -9.990e-29
 215.463333     40.896  34.688613     7.7028    2.60078     40.551    33.6331    26.2442 -9.990e-29
 215.463339     40.957  34.688885     7.7025    2.60087     40.611    33.6337    26.2447 -9.990e-29
 215.463345     41.006  34.689164     7.7025    2.60078     40.660    33.6339    26.2449 -9.990e-29
 215.463351     41.030  34.689258     7.7026    2.60073     40.684    33.6339    26.2449 -9.990e-29
 215.463356     41.021  34.689291     7.7028    2.60065     40.675    33.6338    26.2447 -9.990e-29
 215.463362     40.988  34.689302     7.7032    2.60062     40.642    33.6334    26.2444 -9.990e-29
 215.463368     40.940  34.689305     7.7036    2.59142     40.594    33.6331    26.2440 -9.990e-29
 215.463374     40.885  34.689303     7.7038    2.59002     40.540    33.6329    26.2439 -9.990e-29
 215.463380     40.830  34.689295     7.7036    2.59900     40.485    33.6331    26.2441 -9.990e-29
 215.463385     40.785  34.689267     7.7032    2.60305     40.441    33.6335    26.2444 -9.990e-29
 215.463391     40.753  34.689182     7.7028    2.60726     40.409    33.6338    26.2447 -9.990e-29
 215.463397     40.730  34.688924     7.7028    2.59568     40.386    33.6335    26.2445 -9.990e-29
 215.463403     40.715  34.688710     7.7030    2.59889     40.371    33.6331    26.2442 -9.990e-29
 215.463409     40.711  34.688812     7.7034    2.60083     40.367    33.6328    26.2439 -9.990e-29
 215.463414     40.728  34.688804     7.7036    2.60283     40.384    33.6326    26.2437 -9.990e-29
 215.463420     40.769  34.688674     7.7034    2.60510     40.425    33.6326    26.2437 -9.990e-29
 215.463426     40.830  34.688807     7.7033    2.61039     40.485    33.6329    26.2439 -9.990e-29
 215.463432     40.892  34.688819     7.7035    2.60310     40.547    33.6326    26.2437 -9.990e-29
 215.463438     40.939  34.688720     7.7038    2.60083     40.593    33.6322    26.2434 -9.990e-29
 215.463443     40.965  34.688937     7.7039    2.59876     40.619    33.6324    26.2434 -9.990e-29
 215.463449     40.976  34.689197     7.7038    2.59668     40.630    33.6327    26.2438 -9.990e-29
 215.463455     40.976  34.689284     7.7037    2.60147     40.630    33.6329    26.2439 -9.990e-29
 215.463461     40.966  34.689311     7.7037    2.60102     40.620    33.6330    26.2439 -9.990e-29
 215.463466     40.948  34.689312     7.7037    2.60092     40.602    33.6330    26.2439 -9.990e-29
 215.463472     40.936  34.689287     7.7034    2.60094     40.590    33.6332    26.2442 -9.990e-29
 215.463478     40.937  34.689203     7.7033    2.59155     40.591    33.6332    26.2442 -9.990e-29
 215.463484     40.946  34.688946     7.7035    2.59894     40.600    33.6328    26.2438 -9.990e-29
 215.463490     40.956  34.688732     7.7037    2.60162     40.610    33.6323    26.2435 -9.990e-29
 215.463495     40.962  34.688833     7.7037    2.60331     40.616    33.6324    26.2435 -9.990e-29
 215.463501     40.970  34.688822     7.7035    2.59636     40.624    33.6326    26.2437 -9.990e-29
 215.463507     40.985  34.688681     7.7033    2.59947     40.639    33.6326    26.2438 -9.990e-29
 215.463513     41.007  34.688783     7.7032    2.60089     40.661    33.6328    26.2439 -9.990e-29
 215.463519     41.033  34.688702     7.7030    2.59431     40.686    33.6329    26.2440 -9.990e-29
 215.463524     41.061  34.688326     7.7030    2.59423     40.714    33.6325    26.2437 -9.990e-29
 215.463530     41.097  34.688273     7.7033    2.59963     40.750    33.6322    26.2434 -9.990e-29
 215.463536     41.143  34.688471     7.7037    2.60378     40.796    33.6320    26.2432 -9.990e-29
 215.463542     41.189  34.688622     7.7038    2.60731     40.841    33.6320    26.2432 -9.990e-29
 215.463547     41.226  34.688922     7.7037    2.60573     40.878    33.6324    26.2435 -9.990e-29
 215.463553     41.247  34.689209     7.7036    2.60094     40.899    33.6328    26.2438 -9.990e-29
 215.463559     41.249  34.689303     7.7035    2.60165     40.901    33.6330    26.2440 -9.990e-29
 215.463565     41.240  34.689327     7.7033    2.59234     40.892    33.6332    26.2442 -9.990e-29
 215.463571     41.239  34.689310     7.7032    2.59037     40.891    33.6333    26.2443 -9.990e-29
 215.463576     41.248  34.689232     7.7030    2.59952     40.900    33.6334    26.2444 -9.990e-29
 215.463582     41.259  34.688985     7.7029    2.60368     40.911    33.6332    26.2443 -9.990e-29
 215.463588     41.270  34.688799     7.7031    2.59825     40.921    33.6328    26.2439 -9.990e-29
 215.463594     41.276  34.688983     7.7035    2.60357     40.927    33.6326    26.2437 -9.990e-29
 215.463600     41.278  34.689221     7.7038    2.60146     40.929    33.6326    26.2437 -9.990e-29
 215.463605     41.284  34.689269     7.7040    2.60384     40.935    33.6325    26.2435 -9.990e-29
 215.463611     41.299  34.689187     7.7038    2.59663     40.950    33.6326    26.2436 -9.990e-29
 215.463617     41.321  34.688866     7.7034    2.59984     40.972    33.6326    26.2437 -9.990e-29
 215.463623     41.337  34.688435     7.7032    2.60173     40.988    33.6323    26.2435 -9.990e-29
 215.463628     41.331  34.688438     7.7034    2.59452     40.982    33.6321    26.2433 -9.990e-29
 215.463634     41.299  34.688876     7.7036    2.59504     40.950    33.6324    26.2435 -9.990e-29
 215.463640     41.256  34.689209     7.7036    2.59018     40.908    33.6328    26.2438 -9.990e-29
 215.463646     41.220  34.689320     7.7034    2.60141     40.872    33.6331    26.2441 -9.990e-29
 215.463652     41.203  34.689358     7.7030    2.59791     40.855    33.6336    26.2445 -9.990e-29
 215.463657     41.206  34.689371     7.7028    2.59553     40.858    33.6338    26.2447 -9.990e-29
 215.463663     41.222  34.689377     7.7028    2.59342     40.874    33.6338    26.2447 -9.990e-29
 215.463669     41.227  34.689380     7.7030    2.60013     40.879    33.6336    26.2445 -9.990e-29
 215.463675     41.194  34.689379     7.7034    2.59760     40.846    33.6332    26.2442 -9.990e-29
 215.463681     41.118  34.689370     7.7037    2.60476     40.771    33.6329    26.2439 -9.990e-29
 215.463686     40.997  34.689339     7.7039    2.60454     40.651    33.6328    26.2438 -9.990e-29
 215.463692     40.821  34.689244     7.7040    2.61219     40.476    33.6327    26.2437 0.0000e+00
 215.463698     40.577  34.688956     7.7039    2.60661     40.234    33.6326    26.2436 0.0000e+00
 215.463704     40.272  34.688649     7.7038    2.59945     39.932    33.6325    26.2435 0.0000e+00
 215.463709     39.934  34.688475     7.7040    2.60673     39.597    33.6323    26.2433 0.0000e+00
 215.463715     39.595  34.688204     7.7044    2.60640     39.261    33.6317    26.2429 0.0000e+00
 215.463721     39.270  34.688036     7.7046    2.60103     38.939    33.6315    26.2427 0.0000e+00
 215.463727     38.946  34.688309     7.7046    2.59594     38.617    33.6320    26.2430 0.0000e+00
 215.463733     38.602  34.688825     7.7049    2.61041     38.276    33.6324    26.2433 0.0000e+00
 215.463738     38.226  34.689150     7.7056    2.60701     37.903    33.6323    26.2431 0.0000e+00
 215.463744     37.814  34.689152     7.7062    2.60885     37.495    33.6319    26.2427 0.0000e+00
 215.463750     37.370  34.688834     7.7066    2.60439     37.055    33.6314    26.2422 0.0000e+00
 215.463756     36.910  34.688334     7.7071    2.60672     36.599    33.6306    26.2415 0.0000e+00
 215.463762     36.450  34.688108     7.7081    2.62223     36.143    33.6296    26.2406 0.0000e+00
 215.463767     35.996  34.688416     7.7106    2.61499     35.692    33.6277    26.2388 0.0000e+00
 215.463773     35.545  34.689111     7.7144    2.61972     35.245    33.6250    26.2361 0.0000e+00
 215.463779     35.097  34.689998     7.7176    2.62235     34.801    33.6231    26.2341 0.0000e+00
 215.463785     34.655  34.691138     7.7197    2.62130     34.363    33.6225    26.2333 0.0000e+00
 215.463791     34.215  34.692369     7.7216    2.63026     33.927    33.6222    26.2328 0.0000e+00
 215.463796     33.776  34.693090     7.7235    2.63253     33.491    33.6213    26.2319 0.0000e+00
 215.463802     33.336  34.693141     7.7256    2.63776     33.055    33.6196    26.2302 0.0000e+00
 215.463808     32.892  34.693149     7.7281    2.64673     32.615    33.6174    26.2281 0.0000e+00
 215.463814     32.437  34.693502     7.7312    2.66079     32.164    33.6150    26.2257 0.0000e+00
 215.463819     31.959  34.694110     7.7360    2.68587     31.690    33.6112    26.2221 0.0000e+00
 215.463825     31.454  34.695046     7.7453    2.72235     31.189    33.6035    26.2147 0.0000e+00
 215.463831     30.928  34.696453     7.7625    2.77743     30.668    33.5887    26.2005 0.0000e+00
 215.463837     30.400  34.698358     7.7891    2.81211     30.144    33.5654    26.1784 0.0000e+00
 215.463843     29.882  34.700515     7.8227    2.87229     29.630    33.5356    26.1501 0.0000e+00
 215.463848     29.367  34.701894     7.8558    2.92420     29.120    33.5055    26.1217 0.0000e+00
 215.463854     28.857  34.700990     7.8799    2.96141     28.614    33.4816    26.0994 0.0000e+00
 215.463860     28.371  34.697740     7.8930    2.99537     28.132    33.4658    26.0851 0.0000e+00
 215.463866     27.915  34.693442     7.8994    3.01513     27.680    33.4553    26.0759 0.0000e+00
 215.463872     27.480  34.689115     7.9027    3.05089     27.249    33.4477    26.0694 0.0000e+00
 215.463877     27.049  34.685738     7.9048    3.06475     26.821    33.4423    26.0649 0.0000e+00
 215.463883     26.612  34.683310     7.9081    3.09086     26.388    33.4367    26.0600 0.0000e+00
 215.463889     26.163  34.679730     7.9136    3.11886     25.943    33.4279    26.0522 0.0000e+00
 215.463895     25.704  34.673604     7.9183    3.15848     25.488    33.4170    26.0430 0.0000e+00
 215.463900     25.243  34.665755     7.9202    3.19049     25.031    33.4070    26.0349 0.0000e+00
 215.463906     24.791  34.656950     7.9205    3.21955     24.583    33.3975    26.0274 0.0000e+00
 215.463912     24.343  34.647803     7.9213    3.25714     24.138    33.3872    26.0191 0.0000e+00
 215.463918     23.888  34.639593     7.9229    3.29662     23.687    33.3771    26.0110 0.0000e+00
 215.463924     23.420  34.633163     7.9243    3.32399     23.223    33.3691    26.0045 0.0000e+00
 215.463929     22.934  34.627247     7.9255    3.34195     22.741    33.3618    25.9986 0.0000e+00
 215.463935     22.424  34.619580     7.9266    3.36393     22.236    33.3528    25.9913 0.0000e+00
 215.463941     21.892  34.610612     7.9275    3.39200     21.708    33.3426    25.9832 0.0000e+00
 215.463947     21.353  34.602979     7.9282    3.41071     21.174    33.3340    25.9763 0.0000e+00
 215.463953     20.822  34.597738     7.9289    3.43245     20.647    33.3280    25.9715 0.0000e+00
 215.463958     20.310  34.594087     7.9295    3.45087     20.140    33.3238    25.9681 0.0000e+00
 215.463964     19.808  34.591100     7.9304    3.47309     19.642    33.3199    25.9650 0.0000e+00
 215.463970     19.306  34.588176     7.9325    3.49271     19.144    33.3150    25.9608 0.0000e+00
 215.463976     18.803  34.584796     7.9355    3.49709     18.645    33.3088    25.9555 0.0000e+00
 215.463981     18.305  34.580954     7.9380    3.50798     18.151    33.3026    25.9502 0.0000e+00
 215.463987     17.824  34.577713     7.9397    3.52304     17.674    33.2977    25.9461 0.0000e+00
 215.463993     17.362  34.575817     7.9411    3.54636     17.216    33.2945    25.9434 0.0000e+00
 215.463999     16.908  34.574998     7.9423    3.58082     16.766    33.2927    25.9418 0.0000e+00
 215.464005     16.440  34.574177     7.9449    3.62035     16.302    33.2896    25.9390 0.0000e+00
 215.464010     15.944  34.572277     7.9512    3.65472     15.810    33.2818    25.9319 0.0000e+00
