data/oxygen options/ONMS/Olympic_Coast_National_Marine_Sanctuary_Hypoxia_Survey_CTD_Data_2004_2015/raw_data/2006/CTD_TH030_070606faed.cnv
* Sea-Bird SBE19 Data File:
* FileName = C:\Hypoxia_Data_2006\CTD_TH030_070606.hex
* Software Version 1.1.6
* Temperature SN = 2997
* Conductivity SN = 2997
* System UpLoad Time = Jul 06 2006 17:25:49
* SEACAT PROFILER V3.1c SN 2997   07/06/06  17:25:04.000
* strain gauge pressure sensor: S/N = 184829,  range = 3000 psia,  tc = 40
# nquan = 9                                 
# nvalues = 975                         
# units = specified
# name 0 = timeJ: Julian Days
# name 1 = prSM: Pressure, Strain Gauge [db]
# name 2 = c0mS/cm: Conductivity [mS/cm]
# name 3 = t090C: Temperature [ITS-90, deg C]
# name 4 = oxML/L: Oxygen, Beckman/YSI [ml/l]
# name 5 = depSM: Depth [salt water, m], lat = 47.5
# name 6 = sal00: Salinity, Practical [PSU]
# name 7 = sigma-é00: Density [sigma-theta, kg/m^3]
# name 8 = flag: flag
# span 0 = 187.719144, 187.724780       
# span 1 =     -4.921,     30.991       
# span 2 =   0.639983,  36.916875       
# span 3 =     7.5713,    13.8434       
# span 4 =   -1.68153,   39.97434       
# span 5 =     -4.880,     30.730       
# span 6 =     0.4015,    33.6957       
# span 7 =    -0.4198,    26.3119       
# span 8 = 0.0000e+00, 0.0000e+00       
# interval = seconds: 0.5
# start_time = Jul 06 2006 17:15:34 [Instrument's time stamp, header]
# bad_flag = -9.990e-29
*END*
 187.719144     -4.917 -9.990e-29    13.8434   -0.05868     -4.876 -9.990e-29 -9.990e-29 -9.990e-29
 187.719149     -4.921   0.639983    13.8399   -0.05995     -4.880     0.4015    -0.4198 -9.990e-29
 187.719155     -4.918   0.642116    13.8341   -0.06120     -4.877     0.4029    -0.4178 -9.990e-29
 187.719161     -4.894   0.645740    13.8242   -0.06204     -4.853     0.4054    -0.4146 -9.990e-29
 187.719167     -4.848   0.656798    13.8110   -0.06313     -4.808     0.4127    -0.4070 -9.990e-29
 187.719172     -4.790   0.691329    13.7957   -0.06380     -4.750     0.4354    -0.3873 -9.990e-29
 187.719178     -4.730   0.793153    13.7742   -0.06379     -4.691     0.5025    -0.3323 -9.990e-29
 187.719184     -4.658   1.094337    13.7279   -0.06368     -4.619     0.7036    -0.1699 -9.990e-29
 187.719190     -4.558   1.977041    13.5973   -0.06338     -4.520     1.3128     0.3202 -9.990e-29
 187.719196     -4.423   4.585652    13.2068   -0.06317     -4.386     3.2327     1.8584 -9.990e-29
 187.719201     -4.254  12.375572    12.4793   -0.06299     -4.219     9.5615     6.8431 -9.990e-29
 187.719207     -4.043  24.172929    11.6593   -0.06293     -4.009    20.2470    15.2159 -9.990e-29
 187.719213     -3.791  32.233513    10.9405   -0.06285     -3.759    28.3381    21.6036 -9.990e-29
 187.719219     -3.515  34.999634    10.3233   -0.06281     -3.486    31.5742    24.2245 -9.990e-29
 187.719225     -3.240  35.846864     9.8828   -0.06275     -3.213    32.8214    25.2705 -9.990e-29
 187.719230     -2.993  36.129689     9.6999   -0.06260     -2.968    33.2780    25.6573 -9.990e-29
 187.719236     -2.787  36.319914     9.7131   -0.06258     -2.764    33.4606    25.7977 -9.990e-29
 187.719242     -2.617  36.446140     9.8205   -0.06264     -2.595    33.4898    25.8027 -9.990e-29
 187.719248     -2.473  36.506110     9.9530   -0.06273     -2.452    33.4279    25.7323 -9.990e-29
 187.719253     -2.350  36.543899    10.0695   -0.06273     -2.330    33.3585    25.6586 -9.990e-29
 187.719259     -2.249  36.561116    10.1653   -0.06266     -2.230    33.2877    25.5872 -9.990e-29
 187.719265     -2.167  36.548771    10.2404   -0.06265     -2.149    33.2063    25.5109 -9.990e-29
 187.719271     -2.096  36.496040    10.2924   -0.06271     -2.079    33.1054    25.4234 -9.990e-29
 187.719277     -2.030  36.443717    10.3288   -0.06275     -2.013    33.0195    25.3502 -9.990e-29
 187.719282     -1.974  36.440993    10.3549   -0.06283     -1.958    32.9930    25.3251 -9.990e-29
 187.719288     -1.928  36.498836    10.3694   -0.06292     -1.912    33.0380    25.3577 -9.990e-29
 187.719294     -1.891  36.577690    10.3740   -0.06299     -1.875    33.1132    25.4156 -9.990e-29
 187.719300     -1.854  36.591396    10.3718   -0.06308     -1.839    33.1290    25.4283 -9.990e-29
 187.719306     -1.812  36.521773    10.3690   -0.06303     -1.797    33.0615    25.3761 -9.990e-29
 187.719311     -1.766  36.449914    10.3631   -0.06311     -1.751    32.9944    25.3248 -9.990e-29
 187.719317     -1.722  36.441022    10.3426   -0.06313     -1.708    33.0041    25.3358 -9.990e-29
 187.719323     -1.681  36.489418    10.3166   -0.06310     -1.667    33.0765    25.3967 -9.990e-29
 187.719329     -1.644  36.550241    10.2966   -0.06310     -1.630    33.1561    25.4622 -9.990e-29
 187.719334     -1.615  36.559846    10.2685   -0.06323     -1.602    33.1915    25.4946 -9.990e-29
 187.719340     -1.586  36.499065    10.2155   -0.06327     -1.573    33.1786    25.4935 -9.990e-29
 187.719346     -1.552  36.425431    10.1483   -0.06360     -1.539    33.1656    25.4948 -9.990e-29
 187.719352     -1.514  36.416368    10.0992   -0.06379     -1.501    33.2014    25.5310 -9.990e-29
 187.719358     -1.479  36.468203    10.0794   -0.06381     -1.467    33.2722    25.5896 -9.990e-29
 187.719363     -1.449  36.508667    10.0754   -0.06384     -1.437    33.3169    25.6252 -9.990e-29
 187.719369     -1.422  36.498581    10.0779   -0.06354     -1.410    33.3044    25.6149 -9.990e-29
 187.719375     -1.396  36.441893    10.0751   -0.06338     -1.384    33.2494    25.5725 -9.990e-29
 187.719381     -1.369  36.381962    10.0469   -0.06378     -1.358    33.2145    25.5500 -9.990e-29
 187.719387     -1.340  36.358941     9.9878   -0.06418     -1.329    33.2454    25.5841 -9.990e-29
 187.719392     -1.308  36.358976     9.8859   -0.06416     -1.297    33.3395    25.6745 -9.990e-29
 187.719398     -1.269  36.357433     9.7427   -0.06418     -1.258    33.4708    25.8008 -9.990e-29
 187.719404     -1.226  36.379179     9.6295   -0.06400     -1.216    33.5987    25.9195 -9.990e-29
 187.719410     -1.189  36.436932     9.6075   -0.06391     -1.179    33.6787    25.9856 -9.990e-29
 187.719416     -1.169  36.462930     9.6724   -0.06395     -1.159    33.6446    25.9482 -9.990e-29
 187.719421     -1.163  36.389155     9.7650   -0.06413     -1.153    33.4825    25.8062 -9.990e-29
 187.719427     -1.160  36.243467     9.7734   -0.06435     -1.150    33.3256    25.6823 -9.990e-29
 187.719433     -1.145  36.132330     9.6487   -0.06433     -1.135    33.3274    25.7043 -9.990e-29
 187.719439     -1.119  36.096652     9.4950   -0.06424     -1.110    33.4338    25.8125 -9.990e-29
 187.719444     -1.091  36.110753     9.4352   -0.06415     -1.082    33.5042    25.8773 -9.990e-29
 187.719450     -1.074  36.142359     9.4669   -0.06418     -1.065    33.5071    25.8744 -9.990e-29
 187.719456     -1.065  36.106239     9.5230   -0.06410     -1.056    33.4175    25.7952 -9.990e-29
 187.719462     -1.057  36.009764     9.5520   -0.06412     -1.048    33.2912    25.6918 -9.990e-29
 187.719468     -1.043  35.958803     9.5206   -0.06413     -1.034    33.2680    25.6788 -9.990e-29
 187.719473     -1.024  35.956116     9.4304   -0.06413     -1.015    33.3491    25.7568 -9.990e-29
 187.719479     -0.998  35.972891     9.3407   -0.06421     -0.990    33.4502    25.8504 -9.990e-29
 187.719485     -0.968  36.023081     9.3183   -0.06430     -0.960    33.5231    25.9110 -9.990e-29
 187.719491     -0.940  36.082156     9.3599   -0.06419     -0.932    33.5452    25.9215 -9.990e-29
 187.719497     -0.917  36.090869     9.4104   -0.06419     -0.909    33.5068    25.8834 -9.990e-29
 187.719502     -0.893  36.036159     9.4314   -0.06420     -0.886    33.4307    25.8204 -9.990e-29
 187.719508     -0.862  35.974119     9.4264   -0.06419     -0.855    33.3713    25.7748 -9.990e-29
 187.719514     -0.827  35.978557     9.4144   -0.06421     -0.820    33.3871    25.7891 -9.990e-29
 187.719520     -0.794  36.049789     9.4106   -0.06430     -0.787    33.4642    25.8500 -9.990e-29
 187.719525     -0.770  36.108335     9.4118   -0.06439     -0.764    33.5235    25.8962 -9.990e-29
 187.719531     -0.752  36.099311     9.3980   -0.06447     -0.746    33.5271    25.9012 -9.990e-29
 187.719537     -0.731  36.037618     9.3731   -0.06449     -0.725    33.4867    25.8736 -9.990e-29
 187.719543     -0.706  35.989103     9.3587   -0.06448     -0.700    33.4500    25.8473 -9.990e-29
 187.719549     -0.684  36.013056     9.3578   -0.06440     -0.678    33.4756    25.8674 -9.990e-29
 187.719554     -0.668  36.082512     9.3659   -0.06436     -0.662    33.5398    25.9163 -9.990e-29
 187.719560     -0.656  36.115063     9.3754   -0.06435     -0.651    33.5645    25.9341 -9.990e-29
 187.719566     -0.644  36.087363     9.3662   -0.06437     -0.639    33.5445    25.9200 -9.990e-29
 187.719572     -0.626  36.033169     9.3228   -0.06444     -0.621    33.5292    25.9150 -9.990e-29
 187.719578     -0.602  35.986256     9.2559   -0.06448     -0.597    33.5434    25.9369 -9.990e-29
 187.719583     -0.569  35.983370     9.2007   -0.06453     -0.564    33.5924    25.9840 -9.990e-29
 187.719589     -0.535  36.034124     9.1842   -0.06445     -0.531    33.6606    26.0401 -9.990e-29
 187.719595     -0.510  36.085576     9.2049   -0.06449     -0.506    33.6945    26.0633 -9.990e-29
 187.719601     -0.493  36.085154     9.2375   -0.06447     -0.489    33.6633    26.0336 -9.990e-29
 187.719606     -0.477  36.042396     9.2524   -0.06439     -0.473    33.6049    25.9855 -9.990e-29
 187.719612     -0.463  36.011376     9.2464   -0.06433     -0.459    33.5783    25.9657 -9.990e-29
 187.719618     -0.449  36.028722     9.2370   -0.06434     -0.445    33.6052    25.9883 -9.990e-29
 187.719624     -0.434  36.062036     9.2320   -0.06434     -0.430    33.6445    26.0198 -9.990e-29
 187.719630     -0.417  36.046915     9.2258   -0.06450     -0.414    33.6346    26.0131 -9.990e-29
 187.719635     -0.398  35.978347     9.2138   -0.06462     -0.395    33.5747    25.9682 -9.990e-29
 187.719641     -0.370  35.918617     9.1990   -0.06460     -0.367    33.5267    25.9329 -9.990e-29
 187.719647     -0.336  35.927207     9.1927   -0.06457     -0.333    33.5415    25.9455 -9.990e-29
 187.719653     -0.312  35.992577     9.2143   -0.06451     -0.309    33.5890    25.9792 -9.990e-29
 187.719659     -0.300  36.040332     9.2620   -0.06453     -0.297    33.5936    25.9752 -9.990e-29
 187.719664     -0.291  36.025323     9.3038   -0.06454     -0.289    33.5387    25.9256 -9.990e-29
 187.719670     -0.279  35.965696     9.3159   -0.06465     -0.277    33.4657    25.8665 -9.990e-29
 187.719676     -0.264  35.904815     9.2892   -0.06467     -0.262    33.4277    25.8410 -9.990e-29
 187.719682     -0.241  35.869224     9.2240   21.03301     -0.239    33.4519    25.8704 -9.990e-29
 187.719687     -0.208  35.865890     9.1583   37.51388     -0.206    33.5101    25.9265 -9.990e-29
 187.719693     -0.177  35.901589     9.1389   39.97434     -0.176    33.5655    25.9729 -9.990e-29
 187.719699     -0.153  35.955475     9.1659   35.45367     -0.152    33.5960    25.9925 -9.990e-29
 187.719705     -0.135  35.965320     9.2020   23.61952     -0.134    33.5722    25.9681 -9.990e-29
 187.719711     -0.122  35.906670     9.2144   18.45917     -0.121    33.4997    25.9093 -9.990e-29
 187.719716     -0.109  35.829236     9.1949   18.61374     -0.108    33.4376    25.8639 -9.990e-29
 187.719722     -0.091  35.781806     9.1550   18.69360     -0.090    33.4258    25.8610 -9.990e-29
 187.719728     -0.071  35.768462     9.1202   11.82017     -0.070    33.4446    25.8813 -9.990e-29
 187.719734     -0.052  35.770292     9.1064    3.58059     -0.052    33.4595    25.8951 -9.990e-29
 187.719740     -0.033  35.738127     9.1122   -0.62816     -0.033    33.4206    25.8637 -9.990e-29
 187.719745     -0.017  35.657686     9.1268   -1.68153     -0.017    33.3233    25.7853 -9.990e-29
 187.719751     -0.006  35.592238     9.1308    1.18049     -0.006    33.2515    25.7285 -9.990e-29
 187.719757      0.003  35.557737     9.1157    3.59880      0.003    33.2298    25.7139 -9.990e-29
 187.719763      0.016  35.522219     9.0937    4.33848      0.016    33.2134    25.7046 -9.990e-29
 187.719769      0.034  35.491058     9.0797    4.84150      0.034    33.1941    25.6916 -9.990e-29
 187.719774      0.053  35.487213     9.0750    5.13744      0.053    33.1945    25.6927 -9.990e-29
 187.719780      0.066  35.497146     9.0651    5.31547      0.065    33.2140    25.7095 -9.990e-29
 187.719786      0.075  35.489792     9.0412    5.44504      0.074    33.2287    25.7248 -9.990e-29
 187.719792      0.087  35.476108     9.0170    5.54993      0.086    33.2371    25.7351 -9.990e-29
 187.719797      0.104  35.479920     9.0065    5.62000      0.103    33.2509    25.7476 -9.990e-29
 187.719803      0.118  35.490610     9.0103    5.67921      0.117    33.2584    25.7529 -9.990e-29
 187.719809      0.126  35.498311     9.0241    5.72200      0.125    33.2535    25.7469 -9.990e-29
 187.719815      0.134  35.508248     9.0384    5.75739      0.133    33.2505    25.7423 -9.990e-29
 187.719821      0.148  35.514607     9.0478    5.76661      0.147    33.2483    25.7391 -9.990e-29
 187.719826      0.172  35.515781     9.0543    5.78316      0.171    33.2435    25.7343 -9.990e-29
 187.719832      0.198  35.517271     9.0579    5.80573      0.196    33.2416    25.7323 -9.990e-29
 187.719838      0.222  35.519389     9.0587    5.81581      0.220    33.2431    25.7333 -9.990e-29
 187.719844      0.247  35.519918     9.0593    5.79441      0.245    33.2431    25.7332 -9.990e-29
 187.719850      0.269  35.519010     9.0641    5.78813      0.267    33.2376    25.7282 -9.990e-29
 187.719855      0.287  35.518262     9.0754    5.82708      0.285    33.2263    25.7175 -9.990e-29
 187.719861      0.301  35.520048     9.0899    5.84150      0.298    33.2146    25.7061 -9.990e-29
 187.719867      0.312  35.528629     9.1014    5.83654      0.309    33.2128    25.7028 -9.990e-29
 187.719873      0.324  35.539188     9.1022    5.75090      0.321    33.2230    25.7107 -9.990e-29
 187.719878      0.344  35.535151     9.0862    5.71330      0.341    33.2337    25.7216 -9.990e-29
 187.719884      0.369  35.512262     9.0664    5.71746      0.366    33.2284    25.7206 -9.990e-29
 187.719890      0.390  35.494598     9.0685    5.70125      0.387    33.2081    25.7043 -9.990e-29
 187.719896      0.405  35.498991     9.0921    5.66650      0.402    33.1906    25.6869 -9.990e-29
 187.719902      0.416  35.510545     9.1035    5.60729      0.413    33.1920    25.6862 -9.990e-29
 187.719907      0.422  35.506527     9.0793    5.59816      0.418    33.2104    25.7044 -9.990e-29
 187.719913      0.428  35.478785     9.0425    5.61345      0.424    33.2159    25.7145 -9.990e-29
 187.719919      0.440  35.452038     9.0315    5.62895      0.436    33.1983    25.7025 -9.990e-29
 187.719925      0.454  35.455126     9.0404    5.61794      0.450    33.1932    25.6971 -9.990e-29
 187.719931      0.465  35.473087     9.0364    5.59399      0.461    33.2156    25.7153 -9.990e-29
 187.719936      0.476  35.473784     9.0178    5.60812      0.472    33.2337    25.7324 -9.990e-29
 187.719942      0.486  35.456471     9.0114    5.60676      0.482    33.2217    25.7240 -9.990e-29
 187.719948      0.496  35.450232     9.0246    5.58663      0.492    33.2028    25.7072 -9.990e-29
 187.719954      0.507  35.462450     9.0373    5.57996      0.503    33.2037    25.7058 -9.990e-29
 187.719959      0.520  35.472961     9.0355    5.56734      0.516    33.2163    25.7160 -9.990e-29
 187.719965      0.535  35.467741     9.0233    5.58024      0.531    33.2223    25.7226 -9.990e-29
 187.719971      0.554  35.450495     9.0114    5.61752      0.549    33.2154    25.7191 -9.990e-29
 187.719977      0.577  35.440297     9.0024    5.62736      0.572    33.2132    25.7188 -9.990e-29
 187.719983      0.602  35.440379     8.9938    5.63279      0.597    33.2213    25.7265 -9.990e-29
 187.719988      0.621  35.441875     8.9955    5.66053      0.616    33.2213    25.7262 -9.990e-29
 187.719994      0.633  35.449587     9.0157    5.67437      0.628    33.2104    25.7145 -9.990e-29
 187.720000      0.636  35.467631     9.0416    5.67520      0.631    33.2050    25.7062 -9.990e-29
 187.720006      0.637  35.486974     9.0552    5.64293      0.632    33.2124    25.7099 -9.990e-29
 187.720012      0.644  35.502567     9.0482    5.60036      0.639    33.2352    25.7288 -9.990e-29
 187.720017      0.660  35.499874     9.0248    5.60454      0.654    33.2543    25.7474 -9.990e-29
 187.720023      0.684  35.467457     9.0045    5.63956      0.678    33.2395    25.7390 -9.990e-29
 187.720029      0.708  35.437818     9.0027    5.69517      0.702    33.2103    25.7164 -9.990e-29
 187.720035      0.729  35.438182     9.0181    5.76698      0.723    33.1963    25.7030 -9.990e-29
 187.720041      0.744  35.459498     9.0427    5.82646      0.738    33.1955    25.6986 -9.990e-29
 187.720046      0.750  35.483635     9.0653    5.88073      0.744    33.1995    25.6981 -9.990e-29
 187.720052      0.756  35.500717     9.0797    5.92616      0.750    33.2038    25.6992 -9.990e-29
 187.720058      0.771  35.518385     9.0896    5.93354      0.765    33.2129    25.7048 -9.990e-29
 187.720064      0.791  35.541132     9.0999    5.93699      0.784    33.2269    25.7142 -9.990e-29
