data/oxygen options/ONMS/Olympic_Coast_National_Marine_Sanctuary_Hypoxia_Survey_CTD_Data_2004_2015/raw_data/2006/CTD_TH070_081706faed.cnv
* Sea-Bird SBE19 Data File:
* FileName = C:\Hypoxia_Data_2006\CTD_TH070_081606.hex
* Software Version 1.1.6
* Temperature SN = 2997
* Conductivity SN = 2997
* System UpLoad Time = Aug 17 2006 11:01:21
* SEACAT PROFILER V3.1c SN 2997   08/17/06  11:00:54.815
* strain gauge pressure sensor: S/N = 184829,  range = 3000 psia,  tc = 40
# nquan = 9                                 
# nvalues = 777                         
# units = specified
# name 0 = timeJ: Julian Days
# name 1 = prSM: Pressure, Strain Gauge [db]
# name 2 = c0mS/cm: Conductivity [mS/cm]
# name 3 = t090C: Temperature [ITS-90, deg C]
# name 4 = oxML/L: Oxygen, Beckman/YSI [ml/l]
# name 5 = depSM: Depth [salt water, m], lat = 47.5
# name 6 = sal00: Salinity, Practical [PSU]
# name 7 = sigma-é00: Density [sigma-theta, kg/m^3]
# name 8 = flag: flag
# span 0 = 229.453391, 229.457882       
# span 1 =     -3.075,     71.411       
# span 2 =   4.444168, 177.156234       
# span 3 =     7.6866,    31.8062       
# span 4 =   -0.93429,   33.69101       
# span 5 =     -3.049,     70.803       
# span 6 =     2.7605,   137.4824       
# span 7 =    -2.8257,   102.4129       
# span 8 = 0.0000e+00, 0.0000e+00       
# interval = seconds: 0.5
# start_time = Aug 17 2006 10:52:53 [Instrument's time stamp, header]
# bad_flag = -9.990e-29
*END*
[from data line 481]
 229.456175     15.739  35.796628    10.1785    3.98302     15.607    32.4950    24.9669 0.0000e+00
 229.456181     16.216  35.784725    10.0852    3.95360     16.080    32.5666    25.0384 0.0000e+00
 229.456186     16.714  35.741399     9.9786    3.93137     16.574    32.6186    25.0967 0.0000e+00
 229.456192     17.220  35.671666     9.8667    3.88119     17.076    32.6487    25.1388 0.0000e+00
 229.456198     17.730  35.591721     9.7476    3.80147     17.581    32.6751    25.1789 0.0000e+00
 229.456204     18.236  35.508847     9.6242    3.75251     18.083    32.7024    25.2204 0.0000e+00
 229.456209     18.733  35.423936     9.5090    3.77474     18.576    32.7202    25.2529 0.0000e+00
 229.456215     19.226  35.343700     9.4053    3.83439     19.065    32.7322    25.2790 0.0000e+00
 229.456221     19.725  35.275320     9.2979    3.89979     19.559    32.7599    25.3178 0.0000e+00
 229.456227     20.233  35.204992     9.1615    3.92721     20.063    32.8123    25.3804 0.0000e+00
 229.456233     20.746  35.110708     8.9944    3.96057     20.572    32.8684    25.4505 0.0000e+00
 229.456238     21.264  34.998520     8.8416    3.98204     21.085    32.8928    25.4933 0.0000e+00
 229.456244     21.785  34.904992     8.7434    3.97762     21.602    32.8859    25.5031 0.0000e+00
 229.456250     22.309  34.851741     8.6917    3.96189     22.122    32.8780    25.5047 0.0000e+00
 229.456256     22.829  34.825492     8.6627    3.94051     22.637    32.8772    25.5086 0.0000e+00
 229.456262     23.340  34.808613     8.6431    3.93032     23.144    32.8775    25.5118 0.0000e+00
 229.456267     23.850  34.794851     8.6229    3.90968     23.650    32.8816    25.5181 0.0000e+00
 229.456273     24.368  34.782675     8.5947    3.88506     24.163    32.8948    25.5327 0.0000e+00
 229.456279     24.899  34.768743     8.5532    3.83312     24.690    32.9186    25.5577 0.0000e+00
 229.456285     25.442  34.747930     8.5008    3.75713     25.228    32.9454    25.5866 0.0000e+00
 229.456291     25.997  34.726125     8.4561    3.66707     25.778    32.9639    25.6079 0.0000e+00
 229.456296     26.565  34.726393     8.4334    3.57547     26.342    32.9852    25.6280 0.0000e+00
 229.456302     27.143  34.759733     8.4309    3.49367     26.915    33.0224    25.6576 0.0000e+00
 229.456308     27.721  34.809466     8.4402    3.46243     27.488    33.0659    25.6903 0.0000e+00
 229.456314     28.290  34.853863     8.4496    3.46967     28.052    33.1037    25.7185 0.0000e+00
 229.456319     28.846  34.880342     8.4492    3.49244     28.603    33.1317    25.7405 0.0000e+00
 229.456325     29.391  34.887763     8.4313    3.50513     29.144    33.1561    25.7624 0.0000e+00
 229.456331     29.925  34.877048     8.3860    3.52894     29.673    33.1873    25.7936 0.0000e+00
 229.456337     30.449  34.839514     8.3180    3.53861     30.193    33.2115    25.8228 0.0000e+00
 229.456343     30.960  34.777823     8.2532    3.56223     30.699    33.2071    25.8290 0.0000e+00
 229.456348     31.461  34.721856     8.2075    3.72316     31.196    33.1907    25.8229 0.0000e+00
 229.456354     31.960  34.690054     8.1700    3.56050     31.691    33.1921    25.8296 0.0000e+00
 229.456360     32.456  34.668039     8.1286    3.55234     32.183    33.2077    25.8480 0.0000e+00
 229.456366     32.953  34.643270     8.0875    3.54090     32.675    33.2200    25.8637 0.0000e+00
 229.456372     33.460  34.621406     8.0548    3.53466     33.178    33.2275    25.8744 0.0000e+00
 229.456377     33.988  34.606930     8.0300    3.54025     33.702    33.2354    25.8842 0.0000e+00
 229.456383     34.536  34.592865     8.0090    3.51890     34.245    33.2401    25.8910 0.0000e+00
 229.456389     35.093  34.561574     7.9902    3.51737     34.797    33.2243    25.8813 0.0000e+00
 229.456395     35.646  34.468526     7.9768    3.49328     35.345    33.1374    25.8151 0.0000e+00
 229.456400     36.188  34.181239     7.9721    3.45535     35.883    32.8350    25.5784 0.0000e+00
 229.456406     36.710  33.303200     7.9745    3.40139     36.400    31.8981    24.8428 0.0000e+00
 229.456412     37.212  32.646329     7.9799    3.32719     36.898    31.1965    24.2915 0.0000e+00
 229.456418     37.709  33.318556     7.9842    3.27561     37.391    31.9051    24.8469 0.0000e+00
 229.456424     38.214  34.214479     7.9850    3.24514     37.892    32.8574    25.5941 0.0000e+00
 229.456429     38.725  34.525833     7.9797    3.23757     38.398    33.1944    25.8594 0.0000e+00
 229.456435     39.238  34.638597     7.9650    3.21288     38.907    33.3286    25.9670 0.0000e+00
 229.456441     39.749  34.672842     7.9420    3.19510     39.413    33.3869    26.0161 0.0000e+00
 229.456447     40.261  34.674225     7.9162    3.15622     39.921    33.4128    26.0402 0.0000e+00
 229.456453     40.782  34.665894     7.8933    3.13086     40.438    33.4255    26.0536 0.0000e+00
 229.456458     41.311  34.661406     7.8764    3.11500     40.962    33.4367    26.0648 0.0000e+00
 229.456464     41.837  34.664861     7.8632    3.11632     41.484    33.4528    26.0793 0.0000e+00
 229.456470     42.357  34.669645     7.8454    3.12569     41.999    33.4747    26.0992 0.0000e+00
 229.456476     42.868  34.669235     7.8166    3.12398     42.506    33.5017    26.1245 0.0000e+00
 229.456481     43.369  34.665325     7.7839    3.10899     43.003    33.5287    26.1505 0.0000e+00
 229.456487     43.854  34.664473     7.7600    3.10095     43.483    33.5505    26.1711 0.0000e+00
 229.456493     44.314  34.668337     7.7500    3.07147     43.939    33.5641    26.1832 0.0000e+00
 229.456499     44.754  34.673088     7.7509    3.04511     44.376    33.5681    26.1863 0.0000e+00
 229.456505     45.189  34.675523     7.7538    3.00283     44.807    33.5678    26.1856 0.0000e+00
 229.456510     45.632  34.675523     7.7474    2.95400     45.246    33.5737    26.1912 0.0000e+00
 229.456516     46.092  34.677013     7.7304    2.90576     45.702    33.5915    26.2076 0.0000e+00
 229.456522     46.571  34.681979     7.7135    2.83615     46.177    33.6129    26.2269 0.0000e+00
 229.456528     47.066  34.688070     7.7028    2.76190     46.668    33.6296    26.2415 0.0000e+00
 229.456534     47.570  34.694429     7.6969    2.65852     47.168    33.6419    26.2520 0.0000e+00
 229.456539     48.080  34.702799     7.6933    2.56719     47.673    33.6541    26.2622 0.0000e+00
 229.456545     48.595  34.716485     7.6902    2.48778     48.184    33.6716    26.2764 0.0000e+00
 229.456551     49.114  34.735791     7.6876    2.42810     48.698    33.6947    26.2949 0.0000e+00
 229.456557     49.634  34.755614     7.6866    2.37223     49.214    33.7168    26.3124 0.0000e+00
 229.456562     50.155  34.772104     7.6874    2.32847     49.730    33.7335    26.3255 0.0000e+00
 229.456568     50.668  34.786495     7.6895    2.29663     50.239    33.7468    26.3356 0.0000e+00
 229.456574     51.157  34.801712     7.6924    2.28318     50.724    33.7601    26.3457 0.0000e+00
 229.456580     51.616  34.816733     7.6952    2.25560     51.179    33.7734    26.3557 0.0000e+00
 229.456586     52.047  34.827471     7.6972    2.24115     51.606    33.7828    26.3628 0.0000e+00
 229.456591     52.466  34.833103     7.6990    2.19672     52.022    33.7869    26.3658 0.0000e+00
 229.456597     52.886  34.840576     7.7013    2.16968     52.438    33.7926    26.3699 0.0000e+00
 229.456603     53.316  34.854808     7.7033    2.15099     52.864    33.8057    26.3800 0.0000e+00
 229.456609     53.764  34.869540     7.7046    2.13545     53.308    33.8201    26.3911 0.0000e+00
 229.456615     54.226  34.879179     7.7055    2.13828     53.766    33.8294    26.3983 0.0000e+00
 229.456620     54.699  34.884240     7.7063    2.12964     54.235    33.8339    26.4017 0.0000e+00
 229.456626     55.178  34.886422     7.7067    2.12922     54.710    33.8356    26.4030 0.0000e+00
 229.456632     55.659  34.887510     7.7066    2.13292     55.187    33.8367    26.4038 0.0000e+00
 229.456638     56.139  34.888392     7.7062    2.12679     55.663    33.8378    26.4048 0.0000e+00
 229.456644     56.614  34.889120     7.7057    2.13376     56.134    33.8388    26.4057 0.0000e+00
 229.456649     57.085  34.889542     7.7051    2.12081     56.601    33.8396    26.4064 0.0000e+00
 229.456655     57.555  34.889657     7.7045    2.12008     57.067    33.8401    26.4069 0.0000e+00
 229.456661     58.028  34.889616     7.7041    2.11388     57.536    33.8402    26.4070 0.0000e+00
 229.456667     58.510  34.889363     7.7037    2.11142     58.013    33.8401    26.4070 0.0000e+00
 229.456672     58.996  34.889119     7.7031    2.11463     58.495    33.8402    26.4072 0.0000e+00
 229.456678     59.475  34.889116     7.7028    2.11163     58.970    33.8403    26.4072 0.0000e+00
 229.456684     59.943  34.889347     7.7029    2.12008     59.434    33.8402    26.4072 0.0000e+00
 229.456690     60.408  34.889557     7.7029    2.11692     59.895    33.8402    26.4072 0.0000e+00
 229.456696     60.879  34.889465     7.7028    2.11228     60.362    33.8400    26.4070 0.0000e+00
 229.456701     61.354  34.889506     7.7025    2.10551     60.833    33.8401    26.4072 0.0000e+00
 229.456707     61.832  34.889732     7.7019    2.10577     61.307    33.8407    26.4077 0.0000e+00
 229.456713     62.302  34.889884     7.7016    2.10277     61.773    33.8409    26.4080 0.0000e+00
 229.456719     62.757  34.890161     7.7016    2.10663     62.224    33.8410    26.4080 0.0000e+00
 229.456725     63.191  34.890368     7.7014    2.10211     62.654    33.8412    26.4082 0.0000e+00
 229.456730     63.602  34.890215     7.7011    2.11172     63.061    33.8411    26.4082 0.0000e+00
 229.456736     63.994  34.890057     7.7011    2.10918     63.450    33.8407    26.4079 0.0000e+00
 229.456742     64.376  34.890243     7.7013    2.11835     63.829    33.8406    26.4078 0.0000e+00
 229.456748     64.759  34.890459     7.7014    2.11320     64.208    33.8405    26.4077 0.0000e+00
 229.456753     65.155  34.890433     7.7013    2.10895     64.601    33.8404    26.4077 0.0000e+00
 229.456759     65.570  34.890129     7.7013    2.10151     65.012    33.8399    26.4073 0.0000e+00
 229.456765     66.007  34.889701     7.7015    2.09784     65.446    33.8390    26.4066 0.0000e+00
 229.456771     66.455  34.889698     7.7018    2.09280     65.890    33.8385    26.4061 0.0000e+00
 229.456777     66.902  34.890111     7.7018    2.09308     66.333    33.8387    26.4063 0.0000e+00
 229.456782     67.340  34.890367     7.7015    2.09782     66.767    33.8391    26.4066 0.0000e+00
 229.456788     67.758  34.890246     7.7012    2.08850     67.181    33.8390    26.4066 0.0000e+00
 229.456794     68.152  34.890144     7.7010    2.11400     67.572    33.8389    26.4066 0.0000e+00
 229.456800     68.517  34.890483     7.7009    2.09781     67.934    33.8392    26.4068 0.0000e+00
 229.456806     68.847  34.891152     7.7011    2.10387     68.261    33.8396    26.4071 0.0000e+00
 229.456811     69.145  34.891920     7.7013    2.09373     68.556    33.8401    26.4075 0.0000e+00
 229.456817     69.430  34.892688     7.7014    2.09136     68.839    33.8407    26.4079 0.0000e+00
 229.456823     69.726  34.893919     7.7012    2.08837     69.132    33.8421    26.4090 0.0000e+00
 229.456829     70.037  34.897816     7.7009    2.09289     69.441    33.8464    26.4125 0.0000e+00
 229.456834     70.349  34.910696     7.7010    2.09001     69.750    33.8600    26.4232 0.0000e+00
 229.456840     70.644  34.949727     7.7012    2.09873     70.042    33.9018    26.4560 0.0000e+00
 229.456846     70.911  35.066389     7.7012    2.09396     70.307    34.0275    26.5548 0.0000e+00
 229.456852     71.131  35.152098     7.7011    2.08021     70.525    34.1199    26.6275 0.0000e+00
 229.456858     71.286  35.056439     7.7013    2.08912     70.679    34.0165    26.5461 -9.990e-29
 229.456863     71.376  34.919358     7.7019    2.08857     70.768    33.8680    26.4294 -9.990e-29
 229.456869     71.411  34.859780     7.7024    2.08568     70.803    33.8033    26.3784 -9.990e-29
 229.456875     71.389  34.846493     7.7026    2.09461     70.781    33.7888    26.3670 -9.990e-29
 229.456881     71.305  34.856171     7.7029    2.08330     70.698    33.7990    26.3750 -9.990e-29
 229.456887     71.162  34.868636     7.7033    2.09166     70.556    33.8121    26.3852 0.0000e+00
 229.456892     70.971  34.878078     7.7034    2.09612     70.367    33.8223    26.3932 0.0000e+00
 229.456898     70.748  34.884194     7.7029    2.09342     70.146    33.8294    26.3989 0.0000e+00
 229.456904     70.498  34.888416     7.7022    2.08636     69.898    33.8348    26.4032 0.0000e+00
 229.456910     70.223  34.890775     7.7020    2.08025     69.625    33.8377    26.4055 0.0000e+00
 229.456916     69.927  34.891620     7.7024    2.08973     69.332    33.8383    26.4059 0.0000e+00
 229.456921     69.612  34.891525     7.7029    2.09393     69.019    33.8379    26.4055 0.0000e+00
 229.456927     69.276  34.891494     7.7032    2.08855     68.686    33.8377    26.4053 0.0000e+00
 229.456933     68.914  34.892057     7.7032    2.08406     68.327    33.8385    26.4059 0.0000e+00
 229.456939     68.526  34.892290     7.7027    2.08857     67.943    33.8394    26.4067 0.0000e+00
 229.456944     68.119  34.891952     7.7023    2.08348     67.539    33.8396    26.4070 0.0000e+00
 229.456950     67.716  34.891161     7.7021    2.08559     67.140    33.8392    26.4066 0.0000e+00
 229.456956     67.337  34.889996     7.7020    2.08334     66.764    33.8382    26.4059 0.0000e+00
 229.456962     66.994  34.889156     7.7015    2.09053     66.424    33.8379    26.4057 0.0000e+00
 229.456968     66.677  34.888654     7.7009    2.08734     66.110    33.8381    26.4060 0.0000e+00
 229.456973     66.361  34.888387     7.7008    2.08507     65.797    33.8381    26.4059 0.0000e+00
 229.456979     66.023  34.888568     7.7011    2.08313     65.462    33.8382    26.4059 0.0000e+00
 229.456985     65.645  34.888884     7.7016    2.08110     65.087    33.8382    26.4059 0.0000e+00
 229.456991     65.224  34.889203     7.7021    2.07623     64.669    33.8383    26.4059 0.0000e+00
 229.456997     64.777  34.889400     7.7022    2.08305     64.226    33.8386    26.4061 0.0000e+00
 229.457002     64.326  34.889186     7.7019    2.08538     63.779    33.8389    26.4064 0.0000e+00
 229.457008     63.886  34.888849     7.7017    2.08693     63.343    33.8389    26.4064 0.0000e+00
 229.457014     63.459  34.888509     7.7018    2.07991     62.920    33.8387    26.4062 0.0000e+00
 229.457020     63.042  34.888283     7.7018    2.08242     62.506    33.8386    26.4062 0.0000e+00
 229.457025     62.631  34.888439     7.7021    2.07544     62.099    33.8387    26.4062 0.0000e+00
 229.457031     62.222  34.888634     7.7024    2.08434     61.693    33.8388    26.4062 0.0000e+00
 229.457037     61.818  34.888575     7.7021    2.07879     61.293    33.8392    26.4066 0.0000e+00
 229.457043     61.423  34.888194     7.7017    2.08432     60.901    33.8394    26.4068 0.0000e+00
 229.457049     61.034  34.887552     7.7018    2.07897     60.516    33.8388    26.4063 0.0000e+00
 229.457054     60.642  34.886924     7.7022    2.08364     60.127    33.8379    26.4055 0.0000e+00
 229.457060     60.246  34.886603     7.7026    2.08816     59.734    33.8374    26.4050 0.0000e+00
 229.457066     59.844  34.886728     7.7029    2.08595     59.336    33.8374    26.4050 0.0000e+00
 229.457072     59.434  34.886915     7.7029    2.07889     58.929    33.8378    26.4053 0.0000e+00
 229.457078     59.010  34.886863     7.7024    2.09074     58.509    33.8384    26.4059 0.0000e+00
 229.457083     58.575  34.886511     7.7022    2.08595     58.078    33.8385    26.4059 0.0000e+00
 229.457089     58.135  34.885960     7.7027    2.09534     57.642    33.8376    26.4052 0.0000e+00
