data/oxygen options/ONMS/Olympic_Coast_National_Marine_Sanctuary_Hypoxia_Survey_CTD_Data_2004_2015/raw_data/2006/CTD_TH030_062006faed.cnv
* Sea-Bird SBE19 Data File:
* FileName = C:\Hypoxia Data\CTD_TH030_062006.hex
* Software Version 1.1.8
* Temperature SN = 2997
* Conductivity SN = 2997
* System UpLoad Time = Jun 20 2006 13:00:27
* SEACAT PROFILER V3.1c SN 2997   06/20/06  12:59:17.620
* strain gauge pressure sensor: S/N = 184829,  range = 3000 psia,  tc = 40
# nquan = 9                                 
# nvalues = 513                         
# units = specified
# name 0 = timeJ: Julian Days
# name 1 = prSM: Pressure, Strain Gauge [db]
# name 2 = c0mS/cm: Conductivity [mS/cm]
# name 3 = t090C: Temperature [ITS-90, deg C]
# name 4 = oxML/L: Oxygen, Beckman/YSI [ml/l]
# name 5 = depSM: Depth [salt water, m], lat = 47.5
# name 6 = sal00: Salinity, Practical [PSU]
# name 7 = sigma-é00: Density [sigma-theta, kg/m^3]
# name 8 = flag: flag
# span 0 = 171.533218, 171.536181       
# span 1 =     -4.696,     29.286       
# span 2 =   2.126478,  37.787999       
# span 3 =     8.1786,    14.5873       
# span 4 =   -0.58387,   32.86442       
# span 5 =     -4.657,     29.040       
# span 6 =     1.4382,    33.3941       
# span 7 =     0.4922,    25.9861       
# span 8 = 0.0000e+00, 0.0000e+00       
# interval = seconds: 0.5
# start_time = Jun 20 2006 12:47:50 [Instrument's time stamp, header]
# bad_flag = -9.990e-29
*END*
[from data line 321]
 171.535075      1.924  37.763558    14.5030    5.71383      1.908    30.7348    22.7905 -9.990e-29
 171.535081      1.917  37.764156    14.5040    5.70353      1.901    30.7346    22.7901 -9.990e-29
 171.535087      1.910  37.764124    14.5047    5.72429      1.894    30.7340    22.7895 -9.990e-29
 171.535093      1.909  37.763987    14.5042    5.75976      1.893    30.7343    22.7898 -9.990e-29
 171.535098      1.914  37.764131    14.5009    5.79486      1.898    30.7370    22.7926 -9.990e-29
 171.535104      1.923  37.765877    14.4922    5.80570      1.907    30.7455    22.8010 -9.990e-29
 171.535110      1.934  37.770996    14.4810    5.78567      1.918    30.7590    22.8137 -9.990e-29
 171.535116      1.939  37.777340    14.4776    5.74758      1.923    30.7674    22.8209 -9.990e-29
 171.535122      1.935  37.778784    14.4843    5.72608      1.919    30.7634    22.8164 -9.990e-29
 171.535127      1.919  37.775011    14.4929    5.73662      1.903    30.7532    22.8068 -9.990e-29
 171.535133      1.902  37.771094    14.4977    5.75331      1.886    30.7458    22.8001 -9.990e-29
 171.535139      1.897  37.769115    14.4961    5.77599      1.881    30.7453    22.8000 -9.990e-29
 171.535145      1.909  37.769810    14.4880    5.77036      1.893    30.7524    22.8071 -9.990e-29
 171.535150      1.931  37.773552    14.4793    5.76128      1.915    30.7627    22.8169 -9.990e-29
 171.535156      1.956  37.777480    14.4757    5.75542      1.940    30.7691    22.8225 -9.990e-29
 171.535162      1.975  37.778979    14.4771    5.75969      1.959    30.7693    22.8224 -9.990e-29
 171.535168      1.987  37.778366    14.4803    5.76616      1.970    30.7662    22.8194 -9.990e-29
 171.535174      1.992  37.777074    14.4829    5.76617      1.975    30.7630    22.8164 -9.990e-29
 171.535179      1.990  37.776192    14.4851    5.74841      1.973    30.7604    22.8139 -9.990e-29
 171.535185      1.981  37.775671    14.4902    5.72768      1.964    30.7559    22.8094 -9.990e-29
 171.535191      1.965  37.774824    14.4993    5.72058      1.949    30.7479    22.8014 -9.990e-29
 171.535197      1.945  37.773650    14.5081    5.72865      1.929    30.7399    22.7934 -9.990e-29
 171.535203      1.933  37.772834    14.5122    5.74161      1.917    30.7359    22.7895 -9.990e-29
 171.535208      1.940  37.772980    14.5100    5.76442      1.924    30.7378    22.7914 -9.990e-29
 171.535214      1.967  37.774293    14.5027    5.77912      1.951    30.7448    22.7982 -9.990e-29
 171.535220      2.003  37.776285    14.4961    5.76037      1.986    30.7518    22.8050 -9.990e-29
 171.535226      2.032  37.777689    14.4969    5.71853      2.015    30.7524    22.8053 -9.990e-29
 171.535231      2.045  37.777011    14.5050    5.69700      2.028    30.7454    22.7982 -9.990e-29
 171.535237      2.042  37.775035    14.5170    5.70156      2.025    30.7341    22.7870 -9.990e-29
 171.535243      2.035  37.774742    14.5297    5.72563      2.018    30.7238    22.7765 -9.990e-29
 171.535249      2.036  37.778554    14.5381    5.75673      2.019    30.7206    22.7722 -9.990e-29
 171.535255      2.052  37.782586    14.5353    5.74926      2.035    30.7264    22.7773 -9.990e-29
 171.535260      2.072  37.782125    14.5256    5.72640      2.055    30.7337    22.7849 -9.990e-29
 171.535266      2.083  37.781050    14.5251    5.70391      2.066    30.7331    22.7846 -9.990e-29
 171.535272      2.075  37.781300    14.5373    5.71059      2.058    30.7237    22.7748 -9.990e-29
 171.535278      2.058  37.781523    14.5486    5.73477      2.041    30.7149    22.7657 -9.990e-29
 171.535284      2.047  37.782024    14.5476    5.75230      2.030    30.7162    22.7669 -9.990e-29
 171.535289      2.049  37.780676    14.5334    5.77157      2.032    30.7262    22.7776 -9.990e-29
 171.535295      2.061  37.777376    14.5141    5.77937      2.044    30.7385    22.7910 -9.990e-29
 171.535301      2.075  37.776706    14.5009    5.76931      2.058    30.7483    22.8014 -9.990e-29
 171.535307      2.088  37.778897    14.4981    5.75411      2.071    30.7525    22.8052 -9.990e-29
 171.535313      2.100  37.779014    14.5019    5.72458      2.082    30.7496    22.8021 -9.990e-29
 171.535318      2.113  37.776095    14.5077    5.71619      2.095    30.7424    22.7954 -9.990e-29
 171.535324      2.126  37.772426    14.5133    5.72046      2.108    30.7346    22.7882 -9.990e-29
 171.535330      2.142  37.768918    14.5178    5.73416      2.124    30.7279    22.7821 -9.990e-29
 171.535336      2.160  37.765945    14.5193    5.74609      2.142    30.7240    22.7788 -9.990e-29
 171.535341      2.182  37.764769    14.5164    5.73942      2.164    30.7252    22.7803 -9.990e-29
 171.535347      2.205  37.767170    14.5128    5.73174      2.187    30.7302    22.7849 -9.990e-29
 171.535353      2.227  37.770341    14.5129    5.72704      2.208    30.7330    22.7871 -9.990e-29
 171.535359      2.248  37.770069    14.5151    5.72904      2.229    30.7310    22.7851 -9.990e-29
 171.535365      2.270  37.768777    14.5154    5.73053      2.251    30.7296    22.7839 -9.990e-29
 171.535370      2.299  37.768648    14.5142    5.75424      2.280    30.7304    22.7848 -9.990e-29
 171.535376      2.341  37.768930    14.5132    5.77443      2.321    30.7314    22.7858 -9.990e-29
 171.535382      2.398  37.769978    14.5115    5.79260      2.378    30.7337    22.7879 -9.990e-29
 171.535388      2.474  37.771485    14.5065    5.82691      2.453    30.7390    22.7930 -9.990e-29
 171.535394      2.570  37.773193    14.4979    5.84797      2.549    30.7473    22.8012 -9.990e-29
 171.535399      2.687  37.776239    14.4893    5.89848      2.665    30.7569    22.8104 -9.990e-29
 171.535405      2.838  37.779048    14.4820    5.90754      2.814    30.7652    22.8183 0.0000e+00
 171.535411      3.036  37.779733    14.4709    5.88874      3.011    30.7745    22.8278 0.0000e+00
 171.535417      3.288  37.780867    14.4529    5.85773      3.261    30.7897    22.8432 0.0000e+00
 171.535422      3.595  37.782818    14.4305    5.85246      3.565    30.8092    22.8629 0.0000e+00
 171.535428      3.946  37.780870    14.3997    5.84167      3.913    30.8318    22.8867 0.0000e+00
 171.535434      4.329  37.767348    14.3448    5.81611      4.293    30.8631    22.9221 0.0000e+00
 171.535440      4.734  37.727565    14.2465    5.78453      4.694    30.9052    22.9748 0.0000e+00
 171.535446      5.152  37.651093    14.0841    5.69166      5.109    30.9654    23.0545 0.0000e+00
 171.535451      5.581  37.542548    13.8562    5.51689      5.534    31.0494    23.1654 0.0000e+00
 171.535457      6.021  37.415396    13.6004    5.25693      5.971    31.1394    23.2862 0.0000e+00
 171.535463      6.472  37.281840    13.3648    4.88732      6.418    31.2076    23.3856 0.0000e+00
 171.535469      6.926  37.147208    13.1722    4.54091      6.868    31.2398    23.4483 0.0000e+00
 171.535475      7.379  37.032775    12.9900    4.20134      7.317    31.2825    23.5168 0.0000e+00
 171.535480      7.830  36.944675    12.7613    3.89981      7.765    31.3888    23.6431 0.0000e+00
 171.535486      8.286  36.846180    12.4617    3.63654      8.217    31.5455    23.8215 0.0000e+00
 171.535492      8.755  36.706902    12.0836    3.41321      8.682    31.7314    24.0364 0.0000e+00
 171.535498      9.236  36.509387    11.6306    3.27593      9.159    31.9277    24.2718 0.0000e+00
 171.535503      9.730  36.267341    11.1143    3.15370      9.649    32.1384    24.5280 0.0000e+00
 171.535509     10.238  36.014731    10.5538    3.03724     10.152    32.3814    24.8147 0.0000e+00
 171.535515     10.760  35.771413    10.0114    2.94412     10.670    32.6220    25.0939 0.0000e+00
 171.535521     11.292  35.557824     9.5562    2.86496     11.197    32.8177    25.3214 0.0000e+00
 171.535527     11.832  35.381854     9.2217    2.82374     11.733    32.9437    25.4735 0.0000e+00
 171.535532     12.374  35.252182     9.0035    2.80638     12.270    33.0109    25.5605 0.0000e+00
 171.535538     12.914  35.175295     8.8672    2.79626     12.806    33.0574    25.6181 0.0000e+00
 171.535544     13.445  35.133852     8.7820    2.79272     13.332    33.0933    25.6594 0.0000e+00
 171.535550     13.961  35.108438     8.7244    2.78128     13.844    33.1203    25.6894 0.0000e+00
 171.535556     14.470  35.088685     8.6718    2.77262     14.349    33.1486    25.7197 0.0000e+00
 171.535561     14.982  35.068975     8.6171    2.76436     14.856    33.1790    25.7519 0.0000e+00
 171.535567     15.496  35.048238     8.5656    2.75990     15.366    33.2054    25.7804 0.0000e+00
 171.535573     16.005  35.029643     8.5218    2.75387     15.871    33.2268    25.8039 0.0000e+00
 171.535579     16.509  35.015284     8.4884    2.75131     16.371    33.2429    25.8216 0.0000e+00
 171.535584     17.009  35.005055     8.4663    2.74104     16.866    33.2527    25.8326 0.0000e+00
 171.535590     17.507  34.998748     8.4535    2.72885     17.360    33.2579    25.8386 0.0000e+00
 171.535596     17.996  34.995780     8.4467    2.72698     17.845    33.2610    25.8421 0.0000e+00
 171.535602     18.473  34.994972     8.4422    2.71203     18.318    33.2641    25.8452 0.0000e+00
 171.535608     18.947  34.995222     8.4370    2.70079     18.788    33.2691    25.8499 0.0000e+00
 171.535613     19.422  34.995159     8.4305    2.70057     19.259    33.2750    25.8555 0.0000e+00
 171.535619     19.894  34.994118     8.4232    2.68116     19.727    33.2805    25.8610 0.0000e+00
 171.535625     20.368  34.992372     8.4130    2.67774     20.197    33.2881    25.8685 0.0000e+00
 171.535631     20.853  34.989253     8.3963    2.66999     20.678    33.3004    25.8806 0.0000e+00
 171.535637     21.344  34.983943     8.3734    2.64871     21.165    33.3162    25.8965 0.0000e+00
 171.535642     21.831  34.977192     8.3493    2.63868     21.648    33.3317    25.9122 0.0000e+00
 171.535648     22.310  34.968946     8.3276    2.62942     22.123    33.3433    25.9246 0.0000e+00
 171.535654     22.791  34.958280     8.3098    2.62555     22.600    33.3486    25.9315 0.0000e+00
 171.535660     23.277  34.947772     8.2964    2.62356     23.081    33.3500    25.9345 0.0000e+00
 171.535666     23.762  34.940212     8.2850    2.61579     23.562    33.3526    25.9383 0.0000e+00
 171.535671     24.237  34.932787     8.2723    2.61235     24.033    33.3565    25.9433 0.0000e+00
 171.535677     24.700  34.923425     8.2583    2.61060     24.492    33.3597    25.9478 0.0000e+00
 171.535683     25.148  34.914762     8.2438    2.60845     24.937    33.3640    25.9534 0.0000e+00
 171.535689     25.590  34.907560     8.2299    2.61266     25.375    33.3694    25.9597 0.0000e+00
 171.535694     26.032  34.901169     8.2187    2.60566     25.813    33.3730    25.9643 0.0000e+00
 171.535700     26.473  34.896577     8.2113    2.59727     26.250    33.3750    25.9669 0.0000e+00
 171.535706     26.905  34.893806     8.2059    2.59616     26.679    33.3770    25.9693 0.0000e+00
 171.535712     27.327  34.891381     8.1998    2.59491     27.097    33.3800    25.9726 0.0000e+00
 171.535718     27.739  34.888292     8.1923    2.58834     27.506    33.3837    25.9766 0.0000e+00
 171.535723     28.134  34.884883     8.1851    2.58622     27.897    33.3867    25.9800 0.0000e+00
 171.535729     28.494  34.882197     8.1802    2.59113     28.254    33.3883    25.9820 0.0000e+00
 171.535735     28.804  34.881114     8.1786    2.59013     28.562    33.3886    25.9825 0.0000e+00
 171.535741     29.048  34.882410     8.1809    2.59011     28.804    33.3876    25.9814 0.0000e+00
 171.535747     29.212  34.886109     8.1859    2.59256     28.966    33.3867    25.9799 -9.990e-29
 171.535752     29.286  34.888707     8.1880    2.58591     29.040    33.3875    25.9802 -9.990e-29
 171.535758     29.262  34.887478     8.1855    2.59002     29.016    33.3886    25.9814 -9.990e-29
 171.535764     29.141  34.886933     8.1829    2.59343     28.896    33.3905    25.9833 -9.990e-29
 171.535770     28.943  34.889132     8.1823    2.59466     28.699    33.3935    25.9858 0.0000e+00
 171.535775     28.688  34.890257     8.1831    2.59951     28.447    33.3941    25.9861 0.0000e+00
 171.535781     28.391  34.890669     8.1848    2.59100     28.152    33.3930    25.9850 0.0000e+00
 171.535787     28.057  34.892022     8.1870    2.58041     27.821    33.3925    25.9843 0.0000e+00
 171.535793     27.697  34.893299     8.1885    2.57725     27.464    33.3926    25.9841 0.0000e+00
 171.535799     27.321  34.893940     8.1901    2.56739     27.091    33.3920    25.9834 0.0000e+00
 171.535804     26.939  34.893664     8.1928    2.56967     26.712    33.3893    25.9809 0.0000e+00
 171.535810     26.553  34.892645     8.1970    2.58178     26.330    33.3844    25.9764 0.0000e+00
 171.535816     26.155  34.892873     8.2032    2.58619     25.935    33.3789    25.9712 0.0000e+00
 171.535822     25.747  34.894635     8.2100    2.60749     25.531    33.3745    25.9667 0.0000e+00
 171.535828     25.335  34.895216     8.2151    2.60894     25.122    33.3705    25.9628 0.0000e+00
 171.535833     24.929  34.893690     8.2186    2.61983     24.719    33.3657    25.9585 0.0000e+00
 171.535839     24.528  34.892494     8.2246    2.62607     24.322    33.3589    25.9523 0.0000e+00
 171.535845     24.115  34.895065     8.2389    2.61847     23.912    33.3483    25.9418 0.0000e+00
 171.535851     23.673  34.903127     8.2604    2.61427     23.474    33.3366    25.9294 0.0000e+00
 171.535856     23.202  34.914512     8.2795    2.61232     23.007    33.3308    25.9220 0.0000e+00
 171.535862     22.726  34.924195     8.2908    2.62760     22.535    33.3306    25.9201 0.0000e+00
 171.535868     22.264  34.929371     8.2972    2.63128     22.077    33.3302    25.9189 0.0000e+00
 171.535874     21.818  34.931884     8.3044    2.63618     21.635    33.3262    25.9147 0.0000e+00
 171.535880     21.376  34.935067     8.3189    2.64755     21.196    33.3161    25.9045 0.0000e+00
 171.535885     20.927  34.940343     8.3437    2.66042     20.751    33.2984    25.8869 0.0000e+00
 171.535891     20.468  34.947435     8.3707    2.66985     20.296    33.2805    25.8689 0.0000e+00
 171.535897     20.009  34.954567     8.3888    2.66999     19.841    33.2712    25.8588 0.0000e+00
 171.535903     19.554  34.959461     8.3975    2.68356     19.390    33.2683    25.8553 0.0000e+00
 171.535909     19.101  34.961900     8.4020    2.68582     18.941    33.2669    25.8535 0.0000e+00
 171.535914     18.647  34.962875     8.4059    2.69812     18.491    33.2644    25.8509 0.0000e+00
 171.535920     18.187  34.963109     8.4117    2.72452     18.034    33.2594    25.8461 0.0000e+00
 171.535926     17.719  34.962898     8.4201    2.74211     17.570    33.2515    25.8386 0.0000e+00
 171.535932     17.238  34.962503     8.4296    2.76533     17.093    33.2423    25.8300 0.0000e+00
 171.535937     16.744  34.961941     8.4409    2.78891     16.604    33.2313    25.8196 0.0000e+00
 171.535943     16.240  34.961569     8.4582    2.79805     16.104    33.2148    25.8041 0.0000e+00
 171.535949     15.728  34.963120     8.4843    2.82607     15.596    33.1921    25.7823 0.0000e+00
 171.535955     15.210  34.968085     8.5151    2.81883     15.083    33.1686    25.7592 0.0000e+00
 171.535961     14.691  34.975217     8.5425    2.84509     14.568    33.1506    25.7410 0.0000e+00
 171.535966     14.180  34.983355     8.5666    2.90528     14.061    33.1368    25.7265 0.0000e+00
 171.535972     13.681  34.994928     8.5929    3.00505     13.566    33.1245    25.7128 0.0000e+00
 171.535978     13.186  35.008527     8.6220    3.14360     13.076    33.1117    25.6984 0.0000e+00
 171.535984     12.698  35.020394     8.6556    3.26791     12.592    33.0929    25.6785 0.0000e+00
 171.535990     12.221  35.032880     8.7075    3.29463     12.119    33.0577    25.6430 0.0000e+00
