data/oxygen options/ONMS/Olympic_Coast_National_Marine_Sanctuary_Hypoxia_Survey_CTD_Data_2004_2015/raw_data/2006/CTD_TH050_070606faed.cnv
* Sea-Bird SBE19 Data File:
* FileName = C:\Hypoxia_Data_2006\CTD_TH050_070606.hex
* Software Version 1.1.6
* Temperature SN = 2997
* Conductivity SN = 2997
* System UpLoad Time = Jul 06 2006 16:32:42
* SEACAT PROFILER V3.1c SN 2997   07/06/06  16:32:02.874
* strain gauge pressure sensor: S/N = 184829,  range = 3000 psia,  tc = 40
# nquan = 9                                 
# nvalues = 1231                        
# units = specified
# name 0 = timeJ: Julian Days
# name 1 = prSM: Pressure, Strain Gauge [db]
# name 2 = c0mS/cm: Conductivity [mS/cm]
# name 3 = t090C: Temperature [ITS-90, deg C]
# name 4 = oxML/L: Oxygen, Beckman/YSI [ml/l]
# name 5 = depSM: Depth [salt water, m], lat = 47.5
# name 6 = sal00: Salinity, Practical [PSU]
# name 7 = sigma-é00: Density [sigma-theta, kg/m^3]
# name 8 = flag: flag
# span 0 = 187.679977, 187.687095       
# span 1 =     -4.668,     50.570       
# span 2 =   2.983281,  37.244644       
# span 3 =     7.5248,    13.4645       
# span 4 =   -0.07703,   36.23650       
# span 5 =     -4.629,     50.142       
# span 6 =     2.1452,    33.7750       
# span 7 =     1.0649,    26.3812       
# span 8 = 0.0000e+00, 0.0000e+00       
# interval = seconds: 0.5
# start_time = Jul 06 2006 16:19:10 [Instrument's time stamp, header]
# bad_flag = -9.990e-29
*END*
[from data line 321]
 187.681834      1.433  36.569013    12.2786    6.71632      1.421    31.4375    23.7720 -9.990e-29
 187.681840      1.423  36.571927    12.2833    6.69282      1.411    31.4364    23.7703 -9.990e-29
 187.681846      1.408  36.573514    12.2883    6.69770      1.396    31.4337    23.7673 -9.990e-29
 187.681852      1.396  36.576456    12.2939    6.71196      1.384    31.4318    23.7648 -9.990e-29
 187.681858      1.386  36.580757    12.2978    6.74045      1.374    31.4326    23.7647 -9.990e-29
 187.681863      1.378  36.583741    12.2965    6.76153      1.366    31.4366    23.7680 -9.990e-29
 187.681869      1.380  36.582099    12.2886    6.75110      1.368    31.4416    23.7734 -9.990e-29
 187.681875      1.393  36.570841    12.2801    6.71421      1.381    31.4380    23.7722 -9.990e-29
 187.681881      1.407  36.559083    12.2798    6.67796      1.395    31.4270    23.7637 -9.990e-29
 187.681887      1.416  36.560881    12.2859    6.66018      1.404    31.4236    23.7599 -9.990e-29
 187.681892      1.416  36.569659    12.2898    6.69798      1.404    31.4287    23.7632 -9.990e-29
 187.681898      1.412  36.574126    12.2869    6.74561      1.400    31.4354    23.7689 -9.990e-29
 187.681904      1.414  36.572390    12.2726    6.78878      1.402    31.4458    23.7796 -9.990e-29
 187.681910      1.434  36.562143    12.2467    6.79012      1.422    31.4577    23.7937 -9.990e-29
 187.681916      1.462  36.542069    12.2216    6.74010      1.450    31.4596    23.7998 -9.990e-29
 187.681921      1.484  36.522429    12.2132    6.70754      1.472    31.4479    23.7923 -9.990e-29
 187.681927      1.489  36.518545    12.2225    6.70251      1.477    31.4363    23.7816 -9.990e-29
 187.681933      1.477  36.529726    12.2382    6.71865      1.465    31.4338    23.7767 -9.990e-29
 187.681939      1.459  36.542832    12.2520    6.74655      1.447    31.4348    23.7749 -9.990e-29
 187.681944      1.448  36.554028    12.2544    6.75930      1.436    31.4435    23.7812 -9.990e-29
 187.681950      1.451  36.555252    12.2409    6.74948      1.439    31.4560    23.7934 -9.990e-29
 187.681956      1.468  36.540289    12.2257    6.74565      1.456    31.4544    23.7951 -9.990e-29
 187.681962      1.484  36.527901    12.2230    6.75103      1.472    31.4449    23.7881 -9.990e-29
 187.681968      1.487  36.529621    12.2286    6.75230      1.475    31.4418    23.7847 -9.990e-29
 187.681973      1.485  36.537082    12.2321    6.74575      1.473    31.4460    23.7873 -9.990e-29
 187.681979      1.487  36.542846    12.2316    6.74385      1.475    31.4519    23.7920 -9.990e-29
 187.681985      1.489  36.544508    12.2302    6.74560      1.477    31.4547    23.7944 -9.990e-29
 187.681991      1.486  36.543729    12.2293    6.75616      1.474    31.4547    23.7946 -9.990e-29
 187.681997      1.483  36.543398    12.2282    6.76254      1.471    31.4553    23.7953 -9.990e-29
 187.682002      1.488  36.543081    12.2262    6.75952      1.476    31.4567    23.7967 -9.990e-29
 187.682008      1.501  36.541237    12.2250    6.76040      1.488    31.4559    23.7963 -9.990e-29
 187.682014      1.511  36.539901    12.2283    6.75691      1.498    31.4519    23.7926 -9.990e-29
 187.682020      1.513  36.542342    12.2361    6.75494      1.500    31.4477    23.7878 -9.990e-29
 187.682025      1.516  36.546768    12.2425    6.76096      1.503    31.4465    23.7858 -9.990e-29
 187.682031      1.526  36.548989    12.2429    6.76398      1.513    31.4483    23.7871 -9.990e-29
 187.682037      1.541  36.548045    12.2390    6.77767      1.528    31.4507    23.7896 -9.990e-29
 187.682043      1.560  36.544929    12.2346    6.78786      1.547    31.4514    23.7910 -9.990e-29
 187.682049      1.579  36.542782    12.2327    6.78960      1.566    31.4509    23.7910 -9.990e-29
 187.682054      1.595  36.544354    12.2348    6.78460      1.582    31.4506    23.7904 -9.990e-29
 187.682060      1.600  36.547815    12.2410    6.76937      1.587    31.4487    23.7878 -9.990e-29
 187.682066      1.595  36.550493    12.2501    6.74097      1.582    31.4437    23.7821 -9.990e-29
 187.682072      1.588  36.553157    12.2595    6.71718      1.575    31.4383    23.7762 -9.990e-29
 187.682078      1.583  36.557121    12.2672    6.71330      1.570    31.4357    23.7727 -9.990e-29
 187.682083      1.579  36.562067    12.2728    6.72692      1.566    31.4357    23.7717 -9.990e-29
 187.682089      1.577  36.567491    12.2752    6.75207      1.564    31.4389    23.7737 -9.990e-29
 187.682095      1.575  36.571653    12.2714    6.76458      1.562    31.4460    23.7800 -9.990e-29
 187.682101      1.575  36.569635    12.2609    6.76436      1.562    31.4529    23.7873 -9.990e-29
 187.682106      1.576  36.559314    12.2498    6.75134      1.563    31.4524    23.7889 -9.990e-29
 187.682112      1.578  36.548437    12.2451    6.72782      1.565    31.4459    23.7848 -9.990e-29
 187.682118      1.577  36.544942    12.2482    6.70259      1.564    31.4400    23.7796 -9.990e-29
 187.682124      1.568  36.548096    12.2562    6.70022      1.555    31.4363    23.7753 -9.990e-29
 187.682130      1.556  36.554256    12.2640    6.71623      1.543    31.4356    23.7733 -9.990e-29
 187.682135      1.548  36.559858    12.2661    6.72275      1.535    31.4392    23.7757 -9.990e-29
 187.682141      1.547  36.560598    12.2605    6.73382      1.534    31.4446    23.7809 -9.990e-29
 187.682147      1.551  36.553541    12.2512    6.72620      1.538    31.4457    23.7835 -9.990e-29
 187.682153      1.553  36.541063    12.2441    6.71535      1.540    31.4397    23.7802 -9.990e-29
 187.682159      1.555  36.532336    12.2432    6.71413      1.542    31.4321    23.7745 -9.990e-29
 187.682164      1.557  36.534237    12.2473    6.70103      1.544    31.4305    23.7724 -9.990e-29
 187.682170      1.559  36.542572    12.2501    6.70825      1.546    31.4361    23.7763 -9.990e-29
 187.682176      1.561  36.549944    12.2478    6.72074      1.548    31.4451    23.7837 -9.990e-29
 187.682182      1.563  36.553287    12.2421    6.72777      1.550    31.4531    23.7909 -9.990e-29
 187.682188      1.565  36.552015    12.2379    6.74299      1.552    31.4554    23.7935 -9.990e-29
 187.682193      1.568  36.548925    12.2360    6.73968      1.555    31.4540    23.7928 -9.990e-29
 187.682199      1.571  36.544386    12.2336    6.73482      1.558    31.4517    23.7914 -9.990e-29
 187.682205      1.575  36.537958    12.2329    6.73074      1.562    31.4461    23.7873 -9.990e-29
 187.682211      1.580  36.536783    12.2365    6.73939      1.567    31.4420    23.7834 -9.990e-29
 187.682216      1.586  36.542103    12.2413    6.74264      1.573    31.4430    23.7833 -9.990e-29
 187.682222      1.594  36.546990    12.2440    6.75250      1.581    31.4454    23.7847 -9.990e-29
 187.682228      1.604  36.548990    12.2428    6.75404      1.591    31.4484    23.7871 -9.990e-29
 187.682234      1.617  36.547409    12.2377    6.75472      1.603    31.4511    23.7902 -9.990e-29
 187.682240      1.634  36.542389    12.2326    6.75516      1.620    31.4506    23.7908 -9.990e-29
 187.682245      1.651  36.539019    12.2322    6.73491      1.637    31.4477    23.7886 -9.990e-29
 187.682251      1.662  36.541222    12.2380    6.71463      1.648    31.4449    23.7854 -9.990e-29
 187.682257      1.661  36.546328    12.2469    6.69973      1.647    31.4423    23.7817 -9.990e-29
 187.682263      1.655  36.550492    12.2540    6.70975      1.641    31.4404    23.7789 -9.990e-29
 187.682269      1.650  36.553101    12.2555    6.73035      1.636    31.4416    23.7795 -9.990e-29
 187.682274      1.651  36.555958    12.2505    6.74355      1.637    31.4485    23.7858 -9.990e-29
 187.682280      1.658  36.556145    12.2424    6.74212      1.644    31.4555    23.7928 -9.990e-29
 187.682286      1.667  36.548305    12.2370    6.73457      1.653    31.4525    23.7915 -9.990e-29
 187.682292      1.674  36.538257    12.2378    6.71052      1.660    31.4423    23.7834 -9.990e-29
 187.682297      1.680  36.536166    12.2426    6.71555      1.666    31.4362    23.7778 -9.990e-29
 187.682303      1.680  36.541492    12.2464    6.71997      1.666    31.4381    23.7785 -9.990e-29
 187.682309      1.676  36.546755    12.2469    6.72318      1.662    31.4427    23.7820 -9.990e-29
 187.682315      1.675  36.550000    12.2442    6.71354      1.661    31.4481    23.7867 -9.990e-29
 187.682321      1.681  36.551634    12.2383    6.70274      1.667    31.4546    23.7928 -9.990e-29
 187.682326      1.695  36.546548    12.2325    6.72034      1.681    31.4546    23.7939 -9.990e-29
 187.682332      1.714  36.537501    12.2333    6.73906      1.700    31.4453    23.7865 -9.990e-29
 187.682338      1.729  36.534870    12.2381    6.76859      1.715    31.4387    23.7806 -9.990e-29
 187.682344      1.738  36.536833    12.2373    6.77253      1.723    31.4413    23.7827 -9.990e-29
 187.682350      1.741  36.536474    12.2300    6.74187      1.726    31.4471    23.7885 -9.990e-29
 187.682355      1.739  36.532762    12.2263    6.69958      1.724    31.4466    23.7889 -9.990e-29
 187.682361      1.731  36.530848    12.2327    6.68345      1.717    31.4394    23.7821 -9.990e-29
 187.682367      1.717  36.536598    12.2438    6.69404      1.703    31.4356    23.7771 -9.990e-29
 187.682373      1.700  36.544777    12.2509    6.73127      1.686    31.4375    23.7772 -9.990e-29
 187.682378      1.692  36.550027    12.2495    6.76489      1.678    31.4437    23.7823 -9.990e-29
 187.682384      1.701  36.548139    12.2372    6.77765      1.687    31.4522    23.7912 -9.990e-29
 187.682390      1.719  36.530992    12.2225    6.75713      1.705    31.4481    23.7908 -9.990e-29
 187.682396      1.735  36.510507    12.2182    6.73284      1.721    31.4321    23.7792 -9.990e-29
 187.682402      1.740  36.508735    12.2221    6.71351      1.725    31.4272    23.7746 -9.990e-29
 187.682407      1.731  36.521631    12.2264    6.69618      1.717    31.4359    23.7806 -9.990e-29
 187.682413      1.716  36.533296    12.2299    6.71673      1.702    31.4441    23.7863 -9.990e-29
 187.682419      1.707  36.540776    12.2293    6.72572      1.693    31.4518    23.7923 -9.990e-29
 187.682425      1.707  36.540589    12.2216    6.74613      1.693    31.4581    23.7986 -9.990e-29
 187.682431      1.717  36.530808    12.2093    6.76886      1.703    31.4591    23.8017 -9.990e-29
 187.682436      1.732  36.520274    12.1976    6.76334      1.718    31.4588    23.8037 -9.990e-29
 187.682442      1.746  36.513457    12.1937    6.73708      1.731    31.4555    23.8019 -9.990e-29
 187.682448      1.750  36.513048    12.2002    6.69953      1.735    31.4497    23.7961 -9.990e-29
 187.682454      1.741  36.520183    12.2104    6.69537      1.726    31.4480    23.7929 -9.990e-29
 187.682459      1.726  36.527551    12.2179    6.70745      1.712    31.4487    23.7921 -9.990e-29
 187.682465      1.717  36.532080    12.2210    6.73869      1.703    31.4504    23.7928 -9.990e-29
 187.682471      1.719  36.533084    12.2171    6.78253      1.705    31.4547    23.7968 -9.990e-29
 187.682477      1.730  36.525736    12.2048    6.78810      1.716    31.4580    23.8017 -9.990e-29
 187.682483      1.749  36.510343    12.1932    6.78182      1.734    31.4530    23.8000 -9.990e-29
 187.682488      1.762  36.498359    12.1920    6.75405      1.747    31.4425    23.7921 -9.990e-29
 187.682494      1.762  36.501294    12.1983    6.71120      1.747    31.4400    23.7890 -9.990e-29
 187.682500      1.754  36.514085    12.2058    6.68942      1.739    31.4460    23.7922 -9.990e-29
 187.682506      1.746  36.528550    12.2136    6.69015      1.731    31.4533    23.7964 -9.990e-29
 187.682512      1.745  36.544345    12.2213    6.70447      1.730    31.4619    23.8017 -9.990e-29
 187.682517      1.756  36.555050    12.2250    6.71830      1.741    31.4690    23.8065 -9.990e-29
 187.682523      1.775  36.554750    12.2216    6.73375      1.760    31.4716    23.8091 -9.990e-29
 187.682529      1.796  36.545294    12.2120    6.74038      1.781    31.4706    23.8102 -9.990e-29
 187.682535      1.814  36.530346    12.2026    6.74900      1.799    31.4642    23.8069 -9.990e-29
 187.682541      1.831  36.519147    12.2001    6.75030      1.816    31.4556    23.8007 -9.990e-29
 187.682546      1.844  36.518647    12.2036    6.75305      1.829    31.4522    23.7974 -9.990e-29
 187.682552      1.850  36.523131    12.2064    6.75788      1.835    31.4541    23.7984 -9.990e-29
 187.682558      1.852  36.525118    12.2049    6.74546      1.837    31.4573    23.8011 -9.990e-29
 187.682564      1.857  36.523898    12.2006    6.73198      1.841    31.4597    23.8038 -9.990e-29
 187.682569      1.863  36.521779    12.1972    6.73402      1.847    31.4605    23.8051 -9.990e-29
 187.682575      1.871  36.521547    12.1969    6.73904      1.855    31.4606    23.8052 -9.990e-29
 187.682581      1.878  36.523458    12.1989    6.74730      1.862    31.4607    23.8049 -9.990e-29
 187.682587      1.879  36.525012    12.2011    6.76154      1.863    31.4603    23.8042 -9.990e-29
 187.682593      1.880  36.523799    12.2013    6.75010      1.864    31.4590    23.8031 -9.990e-29
 187.682598      1.879  36.518204    12.2012    6.72527      1.863    31.4537    23.7991 -9.990e-29
 187.682604      1.873  36.513675    12.2058    6.72625      1.857    31.4455    23.7919 -9.990e-29
 187.682610      1.862  36.517640    12.2154    6.73221      1.846    31.4413    23.7868 -9.990e-29
 187.682616      1.844  36.525854    12.2229    6.74275      1.829    31.4428    23.7866 -9.990e-29
 187.682622      1.827  36.531324    12.2224    6.76378      1.812    31.4485    23.7911 -9.990e-29
 187.682627      1.822  36.530129    12.2138    6.75368      1.807    31.4546    23.7974 -9.990e-29
 187.682633      1.830  36.520123    12.2051    6.74139      1.815    31.4523    23.7972 -9.990e-29
 187.682639      1.839  36.512091    12.2050    6.74613      1.824    31.4447    23.7914 -9.990e-29
 187.682645      1.835  36.516078    12.2105    6.74840      1.820    31.4439    23.7897 -9.990e-29
 187.682650      1.823  36.524501    12.2148    6.74505      1.808    31.4484    23.7924 -9.990e-29
 187.682656      1.820  36.530082    12.2154    6.74043      1.805    31.4532    23.7960 -9.990e-29
 187.682662      1.828  36.531294    12.2123    6.72420      1.813    31.4570    23.7995 -9.990e-29
 187.682668      1.841  36.527515    12.2089    6.71705      1.826    31.4562    23.7995 -9.990e-29
 187.682674      1.851  36.524929    12.2086    6.73443      1.836    31.4540    23.7979 -9.990e-29
 187.682679      1.853  36.526821    12.2092    6.75869      1.838    31.4553    23.7988 -9.990e-29
 187.682685      1.853  36.527866    12.2051    6.77039      1.838    31.4597    23.8030 -9.990e-29
 187.682691      1.854  36.524973    12.1939    6.74833      1.839    31.4664    23.8102 -9.990e-29
 187.682697      1.857  36.518215    12.1831    6.70497      1.841    31.4690    23.8143 -9.990e-29
 187.682703      1.857  36.511487    12.1835    6.69741      1.841    31.4622    23.8089 -9.990e-29
 187.682708      1.847  36.512089    12.1948    6.71814      1.832    31.4533    23.7999 -9.990e-29
 187.682714      1.829  36.518579    12.2065    6.75229      1.814    31.4497    23.7949 -9.990e-29
 187.682720      1.820  36.525032    12.2075    6.78472      1.805    31.4550    23.7989 -9.990e-29
 187.682726      1.828  36.523230    12.1949    6.77317      1.813    31.4639    23.8081 -9.990e-29
 187.682731      1.848  36.505731    12.1821    6.76878      1.833    31.4579    23.8058 -9.990e-29
 187.682737      1.869  36.489596    12.1831    6.75491      1.853    31.4416    23.7930 -9.990e-29
 187.682743      1.881  36.493700    12.1925    6.73688      1.865    31.4376    23.7882 -9.990e-29
 187.682749      1.883  36.507247    12.2006    6.72619      1.867    31.4437    23.7914 -9.990e-29
