data/oxygen options/ONMS/Olympic_Coast_National_Marine_Sanctuary_Hypoxia_Survey_CTD_Data_2004_2015/raw_data/2006/CTD_TH060_060706faed.cnv
* Sea-Bird SBE19 Data File:
* FileName = C:\Hypoxia_Data_2006\CTD_TH060_060706.hex
* Software Version 1.1.6
* Temperature SN = 2997
* Conductivity SN = 2997
* System UpLoad Time = Jun 07 2006 11:26:25
* SEACAT PROFILER V3.1c SN 2997   06/07/06  11:25:45.606
* strain gauge pressure sensor: S/N = 184829,  range = 3000 psia,  tc = 40
# nquan = 9                                 
# nvalues = 676                         
# units = specified
# name 0 = timeJ: Julian Days
# name 1 = prSM: Pressure, Strain Gauge [db]
# name 2 = c0mS/cm: Conductivity [mS/cm]
# name 3 = t090C: Temperature [ITS-90, deg C]
# name 4 = oxML/L: Oxygen, Beckman/YSI [ml/l]
# name 5 = depSM: Depth [salt water, m], lat = 47.5
# name 6 = sal00: Salinity, Practical [PSU]
# name 7 = sigma-é00: Density [sigma-theta, kg/m^3]
# name 8 = flag: flag
# span 0 = 158.471528, 158.475434       
# span 1 =     -5.126,     59.475       
# span 2 =   0.480953,  37.073844       
# span 3 =     8.2707,    15.7589       
# span 4 =   -0.06815,   31.53188       
# span 5 =     -5.083,     58.970       
# span 6 =     0.2919,    33.4928       
# span 7 =    -0.6482,    26.0497       
# span 8 = 0.0000e+00, 0.0000e+00       
# interval = seconds: 0.5
# start_time = Jun 07 2006 11:19:00 [Instrument's time stamp, header]
# bad_flag = -9.990e-29
*END*
[from data line 161]
 158.472459     -0.267  32.741343    15.7582    6.51234     -0.265    25.4116    18.4383 -9.990e-29
 158.472465     -0.256  32.740319    15.7577    6.50307     -0.254    25.4111    18.4380 -9.990e-29
 158.472471     -0.241  32.738094    15.7570    6.49130     -0.239    25.4096    18.4370 -9.990e-29
 158.472477     -0.225  32.736760    15.7568    6.49457     -0.223    25.4086    18.4362 -9.990e-29
 158.472483     -0.212  32.737918    15.7570    6.49861     -0.210    25.4094    18.4369 -9.990e-29
 158.472488     -0.199  32.739202    15.7570    6.49839     -0.197    25.4105    18.4377 -9.990e-29
 158.472494     -0.187  32.739534    15.7565    6.49918     -0.185    25.4111    18.4383 -9.990e-29
 158.472500     -0.171  32.739374    15.7561    6.50292     -0.170    25.4112    18.4384 -9.990e-29
 158.472506     -0.149  32.738522    15.7561    6.50539     -0.148    25.4105    18.4379 -9.990e-29
 158.472512     -0.128  32.738099    15.7564    6.50657     -0.127    25.4100    18.4374 -9.990e-29
 158.472517     -0.113  32.738679    15.7566    6.50625     -0.112    25.4103    18.4376 -9.990e-29
 158.472523     -0.100  32.739366    15.7568    6.49693     -0.099    25.4108    18.4379 -9.990e-29
 158.472529     -0.091  32.739412    15.7569    6.49576     -0.090    25.4107    18.4379 -9.990e-29
 158.472535     -0.084  32.738891    15.7566    6.49632     -0.083    25.4105    18.4378 -9.990e-29
 158.472541     -0.074  32.738246    15.7556    6.49810     -0.073    25.4106    18.4380 -9.990e-29
 158.472546     -0.056  32.737191    15.7541    6.50719     -0.056    25.4106    18.4384 -9.990e-29
 158.472552     -0.039  32.734895    15.7528    6.50829     -0.039    25.4095    18.4378 -9.990e-29
 158.472558     -0.030  32.732237    15.7526    6.50791     -0.030    25.4073    18.4362 -9.990e-29
 158.472564     -0.023  32.731851    15.7534    6.49999     -0.023    25.4065    18.4354 -9.990e-29
 158.472569     -0.013  32.733800    15.7545    6.48955     -0.013    25.4074    18.4359 -9.990e-29
 158.472575     -0.001  32.735652    15.7550    6.48859     -0.001    25.4087    18.4367 -9.990e-29
 158.472581      0.014  32.736528    15.7546    6.49607      0.014    25.4097    18.4376 -9.990e-29
 158.472587      0.034  32.736490    15.7534    6.50968      0.034    25.4104    18.4384 -9.990e-29
 158.472593      0.055  32.735503    15.7522    6.51206      0.055    25.4104    18.4386 -9.990e-29
 158.472598      0.071  32.734506    15.7519    6.50489      0.070    25.4097    18.4381 -9.990e-29
 158.472604      0.077  32.734426    15.7525    6.49927      0.076    25.4092    18.4377 -9.990e-29
 158.472610      0.075  32.735170    15.7533    6.49628      0.074    25.4094    18.4376 -9.990e-29
 158.472616      0.068  32.736065    15.7538    6.49937      0.067    25.4098    18.4378 -9.990e-29
 158.472622      0.065  32.736636    15.7539    6.50168      0.064    25.4102    18.4381 -9.990e-29
 158.472627      0.069  32.736540    15.7536    6.49390      0.068    25.4103    18.4383 -9.990e-29
 158.472633      0.078  32.735664    15.7534    6.49394      0.077    25.4097    18.4379 -9.990e-29
 158.472639      0.086  32.735098    15.7535    6.49933      0.085    25.4092    18.4374 -9.990e-29
 158.472645      0.095  32.735222    15.7535    6.50232      0.094    25.4093    18.4375 -9.990e-29
 158.472650      0.104  32.735095    15.7532    6.51168      0.103    25.4094    18.4376 -9.990e-29
 158.472656      0.116  32.734563    15.7530    6.51173      0.115    25.4090    18.4374 -9.990e-29
 158.472662      0.125  32.734052    15.7529    6.50878      0.124    25.4086    18.4371 -9.990e-29
 158.472668      0.129  32.734017    15.7528    6.50569      0.128    25.4087    18.4372 -9.990e-29
 158.472674      0.128  32.734424    15.7530    6.50426      0.127    25.4089    18.4373 -9.990e-29
 158.472679      0.125  32.734711    15.7532    6.50273      0.124    25.4090    18.4374 -9.990e-29
 158.472685      0.130  32.734717    15.7531    6.49755      0.129    25.4091    18.4374 -9.990e-29
 158.472691      0.146  32.734462    15.7526    6.49134      0.145    25.4092    18.4376 -9.990e-29
 158.472697      0.171  32.733622    15.7521    6.49688      0.170    25.4088    18.4374 -9.990e-29
 158.472703      0.198  32.732213    15.7518    6.49355      0.196    25.4077    18.4367 -9.990e-29
 158.472708      0.219  32.731176    15.7516    6.50259      0.217    25.4070    18.4361 -9.990e-29
 158.472714      0.228  32.730824    15.7515    6.50516      0.226    25.4067    18.4360 -9.990e-29
 158.472720      0.226  32.730699    15.7516    6.50153      0.224    25.4066    18.4358 -9.990e-29
 158.472726      0.219  32.731210    15.7517    6.49775      0.217    25.4069    18.4361 -9.990e-29
 158.472731      0.214  32.732496    15.7519    6.49247      0.212    25.4079    18.4368 -9.990e-29
 158.472737      0.212  32.733484    15.7524    6.49440      0.210    25.4085    18.4371 -9.990e-29
 158.472743      0.223  32.733823    15.7528    6.50201      0.221    25.4085    18.4370 -9.990e-29
 158.472749      0.248  32.733981    15.7526    6.50731      0.246    25.4087    18.4373 -9.990e-29
 158.472755      0.275  32.733062    15.7520    6.50737      0.273    25.4083    18.4371 -9.990e-29
 158.472760      0.293  32.731538    15.7520    6.50290      0.291    25.4070    18.4361 -9.990e-29
 158.472766      0.298  32.731875    15.7529    6.49382      0.296    25.4067    18.4357 -9.990e-29
 158.472772      0.293  32.733416    15.7541    6.48652      0.291    25.4073    18.4358 -9.990e-29
 158.472778      0.283  32.734307    15.7549    6.49157      0.281    25.4075    18.4359 -9.990e-29
 158.472784      0.287  32.734628    15.7550    6.50054      0.285    25.4077    18.4360 -9.990e-29
 158.472789      0.309  32.734264    15.7541    6.50598      0.306    25.4080    18.4364 -9.990e-29
 158.472795      0.336  32.731623    15.7528    6.50085      0.333    25.4066    18.4356 -9.990e-29
 158.472801      0.358  32.726002    15.7528    6.49579      0.355    25.4017    18.4319 -9.990e-29
 158.472807      0.368  32.721131    15.7541    6.48845      0.365    25.3967    18.4277 -9.990e-29
 158.472813      0.367  32.717817    15.7551    6.48951      0.364    25.3932    18.4249 -9.990e-29
 158.472818      0.367  32.717820    15.7554    6.50344      0.364    25.3930    18.4247 -9.990e-29
 158.472824      0.377  32.725085    15.7554    6.50080      0.374    25.3993    18.4294 -9.990e-29
 158.472830      0.393  32.731378    15.7553    6.49707      0.390    25.4047    18.4336 -9.990e-29
 158.472836      0.408  32.732210    15.7555    6.49128      0.405    25.4053    18.4340 -9.990e-29
 158.472841      0.417  32.732628    15.7558    6.48828      0.414    25.4055    18.4341 -9.990e-29
 158.472847      0.423  32.733206    15.7555    6.49732      0.419    25.4062    18.4347 -9.990e-29
 158.472853      0.429  32.733046    15.7543    6.50322      0.425    25.4068    18.4354 -9.990e-29
 158.472859      0.441  32.731953    15.7524    6.49720      0.437    25.4071    18.4360 -9.990e-29
 158.472865      0.454  32.729605    15.7504    6.49520      0.450    25.4063    18.4359 -9.990e-29
 158.472870      0.465  32.725688    15.7496    6.49370      0.461    25.4035    18.4339 -9.990e-29
 158.472876      0.476  32.722280    15.7504    6.49493      0.472    25.4000    18.4311 -9.990e-29
 158.472882      0.486  32.722700    15.7519    6.50378      0.482    25.3994    18.4303 -9.990e-29
 158.472888      0.496  32.724720    15.7529    6.50344      0.492    25.4005    18.4309 -9.990e-29
 158.472894      0.507  32.725442    15.7534    6.50288      0.503    25.4008    18.4310 -9.990e-29
 158.472899      0.520  32.726406    15.7535    6.49646      0.516    25.4016    18.4316 -9.990e-29
 158.472905      0.535  32.727789    15.7527    6.49085      0.531    25.4033    18.4331 -9.990e-29
 158.472911      0.553  32.727526    15.7509    6.49925      0.548    25.4042    18.4342 -9.990e-29
 158.472917      0.576  32.726404    15.7493    6.50128      0.571    25.4043    18.4345 -9.990e-29
 158.472922      0.600  32.726306    15.7490    6.51086      0.595    25.4044    18.4347 -9.990e-29
 158.472928      0.619  32.726554    15.7497    6.51690      0.614    25.4041    18.4343 -9.990e-29
 158.472934      0.630  32.726932    15.7510    6.51479      0.625    25.4036    18.4337 -9.990e-29
 158.472940      0.633  32.727959    15.7524    6.50664      0.628    25.4036    18.4334 -9.990e-29
 158.472946      0.629  32.729334    15.7536    6.49962      0.624    25.4040    18.4334 -9.990e-29
 158.472951      0.621  32.730658    15.7543    6.49875      0.616    25.4047    18.4338 -9.990e-29
 158.472957      0.618  32.731458    15.7541    6.49854      0.613    25.4055    18.4345 -9.990e-29
 158.472963      0.623  32.731124    15.7528    6.50913      0.618    25.4060    18.4352 -9.990e-29
 158.472969      0.634  32.729210    15.7505    6.50387      0.629    25.4059    18.4355 -9.990e-29
 158.472975      0.640  32.726529    15.7488    6.49469      0.635    25.4047    18.4350 -9.990e-29
 158.472980      0.640  32.725108    15.7489    6.49357      0.635    25.4034    18.4339 -9.990e-29
 158.472986      0.633  32.725855    15.7503    6.49210      0.628    25.4031    18.4335 -9.990e-29
 158.472992      0.623  32.727525    15.7517    6.49170      0.618    25.4037    18.4336 -9.990e-29
 158.472998      0.617  32.728980    15.7523    6.49109      0.612    25.4045    18.4341 -9.990e-29
 158.473003      0.619  32.729919    15.7525    6.49781      0.614    25.4052    18.4346 -9.990e-29
 158.473009      0.627  32.729350    15.7526    6.49573      0.622    25.4047    18.4341 -9.990e-29
 158.473015      0.630  32.728197    15.7528    6.50386      0.625    25.4035    18.4332 -9.990e-29
 158.473021      0.626  32.728283    15.7529    6.51481      0.621    25.4035    18.4332 -9.990e-29
 158.473027      0.619  32.728603    15.7526    6.51008      0.614    25.4040    18.4337 -9.990e-29
 158.473032      0.615  32.728461    15.7520    6.51629      0.610    25.4043    18.4340 -9.990e-29
 158.473038      0.620  32.728789    15.7519    6.50549      0.615    25.4046    18.4343 -9.990e-29
 158.473044      0.634  32.729465    15.7522    6.49376      0.629    25.4050    18.4345 -9.990e-29
 158.473050      0.653  32.729707    15.7527    6.49417      0.648    25.4049    18.4343 -9.990e-29
 158.473056      0.675  32.729839    15.7529    6.48945      0.669    25.4049    18.4342 -9.990e-29
 158.473061      0.700  32.730035    15.7530    6.49870      0.694    25.4050    18.4343 -9.990e-29
 158.473067      0.727  32.729436    15.7530    6.50129      0.721    25.4044    18.4339 -9.990e-29
 158.473073      0.747  32.727804    15.7526    6.49549      0.741    25.4033    18.4331 -9.990e-29
 158.473079      0.758  32.726324    15.7521    6.48830      0.752    25.4023    18.4325 -9.990e-29
 158.473084      0.766  32.726386    15.7521    6.49085      0.760    25.4024    18.4325 -9.990e-29
 158.473090      0.775  32.727512    15.7524    6.50018      0.769    25.4032    18.4330 -9.990e-29
 158.473096      0.785  32.727841    15.7518    6.50726      0.778    25.4038    18.4337 -9.990e-29
 158.473102      0.798  32.726127    15.7497    6.50748      0.791    25.4037    18.4340 -9.990e-29
 158.473108      0.813  32.722329    15.7464    6.50039      0.806    25.4025    18.4338 -9.990e-29
 158.473113      0.828  32.717546    15.7439    6.49552      0.821    25.4000    18.4324 -9.990e-29
 158.473119      0.836  32.715490    15.7440    6.49590      0.829    25.3982    18.4310 -9.990e-29
 158.473125      0.831  32.717904    15.7458    6.50265      0.824    25.3991    18.4313 -9.990e-29
 158.473131      0.819  32.720718    15.7473    6.49879      0.812    25.4006    18.4321 -9.990e-29
 158.473137      0.811  32.722638    15.7477    6.50366      0.804    25.4020    18.4331 -9.990e-29
 158.473142      0.815  32.724543    15.7475    6.50527      0.808    25.4037    18.4345 -9.990e-29
 158.473148      0.828  32.725053    15.7471    6.50311      0.821    25.4044    18.4351 -9.990e-29
 158.473154      0.845  32.724285    15.7465    6.51219      0.838    25.4041    18.4350 -9.990e-29
 158.473160      0.865  32.722897    15.7447    6.50396      0.858    25.4041    18.4354 -9.990e-29
 158.473166      0.878  32.719596    15.7418    6.50229      0.871    25.4031    18.4352 -9.990e-29
 158.473171      0.882  32.715586    15.7401    6.49484      0.875    25.4008    18.4338 -9.990e-29
 158.473177      0.878  32.715049    15.7408    6.49250      0.871    25.3999    18.4330 -9.990e-29
 158.473183      0.869  32.717268    15.7420    6.49721      0.862    25.4010    18.4336 -9.990e-29
 158.473189      0.863  32.719033    15.7426    6.51034      0.856    25.4021    18.4343 -9.990e-29
 158.473194      0.865  32.719896    15.7424    6.50933      0.858    25.4030    18.4350 -9.990e-29
 158.473200      0.873  32.719327    15.7417    6.50774      0.866    25.4030    18.4351 -9.990e-29
 158.473206      0.885  32.717689    15.7417    6.49796      0.878    25.4016    18.4341 -9.990e-29
 158.473212      0.893  32.717283    15.7425    6.48731      0.886    25.4007    18.4332 -9.990e-29
 158.473218      0.892  32.718125    15.7426    6.49524      0.885    25.4013    18.4337 -9.990e-29
 158.473223      0.888  32.718535    15.7417    6.49844      0.881    25.4023    18.4346 -9.990e-29
 158.473229      0.888  32.717939    15.7402    6.50364      0.881    25.4027    18.4353 -9.990e-29
 158.473235      0.897  32.716103    15.7385    6.50450      0.890    25.4022    18.4353 -9.990e-29
 158.473241      0.910  32.713942    15.7373    6.49541      0.902    25.4011    18.4347 -9.990e-29
 158.473247      0.921  32.713058    15.7373    6.47297      0.913    25.4004    18.4341 -9.990e-29
 158.473252      0.926  32.713393    15.7382    6.45157      0.918    25.4001    18.4337 -9.990e-29
 158.473258      0.924  32.714271    15.7394    6.44204      0.916    25.4001    18.4334 -9.990e-29
 158.473264      0.921  32.715181    15.7399    6.44134      0.913    25.4005    18.4337 -9.990e-29
 158.473270      0.924  32.715656    15.7395    6.45240      0.916    25.4012    18.4343 -9.990e-29
 158.473275      0.938  32.715768    15.7387    6.45586      0.930    25.4018    18.4349 -9.990e-29
 158.473281      0.960  32.715107    15.7377    6.45779      0.952    25.4019    18.4351 -9.990e-29
 158.473287      0.978  32.712790    15.7371    6.45681      0.970    25.4003    18.4340 -9.990e-29
 158.473293      0.985  32.710771    15.7372    6.45718      0.977    25.3985    18.4326 -9.990e-29
 158.473299      0.985  32.711401    15.7380    6.45931      0.977    25.3985    18.4325 -9.990e-29
 158.473304      0.987  32.712717    15.7388    6.45340      0.979    25.3991    18.4328 -9.990e-29
 158.473310      0.991  32.713113    15.7392    6.44059      0.983    25.3992    18.4328 -9.990e-29
 158.473316      0.989  32.713676    15.7393    6.43306      0.981    25.3996    18.4331 -9.990e-29
 158.473322      0.981  32.714596    15.7392    6.43976      0.973    25.4005    18.4338 -9.990e-29
 158.473328      0.975  32.714856    15.7387    6.44686      0.967    25.4010    18.4343 -9.990e-29
 158.473333      0.978  32.714243    15.7374    6.45310      0.970    25.4013    18.4348 -9.990e-29
 158.473339      0.992  32.712502    15.7352    6.44794      0.984    25.4012    18.4352 -9.990e-29
 158.473345      1.004  32.709553    15.7338    6.44371      0.996    25.3996    18.4342 -9.990e-29
 158.473351      1.002  32.707626    15.7345    6.44408      0.994    25.3975    18.4325 -9.990e-29
 158.473356      0.985  32.708074    15.7362    6.45932      0.977    25.3968    18.4316 -9.990e-29
 158.473362      0.967  32.709814    15.7374    6.46461      0.959    25.3975    18.4319 -9.990e-29
 158.473368      0.958  32.711802    15.7378    6.47045      0.950    25.3990    18.4329 -9.990e-29
 158.473374      0.958  32.712767    15.7375    6.45613      0.950    25.4000    18.4338 -9.990e-29
