data/oxygen options/ONMS/Olympic_Coast_National_Marine_Sanctuary_Hypoxia_Survey_CTD_Data_2004_2015/raw_data/2006/CTD_TH030_080306faed.cnv
* Sea-Bird SBE19 Data File:
* FileName = C:\Hypoxia_Data_2006\CTD_TH030_080306.hex
* Software Version 1.1.6
* Temperature SN = 2997
* Conductivity SN = 2997
* System UpLoad Time = Aug 03 2006 08:36:57
* SEACAT PROFILER V3.1c SN 2997   08/03/06  08:36:25.920
* strain gauge pressure sensor: S/N = 184829,  range = 3000 psia,  tc = 40
# nquan = 9                                 
# nvalues = 1519                        
# units = specified
# name 0 = timeJ: Julian Days
# name 1 = prSM: Pressure, Strain Gauge [db]
# name 2 = c0mS/cm: Conductivity [mS/cm]
# name 3 = t090C: Temperature [ITS-90, deg C]
# name 4 = oxML/L: Oxygen, Beckman/YSI [ml/l]
# name 5 = depSM: Depth [salt water, m], lat = 47.5
# name 6 = sal00: Salinity, Practical [PSU]
# name 7 = sigma-é00: Density [sigma-theta, kg/m^3]
# name 8 = flag: flag
# span 0 = 215.347674, 215.356458       
# span 1 =     -4.668,     30.770       
# span 2 =   0.069983,  37.248789       
# span 3 =     7.9383,    12.8898       
# span 4 =   -1.80459,   38.02400       
# span 5 =     -4.629,     30.511       
# span 6 =     0.0449,    33.5496       
# span 7 =    -0.5713,    26.1441       
# span 8 = 0.0000e+00, 0.0000e+00       
# interval = seconds: 0.5
# start_time = Aug 03 2006 08:20:39 [Instrument's time stamp, header]
# bad_flag = -9.990e-29
*END*
[from data line 641]
 215.351383      1.835  36.783850    11.1317    6.78991      1.820    32.6357    24.9116 -9.990e-29
 215.351389      1.846  36.746543    11.1371    6.81156      1.831    32.5941    24.8783 -9.990e-29
 215.351395      1.872  36.731240    11.1422    6.79408      1.856    32.5745    24.8621 -9.990e-29
 215.351400      1.900  36.773041    11.1450    6.77473      1.884    32.6132    24.8917 -9.990e-29
 215.351406      1.919  36.820543    11.1460    6.77966      1.903    32.6592    24.9273 -9.990e-29
 215.351412      1.928  36.838919    11.1463    6.77393      1.912    32.6771    24.9411 -9.990e-29
 215.351418      1.930  36.857700    11.1463    6.77626      1.914    32.6956    24.9556 -9.990e-29
 215.351424      1.930  36.877791    11.1456    6.78311      1.914    32.7160    24.9716 -9.990e-29
 215.351429      1.923  36.871000    11.1439    6.77675      1.907    32.7108    24.9679 -9.990e-29
 215.351435      1.906  36.826568    11.1417    6.78673      1.890    32.6690    24.9357 -9.990e-29
 215.351441      1.880  36.749731    11.1406    6.77357      1.864    32.5941    24.8777 -9.990e-29
 215.351447      1.858  36.637847    11.1412    6.76540      1.842    32.4833    24.7913 -9.990e-29
 215.351453      1.851  36.540247    11.1433    6.76396      1.836    32.3852    24.7147 -9.990e-29
 215.351458      1.858  36.546051    11.1467    6.78508      1.842    32.3879    24.7162 -9.990e-29
 215.351464      1.871  36.619238    11.1502    6.79481      1.855    32.4570    24.7693 -9.990e-29
 215.351470      1.882  36.685206    11.1525    6.80861      1.866    32.5200    24.8178 -9.990e-29
 215.351476      1.884  36.739921    11.1532    6.81067      1.868    32.5733    24.8592 -9.990e-29
 215.351481      1.873  36.768267    11.1528    6.80676      1.857    32.6016    24.8813 -9.990e-29
 215.351487      1.856  36.772128    11.1527    6.79011      1.841    32.6055    24.8844 -9.990e-29
 215.351493      1.849  36.771776    11.1539    6.78079      1.834    32.6041    24.8830 -9.990e-29
 215.351499      1.856  36.788035    11.1555    6.78332      1.841    32.6187    24.8941 -9.990e-29
 215.351505      1.870  36.836395    11.1565    6.79588      1.854    32.6655    24.9304 -9.990e-29
 215.351510      1.881  36.893265    11.1568    6.81904      1.865    32.7214    24.9737 -9.990e-29
 215.351516      1.884  36.903777    11.1568    6.82095      1.868    32.7317    24.9818 -9.990e-29
 215.351522      1.873  36.857807    11.1570    6.81916      1.857    32.6862    24.9464 -9.990e-29
 215.351528      1.856  36.817430    11.1577    6.82524      1.841    32.6458    24.9148 -9.990e-29
 215.351534      1.845  36.794411    11.1590    6.82504      1.830    32.6219    24.8960 -9.990e-29
 215.351539      1.843  36.775984    11.1608    6.82562      1.828    32.6021    24.8803 -9.990e-29
 215.351545      1.856  36.798692    11.1622    6.82009      1.841    32.6233    24.8965 -9.990e-29
 215.351551      1.883  36.863069    11.1626    6.80424      1.867    32.6864    24.9455 -9.990e-29
 215.351557      1.913  36.903505    11.1625    6.79360      1.897    32.7264    24.9766 -9.990e-29
 215.351563      1.936  36.881358    11.1621    6.80372      1.920    32.7049    24.9600 -9.990e-29
 215.351568      1.954  36.819237    11.1612    6.81031      1.938    32.6444    24.9131 -9.990e-29
 215.351574      1.970  36.786281    11.1605    6.82723      1.954    32.6125    24.8884 -9.990e-29
 215.351580      1.983  36.819288    11.1608    6.82889      1.966    32.6448    24.9135 -9.990e-29
 215.351586      1.984  36.850083    11.1619    6.81977      1.967    32.6742    24.9361 -9.990e-29
 215.351591      1.970  36.837264    11.1630    6.81118      1.954    32.6606    24.9253 -9.990e-29
 215.351597      1.947  36.810270    11.1631    6.81660      1.931    32.6339    24.9046 -9.990e-29
 215.351603      1.933  36.800389    11.1630    6.83396      1.917    32.6242    24.8971 -9.990e-29
 215.351609      1.933  36.820788    11.1634    6.83107      1.917    32.6440    24.9124 -9.990e-29
 215.351615      1.944  36.836954    11.1636    6.82356      1.928    32.6597    24.9246 -9.990e-29
 215.351620      1.958  36.809853    11.1633    6.80794      1.942    32.6333    24.9041 -9.990e-29
 215.351626      1.968  36.748758    11.1628    6.79025      1.952    32.5735    24.8576 -9.990e-29
 215.351632      1.974  36.677066    11.1627    6.77882      1.958    32.5029    24.8028 -9.990e-29
 215.351638      1.985  36.609090    11.1631    6.78524      1.968    32.4355    24.7503 -9.990e-29
 215.351644      2.001  36.575872    11.1633    6.79847      1.984    32.4026    24.7247 -9.990e-29
 215.351649      2.012  36.602646    11.1632    6.80003      1.995    32.4291    24.7453 -9.990e-29
 215.351655      2.004  36.654426    11.1634    6.81140      1.987    32.4799    24.7848 -9.990e-29
 215.351661      1.982  36.675731    11.1641    6.81062      1.965    32.5003    24.8005 -9.990e-29
 215.351667      1.957  36.675881    11.1648    6.81122      1.941    32.4999    24.8000 -9.990e-29
 215.351672      1.931  36.688707    11.1650    6.81469      1.915    32.5123    24.8097 -9.990e-29
 215.351678      1.912  36.704372    11.1648    6.82510      1.896    32.5280    24.8219 -9.990e-29
 215.351684      1.907  36.729164    11.1642    6.82077      1.891    32.5529    24.8414 -9.990e-29
 215.351690      1.911  36.778735    11.1636    6.81022      1.895    32.6023    24.8800 -9.990e-29
 215.351696      1.916  36.818210    11.1634    6.81251      1.900    32.6414    24.9104 -9.990e-29
 215.351701      1.918  36.820563    11.1634    6.82176      1.902    32.6438    24.9122 -9.990e-29
 215.351707      1.918  36.802371    11.1634    6.83334      1.902    32.6258    24.8983 -9.990e-29
 215.351713      1.914  36.773570    11.1632    6.83827      1.898    32.5976    24.8763 -9.990e-29
 215.351719      1.912  36.739485    11.1628    6.80644      1.896    32.5643    24.8505 -9.990e-29
 215.351725      1.911  36.710735    11.1621    6.79711      1.895    32.5366    24.8291 -9.990e-29
 215.351730      1.906  36.680372    11.1611    6.79952      1.890    32.5076    24.8067 -9.990e-29
 215.351736      1.906  36.637055    11.1611    6.80470      1.890    32.4649    24.7735 -9.990e-29
 215.351742      1.920  36.606013    11.1623    6.80684      1.904    32.4332    24.7487 -9.990e-29
 215.351748      1.940  36.615377    11.1632    6.79273      1.924    32.4417    24.7550 -9.990e-29
 215.351753      1.950  36.614804    11.1632    6.78982      1.934    32.4411    24.7546 -9.990e-29
 215.351759      1.942  36.559764    11.1628    6.79574      1.926    32.3872    24.7128 -9.990e-29
 215.351765      1.928  36.486773    11.1627    6.80430      1.912    32.3154    24.6570 -9.990e-29
 215.351771      1.925  36.428038    11.1630    6.78960      1.909    32.2573    24.6117 -9.990e-29
 215.351777      1.932  36.412342    11.1629    6.78451      1.916    32.2419    24.5998 -9.990e-29
 215.351782      1.942  36.438363    11.1618    6.77202      1.926    32.2685    24.6206 -9.990e-29
 215.351788      1.946  36.456095    11.1601    6.77095      1.930    32.2875    24.6357 -9.990e-29
 215.351794      1.945  36.484678    11.1589    6.77766      1.929    32.3167    24.6586 -9.990e-29
 215.351800      1.947  36.553230    11.1580    6.78173      1.931    32.3850    24.7119 -9.990e-29
 215.351806      1.952  36.624707    11.1574    6.75774      1.936    32.4560    24.7672 -9.990e-29
 215.351811      1.952  36.656433    11.1572    6.72712      1.936    32.4874    24.7917 -9.990e-29
 215.351817      1.948  36.658721    11.1559    6.70781      1.932    32.4908    24.7946 -9.990e-29
 215.351823      1.947  36.679469    11.1520    6.68496      1.931    32.5147    24.8139 -9.990e-29
 215.351829      1.953  36.770439    11.1450    6.68652      1.937    32.6106    24.8897 -9.990e-29
 215.351834      1.967  36.910447    11.1372    6.70484      1.951    32.7557    25.0040 -9.990e-29
 215.351840      1.985  37.001242    11.1321    6.71912      1.968    32.8499    25.0782 -9.990e-29
 215.351846      2.001  37.025895    11.1326    6.73847      1.984    32.8738    25.0967 -9.990e-29
 215.351852      2.011  37.002671    11.1375    6.75778      1.994    32.8465    25.0745 -9.990e-29
 215.351858      2.015  36.931432    11.1423    6.75672      1.998    32.7719    25.0156 -9.990e-29
 215.351863      2.019  36.860195    11.1450    6.76110      2.002    32.6992    24.9586 -9.990e-29
 215.351869      2.030  36.835863    11.1444    6.73890      2.013    32.6757    24.9404 -9.990e-29
 215.351875      2.050  36.847307    11.1406    6.73261      2.033    32.6903    24.9525 -9.990e-29
 215.351881      2.067  36.862657    11.1382    6.74320      2.050    32.7076    24.9664 -9.990e-29
 215.351887      2.069  36.873187    11.1390    6.76032      2.052    32.7173    24.9738 -9.990e-29
 215.351892      2.056  36.883938    11.1410    6.78003      2.039    32.7261    24.9803 -9.990e-29
 215.351898      2.037  36.891841    11.1438    6.78113      2.020    32.7315    24.9839 -9.990e-29
 215.351904      2.013  36.879380    11.1480    6.77535      1.996    32.7154    24.9707 -9.990e-29
 215.351910      1.989  36.838339    11.1523    6.78099      1.972    32.6711    24.9355 -9.990e-29
 215.351916      1.970  36.791381    11.1540    6.78391      1.954    32.6233    24.8980 -9.990e-29
 215.351921      1.965  36.756082    11.1511    6.76969      1.949    32.5911    24.8734 -9.990e-29
 215.351927      1.973  36.763883    11.1451    6.73389      1.957    32.6041    24.8846 -9.990e-29
 215.351933      1.981  36.826294    11.1409    6.73136      1.964    32.6694    24.9361 -9.990e-29
 215.351939      1.982  36.870038    11.1402    6.71090      1.965    32.7132    24.9703 -9.990e-29
 215.351944      1.980  36.865931    11.1387    6.70412      1.963    32.7104    24.9685 -9.990e-29
 215.351950      1.983  36.846061    11.1295    6.71175      1.966    32.6990    24.9612 -9.990e-29
 215.351956      1.997  36.842249    11.1081    6.72584      1.980    32.7143    24.9769 -9.990e-29
 215.351962      2.016  36.877442    11.0854    6.74667      1.999    32.7693    25.0237 -9.990e-29
 215.351968      2.031  36.911615    11.0829    6.74887      2.014    32.8053    25.0522 -9.990e-29
 215.351973      2.033  36.901698    11.1009    6.74044      2.016    32.7794    25.0289 -9.990e-29
 215.351979      2.026  36.866980    11.1210    6.74631      2.009    32.7272    24.9847 -9.990e-29
 215.351985      2.019  36.832943    11.1336    6.72932      2.002    32.6824    24.9476 -9.990e-29
 215.351991      2.020  36.795702    11.1379    6.71514      2.003    32.6418    24.9152 -9.990e-29
 215.351997      2.029  36.789157    11.1322    6.72108      2.012    32.6404    24.9152 -9.990e-29
 215.352002      2.038  36.840463    11.1187    6.73253      2.021    32.7031    24.9663 -9.990e-29
 215.352008      2.043  36.890143    11.1105    6.75280      2.026    32.7594    25.0116 -9.990e-29
 215.352014      2.041  36.901225    11.1173    6.77345      2.024    32.7643    25.0142 -9.990e-29
 215.352020      2.026  36.888465    11.1317    6.75869      2.009    32.7389    24.9919 -9.990e-29
 215.352025      2.002  36.864560    11.1430    6.74498      1.985    32.7053    24.9637 -9.990e-29
 215.352031      1.977  36.832397    11.1484    6.72849      1.960    32.6687    24.9343 -9.990e-29
 215.352037      1.961  36.788341    11.1489    6.71072      1.945    32.6248    24.9001 -9.990e-29
 215.352043      1.967  36.767302    11.1443    6.72599      1.951    32.6081    24.8879 -9.990e-29
 215.352049      1.990  36.825903    11.1333    6.72037      1.973    32.6757    24.9424 -9.990e-29
 215.352054      2.014  36.915512    11.1214    6.70919      1.997    32.7748    25.0216 -9.990e-29
 215.352060      2.025  36.950880    11.1185    6.70908      2.008    32.8123    25.0513 -9.990e-29
 215.352066      2.010  36.949983    11.1245    6.70070      1.993    32.8061    25.0454 -9.990e-29
 215.352072      1.981  36.944136    11.1316    6.70218      1.964    32.7940    25.0347 -9.990e-29
 215.352078      1.961  36.934504    11.1341    6.70589      1.945    32.7823    25.0251 -9.990e-29
 215.352083      1.958  36.931791    11.1288    6.70508      1.942    32.7843    25.0277 -9.990e-29
 215.352089      1.972  36.944144    11.1170    6.70761      1.956    32.8070    25.0475 -9.990e-29
 215.352095      1.996  36.964466    11.1074    6.70390      1.979    32.8357    25.0715 -9.990e-29
 215.352101      2.012  36.976651    11.1065    6.71567      1.995    32.8485    25.0816 -9.990e-29
 215.352106      2.015  36.976175    11.1119    6.72360      1.998    32.8432    25.0765 -9.990e-29
 215.352112      2.008  36.971359    11.1185    6.70426      1.991    32.8326    25.0671 -9.990e-29
 215.352118      2.000  36.966427    11.1220    6.68005      1.983    32.8246    25.0602 -9.990e-29
 215.352124      1.999  36.964325    11.1208    6.66422      1.982    32.8236    25.0597 -9.990e-29
 215.352130      2.009  36.971773    11.1166    6.66255      1.992    32.8347    25.0690 -9.990e-29
 215.352135      2.025  36.985228    11.1127    6.67481      2.008    32.8514    25.0828 -9.990e-29
 215.352141      2.042  36.995131    11.1057    6.67701      2.025    32.8675    25.0965 -9.990e-29
 215.352147      2.055  37.005697    11.0884    6.65055      2.038    32.8934    25.1198 -9.990e-29
 215.352153      2.065  37.014734    11.0671    6.57710      2.048    32.9214    25.1453 -9.990e-29
 215.352159      2.069  37.012405    11.0613    6.56158      2.052    32.9243    25.1486 -9.990e-29
 215.352164      2.062  37.004560    11.0739    6.57705      2.045    32.9053    25.1316 -9.990e-29
 215.352170      2.053  36.996982    11.0860    6.59914      2.036    32.8869    25.1151 -9.990e-29
 215.352176      2.055  36.984601    11.0810    6.63239      2.038    32.8792    25.1100 -9.990e-29
 215.352182      2.066  36.969971    11.0493    6.61923      2.049    32.8931    25.1264 -9.990e-29
 215.352188      2.080  36.954328    11.0060    6.59948      2.063    32.9164    25.1523 -9.990e-29
 215.352193      2.088  36.938112    10.9876    6.60510      2.071    32.9168    25.1558 -9.990e-29
 215.352199      2.083  36.936697    10.9998    6.61642      2.066    32.9044    25.1441 -9.990e-29
 215.352205      2.064  36.945929    11.0206    6.63316      2.047    32.8950    25.1330 -9.990e-29
 215.352211      2.043  36.950055    11.0346    6.63734      2.026    32.8865    25.1239 -9.990e-29
 215.352216      2.031  36.947839    11.0350    6.62728      2.014    32.8840    25.1219 -9.990e-29
 215.352222      2.033  36.943607    11.0250    6.62887      2.016    32.8887    25.1274 -9.990e-29
 215.352228      2.043  36.939560    11.0162    6.63714      2.026    32.8926    25.1320 -9.990e-29
 215.352234      2.053  36.933650    11.0143    6.65597      2.036    32.8884    25.1291 -9.990e-29
 215.352240      2.057  36.929200    11.0142    6.66246      2.040    32.8841    25.1257 -9.990e-29
 215.352245      2.050  36.930354    11.0124    6.64182      2.033    32.8869    25.1282 -9.990e-29
 215.352251      2.036  36.934710    11.0148    6.58999      2.019    32.8890    25.1294 -9.990e-29
 215.352257      2.017  36.940771    11.0261    6.58384      2.000    32.8849    25.1242 -9.990e-29
 215.352263      1.998  36.949312    11.0402    6.58260      1.981    32.8808    25.1185 -9.990e-29
 215.352269      1.985  36.958808    11.0475    6.60387      1.968    32.8836    25.1194 -9.990e-29
 215.352274      1.982  36.966764    11.0415    6.64603      1.965    32.8969    25.1308 -9.990e-29
 215.352280      1.990  36.966392    11.0235    6.65230      1.973    32.9127    25.1463 -9.990e-29
 215.352286      2.003  36.948770    11.0109    6.64917      1.986    32.9065    25.1437 -9.990e-29
 215.352292      2.010  36.934135    11.0167    6.63047      1.993    32.8868    25.1273 -9.990e-29
 215.352297      2.003  36.947264    11.0299    6.61606      1.986    32.8880    25.1259 -9.990e-29
