data/oxygen options/ONMS/Olympic_Coast_National_Marine_Sanctuary_Hypoxia_Survey_CTD_Data_2004_2015/raw_data/2006/CTD_TH090_081706faed.cnv
* Sea-Bird SBE19 Data File:
* FileName = C:\Hypoxia_Data_2006\CTD_TH090_081706.hex
* Software Version 1.1.6
* Temperature SN = 2997
* Conductivity SN = 2997
* System UpLoad Time = Aug 17 2006 11:31:20
* SEACAT PROFILER V3.1c SN 2997   08/17/06  11:30:48.892
* strain gauge pressure sensor: S/N = 184829,  range = 3000 psia,  tc = 40
# nquan = 9                                 
# nvalues = 1016                        
# units = specified
# name 0 = timeJ: Julian Days
# name 1 = prSM: Pressure, Strain Gauge [db]
# name 2 = c0mS/cm: Conductivity [mS/cm]
# name 3 = t090C: Temperature [ITS-90, deg C]
# name 4 = oxML/L: Oxygen, Beckman/YSI [ml/l]
# name 5 = depSM: Depth [salt water, m], lat = 47.5
# name 6 = sal00: Salinity, Practical [PSU]
# name 7 = sigma-é00: Density [sigma-theta, kg/m^3]
# name 8 = flag: flag
# span 0 = 229.472986, 229.478860       
# span 1 =     -4.349,     91.527       
# span 2 =   0.567167,  37.061728       
# span 3 =     5.6183,    12.9532       
# span 4 =   -1.28553,   36.45459       
# span 5 =     -4.313,     90.743       
# span 6 =     0.3623,    33.9209       
# span 7 =    -0.3326,    26.5101       
# span 8 = 0.0000e+00, 0.0000e+00       
# interval = seconds: 0.5
# start_time = Aug 17 2006 11:21:06 [Instrument's time stamp, header]
# bad_flag = -9.990e-29
*END*
 229.472986     -4.349 -9.990e-29    12.6444   -0.07227     -4.313 -9.990e-29 -9.990e-29 -9.990e-29
 229.472992     -4.344   0.723939    12.6425   -0.07229     -4.308     0.4704    -0.2096 -9.990e-29
 229.472998     -4.339   0.716689    12.6406   -0.07229     -4.303     0.4655    -0.2132 -9.990e-29
 229.473003     -4.331   0.699932    12.6399   -0.07230     -4.295     0.4542    -0.2219 -9.990e-29
 229.473009     -4.322   0.689048    12.6403   -0.07230     -4.286     0.4469    -0.2277 -9.990e-29
 229.473015     -4.310   0.700276    12.6413   -0.07231     -4.274     0.4544    -0.2219 -9.990e-29
 229.473021     -4.295   0.724839    12.6427   -0.07231     -4.259     0.4710    -0.2092 -9.990e-29
 229.473027     -4.275   0.742969    12.6436   -0.07230     -4.239     0.4832    -0.1997 -9.990e-29
 229.473032     -4.249   0.749334    12.6436   -0.07228     -4.214     0.4875    -0.1964 -9.990e-29
 229.473038     -4.221   0.749225    12.6428   -0.07227     -4.186     0.4874    -0.1963 -9.990e-29
 229.473044     -4.192   0.738060    12.6414   -0.07227     -4.157     0.4799    -0.2020 -9.990e-29
 229.473050     -4.165   0.716486    12.6396   -0.07227     -4.130     0.4654    -0.2131 -9.990e-29
 229.473056     -4.142   0.697345    12.6381   -0.07227     -4.107     0.4525    -0.2230 -9.990e-29
 229.473061     -4.118   0.683965    12.6375   -0.07227     -4.084     0.4435    -0.2299 -9.990e-29
 229.473067     -4.091   0.671820    12.6377   -0.07228     -4.057     0.4353    -0.2363 -9.990e-29
 229.473073     -4.064   0.659143    12.6385   -0.07227     -4.030     0.4268    -0.2431 -9.990e-29
 229.473079     -4.035   0.647336    12.6402   -0.07225     -4.001     0.4188    -0.2495 -9.990e-29
 229.473084     -4.003   0.646729    12.6431   -0.07225     -3.970     0.4184    -0.2502 -9.990e-29
 229.473090     -3.964   0.663172    12.6465   -0.07225     -3.931     0.4294    -0.2420 -9.990e-29
 229.473096     -3.922   0.681977    12.6496   -0.07225     -3.889     0.4420    -0.2326 -9.990e-29
 229.473102     -3.881   0.689386    12.6522   -0.07223     -3.849     0.4469    -0.2290 -9.990e-29
 229.473108     -3.844   0.684184    12.6540   -0.07221     -3.812     0.4434    -0.2320 -9.990e-29
 229.473113     -3.812   0.672196    12.6553   -0.07222     -3.780     0.4354    -0.2385 -9.990e-29
 229.473119     -3.788   0.661848    12.6575   -0.07223     -3.756     0.4284    -0.2442 -9.990e-29
 229.473125     -3.765   0.652100    12.6611   -0.07224     -3.734     0.4218    -0.2498 -9.990e-29
 229.473131     -3.739   0.641053    12.6651   -0.07224     -3.708     0.4143    -0.2561 -9.990e-29
 229.473137     -3.707   0.636722    12.6682   -0.07224     -3.676     0.4114    -0.2587 -9.990e-29
 229.473142     -3.672   0.639434    12.6706   -0.07223     -3.641     0.4132    -0.2576 -9.990e-29
 229.473148     -3.640   0.640050    12.6729   -0.07222     -3.610     0.4136    -0.2576 -9.990e-29
 229.473154     -3.613   0.637725    12.6746   -0.07222     -3.583     0.4120    -0.2590 -9.990e-29
 229.473160     -3.590   0.645448    12.6754   -0.07221     -3.560     0.4172    -0.2551 -9.990e-29
 229.473166     -3.569   0.669633    12.6757   -0.07221     -3.539     0.4334    -0.2425 -9.990e-29
 229.473171     -3.545   0.687611    12.6763   -0.07221     -3.515     0.4455    -0.2332 -9.990e-29
 229.473177     -3.511   0.679530    12.6772   -0.07220     -3.482     0.4400    -0.2375 -9.990e-29
 229.473183     -3.474   0.658472    12.6783   -0.07221     -3.445     0.4259    -0.2487 -9.990e-29
 229.473189     -3.444   0.640184    12.6794   -0.07221     -3.415     0.4136    -0.2584 -9.990e-29
 229.473194     -3.425   0.627464    12.6812   -0.07221     -3.396     0.4051    -0.2653 -9.990e-29
 229.473200     -3.410   0.626094    12.6838   -0.07221     -3.382     0.4041    -0.2663 -9.990e-29
 229.473206     -3.391   0.634803    12.6866   -0.07220     -3.363     0.4099    -0.2621 -9.990e-29
 229.473212     -3.365   0.640799    12.6890   -0.07220     -3.337     0.4139    -0.2593 -9.990e-29
 229.473218     -3.335   0.640982    12.6908   -0.07219     -3.307     0.4140    -0.2595 -9.990e-29
 229.473223     -3.300   0.636707    12.6922   -0.07217     -3.272     0.4111    -0.2619 -9.990e-29
 229.473229     -3.261   0.630039    12.6939   -0.07216     -3.234     0.4067    -0.2656 -9.990e-29
 229.473235     -3.220   0.628176    12.6961   -0.07217     -3.193     0.4054    -0.2669 -9.990e-29
 229.473241     -3.180   0.628080    12.6976   -0.07217     -3.153     0.4053    -0.2671 -9.990e-29
 229.473247     -3.146   0.620750    12.6978   -0.07216     -3.120     0.4004    -0.2710 -9.990e-29
 229.473252     -3.119   0.609727    12.6982   -0.07215     -3.093     0.3930    -0.2767 -9.990e-29
 229.473258     -3.100   0.605274    12.6999   -0.07216     -3.074     0.3900    -0.2793 -9.990e-29
 229.473264     -3.085   0.607560    12.7025   -0.07216     -3.059     0.3915    -0.2784 -9.990e-29
 229.473270     -3.070   0.610201    12.7059   -0.07215     -3.044     0.3933    -0.2775 -9.990e-29
 229.473275     -3.051   0.615057    12.7099   -0.07213     -3.026     0.3965    -0.2755 -9.990e-29
 229.473281     -3.029   0.626384    12.7137   -0.07213     -3.004     0.4040    -0.2701 -9.990e-29
 229.473287     -3.007   0.635434    12.7165   -0.07212     -2.982     0.4100    -0.2658 -9.990e-29
 229.473293     -2.985   0.632087    12.7186   -0.07211     -2.960     0.4078    -0.2678 -9.990e-29
 229.473299     -2.961   0.621309    12.7201   -0.07211     -2.936     0.4005    -0.2736 -9.990e-29
 229.473304     -2.933   0.614248    12.7212   -0.07210     -2.909     0.3958    -0.2774 -9.990e-29
 229.473310     -2.900   0.615356    12.7226   -0.07208     -2.876     0.3965    -0.2770 -9.990e-29
 229.473316     -2.864   0.617236    12.7246   -0.07206     -2.840     0.3978    -0.2763 -9.990e-29
 229.473322     -2.831   0.613522    12.7273   -0.07205     -2.807     0.3953    -0.2786 -9.990e-29
 229.473328     -2.803   0.613130    12.7312   -0.07205     -2.780     0.3950    -0.2793 -9.990e-29
 229.473333     -2.778   0.623303    12.7361   -0.07205     -2.755     0.4017    -0.2747 -9.990e-29
 229.473339     -2.755   0.633755    12.7410   -0.07204     -2.732     0.4086    -0.2699 -9.990e-29
 229.473345     -2.728   0.633463    12.7453   -0.07203     -2.705     0.4084    -0.2706 -9.990e-29
 229.473351     -2.691   0.627029    12.7497   -0.07201     -2.669     0.4041    -0.2745 -9.990e-29
 229.473356     -2.651   0.621962    12.7554   -0.07201     -2.629     0.4006    -0.2779 -9.990e-29
 229.473362     -2.617   0.619273    12.7626   -0.07203     -2.595     0.3987    -0.2803 -9.990e-29
 229.473368     -2.592   0.619260    12.7701   -0.07204     -2.570     0.3987    -0.2813 -9.990e-29
 229.473374     -2.570   0.621907    12.7764   -0.07204     -2.549     0.4004    -0.2808 -9.990e-29
 229.473380     -2.545   0.622425    12.7809   -0.07204     -2.524     0.4007    -0.2811 -9.990e-29
 229.473385     -2.520   0.615959    12.7836   -0.07203     -2.499     0.3963    -0.2848 -9.990e-29
 229.473391     -2.498   0.606645    12.7855   -0.07201     -2.477     0.3901    -0.2899 -9.990e-29
 229.473397     -2.476   0.603699    12.7872   -0.07201     -2.455     0.3881    -0.2916 -9.990e-29
 229.473403     -2.455   0.613177    12.7887   -0.07201     -2.435     0.3944    -0.2869 -9.990e-29
 229.473409     -2.431   0.635515    12.7888   -0.07201     -2.411     0.4093    -0.2753 -9.990e-29
 229.473414     -2.405   0.657231    12.7875   -0.07201     -2.385     0.4239    -0.2638 -9.990e-29
 229.473420     -2.374   0.660687    12.7862   -0.07200     -2.354     0.4262    -0.2619 -9.990e-29
 229.473426     -2.340   0.649385    12.7862   -0.07199     -2.320     0.4186    -0.2678 -9.990e-29
 229.473432     -2.311   0.636543    12.7883   -0.07199     -2.292     0.4100    -0.2747 -9.990e-29
 229.473437     -2.287   0.627228    12.7922   -0.07199     -2.268     0.4038    -0.2801 -9.990e-29
 229.473443     -2.269   0.622334    12.7966   -0.07199     -2.250     0.4004    -0.2832 -9.990e-29
 229.473449     -2.254   0.621439    12.8001   -0.07198     -2.235     0.3998    -0.2842 -9.990e-29
 229.473455     -2.243   0.621131    12.8020   -0.07196     -2.224     0.3996    -0.2846 -9.990e-29
 229.473461     -2.233   0.617673    12.8029   -0.07196     -2.214     0.3973    -0.2865 -9.990e-29
 229.473466     -2.225   0.611448    12.8045   -0.07195     -2.206     0.3931    -0.2899 -9.990e-29
 229.473472     -2.218   0.606359    12.8074   -0.07194     -2.200     0.3897    -0.2930 -9.990e-29
 229.473478     -2.211   0.606160    12.8105   -0.07194     -2.193     0.3895    -0.2935 -9.990e-29
 229.473484     -2.204   0.609479    12.8130   -0.07193     -2.186     0.3917    -0.2921 -9.990e-29
 229.473490     -2.197   0.610758    12.8154   -0.07192     -2.179     0.3925    -0.2917 -9.990e-29
 229.473495     -2.189   0.607265    12.8185   -0.07191     -2.171     0.3902    -0.2940 -9.990e-29
 229.473501     -2.180   0.600999    12.8223   -0.07191     -2.162     0.3860    -0.2977 -9.990e-29
 229.473507     -2.169   0.595811    12.8260   -0.07190     -2.151     0.3825    -0.3009 -9.990e-29
 229.473513     -2.155   0.596431    12.8293   -0.07189     -2.137     0.3829    -0.3010 -9.990e-29
 229.473519     -2.138   0.603132    12.8328   -0.07187     -2.120     0.3873    -0.2980 -9.990e-29
 229.473524     -2.120   0.609318    12.8364   -0.07186     -2.102     0.3914    -0.2953 -9.990e-29
 229.473530     -2.105   0.611036    12.8398   -0.07184     -2.087     0.3925    -0.2948 -9.990e-29
 229.473536     -2.088   0.610578    12.8430   -0.07184     -2.071     0.3921    -0.2955 -9.990e-29
 229.473542     -2.067   0.612327    12.8460   -0.07185     -2.050     0.3933    -0.2950 -9.990e-29
 229.473547     -2.046   0.619170    12.8490   -0.07185     -2.029     0.3978    -0.2919 -9.990e-29
 229.473553     -2.023   0.627473    12.8522   -0.07185     -2.006     0.4033    -0.2880 -9.990e-29
 229.473559     -2.001   0.631670    12.8560   -0.07183     -1.984     0.4061    -0.2863 -9.990e-29
 229.473565     -1.983   0.634029    12.8606   -0.07182     -1.966     0.4076    -0.2857 -9.990e-29
 229.473571     -1.967   0.639360    12.8666   -0.07182     -1.951     0.4111    -0.2837 -9.990e-29
 229.473576     -1.953   0.648114    12.8733   -0.07181     -1.937     0.4168    -0.2801 -9.990e-29
 229.473582     -1.940   0.654772    12.8787   -0.07180     -1.924     0.4212    -0.2774 -9.990e-29
 229.473588     -1.927   0.653234    12.8815   -0.07179     -1.911     0.4202    -0.2785 -9.990e-29
 229.473594     -1.912   0.647551    12.8832   -0.07176     -1.896     0.4164    -0.2817 -9.990e-29
 229.473600     -1.896   0.640689    12.8858   -0.07174     -1.880     0.4118    -0.2856 -9.990e-29
 229.473605     -1.882   0.629598    12.8899   -0.07174     -1.866     0.4043    -0.2919 -9.990e-29
 229.473611     -1.872   0.616688    12.8954   -0.07174     -1.856     0.3957    -0.2994 -9.990e-29
 229.473617     -1.862   0.605823    12.9013   -0.07174     -1.846     0.3884    -0.3058 -9.990e-29
 229.473623     -1.847   0.597495    12.9068   -0.07174     -1.832     0.3828    -0.3108 -9.990e-29
 229.473628     -1.830   0.591137    12.9118   -0.07174     -1.815     0.3785    -0.3148 -9.990e-29
 229.473634     -1.815   0.586039    12.9172   -0.07174     -1.800     0.3751    -0.3181 -9.990e-29
 229.473640     -1.795   0.582061    12.9247   -0.07173     -1.780     0.3724    -0.3212 -9.990e-29
 229.473646     -1.771   0.581111    12.9336   -0.07173     -1.756     0.3717    -0.3229 -9.990e-29
 229.473652     -1.750   0.584141    12.9405   -0.07173     -1.735     0.3736    -0.3222 -9.990e-29
 229.473657     -1.728   0.587428    12.9443   -0.07173     -1.714     0.3758    -0.3210 -9.990e-29
 229.473663     -1.702   0.587035    12.9465   -0.07174     -1.688     0.3755    -0.3215 -9.990e-29
 229.473669     -1.673   0.582994    12.9482   -0.07176     -1.659     0.3728    -0.3239 -9.990e-29
 229.473675     -1.645   0.578238    12.9499   -0.07176     -1.631     0.3696    -0.3265 -9.990e-29
 229.473681     -1.615   0.574746    12.9515   -0.07177     -1.602     0.3673    -0.3286 -9.990e-29
 229.473686     -1.585   0.571189    12.9529   -0.07179     -1.572     0.3649    -0.3306 -9.990e-29
 229.473692     -1.558   0.567264    12.9532   -0.07179     -1.545     0.3624    -0.3326 -9.990e-29
 229.473698     -1.528   0.567167    12.9515   -0.05926     -1.515     0.3623    -0.3325 -9.990e-29
 229.473704     -1.494   0.575763    12.9482   -0.06011     -1.482     0.3680    -0.3276 -9.990e-29
 229.473709     -1.461   0.592702    12.9442   -0.05989     -1.449     0.3793    -0.3183 -9.990e-29
 229.473715     -1.432   0.613431    12.9400   -0.05995     -1.420     0.3931    -0.3070 -9.990e-29
 229.473721     -1.400   0.633787    12.9360   -0.06006     -1.388     0.4066    -0.2960 -9.990e-29
 229.473727     -1.355   0.663121    12.9314   -0.06024     -1.344     0.4262    -0.2801 -9.990e-29
 229.473733     -1.294   0.753097    12.9223   -0.06030     -1.283     0.4865    -0.2320 -9.990e-29
 229.473738     -1.218   1.045867    12.9014   -0.06030     -1.208     0.6854    -0.0746 -9.990e-29
 229.473744     -1.122   1.940665    12.8529   -0.06032     -1.113     1.3123     0.4186 -9.990e-29
 229.473750     -1.003   4.637762    12.7397   -0.06027     -0.995     3.3119     1.9823 -9.990e-29
 229.473756     -0.860  12.710546    12.5720   -0.06029     -0.853     9.8171     7.0270 -9.990e-29
 229.473762     -0.685  24.716000    12.4311   -0.06032     -0.679    20.3223    15.1497 -9.990e-29
 229.473767     -0.483  32.687763    12.3390   -0.06036     -0.479    27.7155    20.8785 -9.990e-29
 229.473773     -0.260  35.475905    12.2521   -0.06034     -0.258    30.4175    22.9865 -9.990e-29
 229.473779     -0.034  36.497269    12.1631   -0.06033     -0.034    31.4665    23.8160 -9.990e-29
 229.473785      0.177  36.834887    12.1024   -0.06036      0.176    31.8419    24.1184 -9.990e-29
 229.473791      0.352  36.969176    12.0797   -0.06044      0.349    31.9904    24.2378 -9.990e-29
 229.473796      0.475  37.026985    12.0805   -0.06028      0.471    32.0453    24.2802 -9.990e-29
 229.473802      0.551  37.033197    12.0885   -0.06028      0.546    32.0443    24.2780 -9.990e-29
 229.473808      0.601  37.010660    12.0853   -0.06028      0.596    32.0254    24.2639 -9.990e-29
 229.473814      0.647  36.985407    12.0673   -0.06030      0.642    32.0165    24.2604 -9.990e-29
 229.473819      0.694  36.973679    12.0477   -0.06031      0.688    32.0220    24.2683 -9.990e-29
 229.473825      0.745  36.982261    12.0393   -0.06028      0.739    32.0374    24.2818 -9.990e-29
 229.473831      0.797  37.008553    12.0424   -0.06031      0.790    32.0601    24.2988 -9.990e-29
 229.473837      0.838  37.025886    12.0502   -0.06033      0.831    32.0701    24.3051 -9.990e-29
 229.473843      0.868  37.004063    12.0608   -0.06035      0.861    32.0399    24.2798 -9.990e-29
 229.473848      0.893  36.940897    12.0705   -0.06034      0.886    31.9708    24.2243 -9.990e-29
 229.473854      0.923  36.911458    12.0741   -0.06033      0.915    31.9394    24.1993 -9.990e-29
 229.473860      0.954  36.970716    12.0749   -0.06033      0.946    31.9957    24.2428 -9.990e-29
 229.473866      0.978  37.033874    12.0757   -0.06033      0.970    32.0558    24.2893 -9.990e-29
 229.473872      0.994  37.040406    12.0733   -0.06030      0.986    32.0642    24.2962 -9.990e-29
 229.473877      1.009  37.024251    12.0650   -0.06028      1.001    32.0557    24.2912 -9.990e-29
 229.473883      1.022  37.024995    12.0529   -0.06029      1.013    32.0668    24.3021 -9.990e-29
 229.473889      1.036  37.046981    12.0438   -0.06031      1.027    32.0958    24.3263 -9.990e-29
 229.473895      1.051  37.061728    12.0396   -0.06030      1.042    32.1136    24.3409 -9.990e-29
 229.473900      1.063  37.056905    12.0376   -0.06031      1.054    32.1107    24.3390 -9.990e-29
 229.473906      1.070  37.047381    12.0377   -0.06032      1.061    32.1014    24.3318 -9.990e-29
