data/oxygen options/ONMS/Olympic_Coast_National_Marine_Sanctuary_Hypoxia_Survey_CTD_Data_2004_2015/raw_data/2006/CTD_TH040_080306faed.cnv
* Sea-Bird SBE19 Data File:
* FileName = C:\Hypoxia_Data_2006\CTD_TH040_080306.hex
* Software Version 1.1.6
* Temperature SN = 2997
* Conductivity SN = 2997
* System UpLoad Time = Aug 03 2006 11:19:05
* SEACAT PROFILER V3.1c SN 2997   08/03/06  11:18:14.764
* strain gauge pressure sensor: S/N = 184829,  range = 3000 psia,  tc = 40
# nquan = 9                                 
# nvalues = 1214                        
# units = specified
# name 0 = timeJ: Julian Days
# name 1 = prSM: Pressure, Strain Gauge [db]
# name 2 = c0mS/cm: Conductivity [mS/cm]
# name 3 = t090C: Temperature [ITS-90, deg C]
# name 4 = oxML/L: Oxygen, Beckman/YSI [ml/l]
# name 5 = depSM: Depth [salt water, m], lat = 47.5
# name 6 = sal00: Salinity, Practical [PSU]
# name 7 = sigma-é00: Density [sigma-theta, kg/m^3]
# name 8 = flag: flag
# span 0 = 215.457535, 215.464554       
# span 1 =     -4.751,     42.315       
# span 2 =   0.735235,  37.604357       
# span 3 =     7.7025,    12.5786       
# span 4 =   -2.06108,   37.91469       
# span 5 =     -4.711,     41.958       
# span 6 =     0.4788,    33.6339       
# span 7 =    -0.1951,    26.2449       
# span 8 = 0.0000e+00, 0.0000e+00       
# interval = seconds: 0.5
# start_time = Aug 03 2006 10:58:51 [Instrument's time stamp, header]
# bad_flag = -9.990e-29
*END*
[from data line 641]
 215.461244     15.851  34.571405     7.9558    3.63379     15.718    33.2765    25.9271 -9.990e-29
 215.461250     15.837  34.569994     7.9572    3.62736     15.704    33.2737    25.9247 -9.990e-29
 215.461256     15.854  34.568436     7.9578    3.61363     15.721    33.2715    25.9228 -9.990e-29
 215.461262     15.903  34.567456     7.9566    3.60208     15.770    33.2715    25.9231 -9.990e-29
 215.461267     15.973  34.567983     7.9535    3.59053     15.839    33.2750    25.9263 -9.990e-29
 215.461273     16.052  34.569592     7.9502    3.57253     15.917    33.2798    25.9305 -9.990e-29
 215.461279     16.124  34.571056     7.9483    3.57385     15.989    33.2832    25.9334 -9.990e-29
 215.461285     16.168  34.572079     7.9479    3.58072     16.032    33.2846    25.9346 -9.990e-29
 215.461291     16.169  34.572894     7.9482    3.57998     16.033    33.2852    25.9350 -9.990e-29
 215.461296     16.128  34.573460     7.9487    3.59506     15.993    33.2854    25.9351 -9.990e-29
 215.461302     16.055  34.573404     7.9493    3.59849     15.920    33.2848    25.9345 -9.990e-29
 215.461308     15.961  34.572648     7.9499    3.61024     15.827    33.2834    25.9334 -9.990e-29
 215.461314     15.863  34.571863     7.9509    3.63284     15.730    33.2817    25.9319 -9.990e-29
 215.461319     15.780  34.571118     7.9526    3.63238     15.648    33.2793    25.9298 -9.990e-29
 215.461325     15.728  34.569976     7.9545    3.63932     15.596    33.2763    25.9271 -9.990e-29
 215.461331     15.713  34.568594     7.9557    3.62298     15.581    33.2737    25.9249 -9.990e-29
 215.461337     15.728  34.567370     7.9558    3.61352     15.596    33.2723    25.9238 -9.990e-29
 215.461343     15.771  34.566907     7.9545    3.58437     15.639    33.2730    25.9245 -9.990e-29
 215.461348     15.836  34.567707     7.9522    3.57613     15.703    33.2760    25.9272 -9.990e-29
 215.461354     15.911  34.569147     7.9498    3.58038     15.778    33.2798    25.9306 -9.990e-29
 215.461360     15.977  34.570336     7.9481    3.58644     15.843    33.2827    25.9331 -9.990e-29
 215.461366     16.011  34.571168     7.9476    3.60609     15.877    33.2840    25.9342 -9.990e-29
 215.461372     15.995  34.571624     7.9480    3.59135     15.861    33.2841    25.9342 -9.990e-29
 215.461377     15.944  34.571744     7.9482    3.59580     15.810    33.2841    25.9342 -9.990e-29
 215.461383     15.882  34.571685     7.9483    3.58736     15.749    33.2840    25.9340 -9.990e-29
 215.461389     15.837  34.571363     7.9487    3.57726     15.704    33.2833    25.9334 -9.990e-29
 215.461395     15.818  34.570908     7.9495    3.59036     15.685    33.2820    25.9323 -9.990e-29
 215.461400     15.815  34.570829     7.9500    3.59123     15.682    33.2815    25.9318 -9.990e-29
 215.461406     15.812  34.571017     7.9499    3.59604     15.679    33.2818    25.9321 -9.990e-29
 215.461412     15.794  34.571155     7.9496    3.59770     15.662    33.2822    25.9325 -9.990e-29
 215.461418     15.761  34.571419     7.9495    3.60246     15.629    33.2826    25.9328 -9.990e-29
 215.461424     15.733  34.571598     7.9493    3.57737     15.601    33.2830    25.9331 -9.990e-29
 215.461429     15.733  34.571363     7.9493    3.57044     15.601    33.2827    25.9329 -9.990e-29
 215.461435     15.765  34.570959     7.9489    3.56034     15.633    33.2827    25.9329 -9.990e-29
 215.461441     15.818  34.570963     7.9474    3.56064     15.685    33.2841    25.9343 -9.990e-29
 215.461447     15.871  34.571935     7.9456    3.58172     15.738    33.2868    25.9367 -9.990e-29
 215.461453     15.896  34.573483     7.9454    3.58533     15.763    33.2886    25.9381 -9.990e-29
 215.461458     15.879  34.574296     7.9470    3.59851     15.746    33.2880    25.9374 -9.990e-29
 215.461464     15.822  34.573770     7.9490    3.60781     15.689    33.2856    25.9352 -9.990e-29
 215.461470     15.748  34.572322     7.9504    3.59751     15.616    33.2827    25.9327 -9.990e-29
 215.461476     15.685  34.570822     7.9511    3.58413     15.554    33.2805    25.9309 -9.990e-29
 215.461481     15.656  34.570070     7.9508    3.58550     15.525    33.2800    25.9305 -9.990e-29
 215.461487     15.663  34.570180     7.9496    3.57703     15.532    33.2812    25.9317 -9.990e-29
 215.461493     15.690  34.570736     7.9482    3.58120     15.558    33.2831    25.9334 -9.990e-29
 215.461499     15.712  34.571348     7.9477    3.60090     15.580    33.2843    25.9344 -9.990e-29
 215.461505     15.713  34.571704     7.9485    3.59453     15.581    33.2839    25.9339 -9.990e-29
 215.461510     15.699  34.571711     7.9495    3.59565     15.567    33.2829    25.9331 -9.990e-29
 215.461516     15.689  34.571373     7.9498    3.59152     15.557    33.2823    25.9325 -9.990e-29
 215.461522     15.700  34.570799     7.9494    3.57578     15.568    33.2821    25.9324 -9.990e-29
 215.461528     15.733  34.570341     7.9486    3.57774     15.601    33.2823    25.9327 -9.990e-29
 215.461534     15.777  34.570502     7.9476    3.57767     15.645    33.2834    25.9337 -9.990e-29
 215.461539     15.817  34.571490     7.9468    3.56221     15.684    33.2852    25.9352 -9.990e-29
 215.461545     15.844  34.572374     7.9465    3.57180     15.711    33.2864    25.9362 -9.990e-29
 215.461551     15.855  34.572643     7.9467    3.56559     15.722    33.2865    25.9363 -9.990e-29
 215.461557     15.854  34.572651     7.9472    3.57693     15.721    33.2861    25.9358 -9.990e-29
 215.461563     15.847  34.572403     7.9476    3.58403     15.714    33.2854    25.9353 -9.990e-29
 215.461568     15.832  34.572125     7.9479    3.59102     15.699    33.2848    25.9348 -9.990e-29
 215.461574     15.813  34.572000     7.9484    3.58585     15.680    33.2842    25.9342 -9.990e-29
 215.461580     15.797  34.571858     7.9488    3.57982     15.665    33.2837    25.9338 -9.990e-29
 215.461586     15.797  34.571504     7.9491    3.57863     15.665    33.2831    25.9332 -9.990e-29
 215.461591     15.824  34.571021     7.9489    3.57689     15.691    33.2827    25.9330 -9.990e-29
 215.461597     15.877  34.570885     7.9481    3.58995     15.744    33.2833    25.9335 -9.990e-29
 215.461603     15.932  34.571467     7.9474    3.58359     15.798    33.2846    25.9346 -9.990e-29
 215.461609     15.969  34.572415     7.9476    3.58126     15.835    33.2854    25.9352 -9.990e-29
 215.461615     15.980  34.572743     7.9485    3.57904     15.846    33.2849    25.9347 -9.990e-29
 215.461620     15.970  34.572322     7.9491    3.57656     15.836    33.2838    25.9338 -9.990e-29
 215.461626     15.957  34.571706     7.9489    3.57124     15.823    33.2834    25.9335 -9.990e-29
 215.461632     15.960  34.571194     7.9482    3.56931     15.826    33.2835    25.9337 -9.990e-29
 215.461638     15.985  34.571219     7.9468    3.55077     15.851    33.2849    25.9350 -9.990e-29
 215.461644     16.024  34.571810     7.9451    3.54855     15.890    33.2871    25.9370 -9.990e-29
 215.461649     16.070  34.572626     7.9437    3.55284     15.935    33.2893    25.9389 -9.990e-29
 215.461655     16.111  34.573629     7.9431    3.55697     15.976    33.2909    25.9402 -9.990e-29
 215.461661     16.127  34.574467     7.9435    3.56555     15.992    33.2914    25.9406 -9.990e-29
 215.461667     16.115  34.574566     7.9444    3.57502     15.980    33.2907    25.9399 -9.990e-29
 215.461672     16.086  34.574055     7.9456    3.56794     15.951    33.2890    25.9384 -9.990e-29
 215.461678     16.062  34.573367     7.9466    3.57534     15.927    33.2873    25.9369 -9.990e-29
 215.461684     16.060  34.572704     7.9470    3.58457     15.925    33.2862    25.9360 -9.990e-29
 215.461690     16.086  34.572299     7.9469    3.57667     15.951    33.2859    25.9357 -9.990e-29
 215.461696     16.132  34.572167     7.9467    3.57635     15.997    33.2859    25.9358 -9.990e-29
 215.461701     16.202  34.572129     7.9465    3.56121     16.066    33.2860    25.9359 -9.990e-29
 215.461707     16.305  34.572127     7.9460    3.54820     16.168    33.2864    25.9363 -9.990e-29
 215.461713     16.442  34.572152     7.9452    3.54908     16.304    33.2872    25.9370 0.0000e+00
 215.461719     16.613  34.572233     7.9445    3.54293     16.474    33.2878    25.9376 0.0000e+00
 215.461725     16.817  34.572473     7.9439    3.51950     16.676    33.2886    25.9383 0.0000e+00
 215.461730     17.049  34.572999     7.9432    3.49857     16.906    33.2897    25.9393 0.0000e+00
 215.461736     17.308  34.573947     7.9417    3.46968     17.163    33.2920    25.9413 0.0000e+00
 215.461742     17.597  34.575828     7.9389    3.40839     17.449    33.2965    25.9453 0.0000e+00
 215.461748     17.916  34.579460     7.9352    3.34540     17.766    33.3038    25.9516 0.0000e+00
 215.461753     18.253  34.585564     7.9317    3.27027     18.100    33.3135    25.9597 0.0000e+00
 215.461759     18.590  34.594982     7.9289    3.20686     18.434    33.3261    25.9700 0.0000e+00
 215.461765     18.914  34.610172     7.9270    3.16859     18.755    33.3440    25.9843 0.0000e+00
 215.461771     19.216  34.631191     7.9259    3.14382     19.055    33.3674    26.0029 0.0000e+00
 215.461777     19.485  34.650170     7.9254    3.13526     19.321    33.3881    26.0192 0.0000e+00
 215.461782     19.704  34.659881     7.9255    3.14382     19.539    33.3983    26.0272 0.0000e+00
 215.461788     19.869  34.661489     7.9255    3.15094     19.702    33.3999    26.0285 0.0000e+00
 215.461794     19.997  34.658815     7.9252    3.15247     19.829    33.3973    26.0264 -9.990e-29
 215.461800     20.094  34.656700     7.9251    3.15494     19.925    33.3951    26.0247 -9.990e-29
 215.461806     20.158  34.657926     7.9252    3.14195     19.989    33.3963    26.0256 -9.990e-29
 215.461811     20.198  34.659636     7.9249    3.13566     20.028    33.3984    26.0273 -9.990e-29
 215.461817     20.237  34.660741     7.9245    3.12908     20.067    33.3999    26.0286 -9.990e-29
 215.461823     20.291  34.662150     7.9242    3.12062     20.121    33.4017    26.0300 -9.990e-29
 215.461829     20.356  34.663497     7.9237    3.09643     20.185    33.4036    26.0316 -9.990e-29
 215.461834     20.421  34.664888     7.9229    3.09080     20.250    33.4058    26.0335 -9.990e-29
 215.461840     20.487  34.667052     7.9213    3.08319     20.315    33.4096    26.0367 -9.990e-29
 215.461846     20.554  34.671186     7.9188    3.07712     20.381    33.4164    26.0424 -9.990e-29
 215.461852     20.613  34.676626     7.9173    3.09180     20.440    33.4236    26.0483 -9.990e-29
 215.461858     20.646  34.679966     7.9177    3.10912     20.473    33.4268    26.0507 -9.990e-29
 215.461863     20.644  34.679486     7.9195    3.10492     20.471    33.4246    26.0487 -9.990e-29
 215.461869     20.618  34.675659     7.9214    3.11820     20.445    33.4187    26.0438 -9.990e-29
 215.461875     20.588  34.670670     7.9224    3.11829     20.415    33.4124    26.0387 -9.990e-29
 215.461881     20.570  34.667956     7.9224    3.10037     20.397    33.4095    26.0364 -9.990e-29
 215.461887     20.571  34.668383     7.9220    3.11125     20.398    33.4103    26.0372 -9.990e-29
 215.461892     20.586  34.669713     7.9216    3.10008     20.413    33.4121    26.0386 -9.990e-29
 215.461898     20.608  34.670348     7.9210    3.10206     20.435    33.4134    26.0397 -9.990e-29
 215.461904     20.627  34.671130     7.9206    3.10827     20.454    33.4146    26.0407 -9.990e-29
 215.461910     20.629  34.671975     7.9206    3.10617     20.456    33.4155    26.0414 -9.990e-29
 215.461916     20.616  34.672319     7.9209    3.10011     20.443    33.4156    26.0414 -9.990e-29
 215.461921     20.599  34.672618     7.9211    3.08032     20.426    33.4157    26.0415 -9.990e-29
 215.461927     20.594  34.672705     7.9209    3.07615     20.421    33.4160    26.0418 -9.990e-29
 215.461933     20.609  34.673253     7.9203    3.06947     20.436    33.4171    26.0428 -9.990e-29
 215.461939     20.637  34.675549     7.9194    3.07491     20.464    33.4204    26.0455 -9.990e-29
 215.461944     20.663  34.678163     7.9184    3.07531     20.490    33.4242    26.0486 -9.990e-29
 215.461950     20.675  34.678968     7.9178    3.06576     20.501    33.4256    26.0498 -9.990e-29
 215.461956     20.675  34.678469     7.9176    3.06750     20.501    33.4253    26.0495 -9.990e-29
 215.461962     20.665  34.678239     7.9172    3.06916     20.492    33.4254    26.0497 -9.990e-29
 215.461968     20.647  34.678528     7.9168    3.06581     20.474    33.4261    26.0503 -9.990e-29
 215.461973     20.631  34.678593     7.9167    3.05848     20.458    33.4263    26.0505 -9.990e-29
 215.461979     20.629  34.678517     7.9167    3.04711     20.456    33.4262    26.0504 -9.990e-29
 215.461985     20.633  34.678757     7.9162    3.02953     20.460    33.4269    26.0511 -9.990e-29
 215.461991     20.634  34.680186     7.9147    3.03155     20.461    33.4299    26.0536 -9.990e-29
 215.461997     20.628  34.684146     7.9128    3.05671     20.455    33.4360    26.0586 -9.990e-29
 215.462002     20.598  34.688619     7.9128    3.06080     20.425    33.4408    26.0624 -9.990e-29
 215.462008     20.528  34.689470     7.9148    3.08502     20.356    33.4398    26.0614 -9.990e-29
 215.462014     20.432  34.686146     7.9173    3.10274     20.260    33.4339    26.0564 -9.990e-29
 215.462020     20.338  34.680940     7.9192    3.09206     20.167    33.4265    26.0503 -9.990e-29
 215.462025     20.273  34.675880     7.9203    3.09899     20.103    33.4201    26.0451 -9.990e-29
 215.462031     20.260  34.672631     7.9207    3.07848     20.090    33.4163    26.0420 -9.990e-29
 215.462037     20.302  34.671903     7.9202    3.05214     20.132    33.4159    26.0418 -9.990e-29
 215.462043     20.380  34.673282     7.9188    3.04945     20.209    33.4187    26.0442 -9.990e-29
 215.462049     20.464  34.676918     7.9169    3.04760     20.292    33.4244    26.0489 -9.990e-29
 215.462054     20.535  34.682044     7.9156    3.04748     20.363    33.4311    26.0544 -9.990e-29
 215.462060     20.580  34.685396     7.9156    3.06295     20.407    33.4347    26.0572 -9.990e-29
 215.462066     20.593  34.684705     7.9165    3.07455     20.420    33.4330    26.0558 -9.990e-29
 215.462072     20.584  34.681848     7.9179    3.07847     20.411    33.4286    26.0521 -9.990e-29
 215.462078     20.565  34.679180     7.9192    3.07134     20.392    33.4246    26.0487 -9.990e-29
 215.462083     20.543  34.677067     7.9198    3.07231     20.371    33.4217    26.0464 -9.990e-29
 215.462089     20.530  34.676050     7.9196    3.06078     20.358    33.4208    26.0458 -9.990e-29
 215.462095     20.537  34.676451     7.9188    3.05126     20.365    33.4220    26.0468 -9.990e-29
 215.462101     20.570  34.677682     7.9176    3.05203     20.397    33.4245    26.0489 -9.990e-29
 215.462106     20.626  34.679135     7.9166    3.04986     20.453    33.4270    26.0510 -9.990e-29
 215.462112     20.692  34.681060     7.9162    3.04757     20.518    33.4294    26.0530 -9.990e-29
 215.462118     20.754  34.682652     7.9160    3.05997     20.580    33.4312    26.0545 -9.990e-29
 215.462124     20.813  34.682663     7.9160    3.05557     20.638    33.4312    26.0545 -9.990e-29
 215.462130     20.872  34.682226     7.9161    3.05920     20.697    33.4306    26.0540 -9.990e-29
 215.462135     20.939  34.681874     7.9162    3.05431     20.763    33.4301    26.0536 -9.990e-29
 215.462141     21.023  34.681134     7.9164    3.03361     20.846    33.4291    26.0527 -9.990e-29
 215.462147     21.133  34.680698     7.9162    2.99711     20.956    33.4288    26.0525 -9.990e-29
 215.462153     21.289  34.681100     7.9146    2.94595     21.110    33.4307    26.0542 0.0000e+00
 215.462159     21.510  34.682872     7.9096    2.87947     21.329    33.4373    26.0601 0.0000e+00
