data/oxygen options/ONMS/Olympic_Coast_National_Marine_Sanctuary_Hypoxia_Survey_CTD_Data_2004_2015/raw_data/2006/CTD_TH080_071806faed.cnv
* Sea-Bird SBE19 Data File:
* FileName = C:\Hypoxia Data\CTD_TH080_071806.hex
* Software Version 1.1.8
* Temperature SN = 2997
* Conductivity SN = 2997
* System UpLoad Time = Jul 18 2006 13:26:55
* SEACAT PROFILER V3.1c SN 2997   07/18/06  13:26:01.365
* strain gauge pressure sensor: S/N = 184829,  range = 3000 psia,  tc = 40
# nquan = 9                                 
# nvalues = 1420                        
# units = specified
# name 0 = timeJ: Julian Days
# name 1 = prSM: Pressure, Strain Gauge [db]
# name 2 = c0mS/cm: Conductivity [mS/cm]
# name 3 = t090C: Temperature [ITS-90, deg C]
# name 4 = oxML/L: Oxygen, Beckman/YSI [ml/l]
# name 5 = depSM: Depth [salt water, m], lat = 47.5
# name 6 = sal00: Salinity, Practical [PSU]
# name 7 = sigma-é00: Density [sigma-theta, kg/m^3]
# name 8 = flag: flag
# span 0 = 199.551400, 199.559612       
# span 1 =     -4.852,     79.641       
# span 2 =   0.463073,  38.866251       
# span 3 =     7.5667,    14.5864       
# span 4 =  -13.11207,   42.08467       
# span 5 =     -4.812,     78.961       
# span 6 =     0.2848,    33.8368       
# span 7 =    -0.5639,    26.4241       
# span 8 = 0.0000e+00, 0.0000e+00       
# interval = seconds: 0.5
# start_time = Jul 18 2006 13:14:01 [Instrument's time stamp, header]
# bad_flag = -9.990e-29
*END*
[from data line 961]
 199.556962      0.577   3.030722    13.9204   -0.06904      0.572     2.0440     0.8405 -9.990e-29
 199.556968      0.578   3.093575    13.9171   -0.06911      0.573     2.0891     0.8758 -9.990e-29
 199.556973      0.586   3.268857    13.9204   -0.06911      0.581     2.2146     0.9723 -9.990e-29
 199.556979      0.595   3.369162    13.9270   -0.06900      0.590     2.2863     1.0267 -9.990e-29
 199.556985      0.599   3.345870    13.9335   -0.06907      0.594     2.2692     1.0125 -9.990e-29
 199.556991      0.598   3.289889    13.9387   -0.06918      0.593     2.2287     0.9805 -9.990e-29
 199.556997      0.599   3.308812    13.9442   -0.06920      0.594     2.2419     0.9900 -9.990e-29
 199.557002      0.604   3.365347    13.9507   21.32252      0.599     2.2822     1.0201 -9.990e-29
 199.557008      0.604   3.286651    13.9557   39.24700      0.599     2.2254     0.9755 -9.990e-29
 199.557014      0.598   3.138920    13.9579   42.08467      0.593     2.1194     0.8934 -9.990e-29
 199.557020      0.596   3.097428    13.9579   37.49248      0.591     2.0897     0.8705 -9.990e-29
 199.557025      0.601   3.105197    13.9562   25.10510      0.596     2.0953     0.8751 -9.990e-29
 199.557031      0.613   3.089256    13.9537   19.20132      0.608     2.0841     0.8667 -9.990e-29
 199.557037      0.630   3.120013    13.9520   18.93851      0.625     2.1062     0.8840 -9.990e-29
 199.557043      0.643   3.170695    13.9516    8.80699      0.638     2.1425     0.9121 -9.990e-29
 199.557049      0.649   3.109990    13.9533    1.43429      0.644     2.0989     0.8782 -9.990e-29
 199.557054      0.653   2.981401    13.9584   -1.42225      0.648     2.0069     0.8064 -9.990e-29
 199.557060      0.659   2.949567    13.9666   -0.77088      0.653     1.9838     0.7874 -9.990e-29
 199.557066      0.664   3.054818    13.9759    3.70652      0.658     2.0583     0.8436 -9.990e-29
 199.557072      0.663   3.165284    13.9837    5.61338      0.657     2.1368     0.9031 -9.990e-29
 199.557078      0.657   3.138263    13.9888    6.14016      0.652     2.1172     0.8873 -9.990e-29
 199.557083      0.648   3.015502    13.9922    6.47897      0.643     2.0294     0.8190 -9.990e-29
 199.557089      0.647   2.950532    13.9926    6.65103      0.642     1.9831     0.7832 -9.990e-29
 199.557095      0.647   2.962280    13.9892    6.75337      0.642     1.9917     0.7903 -9.990e-29
 199.557101      0.636   2.916980    13.9842    6.83160      0.631     1.9597     0.7663 -9.990e-29
 199.557106      0.618   2.764782    13.9797    6.88684      0.613     1.8519     0.6836 -9.990e-29
 199.557112      0.604   2.650466    13.9764    6.90684      0.599     1.7712     0.6217 -9.990e-29
 199.557118      0.594   2.725425    13.9735    6.92172      0.589     1.8243     0.6632 -9.990e-29
 199.557124      0.582   2.901309    13.9687    6.93258      0.577     1.9493     0.7605 -9.990e-29
 199.557130      0.568   2.939941    13.9622    6.93744      0.563     1.9771     0.7829 -9.990e-29
 199.557135      0.551   2.805075    13.9567    6.94279      0.546     1.8815     0.7098 -9.990e-29
 199.557141      0.534   2.691274    13.9555    6.95699      0.530     1.8010     0.6478 -9.990e-29
 199.557147      0.524   2.720085    13.9606    6.96729      0.520     1.8211     0.6626 -9.990e-29
 199.557153      0.522   2.823842    13.9706    6.96035      0.518     1.8942     0.7176 -9.990e-29
 199.557159      0.518   2.885943    13.9813    6.94839      0.514     1.9378     0.7498 -9.990e-29
 199.557164      0.516   2.885322    13.9888    6.93695      0.512     1.9370     0.7481 -9.990e-29
 199.557170      0.525   2.902252    13.9926    6.94758      0.521     1.9488     0.7567 -9.990e-29
 199.557176      0.540   2.956527    13.9948    6.98601      0.535     1.9873     0.7861 -9.990e-29
 199.557182      0.560   2.956089    13.9965    7.01229      0.555     1.9869     0.7855 -9.990e-29
 199.557188      0.580   2.902573    13.9978    7.02455      0.575     1.9488     0.7559 -9.990e-29
 199.557193      0.594   2.938484    14.0006    7.02514      0.589     1.9742     0.7751 -9.990e-29
 199.557199      0.601   3.070038    14.0042    7.02707      0.596     2.0677     0.8468 -9.990e-29
 199.557205      0.608   3.109334    14.0061    7.02188      0.603     2.0956     0.8681 -9.990e-29
 199.557211      0.615   2.981556    14.0079    7.01344      0.610     2.0044     0.7974 -9.990e-29
 199.557216      0.621   2.856858    14.0114    7.00479      0.616     1.9156     0.7283 -9.990e-29
 199.557222      0.623   2.877832    14.0149    6.98956      0.618     1.9303     0.7392 -9.990e-29
 199.557228      0.617   2.950246    14.0161    6.97781      0.612     1.9817     0.7787 -9.990e-29
 199.557234      0.607   2.928469    14.0166    6.95692      0.602     1.9662     0.7667 -9.990e-29
 199.557240      0.601   2.825680    14.0183    6.93947      0.596     1.8932     0.7100 -9.990e-29
 199.557245      0.598   2.766451    14.0211    6.94085      0.593     1.8511     0.6771 -9.990e-29
 199.557251      0.594   2.787906    14.0232    6.95807      0.589     1.8662     0.6885 -9.990e-29
 199.557257      0.588   2.818672    14.0228    6.99392      0.583     1.8880     0.7054 -9.990e-29
 199.557263      0.581   2.824236    14.0223    7.05487      0.576     1.8920     0.7085 -9.990e-29
 199.557269      0.575   2.804238    14.0261    7.11686      0.570     1.8776     0.6969 -9.990e-29
 199.557274      0.572   2.752567    14.0347    7.15269      0.567     1.8406     0.6671 -9.990e-29
 199.557280      0.565   2.690864    14.0439    7.16395      0.560     1.7966     0.6317 -9.990e-29
 199.557286      0.559   2.666828    14.0504    7.16704      0.554     1.7793     0.6175 -9.990e-29
 199.557292      0.558   2.741162    14.0538    7.17029      0.553     1.8317     0.6574 -9.990e-29
 199.557297      0.562   2.899665    14.0569    7.17916      0.557     1.9438     0.7435 -9.990e-29
 199.557303      0.572   3.020406    14.0622    7.17328      0.567     2.0293     0.8088 -9.990e-29
 199.557309      0.586   3.089403    14.0666    7.16241      0.581     2.0782     0.8459 -9.990e-29
 199.557315      0.604   3.188097    14.0669    7.14522      0.599     2.1486     0.9002 -9.990e-29
 199.557321      0.620   3.235851    14.0647    7.10605      0.615     2.1828     0.9270 -9.990e-29
 199.557326      0.637   3.116330    14.0614    7.08408      0.632     2.0976     0.8617 -9.990e-29
 199.557332      0.651   2.925171    14.0567    7.08160      0.646     1.9619     0.7575 -9.990e-29
 199.557338      0.658   2.846907    14.0512    7.08943      0.653     1.9066     0.7157 -9.990e-29
 199.557344      0.659   2.903839    14.0465    7.10724      0.653     1.9472     0.7477 -9.990e-29
 199.557350      0.659   2.939134    14.0425    7.12515      0.653     1.9725     0.7678 -9.990e-29
 199.557355      0.662   2.865431    14.0389    7.10594      0.656     1.9204     0.7280 -9.990e-29
 199.557361      0.663   2.762213    14.0359    7.10466      0.657     1.8474     0.6721 -9.990e-29
 199.557367      0.663   2.706819    14.0349    7.12628      0.657     1.8083     0.6421 -9.990e-29
 199.557373      0.666   2.731474    14.0372    7.16224      0.660     1.8256     0.6551 -9.990e-29
 199.557378      0.667   2.867941    14.0428    7.18919      0.661     1.9219     0.7287 -9.990e-29
 199.557384      0.664   3.027104    14.0515    7.19965      0.658     2.0346     0.8144 -9.990e-29
 199.557390      0.655   3.037893    14.0635    7.19773      0.650     2.0416     0.8182 -9.990e-29
 199.557396      0.643   2.920810    14.0801    7.18459      0.638     1.9576     0.7509 -9.990e-29
 199.557402      0.634   2.814724    14.1013    7.17180      0.629     1.8814     0.6890 -9.990e-29
 199.557407      0.626   2.762052    14.1202    7.17745      0.621     1.8433     0.6568 -9.990e-29
 199.557413      0.622   2.838082    14.1277    7.16403      0.617     1.8967     0.6969 -9.990e-29
 199.557419      0.628   3.039729    14.1233    7.16800      0.623     2.0398     0.8081 -9.990e-29
 199.557425      0.638   3.111470    14.1134    7.19312      0.633     2.0914     0.8493 -9.990e-29
 199.557431      0.646   2.944553    14.1034    7.18731      0.641     1.9733     0.7596 -9.990e-29
 199.557436      0.647   2.706397    14.0957    7.17539      0.642     1.8052     0.6309 -9.990e-29
 199.557442      0.646   2.563267    14.0914    7.16788      0.641     1.7046     0.5538 -9.990e-29
 199.557448      0.646   2.571473    14.0915    7.17213      0.641     1.7104     0.5583 -9.990e-29
 199.557454      0.648   2.672539    14.0950    7.16391      0.643     1.7813     0.6126 -9.990e-29
 199.557459      0.653   2.753519    14.0985    7.15536      0.648     1.8383     0.6561 -9.990e-29
 199.557465      0.659   2.766872    14.0992    7.16897      0.653     1.8477     0.6632 -9.990e-29
 199.557471      0.669   2.797611    14.0988    7.18763      0.663     1.8694     0.6801 -9.990e-29
 199.557477      0.677   2.878385    14.1019    7.18808      0.671     1.9264     0.7237 -9.990e-29
 199.557483      0.681   2.871376    14.1088    7.19645      0.675     1.9211     0.7186 -9.990e-29
 199.557488      0.680   2.747796    14.1147    7.20657      0.674     1.8335     0.6500 -9.990e-29
 199.557494      0.675   2.687799    14.1183    7.20875      0.669     1.7910     0.6167 -9.990e-29
 199.557500      0.665   2.776355    14.1200    7.21463      0.659     1.8534     0.6646 -9.990e-29
 199.557506      0.654   2.895486    14.1195    7.21206      0.649     1.9377     0.7298 -9.990e-29
 199.557512      0.650   3.004636    14.1182    7.20362      0.645     2.0152     0.7898 -9.990e-29
 199.557517      0.652   3.133231    14.1155    7.21175      0.647     2.1068     0.8609 -9.990e-29
 199.557523      0.652   3.151073    14.1087    7.20519      0.647     2.1199     0.8720 -9.990e-29
 199.557529      0.650   3.020294    14.0994    7.21862      0.645     2.0273     0.8019 -9.990e-29
 199.557535      0.650   2.931500    14.0910    7.22202      0.645     1.9646     0.7547 -9.990e-29
 199.557541      0.649   2.971283    14.0851    7.21231      0.644     1.9932     0.7776 -9.990e-29
 199.557546      0.644   3.011047    14.0812    7.21235      0.639     2.0216     0.8001 -9.990e-29
 199.557552      0.642   2.955501    14.0775    7.20857      0.637     1.9824     0.7704 -9.990e-29
 199.557558      0.641   2.843348    14.0725    7.19878      0.636     1.9031     0.7099 -9.990e-29
 199.557564      0.642   2.754462    14.0666    7.19164      0.637     1.8405     0.6624 -9.990e-29
 199.557569      0.645   2.739737    14.0604    7.19567      0.640     1.8304     0.6554 -9.990e-29
 199.557575      0.649   2.761768    14.0547    7.18827      0.644     1.8462     0.6685 -9.990e-29
 199.557581      0.651   2.743289    14.0503    7.19645      0.646     1.8333     0.6592 -9.990e-29
 199.557587      0.652   2.659105    14.0485    7.19284      0.647     1.7740     0.6136 -9.990e-29
 199.557593      0.654   2.565812    14.0523    7.15087      0.649     1.7081     0.5622 -9.990e-29
 199.557598      0.654   2.554508    14.0628    7.16035      0.649     1.6997     0.5542 -9.990e-29
 199.557604      0.648   2.636223    14.0753    7.18289      0.643     1.7566     0.5964 -9.990e-29
 199.557610      0.640   2.718310    14.0837    7.20359      0.635     1.8141     0.6396 -9.990e-29
 199.557616      0.634   2.741933    14.0868    7.19581      0.629     1.8307     0.6519 -9.990e-29
 199.557622      0.629   2.750814    14.0873    7.19629      0.624     1.8369     0.6566 -9.990e-29
 199.557627      0.629   2.779565    14.0867    7.18991      0.624     1.8573     0.6724 -9.990e-29
 199.557633      0.633   2.818755    14.0852    7.17682      0.628     1.8850     0.6941 -9.990e-29
 199.557639      0.635   2.853430    14.0846    7.18545      0.630     1.9096     0.7132 -9.990e-29
 199.557645      0.630   2.920379    14.0863    7.19088      0.625     1.9570     0.7495 -9.990e-29
 199.557650      0.620   3.185517    14.0878    7.19564      0.615     2.1456     0.8949 -9.990e-29
 199.557656      0.616   3.563956    14.0875    7.19481      0.611     2.4169     1.1043 -9.990e-29
 199.557662      0.620   3.649616    14.0872    7.19587      0.615     2.4786     1.1519 -9.990e-29
 199.557668      0.632   3.406191    14.0886    7.18925      0.627     2.3034     1.0166 -9.990e-29
 199.557674      0.650   3.173139    14.0908    7.18019      0.645     2.1366     0.8875 -9.990e-29
 199.557679      0.666   3.131980    14.0918    7.18083      0.660     2.1072     0.8646 -9.990e-29
 199.557685      0.676   3.213174    14.0913    7.19441      0.670     2.1651     0.9095 -9.990e-29
 199.557691      0.682   3.288689    14.0929    7.20097      0.676     2.2190     0.9508 -9.990e-29
 199.557697      0.683   3.257212    14.1029    7.19387      0.677     2.1959     0.9316 -9.990e-29
 199.557703      0.680   3.093090    14.1231    7.18892      0.674     2.0778     0.8374 -9.990e-29
 199.557708      0.672   2.900267    14.1454    7.18899      0.666     1.9398     0.7277 -9.990e-29
 199.557714      0.664   2.773844    14.1614    7.20012      0.658     1.8497     0.6558 -9.990e-29
 199.557720      0.658   2.706897    14.1699    7.21349      0.653     1.8021     0.6178 -9.990e-29
 199.557726      0.651   2.681258    14.1717    7.22207      0.646     1.7840     0.6035 -9.990e-29
 199.557731      0.638   2.700509    14.1668    7.22676      0.633     1.7978     0.6149 -9.990e-29
 199.557737      0.622   2.722560    14.1576    7.23244      0.617     1.8137     0.6285 -9.990e-29
 199.557743      0.610   2.668508    14.1471    7.24922      0.605     1.7761     0.6010 -9.990e-29
 199.557749      0.607   2.538481    14.1378    7.25501      0.602     1.6852     0.5322 -9.990e-29
 199.557755      0.607   2.436798    14.1309    7.25146      0.602     1.6143     0.4784 -9.990e-29
 199.557760      0.602   2.423371    14.1253    7.24094      0.597     1.6051     0.4721 -9.990e-29
 199.557766      0.592   2.453641    14.1184    7.24723      0.587     1.6266     0.4897 -9.990e-29
 199.557772      0.585   2.468013    14.1100    7.25407      0.580     1.6370     0.4989 -9.990e-29
 199.557778      0.585   2.438448    14.1012   -4.23264      0.580     1.6167     0.4845 -9.990e-29
 199.557784      0.591   2.376616    14.0932  -11.95225      0.586     1.5737     0.4524 -9.990e-29
 199.557789      0.599   2.320023    14.0872  -13.11207      0.594     1.5344     0.4229 -9.990e-29
 199.557795      0.607   2.265403    14.0847   -9.85533      0.602     1.4964     0.3939 -9.990e-29
 199.557801      0.614   2.176024    14.0879   -2.16496      0.609     1.4341     0.3453 -9.990e-29
 199.557807      0.621   2.035439    14.0963   -0.24211      0.616     1.3364     0.2685 -9.990e-29
 199.557813      0.628   1.879393    14.1059   -0.13457      0.623     1.2284     0.1837 -9.990e-29
 199.557818      0.631   1.767974    14.1129   -0.08924      0.626     1.1518     0.1234 -9.990e-29
 199.557824      0.631   1.691409    14.1155   -0.07507      0.626     1.0993     0.0824 -9.990e-29
 199.557830      0.632   1.597015    14.1143   -0.06941      0.627     1.0350     0.0328 -9.990e-29
 199.557836      0.634   1.486595    14.1112   -0.06940      0.629     0.9601    -0.0247 -9.990e-29
 199.557841      0.638   1.397750    14.1071   -0.06942      0.633     0.9001    -0.0705 -9.990e-29
 199.557847      0.642   1.344665    14.1018   -0.06944      0.637     0.8645    -0.0974 -9.990e-29
 199.557853      0.648   1.314833    14.0963   -0.06945      0.643     0.8445    -0.1121 -9.990e-29
 199.557859      0.657   1.284572    14.0921   -0.06948      0.652     0.8243    -0.1271 -9.990e-29
 199.557865      0.668   1.240725    14.0913   -0.06950      0.662     0.7949    -0.1498 -9.990e-29
 199.557870      0.677   1.192533    14.0949   -0.06952      0.671     0.7625    -0.1754 -9.990e-29
 199.557876      0.682   1.153983    14.1002   -0.06953      0.676     0.7367    -0.1961 -9.990e-29
