data/oxygen options/ONMS/Olympic_Coast_National_Marine_Sanctuary_Hypoxia_Survey_CTD_Data_2004_2015/raw_data/2006/CTD_TH050_081706faedb.cnv
* Sea-Bird SBE19 Data File:
* FileName = C:\Hypoxia_Data_2006\CTD_TH050_081606.hex
* Software Version 1.1.6
* Temperature SN = 2997
* Conductivity SN = 2997
* System UpLoad Time = Aug 17 2006 10:27:53
* SEACAT PROFILER V3.1c SN 2997   08/17/06  10:27:18.465
* strain gauge pressure sensor: S/N = 184829,  range = 3000 psia,  tc = 40
# nquan = 9
# nvalues = 46                          
# units = specified
# name 0 = timeJ: Julian Days
# name 1 = prSM: Pressure, Strain Gauge [db]
# name 2 = c0mS/cm: Conductivity [mS/cm]
# name 3 = t090C: Temperature [ITS-90, deg C]
# name 4 = oxML/L: Oxygen, Beckman/YSI [ml/l]
# name 5 = depSM: Depth [salt water, m], lat = 47.5
# name 6 = sal00: Salinity, Practical [PSU]
# name 7 = sigma-é00: Density [sigma-theta, kg/m^3]
# name 8 = flag: flag
# span 0 = 229.309128, 229.432938       
# span 1 =      3.000,     49.000       
# span 2 =  34.683387,  37.359314       
# span 3 =     7.8320,    12.1816       
# span 4 =    2.37989,    5.99701       
# span 5 =      2.975,     48.585       
# span 6 =    32.2769,    33.7318       
# span 7 =    24.4410,    26.3032       
# span 8 = 0.0000e+00, 0.0000e+00       
# interval = decibars: 1                
# start_time = Aug 17 2006 10:15:35 [Instrument's time stamp, header]
# bad_flag = -9.990e-29
*END*
 229.430567      3.000  37.359314    12.1816    5.99701      2.975    32.2769    24.4410 0.0000e+00
 229.430588      4.000  37.340182    12.1575    5.98665      3.967    32.2789    24.4471 0.0000e+00
 229.430606      5.000  37.332099    12.1466    5.98144      4.958    32.2802    24.4502 0.0000e+00
 229.430623      6.000  37.329260    12.1389    5.93548      5.950    32.2837    24.4544 0.0000e+00
 229.430640      7.000  37.319230    12.1059    5.88239      6.941    32.3021    24.4749 0.0000e+00
 229.430657      8.000  37.283701    12.0478    5.80716      7.933    32.3178    24.4979 0.0000e+00
 229.430676      9.000  37.245387    11.9916    5.78586      8.925    32.3291    24.5171 0.0000e+00
 229.430700     10.000  37.186900    11.9173    5.87234      9.916    32.3365    24.5368 0.0000e+00
 229.430976     11.000  37.001797    11.6011    5.34909     10.908    32.4321    24.6689 0.0000e+00
 229.431060     12.000  36.641427    11.1180    5.08379     11.899    32.5030    24.8109 0.0000e+00
 229.431078     13.000  36.414025    10.8236    5.03896     12.891    32.5384    24.8904 0.0000e+00
 229.431095     14.000  36.280535    10.6714    5.00892     13.883    32.5405    24.9184 0.0000e+00
 229.431112     15.000  36.208907    10.5956    4.84830     14.874    32.5361    24.9281 0.0000e+00
 229.431127     16.000  36.141233    10.4507    4.54031     15.866    32.5975    25.0008 0.0000e+00
 229.431143     17.000  36.048187    10.2218    4.22737     16.857    32.7093    25.1268 0.0000e+00
 229.431158     18.000  35.749894     9.7263    3.92458     17.849    32.8558    25.3236 0.0000e+00
 229.431175     19.000  35.500327     9.3906    3.86027     18.840    32.9071    25.4180 0.0000e+00
 229.431195     20.000  35.289691     9.0284    3.88884     19.832    33.0233    25.5664 0.0000e+00
 229.309128     22.000  35.178167     8.8426    3.58530     21.815    33.0767    25.6366 0.0000e+00
 229.431622     23.000  35.166533     8.7693    3.53820     22.807    33.1350    25.6942 0.0000e+00
 229.431639     24.000  35.162788     8.7506    3.51265     23.798    33.1481    25.7073 0.0000e+00
 229.431653     25.000  35.165258     8.7352    3.49502     24.790    33.1647    25.7227 0.0000e+00
 229.431667     26.000  35.164537     8.7170    3.48252     25.781    33.1806    25.7380 0.0000e+00
 229.431680     27.000  35.159031     8.6893    3.37020     26.773    33.2003    25.7577 0.0000e+00
 229.431696     28.000  35.137457     8.6201    3.27061     27.765    33.2422    25.8011 0.0000e+00
 229.431713     29.000  35.006631     8.3754    3.33491     28.756    33.3348    25.9108 0.0000e+00
 229.431733     30.000  34.750771     8.1374    3.27739     29.748    33.2887    25.9103 0.0000e+00
 229.432066     31.000  34.735772     8.0688    3.21913     30.739    33.3373    25.9584 0.0000e+00
 229.432195     32.000  34.687715     7.9601    3.14592     31.730    33.3891    26.0151 0.0000e+00
 229.432210     33.000  34.683387     7.8922    2.98094     32.722    33.4490    26.0720 0.0000e+00
 229.432225     34.000  34.728426     7.8761    2.81654     33.713    33.5123    26.1241 0.0000e+00
 229.432240     35.000  34.789123     7.8746    2.71178     34.705    33.5783    26.1762 0.0000e+00
 229.432256     36.000  34.821182     7.8658    2.54877     35.697    33.6207    26.2108 0.0000e+00
 229.432271     37.000  34.856060     7.8484    2.44940     36.688    33.6744    26.2555 0.0000e+00
 229.432287     38.000  34.886938     7.8394    2.41901     37.679    33.7157    26.2893 0.0000e+00
 229.432306     39.000  34.894961     7.8397    2.42138     38.671    33.7236    26.2955 0.0000e+00
 229.432334     40.000  34.897457     7.8411    2.43450     39.662    33.7245    26.2959 0.0000e+00
 229.432709     41.000  34.895804     7.8370    2.41244     40.654    33.7261    26.2979 0.0000e+00
 229.432823     42.000  34.895483     7.8349    2.40235     41.645    33.7274    26.2992 0.0000e+00
 229.432841     43.000  34.895955     7.8347    2.39016     42.637    33.7277    26.2995 0.0000e+00
 229.432858     44.000  34.896922     7.8341    2.39389     43.628    33.7288    26.3005 0.0000e+00
 229.432872     45.000  34.897682     7.8334    2.38306     44.619    33.7298    26.3013 0.0000e+00
 229.432888     46.000  34.898695     7.8335    2.38780     45.611    33.7303    26.3017 0.0000e+00
 229.432904     47.000  34.899288     7.8334    2.39179     46.603    33.7306    26.3020 0.0000e+00
 229.432920     48.000  34.899548     7.8325    2.37989     47.594    33.7312    26.3026 0.0000e+00
 229.432938     49.000  34.900050     7.8320    2.38635     48.585    33.7318    26.3032 0.0000e+00
