data/oxygen options/ONMS/Olympic_Coast_National_Marine_Sanctuary_Hypoxia_Survey_CTD_Data_2004_2015/raw_data/2006/CTD_TH100_071806faed.cnv
* Sea-Bird SBE19 Data File:
* FileName = C:\Hypoxia Data\CTD_TH0100_071806.hex
* Software Version 1.1.8
* Temperature SN = 2997
* Conductivity SN = 2997
* System UpLoad Time = Jul 18 2006 12:53:16
* SEACAT PROFILER V3.1c SN 2997   07/18/06  12:52:12.815
* strain gauge pressure sensor: S/N = 184829,  range = 3000 psia,  tc = 40
# nquan = 9                                 
# nvalues = 976                         
# units = specified
# name 0 = timeJ: Julian Days
# name 1 = prSM: Pressure, Strain Gauge [db]
# name 2 = c0mS/cm: Conductivity [mS/cm]
# name 3 = t090C: Temperature [ITS-90, deg C]
# name 4 = oxML/L: Oxygen, Beckman/YSI [ml/l]
# name 5 = depSM: Depth [salt water, m], lat = 47.5
# name 6 = sal00: Salinity, Practical [PSU]
# name 7 = sigma-é00: Density [sigma-theta, kg/m^3]
# name 8 = flag: flag
# span 0 = 199.529780, 199.535422       
# span 1 =     -5.311,     99.768       
# span 2 =   0.182376,  38.946754       
# span 3 =     7.3904,    15.0145       
# span 4 =   -0.40297,   32.33514       
# span 5 =     -5.267,     98.911       
# span 6 =     0.1090,    33.8841       
# span 7 =    -0.7969,    26.4831       
# span 8 = 0.0000e+00, 0.0000e+00       
# interval = seconds: 0.5
# start_time = Jul 18 2006 12:42:53 [Instrument's time stamp, header]
# bad_flag = -9.990e-29
*END*
 199.529780     -5.311 -9.990e-29    14.7685   -0.06833     -5.267 -9.990e-29 -9.990e-29 -9.990e-29
 199.529786     -5.278   0.188364    14.7697   -0.06833     -5.234     0.1128    -0.7770 -9.990e-29
 199.529792     -5.248   0.188364    14.7715   -0.06833     -5.204     0.1127    -0.7773 -9.990e-29
 199.529797     -5.222   0.188364    14.7740   -0.06833     -5.178     0.1127    -0.7777 -9.990e-29
 199.529803     -5.200   0.188364    14.7768   -0.06833     -5.157     0.1127    -0.7781 -9.990e-29
 199.529809     -5.179   0.188364    14.7798   -0.06833     -5.136     0.1127    -0.7785 -9.990e-29
 199.529815     -5.159   0.188364    14.7831   -0.06834     -5.116     0.1127    -0.7790 -9.990e-29
 199.529821     -5.138   0.188363    14.7864   -0.06834     -5.095     0.1127    -0.7795 -9.990e-29
 199.529826     -5.115   0.188362    14.7884   -0.06834     -5.072     0.1127    -0.7798 -9.990e-29
 199.529832     -5.088   0.188361    14.7887   -0.06835     -5.046     0.1127    -0.7799 -9.990e-29
 199.529838     -5.056   0.188359    14.7892   -0.06834     -5.014     0.1127    -0.7800 -9.990e-29
 199.529844     -5.021   0.188354    14.7903   -0.06834     -4.979     0.1127    -0.7801 -9.990e-29
 199.529850     -4.989   0.188340    14.7907   -0.06834     -4.947     0.1127    -0.7802 -9.990e-29
 199.529855     -4.962   0.188298    14.7897   -0.06836     -4.921     0.1127    -0.7801 -9.990e-29
 199.529861     -4.939   0.188174    14.7877   -0.06838     -4.898     0.1126    -0.7798 -9.990e-29
 199.529867     -4.919   0.187804    14.7858   -0.06839     -4.878     0.1124    -0.7797 -9.990e-29
 199.529873     -4.899   0.187249    14.7846   -0.06839     -4.858     0.1120    -0.7798 -9.990e-29
 199.529878     -4.879   0.186879    14.7838   -0.06838     -4.838     0.1118    -0.7798 -9.990e-29
 199.529884     -4.858   0.186755    14.7836   -0.06837     -4.818     0.1118    -0.7799 -9.990e-29
 199.529890     -4.838   0.186714    14.7839   -0.06835     -4.798     0.1117    -0.7799 -9.990e-29
 199.529896     -4.822   0.186699    14.7833   -0.06834     -4.782     0.1117    -0.7798 -9.990e-29
 199.529902     -4.806   0.186692    14.7801   -0.06834     -4.766     0.1117    -0.7794 -9.990e-29
 199.529907     -4.783   0.186685    14.7740   -0.06835     -4.743     0.1117    -0.7784 -9.990e-29
 199.529913     -4.753   0.186671    14.7668   -0.06838     -4.713     0.1117    -0.7774 -9.990e-29
 199.529919     -4.717   0.186629    14.7617   -0.06841     -4.678     0.1117    -0.7766 -9.990e-29
 199.529925     -4.683   0.186506    14.7611   -0.06843     -4.644     0.1117    -0.7766 -9.990e-29
 199.529931     -4.651   0.186137    14.7647   -0.06843     -4.612     0.1114    -0.7773 -9.990e-29
 199.529936     -4.621   0.185587    14.7709   -0.06843     -4.582     0.1111    -0.7785 -9.990e-29
 199.529942     -4.590   0.185230    14.7776   -0.06842     -4.552     0.1109    -0.7797 -9.990e-29
 199.529948     -4.556   0.185147    14.7822   -0.06840     -4.518     0.1108    -0.7804 -9.990e-29
 199.529954     -4.521   0.185228    14.7825   -0.06839     -4.483     0.1108    -0.7804 -9.990e-29
 199.529959     -4.492   0.185583    14.7769   -0.06838     -4.455     0.1111    -0.7794 -9.990e-29
 199.529965     -4.471   0.186131    14.7661   -0.06836     -4.434     0.1114    -0.7775 -9.990e-29
 199.529971     -4.457   0.186493    14.7542   -0.06835     -4.420     0.1117    -0.7756 -9.990e-29
 199.529977     -4.445   0.186597    14.7458   -0.06836     -4.408     0.1118    -0.7742 -9.990e-29
 199.529983     -4.425   0.186584    14.7426   -0.06838     -4.388     0.1118    -0.7738 -9.990e-29
 199.529988     -4.396   0.186437    14.7436   -0.06840     -4.359     0.1117    -0.7740 -9.990e-29
 199.529994     -4.365   0.185962    14.7476   -0.06842     -4.329     0.1114    -0.7748 -9.990e-29
 199.530000     -4.333   0.185080    14.7539   -0.06844     -4.297     0.1108    -0.7762 -9.990e-29
 199.530006     -4.300   0.184279    14.7608   -0.06846     -4.264     0.1103    -0.7776 -9.990e-29
 199.530012     -4.267   0.184155    14.7673   -0.06848     -4.231     0.1102    -0.7786 -9.990e-29
 199.530017     -4.241   0.184545    14.7733   -0.06850     -4.206     0.1105    -0.7793 -9.990e-29
 199.530023     -4.224   0.184859    14.7762   -0.06850     -4.189     0.1106    -0.7796 -9.990e-29
 199.530029     -4.211   0.184964    14.7732   -0.06850     -4.176     0.1107    -0.7791 -9.990e-29
 199.530035     -4.193   0.184998    14.7657   -0.06851     -4.158     0.1108    -0.7780 -9.990e-29
 199.530041     -4.168   0.185009    14.7565   -0.06852     -4.133     0.1108    -0.7766 -9.990e-29
 199.530046     -4.139   0.185012    14.7467   -0.06852     -4.104     0.1108    -0.7751 -9.990e-29
 199.530052     -4.104   0.185013    14.7364   -0.06852     -4.070     0.1108    -0.7736 -9.990e-29
 199.530058     -4.066   0.185013    14.7263   -0.06852     -4.032     0.1109    -0.7721 -9.990e-29
 199.530064     -4.025   0.185013    14.7170   -0.06851     -3.991     0.1109    -0.7707 -9.990e-29
 199.530069     -3.985   0.185012    14.7091   -0.06852     -3.952     0.1109    -0.7695 -9.990e-29
 199.530075     -3.954   0.185012    14.7041   -0.06854     -3.921     0.1109    -0.7687 -9.990e-29
 199.530081     -3.936   0.185011    14.7013   -0.06855     -3.903     0.1109    -0.7683 -9.990e-29
 199.530087     -3.921   0.185011    14.6983   -0.06856     -3.888     0.1109    -0.7679 -9.990e-29
 199.530093     -3.908   0.185010    14.6950   -0.06857     -3.875     0.1109    -0.7674 -9.990e-29
 199.530098     -3.895   0.185009    14.6927   -0.06857     -3.863     0.1109    -0.7670 -9.990e-29
 199.530104     -3.879   0.185009    14.6921   -0.06856     -3.847     0.1109    -0.7669 -9.990e-29
 199.530110     -3.861   0.185008    14.6926   -0.06855     -3.829     0.1109    -0.7670 -9.990e-29
 199.530116     -3.846   0.185008    14.6920   -0.06855     -3.814     0.1109    -0.7669 -9.990e-29
 199.530122     -3.828   0.185007    14.6885   -0.06855     -3.796     0.1109    -0.7664 -9.990e-29
 199.530127     -3.801   0.185007    14.6833   -0.06856     -3.769     0.1110    -0.7656 -9.990e-29
 199.530133     -3.769   0.185006    14.6782   -0.06855     -3.738     0.1110    -0.7649 -9.990e-29
 199.530139     -3.733   0.185006    14.6734   -0.06854     -3.702     0.1110    -0.7641 -9.990e-29
 199.530145     -3.695   0.185005    14.6697   -0.06854     -3.664     0.1110    -0.7636 -9.990e-29
 199.530150     -3.662   0.185005    14.6687   -0.06855     -3.631     0.1110    -0.7634 -9.990e-29
 199.530156     -3.635   0.185004    14.6710   -0.06856     -3.605     0.1110    -0.7638 -9.990e-29
 199.530162     -3.613   0.185003    14.6747   -0.06856     -3.583     0.1110    -0.7643 -9.990e-29
 199.530168     -3.595   0.185003    14.6774   -0.06855     -3.565     0.1110    -0.7647 -9.990e-29
 199.530174     -3.579   0.185002    14.6778   -0.06855     -3.549     0.1110    -0.7648 -9.990e-29
 199.530179     -3.565   0.185002    14.6769   -0.06854     -3.535     0.1110    -0.7647 -9.990e-29
 199.530185     -3.551   0.185001    14.6775   -0.06853     -3.521     0.1110    -0.7648 -9.990e-29
 199.530191     -3.537   0.185000    14.6794   -0.06850     -3.508     0.1110    -0.7650 -9.990e-29
 199.530197     -3.522   0.184999    14.6798   -0.06847     -3.493     0.1110    -0.7651 -9.990e-29
 199.530203     -3.504   0.184997    14.6782   -0.06846     -3.475     0.1110    -0.7649 -9.990e-29
 199.530208     -3.483   0.184992    14.6767   -0.06844     -3.454     0.1110    -0.7646 -9.990e-29
 199.530214     -3.457   0.184978    14.6766   -0.06843     -3.428     0.1110    -0.7646 -9.990e-29
 199.530220     -3.430   0.184937    14.6783   -0.06843     -3.401     0.1109    -0.7649 -9.990e-29
 199.530226     -3.403   0.184815    14.6814   -0.06844     -3.375     0.1108    -0.7654 -9.990e-29
 199.530231     -3.374   0.184449    14.6865   -0.06844     -3.346     0.1106    -0.7664 -9.990e-29
 199.530237     -3.347   0.183907    14.6949   -0.06842     -3.319     0.1103    -0.7679 -9.990e-29
 199.530243     -3.323   0.183576    14.7064   -0.06840     -3.295     0.1100    -0.7697 -9.990e-29
 199.530249     -3.302   0.183571    14.7183   -0.06838     -3.274     0.1100    -0.7715 -9.990e-29
 199.530255     -3.282   0.183886    14.7287   -0.06836     -3.255     0.1102    -0.7729 -9.990e-29
 199.530260     -3.262   0.184387    14.7370   -0.06833     -3.235     0.1105    -0.7739 -9.990e-29
 199.530266     -3.240   0.184632    14.7420   -0.06830     -3.213     0.1106    -0.7746 -9.990e-29
 199.530272     -3.215   0.184395    14.7437   -0.06827     -3.188     0.1104    -0.7749 -9.990e-29
 199.530278     -3.185   0.183916    14.7443   -0.06826     -3.158     0.1102    -0.7752 -9.990e-29
 199.530284     -3.154   0.183665    14.7475   -0.06827     -3.128     0.1100    -0.7758 -9.990e-29
 199.530289     -3.126   0.183862    14.7549   -0.06827     -3.100     0.1101    -0.7769 -9.990e-29
 199.530295     -3.106   0.184216    14.7644   -0.06829     -3.080     0.1103    -0.7781 -9.990e-29
 199.530301     -3.090   0.184093    14.7745   -0.06830     -3.064     0.1102    -0.7797 -9.990e-29
 199.530307     -3.076   0.183328    14.7870   -0.06832     -3.050     0.1097    -0.7819 -9.990e-29
 199.530313     -3.052   0.182565    14.8021   -0.06831     -3.027     0.1092    -0.7846 -9.990e-29
 199.530318     -3.018   0.182451    14.8168   -0.06831     -2.993     0.1091    -0.7868 -9.990e-29
 199.530324     -2.983   0.182836    14.8281   -0.06831     -2.958     0.1093    -0.7883 -9.990e-29
 199.530330     -2.959   0.183124    14.8341   -0.06830     -2.934     0.1095    -0.7891 -9.990e-29
 199.530336     -2.945   0.183147    14.8343   -0.06830     -2.920     0.1095    -0.7891 -9.990e-29
 199.530341     -2.934   0.182935    14.8304   -0.06829     -2.910     0.1094    -0.7886 -9.990e-29
 199.530347     -2.926   0.182760    14.8240   -0.06829     -2.902     0.1093    -0.7878 -9.990e-29
 199.530353     -2.921   0.182944    14.8172   -0.06828     -2.897     0.1094    -0.7867 -9.990e-29
 199.530359     -2.918   0.183179    14.8123   -0.06828     -2.894     0.1096    -0.7858 -9.990e-29
 199.530365     -2.914   0.183224    14.8110   -0.06826     -2.890     0.1096    -0.7856 -9.990e-29
 199.530370     -2.894   0.183141    14.8123   -0.06825     -2.870     0.1095    -0.7858 -9.990e-29
 199.530376     -2.854   0.182820    14.8147   -0.06823     -2.830     0.1093    -0.7863 -9.990e-29
 199.530382     -2.803   0.182387    14.8176   -0.06822     -2.780     0.1091    -0.7870 -9.990e-29
 199.530388     -2.751   0.182376    14.8206   -0.06820     -2.728     0.1091    -0.7874 -9.990e-29
 199.530394     -2.708   0.182771    14.8237   -0.06818     -2.685     0.1093    -0.7877 -9.990e-29
 199.530399     -2.675   0.182991    14.8275   -0.06815     -2.653     0.1094    -0.7882 -9.990e-29
 199.530405     -2.646   0.182776    14.8316   -0.06813     -2.624     0.1093    -0.7889 -9.990e-29
 199.530411     -2.623   0.182394    14.8360   -0.06811     -2.601     0.1090    -0.7897 -9.990e-29
 199.530417     -2.609   0.182445    14.8415   -0.06811     -2.587     0.1090    -0.7905 -9.990e-29
 199.530422     -2.604   0.183000    14.8484   -0.06810     -2.582     0.1094    -0.7913 -9.990e-29
 199.530428     -2.602   0.183688    14.8564   -0.06809     -2.580     0.1097    -0.7922 -9.990e-29
 199.530434     -2.595   0.184319    14.8654   -0.06807     -2.573     0.1101    -0.7933 -9.990e-29
 199.530440     -2.578   0.184626    14.8754   -0.06802     -2.557     0.1103    -0.7947 -9.990e-29
 199.530446     -2.554   0.185019    14.8864   -0.06797     -2.533     0.1105    -0.7962 -9.990e-29
 199.530451     -2.531   0.187132    14.8978   -0.06792     -2.510     0.1117    -0.7969 -9.990e-29
 199.530457     -2.512   0.193229    14.9078   -0.06790     -2.491     0.1153    -0.7956 -9.990e-29
 199.530463     -2.494   0.203678    14.9149   -0.06789     -2.473     0.1215    -0.7919 -9.990e-29
 199.530469     -2.477   0.215777    14.9196   -0.06788     -2.456     0.1287    -0.7870 -9.990e-29
 199.530475     -2.460   0.227912    14.9231   -0.06786     -2.439     0.1360    -0.7819 -9.990e-29
 199.530480     -2.442   0.242401    14.9261   -0.06786     -2.422     0.1447    -0.7756 -9.990e-29
 199.530486     -2.421   0.265256    14.9296   -0.06784     -2.401     0.1584    -0.7654 -9.990e-29
 199.530492     -2.396   0.306435    14.9348   -0.06781     -2.376     0.1834    -0.7469 -9.990e-29
 199.530498     -2.367   0.379808    14.9415   -0.06778     -2.347     0.2283    -0.7131 -9.990e-29
 199.530503     -2.334   0.488043    14.9486   -0.06776     -2.315     0.2952    -0.6623 -9.990e-29
 199.530509     -2.305   0.610078    14.9551   -0.06778     -2.286     0.3716    -0.6041 -9.990e-29
 199.530515     -2.281   0.711175    14.9605   -0.06779     -2.262     0.4355    -0.5555 -9.990e-29
 199.530521     -2.263   0.770368    14.9656   -0.06779     -2.244     0.4732    -0.5271 -9.990e-29
 199.530527     -2.247   0.798684    14.9712   -0.06778     -2.228     0.4912    -0.5140 -9.990e-29
 199.530532     -2.234   0.813904    14.9780   -0.06776     -2.215     0.5008    -0.5076 -9.990e-29
 199.530538     -2.223   0.821345    14.9864   -0.06775     -2.204     0.5055    -0.5053 -9.990e-29
 199.530544     -2.213   0.825378    14.9955   -0.06776     -2.195     0.5079    -0.5048 -9.990e-29
 199.530550     -2.202   0.835821    15.0027   -0.06778     -2.184     0.5145    -0.5008 -9.990e-29
 199.530556     -2.191   0.858276    15.0056   -0.04839     -2.173     0.5289    -0.4901 -9.990e-29
 199.530561     -2.175   0.887178    15.0053   -0.05908     -2.157     0.5474    -0.4757 -9.990e-29
 199.530567     -2.148   0.908359    15.0051   -0.05679     -2.130     0.5610    -0.4652 -9.990e-29
 199.530573     -2.113   0.912335    15.0073   -0.05691     -2.095     0.5636    -0.4635 -9.990e-29
 199.530579     -2.071   0.914394    15.0115   -0.05699     -2.054     0.5648    -0.4632 -9.990e-29
 199.530584     -2.021   0.953895    15.0145   -0.05700     -2.004     0.5902    -0.4440 -9.990e-29
 199.530590     -1.959   1.102367    15.0133   -0.05703     -1.943     0.6864    -0.3695 -9.990e-29
 199.530596     -1.880   1.549453    15.0041   -0.05703     -1.864     0.9804    -0.1410 -9.990e-29
 199.530602     -1.785   2.867966    14.9752   -0.05705     -1.770     1.8771     0.5548 -9.990e-29
 199.530608     -1.676   6.800387    14.8939   -0.05710     -1.662     4.7154     2.7498 -9.990e-29
 199.530613     -1.550  18.611581    14.7287   -0.05711     -1.537    14.0410     9.9261 -9.990e-29
 199.530619     -1.400  32.857400    14.5293   -0.05711     -1.388    26.3225    19.3887 -9.990e-29
 199.530625     -1.219  37.511708    14.3832   -0.05711     -1.209    30.6025    22.7132 -9.990e-29
 199.530631     -1.013  37.501880    14.3021   -0.05714     -1.005    30.6577    22.7724 -9.990e-29
 199.530637     -0.800  38.454864    14.2594   -0.05714     -0.793    31.5605    23.4773 -9.990e-29
 199.530642     -0.596  38.775064    14.2396   -0.05715     -0.591    31.8695    23.7197 -9.990e-29
 199.530648     -0.409  38.887153    14.2256   -0.05715     -0.406    31.9836    23.8107 -9.990e-29
 199.530654     -0.245  38.915319    14.2049   -0.05716     -0.243    32.0265    23.8481 -9.990e-29
 199.530660     -0.109  38.922360    14.1828   -0.05718     -0.108    32.0513    23.8718 -9.990e-29
 199.530666     -0.007  38.938422    14.1726   -0.05714     -0.007    32.0745    23.8918 -9.990e-29
 199.530671      0.064  38.946754    14.1704   -0.05715      0.063    32.0839    23.8995 -9.990e-29
 199.530677      0.113  38.929835    14.1623   -0.05715      0.112    32.0751    23.8944 -9.990e-29
 199.530683      0.151  38.907748    14.1474   -0.05717      0.150    32.0672    23.8914 -9.990e-29
 199.530689      0.186  38.907157    14.1352   -0.05717      0.184    32.0768    23.9013 -9.990e-29
 199.530694      0.218  38.923901    14.1315   -0.05716      0.216    32.0952    23.9163 -9.990e-29
 199.530700      0.251  38.935968    14.1335   -0.05716      0.249    32.1046    23.9231 -9.990e-29
