data/oxygen options/ONMS/Olympic_Coast_National_Marine_Sanctuary_Hypoxia_Survey_CTD_Data_2004_2015/raw_data/2006/CTD_TH040_062006faed.cnv
* Sea-Bird SBE19 Data File:
* FileName = C:\Hypoxia Data\CTDS_TH040_062006.hex
* Software Version 1.1.8
* Temperature SN = 2997
* Conductivity SN = 2997
* System UpLoad Time = Jun 20 2006 12:57:56
* SEACAT PROFILER V3.1c SN 2997   06/20/06  12:56:50.560
* strain gauge pressure sensor: S/N = 184829,  range = 3000 psia,  tc = 40
# nquan = 9                                 
# nvalues = 548                         
# units = specified
# name 0 = timeJ: Julian Days
# name 1 = prSM: Pressure, Strain Gauge [db]
# name 2 = c0mS/cm: Conductivity [mS/cm]
# name 3 = t090C: Temperature [ITS-90, deg C]
# name 4 = oxML/L: Oxygen, Beckman/YSI [ml/l]
# name 5 = depSM: Depth [salt water, m], lat = 47.5
# name 6 = sal00: Salinity, Practical [PSU]
# name 7 = sigma-é00: Density [sigma-theta, kg/m^3]
# name 8 = flag: flag
# span 0 = 171.517072, 171.520237       
# span 1 =     -4.700,     39.110       
# span 2 =   2.475748,  37.888651       
# span 3 =     7.9006,    14.7449       
# span 4 =   -0.12879,   32.70001       
# span 5 =     -4.661,     38.780       
# span 6 =     1.6826,    33.5504       
# span 7 =     0.6640,    26.1493       
# span 8 = 0.0000e+00, 0.0000e+00       
# interval = seconds: 0.5
# start_time = Jun 20 2006 12:24:35 [Instrument's time stamp, header]
# bad_flag = -9.990e-29
*END*
[from data line 481]
 171.519855     28.433  34.791788     7.9851    2.62829     28.194    33.4782    26.0814 0.0000e+00
 171.519861     27.955  34.800238     8.0094    2.63306     27.720    33.4642    26.0668 0.0000e+00
 171.519867     27.473  34.809206     8.0262    2.65073     27.242    33.4580    26.0594 0.0000e+00
 171.519873     26.996  34.816611     8.0380    2.65380     26.769    33.4548    26.0552 0.0000e+00
 171.519878     26.522  34.822774     8.0487    2.66370     26.299    33.4514    26.0509 0.0000e+00
 171.519884     26.048  34.828613     8.0613    2.68221     25.829    33.4458    26.0447 0.0000e+00
 171.519890     25.572  34.835176     8.0792    2.69712     25.357    33.4359    26.0343 0.0000e+00
 171.519896     25.100  34.842237     8.0988    2.71322     24.889    33.4250    26.0228 0.0000e+00
 171.519902     24.632  34.847434     8.1118    2.72243     24.425    33.4183    26.0156 0.0000e+00
 171.519907     24.162  34.850412     8.1187    2.73997     23.959    33.4151    26.0121 0.0000e+00
 171.519913     23.691  34.854024     8.1288    2.76439     23.492    33.4096    26.0062 0.0000e+00
 171.519919     23.215  34.860285     8.1514    2.79730     23.020    33.3949    25.9914 0.0000e+00
 171.519925     22.725  34.868012     8.1958    2.83853     22.534    33.3611    25.9583 0.0000e+00
 171.519931     22.224  34.877413     8.2582    2.87595     22.037    33.3121    25.9105 0.0000e+00
 171.519936     21.719  34.890371     8.3168    2.86833     21.537    33.2705    25.8692 0.0000e+00
 171.519942     21.216  34.905105     8.3637    2.86081     21.038    33.2420    25.8397 0.0000e+00
 171.519948     20.721  34.919402     8.4118    2.88018     20.547    33.2120    25.8089 0.0000e+00
 171.519954     20.234  34.931582     8.4682    2.97737     20.064    33.1719    25.7690 0.0000e+00
 171.519959     19.753  34.943310     8.5208    3.11531     19.587    33.1350    25.7321 0.0000e+00
 171.519965     19.282  34.956774     8.5567    3.25495     19.120    33.1157    25.7116 0.0000e+00
 171.519971     18.820  34.968623     8.5901    3.43614     18.662    33.0971    25.6919 0.0000e+00
 171.519977     18.361  34.981767     8.6589    3.62902     18.207    33.0467    25.6419 0.0000e+00
 171.519983     17.891  35.005326     8.8381    3.85809     17.741    32.9047    25.5031 0.0000e+00
 171.519988     17.398  35.054447     9.1871    4.04354     17.252    32.6343    25.2371 0.0000e+00
 171.519994     16.877  35.160415     9.6065    4.16962     16.735    32.3626    24.9578 0.0000e+00
 171.520000     16.332  35.311419     9.9337    4.24551     16.195    32.2230    24.7955 0.0000e+00
 171.520006     15.772  35.445244    10.1452    4.24826     15.640    32.1703    24.7193 0.0000e+00
 171.520012     15.209  35.542967    10.2909    4.24753     15.082    32.1397    24.6710 0.0000e+00
 171.520017     14.658  35.617150    10.3727    4.20070     14.535    32.1420    24.6590 0.0000e+00
 171.520023     14.130  35.672496    10.3764    4.18919     14.012    32.1944    24.6993 0.0000e+00
 171.520029     13.631  35.707098    10.3359    4.28094     13.517    32.2653    24.7613 0.0000e+00
 171.520035     13.160  35.709892    10.3065    4.44740     13.050    32.2944    24.7890 0.0000e+00
 171.520041     12.706  35.698065    10.3172    4.66742     12.600    32.2732    24.7707 0.0000e+00
 171.520046     12.264  35.709687    10.3789    4.90596     12.161    32.2303    24.7268 0.0000e+00
 171.520052     11.823  35.764173    10.5067    5.16169     11.724    32.1720    24.6596 0.0000e+00
 171.520058     11.361  35.855080    10.7295    5.44165     11.266    32.0667    24.5394 0.0000e+00
 171.520064     10.873  35.951608    11.1131    5.70661     10.782    31.8281    24.2870 0.0000e+00
 171.520069     10.360  36.072529    11.6350    5.91552     10.273    31.4991    23.9383 0.0000e+00
 171.520075      9.830  36.264099    12.1157    6.04461      9.748    31.2788    23.6795 0.0000e+00
 171.520081      9.290  36.479996    12.4622    6.11656      9.212    31.1963    23.5509 0.0000e+00
 171.520087      8.745  36.650265    12.7190    6.15110      8.672    31.1453    23.4628 0.0000e+00
 171.520093      8.199  36.769754    12.9321    6.18605      8.130    31.0827    23.3734 0.0000e+00
 171.520098      7.661  36.866549    13.1101    6.21711      7.597    31.0279    23.2966 0.0000e+00
 171.520104      7.129  36.953050    13.2403    6.24190      7.069    31.0026    23.2517 0.0000e+00
 171.520110      6.600  37.018386    13.3231    6.27564      6.545    30.9963    23.2305 0.0000e+00
 171.520116      6.080  37.059372    13.3702    6.30971      6.029    30.9963    23.2213 0.0000e+00
 171.520122      5.569  37.089721    13.4000    6.39644      5.522    31.0005    23.2186 0.0000e+00
 171.520127      5.060  37.120175    13.4401    6.49321      5.018    30.9964    23.2075 0.0000e+00
 171.520133      4.551  37.149267    13.5138    6.49101      4.513    30.9638    23.1677 0.0000e+00
 171.520139      4.049  37.185490    13.6249    6.37753      4.015    30.9076    23.1023 0.0000e+00
 171.520145      3.564  37.246287    13.7535    6.16610      3.534    30.8602    23.0400 0.0000e+00
 171.520150      3.103  37.317351    13.9066    5.99141      3.077    30.8028    22.9649 0.0000e+00
 171.520156      2.668  37.387409    14.1074    6.81847      2.646    30.7067    22.8501 0.0000e+00
 171.520162      2.256  37.475825    14.3179    6.90147      2.237    30.6203    22.7405 0.0000e+00
 171.520168      1.871  37.582118    14.4839    6.93114      1.855    30.5857    22.6796 0.0000e+00
 171.520174      1.523  37.683079    14.5759    6.87641      1.510    30.6046    22.6751 0.0000e+00
 171.520179      1.224  37.733804    14.5866    6.96216      1.214    30.6421    22.7017 0.0000e+00
 171.520185      0.981  37.693658    14.5378 -9.990e-29      0.973    30.6444    22.7136 0.0000e+00
 171.520191      0.782  37.535506    14.4534 -9.990e-29      0.775    30.5680    22.6722 0.0000e+00
 171.520197      0.615  37.178663    14.3466 -9.990e-29      0.610    30.3286    22.5097 -9.990e-29
 171.520203      0.491  36.337550    14.2274 -9.990e-29      0.487    29.6586    22.0176 -9.990e-29
 171.520208      0.415  34.071350    14.1088 -9.990e-29      0.412    27.6993    20.5318 -9.990e-29
 171.520214      0.364  27.493674    14.0035 -9.990e-29      0.361    21.9211    16.1054 -9.990e-29
 171.520220      0.322  17.155464    13.9153 -9.990e-29      0.319    13.1210     9.3602 -9.990e-29
 171.520226      0.287   9.252070    13.8431 -9.990e-29      0.285     6.7413     4.4703 -9.990e-29
 171.520231      0.262   6.004245    13.8111 -9.990e-29      0.260     4.2429     2.5523 -9.990e-29
 171.520237      0.252   5.059981 -9.990e-29 -9.990e-29      0.250 -9.990e-29 -9.990e-29 -9.990e-29
