data/oxygen options/OCNMS/OCNMS1/raw_data/2015/CAST_MB042_150722faed.cnv
* Sea-Bird SBE 19 Data File:
* FileName = C:\2015 Mooring Data\Casts\CAST_MB042_150722.hex
* Software Version SeatermAF 2.1.2
* Temperature SN = 2997
* Conductivity SN = 2997
* System UpLoad Time = Jul 22 2015 18:41:46 (localtime) = Jul 22 2015 18:41:46 (UTC)
** CAST_MB042_150722
* ds
# nquan = 9                                 
# nvalues = 4394                        
# units = specified
# name 0 = timeJ: Julian Days
# name 1 = prSM: Pressure, Strain Gauge [db]
# name 2 = c0mS/cm: Conductivity [mS/cm]
# name 3 = t090C: Temperature [ITS-90, deg C]
# name 4 = sbeox0ML/L: Oxygen, SBE 43 [ml/l]
# name 5 = depSM: Depth [salt water, m], lat = 47.5
# name 6 = sal00: Salinity, Practical [PSU]
# name 7 = sigma-é00: Density [sigma-theta, kg/m^3]
# name 8 = flag: flag
# span 0 = 203.750972, 203.776395       
# span 1 =     -4.948,     42.239       
# span 2 =   0.018002,  39.424411       
# span 3 =     8.1659,    15.8627       
# span 4 =    -9.4299,    14.1056       
# span 5 =     -4.907,     41.882       
# span 6 =     0.0154,    33.4271       
# span 7 =    -1.0185,    26.0042       
# span 8 = 0.0000e+00, 0.0000e+00       
# interval = seconds: 0.5
# start_time = Jul 22 2015 18:01:24 [Instrument's time stamp, header]
# bad_flag = -9.990e-29
*END*
[from data line 3041]
 203.768571      1.196   0.552790    14.4851    -1.7792      1.186     0.3395    -0.5592 -9.990e-29
 203.768576      1.196   0.551826    14.4889    -1.7791      1.186     0.3389    -0.5603 -9.990e-29
 203.768582      1.195   0.550500    14.4914    -1.7788      1.185     0.3380    -0.5613 -9.990e-29
 203.768588      1.195   0.549265    14.4916    -1.7785      1.185     0.3372    -0.5619 -9.990e-29
 203.768594      1.194   0.548695    14.4905    -1.7783      1.184     0.3369    -0.5620 -9.990e-29
 203.768600      1.194   0.549142    14.4900    -1.7783      1.184     0.3372    -0.5618 -9.990e-29
 203.768605      1.194   0.550091    14.4910    -1.7783      1.184     0.3378    -0.5614 -9.990e-29
 203.768611      1.194   0.550587    14.4934    -1.7782      1.184     0.3380    -0.5616 -9.990e-29
 203.768617      1.194   0.550182    14.4970    -1.7780      1.184     0.3378    -0.5623 -9.990e-29
 203.768623      1.194   0.549445    14.5010    -1.7778      1.184     0.3373    -0.5633 -9.990e-29
 203.768628      1.194   0.549059    14.5055    -1.7778      1.184     0.3370    -0.5641 -9.990e-29
 203.768634      1.194   0.549067    14.5114    -1.7778      1.184     0.3369    -0.5650 -9.990e-29
 203.768640      1.194   0.549477    14.5174    -1.7775      1.184     0.3371    -0.5658 -9.990e-29
 203.768646      1.194   0.550281    14.5218    -1.7775      1.184     0.3376    -0.5660 -9.990e-29
 203.768652      1.194   0.550887    14.5244    -1.7774      1.184     0.3380    -0.5661 -9.990e-29
 203.768657      1.194   0.550435    14.5266    -1.7772      1.184     0.3377    -0.5667 -9.990e-29
 203.768663      1.195   0.548878    14.5298    -1.7771      1.185     0.3367    -0.5679 -9.990e-29
 203.768669      1.195   0.546917    14.5339    -1.7769      1.185     0.3354    -0.5695 -9.990e-29
 203.768675      1.196   0.545268    14.5374    -1.7769      1.186     0.3343    -0.5709 -9.990e-29
 203.768681      1.197   0.544506    14.5398    -1.7769      1.187     0.3338    -0.5716 -9.990e-29
 203.768686      1.198   0.544726    14.5420    -1.7769      1.188     0.3339    -0.5718 -9.990e-29
 203.768692      1.199   0.545668    14.5446    -1.7769      1.189     0.3345    -0.5718 -9.990e-29
 203.768698      1.201   0.546922    14.5470    -1.7770      1.191     0.3353    -0.5715 -9.990e-29
 203.768704      1.203   0.547939    14.5497    -1.7771      1.193     0.3359    -0.5714 -9.990e-29
 203.768709      1.206   0.548411    14.5535    -1.7772      1.196     0.3362    -0.5718 -9.990e-29
 203.768715      1.210   0.548410    14.5575    -1.7773      1.200     0.3361    -0.5724 -9.990e-29
 203.768721      1.215   0.547935    14.5610    -1.7774      1.205     0.3358    -0.5732 -9.990e-29
 203.768727      1.222   0.546910    14.5632    -1.7774      1.212     0.3351    -0.5740 -9.990e-29
 203.768733      1.226   0.545633    14.5637    -1.7775      1.216     0.3343    -0.5747 -9.990e-29
 203.768738      1.223   0.544621    14.5630    -1.7774      1.213     0.3337    -0.5751 -9.990e-29
 203.768744      1.218   0.544191    14.5617    -1.7773      1.208     0.3334    -0.5751 -9.990e-29
 203.768750      1.215   0.544324    14.5599    -1.7773      1.205     0.3335    -0.5748 -9.990e-29
 203.768756      1.213   0.544643    14.5580    -1.7773      1.203     0.3337    -0.5743 -9.990e-29
 203.768762      1.213   0.544463    14.5561    -1.7772      1.203     0.3336    -0.5741 -9.990e-29
 203.768767      1.213   0.543545    14.5540    -1.7769      1.203     0.3331    -0.5742 -9.990e-29
 203.768773      1.215   0.542329    14.5522    -1.7768      1.205     0.3323    -0.5746 -9.990e-29
 203.768779      1.218   0.541415    14.5515    -1.7768      1.208     0.3318    -0.5749 -9.990e-29
 203.768785      1.223   0.541251    14.5514    -1.7766      1.213     0.3317    -0.5750 -9.990e-29
 203.768791      1.226   0.541616    14.5518    -1.7766      1.216     0.3319    -0.5749 -9.990e-29
 203.768796      1.223   0.541887    14.5526    -1.7766      1.213     0.3320    -0.5748 -9.990e-29
 203.768802      1.216   0.541871    14.5534    -1.7766      1.206     0.3320    -0.5750 -9.990e-29
 203.768808      1.212   0.541547    14.5551    -1.7766      1.202     0.3318    -0.5754 -9.990e-29
 203.768814      1.208   0.541038    14.5585    -1.7766      1.198     0.3315    -0.5762 -9.990e-29
 203.768819      1.206   0.540775    14.5627    -1.7766      1.196     0.3313    -0.5769 -9.990e-29
 203.768825      1.204   0.540962    14.5660    -1.7763      1.194     0.3314    -0.5773 -9.990e-29
 203.768831      1.203   0.541294    14.5686    -1.7760      1.193     0.3315    -0.5776 -9.990e-29
 203.768837      1.202   0.541102    14.5710    -1.7753      1.192     0.3314    -0.5780 -9.990e-29
 203.768843      1.202   0.540133    14.5725    -1.7751      1.192     0.3308    -0.5787 -9.990e-29
 203.768848      1.203   0.538759    14.5730    -1.7750      1.193     0.3299    -0.5795 -9.990e-29
 203.768854      1.204   0.537369    14.5732    -1.7751      1.194     0.3290    -0.5802 -9.990e-29
 203.768860      1.206   0.536329    14.5734    -1.7749      1.196     0.3284    -0.5807 -9.990e-29
 203.768866      1.209   0.535918    14.5742    -1.7747      1.199     0.3281    -0.5811 -9.990e-29
 203.768872      1.213   0.536145    14.5770    -1.7748      1.203     0.3282    -0.5814 -9.990e-29
 203.768877      1.218   0.536756    14.5830    -1.7747      1.208     0.3286    -0.5820 -9.990e-29
 203.768883      1.225   0.537456    14.5923    -1.7748      1.215     0.3289    -0.5831 -9.990e-29
 203.768889      1.234   0.538068    14.6029    -1.7749      1.224     0.3292    -0.5844 -9.990e-29
 203.768895      1.241   0.538299    14.6107    -1.7750      1.231     0.3293    -0.5855 -9.990e-29
 203.768900      1.243   0.537900    14.6150    -1.7751      1.233     0.3290    -0.5863 -9.990e-29
 203.768906      1.243   0.536895    14.6179    -1.7751      1.233     0.3284    -0.5873 -9.990e-29
 203.768912      1.243   0.535610    14.6208    -1.7752      1.233     0.3275    -0.5884 -9.990e-29
 203.768918      1.237   0.534553    14.6230    -1.7752      1.227     0.3268    -0.5892 -9.990e-29
 203.768924      1.229   0.533978    14.6237    -1.7750      1.219     0.3265    -0.5896 -9.990e-29
 203.768929      1.224   0.533676    14.6232    -1.7748      1.214     0.3263    -0.5897 -9.990e-29
 203.768935      1.221   0.533243    14.6218    -1.7747      1.211     0.3260    -0.5897 -9.990e-29
 203.768941      1.220   0.532657    14.6199    -1.7746      1.210     0.3257    -0.5897 -9.990e-29
 203.768947      1.220   0.532245    14.6181    -1.7748      1.210     0.3254    -0.5896 -9.990e-29
 203.768953      1.222   0.532014    14.6168    -1.7749      1.212     0.3253    -0.5895 -9.990e-29
 203.768958      1.226   0.531659    14.6158    -1.7751      1.216     0.3251    -0.5895 -9.990e-29
 203.768964      1.232   0.531260    14.6151    -1.7754      1.222     0.3248    -0.5896 -9.990e-29
 203.768970      1.241   0.531396    14.6157    -1.7756      1.231     0.3249    -0.5896 -9.990e-29
 203.768976      1.248   0.532247    14.6185    -1.7757      1.238     0.3254    -0.5896 -9.990e-29
 203.768981      1.250   0.533282    14.6224    -1.7756      1.240     0.3260    -0.5897 -9.990e-29
 203.768987      1.252   0.533663    14.6252    -1.7756      1.242     0.3263    -0.5900 -9.990e-29
 203.768993      1.253   0.532787    14.6253    -1.7754      1.243     0.3257    -0.5904 -9.990e-29
 203.768999      1.249   0.531149    14.6229    -1.7752      1.239     0.3247    -0.5909 -9.990e-29
 203.769005      1.245   0.529898    14.6193    -1.7750      1.235     0.3239    -0.5909 -9.990e-29
 203.769010      1.244   0.529588    14.6150    -1.7747      1.234     0.3238    -0.5904 -9.990e-29
 203.769016      1.246   0.529803    14.6101    -1.7747      1.236     0.3239    -0.5896 -9.990e-29
 203.769022      1.247   0.529720    14.6058    -1.7745      1.237     0.3239    -0.5889 -9.990e-29
 203.769028      1.243   0.529227    14.6035    -1.7743      1.233     0.3236    -0.5888 -9.990e-29
 203.769034      1.238   0.528779    14.6034    -1.7740      1.228     0.3234    -0.5890 -9.990e-29
 203.769039      1.235   0.528335    14.6052    -1.7738      1.225     0.3231    -0.5895 -9.990e-29
 203.769045      1.236   0.527858    14.6088    -1.7736      1.226     0.3227    -0.5903 -9.990e-29
 203.769051      1.239   0.527822    14.6137    -1.7737      1.229     0.3227    -0.5911 -9.990e-29
 203.769057      1.245   0.528362    14.6191    -1.7738      1.235     0.3230    -0.5916 -9.990e-29
 203.769062      1.250   0.529088    14.6245    -1.7738      1.240     0.3234    -0.5921 -9.990e-29
 203.769068      1.250   0.529489    14.6292    -1.7741      1.240     0.3236    -0.5926 -9.990e-29
 203.769074      1.250   0.528986    14.6340    -1.7742      1.240     0.3232    -0.5936 -9.990e-29
 203.769080      1.253   0.527650    14.6397    -1.7742      1.243     0.3224    -0.5951 -9.990e-29
 203.769086      1.255   0.526474    14.6457    -1.7743      1.245     0.3216    -0.5966 -9.990e-29
 203.769091      1.253   0.526112    14.6508    -1.7743      1.243     0.3213    -0.5976 -9.990e-29
 203.769097      1.251   0.526634    14.6535    -1.7743      1.241     0.3216    -0.5978 -9.990e-29
 203.769103      1.248   0.527625    14.6535    -1.7745      1.238     0.3222    -0.5973 -9.990e-29
 203.769109      1.240   0.528186    14.6518    -1.7746      1.230     0.3226    -0.5967 -9.990e-29
 203.769115      1.230   0.527956    14.6492    -1.7746      1.220     0.3225    -0.5965 -9.990e-29
 203.769120      1.223   0.527180    14.6459    -1.7745      1.213     0.3220    -0.5963 -9.990e-29
 203.769126      1.218   0.525934    14.6434    -1.7743      1.208     0.3212    -0.5966 -9.990e-29
 203.769132      1.214   0.524221    14.6418    -1.7744      1.204     0.3202    -0.5971 -9.990e-29
 203.769138      1.212   0.522534    14.6403    -1.7745      1.202     0.3191    -0.5977 -9.990e-29
 203.769144      1.210   0.521397    14.6388    -1.7745      1.200     0.3184    -0.5981 -9.990e-29
 203.769149      1.210   0.520960    14.6373    -1.7745      1.200     0.3182    -0.5980 -9.990e-29
 203.769155      1.212   0.521195    14.6351    -1.7746      1.202     0.3183    -0.5976 -9.990e-29
 203.769161      1.214   0.521857    14.6333    -1.7745      1.204     0.3188    -0.5970 -9.990e-29
 203.769167      1.217   0.522721    14.6331    -1.7746      1.207     0.3193    -0.5965 -9.990e-29
 203.769172      1.223   0.523826    14.6343    -1.7745      1.213     0.3200    -0.5962 -9.990e-29
 203.769178      1.225   0.524981    14.6354    -1.7743      1.215     0.3207    -0.5958 -9.990e-29
 203.769184      1.222   0.525504    14.6354    -1.7741      1.212     0.3210    -0.5955 -9.990e-29
 203.769190      1.215   0.524981    14.6348    -1.7739      1.205     0.3207    -0.5957 -9.990e-29
 203.769196      1.211   0.523824    14.6341    -1.7740      1.201     0.3200    -0.5962 -9.990e-29
 203.769201      1.207   0.522712    14.6333    -1.7741      1.197     0.3193    -0.5966 -9.990e-29
 203.769207      1.204   0.521828    14.6328    -1.7743      1.194     0.3187    -0.5969 -9.990e-29
 203.769213      1.202   0.521101    14.6328    -1.7745      1.192     0.3183    -0.5973 -9.990e-29
 203.769219      1.200   0.520672    14.6335    -1.7748      1.190     0.3180    -0.5976 -9.990e-29
 203.769225      1.199   0.520524    14.6358    -1.7746      1.189     0.3179    -0.5980 -9.990e-29
 203.769230      1.198   0.520459    14.6397    -1.7745      1.188     0.3178    -0.5987 -9.990e-29
 203.769236      1.198   0.520389    14.6436    -1.7746      1.188     0.3178    -0.5993 -9.990e-29
 203.769242      1.198   0.520219    14.6461    -1.7745      1.188     0.3176    -0.5998 -9.990e-29
 203.769248      1.198   0.519722    14.6458    -1.7744      1.188     0.3173    -0.6000 -9.990e-29
 203.769253      1.198   0.518789    14.6432    -1.7746      1.188     0.3167    -0.6000 -9.990e-29
 203.769259      1.199   0.517842    14.6394    -1.7748      1.189     0.3162    -0.5999 -9.990e-29
 203.769265      1.200   0.517285    14.6353    -1.7748      1.190     0.3159    -0.5995 -9.990e-29
 203.769271      1.202   0.516929    14.6323    -1.7749      1.192     0.3157    -0.5992 -9.990e-29
 203.769277      1.204   0.516852    14.6318    -1.7750      1.194     0.3156    -0.5992 -9.990e-29
 203.769282      1.207   0.517506    14.6325    -1.7750      1.197     0.3160    -0.5990 -9.990e-29
 203.769288      1.210   0.518653    14.6329    -1.7751      1.200     0.3167    -0.5985 -9.990e-29
 203.769294      1.215   0.519602    14.6337    -1.7753      1.205     0.3173    -0.5982 -9.990e-29
 203.769300      1.221   0.519951    14.6339    -1.7748      1.211     0.3176    -0.5980 -9.990e-29
 203.769306      1.225   0.519613    14.6319    -1.7738      1.215     0.3174    -0.5979 -9.990e-29
 203.769311      1.223   0.518691    14.6287    -1.7735      1.213     0.3168    -0.5978 -9.990e-29
 203.769317      1.217   0.517618    14.6261    -1.7733      1.207     0.3161    -0.5980 -9.990e-29
 203.769323      1.214   0.516629    14.6241    -1.7729      1.204     0.3155    -0.5981 -9.990e-29
 203.769329      1.212   0.515516    14.6225    -1.7728      1.202     0.3148    -0.5984 -9.990e-29
 203.769334      1.211   0.514459    14.6212    -1.7727      1.201     0.3142    -0.5988 -9.990e-29
 203.769340      1.211   0.513713    14.6206    -1.7726      1.201     0.3137    -0.5990 -9.990e-29
 203.769346      1.212   0.513396    14.6238    -1.7727      1.202     0.3135    -0.5997 -9.990e-29
 203.769352      1.214   0.513637    14.6342    -1.7729      1.204     0.3136    -0.6011 -9.990e-29
 203.769358      1.218   0.514203    14.6486    -1.7728      1.208     0.3138    -0.6031 -9.990e-29
 203.769363      1.223   0.514739    14.6603    -1.7728      1.213     0.3141    -0.6046 -9.990e-29
 203.769369      1.226   0.514847    14.6685    -1.7728      1.216     0.3141    -0.6058 -9.990e-29
 203.769375      1.223   0.514669    14.6751    -1.7728      1.213     0.3139    -0.6069 -9.990e-29
 203.769381      1.217   0.514523    14.6799    -1.7729      1.207     0.3138    -0.6077 -9.990e-29
 203.769387      1.213   0.514214    14.6828    -1.7730      1.203     0.3136    -0.6083 -9.990e-29
 203.769392      1.210   0.513886    14.6839    -1.7729      1.200     0.3133    -0.6087 -9.990e-29
 203.769398      1.208   0.513655    14.6832    -1.7728      1.198     0.3132    -0.6087 -9.990e-29
 203.769404      1.207   0.513213    14.6820    -1.7727      1.197     0.3129    -0.6087 -9.990e-29
 203.769410      1.207   0.512524    14.6818    -1.7728      1.197     0.3125    -0.6090 -9.990e-29
 203.769416      1.208   0.511780    14.6822    -1.7730      1.198     0.3120    -0.6094 -9.990e-29
 203.769421      1.209   0.511101    14.6823    -1.7731      1.199     0.3116    -0.6098 -9.990e-29
 203.769427      1.212   0.510688    14.6815    -1.7732      1.202     0.3114    -0.6098 -9.990e-29
 203.769433      1.216   0.510547    14.6799    -1.7733      1.206     0.3113    -0.6097 -9.990e-29
 203.769439      1.221   0.510489    14.6790    -1.7733      1.211     0.3113    -0.6096 -9.990e-29
 203.769444      1.228   0.510436    14.6802    -1.7733      1.218     0.3112    -0.6098 -9.990e-29
 203.769450      1.237   0.510317    14.6821    -1.7735      1.227     0.3111    -0.6101 -9.990e-29
 203.769456      1.245   0.509971    14.6827    -1.7736      1.235     0.3109    -0.6104 -9.990e-29
 203.769462      1.247   0.509494    14.6809    -1.7736      1.237     0.3106    -0.6103 -9.990e-29
 203.769468      1.244   0.509358    14.6776    -1.7737      1.234     0.3105    -0.6099 -9.990e-29
 203.769473      1.237   0.509381    14.6745    -1.7738      1.227     0.3106    -0.6094 -9.990e-29
 203.769479      1.227   0.509038    14.6724    -1.7739      1.217     0.3104    -0.6092 -9.990e-29
 203.769485      1.220   0.508426    14.6708    -1.7740      1.210     0.3100    -0.6093 -9.990e-29
