data/oxygen options/OCNMS/OCNMS1/raw_data/2015/CAST_KL027_150721faedb.cnv
* Sea-Bird SBE 19 Data File:
* FileName = C:\2015 Mooring Data\Casts\CAST_KL027_150721.hex
* Software Version SeatermAF 2.1.2
* Temperature SN = 2997
* Conductivity SN = 2997
* System UpLoad Time = Jul 22 2015 00:29:09 (localtime) = Jul 22 2015 00:29:09 (UTC)
** CAST_KL027_150721.hex
* ds
# nquan = 9
# nvalues = 26                          
# units = specified
# name 0 = timeJ: Julian Days
# name 1 = prSM: Pressure, Strain Gauge [db]
# name 2 = c0mS/cm: Conductivity [mS/cm]
# name 3 = t090C: Temperature [ITS-90, deg C]
# name 4 = sbeox0ML/L: Oxygen, SBE 43 [ml/l]
# name 5 = depSM: Depth [salt water, m], lat = 47.5
# name 6 = sal00: Salinity, Practical [PSU]
# name 7 = sigma-é00: Density [sigma-theta, kg/m^3]
# name 8 = flag: flag
# span 0 = 202.904757, 202.905375       
# span 1 =      3.000,     28.000       
# span 2 =  35.097930,  40.317427       
# span 3 =     8.5685,    15.6823       
# span 4 =     1.9932,     7.9011       
# span 5 =      2.975,     27.764       
# span 6 =    31.9447,    33.2511       
# span 7 =    23.5707,    25.8148       
# span 8 = 0.0000e+00, 0.0000e+00       
# interval = decibars: 1                
# start_time = Jul 21 2015 21:30:27 [Instrument's time stamp, header]
# bad_flag = -9.990e-29
*END*
 202.904757      3.000  40.317427    15.6823     7.7760      2.975    32.0765    23.5707 0.0000e+00
 202.904782      4.000  39.847135    15.1075     7.7973      3.966    32.1253    23.7335 0.0000e+00
 202.904807      5.000  39.366970    14.8003     7.9011      4.958    31.9447    23.6604 0.0000e+00
 202.904830      6.000  39.306484    14.5454     7.8569      5.950    32.0993    23.8334 0.0000e+00
 202.904854      7.000  39.156425    14.3430     7.8151      6.942    32.1297    23.8992 0.0000e+00
 202.904877      8.000  38.956641    14.0268     7.7959      7.933    32.2098    24.0265 0.0000e+00
 202.904900      9.000  38.841280    13.8126     7.5590      8.925    32.2826    24.1265 0.0000e+00
 202.904922     10.000  38.689363    13.5649     7.4450      9.916    32.3502    24.2288 0.0000e+00
 202.904947     11.000  38.489922    13.3698     5.9440     10.908    32.3291    24.2517 0.0000e+00
 202.904973     12.000  37.974580    12.6070     4.0081     11.899    32.4949    24.5289 0.0000e+00
 202.904996     13.000  37.067528    11.5139     3.5679     12.891    32.5717    24.7927 0.0000e+00
 202.905020     14.000  36.416073    10.7163     3.1918     13.883    32.6357    24.9846 0.0000e+00
 202.905049     15.000  35.971417     9.7683     2.6718     14.874    33.0449    25.4641 0.0000e+00
 202.905073     16.000  35.473825     9.1250     2.6244     15.866    33.1267    25.6321 0.0000e+00
 202.905098     17.000  35.383161     8.9860     2.5494     16.857    33.1615    25.6811 0.0000e+00
 202.905123     18.000  35.343833     8.9235     2.4341     17.849    33.1784    25.7041 0.0000e+00
 202.905149     19.000  35.329940     8.8907     2.3021     18.840    33.1941    25.7216 0.0000e+00
 202.905174     20.000  35.319421     8.8739     2.2326     19.832    33.1984    25.7276 0.0000e+00
 202.905198     21.000  35.266342     8.8142     2.2186     20.824    33.1983    25.7368 0.0000e+00
 202.905224     22.000  35.215322     8.7438     2.1960     21.815    33.2104    25.7572 0.0000e+00
 202.905249     23.000  35.162953     8.6512     2.1457     22.807    33.2420    25.7962 0.0000e+00
 202.905270     24.000  35.121773     8.6318     2.0812     23.798    33.2166    25.7792 0.0000e+00
 202.905294     25.000  35.116160     8.6102     2.0143     24.790    33.2305    25.7934 0.0000e+00
 202.905322     26.000  35.105331     8.5775     2.0210     25.781    33.2495    25.8133 0.0000e+00
 202.905348     27.000  35.097930     8.5685     2.0025     26.773    33.2496    25.8148 0.0000e+00
 202.905375     28.000  35.106680     8.5762     1.9932     27.764    33.2511    25.8148 0.0000e+00
