data/oxygen options/OCNMS/OCNMS1/raw_data/2015/CAST_CE042_150528faed.cnv
* Sea-Bird SBE19 Data File:
* FileName = C:\2015 Mooring Data\Casts\CAST_CE042_150528.hex
* Software Version 1.59
* Temperature SN = 2997
* Conductivity SN = 2997
* System UpLoad Time = May 28 2015 22:15:12
** CAST_CE042_150528
* ds
# nquan = 9                                 
# nvalues = 1207                        
# units = specified
# name 0 = timeJ: Julian Days
# name 1 = prSM: Pressure, Strain Gauge [db]
# name 2 = c0mS/cm: Conductivity [mS/cm]
# name 3 = t090C: Temperature [ITS-90, deg C]
# name 4 = sbeox0ML/L: Oxygen, SBE 43 [ml/l]
# name 5 = depSM: Depth [salt water, m], lat = 47.5
# name 6 = sal00: Salinity, Practical [PSU]
# name 7 = sigma-é00: Density [sigma-theta, kg/m^3]
# name 8 = flag: flag
# span 0 = 148.877789, 148.884769       
# span 1 =     -4.972,     43.395       
# span 2 =   0.086588,  37.969669       
# span 3 =     8.0270,    15.0457       
# span 4 =    -9.9834,    15.1613       
# span 5 =     -4.931,     43.028       
# span 6 =     0.0530,    33.5798       
# span 7 =    -0.8434,    26.1547       
# span 8 = 0.0000e+00, 0.0000e+00       
# interval = seconds: 0.5
# start_time = May 28 2015 21:04:01 [Instrument's time stamp, header]
# bad_flag = -9.990e-29
*END*
[from data line 1121]
 148.884277      0.978   9.833969    12.3934     6.1096      0.970     7.4771     5.2469 -9.990e-29
 148.884282      0.966   6.689377    12.3800     6.0978      0.958     4.9445     3.2922 -9.990e-29
 148.884288      0.957   5.783220    12.3647     6.1183      0.949     4.2331     2.7439 -9.990e-29
 148.884294      0.950   5.550142    12.3489     6.1113      0.942     4.0527     2.6064 -9.990e-29
 148.884300      0.944   5.190412    12.3337     6.1347      0.936     3.7744     2.3929 -9.990e-29
 148.884306      0.940   4.710000    12.3193     6.1374      0.932     3.4043     2.1081 -9.990e-29
 148.884311      0.937   4.348718    12.3055     6.1446      0.929     3.1280     1.8958 -9.990e-29
 148.884317      0.934   4.195335    12.2915     6.1581      0.926     3.0118     1.8075 -9.990e-29
 148.884323      0.933   3.928068    12.2751     6.1598      0.925     2.8093     1.6527 -9.990e-29
 148.884329      0.932   3.400157    12.2550     6.1485      0.924     2.4114     1.3465 -9.990e-29
 148.884334      0.932   2.927817    12.2353     6.1431      0.924     2.0589     1.0754 -9.990e-29
 148.884340      0.932   2.720013    12.2213     6.1454      0.924     1.9053     0.9578 -9.990e-29
 148.884346      0.933   2.739754    12.2125     6.1624      0.925     1.9204     0.9706 -9.990e-29
 148.884352      0.934   2.784954    12.2054     6.1727      0.926     1.9543     0.9978 -9.990e-29
 148.884358      0.937   2.690248    12.1977     6.1716      0.929     1.8844     0.9445 -9.990e-29
 148.884363      0.940   2.481066    12.1891     6.1829      0.932     1.7303     0.8258 -9.990e-29
 148.884369      0.944   2.296953    12.1809     6.1692      0.936     1.5953     0.7219 -9.990e-29
 148.884375      0.949   2.186946    12.1745     6.1688      0.941     1.5151     0.6603 -9.990e-29
 148.884381      0.956   2.174946    12.1702     6.1802      0.948     1.5065     0.6541 -9.990e-29
 148.884387      0.965   2.293288    12.1661     6.1718      0.957     1.5932     0.7221 -9.990e-29
 148.884392      0.977   2.454160    12.1600     6.1812      0.969     1.7118     0.8149 -9.990e-29
 148.884398      0.983   2.509753    12.1526     6.1829      0.975     1.7531     0.8479 -9.990e-29
 148.884404      0.976   2.430825    12.1451    -7.2764      0.968     1.6952     0.8039 -9.990e-29
 148.884410      0.965   2.340531    12.1371    -9.9746      0.957     1.6292     0.7535 -9.990e-29
 148.884416      0.955   2.300189    12.1282    -9.9834      0.947     1.5999     0.7318 -9.990e-29
 148.884421      0.948   2.239893    12.1188    -7.2811      0.940     1.5561     0.6989 -9.990e-29
 148.884427      0.942   2.139809    12.1102    -1.8671      0.934     1.4832     0.6432 -9.990e-29
 148.884433      0.938   2.050409    12.1034    -1.8674      0.930     1.4182     0.5935 -9.990e-29
 148.884439      0.935   1.963620    12.0982    -1.8672      0.927     1.3552     0.5451 -9.990e-29
 148.884444      0.932   1.872063    12.0936    -1.8665      0.924     1.2889     0.4940 -9.990e-29
 148.884450      0.930   1.794783    12.0887    -1.8663      0.922     1.2331     0.4512 -9.990e-29
 148.884456      0.929   1.730964    12.0831    -1.8660      0.921     1.1872     0.4162 -9.990e-29
 148.884462      0.927   1.679403    12.0775    -1.8663      0.919     1.1502     0.3880 -9.990e-29
 148.884468      0.926   1.632460    12.0724    -1.8669      0.918     1.1166     0.3625 -9.990e-29
 148.884473      0.925   1.585877    12.0684    -1.8668      0.917     1.0833     0.3370 -9.990e-29
 148.884479      0.925   1.534205    12.0665    -1.8665      0.917     1.0463     0.3084 -9.990e-29
 148.884485      0.924   1.485765    12.0678    -1.8660      0.916     1.0116     0.2813 -9.990e-29
 148.884491      0.924   1.449856    12.0721    -1.8657      0.916     0.9859     0.2607 -9.990e-29
 148.884497      0.924   1.424704    12.0779    -1.8653      0.916     0.9678     0.2459 -9.990e-29
 148.884502      0.924   1.418435    12.0840    -1.8646      0.916     0.9632     0.2416 -9.990e-29
 148.884508      0.924   1.426020    12.0897    -1.8639      0.916     0.9684     0.2450 -9.990e-29
 148.884514      0.923   1.427019    12.0935    -1.8633      0.915     0.9690     0.2451 -9.990e-29
 148.884520      0.923   1.409987    12.0958    -1.8627      0.915     0.9568     0.2353 -9.990e-29
 148.884525      0.923   1.377767    12.0984    -1.8629      0.915     0.9339     0.2171 -9.990e-29
 148.884531      0.923   1.346835    12.1028    -1.8630      0.915     0.9118     0.1994 -9.990e-29
 148.884537      0.923   1.334830    12.1097    -1.8633      0.915     0.9031     0.1918 -9.990e-29
 148.884543      0.923   1.339075    12.1195    -1.8634      0.915     0.9059     0.1928 -9.990e-29
 148.884549      0.923   1.343565    12.1322    -1.8633      0.915     0.9088     0.1936 -9.990e-29
 148.884554      0.923   1.340398    12.1472    -1.8625      0.915     0.9062     0.1898 -9.990e-29
 148.884560      0.923   1.334236    12.1622    -1.8616      0.915     0.9014     0.1843 -9.990e-29
 148.884566      0.923   1.330752    12.1741    -1.8615      0.915     0.8987     0.1808 -9.990e-29
 148.884572      0.923   1.331964    12.1807    -1.8615      0.915     0.8994     0.1805 -9.990e-29
 148.884578      0.923   1.338931    12.1825    -1.8612      0.915     0.9043     0.1841 -9.990e-29
 148.884583      0.923   1.347607    12.1829    -1.8608      0.915     0.9104     0.1889 -9.990e-29
 148.884589      0.923   1.348450    12.1842    -1.8603      0.915     0.9110     0.1891 -9.990e-29
 148.884595      0.923   1.337585    12.1879    -1.8605      0.915     0.9032     0.1827 -9.990e-29
 148.884601      0.923   1.319964    12.1967    -1.8604      0.915     0.8905     0.1717 -9.990e-29
 148.884606      0.923   1.301534    12.2106    -1.8604      0.915     0.8772     0.1597 -9.990e-29
 148.884612      0.923   1.286049    12.2248    -1.8601      0.915     0.8659     0.1492 -9.990e-29
 148.884618      0.923   1.275084    12.2350    -1.8599      0.915     0.8580     0.1418 -9.990e-29
 148.884624      0.923   1.266238    12.2429    -1.8600      0.915     0.8516     0.1359 -9.990e-29
 148.884630      0.923   1.256047    12.2513    -1.8607      0.915     0.8442     0.1292 -9.990e-29
 148.884635      0.923   1.244807    12.2604    -1.8610      0.915     0.8361     0.1217 -9.990e-29
 148.884641      0.924   1.234752    12.2694    -1.8617      0.916     0.8288     0.1150 -9.990e-29
 148.884647      0.924   1.225805    12.2773    -1.8620      0.916     0.8224     0.1090 -9.990e-29
 148.884653      0.924   1.211589    12.2843    -1.8617      0.916     0.8123     0.1003 -9.990e-29
 148.884659      0.924   1.187591    12.2906    -1.8618      0.916     0.7953     0.0864 -9.990e-29
 148.884664      0.924   1.160696    12.2946    -1.8617      0.916     0.7764     0.0711 -9.990e-29
 148.884670      0.925   1.140593    12.2944    -1.8615      0.917     0.7623     0.0602 -9.990e-29
 148.884676      0.925   1.133803    12.2893    -1.8614      0.917     0.7577     0.0572 -9.990e-29
 148.884682      0.926   1.138495    12.2816    -1.8615      0.918     0.7611     0.0608 -9.990e-29
 148.884688      0.927   1.142593    12.2736    -1.8613      0.919     0.7641     0.0641 -9.990e-29
 148.884693      0.928   1.138229    12.2664    -1.8611      0.920     0.7612     0.0627 -9.990e-29
 148.884699      0.929   1.128471    12.2631    -1.8603      0.921     0.7545     0.0578 -9.990e-29
 148.884705      0.931   1.117526    12.2640    -1.8595      0.923     0.7468     0.0518 -9.990e-29
 148.884711      0.934   1.105796    12.2652    -1.8587      0.926     0.7386     0.0452 -9.990e-29
 148.884716      0.937   1.095970    12.2655 -9.990e-29      0.929     0.7317     0.0398 -9.990e-29
 148.884722      0.940   1.093833    12.2663 -9.990e-29      0.932     0.7302     0.0386 -9.990e-29
 148.884728      0.945   1.100421    12.2689 -9.990e-29      0.937     0.7348     0.0418 -9.990e-29
 148.884734      0.952   1.107855    12.2737 -9.990e-29      0.944     0.7399     0.0452 -9.990e-29
 148.884740      0.956   1.106048    12.2812 -9.990e-29      0.948     0.7385     0.0432 -9.990e-29
 148.884745      0.953   1.093144    12.2920 -9.990e-29      0.945     0.7292     0.0347 -9.990e-29
 148.884751      0.948   1.076934    12.3062 -9.990e-29      0.940     0.7177     0.0240 -9.990e-29
 148.884757      0.945   1.065797    12.3204 -9.990e-29      0.937     0.7097     0.0161 -9.990e-29
 148.884763      0.944   1.060991    12.3268 -9.990e-29      0.936     0.7062     0.0126 -9.990e-29
 148.884769      0.943   1.059442 -9.990e-29 -9.990e-29      0.935 -9.990e-29 -9.990e-29 -9.990e-29
