data/oxygen options/OCNMS/OCNMS1/raw_data/2015/CAST_KL027_150904faed.cnv
* Sea-Bird SBE19 Data File:
* FileName = C:\2015 Mooring Data\Casts\CAST_KL027_150904.hex
* Software Version 1.59
* Temperature SN = 2997
* Conductivity SN = 2997
* System UpLoad Time = Sep 04 2015 17:29:47
** CAST_KL027_150904
* ds
# nquan = 9                                 
# nvalues = 1085                        
# units = specified
# name 0 = timeJ: Julian Days
# name 1 = prSM: Pressure, Strain Gauge [db]
# name 2 = c0mS/cm: Conductivity [mS/cm]
# name 3 = t090C: Temperature [ITS-90, deg C]
# name 4 = sbeox0ML/L: Oxygen, SBE 43 [ml/l]
# name 5 = depSM: Depth [salt water, m], lat = 47.5
# name 6 = sal00: Salinity, Practical [PSU]
# name 7 = sigma-é00: Density [sigma-theta, kg/m^3]
# name 8 = flag: flag
# span 0 = 247.678299, 247.684572       
# span 1 =     -4.161,     28.931       
# span 2 =   0.065544, 223.155613       
# span 3 =    12.1217,    42.4726       
# span 4 =    -1.8749,    21.7301       
# span 5 =     -4.126,     28.688       
# span 6 =     0.0425,    38.1842       
# span 7 =    -0.5297,    24.3276       
# span 8 = 0.0000e+00, 0.0000e+00       
# interval = seconds: 0.5
# start_time = Sep 04 2015 16:16:45 [Instrument's time stamp, header]
# bad_flag = -9.990e-29
*END*
[from data line 481]
 247.681082      0.913   0.065546    12.5172    -1.8607      0.905     0.0425    -0.5282 -9.990e-29
 247.681088      0.914   0.065551    12.5119    -1.8608      0.906     0.0425    -0.5275 -9.990e-29
 247.681094      0.914   0.065565    12.5074    -1.8608      0.906     0.0425    -0.5270 -9.990e-29
 247.681100      0.914   0.065609    12.5043    -1.8609      0.906     0.0425    -0.5266 -9.990e-29
 247.681105      0.914   0.065742    12.5026    -1.5460      0.906     0.0426    -0.5263 -9.990e-29
 247.681111      0.913   0.066139    12.5014    -1.5004      0.905     0.0429    -0.5260 -9.990e-29
 247.681117      0.911   0.067331    12.4989    -1.4821      0.903     0.0436    -0.5251 -9.990e-29
 247.681123      0.913   0.070908    12.4955    -1.4782      0.905     0.0457    -0.5230 -9.990e-29
 247.681128      0.923   0.081637    12.4938    -1.4785      0.915     0.0522    -0.5177 -9.990e-29
 247.681134      0.936   0.113826    12.4961    -1.4795      0.928     0.0720    -0.5026 -9.990e-29
 247.681140      0.951   0.210392    12.5088    -1.4769      0.943     0.1327    -0.4567 -9.990e-29
 247.681146      0.968   0.500090    12.5510    -1.4767      0.960     0.3213    -0.3145 -9.990e-29
 247.681152      0.987   1.369738    12.6808    -1.4764      0.979     0.9141     0.1311 -9.990e-29
 247.681157      1.010   3.979976    13.0637    -1.4758      1.002     2.7905     1.5360 -9.990e-29
 247.681163      1.039  11.811678    13.7147    -1.4755      1.030     8.8014     6.0740 -9.990e-29
 247.681169      1.075  23.731865    14.3104    -1.4758      1.066    18.5055    13.4251 -9.990e-29
 247.681175      1.121  32.007439    14.6467    -1.4759      1.112    25.4931    18.7277 -9.990e-29
 247.681181      1.180  35.009313    14.7946    -1.4758      1.170    28.0454    20.6601 -9.990e-29
 247.681186      1.251  36.008422    14.8475    -1.4762      1.241    28.8953    21.3029 -9.990e-29
 247.681192      1.325  36.290052    14.8587    -1.4769      1.314    29.1379    21.4872 -9.990e-29
 247.681198      1.395  36.406996    14.8584    -1.4773      1.383    29.2423    21.5676 -9.990e-29
 247.681204      1.456  36.543376    14.8613    -1.4761      1.444    29.3618    21.6589 -9.990e-29
 247.681209      1.508  36.655339    14.8673    -1.4752      1.495    29.4572    21.7311 -9.990e-29
 247.681215      1.555  36.714678    14.8720    -1.4752      1.542    29.5066    21.7681 -9.990e-29
 247.681221      1.595  36.750244    14.8718    -1.4768      1.582    29.5385    21.7927 -9.990e-29
 247.681227      1.626  36.764798    14.8689    -1.4768      1.612    29.5536    21.8050 -9.990e-29
 247.681233      1.651  36.765588    14.8699    -1.4761      1.637    29.5536    21.8047 -9.990e-29
 247.681238      1.671  36.762811    14.8740    -1.4746      1.657    29.5480    21.7996 -9.990e-29
 247.681244      1.686  36.743970    14.8785    -1.4745      1.672    29.5278    21.7831 -9.990e-29
 247.681250      1.699  36.701494    14.8832    -1.4767      1.685    29.4863    21.7502 -9.990e-29
 247.681256      1.710  36.653466    14.8846    -1.4766      1.696    29.4424    21.7161 -9.990e-29
 247.681262      1.720  36.641390    14.8814    -1.4747      1.706    29.4340    21.7103 -9.990e-29
 247.681267      1.729  36.688569    14.8804    -1.4738      1.715    29.4769    21.7435 -9.990e-29
 247.681273      1.738  36.747115    14.8854    -1.4741      1.723    29.5253    21.7797 -9.990e-29
 247.681279      1.747  36.742257    14.8907    -1.4751      1.732    29.5170    21.7722 -9.990e-29
 247.681285      1.754  36.684507    14.8918    -1.4757      1.739    29.4646    21.7317 -9.990e-29
 247.681291      1.753  36.661811    14.8912    -1.4753      1.738    29.4448    21.7166 -9.990e-29
 247.681296      1.749  36.709099    14.8914    -1.4741      1.734    29.4869    21.7489 -9.990e-29
 247.681302      1.746  36.770219    14.8923    -1.4738      1.731    29.5407    21.7902 -9.990e-29
 247.681308      1.744  36.766553    14.8937    -1.4753      1.729    29.5364    21.7865 -9.990e-29
 247.681314      1.743  36.715243    14.8965    -1.4756      1.728    29.4885    21.7491 -9.990e-29
 247.681319      1.742  36.720667    14.9010    -1.4756      1.727    29.4899    21.7493 -9.990e-29
 247.681325      1.743  36.795276    14.9049    -1.4750      1.728    29.5536    21.7974 -9.990e-29
 247.681331      1.744  36.849293    14.9060    -1.4749      1.729    29.6009    21.8336 -9.990e-29
 247.681337      1.746  36.835542    14.9044    -1.4756      1.731    29.5899    21.8254 -9.990e-29
 247.681343      1.749  36.786867    14.9022    -1.4757      1.734    29.5481    21.7938 -9.990e-29
 247.681348      1.753  36.762960    14.9015    -1.4759      1.738    29.5273    21.7779 -9.990e-29
 247.681354      1.758  36.792088    14.9023    -1.4756      1.743    29.5527    21.7973 -9.990e-29
 247.681360      1.765  36.839284    14.9036    -1.4755      1.750    29.5938    21.8286 -9.990e-29
 247.681366      1.775  36.838751    14.9049    -1.4761      1.760    29.5923    21.8272 -9.990e-29
 247.681372      1.787  36.786032    14.9059    -1.4753      1.772    29.5445    21.7902 -9.990e-29
 247.681377      1.798  36.741590    14.9061    -1.4747      1.783    29.5047    21.7596 -9.990e-29
 247.681383      1.805  36.736013    14.9058    -1.4758      1.790    29.5000    21.7560 -9.990e-29
 247.681389      1.813  36.750271    14.9056    -1.4757      1.798    29.5129    21.7659 -9.990e-29
 247.681395      1.821  36.749749    14.9055    -1.4745      1.806    29.5125    21.7657 -9.990e-29
 247.681400      1.823  36.726080    14.9039    -1.4756      1.808    29.4926    21.7507 -9.990e-29
 247.681406      1.817  36.702799    14.9015    -1.4761      1.802    29.4736    21.7366 -9.990e-29
 247.681412      1.813  36.697236    14.9008    -1.4749      1.798    29.4692    21.7333 -9.990e-29
 247.681418      1.813  36.706632    14.9024    -1.4734      1.798    29.4763    21.7385 -9.990e-29
 247.681424      1.819  36.709504    14.9046    -1.4729      1.804    29.4772    21.7387 -9.990e-29
 247.681429      1.831  36.708734    14.9058    -1.4735      1.816    29.4756    21.7373 -9.990e-29
 247.681435      1.845  36.727570    14.9060    -1.4743      1.830    29.4923    21.7500 -9.990e-29
 247.681441      1.853  36.740304    14.9060    -1.4745      1.838    29.5036    21.7588 -9.990e-29
 247.681447      1.856  36.728224    14.9064    -1.4739      1.841    29.4926    21.7502 -9.990e-29
 247.681453      1.858  36.732556    14.9074    -1.4734      1.842    29.4957    21.7523 -9.990e-29
 247.681458      1.860  36.746363    14.9087    -1.4733      1.844    29.5070    21.7608 -9.990e-29
 247.681464      1.862  36.732191    14.9113    -1.4739      1.846    29.4924    21.7490 -9.990e-29
 247.681470      1.859  36.736881    14.9160    -1.4749      1.843    29.4930    21.7485 -9.990e-29
 247.681476      1.847  36.802729    14.9205    -1.4751      1.832    29.5484    21.7901 -9.990e-29
 247.681481      1.829  36.883773    14.9223    -1.4749      1.814    29.6193    21.8443 -9.990e-29
 247.681487      1.814  36.917885    14.9215    -1.4740      1.799    29.6503    21.8684 -9.990e-29
 247.681493      1.804  36.895808    14.9205    -1.4731      1.789    29.6314    21.8540 -9.990e-29
 247.681499      1.798  36.859452    14.9207    -1.4739      1.783    29.5988    21.8289 -9.990e-29
 247.681505      1.797  36.851301    14.9214    -1.4747      1.782    29.5910    21.8228 -9.990e-29
 247.681510      1.799  36.874112    14.9218    -1.4748      1.784    29.6111    21.8381 -9.990e-29
 247.681516      1.806  36.898516    14.9215    -1.4741      1.791    29.6331    21.8551 -9.990e-29
 247.681522      1.818  36.893340    14.9200    -1.4737      1.803    29.6296    21.8527 -9.990e-29
 247.681528      1.831  36.850736    14.9181    -1.4738      1.816    29.5930    21.8250 -9.990e-29
 247.681534      1.842  36.799815    14.9167    -1.4742      1.827    29.5486    21.7911 -9.990e-29
 247.681539      1.856  36.779887    14.9157    -1.4745      1.841    29.5316    21.7783 -9.990e-29
 247.681545      1.874  36.806025    14.9151    -1.4745      1.858    29.5554    21.7967 -9.990e-29
 247.681551      1.888  36.861700    14.9147    -1.4746      1.872    29.6053    21.8352 -9.990e-29
 247.681557      1.899  36.896358    14.9143    -1.4747      1.883    29.6366    21.8593 -9.990e-29
 247.681563      1.912  36.876810    14.9143    -1.4744      1.896    29.6191    21.8459 -9.990e-29
 247.681568      1.923  36.839371    14.9152    -1.4732      1.907    29.5850    21.8195 -9.990e-29
 247.681574      1.930  36.832923    14.9168    -1.4731      1.914    29.5781    21.8138 -9.990e-29
 247.681580      1.933  36.856887    14.9179    -1.4745      1.917    29.5986    21.8293 -9.990e-29
 247.681586      1.931  36.878390    14.9184     8.1963      1.915    29.6174    21.8437 -9.990e-29
 247.681591      1.929  36.874722    14.9189    10.4074      1.913    29.6138    21.8408 -9.990e-29
 247.681597      1.931  36.850697    14.9190    10.6507      1.915    29.5923    21.8242 -9.990e-29
 247.681603      1.932  36.825447    14.9182     9.3503      1.916    29.5703    21.8075 -9.990e-29
 247.681609      1.934  36.810871    14.9170     6.2786      1.918    29.5582    21.7985 -9.990e-29
 247.681615      1.940  36.807321    14.9164     6.6054      1.924    29.5555    21.7965 -9.990e-29
 247.681620      1.947  36.820888    14.9168     6.8601      1.931    29.5673    21.8055 -9.990e-29
 247.681626      1.951  36.862550    14.9172     6.8943      1.935    29.6042    21.8338 -9.990e-29
 247.681632      1.951  36.913504    14.9170     6.8365      1.935    29.6498    21.8689 -9.990e-29
 247.681638      1.948  36.932034    14.9164     6.7638      1.932    29.6668    21.8821 -9.990e-29
 247.681644      1.946  36.945823    14.9163     6.6864      1.930    29.6792    21.8917 -9.990e-29
 247.681649      1.949  36.998088    14.9169     6.6290      1.933    29.7254    21.9271 -9.990e-29
 247.681655      1.953  37.046060    14.9176     6.6002      1.937    29.7677    21.9595 -9.990e-29
 247.681661      1.954  37.064220    14.9180     6.5861      1.938    29.7836    21.9716 -9.990e-29
 247.681667      1.952  37.071354    14.9181     6.5918      1.936    29.7899    21.9764 -9.990e-29
 247.681672      1.947  37.073791    14.9182     6.5938      1.931    29.7920    21.9780 -9.990e-29
 247.681678      1.939  37.073275    14.9186     6.5866      1.923    29.7912    21.9774 -9.990e-29
 247.681684      1.931  37.072096    14.9193     6.5811      1.915    29.7896    21.9760 -9.990e-29
 247.681690      1.927  37.072219    14.9197     6.5772      1.911    29.7894    21.9758 -9.990e-29
 247.681696      1.927  37.072866    14.9199     6.5693      1.911    29.7898    21.9761 -9.990e-29
 247.681701      1.932  37.072832    14.9206     6.5526      1.916    29.7893    21.9755 -9.990e-29
 247.681707      1.936  37.072250    14.9216     6.5399      1.920    29.7880    21.9743 -9.990e-29
 247.681713      1.935  37.071639    14.9225     6.5456      1.919    29.7868    21.9731 -9.990e-29
 247.681719      1.936  37.071484    14.9226     6.5439      1.920    29.7866    21.9730 -9.990e-29
 247.681725      1.940  37.071753    14.9222     6.5524      1.924    29.7871    21.9735 -9.990e-29
 247.681730      1.945  37.071303    14.9224     6.5581      1.929    29.7865    21.9730 -9.990e-29
 247.681736      1.947  37.070270    14.9239     6.5619      1.931    29.7845    21.9711 -9.990e-29
 247.681742      1.949  37.070254    14.9262     6.5588      1.933    29.7827    21.9692 -9.990e-29
 247.681748      1.957  37.071969    14.9279     6.5606      1.941    29.7829    21.9691 -9.990e-29
 247.681753      1.966  37.073397    14.9276     6.5523      1.950    29.7844    21.9703 -9.990e-29
 247.681759      1.973  37.072136    14.9263     6.5501      1.957    29.7843    21.9704 -9.990e-29
 247.681765      1.979  37.070042    14.9262     6.5455      1.962    29.7825    21.9691 -9.990e-29
 247.681771      1.983  37.069543    14.9286     6.5314      1.966    29.7802    21.9668 -9.990e-29
 247.681777      1.986  37.070710    14.9323     6.5372      1.969    29.7784    21.9647 -9.990e-29
 247.681782      1.988  37.073032    14.9347     6.5557      1.971    29.7787    21.9644 -9.990e-29
 247.681788      1.989  37.076421    14.9349     6.5624      1.972    29.7816    21.9665 -9.990e-29
 247.681794      1.990  37.079408    14.9341     6.5640      1.973    29.7848    21.9692 -9.990e-29
 247.681800      1.989  37.079588    14.9347     6.5644      1.972    29.7845    21.9689 -9.990e-29
 247.681806      1.989  37.077842    14.9373     6.5599      1.972    29.7810    21.9656 -9.990e-29
 247.681811      1.987  37.077113    14.9409     6.5715      1.970    29.7776    21.9622 -9.990e-29
 247.681817      1.985  37.078126    14.9453     6.5509      1.968    29.7752    21.9594 -9.990e-29
 247.681823      1.982  37.079042    14.9492     6.5444      1.965    29.7730    21.9570 -9.990e-29
 247.681829      1.977  37.079936    14.9503     6.5464      1.960    29.7730    21.9567 -9.990e-29
 247.681834      1.971  37.081411    14.9499     6.5484      1.955    29.7746    21.9580 -9.990e-29
 247.681840      1.964  37.082607    14.9517     6.5569      1.948    29.7743    21.9574 -9.990e-29
 247.681846      1.954  37.084530    14.9557     6.5556      1.938    29.7730    21.9556 -9.990e-29
 247.681852      1.945  37.087477    14.9582     6.5483      1.929    29.7737    21.9556 -9.990e-29
 247.681858      1.942  37.088627    14.9569     6.5522      1.926    29.7757    21.9574 -9.990e-29
 247.681863      1.943  37.086685    14.9542     6.5525      1.927    29.7760    21.9582 -9.990e-29
 247.681869      1.949  37.084637    14.9538     6.5528      1.933    29.7745    21.9572 -9.990e-29
 247.681875      1.957  37.085329    14.9564     6.5487      1.941    29.7731    21.9556 -9.990e-29
 247.681881      1.961  37.087974    14.9593     6.5457      1.945    29.7733    21.9551 -9.990e-29
 247.681887      1.963  37.091028    14.9594     6.5511      1.947    29.7759    21.9571 -9.990e-29
 247.681892      1.963  37.091814    14.9576     6.5638      1.947    29.7780    21.9590 -9.990e-29
 247.681898      1.960  37.088552    14.9567     6.5623      1.944    29.7758    21.9575 -9.990e-29
 247.681904      1.959  37.086391    14.9581     6.5710      1.943    29.7728    21.9549 -9.990e-29
 247.681910      1.964  37.088026    14.9616     6.5529      1.948    29.7716    21.9533 -9.990e-29
 247.681916      1.971  37.090004    14.9653     6.5470      1.955    29.7705    21.9517 -9.990e-29
 247.681921      1.977  37.091575    14.9673     6.5467      1.960    29.7704    21.9512 -9.990e-29
 247.681927      1.980  37.094806    14.9674     6.5672      1.963    29.7732    21.9533 -9.990e-29
 247.681933      1.983  37.099496    14.9673     6.5662      1.966    29.7775    21.9566 -9.990e-29
 247.681939      1.984  37.102906    14.9677     6.5748      1.967    29.7802    21.9586 -9.990e-29
 247.681944      1.985  37.103953    14.9683     6.5510      1.968    29.7807    21.9589 -9.990e-29
 247.681950      1.984  37.103444    14.9689     6.5356      1.967    29.7798    21.9580 -9.990e-29
 247.681956      1.983  37.102917    14.9696     6.5367      1.966    29.7788    21.9571 -9.990e-29
 247.681962      1.980  37.102762    14.9701     6.5479      1.963    29.7782    21.9566 -9.990e-29
 247.681968      1.977  37.102185    14.9703     6.5535      1.960    29.7776    21.9561 -9.990e-29
 247.681973      1.971  37.101511    14.9709     6.5486      1.955    29.7765    21.9551 -9.990e-29
 247.681979      1.969  37.101494    14.9722     6.5451      1.953    29.7755    21.9541 -9.990e-29
 247.681985      1.972  37.102084    14.9735     6.5420      1.956    29.7751    21.9534 -9.990e-29
 247.681991      1.978  37.102922    14.9745     6.5508      1.961    29.7750    21.9532 -9.990e-29
 247.681997      1.983  37.104538    14.9758     6.5546      1.966    29.7755    21.9533 -9.990e-29
