data/oxygen options/OCNMS/OCNMS1/raw_data/2015/CAST_TH015_150904faed.cnv
* Sea-Bird SBE19 Data File:
* FileName = C:\2015 Mooring Data\Casts\CAST_TH015_150904.hex
* Software Version 1.59
* Temperature SN = 2997
* Conductivity SN = 2997
* System UpLoad Time = Sep 04 2015 21:40:35
** CAST_TH015_150904
* ds
# nquan = 9                                 
# nvalues = 828                         
# units = specified
# name 0 = timeJ: Julian Days
# name 1 = prSM: Pressure, Strain Gauge [db]
# name 2 = c0mS/cm: Conductivity [mS/cm]
# name 3 = t090C: Temperature [ITS-90, deg C]
# name 4 = sbeox0ML/L: Oxygen, SBE 43 [ml/l]
# name 5 = depSM: Depth [salt water, m], lat = 47.5
# name 6 = sal00: Salinity, Practical [PSU]
# name 7 = sigma-é00: Density [sigma-theta, kg/m^3]
# name 8 = flag: flag
# span 0 = 247.877292, 247.882078       
# span 1 =     -4.965,     17.126       
# span 2 =   0.345571,  38.463022       
# span 3 =    13.8607,    15.5375       
# span 4 =    -1.7630,    10.8325       
# span 5 =     -4.924,     16.982       
# span 6 =     0.2047,    31.8265       
# span 7 =    -0.8227,    23.7648       
# span 8 = 0.0000e+00, 0.0000e+00       
# interval = seconds: 0.5
# start_time = Sep 04 2015 21:03:18 [Instrument's time stamp, header]
# bad_flag = -9.990e-29
*END*
[from data line 161]
 247.878223     -1.523   0.356610    15.1627    -1.7585     -1.510     0.2129    -0.7586 -9.990e-29
 247.878229     -1.511   0.356583    15.1563    -1.7595     -1.498     0.2129    -0.7576 -9.990e-29
 247.878235     -1.499   0.356501    15.1569    -1.7603     -1.486     0.2129    -0.7577 -9.990e-29
 247.878241     -1.487   0.356254    15.1627    -1.7605     -1.475     0.2127    -0.7588 -9.990e-29
 247.878247     -1.475   0.356069    15.1678    -1.7600     -1.463     0.2125    -0.7597 -9.990e-29
 247.878252     -1.460   0.356255    15.1698    -1.7597     -1.448     0.2126    -0.7599 -9.990e-29
 247.878258     -1.444   0.356502    15.1661    -1.7597     -1.432     0.2128    -0.7592 -9.990e-29
 247.878264     -1.424   0.356584    15.1522    -1.7593     -1.412     0.2129    -0.7570 -9.990e-29
 247.878270     -1.403   0.356612    15.1276    -1.7585     -1.391     0.2131    -0.7531 -9.990e-29
 247.878275     -1.389   0.356621    15.0978    -1.7578     -1.377     0.2132    -0.7484 -9.990e-29
 247.878281     -1.386   0.356626    15.0712    -1.7575     -1.374     0.2134    -0.7443 -9.990e-29
 247.878287     -1.388   0.356630    15.0536    -1.7573     -1.376     0.2135    -0.7415 -9.990e-29
 247.878293     -1.387   0.356640    15.0474    -1.7568     -1.375     0.2135    -0.7405 -9.990e-29
 247.878299     -1.379   0.356668    15.0504    -1.7565     -1.367     0.2135    -0.7410 -9.990e-29
 247.878304     -1.368   0.356751    15.0567    -1.7563     -1.357     0.2135    -0.7419 -9.990e-29
 247.878310     -1.357   0.357002    15.0637    -1.7561     -1.346     0.2136    -0.7429 -9.990e-29
 247.878316     -1.345   0.357754    15.0739    -1.7561     -1.334     0.2140    -0.7441 -9.990e-29
 247.878322     -1.332   0.360007    15.0880    -1.7558     -1.321     0.2153    -0.7453 -9.990e-29
 247.878328     -1.317   0.364545    15.1021    -1.7557     -1.306     0.2180    -0.7453 -9.990e-29
 247.878333     -1.304   0.370204    15.1131    -1.7558     -1.293     0.2214    -0.7444 -9.990e-29
 247.878339     -1.295   0.375090    15.1223    -1.7555     -1.284     0.2244    -0.7435 -9.990e-29
 247.878345     -1.290   0.378502    15.1315    -1.7549     -1.279     0.2264    -0.7433 -9.990e-29
 247.878351     -1.285   0.380550    15.1399    -1.7546     -1.274     0.2276    -0.7437 -9.990e-29
 247.878356     -1.275   0.381743    15.1468    -1.7548     -1.264     0.2283    -0.7442 -9.990e-29
 247.878362     -1.264   0.382560    15.1520    -1.7547     -1.253     0.2288    -0.7446 -9.990e-29
 247.878368     -1.254   0.382981    15.1564    -1.7552     -1.244     0.2290    -0.7451 -9.990e-29
 247.878374     -1.246   0.383011    15.1611    -1.7551     -1.236     0.2290    -0.7459 -9.990e-29
 247.878380     -1.239   0.382691    15.1648    -1.7553     -1.229     0.2288    -0.7466 -9.990e-29
 247.878385     -1.233   0.382148    15.1684    -1.7553     -1.223     0.2285    -0.7474 -9.990e-29
 247.878391     -1.227   0.381769    15.1751    -1.7549     -1.217     0.2282    -0.7487 -9.990e-29
 247.878397     -1.221   0.381602    15.1840    -1.7546     -1.211     0.2280    -0.7501 -9.990e-29
 247.878403     -1.214   0.381424    15.1901    -1.7543     -1.204     0.2279    -0.7512 -9.990e-29
 247.878409     -1.207   0.380999    15.1915    -1.7547     -1.197     0.2276    -0.7516 -9.990e-29
 247.878414     -1.198   0.380315    15.1896    -1.7554     -1.188     0.2272    -0.7516 -9.990e-29
 247.878420     -1.186   0.379569    15.1861    -1.7556     -1.176     0.2268    -0.7514 -9.990e-29
 247.878426     -1.177   0.378876    15.1831    -1.7554     -1.167     0.2264    -0.7513 -9.990e-29
 247.878432     -1.172   0.378423    15.1818    -1.7553     -1.162     0.2261    -0.7513 -9.990e-29
 247.878437     -1.168   0.378161    15.1836    -1.7549     -1.158     0.2259    -0.7517 -9.990e-29
 247.878443     -1.160   0.377741    15.1890    -1.7549     -1.150     0.2256    -0.7528 -9.990e-29
 247.878449     -1.147   0.377157    15.1951    -1.7552     -1.137     0.2253    -0.7540 -9.990e-29
 247.878455     -1.129   0.376740    15.1971    -1.7555     -1.120     0.2250    -0.7545 -9.990e-29
 247.878461     -1.109   0.376491    15.1921    -1.7553     -1.100     0.2249    -0.7538 -9.990e-29
 247.878466     -1.094   0.376075    15.1835    -1.7551     -1.085     0.2247    -0.7527 -9.990e-29
 247.878472     -1.088   0.375492    15.1782    -1.7548     -1.079     0.2243    -0.7521 -9.990e-29
 247.878478     -1.085   0.375075    15.1784    -1.7549     -1.076     0.2241    -0.7523 -9.990e-29
 247.878484     -1.078   0.374822    15.1819    -1.7547     -1.069     0.2239    -0.7530 -9.990e-29
 247.878490     -1.065   0.374396    15.1854    -1.7544     -1.056     0.2236    -0.7538 -9.990e-29
 247.878495     -1.050   0.373786    15.1859    -1.7540     -1.041     0.2233    -0.7541 -9.990e-29
 247.878501     -1.033   0.373288    15.1831    -1.7538     -1.024     0.2230    -0.7539 -9.990e-29
 247.878507     -1.015   0.372791    15.1810    -1.7539     -1.007     0.2227    -0.7538 -9.990e-29
 247.878513     -1.002   0.372190    15.1827    -1.7539     -0.994     0.2223    -0.7544 -9.990e-29
 247.878519     -0.990   0.371792    15.1870    -1.7536     -0.982     0.2220    -0.7552 -9.990e-29
 247.878524     -0.981   0.371623    15.1915    -1.7536     -0.973     0.2219    -0.7560 -9.990e-29
 247.878530     -0.973   0.371457    15.1951    -1.7536     -0.965     0.2218    -0.7567 -9.990e-29
 247.878536     -0.965   0.371072    15.1998    -1.7535     -0.957     0.2215    -0.7576 -9.990e-29
 247.878542     -0.958   0.370508    15.2068    -1.7535     -0.950     0.2211    -0.7590 -9.990e-29
 247.878547     -0.951   0.370122    15.2140    -1.7535     -0.943     0.2209    -0.7603 -9.990e-29
 247.878553     -0.943   0.369956    15.2188    -1.7537     -0.935     0.2207    -0.7611 -9.990e-29
 247.878559     -0.934   0.369790    15.2210    -1.7538     -0.926     0.2206    -0.7616 -9.990e-29
 247.878565     -0.923   0.369402    15.2232    -1.7539     -0.915     0.2204    -0.7621 -9.990e-29
 247.878571     -0.914   0.368829    15.2259    -1.7540     -0.906     0.2200    -0.7628 -9.990e-29
 247.878576     -0.911   0.368417    15.2279    -1.7541     -0.903     0.2198    -0.7633 -9.990e-29
 247.878582     -0.908   0.368169    15.2293    -1.7542     -0.900     0.2196    -0.7636 -9.990e-29
 247.878588     -0.903   0.367756    15.2307    -1.7539     -0.895     0.2193    -0.7641 -9.990e-29
 247.878594     -0.893   0.367183    15.2311    -1.7538     -0.886     0.2190    -0.7644 -9.990e-29
 247.878600     -0.884   0.366793    15.2293    -1.7539     -0.877     0.2188    -0.7643 -9.990e-29
 247.878605     -0.878   0.366622    15.2264    -1.7540     -0.871     0.2187    -0.7639 -9.990e-29
 247.878611     -0.871   0.366444    15.2240    -1.7540     -0.864     0.2186    -0.7636 -9.990e-29
 247.878617     -0.859   0.366019    15.2223    -1.7542     -0.852     0.2183    -0.7635 -9.990e-29
 247.878623     -0.844   0.365336    15.2203    -1.7546     -0.837     0.2179    -0.7636 -9.990e-29
 247.878628     -0.834   0.364594    15.2186    -1.7548     -0.827     0.2175    -0.7636 -9.990e-29
 247.878634     -0.829   0.363914    15.2187    -1.7549     -0.822     0.2171    -0.7640 -9.990e-29
 247.878640     -0.825   0.363498    15.2205    -1.7551     -0.818     0.2168    -0.7644 -9.990e-29
 247.878646     -0.820   0.363349    15.2218    -1.7550     -0.813     0.2167    -0.7647 -9.990e-29
 247.878652     -0.811   0.363265    15.2212    -1.7548     -0.804     0.2166    -0.7647 -9.990e-29
 247.878657     -0.797   0.363135    15.2197    -1.7546     -0.790     0.2166    -0.7645 -9.990e-29
 247.878663     -0.784   0.362786    15.2171    -1.7543     -0.777     0.2164    -0.7642 -9.990e-29
 247.878669     -0.778   0.362307    15.2117    -1.7546     -0.772     0.2161    -0.7636 -9.990e-29
 247.878675     -0.773   0.362169    15.2047    -1.7546     -0.767     0.2161    -0.7626 -9.990e-29
 247.878681     -0.764   0.362190    15.1989    -1.7543     -0.758     0.2161    -0.7617 -9.990e-29
 247.878686     -0.756   0.361840    15.1949    -1.7541     -0.750     0.2159    -0.7612 -9.990e-29
 247.878692     -0.752   0.361209    15.1931    -1.7539     -0.746     0.2155    -0.7612 -9.990e-29
 247.878698     -0.747   0.360566    15.1947    -1.7538     -0.741     0.2151    -0.7618 -9.990e-29
 247.878704     -0.738   0.360163    15.1988    -1.7538     -0.732     0.2149    -0.7626 -9.990e-29
 247.878709     -0.727   0.360016    15.2033    -1.7536     -0.721     0.2148    -0.7634 -9.990e-29
 247.878715     -0.718   0.359930    15.2062    -1.7537     -0.712     0.2147    -0.7639 -9.990e-29
 247.878721     -0.711   0.359792    15.2070    -1.7532     -0.705     0.2146    -0.7641 -9.990e-29
 247.878727     -0.705   0.359417    15.2086    -1.7529     -0.699     0.2144    -0.7645 -9.990e-29
 247.878733     -0.700   0.358859    15.2130    -1.7528     -0.694     0.2140    -0.7655 -9.990e-29
 247.878738     -0.695   0.358487    15.2182    -1.7523     -0.689     0.2138    -0.7664 -9.990e-29
 247.878744     -0.691   0.358359    15.2227    -1.7518     -0.685     0.2137    -0.7672 -9.990e-29
 247.878750     -0.686   0.358304    15.2261    -1.7514     -0.680     0.2136    -0.7678 -9.990e-29
 247.878756     -0.681   0.358249    15.2289    -1.7513     -0.675     0.2136    -0.7682 -9.990e-29
 247.878762     -0.675   0.358121    15.2322    -1.7509     -0.669     0.2135    -0.7688 -9.990e-29
 247.878767     -0.669   0.357747    15.2372    -1.7504     -0.663     0.2132    -0.7698 -9.990e-29
 247.878773     -0.660   0.357186    15.2447    -1.7495     -0.654     0.2128    -0.7712 -9.990e-29
 247.878779     -0.654   0.356802    15.2526    -1.7483     -0.649     0.2126    -0.7727 -9.990e-29
 247.878785     -0.655   0.356638    15.2605    -1.7473     -0.650     0.2124    -0.7740 -9.990e-29
 247.878791     -0.657   0.356473    15.2704    -1.7467     -0.652     0.2123    -0.7756 -9.990e-29
 247.878796     -0.656   0.356088    15.2816    -1.7463     -0.651     0.2120    -0.7776 -9.990e-29
 247.878802     -0.654   0.355527    15.2919    -1.7459     -0.649     0.2116    -0.7795 -9.990e-29
 247.878808     -0.649   0.355151    15.3016    -1.7457     -0.644     0.2113    -0.7812 -9.990e-29
 247.878814     -0.641   0.355013    15.3139    -1.7454     -0.636     0.2112    -0.7832 -9.990e-29
 247.878819     -0.630   0.354930    15.3312    -1.7451     -0.625     0.2110    -0.7860 -9.990e-29
 247.878825     -0.620   0.354793    15.3542    -1.7449     -0.615     0.2108    -0.7898 -9.990e-29
 247.878831     -0.614   0.354418    15.3806    -1.7453     -0.609     0.2105    -0.7941 -9.990e-29
 247.878837     -0.606   0.353859    15.4052    -1.7451     -0.601     0.2100    -0.7983 -9.990e-29
 247.878843     -0.594   0.353484    15.4244    -1.7448     -0.589     0.2097    -0.8016 -9.990e-29
 247.878848     -0.579   0.353346    15.4383    -1.7447     -0.574     0.2095    -0.8039 -9.990e-29
 247.878854     -0.570   0.353264    15.4484    -1.7443     -0.565     0.2094    -0.8055 -9.990e-29
 247.878860     -0.570   0.353127    15.4565    -1.7434     -0.565     0.2093    -0.8069 -9.990e-29
 247.878866     -0.576   0.352752    15.4642    -1.7437     -0.571     0.2090    -0.8083 -9.990e-29
 247.878872     -0.578   0.352195    15.4709    -1.7441     -0.573     0.2087    -0.8096 -9.990e-29
 247.878877     -0.578   0.351824    15.4740    -1.7441     -0.573     0.2084    -0.8103 -9.990e-29
 247.878883     -0.578   0.351700    15.4743    -1.7441     -0.573     0.2084    -0.8104 -9.990e-29
 247.878889     -0.576   0.351657    15.4768    -1.7443     -0.571     0.2083    -0.8108 -9.990e-29
 247.878895     -0.566   0.351639    15.4826    -1.7453     -0.561     0.2083    -0.8118 -9.990e-29
 247.878900     -0.553   0.351620    15.4900    -1.7455     -0.548     0.2082    -0.8130 -9.990e-29
 247.878906     -0.540   0.351577    15.5002    -1.7452     -0.535     0.2082    -0.8146 -9.990e-29
 247.878912     -0.525   0.351453    15.5093    -1.7449     -0.521     0.2080    -0.8162 -9.990e-29
 247.878918     -0.512   0.351082    15.5105    -1.7447     -0.508     0.2078    -0.8165 -9.990e-29
 247.878924     -0.505   0.350526    15.5066    -1.7443     -0.501     0.2075    -0.8162 -9.990e-29
 247.878929     -0.500   0.350151    15.5033    -1.7441     -0.496     0.2073    -0.8158 -9.990e-29
 247.878935     -0.490   0.350013    15.4993    -1.7440     -0.486     0.2072    -0.8152 -9.990e-29
 247.878941     -0.481   0.349931    15.4908    -1.7438     -0.477     0.2072    -0.8139 -9.990e-29
 247.878947     -0.475   0.349794    15.4797    -1.7436     -0.471     0.2072    -0.8122 -9.990e-29
 247.878953     -0.472   0.349419    15.4737    -1.7433     -0.468     0.2070    -0.8114 -9.990e-29
 247.878958     -0.473   0.348862    15.4756    -1.7430     -0.469     0.2066    -0.8119 -9.990e-29
 247.878964     -0.472   0.348492    15.4817    -1.7431     -0.468     0.2064    -0.8131 -9.990e-29
 247.878970     -0.466   0.348368    15.4891    -1.7429     -0.462     0.2063    -0.8143 -9.990e-29
 247.878976     -0.459   0.348327    15.4966    -1.7427     -0.455     0.2062    -0.8156 -9.990e-29
 247.878981     -0.454   0.348313    15.5032    -1.7428     -0.450     0.2062    -0.8166 -9.990e-29
 247.878987     -0.451   0.348307    15.5088    -1.7435     -0.447     0.2061    -0.8175 -9.990e-29
 247.878993     -0.449   0.348304    15.5143    -1.7440     -0.445     0.2061    -0.8184 -9.990e-29
 247.878999     -0.449   0.348298    15.5203    -1.7441     -0.445     0.2061    -0.8194 -9.990e-29
 247.879005     -0.451   0.348284    15.5262    -1.7439     -0.447     0.2060    -0.8204 -9.990e-29
 247.879010     -0.455   0.348243    15.5307    -1.7441     -0.451     0.2060    -0.8211 -9.990e-29
 247.879016     -0.457   0.348120    15.5339    -1.7445     -0.453     0.2059    -0.8217 -9.990e-29
 247.879022     -0.452   0.347750    15.5366    -1.7447     -0.448     0.2057    -0.8223 -9.990e-29
 247.879028     -0.445   0.347194    15.5375    -1.7450     -0.441     0.2053    -0.8227 -9.990e-29
 247.879034     -0.439   0.346823    15.5330    -1.7455     -0.435     0.2051    -0.8221 -9.990e-29
 247.879039     -0.434   0.346699    15.5231    -1.7458     -0.430     0.2051    -0.8206 -9.990e-29
 247.879045     -0.429   0.346654    15.5133    -1.7458     -0.425     0.2051    -0.8190 -9.990e-29
 247.879051     -0.426   0.346630    15.5080    -1.7462     -0.422     0.2051    -0.8182 -9.990e-29
 247.879057     -0.422   0.346593    15.5053    -1.7470     -0.418     0.2051    -0.8178 -9.990e-29
 247.879063     -0.418   0.346497    15.5008    -1.7479     -0.415     0.2051    -0.8171 -9.990e-29
 247.879068     -0.414   0.346213    15.4940    -1.7476     -0.411     0.2049    -0.8161 -9.990e-29
 247.879074     -0.410   0.345916    15.4864    -1.7464     -0.407     0.2048    -0.8151 -9.990e-29
 247.879080     -0.404   0.345768    15.4772    -1.7464     -0.401     0.2048    -0.8137 -9.990e-29
 247.879086     -0.398   0.345571    15.4673    -1.7475     -0.395     0.2047    -0.8122 -9.990e-29
 247.879091     -0.390   0.345617    15.4592    -1.7485     -0.387     0.2048    -0.8108 -9.990e-29
 247.879097     -0.379   0.345967    15.4516    -1.7488     -0.376     0.2050    -0.8094 -9.990e-29
 247.879103     -0.366   0.345978    15.4405    -1.7506     -0.363     0.2051    -0.8077 -9.990e-29
 247.879109     -0.350   0.345667    15.4262    -1.4633     -0.347     0.2049    -0.8055 -9.990e-29
 247.879115     -0.329   0.345729    15.4160    -1.4694     -0.326     0.2050    -0.8039 -9.990e-29
 247.879120     -0.306   0.346799    15.4171    -1.4683     -0.303     0.2057    -0.8035 -9.990e-29
 247.879126     -0.288   0.350306    15.4238    -1.4680     -0.286     0.2078    -0.8030 -9.990e-29
 247.879132     -0.275   0.360924    15.4212    -1.4685     -0.273     0.2142    -0.7976 -9.990e-29
 247.879138     -0.256   0.392814    15.4052    -1.4685     -0.254     0.2337    -0.7800 -9.990e-29
