data/oxygen options/OCNMS/OCNMS1/raw_data/2015/CAST_CE042_150930faed.cnv
* Sea-Bird SBE19 Data File:
* FileName = C:\2015 Mooring Data\Casts\CAST_CE042_150930.hex
* Software Version 1.59
* Temperature SN = 2997
* Conductivity SN = 2997
* System UpLoad Time = Sep 30 2015 18:14:07
** CAST_CE042_150930
* ds
# nquan = 9                                 
# nvalues = 1729                        
# units = specified
# name 0 = timeJ: Julian Days
# name 1 = prSM: Pressure, Strain Gauge [db]
# name 2 = c0mS/cm: Conductivity [mS/cm]
# name 3 = t090C: Temperature [ITS-90, deg C]
# name 4 = sbeox0ML/L: Oxygen, SBE 43 [ml/l]
# name 5 = depSM: Depth [salt water, m], lat = 47.5
# name 6 = sal00: Salinity, Practical [PSU]
# name 7 = sigma-é00: Density [sigma-theta, kg/m^3]
# name 8 = flag: flag
# span 0 = 273.747442, 273.757442       
# span 1 =     -4.656,     47.604       
# span 2 =   0.022430,  39.179131       
# span 3 =     8.7266,    14.7239       
# span 4 =    -1.7944,    10.6372       
# span 5 =     -4.617,     47.201       
# span 6 =     0.0175,    33.1431       
# span 7 =    -0.8351,    25.7071       
# span 8 = 0.0000e+00, 0.0000e+00       
# interval = seconds: 0.5
# start_time = Sep 30 2015 17:56:19 [Instrument's time stamp, header]
# bad_flag = -9.990e-29
*END*
[from data line 161]
 273.748374     -1.226   0.722242    14.2623    -1.7855     -1.216     0.4503    -0.4412 -9.990e-29
 273.748380     -1.217   0.722313    14.2575    -1.7857     -1.207     0.4504    -0.4404 -9.990e-29
 273.748385     -1.207   0.721908    14.2520    -1.7867     -1.197     0.4502    -0.4398 -9.990e-29
 273.748391     -1.196   0.721599    14.2484    -1.7872     -1.186     0.4500    -0.4394 -9.990e-29
 273.748397     -1.186   0.721528    14.2485    -1.7874     -1.176     0.4500    -0.4395 -9.990e-29
 273.748403     -1.183   0.721598    14.2519    -1.7872     -1.173     0.4500    -0.4399 -9.990e-29
 273.748409     -1.180   0.721903    14.2589    -1.7871     -1.170     0.4501    -0.4408 -9.990e-29
 273.748414     -1.175   0.722292    14.2691    -1.7870     -1.165     0.4503    -0.4422 -9.990e-29
 273.748420     -1.166   0.722174    14.2773    -1.7868     -1.156     0.4501    -0.4435 -9.990e-29
 273.748426     -1.153   0.721392    14.2781    -1.7866     -1.143     0.4496    -0.4440 -9.990e-29
 273.748432     -1.135   0.720566    14.2704    -1.7864     -1.126     0.4491    -0.4433 -9.990e-29
 273.748438     -1.116   0.720262    14.2568    -1.7864     -1.107     0.4491    -0.4413 -9.990e-29
 273.748443     -1.102   0.720626    14.2447    -1.7864     -1.093     0.4495    -0.4393 -9.990e-29
 273.748449     -1.093   0.721589    14.2395    -1.7864     -1.084     0.4501    -0.4381 -9.990e-29
 273.748455     -1.079   0.722769    14.2400    -1.7862     -1.070     0.4509    -0.4375 -9.990e-29
 273.748461     -1.060   0.723519    14.2431    -1.7860     -1.051     0.4513    -0.4376 -9.990e-29
 273.748466     -1.043   0.723170    14.2469    -1.7860     -1.034     0.4511    -0.4384 -9.990e-29
 273.748472     -1.031   0.721812    14.2510    -1.7858     -1.022     0.4502    -0.4397 -9.990e-29
 273.748478     -1.024   0.720410    14.2552    -1.7857     -1.015     0.4492    -0.4410 -9.990e-29
 273.748484     -1.016   0.719870    14.2586    -1.7854     -1.008     0.4488    -0.4418 -9.990e-29
 273.748490     -1.004   0.720583    14.2604    -1.7851     -0.996     0.4493    -0.4417 -9.990e-29
 273.748495     -0.990   0.721833    14.2616    -1.7849     -0.982     0.4500    -0.4413 -9.990e-29
 273.748501     -0.977   0.722511    14.2635    -1.7847     -0.969     0.4505    -0.4412 -9.990e-29
 273.748507     -0.966   0.722410    14.2666    -1.7844     -0.958     0.4504    -0.4418 -9.990e-29
 273.748513     -0.955   0.721948    14.2701    -1.7842     -0.947     0.4500    -0.4425 -9.990e-29
 273.748519     -0.943   0.721620    14.2732    -1.7838     -0.935     0.4498    -0.4432 -9.990e-29
 273.748524     -0.935   0.721541    14.2769    -1.7834     -0.927     0.4497    -0.4438 -9.990e-29
 273.748530     -0.929   0.721605    14.2821    -1.7832     -0.921     0.4497    -0.4445 -9.990e-29
 273.748536     -0.917   0.721898    14.2886    -1.7831     -0.909     0.4498    -0.4454 -9.990e-29
 273.748542     -0.902   0.722256    14.2955    -1.7828     -0.894     0.4499    -0.4462 -9.990e-29
 273.748547     -0.892   0.722045    14.3022    -1.7825     -0.885     0.4497    -0.4474 -9.990e-29
 273.748553     -0.882   0.720982    14.3086    -1.7830     -0.875     0.4490    -0.4489 -9.990e-29
 273.748559     -0.872   0.719870    14.3153    -1.7838     -0.865     0.4482    -0.4504 -9.990e-29
 273.748565     -0.864   0.720002    14.3228    -1.7843     -0.857     0.4482    -0.4515 -9.990e-29
 273.748571     -0.858   0.721552    14.3310    -1.7846     -0.851     0.4491    -0.4520 -9.990e-29
 273.748576     -0.855   0.723256    14.3388    -1.7846     -0.848     0.4501    -0.4523 -9.990e-29
 273.748582     -0.849   0.724053    14.3454    -1.7844     -0.842     0.4505    -0.4529 -9.990e-29
 273.748588     -0.836   0.723897    14.3511    -1.7844     -0.829     0.4504    -0.4539 -9.990e-29
 273.748594     -0.819   0.723133    14.3554    -1.7845     -0.812     0.4498    -0.4549 -9.990e-29
 273.748600     -0.806   0.722407    14.3555    -1.7845     -0.799     0.4494    -0.4553 -9.990e-29
 273.748605     -0.796   0.721861    14.3481    -1.7844     -0.789     0.4491    -0.4544 -9.990e-29
 273.748611     -0.784   0.720766    14.3353    -1.7843     -0.777     0.4485    -0.4530 -9.990e-29
 273.748617     -0.774   0.719327    14.3233    -1.7844     -0.768     0.4477    -0.4519 -9.990e-29
 273.748623     -0.764   0.718956    14.3161    -1.7843     -0.758     0.4476    -0.4510 -9.990e-29
 273.748628     -0.751   0.720268    14.3138    -1.7841     -0.745     0.4484    -0.4500 -9.990e-29
 273.748634     -0.737   0.722236    14.3140    -1.7841     -0.731     0.4497    -0.4491 -9.990e-29
 273.748640     -0.726   0.723597    14.3145    -1.7840     -0.720     0.4506    -0.4484 -9.990e-29
 273.748646     -0.718   0.723943    14.3145    -1.7839     -0.712     0.4508    -0.4483 -9.990e-29
 273.748652     -0.711   0.723182    14.3151    -1.7845     -0.705     0.4503    -0.4487 -9.990e-29
 273.748657     -0.705   0.721408    14.3165    -1.7850     -0.699     0.4492    -0.4498 -9.990e-29
 273.748663     -0.700   0.719586    14.3175    -1.7848     -0.694     0.4480    -0.4509 -9.990e-29
 273.748669     -0.695   0.719172    14.3181    -1.7845     -0.689     0.4477    -0.4512 -9.990e-29
 273.748675     -0.691   0.720724    14.3195    -1.7842     -0.685     0.4487    -0.4506 -9.990e-29
 273.748681     -0.686   0.722979    14.3220    -1.7841     -0.680     0.4501    -0.4499 -9.990e-29
 273.748686     -0.681   0.723947    14.3243    -1.7841     -0.675     0.4507    -0.4498 -9.990e-29
 273.748692     -0.675   0.722699    14.3251    -1.7843     -0.669     0.4499    -0.4505 -9.990e-29
 273.748698     -0.669   0.720345    14.3220    -1.7843     -0.663     0.4484    -0.4512 -9.990e-29
 273.748704     -0.660   0.719296    14.3149    -1.7844     -0.654     0.4478    -0.4507 -9.990e-29
 273.748709     -0.650   0.720376    14.3089    -1.7846     -0.645     0.4486    -0.4492 -9.990e-29
 273.748715     -0.641   0.722247    14.3089    -1.7847     -0.636     0.4498    -0.4483 -9.990e-29
 273.748721     -0.638   0.723516    14.3138    -1.7847     -0.633     0.4505    -0.4484 -9.990e-29
 273.748727     -0.636   0.723654    14.3193    -1.7847     -0.631     0.4506    -0.4491 -9.990e-29
 273.748733     -0.634   0.722845    14.3223    -1.7844     -0.629     0.4500    -0.4500 -9.990e-29
 273.748738     -0.637   0.721674    14.3221    -1.7841     -0.632     0.4493    -0.4506 -9.990e-29
 273.748744     -0.641   0.720800    14.3202    -1.7840     -0.636     0.4487    -0.4507 -9.990e-29
 273.748750     -0.642   0.720722    14.3179    -1.7841     -0.637     0.4487    -0.4504 -9.990e-29
 273.748756     -0.640   0.721337    14.3153    -1.7840     -0.635     0.4491    -0.4497 -9.990e-29
 273.748762     -0.634   0.721799    14.3126    -1.7838     -0.629     0.4495    -0.4491 -9.990e-29
 273.748767     -0.625   0.721612    14.3108    -1.7837     -0.620     0.4494    -0.4489 -9.990e-29
 273.748773     -0.611   0.721082    14.3109    -1.7836     -0.606     0.4490    -0.4492 -9.990e-29
 273.748779     -0.592   0.720612    14.3132    -1.7834     -0.587     0.4487    -0.4497 -9.990e-29
 273.748785     -0.571   0.720686    14.3176    -1.7832     -0.566     0.4487    -0.4504 -9.990e-29
 273.748791     -0.551   0.721400    14.3227    -1.7836     -0.546     0.4491    -0.4508 -9.990e-29
 273.748796     -0.531   0.722040    14.3265    -1.7842     -0.527     0.4495    -0.4511 -9.990e-29
 273.748802     -0.513   0.721792    14.3282    -1.7847     -0.509     0.4493    -0.4514 -9.990e-29
 273.748808     -0.501   0.720881    14.3295    -1.7852     -0.497     0.4487    -0.4521 -9.990e-29
 273.748814     -0.494   0.720868    14.3319    -1.7857     -0.490     0.4486    -0.4525 -9.990e-29
 273.748819     -0.487   0.722290    14.3353    -1.7859     -0.483     0.4495    -0.4523 -9.990e-29
 273.748825     -0.475   0.723710    14.3391    -1.7857     -0.471     0.4504    -0.4521 -9.990e-29
 273.748831     -0.463   0.724245    14.3423    -1.7858     -0.459     0.4507    -0.4524 -9.990e-29
 273.748837     -0.453   0.724052    14.3418    -1.7857     -0.449     0.4506    -0.4524 -9.990e-29
 273.748843     -0.445   0.723429    14.3350    -1.7855     -0.441     0.4503    -0.4517 -9.990e-29
 273.748848     -0.439   0.722655    14.3237    -1.7850     -0.435     0.4499    -0.4503 -9.990e-29
 273.748854     -0.433   0.721809    14.3110    -1.7844     -0.429     0.4495    -0.4488 -9.990e-29
 273.748860     -0.428   0.721056    14.2986    -1.7841     -0.424     0.4491    -0.4473 -9.990e-29
 273.748866     -0.423   0.720503    14.2887    -1.7839     -0.419     0.4489    -0.4461 -9.990e-29
 273.748872     -0.419   0.720153    14.2833    -1.7838     -0.416     0.4487    -0.4454 -9.990e-29
 273.748877     -0.414   0.720093    14.2820    -1.7838     -0.411     0.4487    -0.4453 -9.990e-29
 273.748883     -0.408   0.720429    14.2826    -1.7837     -0.405     0.4489    -0.4452 -9.990e-29
 273.748889     -0.402   0.721055    14.2855    -1.7839     -0.399     0.4493    -0.4453 -9.990e-29
 273.748895     -0.394   0.721694    14.2921    -1.7841     -0.391     0.4496    -0.4460 -9.990e-29
 273.748900     -0.385   0.722645    14.3025    -1.7843     -0.382     0.4501    -0.4471 -9.990e-29
 273.748906     -0.377   0.724065    14.3138    -1.7840     -0.374     0.4509    -0.4481 -9.990e-29
 273.748912     -0.375   0.725070    14.3227    -1.7839     -0.372     0.4515    -0.4490 -9.990e-29
 273.748918     -0.374   0.724780    14.3285    -1.7836     -0.371     0.4512    -0.4500 -9.990e-29
 273.748924     -0.370   0.723362    14.3321    -1.7828     -0.367     0.4502    -0.4512 -9.990e-29
 273.748929     -0.363   0.721703    14.3338    -1.7825     -0.360     0.4492    -0.4523 -9.990e-29
 273.748935     -0.356   0.720365    14.3335    -1.7824     -0.353     0.4483    -0.4530 -9.990e-29
 273.748941     -0.354   0.719788    14.3311    -1.7826     -0.351     0.4479    -0.4529 -9.990e-29
 273.748947     -0.352   0.720312    14.3280    -1.7832     -0.349     0.4483    -0.4521 -9.990e-29
 273.748953     -0.345   0.721525    14.3272    -1.7835     -0.342     0.4491    -0.4514 -9.990e-29
 273.748958     -0.337   0.722822    14.3302    -1.7838     -0.334     0.4499    -0.4512 -9.990e-29
 273.748964     -0.333   0.723714    14.3362    -1.7835     -0.330     0.4504    -0.4517 -9.990e-29
 273.748970     -0.327   0.723722    14.3453    -1.7833     -0.324     0.4503    -0.4531 -9.990e-29
 273.748976     -0.319   0.722859    14.3562    -1.7831     -0.316     0.4496    -0.4552 -9.990e-29
 273.748981     -0.313   0.721639    14.3641    -1.7829     -0.310     0.4488    -0.4570 -9.990e-29
 273.748987     -0.309   0.720657    14.3657    -1.7832     -0.306     0.4481    -0.4577 -9.990e-29
 273.748993     -0.306   0.720270    14.3612    -1.7836     -0.303     0.4479    -0.4572 -9.990e-29
 273.748999     -0.300   0.720517    14.3532    -1.7839     -0.297     0.4482    -0.4559 -9.990e-29
 273.749005     -0.291   0.721172    14.3455    -1.7842     -0.289     0.4487    -0.4544 -9.990e-29
 273.749010     -0.281   0.721998    14.3418    -1.7844     -0.279     0.4493    -0.4534 -9.990e-29
 273.749016     -0.272   0.722985    14.3432    -1.7844     -0.270     0.4499    -0.4531 -9.990e-29
 273.749022     -0.261   0.723785    14.3475    -1.7838     -0.259     0.4503    -0.4534 -9.990e-29
 273.749028     -0.248   0.723798    14.3515    -1.7832     -0.246     0.4503    -0.4540 -9.990e-29
 273.749034     -0.238   0.723041    14.3523    -1.7828     -0.236     0.4498    -0.4545 -9.990e-29
 273.749039     -0.228   0.722172    14.3484    -1.7830     -0.226     0.4493    -0.4543 -9.990e-29
 273.749045     -0.215   0.721698    14.3416    -1.7833     -0.213     0.4491    -0.4535 -9.990e-29
 273.749051     -0.201   0.721542    14.3343    -1.7836     -0.199     0.4490    -0.4525 -9.990e-29
 273.749057     -0.190   0.721495    14.3284    -1.7835     -0.188     0.4491    -0.4516 -9.990e-29
 273.749062     -0.182   0.721494    14.3256    -1.7833     -0.180     0.4491    -0.4512 -9.990e-29
 273.749068     -0.175   0.721538    14.3284    -1.7832     -0.174     0.4491    -0.4516 -9.990e-29
 273.749074     -0.170   0.721687    14.3369    -1.7835     -0.169     0.4491    -0.4528 -9.990e-29
 273.749080     -0.167   0.722139    14.3471    -1.7840     -0.166     0.4493    -0.4541 -9.990e-29
 273.749086     -0.164   0.722941    14.3534    -1.7844     -0.163     0.4497    -0.4547 -9.990e-29
 273.749091     -0.161   0.723499    14.3534    -1.7849     -0.160     0.4501    -0.4544 -9.990e-29
 273.749097     -0.159   0.723444    14.3495    -1.7853     -0.158     0.4501    -0.4539 -9.990e-29
 273.749103     -0.158   0.723259    14.3462    -1.7858     -0.157     0.4500    -0.4534 -9.990e-29
 273.749109     -0.157   0.723251    14.3459    -1.7862     -0.156     0.4500    -0.4534 -9.990e-29
 273.749115     -0.156   0.722855    14.3471    -1.7866     -0.155     0.4497    -0.4538 -9.990e-29
 273.749120     -0.155   0.721545    14.3458    -1.7869     -0.154     0.4489    -0.4542 -9.990e-29
 273.749126     -0.154   0.720348    14.3394    -1.7870     -0.153     0.4482    -0.4539 -9.990e-29
 273.749132     -0.153   0.720445    14.3294    -1.7871     -0.152     0.4484    -0.4523 -9.990e-29
 273.749138     -0.152   0.721411    14.3184    -1.7873     -0.151     0.4491    -0.4501 -9.990e-29
 273.749144     -0.152   0.722313    14.3067    -1.7876     -0.151     0.4498    -0.4479 -9.990e-29
 273.749149     -0.151   0.722689    14.2947    -1.7876     -0.150     0.4502    -0.4459 -9.990e-29
 273.749155     -0.150   0.722485    14.2832    -1.7875     -0.149     0.4502    -0.4442 -9.990e-29
 273.749161     -0.149   0.721983    14.2726    -1.7874     -0.148     0.4500    -0.4429 -9.990e-29
 273.749167     -0.148   0.721624    14.2630    -1.7874     -0.147     0.4499    -0.4416 -9.990e-29
 273.749172     -0.146   0.721485    14.2554    -1.7871     -0.145     0.4499    -0.4405 -9.990e-29
 273.749178     -0.144   0.721381    14.2504    -1.7873     -0.143     0.4499    -0.4398 -9.990e-29
 273.749184     -0.141   0.721174    14.2461    -1.7876     -0.140     0.4498    -0.4393 -9.990e-29
 273.749190     -0.138   0.721143    14.2412    -1.7877     -0.137     0.4498    -0.4385 -9.990e-29
 273.749196     -0.134   0.721800    14.2368    -1.7876     -0.133     0.4503    -0.4375 -9.990e-29
 273.749201     -0.128   0.722911    14.2353    -1.7873     -0.127     0.4510    -0.4367 -9.990e-29
 273.749207     -0.121   0.723738    14.2366    -1.7876     -0.120     0.4516    -0.4365 -9.990e-29
 273.749213     -0.112   0.723719    14.2388    -1.7874     -0.111     0.4515    -0.4369 -9.990e-29
 273.749219     -0.100   0.722827    14.2410    -1.7871     -0.099     0.4509    -0.4377 -9.990e-29
 273.749225     -0.090   0.721538    14.2417    -1.7871     -0.089     0.4501    -0.4384 -9.990e-29
 273.749230     -0.084   0.720356    14.2394    -1.7872     -0.083     0.4493    -0.4386 -9.990e-29
 273.749236     -0.077   0.719923    14.2358    -1.7872     -0.076     0.4491    -0.4383 -9.990e-29
 273.749242     -0.066   0.720775    14.2341    -1.7875     -0.065     0.4497    -0.4376 -9.990e-29
 273.749248     -0.049   0.722381    14.2353    -1.7879     -0.049     0.4507    -0.4370 -9.990e-29
 273.749253     -0.030   0.723551    14.2374    -1.7878     -0.030     0.4514    -0.4367 -9.990e-29
 273.749259     -0.012   0.723626    14.2391    -1.7877     -0.012     0.4515    -0.4370 -9.990e-29
 273.749265      0.007   0.722703    14.2416    -1.7873      0.007     0.4508    -0.4378 -9.990e-29
 273.749271      0.023   0.721775    14.2444    -1.7870      0.023     0.4502    -0.4387 -9.990e-29
 273.749277      0.034   0.721823    14.2454    -1.7868      0.034     0.4502    -0.4388 -9.990e-29
 273.749282      0.039   0.722358    14.2444    -1.7866      0.039     0.4506    -0.4384 -9.990e-29
 273.749288      0.039   0.722428    14.2418    -1.7864      0.039     0.4507    -0.4380 -9.990e-29
