data/oxygen options/OCNMS/OCNMS1/raw_data/2015/CAST_CE015_150723faed.cnv
* Sea-Bird SBE 19 Data File:
* FileName = C:\2015 Mooring Data\Casts\CAST_CE015_150723.hex
* Software Version SeatermAF 2.1.2
* Temperature SN = 2997
* Conductivity SN = 2997
* System UpLoad Time = Jul 23 2015 19:59:02 (localtime) = Jul 23 2015 19:59:02 (UTC)
** CAST_CE015_150723
* ds
# nquan = 9                                 
# nvalues = 929                         
# units = specified
# name 0 = timeJ: Julian Days
# name 1 = prSM: Pressure, Strain Gauge [db]
# name 2 = c0mS/cm: Conductivity [mS/cm]
# name 3 = t090C: Temperature [ITS-90, deg C]
# name 4 = sbeox0ML/L: Oxygen, SBE 43 [ml/l]
# name 5 = depSM: Depth [salt water, m], lat = 47.5
# name 6 = sal00: Salinity, Practical [PSU]
# name 7 = sigma-é00: Density [sigma-theta, kg/m^3]
# name 8 = flag: flag
# span 0 = 204.815567, 204.820938       
# span 1 =     -5.197,     15.359       
# span 2 =   0.491214,  40.146529       
# span 3 =     9.3219,    18.9489       
# span 4 =    -1.6696,    10.3605       
# span 5 =     -5.154,     15.230       
# span 6 =     0.2730,    33.4176       
# span 7 =    -1.3579,    25.6265       
# span 8 = 0.0000e+00, 0.0000e+00       
# interval = seconds: 0.5
# start_time = Jul 23 2015 19:34:25 [Instrument's time stamp, header]
# bad_flag = -9.990e-29
*END*
[from data line 161]
 204.816499     -1.650   0.503129    18.6494    -1.6417     -1.636     0.2792    -1.3113 -9.990e-29
 204.816505     -1.628   0.503371    18.6476    -1.6414     -1.614     0.2793    -1.3108 -9.990e-29
 204.816510     -1.601   0.503854    18.6412    -1.6411     -1.588     0.2796    -1.3093 -9.990e-29
 204.816516     -1.576   0.504111    18.6310    -1.6406     -1.563     0.2799    -1.3072 -9.990e-29
 204.816522     -1.556   0.503928    18.6199    -1.6401     -1.543     0.2798    -1.3051 -9.990e-29
 204.816528     -1.540   0.503617    18.6111    -1.6401     -1.527     0.2797    -1.3035 -9.990e-29
 204.816534     -1.526   0.503873    18.6048    -1.6402     -1.513     0.2799    -1.3021 -9.990e-29
 204.816539     -1.514   0.505036    18.5998    -1.6407     -1.501     0.2806    -1.3006 -9.990e-29
 204.816545     -1.503   0.506436    18.5973    -1.6412     -1.490     0.2814    -1.2995 -9.990e-29
 204.816551     -1.493   0.507165    18.5997    -1.6415     -1.481     0.2818    -1.2997 -9.990e-29
 204.816557     -1.482   0.507083    18.6070    -1.6414     -1.470     0.2817    -1.3012 -9.990e-29
 204.816563     -1.470   0.506636    18.6175    -1.6409     -1.458     0.2814    -1.3034 -9.990e-29
 204.816568     -1.456   0.506338    18.6293    -1.6403     -1.444     0.2811    -1.3059 -9.990e-29
 204.816574     -1.439   0.506348    18.6387    -1.6398     -1.427     0.2811    -1.3077 -9.990e-29
 204.816580     -1.423   0.506676    18.6417    -1.6395     -1.411     0.2812    -1.3082 -9.990e-29
 204.816586     -1.415   0.507205    18.6373    -1.6395     -1.403     0.2816    -1.3071 -9.990e-29
 204.816591     -1.414   0.507530    18.6275    -1.6397     -1.402     0.2818    -1.3050 -9.990e-29
 204.816597     -1.412   0.507529    18.6171    -1.6402     -1.400     0.2819    -1.3030 -9.990e-29
 204.816603     -1.409   0.507202    18.6113    -1.6406     -1.397     0.2817    -1.3020 -9.990e-29
 204.816609     -1.409   0.506667    18.6139    -1.6407     -1.397     0.2814    -1.3027 -9.990e-29
 204.816615     -1.407   0.506319    18.6245    -1.6403     -1.395     0.2812    -1.3050 -9.990e-29
 204.816620     -1.400   0.506250    18.6390    -1.6399     -1.388     0.2810    -1.3078 -9.990e-29
 204.816626     -1.390   0.506368    18.6515    -1.6397     -1.378     0.2810    -1.3103 -9.990e-29
 204.816632     -1.382   0.506828    18.6587    -1.6391     -1.370     0.2812    -1.3115 -9.990e-29
 204.816638     -1.371   0.507689    18.6601    -1.6386     -1.360     0.2817    -1.3114 -9.990e-29
 204.816644     -1.351   0.508434    18.6559    -1.6382     -1.340     0.2822    -1.3102 -9.990e-29
 204.816649     -1.327   0.508393    18.6474    -1.6381     -1.316     0.2822    -1.3086 -9.990e-29
 204.816655     -1.304   0.507509    18.6397    -1.6383     -1.293     0.2817    -1.3074 -9.990e-29
 204.816661     -1.286   0.506269    18.6386    -1.6386     -1.275     0.2810    -1.3078 -9.990e-29
 204.816667     -1.272   0.505237    18.6449    -1.6387     -1.261     0.2804    -1.3094 -9.990e-29
 204.816672     -1.260   0.504703    18.6551    -1.6386     -1.249     0.2800    -1.3117 -9.990e-29
 204.816678     -1.250   0.504512    18.6671    -1.6381     -1.240     0.2798    -1.3141 -9.990e-29
 204.816684     -1.241   0.504407    18.6811    -1.6376     -1.231     0.2797    -1.3170 -9.990e-29
 204.816690     -1.234   0.504249    18.6952    -1.6369     -1.224     0.2795    -1.3198 -9.990e-29
 204.816696     -1.226   0.503827    18.7055    -1.6364     -1.216     0.2792    -1.3220 -9.990e-29
 204.816701     -1.218   0.503133    18.7090    -1.6361     -1.208     0.2788    -1.3230 -9.990e-29
 204.816707     -1.210   0.502350    18.7070    -1.6356     -1.200     0.2784    -1.3230 -9.990e-29
 204.816713     -1.200   0.501543    18.7037    -1.6352     -1.190     0.2779    -1.3227 -9.990e-29
 204.816719     -1.192   0.500747    18.7032    -1.6349     -1.182     0.2775    -1.3229 -9.990e-29
 204.816725     -1.191   0.500009    18.7083    -1.6351     -1.181     0.2770    -1.3243 -9.990e-29
 204.816730     -1.191   0.499457    18.7195    -1.6354     -1.181     0.2766    -1.3267 -9.990e-29
 204.816736     -1.189   0.498907    18.7353    -1.6363     -1.179     0.2762    -1.3301 -9.990e-29
 204.816742     -1.184   0.498182    18.7529    -1.6373     -1.174     0.2757    -1.3339 -9.990e-29
 204.816748     -1.177   0.497425    18.7692    -1.6384     -1.167     0.2752    -1.3375 -9.990e-29
 204.816753     -1.166   0.496737    18.7836    -1.6397     -1.156     0.2747    -1.3406 -9.990e-29
 204.816759     -1.151   0.496311    18.7973    -1.6406     -1.141     0.2744    -1.3435 -9.990e-29
 204.816765     -1.131   0.496133    18.8084    -1.6410     -1.122     0.2742    -1.3458 -9.990e-29
 204.816771     -1.109   0.495964    18.8131    -1.6409     -1.100     0.2741    -1.3468 -9.990e-29
 204.816777     -1.087   0.495579    18.8088    -1.6406     -1.078     0.2739    -1.3461 -9.990e-29
 204.816782     -1.066   0.495019    18.7951    -1.6403     -1.057     0.2737    -1.3436 -9.990e-29
 204.816788     -1.046   0.494647    18.7718    -1.6399     -1.037     0.2736    -1.3392 -9.990e-29
 204.816794     -1.032   0.494524    18.7411    -1.6398     -1.023     0.2737    -1.3331 -9.990e-29
 204.816800     -1.023   0.494483    18.7069    -1.6396     -1.014     0.2739    -1.3264 -9.990e-29
 204.816806     -1.017   0.494469    18.6738    -1.6393     -1.009     0.2741    -1.3198 -9.990e-29
 204.816811     -1.016   0.494465    18.6487    -1.6390     -1.008     0.2743    -1.3149 -9.990e-29
 204.816817     -1.013   0.494463    18.6356    -1.6387     -1.005     0.2743    -1.3123 -9.990e-29
 204.816823     -1.005   0.494463    18.6333    -1.6384     -0.997     0.2743    -1.3119 -9.990e-29
 204.816829     -0.995   0.494463    18.6383    -1.6380     -0.987     0.2743    -1.3128 -9.990e-29
 204.816834     -0.988   0.494463    18.6468    -1.6379     -0.980     0.2743    -1.3145 -9.990e-29
 204.816840     -0.983   0.494462    18.6555    -1.6379     -0.975     0.2742    -1.3162 -9.990e-29
 204.816846     -0.979   0.494457    18.6629    -1.6380     -0.971     0.2742    -1.3177 -9.990e-29
 204.816852     -0.975   0.494444    18.6704    -1.6382     -0.967     0.2741    -1.3192 -9.990e-29
 204.816858     -0.973   0.494404    18.6792    -1.6382     -0.965     0.2740    -1.3209 -9.990e-29
 204.816863     -0.972   0.494283    18.6887    -1.6381     -0.964     0.2739    -1.3229 -9.990e-29
 204.816869     -0.971   0.493918    18.6983    -1.6379     -0.963     0.2736    -1.3249 -9.990e-29
 204.816875     -0.971   0.493379    18.7080    -1.6377     -0.963     0.2733    -1.3271 -9.990e-29
 204.816881     -0.972   0.493057    18.7161    -1.6374     -0.964     0.2730    -1.3288 -9.990e-29
 204.816887     -0.969   0.493077    18.7205    -1.6370     -0.961     0.2730    -1.3297 -9.990e-29
 204.816892     -0.958   0.493465    18.7213    -1.6366     -0.950     0.2732    -1.3297 -9.990e-29
 204.816898     -0.942   0.494183    18.7197    -1.6363     -0.934     0.2736    -1.3290 -9.990e-29
 204.816904     -0.925   0.495079    18.7175    -1.6359     -0.917     0.2742    -1.3282 -9.990e-29
 204.816910     -0.910   0.496237    18.7171    -1.6355     -0.902     0.2748    -1.3276 -9.990e-29
 204.816916     -0.901   0.497533    18.7200    -1.6351     -0.893     0.2755    -1.3276 -9.990e-29
 204.816921     -0.892   0.498477    18.7255    -1.6347     -0.885     0.2760    -1.3283 -9.990e-29
 204.816927     -0.883   0.498660    18.7329    -1.6343     -0.876     0.2761    -1.3297 -9.990e-29
 204.816933     -0.877   0.498327    18.7425    -1.6338     -0.870     0.2759    -1.3318 -9.990e-29
 204.816939     -0.875   0.498143    18.7539    -1.6337     -0.868     0.2757    -1.3341 -9.990e-29
 204.816944     -0.875   0.498417    18.7660    -1.6334     -0.868     0.2758    -1.3364 -9.990e-29
 204.816950     -0.875   0.498959    18.7783    -1.6331     -0.868     0.2760    -1.3386 -9.990e-29
 204.816956     -0.868   0.499381    18.7908    -1.6326     -0.861     0.2762    -1.3409 -9.990e-29
 204.816962     -0.856   0.499692    18.8036    -1.6324     -0.849     0.2762    -1.3433 -9.990e-29
 204.816968     -0.842   0.500306    18.8164    -1.6321     -0.835     0.2765    -1.3456 -9.990e-29
 204.816973     -0.828   0.501487    18.8292    -1.6322     -0.821     0.2771    -1.3476 -9.990e-29
 204.816979     -0.815   0.503144    18.8418    -1.6326     -0.808     0.2780    -1.3494 -9.990e-29
 204.816985     -0.805   0.505080    18.8532    -1.6327     -0.798     0.2790    -1.3508 -9.990e-29
 204.816991     -0.798   0.507100    18.8631    -1.6326     -0.791     0.2801    -1.3519 -9.990e-29
 204.816997     -0.790   0.508939    18.8729    -1.6324     -0.783     0.2810    -1.3531 -9.990e-29
 204.817002     -0.779   0.510273    18.8836    -1.6321     -0.773     0.2817    -1.3547 -9.990e-29
 204.817008     -0.765   0.511028    18.8939    -1.6320     -0.759     0.2821    -1.3564 -9.990e-29
 204.817014     -0.751   0.511656    18.9020    -1.6317     -0.745     0.2824    -1.3577 -9.990e-29
 204.817020     -0.741   0.512994    18.9058    -1.6307     -0.735     0.2831    -1.3579 -9.990e-29
 204.817025     -0.734   0.516273    18.9037    -1.6302     -0.728     0.2850    -1.3561 -9.990e-29
 204.817031     -0.730   0.522532    18.8977    -1.6296     -0.724     0.2886    -1.3522 -9.990e-29
 204.817037     -0.728   0.531238    18.8920    -1.6292     -0.722     0.2936    -1.3472 -9.990e-29
 204.817043     -0.728   0.542340    18.8873    -1.6286     -0.722     0.2999    -1.3415 -9.990e-29
 204.817049     -0.731   0.560651    18.8821    -1.6284     -0.725     0.3103    -1.3324 -9.990e-29
 204.817054     -0.736   0.595599    18.8755    -1.6284     -0.730     0.3303    -1.3158 -9.990e-29
 204.817060     -0.740   0.652151    18.8688    -1.6284     -0.734     0.3628    -1.2897 -9.990e-29
 204.817066     -0.739   0.725222    18.8661    -1.6282     -0.733     0.4049    -1.2569 -9.990e-29
 204.817072     -0.731   0.807885    18.8699    -1.6280     -0.725     0.4527    -1.2210 -9.990e-29
 204.817078     -0.718   0.897117    18.8790    -1.6279     -0.712     0.5046    -1.1831 -9.990e-29
 204.817083     -0.702   0.980327    18.8920    -1.6283     -0.696     0.5532    -1.1484 -9.990e-29
 204.817089     -0.687   1.036894    18.9074    -1.6287     -0.681     0.5862    -1.1262 -9.990e-29
 204.817095     -0.676   1.062854    18.9225    -1.6292     -0.670     0.6013    -1.1176 -9.990e-29
 204.817101     -0.672   1.067283    18.9339    -1.6293     -0.666     0.6037    -1.1179 -9.990e-29
 204.817106     -0.671   1.058860    18.9405    -1.6288     -0.665     0.5987    -1.1231 -9.990e-29
 204.817112     -0.669   1.045230    18.9446    -1.6287     -0.663     0.5906    -1.1301 -9.990e-29
 204.817118     -0.666   1.032648    18.9478    -1.6288     -0.660     0.5832    -1.1364 -9.990e-29
 204.817124     -0.661   1.026542    18.9489    -1.6286     -0.655     0.5796    -1.1394 -9.990e-29
 204.817130     -0.653   1.029877    18.9457    -1.6285     -0.648     0.5816    -1.1372 -9.990e-29
 204.817135     -0.644   1.039881    18.9374    -1.6288     -0.639     0.5876    -1.1310 -9.990e-29
 204.817141     -0.631   1.049906    18.9261    -1.6293     -0.626     0.5936    -1.1242 -9.990e-29
 204.817147     -0.614   1.056666    18.9163    -1.6298     -0.609     0.5977    -1.1191 -9.990e-29
 204.817153     -0.593   1.061956    18.9124    -1.6299     -0.588     0.6009    -1.1159 -9.990e-29
 204.817159     -0.569   1.069496    18.9138    -1.6300     -0.564     0.6053    -1.1128 -9.990e-29
 204.817164     -0.551   1.081014    18.9158    -1.6300     -0.546     0.6121    -1.1080 -9.990e-29
 204.817170     -0.540   1.093545    18.9174    -1.6298     -0.535     0.6195    -1.1027 -9.990e-29
 204.817176     -0.537   1.102147    18.9191    -1.6296     -0.533     0.6245    -1.0991 -9.990e-29
 204.817182     -0.542   1.104965    18.9178    -1.6292     -0.537     0.6262    -1.0976 -9.990e-29
 204.817187     -0.549   1.104089    18.9104    -1.6290     -0.544     0.6258    -1.0965 -9.990e-29
 204.817193     -0.552   1.103348    18.8989    -1.6292     -0.547     0.6255    -1.0944 -9.990e-29
 204.817199     -0.550   1.105085    18.8891    -1.6293     -0.545     0.6267    -1.0916 -9.990e-29
 204.817205     -0.548   1.106621    18.8839    -1.6288     -0.543     0.6277    -1.0898 -9.990e-29
 204.817211     -0.545   1.102786    18.8817    -1.6283     -0.540     0.6255    -1.0911 -9.990e-29
 204.817216     -0.541   1.094573    18.8815    -1.6284     -0.536     0.6206    -1.0948 -9.990e-29
 204.817222     -0.536   1.091017    18.8845    -1.6287     -0.532     0.6185    -1.0970 -9.990e-29
 204.817228     -0.530   1.097372    18.8916    -1.6286     -0.526     0.6221    -1.0956 -9.990e-29
 204.817234     -0.522   1.106008    18.9014    -1.6286     -0.518     0.6271    -1.0937 -9.990e-29
 204.817240     -0.511   1.105122    18.9093    -1.6289     -0.507     0.6264    -1.0958 -9.990e-29
 204.817245     -0.498   1.091869    18.9134    -1.6291     -0.494     0.6185    -1.1026 -9.990e-29
 204.817251     -0.485   1.073559    18.9174    -1.6292     -0.481     0.6077    -1.1117 -9.990e-29
 204.817257     -0.477   1.060201    18.9246    -1.6289     -0.473     0.5997    -1.1192 -9.990e-29
 204.817263     -0.471   1.057302    18.9320    -1.6289     -0.467     0.5979    -1.1220 -9.990e-29
 204.817269     -0.469   1.060995    18.9352    -1.6288     -0.465     0.6000    -1.1210 -9.990e-29
 204.817274     -0.470   1.060660    18.9357    -1.6290     -0.466     0.5998    -1.1213 -9.990e-29
 204.817280     -0.470   1.050851    18.9363    -1.6294     -0.466     0.5940    -1.1258 -9.990e-29
 204.817286     -0.463   1.036256    18.9354    -1.6301     -0.459     0.5855    -1.1322 -9.990e-29
 204.817292     -0.456   1.024063    18.9325    -1.6308     -0.452     0.5783    -1.1371 -9.990e-29
 204.817297     -0.450   1.016334    18.9297    -1.6313     -0.446     0.5738    -1.1400 -9.990e-29
 204.817303     -0.446   1.009981    18.9292    -1.6315     -0.442     0.5701    -1.1428 -9.990e-29
 204.817309     -0.443   1.003197    18.9309    -1.6315     -0.439     0.5661    -1.1462 -9.990e-29
 204.817315     -0.442   0.998037    18.9322    -1.6311     -0.438     0.5630    -1.1488 -9.990e-29
 204.817321     -0.442   0.996504    18.9309    -1.6308     -0.438     0.5622    -1.1492 -9.990e-29
 204.817326     -0.443   0.997664    18.9250    -1.6311     -0.439     0.5629    -1.1474 -9.990e-29
 204.817332     -0.446   0.996957    18.9135    -1.6317     -0.442     0.5626    -1.1454 -9.990e-29
 204.817338     -0.449   0.990109    18.8972    -1.6322     -0.445     0.5588    -1.1451 -9.990e-29
 204.817344     -0.451   0.979094    18.8797    -1.6326     -0.447     0.5526    -1.1465 -9.990e-29
 204.817350     -0.445   0.970318    18.8662    -1.6328     -0.441     0.5476    -1.1476 -9.990e-29
 204.817355     -0.437   0.967072    18.8604    -1.6332     -0.433     0.5458    -1.1479 -9.990e-29
 204.817361     -0.429   0.965582    18.8623    -1.6335     -0.425     0.5449    -1.1490 -9.990e-29
 204.817367     -0.422   0.959974    18.8680    -1.6337     -0.418     0.5415    -1.1526 -9.990e-29
 204.817373     -0.415   0.949989    18.8705    -1.6340     -0.412     0.5356    -1.1576 -9.990e-29
 204.817378     -0.408   0.940077    18.8645    -1.6341     -0.405     0.5299    -1.1609 -9.990e-29
 204.817384     -0.399   0.933676    18.8524    -1.6342     -0.396     0.5263    -1.1613 -9.990e-29
 204.817390     -0.389   0.930578    18.8393    -1.6346     -0.386     0.5246    -1.1600 -9.990e-29
 204.817396     -0.377   0.927763    18.8279    -1.6349     -0.374     0.5231    -1.1589 -9.990e-29
 204.817402     -0.366   0.923143    18.8181    -1.6351     -0.363     0.5205    -1.1590 -9.990e-29
 204.817407     -0.360   0.917776    18.8086    -1.6355     -0.357     0.5175    -1.1594 -9.990e-29
 204.817413     -0.355   0.913387    18.7999    -1.6358     -0.352     0.5150    -1.1596 -9.990e-29
