data/oxygen options/OCNMS/OCNMS1/raw_data/2015/CAST_TH042_150528faed.cnv
* Sea-Bird SBE19 Data File:
* FileName = C:\2015 Mooring Data\Casts\CAST_TH042_150528.hex
* Software Version 1.59
* Temperature SN = 2997
* Conductivity SN = 2997
* System UpLoad Time = May 28 2015 01:34:04
** CAST_TH042_150528
* ds
# nquan = 9                                 
# nvalues = 1098                        
# units = specified
# name 0 = timeJ: Julian Days
# name 1 = prSM: Pressure, Strain Gauge [db]
# name 2 = c0mS/cm: Conductivity [mS/cm]
# name 3 = t090C: Temperature [ITS-90, deg C]
# name 4 = sbeox0ML/L: Oxygen, SBE 43 [ml/l]
# name 5 = depSM: Depth [salt water, m], lat = 47.5
# name 6 = sal00: Salinity, Practical [PSU]
# name 7 = sigma-é00: Density [sigma-theta, kg/m^3]
# name 8 = flag: flag
# span 0 = 148.057986, 148.064334       
# span 1 =     -1.223,     43.654       
# span 2 =   0.019086,  36.923121       
# span 3 =     7.6373,    12.1987       
# span 4 =    -1.9156,    14.1233       
# span 5 =     -1.213,     43.285       
# span 6 =     0.0153,    33.4567       
# span 7 =    -0.4281,    26.1145       
# span 8 = 0.0000e+00, 0.0000e+00       
# interval = seconds: 0.5
# start_time = May 28 2015 01:23:30 [Instrument's time stamp, header]
# bad_flag = -9.990e-29
*END*
[from data line 321]
 148.059844      0.468   0.020749    11.3410    -1.9101      0.464     0.0162    -0.4154 -9.990e-29
 148.059850      0.464   0.020745    11.3392    -1.9102      0.460     0.0162    -0.4152 -9.990e-29
 148.059855      0.457   0.020743    11.3388    -1.9102      0.453     0.0162    -0.4152 -9.990e-29
 148.059861      0.451   0.020743    11.3395    -1.9105      0.447     0.0162    -0.4153 -9.990e-29
 148.059867      0.449   0.020744    11.3404    -1.9110      0.445     0.0162    -0.4154 -9.990e-29
 148.059873      0.451   0.020744    11.3407    -1.9110      0.447     0.0162    -0.4154 -9.990e-29
 148.059878      0.457   0.020744    11.3396    -1.9109      0.453     0.0162    -0.4153 -9.990e-29
 148.059884      0.463   0.020745    11.3363    -1.9109      0.459     0.0162    -0.4149 -9.990e-29
 148.059890      0.466   0.020745    11.3304    -1.9109      0.462     0.0162    -0.4143 -9.990e-29
 148.059896      0.469   0.020745    11.3238    -1.9109      0.465     0.0162    -0.4136 -9.990e-29
 148.059902      0.474   0.020745    11.3188    -1.9108      0.470     0.0162    -0.4131 -9.990e-29
 148.059907      0.475   0.020746    11.3147    -1.9107      0.471     0.0162    -0.4127 -9.990e-29
 148.059913      0.479   0.020746    11.3099    -1.9107      0.475     0.0162    -0.4122 -9.990e-29
 148.059919      0.488   0.020746    11.3052    -1.9109      0.484     0.0162    -0.4117 -9.990e-29
 148.059925      0.499   0.020745    11.3028    -1.9109      0.495     0.0162    -0.4114 -9.990e-29
 148.059931      0.505   0.020741    11.3024    -1.9109      0.501     0.0162    -0.4114 -9.990e-29
 148.059936      0.505   0.020728    11.3027    -1.9107      0.501     0.0162    -0.4114 -9.990e-29
 148.059942      0.509   0.020691    11.3034    -1.9105      0.505     0.0162    -0.4115 -9.990e-29
 148.059948      0.517   0.020577    11.3040    -1.9105      0.513     0.0161    -0.4116 -9.990e-29
 148.059954      0.520   0.020234    11.3048    -1.9104      0.516     0.0159    -0.4118 -9.990e-29
 148.059959      0.519   0.019761    11.3058    -1.9106      0.515     0.0157    -0.4122 -9.990e-29
 148.059965      0.518   0.019638    11.3058    -1.9105      0.514     0.0156    -0.4122 -9.990e-29
 148.059971      0.513   0.019700    11.3045    -1.9103      0.509     0.0156    -0.4121 -9.990e-29
 148.059977      0.502   0.019474    11.3036    -1.9102      0.498     0.0155    -0.4121 -9.990e-29
 148.059983      0.495   0.019214    11.3045    -1.9101      0.491     0.0153    -0.4123 -9.990e-29
 148.059988      0.495   0.019128    11.3070    -1.9099      0.491     0.0153    -0.4126 -9.990e-29
 148.059994      0.502   0.019099    11.3100    -1.9099      0.498     0.0153    -0.4129 -9.990e-29
 148.060000      0.516   0.019090    11.3120    -1.9103      0.512     0.0153    -0.4131 -9.990e-29
 148.060006      0.535   0.019087    11.3125    -1.9105      0.531     0.0153    -0.4132 -9.990e-29
 148.060012      0.550   0.019086    11.3123    -1.9108      0.545     0.0153    -0.4132 -9.990e-29
 148.060017      0.559   0.019086    11.3132    -1.9109      0.554     0.0153    -0.4133 -9.990e-29
 148.060023      0.561   0.019086    11.3156    -1.9109      0.556     0.0153    -0.4135 -9.990e-29
 148.060029      0.562   0.019086    11.3188    -1.9109      0.557     0.0153    -0.4138 -9.990e-29
 148.060035      0.570   0.019086    11.3219    -1.9108      0.565     0.0153    -0.4142 -9.990e-29
 148.060041      0.585   0.019087    11.3236    -1.9107      0.580     0.0153    -0.4143 -9.990e-29
 148.060046      0.600   0.019087    11.3221    -1.9105      0.595     0.0153    -0.4142 -9.990e-29
 148.060052      0.612   0.019087    11.3176    -1.9105      0.607     0.0153    -0.4137 -9.990e-29
 148.060058      0.621   0.019088    11.3125    -1.9104      0.616     0.0153    -0.4132 -9.990e-29
 148.060064      0.628   0.019088    11.3082    -1.9103      0.623     0.0153    -0.4127 -9.990e-29
 148.060069      0.634   0.019088    11.3057    -1.9102      0.629     0.0153    -0.4125 -9.990e-29
 148.060075      0.638   0.019089    11.3049    -1.9099      0.633     0.0153    -0.4124 -9.990e-29
 148.060081      0.641   0.019089    11.3053    -1.9096      0.636     0.0153    -0.4124 -9.990e-29
 148.060087      0.643   0.019089    11.3068    -1.9093      0.638     0.0153    -0.4126 -9.990e-29
 148.060093      0.644   0.019089    11.3089    -1.9092      0.639     0.0153    -0.4128 -9.990e-29
 148.060098      0.645   0.019090    11.3109    -1.9088      0.640     0.0153    -0.4130 -9.990e-29
 148.060104      0.645   0.019090    11.3127    -1.9085      0.640     0.0153    -0.4132 -9.990e-29
 148.060110      0.645   0.019091    11.3147    -1.9083      0.640     0.0153    -0.4134 -9.990e-29
 148.060116      0.644   0.019093    11.3174    -1.9081      0.639     0.0153    -0.4137 -9.990e-29
 148.060122      0.642   0.019097    11.3213    -1.9078      0.637     0.0153    -0.4141 -9.990e-29
 148.060127      0.640   0.019108    11.3267    -1.9079      0.635     0.0153    -0.4147 -9.990e-29
 148.060133      0.637   0.019143    11.3329    -1.9081      0.632     0.0153    -0.4153 -9.990e-29
 148.060139      0.632   0.019246    11.3386    -1.9082      0.627     0.0154    -0.4159 -9.990e-29
 148.060145      0.627   0.019554    11.3439    -1.9082      0.622     0.0155    -0.4163 -9.990e-29
 148.060150      0.623   0.020479    11.3496    -1.9082      0.618     0.0161    -0.4165 -9.990e-29
 148.060156      0.627   0.022699    11.3544    -1.9081      0.622     0.0174    -0.4160 -9.990e-29
 148.060162      0.633   0.026952    11.3578    -1.9079      0.628     0.0198    -0.4144 -9.990e-29
 148.060168      0.637   0.035020    11.3610    -1.9078      0.632     0.0246    -0.4110 -9.990e-29
 148.060174      0.641   0.046554    11.3637    -1.9075      0.636     0.0316    -0.4058 -9.990e-29
 148.060179      0.643   0.056940    11.3644    -1.8907      0.638     0.0380    -0.4008 -9.990e-29
 148.060185      0.645   0.061703    11.3633    -1.8816      0.640     0.0409    -0.3984 -9.990e-29
 148.060191      0.646   0.059973    11.3622    -1.8467      0.641     0.0398    -0.3991 -9.990e-29
 148.060197      0.647   0.055552    11.3624    -1.5535      0.642     0.0371    -0.4013 -9.990e-29
 148.060203      0.648   0.051986    11.3647    -1.5403      0.643     0.0349    -0.4033 -9.990e-29
 148.060208      0.648   0.050073    11.3708    -1.5381      0.643     0.0337    -0.4048 -9.990e-29
 148.060214      0.647   0.051703    11.3854    -1.5383      0.642     0.0347    -0.4056 -9.990e-29
 148.060220      0.651   0.062935    11.4236    -1.5380      0.646     0.0416    -0.4043 -9.990e-29
 148.060226      0.662   0.101524    11.5310    -1.5367      0.656     0.0657    -0.3970 -9.990e-29
 148.060231      0.679   0.220587    11.7146    -1.5382      0.673     0.1419    -0.3574 -9.990e-29
 148.060237      0.697   0.579428    11.8837    -1.5421      0.691     0.3807    -0.1895 -9.990e-29
 148.060243      0.718   1.656502    11.9837    -1.5392      0.712     1.1366     0.3884 -9.990e-29
 148.060249      0.747   4.888463    12.0458    -1.5369      0.741     3.5677     2.2689 -9.990e-29
 148.060255      0.790  13.238683    12.0913    -1.5361      0.783    10.3907     7.5379 -9.990e-29
 148.060260      0.847  24.790942    12.1176    -1.5365      0.840    20.5601    15.3848 -9.990e-29
 148.060266      0.915  32.461891    12.1279    -1.5380      0.907    27.6585    20.8722 -9.990e-29
 148.060272      0.996  35.210451    12.1323    -1.5374      0.988    30.2612    22.8874 -9.990e-29
 148.060278      1.086  36.155358    12.1329    -1.5366      1.077    31.1638    23.5869 -9.990e-29
 148.060284      1.182  36.487004    12.1248    -1.5364      1.172    31.4884    23.8401 -9.990e-29
 148.060289      1.278  36.592117    12.1134    -1.5373      1.267    31.5989    23.9279 -9.990e-29
 148.060295      1.362  36.568278    12.1115    -1.5378      1.351    31.5775    23.9117 -9.990e-29
 148.060301      1.426  36.535133    12.1185    -1.5368      1.414    31.5398    23.8812 -9.990e-29
 148.060307      1.471  36.604967    12.1252    -1.5359      1.459    31.6011    23.9275 -9.990e-29
 148.060313      1.504  36.717864    12.1263    -1.5361      1.491    31.7086    24.0106 -9.990e-29
 148.060318      1.536  36.777686    12.1224    -1.5367      1.523    31.7693    24.0584 -9.990e-29
 148.060324      1.567  36.775086    12.1197    -1.5367      1.554    31.7691    24.0588 -9.990e-29
 148.060330      1.593  36.757109    12.1216    -1.5360      1.580    31.7502    24.0438 -9.990e-29
 148.060336      1.614  36.767676    12.1254    -1.5360      1.601    31.7571    24.0484 -9.990e-29
 148.060341      1.636  36.790644    12.1272    -1.5367      1.622    31.7776    24.0640 -9.990e-29
 148.060347      1.657  36.787712    12.1272    -1.5370      1.643    31.7748    24.0618 -9.990e-29
 148.060353      1.673  36.762307    12.1300    -1.5366      1.659    31.7480    24.0405 -9.990e-29
 148.060359      1.685  36.756858    12.1349    -1.5360      1.671    31.7386    24.0323 -9.990e-29
 148.060365      1.694  36.786013    12.1367    -1.5359      1.680    31.7651    24.0525 -9.990e-29
 148.060370      1.701  36.814676    12.1353    -1.5365      1.687    31.7938    24.0750 -9.990e-29
 148.060376      1.706  36.817185    12.1345    -1.5367      1.692    31.7969    24.0776 -9.990e-29
 148.060382      1.709  36.808707    12.1355    -1.5366      1.695    31.7879    24.0704 -9.990e-29
 148.060388      1.711  36.812749    12.1363    -1.5360      1.697    31.7911    24.0727 -9.990e-29
 148.060394      1.711  36.824651    12.1360    -1.5358      1.697    31.8028    24.0819 -9.990e-29
 148.060399      1.715  36.819954    12.1359    -1.5358      1.701    31.7984    24.0784 -9.990e-29
 148.060405      1.726  36.798049    12.1368    -1.5366      1.712    31.7766    24.0614 -9.990e-29
 148.060411      1.737  36.787531    12.1386    -1.5368      1.722    31.7649    24.0520 -9.990e-29
 148.060417      1.740  36.802456    12.1409    -1.5366      1.725    31.7773    24.0612 -9.990e-29
 148.060422      1.739  36.822956    12.1425    -1.5357      1.724    31.7956    24.0751 -9.990e-29
 148.060428      1.738  36.820901    12.1427    -1.5355      1.723    31.7935    24.0734 -9.990e-29
 148.060434      1.738  36.799763    12.1427    -1.5359      1.723    31.7732    24.0576 -9.990e-29
 148.060440      1.739  36.788037    12.1434    -1.5366      1.724    31.7613    24.0483 -9.990e-29
 148.060446      1.739  36.798170    12.1446    -1.5380      1.724    31.7700    24.0549 -9.990e-29
 148.060451      1.741  36.819046    12.1461    -1.5361      1.726    31.7888    24.0691 -9.990e-29
 148.060457      1.743  36.830320    12.1472    -1.5355      1.728    31.7987    24.0766 -9.990e-29
 148.060463      1.746  36.816792    12.1476    -1.5353      1.731    31.7854    24.0662 -9.990e-29
 148.060469      1.749  36.788507    12.1480    -1.5356      1.734    31.7579    24.0448 -9.990e-29
 148.060475      1.754  36.775645    12.1485    -1.5359      1.739    31.7451    24.0348 -9.990e-29
 148.060480      1.761  36.793062    12.1480    -1.5369      1.746    31.7622    24.0482 -9.990e-29
 148.060486      1.769  36.824215    12.1442    -1.5356      1.754    31.7954    24.0746 -9.990e-29
 148.060492      1.779  36.837790    12.1389    -1.5354      1.764    31.8129    24.0892 -9.990e-29
 148.060498      1.789  36.823337    12.1381    -1.5355      1.774    31.7997    24.0791 -9.990e-29
 148.060503      1.789  36.790225    12.1423    -1.5361      1.774    31.7643    24.0509 -9.990e-29
 148.060509      1.781  36.773972    12.1472    -1.5371      1.766    31.7446    24.0346 -9.990e-29
 148.060515      1.771  36.805098    12.1495    -1.5369      1.756    31.7725    24.0559 -9.990e-29
 148.060521      1.767  36.846089    12.1492    -1.5355      1.752    31.8121    24.0866 -9.990e-29
 148.060527      1.775  36.859690    12.1478    -1.5353      1.760    31.8264    24.0979 -9.990e-29
 148.060532      1.786  36.851745    12.1476    -1.5355      1.771    31.8189    24.0922 -9.990e-29
 148.060538      1.787  36.831332    12.1486    -1.5360      1.772    31.7985    24.0761 -9.990e-29
 148.060544      1.779  36.821180    12.1486    -1.5365      1.764    31.7887    24.0686 -9.990e-29
 148.060550      1.770  36.839199    12.1465    -1.5360      1.755    31.8078    24.0838 -9.990e-29
 148.060556      1.763  36.857873    12.1436    -1.5358      1.748    31.8282    24.1001 -9.990e-29
 148.060561      1.759  36.850562    12.1430    -1.5364      1.744    31.8217    24.0952 -9.990e-29
 148.060567      1.756  36.819898    12.1457    -1.5366      1.741    31.7900    24.0701 -9.990e-29
 148.060573      1.750  36.789522    12.1490    -1.5362      1.735    31.7580    24.0447 -9.990e-29
 148.060579      1.741  36.794672    12.1505    -1.5355      1.726    31.7617    24.0473 -9.990e-29
 148.060584      1.742  36.829927    12.1497    -1.5356      1.727    31.7962    24.0742 -9.990e-29
 148.060590      1.756  36.854308    12.1479    -1.5362      1.741    31.8211    24.0939 -9.990e-29
 148.060596      1.776  36.851587    12.1471    -1.5369      1.761    31.8192    24.0925 -9.990e-29
 148.060602      1.794  36.833317    12.1475    -1.5367      1.779    31.8013    24.0786 -9.990e-29
 148.060608      1.804  36.820602    12.1481    -1.5358      1.789    31.7886    24.0686 -9.990e-29
 148.060613      1.801  36.823446    12.1486    -1.5356      1.786    31.7909    24.0703 -9.990e-29
 148.060619      1.790  36.820456    12.1486    -1.5357      1.775    31.7880    24.0680 -9.990e-29
 148.060625      1.778  36.801520    12.1484    -1.5366      1.763    31.7700    24.0541 -9.990e-29
 148.060631      1.769  36.793584    12.1476    -1.5366      1.754    31.7631    24.0489 -9.990e-29
 148.060637      1.763  36.812465    12.1454    -1.5366      1.748    31.7831    24.0648 -9.990e-29
 148.060642      1.758  36.837403    12.1427    -1.5366      1.743    31.8093    24.0857 -9.990e-29
 148.060648      1.756  36.840016    12.1420    -1.5362      1.741    31.8124    24.0882 -9.990e-29
 148.060654      1.754  36.817105    12.1436    -1.5359      1.739    31.7891    24.0698 -9.990e-29
 148.060660      1.755  36.793677    12.1459    -1.5361      1.740    31.7646    24.0504 -9.990e-29
 148.060666      1.757  36.797414    12.1476    -1.5356      1.742    31.7668    24.0518 -9.990e-29
 148.060671      1.760  36.823811    12.1489    10.8289      1.745    31.7910    24.0703 -9.990e-29
 148.060677      1.766  36.839145    12.1497    13.9039      1.751    31.8050    24.0810 -9.990e-29
 148.060683      1.773  36.822973    12.1501    14.1233      1.758    31.7892    24.0687 -9.990e-29
 148.060689      1.783  36.791345    12.1501    12.0084      1.768    31.7588    24.0451 -9.990e-29
 148.060694      1.793  36.772225    12.1503     7.3987      1.778    31.7403    24.0307 -9.990e-29
 148.060700      1.793  36.769882    12.1511     7.5669      1.778    31.7373    24.0283 -9.990e-29
 148.060706      1.785  36.778431    12.1520     7.8232      1.770    31.7448    24.0339 -9.990e-29
 148.060712      1.776  36.795859    12.1523     7.8900      1.761    31.7613    24.0466 -9.990e-29
 148.060718      1.769  36.812931    12.1520     7.8839      1.754    31.7779    24.0596 -9.990e-29
 148.060723      1.765  36.828906    12.1512     7.8383      1.750    31.7939    24.0721 -9.990e-29
 148.060729      1.763  36.853354    12.1504     7.7755      1.748    31.8181    24.0910 -9.990e-29
 148.060735      1.763  36.877985    12.1502     7.7187      1.748    31.8419    24.1095 -9.990e-29
 148.060741      1.765  36.890827    12.1506     7.6761      1.750    31.8539    24.1188 -9.990e-29
 148.060747      1.769  36.896714    12.1514     7.6526      1.754    31.8589    24.1225 -9.990e-29
 148.060752      1.772  36.900736    12.1519     7.6350      1.757    31.8623    24.1250 -9.990e-29
 148.060758      1.768  36.903255    12.1523     7.6264      1.753    31.8644    24.1266 -9.990e-29
