data/oxygen options/OCNMS/OCNMS1/raw_data/2015/CAST_CA015_150722faed.cnv
* Sea-Bird SBE 19 Data File:
* FileName = C:\2015 Mooring Data\Casts\CAST_CA015_150722.hex
* Software Version SeatermAF 2.1.2
* Temperature SN = 2997
* Conductivity SN = 2997
* System UpLoad Time = Jul 23 2015 00:00:33 (localtime) = Jul 23 2015 00:00:33 (UTC)
** CAST_CA015_150722
* ds
# nquan = 9                                 
# nvalues = 3564                        
# units = specified
# name 0 = timeJ: Julian Days
# name 1 = prSM: Pressure, Strain Gauge [db]
# name 2 = c0mS/cm: Conductivity [mS/cm]
# name 3 = t090C: Temperature [ITS-90, deg C]
# name 4 = sbeox0ML/L: Oxygen, SBE 43 [ml/l]
# name 5 = depSM: Depth [salt water, m], lat = 47.5
# name 6 = sal00: Salinity, Practical [PSU]
# name 7 = sigma-é00: Density [sigma-theta, kg/m^3]
# name 8 = flag: flag
# span 0 = 203.973044, 203.993663       
# span 1 =     -5.192,     16.604       
# span 2 =   0.323897,  39.845010       
# span 3 =    11.7402,    16.8171       
# span 4 =    -8.8292,    14.2528       
# span 5 =     -5.149,     16.465       
# span 6 =     0.1874,    33.3060       
# span 7 =    -1.0169,    25.1794       
# span 8 = 0.0000e+00, 0.0000e+00       
# interval = seconds: 0.5
# start_time = Jul 22 2015 23:21:11 [Instrument's time stamp, header]
# bad_flag = -9.990e-29
*END*
[from data line 2081]
 203.985087      0.999   0.639070    14.7655    -1.7687      0.991     0.3917    -0.5600 -9.990e-29
 203.985093      1.005   0.639062    14.7698    -1.7689      0.997     0.3917    -0.5607 -9.990e-29
 203.985098      1.007   0.637901    14.7749    -1.7690      0.999     0.3909    -0.5621 -9.990e-29
 203.985104      1.006   0.636258    14.7797    -1.7690      0.998     0.3898    -0.5636 -9.990e-29
 203.985110      1.007   0.635277    14.7837    -1.7688      0.999     0.3891    -0.5648 -9.990e-29
 203.985116      1.012   0.635869    14.7855    -1.7686      1.004     0.3895    -0.5647 -9.990e-29
 203.985122      1.019   0.638270    14.7840    -1.7685      1.010     0.3910    -0.5633 -9.990e-29
 203.985127      1.020   0.641797    14.7798    -1.7683      1.011     0.3933    -0.5609 -9.990e-29
 203.985133      1.013   0.645045    14.7747    -1.7681      1.005     0.3954    -0.5585 -9.990e-29
 203.985139      1.004   0.646796    14.7698    -1.7680      0.996     0.3966    -0.5569 -9.990e-29
 203.985145      0.991   0.646606    14.7661    -1.7680      0.983     0.3965    -0.5564 -9.990e-29
 203.985150      0.978   0.644779    14.7646    -1.7680      0.970     0.3954    -0.5571 -9.990e-29
 203.985156      0.969   0.642211    14.7655    -1.7680      0.961     0.3937    -0.5585 -9.990e-29
 203.985162      0.963   0.639920    14.7683    -1.7680      0.955     0.3922    -0.5601 -9.990e-29
 203.985168      0.959   0.638740    14.7719    -1.7680      0.951     0.3915    -0.5612 -9.990e-29
 203.985174      0.957   0.638765    14.7759    -1.7678      0.949     0.3914    -0.5618 -9.990e-29
 203.985179      0.958   0.639472    14.7803    -1.7679      0.950     0.3918    -0.5622 -9.990e-29
 203.985185      0.961   0.640694    14.7845    -1.7680      0.953     0.3926    -0.5622 -9.990e-29
 203.985191      0.966   0.641840    14.7877    -1.7681      0.958     0.3933    -0.5622 -9.990e-29
 203.985197      0.974   0.641665    14.7897    -1.7682      0.966     0.3931    -0.5626 -9.990e-29
 203.985203      0.986   0.639935    14.7909    -1.7681      0.978     0.3920    -0.5636 -9.990e-29
 203.985208      1.001   0.637678    14.7916    -1.7680      0.993     0.3906    -0.5648 -9.990e-29
 203.985214      1.017   0.635769    14.7922    -1.7679      1.009     0.3894    -0.5658 -9.990e-29
 203.985220      1.030   0.634442    14.7931    -1.7679      1.021     0.3885    -0.5666 -9.990e-29
 203.985226      1.042   0.634148    14.7937    -1.7680      1.033     0.3883    -0.5669 -9.990e-29
 203.985231      1.053   0.635607    14.7927    -1.7680      1.044     0.3893    -0.5660 -9.990e-29
 203.985237      1.063   0.638544    14.7904    -1.7681      1.054     0.3912    -0.5642 -9.990e-29
 203.985243      1.069   0.641325    14.7882    -1.7682      1.060     0.3929    -0.5625 -9.990e-29
 203.985249      1.068   0.642660    14.7871    -1.7680      1.059     0.3938    -0.5617 -9.990e-29
 203.985255      1.058   0.642665    14.7875    -1.7680      1.049     0.3938    -0.5617 -9.990e-29
 203.985260      1.045   0.641904    14.7892    -1.7681      1.036     0.3933    -0.5624 -9.990e-29
 203.985266      1.035   0.641028    14.7911    -1.7682      1.026     0.3927    -0.5631 -9.990e-29
 203.985272      1.031   0.640534    14.7918    -1.7683      1.022     0.3924    -0.5634 -9.990e-29
 203.985278      1.035   0.640320    14.7910    -1.7685      1.026     0.3923    -0.5634 -9.990e-29
 203.985284      1.042   0.640101    14.7896    -1.7687      1.033     0.3921    -0.5633 -9.990e-29
 203.985289      1.047   0.639586    14.7886    -1.7688      1.038     0.3918    -0.5634 -9.990e-29
 203.985295      1.052   0.638647    14.7884    -1.7688      1.043     0.3912    -0.5638 -9.990e-29
 203.985301      1.052   0.637698    14.7888    -1.7686      1.043     0.3906    -0.5644 -9.990e-29
 203.985307      1.048   0.637139    14.7888    -1.7684      1.039     0.3903    -0.5646 -9.990e-29
 203.985312      1.047   0.636780    14.7879    -1.7686      1.038     0.3901    -0.5647 -9.990e-29
 203.985318      1.050   0.636145    14.7857    -1.7686      1.041     0.3897    -0.5646 -9.990e-29
 203.985324      1.047   0.634942    14.7820    -1.7688      1.038     0.3890    -0.5647 -9.990e-29
 203.985330      1.040   0.633789    14.7773    -1.7687      1.031     0.3883    -0.5645 -9.990e-29
 203.985336      1.037   0.633928    14.7729    -1.7679      1.028     0.3884    -0.5637 -9.990e-29
 203.985341      1.036   0.635542    14.7703    -1.7671      1.027     0.3894    -0.5625 -9.990e-29
 203.985347      1.033   0.637453    14.7705    -1.7662      1.024     0.3907    -0.5616 -9.990e-29
 203.985353      1.029   0.638880    14.7727    -1.7662      1.020     0.3915    -0.5613 -9.990e-29
 203.985359      1.024   0.640061    14.7745    -1.7664      1.015     0.3923    -0.5610 -9.990e-29
 203.985365      1.020   0.640905    14.7742    -1.7665      1.011     0.3928    -0.5605 -9.990e-29
 203.985370      1.018   0.640875    14.7732    -1.7667      1.010     0.3928    -0.5604 -9.990e-29
 203.985376      1.014   0.639930    14.7744    -1.7669      1.006     0.3922    -0.5610 -9.990e-29
 203.985382      1.011   0.638477    14.7817    -1.7669      1.003     0.3912    -0.5629 -9.990e-29
 203.985388      1.010   0.636800    14.7959    -1.7670      1.002     0.3900    -0.5659 -9.990e-29
 203.985394      1.005   0.634883    14.8137    -1.7670      0.997     0.3886    -0.5697 -9.990e-29
 203.985399      1.001   0.632950    14.8282    -1.7670      0.993     0.3872    -0.5729 -9.990e-29
 203.985405      0.998   0.631755    14.8343    -1.7672      0.990     0.3864    -0.5744 -9.990e-29
 203.985411      0.991   0.631928    14.8337    -1.7672      0.983     0.3865    -0.5742 -9.990e-29
 203.985417      0.984   0.633143    14.8306    -1.7673      0.976     0.3873    -0.5732 -9.990e-29
 203.985422      0.981   0.634247    14.8268    -1.7673      0.973     0.3881    -0.5720 -9.990e-29
 203.985428      0.982   0.634490    14.8235    -1.7672      0.974     0.3883    -0.5714 -9.990e-29
 203.985434      0.987   0.634197    14.8214    -1.7672      0.979     0.3881    -0.5712 -9.990e-29
 203.985440      0.995   0.634090    14.8197    -1.7672      0.987     0.3881    -0.5710 -9.990e-29
 203.985446      1.004   0.634581    14.8179    -1.7671      0.996     0.3884    -0.5705 -9.990e-29
 203.985451      1.010   0.635771    14.8164    -1.7669      1.002     0.3891    -0.5696 -9.990e-29
 203.985457      1.016   0.637026    14.8151    -1.7666      1.008     0.3900    -0.5688 -9.990e-29
 203.985463      1.025   0.637244    14.8139    -1.7665      1.016     0.3901    -0.5685 -9.990e-29
 203.985469      1.027   0.636164    14.8129    -1.7665      1.018     0.3894    -0.5689 -9.990e-29
 203.985475      1.018   0.634566    14.8124    -1.7664      1.010     0.3884    -0.5696 -9.990e-29
 203.985480      1.003   0.633651    14.8127    -1.7663      0.995     0.3878    -0.5701 -9.990e-29
 203.985486      0.988   0.633864    14.8133    -1.7662      0.980     0.3880    -0.5701 -9.990e-29
 203.985492      0.978   0.634380    14.8147    -1.7662      0.970     0.3883    -0.5701 -9.990e-29
 203.985498      0.971   0.634224    14.8176    -1.7663      0.963     0.3882    -0.5706 -9.990e-29
 203.985503      0.967   0.633188    14.8218    -1.7662      0.959     0.3875    -0.5718 -9.990e-29
 203.985509      0.966   0.632112    14.8262    -1.7662      0.958     0.3867    -0.5730 -9.990e-29
 203.985515      0.968   0.632340    14.8294    -1.7661      0.960     0.3868    -0.5734 -9.990e-29
 203.985521      0.972   0.634177    14.8321    -1.7661      0.964     0.3880    -0.5729 -9.990e-29
 203.985527      0.980   0.636186    14.8349    -1.7661      0.972     0.3892    -0.5723 -9.990e-29
 203.985532      0.986   0.636604    14.8373    -1.7663      0.978     0.3895    -0.5725 -9.990e-29
 203.985538      0.989   0.635435    14.8389    -1.7666      0.981     0.3887    -0.5733 -9.990e-29
 203.985544      0.991   0.633897    14.8396    -1.7667      0.983     0.3877    -0.5742 -9.990e-29
 203.985550      0.998   0.632717    14.8397    -1.7666      0.990     0.3870    -0.5748 -9.990e-29
 203.985556      1.005   0.631986    14.8400    -1.7665      0.997     0.3865    -0.5752 -9.990e-29
 203.985561      1.008   0.631843    14.8406    -1.7662      1.000     0.3864    -0.5754 -9.990e-29
 203.985567      1.009   0.632652    14.8414    -1.7660      1.001     0.3869    -0.5751 -9.990e-29
 203.985573      1.006   0.634198    14.8416    -1.7657      0.998     0.3879    -0.5744 -9.990e-29
 203.985579      1.005   0.635768    14.8406    -1.7654      0.997     0.3889    -0.5734 -9.990e-29
 203.985584      1.008   0.636492    14.8374    -1.7651      1.000     0.3894    -0.5726 -9.990e-29
 203.985590      1.013   0.635671    14.8331    -1.7650      1.005     0.3889    -0.5723 -9.990e-29
 203.985596      1.015   0.633690    14.8306    -1.7650      1.007     0.3877    -0.5729 -9.990e-29
 203.985602      1.018   0.631794    14.8315    -1.7649      1.010     0.3865    -0.5740 -9.990e-29
 203.985608      1.028   0.630784    14.8353    -1.7649      1.019     0.3858    -0.5751 -9.990e-29
 203.985613      1.040   0.630424    14.8411    -1.7648      1.031     0.3855    -0.5761 -9.990e-29
 203.985619      1.050   0.630233    14.8478    -1.7649      1.041     0.3853    -0.5773 -9.990e-29
 203.985625      1.061   0.630512    14.8547    -1.7650      1.052     0.3855    -0.5782 -9.990e-29
 203.985631      1.067   0.632186    14.8611    -1.7648      1.058     0.3864    -0.5784 -9.990e-29
 203.985637      1.065   0.635266    14.8668    -1.7648      1.056     0.3883    -0.5778 -9.990e-29
 203.985642      1.059   0.638309    14.8713    -1.7646      1.050     0.3902    -0.5770 -9.990e-29
 203.985648      1.057   0.639262    14.8743    -1.7643      1.048     0.3908    -0.5770 -9.990e-29
 203.985654      1.060   0.637176    14.8760    -1.7641      1.051     0.3895    -0.5783 -9.990e-29
 203.985660      1.063   0.633711    14.8772    -1.7639      1.054     0.3873    -0.5802 -9.990e-29
 203.985666      1.066   0.631465    14.8779    -1.7639      1.057     0.3858    -0.5814 -9.990e-29
 203.985671      1.070   0.631329    14.8779    -1.7640      1.061     0.3857    -0.5815 -9.990e-29
 203.985677      1.074   0.632564    14.8781    -1.7640      1.065     0.3865    -0.5809 -9.990e-29
 203.985683      1.071   0.634041    14.8792    -1.7638      1.062     0.3875    -0.5804 -9.990e-29
 203.985689      1.056   0.634955    14.8818    -1.7638      1.047     0.3880    -0.5803 -9.990e-29
 203.985694      1.041   0.635413    14.8862    -1.7637      1.032     0.3883    -0.5808 -9.990e-29
 203.985700      1.030   0.636025    14.8913    -1.7636      1.021     0.3886    -0.5813 -9.990e-29
 203.985706      1.016   0.637050    14.8960    -1.7636      1.008     0.3892    -0.5815 -9.990e-29
 203.985712      1.004   0.638190    14.8994    -1.7637      0.996     0.3899    -0.5815 -9.990e-29
 203.985718      0.997   0.638742    14.9010    -1.7636      0.989     0.3902    -0.5815 -9.990e-29
 203.985723      0.995   0.638334    14.9017    -1.7634      0.987     0.3900    -0.5818 -9.990e-29
 203.985729      0.997   0.637531    14.9032    -1.7633      0.989     0.3894    -0.5824 -9.990e-29
 203.985735      1.005   0.636926    14.9054    -1.7633      0.997     0.3890    -0.5831 -9.990e-29
 203.985741      1.013   0.636268    14.9073    -1.7640      1.005     0.3886    -0.5837 -9.990e-29
 203.985747      1.013   0.635234    14.9089    -1.7646      1.005     0.3879    -0.5845 -9.990e-29
 203.985752      1.007   0.634110    14.9102    -1.7648      0.999     0.3872    -0.5852 -9.990e-29
 203.985758      1.002   0.633620    14.9107    -1.7651      0.994     0.3869    -0.5855 -9.990e-29
 203.985764      1.002   0.634775    14.9110    -1.7651      0.994     0.3876    -0.5850 -9.990e-29
 203.985770      1.006   0.638004    14.9123    -1.7652      0.998     0.3896    -0.5837 -9.990e-29
 203.985775      1.012   0.642060    14.9139    -1.7651      1.004     0.3922    -0.5819 -9.990e-29
 203.985781      1.015   0.645133    14.9141    -1.7650      1.007     0.3941    -0.5805 -9.990e-29
 203.985787      1.020   0.646322    14.9102    -1.7649      1.011     0.3949    -0.5793 -9.990e-29
 203.985793      1.030   0.645547    14.9007    -1.7647      1.021     0.3945    -0.5781 -9.990e-29
 203.985799      1.043   0.643440    14.8893    -1.7646      1.034     0.3933    -0.5774 -9.990e-29
 203.985804      1.051   0.641078    14.8799    -1.7645      1.042     0.3919    -0.5770 -9.990e-29
 203.985810      1.050   0.639195    14.8735    -1.7642      1.041     0.3908    -0.5769 -9.990e-29
 203.985816      1.044   0.638058    14.8702    -1.7640      1.035     0.3901    -0.5770 -9.990e-29
 203.985822      1.042   0.637815    14.8693    -1.7638      1.033     0.3899    -0.5770 -9.990e-29
 203.985828      1.047   0.638698    14.8703    -1.7637      1.038     0.3905    -0.5767 -9.990e-29
 203.985833      1.055   0.640773    14.8728    -1.7636      1.046     0.3918    -0.5761 -9.990e-29
 203.985839      1.059   0.642918    14.8764    -1.7636      1.050     0.3931    -0.5756 -9.990e-29
 203.985845      1.055   0.643553    14.8802    -1.7643      1.046     0.3935    -0.5759 -9.990e-29
 203.985851      1.046   0.642968    14.8837    -1.7649      1.037     0.3931    -0.5767 -9.990e-29
 203.985856      1.041   0.642605    14.8877    -1.7651      1.032     0.3928    -0.5775 -9.990e-29
 203.985862      1.039   0.643089    14.8927    -1.7652      1.030     0.3930    -0.5781 -9.990e-29
 203.985868      1.036   0.644509    14.8972    -1.7653      1.027     0.3939    -0.5781 -9.990e-29
 203.985874      1.031   0.647092    14.9004    -1.7653      1.022     0.3955    -0.5773 -9.990e-29
 203.985880      1.025   0.650952    14.9026    -1.7654      1.016     0.3979    -0.5758 -9.990e-29
 203.985885      1.021   0.655129    14.9032    -1.7653      1.012     0.4006    -0.5738 -9.990e-29
 203.985891      1.023   0.657972    14.8993    -1.7652      1.014     0.4024    -0.5718 -9.990e-29
 203.985897      1.027   0.658830    14.8894    -1.7649      1.018     0.4030    -0.5698 -9.990e-29
 203.985903      1.024   0.658291    14.8780    -1.7645      1.015     0.4028    -0.5683 -9.990e-29
 203.985909      1.016   0.657303    14.8702    -1.7642      1.008     0.4023    -0.5675 -9.990e-29
 203.985914      1.009   0.656214    14.8661    -1.7643      1.001     0.4016    -0.5674 -9.990e-29
 203.985920      1.007   0.654683    14.8637    -1.7642      0.999     0.4007    -0.5678 -9.990e-29
 203.985926      1.011   0.652888    14.8624    -1.7642      1.003     0.3995    -0.5685 -9.990e-29
 203.985932      1.020   0.651766    14.8624    -1.7642      1.011     0.3988    -0.5690 -9.990e-29
 203.985938      1.031   0.652040    14.8640    -1.7643      1.022     0.3990    -0.5691 -9.990e-29
 203.985943      1.036   0.654077    14.8672    -1.7644      1.027     0.4003    -0.5687 -9.990e-29
 203.985949      1.031   0.657816    14.8725    -1.7645      1.022     0.4026    -0.5677 -9.990e-29
 203.985955      1.020   0.662133    14.8789    -1.7646      1.011     0.4052    -0.5665 -9.990e-29
 203.985961      1.011   0.665568    14.8840    -1.7647      1.003     0.4074    -0.5657 -9.990e-29
 203.985966      1.007   0.667702    14.8866    -1.7648      0.999     0.4087    -0.5650 -9.990e-29
 203.985972      1.005   0.669158    14.8875    -1.7650      0.997     0.4096    -0.5645 -9.990e-29
 203.985978      0.999   0.670768    14.8875    -1.7651      0.991     0.4106    -0.5637 -9.990e-29
 203.985984      0.994   0.673012    14.8866    -1.7652      0.986     0.4121    -0.5624 -9.990e-29
 203.985990      0.993   0.675551    14.8849    -1.7654      0.985     0.4137    -0.5609 -9.990e-29
 203.985995      0.997   0.676775    14.8831    -1.7656      0.989     0.4145    -0.5600 -9.990e-29
 203.986001      1.005   0.675537    14.8811    -1.7659      0.997     0.4137    -0.5603 -9.990e-29
