data/oxygen options/OCNMS/OCNMS1/raw_data/2015/CAST_CA042_150827faed.cnv
* Sea-Bird SBE19 Data File:
* FileName = C:\2015 Mooring Data\Casts\CAST_CA042_150827.hex
* Software Version 1.59
* Temperature SN = 2997
* Conductivity SN = 2997
* System UpLoad Time = Aug 27 2015 22:45:56
** CAST_CA042_150827
* ds
# nquan = 9                                 
# nvalues = 1178                        
# units = specified
# name 0 = timeJ: Julian Days
# name 1 = prSM: Pressure, Strain Gauge [db]
# name 2 = c0mS/cm: Conductivity [mS/cm]
# name 3 = t090C: Temperature [ITS-90, deg C]
# name 4 = sbeox0ML/L: Oxygen, SBE 43 [ml/l]
# name 5 = depSM: Depth [salt water, m], lat = 47.5
# name 6 = sal00: Salinity, Practical [PSU]
# name 7 = sigma-é00: Density [sigma-theta, kg/m^3]
# name 8 = flag: flag
# span 0 = 239.900336, 239.907147       
# span 1 =     -5.236,     43.092       
# span 2 =   0.489812,  40.304908       
# span 3 =     8.0623,    16.9349       
# span 4 =    -1.7062,    10.6814       
# span 5 =     -5.192,     42.728       
# span 6 =     0.2829,    33.2091       
# span 7 =    -0.9876,    25.8586       
# span 8 = 0.0000e+00, 0.0000e+00       
# interval = seconds: 0.5
# start_time = Aug 27 2015 21:36:29 [Instrument's time stamp, header]
# bad_flag = -9.990e-29
*END*
[from data line 801]
 239.904971     35.341  34.614328     8.0801     4.0326     35.043    33.1951    25.8453 0.0000e+00
 239.904977     35.582  34.615813     8.0805     4.0320     35.282    33.1962    25.8461 0.0000e+00
 239.904983     35.806  34.616763     8.0796     4.0377     35.504    33.1980    25.8476 0.0000e+00
 239.904988     36.023  34.616175     8.0777     4.0396     35.719    33.1990    25.8487 0.0000e+00
 239.904994     36.242  34.614357     8.0763     4.0342     35.936    33.1983    25.8484 0.0000e+00
 239.905000     36.468  34.612778     8.0757     4.0415     36.160    33.1971    25.8475 0.0000e+00
 239.905006     36.709  34.612104     8.0751     4.0331     36.399    33.1968    25.8474 0.0000e+00
 239.905012     36.960  34.611970     8.0746     4.0398     36.648    33.1971    25.8476 0.0000e+00
 239.905017     37.214  34.612165     8.0743     4.0219     36.900    33.1974    25.8480 0.0000e+00
 239.905023     37.465  34.612358     8.0742     4.0227     37.149    33.1976    25.8481 0.0000e+00
 239.905029     37.715  34.612217     8.0740     4.0262     37.397    33.1975    25.8481 0.0000e+00
 239.905035     37.972  34.612085     8.0735     4.0209     37.652    33.1977    25.8484 0.0000e+00
 239.905041     38.236  34.612316     8.0728     4.0272     37.913    33.1985    25.8491 0.0000e+00
 239.905046     38.497  34.612630     8.0722     4.0240     38.172    33.1993    25.8498 0.0000e+00
 239.905052     38.751  34.612852     8.0718     4.0260     38.424    33.1998    25.8502 0.0000e+00
 239.905058     38.997  34.613250     8.0720     4.0226     38.668    33.1999    25.8503 0.0000e+00
 239.905064     39.228  34.614326     8.0733     4.0215     38.897    33.1997    25.8500 0.0000e+00
 239.905069     39.444  34.615802     8.0747     4.0217     39.111    33.1999    25.8499 0.0000e+00
 239.905075     39.652  34.616256     8.0749     4.0303     39.317    33.2001    25.8500 0.0000e+00
 239.905081     39.862  34.615704     8.0743     4.0212     39.525    33.2000    25.8500 0.0000e+00
 239.905087     40.079  34.615060     8.0740     4.0114     39.741    33.1995    25.8496 0.0000e+00
 239.905093     40.303  34.614560     8.0742     4.0017     39.963    33.1986    25.8490 0.0000e+00
 239.905098     40.532  34.614628     8.0738     3.9931     40.190    33.1990    25.8493 0.0000e+00
 239.905104     40.768  34.614762     8.0721     3.9995     40.424    33.2006    25.8508 0.0000e+00
 239.905110     41.017  34.613991     8.0696     4.0040     40.671    33.2020    25.8523 0.0000e+00
 239.905116     41.277  34.612940     8.0675     4.0087     40.928    33.2028    25.8532 0.0000e+00
 239.905122     41.540  34.612420     8.0664     4.0046     41.189    33.2032    25.8537 0.0000e+00
 239.905127     41.797  34.612267     8.0657     3.9961     41.444    33.2035    25.8541 0.0000e+00
 239.905133     42.042  34.612245     8.0649     3.9943     41.687    33.2042    25.8547 0.0000e+00
 239.905139     42.279  34.612294     8.0637     3.9958     41.922    33.2052    25.8557 0.0000e+00
 239.905145     42.505  34.612452     8.0627     4.0003     42.146    33.2062    25.8567 0.0000e+00
 239.905150     42.705  34.612897     8.0623     4.0037     42.344    33.2070    25.8573 0.0000e+00
 239.905156     42.865  34.613632     8.0626     3.9966     42.503    33.2074    25.8576 -9.990e-29
 239.905162     42.983  34.614488     8.0635     3.9948     42.620    33.2074    25.8575 -9.990e-29
 239.905168     43.059  34.615455     8.0644     3.9876     42.695    33.2076    25.8575 -9.990e-29
 239.905174     43.092  34.616111     8.0649     3.9872     42.728    33.2078    25.8576 -9.990e-29
 239.905179     43.089  34.616181     8.0651     3.9837     42.725    33.2077    25.8575 -9.990e-29
 239.905185     43.058  34.616291     8.0653     3.9907     42.694    33.2076    25.8574 -9.990e-29
 239.905191     43.006  34.616561     8.0656     3.9955     42.643    33.2076    25.8574 -9.990e-29
 239.905197     42.943  34.616764     8.0661     3.9970     42.580    33.2074    25.8571 -9.990e-29
 239.905203     42.876  34.617143     8.0668     3.9987     42.514    33.2072    25.8568 -9.990e-29
 239.905208     42.807  34.617055     8.0680     3.9884     42.445    33.2060    25.8557 -9.990e-29
 239.905214     42.727  34.616352     8.0694     3.9867     42.366    33.2039    25.8539 -9.990e-29
 239.905220     42.625  34.616309     8.0705     3.9864     42.265    33.2029    25.8529 -9.990e-29
 239.905226     42.501  34.617034     8.0700     3.9879     42.142    33.2042    25.8540 -9.990e-29
 239.905231     42.359  34.617798     8.0680     3.9976     42.001    33.2070    25.8565 0.0000e+00
 239.905237     42.211  34.618115     8.0662     3.9991     41.854    33.2091    25.8584 0.0000e+00
 239.905243     42.070  34.617281     8.0653     3.9991     41.715    33.2091    25.8586 0.0000e+00
 239.905249     41.939  34.615487     8.0648     3.9978     41.585    33.2078    25.8575 0.0000e+00
 239.905255     41.813  34.614263     8.0646     3.9945     41.460    33.2067    25.8567 0.0000e+00
 239.905260     41.686  34.614216     8.0649     3.9944     41.334    33.2064    25.8565 0.0000e+00
 239.905266     41.549  34.614720     8.0655     3.9944     41.198    33.2065    25.8564 0.0000e+00
 239.905272     41.398  34.615327     8.0664     4.0013     41.048    33.2063    25.8562 0.0000e+00
 239.905278     41.235  34.615723     8.0675     4.0029     40.887    33.2058    25.8556 0.0000e+00
 239.905284     41.069  34.615877     8.0686     4.0025     40.722    33.2050    25.8548 0.0000e+00
 239.905289     40.904  34.615992     8.0690     4.0010     40.559    33.2048    25.8546 0.0000e+00
 239.905295     40.748  34.615662     8.0687     4.0046     40.404    33.2048    25.8546 0.0000e+00
 239.905301     40.608  34.614445     8.0683     4.0065     40.265    33.2040    25.8540 0.0000e+00
 239.905307     40.483  34.612961     8.0681     4.0133     40.141    33.2026    25.8530 -9.990e-29
 239.905313     40.366  34.612031     8.0682     4.0063     40.025    33.2016    25.8522 -9.990e-29
 239.905318     40.254  34.612093     8.0685     4.0015     39.914    33.2014    25.8520 -9.990e-29
 239.905324     40.143  34.612668     8.0687     3.9995     39.804    33.2019    25.8523 -9.990e-29
 239.905330     40.032  34.612841     8.0690     3.9978     39.694    33.2018    25.8523 -9.990e-29
 239.905336     39.921  34.612840     8.0695     4.0007     39.584    33.2014    25.8519 -9.990e-29
 239.905341     39.811  34.613223     8.0700     4.0008     39.475    33.2014    25.8518 -9.990e-29
 239.905347     39.706  34.613941     8.0706     4.0077     39.371    33.2017    25.8519 -9.990e-29
 239.905353     39.605  34.614271     8.0710     4.0090     39.271    33.2017    25.8518 -9.990e-29
 239.905359     39.508  34.613529     8.0713     4.0090     39.175    33.2006    25.8510 -9.990e-29
 239.905365     39.408  34.612407     8.0720     4.0074     39.075    33.1988    25.8494 -9.990e-29
 239.905370     39.298  34.612209     8.0731     4.0113     38.966    33.1976    25.8483 -9.990e-29
 239.905376     39.169  34.613229     8.0741     4.0130     38.838    33.1978    25.8483 0.0000e+00
 239.905382     39.014  34.614583     8.0747     4.0200     38.685    33.1988    25.8490 0.0000e+00
 239.905388     38.847  34.615273     8.0748     4.0200     38.519    33.1995    25.8495 0.0000e+00
 239.905394     38.677  34.615100     8.0746     4.0166     38.351    33.1996    25.8496 0.0000e+00
 239.905399     38.512  34.614394     8.0745     4.0148     38.187    33.1990    25.8492 0.0000e+00
 239.905405     38.353  34.613893     8.0745     4.0184     38.029    33.1985    25.8488 0.0000e+00
 239.905411     38.203  34.614050     8.0747     4.0201     37.881    33.1986    25.8488 0.0000e+00
 239.905417     38.070  34.613952     8.0748     4.0201     37.749    33.1985    25.8487 -9.990e-29
 239.905422     37.953  34.612908     8.0745     4.0186     37.633    33.1977    25.8482 -9.990e-29
 239.905428     37.850  34.611765     8.0740     4.0153     37.531    33.1970    25.8477 -9.990e-29
 239.905434     37.755  34.611238     8.0736     4.0221     37.436    33.1968    25.8476 -9.990e-29
 239.905440     37.652  34.611184     8.0737     4.0236     37.334    33.1967    25.8475 -9.990e-29
 239.905446     37.535  34.611528     8.0744     4.0166     37.218    33.1965    25.8472 -9.990e-29
 239.905451     37.406  34.612167     8.0751     4.0133     37.090    33.1966    25.8472 0.0000e+00
 239.905457     37.268  34.612832     8.0755     4.0032     36.954    33.1970    25.8474 0.0000e+00
 239.905463     37.130  34.613289     8.0753     4.0103     36.817    33.1977    25.8481 0.0000e+00
 239.905469     36.997  34.613025     8.0746     4.0148     36.685    33.1982    25.8485 0.0000e+00
 239.905475     36.867  34.612249     8.0744     4.0163     36.556    33.1976    25.8481 -9.990e-29
 239.905480     36.743  34.611607     8.0747     4.0179     36.433    33.1967    25.8473 -9.990e-29
 239.905486     36.619  34.611361     8.0751     4.0145     36.310    33.1961    25.8468 -9.990e-29
 239.905492     36.492  34.611741     8.0754     4.0146     36.184    33.1963    25.8469 0.0000e+00
 239.905498     36.364  34.612131     8.0752     4.0074     36.057    33.1969    25.8474 0.0000e+00
 239.905503     36.233  34.611929     8.0749     4.0129     35.927    33.1971    25.8476 0.0000e+00
 239.905509     36.106  34.611428     8.0747     4.0145     35.802    33.1968    25.8474 -9.990e-29
 239.905515     35.986  34.611079     8.0744     4.0161     35.683    33.1967    25.8474 -9.990e-29
 239.905521     35.871  34.610974     8.0744     4.0244     35.569    33.1967    25.8474 -9.990e-29
 239.905527     35.756  34.610975     8.0747     4.0228     35.455    33.1965    25.8471 -9.990e-29
 239.905532     35.644  34.611081     8.0751     4.0226     35.343    33.1962    25.8469 -9.990e-29
 239.905538     35.531  34.611430     8.0753     4.0138     35.231    33.1965    25.8471 -9.990e-29
 239.905544     35.415  34.611927     8.0753     4.0159     35.116    33.1971    25.8475 -9.990e-29
 239.905550     35.297  34.612111     8.0753     4.0173     34.999    33.1973    25.8477 -9.990e-29
 239.905556     35.178  34.611669     8.0751     4.0188     34.881    33.1971    25.8476 -9.990e-29
 239.905561     35.063  34.610570     8.0749     4.0132     34.767    33.1962    25.8469 -9.990e-29
 239.905567     34.953  34.609589     8.0750     4.0082     34.658    33.1951    25.8460 -9.990e-29
 239.905573     34.838  34.609657     8.0755     4.0151     34.544    33.1947    25.8456 -9.990e-29
 239.905579     34.709  34.610301     8.0762     4.0253     34.416    33.1948    25.8456 0.0000e+00
 239.905584     34.568  34.610699     8.0771     4.0373     34.277    33.1944    25.8452 0.0000e+00
 239.905590     34.414  34.610820     8.0780     4.0440     34.124    33.1938    25.8445 0.0000e+00
 239.905596     34.249  34.610823     8.0787     4.0543     33.960    33.1932    25.8440 0.0000e+00
 239.905602     34.085  34.610712     8.0794     4.0451     33.798    33.1925    25.8433 0.0000e+00
 239.905608     33.933  34.610339     8.0802     4.0388     33.647    33.1914    25.8423 0.0000e+00
 239.905613     33.796  34.609767     8.0816     4.0459     33.511    33.1896    25.8407 -9.990e-29
 239.905619     33.677  34.609355     8.0839     4.0512     33.393    33.1870    25.8383 -9.990e-29
 239.905625     33.583  34.609110     8.0862     4.0768     33.300    33.1846    25.8361 -9.990e-29
 239.905631     33.507  34.608707     8.0869     4.0923     33.225    33.1835    25.8352 -9.990e-29
 239.905637     33.432  34.608168     8.0868     4.1079     33.150    33.1831    25.8348 -9.990e-29
 239.905642     33.340  34.607894     8.0884     4.1181     33.059    33.1813    25.8332 -9.990e-29
 239.905648     33.225  34.608076     8.0921     4.1286     32.945    33.1781    25.8301 -9.990e-29
 239.905654     33.093  34.608393     8.0965     4.1366     32.814    33.1743    25.8265 0.0000e+00
 239.905660     32.956  34.608148     8.1006     4.1551     32.678    33.1702    25.8227 0.0000e+00
 239.905666     32.828  34.607016     8.1042     4.1782     32.551    33.1657    25.8186 -9.990e-29
 239.905671     32.709  34.605727     8.1063     4.1998     32.433    33.1624    25.8157 -9.990e-29
 239.905677     32.596  34.605365     8.1073     4.2207     32.321    33.1611    25.8145 -9.990e-29
 239.905683     32.489  34.606007     8.1089     4.2135     32.215    33.1603    25.8137 -9.990e-29
 239.905689     32.386  34.607385     8.1117     4.2010     32.113    33.1592    25.8124 -9.990e-29
 239.905694     32.286  34.610776     8.1166     4.1902     32.014    33.1582    25.8109 -9.990e-29
 239.905700     32.190  34.617340     8.1227     4.1965     31.919    33.1595    25.8110 -9.990e-29
 239.905706     32.096  34.623500     8.1264     4.2083     31.826    33.1625    25.8129 -9.990e-29
 239.905712     31.999  34.624024     8.1274     4.2251     31.729    33.1622    25.8124 -9.990e-29
 239.905718     31.897  34.620729     8.1284     4.2344     31.628    33.1578    25.8088 -9.990e-29
 239.905723     31.792  34.619307     8.1319     4.2591     31.524    33.1530    25.8046 -9.990e-29
 239.905729     31.680  34.620662     8.1410     4.2910     31.413    33.1459    25.7977 -9.990e-29
 239.905735     31.560  34.623237     8.1572     4.3208     31.294    33.1334    25.7854 -9.990e-29
 239.905741     31.433  34.626544     8.1758     4.3410     31.168    33.1194    25.7717 0.0000e+00
 239.905747     31.298  34.629947     8.1933     4.3441     31.034    33.1066    25.7590 0.0000e+00
 239.905752     31.160  34.634065     8.2125     4.3533     30.898    33.0929    25.7455 0.0000e+00
 239.905758     31.028  34.640468     8.2350     4.3518     30.767    33.0785    25.7309 -9.990e-29
 239.905764     30.906  34.649293     8.2580     4.3517     30.646    33.0663    25.7179 -9.990e-29
 239.905770     30.790  34.658301     8.2762     4.3528     30.531    33.0588    25.7093 -9.990e-29
 239.905775     30.674  34.663256     8.2854     4.3540     30.416    33.0554    25.7053 -9.990e-29
 239.905781     30.553  34.663483     8.2880     4.3546     30.296    33.0533    25.7032 -9.990e-29
 239.905787     30.433  34.663209     8.2911     4.3671     30.177    33.0501    25.7002 -9.990e-29
 239.905793     30.319  34.665431     8.2980     4.3696     30.064    33.0460    25.6960 -9.990e-29
 239.905799     30.214  34.669187     8.3049     4.3702     29.960    33.0436    25.6931 -9.990e-29
 239.905804     30.113  34.671643     8.3084     4.3708     29.859    33.0429    25.6920 -9.990e-29
 239.905810     30.007  34.671590     8.3091     4.3684     29.754    33.0423    25.6914 -9.990e-29
 239.905816     29.888  34.670077     8.3097     4.3719     29.636    33.0402    25.6897 -9.990e-29
 239.905822     29.763  34.669006     8.3112     4.3757     29.512    33.0377    25.6875 0.0000e+00
 239.905828     29.635  34.669192     8.3131     4.3796     29.386    33.0361    25.6860 0.0000e+00
 239.905833     29.506  34.670320     8.3154     4.3831     29.258    33.0352    25.6849 0.0000e+00
 239.905839     29.375  34.671654     8.3177     4.3801     29.128    33.0346    25.6841 0.0000e+00
 239.905845     29.243  34.672170     8.3192     4.3821     28.997    33.0337    25.6832 0.0000e+00
 239.905851     29.111  34.671434     8.3201     4.3929     28.866    33.0322    25.6818 0.0000e+00
 239.905856     28.973  34.670146     8.3205     4.3928     28.729    33.0305    25.6805 0.0000e+00
 239.905862     28.826  34.669388     8.3208     4.3982     28.583    33.0295    25.6796 0.0000e+00
 239.905868     28.673  34.669268     8.3214     4.4004     28.432    33.0289    25.6790 0.0000e+00
 239.905874     28.521  34.669624     8.3222     4.3961     28.281    33.0286    25.6787 0.0000e+00
 239.905880     28.374  34.669810     8.3226     4.4012     28.135    33.0285    25.6785 0.0000e+00
 239.905885     28.226  34.668955     8.3228     4.3979     27.989    33.0274    25.6777 0.0000e+00
