data/oxygen options/OCNMS/OCNMS1/raw_data/2015/CAST_KL015_150930faed.cnv
* Sea-Bird SBE19 Data File:
* FileName = C:\2015 Mooring Data\Casts\CAST_KL015_150930.hex
* Software Version 1.59
* Temperature SN = 2997
* Conductivity SN = 2997
* System UpLoad Time = Sep 30 2015 21:57:43
** CAST_KL015_150930
* ds
# nquan = 9                                 
# nvalues = 972                         
# units = specified
# name 0 = timeJ: Julian Days
# name 1 = prSM: Pressure, Strain Gauge [db]
# name 2 = c0mS/cm: Conductivity [mS/cm]
# name 3 = t090C: Temperature [ITS-90, deg C]
# name 4 = sbeox0ML/L: Oxygen, SBE 43 [ml/l]
# name 5 = depSM: Depth [salt water, m], lat = 47.5
# name 6 = sal00: Salinity, Practical [PSU]
# name 7 = sigma-é00: Density [sigma-theta, kg/m^3]
# name 8 = flag: flag
# span 0 = 273.899606, 273.905226       
# span 1 =     -4.974,     17.913       
# span 2 =   0.381496,  39.975895       
# span 3 =    12.1414,    17.0187       
# span 4 =    -1.7203,    11.4608       
# span 5 =     -4.933,     17.763       
# span 6 =     0.2217,    32.4698       
# span 7 =    -1.0552,    24.5968       
# span 8 = 0.0000e+00, 0.0000e+00       
# interval = seconds: 0.5
# start_time = Sep 30 2015 21:35:26 [Instrument's time stamp, header]
# bad_flag = -9.990e-29
*END*
[from data line 481]
 273.902390      1.344  39.849158    14.9298    -1.4480      1.333    32.2749    23.8870 -9.990e-29
 273.902396      1.363  39.855333    14.9310    -1.4485      1.352    32.2795    23.8903 -9.990e-29
 273.902402      1.377  39.874370    14.9387    -1.4488      1.366    32.2903    23.8970 -9.990e-29
 273.902407      1.385  39.911489    14.9480    -1.4483      1.373    32.3161    23.9149 -9.990e-29
 273.902413      1.388  39.934155    14.9555    -1.4484      1.376    32.3304    23.9242 -9.990e-29
 273.902419      1.386  39.938968    14.9595    -1.4489      1.374    32.3314    23.9242 -9.990e-29
 273.902425      1.379  39.940613    14.9618    -1.4486      1.367    32.3310    23.9233 -9.990e-29
 273.902431      1.372  39.937416    14.9632    -1.4488      1.361    32.3269    23.9199 -9.990e-29
 273.902436      1.371  39.922177    14.9614    -1.4489      1.360    32.3147    23.9109 -9.990e-29
 273.902442      1.378  39.912193    14.9537    -1.4491      1.366    32.3120    23.9105 -9.990e-29
 273.902448      1.387  39.926719    14.9414    -1.4498      1.375    32.3353    23.9311 -9.990e-29
 273.902454      1.401  39.952089    14.9348    -1.4497      1.389    32.3637    23.9543 -9.990e-29
 273.902459      1.414  39.970027    14.9417    -1.4487      1.402    32.3742    23.9609 -9.990e-29
 273.902465      1.425  39.975895    14.9528    -1.4491      1.413    32.3703    23.9555 -9.990e-29
 273.902471      1.434  39.961301    14.9551    -1.4494      1.422    32.3552    23.9434 -9.990e-29
 273.902477      1.440  39.927021    14.9453    -1.4502      1.428    32.3324    23.9279 -9.990e-29
 273.902483      1.446  39.905897    14.9315    -1.4510      1.434    32.3247    23.9250 -9.990e-29
 273.902488      1.450  39.921399    14.9264    -1.4505      1.438    32.3429    23.9401 -9.990e-29
 273.902494      1.453  39.945456    14.9333    -1.4506      1.441    32.3590    23.9510 -9.990e-29
 273.902500      1.456  39.937856    14.9432    -1.4502      1.444    32.3439    23.9373 -9.990e-29
 273.902506      1.459  39.890191    14.9455    -1.4512      1.447    32.2989    23.9022 -9.990e-29
 273.902512      1.461  39.839324    14.9393    -1.4521      1.449    32.2582    23.8721 -9.990e-29
 273.902517      1.463  39.839153    14.9349    -1.4520      1.451    32.2616    23.8757 -9.990e-29
 273.902523      1.466  39.874920    14.9363    -1.4502      1.454    32.2928    23.8994 -9.990e-29
 273.902529      1.469  39.877733    14.9326    -1.4502      1.457    32.2984    23.9045 -9.990e-29
 273.902535      1.476  39.830642    14.9175    -1.4503      1.464    32.2683    23.8846 -9.990e-29
 273.902541      1.493  39.779120    14.8992    -1.4506      1.481    32.2369    23.8643 -9.990e-29
 273.902546      1.516  39.773948    14.8889    -1.4506      1.503    32.2408    23.8695 -9.990e-29
 273.902552      1.538  39.810514    14.8878    -1.4505      1.525    32.2747    23.8958 -9.990e-29
 273.902558      1.557  39.836128    14.8886    -1.4510      1.544    32.2972    23.9130 -9.990e-29
 273.902564      1.572  39.819946    14.8892    -1.4515      1.559    32.2821    23.9012 -9.990e-29
 273.902569      1.578  39.770156    14.8932    -1.4511      1.565    32.2338    23.8631 -9.990e-29
 273.902575      1.566  39.726947    14.8998    -1.4506      1.553    32.1893    23.8275 -9.990e-29
 273.902581      1.543  39.734797    14.9050    -1.4502      1.530    32.1921    23.8285 -9.990e-29
 273.902587      1.521  39.780112    14.9090    -1.4507      1.508    32.2297    23.8567 -9.990e-29
 273.902593      1.503  39.807860    14.9112    -1.4517      1.490    32.2530    23.8741 -9.990e-29
 273.902598      1.487  39.800698    14.9072    -1.4513      1.475    32.2498    23.8725 -9.990e-29
 273.902604      1.473  39.783888    14.8981    -1.4507      1.461    32.2421    23.8686 -9.990e-29
 273.902610      1.459  39.783842    14.8902    -1.4506      1.447    32.2486    23.8753 -9.990e-29
 273.902616      1.450  39.792134    14.8861    -1.4514      1.438    32.2595    23.8845 -9.990e-29
 273.902622      1.449  39.785103    14.8844    -1.4519      1.437    32.2546    23.8811 -9.990e-29
 273.902627      1.451  39.778651    14.8865    -1.4519      1.439    32.2470    23.8748 -9.990e-29
 273.902633      1.452  39.796740    14.8934     8.5201      1.440    32.2577    23.8815 -9.990e-29
 273.902639      1.453  39.820921    14.9003    11.0314      1.441    32.2738    23.8925 -9.990e-29
 273.902645      1.453  39.813957    14.9024    11.4608      1.441    32.2658    23.8858 -9.990e-29
 273.902650      1.452  39.769416    14.9005    10.0470      1.440    32.2271    23.8565 -9.990e-29
 273.902656      1.451  39.731123    14.8993     6.6348      1.439    32.1935    23.8308 -9.990e-29
 273.902662      1.449  39.736651    14.9013     6.6574      1.437    32.1968    23.8330 -9.990e-29
 273.902668      1.446  39.758094    14.9048     6.7128      1.434    32.2133    23.8449 -9.990e-29
 273.902674      1.442  39.745595    14.9079     6.6841      1.430    32.1995    23.8336 -9.990e-29
 273.902679      1.441  39.695993    14.9118     6.6269      1.429    32.1515    23.7958 -9.990e-29
 273.902685      1.448  39.645239    14.9168     6.5706      1.436    32.1016    23.7563 -9.990e-29
 273.902691      1.453  39.608125    14.9215     6.5346      1.441    32.0642    23.7265 -9.990e-29
 273.902697      1.450  39.585671    14.9264     6.5201      1.438    32.0399    23.7067 -9.990e-29
 273.902703      1.441  39.586110    14.9316     6.5190      1.429    32.0360    23.7027 -9.990e-29
 273.902708      1.431  39.594935    14.9335     6.5139      1.419    32.0425    23.7072 -9.990e-29
 273.902714      1.424  39.596490    14.9295     6.5011      1.412    32.0471    23.7116 -9.990e-29
 273.902720      1.427  39.590093    14.9175     6.4866      1.415    32.0512    23.7174 -9.990e-29
 273.902726      1.440  39.568382    14.8972     6.4805      1.428    32.0483    23.7194 -9.990e-29
 273.902731      1.457  39.533851    14.8790     6.4856      1.445    32.0321    23.7108 -9.990e-29
 273.902737      1.468  39.510023    14.8745     6.4731      1.456    32.0143    23.6981 -9.990e-29
 273.902743      1.472  39.509458    14.8795     6.4652      1.460    32.0096    23.6934 -9.990e-29
 273.902749      1.472  39.521352    14.8831     6.4595      1.460    32.0174    23.6987 -9.990e-29
 273.902755      1.472  39.529653    14.8818     6.4719      1.460    32.0260    23.7055 -9.990e-29
 273.902760      1.474  39.526415    14.8798     6.4822      1.462    32.0247    23.7050 -9.990e-29
 273.902766      1.476  39.518022    14.8799     6.4873      1.464    32.0170    23.6990 -9.990e-29
 273.902772      1.479  39.516872    14.8770     6.4903      1.467    32.0184    23.7007 -9.990e-29
 273.902778      1.483  39.518675    14.8646     6.4998      1.471    32.0302    23.7124 -9.990e-29
 273.902784      1.488  39.508504    14.8473     6.4839      1.476    32.0352    23.7200 -9.990e-29
 273.902789      1.495  39.491903    14.8385     6.4883      1.483    32.0274    23.7159 -9.990e-29
 273.902795      1.499  39.486588    14.8434     6.4641      1.486    32.0186    23.7080 -9.990e-29
 273.902801      1.498  39.495602    14.8555     6.4727      1.485    32.0168    23.7041 -9.990e-29
 273.902807      1.494  39.510266    14.8685     6.4739      1.482    32.0194    23.7033 -9.990e-29
 273.902812      1.493  39.523269    14.8797     6.4669      1.481    32.0219    23.7029 -9.990e-29
 273.902818      1.494  39.535180    14.8884     6.4601      1.482    32.0255    23.7038 -9.990e-29
 273.902824      1.496  39.548471    14.8955     6.4572      1.484    32.0317    23.7070 -9.990e-29
 273.902830      1.501  39.557926    14.9003     6.4418      1.488    32.0363    23.7095 -9.990e-29
 273.902836      1.508  39.559941    14.9026     6.4401      1.495    32.0362    23.7090 -9.990e-29
 273.902841      1.514  39.560614    14.9037     6.4365      1.501    32.0359    23.7085 -9.990e-29
 273.902847      1.511  39.563690    14.9049     6.4497      1.498    32.0377    23.7096 -9.990e-29
 273.902853      1.498  39.566589    14.9068     6.4702      1.485    32.0388    23.7101 -9.990e-29
 273.902859      1.482  39.568179    14.9089     6.4785      1.470    32.0385    23.7094 -9.990e-29
 273.902865      1.468  39.569504    14.9106     6.4640      1.456    32.0383    23.7089 -9.990e-29
 273.902870      1.459  39.570133    14.9095     6.4731      1.447    32.0398    23.7102 -9.990e-29
 273.902876      1.462  39.564786    14.9009     6.4722      1.450    32.0420    23.7138 -9.990e-29
 273.902882      1.479  39.545262    14.8889     6.4736      1.467    32.0342    23.7104 -9.990e-29
 273.902888      1.496  39.522015    14.8852     6.4783      1.484    32.0163    23.6973 -9.990e-29
 273.902894      1.502  39.519031    14.8897     6.4718      1.489    32.0099    23.6915 -9.990e-29
 273.902899      1.499  39.532936    14.8935     6.4554      1.486    32.0193    23.6979 -9.990e-29
 273.902905      1.493  39.545312    14.8939     6.4501      1.481    32.0302    23.7062 -9.990e-29
 273.902911      1.489  39.551967    14.8922     6.4588      1.477    32.0376    23.7122 -9.990e-29
 273.902917      1.487  39.555093    14.8896     6.4665      1.475    32.0425    23.7166 -9.990e-29
 273.902922      1.487  39.553299    14.8856     6.4802      1.475    32.0442    23.7188 -9.990e-29
 273.902928      1.488  39.540875    14.8798     6.4807      1.476    32.0377    23.7150 -9.990e-29
 273.902934      1.491  39.520923    14.8732     6.4817      1.479    32.0252    23.7067 -9.990e-29
 273.902940      1.496  39.506690    14.8685     6.4627      1.484    32.0162    23.7008 -9.990e-29
 273.902946      1.503  39.499425    14.8674     6.4494      1.490    32.0105    23.6967 -9.990e-29
 273.902951      1.513  39.495652    14.8705     6.4414      1.500    32.0045    23.6914 -9.990e-29
 273.902957      1.522  39.501038    14.8784     6.4604      1.509    32.0029    23.6885 -9.990e-29
 273.902963      1.526  39.516643    14.8892     6.4921      1.513    32.0081    23.6902 -9.990e-29
 273.902969      1.529  39.535290    14.8977     6.5062      1.516    32.0180    23.6960 -9.990e-29
 273.902975      1.537  39.548812    14.8962     6.5123      1.524    32.0314    23.7067 -9.990e-29
 273.902980      1.550  39.545014    14.8819     6.4963      1.537    32.0397    23.7161 -9.990e-29
 273.902986      1.564  39.514393    14.8657     6.4733      1.551    32.0254    23.7085 -9.990e-29
 273.902992      1.572  39.482882    14.8630     6.4788      1.559    31.9991    23.6889 -9.990e-29
 273.902998      1.569  39.484190    14.8759     6.4824      1.556    31.9897    23.6789 -9.990e-29
 273.903003      1.557  39.508329    14.8932     6.4883      1.544    31.9973    23.6810 -9.990e-29
 273.903009      1.537  39.531470    14.9056     6.4756      1.524    32.0081    23.6867 -9.990e-29
 273.903015      1.523  39.547517    14.9103     6.4507      1.510    32.0187    23.6938 -9.990e-29
 273.903021      1.525  39.556612    14.9067     6.4214      1.512    32.0298    23.7032 -9.990e-29
 273.903027      1.544  39.554675    14.8982     6.4144      1.531    32.0351    23.7090 -9.990e-29
 273.903032      1.568  39.545895    14.8879     6.4400      1.555    32.0356    23.7116 -9.990e-29
 273.903038      1.586  39.539353    14.8763     6.4646      1.573    32.0392    23.7169 -9.990e-29
 273.903044      1.595  39.534218    14.8695     6.4726      1.582    32.0402    23.7191 -9.990e-29
 273.903050      1.595  39.530976    14.8703     6.5051      1.582    32.0366    23.7161 -9.990e-29
 273.903056      1.591  39.533195    14.8701     6.5005      1.578    32.0387    23.7179 -9.990e-29
 273.903061      1.591  39.530985    14.8593     6.4770      1.578    32.0456    23.7255 -9.990e-29
 273.903067      1.599  39.505750    14.8421     6.4471      1.586    32.0370    23.7225 -9.990e-29
 273.903073      1.611  39.467618    14.8328     6.4324      1.598    32.0101    23.7038 -9.990e-29
 273.903079      1.620  39.452685    14.8338     6.4381      1.606    31.9958    23.6925 -9.990e-29
 273.903084      1.623  39.466868    14.8374     6.4533      1.609    32.0057    23.6994 -9.990e-29
 273.903090      1.618  39.485392    14.8363     6.4867      1.604    32.0233    23.7132 -9.990e-29
 273.903096      1.610  39.494884    14.8274     6.4973      1.597    32.0392    23.7273 -9.990e-29
 273.903102      1.607  39.492911    14.8135     6.5170      1.594    32.0489    23.7377 -9.990e-29
 273.903108      1.614  39.479313    14.7984     6.4929      1.601    32.0490    23.7410 -9.990e-29
 273.903113      1.626  39.460646    14.7859     6.4780      1.612    32.0424    23.7386 -9.990e-29
 273.903119      1.636  39.446382    14.7785     6.4770      1.622    32.0356    23.7349 -9.990e-29
 273.903125      1.639  39.443241    14.7759     6.4522      1.625    32.0349    23.7349 -9.990e-29
 273.903131      1.637  39.449972    14.7792     6.4552      1.623    32.0382    23.7368 -9.990e-29
 273.903137      1.628  39.459244    14.7872     6.4697      1.614    32.0400    23.7365 -9.990e-29
 273.903142      1.617  39.467676    14.7959     6.4622      1.603    32.0405    23.7350 -9.990e-29
 273.903148      1.612  39.479735    14.8046     6.4838      1.599    32.0443    23.7361 -9.990e-29
 273.903154      1.617  39.491833    14.8120     6.4777      1.603    32.0491    23.7382 -9.990e-29
 273.903160      1.627  39.495949    14.8158     6.4920      1.613    32.0497    23.7379 -9.990e-29
 273.903166      1.635  39.497525    14.8176     6.5017      1.621    32.0497    23.7374 -9.990e-29
 273.903171      1.636  39.500298    14.8202     6.4862      1.622    32.0500    23.7372 -9.990e-29
 273.903177      1.632  39.502872    14.8245     6.4826      1.618    32.0488    23.7353 -9.990e-29
 273.903183      1.625  39.505829    14.8304     6.4790      1.611    32.0466    23.7324 -9.990e-29
 273.903189      1.625  39.509140    14.8379     6.4743      1.611    32.0435    23.7284 -9.990e-29
 273.903194      1.631  39.514370    14.8469     6.4771      1.617    32.0408    23.7244 -9.990e-29
 273.903200      1.634  39.521719    14.8554     6.4753      1.620    32.0404    23.7223 -9.990e-29
 273.903206      1.632  39.527482    14.8638     6.4846      1.618    32.0387    23.7192 -9.990e-29
 273.903212      1.623  39.531450    14.8729     6.4723      1.609    32.0349    23.7143 -9.990e-29
 273.903218      1.612  39.537185    14.8799     6.4803      1.599    32.0343    23.7123 -9.990e-29
 273.903223      1.605  39.543879    14.8839     6.4766      1.592    32.0370    23.7136 -9.990e-29
 273.903229      1.608  39.550881    14.8866     6.4650      1.595    32.0412    23.7162 -9.990e-29
 273.903235      1.616  39.556831    14.8891     6.4766      1.603    32.0445    23.7182 -9.990e-29
 273.903241      1.621  39.558402    14.8919     6.4647      1.607    32.0436    23.7169 -9.990e-29
 273.903247      1.619  39.557639    14.8949     6.4616      1.605    32.0404    23.7139 -9.990e-29
 273.903252      1.614  39.556842    14.8981     6.4624      1.601    32.0371    23.7106 -9.990e-29
 273.903258      1.614  39.557703    14.9014     6.4674      1.601    32.0352    23.7084 -9.990e-29
 273.903264      1.620  39.561325    14.9033     6.4749      1.606    32.0369    23.7093 -9.990e-29
 273.903270      1.623  39.562959    14.9019     6.4719      1.609    32.0395    23.7116 -9.990e-29
 273.903275      1.623  39.559130    14.8971     6.4531      1.609    32.0400    23.7130 -9.990e-29
 273.903281      1.625  39.550851    14.8917     6.4637      1.611    32.0369    23.7119 -9.990e-29
 273.903287      1.624  39.543295    14.8891     6.4571      1.610    32.0322    23.7088 -9.990e-29
 273.903293      1.617  39.543717    14.8884     6.4756      1.603    32.0332    23.7097 -9.990e-29
 273.903299      1.607  39.549267    14.8868     6.4757      1.594    32.0395    23.7149 -9.990e-29
 273.903304      1.602  39.552160    14.8840     6.4909      1.589    32.0444    23.7193 -9.990e-29
