data/oxygen options/OCNMS/OCNMS1/raw_data/2015/CAST_KL015_150528faed.cnv
* Sea-Bird SBE19 Data File:
* FileName = C:\2015 Mooring Data\Casts\CAST_KL015_150528.hex
* Software Version 1.59
* Temperature SN = 2997
* Conductivity SN = 2997
* System UpLoad Time = May 28 2015 19:17:18
** CAST_KL015_150528
* ds
# nquan = 9                                 
# nvalues = 1000                        
# units = specified
# name 0 = timeJ: Julian Days
# name 1 = prSM: Pressure, Strain Gauge [db]
# name 2 = c0mS/cm: Conductivity [mS/cm]
# name 3 = t090C: Temperature [ITS-90, deg C]
# name 4 = sbeox0ML/L: Oxygen, SBE 43 [ml/l]
# name 5 = depSM: Depth [salt water, m], lat = 47.5
# name 6 = sal00: Salinity, Practical [PSU]
# name 7 = sigma-é00: Density [sigma-theta, kg/m^3]
# name 8 = flag: flag
# span 0 = 148.795509, 148.801291       
# span 1 =     -4.698,     15.639       
# span 2 =   0.215632,  38.192633       
# span 3 =     9.2195,    14.8708       
# span 4 =    -9.8886,    14.4299       
# span 5 =     -4.659,     15.508       
# span 6 =     0.1288,    33.3124       
# span 7 =    -0.7785,    25.7582       
# span 8 = 0.0000e+00, 0.0000e+00       
# interval = seconds: 0.5
# start_time = May 28 2015 19:05:32 [Instrument's time stamp, header]
# bad_flag = -9.990e-29
*END*
[from data line 161]
 148.796441     -1.255   0.318002    14.3180    -1.7866     -1.245     0.1933    -0.6486 -9.990e-29
 148.796447     -1.255   0.317449    14.3034    -1.7866     -1.245     0.1930    -0.6467 -9.990e-29
 148.796453     -1.257   0.316396    14.2863    -1.7864     -1.247     0.1924    -0.6447 -9.990e-29
 148.796458     -1.260   0.315105    14.2709    -1.7860     -1.249     0.1917    -0.6431 -9.990e-29
 148.796464     -1.260   0.314076    14.2620    -1.7856     -1.249     0.1911    -0.6423 -9.990e-29
 148.796470     -1.254   0.313604    14.2629    -1.7853     -1.244     0.1908    -0.6427 -9.990e-29
 148.796476     -1.245   0.313614    14.2746    -1.7854     -1.235     0.1907    -0.6444 -9.990e-29
 148.796481     -1.238   0.313563    14.2937    -1.7855     -1.228     0.1906    -0.6472 -9.990e-29
 148.796487     -1.231   0.312827    14.3125    -1.7851     -1.221     0.1901    -0.6503 -9.990e-29
 148.796493     -1.223   0.311536    14.3251    -1.7844     -1.213     0.1892    -0.6528 -9.990e-29
 148.796499     -1.212   0.310191    14.3330    -1.7838     -1.202     0.1884    -0.6546 -9.990e-29
 148.796505     -1.190   0.309217    14.3405    -1.7832     -1.180     0.1877    -0.6561 -9.990e-29
 148.796510     -1.166   0.308984    14.3490    -1.7837     -1.156     0.1875    -0.6575 -9.990e-29
 148.796516     -1.151   0.309180    14.3570    -1.7840     -1.141     0.1876    -0.6586 -9.990e-29
 148.796522     -1.148   0.308954    14.3623    -1.7845     -1.138     0.1875    -0.6595 -9.990e-29
 148.796528     -1.152   0.308007    14.3648    -1.7843     -1.142     0.1869    -0.6603 -9.990e-29
 148.796534     -1.156   0.306739    14.3686    -1.7843     -1.146     0.1861    -0.6615 -9.990e-29
 148.796539     -1.154   0.305682    14.3775    -1.7845     -1.144     0.1854    -0.6633 -9.990e-29
 148.796545     -1.149   0.305091    14.3907    -1.7854     -1.139     0.1849    -0.6655 -9.990e-29
 148.796551     -1.137   0.304736    14.4042    -1.7850     -1.128     0.1847    -0.6677 -9.990e-29
 148.796557     -1.120   0.304143    14.4117    -1.7847     -1.111     0.1843    -0.6691 -9.990e-29
 148.796562     -1.101   0.303074    14.4102    -1.7842     -1.092     0.1836    -0.6693 -9.990e-29
 148.796568     -1.082   0.301770    14.4036    -1.7836     -1.073     0.1828    -0.6690 -9.990e-29
 148.796574     -1.062   0.300714    14.3976    -1.7827     -1.053     0.1822    -0.6686 -9.990e-29
 148.796580     -1.044   0.300163    14.3947    -1.7817     -1.035     0.1819    -0.6685 -9.990e-29
 148.796586     -1.031   0.299939    14.3923    -1.7807     -1.022     0.1818    -0.6682 -9.990e-29
 148.796591     -1.018   0.299742    14.3869    -1.7796     -1.010     0.1817    -0.6675 -9.990e-29
 148.796597     -1.001   0.299309    14.3817    -1.7782     -0.993     0.1814    -0.6669 -9.990e-29
 148.796603     -0.982   0.298619    14.3832    -1.7776     -0.974     0.1810    -0.6675 -9.990e-29
 148.796609     -0.964   0.297861    14.3917    -1.7774     -0.956     0.1805    -0.6691 -9.990e-29
 148.796615     -0.950   0.297136    14.4047    -1.7772     -0.942     0.1800    -0.6714 -9.990e-29
 148.796620     -0.944   0.296588    14.4223    -1.7774     -0.936     0.1796    -0.6742 -9.990e-29
 148.796626     -0.942   0.296039    14.4445    -1.7782     -0.934     0.1791    -0.6778 -9.990e-29
 148.796632     -0.938   0.295314    14.4699    -1.7781     -0.930     0.1786    -0.6819 -9.990e-29
 148.796638     -0.933   0.294558    14.4971    -1.7781     -0.925     0.1780    -0.6863 -9.990e-29
 148.796644     -0.926   0.293871    14.5254    -1.7775     -0.918     0.1775    -0.6908 -9.990e-29
 148.796649     -0.917   0.293447    14.5515    -1.7774     -0.909     0.1771    -0.6949 -9.990e-29
 148.796655     -0.905   0.293276    14.5699    -1.7779     -0.897     0.1769    -0.6977 -9.990e-29
 148.796661     -0.889   0.293130    14.5795    -1.7790     -0.882     0.1768    -0.6992 -9.990e-29
 148.796667     -0.869   0.292816    14.5824    -1.7811     -0.862     0.1766    -0.6998 -9.990e-29
 148.796672     -0.848   0.292469    14.5788    -1.7818     -0.841     0.1764    -0.6995 -9.990e-29
 148.796678     -0.828   0.292181    14.5726    -1.7824     -0.821     0.1762    -0.6987 -9.990e-29
 148.796684     -0.807   0.291569    14.5699    -1.7820     -0.800     0.1759    -0.6986 -9.990e-29
 148.796690     -0.790   0.290925    14.5717    -1.7813     -0.783     0.1755    -0.6991 -9.990e-29
 148.796696     -0.780   0.291058    14.5747    -1.7806     -0.773     0.1755    -0.6995 -9.990e-29
 148.796701     -0.775   0.292146    14.5720    -1.7802     -0.769     0.1762    -0.6986 -9.990e-29
 148.796707     -0.775   0.293416    14.5580    -1.7807     -0.769     0.1770    -0.6959 -9.990e-29
 148.796713     -0.776   0.293788    14.5319    -1.7822     -0.770     0.1774    -0.6918 -9.990e-29
 148.796719     -0.773   0.293200    14.5007    -1.7844     -0.767     0.1772    -0.6875 -9.990e-29
 148.796725     -0.772   0.292533    14.4765    -1.7868     -0.766     0.1768    -0.6842 -9.990e-29
 148.796730     -0.771   0.292564    14.4658    -1.7886     -0.765     0.1769    -0.6826 -9.990e-29
 148.796736     -0.767   0.293336    14.4683    -1.7913     -0.761     0.1774    -0.6826 -9.990e-29
 148.796742     -0.759   0.294210    14.4790    -1.7932     -0.753     0.1779    -0.6838 -9.990e-29
 148.796748     -0.747   0.294686    14.4895    -1.7946     -0.741     0.1781    -0.6851 -9.990e-29
 148.796753     -0.734   0.294843    14.4909    -1.7964     -0.728     0.1782    -0.6852 -9.990e-29
 148.796759     -0.724   0.294890    14.4752    -1.7978     -0.718     0.1783    -0.6829 -9.990e-29
 148.796765     -0.716   0.294889    14.4400    -1.7981     -0.710     0.1784    -0.6777 -9.990e-29
 148.796771     -0.710   0.294838    14.3903    -1.7981     -0.704     0.1786    -0.6703 -9.990e-29
 148.796777     -0.704   0.294671    14.3346    -1.7977     -0.698     0.1788    -0.6622 -9.990e-29
 148.796782     -0.700   0.294163    14.2774    -1.7978     -0.694     0.1787    -0.6541 -9.990e-29
 148.796788     -0.696   0.293191    14.2205    -1.7981     -0.690     0.1783    -0.6463 -9.990e-29
 148.796794     -0.692   0.292127    14.1694    -1.7974     -0.686     0.1779    -0.6394 -9.990e-29
 148.796800     -0.688   0.291215    14.1255    -1.7972     -0.682     0.1775    -0.6335 -9.990e-29
 148.796806     -0.684   0.290352    14.0866    -1.7967     -0.678     0.1771    -0.6283 -9.990e-29
 148.796811     -0.679   0.289497    14.0573    -1.7963     -0.673     0.1767    -0.6245 -9.990e-29
 148.796817     -0.673   0.288620    14.0421    -1.7959     -0.667     0.1762    -0.6228 -9.990e-29
 148.796823     -0.667   0.287662    14.0381    -1.7947     -0.661     0.1757    -0.6227 -9.990e-29
 148.796829     -0.658   0.286455    14.0390    -1.7939     -0.653     0.1749    -0.6234 -9.990e-29
 148.796834     -0.648   0.285056    14.0399    -1.7932     -0.643     0.1740    -0.6242 -9.990e-29
 148.796840     -0.639   0.283821    14.0424    -1.7929     -0.634     0.1733    -0.6251 -9.990e-29
 148.796846     -0.635   0.282769    14.0497    -1.7939     -0.630     0.1726    -0.6267 -9.990e-29
 148.796852     -0.632   0.281609    14.0599    -1.7954     -0.627     0.1718    -0.6287 -9.990e-29
 148.796858     -0.625   0.280459    14.0712    -1.7970     -0.620     0.1711    -0.6309 -9.990e-29
 148.796863     -0.614   0.279450    14.0842    -1.7971     -0.609     0.1704    -0.6332 -9.990e-29
 148.796869     -0.598   0.278347    14.1008    -1.7971     -0.593     0.1696    -0.6361 -9.990e-29
 148.796875     -0.580   0.277346    14.1210    -1.7971     -0.575     0.1689    -0.6395 -9.990e-29
 148.796881     -0.568   0.276778    14.1399    -1.7971     -0.563     0.1685    -0.6425 -9.990e-29
 148.796887     -0.561   0.276441    14.1524    -1.7975     -0.556     0.1682    -0.6445 -9.990e-29
 148.796892     -0.549   0.275885    14.1523    -1.7974     -0.544     0.1679    -0.6447 -9.990e-29
 148.796898     -0.533   0.274925    14.1356    -1.7969     -0.529     0.1674    -0.6428 -9.990e-29
 148.796904     -0.520   0.273946    14.1081    -1.7966     -0.516     0.1669    -0.6393 -9.990e-29
 148.796910     -0.508   0.273306    14.0832    -1.7973     -0.504     0.1666    -0.6360 -9.990e-29
 148.796916     -0.494   0.272709    14.0699    -1.7972     -0.490     0.1663    -0.6344 -9.990e-29
 148.796921     -0.479   0.271915    14.0649    -1.7963     -0.475     0.1658    -0.6341 -9.990e-29
 148.796927     -0.468   0.271158    14.0626    -1.7955     -0.464     0.1653    -0.6341 -9.990e-29
 148.796933     -0.460   0.270541    14.0603    -1.7948     -0.456     0.1650    -0.6341 -9.990e-29
 148.796939     -0.455   0.269982    14.0586    -1.7939     -0.451     0.1646    -0.6341 -9.990e-29
 148.796944     -0.451   0.269290    14.0605    -1.7937     -0.447     0.1642    -0.6347 -9.990e-29
 148.796950     -0.450   0.268285    14.0654    -1.7937     -0.446     0.1635    -0.6359 -9.990e-29
 148.796956     -0.450   0.267293    14.0679    -1.7940     -0.446     0.1629    -0.6367 -9.990e-29
 148.796962     -0.451   0.266655    14.0677    -1.7949     -0.447     0.1625    -0.6370 -9.990e-29
 148.796968     -0.455   0.266076    14.0727    -1.7957     -0.451     0.1622    -0.6380 -9.990e-29
 148.796973     -0.460   0.265341    14.0867    -1.7956     -0.456     0.1616    -0.6404 -9.990e-29
 148.796979     -0.468   0.264582    14.1050    -1.7959     -0.464     0.1611    -0.6433 -9.990e-29
 148.796985     -0.475   0.263896    14.1232    -1.7966     -0.471     0.1606    -0.6463 -9.990e-29
 148.796991     -0.476   0.263482    14.1381    -1.7972     -0.472     0.1603    -0.6486 -9.990e-29
 148.796997     -0.472   0.263343    14.1462    -1.7982     -0.468     0.1602    -0.6499 -9.990e-29
 148.797002     -0.462   0.263294    14.1462    -1.7987     -0.458     0.1602    -0.6499 -9.990e-29
 148.797008     -0.451   0.263269    14.1383    -1.7993     -0.447     0.1602    -0.6488 -9.990e-29
 148.797014     -0.442   0.263236    14.1244    -1.7991     -0.438     0.1602    -0.6468 -9.990e-29
 148.797020     -0.434   0.263150    14.1108    -1.7984     -0.430     0.1602    -0.6449 -9.990e-29
 148.797025     -0.426   0.262898    14.1008    -1.7973     -0.422     0.1601    -0.6435 -9.990e-29
 148.797031     -0.419   0.262699    14.0902    -1.7958     -0.416     0.1600    -0.6421 -9.990e-29
 148.797037     -0.411   0.262843    14.0757    -1.7945     -0.408     0.1601    -0.6400 -9.990e-29
 148.797043     -0.403   0.262966    14.0583    -1.7934     -0.400     0.1603    -0.6374 -9.990e-29
 148.797049     -0.393   0.262677    14.0406    -1.7930     -0.390     0.1602    -0.6350 -9.990e-29
 148.797054     -0.382   0.262149    14.0263    -1.7927     -0.379     0.1599    -0.6333 -9.990e-29
 148.797060     -0.367   0.261788    14.0195    -1.7923     -0.364     0.1597    -0.6325 -9.990e-29
 148.797066     -0.350   0.261668    14.0242    -1.7919     -0.347     0.1596    -0.6332 -9.990e-29
 148.797072     -0.327   0.261627    14.0411    -1.7916     -0.324     0.1595    -0.6356 -9.990e-29
 148.797078     -0.303   0.261613    14.0671    -1.7918     -0.300     0.1594    -0.6393 -9.990e-29
 148.797083     -0.285   0.261607    14.0980    -1.7919     -0.283     0.1593    -0.6438 -9.990e-29
 148.797089     -0.274   0.261601    14.1281    -1.7917     -0.272     0.1592    -0.6481 -9.990e-29
 148.797095     -0.272   0.261586    14.1524    -1.7911     -0.270     0.1591    -0.6516 -9.990e-29
 148.797101     -0.272   0.261544    14.1693    -1.7900     -0.270     0.1590    -0.6541 -9.990e-29
 148.797106     -0.271   0.261421    14.1814    -1.7892     -0.269     0.1589    -0.6559 -9.990e-29
 148.797112     -0.270   0.261050    14.1919    -1.7883     -0.268     0.1586    -0.6576 -9.990e-29
 148.797118     -0.267   0.260494    14.2007    -1.7876     -0.265     0.1582    -0.6591 -9.990e-29
 148.797124     -0.263   0.260124    14.2061    -1.7872     -0.261     0.1580    -0.6600 -9.990e-29
 148.797130     -0.257   0.260000    14.2080    -1.7864     -0.255     0.1579    -0.6604 -9.990e-29
 148.797135     -0.254   0.259957    14.2103    -1.7856     -0.252     0.1579    -0.6607 -9.990e-29
 148.797141     -0.253   0.259938    14.2179    -1.7844     -0.251     0.1578    -0.6618 -9.990e-29
 148.797147     -0.249   0.259918    14.2331    -1.7834     -0.247     0.1578    -0.6641 -9.990e-29
 148.797153     -0.244   0.259870    14.2542    -1.7832     -0.242     0.1576    -0.6671 -9.990e-29
 148.797159     -0.235   0.259732    14.2770    -1.7834     -0.233     0.1575    -0.6705 -9.990e-29
 148.797164     -0.227   0.259318    14.2984    -1.7837     -0.225     0.1571    -0.6738 -9.990e-29
 148.797170     -0.224   0.258634    14.3170    -1.7839     -0.222     0.1567    -0.6769 -9.990e-29
 148.797176     -0.225   0.257878    14.3346    -1.7835     -0.223     0.1561    -0.6798 -9.990e-29
 148.797182     -0.227   0.257153    14.3546    -1.7827     -0.225     0.1556    -0.6831 -9.990e-29
 148.797188     -0.225   0.256603    14.3774    -1.7822     -0.223     0.1552    -0.6867 -9.990e-29
 148.797193     -0.223   0.256053    14.4014    -1.7820     -0.221     0.1548    -0.6905 -9.990e-29
 148.797199     -0.222   0.255323    14.4211    -1.7830     -0.220     0.1543    -0.6937 -9.990e-29
 148.797205     -0.216   0.254552    14.4305    -1.7835     -0.214     0.1537    -0.6955 -9.990e-29
 148.797211     -0.210   0.253823    14.4310    -1.7839     -0.208     0.1533    -0.6959 -9.990e-29
 148.797216     -0.207   0.253272    14.4286    -1.7840     -0.205     0.1530    -0.6958 -9.990e-29
 148.797222     -0.204   0.252721    14.4294    -1.7835     -0.202     0.1526    -0.6962 -9.990e-29
 148.797228     -0.195   0.251992    14.4370    -1.7829     -0.193     0.1522    -0.6976 -9.990e-29
 148.797234     -0.185   0.251222    14.4485    -1.7824     -0.183     0.1517    -0.6997 -9.990e-29
 148.797240     -0.176   0.250497    14.4572    -1.7820     -0.175     0.1512    -0.7013 -9.990e-29
 148.797245     -0.170   0.249960    14.4570    -1.7816     -0.169     0.1509    -0.7015 -9.990e-29
 148.797251     -0.164   0.249451    14.4474    -1.7813     -0.163     0.1506    -0.7004 -9.990e-29
 148.797257     -0.159   0.248848    14.4357    -1.7811     -0.158     0.1502    -0.6989 -9.990e-29
 148.797263     -0.154   0.248458    14.4284    -1.7809     -0.153     0.1500    -0.6980 -9.990e-29
 148.797269     -0.150   0.248315    14.4286    -1.7805     -0.149     0.1499    -0.6981 -9.990e-29
 148.797274     -0.145   0.248229    14.4364    -1.7800     -0.144     0.1499    -0.6993 -9.990e-29
 148.797280     -0.140   0.248086    14.4485    -1.7798     -0.139     0.1497    -0.7012 -9.990e-29
 148.797286     -0.134   0.247697    14.4613    -1.7799     -0.133     0.1495    -0.7032 -9.990e-29
 148.797292     -0.126   0.247098    14.4730    -1.7797     -0.125     0.1491    -0.7052 -9.990e-29
 148.797297     -0.122   0.246602    14.4831    -1.7794     -0.121     0.1487    -0.7070 -9.990e-29
 148.797303     -0.124   0.246103    14.4915    -1.7788     -0.123     0.1484    -0.7085 -9.990e-29
 148.797309     -0.128   0.245491    14.4987    -1.7789     -0.127     0.1480    -0.7098 -9.990e-29
 148.797315     -0.130   0.245061    14.5060    -1.7790     -0.129     0.1477    -0.7111 -9.990e-29
 148.797321     -0.132   0.244796    14.5149    -1.7790     -0.131     0.1475    -0.7125 -9.990e-29
 148.797326     -0.131   0.244341    14.5237    -1.7793     -0.130     0.1472    -0.7141 -9.990e-29
 148.797332     -0.130   0.243646    14.5296    -1.7793     -0.129     0.1468    -0.7153 -9.990e-29
 148.797338     -0.127   0.242896    14.5334    -1.7788     -0.126     0.1463    -0.7162 -9.990e-29
 148.797344     -0.122   0.242202    14.5384    -1.7783     -0.121     0.1458    -0.7172 -9.990e-29
 148.797350     -0.116   0.241747    14.5461    -1.7784     -0.115     0.1455    -0.7186 -9.990e-29
 148.797355     -0.107   0.241481    14.5535    -1.7793     -0.106     0.1454    -0.7198 -9.990e-29
