data/oxygen options/OCNMS/OCNMS1/raw_data/2015/CAST_CA042_150722faedb.cnv
* Sea-Bird SBE 19 Data File:
* FileName = C:\2015 Mooring Data\Casts\CAST_CA042_150722.hex
* Software Version SeatermAF 2.1.2
* Temperature SN = 2997
* Conductivity SN = 2997
* System UpLoad Time = Jul 22 2015 22:22:53 (localtime) = Jul 22 2015 22:22:53 (UTC)
** CAST_CA042_150722
* ds
# nquan = 9
# nvalues = 42                          
# units = specified
# name 0 = timeJ: Julian Days
# name 1 = prSM: Pressure, Strain Gauge [db]
# name 2 = c0mS/cm: Conductivity [mS/cm]
# name 3 = t090C: Temperature [ITS-90, deg C]
# name 4 = sbeox0ML/L: Oxygen, SBE 43 [ml/l]
# name 5 = depSM: Depth [salt water, m], lat = 47.5
# name 6 = sal00: Salinity, Practical [PSU]
# name 7 = sigma-é00: Density [sigma-theta, kg/m^3]
# name 8 = flag: flag
# span 0 = 203.909216, 203.910194       
# span 1 =      2.000,     43.000       
# span 2 =  34.689976,  40.035198       
# span 3 =     7.8131,    15.1920       
# span 4 =     2.5752,     8.3155       
# span 5 =      1.983,     42.637       
# span 6 =    32.2256,    33.5272       
# span 7 =    23.7929,    26.1451       
# span 8 = 0.0000e+00, 0.0000e+00       
# interval = decibars: 1                
# start_time = Jul 22 2015 21:41:46 [Instrument's time stamp, header]
# bad_flag = -9.990e-29
*END*
 203.909216      2.000  40.035198    15.1920     7.6386      1.983    32.2256    23.7929 0.0000e+00
 203.909254      3.000  39.864537    14.8581     8.2416      2.975    32.3477    23.9584 0.0000e+00
 203.909279      4.000  39.597876    14.4418     8.3155      3.967    32.4520    24.1270 0.0000e+00
 203.909301      5.000  39.440056    14.2196     7.9887      4.958    32.4937    24.2056 0.0000e+00
 203.909324      6.000  39.316738    13.9789     7.5203      5.950    32.5832    24.3244 0.0000e+00
 203.909346      7.000  38.984075    13.5619     7.3916      6.941    32.6285    24.4445 0.0000e+00
 203.909366      8.000  38.844731    13.4037     7.2914      7.933    32.6333    24.4801 0.0000e+00
 203.909388      9.000  38.772082    13.2578     7.1543      8.925    32.6899    24.5530 0.0000e+00
 203.909410     10.000  38.665707    13.1452     7.0863      9.916    32.6864    24.5726 0.0000e+00
 203.909435     11.000  38.572666    13.0987     6.6822     10.908    32.6384    24.5447 0.0000e+00
 203.909459     12.000  38.459417    12.7932     6.2396     11.900    32.7950    24.7258 0.0000e+00
 203.909479     13.000  38.189975    12.4572     6.1658     12.891    32.8304    24.8182 0.0000e+00
 203.909499     14.000  37.999255    12.2245     6.1471     13.883    32.8507    24.8783 0.0000e+00
 203.909523     15.000  37.964185    12.1782     6.0405     14.874    32.8572    24.8921 0.0000e+00
 203.909549     16.000  37.896429    12.0655     5.6653     15.866    32.8906    24.9392 0.0000e+00
 203.909572     17.000  37.729514    11.7961     5.5436     16.858    32.9665    25.0484 0.0000e+00
 203.909594     18.000  37.542248    11.5855     5.7515     17.849    32.9705    25.0903 0.0000e+00
 203.909625     19.000  37.622602    11.6948     5.4158     18.841    32.9515    25.0555 0.0000e+00
 203.909649     20.000  37.451975    11.4571     5.2866     19.832    32.9957    25.1333 0.0000e+00
 203.909669     21.000  37.339297    11.3273     5.0893     20.824    33.0006    25.1607 0.0000e+00
 203.909689     22.000  37.236142    11.1905     5.0189     21.815    33.0211    25.2013 0.0000e+00
 203.909710     23.000  37.117888    11.0498     5.0025     22.807    33.0301    25.2334 0.0000e+00
 203.909734     24.000  37.082169    11.0174     4.8568     23.798    33.0234    25.2340 0.0000e+00
 203.909758     25.000  37.003200    10.8820     4.4972     24.790    33.0666    25.2916 0.0000e+00
 203.909780     26.000  36.852120    10.6687     3.8026     25.781    33.1086    25.3615 0.0000e+00
 203.909802     27.000  36.416392     9.9762     3.5017     26.773    33.3021    25.6304 0.0000e+00
 203.909822     28.000  35.906002     9.4186     3.8453     27.764    33.2951    25.7168 0.0000e+00
 203.909847     29.000  35.956783     9.5820     3.2815     28.756    33.1954    25.6126 0.0000e+00
 203.909873     30.000  35.778050     9.0308     2.7947     29.747    33.5248    25.9583 0.0000e+00
 203.909894     31.000  35.103110     8.4013     3.0657     30.739    33.4115    25.9672 0.0000e+00
 203.909921     32.000  35.191117     8.6531     2.9767     31.730    33.2657    25.8145 0.0000e+00
 203.909947     33.000  35.157646     8.4414     2.7809     32.722    33.4299    25.9755 0.0000e+00
 203.909969     34.000  34.983712     8.2271     2.7568     33.714    33.4490    26.0227 0.0000e+00
 203.909994     35.000  34.974923     8.1889     2.6416     34.705    33.4757    26.0494 0.0000e+00
 203.910016     36.000  34.795530     7.9443     2.6481     35.697    33.5177    26.1185 0.0000e+00
 203.910040     37.000  34.780597     7.9488     2.6424     36.688    33.4969    26.1015 0.0000e+00
 203.910065     38.000  34.734632     7.8769     2.6177     37.680    33.5162    26.1272 0.0000e+00
 203.910089     39.000  34.720550     7.8540     2.6026     38.671    33.5227    26.1355 0.0000e+00
 203.910112     40.000  34.690134     7.8200     2.5932     39.662    33.5222    26.1401 0.0000e+00
 203.910138     41.000  34.692965     7.8237     2.5913     40.654    33.5213    26.1389 0.0000e+00
 203.910166     42.000  34.692490     7.8179     2.5930     41.645    33.5259    26.1433 0.0000e+00
 203.910194     43.000  34.689976     7.8131     2.5752     42.637    33.5272    26.1451 0.0000e+00
