data/oxygen options/OCNMS/OCNMS1/raw_data/2015/CAST_KL050_150529faedb.cnv
* Sea-Bird SBE19 Data File:
* FileName = C:\2015 Mooring Data\Casts\CAST_KL050_150529.hex
* Software Version 1.59
* Temperature SN = 2997
* Conductivity SN = 2997
* System UpLoad Time = May 29 2015 00:27:32
** CAST_KL050_150529
* ds
# nquan = 9
# nvalues = 50                          
# units = specified
# name 0 = timeJ: Julian Days
# name 1 = prSM: Pressure, Strain Gauge [db]
# name 2 = c0mS/cm: Conductivity [mS/cm]
# name 3 = t090C: Temperature [ITS-90, deg C]
# name 4 = sbeox0ML/L: Oxygen, SBE 43 [ml/l]
# name 5 = depSM: Depth [salt water, m], lat = 47.5
# name 6 = sal00: Salinity, Practical [PSU]
# name 7 = sigma-é00: Density [sigma-theta, kg/m^3]
# name 8 = flag: flag
# span 0 = 149.012638, 149.015526       
# span 1 =      1.000,     50.000       
# span 2 =  30.956119,  36.927838       
# span 3 =     7.7237,    12.1478       
# span 4 =    -1.5447,     8.9770       
# span 5 =      0.992,     49.577       
# span 6 =    26.3630,    33.5639       
# span 7 =    19.8897,    26.1867       
# span 8 = 0.0000e+00, 0.0000e+00       
# interval = decibars: 1                
# start_time = May 29 2015 00:13:48 [Instrument's time stamp, header]
# bad_flag = -9.990e-29
*END*
 149.012638      1.000  30.956119    12.0262    -1.5447      0.992    26.3630    19.8897 0.0000e+00
 149.013849      2.000  35.250410    12.0735     5.8029      1.983    30.3721    22.9857 0.0000e+00
 149.014325      3.000  36.871928    12.0928     8.5973      2.975    31.8845    24.1533 0.0000e+00
 149.014359      4.000  36.894311    12.1181     8.5705      3.967    31.8841    24.1483 0.0000e+00
 149.014395      5.000  36.927838    12.1478     8.5668      4.958    31.8905    24.1477 0.0000e+00
 149.014431      6.000  36.914817    12.1285     8.6365      5.950    31.8941    24.1542 0.0000e+00
 149.014466      7.000  36.837614    12.0078     8.6987      6.942    31.9225    24.1987 0.0000e+00
 149.014499      8.000  36.507612    11.5813     8.8514      7.933    31.9688    24.3126 0.0000e+00
 149.014528      9.000  36.280381    11.2653     8.8513      8.925    32.0200    24.4092 0.0000e+00
 149.014554     10.000  36.185808    11.0832     8.9770      9.916    32.0851    24.4921 0.0000e+00
 149.014579     11.000  36.168844    11.0056     8.8000     10.908    32.1358    24.5452 0.0000e+00
 149.014603     12.000  36.162443    10.8608     8.4074     11.899    32.2562    24.6642 0.0000e+00
 149.014626     13.000  36.093346    10.5582     7.8716     12.891    32.4548    24.8712 0.0000e+00
 149.014650     14.000  35.994492    10.3525     6.8985     13.883    32.5391    24.9719 0.0000e+00
 149.014674     15.000  35.712816     9.9699     6.1864     14.874    32.5982    25.0822 0.0000e+00
 149.014698     16.000  35.577514     9.7452     5.6098     15.866    32.6636    25.1702 0.0000e+00
 149.014721     17.000  35.346369     9.4572     5.6224     16.857    32.6885    25.2365 0.0000e+00
 149.014745     18.000  35.221968     9.2467     5.5135     17.849    32.7525    25.3201 0.0000e+00
 149.014767     19.000  35.117836     9.1250     4.8630     18.840    32.7562    25.3422 0.0000e+00
 149.014789     20.000  35.007857     8.9146     4.2854     19.832    32.8355    25.4371 0.0000e+00
 149.014809     21.000  34.867493     8.6742     4.1948     20.824    32.9113    25.5336 0.0000e+00
 149.014829     22.000  34.844107     8.6090     4.0644     21.815    32.9470    25.5715 0.0000e+00
 149.014851     23.000  34.827789     8.5282     3.8461     22.807    33.0049    25.6291 0.0000e+00
 149.014874     24.000  34.773243     8.4097     3.7241     23.798    33.0580    25.6886 0.0000e+00
 149.014897     25.000  34.734892     8.3453     3.4759     24.790    33.0776    25.7136 0.0000e+00
 149.014918     26.000  34.731339     8.3118     3.3814     25.781    33.1048    25.7400 0.0000e+00
 149.014940     27.000  34.744031     8.3000     3.2897     26.773    33.1289    25.7607 0.0000e+00
 149.014965     28.000  34.736512     8.2580     3.1039     27.765    33.1601    25.7914 0.0000e+00
 149.014989     29.000  34.739491     8.2362     2.7812     28.756    33.1834    25.8129 0.0000e+00
 149.015013     30.000  34.747061     8.2061     2.3339     29.748    33.2194    25.8457 0.0000e+00
 149.015037     31.000  34.756758     8.1269     2.1530     30.739    33.3044    25.9241 0.0000e+00
 149.015061     32.000  34.765859     8.1051     2.0488     31.730    33.3344    25.9509 0.0000e+00
 149.015085     33.000  34.774991     8.0954     1.9875     32.722    33.3529    25.9668 0.0000e+00
 149.015111     34.000  34.784491     8.0919     1.8588     33.713    33.3658    25.9775 0.0000e+00
 149.015137     35.000  34.783748     8.0544     1.8632     34.705    33.4003    26.0101 0.0000e+00
 149.015161     36.000  34.781141     8.0362     1.8958     35.696    33.4145    26.0239 0.0000e+00
 149.015185     37.000  34.778176     8.0218     1.8896     36.688    33.4245    26.0339 0.0000e+00
 149.015208     38.000  34.779583     8.0177     1.8860     37.679    33.4295    26.0385 0.0000e+00
 149.015232     39.000  34.778544     8.0099     1.9062     38.671    33.4354    26.0442 0.0000e+00
 149.015260     40.000  34.777378     8.0067     1.9308     39.662    33.4367    26.0457 0.0000e+00
 149.015295     41.000  34.770030     7.9788     2.2694     40.654    33.4550    26.0642 0.0000e+00
 149.015316     42.000  34.714997     7.8558     2.3820     41.645    33.5136    26.1282 0.0000e+00
 149.015340     43.000  34.678106     7.7897     2.3669     42.637    33.5371    26.1562 0.0000e+00
 149.015371     44.000  34.669600     7.7581     2.3656     43.628    33.5578    26.1771 0.0000e+00
 149.015399     45.000  34.663711     7.7510     2.3766     44.620    33.5578    26.1782 0.0000e+00
 149.015426     46.000  34.657106     7.7382     2.3883     45.611    33.5626    26.1837 0.0000e+00
 149.015449     47.000  34.652253     7.7309     2.3992     46.602    33.5639    26.1858 0.0000e+00
 149.015474     48.000  34.651586     7.7296     2.3998     47.594    33.5639    26.1861 0.0000e+00
 149.015499     49.000  34.647541     7.7247     2.4004     48.585    33.5639    26.1867 0.0000e+00
 149.015526     50.000  34.646376     7.7237     2.4013     49.577    33.5631    26.1863 0.0000e+00
