data/oxygen options/OCNMS/OCNMS1/raw_data/2015/CAST_KL027_150528faed.cnv
* Sea-Bird SBE19 Data File:
* FileName = C:\2015 Mooring Data\Casts\CAST_KL027_150528.hex
* Software Version 1.59
* Temperature SN = 2997
* Conductivity SN = 2997
* System UpLoad Time = May 28 2015 18:33:57
** CAST_KL027_150528
* ds
# nquan = 9                                 
# nvalues = 1127                        
# units = specified
# name 0 = timeJ: Julian Days
# name 1 = prSM: Pressure, Strain Gauge [db]
# name 2 = c0mS/cm: Conductivity [mS/cm]
# name 3 = t090C: Temperature [ITS-90, deg C]
# name 4 = sbeox0ML/L: Oxygen, SBE 43 [ml/l]
# name 5 = depSM: Depth [salt water, m], lat = 47.5
# name 6 = sal00: Salinity, Practical [PSU]
# name 7 = sigma-é00: Density [sigma-theta, kg/m^3]
# name 8 = flag: flag
# span 0 = 148.761053, 148.767569       
# span 1 =     -4.911,     28.628       
# span 2 =   0.056160,  37.524494       
# span 3 =     8.1221,    13.2912       
# span 4 =    -9.9510,    16.6857       
# span 5 =     -4.870,     28.387       
# span 6 =     0.0367,    33.2951       
# span 7 =    -0.5719,    25.9173       
# span 8 = 0.0000e+00, 0.0000e+00       
# interval = seconds: 0.5
# start_time = May 28 2015 18:15:55 [Instrument's time stamp, header]
# bad_flag = -9.990e-29
*END*
[from data line 801]
 148.765689      9.425  35.420328     9.4773     4.9011      9.346    32.7496    25.2808 0.0000e+00
 148.765694      9.647  35.384225     9.4113     4.8498      9.566    32.7727    25.3095 0.0000e+00
 148.765700      9.876  35.328592     9.3369     4.8099      9.793    32.7835    25.3299 0.0000e+00
 148.765706     10.110  35.266501     9.2666     4.7368     10.025    32.7838    25.3413 0.0000e+00
 148.765712     10.345  35.205206     9.2145     4.5946     10.258    32.7682    25.3374 0.0000e+00
 148.765718     10.581  35.153583     9.1846     4.3991     10.492    32.7422    25.3217 0.0000e+00
 148.765723     10.814  35.128360     9.1627     4.2113     10.723    32.7361    25.3204 0.0000e+00
 148.765729     11.048  35.127097     9.1262     4.0493     10.956    32.7682    25.3513 0.0000e+00
 148.765735     11.287  35.114287     9.0593     3.9422     11.192    32.8165    25.3995 0.0000e+00
 148.765741     11.535  35.061454     8.9644     3.8795     11.438    32.8491    25.4399 0.0000e+00
 148.765747     11.790  34.976995     8.8624     3.8360     11.691    32.8553    25.4606 0.0000e+00
 148.765752     12.051  34.892710     8.7818     3.8084     11.950    32.8419    25.4625 0.0000e+00
 148.765758     12.318  34.828853     8.7344     3.7854     12.215    32.8189    25.4518 0.0000e+00
 148.765764     12.590  34.784709     8.7086     3.7645     12.485    32.7965    25.4382 0.0000e+00
 148.765770     12.869  34.756705     8.6841     3.7541     12.761    32.7897    25.4367 0.0000e+00
 148.765775     13.154  34.738698     8.6448     3.7549     13.044    32.8072    25.4563 0.0000e+00
 148.765781     13.442  34.722747     8.5935     3.7550     13.329    32.8380    25.4882 0.0000e+00
 148.765787     13.730  34.705331     8.5476     3.7526     13.615    32.8623    25.5142 0.0000e+00
 148.765793     14.019  34.688817     8.5193     3.7373     13.902    32.8711    25.5254 0.0000e+00
 148.765799     14.306  34.678456     8.5068     3.6968     14.186    32.8717    25.5278 0.0000e+00
 148.765804     14.588  34.677615     8.4985     3.6621     14.466    32.8784    25.5343 0.0000e+00
 148.765810     14.866  34.682738     8.4857     3.6284     14.741    32.8957    25.5497 0.0000e+00
 148.765816     15.141  34.683094     8.4665     3.6050     15.014    32.9138    25.5669 0.0000e+00
 148.765822     15.412  34.675051     8.4423     3.5871     15.283    32.9278    25.5815 0.0000e+00
 148.765828     15.680  34.662830     8.4165     3.5770     15.549    32.9389    25.5941 0.0000e+00
 148.765833     15.950  34.650125     8.3930     3.5473     15.816    32.9474    25.6042 0.0000e+00
 148.765839     16.229  34.639983     8.3750     3.4802     16.093    32.9534    25.6117 0.0000e+00
 148.765845     16.519  34.633267     8.3641     3.3686     16.380    32.9564    25.6156 0.0000e+00
 148.765851     16.812  34.629239     8.3592     3.2135     16.671    32.9566    25.6165 0.0000e+00
 148.765856     17.105  34.627385     8.3545     3.0532     16.962    32.9589    25.6190 0.0000e+00
 148.765862     17.400  34.627286     8.3413     2.9026     17.254    32.9710    25.6305 0.0000e+00
 148.765868     17.698  34.629186     8.3160     2.7735     17.550    32.9966    25.6544 0.0000e+00
 148.765874     17.997  34.637116     8.2827     2.6633     17.846    33.0362    25.6904 0.0000e+00
 148.765880     18.291  34.653054     8.2488     2.5744     18.138    33.0848    25.7336 0.0000e+00
 148.765885     18.581  34.670595     8.2241     2.5055     18.425    33.1266    25.7700 0.0000e+00
 148.765891     18.872  34.687152     8.2158     2.4330     18.714    33.1519    25.7911 0.0000e+00
 148.765897     19.162  34.704429     8.2189     2.3561     19.001    33.1671    25.8026 0.0000e+00
 148.765903     19.448  34.719490     8.2229     2.2765     19.285    33.1792    25.8115 0.0000e+00
 148.765909     19.730  34.731488     8.2237     2.2145     19.564    33.1911    25.8207 0.0000e+00
 148.765914     20.010  34.741663     8.2226     2.1879     19.842    33.2028    25.8300 0.0000e+00
 148.765920     20.288  34.749944     8.2209     2.1870     20.118    33.2130    25.8383 0.0000e+00
 148.765926     20.566  34.758216     8.2195     2.1898     20.393    33.2230    25.8464 0.0000e+00
 148.765932     20.838  34.765552     8.2189     2.1925     20.663    33.2312    25.8529 0.0000e+00
 148.765938     21.102  34.769214     8.2184     2.2026     20.925    33.2355    25.8563 0.0000e+00
 148.765943     21.364  34.770190     8.2153     2.1998     21.185    33.2393    25.8598 0.0000e+00
 148.765949     21.634  34.770244     8.2096     2.2029     21.452    33.2447    25.8648 0.0000e+00
 148.765955     21.908  34.770104     8.2054     2.1979     21.724    33.2484    25.8684 0.0000e+00
 148.765961     22.180  34.770048     8.2044     2.1855     21.994    33.2491    25.8691 0.0000e+00
 148.765966     22.451  34.770124     8.2034     2.1659     22.262    33.2500    25.8700 0.0000e+00
 148.765972     22.723  34.769828     8.2007     2.1452     22.532    33.2521    25.8720 0.0000e+00
 148.765978     22.993  34.768723     8.1973     2.1190     22.800    33.2541    25.8741 0.0000e+00
 148.765984     23.264  34.766971     8.1927     2.1068     23.069    33.2564    25.8766 0.0000e+00
 148.765990     23.534  34.763875     8.1830     2.0994     23.336    33.2622    25.8826 0.0000e+00
 148.765995     23.804  34.757503     8.1685     2.0834     23.604    33.2691    25.8901 0.0000e+00
 148.766001     24.073  34.749405     8.1549     2.0868     23.871    33.2732    25.8954 0.0000e+00
 148.766007     24.347  34.744435     8.1452     2.0886     24.142    33.2770    25.8998 0.0000e+00
 148.766013     24.634  34.742645     8.1379     2.0918     24.427    33.2819    25.9047 0.0000e+00
 148.766019     24.931  34.741045     8.1326     2.0934     24.721    33.2851    25.9080 0.0000e+00
 148.766024     25.223  34.739135     8.1304     2.0926     25.011    33.2850    25.9083 0.0000e+00
 148.766030     25.502  34.737687     8.1303     2.0935     25.288    33.2834    25.9071 0.0000e+00
 148.766036     25.773  34.736966     8.1302     2.0945     25.556    33.2826    25.9065 0.0000e+00
 148.766042     26.040  34.736526     8.1289     2.0936     25.821    33.2833    25.9072 0.0000e+00
 148.766047     26.301  34.735737     8.1267     2.0965     26.080    33.2844    25.9084 0.0000e+00
 148.766053     26.552  34.734624     8.1247     2.0945     26.329    33.2850    25.9091 0.0000e+00
 148.766059     26.803  34.734463     8.1240     2.0836     26.578    33.2854    25.9095 0.0000e+00
 148.766065     27.052  34.735556     8.1251     2.0697     26.824    33.2854    25.9094 0.0000e+00
 148.766071     27.290  34.736512     8.1272     2.0545     27.060    33.2843    25.9082 0.0000e+00
 148.766076     27.509  34.736877     8.1287     2.0505     27.278    33.2832    25.9071 0.0000e+00
 148.766082     27.707  34.737096     8.1289     2.0376     27.474    33.2831    25.9070 0.0000e+00
 148.766088     27.883  34.737417     8.1288     2.0352     27.648    33.2835    25.9073 0.0000e+00
 148.766094     28.041  34.738225     8.1295     2.0345     27.805    33.2836    25.9073 0.0000e+00
 148.766100     28.181  34.739995     8.1304     2.0406     27.944    33.2845    25.9080 0.0000e+00
 148.766105     28.308  34.742800     8.1311     2.0515     28.070    33.2868    25.9096 -9.990e-29
 148.766111     28.422  34.745290     8.1315     2.0561     28.183    33.2890    25.9113 -9.990e-29
 148.766117     28.513  34.746258     8.1309     2.0732     28.273    33.2906    25.9126 -9.990e-29
 148.766123     28.578  34.746392     8.1293     2.0765     28.338    33.2922    25.9141 -9.990e-29
 148.766128     28.617  34.746386     8.1279     2.0832     28.376    33.2935    25.9154 -9.990e-29
 148.766134     28.628  34.746749     8.1273     2.0885     28.387    33.2945    25.9162 -9.990e-29
 148.766140     28.612  34.747363     8.1273     2.0838     28.371    33.2951    25.9167 -9.990e-29
 148.766146     28.567  34.747320     8.1276     2.0823     28.327    33.2948    25.9164 -9.990e-29
 148.766152     28.496  34.746522     8.1277     2.0777     28.256    33.2939    25.9157 -9.990e-29
 148.766157     28.403  34.745542     8.1276     2.0747     28.164    33.2930    25.9150 -9.990e-29
 148.766163     28.293  34.744714     8.1271     2.0816     28.055    33.2927    25.9148 -9.990e-29
 148.766169     28.178  34.743452     8.1257     2.0761     27.941    33.2927    25.9150 -9.990e-29
 148.766175     28.063  34.741713     8.1242     2.0813     27.827    33.2923    25.9150 -9.990e-29
 148.766181     27.944  34.740499     8.1241     2.0814     27.709    33.2912    25.9141 -9.990e-29
 148.766186     27.824  34.740392     8.1249     2.0799     27.590    33.2904    25.9133 -9.990e-29
 148.766192     27.710  34.741208     8.1252     2.0814     27.477    33.2910    25.9138 -9.990e-29
 148.766198     27.606  34.742309     8.1245     2.0713     27.374    33.2929    25.9154 -9.990e-29
 148.766204     27.503  34.742880     8.1231     2.0628     27.272    33.2949    25.9171 -9.990e-29
 148.766209     27.400  34.741958     8.1221     2.0541     27.170    33.2949    25.9173 -9.990e-29
 148.766215     27.298  34.739955     8.1221     2.0541     27.068    33.2928    25.9156 -9.990e-29
 148.766221     27.197  34.738639     8.1229     2.0588     26.968    33.2907    25.9139 -9.990e-29
 148.766227     27.092  34.738456     8.1234     2.0564     26.864    33.2901    25.9133 -9.990e-29
 148.766233     26.991  34.738558     8.1232     2.0579     26.764    33.2904    25.9136 -9.990e-29
 148.766238     26.900  34.738480     8.1230     2.0647     26.674    33.2906    25.9137 -9.990e-29
 148.766244     26.814  34.738637     8.1233     2.0678     26.588    33.2905    25.9136 -9.990e-29
 148.766250     26.717  34.739195     8.1233     2.0709     26.492    33.2911    25.9141 -9.990e-29
 148.766256     26.605  34.739733     8.1230     2.0763     26.381    33.2920    25.9149 -9.990e-29
 148.766262     26.478  34.740365     8.1228     2.0747     26.255    33.2930    25.9157 0.0000e+00
 148.766267     26.341  34.741329     8.1228     2.0745     26.119    33.2941    25.9165 0.0000e+00
 148.766273     26.203  34.742187     8.1230     2.0799     25.983    33.2948    25.9171 0.0000e+00
 148.766279     26.063  34.742360     8.1235     2.0713     25.844    33.2946    25.9168 0.0000e+00
 148.766285     25.917  34.742038     8.1241     2.0765     25.699    33.2938    25.9161 0.0000e+00
 148.766291     25.768  34.741871     8.1246     2.0693     25.551    33.2932    25.9156 0.0000e+00
 148.766296     25.624  34.741593     8.1250     2.0590     25.409    33.2926    25.9150 0.0000e+00
 148.766302     25.488  34.741353     8.1255     2.0657     25.274    33.2919    25.9144 0.0000e+00
 148.766308     25.357  34.741910     8.1258     2.0722     25.144    33.2923    25.9147 0.0000e+00
 148.766314     25.227  34.742283     8.1262     2.0852     25.015    33.2924    25.9147 0.0000e+00
 148.766319     25.096  34.742366     8.1267     2.0952     24.885    33.2920    25.9143 0.0000e+00
 148.766325     24.967  34.743346     8.1273     2.1131     24.757    33.2926    25.9147 0.0000e+00
 148.766331     24.839  34.744808     8.1292     2.1267     24.630    33.2924    25.9142 0.0000e+00
 148.766337     24.712  34.745854     8.1326     2.1391     24.504    33.2903    25.9121 0.0000e+00
 148.766343     24.587  34.746716     8.1368     2.1414     24.380    33.2873    25.9091 -9.990e-29
 148.766348     24.464  34.748501     8.1420     2.1373     24.258    33.2843    25.9060 -9.990e-29
 148.766354     24.345  34.751306     8.1482     2.1365     24.140    33.2815    25.9029 -9.990e-29
 148.766360     24.226  34.753785     8.1540     2.1508     24.022    33.2787    25.8998 -9.990e-29
 148.766366     24.104  34.755838     8.1580     2.1436     23.901    33.2771    25.8980 -9.990e-29
 148.766372     23.984  34.757358     8.1593     2.1370     23.782    33.2776    25.8981 -9.990e-29
 148.766377     23.871  34.757526     8.1592     2.1429     23.670    33.2779    25.8984 -9.990e-29
 148.766383     23.761  34.757646     8.1597     2.1383     23.561    33.2776    25.8981 -9.990e-29
 148.766389     23.649  34.758398     8.1601     2.1552     23.450    33.2781    25.8984 -9.990e-29
 148.766395     23.532  34.758497     8.1601     2.1620     23.334    33.2782    25.8985 -9.990e-29
 148.766400     23.409  34.758033     8.1609     2.1641     23.212    33.2770    25.8975 -9.990e-29
 148.766406     23.283  34.758589     8.1627     2.1694     23.087    33.2760    25.8964 0.0000e+00
 148.766412     23.153  34.760301     8.1662     2.1632     22.958    33.2745    25.8947 0.0000e+00
 148.766418     23.021  34.762608     8.1715     2.1720     22.828    33.2720    25.8920 0.0000e+00
 148.766424     22.886  34.765180     8.1765     2.1775     22.694    33.2701    25.8897 0.0000e+00
 148.766429     22.748  34.767482     8.1796     2.1829     22.557    33.2696    25.8889 0.0000e+00
 148.766435     22.611  34.769737     8.1812     2.1953     22.421    33.2706    25.8894 0.0000e+00
 148.766441     22.480  34.771546     8.1825     2.1974     22.291    33.2713    25.8898 0.0000e+00
 148.766447     22.349  34.772479     8.1842     2.1942     22.161    33.2708    25.8891 0.0000e+00
 148.766453     22.216  34.773177     8.1863     2.1948     22.029    33.2696    25.8879 0.0000e+00
 148.766458     22.080  34.773967     8.1881     2.1886     21.895    33.2688    25.8870 0.0000e+00
 148.766464     21.942  34.774738     8.1898     2.1926     21.758    33.2681    25.8861 0.0000e+00
 148.766470     21.801  34.775356     8.1913     2.1995     21.618    33.2674    25.8854 0.0000e+00
 148.766476     21.660  34.775482     8.1914     2.2051     21.478    33.2675    25.8854 0.0000e+00
 148.766481     21.529  34.775242     8.1906     2.2190     21.348    33.2680    25.8860 -9.990e-29
 148.766487     21.407  34.775394     8.1905     2.2521     21.227    33.2683    25.8862 -9.990e-29
 148.766493     21.287  34.776101     8.1918     2.3107     21.108    33.2679    25.8857 -9.990e-29
 148.766499     21.160  34.777141     8.1939     2.3790     20.982    33.2671    25.8847 0.0000e+00
 148.766505     21.023  34.777615     8.1956     2.4614     20.846    33.2660    25.8837 0.0000e+00
 148.766510     20.881  34.776431     8.1967     2.5351     20.706    33.2638    25.8818 0.0000e+00
 148.766516     20.741  34.773649     8.1974     2.6049     20.567    33.2603    25.8789 0.0000e+00
 148.766522     20.608  34.768324     8.1973     2.6756     20.435    33.2548    25.8746 0.0000e+00
 148.766528     20.476  34.760601     8.1967     2.7650     20.304    33.2472    25.8687 0.0000e+00
 148.766534     20.342  34.752472     8.1968     2.8582     20.171    33.2385    25.8619 0.0000e+00
 148.766539     20.211  34.744268     8.1983     2.9484     20.041    33.2284    25.8538 0.0000e+00
 148.766545     20.082  34.736780     8.2021     3.0426     19.913    33.2169    25.8442 0.0000e+00
 148.766551     19.947  34.729512     8.2097     3.1216     19.780    33.2021    25.8314 0.0000e+00
 148.766557     19.807  34.720018     8.2190     3.1993     19.641    33.1833    25.8153 0.0000e+00
 148.766562     19.665  34.708493     8.2261     3.2732     19.500    33.1644    25.7994 0.0000e+00
 148.766568     19.521  34.696907     8.2324     3.3423     19.357    33.1462    25.7842 0.0000e+00
 148.766574     19.378  34.686589     8.2430     3.4009     19.215    33.1253    25.7662 0.0000e+00
 148.766580     19.241  34.676076     8.2595     3.4635     19.080    33.0987    25.7429 0.0000e+00
 148.766586     19.104  34.664763     8.2769     3.5069     18.944    33.0704    25.7181 0.0000e+00
 148.766591     18.963  34.657144     8.2901     3.5274     18.804    33.0500    25.7001 0.0000e+00
 148.766597     18.823  34.653113     8.2985     3.5482     18.665    33.0379    25.6894 0.0000e+00
 148.766603     18.687  34.647818     8.3020     3.5503     18.530    33.0290    25.6819 0.0000e+00
