data/oxygen options/OCNMS/OCNMS1/raw_data/2015/CAST_CA042_150827faed.cnv
* Sea-Bird SBE19 Data File:
* FileName = C:\2015 Mooring Data\Casts\CAST_CA042_150827.hex
* Software Version 1.59
* Temperature SN = 2997
* Conductivity SN = 2997
* System UpLoad Time = Aug 27 2015 22:45:56
** CAST_CA042_150827
* ds
# nquan = 9                                 
# nvalues = 1178                        
# units = specified
# name 0 = timeJ: Julian Days
# name 1 = prSM: Pressure, Strain Gauge [db]
# name 2 = c0mS/cm: Conductivity [mS/cm]
# name 3 = t090C: Temperature [ITS-90, deg C]
# name 4 = sbeox0ML/L: Oxygen, SBE 43 [ml/l]
# name 5 = depSM: Depth [salt water, m], lat = 47.5
# name 6 = sal00: Salinity, Practical [PSU]
# name 7 = sigma-é00: Density [sigma-theta, kg/m^3]
# name 8 = flag: flag
# span 0 = 239.900336, 239.907147       
# span 1 =     -5.236,     43.092       
# span 2 =   0.489812,  40.304908       
# span 3 =     8.0623,    16.9349       
# span 4 =    -1.7062,    10.6814       
# span 5 =     -5.192,     42.728       
# span 6 =     0.2829,    33.2091       
# span 7 =    -0.9876,    25.8586       
# span 8 = 0.0000e+00, 0.0000e+00       
# interval = seconds: 0.5
# start_time = Aug 27 2015 21:36:29 [Instrument's time stamp, header]
# bad_flag = -9.990e-29
*END*
[from data line 1121]
 239.906823      5.501  35.969744    10.2235     4.8322      5.455    32.6336    25.0673 -9.990e-29
 239.906829      5.398  35.986190    10.2360     4.8387      5.353    32.6390    25.0694 -9.990e-29
 239.906834      5.288  35.988068    10.2439     4.8479      5.244    32.6338    25.0640 -9.990e-29
 239.906840      5.165  35.982930    10.2557     4.8635      5.122    32.6181    25.0498 -9.990e-29
 239.906846      5.025  35.980179    10.2711     4.9127      4.983    32.6015    25.0343 0.0000e+00
 239.906852      4.872  35.982312    10.2886     4.9768      4.831    32.5880    25.0208 0.0000e+00
 239.906858      4.714  35.988813    10.3054     5.0333      4.675    32.5796    25.0113 0.0000e+00
 239.906863      4.556  36.002749    10.3193     5.0881      4.518    32.5812    25.0102 0.0000e+00
 239.906869      4.403  36.017486    10.3316     5.1484      4.366    32.5850    25.0111 0.0000e+00
 239.906875      4.253  36.028575    10.3490     5.2477      4.217    32.5806    25.0048 0.0000e+00
 239.906881      4.109  36.051365    10.3881     5.3468      4.075    32.5685    24.9887 0.0000e+00
 239.906887      3.975  36.116807    10.4691     5.4454      3.942    32.5617    24.9696 -9.990e-29
 239.906892      3.852  36.225846    10.5805     5.5338      3.820    32.5714    24.9580 -9.990e-29
 239.906898      3.738  36.321545    10.6848     5.5646      3.707    32.5738    24.9419 -9.990e-29
 239.906904      3.628  36.369538    10.7811     5.6309      3.598    32.5359    24.8956 -9.990e-29
 239.906910      3.507  36.411419    10.8940     5.7194      3.478    32.4773    24.8303 -9.990e-29
 239.906916      3.370  36.499121    11.0335     5.7902      3.342    32.4408    24.7774 0.0000e+00
 239.906921      3.230  36.624599    11.1757     5.8291      3.203    32.4392    24.7509 0.0000e+00
 239.906927      3.095  36.725366    11.2732     5.8652      3.069    32.4525    24.7439 0.0000e+00
 239.906933      2.962  36.762599    11.3342     5.8795      2.937    32.4355    24.7197 0.0000e+00
 239.906939      2.821  36.781488    11.4026     5.9294      2.797    32.3940    24.6752 0.0000e+00
 239.906944      2.673  36.848711    11.5039     5.9748      2.651    32.3711    24.6391 0.0000e+00
 239.906950      2.529  37.001774    11.6477     5.9764      2.508    32.3948    24.6313 0.0000e+00
 239.906956      2.397  37.273239    11.8023     5.9492      2.377    32.5236    24.7030 -9.990e-29
 239.906962      2.273  37.539592    11.9555     5.8969      2.254    32.6478    24.7710 -9.990e-29
 239.906968      2.149  37.666577    12.1433     5.8741      2.131    32.6063    24.7037 -9.990e-29
 239.906973      2.022  37.743371    12.3542     5.8506      2.005    32.4967    24.5789 0.0000e+00
 239.906979      1.896  37.846040    12.5410     5.7757      1.880    32.4334    24.4942 -9.990e-29
 239.906985      1.777  37.970780    12.6723     5.6477      1.762    32.4391    24.4734 -9.990e-29
 239.906991      1.665  38.112946    12.7513     5.5516      1.651    32.5063    24.5102 -9.990e-29
 239.906997      1.561  38.214854    12.8188     5.5197      1.548    32.5449    24.5269 -9.990e-29
 239.907002      1.463  38.206619    12.9067     6.1525      1.451    32.4615    24.4453 -9.990e-29
 239.907008      1.366  38.180443    13.0760     6.4913      1.355    32.2921    24.2810 -9.990e-29
 239.907014      1.267  38.274137    13.3588     6.3464      1.256    32.1403    24.1077 -9.990e-29
 239.907020      1.172  38.429834    13.6385     6.2389      1.162    32.0503    23.9821 -9.990e-29
 239.907025      1.090  38.500208    13.8024     6.1402      1.081    31.9786    23.8936 -9.990e-29
 239.907031      1.017  38.422708    13.8679     6.1173      1.009    31.8525    23.7829 -9.990e-29
 239.907037      0.955  38.220791    13.8906     6.1430      0.947    31.6476    23.6201 -9.990e-29
 239.907043      0.908  37.885444    13.8993     6.1476      0.900    31.3316    23.3744 -9.990e-29
 239.907049      0.877  37.191592    13.9024     6.1696      0.870    30.6916    22.8799 -9.990e-29
 239.907054      0.856  35.333529    13.8999     6.1899      0.849    28.9955    21.5721 -9.990e-29
 239.907060      0.839  29.885983    13.8925     6.1680      0.832    24.0993    17.8018 -9.990e-29
 239.907066      0.830  20.373028    13.8823     6.1796      0.823    15.8362    11.4511 -9.990e-29
 239.907072      0.827  11.809387    13.8718     6.2037      0.820     8.7639     6.0206 -9.990e-29
 239.907078      0.827   7.586993    13.8658     6.1721      0.820     5.4436     3.4687 -9.990e-29
 239.907083      0.830   6.022048    13.8662     6.1821      0.823     4.2503     2.5499 -9.990e-29
 239.907089      0.830   5.348295    13.8671     6.2266      0.823     3.7442     2.1598 -9.990e-29
 239.907095      0.830   4.915998    13.8614 -9.990e-29      0.823     3.4227     1.9128 -9.990e-29
 239.907101      0.831   4.552405    13.8493 -9.990e-29      0.824     3.1546     1.7078 -9.990e-29
 239.907106      0.832   4.385424    13.8347 -9.990e-29      0.825     3.0326     1.6159 -9.990e-29
 239.907112      0.826   4.351992    13.8227 -9.990e-29      0.819     3.0090     1.5994 -9.990e-29
 239.907118      0.819   4.502596    13.8186 -9.990e-29      0.812     3.1203     1.6858 -9.990e-29
 239.907124      0.813   4.809507    13.8236 -9.990e-29      0.806     3.3470     1.8599 -9.990e-29
 239.907130      0.809   4.955271    13.8361 -9.990e-29      0.802     3.4541     1.9407 -9.990e-29
 239.907135      0.806   5.027519    13.8507 -9.990e-29      0.799     3.5065     1.9790 -9.990e-29
 239.907141      0.805   5.198174    13.8576 -9.990e-29      0.798     3.6330     2.0755 -9.990e-29
 239.907147      0.804   5.182084 -9.990e-29 -9.990e-29      0.797 -9.990e-29 -9.990e-29 -9.990e-29
