data/oxygen options/OCNMS/OCNMS1/raw_data/2015/CAST_MB015_150827faed.cnv
* Sea-Bird SBE19 Data File:
* FileName = C:\2015 Mooring Data\Casts\CAST_MB015_150827.hex
* Software Version 1.59
* Temperature SN = 2997
* Conductivity SN = 2997
* System UpLoad Time = Aug 27 2015 20:28:24
** CAST_MB015_150827
* ds
# nquan = 9                                 
# nvalues = 814                         
# units = specified
# name 0 = timeJ: Julian Days
# name 1 = prSM: Pressure, Strain Gauge [db]
# name 2 = c0mS/cm: Conductivity [mS/cm]
# name 3 = t090C: Temperature [ITS-90, deg C]
# name 4 = sbeox0ML/L: Oxygen, SBE 43 [ml/l]
# name 5 = depSM: Depth [salt water, m], lat = 47.5
# name 6 = sal00: Salinity, Practical [PSU]
# name 7 = sigma-é00: Density [sigma-theta, kg/m^3]
# name 8 = flag: flag
# span 0 = 239.823715, 239.828420       
# span 1 =     -0.944,     16.349       
# span 2 =   0.563951,  39.982053       
# span 3 =    10.1451,    16.4394       
# span 4 =    -1.7309,     9.8499       
# span 5 =     -0.936,     16.212       
# span 6 =     0.3338,    33.2985       
# span 7 =    -0.8448,    25.2927       
# span 8 = 0.0000e+00, 0.0000e+00       
# interval = seconds: 0.5
# start_time = Aug 27 2015 19:46:09 [Instrument's time stamp, header]
# bad_flag = -9.990e-29
*END*
[from data line 481]
 239.826499      1.812  39.243269    13.8569     5.6934      1.797    32.6202    24.3781 -9.990e-29
 239.826505      1.816  39.242160    13.8575     5.7136      1.801    32.6187    24.3767 -9.990e-29
 239.826510      1.813  39.241932    13.8592     5.7178      1.798    32.6170    24.3751 -9.990e-29
 239.826516      1.803  39.241738    13.8614     5.7100      1.788    32.6150    24.3731 -9.990e-29
 239.826522      1.793  39.241145    13.8641     5.7132      1.778    32.6121    24.3703 -9.990e-29
 239.826528      1.786  39.240495    13.8667     5.7112      1.771    32.6093    24.3676 -9.990e-29
 239.826534      1.784  39.240427    13.8683     5.7111      1.769    32.6079    24.3662 -9.990e-29
 239.826539      1.784  39.241982    13.8685     5.6920      1.769    32.6092    24.3671 -9.990e-29
 239.826545      1.788  39.244250    13.8677     5.6679      1.773    32.6120    24.3695 -9.990e-29
 239.826551      1.796  39.245216    13.8669     5.6711      1.781    32.6135    24.3708 -9.990e-29
 239.826557      1.803  39.246173    13.8669     5.6868      1.788    32.6144    24.3715 -9.990e-29
 239.826562      1.807  39.248402    13.8681     5.7038      1.792    32.6155    24.3721 -9.990e-29
 239.826568      1.806  39.250395    13.8699     5.7039      1.791    32.6158    24.3720 -9.990e-29
 239.826574      1.802  39.250329    13.8702     5.6813      1.787    32.6155    24.3717 -9.990e-29
 239.826580      1.798  39.246442    13.8690     5.6782      1.783    32.6129    24.3699 -9.990e-29
 239.826586      1.799  39.241968    13.8686     5.6835      1.784    32.6091    24.3670 -9.990e-29
 239.826591      1.799  39.243282    13.8699     5.6952      1.784    32.6092    24.3669 -9.990e-29
 239.826597      1.795  39.247656    13.8709     5.6902      1.780    32.6124    24.3691 -9.990e-29
 239.826603      1.791  39.248591    13.8694     5.6796      1.776    32.6145    24.3711 -9.990e-29
 239.826609      1.791  39.244538    13.8663     5.6750      1.776    32.6134    24.3709 -9.990e-29
 239.826615      1.795  39.239631    13.8653     5.6805      1.780    32.6097    24.3682 -9.990e-29
 239.826620      1.799  39.240790    13.8684     5.6924      1.784    32.6082    24.3664 -9.990e-29
 239.826626      1.798  39.246198    13.8733     5.6897      1.783    32.6090    24.3660 -9.990e-29
 239.826632      1.797  39.250176    13.8775     5.6762      1.782    32.6091    24.3653 -9.990e-29
 239.826638      1.801  39.252428    13.8805     5.6717      1.786    32.6087    24.3643 -9.990e-29
 239.826644      1.808  39.253162    13.8820     5.6772      1.793    32.6081    24.3635 -9.990e-29
 239.826649      1.817  39.253923    13.8825     5.6923      1.802    32.6083    24.3636 -9.990e-29
 239.826655      1.823  39.256851    13.8833     5.7095      1.808    32.6104    24.3650 -9.990e-29
 239.826661      1.825  39.260251    13.8846     5.7150      1.810    32.6124    24.3663 -9.990e-29
 239.826667      1.825  39.261933    13.8857     5.7077      1.810    32.6130    24.3666 -9.990e-29
 239.826672      1.827  39.261902    13.8866     5.7076      1.812    32.6122    24.3658 -9.990e-29
 239.826678      1.831  39.261806    13.8879     5.6970      1.816    32.6110    24.3646 -9.990e-29
 239.826684      1.832  39.262643    13.8890     5.6844      1.817    32.6109    24.3643 -9.990e-29
 239.826690      1.836  39.262730    13.8887     5.6824      1.821    32.6112    24.3646 -9.990e-29
 239.826696      1.842  39.259387    13.8873     5.6772      1.827    32.6093    24.3634 -9.990e-29
 239.826701      1.842  39.252648    13.8871     5.6767      1.827    32.6032    24.3587 -9.990e-29
 239.826707      1.836  39.249792    13.8890     5.6626      1.821    32.5990    24.3551 -9.990e-29
 239.826713      1.833  39.254308    13.8914     5.6434      1.818    32.6011    24.3562 -9.990e-29
 239.826719      1.836  39.257644    13.8901     5.6417      1.821    32.6053    24.3597 -9.990e-29
 239.826725      1.846  39.251919    13.8848     5.6462      1.831    32.6045    24.3602 -9.990e-29
 239.826730      1.859  39.240160    13.8800     5.6723      1.843    32.5977    24.3559 -9.990e-29
 239.826736      1.868  39.235851    13.8782     5.6984      1.852    32.5952    24.3544 -9.990e-29
 239.826742      1.868  39.241099    13.8778     5.6906      1.852    32.6004    24.3585 -9.990e-29
 239.826748      1.863  39.243281    13.8741     5.6853      1.847    32.6056    24.3632 -9.990e-29
 239.826753      1.863  39.236902    13.8675     5.6803      1.847    32.6053    24.3644 -9.990e-29
 239.826759      1.867  39.227480    13.8646     5.6823      1.851    32.5990    24.3601 -9.990e-29
 239.826765      1.867  39.226569    13.8685     5.6935      1.851    32.5949    24.3561 -9.990e-29
 239.826771      1.859  39.235200    13.8759     5.6993      1.843    32.5966    24.3559 -9.990e-29
 239.826777      1.846  39.244140    13.8825     5.7030      1.831    32.5993    24.3566 -9.990e-29
 239.826782      1.836  39.250738    13.8872     5.7166      1.821    32.6014    24.3573 -9.990e-29
 239.826788      1.832  39.253146    13.8900     5.7163      1.817    32.6012    24.3566 -9.990e-29
 239.826794      1.835  39.248413    13.8904     5.7018      1.820    32.5965    24.3529 -9.990e-29
 239.826800      1.845  39.242572    13.8905     5.6944      1.830    32.5910    24.3486 -9.990e-29
 239.826806      1.857  39.244661    13.8920     5.6953      1.841    32.5917    24.3488 -9.990e-29
 239.826811      1.865  39.254107    13.8931     5.6996      1.849    32.5995    24.3546 -9.990e-29
 239.826817      1.869  39.263323    13.8929     5.6927      1.853    32.6082    24.3614 -9.990e-29
 239.826823      1.872  39.267223    13.8929     5.6774      1.856    32.6118    24.3642 -9.990e-29
 239.826829      1.872  39.266526    13.8942     5.6550      1.856    32.6100    24.3626 -9.990e-29
 239.826834      1.864  39.262552    13.8961     5.6547      1.848    32.6048    24.3581 -9.990e-29
 239.826840      1.851  39.258980    13.8981     5.6722      1.836    32.5998    24.3538 -9.990e-29
 239.826846      1.842  39.260024    13.8993     5.6809      1.827    32.5997    24.3535 -9.990e-29
 239.826852      1.839  39.262036    13.8970     5.7092      1.824    32.6035    24.3569 -9.990e-29
 239.826858      1.844  39.261537    13.8899     5.7218      1.829    32.6091    24.3627 -9.990e-29
 239.826863      1.856  39.257869    13.8817     5.7305      1.841    32.6127    24.3671 -9.990e-29
 239.826869      1.871  39.254556    13.8795     5.7338      1.855    32.6115    24.3666 -9.990e-29
 239.826875      1.882  39.258398    13.8849     5.7320      1.866    32.6104    24.3647 -9.990e-29
 239.826881      1.886  39.265552    13.8921     5.7228      1.870    32.6109    24.3637 -9.990e-29
 239.826887      1.887  39.270421    13.8969     5.7023      1.871    32.6114    24.3630 -9.990e-29
 239.826892      1.894  39.271095    13.9000     5.6727      1.878    32.6093    24.3608 -9.990e-29
 239.826898      1.907  39.265675    13.9017     5.6560      1.891    32.6029    24.3555 -9.990e-29
 239.826904      1.918  39.262083    13.9033     5.6595      1.902    32.5982    24.3515 -9.990e-29
 239.826910      1.924  39.265627    13.9058     5.6701      1.908    32.5993    24.3519 -9.990e-29
 239.826916      1.925  39.269263    13.9072     5.6883      1.909    32.6015    24.3533 -9.990e-29
 239.826921      1.921  39.268313    13.9046     5.7050      1.905    32.6029    24.3549 -9.990e-29
 239.826927      1.917  39.263760    13.8972     5.7123      1.901    32.6049    24.3580 -9.990e-29
 239.826933      1.920  39.252903    13.8851     5.7116      1.904    32.6051    24.3606 -9.990e-29
 239.826939      1.931  39.236973    13.8728     5.6955      1.915    32.6008    24.3598 -9.990e-29
 239.826944      1.942  39.226694    13.8671     5.6946      1.926    32.5962    24.3574 -9.990e-29
 239.826950      1.949  39.229107    13.8689     5.6942      1.933    32.5969    24.3576 -9.990e-29
 239.826956      1.952  39.237339    13.8713     5.6855      1.936    32.6024    24.3614 -9.990e-29
 239.826962      1.953  39.234338    13.8657     5.6807      1.937    32.6044    24.3640 -9.990e-29
 239.826968      1.951  39.222276    13.8542     5.6652      1.935    32.6030    24.3653 -9.990e-29
 239.826973      1.950  39.217596    13.8464     5.6712      1.934    32.6053    24.3687 -9.990e-29
 239.826979      1.954  39.220233    13.8456     5.6851      1.938    32.6084    24.3713 -9.990e-29
 239.826985      1.959  39.224734    13.8496     5.6844      1.943    32.6092    24.3710 -9.990e-29
 239.826991      1.962  39.228694    13.8539     5.6803      1.946    32.6092    24.3702 -9.990e-29
 239.826997      1.963  39.228988    13.8539     5.6742      1.947    32.6095    24.3704 -9.990e-29
 239.827002      1.961  39.224333    13.8494     5.6730      1.945    32.6090    24.3709 -9.990e-29
 239.827008      1.956  39.218061    13.8450     5.6753      1.940    32.6069    24.3702 -9.990e-29
 239.827014      1.949  39.218635    13.8461     5.6669      1.933    32.6065    24.3697 -9.990e-29
 239.827020      1.939  39.225704    13.8509     5.6706      1.923    32.6090    24.3706 -9.990e-29
 239.827025      1.929  39.228512    13.8512     5.6712      1.913    32.6114    24.3724 -9.990e-29
 239.827031      1.928  39.222400    13.8456     5.6782      1.912    32.6104    24.3728 -9.990e-29
 239.827037      1.934  39.213803    13.8424     5.6754      1.918    32.6052    24.3694 -9.990e-29
 239.827043      1.941  39.213694    13.8463     5.6721      1.925    32.6018    24.3660 -9.990e-29
 239.827049      1.944  39.222490    13.8540     5.6851      1.928    32.6034    24.3656 -9.990e-29
 239.827054      1.943  39.232301    13.8611     5.6933      1.927    32.6064    24.3666 -9.990e-29
 239.827060      1.939  39.239393    13.8653     5.7055      1.923    32.6094    24.3680 -9.990e-29
 239.827066      1.935  39.242017    13.8664     5.7085      1.919    32.6109    24.3689 -9.990e-29
 239.827072      1.936  39.241997    13.8667     5.7091      1.920    32.6107    24.3687 -9.990e-29
 239.827078      1.936  39.242115    13.8690     5.6998      1.920    32.6088    24.3668 -9.990e-29
 239.827083      1.933  39.243657    13.8743     5.6959      1.917    32.6058    24.3633 -9.990e-29
 239.827089      1.926  39.246999    13.8804     5.6886      1.910    32.6037    24.3605 -9.990e-29
 239.827095      1.918  39.249317    13.8814     5.6696      1.902    32.6050    24.3613 -9.990e-29
 239.827101      1.917  39.246420    13.8742     5.6685      1.901    32.6084    24.3654 -9.990e-29
 239.827106      1.924  39.235014    13.8670     5.6580      1.908    32.6040    24.3634 -9.990e-29
 239.827112      1.931  39.223445    13.8702     5.6638      1.915    32.5905    24.3524 -9.990e-29
 239.827118      1.933  39.226007    13.8813     5.6709      1.917    32.5835    24.3447 -9.990e-29
 239.827124      1.931  39.238830    13.8907     5.6732      1.915    32.5874    24.3457 -9.990e-29
 239.827130      1.924  39.247619    13.8933     5.6708      1.908    32.5933    24.3498 -9.990e-29
 239.827135      1.917  39.247282    13.8886     5.6636      1.901    32.5970    24.3536 -9.990e-29
 239.827141      1.917  39.237938    13.8805     5.6610      1.901    32.5952    24.3539 -9.990e-29
 239.827147      1.926  39.225076    13.8743     5.6569      1.910    32.5885    24.3500 -9.990e-29
 239.827153      1.933  39.221830    13.8720     5.6531      1.917    32.5875    24.3497 -9.990e-29
 239.827159      1.937  39.227801    13.8697     5.6482      1.921    32.5950    24.3559 -9.990e-29
 239.827164      1.940  39.229087    13.8628     5.6476      1.924    32.6020    24.3628 -9.990e-29
 239.827170      1.949  39.220117    13.8534     5.6455      1.933    32.6017    24.3645 -9.990e-29
 239.827176      1.958  39.209685    13.8485     5.6608      1.942    32.5962    24.3612 -9.990e-29
 239.827182      1.965  39.210797    13.8517     5.6760      1.949    32.5945    24.3592 -9.990e-29
 239.827188      1.969  39.220453    13.8604     5.6736      1.953    32.5961    24.3587 -9.990e-29
 239.827193      1.972  39.226864    13.8688     5.6727      1.956    32.5949    24.3560 -9.990e-29
 239.827199      1.973  39.227930    13.8734     5.6660      1.957    32.5919    24.3528 -9.990e-29
 239.827205      1.972  39.227884    13.8763     5.6792      1.956    32.5894    24.3503 -9.990e-29
 239.827211      1.969  39.228917    13.8793     5.6905      1.953    32.5878    24.3485 -9.990e-29
 239.827216      1.964  39.230914    13.8815     5.6916      1.948    32.5878    24.3480 -9.990e-29
 239.827222      1.961  39.232603    13.8803     5.6882      1.945    32.5904    24.3502 -9.990e-29
 239.827228      1.964  39.230211    13.8741     5.6918      1.948    32.5935    24.3539 -9.990e-29
 239.827234      1.970  39.221590    13.8663     5.6965      1.954    32.5921    24.3544 -9.990e-29
 239.827240      1.973  39.215537    13.8611     5.7029      1.957    32.5909    24.3545 -9.990e-29
 239.827245      1.975  39.220722    13.8598     5.6974      1.959    32.5968    24.3594 -9.990e-29
 239.827251      1.975  39.229405    13.8617     5.6994      1.959    32.6032    24.3640 -9.990e-29
 239.827257      1.973  39.232344    13.8629     5.6856      1.957    32.6049    24.3650 -9.990e-29
 239.827263      1.970  39.230017    13.8614     5.6721      1.954    32.6041    24.3647 -9.990e-29
 239.827269      1.964  39.227096    13.8593     5.6647      1.948    32.6031    24.3644 -9.990e-29
 239.827274      1.961  39.226901    13.8585     5.6644      1.945    32.6036    24.3649 -9.990e-29
 239.827280      1.964  39.230219    13.8603     5.6810      1.948    32.6052    24.3657 -9.990e-29
 239.827286      1.969  39.235794    13.8649     5.6867      1.953    32.6064    24.3658 -9.990e-29
 239.827292      1.971  39.238085    13.8676     5.6926      1.955    32.6063    24.3651 -9.990e-29
 239.827297      1.977  39.231661    13.8625     5.6920      1.960    32.6046    24.3649 -9.990e-29
 239.827303      1.989  39.218539    13.8516     5.6986      1.972    32.6017    24.3649 -9.990e-29
 239.827309      2.005  39.206379    13.8425     5.6964      1.988    32.5982    24.3640 -9.990e-29
 239.827315      2.021  39.203562    13.8375     5.7021      2.004    32.5998    24.3663 -9.990e-29
 239.827321      2.038  39.209620    13.8345     5.6972      2.021    32.6080    24.3732 -9.990e-29
 239.827326      2.058  39.217413    13.8341     5.6946      2.041    32.6156    24.3791 -9.990e-29
 239.827332      2.081  39.225482    13.8396     5.6927      2.064    32.6183    24.3801 -9.990e-29
 239.827338      2.110  39.232176    13.8512     5.6889      2.092    32.6147    24.3749 -9.990e-29
 239.827344      2.145  39.236812    13.8632     5.6671      2.127    32.6088    24.3679 -9.990e-29
 239.827350      2.190  39.238768    13.8689     5.6469      2.172    32.6057    24.3644 -9.990e-29
 239.827355      2.247  39.232731    13.8643     5.6421      2.228    32.6040    24.3640 -9.990e-29
 239.827361      2.319  39.220109    13.8479     5.6423      2.300    32.6062    24.3691 -9.990e-29
 239.827367      2.412  39.203626    13.8171     5.6426      2.392    32.6171    24.3838 -9.990e-29
 239.827373      2.531  39.174126    13.7671     5.6368      2.510    32.6322    24.4057 -9.990e-29
 239.827378      2.679  39.120794    13.6942     5.6263      2.657    32.6447    24.4302 0.0000e+00
 239.827384      2.854  39.044209    13.5943     5.6168      2.830    32.6586    24.4612 0.0000e+00
 239.827390      3.048  38.943662    13.4771     5.6438      3.023    32.6650    24.4897 0.0000e+00
 239.827396      3.258  38.837507    13.3783     5.6792      3.231    32.6502    24.4981 0.0000e+00
 239.827402      3.479  38.769693    13.3197     5.7378      3.450    32.6368    24.4994 0.0000e+00
 239.827407      3.708  38.743333    13.2914     5.7953      3.677    32.6362    24.5047 0.0000e+00
 239.827413      3.944  38.732156    13.2769     5.8318      3.911    32.6381    24.5090 0.0000e+00
