data/oxygen options/OCNMS/OCNMS1/raw_data/2015/CAST_TH015_150726faed.cnv
* Sea-Bird SBE 19 Data File:
* FileName = C:\2015 Mooring Data\Casts\CAST_TH015_150726.hex
* Software Version SeatermAF 2.1.2
* Temperature SN = 2997
* Conductivity SN = 2997
* System UpLoad Time = Jul 26 2015 02:05:13 (localtime) = Jul 26 2015 02:05:13 (UTC)
** CAST_TH015_150726
* ds
# nquan = 9                                 
# nvalues = 778                         
# units = specified
# name 0 = timeJ: Julian Days
# name 1 = prSM: Pressure, Strain Gauge [db]
# name 2 = c0mS/cm: Conductivity [mS/cm]
# name 3 = t090C: Temperature [ITS-90, deg C]
# name 4 = sbeox0ML/L: Oxygen, SBE 43 [ml/l]
# name 5 = depSM: Depth [salt water, m], lat = 47.5
# name 6 = sal00: Salinity, Practical [PSU]
# name 7 = sigma-é00: Density [sigma-theta, kg/m^3]
# name 8 = flag: flag
# span 0 = 207.061262, 207.065758       
# span 1 =     -5.396,     17.289       
# span 2 =   0.103149,  39.988823       
# span 3 =    12.4837,    16.9552       
# span 4 =    -1.7182,    12.7257       
# span 5 =     -5.351,     17.144       
# span 6 =     0.0607,    32.8756       
# span 7 =    -1.1541,    24.7755       
# span 8 = 0.0000e+00, 0.0000e+00       
# interval = seconds: 0.5
# start_time = Jul 26 2015 01:28:13 [Instrument's time stamp, header]
# bad_flag = -9.990e-29
*END*
[from data line 641]
 207.064971     17.250  38.147526    12.4847     6.0752     17.105    32.7640    24.7616 -9.990e-29
 207.064977     17.276  38.152249    12.4870     6.0896     17.131    32.7665    24.7631 -9.990e-29
 207.064983     17.289  38.158213    12.4892     6.0910     17.144    32.7703    24.7656 -9.990e-29
 207.064988     17.286  38.162029    12.4916     6.0836     17.141    32.7718    24.7663 -9.990e-29
 207.064994     17.263  38.165290    12.4941     6.0888     17.118    32.7728    24.7666 -9.990e-29
 207.065000     17.221  38.169407    12.4965     6.0831     17.077    32.7746    24.7676 -9.990e-29
 207.065006     17.167  38.173574    12.4989     6.0810     17.023    32.7765    24.7686 -9.990e-29
 207.065012     17.101  38.177612    12.5002     6.0786     16.958    32.7793    24.7705 -9.990e-29
 207.065017     17.020  38.179487    12.4985     6.0620     16.877    32.7826    24.7734 -9.990e-29
 207.065023     16.923  38.177083    12.4946     6.0595     16.781    32.7837    24.7750 -9.990e-29
 207.065029     16.816  38.173223    12.4908     6.0653     16.675    32.7834    24.7755 -9.990e-29
 207.065035     16.710  38.170473    12.4891     6.0685     16.570    32.7823    24.7749 -9.990e-29
 207.065041     16.606  38.169515    12.4900     6.0731     16.467    32.7806    24.7735 -9.990e-29
 207.065046     16.498  38.170618    12.4919     6.0721     16.360    32.7801    24.7727 -9.990e-29
 207.065052     16.388  38.171759    12.4925     6.0814     16.251    32.7807    24.7730 -9.990e-29
 207.065058     16.281  38.171523    12.4920     6.0892     16.144    32.7810    24.7733 -9.990e-29
 207.065064     16.174  38.171143    12.4919     6.0844     16.038    32.7807    24.7732 -9.990e-29
 207.065069     16.062  38.171662    12.4923     6.0688     15.927    32.7809    24.7732 -9.990e-29
 207.065075     15.941  38.172516    12.4927     6.0602     15.807    32.7814    24.7735 -9.990e-29
 207.065081     15.816  38.173028    12.4929     6.0587     15.683    32.7818    24.7738 -9.990e-29
 207.065087     15.692  38.173187    12.4933     6.0688     15.560    32.7817    24.7736 -9.990e-29
 207.065093     15.570  38.173072    12.4935     6.0741     15.439    32.7814    24.7734 -9.990e-29
 207.065098     15.451  38.172398    12.4934     6.0800     15.321    32.7809    24.7730 -9.990e-29
 207.065104     15.331  38.171255    12.4932     6.0917     15.202    32.7800    24.7724 -9.990e-29
 207.065110     15.208  38.170224    12.4936     6.1144     15.081    32.7788    24.7713 -9.990e-29
 207.065116     15.081  38.170599    12.4950     6.1295     14.955    32.7779    24.7704 0.0000e+00
 207.065122     14.947  38.172749    12.4969     6.1442     14.822    32.7784    24.7704 0.0000e+00
 207.065127     14.802  38.174921    12.4989     6.1560     14.678    32.7788    24.7703 0.0000e+00
 207.065133     14.650  38.176516    12.5006     6.1594     14.527    32.7789    24.7700 0.0000e+00
 207.065139     14.497  38.177850    12.5022     6.1651     14.376    32.7788    24.7697 0.0000e+00
 207.065145     14.351  38.178887    12.5038     6.1568     14.231    32.7785    24.7691 0.0000e+00
 207.065150     14.221  38.179755    12.5048     6.1526     14.102    32.7785    24.7689 -9.990e-29
 207.065156     14.105  38.180360    12.5054     6.1526     13.987    32.7786    24.7689 -9.990e-29
 207.065162     13.994  38.180815    12.5061     6.1490     13.877    32.7785    24.7686 -9.990e-29
 207.065168     13.879  38.181592    12.5068     6.1539     13.763    32.7787    24.7686 -9.990e-29
 207.065174     13.762  38.182474    12.5074     6.1575     13.647    32.7790    24.7688 -9.990e-29
 207.065179     13.644  38.182822    12.5077     6.1625     13.530    32.7791    24.7688 -9.990e-29
 207.065185     13.526  38.182966    12.5080     6.1732     13.413    32.7791    24.7687 -9.990e-29
 207.065191     13.404  38.183526    12.5087     6.1776     13.292    32.7790    24.7686 -9.990e-29
 207.065197     13.272  38.184553    12.5099     6.1865     13.161    32.7790    24.7683 0.0000e+00
 207.065203     13.125  38.185603    12.5111     6.1899     13.015    32.7791    24.7681 0.0000e+00
 207.065208     12.970  38.186261    12.5118     6.1796     12.861    32.7791    24.7680 0.0000e+00
 207.065214     12.824  38.186150    12.5120     6.1741     12.717    32.7789    24.7678 0.0000e+00
 207.065220     12.695  38.185551    12.5120     6.1685     12.589    32.7784    24.7674 -9.990e-29
 207.065226     12.574  38.185214    12.5121     6.1673     12.469    32.7780    24.7671 -9.990e-29
 207.065231     12.444  38.184556    12.5124     6.1811     12.340    32.7772    24.7664 0.0000e+00
 207.065237     12.299  38.182004    12.5125     6.1713     12.196    32.7747    24.7645 0.0000e+00
 207.065243     12.140  38.180186    12.5125     6.1686     12.038    32.7731    24.7632 0.0000e+00
 207.065249     11.976  38.182710    12.5125     6.1719     11.876    32.7755    24.7651 0.0000e+00
 207.065255     11.817  38.185522    12.5121     6.1593     11.718    32.7786    24.7676 0.0000e+00
 207.065260     11.679  38.185516    12.5115     6.1670     11.581    32.7792    24.7681 -9.990e-29
 207.065266     11.570  38.184792    12.5111     6.1784     11.473    32.7789    24.7680 -9.990e-29
 207.065272     11.484  38.184496    12.5112     6.1811     11.388    32.7786    24.7677 -9.990e-29
 207.065278     11.401  38.184659    12.5116     6.1895     11.306    32.7784    24.7675 -9.990e-29
 207.065284     11.300  38.185362    12.5117     6.1863     11.205    32.7790    24.7679 -9.990e-29
 207.065289     11.165  38.186287    12.5118     6.1871     11.072    32.7799    24.7686 0.0000e+00
 207.065295     11.002  38.186852    12.5120     6.1984     10.910    32.7803    24.7689 0.0000e+00
 207.065301     10.828  38.187114    12.5121     6.2216     10.737    32.7806    24.7690 0.0000e+00
 207.065307     10.664  38.187293    12.5123     6.2246     10.575    32.7806    24.7690 0.0000e+00
 207.065313     10.512  38.187497    12.5127     6.2369     10.424    32.7805    24.7689 0.0000e+00
 207.065318     10.366  38.187303    12.5134     6.2483     10.279    32.7798    24.7682 0.0000e+00
 207.065324     10.234  38.186879    12.5145     6.2487     10.148    32.7785    24.7669 -9.990e-29
 207.065330     10.112  38.187207    12.5157     6.2583     10.027    32.7778    24.7662 -9.990e-29
 207.065336      9.983  38.188033    12.5169     6.2615      9.899    32.7776    24.7658 0.0000e+00
 207.065341      9.849  38.188641    12.5180     6.2613      9.767    32.7773    24.7653 0.0000e+00
 207.065347      9.705  38.189148    12.5185     6.2560      9.624    32.7774    24.7653 0.0000e+00
 207.065353      9.545  38.189537    12.5186     6.2527      9.465    32.7777    24.7656 0.0000e+00
 207.065359      9.378  38.189633    12.5188     6.2587      9.300    32.7777    24.7655 0.0000e+00
 207.065365      9.209  38.189990    12.5196     6.2752      9.132    32.7774    24.7651 0.0000e+00
 207.065370      9.048  38.190953    12.5204     6.2995      8.972    32.7777    24.7652 0.0000e+00
 207.065376      8.908  38.191432    12.5206     6.3460      8.833    32.7781    24.7654 -9.990e-29
 207.065382      8.788  38.190813    12.5211     6.3926      8.714    32.7771    24.7646 -9.990e-29
 207.065388      8.672  38.190378    12.5228     6.4239      8.599    32.7752    24.7628 -9.990e-29
 207.065394      8.539  38.191094    12.5268     6.4414      8.468    32.7725    24.7599 0.0000e+00
 207.065399      8.382  38.193220    12.5343     6.4481      8.312    32.7681    24.7550 0.0000e+00
 207.065405      8.210  38.197216    12.5442     6.4513      8.141    32.7633    24.7494 0.0000e+00
 207.065411      8.053  38.203792    12.5543     6.4502      7.986    32.7609    24.7456 0.0000e+00
 207.065417      7.925  38.212059    12.5639     6.4635      7.859    32.7604    24.7434 -9.990e-29
 207.065422      7.814  38.218898    12.5713     6.4764      7.749    32.7606    24.7421 -9.990e-29
 207.065428      7.701  38.222647    12.5755     6.4861      7.637    32.7605    24.7412 -9.990e-29
 207.065434      7.574  38.224249    12.5783     6.5184      7.511    32.7597    24.7400 0.0000e+00
 207.065440      7.433  38.225709    12.5808     6.5504      7.371    32.7590    24.7390 0.0000e+00
 207.065446      7.291  38.229399    12.5831     6.5736      7.230    32.7605    24.7398 0.0000e+00
 207.065451      7.151  38.235624    12.5865     6.5757      7.091    32.7636    24.7415 0.0000e+00
 207.065457      7.006  38.241926    12.5952     6.5657      6.947    32.7621    24.7386 0.0000e+00
 207.065463      6.853  38.247111    12.6095     6.5523      6.796    32.7546    24.7301 0.0000e+00
 207.065469      6.701  38.251322    12.6215     6.5398      6.645    32.7483    24.7228 0.0000e+00
 207.065475      6.557  38.254541    12.6258     6.5332      6.502    32.7477    24.7215 0.0000e+00
 207.065480      6.424  38.256568    12.6246     6.5272      6.370    32.7507    24.7241 0.0000e+00
 207.065486      6.298  38.257307    12.6224     6.5362      6.245    32.7534    24.7266 0.0000e+00
 207.065492      6.172  38.257183    12.6227     6.5448      6.120    32.7530    24.7263 0.0000e+00
 207.065498      6.038  38.256593    12.6246     6.5404      5.988    32.7509    24.7242 0.0000e+00
 207.065503      5.894  38.256429    12.6257     6.5368      5.845    32.7498    24.7232 0.0000e+00
 207.065509      5.755  38.257033    12.6252     6.5336      5.707    32.7509    24.7241 0.0000e+00
 207.065515      5.627  38.257532    12.6236     6.5175      5.580    32.7528    24.7259 -9.990e-29
 207.065521      5.507  38.257471    12.6222     6.4993      5.461    32.7540    24.7271 -9.990e-29
 207.065527      5.392  38.257329    12.6218     6.5090      5.347    32.7543    24.7274 -9.990e-29
 207.065532      5.279  38.256918    12.6219     6.6002      5.235    32.7538    24.7270 -9.990e-29
 207.065538      5.160  38.256251    12.6218     6.7172      5.117    32.7533    24.7267 -9.990e-29
 207.065544      5.036  38.256120    12.6218     6.8341      4.994    32.7533    24.7266 -9.990e-29
 207.065550      4.909  38.256349    12.6246     6.9206      4.868    32.7511    24.7244 0.0000e+00
 207.065556      4.770  38.257805    12.6375     6.9533      4.730    32.7413    24.7143 0.0000e+00
 207.065561      4.615  38.264672    12.6752     6.9632      4.576    32.7152    24.6868 0.0000e+00
 207.065567      4.446  38.286106    12.7505     6.9801      4.409    32.6703    24.6375 0.0000e+00
 207.065573      4.274  38.333874    12.8583     6.9461      4.238    32.6225    24.5795 0.0000e+00
 207.065579      4.114  38.427954    12.9654     6.8767      4.080    32.6193    24.5560 0.0000e+00
 207.065584      3.977  38.544713    13.0341     6.8077      3.944    32.6704    24.5821 -9.990e-29
 207.065590      3.859  38.605005    13.0679     6.7741      3.827    32.6982    24.5970 -9.990e-29
 207.065596      3.739  38.611897    13.0923     6.8115      3.708    32.6838    24.5809 -9.990e-29
 207.065602      3.601  38.630077    13.1240     6.8202      3.571    32.6736    24.5668 0.0000e+00
 207.065608      3.449  38.670896    13.1803     6.7821      3.420    32.6637    24.5480 0.0000e+00
 207.065613      3.300  38.736654    13.2539     6.7560      3.272    32.6623    24.5323 0.0000e+00
 207.065619      3.161  38.815823    13.3155     6.7326      3.135    32.6838    24.5366 0.0000e+00
 207.065625      3.027  38.864310    13.3788     6.7511      3.002    32.6750    24.5171 0.0000e+00
 207.065631      2.889  38.894093    13.4727     6.8051      2.865    32.6225    24.4577 0.0000e+00
 207.065637      2.749  38.950496    13.5869     6.8523      2.726    32.5776    24.4001 0.0000e+00
 207.065642      2.613  39.050994    13.6863     6.8978      2.591    32.5866    24.3868 0.0000e+00
 207.065648      2.486  39.153588    13.7326     6.9297      2.465    32.6425    24.4207 -9.990e-29
 207.065654      2.369  39.170303    13.7368     6.9621      2.349    32.6545    24.4291 -9.990e-29
 207.065660      2.253  39.139148    13.7503     6.9944      2.234    32.6142    24.3951 -9.990e-29
 207.065666      2.128  39.149203    13.7891     6.9961      2.110    32.5905    24.3690 0.0000e+00
 207.065671      1.994  39.179674    13.8342     6.9934      1.977    32.5805    24.3520 0.0000e+00
 207.065677      1.855  39.214572    13.8649     6.9835      1.840    32.5868    24.3506 0.0000e+00
 207.065683      1.711  39.266243    13.8759     6.9664      1.697    32.6254    24.3782 0.0000e+00
 207.065689      1.566  39.317263    13.8745     6.9040      1.553    32.6739    24.4159 0.0000e+00
 207.065694      1.428  39.342609    13.8679     6.7963      1.416    32.7030    24.4398 0.0000e+00
 207.065700      1.300  39.365986    13.8711     6.6734      1.289    32.7220    24.4538 -9.990e-29
 207.065706      1.180  39.411275    13.8925 -9.990e-29      1.170    32.7458    24.4677 -9.990e-29
 207.065712      1.062  39.426738    13.9190 -9.990e-29      1.053    32.7376    24.4559 -9.990e-29
 207.065718      0.949  39.397673    13.9465 -9.990e-29      0.941    32.6873    24.4114 -9.990e-29
 207.065723      0.842  39.389606    13.9844 -9.990e-29      0.835    32.6477    24.3730 -9.990e-29
 207.065729      0.747  39.417014    14.0275 -9.990e-29      0.741    32.6364    24.3555 -9.990e-29
 207.065735      0.671  39.429552    14.0592 -9.990e-29      0.665    32.6212    24.3371 -9.990e-29
 207.065741      0.613  39.410309    14.0752 -9.990e-29      0.608    32.5899    24.3097 -9.990e-29
 207.065747      0.570  39.377925    14.0824 -9.990e-29      0.565    32.5540    24.2805 -9.990e-29
 207.065752      0.542  39.352576    14.0845 -9.990e-29      0.537    32.5289    24.2607 -9.990e-29
 207.065758      0.533  39.341389 -9.990e-29 -9.990e-29      0.529 -9.990e-29 -9.990e-29 -9.990e-29
