data/oxygen options/OCNMS/OCNMS1/raw_data/2015/CAST_CA015_150827faed.cnv
* Sea-Bird SBE19 Data File:
* FileName = C:\2015 Mooring Data\Casts\CAST_CA015_150827.hex
* Software Version 1.59
* Temperature SN = 2997
* Conductivity SN = 2997
* System UpLoad Time = Aug 27 2015 23:41:00
** CAST_CA015_150827
* ds
# nquan = 9                                 
# nvalues = 799                         
# units = specified
# name 0 = timeJ: Julian Days
# name 1 = prSM: Pressure, Strain Gauge [db]
# name 2 = c0mS/cm: Conductivity [mS/cm]
# name 3 = t090C: Temperature [ITS-90, deg C]
# name 4 = sbeox0ML/L: Oxygen, SBE 43 [ml/l]
# name 5 = depSM: Depth [salt water, m], lat = 47.5
# name 6 = sal00: Salinity, Practical [PSU]
# name 7 = sigma-é00: Density [sigma-theta, kg/m^3]
# name 8 = flag: flag
# span 0 = 239.959780, 239.964398       
# span 1 =     -4.708,     15.896       
# span 2 =   0.395423,  40.179602       
# span 3 =     8.5502,    16.3517       
# span 4 =    -1.7432,     9.8498       
# span 5 =     -4.669,     15.763       
# span 6 =     0.2315,    33.3015       
# span 7 =    -0.9346,    25.8347       
# span 8 = 0.0000e+00, 0.0000e+00       
# interval = seconds: 0.5
# start_time = Aug 27 2015 23:02:05 [Instrument's time stamp, header]
# bad_flag = -9.990e-29
*END*
[from data line 481]
 239.962564      1.323  39.858912    14.7575     5.9457      1.312    32.4268    24.0408 -9.990e-29
 239.962569      1.313  39.854749    14.7558     5.9579      1.302    32.4244    24.0394 -9.990e-29
 239.962575      1.310  39.854307    14.7559     5.9668      1.299    32.4240    24.0390 -9.990e-29
 239.962581      1.310  39.854806    14.7569     5.9495      1.299    32.4236    24.0385 -9.990e-29
 239.962587      1.305  39.855089    14.7581     5.9517      1.294    32.4228    24.0376 -9.990e-29
 239.962593      1.295  39.855553    14.7591     5.9597      1.284    32.4224    24.0371 -9.990e-29
 239.962598      1.286  39.856072    14.7596     5.9732      1.275    32.4225    24.0370 -9.990e-29
 239.962604      1.284  39.856761    14.7600     5.9733      1.273    32.4228    24.0372 -9.990e-29
 239.962610      1.287  39.857207    14.7594     5.9549      1.276    32.4237    24.0380 -9.990e-29
 239.962616      1.296  39.855734    14.7572     5.9579      1.285    32.4242    24.0389 -9.990e-29
 239.962622      1.312  39.851473    14.7546     5.9462      1.301    32.4225    24.0381 -9.990e-29
 239.962627      1.330  39.847689    14.7539     5.9378      1.319    32.4196    24.0360 -9.990e-29
 239.962633      1.345  39.848281    14.7546     5.9268      1.334    32.4196    24.0359 -9.990e-29
 239.962639      1.353  39.850645    14.7543     5.9279      1.342    32.4220    24.0378 -9.990e-29
 239.962645      1.353  39.849496    14.7529     5.9459      1.342    32.4221    24.0382 -9.990e-29
 239.962650      1.351  39.846078    14.7528     5.9545      1.340    32.4191    24.0359 -9.990e-29
 239.962656      1.351  39.846464    14.7555     5.9626      1.340    32.4172    24.0338 -9.990e-29
 239.962662      1.347  39.850579    14.7586     5.9540      1.336    32.4183    24.0340 -9.990e-29
 239.962668      1.341  39.853227    14.7596     5.9539      1.330    32.4199    24.0350 -9.990e-29
 239.962674      1.339  39.853426    14.7591     5.9487      1.328    32.4205    24.0356 -9.990e-29
 239.962679      1.347  39.853661    14.7590     5.9469      1.336    32.4208    24.0359 -9.990e-29
 239.962685      1.361  39.855340    14.7597     5.9321      1.350    32.4217    24.0364 -9.990e-29
 239.962691      1.372  39.857311    14.7604     5.9278      1.361    32.4229    24.0372 -9.990e-29
 239.962697      1.382  39.858249    14.7600     5.9299      1.370    32.4241    24.0382 -9.990e-29
 239.962703      1.396  39.857134    14.7586     5.9381      1.384    32.4242    24.0386 -9.990e-29
 239.962708      1.409  39.854135    14.7578     5.9504      1.397    32.4222    24.0372 -9.990e-29
 239.962714      1.415  39.853079    14.7582     5.9618      1.403    32.4209    24.0361 -9.990e-29
 239.962720      1.409  39.855332    14.7589     5.9575      1.397    32.4224    24.0371 -9.990e-29
 239.962726      1.400  39.857703    14.7592     5.9546      1.388    32.4243    24.0385 -9.990e-29
 239.962731      1.399  39.858838    14.7590     5.9667      1.387    32.4255    24.0395 -9.990e-29
 239.962737      1.408  39.859106    14.7590     5.9775      1.396    32.4257    24.0396 -9.990e-29
 239.962743      1.417  39.858835    14.7595     5.9711      1.405    32.4250    24.0390 -9.990e-29
 239.962749      1.424  39.858760    14.7599     5.9682      1.412    32.4246    24.0386 -9.990e-29
 239.962755      1.428  39.858754    14.7601     5.9598      1.416    32.4245    24.0385 -9.990e-29
 239.962760      1.430  39.858781    14.7605     5.9622      1.418    32.4241    24.0381 -9.990e-29
 239.962766      1.430  39.859413    14.7614     5.9726      1.418    32.4240    24.0378 -9.990e-29
 239.962772      1.428  39.859782    14.7618     5.9785      1.416    32.4240    24.0377 -9.990e-29
 239.962778      1.423  39.857549    14.7609     5.9789      1.411    32.4227    24.0369 -9.990e-29
 239.962784      1.421  39.849712    14.7591     5.9717      1.409    32.4171    24.0330 -9.990e-29
 239.962789      1.424  39.839253    14.7559     5.9529      1.412    32.4103    24.0284 -9.990e-29
 239.962795      1.430  39.833512    14.7497     5.9432      1.418    32.4102    24.0297 -9.990e-29
 239.962801      1.433  39.832096    14.7422     5.9436      1.421    32.4152    24.0351 -9.990e-29
 239.962807      1.434  39.830846    14.7392     5.9272      1.422    32.4166    24.0368 -9.990e-29
 239.962813      1.434  39.831432    14.7421     5.9249      1.422    32.4147    24.0347 -9.990e-29
 239.962818      1.432  39.835165    14.7458     5.9146      1.420    32.4150    24.0342 -9.990e-29
 239.962824      1.428  39.835222    14.7460     5.9159      1.416    32.4149    24.0341 -9.990e-29
 239.962830      1.421  39.831090    14.7425     5.9249      1.409    32.4140    24.0342 -9.990e-29
 239.962836      1.417  39.829011    14.7368     5.9288      1.405    32.4169    24.0376 -9.990e-29
 239.962841      1.418  39.825628    14.7289     5.9380      1.406    32.4204    24.0420 -9.990e-29
 239.962847      1.420  39.818083    14.7202     5.9440      1.408    32.4208    24.0441 -9.990e-29
 239.962853      1.420  39.813673    14.7144     5.9552      1.408    32.4216    24.0460 -9.990e-29
 239.962859      1.418  39.816023    14.7128     5.9555      1.406    32.4251    24.0490 -9.990e-29
 239.962865      1.416  39.818704    14.7140     5.9685      1.404    32.4265    24.0499 -9.990e-29
 239.962870      1.421  39.818533    14.7169     5.9457      1.409    32.4240    24.0473 -9.990e-29
 239.962876      1.427  39.819182    14.7198     5.9485      1.415    32.4221    24.0452 -9.990e-29
 239.962882      1.430  39.822612    14.7212     5.9581      1.418    32.4241    24.0464 -9.990e-29
 239.962888      1.432  39.826640    14.7218     5.9527      1.420    32.4272    24.0487 -9.990e-29
 239.962894      1.432  39.829882    14.7235     5.9788      1.420    32.4288    24.0496 -9.990e-29
 239.962899      1.430  39.832708    14.7265     5.9874      1.418    32.4288    24.0490 -9.990e-29
 239.962905      1.426  39.834372    14.7301     5.9861      1.414    32.4273    24.0471 -9.990e-29
 239.962911      1.420  39.835945    14.7338     5.9995      1.408    32.4257    24.0450 -9.990e-29
 239.962917      1.415  39.838378    14.7366     5.9923      1.403    32.4256    24.0443 -9.990e-29
 239.962922      1.416  39.840402    14.7382     5.9828      1.404    32.4261    24.0444 -9.990e-29
 239.962928      1.422  39.842445    14.7395     5.9628      1.410    32.4268    24.0447 -9.990e-29
 239.962934      1.435  39.844963    14.7406     5.9323      1.423    32.4282    24.0455 -9.990e-29
 239.962940      1.450  39.846802    14.7417     5.9244      1.438    32.4289    24.0458 -9.990e-29
 239.962946      1.464  39.848143    14.7430     5.9338      1.452    32.4291    24.0457 -9.990e-29
 239.962951      1.478  39.849624    14.7445     5.9396      1.466    32.4292    24.0454 -9.990e-29
 239.962957      1.493  39.851511    14.7470     5.9476      1.481    32.4288    24.0446 -9.990e-29
 239.962963      1.506  39.855172    14.7508     5.9643      1.493    32.4289    24.0439 -9.990e-29
 239.962969      1.513  39.859295    14.7544     5.9554      1.500    32.4297    24.0437 -9.990e-29
 239.962975      1.515  39.860938    14.7562     5.9661      1.502    32.4297    24.0433 -9.990e-29
 239.962980      1.508  39.861144    14.7567     5.9490      1.495    32.4294    24.0430 -9.990e-29
 239.962986      1.491  39.861283    14.7564     5.9423      1.479    32.4298    24.0434 -9.990e-29
 239.962992      1.475  39.860951    14.7554     5.9550      1.463    32.4303    24.0440 -9.990e-29
 239.962998      1.469  39.860242    14.7541     5.9507      1.457    32.4308    24.0446 -9.990e-29
 239.963003      1.468  39.859866    14.7535     5.9499      1.456    32.4309    24.0449 -9.990e-29
 239.963009      1.467  39.859296    14.7538     5.9577      1.455    32.4302    24.0442 -9.990e-29
 239.963015      1.466  39.857744    14.7548     5.9727      1.454    32.4279    24.0423 -9.990e-29
 239.963021      1.466  39.857040    14.7557     5.9893      1.454    32.4266    24.0410 -9.990e-29
 239.963027      1.466  39.857899    14.7561     5.9861      1.454    32.4270    24.0413 -9.990e-29
 239.963032      1.466  39.859197    14.7564     5.9680      1.454    32.4279    24.0419 -9.990e-29
 239.963038      1.466  39.859836    14.7560     5.9529      1.454    32.4288    24.0427 -9.990e-29
 239.963044      1.467  39.858958    14.7552     5.9538      1.455    32.4287    24.0428 -9.990e-29
 239.963050      1.468  39.858168    14.7554     5.9374      1.456    32.4278    24.0421 -9.990e-29
 239.963056      1.469  39.858630    14.7563     5.9435      1.457    32.4275    24.0416 -9.990e-29
 239.963061      1.471  39.859250    14.7568     5.9620      1.459    32.4276    24.0416 -9.990e-29
 239.963067      1.473  39.859707    14.7568     5.9672      1.461    32.4281    24.0419 -9.990e-29
 239.963073      1.476  39.860023    14.7566     5.9527      1.464    32.4285    24.0423 -9.990e-29
 239.963079      1.480  39.860032    14.7556     5.9491      1.468    32.4293    24.0432 -9.990e-29
 239.963084      1.485  39.859158    14.7540     5.9384      1.473    32.4299    24.0439 -9.990e-29
 239.963090      1.492  39.857332    14.7533     5.9308      1.480    32.4288    24.0433 -9.990e-29
 239.963096      1.496  39.856016    14.7537     5.9470      1.484    32.4273    24.0420 -9.990e-29
 239.963102      1.494  39.856233    14.7545     5.9486      1.482    32.4268    24.0415 -9.990e-29
 239.963108      1.489  39.857122    14.7547     5.9577      1.477    32.4275    24.0419 -9.990e-29
 239.963113      1.487  39.857038    14.7534     5.9709      1.475    32.4285    24.0430 -9.990e-29
 239.963119      1.486  39.855843    14.7516     5.9686      1.474    32.4289    24.0437 -9.990e-29
 239.963125      1.486  39.854722    14.7506     5.9779      1.474    32.4287    24.0437 -9.990e-29
 239.963131      1.488  39.854956    14.7511     5.9760      1.476    32.4285    24.0435 -9.990e-29
 239.963137      1.492  39.856272    14.7525     5.9719      1.480    32.4285    24.0432 -9.990e-29
 239.963142      1.498  39.857030    14.7526     5.9539      1.485    32.4291    24.0436 -9.990e-29
 239.963148      1.505  39.855972    14.7503     5.9363      1.492    32.4301    24.0449 -9.990e-29
 239.963154      1.516  39.853342    14.7476     5.9344      1.503    32.4299    24.0453 -9.990e-29
 239.963160      1.526  39.851777    14.7468     5.9371      1.513    32.4292    24.0449 -9.990e-29
 239.963166      1.527  39.853089    14.7482     5.9450      1.514    32.4292    24.0446 -9.990e-29
 239.963171      1.519  39.855632    14.7505     5.9702      1.506    32.4296    24.0445 -9.990e-29
 239.963177      1.511  39.857163    14.7525     5.9793      1.498    32.4293    24.0438 -9.990e-29
 239.963183      1.505  39.858014    14.7533     5.9749      1.492    32.4294    24.0437 -9.990e-29
 239.963189      1.503  39.859295    14.7537     5.9700      1.490    32.4302    24.0443 -9.990e-29
 239.963194      1.502  39.861004    14.7541     5.9460      1.489    32.4315    24.0451 -9.990e-29
 239.963200      1.505  39.862590    14.7545     5.9420      1.492    32.4326    24.0459 -9.990e-29
 239.963206      1.510  39.863337    14.7550     5.9441      1.497    32.4328    24.0460 -9.990e-29
 239.963212      1.514  39.863654    14.7557     5.9629      1.501    32.4325    24.0456 -9.990e-29
 239.963218      1.513  39.863935    14.7563     5.9557      1.500    32.4323    24.0453 -9.990e-29
 239.963223      1.511  39.863969    14.7571     5.9474      1.498    32.4317    24.0446 -9.990e-29
 239.963229      1.512  39.864335    14.7580     5.9435      1.499    32.4312    24.0441 -9.990e-29
 239.963235      1.516  39.864934    14.7586     5.9401      1.503    32.4313    24.0440 -9.990e-29
 239.963241      1.523  39.864856    14.7584     5.9523      1.510    32.4314    24.0442 -9.990e-29
 239.963247      1.534  39.863410    14.7574     5.9713      1.521    32.4309    24.0440 -9.990e-29
 239.963252      1.550  39.858640    14.7559     5.9528      1.537    32.4278    24.0419 -9.990e-29
 239.963258      1.567  39.853134    14.7549     5.9480      1.554    32.4236    24.0389 -9.990e-29
 239.963264      1.579  39.852420    14.7544     5.9535      1.566    32.4234    24.0389 -9.990e-29
 239.963270      1.580  39.854399    14.7538     5.9481      1.567    32.4257    24.0408 -9.990e-29
 239.963275      1.576  39.856073    14.7530     5.9560      1.563    32.4279    24.0426 -9.990e-29
 239.963281      1.575  39.858155    14.7529     5.9488      1.562    32.4299    24.0442 -9.990e-29
 239.963287      1.582  39.860590    14.7539     5.9423      1.569    32.4312    24.0450 -9.990e-29
 239.963293      1.595  39.862819    14.7550     5.9447      1.582    32.4323    24.0456 -9.990e-29
 239.963299      1.618  39.864350    14.7558     5.9698      1.604    32.4330    24.0460 -9.990e-29
 239.963304      1.650  39.865072    14.7565     5.9787      1.636    32.4331    24.0459 -9.990e-29
 239.963310      1.694  39.865302    14.7568     5.9518      1.680    32.4330    24.0458 -9.990e-29
 239.963316      1.749  39.865259    14.7566     5.9067      1.734    32.4331    24.0459 -9.990e-29
 239.963322      1.813  39.864798    14.7553     5.8612      1.798    32.4338    24.0467 -9.990e-29
 239.963328      1.895  39.862657    14.7510     5.8442      1.879    32.4354    24.0488 -9.990e-29
 239.963333      2.005  39.855334    14.7415     5.8328      1.988    32.4366    24.0518 -9.990e-29
 239.963339      2.145  39.841393    14.7215     5.8159      2.127    32.4406    24.0591 0.0000e+00
 239.963345      2.312  39.811130    14.6723     5.7735      2.293    32.4541    24.0800 0.0000e+00
 239.963351      2.498  39.739811    14.5716     5.7243      2.477    32.4733    24.1161 0.0000e+00
 239.963356      2.698  39.629833    14.4376     5.6302      2.675    32.4852    24.1535 0.0000e+00
 239.963362      2.909  39.525134    14.3189     5.5582      2.885    32.4890    24.1813 0.0000e+00
 239.963368      3.126  39.454244    14.2307     5.4914      3.100    32.4981    24.2067 0.0000e+00
 239.963374      3.346  39.399914    14.1442     5.4879      3.318    32.5209    24.2423 0.0000e+00
 239.963380      3.571  39.324924    14.0190     5.5333      3.541    32.5576    24.2964 0.0000e+00
 239.963385      3.805  39.197602    13.8340     5.6078      3.773    32.5966    24.3645 0.0000e+00
 239.963391      4.052  39.025284    13.6044     5.6841      4.018    32.6319    24.4385 0.0000e+00
 239.963397      4.309  38.841654    13.3591     5.7190      4.273    32.6701    24.5174 0.0000e+00
 239.963403      4.571  38.659117    13.1365     5.7123      4.533    32.6898    24.5769 0.0000e+00
 239.963409      4.831  38.498244    12.9715     5.6783      4.791    32.6802    24.6020 0.0000e+00
 239.963414      5.082  38.388856    12.8517     5.6436      5.040    32.6800    24.6253 0.0000e+00
 239.963420      5.327  38.320096    12.7416     5.6067      5.282    32.7100    24.6699 0.0000e+00
 239.963426      5.575  38.256797    12.6311     5.5427      5.528    32.7456    24.7189 0.0000e+00
 239.963432      5.827  38.185662    12.5336     5.4831      5.778    32.7625    24.7508 0.0000e+00
 239.963438      6.083  38.115457    12.4607     5.4275      6.032    32.7588    24.7619 0.0000e+00
 239.963443      6.342  38.056187    12.4049     5.3919      6.289    32.7506    24.7662 0.0000e+00
 239.963449      6.602  38.016179    12.3522     5.3739      6.547    32.7582    24.7821 0.0000e+00
 239.963455      6.865  37.989646    12.2913     5.3790      6.808    32.7859    24.8152 0.0000e+00
 239.963461      7.133  37.951211    12.1990     5.3951      7.073    32.8297    24.8666 0.0000e+00
 239.963466      7.411  37.871400    12.0628     5.4205      7.349    32.8723    24.9254 0.0000e+00
 239.963472      7.694  37.749097    11.9142     5.4400      7.630    32.8849    24.9629 0.0000e+00
 239.963478      7.976  37.625747    11.7963     5.4104      7.909    32.8691    24.9726 0.0000e+00
