data/oxygen options/OCNMS/OCNMS1/raw_data/2015/CAST_CE015_150723faed.cnv
* Sea-Bird SBE 19 Data File:
* FileName = C:\2015 Mooring Data\Casts\CAST_CE015_150723.hex
* Software Version SeatermAF 2.1.2
* Temperature SN = 2997
* Conductivity SN = 2997
* System UpLoad Time = Jul 23 2015 19:59:02 (localtime) = Jul 23 2015 19:59:02 (UTC)
** CAST_CE015_150723
* ds
# nquan = 9                                 
# nvalues = 929                         
# units = specified
# name 0 = timeJ: Julian Days
# name 1 = prSM: Pressure, Strain Gauge [db]
# name 2 = c0mS/cm: Conductivity [mS/cm]
# name 3 = t090C: Temperature [ITS-90, deg C]
# name 4 = sbeox0ML/L: Oxygen, SBE 43 [ml/l]
# name 5 = depSM: Depth [salt water, m], lat = 47.5
# name 6 = sal00: Salinity, Practical [PSU]
# name 7 = sigma-é00: Density [sigma-theta, kg/m^3]
# name 8 = flag: flag
# span 0 = 204.815567, 204.820938       
# span 1 =     -5.197,     15.359       
# span 2 =   0.491214,  40.146529       
# span 3 =     9.3219,    18.9489       
# span 4 =    -1.6696,    10.3605       
# span 5 =     -5.154,     15.230       
# span 6 =     0.2730,    33.4176       
# span 7 =    -1.3579,    25.6265       
# span 8 = 0.0000e+00, 0.0000e+00       
# interval = seconds: 0.5
# start_time = Jul 23 2015 19:34:25 [Instrument's time stamp, header]
# bad_flag = -9.990e-29
*END*
[from data line 641]
 204.819277      1.347  40.092857    14.9301     5.9001      1.336    32.4948    24.0563 -9.990e-29
 204.819282      1.356  40.083476    14.8949     5.8905      1.345    32.5157    24.0799 -9.990e-29
 204.819288      1.372  40.017784    14.8486     5.8926      1.361    32.4948    24.0738 -9.990e-29
 204.819294      1.386  39.941602    14.8394     5.8950      1.374    32.4335    24.0285 -9.990e-29
 204.819300      1.395  39.948440    14.8617     5.9048      1.383    32.4211    24.0142 -9.990e-29
 204.819306      1.400  39.996320    14.8790     5.9100      1.388    32.4501    24.0328 -9.990e-29
 204.819311      1.400  40.022859    14.8852     5.9049      1.388    32.4689    24.0460 -9.990e-29
 204.819317      1.402  40.044893    14.8898     5.8872      1.390    32.4850    24.0574 -9.990e-29
 204.819323      1.407  40.056426    14.8959     5.8728      1.395    32.4903    24.0602 -9.990e-29
 204.819329      1.414  40.048106    14.9062     5.8723      1.402    32.4742    24.0456 -9.990e-29
 204.819334      1.418  40.051408    14.9225     5.8917      1.406    32.4637    24.0340 -9.990e-29
 204.819340      1.418  40.078535    14.9390     5.9061      1.406    32.4744    24.0387 -9.990e-29
 204.819346      1.416  40.105042    14.9480     5.9106      1.404    32.4909    24.0495 -9.990e-29
 204.819352      1.412  40.119678    14.9440     5.8913      1.400    32.5075    24.0631 -9.990e-29
 204.819358      1.408  40.114991    14.9221     5.8629      1.396    32.5215    24.0786 -9.990e-29
 204.819363      1.409  40.080755    14.8968     5.8550      1.397    32.5116    24.0764 -9.990e-29
 204.819369      1.411  40.046975    14.8969     5.8574      1.399    32.4810    24.0528 -9.990e-29
 204.819375      1.410  40.051549    14.9212     5.8827      1.398    32.4649    24.0352 -9.990e-29
 204.819381      1.406  40.077525    14.9432     5.9128      1.394    32.4700    24.0344 -9.990e-29
 204.819387      1.402  40.097236    14.9448     5.8975      1.390    32.4865    24.0468 -9.990e-29
 204.819392      1.407  40.088694    14.9181     5.8812      1.395    32.5010    24.0637 -9.990e-29
 204.819398      1.422  40.030928    14.8815     5.8697      1.410    32.4793    24.0548 -9.990e-29
 204.819404      1.438  39.968556    14.8736     5.8567      1.426    32.4294    24.0181 -9.990e-29
 204.819410      1.453  39.963036    14.8995     5.8618      1.441    32.4029    23.9921 -9.990e-29
 204.819416      1.468  40.004702    14.9355     5.8753      1.456    32.4106    23.9903 -9.990e-29
 204.819421      1.482  40.055966    14.9614     5.8808      1.470    32.4354    24.0039 -9.990e-29
 204.819427      1.498  40.096531    14.9597     5.8809      1.485    32.4734    24.0335 -9.990e-29
 204.819433      1.516  40.090716    14.9385     5.8729      1.503    32.4858    24.0476 -9.990e-29
 204.819439      1.530  40.030721    14.9332     5.8629      1.517    32.4360    24.0104 -9.990e-29
 204.819444      1.526  39.996321    14.9535     5.8476      1.513    32.3881    23.9691 -9.990e-29
 204.819450      1.509  40.026829    14.9795     5.8477      1.496    32.3941    23.9681 -9.990e-29
 204.819456      1.491  40.074825    14.9984     5.8599      1.479    32.4217    23.9853 -9.990e-29
 204.819462      1.474  40.116777    15.0051     5.8736      1.462    32.4540    24.0088 -9.990e-29
 204.819468      1.463  40.121651    14.9961     5.8983      1.451    32.4659    24.0199 -9.990e-29
 204.819473      1.460  40.075146    14.9810     5.9013      1.448    32.4364    24.0005 -9.990e-29
 204.819479      1.462  40.043069    14.9753     5.8852      1.450    32.4122    23.9830 -9.990e-29
 204.819485      1.464  40.058302    14.9793     5.8813      1.452    32.4227    23.9902 -9.990e-29
 204.819491      1.465  40.093432    14.9782     5.8815      1.453    32.4553    24.0156 -9.990e-29
 204.819497      1.467  40.116175    14.9658     5.8915      1.455    32.4861    24.0420 -9.990e-29
 204.819502      1.470  40.124277    14.9541     5.8993      1.458    32.5032    24.0576 -9.990e-29
 204.819508      1.472  40.132416    14.9515     5.8987      1.460    32.5127    24.0655 -9.990e-29
 204.819514      1.476  40.136805    14.9540     5.8789      1.464    32.5146    24.0664 -9.990e-29
 204.819520      1.480  40.128099    14.9558     5.8798      1.468    32.5052    24.0588 -9.990e-29
 204.819525      1.485  40.105295    14.9591     5.8897      1.473    32.4819    24.0401 -9.990e-29
 204.819531      1.492  40.098501    14.9686     5.9089      1.480    32.4678    24.0273 -9.990e-29
 204.819537      1.501  40.121601    14.9780     5.9298      1.488    32.4809    24.0353 -9.990e-29
 204.819543      1.512  40.142531    14.9778     5.9123      1.499    32.4999    24.0500 -9.990e-29
 204.819549      1.526  40.146529    14.9702     5.8421      1.513    32.5098    24.0593 -9.990e-29
 204.819554      1.545  40.137194    14.9620     5.7882      1.532    32.5082    24.0598 -9.990e-29
 204.819560      1.568  40.126140    14.9572     5.7826      1.555    32.5022    24.0562 -9.990e-29
 204.819566      1.594  40.126615    14.9553     5.8045      1.581    32.5042    24.0582 -9.990e-29
 204.819572      1.620  40.124055    14.9465     5.8620      1.606    32.5092    24.0639 -9.990e-29
 204.819578      1.652  40.100414    14.9177     5.9010      1.638    32.5119    24.0721 -9.990e-29
 204.819583      1.696  40.052158    14.8509     5.9030      1.682    32.5239    24.0957 -9.990e-29
 204.819589      1.755  39.944056    14.7253     5.8550      1.740    32.5308    24.1278 -9.990e-29
 204.819595      1.828  39.746876    14.5730     5.7697      1.813    32.4789    24.1201 -9.990e-29
 204.819601      1.912  39.535236    14.4769     5.6625      1.896    32.3662    24.0535 -9.990e-29
 204.819606      2.003  39.407062    14.4522     5.5842      1.986    32.2698    23.9843 -9.990e-29
 204.819612      2.098  39.372483    14.4308     5.5534      2.080    32.2560    23.9782 -9.990e-29
 204.819618      2.199  39.363454    14.3464     5.5598      2.181    32.3182    24.0437 -9.990e-29
 204.819624      2.313  39.319669    14.1672     5.5910      2.294    32.4282    24.1659 -9.990e-29
 204.819630      2.447  39.202327    13.9244     5.5724      2.427    32.5248    24.2906 0.0000e+00
 204.819635      2.605  39.026481    13.7073     5.4533      2.583    32.5459    24.3512 0.0000e+00
 204.819641      2.780  38.883345    13.5782     5.2358      2.757    32.5225    24.3592 0.0000e+00
 204.819647      2.958  38.811843    13.5346     4.9260      2.933    32.4928    24.3451 0.0000e+00
 204.819653      3.132  38.807369    13.5407     4.5824      3.106    32.4834    24.3366 0.0000e+00
 204.819659      3.310  38.845383    13.5480     4.2807      3.282    32.5126    24.3576 0.0000e+00
 204.819664      3.498  38.842519    13.5037     4.0564      3.469    32.5476    24.3936 0.0000e+00
 204.819670      3.696  38.743333    13.3622     3.9390      3.665    32.5756    24.4436 0.0000e+00
 204.819676      3.898  38.573638    13.1235     3.8823      3.865    32.6208    24.5260 0.0000e+00
 204.819682      4.106  38.366695    12.8458     3.8494      4.072    32.6645    24.6144 0.0000e+00
 204.819687      4.324  38.167176    12.5916     3.8082      4.288    32.6950    24.6873 0.0000e+00
 204.819693      4.552  38.024008    12.3917     3.7430      4.514    32.7320    24.7543 0.0000e+00
 204.819699      4.789  37.925018    12.2404     3.6605      4.749    32.7691    24.8118 0.0000e+00
 204.819705      5.032  37.828934    12.1168     3.5584      4.990    32.7848    24.8473 0.0000e+00
 204.819711      5.279  37.719669    12.0186     3.4768      5.235    32.7654    24.8506 0.0000e+00
 204.819716      5.526  37.611213    11.9516     3.4294      5.480    32.7192    24.8273 0.0000e+00
 204.819722      5.765  37.527044    11.8891     3.4016      5.717    32.6924    24.8181 0.0000e+00
 204.819728      6.000  37.470333    11.7889     3.3930      5.950    32.7254    24.8623 0.0000e+00
 204.819734      6.236  37.427060    11.6618     3.3662      6.184    32.7953    24.9400 0.0000e+00
 204.819740      6.481  37.390481    11.5602     3.3239      6.427    32.8495    25.0007 0.0000e+00
 204.819745      6.737  37.359398    11.5066     3.2398      6.681    32.8666    25.0237 0.0000e+00
 204.819751      6.999  37.341050    11.4858     3.1306      6.940    32.8670    25.0278 0.0000e+00
 204.819757      7.258  37.336126    11.4781     3.0031      7.197    32.8689    25.0307 0.0000e+00
 204.819763      7.512  37.336144    11.4724     2.8491      7.449    32.8738    25.0356 0.0000e+00
 204.819769      7.767  37.336604    11.4638     2.7292      7.702    32.8818    25.0434 0.0000e+00
 204.819774      8.020  37.332828    11.4456     2.6200      7.953    32.8942    25.0563 0.0000e+00
 204.819780      8.275  37.316890    11.4049     2.5186      8.206    32.9147    25.0796 0.0000e+00
 204.819786      8.535  37.279041    11.3343     2.4314      8.464    32.9404    25.1124 0.0000e+00
 204.819792      8.800  37.212464    11.2333     2.3504      8.726    32.9650    25.1497 0.0000e+00
 204.819797      9.070  37.116869    11.1029     2.2838      8.994    32.9874    25.1904 0.0000e+00
 204.819803      9.339  36.993622    10.9605     2.2292      9.261    32.9931    25.2202 0.0000e+00
 204.819809      9.601  36.848682    10.8452     2.1879      9.521    32.9527    25.2090 0.0000e+00
 204.819815      9.849  36.715678    10.7726     2.1491      9.767    32.8855    25.1694 0.0000e+00
 204.819821     10.087  36.626214    10.6902     2.1366     10.003    32.8703    25.1720 0.0000e+00
 204.819826     10.326  36.550581    10.5436     2.1287     10.240    32.9267    25.2413 0.0000e+00
 204.819832     10.572  36.451746    10.3733     2.1157     10.483    32.9816    25.3133 0.0000e+00
 204.819838     10.824  36.357004    10.2536     2.0796     10.733    32.9948    25.3440 0.0000e+00
 204.819844     11.080  36.298523    10.1800     2.0295     10.987    33.0026    25.3625 0.0000e+00
 204.819850     11.337  36.264348    10.1073     1.9959     11.242    33.0342    25.3994 0.0000e+00
 204.819855     11.592  36.231239    10.0255     1.9637     11.495    33.0753    25.4452 0.0000e+00
 204.819861     11.849  36.184675     9.9492     1.9357     11.750    33.0978    25.4755 0.0000e+00
 204.819867     12.104  36.130296     9.8970     1.9078     12.003    33.0902    25.4783 0.0000e+00
 204.819873     12.351  36.087411     9.8686     1.8871     12.248    33.0725    25.4692 0.0000e+00
 204.819878     12.588  36.058152     9.8314     1.8827     12.483    33.0767    25.4786 0.0000e+00
 204.819884     12.818  36.029209     9.7656     1.8617     12.711    33.1075    25.5136 0.0000e+00
 204.819890     13.047  35.991620     9.6953     1.8245     12.938    33.1337    25.5456 0.0000e+00
 204.819896     13.276  35.952912     9.6522     1.7721     13.165    33.1337    25.5526 0.0000e+00
 204.819902     13.500  35.929193     9.6351     1.7271     13.387    33.1251    25.5487 0.0000e+00
 204.819907     13.710  35.921254     9.6208     1.7013     13.595    33.1300    25.5549 0.0000e+00
 204.819913     13.911  35.913952     9.5944     1.6751     13.794    33.1468    25.5723 0.0000e+00
 204.819919     14.112  35.890199     9.5552     1.6598     13.994    33.1586    25.5879 0.0000e+00
 204.819925     14.313  35.845714     9.5166     1.6467     14.193    33.1485    25.5863 0.0000e+00
 204.819931     14.506  35.798997     9.4879     1.6390     14.384    33.1269    25.5741 0.0000e+00
 204.819936     14.680  35.768929     9.4565     1.6405     14.557    33.1249    25.5776 0.0000e+00
 204.819942     14.835  35.750085     9.4137     1.6374     14.711    33.1450    25.6002 0.0000e+00
 204.819948     14.971  35.728474     9.3689     1.6330     14.846    33.1642    25.6224 -9.990e-29
 204.819954     15.090  35.698186     9.3367     1.6582     14.964    33.1627    25.6265 -9.990e-29
 204.819959     15.185  35.674230     9.3219     1.6970     15.058    33.1517    25.6202 -9.990e-29
 204.819965     15.253  35.676140     9.3242     1.7492     15.125    33.1515    25.6197 -9.990e-29
 204.819971     15.305  35.689020     9.3421     1.7999     15.177    33.1482    25.6142 -9.990e-29
 204.819977     15.342  35.693557     9.3655     1.8445     15.213    33.1311    25.5972 -9.990e-29
 204.819983     15.359  35.697415     9.3828     1.8845     15.230    33.1191    25.5850 -9.990e-29
 204.819988     15.356  35.723605     9.3922     1.9120     15.227    33.1374    25.5978 -9.990e-29
 204.819994     15.343  35.780653     9.4149     1.9290     15.214    33.1752    25.6236 -9.990e-29
 204.820000     15.317  35.844821     9.4728     1.9309     15.189    33.1876    25.6240 -9.990e-29
 204.820006     15.270  35.898503     9.5417     1.9143     15.142    33.1791    25.6061 -9.990e-29
 204.820012     15.198  35.937562     9.5837     1.8907     15.071    33.1804    25.6003 -9.990e-29
 204.820017     15.110  35.955749     9.6027     1.8324     14.983    33.1815    25.5981 -9.990e-29
 204.820023     15.016  35.960454     9.6163     1.7675     14.890    33.1738    25.5899 -9.990e-29
 204.820029     14.924  35.961253     9.6250     1.7153     14.799    33.1666    25.5828 -9.990e-29
 204.820035     14.837  35.949059     9.6241     1.6888     14.713    33.1550    25.5739 -9.990e-29
 204.820041     14.756  35.918197     9.6048     1.6968     14.632    33.1412    25.5663 -9.990e-29
 204.820046     14.683  35.874523     9.5557     1.7020     14.560    33.1417    25.5747 -9.990e-29
 204.820052     14.611  35.824179     9.4925     1.7062     14.489    33.1485    25.5902 -9.990e-29
 204.820058     14.537  35.784581     9.4509     1.7242     14.415    33.1462    25.5952 -9.990e-29
 204.820064     14.459  35.769536     9.4398     1.7361     14.338    33.1411    25.5929 -9.990e-29
 204.820069     14.378  35.777396     9.4441     1.7469     14.258    33.1452    25.5955 -9.990e-29
 204.820075     14.287  35.797274     9.4521     1.7574     14.167    33.1583    25.6044 -9.990e-29
 204.820081     14.186  35.815267     9.4596     1.7687     14.067    33.1699    25.6123 -9.990e-29
 204.820087     14.073  35.828404     9.4670     1.7847     13.955    33.1767    25.6164 -9.990e-29
 204.820093     13.944  35.837328     9.4752     1.7857     13.827    33.1783    25.6163 0.0000e+00
 204.820098     13.805  35.842104     9.4870     1.7798     13.689    33.1724    25.6098 0.0000e+00
 204.820104     13.667  35.847918     9.5007     1.7902     13.552    33.1657    25.6023 -9.990e-29
 204.820110     13.548  35.856293     9.5081     1.8084     13.434    33.1675    25.6026 -9.990e-29
 204.820116     13.453  35.859840     9.5087     1.8321     13.340    33.1707    25.6049 -9.990e-29
 204.820122     13.367  35.854823     9.5097     1.8453     13.255    33.1646    25.6000 -9.990e-29
 204.820127     13.272  35.852419     9.5133     1.8491     13.161    33.1589    25.5949 -9.990e-29
 204.820133     13.162  35.859999     9.5173     1.8585     13.052    33.1630    25.5975 -9.990e-29
 204.820139     13.043  35.869675     9.5213     1.8638     12.934    33.1693    25.6018 -9.990e-29
 204.820145     12.920  35.875232     9.5268     1.8628     12.812    33.1700    25.6014 -9.990e-29
 204.820150     12.794  35.878970     9.5351     1.8511     12.687    33.1662    25.5971 0.0000e+00
 204.820156     12.665  35.884128     9.5442     1.8447     12.559    33.1632    25.5933 0.0000e+00
 204.820162     12.538  35.889672     9.5506     1.8572     12.433    33.1630    25.5921 -9.990e-29
 204.820168     12.422  35.891725     9.5527     1.8847     12.318    33.1632    25.5919 -9.990e-29
 204.820174     12.319  35.888478     9.5504     1.9216     12.216    33.1620    25.5914 -9.990e-29
 204.820179     12.221  35.883941     9.5476     1.9664     12.119    33.1600    25.5902 -9.990e-29
 204.820185     12.118  35.883769     9.5523     2.0071     12.017    33.1555    25.5860 -9.990e-29
 204.820191     11.999  35.891027     9.5717     2.0431     11.899    33.1451    25.5747 -9.990e-29
