data/oxygen options/OCNMS/OCNMS1/raw_data/2015/CAST_KL015_150930faed.cnv
* Sea-Bird SBE19 Data File:
* FileName = C:\2015 Mooring Data\Casts\CAST_KL015_150930.hex
* Software Version 1.59
* Temperature SN = 2997
* Conductivity SN = 2997
* System UpLoad Time = Sep 30 2015 21:57:43
** CAST_KL015_150930
* ds
# nquan = 9                                 
# nvalues = 972                         
# units = specified
# name 0 = timeJ: Julian Days
# name 1 = prSM: Pressure, Strain Gauge [db]
# name 2 = c0mS/cm: Conductivity [mS/cm]
# name 3 = t090C: Temperature [ITS-90, deg C]
# name 4 = sbeox0ML/L: Oxygen, SBE 43 [ml/l]
# name 5 = depSM: Depth [salt water, m], lat = 47.5
# name 6 = sal00: Salinity, Practical [PSU]
# name 7 = sigma-é00: Density [sigma-theta, kg/m^3]
# name 8 = flag: flag
# span 0 = 273.899606, 273.905226       
# span 1 =     -4.974,     17.913       
# span 2 =   0.381496,  39.975895       
# span 3 =    12.1414,    17.0187       
# span 4 =    -1.7203,    11.4608       
# span 5 =     -4.933,     17.763       
# span 6 =     0.2217,    32.4698       
# span 7 =    -1.0552,    24.5968       
# span 8 = 0.0000e+00, 0.0000e+00       
# interval = seconds: 0.5
# start_time = Sep 30 2015 21:35:26 [Instrument's time stamp, header]
# bad_flag = -9.990e-29
*END*
[from data line 641]
 273.903316      1.618  39.546947    14.8737     6.4794      1.604    32.0482    23.7244 -9.990e-29
 273.903322      1.636  39.535157    14.8697     6.4868      1.622    32.0408    23.7196 -9.990e-29
 273.903328      1.653  39.527494    14.8695     6.4814      1.639    32.0341    23.7144 -9.990e-29
 273.903333      1.665  39.528828    14.8705     6.4840      1.651    32.0344    23.7145 -9.990e-29
 273.903339      1.672  39.534162    14.8713     6.4785      1.658    32.0386    23.7175 -9.990e-29
 273.903345      1.676  39.539345    14.8728     6.4737      1.662    32.0420    23.7198 -9.990e-29
 273.903351      1.676  39.544515    14.8758     6.4794      1.662    32.0443    23.7209 -9.990e-29
 273.903356      1.678  39.550352    14.8802     6.4773      1.664    32.0459    23.7212 -9.990e-29
 273.903362      1.684  39.556740    14.8848     6.4855      1.670    32.0479    23.7218 -9.990e-29
 273.903368      1.691  39.560937    14.8878     6.4644      1.677    32.0492    23.7222 -9.990e-29
 273.903374      1.696  39.558962    14.8897     6.4490      1.682    32.0459    23.7192 -9.990e-29
 273.903380      1.699  39.555982    14.8920     6.4472      1.685    32.0413    23.7152 -9.990e-29
 273.903385      1.700  39.557509    14.8945     6.4478      1.686    32.0406    23.7141 -9.990e-29
 273.903391      1.699  39.560487    14.8962     6.4568      1.685    32.0419    23.7147 -9.990e-29
 273.903397      1.696  39.561549    14.8962     6.4703      1.682    32.0429    23.7155 -9.990e-29
 273.903403      1.690  39.559260    14.8929     6.4917      1.676    32.0435    23.7167 -9.990e-29
 273.903409      1.687  39.553326    14.8858     6.4739      1.673    32.0440    23.7186 -9.990e-29
 273.903414      1.689  39.545878    14.8768     6.4909      1.675    32.0447    23.7210 -9.990e-29
 273.903420      1.692  39.538711    14.8700     6.4873      1.678    32.0438    23.7218 -9.990e-29
 273.903426      1.694  39.535676    14.8686     6.4397      1.680    32.0422    23.7208 -9.990e-29
 273.903432      1.692  39.538280    14.8720     6.4567      1.678    32.0417    23.7198 -9.990e-29
 273.903438      1.689  39.542659    14.8785     6.4573      1.675    32.0404    23.7173 -9.990e-29
 273.903443      1.682  39.549557    14.8864     6.4595      1.668    32.0401    23.7154 -9.990e-29
 273.903449      1.673  39.558032    14.8942     6.4750      1.659    32.0413    23.7147 -9.990e-29
 273.903455      1.664  39.565325    14.9014     6.4670      1.650    32.0420    23.7137 -9.990e-29
 273.903461      1.664  39.574385    14.9049     6.4452      1.650    32.0473    23.7170 -9.990e-29
 273.903466      1.673  39.582670    14.9035     6.4532      1.659    32.0559    23.7240 -9.990e-29
 273.903472      1.681  39.584359    14.9031     6.4371      1.667    32.0578    23.7255 -9.990e-29
 273.903478      1.687  39.582781    14.9069     6.4486      1.673    32.0532    23.7212 -9.990e-29
 273.903484      1.690  39.582508    14.9118     6.4510      1.676    32.0490    23.7168 -9.990e-29
 273.903490      1.690  39.583690    14.9168     6.4384      1.676    32.0459    23.7134 -9.990e-29
 273.903495      1.688  39.587294    14.9222     6.4407      1.674    32.0447    23.7114 -9.990e-29
 273.903501      1.687  39.594717    14.9273     6.4376      1.673    32.0472    23.7122 -9.990e-29
 273.903507      1.692  39.602912    14.9305     6.4518      1.678    32.0520    23.7152 -9.990e-29
 273.903513      1.699  39.606502    14.9310     6.4574      1.685    32.0548    23.7173 -9.990e-29
 273.903519      1.704  39.604619    14.9303     6.4563      1.690    32.0537    23.7165 -9.990e-29
 273.903524      1.708  39.601433    14.9304     6.4595      1.694    32.0508    23.7142 -9.990e-29
 273.903530      1.710  39.599937    14.9311     6.4410      1.696    32.0488    23.7126 -9.990e-29
 273.903536      1.710  39.599771    14.9317     6.4434      1.696    32.0482    23.7120 -9.990e-29
 273.903542      1.709  39.600104    14.9319     6.4376      1.695    32.0483    23.7120 -9.990e-29
 273.903547      1.707  39.600213    14.9313     6.4482      1.693    32.0489    23.7126 -9.990e-29
 273.903553      1.703  39.599633    14.9306     6.4655      1.689    32.0490    23.7128 -9.990e-29
 273.903559      1.701  39.599787    14.9312     6.4542      1.687    32.0486    23.7124 -9.990e-29
 273.903565      1.707  39.603635    14.9342     6.4430      1.693    32.0496    23.7126 -9.990e-29
 273.903571      1.715  39.610654    14.9389     6.4260      1.701    32.0521    23.7135 -9.990e-29
 273.903576      1.722  39.616697    14.9421     6.4279      1.708    32.0549    23.7149 -9.990e-29
 273.903582      1.724  39.619123    14.9426     6.4454      1.710    32.0567    23.7162 -9.990e-29
 273.903588      1.717  39.618315    14.9431     6.4621      1.703    32.0555    23.7152 -9.990e-29
 273.903594      1.705  39.616512    14.9446     6.4674      1.691    32.0527    23.7127 -9.990e-29
 273.903600      1.691  39.615189    14.9463     6.4588      1.677    32.0501    23.7103 -9.990e-29
 273.903605      1.679  39.612533    14.9476     6.4697      1.665    32.0467    23.7074 -9.990e-29
 273.903611      1.677  39.605517    14.9484     6.4571      1.663    32.0397    23.7019 -9.990e-29
 273.903617      1.684  39.588105    14.9479     6.4558      1.670    32.0244    23.6902 -9.990e-29
 273.903623      1.692  39.571794    14.9456     6.4667      1.678    32.0116    23.6808 -9.990e-29
 273.903628      1.697  39.574032    14.9392     6.4542      1.683    32.0188    23.6878 -9.990e-29
 273.903634      1.701  39.579254    14.9256     6.4662      1.687    32.0347    23.7029 -9.990e-29
 273.903640      1.703  39.570827    14.9100     6.4709      1.689    32.0399    23.7102 -9.990e-29
 273.903646      1.702  39.559892    14.9007     6.4959      1.688    32.0377    23.7105 -9.990e-29
 273.903652      1.700  39.560973    14.8980     6.4757      1.686    32.0409    23.7135 -9.990e-29
 273.903657      1.696  39.568173    14.8989     6.4648      1.682    32.0466    23.7178 -9.990e-29
 273.903663      1.690  39.573099    14.9015     6.4632      1.676    32.0489    23.7190 -9.990e-29
 273.903669      1.685  39.576665    14.9033     6.4547      1.671    32.0507    23.7200 -9.990e-29
 273.903675      1.686  39.578535    14.9023     6.4689      1.672    32.0532    23.7221 -9.990e-29
 273.903681      1.689  39.576667    14.9012     6.4577      1.675    32.0524    23.7217 -9.990e-29
 273.903686      1.689  39.573569    14.9029     6.4650      1.675    32.0482    23.7182 -9.990e-29
 273.903692      1.686  39.574594    14.9061     6.4631      1.672    32.0465    23.7162 -9.990e-29
 273.903698      1.680  39.578257    14.9093     6.4675      1.666    32.0472    23.7160 -9.990e-29
 273.903704      1.676  39.583229    14.9137     6.4680      1.662    32.0481    23.7157 -9.990e-29
 273.903709      1.676  39.589925    14.9182     6.4655      1.662    32.0504    23.7166 -9.990e-29
 273.903715      1.677  39.595450    14.9198     6.4697      1.663    32.0541    23.7191 -9.990e-29
 273.903721      1.679  39.597595    14.9188     6.4423      1.665    32.0568    23.7214 -9.990e-29
 273.903727      1.686  39.597489    14.9186     6.4546      1.672    32.0569    23.7215 -9.990e-29
 273.903733      1.695  39.597748    14.9204     6.4620      1.681    32.0556    23.7201 -9.990e-29
 273.903738      1.701  39.599230    14.9220     6.4924      1.687    32.0557    23.7198 -9.990e-29
 273.903744      1.706  39.599937    14.9216     6.4779      1.692    32.0566    23.7207 -9.990e-29
 273.903750      1.709  39.597400    14.9202     6.4821      1.695    32.0555    23.7201 -9.990e-29
 273.903756      1.715  39.589870    14.9181     6.4560      1.701    32.0504    23.7166 -9.990e-29
 273.903762      1.728  39.571185    14.9151     6.4574      1.714    32.0360    23.7062 -9.990e-29
 273.903767      1.742  39.546100    14.9138     6.4654      1.727    32.0145    23.6898 -9.990e-29
 273.903773      1.747  39.538869    14.9153     6.4794      1.732    32.0067    23.6835 -9.990e-29
 273.903779      1.745  39.553816    14.9172     6.4952      1.730    32.0186    23.6923 -9.990e-29
 273.903785      1.735  39.569896    14.9172     6.4787      1.721    32.0331    23.7035 -9.990e-29
 273.903791      1.721  39.577664    14.9161     6.4659      1.707    32.0411    23.7098 -9.990e-29
 273.903796      1.711  39.581823    14.9154     6.4363      1.697    32.0454    23.7133 -9.990e-29
 273.903802      1.708  39.585077    14.9163     6.4334      1.694    32.0476    23.7148 -9.990e-29
 273.903808      1.707  39.587802    14.9188     6.4559      1.693    32.0480    23.7146 -9.990e-29
 273.903814      1.706  39.591312    14.9223     6.4717      1.692    32.0483    23.7141 -9.990e-29
 273.903819      1.702  39.596252    14.9258     6.4809      1.688    32.0499    23.7145 -9.990e-29
 273.903825      1.697  39.600140    14.9267     6.4717      1.683    32.0526    23.7165 -9.990e-29
 273.903831      1.694  39.597981    14.9236     6.4418      1.680    32.0532    23.7176 -9.990e-29
 273.903837      1.697  39.587372    14.9185     6.4297      1.683    32.0478    23.7145 -9.990e-29
 273.903843      1.703  39.571458    14.9151     6.4345      1.689    32.0363    23.7064 -9.990e-29
 273.903848      1.706  39.564254    14.9144     6.4403      1.692    32.0304    23.7019 -9.990e-29
 273.903854      1.708  39.572326    14.9142     6.4547      1.694    32.0378    23.7077 -9.990e-29
 273.903860      1.709  39.581115    14.9138     6.4571      1.695    32.0461    23.7142 -9.990e-29
 273.903866      1.712  39.583190    14.9125     6.4616      1.698    32.0490    23.7167 -9.990e-29
 273.903872      1.723  39.577866    14.9101     6.4499      1.709    32.0462    23.7150 -9.990e-29
 273.903877      1.737  39.570289    14.9104     6.4457      1.722    32.0391    23.7095 -9.990e-29
 273.903883      1.748  39.573818    14.9139     6.4339      1.733    32.0394    23.7090 -9.990e-29
 273.903889      1.751  39.584656    14.9185     6.4151      1.736    32.0454    23.7126 -9.990e-29
 273.903895      1.751  39.593619    14.9236     6.4059      1.736    32.0493    23.7146 -9.990e-29
 273.903900      1.753  39.600795    14.9280     6.4128      1.738    32.0521    23.7158 -9.990e-29
 273.903906      1.756  39.606132    14.9298     6.4307      1.741    32.0555    23.7180 -9.990e-29
 273.903912      1.760  39.608250    14.9300     6.4578      1.745    32.0572    23.7193 -9.990e-29
 273.903918      1.766  39.605960    14.9308     6.4640      1.751    32.0545    23.7170 -9.990e-29
 273.903924      1.775  39.597802    14.9317     6.4657      1.760    32.0464    23.7106 -9.990e-29
 273.903929      1.786  39.590192    14.9322     6.4686      1.771    32.0391    23.7049 -9.990e-29
 273.903935      1.801  39.592520    14.9329     6.4634      1.786    32.0406    23.7059 -9.990e-29
 273.903941      1.820  39.600513    14.9335     6.4687      1.805    32.0473    23.7110 -9.990e-29
 273.903947      1.845  39.607356    14.9319     6.4664      1.830    32.0548    23.7171 -9.990e-29
 273.903953      1.877  39.610310    14.9282     6.4715      1.861    32.0605    23.7222 -9.990e-29
 273.903958      1.919  39.606499    14.9241     6.4539      1.903    32.0604    23.7230 -9.990e-29
 273.903964      1.972  39.600845    14.9203     6.4475      1.956    32.0584    23.7223 -9.990e-29
 273.903970      2.041  39.596934    14.9165     6.4584      2.024    32.0580    23.7228 -9.990e-29
 273.903976      2.129  39.589464    14.9104     6.4774      2.111    32.0562    23.7227 -9.990e-29
 273.903981      2.238  39.577916    14.8993     6.4838      2.219    32.0549    23.7241 -9.990e-29
 273.903987      2.367  39.559140    14.8797     6.4797      2.347    32.0540    23.7276 0.0000e+00
 273.903993      2.514  39.531560    14.8407     6.4760      2.493    32.0611    23.7414 0.0000e+00
 273.903999      2.682  39.490272    14.7718     6.4859      2.660    32.0804    23.7709 0.0000e+00
 273.904005      2.867  39.424429    14.6913     6.5067      2.843    32.0871    23.7931 0.0000e+00
 273.904010      3.064  39.356041    14.6335     6.5174      3.038    32.0726    23.7942 0.0000e+00
 273.904016      3.273  39.311566    14.6038     6.5163      3.246    32.0567    23.7882 0.0000e+00
 273.904022      3.495  39.288786    14.5874     6.4498      3.466    32.0494    23.7860 0.0000e+00
 273.904028      3.726  39.277974    14.5762     6.3887      3.695    32.0487    23.7879 0.0000e+00
 273.904034      3.965  39.271908    14.5668     6.3740      3.932    32.0509    23.7915 0.0000e+00
 273.904039      4.208  39.268017    14.5572     6.4188      4.173    32.0552    23.7969 0.0000e+00
 273.904045      4.455  39.265506    14.5480     6.4873      4.418    32.0604    23.8028 0.0000e+00
 273.904051      4.703  39.262620    14.5407     6.5443      4.664    32.0637    23.8069 0.0000e+00
 273.904057      4.948  39.257103    14.5362     6.5673      4.907    32.0623    23.8068 0.0000e+00
 273.904063      5.184  39.252722    14.5342     6.5938      5.141    32.0599    23.8054 0.0000e+00
 273.904068      5.413  39.254757    14.5338     6.6476      5.368    32.0620    23.8071 0.0000e+00
 273.904074      5.640  39.258544    14.5330     6.6918      5.593    32.0660    23.8103 0.0000e+00
 273.904080      5.872  39.260073    14.5293     6.6875      5.823    32.0704    23.8145 0.0000e+00
 273.904086      6.110  39.260733    14.5208     6.6558      6.059    32.0779    23.8221 0.0000e+00
 273.904091      6.353  39.259075    14.5052     6.6146      6.300    32.0892    23.8341 0.0000e+00
 273.904097      6.598  39.248312    14.4817     6.6104      6.543    32.0988    23.8464 0.0000e+00
 273.904103      6.846  39.222412    14.4509     6.6157      6.789    32.1006    23.8542 0.0000e+00
 273.904109      7.093  39.185438    14.4016     6.6287      7.034    32.1076    23.8700 0.0000e+00
 273.904115      7.342  39.134534    14.3107     6.6156      7.281    32.1365    23.9112 0.0000e+00
 273.904120      7.598  39.049956    14.1808     6.5997      7.534    32.1670    23.9617 0.0000e+00
 273.904126      7.855  38.932653    14.0629     6.5454      7.789    32.1575    23.9787 0.0000e+00
 273.904132      8.103  38.825146    13.9999     6.4338      8.035    32.1110    23.9558 0.0000e+00
 273.904138      8.337  38.769548    13.9805     6.2474      8.267    32.0759    23.9326 0.0000e+00
 273.904144      8.563  38.760013    13.9683     6.0230      8.491    32.0772    23.9361 0.0000e+00
 273.904149      8.795  38.756260    13.9310     5.7929      8.721    32.1048    23.9651 0.0000e+00
 273.904155      9.044  38.723485    13.8575     5.5908      8.968    32.1359    24.0041 0.0000e+00
 273.904161      9.309  38.656589    13.7593     5.4342      9.231    32.1562    24.0397 0.0000e+00
 273.904167      9.581  38.571120    13.6423     5.2978      9.501    32.1750    24.0780 0.0000e+00
 273.904172      9.856  38.470747    13.5055     5.1774      9.774    32.1967    24.1222 0.0000e+00
 273.904178     10.133  38.360001    13.3592     5.0200     10.048    32.2168    24.1670 0.0000e+00
 273.904184     10.414  38.255928    13.2215     4.8041     10.327    32.2358    24.2090 0.0000e+00
 273.904190     10.696  38.164283    13.1107     4.5382     10.606    32.2436    24.2369 0.0000e+00
 273.904196     10.969  38.086084    13.0288     4.2928     10.877    32.2395    24.2498 0.0000e+00
 273.904201     11.231  38.024579    12.9508     4.0936     11.137    32.2478    24.2715 0.0000e+00
 273.904207     11.485  37.969967    12.8463     3.9629     11.389    32.2852    24.3208 0.0000e+00
 273.904213     11.739  37.899786    12.7076     3.9019     11.641    32.3373    24.3880 0.0000e+00
 273.904219     12.000  37.802765    12.5536     3.8971     11.900    32.3772    24.4485 0.0000e+00
 273.904225     12.272  37.702464    12.4146     3.9120     12.169    32.4011    24.4936 0.0000e+00
 273.904230     12.551  37.632073    12.3137     3.9481     12.446    32.4208    24.5279 0.0000e+00
