data/oxygen options/OCNMS/OCNMS1/raw_data/2015/CAST_KL027_150721faed.cnv
* Sea-Bird SBE 19 Data File:
* FileName = C:\2015 Mooring Data\Casts\CAST_KL027_150721.hex
* Software Version SeatermAF 2.1.2
* Temperature SN = 2997
* Conductivity SN = 2997
* System UpLoad Time = Jul 22 2015 00:29:09 (localtime) = Jul 22 2015 00:29:09 (UTC)
** CAST_KL027_150721.hex
* ds
# nquan = 9                                 
# nvalues = 14551                       
# units = specified
# name 0 = timeJ: Julian Days
# name 1 = prSM: Pressure, Strain Gauge [db]
# name 2 = c0mS/cm: Conductivity [mS/cm]
# name 3 = t090C: Temperature [ITS-90, deg C]
# name 4 = sbeox0ML/L: Oxygen, SBE 43 [ml/l]
# name 5 = depSM: Depth [salt water, m], lat = 47.5
# name 6 = sal00: Salinity, Practical [PSU]
# name 7 = sigma-é00: Density [sigma-theta, kg/m^3]
# name 8 = flag: flag
# span 0 = 202.896146, 202.980347       
# span 1 =     -5.522,     28.831       
# span 2 =  -0.000408,  40.619964       
# span 3 =     8.5619,    20.5359       
# span 4 =    -8.7035,    13.0281       
# span 5 =     -5.476,     28.588       
# span 6 =     0.0000,    33.2622       
# span 7 =    -1.8990,    25.8255       
# span 8 = 0.0000e+00, 0.0000e+00       
# interval = seconds: 0.5
# start_time = Jul 21 2015 21:30:27 [Instrument's time stamp, header]
# bad_flag = -9.990e-29
*END*
[from data line 9121]
 202.948929      1.193   0.344926    17.1384    -1.6902      1.183     0.1965    -1.0964 -9.990e-29
 202.948935      1.193   0.344898    17.1390    -1.6905      1.183     0.1965    -1.0965 -9.990e-29
 202.948941      1.193   0.344889    17.1377    -1.6907      1.183     0.1965    -1.0963 -9.990e-29
 202.948947      1.193   0.344886    17.1352    -1.6909      1.183     0.1965    -1.0958 -9.990e-29
 202.948953      1.193   0.344887    17.1317    -1.6909      1.183     0.1965    -1.0952 -9.990e-29
 202.948958      1.193   0.344891    17.1271    -1.6910      1.183     0.1966    -1.0944 -9.990e-29
 202.948964      1.193   0.344906    17.1220    -1.6909      1.183     0.1966    -1.0935 -9.990e-29
 202.948970      1.193   0.344950    17.1168    -1.6907      1.183     0.1966    -1.0925 -9.990e-29
 202.948976      1.193   0.345083    17.1114    -1.6906      1.183     0.1967    -1.0915 -9.990e-29
 202.948981      1.193   0.345480    17.1051    -1.6905      1.183     0.1970    -1.0902 -9.990e-29
 202.948987      1.192   0.346117    17.0981    -1.6905      1.182     0.1974    -1.0886 -9.990e-29
 202.948993      1.192   0.346734    17.0920    -1.6905      1.182     0.1978    -1.0873 -9.990e-29
 202.948999      1.192   0.347043    17.0877    -1.6906      1.182     0.1980    -1.0864 -9.990e-29
 202.949005      1.192   0.346899    17.0853    -1.6912      1.182     0.1979    -1.0860 -9.990e-29
 202.949010      1.191   0.346666    17.0850    -1.6915      1.181     0.1978    -1.0861 -9.990e-29
 202.949016      1.191   0.346588    17.0868    -1.6916      1.181     0.1977    -1.0864 -9.990e-29
 202.949022      1.190   0.346563    17.0897    -1.6917      1.180     0.1977    -1.0869 -9.990e-29
 202.949028      1.189   0.346556    17.0926    -1.6919      1.179     0.1977    -1.0875 -9.990e-29
 202.949034      1.188   0.346557    17.0946    -1.6921      1.178     0.1977    -1.0878 -9.990e-29
 202.949039      1.187   0.346570    17.0952    -1.6924      1.177     0.1977    -1.0879 -9.990e-29
 202.949045      1.185   0.346611    17.0936    -1.6924      1.175     0.1977    -1.0876 -9.990e-29
 202.949051      1.183   0.346734    17.0879    -1.6924      1.173     0.1978    -1.0865 -9.990e-29
 202.949057      1.181   0.347104    17.0784    -1.6924      1.171     0.1981    -1.0847 -9.990e-29
 202.949063      1.177   0.347659    17.0693    -1.6922      1.167     0.1984    -1.0828 -9.990e-29
 202.949068      1.172   0.348029    17.0630    -1.6923      1.162     0.1987    -1.0815 -9.990e-29
 202.949074      1.166   0.348152    17.0581    -1.6923      1.156     0.1988    -1.0806 -9.990e-29
 202.949080      1.163   0.348193    17.0530    -1.6922      1.153     0.1988    -1.0797 -9.990e-29
 202.949086      1.166   0.348207    17.0477    -1.6923      1.156     0.1988    -1.0787 -9.990e-29
 202.949091      1.172   0.348212    17.0432    -1.6924      1.162     0.1989    -1.0779 -9.990e-29
 202.949097      1.177   0.348214    17.0410    -1.6924      1.167     0.1989    -1.0775 -9.990e-29
 202.949103      1.180   0.348218    17.0406    -1.6925      1.170     0.1989    -1.0774 -9.990e-29
 202.949109      1.183   0.348228    17.0414    -1.6927      1.173     0.1989    -1.0776 -9.990e-29
 202.949115      1.185   0.348256    17.0424    -1.6929      1.175     0.1989    -1.0777 -9.990e-29
 202.949120      1.187   0.348340    17.0426    -1.6930      1.177     0.1989    -1.0777 -9.990e-29
 202.949126      1.188   0.348591    17.0429    -1.6930      1.178     0.1991    -1.0777 -9.990e-29
 202.949132      1.189   0.348790    17.0430    -1.6929      1.179     0.1992    -1.0776 -9.990e-29
 202.949138      1.190   0.348646    17.0414    -1.6927      1.180     0.1991    -1.0774 -9.990e-29
 202.949144      1.191   0.348522    17.0387    -1.6928      1.181     0.1991    -1.0770 -9.990e-29
 202.949149      1.191   0.348810    17.0361    -1.6932      1.181     0.1992    -1.0764 -9.990e-29
 202.949155      1.192   0.349338    17.0331    -1.6933      1.182     0.1996    -1.0756 -9.990e-29
 202.949161      1.192   0.349701    17.0290    -1.6934      1.182     0.1998    -1.0747 -9.990e-29
 202.949167      1.192   0.349825    17.0249    -1.6937      1.182     0.1999    -1.0739 -9.990e-29
 202.949172      1.192   0.349878    17.0222    -1.6939      1.182     0.1999    -1.0734 -9.990e-29
 202.949178      1.193   0.349928    17.0219    -1.6939      1.183     0.2000    -1.0733 -9.990e-29
 202.949184      1.193   0.350042    17.0233    -1.6941      1.183     0.2000    -1.0735 -9.990e-29
 202.949190      1.193   0.350374    17.0242    -1.6943      1.183     0.2002    -1.0735 -9.990e-29
 202.949196      1.193   0.350811    17.0215    -1.6942      1.183     0.2005    -1.0729 -9.990e-29
 202.949201      1.193   0.350825    17.0159    -1.6942      1.183     0.2005    -1.0719 -9.990e-29
 202.949207      1.193   0.350434    17.0104    -1.6942      1.183     0.2003    -1.0711 -9.990e-29
 202.949213      1.193   0.350229    17.0050    -1.6941      1.183     0.2002    -1.0702 -9.990e-29
 202.949219      1.193   0.350489    16.9991    -1.6940      1.183     0.2004    -1.0690 -9.990e-29
 202.949225      1.193   0.351007    16.9941    -1.6938      1.183     0.2007    -1.0679 -9.990e-29
 202.949230      1.193   0.351365    16.9905    -1.6938      1.183     0.2009    -1.0671 -9.990e-29
 202.949236      1.193   0.351484    16.9869    -1.6938      1.183     0.2010    -1.0664 -9.990e-29
 202.949242      1.193   0.351524    16.9840    -1.6938      1.183     0.2011    -1.0659 -9.990e-29
 202.949248      1.193   0.351538    16.9833    -1.6937      1.183     0.2011    -1.0658 -9.990e-29
 202.949253      1.193   0.351543    16.9839    -1.6936      1.183     0.2011    -1.0659 -9.990e-29
 202.949259      1.193   0.351546    16.9851    -1.6937      1.183     0.2011    -1.0661 -9.990e-29
 202.949265      1.193   0.351551    16.9874    -1.6939      1.183     0.2011    -1.0665 -9.990e-29
 202.949271      1.193   0.351565    16.9906    -1.6941      1.183     0.2011    -1.0670 -9.990e-29
 202.949277      1.193   0.351606    16.9934    -1.6941      1.183     0.2011    -1.0675 -9.990e-29
 202.949282      1.193   0.351729    16.9947    -1.6941      1.183     0.2011    -1.0677 -9.990e-29
 202.949288      1.193   0.352099    16.9951    -1.6941      1.183     0.2013    -1.0676 -9.990e-29
 202.949294      1.193   0.352654    16.9959    -1.6940      1.183     0.2017    -1.0675 -9.990e-29
 202.949300      1.193   0.353024    16.9970    -1.6940      1.183     0.2019    -1.0675 -9.990e-29
 202.949306      1.193   0.353148    16.9971    -1.6943      1.183     0.2019    -1.0675 -9.990e-29
 202.949311      1.193   0.353189    16.9951    -1.6943      1.183     0.2020    -1.0671 -9.990e-29
 202.949317      1.193   0.353203    16.9916    -1.6941      1.183     0.2020    -1.0665 -9.990e-29
 202.949323      1.193   0.353211    16.9887    -1.6939      1.183     0.2020    -1.0660 -9.990e-29
 202.949329      1.193   0.353222    16.9875    -1.6939      1.183     0.2020    -1.0657 -9.990e-29
 202.949334      1.193   0.353251    16.9872    -1.6938      1.183     0.2021    -1.0657 -9.990e-29
 202.949340      1.193   0.353334    16.9871    -1.6939      1.183     0.2021    -1.0656 -9.990e-29
 202.949346      1.193   0.353582    16.9872    -1.6938      1.183     0.2022    -1.0655 -9.990e-29
 202.949352      1.193   0.353772    16.9863    -1.6935      1.183     0.2024    -1.0653 -9.990e-29
 202.949358      1.193   0.353601    16.9843    -1.6932      1.183     0.2023    -1.0650 -9.990e-29
 202.949363      1.193   0.353395    16.9838    -1.6930      1.183     0.2022    -1.0650 -9.990e-29
 202.949369      1.193   0.353436    16.9862    -1.6928      1.183     0.2022    -1.0654 -9.990e-29
 202.949375      1.193   0.353779    16.9896    -1.6927      1.183     0.2023    -1.0659 -9.990e-29
 202.949381      1.193   0.354325    16.9922    -1.6924      1.183     0.2027    -1.0661 -9.990e-29
 202.949387      1.193   0.354694    16.9940    -1.6920      1.183     0.2029    -1.0662 -9.990e-29
 202.949392      1.193   0.354821    16.9958    -1.6919      1.183     0.2029    -1.0665 -9.990e-29
 202.949398      1.193   0.354875    16.9992    -1.6919      1.183     0.2029    -1.0671 -9.990e-29
 202.949404      1.193   0.354929    17.0050    -1.6919      1.183     0.2029    -1.0681 -9.990e-29
 202.949410      1.193   0.355057    17.0118    -1.6919      1.183     0.2030    -1.0692 -9.990e-29
 202.949416      1.193   0.355427    17.0184    -1.6920      1.183     0.2032    -1.0703 -9.990e-29
 202.949421      1.193   0.355980    17.0243    -1.6923      1.183     0.2035    -1.0711 -9.990e-29
 202.949427      1.193   0.356341    17.0301    -1.6926      1.183     0.2036    -1.0719 -9.990e-29
 202.949433      1.193   0.356437    17.0374    -1.6928      1.183     0.2037    -1.0732 -9.990e-29
 202.949439      1.193   0.356396    17.0449    -1.6928      1.183     0.2036    -1.0745 -9.990e-29
 202.949444      1.193   0.356163    17.0497    -1.6928      1.183     0.2035    -1.0755 -9.990e-29
 202.949450      1.193   0.355983    17.0515    -1.6926      1.183     0.2033    -1.0759 -9.990e-29
 202.949456      1.193   0.356171    17.0512    -1.6926      1.183     0.2035    -1.0758 -9.990e-29
 202.949462      1.193   0.356423    17.0493    -1.6925      1.183     0.2036    -1.0753 -9.990e-29
 202.949468      1.193   0.356518    17.0455    -1.6925      1.183     0.2037    -1.0746 -9.990e-29
 202.949473      1.193   0.356582    17.0396    -1.6926      1.183     0.2037    -1.0735 -9.990e-29
 202.949479      1.193   0.356702    17.0332    -1.6926      1.183     0.2038    -1.0723 -9.990e-29
 202.949485      1.193   0.357039    17.0288    -1.6928      1.183     0.2041    -1.0714 -9.990e-29
 202.949491      1.193   0.357485    17.0271    -1.6927      1.183     0.2043    -1.0709 -9.990e-29
 202.949497      1.193   0.357527    17.0274    -1.6928      1.183     0.2044    -1.0709 -9.990e-29
 202.949502      1.193   0.357219    17.0288    -1.6932      1.183     0.2042    -1.0713 -9.990e-29
 202.949508      1.193   0.357260    17.0304    -1.6935      1.183     0.2042    -1.0716 -9.990e-29
 202.949514      1.193   0.357705    17.0317    -1.6937      1.183     0.2044    -1.0716 -9.990e-29
 202.949520      1.193   0.358039    17.0318    -1.6933      1.183     0.2046    -1.0715 -9.990e-29
 202.949525      1.193   0.358150    17.0305    -1.6931      1.183     0.2047    -1.0712 -9.990e-29
 202.949531      1.193   0.358187    17.0285    -1.6930      1.183     0.2047    -1.0708 -9.990e-29
 202.949537      1.193   0.358199    17.0265    -1.6929      1.183     0.2047    -1.0705 -9.990e-29
 202.949543      1.193   0.358204    17.0242    -1.6929      1.183     0.2048    -1.0700 -9.990e-29
 202.949549      1.193   0.358207    17.0202    -1.6929      1.183     0.2048    -1.0693 -9.990e-29
 202.949554      1.193   0.358212    17.0139    -1.6930      1.183     0.2048    -1.0682 -9.990e-29
 202.949560      1.193   0.358226    17.0078    -1.6931      1.183     0.2049    -1.0671 -9.990e-29
 202.949566      1.193   0.358267    17.0056    -1.6932      1.183     0.2049    -1.0667 -9.990e-29
 202.949572      1.193   0.358390    17.0083    -1.6932      1.183     0.2049    -1.0671 -9.990e-29
 202.949578      1.192   0.358760    17.0126    -1.6932      1.182     0.2051    -1.0677 -9.990e-29
 202.949583      1.192   0.359315    17.0161    -1.6932      1.182     0.2054    -1.0681 -9.990e-29
 202.949589      1.192   0.359685    17.0183    -1.6932      1.182     0.2057    -1.0683 -9.990e-29
 202.949595      1.192   0.359808    17.0193    -1.6932      1.182     0.2057    -1.0684 -9.990e-29
 202.949601      1.191   0.359849    17.0191    -1.6931      1.181     0.2057    -1.0684 -9.990e-29
 202.949606      1.191   0.359863    17.0179    -1.6930      1.181     0.2058    -1.0682 -9.990e-29
 202.949612      1.190   0.359868    17.0160    -1.6930      1.180     0.2058    -1.0678 -9.990e-29
 202.949618      1.189   0.359872    17.0141    -1.6929      1.179     0.2058    -1.0675 -9.990e-29
 202.949624      1.188   0.359879    17.0129    -1.6928      1.178     0.2058    -1.0673 -9.990e-29
 202.949630      1.187   0.359898    17.0126    -1.6927      1.177     0.2058    -1.0672 -9.990e-29
 202.949635      1.185   0.359954    17.0126    -1.6926      1.175     0.2058    -1.0672 -9.990e-29
 202.949641      1.183   0.360122    17.0126    -1.6923      1.173     0.2059    -1.0671 -9.990e-29
 202.949647      1.180   0.360441    17.0135    -1.6922      1.170     0.2061    -1.0671 -9.990e-29
 202.949653      1.176   0.360782    17.0155    -1.6922      1.166     0.2063    -1.0673 -9.990e-29
 202.949659      1.172   0.360859    17.0175    -1.6921      1.162     0.2063    -1.0677 -9.990e-29
 202.949664      1.170   0.360772    17.0195    -1.6918      1.160     0.2063    -1.0681 -9.990e-29
 202.949670      1.175   0.360776    17.0220    -1.6917      1.165     0.2063    -1.0685 -9.990e-29
 202.949676      1.183   0.360876    17.0251    -1.6917      1.173     0.2063    -1.0690 -9.990e-29
 202.949682      1.191   0.361204    17.0287    -1.6918      1.181     0.2065    -1.0695 -9.990e-29
 202.949688      1.198   0.361643    17.0328    -1.6921      1.188     0.2067    -1.0700 -9.990e-29
 202.949693      1.202   0.362224    17.0370    -1.6922      1.192     0.2070    -1.0705 -9.990e-29
 202.949699      1.198   0.363166    17.0403    -1.6923      1.188     0.2076    -1.0707 -9.990e-29
 202.949705      1.189   0.364059    17.0432    -1.6923      1.179     0.2081    -1.0708 -9.990e-29
 202.949711      1.181   0.364428    17.0469    -1.6923      1.171     0.2083    -1.0713 -9.990e-29
 202.949716      1.171   0.364211    17.0512    -1.6925      1.161     0.2081    -1.0722 -9.990e-29
 202.949722      1.165   0.363672    17.0541    -1.6925      1.155     0.2078    -1.0729 -9.990e-29
 202.949728      1.165   0.363202    17.0543    -1.6925      1.155     0.2075    -1.0732 -9.990e-29
 202.949734      1.168   0.362730    17.0519    -1.6925      1.158     0.2073    -1.0730 -9.990e-29
 202.949740      1.169   0.362182    17.0475    -1.6924      1.159     0.2070    -1.0724 -9.990e-29
 202.949745      1.168   0.361936    17.0430    -1.6923      1.158     0.2068    -1.0717 -9.990e-29
 202.949751      1.167   0.362220    17.0400    -1.6921      1.157     0.2070    -1.0711 -9.990e-29
 202.949757      1.163   0.362856    17.0382    -1.6921      1.153     0.2074    -1.0705 -9.990e-29
 202.949763      1.158   0.363582    17.0362    -1.6920      1.148     0.2078    -1.0698 -9.990e-29
 202.949769      1.150   0.364256    17.0339    -1.6922      1.140     0.2082    -1.0691 -9.990e-29
 202.949774      1.139   0.364666    17.0323    -1.6922      1.129     0.2085    -1.0686 -9.990e-29
 202.949780      1.134   0.364802    17.0323    -1.6922      1.125     0.2086    -1.0685 -9.990e-29
 202.949786      1.142   0.364848    17.0337    -1.6921      1.132     0.2086    -1.0688 -9.990e-29
 202.949792      1.155   0.364864    17.0361    -1.6921      1.145     0.2086    -1.0692 -9.990e-29
 202.949797      1.166   0.364870    17.0393    -1.6922      1.156     0.2086    -1.0697 -9.990e-29
 202.949803      1.175   0.364872    17.0424    -1.6923      1.165     0.2086    -1.0703 -9.990e-29
 202.949809      1.183   0.364875    17.0443    -1.6923      1.173     0.2085    -1.0706 -9.990e-29
 202.949815      1.190   0.364880    17.0446    -1.6921      1.180     0.2085    -1.0707 -9.990e-29
 202.949821      1.197   0.364894    17.0436    -1.6918      1.187     0.2086    -1.0705 -9.990e-29
 202.949826      1.204   0.364935    17.0428    -1.6917      1.194     0.2086    -1.0703 -9.990e-29
 202.949832      1.212   0.365059    17.0432    -1.6922      1.202     0.2087    -1.0704 -9.990e-29
 202.949838      1.217   0.365429    17.0438    -1.6923      1.207     0.2089    -1.0703 -9.990e-29
 202.949844      1.215   0.365983    17.0432    -1.6923      1.205     0.2092    -1.0699 -9.990e-29
