data/oxygen options/OCNMS/OCNMS1/raw_data/2015/CAST_KL027_150721faed.cnv
* Sea-Bird SBE 19 Data File:
* FileName = C:\2015 Mooring Data\Casts\CAST_KL027_150721.hex
* Software Version SeatermAF 2.1.2
* Temperature SN = 2997
* Conductivity SN = 2997
* System UpLoad Time = Jul 22 2015 00:29:09 (localtime) = Jul 22 2015 00:29:09 (UTC)
** CAST_KL027_150721.hex
* ds
# nquan = 9                                 
# nvalues = 14551                       
# units = specified
# name 0 = timeJ: Julian Days
# name 1 = prSM: Pressure, Strain Gauge [db]
# name 2 = c0mS/cm: Conductivity [mS/cm]
# name 3 = t090C: Temperature [ITS-90, deg C]
# name 4 = sbeox0ML/L: Oxygen, SBE 43 [ml/l]
# name 5 = depSM: Depth [salt water, m], lat = 47.5
# name 6 = sal00: Salinity, Practical [PSU]
# name 7 = sigma-é00: Density [sigma-theta, kg/m^3]
# name 8 = flag: flag
# span 0 = 202.896146, 202.980347       
# span 1 =     -5.522,     28.831       
# span 2 =  -0.000408,  40.619964       
# span 3 =     8.5619,    20.5359       
# span 4 =    -8.7035,    13.0281       
# span 5 =     -5.476,     28.588       
# span 6 =     0.0000,    33.2622       
# span 7 =    -1.8990,    25.8255       
# span 8 = 0.0000e+00, 0.0000e+00       
# interval = seconds: 0.5
# start_time = Jul 21 2015 21:30:27 [Instrument's time stamp, header]
# bad_flag = -9.990e-29
*END*
[from data line 7041]
 202.936892      1.103   0.492696    17.2575    -1.6850      1.094     0.2821    -1.0515 -9.990e-29
 202.936898      1.103   0.492767    17.2587    -1.6849      1.094     0.2822    -1.0517 -9.990e-29
 202.936904      1.110   0.492991    17.2585    -1.6848      1.101     0.2823    -1.0515 -9.990e-29
 202.936910      1.124   0.493112    17.2561    -1.6847      1.115     0.2824    -1.0510 -9.990e-29
 202.936916      1.138   0.493293    17.2525    -1.6850      1.128     0.2825    -1.0503 -9.990e-29
 202.936921      1.149   0.493773    17.2486    -1.6850      1.139     0.2828    -1.0494 -9.990e-29
 202.936927      1.157   0.494641    17.2447    -1.6854      1.147     0.2834    -1.0483 -9.990e-29
 202.936933      1.162   0.495390    17.2422    -1.6858      1.152     0.2838    -1.0475 -9.990e-29
 202.936939      1.166   0.495354    17.2412    -1.6860      1.156     0.2838    -1.0473 -9.990e-29
 202.936944      1.168   0.494483    17.2415    -1.6862      1.158     0.2833    -1.0478 -9.990e-29
 202.936950      1.169   0.493283    17.2429    -1.6863      1.159     0.2826    -1.0486 -9.990e-29
 202.936956      1.168   0.492376    17.2444    -1.6862      1.158     0.2820    -1.0492 -9.990e-29
 202.936962      1.165   0.492217    17.2437    -1.6860      1.155     0.2820    -1.0492 -9.990e-29
 202.936968      1.161   0.492595    17.2399    -1.6860      1.151     0.2822    -1.0483 -9.990e-29
 202.936973      1.154   0.492906    17.2338    -1.6858      1.144     0.2824    -1.0471 -9.990e-29
 202.936979      1.149   0.493010    17.2259    -1.6856      1.139     0.2825    -1.0456 -9.990e-29
 202.936985      1.151   0.493044    17.2175    -1.6855      1.141     0.2826    -1.0440 -9.990e-29
 202.936991      1.153   0.493055    17.2102    -1.6853      1.143     0.2827    -1.0427 -9.990e-29
 202.936997      1.153   0.493059    17.2051    -1.6852      1.143     0.2827    -1.0418 -9.990e-29
 202.937002      1.151   0.493060    17.2029    -1.6850      1.141     0.2827    -1.0414 -9.990e-29
 202.937008      1.145   0.493061    17.2036    -1.6849      1.135     0.2827    -1.0415 -9.990e-29
 202.937014      1.137   0.493065    17.2060    -1.6847      1.128     0.2827    -1.0419 -9.990e-29
 202.937020      1.130   0.493078    17.2094    -1.6845      1.121     0.2827    -1.0426 -9.990e-29
 202.937025      1.127   0.493117    17.2134    -1.6842      1.118     0.2827    -1.0433 -9.990e-29
 202.937031      1.124   0.493235    17.2178    -1.6840      1.115     0.2827    -1.0440 -9.990e-29
 202.937037      1.121   0.493590    17.2225    -1.6840      1.112     0.2829    -1.0447 -9.990e-29
 202.937043      1.122   0.494100    17.2274    -1.6842      1.113     0.2832    -1.0454 -9.990e-29
 202.937049      1.128   0.494338    17.2326    -1.6842      1.119     0.2833    -1.0462 -9.990e-29
 202.937054      1.137   0.494066    17.2378    -1.6842      1.128     0.2831    -1.0473 -9.990e-29
 202.937060      1.148   0.493477    17.2431    -1.6842      1.138     0.2827    -1.0485 -9.990e-29
 202.937066      1.155   0.492897    17.2489    -1.6842      1.145     0.2823    -1.0498 -9.990e-29
 202.937072      1.161   0.492662    17.2555    -1.6840      1.151     0.2821    -1.0511 -9.990e-29
 202.937078      1.164   0.493014    17.2622    -1.6838      1.154     0.2823    -1.0522 -9.990e-29
 202.937083      1.165   0.493313    17.2668    -1.6838      1.155     0.2824    -1.0529 -9.990e-29
 202.937089      1.164   0.492849    17.2676    -1.6838      1.154     0.2822    -1.0533 -9.990e-29
 202.937095      1.162   0.492114    17.2660    -1.6839      1.152     0.2817    -1.0533 -9.990e-29
 202.937101      1.158   0.491795    17.2647    -1.6836      1.148     0.2816    -1.0532 -9.990e-29
 202.937106      1.156   0.492021    17.2644    -1.6837      1.146     0.2817    -1.0530 -9.990e-29
 202.937112      1.160   0.492538    17.2651    -1.6837      1.150     0.2820    -1.0529 -9.990e-29
 202.937118      1.166   0.492928    17.2669    -1.6839      1.156     0.2822    -1.0531 -9.990e-29
 202.937124      1.171   0.493156    17.2699    -1.6838      1.161     0.2823    -1.0535 -9.990e-29
 202.937130      1.174   0.493526    17.2727    -1.6838      1.164     0.2825    -1.0539 -9.990e-29
 202.937135      1.176   0.493976    17.2744    -1.6839      1.166     0.2828    -1.0540 -9.990e-29
 202.937141      1.176   0.493997    17.2753    -1.6839      1.166     0.2828    -1.0541 -9.990e-29
 202.937147      1.176   0.493435    17.2767    -1.6837      1.166     0.2825    -1.0547 -9.990e-29
 202.937153      1.175   0.492649    17.2783    -1.6835      1.165     0.2820    -1.0553 -9.990e-29
 202.937159      1.173   0.492074    17.2786    -1.6834      1.163     0.2816    -1.0556 -9.990e-29
 202.937164      1.169   0.492051    17.2777    -1.6833      1.159     0.2816    -1.0555 -9.990e-29
 202.937170      1.163   0.492363    17.2764    -1.6830      1.153     0.2818    -1.0551 -9.990e-29
 202.937176      1.156   0.492315    17.2756    -1.6829      1.146     0.2818    -1.0550 -9.990e-29
 202.937182      1.147   0.491844    17.2754    -1.6826      1.137     0.2815    -1.0551 -9.990e-29
 202.937187      1.138   0.491431    17.2756    -1.6823      1.128     0.2813    -1.0554 -9.990e-29
 202.937193      1.135   0.491078    17.2768    -1.6821      1.126     0.2811    -1.0557 -9.990e-29
 202.937199      1.133   0.490870    17.2797    -1.6820      1.124     0.2809    -1.0564 -9.990e-29
 202.937205      1.130   0.491084    17.2842    -1.6817      1.121     0.2810    -1.0571 -9.990e-29
 202.937211      1.133   0.491447    17.2891    -1.6815      1.124     0.2812    -1.0578 -9.990e-29
 202.937216      1.136   0.491888    17.2941    -1.6815      1.127     0.2814    -1.0585 -9.990e-29
 202.937222      1.135   0.492442    17.2996    -1.6813      1.126     0.2817    -1.0593 -9.990e-29
 202.937228      1.135   0.492735    17.3058    -1.6816      1.126     0.2819    -1.0603 -9.990e-29
 202.937234      1.140   0.492602    17.3132    -1.6816      1.130     0.2817    -1.0617 -9.990e-29
 202.937240      1.146   0.492420    17.3209    -1.6815      1.136     0.2816    -1.0632 -9.990e-29
 202.937245      1.148   0.492502    17.3276    -1.6815      1.138     0.2816    -1.0644 -9.990e-29
 202.937251      1.148   0.492400    17.3335    -1.6816      1.138     0.2815    -1.0655 -9.990e-29
 202.937257      1.145   0.491979    17.3394    -1.6816      1.135     0.2812    -1.0668 -9.990e-29
 202.937263      1.143   0.491787    17.3445    -1.6813      1.133     0.2810    -1.0678 -9.990e-29
 202.937269      1.147   0.492122    17.3475    -1.6812      1.137     0.2812    -1.0682 -9.990e-29
 202.937274      1.152   0.492873    17.3481    -1.6812      1.142     0.2817    -1.0680 -9.990e-29
 202.937280      1.155   0.493378    17.3470    -1.6810      1.145     0.2820    -1.0675 -9.990e-29
 202.937286      1.155   0.493199    17.3462    -1.6811      1.145     0.2819    -1.0675 -9.990e-29
 202.937292      1.153   0.492650    17.3460    -1.6811      1.143     0.2815    -1.0677 -9.990e-29
 202.937297      1.152   0.492109    17.3458    -1.6810      1.142     0.2812    -1.0679 -9.990e-29
 202.937303      1.157   0.491965    17.3462    -1.6810      1.147     0.2811    -1.0680 -9.990e-29
 202.937309      1.164   0.492023    17.3484    -1.6811      1.154     0.2812    -1.0684 -9.990e-29
 202.937315      1.170   0.491807    17.3521    -1.6811      1.160     0.2810    -1.0692 -9.990e-29
 202.937321      1.174   0.491583    17.3551    -1.6812      1.164     0.2809    -1.0698 -9.990e-29
 202.937326      1.177   0.491607    17.3573    -1.6814      1.167     0.2808    -1.0702 -9.990e-29
 202.937332      1.179   0.491909    17.3591    -1.6814      1.169     0.2810    -1.0704 -9.990e-29
 202.937338      1.179   0.492338    17.3600    -1.6813      1.169     0.2813    -1.0704 -9.990e-29
 202.937344      1.179   0.492355    17.3606    -1.6812      1.169     0.2813    -1.0705 -9.990e-29
 202.937350      1.179   0.491982    17.3612    -1.6810      1.169     0.2810    -1.0708 -9.990e-29
 202.937355      1.177   0.491830    17.3612    -1.6810      1.167     0.2810    -1.0708 -9.990e-29
 202.937361      1.174   0.492250    17.3602    -1.6812      1.164     0.2812    -1.0705 -9.990e-29
 202.937367      1.170   0.493247    17.3582    -1.6818      1.160     0.2818    -1.0697 -9.990e-29
 202.937373      1.164   0.494483    17.3556    -1.6820      1.154     0.2825    -1.0686 -9.990e-29
 202.937378      1.161   0.495387    17.3535    -1.6821      1.151     0.2831    -1.0678 -9.990e-29
 202.937384      1.165   0.495497    17.3533    -1.6821      1.155     0.2832    -1.0677 -9.990e-29
 202.937390      1.171   0.494961    17.3550    -1.6820      1.161     0.2828    -1.0683 -9.990e-29
 202.937396      1.175   0.494171    17.3576    -1.6818      1.165     0.2824    -1.0691 -9.990e-29
 202.937402      1.179   0.493184    17.3594    -1.6815      1.169     0.2818    -1.0699 -9.990e-29
 202.937407      1.181   0.492350    17.3578    -1.6813      1.171     0.2813    -1.0700 -9.990e-29
 202.937413      1.183   0.492220    17.3515    -1.6812      1.173     0.2812    -1.0689 -9.990e-29
 202.937419      1.185   0.492620    17.3426    -1.6812      1.175     0.2815    -1.0671 -9.990e-29
 202.937425      1.185   0.492974    17.3355    -1.6812      1.175     0.2818    -1.0656 -9.990e-29
 202.937431      1.185   0.493199    17.3322    -1.6812      1.175     0.2819    -1.0649 -9.990e-29
 202.937436      1.185   0.493592    17.3318    -1.6813      1.175     0.2822    -1.0647 -9.990e-29
 202.937442      1.184   0.494124    17.3339    -1.6814      1.174     0.2825    -1.0648 -9.990e-29
 202.937448      1.183   0.494393    17.3387    -1.6813      1.173     0.2826    -1.0656 -9.990e-29
 202.937454      1.181   0.494201    17.3450    -1.6815      1.171     0.2825    -1.0668 -9.990e-29
 202.937459      1.178   0.493846    17.3504    -1.6820      1.168     0.2822    -1.0680 -9.990e-29
 202.937465      1.175   0.493964    17.3535    -1.6824      1.165     0.2823    -1.0685 -9.990e-29
 202.937471      1.170   0.494712    17.3549    -1.6826      1.160     0.2827    -1.0684 -9.990e-29
 202.937477      1.163   0.495421    17.3555    -1.6827      1.153     0.2831    -1.0682 -9.990e-29
 202.937483      1.159   0.495372    17.3555    -1.6827      1.149     0.2831    -1.0682 -9.990e-29
 202.937488      1.162   0.494498    17.3543    -1.6825      1.152     0.2826    -1.0684 -9.990e-29
 202.937494      1.167   0.493299    17.3522    -1.6823      1.157     0.2819    -1.0685 -9.990e-29
 202.937500      1.170   0.492395    17.3490    -1.6822      1.160     0.2814    -1.0684 -9.990e-29
 202.937506      1.172   0.492243    17.3424    -1.6821      1.162     0.2813    -1.0672 -9.990e-29
 202.937512      1.172   0.492641    17.3327    -1.6819      1.162     0.2816    -1.0653 -9.990e-29
 202.937517      1.171   0.493010    17.3233    -1.6818      1.161     0.2819    -1.0634 -9.990e-29
 202.937523      1.168   0.493287    17.3165    -1.6816      1.158     0.2821    -1.0620 -9.990e-29
 202.937529      1.164   0.493838    17.3129    -1.6815      1.154     0.2825    -1.0611 -9.990e-29
 202.937535      1.159   0.494844    17.3128    -1.6814      1.149     0.2830    -1.0606 -9.990e-29
 202.937541      1.151   0.495978    17.3161    -1.6813      1.141     0.2837    -1.0607 -9.990e-29
 202.937546      1.140   0.496533    17.3207    -1.6812      1.130     0.2840    -1.0613 -9.990e-29
 202.937552      1.130   0.496139    17.3250    -1.6812      1.121     0.2837    -1.0623 -9.990e-29
 202.937558      1.125   0.495380    17.3290    -1.6813      1.116     0.2833    -1.0633 -9.990e-29
 202.937564      1.120   0.494907    17.3335    -1.6812      1.111     0.2829    -1.0644 -9.990e-29
 202.937569      1.114   0.494645    17.3387    -1.6811      1.105     0.2828    -1.0654 -9.990e-29
 202.937575      1.112   0.494244    17.3433    -1.6811      1.103     0.2825    -1.0665 -9.990e-29
 202.937581      1.109   0.493724    17.3466    -1.6812      1.100     0.2822    -1.0673 -9.990e-29
 202.937587      1.106   0.493500    17.3493    -1.6813      1.097     0.2820    -1.0679 -9.990e-29
 202.937593      1.105   0.493828    17.3520    -1.6810      1.096     0.2822    -1.0683 -9.990e-29
 202.937598      1.103   0.494589    17.3540    -1.6807      1.094     0.2826    -1.0683 -9.990e-29
 202.937604      1.095   0.495130    17.3547    -1.6806      1.086     0.2829    -1.0682 -9.990e-29
 202.937610      1.085   0.495064    17.3551    -1.6805      1.076     0.2829    -1.0683 -9.990e-29
 202.937616      1.081   0.494856    17.3559    -1.6805      1.072     0.2828    -1.0685 -9.990e-29
 202.937622      1.083   0.494783    17.3567    -1.6806      1.074     0.2827    -1.0687 -9.990e-29
 202.937627      1.087   0.494747    17.3569    -1.6807      1.078     0.2827    -1.0687 -9.990e-29
 202.937633      1.097   0.494700    17.3568    -1.6809      1.088     0.2827    -1.0687 -9.990e-29
 202.937639      1.114   0.494579    17.3587    -1.6814      1.105     0.2826    -1.0691 -9.990e-29
 202.937645      1.129   0.494223    17.3641    -1.6820      1.120     0.2823    -1.0703 -9.990e-29
 202.937650      1.141   0.493709    17.3703    -1.6824      1.131     0.2820    -1.0717 -9.990e-29
 202.937656      1.150   0.493463    17.3744    -1.6826      1.140     0.2818    -1.0725 -9.990e-29
 202.937662      1.155   0.493710    17.3762    -1.6828      1.145     0.2820    -1.0728 -9.990e-29
 202.937668      1.159   0.494224    17.3758    -1.6828      1.149     0.2823    -1.0724 -9.990e-29
 202.937674      1.160   0.494580    17.3732    -1.6827      1.150     0.2825    -1.0718 -9.990e-29
 202.937679      1.159   0.494698    17.3682    -1.6827      1.149     0.2826    -1.0708 -9.990e-29
 202.937685      1.156   0.494734    17.3602    -1.6830      1.146     0.2827    -1.0694 -9.990e-29
 202.937691      1.155   0.494735    17.3485    -1.6831      1.145     0.2827    -1.0672 -9.990e-29
 202.937697      1.160   0.494702    17.3351    -1.6830      1.150     0.2828    -1.0648 -9.990e-29
 202.937703      1.167   0.494590    17.3235    -1.6830      1.157     0.2828    -1.0627 -9.990e-29
 202.937708      1.172   0.494248    17.3153    -1.6829      1.162     0.2827    -1.0613 -9.990e-29
 202.937714      1.177   0.493773    17.3105    -1.6829      1.167     0.2824    -1.0607 -9.990e-29
 202.937720      1.180   0.493642    17.3088    -1.6831      1.170     0.2824    -1.0604 -9.990e-29
 202.937726      1.182   0.493681    17.3082    -1.6830      1.172     0.2824    -1.0603 -9.990e-29
 202.937731      1.184   0.493385    17.3061    -1.6829      1.174     0.2822    -1.0600 -9.990e-29
 202.937737      1.185   0.492915    17.3027    -1.6833      1.175     0.2820    -1.0596 -9.990e-29
 202.937743      1.186   0.492754    17.3006    -1.6836      1.176     0.2819    -1.0593 -9.990e-29
 202.937749      1.186   0.493241    17.3006    -1.6837      1.176     0.2822    -1.0591 -9.990e-29
 202.937755      1.186   0.493913    17.3017    -1.6837      1.176     0.2826    -1.0590 -9.990e-29
 202.937760      1.185   0.494002    17.3025    -1.6840      1.175     0.2826    -1.0591 -9.990e-29
 202.937766      1.184   0.493625    17.3017    -1.6842      1.174     0.2824    -1.0591 -9.990e-29
 202.937772      1.182   0.493390    17.3003    -1.6845      1.172     0.2823    -1.0590 -9.990e-29
 202.937778      1.180   0.493538    17.2997    -1.6846      1.170     0.2824    -1.0588 -9.990e-29
 202.937784      1.177   0.493710    17.2976    -1.6849      1.167     0.2825    -1.0583 -9.990e-29
 202.937789      1.172   0.493580    17.2917    -1.6850      1.162     0.2824    -1.0573 -9.990e-29
 202.937795      1.167   0.493529    17.2847    -1.6857      1.157     0.2825    -1.0561 -9.990e-29
 202.937801      1.159   0.494044    17.2791    -1.6864      1.149     0.2828    -1.0548 -9.990e-29
 202.937807      1.150   0.495254    17.2744    -1.6866      1.140     0.2835    -1.0534 -9.990e-29
