data/oxygen options/OCNMS/OCNMS1/raw_data/2015/CAST_TH042_150904faed.cnv
* Sea-Bird SBE19 Data File:
* FileName = C:\2015 Mooring Data\Casts\CAST_TH042_150904.hex
* Software Version 1.59
* Temperature SN = 2997
* Conductivity SN = 2997
* System UpLoad Time = Sep 04 2015 20:15:49
** CAST_TH042_150904
* ds
# nquan = 9                                 
# nvalues = 1178                        
# units = specified
# name 0 = timeJ: Julian Days
# name 1 = prSM: Pressure, Strain Gauge [db]
# name 2 = c0mS/cm: Conductivity [mS/cm]
# name 3 = t090C: Temperature [ITS-90, deg C]
# name 4 = sbeox0ML/L: Oxygen, SBE 43 [ml/l]
# name 5 = depSM: Depth [salt water, m], lat = 47.5
# name 6 = sal00: Salinity, Practical [PSU]
# name 7 = sigma-é00: Density [sigma-theta, kg/m^3]
# name 8 = flag: flag
# span 0 = 247.782060, 247.788872       
# span 1 =     -4.961,     43.195       
# span 2 =   0.377024,  39.971608       
# span 3 =    10.7383,    15.2496       
# span 4 =    -1.7827,    10.0302       
# span 5 =     -4.920,     42.830       
# span 6 =     0.2285,    32.7661       
# span 7 =    -0.7522,    25.0722       
# span 8 = 0.0000e+00, 0.0000e+00       
# interval = seconds: 0.5
# start_time = Sep 04 2015 18:46:10 [Instrument's time stamp, header]
# bad_flag = -9.990e-29
*END*
[from data line 321]
 247.783918     -0.190   0.398430    14.9828    -1.7545     -0.188     0.2395    -0.7106 -9.990e-29
 247.783924     -0.195   0.398431    15.0363    -1.7555     -0.193     0.2392    -0.7189 -9.990e-29
 247.783929     -0.198   0.398433    15.0883    -1.7565     -0.196     0.2389    -0.7271 -9.990e-29
 247.783935     -0.196   0.398440    15.1374    -1.7567     -0.194     0.2386    -0.7348 -9.990e-29
 247.783941     -0.192   0.398459    15.1825    -1.7569     -0.190     0.2384    -0.7419 -9.990e-29
 247.783947     -0.191   0.398517    15.2214    -1.7569     -0.189     0.2382    -0.7480 -9.990e-29
 247.783953     -0.192   0.398690    15.2467    -1.7572     -0.190     0.2381    -0.7520 -9.990e-29
 247.783958     -0.192   0.399209    15.2496    -1.7578     -0.190     0.2384    -0.7522 -9.990e-29
 247.783964     -0.185   0.400212    15.2319    -1.7587     -0.183     0.2392    -0.7489 -9.990e-29
 247.783970     -0.176   0.401371    15.2052    -1.7595     -0.175     0.2400    -0.7441 -9.990e-29
 247.783976     -0.169   0.402009    15.1790    -1.7598     -0.168     0.2406    -0.7397 -9.990e-29
 247.783981     -0.162   0.401866    15.1582    -1.7604     -0.161     0.2406    -0.7364 -9.990e-29
 247.783987     -0.156   0.401306    15.1452    -1.7606     -0.155     0.2403    -0.7347 -9.990e-29
 247.783993     -0.151   0.400692    15.1377    -1.7606     -0.150     0.2400    -0.7338 -9.990e-29
 247.783999     -0.145   0.400318    15.1312    -1.4740     -0.144     0.2398    -0.7329 -9.990e-29
 247.784005     -0.138   0.400238    15.1213    -1.4428     -0.137     0.2398    -0.7314 -9.990e-29
 247.784010     -0.131   0.400903    15.1059    -1.4432     -0.130     0.2403    -0.7287 -9.990e-29
 247.784016     -0.122   0.404307    15.0872    -1.4446     -0.121     0.2425    -0.7241 -9.990e-29
 247.784022     -0.112   0.415544    15.0697    -1.4450     -0.111     0.2495    -0.7160 -9.990e-29
 247.784028     -0.098   0.449598    15.0560    -1.4454     -0.097     0.2706    -0.6976 -9.990e-29
 247.784034     -0.082   0.551873    15.0463    -1.4458     -0.081     0.3343    -0.6468 -9.990e-29
 247.784039     -0.061   0.858737    15.0428    -1.4455     -0.060     0.5287    -0.4959 -9.990e-29
 247.784045     -0.033   1.779341    15.0502    -1.4454     -0.033     1.1324    -0.0307 -9.990e-29
 247.784051      0.001   4.541156    15.0810    -1.4455      0.001     3.0490     1.4401 -9.990e-29
 247.784057      0.046  12.826604    15.1271    -1.4456      0.046     9.2797     6.2099 -9.990e-29
 247.784063      0.103  25.643519    15.1493    -1.4455      0.102    19.7184    14.1982 -9.990e-29
 247.784068      0.176  34.826524    15.1404    -1.4456      0.175    27.6382    20.2757 -9.990e-29
 247.784074      0.267  38.252291    15.1259    -1.4459      0.265    30.6840    22.6204 -9.990e-29
 247.784080      0.366  39.372796    15.1159    -1.4460      0.363    31.6944    23.4001 -9.990e-29
 247.784086      0.465  39.734216    15.1092    -1.4457      0.461    32.0242    23.6554 -9.990e-29
 247.784091      0.551  39.845377    15.1054    -1.4455      0.546    32.1271    23.7355 -9.990e-29
 247.784097      0.619  39.882546    15.1038    -1.4455      0.614    32.1618    23.7625 -9.990e-29
 247.784103      0.671  39.904265    15.1032    -1.4455      0.665    32.1818    23.7780 -9.990e-29
 247.784109      0.715  39.914827    15.1028    -1.4456      0.709    32.1916    23.7857 -9.990e-29
 247.784115      0.751  39.913745    15.1023    -1.4457      0.745    32.1911    23.7853 -9.990e-29
 247.784120      0.780  39.909684    15.1020    -1.4459      0.773    32.1876    23.7828 -9.990e-29
 247.784126      0.808  39.906775    15.1021    -1.4454      0.801    32.1849    23.7807 -9.990e-29
 247.784132      0.834  39.898908    15.1025    -1.4453      0.827    32.1775    23.7749 -9.990e-29
 247.784138      0.854  39.885701    15.1033    -1.4453      0.847    32.1650    23.7651 -9.990e-29
 247.784144      0.869  39.881526    15.1041    -1.4455      0.862    32.1606    23.7615 -9.990e-29
 247.784149      0.881  39.891487    15.1049    -1.4457      0.874    32.1689    23.7677 -9.990e-29
 247.784155      0.891  39.903638    15.1056    -1.4454      0.884    32.1792    23.7755 -9.990e-29
 247.784161      0.898  39.908394    15.1058    -1.4453      0.891    32.1833    23.7786 -9.990e-29
 247.784167      0.904  39.905378    15.1058    -1.4455      0.896    32.1806    23.7765 -9.990e-29
 247.784172      0.908  39.897871    15.1063    -1.4456      0.900    32.1734    23.7709 -9.990e-29
 247.784178      0.912  39.891021    15.1081    -1.4456      0.904    32.1658    23.7647 -9.990e-29
 247.784184      0.915  39.893681    15.1108    -1.4455      0.907    32.1660    23.7642 -9.990e-29
 247.784190      0.917  39.906083    15.1123    -1.4455      0.909    32.1759    23.7715 -9.990e-29
 247.784196      0.919  39.913405    15.1116    -1.4454      0.911    32.1830    23.7772 -9.990e-29
 247.784201      0.921  39.909194    15.1105    -1.4454      0.913    32.1802    23.7752 -9.990e-29
 247.784207      0.923  39.901343    15.1101    -1.4454      0.915    32.1734    23.7701 -9.990e-29
 247.784213      0.925  39.899624    15.1097    -1.4453      0.917    32.1722    23.7692 -9.990e-29
 247.784219      0.926  39.906280    15.1098    -1.4453      0.918    32.1781    23.7738 -9.990e-29
 247.784225      0.928  39.910601    15.1108    -1.4457      0.920    32.1812    23.7759 -9.990e-29
 247.784230      0.931  39.905496    15.1118    -1.4457      0.923    32.1758    23.7715 -9.990e-29
 247.784236      0.933  39.897667    15.1123    -1.4455      0.925    32.1683    23.7657 -9.990e-29
 247.784242      0.937  39.894672    15.1125    -1.4453      0.929    32.1654    23.7634 -9.990e-29
 247.784248      0.941  39.896489    15.1128    -1.4452      0.933    32.1668    23.7644 -9.990e-29
 247.784253      0.947  39.899981    15.1129    -1.4453      0.939    32.1699    23.7668 -9.990e-29
 247.784259      0.954  39.903681    15.1128    -1.4455      0.946    32.1733    23.7694 -9.990e-29
 247.784265      0.959  39.906960    15.1122    -1.4454      0.951    32.1767    23.7722 -9.990e-29
 247.784271      0.957  39.910873    15.1109    -1.4454      0.949    32.1813    23.7760 -9.990e-29
 247.784277      0.954  39.913392    15.1095    -1.4452      0.946    32.1847    23.7789 -9.990e-29
 247.784282      0.952  39.908389    15.1090    -1.4452      0.944    32.1807    23.7759 -9.990e-29
 247.784288      0.953  39.899337    15.1098    -1.4454      0.945    32.1719    23.7690 -9.990e-29
 247.784294      0.955  39.897769    15.1112    -1.4454      0.947    32.1693    23.7667 -9.990e-29
 247.784300      0.959  39.906130    15.1124    -1.4455      0.951    32.1758    23.7714 -9.990e-29
 247.784306      0.965  39.916546    15.1130    -1.4455      0.957    32.1847    23.7781 -9.990e-29
 247.784311      0.974  39.921079    15.1134    -1.4452      0.966    32.1884    23.7809 -9.990e-29
 247.784317      0.987  39.916845    15.1141    -1.4452      0.979    32.1840    23.7774 -9.990e-29
 247.784323      1.003  39.909464    15.1149    -1.4452      0.995    32.1767    23.7716 -9.990e-29
 247.784329      1.020  39.907651    15.1157    -1.4454      1.011    32.1745    23.7697 -9.990e-29
 247.784334      1.035  39.912961    15.1160    -1.4454      1.026    32.1790    23.7731 -9.990e-29
 247.784340      1.048  39.919624    15.1158    -1.4453      1.039    32.1851    23.7779 -9.990e-29
 247.784346      1.061  39.919184    15.1156    -1.4452      1.052    32.1849    23.7777 -9.990e-29
 247.784352      1.074  39.911661    15.1154    -1.4454      1.065    32.1783    23.7727 -9.990e-29
 247.784358      1.084  39.905582    15.1152    -1.4455      1.075    32.1730    23.7687 -9.990e-29
 247.784363      1.087  39.904666    15.1149    -1.4454      1.078    32.1724    23.7683 -9.990e-29
 247.784369      1.083  39.909983    15.1144    -1.4454      1.074    32.1776    23.7724 -9.990e-29
 247.784375      1.076  39.919694    15.1139    -1.4455      1.067    32.1867    23.7795 -9.990e-29
 247.784381      1.075  39.925483    15.1133    -1.4455      1.066    32.1924    23.7840 -9.990e-29
 247.784387      1.079  39.923340    15.1129    -1.4455      1.070    32.1908    23.7829 -9.990e-29
 247.784392      1.084  39.918306    15.1126    -1.4452      1.075    32.1866    23.7797 -9.990e-29
 247.784398      1.091  39.917737    15.1122    -1.4452      1.082    32.1864    23.7796 -9.990e-29
 247.784404      1.096  39.922043    15.1115    -1.4453      1.087    32.1908    23.7832 -9.990e-29
 247.784410      1.094  39.923552    15.1108    -1.4453      1.085    32.1927    23.7848 -9.990e-29
 247.784416      1.087  39.919277    15.1103    -1.4453      1.078    32.1893    23.7823 -9.990e-29
 247.784421      1.077  39.914780    15.1100    -1.4451      1.068    32.1855    23.7794 -9.990e-29
 247.784427      1.072  39.913088    15.1099    -1.4452      1.063    32.1841    23.7784 -9.990e-29
 247.784433      1.077  39.911993    15.1100    -1.4453      1.068    32.1830    23.7775 -9.990e-29
 247.784439      1.087  39.910643    15.1105    -1.4453      1.078    32.1814    23.7762 -9.990e-29
 247.784444      1.095  39.911209    15.1112    -1.4452      1.086    32.1813    23.7759 -9.990e-29
 247.784450      1.101  39.916738    15.1121    -1.4451      1.092    32.1855    23.7790 -9.990e-29
 247.784456      1.109  39.925676    15.1130    -1.4453      1.100    32.1928    23.7844 -9.990e-29
 247.784462      1.117  39.929796    15.1139    -1.4453      1.108    32.1958    23.7865 -9.990e-29
 247.784468      1.120  39.927348    15.1147    -1.4453      1.111    32.1929    23.7841 -9.990e-29
 247.784473      1.118  39.925212    15.1154    -1.4453      1.109    32.1904    23.7821 -9.990e-29
 247.784479      1.115  39.926755    15.1159    -1.4452      1.106    32.1914    23.7827 -9.990e-29
 247.784485      1.116  39.929596    15.1161    -1.4451      1.107    32.1938    23.7845 -9.990e-29
 247.784491      1.117  39.928597    15.1162     7.7245      1.108    32.1928    23.7837 -9.990e-29
 247.784497      1.113  39.924156    15.1166     9.7649      1.104    32.1885    23.7803 -9.990e-29
 247.784502      1.108  39.922175    15.1171    10.0302      1.099    32.1863    23.7785 -9.990e-29
 247.784508      1.110  39.923428    15.1173     8.7696      1.101    32.1873    23.7792 -9.990e-29
 247.784514      1.120  39.923464    15.1176     5.7869      1.111    32.1871    23.7790 -9.990e-29
 247.784520      1.130  39.920134    15.1180     5.9860      1.121    32.1837    23.7763 -9.990e-29
 247.784525      1.135  39.916338    15.1185     6.1160      1.126    32.1799    23.7733 -9.990e-29
 247.784531      1.137  39.914912    15.1192     6.1163      1.128    32.1781    23.7717 -9.990e-29
 247.784537      1.140  39.917367    15.1202     6.0737      1.130    32.1794    23.7726 -9.990e-29
 247.784543      1.147  39.925344    15.1211     6.0206      1.137    32.1859    23.7773 -9.990e-29
 247.784549      1.157  39.937188    15.1214     5.9786      1.147    32.1963    23.7852 -9.990e-29
 247.784554      1.163  39.947425    15.1216     5.9397      1.153    32.2053    23.7922 -9.990e-29
 247.784560      1.168  39.952366    15.1221     5.9149      1.158    32.2093    23.7952 -9.990e-29
 247.784566      1.172  39.953596    15.1226     5.8976      1.162    32.2100    23.7956 -9.990e-29
 247.784572      1.174  39.953927    15.1231     5.8883      1.164    32.2099    23.7954 -9.990e-29
 247.784578      1.175  39.954408    15.1237     5.8885      1.165    32.2098    23.7952 -9.990e-29
 247.784583      1.174  39.955166    15.1242     5.8789      1.164    32.2101    23.7953 -9.990e-29
 247.784589      1.173  39.955576    15.1243     5.8699      1.163    32.2104    23.7955 -9.990e-29
 247.784595      1.170  39.955111    15.1243     5.8612      1.160    32.2100    23.7952 -9.990e-29
 247.784601      1.166  39.954320    15.1244     5.8554      1.156    32.2092    23.7945 -9.990e-29
 247.784606      1.160  39.953880    15.1245     5.8501      1.150    32.2087    23.7942 -9.990e-29
 247.784612      1.156  39.953811    15.1246     5.8436      1.146    32.2086    23.7940 -9.990e-29
 247.784618      1.159  39.954069    15.1250     5.8429      1.149    32.2085    23.7939 -9.990e-29
 247.784624      1.164  39.954485    15.1254     5.8437      1.154    32.2085    23.7938 -9.990e-29
 247.784630      1.167  39.954539    15.1257     5.8466      1.157    32.2083    23.7936 -9.990e-29
 247.784635      1.168  39.954352    15.1261     5.8540      1.158    32.2078    23.7931 -9.990e-29
 247.784641      1.167  39.954283    15.1268     5.8649      1.157    32.2072    23.7925 -9.990e-29
 247.784647      1.165  39.954287    15.1274     5.8619      1.155    32.2067    23.7920 -9.990e-29
 247.784653      1.162  39.954417    15.1278     5.8601      1.152    32.2065    23.7917 -9.990e-29
 247.784659      1.156  39.954331    15.1280     5.8510      1.146    32.2062    23.7915 -9.990e-29
 247.784664      1.148  39.953965    15.1280     5.8524      1.138    32.2059    23.7913 -9.990e-29
 247.784670      1.141  39.953997    15.1281     5.8554      1.131    32.2059    23.7912 -9.990e-29
 247.784676      1.140  39.954519    15.1285     5.8509      1.130    32.2060    23.7912 -9.990e-29
 247.784682      1.139  39.955154    15.1287     5.8511      1.129    32.2064    23.7915 -9.990e-29
 247.784687      1.136  39.955672    15.1289     5.8544      1.127    32.2067    23.7917 -9.990e-29
 247.784693      1.128  39.955691    15.1293     5.8672      1.119    32.2064    23.7913 -9.990e-29
 247.784699      1.125  39.955282    15.1296     5.8710      1.116    32.2058    23.7908 -9.990e-29
 247.784705      1.134  39.955070    15.1295     5.8437      1.125    32.2057    23.7907 -9.990e-29
 247.784711      1.149  39.954822    15.1294     5.8296      1.139    32.2055    23.7907 -9.990e-29
 247.784716      1.161  39.954254    15.1292     5.8247      1.151    32.2052    23.7904 -9.990e-29
 247.784722      1.170  39.953776    15.1291     5.8454      1.160    32.2048    23.7902 -9.990e-29
 247.784728      1.179  39.953359    15.1292     5.8749      1.169    32.2044    23.7898 -9.990e-29
 247.784734      1.186  39.953056    15.1291     5.8745      1.176    32.2042    23.7897 -9.990e-29
 247.784740      1.193  39.952510    15.1283     5.8596      1.183    32.2043    23.7900 -9.990e-29
 247.784745      1.199  39.951601    15.1274     5.8435      1.189    32.2043    23.7901 -9.990e-29
 247.784751      1.207  39.950847    15.1270     5.8427      1.197    32.2039    23.7899 -9.990e-29
 247.784757      1.215  39.950411    15.1272     5.8632      1.205    32.2033    23.7895 -9.990e-29
 247.784763      1.220  39.950881    15.1272     5.8656      1.210    32.2038    23.7898 -9.990e-29
 247.784769      1.218  39.951809    15.1271     5.8811      1.208    32.2047    23.7905 -9.990e-29
 247.784774      1.214  39.952237    15.1271     5.8742      1.204    32.2051    23.7908 -9.990e-29
 247.784780      1.211  39.952222    15.1272     5.8636      1.201    32.2050    23.7907 -9.990e-29
 247.784786      1.209  39.951791    15.1278     5.8616      1.199    32.2041    23.7899 -9.990e-29
 247.784792      1.209  39.951539    15.1293     5.8674      1.199    32.2026    23.7885 -9.990e-29
 247.784797      1.209  39.952861    15.1314     5.8724      1.199    32.2021    23.7876 -9.990e-29
 247.784803      1.210  39.955324    15.1334     5.8746      1.200    32.2027    23.7876 -9.990e-29
 247.784809      1.213  39.957212    15.1350     5.8726      1.203    32.2030    23.7875 -9.990e-29
 247.784815      1.216  39.958286    15.1362     5.8690      1.206    32.2030    23.7873 -9.990e-29
 247.784821      1.221  39.958904    15.1367     5.8735      1.211    32.2032    23.7873 -9.990e-29
 247.784826      1.228  39.959376    15.1360     5.8691      1.218    32.2042    23.7882 -9.990e-29
 247.784832      1.237  39.959259    15.1346     5.8787      1.227    32.2052    23.7893 -9.990e-29
