data/oxygen options/OCNMS/OCNMS1/raw_data/2015/CAST_CA042_150827faedb.cnv
* Sea-Bird SBE19 Data File:
* FileName = C:\2015 Mooring Data\Casts\CAST_CA042_150827.hex
* Software Version 1.59
* Temperature SN = 2997
* Conductivity SN = 2997
* System UpLoad Time = Aug 27 2015 22:45:56
** CAST_CA042_150827
* ds
# nquan = 9
# nvalues = 42                          
# units = specified
# name 0 = timeJ: Julian Days
# name 1 = prSM: Pressure, Strain Gauge [db]
# name 2 = c0mS/cm: Conductivity [mS/cm]
# name 3 = t090C: Temperature [ITS-90, deg C]
# name 4 = sbeox0ML/L: Oxygen, SBE 43 [ml/l]
# name 5 = depSM: Depth [salt water, m], lat = 47.5
# name 6 = sal00: Salinity, Practical [PSU]
# name 7 = sigma-é00: Density [sigma-theta, kg/m^3]
# name 8 = flag: flag
# span 0 = 239.904205, 239.905157       
# span 1 =      2.000,     43.000       
# span 2 =  34.612157,  39.070286       
# span 3 =     8.0610,    13.7958       
# span 4 =     3.9974,     5.4790       
# span 5 =      1.983,     42.637       
# span 6 =    32.4598,    33.2081       
# span 7 =    24.3102,    25.8584       
# span 8 = 0.0000e+00, 0.0000e+00       
# interval = decibars: 1                
# start_time = Aug 27 2015 21:36:29 [Instrument's time stamp, header]
# bad_flag = -9.990e-29
*END*
 239.904205      2.000  39.070286    13.7958     5.4790      1.983    32.5135    24.3102 0.0000e+00
 239.904232      3.000  37.441991    12.0199     4.8996      2.975    32.4958    24.6400 0.0000e+00
 239.904256      4.000  36.372394    10.8697     4.8182      3.967    32.4598    24.8208 0.0000e+00
 239.904279      5.000  36.110250    10.4746     4.5640      4.958    32.5498    24.9593 0.0000e+00
 239.904301      6.000  36.027164    10.2324     4.3849      5.950    32.6835    25.1046 0.0000e+00
 239.904321      7.000  35.676874     9.7820     4.3621      6.941    32.7353    25.2201 0.0000e+00
 239.904342      8.000  35.446387     9.5184     4.3327      7.933    32.7395    25.2662 0.0000e+00
 239.904363      9.000  35.352826     9.3392     4.3279      8.925    32.8068    25.3477 0.0000e+00
 239.904385     10.000  35.316697     9.3049     4.2762      9.916    32.8006    25.3483 0.0000e+00
 239.904407     11.000  35.317430     9.2863     4.2292     10.908    32.8180    25.3649 0.0000e+00
 239.904426     12.000  35.312956     9.2442     4.1904     11.900    32.8516    25.3978 0.0000e+00
 239.904447     13.000  35.285152     9.2035     4.1701     12.891    32.8599    25.4108 0.0000e+00
 239.904469     14.000  35.244422     9.1249     4.1758     13.883    32.8898    25.4466 0.0000e+00
 239.904491     15.000  35.206823     9.0800     4.1744     14.874    32.8917    25.4552 0.0000e+00
 239.904515     16.000  35.176829     9.0166     4.2765     15.866    32.9187    25.4863 0.0000e+00
 239.904537     17.000  35.063326     8.8703     4.3586     16.857    32.9357    25.5224 0.0000e+00
 239.904561     18.000  34.968377     8.7709     4.3522     17.849    32.9284    25.5320 0.0000e+00
 239.904584     19.000  34.936508     8.7098     4.3625     18.841    32.9515    25.5595 0.0000e+00
 239.904605     20.000  34.919583     8.6849     4.3686     19.832    32.9564    25.5672 0.0000e+00
 239.904626     21.000  34.897983     8.6495     4.4057     20.824    32.9663    25.5804 0.0000e+00
 239.904647     22.000  34.871351     8.6299     4.4032     21.815    32.9562    25.5755 0.0000e+00
 239.904670     23.000  34.859405     8.6132     4.4385     22.807    32.9588    25.5801 0.0000e+00
 239.904694     24.000  34.818903     8.5549     4.4563     23.798    32.9702    25.5978 0.0000e+00
 239.904718     25.000  34.791555     8.5111     4.4424     24.789    32.9818    25.6137 0.0000e+00
 239.904741     26.000  34.755106     8.4515     4.4263     25.781    32.9988    25.6359 0.0000e+00
 239.904763     27.000  34.704595     8.3759     4.4093     26.773    33.0158    25.6606 0.0000e+00
 239.904785     28.000  34.698396     8.3572     4.4022     27.764    33.0264    25.6717 0.0000e+00
 239.904807     29.000  34.684579     8.3398     4.3921     28.756    33.0276    25.6753 0.0000e+00
 239.904834     30.000  34.679701     8.3244     4.2627     29.747    33.0365    25.6845 0.0000e+00
 239.904860     31.000  34.645396     8.2304     4.1788     30.739    33.0881    25.7391 0.0000e+00
 239.904887     32.000  34.628246     8.1714     4.0429     31.730    33.1251    25.7769 0.0000e+00
 239.904915     33.000  34.613064     8.0917     4.0256     32.722    33.1839    25.8347 0.0000e+00
 239.904940     34.000  34.614666     8.0845     4.0324     33.714    33.1919    25.8421 0.0000e+00
 239.904963     35.000  34.613819     8.0800     4.0206     34.705    33.1948    25.8451 0.0000e+00
 239.904988     36.000  34.615147     8.0780     4.0366     35.696    33.1977    25.8476 0.0000e+00
 239.905012     37.000  34.612397     8.0748     4.0300     36.688    33.1973    25.8478 0.0000e+00
 239.905035     38.000  34.612295     8.0733     4.0251     37.679    33.1981    25.8487 0.0000e+00
 239.905058     39.000  34.613874     8.0730     4.0231     38.671    33.1997    25.8500 0.0000e+00
 239.905085     40.000  34.615435     8.0744     4.0159     39.662    33.1995    25.8496 0.0000e+00
 239.905110     41.000  34.613936     8.0704     3.9997     40.654    33.2013    25.8516 0.0000e+00
 239.905132     42.000  34.612157     8.0647     3.9974     41.645    33.2043    25.8548 0.0000e+00
 239.905157     43.000  34.612885     8.0610     4.0045     42.637    33.2081    25.8584 0.0000e+00
