data/oxygen options/OCNMS/OCNMS1/raw_data/2015/CAST_CA042_150928faed.cnv
* Sea-Bird SBE19 Data File:
* FileName = C:\2015 Mooring Data\Casts\CAST_CA042_150928.hex
* Software Version 1.59
* Temperature SN = 2997
* Conductivity SN = 2997
* System UpLoad Time = Sep 28 2015 22:01:37
** CAST_CA042_150928
* ds
# nquan = 9                                 
# nvalues = 1236                        
# units = specified
# name 0 = timeJ: Julian Days
# name 1 = prSM: Pressure, Strain Gauge [db]
# name 2 = c0mS/cm: Conductivity [mS/cm]
# name 3 = t090C: Temperature [ITS-90, deg C]
# name 4 = sbeox0ML/L: Oxygen, SBE 43 [ml/l]
# name 5 = depSM: Depth [salt water, m], lat = 47.5
# name 6 = sal00: Salinity, Practical [PSU]
# name 7 = sigma-é00: Density [sigma-theta, kg/m^3]
# name 8 = flag: flag
# span 0 = 271.895301, 271.902448       
# span 1 =     -4.965,     44.862       
# span 2 =   0.535996,  39.616637       
# span 3 =     7.9844,    15.8524       
# span 4 =    -1.7554,    11.5424       
# span 5 =     -4.924,     44.483       
# span 6 =     0.3196,    33.4204       
# span 7 =    -0.7718,    26.0360       
# span 8 = 0.0000e+00, 0.0000e+00       
# interval = seconds: 0.5
# start_time = Sep 28 2015 21:29:14 [Instrument's time stamp, header]
# bad_flag = -9.990e-29
*END*
[from data line 321]
 271.897159     -0.222   0.548067    15.5270    -1.7408     -0.220     0.3281    -0.7261 -9.990e-29
 271.897164     -0.218   0.547066    15.5340    -1.7403     -0.216     0.3274    -0.7277 -9.990e-29
 271.897170     -0.212   0.545825    15.5440    -1.7398     -0.210     0.3265    -0.7300 -9.990e-29
 271.897176     -0.203   0.545463    15.5530    -1.7398     -0.201     0.3263    -0.7316 -9.990e-29
 271.897182     -0.192   0.546054    15.5570    -1.7400     -0.190     0.3266    -0.7320 -9.990e-29
 271.897187     -0.183   0.546722    15.5569    -1.7400     -0.181     0.3270    -0.7317 -9.990e-29
 271.897193     -0.176   0.546691    15.5558    -1.7400     -0.175     0.3270    -0.7315 -9.990e-29
 271.897199     -0.171   0.545921    15.5561    -1.7401     -0.170     0.3265    -0.7319 -9.990e-29
 271.897205     -0.167   0.545048    15.5595    -1.7406     -0.166     0.3259    -0.7329 -9.990e-29
 271.897211     -0.164   0.544576    15.5668    -1.7408     -0.163     0.3256    -0.7343 -9.990e-29
 271.897216     -0.161   0.544429    15.5767    -1.7411     -0.160     0.3254    -0.7360 -9.990e-29
 271.897222     -0.160   0.544411    15.5852    -1.7416     -0.159     0.3253    -0.7374 -9.990e-29
 271.897228     -0.158   0.544499    15.5885    -1.7423     -0.157     0.3254    -0.7379 -9.990e-29
 271.897234     -0.157   0.544809    15.5879    -1.7425     -0.156     0.3256    -0.7377 -9.990e-29
 271.897240     -0.156   0.545198    15.5864    -1.7425     -0.155     0.3258    -0.7372 -9.990e-29
 271.897245     -0.155   0.545076    15.5841    -1.7425     -0.154     0.3258    -0.7369 -9.990e-29
 271.897251     -0.155   0.544278    15.5789    -1.7425     -0.154     0.3253    -0.7364 -9.990e-29
 271.897257     -0.154   0.543408    15.5708    -1.7424     -0.153     0.3248    -0.7355 -9.990e-29
 271.897263     -0.154   0.542970    15.5618    -1.7421     -0.153     0.3246    -0.7342 -9.990e-29
 271.897269     -0.154   0.542933    15.5518    -1.7418     -0.153     0.3247    -0.7326 -9.990e-29
 271.897274     -0.154   0.543250    15.5399    -1.7418     -0.153     0.3250    -0.7305 -9.990e-29
 271.897280     -0.153   0.543785    15.5280    -1.7414     -0.152     0.3254    -0.7283 -9.990e-29
 271.897286     -0.153   0.544142    15.5200    -1.7411     -0.152     0.3257    -0.7268 -9.990e-29
 271.897292     -0.153   0.544244    15.5169    -1.7411     -0.152     0.3258    -0.7263 -9.990e-29
 271.897297     -0.153   0.544226    15.5169    -1.7413     -0.152     0.3258    -0.7263 -9.990e-29
 271.897303     -0.153   0.544064    15.5186    -1.7415     -0.152     0.3257    -0.7266 -9.990e-29
 271.897309     -0.152   0.543540    15.5221    -1.7417     -0.151     0.3253    -0.7275 -9.990e-29
 271.897315     -0.152   0.542513    15.5275    -1.7416     -0.151     0.3246    -0.7288 -9.990e-29
 271.897321     -0.152   0.541276    15.5335    -1.7411     -0.151     0.3238    -0.7304 -9.990e-29
 271.897326     -0.152   0.540401    15.5393    -1.7402     -0.151     0.3232    -0.7318 -9.990e-29
 271.897332     -0.151   0.540386    15.5454    -1.7394     -0.150     0.3232    -0.7328 -9.990e-29
 271.897338     -0.151   0.541211    15.5505    -1.7388     -0.150     0.3236    -0.7332 -9.990e-29
 271.897344     -0.151   0.542310    15.5520    -1.7381     -0.150     0.3243    -0.7330 -9.990e-29
 271.897350     -0.150   0.542929    15.5497    -1.7376     -0.149     0.3247    -0.7323 -9.990e-29
 271.897355     -0.149   0.542784    15.5460    -1.7371     -0.148     0.3247    -0.7317 -9.990e-29
 271.897361     -0.148   0.542237    15.5449    -1.7367     -0.147     0.3243    -0.7318 -9.990e-29
 271.897367     -0.146   0.541667    15.5502    -1.7362     -0.145     0.3239    -0.7330 -9.990e-29
 271.897373     -0.144   0.541424    15.5637    -1.7350     -0.143     0.3237    -0.7353 -9.990e-29
 271.897378     -0.142   0.541183    15.5831    -1.7345     -0.141     0.3234    -0.7386 -9.990e-29
 271.897384     -0.139   0.540069    15.6038    -1.7341     -0.138     0.3225    -0.7425 -9.990e-29
 271.897390     -0.134   0.538262    15.6231    -1.7342     -0.133     0.3213    -0.7466 -9.990e-29
 271.897396     -0.129   0.536682    15.6405    -1.7336     -0.128     0.3202    -0.7502 -9.990e-29
 271.897402     -0.122   0.535996    15.6557    -1.5772     -0.121     0.3196    -0.7530 -9.990e-29
 271.897407     -0.114   0.536955    15.6699    -1.4579     -0.113     0.3201    -0.7549 -9.990e-29
 271.897413     -0.102   0.540099    15.6848    -1.4651     -0.101     0.3219    -0.7559 -9.990e-29
 271.897419     -0.088   0.545735    15.7023    -1.4673     -0.087     0.3252    -0.7561 -9.990e-29
 271.897425     -0.069   0.556198    15.7209    -1.4669     -0.068     0.3315    -0.7542 -9.990e-29
 271.897431     -0.045   0.582108    15.7342    -1.4654     -0.045     0.3474    -0.7441 -9.990e-29
 271.897436     -0.015   0.656714    15.7354    -1.4658     -0.015     0.3935    -0.7087 -9.990e-29
 271.897442      0.025   0.877827    15.7135    -1.4658      0.025     0.5320    -0.5982 -9.990e-29
 271.897448      0.071   1.539711    15.6301    -1.4653      0.070     0.9589    -0.2557 -9.990e-29
 271.897454      0.124   3.525988    15.3757    -1.4649      0.123     2.3128     0.8271 -9.990e-29
 271.897459      0.189   9.486139    14.9588    -1.4654      0.187     6.7299     4.2847 -9.990e-29
 271.897465      0.272  20.404777    14.6011    -1.4666      0.270    15.5724    11.1226 -9.990e-29
 271.897471      0.369  30.977751    14.4105    -1.4670      0.366    24.7389    18.1945 -9.990e-29
 271.897477      0.478  36.484064    14.3310    -1.4667      0.474    29.7117    22.0375 -9.990e-29
 271.897483      0.593  38.354595    14.3125    -1.4668      0.588    31.4252    23.3620 -9.990e-29
 271.897488      0.700  39.036942    14.3215    -1.4669      0.694    32.0408    23.8350 -9.990e-29
 271.897494      0.784  39.292433    14.3373    -1.4670      0.777    32.2613    24.0018 -9.990e-29
 271.897500      0.842  39.353628    14.3469    -1.4668      0.835    32.3093    24.0367 -9.990e-29
 271.897506      0.882  39.347664    14.3441    -1.4670      0.875    32.3062    24.0349 -9.990e-29
 271.897512      0.915  39.350822    14.3354    -1.4671      0.907    32.3163    24.0446 -9.990e-29
 271.897517      0.947  39.363512    14.3308    -1.4667      0.939    32.3318    24.0574 -9.990e-29
 271.897523      0.981  39.345586    14.3259    -1.4660      0.973    32.3194    24.0489 -9.990e-29
 271.897529      1.015  39.293446    14.3127    -1.4670      1.007    32.2827    24.0234 -9.990e-29
 271.897535      1.041  39.264967    14.3020    -1.4674      1.032    32.2656    24.0124 -9.990e-29
 271.897541      1.058  39.286217    14.3041    -1.4673      1.049    32.2833    24.0256 -9.990e-29
 271.897546      1.066  39.306594    14.3125    -1.4673      1.057    32.2949    24.0328 -9.990e-29
 271.897552      1.066  39.292272    14.3176    -1.4674      1.057    32.2775    24.0184 -9.990e-29
 271.897558      1.062  39.266327    14.3156    -1.4677      1.053    32.2554    24.0017 -9.990e-29
 271.897564      1.063  39.250360    14.3059    -1.4678      1.054    32.2489    23.9987 -9.990e-29
 271.897569      1.073  39.251238    14.2941    -1.4670      1.064    32.2596    24.0094 -9.990e-29
 271.897575      1.088  39.282027    14.2895    -1.4670      1.079    32.2916    24.0351 -9.990e-29
 271.897581      1.100  39.334559    14.2947    -1.4676      1.091    32.3354    24.0678 -9.990e-29
 271.897587      1.103  39.355089    14.3028    -1.4680      1.094    32.3474    24.0753 -9.990e-29
 271.897593      1.091  39.313920    14.3049    -1.4681      1.082    32.3079    24.0445 -9.990e-29
 271.897598      1.073  39.258327    14.2996    -1.4674      1.064    32.2615    24.0097 -9.990e-29
 271.897604      1.060  39.235975    14.2917    -1.4673      1.051    32.2476    24.0007 -9.990e-29
 271.897610      1.055  39.240732    14.2848    -1.4674      1.046    32.2577    24.0099 -9.990e-29
 271.897616      1.059  39.249348    14.2791    -1.4677      1.050    32.2704    24.0209 -9.990e-29
 271.897622      1.072  39.256051    14.2757    -1.4681      1.063    32.2793    24.0285 -9.990e-29
 271.897627      1.090  39.277747    14.2771    -1.4672      1.081    32.2981    24.0426 -9.990e-29
 271.897633      1.105  39.307604    14.2824    -1.4673      1.096    32.3210    24.0592 -9.990e-29
 271.897639      1.115  39.303695    14.2876    -1.4667      1.106    32.3130    24.0520 -9.990e-29
 271.897645      1.120  39.262050    14.2889    -1.4666      1.111    32.2738    24.0215 -9.990e-29
 271.897650      1.125  39.222579    14.2830    -1.4667      1.116    32.2426    23.9986 -9.990e-29
 271.897656      1.134  39.220239    14.2734    -1.4664      1.125    32.2484    24.0051 -9.990e-29
 271.897662      1.143  39.257077    14.2693    -1.4673      1.133    32.2856    24.0347 -9.990e-29
 271.897668      1.150  39.294869    14.2714    -1.4686      1.140    32.3185    24.0596 -9.990e-29
 271.897674      1.154  39.299467    14.2723    -1.4675      1.144    32.3219    24.0621 -9.990e-29
 271.897679      1.155  39.279365    14.2681    -1.4668      1.145    32.3070    24.0514 -9.990e-29
 271.897685      1.153  39.277965    14.2632    -1.4653      1.143    32.3098    24.0546 -9.990e-29
 271.897691      1.150  39.314827    14.2646    -1.4663      1.140    32.3425    24.0795 -9.990e-29
 271.897697      1.143  39.360732    14.2721    -1.4684      1.133    32.3783    24.1056 -9.990e-29
 271.897703      1.134  39.387302    14.2783    -1.4689      1.125    32.3974    24.1191 -9.990e-29
 271.897708      1.124  39.385236    14.2789    -1.4684      1.115    32.3950    24.1171 -9.990e-29
 271.897714      1.120  39.369284    14.2743    -1.4680      1.111    32.3843    24.1097 -9.990e-29
 271.897720      1.119  39.347454    14.2673    -1.4660      1.110    32.3701    24.1003 -9.990e-29
 271.897726      1.126  39.308704    14.2624    -1.4654      1.117    32.3387    24.0771 -9.990e-29
 271.897731      1.142  39.291749    14.2631    -1.4671      1.132    32.3226    24.0645 -9.990e-29
 271.897737      1.158  39.335214    14.2689    -1.4683      1.148    32.3576    24.0902 -9.990e-29
 271.897743      1.173  39.403546    14.2758    -1.4674      1.163    32.4144    24.1327 -9.990e-29
 271.897749      1.186  39.427633    14.2785    -1.4665      1.176    32.4342    24.1474 -9.990e-29
 271.897755      1.199  39.360663    14.2751    -1.4648      1.189    32.3757    24.1029 -9.990e-29
 271.897760      1.212  39.254185    14.2690    -1.4664      1.202    32.2832    24.0328 -9.990e-29
 271.897766      1.226  39.207984    14.2666    -1.4686      1.216    32.2428    24.0022 -9.990e-29
 271.897772      1.238  39.240190    14.2691    -1.4689      1.228    32.2703    24.0229 -9.990e-29
 271.897778      1.240  39.317620    14.2725    -1.4676      1.230    32.3384    24.0747 -9.990e-29
 271.897784      1.233  39.399555    14.2746    -1.4659      1.223    32.4117    24.1309 -9.990e-29
 271.897789      1.223  39.417644    14.2751    -1.4645      1.213    32.4279    24.1432 -9.990e-29
 271.897795      1.216  39.356885    14.2738    -1.4642      1.206    32.3733    24.1014 -9.990e-29
 271.897801      1.210  39.307941    14.2724    -1.4668      1.200    32.3296    24.0680 -9.990e-29
 271.897807      1.205  39.337422    14.2725    -1.4683      1.195    32.3565    24.0887 -9.990e-29
 271.897812      1.201  39.412439    14.2733    -1.4686      1.191    32.4246    24.1411 -9.990e-29
 271.897818      1.198  39.446446    14.2730    -1.4667      1.188    32.4561    24.1654 -9.990e-29
 271.897824      1.199  39.379510    14.2701    -1.4662      1.189    32.3971    24.1205 -9.990e-29
 271.897830      1.209  39.277239    14.2665    -1.4645      1.199    32.3064    24.0513 -9.990e-29
 271.897836      1.224  39.259035    14.2660    -1.4636      1.214    32.2901    24.0388 -9.990e-29
 271.897841      1.237  39.347279    14.2687    -1.4645      1.227    32.3688    24.0989 -9.990e-29
 271.897847      1.240  39.474188    14.2726    -1.4675      1.230    32.4818    24.1854 -9.990e-29
 271.897853      1.233  39.557939    14.2755    -1.4687      1.223    32.5562    24.2422 -9.990e-29
 271.897859      1.224  39.533159    14.2764    -1.4669      1.214    32.5327    24.2238 -9.990e-29
 271.897865      1.222  39.410103    14.2759    -1.4656      1.212    32.4203    24.1372 -9.990e-29
 271.897870      1.230  39.297282    14.2749    -1.4649      1.220    32.3177    24.0583 -9.990e-29
 271.897876      1.245  39.287698    14.2740    -1.4676      1.235    32.3097    24.0523 -9.990e-29
 271.897882      1.259  39.370376    14.2741     8.8600      1.248    32.3854    24.1106 -9.990e-29
 271.897888      1.264  39.483572    14.2757    11.3502      1.253    32.4878    24.1893 -9.990e-29
 271.897894      1.261  39.584361    14.2777    11.5424      1.250    32.5786    24.2590 -9.990e-29
 271.897899      1.257  39.616637    14.2778     9.8386      1.247    32.6081    24.2817 -9.990e-29
 271.897905      1.258  39.532735    14.2753     6.1499      1.247    32.5333    24.2245 -9.990e-29
 271.897911      1.263  39.389659    14.2723     6.2189      1.252    32.4046    24.1258 -9.990e-29
 271.897917      1.273  39.321918    14.2709     6.3545      1.262    32.3436    24.0791 -9.990e-29
 271.897922      1.283  39.371617    14.2707     6.3698      1.272    32.3894    24.1144 -9.990e-29
 271.897928      1.286  39.444809    14.2704     6.3388      1.275    32.4567    24.1665 -9.990e-29
 271.897934      1.282  39.428421    14.2689     6.2774      1.271    32.4430    24.1561 -9.990e-29
 271.897940      1.280  39.300722    14.2673     6.2481      1.269    32.3272    24.0672 -9.990e-29
 271.897946      1.279  39.161217    14.2673     6.2455      1.268    32.1994    23.9686 -9.990e-29
 271.897951      1.275  39.089178    14.2684     6.2515      1.264    32.1325    23.9167 -9.990e-29
 271.897957      1.272  39.066031    14.2695     6.2671      1.261    32.1104    23.8994 -9.990e-29
 271.897963      1.274  39.058233    14.2707     6.2620      1.263    32.1022    23.8929 -9.990e-29
 271.897969      1.281  39.054387    14.2721     6.2601      1.270    32.0976    23.8890 -9.990e-29
 271.897975      1.294  39.051727    14.2731     6.2595      1.283    32.0943    23.8863 -9.990e-29
 271.897980      1.309  39.049634    14.2739     6.2409      1.298    32.0917    23.8841 -9.990e-29
 271.897986      1.318  39.049361    14.2746     6.2348      1.307    32.0909    23.8833 -9.990e-29
 271.897992      1.318  39.050106    14.2734     6.2137      1.307    32.0925    23.8849 -9.990e-29
 271.897998      1.313  39.047938    14.2678     6.2119      1.302    32.0952    23.8881 -9.990e-29
 271.898003      1.312  39.038406    14.2572     6.2139      1.301    32.0953    23.8903 -9.990e-29
 271.898009      1.318  39.024055    14.2467     6.2145      1.307    32.0909    23.8891 -9.990e-29
 271.898015      1.333  39.017264    14.2432     6.2207      1.322    32.0876    23.8873 -9.990e-29
 271.898021      1.347  39.020867    14.2460     6.2280      1.336    32.0885    23.8874 -9.990e-29
 271.898027      1.350  39.025774    14.2507     6.2298      1.339    32.0891    23.8869 -9.990e-29
 271.898032      1.342  39.027997    14.2546     6.2120      1.331    32.0879    23.8852 -9.990e-29
 271.898038      1.330  39.029499    14.2568     6.2222      1.319    32.0875    23.8844 -9.990e-29
 271.898044      1.323  39.031846    14.2579     6.2219      1.312    32.0887    23.8851 -9.990e-29
 271.898050      1.324  39.033805    14.2588     6.2313      1.313    32.0897    23.8857 -9.990e-29
 271.898056      1.333  39.033625    14.2589     6.2362      1.322    32.0895    23.8855 -9.990e-29
 271.898061      1.347  39.031190    14.2567     6.2243      1.336    32.0891    23.8857 -9.990e-29
 271.898067      1.358  39.025055    14.2530     6.2171      1.347    32.0865    23.8845 -9.990e-29
 271.898073      1.362  39.011084    14.2508     6.2035      1.351    32.0756    23.8765 -9.990e-29
