data/oxygen options/OCNMS/OCNMS1/raw_data/2015/CAST_CA015_150827faed.cnv
* Sea-Bird SBE19 Data File:
* FileName = C:\2015 Mooring Data\Casts\CAST_CA015_150827.hex
* Software Version 1.59
* Temperature SN = 2997
* Conductivity SN = 2997
* System UpLoad Time = Aug 27 2015 23:41:00
** CAST_CA015_150827
* ds
# nquan = 9                                 
# nvalues = 799                         
# units = specified
# name 0 = timeJ: Julian Days
# name 1 = prSM: Pressure, Strain Gauge [db]
# name 2 = c0mS/cm: Conductivity [mS/cm]
# name 3 = t090C: Temperature [ITS-90, deg C]
# name 4 = sbeox0ML/L: Oxygen, SBE 43 [ml/l]
# name 5 = depSM: Depth [salt water, m], lat = 47.5
# name 6 = sal00: Salinity, Practical [PSU]
# name 7 = sigma-é00: Density [sigma-theta, kg/m^3]
# name 8 = flag: flag
# span 0 = 239.959780, 239.964398       
# span 1 =     -4.708,     15.896       
# span 2 =   0.395423,  40.179602       
# span 3 =     8.5502,    16.3517       
# span 4 =    -1.7432,     9.8498       
# span 5 =     -4.669,     15.763       
# span 6 =     0.2315,    33.3015       
# span 7 =    -0.9346,    25.8347       
# span 8 = 0.0000e+00, 0.0000e+00       
# interval = seconds: 0.5
# start_time = Aug 27 2015 23:02:05 [Instrument's time stamp, header]
# bad_flag = -9.990e-29
*END*
[from data line 161]
 239.960712     -1.377   0.397372    15.7210    -1.7344     -1.366     0.2347    -0.8291 -9.990e-29
 239.960718     -1.370   0.397728    15.7326    -1.7348     -1.359     0.2348    -0.8309 -9.990e-29
 239.960723     -1.364   0.397847    15.7396    -1.7354     -1.353     0.2349    -0.8320 -9.990e-29
 239.960729     -1.348   0.397887    15.7437    -1.7358     -1.337     0.2349    -0.8326 -9.990e-29
 239.960735     -1.332   0.397901    15.7465    -1.7364     -1.321     0.2348    -0.8331 -9.990e-29
 239.960741     -1.318   0.397906    15.7494    -1.7368     -1.307     0.2348    -0.8335 -9.990e-29
 239.960747     -1.302   0.397908    15.7543    -1.7363     -1.291     0.2348    -0.8344 -9.990e-29
 239.960752     -1.285   0.397909    15.7607    -1.7356     -1.274     0.2348    -0.8354 -9.990e-29
 239.960758     -1.272   0.397910    15.7643    -1.7346     -1.261     0.2348    -0.8360 -9.990e-29
 239.960764     -1.261   0.397910    15.7612    -1.7337     -1.250     0.2348    -0.8355 -9.990e-29
 239.960770     -1.252   0.397910    15.7519    -1.7331     -1.242     0.2348    -0.8340 -9.990e-29
 239.960775     -1.245   0.397911    15.7398    -1.7332     -1.235     0.2349    -0.8320 -9.990e-29
 239.960781     -1.239   0.397911    15.7276    -1.7334     -1.229     0.2350    -0.8300 -9.990e-29
 239.960787     -1.234   0.397912    15.7173    -1.7331     -1.224     0.2350    -0.8283 -9.990e-29
 239.960793     -1.228   0.397912    15.7138    -1.7320     -1.218     0.2350    -0.8277 -9.990e-29
 239.960799     -1.223   0.397913    15.7214    -1.7316     -1.213     0.2350    -0.8289 -9.990e-29
 239.960804     -1.217   0.397913    15.7385    -1.7309     -1.207     0.2349    -0.8318 -9.990e-29
 239.960810     -1.210   0.397914    15.7602    -1.7310     -1.200     0.2348    -0.8353 -9.990e-29
 239.960816     -1.202   0.397914    15.7807    -1.7312     -1.192     0.2347    -0.8387 -9.990e-29
 239.960822     -1.192   0.397915    15.7943    -1.7312     -1.182     0.2346    -0.8409 -9.990e-29
 239.960828     -1.180   0.397917    15.8004    -1.7315     -1.170     0.2346    -0.8419 -9.990e-29
 239.960833     -1.164   0.397921    15.8051    -1.7318     -1.154     0.2345    -0.8427 -9.990e-29
 239.960839     -1.145   0.397934    15.8161    -1.7317     -1.135     0.2345    -0.8445 -9.990e-29
 239.960845     -1.124   0.397971    15.8327    -1.7316     -1.115     0.2344    -0.8472 -9.990e-29
 239.960851     -1.105   0.398081    15.8482    -1.7304     -1.096     0.2344    -0.8498 -9.990e-29
 239.960856     -1.087   0.398410    15.8589    -1.7301     -1.078     0.2345    -0.8514 -9.990e-29
 239.960862     -1.068   0.398842    15.8632    -1.7316     -1.059     0.2348    -0.8519 -9.990e-29
 239.960868     -1.047   0.398842    15.8623    -1.7331     -1.038     0.2348    -0.8517 -9.990e-29
 239.960874     -1.028   0.398411    15.8591    -1.7344     -1.019     0.2345    -0.8514 -9.990e-29
 239.960880     -1.013   0.398083    15.8546    -1.7355     -1.005     0.2344    -0.8508 -9.990e-29
 239.960885     -1.001   0.397974    15.8513    -1.7365     -0.993     0.2343    -0.8503 -9.990e-29
 239.960891     -0.991   0.397939    15.8524    -1.7364     -0.983     0.2343    -0.8505 -9.990e-29
 239.960897     -0.984   0.397930    15.8598    -1.7356     -0.976     0.2342    -0.8517 -9.990e-29
 239.960903     -0.978   0.397936    15.8690    -1.7355     -0.970     0.2342    -0.8533 -9.990e-29
 239.960909     -0.973   0.397963    15.8655    -1.7350     -0.965     0.2342    -0.8527 -9.990e-29
 239.960914     -0.969   0.398045    15.8423    -1.7346     -0.961     0.2344    -0.8488 -9.990e-29
 239.960920     -0.965   0.398292    15.8084    -1.7339     -0.957     0.2347    -0.8431 -9.990e-29
 239.960926     -0.962   0.398479    15.7745    -1.7336     -0.954     0.2350    -0.8374 -9.990e-29
 239.960932     -0.958   0.398297    15.7461    -1.7331     -0.950     0.2351    -0.8328 -9.990e-29
 239.960938     -0.955   0.398060    15.7282    -1.7328     -0.947     0.2350    -0.8300 -9.990e-29
 239.960943     -0.951   0.398006    15.7251    -1.7323     -0.943     0.2350    -0.8295 -9.990e-29
 239.960949     -0.946   0.398061    15.7321    -1.7316     -0.938     0.2350    -0.8306 -9.990e-29
 239.960955     -0.941   0.398299    15.7419    -1.7312     -0.933     0.2351    -0.8321 -9.990e-29
 239.960961     -0.934   0.398481    15.7533    -1.7312     -0.926     0.2352    -0.8339 -9.990e-29
 239.960966     -0.925   0.398296    15.7667    -1.7310     -0.917     0.2350    -0.8362 -9.990e-29
 239.960972     -0.915   0.398049    15.7810    -1.7303     -0.907     0.2347    -0.8387 -9.990e-29
 239.960978     -0.901   0.397967    15.7944    -1.7295     -0.893     0.2346    -0.8409 -9.990e-29
 239.960984     -0.888   0.397941    15.8065    -1.7283     -0.881     0.2345    -0.8429 -9.990e-29
 239.960990     -0.878   0.397936    15.8184    -1.7275     -0.871     0.2345    -0.8449 -9.990e-29
 239.960995     -0.868   0.397942    15.8319    -1.7272     -0.861     0.2344    -0.8471 -9.990e-29
 239.961001     -0.852   0.397969    15.8461    -1.7272     -0.845     0.2343    -0.8495 -9.990e-29
 239.961007     -0.833   0.398051    15.8574    -1.7270     -0.826     0.2343    -0.8513 -9.990e-29
 239.961013     -0.814   0.398298    15.8659    -1.7264     -0.807     0.2344    -0.8526 -9.990e-29
 239.961019     -0.795   0.398484    15.8768    -1.7256     -0.788     0.2345    -0.8543 -9.990e-29
 239.961024     -0.777   0.398299    15.8939    -1.7246     -0.771     0.2343    -0.8572 -9.990e-29
 239.961030     -0.766   0.398053    15.9169    -1.7236     -0.760     0.2340    -0.8612 -9.990e-29
 239.961036     -0.759   0.397971    15.9417    -1.7223     -0.753     0.2338    -0.8653 -9.990e-29
 239.961042     -0.756   0.397944    15.9615    -1.7214     -0.750     0.2337    -0.8686 -9.990e-29
 239.961047     -0.757   0.397935    15.9734    -1.7206     -0.751     0.2336    -0.8706 -9.990e-29
 239.961053     -0.758   0.397931    15.9815    -1.7198     -0.752     0.2336    -0.8720 -9.990e-29
 239.961059     -0.755   0.397928    15.9919    -1.7195     -0.749     0.2335    -0.8737 -9.990e-29
 239.961065     -0.751   0.397919    16.0084    -1.7195     -0.745     0.2334    -0.8765 -9.990e-29
 239.961071     -0.747   0.397892    16.0310    -1.7199     -0.741     0.2333    -0.8803 -9.990e-29
 239.961076     -0.738   0.397810    16.0579    -1.7204     -0.732     0.2331    -0.8848 -9.990e-29
 239.961082     -0.727   0.397563    16.0877    -1.7202     -0.721     0.2328    -0.8900 -9.990e-29
 239.961088     -0.719   0.397379    16.1181    -1.7201     -0.713     0.2325    -0.8952 -9.990e-29
 239.961094     -0.713   0.397565    16.1459    -1.7198     -0.707     0.2324    -0.8998 -9.990e-29
 239.961100     -0.708   0.397812    16.1693    -1.7194     -0.702     0.2325    -0.9036 -9.990e-29
 239.961105     -0.703   0.397894    16.1871    -1.7187     -0.697     0.2324    -0.9066 -9.990e-29
 239.961111     -0.700   0.397920    16.1967    -1.7182     -0.694     0.2324    -0.9082 -9.990e-29
 239.961117     -0.697   0.397925    16.1975    -1.7175     -0.691     0.2324    -0.9083 -9.990e-29
 239.961123     -0.694   0.397915    16.1923    -1.7169     -0.688     0.2324    -0.9075 -9.990e-29
 239.961128     -0.692   0.397877    16.1870    -1.7167     -0.686     0.2324    -0.9066 -9.990e-29
 239.961134     -0.689   0.397759    16.1868    -1.7163     -0.683     0.2323    -0.9066 -9.990e-29
 239.961140     -0.686   0.397403    16.1914    -1.7160     -0.680     0.2321    -0.9075 -9.990e-29
 239.961146     -0.683   0.396890    16.1998    -1.7155     -0.677     0.2317    -0.9092 -9.990e-29
 239.961152     -0.679   0.396644    16.2124    -1.7152     -0.673     0.2315    -0.9114 -9.990e-29
 239.961157     -0.675   0.396891    16.2282    -1.7151     -0.669     0.2316    -0.9140 -9.990e-29
 239.961163     -0.669   0.397405    16.2452    -1.7151     -0.663     0.2318    -0.9167 -9.990e-29
 239.961169     -0.662   0.397761    16.2624    -1.7146     -0.656     0.2319    -0.9194 -9.990e-29
 239.961175     -0.653   0.397880    16.2774    -1.7142     -0.648     0.2319    -0.9219 -9.990e-29
 239.961181     -0.642   0.397920    16.2891    -1.7143     -0.637     0.2319    -0.9239 -9.990e-29
 239.961186     -0.627   0.397934    16.2998    -1.7154     -0.622     0.2318    -0.9257 -9.990e-29
 239.961192     -0.609   0.397938    16.3105    -1.7160     -0.604     0.2318    -0.9275 -9.990e-29
 239.961198     -0.589   0.397940    16.3206    -1.7162     -0.584     0.2317    -0.9293 -9.990e-29
 239.961204     -0.571   0.397941    16.3287    -1.7164     -0.566     0.2317    -0.9306 -9.990e-29
 239.961209     -0.554   0.397941    16.3346    -1.7167     -0.549     0.2316    -0.9317 -9.990e-29
 239.961215     -0.537   0.397941    16.3407    -1.7172     -0.533     0.2316    -0.9327 -9.990e-29
 239.961221     -0.519   0.397941    16.3479    -1.7181     -0.515     0.2316    -0.9339 -9.990e-29
 239.961227     -0.503   0.397941    16.3517    -1.7189     -0.499     0.2315    -0.9346 -9.990e-29
 239.961233     -0.491   0.397941    16.3456    -1.7192     -0.487     0.2316    -0.9335 -9.990e-29
 239.961238     -0.484   0.397941    16.3304    -1.7192     -0.480     0.2317    -0.9309 -9.990e-29
 239.961244     -0.481   0.397941    16.3151    -1.7197     -0.477     0.2317    -0.9283 -9.990e-29
 239.961250     -0.477   0.397941    16.3043    -1.7201     -0.473     0.2318    -0.9265 -9.990e-29
 239.961256     -0.468   0.397941    16.2954    -1.7202     -0.464     0.2318    -0.9250 -9.990e-29
 239.961262     -0.458   0.397941    16.2844    -1.7213     -0.454     0.2319    -0.9231 -9.990e-29
 239.961267     -0.450   0.397941    16.2689    -1.7232     -0.446     0.2320    -0.9204 -9.990e-29
 239.961273     -0.444   0.397941    16.2498    -1.7244     -0.440     0.2321    -0.9172 -9.990e-29
 239.961279     -0.439   0.397941    16.2320    -1.7244     -0.435     0.2322    -0.9142 -9.990e-29
 239.961285     -0.435   0.397941    16.2196    -1.7248     -0.431     0.2323    -0.9121 -9.990e-29
 239.961291     -0.431   0.397941    16.2102    -1.7253     -0.427     0.2323    -0.9105 -9.990e-29
 239.961296     -0.429   0.397941    16.1996    -1.7255     -0.425     0.2324    -0.9087 -9.990e-29
 239.961302     -0.426   0.397941    16.1875    -1.7254     -0.422     0.2324    -0.9066 -9.990e-29
 239.961308     -0.424   0.397941    16.1708    -1.7259     -0.420     0.2325    -0.9038 -9.990e-29
 239.961314     -0.422   0.397941    16.1433    -1.7276     -0.418     0.2327    -0.8992 -9.990e-29
 239.961319     -0.419   0.397941    16.1088    -1.7281     -0.416     0.2329    -0.8933 -9.990e-29
 239.961325     -0.417   0.397941    16.0807    -1.7281     -0.414     0.2330    -0.8886 -9.990e-29
 239.961331     -0.414   0.397941    16.0637    -1.7277     -0.411     0.2331    -0.8857 -9.990e-29
 239.961337     -0.411   0.397941    16.0514    -1.7271     -0.408     0.2332    -0.8837 -9.990e-29
 239.961343     -0.407   0.397941    16.0405    -1.7264     -0.404     0.2332    -0.8819 -9.990e-29
 239.961348     -0.401   0.397941    16.0320    -1.7257     -0.398     0.2333    -0.8804 -9.990e-29
 239.961354     -0.395   0.397941    16.0230    -1.7255     -0.392     0.2333    -0.8789 -9.990e-29
 239.961360     -0.387   0.397941    16.0064    -1.7251     -0.384     0.2334    -0.8761 -9.990e-29
 239.961366     -0.376   0.397941    15.9842    -1.7249     -0.373     0.2336    -0.8724 -9.990e-29
 239.961372     -0.366   0.397941    15.9685    -1.7251     -0.363     0.2336    -0.8698 -9.990e-29
 239.961377     -0.362   0.397941    15.9656    -1.7243     -0.359     0.2337    -0.8693 -9.990e-29
 239.961383     -0.358   0.397941    15.9733    -1.7236     -0.355     0.2336    -0.8706 -9.990e-29
 239.961389     -0.350   0.397941    15.9873    -1.7228     -0.347     0.2335    -0.8729 -9.990e-29
 239.961395     -0.341   0.397941    16.0038    -1.7226     -0.338     0.2334    -0.8757 -9.990e-29
 239.961400     -0.336   0.397940    16.0190    -1.7225     -0.333     0.2334    -0.8782 -9.990e-29
 239.961406     -0.330   0.397940    16.0310    -1.7225     -0.327     0.2333    -0.8803 -9.990e-29
 239.961412     -0.317   0.397940    16.0404    -1.7230     -0.314     0.2332    -0.8818 -9.990e-29
 239.961418     -0.302   0.397940    16.0477    -1.7241     -0.299     0.2332    -0.8831 -9.990e-29
 239.961424     -0.289   0.397940    16.0561    -1.7240     -0.287     0.2332    -0.8845 -9.990e-29
 239.961429     -0.275   0.397940    16.0702    -1.7238     -0.273     0.2331    -0.8868 -9.990e-29
 239.961435     -0.264   0.397939    16.0876    -1.7237     -0.262     0.2330    -0.8898 -9.990e-29
 239.961441     -0.261   0.397938    16.1024    -1.7230     -0.259     0.2329    -0.8923 -9.990e-29
 239.961447     -0.264   0.397934    16.1110    -1.7225     -0.262     0.2329    -0.8937 -9.990e-29
 239.961453     -0.271   0.397922    16.1135    -1.7219     -0.269     0.2328    -0.8941 -9.990e-29
 239.961458     -0.272   0.397885    16.1098    -1.7214     -0.270     0.2328    -0.8935 -9.990e-29
 239.961464     -0.263   0.397775    16.0993    -1.7214     -0.261     0.2328    -0.8918 -9.990e-29
 239.961470     -0.248   0.397446    16.0873    -1.7230     -0.246     0.2327    -0.8899 -9.990e-29
 239.961476     -0.235   0.397013    16.0824    -1.7246     -0.233     0.2325    -0.8893 -9.990e-29
 239.961481     -0.228   0.397009    16.0849    -1.7247     -0.226     0.2324    -0.8897 -9.990e-29
 239.961487     -0.221   0.397429    16.0930    -1.7248     -0.219     0.2326    -0.8909 -9.990e-29
 239.961493     -0.209   0.397723    16.1060    -1.7246     -0.207     0.2328    -0.8930 -9.990e-29
 239.961499     -0.197   0.397727    16.1202    -1.7244     -0.195     0.2327    -0.8953 -9.990e-29
 239.961505     -0.188   0.397447    16.1323    -1.7237     -0.186     0.2324    -0.8975 -9.990e-29
 239.961510     -0.181   0.397067    16.1379    -1.7241     -0.179     0.2322    -0.8986 -9.990e-29
 239.961516     -0.176   0.397190    16.1291    -1.7242     -0.175     0.2323    -0.8971 -9.990e-29
 239.961522     -0.172   0.397980    16.1045    -1.7235     -0.171     0.2329    -0.8926 -9.990e-29
 239.961528     -0.170   0.398823    16.0781    -1.7230     -0.169     0.2336    -0.8878 -9.990e-29
 239.961534     -0.168   0.399179    16.0635    -1.7225     -0.167     0.2339    -0.8851 -9.990e-29
 239.961539     -0.168   0.398969    16.0598    -1.7223     -0.167     0.2338    -0.8846 -9.990e-29
 239.961545     -0.168   0.398467    16.0624    -1.7228     -0.167     0.2334    -0.8853 -9.990e-29
 239.961551     -0.170   0.398115    16.0691    -1.7233     -0.169     0.2332    -0.8866 -9.990e-29
 239.961557     -0.172   0.397998    16.0752    -1.7238     -0.171     0.2331    -0.8876 -9.990e-29
 239.961563     -0.176   0.397959    16.0773    -1.7242     -0.175     0.2331    -0.8880 -9.990e-29
 239.961568     -0.182   0.397946    16.0810    -1.7250     -0.180     0.2330    -0.8886 -9.990e-29
 239.961574     -0.184   0.397944    16.0913    -1.7257     -0.182     0.2330    -0.8904 -9.990e-29
 239.961580     -0.181   0.397948    16.1039    -1.7263     -0.179     0.2329    -0.8925 -9.990e-29
 239.961586     -0.174   0.397965    16.1130    -1.7275     -0.173     0.2329    -0.8940 -9.990e-29
 239.961591     -0.169   0.398018    16.1143    -1.7281     -0.168     0.2329    -0.8942 -9.990e-29
 239.961597     -0.166   0.398177    16.1069    -1.7280     -0.165     0.2330    -0.8929 -9.990e-29
 239.961603     -0.163   0.398654    16.0944    -1.7278     -0.162     0.2334    -0.8906 -9.990e-29
 239.961609     -0.160   0.400083    16.0799    -1.7275     -0.159     0.2343    -0.8875 -9.990e-29
 239.961615     -0.158   0.402705    16.0631    -1.7271     -0.157     0.2360    -0.8834 -9.990e-29
 239.961620     -0.157   0.406131    16.0436    -1.7268     -0.156     0.2381    -0.8786 -9.990e-29
 239.961626     -0.155   0.410489    16.0227    -1.7266     -0.154     0.2409    -0.8730 -9.990e-29
