data/oxygen options/OCNMS/OCNMS1/raw_data/2015/CAST_TH042_150528faed.cnv
* Sea-Bird SBE19 Data File:
* FileName = C:\2015 Mooring Data\Casts\CAST_TH042_150528.hex
* Software Version 1.59
* Temperature SN = 2997
* Conductivity SN = 2997
* System UpLoad Time = May 28 2015 01:34:04
** CAST_TH042_150528
* ds
# nquan = 9                                 
# nvalues = 1098                        
# units = specified
# name 0 = timeJ: Julian Days
# name 1 = prSM: Pressure, Strain Gauge [db]
# name 2 = c0mS/cm: Conductivity [mS/cm]
# name 3 = t090C: Temperature [ITS-90, deg C]
# name 4 = sbeox0ML/L: Oxygen, SBE 43 [ml/l]
# name 5 = depSM: Depth [salt water, m], lat = 47.5
# name 6 = sal00: Salinity, Practical [PSU]
# name 7 = sigma-é00: Density [sigma-theta, kg/m^3]
# name 8 = flag: flag
# span 0 = 148.057986, 148.064334       
# span 1 =     -1.223,     43.654       
# span 2 =   0.019086,  36.923121       
# span 3 =     7.6373,    12.1987       
# span 4 =    -1.9156,    14.1233       
# span 5 =     -1.213,     43.285       
# span 6 =     0.0153,    33.4567       
# span 7 =    -0.4281,    26.1145       
# span 8 = 0.0000e+00, 0.0000e+00       
# interval = seconds: 0.5
# start_time = May 28 2015 01:23:30 [Instrument's time stamp, header]
# bad_flag = -9.990e-29
*END*
[from data line 481]
 148.060770      1.760  36.905536    12.1543     7.6184      1.745    31.8649    24.1266 -9.990e-29
 148.060775      1.758  36.905068    12.1559     7.6036      1.743    31.8630    24.1249 -9.990e-29
 148.060781      1.759  36.904007    12.1571     7.5924      1.744    31.8610    24.1231 -9.990e-29
 148.060787      1.761  36.902667    12.1577     7.5907      1.746    31.8592    24.1216 -9.990e-29
 148.060793      1.765  36.900607    12.1576     7.6022      1.750    31.8573    24.1201 -9.990e-29
 148.060799      1.771  36.897345    12.1558     7.6174      1.756    31.8557    24.1192 -9.990e-29
 148.060804      1.775  36.891529    12.1532     7.6180      1.760    31.8523    24.1171 -9.990e-29
 148.060810      1.774  36.886624    12.1530     7.6188      1.759    31.8478    24.1136 -9.990e-29
 148.060816      1.771  36.887485    12.1552     7.6143      1.756    31.8468    24.1124 -9.990e-29
 148.060822      1.770  36.889644    12.1563     7.6167      1.755    31.8479    24.1130 -9.990e-29
 148.060828      1.772  36.888682    12.1537     7.6101      1.757    31.8492    24.1145 -9.990e-29
 148.060833      1.777  36.886672    12.1493     7.6126      1.762    31.8510    24.1168 -9.990e-29
 148.060839      1.784  36.887654    12.1474     7.6175      1.769    31.8536    24.1191 -9.990e-29
 148.060845      1.795  36.890687    12.1493     7.6286      1.780    31.8548    24.1197 -9.990e-29
 148.060851      1.806  36.891953    12.1534     7.6325      1.791    31.8526    24.1172 -9.990e-29
 148.060856      1.813  36.893133    12.1570     7.6353      1.798    31.8506    24.1150 -9.990e-29
 148.060862      1.817  36.895231    12.1585     7.6255      1.802    31.8514    24.1153 -9.990e-29
 148.060868      1.818  36.895430    12.1574     7.6130      1.803    31.8525    24.1164 -9.990e-29
 148.060874      1.819  36.890062    12.1548     7.6159      1.804    31.8496    24.1146 -9.990e-29
 148.060880      1.827  36.880935    12.1529     7.6157      1.812    31.8424    24.1094 -9.990e-29
 148.060885      1.836  36.877738    12.1533     7.6198      1.821    31.8390    24.1067 -9.990e-29
 148.060891      1.839  36.882367    12.1553     7.6270      1.824    31.8417    24.1085 -9.990e-29
 148.060897      1.832  36.887528    12.1567     7.6308      1.817    31.8455    24.1111 -9.990e-29
 148.060903      1.819  36.891123    12.1567     7.6253      1.804    31.8490    24.1138 -9.990e-29
 148.060909      1.806  36.893452    12.1565     7.6170      1.791    31.8514    24.1157 -9.990e-29
 148.060914      1.799  36.893688    12.1576     7.6127      1.784    31.8507    24.1149 -9.990e-29
 148.060920      1.796  36.893818    12.1608     7.6058      1.781    31.8481    24.1123 -9.990e-29
 148.060926      1.797  36.895688    12.1647     7.6200      1.782    31.8465    24.1104 -9.990e-29
 148.060932      1.797  36.897299    12.1660     7.6186      1.782    31.8470    24.1105 -9.990e-29
 148.060937      1.794  36.896866    12.1651     7.6185      1.779    31.8473    24.1110 -9.990e-29
 148.060943      1.790  36.896605    12.1656     7.6013      1.775    31.8466    24.1103 -9.990e-29
 148.060949      1.789  36.897844    12.1688     7.5956      1.774    31.8451    24.1086 -9.990e-29
 148.060955      1.793  36.899425    12.1719     7.5981      1.778    31.8440    24.1071 -9.990e-29
 148.060961      1.796  36.901204    12.1728     7.5949      1.781    31.8449    24.1077 -9.990e-29
 148.060966      1.795  36.903303    12.1725     7.5936      1.780    31.8472    24.1095 -9.990e-29
 148.060972      1.794  36.904026    12.1721     7.5917      1.779    31.8482    24.1104 -9.990e-29
 148.060978      1.792  36.902647    12.1716     7.5991      1.777    31.8473    24.1098 -9.990e-29
 148.060984      1.786  36.901244    12.1713     7.5984      1.771    31.8462    24.1090 -9.990e-29
 148.060990      1.779  36.900738    12.1709     7.5997      1.764    31.8461    24.1089 -9.990e-29
 148.060995      1.779  36.899888    12.1696     7.6103      1.764    31.8464    24.1094 -9.990e-29
 148.061001      1.791  36.897553    12.1672     7.6277      1.776    31.8462    24.1097 -9.990e-29
 148.061007      1.807  36.893415    12.1655     7.6396      1.792    31.8437    24.1081 -9.990e-29
 148.061013      1.814  36.890918    12.1674     7.6321      1.799    31.8396    24.1046 -9.990e-29
 148.061019      1.815  36.893452    12.1714     7.6281      1.800    31.8387    24.1031 -9.990e-29
 148.061024      1.812  36.898218    12.1741     7.6262      1.797    31.8409    24.1043 -9.990e-29
 148.061030      1.805  36.902593    12.1747     7.6140      1.790    31.8446    24.1071 -9.990e-29
 148.061036      1.799  36.905114    12.1742     7.5950      1.784    31.8475    24.1094 -9.990e-29
 148.061042      1.798  36.904086    12.1739     7.5874      1.783    31.8468    24.1089 -9.990e-29
 148.061047      1.800  36.902616    12.1755     7.5877      1.785    31.8440    24.1064 -9.990e-29
 148.061053      1.803  36.903782    12.1784     7.6077      1.788    31.8426    24.1048 -9.990e-29
 148.061059      1.802  36.906889    12.1812     7.6227      1.787    31.8432    24.1048 -9.990e-29
 148.061065      1.800  36.910462    12.1840     7.6295      1.785    31.8443    24.1051 -9.990e-29
 148.061071      1.800  36.913092    12.1867     7.6290      1.785    31.8445    24.1047 -9.990e-29
 148.061076      1.795  36.914913    12.1893     7.6301      1.780    31.8440    24.1039 -9.990e-29
 148.061082      1.789  36.917222    12.1923     7.6219      1.774    31.8437    24.1031 -9.990e-29
 148.061088      1.788  36.920288    12.1953     7.6064      1.773    31.8441    24.1028 -9.990e-29
 148.061094      1.790  36.921462    12.1971     7.6021      1.775    31.8437    24.1022 -9.990e-29
 148.061100      1.795  36.920618    12.1975     7.6007      1.780    31.8425    24.1012 -9.990e-29
 148.061105      1.801  36.921111    12.1976     7.6118      1.786    31.8429    24.1015 -9.990e-29
 148.061111      1.802  36.922467    12.1984     7.6125      1.787    31.8435    24.1018 -9.990e-29
 148.061117      1.804  36.923121    12.1987     7.6112      1.789    31.8439    24.1020 -9.990e-29
 148.061123      1.810  36.922815    12.1967     7.6159      1.795    31.8453    24.1035 -9.990e-29
 148.061128      1.821  36.921135    12.1935     7.6048      1.806    31.8464    24.1050 -9.990e-29
 148.061134      1.834  36.919196    12.1917     7.6108      1.819    31.8461    24.1050 -9.990e-29
 148.061140      1.840  36.918889    12.1921     7.6165      1.825    31.8454    24.1045 -9.990e-29
 148.061146      1.836  36.919795    12.1937     7.6057      1.821    31.8450    24.1038 -9.990e-29
 148.061152      1.826  36.920310    12.1944     7.6014      1.811    31.8449    24.1036 -9.990e-29
 148.061157      1.818  36.919991    12.1930     7.6146      1.803    31.8457    24.1045 -9.990e-29
 148.061163      1.816  36.918967    12.1908     7.6123      1.801    31.8466    24.1056 -9.990e-29
 148.061169      1.819  36.917546    12.1892     7.6227      1.804    31.8466    24.1059 -9.990e-29
 148.061175      1.827  36.916629    12.1882     7.6343      1.812    31.8466    24.1061 -9.990e-29
 148.061181      1.842  36.916665    12.1871     7.6190      1.827    31.8476    24.1070 -9.990e-29
 148.061186      1.859  36.916574    12.1864     7.6234      1.843    31.8481    24.1076 -9.990e-29
 148.061192      1.871  36.915663    12.1863     7.6315      1.855    31.8473    24.1070 -9.990e-29
 148.061198      1.876  36.914952    12.1861     7.6319      1.860    31.8468    24.1066 -9.990e-29
 148.061204      1.876  36.914605    12.1852     7.6488      1.860    31.8472    24.1071 -9.990e-29
 148.061209      1.878  36.913591    12.1838     7.6526      1.862    31.8474    24.1075 -9.990e-29
 148.061215      1.880  36.912793    12.1833     7.6430      1.864    31.8471    24.1074 -9.990e-29
 148.061221      1.883  36.913382    12.1837     7.6382      1.867    31.8473    24.1075 -9.990e-29
 148.061227      1.882  36.914451    12.1841     7.6145      1.866    31.8480    24.1079 -9.990e-29
 148.061233      1.879  36.915174    12.1846     7.6106      1.863    31.8483    24.1080 -9.990e-29
 148.061238      1.876  36.915947    12.1850     7.6207      1.860    31.8487    24.1083 -9.990e-29
 148.061244      1.874  36.916669    12.1850     7.6303      1.858    31.8493    24.1088 -9.990e-29
 148.061250      1.877  36.916615    12.1832     7.6367      1.861    31.8508    24.1103 -9.990e-29
 148.061256      1.890  36.914020    12.1793     7.6108      1.874    31.8517    24.1117 -9.990e-29
 148.061262      1.912  36.908781    12.1763     7.5848      1.896    31.8492    24.1103 -9.990e-29
 148.061267      1.946  36.905681    12.1766     7.5714      1.930    31.8459    24.1077 -9.990e-29
 148.061273      1.989  36.906744    12.1784     7.5750      1.972    31.8454    24.1070 -9.990e-29
 148.061279      2.040  36.908892    12.1788     7.6194      2.023    31.8471    24.1082 -9.990e-29
 148.061285      2.107  36.909374    12.1753     7.6174      2.089    31.8505    24.1115 -9.990e-29
 148.061291      2.193  36.904899    12.1645     7.5831      2.175    31.8554    24.1173 -9.990e-29
 148.061296      2.300  36.891737    12.1444     7.5394      2.281    31.8598    24.1245 -9.990e-29
 148.061302      2.430  36.871955    12.1223     7.5187      2.410    31.8596    24.1285 0.0000e+00
 148.061308      2.575  36.855051    12.1089     7.4989      2.553    31.8547    24.1272 0.0000e+00
 148.061314      2.726  36.847631    12.1009     7.4584      2.703    31.8544    24.1284 0.0000e+00
 148.061319      2.885  36.842029    12.0785     7.4319      2.861    31.8680    24.1432 0.0000e+00
 148.061325      3.053  36.821794    12.0215     7.4126      3.027    31.8972    24.1763 0.0000e+00
 148.061331      3.237  36.769470    11.9293     7.4184      3.210    31.9255    24.2154 0.0000e+00
 148.061337      3.439  36.669670    11.8353     7.4347      3.410    31.9096    24.2203 0.0000e+00
 148.061343      3.647  36.558637    11.7625     7.4891      3.617    31.8644    24.1986 0.0000e+00
 148.061348      3.845  36.487900    11.6694     7.4690      3.813    31.8756    24.2242 0.0000e+00
 148.061354      4.027  36.427595    11.5209     7.3205      3.993    31.9447    24.3048 0.0000e+00
 148.061360      4.200  36.336544    11.3609     6.9865      4.165    31.9941    24.3719 0.0000e+00
 148.061366      4.373  36.234611    11.2461     6.5129      4.336    31.9936    24.3920 0.0000e+00
 148.061372      4.547  36.160768    11.1694     6.0140      4.509    31.9877    24.4010 0.0000e+00
 148.061377      4.724  36.105098    11.0768     5.6222      4.685    32.0133    24.4373 0.0000e+00
 148.061383      4.907  36.011850    10.9174     5.3929      4.866    32.0603    24.5017 0.0000e+00
 148.061389      5.100  35.861511    10.6704     5.3164      5.057    32.1276    24.5969 0.0000e+00
 148.061395      5.302  35.661595    10.3642     5.3135      5.258    32.1981    24.7040 0.0000e+00
 148.061400      5.508  35.416271    10.0789     5.3404      5.462    32.2044    24.7568 0.0000e+00
 148.061406      5.715  35.186849     9.8911     5.3728      5.667    32.1393    24.7370 0.0000e+00
 148.061412      5.918  35.049641     9.8000     5.3930      5.869    32.0811    24.7064 0.0000e+00
 148.061418      6.118  34.996517     9.7476     5.4130      6.067    32.0736    24.7091 0.0000e+00
 148.061424      6.319  34.980710     9.7040     5.4203      6.266    32.0963    24.7339 0.0000e+00
 148.061429      6.521  34.980005     9.6727     5.4155      6.466    32.1235    24.7602 0.0000e+00
 148.061435      6.719  34.981680     9.6502     5.3855      6.663    32.1452    24.7808 0.0000e+00
 148.061441      6.913  34.976180     9.6356     5.2962      6.855    32.1526    24.7889 0.0000e+00
 148.061447      7.107  34.970173     9.6322     5.1798      7.048    32.1494    24.7870 0.0000e+00
 148.061453      7.301  34.974132     9.6327     5.0224      7.240    32.1529    24.7896 0.0000e+00
 148.061458      7.493  34.979873     9.6229     4.9035      7.430    32.1675    24.8026 0.0000e+00
 148.061464      7.693  34.968699     9.5929     4.8182      7.629    32.1829    24.8194 0.0000e+00
 148.061470      7.904  34.935233     9.5438     4.7806      7.838    32.1926    24.8349 0.0000e+00
 148.061476      8.122  34.880805     9.4835     4.7662      8.054    32.1909    24.8433 0.0000e+00
 148.061481      8.344  34.816340     9.4230     4.7275      8.274    32.1791    24.8437 0.0000e+00
 148.061487      8.571  34.762552     9.3800     4.6523      8.499    32.1624    24.8375 0.0000e+00
 148.061493      8.806  34.723365     9.3638     4.5291      8.732    32.1366    24.8199 0.0000e+00
 148.061499      9.041  34.696520     9.3616     4.4358      8.965    32.1109    24.8001 0.0000e+00
 148.061505      9.274  34.688139     9.3526     4.3828      9.196    32.1102    24.8011 0.0000e+00
 148.061510      9.512  34.700016     9.3085     4.4036      9.432    32.1620    24.8485 0.0000e+00
 148.061516      9.756  34.694093     9.2105     4.4476      9.674    32.2442    24.9282 0.0000e+00
 148.061522     10.006  34.634922     9.0875     4.5176      9.922    32.2943    24.9866 0.0000e+00
 148.061528     10.264  34.569053     8.9905     4.5759     10.178    32.3140    25.0170 0.0000e+00
 148.061534     10.535  34.550904     8.9383     4.6051     10.447    32.3425    25.0474 0.0000e+00
 148.061539     10.817  34.571291     8.9178     4.6331     10.726    32.3822    25.0817 0.0000e+00
 148.061545     11.112  34.606290     8.9162     4.6293     11.019    32.4200    25.1115 0.0000e+00
 148.061551     11.418  34.646423     8.9253     4.6272     11.322    32.4532    25.1361 0.0000e+00
 148.061557     11.727  34.681779     8.9343     4.6262     11.629    32.4817    25.1570 0.0000e+00
 148.061563     12.039  34.707844     8.9357     4.6141     11.938    32.5073    25.1769 0.0000e+00
 148.061568     12.355  34.726775     8.9300     4.6017     12.252    32.5321    25.1972 0.0000e+00
 148.061574     12.675  34.738504     8.9233     4.5748     12.569    32.5503    25.2124 0.0000e+00
 148.061580     12.994  34.744006     8.9162     4.5537     12.885    32.5624    25.2230 0.0000e+00
 148.061586     13.310  34.745479     8.9026     4.5185     13.198    32.5763    25.2360 0.0000e+00
 148.061591     13.626  34.743110     8.8817     4.4983     13.512    32.5928    25.2522 0.0000e+00
 148.061597     13.941  34.738134     8.8535     4.4903     13.824    32.6134    25.2726 0.0000e+00
 148.061603     14.249  34.732788     8.8145     4.4857     14.130    32.6436    25.3023 0.0000e+00
 148.061609     14.548  34.723213     8.7700     4.4935     14.426    32.6745    25.3333 0.0000e+00
 148.061615     14.845  34.707194     8.7349     4.4818     14.721    32.6900    25.3508 0.0000e+00
 148.061620     15.146  34.692419     8.7198     4.4674     15.019    32.6884    25.3518 0.0000e+00
 148.061626     15.449  34.689355     8.7204     4.4536     15.319    32.6845    25.3487 0.0000e+00
 148.061632     15.750  34.695498     8.7230     4.4270     15.618    32.6883    25.3513 0.0000e+00
 148.061638     16.049  34.698208     8.7149     4.4305     15.914    32.6985    25.3606 0.0000e+00
 148.061644     16.342  34.690358     8.6938     4.4100     16.205    32.7097    25.3725 0.0000e+00
 148.061649     16.632  34.674844     8.6691     4.4006     16.493    32.7161    25.3813 0.0000e+00
 148.061655     16.918  34.660591     8.6472     4.4069     16.776    32.7213    25.3888 0.0000e+00
 148.061661     17.208  34.650361     8.6291     4.3956     17.064    32.7272    25.3961 0.0000e+00
 148.061667     17.502  34.641626     8.6178     4.3975     17.355    32.7284    25.3988 0.0000e+00
 148.061672     17.793  34.635535     8.6169     4.3905     17.644    32.7227    25.3944 0.0000e+00
 148.061678     18.078  34.636763     8.6221     4.3748     17.926    32.7191    25.3908 0.0000e+00
 148.061684     18.359  34.642930     8.6235     4.3828     18.205    32.7241    25.3945 0.0000e+00
