data/oxygen options/OCNMS/OCNMS1/raw_data/2015/CAST_MB015_150928faed.cnv
* Sea-Bird SBE19 Data File:
* FileName = C:\2015 Mooring Data\Casts\CAST_MB015_150928.hex
* Software Version 1.59
* Temperature SN = 2997
* Conductivity SN = 2997
* System UpLoad Time = Sep 28 2015 20:29:10
** CAST_MB015_150928
* ds
# nquan = 9                                 
# nvalues = 804                         
# units = specified
# name 0 = timeJ: Julian Days
# name 1 = prSM: Pressure, Strain Gauge [db]
# name 2 = c0mS/cm: Conductivity [mS/cm]
# name 3 = t090C: Temperature [ITS-90, deg C]
# name 4 = sbeox0ML/L: Oxygen, SBE 43 [ml/l]
# name 5 = depSM: Depth [salt water, m], lat = 47.5
# name 6 = sal00: Salinity, Practical [PSU]
# name 7 = sigma-é00: Density [sigma-theta, kg/m^3]
# name 8 = flag: flag
# span 0 = 271.838009, 271.842656       
# span 1 =     -4.699,     13.327       
# span 2 =   0.567825,  39.375978       
# span 3 =    12.1362,    14.7062       
# span 4 =    -1.8309,     9.7159       
# span 5 =     -4.660,     13.215       
# span 6 =     0.3516,    32.7147       
# span 7 =    -0.5767,    24.5147       
# span 8 = 0.0000e+00, 0.0000e+00       
# interval = seconds: 0.5
# start_time = Sep 28 2015 20:06:44 [Instrument's time stamp, header]
# bad_flag = -9.990e-29
*END*
[from data line 161]
 271.838941     -1.258   0.583725    14.2871    -1.7967     -1.248     0.3609    -0.5140 -9.990e-29
 271.838947     -1.251   0.583269    14.2582    -1.7972     -1.241     0.3609    -0.5099 -9.990e-29
 271.838953     -1.245   0.582866    14.2322    -1.7982     -1.235     0.3609    -0.5062 -9.990e-29
 271.838958     -1.240   0.582533    14.2018    -1.7986     -1.230     0.3609    -0.5019 -9.990e-29
 271.838964     -1.235   0.582381    14.1649    -1.7985     -1.225     0.3612    -0.4964 -9.990e-29
 271.838970     -1.231   0.582762    14.1255    -1.7987     -1.221     0.3618    -0.4904 -9.990e-29
 271.838976     -1.228   0.583074    14.0875    -1.7988     -1.218     0.3623    -0.4846 -9.990e-29
 271.838981     -1.224   0.582620    14.0541    -1.7992     -1.214     0.3623    -0.4799 -9.990e-29
 271.838987     -1.219   0.581903    14.0290    -1.7991     -1.209     0.3621    -0.4766 -9.990e-29
 271.838993     -1.214   0.581632    14.0110    -1.7989     -1.204     0.3621    -0.4741 -9.990e-29
 271.838999     -1.208   0.582001    13.9944    -1.7993     -1.198     0.3625    -0.4714 -9.990e-29
 271.839005     -1.201   0.582946    13.9782    -1.8005     -1.191     0.3632    -0.4686 -9.990e-29
 271.839010     -1.191   0.584061    13.9672    -1.8014     -1.181     0.3640    -0.4664 -9.990e-29
 271.839016     -1.179   0.584611    13.9620    -1.8018     -1.169     0.3644    -0.4654 -9.990e-29
 271.839022     -1.164   0.584217    13.9585    -1.8027     -1.154     0.3642    -0.4651 -9.990e-29
 271.839028     -1.149   0.583466    13.9542    -1.8039     -1.139     0.3638    -0.4648 -9.990e-29
 271.839034     -1.137   0.583021    13.9502    -1.8042     -1.128     0.3635    -0.4645 -9.990e-29
 271.839039     -1.128   0.582840    13.9477    -1.8040     -1.119     0.3634    -0.4642 -9.990e-29
 271.839045     -1.122   0.582682    13.9433    -1.8039     -1.113     0.3634    -0.4636 -9.990e-29
 271.839051     -1.116   0.582336    13.9310    -1.8044     -1.107     0.3633    -0.4620 -9.990e-29
 271.839057     -1.113   0.581895    13.9116    -1.8051     -1.104     0.3631    -0.4594 -9.990e-29
 271.839063     -1.105   0.581881    13.8915    -1.8059     -1.096     0.3633    -0.4565 -9.990e-29
 271.839068     -1.095   0.582274    13.8724    -1.8069     -1.086     0.3638    -0.4535 -9.990e-29
 271.839074     -1.084   0.582486    13.8520    -1.8071     -1.075     0.3641    -0.4504 -9.990e-29
 271.839080     -1.068   0.582243    13.8335    -1.8070     -1.059     0.3641    -0.4479 -9.990e-29
 271.839086     -1.046   0.581778    13.8228    -1.8070     -1.037     0.3639    -0.4465 -9.990e-29
 271.839091     -1.026   0.581580    13.8186    -1.8069     -1.017     0.3638    -0.4460 -9.990e-29
 271.839097     -1.009   0.581937    13.8137    -1.8072     -1.001     0.3641    -0.4451 -9.990e-29
 271.839103     -0.996   0.582770    13.8031    -1.8082     -0.988     0.3647    -0.4432 -9.990e-29
 271.839109     -0.985   0.583525    13.7875    -1.8090     -0.977     0.3653    -0.4406 -9.990e-29
 271.839115     -0.975   0.583541    13.7694    -1.8099     -0.967     0.3655    -0.4379 -9.990e-29
 271.839120     -0.966   0.582838    13.7535    -1.8105     -0.958     0.3652    -0.4360 -9.990e-29
 271.839126     -0.958   0.582144    13.7445    -1.8114     -0.950     0.3648    -0.4351 -9.990e-29
 271.839132     -0.949   0.582199    13.7411    -1.8127     -0.941     0.3649    -0.4345 -9.990e-29
 271.839138     -0.939   0.583074    13.7391    -1.8139     -0.931     0.3655    -0.4338 -9.990e-29
 271.839144     -0.929   0.584271    13.7355    -1.8144     -0.921     0.3663    -0.4327 -9.990e-29
 271.839149     -0.916   0.585164    13.7255    -1.8150     -0.908     0.3670    -0.4308 -9.990e-29
 271.839155     -0.904   0.585278    13.7080    -1.8155     -0.896     0.3672    -0.4282 -9.990e-29
 271.839161     -0.898   0.584764    13.6872    -1.8157     -0.891     0.3671    -0.4255 -9.990e-29
 271.839167     -0.891   0.584047    13.6666    -1.8158     -0.884     0.3668    -0.4229 -9.990e-29
 271.839172     -0.881   0.583280    13.6459    -1.8166     -0.874     0.3665    -0.4204 -9.990e-29
 271.839178     -0.865   0.582549    13.6220    -1.8172     -0.858     0.3662    -0.4173 -9.990e-29
 271.839184     -0.847   0.581989    13.5948    -1.8177     -0.840     0.3661    -0.4137 -9.990e-29
 271.839190     -0.831   0.581962    13.5698    -1.8182     -0.824     0.3663    -0.4102 -9.990e-29
 271.839196     -0.815   0.582433    13.5505    -1.8186     -0.808     0.3668    -0.4072 -9.990e-29
 271.839201     -0.798   0.582918    13.5354    -1.8192     -0.791     0.3673    -0.4049 -9.990e-29
 271.839207     -0.779   0.583506    13.5237    -1.8190     -0.773     0.3677    -0.4029 -9.990e-29
 271.839213     -0.762   0.584426    13.5148    -1.8181     -0.756     0.3684    -0.4012 -9.990e-29
 271.839219     -0.749   0.585240    13.5049    -1.8174     -0.743     0.3691    -0.3994 -9.990e-29
 271.839225     -0.740   0.585366    13.4915    -1.8170     -0.734     0.3693    -0.3974 -9.990e-29
 271.839230     -0.733   0.584971    13.4772    -1.8168     -0.727     0.3691    -0.3956 -9.990e-29
 271.839236     -0.730   0.584637    13.4639    -1.8170     -0.724     0.3690    -0.3939 -9.990e-29
 271.839242     -0.729   0.584474    13.4517    -1.8173     -0.723     0.3690    -0.3923 -9.990e-29
 271.839248     -0.730   0.584265    13.4414    -1.8176     -0.724     0.3690    -0.3909 -9.990e-29
 271.839253     -0.729   0.583730    13.4363    -1.8180     -0.723     0.3687    -0.3905 -9.990e-29
 271.839259     -0.722   0.582707    13.4408    -1.8178     -0.716     0.3680    -0.3916 -9.990e-29
 271.839265     -0.713   0.581498    13.4533    -1.8178     -0.707     0.3671    -0.3940 -9.990e-29
 271.839271     -0.705   0.580713    13.4664    -1.8180     -0.699     0.3665    -0.3962 -9.990e-29
 271.839277     -0.698   0.580969    13.4754    -1.8179     -0.692     0.3665    -0.3974 -9.990e-29
 271.839282     -0.691   0.582606    13.4791    -1.8178     -0.685     0.3676    -0.3971 -9.990e-29
 271.839288     -0.684   0.585032    13.4776    -1.8180     -0.678     0.3692    -0.3956 -9.990e-29
 271.839294     -0.677   0.587038    13.4726    -1.8183     -0.671     0.3705    -0.3939 -9.990e-29
 271.839300     -0.668   0.587969    13.4665    -1.8185     -0.662     0.3712    -0.3926 -9.990e-29
 271.839306     -0.658   0.587955    13.4621    -1.8190     -0.653     0.3712    -0.3920 -9.990e-29
 271.839311     -0.651   0.587530    13.4603    -1.8192     -0.646     0.3710    -0.3919 -9.990e-29
 271.839317     -0.649   0.587238    13.4592    -1.8194     -0.644     0.3708    -0.3919 -9.990e-29
 271.839323     -0.649   0.587245    13.4582    -1.8200     -0.644     0.3708    -0.3918 -9.990e-29
 271.839329     -0.646   0.587002    13.4578    -1.8204     -0.641     0.3706    -0.3918 -9.990e-29
 271.839334     -0.644   0.586186    13.4564    -1.8208     -0.639     0.3701    -0.3921 -9.990e-29
 271.839340     -0.648   0.585373    13.4526    -1.8215     -0.643     0.3696    -0.3919 -9.990e-29
 271.839346     -0.653   0.585142    13.4469    -1.8222     -0.648     0.3695    -0.3913 -9.990e-29
 271.839352     -0.656   0.585184    13.4399    -1.8228     -0.651     0.3696    -0.3903 -9.990e-29
 271.839358     -0.657   0.585000    13.4317    -1.8235     -0.652     0.3696    -0.3892 -9.990e-29
 271.839363     -0.655   0.584900    13.4235    -1.8243     -0.650     0.3696    -0.3881 -9.990e-29
 271.839369     -0.647   0.585304    13.4149    -1.8252     -0.642     0.3699    -0.3867 -9.990e-29
 271.839375     -0.628   0.586194    13.4046    -1.8260     -0.623     0.3706    -0.3848 -9.990e-29
 271.839381     -0.600   0.587092    13.3931    -1.8271     -0.595     0.3713    -0.3827 -9.990e-29
 271.839387     -0.570   0.587530    13.3803    -1.8273     -0.565     0.3717    -0.3807 -9.990e-29
 271.839392     -0.545   0.587533    13.3649    -1.8270     -0.540     0.3719    -0.3786 -9.990e-29
 271.839398     -0.529   0.587106    13.3482    -1.8270     -0.525     0.3717    -0.3765 -9.990e-29
 271.839404     -0.514   0.586233    13.3314    -1.8272     -0.510     0.3713    -0.3746 -9.990e-29
 271.839410     -0.497   0.585417    13.3133    -1.8278     -0.493     0.3710    -0.3725 -9.990e-29
 271.839416     -0.481   0.585233    13.2934    -1.8285     -0.477     0.3710    -0.3698 -9.990e-29
 271.839421     -0.468   0.585435    13.2727    -1.8293     -0.464     0.3713    -0.3668 -9.990e-29
 271.839427     -0.458   0.585368    13.2524    -1.8295     -0.454     0.3715    -0.3641 -9.990e-29
 271.839433     -0.450   0.584941    13.2359    -1.8297     -0.446     0.3714    -0.3620 -9.990e-29
 271.839439     -0.444   0.584323    13.2272    -1.8297     -0.440     0.3710    -0.3611 -9.990e-29
 271.839444     -0.439   0.583802    13.2244    -1.8299     -0.435     0.3707    -0.3610 -9.990e-29
 271.839450     -0.435   0.583975    13.2211    -1.8298     -0.431     0.3709    -0.3605 -9.990e-29
 271.839456     -0.432   0.585074    13.2140    -1.8302     -0.428     0.3717    -0.3589 -9.990e-29
 271.839462     -0.430   0.586343    13.2023    -1.8305     -0.426     0.3726    -0.3567 -9.990e-29
 271.839468     -0.428   0.586697    13.1877    -1.8307     -0.424     0.3730    -0.3545 -9.990e-29
 271.839473     -0.427   0.586054    13.1742    -1.8309     -0.423     0.3727    -0.3530 -9.990e-29
 271.839479     -0.425   0.585221    13.1650    -1.8308     -0.421     0.3722    -0.3521 -9.990e-29
 271.839485     -0.424   0.584752    13.1595    -1.8298     -0.420     0.3720    -0.3516 -9.990e-29
 271.839491     -0.423   0.584575    13.1562    -1.8290     -0.419     0.3719    -0.3512 -9.990e-29
 271.839497     -0.422   0.584455    13.1539    -1.8285     -0.418     0.3718    -0.3510 -9.990e-29
 271.839502     -0.421   0.584230    13.1507    -1.8283     -0.417     0.3717    -0.3507 -9.990e-29
 271.839508     -0.419   0.584157    13.1452    -1.8282     -0.416     0.3717    -0.3500 -9.990e-29
 271.839514     -0.418   0.584693    13.1389    -1.8282     -0.415     0.3721    -0.3488 -9.990e-29
 271.839520     -0.416   0.585442    13.1344    -1.8281     -0.413     0.3727    -0.3478 -9.990e-29
 271.839525     -0.413   0.585736    13.1340    -1.8277     -0.410     0.3729    -0.3476 -9.990e-29
 271.839531     -0.410   0.585411    13.1407    -1.8270     -0.407     0.3726    -0.3487 -9.990e-29
 271.839537     -0.407   0.584589    13.1547    -1.8265     -0.404     0.3719    -0.3510 -9.990e-29
 271.839543     -0.402   0.583839    13.1704    -1.8263     -0.399     0.3713    -0.3536 -9.990e-29
 271.839549     -0.396   0.583827    13.1823    -1.8258     -0.393     0.3711    -0.3552 -9.990e-29
 271.839554     -0.388   0.584536    13.1894    -1.8251     -0.385     0.3715    -0.3558 -9.990e-29
 271.839560     -0.378   0.585244    13.1938    -1.8252     -0.375     0.3720    -0.3561 -9.990e-29
 271.839566     -0.365   0.585230    13.1975    -1.8253     -0.362     0.3719    -0.3566 -9.990e-29
 271.839572     -0.348   0.584477    13.2032    -1.8254     -0.345     0.3714    -0.3577 -9.990e-29
 271.839578     -0.327   0.583645    13.2130    -1.8254     -0.324     0.3707    -0.3595 -9.990e-29
 271.839583     -0.304   0.583289    13.2252    -1.8254     -0.301     0.3704    -0.3614 -9.990e-29
 271.839589     -0.286   0.583487    13.2368    -1.8251     -0.284     0.3704    -0.3629 -9.990e-29
 271.839595     -0.273   0.583948    13.2475    -1.8249     -0.271     0.3706    -0.3641 -9.990e-29
 271.839601     -0.258   0.584177    13.2585    -1.8251     -0.256     0.3707    -0.3655 -9.990e-29
 271.839606     -0.246   0.583925    13.2675    -1.8256     -0.244     0.3704    -0.3669 -9.990e-29
 271.839612     -0.240   0.583410    13.2711    -1.8260     -0.238     0.3700    -0.3676 -9.990e-29
 271.839618     -0.239   0.583054    13.2705    -1.8260     -0.237     0.3698    -0.3677 -9.990e-29
 271.839624     -0.244   0.582937    13.2693    -1.8253     -0.242     0.3697    -0.3676 -9.990e-29
 271.839630     -0.250   0.582901    13.2695    -1.8250     -0.248     0.3697    -0.3677 -9.990e-29
 271.839635     -0.249   0.582900    13.2715    -1.8246     -0.247     0.3697    -0.3680 -9.990e-29
 271.839641     -0.242   0.582931    13.2742    -1.8247     -0.240     0.3697    -0.3683 -9.990e-29
 271.839647     -0.236   0.583036    13.2752    -1.8247     -0.234     0.3697    -0.3684 -9.990e-29
 271.839653     -0.231   0.583353    13.2718    -1.8247     -0.229     0.3700    -0.3678 -9.990e-29
 271.839659     -0.222   0.583749    13.2653    -1.8247     -0.220     0.3703    -0.3667 -9.990e-29
 271.839664     -0.214   0.583642    13.2606    -1.8252     -0.212     0.3703    -0.3661 -9.990e-29
 271.839670     -0.209   0.582889    13.2621    -1.8253     -0.207     0.3698    -0.3667 -9.990e-29
 271.839676     -0.209   0.582151    13.2694    -1.8255     -0.207     0.3692    -0.3681 -9.990e-29
 271.839682     -0.207   0.582107    13.2779    -1.8260     -0.205     0.3691    -0.3693 -9.990e-29
 271.839688     -0.200   0.582700    13.2837    -1.8262     -0.198     0.3694    -0.3698 -9.990e-29
 271.839693     -0.192   0.583056    13.2861    -1.8264     -0.190     0.3697    -0.3699 -9.990e-29
 271.839699     -0.186   0.582538    13.2867    -1.8265     -0.184     0.3693    -0.3703 -9.990e-29
 271.839705     -0.183   0.581565    13.2857    -1.8263     -0.181     0.3687    -0.3706 -9.990e-29
 271.839711     -0.181   0.581061    13.2820    -1.8261     -0.179     0.3684    -0.3704 -9.990e-29
 271.839716     -0.181   0.581464    13.2762    -1.8265     -0.179     0.3687    -0.3693 -9.990e-29
 271.839722     -0.183   0.582199    13.2702    -1.8268     -0.181     0.3692    -0.3681 -9.990e-29
 271.839728     -0.187   0.582581    13.2635    -1.8269     -0.185     0.3696    -0.3670 -9.990e-29
 271.839734     -0.188   0.582563    13.2561    -1.8269     -0.186     0.3696    -0.3660 -9.990e-29
 271.839740     -0.184   0.582120    13.2498    -1.8269     -0.182     0.3694    -0.3654 -9.990e-29
 271.839745     -0.177   0.581216    13.2457    -1.8269     -0.176     0.3688    -0.3653 -9.990e-29
 271.839751     -0.171   0.580309    13.2442    -1.8267     -0.170     0.3682    -0.3655 -9.990e-29
 271.839757     -0.167   0.579857    13.2450    -1.8266     -0.166     0.3679    -0.3659 -9.990e-29
 271.839763     -0.164   0.579812    13.2448    -1.8269     -0.163     0.3679    -0.3659 -9.990e-29
 271.839769     -0.161   0.580112    13.2413    -1.8268     -0.160     0.3681    -0.3652 -9.990e-29
 271.839774     -0.159   0.580604    13.2364    -1.8271     -0.158     0.3685    -0.3643 -9.990e-29
 271.839780     -0.157   0.580832    13.2331    -1.8273     -0.156     0.3687    -0.3637 -9.990e-29
 271.839786     -0.155   0.580544    13.2322    -1.8271     -0.154     0.3685    -0.3637 -9.990e-29
 271.839792     -0.154   0.579911    13.2326    -1.8268     -0.153     0.3681    -0.3641 -9.990e-29
 271.839797     -0.153   0.579199    13.2336    -1.8260     -0.152     0.3676    -0.3646 -9.990e-29
 271.839803     -0.151   0.578566    13.2350    -1.8242     -0.150     0.3672    -0.3651 -9.990e-29
 271.839809     -0.150   0.578278    13.2352    -1.8225     -0.149     0.3670    -0.3653 -9.990e-29
 271.839815     -0.148   0.578508    13.2335    -1.8210     -0.147     0.3672    -0.3650 -9.990e-29
 271.839821     -0.146   0.579005    13.2311    -1.8198     -0.145     0.3675    -0.3644 -9.990e-29
 271.839826     -0.143   0.579323    13.2286    -1.8191     -0.142     0.3677    -0.3639 -9.990e-29
 271.839832     -0.140   0.579330    13.2282    -1.8186     -0.139     0.3678    -0.3638 -9.990e-29
 271.839838     -0.137   0.579035    13.2331    -1.8186     -0.136     0.3675    -0.3646 -9.990e-29
 271.839844     -0.132   0.578599    13.2456    -1.8183     -0.131     0.3671    -0.3666 -9.990e-29
 271.839850     -0.125   0.578550    13.2688    -1.8178     -0.124     0.3669    -0.3698 -9.990e-29
 271.839855     -0.117   0.578823    13.3029    -1.8168     -0.116     0.3667    -0.3744 -9.990e-29
