data/oxygen options/OCNMS/OCNMS1/raw_data/2015/CAST_MB015_150527faed.cnv
* Sea-Bird SBE19 Data File:
* FileName = C:\2015 Mooring Data\Casts\CAST_MB015_150527.hex
* Software Version 1.59
* Temperature SN = 2997
* Conductivity SN = 2997
* System UpLoad Time = May 27 2015 21:26:32
** CAST_MB015_150527
* ds
# nquan = 9                                 
# nvalues = 763                         
# units = specified
# name 0 = timeJ: Julian Days
# name 1 = prSM: Pressure, Strain Gauge [db]
# name 2 = c0mS/cm: Conductivity [mS/cm]
# name 3 = t090C: Temperature [ITS-90, deg C]
# name 4 = sbeox0ML/L: Oxygen, SBE 43 [ml/l]
# name 5 = depSM: Depth [salt water, m], lat = 47.5
# name 6 = sal00: Salinity, Practical [PSU]
# name 7 = sigma-é00: Density [sigma-theta, kg/m^3]
# name 8 = flag: flag
# span 0 = 147.885278, 147.889688       
# span 1 =     -5.151,     12.636       
# span 2 =   0.263522,  37.296868       
# span 3 =     9.6207,    15.2337       
# span 4 =   -10.0694,    12.5385       
# span 5 =     -5.108,     12.530       
# span 6 =     0.1572,    32.5131       
# span 7 =    -0.7734,    25.0730       
# span 8 = 0.0000e+00, 0.0000e+00       
# interval = seconds: 0.5
# start_time = May 27 2015 21:14:48 [Instrument's time stamp, header]
# bad_flag = -9.990e-29
*END*
[from data line 161]
 147.886209     -1.624   0.296967    14.5395    -1.7754     -1.610     0.1793    -0.6915 -9.990e-29
 147.886215     -1.608   0.295748    14.5420    -1.7752     -1.595     0.1785    -0.6924 -9.990e-29
 147.886221     -1.585   0.295329    14.5445    -1.7749     -1.572     0.1783    -0.6930 -9.990e-29
 147.886227     -1.564   0.295149    14.5519    -1.7745     -1.551     0.1781    -0.6942 -9.990e-29
 147.886233     -1.546   0.294413    14.5652    -1.7743     -1.533     0.1776    -0.6965 -9.990e-29
 147.886238     -1.532   0.293252    14.5808    -1.7745     -1.519     0.1768    -0.6994 -9.990e-29
 147.886244     -1.520   0.292340    14.5948    -1.7754     -1.507     0.1762    -0.7019 -9.990e-29
 147.886250     -1.509   0.292126    14.6082    -1.7764     -1.496     0.1760    -0.7040 -9.990e-29
 147.886256     -1.499   0.292324    14.6216    -1.7763     -1.486     0.1761    -0.7059 -9.990e-29
 147.886262     -1.489   0.292089    14.6332    -1.7765     -1.477     0.1759    -0.7078 -9.990e-29
 147.886267     -1.478   0.291107    14.6423    -1.7764     -1.466     0.1753    -0.7096 -9.990e-29
 147.886273     -1.466   0.289734    14.6501    -1.7760     -1.454     0.1744    -0.7114 -9.990e-29
 147.886279     -1.452   0.288360    14.6566    -1.7762     -1.440     0.1735    -0.7131 -9.990e-29
 147.886285     -1.435   0.287376    14.6586    -1.7767     -1.423     0.1729    -0.7138 -9.990e-29
 147.886291     -1.414   0.287134    14.6522    -1.7765     -1.402     0.1728    -0.7130 -9.990e-29
 147.886296     -1.392   0.287313    14.6378    -1.7760     -1.380     0.1730    -0.7107 -9.990e-29
 147.886302     -1.376   0.287042    14.6232    -1.7760     -1.365     0.1729    -0.7087 -9.990e-29
 147.886308     -1.369   0.285958    14.6155    -1.7762     -1.358     0.1722    -0.7080 -9.990e-29
 147.886314     -1.366   0.284284    14.6133    -1.7758     -1.355     0.1712    -0.7085 -9.990e-29
 147.886319     -1.364   0.282564    14.6138    -1.7755     -1.353     0.1702    -0.7094 -9.990e-29
 147.886325     -1.366   0.281834    14.6147    -1.7751     -1.355     0.1697    -0.7099 -9.990e-29
 147.886331     -1.373   0.282787    14.6127    -1.7741     -1.362     0.1703    -0.7091 -9.990e-29
 147.886337     -1.375   0.284474    14.6097    -1.7733     -1.364     0.1714    -0.7079 -9.990e-29
 147.886343     -1.370   0.285256    14.6115    -1.7727     -1.359     0.1718    -0.7078 -9.990e-29
 147.886348     -1.357   0.285067    14.6168    -1.7722     -1.346     0.1717    -0.7087 -9.990e-29
 147.886354     -1.339   0.284766    14.6203    -1.7716     -1.328     0.1715    -0.7093 -9.990e-29
 147.886360     -1.323   0.284508    14.6234    -1.7711     -1.312     0.1713    -0.7099 -9.990e-29
 147.886366     -1.310   0.283946    14.6304    -1.7705     -1.299     0.1710    -0.7112 -9.990e-29
 147.886372     -1.292   0.282888    14.6412    -1.7695     -1.281     0.1703    -0.7134 -9.990e-29
 147.886377     -1.275   0.281589    14.6558    -1.7690     -1.264     0.1694    -0.7162 -9.990e-29
 147.886383     -1.260   0.280537    14.6745    -1.7685     -1.249     0.1687    -0.7195 -9.990e-29
 147.886389     -1.248   0.279997    14.6941    -1.7680     -1.238     0.1683    -0.7227 -9.990e-29
 147.886395     -1.236   0.279803    14.7118    -1.7675     -1.226     0.1681    -0.7254 -9.990e-29
 147.886400     -1.224   0.279698    14.7281    -1.7672     -1.214     0.1680    -0.7280 -9.990e-29
 147.886406     -1.213   0.279541    14.7438    -1.7666     -1.203     0.1678    -0.7304 -9.990e-29
 147.886412     -1.200   0.279678    14.7596    -1.7659     -1.190     0.1678    -0.7327 -9.990e-29
 147.886418     -1.185   0.280848    14.7774    -1.7656     -1.175     0.1685    -0.7349 -9.990e-29
 147.886424     -1.172   0.282389    14.7961    -1.7653     -1.162     0.1693    -0.7370 -9.990e-29
 147.886429     -1.163   0.283024    14.8130    -1.7651     -1.153     0.1697    -0.7393 -9.990e-29
 147.886435     -1.155   0.283045    14.8281    -1.7651     -1.145     0.1696    -0.7415 -9.990e-29
 147.886441     -1.142   0.283034    14.8423    -1.7656     -1.132     0.1695    -0.7437 -9.990e-29
 147.886447     -1.127   0.282977    14.8555    -1.7661     -1.118     0.1695    -0.7457 -9.990e-29
 147.886453     -1.115   0.282798    14.8685    -1.7655     -1.106     0.1693    -0.7478 -9.990e-29
 147.886458     -1.104   0.282258    14.8826    -1.7650     -1.095     0.1689    -0.7502 -9.990e-29
 147.886464     -1.097   0.281193    14.8965    -1.7650     -1.088     0.1682    -0.7529 -9.990e-29
 147.886470     -1.095   0.279849    14.9075    -1.7657     -1.086     0.1674    -0.7552 -9.990e-29
 147.886476     -1.093   0.278657    14.9149    -1.7664     -1.084     0.1666    -0.7569 -9.990e-29
 147.886481     -1.090   0.277691    14.9187    -1.7666     -1.081     0.1660    -0.7579 -9.990e-29
 147.886487     -1.088   0.276774    14.9177    -1.7669     -1.079     0.1655    -0.7582 -9.990e-29
 147.886493     -1.085   0.275796    14.9126    -1.7669     -1.076     0.1649    -0.7579 -9.990e-29
 147.886499     -1.081   0.274562    14.9098    -1.7665     -1.072     0.1641    -0.7580 -9.990e-29
 147.886505     -1.076   0.273093    14.9139    -1.7663     -1.067     0.1632    -0.7593 -9.990e-29
 147.886510     -1.066   0.271653    14.9193    -1.7655     -1.057     0.1623    -0.7608 -9.990e-29
 147.886516     -1.049   0.270541    14.9177    -1.7650     -1.040     0.1617    -0.7611 -9.990e-29
 147.886522     -1.034   0.269940    14.9078    -1.7646     -1.025     0.1614    -0.7599 -9.990e-29
 147.886528     -1.023   0.269606    14.8955    -1.7648     -1.014     0.1612    -0.7581 -9.990e-29
 147.886534     -1.016   0.269647    14.8862    -1.7648     -1.008     0.1613    -0.7567 -9.990e-29
 147.886539     -1.013   0.270675    14.8814    -1.7647     -1.005     0.1619    -0.7555 -9.990e-29
 147.886545     -1.009   0.272393    14.8822    -1.7646     -1.001     0.1629    -0.7548 -9.990e-29
 147.886551     -1.000   0.273762    14.8881    -1.7644     -0.992     0.1637    -0.7551 -9.990e-29
 147.886557     -0.988   0.274386    14.8983    -1.7643     -0.980     0.1641    -0.7563 -9.990e-29
 147.886563     -0.978   0.274540    14.9116    -1.7640     -0.970     0.1641    -0.7583 -9.990e-29
 147.886568     -0.970   0.274431    14.9241    -1.7639     -0.962     0.1640    -0.7603 -9.990e-29
 147.886574     -0.962   0.273914    14.9320    -1.7636     -0.954     0.1637    -0.7617 -9.990e-29
 147.886580     -0.954   0.272854    14.9351    -1.7635     -0.946     0.1630    -0.7627 -9.990e-29
 147.886586     -0.946   0.271504    14.9366    -1.7632     -0.938     0.1622    -0.7635 -9.990e-29
 147.886591     -0.936   0.270285    14.9391    -1.7631     -0.928     0.1614    -0.7645 -9.990e-29
 147.886597     -0.925   0.269239    14.9424    -1.7633     -0.917     0.1608    -0.7655 -9.990e-29
 147.886603     -0.912   0.268081    14.9465    -1.7636     -0.904     0.1601    -0.7667 -9.990e-29
 147.886609     -0.896   0.266933    14.9517    -1.7636     -0.889     0.1594    -0.7680 -9.990e-29
 147.886615     -0.880   0.265931    14.9573    -1.7635     -0.873     0.1587    -0.7693 -9.990e-29
 147.886620     -0.871   0.264849    14.9626    -1.7631     -0.864     0.1581    -0.7707 -9.990e-29
 147.886626     -0.870   0.263908    14.9677    -1.7624     -0.863     0.1575    -0.7719 -9.990e-29
 147.886632     -0.867   0.263522    14.9724    -1.7624     -0.860     0.1572    -0.7728 -9.990e-29
 147.886638     -0.858   0.263731    14.9765    -1.7623     -0.851     0.1573    -0.7733 -9.990e-29
 147.886644     -0.842   0.264258    14.9784    -1.7623     -0.835     0.1577    -0.7734 -9.990e-29
 147.886649     -0.823   0.264696    14.9766    -1.7622     -0.816     0.1579    -0.7729 -9.990e-29
 147.886655     -0.808   0.265071    14.9735    -1.7619     -0.801     0.1582    -0.7722 -9.990e-29
 147.886661     -0.797   0.265885    14.9730    -1.7621     -0.790     0.1587    -0.7718 -9.990e-29
 147.886667     -0.783   0.267669    14.9764    -1.7618     -0.776     0.1597    -0.7715 -9.990e-29
 147.886672     -0.771   0.270581    14.9840    -1.7616     -0.765     0.1615    -0.7713 -9.990e-29
 147.886678     -0.764   0.274061    14.9931    -1.7613     -0.758     0.1635    -0.7710 -9.990e-29
 147.886684     -0.761   0.277196    14.9990    -1.7612     -0.755     0.1654    -0.7705 -9.990e-29
 147.886690     -0.763   0.279724    15.0018    -1.7611     -0.757     0.1669    -0.7697 -9.990e-29
 147.886696     -0.765   0.282053    15.0039    -1.7608     -0.759     0.1683    -0.7690 -9.990e-29
 147.886701     -0.763   0.284513    15.0062    -1.7608     -0.757     0.1698    -0.7682 -9.990e-29
 147.886707     -0.762   0.287422    15.0083    -1.7609     -0.756     0.1715    -0.7671 -9.990e-29
 147.886713     -0.760   0.290769    15.0104    -1.7603     -0.754     0.1736    -0.7659 -9.990e-29
 147.886719     -0.755   0.294386    15.0137    -1.7601     -0.749     0.1757    -0.7647 -9.990e-29
 147.886725     -0.749   0.298653    15.0179    -1.7602     -0.743     0.1783    -0.7633 -9.990e-29
 147.886730     -0.747   0.303705    15.0219    -1.7600     -0.741     0.1814    -0.7616 -9.990e-29
 147.886736     -0.744   0.309612    15.0254    -1.7593     -0.738     0.1849    -0.7593 -9.990e-29
 147.886742     -0.735   0.317027    15.0285    -1.7585     -0.729     0.1894    -0.7563 -9.990e-29
 147.886748     -0.726   0.326397    15.0309    -1.7582     -0.720     0.1951    -0.7523 -9.990e-29
 147.886753     -0.718   0.336885    15.0321    -1.7579     -0.712     0.2015    -0.7475 -9.990e-29
 147.886759     -0.712   0.346371    15.0347    -1.7571     -0.706     0.2073    -0.7434 -9.990e-29
 147.886765     -0.707   0.353617    15.0402    -1.7562     -0.701     0.2117    -0.7408 -9.990e-29
 147.886771     -0.704   0.359951    15.0447    -1.7551     -0.698     0.2155    -0.7385 -9.990e-29
 147.886777     -0.701   0.367708    15.0479    -1.7543     -0.695     0.2203    -0.7354 -9.990e-29
 147.886782     -0.698   0.377234    15.0550    -1.7543     -0.692     0.2261    -0.7320 -9.990e-29
 147.886788     -0.696   0.385679    15.0681    -1.7541     -0.690     0.2312    -0.7300 -9.990e-29
 147.886794     -0.694   0.390416    15.0831    -1.7539     -0.688     0.2340    -0.7301 -9.990e-29
 147.886800     -0.693   0.392762    15.0958    -1.7540     -0.687     0.2354    -0.7310 -9.990e-29
 147.886806     -0.691   0.395845    15.1087    -1.7535     -0.685     0.2372    -0.7315 -9.990e-29
 147.886811     -0.689   0.401551    15.1260    -1.7531     -0.683     0.2406    -0.7315 -9.990e-29
 147.886817     -0.687   0.409711    15.1477    -1.7531     -0.681     0.2455    -0.7311 -9.990e-29
 147.886823     -0.685   0.418429    15.1702    -1.7528     -0.679     0.2507    -0.7305 -9.990e-29
 147.886829     -0.682   0.425444    15.1879    -1.7527     -0.676     0.2549    -0.7299 -9.990e-29
 147.886834     -0.679   0.428999    15.1984    -1.7530     -0.673     0.2570    -0.7299 -9.990e-29
 147.886840     -0.675   0.429389    15.2044    -1.7534     -0.669     0.2572    -0.7307 -9.990e-29
 147.886846     -0.670   0.428799    15.2081    -1.7537     -0.664     0.2568    -0.7315 -9.990e-29
 147.886852     -0.663   0.429216    15.2120    -1.7541     -0.657     0.2571    -0.7320 -9.990e-29
 147.886858     -0.655   0.431750    15.2187    -1.7543     -0.650     0.2586    -0.7318 -9.990e-29
 147.886863     -0.644   0.435887    15.2262    -1.7539     -0.639     0.2611    -0.7310 -9.990e-29
 147.886869     -0.630   0.439922    15.2313    -1.7538     -0.625     0.2635    -0.7299 -9.990e-29
 147.886875     -0.617   0.443123    15.2337    -1.7539     -0.612     0.2655    -0.7288 -9.990e-29
 147.886881     -0.607   0.446423    15.2326    -1.7543     -0.602     0.2675    -0.7270 -9.990e-29
 147.886887     -0.596   0.450890    15.2271    -1.7545     -0.591     0.2703    -0.7240 -9.990e-29
 147.886892     -0.583   0.456367    15.2189    -1.7548     -0.578     0.2737    -0.7201 -9.990e-29
 147.886898     -0.572   0.461822    15.2101    -1.7552     -0.567     0.2772    -0.7161 -9.990e-29
 147.886904     -0.562   0.466197    15.2024    -1.7559     -0.557     0.2799    -0.7128 -9.990e-29
 147.886910     -0.552   0.469768    15.1987    -1.7561     -0.547     0.2821    -0.7105 -9.990e-29
 147.886916     -0.542   0.473962    15.1992    -1.7561     -0.537     0.2847    -0.7086 -9.990e-29
 147.886921     -0.535   0.478815    15.1996    -1.7567     -0.531     0.2877    -0.7063 -9.990e-29
 147.886927     -0.531   0.482465    15.1971    -1.7569     -0.527     0.2900    -0.7042 -9.990e-29
 147.886933     -0.521   0.483110    15.1922    -1.7572     -0.517     0.2904    -0.7031 -9.990e-29
 147.886939     -0.505   0.480498    15.1858    -1.7570     -0.501     0.2889    -0.7033 -9.990e-29
 147.886944     -0.489   0.476142    15.1768    -1.7567     -0.485     0.2862    -0.7040 -9.990e-29
 147.886950     -0.478   0.473115    15.1646    -1.7565     -0.474     0.2844    -0.7035 -9.990e-29
 147.886956     -0.470   0.474045    15.1518    -1.7563     -0.466     0.2851    -0.7010 -9.990e-29
 147.886962     -0.465   0.479056    15.1425    -1.7563     -0.461     0.2883    -0.6971 -9.990e-29
 147.886968     -0.463   0.485387    15.1351    -1.7563     -0.459     0.2922    -0.6929 -9.990e-29
 147.886973     -0.463   0.489257    15.1267    -1.7571     -0.459     0.2947    -0.6897 -9.990e-29
 147.886979     -0.466   0.489159    15.1199    -1.7578     -0.462     0.2947    -0.6887 -9.990e-29
 147.886985     -0.468   0.486070    15.1177    -1.7581     -0.464     0.2928    -0.6898 -9.990e-29
 147.886991     -0.464   0.481422    15.1205    -1.7582     -0.460     0.2899    -0.6925 -9.990e-29
 147.886997     -0.458   0.475680    15.1261    -1.7583     -0.454     0.2863    -0.6962 -9.990e-29
 147.887002     -0.454   0.469517    15.1315    -1.7585     -0.450     0.2824    -0.7000 -9.990e-29
 147.887008     -0.452   0.464712    15.1348    -1.7585     -0.448     0.2794    -0.7028 -9.990e-29
 147.887014     -0.452   0.462075    15.1351    -1.7581     -0.448     0.2778    -0.7041 -9.990e-29
 147.887020     -0.453   0.460308    15.1299    -1.7581     -0.449     0.2768    -0.7041 -9.990e-29
 147.887025     -0.457   0.457608    15.1183    -1.7582     -0.453     0.2752    -0.7036 -9.990e-29
 147.887031     -0.459   0.453150    15.1059    -1.7580     -0.455     0.2725    -0.7037 -9.990e-29
 147.887037     -0.454   0.447649    15.0970    -1.7582     -0.450     0.2691    -0.7050 -9.990e-29
 147.887043     -0.447   0.443212    15.0908    -1.7584     -0.443     0.2664    -0.7061 -9.990e-29
 147.887049     -0.442   0.442807    15.0859    -1.7584     -0.438     0.2662    -0.7055 -9.990e-29
 147.887054     -0.438   0.447557    15.0832    -1.7585     -0.434     0.2692    -0.7028 -9.990e-29
 147.887060     -0.434   0.453795    15.0843    -1.7583     -0.430     0.2730    -0.7000 -9.990e-29
 147.887066     -0.432   0.456507    15.0880    -1.7583     -0.428     0.2747    -0.6993 -9.990e-29
 147.887072     -0.430   0.454307    15.0908    -1.7585     -0.426     0.2733    -0.7008 -9.990e-29
 147.887078     -0.428   0.449258    15.0918    -1.7585     -0.424     0.2702    -0.7034 -9.990e-29
 147.887083     -0.427   0.444067    15.0917    -1.7587     -0.423     0.2670    -0.7059 -9.990e-29
 147.887089     -0.426   0.440696    15.0903    -1.7591     -0.422     0.2649    -0.7072 -9.990e-29
 147.887095     -0.425   0.439094    15.0884    -1.7597     -0.421     0.2639    -0.7077 -9.990e-29
 147.887101     -0.424   0.437121    15.0875    -1.7601     -0.420     0.2627    -0.7085 -9.990e-29
 147.887106     -0.423   0.433254    15.0876    -1.7598     -0.419     0.2603    -0.7104 -9.990e-29
 147.887112     -0.422   0.428445    15.0880    -1.7599     -0.418     0.2574    -0.7127 -9.990e-29
 147.887118     -0.422   0.425165    15.0870    -1.7598     -0.418     0.2553    -0.7141 -9.990e-29
 147.887124     -0.421   0.424593    15.0840    -1.7597     -0.417     0.2550    -0.7139 -9.990e-29
