data/oxygen options/OCNMS/OCNMS1/raw_data/2015/CAST_KL027_150930faedb.cnv
* Sea-Bird SBE19 Data File:
* FileName = C:\2015 Mooring Data\Casts\CAST_KL027_150930.hex
* Software Version 1.59
* Temperature SN = 2997
* Conductivity SN = 2997
* System UpLoad Time = Sep 30 2015 22:51:12
** CAST_KL027_150930
* ds
# nquan = 9
# nvalues = 28                          
# units = specified
# name 0 = timeJ: Julian Days
# name 1 = prSM: Pressure, Strain Gauge [db]
# name 2 = c0mS/cm: Conductivity [mS/cm]
# name 3 = t090C: Temperature [ITS-90, deg C]
# name 4 = sbeox0ML/L: Oxygen, SBE 43 [ml/l]
# name 5 = depSM: Depth [salt water, m], lat = 47.5
# name 6 = sal00: Salinity, Practical [PSU]
# name 7 = sigma-é00: Density [sigma-theta, kg/m^3]
# name 8 = flag: flag
# span 0 = 273.938314, 273.938949       
# span 1 =      2.000,     29.000       
# span 2 =  36.226197,  39.506862       
# span 3 =    10.2466,    14.8426       
# span 4 =     3.4824,     6.7027       
# span 5 =      1.983,     28.756       
# span 6 =    32.0374,    32.8725       
# span 7 =    23.7227,    25.2455       
# span 8 = 0.0000e+00, 0.0000e+00       
# interval = decibars: 1                
# start_time = Sep 30 2015 22:24:54 [Instrument's time stamp, header]
# bad_flag = -9.990e-29
*END*
 273.938314      2.000  39.506862    14.8426     6.1229      1.983    32.0374    23.7227 0.0000e+00
 273.938341      3.000  39.415324    14.7318     6.1116      2.975    32.0453    23.7524 0.0000e+00
 273.938365      4.000  39.383427    14.6918     6.1106      3.967    32.0490    23.7637 0.0000e+00
 273.938389      5.000  39.369975    14.6755     6.1306      4.958    32.0499    23.7679 0.0000e+00
 273.938413      6.000  39.335316    14.6482     6.1156      5.950    32.0406    23.7665 0.0000e+00
 273.938436      7.000  39.323624    14.6310     6.0797      6.941    32.0437    23.7726 0.0000e+00
 273.938457      8.000  39.333974    14.6304     6.0696      7.933    32.0533    23.7801 0.0000e+00
 273.938479      9.000  39.339156    14.6218     6.0678      8.925    32.0647    23.7907 0.0000e+00
 273.938500     10.000  39.329246    14.5996     6.0703      9.916    32.0736    23.8024 0.0000e+00
 273.938521     11.000  39.314247    14.5797     6.1215     10.908    32.0760    23.8084 0.0000e+00
 273.938545     12.000  39.294682    14.5591     6.3589     11.900    32.0749    23.8118 0.0000e+00
 273.938568     13.000  39.263307    14.5064     6.7027     12.891    32.0896    23.8343 0.0000e+00
 273.938589     14.000  39.173912    14.3976     6.6536     13.883    32.0978    23.8635 0.0000e+00
 273.938612     15.000  39.101186    14.3106     6.5585     14.875    32.1031    23.8857 0.0000e+00
 273.938636     16.000  39.053231    14.2450     6.5115     15.866    32.1133    23.9072 0.0000e+00
 273.938662     17.000  39.013773    14.1914     6.4037     16.857    32.1214    23.9246 0.0000e+00
 273.938686     18.000  38.932000    14.0878     6.1966     17.849    32.1322    23.9543 0.0000e+00
 273.938710     19.000  38.771235    13.9267     6.0491     18.841    32.1183    23.9766 0.0000e+00
 273.938735     20.000  38.662286    13.7726     5.7065     19.832    32.1461    24.0296 0.0000e+00
 273.938758     21.000  38.563626    13.6056     5.1844     20.824    32.1945    24.1007 0.0000e+00
 273.938781     22.000  38.276295    13.1954     4.9660     21.815    32.2724    24.2427 0.0000e+00
 273.938804     23.000  38.029443    12.8757     4.2773     22.806    32.3118    24.3359 0.0000e+00
 273.938826     24.000  37.541684    12.0547     3.6596     23.798    32.5542    24.6797 0.0000e+00
 273.938849     25.000  36.766287    11.0190     3.4824     24.790    32.7087    24.9880 0.0000e+00
 273.938872     26.000  36.328375    10.3902     3.5322     25.782    32.8355    25.1967 0.0000e+00
 273.938893     27.000  36.248780    10.2651     3.5560     26.773    32.8681    25.2435 0.0000e+00
 273.938917     28.000  36.261366    10.2738     3.5518     27.765    32.8725    25.2455 0.0000e+00
 273.938949     29.000  36.226197    10.2466     3.5318     28.756    32.8612    25.2413 0.0000e+00
