data/oxygen options/OCNMS/OCNMS1/raw_data/2015/CAST_KL015_150528faed.cnv
* Sea-Bird SBE19 Data File:
* FileName = C:\2015 Mooring Data\Casts\CAST_KL015_150528.hex
* Software Version 1.59
* Temperature SN = 2997
* Conductivity SN = 2997
* System UpLoad Time = May 28 2015 19:17:18
** CAST_KL015_150528
* ds
# nquan = 9                                 
# nvalues = 1000                        
# units = specified
# name 0 = timeJ: Julian Days
# name 1 = prSM: Pressure, Strain Gauge [db]
# name 2 = c0mS/cm: Conductivity [mS/cm]
# name 3 = t090C: Temperature [ITS-90, deg C]
# name 4 = sbeox0ML/L: Oxygen, SBE 43 [ml/l]
# name 5 = depSM: Depth [salt water, m], lat = 47.5
# name 6 = sal00: Salinity, Practical [PSU]
# name 7 = sigma-é00: Density [sigma-theta, kg/m^3]
# name 8 = flag: flag
# span 0 = 148.795509, 148.801291       
# span 1 =     -4.698,     15.639       
# span 2 =   0.215632,  38.192633       
# span 3 =     9.2195,    14.8708       
# span 4 =    -9.8886,    14.4299       
# span 5 =     -4.659,     15.508       
# span 6 =     0.1288,    33.3124       
# span 7 =    -0.7785,    25.7582       
# span 8 = 0.0000e+00, 0.0000e+00       
# interval = seconds: 0.5
# start_time = May 28 2015 19:05:32 [Instrument's time stamp, header]
# bad_flag = -9.990e-29
*END*
 148.795509     -4.698 -9.990e-29    14.8666    -1.7627     -4.659 -9.990e-29 -9.990e-29 -9.990e-29
 148.795515     -4.688   0.215632    14.8633    -1.7626     -4.649     0.1288    -0.7785 -9.990e-29
 148.795521     -4.677   0.305059    14.8582    -1.7617     -4.638     0.1829    -0.7358 -9.990e-29
 148.795527     -4.661   0.427834    14.8519    -1.7628     -4.622     0.2585    -0.6763 -9.990e-29
 148.795532     -4.642   0.517730    14.8456    -1.7639     -4.603     0.3145    -0.6319 -9.990e-29
 148.795538     -4.617   0.569494    14.8419    -1.7641     -4.579     0.3471    -0.6061 -9.990e-29
 148.795544     -4.584   0.615554    14.8435    -1.7651     -4.546     0.3761    -0.5839 -9.990e-29
 148.795550     -4.547   0.676592    14.8508    -1.7655     -4.509     0.4147    -0.5551 -9.990e-29
 148.795556     -4.510   0.744502    14.8611    -1.7654     -4.472     0.4579    -0.5232 -9.990e-29
 148.795561     -4.477   0.782416    14.8687    -1.7656     -4.440     0.4820    -0.5057 -9.990e-29
 148.795567     -4.445   0.790898    14.8708    -1.7657     -4.408     0.4874    -0.5018 -9.990e-29
 148.795573     -4.412   0.798481    14.8653    -1.7655     -4.375     0.4923    -0.4972 -9.990e-29
 148.795579     -4.376   0.823054    14.8524    -1.7652     -4.340     0.5083    -0.4829 -9.990e-29
 148.795584     -4.338   0.856278    14.8389    -1.7650     -4.302     0.5298    -0.4642 -9.990e-29
 148.795590     -4.306   0.863577    14.8285    -1.7650     -4.270     0.5346    -0.4589 -9.990e-29
 148.795596     -4.276   0.839131    14.8204    -1.7649     -4.240     0.5190    -0.4698 -9.990e-29
 148.795602     -4.244   0.804227    14.8162    -1.7648     -4.209     0.4966    -0.4865 -9.990e-29
 148.795608     -4.210   0.767323    14.8151    -1.7646     -4.175     0.4730    -0.5046 -9.990e-29
 148.795613     -4.178   0.735316    14.8143    -1.7643     -4.143     0.4525    -0.5203 -9.990e-29
 148.795619     -4.145   0.715524    14.8150    -1.7644     -4.110     0.4399    -0.5302 -9.990e-29
 148.795625     -4.109   0.705996    14.8196    -1.7646     -4.075     0.4338    -0.5357 -9.990e-29
 148.795631     -4.072   0.700697    14.8269    -1.7651     -4.038     0.4303    -0.5394 -9.990e-29
 148.795637     -4.040   0.693117    14.8338    -1.7659     -4.006     0.4254    -0.5442 -9.990e-29
 148.795642     -4.012   0.680374    14.8394    -1.7654     -3.979     0.4173    -0.5514 -9.990e-29
 148.795648     -3.981   0.666031    14.8444    -1.7650     -3.948     0.4081    -0.5592 -9.990e-29
 148.795654     -3.949   0.654292    14.8500    -1.7654     -3.916     0.4006    -0.5659 -9.990e-29
 148.795660     -3.919   0.644504    14.8566    -1.7663     -3.886     0.3943    -0.5717 -9.990e-29
 148.795666     -3.889   0.633618    14.8619    -1.7673     -3.857     0.3874    -0.5779 -9.990e-29
 148.795671     -3.860   0.621006    14.8623    -1.7682     -3.828     0.3794    -0.5841 -9.990e-29
 148.795677     -3.837   0.609293    14.8571    -1.7693     -3.805     0.3720    -0.5891 -9.990e-29
 148.795683     -3.812   0.601192    14.8483    -1.7702     -3.780     0.3670    -0.5916 -9.990e-29
 148.795689     -3.781   0.597011    14.8414    -1.7703     -3.749     0.3644    -0.5926 -9.990e-29
 148.795694     -3.745   0.595065    14.8409    -1.7701     -3.714     0.3632    -0.5935 -9.990e-29
 148.795700     -3.710   0.593873    14.8407    -1.7700     -3.679     0.3625    -0.5940 -9.990e-29
 148.795706     -3.679   0.592958    14.8325    -1.7695     -3.648     0.3619    -0.5932 -9.990e-29
 148.795712     -3.649   0.591102    14.8155    -1.7687     -3.619     0.3609    -0.5914 -9.990e-29
 148.795718     -3.620   0.585831    14.7939    -1.7683     -3.590     0.3578    -0.5906 -9.990e-29
 148.795723     -3.588   0.576230    14.7711    -1.7679     -3.558     0.3519    -0.5918 -9.990e-29
 148.795729     -3.552   0.564495    14.7497    -1.7675     -3.522     0.3447    -0.5942 -9.990e-29
 148.795735     -3.514   0.553310    14.7345    -1.7670     -3.485     0.3378    -0.5973 -9.990e-29
 148.795741     -3.480   0.543312    14.7291    -1.7664     -3.451     0.3315    -0.6013 -9.990e-29
 148.795747     -3.452   0.533948    14.7314    -1.7658     -3.423     0.3256    -0.6063 -9.990e-29
 148.795752     -3.428   0.525509    14.7386    -1.7663     -3.399     0.3202    -0.6115 -9.990e-29
 148.795758     -3.407   0.518963    14.7504    -1.7660     -3.379     0.3160    -0.6165 -9.990e-29
 148.795764     -3.387   0.514470    14.7650    -1.7671     -3.359     0.3131    -0.6209 -9.990e-29
 148.795770     -3.367   0.511039    14.7793    -1.7702     -3.339     0.3109    -0.6248 -9.990e-29
 148.795775     -3.347   0.506875    14.7928    -1.7730     -3.319     0.3081    -0.6289 -9.990e-29
 148.795781     -3.324   0.500871    14.8063    -1.7746     -3.296     0.3043    -0.6339 -9.990e-29
 148.795787     -3.297   0.493909    14.8202    -1.7763     -3.270     0.2998    -0.6395 -9.990e-29
 148.795793     -3.265   0.487816    14.8331    -1.7773     -3.238     0.2959    -0.6444 -9.990e-29
 148.795799     -3.230   0.483911    14.8400    -1.7794     -3.203     0.2934    -0.6474 -9.990e-29
 148.795804     -3.197   0.481988    14.8381    -1.7815     -3.170     0.2922    -0.6480 -9.990e-29
 148.795810     -3.170   0.480595    14.8245    -1.7833     -3.144     0.2915    -0.6466 -9.990e-29
 148.795816     -3.146   0.478987    14.7893    -1.7854     -3.120     0.2907    -0.6419 -9.990e-29
 148.795822     -3.124   0.478354    14.7326    -1.7875     -3.098     0.2907    -0.6335 -9.990e-29
 148.795828     -3.103   0.479517    14.6721    -1.7879     -3.077     0.2919    -0.6236 -9.990e-29
 148.795833     -3.081   0.480144    14.6202    -1.7878     -3.055     0.2926    -0.6154 -9.990e-29
 148.795839     -3.057   0.477184    14.5761    -1.7878     -3.032     0.2911    -0.6101 -9.990e-29
 148.795845     -3.029   0.471134    14.5332    -1.7873     -3.004     0.2876    -0.6065 -9.990e-29
 148.795851     -3.000   0.465592    14.4854    -1.7864     -2.975     0.2845    -0.6020 -9.990e-29
 148.795856     -2.973   0.462612    14.4345    -1.7859     -2.948     0.2829    -0.5958 -9.990e-29
 148.795862     -2.945   0.460443    14.3844    -1.7859     -2.920     0.2819    -0.5894 -9.990e-29
 148.795868     -2.918   0.456749    14.3365    -1.7860     -2.894     0.2799    -0.5840 -9.990e-29
 148.795874     -2.897   0.451605    14.2981    -1.7875     -2.873     0.2769    -0.5808 -9.990e-29
 148.795880     -2.879   0.446485    14.2774    -1.7889     -2.855     0.2738    -0.5803 -9.990e-29
 148.795885     -2.863   0.442340    14.2717    -1.7898     -2.839     0.2713    -0.5814 -9.990e-29
 148.795891     -2.848   0.439199    14.2750    -1.7908     -2.824     0.2693    -0.5835 -9.990e-29
 148.795897     -2.833   0.436762    14.2854    -1.7926     -2.809     0.2677    -0.5862 -9.990e-29
 148.795903     -2.818   0.434558    14.2990    -1.7939     -2.795     0.2662    -0.5893 -9.990e-29
 148.795909     -2.800   0.432426    14.3087    -1.7938     -2.777     0.2648    -0.5918 -9.990e-29
 148.795914     -2.780   0.430858    14.3096    -1.7942     -2.757     0.2638    -0.5927 -9.990e-29
 148.795920     -2.756   0.429431    14.2985    -1.7948     -2.733     0.2630    -0.5917 -9.990e-29
 148.795926     -2.731   0.426800    14.2746    -1.7969     -2.708     0.2615    -0.5895 -9.990e-29
 148.795932     -2.711   0.422791    14.2450    -1.7982     -2.688     0.2591    -0.5871 -9.990e-29
 148.795938     -2.695   0.418168    14.2158    -1.8003     -2.673     0.2564    -0.5850 -9.990e-29
 148.795943     -2.679   0.413988    14.1843    -1.8021     -2.657     0.2540    -0.5824 -9.990e-29
 148.795949     -2.664   0.411899    14.1509    -1.8028     -2.642     0.2528    -0.5786 -9.990e-29
 148.795955     -2.651   0.412449    14.1245    -1.8029     -2.629     0.2534    -0.5744 -9.990e-29
 148.795961     -2.634   0.414153    14.1078    -1.8027     -2.612     0.2545    -0.5712 -9.990e-29
 148.795966     -2.617   0.415397    14.0919    -1.8034     -2.595     0.2554    -0.5683 -9.990e-29
 148.795972     -2.602   0.415620    14.0669    -1.8038     -2.580     0.2557    -0.5645 -9.990e-29
 148.795978     -2.589   0.414565    14.0310    -1.8040     -2.567     0.2553    -0.5598 -9.990e-29
 148.795984     -2.577   0.411937    13.9897    -1.8041     -2.556     0.2539    -0.5551 -9.990e-29
 148.795990     -2.564   0.408120    13.9474    -1.8042     -2.543     0.2517    -0.5509 -9.990e-29
 148.795995     -2.551   0.404135    13.9116    -1.8042     -2.530     0.2494    -0.5478 -9.990e-29
 148.796001     -2.536   0.400781    13.8893    -1.8037     -2.515     0.2474    -0.5462 -9.990e-29
 148.796007     -2.519   0.398030    13.8789    -1.8036     -2.498     0.2457    -0.5461 -9.990e-29
 148.796013     -2.499   0.395548    13.8724    -1.8032     -2.478     0.2442    -0.5464 -9.990e-29
 148.796019     -2.473   0.393357    13.8642    -1.8031     -2.452     0.2429    -0.5463 -9.990e-29
 148.796024     -2.445   0.391314    13.8564    -1.8028     -2.425     0.2416    -0.5462 -9.990e-29
 148.796030     -2.417   0.388920    13.8514    -1.8021     -2.397     0.2401    -0.5467 -9.990e-29
 148.796036     -2.388   0.385760    13.8487    -1.8017     -2.368     0.2382    -0.5478 -9.990e-29
 148.796042     -2.359   0.382064    13.8481    -1.8018     -2.339     0.2358    -0.5496 -9.990e-29
 148.796047     -2.334   0.378459    13.8509    -1.8015     -2.315     0.2335    -0.5517 -9.990e-29
 148.796053     -2.311   0.375138    13.8568    -1.8011     -2.292     0.2314    -0.5542 -9.990e-29
 148.796059     -2.288   0.372118    13.8636    -1.8008     -2.269     0.2294    -0.5567 -9.990e-29
 148.796065     -2.263   0.369816    13.8705    -1.8001     -2.244     0.2279    -0.5588 -9.990e-29
 148.796071     -2.236   0.369052    13.8782    -1.7994     -2.217     0.2274    -0.5602 -9.990e-29
 148.796076     -2.209   0.369921    13.8879    -1.7984     -2.191     0.2279    -0.5612 -9.990e-29
 148.796082     -2.188   0.370806    13.8988    -1.7973     -2.170     0.2284    -0.5623 -9.990e-29
 148.796088     -2.177   0.370110    13.9074    -1.7963     -2.159     0.2279    -0.5639 -9.990e-29
 148.796094     -2.170   0.368018    13.9137    -1.7953     -2.152     0.2266    -0.5658 -9.990e-29
 148.796100     -2.159   0.365629    13.9213    -1.7945     -2.141     0.2250    -0.5681 -9.990e-29
 148.796105     -2.143   0.363648    13.9314    -1.7942     -2.125     0.2237    -0.5705 -9.990e-29
 148.796111     -2.125   0.362210    13.9441    -1.7938     -2.107     0.2227    -0.5730 -9.990e-29
 148.796117     -2.104   0.361065    13.9605    -1.7939     -2.086     0.2219    -0.5759 -9.990e-29
 148.796123     -2.083   0.359800    13.9810    -1.7939     -2.066     0.2210    -0.5794 -9.990e-29
 148.796128     -2.065   0.358398    14.0053    -1.7940     -2.048     0.2200    -0.5836 -9.990e-29
 148.796134     -2.049   0.357209    14.0314    -1.7931     -2.032     0.2191    -0.5880 -9.990e-29
 148.796140     -2.033   0.356316    14.0571    -1.7921     -2.016     0.2184    -0.5921 -9.990e-29
 148.796146     -2.017   0.355085    14.0809    -1.7911     -2.000     0.2175    -0.5961 -9.990e-29
 148.796152     -2.000   0.352986    14.1001    -1.7903     -1.983     0.2161    -0.5999 -9.990e-29
 148.796157     -1.980   0.350556    14.1129    -1.7897     -1.963     0.2145    -0.6030 -9.990e-29
 148.796163     -1.960   0.348998    14.1202    -1.7895     -1.944     0.2135    -0.6048 -9.990e-29
 148.796169     -1.949   0.349014    14.1238    -1.7890     -1.933     0.2135    -0.6053 -9.990e-29
 148.796175     -1.945   0.349517    14.1272    -1.7886     -1.929     0.2138    -0.6055 -9.990e-29
 148.796181     -1.939   0.348957    14.1352    -1.7881     -1.923     0.2134    -0.6070 -9.990e-29
 148.796186     -1.927   0.347699    14.1515    -1.7873     -1.911     0.2125    -0.6099 -9.990e-29
 148.796192     -1.908   0.346843    14.1739    -1.7868     -1.892     0.2119    -0.6136 -9.990e-29
 148.796198     -1.885   0.346362    14.1972    -1.7863     -1.869     0.2115    -0.6172 -9.990e-29
 148.796204     -1.865   0.345613    14.2175    -1.7867     -1.849     0.2109    -0.6206 -9.990e-29
 148.796209     -1.851   0.344155    14.2332    -1.7867     -1.836     0.2099    -0.6236 -9.990e-29
 148.796215     -1.838   0.342270    14.2459    -1.7863     -1.823     0.2087    -0.6263 -9.990e-29
 148.796221     -1.821   0.340777    14.2580    -1.7860     -1.806     0.2077    -0.6288 -9.990e-29
 148.796227     -1.803   0.339907    14.2707    -1.7858     -1.788     0.2071    -0.6311 -9.990e-29
 148.796233     -1.787   0.339242    14.2851    -1.7851     -1.772     0.2066    -0.6335 -9.990e-29
 148.796238     -1.773   0.338452    14.3005    -1.7845     -1.758     0.2060    -0.6362 -9.990e-29
 148.796244     -1.758   0.337223    14.3138    -1.7842     -1.743     0.2052    -0.6387 -9.990e-29
 148.796250     -1.743   0.335582    14.3216    -1.7839     -1.728     0.2041    -0.6407 -9.990e-29
 148.796256     -1.726   0.334304    14.3240    -1.7833     -1.712     0.2033    -0.6416 -9.990e-29
 148.796262     -1.707   0.333905    14.3266    -1.7827     -1.693     0.2031    -0.6422 -9.990e-29
 148.796267     -1.688   0.334409    14.3326    -1.7823     -1.674     0.2034    -0.6429 -9.990e-29
 148.796273     -1.672   0.335375    14.3406    -1.7819     -1.658     0.2039    -0.6436 -9.990e-29
 148.796279     -1.659   0.335872    14.3509    -1.7813     -1.645     0.2042    -0.6448 -9.990e-29
 148.796285     -1.648   0.335453    14.3644    -1.7806     -1.634     0.2039    -0.6470 -9.990e-29
 148.796291     -1.633   0.334111    14.3785    -1.7801     -1.619     0.2030    -0.6498 -9.990e-29
 148.796296     -1.613   0.332280    14.3904    -1.7798     -1.600     0.2018    -0.6524 -9.990e-29
 148.796302     -1.597   0.330850    14.4017    -1.7798     -1.584     0.2008    -0.6548 -9.990e-29
 148.796308     -1.582   0.330135    14.4150    -1.7799     -1.569     0.2003    -0.6571 -9.990e-29
 148.796314     -1.565   0.329738    14.4290    -1.7797     -1.552     0.2000    -0.6593 -9.990e-29
 148.796319     -1.547   0.329128    14.4421    -1.7802     -1.534     0.1996    -0.6616 -9.990e-29
 148.796325     -1.532   0.328045    14.4553    -1.7809     -1.519     0.1988    -0.6641 -9.990e-29
 148.796331     -1.519   0.326714    14.4700    -1.7812     -1.506     0.1979    -0.6669 -9.990e-29
 148.796337     -1.508   0.325580    14.4850    -1.7809     -1.495     0.1972    -0.6697 -9.990e-29
 148.796343     -1.497   0.324798    14.4976    -1.7806     -1.485     0.1966    -0.6719 -9.990e-29
 148.796348     -1.486   0.323879    14.5055    -1.7815     -1.474     0.1960    -0.6735 -9.990e-29
 148.796354     -1.474   0.322709    14.5085    -1.7826     -1.462     0.1953    -0.6745 -9.990e-29
 148.796360     -1.460   0.321949    14.5082    -1.7839     -1.448     0.1948    -0.6749 -9.990e-29
 148.796366     -1.444   0.321696    14.5049    -1.7851     -1.432     0.1947    -0.6745 -9.990e-29
 148.796372     -1.425   0.321612    14.4971    -1.7860     -1.413     0.1947    -0.6734 -9.990e-29
 148.796377     -1.401   0.321587    14.4874    -1.7863     -1.389     0.1947    -0.6719 -9.990e-29
 148.796383     -1.374   0.321585    14.4813    -1.7866     -1.363     0.1947    -0.6710 -9.990e-29
 148.796389     -1.353   0.321603    14.4795    -1.7868     -1.342     0.1947    -0.6707 -9.990e-29
 148.796395     -1.336   0.321666    14.4743    -1.7875     -1.325     0.1948    -0.6699 -9.990e-29
 148.796400     -1.316   0.321858    14.4582    -1.7883     -1.305     0.1950    -0.6675 -9.990e-29
 148.796406     -1.298   0.321878    14.4326    -1.7891     -1.287     0.1951    -0.6636 -9.990e-29
 148.796412     -1.284   0.321199    14.4034    -1.7895     -1.273     0.1948    -0.6597 -9.990e-29
 148.796418     -1.274   0.320025    14.3759    -1.7896     -1.263     0.1942    -0.6562 -9.990e-29
 148.796424     -1.266   0.319011    14.3544    -1.7890     -1.255     0.1937    -0.6535 -9.990e-29
 148.796429     -1.260   0.318470    14.3399    -1.7880     -1.249     0.1934    -0.6516 -9.990e-29
