data/oxygen options/OCNMS/OCNMS1/raw_data/2015/CAST_TH015_150726faed.cnv
* Sea-Bird SBE 19 Data File:
* FileName = C:\2015 Mooring Data\Casts\CAST_TH015_150726.hex
* Software Version SeatermAF 2.1.2
* Temperature SN = 2997
* Conductivity SN = 2997
* System UpLoad Time = Jul 26 2015 02:05:13 (localtime) = Jul 26 2015 02:05:13 (UTC)
** CAST_TH015_150726
* ds
# nquan = 9                                 
# nvalues = 778                         
# units = specified
# name 0 = timeJ: Julian Days
# name 1 = prSM: Pressure, Strain Gauge [db]
# name 2 = c0mS/cm: Conductivity [mS/cm]
# name 3 = t090C: Temperature [ITS-90, deg C]
# name 4 = sbeox0ML/L: Oxygen, SBE 43 [ml/l]
# name 5 = depSM: Depth [salt water, m], lat = 47.5
# name 6 = sal00: Salinity, Practical [PSU]
# name 7 = sigma-é00: Density [sigma-theta, kg/m^3]
# name 8 = flag: flag
# span 0 = 207.061262, 207.065758       
# span 1 =     -5.396,     17.289       
# span 2 =   0.103149,  39.988823       
# span 3 =    12.4837,    16.9552       
# span 4 =    -1.7182,    12.7257       
# span 5 =     -5.351,     17.144       
# span 6 =     0.0607,    32.8756       
# span 7 =    -1.1541,    24.7755       
# span 8 = 0.0000e+00, 0.0000e+00       
# interval = seconds: 0.5
# start_time = Jul 26 2015 01:28:13 [Instrument's time stamp, header]
# bad_flag = -9.990e-29
*END*
 207.061262     -5.355 -9.990e-29    16.5645    -1.7067     -5.310 -9.990e-29 -9.990e-29 -9.990e-29
 207.061267     -5.376   0.171487    16.5637    -1.7066     -5.331     0.0989    -1.0727 -9.990e-29
 207.061273     -5.390   0.175662    16.5610    -1.7069     -5.345     0.1012    -1.0705 -9.990e-29
 207.061279     -5.396   0.180230    16.5594    -1.7079     -5.351     0.1038    -1.0682 -9.990e-29
 207.061285     -5.392   0.182956    16.5599    -1.7082     -5.347     0.1054    -1.0671 -9.990e-29
 207.061291     -5.379   0.183771    16.5631    -1.7088     -5.334     0.1058    -1.0673 -9.990e-29
 207.061296     -5.357   0.183765    16.5695    -1.7090     -5.312     0.1058    -1.0684 -9.990e-29
 207.061302     -5.327   0.183670    16.5770    -1.7091     -5.283     0.1057    -1.0697 -9.990e-29
 207.061308     -5.296   0.183914    16.5842    -1.7091     -5.252     0.1059    -1.0708 -9.990e-29
 207.061314     -5.267   0.183898    16.5898    -1.7090     -5.223     0.1058    -1.0718 -9.990e-29
 207.061319     -5.238   0.181935    16.5903    -1.7089     -5.194     0.1047    -1.0727 -9.990e-29
 207.061325     -5.208   0.177629    16.5819    -1.7087     -5.165     0.1023    -1.0732 -9.990e-29
 207.061331     -5.173   0.173010    16.5673    -1.7087     -5.130     0.0997    -1.0727 -9.990e-29
 207.061337     -5.137   0.170245    16.5532    -1.7087     -5.094     0.0982    -1.0715 -9.990e-29
 207.061343     -5.101   0.168979    16.5421    -1.7087     -5.058     0.0975    -1.0702 -9.990e-29
 207.061348     -5.063   0.167524    16.5349    -1.7086     -5.021     0.0967    -1.0696 -9.990e-29
 207.061354     -5.024   0.165606    16.5317    -1.7087     -4.982     0.0956    -1.0699 -9.990e-29
 207.061360     -4.988   0.164000    16.5314    -1.7090     -4.946     0.0947    -1.0705 -9.990e-29
 207.061366     -4.950   0.162782    16.5333    -1.7092     -4.909     0.0940    -1.0714 -9.990e-29
 207.061372     -4.909   0.161441    16.5365    -1.7091     -4.868     0.0932    -1.0725 -9.990e-29
 207.061377     -4.867   0.159854    16.5399    -1.7090     -4.826     0.0923    -1.0738 -9.990e-29
 207.061383     -4.830   0.158127    16.5420    -1.7087     -4.790     0.0913    -1.0749 -9.990e-29
 207.061389     -4.798   0.156177    16.5430    -1.7084     -4.758     0.0902    -1.0759 -9.990e-29
 207.061395     -4.771   0.154178    16.5437    -1.7081     -4.731     0.0891    -1.0769 -9.990e-29
 207.061400     -4.747   0.152798    16.5432    -1.7079     -4.707     0.0883    -1.0774 -9.990e-29
 207.061406     -4.724   0.152416    16.5405    -1.7080     -4.685     0.0881    -1.0771 -9.990e-29
 207.061412     -4.700   0.152525    16.5368    -1.7079     -4.661     0.0882    -1.0764 -9.990e-29
 207.061418     -4.675   0.152161    16.5346    -1.7080     -4.636     0.0880    -1.0762 -9.990e-29
 207.061424     -4.646   0.150837    16.5355    -1.7079     -4.607     0.0872    -1.0769 -9.990e-29
 207.061429     -4.611   0.149008    16.5396    -1.7082     -4.573     0.0862    -1.0784 -9.990e-29
 207.061435     -4.574   0.147565    16.5462    -1.7086     -4.536     0.0854    -1.0802 -9.990e-29
 207.061441     -4.539   0.146807    16.5538    -1.7088     -4.501     0.0849    -1.0818 -9.990e-29
 207.061447     -4.509   0.146279    16.5611    -1.7087     -4.471     0.0846    -1.0833 -9.990e-29
 207.061453     -4.482   0.145832    16.5663    -1.7089     -4.445     0.0844    -1.0844 -9.990e-29
 207.061458     -4.457   0.145424    16.5684    -1.7086     -4.420     0.0841    -1.0849 -9.990e-29
 207.061464     -4.431   0.144512    16.5687    -1.7084     -4.394     0.0836    -1.0853 -9.990e-29
 207.061470     -4.404   0.143546    16.5685    -1.7085     -4.367     0.0831    -1.0857 -9.990e-29
 207.061476     -4.372   0.143458    16.5667    -1.7089     -4.336     0.0830    -1.0855 -9.990e-29
 207.061481     -4.336   0.143578    16.5619    -1.7093     -4.300     0.0831    -1.0846 -9.990e-29
 207.061487     -4.295   0.142954    16.5551    -1.7097     -4.259     0.0828    -1.0837 -9.990e-29
 207.061493     -4.257   0.141863    16.5501    -1.7102     -4.222     0.0822    -1.0833 -9.990e-29
 207.061499     -4.223   0.141071    16.5484    -1.7108     -4.188     0.0817    -1.0834 -9.990e-29
 207.061505     -4.192   0.140635    16.5490    -1.7113     -4.157     0.0815    -1.0837 -9.990e-29
 207.061510     -4.160   0.139973    16.5516    -1.7117     -4.125     0.0811    -1.0844 -9.990e-29
 207.061516     -4.126   0.139314    16.5533    -1.7118     -4.092     0.0807    -1.0850 -9.990e-29
 207.061522     -4.092   0.138888    16.5503    -1.7118     -4.058     0.0805    -1.0846 -9.990e-29
 207.061528     -4.061   0.138128    16.5426    -1.7116     -4.027     0.0801    -1.0837 -9.990e-29
 207.061534     -4.030   0.137131    16.5318    -1.7111     -3.996     0.0795    -1.0822 -9.990e-29
 207.061539     -4.001   0.136787    16.5191    -1.7106     -3.968     0.0794    -1.0802 -9.990e-29
 207.061545     -3.978   0.137195    16.5050    -1.7099     -3.945     0.0796    -1.0777 -9.990e-29
 207.061551     -3.958   0.137232    16.4907    -1.7097     -3.925     0.0797    -1.0752 -9.990e-29
 207.061557     -3.941   0.136394    16.4781    -1.7096     -3.908     0.0792    -1.0735 -9.990e-29
 207.061563     -3.924   0.135229    16.4689    -1.7096     -3.891     0.0786    -1.0724 -9.990e-29
 207.061568     -3.908   0.134403    16.4644    -1.7095     -3.875     0.0781    -1.0720 -9.990e-29
 207.061574     -3.891   0.133925    16.4650    -1.7094     -3.859     0.0779    -1.0723 -9.990e-29
 207.061580     -3.872   0.133157    16.4711    -1.7091     -3.840     0.0774    -1.0737 -9.990e-29
 207.061586     -3.850   0.132187    16.4825    -1.7084     -3.818     0.0768    -1.0760 -9.990e-29
 207.061591     -3.823   0.131386    16.4970    -1.7081     -3.791     0.0764    -1.0788 -9.990e-29
 207.061597     -3.794   0.130797    16.5107    -1.7078     -3.762     0.0760    -1.0814 -9.990e-29
 207.061603     -3.766   0.130745    16.5199    -1.7077     -3.735     0.0760    -1.0830 -9.990e-29
 207.061609     -3.736   0.131161    16.5243    -1.7074     -3.705     0.0762    -1.0836 -9.990e-29
 207.061615     -3.707   0.132045    16.5267    -1.7068     -3.676     0.0767    -1.0836 -9.990e-29
 207.061620     -3.682   0.134576    16.5289    -1.7064     -3.651     0.0781    -1.0829 -9.990e-29
 207.061626     -3.658   0.139911    16.5307    -1.7059     -3.628     0.0811    -1.0809 -9.990e-29
 207.061632     -3.635   0.150167    16.5326    -1.7060     -3.605     0.0869    -1.0767 -9.990e-29
 207.061638     -3.611   0.172357    16.5359    -1.7052     -3.581     0.0994    -1.0676 -9.990e-29
 207.061644     -3.584   0.213311    16.5414    -1.7054     -3.554     0.1228    -1.0505 -9.990e-29
 207.061649     -3.552   0.262135    16.5491    -1.7064     -3.522     0.1509    -1.0301 -9.990e-29
 207.061655     -3.518   0.296225    16.5589    -1.7075     -3.489     0.1707    -1.0165 -9.990e-29
 207.061661     -3.489   0.306081    16.5703    -1.7085     -3.460     0.1764    -1.0140 -9.990e-29
 207.061667     -3.466   0.299295    16.5819    -1.7097     -3.437     0.1724    -1.0190 -9.990e-29
 207.061672     -3.448   0.291799    16.5914    -1.7108     -3.419     0.1680    -1.0240 -9.990e-29
 207.061678     -3.435   0.295247    16.5972    -1.7118     -3.406     0.1700    -1.0235 -9.990e-29
 207.061684     -3.424   0.312571    16.5985    -1.7124     -3.395     0.1800    -1.0159 -9.990e-29
 207.061690     -3.417   0.337452    16.5942    -1.7128     -3.389     0.1946    -1.0039 -9.990e-29
 207.061696     -3.411   0.371423    16.5830    -1.7129     -3.383     0.2146    -0.9866 -9.990e-29
 207.061701     -3.407   0.414815    16.5652    -1.7125     -3.379     0.2404    -0.9637 -9.990e-29
 207.061707     -3.400   0.436113    16.5426    -1.7121     -3.372     0.2532    -0.9500 -9.990e-29
 207.061713     -3.385   0.421527    16.5167    -1.7119     -3.357     0.2447    -0.9522 -9.990e-29
 207.061719     -3.367   0.394907    16.4885    -1.7118     -3.339     0.2290    -0.9595 -9.990e-29
 207.061725     -3.347   0.371276    16.4607    -1.7120     -3.319     0.2152    -0.9655 -9.990e-29
 207.061730     -3.325   0.352434    16.4374    -1.7122     -3.297     0.2042    -0.9701 -9.990e-29
 207.061736     -3.299   0.338238    16.4215    -1.7122     -3.271     0.1959    -0.9739 -9.990e-29
 207.061742     -3.268   0.325304    16.4140    -1.7122     -3.241     0.1883    -0.9784 -9.990e-29
 207.061748     -3.234   0.310818    16.4144    -1.7124     -3.207     0.1798    -0.9851 -9.990e-29
 207.061753     -3.203   0.296003    16.4212    -1.7126     -3.176     0.1711    -0.9929 -9.990e-29
 207.061759     -3.178   0.283310    16.4301    -1.7125     -3.152     0.1636    -1.0002 -9.990e-29
 207.061765     -3.156   0.273580    16.4366    -1.7125     -3.130     0.1579    -1.0057 -9.990e-29
 207.061771     -3.138   0.266051    16.4393    -1.7128     -3.112     0.1535    -1.0095 -9.990e-29
 207.061777     -3.120   0.259567    16.4390    -1.7133     -3.094     0.1498    -1.0124 -9.990e-29
 207.061782     -3.103   0.252699    16.4377    -1.7141     -3.077     0.1458    -1.0152 -9.990e-29
 207.061788     -3.086   0.244616    16.4366    -1.7148     -3.060     0.1411    -1.0187 -9.990e-29
 207.061794     -3.066   0.236753    16.4350    -1.7153     -3.040     0.1366    -1.0219 -9.990e-29
 207.061800     -3.043   0.230836    16.4323    -1.7156     -3.018     0.1332    -1.0241 -9.990e-29
 207.061806     -3.016   0.226195    16.4302    -1.7156     -2.991     0.1305    -1.0258 -9.990e-29
 207.061811     -2.987   0.221635    16.4292    -1.7155     -2.962     0.1279    -1.0277 -9.990e-29
 207.061817     -2.962   0.217183    16.4261    -1.7151     -2.937     0.1253    -1.0291 -9.990e-29
 207.061823     -2.945   0.213010    16.4180    -1.7146     -2.920     0.1229    -1.0296 -9.990e-29
 207.061829     -2.930   0.209103    16.4046    -1.7145     -2.906     0.1207    -1.0291 -9.990e-29
 207.061834     -2.912   0.205803    16.3873    -1.7144     -2.888     0.1189    -1.0276 -9.990e-29
 207.061840     -2.894   0.203151    16.3701    -1.7143     -2.870     0.1174    -1.0259 -9.990e-29
 207.061846     -2.879   0.200386    16.3569    -1.7142     -2.855     0.1158    -1.0249 -9.990e-29
 207.061852     -2.866   0.197152    16.3496    -1.7141     -2.842     0.1140    -1.0251 -9.990e-29
 207.061858     -2.854   0.194135    16.3486    -1.7137     -2.830     0.1123    -1.0262 -9.990e-29
 207.061863     -2.843   0.191750    16.3528    -1.7136     -2.819     0.1109    -1.0280 -9.990e-29
 207.061869     -2.832   0.189594    16.3610    -1.7140     -2.808     0.1096    -1.0303 -9.990e-29
 207.061875     -2.820   0.187569    16.3698    -1.7150     -2.796     0.1084    -1.0327 -9.990e-29
 207.061881     -2.807   0.185750    16.3761    -1.7156     -2.784     0.1074    -1.0346 -9.990e-29
 207.061887     -2.791   0.183932    16.3804    -1.7162     -2.768     0.1063    -1.0361 -9.990e-29
 207.061892     -2.772   0.182465    16.3844    -1.7166     -2.749     0.1055    -1.0374 -9.990e-29
 207.061898     -2.752   0.181615    16.3884    -1.7167     -2.729     0.1050    -1.0385 -9.990e-29
 207.061904     -2.735   0.180805    16.3932    -1.7169     -2.712     0.1045    -1.0396 -9.990e-29
 207.061910     -2.716   0.179510    16.3977    -1.7170     -2.693     0.1038    -1.0410 -9.990e-29
 207.061916     -2.692   0.177668    16.3969    -1.7167     -2.670     0.1027    -1.0417 -9.990e-29
 207.061921     -2.672   0.175600    16.3868    -1.7166     -2.650     0.1016    -1.0409 -9.990e-29
 207.061927     -2.657   0.173324    16.3697    -1.7165     -2.635     0.1003    -1.0390 -9.990e-29
 207.061933     -2.648   0.170579    16.3517    -1.7164     -2.626     0.0988    -1.0372 -9.990e-29
 207.061939     -2.639   0.168148    16.3367    -1.7162     -2.617     0.0974    -1.0357 -9.990e-29
 207.061944     -2.626   0.166673    16.3260    -1.7163     -2.604     0.0966    -1.0346 -9.990e-29
 207.061950     -2.611   0.165299    16.3196    -1.7166     -2.589     0.0958    -1.0341 -9.990e-29
 207.061956     -2.599   0.163306    16.3161    -1.7168     -2.577     0.0947    -1.0344 -9.990e-29
 207.061962     -2.588   0.161365    16.3155    -1.7169     -2.566     0.0936    -1.0351 -9.990e-29
 207.061968     -2.578   0.160218    16.3180    -1.7171     -2.557     0.0929    -1.0360 -9.990e-29
 207.061973     -2.568   0.159448    16.3216    -1.7171     -2.547     0.0925    -1.0370 -9.990e-29
 207.061979     -2.558   0.158583    16.3250    -1.7171     -2.537     0.0920    -1.0379 -9.990e-29
 207.061985     -2.546   0.157767    16.3279    -1.7171     -2.525     0.0915    -1.0388 -9.990e-29
 207.061991     -2.533   0.157020    16.3292    -1.7169     -2.512     0.0911    -1.0393 -9.990e-29
 207.061997     -2.516   0.156087    16.3276    -1.7165     -2.495     0.0906    -1.0395 -9.990e-29
 207.062002     -2.496   0.154831    16.3235    -1.7163     -2.475     0.0899    -1.0393 -9.990e-29
 207.062008     -2.476   0.153428    16.3192    -1.7162     -2.455     0.0891    -1.0392 -9.990e-29
 207.062014     -2.457   0.152227    16.3156    -1.7160     -2.437     0.0884    -1.0391 -9.990e-29
 207.062020     -2.435   0.151289    16.3131    -1.7161     -2.415     0.0879    -1.0391 -9.990e-29
 207.062025     -2.409   0.150475    16.3119    -1.7162     -2.389     0.0874    -1.0393 -9.990e-29
 207.062031     -2.385   0.149809    16.3121    -1.7164     -2.365     0.0871    -1.0396 -9.990e-29
 207.062037     -2.365   0.148956    16.3141    -1.7166     -2.345     0.0866    -1.0403 -9.990e-29
 207.062043     -2.350   0.147888    16.3191    -1.7166     -2.330     0.0860    -1.0416 -9.990e-29
 207.062049     -2.337   0.147401    16.3262    -1.7165     -2.318     0.0857    -1.0430 -9.990e-29
 207.062054     -2.326   0.147400    16.3328    -1.7164     -2.307     0.0857    -1.0441 -9.990e-29
 207.062060     -2.316   0.146772    16.3375    -1.7166     -2.297     0.0853    -1.0452 -9.990e-29
 207.062066     -2.307   0.145235    16.3399    -1.7172     -2.288     0.0844    -1.0463 -9.990e-29
 207.062072     -2.297   0.143513    16.3394    -1.7178     -2.278     0.0834    -1.0469 -9.990e-29
 207.062078     -2.287   0.142086    16.3365    -1.7175     -2.268     0.0826    -1.0471 -9.990e-29
 207.062083     -2.276   0.141270    16.3328    -1.7172     -2.257     0.0822    -1.0468 -9.990e-29
 207.062089     -2.263   0.141086    16.3300    -1.7171     -2.244     0.0821    -1.0464 -9.990e-29
 207.062095     -2.247   0.140734    16.3293    -1.7172     -2.228     0.0819    -1.0465 -9.990e-29
 207.062101     -2.228   0.139743    16.3296    -1.7171     -2.209     0.0813    -1.0469 -9.990e-29
 207.062106     -2.207   0.138455    16.3281    -1.7172     -2.189     0.0806    -1.0473 -9.990e-29
 207.062112     -2.193   0.137372    16.3219    -1.7173     -2.175     0.0800    -1.0467 -9.990e-29
 207.062118     -2.185   0.136715    16.3119    -1.7174     -2.167     0.0797    -1.0453 -9.990e-29
 207.062124     -2.173   0.136163    16.3048    -1.7176     -2.155     0.0794    -1.0444 -9.990e-29
 207.062130     -2.157   0.135534    16.3045    -1.7176     -2.139     0.0790    -1.0446 -9.990e-29
 207.062135     -2.144   0.135099    16.3077    -1.7177     -2.126     0.0788    -1.0453 -9.990e-29
 207.062141     -2.139   0.134832    16.3100    -1.7176     -2.121     0.0786    -1.0458 -9.990e-29
 207.062147     -2.135   0.134376    16.3112    -1.7173     -2.117     0.0783    -1.0462 -9.990e-29
 207.062153     -2.124   0.133678    16.3119    -1.7171     -2.106     0.0779    -1.0466 -9.990e-29
 207.062159     -2.107   0.132915    16.3111    -1.7170     -2.089     0.0775    -1.0468 -9.990e-29
 207.062164     -2.089   0.132180    16.3087    -1.7172     -2.072     0.0771    -1.0467 -9.990e-29
 207.062170     -2.074   0.131603    16.3057    -1.7174     -2.057     0.0768    -1.0465 -9.990e-29
 207.062176     -2.062   0.130968    16.3031    -1.7174     -2.045     0.0764    -1.0463 -9.990e-29
 207.062182     -2.052   0.129983    16.3015    -1.7176     -2.035     0.0759    -1.0465 -9.990e-29
