data/oxygen options/OCNMS/OCNMS1/raw_data/2015/CAST_MB015_150527faed.cnv
* Sea-Bird SBE19 Data File:
* FileName = C:\2015 Mooring Data\Casts\CAST_MB015_150527.hex
* Software Version 1.59
* Temperature SN = 2997
* Conductivity SN = 2997
* System UpLoad Time = May 27 2015 21:26:32
** CAST_MB015_150527
* ds
# nquan = 9                                 
# nvalues = 763                         
# units = specified
# name 0 = timeJ: Julian Days
# name 1 = prSM: Pressure, Strain Gauge [db]
# name 2 = c0mS/cm: Conductivity [mS/cm]
# name 3 = t090C: Temperature [ITS-90, deg C]
# name 4 = sbeox0ML/L: Oxygen, SBE 43 [ml/l]
# name 5 = depSM: Depth [salt water, m], lat = 47.5
# name 6 = sal00: Salinity, Practical [PSU]
# name 7 = sigma-é00: Density [sigma-theta, kg/m^3]
# name 8 = flag: flag
# span 0 = 147.885278, 147.889688       
# span 1 =     -5.151,     12.636       
# span 2 =   0.263522,  37.296868       
# span 3 =     9.6207,    15.2337       
# span 4 =   -10.0694,    12.5385       
# span 5 =     -5.108,     12.530       
# span 6 =     0.1572,    32.5131       
# span 7 =    -0.7734,    25.0730       
# span 8 = 0.0000e+00, 0.0000e+00       
# interval = seconds: 0.5
# start_time = May 27 2015 21:14:48 [Instrument's time stamp, header]
# bad_flag = -9.990e-29
*END*
[from data line 481]
 147.888061      1.343  36.799483    12.6936     6.7722      1.332    31.3103    23.5951 -9.990e-29
 147.888067      1.350  36.799375    12.6892     6.7740      1.339    31.3139    23.5987 -9.990e-29
 147.888073      1.358  36.807766    12.6948     6.7976      1.347    31.3171    23.6002 -9.990e-29
 147.888079      1.364  36.813028    12.7068     6.8030      1.353    31.3122    23.5940 -9.990e-29
 147.888084      1.363  36.819520    12.7254     6.7904      1.352    31.3029    23.5833 -9.990e-29
 147.888090      1.356  36.829258    12.7491     6.7508      1.345    31.2924    23.5707 -9.990e-29
 147.888096      1.343  36.839570    12.7681     6.7001      1.332    31.2864    23.5624 -9.990e-29
 147.888102      1.326  36.847408    12.7755     6.6800      1.315    31.2877    23.5620 -9.990e-29
 147.888108      1.313  36.849760    12.7753     6.6712      1.302    31.2901    23.5639 -9.990e-29
 147.888113      1.308  36.848060    12.7754     6.6816      1.297    31.2884    23.5625 -9.990e-29
 147.888119      1.310  36.844500    12.7757     6.7053      1.299    31.2848    23.5597 -9.990e-29
 147.888125      1.319  36.837672    12.7671     6.7253      1.308    31.2854    23.5618 -9.990e-29
 147.888131      1.333  36.822372    12.7462     6.7432      1.322    31.2883    23.5681 -9.990e-29
 147.888137      1.346  36.800601    12.7258     6.7448      1.335    31.2846    23.5691 -9.990e-29
 147.888142      1.361  36.789277    12.7175     6.7159      1.350    31.2808    23.5677 -9.990e-29
 147.888148      1.374  36.791210    12.7107     6.6840      1.363    31.2883    23.5748 -9.990e-29
 147.888154      1.381  36.789328    12.6944     6.6593      1.369    31.3000    23.5870 -9.990e-29
 147.888160      1.383  36.783340    12.6795     6.6545      1.371    31.3067    23.5951 -9.990e-29
 147.888166      1.380  36.784858    12.6804     6.6781      1.368    31.3074    23.5954 -9.990e-29
 147.888171      1.376  36.790271    12.6889     6.7041      1.365    31.3055    23.5923 -9.990e-29
 147.888177      1.375  36.790511    12.6861     6.7139      1.364    31.3080    23.5948 -9.990e-29
 147.888183      1.372  36.786436    12.6736     6.7134      1.361    31.3146    23.6022 -9.990e-29
 147.888189      1.369  36.784362    12.6648     6.6941      1.358    31.3199    23.6081 -9.990e-29
 147.888194      1.372  36.786545    12.6635     6.6925      1.361    31.3231    23.6107 -9.990e-29
 147.888200      1.382  36.789701    12.6659     6.6996      1.370    31.3240    23.6111 -9.990e-29
 147.888206      1.392  36.790725    12.6684     6.6973      1.380    31.3229    23.6097 -9.990e-29
 147.888212      1.397  36.790957    12.6704     6.6997      1.385    31.3215    23.6082 -9.990e-29
 147.888218      1.398  36.792925    12.6733     6.7000      1.386    31.3209    23.6072 -9.990e-29
 147.888223      1.399  36.796424    12.6776     6.6981      1.387    31.3207    23.6062 -9.990e-29
 147.888229      1.404  36.799930    12.6824     6.7279      1.392    31.3200    23.6048 -9.990e-29
 147.888235      1.410  36.802487    12.6875     6.7392      1.398    31.3182    23.6024 -9.990e-29
 147.888241      1.413  36.804116    12.6932     6.7289      1.401    31.3150    23.5988 -9.990e-29
 147.888247      1.413  36.805285    12.6986     6.7170      1.401    31.3116    23.5952 -9.990e-29
 147.888252      1.414  36.804164    12.7013     6.7044      1.402    31.3083    23.5921 -9.990e-29
 147.888258      1.420  36.799798    12.7014     6.6984      1.408    31.3041    23.5888 -9.990e-29
 147.888264      1.428  36.798114    12.7039     6.7060      1.416    31.3004    23.5855 -9.990e-29
 147.888270      1.434  36.803568    12.7130     6.7195      1.422    31.2980    23.5819 -9.990e-29
 147.888275      1.438  36.812195    12.7248     6.6968      1.426    31.2964    23.5784 -9.990e-29
 147.888281      1.441  36.818093    12.7319     6.6792      1.429    31.2961    23.5768 -9.990e-29
 147.888287      1.442  36.819573    12.7293     6.6675      1.430    31.2996    23.5801 -9.990e-29
 147.888293      1.442  36.816345    12.7180     6.6685      1.430    31.3060    23.5871 -9.990e-29
 147.888299      1.445  36.809128    12.7046     6.7057      1.433    31.3103    23.5930 -9.990e-29
 147.888304      1.456  36.803411    12.6947     6.7223      1.444    31.3131    23.5971 -9.990e-29
 147.888310      1.470  36.801636    12.6866     6.7247      1.458    31.3181    23.6025 -9.990e-29
 147.888316      1.485  36.800287    12.6790     6.7302      1.473    31.3231    23.6079 -9.990e-29
 147.888322      1.493  36.799221    12.6803     6.7444      1.481    31.3210    23.6060 -9.990e-29
 147.888328      1.486  36.801475    12.6948     6.7476      1.474    31.3111    23.5956 -9.990e-29
 147.888333      1.471  36.806103    12.7132     6.7337      1.459    31.3002    23.5836 -9.990e-29
 147.888339      1.458  36.809721    12.7229     6.7219      1.446    31.2956    23.5782 -9.990e-29
 147.888345      1.448  36.809843    12.7193     6.7068      1.436    31.2987    23.5813 -9.990e-29
 147.888351      1.446  36.804931    12.7091     6.7005      1.434    31.3026    23.5862 -9.990e-29
 147.888356      1.447  36.798505    12.7032     6.7095      1.435    31.3014    23.5864 -9.990e-29
 147.888362      1.448  36.797106    12.7058     6.7227      1.436    31.2979    23.5832 -9.990e-29
 147.888368      1.447  36.800524    12.7130     6.7178      1.435    31.2952    23.5797 -9.990e-29
 147.888374      1.446  36.803759    12.7177     6.7166      1.434    31.2943    23.5782 -9.990e-29
 147.888380      1.443  36.804935    12.7174     6.7168      1.431    31.2957    23.5793 -9.990e-29
 147.888385      1.439  36.805598    12.7161     6.7156      1.427    31.2974    23.5808 -9.990e-29
 147.888391      1.434  36.808289    12.7176     6.7196      1.422    31.2987    23.5816 -9.990e-29
 147.888397      1.431  36.812087    12.7224     6.7296      1.419    31.2983    23.5803 -9.990e-29
 147.888403      1.435  36.814180    12.7293     6.7166      1.423    31.2945    23.5761 -9.990e-29
 147.888409      1.441  36.815655    12.7353     6.7028      1.429    31.2910    23.5722 -9.990e-29
 147.888414      1.446  36.816210    12.7375     6.6981      1.434    31.2897    23.5708 -9.990e-29
 147.888420      1.450  36.814879    12.7366     6.6952      1.438    31.2891    23.5705 -9.990e-29
 147.888426      1.454  36.814910    12.7372     6.7011      1.442    31.2887    23.5701 -9.990e-29
 147.888432      1.457  36.816882    12.7403     6.7037      1.445    31.2880    23.5689 -9.990e-29
 147.888438      1.459  36.818915    12.7436     6.7097      1.447    31.2872    23.5677 -9.990e-29
 147.888443      1.461  36.820891    12.7473     6.7167      1.449    31.2860    23.5660 -9.990e-29
 147.888449      1.463  36.823178    12.7526     6.7175      1.451    31.2837    23.5633 -9.990e-29
 147.888455      1.466  36.826000    12.7581     6.7281      1.454    31.2818    23.5608 -9.990e-29
 147.888461      1.468  36.828608    12.7610     6.7376      1.456    31.2819    23.5603 -9.990e-29
 147.888466      1.471  36.831092    12.7633     6.7434      1.459    31.2823    23.5602 -9.990e-29
 147.888472      1.474  36.835058    12.7683     6.7418      1.462    31.2819    23.5589 -9.990e-29
 147.888478      1.479  36.839044    12.7760     6.7297      1.467    31.2793    23.5554 -9.990e-29
 147.888484      1.484  36.842170    12.7844     6.7175      1.472    31.2753    23.5507 -9.990e-29
 147.888490      1.491  36.845217    12.7890     6.7082      1.479    31.2744    23.5491 -9.990e-29
 147.888495      1.499  36.846060    12.7900     6.7072      1.486    31.2743    23.5489 -9.990e-29
 147.888501      1.510  36.846360    12.7911     6.7100      1.497    31.2737    23.5482 -9.990e-29
 147.888507      1.524  36.848737    12.7935     6.7083      1.511    31.2739    23.5479 -9.990e-29
 147.888513      1.537  36.850727    12.7971     6.7003      1.524    31.2728    23.5463 -9.990e-29
 147.888519      1.547  36.851037    12.8010     6.7083      1.534    31.2699    23.5433 -9.990e-29
 147.888524      1.558  36.848933    12.8027     6.7412      1.545    31.2665    23.5404 -9.990e-29
 147.888530      1.575  36.844388    12.8012     6.7569      1.562    31.2634    23.5383 -9.990e-29
 147.888536      1.599  36.841972    12.7993     6.7358      1.586    31.2627    23.5381 -9.990e-29
 147.888542      1.632  36.843483    12.8002     6.7229      1.618    31.2634    23.5384 -9.990e-29
 147.888547      1.676  36.845868    12.8033     6.6860      1.662    31.2631    23.5376 -9.990e-29
 147.888553      1.734  36.847233    12.8037     6.6495      1.720    31.2640    23.5382 -9.990e-29
 147.888559      1.808  36.846573    12.7966     6.6373      1.793    31.2692    23.5437 -9.990e-29
 147.888565      1.905  36.842421    12.7783     6.6703      1.889    31.2804    23.5558 -9.990e-29
 147.888571      2.030  36.830901    12.7440     6.7520      2.013    31.2979    23.5759 -9.990e-29
 147.888576      2.186  36.809522    12.6918     6.8407      2.168    31.3210    23.6038 0.0000e+00
 147.888582      2.368  36.782268    12.6220     6.9004      2.348    31.3531    23.6419 0.0000e+00
 147.888588      2.559  36.752014    12.5149     6.9395      2.538    31.4136    23.7091 0.0000e+00
 147.888594      2.757  36.705857    12.3497     6.9971      2.734    31.5080    23.8134 0.0000e+00
 147.888600      2.963  36.644451    12.1725     7.0478      2.938    31.5984    23.9166 0.0000e+00
 147.888605      3.176  36.602490    12.0550     7.0883      3.149    31.6575    23.9843 0.0000e+00
 147.888611      3.381  36.590683    12.0037     7.1191      3.353    31.6896    24.0186 0.0000e+00
 147.888617      3.572  36.590982    11.9830     7.1154      3.542    31.7074    24.0363 0.0000e+00
 147.888623      3.748  36.593089    11.9659     7.0851      3.717    31.7239    24.0522 0.0000e+00
 147.888628      3.914  36.595301    11.9467     7.0441      3.881    31.7423    24.0701 0.0000e+00
 147.888634      4.078  36.601100    11.9335     6.9887      4.044    31.7591    24.0855 0.0000e+00
 147.888640      4.242  36.608102    11.9278     6.9568      4.207    31.7707    24.0955 0.0000e+00
 147.888646      4.406  36.612718    11.9249     6.9343      4.369    31.7775    24.1014 0.0000e+00
 147.888652      4.574  36.616031    11.9230     6.9239      4.536    31.7823    24.1054 0.0000e+00
 147.888657      4.748  36.620751    11.9210     6.9212      4.708    31.7885    24.1106 0.0000e+00
 147.888663      4.925  36.626979    11.9173     6.9279      4.884    31.7975    24.1183 0.0000e+00
 147.888669      5.099  36.630099    11.9126     6.9439      5.056    31.8045    24.1246 0.0000e+00
 147.888675      5.270  36.629200    11.9044     6.9511      5.226    31.8106    24.1308 0.0000e+00
 147.888681      5.438  36.622497    11.8876     6.9577      5.393    31.8184    24.1400 0.0000e+00
 147.888686      5.608  36.606634    11.8625     6.9520      5.561    31.8244    24.1493 0.0000e+00
 147.888692      5.779  36.585662    11.8366     6.8889      5.731    31.8262    24.1555 0.0000e+00
 147.888698      5.956  36.566909    11.8161     6.7725      5.906    31.8256    24.1587 0.0000e+00
 147.888704      6.140  36.551130    11.7987     6.5800      6.089    31.8251    24.1615 0.0000e+00
 147.888709      6.331  36.535195    11.7779     6.3514      6.278    31.8274    24.1671 0.0000e+00
 147.888715      6.528  36.516331    11.7502     6.1583      6.473    31.8328    24.1763 0.0000e+00
 147.888721      6.734  36.491221    11.7112     6.0567      6.678    31.8418    24.1904 0.0000e+00
 147.888727      6.950  36.456632    11.6464     6.0252      6.892    31.8637    24.2193 0.0000e+00
 147.888733      7.172  36.401173    11.5381     5.9876      7.112    31.9028    24.2692 0.0000e+00
 147.888738      7.398  36.308609    11.3956     5.9048      7.336    31.9354    24.3201 0.0000e+00
 147.888744      7.626  36.181620    11.2632     5.7353      7.562    31.9255    24.3361 0.0000e+00
 147.888750      7.851  36.062184    11.1762     5.5120      7.785    31.8835    24.3188 0.0000e+00
 147.888756      8.076  36.009618    11.1299     5.2890      8.008    31.8718    24.3179 0.0000e+00
 147.888762      8.306  36.022734    11.0690     5.1231      8.237    31.9375    24.3797 0.0000e+00
 147.888767      8.544  36.039942    10.9399     5.0438      8.473    32.0669    24.5030 0.0000e+00
 147.888773      8.787  36.012972    10.7642     4.9811      8.713    32.1942    24.6326 0.0000e+00
 147.888779      9.033  35.929656    10.5975     4.9187      8.957    32.2582    24.7112 0.0000e+00
 147.888785      9.286  35.815822    10.4691     4.7845      9.208    32.2580    24.7330 0.0000e+00
 147.888791      9.548  35.713226    10.3660     4.6530      9.468    32.2465    24.7415 0.0000e+00
 147.888796      9.816  35.635659    10.2540     4.5564      9.734    32.2679    24.7771 0.0000e+00
 147.888802     10.084  35.563867    10.1224     4.5030     10.000    32.3127    24.8341 0.0000e+00
 147.888808     10.352  35.491805     9.9838     4.5136     10.265    32.3637    24.8968 0.0000e+00
 147.888814     10.617  35.431561     9.8456     4.5331     10.528    32.4265    24.9686 0.0000e+00
 147.888819     10.873  35.377344     9.7221     4.5941     10.782    32.4825    25.0326 0.0000e+00
 147.888825     11.124  35.333636     9.6440     4.6654     11.031    32.5083    25.0654 0.0000e+00
 147.888831     11.369  35.317814     9.6207     4.7269     11.274    32.5131    25.0730 0.0000e+00
 147.888837     11.598  35.319980     9.6328     4.7612     11.501    32.5043    25.0641 0.0000e+00
 147.888843     11.804  35.328447     9.6536     4.7785     11.705    32.4940    25.0527 0.0000e+00
 147.888848     11.987  35.342745     9.6677     4.7764     11.887    32.4958    25.0518 0.0000e+00
 147.888854     12.150  35.358976     9.6789     4.7688     12.048    32.5022    25.0550 0.0000e+00
 147.888860     12.291  35.374698     9.6975     4.7538     12.188    32.5014    25.0513 -9.990e-29
 147.888866     12.406  35.388470     9.7317     4.7439     12.302    32.4845    25.0326 -9.990e-29
 147.888872     12.494  35.399611     9.7783     4.7524     12.389    32.4537    25.0010 -9.990e-29
 147.888877     12.555  35.403371     9.8139     4.8036     12.450    32.4255    24.9731 -9.990e-29
 147.888883     12.599  35.393013     9.8242     4.8842     12.493    32.4057    24.9559 -9.990e-29
 147.888889     12.628  35.379971     9.8132     4.9620     12.522    32.4023    24.9551 -9.990e-29
 147.888895     12.636  35.377140     9.7879     5.0283     12.530    32.4222    24.9748 -9.990e-29
 147.888900     12.617  35.375153     9.7683     5.1214     12.511    32.4378    24.9902 -9.990e-29
 147.888906     12.577  35.373614     9.7695     5.2603     12.472    32.4352    24.9879 -9.990e-29
 147.888912     12.519  35.381686     9.7882     5.4234     12.414    32.4266    24.9781 -9.990e-29
 147.888918     12.451  35.401735     9.8274     5.5995     12.347    32.4117    24.9601 -9.990e-29
 147.888924     12.370  35.433603     9.8976     5.7448     12.266    32.3811    24.9247 -9.990e-29
 147.888929     12.273  35.469915     9.9996     5.8404     12.170    32.3265    24.8653 -9.990e-29
 147.888935     12.162  35.504175    10.1184     5.9123     12.060    32.2551    24.7899 -9.990e-29
 147.888941     12.047  35.546217    10.2451     5.9496     11.946    32.1849    24.7139 -9.990e-29
 147.888947     11.932  35.623544    10.3796     5.9543     11.832    32.1434    24.6590 -9.990e-29
 147.888953     11.820  35.720467    10.4955     5.9529     11.721    32.1382    24.6352 -9.990e-29
 147.888958     11.712  35.778479    10.5693     5.9658     11.614    32.1311    24.6171 -9.990e-29
 147.888964     11.605  35.798740    10.6157     5.9947     11.508    32.1105    24.5931 -9.990e-29
 147.888970     11.493  35.816706    10.6517     6.0325     11.397    32.0967    24.5762 -9.990e-29
 147.888976     11.372  35.833371    10.6877     6.0699     11.277    32.0818    24.5584 -9.990e-29
