data/oxygen options/OCNMS/OCNMS1/raw_data/2015/CAST_CE042_150528faed.cnv
* Sea-Bird SBE19 Data File:
* FileName = C:\2015 Mooring Data\Casts\CAST_CE042_150528.hex
* Software Version 1.59
* Temperature SN = 2997
* Conductivity SN = 2997
* System UpLoad Time = May 28 2015 22:15:12
** CAST_CE042_150528
* ds
# nquan = 9                                 
# nvalues = 1207                        
# units = specified
# name 0 = timeJ: Julian Days
# name 1 = prSM: Pressure, Strain Gauge [db]
# name 2 = c0mS/cm: Conductivity [mS/cm]
# name 3 = t090C: Temperature [ITS-90, deg C]
# name 4 = sbeox0ML/L: Oxygen, SBE 43 [ml/l]
# name 5 = depSM: Depth [salt water, m], lat = 47.5
# name 6 = sal00: Salinity, Practical [PSU]
# name 7 = sigma-é00: Density [sigma-theta, kg/m^3]
# name 8 = flag: flag
# span 0 = 148.877789, 148.884769       
# span 1 =     -4.972,     43.395       
# span 2 =   0.086588,  37.969669       
# span 3 =     8.0270,    15.0457       
# span 4 =    -9.9834,    15.1613       
# span 5 =     -4.931,     43.028       
# span 6 =     0.0530,    33.5798       
# span 7 =    -0.8434,    26.1547       
# span 8 = 0.0000e+00, 0.0000e+00       
# interval = seconds: 0.5
# start_time = May 28 2015 21:04:01 [Instrument's time stamp, header]
# bad_flag = -9.990e-29
*END*
[from data line 321]
 148.879647     -0.387   0.102733    14.8559    -1.7731     -0.384     0.0623    -0.8290 -9.990e-29
 148.879653     -0.391   0.103086    14.8390    -1.7728     -0.388     0.0625    -0.8263 -9.990e-29
 148.879659     -0.393   0.103198    14.8220    -1.7725     -0.390     0.0626    -0.8237 -9.990e-29
 148.879664     -0.388   0.103220    14.8086    -1.7723     -0.385     0.0626    -0.8217 -9.990e-29
 148.879670     -0.373   0.103180    14.7966    -1.7719     -0.370     0.0626    -0.8199 -9.990e-29
 148.879676     -0.355   0.103024    14.7846    -1.7717     -0.352     0.0625    -0.8182 -9.990e-29
 148.879682     -0.342   0.102545    14.7720    -1.7720     -0.339     0.0623    -0.8165 -9.990e-29
 148.879687     -0.327   0.101660    14.7591    -1.7727     -0.324     0.0618    -0.8150 -9.990e-29
 148.879693     -0.311   0.100854    14.7496    -1.7735     -0.308     0.0613    -0.8139 -9.990e-29
 148.879699     -0.300   0.100717    14.7467    -1.7737     -0.297     0.0612    -0.8135 -9.990e-29
 148.879705     -0.294   0.101068    14.7498    -1.7744     -0.292     0.0614    -0.8139 -9.990e-29
 148.879711     -0.289   0.101263    14.7558    -1.7750     -0.287     0.0615    -0.8147 -9.990e-29
 148.879716     -0.283   0.101007    14.7625    -1.7751     -0.281     0.0614    -0.8158 -9.990e-29
 148.879722     -0.278   0.100513    14.7684    -1.7754     -0.276     0.0611    -0.8169 -9.990e-29
 148.879728     -0.271   0.100232    14.7694    -1.7766     -0.269     0.0609    -0.8171 -9.990e-29
 148.879734     -0.264   0.100346    14.7625    -1.7787     -0.262     0.0610    -0.8161 -9.990e-29
 148.879740     -0.255   0.100452    14.7494    -1.7801     -0.253     0.0611    -0.8141 -9.990e-29
 148.879745     -0.244   0.100134    14.7348    -1.7810     -0.242     0.0609    -0.8120 -9.990e-29
 148.879751     -0.234   0.099525    14.7209    -1.7814     -0.232     0.0606    -0.8102 -9.990e-29
 148.879757     -0.230   0.098921    14.7068    -1.7816     -0.228     0.0602    -0.8084 -9.990e-29
 148.879763     -0.226   0.098628    14.6938    -1.7817     -0.224     0.0601    -0.8066 -9.990e-29
 148.879769     -0.218   0.098811    14.6815    -1.7817     -0.216     0.0602    -0.8047 -9.990e-29
 148.879774     -0.210   0.099157    14.6635    -1.7812     -0.208     0.0604    -0.8019 -9.990e-29
 148.879780     -0.206   0.099019    14.6336    -1.7805     -0.204     0.0604    -0.7975 -9.990e-29
 148.879786     -0.206   0.098211    14.5955    -1.7796     -0.204     0.0599    -0.7923 -9.990e-29
 148.879792     -0.208   0.097324    14.5608    -1.7788     -0.206     0.0595    -0.7876 -9.990e-29
 148.879797     -0.210   0.096839    14.5366    -1.7786     -0.208     0.0592    -0.7843 -9.990e-29
 148.879803     -0.207   0.096665    14.5225    -1.7785     -0.205     0.0591    -0.7823 -9.990e-29
 148.879809     -0.203   0.096569    14.5152    -1.7784     -0.201     0.0591    -0.7813 -9.990e-29
 148.879815     -0.202   0.096423    14.5127    -1.7792     -0.200     0.0590    -0.7810 -9.990e-29
 148.879821     -0.204   0.096033    14.5161    -1.7798     -0.202     0.0588    -0.7816 -9.990e-29
 148.879826     -0.206   0.095434    14.5268    -1.7794     -0.204     0.0584    -0.7835 -9.990e-29
 148.879832     -0.202   0.094938    14.5433    -1.7797     -0.200     0.0581    -0.7861 -9.990e-29
 148.879838     -0.197   0.094437    14.5619    -1.7809     -0.195     0.0578    -0.7891 -9.990e-29
 148.879844     -0.195   0.093819    14.5776    -1.7821     -0.193     0.0574    -0.7916 -9.990e-29
 148.879850     -0.195   0.093370    14.5867    -1.7833     -0.193     0.0572    -0.7932 -9.990e-29
 148.879855     -0.198   0.093048    14.5894    -1.7854     -0.196     0.0570    -0.7937 -9.990e-29
 148.879861     -0.200   0.092977    14.5854    -1.7861     -0.198     0.0569    -0.7932 -9.990e-29
 148.879867     -0.196   0.094173    14.5732    -1.7862     -0.194     0.0576    -0.7908 -9.990e-29
 148.879873     -0.191   0.099342    14.5548    -1.5196     -0.189     0.0606    -0.7858 -9.990e-29
 148.879878     -0.184   0.116485    14.5336    -1.5134     -0.182     0.0707    -0.7749 -9.990e-29
 148.879884     -0.170   0.169015    14.5110    -1.5230     -0.169     0.1018    -0.7475 -9.990e-29
 148.879890     -0.153   0.253124    14.4861    -1.5244     -0.152     0.1527    -0.7043 -9.990e-29
 148.879896     -0.135   0.317714    14.4577    -1.5259     -0.134     0.1924    -0.6694 -9.990e-29
 148.879902     -0.117   0.354734    14.4232    -1.5244     -0.116     0.2155    -0.6464 -9.990e-29
 148.879907     -0.097   0.430281    14.3817    -1.5244     -0.096     0.2629    -0.6036 -9.990e-29
 148.879913     -0.072   0.688024    14.3294    -1.5254     -0.071     0.4275    -0.4685 -9.990e-29
 148.879919     -0.043   1.506524    14.2271    -1.5258     -0.043     0.9708    -0.0330 -9.990e-29
 148.879925     -0.007   3.997250    13.9398    -1.5244     -0.007     2.7405     1.3754 -9.990e-29
 148.879931      0.039  11.495050    13.4285    -1.5240      0.039     8.6108     5.9713 -9.990e-29
 148.879936      0.097  23.173523    12.9426    -1.5242      0.096    18.6827    13.8002 -9.990e-29
 148.879942      0.171  31.744603    12.6796    -1.5243      0.170    26.5909    19.9474 -9.990e-29
 148.879948      0.261  35.187704    12.5735    -1.5236      0.259    29.8864    22.5156 -9.990e-29
 148.879954      0.364  36.411314    12.5093    -1.5233      0.361    31.0956    23.4638 -9.990e-29
 148.879959      0.479  36.836849    12.4500    -1.5227      0.475    31.5495    23.8266 -9.990e-29
 148.879965      0.604  37.071136    12.4072    -1.5228      0.599    31.8089    24.0357 0.0000e+00
 148.879971      0.734  37.245662    12.3934    -1.5238      0.728    31.9873    24.1765 -9.990e-29
 148.879977      0.853  37.339900    12.4018    -1.5227      0.846    32.0701    24.2391 -9.990e-29
 148.879983      0.941  37.382698    12.4150    -1.5243      0.933    32.0997    24.2596 -9.990e-29
 148.879988      1.001  37.406093    12.4214    -1.5258      0.993    32.1165    24.2714 -9.990e-29
 148.879994      1.044  37.411774    12.4206    -1.5264      1.035    32.1226    24.2763 -9.990e-29
 148.880000      1.078  37.411453    12.4218    -1.5278      1.069    32.1213    24.2750 -9.990e-29
 148.880006      1.104  37.432946    12.4308    -1.5273      1.095    32.1341    24.2832 -9.990e-29
 148.880012      1.125  37.465871    12.4387    -1.5258      1.116    32.1588    24.3009 -9.990e-29
 148.880017      1.141  37.482568    12.4350    -1.5247      1.131    32.1779    24.3164 -9.990e-29
 148.880023      1.154  37.487567    12.4234    -1.5245      1.144    32.1926    24.3300 -9.990e-29
 148.880029      1.165  37.490550    12.4151    -1.5246      1.155    32.2025    24.3393 -9.990e-29
 148.880035      1.173  37.496263    12.4100    -1.5250      1.163    32.2124    24.3479 -9.990e-29
 148.880041      1.181  37.481692    12.4046    -1.5248      1.171    32.2031    24.3417 -9.990e-29
 148.880046      1.188  37.411356    12.3999    -1.5243      1.178    32.1399    24.2936 -9.990e-29
 148.880052      1.194  37.313910    12.3957    -1.5237      1.184    32.0503    24.2250 -9.990e-29
 148.880058      1.201  37.231202    12.3937    -1.5231      1.191    31.9730    24.1654 -9.990e-29
 148.880064      1.208  37.187720    12.3986    -1.5231      1.198    31.9273    24.1291 -9.990e-29
 148.880069      1.215  37.213155    12.4100    -1.5234      1.205    31.9419    24.1382 -9.990e-29
 148.880075      1.225  37.281639    12.4197    -1.5234      1.215    31.9990    24.1807 -9.990e-29
 148.880081      1.236  37.332197    12.4229    -1.5233      1.226    32.0445    24.2154 -9.990e-29
 148.880087      1.250  37.348912    12.4228    -1.5233      1.240    32.0606    24.2278 -9.990e-29
 148.880093      1.268  37.348114    12.4231    -1.5233      1.257    32.0596    24.2270 -9.990e-29
 148.880098      1.290  37.348573    12.4254    -1.5238      1.279    32.0580    24.2253 -9.990e-29
 148.880104      1.319  37.367367    12.4319    -1.5245      1.308    32.0704    24.2337 -9.990e-29
 148.880110      1.351  37.403414    12.4415    -1.5235      1.340    32.0966    24.2522 -9.990e-29
 148.880116      1.381  37.436025    12.4484    -1.5234      1.369    32.1218    24.2704 -9.990e-29
 148.880122      1.405  37.448901    12.4488    -1.5236      1.393    32.1338    24.2796 -9.990e-29
 148.880127      1.426  37.444845    12.4436    -1.5243      1.414    32.1344    24.2810 -9.990e-29
 148.880133      1.445  37.442205    12.4381    -1.5248      1.433    32.1365    24.2838 -9.990e-29
 148.880139      1.458  37.454491    12.4374    -1.5245      1.446    32.1489    24.2935 -9.990e-29
 148.880145      1.462  37.469698    12.4410    -1.5239      1.450    32.1603    24.3016 -9.990e-29
 148.880150      1.462  37.466822    12.4418    -1.5235      1.450    32.1569    24.2988 -9.990e-29
 148.880156      1.462  37.441676    12.4358    -1.5234      1.450    32.1380    24.2853 -9.990e-29
 148.880162      1.462  37.411963    12.4288    -1.5238      1.450    32.1156    24.2693 -9.990e-29
 148.880168      1.463  37.413398    12.4267    -1.5235      1.451    32.1188    24.2722 -9.990e-29
 148.880174      1.463  37.445859    12.4281    -1.5235      1.451    32.1486    24.2950 -9.990e-29
 148.880179      1.463  37.462012    12.4293    -1.5238      1.451    32.1630    24.3059 -9.990e-29
 148.880185      1.463  37.440437    12.4271    -1.5241      1.451    32.1443    24.2918 -9.990e-29
 148.880191      1.463  37.401913    12.4230    -1.5246      1.451    32.1110    24.2668 -9.990e-29
 148.880197      1.464  37.384421    12.4215    -1.5249      1.452    32.0955    24.2551 -9.990e-29
 148.880203      1.464  37.405212    12.4236    -1.5262      1.452    32.1136    24.2687 -9.990e-29
 148.880208      1.465  37.440638    12.4255    -1.5265      1.453    32.1458    24.2934 -9.990e-29
 148.880214      1.466  37.464143    12.4240    -1.5259      1.454    32.1696    24.3120 -9.990e-29
 148.880220      1.463  37.471956    12.4213    -1.5254      1.451    32.1793    24.3201 -9.990e-29
 148.880226      1.451  37.476387    12.4204    -1.5255      1.439    32.1843    24.3242 -9.990e-29
 148.880231      1.435  37.481870    12.4194    -1.5258      1.423    32.1905    24.3291 -9.990e-29
 148.880237      1.417  37.475743    12.4152    -1.5257      1.405    32.1882    24.3282 -9.990e-29
 148.880243      1.396  37.455653    12.4084    -1.5256      1.384    32.1748    24.3191 -9.990e-29
 148.880249      1.370  37.430341    12.4001    -1.5256      1.359    32.1578    24.3074 -9.990e-29
 148.880255      1.344  37.401022    12.3915    -1.5252      1.333    32.1371    24.2931 -9.990e-29
 148.880260      1.318  37.363010    12.3856    -1.5247      1.307    32.1058    24.2699 -9.990e-29
 148.880266      1.291  37.323009    12.3830    -1.5249      1.280    32.0698    24.2425 -9.990e-29
 148.880272      1.267  37.308053    12.3831    -1.5251      1.256    32.0555    24.2313 -9.990e-29
 148.880278      1.247  37.325878    12.3866    -1.5253      1.237    32.0695    24.2416 -9.990e-29
 148.880284      1.231  37.345523    12.3917    -1.5256      1.221    32.0839    24.2518 -9.990e-29
 148.880289      1.217  37.340697    12.3938    -1.5258      1.207    32.0775    24.2464 -9.990e-29
 148.880295      1.204  37.323671    12.3898    -1.5255      1.194    32.0647    24.2372 -9.990e-29
 148.880301      1.192  37.321287    12.3837    -1.5254      1.182    32.0676    24.2407 -9.990e-29
 148.880307      1.181  37.340104    12.3835    -1.5255      1.171    32.0858    24.2548 -9.990e-29
 148.880313      1.168  37.369542    12.3902    -1.5260      1.158    32.1082    24.2709 -9.990e-29
 148.880318      1.154  37.394683    12.3986    -1.5261      1.144    32.1251    24.2824 -9.990e-29
 148.880324      1.141  37.399367    12.4030    -1.5260      1.131    32.1258    24.2821 -9.990e-29
 148.880330      1.134  37.379400    12.4020    -1.5259      1.125    32.1075    24.2681 -9.990e-29
 148.880336      1.127  37.353216    12.3980    -1.5257      1.118    32.0859    24.2522 -9.990e-29
 148.880341      1.120  37.334318    12.3910    -1.5257      1.111    32.0739    24.2441 -9.990e-29
 148.880347      1.122  37.323504    12.3837    -1.5261      1.113    32.0698    24.2423 -9.990e-29
 148.880353      1.132  37.331786    12.3808    11.6099      1.123    32.0802    24.2509 -9.990e-29
 148.880359      1.142  37.354158    12.3803    14.8774      1.132    32.1020    24.2679 -9.990e-29
 148.880365      1.149  37.363481    12.3796    15.1613      1.139    32.1115    24.2754 -9.990e-29
 148.880370      1.153  37.353337    12.3768    13.0052      1.143    32.1042    24.2703 -9.990e-29
 148.880376      1.155  37.335633    12.3712     8.1843      1.145    32.0920    24.2620 -9.990e-29
 148.880382      1.154  37.329573    12.3702     8.3810      1.144    32.0871    24.2583 -9.990e-29
 148.880388      1.151  37.342419    12.3763     8.6127      1.141    32.0942    24.2626 -9.990e-29
 148.880394      1.145  37.351149    12.3809     8.6360      1.135    32.0986    24.2652 -9.990e-29
 148.880399      1.140  37.341267    12.3784     8.6048      1.130    32.0913    24.2600 -9.990e-29
 148.880405      1.141  37.325031    12.3730     8.5344      1.131    32.0804    24.2526 -9.990e-29
 148.880411      1.142  37.319116    12.3730     8.4728      1.132    32.0747    24.2482 -9.990e-29
 148.880417      1.141  37.324812    12.3793     8.4233      1.131    32.0748    24.2470 -9.990e-29
 148.880422      1.140  37.330303    12.3826     8.3693      1.130    32.0772    24.2483 -9.990e-29
 148.880428      1.144  37.330227    12.3767     8.3534      1.134    32.0822    24.2533 -9.990e-29
 148.880434      1.150  37.330859    12.3679     8.3381      1.140    32.0903    24.2612 -9.990e-29
 148.880440      1.153  37.336615    12.3640     8.3317      1.143    32.0991    24.2688 -9.990e-29
 148.880446      1.153  37.339682    12.3643     8.3263      1.143    32.1018    24.2708 -9.990e-29
 148.880451      1.151  37.335945    12.3646     8.3007      1.141    32.0980    24.2678 -9.990e-29
 148.880457      1.150  37.331842    12.3638     8.2850      1.140    32.0948    24.2655 -9.990e-29
 148.880463      1.155  37.329397    12.3632     8.2763      1.145    32.0929    24.2642 -9.990e-29
 148.880469      1.162  37.327802    12.3644     8.2852      1.152    32.0904    24.2619 -9.990e-29
 148.880475      1.167  37.328502    12.3698     8.2837      1.157    32.0864    24.2579 -9.990e-29
 148.880480      1.170  37.330393    12.3800     8.2754      1.160    32.0795    24.2506 -9.990e-29
 148.880486      1.172  37.331722    12.3906     8.2542      1.162    32.0717    24.2425 -9.990e-29
 148.880492      1.173  37.332791    12.3979     8.2606      1.163    32.0665    24.2371 -9.990e-29
 148.880498      1.173  37.332992    12.4039     8.2682      1.163    32.0616    24.2321 -9.990e-29
 148.880503      1.171  37.332245    12.4106     8.2855      1.161    32.0551    24.2259 -9.990e-29
 148.880509      1.168  37.332565    12.4155     8.2806      1.158    32.0512    24.2219 -9.990e-29
 148.880515      1.163  37.334589    12.4166     8.2674      1.153    32.0522    24.2225 -9.990e-29
 148.880521      1.160  37.336740    12.4166     8.2628      1.150    32.0543    24.2241 -9.990e-29
 148.880527      1.164  37.337613    12.4178     8.2657      1.154    32.0541    24.2237 -9.990e-29
 148.880532      1.170  37.337457    12.4181     8.2673      1.160    32.0537    24.2234 -9.990e-29
 148.880538      1.175  37.339636    12.4150     8.2748      1.165    32.0584    24.2276 -9.990e-29
 148.880544      1.179  37.345584    12.4080     8.2753      1.169    32.0701    24.2380 -9.990e-29
 148.880550      1.182  37.350549    12.4010     8.2849      1.172    32.0808    24.2476 -9.990e-29
 148.880556      1.185  37.352391    12.3989     8.2832      1.175    32.0844    24.2508 -9.990e-29
 148.880561      1.186  37.352653    12.4014     8.2914      1.176    32.0825    24.2488 -9.990e-29
