data/oxygen options/OCNMS/OCNMS1/raw_data/2015/CAST_MB015_150827faed.cnv
* Sea-Bird SBE19 Data File:
* FileName = C:\2015 Mooring Data\Casts\CAST_MB015_150827.hex
* Software Version 1.59
* Temperature SN = 2997
* Conductivity SN = 2997
* System UpLoad Time = Aug 27 2015 20:28:24
** CAST_MB015_150827
* ds
# nquan = 9                                 
# nvalues = 814                         
# units = specified
# name 0 = timeJ: Julian Days
# name 1 = prSM: Pressure, Strain Gauge [db]
# name 2 = c0mS/cm: Conductivity [mS/cm]
# name 3 = t090C: Temperature [ITS-90, deg C]
# name 4 = sbeox0ML/L: Oxygen, SBE 43 [ml/l]
# name 5 = depSM: Depth [salt water, m], lat = 47.5
# name 6 = sal00: Salinity, Practical [PSU]
# name 7 = sigma-é00: Density [sigma-theta, kg/m^3]
# name 8 = flag: flag
# span 0 = 239.823715, 239.828420       
# span 1 =     -0.944,     16.349       
# span 2 =   0.563951,  39.982053       
# span 3 =    10.1451,    16.4394       
# span 4 =    -1.7309,     9.8499       
# span 5 =     -0.936,     16.212       
# span 6 =     0.3338,    33.2985       
# span 7 =    -0.8448,    25.2927       
# span 8 = 0.0000e+00, 0.0000e+00       
# interval = seconds: 0.5
# start_time = Aug 27 2015 19:46:09 [Instrument's time stamp, header]
# bad_flag = -9.990e-29
*END*
[from data line 641]
 239.827425      4.424  38.708375    13.2414     5.6963      4.387    32.6460    24.5222 0.0000e+00
 239.827431      4.665  38.682409    13.2154     5.5572      4.626    32.6439    24.5257 0.0000e+00
 239.827436      4.908  38.654552    13.1877     5.4343      4.867    32.6414    24.5293 0.0000e+00
 239.827442      5.157  38.625708    13.1526     5.3490      5.114    32.6443    24.5385 0.0000e+00
 239.827448      5.409  38.589294    13.1038     5.3048      5.364    32.6519    24.5540 0.0000e+00
 239.827454      5.669  38.541532    13.0330     5.2946      5.622    32.6677    24.5802 0.0000e+00
 239.827459      5.935  38.465754    12.9292     5.2923      5.885    32.6855    24.6144 0.0000e+00
 239.827465      6.199  38.362314    12.8104     5.2821      6.147    32.6901    24.6412 0.0000e+00
 239.827471      6.464  38.277089    12.7175     5.2693      6.410    32.6895    24.6588 0.0000e+00
 239.827477      6.739  38.230900    12.6638     5.2442      6.683    32.6920    24.6711 0.0000e+00
 239.827483      7.021  38.204670    12.6331     5.2173      6.962    32.6936    24.6782 0.0000e+00
 239.827488      7.305  38.186879    12.6087     5.1759      7.244    32.6977    24.6861 0.0000e+00
 239.827494      7.588  38.169418    12.5816     5.1424      7.525    32.7045    24.6966 0.0000e+00
 239.827500      7.867  38.144627    12.5491     5.0892      7.801    32.7090    24.7063 0.0000e+00
 239.827506      8.142  38.113571    12.5108     5.0258      8.074    32.7125    24.7164 0.0000e+00
 239.827512      8.414  38.073444    12.4638     4.9548      8.344    32.7149    24.7273 0.0000e+00
 239.827517      8.683  38.013828    12.4057     4.8805      8.610    32.7084    24.7334 0.0000e+00
 239.827523      8.950  37.941486    12.3348     4.8390      8.875    32.7007    24.7409 0.0000e+00
 239.827529      9.217  37.868631    12.2436     4.8139      9.140    32.7103    24.7656 0.0000e+00
 239.827535      9.494  37.793337    12.1284     4.8142      9.415    32.7384    24.8092 0.0000e+00
 239.827541      9.781  37.709302    11.9915     4.8218      9.699    32.7773    24.8650 0.0000e+00
 239.827546     10.070  37.600807    11.8388     4.8000      9.986    32.8065    24.9161 0.0000e+00
 239.827552     10.355  37.467720    11.6940     4.7244     10.268    32.8048    24.9415 0.0000e+00
 239.827558     10.632  37.343810    11.5745     4.6334     10.543    32.7894    24.9515 0.0000e+00
 239.827564     10.906  37.248732    11.4681     4.5446     10.815    32.7906    24.9717 0.0000e+00
 239.827569     11.181  37.158750    11.3556     4.4962     11.087    32.8021    25.0010 0.0000e+00
 239.827575     11.458  37.055245    11.2270     4.4801     11.362    32.8145    25.0339 0.0000e+00
 239.827581     11.737  36.935197    11.0842     4.4838     11.639    32.8233    25.0662 0.0000e+00
 239.827587     12.015  36.796505    10.9413     4.4812     11.914    32.8136    25.0839 0.0000e+00
 239.827593     12.287  36.674968    10.8155     4.4775     12.184    32.8054    25.0996 0.0000e+00
 239.827598     12.559  36.605153    10.7220     4.4593     12.454    32.8196    25.1270 0.0000e+00
 239.827604     12.835  36.572896    10.6666     4.4361     12.727    32.8371    25.1502 0.0000e+00
 239.827610     13.115  36.558073    10.6405     4.4006     13.005    32.8456    25.1614 0.0000e+00
 239.827616     13.396  36.552601    10.6295     4.3607     13.284    32.8499    25.1667 0.0000e+00
 239.827622     13.670  36.549103    10.6237     4.3184     13.555    32.8515    25.1690 0.0000e+00
 239.827627     13.932  36.544525    10.6172     4.2675     13.815    32.8527    25.1710 0.0000e+00
 239.827633     14.183  36.538295    10.6051     4.2124     14.064    32.8573    25.1767 0.0000e+00
 239.827639     14.426  36.525956    10.5843     4.1726     14.305    32.8636    25.1852 0.0000e+00
 239.827645     14.667  36.503876    10.5578     4.1529     14.544    32.8652    25.1910 0.0000e+00
 239.827650     14.904  36.475606    10.5284     4.1656     14.779    32.8633    25.1946 0.0000e+00
 239.827656     15.128  36.444290    10.4911     4.1894     15.001    32.8655    25.2027 0.0000e+00
 239.827662     15.335  36.401720    10.4355     4.2156     15.206    32.8729    25.2180 0.0000e+00
 239.827668     15.530  36.342058    10.3599     4.2326     15.400    32.8812    25.2374 0.0000e+00
 239.827674     15.716  36.282069    10.2806     4.2295     15.584    32.8925    25.2598 0.0000e+00
 239.827679     15.893  36.231350    10.2135     4.2326     15.760    32.9021    25.2786 0.0000e+00
 239.827685     16.050  36.186075    10.1668     4.2318     15.915    32.8987    25.2838 0.0000e+00
 239.827691     16.176  36.158643    10.1455     4.2319     16.040    32.8903    25.2808 -9.990e-29
 239.827697     16.267  36.157224    10.1451     4.2320     16.131    32.8892    25.2800 -9.990e-29
 239.827703     16.323  36.170323    10.1553     4.2199     16.186    32.8931    25.2814 -9.990e-29
 239.827708     16.349  36.182270    10.1689     4.2213     16.212    32.8929    25.2789 -9.990e-29
 239.827714     16.346  36.185393    10.1840     4.2117     16.209    32.8823    25.2681 -9.990e-29
 239.827720     16.313  36.187151    10.2065     4.2134     16.176    32.8637    25.2498 -9.990e-29
 239.827726     16.254  36.201027    10.2371     4.2029     16.118    32.8500    25.2339 -9.990e-29
 239.827731     16.172  36.221920    10.2606     4.2030     16.036    32.8498    25.2298 -9.990e-29
 239.827737     16.071  36.236154    10.2643     4.2175     15.936    32.8609    25.2378 -9.990e-29
 239.827743     15.958  36.237426    10.2500     4.2158     15.824    32.8751    25.2514 -9.990e-29
 239.827749     15.838  36.222326    10.2281     4.2156     15.705    32.8798    25.2587 -9.990e-29
 239.827755     15.711  36.205398    10.2112     4.2302     15.579    32.8781    25.2602 0.0000e+00
 239.827760     15.580  36.203225    10.2038     4.2410     15.449    32.8827    25.2651 0.0000e+00
 239.827766     15.443  36.211716    10.2036     4.2627     15.314    32.8915    25.2720 0.0000e+00
 239.827772     15.305  36.225872    10.2089     4.2871     15.177    32.9010    25.2785 0.0000e+00
 239.827778     15.170  36.248246    10.2207     4.2964     15.043    32.9130    25.2858 0.0000e+00
 239.827784     15.038  36.282263    10.2434     4.3118     14.912    32.9268    25.2927 0.0000e+00
 239.827789     14.909  36.316610    10.2848     4.3450     14.784    32.9239    25.2835 0.0000e+00
 239.827795     14.780  36.340415    10.3438     4.3762     14.656    32.8945    25.2505 0.0000e+00
 239.827801     14.645  36.363495    10.3985     4.4138     14.522    32.8682    25.2207 0.0000e+00
 239.827807     14.510  36.384056    10.4275     4.4407     14.388    32.8628    25.2115 0.0000e+00
 239.827812     14.379  36.397514    10.4345     4.4719     14.258    32.8700    25.2159 0.0000e+00
 239.827818     14.247  36.418392    10.4398     4.4948     14.128    32.8862    25.2277 0.0000e+00
 239.827824     14.107  36.448685    10.4587     4.5201     13.989    32.8996    25.2349 0.0000e+00
 239.827830     13.954  36.470425    10.4934     4.5341     13.837    32.8902    25.2215 0.0000e+00
 239.827836     13.790  36.482268    10.5330     4.5368     13.674    32.8663    25.1962 0.0000e+00
 239.827841     13.623  36.493773    10.5636     4.5170     13.509    32.8504    25.1784 0.0000e+00
 239.827847     13.459  36.505647    10.5827     4.5226     13.346    32.8451    25.1710 0.0000e+00
 239.827853     13.300  36.517410    10.5939     4.5287     13.189    32.8468    25.1705 0.0000e+00
 239.827859     13.145  36.526187    10.6001     4.5276     13.035    32.8501    25.1719 0.0000e+00
 239.827865     12.993  36.530723    10.6037     4.5302     12.884    32.8515    25.1724 0.0000e+00
 239.827870     12.841  36.533637    10.6064     4.5156     12.733    32.8520    25.1723 0.0000e+00
 239.827876     12.695  36.535942    10.6088     4.5098     12.589    32.8522    25.1721 0.0000e+00
 239.827882     12.557  36.536721    10.6107     4.5417     12.452    32.8514    25.1710 0.0000e+00
 239.827888     12.422  36.536943    10.6121     4.5579     12.318    32.8504    25.1700 0.0000e+00
 239.827894     12.282  36.538518    10.6139     4.5902     12.179    32.8504    25.1697 0.0000e+00
 239.827899     12.133  36.541796    10.6171     4.6315     12.031    32.8508    25.1695 0.0000e+00
 239.827905     11.978  36.548834    10.6234     4.6638     11.878    32.8523    25.1696 0.0000e+00
 239.827911     11.824  36.562610    10.6382     4.6957     11.725    32.8528    25.1674 0.0000e+00
 239.827917     11.679  36.584086    10.6686     4.7170     11.581    32.8470    25.1576 0.0000e+00
 239.827922     11.545  36.618710    10.7139     4.7497     11.448    32.8408    25.1449 0.0000e+00
 239.827928     11.419  36.667795    10.7601     4.7804     11.323    32.8483    25.1427 0.0000e+00
 239.827934     11.289  36.710286    10.7989     4.8089     11.194    32.8558    25.1418 0.0000e+00
 239.827940     11.146  36.733348    10.8408     4.8572     11.053    32.8412    25.1231 0.0000e+00
 239.827946     10.993  36.751485    10.8887     4.8784     10.901    32.8164    25.0953 0.0000e+00
 239.827951     10.836  36.771508    10.9352     4.8787     10.745    32.7947    25.0703 0.0000e+00
 239.827957     10.675  36.801066    10.9897     4.8621     10.586    32.7754    25.0456 0.0000e+00
 239.827963     10.513  36.848192    11.0707     4.8454     10.425    32.7498    25.0114 0.0000e+00
 239.827969     10.349  36.910153    11.1678     4.8580     10.262    32.7246    24.9745 0.0000e+00
 239.827975     10.186  36.981010    11.2484     4.8842     10.101    32.7229    24.9588 0.0000e+00
 239.827980     10.029  37.058850    11.3149     4.9236      9.945    32.7405    24.9605 0.0000e+00
 239.827986      9.883  37.166768    11.3876     4.9646      9.800    32.7821    24.9797 0.0000e+00
 239.827992      9.741  37.274902    11.4557     4.9909      9.659    32.8277    25.0028 0.0000e+00
 239.827998      9.594  37.317240    11.5137     5.0159      9.514    32.8178    24.9846 0.0000e+00
 239.828003      9.439  37.331189    11.5758     5.0247      9.360    32.7765    24.9411 0.0000e+00
 239.828009      9.277  37.369552    11.6336     5.0237      9.199    32.7629    24.9200 0.0000e+00
 239.828015      9.116  37.413420    11.6661     5.0144      9.040    32.7770    24.9250 0.0000e+00
 239.828021      8.962  37.446181    11.6764     5.0169      8.887    32.7999    24.9409 0.0000e+00
 239.828027      8.819  37.474532    11.6858     5.0362      8.745    32.8193    24.9542 0.0000e+00
 239.828032      8.682  37.506571    11.7005     5.0656      8.609    32.8376    24.9657 0.0000e+00
 239.828038      8.545  37.528958    11.7111     5.1145      8.474    32.8501    24.9735 0.0000e+00
 239.828044      8.410  37.548002    11.7217     5.1544      8.340    32.8593    24.9787 0.0000e+00
 239.828050      8.276  37.591901    11.7440     5.1930      8.207    32.8824    24.9925 0.0000e+00
 239.828056      8.142  37.641269    11.7845     5.2392      8.074    32.8946    24.9945 0.0000e+00
 239.828061      8.006  37.666072    11.8585     5.2755      7.939    32.8533    24.9488 0.0000e+00
 239.828067      7.862  37.697702    11.9776     5.3029      7.796    32.7791    24.8690 0.0000e+00
 239.828073      7.710  37.760958    12.1168     5.3257      7.646    32.7181    24.7956 0.0000e+00
 239.828079      7.554  37.816299    12.2354     5.3275      7.491    32.6678    24.7342 0.0000e+00
 239.828084      7.399  37.851205    12.3141     5.3316      7.337    32.6328    24.6921 0.0000e+00
 239.828090      7.249  37.897108    12.3664     5.3460      7.188    32.6313    24.6811 0.0000e+00
 239.828096      7.104  37.965342    12.4167     5.3682      7.045    32.6530    24.6883 0.0000e+00
 239.828102      6.963  38.034772    12.4608     5.3897      6.905    32.6811    24.7017 0.0000e+00
 239.828108      6.824  38.080246    12.4856     5.4207      6.767    32.7031    24.7140 0.0000e+00
 239.828113      6.684  38.095126    12.4987     5.4611      6.628    32.7060    24.7137 0.0000e+00
 239.828119      6.539  38.092536    12.5167     5.5112      6.484    32.6879    24.6962 0.0000e+00
 239.828125      6.390  38.097056    12.5457     5.5739      6.337    32.6671    24.6745 0.0000e+00
 239.828131      6.243  38.116398    12.5806     5.6408      6.191    32.6553    24.6587 0.0000e+00
 239.828137      6.096  38.151687    12.6148     5.6737      6.045    32.6593    24.6552 0.0000e+00
 239.828142      5.952  38.198401    12.6454     5.6752      5.902    32.6774    24.6633 0.0000e+00
 239.828148      5.816  38.239220    12.6816     5.6662      5.767    32.6849    24.6621 0.0000e+00
 239.828154      5.683  38.282040    12.7305     5.6704      5.635    32.6833    24.6514 0.0000e+00
 239.828160      5.549  38.334060    12.7779     5.6817      5.503    32.6917    24.6487 0.0000e+00
 239.828166      5.414  38.379984    12.8142     5.7106      5.369    32.7039    24.6511 0.0000e+00
 239.828171      5.277  38.416018    12.8450     5.7362      5.233    32.7115    24.6510 0.0000e+00
 239.828177      5.139  38.436951    12.8629     5.7525      5.096    32.7159    24.6509 0.0000e+00
 239.828183      5.000  38.425843    12.8688     5.7595      4.958    32.7003    24.6377 0.0000e+00
 239.828189      4.858  38.400971    12.8911     5.7493      4.817    32.6576    24.6002 0.0000e+00
 239.828194      4.715  38.404870    12.9385     5.7417      4.676    32.6204    24.5621 0.0000e+00
 239.828200      4.572  38.433764    12.9883     5.7292      4.534    32.6049    24.5404 0.0000e+00
 239.828206      4.435  38.462266    13.0204     5.6942      4.398    32.6042    24.5335 0.0000e+00
 239.828212      4.304  38.494748    13.0364     5.6637      4.268    32.6212    24.5435 0.0000e+00
 239.828218      4.177  38.540888    13.0501     5.6607      4.142    32.6530    24.5654 0.0000e+00
 239.828223      4.051  38.581473    13.0642     5.6610      4.017    32.6792    24.5829 0.0000e+00
 239.828229      3.924  38.592120    13.0707     5.6744      3.891    32.6836    24.5851 0.0000e+00
 239.828235      3.795  38.585905    13.0711     5.6724      3.763    32.6775    24.5803 0.0000e+00
 239.828241      3.664  38.590991    13.0747     5.6487      3.633    32.6792    24.5809 0.0000e+00
 239.828247      3.536  38.603508    13.0846     5.6330      3.506    32.6826    24.5815 -9.990e-29
 239.828252      3.412  38.603700    13.0995     5.6081      3.383    32.6700    24.5688 -9.990e-29
 239.828258      3.283  38.597430    13.1153     5.6256      3.256    32.6505    24.5506 0.0000e+00
 239.828264      3.150  38.601573    13.1296     5.6157      3.124    32.6421    24.5413 0.0000e+00
 239.828270      3.018  38.618292    13.1470     5.6054      2.993    32.6430    24.5385 0.0000e+00
 239.828275      2.882  38.636240    13.1710     5.6110      2.858    32.6393    24.5309 0.0000e+00
 239.828281      2.738  38.645707    13.1954     5.6221      2.715    32.6273    24.5168 0.0000e+00
 239.828287      2.590  38.658196    13.2163     5.6282      2.568    32.6212    24.5079 0.0000e+00
 239.828293      2.445  38.687561    13.2347     5.6694      2.425    32.6330    24.5134 0.0000e+00
 239.828299      2.306  38.723620    13.2499     5.6818      2.287    32.6539    24.5266 0.0000e+00
 239.828304      2.175  38.748292    13.2714     5.6521      2.157    32.6587    24.5260 0.0000e+00
 239.828310      2.050  38.760833    13.3116     5.5676      2.033    32.6360    24.5004 -9.990e-29
 239.828316      1.932  38.780769    13.3586     5.4668      1.916    32.6144    24.4744 -9.990e-29
 239.828322      1.823  38.834684    13.3928     5.4030      1.808    32.6357    24.4839 -9.990e-29
 239.828328      1.719  38.925506    13.4198     6.0863      1.705    32.6976    24.5264 -9.990e-29
 239.828333      1.619  39.020696    13.4697     6.2908      1.605    32.7439    24.5522 -9.990e-29
 239.828339      1.525  39.091292    13.5481     6.3692      1.512    32.7426    24.5354 -9.990e-29
