data/oxygen options/OCNMS/OCNMS1/raw_data/2015/CAST_CA042_150928faed.cnv
* Sea-Bird SBE19 Data File:
* FileName = C:\2015 Mooring Data\Casts\CAST_CA042_150928.hex
* Software Version 1.59
* Temperature SN = 2997
* Conductivity SN = 2997
* System UpLoad Time = Sep 28 2015 22:01:37
** CAST_CA042_150928
* ds
# nquan = 9                                 
# nvalues = 1236                        
# units = specified
# name 0 = timeJ: Julian Days
# name 1 = prSM: Pressure, Strain Gauge [db]
# name 2 = c0mS/cm: Conductivity [mS/cm]
# name 3 = t090C: Temperature [ITS-90, deg C]
# name 4 = sbeox0ML/L: Oxygen, SBE 43 [ml/l]
# name 5 = depSM: Depth [salt water, m], lat = 47.5
# name 6 = sal00: Salinity, Practical [PSU]
# name 7 = sigma-é00: Density [sigma-theta, kg/m^3]
# name 8 = flag: flag
# span 0 = 271.895301, 271.902448       
# span 1 =     -4.965,     44.862       
# span 2 =   0.535996,  39.616637       
# span 3 =     7.9844,    15.8524       
# span 4 =    -1.7554,    11.5424       
# span 5 =     -4.924,     44.483       
# span 6 =     0.3196,    33.4204       
# span 7 =    -0.7718,    26.0360       
# span 8 = 0.0000e+00, 0.0000e+00       
# interval = seconds: 0.5
# start_time = Sep 28 2015 21:29:14 [Instrument's time stamp, header]
# bad_flag = -9.990e-29
*END*
[from data line 1121]
 271.901788     14.170  36.881132    11.4730     4.9729     14.051    32.4250    24.6869 0.0000e+00
 271.901794     13.981  36.889315    11.4970     4.9615     13.864    32.4121    24.6724 0.0000e+00
 271.901800     13.798  36.900057    11.5137     4.9723     13.682    32.4080    24.6663 0.0000e+00
 271.901806     13.628  36.914839    11.5259     4.9827     13.514    32.4119    24.6670 0.0000e+00
 271.901811     13.479  36.929875    11.5349     4.9852     13.366    32.4187    24.6707 0.0000e+00
 271.901817     13.349  36.941160    11.5426     5.0007     13.237    32.4231    24.6727 -9.990e-29
 271.901823     13.230  36.948649    11.5511     5.0059     13.119    32.4230    24.6711 -9.990e-29
 271.901829     13.115  36.952282    11.5592     5.0136     13.005    32.4195    24.6669 -9.990e-29
 271.901834     12.993  36.951339    11.5669     5.0260     12.884    32.4119    24.6596 -9.990e-29
 271.901840     12.854  36.950770    11.5756     5.0247     12.746    32.4038    24.6517 0.0000e+00
 271.901846     12.704  36.954900    11.5848     5.0359     12.598    32.3998    24.6469 0.0000e+00
 271.901852     12.550  36.961991    11.5934     5.0430     12.445    32.3993    24.6450 0.0000e+00
 271.901858     12.399  36.970893    11.6011     5.0424     12.295    32.4013    24.6451 0.0000e+00
 271.901863     12.254  36.978388    11.6075     5.0419     12.151    32.4030    24.6453 0.0000e+00
 271.901869     12.115  36.982740    11.6131     5.0495     12.014    32.4025    24.6438 0.0000e+00
 271.901875     11.982  36.986433    11.6189     5.0575     11.882    32.4010    24.6417 0.0000e+00
 271.901881     11.855  36.989387    11.6266     5.0680     11.756    32.3972    24.6373 -9.990e-29
 271.901887     11.737  36.993903    11.6377     5.0822     11.639    32.3920    24.6312 -9.990e-29
 271.901892     11.631  37.003799    11.6502     5.0882     11.534    32.3908    24.6280 -9.990e-29
 271.901898     11.526  37.014941    11.6602     5.1073     11.429    32.3929    24.6278 -9.990e-29
 271.901904     11.405  37.020367    11.6667     5.1030     11.310    32.3926    24.6264 -9.990e-29
 271.901910     11.258  37.020630    11.6729     5.0931     11.164    32.3875    24.6213 0.0000e+00
 271.901916     11.084  37.021166    11.6816     5.0888     10.991    32.3805    24.6142 0.0000e+00
 271.901921     10.892  37.025534    11.6919     5.0671     10.801    32.3758    24.6087 0.0000e+00
 271.901927     10.705  37.033994    11.7018     5.0615     10.615    32.3755    24.6067 0.0000e+00
 271.901933     10.549  37.044418    11.7091     5.0616     10.461    32.3793    24.6083 -9.990e-29
 271.901939     10.428  37.052257    11.7125     5.0809     10.341    32.3840    24.6113 -9.990e-29
 271.901944     10.320  37.055675    11.7138     5.1046     10.234    32.3863    24.6128 -9.990e-29
 271.901950     10.211  37.057588    11.7151     5.1289     10.126    32.3870    24.6132 -9.990e-29
 271.901956     10.093  37.059467    11.7175     5.1671     10.009    32.3868    24.6126 -9.990e-29
 271.901962      9.963  37.062176    11.7212     5.2277      9.880    32.3863    24.6115 0.0000e+00
 271.901968      9.822  37.066005    11.7276     5.3002      9.740    32.3845    24.6089 0.0000e+00
 271.901973      9.669  37.071055    11.7386     5.3618      9.588    32.3799    24.6033 0.0000e+00
 271.901979      9.507  37.081857    11.7571     5.4222      9.427    32.3743    24.5956 0.0000e+00
 271.901985      9.343  37.108934    11.7898     5.4556      9.265    32.3722    24.5879 0.0000e+00
 271.901991      9.184  37.159850    11.8461     5.4810      9.107    32.3726    24.5779 0.0000e+00
 271.901997      9.037  37.224074    11.9257     5.5183      8.961    32.3656    24.5577 0.0000e+00
 271.902002      8.905  37.282481    12.0102     5.5202      8.830    32.3488    24.5290 -9.990e-29
 271.902008      8.784  37.327807    12.0846     5.5239      8.711    32.3281    24.4990 -9.990e-29
 271.902014      8.671  37.368419    12.1441     5.5342      8.598    32.3158    24.4784 -9.990e-29
 271.902020      8.562  37.403038    12.1870     5.5551      8.490    32.3120    24.4674 -9.990e-29
 271.902025      8.452  37.424071    12.2200     5.5926      8.381    32.3038    24.4548 -9.990e-29
 271.902031      8.341  37.439435    12.2499     5.6592      8.271    32.2928    24.4406 -9.990e-29
 271.902037      8.235  37.455650    12.2780     5.7103      8.166    32.2842    24.4287 -9.990e-29
 271.902043      8.131  37.474766    12.3034     5.7599      8.063    32.2806    24.4211 -9.990e-29
 271.902049      8.024  37.491490    12.3304     5.8072      7.957    32.2735    24.4105 -9.990e-29
 271.902054      7.910  37.499581    12.3614     5.8317      7.844    32.2546    24.3900 -9.990e-29
 271.902060      7.796  37.513235    12.3977     5.8764      7.731    32.2365    24.3691 -9.990e-29
 271.902066      7.686  37.548459    12.4466     5.9085      7.622    32.2282    24.3534 -9.990e-29
 271.902072      7.579  37.588369    12.5070     5.9167      7.516    32.2145    24.3313 -9.990e-29
 271.902078      7.466  37.613363    12.5731     5.9315      7.404    32.1818    24.2933 -9.990e-29
 271.902083      7.338  37.634956    12.6376     5.9365      7.277    32.1473    24.2542 0.0000e+00
 271.902089      7.194  37.666294    12.6960     5.9386      7.134    32.1273    24.2275 0.0000e+00
 271.902095      7.059  37.707739    12.7466     5.9507      7.000    32.1236    24.2149 -9.990e-29
 271.902101      6.950  37.747905    12.7814     5.9442      6.892    32.1321    24.2147 -9.990e-29
 271.902106      6.861  37.771458    12.7977     5.9399      6.804    32.1406    24.2181 -9.990e-29
 271.902112      6.772  37.778462    12.8057     5.9426      6.715    32.1404    24.2165 -9.990e-29
 271.902118      6.671  37.781665    12.8158     5.9511      6.615    32.1349    24.2102 -9.990e-29
 271.902124      6.558  37.789303    12.8295     5.9763      6.503    32.1305    24.2042 -9.990e-29
 271.902130      6.444  37.807118    12.8473     5.9995      6.390    32.1323    24.2021 -9.990e-29
 271.902135      6.335  37.834244    12.8701     6.0185      6.282    32.1386    24.2025 -9.990e-29
 271.902141      6.223  37.854204    12.8954     6.0448      6.171    32.1360    24.1956 -9.990e-29
 271.902147      6.097  37.861706    12.9252     6.0640      6.046    32.1179    24.1758 0.0000e+00
 271.902153      5.958  37.870721    12.9632     6.0882      5.908    32.0942    24.1500 0.0000e+00
 271.902159      5.813  37.892192    13.0059     6.1178      5.764    32.0783    24.1294 0.0000e+00
 271.902164      5.672  37.934616    13.0467     6.1449      5.625    32.0838    24.1257 0.0000e+00
 271.902170      5.536  37.996312    13.0811     6.1616      5.490    32.1128    24.1414 0.0000e+00
 271.902176      5.408  38.045244    13.1091     6.1960      5.363    32.1352    24.1532 -9.990e-29
 271.902182      5.287  38.065987    13.1358     6.2203      5.243    32.1321    24.1455 -9.990e-29
 271.902188      5.173  38.084005    13.1640     6.2250      5.130    32.1252    24.1347 -9.990e-29
 271.902193      5.068  38.107111    13.1904     6.2275      5.026    32.1246    24.1290 -9.990e-29
 271.902199      4.970  38.125799    13.2112     6.2298      4.928    32.1246    24.1249 -9.990e-29
 271.902205      4.869  38.147656    13.2320     6.2461      4.828    32.1276    24.1231 -9.990e-29
 271.902211      4.757  38.183934    13.2625     6.2735      4.717    32.1358    24.1234 -9.990e-29
 271.902216      4.640  38.227554    13.3017     6.3052      4.601    32.1436    24.1217 -9.990e-29
 271.902222      4.525  38.260482    13.3374     6.3324      4.487    32.1443    24.1151 -9.990e-29
 271.902228      4.408  38.276780    13.3666     6.3631      4.371    32.1350    24.1021 -9.990e-29
 271.902234      4.281  38.284775    13.4065     6.3855      4.245    32.1089    24.0740 0.0000e+00
 271.902240      4.140  38.296296    13.4642     6.3987      4.105    32.0711    24.0333 0.0000e+00
 271.902245      3.991  38.319463    13.5247     6.4009      3.958    32.0420    23.9986 0.0000e+00
 271.902251      3.844  38.366151    13.5740     6.3822      3.812    32.0441    23.9904 0.0000e+00
 271.902257      3.711  38.429718    13.6086     6.3639      3.680    32.0743    24.0067 -9.990e-29
 271.902263      3.593  38.483418    13.6311     6.3605      3.563    32.1053    24.0262 -9.990e-29
 271.902269      3.478  38.526590    13.6499     6.3494      3.449    32.1297    24.0412 -9.990e-29
 271.902274      3.358  38.566758    13.6785     6.3177      3.330    32.1430    24.0457 -9.990e-29
 271.902280      3.239  38.605937    13.7284     6.2934      3.212    32.1375    24.0314 -9.990e-29
 271.902286      3.126  38.655271    13.7891     6.2639      3.100    32.1324    24.0151 -9.990e-29
 271.902292      3.016  38.705986    13.8449     6.2465      2.991    32.1326    24.0039 -9.990e-29
 271.902297      2.903  38.744799    13.9014     6.2483      2.879    32.1212    23.9836 -9.990e-29
 271.902303      2.782  38.778621    13.9552     6.2203      2.759    32.1075    23.9621 -9.990e-29
 271.902309      2.660  38.817239    13.9999     6.2008      2.638    32.1059    23.9516 -9.990e-29
 271.902315      2.542  38.867867    14.0425     6.2035      2.521    32.1170    23.9515 -9.990e-29
 271.902321      2.423  38.909441    14.0845     6.2034      2.403    32.1203    23.9453 -9.990e-29
 271.902326      2.302  38.930124    14.1222     6.1561      2.283    32.1079    23.9280 -9.990e-29
 271.902332      2.178  38.947969    14.1533     6.0373      2.160    32.0984    23.9143 -9.990e-29
 271.902338      2.053  38.966594    14.1765     5.9053      2.036    32.0963    23.9078 -9.990e-29
 271.902344      1.931  38.985613    14.1913     5.8162      1.915    32.1015    23.9088 -9.990e-29
 271.902350      1.817  38.998993    14.1994     6.7477      1.802    32.1070    23.9114 -9.990e-29
 271.902355      1.709  38.999349    14.2058     6.8444      1.695    32.1021    23.9062 -9.990e-29
 271.902361      1.603  38.997813    14.2120     6.7055      1.590    32.0956    23.8999 -9.990e-29
 271.902367      1.503  38.996261    14.2102     6.4691      1.490    32.0957    23.9004 -9.990e-29
 271.902373      1.409  38.979731    14.1921     6.2252      1.397    32.0956    23.9041 -9.990e-29
 271.902378      1.325  38.937398    14.1581     6.1032      1.314    32.0851    23.9030 -9.990e-29
 271.902384      1.253  38.839172    14.1147     6.0338      1.243    32.0310    23.8702 -9.990e-29
 271.902390      1.194  38.578189    14.0699     6.0353      1.184    31.8284    23.7231 -9.990e-29
 271.902396      1.143  37.830572    14.0266 -9.990e-29      1.133    31.1777    23.2298 -9.990e-29
 271.902402      1.102  35.620794    13.9855 -9.990e-29      1.093    29.1921    21.7067 -9.990e-29
 271.902407      1.073  29.022101    13.9479 -9.990e-29      1.064    23.2992    17.1757 -9.990e-29
 271.902413      1.053  18.616572    13.9131 -9.990e-29      1.044    14.3423    10.2985 -9.990e-29
 271.902419      1.037  10.682969    13.8805 -9.990e-29      1.028     7.8633     5.3272 -9.990e-29
 271.902425      1.019   7.220046    13.8512 -9.990e-29      1.010     5.1637     3.2554 -9.990e-29
 271.902431      1.004   5.893093    13.8270 -9.990e-29      0.996     4.1573     2.4840 -9.990e-29
 271.902436      0.993   5.406003    13.8079 -9.990e-29      0.985     3.7931     2.2061 -9.990e-29
 271.902442      0.987   5.223826    13.7995 -9.990e-29      0.979     3.6576     2.1029 -9.990e-29
 271.902448      0.985   5.243733 -9.990e-29 -9.990e-29      0.977 -9.990e-29 -9.990e-29 -9.990e-29
