data/oxygen options/OCNMS/OCNMS1/raw_data/2015/CAST_MB042_150722faed.cnv
* Sea-Bird SBE 19 Data File:
* FileName = C:\2015 Mooring Data\Casts\CAST_MB042_150722.hex
* Software Version SeatermAF 2.1.2
* Temperature SN = 2997
* Conductivity SN = 2997
* System UpLoad Time = Jul 22 2015 18:41:46 (localtime) = Jul 22 2015 18:41:46 (UTC)
** CAST_MB042_150722
* ds
# nquan = 9                                 
# nvalues = 4394                        
# units = specified
# name 0 = timeJ: Julian Days
# name 1 = prSM: Pressure, Strain Gauge [db]
# name 2 = c0mS/cm: Conductivity [mS/cm]
# name 3 = t090C: Temperature [ITS-90, deg C]
# name 4 = sbeox0ML/L: Oxygen, SBE 43 [ml/l]
# name 5 = depSM: Depth [salt water, m], lat = 47.5
# name 6 = sal00: Salinity, Practical [PSU]
# name 7 = sigma-é00: Density [sigma-theta, kg/m^3]
# name 8 = flag: flag
# span 0 = 203.750972, 203.776395       
# span 1 =     -4.948,     42.239       
# span 2 =   0.018002,  39.424411       
# span 3 =     8.1659,    15.8627       
# span 4 =    -9.4299,    14.1056       
# span 5 =     -4.907,     41.882       
# span 6 =     0.0154,    33.4271       
# span 7 =    -1.0185,    26.0042       
# span 8 = 0.0000e+00, 0.0000e+00       
# interval = seconds: 0.5
# start_time = Jul 22 2015 18:01:24 [Instrument's time stamp, header]
# bad_flag = -9.990e-29
*END*
[from data line 2721]
 203.766719      1.193   0.874401    14.2437    -1.7858      1.183     0.5495    -0.3616 -9.990e-29
 203.766725      1.193   0.874415    14.2472    -1.7858      1.183     0.5495    -0.3621 -9.990e-29
 203.766730      1.193   0.875470    14.2507    -1.7857      1.183     0.5501    -0.3621 -9.990e-29
 203.766736      1.193   0.876752    14.2534    -1.7856      1.183     0.5509    -0.3619 -9.990e-29
 203.766742      1.193   0.878304    14.2550    -1.7855      1.183     0.5519    -0.3613 -9.990e-29
 203.766748      1.193   0.881084    14.2559    -1.7854      1.183     0.5537    -0.3601 -9.990e-29
 203.766753      1.193   0.886022    14.2558    -1.7855      1.183     0.5570    -0.3575 -9.990e-29
 203.766759      1.193   0.892483    14.2548    -1.7854      1.183     0.5612    -0.3541 -9.990e-29
 203.766765      1.193   0.897979    14.2546    -1.7854      1.183     0.5648    -0.3513 -9.990e-29
 203.766771      1.193   0.900396    14.2557    -1.7854      1.183     0.5664    -0.3502 -9.990e-29
 203.766777      1.193   0.899626    14.2573    -1.7853      1.183     0.5659    -0.3509 -9.990e-29
 203.766782      1.193   0.896863    14.2590    -1.7850      1.183     0.5640    -0.3525 -9.990e-29
 203.766788      1.193   0.893974    14.2608    -1.7849      1.183     0.5621    -0.3543 -9.990e-29
 203.766794      1.193   0.892660    14.2625    -1.7850      1.183     0.5612    -0.3552 -9.990e-29
 203.766800      1.193   0.893389    14.2641    -1.7852      1.183     0.5617    -0.3551 -9.990e-29
 203.766806      1.193   0.894913    14.2656    -1.7851      1.183     0.5627    -0.3545 -9.990e-29
 203.766811      1.193   0.894820    14.2671    -1.7848      1.183     0.5626    -0.3548 -9.990e-29
 203.766817      1.193   0.891877    14.2683    -1.7848      1.183     0.5606    -0.3565 -9.990e-29
 203.766823      1.193   0.887709    14.2692    -1.7849      1.183     0.5579    -0.3587 -9.990e-29
 203.766829      1.193   0.885644    14.2714    -1.7848      1.183     0.5565    -0.3601 -9.990e-29
 203.766834      1.193   0.887370    14.2749    -1.7847      1.183     0.5576    -0.3598 -9.990e-29
 203.766840      1.193   0.890745    14.2777    -1.7846      1.183     0.5598    -0.3585 -9.990e-29
 203.766846      1.193   0.891942    14.2785    -1.7845      1.183     0.5605    -0.3580 -9.990e-29
 203.766852      1.193   0.889225    14.2792    -1.7843      1.183     0.5587    -0.3595 -9.990e-29
 203.766858      1.193   0.883413    14.2820    -1.7841      1.183     0.5549    -0.3629 -9.990e-29
 203.766863      1.193   0.876195    14.2858    -1.7836      1.183     0.5501    -0.3671 -9.990e-29
 203.766869      1.193   0.869607    14.2878    -1.7832      1.183     0.5458    -0.3708 -9.990e-29
 203.766875      1.193   0.865414    14.2884    -1.7829      1.183     0.5431    -0.3730 -9.990e-29
 203.766881      1.193   0.864130    14.2897    -1.7827      1.183     0.5422    -0.3739 -9.990e-29
 203.766887      1.193   0.864600    14.2926    -1.7827      1.183     0.5425    -0.3741 -9.990e-29
 203.766892      1.193   0.864117    14.2970    -1.7830      1.183     0.5421    -0.3750 -9.990e-29
 203.766898      1.193   0.859815    14.3023    -1.7833      1.183     0.5392    -0.3780 -9.990e-29
 203.766904      1.193   0.851512    14.3080    -1.7834      1.183     0.5337    -0.3831 -9.990e-29
 203.766910      1.193   0.843125    14.3142    -1.7836      1.183     0.5282    -0.3883 -9.990e-29
 203.766916      1.193   0.840130    14.3211    -1.7837      1.183     0.5261    -0.3908 -9.990e-29
 203.766921      1.193   0.846307    14.3289    -1.7839      1.183     0.5300    -0.3889 -9.990e-29
 203.766927      1.193   0.858787    14.3364    -1.7839      1.183     0.5381    -0.3838 -9.990e-29
 203.766933      1.193   0.867560    14.3422    -1.7838      1.183     0.5437    -0.3802 -9.990e-29
 203.766939      1.193   0.866556    14.3442    -1.7836      1.183     0.5430    -0.3810 -9.990e-29
 203.766944      1.194   0.858321    14.3423    -1.7834      1.184     0.5377    -0.3849 -9.990e-29
 203.766950      1.194   0.847421    14.3388    -1.7833      1.184     0.5306    -0.3899 -9.990e-29
 203.766956      1.194   0.836533    14.3354    -1.7832      1.184     0.5236    -0.3948 -9.990e-29
 203.766962      1.194   0.826685    14.3323    -1.7828      1.184     0.5172    -0.3993 -9.990e-29
 203.766968      1.195   0.818627    14.3293    -1.7826      1.185     0.5120    -0.4029 -9.990e-29
 203.766973      1.195   0.812905    14.3272    -1.7828      1.185     0.5083    -0.4055 -9.990e-29
 203.766979      1.196   0.809108    14.3268    -1.7830      1.186     0.5059    -0.4073 -9.990e-29
 203.766985      1.197   0.807353    14.3283    -1.7826      1.187     0.5047    -0.4085 -9.990e-29
 203.766991      1.198   0.808077    14.3313    -1.7822      1.188     0.5051    -0.4086 -9.990e-29
 203.766997      1.199   0.810208    14.3351    -1.7823      1.189     0.5065    -0.4081 -9.990e-29
 203.767002      1.201   0.812146    14.3395    -1.7825      1.191     0.5077    -0.4078 -9.990e-29
 203.767008      1.203   0.812590    14.3450    -1.7825      1.193     0.5079    -0.4084 -9.990e-29
 203.767014      1.205   0.811021    14.3513    -1.7822      1.195     0.5068    -0.4102 -9.990e-29
 203.767020      1.209   0.808124    14.3555    -1.7820      1.199     0.5049    -0.4123 -9.990e-29
 203.767025      1.214   0.804480    14.3568    -1.7817      1.204     0.5025    -0.4143 -9.990e-29
 203.767031      1.219   0.800224    14.3588    -1.7816      1.209     0.4997    -0.4167 -9.990e-29
 203.767037      1.223   0.795790    14.3637    -1.7816      1.213     0.4967    -0.4197 -9.990e-29
 203.767043      1.219   0.791372    14.3688    -1.7817      1.209     0.4938    -0.4227 -9.990e-29
 203.767049      1.214   0.786634    14.3709    -1.7817      1.204     0.4907    -0.4254 -9.990e-29
 203.767054      1.209   0.781366    14.3713    -1.7817      1.199     0.4873    -0.4282 -9.990e-29
 203.767060      1.205   0.776314    14.3728    -1.7814      1.195     0.4840    -0.4309 -9.990e-29
 203.767066      1.203   0.773072    14.3765    -1.7811      1.193     0.4819    -0.4331 -9.990e-29
 203.767072      1.201   0.772312    14.3815    -1.7808      1.191     0.4813    -0.4343 -9.990e-29
 203.767078      1.199   0.773578    14.3860    -1.7808      1.189     0.4821    -0.4343 -9.990e-29
 203.767083      1.198   0.776336    14.3890    -1.7807      1.188     0.4838    -0.4334 -9.990e-29
 203.767089      1.197   0.779267    14.3902    -1.7805      1.187     0.4857    -0.4321 -9.990e-29
 203.767095      1.196   0.780172    14.3903    -1.7805      1.186     0.4863    -0.4317 -9.990e-29
 203.767101      1.195   0.778594    14.3909    -1.7804      1.185     0.4853    -0.4326 -9.990e-29
 203.767106      1.195   0.776315    14.3936    -1.7803      1.185     0.4838    -0.4341 -9.990e-29
 203.767112      1.194   0.774738    14.3990    -1.7801      1.184     0.4827    -0.4357 -9.990e-29
 203.767118      1.194   0.773981    14.4058    -1.7803      1.184     0.4821    -0.4372 -9.990e-29
 203.767124      1.194   0.773035    14.4120    -1.7805      1.184     0.4814    -0.4386 -9.990e-29
 203.767130      1.194   0.770637    14.4165    -1.7806      1.184     0.4798    -0.4405 -9.990e-29
 203.767135      1.193   0.766923    14.4200    -1.7807      1.183     0.4774    -0.4429 -9.990e-29
 203.767141      1.193   0.763049    14.4231    -1.7809      1.183     0.4748    -0.4453 -9.990e-29
 203.767147      1.193   0.759954    14.4258    -1.7808      1.183     0.4728    -0.4473 -9.990e-29
 203.767153      1.193   0.757954    14.4284    -1.7808      1.183     0.4715    -0.4487 -9.990e-29
 203.767159      1.193   0.757161    14.4308    -1.7806      1.183     0.4709    -0.4495 -9.990e-29
 203.767164      1.193   0.757626    14.4319    -1.7806      1.183     0.4712    -0.4494 -9.990e-29
 203.767170      1.193   0.758303    14.4309    -1.7804      1.183     0.4717    -0.4489 -9.990e-29
 203.767176      1.193   0.757321    14.4285    -1.7803      1.183     0.4711    -0.4490 -9.990e-29
 203.767182      1.193   0.753924    14.4260    -1.7802      1.183     0.4689    -0.4503 -9.990e-29
 203.767188      1.193   0.749134    14.4235    -1.7804      1.183     0.4658    -0.4524 -9.990e-29
 203.767193      1.193   0.744338    14.4217    -1.7806      1.183     0.4628    -0.4545 -9.990e-29
 203.767199      1.193   0.740360    14.4213    -1.7805      1.183     0.4602    -0.4564 -9.990e-29
 203.767205      1.193   0.738001    14.4220    -1.7804      1.183     0.4587    -0.4577 -9.990e-29
 203.767211      1.193   0.738005    14.4238    -1.7801      1.183     0.4586    -0.4580 -9.990e-29
 203.767216      1.193   0.740375    14.4267    -1.7802      1.183     0.4601    -0.4572 -9.990e-29
 203.767222      1.193   0.743275    14.4302    -1.7804      1.183     0.4620    -0.4563 -9.990e-29
 203.767228      1.193   0.743911    14.4331    -1.7806      1.183     0.4623    -0.4564 -9.990e-29
 203.767234      1.193   0.741464    14.4344    -1.7807      1.183     0.4608    -0.4579 -9.990e-29
 203.767240      1.193   0.737115    14.4336    -1.7809      1.183     0.4580    -0.4599 -9.990e-29
 203.767245      1.193   0.732281    14.4326    -1.7812      1.183     0.4549    -0.4622 -9.990e-29
 203.767251      1.193   0.727734    14.4334    -1.7812      1.183     0.4519    -0.4646 -9.990e-29
 203.767257      1.193   0.724075    14.4360    -1.7809      1.183     0.4495    -0.4668 -9.990e-29
 203.767263      1.193   0.722530    14.4380    -1.7807      1.183     0.4485    -0.4679 -9.990e-29
 203.767269      1.193   0.723817    14.4373    -1.7805      1.183     0.4493    -0.4671 -9.990e-29
 203.767274      1.193   0.726319    14.4343    -1.7803      1.183     0.4510    -0.4654 -9.990e-29
 203.767280      1.193   0.727268    14.4303    -1.7802      1.183     0.4516    -0.4643 -9.990e-29
 203.767286      1.193   0.725707    14.4261    -1.7801      1.183     0.4507    -0.4645 -9.990e-29
 203.767292      1.193   0.722887    14.4219    -1.7801      1.183     0.4489    -0.4652 -9.990e-29
 203.767297      1.193   0.720600    14.4191    -1.7800      1.183     0.4475    -0.4659 -9.990e-29
 203.767303      1.193   0.719128    14.4196    -1.7799      1.183     0.4465    -0.4667 -9.990e-29
 203.767309      1.193   0.717061    14.4237    -1.7800      1.183     0.4451    -0.4684 -9.990e-29
 203.767315      1.193   0.713867    14.4294    -1.7804      1.183     0.4430    -0.4709 -9.990e-29
 203.767321      1.193   0.710282    14.4350    -1.7804      1.183     0.4407    -0.4735 -9.990e-29
 203.767326      1.193   0.707078    14.4394    -1.7803      1.183     0.4385    -0.4758 -9.990e-29
 203.767332      1.193   0.704979    14.4423    -1.7801      1.183     0.4372    -0.4773 -9.990e-29
 203.767338      1.193   0.704520    14.4443    -1.7800      1.183     0.4368    -0.4778 -9.990e-29
 203.767344      1.193   0.705642    14.4462    -1.7800      1.183     0.4375    -0.4776 -9.990e-29
 203.767350      1.193   0.707068    14.4480    -1.7800      1.183     0.4384    -0.4771 -9.990e-29
 203.767355      1.193   0.707367    14.4487    -1.7803      1.183     0.4386    -0.4771 -9.990e-29
 203.767361      1.193   0.706383    14.4471    -1.7804      1.183     0.4380    -0.4773 -9.990e-29
 203.767367      1.193   0.704468    14.4443    -1.7805      1.183     0.4368    -0.4779 -9.990e-29
 203.767373      1.193   0.701847    14.4433    -1.7805      1.183     0.4351    -0.4790 -9.990e-29
 203.767378      1.193   0.698911    14.4449    -1.7805      1.183     0.4332    -0.4807 -9.990e-29
 203.767384      1.193   0.696185    14.4471    -1.7804      1.183     0.4315    -0.4824 -9.990e-29
 203.767390      1.193   0.694476    14.4483    -1.7804      1.183     0.4303    -0.4835 -9.990e-29
 203.767396      1.193   0.694836    14.4483    -1.7804      1.183     0.4306    -0.4833 -9.990e-29
 203.767402      1.193   0.697191    14.4469    -1.7806      1.183     0.4321    -0.4819 -9.990e-29
 203.767407      1.193   0.699131    14.4443    -1.7805      1.183     0.4334    -0.4805 -9.990e-29
 203.767413      1.193   0.698245    14.4419    -1.7803      1.183     0.4328    -0.4806 -9.990e-29
 203.767419      1.193   0.695018    14.4404    -1.7802      1.183     0.4308    -0.4820 -9.990e-29
 203.767425      1.193   0.691253    14.4400    -1.7804      1.183     0.4284    -0.4838 -9.990e-29
 203.767431      1.192   0.688038    14.4406    -1.7807      1.182     0.4263    -0.4855 -9.990e-29
 203.767436      1.192   0.685529    14.4418    -1.7808      1.182     0.4247    -0.4869 -9.990e-29
 203.767442      1.192   0.683153    14.4427    -1.7809      1.182     0.4231    -0.4882 -9.990e-29
 203.767448      1.192   0.680521    14.4423    -1.7807      1.182     0.4214    -0.4895 -9.990e-29
 203.767454      1.191   0.678010    14.4410    -1.7806      1.181     0.4198    -0.4905 -9.990e-29
 203.767459      1.191   0.676713    14.4408    -1.7806      1.181     0.4190    -0.4911 -9.990e-29
 203.767465      1.190   0.678231    14.4420    -1.7807      1.180     0.4200    -0.4906 -9.990e-29
 203.767471      1.189   0.682923    14.4422    -1.7808      1.179     0.4230    -0.4883 -9.990e-29
 203.767477      1.188   0.688161    14.4396    -1.7809      1.178     0.4264    -0.4853 -9.990e-29
 203.767483      1.187   0.690383    14.4359    -1.7808      1.177     0.4278    -0.4836 -9.990e-29
 203.767488      1.185   0.688666    14.4334    -1.7808      1.175     0.4268    -0.4841 -9.990e-29
 203.767494      1.183   0.685160    14.4329    -1.7807      1.173     0.4245    -0.4857 -9.990e-29
 203.767500      1.180   0.682408    14.4340    -1.7806      1.170     0.4227    -0.4873 -9.990e-29
 203.767506      1.176   0.681182    14.4356    -1.7804      1.166     0.4219    -0.4881 -9.990e-29
 203.767512      1.176   0.680403    14.4365    -1.7803      1.166     0.4214    -0.4886 -9.990e-29
 203.767517      1.183   0.678478    14.4362    -1.7801      1.173     0.4202    -0.4896 -9.990e-29
 203.767523      1.193   0.675061    14.4353    -1.7799      1.183     0.4180    -0.4911 -9.990e-29
 203.767529      1.204   0.671149    14.4352    -1.7800      1.194     0.4155    -0.4931 -9.990e-29
 203.767535      1.211   0.667631    14.4359    -1.7802      1.201     0.4132    -0.4949 -9.990e-29
 203.767541      1.210   0.664813    14.4371    -1.7803      1.200     0.4114    -0.4965 -9.990e-29
 203.767546      1.206   0.662825    14.4391    -1.7803      1.196     0.4101    -0.4978 -9.990e-29
 203.767552      1.204   0.661792    14.4421    -1.7805      1.194     0.4094    -0.4988 -9.990e-29
 203.767558      1.202   0.662002    14.4458    -1.7807      1.192     0.4095    -0.4992 -9.990e-29
 203.767564      1.200   0.663181    14.4496    -1.7808      1.190     0.4102    -0.4992 -9.990e-29
 203.767569      1.199   0.664124    14.4531    -1.7807      1.189     0.4108    -0.4993 -9.990e-29
 203.767575      1.198   0.663868    14.4554    -1.7806      1.188     0.4106    -0.4998 -9.990e-29
 203.767581      1.198   0.662625    14.4552    -1.7806      1.188     0.4098    -0.5004 -9.990e-29
 203.767587      1.198   0.661515    14.4529    -1.7808      1.188     0.4091    -0.5006 -9.990e-29
 203.767593      1.198   0.661278    14.4505    -1.7809      1.188     0.4090    -0.5003 -9.990e-29
 203.767598      1.199   0.661601    14.4481    -1.7808      1.189     0.4092    -0.4998 -9.990e-29
 203.767604      1.200   0.661248    14.4450    -1.7803      1.190     0.4091    -0.4995 -9.990e-29
 203.767610      1.201   0.659193    14.4418    -1.7798      1.191     0.4078    -0.5000 -9.990e-29
 203.767616      1.203   0.656028    14.4403    -1.7793      1.193     0.4058    -0.5013 -9.990e-29
 203.767622      1.205   0.653083    14.4410    -1.7790      1.195     0.4039    -0.5029 -9.990e-29
 203.767627      1.209   0.650873    14.4425    -1.7788      1.199     0.4024    -0.5042 -9.990e-29
 203.767633      1.213   0.648672    14.4425    -1.7788      1.203     0.4010    -0.5053 -9.990e-29
