data/oxygen options/OCNMS/OCNMS1/raw_data/2015/CAST_TH015_150904faed.cnv
* Sea-Bird SBE19 Data File:
* FileName = C:\2015 Mooring Data\Casts\CAST_TH015_150904.hex
* Software Version 1.59
* Temperature SN = 2997
* Conductivity SN = 2997
* System UpLoad Time = Sep 04 2015 21:40:35
** CAST_TH015_150904
* ds
# nquan = 9                                 
# nvalues = 828                         
# units = specified
# name 0 = timeJ: Julian Days
# name 1 = prSM: Pressure, Strain Gauge [db]
# name 2 = c0mS/cm: Conductivity [mS/cm]
# name 3 = t090C: Temperature [ITS-90, deg C]
# name 4 = sbeox0ML/L: Oxygen, SBE 43 [ml/l]
# name 5 = depSM: Depth [salt water, m], lat = 47.5
# name 6 = sal00: Salinity, Practical [PSU]
# name 7 = sigma-é00: Density [sigma-theta, kg/m^3]
# name 8 = flag: flag
# span 0 = 247.877292, 247.882078       
# span 1 =     -4.965,     17.126       
# span 2 =   0.345571,  38.463022       
# span 3 =    13.8607,    15.5375       
# span 4 =    -1.7630,    10.8325       
# span 5 =     -4.924,     16.982       
# span 6 =     0.2047,    31.8265       
# span 7 =    -0.8227,    23.7648       
# span 8 = 0.0000e+00, 0.0000e+00       
# interval = seconds: 0.5
# start_time = Sep 04 2015 21:03:18 [Instrument's time stamp, header]
# bad_flag = -9.990e-29
*END*
 247.877292     -4.965 -9.990e-29    14.9089    -1.7630     -4.924 -9.990e-29 -9.990e-29 -9.990e-29
 247.877297     -4.955   0.358366    14.9147    -1.7627     -4.914     0.2152    -0.7192 -9.990e-29
 247.877303     -4.943   0.358366    14.9181    -1.7623     -4.902     0.2152    -0.7197 -9.990e-29
 247.877309     -4.926   0.358366    14.9186    -1.7620     -4.885     0.2152    -0.7198 -9.990e-29
 247.877315     -4.906   0.358367    14.9181    -1.7617     -4.865     0.2152    -0.7197 -9.990e-29
 247.877321     -4.879   0.358370    14.9188    -1.7617     -4.838     0.2152    -0.7198 -9.990e-29
 247.877326     -4.845   0.358379    14.9224    -1.7617     -4.805     0.2152    -0.7204 -9.990e-29
 247.877332     -4.805   0.358405    14.9291    -1.7617     -4.765     0.2152    -0.7214 -9.990e-29
 247.877338     -4.766   0.358487    14.9374    -1.7615     -4.726     0.2152    -0.7226 -9.990e-29
 247.877344     -4.729   0.358733    14.9463    -1.7613     -4.690     0.2153    -0.7239 -9.990e-29
 247.877350     -4.692   0.358917    14.9556    -1.7609     -4.653     0.2154    -0.7253 -9.990e-29
 247.877355     -4.656   0.358731    14.9648    -1.7607     -4.617     0.2152    -0.7268 -9.990e-29
 247.877361     -4.625   0.358484    14.9729    -1.7607     -4.586     0.2150    -0.7281 -9.990e-29
 247.877367     -4.595   0.358401    14.9786    -1.7606     -4.557     0.2149    -0.7291 -9.990e-29
 247.877373     -4.565   0.358373    14.9819    -1.7603     -4.527     0.2149    -0.7296 -9.990e-29
 247.877378     -4.534   0.358363    14.9841    -1.7599     -4.496     0.2149    -0.7299 -9.990e-29
 247.877384     -4.503   0.358359    14.9865    -1.7595     -4.465     0.2149    -0.7303 -9.990e-29
 247.877390     -4.474   0.358357    14.9904    -1.7590     -4.437     0.2148    -0.7309 -9.990e-29
 247.877396     -4.447   0.358356    14.9962    -1.7587     -4.410     0.2148    -0.7318 -9.990e-29
 247.877402     -4.418   0.358356    15.0029    -1.7586     -4.381     0.2148    -0.7328 -9.990e-29
 247.877407     -4.387   0.358355    15.0087    -1.7583     -4.350     0.2147    -0.7338 -9.990e-29
 247.877413     -4.351   0.358354    15.0132    -1.7579     -4.315     0.2147    -0.7345 -9.990e-29
 247.877419     -4.312   0.358354    15.0185    -1.7580     -4.276     0.2147    -0.7353 -9.990e-29
 247.877425     -4.277   0.358353    15.0259    -1.7579     -4.241     0.2147    -0.7364 -9.990e-29
 247.877431     -4.247   0.358352    15.0355    -1.7577     -4.212     0.2146    -0.7379 -9.990e-29
 247.877436     -4.221   0.358352    15.0466    -1.7577     -4.186     0.2146    -0.7396 -9.990e-29
 247.877442     -4.196   0.358351    15.0576    -1.7576     -4.161     0.2145    -0.7414 -9.990e-29
 247.877448     -4.172   0.358350    15.0665    -1.7574     -4.137     0.2145    -0.7428 -9.990e-29
 247.877454     -4.147   0.358349    15.0732    -1.7570     -4.112     0.2144    -0.7438 -9.990e-29
 247.877459     -4.123   0.358349    15.0794    -1.7570     -4.089     0.2144    -0.7448 -9.990e-29
 247.877465     -4.104   0.358348    15.0853    -1.7571     -4.070     0.2144    -0.7457 -9.990e-29
 247.877471     -4.079   0.358347    15.0898    -1.7571     -4.045     0.2143    -0.7464 -9.990e-29
 247.877477     -4.042   0.358346    15.0933    -1.7574     -4.008     0.2143    -0.7469 -9.990e-29
 247.877483     -4.005   0.358345    15.0962    -1.7577     -3.972     0.2143    -0.7474 -9.990e-29
 247.877488     -3.973   0.358343    15.0989    -1.7586     -3.940     0.2143    -0.7478 -9.990e-29
 247.877494     -3.944   0.358338    15.1025    -1.7591     -3.911     0.2143    -0.7484 -9.990e-29
 247.877500     -3.916   0.358324    15.1077    -1.7594     -3.883     0.2142    -0.7492 -9.990e-29
 247.877506     -3.889   0.358282    15.1128    -1.7598     -3.857     0.2142    -0.7500 -9.990e-29
 247.877512     -3.859   0.358159    15.1151    -1.7601     -3.827     0.2141    -0.7504 -9.990e-29
 247.877517     -3.825   0.357793    15.1142    -1.7600     -3.793     0.2139    -0.7505 -9.990e-29
 247.877523     -3.789   0.357251    15.1106    -1.7598     -3.757     0.2136    -0.7502 -9.990e-29
 247.877529     -3.757   0.356921    15.1036    -1.7596     -3.726     0.2134    -0.7492 -9.990e-29
 247.877535     -3.728   0.356920    15.0924    -1.7596     -3.697     0.2134    -0.7475 -9.990e-29
 247.877541     -3.696   0.357248    15.0781    -1.7596     -3.665     0.2137    -0.7451 -9.990e-29
 247.877546     -3.661   0.357788    15.0644    -1.7597     -3.630     0.2141    -0.7427 -9.990e-29
 247.877552     -3.632   0.358148    15.0532    -1.7595     -3.602     0.2144    -0.7408 -9.990e-29
 247.877558     -3.609   0.358255    15.0443    -1.7591     -3.579     0.2145    -0.7393 -9.990e-29
 247.877564     -3.588   0.358254    15.0395    -1.7589     -3.558     0.2145    -0.7386 -9.990e-29
 247.877569     -3.563   0.358144    15.0398    -1.7588     -3.533     0.2145    -0.7387 -9.990e-29
 247.877575     -3.532   0.357778    15.0433    -1.7588     -3.503     0.2142    -0.7394 -9.990e-29
 247.877581     -3.498   0.357224    15.0468    -1.7590     -3.469     0.2139    -0.7402 -9.990e-29
 247.877587     -3.467   0.356855    15.0485    -1.7590     -3.438     0.2136    -0.7406 -9.990e-29
 247.877593     -3.441   0.356735    15.0489    -1.7590     -3.412     0.2136    -0.7408 -9.990e-29
 247.877598     -3.419   0.356706    15.0501    -1.7588     -3.390     0.2135    -0.7410 -9.990e-29
 247.877604     -3.399   0.356729    15.0539    -1.7585     -3.371     0.2135    -0.7415 -9.990e-29
 247.877610     -3.380   0.356836    15.0596    -1.7583     -3.352     0.2136    -0.7424 -9.990e-29
 247.877616     -3.360   0.357172    15.0647    -1.7580     -3.332     0.2137    -0.7430 -9.990e-29
 247.877622     -3.339   0.357630    15.0676    -1.7578     -3.311     0.2140    -0.7433 -9.990e-29
 247.877627     -3.316   0.357712    15.0681    -1.7575     -3.288     0.2140    -0.7433 -9.990e-29
 247.877633     -3.288   0.357526    15.0674    -1.7574     -3.261     0.2139    -0.7433 -9.990e-29
 247.877639     -3.258   0.357381    15.0674    -1.7573     -3.231     0.2139    -0.7433 -9.990e-29
 247.877645     -3.233   0.357086    15.0692    -1.7570     -3.206     0.2137    -0.7438 -9.990e-29
 247.877650     -3.215   0.356802    15.0737    -1.7569     -3.188     0.2135    -0.7446 -9.990e-29
 247.877656     -3.199   0.356707    15.0801    -1.7569     -3.172     0.2134    -0.7456 -9.990e-29
 247.877662     -3.181   0.356674    15.0871    -1.7568     -3.154     0.2133    -0.7467 -9.990e-29
 247.877668     -3.162   0.356663    15.0940    -1.7568     -3.136     0.2133    -0.7478 -9.990e-29
 247.877674     -3.146   0.356659    15.1009    -1.7569     -3.120     0.2132    -0.7489 -9.990e-29
 247.877679     -3.132   0.356657    15.1070    -1.7569     -3.106     0.2132    -0.7499 -9.990e-29
 247.877685     -3.119   0.356656    15.1117    -1.7566     -3.093     0.2132    -0.7506 -9.990e-29
 247.877691     -3.106   0.356655    15.1160    -1.7565     -3.080     0.2132    -0.7513 -9.990e-29
 247.877697     -3.093   0.356655    15.1202    -1.7565     -3.067     0.2131    -0.7519 -9.990e-29
 247.877703     -3.079   0.356655    15.1231    -1.7565     -3.053     0.2131    -0.7524 -9.990e-29
 247.877708     -3.062   0.356655    15.1249    -1.7561     -3.036     0.2131    -0.7527 -9.990e-29
 247.877714     -3.042   0.356659    15.1264    -1.7558     -3.017     0.2131    -0.7529 -9.990e-29
 247.877720     -3.017   0.356670    15.1275    -1.7555     -2.992     0.2131    -0.7531 -9.990e-29
 247.877726     -2.986   0.356706    15.1283    -1.7553     -2.961     0.2131    -0.7532 -9.990e-29
 247.877731     -2.951   0.356815    15.1304    -1.7552     -2.926     0.2132    -0.7535 -9.990e-29
 247.877737     -2.919   0.357144    15.1340    -1.7552     -2.895     0.2134    -0.7539 -9.990e-29
 247.877743     -2.891   0.357575    15.1371    -1.7551     -2.867     0.2136    -0.7541 -9.990e-29
 247.877749     -2.866   0.357574    15.1394    -1.7550     -2.842     0.2136    -0.7545 -9.990e-29
 247.877755     -2.843   0.357142    15.1431    -1.7549     -2.819     0.2133    -0.7553 -9.990e-29
 247.877760     -2.820   0.356812    15.1495    -1.7546     -2.796     0.2131    -0.7565 -9.990e-29
 247.877766     -2.794   0.356701    15.1575    -1.7545     -2.771     0.2130    -0.7578 -9.990e-29
 247.877772     -2.766   0.356663    15.1650    -1.7543     -2.743     0.2129    -0.7590 -9.990e-29
 247.877778     -2.737   0.356647    15.1704    -1.7540     -2.714     0.2129    -0.7598 -9.990e-29
 247.877784     -2.714   0.356633    15.1740    -1.7538     -2.691     0.2129    -0.7604 -9.990e-29
 247.877789     -2.695   0.356603    15.1768    -1.7540     -2.673     0.2128    -0.7608 -9.990e-29
 247.877795     -2.675   0.356520    15.1795    -1.7541     -2.653     0.2128    -0.7613 -9.990e-29
 247.877801     -2.658   0.356272    15.1824    -1.7542     -2.636     0.2126    -0.7619 -9.990e-29
 247.877807     -2.645   0.356086    15.1864    -1.7542     -2.623     0.2125    -0.7626 -9.990e-29
 247.877813     -2.633   0.356271    15.1915    -1.7542     -2.611     0.2125    -0.7633 -9.990e-29
 247.877818     -2.615   0.356517    15.1968    -1.7542     -2.593     0.2127    -0.7640 -9.990e-29
 247.877824     -2.596   0.356598    15.2024    -1.7542     -2.574     0.2127    -0.7649 -9.990e-29
 247.877830     -2.579   0.356625    15.2078    -1.7550     -2.557     0.2127    -0.7657 -9.990e-29
 247.877836     -2.561   0.356634    15.2107    -1.7561     -2.540     0.2127    -0.7662 -9.990e-29
 247.877841     -2.543   0.356636    15.2102    -1.7572     -2.522     0.2127    -0.7661 -9.990e-29
 247.877847     -2.522   0.356636    15.2080    -1.7580     -2.501     0.2127    -0.7657 -9.990e-29
 247.877853     -2.502   0.356636    15.2062    -1.7584     -2.481     0.2127    -0.7655 -9.990e-29
 247.877859     -2.486   0.356635    15.2048    -1.7596     -2.465     0.2127    -0.7652 -9.990e-29
 247.877865     -2.469   0.356635    15.2035    -1.7606     -2.448     0.2127    -0.7650 -9.990e-29
 247.877870     -2.445   0.356634    15.2009    -1.7615     -2.425     0.2127    -0.7646 -9.990e-29
 247.877876     -2.417   0.356633    15.1928    -1.7623     -2.397     0.2128    -0.7633 -9.990e-29
 247.877882     -2.391   0.356631    15.1755    -1.7627     -2.371     0.2128    -0.7606 -9.990e-29
 247.877888     -2.371   0.356626    15.1514    -1.7628     -2.351     0.2130    -0.7568 -9.990e-29
 247.877894     -2.355   0.356613    15.1259    -1.7625     -2.335     0.2131    -0.7528 -9.990e-29
 247.877899     -2.343   0.356575    15.1028    -1.7624     -2.323     0.2132    -0.7492 -9.990e-29
 247.877905     -2.332   0.356463    15.0805    -1.7621     -2.313     0.2132    -0.7458 -9.990e-29
 247.877911     -2.323   0.356129    15.0555    -1.7618     -2.304     0.2131    -0.7421 -9.990e-29
 247.877917     -2.314   0.355683    15.0296    -1.7614     -2.295     0.2130    -0.7382 -9.990e-29
 247.877922     -2.307   0.355643    15.0065    -1.7608     -2.288     0.2131    -0.7347 -9.990e-29
 247.877928     -2.299   0.355956    14.9883    -1.7602     -2.280     0.2134    -0.7317 -9.990e-29
 247.877934     -2.291   0.355928    14.9770    -1.7596     -2.272     0.2134    -0.7300 -9.990e-29
 247.877940     -2.281   0.355523    14.9735    -1.7591     -2.262     0.2132    -0.7296 -9.990e-29
 247.877946     -2.271   0.355312    14.9756    -1.7584     -2.252     0.2130    -0.7300 -9.990e-29
 247.877951     -2.257   0.355570    14.9803    -1.7578     -2.238     0.2132    -0.7306 -9.990e-29
 247.877957     -2.241   0.356087    14.9876    -1.7571     -2.222     0.2135    -0.7315 -9.990e-29
 247.877963     -2.220   0.356444    14.9975    -1.7565     -2.201     0.2136    -0.7329 -9.990e-29
 247.877969     -2.194   0.356563    15.0098    -1.7559     -2.176     0.2136    -0.7347 -9.990e-29
 247.877975     -2.165   0.356602    15.0241    -1.7552     -2.147     0.2136    -0.7369 -9.990e-29
 247.877980     -2.140   0.356615    15.0394    -1.7546     -2.122     0.2135    -0.7393 -9.990e-29
 247.877986     -2.122   0.356618    15.0552    -1.7539     -2.104     0.2134    -0.7418 -9.990e-29
 247.877992     -2.108   0.356619    15.0715    -1.7533     -2.090     0.2134    -0.7443 -9.990e-29
 247.877998     -2.099   0.356619    15.0885    -1.7527     -2.081     0.2133    -0.7470 -9.990e-29
 247.878003     -2.090   0.356618    15.1064    -1.7523     -2.073     0.2132    -0.7498 -9.990e-29
 247.878009     -2.075   0.356617    15.1248    -1.7520     -2.058     0.2131    -0.7527 -9.990e-29
 247.878015     -2.059   0.356617    15.1430    -1.7518     -2.042     0.2130    -0.7555 -9.990e-29
 247.878021     -2.043   0.356617    15.1611    -1.7513     -2.026     0.2129    -0.7584 -9.990e-29
 247.878027     -2.028   0.356617    15.1793    -1.7509     -2.011     0.2128    -0.7612 -9.990e-29
 247.878032     -2.013   0.356617    15.1975    -1.7506     -1.996     0.2127    -0.7641 -9.990e-29
 247.878038     -1.996   0.356617    15.2153    -1.7502     -1.979     0.2126    -0.7669 -9.990e-29
 247.878044     -1.976   0.356618    15.2320    -1.7495     -1.960     0.2125    -0.7695 -9.990e-29
 247.878050     -1.957   0.356618    15.2468    -1.7489     -1.941     0.2125    -0.7719 -9.990e-29
 247.878056     -1.941   0.356618    15.2592    -1.7484     -1.925     0.2124    -0.7738 -9.990e-29
 247.878061     -1.927   0.356618    15.2694    -1.7483     -1.911     0.2124    -0.7754 -9.990e-29
 247.878067     -1.915   0.356618    15.2790    -1.7482     -1.899     0.2123    -0.7770 -9.990e-29
 247.878073     -1.904   0.356618    15.2893    -1.7491     -1.888     0.2123    -0.7786 -9.990e-29
 247.878079     -1.892   0.356619    15.3004    -1.7505     -1.876     0.2122    -0.7804 -9.990e-29
 247.878084     -1.875   0.356619    15.3122    -1.7513     -1.859     0.2121    -0.7822 -9.990e-29
 247.878090     -1.853   0.356619    15.3252    -1.7517     -1.838     0.2121    -0.7843 -9.990e-29
 247.878096     -1.831   0.356619    15.3401    -1.7521     -1.816     0.2120    -0.7867 -9.990e-29
 247.878102     -1.814   0.356619    15.3546    -1.7520     -1.799     0.2119    -0.7890 -9.990e-29
 247.878108     -1.799   0.356620    15.3649    -1.7525     -1.784     0.2119    -0.7906 -9.990e-29
 247.878113     -1.787   0.356620    15.3686    -1.7529     -1.772     0.2119    -0.7912 -9.990e-29
 247.878119     -1.775   0.356620    15.3625    -1.7536     -1.760     0.2119    -0.7902 -9.990e-29
 247.878125     -1.764   0.356620    15.3443    -1.7540     -1.749     0.2120    -0.7873 -9.990e-29
 247.878131     -1.753   0.356620    15.3197    -1.7544     -1.738     0.2121    -0.7834 -9.990e-29
 247.878137     -1.740   0.356620    15.2983    -1.7543     -1.725     0.2122    -0.7800 -9.990e-29
 247.878142     -1.730   0.356621    15.2833    -1.7544     -1.716     0.2123    -0.7776 -9.990e-29
 247.878148     -1.726   0.356621    15.2733    -1.7544     -1.712     0.2123    -0.7761 -9.990e-29
 247.878154     -1.724   0.356621    15.2652    -1.7549     -1.710     0.2124    -0.7748 -9.990e-29
 247.878160     -1.718   0.356621    15.2552    -1.7554     -1.704     0.2124    -0.7732 -9.990e-29
 247.878166     -1.710   0.356622    15.2428    -1.7556     -1.696     0.2125    -0.7712 -9.990e-29
 247.878171     -1.697   0.356622    15.2299    -1.7559     -1.683     0.2126    -0.7692 -9.990e-29
 247.878177     -1.681   0.356622    15.2186    -1.7565     -1.667     0.2126    -0.7674 -9.990e-29
 247.878183     -1.658   0.356622    15.2110    -1.7564     -1.644     0.2127    -0.7662 -9.990e-29
 247.878189     -1.633   0.356622    15.2070    -1.7558     -1.619     0.2127    -0.7656 -9.990e-29
 247.878194     -1.612   0.356623    15.2040    -1.7556     -1.599     0.2127    -0.7651 -9.990e-29
 247.878200     -1.594   0.356623    15.1990    -1.7556     -1.581     0.2127    -0.7643 -9.990e-29
 247.878206     -1.574   0.356623    15.1907    -1.7553     -1.561     0.2128    -0.7630 -9.990e-29
 247.878212     -1.554   0.356622    15.1809    -1.7560     -1.541     0.2128    -0.7615 -9.990e-29
