data/oxygen options/OCNMS/OCNMS1/raw_data/2015/CAST_CA015_150722faed.cnv
* Sea-Bird SBE 19 Data File:
* FileName = C:\2015 Mooring Data\Casts\CAST_CA015_150722.hex
* Software Version SeatermAF 2.1.2
* Temperature SN = 2997
* Conductivity SN = 2997
* System UpLoad Time = Jul 23 2015 00:00:33 (localtime) = Jul 23 2015 00:00:33 (UTC)
** CAST_CA015_150722
* ds
# nquan = 9                                 
# nvalues = 3564                        
# units = specified
# name 0 = timeJ: Julian Days
# name 1 = prSM: Pressure, Strain Gauge [db]
# name 2 = c0mS/cm: Conductivity [mS/cm]
# name 3 = t090C: Temperature [ITS-90, deg C]
# name 4 = sbeox0ML/L: Oxygen, SBE 43 [ml/l]
# name 5 = depSM: Depth [salt water, m], lat = 47.5
# name 6 = sal00: Salinity, Practical [PSU]
# name 7 = sigma-é00: Density [sigma-theta, kg/m^3]
# name 8 = flag: flag
# span 0 = 203.973044, 203.993663       
# span 1 =     -5.192,     16.604       
# span 2 =   0.323897,  39.845010       
# span 3 =    11.7402,    16.8171       
# span 4 =    -8.8292,    14.2528       
# span 5 =     -5.149,     16.465       
# span 6 =     0.1874,    33.3060       
# span 7 =    -1.0169,    25.1794       
# span 8 = 0.0000e+00, 0.0000e+00       
# interval = seconds: 0.5
# start_time = Jul 22 2015 23:21:11 [Instrument's time stamp, header]
# bad_flag = -9.990e-29
*END*
[from data line 2401]
 203.986939      1.015   0.638410    14.8070    -1.7678      1.007     0.3909    -0.5669 -9.990e-29
 203.986944      1.007   0.637337    14.8107    -1.7677      0.999     0.3902    -0.5680 -9.990e-29
 203.986950      1.005   0.636196    14.8090    -1.7676      0.997     0.3895    -0.5683 -9.990e-29
 203.986956      1.008   0.635132    14.8044    -1.7675      1.000     0.3889    -0.5681 -9.990e-29
 203.986962      1.012   0.634765    14.7992    -1.7676      1.004     0.3887    -0.5674 -9.990e-29
 203.986968      1.013   0.635159    14.7949    -1.7675      1.005     0.3890    -0.5666 -9.990e-29
 203.986973      1.015   0.636099    14.7935    -1.7675      1.007     0.3896    -0.5659 -9.990e-29
 203.986979      1.019   0.637173    14.7948    -1.7673      1.010     0.3902    -0.5656 -9.990e-29
 203.986985      1.021   0.637407    14.7966    -1.7673      1.012     0.3904    -0.5657 -9.990e-29
 203.986991      1.024   0.636558    14.7981    -1.7672      1.015     0.3898    -0.5664 -9.990e-29
 203.986997      1.030   0.635157    14.8001    -1.7672      1.021     0.3889    -0.5674 -9.990e-29
 203.987002      1.034   0.633558    14.8024    -1.7670      1.025     0.3879    -0.5685 -9.990e-29
 203.987008      1.036   0.631852    14.8039    -1.7669      1.027     0.3868    -0.5696 -9.990e-29
 203.987014      1.032   0.630538    14.8041    -1.7672      1.023     0.3859    -0.5703 -9.990e-29
 203.987020      1.023   0.630639    14.8043    -1.7671      1.014     0.3860    -0.5703 -9.990e-29
 203.987025      1.016   0.632290    14.8057    -1.7673      1.008     0.3870    -0.5697 -9.990e-29
 203.987031      1.015   0.634361    14.8077    -1.7677      1.007     0.3883    -0.5690 -9.990e-29
 203.987037      1.019   0.635727    14.8097    -1.7679      1.010     0.3892    -0.5686 -9.990e-29
 203.987043      1.030   0.635989    14.8120    -1.7679      1.021     0.3893    -0.5688 -9.990e-29
 203.987049      1.047   0.635496    14.8150    -1.7679      1.038     0.3890    -0.5696 -9.990e-29
 203.987054      1.069   0.634702    14.8178    -1.7677      1.060     0.3885    -0.5704 -9.990e-29
 203.987060      1.086   0.633658    14.8184    -1.7677      1.077     0.3878    -0.5710 -9.990e-29
 203.987066      1.097   0.632636    14.8167    -1.7678      1.088     0.3872    -0.5712 -9.990e-29
 203.987072      1.101   0.631940    14.8139    -1.7677      1.092     0.3867    -0.5711 -9.990e-29
 203.987078      1.099   0.631198    14.8093    -1.7675      1.090     0.3863    -0.5708 -9.990e-29
 203.987083      1.096   0.629974    14.8033    -1.7676      1.087     0.3856    -0.5704 -9.990e-29
 203.987089      1.096   0.628857    14.7985    -1.7680      1.087     0.3849    -0.5702 -9.990e-29
 203.987095      1.098   0.629134    14.7963    -1.7685      1.089     0.3851    -0.5697 -9.990e-29
 203.987101      1.106   0.631176    14.7964    -1.7687      1.097     0.3864    -0.5688 -9.990e-29
 203.987106      1.118   0.633818    14.7975    -1.7689      1.109     0.3881    -0.5676 -9.990e-29
 203.987112      1.125   0.635586    14.7987    -1.7690      1.116     0.3892    -0.5670 -9.990e-29
 203.987118      1.132   0.636060    14.7998    -1.7688      1.123     0.3895    -0.5669 -9.990e-29
 203.987124      1.139   0.635873    14.8014    -1.7684      1.129     0.3894    -0.5672 -9.990e-29
 203.987130      1.139   0.635886    14.8019    -1.7680      1.129     0.3894    -0.5673 -9.990e-29
 203.987135      1.126   0.636114    14.7983    -1.7679      1.117     0.3895    -0.5666 -9.990e-29
 203.987141      1.105   0.635753    14.7904    -1.7675      1.096     0.3894    -0.5656 -9.990e-29
 203.987147      1.083   0.634320    14.7815    -1.7669      1.074     0.3886    -0.5649 -9.990e-29
 203.987153      1.067   0.632126    14.7747    -1.7665      1.058     0.3872    -0.5649 -9.990e-29
 203.987159      1.056   0.630132    14.7704    -1.7664      1.047     0.3860    -0.5652 -9.990e-29
 203.987164      1.044   0.629011    14.7694    -1.7663      1.035     0.3853    -0.5656 -9.990e-29
 203.987170      1.036   0.628932    14.7728    -1.7661      1.027     0.3852    -0.5662 -9.990e-29
 203.987176      1.030   0.630347    14.7793    -1.7661      1.021     0.3861    -0.5665 -9.990e-29
 203.987182      1.023   0.633474    14.7872    -1.7661      1.014     0.3880    -0.5662 -9.990e-29
 203.987188      1.018   0.637487    14.7957    -1.7659      1.010     0.3904    -0.5656 -9.990e-29
 203.987193      1.015   0.640519    14.8059    -1.7657      1.007     0.3923    -0.5657 -9.990e-29
 203.987199      1.009   0.641060    14.8174    -1.7657      1.001     0.3925    -0.5672 -9.990e-29
 203.987205      1.004   0.639278    14.8272    -1.7657      0.996     0.3913    -0.5696 -9.990e-29
 203.987211      1.005   0.636683    14.8338    -1.7657      0.997     0.3896    -0.5719 -9.990e-29
 203.987216      1.010   0.634812    14.8383    -1.7655      1.002     0.3883    -0.5736 -9.990e-29
 203.987222      1.017   0.633946    14.8416    -1.7653      1.009     0.3877    -0.5745 -9.990e-29
 203.987228      1.026   0.633483    14.8444    -1.7649      1.017     0.3874    -0.5752 -9.990e-29
 203.987234      1.041   0.632807    14.8473    -1.7645      1.032     0.3870    -0.5759 -9.990e-29
 203.987240      1.055   0.631573    14.8503    -1.7641      1.046     0.3862    -0.5770 -9.990e-29
 203.987245      1.060   0.630356    14.8527    -1.7639      1.051     0.3854    -0.5780 -9.990e-29
 203.987251      1.061   0.630308    14.8542    -1.7637      1.052     0.3853    -0.5783 -9.990e-29
 203.987257      1.062   0.631920    14.8554    -1.7634      1.053     0.3863    -0.5777 -9.990e-29
 203.987263      1.059   0.634567    14.8573    -1.7632      1.050     0.3880    -0.5767 -9.990e-29
 203.987269      1.048   0.636779    14.8612    -1.7630      1.039     0.3894    -0.5762 -9.990e-29
 203.987274      1.031   0.637619    14.8680    -1.7631      1.022     0.3898    -0.5769 -9.990e-29
 203.987280      1.018   0.637096    14.8772    -1.7633      1.010     0.3894    -0.5786 -9.990e-29
 203.987286      1.010   0.635624    14.8869    -1.7637      1.002     0.3884    -0.5808 -9.990e-29
 203.987292      1.008   0.634017    14.8960    -1.7640      1.000     0.3873    -0.5830 -9.990e-29
 203.987297      1.011   0.632908    14.9040    -1.7640      1.003     0.3865    -0.5848 -9.990e-29
 203.987303      1.016   0.632485    14.9107    -1.7643      1.008     0.3862    -0.5861 -9.990e-29
 203.987309      1.013   0.632737    14.9163    -1.7641      1.005     0.3863    -0.5869 -9.990e-29
 203.987315      1.004   0.633446    14.9210    -1.7639      0.996     0.3867    -0.5873 -9.990e-29
 203.987321      0.995   0.633892    14.9237    -1.7636      0.987     0.3869    -0.5875 -9.990e-29
 203.987326      0.991   0.633557    14.9226    -1.7635      0.983     0.3867    -0.5875 -9.990e-29
 203.987332      0.991   0.633107    14.9177    -1.7634      0.983     0.3865    -0.5869 -9.990e-29
 203.987338      0.996   0.633605    14.9112    -1.7632      0.988     0.3869    -0.5856 -9.990e-29
 203.987344      1.005   0.635161    14.9054    -1.7631      0.997     0.3879    -0.5840 -9.990e-29
 203.987350      1.015   0.636519    14.9015    -1.7633      1.007     0.3888    -0.5827 -9.990e-29
 203.987355      1.022   0.636158    14.9001    -1.7636      1.013     0.3886    -0.5826 -9.990e-29
 203.987361      1.027   0.634151    14.9019    -1.7642      1.018     0.3873    -0.5839 -9.990e-29
 203.987367      1.030   0.632263    14.9061    -1.7645      1.021     0.3861    -0.5855 -9.990e-29
 203.987373      1.032   0.631864    14.9107    -1.7649      1.023     0.3858    -0.5864 -9.990e-29
 203.987378      1.031   0.632977    14.9145    -1.7650      1.022     0.3864    -0.5865 -9.990e-29
 203.987384      1.033   0.634864    14.9178    -1.7648      1.024     0.3876    -0.5861 -9.990e-29
 203.987390      1.043   0.636710    14.9205    -1.7649      1.034     0.3887    -0.5856 -9.990e-29
 203.987396      1.055   0.638201    14.9210    -1.7650      1.046     0.3897    -0.5849 -9.990e-29
 203.987402      1.068   0.639104    14.9175    -1.7646      1.059     0.3903    -0.5839 -9.990e-29
 203.987407      1.081   0.638958    14.9099    -1.7640      1.072     0.3903    -0.5828 -9.990e-29
 203.987413      1.091   0.637568    14.9002    -1.7636      1.082     0.3895    -0.5820 -9.990e-29
 203.987419      1.094   0.635301    14.8906    -1.7635      1.085     0.3881    -0.5815 -9.990e-29
 203.987425      1.092   0.633022    14.8828    -1.7635      1.083     0.3868    -0.5814 -9.990e-29
 203.987431      1.083   0.631577    14.8786    -1.7635      1.074     0.3859    -0.5815 -9.990e-29
 203.987436      1.071   0.631261    14.8777    -1.7634      1.062     0.3857    -0.5815 -9.990e-29
 203.987442      1.064   0.631650    14.8781    -1.7632      1.055     0.3859    -0.5814 -9.990e-29
 203.987448      1.062   0.632155    14.8806    -1.7629      1.053     0.3862    -0.5815 -9.990e-29
 203.987454      1.056   0.632894    14.8875    -1.7629      1.047     0.3866    -0.5822 -9.990e-29
 203.987459      1.045   0.634296    14.8976    -1.7629      1.036     0.3874    -0.5831 -9.990e-29
 203.987465      1.038   0.636008    14.9067    -1.7630      1.029     0.3884    -0.5837 -9.990e-29
 203.987471      1.039   0.636983    14.9124    -1.7634      1.030     0.3890    -0.5842 -9.990e-29
 203.987477      1.046   0.636299    14.9155    -1.7634      1.037     0.3885    -0.5850 -9.990e-29
 203.987483      1.057   0.634154    14.9175    -1.7633      1.048     0.3872    -0.5864 -9.990e-29
 203.987488      1.064   0.632131    14.9200    -1.7631      1.055     0.3859    -0.5877 -9.990e-29
 203.987494      1.067   0.631973    14.9239    -1.7629      1.058     0.3857    -0.5884 -9.990e-29
 203.987500      1.071   0.634026    14.9281    -1.7626      1.062     0.3870    -0.5881 -9.990e-29
 203.987506      1.075   0.636583    14.9306    -1.7624      1.066     0.3886    -0.5872 -9.990e-29
 203.987512      1.081   0.637502    14.9301    -1.7627      1.072     0.3892    -0.5867 -9.990e-29
 203.987517      1.084   0.636343    14.9269    -1.7627      1.075     0.3884    -0.5868 -9.990e-29
 203.987523      1.084   0.634336    14.9231    -1.7626      1.075     0.3872    -0.5872 -9.990e-29
 203.987529      1.086   0.632693    14.9218    -1.7626      1.077     0.3862    -0.5878 -9.990e-29
 203.987535      1.089   0.631998    14.9242    -1.7628      1.080     0.3857    -0.5885 -9.990e-29
 203.987541      1.095   0.632436    14.9286    -1.7627      1.086     0.3860    -0.5890 -9.990e-29
 203.987546      1.099   0.633481    14.9335    -1.7625      1.090     0.3866    -0.5892 -9.990e-29
 203.987552      1.096   0.634304    14.9378    -1.7624      1.087     0.3871    -0.5895 -9.990e-29
 203.987558      1.092   0.634336    14.9403    -1.7622      1.083     0.3871    -0.5899 -9.990e-29
 203.987564      1.094   0.633622    14.9405    -1.7618      1.085     0.3866    -0.5903 -9.990e-29
 203.987569      1.103   0.632873    14.9401    -1.7619      1.094     0.3861    -0.5906 -9.990e-29
 203.987575      1.110   0.632755    14.9400    -1.7619      1.101     0.3861    -0.5906 -9.990e-29
 203.987581      1.112   0.633113    14.9396    -1.7618      1.103     0.3863    -0.5904 -9.990e-29
 203.987587      1.114   0.633311    14.9394    -1.7616      1.105     0.3864    -0.5902 -9.990e-29
 203.987593      1.119   0.633615    14.9409    -1.7614      1.110     0.3866    -0.5903 -9.990e-29
 203.987598      1.123   0.634986    14.9439    -1.7613      1.114     0.3874    -0.5901 -9.990e-29
 203.987604      1.123   0.637031    14.9480    -1.7611      1.114     0.3887    -0.5898 -9.990e-29
 203.987610      1.123   0.638035    14.9538    -1.7611      1.114     0.3893    -0.5902 -9.990e-29
 203.987616      1.127   0.637114    14.9594    -1.7612      1.118     0.3886    -0.5915 -9.990e-29
 203.987622      1.131   0.634705    14.9622    -1.7610      1.122     0.3871    -0.5932 -9.990e-29
 203.987627      1.131   0.632040    14.9636    -1.7603      1.122     0.3854    -0.5947 -9.990e-29
 203.987633      1.131   0.630560    14.9661    -1.7595      1.122     0.3844    -0.5958 -9.990e-29
 203.987639      1.136   0.631069    14.9697    -1.7587      1.127     0.3847    -0.5961 -9.990e-29
 203.987645      1.142   0.633136    14.9738    -1.7584      1.132     0.3860    -0.5958 -9.990e-29
 203.987650      1.144   0.635074    14.9778    -1.7583      1.134     0.3872    -0.5955 -9.990e-29
 203.987656      1.143   0.635765    14.9811    -1.7580      1.133     0.3876    -0.5957 -9.990e-29
 203.987662      1.139   0.635577    14.9833    -1.7577      1.129     0.3874    -0.5961 -9.990e-29
 203.987668      1.132   0.634997    14.9861    -1.7576      1.123     0.3870    -0.5968 -9.990e-29
 203.987674      1.121   0.634361    14.9933    -1.7577      1.112     0.3866    -0.5983 -9.990e-29
 203.987679      1.106   0.634117    15.0068    -1.7577      1.097     0.3863    -0.6005 -9.990e-29
 203.987685      1.089   0.634493    15.0242    -1.7578      1.080     0.3864    -0.6031 -9.990e-29
 203.987691      1.078   0.635437    15.0405    -1.7580      1.069     0.3868    -0.6053 -9.990e-29
 203.987697      1.077   0.636539    15.0523    -1.7583      1.068     0.3874    -0.6066 -9.990e-29
 203.987703      1.086   0.637049    15.0607    -1.7584      1.077     0.3876    -0.6077 -9.990e-29
 203.987708      1.102   0.636537    15.0682    -1.7585      1.093     0.3872    -0.6092 -9.990e-29
 203.987714      1.115   0.635430    15.0742    -1.7585      1.106     0.3865    -0.6107 -9.990e-29
 203.987720      1.124   0.634470    15.0772    -1.7585      1.115     0.3858    -0.6116 -9.990e-29
 203.987726      1.128   0.634042    15.0773    -1.7586      1.119     0.3856    -0.6118 -9.990e-29
 203.987731      1.129   0.634130    15.0758    -1.7586      1.120     0.3856    -0.6115 -9.990e-29
 203.987737      1.125   0.634296    15.0732    -1.7586      1.116     0.3858    -0.6110 -9.990e-29
 203.987743      1.117   0.633651    15.0687    -1.7586      1.108     0.3854    -0.6106 -9.990e-29
 203.987749      1.104   0.631890    15.0633    -1.7586      1.095     0.3843    -0.6106 -9.990e-29
 203.987755      1.089   0.629993    15.0591    -1.7587      1.080     0.3832    -0.6109 -9.990e-29
 203.987760      1.081   0.629317    15.0565    -1.7587      1.072     0.3828    -0.6108 -9.990e-29
 203.987766      1.083   0.630628    15.0549    -1.7587      1.074     0.3836    -0.6099 -9.990e-29
 203.987772      1.091   0.633450    15.0540    -1.7590      1.082     0.3854    -0.6084 -9.990e-29
 203.987778      1.096   0.635996    15.0532    -1.7594      1.087     0.3870    -0.6070 -9.990e-29
 203.987784      1.096   0.636662    15.0524    -1.7600      1.087     0.3875    -0.6066 -9.990e-29
 203.987789      1.089   0.635780    15.0516    -1.7603      1.080     0.3869    -0.6069 -9.990e-29
 203.987795      1.080   0.634950    15.0513    -1.7606      1.071     0.3864    -0.6072 -9.990e-29
 203.987801      1.077   0.634730    15.0513    -1.7607      1.068     0.3862    -0.6073 -9.990e-29
 203.987807      1.079   0.634269    15.0506    -1.7606      1.070     0.3860    -0.6075 -9.990e-29
 203.987812      1.078   0.632955    15.0488    -1.7605      1.069     0.3852    -0.6078 -9.990e-29
 203.987818      1.070   0.631254    15.0447    -1.7603      1.061     0.3841    -0.6080 -9.990e-29
 203.987824      1.058   0.630230    15.0372    -1.7601      1.049     0.3835    -0.6073 -9.990e-29
 203.987830      1.050   0.630737    15.0266    -1.7602      1.041     0.3840    -0.6053 -9.990e-29
 203.987836      1.051   0.632896    15.0155    -1.7601      1.042     0.3854    -0.6025 -9.990e-29
 203.987841      1.055   0.635697    15.0068    -1.7601      1.046     0.3873    -0.5998 -9.990e-29
 203.987847      1.060   0.637323    15.0011    -1.7600      1.051     0.3884    -0.5981 -9.990e-29
 203.987853      1.064   0.636608    14.9984    -1.7597      1.055     0.3879    -0.5980 -9.990e-29
