data/oxygen options/OCNMS/OCNMS1/raw_data/2015/CAST_KL027_150528faed.cnv
* Sea-Bird SBE19 Data File:
* FileName = C:\2015 Mooring Data\Casts\CAST_KL027_150528.hex
* Software Version 1.59
* Temperature SN = 2997
* Conductivity SN = 2997
* System UpLoad Time = May 28 2015 18:33:57
** CAST_KL027_150528
* ds
# nquan = 9                                 
# nvalues = 1127                        
# units = specified
# name 0 = timeJ: Julian Days
# name 1 = prSM: Pressure, Strain Gauge [db]
# name 2 = c0mS/cm: Conductivity [mS/cm]
# name 3 = t090C: Temperature [ITS-90, deg C]
# name 4 = sbeox0ML/L: Oxygen, SBE 43 [ml/l]
# name 5 = depSM: Depth [salt water, m], lat = 47.5
# name 6 = sal00: Salinity, Practical [PSU]
# name 7 = sigma-é00: Density [sigma-theta, kg/m^3]
# name 8 = flag: flag
# span 0 = 148.761053, 148.767569       
# span 1 =     -4.911,     28.628       
# span 2 =   0.056160,  37.524494       
# span 3 =     8.1221,    13.2912       
# span 4 =    -9.9510,    16.6857       
# span 5 =     -4.870,     28.387       
# span 6 =     0.0367,    33.2951       
# span 7 =    -0.5719,    25.9173       
# span 8 = 0.0000e+00, 0.0000e+00       
# interval = seconds: 0.5
# start_time = May 28 2015 18:15:55 [Instrument's time stamp, header]
# bad_flag = -9.990e-29
*END*
[from data line 641]
 148.764763      1.767  37.516699    12.3121     8.7337      1.752    32.3159    24.4467 -9.990e-29
 148.764769      1.762  37.520894    12.3127     8.7331      1.747    32.3194    24.4493 -9.990e-29
 148.764774      1.759  37.520049    12.3100     8.7194      1.744    32.3210    24.4510 -9.990e-29
 148.764780      1.758  37.514622    12.3080     8.7178      1.743    32.3175    24.4487 -9.990e-29
 148.764786      1.758  37.511296    12.3092     8.7257      1.743    32.3133    24.4452 -9.990e-29
 148.764792      1.761  37.512823    12.3134     8.7316      1.746    32.3111    24.4427 -9.990e-29
 148.764797      1.765  37.518342    12.3182     8.7429      1.750    32.3122    24.4427 -9.990e-29
 148.764803      1.771  37.523903    12.3201     8.7365      1.756    32.3159    24.4452 -9.990e-29
 148.764809      1.776  37.524494    12.3181     8.7261      1.761    32.3182    24.4473 -9.990e-29
 148.764815      1.774  37.521367    12.3136     8.7295      1.759    32.3191    24.4489 -9.990e-29
 148.764821      1.772  37.518104    12.3093     8.7432      1.757    32.3197    24.4501 -9.990e-29
 148.764826      1.772  37.514740    12.3075     8.7613      1.757    32.3180    24.4492 -9.990e-29
 148.764832      1.774  37.513422    12.3092     8.7608      1.759    32.3153    24.4468 -9.990e-29
 148.764838      1.779  37.517340    12.3132     8.7443      1.764    32.3156    24.4462 -9.990e-29
 148.764844      1.788  37.522089    12.3161     8.7406      1.773    32.3176    24.4473 -9.990e-29
 148.764850      1.800  37.522696    12.3172     8.7489      1.785    32.3173    24.4468 -9.990e-29
 148.764855      1.812  37.520995    12.3189     8.7718      1.797    32.3142    24.4441 -9.990e-29
 148.764861      1.816  37.520228    12.3213     8.7871      1.801    32.3114    24.4414 -9.990e-29
 148.764867      1.813  37.520397    12.3223     8.7900      1.798    32.3107    24.4407 -9.990e-29
 148.764873      1.811  37.518266    12.3197     8.7885      1.796    32.3109    24.4413 -9.990e-29
 148.764878      1.810  37.510899    12.3133     8.7668      1.795    32.3093    24.4414 -9.990e-29
 148.764884      1.805  37.501831    12.3055     8.7430      1.790    32.3074    24.4413 -9.990e-29
 148.764890      1.800  37.496811    12.2997     8.7477      1.785    32.3075    24.4425 -9.990e-29
 148.764896      1.800  37.495215    12.2980     8.7826      1.785    32.3075    24.4428 -9.990e-29
 148.764902      1.805  37.495936    12.2996     8.8059      1.790    32.3068    24.4420 -9.990e-29
 148.764907      1.809  37.499278    12.3000     8.8117      1.794    32.3096    24.4441 -9.990e-29
 148.764913      1.811  37.501193    12.2943     8.8148      1.796    32.3164    24.4504 -9.990e-29
 148.764919      1.808  37.492927    12.2792     8.8066      1.793    32.3215    24.4572 -9.990e-29
 148.764925      1.802  37.465044    12.2589     8.8048      1.787    32.3123    24.4539 -9.990e-29
 148.764931      1.797  37.430159    12.2469     8.7747      1.782    32.2891    24.4382 -9.990e-29
 148.764936      1.795  37.420137    12.2484     8.7392      1.780    32.2782    24.4295 -9.990e-29
 148.764942      1.794  37.434968    12.2542     8.7369      1.779    32.2875    24.4356 -9.990e-29
 148.764948      1.787  37.450604    12.2586     8.7717      1.772    32.2987    24.4434 -9.990e-29
 148.764954      1.780  37.462013    12.2639     8.7973      1.765    32.3050    24.4474 -9.990e-29
 148.764959      1.776  37.471419    12.2688     8.8159      1.761    32.3098    24.4502 -9.990e-29
 148.764965      1.775  37.474451    12.2664     8.8464      1.760    32.3148    24.4545 -9.990e-29
 148.764971      1.777  37.463844    12.2520     8.8624      1.762    32.3171    24.4589 -9.990e-29
 148.764977      1.782  37.440495    12.2323     8.8676      1.767    32.3117    24.4584 -9.990e-29
 148.764983      1.790  37.415220    12.2174     8.8590      1.775    32.3002    24.4524 -9.990e-29
 148.764988      1.802  37.400186    12.2060     8.8475      1.787    32.2956    24.4510 -9.990e-29
 148.764994      1.814  37.396547    12.1942     8.8319      1.799    32.3023    24.4584 -9.990e-29
 148.765000      1.822  37.388701    12.1816     8.8163      1.807    32.3057    24.4633 -9.990e-29
 148.765006      1.832  37.374498    12.1772     8.7984      1.817    32.2958    24.4565 -9.990e-29
 148.765012      1.844  37.376386    12.1885     8.7779      1.829    32.2879    24.4482 -9.990e-29
 148.765017      1.855  37.398462    12.2047     8.7510      1.840    32.2951    24.4508 -9.990e-29
 148.765023      1.865  37.419052    12.2178     8.7525      1.849    32.3036    24.4549 -9.990e-29
 148.765029      1.871  37.436928    12.2314     8.7606      1.855    32.3090    24.4565 -9.990e-29
 148.765035      1.869  37.455089    12.2444     8.7621      1.853    32.3152    24.4589 -9.990e-29
 148.765041      1.863  37.462901    12.2511     8.7765      1.847    32.3169    24.4590 -9.990e-29
 148.765046      1.861  37.462837    12.2522     8.7821      1.845    32.3159    24.4580 -9.990e-29
 148.765052      1.863  37.464248    12.2527     8.7841      1.847    32.3168    24.4586 -9.990e-29
 148.765058      1.864  37.466117    12.2533     8.7826      1.848    32.3181    24.4595 -9.990e-29
 148.765064      1.870  37.462431    12.2515     8.7778      1.854    32.3161    24.4583 -9.990e-29
 148.765069      1.881  37.456589    12.2478     8.7754      1.865    32.3137    24.4571 -9.990e-29
 148.765075      1.888  37.453596    12.2448     8.7761      1.872    32.3134    24.4575 -9.990e-29
 148.765081      1.888  37.452170    12.2440     8.7790      1.872    32.3127    24.4571 -9.990e-29
 148.765087      1.885  37.451430    12.2452     8.7781      1.869    32.3110    24.4555 -9.990e-29
 148.765093      1.883  37.450294    12.2475     8.7787      1.867    32.3079    24.4527 -9.990e-29
 148.765098      1.882  37.450516    12.2513     8.7967      1.866    32.3048    24.4496 -9.990e-29
 148.765104      1.887  37.455658    12.2550     8.8105      1.871    32.3066    24.4502 -9.990e-29
 148.765110      1.897  37.463510    12.2568     8.8102      1.881    32.3126    24.4545 -9.990e-29
 148.765116      1.905  37.468752    12.2575     8.8101      1.889    32.3170    24.4578 -9.990e-29
 148.765122      1.907  37.469306    12.2579     8.7952      1.891    32.3172    24.4579 -9.990e-29
 148.765127      1.903  37.468618    12.2576     8.7823      1.887    32.3168    24.4577 -9.990e-29
 148.765133      1.898  37.469035    12.2568     8.7856      1.882    32.3179    24.4586 -9.990e-29
 148.765139      1.898  37.470458    12.2566     8.7912      1.882    32.3194    24.4599 -9.990e-29
 148.765145      1.905  37.474128    12.2570     8.8045      1.889    32.3226    24.4623 -9.990e-29
 148.765150      1.911  37.478115    12.2587     8.8105      1.895    32.3249    24.4638 -9.990e-29
 148.765156      1.910  37.479230    12.2634     8.8055      1.894    32.3220    24.4606 -9.990e-29
 148.765162      1.908  37.481105    12.2718     8.8182      1.892    32.3165    24.4548 -9.990e-29
 148.765168      1.909  37.488945    12.2817     8.8246      1.893    32.3155    24.4521 -9.990e-29
 148.765174      1.913  37.497974    12.2875     8.8255      1.897    32.3191    24.4538 -9.990e-29
 148.765179      1.920  37.497149    12.2852     8.8256      1.904    32.3203    24.4552 -9.990e-29
 148.765185      1.926  37.479669    12.2747     8.8207      1.910    32.3126    24.4512 -9.990e-29
 148.765191      1.927  37.452405    12.2580     8.8145      1.911    32.3009    24.4452 -9.990e-29
 148.765197      1.923  37.428243    12.2405     8.8119      1.907    32.2928    24.4423 -9.990e-29
 148.765203      1.915  37.411868    12.2309     8.8315      1.899    32.2853    24.4383 -9.990e-29
 148.765208      1.905  37.406014    12.2333     8.8183      1.889    32.2776    24.4319 -9.990e-29
 148.765214      1.903  37.402215    12.2418     8.8238      1.887    32.2667    24.4218 -9.990e-29
 148.765220      1.906  37.374002    12.2486     8.8455      1.890    32.2337    24.3949 -9.990e-29
 148.765226      1.909  37.332437    12.2518     8.8442      1.893    32.1911    24.3613 -9.990e-29
 148.765231      1.909  37.324034    12.2532     8.7973      1.893    32.1818    24.3538 -9.990e-29
 148.765237      1.913  37.353191    12.2537     8.7537      1.897    32.2094    24.3751 -9.990e-29
 148.765243      1.915  37.394219    12.2543     8.7614      1.899    32.2482    24.4051 -9.990e-29
 148.765249      1.912  37.426626    12.2571     8.7953      1.896    32.2769    24.4268 -9.990e-29
 148.765255      1.904  37.435243    12.2647     8.8329      1.888    32.2786    24.4267 -9.990e-29
 148.765260      1.889  37.391028    12.2757     8.8446      1.873    32.2267    24.3844 -9.990e-29
 148.765266      1.871  37.348582    12.2830     8.8450      1.855    32.1798    24.3466 -9.990e-29
 148.765272      1.858  37.392357    12.2797     8.8549      1.842    32.2246    24.3820 -9.990e-29
 148.765278      1.853  37.447100    12.2682     8.8758      1.838    32.2870    24.4326 -9.990e-29
 148.765284      1.856  37.457228    12.2583     8.8607      1.841    32.3053    24.4486 -9.990e-29
 148.765289      1.863  37.459591    12.2536     8.8242      1.847    32.3116    24.4544 -9.990e-29
 148.765295      1.865  37.461621    12.2493     8.7853      1.849    32.3172    24.4596 -9.990e-29
 148.765301      1.863  37.455171    12.2436     8.7665      1.847    32.3160    24.4597 -9.990e-29
 148.765307      1.865  37.443777    12.2448     8.7585      1.849    32.3040    24.4501 -9.990e-29
 148.765312      1.875  37.441200    12.2562     8.7648      1.859    32.2917    24.4385 -9.990e-29
 148.765318      1.891  37.447168    12.2684     8.7914      1.875    32.2869    24.4324 -9.990e-29
 148.765324      1.903  37.449254    12.2721     8.8196      1.887    32.2857    24.4308 -9.990e-29
 148.765330      1.910  37.436590    12.2641     8.8315      1.894    32.2804    24.4282 -9.990e-29
 148.765336      1.915  37.397137    12.2484     8.8309      1.899    32.2561    24.4123 -9.990e-29
 148.765341      1.923  37.352100    12.2314     8.7993      1.907    32.2275    24.3934 -9.990e-29
 148.765347      1.931  37.339338    12.2174     8.7576      1.915    32.2273    24.3958 -9.990e-29
 148.765353      1.934  37.351164    12.2091     8.7368      1.918    32.2458    24.4117 -9.990e-29
 148.765359      1.933  37.370068    12.2096     8.7376      1.917    32.2635    24.4254 -9.990e-29
 148.765365      1.927  37.387414    12.2195     8.7544      1.911    32.2717    24.4298 -9.990e-29
 148.765370      1.917  37.399218    12.2310     8.7719      1.901    32.2731    24.4288 -9.990e-29
 148.765376      1.906  37.397474    12.2371     8.7850      1.890    32.2662    24.4223 -9.990e-29
 148.765382      1.902  37.379097    12.2383     8.7864      1.886    32.2475    24.4076 -9.990e-29
 148.765388      1.905  37.377138    12.2369     8.7847      1.889    32.2468    24.4073 -9.990e-29
 148.765394      1.910  37.398880    12.2352     8.7883      1.894    32.2691    24.4249 -9.990e-29
 148.765399      1.918  37.417046    12.2353     8.7966      1.902    32.2865    24.4384 -9.990e-29
 148.765405      1.925  37.424823    12.2378     8.7941      1.909    32.2918    24.4420 -9.990e-29
 148.765411      1.927  37.427894    12.2411     8.7888      1.911    32.2919    24.4415 -9.990e-29
 148.765417      1.929  37.429594    12.2428     8.7779      1.913    32.2921    24.4413 -9.990e-29
 148.765422      1.939  37.428626    12.2422     8.7822      1.923    32.2917    24.4411 -9.990e-29
 148.765428      1.962  37.429110    12.2407     8.8233      1.946    32.2934    24.4427 -9.990e-29
 148.765434      1.999  37.435415    12.2399     8.8647      1.982    32.3001    24.4481 -9.990e-29
 148.765440      2.054  37.437809    12.2379     8.8990      2.037    32.3041    24.4516 -9.990e-29
 148.765446      2.125  37.434796    12.2293     8.9264      2.107    32.3086    24.4567 -9.990e-29
 148.765451      2.209  37.430572    12.2130     8.9698      2.191    32.3186    24.4675 -9.990e-29
 148.765457      2.306  37.424351    12.1936     9.0071      2.287    32.3294    24.4795 -9.990e-29
 148.765463      2.422  37.416047    12.1698     9.0218      2.402    32.3419    24.4937 -9.990e-29
 148.765469      2.560  37.395508    12.1269     9.0219      2.539    32.3592    24.5151 0.0000e+00
 148.765475      2.717  37.340193    12.0490     9.0056      2.694    32.3734    24.5407 0.0000e+00
 148.765480      2.885  37.250156    11.9402     8.9833      2.861    32.3808    24.5667 0.0000e+00
 148.765486      3.058  37.151484    11.8239     8.9226      3.032    32.3863    24.5925 0.0000e+00
 148.765492      3.234  37.063783    11.7252     8.8161      3.207    32.3871    24.6113 0.0000e+00
 148.765498      3.416  37.004459    11.6585     8.6844      3.387    32.3876    24.6238 0.0000e+00
 148.765503      3.603  36.975490    11.6228     8.5547      3.573    32.3905    24.6326 0.0000e+00
 148.765509      3.788  36.960463    11.6060     8.4236      3.756    32.3904    24.6356 0.0000e+00
 148.765515      3.968  36.947542    11.5898     8.2790      3.935    32.3919    24.6397 0.0000e+00
 148.765521      4.139  36.925465    11.5517     8.1310      4.104    32.4036    24.6557 0.0000e+00
 148.765527      4.310  36.872447    11.4640     7.9928      4.274    32.4286    24.6910 0.0000e+00
 148.765532      4.482  36.772544    11.3156     7.9028      4.445    32.4609    24.7429 0.0000e+00
 148.765538      4.650  36.644286    11.1360     7.8471      4.611    32.4930    24.7999 0.0000e+00
 148.765544      4.814  36.520526    10.9667     7.8151      4.774    32.5205    24.8512 0.0000e+00
 148.765550      4.983  36.418232    10.8347     7.7541      4.941    32.5361    24.8865 0.0000e+00
 148.765556      5.152  36.343176    10.7483     7.6621      5.109    32.5382    24.9032 0.0000e+00
 148.765561      5.321  36.287560    10.6867     7.5780      5.277    32.5376    24.9134 0.0000e+00
 148.765567      5.491  36.235875    10.6257     7.5176      5.445    32.5403    24.9260 0.0000e+00
 148.765573      5.661  36.187393    10.5679     7.4647      5.614    32.5434    24.9384 0.0000e+00
 148.765579      5.824  36.146226    10.5188     7.4295      5.775    32.5460    24.9488 0.0000e+00
 148.765584      5.982  36.108292    10.4647     7.3666      5.932    32.5563    24.9661 0.0000e+00
 148.765590      6.145  36.066536    10.4003     7.2675      6.094    32.5720    24.9893 0.0000e+00
 148.765596      6.314  36.017780    10.3418     7.1613      6.261    32.5753    25.0019 0.0000e+00
 148.765602      6.484  35.975295    10.2941     7.0672      6.430    32.5753    25.0100 0.0000e+00
 148.765608      6.653  35.953983    10.2444     6.9917      6.597    32.5984    25.0364 0.0000e+00
 148.765613      6.821  35.931390    10.1781     6.9149      6.764    32.6352    25.0762 0.0000e+00
 148.765619      6.993  35.880559    10.0946     6.7626      6.935    32.6591    25.1088 0.0000e+00
 148.765625      7.174  35.818726    10.0201     6.5531      7.114    32.6637    25.1249 0.0000e+00
 148.765631      7.367  35.768069     9.9750     6.2924      7.305    32.6530    25.1240 0.0000e+00
 148.765637      7.563  35.735393     9.9476     6.0368      7.500    32.6445    25.1220 0.0000e+00
 148.765642      7.758  35.713920     9.9132     5.8479      7.693    32.6538    25.1348 0.0000e+00
 148.765648      7.955  35.685473     9.8575     5.7250      7.888    32.6752    25.1608 0.0000e+00
 148.765654      8.154  35.643320     9.7852     5.6714      8.086    32.6978    25.1903 0.0000e+00
 148.765660      8.355  35.588241     9.7078     5.5992      8.285    32.7118    25.2140 0.0000e+00
 148.765666      8.562  35.525075     9.6406     5.4868      8.490    32.7083    25.2222 0.0000e+00
 148.765671      8.776  35.468050     9.5940     5.3378      8.703    32.6923    25.2172 0.0000e+00
 148.765677      8.993  35.436783     9.5604     5.1698      8.918    32.6908    25.2215 0.0000e+00
