data/oxygen options/OCNMS/OCNMS1/raw_data/2015/CAST_TH042_150904faed.cnv
* Sea-Bird SBE19 Data File:
* FileName = C:\2015 Mooring Data\Casts\CAST_TH042_150904.hex
* Software Version 1.59
* Temperature SN = 2997
* Conductivity SN = 2997
* System UpLoad Time = Sep 04 2015 20:15:49
** CAST_TH042_150904
* ds
# nquan = 9                                 
# nvalues = 1178                        
# units = specified
# name 0 = timeJ: Julian Days
# name 1 = prSM: Pressure, Strain Gauge [db]
# name 2 = c0mS/cm: Conductivity [mS/cm]
# name 3 = t090C: Temperature [ITS-90, deg C]
# name 4 = sbeox0ML/L: Oxygen, SBE 43 [ml/l]
# name 5 = depSM: Depth [salt water, m], lat = 47.5
# name 6 = sal00: Salinity, Practical [PSU]
# name 7 = sigma-é00: Density [sigma-theta, kg/m^3]
# name 8 = flag: flag
# span 0 = 247.782060, 247.788872       
# span 1 =     -4.961,     43.195       
# span 2 =   0.377024,  39.971608       
# span 3 =    10.7383,    15.2496       
# span 4 =    -1.7827,    10.0302       
# span 5 =     -4.920,     42.830       
# span 6 =     0.2285,    32.7661       
# span 7 =    -0.7522,    25.0722       
# span 8 = 0.0000e+00, 0.0000e+00       
# interval = seconds: 0.5
# start_time = Sep 04 2015 18:46:10 [Instrument's time stamp, header]
# bad_flag = -9.990e-29
*END*
[from data line 481]
 247.784844      1.247  39.956263    15.1320     5.8790      1.237    32.2046    23.7894 -9.990e-29
 247.784850      1.249  39.955092    15.1307     5.8736      1.239    32.2047    23.7897 -9.990e-29
 247.784855      1.254  39.953978    15.1296     5.8687      1.244    32.2046    23.7899 -9.990e-29
 247.784861      1.258  39.953166    15.1289     5.8686      1.247    32.2044    23.7899 -9.990e-29
 247.784867      1.259  39.953106    15.1292     5.8749      1.248    32.2041    23.7896 -9.990e-29
 247.784873      1.255  39.953735    15.1306     5.8779      1.245    32.2035    23.7889 -9.990e-29
 247.784878      1.246  39.955138    15.1321     5.8779      1.236    32.2036    23.7886 -9.990e-29
 247.784884      1.237  39.956919    15.1326     5.8716      1.227    32.2047    23.7894 -9.990e-29
 247.784890      1.230  39.957310    15.1321     5.8637      1.220    32.2055    23.7901 -9.990e-29
 247.784896      1.225  39.956240    15.1315     5.8573      1.215    32.2050    23.7898 -9.990e-29
 247.784902      1.223  39.955614    15.1316     5.8571      1.213    32.2044    23.7893 -9.990e-29
 247.784907      1.222  39.955687    15.1321     5.8655      1.212    32.2041    23.7889 -9.990e-29
 247.784913      1.223  39.955963    15.1326     5.8745      1.213    32.2039    23.7887 -9.990e-29
 247.784919      1.226  39.956218    15.1326     5.8770      1.216    32.2041    23.7889 -9.990e-29
 247.784925      1.231  39.956198    15.1324     5.8762      1.221    32.2043    23.7890 -9.990e-29
 247.784931      1.239  39.955841    15.1323     5.8628      1.229    32.2040    23.7889 -9.990e-29
 247.784936      1.249  39.955201    15.1320     5.8593      1.239    32.2037    23.7887 -9.990e-29
 247.784942      1.263  39.955075    15.1318     5.8542      1.252    32.2037    23.7888 -9.990e-29
 247.784948      1.278  39.955823    15.1319     5.8603      1.267    32.2043    23.7892 -9.990e-29
 247.784954      1.284  39.956725    15.1319     5.8654      1.273    32.2051    23.7898 -9.990e-29
 247.784959      1.284  39.957270    15.1320     5.8767      1.273    32.2055    23.7901 -9.990e-29
 247.784965      1.285  39.957590    15.1327     5.8797      1.274    32.2052    23.7897 -9.990e-29
 247.784971      1.293  39.958080    15.1339     5.8621      1.282    32.2047    23.7890 -9.990e-29
 247.784977      1.306  39.959361    15.1348     5.8467      1.295    32.2051    23.7892 -9.990e-29
 247.784983      1.322  39.960867    15.1347     5.8304      1.311    32.2065    23.7903 -9.990e-29
 247.784988      1.334  39.960647    15.1336     5.8419      1.323    32.2072    23.7911 -9.990e-29
 247.784994      1.338  39.958373    15.1319     5.8567      1.327    32.2066    23.7909 -9.990e-29
 247.785000      1.333  39.956028    15.1306     5.8692      1.322    32.2056    23.7904 -9.990e-29
 247.785006      1.325  39.955499    15.1298     5.8719      1.314    32.2057    23.7907 -9.990e-29
 247.785012      1.317  39.956050    15.1293     5.8618      1.306    32.2066    23.7915 -9.990e-29
 247.785017      1.307  39.956137    15.1289     5.8578      1.296    32.2071    23.7919 -9.990e-29
 247.785023      1.301  39.955844    15.1286     5.8556      1.290    32.2070    23.7920 -9.990e-29
 247.785029      1.302  39.954748    15.1281     5.8617      1.291    32.2065    23.7917 -9.990e-29
 247.785035      1.310  39.953601    15.1277     5.8593      1.299    32.2058    23.7912 -9.990e-29
 247.785041      1.321  39.954205    15.1275     5.8478      1.310    32.2065    23.7918 -9.990e-29
 247.785046      1.331  39.955089    15.1273     5.8502      1.320    32.2074    23.7926 -9.990e-29
 247.785052      1.346  39.955155    15.1271     5.8558      1.335    32.2076    23.7928 -9.990e-29
 247.785058      1.366  39.955018    15.1272     5.8662      1.355    32.2074    23.7926 -9.990e-29
 247.785064      1.385  39.955026    15.1277     5.8806      1.373    32.2070    23.7922 -9.990e-29
 247.785069      1.398  39.955715    15.1286     5.8795      1.386    32.2069    23.7919 -9.990e-29
 247.785075      1.408  39.956849    15.1300     5.8662      1.396    32.2068    23.7915 -9.990e-29
 247.785081      1.414  39.958227    15.1314     5.8499      1.402    32.2068    23.7912 -9.990e-29
 247.785087      1.417  39.959408    15.1321     5.8439      1.405    32.2073    23.7915 -9.990e-29
 247.785093      1.417  39.959694    15.1317     5.8511      1.405    32.2079    23.7920 -9.990e-29
 247.785098      1.415  39.959432    15.1307     5.8684      1.403    32.2085    23.7927 -9.990e-29
 247.785104      1.413  39.958802    15.1294     5.8850      1.401    32.2090    23.7933 -9.990e-29
 247.785110      1.417  39.957491    15.1282     5.8911      1.405    32.2088    23.7935 -9.990e-29
 247.785116      1.423  39.955962    15.1275     5.8777      1.411    32.2080    23.7930 -9.990e-29
 247.785122      1.426  39.954949    15.1272     5.8594      1.414    32.2073    23.7925 -9.990e-29
 247.785127      1.427  39.954749    15.1270     5.8578      1.415    32.2073    23.7926 -9.990e-29
 247.785133      1.425  39.955062    15.1267     5.8537      1.413    32.2079    23.7930 -9.990e-29
 247.785139      1.421  39.955154    15.1267     5.8533      1.409    32.2079    23.7931 -9.990e-29
 247.785145      1.419  39.955114    15.1270     5.8551      1.407    32.2077    23.7928 -9.990e-29
 247.785150      1.423  39.955416    15.1270     5.8595      1.411    32.2079    23.7930 -9.990e-29
 247.785156      1.429  39.955871    15.1267     5.8686      1.417    32.2086    23.7936 -9.990e-29
 247.785162      1.432  39.955930    15.1266     5.8768      1.420    32.2087    23.7937 -9.990e-29
 247.785168      1.434  39.955640    15.1265     5.8713      1.422    32.2085    23.7936 -9.990e-29
 247.785174      1.433  39.955702    15.1263     5.8620      1.421    32.2088    23.7938 -9.990e-29
 247.785179      1.431  39.956165    15.1260     5.8532      1.419    32.2094    23.7944 -9.990e-29
 247.785185      1.427  39.956492    15.1254     5.8511      1.415    32.2102    23.7951 -9.990e-29
 247.785191      1.421  39.956528    15.1249     5.8592      1.409    32.2107    23.7956 -9.990e-29
 247.785197      1.413  39.956286    15.1248     5.8683      1.401    32.2105    23.7955 -9.990e-29
 247.785203      1.405  39.955972    15.1249     5.8818      1.393    32.2102    23.7952 -9.990e-29
 247.785208      1.402  39.956256    15.1250     5.8881      1.390    32.2103    23.7953 -9.990e-29
 247.785214      1.400  39.956925    15.1251     5.8754      1.388    32.2109    23.7957 -9.990e-29
 247.785220      1.393  39.957155    15.1253     5.8540      1.381    32.2109    23.7957 -9.990e-29
 247.785226      1.387  39.957221    15.1255     5.8462      1.375    32.2108    23.7956 -9.990e-29
 247.785231      1.389  39.957740    15.1259     5.8409      1.377    32.2109    23.7956 -9.990e-29
 247.785237      1.398  39.958248    15.1265     5.8469      1.386    32.2109    23.7954 -9.990e-29
 247.785243      1.408  39.958268    15.1271     5.8580      1.396    32.2104    23.7949 -9.990e-29
 247.785249      1.415  39.958355    15.1274     5.8599      1.403    32.2102    23.7947 -9.990e-29
 247.785255      1.418  39.958593    15.1275     5.8667      1.406    32.2104    23.7948 -9.990e-29
 247.785260      1.419  39.958705    15.1276     5.8768      1.407    32.2104    23.7948 -9.990e-29
 247.785266      1.417  39.958807    15.1279     5.8770      1.405    32.2102    23.7946 -9.990e-29
 247.785272      1.413  39.959002    15.1278     5.8659      1.401    32.2105    23.7948 -9.990e-29
 247.785278      1.405  39.958397    15.1270     5.8441      1.393    32.2106    23.7951 -9.990e-29
 247.785284      1.398  39.956715    15.1260     5.8268      1.386    32.2099    23.7948 -9.990e-29
 247.785289      1.400  39.956166    15.1257     5.8429      1.388    32.2097    23.7947 -9.990e-29
 247.785295      1.410  39.957107    15.1261     5.8526      1.398    32.2102    23.7950 -9.990e-29
 247.785301      1.422  39.957955    15.1275     5.8499      1.410    32.2098    23.7944 -9.990e-29
 247.785307      1.431  39.958688    15.1303     5.8489      1.419    32.2082    23.7925 -9.990e-29
 247.785313      1.438  39.959127    15.1324     5.8486      1.426    32.2068    23.7910 -9.990e-29
 247.785318      1.443  39.958703    15.1318     5.8619      1.431    32.2069    23.7912 -9.990e-29
 247.785324      1.447  39.958504    15.1303     5.8728      1.435    32.2080    23.7924 -9.990e-29
 247.785330      1.451  39.959352    15.1296     5.8834      1.439    32.2093    23.7935 -9.990e-29
 247.785336      1.453  39.960101    15.1288     5.8761      1.441    32.2106    23.7947 -9.990e-29
 247.785341      1.455  39.960034    15.1275     5.8807      1.443    32.2117    23.7958 -9.990e-29
 247.785347      1.457  39.959591    15.1265     5.8734      1.445    32.2121    23.7963 -9.990e-29
 247.785353      1.458  39.959268    15.1258     5.8589      1.446    32.2124    23.7967 -9.990e-29
 247.785359      1.459  39.959165    15.1252     5.8569      1.447    32.2128    23.7971 -9.990e-29
 247.785365      1.460  39.959112    15.1247     5.8489      1.448    32.2131    23.7975 -9.990e-29
 247.785370      1.461  39.959005    15.1248     5.8412      1.449    32.2130    23.7974 -9.990e-29
 247.785376      1.462  39.959231    15.1255     5.8430      1.450    32.2126    23.7969 -9.990e-29
 247.785382      1.463  39.960058    15.1260     5.8547      1.451    32.2129    23.7971 -9.990e-29
 247.785388      1.463  39.960871    15.1266     5.8604      1.451    32.2131    23.7971 -9.990e-29
 247.785394      1.464  39.961602    15.1273     5.8695      1.452    32.2132    23.7970 -9.990e-29
 247.785399      1.465  39.962631    15.1281     5.8686      1.453    32.2135    23.7971 -9.990e-29
 247.785405      1.467  39.963614    15.1287     5.8699      1.455    32.2139    23.7972 -9.990e-29
 247.785411      1.468  39.964147    15.1288     5.8699      1.456    32.2143    23.7975 -9.990e-29
 247.785417      1.470  39.964349    15.1286     5.8786      1.458    32.2146    23.7978 -9.990e-29
 247.785422      1.473  39.964455    15.1288     5.8797      1.461    32.2146    23.7977 -9.990e-29
 247.785428      1.476  39.964575    15.1294     5.8734      1.464    32.2142    23.7973 -9.990e-29
 247.785434      1.480  39.964835    15.1297     5.8658      1.468    32.2142    23.7972 -9.990e-29
 247.785440      1.480  39.964988    15.1297     5.8499      1.468    32.2143    23.7973 -9.990e-29
 247.785446      1.474  39.964644    15.1295     5.8435      1.462    32.2141    23.7973 -9.990e-29
 247.785451      1.463  39.964435    15.1296     5.8397      1.451    32.2139    23.7971 -9.990e-29
 247.785457      1.453  39.964610    15.1298     5.8320      1.441    32.2139    23.7970 -9.990e-29
 247.785463      1.443  39.964249    15.1295     5.8296      1.431    32.2138    23.7970 -9.990e-29
 247.785469      1.431  39.963397    15.1285     5.8368      1.419    32.2139    23.7973 -9.990e-29
 247.785475      1.417  39.962008    15.1263     5.8469      1.405    32.2144    23.7982 -9.990e-29
 247.785480      1.409  39.958200    15.1223     5.8526      1.397    32.2143    23.7990 -9.990e-29
 247.785486      1.415  39.953032    15.1188     5.8536      1.403    32.2125    23.7984 -9.990e-29
 247.785492      1.426  39.951359    15.1187     5.8507      1.414    32.2111    23.7973 -9.990e-29
 247.785498      1.435  39.953719    15.1208     5.8541      1.423    32.2115    23.7971 -9.990e-29
 247.785503      1.443  39.956495    15.1229     5.8710      1.431    32.2123    23.7973 -9.990e-29
 247.785509      1.449  39.958308    15.1241     5.8792      1.437    32.2129    23.7975 -9.990e-29
 247.785515      1.454  39.959859    15.1246     5.8793      1.442    32.2139    23.7981 -9.990e-29
 247.785521      1.459  39.961503    15.1251     5.8644      1.447    32.2150    23.7988 -9.990e-29
 247.785527      1.464  39.962594    15.1255     5.8611      1.452    32.2156    23.7993 -9.990e-29
 247.785532      1.469  39.962872    15.1259     5.8593      1.457    32.2155    23.7991 -9.990e-29
 247.785538      1.475  39.963236    15.1262     5.8561      1.463    32.2156    23.7991 -9.990e-29
 247.785544      1.481  39.963579    15.1264     5.8590      1.469    32.2157    23.7992 -9.990e-29
 247.785550      1.488  39.963205    15.1264     5.8624      1.476    32.2154    23.7989 -9.990e-29
 247.785556      1.497  39.962141    15.1262     5.8645      1.485    32.2146    23.7983 -9.990e-29
 247.785561      1.509  39.960438    15.1255     5.8658      1.496    32.2136    23.7978 -9.990e-29
 247.785567      1.523  39.958609    15.1241     5.8705      1.510    32.2132    23.7977 -9.990e-29
 247.785573      1.537  39.957922    15.1221     5.8698      1.524    32.2142    23.7989 -9.990e-29
 247.785579      1.543  39.957983    15.1208     5.8701      1.530    32.2153    23.8000 -9.990e-29
 247.785584      1.541  39.957528    15.1212     5.8799      1.528    32.2146    23.7994 -9.990e-29
 247.785590      1.544  39.957604    15.1212     5.8798      1.531    32.2146    23.7994 -9.990e-29
 247.785596      1.565  39.957161    15.1194     5.8746      1.552    32.2157    23.8007 -9.990e-29
 247.785602      1.606  39.953897    15.1174     5.8565      1.593    32.2144    23.8001 -9.990e-29
 247.785608      1.660  39.950723    15.1167     5.8398      1.646    32.2121    23.7985 -9.990e-29
 247.785613      1.722  39.950668    15.1166     5.8284      1.708    32.2121    23.7985 -9.990e-29
 247.785619      1.792  39.952508    15.1155     5.8210      1.777    32.2146    23.8007 -9.990e-29
 247.785625      1.879  39.953618    15.1139     5.8218      1.863    32.2169    23.8028 -9.990e-29
 247.785631      1.992  39.953205    15.1133     5.8437      1.975    32.2170    23.8030 -9.990e-29
 247.785637      2.131  39.952935    15.1132     5.8580      2.113    32.2168    23.8029 0.0000e+00
 247.785642      2.281  39.952978    15.1131     5.8645      2.262    32.2169    23.8029 0.0000e+00
 247.785648      2.437  39.952799    15.1125     5.8747      2.417    32.2171    23.8033 0.0000e+00
 247.785654      2.604  39.952128    15.1107     5.8821      2.582    32.2179    23.8043 0.0000e+00
 247.785660      2.788  39.950040    15.1085     5.8831      2.765    32.2178    23.8047 0.0000e+00
 247.785666      2.983  39.947647    15.1069     5.8767      2.958    32.2169    23.8043 0.0000e+00
 247.785671      3.180  39.946214    15.1057     5.8657      3.153    32.2165    23.8043 0.0000e+00
 247.785677      3.380  39.944362    15.1034     5.8626      3.352    32.2167    23.8049 0.0000e+00
 247.785683      3.587  39.940712    15.0998     5.8641      3.557    32.2163    23.8054 0.0000e+00
 247.785689      3.804  39.934852    15.0956     5.8673      3.772    32.2144    23.8049 0.0000e+00
 247.785694      4.034  39.929036    15.0912     5.8646      4.000    32.2127    23.8045 0.0000e+00
 247.785700      4.273  39.925574    15.0855     5.8693      4.237    32.2142    23.8069 0.0000e+00
 247.785706      4.519  39.921501    15.0774     5.8707      4.481    32.2171    23.8109 0.0000e+00
 247.785712      4.771  39.914721    15.0689     5.8824      4.731    32.2179    23.8133 0.0000e+00
 247.785718      5.029  39.907940    15.0623     5.8909      4.987    32.2171    23.8142 0.0000e+00
 247.785723      5.286  39.902740    15.0559     5.8954      5.242    32.2176    23.8160 0.0000e+00
 247.785729      5.539  39.894398    15.0480     5.8949      5.493    32.2165    23.8168 0.0000e+00
 247.785735      5.785  39.882418    15.0411     5.8852      5.737    32.2114    23.8143 0.0000e+00
 247.785741      6.024  39.874349    15.0364     5.8813      5.974    32.2079    23.8127 0.0000e+00
 247.785747      6.258  39.871742    15.0323     5.8744      6.206    32.2088    23.8143 0.0000e+00
 247.785752      6.488  39.871089    15.0287     5.8744      6.434    32.2111    23.8168 0.0000e+00
 247.785758      6.717  39.870928    15.0266     5.8820      6.661    32.2126    23.8184 0.0000e+00
