data/oxygen options/OCNMS/OCNMS1/raw_data/2023/CAST_KL015_230717faed.cnv
* Sea-Bird SBE 19 Data File:
* FileName = C:\Users\OCNMS.Inst\Documents\2023 Mooring Data\Casts\CAST_KL015_230717.hex
* Software Version SeatermAF 2.1.4.55
* Temperature SN = 2997
* Conductivity SN = 2997
* System UpLoad Time = Jul 17 2023 23:02:01 (localtime) = Jul 17 2023 23:02:01 (UTC)
** CAST_KL015_230717
* ds
# nquan = 9                                 
# nvalues = 955                         
# units = specified
# name 0 = timeJ: Julian Days
# name 1 = prSM: Pressure, Strain Gauge [db]
# name 2 = c0mS/cm: Conductivity [mS/cm]
# name 3 = t090C: Temperature [ITS-90, deg C]
# name 4 = sbeox0ML/L: Oxygen, SBE 43 [ml/l]
# name 5 = depSM: Depth [salt water, m], lat = 47.5
# name 6 = sal00: Salinity, Practical [PSU]
# name 7 = sigma-é00: Density [sigma-theta, kg/m^3]
# name 8 = flag: flag
# span 0 = 198.929502, 198.935023       
# span 1 =     -6.297,     12.991       
# span 2 =   0.499271,  40.552996       
# span 3 =     8.4799,    21.9814       
# span 4 =    -1.6152,    11.4060       
# span 5 =     -6.245,     12.882       
# span 6 =     0.2594,    34.3052       
# span 7 =    -1.9429,    26.1211       
# span 8 = 0.0000e+00, 0.0000e+00       
# interval = seconds: 0.5
# start_time = Jul 17 2023 22:18:29 [Instrument's time stamp, header]
# bad_flag = -9.990e-29
*END*
[from data line 161]
 198.930434     -3.070   0.499318    21.4724    -1.6050     -3.044     0.2602    -1.9115 -9.990e-29
 198.930440     -3.055   0.499400    21.4755    -1.6044     -3.030     0.2602    -1.9121 -9.990e-29
 198.930446     -3.042   0.499646    21.4832    -1.6040     -3.017     0.2603    -1.9138 -9.990e-29
 198.930451     -3.028   0.499831    21.4942    -1.6043     -3.003     0.2603    -1.9162 -9.990e-29
 198.930457     -3.012   0.499646    21.5069    -1.6041     -2.987     0.2601    -1.9192 -9.990e-29
 198.930463     -2.995   0.499399    21.5192    -1.6042     -2.970     0.2599    -1.9220 -9.990e-29
 198.930469     -2.979   0.499317    21.5301    -1.6047     -2.954     0.2598    -1.9246 -9.990e-29
 198.930475     -2.968   0.499289    21.5415    -1.6051     -2.943     0.2598    -1.9272 -9.990e-29
 198.930480     -2.955   0.499280    21.5572    -1.6052     -2.930     0.2597    -1.9307 -9.990e-29
 198.930486     -2.937   0.499276    21.5763    -1.6047     -2.913     0.2595    -1.9351 -9.990e-29
 198.930492     -2.917   0.499275    21.5930    -1.6042     -2.893     0.2595    -1.9389 -9.990e-29
 198.930498     -2.897   0.499275    21.6028    -1.6041     -2.873     0.2594    -1.9411 -9.990e-29
 198.930503     -2.876   0.499275    21.6057    -1.6040     -2.852     0.2594    -1.9418 -9.990e-29
 198.930509     -2.857   0.499274    21.6052    -1.6040     -2.833     0.2594    -1.9416 -9.990e-29
 198.930515     -2.843   0.499274    21.6008    -1.6039     -2.819     0.2594    -1.9406 -9.990e-29
 198.930521     -2.833   0.499274    21.5920    -1.6047     -2.809     0.2595    -1.9386 -9.990e-29
 198.930527     -2.827   0.499274    21.5840    -1.6048     -2.803     0.2595    -1.9368 -9.990e-29
 198.930532     -2.824   0.499274    21.5836    -1.6052     -2.800     0.2595    -1.9367 -9.990e-29
 198.930538     -2.825   0.499273    21.5916    -1.6054     -2.801     0.2595    -1.9385 -9.990e-29
 198.930544     -2.828   0.499273    21.6015    -1.6054     -2.804     0.2594    -1.9408 -9.990e-29
 198.930550     -2.835   0.499273    21.6078    -1.6053     -2.811     0.2594    -1.9422 -9.990e-29
 198.930556     -2.841   0.499273    21.6107    -1.6050     -2.817     0.2594    -1.9429 -9.990e-29
 198.930561     -2.843   0.499273    21.6106    -1.6048     -2.819     0.2594    -1.9429 -9.990e-29
 198.930567     -2.845   0.499272    21.6053    -1.6047     -2.821     0.2594    -1.9417 -9.990e-29
 198.930573     -2.842   0.499272    21.5957    -1.6046     -2.818     0.2594    -1.9395 -9.990e-29
 198.930579     -2.827   0.499272    21.5858    -1.6045     -2.803     0.2595    -1.9372 -9.990e-29
 198.930584     -2.807   0.499272    21.5772    -1.6044     -2.784     0.2595    -1.9353 -9.990e-29
 198.930590     -2.788   0.499272    21.5716    -1.6043     -2.765     0.2596    -1.9340 -9.990e-29
 198.930596     -2.770   0.499271    21.5708    -1.6043     -2.747     0.2596    -1.9338 -9.990e-29
 198.930602     -2.752   0.499271    21.5742    -1.6047     -2.729     0.2596    -1.9346 -9.990e-29
 198.930608     -2.732   0.499271    21.5799    -1.6051     -2.709     0.2595    -1.9359 -9.990e-29
 198.930613     -2.709   0.499271    21.5856    -1.6055     -2.686     0.2595    -1.9372 -9.990e-29
 198.930619     -2.682   0.499271    21.5908    -1.6056     -2.660     0.2595    -1.9384 -9.990e-29
 198.930625     -2.653   0.499271    21.5955    -1.6057     -2.631     0.2594    -1.9394 -9.990e-29
 198.930631     -2.630   0.499271    21.5993    -1.6057     -2.608     0.2594    -1.9403 -9.990e-29
 198.930637     -2.614   0.499273    21.6016    -1.6061     -2.592     0.2594    -1.9408 -9.990e-29
 198.930642     -2.606   0.499278    21.6014    -1.6068     -2.584     0.2594    -1.9408 -9.990e-29
 198.930648     -2.603   0.499293    21.5974    -1.6075     -2.581     0.2594    -1.9398 -9.990e-29
 198.930654     -2.602   0.499338    21.5886    -1.6079     -2.580     0.2595    -1.9378 -9.990e-29
 198.930660     -2.599   0.499474    21.5775    -1.6083     -2.577     0.2596    -1.9352 -9.990e-29
 198.930666     -2.593   0.499885    21.5682    -1.6082     -2.571     0.2599    -1.9330 -9.990e-29
 198.930671     -2.584   0.500564    21.5618    -1.6083     -2.562     0.2603    -1.9312 -9.990e-29
 198.930677     -2.576   0.501308    21.5563    -1.6090     -2.555     0.2607    -1.9297 -9.990e-29
 198.930683     -2.573   0.501999    21.5487    -1.6093     -2.552     0.2612    -1.9277 -9.990e-29
 198.930689     -2.573   0.502451    21.5359    -1.6091     -2.552     0.2615    -1.9246 -9.990e-29
 198.930694     -2.573   0.502711    21.5178    -1.6085     -2.552     0.2617    -1.9204 -9.990e-29
 198.930700     -2.569   0.503127    21.4989    -1.6082     -2.548     0.2620    -1.9159 -9.990e-29
 198.930706     -2.565   0.503698    21.4838    -1.6080     -2.544     0.2624    -1.9123 -9.990e-29
 198.930712     -2.561   0.504078    21.4743    -1.6077     -2.540     0.2627    -1.9100 -9.990e-29
 198.930718     -2.551   0.504221    21.4682    -1.6080     -2.530     0.2628    -1.9085 -9.990e-29
 198.930723     -2.540   0.504317    21.4601    -1.6084     -2.519     0.2629    -1.9066 -9.990e-29
 198.930729     -2.530   0.504494    21.4496    -1.6093     -2.509     0.2630    -1.9042 -9.990e-29
 198.930735     -2.523   0.504986    21.4438    -1.6099     -2.502     0.2633    -1.9027 -9.990e-29
 198.930741     -2.517   0.505898    21.4475    -1.6105     -2.496     0.2638    -1.9032 -9.990e-29
 198.930747     -2.511   0.506782    21.4575    -1.6107     -2.490     0.2642    -1.9051 -9.990e-29
 198.930752     -2.505   0.507153    21.4676    -1.6103     -2.484     0.2644    -1.9072 -9.990e-29
 198.930758     -2.500   0.506953    21.4745    -1.6105     -2.479     0.2642    -1.9088 -9.990e-29
 198.930764     -2.494   0.506468    21.4760    -1.6104     -2.473     0.2639    -1.9094 -9.990e-29
 198.930770     -2.487   0.506162    21.4698    -1.6106     -2.466     0.2638    -1.9081 -9.990e-29
 198.930775     -2.479   0.506182    21.4557    -1.6109     -2.458     0.2639    -1.9049 -9.990e-29
 198.930781     -2.470   0.506553    21.4362    -1.6115     -2.449     0.2642    -1.9003 -9.990e-29
 198.930787     -2.458   0.507218    21.4164    -1.6124     -2.438     0.2647    -1.8956 -9.990e-29
 198.930793     -2.442   0.507953    21.4014    -1.6133     -2.422     0.2652    -1.8919 -9.990e-29
 198.930799     -2.423   0.508629    21.3946    -1.6132     -2.403     0.2656    -1.8901 -9.990e-29
 198.930804     -2.403   0.509040    21.3935    -1.6132     -2.383     0.2658    -1.8897 -9.990e-29
 198.930810     -2.385   0.509178    21.3928    -1.6130     -2.365     0.2659    -1.8895 -9.990e-29
 198.930816     -2.368   0.509230    21.3902    -1.6128     -2.348     0.2659    -1.8888 -9.990e-29
 198.930822     -2.355   0.509265    21.3836    -1.6127     -2.335     0.2660    -1.8873 -9.990e-29
 198.930828     -2.349   0.509329    21.3707    -1.6126     -2.329     0.2661    -1.8844 -9.990e-29
 198.930833     -2.347   0.509509    21.3517    -1.6123     -2.327     0.2663    -1.8801 -9.990e-29
 198.930839     -2.342   0.510044    21.3297    -1.6122     -2.322     0.2667    -1.8749 -9.990e-29
 198.930845     -2.336   0.511093    21.3124    -1.6125     -2.317     0.2674    -1.8706 -9.990e-29
 198.930851     -2.327   0.512392    21.3049    -1.6128     -2.308     0.2681    -1.8683 -9.990e-29
 198.930856     -2.316   0.513453    21.3049    -1.6128     -2.297     0.2687    -1.8679 -9.990e-29
 198.930862     -2.302   0.514029    21.3085    -1.6127     -2.283     0.2689    -1.8685 -9.990e-29
 198.930868     -2.287   0.514336    21.3134    -1.6127     -2.268     0.2691    -1.8695 -9.990e-29
 198.930874     -2.275   0.514784    21.3176    -1.6127     -2.256     0.2693    -1.8702 -9.990e-29
 198.930880     -2.266   0.515415    21.3217    -1.6129     -2.247     0.2696    -1.8709 -9.990e-29
 198.930885     -2.259   0.515961    21.3258    -1.6128     -2.240     0.2699    -1.8716 -9.990e-29
 198.930891     -2.253   0.516595    21.3264    -1.6128     -2.234     0.2702    -1.8715 -9.990e-29
 198.930897     -2.248   0.517609    21.3222    -1.6131     -2.229     0.2708    -1.8701 -9.990e-29
 198.930903     -2.243   0.518691    21.3173    -1.6136     -2.224     0.2714    -1.8686 -9.990e-29
 198.930909     -2.239   0.519622    21.3151    -1.6143     -2.220     0.2719    -1.8677 -9.990e-29
 198.930914     -2.235   0.520535    21.3148    -1.6142     -2.216     0.2724    -1.8672 -9.990e-29
 198.930920     -2.231   0.521356    21.3144    -1.6138     -2.212     0.2728    -1.8668 -9.990e-29
 198.930926     -2.227   0.522068    21.3128    -1.6138     -2.208     0.2732    -1.8662 -9.990e-29
 198.930932     -2.222   0.522882    21.3108    -1.6144     -2.203     0.2737    -1.8654 -9.990e-29
 198.930938     -2.216   0.523773    21.3091    -1.6147     -2.198     0.2742    -1.8646 -9.990e-29
 198.930943     -2.209   0.524637    21.3051    -1.6145     -2.191     0.2746    -1.8634 -9.990e-29
 198.930949     -2.200   0.525517    21.2963    -1.6138     -2.182     0.2752    -1.8611 -9.990e-29
 198.930955     -2.189   0.526476    21.2837    -1.6127     -2.171     0.2758    -1.8578 -9.990e-29
 198.930961     -2.175   0.527684    21.2732    -1.6114     -2.157     0.2765    -1.8550 -9.990e-29
 198.930966     -2.157   0.529089    21.2701    -1.6104     -2.139     0.2772    -1.8537 -9.990e-29
 198.930972     -2.138   0.530346    21.2712    -1.6098     -2.120     0.2779    -1.8534 -9.990e-29
 198.930978     -2.125   0.531466    21.2683    -1.6091     -2.107     0.2785    -1.8523 -9.990e-29
 198.930984     -2.122   0.532835    21.2602    -1.6088     -2.104     0.2793    -1.8499 -9.990e-29
 198.930990     -2.125   0.535168    21.2550    -1.6089     -2.107     0.2806    -1.8478 -9.990e-29
 198.930995     -2.125   0.539914    21.2592    -1.6090     -2.107     0.2831    -1.8468 -9.990e-29
 198.931001     -2.118   0.550628    21.2731    -1.6094     -2.100     0.2888    -1.8456 -9.990e-29
 198.931007     -2.104   0.574944    21.2933    -1.6094     -2.086     0.3017    -1.8401 -9.990e-29
 198.931013     -2.085   0.620333    21.3141    -1.6089     -2.068     0.3261    -1.8262 -9.990e-29
 198.931019     -2.069   0.687436    21.3312    -1.6085     -2.052     0.3623    -1.8023 -9.990e-29
 198.931024     -2.060   0.768696    21.3455    -1.6082     -2.043     0.4065    -1.7719 -9.990e-29
 198.931030     -2.057   0.847707    21.3579    -1.6081     -2.040     0.4497    -1.7417 -9.990e-29
 198.931036     -2.059   0.906168    21.3657    -1.6082     -2.042     0.4818    -1.7190 -9.990e-29
 198.931042     -2.063   0.937743    21.3672    -1.6084     -2.046     0.4992    -1.7061 -9.990e-29
 198.931047     -2.064   0.949597    21.3642    -1.6079     -2.047     0.5058    -1.7004 -9.990e-29
 198.931053     -2.063   0.952542    21.3604    -1.6077     -2.046     0.5075    -1.6983 -9.990e-29
 198.931059     -2.060   0.953834    21.3609    -1.6076     -2.043     0.5082    -1.6979 -9.990e-29
 198.931065     -2.058   0.956860    21.3674    -1.6079     -2.041     0.5098    -1.6981 -9.990e-29
 198.931071     -2.058   0.962880    21.3763    -1.6078     -2.041     0.5130    -1.6976 -9.990e-29
 198.931076     -2.050   0.971603    21.3834    -1.6073     -2.033     0.5178    -1.6956 -9.990e-29
 198.931082     -2.035   0.981906    21.3864    -1.6072     -2.018     0.5234    -1.6919 -9.990e-29
 198.931088     -2.020   0.992553    21.3856    -1.6072     -2.003     0.5293    -1.6872 -9.990e-29
 198.931094     -2.008   1.002766    21.3857    -1.6074     -1.991     0.5350    -1.6830 -9.990e-29
 198.931100     -1.999   1.012302    21.3892    -1.6075     -1.982     0.5403    -1.6797 -9.990e-29
 198.931105     -1.992   1.021674    21.3927    -1.6074     -1.975     0.5454    -1.6766 -9.990e-29
 198.931111     -1.986   1.032287    21.3931    -1.6072     -1.969     0.5513    -1.6722 -9.990e-29
 198.931117     -1.981   1.043872    21.3926    -1.6071     -1.964     0.5577    -1.6672 -9.990e-29
 198.931123     -1.977   1.054130    21.3960    -1.6071     -1.961     0.5634    -1.6636 -9.990e-29
 198.931128     -1.974   1.061767    21.4029    -1.6069     -1.958     0.5676    -1.6620 -9.990e-29
 198.931134     -1.972   1.065874    21.4084    -1.6068     -1.956     0.5698    -1.6615 -9.990e-29
 198.931140     -1.969   1.064718    21.4109    -1.6063     -1.953     0.5691    -1.6626 -9.990e-29
 198.931146     -1.966   1.057312    21.4113    -1.6062     -1.950     0.5650    -1.6658 -9.990e-29
 198.931152     -1.964   1.045427    21.4119    -1.6060     -1.948     0.5584    -1.6710 -9.990e-29
 198.931157     -1.961   1.033180    21.4147    -1.6057     -1.945     0.5515    -1.6768 -9.990e-29
 198.931163     -1.958   1.024203    21.4189    -1.6056     -1.942     0.5465    -1.6816 -9.990e-29
 198.931169     -1.954   1.019836    21.4225    -1.6055     -1.938     0.5440    -1.6843 -9.990e-29
 198.931175     -1.949   1.018693    21.4265    -1.6052     -1.933     0.5433    -1.6857 -9.990e-29
 198.931181     -1.943   1.017586    21.4332    -1.6051     -1.927     0.5427    -1.6877 -9.990e-29
 198.931186     -1.935   1.013376    21.4423    -1.6051     -1.919     0.5402    -1.6916 -9.990e-29
 198.931192     -1.929   1.005441    21.4521    -1.6052     -1.913     0.5357    -1.6972 -9.990e-29
 198.931198     -1.930   0.995952    21.4611    -1.6050     -1.914     0.5303    -1.7033 -9.990e-29
 198.931204     -1.932   0.987230    21.4694    -1.6052     -1.916     0.5254    -1.7088 -9.990e-29
 198.931209     -1.933   0.980400    21.4768    -1.6051     -1.917     0.5215    -1.7134 -9.990e-29
 198.931215     -1.931   0.975785    21.4828    -1.6047     -1.915     0.5189    -1.7168 -9.990e-29
 198.931221     -1.926   0.972775    21.4889    -1.6044     -1.910     0.5172    -1.7194 -9.990e-29
 198.931227     -1.924   0.970132    21.4950    -1.6040     -1.908     0.5157    -1.7220 -9.990e-29
 198.931233     -1.927   0.967102    21.4992    -1.6038     -1.911     0.5139    -1.7242 -9.990e-29
 198.931238     -1.932   0.963525    21.5013    -1.6038     -1.916     0.5119    -1.7262 -9.990e-29
 198.931244     -1.934   0.959623    21.5023    -1.6038     -1.918     0.5098    -1.7281 -9.990e-29
 198.931250     -1.934   0.955741    21.5033    -1.6037     -1.918     0.5076    -1.7299 -9.990e-29
 198.931256     -1.932   0.952246    21.5051    -1.6037     -1.916     0.5057    -1.7318 -9.990e-29
 198.931262     -1.928   0.948913    21.5101    -1.6035     -1.912     0.5038    -1.7344 -9.990e-29
 198.931267     -1.922   0.945181    21.5193    -1.6034     -1.906     0.5016    -1.7380 -9.990e-29
 198.931273     -1.912   0.941063    21.5304    -1.6030     -1.896     0.4992    -1.7423 -9.990e-29
 198.931279     -1.899   0.936615    21.5412    -1.6028     -1.883     0.4967    -1.7467 -9.990e-29
 198.931285     -1.881   0.932005    21.5492    -1.6028     -1.865     0.4940    -1.7505 -9.990e-29
 198.931291     -1.858   0.927742    21.5538    -1.6030     -1.843     0.4916    -1.7533 -9.990e-29
 198.931296     -1.832   0.924240    21.5565    -1.6040     -1.817     0.4897    -1.7554 -9.990e-29
 198.931302     -1.811   0.921820    21.5587    -1.6047     -1.796     0.4883    -1.7569 -9.990e-29
 198.931308     -1.796   0.920582    21.5617    -1.6051     -1.781     0.4876    -1.7582 -9.990e-29
 198.931314     -1.784   0.919983    21.5665    -1.6051     -1.769     0.4872    -1.7595 -9.990e-29
 198.931319     -1.768   0.919226    21.5730    -1.6050     -1.753     0.4868    -1.7613 -9.990e-29
 198.931325     -1.752   0.917854    21.5800    -1.6049     -1.737     0.4859    -1.7635 -9.990e-29
 198.931331     -1.740   0.915703    21.5845    -1.6045     -1.725     0.4847    -1.7655 -9.990e-29
 198.931337     -1.731   0.912676    21.5828    -1.6043     -1.717     0.4831    -1.7663 -9.990e-29
 198.931343     -1.724   0.909173    21.5719    -1.6046     -1.710     0.4812    -1.7653 -9.990e-29
 198.931348     -1.718   0.906068    21.5532    -1.6048     -1.704     0.4797    -1.7623 -9.990e-29
