data/oxygen options/OCNMS/OCNMS1/raw_data/2023/CAST_MB042_231002faed.cnv
* Sea-Bird SBE 19 Data File:
* FileName = C:\Users\OCNMS.Inst\Documents\2023 Mooring Data\Casts\CAST_MB042_231002.hex
* Software Version SeatermAF 2.1.4.55
* Temperature SN = 2997
* Conductivity SN = 2997
* System UpLoad Time = Oct 04 2023 21:09:34 (localtime) = Oct 04 2023 21:09:34 (UTC)
** CAST_MB042_231002
* ds
# nquan = 9                                 
# nvalues = 1581                        
# units = specified
# name 0 = timeJ: Julian Days
# name 1 = prSM: Pressure, Strain Gauge [db]
# name 2 = c0mS/cm: Conductivity [mS/cm]
# name 3 = t090C: Temperature [ITS-90, deg C]
# name 4 = sbeox0ML/L: Oxygen, SBE 43 [ml/l]
# name 5 = depSM: Depth [salt water, m], lat = 47.5
# name 6 = sal00: Salinity, Practical [PSU]
# name 7 = sigma-é00: Density [sigma-theta, kg/m^3]
# name 8 = flag: flag
# span 0 = 275.744815, 275.753958       
# span 1 =     -5.738,     40.661       
# span 2 =   0.021420,  38.635940       
# span 3 =     9.2857,    13.9903       
# span 4 =    -1.8885,    13.1628       
# span 5 =     -5.690,     40.318       
# span 6 =     0.0169,    33.3331       
# span 7 =    -0.7360,    25.7669       
# span 8 = 0.0000e+00, 0.0000e+00       
# interval = seconds: 0.5
# start_time = Oct 02 2023 17:52:32 [Instrument's time stamp, header]
# bad_flag = -9.990e-29
*END*
[from data line 321]
 275.746672     -1.322   0.023129    13.5722    -1.8791     -1.311     0.0178    -0.6818 -9.990e-29
 275.746678     -1.308   0.023129    13.5861    -1.8783     -1.297     0.0178    -0.6837 -9.990e-29
 275.746684     -1.295   0.023129    13.6066    -1.8776     -1.284     0.0178    -0.6864 -9.990e-29
 275.746690     -1.282   0.023129    13.6278    -1.8773     -1.271     0.0178    -0.6893 -9.990e-29
 275.746696     -1.272   0.023129    13.6450    -1.8773     -1.261     0.0178    -0.6916 -9.990e-29
 275.746701     -1.269   0.023129    13.6594    -1.8772     -1.258     0.0178    -0.6935 -9.990e-29
 275.746707     -1.269   0.023129    13.6739    -1.8773     -1.258     0.0178    -0.6955 -9.990e-29
 275.746713     -1.264   0.023129    13.6879    -1.8774     -1.253     0.0178    -0.6974 -9.990e-29
 275.746719     -1.252   0.023129    13.7006    -1.8776     -1.242     0.0178    -0.6991 -9.990e-29
 275.746725     -1.241   0.023129    13.7139    -1.8775     -1.231     0.0178    -0.7009 -9.990e-29
 275.746730     -1.236   0.023129    13.7285    -1.8773     -1.226     0.0178    -0.7029 -9.990e-29
 275.746736     -1.236   0.023129    13.7413    -1.8771     -1.226     0.0178    -0.7046 -9.990e-29
 275.746742     -1.240   0.023129    13.7492    -1.8767     -1.230     0.0178    -0.7057 -9.990e-29
 275.746748     -1.246   0.023129    13.7527    -1.8763     -1.236     0.0178    -0.7062 -9.990e-29
 275.746753     -1.248   0.023129    13.7535    -1.8754     -1.238     0.0178    -0.7063 -9.990e-29
 275.746759     -1.248   0.023129    13.7526    -1.8746     -1.238     0.0178    -0.7062 -9.990e-29
 275.746765     -1.244   0.023129    13.7511    -1.8745     -1.234     0.0178    -0.7060 -9.990e-29
 275.746771     -1.238   0.023129    13.7505    -1.8743     -1.228     0.0178    -0.7059 -9.990e-29
 275.746777     -1.228   0.023129    13.7521    -1.8742     -1.218     0.0178    -0.7061 -9.990e-29
 275.746782     -1.218   0.023129    13.7558    -1.8740     -1.208     0.0178    -0.7066 -9.990e-29
 275.746788     -1.211   0.023129    13.7619    -1.8738     -1.201     0.0178    -0.7074 -9.990e-29
 275.746794     -1.208   0.023129    13.7708    -1.8736     -1.198     0.0178    -0.7086 -9.990e-29
 275.746800     -1.208   0.023129    13.7832    -1.8735     -1.198     0.0178    -0.7103 -9.990e-29
 275.746806     -1.207   0.023129    13.7987    -1.8730     -1.197     0.0178    -0.7124 -9.990e-29
 275.746811     -1.200   0.023129    13.8126    -1.8727     -1.190     0.0178    -0.7143 -9.990e-29
 275.746817     -1.192   0.023129    13.8215    -1.8727     -1.182     0.0178    -0.7156 -9.990e-29
 275.746823     -1.186   0.023129    13.8268    -1.8726     -1.176     0.0178    -0.7163 -9.990e-29
 275.746829     -1.181   0.023129    13.8308    -1.8720     -1.171     0.0178    -0.7168 -9.990e-29
 275.746834     -1.178   0.023129    13.8351    -1.8712     -1.168     0.0178    -0.7174 -9.990e-29
 275.746840     -1.176   0.023129    13.8401    -1.8709     -1.166     0.0178    -0.7181 -9.990e-29
 275.746846     -1.175   0.023129    13.8453    -1.8702     -1.165     0.0178    -0.7188 -9.990e-29
 275.746852     -1.175   0.023129    13.8513    -1.8696     -1.165     0.0178    -0.7196 -9.990e-29
 275.746858     -1.177   0.023129    13.8582    -1.8696     -1.167     0.0178    -0.7206 -9.990e-29
 275.746863     -1.179   0.023129    13.8643    -1.8698     -1.169     0.0178    -0.7214 -9.990e-29
 275.746869     -1.182   0.023129    13.8690    -1.8699     -1.172     0.0178    -0.7221 -9.990e-29
 275.746875     -1.188   0.023129    13.8757    -1.8700     -1.178     0.0178    -0.7230 -9.990e-29
 275.746881     -1.190   0.023129    13.8869    -1.8700     -1.180     0.0178    -0.7245 -9.990e-29
 275.746887     -1.186   0.023129    13.9003    -1.8698     -1.176     0.0178    -0.7264 -9.990e-29
 275.746892     -1.180   0.023129    13.9132    -1.8695     -1.170     0.0178    -0.7281 -9.990e-29
 275.746898     -1.175   0.023129    13.9254    -1.8691     -1.165     0.0178    -0.7298 -9.990e-29
 275.746904     -1.170   0.023129    13.9348    -1.8690     -1.160     0.0178    -0.7311 -9.990e-29
 275.746910     -1.167   0.023129    13.9386    -1.8692     -1.157     0.0178    -0.7317 -9.990e-29
 275.746916     -1.164   0.023129    13.9382    -1.8694     -1.154     0.0178    -0.7316 -9.990e-29
 275.746921     -1.161   0.023129    13.9366    -1.8696     -1.151     0.0178    -0.7314 -9.990e-29
 275.746927     -1.158   0.023129    13.9356    -1.8699     -1.148     0.0178    -0.7312 -9.990e-29
 275.746933     -1.156   0.023129    13.9369    -1.8702     -1.146     0.0178    -0.7314 -9.990e-29
 275.746939     -1.153   0.023130    13.9409    -1.8703     -1.143     0.0178    -0.7320 -9.990e-29
 275.746944     -1.149   0.023130    13.9464    -1.8704     -1.139     0.0178    -0.7327 -9.990e-29
 275.746950     -1.145   0.023130    13.9513    -1.8707     -1.135     0.0178    -0.7334 -9.990e-29
 275.746956     -1.140   0.023131    13.9533    -1.8710     -1.130     0.0178    -0.7337 -9.990e-29
 275.746962     -1.134   0.023131    13.9518    -1.8711     -1.125     0.0178    -0.7335 -9.990e-29
 275.746968     -1.126   0.023132    13.9477    -1.8705     -1.117     0.0178    -0.7329 -9.990e-29
 275.746973     -1.121   0.023132    13.9421    -1.8704     -1.112     0.0178    -0.7321 -9.990e-29
 275.746979     -1.122   0.023132    13.9357    -1.8710     -1.113     0.0178    -0.7312 -9.990e-29
 275.746985     -1.124   0.023133    13.9299    -1.8718     -1.115     0.0178    -0.7304 -9.990e-29
 275.746991     -1.125   0.023134    13.9255    -1.8722     -1.116     0.0178    -0.7298 -9.990e-29
 275.746997     -1.123   0.023135    13.9213    -1.8723     -1.114     0.0178    -0.7293 -9.990e-29
 275.747002     -1.119   0.023139    13.9164    -1.8722     -1.110     0.0178    -0.7286 -9.990e-29
 275.747008     -1.113   0.023150    13.9125    -1.8720     -1.104     0.0178    -0.7280 -9.990e-29
 275.747014     -1.103   0.023182    13.9124    -1.8719     -1.094     0.0179    -0.7280 -9.990e-29
 275.747020     -1.090   0.023278    13.9152    -1.8720     -1.081     0.0179    -0.7284 -9.990e-29
 275.747025     -1.077   0.023565    13.9141    -1.8719     -1.068     0.0181    -0.7281 -9.990e-29
 275.747031     -1.067   0.023870    13.9058    -1.8719     -1.058     0.0182    -0.7268 -9.990e-29
 275.747037     -1.056   0.024045    13.8948    -1.8720     -1.047     0.0183    -0.7252 -9.990e-29
 275.747043     -1.043   0.024323    13.8862    -1.8722     -1.034     0.0185    -0.7239 -9.990e-29
 275.747049     -1.035   0.024519    13.8821    -1.8725     -1.026     0.0186    -0.7233 -9.990e-29
 275.747054     -1.032   0.024338    13.8822    -1.8724     -1.023     0.0185    -0.7234 -9.990e-29
 275.747060     -1.029   0.024093    13.8842    -1.8721     -1.020     0.0183    -0.7237 -9.990e-29
 275.747066     -1.027   0.024012    13.8857    -1.8721     -1.018     0.0183    -0.7240 -9.990e-29
 275.747072     -1.025   0.023985    13.8861    -1.8718     -1.016     0.0183    -0.7241 -9.990e-29
 275.747078     -1.022   0.023976    13.8862    -1.8720     -1.013     0.0183    -0.7241 -9.990e-29
 275.747083     -1.016   0.023974    13.8858    -1.8723     -1.008     0.0183    -0.7240 -9.990e-29
 275.747089     -1.004   0.023977    13.8838    -1.8723     -0.996     0.0183    -0.7237 -9.990e-29
 275.747095     -0.996   0.023987    13.8804    -1.8724     -0.988     0.0183    -0.7233 -9.990e-29
 275.747101     -0.994   0.024018    13.8775    -1.8723     -0.986     0.0183    -0.7229 -9.990e-29
 275.747106     -0.995   0.024111    13.8776    -1.8721     -0.987     0.0184    -0.7228 -9.990e-29
 275.747112     -0.994   0.024388    13.8804    -1.8719     -0.986     0.0185    -0.7231 -9.990e-29
 275.747118     -0.990   0.024662    13.8837    -1.8719     -0.982     0.0187    -0.7234 -9.990e-29
 275.747124     -0.985   0.024744    13.8854    -1.8720     -0.977     0.0187    -0.7236 -9.990e-29
 275.747130     -0.982   0.024745    13.8839    -1.8721     -0.974     0.0187    -0.7234 -9.990e-29
 275.747135     -0.984   0.024664    13.8806    -1.8723     -0.976     0.0187    -0.7230 -9.990e-29
 275.747141     -0.992   0.024394    13.8779    -1.8725     -0.984     0.0185    -0.7228 -9.990e-29
 275.747147     -1.003   0.024129    13.8771    -1.8727     -0.995     0.0184    -0.7228 -9.990e-29
 275.747153     -1.008   0.024069    13.8789    -1.8734     -1.000     0.0183    -0.7230 -9.990e-29
 275.747159     -1.003   0.024131    13.8823    -1.8734     -0.995     0.0184    -0.7235 -9.990e-29
 275.747164     -0.993   0.024398    13.8848    -1.8734     -0.985     0.0185    -0.7237 -9.990e-29
 275.747170     -0.985   0.024672    13.8853    -1.8726     -0.977     0.0187    -0.7237 -9.990e-29
 275.747176     -0.978   0.024764    13.8843    -1.8718     -0.970     0.0187    -0.7235 -9.990e-29
 275.747182     -0.969   0.024795    13.8816    -1.8713     -0.961     0.0187    -0.7231 -9.990e-29
 275.747188     -0.961   0.024805    13.8774    -1.8715     -0.953     0.0187    -0.7225 -9.990e-29
 275.747193     -0.957   0.024809    13.8722    -1.8721     -0.949     0.0187    -0.7218 -9.990e-29
 275.747199     -0.957   0.024811    13.8653    -1.8727     -0.949     0.0187    -0.7208 -9.990e-29
 275.747205     -0.961   0.024811    13.8583    -1.8731     -0.953     0.0187    -0.7199 -9.990e-29
 275.747211     -0.966   0.024812    13.8558    -1.8735     -0.958     0.0187    -0.7195 -9.990e-29
 275.747216     -0.967   0.024812    13.8603    -1.8736     -0.959     0.0187    -0.7202 -9.990e-29
 275.747222     -0.968   0.024813    13.8711    -1.8730     -0.960     0.0187    -0.7216 -9.990e-29
 275.747228     -0.970   0.024813    13.8838    -1.8725     -0.962     0.0187    -0.7234 -9.990e-29
 275.747234     -0.965   0.024813    13.8916    -1.8719     -0.957     0.0187    -0.7245 -9.990e-29
 275.747240     -0.951   0.024814    13.8904    -1.8716     -0.943     0.0187    -0.7243 -9.990e-29
 275.747245     -0.938   0.024814    13.8819    -1.8717     -0.930     0.0187    -0.7231 -9.990e-29
 275.747251     -0.927   0.024815    13.8710    -1.8723     -0.919     0.0187    -0.7216 -9.990e-29
 275.747257     -0.918   0.024815    13.8612    -1.8725     -0.910     0.0187    -0.7203 -9.990e-29
 275.747263     -0.912   0.024815    13.8551    -1.8722     -0.904     0.0187    -0.7194 -9.990e-29
 275.747269     -0.906   0.024816    13.8555    -1.8717     -0.898     0.0187    -0.7195 -9.990e-29
 275.747274     -0.902   0.024816    13.8628    -1.8715     -0.894     0.0187    -0.7205 -9.990e-29
 275.747280     -0.899   0.024817    13.8733    -1.8713     -0.891     0.0187    -0.7219 -9.990e-29
 275.747286     -0.896   0.024817    13.8828    -1.8714     -0.889     0.0187    -0.7232 -9.990e-29
 275.747292     -0.893   0.024817    13.8877    -1.8720     -0.886     0.0187    -0.7239 -9.990e-29
 275.747297     -0.890   0.024818    13.8867    -1.8724     -0.883     0.0187    -0.7238 -9.990e-29
 275.747303     -0.888   0.024818    13.8824    -1.8726     -0.881     0.0187    -0.7232 -9.990e-29
 275.747309     -0.886   0.024819    13.8807    -1.8727     -0.879     0.0187    -0.7230 -9.990e-29
 275.747315     -0.883   0.024819    13.8843    -1.8727     -0.876     0.0187    -0.7235 -9.990e-29
 275.747321     -0.879   0.024819    13.8905    -1.8727     -0.872     0.0187    -0.7243 -9.990e-29
 275.747326     -0.875   0.024820    13.8955    -1.8734     -0.868     0.0187    -0.7250 -9.990e-29
 275.747332     -0.870   0.024820    13.8974    -1.8737     -0.863     0.0187    -0.7253 -9.990e-29
 275.747338     -0.864   0.024821    13.8941    -1.8738     -0.857     0.0187    -0.7248 -9.990e-29
 275.747344     -0.861   0.024821    13.8863    -1.8736     -0.854     0.0187    -0.7237 -9.990e-29
 275.747350     -0.864   0.024821    13.8783    -1.8735     -0.857     0.0187    -0.7226 -9.990e-29
 275.747355     -0.869   0.024822    13.8726    -1.8734     -0.862     0.0187    -0.7218 -9.990e-29
 275.747361     -0.874   0.024822    13.8692    -1.8731     -0.867     0.0187    -0.7214 -9.990e-29
 275.747367     -0.878   0.024823    13.8669    -1.8731     -0.871     0.0187    -0.7211 -9.990e-29
 275.747373     -0.880   0.024823    13.8626    -1.8727     -0.873     0.0187    -0.7205 -9.990e-29
 275.747378     -0.882   0.024823    13.8554    -1.8720     -0.875     0.0187    -0.7195 -9.990e-29
 275.747384     -0.884   0.024824    13.8491    -1.8716     -0.877     0.0187    -0.7186 -9.990e-29
 275.747390     -0.885   0.024824    13.8467    -1.8712     -0.878     0.0187    -0.7183 -9.990e-29
 275.747396     -0.886   0.024825    13.8476    -1.8709     -0.879     0.0187    -0.7184 -9.990e-29
 275.747402     -0.887   0.024825    13.8501    -1.8705     -0.880     0.0187    -0.7188 -9.990e-29
 275.747407     -0.888   0.024825    13.8535    -1.8704     -0.881     0.0187    -0.7192 -9.990e-29
 275.747413     -0.888   0.024826    13.8576    -1.8704     -0.881     0.0187    -0.7198 -9.990e-29
 275.747419     -0.888   0.024826    13.8629    -1.8705     -0.881     0.0187    -0.7205 -9.990e-29
 275.747425     -0.888   0.024827    13.8717    -1.8704     -0.881     0.0187    -0.7217 -9.990e-29
 275.747431     -0.888   0.024827    13.8834    -1.8709     -0.881     0.0187    -0.7233 -9.990e-29
 275.747436     -0.888   0.024827    13.8947    -1.8713     -0.881     0.0187    -0.7249 -9.990e-29
 275.747442     -0.888   0.024828    13.9042    -1.8713     -0.881     0.0187    -0.7262 -9.990e-29
 275.747448     -0.888   0.024828    13.9124    -1.8717     -0.881     0.0187    -0.7273 -9.990e-29
 275.747454     -0.888   0.024829    13.9188    -1.8718     -0.881     0.0187    -0.7282 -9.990e-29
 275.747459     -0.887   0.024829    13.9225    -1.8716     -0.880     0.0187    -0.7287 -9.990e-29
 275.747465     -0.887   0.024829    13.9234    -1.8713     -0.880     0.0187    -0.7288 -9.990e-29
 275.747471     -0.886   0.024830    13.9224    -1.8713     -0.879     0.0187    -0.7287 -9.990e-29
 275.747477     -0.885   0.024830    13.9192    -1.8716     -0.878     0.0187    -0.7283 -9.990e-29
 275.747483     -0.883   0.024831    13.9130    -1.8717     -0.876     0.0187    -0.7274 -9.990e-29
 275.747488     -0.881   0.024831    13.9062    -1.8716     -0.874     0.0187    -0.7265 -9.990e-29
 275.747494     -0.879   0.024831    13.9007    -1.8716     -0.872     0.0187    -0.7257 -9.990e-29
 275.747500     -0.875   0.024832    13.8964    -1.8718     -0.868     0.0187    -0.7251 -9.990e-29
 275.747506     -0.871   0.024832    13.8948    -1.8720     -0.864     0.0187    -0.7249 -9.990e-29
 275.747512     -0.866   0.024833    13.8969    -1.8720     -0.859     0.0187    -0.7252 -9.990e-29
 275.747517     -0.859   0.024833    13.8995    -1.8719     -0.852     0.0187    -0.7255 -9.990e-29
 275.747523     -0.854   0.024833    13.8993    -1.8714     -0.847     0.0187    -0.7255 -9.990e-29
 275.747529     -0.856   0.024834    13.8969    -1.8709     -0.849     0.0187    -0.7252 -9.990e-29
 275.747535     -0.859   0.024834    13.8952    -1.8708     -0.852     0.0187    -0.7249 -9.990e-29
 275.747541     -0.861   0.024835    13.8947    -1.8699     -0.854     0.0187    -0.7249 -9.990e-29
 275.747546     -0.861   0.024835    13.8938    -1.8694     -0.854     0.0187    -0.7248 -9.990e-29
 275.747552     -0.859   0.024835    13.8914    -1.8691     -0.852     0.0187    -0.7244 -9.990e-29
 275.747558     -0.855   0.024836    13.8894    -1.8690     -0.848     0.0187    -0.7241 -9.990e-29
 275.747564     -0.848   0.024836    13.8898    -1.8690     -0.841     0.0187    -0.7242 -9.990e-29
 275.747569     -0.840   0.024837    13.8942    -1.8689     -0.833     0.0187    -0.7248 -9.990e-29
 275.747575     -0.828   0.024837    13.9027    -1.8690     -0.821     0.0187    -0.7260 -9.990e-29
 275.747581     -0.816   0.024837    13.9123    -1.8686     -0.809     0.0187    -0.7273 -9.990e-29
 275.747587     -0.812   0.024838    13.9225    -1.8683     -0.805     0.0187    -0.7287 -9.990e-29
