data/oxygen options/OCNMS/OCNMS1/raw_data/2023/CAST_CA042_230831faed.cnv
* Sea-Bird SBE 19 Data File:
* FileName = C:\Users\OCNMS.Inst\Documents\2023 Mooring Data\Casts\CAST_CA042_230831.hex
* Software Version SeatermAF 2.1.4.55
* Temperature SN = 2997
* Conductivity SN = 2997
* System UpLoad Time = Aug 31 2023 23:13:01 (localtime) = Aug 31 2023 23:13:01 (UTC)
** CAST_CA042_230831
* ds
# nquan = 9                                 
# nvalues = 1041                        
# units = specified
# name 0 = timeJ: Julian Days
# name 1 = prSM: Pressure, Strain Gauge [db]
# name 2 = c0mS/cm: Conductivity [mS/cm]
# name 3 = t090C: Temperature [ITS-90, deg C]
# name 4 = sbeox0ML/L: Oxygen, SBE 43 [ml/l]
# name 5 = depSM: Depth [salt water, m], lat = 47.5
# name 6 = sal00: Salinity, Practical [PSU]
# name 7 = sigma-é00: Density [sigma-theta, kg/m^3]
# name 8 = flag: flag
# span 0 = 243.782025, 243.788044       
# span 1 =     -6.132,     42.100       
# span 2 =   0.527038,  39.169644       
# span 3 =     8.7970,    16.1765       
# span 4 =    -1.8436,    15.4079       
# span 5 =     -6.081,     41.744       
# span 6 =     0.3200,    33.5134       
# span 7 =    -0.8050,    25.9667       
# span 8 = 0.0000e+00, 0.0000e+00       
# interval = seconds: 0.5
# start_time = Aug 31 2023 18:46:07 [Instrument's time stamp, header]
# bad_flag = -9.990e-29
*END*
 243.782025     -6.132 -9.990e-29    14.9055    -1.8310     -6.081 -9.990e-29 -9.990e-29 -9.990e-29
 243.782031     -6.094   0.527038    14.8936    -1.8310     -6.043     0.3200    -0.6349 -9.990e-29
 243.782037     -6.058   0.527039    14.8778    -1.8313     -6.008     0.3201    -0.6324 -9.990e-29
 243.782043     -6.025   0.527041    14.8579    -1.8321     -5.975     0.3203    -0.6293 -9.990e-29
 243.782049     -5.993   0.527046    14.8369    -1.8330     -5.943     0.3205    -0.6260 -9.990e-29
 243.782054     -5.959   0.527062    14.8186    -1.8335     -5.909     0.3206    -0.6232 -9.990e-29
 243.782060     -5.927   0.527107    14.8067    -1.8339     -5.878     0.3207    -0.6213 -9.990e-29
 243.782066     -5.898   0.527243    14.8012    -1.8339     -5.849     0.3209    -0.6204 -9.990e-29
 243.782072     -5.871   0.527654    14.7992    -1.8337     -5.822     0.3211    -0.6199 -9.990e-29
 243.782078     -5.847   0.528333    14.7980    -1.8335     -5.798     0.3216    -0.6193 -9.990e-29
 243.782083     -5.827   0.529077    14.7949    -1.8336     -5.778     0.3221    -0.6185 -9.990e-29
 243.782089     -5.803   0.529768    14.7865    -1.8337     -5.755     0.3226    -0.6169 -9.990e-29
 243.782095     -5.779   0.530221    14.7719    -1.8338     -5.731     0.3230    -0.6144 -9.990e-29
 243.782101     -5.758   0.530486    14.7551    -1.8340     -5.710     0.3233    -0.6116 -9.990e-29
 243.782106     -5.738   0.530915    14.7415    -1.8343     -5.690     0.3236    -0.6093 -9.990e-29
 243.782112     -5.717   0.531527    14.7335    -1.8351     -5.669     0.3241    -0.6078 -9.990e-29
 243.782118     -5.696   0.532029    14.7310    -1.8358     -5.649     0.3244    -0.6072 -9.990e-29
 243.782124     -5.671   0.532537    14.7322    -1.8366     -5.624     0.3247    -0.6071 -9.990e-29
 243.782130     -5.643   0.533176    14.7340    -1.8370     -5.596     0.3251    -0.6071 -9.990e-29
 243.782135     -5.608   0.533687    14.7341    -1.8371     -5.561     0.3254    -0.6068 -9.990e-29
 243.782141     -5.569   0.534200    14.7320    -1.8373     -5.523     0.3258    -0.6063 -9.990e-29
 243.782147     -5.532   0.534844    14.7279    -1.8375     -5.486     0.3262    -0.6053 -9.990e-29
 243.782153     -5.500   0.535370    14.7214    -1.8382     -5.454     0.3266    -0.6040 -9.990e-29
 243.782159     -5.469   0.535923    14.7108    -1.8390     -5.423     0.3270    -0.6021 -9.990e-29
 243.782164     -5.438   0.536689    14.6957    -1.8398     -5.393     0.3276    -0.5994 -9.990e-29
 243.782170     -5.405   0.537581    14.6788    -1.8404     -5.360     0.3283    -0.5964 -9.990e-29
 243.782176     -5.367   0.538679    14.6638    -1.8410     -5.322     0.3291    -0.5935 -9.990e-29
 243.782182     -5.328   0.539784    14.6530    -1.8412     -5.284     0.3299    -0.5913 -9.990e-29
 243.782187     -5.292   0.540706    14.6455    -1.8415     -5.248     0.3306    -0.5897 -9.990e-29
 243.782193     -5.263   0.541567    14.6384    -1.8421     -5.219     0.3312    -0.5882 -9.990e-29
 243.782199     -5.237   0.542406    14.6286    -1.8423     -5.193     0.3318    -0.5863 -9.990e-29
 243.782205     -5.213   0.543232    14.6144    -1.8423     -5.170     0.3324    -0.5837 -9.990e-29
 243.782211     -5.190   0.544037    14.5967    -1.8424     -5.147     0.3331    -0.5806 -9.990e-29
 243.782216     -5.166   0.544787    14.5787    -1.8424     -5.123     0.3337    -0.5775 -9.990e-29
 243.782222     -5.140   0.545373    14.5629    -1.8425     -5.097     0.3342    -0.5748 -9.990e-29
 243.782228     -5.111   0.546023    14.5503    -1.8426     -5.068     0.3347    -0.5725 -9.990e-29
 243.782234     -5.079   0.547049    14.5403    -1.8429     -5.037     0.3354    -0.5705 -9.990e-29
 243.782240     -5.053   0.548158    14.5311    -1.8433     -5.011     0.3362    -0.5686 -9.990e-29
 243.782245     -5.030   0.549165    14.5224    -1.8435     -4.988     0.3369    -0.5667 -9.990e-29
 243.782251     -5.005   0.550303    14.5163    -1.8435     -4.963     0.3377    -0.5653 -9.990e-29
 243.782257     -4.981   0.551425    14.5129    -1.8436     -4.939     0.3384    -0.5642 -9.990e-29
 243.782263     -4.960   0.552365    14.5105    -1.8432     -4.919     0.3391    -0.5634 -9.990e-29
 243.782269     -4.940   0.553268    14.5083    -1.8426     -4.899     0.3396    -0.5626 -9.990e-29
 243.782274     -4.921   0.554230    14.5055    -1.8418     -4.880     0.3403    -0.5617 -9.990e-29
 243.782280     -4.902   0.555424    14.5013    -1.8405     -4.861     0.3411    -0.5605 -9.990e-29
 243.782286     -4.881   0.556781    14.4959    -1.8395     -4.840     0.3420    -0.5590 -9.990e-29
 243.782292     -4.852   0.557890    14.4904    -1.8390     -4.812     0.3427    -0.5576 -9.990e-29
 243.782297     -4.813   0.558568    14.4863    -1.8386     -4.773     0.3432    -0.5566 -9.990e-29
 243.782303     -4.776   0.559165    14.4849    -1.8384     -4.736     0.3436    -0.5561 -9.990e-29
 243.782309     -4.746   0.559922    14.4874    -1.8379     -4.706     0.3440    -0.5561 -9.990e-29
 243.782315     -4.722   0.560741    14.4957    -1.8377     -4.683     0.3445    -0.5570 -9.990e-29
 243.782321     -4.701   0.561604    14.5104    -1.8375     -4.662     0.3449    -0.5588 -9.990e-29
 243.782326     -4.683   0.562556    14.5309    -1.8373     -4.644     0.3453    -0.5615 -9.990e-29
 243.782332     -4.666   0.563756    14.5545    -1.8371     -4.627     0.3459    -0.5645 -9.990e-29
 243.782338     -4.649   0.565142    14.5759    -1.8369     -4.610     0.3466    -0.5671 -9.990e-29
 243.782344     -4.631   0.566343    14.5920    -1.8367     -4.592     0.3472    -0.5689 -9.990e-29
 243.782350     -4.612   0.567299    14.6038    -1.8365     -4.574     0.3477    -0.5703 -9.990e-29
 243.782355     -4.589   0.568174    14.6132    -1.8356     -4.551     0.3482    -0.5713 -9.990e-29
 243.782361     -4.566   0.569028    14.6216    -1.8345     -4.528     0.3487    -0.5722 -9.990e-29
 243.782367     -4.546   0.569890    14.6286    -1.8336     -4.508     0.3492    -0.5728 -9.990e-29
 243.782373     -4.526   0.570801    14.6340    -1.8331     -4.488     0.3497    -0.5732 -9.990e-29
 243.782378     -4.507   0.571869    14.6391    -1.8328     -4.469     0.3503    -0.5735 -9.990e-29
 243.782384     -4.482   0.572855    14.6448    -1.8322     -4.445     0.3509    -0.5739 -9.990e-29
 243.782390     -4.450   0.573409    14.6510    -1.8313     -4.413     0.3512    -0.5746 -9.990e-29
 243.782396     -4.417   0.573716    14.6583    -1.8308     -4.380     0.3513    -0.5755 -9.990e-29
 243.782402     -4.386   0.574188    14.6697    -1.8303     -4.349     0.3515    -0.5771 -9.990e-29
 243.782407     -4.354   0.574898    14.6878    -1.8302     -4.318     0.3518    -0.5795 -9.990e-29
 243.782413     -4.320   0.575685    14.7096    -1.8297     -4.284     0.3521    -0.5825 -9.990e-29
 243.782419     -4.286   0.576489    14.7294    -1.8293     -4.250     0.3525    -0.5852 -9.990e-29
 243.782425     -4.258   0.577274    14.7449    -1.8290     -4.223     0.3528    -0.5872 -9.990e-29
 243.782431     -4.234   0.577979    14.7586    -1.8289     -4.199     0.3531    -0.5890 -9.990e-29
 243.782436     -4.208   0.578435    14.7738    -1.8283     -4.173     0.3533    -0.5911 -9.990e-29
 243.782442     -4.184   0.578698    14.7903    -1.8279     -4.149     0.3533    -0.5936 -9.990e-29
 243.782448     -4.164   0.579118    14.8048    -1.8274     -4.129     0.3535    -0.5956 -9.990e-29
 243.782454     -4.146   0.579701    14.8160    -1.8272     -4.111     0.3537    -0.5971 -9.990e-29
 243.782459     -4.129   0.580117    14.8254    -1.8270     -4.095     0.3539    -0.5984 -9.990e-29
 243.782465     -4.113   0.580366    14.8348    -1.8268     -4.079     0.3540    -0.5997 -9.990e-29
 243.782471     -4.097   0.580782    14.8441    -1.8266     -4.063     0.3542    -0.6010 -9.990e-29
 243.782477     -4.079   0.581363    14.8527    -1.8254     -4.045     0.3545    -0.6020 -9.990e-29
 243.782483     -4.058   0.581778    14.8616    -1.8242     -4.024     0.3546    -0.6032 -9.990e-29
 243.782488     -4.037   0.582026    14.8717    -1.8231     -4.003     0.3547    -0.6047 -9.990e-29
 243.782494     -4.019   0.582438    14.8821    -1.8212     -3.985     0.3549    -0.6061 -9.990e-29
 243.782500     -4.003   0.583011    14.8914    -1.8192     -3.970     0.3552    -0.6073 -9.990e-29
 243.782506     -3.988   0.583398    14.8992    -1.8178     -3.955     0.3553    -0.6083 -9.990e-29
 243.782512     -3.968   0.583564    14.9066    -1.8164     -3.935     0.3554    -0.6094 -9.990e-29
 243.782517     -3.943   0.583730    14.9155    -1.8156     -3.910     0.3554    -0.6107 -9.990e-29
 243.782523     -3.920   0.584118    14.9300    -1.8147     -3.887     0.3555    -0.6128 -9.990e-29
 243.782529     -3.901   0.584692    14.9531    -1.8140     -3.868     0.3557    -0.6162 -9.990e-29
 243.782535     -3.884   0.585109    14.9826    -1.8136     -3.852     0.3557    -0.6206 -9.990e-29
 243.782541     -3.870   0.585369    15.0175    -1.8127     -3.838     0.3555    -0.6260 -9.990e-29
 243.782546     -3.856   0.585820    15.0591    -1.8122     -3.824     0.3555    -0.6324 -9.990e-29
 243.782552     -3.843   0.586511    15.1025    -1.8116     -3.811     0.3555    -0.6390 -9.990e-29
 243.782558     -3.829   0.587255    15.1418    -1.8111     -3.797     0.3556    -0.6449 -9.990e-29
 243.782564     -3.813   0.587935    15.1751    -1.8107     -3.781     0.3558    -0.6499 -9.990e-29
 243.782569     -3.795   0.588350    15.2021    -1.8104     -3.763     0.3558    -0.6541 -9.990e-29
 243.782575     -3.777   0.588501    15.2242    -1.8102     -3.746     0.3557    -0.6576 -9.990e-29
 243.782581     -3.763   0.588587    15.2432    -1.8099     -3.732     0.3556    -0.6606 -9.990e-29
 243.782587     -3.748   0.588724    15.2604    -1.8092     -3.717     0.3555    -0.6633 -9.990e-29
 243.782593     -3.730   0.589098    15.2773    -1.8082     -3.699     0.3556    -0.6658 -9.990e-29
 243.782598     -3.713   0.589654    15.2935    -1.8071     -3.682     0.3558    -0.6682 -9.990e-29
 243.782604     -3.695   0.590024    15.3082    -1.8061     -3.664     0.3559    -0.6704 -9.990e-29
 243.782610     -3.676   0.590149    15.3212    -1.8054     -3.645     0.3559    -0.6724 -9.990e-29
 243.782616     -3.654   0.590196    15.3319    -1.8049     -3.624     0.3558    -0.6741 -9.990e-29
 243.782622     -3.632   0.590226    15.3410    -1.8045     -3.602     0.3558    -0.6756 -9.990e-29
 243.782627     -3.614   0.590282    15.3501    -1.8045     -3.584     0.3557    -0.6771 -9.990e-29
 243.782633     -3.597   0.590438    15.3623    -1.8043     -3.567     0.3557    -0.6790 -9.990e-29
 243.782639     -3.581   0.590903    15.3800    -1.8042     -3.551     0.3559    -0.6816 -9.990e-29
 243.782645     -3.565   0.591744    15.4025    -1.8040     -3.535     0.3562    -0.6849 -9.990e-29
 243.782650     -3.548   0.592976    15.4272    -1.8040     -3.518     0.3567    -0.6883 -9.990e-29
 243.782656     -3.529   0.594578    15.4504    -1.8035     -3.500     0.3575    -0.6913 -9.990e-29
 243.782662     -3.506   0.595913    15.4700    -1.8026     -3.477     0.3582    -0.6939 -9.990e-29
 243.782668     -3.478   0.596542    15.4849    -1.8015     -3.449     0.3584    -0.6961 -9.990e-29
 243.782674     -3.448   0.596751    15.4946    -1.7998     -3.419     0.3585    -0.6975 -9.990e-29
 243.782679     -3.422   0.596821    15.5002    -1.7987     -3.393     0.3585    -0.6984 -9.990e-29
 243.782685     -3.403   0.596844    15.5042    -1.7985     -3.375     0.3585    -0.6991 -9.990e-29
 243.782691     -3.389   0.596854    15.5082    -1.7983     -3.361     0.3584    -0.6997 -9.990e-29
 243.782697     -3.376   0.596862    15.5130    -1.7982     -3.348     0.3584    -0.7005 -9.990e-29
 243.782703     -3.358   0.596882    15.5208    -1.7984     -3.330     0.3583    -0.7018 -9.990e-29
 243.782708     -3.338   0.596939    15.5348    -1.7981     -3.310     0.3583    -0.7041 -9.990e-29
 243.782714     -3.320   0.597113    15.5566    -1.7979     -3.292     0.3582    -0.7076 -9.990e-29
 243.782720     -3.302   0.597635    15.5853    -1.7974     -3.274     0.3582    -0.7121 -9.990e-29
 243.782726     -3.284   0.598648    15.6164    -1.7966     -3.257     0.3586    -0.7167 -9.990e-29
 243.782731     -3.263   0.599839    15.6413    -1.7963     -3.236     0.3591    -0.7203 -9.990e-29
 243.782737     -3.243   0.600580    15.6553    -1.7964     -3.216     0.3595    -0.7222 -9.990e-29
 243.782743     -3.228   0.600748    15.6622    -1.7963     -3.201     0.3595    -0.7233 -9.990e-29
 243.782749     -3.211   0.600938    15.6659    -1.7961     -3.184     0.3596    -0.7238 -9.990e-29
 243.782755     -3.192   0.601405    15.6682    -1.7961     -3.165     0.3599    -0.7240 -9.990e-29
 243.782760     -3.178   0.602033    15.6721    -1.7961     -3.152     0.3602    -0.7243 -9.990e-29
 243.782766     -3.168   0.603103    15.6798    -1.7964     -3.142     0.3608    -0.7251 -9.990e-29
 243.782772     -3.153   0.604748    15.6917    -1.7962     -3.127     0.3617    -0.7263 -9.990e-29
 243.782778     -3.132   0.606390    15.7045    -1.7960     -3.106     0.3626    -0.7276 -9.990e-29
 243.782784     -3.112   0.607445    15.7132    -1.7956     -3.086     0.3632    -0.7286 -9.990e-29
 243.782789     -3.096   0.607655    15.7172    -1.7951     -3.070     0.3633    -0.7292 -9.990e-29
 243.782795     -3.084   0.607298    15.7200    -1.7943     -3.058     0.3630    -0.7298 -9.990e-29
 243.782801     -3.074   0.607009    15.7226    -1.7939     -3.048     0.3628    -0.7304 -9.990e-29
 243.782807     -3.066   0.606956    15.7237    -1.7940     -3.040     0.3628    -0.7306 -9.990e-29
 243.782813     -3.059   0.607067    15.7230    -1.7939     -3.033     0.3629    -0.7304 -9.990e-29
 243.782818     -3.054   0.607491    15.7222    -1.7938     -3.029     0.3631    -0.7301 -9.990e-29
 243.782824     -3.048   0.608240    15.7243    -1.7934     -3.023     0.3636    -0.7301 -9.990e-29
 243.782830     -3.043   0.609202    15.7303    -1.7933     -3.018     0.3641    -0.7306 -9.990e-29
 243.782836     -3.038   0.610551    15.7399    -1.7934     -3.013     0.3649    -0.7316 -9.990e-29
 243.782841     -3.033   0.612420    15.7526    -1.7935     -3.008     0.3659    -0.7328 -9.990e-29
 243.782847     -3.027   0.614529    15.7657    -1.7935     -3.002     0.3671    -0.7340 -9.990e-29
 243.782853     -3.019   0.616363    15.7750    -1.7934     -2.994     0.3682    -0.7347 -9.990e-29
 243.782859     -3.010   0.617592    15.7799    -1.7937     -2.985     0.3689    -0.7349 -9.990e-29
 243.782865     -2.999   0.618191    15.7836    -1.7939     -2.974     0.3692    -0.7352 -9.990e-29
 243.782870     -2.985   0.618404    15.7881    -1.7941     -2.960     0.3693    -0.7359 -9.990e-29
 243.782876     -2.971   0.618516    15.7925    -1.7940     -2.946     0.3693    -0.7366 -9.990e-29
 243.782882     -2.961   0.618675    15.7951    -1.7942     -2.936     0.3694    -0.7369 -9.990e-29
 243.782888     -2.950   0.619094    15.7955    -1.7945     -2.925     0.3697    -0.7368 -9.990e-29
 243.782894     -2.937   0.619776    15.7945    -1.7944     -2.913     0.3701    -0.7363 -9.990e-29
 243.782899     -2.931   0.620523    15.7929    -1.7942     -2.907     0.3706    -0.7357 -9.990e-29
 243.782905     -2.929   0.621221    15.7905    -1.7938     -2.905     0.3710    -0.7349 -9.990e-29
 243.782911     -2.925   0.621692    15.7865    -1.7935     -2.901     0.3713    -0.7341 -9.990e-29
 243.782917     -2.913   0.622009    15.7821    -1.7932     -2.889     0.3716    -0.7332 -9.990e-29
 243.782922     -2.892   0.622594    15.7790    -1.7930     -2.868     0.3720    -0.7324 -9.990e-29
 243.782928     -2.867   0.623671    15.7765    -1.7926     -2.843     0.3727    -0.7314 -9.990e-29
 243.782934     -2.842   0.625013    15.7734    -1.7924     -2.818     0.3735    -0.7303 -9.990e-29
 243.782940     -2.822   0.626190    15.7711    -1.7924     -2.798     0.3743    -0.7293 -9.990e-29
 243.782946     -2.805   0.627108    15.7723    -1.7925     -2.782     0.3748    -0.7291 -9.990e-29
