data/oxygen options/OCNMS/OCNMS1/raw_data/2023/CAST_CE042_230928faed.cnv
* Sea-Bird SBE 19 Data File:
* FileName = C:\Users\OCNMS.Inst\Documents\2023 Mooring Data\Casts\CAST_CE042_230928.hex
* Software Version SeatermAF 2.1.4.55
* Temperature SN = 2997
* Conductivity SN = 2997
* System UpLoad Time = Sep 28 2023 21:29:21 (localtime) = Sep 28 2023 21:29:21 (UTC)
** CAST_CE042_230928
* ds
# nquan = 9                                 
# nvalues = 1459                        
# units = specified
# name 0 = timeJ: Julian Days
# name 1 = prSM: Pressure, Strain Gauge [db]
# name 2 = c0mS/cm: Conductivity [mS/cm]
# name 3 = t090C: Temperature [ITS-90, deg C]
# name 4 = sbeox0ML/L: Oxygen, SBE 43 [ml/l]
# name 5 = depSM: Depth [salt water, m], lat = 47.5
# name 6 = sal00: Salinity, Practical [PSU]
# name 7 = sigma-é00: Density [sigma-theta, kg/m^3]
# name 8 = flag: flag
# span 0 = 271.754294, 271.762731       
# span 1 =     -5.878,     41.350       
# span 2 =   0.013150,  39.052223       
# span 3 =    13.8614,    14.6591       
# span 4 =    -1.8734,    11.6546       
# span 5 =     -5.829,     41.001       
# span 6 =     0.0126,    31.9932       
# span 7 =    -0.8245,    23.8660       
# span 8 = 0.0000e+00, 0.0000e+00       
# interval = seconds: 0.5
# start_time = Sep 28 2023 18:06:11 [Instrument's time stamp, header]
# bad_flag = -9.990e-29
*END*
[from data line 961]
 271.759855     28.730  38.889751    14.2804     5.2695     28.488    31.9295    23.7585 0.0000e+00
 271.759861     29.040  38.865297    14.2485     5.3021     28.796    31.9334    23.7681 0.0000e+00
 271.759867     29.369  38.842810    14.2232     5.3162     29.122    31.9336    23.7735 0.0000e+00
 271.759873     29.703  38.829741    14.2052     5.3190     29.453    31.9364    23.7793 0.0000e+00
 271.759878     30.029  38.823888    14.1916     5.3154     29.776    31.9421    23.7866 0.0000e+00
 271.759884     30.334  38.821305    14.1814     5.2552     30.079    31.9481    23.7933 0.0000e+00
 271.759890     30.617  38.819236    14.1716     5.2824     30.359    31.9542    23.8001 0.0000e+00
 271.759896     30.890  38.815419    14.1616     5.2972     30.630    31.9589    23.8057 0.0000e+00
 271.759902     31.157  38.809954    14.1543     5.3064     30.895    31.9598    23.8080 0.0000e+00
 271.759907     31.411  38.806172    14.1506     5.3133     31.146    31.9593    23.8084 0.0000e+00
 271.759913     31.651  38.804598    14.1480     5.2804     31.384    31.9599    23.8094 0.0000e+00
 271.759919     31.887  38.802542    14.1435     5.2662     31.618    31.9617    23.8117 0.0000e+00
 271.759925     32.130  38.798915    14.1366     5.2681     31.859    31.9640    23.8149 0.0000e+00
 271.759931     32.382  38.795014    14.1287     5.2751     32.109    31.9668    23.8187 0.0000e+00
 271.759936     32.643  38.791771    14.1205     5.2800     32.368    31.9706    23.8233 0.0000e+00
 271.759942     32.908  38.788193    14.1129     5.2783     32.631    31.9735    23.8271 0.0000e+00
 271.759948     33.163  38.783960    14.1077     5.2717     32.884    31.9738    23.8284 0.0000e+00
 271.759954     33.395  38.781800    14.1056     5.2609     33.114    31.9735    23.8286 0.0000e+00
 271.759959     33.606  38.782162    14.1048     5.2635     33.323    31.9744    23.8295 0.0000e+00
 271.759965     33.813  38.781577    14.1030     5.2738     33.528    31.9753    23.8305 0.0000e+00
 271.759971     34.034  38.779235    14.0995     5.2681     33.747    31.9759    23.8318 0.0000e+00
 271.759977     34.275  38.776469    14.0952     5.2649     33.986    31.9769    23.8334 0.0000e+00
 271.759983     34.528  38.774041    14.0909     5.2437     34.237    31.9781    23.8352 0.0000e+00
 271.759988     34.794  38.771484    14.0863     5.2337     34.501    31.9795    23.8373 0.0000e+00
 271.759994     35.081  38.768159    14.0814     5.2389     34.785    31.9804    23.8390 0.0000e+00
 271.760000     35.393  38.764647    14.0755     5.2452     35.095    31.9819    23.8414 0.0000e+00
 271.760006     35.730  38.759598    14.0676     5.2544     35.429    31.9837    23.8444 0.0000e+00
 271.760012     36.078  38.752970    14.0602     5.2382     35.774    31.9836    23.8459 0.0000e+00
 271.760017     36.418  38.748782    14.0565     5.2345     36.111    31.9827    23.8459 0.0000e+00
 271.760023     36.735  38.748143    14.0555     5.2287     36.425    31.9828    23.8462 0.0000e+00
 271.760029     37.026  38.748486    14.0547     5.2383     36.714    31.9837    23.8471 0.0000e+00
 271.760035     37.282  38.747994    14.0536     5.2539     36.968    31.9841    23.8476 0.0000e+00
 271.760041     37.502  38.747102    14.0526     5.2382     37.186    31.9840    23.8477 0.0000e+00
 271.760046     37.693  38.747389    14.0522     5.2546     37.375    31.9845    23.8482 0.0000e+00
 271.760052     37.857  38.749209    14.0525     5.2485     37.538    31.9859    23.8492 0.0000e+00
 271.760058     38.006  38.751035    14.0529     5.2431     37.685    31.9872    23.8501 0.0000e+00
 271.760064     38.157  38.751351    14.0528     5.2529     37.835    31.9875    23.8504 0.0000e+00
 271.760069     38.327  38.750549    14.0520     5.2047     38.004    31.9874    23.8505 0.0000e+00
 271.760075     38.534  38.749211    14.0505     5.2370     38.209    31.9873    23.8507 0.0000e+00
 271.760081     38.780  38.747768    14.0491     5.2339     38.453    31.9870    23.8508 0.0000e+00
 271.760087     39.056  38.747067    14.0486     5.2268     38.726    31.9867    23.8507 0.0000e+00
 271.760093     39.345  38.746141    14.0485     5.2301     39.013    31.9858    23.8500 0.0000e+00
 271.760098     39.636  38.744284    14.0477     5.2111     39.301    31.9847    23.8493 0.0000e+00
 271.760104     39.918  38.742910    14.0457     5.2115     39.581    31.9849    23.8500 0.0000e+00
 271.760110     40.181  38.742400    14.0423     5.2157     39.842    31.9872    23.8524 0.0000e+00
 271.760116     40.427  38.740359    14.0374     5.1986     40.086    31.9893    23.8550 0.0000e+00
 271.760122     40.648  38.735718    14.0324     5.1977     40.305    31.9891    23.8559 0.0000e+00
 271.760127     40.839  38.731223    14.0284     5.1931     40.494    31.9882    23.8561 0.0000e+00
 271.760133     40.998  38.728133    14.0242     5.2014     40.652    31.9888    23.8574 0.0000e+00
 271.760139     41.130  38.724540    14.0172     5.1984     40.783    31.9913    23.8607 -9.990e-29
 271.760145     41.241  38.716742    14.0062     5.2150     40.893    31.9932    23.8644 -9.990e-29
 271.760150     41.319  38.705522    13.9949     5.2201     40.970    31.9922    23.8660 -9.990e-29
 271.760156     41.350  38.698301    13.9902     5.2260     41.001    31.9895    23.8649 -9.990e-29
 271.760162     41.321  38.700550    13.9958     5.2283     40.972    31.9869    23.8617 -9.990e-29
 271.760168     41.227  38.709629    14.0070     5.2326     40.879    31.9860    23.8587 -9.990e-29
 271.760174     41.074  38.717439    14.0167     5.2401     40.727    31.9852    23.8561 0.0000e+00
 271.760179     40.878  38.722040    14.0229     5.2389     40.533    31.9843    23.8542 0.0000e+00
 271.760185     40.653  38.726179    14.0265     5.2361     40.310    31.9852    23.8541 0.0000e+00
 271.760191     40.415  38.729745    14.0283     5.2229     40.074    31.9871    23.8552 0.0000e+00
 271.760197     40.165  38.732422    14.0293     5.2253     39.826    31.9888    23.8563 0.0000e+00
 271.760203     39.896  38.734391    14.0303     5.2325     39.559    31.9899    23.8569 0.0000e+00
 271.760208     39.620  38.735444    14.0315     5.2283     39.286    31.9900    23.8568 0.0000e+00
 271.760214     39.351  38.735840    14.0325     5.2274     39.019    31.9896    23.8563 0.0000e+00
 271.760220     39.088  38.736080    14.0328     5.2104     38.758    31.9897    23.8562 0.0000e+00
 271.760226     38.832  38.736455    14.0326     5.2062     38.504    31.9903    23.8568 0.0000e+00
 271.760231     38.583  38.736879    14.0323     5.2269     38.257    31.9910    23.8574 0.0000e+00
 271.760237     38.339  38.736766    14.0323     5.2330     38.015    31.9910    23.8574 0.0000e+00
 271.760243     38.092  38.736500    14.0327     5.2377     37.771    31.9906    23.8569 0.0000e+00
 271.760249     37.840  38.737376    14.0333     5.2334     37.521    31.9910    23.8571 0.0000e+00
 271.760255     37.580  38.738855    14.0350     5.1939     37.263    31.9910    23.8568 0.0000e+00
 271.760260     37.304  38.740078    14.0385     5.2362     36.989    31.9893    23.8547 0.0000e+00
 271.760266     37.006  38.741525    14.0425     5.2521     36.694    31.9875    23.8525 0.0000e+00
 271.760272     36.690  38.742856    14.0455     5.2655     36.381    31.9863    23.8510 0.0000e+00
 271.760278     36.365  38.744137    14.0477     5.2689     36.058    31.9858    23.8501 0.0000e+00
 271.760284     36.040  38.745931    14.0500     5.2405     35.736    31.9856    23.8495 0.0000e+00
 271.760289     35.721  38.747799    14.0524     5.2476     35.420    31.9855    23.8489 0.0000e+00
 271.760295     35.413  38.749406    14.0545     5.2535     35.114    31.9853    23.8483 0.0000e+00
 271.760301     35.123  38.751185    14.0568     5.2680     34.827    31.9852    23.8477 0.0000e+00
 271.760307     34.856  38.753801    14.0608     5.2696     34.562    31.9844    23.8463 0.0000e+00
 271.760313     34.614  38.757912    14.0669     5.2615     34.322    31.9832    23.8441 0.0000e+00
 271.760318     34.390  38.763367    14.0739     5.2546     34.100    31.9825    23.8421 0.0000e+00
 271.760324     34.177  38.768447    14.0801     5.2599     33.889    31.9821    23.8405 0.0000e+00
 271.760330     33.967  38.772051    14.0842     5.2730     33.681    31.9821    23.8397 0.0000e+00
 271.760336     33.751  38.773912    14.0861     5.2792     33.467    31.9823    23.8394 0.0000e+00
 271.760341     33.524  38.774244    14.0874     5.2863     33.242    31.9816    23.8386 0.0000e+00
 271.760347     33.279  38.774581    14.0898     5.2911     32.999    31.9800    23.8369 0.0000e+00
 271.760353     33.010  38.775904    14.0945     5.3064     32.732    31.9774    23.8339 0.0000e+00
 271.760359     32.712  38.778268    14.1028     5.3310     32.436    31.9728    23.8287 0.0000e+00
 271.760365     32.389  38.781995    14.1145     5.3404     32.116    31.9667    23.8215 0.0000e+00
 271.760370     32.040  38.786982    14.1279     5.3526     31.770    31.9603    23.8138 0.0000e+00
 271.760376     31.669  38.793127    14.1429     5.3479     31.402    31.9536    23.8056 0.0000e+00
 271.760382     31.291  38.800752    14.1597     5.3471     31.027    31.9468    23.7969 0.0000e+00
 271.760388     30.925  38.810474    14.1798     5.3586     30.665    31.9393    23.7869 0.0000e+00
 271.760394     30.587  38.825706    14.2037     5.3520     30.329    31.9336    23.7775 0.0000e+00
 271.760399     30.284  38.846558    14.2233     5.3494     30.029    31.9366    23.7758 0.0000e+00
 271.760405     30.019  38.861017    14.2308     5.3519     29.766    31.9437    23.7797 0.0000e+00
 271.760411     29.788  38.861442    14.2317     5.3458     29.537    31.9435    23.7793 0.0000e+00
 271.760417     29.580  38.855100    14.2328     5.3686     29.331    31.9368    23.7740 0.0000e+00
 271.760422     29.378  38.849757    14.2365     5.3870     29.131    31.9289    23.7671 0.0000e+00
 271.760428     29.160  38.850028    14.2445     5.4159     28.915    31.9227    23.7606 0.0000e+00
 271.760434     28.914  38.855685    14.2537     5.4281     28.671    31.9203    23.7569 0.0000e+00
 271.760440     28.644  38.861912    14.2624     5.3781     28.403    31.9189    23.7540 0.0000e+00
 271.760446     28.367  38.868018    14.2742     5.4029     28.128    31.9149    23.7485 0.0000e+00
 271.760451     28.101  38.877077    14.2910     5.4072     27.865    31.9094    23.7407 0.0000e+00
 271.760457     27.857  38.894417    14.3108     5.4211     27.623    31.9090    23.7363 0.0000e+00
 271.760463     27.639  38.916231    14.3278     5.4468     27.406    31.9150    23.7374 0.0000e+00
 271.760469     27.432  38.926184    14.3375     5.4077     27.201    31.9162    23.7363 0.0000e+00
 271.760475     27.209  38.925192    14.3422     5.4326     26.980    31.9115    23.7317 0.0000e+00
 271.760480     26.941  38.927037    14.3464     5.4484     26.714    31.9098    23.7295 0.0000e+00
 271.760486     26.604  38.931908    14.3530     5.4675     26.380    31.9089    23.7274 0.0000e+00
 271.760492     26.209  38.937303    14.3638     5.4867     25.989    31.9051    23.7222 0.0000e+00
 271.760498     25.786  38.944785    14.3792     5.4779     25.569    31.8994    23.7146 0.0000e+00
 271.760503     25.366  38.955338    14.3990     5.4872     25.153    31.8929    23.7054 0.0000e+00
 271.760509     24.977  38.971801    14.4183     5.4754     24.767    31.8921    23.7008 0.0000e+00
 271.760515     24.621  38.990321    14.4308     5.4738     24.414    31.8989    23.7034 0.0000e+00
 271.760521     24.294  39.004186    14.4390     5.4750     24.090    31.9049    23.7063 0.0000e+00
 271.760527     23.993  39.015605    14.4463     5.4642     23.791    31.9094    23.7083 0.0000e+00
 271.760532     23.715  39.022963    14.4508     5.4408     23.516    31.9125    23.7097 0.0000e+00
 271.760538     23.460  39.022032    14.4487     5.4267     23.263    31.9134    23.7109 0.0000e+00
 271.760544     23.229  39.011544    14.4389     5.4248     23.034    31.9120    23.7119 0.0000e+00
 271.760550     23.023  38.988139    14.4255     5.4382     22.830    31.9018    23.7068 0.0000e+00
 271.760556     22.843  38.960932    14.4141     5.4507     22.651    31.8865    23.6973 0.0000e+00
 271.760561     22.678  38.946300    14.4071     5.4407     22.487    31.8790    23.6930 0.0000e+00
 271.760567     22.500  38.942633    14.4027     5.4244     22.311    31.8793    23.6941 0.0000e+00
 271.760573     22.284  38.939783    14.3980     5.4190     22.097    31.8807    23.6962 0.0000e+00
 271.760579     22.030  38.935053    14.3914     5.4272     21.845    31.8819    23.6985 0.0000e+00
 271.760584     21.747  38.928099    14.3831     5.4299     21.564    31.8825    23.7007 0.0000e+00
 271.760590     21.448  38.918037    14.3756     5.4335     21.268    31.8796    23.7000 0.0000e+00
 271.760596     21.142  38.905824    14.3708     5.4257     20.964    31.8725    23.6955 0.0000e+00
 271.760602     20.834  38.893662    14.3689     5.4228     20.659    31.8631    23.6886 0.0000e+00
 271.760608     20.523  38.884378    14.3693     5.4369     20.351    31.8544    23.6818 0.0000e+00
 271.760613     20.216  38.880156    14.3709     5.4473     20.046    31.8494    23.6776 0.0000e+00
 271.760619     19.910  38.879282    14.3724     5.4451     19.743    31.8475    23.6758 0.0000e+00
 271.760625     19.595  38.878901    14.3735     5.4050     19.431    31.8463    23.6747 0.0000e+00
 271.760631     19.264  38.878493    14.3743     5.4273     19.102    31.8454    23.6738 0.0000e+00
 271.760637     18.917  38.878066    14.3741     5.4332     18.758    31.8453    23.6738 0.0000e+00
 271.760642     18.557  38.877045    14.3730     5.4303     18.401    31.8454    23.6741 0.0000e+00
 271.760648     18.192  38.875181    14.3721     5.4351     18.039    31.8446    23.6736 0.0000e+00
 271.760654     17.841  38.873341    14.3726     5.3831     17.691    31.8427    23.6720 0.0000e+00
 271.760660     17.525  38.872988    14.3742     5.4081     17.378    31.8411    23.6705 0.0000e+00
 271.760666     17.253  38.873084    14.3751     5.4196     17.108    31.8406    23.6699 0.0000e+00
 271.760671     17.026  38.870948    14.3745     5.4272     16.883    31.8392    23.6689 0.0000e+00
 271.760677     16.828  38.867649    14.3736     5.4419     16.687    31.8370    23.6674 0.0000e+00
 271.760683     16.640  38.866623    14.3744     5.4363     16.500    31.8355    23.6661 0.0000e+00
 271.760689     16.439  38.868734    14.3769     5.4312     16.301    31.8355    23.6655 0.0000e+00
 271.760694     16.214  38.871740    14.3794     5.4344     16.078    31.8362    23.6656 0.0000e+00
 271.760700     15.968  38.874036    14.3809     5.4429     15.834    31.8372    23.6660 0.0000e+00
 271.760706     15.710  38.875870    14.3818     5.4493     15.578    31.8382    23.6666 0.0000e+00
 271.760712     15.441  38.876879    14.3824     5.4509     15.312    31.8387    23.6669 0.0000e+00
 271.760718     15.157  38.876718    14.3825     5.4454     15.030    31.8386    23.6668 0.0000e+00
 271.760723     14.862  38.875723    14.3828     5.4443     14.737    31.8376    23.6659 0.0000e+00
 271.760729     14.557  38.873679    14.3837     5.4485     14.435    31.8351    23.6638 0.0000e+00
 271.760735     14.245  38.870655    14.3853     5.4619     14.126    31.8311    23.6604 0.0000e+00
 271.760741     13.932  38.867656    14.3879     5.4752     13.815    31.8264    23.6562 0.0000e+00
 271.760747     13.619  38.865157    14.3926     5.4861     13.505    31.8204    23.6505 0.0000e+00
 271.760752     13.303  38.863182    14.3997     5.4709     13.192    31.8128    23.6432 0.0000e+00
 271.760758     12.987  38.861891    14.4075     5.4665     12.878    31.8054    23.6359 0.0000e+00
 271.760764     12.675  38.861236    14.4140     5.4598     12.569    31.7996    23.6300 0.0000e+00
 271.760770     12.373  38.861457    14.4196     5.4690     12.269    31.7953    23.6255 0.0000e+00
