data/oxygen options/OCNMS/OCNMS1/raw_data/2023/CAST_KL015_230928faed.cnv
* Sea-Bird SBE 19 Data File:
* FileName = C:\Users\OCNMS.Inst\Documents\2023 Mooring Data\Casts\CAST_KL015_230928.hex
* Software Version SeatermAF 2.1.4.55
* Temperature SN = 2997
* Conductivity SN = 2997
* System UpLoad Time = Sep 29 2023 00:24:08 (localtime) = Sep 29 2023 00:24:08 (UTC)
** CAST_KL015_230928
* ds
# nquan = 9                                 
# nvalues = 1120                        
# units = specified
# name 0 = timeJ: Julian Days
# name 1 = prSM: Pressure, Strain Gauge [db]
# name 2 = c0mS/cm: Conductivity [mS/cm]
# name 3 = t090C: Temperature [ITS-90, deg C]
# name 4 = sbeox0ML/L: Oxygen, SBE 43 [ml/l]
# name 5 = depSM: Depth [salt water, m], lat = 47.5
# name 6 = sal00: Salinity, Practical [PSU]
# name 7 = sigma-é00: Density [sigma-theta, kg/m^3]
# name 8 = flag: flag
# span 0 = 271.989387, 271.995862       
# span 1 =     -6.258,     12.352       
# span 2 =   0.634166,  37.338072       
# span 3 =    14.3134,    16.3304       
# span 4 =    -1.8062,    12.5691       
# span 5 =     -6.206,     12.249       
# span 6 =     0.3743,    30.2974       
# span 7 =    -0.8207,    22.4598       
# span 8 = 0.0000e+00, 0.0000e+00       
# interval = seconds: 0.5
# start_time = Sep 28 2023 23:44:43 [Instrument's time stamp, header]
# bad_flag = -9.990e-29
*END*
[from data line 161]
 271.990318     -2.990   0.638492    16.2577    -1.7749     -2.965     0.3774    -0.8064 -9.990e-29
 271.990324     -2.973   0.638551    16.2615    -1.7749     -2.948     0.3774    -0.8071 -9.990e-29
 271.990330     -2.952   0.638001    16.2658    -1.7748     -2.927     0.3770    -0.8081 -9.990e-29
 271.990336     -2.929   0.637214    16.2722    -1.7746     -2.905     0.3765    -0.8095 -9.990e-29
 271.990341     -2.912   0.636804    16.2790    -1.7746     -2.888     0.3762    -0.8109 -9.990e-29
 271.990347     -2.898   0.636777    16.2841    -1.7748     -2.874     0.3761    -0.8118 -9.990e-29
 271.990353     -2.884   0.637097    16.2871    -1.7755     -2.860     0.3763    -0.8122 -9.990e-29
 271.990359     -2.869   0.637636    16.2900    -1.7759     -2.845     0.3766    -0.8124 -9.990e-29
 271.990365     -2.851   0.638000    16.2939    -1.7761     -2.827     0.3768    -0.8129 -9.990e-29
 271.990370     -2.833   0.638120    16.2975    -1.7762     -2.809     0.3768    -0.8135 -9.990e-29
 271.990376     -2.819   0.638155    16.3001    -1.7762     -2.795     0.3768    -0.8139 -9.990e-29
 271.990382     -2.807   0.638152    16.3026    -1.7763     -2.784     0.3768    -0.8144 -9.990e-29
 271.990388     -2.798   0.638105    16.3043    -1.7765     -2.775     0.3767    -0.8147 -9.990e-29
 271.990394     -2.790   0.637948    16.3029    -1.7767     -2.767     0.3767    -0.8145 -9.990e-29
 271.990399     -2.782   0.637474    16.2964    -1.7772     -2.759     0.3764    -0.8136 -9.990e-29
 271.990405     -2.776   0.636604    16.2859    -1.7772     -2.753     0.3760    -0.8122 -9.990e-29
 271.990411     -2.769   0.635840    16.2760    -1.7768     -2.746     0.3756    -0.8109 -9.990e-29
 271.990417     -2.762   0.635827    16.2694    -1.7762     -2.739     0.3757    -0.8097 -9.990e-29
 271.990422     -2.753   0.636547    16.2656    -1.7756     -2.730     0.3761    -0.8087 -9.990e-29
 271.990428     -2.744   0.637294    16.2631    -1.7755     -2.721     0.3766    -0.8079 -9.990e-29
 271.990434     -2.732   0.637399    16.2603    -1.7750     -2.709     0.3767    -0.8074 -9.990e-29
 271.990440     -2.717   0.637002    16.2562    -1.7746     -2.694     0.3765    -0.8069 -9.990e-29
 271.990446     -2.703   0.636682    16.2503    -1.7742     -2.680     0.3764    -0.8060 -9.990e-29
 271.990451     -2.693   0.636564    16.2453    -1.7740     -2.671     0.3763    -0.8052 -9.990e-29
 271.990457     -2.683   0.636490    16.2456    -1.7738     -2.661     0.3763    -0.8053 -9.990e-29
 271.990463     -2.670   0.636360    16.2532    -1.7738     -2.648     0.3761    -0.8067 -9.990e-29
 271.990469     -2.659   0.636000    16.2654    -1.7738     -2.637     0.3758    -0.8089 -9.990e-29
 271.990475     -2.650   0.635485    16.2775    -1.7742     -2.628     0.3754    -0.8113 -9.990e-29
 271.990480     -2.641   0.635234    16.2877    -1.7745     -2.619     0.3751    -0.8132 -9.990e-29
 271.990486     -2.632   0.635467    16.2982    -1.7747     -2.610     0.3752    -0.8149 -9.990e-29
 271.990492     -2.623   0.635940    16.3091    -1.7748     -2.601     0.3754    -0.8165 -9.990e-29
 271.990498     -2.612   0.636174    16.3184    -1.7747     -2.590     0.3754    -0.8181 -9.990e-29
 271.990503     -2.604   0.635924    16.3249    -1.7746     -2.582     0.3752    -0.8193 -9.990e-29
 271.990509     -2.598   0.635410    16.3291    -1.7745     -2.576     0.3749    -0.8203 -9.990e-29
 271.990515     -2.588   0.635055    16.3304    -1.7745     -2.566     0.3747    -0.8207 -9.990e-29
 271.990521     -2.580   0.634937    16.3279    -1.7745     -2.558     0.3746    -0.8203 -9.990e-29
 271.990527     -2.573   0.634901    16.3223    -1.7746     -2.552     0.3746    -0.8193 -9.990e-29
 271.990532     -2.561   0.634898    16.3158    -1.7748     -2.540     0.3747    -0.8182 -9.990e-29
 271.990538     -2.548   0.634921    16.3106    -1.7750     -2.527     0.3747    -0.8173 -9.990e-29
 271.990544     -2.538   0.635002    16.3082    -1.7749     -2.517     0.3748    -0.8168 -9.990e-29
 271.990550     -2.529   0.635245    16.3086    -1.7750     -2.508     0.3750    -0.8168 -9.990e-29
 271.990556     -2.523   0.635420    16.3104    -1.7748     -2.502     0.3751    -0.8170 -9.990e-29
 271.990561     -2.517   0.635204    16.3122    -1.7748     -2.496     0.3749    -0.8174 -9.990e-29
 271.990567     -2.512   0.634863    16.3129    -1.7751     -2.491     0.3747    -0.8177 -9.990e-29
 271.990573     -2.507   0.634496    16.3119    -1.7753     -2.486     0.3745    -0.8177 -9.990e-29
 271.990579     -2.503   0.634166    16.3093    -1.7758     -2.482     0.3743    -0.8174 -9.990e-29
 271.990584     -2.498   0.634542    16.3056    -1.7769     -2.477     0.3746    -0.8166 -9.990e-29
 271.990590     -2.493   0.635570    16.3027    -1.7775     -2.472     0.3752    -0.8156 -9.990e-29
 271.990596     -2.487   0.636400    16.3013    -1.7779     -2.466     0.3757    -0.8150 -9.990e-29
 271.990602     -2.480   0.637029    16.3013    -1.7783     -2.459     0.3761    -0.8147 -9.990e-29
 271.990608     -2.471   0.637741    16.3020    -1.7783     -2.450     0.3765    -0.8145 -9.990e-29
 271.990613     -2.461   0.638375    16.3005    -1.7786     -2.440     0.3769    -0.8139 -9.990e-29
 271.990619     -2.447   0.638667    16.2953    -1.7794     -2.427     0.3772    -0.8129 -9.990e-29
 271.990625     -2.433   0.638450    16.2860    -1.7799     -2.413     0.3771    -0.8114 -9.990e-29
 271.990631     -2.424   0.637986    16.2711    -1.7803     -2.404     0.3770    -0.8090 -9.990e-29
 271.990637     -2.414   0.637766    16.2521    -1.7814     -2.394     0.3770    -0.8058 -9.990e-29
 271.990642     -2.402   0.638049    16.2345    -1.7821     -2.382     0.3773    -0.8026 -9.990e-29
 271.990648     -2.392   0.638658    16.2215    -1.7826     -2.372     0.3778    -0.8001 -9.990e-29
 271.990654     -2.379   0.639294    16.2125    -1.7827     -2.359     0.3783    -0.7982 -9.990e-29
 271.990660     -2.362   0.639695    16.2050    -1.7827     -2.342     0.3786    -0.7967 -9.990e-29
 271.990666     -2.345   0.639840    16.1948    -1.7829     -2.325     0.3788    -0.7949 -9.990e-29
 271.990671     -2.326   0.639921    16.1807    -1.7825     -2.307     0.3790    -0.7924 -9.990e-29
 271.990677     -2.309   0.640046    16.1652    -1.7822     -2.290     0.3792    -0.7897 -9.990e-29
 271.990683     -2.296   0.640381    16.1478    -1.7821     -2.277     0.3796    -0.7866 -9.990e-29
 271.990689     -2.286   0.640816    16.1281    -1.7822     -2.267     0.3800    -0.7830 -9.990e-29
 271.990694     -2.280   0.640822    16.1103    -1.7824     -2.261     0.3802    -0.7799 -9.990e-29
 271.990700     -2.277   0.640406    16.0980    -1.7824     -2.258     0.3800    -0.7780 -9.990e-29
 271.990706     -2.276   0.640119    16.0912    -1.7825     -2.257     0.3799    -0.7770 -9.990e-29
 271.990712     -2.278   0.640134    16.0884    -1.7824     -2.259     0.3800    -0.7765 -9.990e-29
 271.990718     -2.277   0.640469    16.0891    -1.7826     -2.258     0.3802    -0.7764 -9.990e-29
 271.990723     -2.271   0.641014    16.0934    -1.7828     -2.252     0.3804    -0.7769 -9.990e-29
 271.990729     -2.263   0.641385    16.0983    -1.7835     -2.244     0.3806    -0.7776 -9.990e-29
 271.990735     -2.257   0.641523    16.1004    -1.7848     -2.238     0.3807    -0.7779 -9.990e-29
 271.990741     -2.251   0.641610    16.0996    -1.7855     -2.232     0.3808    -0.7777 -9.990e-29
 271.990747     -2.247   0.641761    16.0975    -1.7863     -2.228     0.3809    -0.7773 -9.990e-29
 271.990752     -2.243   0.642178    16.0952    -1.7870     -2.224     0.3811    -0.7767 -9.990e-29
 271.990758     -2.240   0.642860    16.0932    -1.7870     -2.221     0.3816    -0.7760 -9.990e-29
 271.990764     -2.237   0.643605    16.0908    -1.7870     -2.218     0.3821    -0.7752 -9.990e-29
 271.990770     -2.233   0.644297    16.0856    -1.7876     -2.214     0.3825    -0.7740 -9.990e-29
 271.990775     -2.230   0.644750    16.0752    -1.7884     -2.211     0.3829    -0.7720 -9.990e-29
 271.990781     -2.226   0.645012    16.0574    -1.7890     -2.207     0.3832    -0.7689 -9.990e-29
 271.990787     -2.222   0.645430    16.0344    -1.7893     -2.203     0.3837    -0.7647 -9.990e-29
 271.990793     -2.217   0.646005    16.0121    -1.7896     -2.199     0.3843    -0.7606 -9.990e-29
 271.990799     -2.210   0.646394    15.9929    -1.7898     -2.192     0.3847    -0.7572 -9.990e-29
 271.990804     -2.202   0.646562    15.9785    -1.7901     -2.184     0.3849    -0.7547 -9.990e-29
 271.990810     -2.191   0.646729    15.9699    -1.7901     -2.173     0.3851    -0.7531 -9.990e-29
 271.990816     -2.177   0.647118    15.9621    -1.7904     -2.159     0.3854    -0.7516 -9.990e-29
 271.990822     -2.160   0.647694    15.9496    -1.7913     -2.142     0.3859    -0.7492 -9.990e-29
 271.990828     -2.142   0.648114    15.9336    -1.7922     -2.124     0.3863    -0.7463 -9.990e-29
 271.990833     -2.126   0.648386    15.9193    -1.7928     -2.108     0.3866    -0.7437 -9.990e-29
 271.990839     -2.108   0.648870    15.9090    -1.7933     -2.090     0.3870    -0.7417 -9.990e-29
 271.990845     -2.086   0.649657    15.9009    -1.7931     -2.069     0.3876    -0.7400 -9.990e-29
 271.990851     -2.067   0.650689    15.8938    -1.7927     -2.050     0.3883    -0.7383 -9.990e-29
 271.990856     -2.054   0.652232    15.8873    -1.7925     -2.037     0.3893    -0.7365 -9.990e-29
 271.990862     -2.047   0.654124    15.8802    -1.7922     -2.030     0.3905    -0.7344 -9.990e-29
 271.990868     -2.045   0.655562    15.8685    -1.7919     -2.028     0.3915    -0.7317 -9.990e-29
 271.990874     -2.048   0.656244    15.8510    -1.7917     -2.031     0.3921    -0.7284 -9.990e-29
 271.990880     -2.051   0.656526    15.8320    -1.7915     -2.034     0.3925    -0.7251 -9.990e-29
 271.990885     -2.051   0.656782    15.8166    -1.7912     -2.034     0.3928    -0.7223 -9.990e-29
 271.990891     -2.048   0.657354    15.8083    -1.7913     -2.031     0.3932    -0.7207 -9.990e-29
 271.990897     -2.042   0.658452    15.8078    -1.7918     -2.025     0.3939    -0.7201 -9.990e-29
 271.990903     -2.036   0.659874    15.8124    -1.7920     -2.019     0.3947    -0.7202 -9.990e-29
 271.990909     -2.030   0.661299    15.8194    -1.7921     -2.013     0.3955    -0.7207 -9.990e-29
 271.990914     -2.020   0.662408    15.8271    -1.7920     -2.003     0.3961    -0.7214 -9.990e-29
 271.990920     -2.008   0.663017    15.8342    -1.7917     -1.991     0.3964    -0.7223 -9.990e-29
 271.990926     -1.999   0.663381    15.8398    -1.7912     -1.982     0.3966    -0.7231 -9.990e-29
 271.990932     -1.992   0.663987    15.8442    -1.7909     -1.975     0.3969    -0.7236 -9.990e-29
 271.990937     -1.986   0.665087    15.8465    -1.7908     -1.969     0.3976    -0.7234 -9.990e-29
 271.990943     -1.982   0.666485    15.8442    -1.7909     -1.965     0.3985    -0.7224 -9.990e-29
 271.990949     -1.979   0.667827    15.8385    -1.7914     -1.962     0.3994    -0.7208 -9.990e-29
 271.990955     -1.976   0.669238    15.8336    -1.7919     -1.960     0.4003    -0.7193 -9.990e-29
 271.990961     -1.974   0.670937    15.8319    -1.7917     -1.958     0.4014    -0.7182 -9.990e-29
 271.990966     -1.972   0.672414    15.8343    -1.7913     -1.956     0.4023    -0.7179 -9.990e-29
 271.990972     -1.970   0.673421    15.8407    -1.7908     -1.954     0.4028    -0.7185 -9.990e-29
 271.990978     -1.968   0.674191    15.8487    -1.7902     -1.952     0.4032    -0.7194 -9.990e-29
 271.990984     -1.967   0.674641    15.8548    -1.7895     -1.951     0.4034    -0.7203 -9.990e-29
 271.990990     -1.965   0.674815    15.8569    -1.7890     -1.949     0.4035    -0.7205 -9.990e-29
 271.990995     -1.963   0.674947    15.8538    -1.7884     -1.947     0.4036    -0.7199 -9.990e-29
 271.991001     -1.961   0.675211    15.8466    -1.7878     -1.945     0.4039    -0.7186 -9.990e-29
 271.991007     -1.958   0.675961    15.8411    -1.7873     -1.942     0.4044    -0.7173 -9.990e-29
 271.991013     -1.955   0.677640    15.8426    -1.7877     -1.939     0.4054    -0.7168 -9.990e-29
 271.991019     -1.951   0.680270    15.8508    -1.7881     -1.935     0.4070    -0.7169 -9.990e-29
 271.991024     -1.946   0.682922    15.8630    -1.7888     -1.930     0.4085    -0.7177 -9.990e-29
 271.991030     -1.940   0.684695    15.8777    -1.7891     -1.924     0.4094    -0.7193 -9.990e-29
 271.991036     -1.932   0.685736    15.8938    -1.7890     -1.916     0.4099    -0.7216 -9.990e-29
 271.991042     -1.921   0.686321    15.9097    -1.7891     -1.905     0.4101    -0.7240 -9.990e-29
 271.991047     -1.908   0.686676    15.9246    -1.7891     -1.892     0.4102    -0.7264 -9.990e-29
 271.991053     -1.895   0.687275    15.9368    -1.7895     -1.879     0.4105    -0.7282 -9.990e-29
 271.991059     -1.886   0.688362    15.9427    -1.7901     -1.870     0.4111    -0.7286 -9.990e-29
 271.991065     -1.876   0.689724    15.9398    -1.7902     -1.860     0.4119    -0.7275 -9.990e-29
 271.991071     -1.864   0.690958    15.9305    -1.7909     -1.848     0.4128    -0.7253 -9.990e-29
 271.991076     -1.854   0.692046    15.9198    -1.7910     -1.839     0.4136    -0.7230 -9.990e-29
 271.991082     -1.846   0.693328    15.9119    -1.7909     -1.831     0.4144    -0.7210 -9.990e-29
 271.991088     -1.843   0.694851    15.9073    -1.7912     -1.828     0.4154    -0.7195 -9.990e-29
 271.991094     -1.844   0.696426    15.9039    -1.7916     -1.829     0.4164    -0.7182 -9.990e-29
 271.991100     -1.842   0.697933    15.8993    -1.7924     -1.827     0.4174    -0.7167 -9.990e-29
 271.991105     -1.833   0.699164    15.8915    -1.7927     -1.818     0.4183    -0.7148 -9.990e-29
 271.991111     -1.818   0.700099    15.8817    -1.7929     -1.803     0.4189    -0.7126 -9.990e-29
 271.991117     -1.808   0.700874    15.8719    -1.7931     -1.793     0.4195    -0.7106 -9.990e-29
 271.991123     -1.800   0.701414    15.8627    -1.7934     -1.785     0.4200    -0.7088 -9.990e-29
 271.991128     -1.789   0.701883    15.8559    -1.7936     -1.774     0.4203    -0.7074 -9.990e-29
 271.991134     -1.781   0.702906    15.8506    -1.7938     -1.766     0.4210    -0.7060 -9.990e-29
 271.991140     -1.773   0.704739    15.8430    -1.7940     -1.758     0.4222    -0.7039 -9.990e-29
 271.991146     -1.761   0.707052    15.8316    -1.7939     -1.746     0.4238    -0.7008 -9.990e-29
 271.991152     -1.750   0.709602    15.8187    -1.7936     -1.735     0.4255    -0.6974 -9.990e-29
 271.991157     -1.741   0.711908    15.8080    -1.7933     -1.726     0.4270    -0.6945 -9.990e-29
 271.991163     -1.735   0.713162    15.8003    -1.7931     -1.721     0.4279    -0.6926 -9.990e-29
 271.991169     -1.732   0.713371    15.7937    -1.7927     -1.718     0.4281    -0.6914 -9.990e-29
 271.991175     -1.731   0.713370    15.7872    -1.7924     -1.717     0.4282    -0.6903 -9.990e-29
 271.991181     -1.731   0.713710    15.7813    -1.7921     -1.717     0.4284    -0.6891 -9.990e-29
 271.991186     -1.734   0.714291    15.7766    -1.7925     -1.720     0.4288    -0.6880 -9.990e-29
 271.991192     -1.735   0.714778    15.7744    -1.7928     -1.721     0.4292    -0.6874 -9.990e-29
 271.991198     -1.730   0.715264    15.7762    -1.7930     -1.716     0.4295    -0.6875 -9.990e-29
 271.991204     -1.722   0.716400    15.7809    -1.7930     -1.708     0.4301    -0.6878 -9.990e-29
 271.991209     -1.716   0.718591    15.7869    -1.7927     -1.702     0.4314    -0.6877 -9.990e-29
 271.991215     -1.711   0.721430    15.7939    -1.7928     -1.697     0.4331    -0.6875 -9.990e-29
 271.991221     -1.707   0.724267    15.8016    -1.7933     -1.693     0.4348    -0.6875 -9.990e-29
 271.991227     -1.703   0.726446    15.8081    -1.7935     -1.689     0.4361    -0.6875 -9.990e-29
 271.991233     -1.700   0.727546    15.8104    -1.7932     -1.686     0.4367    -0.6874 -9.990e-29
