data/oxygen options/OCNMS/OCNMS1/raw_data/2023/CAST_CA042_230718faedb.cnv
* Sea-Bird SBE 19 Data File:
* FileName = C:\Users\OCNMS.Inst\Documents\2023 Mooring Data\Casts\CAST_CA042_230718.hex
* Software Version SeatermAF 2.1.4.55
* Temperature SN = 2997
* Conductivity SN = 2997
* System UpLoad Time = Jul 18 2023 23:59:12 (localtime) = Jul 18 2023 23:59:12 (UTC)
** CAST_CA042_230718
* ds
# nquan = 9
# nvalues = 41                          
# units = specified
# name 0 = timeJ: Julian Days
# name 1 = prSM: Pressure, Strain Gauge [db]
# name 2 = c0mS/cm: Conductivity [mS/cm]
# name 3 = t090C: Temperature [ITS-90, deg C]
# name 4 = sbeox0ML/L: Oxygen, SBE 43 [ml/l]
# name 5 = depSM: Depth [salt water, m], lat = 47.5
# name 6 = sal00: Salinity, Practical [PSU]
# name 7 = sigma-é00: Density [sigma-theta, kg/m^3]
# name 8 = flag: flag
# span 0 = 199.957024, 199.958026       
# span 1 =      1.000,     41.000       
# span 2 =  34.923328,  38.557937       
# span 3 =     7.8478,    12.9894       
# span 4 =     2.7205,     7.3966       
# span 5 =      0.992,     40.654       
# span 6 =    32.5623,    33.7843       
# span 7 =    24.5504,    26.3420       
# span 8 = 0.0000e+00, 0.0000e+00       
# interval = decibars: 1                
# start_time = Jul 18 2023 22:51:09 [Instrument's time stamp, header]
# bad_flag = -9.990e-29
*END*
 199.957024      1.000  38.536736    12.9404     7.3966      0.992    32.7451    24.6582 0.0000e+00
 199.957054      2.000  38.557937    12.9894     6.9341      1.983    32.7223    24.6310 0.0000e+00
 199.957079      3.000  38.186920    12.7667     6.1338      2.975    32.5623    24.5504 0.0000e+00
 199.957105      4.000  37.425472    11.7747     4.8480      3.966    32.6955    24.8407 0.0000e+00
 199.957130      5.000  36.538888    10.3641     3.4239      4.958    33.0806    25.3896 0.0000e+00
 199.957154      6.000  35.532569     9.2125     3.2293      5.950    33.1105    25.6046 0.0000e+00
 199.957177      7.000  35.295458     8.8021     3.1454      6.942    33.2466    25.7762 0.0000e+00
 199.957201      8.000  35.163128     8.5759     3.0139      7.933    33.3202    25.8686 0.0000e+00
 199.957223      9.000  35.079440     8.4152     3.0446      8.925    33.3834    25.9427 0.0000e+00
 199.957247     10.000  35.062230     8.3699     3.0848      9.916    33.4077    25.9686 0.0000e+00
 199.957271     11.000  35.063208     8.3646     3.0759     10.908    33.4133    25.9737 0.0000e+00
 199.957294     12.000  35.048403     8.3214     3.0584     11.899    33.4381    25.9998 0.0000e+00
 199.957318     13.000  35.033022     8.3059     3.0533     12.891    33.4362    26.0006 0.0000e+00
 199.957342     14.000  35.028011     8.2827     3.0283     13.883    33.4525    26.0169 0.0000e+00
 199.957365     15.000  35.031207     8.2667     3.0187     14.875    33.4706    26.0335 0.0000e+00
 199.957391     16.000  35.026080     8.2487     3.0062     15.866    33.4819    26.0450 0.0000e+00
 199.957413     17.000  35.014621     8.2328     2.9958     16.857    33.4844    26.0494 0.0000e+00
 199.957437     18.000  35.014131     8.2169     2.9860     17.849    33.4986    26.0629 0.0000e+00
 199.957460     19.000  35.009483     8.1903     2.9444     18.841    33.5185    26.0826 0.0000e+00
 199.957484     20.000  34.996205     8.1601     2.8924     19.832    33.5329    26.0983 0.0000e+00
 199.957508     21.000  34.972320     8.1164     2.8649     20.823    33.5487    26.1172 0.0000e+00
 199.957532     22.000  34.959750     8.0850     2.8557     21.815    33.5649    26.1346 0.0000e+00
 199.957554     23.000  34.957067     8.0767     2.8304     22.807    33.5695    26.1395 0.0000e+00
 199.957578     24.000  34.951325     8.0643     2.8072     23.798    33.5748    26.1455 0.0000e+00
 199.957601     25.000  34.930422     8.0298     2.8076     24.790    33.5852    26.1587 0.0000e+00
 199.957622     26.000  34.924821     8.0242     2.7955     25.781    33.5841    26.1587 0.0000e+00
 199.957646     27.000  34.927735     8.0267     2.7998     26.773    33.5844    26.1586 0.0000e+00
 199.957671     28.000  34.924446     8.0218     2.7970     27.764    33.5850    26.1598 0.0000e+00
 199.957695     29.000  34.923328     7.9989     2.8443     28.756    33.6053    26.1791 0.0000e+00
 199.957717     30.000  34.934795     7.9752     2.8621     29.747    33.6400    26.2099 0.0000e+00
 199.957742     31.000  34.942905     7.9622     2.7930     30.739    33.6607    26.2280 0.0000e+00
 199.957766     32.000  34.936856     7.9399     2.7598     31.730    33.6752    26.2427 0.0000e+00
 199.957790     33.000  34.937222     7.9160     2.7776     32.722    33.6981    26.2642 0.0000e+00
 199.957816     34.000  34.954301     7.8749     2.7545     33.714    33.7557    26.3154 0.0000e+00
 199.957840     35.000  34.959060     7.8595     2.7442     34.705    33.7752    26.3330 0.0000e+00
 199.957862     36.000  34.958395     7.8526     2.7435     35.696    33.7808    26.3384 0.0000e+00
 199.957885     37.000  34.958697     7.8517     2.7355     36.688    33.7815    26.3391 0.0000e+00
 199.957910     38.000  34.959281     7.8506     2.7362     37.679    33.7827    26.3403 0.0000e+00
 199.957938     39.000  34.959204     7.8496     2.7215     38.671    33.7831    26.3407 0.0000e+00
 199.957966     40.000  34.958946     7.8486     2.7313     39.662    33.7833    26.3411 0.0000e+00
 199.958026     41.000  34.959583     7.8478     2.7205     40.654    33.7843    26.3420 0.0000e+00
