data/oxygen options/OCNMS/OCNMS1/raw_data/2023/CAST_MB042_230831faed.cnv
* Sea-Bird SBE 19 Data File:
* FileName = C:\Users\OCNMS.Inst\Documents\2023 Mooring Data\Casts\CAST_MB042_230831.hex
* Software Version SeatermAF 2.1.4.55
* Temperature SN = 2997
* Conductivity SN = 2997
* System UpLoad Time = Aug 31 2023 23:11:19 (localtime) = Aug 31 2023 23:11:19 (UTC)
** CAST_MB042_230831
* ds
# nquan = 9                                 
# nvalues = 1004                        
# units = specified
# name 0 = timeJ: Julian Days
# name 1 = prSM: Pressure, Strain Gauge [db]
# name 2 = c0mS/cm: Conductivity [mS/cm]
# name 3 = t090C: Temperature [ITS-90, deg C]
# name 4 = sbeox0ML/L: Oxygen, SBE 43 [ml/l]
# name 5 = depSM: Depth [salt water, m], lat = 47.5
# name 6 = sal00: Salinity, Practical [PSU]
# name 7 = sigma-é00: Density [sigma-theta, kg/m^3]
# name 8 = flag: flag
# span 0 = 243.700255, 243.706059       
# span 1 =     -6.246,     40.204       
# span 2 =   0.392439,  37.142453       
# span 3 =     8.6036,    13.8627       
# span 4 =    -1.8859,    11.2294       
# span 5 =     -6.194,     39.865       
# span 6 =     0.2423,    33.4676       
# span 7 =    -0.5465,    25.9804       
# span 8 = 0.0000e+00, 0.0000e+00       
# interval = seconds: 0.5
# start_time = Aug 31 2023 16:48:22 [Instrument's time stamp, header]
# bad_flag = -9.990e-29
*END*
[from data line 801]
 243.704890     38.731  35.341736     8.6043     2.3139     38.404    33.4670    25.9799 0.0000e+00
 243.704896     38.967  35.341839     8.6049     2.3492     38.638    33.4664    25.9794 0.0000e+00
 243.704902     39.185  35.342101     8.6059     2.3449     38.854    33.4657    25.9786 0.0000e+00
 243.704907     39.382  35.342298     8.6070     2.3523     39.050    33.4647    25.9777 0.0000e+00
 243.704913     39.557  35.342122     8.6077     2.3636     39.223    33.4638    25.9769 0.0000e+00
 243.704919     39.712  35.341890     8.6073     2.3293     39.377    33.4639    25.9770 0.0000e+00
 243.704925     39.850  35.341842     8.6057     2.3642     39.514    33.4653    25.9784 -9.990e-29
 243.704931     39.970  35.341903     8.6043     2.3636     39.633    33.4666    25.9796 -9.990e-29
 243.704936     40.068  35.342146     8.6038     2.3730     39.730    33.4673    25.9802 -9.990e-29
 243.704942     40.140  35.342884     8.6043     2.3594     39.801    33.4676    25.9804 -9.990e-29
 243.704948     40.188  35.343969     8.6059     2.3346     39.849    33.4672    25.9798 -9.990e-29
 243.704954     40.204  35.344598     8.6080     2.3423     39.865    33.4658    25.9784 -9.990e-29
 243.704959     40.188  35.344480     8.6093     2.3441     39.849    33.4645    25.9772 -9.990e-29
 243.704965     40.132  35.344008     8.6094     2.3615     39.793    33.4639    25.9767 -9.990e-29
 243.704971     40.034  35.343663     8.6089     2.3573     39.696    33.4641    25.9769 -9.990e-29
 243.704977     39.895  35.343535     8.6091     2.3440     39.558    33.4638    25.9767 0.0000e+00
 243.704983     39.712  35.344006     8.6099     2.3401     39.377    33.4636    25.9764 0.0000e+00
 243.704988     39.476  35.345132     8.6099     2.3301     39.143    33.4649    25.9774 0.0000e+00
 243.704994     39.204  35.345603     8.6087     2.3339     38.873    33.4667    25.9790 0.0000e+00
 243.705000     38.924  35.344920     8.6073     2.3452     38.596    33.4674    25.9798 0.0000e+00
 243.705006     38.649  35.343849     8.6066     2.3489     38.323    33.4671    25.9796 0.0000e+00
 243.705012     38.383  35.342635     8.6059     2.3448     38.059    33.4666    25.9793 0.0000e+00
 243.705017     38.129  35.341331     8.6049     2.3332     37.807    33.4663    25.9792 0.0000e+00
 243.705023     37.886  35.340430     8.6041     2.3196     37.566    33.4662    25.9793 0.0000e+00
 243.705029     37.646  35.339843     8.6036     2.3270     37.328    33.4662    25.9794 0.0000e+00
 243.705035     37.407  35.339338     8.6043     2.3422     37.091    33.4651    25.9784 0.0000e+00
 243.705041     37.166  35.339353     8.6057     2.3495     36.852    33.4639    25.9772 0.0000e+00
 243.705046     36.921  35.339900     8.6070     2.3514     36.610    33.4634    25.9766 0.0000e+00
 243.705052     36.673  35.340578     8.6084     2.3455     36.364    33.4629    25.9760 0.0000e+00
 243.705058     36.419  35.341162     8.6095     2.3337     36.112    33.4626    25.9756 0.0000e+00
 243.705064     36.156  35.341304     8.6101     2.3391     35.851    33.4623    25.9753 0.0000e+00
 243.705069     35.886  35.341183     8.6107     2.3471     35.583    33.4617    25.9747 0.0000e+00
 243.705075     35.606  35.341190     8.6122     2.3107     35.306    33.4604    25.9735 0.0000e+00
 243.705081     35.318  35.341325     8.6145     2.3563     35.020    33.4585    25.9716 0.0000e+00
 243.705087     35.023  35.341760     8.6167     2.3782     34.728    33.4570    25.9701 0.0000e+00
 243.705093     34.729  35.342507     8.6179     2.3942     34.436    33.4568    25.9698 0.0000e+00
 243.705098     34.439  35.343437     8.6189     2.4166     34.149    33.4570    25.9697 0.0000e+00
 243.705104     34.151  35.344660     8.6214     2.3895     33.863    33.4560    25.9686 0.0000e+00
 243.705110     33.864  35.347238     8.6280     2.4649     33.579    33.4526    25.9649 0.0000e+00
 243.705116     33.577  35.351799     8.6426     2.5241     33.294    33.4437    25.9557 0.0000e+00
 243.705122     33.289  35.357133     8.6658     2.5737     33.009    33.4275    25.9394 0.0000e+00
 243.705127     32.999  35.362504     8.6910     2.6106     32.721    33.4095    25.9214 0.0000e+00
 243.705133     32.705  35.368343     8.7129     2.6156     32.429    33.3951    25.9068 0.0000e+00
 243.705139     32.410  35.375708     8.7319     2.6395     32.137    33.3850    25.8959 0.0000e+00
 243.705145     32.121  35.385270     8.7481     2.6627     31.850    33.3799    25.8894 0.0000e+00
 243.705150     31.841  35.395785     8.7618     2.6786     31.573    33.3781    25.8859 0.0000e+00
 243.705156     31.570  35.404890     8.7728     2.6769     31.304    33.3774    25.8837 0.0000e+00
 243.705162     31.307  35.411354     8.7797     2.6644     31.043    33.3778    25.8829 0.0000e+00
 243.705168     31.052  35.416405     8.7843     2.6510     30.791    33.3789    25.8830 0.0000e+00
 243.705174     30.803  35.420689     8.7887     2.6685     30.544    33.3794    25.8827 0.0000e+00
 243.705179     30.552  35.422706     8.7928     2.6773     30.295    33.3777    25.8808 0.0000e+00
 243.705185     30.292  35.422975     8.7966     2.7002     30.037    33.3746    25.8777 0.0000e+00
 243.705191     30.014  35.423606     8.8008     2.7137     29.761    33.3714    25.8746 0.0000e+00
 243.705197     29.719  35.424952     8.8063     2.7203     29.469    33.3678    25.8708 0.0000e+00
 243.705203     29.413  35.427198     8.8121     2.7341     29.165    33.3648    25.8676 0.0000e+00
 243.705208     29.102  35.430608     8.8180     2.7498     28.857    33.3629    25.8653 0.0000e+00
 243.705214     28.792  35.435320     8.8261     2.7632     28.550    33.3604    25.8620 0.0000e+00
 243.705220     28.485  35.440408     8.8369     2.7823     28.245    33.3557    25.8566 0.0000e+00
 243.705226     28.179  35.443766     8.8485     2.7860     27.942    33.3484    25.8491 0.0000e+00
 243.705231     27.875  35.446580     8.8590     2.7769     27.640    33.3416    25.8422 0.0000e+00
 243.705237     27.576  35.450436     8.8663     2.7755     27.344    33.3390    25.8389 0.0000e+00
 243.705243     27.280  35.453826     8.8691     2.7830     27.051    33.3400    25.8393 0.0000e+00
 243.705249     26.989  35.456302     8.8693     2.7940     26.762    33.3425    25.8413 0.0000e+00
 243.705255     26.706  35.458436     8.8702     2.8208     26.481    33.3440    25.8423 0.0000e+00
 243.705260     26.431  35.459784     8.8739     2.8077     26.209    33.3421    25.8402 0.0000e+00
 243.705266     26.158  35.460534     8.8795     2.8213     25.938    33.3378    25.8359 0.0000e+00
 243.705272     25.880  35.461196     8.8854     2.8217     25.662    33.3330    25.8313 0.0000e+00
 243.705278     25.590  35.462162     8.8902     2.8334     25.375    33.3297    25.8279 0.0000e+00
 243.705284     25.293  35.464232     8.8941     2.8419     25.080    33.3283    25.8262 0.0000e+00
 243.705289     24.994  35.466879     8.8987     2.8030     24.784    33.3269    25.8244 0.0000e+00
 243.705295     24.697  35.469221     8.9051     2.8496     24.489    33.3235    25.8207 0.0000e+00
 243.705301     24.399  35.471653     8.9110     2.8505     24.194    33.3206    25.8175 0.0000e+00
 243.705307     24.103  35.474125     8.9142     2.8753     23.900    33.3203    25.8168 0.0000e+00
 243.705312     23.816  35.476087     8.9165     2.8918     23.616    33.3203    25.8165 0.0000e+00
 243.705318     23.541  35.477428     8.9195     2.8809     23.343    33.3190    25.8150 0.0000e+00
 243.705324     23.273  35.478324     8.9220     2.9246     23.077    33.3177    25.8136 0.0000e+00
 243.705330     23.005  35.479483     8.9264     2.9509     22.812    33.3150    25.8107 0.0000e+00
 243.705336     22.731  35.482520     8.9353     2.9701     22.540    33.3099    25.8053 0.0000e+00
 243.705341     22.451  35.488196     8.9446     2.9723     22.262    33.3072    25.8018 0.0000e+00
 243.705347     22.169  35.495187     8.9517     2.9620     21.983    33.3080    25.8013 0.0000e+00
 243.705353     21.889  35.502244     8.9582     2.9681     21.705    33.3094    25.8013 0.0000e+00
 243.705359     21.606  35.508205     8.9638     2.9815     21.425    33.3105    25.8013 0.0000e+00
 243.705365     21.314  35.511006     8.9689     2.9986     21.135    33.3087    25.7991 0.0000e+00
 243.705370     21.017  35.511653     8.9742     3.0066     20.841    33.3046    25.7951 0.0000e+00
 243.705376     20.721  35.513323     8.9788     3.0087     20.547    33.3022    25.7924 0.0000e+00
 243.705382     20.428  35.516072     8.9820     3.0033     20.257    33.3022    25.7919 0.0000e+00
 243.705388     20.137  35.519159     8.9835     3.0050     19.968    33.3041    25.7932 0.0000e+00
 243.705394     19.847  35.522289     8.9842     3.0197     19.680    33.3068    25.7952 0.0000e+00
 243.705399     19.562  35.524667     8.9854     3.0304     19.398    33.3083    25.7962 0.0000e+00
 243.705405     19.287  35.526172     8.9877     3.0408     19.125    33.3079    25.7955 0.0000e+00
 243.705411     19.023  35.527763     8.9906     3.0384     18.863    33.3069    25.7943 0.0000e+00
 243.705417     18.763  35.530512     8.9932     3.0462     18.606    33.3075    25.7943 0.0000e+00
 243.705422     18.501  35.533674     8.9955     3.0681     18.346    33.3087    25.7949 0.0000e+00
 243.705428     18.235  35.535373     8.9982     3.1086     18.082    33.3081    25.7940 0.0000e+00
 243.705434     17.955  35.536266     9.0024     3.1542     17.804    33.3052    25.7911 0.0000e+00
 243.705440     17.662  35.538174     9.0087     3.2134     17.514    33.3014    25.7871 0.0000e+00
 243.705446     17.362  35.542032     9.0175     3.2565     17.216    33.2973    25.7825 0.0000e+00
 243.705451     17.062  35.550256     9.0294     3.3035     16.919    33.2949    25.7787 0.0000e+00
 243.705457     16.769  35.561560     9.0437     3.3559     16.628    33.2934    25.7753 0.0000e+00
 243.705463     16.485  35.573164     9.0631     3.3951     16.347    33.2875    25.7676 0.0000e+00
 243.705469     16.206  35.587730     9.0929     3.4341     16.070    33.2749    25.7530 0.0000e+00
 243.705475     15.925  35.604586     9.1307     3.4048     15.791    33.2572    25.7332 0.0000e+00
 243.705480     15.647  35.619391     9.1676     3.4575     15.516    33.2383    25.7125 0.0000e+00
 243.705486     15.376  35.632918     9.1975     3.4771     15.247    33.2245    25.6970 0.0000e+00
 243.705492     15.112  35.644235     9.2197     3.5109     14.985    33.2157    25.6866 0.0000e+00
 243.705498     14.854  35.650584     9.2375     3.5592     14.729    33.2058    25.6760 0.0000e+00
 243.705503     14.599  35.655463     9.2556     3.5335     14.477    33.1941    25.6640 0.0000e+00
 243.705509     14.340  35.660411     9.2771     3.6055     14.220    33.1794    25.6490 0.0000e+00
 243.705515     14.073  35.664816     9.3047     3.6664     13.955    33.1584    25.6282 0.0000e+00
 243.705521     13.798  35.671265     9.3386     3.7212     13.682    33.1338    25.6035 0.0000e+00
 243.705527     13.515  35.682828     9.3741     3.7988     13.402    33.1129    25.5815 0.0000e+00
 243.705532     13.226  35.698754     9.4073     3.8482     13.115    33.0988    25.5651 0.0000e+00
 243.705538     12.941  35.715708     9.4412     3.9084     12.833    33.0850    25.5489 0.0000e+00
 243.705544     12.657  35.734527     9.4811     3.9517     12.551    33.0676    25.5289 0.0000e+00
 243.705550     12.369  35.754610     9.5268     3.9908     12.265    33.0463    25.5047 0.0000e+00
 243.705556     12.080  35.774241     9.5692     4.0244     11.979    33.0275    25.4832 0.0000e+00
 243.705561     11.794  35.794468     9.5991     4.0596     11.695    33.0209    25.4731 0.0000e+00
 243.705567     11.510  35.813769     9.6185     4.0997     11.414    33.0229    25.4716 0.0000e+00
 243.705573     11.230  35.833871     9.6361     4.1218     11.136    33.0275    25.4722 0.0000e+00
 243.705579     10.958  35.856446     9.6560     4.1454     10.866    33.0324    25.4729 0.0000e+00
 243.705584     10.690  35.872456     9.6787     4.1411     10.601    33.0281    25.4657 0.0000e+00
 243.705590     10.418  35.878675     9.7039     4.1543     10.331    33.0114    25.4486 0.0000e+00
 243.705596     10.137  35.883468     9.7257     4.1647     10.052    32.9964    25.4333 0.0000e+00
 243.705602      9.850  35.892742     9.7403     4.1860      9.768    32.9926    25.4279 0.0000e+00
 243.705608      9.561  35.907175     9.7518     4.2182      9.481    32.9969    25.4294 0.0000e+00
 243.705613      9.268  35.919757     9.7638     4.2202      9.190    32.9989    25.4290 0.0000e+00
 243.705619      8.970  35.924373     9.7774     4.2218      8.895    32.9913    25.4208 0.0000e+00
 243.705625      8.665  35.926690     9.7911     4.2203      8.593    32.9812    25.4107 0.0000e+00
 243.705631      8.356  35.933230     9.8002     4.2239      8.286    32.9797    25.4080 0.0000e+00
 243.705637      8.056  35.942705     9.8055     4.2366      7.989    32.9847    25.4110 0.0000e+00
 243.705642      7.777  35.951580     9.8118     4.2566      7.712    32.9881    25.4126 0.0000e+00
 243.705648      7.509  35.958317     9.8200     4.2604      7.446    32.9876    25.4108 0.0000e+00
 243.705654      7.244  35.963007     9.8294     4.2639      7.183    32.9838    25.4064 0.0000e+00
 243.705660      6.982  35.965813     9.8406     4.2921      6.924    32.9766    25.3988 0.0000e+00
 243.705666      6.725  35.965510     9.8548     4.3461      6.669    32.9634    25.3862 0.0000e+00
 243.705671      6.467  35.965128     9.8710     4.4456      6.413    32.9483    25.3717 0.0000e+00
 243.705677      6.202  35.970954     9.8869     4.5350      6.150    32.9398    25.3625 0.0000e+00
 243.705683      5.929  35.982985     9.9046     4.6244      5.879    32.9360    25.3566 0.0000e+00
 243.705689      5.653  36.001655     9.9268     4.6447      5.606    32.9349    25.3520 0.0000e+00
 243.705694      5.374  36.027844     9.9582     4.7323      5.329    32.9329    25.3452 0.0000e+00
 243.705700      5.094  36.062933    10.0050     4.8209      5.051    32.9260    25.3320 0.0000e+00
 243.705706      4.819  36.103367    10.0619     4.9085      4.779    32.9153    25.3142 0.0000e+00
 243.705712      4.546  36.128630    10.1231     4.9948      4.508    32.8854    25.2805 0.0000e+00
 243.705718      4.277  36.141117    10.1828     5.0160      4.241    32.8439    25.2382 0.0000e+00
 243.705723      4.010  36.165400    10.2329     5.1048      3.976    32.8232    25.2135 0.0000e+00
 243.705729      3.747  36.200891    10.2752     5.1787      3.716    32.8208    25.2045 0.0000e+00
 243.705735      3.488  36.234491    10.3155     5.2474      3.459    32.8183    25.1957 0.0000e+00
 243.705741      3.232  36.256184    10.3636     5.3002      3.205    32.7968    25.1708 0.0000e+00
 243.705747      2.982  36.270884    10.4246     5.3207      2.957    32.7567    25.1291 0.0000e+00
 243.705752      2.739  36.296586    10.4907     5.3334      2.716    32.7231    25.0916 0.0000e+00
 243.705758      2.503  36.326747    10.5475     5.3443      2.482    32.7024    25.0657 0.0000e+00
 243.705764      2.277  36.347325    10.5833     5.3499      2.258    32.6910    25.0506 0.0000e+00
 243.705770      2.060  36.365675    10.6027     5.3646      2.043    32.6920    25.0481 0.0000e+00
 243.705775      1.847  36.387299    10.6207     5.3781      1.832    32.6976    25.0493 0.0000e+00
 243.705781      1.636  36.404133    10.6459     5.4002      1.622    32.6919    25.0406 0.0000e+00
 243.705787      1.432  36.411808    10.6749     5.4162      1.420    32.6737    25.0214 0.0000e+00
 243.705793      1.238  36.417829    10.6994     5.4426      1.228    32.6579    25.0048 0.0000e+00
 243.705799      1.060  36.428062    10.7175     5.4590      1.051    32.6520    24.9970 0.0000e+00
 243.705804      0.903  36.446146    10.7391     5.4840      0.895    32.6508    24.9923 0.0000e+00
