data/oxygen options/OCNMS/OCNMS1/raw_data/2023/CAST_KL015_230928faed.cnv
* Sea-Bird SBE 19 Data File:
* FileName = C:\Users\OCNMS.Inst\Documents\2023 Mooring Data\Casts\CAST_KL015_230928.hex
* Software Version SeatermAF 2.1.4.55
* Temperature SN = 2997
* Conductivity SN = 2997
* System UpLoad Time = Sep 29 2023 00:24:08 (localtime) = Sep 29 2023 00:24:08 (UTC)
** CAST_KL015_230928
* ds
# nquan = 9                                 
# nvalues = 1120                        
# units = specified
# name 0 = timeJ: Julian Days
# name 1 = prSM: Pressure, Strain Gauge [db]
# name 2 = c0mS/cm: Conductivity [mS/cm]
# name 3 = t090C: Temperature [ITS-90, deg C]
# name 4 = sbeox0ML/L: Oxygen, SBE 43 [ml/l]
# name 5 = depSM: Depth [salt water, m], lat = 47.5
# name 6 = sal00: Salinity, Practical [PSU]
# name 7 = sigma-é00: Density [sigma-theta, kg/m^3]
# name 8 = flag: flag
# span 0 = 271.989387, 271.995862       
# span 1 =     -6.258,     12.352       
# span 2 =   0.634166,  37.338072       
# span 3 =    14.3134,    16.3304       
# span 4 =    -1.8062,    12.5691       
# span 5 =     -6.206,     12.249       
# span 6 =     0.3743,    30.2974       
# span 7 =    -0.8207,    22.4598       
# span 8 = 0.0000e+00, 0.0000e+00       
# interval = seconds: 0.5
# start_time = Sep 28 2023 23:44:43 [Instrument's time stamp, header]
# bad_flag = -9.990e-29
*END*
[from data line 961]
 271.994948      0.157  37.174885    14.7066     5.9753      0.156    30.0455    22.2173 -9.990e-29
 271.994954      0.150  37.171779    14.6979     5.9952      0.149    30.0494    22.2221 -9.990e-29
 271.994959      0.141  37.169527    14.6808     6.0134      0.140    30.0606    22.2342 -9.990e-29
 271.994965      0.142  37.165692    14.6585     6.0089      0.141    30.0744    22.2495 -9.990e-29
 271.994971      0.152  37.147702    14.6367     5.9824      0.151    30.0750    22.2545 -9.990e-29
 271.994977      0.165  37.119042    14.6246     5.9571      0.164    30.0586    22.2444 -9.990e-29
 271.994983      0.172  37.101267    14.6307     5.9398      0.171    30.0379    22.2272 -9.990e-29
 271.994988      0.170  37.102609    14.6464     5.9406      0.169    30.0270    22.2155 -9.990e-29
 271.994994      0.162  37.109555    14.6526     5.9608      0.161    30.0284    22.2153 -9.990e-29
 271.995000      0.156  37.110102    14.6433     5.9441      0.155    30.0361    22.2232 -9.990e-29
 271.995006      0.158  37.103323    14.6283     5.9990      0.157    30.0416    22.2305 -9.990e-29
 271.995012      0.161  37.094768    14.6200     6.0142      0.160    30.0403    22.2312 -9.990e-29
 271.995017      0.163  37.093212    14.6234     6.0167      0.162    30.0363    22.2274 -9.990e-29
 271.995023      0.164  37.098837    14.6349     6.0214      0.163    30.0324    22.2221 -9.990e-29
 271.995029      0.163  37.106838    14.6483     5.9624      0.162    30.0293    22.2169 -9.990e-29
 271.995035      0.160  37.121179    14.6621     5.9704      0.159    30.0315    22.2158 -9.990e-29
 271.995041      0.160  37.144759    14.6783     5.9791      0.159    30.0402    22.2191 -9.990e-29
 271.995046      0.166  37.170945    14.6970     5.9912      0.165    30.0493    22.2222 -9.990e-29
 271.995052      0.176  37.193779    14.7134     6.0105      0.175    30.0572    22.2249 -9.990e-29
 271.995058      0.184  37.206192    14.7215     5.9995      0.182    30.0621    22.2269 -9.990e-29
 271.995064      0.193  37.206830    14.7215     5.9998      0.191    30.0626    22.2274 -9.990e-29
 271.995069      0.201  37.203288    14.7183     5.9943      0.199    30.0619    22.2275 -9.990e-29
 271.995075      0.207  37.200389    14.7158     5.9816      0.205    30.0612    22.2275 -9.990e-29
 271.995081      0.205  37.198209    14.7151     5.9750      0.203    30.0598    22.2265 -9.990e-29
 271.995087      0.200  37.196660    14.7158     5.9679      0.198    30.0579    22.2249 -9.990e-29
 271.995093      0.195  37.195377    14.7165     5.9786      0.193    30.0562    22.2235 -9.990e-29
 271.995098      0.191  37.192671    14.7161     5.9862      0.189    30.0541    22.2219 -9.990e-29
 271.995104      0.188  37.188874    14.7133     5.9956      0.186    30.0528    22.2215 -9.990e-29
 271.995110      0.184  37.181747    14.7071     5.9985      0.182    30.0512    22.2216 -9.990e-29
 271.995116      0.180  37.165729    14.6962     5.9955      0.178    30.0453    22.2193 -9.990e-29
 271.995122      0.175  37.148613    14.6806     5.9758      0.174    30.0419    22.2199 -9.990e-29
 271.995127      0.170  37.140649    14.6659     5.9632      0.169    30.0461    22.2262 -9.990e-29
 271.995133      0.163  37.134038    14.6540     5.9682      0.162    30.0494    22.2312 -9.990e-29
 271.995139      0.159  37.122784    14.6426     5.9734      0.158    30.0480    22.2325 -9.990e-29
 271.995145      0.162  37.113747    14.6343     5.9825      0.161    30.0463    22.2329 -9.990e-29
 271.995150      0.168  37.112262    14.6314     5.9892      0.167    30.0472    22.2342 -9.990e-29
 271.995156      0.173  37.114124    14.6316     5.9879      0.172    30.0487    22.2353 -9.990e-29
 271.995162      0.176  37.115113    14.6324     5.9810      0.175    30.0490    22.2354 -9.990e-29
 271.995168      0.179  37.114886    14.6332     5.9904      0.178    30.0482    22.2346 -9.990e-29
 271.995174      0.181  37.114280    14.6341     5.9842      0.179    30.0470    22.2334 -9.990e-29
 271.995179      0.182  37.115309    14.6345     5.9901      0.180    30.0476    22.2338 -9.990e-29
 271.995185      0.184  37.117125    14.6342     5.9612      0.182    30.0494    22.2353 -9.990e-29
 271.995191      0.185  37.118246    14.6336     5.9873      0.183    30.0509    22.2366 -9.990e-29
 271.995197      0.185  37.118508    14.6336     5.9949      0.183    30.0511    22.2368 -9.990e-29
 271.995203      0.186  37.118279    14.6347     5.9979      0.184    30.0501    22.2357 -9.990e-29
 271.995208      0.186  37.119514    14.6366     6.0150      0.184    30.0497    22.2351 -9.990e-29
 271.995214      0.186  37.123319    14.6394     5.9721      0.184    30.0510    22.2355 -9.990e-29
 271.995220      0.186  37.128063    14.6419     5.9972      0.184    30.0533    22.2367 -9.990e-29
 271.995226      0.186  37.132250    14.6434     5.9945      0.184    30.0559    22.2384 -9.990e-29
 271.995231      0.186  37.135321    14.6444     5.9866      0.184    30.0579    22.2398 -9.990e-29
 271.995237      0.186  37.137467    14.6455     5.9914      0.184    30.0590    22.2404 -9.990e-29
 271.995243      0.186  37.138209    14.6481     5.9925      0.184    30.0577    22.2388 -9.990e-29
 271.995249      0.186  37.139677    14.6531     6.0060      0.184    30.0551    22.2358 -9.990e-29
 271.995255      0.185  37.145529    14.6587     6.0138      0.183    30.0561    22.2354 -9.990e-29
 271.995260      0.184  37.152383    14.6622     6.0107      0.182    30.0595    22.2373 -9.990e-29
 271.995266      0.183  37.154274    14.6624     6.0040      0.181    30.0611    22.2384 -9.990e-29
 271.995272      0.182  37.151501    14.6613     5.9877      0.180    30.0594    22.2374 -9.990e-29
 271.995278      0.180  37.148793    14.6625     5.9830      0.178    30.0561    22.2346 -9.990e-29
 271.995284      0.178  37.149280    14.6671     5.9766      0.177    30.0529    22.2312 -9.990e-29
 271.995289      0.175  37.155872    14.6716     5.9834      0.174    30.0554    22.2322 -9.990e-29
 271.995295      0.172  37.162811    14.6722     5.9959      0.171    30.0612    22.2365 -9.990e-29
 271.995301      0.167  37.163126    14.6724     5.9993      0.166    30.0613    22.2365 -9.990e-29
 271.995307      0.161  37.163978    14.6784     6.0017      0.160    30.0574    22.2323 -9.990e-29
 271.995313      0.154  37.171005    14.6887     5.9803      0.153    30.0558    22.2289 -9.990e-29
 271.995318      0.148  37.180713    14.6972     5.9737      0.147    30.0580    22.2288 -9.990e-29
 271.995324      0.149  37.185339    14.7008     5.9726      0.148    30.0593    22.2291 -9.990e-29
 271.995330      0.151  37.184909    14.7015     5.9807      0.150    30.0584    22.2283 -9.990e-29
 271.995336      0.151  37.186154    14.7029     5.9883      0.150    30.0584    22.2280 -9.990e-29
 271.995341      0.148  37.189074    14.7053     5.9885      0.147    30.0592    22.2281 -9.990e-29
 271.995347      0.143  37.190300    14.7053     5.9816      0.142    30.0603    22.2290 -9.990e-29
 271.995353      0.136  37.187564    14.7011     5.9791      0.135    30.0611    22.2304 -9.990e-29
 271.995359      0.125  37.181719    14.6951     5.9792      0.124    30.0605    22.2312 -9.990e-29
 271.995365      0.109  37.175638    14.6909     5.9735      0.108    30.0583    22.2304 -9.990e-29
 271.995370      0.093  37.170754    14.6906     5.9683      0.092    30.0541    22.2272 -9.990e-29
 271.995376      0.084  37.170098    14.6956     5.9806      0.083    30.0497    22.2228 -9.990e-29
 271.995382      0.086  37.177296    14.7050     5.9915      0.085    30.0489    22.2202 -9.990e-29
 271.995388      0.098  37.188521    14.7137     6.0027      0.097    30.0522    22.2210 -9.990e-29
 271.995394      0.117  37.196352    14.7173     5.9920      0.116    30.0565    22.2235 -9.990e-29
 271.995399      0.137  37.198365    14.7157     5.9359      0.136    30.0595    22.2262 -9.990e-29
 271.995405      0.153  37.195585    14.7113     5.9599      0.152    30.0604    22.2278 -9.990e-29
 271.995411      0.162  37.191049    14.7085     5.9737      0.161    30.0585    22.2269 -9.990e-29
 271.995417      0.166  37.188812    14.7099     5.9958      0.165    30.0554    22.2242 -9.990e-29
 271.995422      0.172  37.189832    14.7116     6.0031      0.171    30.0550    22.2236 -9.990e-29
 271.995428      0.182  37.189324    14.7091     5.9673      0.180    30.0565    22.2252 -9.990e-29
 271.995434      0.191  37.182150    14.7038     5.9844      0.189    30.0541    22.2245 -9.990e-29
 271.995440      0.200  37.172211    14.6988     5.9944      0.198    30.0491    22.2216 -9.990e-29
 271.995446      0.206  37.167002    14.6935     5.9954      0.204    30.0485    22.2223 -9.990e-29
 271.995451      0.205  37.165197    14.6861     5.9901      0.203    30.0526    22.2270 -9.990e-29
 271.995457      0.200  37.159929    14.6784     5.9774      0.198    30.0538    22.2295 -9.990e-29
 271.995463      0.197  37.152595    14.6741     5.9763      0.195    30.0505    22.2279 -9.990e-29
 271.995469      0.194  37.149681    14.6737     5.9807      0.192    30.0482    22.2262 -9.990e-29
 271.995475      0.191  37.151242    14.6750     5.9776      0.189    30.0486    22.2262 -9.990e-29
 271.995480      0.188  37.153774    14.6758     5.9762      0.186    30.0503    22.2273 -9.990e-29
 271.995486      0.185  37.153951    14.6752     5.9698      0.183    30.0509    22.2279 -9.990e-29
 271.995492      0.183  37.152031    14.6753     5.9691      0.181    30.0491    22.2265 -9.990e-29
 271.995498      0.179  37.151637    14.6773     5.9712      0.178    30.0472    22.2247 -9.990e-29
 271.995503      0.176  37.152821    14.6800     5.9786      0.175    30.0462    22.2233 -9.990e-29
 271.995509      0.171  37.153822    14.6812     5.9943      0.170    30.0461    22.2230 -9.990e-29
 271.995515      0.166  37.153752    14.6799     5.9979      0.165    30.0471    22.2240 -9.990e-29
 271.995521      0.159  37.152538    14.6768     5.9914      0.158    30.0484    22.2257 -9.990e-29
 271.995527      0.150  37.150825    14.6737     5.9543      0.149    30.0492    22.2270 -9.990e-29
 271.995532      0.139  37.149708    14.6729     5.8893      0.138    30.0489    22.2269 -9.990e-29
 271.995538      0.124  37.151079    14.6750     5.8279      0.123    30.0485    22.2261 -9.990e-29
 271.995544      0.106  37.153982    14.6785     5.7985      0.105    30.0484    22.2253 -9.990e-29
 271.995550      0.082  37.156146    14.6812     6.7166      0.081    30.0483    22.2247 -9.990e-29
 271.995556      0.052  37.157677    14.6817     6.7761      0.052    30.0493    22.2253 -9.990e-29
 271.995561      0.013  37.157834    14.6788     6.6514      0.013    30.0517    22.2278 -9.990e-29
 271.995567     -0.033  37.154608    14.6719     6.4191     -0.033    30.0541    22.2311 -9.990e-29
 271.995573     -0.079  37.145398    14.6632     6.1547     -0.078    30.0526    22.2317 -9.990e-29
 271.995579     -0.126  37.119623    14.6526     6.0174     -0.125    30.0376    22.2224 -9.990e-29
 271.995584     -0.171  37.040696    14.6332     5.8934     -0.170    29.9816    22.1833 -9.990e-29
 271.995590     -0.214  36.799476    14.6024     5.8872     -0.212    29.7883    22.0408 -9.990e-29
 271.995596     -0.256  36.072675    14.5697     5.8874     -0.254    29.1603    21.5640 -9.990e-29
 271.995602     -0.292  33.891243    14.5481     5.9062     -0.290    27.2270    20.0807 -9.990e-29
 271.995608     -0.316  27.346058    14.5410     5.9388     -0.313    21.4921    15.6749 -9.990e-29
 271.995613     -0.333  17.123581    14.5406     5.8852     -0.330    12.8855     9.0734 -9.990e-29
 271.995619     -0.350   9.527269    14.5364     5.8928     -0.347     6.8345     4.4336 -9.990e-29
 271.995625     -0.366   6.407738    14.5216     5.9291     -0.363     4.4665     2.6172 -9.990e-29
 271.995631     -0.383   5.440224    14.4991     5.9670     -0.380     3.7517     2.0710 -9.990e-29
 271.995637     -0.398   5.296908    14.4823     6.0088     -0.395     3.6478     1.9937 -9.990e-29
 271.995642     -0.403   5.184363    14.4782     5.9811     -0.400     3.5656     1.9310 -9.990e-29
 271.995648     -0.398   5.077056    14.4793     5.9703     -0.395     3.4868     1.8703 -9.990e-29
 271.995654     -0.393   5.102000    14.4762     5.9517     -0.390     3.5053     1.8850 -9.990e-29
 271.995660     -0.389   5.076851    14.4662     5.9574     -0.386     3.4878     1.8730 -9.990e-29
 271.995666     -0.389   4.884263    14.4456     5.9941     -0.386     3.3487     1.7691 -9.990e-29
 271.995671     -0.390   4.643248    14.4147     6.0075     -0.387     3.1754     1.6403 -9.990e-29
 271.995677     -0.394   4.601381    14.3875     6.0149     -0.391     3.1471     1.6226 -9.990e-29
 271.995683     -0.401   4.725952    14.3714     6.0269     -0.398     3.2392     1.6960 -9.990e-29
 271.995689     -0.411   4.651273    14.3612     6.0287     -0.408     3.1856     1.6562 -9.990e-29
 271.995694     -0.421   4.326139    14.3534     6.0296     -0.417     2.9496     1.4757 -9.990e-29
 271.995700     -0.427   4.083122    14.3459     6.0297     -0.423     2.7742     1.3417 -9.990e-29
 271.995706     -0.433   4.154236    14.3384     6.0260     -0.429     2.8261     1.3828 -9.990e-29
 271.995712     -0.444   4.495451    14.3334     6.0202     -0.440     3.0742     1.5747 -9.990e-29
 271.995718     -0.457   4.814531    14.3335     6.0208     -0.453     3.3072     1.7541 -9.990e-29
 271.995723     -0.463   4.735189    14.3388     6.0235     -0.459     3.2487     1.7082 -9.990e-29
 271.995729     -0.464   4.257766    14.3454     6.0273     -0.460     2.9006     1.4391 -9.990e-29
 271.995735     -0.468   3.693498    14.3482     6.0306     -0.464     2.4936     1.1251 -9.990e-29
 271.995741     -0.475   3.211520    14.3465     6.0305     -0.471     2.1499     0.8603 -9.990e-29
 271.995747     -0.482   2.849434    14.3446     6.0325     -0.478     1.8942     0.6633 -9.990e-29
 271.995752     -0.488   2.602485    14.3462     6.0336     -0.484     1.7210     0.5294 -9.990e-29
 271.995758     -0.490   2.467259    14.3509     6.0300     -0.486     1.6265     0.4557 -9.990e-29
 271.995764     -0.483   2.450510    14.3549     6.0207     -0.479     1.6146     0.4460 -9.990e-29
 271.995770     -0.472   2.506596    14.3565     6.0202     -0.468     1.6536     0.4759 -9.990e-29
 271.995775     -0.461   2.564876    14.3576     6.0277     -0.457     1.6942     0.5071 -9.990e-29
 271.995781     -0.447   2.579273    14.3589     6.0329     -0.443     1.7042     0.5146 -9.990e-29
 271.995787     -0.435   2.541229    14.3600     6.0345     -0.431     1.6776     0.4939 -9.990e-29
 271.995793     -0.429   2.487722    14.3616     6.0435     -0.425     1.6403     0.4648 -9.990e-29
 271.995799     -0.428   2.450098    14.3632     5.9936     -0.424     1.6140     0.4443 -9.990e-29
 271.995804     -0.431   2.416492    14.3642     6.0385     -0.427     1.5906     0.4261 -9.990e-29
 271.995810     -0.436   2.380394    14.3641 -9.990e-29     -0.432     1.5655     0.4068 -9.990e-29
 271.995816     -0.437   2.376373    14.3634 -9.990e-29     -0.433     1.5628     0.4047 -9.990e-29
 271.995822     -0.435   2.419601    14.3623 -9.990e-29     -0.431     1.5929     0.4281 -9.990e-29
 271.995828     -0.430   2.460595    14.3584 -9.990e-29     -0.426     1.6215     0.4508 -9.990e-29
 271.995833     -0.426   2.464095    14.3491 -9.990e-29     -0.422     1.6243     0.4544 -9.990e-29
 271.995839     -0.422   2.440319    14.3362 -9.990e-29     -0.418     1.6083     0.4439 -9.990e-29
 271.995845     -0.414   2.389760    14.3246 -9.990e-29     -0.411     1.5736     0.4188 -9.990e-29
 271.995851     -0.406   2.308835    14.3166 -9.990e-29     -0.403     1.5178     0.3768 -9.990e-29
 271.995856     -0.401   2.217299    14.3134 -9.990e-29     -0.398     1.4545     0.3284 -9.990e-29
 271.995862     -0.400   2.145732 -9.990e-29 -9.990e-29     -0.397 -9.990e-29 -9.990e-29 -9.990e-29
