data/oxygen options/OCNMS/OCNMS1/raw_data/2023/CAST_TH015_230929faed.cnv
* Sea-Bird SBE 19 Data File:
* FileName = C:\Users\OCNMS.Inst\Documents\2023 Mooring Data\Casts\CAST_TH015_230929.hex
* Software Version SeatermAF 2.1.4.55
* Temperature SN = 2997
* Conductivity SN = 2997
* System UpLoad Time = Sep 29 2023 22:32:24 (localtime) = Sep 29 2023 22:32:24 (UTC)
** CAST_TH015_230929
* ds
# nquan = 9                                 
# nvalues = 989                         
# units = specified
# name 0 = timeJ: Julian Days
# name 1 = prSM: Pressure, Strain Gauge [db]
# name 2 = c0mS/cm: Conductivity [mS/cm]
# name 3 = t090C: Temperature [ITS-90, deg C]
# name 4 = sbeox0ML/L: Oxygen, SBE 43 [ml/l]
# name 5 = depSM: Depth [salt water, m], lat = 47.5
# name 6 = sal00: Salinity, Practical [PSU]
# name 7 = sigma-é00: Density [sigma-theta, kg/m^3]
# name 8 = flag: flag
# span 0 = 272.862662, 272.868380       
# span 1 =     -5.724,     14.528       
# span 2 =   0.473485,  38.410297       
# span 3 =    13.7862,    17.4040       
# span 4 =    -1.7822,    11.3328       
# span 5 =     -5.676,     14.406       
# span 6 =     0.2735,    31.1271       
# span 7 =    -1.0816,    23.0554       
# span 8 = 0.0000e+00, 0.0000e+00       
# interval = seconds: 0.5
# start_time = Sep 29 2023 20:42:14 [Instrument's time stamp, header]
# bad_flag = -9.990e-29
*END*
 272.862662     -5.724 -9.990e-29    17.4040    -1.7390     -5.676 -9.990e-29 -9.990e-29 -9.990e-29
 272.862668     -5.720   0.494692    17.3933    -1.7395     -5.672     0.2824    -1.0756 -9.990e-29
 272.862674     -5.714   0.494692    17.3843    -1.7402     -5.666     0.2825    -1.0739 -9.990e-29
 272.862679     -5.707   0.494692    17.3808    -1.7410     -5.659     0.2825    -1.0733 -9.990e-29
 272.862685     -5.698   0.494692    17.3807    -1.7419     -5.651     0.2825    -1.0733 -9.990e-29
 272.862691     -5.686   0.494691    17.3800    -1.7429     -5.639     0.2825    -1.0731 -9.990e-29
 272.862697     -5.671   0.494690    17.3757    -1.7436     -5.624     0.2826    -1.0724 -9.990e-29
 272.862703     -5.652   0.494685    17.3653    -1.7446     -5.605     0.2826    -1.0704 -9.990e-29
 272.862708     -5.627   0.494673    17.3484    -1.7455     -5.580     0.2827    -1.0673 -9.990e-29
 272.862714     -5.596   0.494636    17.3291    -1.7463     -5.549     0.2828    -1.0638 -9.990e-29
 272.862720     -5.559   0.494526    17.3102    -1.7468     -5.513     0.2829    -1.0604 -9.990e-29
 272.862726     -5.523   0.494197    17.2899    -1.7483     -5.477     0.2828    -1.0569 -9.990e-29
 272.862731     -5.491   0.493765    17.2669    -1.7493     -5.445     0.2827    -1.0528 -9.990e-29
 272.862737     -5.461   0.493765    17.2419    -1.7507     -5.415     0.2829    -1.0483 -9.990e-29
 272.862743     -5.429   0.494194    17.2168    -1.7518     -5.384     0.2833    -1.0435 -9.990e-29
 272.862749     -5.395   0.494518    17.1923    -1.7525     -5.350     0.2837    -1.0389 -9.990e-29
 272.862755     -5.361   0.494613    17.1673    -1.7530     -5.316     0.2839    -1.0343 -9.990e-29
 272.862760     -5.333   0.494608    17.1421    -1.7532     -5.289     0.2841    -1.0298 -9.990e-29
 272.862766     -5.308   0.494497    17.1180    -1.7538     -5.264     0.2842    -1.0255 -9.990e-29
 272.862772     -5.282   0.494131    17.0924    -1.7545     -5.238     0.2841    -1.0210 -9.990e-29
 272.862778     -5.257   0.493578    17.0625    -1.7555     -5.213     0.2840    -1.0159 -9.990e-29
 272.862784     -5.236   0.493208    17.0299    -1.7559     -5.192     0.2840    -1.0102 -9.990e-29
 272.862789     -5.216   0.493085    16.9972    -1.7562     -5.173     0.2841    -1.0043 -9.990e-29
 272.862795     -5.198   0.493044    16.9684    -1.7568     -5.155     0.2843    -0.9992 -9.990e-29
 272.862801     -5.179   0.493030    16.9466    -1.7573     -5.136     0.2844    -0.9953 -9.990e-29
 272.862807     -5.159   0.493025    16.9302    -1.7575     -5.116     0.2845    -0.9924 -9.990e-29
 272.862813     -5.136   0.493023    16.9160    -1.7578     -5.093     0.2846    -0.9898 -9.990e-29
 272.862818     -5.109   0.493022    16.9005    -1.7584     -5.066     0.2847    -0.9871 -9.990e-29
 272.862824     -5.076   0.493021    16.8824    -1.7594     -5.034     0.2848    -0.9838 -9.990e-29
 272.862830     -5.040   0.493021    16.8638    -1.7592     -4.998     0.2850    -0.9805 -9.990e-29
 272.862836     -5.007   0.493021    16.8480    -1.7595     -4.965     0.2851    -0.9777 -9.990e-29
 272.862841     -4.978   0.493020    16.8345    -1.7598     -4.937     0.2852    -0.9753 -9.990e-29
 272.862847     -4.952   0.493020    16.8213    -1.7601     -4.911     0.2853    -0.9729 -9.990e-29
 272.862853     -4.927   0.493020    16.8091    -1.7598     -4.886     0.2853    -0.9708 -9.990e-29
 272.862859     -4.902   0.493019    16.7986    -1.7600     -4.861     0.2854    -0.9689 -9.990e-29
 272.862865     -4.875   0.493018    16.7872    -1.7604     -4.834     0.2855    -0.9669 -9.990e-29
 272.862870     -4.845   0.493014    16.7732    -1.7600     -4.805     0.2856    -0.9644 -9.990e-29
 272.862876     -4.809   0.493003    16.7605    -1.7598     -4.769     0.2857    -0.9622 -9.990e-29
 272.862882     -4.770   0.492970    16.7526    -1.7599     -4.730     0.2857    -0.9608 -9.990e-29
 272.862888     -4.733   0.492874    16.7463    -1.7606     -4.694     0.2857    -0.9597 -9.990e-29
 272.862894     -4.701   0.492586    16.7396    -1.7607     -4.662     0.2855    -0.9587 -9.990e-29
 272.862899     -4.672   0.492278    16.7351    -1.7602     -4.633     0.2854    -0.9580 -9.990e-29
 272.862905     -4.643   0.492093    16.7332    -1.7597     -4.604     0.2853    -0.9578 -9.990e-29
 272.862911     -4.613   0.491785    16.7308    -1.7595     -4.575     0.2851    -0.9575 -9.990e-29
 272.862917     -4.583   0.491497    16.7288    -1.7594     -4.545     0.2850    -0.9573 -9.990e-29
 272.862922     -4.558   0.491400    16.7307    -1.7590     -4.520     0.2849    -0.9576 -9.990e-29
 272.862928     -4.535   0.491368    16.7324    -1.7591     -4.497     0.2849    -0.9580 -9.990e-29
 272.862934     -4.516   0.491357    16.7288    -1.7591     -4.478     0.2849    -0.9573 -9.990e-29
 272.862940     -4.501   0.491353    16.7231    -1.7594     -4.463     0.2849    -0.9563 -9.990e-29
 272.862946     -4.480   0.491351    16.7228    -1.7593     -4.443     0.2849    -0.9563 -9.990e-29
 272.862951     -4.451   0.491351    16.7295    -1.7587     -4.414     0.2849    -0.9574 -9.990e-29
 272.862957     -4.422   0.491350    16.7384    -1.7582     -4.385     0.2848    -0.9590 -9.990e-29
 272.862963     -4.396   0.491350    16.7455    -1.7579     -4.359     0.2848    -0.9603 -9.990e-29
 272.862969     -4.369   0.491349    16.7511    -1.7576     -4.333     0.2847    -0.9613 -9.990e-29
 272.862975     -4.341   0.491348    16.7559    -1.7576     -4.305     0.2847    -0.9621 -9.990e-29
 272.862980     -4.309   0.491344    16.7583    -1.7573     -4.273     0.2847    -0.9625 -9.990e-29
 272.862986     -4.277   0.491334    16.7579    -1.7574     -4.241     0.2847    -0.9625 -9.990e-29
 272.862992     -4.250   0.491303    16.7577    -1.7572     -4.215     0.2847    -0.9625 -9.990e-29
 272.862998     -4.227   0.491211    16.7623    -1.7571     -4.192     0.2846    -0.9633 -9.990e-29
 272.863003     -4.202   0.490936    16.7723    -1.7572     -4.167     0.2843    -0.9652 -9.990e-29
 272.863009     -4.178   0.490668    16.7835    -1.7579     -4.143     0.2841    -0.9673 -9.990e-29
 272.863015     -4.157   0.490602    16.7928    -1.7582     -4.122     0.2840    -0.9690 -9.990e-29
 272.863021     -4.138   0.490653    16.7995    -1.7586     -4.104     0.2840    -0.9701 -9.990e-29
 272.863027     -4.121   0.490887    16.8042    -1.7590     -4.087     0.2841    -0.9709 -9.990e-29
 272.863032     -4.103   0.491065    16.8078    -1.7602     -4.069     0.2842    -0.9714 -9.990e-29
 272.863038     -4.084   0.490869    16.8105    -1.7611     -4.050     0.2840    -0.9720 -9.990e-29
 272.863044     -4.067   0.490591    16.8124    -1.7618     -4.033     0.2839    -0.9725 -9.990e-29
 272.863050     -4.055   0.490416    16.8123    -1.7627     -4.021     0.2838    -0.9725 -9.990e-29
 272.863056     -4.043   0.490111    16.8074    -1.7637     -4.009     0.2836    -0.9718 -9.990e-29
 272.863061     -4.025   0.489824    16.7974    -1.7644     -3.991     0.2835    -0.9702 -9.990e-29
 272.863067     -4.006   0.489728    16.7854    -1.7642     -3.973     0.2835    -0.9681 -9.990e-29
 272.863073     -3.988   0.489696    16.7725    -1.7637     -3.955     0.2836    -0.9658 -9.990e-29
 272.863079     -3.965   0.489685    16.7554    -1.7629     -3.932     0.2837    -0.9628 -9.990e-29
 272.863084     -3.937   0.489681    16.7329    -1.7632     -3.904     0.2839    -0.9588 -9.990e-29
 272.863090     -3.909   0.489679    16.7086    -1.7633     -3.876     0.2840    -0.9545 -9.990e-29
 272.863096     -3.885   0.489679    16.6849    -1.7631     -3.853     0.2842    -0.9503 -9.990e-29
 272.863102     -3.864   0.489678    16.6615    -1.7626     -3.832     0.2843    -0.9462 -9.990e-29
 272.863108     -3.843   0.489678    16.6405    -1.7619     -3.811     0.2845    -0.9425 -9.990e-29
 272.863113     -3.821   0.489678    16.6278    -1.7617     -3.789     0.2846    -0.9403 -9.990e-29
 272.863119     -3.797   0.489678    16.6272    -1.7624     -3.765     0.2846    -0.9402 -9.990e-29
 272.863125     -3.769   0.489677    16.6358    -1.7628     -3.738     0.2845    -0.9417 -9.990e-29
 272.863131     -3.740   0.489677    16.6448    -1.7635     -3.709     0.2844    -0.9433 -9.990e-29
 272.863137     -3.717   0.489677    16.6485    -1.7634     -3.686     0.2844    -0.9439 -9.990e-29
 272.863142     -3.702   0.489676    16.6504    -1.7631     -3.671     0.2844    -0.9443 -9.990e-29
 272.863148     -3.691   0.489676    16.6561    -1.7626     -3.660     0.2844    -0.9453 -9.990e-29
 272.863154     -3.677   0.489676    16.6662    -1.7623     -3.646     0.2843    -0.9471 -9.990e-29
 272.863160     -3.662   0.489675    16.6761    -1.7618     -3.631     0.2842    -0.9488 -9.990e-29
 272.863166     -3.642   0.489675    16.6781    -1.7613     -3.612     0.2842    -0.9491 -9.990e-29
 272.863171     -3.622   0.489674    16.6707    -1.7610     -3.592     0.2843    -0.9478 -9.990e-29
 272.863177     -3.604   0.489674    16.6597    -1.7609     -3.574     0.2843    -0.9459 -9.990e-29
 272.863183     -3.587   0.489674    16.6516    -1.7605     -3.557     0.2844    -0.9445 -9.990e-29
 272.863189     -3.571   0.489674    16.6506    -1.7603     -3.541     0.2844    -0.9443 -9.990e-29
 272.863194     -3.554   0.489673    16.6565    -1.7601     -3.524     0.2844    -0.9453 -9.990e-29
 272.863200     -3.534   0.489673    16.6662    -1.7602     -3.505     0.2843    -0.9470 -9.990e-29
 272.863206     -3.512   0.489673    16.6772    -1.7604     -3.483     0.2842    -0.9490 -9.990e-29
 272.863212     -3.490   0.489672    16.6888    -1.7611     -3.461     0.2841    -0.9510 -9.990e-29
 272.863218     -3.470   0.489672    16.6999    -1.7618     -3.441     0.2841    -0.9530 -9.990e-29
 272.863223     -3.447   0.489671    16.7090    -1.7623     -3.418     0.2840    -0.9546 -9.990e-29
 272.863229     -3.419   0.489669    16.7166    -1.7627     -3.390     0.2840    -0.9559 -9.990e-29
 272.863235     -3.394   0.489664    16.7238    -1.7628     -3.366     0.2839    -0.9572 -9.990e-29
 272.863241     -3.374   0.489650    16.7294    -1.7628     -3.346     0.2839    -0.9582 -9.990e-29
 272.863247     -3.358   0.489608    16.7320    -1.7627     -3.330     0.2838    -0.9587 -9.990e-29
 272.863252     -3.344   0.489485    16.7301    -1.7619     -3.316     0.2838    -0.9584 -9.990e-29
 272.863258     -3.333   0.489115    16.7222    -1.7613     -3.305     0.2836    -0.9572 -9.990e-29
 272.863264     -3.322   0.488560    16.7088    -1.7608     -3.294     0.2834    -0.9551 -9.990e-29
 272.863270     -3.312   0.488190    16.6934    -1.7605     -3.284     0.2832    -0.9525 -9.990e-29
 272.863275     -3.302   0.488066    16.6802    -1.7615     -3.274     0.2832    -0.9502 -9.990e-29
 272.863281     -3.291   0.488025    16.6712    -1.7622     -3.264     0.2833    -0.9487 -9.990e-29
 272.863287     -3.278   0.488011    16.6670    -1.7627     -3.251     0.2833    -0.9479 -9.990e-29
 272.863293     -3.262   0.488006    16.6676    -1.7622     -3.235     0.2833    -0.9481 -9.990e-29
 272.863299     -3.248   0.488004    16.6739    -1.7615     -3.221     0.2833    -0.9492 -9.990e-29
 272.863304     -3.238   0.488003    16.6863    -1.7608     -3.211     0.2832    -0.9513 -9.990e-29
 272.863310     -3.228   0.488003    16.7002    -1.7602     -3.201     0.2831    -0.9538 -9.990e-29
 272.863316     -3.212   0.488003    16.7097    -1.7596     -3.185     0.2830    -0.9555 -9.990e-29
 272.863322     -3.193   0.488002    16.7095    -1.7591     -3.166     0.2830    -0.9554 -9.990e-29
 272.863328     -3.176   0.488002    16.6989    -1.7586     -3.150     0.2831    -0.9536 -9.990e-29
 272.863333     -3.158   0.488002    16.6860    -1.7582     -3.132     0.2832    -0.9513 -9.990e-29
 272.863339     -3.138   0.488001    16.6808    -1.7576     -3.112     0.2832    -0.9504 -9.990e-29
 272.863345     -3.117   0.488001    16.6875    -1.7572     -3.091     0.2832    -0.9516 -9.990e-29
 272.863351     -3.095   0.488001    16.7025    -1.7565     -3.069     0.2831    -0.9542 -9.990e-29
 272.863356     -3.077   0.488000    16.7198    -1.7556     -3.051     0.2829    -0.9573 -9.990e-29
 272.863362     -3.060   0.488000    16.7367    -1.7548     -3.034     0.2828    -0.9602 -9.990e-29
 272.863368     -3.045   0.488000    16.7526    -1.7541     -3.020     0.2827    -0.9630 -9.990e-29
 272.863374     -3.029   0.487999    16.7673    -1.7538     -3.004     0.2826    -0.9656 -9.990e-29
 272.863380     -3.012   0.487999    16.7812    -1.7537     -2.987     0.2825    -0.9681 -9.990e-29
 272.863385     -2.994   0.487999    16.7957    -1.7539     -2.969     0.2824    -0.9707 -9.990e-29
 272.863391     -2.972   0.488000    16.8109    -1.7538     -2.947     0.2823    -0.9734 -9.990e-29
 272.863397     -2.950   0.488001    16.8268    -1.7533     -2.925     0.2822    -0.9762 -9.990e-29
 272.863403     -2.930   0.488002    16.8455    -1.7528     -2.906     0.2821    -0.9795 -9.990e-29
 272.863409     -2.911   0.488002    16.8668    -1.7528     -2.887     0.2820    -0.9833 -9.990e-29
 272.863414     -2.893   0.488002    16.8873    -1.7529     -2.869     0.2818    -0.9869 -9.990e-29
 272.863420     -2.873   0.487999    16.9035    -1.7530     -2.849     0.2817    -0.9898 -9.990e-29
 272.863426     -2.856   0.487987    16.9135    -1.7533     -2.832     0.2816    -0.9916 -9.990e-29
 272.863432     -2.843   0.487951    16.9180    -1.7535     -2.819     0.2816    -0.9924 -9.990e-29
 272.863437     -2.835   0.487839    16.9202    -1.7540     -2.811     0.2815    -0.9929 -9.990e-29
 272.863443     -2.830   0.487501    16.9247    -1.7543     -2.806     0.2813    -0.9939 -9.990e-29
 272.863449     -2.825   0.487042    16.9331    -1.7553     -2.801     0.2810    -0.9956 -9.990e-29
 272.863455     -2.814   0.486957    16.9411    -1.7561     -2.791     0.2809    -0.9970 -9.990e-29
 272.863461     -2.801   0.487129    16.9442    -1.7565     -2.778     0.2809    -0.9975 -9.990e-29
 272.863466     -2.790   0.487233    16.9427    -1.7569     -2.767     0.2810    -0.9972 -9.990e-29
 272.863472     -2.780   0.487405    16.9387    -1.7568     -2.757     0.2811    -0.9964 -9.990e-29
 272.863478     -2.770   0.487319    16.9326    -1.7562     -2.747     0.2811    -0.9953 -9.990e-29
 272.863484     -2.759   0.486860    16.9239    -1.7558     -2.736     0.2809    -0.9940 -9.990e-29
 272.863490     -2.748   0.486523    16.9125    -1.7553     -2.725     0.2808    -0.9921 -9.990e-29
 272.863495     -2.735   0.486412    16.8976    -1.7546     -2.712     0.2808    -0.9895 -9.990e-29
 272.863501     -2.719   0.486375    16.8792    -1.7541     -2.696     0.2809    -0.9862 -9.990e-29
 272.863507     -2.699   0.486363    16.8615    -1.7534     -2.676     0.2810    -0.9831 -9.990e-29
 272.863513     -2.679   0.486360    16.8482    -1.7531     -2.657     0.2811    -0.9807 -9.990e-29
 272.863519     -2.661   0.486359    16.8418    -1.7528     -2.639     0.2812    -0.9796 -9.990e-29
 272.863524     -2.641   0.486360    16.8441    -1.7525     -2.619     0.2811    -0.9800 -9.990e-29
 272.863530     -2.620   0.486361    16.8533    -1.7524     -2.598     0.2811    -0.9816 -9.990e-29
 272.863536     -2.607   0.486362    16.8662    -1.7521     -2.585     0.2810    -0.9839 -9.990e-29
 272.863542     -2.595   0.486363    16.8810    -1.7521     -2.573     0.2809    -0.9866 -9.990e-29
 272.863547     -2.585   0.486364    16.8968    -1.7524     -2.563     0.2808    -0.9894 -9.990e-29
 272.863553     -2.576   0.486365    16.9128    -1.7527     -2.555     0.2807    -0.9922 -9.990e-29
 272.863559     -2.563   0.486366    16.9273    -1.7527     -2.542     0.2806    -0.9948 -9.990e-29
 272.863565     -2.549   0.486367    16.9388    -1.7525     -2.528     0.2805    -0.9969 -9.990e-29
 272.863571     -2.537   0.486368    16.9481    -1.7523     -2.516     0.2805    -0.9985 -9.990e-29
 272.863576     -2.528   0.486369    16.9558    -1.7521     -2.507     0.2804    -0.9999 -9.990e-29
 272.863582     -2.520   0.486370    16.9617    -1.7520     -2.499     0.2804    -1.0010 -9.990e-29
