data/oxygen options/OCNMS/OCNMS1/raw_data/2023/CAST_CA042_230929faed.cnv
* Sea-Bird SBE 19 Data File:
* FileName = C:\Users\OCNMS.Inst\Documents\2023 Mooring Data\Casts\CAST_CA042_230929.hex
* Software Version SeatermAF 2.1.4.55
* Temperature SN = 2997
* Conductivity SN = 2997
* System UpLoad Time = Sep 29 2023 17:29:44 (localtime) = Sep 29 2023 17:29:44 (UTC)
** CAST_CA042_230929
* ds
# nquan = 9                                 
# nvalues = 1092                        
# units = specified
# name 0 = timeJ: Julian Days
# name 1 = prSM: Pressure, Strain Gauge [db]
# name 2 = c0mS/cm: Conductivity [mS/cm]
# name 3 = t090C: Temperature [ITS-90, deg C]
# name 4 = sbeox0ML/L: Oxygen, SBE 43 [ml/l]
# name 5 = depSM: Depth [salt water, m], lat = 47.5
# name 6 = sal00: Salinity, Practical [PSU]
# name 7 = sigma-é00: Density [sigma-theta, kg/m^3]
# name 8 = flag: flag
# span 0 = 272.701319, 272.707633       
# span 1 =     -5.152,     42.043       
# span 2 =   0.016161,  38.538938       
# span 3 =    12.5398,    15.6407       
# span 4 =    -1.8483,    12.4151       
# span 5 =     -5.109,     41.688       
# span 6 =     0.0143,    32.2333       
# span 7 =    -0.9868,    24.2025       
# span 8 = 0.0000e+00, 0.0000e+00       
# interval = seconds: 0.5
# start_time = Sep 29 2023 16:49:54 [Instrument's time stamp, header]
# bad_flag = -9.990e-29
*END*
 272.701319     -5.152 -9.990e-29    14.7346    -1.8349     -5.109 -9.990e-29 -9.990e-29 -9.990e-29
 272.701325     -5.137   0.016259    14.7366    -1.8345     -5.094     0.0144    -0.8485 -9.990e-29
 272.701331     -5.119   0.016259    14.7407    -1.8343     -5.076     0.0144    -0.8491 -9.990e-29
 272.701337     -5.096   0.016259    14.7479    -1.8338     -5.054     0.0144    -0.8502 -9.990e-29
 272.701343     -5.066   0.016259    14.7568    -1.8336     -5.024     0.0144    -0.8515 -9.990e-29
 272.701348     -5.032   0.016259    14.7649    -1.8331     -4.990     0.0144    -0.8527 -9.990e-29
 272.701354     -4.999   0.016258    14.7717    -1.8326     -4.957     0.0144    -0.8537 -9.990e-29
 272.701360     -4.971   0.016257    14.7788    -1.8322     -4.930     0.0144    -0.8548 -9.990e-29
 272.701366     -4.946   0.016256    14.7870    -1.8319     -4.905     0.0144    -0.8560 -9.990e-29
 272.701372     -4.922   0.016256    14.7958    -1.8315     -4.881     0.0144    -0.8573 -9.990e-29
 272.701377     -4.897   0.016255    14.8047    -1.8314     -4.856     0.0144    -0.8586 -9.990e-29
 272.701383     -4.870   0.016254    14.8136    -1.8312     -4.829     0.0144    -0.8599 -9.990e-29
 272.701389     -4.839   0.016253    14.8231    -1.8313     -4.799     0.0144    -0.8614 -9.990e-29
 272.701395     -4.802   0.016252    14.8332    -1.8312     -4.762     0.0144    -0.8629 -9.990e-29
 272.701400     -4.761   0.016251    14.8442    -1.8310     -4.721     0.0144    -0.8645 -9.990e-29
 272.701406     -4.723   0.016251    14.8553    -1.8307     -4.684     0.0144    -0.8661 -9.990e-29
 272.701412     -4.688   0.016250    14.8652    -1.8303     -4.649     0.0144    -0.8676 -9.990e-29
 272.701418     -4.655   0.016249    14.8740    -1.8297     -4.616     0.0144    -0.8689 -9.990e-29
 272.701424     -4.621   0.016248    14.8814    -1.8291     -4.582     0.0144    -0.8700 -9.990e-29
 272.701429     -4.585   0.016247    14.8868    -1.8287     -4.547     0.0144    -0.8708 -9.990e-29
 272.701435     -4.549   0.016246    14.8901    -1.8285     -4.511     0.0144    -0.8713 -9.990e-29
 272.701441     -4.513   0.016246    14.8927    -1.8281     -4.475     0.0144    -0.8717 -9.990e-29
 272.701447     -4.477   0.016245    14.8962    -1.8282     -4.440     0.0144    -0.8722 -9.990e-29
 272.701453     -4.442   0.016244    14.9018    -1.8284     -4.405     0.0144    -0.8731 -9.990e-29
 272.701458     -4.410   0.016243    14.9098    -1.8284     -4.373     0.0144    -0.8743 -9.990e-29
 272.701464     -4.380   0.016242    14.9205    -1.8281     -4.343     0.0144    -0.8759 -9.990e-29
 272.701470     -4.348   0.016242    14.9334    -1.8276     -4.312     0.0144    -0.8778 -9.990e-29
 272.701476     -4.318   0.016241    14.9461    -1.8270     -4.282     0.0144    -0.8797 -9.990e-29
 272.701481     -4.292   0.016240    14.9565    -1.8268     -4.256     0.0144    -0.8813 -9.990e-29
 272.701487     -4.264   0.016239    14.9643    -1.8265     -4.228     0.0144    -0.8825 -9.990e-29
 272.701493     -4.232   0.016238    14.9692    -1.8261     -4.197     0.0144    -0.8832 -9.990e-29
 272.701499     -4.203   0.016237    14.9705    -1.8261     -4.168     0.0144    -0.8834 -9.990e-29
 272.701505     -4.178   0.016237    14.9703    -1.8259     -4.143     0.0144    -0.8834 -9.990e-29
 272.701510     -4.158   0.016236    14.9726    -1.8254     -4.123     0.0144    -0.8837 -9.990e-29
 272.701516     -4.139   0.016235    14.9793    -1.8246     -4.104     0.0144    -0.8847 -9.990e-29
 272.701522     -4.122   0.016234    14.9892    -1.8238     -4.088     0.0144    -0.8862 -9.990e-29
 272.701528     -4.104   0.016233    14.9997    -1.8231     -4.070     0.0144    -0.8878 -9.990e-29
 272.701534     -4.085   0.016233    15.0089    -1.8228     -4.051     0.0144    -0.8892 -9.990e-29
 272.701539     -4.064   0.016232    15.0172    -1.8232     -4.030     0.0144    -0.8904 -9.990e-29
 272.701545     -4.039   0.016231    15.0244    -1.8240     -4.005     0.0144    -0.8915 -9.990e-29
 272.701551     -4.013   0.016230    15.0304    -1.8247     -3.980     0.0144    -0.8924 -9.990e-29
 272.701557     -3.989   0.016229    15.0385    -1.8253     -3.956     0.0144    -0.8936 -9.990e-29
 272.701563     -3.965   0.016228    15.0514    -1.8263     -3.932     0.0144    -0.8956 -9.990e-29
 272.701568     -3.943   0.016228    15.0682    -1.8268     -3.910     0.0144    -0.8981 -9.990e-29
 272.701574     -3.923   0.016227    15.0856    -1.8271     -3.890     0.0144    -0.9008 -9.990e-29
 272.701580     -3.898   0.016226    15.0986    -1.8271     -3.866     0.0144    -0.9027 -9.990e-29
 272.701586     -3.872   0.016225    15.1027    -1.8271     -3.840     0.0144    -0.9034 -9.990e-29
 272.701591     -3.847   0.016224    15.0960    -1.8272     -3.815     0.0144    -0.9024 -9.990e-29
 272.701597     -3.822   0.016223    15.0821    -1.8271     -3.790     0.0144    -0.9002 -9.990e-29
 272.701603     -3.795   0.016223    15.0656    -1.8269     -3.763     0.0144    -0.8977 -9.990e-29
 272.701609     -3.768   0.016222    15.0479    -1.8268     -3.737     0.0144    -0.8951 -9.990e-29
 272.701615     -3.745   0.016221    15.0306    -1.8267     -3.714     0.0144    -0.8924 -9.990e-29
 272.701620     -3.719   0.016220    15.0173    -1.8269     -3.688     0.0144    -0.8904 -9.990e-29
 272.701626     -3.688   0.016219    15.0093    -1.8271     -3.657     0.0144    -0.8892 -9.990e-29
 272.701632     -3.660   0.016219    15.0057    -1.8275     -3.629     0.0144    -0.8887 -9.990e-29
 272.701638     -3.637   0.016218    15.0046    -1.8275     -3.607     0.0144    -0.8885 -9.990e-29
 272.701644     -3.617   0.016217    15.0045    -1.8276     -3.587     0.0144    -0.8885 -9.990e-29
 272.701649     -3.599   0.016216    15.0058    -1.8279     -3.569     0.0144    -0.8887 -9.990e-29
 272.701655     -3.583   0.016215    15.0085    -1.8279     -3.553     0.0144    -0.8891 -9.990e-29
 272.701661     -3.566   0.016214    15.0108    -1.8277     -3.536     0.0144    -0.8895 -9.990e-29
 272.701667     -3.548   0.016214    15.0108    -1.8278     -3.518     0.0144    -0.8895 -9.990e-29
 272.701672     -3.528   0.016213    15.0080    -1.8286     -3.499     0.0144    -0.8890 -9.990e-29
 272.701678     -3.504   0.016212    15.0034    -1.8296     -3.475     0.0144    -0.8883 -9.990e-29
 272.701684     -3.475   0.016211    14.9988    -1.8306     -3.446     0.0144    -0.8876 -9.990e-29
 272.701690     -3.443   0.016210    14.9952    -1.8314     -3.414     0.0144    -0.8871 -9.990e-29
 272.701696     -3.416   0.016210    14.9918    -1.8323     -3.388     0.0144    -0.8866 -9.990e-29
 272.701701     -3.394   0.016209    14.9885    -1.8326     -3.366     0.0144    -0.8861 -9.990e-29
 272.701707     -3.378   0.016208    14.9867    -1.8324     -3.350     0.0144    -0.8858 -9.990e-29
 272.701713     -3.366   0.016207    14.9843    -1.8323     -3.338     0.0144    -0.8855 -9.990e-29
 272.701719     -3.357   0.016206    14.9766    -1.8321     -3.329     0.0144    -0.8843 -9.990e-29
 272.701725     -3.346   0.016205    14.9613    -1.8321     -3.318     0.0144    -0.8820 -9.990e-29
 272.701730     -3.329   0.016205    14.9406    -1.8324     -3.301     0.0144    -0.8789 -9.990e-29
 272.701736     -3.309   0.016204    14.9186    -1.8333     -3.281     0.0144    -0.8756 -9.990e-29
 272.701742     -3.288   0.016203    14.8981    -1.8338     -3.261     0.0144    -0.8725 -9.990e-29
 272.701748     -3.265   0.016202    14.8820    -1.8345     -3.238     0.0144    -0.8701 -9.990e-29
 272.701753     -3.239   0.016201    14.8734    -1.8352     -3.212     0.0144    -0.8688 -9.990e-29
 272.701759     -3.213   0.016200    14.8717    -1.8355     -3.186     0.0144    -0.8686 -9.990e-29
 272.701765     -3.189   0.016200    14.8733    -1.8361     -3.162     0.0144    -0.8688 -9.990e-29
 272.701771     -3.165   0.016199    14.8743    -1.8367     -3.139     0.0144    -0.8690 -9.990e-29
 272.701777     -3.145   0.016198    14.8716    -1.8370     -3.119     0.0144    -0.8686 -9.990e-29
 272.701782     -3.131   0.016197    14.8627    -1.8374     -3.105     0.0144    -0.8672 -9.990e-29
 272.701788     -3.118   0.016196    14.8487    -1.8374     -3.092     0.0144    -0.8652 -9.990e-29
 272.701794     -3.101   0.016196    14.8333    -1.8378     -3.075     0.0144    -0.8629 -9.990e-29
 272.701800     -3.084   0.016195    14.8178    -1.8381     -3.058     0.0144    -0.8606 -9.990e-29
 272.701806     -3.069   0.016194    14.8031    -1.8388     -3.043     0.0144    -0.8584 -9.990e-29
 272.701811     -3.056   0.016193    14.7898    -1.8392     -3.031     0.0144    -0.8564 -9.990e-29
 272.701817     -3.043   0.016192    14.7765    -1.8392     -3.018     0.0143    -0.8544 -9.990e-29
 272.701823     -3.030   0.016191    14.7637    -1.8394     -3.005     0.0143    -0.8525 -9.990e-29
 272.701829     -3.016   0.016191    14.7536    -1.8392     -2.991     0.0143    -0.8510 -9.990e-29
 272.701834     -3.000   0.016190    14.7463    -1.8386     -2.975     0.0143    -0.8500 -9.990e-29
 272.701840     -2.982   0.016189    14.7399    -1.8382     -2.957     0.0143    -0.8490 -9.990e-29
 272.701846     -2.964   0.016188    14.7318    -1.8385     -2.939     0.0143    -0.8478 -9.990e-29
 272.701852     -2.949   0.016187    14.7215    -1.8388     -2.924     0.0143    -0.8463 -9.990e-29
 272.701858     -2.932   0.016187    14.7108    -1.8391     -2.908     0.0143    -0.8447 -9.990e-29
 272.701863     -2.908   0.016186    14.7030    -1.8392     -2.884     0.0143    -0.8436 -9.990e-29
 272.701869     -2.880   0.016185    14.6993    -1.8395     -2.856     0.0143    -0.8430 -9.990e-29
 272.701875     -2.854   0.016184    14.6991    -1.8390     -2.830     0.0143    -0.8430 -9.990e-29
 272.701881     -2.832   0.016183    14.7033    -1.8388     -2.808     0.0143    -0.8436 -9.990e-29
 272.701887     -2.815   0.016182    14.7106    -1.8385     -2.792     0.0143    -0.8447 -9.990e-29
 272.701892     -2.800   0.016182    14.7150    -1.8384     -2.777     0.0143    -0.8453 -9.990e-29
 272.701898     -2.786   0.016181    14.7132    -1.8385     -2.763     0.0143    -0.8451 -9.990e-29
 272.701904     -2.773   0.016180    14.7080    -1.8385     -2.750     0.0143    -0.8443 -9.990e-29
 272.701910     -2.760   0.016179    14.7031    -1.8390     -2.737     0.0143    -0.8436 -9.990e-29
 272.701916     -2.746   0.016178    14.6996    -1.8392     -2.723     0.0143    -0.8431 -9.990e-29
 272.701921     -2.730   0.016178    14.6992    -1.8388     -2.707     0.0143    -0.8430 -9.990e-29
 272.701927     -2.712   0.016177    14.7029    -1.8381     -2.689     0.0143    -0.8436 -9.990e-29
 272.701933     -2.689   0.016176    14.7088    -1.8372     -2.667     0.0143    -0.8444 -9.990e-29
 272.701939     -2.660   0.016175    14.7140    -1.8363     -2.638     0.0143    -0.8452 -9.990e-29
 272.701944     -2.628   0.016174    14.7166    -1.8355     -2.606     0.0143    -0.8456 -9.990e-29
 272.701950     -2.600   0.016173    14.7161    -1.8347     -2.578     0.0143    -0.8455 -9.990e-29
 272.701956     -2.578   0.016173    14.7129    -1.8342     -2.557     0.0143    -0.8450 -9.990e-29
 272.701962     -2.561   0.016172    14.7089    -1.8336     -2.540     0.0143    -0.8445 -9.990e-29
 272.701968     -2.547   0.016171    14.7093    -1.8334     -2.526     0.0143    -0.8445 -9.990e-29
 272.701973     -2.535   0.016170    14.7176    -1.8332     -2.514     0.0143    -0.8457 -9.990e-29
 272.701979     -2.525   0.016169    14.7330    -1.8328     -2.504     0.0143    -0.8480 -9.990e-29
 272.701985     -2.517   0.016168    14.7526    -1.8324     -2.496     0.0143    -0.8509 -9.990e-29
 272.701991     -2.509   0.016168    14.7733    -1.8320     -2.488     0.0143    -0.8540 -9.990e-29
 272.701997     -2.502   0.016167    14.7931    -1.8321     -2.481     0.0143    -0.8569 -9.990e-29
 272.702002     -2.494   0.016166    14.8109    -1.8320     -2.473     0.0143    -0.8595 -9.990e-29
 272.702008     -2.486   0.016165    14.8261    -1.8321     -2.465     0.0143    -0.8618 -9.990e-29
 272.702014     -2.476   0.016164    14.8385    -1.8319     -2.455     0.0143    -0.8636 -9.990e-29
 272.702020     -2.464   0.016164    14.8479    -1.8314     -2.443     0.0143    -0.8650 -9.990e-29
 272.702025     -2.450   0.016163    14.8558    -1.8317     -2.430     0.0144    -0.8662 -9.990e-29
 272.702031     -2.432   0.016162    14.8643    -1.8316     -2.412     0.0144    -0.8675 -9.990e-29
 272.702037     -2.414   0.016161    14.8730    -1.8306     -2.394     0.0144    -0.8688 -9.990e-29
 272.702043     -2.398   0.016161    14.8794    -1.8299     -2.378     0.0144    -0.8697 -9.990e-29
 272.702049     -2.380   0.016161    14.8826    -1.8297     -2.360     0.0144    -0.8702 -9.990e-29
 272.702054     -2.358   0.016162    14.8844    -1.8291     -2.338     0.0144    -0.8705 -9.990e-29
 272.702060     -2.339   0.016162    14.8866    -1.8286     -2.319     0.0144    -0.8708 -9.990e-29
 272.702066     -2.327   0.016163    14.8903    -1.8287     -2.308     0.0144    -0.8714 -9.990e-29
 272.702072     -2.321   0.016164    14.8943    -1.8287     -2.302     0.0144    -0.8720 -9.990e-29
 272.702078     -2.316   0.016164    14.8980    -1.8288     -2.297     0.0144    -0.8725 -9.990e-29
 272.702083     -2.303   0.016165    14.9062    -1.8287     -2.284     0.0144    -0.8737 -9.990e-29
 272.702089     -2.281   0.016166    14.9203    -1.8286     -2.262     0.0144    -0.8759 -9.990e-29
 272.702095     -2.257   0.016167    14.9347    -1.8285     -2.238     0.0144    -0.8780 -9.990e-29
 272.702101     -2.236   0.016167    14.9467    -1.8277     -2.217     0.0144    -0.8798 -9.990e-29
 272.702106     -2.214   0.016168    14.9579    -1.8275     -2.196     0.0144    -0.8815 -9.990e-29
 272.702112     -2.190   0.016169    14.9665    -1.8271     -2.172     0.0144    -0.8828 -9.990e-29
 272.702118     -2.164   0.016169    14.9701    -1.8270     -2.146     0.0144    -0.8833 -9.990e-29
 272.702124     -2.137   0.016170    14.9708    -1.8265     -2.119     0.0144    -0.8834 -9.990e-29
 272.702130     -2.112   0.016171    14.9716    -1.8257     -2.094     0.0144    -0.8835 -9.990e-29
 272.702135     -2.088   0.016172    14.9738    -1.8248     -2.071     0.0144    -0.8839 -9.990e-29
 272.702141     -2.067   0.016172    14.9777    -1.8245     -2.050     0.0144    -0.8845 -9.990e-29
 272.702147     -2.053   0.016173    14.9846    -1.8240     -2.036     0.0144    -0.8855 -9.990e-29
 272.702153     -2.044   0.016174    14.9941    -1.8230     -2.027     0.0144    -0.8869 -9.990e-29
 272.702159     -2.036   0.016174    15.0037    -1.8223     -2.019     0.0144    -0.8884 -9.990e-29
 272.702164     -2.023   0.016175    15.0127    -1.8216     -2.006     0.0144    -0.8897 -9.990e-29
 272.702170     -2.010   0.016176    15.0223    -1.8209     -1.993     0.0144    -0.8912 -9.990e-29
 272.702176     -1.999   0.016176    15.0350    -1.8206     -1.982     0.0144    -0.8931 -9.990e-29
 272.702182     -1.990   0.016177    15.0516    -1.8197     -1.973     0.0144    -0.8956 -9.990e-29
 272.702187     -1.983   0.016178    15.0685    -1.8188     -1.966     0.0144    -0.8982 -9.990e-29
 272.702193     -1.977   0.016179    15.0836    -1.8182     -1.961     0.0144    -0.9005 -9.990e-29
 272.702199     -1.971   0.016179    15.1001    -1.8177     -1.955     0.0144    -0.9030 -9.990e-29
 272.702205     -1.965   0.016180    15.1195    -1.8176     -1.949     0.0144    -0.9059 -9.990e-29
 272.702211     -1.959   0.016181    15.1389    -1.8183     -1.943     0.0144    -0.9089 -9.990e-29
 272.702216     -1.953   0.016181    15.1568    -1.8186     -1.937     0.0144    -0.9116 -9.990e-29
 272.702222     -1.946   0.016182    15.1729    -1.8182     -1.930     0.0144    -0.9141 -9.990e-29
 272.702228     -1.937   0.016183    15.1888    -1.8180     -1.921     0.0144    -0.9165 -9.990e-29
 272.702234     -1.926   0.016183    15.2072    -1.8185     -1.910     0.0144    -0.9193 -9.990e-29
 272.702240     -1.913   0.016184    15.2261    -1.8190     -1.897     0.0144    -0.9222 -9.990e-29
