data/oxygen options/OCNMS/OCNMS1/raw_data/2023/CAST_CE042_230928faed.cnv
* Sea-Bird SBE 19 Data File:
* FileName = C:\Users\OCNMS.Inst\Documents\2023 Mooring Data\Casts\CAST_CE042_230928.hex
* Software Version SeatermAF 2.1.4.55
* Temperature SN = 2997
* Conductivity SN = 2997
* System UpLoad Time = Sep 28 2023 21:29:21 (localtime) = Sep 28 2023 21:29:21 (UTC)
** CAST_CE042_230928
* ds
# nquan = 9                                 
# nvalues = 1459                        
# units = specified
# name 0 = timeJ: Julian Days
# name 1 = prSM: Pressure, Strain Gauge [db]
# name 2 = c0mS/cm: Conductivity [mS/cm]
# name 3 = t090C: Temperature [ITS-90, deg C]
# name 4 = sbeox0ML/L: Oxygen, SBE 43 [ml/l]
# name 5 = depSM: Depth [salt water, m], lat = 47.5
# name 6 = sal00: Salinity, Practical [PSU]
# name 7 = sigma-é00: Density [sigma-theta, kg/m^3]
# name 8 = flag: flag
# span 0 = 271.754294, 271.762731       
# span 1 =     -5.878,     41.350       
# span 2 =   0.013150,  39.052223       
# span 3 =    13.8614,    14.6591       
# span 4 =    -1.8734,    11.6546       
# span 5 =     -5.829,     41.001       
# span 6 =     0.0126,    31.9932       
# span 7 =    -0.8245,    23.8660       
# span 8 = 0.0000e+00, 0.0000e+00       
# interval = seconds: 0.5
# start_time = Sep 28 2023 18:06:11 [Instrument's time stamp, header]
# bad_flag = -9.990e-29
*END*
[from data line 1121]
 271.760781     11.822  38.863119    14.4309     5.4721     11.723    31.7877    23.6173 0.0000e+00
 271.760787     11.573  38.863959    14.4343     5.4758     11.476    31.7858    23.6151 0.0000e+00
 271.760793     11.328  38.864232    14.4360     5.4714     11.233    31.7848    23.6140 0.0000e+00
 271.760799     11.077  38.863732    14.4372     5.4775     10.984    31.7834    23.6127 0.0000e+00
 271.760804     10.811  38.862906    14.4382     5.4776     10.720    31.7819    23.6113 0.0000e+00
 271.760810     10.527  38.861764    14.4391     5.4381     10.439    31.7803    23.6098 0.0000e+00
 271.760816     10.232  38.860455    14.4403     5.4786     10.146    31.7782    23.6080 0.0000e+00
 271.760822      9.942  38.859467    14.4427     5.4982      9.859    31.7754    23.6053 0.0000e+00
 271.760828      9.668  38.859157    14.4457     5.5271      9.587    31.7728    23.6027 0.0000e+00
 271.760833      9.415  38.859105    14.4478     5.5422      9.336    31.7711    23.6009 0.0000e+00
 271.760839      9.178  38.858673    14.4493     5.4955      9.101    31.7696    23.5994 0.0000e+00
 271.760845      8.948  38.857836    14.4513     5.5350      8.873    31.7673    23.5972 0.0000e+00
 271.760851      8.715  38.856590    14.4537     5.5597      8.642    31.7643    23.5944 0.0000e+00
 271.760856      8.470  38.853825    14.4559     5.5790      8.399    31.7600    23.5907 0.0000e+00
 271.760862      8.209  38.847526    14.4577     5.5986      8.140    31.7529    23.5848 0.0000e+00
 271.760868      7.931  38.837693    14.4587     5.5983      7.865    31.7433    23.5771 0.0000e+00
 271.760874      7.640  38.825777    14.4586     5.5967      7.576    31.7326    23.5689 0.0000e+00
 271.760880      7.335  38.813254    14.4578     5.6132      7.274    31.7220    23.5609 0.0000e+00
 271.760885      7.022  38.801351    14.4587     5.6230      6.963    31.7105    23.5519 0.0000e+00
 271.760891      6.714  38.791002    14.4641     5.6260      6.658    31.6968    23.5402 0.0000e+00
 271.760897      6.424  38.785215    14.4752     5.6325      6.370    31.6826    23.5269 0.0000e+00
 271.760903      6.153  38.785234    14.4882     5.6448      6.102    31.6721    23.5160 0.0000e+00
 271.760909      5.902  38.787151    14.4970     5.6697      5.853    31.6667    23.5101 0.0000e+00
 271.760914      5.667  38.787914    14.5015     5.6856      5.620    31.6638    23.5069 0.0000e+00
 271.760920      5.438  38.787973    14.5051     5.6848      5.393    31.6610    23.5040 0.0000e+00
 271.760926      5.209  38.787398    14.5088     5.6756      5.165    31.6576    23.5005 0.0000e+00
 271.760932      4.977  38.785972    14.5130     5.6599      4.935    31.6530    23.4961 0.0000e+00
 271.760938      4.734  38.784588    14.5192     5.6746      4.694    31.6467    23.4900 0.0000e+00
 271.760943      4.475  38.784193    14.5269     5.6986      4.438    31.6402    23.4833 0.0000e+00
 271.760949      4.215  38.785372    14.5340     5.7059      4.180    31.6356    23.4783 0.0000e+00
 271.760955      3.963  38.788011    14.5398     5.7077      3.930    31.6333    23.4753 0.0000e+00
 271.760961      3.715  38.790576    14.5454     5.6928      3.684    31.6312    23.4725 0.0000e+00
 271.760966      3.468  38.791997    14.5514     5.6857      3.439    31.6277    23.4685 0.0000e+00
 271.760972      3.225  38.793041    14.5560     5.7047      3.198    31.6250    23.4655 0.0000e+00
 271.760978      2.982  38.794530    14.5592     5.7808      2.957    31.6238    23.4639 0.0000e+00
 271.760984      2.737  38.796199    14.5631     5.6851      2.714    31.6222    23.4619 0.0000e+00
 271.760990      2.496  38.798024    14.5693     5.6344      2.475    31.6189    23.4580 0.0000e+00
 271.760995      2.264  38.801309    14.5781     5.5218      2.245    31.6148    23.4530 0.0000e+00
 271.761001      2.045  38.807062    14.5878     5.4751      2.028    31.6122    23.4490 0.0000e+00
 271.761007      1.836  38.812299    14.5964     5.4687      1.821    31.6101    23.4455 0.0000e+00
 271.761013      1.634  38.811104    14.6052     5.5038      1.620    31.6019    23.4373 0.0000e+00
 271.761019      1.438  38.797954    14.6154     5.5494      1.426    31.5818    23.4197 0.0000e+00
 271.761024      1.253  38.753628    14.6254     5.5402      1.243    31.5335    23.3804 0.0000e+00
 271.761030      1.084  38.607809    14.6345     5.5765      1.075    31.3942    23.2711 0.0000e+00
 271.761036      0.938  38.196886    14.6424     5.5775      0.930    31.0162    22.9783 -9.990e-29
 271.761042      0.822  37.914262    14.6488     5.5874      0.815    30.7560    22.7765 -9.990e-29
 271.761047      0.739  38.239782    14.6539     5.6096      0.733    31.0459    22.9987 -9.990e-29
 271.761053      0.677  38.654947    14.6569     5.5998      0.671    31.4189    23.2854 -9.990e-29
 271.761059      0.629  38.796091    14.6568     5.6192      0.624    31.5467    23.3840 -9.990e-29
 271.761065      0.593  38.840190    14.6557     5.6232      0.588    31.5876    23.4157 -9.990e-29
 271.761071      0.565  38.852757    14.6559     5.6231      0.560    31.5988    23.4243 -9.990e-29
 271.761076      0.543  38.859505    14.6566     5.6327      0.538    31.6044    23.4284 -9.990e-29
 271.761082      0.527  38.864936    14.6575     5.6326      0.523    31.6086    23.4314 -9.990e-29
 271.761088      0.516  38.867876    14.6586     5.6484      0.512    31.6103    23.4326 -9.990e-29
 271.761094      0.509  38.869432    14.6591     5.6476      0.505    31.6113    23.4332 -9.990e-29
 271.761100      0.504  38.869987    14.6584     5.6474      0.500    31.6124    23.4342 -9.990e-29
 271.761105      0.503  38.868032    14.6567     5.6485      0.499    31.6120    23.4343 -9.990e-29
 271.761111      0.505  38.864870    14.6548     5.6427      0.501    31.6107    23.4337 -9.990e-29
 271.761117      0.510  38.863563    14.6530     5.6545      0.506    31.6110    23.4342 -9.990e-29
 271.761123      0.518  38.862916    14.6514     5.6606      0.514    31.6117    23.4351 -9.990e-29
 271.761128      0.530  38.861498    14.6502     5.6598      0.526    31.6114    23.4351 -9.990e-29
 271.761134      0.547  38.861328    14.6492     5.6567      0.542    31.6120    23.4359 -9.990e-29
 271.761140      0.569  38.862170    14.6483     5.6381      0.564    31.6135    23.4372 -9.990e-29
 271.761146      0.599  38.861776    14.6473     5.6329      0.594    31.6140    23.4377 -9.990e-29
 271.761152      0.633  38.859609    14.6463     5.6383      0.628    31.6128    23.4371 -9.990e-29
 271.761157      0.665  38.857251    14.6452     5.6480      0.659    31.6115    23.4363 -9.990e-29
 271.761163      0.694  38.855472    14.6423     5.6669      0.688    31.6123    23.4375 -9.990e-29
 271.761169      0.721  38.851327    14.6362     5.6744      0.715    31.6135    23.4397 -9.990e-29
 271.761175      0.747  38.844323    14.6291     5.6840      0.741    31.6129    23.4408 -9.990e-29
 271.761181      0.770  38.838563    14.6249     5.6872      0.764    31.6111    23.4402 -9.990e-29
 271.761186      0.784  38.835880    14.6242     5.6761      0.777    31.6092    23.4390 -9.990e-29
 271.761192      0.788  38.835488    14.6247     5.6635      0.781    31.6085    23.4383 -9.990e-29
 271.761198      0.791  38.837413    14.6264     5.6565      0.784    31.6088    23.4382 -9.990e-29
 271.761204      0.799  38.841973    14.6295     5.6613      0.792    31.6104    23.4388 -9.990e-29
 271.761209      0.811  38.846270    14.6314     5.6179      0.804    31.6128    23.4402 -9.990e-29
 271.761215      0.829  38.847057    14.6308     5.6348      0.822    31.6140    23.4412 -9.990e-29
 271.761221      0.848  38.845934    14.6297     5.6389      0.841    31.6138    23.4414 -9.990e-29
 271.761227      0.863  38.845316    14.6297     5.6524      0.856    31.6133    23.4409 -9.990e-29
 271.761233      0.869  38.845489    14.6306     5.6751      0.862    31.6127    23.4403 -9.990e-29
 271.761238      0.867  38.846113    14.6314     5.6359      0.860    31.6126    23.4400 -9.990e-29
 271.761244      0.857  38.846889    14.6314     5.6530      0.850    31.6133    23.4406 -9.990e-29
 271.761250      0.842  38.847159    14.6307     5.6599      0.835    31.6141    23.4414 -9.990e-29
 271.761256      0.831  38.845592    14.6299     5.6772      0.824    31.6134    23.4410 -9.990e-29
 271.761262      0.826  38.842893    14.6291     5.6932      0.819    31.6116    23.4397 -9.990e-29
 271.761267      0.827  38.841620    14.6279     5.6832      0.820    31.6114    23.4399 -9.990e-29
 271.761273      0.830  38.841751    14.6265     5.6782      0.823    31.6127    23.4411 -9.990e-29
 271.761279      0.828  38.841211    14.6247     5.6780      0.821    31.6136    23.4422 -9.990e-29
 271.761285      0.818  38.839273    14.6227     5.6826      0.811    31.6135    23.4426 -9.990e-29
 271.761291      0.811  38.837271    14.6209     5.6834      0.804    31.6132    23.4427 -9.990e-29
 271.761296      0.808  38.837013    14.6200     5.6751      0.801    31.6137    23.4433 -9.990e-29
 271.761302      0.811  38.838151    14.6199     5.6634      0.804    31.6148    23.4441 -9.990e-29
 271.761308      0.819  38.839397    14.6203     5.6718      0.812    31.6156    23.4447 -9.990e-29
 271.761314      0.832  38.840726    14.6211     5.6817      0.825    31.6161    23.4449 -9.990e-29
 271.761319      0.849  38.841664    14.6218     5.6929      0.842    31.6164    23.4450 -9.990e-29
 271.761325      0.860  38.841774    14.6221     5.6882      0.853    31.6162    23.4448 -9.990e-29
 271.761331      0.862  38.841761    14.6226     5.6810      0.855    31.6158    23.4444 -9.990e-29
 271.761337      0.856  38.842162    14.6237     5.6774      0.849    31.6153    23.4437 -9.990e-29
 271.761343      0.846  38.843507    14.6267     5.6823      0.839    31.6141    23.4422 -9.990e-29
 271.761348      0.839  38.847027    14.6320     5.6800      0.832    31.6130    23.4402 -9.990e-29
 271.761354      0.838  38.852365    14.6371     5.6728      0.831    31.6136    23.4397 -9.990e-29
 271.761360      0.845  38.855989    14.6398     5.6706      0.838    31.6147    23.4399 -9.990e-29
 271.761366      0.860  38.856560    14.6407     5.6691      0.853    31.6145    23.4396 -9.990e-29
 271.761372      0.879  38.856520    14.6405     5.6789      0.872    31.6146    23.4397 -9.990e-29
 271.761377      0.894  38.856371    14.6394     5.6827      0.887    31.6154    23.4405 -9.990e-29
 271.761383      0.903  38.855349    14.6378     5.6767      0.895    31.6158    23.4411 -9.990e-29
 271.761389      0.907  38.853768    14.6362     5.6621      0.899    31.6156    23.4414 -9.990e-29
 271.761395      0.904  38.852317    14.6346     5.6140      0.896    31.6156    23.4417 -9.990e-29
 271.761400      0.896  38.851298    14.6331     5.6545      0.889    31.6159    23.4422 -9.990e-29
 271.761406      0.886  38.850469    14.6320     5.6755      0.879    31.6161    23.4426 -9.990e-29
 271.761412      0.881  38.849841    14.6315     5.6909      0.874    31.6159    23.4426 -9.990e-29
 271.761418      0.882  38.849134    14.6316     5.7045      0.875    31.6152    23.4420 -9.990e-29
 271.761424      0.884  38.849083    14.6319     5.6544      0.877    31.6149    23.4417 -9.990e-29
 271.761429      0.888  38.850173    14.6321     5.6880      0.881    31.6157    23.4423 -9.990e-29
 271.761435      0.889  38.851053    14.6324     5.6948      0.882    31.6163    23.4427 -9.990e-29
 271.761441      0.884  38.851209    14.6333     5.6926      0.877    31.6157    23.4420 -9.990e-29
 271.761447      0.871  38.851405    14.6352     5.6886      0.864    31.6143    23.4406 -9.990e-29
 271.761453      0.854  38.853021    14.6378     5.6698      0.847    31.6137    23.4395 -9.990e-29
 271.761458      0.842  38.855964    14.6396     5.6773      0.835    31.6149    23.4401 -9.990e-29
 271.761464      0.837  38.856868    14.6395     5.6882      0.830    31.6158    23.4408 -9.990e-29
 271.761470      0.838  38.854133    14.6387     5.6795      0.831    31.6139    23.4395 -9.990e-29
 271.761476      0.847  38.851957    14.6386     5.6638      0.840    31.6121    23.4381 -9.990e-29
 271.761481      0.859  38.852476    14.6391     5.6579      0.852    31.6121    23.4380 -9.990e-29
 271.761487      0.866  38.853576    14.6401     5.6646      0.859    31.6123    23.4380 -9.990e-29
 271.761493      0.870  38.856160    14.6421     5.6794      0.863    31.6130    23.4381 -9.990e-29
 271.761499      0.874  38.860305    14.6448     5.6855      0.867    31.6146    23.4387 -9.990e-29
 271.761505      0.879  38.862006    14.6464     5.6781      0.872    31.6148    23.4386 -9.990e-29
 271.761510      0.885  38.860725    14.6465     5.6733      0.878    31.6136    23.4376 -9.990e-29
 271.761516      0.888  38.860354    14.6468     5.6703      0.881    31.6130    23.4371 -9.990e-29
 271.761522      0.885  38.861515    14.6471     5.6716      0.878    31.6138    23.4377 -9.990e-29
 271.761528      0.878  38.861829    14.6461     5.6743      0.871    31.6149    23.4387 -9.990e-29
 271.761534      0.877  38.861152    14.6437     5.6746      0.870    31.6162    23.4403 -9.990e-29
 271.761539      0.885  38.860256    14.6413     5.6804      0.878    31.6174    23.4416 -9.990e-29
 271.761545      0.900  38.859065    14.6403     5.6827      0.892    31.6171    23.4416 -9.990e-29
 271.761551      0.912  38.858227    14.6406     5.6823      0.904    31.6161    23.4408 -9.990e-29
 271.761557      0.919  38.858302    14.6412     5.6686      0.911    31.6157    23.4403 -9.990e-29
 271.761563      0.921  38.858263    14.6417     5.6635      0.913    31.6152    23.4399 -9.990e-29
 271.761568      0.918  38.857495    14.6419     5.6697      0.910    31.6144    23.4392 -9.990e-29
 271.761574      0.915  38.857208    14.6419     5.6739      0.907    31.6141    23.4390 -9.990e-29
 271.761580      0.920  38.858139    14.6418     5.6494      0.912    31.6150    23.4397 -9.990e-29
 271.761586      0.932  38.858722    14.6417     5.6786      0.924    31.6156    23.4402 -9.990e-29
 271.761591      0.945  38.856929    14.6409     5.6776      0.937    31.6146    23.4396 -9.990e-29
 271.761597      0.954  38.853725    14.6398     5.6828      0.946    31.6126    23.4383 -9.990e-29
 271.761603      0.961  38.849880    14.6392     5.6879      0.953    31.6096    23.4361 -9.990e-29
 271.761609      0.966  38.846427    14.6393     5.6439      0.958    31.6064    23.4336 -9.990e-29
 271.761615      0.968  38.847723    14.6398     5.6884      0.960    31.6072    23.4341 -9.990e-29
 271.761620      0.969  38.851571    14.6394     5.6982      0.961    31.6110    23.4371 -9.990e-29
 271.761626      0.968  38.851325    14.6366     5.7105      0.960    31.6131    23.4393 -9.990e-29
 271.761632      0.966  38.846656    14.6316     5.7134      0.958    31.6129    23.4402 -9.990e-29
 271.761638      0.961  38.841981    14.6268     5.6874      0.953    31.6126    23.4410 -9.990e-29
 271.761644      0.955  38.840592    14.6240     5.6731      0.947    31.6136    23.4424 -9.990e-29
 271.761649      0.950  38.841191    14.6227     5.6685      0.942    31.6152    23.4439 -9.990e-29
 271.761655      0.951  38.841208    14.6220     5.6755      0.943    31.6158    23.4445 -9.990e-29
 271.761661      0.953  38.840662    14.6217     5.6812      0.945    31.6155    23.4443 -9.990e-29
 271.761667      0.952  38.840500    14.6223     5.6919      0.944    31.6149    23.4437 -9.990e-29
 271.761672      0.948  38.841622    14.6236     5.6853      0.940    31.6149    23.4434 -9.990e-29
 271.761678      0.942  38.843839    14.6253     5.6877      0.934    31.6155    23.4435 -9.990e-29
 271.761684      0.932  38.845620    14.6275     5.6940      0.924    31.6153    23.4430 -9.990e-29
 271.761690      0.922  38.847094    14.6290     5.6877      0.914    31.6154    23.4427 -9.990e-29
 271.761696      0.921  38.847981    14.6288     5.6878      0.913    31.6164    23.4435 -9.990e-29
