data/oxygen options/OCNMS/OCNMS1/raw_data/2023/CAST_MB042_230615faed.cnv
* Sea-Bird SBE 19 Data File:
* FileName = C:\Users\OCNMS.Inst\Documents\2023 Mooring Data\Casts\CAST_MB042_230615.hex
* Software Version SeatermAF 2.1.4.55
* Temperature SN = 2997
* Conductivity SN = 2997
* System UpLoad Time = Jun 15 2023 22:34:10 (localtime) = Jun 15 2023 22:34:10 (UTC)
** CAST_MB042_230615
* ds
# nquan = 9                                 
# nvalues = 1107                        
# units = specified
# name 0 = timeJ: Julian Days
# name 1 = prSM: Pressure, Strain Gauge [db]
# name 2 = c0mS/cm: Conductivity [mS/cm]
# name 3 = t090C: Temperature [ITS-90, deg C]
# name 4 = sbeox0ML/L: Oxygen, SBE 43 [ml/l]
# name 5 = depSM: Depth [salt water, m], lat = 47.5
# name 6 = sal00: Salinity, Practical [PSU]
# name 7 = sigma-é00: Density [sigma-theta, kg/m^3]
# name 8 = flag: flag
# span 0 = 166.880775, 166.887176       
# span 1 =     -6.274,     40.171       
# span 2 =   0.250893,  37.666606       
# span 3 =     7.7983,    17.4158       
# span 4 =    -1.8247,    17.3709       
# span 5 =     -6.222,     39.832       
# span 6 =     0.1424,    33.6834       
# span 7 =    -1.1873,    26.2699       
# span 8 = 0.0000e+00, 0.0000e+00       
# interval = seconds: 0.5
# start_time = Jun 15 2023 21:08:19 [Instrument's time stamp, header]
# bad_flag = -9.990e-29
*END*
[from data line 801]
 166.885411     14.390  35.985696    10.3278     5.9535     14.269    32.5521    24.9863 0.0000e+00
 166.885417     14.662  36.000313    10.3212     5.9008     14.539    32.5726    25.0034 0.0000e+00
 166.885422     14.943  36.017731    10.3121     5.7932     14.818    32.5982    25.0249 0.0000e+00
 166.885428     15.224  36.030281    10.2997     5.7687     15.096    32.6219    25.0455 0.0000e+00
 166.885434     15.501  36.036691    10.2844     5.7222     15.371    32.6419    25.0637 0.0000e+00
 166.885440     15.776  36.038146    10.2637     5.6919     15.644    32.6619    25.0828 0.0000e+00
 166.885446     16.049  36.033701    10.2349     5.6723     15.914    32.6833    25.1043 0.0000e+00
 166.885451     16.319  36.024632    10.2035     5.6179     16.182    32.7023    25.1245 0.0000e+00
 166.885457     16.587  36.015569    10.1769     5.6090     16.448    32.7171    25.1404 0.0000e+00
 166.885463     16.853  36.009469    10.1561     5.5950     16.712    32.7296    25.1537 0.0000e+00
 166.885469     17.116  36.004836    10.1385     5.6027     16.972    32.7407    25.1653 0.0000e+00
 166.885475     17.377  35.999893    10.1228     5.6105     17.231    32.7498    25.1751 0.0000e+00
 166.885480     17.634  35.993568    10.1097     5.5876     17.486    32.7551    25.1814 0.0000e+00
 166.885486     17.883  35.986867    10.1007     5.5583     17.733    32.7564    25.1839 0.0000e+00
 166.885492     18.117  35.982540    10.0964     5.5121     17.965    32.7558    25.1842 0.0000e+00
 166.885498     18.345  35.982017    10.0937     5.4306     18.191    32.7576    25.1861 0.0000e+00
 166.885503     18.579  35.983961    10.0865     5.3372     18.423    32.7660    25.1938 0.0000e+00
 166.885509     18.830  35.981923    10.0676     5.2030     18.672    32.7809    25.2086 0.0000e+00
 166.885515     19.102  35.969185    10.0318     5.0112     18.942    32.8004    25.2298 0.0000e+00
 166.885521     19.390  35.943251     9.9881     4.7884     19.227    32.8136    25.2474 0.0000e+00
 166.885527     19.682  35.908112     9.9497     4.5755     19.517    32.8127    25.2531 0.0000e+00
 166.885532     19.968  35.876769     9.8994     4.3834     19.800    32.8265    25.2722 0.0000e+00
 166.885538     20.244  35.842636     9.7988     4.2238     20.074    32.8833    25.3331 0.0000e+00
 166.885544     20.515  35.765721     9.6458     4.1270     20.343    32.9446    25.4061 0.0000e+00
 166.885550     20.785  35.649822     9.4848     4.0587     20.610    32.9735    25.4548 0.0000e+00
 166.885556     21.050  35.550377     9.3534     3.9706     20.873    32.9920    25.4904 0.0000e+00
 166.885561     21.305  35.479206     9.2600     3.8832     21.126    33.0047    25.5153 0.0000e+00
 166.885567     21.550  35.426451     9.2014     3.7977     21.369    33.0042    25.5242 0.0000e+00
 166.885573     21.787  35.405133     9.1569     3.7255     21.604    33.0232    25.5461 0.0000e+00
 166.885579     22.023  35.391220     9.0834     3.6728     21.838    33.0769    25.5997 0.0000e+00
 166.885584     22.263  35.344788     8.9713     3.6359     22.076    33.1328    25.6611 0.0000e+00
 166.885590     22.516  35.283949     8.8645     3.6020     22.327    33.1690    25.7060 0.0000e+00
 166.885596     22.779  35.242328     8.7937     3.5717     22.588    33.1916    25.7347 0.0000e+00
 166.885602     23.048  35.222024     8.7483     3.5391     22.854    33.2128    25.7583 0.0000e+00
 166.885608     23.324  35.210989     8.7068     3.4286     23.128    33.2400    25.7861 0.0000e+00
 166.885613     23.597  35.200585     8.6647     3.4226     23.399    33.2686    25.8149 0.0000e+00
 166.885619     23.860  35.189179     8.6270     3.3785     23.659    33.2920    25.8390 0.0000e+00
 166.885625     24.116  35.177164     8.5948     3.3447     23.913    33.3096    25.8577 0.0000e+00
 166.885631     24.365  35.164679     8.5665     3.3253     24.160    33.3230    25.8726 0.0000e+00
 166.885637     24.601  35.146196     8.5350     3.2371     24.394    33.3332    25.8854 0.0000e+00
 166.885642     24.831  35.117714     8.4972     3.2565     24.622    33.3388    25.8955 0.0000e+00
 166.885648     25.068  35.089906     8.4601     3.2479     24.857    33.3444    25.9056 0.0000e+00
 166.885654     25.324  35.071545     8.4293     3.2242     25.111    33.3541    25.9178 0.0000e+00
 166.885660     25.599  35.059913     8.4026     3.2128     25.384    33.3669    25.9319 0.0000e+00
 166.885666     25.878  35.050444     8.3757     3.1739     25.660    33.3823    25.9480 0.0000e+00
 166.885671     26.147  35.042234     8.3519     3.1397     25.927    33.3961    25.9624 0.0000e+00
 166.885677     26.397  35.039243     8.3336     3.0998     26.175    33.4102    25.9762 0.0000e+00
 166.885683     26.629  35.038017     8.3124     3.0639     26.405    33.4289    25.9941 0.0000e+00
 166.885689     26.852  35.027205     8.2880     3.0432     26.626    33.4405    26.0069 0.0000e+00
 166.885694     27.074  35.009753     8.2661     3.0252     26.846    33.4428    26.0119 0.0000e+00
 166.885700     27.305  34.995438     8.2451     3.0102     27.075    33.4475    26.0187 0.0000e+00
 166.885706     27.547  34.983654     8.2225     2.9872     27.315    33.4564    26.0291 0.0000e+00
 166.885712     27.799  34.972132     8.1991     2.9773     27.565    33.4663    26.0404 0.0000e+00
 166.885718     28.059  34.961747     8.1795     2.9645     27.823    33.4738    26.0492 0.0000e+00
 166.885723     28.327  34.954335     8.1660     2.9468     28.089    33.4787    26.0550 0.0000e+00
 166.885729     28.599  34.949531     8.1565     2.9328     28.358    33.4825    26.0595 0.0000e+00
 166.885735     28.865  34.945410     8.1495     2.9144     28.622    33.4847    26.0622 0.0000e+00
 166.885741     29.122  34.941514     8.1425     2.8917     28.877    33.4871    26.0652 0.0000e+00
 166.885747     29.372  34.937130     8.1296     2.8816     29.125    33.4947    26.0730 0.0000e+00
 166.885752     29.624  34.930333     8.1095     2.8716     29.375    33.5065    26.0853 0.0000e+00
 166.885758     29.881  34.921024     8.0896     2.8723     29.629    33.5155    26.0953 0.0000e+00
 166.885764     30.141  34.912473     8.0767     2.8666     29.887    33.5186    26.0996 0.0000e+00
 166.885770     30.400  34.907278     8.0690     2.8591     30.144    33.5203    26.1021 0.0000e+00
 166.885775     30.653  34.904669     8.0617     2.8513     30.395    33.5244    26.1064 0.0000e+00
 166.885781     30.899  34.902849     8.0554     2.8574     30.639    33.5284    26.1104 0.0000e+00
 166.885787     31.136  34.901070     8.0521     2.8526     30.874    33.5295    26.1118 0.0000e+00
 166.885793     31.367  34.900882     8.0511     2.8002     31.103    33.5302    26.1125 0.0000e+00
 166.885799     31.597  34.903154     8.0490     2.8142     31.331    33.5345    26.1162 0.0000e+00
 166.885804     31.833  34.903074     8.0420     2.8120     31.565    33.5410    26.1223 0.0000e+00
 166.885810     32.081  34.897737     8.0306     2.8277     31.811    33.5461    26.1280 0.0000e+00
 166.885816     32.345  34.891231     8.0186     2.8296     32.073    33.5506    26.1333 0.0000e+00
 166.885822     32.614  34.886081     8.0084     2.7567     32.339    33.5547    26.1381 0.0000e+00
 166.885828     32.877  34.882141     8.0015     2.7918     32.600    33.5570    26.1409 0.0000e+00
 166.885833     33.128  34.879756     7.9990     2.8044     32.849    33.5567    26.1410 0.0000e+00
 166.885839     33.363  34.878545     7.9998     2.8312     33.082    33.5545    26.1392 0.0000e+00
 166.885845     33.574  34.879134     8.0012     2.8298     33.291    33.5537    26.1384 0.0000e+00
 166.885851     33.767  34.882307     8.0017     2.7901     33.482    33.5566    26.1405 0.0000e+00
 166.885856     33.954  34.885577     8.0012     2.7817     33.668    33.5604    26.1436 0.0000e+00
 166.885862     34.147  34.886025     7.9984     2.7613     33.859    33.5635    26.1465 0.0000e+00
 166.885868     34.357  34.883131     7.9918     2.7554     34.067    33.5667    26.1499 0.0000e+00
 166.885874     34.599  34.878077     7.9810     2.7371     34.307    33.5715    26.1553 0.0000e+00
 166.885880     34.879  34.872530     7.9681     2.7332     34.585    33.5778    26.1622 0.0000e+00
 166.885885     35.189  34.867496     7.9547     2.7394     34.892    33.5852    26.1699 0.0000e+00
 166.885891     35.515  34.862981     7.9418     2.7358     35.216    33.5926    26.1776 0.0000e+00
 166.885897     35.839  34.858564     7.9318     2.7387     35.537    33.5973    26.1828 0.0000e+00
 166.885903     36.138  34.855075     7.9277     2.7353     35.833    33.5974    26.1834 0.0000e+00
 166.885909     36.398  34.854580     7.9285     2.7418     36.091    33.5959    26.1822 0.0000e+00
 166.885914     36.617  34.856976     7.9295     2.7365     36.308    33.5974    26.1832 0.0000e+00
 166.885920     36.807  34.859296     7.9285     2.7313     36.497    33.6008    26.1860 0.0000e+00
 166.885926     36.982  34.860156     7.9269     2.7175     36.670    33.6032    26.1881 0.0000e+00
 166.885932     37.162  34.860145     7.9246     2.7090     36.849    33.6053    26.1901 0.0000e+00
 166.885938     37.364  34.858692     7.9199     2.6922     37.049    33.6082    26.1931 0.0000e+00
 166.885943     37.595  34.854980     7.9119     2.6709     37.278    33.6118    26.1971 0.0000e+00
 166.885949     37.854  34.849663     7.9012     2.6604     37.535    33.6163    26.2022 0.0000e+00
 166.885955     38.127  34.844054     7.8901     2.6512     37.805    33.6208    26.2074 0.0000e+00
 166.885961     38.401  34.839633     7.8801     2.6495     38.077    33.6256    26.2126 0.0000e+00
 166.885966     38.672  34.836665     7.8697     2.6373     38.346    33.6323    26.2193 0.0000e+00
 166.885972     38.928  34.833431     7.8592     2.6267     38.599    33.6388    26.2260 0.0000e+00
 166.885978     39.150  34.829538     7.8532     2.5937     38.820    33.6403    26.2281 0.0000e+00
 166.885984     39.345  34.827637     7.8534     2.6216     39.013    33.6380    26.2262 0.0000e+00
 166.885990     39.524  34.829113     7.8529     2.6269     39.190    33.6400    26.2278 0.0000e+00
 166.885995     39.690  34.830334     7.8429     2.6242     39.355    33.6508    26.2378 0.0000e+00
 166.886001     39.846  34.827888     7.8253     2.6261     39.510    33.6651    26.2516 0.0000e+00
 166.886007     39.988  34.824119     7.8098     2.5678     39.650    33.6760    26.2624 -9.990e-29
 166.886013     40.104  34.821841     7.8010     2.6079     39.765    33.6820    26.2684 -9.990e-29
 166.886019     40.171  34.820815     7.7983     2.6192     39.832    33.6834    26.2699 -9.990e-29
 166.886024     40.164  34.821348     7.8003     2.6407     39.825    33.6821    26.2686 -9.990e-29
 166.886030     40.069  34.823591     7.8048     2.6563     39.731    33.6802    26.2664 -9.990e-29
 166.886036     39.903  34.825494     7.8102     2.6463     39.566    33.6771    26.2632 0.0000e+00
 166.886042     39.696  34.825679     7.8160     2.6416     39.361    33.6718    26.2582 0.0000e+00
 166.886047     39.471  34.824959     7.8206     2.6348     39.138    33.6667    26.2535 0.0000e+00
 166.886053     39.237  34.824059     7.8226     2.6405     38.906    33.6639    26.2510 0.0000e+00
 166.886059     39.003  34.823464     7.8238     2.6479     38.674    33.6622    26.2495 0.0000e+00
 166.886065     38.766  34.823505     7.8269     2.6535     38.439    33.6594    26.2469 0.0000e+00
 166.886071     38.520  34.824239     7.8326     2.6513     38.195    33.6548    26.2424 0.0000e+00
 166.886076     38.266  34.825527     7.8394     2.6613     37.943    33.6497    26.2375 0.0000e+00
 166.886082     38.008  34.826292     7.8447     2.6689     37.687    33.6456    26.2334 0.0000e+00
 166.886088     37.745  34.826435     7.8494     2.6866     37.427    33.6413    26.2294 0.0000e+00
 166.886094     37.471  34.827272     7.8566     2.6942     37.155    33.6354    26.2237 0.0000e+00
 166.886100     37.191  34.829365     7.8659     2.6935     36.877    33.6288    26.2172 0.0000e+00
 166.886105     36.913  34.832145     7.8753     2.7030     36.602    33.6229    26.2111 0.0000e+00
 166.886111     36.640  34.834844     7.8838     2.7120     36.331    33.6177    26.2058 0.0000e+00
 166.886117     36.368  34.836586     7.8900     2.7086     36.061    33.6137    26.2018 0.0000e+00
 166.886123     36.089  34.837456     7.8938     2.7081     35.785    33.6111    26.1992 0.0000e+00
 166.886128     35.796  34.838618     7.8975     2.7139     35.494    33.6090    26.1969 0.0000e+00
 166.886134     35.490  34.839945     7.9024     2.7189     35.191    33.6058    26.1937 0.0000e+00
 166.886140     35.167  34.840970     7.9081     2.7351     34.871    33.6016    26.1896 0.0000e+00
 166.886146     34.823  34.841942     7.9148     2.7468     34.529    33.5963    26.1845 0.0000e+00
 166.886152     34.460  34.843602     7.9236     2.7403     34.170    33.5898    26.1781 0.0000e+00
 166.886157     34.083  34.846489     7.9347     2.7563     33.796    33.5824    26.1706 0.0000e+00
 166.886163     33.703  34.849974     7.9484     2.7500     33.419    33.5732    26.1614 0.0000e+00
 166.886169     33.330  34.853671     7.9626     2.7495     33.049    33.5637    26.1518 0.0000e+00
 166.886175     32.978  34.857472     7.9733     2.7453     32.700    33.5576    26.1455 0.0000e+00
 166.886181     32.665  34.860853     7.9773     2.7486     32.390    33.5575    26.1449 0.0000e+00
 166.886186     32.390  34.862168     7.9748     2.7571     32.117    33.5615    26.1483 0.0000e+00
 166.886192     32.138  34.860935     7.9719     2.7143     31.867    33.5631    26.1500 0.0000e+00
 166.886198     31.887  34.859994     7.9736     2.7475     31.618    33.5606    26.1477 0.0000e+00
 166.886204     31.630  34.860889     7.9783     2.7728     31.364    33.5571    26.1444 0.0000e+00
 166.886209     31.368  34.862577     7.9834     2.7988     31.104    33.5542    26.1413 0.0000e+00
 166.886215     31.097  34.864512     7.9893     2.8240     30.835    33.5507    26.1377 0.0000e+00
 166.886221     30.809  34.867038     7.9968     2.7983     30.550    33.5463    26.1332 0.0000e+00
 166.886227     30.502  34.869604     8.0060     2.8223     30.245    33.5404    26.1271 0.0000e+00
 166.886233     30.178  34.871716     8.0186     2.8509     29.924    33.5307    26.1177 0.0000e+00
 166.886238     29.835  34.874514     8.0340     2.8883     29.584    33.5191    26.1063 0.0000e+00
 166.886244     29.479  34.878371     8.0489     2.9333     29.231    33.5091    26.0963 0.0000e+00
 166.886250     29.127  34.883394     8.0621     2.9402     28.882    33.5020    26.0887 0.0000e+00
 166.886256     28.786  34.890688     8.0768     2.9592     28.544    33.4959    26.0818 0.0000e+00
 166.886262     28.461  34.900464     8.0978     2.9769     28.222    33.4864    26.0712 0.0000e+00
 166.886267     28.151  34.911198     8.1215     2.9929     27.914    33.4753    26.0590 0.0000e+00
 166.886273     27.851  34.920405     8.1389     3.0250     27.617    33.4687    26.0512 0.0000e+00
 166.886279     27.550  34.925807     8.1522     3.0432     27.318    33.4619    26.0439 0.0000e+00
 166.886285     27.242  34.928451     8.1703     3.0822     27.013    33.4476    26.0300 0.0000e+00
 166.886291     26.923  34.932987     8.1954     3.1371     26.697    33.4286    26.0114 0.0000e+00
 166.886296     26.596  34.942667     8.2223     3.1971     26.372    33.4134    25.9954 0.0000e+00
 166.886302     26.265  34.956401     8.2462     3.2725     26.044    33.4054    25.9856 0.0000e+00
 166.886308     25.931  34.970666     8.2674     3.3463     25.713    33.4006    25.9786 0.0000e+00
 166.886314     25.593  34.982087     8.2936     3.4165     25.378    33.3879    25.9648 0.0000e+00
 166.886319     25.256  34.993015     8.3317     3.4813     25.044    33.3635    25.9399 0.0000e+00
 166.886325     24.924  35.011307     8.3779     3.5128     24.714    33.3392    25.9139 0.0000e+00
