data/oxygen options/OCNMS/OCNMS1/raw_data/2023/CAST_CA015_230718faed.cnv
* Sea-Bird SBE 19 Data File:
* FileName = C:\Users\OCNMS.Inst\Documents\2023 Mooring Data\Casts\CAST_CA015_230718.hex
* Software Version SeatermAF 2.1.4.55
* Temperature SN = 2997
* Conductivity SN = 2997
* System UpLoad Time = Jul 18 2023 22:39:06 (localtime) = Jul 18 2023 22:39:06 (UTC)
** CAST_CA015_230718
* ds
# nquan = 9                                 
# nvalues = 841                         
# units = specified
# name 0 = timeJ: Julian Days
# name 1 = prSM: Pressure, Strain Gauge [db]
# name 2 = c0mS/cm: Conductivity [mS/cm]
# name 3 = t090C: Temperature [ITS-90, deg C]
# name 4 = sbeox0ML/L: Oxygen, SBE 43 [ml/l]
# name 5 = depSM: Depth [salt water, m], lat = 47.5
# name 6 = sal00: Salinity, Practical [PSU]
# name 7 = sigma-é00: Density [sigma-theta, kg/m^3]
# name 8 = flag: flag
# span 0 = 199.914803, 199.919664       
# span 1 =     -6.259,     13.109       
# span 2 =   0.438141,  39.254380       
# span 3 =     8.6802,    18.1075       
# span 4 =    -1.7530,    12.2803       
# span 5 =     -6.207,     12.999       
# span 6 =     0.2468,    33.8074       
# span 7 =    -1.2288,    26.0727       
# span 8 = 0.0000e+00, 0.0000e+00       
# interval = seconds: 0.5
# start_time = Jul 18 2023 21:57:19 [Instrument's time stamp, header]
# bad_flag = -9.990e-29
*END*
[from data line 481]
 199.917587     -0.146  39.126848    12.4996     6.2062     -0.145    33.6966    25.4813 -9.990e-29
 199.917593     -0.132  39.079106    12.5035     6.1853     -0.131    33.6473    25.4423 -9.990e-29
 199.917598     -0.125  38.903802    12.5042     6.1568     -0.124    33.4784    25.3112 -9.990e-29
 199.917604     -0.126  38.645671    12.5028     6.1197     -0.125    33.2322    25.1206 -9.990e-29
 199.917610     -0.125  38.471928    12.4993     6.0918     -0.124    33.0688    24.9946 -9.990e-29
 199.917616     -0.122  38.406423    12.4944     6.0563     -0.121    33.0104    24.9503 -9.990e-29
 199.917622     -0.122  38.381225    12.4912     6.0401     -0.121    32.9891    24.9344 -9.990e-29
 199.917627     -0.125  38.374486    12.4917     6.0251     -0.124    32.9822    24.9290 -9.990e-29
 199.917633     -0.130  38.375337    12.4957     6.0302     -0.129    32.9795    24.9261 -9.990e-29
 199.917639     -0.135  38.378741    12.5017     6.0352     -0.134    32.9775    24.9234 -9.990e-29
 199.917645     -0.134  38.381944    12.5051     6.0318     -0.133    32.9776    24.9228 -9.990e-29
 199.917650     -0.132  38.379683    12.5017     6.0245     -0.131    32.9784    24.9241 -9.990e-29
 199.917656     -0.133  38.370058    12.4920     5.9739     -0.132    32.9777    24.9254 -9.990e-29
 199.917662     -0.137  38.359276    12.4838     6.0012     -0.136    32.9746    24.9246 -9.990e-29
 199.917668     -0.145  38.359286    12.4835     5.9978     -0.144    32.9749    24.9248 -9.990e-29
 199.917674     -0.157  38.368969    12.4858     6.0137     -0.156    32.9821    24.9300 -9.990e-29
 199.917679     -0.169  38.372650    12.4841     6.0204     -0.168    32.9871    24.9342 -9.990e-29
 199.917685     -0.175  38.367384    12.4787     5.9699     -0.174    32.9868    24.9350 -9.990e-29
 199.917691     -0.169  38.359589    12.4721     6.0020     -0.168    32.9852    24.9350 -9.990e-29
 199.917697     -0.155  38.353990    12.4680     6.0113     -0.154    32.9834    24.9344 -9.990e-29
 199.917703     -0.142  38.353759    12.4688     6.0193     -0.141    32.9825    24.9336 -9.990e-29
 199.917708     -0.133  38.357455    12.4723     6.0243     -0.132    32.9829    24.9333 -9.990e-29
 199.917714     -0.127  38.361030    12.4752     5.9998     -0.126    32.9838    24.9334 -9.990e-29
 199.917720     -0.124  38.360836    12.4768     5.9956     -0.123    32.9822    24.9318 -9.990e-29
 199.917726     -0.124  38.356609    12.4773     6.0092     -0.123    32.9777    24.9283 -9.990e-29
 199.917731     -0.126  38.351669    12.4772     6.0068     -0.125    32.9731    24.9247 -9.990e-29
 199.917737     -0.127  38.349504    12.4772     6.0016     -0.126    32.9710    24.9231 -9.990e-29
 199.917743     -0.122  38.348342    12.4771     6.0039     -0.121    32.9700    24.9223 -9.990e-29
 199.917749     -0.116  38.345503    12.4766     6.0016     -0.115    32.9677    24.9206 -9.990e-29
 199.917755     -0.116  38.345598    12.4765     5.9989     -0.115    32.9679    24.9208 -9.990e-29
 199.917760     -0.127  38.351543    12.4769     5.9991     -0.126    32.9732    24.9248 -9.990e-29
 199.917766     -0.136  38.357809    12.4771     6.0021     -0.135    32.9791    24.9293 -9.990e-29
 199.917772     -0.132  38.359855    12.4771     6.0051     -0.131    32.9810    24.9308 -9.990e-29
 199.917778     -0.118  38.357599    12.4771     6.0017     -0.117    32.9788    24.9292 -9.990e-29
 199.917784     -0.098  38.353069    12.4771     5.9992     -0.097    32.9745    24.9258 -9.990e-29
 199.917789     -0.074  38.349740    12.4765     6.0025     -0.073    32.9718    24.9238 -9.990e-29
 199.917795     -0.050  38.348765    12.4742     5.9986     -0.050    32.9729    24.9251 -9.990e-29
 199.917801     -0.024  38.350516    12.4725     6.0074     -0.024    32.9761    24.9279 -9.990e-29
 199.917807      0.002  38.355079    12.4731     6.0133      0.002    32.9799    24.9307 -9.990e-29
 199.917813      0.020  38.359002    12.4747     6.0070      0.020    32.9822    24.9323 -9.990e-29
 199.917818      0.019  38.360222    12.4751     6.0060      0.019    32.9831    24.9328 -9.990e-29
 199.917824     -0.006  38.359796    12.4745     6.0016     -0.006    32.9832    24.9330 -9.990e-29
 199.917830     -0.035  38.358826    12.4740     6.0009     -0.035    32.9827    24.9328 -9.990e-29
 199.917836     -0.048  38.356571    12.4735     6.0174     -0.048    32.9810    24.9315 -9.990e-29
 199.917841     -0.045  38.353380    12.4734     5.9754     -0.045    32.9780    24.9292 -9.990e-29
 199.917847     -0.037  38.353393    12.4743     6.0115     -0.037    32.9772    24.9285 -9.990e-29
 199.917853     -0.025  38.356057    12.4752     6.0131     -0.025    32.9790    24.9296 -9.990e-29
 199.917859     -0.014  38.355392    12.4750     6.0094     -0.014    32.9785    24.9293 -9.990e-29
 199.917865     -0.011  38.353302    12.4749     6.0304     -0.011    32.9766    24.9279 -9.990e-29
 199.917870     -0.022  38.355953    12.4761     5.9748     -0.022    32.9781    24.9288 -9.990e-29
 199.917876     -0.041  38.360710    12.4768     6.0163     -0.041    32.9821    24.9317 -9.990e-29
 199.917882     -0.058  38.362139    12.4749     6.0401     -0.058    32.9851    24.9344 -9.990e-29
 199.917888     -0.064  38.359335    12.4704     6.0400     -0.063    32.9864    24.9363 -9.990e-29
 199.917894     -0.066  38.354715    12.4645     6.0459     -0.065    32.9871    24.9380 -9.990e-29
 199.917899     -0.066  38.351074    12.4586     6.0298     -0.065    32.9888    24.9405 -9.990e-29
 199.917905     -0.065  38.349151    12.4534     6.0201     -0.064    32.9916    24.9436 -9.990e-29
 199.917911     -0.063  38.348614    12.4511     6.0211     -0.062    32.9931    24.9452 -9.990e-29
 199.917917     -0.060  38.350416    12.4533     6.0196     -0.059    32.9929    24.9446 -9.990e-29
 199.917922     -0.056  38.354149    12.4572     6.0114     -0.056    32.9930    24.9440 -9.990e-29
 199.917928     -0.049  38.355253    12.4584     6.0063     -0.049    32.9930    24.9437 -9.990e-29
 199.917934     -0.041  38.352391    12.4561     6.0047     -0.041    32.9923    24.9436 -9.990e-29
 199.917940     -0.030  38.349025    12.4525     5.9925     -0.030    32.9922    24.9442 -9.990e-29
 199.917946     -0.020  38.346821    12.4495     5.9807     -0.020    32.9927    24.9452 -9.990e-29
 199.917951     -0.015  38.345632    12.4480     5.9807     -0.015    32.9929    24.9456 -9.990e-29
 199.917957     -0.014  38.345542    12.4484     5.9842     -0.014    32.9925    24.9452 -9.990e-29
 199.917963     -0.022  38.346982    12.4505     5.9928     -0.022    32.9920    24.9445 -9.990e-29
 199.917969     -0.038  38.348500    12.4534     6.0057     -0.038    32.9909    24.9431 -9.990e-29
 199.917975     -0.057  38.347069    12.4555     6.0068     -0.057    32.9877    24.9402 -9.990e-29
 199.917980     -0.073  38.343575    12.4565     6.0001     -0.072    32.9835    24.9367 -9.990e-29
 199.917986     -0.089  38.341755    12.4574     6.0036     -0.088    32.9810    24.9346 -9.990e-29
 199.917992     -0.106  38.342536    12.4589     5.9959     -0.105    32.9804    24.9339 -9.990e-29
 199.917998     -0.120  38.344149    12.4601     5.9826     -0.119    32.9809    24.9340 -9.990e-29
 199.918003     -0.123  38.344814    12.4600     5.9746     -0.122    32.9816    24.9346 -9.990e-29
 199.918009     -0.112  38.344288    12.4586     5.9717     -0.111    32.9823    24.9354 -9.990e-29
 199.918015     -0.090  38.343542    12.4569     5.9778     -0.089    32.9831    24.9363 -9.990e-29
 199.918021     -0.064  38.343255    12.4558     5.9978     -0.063    32.9838    24.9371 -9.990e-29
 199.918027     -0.041  38.343594    12.4560     5.9643     -0.041    32.9839    24.9372 -9.990e-29
 199.918032     -0.029  38.344439    12.4567     5.9949     -0.029    32.9841    24.9372 -9.990e-29
 199.918038     -0.030  38.345226    12.4567     6.0070     -0.030    32.9849    24.9378 -9.990e-29
 199.918044     -0.041  38.345314    12.4564     6.0115     -0.041    32.9852    24.9381 -9.990e-29
 199.918050     -0.053  38.344811    12.4563     6.0135     -0.053    32.9848    24.9378 -9.990e-29
 199.918056     -0.064  38.344160    12.4562     5.9412     -0.063    32.9843    24.9374 -9.990e-29
 199.918061     -0.069  38.343605    12.4561     5.9790     -0.068    32.9839    24.9371 -9.990e-29
 199.918067     -0.061  38.342956    12.4564     5.9921     -0.060    32.9830    24.9363 -9.990e-29
 199.918073     -0.038  38.341900    12.4572     5.9998     -0.038    32.9813    24.9348 -9.990e-29
 199.918079     -0.009  38.341261    12.4583     6.0095     -0.009    32.9797    24.9334 -9.990e-29
 199.918084      0.021  38.341858    12.4592     5.9931      0.021    32.9794    24.9331 -9.990e-29
 199.918090      0.045  38.342798    12.4592     5.9828      0.045    32.9803    24.9337 -9.990e-29
 199.918096      0.059  38.343643    12.4584     5.9829      0.059    32.9818    24.9351 -9.990e-29
 199.918102      0.065  38.344950    12.4579     5.9878      0.064    32.9835    24.9365 -9.990e-29
 199.918108      0.068  38.345652    12.4583     5.9891      0.067    32.9838    24.9366 -9.990e-29
 199.918113      0.072  38.344995    12.4590     5.9884      0.071    32.9826    24.9355 -9.990e-29
 199.918119      0.072  38.344334    12.4596     5.9863      0.071    32.9814    24.9345 -9.990e-29
 199.918125      0.066  38.343900    12.4601     5.9835      0.065    32.9806    24.9338 -9.990e-29
 199.918131      0.051  38.343105    12.4607     5.9849      0.051    32.9793    24.9327 -9.990e-29
 199.918137      0.033  38.342561    12.4611     6.0007      0.033    32.9784    24.9319 -9.990e-29
 199.918142      0.017  38.342654    12.4614     6.0099      0.017    32.9783    24.9317 -9.990e-29
 199.918148      0.007  38.342940    12.4616     5.9980      0.007    32.9784    24.9318 -9.990e-29
 199.918154      0.003  38.343231    12.4620     5.9854      0.003    32.9783    24.9316 -9.990e-29
 199.918160      0.005  38.343906    12.4621     5.9836      0.005    32.9789    24.9320 -9.990e-29
 199.918166      0.012  38.344734    12.4609     5.9851      0.012    32.9807    24.9337 -9.990e-29
 199.918171      0.025  38.345132    12.4587     5.9923      0.025    32.9830    24.9359 -9.990e-29
 199.918177      0.041  38.345061    12.4570     6.0003      0.041    32.9844    24.9373 -9.990e-29
 199.918183      0.051  38.344975    12.4567     6.0054      0.051    32.9846    24.9375 -9.990e-29
 199.918189      0.053  38.345311    12.4573     6.0067      0.053    32.9844    24.9373 -9.990e-29
 199.918194      0.046  38.345946    12.4582     6.0056      0.046    32.9842    24.9370 -9.990e-29
 199.918200      0.035  38.346598    12.4597     6.0012      0.035    32.9835    24.9361 -9.990e-29
 199.918206      0.026  38.347005    12.4611     5.9983      0.026    32.9827    24.9352 -9.990e-29
 199.918212      0.025  38.347144    12.4617     5.9653      0.025    32.9823    24.9348 -9.990e-29
 199.918218      0.030  38.346629    12.4617     5.9843      0.030    32.9818    24.9344 -9.990e-29
 199.918223      0.043  38.345325    12.4615     5.9901      0.043    32.9807    24.9336 -9.990e-29
 199.918229      0.059  38.344848    12.4615     5.9840      0.059    32.9803    24.9333 -9.990e-29
 199.918235      0.071  38.345671    12.4616     5.9968      0.070    32.9810    24.9338 -9.990e-29
 199.918241      0.076  38.346082    12.4616     5.9474      0.075    32.9813    24.9341 -9.990e-29
 199.918247      0.078  38.345496    12.4615     5.9941      0.077    32.9809    24.9337 -9.990e-29
 199.918252      0.081  38.344806    12.4615     6.0033      0.080    32.9802    24.9332 -9.990e-29
 199.918258      0.082  38.344765    12.4616     6.0141      0.081    32.9801    24.9331 -9.990e-29
 199.918264      0.076  38.345308    12.4616     6.0215      0.075    32.9806    24.9335 -9.990e-29
 199.918270      0.068  38.346030    12.4617     5.9997      0.067    32.9812    24.9340 -9.990e-29
 199.918275      0.064  38.346762    12.4615     5.9947      0.063    32.9821    24.9347 -9.990e-29
 199.918281      0.070  38.347351    12.4607     5.9971      0.069    32.9834    24.9358 -9.990e-29
 199.918287      0.081  38.348573    12.4594     5.9924      0.080    32.9857    24.9379 -9.990e-29
 199.918293      0.090  38.350370    12.4584     5.9920      0.089    32.9883    24.9401 -9.990e-29
 199.918299      0.093  38.351204    12.4577     6.0001      0.092    32.9897    24.9413 -9.990e-29
 199.918304      0.089  38.351432    12.4570     6.0063      0.088    32.9905    24.9421 -9.990e-29
 199.918310      0.079  38.351906    12.4561     5.9972      0.078    32.9918    24.9432 -9.990e-29
 199.918316      0.067  38.352475    12.4558     5.9935      0.066    32.9926    24.9439 -9.990e-29
 199.918322      0.060  38.352726    12.4562     5.9953      0.059    32.9925    24.9437 -9.990e-29
 199.918328      0.062  38.352194    12.4564     5.9970      0.061    32.9918    24.9432 -9.990e-29
 199.918333      0.073  38.351241    12.4559     6.0029      0.072    32.9913    24.9429 -9.990e-29
 199.918339      0.089  38.350789    12.4554     6.0014      0.088    32.9913    24.9430 -9.990e-29
 199.918345      0.100  38.351310    12.4554     6.0180      0.099    32.9918    24.9434 -9.990e-29
 199.918351      0.096  38.352328    12.4559     6.0155      0.095    32.9923    24.9437 -9.990e-29
 199.918356      0.082  38.352911    12.4570     6.0071      0.081    32.9919    24.9432 -9.990e-29
 199.918362      0.066  38.352669    12.4580     6.0016      0.065    32.9908    24.9421 -9.990e-29
 199.918368      0.054  38.351792    12.4581     6.0009      0.054    32.9899    24.9414 -9.990e-29
 199.918374      0.051  38.349625    12.4576     6.0067      0.051    32.9883    24.9402 -9.990e-29
 199.918380      0.057  38.348273    12.4570     6.0031      0.057    32.9875    24.9397 -9.990e-29
 199.918385      0.068  38.350370    12.4568     6.0001      0.067    32.9897    24.9415 -9.990e-29
 199.918391      0.075  38.352499    12.4574     5.9968      0.074    32.9912    24.9425 -9.990e-29
 199.918397      0.075  38.352406    12.4587     5.9912      0.074    32.9900    24.9413 -9.990e-29
 199.918403      0.072  38.351601    12.4606     5.9991      0.071    32.9875    24.9391 -9.990e-29
 199.918409      0.070  38.351204    12.4624     6.0000      0.069    32.9856    24.9372 -9.990e-29
 199.918414      0.069  38.351201    12.4632     6.0002      0.068    32.9849    24.9365 -9.990e-29
 199.918420      0.074  38.350419    12.4631     6.0015      0.073    32.9842    24.9360 -9.990e-29
 199.918426      0.084  38.350010    12.4629     5.9587      0.083    32.9840    24.9359 -9.990e-29
 199.918432      0.092  38.351620    12.4632     5.9958      0.091    32.9852    24.9368 -9.990e-29
 199.918438      0.093  38.353426    12.4643     6.0126      0.092    32.9860    24.9372 -9.990e-29
 199.918443      0.089  38.354426    12.4662     6.0099      0.088    32.9853    24.9363 -9.990e-29
 199.918449      0.079  38.355907    12.4684     6.0075      0.078    32.9848    24.9354 -9.990e-29
 199.918455      0.066  38.358113    12.4706     5.9783      0.065    32.9850    24.9352 -9.990e-29
 199.918461      0.058  38.360579    12.4740     5.9896      0.058    32.9844    24.9340 -9.990e-29
 199.918466      0.058  38.364302    12.4791     5.9928      0.058    32.9834    24.9323 -9.990e-29
 199.918472      0.068  38.370277    12.4844     5.9956      0.067    32.9845    24.9321 -9.990e-29
 199.918478      0.083  38.375777    12.4882     5.9951      0.082    32.9864    24.9329 -9.990e-29
 199.918484      0.095  38.378565    12.4898     6.0041      0.094    32.9877    24.9336 -9.990e-29
 199.918490      0.102  38.380068    12.4892     6.0028      0.101    32.9896    24.9352 -9.990e-29
 199.918495      0.103  38.380561    12.4874     6.0011      0.102    32.9917    24.9372 -9.990e-29
 199.918501      0.099  38.380094    12.4859     5.9984      0.098    32.9926    24.9381 -9.990e-29
