data/oxygen options/OCNMS/OCNMS1/raw_data/2023/CAST_CA015_230831faed.cnv
* Sea-Bird SBE 19 Data File:
* FileName = C:\Users\OCNMS.Inst\Documents\2023 Mooring Data\Casts\CAST_CA015_230831.hex
* Software Version SeatermAF 2.1.4.55
* Temperature SN = 2997
* Conductivity SN = 2997
* System UpLoad Time = Aug 31 2023 23:14:30 (localtime) = Aug 31 2023 23:14:30 (UTC)
** CAST_CA015_230831
* ds
# nquan = 9                                 
# nvalues = 827                         
# units = specified
# name 0 = timeJ: Julian Days
# name 1 = prSM: Pressure, Strain Gauge [db]
# name 2 = c0mS/cm: Conductivity [mS/cm]
# name 3 = t090C: Temperature [ITS-90, deg C]
# name 4 = sbeox0ML/L: Oxygen, SBE 43 [ml/l]
# name 5 = depSM: Depth [salt water, m], lat = 47.5
# name 6 = sal00: Salinity, Practical [PSU]
# name 7 = sigma-é00: Density [sigma-theta, kg/m^3]
# name 8 = flag: flag
# span 0 = 243.836701, 243.841481       
# span 1 =     -5.979,     11.241       
# span 2 =   0.526603,  39.548592       
# span 3 =     9.2145,    15.9861       
# span 4 =    -1.8127,    13.2732       
# span 5 =     -5.929,     11.147       
# span 6 =     0.3126,    33.9723       
# span 7 =    -0.8082,    25.8790       
# span 8 = 0.0000e+00, 0.0000e+00       
# interval = seconds: 0.5
# start_time = Aug 31 2023 20:04:51 [Instrument's time stamp, header]
# bad_flag = -9.990e-29
*END*
[from data line 161]
 243.837633     -2.766   0.545382    15.6393    -1.7999     -2.743     0.3255    -0.7459 -9.990e-29
 243.837639     -2.754   0.545813    15.6352    -1.7995     -2.731     0.3258    -0.7450 -9.990e-29
 243.837645     -2.741   0.545812    15.6276    -1.7988     -2.718     0.3259    -0.7438 -9.990e-29
 243.837650     -2.725   0.545378    15.6195    -1.7985     -2.702     0.3257    -0.7426 -9.990e-29
 243.837656     -2.707   0.545040    15.6132    -1.7984     -2.684     0.3255    -0.7418 -9.990e-29
 243.837662     -2.688   0.544903    15.6094    -1.7987     -2.666     0.3255    -0.7412 -9.990e-29
 243.837668     -2.672   0.544785    15.6101    -1.7991     -2.650     0.3254    -0.7414 -9.990e-29
 243.837674     -2.659   0.544527    15.6165    -1.7995     -2.637     0.3252    -0.7425 -9.990e-29
 243.837679     -2.646   0.544340    15.6266    -1.8000     -2.624     0.3250    -0.7443 -9.990e-29
 243.837685     -2.630   0.544527    15.6377    -1.8000     -2.608     0.3250    -0.7460 -9.990e-29
 243.837691     -2.608   0.544782    15.6493    -1.8001     -2.586     0.3251    -0.7478 -9.990e-29
 243.837697     -2.589   0.544891    15.6606    -1.8001     -2.567     0.3251    -0.7496 -9.990e-29
 243.837703     -2.574   0.544999    15.6682    -1.7997     -2.553     0.3251    -0.7509 -9.990e-29
 243.837708     -2.564   0.545250    15.6699    -1.7990     -2.543     0.3252    -0.7510 -9.990e-29
 243.837714     -2.558   0.545424    15.6657    -1.7984     -2.537     0.3253    -0.7502 -9.990e-29
 243.837720     -2.555   0.545199    15.6578    -1.7980     -2.534     0.3253    -0.7490 -9.990e-29
 243.837726     -2.551   0.544830    15.6487    -1.7971     -2.530     0.3251    -0.7477 -9.990e-29
 243.837731     -2.542   0.544379    15.6410    -1.7962     -2.521     0.3249    -0.7467 -9.990e-29
 243.837737     -2.530   0.543797    15.6367    -1.7957     -2.509     0.3246    -0.7462 -9.990e-29
 243.837743     -2.520   0.543418    15.6358    -1.7956     -2.499     0.3243    -0.7463 -9.990e-29
 243.837749     -2.511   0.543292    15.6393    -1.7958     -2.490     0.3242    -0.7469 -9.990e-29
 243.837755     -2.502   0.543251    15.6487    -1.7961     -2.481     0.3241    -0.7485 -9.990e-29
 243.837760     -2.492   0.543237    15.6623    -1.7966     -2.471     0.3240    -0.7507 -9.990e-29
 243.837766     -2.482   0.543232    15.6773    -1.7966     -2.461     0.3239    -0.7532 -9.990e-29
 243.837772     -2.471   0.543229    15.6939    -1.7963     -2.450     0.3238    -0.7559 -9.990e-29
 243.837778     -2.457   0.543224    15.7129    -1.7961     -2.437     0.3236    -0.7591 -9.990e-29
 243.837784     -2.439   0.543210    15.7311    -1.7959     -2.419     0.3235    -0.7621 -9.990e-29
 243.837789     -2.418   0.543169    15.7435    -1.7957     -2.398     0.3234    -0.7642 -9.990e-29
 243.837795     -2.395   0.543046    15.7483    -1.7953     -2.375     0.3232    -0.7651 -9.990e-29
 243.837801     -2.374   0.542676    15.7467    -1.7949     -2.354     0.3230    -0.7650 -9.990e-29
 243.837807     -2.353   0.542122    15.7411    -1.7949     -2.333     0.3227    -0.7643 -9.990e-29
 243.837813     -2.336   0.541753    15.7352    -1.7948     -2.317     0.3225    -0.7635 -9.990e-29
 243.837818     -2.324   0.541630    15.7336    -1.7947     -2.305     0.3225    -0.7633 -9.990e-29
 243.837824     -2.314   0.541589    15.7371    -1.7947     -2.295     0.3224    -0.7639 -9.990e-29
 243.837830     -2.300   0.541575    15.7427    -1.7948     -2.281     0.3224    -0.7648 -9.990e-29
 243.837836     -2.286   0.541571    15.7487    -1.7946     -2.267     0.3223    -0.7658 -9.990e-29
 243.837841     -2.275   0.541569    15.7554    -1.7943     -2.256     0.3223    -0.7669 -9.990e-29
 243.837847     -2.266   0.541567    15.7630    -1.7943     -2.247     0.3222    -0.7682 -9.990e-29
 243.837853     -2.259   0.541562    15.7694    -1.7942     -2.240     0.3222    -0.7693 -9.990e-29
 243.837859     -2.253   0.541548    15.7733    -1.7940     -2.234     0.3221    -0.7699 -9.990e-29
 243.837865     -2.249   0.541507    15.7759    -1.7936     -2.230     0.3221    -0.7704 -9.990e-29
 243.837870     -2.245   0.541384    15.7779    -1.7930     -2.226     0.3220    -0.7708 -9.990e-29
 243.837876     -2.241   0.541015    15.7793    -1.7924     -2.222     0.3218    -0.7712 -9.990e-29
 243.837882     -2.238   0.540461    15.7809    -1.7919     -2.219     0.3214    -0.7717 -9.990e-29
 243.837888     -2.236   0.540092    15.7840    -1.7914     -2.217     0.3212    -0.7724 -9.990e-29
 243.837894     -2.233   0.539969    15.7878    -1.7909     -2.214     0.3210    -0.7731 -9.990e-29
 243.837899     -2.229   0.539928    15.7912    -1.7905     -2.210     0.3210    -0.7737 -9.990e-29
 243.837905     -2.226   0.539914    15.7954    -1.7902     -2.207     0.3210    -0.7744 -9.990e-29
 243.837911     -2.221   0.539909    15.8025    -1.7898     -2.202     0.3209    -0.7756 -9.990e-29
 243.837917     -2.216   0.539906    15.8131    -1.7895     -2.198     0.3208    -0.7773 -9.990e-29
 243.837922     -2.209   0.539901    15.8267    -1.7894     -2.191     0.3207    -0.7796 -9.990e-29
 243.837928     -2.200   0.539887    15.8416    -1.7895     -2.182     0.3206    -0.7821 -9.990e-29
 243.837934     -2.189   0.539846    15.8559    -1.7893     -2.171     0.3204    -0.7845 -9.990e-29
 243.837940     -2.175   0.539723    15.8691    -1.7887     -2.157     0.3203    -0.7868 -9.990e-29
 243.837946     -2.162   0.539353    15.8813    -1.7886     -2.144     0.3199    -0.7890 -9.990e-29
 243.837951     -2.152   0.538797    15.8924    -1.7885     -2.134     0.3195    -0.7911 -9.990e-29
 243.837957     -2.141   0.538423    15.9025    -1.7880     -2.123     0.3192    -0.7930 -9.990e-29
 243.837963     -2.128   0.538287    15.9114    -1.7879     -2.110     0.3191    -0.7946 -9.990e-29
 243.837969     -2.122   0.538206    15.9183    -1.7878     -2.104     0.3190    -0.7958 -9.990e-29
 243.837975     -2.120   0.538074    15.9228    -1.7874     -2.102     0.3188    -0.7966 -9.990e-29
 243.837980     -2.116   0.537714    15.9264    -1.7871     -2.098     0.3186    -0.7974 -9.990e-29
 243.837986     -2.104   0.537199    15.9323    -1.7871     -2.086     0.3182    -0.7986 -9.990e-29
 243.837992     -2.087   0.536952    15.9401    -1.7871     -2.070     0.3180    -0.8000 -9.990e-29
 243.837998     -2.070   0.537198    15.9470    -1.7873     -2.053     0.3181    -0.8011 -9.990e-29
 243.838003     -2.050   0.537710    15.9533    -1.7875     -2.033     0.3184    -0.8019 -9.990e-29
 243.838009     -2.032   0.538062    15.9601    -1.7876     -2.015     0.3186    -0.8029 -9.990e-29
 243.838015     -2.018   0.538167    15.9662    -1.7876     -2.001     0.3186    -0.8039 -9.990e-29
 243.838021     -2.006   0.538166    15.9718    -1.7874     -1.989     0.3185    -0.8048 -9.990e-29
 243.838027     -1.997   0.538056    15.9780    -1.7872     -1.980     0.3184    -0.8059 -9.990e-29
 243.838032     -1.990   0.537690    15.9831    -1.7871     -1.973     0.3182    -0.8069 -9.990e-29
 243.838038     -1.985   0.537137    15.9852    -1.7871     -1.968     0.3178    -0.8076 -9.990e-29
 243.838044     -1.980   0.536768    15.9847    -1.7873     -1.963     0.3176    -0.8076 -9.990e-29
 243.838050     -1.977   0.536645    15.9822    -1.7876     -1.961     0.3175    -0.8073 -9.990e-29
 243.838056     -1.974   0.536603    15.9789    -1.7879     -1.958     0.3175    -0.8067 -9.990e-29
 243.838061     -1.971   0.536585    15.9772    -1.7881     -1.955     0.3175    -0.8065 -9.990e-29
 243.838067     -1.969   0.536568    15.9781    -1.7884     -1.953     0.3175    -0.8066 -9.990e-29
 243.838073     -1.966   0.536530    15.9812    -1.7886     -1.950     0.3175    -0.8072 -9.990e-29
 243.838079     -1.964   0.536420    15.9846    -1.7890     -1.948     0.3174    -0.8078 -9.990e-29
 243.838084     -1.961   0.536091    15.9861    -1.7896     -1.945     0.3172    -0.8082 -9.990e-29
 243.838090     -1.958   0.535658    15.9845    -1.7899     -1.942     0.3169    -0.8081 -9.990e-29
 243.838096     -1.954   0.535652    15.9803    -1.7901     -1.938     0.3169    -0.8074 -9.990e-29
 243.838102     -1.949   0.536063    15.9743    -1.7911     -1.933     0.3172    -0.8062 -9.990e-29
 243.838108     -1.943   0.536332    15.9674    -1.7922     -1.927     0.3174    -0.8049 -9.990e-29
 243.838113     -1.935   0.536262    15.9603    -1.7930     -1.919     0.3175    -0.8038 -9.990e-29
 243.838119     -1.925   0.535945    15.9532    -1.7934     -1.909     0.3173    -0.8027 -9.990e-29
 243.838125     -1.913   0.535512    15.9454    -1.7935     -1.897     0.3171    -0.8016 -9.990e-29
 243.838131     -1.897   0.535125    15.9356    -1.7937     -1.881     0.3169    -0.8001 -9.990e-29
 243.838137     -1.881   0.534825    15.9242    -1.7937     -1.865     0.3169    -0.7984 -9.990e-29
 243.838142     -1.872   0.534396    15.9126    -1.7939     -1.856     0.3167    -0.7966 -9.990e-29
 243.838148     -1.869   0.533821    15.8984    -1.7943     -1.853     0.3164    -0.7945 -9.990e-29
 243.838154     -1.865   0.533445    15.8785    -1.7948     -1.849     0.3164    -0.7913 -9.990e-29
 243.838160     -1.855   0.533319    15.8559    -1.7948     -1.840     0.3165    -0.7876 -9.990e-29
 243.838166     -1.841   0.533277    15.8366    -1.7944     -1.826     0.3166    -0.7844 -9.990e-29
 243.838171     -1.832   0.533263    15.8236    -1.7941     -1.817     0.3167    -0.7822 -9.990e-29
 243.838177     -1.828   0.533258    15.8166    -1.7940     -1.813     0.3167    -0.7811 -9.990e-29
 243.838183     -1.819   0.533255    15.8128    -1.7939     -1.804     0.3167    -0.7804 -9.990e-29
 243.838189     -1.805   0.533253    15.8091    -1.7938     -1.790     0.3168    -0.7798 -9.990e-29
 243.838194     -1.793   0.533248    15.8032    -1.7945     -1.778     0.3168    -0.7788 -9.990e-29
 243.838200     -1.788   0.533235    15.7949    -1.7950     -1.773     0.3169    -0.7775 -9.990e-29
 243.838206     -1.783   0.533197    15.7883    -1.7957     -1.768     0.3169    -0.7764 -9.990e-29
 243.838212     -1.776   0.533082    15.7873    -1.7965     -1.761     0.3168    -0.7763 -9.990e-29
 243.838218     -1.769   0.532739    15.7916    -1.7964     -1.754     0.3166    -0.7771 -9.990e-29
 243.838223     -1.763   0.532267    15.7973    -1.7958     -1.748     0.3163    -0.7783 -9.990e-29
 243.838229     -1.752   0.532144    15.8012    -1.7951     -1.737     0.3161    -0.7790 -9.990e-29
 243.838235     -1.740   0.532205    15.8021    -1.7944     -1.725     0.3162    -0.7791 -9.990e-29
 243.838241     -1.731   0.531979    15.7983    -1.7944     -1.717     0.3161    -0.7786 -9.990e-29
 243.838247     -1.724   0.531719    15.7885    -1.7955     -1.710     0.3160    -0.7771 -9.990e-29
 243.838252     -1.719   0.531635    15.7750    -1.7962     -1.705     0.3160    -0.7749 -9.990e-29
 243.838258     -1.715   0.531615    15.7603    -1.7966     -1.701     0.3161    -0.7725 -9.990e-29
 243.838264     -1.712   0.531632    15.7494    -1.7969     -1.698     0.3162    -0.7706 -9.990e-29
 243.838270     -1.710   0.531710    15.7488    -1.7966     -1.696     0.3163    -0.7705 -9.990e-29
 243.838275     -1.708   0.531955    15.7581    -1.7962     -1.694     0.3164    -0.7719 -9.990e-29
 243.838281     -1.708   0.532139    15.7709    -1.7957     -1.694     0.3164    -0.7740 -9.990e-29
 243.838287     -1.708   0.531953    15.7797    -1.7956     -1.694     0.3162    -0.7755 -9.990e-29
 243.838293     -1.708   0.531703    15.7772    -1.7957     -1.694     0.3161    -0.7752 -9.990e-29
 243.838299     -1.710   0.531611    15.7642    -1.7955     -1.696     0.3161    -0.7731 -9.990e-29
 243.838304     -1.712   0.531556    15.7492    -1.7956     -1.698     0.3162    -0.7707 -9.990e-29
 243.838310     -1.715   0.531464    15.7384    -1.7958     -1.701     0.3162    -0.7689 -9.990e-29
 243.838316     -1.714   0.531214    15.7344    -1.7958     -1.700     0.3161    -0.7684 -9.990e-29
 243.838322     -1.707   0.531028    15.7377    -1.7958     -1.693     0.3159    -0.7690 -9.990e-29
 243.838328     -1.695   0.531212    15.7456    -1.7953     -1.681     0.3160    -0.7702 -9.990e-29
 243.838333     -1.684   0.531458    15.7536    -1.7945     -1.670     0.3161    -0.7714 -9.990e-29
 243.838339     -1.671   0.531540    15.7582    -1.7938     -1.657     0.3161    -0.7722 -9.990e-29
 243.838345     -1.661   0.531567    15.7594    -1.7934     -1.647     0.3161    -0.7723 -9.990e-29
 243.838351     -1.657   0.531575    15.7597    -1.7934     -1.643     0.3161    -0.7724 -9.990e-29
 243.838356     -1.655   0.531576    15.7589    -1.7933     -1.641     0.3161    -0.7723 -9.990e-29
 243.838362     -1.650   0.531573    15.7576    -1.7932     -1.636     0.3161    -0.7720 -9.990e-29
 243.838368     -1.642   0.531560    15.7582    -1.7929     -1.628     0.3161    -0.7721 -9.990e-29
 243.838374     -1.635   0.531522    15.7628    -1.7926     -1.621     0.3161    -0.7729 -9.990e-29
 243.838380     -1.633   0.531409    15.7735    -1.7922     -1.619     0.3159    -0.7748 -9.990e-29
 243.838385     -1.631   0.531069    15.7888    -1.7917     -1.617     0.3156    -0.7775 -9.990e-29
 243.838391     -1.624   0.530606    15.8036    -1.7914     -1.610     0.3152    -0.7802 -9.990e-29
 243.838397     -1.617   0.530511    15.8136    -1.7914     -1.604     0.3151    -0.7819 -9.990e-29
 243.838403     -1.614   0.530659    15.8192    -1.7913     -1.601     0.3151    -0.7827 -9.990e-29
 243.838409     -1.609   0.530693    15.8233    -1.7910     -1.596     0.3151    -0.7834 -9.990e-29
 243.838414     -1.603   0.530658    15.8282    -1.7912     -1.590     0.3150    -0.7842 -9.990e-29
 243.838420     -1.599   0.530509    15.8350    -1.7913     -1.586     0.3149    -0.7854 -9.990e-29
 243.838426     -1.593   0.530601    15.8437    -1.7914     -1.580     0.3149    -0.7869 -9.990e-29
 243.838432     -1.585   0.531058    15.8534    -1.7923     -1.572     0.3151    -0.7883 -9.990e-29
 243.838438     -1.579   0.531383    15.8631    -1.7927     -1.566     0.3152    -0.7897 -9.990e-29
 243.838443     -1.569   0.531454    15.8706    -1.7928     -1.556     0.3152    -0.7910 -9.990e-29
 243.838449     -1.555   0.531365    15.8749    -1.7928     -1.542     0.3151    -0.7917 -9.990e-29
 243.838455     -1.540   0.530998    15.8783    -1.7923     -1.527     0.3149    -0.7925 -9.990e-29
 243.838461     -1.524   0.530420    15.8806    -1.7918     -1.511     0.3145    -0.7931 -9.990e-29
 243.838466     -1.510   0.529969    15.8799    -1.7913     -1.497     0.3142    -0.7932 -9.990e-29
 243.838472     -1.501   0.529599    15.8759    -1.7909     -1.488     0.3140    -0.7927 -9.990e-29
 243.838478     -1.496   0.529373    15.8677    -1.7904     -1.484     0.3139    -0.7914 -9.990e-29
 243.838484     -1.491   0.529544    15.8560    -1.7904     -1.479     0.3141    -0.7894 -9.990e-29
 243.838490     -1.482   0.529785    15.8464    -1.7916     -1.470     0.3144    -0.7877 -9.990e-29
 243.838495     -1.472   0.529864    15.8425    -1.7922     -1.460     0.3144    -0.7870 -9.990e-29
 243.838501     -1.465   0.529886    15.8452    -1.7926     -1.453     0.3144    -0.7874 -9.990e-29
 243.838507     -1.460   0.529881    15.8539    -1.7932     -1.448     0.3144    -0.7889 -9.990e-29
 243.838513     -1.456   0.529842    15.8657    -1.7934     -1.444     0.3143    -0.7909 -9.990e-29
 243.838519     -1.455   0.529719    15.8773    -1.7930     -1.443     0.3141    -0.7929 -9.990e-29
 243.838524     -1.455   0.529350    15.8870    -1.7928     -1.443     0.3138    -0.7947 -9.990e-29
 243.838530     -1.457   0.528798    15.8918    -1.7924     -1.445     0.3134    -0.7958 -9.990e-29
 243.838536     -1.461   0.528434    15.8868    -1.7929     -1.449     0.3132    -0.7951 -9.990e-29
 243.838542     -1.463   0.528329    15.8726    -1.7940     -1.451     0.3133    -0.7928 -9.990e-29
 243.838547     -1.458   0.528342    15.8570    -1.7952     -1.446     0.3134    -0.7901 -9.990e-29
