data/oxygen options/OCNMS/OCNMS1/raw_data/2023/CAST_TH042_230929faed.cnv
* Sea-Bird SBE 19 Data File:
* FileName = C:\Users\OCNMS.Inst\Documents\2023 Mooring Data\Casts\CAST_TH042_230929.hex
* Software Version SeatermAF 2.1.4.55
* Temperature SN = 2997
* Conductivity SN = 2997
* System UpLoad Time = Sep 29 2023 22:28:33 (localtime) = Sep 29 2023 22:28:33 (UTC)
** CAST_TH042_230929
* ds
# nquan = 9                                 
# nvalues = 1315                        
# units = specified
# name 0 = timeJ: Julian Days
# name 1 = prSM: Pressure, Strain Gauge [db]
# name 2 = c0mS/cm: Conductivity [mS/cm]
# name 3 = t090C: Temperature [ITS-90, deg C]
# name 4 = sbeox0ML/L: Oxygen, SBE 43 [ml/l]
# name 5 = depSM: Depth [salt water, m], lat = 47.5
# name 6 = sal00: Salinity, Practical [PSU]
# name 7 = sigma-é00: Density [sigma-theta, kg/m^3]
# name 8 = flag: flag
# span 0 = 272.802350, 272.809954       
# span 1 =     -6.187,     41.618       
# span 2 =   0.507131,  38.683278       
# span 3 =    12.2897,    14.3113       
# span 4 =    -1.8753,    12.4701       
# span 5 =     -6.135,     41.266       
# span 6 =     0.3121,    31.9986       
# span 7 =    -0.5523,    23.8892       
# span 8 = 0.0000e+00, 0.0000e+00       
# interval = seconds: 0.5
# start_time = Sep 29 2023 19:15:23 [Instrument's time stamp, header]
# bad_flag = -9.990e-29
*END*
[from data line 161]
 272.803281     -2.780   0.508859    14.1444    -1.8571     -2.757     0.3144    -0.5299 -9.990e-29
 272.803287     -2.772   0.508858    14.1406    -1.8569     -2.749     0.3144    -0.5293 -9.990e-29
 272.803293     -2.763   0.508857    14.1414    -1.8567     -2.740     0.3144    -0.5295 -9.990e-29
 272.803299     -2.753   0.508856    14.1468    -1.8563     -2.730     0.3143    -0.5303 -9.990e-29
 272.803304     -2.742   0.508855    14.1529    -1.8563     -2.719     0.3143    -0.5312 -9.990e-29
 272.803310     -2.729   0.508855    14.1573    -1.8555     -2.706     0.3142    -0.5318 -9.990e-29
 272.803316     -2.717   0.508854    14.1599    -1.8557     -2.694     0.3142    -0.5322 -9.990e-29
 272.803322     -2.709   0.508853    14.1613    -1.8562     -2.686     0.3142    -0.5324 -9.990e-29
 272.803328     -2.702   0.508852    14.1621    -1.8567     -2.679     0.3142    -0.5325 -9.990e-29
 272.803333     -2.690   0.508852    14.1635    -1.8574     -2.668     0.3142    -0.5327 -9.990e-29
 272.803339     -2.677   0.508851    14.1665    -1.8578     -2.655     0.3142    -0.5332 -9.990e-29
 272.803345     -2.671   0.508850    14.1713    -1.8582     -2.649     0.3141    -0.5339 -9.990e-29
 272.803351     -2.671   0.508849    14.1773    -1.8586     -2.649     0.3141    -0.5348 -9.990e-29
 272.803356     -2.664   0.508848    14.1841    -1.8594     -2.642     0.3140    -0.5358 -9.990e-29
 272.803362     -2.645   0.508848    14.1897    -1.8602     -2.623     0.3140    -0.5366 -9.990e-29
 272.803368     -2.623   0.508847    14.1890    -1.8607     -2.601     0.3140    -0.5365 -9.990e-29
 272.803374     -2.600   0.508846    14.1811    -1.8610     -2.578     0.3141    -0.5353 -9.990e-29
 272.803380     -2.578   0.508845    14.1690    -1.8610     -2.557     0.3142    -0.5335 -9.990e-29
 272.803385     -2.560   0.508845    14.1558    -1.8613     -2.539     0.3143    -0.5316 -9.990e-29
 272.803391     -2.547   0.508844    14.1438    -1.8620     -2.526     0.3143    -0.5298 -9.990e-29
 272.803397     -2.535   0.508843    14.1326    -1.8626     -2.514     0.3144    -0.5282 -9.990e-29
 272.803403     -2.526   0.508842    14.1198    -1.8628     -2.505     0.3145    -0.5263 -9.990e-29
 272.803409     -2.518   0.508841    14.1043    -1.8630     -2.497     0.3147    -0.5240 -9.990e-29
 272.803414     -2.511   0.508841    14.0887    -1.8629     -2.490     0.3148    -0.5217 -9.990e-29
 272.803420     -2.503   0.508840    14.0761    -1.8628     -2.482     0.3149    -0.5199 -9.990e-29
 272.803426     -2.496   0.508839    14.0676    -1.8630     -2.475     0.3149    -0.5186 -9.990e-29
 272.803432     -2.488   0.508838    14.0610    -1.8632     -2.467     0.3150    -0.5177 -9.990e-29
 272.803437     -2.479   0.508838    14.0522    -1.8634     -2.458     0.3151    -0.5164 -9.990e-29
 272.803443     -2.469   0.508837    14.0405    -1.8636     -2.448     0.3151    -0.5147 -9.990e-29
 272.803449     -2.456   0.508836    14.0296    -1.8635     -2.436     0.3152    -0.5131 -9.990e-29
 272.803455     -2.440   0.508835    14.0222    -1.8635     -2.420     0.3153    -0.5120 -9.990e-29
 272.803461     -2.424   0.508835    14.0183    -1.8634     -2.404     0.3153    -0.5114 -9.990e-29
 272.803466     -2.411   0.508834    14.0171    -1.8630     -2.391     0.3153    -0.5112 -9.990e-29
 272.803472     -2.396   0.508833    14.0166    -1.8626     -2.376     0.3153    -0.5112 -9.990e-29
 272.803478     -2.379   0.508832    14.0144    -1.8624     -2.359     0.3153    -0.5108 -9.990e-29
 272.803484     -2.367   0.508832    14.0103    -1.8622     -2.347     0.3154    -0.5102 -9.990e-29
 272.803490     -2.362   0.508831    14.0062    -1.8622     -2.342     0.3154    -0.5096 -9.990e-29
 272.803495     -2.362   0.508830    14.0041    -1.8626     -2.342     0.3154    -0.5093 -9.990e-29
 272.803501     -2.361   0.508829    14.0039    -1.8630     -2.341     0.3154    -0.5093 -9.990e-29
 272.803507     -2.363   0.508828    14.0050    -1.8631     -2.343     0.3154    -0.5095 -9.990e-29
 272.803513     -2.369   0.508828    14.0087    -1.8632     -2.349     0.3154    -0.5100 -9.990e-29
 272.803519     -2.371   0.508827    14.0152    -1.8634     -2.351     0.3153    -0.5110 -9.990e-29
 272.803524     -2.364   0.508826    14.0222    -1.8635     -2.344     0.3153    -0.5120 -9.990e-29
 272.803530     -2.348   0.508825    14.0280    -1.8636     -2.328     0.3152    -0.5128 -9.990e-29
 272.803536     -2.326   0.508825    14.0314    -1.8638     -2.307     0.3152    -0.5133 -9.990e-29
 272.803542     -2.306   0.508824    14.0303    -1.8635     -2.287     0.3152    -0.5132 -9.990e-29
 272.803547     -2.290   0.508823    14.0249    -1.8634     -2.271     0.3153    -0.5124 -9.990e-29
 272.803553     -2.278   0.508822    14.0188    -1.8632     -2.259     0.3153    -0.5115 -9.990e-29
 272.803559     -2.268   0.508821    14.0143    -1.8630     -2.249     0.3153    -0.5108 -9.990e-29
 272.803565     -2.260   0.508821    14.0106    -1.8625     -2.241     0.3154    -0.5103 -9.990e-29
 272.803571     -2.254   0.508820    14.0069    -1.8619     -2.235     0.3154    -0.5098 -9.990e-29
 272.803576     -2.249   0.508819    14.0036    -1.8614     -2.230     0.3154    -0.5093 -9.990e-29
 272.803582     -2.244   0.508818    14.0011    -1.8611     -2.225     0.3154    -0.5089 -9.990e-29
 272.803588     -2.240   0.508818    14.0007    -1.8602     -2.221     0.3154    -0.5089 -9.990e-29
 272.803594     -2.236   0.508817    14.0032    -1.8591     -2.217     0.3154    -0.5092 -9.990e-29
 272.803600     -2.232   0.508816    14.0075    -1.8588     -2.213     0.3154    -0.5098 -9.990e-29
 272.803605     -2.227   0.508815    14.0126    -1.8590     -2.208     0.3153    -0.5106 -9.990e-29
 272.803611     -2.222   0.508814    14.0197    -1.8590     -2.203     0.3153    -0.5116 -9.990e-29
 272.803617     -2.217   0.508814    14.0299    -1.8588     -2.199     0.3152    -0.5131 -9.990e-29
 272.803623     -2.209   0.508813    14.0421    -1.8586     -2.191     0.3151    -0.5149 -9.990e-29
 272.803628     -2.200   0.508811    14.0549    -1.8581     -2.182     0.3150    -0.5168 -9.990e-29
 272.803634     -2.189   0.508809    14.0692    -1.8570     -2.171     0.3149    -0.5189 -9.990e-29
 272.803640     -2.179   0.508803    14.0863    -1.8559     -2.161     0.3148    -0.5214 -9.990e-29
 272.803646     -2.174   0.508789    14.1028    -1.8553     -2.156     0.3146    -0.5238 -9.990e-29
 272.803652     -2.169   0.508748    14.1128    -1.8548     -2.151     0.3145    -0.5253 -9.990e-29
 272.803657     -2.160   0.508626    14.1167    -1.8544     -2.142     0.3144    -0.5259 -9.990e-29
 272.803663     -2.146   0.508260    14.1195    -1.8546     -2.128     0.3142    -0.5265 -9.990e-29
 272.803669     -2.130   0.507718    14.1242    -1.8550     -2.112     0.3138    -0.5275 -9.990e-29
 272.803675     -2.116   0.507388    14.1325    -1.8550     -2.098     0.3135    -0.5289 -9.990e-29
 272.803681     -2.103   0.507387    14.1465    -1.8546     -2.085     0.3134    -0.5309 -9.990e-29
 272.803686     -2.091   0.507715    14.1665    -1.8542     -2.074     0.3134    -0.5337 -9.990e-29
 272.803692     -2.077   0.508255    14.1875    -1.8541     -2.060     0.3136    -0.5366 -9.990e-29
 272.803698     -2.062   0.508620    14.2048    -1.8543     -2.045     0.3137    -0.5389 -9.990e-29
 272.803704     -2.044   0.508740    14.2173    -1.8540     -2.027     0.3137    -0.5407 -9.990e-29
 272.803709     -2.026   0.508778    14.2237    -1.8537     -2.009     0.3137    -0.5417 -9.990e-29
 272.803715     -2.013   0.508786    14.2239    -1.8534     -1.996     0.3137    -0.5417 -9.990e-29
 272.803721     -2.002   0.508776    14.2221    -1.8533     -1.985     0.3137    -0.5414 -9.990e-29
 272.803727     -1.994   0.508736    14.2234    -1.8532     -1.977     0.3137    -0.5416 -9.990e-29
 272.803733     -1.987   0.508613    14.2287    -1.8531     -1.970     0.3135    -0.5425 -9.990e-29
 272.803738     -1.981   0.508242    14.2345    -1.8532     -1.964     0.3133    -0.5435 -9.990e-29
 272.803744     -1.976   0.507687    14.2376    -1.8528     -1.960     0.3129    -0.5443 -9.990e-29
 272.803750     -1.971   0.507317    14.2392    -1.8525     -1.955     0.3126    -0.5447 -9.990e-29
 272.803756     -1.967   0.507193    14.2429    -1.8525     -1.951     0.3125    -0.5453 -9.990e-29
 272.803762     -1.963   0.507151    14.2486    -1.8523     -1.947     0.3125    -0.5462 -9.990e-29
 272.803767     -1.958   0.507137    14.2541    -1.8521     -1.942     0.3124    -0.5470 -9.990e-29
 272.803773     -1.953   0.507133    14.2582    -1.8520     -1.937     0.3124    -0.5476 -9.990e-29
 272.803779     -1.946   0.507131    14.2613    -1.8519     -1.930     0.3123    -0.5481 -9.990e-29
 272.803785     -1.939   0.507131    14.2639    -1.8523     -1.923     0.3123    -0.5485 -9.990e-29
 272.803791     -1.929   0.507131    14.2670    -1.8529     -1.913     0.3123    -0.5489 -9.990e-29
 272.803796     -1.921   0.507131    14.2719    -1.8537     -1.905     0.3123    -0.5496 -9.990e-29
 272.803802     -1.919   0.507132    14.2772    -1.8545     -1.903     0.3122    -0.5504 -9.990e-29
 272.803808     -1.918   0.507132    14.2814    -1.8556     -1.902     0.3122    -0.5511 -9.990e-29
 272.803814     -1.918   0.507133    14.2851    -1.8568     -1.902     0.3122    -0.5516 -9.990e-29
 272.803819     -1.923   0.507133    14.2882    -1.8582     -1.907     0.3121    -0.5521 -9.990e-29
 272.803825     -1.930   0.507133    14.2895    -1.8590     -1.914     0.3121    -0.5523 -9.990e-29
 272.803831     -1.934   0.507134    14.2871    -1.8601     -1.918     0.3121    -0.5519 -9.990e-29
 272.803837     -1.937   0.507134    14.2792    -1.8612     -1.921     0.3122    -0.5507 -9.990e-29
 272.803843     -1.937   0.507135    14.2656    -1.8621     -1.921     0.3123    -0.5487 -9.990e-29
 272.803848     -1.935   0.507135    14.2476    -1.8631     -1.919     0.3125    -0.5460 -9.990e-29
 272.803854     -1.931   0.507136    14.2258    -1.8639     -1.915     0.3126    -0.5428 -9.990e-29
 272.803860     -1.925   0.507136    14.2000    -1.8644     -1.909     0.3128    -0.5390 -9.990e-29
 272.803866     -1.916   0.507137    14.1715    -1.8632     -1.900     0.3130    -0.5347 -9.990e-29
 272.803872     -1.904   0.507137    14.1432    -1.8618     -1.888     0.3133    -0.5306 -9.990e-29
 272.803877     -1.892   0.507137    14.1165    -1.8611     -1.876     0.3135    -0.5266 -9.990e-29
 272.803883     -1.883   0.507138    14.0907    -1.8612     -1.867     0.3137    -0.5228 -9.990e-29
 272.803889     -1.874   0.507138    14.0656    -1.8614     -1.858     0.3139    -0.5192 -9.990e-29
 272.803895     -1.862   0.507139    14.0422    -1.8616     -1.846     0.3140    -0.5157 -9.990e-29
 272.803900     -1.853   0.507139    14.0217    -1.8620     -1.838     0.3142    -0.5127 -9.990e-29
 272.803906     -1.845   0.507140    14.0071    -1.8629     -1.830     0.3143    -0.5106 -9.990e-29
 272.803912     -1.838   0.507140    14.0052    -1.8631     -1.823     0.3143    -0.5103 -9.990e-29
 272.803918     -1.831   0.507141    14.0188    -1.8632     -1.816     0.3142    -0.5123 -9.990e-29
 272.803924     -1.828   0.507141    14.0387    -1.8634     -1.813     0.3141    -0.5152 -9.990e-29
 272.803929     -1.829   0.507142    14.0529    -1.8632     -1.814     0.3140    -0.5173 -9.990e-29
 272.803935     -1.826   0.507142    14.0575    -1.8631     -1.811     0.3139    -0.5180 -9.990e-29
 272.803941     -1.818   0.507142    14.0553    -1.8639     -1.803     0.3139    -0.5177 -9.990e-29
 272.803947     -1.808   0.507143    14.0490    -1.8643     -1.793     0.3140    -0.5167 -9.990e-29
 272.803953     -1.798   0.507143    14.0390    -1.8647     -1.783     0.3141    -0.5153 -9.990e-29
 272.803958     -1.785   0.507144    14.0279    -1.8650     -1.770     0.3142    -0.5136 -9.990e-29
 272.803964     -1.769   0.507144    14.0199    -1.8652     -1.754     0.3142    -0.5125 -9.990e-29
 272.803970     -1.753   0.507145    14.0153    -1.8651     -1.738     0.3143    -0.5118 -9.990e-29
 272.803976     -1.741   0.507145    14.0128    -1.8651     -1.726     0.3143    -0.5114 -9.990e-29
 272.803981     -1.731   0.507145    14.0112    -1.8652     -1.717     0.3143    -0.5112 -9.990e-29
 272.803987     -1.724   0.507146    14.0068    -1.8651     -1.710     0.3143    -0.5106 -9.990e-29
 272.803993     -1.718   0.507146    13.9977    -1.8647     -1.704     0.3144    -0.5092 -9.990e-29
 272.803999     -1.713   0.507147    13.9875    -1.8641     -1.699     0.3145    -0.5078 -9.990e-29
 272.804005     -1.710   0.507147    13.9788    -1.8639     -1.696     0.3145    -0.5065 -9.990e-29
 272.804010     -1.707   0.507148    13.9722    -1.8638     -1.693     0.3146    -0.5055 -9.990e-29
 272.804016     -1.705   0.507148    13.9684    -1.8638     -1.691     0.3146    -0.5050 -9.990e-29
 272.804022     -1.703   0.507148    13.9670    -1.8636     -1.689     0.3146    -0.5048 -9.990e-29
 272.804028     -1.701   0.507149    13.9667    -1.8630     -1.687     0.3146    -0.5047 -9.990e-29
 272.804034     -1.700   0.507149    13.9676    -1.8622     -1.686     0.3146    -0.5049 -9.990e-29
 272.804039     -1.699   0.507150    13.9716    -1.8618     -1.685     0.3146    -0.5054 -9.990e-29
 272.804045     -1.698   0.507150    13.9794    -1.8617     -1.684     0.3145    -0.5066 -9.990e-29
 272.804051     -1.697   0.507151    13.9881    -1.8616     -1.683     0.3145    -0.5078 -9.990e-29
 272.804057     -1.695   0.507151    13.9945    -1.8613     -1.681     0.3144    -0.5088 -9.990e-29
 272.804062     -1.694   0.507151    13.9985    -1.8612     -1.680     0.3144    -0.5094 -9.990e-29
 272.804068     -1.692   0.507152    14.0025    -1.8617     -1.678     0.3144    -0.5099 -9.990e-29
 272.804074     -1.690   0.507152    14.0096    -1.8619     -1.676     0.3143    -0.5110 -9.990e-29
 272.804080     -1.688   0.507153    14.0211    -1.8618     -1.674     0.3142    -0.5126 -9.990e-29
 272.804086     -1.684   0.507153    14.0339    -1.8617     -1.670     0.3141    -0.5145 -9.990e-29
 272.804091     -1.680   0.507153    14.0440    -1.8617     -1.666     0.3140    -0.5160 -9.990e-29
 272.804097     -1.675   0.507154    14.0503    -1.8617     -1.661     0.3140    -0.5169 -9.990e-29
 272.804103     -1.668   0.507154    14.0545    -1.8620     -1.654     0.3140    -0.5175 -9.990e-29
 272.804109     -1.660   0.507155    14.0574    -1.8628     -1.646     0.3139    -0.5180 -9.990e-29
 272.804115     -1.649   0.507155    14.0570    -1.8633     -1.635     0.3139    -0.5179 -9.990e-29
 272.804120     -1.635   0.507155    14.0533    -1.8641     -1.621     0.3140    -0.5174 -9.990e-29
 272.804126     -1.617   0.507156    14.0504    -1.8648     -1.604     0.3140    -0.5169 -9.990e-29
 272.804132     -1.594   0.507156    14.0506    -1.8652     -1.581     0.3140    -0.5170 -9.990e-29
 272.804138     -1.569   0.507157    14.0515    -1.8657     -1.556     0.3140    -0.5171 -9.990e-29
 272.804144     -1.548   0.507157    14.0507    -1.8662     -1.535     0.3140    -0.5170 -9.990e-29
 272.804149     -1.535   0.507158    14.0468    -1.8665     -1.522     0.3140    -0.5164 -9.990e-29
 272.804155     -1.528   0.507158    14.0383    -1.8662     -1.515     0.3141    -0.5152 -9.990e-29
 272.804161     -1.523   0.507158    14.0252    -1.8662     -1.510     0.3142    -0.5132 -9.990e-29
 272.804167     -1.516   0.507159    14.0098    -1.8668     -1.503     0.3143    -0.5110 -9.990e-29
 272.804172     -1.506   0.507159    13.9939    -1.8676     -1.493     0.3144    -0.5087 -9.990e-29
 272.804178     -1.492   0.507160    13.9792    -1.8682     -1.480     0.3145    -0.5065 -9.990e-29
 272.804184     -1.478   0.507160    13.9665    -1.8689     -1.466     0.3146    -0.5047 -9.990e-29
 272.804190     -1.467   0.507161    13.9551    -1.8695     -1.455     0.3147    -0.5030 -9.990e-29
 272.804196     -1.459   0.507161    13.9457    -1.8700     -1.447     0.3148    -0.5017 -9.990e-29
