data/oxygen options/OCNMS/OCNMS1/raw_data/2023/CAST_MB042_230718faed.cnv
* Sea-Bird SBE 19 Data File:
* FileName = C:\Users\OCNMS.Inst\Documents\2023 Mooring Data\Casts\CAST_MB042_230718.hex
* Software Version SeatermAF 2.1.4.55
* Temperature SN = 2997
* Conductivity SN = 2997
* System UpLoad Time = Jul 18 2023 20:18:23 (localtime) = Jul 18 2023 20:18:23 (UTC)
** CAST_MB042_230718
* ds
# nquan = 9                                 
# nvalues = 1256                        
# units = specified
# name 0 = timeJ: Julian Days
# name 1 = prSM: Pressure, Strain Gauge [db]
# name 2 = c0mS/cm: Conductivity [mS/cm]
# name 3 = t090C: Temperature [ITS-90, deg C]
# name 4 = sbeox0ML/L: Oxygen, SBE 43 [ml/l]
# name 5 = depSM: Depth [salt water, m], lat = 47.5
# name 6 = sal00: Salinity, Practical [PSU]
# name 7 = sigma-é00: Density [sigma-theta, kg/m^3]
# name 8 = flag: flag
# span 0 = 199.783542, 199.790804       
# span 1 =     -6.411,     40.046       
# span 2 =   0.273389,  37.793014       
# span 3 =     7.5228,    16.6973       
# span 4 =    -1.8353,    10.0942       
# span 5 =     -6.358,     39.708       
# span 6 =     0.1579,    33.9986       
# span 7 =    -1.0490,    26.4567       
# span 8 = 0.0000e+00, 0.0000e+00       
# interval = seconds: 0.5
# start_time = Jul 18 2023 18:48:18 [Instrument's time stamp, header]
# bad_flag = -9.990e-29
*END*
[from data line 161]
 199.784473     -3.023   0.273437    16.2323    -1.7766     -2.998     0.1586    -0.9711 -9.990e-29
 199.784479     -3.015   0.273439    16.2407    -1.7763     -2.990     0.1585    -0.9725 -9.990e-29
 199.784485     -3.004   0.273448    16.2533    -1.7758     -2.979     0.1585    -0.9747 -9.990e-29
 199.784491     -2.991   0.273474    16.2669    -1.7754     -2.966     0.1585    -0.9769 -9.990e-29
 199.784497     -2.974   0.273556    16.2788    -1.7749     -2.949     0.1585    -0.9789 -9.990e-29
 199.784502     -2.957   0.273802    16.2874    -1.7744     -2.932     0.1586    -0.9802 -9.990e-29
 199.784508     -2.943   0.273986    16.2936    -1.7737     -2.918     0.1587    -0.9812 -9.990e-29
 199.784514     -2.931   0.273801    16.3003    -1.7731     -2.907     0.1585    -0.9824 -9.990e-29
 199.784520     -2.920   0.273554    16.3084    -1.7728     -2.896     0.1584    -0.9839 -9.990e-29
 199.784525     -2.910   0.273472    16.3175    -1.7731     -2.886     0.1583    -0.9855 -9.990e-29
 199.784531     -2.899   0.273444    16.3278    -1.7737     -2.875     0.1582    -0.9872 -9.990e-29
 199.784537     -2.884   0.273434    16.3397    -1.7738     -2.860     0.1582    -0.9893 -9.990e-29
 199.784543     -2.863   0.273430    16.3525    -1.7749     -2.839     0.1581    -0.9914 -9.990e-29
 199.784549     -2.843   0.273428    16.3660    -1.7766     -2.819     0.1581    -0.9937 -9.990e-29
 199.784554     -2.827   0.273427    16.3808    -1.7776     -2.803     0.1580    -0.9962 -9.990e-29
 199.784560     -2.815   0.273427    16.3961    -1.7781     -2.792     0.1580    -0.9988 -9.990e-29
 199.784566     -2.805   0.273426    16.4081    -1.7781     -2.782     0.1579    -1.0009 -9.990e-29
 199.784572     -2.797   0.273426    16.4125    -1.7787     -2.774     0.1579    -1.0016 -9.990e-29
 199.784578     -2.790   0.273425    16.4079    -1.7788     -2.767     0.1579    -1.0008 -9.990e-29
 199.784583     -2.785   0.273424    16.3974    -1.7788     -2.762     0.1580    -0.9991 -9.990e-29
 199.784589     -2.779   0.273424    16.3816    -1.7789     -2.756     0.1580    -0.9964 -9.990e-29
 199.784595     -2.774   0.273423    16.3568    -1.7791     -2.751     0.1581    -0.9922 -9.990e-29
 199.784601     -2.769   0.273423    16.3265    -1.7796     -2.746     0.1582    -0.9870 -9.990e-29
 199.784606     -2.763   0.273422    16.3010    -1.7803     -2.740     0.1583    -0.9827 -9.990e-29
 199.784612     -2.757   0.273422    16.2850    -1.7808     -2.734     0.1584    -0.9800 -9.990e-29
 199.784618     -2.749   0.273421    16.2746    -1.7815     -2.726     0.1584    -0.9783 -9.990e-29
 199.784624     -2.740   0.273421    16.2659    -1.7825     -2.717     0.1584    -0.9768 -9.990e-29
 199.784630     -2.728   0.273420    16.2601    -1.7825     -2.705     0.1585    -0.9758 -9.990e-29
 199.784635     -2.714   0.273419    16.2570    -1.7821     -2.691     0.1585    -0.9753 -9.990e-29
 199.784641     -2.700   0.273419    16.2530    -1.7818     -2.677     0.1585    -0.9746 -9.990e-29
 199.784647     -2.693   0.273418    16.2451    -1.7817     -2.671     0.1585    -0.9733 -9.990e-29
 199.784653     -2.695   0.273418    16.2327    -1.7815     -2.673     0.1586    -0.9712 -9.990e-29
 199.784659     -2.695   0.273417    16.2176    -1.7811     -2.673     0.1586    -0.9687 -9.990e-29
 199.784664     -2.690   0.273417    16.2014    -1.7806     -2.668     0.1587    -0.9659 -9.990e-29
 199.784670     -2.680   0.273416    16.1846    -1.7808     -2.658     0.1587    -0.9631 -9.990e-29
 199.784676     -2.664   0.273416    16.1711    -1.7807     -2.642     0.1588    -0.9609 -9.990e-29
 199.784682     -2.645   0.273415    16.1661    -1.7803     -2.623     0.1588    -0.9600 -9.990e-29
 199.784687     -2.631   0.273415    16.1689    -1.7797     -2.609     0.1588    -0.9605 -9.990e-29
 199.784693     -2.620   0.273414    16.1747    -1.7787     -2.598     0.1588    -0.9615 -9.990e-29
 199.784699     -2.608   0.273413    16.1805    -1.7785     -2.586     0.1587    -0.9624 -9.990e-29
 199.784705     -2.593   0.273413    16.1875    -1.7785     -2.571     0.1587    -0.9636 -9.990e-29
 199.784711     -2.576   0.273412    16.1963    -1.7787     -2.555     0.1587    -0.9651 -9.990e-29
 199.784716     -2.558   0.273412    16.2035    -1.7798     -2.537     0.1587    -0.9663 -9.990e-29
 199.784722     -2.544   0.273411    16.2078    -1.7813     -2.523     0.1586    -0.9670 -9.990e-29
 199.784728     -2.533   0.273411    16.2132    -1.7819     -2.512     0.1586    -0.9679 -9.990e-29
 199.784734     -2.523   0.273410    16.2232    -1.7823     -2.502     0.1586    -0.9696 -9.990e-29
 199.784740     -2.514   0.273409    16.2372    -1.7821     -2.493     0.1585    -0.9720 -9.990e-29
 199.784745     -2.506   0.273409    16.2513    -1.7824     -2.485     0.1585    -0.9743 -9.990e-29
 199.784751     -2.498   0.273408    16.2594    -1.7824     -2.477     0.1585    -0.9757 -9.990e-29
 199.784757     -2.489   0.273408    16.2590    -1.7823     -2.468     0.1585    -0.9756 -9.990e-29
 199.784763     -2.479   0.273407    16.2483    -1.7822     -2.458     0.1585    -0.9738 -9.990e-29
 199.784769     -2.472   0.273407    16.2263    -1.7819     -2.451     0.1586    -0.9701 -9.990e-29
 199.784774     -2.471   0.273406    16.2006    -1.7818     -2.450     0.1587    -0.9658 -9.990e-29
 199.784780     -2.472   0.273405    16.1813    -1.7817     -2.451     0.1587    -0.9626 -9.990e-29
 199.784786     -2.471   0.273405    16.1712    -1.7821     -2.450     0.1588    -0.9609 -9.990e-29
 199.784792     -2.468   0.273404    16.1668    -1.7833     -2.447     0.1588    -0.9601 -9.990e-29
 199.784797     -2.462   0.273404    16.1642    -1.7845     -2.441     0.1588    -0.9597 -9.990e-29
 199.784803     -2.454   0.273403    16.1633    -1.7847     -2.434     0.1588    -0.9595 -9.990e-29
 199.784809     -2.442   0.273403    16.1650    -1.7843     -2.422     0.1588    -0.9598 -9.990e-29
 199.784815     -2.426   0.273402    16.1683    -1.7843     -2.406     0.1588    -0.9604 -9.990e-29
 199.784821     -2.410   0.273402    16.1718    -1.7851     -2.390     0.1588    -0.9610 -9.990e-29
 199.784826     -2.395   0.273401    16.1737    -1.7863     -2.375     0.1588    -0.9613 -9.990e-29
 199.784832     -2.383   0.273400    16.1702    -1.7878     -2.363     0.1588    -0.9607 -9.990e-29
 199.784838     -2.375   0.273400    16.1575    -1.7892     -2.355     0.1588    -0.9586 -9.990e-29
 199.784844     -2.372   0.273399    16.1369    -1.7899     -2.352     0.1589    -0.9551 -9.990e-29
 199.784850     -2.365   0.273399    16.1174    -1.7900     -2.345     0.1590    -0.9519 -9.990e-29
 199.784855     -2.349   0.273398    16.1072    -1.7900     -2.329     0.1590    -0.9502 -9.990e-29
 199.784861     -2.327   0.273398    16.1035    -1.7899     -2.308     0.1590    -0.9496 -9.990e-29
 199.784867     -2.306   0.273397    16.0958    -1.7900     -2.287     0.1590    -0.9483 -9.990e-29
 199.784873     -2.290   0.273397    16.0774    -1.7902     -2.271     0.1591    -0.9452 -9.990e-29
 199.784878     -2.277   0.273396    16.0495    -1.7900     -2.258     0.1592    -0.9406 -9.990e-29
 199.784884     -2.267   0.273396    16.0172    -1.7906     -2.248     0.1593    -0.9352 -9.990e-29
 199.784890     -2.258   0.273395    15.9883    -1.7916     -2.239     0.1594    -0.9304 -9.990e-29
 199.784896     -2.251   0.273394    15.9690    -1.7919     -2.232     0.1595    -0.9272 -9.990e-29
 199.784902     -2.245   0.273394    15.9596    -1.7923     -2.226     0.1595    -0.9257 -9.990e-29
 199.784907     -2.239   0.273393    15.9562    -1.7926     -2.220     0.1595    -0.9251 -9.990e-29
 199.784913     -2.234   0.273393    15.9550    -1.7926     -2.215     0.1596    -0.9249 -9.990e-29
 199.784919     -2.228   0.273392    15.9532    -1.7927     -2.209     0.1596    -0.9246 -9.990e-29
 199.784925     -2.221   0.273392    15.9503    -1.7924     -2.202     0.1596    -0.9241 -9.990e-29
 199.784931     -2.214   0.273391    15.9448    -1.7916     -2.196     0.1596    -0.9232 -9.990e-29
 199.784936     -2.205   0.273391    15.9329    -1.7912     -2.187     0.1596    -0.9213 -9.990e-29
 199.784942     -2.194   0.273390    15.9173    -1.7908     -2.176     0.1597    -0.9187 -9.990e-29
 199.784948     -2.181   0.273389    15.9046    -1.7904     -2.163     0.1597    -0.9166 -9.990e-29
 199.784954     -2.164   0.273389    15.8958    -1.7910     -2.146     0.1598    -0.9152 -9.990e-29
 199.784959     -2.146   0.273389    15.8900    -1.7922     -2.128     0.1598    -0.9142 -9.990e-29
 199.784965     -2.136   0.273390    15.8874    -1.7933     -2.118     0.1598    -0.9138 -9.990e-29
 199.784971     -2.136   0.273391    15.8889    -1.7937     -2.118     0.1598    -0.9140 -9.990e-29
 199.784977     -2.143   0.273393    15.8965    -1.7936     -2.125     0.1598    -0.9153 -9.990e-29
 199.784983     -2.148   0.273394    15.9086    -1.7932     -2.130     0.1597    -0.9173 -9.990e-29
 199.784988     -2.147   0.273396    15.9199    -1.7927     -2.129     0.1597    -0.9191 -9.990e-29
 199.784994     -2.141   0.273397    15.9277    -1.7921     -2.123     0.1597    -0.9204 -9.990e-29
 199.785000     -2.129   0.273399    15.9284    -1.7917     -2.111     0.1597    -0.9205 -9.990e-29
 199.785006     -2.114   0.273400    15.9173    -1.7918     -2.096     0.1597    -0.9187 -9.990e-29
 199.785012     -2.099   0.273402    15.8971    -1.7935     -2.081     0.1598    -0.9154 -9.990e-29
 199.785017     -2.085   0.273403    15.8775    -1.7956     -2.068     0.1598    -0.9121 -9.990e-29
 199.785023     -2.074   0.273405    15.8664    -1.7969     -2.057     0.1599    -0.9103 -9.990e-29
 199.785029     -2.065   0.273406    15.8655    -1.7986     -2.048     0.1599    -0.9102 -9.990e-29
 199.785035     -2.054   0.273408    15.8721    -1.8002     -2.037     0.1599    -0.9112 -9.990e-29
 199.785041     -2.044   0.273409    15.8825    -1.8010     -2.027     0.1598    -0.9130 -9.990e-29
 199.785046     -2.039   0.273411    15.8923    -1.8015     -2.022     0.1598    -0.9146 -9.990e-29
 199.785052     -2.038   0.273412    15.8948    -1.8011     -2.021     0.1598    -0.9150 -9.990e-29
 199.785058     -2.042   0.273414    15.8819    -1.8007     -2.025     0.1598    -0.9129 -9.990e-29
 199.785064     -2.046   0.273415    15.8509    -1.8015     -2.029     0.1599    -0.9078 -9.990e-29
 199.785069     -2.046   0.273417    15.8099    -1.8028     -2.029     0.1601    -0.9011 -9.990e-29
 199.785075     -2.047   0.273418    15.7679    -1.8050     -2.030     0.1602    -0.8942 -9.990e-29
 199.785081     -2.049   0.273420    15.7280    -1.8066     -2.032     0.1604    -0.8877 -9.990e-29
 199.785087     -2.044   0.273421    15.6940    -1.8077     -2.027     0.1605    -0.8822 -9.990e-29
 199.785093     -2.030   0.273423    15.6704    -1.8091     -2.013     0.1606    -0.8784 -9.990e-29
 199.785098     -2.016   0.273424    15.6585    -1.8093     -1.999     0.1607    -0.8764 -9.990e-29
 199.785104     -2.005   0.273426    15.6555    -1.8103     -1.988     0.1607    -0.8759 -9.990e-29
 199.785110     -1.996   0.273427    15.6503    -1.8121     -1.979     0.1607    -0.8751 -9.990e-29
 199.785116     -1.990   0.273429    15.6319    -1.8146     -1.973     0.1608    -0.8721 -9.990e-29
 199.785122     -1.984   0.273430    15.5988    -1.8160     -1.967     0.1609    -0.8668 -9.990e-29
 199.785127     -1.980   0.273432    15.5575    -1.8155     -1.963     0.1610    -0.8601 -9.990e-29
 199.785133     -1.976   0.273433    15.5175    -1.8151     -1.960     0.1612    -0.8537 -9.990e-29
 199.785139     -1.972   0.273435    15.4829    -1.8149     -1.956     0.1613    -0.8482 -9.990e-29
 199.785145     -1.969   0.273436    15.4539    -1.8151     -1.953     0.1614    -0.8436 -9.990e-29
 199.785150     -1.966   0.273438    15.4287    -1.8162     -1.950     0.1615    -0.8396 -9.990e-29
 199.785156     -1.963   0.273439    15.3985    -1.8182     -1.947     0.1616    -0.8348 -9.990e-29
 199.785162     -1.960   0.273441    15.3582    -1.8201     -1.944     0.1618    -0.8284 -9.990e-29
 199.785168     -1.956   0.273442    15.3161    -1.8209     -1.940     0.1619    -0.8217 -9.990e-29
 199.785174     -1.951   0.273444    15.2885    -1.8212     -1.935     0.1620    -0.8174 -9.990e-29
 199.785179     -1.946   0.273445    15.2806    -1.8210     -1.930     0.1621    -0.8161 -9.990e-29
 199.785185     -1.939   0.273447    15.2815    -1.8206     -1.923     0.1621    -0.8163 -9.990e-29
 199.785191     -1.934   0.273449    15.2796    -1.8201     -1.918     0.1621    -0.8160 -9.990e-29
 199.785197     -1.935   0.273451    15.2677    -1.8194     -1.919     0.1621    -0.8141 -9.990e-29
 199.785203     -1.939   0.273454    15.2416    -1.8185     -1.923     0.1622    -0.8100 -9.990e-29
 199.785208     -1.941   0.273460    15.2048    -1.8174     -1.925     0.1624    -0.8042 -9.990e-29
 199.785214     -1.941   0.273476    15.1692    -1.8169     -1.925     0.1625    -0.7986 -9.990e-29
 199.785220     -1.940   0.273520    15.1456    -1.8173     -1.924     0.1626    -0.7949 -9.990e-29
 199.785226     -1.937   0.273649    15.1359    -1.8181     -1.921     0.1627    -0.7934 -9.990e-29
 199.785231     -1.932   0.274034    15.1366    -1.8189     -1.916     0.1630    -0.7933 -9.990e-29
 199.785237     -1.924   0.274631    15.1443    -1.8182     -1.908     0.1633    -0.7942 -9.990e-29
 199.785243     -1.914   0.275127    15.1572    -1.8171     -1.898     0.1635    -0.7960 -9.990e-29
 199.785249     -1.901   0.275626    15.1750    -1.8159     -1.885     0.1638    -0.7985 -9.990e-29
 199.785255     -1.883   0.276237    15.1957    -1.8159     -1.867     0.1641    -0.8015 -9.990e-29
 199.785260     -1.864   0.276663    15.2141    -1.8157     -1.848     0.1643    -0.8042 -9.990e-29
 199.785266     -1.851   0.276915    15.2226    -1.8157     -1.836     0.1644    -0.8054 -9.990e-29
 199.785272     -1.848   0.277328    15.2187    -1.8156     -1.833     0.1646    -0.8046 -9.990e-29
 199.785278     -1.850   0.277898    15.2083    -1.8153     -1.835     0.1650    -0.8027 -9.990e-29
 199.785284     -1.849   0.278274    15.2034    -1.8142     -1.834     0.1653    -0.8017 -9.990e-29
 199.785289     -1.840   0.278400    15.2126    -1.8137     -1.825     0.1653    -0.8031 -9.990e-29
 199.785295     -1.823   0.278443    15.2322    -1.8135     -1.808     0.1653    -0.8062 -9.990e-29
 199.785301     -1.802   0.278459    15.2506    -1.8129     -1.787     0.1652    -0.8091 -9.990e-29
 199.785307     -1.782   0.278465    15.2615    -1.8125     -1.767     0.1652    -0.8108 -9.990e-29
 199.785313     -1.768   0.278468    15.2671    -1.8122     -1.753     0.1651    -0.8117 -9.990e-29
 199.785318     -1.759   0.278470    15.2711    -1.8121     -1.744     0.1651    -0.8123 -9.990e-29
 199.785324     -1.753   0.278472    15.2769    -1.8116     -1.738     0.1651    -0.8132 -9.990e-29
 199.785330     -1.751   0.278473    15.2878    -1.8111     -1.736     0.1651    -0.8149 -9.990e-29
 199.785336     -1.752   0.278475    15.3031    -1.8107     -1.737     0.1650    -0.8173 -9.990e-29
 199.785341     -1.752   0.278476    15.3176    -1.8107     -1.737     0.1649    -0.8196 -9.990e-29
 199.785347     -1.747   0.278478    15.3299    -1.8105     -1.732     0.1649    -0.8216 -9.990e-29
 199.785353     -1.741   0.278479    15.3418    -1.8101     -1.726     0.1649    -0.8234 -9.990e-29
 199.785359     -1.738   0.278480    15.3522    -1.8095     -1.724     0.1648    -0.8251 -9.990e-29
 199.785365     -1.737   0.278482    15.3603    -1.8088     -1.723     0.1648    -0.8264 -9.990e-29
 199.785370     -1.739   0.278484    15.3684    -1.8086     -1.724     0.1648    -0.8276 -9.990e-29
 199.785376     -1.739   0.278486    15.3784    -1.8091     -1.724     0.1647    -0.8292 -9.990e-29
 199.785382     -1.733   0.278489    15.3891    -1.8102     -1.719     0.1647    -0.8309 -9.990e-29
 199.785388     -1.725   0.278495    15.3978    -1.8105     -1.711     0.1647    -0.8323 -9.990e-29
