data/oxygen options/OCNMS/OCNMS1/raw_data/2023/CAST_CA042_230929faedb.cnv
* Sea-Bird SBE 19 Data File:
* FileName = C:\Users\OCNMS.Inst\Documents\2023 Mooring Data\Casts\CAST_CA042_230929.hex
* Software Version SeatermAF 2.1.4.55
* Temperature SN = 2997
* Conductivity SN = 2997
* System UpLoad Time = Sep 29 2023 17:29:44 (localtime) = Sep 29 2023 17:29:44 (UTC)
** CAST_CA042_230929
* ds
# nquan = 9
# nvalues = 41                          
# units = specified
# name 0 = timeJ: Julian Days
# name 1 = prSM: Pressure, Strain Gauge [db]
# name 2 = c0mS/cm: Conductivity [mS/cm]
# name 3 = t090C: Temperature [ITS-90, deg C]
# name 4 = sbeox0ML/L: Oxygen, SBE 43 [ml/l]
# name 5 = depSM: Depth [salt water, m], lat = 47.5
# name 6 = sal00: Salinity, Practical [PSU]
# name 7 = sigma-é00: Density [sigma-theta, kg/m^3]
# name 8 = flag: flag
# span 0 = 272.705545, 272.706521       
# span 1 =      2.000,     42.000       
# span 2 =  38.062212,  38.538929       
# span 3 =    13.3616,    14.1166       
# span 4 =     5.2003,     6.0944       
# span 5 =      1.983,     41.645       
# span 6 =    31.3637,    32.1809       
# span 7 =    23.3663,    24.1397       
# span 8 = 0.0000e+00, 0.0000e+00       
# interval = decibars: 1                
# start_time = Sep 29 2023 16:49:54 [Instrument's time stamp, header]
# bad_flag = -9.990e-29
*END*
 272.705545      2.000  38.064636    14.0614     6.0944      1.983    31.3637    23.3663 0.0000e+00
 272.705577      3.000  38.062212    14.0546     6.0359      2.975    31.3667    23.3700 0.0000e+00
 272.705604      4.000  38.062547    14.0428     5.8510      3.966    31.3761    23.3797 0.0000e+00
 272.705628      5.000  38.066662    14.0134     5.7357      4.958    31.4036    23.4069 0.0000e+00
 272.705650      6.000  38.153669    14.0243     5.7352      5.950    31.4742    23.4592 0.0000e+00
 272.705673      7.000  38.245595    14.0776     5.7332      6.942    31.5145    23.4795 0.0000e+00
 272.705696      8.000  38.327479    14.1166     5.6851      7.933    31.5573    23.5045 0.0000e+00
 272.705720      9.000  38.344402    14.1156     5.6608      8.925    31.5733    23.5171 0.0000e+00
 272.705742     10.000  38.327141    14.0980     5.5875      9.916    31.5715    23.5193 0.0000e+00
 272.705764     11.000  38.299785    14.0540     5.5682     10.908    31.5821    23.5365 0.0000e+00
 272.705787     12.000  38.285040    14.0193     5.5678     11.899    31.5966    23.5549 0.0000e+00
 272.705812     13.000  38.295178    13.9971     5.5688     12.891    31.6238    23.5804 0.0000e+00
 272.705837     14.000  38.297383    13.9638     5.5972     13.883    31.6528    23.6096 0.0000e+00
 272.705858     15.000  38.290610    13.9059     5.5941     14.874    31.6939    23.6531 0.0000e+00
 272.705879     16.000  38.358395    13.8602     5.6233     15.866    31.7938    23.7396 0.0000e+00
 272.705903     17.000  38.391013    13.8618     5.6196     16.857    31.8222    23.7612 0.0000e+00
 272.705927     18.000  38.415756    13.8663     5.6194     17.849    31.8409    23.7748 0.0000e+00
 272.705950     19.000  38.419424    13.8662     5.6399     18.841    31.8439    23.7771 0.0000e+00
 272.705970     20.000  38.425937    13.8667     5.6311     19.832    31.8491    23.7811 0.0000e+00
 272.705993     21.000  38.429026    13.8672     5.6162     20.824    31.8512    23.7826 0.0000e+00
 272.706019     22.000  38.427243    13.8661     5.6105     21.815    31.8501    23.7821 0.0000e+00
 272.706041     23.000  38.429265    13.8633     5.6277     22.807    31.8539    23.7855 0.0000e+00
 272.706063     24.000  38.433399    13.8640     5.6338     23.799    31.8568    23.7877 0.0000e+00
 272.706088     25.000  38.439884    13.8672     5.6306     24.790    31.8597    23.7893 0.0000e+00
 272.706109     26.000  38.452599    13.8731     5.6262     25.781    31.8662    23.7931 0.0000e+00
 272.706130     27.000  38.459485    13.8758     5.6565     26.773    31.8699    23.7955 0.0000e+00
 272.706156     28.000  38.461740    13.8773     5.6635     27.765    31.8703    23.7955 0.0000e+00
 272.706180     29.000  38.470180    13.8800     5.6724     28.756    31.8755    23.7990 0.0000e+00
 272.706202     30.000  38.477286    13.8791     5.6688     29.747    31.8824    23.8045 0.0000e+00
 272.706224     31.000  38.483064    13.8751     5.6712     30.739    31.8907    23.8118 0.0000e+00
 272.706246     32.000  38.488313    13.8736     5.6685     31.730    31.8964    23.8165 0.0000e+00
 272.706269     33.000  38.497440    13.8711     5.6573     32.722    31.9065    23.8249 0.0000e+00
 272.706292     34.000  38.513254    13.8644     5.6557     33.713    31.9263    23.8415 0.0000e+00
 272.706315     35.000  38.527238    13.8586     5.6690     34.705    31.9436    23.8561 0.0000e+00
 272.706338     36.000  38.534194    13.8516     5.6607     35.696    31.9555    23.8667 0.0000e+00
 272.706359     37.000  38.536779    13.8447     5.6523     36.688    31.9632    23.8741 0.0000e+00
 272.706382     38.000  38.538929    13.8368     5.6389     37.679    31.9714    23.8821 0.0000e+00
 272.706405     39.000  38.538422    13.8278     5.5281     38.671    31.9781    23.8891 0.0000e+00
 272.706426     40.000  38.521886    13.7684     5.4737     39.662    32.0119    23.9273 0.0000e+00
 272.706452     41.000  38.486658    13.6927     5.2180     40.654    32.0421    23.9659 0.0000e+00
 272.706521     42.000  38.337540    13.3616     5.2003     41.645    32.1809    24.1397 0.0000e+00
