data/oxygen options/OCNMS/OCNMS1/raw_data/2023/CAST_CA042_230929faed.cnv
* Sea-Bird SBE 19 Data File:
* FileName = C:\Users\OCNMS.Inst\Documents\2023 Mooring Data\Casts\CAST_CA042_230929.hex
* Software Version SeatermAF 2.1.4.55
* Temperature SN = 2997
* Conductivity SN = 2997
* System UpLoad Time = Sep 29 2023 17:29:44 (localtime) = Sep 29 2023 17:29:44 (UTC)
** CAST_CA042_230929
* ds
# nquan = 9                                 
# nvalues = 1092                        
# units = specified
# name 0 = timeJ: Julian Days
# name 1 = prSM: Pressure, Strain Gauge [db]
# name 2 = c0mS/cm: Conductivity [mS/cm]
# name 3 = t090C: Temperature [ITS-90, deg C]
# name 4 = sbeox0ML/L: Oxygen, SBE 43 [ml/l]
# name 5 = depSM: Depth [salt water, m], lat = 47.5
# name 6 = sal00: Salinity, Practical [PSU]
# name 7 = sigma-é00: Density [sigma-theta, kg/m^3]
# name 8 = flag: flag
# span 0 = 272.701319, 272.707633       
# span 1 =     -5.152,     42.043       
# span 2 =   0.016161,  38.538938       
# span 3 =    12.5398,    15.6407       
# span 4 =    -1.8483,    12.4151       
# span 5 =     -5.109,     41.688       
# span 6 =     0.0143,    32.2333       
# span 7 =    -0.9868,    24.2025       
# span 8 = 0.0000e+00, 0.0000e+00       
# interval = seconds: 0.5
# start_time = Sep 29 2023 16:49:54 [Instrument's time stamp, header]
# bad_flag = -9.990e-29
*END*
[from data line 481]
 272.704103      0.751  38.073910    14.0632    -1.5363      0.745    31.3712    23.3717 -9.990e-29
 272.704109      0.748  38.072438    14.0634    -1.5364      0.742    31.3697    23.3705 -9.990e-29
 272.704115      0.746  38.068647    14.0650    -1.5364      0.740    31.3649    23.3664 -9.990e-29
 272.704120      0.746  38.065854    14.0672    -1.5366      0.740    31.3606    23.3626 -9.990e-29
 272.704126      0.746  38.065912    14.0683    -1.5370      0.740    31.3598    23.3618 -9.990e-29
 272.704132      0.748  38.067780    14.0680    -1.5370      0.742    31.3617    23.3633 -9.990e-29
 272.704138      0.751  38.065051    14.0689    -1.5367      0.745    31.3585    23.3606 -9.990e-29
 272.704144      0.756  38.057564    14.0712    -1.5365      0.750    31.3497    23.3534 -9.990e-29
 272.704149      0.758  38.056754    14.0723    -1.5366      0.752    31.3481    23.3519 -9.990e-29
 272.704155      0.754  38.066701    14.0709    -1.5372      0.748    31.3584    23.3601 -9.990e-29
 272.704161      0.747  38.077250    14.0684    -1.5381      0.741    31.3701    23.3697 -9.990e-29
 272.704167      0.742  38.082969    14.0663    -1.5386      0.736    31.3770    23.3755 -9.990e-29
 272.704172      0.737  38.084876    14.0657    -1.5396      0.731    31.3793    23.3773 -9.990e-29
 272.704178      0.733  38.080029    14.0664    -1.5406      0.727    31.3742    23.3733 -9.990e-29
 272.704184      0.729  38.062641    14.0673    -1.5422      0.723    31.3576    23.3603 -9.990e-29
 272.704190      0.726  38.040464    14.0675    -1.5446      0.720    31.3371    23.3444 -9.990e-29
 272.704196      0.722  38.033357    14.0669    -1.5464      0.716    31.3311    23.3399 -9.990e-29
 272.704201      0.718  38.042046    14.0659    -1.5464      0.712    31.3398    23.3469 -9.990e-29
 272.704207      0.714  38.046294    14.0656    -1.5459      0.708    31.3440    23.3501 -9.990e-29
 272.704213      0.708  38.026667    14.0667    -1.5457      0.702    31.3251    23.3353 -9.990e-29
 272.704219      0.702  37.972241    14.0682    -1.5453      0.696    31.2740    23.2956 -9.990e-29
 272.704225      0.693  37.891253    14.0689    -1.5436      0.687    31.1992    23.2378 -9.990e-29
 272.704230      0.692  37.796869    14.0691    -1.5428      0.686    31.1126    23.1709 -9.990e-29
 272.704236      0.705  37.687192    14.0696    -1.5435      0.699    31.0118    23.0931 -9.990e-29
 272.704242      0.725  37.552261    14.0697    -1.5452      0.719    30.8882    22.9977 -9.990e-29
 272.704248      0.745  37.380374    14.0697    -1.5453      0.739    30.7311    22.8765 -9.990e-29
 272.704253      0.767  37.192347    14.0706    -1.5451      0.761    30.5585    22.7432 -9.990e-29
 272.704259      0.786  37.051339    14.0715    -1.5443      0.779    30.4291    22.6432 -9.990e-29
 272.704265      0.796  36.995232    14.0712    -1.5438      0.789    30.3781    22.6039 -9.990e-29
 272.704271      0.799  37.001993    14.0701    -1.5436      0.792    30.3851    22.6096 -9.990e-29
 272.704277      0.801  37.040973    14.0691    -1.5434      0.794    30.4215    22.6378 -9.990e-29
 272.704282      0.808  37.112158    14.0682    -1.5423      0.801    30.4872    22.6887 -9.990e-29
 272.704288      0.816  37.201891    14.0666    -1.5437      0.809    30.5704    22.7532 -9.990e-29
 272.704294      0.821  37.250650    14.0645    -1.5438      0.814    30.6166    22.7893 -9.990e-29
 272.704300      0.828  37.221593    14.0633    -1.5429      0.821    30.5910    22.7698 -9.990e-29
 272.704306      0.837  37.159569    14.0634    -1.5420      0.830    30.5343    22.7260 -9.990e-29
 272.704311      0.841  37.129340    14.0641    -1.5393      0.834    30.5061    22.7041 -9.990e-29
 272.704317      0.838  37.143936    14.0647    -1.5380      0.831    30.5190    22.7139 -9.990e-29
 272.704323      0.839  37.184276    14.0649    -1.5410      0.832    30.5556    22.7422 -9.990e-29
 272.704329      0.842  37.228629    14.0641    -1.5414      0.835    30.5968    22.7741 -9.990e-29
 272.704334      0.840  37.266776    14.0619    -1.5417      0.833    30.6334    22.8027 -9.990e-29
 272.704340      0.832  37.306555    14.0591    -1.5407      0.825    30.6720    22.8331 -9.990e-29
 272.704346      0.826  37.331087    14.0575    -1.5416      0.819    30.6957    22.8517 -9.990e-29
 272.704352      0.827  37.325576    14.0576    -1.5400      0.820    30.6906    22.8477 -9.990e-29
 272.704358      0.830  37.339371    14.0578    -1.5376      0.823    30.7030    22.8573 -9.990e-29
 272.704363      0.831  37.409468    14.0574    -1.5373      0.824    30.7674    22.9070 -9.990e-29
 272.704369      0.834  37.533083    14.0565    -1.5379      0.827    30.8812    22.9950 -9.990e-29
 272.704375      0.844  37.673455    14.0558    -1.5397      0.837    31.0103    23.0947 -9.990e-29
 272.704381      0.857  37.725401    14.0560    -1.5403      0.850    31.0577    23.1312 -9.990e-29
 272.704387      0.865  37.663609    14.0565    -1.5400      0.858    31.0007    23.0872 -9.990e-29
 272.704392      0.865  37.592377    14.0566    -1.5400      0.858    30.9354    23.0368 -9.990e-29
 272.704398      0.857  37.574845    14.0562    -1.5400      0.850    30.9197    23.0247 -9.990e-29
 272.704404      0.844  37.592232    14.0556    -1.5402      0.837    30.9361    23.0375 -9.990e-29
 272.704410      0.834  37.637583    14.0546    -1.5405      0.827    30.9784    23.0703 -9.990e-29
 272.704416      0.831  37.742906    14.0534    -1.5402      0.824    31.0758    23.1457 -9.990e-29
 272.704421      0.835  37.868339    14.0525     9.5159      0.828    31.1915    23.2351 -9.990e-29
 272.704427      0.846  37.922394    14.0525    12.2986      0.839    31.2410    23.2734 -9.990e-29
 272.704433      0.860  37.884251    14.0531    12.4151      0.853    31.2055    23.2459 -9.990e-29
 272.704439      0.869  37.801219    14.0537    10.2797      0.862    31.1290    23.1867 -9.990e-29
 272.704444      0.871  37.738632    14.0541     5.8508      0.864    31.0713    23.1421 -9.990e-29
 272.704450      0.868  37.715690    14.0539     5.9375      0.861    31.0505    23.1261 -9.990e-29
 272.704456      0.871  37.708642    14.0528     6.1260      0.864    31.0449    23.1220 -9.990e-29
 272.704462      0.883  37.703164    14.0512     6.1827      0.876    31.0412    23.1195 -9.990e-29
 272.704468      0.900  37.702151    14.0501     6.1657      0.892    31.0411    23.1197 -9.990e-29
 272.704473      0.915  37.725099    14.0501     6.1406      0.907    31.0621    23.1359 -9.990e-29
 272.704479      0.925  37.810004    14.0508     6.1116      0.917    31.1393    23.1953 -9.990e-29
 272.704485      0.931  37.934600    14.0517     6.0881      0.923    31.2528    23.2826 -9.990e-29
 272.704491      0.933  38.015811    14.0526     6.0768      0.925    31.3265    23.3393 -9.990e-29
 272.704497      0.930  38.042136    14.0529     6.0799      0.922    31.3504    23.3577 -9.990e-29
 272.704502      0.928  38.049912    14.0530     6.0714      0.920    31.3575    23.3631 -9.990e-29
 272.704508      0.930  38.051864    14.0532     6.0637      0.922    31.3591    23.3643 -9.990e-29
 272.704514      0.936  38.051833    14.0535     6.0465      0.928    31.3588    23.3641 -9.990e-29
 272.704520      0.947  38.051014    14.0537     6.0441      0.939    31.3579    23.3633 -9.990e-29
 272.704525      0.960  38.049554    14.0540     6.0490      0.952    31.3563    23.3620 -9.990e-29
 272.704531      0.970  38.047861    14.0545     6.0548      0.962    31.3544    23.3604 -9.990e-29
 272.704537      0.978  38.046597    14.0552     6.0134      0.970    31.3526    23.3589 -9.990e-29
 272.704543      0.985  38.046434    14.0560     6.0385      0.977    31.3518    23.3582 -9.990e-29
 272.704549      0.991  38.047272    14.0567     6.0398      0.983    31.3520    23.3582 -9.990e-29
 272.704554      0.998  38.047545    14.0571     6.0487      0.990    31.3519    23.3580 -9.990e-29
 272.704560      1.000  38.047171    14.0576     6.0563      0.992    31.3512    23.3573 -9.990e-29
 272.704566      0.993  38.046889    14.0579     6.0011      0.985    31.3507    23.3569 -9.990e-29
 272.704572      0.983  38.046441    14.0578     6.0356      0.975    31.3504    23.3567 -9.990e-29
 272.704578      0.975  38.045906    14.0578     6.0358      0.967    31.3499    23.3563 -9.990e-29
 272.704583      0.975  38.045810    14.0586     6.0425      0.967    31.3491    23.3555 -9.990e-29
 272.704589      0.978  38.046140    14.0600     6.0488      0.970    31.3483    23.3546 -9.990e-29
 272.704595      0.980  38.046332    14.0614     6.0380      0.972    31.3473    23.3536 -9.990e-29
 272.704601      0.980  38.046197    14.0622     6.0419      0.972    31.3466    23.3528 -9.990e-29
 272.704606      0.980  38.045672    14.0625     6.0422      0.972    31.3458    23.3522 -9.990e-29
 272.704612      0.978  38.044734    14.0625     6.0534      0.970    31.3450    23.3515 -9.990e-29
 272.704618      0.976  38.043931    14.0619     6.0531      0.968    31.3447    23.3515 -9.990e-29
 272.704624      0.972  38.043431    14.0609     6.0470      0.964    31.3451    23.3520 -9.990e-29
 272.704630      0.967  38.042684    14.0602     6.0431      0.959    31.3450    23.3520 -9.990e-29
 272.704635      0.964  38.041929    14.0604     6.0502      0.956    31.3441    23.3513 -9.990e-29
 272.704641      0.968  38.041398    14.0612     6.0544      0.960    31.3430    23.3503 -9.990e-29
 272.704647      0.974  38.041059    14.0616     6.0630      0.966    31.3423    23.3497 -9.990e-29
 272.704653      0.979  38.041137    14.0613     6.0557      0.971    31.3426    23.3500 -9.990e-29
 272.704659      0.983  38.041291    14.0603     6.0430      0.975    31.3436    23.3509 -9.990e-29
 272.704664      0.986  38.041284    14.0599     6.0467      0.978    31.3439    23.3513 -9.990e-29
 272.704670      0.988  38.041223    14.0603     6.0405      0.980    31.3435    23.3509 -9.990e-29
 272.704676      0.990  38.041141    14.0606     6.0433      0.982    31.3432    23.3506 -9.990e-29
 272.704682      0.991  38.041045    14.0607     6.0506      0.983    31.3430    23.3504 -9.990e-29
 272.704687      0.993  38.040925    14.0606     6.0508      0.985    31.3430    23.3504 -9.990e-29
 272.704693      0.993  38.040738    14.0603     6.0474      0.985    31.3431    23.3505 -9.990e-29
 272.704699      0.994  38.040351    14.0600     6.0449      0.986    31.3430    23.3505 -9.990e-29
 272.704705      0.995  38.039925    14.0597     6.0360      0.987    31.3428    23.3505 -9.990e-29
 272.704711      0.996  38.039568    14.0591     6.0356      0.988    31.3430    23.3507 -9.990e-29
 272.704716      0.996  38.038920    14.0583     6.0382      0.988    31.3431    23.3509 -9.990e-29
 272.704722      0.997  38.038356    14.0575     6.0087      0.989    31.3432    23.3512 -9.990e-29
 272.704728      0.998  38.038359    14.0569     6.0357      0.990    31.3437    23.3517 -9.990e-29
 272.704734      0.999  38.038492    14.0565     6.0484      0.991    31.3441    23.3521 -9.990e-29
 272.704740      1.000  38.038488    14.0559     6.0622      0.992    31.3446    23.3526 -9.990e-29
 272.704745      1.001  38.038456    14.0555     6.0639      0.993    31.3449    23.3529 -9.990e-29
 272.704751      1.003  38.037912    14.0556     6.0050      0.995    31.3443    23.3525 -9.990e-29
 272.704757      1.004  38.036245    14.0562     6.0356      0.996    31.3423    23.3508 -9.990e-29
 272.704763      1.007  38.034712    14.0570     6.0498      0.999    31.3402    23.3490 -9.990e-29
 272.704769      1.010  38.035307    14.0574     6.0633      1.002    31.3405    23.3491 -9.990e-29
 272.704774      1.014  38.037259    14.0574     6.0780      1.006    31.3423    23.3505 -9.990e-29
 272.704780      1.015  38.038246    14.0573     6.0660      1.007    31.3432    23.3513 -9.990e-29
 272.704786      1.008  38.038019    14.0574     6.0525      1.000    31.3430    23.3510 -9.990e-29
 272.704792      0.998  38.037512    14.0574     6.0360      0.990    31.3425    23.3507 -9.990e-29
 272.704797      0.992  38.037287    14.0570     6.0294      0.984    31.3426    23.3508 -9.990e-29
 272.704803      0.995  38.037720    14.0560     6.0294      0.987    31.3438    23.3520 -9.990e-29
 272.704809      1.002  38.038386    14.0546     6.0372      0.994    31.3456    23.3536 -9.990e-29
 272.704815      1.009  38.038606    14.0531     6.0485      1.001    31.3470    23.3550 -9.990e-29
 272.704821      1.018  38.038398    14.0526     6.0497      1.010    31.3472    23.3553 -9.990e-29
 272.704826      1.023  38.038087    14.0531     6.0496      1.014    31.3465    23.3546 -9.990e-29
 272.704832      1.021  38.037985    14.0536     6.0485      1.012    31.3460    23.3542 -9.990e-29
 272.704838      1.017  38.037889    14.0538     6.0458      1.009    31.3458    23.3539 -9.990e-29
 272.704844      1.014  38.037211    14.0541     6.0521      1.006    31.3449    23.3532 -9.990e-29
 272.704850      1.012  38.036639    14.0546     6.0532      1.004    31.3440    23.3524 -9.990e-29
 272.704855      1.011  38.037004    14.0550     6.0531      1.003    31.3440    23.3523 -9.990e-29
 272.704861      1.011  38.037583    14.0554     6.0577      1.003    31.3442    23.3524 -9.990e-29
 272.704867      1.012  38.037938    14.0559     6.0689      1.004    31.3441    23.3522 -9.990e-29
 272.704873      1.014  38.038453    14.0564     6.0842      1.006    31.3442    23.3522 -9.990e-29
 272.704878      1.018  38.039167    14.0566     6.0978      1.010    31.3447    23.3525 -9.990e-29
 272.704884      1.022  38.039821    14.0568     6.1014      1.013    31.3451    23.3528 -9.990e-29
 272.704890      1.028  38.040078    14.0574     6.0950      1.019    31.3448    23.3525 -9.990e-29
 272.704896      1.037  38.039633    14.0582     6.0870      1.028    31.3438    23.3515 -9.990e-29
 272.704902      1.043  38.038923    14.0590     6.0681      1.034    31.3425    23.3503 -9.990e-29
 272.704907      1.044  38.038593    14.0599     6.0505      1.035    31.3414    23.3493 -9.990e-29
 272.704913      1.044  38.038677    14.0606     6.0665      1.035    31.3409    23.3488 -9.990e-29
 272.704919      1.047  38.039196    14.0605     6.0908      1.038    31.3415    23.3493 -9.990e-29
 272.704925      1.053  38.040195    14.0600     6.1030      1.044    31.3428    23.3504 -9.990e-29
 272.704931      1.059  38.041234    14.0595     6.1048      1.050    31.3442    23.3515 -9.990e-29
 272.704936      1.056  38.041932    14.0590     6.0436      1.047    31.3452    23.3525 -9.990e-29
 272.704942      1.043  38.042009    14.0589     6.0622      1.034    31.3454    23.3526 -9.990e-29
 272.704948      1.030  38.041478    14.0592     6.0515      1.021    31.3447    23.3520 -9.990e-29
 272.704954      1.018  38.041221    14.0595     6.0454      1.010    31.3442    23.3515 -9.990e-29
 272.704959      1.009  38.041369    14.0595     6.0558      1.001    31.3443    23.3516 -9.990e-29
 272.704965      1.000  38.041469    14.0595     6.0440      0.992    31.3444    23.3517 -9.990e-29
 272.704971      0.991  38.042126    14.0595     6.0736      0.983    31.3450    23.3522 -9.990e-29
 272.704977      0.990  38.044129    14.0591     6.0892      0.982    31.3472    23.3539 -9.990e-29
 272.704983      1.006  38.046698    14.0586     6.1027      0.998    31.3499    23.3562 -9.990e-29
 272.704988      1.027  38.047568    14.0587     6.0953      1.018    31.3506    23.3567 -9.990e-29
 272.704994      1.037  38.046129    14.0591     6.0846      1.028    31.3490    23.3553 -9.990e-29
 272.705000      1.037  38.044292    14.0594     6.0794      1.028    31.3471    23.3538 -9.990e-29
 272.705006      1.035  38.043443    14.0597     6.0816      1.026    31.3460    23.3529 -9.990e-29
 272.705012      1.036  38.043480    14.0597     6.0794      1.027    31.3461    23.3530 -9.990e-29
 272.705017      1.039  38.043805    14.0587     6.0718      1.030    31.3472    23.3540 -9.990e-29
