data/oxygen options/OCNMS/OCNMS1/raw_data/2023/CAST_TH042_230616faed.cnv
* Sea-Bird SBE 19 Data File:
* FileName = C:\Users\OCNMS.Inst\Documents\2023 Mooring Data\Casts\CAST_TH042_230616.hex
* Software Version SeatermAF 2.1.4.55
* Temperature SN = 2997
* Conductivity SN = 2997
* System UpLoad Time = Jun 16 2023 23:26:09 (localtime) = Jun 16 2023 23:26:09 (UTC)
**  CAST_TH042_230616
* ds
# nquan = 9                                 
# nvalues = 1275                        
# units = specified
# name 0 = timeJ: Julian Days
# name 1 = prSM: Pressure, Strain Gauge [db]
# name 2 = c0mS/cm: Conductivity [mS/cm]
# name 3 = t090C: Temperature [ITS-90, deg C]
# name 4 = sbeox0ML/L: Oxygen, SBE 43 [ml/l]
# name 5 = depSM: Depth [salt water, m], lat = 47.5
# name 6 = sal00: Salinity, Practical [PSU]
# name 7 = sigma-é00: Density [sigma-theta, kg/m^3]
# name 8 = flag: flag
# span 0 = 167.918704, 167.926076       
# span 1 =     -5.986,     41.341       
# span 2 =   0.318964,  37.658931       
# span 3 =     7.9959,    15.3688       
# span 4 =    -1.8409,    16.5815       
# span 5 =     -5.936,     40.992       
# span 6 =     0.1892,    33.5398       
# span 7 =    -0.8087,    26.1282       
# span 8 = 0.0000e+00, 0.0000e+00       
# interval = seconds: 0.5
# start_time = Jun 16 2023 22:02:56 [Instrument's time stamp, header]
# bad_flag = -9.990e-29
*END*
[from data line 641]
 167.922413     -0.394   8.742826    13.4536    -1.5819     -0.391     6.4074     4.2717 -9.990e-29
 167.922419     -0.320  18.968241    12.8853    -1.5839     -0.317    15.0357    11.0005 -9.990e-29
 167.922425     -0.240  29.232207    12.5586    -1.5835     -0.238    24.3563    18.2426 -9.990e-29
 167.922431     -0.156  34.737543    12.4210    -1.5834     -0.155    29.5824    22.3085 -9.990e-29
 167.922436     -0.078  36.604737    12.3764    -1.5839     -0.077    31.3903    23.7171 -9.990e-29
 167.922442     -0.012  37.248260    12.3745    -1.5839     -0.012    32.0062    24.1947 -9.990e-29
 167.922448      0.042  37.473469    12.3847    -1.5824      0.042    32.2128    24.3529 -9.990e-29
 167.922454      0.086  37.551505    12.3707    -1.5830      0.085    32.2995    24.4228 -9.990e-29
 167.922459      0.123  37.570172    12.3308    -1.5829      0.122    32.3517    24.4709 -9.990e-29
 167.922465      0.157  37.601428    12.3039    -1.5832      0.156    32.4049    24.5172 -9.990e-29
 167.922471      0.184  37.658931    12.3044    -1.5830      0.182    32.4596    24.5595 -9.990e-29
 167.922477      0.198  37.655181    12.3161    -1.5827      0.196    32.4459    24.5467 -9.990e-29
 167.922483      0.200  37.576768    12.3243    -1.5828      0.198    32.3636    24.4813 -9.990e-29
 167.922488      0.198  37.505712    12.3194    -1.5839      0.196    32.2997    24.4327 -9.990e-29
 167.922494      0.197  37.469972    12.3078    -1.5847      0.195    32.2755    24.4161 -9.990e-29
 167.922500      0.197  37.475121    12.3067    -1.5853      0.195    32.2814    24.4209 -9.990e-29
 167.922506      0.197  37.524660    12.3190    -1.5858      0.195    32.3182    24.4472 -9.990e-29
 167.922512      0.198  37.563064    12.3332    -1.5858      0.196    32.3428    24.4635 -9.990e-29
 167.922517      0.204  37.543492    12.3340    -1.5858      0.202    32.3234    24.4483 -9.990e-29
 167.922523      0.219  37.499800    12.3173    -1.5865      0.217    32.2959    24.4301 -9.990e-29
 167.922529      0.240  37.494190    12.2977    -1.5848      0.238    32.3074    24.4428 -9.990e-29
 167.922535      0.261  37.542714    12.2875    -1.5838      0.259    32.3627    24.4876 -9.990e-29
 167.922541      0.273  37.594653    12.2820    -1.5842      0.271    32.4173    24.5310 -9.990e-29
 167.922546      0.274  37.592634    12.2755    -1.5856      0.272    32.4210    24.5351 -9.990e-29
 167.922552      0.267  37.544048    12.2693    -1.5862      0.265    32.3797    24.5042 -9.990e-29
 167.922558      0.261  37.488882    12.2624    -1.5860      0.259    32.3328    24.4691 -9.990e-29
 167.922564      0.260  37.444902    12.2549    -1.5851      0.258    32.2970    24.4428 -9.990e-29
 167.922569      0.263  37.422379    12.2489    -1.5848      0.261    32.2806    24.4312 -9.990e-29
 167.922575      0.271  37.423216    12.2441    -1.5856      0.269    32.2855    24.4359 -9.990e-29
 167.922581      0.285  37.430598    12.2440    -1.5861      0.283    32.2927    24.4415 -9.990e-29
 167.922587      0.300  37.459968    12.2514    -1.5859      0.297    32.3145    24.4570 -9.990e-29
 167.922593      0.310  37.518552    12.2593    -1.5865      0.307    32.3639    24.4938 -9.990e-29
 167.922598      0.310  37.547759    12.2623    -1.5868      0.307    32.3893    24.5130 -9.990e-29
 167.922604      0.305  37.512578    12.2593    -1.5856      0.302    32.3582    24.4894 -9.990e-29
 167.922610      0.308  37.447902    12.2517    -1.5852      0.305    32.3026    24.4478 -9.990e-29
 167.922616      0.322  37.415963    12.2463    -1.5851      0.319    32.2766    24.4286 -9.990e-29
 167.922622      0.328  37.443648    12.2460    -1.5860      0.325    32.3035    24.4495 -9.990e-29
 167.922627      0.309  37.488310    12.2474    -1.5865      0.306    32.3451    24.4815 -9.990e-29
 167.922633      0.276  37.494644    12.2483    -1.5860      0.274    32.3505    24.4855 -9.990e-29
 167.922639      0.244  37.461012    12.2472    -1.5851      0.242    32.3191    24.4614 -9.990e-29
 167.922645      0.220  37.424371    12.2426    -1.5846      0.218    32.2879    24.4381 -9.990e-29
 167.922650      0.207  37.402537    12.2363    -1.5845      0.205    32.2724    24.4272 -9.990e-29
 167.922656      0.208  37.393850    12.2331    -1.5850      0.206    32.2668    24.4235 -9.990e-29
 167.922662      0.223  37.415297    12.2357    -1.5855      0.221    32.2852    24.4372 -9.990e-29
 167.922668      0.236  37.463539    12.2422    -1.5860      0.234    32.3259    24.4676 -9.990e-29
 167.922674      0.239  37.491408    12.2483    -1.5868      0.237    32.3474    24.4831 -9.990e-29
 167.922679      0.241  37.473314    12.2505    -1.5865      0.239    32.3281    24.4677 -9.990e-29
 167.922685      0.246  37.429954    12.2495    -1.5853      0.244    32.2873    24.4363 -9.990e-29
 167.922691      0.255  37.408282    12.2489    -1.5850      0.253    32.2670    24.4207 -9.990e-29
 167.922697      0.264  37.435427    12.2505    -1.5850      0.262    32.2917    24.4395 -9.990e-29
 167.922703      0.265  37.485955    12.2531    -1.5846      0.263    32.3380    24.4749 -9.990e-29
 167.922708      0.258  37.519107    12.2544    -1.5842      0.256    32.3687    24.4985 -9.990e-29
 167.922714      0.251  37.517459    12.2522    -1.5852      0.249    32.3690    24.4991 -9.990e-29
 167.922720      0.248  37.488338    12.2475    -1.5871      0.246    32.3451    24.4815 -9.990e-29
 167.922726      0.249  37.451185    12.2431    -1.5868      0.247    32.3132    24.4576 -9.990e-29
 167.922731      0.254  37.417528    12.2406    -1.5862      0.252    32.2831    24.4347 -9.990e-29
 167.922737      0.263  37.400755    12.2401    -1.5858      0.261    32.2674    24.4226 -9.990e-29
 167.922743      0.276  37.423882    12.2408    -1.5869      0.274    32.2890    24.4392 -9.990e-29
 167.922749      0.291  37.475164    12.2422    -1.5878      0.289    32.3370    24.4762 -9.990e-29
 167.922755      0.300  37.516531    12.2451    -1.5880      0.297    32.3742    24.5045 -9.990e-29
 167.922760      0.299  37.538707    12.2484    -1.5881      0.297    32.3927    24.5182 -9.990e-29
 167.922766      0.292  37.546051    12.2482    -1.5871      0.290    32.3999    24.5238 -9.990e-29
 167.922772      0.288  37.523702    12.2418    -1.5866      0.286    32.3840    24.5127 -9.990e-29
 167.922778      0.290  37.462033    12.2315    -1.5867      0.288    32.3337    24.4756 -9.990e-29
 167.922784      0.294  37.406555    12.2245    -1.5863      0.292    32.2864    24.4403 -9.990e-29
 167.922789      0.292  37.408232    12.2248    -1.5869      0.290    32.2878    24.4413 -9.990e-29
 167.922795      0.284  37.435120    12.2291    -1.5879      0.282    32.3099    24.4576 -9.990e-29
 167.922801      0.277  37.423906    12.2325    -1.5880      0.275    32.2962    24.4464 -9.990e-29
 167.922807      0.276  37.364681    12.2329    -1.5879      0.274    32.2390    24.4019 -9.990e-29
 167.922812      0.281  37.300613    12.2316    -1.5875      0.279    32.1786    24.3553 -9.990e-29
 167.922818      0.292  37.271212    12.2312    -1.5873      0.290    32.1507    24.3338 -9.990e-29
 167.922824      0.305  37.285456    12.2326    -1.5870      0.302    32.1632    24.3432 -9.990e-29
 167.922830      0.312  37.326479    12.2341    -1.5873      0.309    32.2012    24.3724 -9.990e-29
 167.922836      0.311  37.359903    12.2349    12.6819      0.308    32.2326    24.3966 -9.990e-29
 167.922841      0.305  37.373707    12.2359    16.4252      0.302    32.2450    24.4061 -9.990e-29
 167.922847      0.301  37.367811    12.2370    16.5815      0.298    32.2384    24.4007 -9.990e-29
 167.922853      0.305  37.330994    12.2368    13.7268      0.302    32.2033    24.3735 -9.990e-29
 167.922859      0.317  37.281953    12.2349     7.7602      0.314    32.1578    24.3386 -9.990e-29
 167.922865      0.332  37.258383    12.2326     7.9576      0.329    32.1372    24.3230 -9.990e-29
 167.922870      0.343  37.267513    12.2316     8.2900      0.340    32.1468    24.3307 -9.990e-29
 167.922876      0.348  37.291823    12.2322     8.4046      0.345    32.1696    24.3483 -9.990e-29
 167.922882      0.345  37.313305    12.2332     8.3962      0.342    32.1894    24.3634 -9.990e-29
 167.922888      0.336  37.319143    12.2336     8.3541      0.333    32.1946    24.3674 -9.990e-29
 167.922894      0.323  37.302555    12.2334     8.3121      0.320    32.1789    24.3552 -9.990e-29
 167.922899      0.314  37.269817    12.2326     8.2791      0.311    32.1481    24.3316 -9.990e-29
 167.922905      0.313  37.233317    12.2324     8.2614      0.310    32.1133    24.3046 -9.990e-29
 167.922911      0.316  37.204140    12.2343     8.2319      0.313    32.0837    24.2812 -9.990e-29
 167.922917      0.319  37.188736    12.2371     8.2020      0.316    32.0665    24.2674 -9.990e-29
 167.922922      0.325  37.182049    12.2383     8.1766      0.322    32.0590    24.2614 -9.990e-29
 167.922928      0.336  37.176835    12.2375     8.1641      0.333    32.0547    24.2582 -9.990e-29
 167.922934      0.344  37.173419    12.2368     8.1557      0.341    32.0520    24.2563 -9.990e-29
 167.922940      0.345  37.174520    12.2362     8.1519      0.342    32.0536    24.2576 -9.990e-29
 167.922946      0.338  37.177674    12.2343     8.1578      0.335    32.0583    24.2616 -9.990e-29
 167.922951      0.328  37.177554    12.2314     8.1209      0.325    32.0606    24.2639 -9.990e-29
 167.922957      0.323  37.172873    12.2287     8.1662      0.320    32.0585    24.2628 -9.990e-29
 167.922963      0.322  37.168026    12.2271     8.1827      0.319    32.0552    24.2605 -9.990e-29
 167.922969      0.316  37.167185    12.2272     8.1755      0.313    32.0543    24.2598 -9.990e-29
 167.922975      0.302  37.168659    12.2278     8.1725      0.299    32.0552    24.2604 -9.990e-29
 167.922980      0.282  37.169360    12.2275     8.1045      0.280    32.0561    24.2612 -9.990e-29
 167.922986      0.264  37.168536    12.2260     8.1331      0.262    32.0566    24.2618 -9.990e-29
 167.922992      0.250  37.166759    12.2240     8.1606      0.248    32.0567    24.2622 -9.990e-29
 167.922998      0.241  37.165015    12.2222     8.1647      0.239    32.0565    24.2625 -9.990e-29
 167.923003      0.235  37.163211    12.2208     8.1716      0.233    32.0560    24.2623 -9.990e-29
 167.923009      0.232  37.161734    12.2198     8.1502      0.230    32.0554    24.2621 -9.990e-29
 167.923015      0.232  37.161968    12.2194     8.1592      0.230    32.0560    24.2626 -9.990e-29
 167.923021      0.230  37.163094    12.2193     8.1660      0.228    32.0572    24.2635 -9.990e-29
 167.923027      0.222  37.163243    12.2182     8.1658      0.220    32.0583    24.2646 -9.990e-29
 167.923032      0.217  37.161485    12.2148     8.1757      0.215    32.0595    24.2662 -9.990e-29
 167.923038      0.222  37.156029    12.2077     8.1725      0.220    32.0603    24.2681 -9.990e-29
 167.923044      0.234  37.146874    12.1999     8.1795      0.232    32.0582    24.2680 -9.990e-29
 167.923050      0.244  37.140291    12.1969     8.1786      0.242    32.0545    24.2656 -9.990e-29
 167.923056      0.244  37.140938    12.1986     8.1732      0.242    32.0536    24.2647 -9.990e-29
 167.923061      0.236  37.143505    12.2008     8.1716      0.234    32.0542    24.2647 -9.990e-29
 167.923067      0.226  37.143000    12.2006     8.1684      0.224    32.0539    24.2645 -9.990e-29
 167.923073      0.218  37.142107    12.1988     8.1750      0.216    32.0546    24.2654 -9.990e-29
 167.923079      0.213  37.142988    12.1984     8.1827      0.211    32.0558    24.2664 -9.990e-29
 167.923084      0.209  37.144568    12.1998     8.1848      0.207    32.0561    24.2663 -9.990e-29
 167.923090      0.207  37.145582    12.2010     8.1835      0.205    32.0561    24.2661 -9.990e-29
 167.923096      0.205  37.145133    12.2006     8.1856      0.203    32.0560    24.2661 -9.990e-29
 167.923102      0.205  37.143175    12.1986     8.1845      0.203    32.0558    24.2663 -9.990e-29
 167.923108      0.206  37.140453    12.1963     8.1837      0.204    32.0552    24.2663 -9.990e-29
 167.923113      0.208  37.138928    12.1953     8.1697      0.206    32.0545    24.2660 -9.990e-29
 167.923119      0.212  37.139920    12.1956     8.1575      0.210    32.0552    24.2665 -9.990e-29
 167.923125      0.217  37.141942    12.1964     8.1633      0.215    32.0565    24.2673 -9.990e-29
 167.923131      0.223  37.143200    12.1971     8.1677      0.221    32.0571    24.2676 -9.990e-29
 167.923137      0.232  37.143682    12.1971     8.1613      0.230    32.0576    24.2680 -9.990e-29
 167.923142      0.244  37.142903    12.1966     8.1995      0.242    32.0572    24.2678 -9.990e-29
 167.923148      0.255  37.140934    12.1961     8.2121      0.253    32.0558    24.2668 -9.990e-29
 167.923154      0.261  37.140185    12.1962     8.2094      0.259    32.0550    24.2661 -9.990e-29
 167.923160      0.264  37.140209    12.1966     8.1921      0.262    32.0546    24.2658 -9.990e-29
 167.923166      0.263  37.139349    12.1958     8.1303      0.261    32.0545    24.2658 -9.990e-29
 167.923171      0.263  37.137009    12.1930     8.1666      0.261    32.0547    24.2665 -9.990e-29
 167.923177      0.267  37.133982    12.1903     8.1832      0.265    32.0541    24.2665 -9.990e-29
 167.923183      0.277  37.134067    12.1899     8.1984      0.275    32.0545    24.2669 -9.990e-29
 167.923189      0.287  37.136808    12.1911     8.1993      0.285    32.0561    24.2680 -9.990e-29
 167.923194      0.292  37.138567    12.1920     8.1771      0.290    32.0570    24.2685 -9.990e-29
 167.923200      0.285  37.139440    12.1926     8.1773      0.283    32.0573    24.2686 -9.990e-29
 167.923206      0.268  37.140022    12.1930     8.1860      0.266    32.0575    24.2687 -9.990e-29
 167.923212      0.248  37.138842    12.1925     8.1978      0.246    32.0568    24.2683 -9.990e-29
 167.923218      0.236  37.136559    12.1919     8.1992      0.234    32.0552    24.2671 -9.990e-29
 167.923223      0.230  37.135162    12.1912     8.1973      0.228    32.0544    24.2667 -9.990e-29
 167.923229      0.228  37.133902    12.1896     8.1932      0.226    32.0546    24.2671 -9.990e-29
 167.923235      0.228  37.132208    12.1875     8.1829      0.226    32.0548    24.2676 -9.990e-29
 167.923241      0.231  37.131175    12.1862     8.2000      0.229    32.0549    24.2679 -9.990e-29
 167.923247      0.232  37.131100    12.1854     8.2176      0.230    32.0555    24.2686 -9.990e-29
 167.923252      0.227  37.130750    12.1841     8.2088      0.225    32.0563    24.2694 -9.990e-29
 167.923258      0.220  37.129090    12.1816     8.2048      0.218    32.0568    24.2703 -9.990e-29
 167.923264      0.216  37.126702    12.1786     8.2000      0.214    32.0571    24.2711 -9.990e-29
 167.923270      0.213  37.125434    12.1772     8.1995      0.211    32.0571    24.2713 -9.990e-29
 167.923275      0.212  37.126387    12.1771     8.2056      0.210    32.0581    24.2721 -9.990e-29
 167.923281      0.212  37.128583    12.1781     8.2120      0.210    32.0594    24.2729 -9.990e-29
 167.923287      0.214  37.131019    12.1813     8.2113      0.212    32.0589    24.2720 -9.990e-29
 167.923293      0.218  37.133574    12.1859     8.1990      0.216    32.0575    24.2700 -9.990e-29
 167.923299      0.224  37.135722    12.1891     8.1876      0.222    32.0568    24.2689 -9.990e-29
 167.923304      0.231  37.136398    12.1903     8.1904      0.229    32.0564    24.2683 -9.990e-29
 167.923310      0.238  37.135378    12.1894     8.1888      0.236    32.0562    24.2683 -9.990e-29
 167.923316      0.234  37.132973    12.1862     8.1886      0.232    32.0566    24.2693 -9.990e-29
 167.923322      0.221  37.129890    12.1818     8.2218      0.219    32.0574    24.2707 -9.990e-29
 167.923328      0.210  37.127051    12.1783     8.2146      0.208    32.0577    24.2716 -9.990e-29
