data/oxygen options/OCNMS/OCNMS1/raw_data/2023/CAST_KL027_230928faedb.cnv
* Sea-Bird SBE 19 Data File:
* FileName = C:\Users\OCNMS.Inst\Documents\2023 Mooring Data\Casts\CAST_KL027_230928.hex
* Software Version SeatermAF 2.1.4.55
* Temperature SN = 2997
* Conductivity SN = 2997
* System UpLoad Time = Sep 29 2023 00:22:19 (localtime) = Sep 29 2023 00:22:19 (UTC)
** CAST_KL027_230928
* ds
# nquan = 9
# nvalues = 26                          
# units = specified
# name 0 = timeJ: Julian Days
# name 1 = prSM: Pressure, Strain Gauge [db]
# name 2 = c0mS/cm: Conductivity [mS/cm]
# name 3 = t090C: Temperature [ITS-90, deg C]
# name 4 = sbeox0ML/L: Oxygen, SBE 43 [ml/l]
# name 5 = depSM: Depth [salt water, m], lat = 47.5
# name 6 = sal00: Salinity, Practical [PSU]
# name 7 = sigma-é00: Density [sigma-theta, kg/m^3]
# name 8 = flag: flag
# span 0 = 271.953137, 271.953692       
# span 1 =      2.000,     27.000       
# span 2 =  37.044899,  38.483109       
# span 3 =    13.9011,    14.4257       
# span 4 =     5.3970,     5.9524       
# span 5 =      1.983,     26.773       
# span 6 =    30.2682,    31.8707       
# span 7 =    22.4469,    23.7910       
# span 8 = 0.0000e+00, 0.0000e+00       
# interval = decibars: 1                
# start_time = Sep 28 2023 22:45:00 [Instrument's time stamp, header]
# bad_flag = -9.990e-29
*END*
 271.953137      2.000  37.180780    14.4257     5.9524      1.983    30.2682    22.4469 0.0000e+00
 271.953166      3.000  37.101214    14.3154     5.9157      2.975    30.2819    22.4802 0.0000e+00
 271.953192      4.000  37.053279    14.2424     5.8844      3.967    30.2952    22.5054 0.0000e+00
 271.953214      5.000  37.058711    14.2305     5.8531      4.958    30.3091    22.5185 0.0000e+00
 271.953236      6.000  37.044969    14.2046     5.8379      5.950    30.3166    22.5296 0.0000e+00
 271.953256      7.000  37.044899    14.1863     5.8327      6.942    30.3305    22.5440 0.0000e+00
 271.953276      8.000  37.053305    14.1845     5.8400      7.933    30.3392    22.5512 0.0000e+00
 271.953299      9.000  37.062245    14.1876     5.8072      8.925    30.3446    22.5547 0.0000e+00
 271.953324     10.000  37.063717    14.1843     5.7989      9.916    30.3481    22.5581 0.0000e+00
 271.953344     11.000  37.070522    14.1811     5.8019     10.908    30.3565    22.5653 0.0000e+00
 271.953363     12.000  37.073131    14.1795     5.8110     11.899    30.3597    22.5681 0.0000e+00
 271.953384     13.000  37.073273    14.1781     5.8139     12.891    30.3606    22.5691 0.0000e+00
 271.953409     14.000  37.072815    14.1772     5.7790     13.883    30.3605    22.5692 0.0000e+00
 271.953430     15.000  37.073734    14.1731     5.7378     14.874    30.3642    22.5729 0.0000e+00
 271.953449     16.000  37.091427    14.1807     5.6884     15.866    30.3740    22.5790 0.0000e+00
 271.953470     17.000  37.167936    14.2120     5.6577     16.857    30.4186    22.6070 0.0000e+00
 271.953492     18.000  37.226751    14.2250     5.6267     17.849    30.4615    22.6375 0.0000e+00
 271.953515     19.000  37.256390    14.2252     5.5843     18.840    30.4879    22.6578 0.0000e+00
 271.953537     20.000  37.324583    14.2166     5.5431     19.832    30.5564    22.7124 0.0000e+00
 271.953559     21.000  37.525382    14.1945     5.4915     20.824    30.7565    22.8713 0.0000e+00
 271.953581     22.000  37.927830    14.1334     5.4789     21.815    31.1727    23.2048 0.0000e+00
 271.953600     23.000  38.382543    14.0532     5.4989     22.807    31.6541    23.5925 0.0000e+00
 271.953623     24.000  38.394983    14.0177     5.4813     23.798    31.6944    23.6310 0.0000e+00
 271.953649     25.000  38.235819    14.0176     5.3970     24.790    31.5478    23.5179 0.0000e+00
 271.953668     26.000  38.427510    13.9139     5.4144     25.782    31.8093    23.7409 0.0000e+00
 271.953692     27.000  38.483109    13.9011     5.4599     26.773    31.8707    23.7910 0.0000e+00
