data/oxygen options/OCNMS/OCNMS1/raw_data/2023/CAST_TH042_230616faed.cnv
* Sea-Bird SBE 19 Data File:
* FileName = C:\Users\OCNMS.Inst\Documents\2023 Mooring Data\Casts\CAST_TH042_230616.hex
* Software Version SeatermAF 2.1.4.55
* Temperature SN = 2997
* Conductivity SN = 2997
* System UpLoad Time = Jun 16 2023 23:26:09 (localtime) = Jun 16 2023 23:26:09 (UTC)
**  CAST_TH042_230616
* ds
# nquan = 9                                 
# nvalues = 1275                        
# units = specified
# name 0 = timeJ: Julian Days
# name 1 = prSM: Pressure, Strain Gauge [db]
# name 2 = c0mS/cm: Conductivity [mS/cm]
# name 3 = t090C: Temperature [ITS-90, deg C]
# name 4 = sbeox0ML/L: Oxygen, SBE 43 [ml/l]
# name 5 = depSM: Depth [salt water, m], lat = 47.5
# name 6 = sal00: Salinity, Practical [PSU]
# name 7 = sigma-é00: Density [sigma-theta, kg/m^3]
# name 8 = flag: flag
# span 0 = 167.918704, 167.926076       
# span 1 =     -5.986,     41.341       
# span 2 =   0.318964,  37.658931       
# span 3 =     7.9959,    15.3688       
# span 4 =    -1.8409,    16.5815       
# span 5 =     -5.936,     40.992       
# span 6 =     0.1892,    33.5398       
# span 7 =    -0.8087,    26.1282       
# span 8 = 0.0000e+00, 0.0000e+00       
# interval = seconds: 0.5
# start_time = Jun 16 2023 22:02:56 [Instrument's time stamp, header]
# bad_flag = -9.990e-29
*END*
[from data line 161]
 167.919635     -2.712   0.338322    15.2506    -1.8186     -2.689     0.2013    -0.7811 -9.990e-29
 167.919641     -2.691   0.338739    15.2340    -1.8184     -2.669     0.2017    -0.7783 -9.990e-29
 167.919647     -2.666   0.338951    15.2140    -1.8180     -2.644     0.2019    -0.7750 -9.990e-29
 167.919653     -2.637   0.339241    15.1991    -1.8176     -2.615     0.2021    -0.7725 -9.990e-29
 167.919659     -2.613   0.339441    15.1915    -1.8173     -2.591     0.2023    -0.7712 -9.990e-29
 167.919664     -2.595   0.339263    15.1886    -1.8176     -2.573     0.2022    -0.7709 -9.990e-29
 167.919670     -2.583   0.339022    15.1873    -1.8183     -2.561     0.2021    -0.7708 -9.990e-29
 167.919676     -2.576   0.338950    15.1852    -1.8187     -2.555     0.2020    -0.7705 -9.990e-29
 167.919682     -2.569   0.338951    15.1828    -1.8190     -2.548     0.2020    -0.7701 -9.990e-29
 167.919688     -2.558   0.339025    15.1831    -1.8195     -2.537     0.2021    -0.7701 -9.990e-29
 167.919693     -2.546   0.339269    15.1873    -1.8200     -2.525     0.2022    -0.7707 -9.990e-29
 167.919699     -2.536   0.339453    15.1940    -1.8199     -2.515     0.2023    -0.7716 -9.990e-29
 167.919705     -2.528   0.339268    15.2004    -1.8200     -2.507     0.2022    -0.7727 -9.990e-29
 167.919711     -2.522   0.339022    15.2026    -1.8200     -2.501     0.2020    -0.7732 -9.990e-29
 167.919716     -2.517   0.338939    15.1975    -1.8199     -2.496     0.2020    -0.7724 -9.990e-29
 167.919722     -2.512   0.338909    15.1874    -1.8196     -2.491     0.2020    -0.7708 -9.990e-29
 167.919728     -2.508   0.338891    15.1769    -1.8193     -2.487     0.2020    -0.7692 -9.990e-29
 167.919734     -2.504   0.338861    15.1668    -1.8193     -2.483     0.2021    -0.7676 -9.990e-29
 167.919740     -2.499   0.338778    15.1565    -1.8193     -2.478     0.2021    -0.7661 -9.990e-29
 167.919745     -2.495   0.338530    15.1484    -1.8191     -2.474     0.2020    -0.7649 -9.990e-29
 167.919751     -2.489   0.338341    15.1447    -1.8190     -2.468     0.2019    -0.7644 -9.990e-29
 167.919757     -2.482   0.338513    15.1435    -1.8186     -2.461     0.2020    -0.7641 -9.990e-29
 167.919763     -2.474   0.338719    15.1440    -1.8196     -2.453     0.2021    -0.7641 -9.990e-29
 167.919769     -2.464   0.338679    15.1473    -1.8201     -2.443     0.2021    -0.7647 -9.990e-29
 167.919774     -2.452   0.338337    15.1525    -1.8199     -2.432     0.2018    -0.7656 -9.990e-29
 167.919780     -2.440   0.337792    15.1572    -1.8202     -2.420     0.2015    -0.7666 -9.990e-29
 167.919786     -2.433   0.337426    15.1601    -1.8206     -2.413     0.2012    -0.7673 -9.990e-29
 167.919792     -2.425   0.337304    15.1620    -1.8202     -2.405     0.2011    -0.7676 -9.990e-29
 167.919797     -2.416   0.337262    15.1641    -1.8196     -2.396     0.2011    -0.7680 -9.990e-29
 167.919803     -2.410   0.337244    15.1661    -1.8188     -2.390     0.2011    -0.7683 -9.990e-29
 167.919809     -2.402   0.337226    15.1642    -1.8190     -2.382     0.2011    -0.7680 -9.990e-29
 167.919815     -2.388   0.337184    15.1558    -1.8195     -2.368     0.2011    -0.7667 -9.990e-29
 167.919821     -2.370   0.337061    15.1473    -1.8194     -2.350     0.2011    -0.7654 -9.990e-29
 167.919826     -2.357   0.336691    15.1423    -1.8193     -2.337     0.2009    -0.7648 -9.990e-29
 167.919832     -2.351   0.336136    15.1380    -1.8192     -2.331     0.2005    -0.7644 -9.990e-29
 167.919838     -2.348   0.335762    15.1370    -1.8190     -2.328     0.2003    -0.7644 -9.990e-29
 167.919844     -2.340   0.335626    15.1435    -1.8189     -2.320     0.2002    -0.7655 -9.990e-29
 167.919850     -2.325   0.335544    15.1548    -1.8183     -2.306     0.2001    -0.7673 -9.990e-29
 167.919855     -2.312   0.335408    15.1637    -1.8179     -2.293     0.2000    -0.7688 -9.990e-29
 167.919861     -2.303   0.335034    15.1648    -1.8174     -2.284     0.1998    -0.7691 -9.990e-29
 167.919867     -2.299   0.334478    15.1617    -1.8169     -2.280     0.1994    -0.7689 -9.990e-29
 167.919873     -2.294   0.334108    15.1613    -1.8165     -2.275     0.1992    -0.7690 -9.990e-29
 167.919878     -2.284   0.333984    15.1637    -1.8163     -2.265     0.1991    -0.7694 -9.990e-29
 167.919884     -2.273   0.333939    15.1669    -1.8163     -2.254     0.1991    -0.7700 -9.990e-29
 167.919890     -2.264   0.333912    15.1713    -1.8164     -2.245     0.1990    -0.7707 -9.990e-29
 167.919896     -2.257   0.333867    15.1783    -1.8164     -2.238     0.1990    -0.7718 -9.990e-29
 167.919902     -2.251   0.333742    15.1885    -1.8163     -2.232     0.1989    -0.7734 -9.990e-29
 167.919907     -2.247   0.333372    15.2004    -1.8162     -2.228     0.1986    -0.7755 -9.990e-29
 167.919913     -2.242   0.332817    15.2123    -1.8158     -2.223     0.1982    -0.7776 -9.990e-29
 167.919919     -2.239   0.332443    15.2233    -1.8163     -2.220     0.1979    -0.7795 -9.990e-29
 167.919925     -2.235   0.332306    15.2319    -1.8179     -2.216     0.1978    -0.7810 -9.990e-29
 167.919931     -2.231   0.332225    15.2372    -1.8194     -2.212     0.1977    -0.7818 -9.990e-29
 167.919936     -2.226   0.332088    15.2394    -1.8211     -2.207     0.1976    -0.7822 -9.990e-29
 167.919942     -2.221   0.331714    15.2397    -1.8224     -2.202     0.1974    -0.7825 -9.990e-29
 167.919948     -2.215   0.331157    15.2401    -1.8227     -2.197     0.1970    -0.7828 -9.990e-29
 167.919954     -2.208   0.330783    15.2414    -1.8224     -2.190     0.1968    -0.7832 -9.990e-29
 167.919959     -2.198   0.330646    15.2429    -1.8223     -2.180     0.1967    -0.7835 -9.990e-29
 167.919965     -2.187   0.330564    15.2399    -1.8222     -2.169     0.1967    -0.7830 -9.990e-29
 167.919971     -2.172   0.330427    15.2247    -1.8219     -2.154     0.1967    -0.7807 -9.990e-29
 167.919977     -2.157   0.330052    15.1957    -1.8216     -2.139     0.1966    -0.7763 -9.990e-29
 167.919983     -2.145   0.329492    15.1598    -1.8212     -2.127     0.1964    -0.7709 -9.990e-29
 167.919988     -2.133   0.329109    15.1251    -1.8205     -2.115     0.1963    -0.7657 -9.990e-29
 167.919994     -2.117   0.328945    15.0992    -1.8200     -2.099     0.1964    -0.7617 -9.990e-29
 167.920000     -2.103   0.328781    15.0868    -1.8196     -2.085     0.1963    -0.7599 -9.990e-29
 167.920006     -2.089   0.328398    15.0848    -1.8192     -2.072     0.1961    -0.7597 -9.990e-29
 167.920012     -2.078   0.327840    15.0870    -1.8191     -2.061     0.1957    -0.7603 -9.990e-29
 167.920017     -2.074   0.327469    15.0912    -1.8188     -2.057     0.1955    -0.7612 -9.990e-29
 167.920023     -2.072   0.327344    15.0978    -1.8184     -2.055     0.1954    -0.7623 -9.990e-29
 167.920029     -2.064   0.327299    15.1068    -1.8181     -2.047     0.1953    -0.7637 -9.990e-29
 167.920035     -2.050   0.327272    15.1183    -1.8177     -2.033     0.1953    -0.7655 -9.990e-29
 167.920041     -2.036   0.327227    15.1316    -1.8169     -2.019     0.1952    -0.7676 -9.990e-29
 167.920046     -2.027   0.327102    15.1441    -1.8166     -2.010     0.1950    -0.7696 -9.990e-29
 167.920052     -2.022   0.326731    15.1547    -1.8164     -2.005     0.1948    -0.7714 -9.990e-29
 167.920058     -2.020   0.326172    15.1634    -1.8159     -2.003     0.1944    -0.7731 -9.990e-29
 167.920064     -2.017   0.325789    15.1712    -1.8154     -2.000     0.1941    -0.7745 -9.990e-29
 167.920069     -2.009   0.325626    15.1795    -1.8149     -1.992     0.1940    -0.7758 -9.990e-29
 167.920075     -1.999   0.325462    15.1886    -1.8147     -1.982     0.1938    -0.7773 -9.990e-29
 167.920081     -1.991   0.325079    15.1987    -1.8148     -1.974     0.1936    -0.7791 -9.990e-29
 167.920087     -1.985   0.324521    15.2110    -1.8150     -1.968     0.1932    -0.7813 -9.990e-29
 167.920093     -1.980   0.324150    15.2240    -1.8147     -1.963     0.1929    -0.7835 -9.990e-29
 167.920098     -1.975   0.324026    15.2348    -1.8144     -1.959     0.1927    -0.7853 -9.990e-29
 167.920104     -1.971   0.323984    15.2442    -1.8142     -1.955     0.1927    -0.7868 -9.990e-29
 167.920110     -1.967   0.323966    15.2549    -1.8141     -1.951     0.1926    -0.7885 -9.990e-29
 167.920116     -1.963   0.323948    15.2664    -1.8139     -1.947     0.1926    -0.7903 -9.990e-29
 167.920122     -1.959   0.323906    15.2762    -1.8136     -1.943     0.1925    -0.7919 -9.990e-29
 167.920127     -1.954   0.323782    15.2819    -1.8130     -1.938     0.1924    -0.7928 -9.990e-29
 167.920133     -1.948   0.323412    15.2836    -1.8128     -1.932     0.1922    -0.7933 -9.990e-29
 167.920139     -1.941   0.322857    15.2850    -1.8138     -1.925     0.1918    -0.7938 -9.990e-29
 167.920145     -1.932   0.322486    15.2892    -1.8147     -1.916     0.1916    -0.7946 -9.990e-29
 167.920150     -1.921   0.322362    15.2950    -1.8150     -1.905     0.1915    -0.7956 -9.990e-29
 167.920156     -1.911   0.322319    15.3000    -1.8154     -1.895     0.1914    -0.7964 -9.990e-29
 167.920162     -1.906   0.322301    15.3044    -1.8156     -1.890     0.1914    -0.7971 -9.990e-29
 167.920168     -1.901   0.322282    15.3100    -1.8156     -1.885     0.1914    -0.7980 -9.990e-29
 167.920174     -1.892   0.322239    15.3175    -1.8155     -1.876     0.1913    -0.7992 -9.990e-29
 167.920179     -1.878   0.322114    15.3239    -1.8153     -1.862     0.1912    -0.8003 -9.990e-29
 167.920185     -1.858   0.321744    15.3225    -1.8149     -1.843     0.1910    -0.8002 -9.990e-29
 167.920191     -1.836   0.321189    15.3106    -1.8145     -1.821     0.1907    -0.7986 -9.990e-29
 167.920197     -1.819   0.320819    15.2953    -1.8140     -1.804     0.1905    -0.7963 -9.990e-29
 167.920203     -1.809   0.320695    15.2826    -1.8134     -1.794     0.1905    -0.7944 -9.990e-29
 167.920208     -1.806   0.320654    15.2730    -1.8128     -1.791     0.1905    -0.7929 -9.990e-29
 167.920214     -1.806   0.320640    15.2677    -1.8124     -1.791     0.1906    -0.7921 -9.990e-29
 167.920220     -1.799   0.320634    15.2674    -1.8117     -1.784     0.1905    -0.7920 -9.990e-29
 167.920226     -1.786   0.320631    15.2707    -1.8114     -1.771     0.1905    -0.7925 -9.990e-29
 167.920231     -1.775   0.320625    15.2768    -1.8113     -1.760     0.1905    -0.7935 -9.990e-29
 167.920237     -1.768   0.320611    15.2852    -1.8119     -1.753     0.1905    -0.7948 -9.990e-29
 167.920243     -1.766   0.320570    15.2956    -1.8125     -1.751     0.1904    -0.7965 -9.990e-29
 167.920249     -1.764   0.320448    15.3083    -1.8127     -1.749     0.1903    -0.7986 -9.990e-29
 167.920255     -1.757   0.320081    15.3226    -1.8129     -1.742     0.1900    -0.8010 -9.990e-29
 167.920260     -1.750   0.319535    15.3368    -1.8129     -1.735     0.1896    -0.8035 -9.990e-29
 167.920266     -1.746   0.319192    15.3502    -1.8128     -1.731     0.1893    -0.8058 -9.990e-29
 167.920272     -1.745   0.319150    15.3617    -1.8126     -1.730     0.1892    -0.8077 -9.990e-29
 167.920278     -1.743   0.319355    15.3688    -1.8124     -1.728     0.1893    -0.8087 -9.990e-29
 167.920284     -1.735   0.319526    15.3686    -1.8124     -1.721     0.1894    -0.8086 -9.990e-29
 167.920289     -1.725   0.319336    15.3610    -1.8129     -1.711     0.1893    -0.8075 -9.990e-29
 167.920295     -1.717   0.319088    15.3514    -1.8130     -1.703     0.1892    -0.8060 -9.990e-29
 167.920301     -1.710   0.319005    15.3444    -1.8135     -1.696     0.1892    -0.8050 -9.990e-29
 167.920307     -1.704   0.318977    15.3402    -1.8140     -1.690     0.1892    -0.8043 -9.990e-29
 167.920312     -1.699   0.318967    15.3387    -1.8144     -1.685     0.1892    -0.8041 -9.990e-29
 167.920318     -1.693   0.318964    15.3401    -1.8148     -1.679     0.1892    -0.8043 -9.990e-29
 167.920324     -1.687   0.318964    15.3431    -1.8138     -1.673     0.1892    -0.8048 -9.990e-29
 167.920330     -1.681   0.318966    15.3452    -1.8117     -1.667     0.1892    -0.8051 -9.990e-29
 167.920336     -1.673   0.318975    15.3437    -1.8114     -1.659     0.1892    -0.8049 -9.990e-29
 167.920341     -1.664   0.319002    15.3382    -1.8116     -1.650     0.1892    -0.8040 -9.990e-29
 167.920347     -1.656   0.319084    15.3301    -1.8117     -1.642     0.1893    -0.8027 -9.990e-29
 167.920353     -1.655   0.319333    15.3200    -1.8119     -1.641     0.1895    -0.8009 -9.990e-29
 167.920359     -1.655   0.320079    15.3089    -1.8121     -1.641     0.1900    -0.7988 -9.990e-29
 167.920365     -1.653   0.322320    15.2987    -1.8125     -1.639     0.1914    -0.7962 -9.990e-29
 167.920370     -1.648   0.329041    15.2909    -1.8127     -1.634     0.1955    -0.7918 -9.990e-29
 167.920376     -1.639   0.349207    15.2873    -1.8119     -1.625     0.2078    -0.7818 -9.990e-29
 167.920382     -1.631   0.408596    15.2873    -1.8108     -1.617     0.2440    -0.7537 -9.990e-29
 167.920388     -1.627   0.528727    15.2891    -1.8101     -1.613     0.3180    -0.6967 -9.990e-29
 167.920394     -1.623   0.662379    15.2906    -1.8099     -1.609     0.4013    -0.6325 -9.990e-29
 167.920399     -1.619   0.733766    15.2897    -1.8100     -1.605     0.4463    -0.5976 -9.990e-29
 167.920405     -1.618   0.743794    15.2858    -1.8113     -1.605     0.4526    -0.5921 -9.990e-29
 167.920411     -1.616   0.738002    15.2791    -1.8138     -1.603     0.4490    -0.5938 -9.990e-29
 167.920417     -1.614   0.738616    15.2712    -1.8155     -1.601     0.4495    -0.5922 -9.990e-29
 167.920422     -1.614   0.749783    15.2670    -1.8172     -1.601     0.4566    -0.5861 -9.990e-29
 167.920428     -1.614   0.773082    15.2707    -1.8178     -1.601     0.4713    -0.5753 -9.990e-29
 167.920434     -1.608   0.809630    15.2793    -1.8183     -1.595     0.4944    -0.5588 -9.990e-29
 167.920440     -1.597   0.856579    15.2860    -1.8182     -1.584     0.5241    -0.5369 -9.990e-29
 167.920446     -1.579   0.904980    15.2860    -1.8177     -1.566     0.5550    -0.5130 -9.990e-29
 167.920451     -1.557   0.942272    15.2742    -1.8172     -1.544     0.5790    -0.4927 -9.990e-29
 167.920457     -1.540   0.961050    15.2454    -1.8166     -1.527     0.5914    -0.4786 -9.990e-29
 167.920463     -1.529   0.963609    15.2041    -1.8159     -1.516     0.5937    -0.4704 -9.990e-29
 167.920469     -1.525   0.956689    15.1626    -1.8157     -1.512     0.5898    -0.4670 -9.990e-29
 167.920475     -1.523   0.946040    15.1299    -1.8168     -1.510     0.5835    -0.4669 -9.990e-29
 167.920480     -1.518   0.934659    15.1086    -1.8176     -1.505     0.5765    -0.4690 -9.990e-29
 167.920486     -1.515   0.924567    15.0983    -1.8183     -1.502     0.5701    -0.4723 -9.990e-29
 167.920492     -1.513   0.917841    15.0985    -1.8188     -1.500     0.5658    -0.4757 -9.990e-29
 167.920498     -1.508   0.913832    15.1063    -1.8192     -1.495     0.5631    -0.4790 -9.990e-29
 167.920503     -1.503   0.910523    15.1175    -1.8196     -1.490     0.5609    -0.4825 -9.990e-29
 167.920509     -1.499   0.908494    15.1301    -1.8201     -1.486     0.5594    -0.4855 -9.990e-29
 167.920515     -1.490   0.908922    15.1403    -1.8201     -1.478     0.5595    -0.4870 -9.990e-29
 167.920521     -1.482   0.909607    15.1407    -1.8198     -1.470     0.5599    -0.4867 -9.990e-29
 167.920527     -1.476   0.907023    15.1288    -1.8202     -1.464     0.5585    -0.4861 -9.990e-29
 167.920532     -1.474   0.901054    15.1119    -1.8207     -1.462     0.5549    -0.4862 -9.990e-29
 167.920538     -1.475   0.894282    15.0961    -1.8209     -1.463     0.5507    -0.4870 -9.990e-29
 167.920544     -1.478   0.888217    15.0830    -1.8201     -1.466     0.5470    -0.4879 -9.990e-29
 167.920550     -1.480   0.882539    15.0726    -1.8196     -1.468     0.5435    -0.4890 -9.990e-29
