data/oxygen options/OCNMS/OCNMS1/raw_data/2023/CAST_CE015_230830faed.cnv
* Sea-Bird SBE 19 Data File:
* FileName = C:\Users\OCNMS.Inst\Documents\2023 Mooring Data\Casts\CAST_CE015_230830.hex
* Software Version SeatermAF 2.1.4.55
* Temperature SN = 2997
* Conductivity SN = 2997
* System UpLoad Time = Aug 30 2023 20:31:14 (localtime) = Aug 30 2023 20:31:14 (UTC)
** CAST_CE015_230830
* ds
# nquan = 9                                 
# nvalues = 1079                        
# units = specified
# name 0 = timeJ: Julian Days
# name 1 = prSM: Pressure, Strain Gauge [db]
# name 2 = c0mS/cm: Conductivity [mS/cm]
# name 3 = t090C: Temperature [ITS-90, deg C]
# name 4 = sbeox0ML/L: Oxygen, SBE 43 [ml/l]
# name 5 = depSM: Depth [salt water, m], lat = 47.5
# name 6 = sal00: Salinity, Practical [PSU]
# name 7 = sigma-é00: Density [sigma-theta, kg/m^3]
# name 8 = flag: flag
# span 0 = 242.808669, 242.814907       
# span 1 =     -6.237,     13.649       
# span 2 =   0.532842,  41.785412       
# span 3 =    14.0428,    19.0046       
# span 4 =    -1.7107,    12.9933       
# span 5 =     -6.185,     13.535       
# span 6 =     0.2957,    33.2048       
# span 7 =    -1.3655,    24.7230       
# span 8 = 0.0000e+00, 0.0000e+00       
# interval = seconds: 0.5
# start_time = Aug 30 2023 19:24:29 [Instrument's time stamp, header]
# bad_flag = -9.990e-29
*END*
[from data line 961]
 242.814230     13.624  39.963393    14.0490     6.8397     13.510    33.1176    24.7230 -9.990e-29
 242.814236     13.649  39.916616    14.0428     6.8464     13.535    33.0797    24.6950 -9.990e-29
 242.814242     13.609  39.884844    14.0579     6.9135     13.495    33.0374    24.6592 -9.990e-29
 242.814248     13.502  39.894588    14.0820     6.9503     13.389    33.0258    24.6452 -9.990e-29
 242.814253     13.339  39.926480    14.1033     6.9951     13.227    33.0370    24.6494 0.0000e+00
 242.814259     13.137  39.958022    14.1165     7.0193     13.027    33.0549    24.6605 0.0000e+00
 242.814265     12.920  39.982686    14.1256     7.0225     12.812    33.0699    24.6702 0.0000e+00
 242.814271     12.703  39.997474    14.1357     7.0334     12.597    33.0749    24.6720 0.0000e+00
 242.814277     12.493  40.009953    14.1467     7.0471     12.388    33.0771    24.6713 0.0000e+00
 242.814282     12.291  40.024995    14.1571     7.0568     12.188    33.0821    24.6730 0.0000e+00
 242.814288     12.088  40.038558    14.1686     7.0693     11.987    33.0848    24.6727 0.0000e+00
 242.814294     11.874  40.049673    14.1837     7.0851     11.775    33.0822    24.6675 0.0000e+00
 242.814300     11.646  40.059152    14.1992     7.1005     11.548    33.0777    24.6609 0.0000e+00
 242.814306     11.397  40.065624    14.2111     7.1266     11.302    33.0736    24.6552 0.0000e+00
 242.814311     11.129  40.070436    14.2210     7.1501     11.036    33.0696    24.6500 0.0000e+00
 242.814317     10.849  40.076084    14.2313     7.1923     10.758    33.0661    24.6452 0.0000e+00
 242.814323     10.562  40.082257    14.2432     7.2376     10.474    33.0617    24.6393 0.0000e+00
 242.814329     10.267  40.088782    14.2566     7.2619     10.181    33.0564    24.6323 0.0000e+00
 242.814334      9.966  40.095396    14.2689     7.2850      9.883    33.0520    24.6264 0.0000e+00
 242.814340      9.666  40.100831    14.2787     7.2903      9.585    33.0488    24.6218 0.0000e+00
 242.814346      9.373  40.105053    14.2869     7.2955      9.295    33.0457    24.6178 0.0000e+00
 242.814352      9.090  40.107530    14.2941     7.3074      9.014    33.0420    24.6133 0.0000e+00
 242.814358      8.812  40.107646    14.3011     7.3140      8.738    33.0362    24.6074 0.0000e+00
 242.814363      8.535  40.106117    14.3089     7.3309      8.464    33.0282    24.5996 0.0000e+00
 242.814369      8.257  40.104269    14.3164     7.3424      8.188    33.0202    24.5919 0.0000e+00
 242.814375      7.978  40.103005    14.3224     7.3669      7.911    33.0141    24.5858 0.0000e+00
 242.814381      7.698  40.101763    14.3271     7.3943      7.634    33.0090    24.5809 0.0000e+00
 242.814387      7.416  40.100011    14.3305     7.4183      7.354    33.0046    24.5768 0.0000e+00
 242.814392      7.131  40.097655    14.3333     7.4326      7.071    33.0002    24.5728 0.0000e+00
 242.814398      6.841  40.094361    14.3366     7.4507      6.784    32.9945    24.5677 0.0000e+00
 242.814404      6.547  40.090782    14.3393     7.4854      6.492    32.9890    24.5629 0.0000e+00
 242.814410      6.250  40.087753    14.3406     7.5074      6.198    32.9852    24.5597 0.0000e+00
 242.814416      5.958  40.084040    14.3412     7.5124      5.908    32.9814    24.5566 0.0000e+00
 242.814421      5.673  40.077496    14.3421     7.5132      5.626    32.9747    24.5513 0.0000e+00
 242.814427      5.389  40.069487    14.3449     7.6133      5.344    32.9651    24.5433 0.0000e+00
 242.814433      5.102  40.061106    14.3532     7.7332      5.059    32.9505    24.5302 0.0000e+00
 242.814439      4.815  40.052949    14.3735     7.8681      4.775    32.9258    24.5069 0.0000e+00
 242.814444      4.531  40.051514    14.4071     7.9983      4.493    32.8960    24.4768 0.0000e+00
 242.814450      4.250  40.060496    14.4427     8.0447      4.214    32.8741    24.4524 0.0000e+00
 242.814456      3.969  40.081787    14.4837     8.1019      3.936    32.8589    24.4321 0.0000e+00
 242.814462      3.689  40.124727    14.5698     8.1518      3.658    32.8253    24.3879 0.0000e+00
 242.814468      3.410  40.198937    14.7214     8.1705      3.382    32.7650    24.3092 0.0000e+00
 242.814473      3.129  40.318736    14.9001     8.1735      3.103    32.7235    24.2390 0.0000e+00
 242.814479      2.852  40.473483    15.0579     8.1472      2.828    32.7312    24.2109 0.0000e+00
 242.814485      2.585  40.625725    15.1831     8.1203      2.563    32.7637    24.2088 0.0000e+00
 242.814491      2.333  40.787359    15.2776     8.1262      2.314    32.8300    24.2393 0.0000e+00
 242.814497      2.099  40.936821    15.3495     8.1069      2.081    32.9040    24.2805 0.0000e+00
 242.814502      1.878  41.021174    15.4232     8.0811      1.862    32.9179    24.2750 0.0000e+00
 242.814508      1.667  41.073869    15.4980     8.0337      1.653    32.9026    24.2467 0.0000e+00
 242.814514      1.463  41.116967    15.5601     7.9977      1.451    32.8893    24.2228 0.0000e+00
 242.814520      1.273  41.154133    15.6132     8.0021      1.262    32.8782    24.2025 0.0000e+00
 242.814525      1.100  41.200744    15.6543     8.0350      1.091    32.8855    24.1990 0.0000e+00
 242.814531      0.951  41.247206    15.6805     8.0638      0.943    32.9051    24.2082 -9.990e-29
 242.814537      0.829  41.287089    15.6940     8.0453      0.822    32.9294    24.2239 -9.990e-29
 242.814543      0.734  41.295099    15.6924     8.0375      0.728    32.9379    24.2308 -9.990e-29
 242.814549      0.666  41.267345    15.6825     8.0410      0.660    32.9215    24.2204 -9.990e-29
 242.814554      0.615  41.252594    15.6793     8.0234      0.610    32.9110    24.2131 -9.990e-29
 242.814560      0.575  41.270978    15.6959     8.0087      0.570    32.9136    24.2113 -9.990e-29
 242.814566      0.542  41.318414    15.7323     8.0002      0.537    32.9255    24.2123 -9.990e-29
 242.814572      0.514  41.373500    15.7658     8.0022      0.510    32.9465    24.2211 -9.990e-29
 242.814578      0.490  41.395328    15.7817     8.0077      0.486    32.9527    24.2222 -9.990e-29
 242.814583      0.468  41.390026    15.7925     8.0136      0.464    32.9390    24.2093 -9.990e-29
 242.814589      0.447  41.389775    15.8075     8.0133      0.443    32.9262    24.1962 -9.990e-29
 242.814595      0.429  41.400407    15.8208     8.0105      0.425    32.9246    24.1919 -9.990e-29
 242.814601      0.418  41.412556    15.8295     8.0003      0.415    32.9282    24.1927 -9.990e-29
 242.814606      0.409  41.423922    15.8351     7.9685      0.406    32.9336    24.1956 -9.990e-29
 242.814612      0.401  41.433408    15.8365     8.0082      0.398    32.9408    24.2009 -9.990e-29
 242.814618      0.398  41.435722    15.8350     8.0262      0.395    32.9442    24.2038 -9.990e-29
 242.814624      0.396  41.435634    15.8348     8.0588      0.393    32.9442    24.2039 -9.990e-29
 242.814630      0.394  41.437511    15.8361     8.0497      0.391    32.9448    24.2041 -9.990e-29
 242.814635      0.397  41.437687    15.8369     7.9867      0.394    32.9443    24.2035 -9.990e-29
 242.814641      0.400  41.435837    15.8370     7.9879      0.397    32.9426    24.2021 -9.990e-29
 242.814647      0.399  41.433418    15.8382     7.9753      0.396    32.9394    24.1994 -9.990e-29
 242.814653      0.395  41.436734    15.8425     7.9956      0.392    32.9388    24.1980 -9.990e-29
 242.814659      0.387  41.448525    15.8484     8.0313      0.384    32.9444    24.2009 -9.990e-29
 242.814664      0.375  41.455923    15.8518     8.0612      0.372    32.9481    24.2031 -9.990e-29
 242.814670      0.361  41.451973    15.8473     8.0959      0.358    32.9483    24.2043 -9.990e-29
 242.814676      0.346  41.439820    15.8318     8.1035      0.343    32.9505    24.2094 -9.990e-29
 242.814682      0.319  41.422323    15.8099     8.0966      0.316    32.9532    24.2164 -9.990e-29
 242.814687      0.284  41.403621    15.7847     8.0379      0.282    32.9576    24.2254 -9.990e-29
 242.814693      0.250  41.380638    15.7603     7.9481      0.248    32.9575    24.2308 -9.990e-29
 242.814699      0.221  41.356924    15.7469     7.8265      0.219    32.9477    24.2261 -9.990e-29
 242.814705      0.193  41.349624    15.7501     7.7260      0.191    32.9385    24.2184 -9.990e-29
 242.814711      0.161  41.356849    15.7699     7.7042      0.160    32.9284    24.2062 -9.990e-29
 242.814716      0.120  41.369168    15.7987     7.6880      0.119    32.9154    24.1898 -9.990e-29
 242.814722      0.069  41.387871    15.8244     8.2702      0.068    32.9106    24.1804 -9.990e-29
 242.814728      0.016  41.409871    15.8412     7.1300      0.016    32.9162    24.1809 -9.990e-29
 242.814734     -0.035  41.426388    15.8494     7.0826     -0.035    32.9240    24.1851 -9.990e-29
 242.814740     -0.084  41.429180    15.8533     6.3395     -0.083    32.9233    24.1836 -9.990e-29
 242.814745     -0.133  41.416927    15.8558     5.9173     -0.132    32.9104    24.1731 -9.990e-29
 242.814751     -0.181  41.385063    15.8569     5.7656     -0.179    32.8812    24.1505 -9.990e-29
 242.814757     -0.222  41.309044    15.8574     5.7508     -0.220    32.8134    24.0982 -9.990e-29
 242.814763     -0.255  41.117783    15.8577     5.7704     -0.253    32.6436    23.9677 -9.990e-29
 242.814769     -0.282  40.585417    15.8584     5.7906     -0.280    32.1719    23.6049 -9.990e-29
 242.814774     -0.304  39.015581    15.8595     5.8160     -0.301    30.7877    22.5412 -9.990e-29
 242.814780     -0.323  34.317963    15.8605     5.8568     -0.320    26.7000    19.4043 -9.990e-29
 242.814786     -0.341  27.698156    15.8607     5.8756     -0.338    21.0781    15.0986 -9.990e-29
 242.814792     -0.358  21.343861    15.8605     5.9110     -0.355    15.8427    11.0955 -9.990e-29
 242.814797     -0.371  14.216181    15.8608     5.9391     -0.368    10.1828     6.7709 -9.990e-29
 242.814803     -0.377   8.774974    15.8626     5.9440     -0.374     6.0494     3.6107 -9.990e-29
 242.814809     -0.381   6.360053    15.8664     5.9600     -0.378     4.2831     2.2579 -9.990e-29
 242.814815     -0.386   4.983731    15.8722     5.9769     -0.383     3.3005     1.5039 -9.990e-29
 242.814821     -0.389   4.245517    15.8794     5.9220     -0.386     2.7820     1.1051 -9.990e-29
 242.814826     -0.386   4.076042    15.8868     5.9422     -0.383     2.6636     1.0129 -9.990e-29
 242.814832     -0.381   4.210478    15.8938     5.9772     -0.378     2.7566     1.0832 -9.990e-29
 242.814838     -0.378   4.354320    15.9005     5.9698     -0.375     2.8564     1.1586 -9.990e-29
 242.814844     -0.376   4.347209    15.9069     5.9610     -0.373     2.8510     1.1534 -9.990e-29
 242.814850     -0.376   4.088564    15.9130     5.9324     -0.373     2.6705     1.0139 -9.990e-29
 242.814855     -0.378   3.621751    15.9189 -9.990e-29     -0.375     2.3475     0.7650 -9.990e-29
 242.814861     -0.381   3.169048    15.9253 -9.990e-29     -0.378     2.0373     0.5257 -9.990e-29
 242.814867     -0.387   2.848155    15.9321 -9.990e-29     -0.384     1.8193     0.3571 -9.990e-29
 242.814873     -0.394   2.654785    15.9392 -9.990e-29     -0.391     1.6886     0.2556 -9.990e-29
 242.814878     -0.405   2.684682    15.9464 -9.990e-29     -0.402     1.7084     0.2696 -9.990e-29
 242.814884     -0.419   2.981018    15.9535 -9.990e-29     -0.416     1.9082     0.4219 -9.990e-29
 242.814890     -0.428   3.283863    15.9604 -9.990e-29     -0.424     2.1137     0.5786 -9.990e-29
 242.814896     -0.426   3.491284    15.9674 -9.990e-29     -0.422     2.2552     0.6860 -9.990e-29
 242.814902     -0.419   3.792108    15.9710 -9.990e-29     -0.416     2.4617     0.8440 -9.990e-29
 242.814907     -0.417   4.048758 -9.990e-29 -9.990e-29     -0.414 -9.990e-29 -9.990e-29 -9.990e-29
