data/oxygen options/OCNMS/OCNMS1/raw_data/2023/CAST_KL027_230830faed.cnv
* Sea-Bird SBE 19 Data File:
* FileName = C:\Users\OCNMS.Inst\Documents\2023 Mooring Data\Casts\CAST_KL027_230830.hex
* Software Version SeatermAF 2.1.4.55
* Temperature SN = 2997
* Conductivity SN = 2997
* System UpLoad Time = Aug 30 2023 23:03:40 (localtime) = Aug 30 2023 23:03:40 (UTC)
** CAST_KL027_230830
* ds
# nquan = 9                                 
# nvalues = 930                         
# units = specified
# name 0 = timeJ: Julian Days
# name 1 = prSM: Pressure, Strain Gauge [db]
# name 2 = c0mS/cm: Conductivity [mS/cm]
# name 3 = t090C: Temperature [ITS-90, deg C]
# name 4 = sbeox0ML/L: Oxygen, SBE 43 [ml/l]
# name 5 = depSM: Depth [salt water, m], lat = 47.5
# name 6 = sal00: Salinity, Practical [PSU]
# name 7 = sigma-é00: Density [sigma-theta, kg/m^3]
# name 8 = flag: flag
# span 0 = 242.884699, 242.890075       
# span 1 =     -6.333,     26.966       
# span 2 =   0.572755,  42.674679       
# span 3 =     8.7515,    19.2203       
# span 4 =    -1.6933,    14.6940       
# span 5 =     -6.280,     26.739       
# span 6 =     0.3160,    34.5115       
# span 7 =    -1.3801,    25.9992       
# span 8 = 0.0000e+00, 0.0000e+00       
# interval = seconds: 0.5
# start_time = Aug 30 2023 21:13:58 [Instrument's time stamp, header]
# bad_flag = -9.990e-29
*END*
 242.884699     -6.322 -9.990e-29    18.7544    -1.6892     -6.269 -9.990e-29 -9.990e-29 -9.990e-29
 242.884705     -6.330   0.579336    18.7540    -1.6888     -6.277     0.3220    -1.2988 -9.990e-29
 242.884711     -6.333   0.579335    18.7539    -1.6884     -6.280     0.3220    -1.2988 -9.990e-29
 242.884716     -6.331   0.579330    18.7551    -1.6882     -6.278     0.3219    -1.2990 -9.990e-29
 242.884722     -6.319   0.579316    18.7571    -1.6885     -6.266     0.3219    -1.2994 -9.990e-29
 242.884728     -6.297   0.579275    18.7600    -1.6887     -6.245     0.3219    -1.3000 -9.990e-29
 242.884734     -6.272   0.579152    18.7648    -1.6888     -6.220     0.3218    -1.3010 -9.990e-29
 242.884740     -6.246   0.578782    18.7727    -1.6887     -6.194     0.3215    -1.3028 -9.990e-29
 242.884745     -6.219   0.578231    18.7833    -1.6889     -6.167     0.3211    -1.3051 -9.990e-29
 242.884751     -6.192   0.577873    18.7955    -1.6892     -6.140     0.3208    -1.3077 -9.990e-29
 242.884757     -6.168   0.577790    18.8071    -1.6896     -6.117     0.3207    -1.3101 -9.990e-29
 242.884763     -6.145   0.577871    18.8156    -1.6892     -6.094     0.3207    -1.3117 -9.990e-29
 242.884769     -6.123   0.578225    18.8194    -1.6885     -6.072     0.3208    -1.3123 -9.990e-29
 242.884774     -6.095   0.578774    18.8184    -1.6879     -6.044     0.3212    -1.3119 -9.990e-29
 242.884780     -6.060   0.579141    18.8150    -1.6876     -6.010     0.3214    -1.3111 -9.990e-29
 242.884786     -6.024   0.579262    18.8122    -1.6879     -5.974     0.3215    -1.3104 -9.990e-29
 242.884792     -5.989   0.579301    18.8099    -1.6879     -5.939     0.3215    -1.3100 -9.990e-29
 242.884797     -5.952   0.579313    18.8062    -1.6878     -5.902     0.3216    -1.3092 -9.990e-29
 242.884803     -5.912   0.579316    18.8012    -1.6881     -5.863     0.3216    -1.3082 -9.990e-29
 242.884809     -5.870   0.579317    18.7995    -1.6882     -5.821     0.3216    -1.3079 -9.990e-29
 242.884815     -5.832   0.579316    18.8063    -1.6886     -5.783     0.3216    -1.3092 -9.990e-29
 242.884821     -5.800   0.579314    18.8197    -1.6892     -5.752     0.3215    -1.3119 -9.990e-29
 242.884826     -5.772   0.579313    18.8326    -1.6897     -5.724     0.3214    -1.3145 -9.990e-29
 242.884832     -5.746   0.579311    18.8394    -1.6900     -5.698     0.3213    -1.3159 -9.990e-29
 242.884838     -5.720   0.579310    18.8405    -1.6901     -5.672     0.3213    -1.3161 -9.990e-29
 242.884844     -5.694   0.579308    18.8401    -1.6901     -5.647     0.3213    -1.3160 -9.990e-29
 242.884850     -5.668   0.579307    18.8381    -1.6896     -5.621     0.3213    -1.3156 -9.990e-29
 242.884855     -5.647   0.579305    18.8331    -1.6895     -5.600     0.3214    -1.3146 -9.990e-29
 242.884861     -5.624   0.579304    18.8258    -1.6897     -5.577     0.3214    -1.3131 -9.990e-29
 242.884867     -5.593   0.579304    18.8154    -1.6898     -5.546     0.3215    -1.3111 -9.990e-29
 242.884873     -5.558   0.579304    18.8022    -1.6901     -5.512     0.3216    -1.3084 -9.990e-29
 242.884878     -5.524   0.579307    18.7897    -1.6898     -5.478     0.3217    -1.3059 -9.990e-29
 242.884884     -5.493   0.579319    18.7810    -1.6891     -5.447     0.3217    -1.3042 -9.990e-29
 242.884890     -5.464   0.579358    18.7772    -1.6887     -5.418     0.3218    -1.3034 -9.990e-29
 242.884896     -5.434   0.579478    18.7787    -1.6882     -5.389     0.3219    -1.3036 -9.990e-29
 242.884902     -5.403   0.579842    18.7836    -1.6879     -5.358     0.3220    -1.3045 -9.990e-29
 242.884907     -5.366   0.580382    18.7867    -1.6880     -5.321     0.3223    -1.3048 -9.990e-29
 242.884913     -5.328   0.580709    18.7859    -1.6882     -5.284     0.3225    -1.3045 -9.990e-29
 242.884919     -5.293   0.580707    18.7838    -1.6883     -5.249     0.3225    -1.3041 -9.990e-29
 242.884925     -5.265   0.580377    18.7845    -1.6884     -5.221     0.3223    -1.3044 -9.990e-29
 242.884931     -5.240   0.579835    18.7916    -1.6889     -5.196     0.3220    -1.3061 -9.990e-29
 242.884936     -5.218   0.579468    18.8038    -1.6890     -5.175     0.3217    -1.3086 -9.990e-29
 242.884942     -5.197   0.579345    18.8170    -1.6894     -5.154     0.3215    -1.3113 -9.990e-29
 242.884948     -5.175   0.579303    18.8288    -1.6897     -5.132     0.3214    -1.3137 -9.990e-29
 242.884954     -5.152   0.579288    18.8359    -1.6901     -5.109     0.3213    -1.3152 -9.990e-29
 242.884959     -5.130   0.579282    18.8371    -1.6906     -5.087     0.3213    -1.3154 -9.990e-29
 242.884965     -5.113   0.579279    18.8346    -1.6909     -5.070     0.3213    -1.3149 -9.990e-29
 242.884971     -5.094   0.579277    18.8305    -1.6916     -5.052     0.3214    -1.3141 -9.990e-29
 242.884977     -5.072   0.579275    18.8241    -1.6922     -5.030     0.3214    -1.3128 -9.990e-29
 242.884983     -5.051   0.579274    18.8157    -1.6921     -5.009     0.3215    -1.3111 -9.990e-29
 242.884988     -5.029   0.579272    18.8069    -1.6920     -4.987     0.3215    -1.3094 -9.990e-29
 242.884994     -5.004   0.579271    18.7976    -1.6920     -4.962     0.3216    -1.3075 -9.990e-29
 242.885000     -4.976   0.579270    18.7873    -1.6918     -4.935     0.3217    -1.3054 -9.990e-29
 242.885006     -4.946   0.579268    18.7757    -1.6918     -4.905     0.3218    -1.3031 -9.990e-29
 242.885012     -4.917   0.579267    18.7633    -1.6917     -4.876     0.3218    -1.3006 -9.990e-29
 242.885017     -4.887   0.579265    18.7499    -1.6915     -4.846     0.3219    -1.2980 -9.990e-29
 242.885023     -4.859   0.579264    18.7353    -1.6913     -4.819     0.3221    -1.2951 -9.990e-29
 242.885029     -4.835   0.579262    18.7238    -1.6910     -4.795     0.3221    -1.2928 -9.990e-29
 242.885035     -4.813   0.579261    18.7193    -1.6909     -4.773     0.3222    -1.2919 -9.990e-29
 242.885041     -4.792   0.579260    18.7198    -1.6906     -4.752     0.3222    -1.2920 -9.990e-29
 242.885046     -4.770   0.579258    18.7220    -1.6902     -4.730     0.3221    -1.2924 -9.990e-29
 242.885052     -4.752   0.579257    18.7249    -1.6901     -4.712     0.3221    -1.2930 -9.990e-29
 242.885058     -4.735   0.579255    18.7279    -1.6905     -4.696     0.3221    -1.2936 -9.990e-29
 242.885064     -4.714   0.579254    18.7315    -1.6911     -4.675     0.3221    -1.2943 -9.990e-29
 242.885069     -4.691   0.579252    18.7365    -1.6920     -4.652     0.3220    -1.2953 -9.990e-29
 242.885075     -4.671   0.579251    18.7428    -1.6924     -4.632     0.3220    -1.2966 -9.990e-29
 242.885081     -4.651   0.579250    18.7495    -1.6923     -4.612     0.3219    -1.2979 -9.990e-29
 242.885087     -4.631   0.579248    18.7561    -1.6918     -4.592     0.3219    -1.2992 -9.990e-29
 242.885093     -4.609   0.579247    18.7633    -1.6916     -4.571     0.3218    -1.3006 -9.990e-29
 242.885098     -4.583   0.579245    18.7693    -1.6915     -4.545     0.3218    -1.3018 -9.990e-29
 242.885104     -4.553   0.579244    18.7696    -1.6914     -4.515     0.3218    -1.3019 -9.990e-29
 242.885110     -4.519   0.579242    18.7612    -1.6913     -4.481     0.3218    -1.3002 -9.990e-29
 242.885116     -4.490   0.579241    18.7459    -1.6911     -4.453     0.3220    -1.2972 -9.990e-29
 242.885122     -4.466   0.579239    18.7298    -1.6911     -4.429     0.3221    -1.2940 -9.990e-29
 242.885127     -4.448   0.579238    18.7201    -1.6908     -4.411     0.3221    -1.2920 -9.990e-29
 242.885133     -4.433   0.579237    18.7196    -1.6911     -4.396     0.3222    -1.2919 -9.990e-29
 242.885139     -4.416   0.579235    18.7254    -1.6907     -4.379     0.3221    -1.2931 -9.990e-29
 242.885145     -4.392   0.579234    18.7321    -1.6902     -4.355     0.3221    -1.2944 -9.990e-29
 242.885150     -4.364   0.579232    18.7370    -1.6897     -4.328     0.3220    -1.2954 -9.990e-29
 242.885156     -4.334   0.579230    18.7407    -1.6894     -4.298     0.3220    -1.2961 -9.990e-29
 242.885162     -4.305   0.579227    18.7448    -1.6890     -4.269     0.3220    -1.2970 -9.990e-29
 242.885168     -4.279   0.579221    18.7494    -1.6891     -4.243     0.3219    -1.2979 -9.990e-29
 242.885174     -4.254   0.579206    18.7533    -1.6892     -4.219     0.3219    -1.2987 -9.990e-29
 242.885179     -4.234   0.579163    18.7559    -1.6891     -4.199     0.3218    -1.2992 -9.990e-29
 242.885185     -4.220   0.579039    18.7587    -1.6891     -4.185     0.3217    -1.2998 -9.990e-29
 242.885191     -4.212   0.578668    18.7658    -1.6897     -4.177     0.3215    -1.3014 -9.990e-29
 242.885197     -4.206   0.578112    18.7777    -1.6897     -4.171     0.3211    -1.3040 -9.990e-29
 242.885203     -4.192   0.577741    18.7907    -1.6900     -4.157     0.3208    -1.3068 -9.990e-29
 242.885208     -4.170   0.577616    18.8020    -1.6899     -4.135     0.3206    -1.3091 -9.990e-29
 242.885214     -4.147   0.577575    18.8096    -1.6905     -4.112     0.3205    -1.3106 -9.990e-29
 242.885220     -4.125   0.577563    18.8123    -1.6907     -4.091     0.3205    -1.3112 -9.990e-29
 242.885226     -4.103   0.577566    18.8119    -1.6908     -4.069     0.3205    -1.3111 -9.990e-29
 242.885231     -4.084   0.577590    18.8103    -1.6905     -4.050     0.3205    -1.3107 -9.990e-29
 242.885237     -4.072   0.577670    18.8062    -1.6901     -4.038     0.3206    -1.3099 -9.990e-29
 242.885243     -4.060   0.577915    18.7998    -1.6899     -4.026     0.3208    -1.3085 -9.990e-29
 242.885249     -4.044   0.578099    18.7936    -1.6901     -4.010     0.3210    -1.3072 -9.990e-29
 242.885255     -4.024   0.577912    18.7884    -1.6900     -3.990     0.3209    -1.3062 -9.990e-29
 242.885260     -3.997   0.577664    18.7829    -1.6897     -3.964     0.3208    -1.3052 -9.990e-29
 242.885266     -3.966   0.577581    18.7761    -1.6898     -3.933     0.3208    -1.3039 -9.990e-29
 242.885272     -3.938   0.577552    18.7705    -1.6898     -3.905     0.3208    -1.3028 -9.990e-29
 242.885278     -3.916   0.577542    18.7697    -1.6895     -3.883     0.3208    -1.3027 -9.990e-29
 242.885284     -3.897   0.577537    18.7743    -1.6893     -3.865     0.3208    -1.3036 -9.990e-29
 242.885289     -3.881   0.577535    18.7813    -1.6890     -3.849     0.3207    -1.3050 -9.990e-29
 242.885295     -3.867   0.577532    18.7858    -1.6889     -3.835     0.3207    -1.3059 -9.990e-29
 242.885301     -3.854   0.577527    18.7874    -1.6893     -3.822     0.3207    -1.3062 -9.990e-29
 242.885307     -3.841   0.577516    18.7897    -1.6899     -3.809     0.3206    -1.3067 -9.990e-29
 242.885313     -3.827   0.577487    18.7927    -1.6898     -3.795     0.3206    -1.3073 -9.990e-29
 242.885318     -3.811   0.577402    18.7946    -1.6899     -3.779     0.3205    -1.3077 -9.990e-29
 242.885324     -3.793   0.577151    18.7976    -1.6906     -3.761     0.3204    -1.3084 -9.990e-29
 242.885330     -3.774   0.576956    18.8026    -1.6910     -3.743     0.3202    -1.3095 -9.990e-29
 242.885336     -3.760   0.577112    18.8082    -1.6916     -3.729     0.3203    -1.3105 -9.990e-29
 242.885341     -3.743   0.577274    18.8129    -1.6916     -3.712     0.3203    -1.3114 -9.990e-29
 242.885347     -3.720   0.577107    18.8130    -1.6920     -3.689     0.3202    -1.3115 -9.990e-29
 242.885353     -3.692   0.576944    18.8065    -1.6930     -3.661     0.3202    -1.3103 -9.990e-29
 242.885359     -3.668   0.577123    18.7981    -1.6931     -3.637     0.3204    -1.3085 -9.990e-29
 242.885365     -3.648   0.577330    18.7917    -1.6932     -3.618     0.3205    -1.3071 -9.990e-29
 242.885370     -3.632   0.577288    18.7839    -1.6933     -3.602     0.3206    -1.3056 -9.990e-29
 242.885376     -3.620   0.576945    18.7719    -1.6925     -3.590     0.3205    -1.3033 -9.990e-29
 242.885382     -3.610   0.576398    18.7581    -1.6921     -3.580     0.3202    -1.3008 -9.990e-29
 242.885388     -3.601   0.576030    18.7455    -1.6917     -3.571     0.3201    -1.2985 -9.990e-29
 242.885394     -3.593   0.575906    18.7344    -1.6914     -3.563     0.3201    -1.2963 -9.990e-29
 242.885399     -3.586   0.575864    18.7213    -1.6912     -3.556     0.3202    -1.2937 -9.990e-29
 242.885405     -3.579   0.575849    18.7071    -1.6912     -3.549     0.3203    -1.2909 -9.990e-29
 242.885411     -3.572   0.575843    18.6980    -1.6906     -3.542     0.3204    -1.2891 -9.990e-29
 242.885417     -3.564   0.575840    18.6953    -1.6898     -3.534     0.3204    -1.2886 -9.990e-29
 242.885422     -3.555   0.575839    18.6993    -1.6893     -3.525     0.3204    -1.2894 -9.990e-29
 242.885428     -3.544   0.575839    18.7104    -1.6889     -3.514     0.3203    -1.2916 -9.990e-29
 242.885434     -3.530   0.575838    18.7235    -1.6889     -3.501     0.3202    -1.2942 -9.990e-29
 242.885440     -3.513   0.575838    18.7348    -1.6889     -3.484     0.3201    -1.2964 -9.990e-29
 242.885446     -3.491   0.575838    18.7445    -1.6892     -3.462     0.3200    -1.2984 -9.990e-29
 242.885451     -3.468   0.575838    18.7527    -1.6898     -3.439     0.3200    -1.3000 -9.990e-29
 242.885457     -3.446   0.575837    18.7623    -1.6905     -3.417     0.3199    -1.3019 -9.990e-29
 242.885463     -3.424   0.575836    18.7765    -1.6909     -3.395     0.3198    -1.3047 -9.990e-29
 242.885469     -3.405   0.575831    18.7931    -1.6918     -3.377     0.3197    -1.3081 -9.990e-29
 242.885475     -3.391   0.575818    18.8072    -1.6921     -3.363     0.3195    -1.3109 -9.990e-29
 242.885480     -3.382   0.575779    18.8163    -1.6917     -3.354     0.3195    -1.3127 -9.990e-29
 242.885486     -3.373   0.575660    18.8201    -1.6912     -3.345     0.3194    -1.3135 -9.990e-29
 242.885492     -3.359   0.575304    18.8184    -1.6907     -3.331     0.3192    -1.3133 -9.990e-29
 242.885498     -3.344   0.574790    18.8099    -1.6908     -3.316     0.3189    -1.3119 -9.990e-29
 242.885503     -3.330   0.574542    18.7953    -1.6912     -3.302     0.3189    -1.3091 -9.990e-29
 242.885509     -3.317   0.574784    18.7783    -1.6917     -3.289     0.3192    -1.3056 -9.990e-29
 242.885515     -3.304   0.575284    18.7611    -1.6919     -3.276     0.3196    -1.3019 -9.990e-29
 242.885521     -3.291   0.575599    18.7462    -1.6913     -3.264     0.3199    -1.2988 -9.990e-29
 242.885527     -3.277   0.575595    18.7393    -1.6910     -3.250     0.3199    -1.2974 -9.990e-29
 242.885532     -3.260   0.575265    18.7431    -1.6913     -3.233     0.3197    -1.2983 -9.990e-29
 242.885538     -3.239   0.574724    18.7525    -1.6913     -3.212     0.3193    -1.3004 -9.990e-29
 242.885544     -3.218   0.574359    18.7595    -1.6910     -3.191     0.3191    -1.3020 -9.990e-29
 242.885550     -3.199   0.574237    18.7592    -1.6906     -3.172     0.3190    -1.3020 -9.990e-29
 242.885556     -3.177   0.574197    18.7530    -1.6908     -3.151     0.3190    -1.3008 -9.990e-29
 242.885561     -3.151   0.574183    18.7461    -1.6911     -3.125     0.3191    -1.2994 -9.990e-29
 242.885567     -3.127   0.574179    18.7447    -1.6909     -3.101     0.3191    -1.2991 -9.990e-29
 242.885573     -3.108   0.574177    18.7499    -1.6908     -3.082     0.3190    -1.3002 -9.990e-29
 242.885579     -3.094   0.574176    18.7547    -1.6907     -3.068     0.3190    -1.3011 -9.990e-29
 242.885584     -3.082   0.574176    18.7558    -1.6904     -3.056     0.3190    -1.3013 -9.990e-29
 242.885590     -3.073   0.574176    18.7574    -1.6902     -3.047     0.3190    -1.3017 -9.990e-29
 242.885596     -3.065   0.574176    18.7620    -1.6900     -3.039     0.3189    -1.3026 -9.990e-29
 242.885602     -3.059   0.574176    18.7661    -1.6894     -3.033     0.3189    -1.3034 -9.990e-29
 242.885608     -3.054   0.574177    18.7663    -1.6893     -3.029     0.3189    -1.3034 -9.990e-29
 242.885613     -3.049   0.574177    18.7649    -1.6893     -3.024     0.3189    -1.3031 -9.990e-29
 242.885619     -3.044   0.574177    18.7657    -1.6892     -3.019     0.3189    -1.3033 -9.990e-29
