data/oxygen options/OCNMS/OCNMS1/raw_data/2023/CAST_MB042_230829faed.cnv
* Sea-Bird SBE 19 Data File:
* FileName = C:\Users\OCNMS.Inst\Documents\2023 Mooring Data\Casts\CAST_MB042_230829.hex
* Software Version SeatermAF 2.1.4.55
* Temperature SN = 2997
* Conductivity SN = 2997
* System UpLoad Time = Aug 29 2023 23:10:28 (localtime) = Aug 29 2023 23:10:28 (UTC)
** CAST_MB042_230829
* ds
# nquan = 9                                 
# nvalues = 1063                        
# units = specified
# name 0 = timeJ: Julian Days
# name 1 = prSM: Pressure, Strain Gauge [db]
# name 2 = c0mS/cm: Conductivity [mS/cm]
# name 3 = t090C: Temperature [ITS-90, deg C]
# name 4 = sbeox0ML/L: Oxygen, SBE 43 [ml/l]
# name 5 = depSM: Depth [salt water, m], lat = 47.5
# name 6 = sal00: Salinity, Practical [PSU]
# name 7 = sigma-é00: Density [sigma-theta, kg/m^3]
# name 8 = flag: flag
# span 0 = 241.915984, 241.922130       
# span 1 =     -6.657,     13.095       
# span 2 =   0.005609,  38.484617       
# span 3 =    10.5779,    18.6319       
# span 4 =    -1.8214,    13.7750       
# span 5 =     -6.602,     12.985       
# span 6 =     0.0105,    33.9223       
# span 7 =    -1.5123,    25.8338       
# span 8 = 0.0000e+00, 0.0000e+00       
# interval = seconds: 0.5
# start_time = Aug 29 2023 21:59:01 [Instrument's time stamp, header]
# bad_flag = -9.990e-29
*END*
[from data line 641]
 241.919693     -0.248  38.424315    11.5387    -1.5855     -0.246    33.8853    25.8095 -9.990e-29
 241.919699     -0.286  38.435583    11.5394    -1.5844     -0.284    33.8958    25.8175 -9.990e-29
 241.919705     -0.332  38.458933    11.5492    -1.8214     -0.329    33.9098    25.8266 -9.990e-29
 241.919711     -0.382  38.484617    11.5631    -1.7985     -0.379    33.9223    25.8338 -9.990e-29
 241.919716     -0.433  38.457282    11.5759    -1.7838     -0.429    33.8837    25.8014 -9.990e-29
 241.919722     -0.490  38.405442    11.5814    -1.7790     -0.486    33.8278    25.7569 -9.990e-29
 241.919728     -0.551  38.361896    11.5852    -1.7829     -0.546    33.7816    25.7203 -9.990e-29
 241.919734     -0.612  38.331862    11.6034    -1.7840     -0.607    33.7356    25.6812 -9.990e-29
 241.919740     -0.669  38.319531    11.6388    -1.6547     -0.663    33.6913    25.6402 -9.990e-29
 241.919745     -0.715  38.258626    11.6794    -1.5969     -0.709    33.5948    25.5577 -9.990e-29
 241.919751     -0.750  37.854584    11.7178    -1.6030     -0.744    33.1655    25.2171 -9.990e-29
 241.919757     -0.777  36.262369    11.7537    -1.6045     -0.771    31.5868    23.9846 -9.990e-29
 241.919763     -0.796  31.188233    11.7873    -1.6049     -0.789    26.7045    20.1929 -9.990e-29
 241.919769     -0.805  23.824601    11.8195    -1.6036     -0.798    19.8412    14.8770 -9.990e-29
 241.919774     -0.800  19.591783    11.8524    -1.6043     -0.793    16.0081    11.9100 -9.990e-29
 241.919780     -0.786  18.921476    11.8853    -1.6051     -0.779    15.3985    11.4342 -9.990e-29
 241.919786     -0.764  19.152384    11.9053    -1.6044     -0.758    15.5950    11.5830 -9.990e-29
 241.919792     -0.739  20.066076    11.8702    -1.6045     -0.733    16.4235    12.2282 -9.990e-29
 241.919797     -0.713  23.217043    11.7556    -1.6051     -0.707    19.3208    14.4847 -9.990e-29
 241.919803     -0.680  28.875010    11.6194    -1.6056     -0.674    24.6389    18.6214 -9.990e-29
 241.919809     -0.634  33.884557    11.5271    -1.6058     -0.629    29.4759    22.3868 -9.990e-29
 241.919815     -0.575  36.275717    11.4798    -1.6054     -0.570    31.8339    24.2260 -9.990e-29
 241.919821     -0.510  37.085852    11.4569    -1.6042     -0.506    32.6457    24.8610 -9.990e-29
 241.919826     -0.441  37.393447    11.4508    10.4678     -0.437    32.9526    25.1006 -9.990e-29
 241.919832     -0.374  37.528556    11.4588    13.6626     -0.371    33.0780    25.1966 -9.990e-29
 241.919838     -0.313  37.555422    11.4712    13.7750     -0.310    33.0932    25.2062 -9.990e-29
 241.919844     -0.263  37.522183    11.4752    11.1440     -0.261    33.0570    25.1773 -9.990e-29
 241.919850     -0.223  37.488661    11.4700     5.7560     -0.221    33.0288    25.1563 -9.990e-29
 241.919855     -0.193  37.467272    11.4643     5.6627     -0.191    33.0129    25.1450 -9.990e-29
 241.919861     -0.170  37.450213    11.4632     5.7293     -0.169    32.9971    25.1329 -9.990e-29
 241.919867     -0.152  37.436572    11.4691     5.7417     -0.151    32.9785    25.1174 -9.990e-29
 241.919873     -0.139  37.432233    11.4784     5.7327     -0.138    32.9659    25.1059 -9.990e-29
 241.919878     -0.129  37.434769    11.4800     5.7122     -0.128    32.9670    25.1064 -9.990e-29
 241.919884     -0.123  37.416209    11.4710     5.7054     -0.122    32.9568    25.1002 -9.990e-29
 241.919890     -0.119  37.370282    11.4620     5.6864     -0.118    32.9198    25.0730 -9.990e-29
 241.919896     -0.117  37.333732    11.4608     5.6821     -0.116    32.8850    25.0462 -9.990e-29
 241.919902     -0.118  37.316047    11.4657     5.6932     -0.117    32.8633    25.0285 -9.990e-29
 241.919907     -0.121  37.305960    11.4699     5.6922     -0.120    32.8497    25.0171 -9.990e-29
 241.919913     -0.122  37.299541    11.4696     5.6758     -0.121    32.8437    25.0125 -9.990e-29
 241.919919     -0.117  37.292150    11.4684     5.6589     -0.116    32.8375    25.0079 -9.990e-29
 241.919925     -0.110  37.289611    11.4694     5.6177     -0.109    32.8341    25.0051 -9.990e-29
 241.919931     -0.105  37.295815    11.4724     5.5596     -0.104    32.8375    25.0072 -9.990e-29
 241.919936     -0.101  37.302234    11.4739     5.5142     -0.100    32.8425    25.0108 -9.990e-29
 241.919942     -0.099  37.305111    11.4689     5.4474     -0.098    32.8498    25.0174 -9.990e-29
 241.919948     -0.097  37.304364    11.4601     5.4666     -0.096    32.8568    25.0245 -9.990e-29
 241.919954     -0.097  37.296195    11.4538     5.4710     -0.096    32.8544    25.0237 -9.990e-29
 241.919959     -0.097  37.282030    11.4536     5.4839     -0.096    32.8407    25.0131 -9.990e-29
 241.919965     -0.099  37.270410    11.4584     5.5015     -0.098    32.8251    25.0001 -9.990e-29
 241.919971     -0.101  37.272715    11.4655     5.4255     -0.100    32.8210    24.9956 -9.990e-29
 241.919977     -0.105  37.287537    11.4713     5.4637     -0.104    32.8304    25.0019 -9.990e-29
 241.919983     -0.111  37.300488    11.4689     5.4991     -0.110    32.8452    25.0138 -9.990e-29
 241.919988     -0.114  37.300843    11.4553     5.5353     -0.113    32.8577    25.0260 -9.990e-29
 241.919994     -0.110  37.287397    11.4411     5.5694     -0.109    32.8571    25.0281 -9.990e-29
 241.920000     -0.104  37.267977    11.4394     5.5683     -0.103    32.8396    25.0148 -9.990e-29
 241.920006     -0.099  37.256994    11.4466     5.5674     -0.098    32.8224    25.0001 -9.990e-29
 241.920012     -0.095  37.261073    11.4524     5.5678     -0.094    32.8212    24.9982 -9.990e-29
 241.920017     -0.092  37.272217    11.4550     5.6012     -0.091    32.8299    25.0044 -9.990e-29
 241.920023     -0.090  37.282890    11.4562     5.6348     -0.089    32.8393    25.0115 -9.990e-29
 241.920029     -0.088  37.289407    11.4585     5.6580     -0.087    32.8436    25.0145 -9.990e-29
 241.920035     -0.087  37.298219    11.4654     5.6903     -0.086    32.8461    25.0152 -9.990e-29
 241.920041     -0.086  37.318835    11.4774     5.6956     -0.085    32.8557    25.0204 -9.990e-29
 241.920046     -0.085  37.341232    11.4888     5.6896     -0.084    32.8675    25.0275 -9.990e-29
 241.920052     -0.085  37.347123    11.4938     5.6811     -0.084    32.8688    25.0276 -9.990e-29
 241.920058     -0.084  37.338766    11.4935     5.6513     -0.083    32.8609    25.0215 -9.990e-29
 241.920064     -0.084  37.331894    11.4872     5.6235     -0.083    32.8597    25.0218 -9.990e-29
 241.920069     -0.084  37.325743    11.4726     5.6228     -0.083    32.8667    25.0298 -9.990e-29
 241.920075     -0.084  37.307632    11.4581     5.6037     -0.083    32.8618    25.0287 -9.990e-29
 241.920081     -0.084  37.283085    11.4548     5.5906     -0.083    32.8407    25.0129 -9.990e-29
 241.920087     -0.084  37.271994    11.4607     5.5935     -0.083    32.8246    24.9993 -9.990e-29
 241.920093     -0.085  37.274683    11.4635     5.5960     -0.084    32.8247    24.9989 -9.990e-29
 241.920098     -0.085  37.279619    11.4580     5.6077     -0.084    32.8345    25.0074 -9.990e-29
 241.920104     -0.086  37.281629    11.4534     5.6270     -0.085    32.8405    25.0130 -9.990e-29
 241.920110     -0.087  37.280034    11.4574     5.6371     -0.086    32.8354    25.0083 -9.990e-29
 241.920116     -0.089  37.279424    11.4646     5.6612     -0.088    32.8284    25.0015 -9.990e-29
 241.920122     -0.091  37.280662    11.4661     5.6714     -0.090    32.8283    25.0012 -9.990e-29
 241.920127     -0.093  37.280919    11.4622     5.6192     -0.092    32.8320    25.0048 -9.990e-29
 241.920133     -0.097  37.281100    11.4575     5.6335     -0.096    32.8364    25.0090 -9.990e-29
 241.920139     -0.101  37.283685    11.4519     5.6046     -0.100    32.8439    25.0159 -9.990e-29
 241.920145     -0.102  37.285961    11.4466     5.5932     -0.101    32.8508    25.0222 -9.990e-29
 241.920150     -0.096  37.285361    11.4448     5.6045     -0.095    32.8518    25.0233 -9.990e-29
 241.920156     -0.086  37.286685    11.4443     5.5386     -0.085    32.8536    25.0248 -9.990e-29
 241.920162     -0.077  37.290016    11.4397     5.6028     -0.076    32.8609    25.0313 -9.990e-29
 241.920168     -0.068  37.290834    11.4295     5.6087     -0.067    32.8708    25.0408 -9.990e-29
 241.920174     -0.062  37.287433    11.4175     5.6190     -0.061    32.8781    25.0487 -9.990e-29
 241.920179     -0.063  37.279942    11.4105     5.6349     -0.062    32.8770    25.0491 -9.990e-29
 241.920185     -0.067  37.270123    11.4101     5.6038     -0.066    32.8677    25.0420 -9.990e-29
 241.920191     -0.070  37.259051    11.4087     5.6149     -0.069    32.8581    25.0348 -9.990e-29
 241.920197     -0.073  37.244816    11.4026     5.6122     -0.072    32.8496    25.0292 -9.990e-29
 241.920203     -0.075  37.232118    11.3988     5.5954     -0.074    32.8405    25.0228 -9.990e-29
 241.920208     -0.077  37.232558    11.4023     5.5876     -0.076    32.8378    25.0201 -9.990e-29
 241.920214     -0.078  37.242781    11.4077     5.5768     -0.077    32.8430    25.0232 -9.990e-29
 241.920220     -0.079  37.250081    11.4095     5.5796     -0.078    32.8486    25.0272 -9.990e-29
 241.920226     -0.080  37.253537    11.4110     5.5942     -0.079    32.8506    25.0285 -9.990e-29
 241.920231     -0.080  37.257737    11.4163     5.6151     -0.079    32.8501    25.0271 -9.990e-29
 241.920237     -0.081  37.263219    11.4233     5.6412     -0.080    32.8492    25.0252 -9.990e-29
 241.920243     -0.081  37.271114    11.4319     5.6641     -0.080    32.8493    25.0237 -9.990e-29
 241.920249     -0.081  37.281852    11.4443     5.6760     -0.080    32.8488    25.0211 -9.990e-29
 241.920255     -0.081  37.293496    11.4554     5.6566     -0.080    32.8504    25.0203 -9.990e-29
 241.920260     -0.081  37.301394    11.4584     5.6286     -0.080    32.8554    25.0237 -9.990e-29
 241.920266     -0.082  37.301505    11.4552     5.6020     -0.081    32.8584    25.0266 -9.990e-29
 241.920272     -0.082  37.297875    11.4501     5.5733     -0.081    32.8594    25.0282 -9.990e-29
 241.920278     -0.082  37.292924    11.4440     5.5839     -0.081    32.8599    25.0298 -9.990e-29
 241.920284     -0.082  37.287864    11.4388     5.5806     -0.081    32.8596    25.0305 -9.990e-29
 241.920289     -0.082  37.288244    11.4384     5.5801     -0.081    32.8603    25.0311 -9.990e-29
 241.920295     -0.082  37.292310    11.4405     5.5864     -0.081    32.8624    25.0324 -9.990e-29
 241.920301     -0.082  37.293705    11.4396     5.5722     -0.081    32.8646    25.0342 -9.990e-29
 241.920307     -0.082  37.290909    11.4321     5.5843     -0.081    32.8685    25.0386 -9.990e-29
 241.920312     -0.082  37.281293    11.4193     5.5825     -0.081    32.8705    25.0425 -9.990e-29
 241.920318     -0.082  37.264893    11.4101     5.6115     -0.081    32.8626    25.0380 -9.990e-29
 241.920324     -0.082  37.250612    11.4116     5.6229     -0.081    32.8472    25.0258 -9.990e-29
 241.920330     -0.082  37.245137    11.4184     5.6146     -0.081    32.8358    25.0157 -9.990e-29
 241.920336     -0.082  37.245065    11.4237     5.6100     -0.081    32.8310    25.0110 -9.990e-29
 241.920341     -0.082  37.246363    11.4280     5.5358     -0.081    32.8285    25.0082 -9.990e-29
 241.920347     -0.082  37.252420    11.4312     5.5711     -0.081    32.8316    25.0101 -9.990e-29
 241.920353     -0.082  37.258978    11.4312     5.5868     -0.081    32.8380    25.0151 -9.990e-29
 241.920359     -0.082  37.261322    11.4288     5.6105     -0.081    32.8425    25.0190 -9.990e-29
 241.920365     -0.082  37.263676    11.4253     5.6364     -0.081    32.8479    25.0238 -9.990e-29
 241.920370     -0.082  37.264680    11.4218     5.6091     -0.081    32.8520    25.0276 -9.990e-29
 241.920376     -0.082  37.264531    11.4196     5.6194     -0.081    32.8538    25.0294 -9.990e-29
 241.920382     -0.081  37.264689    11.4192     5.6111     -0.080    32.8543    25.0299 -9.990e-29
 241.920388     -0.081  37.261983    11.4196     5.6288     -0.080    32.8513    25.0275 -9.990e-29
 241.920394     -0.081  37.257823    11.4205     5.6395     -0.080    32.8464    25.0235 -9.990e-29
 241.920399     -0.081  37.255040    11.4187     5.6573     -0.080    32.8453    25.0230 -9.990e-29
 241.920405     -0.080  37.250464    11.4087     5.6591     -0.079    32.8497    25.0282 -9.990e-29
 241.920411     -0.080  37.241332    11.3936     5.6531     -0.079    32.8541    25.0344 -9.990e-29
 241.920417     -0.079  37.231682    11.3830     5.6526     -0.078    32.8541    25.0363 -9.990e-29
 241.920422     -0.079  37.228781    11.3818     5.6644     -0.078    32.8523    25.0351 -9.990e-29
 241.920428     -0.078  37.231534    11.3850     5.6891     -0.077    32.8522    25.0344 -9.990e-29
 241.920434     -0.076  37.229033    11.3847     5.7012     -0.075    32.8500    25.0328 -9.990e-29
 241.920440     -0.075  37.221844    11.3803     5.7091     -0.074    32.8468    25.0311 -9.990e-29
 241.920446     -0.073  37.223873    11.3774     5.6749     -0.072    32.8514    25.0352 -9.990e-29
 241.920451     -0.070  37.238925    11.3792     5.6481     -0.069    32.8646    25.0451 -9.990e-29
 241.920457     -0.067  37.255135    11.3863     5.6246     -0.066    32.8742    25.0513 -9.990e-29
 241.920463     -0.062  37.265544    11.3998     5.6207     -0.061    32.8724    25.0475 -9.990e-29
 241.920469     -0.057  37.275052    11.4154     5.6438     -0.057    32.8678    25.0411 -9.990e-29
 241.920475     -0.049  37.277280    11.4230     5.6646     -0.049    32.8633    25.0362 -9.990e-29
 241.920480     -0.040  37.270141    11.4227     5.7089     -0.040    32.8565    25.0310 -9.990e-29
 241.920486     -0.032  37.272095    11.4251     5.7417     -0.032    32.8563    25.0304 -9.990e-29
 241.920492     -0.030  37.289645    11.4385     5.7737     -0.030    32.8616    25.0321 -9.990e-29
 241.920498     -0.029  37.310337    11.4599     5.7853     -0.029    32.8629    25.0292 -9.990e-29
 241.920503     -0.028  37.319748    11.4769     5.7865     -0.028    32.8570    25.0215 -9.990e-29
 241.920509     -0.033  37.320332    11.4840     5.8135     -0.033    32.8512    25.0158 -9.990e-29
 241.920515     -0.038  37.321808    11.4857     5.8557     -0.038    32.8512    25.0154 -9.990e-29
 241.920521     -0.041  37.322767    11.4870     5.9148     -0.041    32.8510    25.0150 -9.990e-29
 241.920527     -0.042  37.331748    11.4974     5.9127     -0.042    32.8505    25.0128 -9.990e-29
 241.920532     -0.040  37.362941    11.5173     5.9997     -0.040    32.8634    25.0191 -9.990e-29
 241.920538     -0.039  37.401927    11.5334     6.0294     -0.039    32.8872    25.0347 -9.990e-29
 241.920544     -0.044  37.428443    11.5507     6.0603     -0.044    32.8978    25.0398 -9.990e-29
 241.920550     -0.051  37.444794    11.5775     6.0935     -0.051    32.8900    25.0288 -9.990e-29
 241.920556     -0.057  37.461565    11.6083     6.0500     -0.057    32.8790    25.0147 -9.990e-29
 241.920561     -0.060  37.482062    11.6373     6.1026     -0.059    32.8733    25.0049 -9.990e-29
 241.920567     -0.063  37.493846    11.6537     6.1408     -0.062    32.8703    24.9996 -9.990e-29
 241.920573     -0.064  37.495820    11.6565     6.1859     -0.063    32.8697    24.9986 -9.990e-29
 241.920579     -0.064  37.500119    11.6613     6.2134     -0.063    32.8697    24.9977 -9.990e-29
 241.920584     -0.062  37.520293    11.6845     6.2094     -0.061    32.8688    24.9927 -9.990e-29
 241.920590     -0.060  37.560824    11.7263     6.1997     -0.059    32.8713    24.9870 -9.990e-29
 241.920596     -0.056  37.593985    11.7682     6.2050     -0.056    32.8665    24.9755 -9.990e-29
 241.920602     -0.050  37.601265    11.7933     6.2150     -0.050    32.8514    24.9591 -9.990e-29
 241.920608     -0.047  37.592916    11.7954     6.2469     -0.047    32.8414    24.9510 -9.990e-29
