data/oxygen options/OCNMS/OCNMS1/raw_data/2023/CAST_CE042_230717faedb.cnv
* Sea-Bird SBE 19 Data File:
* FileName = C:\Users\OCNMS.Inst\Documents\2023 Mooring Data\Casts\CAST_CE042_230717.hex
* Software Version SeatermAF 2.1.4.55
* Temperature SN = 2997
* Conductivity SN = 2997
* System UpLoad Time = Jul 17 2023 19:53:25 (localtime) = Jul 17 2023 19:53:25 (UTC)
** CAST_CE042_230717
* ds
# nquan = 9
# nvalues = 42                          
# units = specified
# name 0 = timeJ: Julian Days
# name 1 = prSM: Pressure, Strain Gauge [db]
# name 2 = c0mS/cm: Conductivity [mS/cm]
# name 3 = t090C: Temperature [ITS-90, deg C]
# name 4 = sbeox0ML/L: Oxygen, SBE 43 [ml/l]
# name 5 = depSM: Depth [salt water, m], lat = 47.5
# name 6 = sal00: Salinity, Practical [PSU]
# name 7 = sigma-é00: Density [sigma-theta, kg/m^3]
# name 8 = flag: flag
# span 0 = 198.774464, 198.775489       
# span 1 =      1.000,     42.000       
# span 2 =  34.937324,  40.325405       
# span 3 =     7.8390,    14.5416       
# span 4 =     1.4170,     7.4286       
# span 5 =      0.992,     41.645       
# span 6 =    33.0335,    33.7692       
# span 7 =    24.5544,    26.3311       
# span 8 = 0.0000e+00, 0.0000e+00       
# interval = decibars: 1                
# start_time = Jul 17 2023 18:29:45 [Instrument's time stamp, header]
# bad_flag = -9.990e-29
*END*
 198.774464      1.000  40.325405    14.5416     7.4286      0.992    33.0335    24.5544 0.0000e+00
 198.774491      2.000  39.849065    13.9838     6.9703      1.983    33.0724    24.7010 0.0000e+00
 198.774516      3.000  39.417496    13.4695     6.6536      2.975    33.1150    24.8391 0.0000e+00
 198.774540      4.000  39.230292    13.1893     6.6616      3.966    33.1826    24.9477 0.0000e+00
 198.774563      5.000  39.155294    13.0885     6.7051      4.958    33.1996    24.9810 0.0000e+00
 198.774584      6.000  39.097758    13.0302     6.5824      5.950    33.1958    24.9896 0.0000e+00
 198.774608      7.000  39.065623    12.9524     6.1270      6.942    33.2332    25.0339 0.0000e+00
 198.774629      8.000  38.955603    12.8413     6.0323      7.933    33.2260    25.0503 0.0000e+00
 198.774653      9.000  38.931215    12.8052     6.0053      8.925    33.2342    25.0637 0.0000e+00
 198.774677     10.000  38.928171    12.7914     6.0028      9.916    33.2430    25.0732 0.0000e+00
 198.774699     11.000  38.933482    12.7931     5.9229     10.908    33.2461    25.0754 0.0000e+00
 198.774723     12.000  38.924673    12.7730     5.7341     11.900    33.2550    25.0862 0.0000e+00
 198.774747     13.000  38.821696    12.6809     5.7180     12.891    33.2377    25.0908 0.0000e+00
 198.774773     14.000  38.725573    12.5391     5.8927     13.883    33.2708    25.1439 0.0000e+00
 198.774797     15.000  38.588728    12.4065     5.8167     14.874    33.2566    25.1584 0.0000e+00
 198.774821     16.000  38.478139    12.2536     5.7509     15.866    33.2855    25.2101 0.0000e+00
 198.774844     17.000  38.337287    12.1238     5.6702     16.857    33.2646    25.2185 0.0000e+00
 198.774871     18.000  38.305396    12.0476     5.5396     17.849    33.3012    25.2614 0.0000e+00
 198.774896     19.000  38.125684    11.9009     5.3397     18.840    33.2575    25.2549 0.0000e+00
 198.774921     20.000  37.890982    11.5791     4.9809     19.832    33.3166    25.3604 0.0000e+00
 198.774947     21.000  37.454738    11.0677     4.1066     20.824    33.3489    25.4779 0.0000e+00
 198.774972     22.000  36.465344    10.2965     3.6071     21.815    33.0593    25.3868 0.0000e+00
 198.774998     23.000  36.021457     9.4289     2.7589     22.807    33.4072    25.8025 0.0000e+00
 198.775023     24.000  35.365394     8.7954     2.5612     23.798    33.3182    25.8336 0.0000e+00
 198.775048     25.000  35.207959     8.4371     2.4091     24.790    33.4911    26.0240 0.0000e+00
 198.775073     26.000  35.094261     8.2485     2.2327     25.781    33.5499    26.0985 0.0000e+00
 198.775099     27.000  35.008147     8.0808     2.0272     26.773    33.6182    26.1772 0.0000e+00
 198.775125     28.000  34.986382     8.0078     1.8053     27.765    33.6647    26.2244 0.0000e+00
 198.775149     29.000  34.953593     7.9254     1.7511     28.756    33.7085    26.2710 0.0000e+00
 198.775174     30.000  34.966749     7.9130     1.6435     29.748    33.7341    26.2929 0.0000e+00
 198.775201     31.000  34.948433     7.8857     1.5722     30.739    33.7403    26.3018 0.0000e+00
 198.775227     32.000  34.941485     7.8754     1.5192     31.731    33.7424    26.3049 0.0000e+00
 198.775250     33.000  34.949474     7.8681     1.5086     32.722    33.7576    26.3179 0.0000e+00
 198.775277     34.000  34.945832     7.8631     1.4944     33.714    33.7580    26.3190 0.0000e+00
 198.775304     35.000  34.945071     7.8596     1.4763     34.705    33.7601    26.3212 0.0000e+00
 198.775327     36.000  34.944493     7.8636     1.4677     35.696    33.7551    26.3167 0.0000e+00
 198.775351     37.000  34.943644     7.8590     1.4650     36.688    33.7582    26.3198 0.0000e+00
 198.775376     38.000  34.943873     7.8585     1.4698     37.679    33.7584    26.3201 0.0000e+00
 198.775403     39.000  34.939597     7.8546     1.4505     38.671    33.7572    26.3197 0.0000e+00
 198.775428     40.000  34.937324     7.8460     1.4303     39.662    33.7626    26.3252 0.0000e+00
 198.775457     41.000  34.940993     7.8427     1.4212     40.654    33.7692    26.3309 0.0000e+00
 198.775489     42.000  34.937770     7.8390     1.4170     41.645    33.7688    26.3311 0.0000e+00
