data/oxygen options/OCNMS/OCNMS1/raw_data/2023/CAST_MB042_230615faed.cnv
* Sea-Bird SBE 19 Data File:
* FileName = C:\Users\OCNMS.Inst\Documents\2023 Mooring Data\Casts\CAST_MB042_230615.hex
* Software Version SeatermAF 2.1.4.55
* Temperature SN = 2997
* Conductivity SN = 2997
* System UpLoad Time = Jun 15 2023 22:34:10 (localtime) = Jun 15 2023 22:34:10 (UTC)
** CAST_MB042_230615
* ds
# nquan = 9                                 
# nvalues = 1107                        
# units = specified
# name 0 = timeJ: Julian Days
# name 1 = prSM: Pressure, Strain Gauge [db]
# name 2 = c0mS/cm: Conductivity [mS/cm]
# name 3 = t090C: Temperature [ITS-90, deg C]
# name 4 = sbeox0ML/L: Oxygen, SBE 43 [ml/l]
# name 5 = depSM: Depth [salt water, m], lat = 47.5
# name 6 = sal00: Salinity, Practical [PSU]
# name 7 = sigma-é00: Density [sigma-theta, kg/m^3]
# name 8 = flag: flag
# span 0 = 166.880775, 166.887176       
# span 1 =     -6.274,     40.171       
# span 2 =   0.250893,  37.666606       
# span 3 =     7.7983,    17.4158       
# span 4 =    -1.8247,    17.3709       
# span 5 =     -6.222,     39.832       
# span 6 =     0.1424,    33.6834       
# span 7 =    -1.1873,    26.2699       
# span 8 = 0.0000e+00, 0.0000e+00       
# interval = seconds: 0.5
# start_time = Jun 15 2023 21:08:19 [Instrument's time stamp, header]
# bad_flag = -9.990e-29
*END*
[from data line 481]
 166.883559     -0.279  36.568131    11.2024    -1.6190     -0.277    32.3616    24.6857 -9.990e-29
 166.883565     -0.264  36.636041    11.2028    -1.6199     -0.262    32.4280    24.7374 -9.990e-29
 166.883571     -0.257  36.657853    11.2038    -1.6204     -0.255    32.4486    24.7532 -9.990e-29
 166.883576     -0.257  36.632411    11.2045    -1.6190     -0.255    32.4230    24.7331 -9.990e-29
 166.883582     -0.255  36.598438    11.2057    -1.6187     -0.253    32.3885    24.7061 -9.990e-29
 166.883588     -0.246  36.567230    11.2082    -1.6185     -0.244    32.3556    24.6800 -9.990e-29
 166.883594     -0.231  36.541257    11.2108    -1.6183     -0.229    32.3277    24.6579 -9.990e-29
 166.883600     -0.213  36.540795    11.2119    -1.6184     -0.211    32.3263    24.6566 -9.990e-29
 166.883605     -0.199  36.569536    11.2138    -1.6178     -0.197    32.3529    24.6770 -9.990e-29
 166.883611     -0.193  36.607006    11.2186    -1.6186     -0.191    32.3855    24.7015 -9.990e-29
 166.883617     -0.193  36.644367    11.2231    -1.6217     -0.191    32.4183    24.7262 -9.990e-29
 166.883623     -0.200  36.653032    11.2240    -1.6223     -0.198    32.4261    24.7321 -9.990e-29
 166.883628     -0.211  36.629447    11.2229    -1.6231     -0.209    32.4038    24.7150 -9.990e-29
 166.883634     -0.217  36.629009    11.2228    -1.6225     -0.215    32.4035    24.7147 -9.990e-29
 166.883640     -0.219  36.670198    11.2248    -1.6220     -0.217    32.4423    24.7445 -9.990e-29
 166.883646     -0.221  36.712165    11.2284    -1.6212     -0.219    32.4804    24.7735 -9.990e-29
 166.883652     -0.223  36.733021    11.2313    -1.6222     -0.221    32.4984    24.7870 -9.990e-29
 166.883657     -0.230  36.739307    11.2306    -1.6205     -0.228    32.5052    24.7924 -9.990e-29
 166.883663     -0.246  36.736622    11.2258    -1.6200     -0.244    32.5068    24.7945 -9.990e-29
 166.883669     -0.268  36.714683    11.2188    -1.6196     -0.266    32.4914    24.7838 -9.990e-29
 166.883675     -0.285  36.637533    11.2105    -1.6159     -0.283    32.4227    24.7319 -9.990e-29
 166.883681     -0.285  36.521636    11.1981    -1.6124     -0.283    32.3196    24.6539 -9.990e-29
 166.883686     -0.272  36.440457    11.1814    -1.6122     -0.270    32.2543    24.6061 -9.990e-29
 166.883692     -0.263  36.429730    11.1696    -1.6128     -0.261    32.2541    24.6080 -9.990e-29
 166.883698     -0.270  36.480767    11.1715    -1.6115     -0.268    32.3027    24.6455 -9.990e-29
 166.883704     -0.296  36.546246    11.1814    -1.6129     -0.294    32.3585    24.6871 -9.990e-29
 166.883709     -0.333  36.570090    11.1908    -1.6105     -0.330    32.3737    24.6973 -9.990e-29
 166.883715     -0.355  36.574589    11.1980    -1.6076     -0.352    32.3718    24.6945 -9.990e-29
 166.883721     -0.352  36.614496    11.2035    -1.6072     -0.349    32.4063    24.7203 -9.990e-29
 166.883727     -0.336  36.689830    11.2078    -1.6075     -0.333    32.4766    24.7743 -9.990e-29
 166.883733     -0.328  36.820953    11.2114    -1.6128     -0.325    32.6026    24.8715 -9.990e-29
 166.883738     -0.335  37.027547    11.2144    13.2792     -0.332    32.8035    25.0273 -9.990e-29
 166.883744     -0.354  37.222654    11.2174    17.3562     -0.351    32.9932    25.1743 -9.990e-29
 166.883750     -0.369  37.320796    11.2211    17.3709     -0.366    33.0867    25.2464 -9.990e-29
 166.883756     -0.363  37.357615    11.2260    14.0872     -0.360    33.1187    25.2703 -9.990e-29
 166.883762     -0.341  37.385584    11.2316     7.4518     -0.338    33.1412    25.2869 -9.990e-29
 166.883767     -0.319  37.431367    11.2361     7.4900     -0.316    33.1823    25.3180 -9.990e-29
 166.883773     -0.307  37.536418    11.2383     7.8364     -0.304    33.2840    25.3968 -9.990e-29
 166.883779     -0.310  37.651465    11.2376     7.9785     -0.307    33.3983    25.4857 -9.990e-29
 166.883785     -0.322  37.666606    11.2347     8.0182     -0.319    33.4159    25.5000 -9.990e-29
 166.883791     -0.333  37.502884    11.2312     8.0053     -0.330    33.2574    25.3773 -9.990e-29
 166.883796     -0.330  37.122979    11.2276     7.9779     -0.327    32.8858    25.0889 -9.990e-29
 166.883802     -0.313  36.689251    11.2239     7.9515     -0.310    32.4618    24.7599 -9.990e-29
 166.883808     -0.294  36.433989    11.2219     7.9285     -0.292    32.2125    24.5664 -9.990e-29
 166.883814     -0.283  36.346793    11.2222     7.9316     -0.281    32.1266    24.4995 -9.990e-29
 166.883819     -0.286  36.319259    11.2234     7.9220     -0.284    32.0985    24.4774 -9.990e-29
 166.883825     -0.297  36.310211    11.2239     7.9092     -0.295    32.0891    24.4701 -9.990e-29
 166.883831     -0.304  36.303123    11.2216     7.9070     -0.301    32.0842    24.4667 -9.990e-29
 166.883837     -0.296  36.294166    11.2135     7.8966     -0.294    32.0824    24.4667 -9.990e-29
 166.883843     -0.276  36.282058    11.2015     7.8927     -0.274    32.0810    24.4677 -9.990e-29
 166.883848     -0.259  36.270274    11.1935     7.8958     -0.257    32.0764    24.4656 -9.990e-29
 166.883854     -0.254  36.267763    11.1939     7.8387     -0.252    32.0735    24.4633 -9.990e-29
 166.883860     -0.259  36.272873    11.2004     7.8723     -0.257    32.0729    24.4616 -9.990e-29
 166.883866     -0.276  36.277869    11.2065     7.8751     -0.274    32.0725    24.4603 -9.990e-29
 166.883872     -0.297  36.279910    11.2081     7.8827     -0.295    32.0731    24.4605 -9.990e-29
 166.883877     -0.309  36.278376    11.2064     7.8904     -0.306    32.0731    24.4607 -9.990e-29
 166.883883     -0.315  36.275723    11.2041     7.8231     -0.312    32.0725    24.4607 -9.990e-29
 166.883889     -0.319  36.274593    11.2032     7.8532     -0.316    32.0722    24.4606 -9.990e-29
 166.883895     -0.320  36.274615    11.2040     7.8596     -0.317    32.0715    24.4599 -9.990e-29
 166.883900     -0.320  36.275277    11.2050     7.8756     -0.317    32.0713    24.4596 -9.990e-29
 166.883906     -0.317  36.276357    11.2051     7.9007     -0.314    32.0723    24.4603 -9.990e-29
 166.883912     -0.313  36.276514    11.2036     7.8777     -0.310    32.0737    24.4617 -9.990e-29
 166.883918     -0.301  36.274296    11.2004     7.8816     -0.298    32.0743    24.4627 -9.990e-29
 166.883924     -0.278  36.271244    11.1979     7.8709     -0.276    32.0735    24.4625 -9.990e-29
 166.883929     -0.251  36.270589    11.1976     7.8566     -0.249    32.0731    24.4623 -9.990e-29
 166.883935     -0.234  36.272033    11.1984     7.8703     -0.232    32.0738    24.4627 -9.990e-29
 166.883941     -0.235  36.273598    11.1995     7.8790     -0.233    32.0744    24.4630 -9.990e-29
 166.883947     -0.242  36.274587    11.2008     7.8861     -0.240    32.0742    24.4626 -9.990e-29
 166.883953     -0.237  36.274656    11.2019     7.8880     -0.235    32.0733    24.4617 -9.990e-29
 166.883958     -0.221  36.274476    11.2026     7.8876     -0.219    32.0725    24.4610 -9.990e-29
 166.883964     -0.197  36.274948    11.2035     7.8787     -0.195    32.0722    24.4606 -9.990e-29
 166.883970     -0.167  36.276157    11.2044     7.8630     -0.166    32.0726    24.4607 -9.990e-29
 166.883976     -0.138  36.276933    11.2053     7.8512     -0.137    32.0726    24.4605 -9.990e-29
 166.883981     -0.117  36.274966    11.2060     7.8481     -0.116    32.0700    24.4584 -9.990e-29
 166.883987     -0.111  36.272691    11.2060     7.8608     -0.110    32.0678    24.4567 -9.990e-29
 166.883993     -0.120  36.273254    11.2044     7.8705     -0.119    32.0697    24.4585 -9.990e-29
 166.883999     -0.131  36.272382    11.2003     7.8742     -0.130    32.0724    24.4613 -9.990e-29
 166.884005     -0.133  36.267812    11.1944     7.8741     -0.132    32.0731    24.4629 -9.990e-29
 166.884010     -0.125  36.263551    11.1902     7.8636     -0.124    32.0726    24.4632 -9.990e-29
 166.884016     -0.115  36.262334    11.1895     7.8686     -0.114    32.0720    24.4629 -9.990e-29
 166.884022     -0.107  36.263115    11.1905     7.8630     -0.106    32.0719    24.4626 -9.990e-29
 166.884028     -0.102  36.263592    11.1912     7.8635     -0.101    32.0717    24.4624 -9.990e-29
 166.884034     -0.097  36.263301    11.1916     7.8792     -0.096    32.0711    24.4618 -9.990e-29
 166.884039     -0.093  36.263551    11.1922     7.8596     -0.092    32.0708    24.4615 -9.990e-29
 166.884045     -0.086  36.264133    11.1917     7.8715     -0.085    32.0718    24.4623 -9.990e-29
 166.884051     -0.071  36.263041    11.1888     7.8711     -0.070    32.0733    24.4640 -9.990e-29
 166.884057     -0.050  36.261077    11.1856     7.8698     -0.050    32.0741    24.4652 -9.990e-29
 166.884063     -0.032  36.260121    11.1843     7.8825     -0.032    32.0743    24.4656 -9.990e-29
 166.884068     -0.024  36.260034    11.1845     7.8361     -0.024    32.0740    24.4653 -9.990e-29
 166.884074     -0.024  36.260718    11.1850     7.8756     -0.024    32.0743    24.4654 -9.990e-29
 166.884080     -0.025  36.260863    11.1845     7.8778     -0.025    32.0748    24.4660 -9.990e-29
 166.884086     -0.023  36.259000    11.1834     7.8962     -0.023    32.0740    24.4655 -9.990e-29
 166.884091     -0.017  36.257705    11.1840     7.9003     -0.017    32.0722    24.4640 -9.990e-29
 166.884097     -0.006  36.259188    11.1859     7.8717     -0.006    32.0720    24.4635 -9.990e-29
 166.884103      0.009  36.260963    11.1876     7.8702      0.009    32.0722    24.4634 -9.990e-29
 166.884109      0.029  36.262054    11.1890     7.8728      0.029    32.0721    24.4630 -9.990e-29
 166.884115      0.053  36.263374    11.1903     7.8785      0.053    32.0722    24.4629 -9.990e-29
 166.884120      0.072  36.264459    11.1910     7.8754      0.071    32.0727    24.4631 -9.990e-29
 166.884126      0.084  36.265094    11.1913     7.8743      0.083    32.0730    24.4634 -9.990e-29
 166.884132      0.090  36.265025    11.1917     7.8702      0.089    32.0726    24.4630 -9.990e-29
 166.884138      0.089  36.264737    11.1919     7.8788      0.088    32.0722    24.4626 -9.990e-29
 166.884144      0.082  36.264982    11.1913     7.8763      0.081    32.0729    24.4633 -9.990e-29
 166.884149      0.072  36.264985    11.1902     7.8752      0.071    32.0739    24.4642 -9.990e-29
 166.884155      0.068  36.264210    11.1892     7.8741      0.067    32.0740    24.4645 -9.990e-29
 166.884161      0.074  36.263321    11.1888     7.8732      0.073    32.0735    24.4642 -9.990e-29
 166.884167      0.085  36.262833    11.1886     7.8775      0.084    32.0732    24.4639 -9.990e-29
 166.884172      0.098  36.262111    11.1876     7.8838      0.097    32.0733    24.4642 -9.990e-29
 166.884178      0.114  36.259091    11.1852     7.8850      0.113    32.0724    24.4640 -9.990e-29
 166.884184      0.129  36.252003    11.1829     7.8910      0.128    32.0675    24.4605 -9.990e-29
 166.884190      0.141  36.247096    11.1823     7.8909      0.140    32.0632    24.4573 -9.990e-29
 166.884196      0.150  36.249607    11.1823     7.8877      0.149    32.0656    24.4592 -9.990e-29
 166.884201      0.156  36.251697    11.1807     7.8800      0.155    32.0691    24.4622 -9.990e-29
 166.884207      0.160  36.250010    11.1777     7.8679      0.159    32.0700    24.4634 -9.990e-29
 166.884213      0.163  36.248476    11.1742     7.8659      0.162    32.0716    24.4653 -9.990e-29
 166.884219      0.164  36.247310    11.1713     7.8537      0.163    32.0729    24.4668 -9.990e-29
 166.884225      0.159  36.246094    11.1702     7.8482      0.158    32.0727    24.4668 -9.990e-29
 166.884230      0.144  36.246583    11.1715     7.8561      0.143    32.0721    24.4661 -9.990e-29
 166.884236      0.122  36.249445    11.1739     7.8671      0.121    32.0728    24.4663 -9.990e-29
 166.884242      0.099  36.251793    11.1754     7.8782      0.098    32.0738    24.4668 -9.990e-29
 166.884248      0.084  36.252298    11.1756     7.8889      0.083    32.0741    24.4670 -9.990e-29
 166.884253      0.080  36.252211    11.1754     7.8431      0.079    32.0742    24.4671 -9.990e-29
 166.884259      0.082  36.251996    11.1758     7.8642      0.081    32.0737    24.4666 -9.990e-29
 166.884265      0.081  36.251942    11.1765     7.8699      0.080    32.0730    24.4660 -9.990e-29
 166.884271      0.077  36.252557    11.1771     7.8770      0.076    32.0731    24.4659 -9.990e-29
 166.884277      0.075  36.253928    11.1780     7.8969      0.074    32.0736    24.4662 -9.990e-29
 166.884282      0.070  36.255645    11.1791     7.8649      0.069    32.0744    24.4666 -9.990e-29
 166.884288      0.062  36.256991    11.1800     7.8813      0.061    32.0749    24.4668 -9.990e-29
 166.884294      0.059  36.257483    11.1790     7.8833      0.059    32.0763    24.4681 -9.990e-29
 166.884300      0.060  36.252511    11.1756     7.8703      0.059    32.0743    24.4672 -9.990e-29
 166.884306      0.058  36.241008    11.1736     7.8644      0.058    32.0648    24.4601 -9.990e-29
 166.884311      0.047  36.235601    11.1749     7.8388      0.047    32.0583    24.4548 -9.990e-29
 166.884317      0.032  36.239683    11.1759     7.8300      0.032    32.0615    24.4571 -9.990e-29
 166.884323      0.019  36.242417    11.1726     7.8478      0.019    32.0671    24.4620 -9.990e-29
 166.884329      0.013  36.239570    11.1639     7.8640      0.013    32.0718    24.4673 -9.990e-29
 166.884334      0.013  36.233468    11.1537     7.8874      0.013    32.0747    24.4713 -9.990e-29
 166.884340      0.015  36.228259    11.1480     7.8834      0.015    32.0746    24.4722 -9.990e-29
 166.884346      0.010  36.227039    11.1479     7.8678      0.010    32.0734    24.4714 -9.990e-29
 166.884352     -0.002  36.229821    11.1499     7.8547     -0.002    32.0744    24.4718 -9.990e-29
 166.884358     -0.014  36.234673    11.1520     7.8489     -0.014    32.0774    24.4737 -9.990e-29
 166.884363     -0.020  36.240745    11.1560     7.8601     -0.020    32.0799    24.4749 -9.990e-29
 166.884369     -0.023  36.249376    11.1649     7.8734     -0.023    32.0806    24.4739 -9.990e-29
 166.884375     -0.023  36.259152    11.1756     7.8775     -0.023    32.0809    24.4723 -9.990e-29
 166.884381     -0.022  36.265148    11.1820     7.8686     -0.022    32.0812    24.4714 -9.990e-29
 166.884387     -0.031  36.265239    11.1834     7.8560     -0.031    32.0801    24.4703 -9.990e-29
 166.884392     -0.050  36.262871    11.1827     7.8512     -0.050    32.0784    24.4691 -9.990e-29
 166.884398     -0.066  36.260452    11.1797     7.8665     -0.065    32.0786    24.4698 -9.990e-29
 166.884404     -0.069  36.256400    11.1745     7.8747     -0.068    32.0792    24.4711 -9.990e-29
 166.884410     -0.058  36.251995    11.1704     7.8779     -0.058    32.0784    24.4713 -9.990e-29
 166.884416     -0.041  36.251404    11.1696     7.8748     -0.041    32.0785    24.4715 -9.990e-29
 166.884421     -0.026  36.254361    11.1706     7.8546     -0.026    32.0806    24.4729 -9.990e-29
 166.884427     -0.020  36.256929    11.1723     7.8449     -0.020    32.0816    24.4734 -9.990e-29
 166.884433     -0.023  36.257452    11.1739     7.8429     -0.023    32.0807    24.4724 -9.990e-29
 166.884439     -0.027  36.256588    11.1742     7.8121     -0.027    32.0796    24.4715 -9.990e-29
 166.884444     -0.027  36.254268    11.1738     7.8468     -0.027    32.0777    24.4701 -9.990e-29
 166.884450     -0.024  36.251843    11.1731     7.8510     -0.024    32.0759    24.4688 -9.990e-29
 166.884456     -0.017  36.251641    11.1723     7.8505     -0.017    32.0764    24.4694 -9.990e-29
 166.884462     -0.006  36.252794    11.1717     7.8500     -0.006    32.0781    24.4707 -9.990e-29
 166.884468      0.005  36.254002    11.1710     7.7992      0.005    32.0798    24.4723 -9.990e-29
 166.884473      0.010  36.255157    11.1699     7.8516      0.010    32.0819    24.4741 -9.990e-29
