data/oxygen options/OCNMS/OCNMS1/raw_data/2023/CAST_TH042_230831faed.cnv
* Sea-Bird SBE 19 Data File:
* FileName = C:\Users\OCNMS.Inst\Documents\2023 Mooring Data\Casts\CAST_TH042_230831.hex
* Software Version SeatermAF 2.1.4.55
* Temperature SN = 2997
* Conductivity SN = 2997
* System UpLoad Time = Aug 31 2023 01:30:16 (localtime) = Aug 31 2023 01:30:16 (UTC)
** CAST_TH042_230831
* ds
# nquan = 9                                 
# nvalues = 1087                        
# units = specified
# name 0 = timeJ: Julian Days
# name 1 = prSM: Pressure, Strain Gauge [db]
# name 2 = c0mS/cm: Conductivity [mS/cm]
# name 3 = t090C: Temperature [ITS-90, deg C]
# name 4 = sbeox0ML/L: Oxygen, SBE 43 [ml/l]
# name 5 = depSM: Depth [salt water, m], lat = 47.5
# name 6 = sal00: Salinity, Practical [PSU]
# name 7 = sigma-é00: Density [sigma-theta, kg/m^3]
# name 8 = flag: flag
# span 0 = 243.009306, 243.015590       
# span 1 =     -6.497,     40.211       
# span 2 =   0.563158,  40.169750       
# span 3 =     8.1965,    16.1453       
# span 4 =    -1.8061,    16.0343       
# span 5 =     -6.443,     39.872       
# span 6 =     0.3343,    33.6827       
# span 7 =    -0.8210,    26.2094       
# span 8 = 0.0000e+00, 0.0000e+00       
# interval = seconds: 0.5
# start_time = Aug 31 2023 00:13:24 [Instrument's time stamp, header]
# bad_flag = -9.990e-29
*END*
 243.009306     -6.497 -9.990e-29    15.9246    -1.7893     -6.443 -9.990e-29 -9.990e-29 -9.990e-29
 243.009311     -6.483   0.574950    15.9300    -1.7889     -6.429     0.3414    -0.7805 -9.990e-29
 243.009317     -6.464   0.574931    15.9291    -1.7884     -6.410     0.3414    -0.7803 -9.990e-29
 243.009323     -6.440   0.574872    15.9219    -1.7881     -6.386     0.3414    -0.7791 -9.990e-29
 243.009329     -6.413   0.574695    15.9116    -1.7882     -6.360     0.3414    -0.7775 -9.990e-29
 243.009334     -6.386   0.574350    15.9013    -1.7880     -6.333     0.3412    -0.7759 -9.990e-29
 243.009340     -6.358   0.573930    15.8925    -1.7879     -6.305     0.3411    -0.7746 -9.990e-29
 243.009346     -6.330   0.573616    15.8869    -1.7877     -6.277     0.3409    -0.7738 -9.990e-29
 243.009352     -6.306   0.573546    15.8879    -1.7872     -6.253     0.3409    -0.7740 -9.990e-29
 243.009358     -6.284   0.573814    15.8960    -1.7872     -6.232     0.3410    -0.7753 -9.990e-29
 243.009363     -6.262   0.574224    15.9068    -1.7881     -6.210     0.3411    -0.7769 -9.990e-29
 243.009369     -6.238   0.574216    15.9164    -1.7892     -6.186     0.3410    -0.7785 -9.990e-29
 243.009375     -6.213   0.573781    15.9231    -1.7903     -6.161     0.3407    -0.7798 -9.990e-29
 243.009381     -6.183   0.573450    15.9275    -1.7906     -6.131     0.3405    -0.7807 -9.990e-29
 243.009387     -6.147   0.573338    15.9319    -1.7903     -6.096     0.3404    -0.7815 -9.990e-29
 243.009392     -6.107   0.573300    15.9366    -1.7900     -6.056     0.3403    -0.7823 -9.990e-29
 243.009398     -6.069   0.573286    15.9417    -1.7892     -6.018     0.3403    -0.7832 -9.990e-29
 243.009404     -6.035   0.573280    15.9452    -1.7885     -5.985     0.3402    -0.7838 -9.990e-29
 243.009410     -6.003   0.573276    15.9403    -1.7877     -5.953     0.3403    -0.7830 -9.990e-29
 243.009416     -5.970   0.573269    15.9242    -1.7874     -5.920     0.3404    -0.7803 -9.990e-29
 243.009421     -5.935   0.573254    15.9025    -1.7871     -5.886     0.3406    -0.7766 -9.990e-29
 243.009427     -5.899   0.573211    15.8838    -1.7868     -5.850     0.3407    -0.7735 -9.990e-29
 243.009433     -5.865   0.573086    15.8751    -1.7864     -5.816     0.3407    -0.7721 -9.990e-29
 243.009439     -5.830   0.572715    15.8773    -1.7865     -5.781     0.3404    -0.7726 -9.990e-29
 243.009444     -5.797   0.572159    15.8875    -1.7863     -5.749     0.3400    -0.7746 -9.990e-29
 243.009450     -5.767   0.571788    15.9030    -1.7858     -5.719     0.3397    -0.7774 -9.990e-29
 243.009456     -5.739   0.571663    15.9204    -1.7856     -5.691     0.3394    -0.7804 -9.990e-29
 243.009462     -5.712   0.571621    15.9364    -1.7854     -5.664     0.3393    -0.7831 -9.990e-29
 243.009468     -5.682   0.571605    15.9492    -1.7854     -5.635     0.3392    -0.7853 -9.990e-29
 243.009473     -5.649   0.571599    15.9592    -1.7857     -5.602     0.3391    -0.7870 -9.990e-29
 243.009479     -5.615   0.571596    15.9677    -1.7856     -5.568     0.3390    -0.7884 -9.990e-29
 243.009485     -5.585   0.571594    15.9744    -1.7864     -5.538     0.3389    -0.7895 -9.990e-29
 243.009491     -5.563   0.571592    15.9794    -1.7878     -5.517     0.3389    -0.7904 -9.990e-29
 243.009497     -5.543   0.571591    15.9856    -1.7887     -5.497     0.3389    -0.7914 -9.990e-29
 243.009502     -5.519   0.571589    15.9933    -1.7898     -5.473     0.3388    -0.7927 -9.990e-29
 243.009508     -5.493   0.571587    15.9994    -1.7898     -5.447     0.3387    -0.7938 -9.990e-29
 243.009514     -5.469   0.571584    16.0025    -1.7889     -5.423     0.3387    -0.7943 -9.990e-29
 243.009520     -5.445   0.571578    16.0021    -1.7873     -5.400     0.3387    -0.7942 -9.990e-29
 243.009525     -5.419   0.571563    15.9983    -1.7869     -5.374     0.3387    -0.7936 -9.990e-29
 243.009531     -5.390   0.571522    15.9896    -1.7872     -5.345     0.3388    -0.7921 -9.990e-29
 243.009537     -5.360   0.571402    15.9717    -1.7873     -5.315     0.3389    -0.7892 -9.990e-29
 243.009543     -5.332   0.571044    15.9469    -1.7870     -5.288     0.3388    -0.7851 -9.990e-29
 243.009549     -5.303   0.570529    15.9231    -1.7863     -5.259     0.3387    -0.7814 -9.990e-29
 243.009554     -5.272   0.570279    15.9077    -1.7859     -5.228     0.3387    -0.7789 -9.990e-29
 243.009560     -5.242   0.570520    15.9073    -1.7856     -5.198     0.3388    -0.7787 -9.990e-29
 243.009566     -5.218   0.571018    15.9226    -1.7853     -5.175     0.3390    -0.7811 -9.990e-29
 243.009572     -5.200   0.571332    15.9432    -1.7850     -5.157     0.3390    -0.7844 -9.990e-29
 243.009578     -5.182   0.571326    15.9565    -1.7852     -5.139     0.3389    -0.7866 -9.990e-29
 243.009583     -5.162   0.570994    15.9608    -1.7854     -5.119     0.3387    -0.7875 -9.990e-29
 243.009589     -5.141   0.570451    15.9637    -1.7853     -5.098     0.3383    -0.7883 -9.990e-29
 243.009595     -5.119   0.570084    15.9709    -1.7849     -5.076     0.3381    -0.7896 -9.990e-29
 243.009601     -5.101   0.569961    15.9821    -1.7844     -5.058     0.3379    -0.7916 -9.990e-29
 243.009606     -5.081   0.569919    15.9934    -1.7837     -5.039     0.3378    -0.7935 -9.990e-29
 243.009612     -5.057   0.569904    16.0028    -1.7835     -5.015     0.3377    -0.7951 -9.990e-29
 243.009618     -5.033   0.569898    16.0106    -1.7835     -4.991     0.3376    -0.7965 -9.990e-29
 243.009624     -5.007   0.569895    16.0154    -1.7836     -4.965     0.3376    -0.7973 -9.990e-29
 243.009630     -4.982   0.569893    16.0162    -1.7840     -4.940     0.3376    -0.7974 -9.990e-29
 243.009635     -4.959   0.569891    16.0161    -1.7837     -4.918     0.3376    -0.7974 -9.990e-29
 243.009641     -4.939   0.569890    16.0196    -1.7832     -4.898     0.3375    -0.7980 -9.990e-29
 243.009647     -4.919   0.569888    16.0279    -1.7828     -4.878     0.3375    -0.7994 -9.990e-29
 243.009653     -4.898   0.569887    16.0396    -1.7828     -4.857     0.3374    -0.8014 -9.990e-29
 243.009659     -4.875   0.569885    16.0512    -1.7827     -4.834     0.3373    -0.8034 -9.990e-29
 243.009664     -4.849   0.569884    16.0586    -1.7827     -4.809     0.3372    -0.8046 -9.990e-29
 243.009670     -4.817   0.569882    16.0609    -1.7825     -4.777     0.3372    -0.8050 -9.990e-29
 243.009676     -4.783   0.569880    16.0599    -1.7827     -4.743     0.3372    -0.8048 -9.990e-29
 243.009682     -4.751   0.569877    16.0595    -1.7829     -4.711     0.3372    -0.8048 -9.990e-29
 243.009688     -4.726   0.569871    16.0638    -1.7831     -4.687     0.3372    -0.8055 -9.990e-29
 243.009693     -4.705   0.569856    16.0716    -1.7832     -4.666     0.3371    -0.8068 -9.990e-29
 243.009699     -4.686   0.569813    16.0785    -1.7829     -4.647     0.3370    -0.8080 -9.990e-29
 243.009705     -4.668   0.569688    16.0828    -1.7825     -4.629     0.3369    -0.8088 -9.990e-29
 243.009711     -4.651   0.569317    16.0856    -1.7824     -4.612     0.3366    -0.8095 -9.990e-29
 243.009716     -4.634   0.568761    16.0877    -1.7825     -4.595     0.3363    -0.8101 -9.990e-29
 243.009722     -4.614   0.568390    16.0884    -1.7827     -4.576     0.3361    -0.8104 -9.990e-29
 243.009728     -4.592   0.568265    16.0862    -1.7832     -4.554     0.3360    -0.8101 -9.990e-29
 243.009734     -4.569   0.568224    16.0819    -1.7842     -4.531     0.3360    -0.8094 -9.990e-29
 243.009740     -4.550   0.568213    16.0788    -1.7849     -4.512     0.3360    -0.8088 -9.990e-29
 243.009745     -4.527   0.568220    16.0795    -1.7849     -4.489     0.3360    -0.8090 -9.990e-29
 243.009751     -4.500   0.568253    16.0840    -1.7849     -4.462     0.3360    -0.8097 -9.990e-29
 243.009757     -4.475   0.568360    16.0890    -1.7845     -4.438     0.3360    -0.8105 -9.990e-29
 243.009763     -4.456   0.568687    16.0908    -1.7842     -4.419     0.3362    -0.8107 -9.990e-29
 243.009769     -4.441   0.569117    16.0884    -1.7840     -4.404     0.3365    -0.8100 -9.990e-29
 243.009774     -4.425   0.569116    16.0814    -1.7844     -4.388     0.3366    -0.8089 -9.990e-29
 243.009780     -4.402   0.568683    16.0687    -1.7847     -4.365     0.3364    -0.8069 -9.990e-29
 243.009786     -4.375   0.568353    16.0523    -1.7849     -4.339     0.3363    -0.8043 -9.990e-29
 243.009792     -4.352   0.568242    16.0389    -1.7850     -4.316     0.3364    -0.8020 -9.990e-29
 243.009797     -4.335   0.568204    16.0332    -1.7849     -4.299     0.3364    -0.8011 -9.990e-29
 243.009803     -4.318   0.568190    16.0344    -1.7849     -4.282     0.3364    -0.8013 -9.990e-29
 243.009809     -4.301   0.568185    16.0394    -1.7846     -4.265     0.3363    -0.8021 -9.990e-29
 243.009815     -4.286   0.568182    16.0447    -1.7842     -4.250     0.3363    -0.8030 -9.990e-29
 243.009821     -4.269   0.568180    16.0461    -1.7841     -4.233     0.3363    -0.8033 -9.990e-29
 243.009826     -4.249   0.568178    16.0425    -1.7839     -4.214     0.3363    -0.8027 -9.990e-29
 243.009832     -4.228   0.568177    16.0369    -1.7838     -4.193     0.3363    -0.8017 -9.990e-29
 243.009838     -4.205   0.568175    16.0323    -1.7837     -4.170     0.3364    -0.8009 -9.990e-29
 243.009844     -4.184   0.568174    16.0301    -1.7837     -4.149     0.3364    -0.8006 -9.990e-29
 243.009850     -4.166   0.568172    16.0304    -1.7836     -4.131     0.3364    -0.8006 -9.990e-29
 243.009855     -4.150   0.568171    16.0335    -1.7837     -4.115     0.3364    -0.8011 -9.990e-29
 243.009861     -4.137   0.568169    16.0393    -1.7835     -4.103     0.3363    -0.8021 -9.990e-29
 243.009867     -4.124   0.568166    16.0460    -1.7832     -4.090     0.3363    -0.8033 -9.990e-29
 243.009873     -4.112   0.568160    16.0517    -1.7829     -4.078     0.3362    -0.8042 -9.990e-29
 243.009878     -4.098   0.568145    16.0561    -1.7829     -4.064     0.3362    -0.8050 -9.990e-29
 243.009884     -4.084   0.568104    16.0595    -1.7828     -4.050     0.3361    -0.8056 -9.990e-29
 243.009890     -4.066   0.567983    16.0617    -1.7829     -4.032     0.3360    -0.8060 -9.990e-29
 243.009896     -4.045   0.567624    16.0632    -1.7826     -4.011     0.3358    -0.8065 -9.990e-29
 243.009902     -4.019   0.567105    16.0649    -1.7824     -3.985     0.3355    -0.8070 -9.990e-29
 243.009907     -3.991   0.566843    16.0672    -1.7823     -3.958     0.3353    -0.8075 -9.990e-29
 243.009913     -3.967   0.567047    16.0711    -1.7820     -3.934     0.3354    -0.8081 -9.990e-29
 243.009919     -3.951   0.567435    16.0768    -1.7816     -3.918     0.3356    -0.8089 -9.990e-29
 243.009925     -3.936   0.567420    16.0822    -1.7809     -3.903     0.3355    -0.8098 -9.990e-29
 243.009931     -3.918   0.566983    16.0859    -1.7808     -3.885     0.3352    -0.8106 -9.990e-29
 243.009936     -3.899   0.566651    16.0883    -1.7805     -3.866     0.3350    -0.8112 -9.990e-29
 243.009942     -3.884   0.566539    16.0907    -1.7805     -3.852     0.3349    -0.8116 -9.990e-29
 243.009948     -3.870   0.566501    16.0947    -1.7812     -3.838     0.3349    -0.8123 -9.990e-29
 243.009954     -3.858   0.566488    16.0998    -1.7817     -3.826     0.3348    -0.8132 -9.990e-29
 243.009959     -3.845   0.566482    16.1057    -1.7822     -3.813     0.3348    -0.8142 -9.990e-29
 243.009965     -3.833   0.566479    16.1138    -1.7828     -3.801     0.3347    -0.8156 -9.990e-29
 243.009971     -3.818   0.566477    16.1244    -1.7834     -3.786     0.3346    -0.8174 -9.990e-29
 243.009977     -3.802   0.566476    16.1350    -1.7841     -3.770     0.3345    -0.8192 -9.990e-29
 243.009983     -3.782   0.566474    16.1425    -1.7851     -3.750     0.3345    -0.8205 -9.990e-29
 243.009988     -3.762   0.566472    16.1453    -1.7858     -3.731     0.3344    -0.8210 -9.990e-29
 243.009994     -3.745   0.566471    16.1421    -1.7860     -3.714     0.3345    -0.8204 -9.990e-29
 243.010000     -3.724   0.566469    16.1325    -1.7853     -3.693     0.3345    -0.8188 -9.990e-29
 243.010006     -3.700   0.566468    16.1198    -1.7843     -3.669     0.3346    -0.8166 -9.990e-29
 243.010012     -3.679   0.566467    16.1056    -1.7835     -3.648     0.3347    -0.8142 -9.990e-29
 243.010017     -3.665   0.566465    16.0896    -1.7829     -3.634     0.3349    -0.8115 -9.990e-29
 243.010023     -3.655   0.566464    16.0720    -1.7824     -3.625     0.3350    -0.8085 -9.990e-29
 243.010029     -3.646   0.566463    16.0531    -1.7821     -3.616     0.3352    -0.8053 -9.990e-29
 243.010035     -3.631   0.566463    16.0344    -1.7818     -3.601     0.3353    -0.8021 -9.990e-29
 243.010041     -3.616   0.566463    16.0207    -1.7820     -3.586     0.3354    -0.7998 -9.990e-29
 243.010046     -3.602   0.566463    16.0185    -1.7821     -3.572     0.3354    -0.7994 -9.990e-29
 243.010052     -3.590   0.566464    16.0297    -1.7822     -3.560     0.3354    -0.8013 -9.990e-29
 243.010058     -3.578   0.566464    16.0490    -1.7830     -3.548     0.3352    -0.8046 -9.990e-29
 243.010064     -3.566   0.566464    16.0686    -1.7844     -3.536     0.3350    -0.8079 -9.990e-29
 243.010069     -3.553   0.566464    16.0847    -1.7854     -3.523     0.3349    -0.8107 -9.990e-29
 243.010075     -3.537   0.566463    16.0972    -1.7859     -3.508     0.3348    -0.8128 -9.990e-29
 243.010081     -3.519   0.566458    16.1062    -1.7863     -3.490     0.3347    -0.8143 -9.990e-29
 243.010087     -3.496   0.566445    16.1110    -1.7868     -3.467     0.3347    -0.8151 -9.990e-29
 243.010093     -3.468   0.566404    16.1113    -1.7876     -3.439     0.3347    -0.8152 -9.990e-29
 243.010098     -3.437   0.566281    16.1076    -1.7877     -3.408     0.3346    -0.8146 -9.990e-29
 243.010104     -3.410   0.565912    16.0977    -1.7871     -3.382     0.3345    -0.8131 -9.990e-29
 243.010110     -3.388   0.565358    16.0781    -1.7872     -3.360     0.3343    -0.8100 -9.990e-29
 243.010116     -3.371   0.564989    16.0523    -1.7880     -3.343     0.3343    -0.8058 -9.990e-29
 243.010122     -3.358   0.564866    16.0284    -1.7887     -3.330     0.3344    -0.8018 -9.990e-29
 243.010127     -3.347   0.564825    16.0106    -1.7897     -3.319     0.3345    -0.7988 -9.990e-29
 243.010133     -3.339   0.564811    15.9965    -1.7905     -3.311     0.3346    -0.7964 -9.990e-29
 243.010139     -3.332   0.564807    15.9831    -1.7914     -3.304     0.3347    -0.7942 -9.990e-29
 243.010145     -3.326   0.564806    15.9717    -1.7924     -3.298     0.3348    -0.7922 -9.990e-29
 243.010150     -3.321   0.564806    15.9670    -1.7930     -3.293     0.3348    -0.7915 -9.990e-29
 243.010156     -3.316   0.564806    15.9667    -1.7932     -3.288     0.3348    -0.7914 -9.990e-29
 243.010162     -3.311   0.564807    15.9613    -1.7933     -3.283     0.3349    -0.7905 -9.990e-29
 243.010168     -3.305   0.564807    15.9469    -1.7935     -3.277     0.3350    -0.7881 -9.990e-29
 243.010174     -3.300   0.564807    15.9271    -1.7936     -3.272     0.3352    -0.7847 -9.990e-29
 243.010179     -3.293   0.564808    15.9051    -1.7936     -3.266     0.3353    -0.7810 -9.990e-29
 243.010185     -3.285   0.564808    15.8825    -1.7938     -3.258     0.3355    -0.7772 -9.990e-29
 243.010191     -3.275   0.564808    15.8598    -1.7937     -3.248     0.3357    -0.7734 -9.990e-29
 243.010197     -3.262   0.564809    15.8385    -1.7928     -3.235     0.3359    -0.7698 -9.990e-29
 243.010203     -3.247   0.564809    15.8226    -1.7920     -3.220     0.3360    -0.7672 -9.990e-29
 243.010208     -3.226   0.564809    15.8134    -1.7915     -3.199     0.3361    -0.7656 -9.990e-29
 243.010214     -3.205   0.564810    15.8080    -1.7912     -3.178     0.3361    -0.7647 -9.990e-29
 243.010220     -3.189   0.564810    15.8039    -1.7910     -3.162     0.3362    -0.7640 -9.990e-29
 243.010226     -3.182   0.564811    15.8012    -1.7914     -3.155     0.3362    -0.7636 -9.990e-29
