data/oxygen options/OCNMS/OCNMS1/raw_data/2023/CAST_CE015_230830faed.cnv
* Sea-Bird SBE 19 Data File:
* FileName = C:\Users\OCNMS.Inst\Documents\2023 Mooring Data\Casts\CAST_CE015_230830.hex
* Software Version SeatermAF 2.1.4.55
* Temperature SN = 2997
* Conductivity SN = 2997
* System UpLoad Time = Aug 30 2023 20:31:14 (localtime) = Aug 30 2023 20:31:14 (UTC)
** CAST_CE015_230830
* ds
# nquan = 9                                 
# nvalues = 1079                        
# units = specified
# name 0 = timeJ: Julian Days
# name 1 = prSM: Pressure, Strain Gauge [db]
# name 2 = c0mS/cm: Conductivity [mS/cm]
# name 3 = t090C: Temperature [ITS-90, deg C]
# name 4 = sbeox0ML/L: Oxygen, SBE 43 [ml/l]
# name 5 = depSM: Depth [salt water, m], lat = 47.5
# name 6 = sal00: Salinity, Practical [PSU]
# name 7 = sigma-é00: Density [sigma-theta, kg/m^3]
# name 8 = flag: flag
# span 0 = 242.808669, 242.814907       
# span 1 =     -6.237,     13.649       
# span 2 =   0.532842,  41.785412       
# span 3 =    14.0428,    19.0046       
# span 4 =    -1.7107,    12.9933       
# span 5 =     -6.185,     13.535       
# span 6 =     0.2957,    33.2048       
# span 7 =    -1.3655,    24.7230       
# span 8 = 0.0000e+00, 0.0000e+00       
# interval = seconds: 0.5
# start_time = Aug 30 2023 19:24:29 [Instrument's time stamp, header]
# bad_flag = -9.990e-29
*END*
[from data line 161]
 242.809601     -2.853   0.549572    18.2764    -1.7049     -2.829     0.3083    -1.2179 -9.990e-29
 242.809606     -2.835   0.549454    18.2913    -1.7043     -2.811     0.3081    -1.2208 -9.990e-29
 242.809612     -2.821   0.549415    18.3038    -1.7038     -2.797     0.3080    -1.2233 -9.990e-29
 242.809618     -2.809   0.549402    18.3094    -1.7034     -2.786     0.3080    -1.2244 -9.990e-29
 242.809624     -2.799   0.549399    18.3094    -1.7031     -2.776     0.3080    -1.2244 -9.990e-29
 242.809630     -2.791   0.549398    18.3092    -1.7030     -2.768     0.3080    -1.2243 -9.990e-29
 242.809635     -2.784   0.549398    18.3117    -1.7029     -2.761     0.3080    -1.2248 -9.990e-29
 242.809641     -2.778   0.549398    18.3178    -1.7033     -2.755     0.3079    -1.2260 -9.990e-29
 242.809647     -2.772   0.549398    18.3286    -1.7034     -2.749     0.3078    -1.2281 -9.990e-29
 242.809653     -2.765   0.549396    18.3436    -1.7038     -2.742     0.3077    -1.2310 -9.990e-29
 242.809659     -2.758   0.549388    18.3600    -1.7039     -2.735     0.3076    -1.2342 -9.990e-29
 242.809664     -2.750   0.549361    18.3746    -1.7043     -2.727     0.3075    -1.2371 -9.990e-29
 242.809670     -2.740   0.549278    18.3861    -1.7046     -2.717     0.3074    -1.2393 -9.990e-29
 242.809676     -2.727   0.549028    18.3942    -1.7045     -2.704     0.3072    -1.2410 -9.990e-29
 242.809682     -2.712   0.548832    18.3989    -1.7044     -2.689     0.3070    -1.2420 -9.990e-29
 242.809688     -2.692   0.548980    18.3990    -1.7044     -2.670     0.3071    -1.2420 -9.990e-29
 242.809693     -2.671   0.549113    18.3943    -1.7041     -2.649     0.3072    -1.2410 -9.990e-29
 242.809699     -2.657   0.548853    18.3872    -1.7042     -2.635     0.3071    -1.2397 -9.990e-29
 242.809705     -2.648   0.548409    18.3797    -1.7041     -2.626     0.3069    -1.2385 -9.990e-29
 242.809711     -2.639   0.548296    18.3721    -1.7046     -2.617     0.3069    -1.2370 -9.990e-29
 242.809716     -2.630   0.548362    18.3649    -1.7047     -2.608     0.3070    -1.2356 -9.990e-29
 242.809722     -2.616   0.548138    18.3603    -1.7043     -2.594     0.3069    -1.2348 -9.990e-29
 242.809728     -2.596   0.547879    18.3593    -1.7039     -2.574     0.3067    -1.2347 -9.990e-29
 242.809734     -2.578   0.547793    18.3608    -1.7035     -2.557     0.3067    -1.2351 -9.990e-29
 242.809740     -2.564   0.547765    18.3636    -1.7030     -2.543     0.3066    -1.2356 -9.990e-29
 242.809745     -2.554   0.547756    18.3661    -1.7030     -2.533     0.3066    -1.2361 -9.990e-29
 242.809751     -2.547   0.547753    18.3663    -1.7032     -2.526     0.3066    -1.2362 -9.990e-29
 242.809757     -2.542   0.547753    18.3638    -1.7034     -2.521     0.3066    -1.2357 -9.990e-29
 242.809763     -2.540   0.547754    18.3600    -1.7036     -2.519     0.3067    -1.2349 -9.990e-29
 242.809769     -2.540   0.547755    18.3597    -1.7039     -2.519     0.3067    -1.2349 -9.990e-29
 242.809774     -2.542   0.547756    18.3656    -1.7039     -2.521     0.3066    -1.2360 -9.990e-29
 242.809780     -2.542   0.547757    18.3757    -1.7037     -2.521     0.3066    -1.2380 -9.990e-29
 242.809786     -2.536   0.547758    18.3866    -1.7036     -2.515     0.3065    -1.2401 -9.990e-29
 242.809792     -2.528   0.547758    18.3946    -1.7035     -2.507     0.3064    -1.2417 -9.990e-29
 242.809797     -2.521   0.547759    18.3969    -1.7039     -2.500     0.3064    -1.2421 -9.990e-29
 242.809803     -2.514   0.547760    18.3944    -1.7040     -2.493     0.3064    -1.2416 -9.990e-29
 242.809809     -2.509   0.547761    18.3900    -1.7040     -2.488     0.3065    -1.2408 -9.990e-29
 242.809815     -2.503   0.547762    18.3848    -1.7041     -2.482     0.3065    -1.2398 -9.990e-29
 242.809821     -2.497   0.547763    18.3802    -1.7037     -2.476     0.3065    -1.2389 -9.990e-29
 242.809826     -2.491   0.547764    18.3788    -1.7033     -2.470     0.3065    -1.2386 -9.990e-29
 242.809832     -2.484   0.547765    18.3808    -1.7025     -2.463     0.3065    -1.2390 -9.990e-29
 242.809838     -2.475   0.547765    18.3831    -1.7021     -2.454     0.3065    -1.2394 -9.990e-29
 242.809844     -2.464   0.547766    18.3824    -1.7018     -2.443     0.3065    -1.2393 -9.990e-29
 242.809850     -2.451   0.547766    18.3790    -1.7016     -2.431     0.3065    -1.2386 -9.990e-29
 242.809855     -2.434   0.547766    18.3764    -1.7012     -2.414     0.3066    -1.2381 -9.990e-29
 242.809861     -2.417   0.547762    18.3761    -1.7010     -2.397     0.3066    -1.2381 -9.990e-29
 242.809867     -2.403   0.547749    18.3788    -1.7012     -2.383     0.3065    -1.2386 -9.990e-29
 242.809873     -2.391   0.547709    18.3866    -1.7017     -2.371     0.3065    -1.2401 -9.990e-29
 242.809878     -2.380   0.547587    18.3997    -1.7018     -2.360     0.3063    -1.2427 -9.990e-29
 242.809884     -2.369   0.547218    18.4151    -1.7020     -2.349     0.3060    -1.2459 -9.990e-29
 242.809890     -2.359   0.546665    18.4286    -1.7022     -2.339     0.3056    -1.2488 -9.990e-29
 242.809896     -2.348   0.546296    18.4390    -1.7025     -2.328     0.3053    -1.2510 -9.990e-29
 242.809902     -2.335   0.546173    18.4476    -1.7026     -2.316     0.3051    -1.2527 -9.990e-29
 242.809907     -2.320   0.546133    18.4548    -1.7025     -2.301     0.3051    -1.2542 -9.990e-29
 242.809913     -2.305   0.546120    18.4579    -1.7022     -2.286     0.3050    -1.2548 -9.990e-29
 242.809919     -2.295   0.546117    18.4547    -1.7019     -2.276     0.3051    -1.2541 -9.990e-29
 242.809925     -2.289   0.546116    18.4475    -1.7021     -2.270     0.3051    -1.2527 -9.990e-29
 242.809931     -2.286   0.546116    18.4405    -1.7029     -2.267     0.3052    -1.2514 -9.990e-29
 242.809936     -2.287   0.546117    18.4342    -1.7029     -2.268     0.3052    -1.2501 -9.990e-29
 242.809942     -2.290   0.546118    18.4278    -1.7030     -2.271     0.3052    -1.2489 -9.990e-29
 242.809948     -2.293   0.546119    18.4225    -1.7028     -2.274     0.3053    -1.2478 -9.990e-29
 242.809954     -2.290   0.546120    18.4204    -1.7026     -2.271     0.3053    -1.2474 -9.990e-29
 242.809959     -2.283   0.546120    18.4228    -1.7025     -2.264     0.3053    -1.2479 -9.990e-29
 242.809965     -2.270   0.546121    18.4277    -1.7024     -2.251     0.3053    -1.2489 -9.990e-29
 242.809971     -2.254   0.546122    18.4300    -1.7024     -2.235     0.3052    -1.2493 -9.990e-29
 242.809977     -2.240   0.546123    18.4253    -1.7029     -2.221     0.3053    -1.2484 -9.990e-29
 242.809983     -2.225   0.546124    18.4167    -1.7032     -2.206     0.3053    -1.2467 -9.990e-29
 242.809988     -2.210   0.546125    18.4109    -1.7037     -2.192     0.3054    -1.2456 -9.990e-29
 242.809994     -2.194   0.546126    18.4100    -1.7038     -2.176     0.3054    -1.2454 -9.990e-29
 242.810000     -2.174   0.546126    18.4129    -1.7035     -2.156     0.3054    -1.2460 -9.990e-29
 242.810006     -2.155   0.546125    18.4170    -1.7033     -2.137     0.3053    -1.2468 -9.990e-29
 242.810012     -2.139   0.546121    18.4199    -1.7031     -2.121     0.3053    -1.2473 -9.990e-29
 242.810017     -2.126   0.546108    18.4206    -1.7028     -2.108     0.3053    -1.2475 -9.990e-29
 242.810023     -2.114   0.546068    18.4175    -1.7030     -2.096     0.3053    -1.2469 -9.990e-29
 242.810029     -2.102   0.545946    18.4100    -1.7032     -2.084     0.3053    -1.2455 -9.990e-29
 242.810035     -2.095   0.545577    18.4001    -1.7034     -2.078     0.3051    -1.2437 -9.990e-29
 242.810041     -2.092   0.545024    18.3919    -1.7032     -2.075     0.3049    -1.2423 -9.990e-29
 242.810046     -2.084   0.544655    18.3894    -1.7027     -2.067     0.3047    -1.2420 -9.990e-29
 242.810052     -2.070   0.544533    18.3926    -1.7018     -2.053     0.3046    -1.2427 -9.990e-29
 242.810058     -2.059   0.544493    18.3976    -1.7010     -2.042     0.3045    -1.2437 -9.990e-29
 242.810064     -2.053   0.544480    18.4023    -1.7002     -2.036     0.3045    -1.2446 -9.990e-29
 242.810069     -2.053   0.544477    18.4048    -1.6996     -2.036     0.3045    -1.2451 -9.990e-29
 242.810075     -2.054   0.544476    18.4042    -1.6996     -2.037     0.3045    -1.2450 -9.990e-29
 242.810081     -2.048   0.544476    18.4022    -1.6999     -2.031     0.3045    -1.2446 -9.990e-29
 242.810087     -2.033   0.544476    18.4025    -1.7003     -2.016     0.3045    -1.2446 -9.990e-29
 242.810093     -2.019   0.544476    18.4089    -1.7003     -2.002     0.3044    -1.2459 -9.990e-29
 242.810098     -2.008   0.544477    18.4235    -1.7006     -1.991     0.3043    -1.2488 -9.990e-29
 242.810104     -1.999   0.544477    18.4445    -1.7006     -1.982     0.3042    -1.2529 -9.990e-29
 242.810110     -1.992   0.544478    18.4668    -1.7004     -1.975     0.3040    -1.2572 -9.990e-29
 242.810116     -1.987   0.544478    18.4863    -1.7001     -1.970     0.3039    -1.2611 -9.990e-29
 242.810122     -1.983   0.544478    18.4994    -1.6997     -1.966     0.3038    -1.2636 -9.990e-29
 242.810127     -1.976   0.544479    18.5034    -1.6994     -1.960     0.3038    -1.2644 -9.990e-29
 242.810133     -1.965   0.544479    18.4993    -1.6991     -1.949     0.3038    -1.2636 -9.990e-29
 242.810139     -1.958   0.544478    18.4926    -1.6989     -1.942     0.3039    -1.2623 -9.990e-29
 242.810145     -1.955   0.544475    18.4876    -1.6989     -1.939     0.3039    -1.2613 -9.990e-29
 242.810150     -1.951   0.544466    18.4848    -1.6996     -1.935     0.3039    -1.2608 -9.990e-29
 242.810156     -1.946   0.544437    18.4855    -1.7001     -1.930     0.3039    -1.2609 -9.990e-29
 242.810162     -1.939   0.544352    18.4904    -1.7008     -1.923     0.3038    -1.2619 -9.990e-29
 242.810168     -1.935   0.544096    18.4981    -1.7011     -1.919     0.3036    -1.2635 -9.990e-29
 242.810174     -1.937   0.543879    18.5069    -1.7013     -1.921     0.3034    -1.2654 -9.990e-29
 242.810179     -1.942   0.543968    18.5153    -1.7014     -1.926     0.3034    -1.2670 -9.990e-29
 242.810185     -1.944   0.543927    18.5221    -1.7015     -1.928     0.3033    -1.2683 -9.990e-29
 242.810191     -1.946   0.543702    18.5249    -1.7015     -1.930     0.3032    -1.2690 -9.990e-29
 242.810197     -1.946   0.543545    18.5205    -1.7015     -1.930     0.3031    -1.2682 -9.990e-29
 242.810203     -1.944   0.543246    18.5089    -1.7014     -1.928     0.3030    -1.2660 -9.990e-29
 242.810208     -1.941   0.542962    18.4941    -1.7014     -1.925     0.3030    -1.2632 -9.990e-29
 242.810214     -1.937   0.542868    18.4801    -1.7013     -1.921     0.3030    -1.2605 -9.990e-29
 242.810220     -1.930   0.542836    18.4693    -1.7016     -1.914     0.3031    -1.2584 -9.990e-29
 242.810226     -1.926   0.542826    18.4621    -1.7022     -1.910     0.3031    -1.2570 -9.990e-29
 242.810231     -1.927   0.542823    18.4578    -1.7020     -1.911     0.3031    -1.2562 -9.990e-29
 242.810237     -1.930   0.542822    18.4554    -1.7019     -1.914     0.3032    -1.2557 -9.990e-29
 242.810243     -1.930   0.542822    18.4542    -1.7017     -1.914     0.3032    -1.2555 -9.990e-29
 242.810249     -1.928   0.542822    18.4542    -1.7016     -1.912     0.3032    -1.2555 -9.990e-29
 242.810255     -1.924   0.542823    18.4549    -1.7013     -1.908     0.3032    -1.2556 -9.990e-29
 242.810260     -1.917   0.542823    18.4549    -1.7011     -1.901     0.3032    -1.2556 -9.990e-29
 242.810266     -1.906   0.542823    18.4528    -1.7008     -1.890     0.3032    -1.2552 -9.990e-29
 242.810272     -1.892   0.542824    18.4474    -1.7006     -1.876     0.3032    -1.2542 -9.990e-29
 242.810278     -1.872   0.542824    18.4419    -1.7002     -1.856     0.3033    -1.2531 -9.990e-29
 242.810284     -1.851   0.542823    18.4408    -1.7002     -1.836     0.3033    -1.2529 -9.990e-29
 242.810289     -1.836   0.542820    18.4437    -1.7004     -1.821     0.3032    -1.2534 -9.990e-29
 242.810295     -1.825   0.542811    18.4483    -1.7005     -1.810     0.3032    -1.2543 -9.990e-29
 242.810301     -1.813   0.542784    18.4536    -1.7008     -1.798     0.3032    -1.2554 -9.990e-29
 242.810307     -1.804   0.542703    18.4599    -1.7012     -1.789     0.3031    -1.2567 -9.990e-29
 242.810313     -1.798   0.542457    18.4668    -1.7013     -1.783     0.3029    -1.2581 -9.990e-29
 242.810318     -1.790   0.542272    18.4743    -1.7013     -1.775     0.3027    -1.2597 -9.990e-29
 242.810324     -1.779   0.542457    18.4819    -1.7012     -1.764     0.3028    -1.2611 -9.990e-29
 242.810330     -1.764   0.542704    18.4876    -1.7010     -1.749     0.3029    -1.2621 -9.990e-29
 242.810336     -1.749   0.542786    18.4893    -1.7006     -1.734     0.3029    -1.2624 -9.990e-29
 242.810341     -1.738   0.542813    18.4875    -1.7001     -1.724     0.3029    -1.2620 -9.990e-29
 242.810347     -1.729   0.542821    18.4829    -1.6998     -1.715     0.3030    -1.2611 -9.990e-29
 242.810353     -1.722   0.542820    18.4759    -1.6995     -1.708     0.3030    -1.2597 -9.990e-29
 242.810359     -1.717   0.542807    18.4689    -1.6993     -1.703     0.3031    -1.2584 -9.990e-29
 242.810365     -1.713   0.542767    18.4649    -1.6996     -1.699     0.3031    -1.2576 -9.990e-29
 242.810370     -1.709   0.542644    18.4648    -1.7003     -1.695     0.3030    -1.2576 -9.990e-29
 242.810376     -1.707   0.542275    18.4681    -1.7014     -1.693     0.3028    -1.2584 -9.990e-29
 242.810382     -1.705   0.541721    18.4747    -1.7019     -1.691     0.3024    -1.2600 -9.990e-29
 242.810388     -1.703   0.541352    18.4845    -1.7020     -1.689     0.3021    -1.2621 -9.990e-29
 242.810394     -1.702   0.541229    18.4954    -1.7021     -1.688     0.3020    -1.2643 -9.990e-29
 242.810399     -1.701   0.541188    18.5049    -1.7021     -1.687     0.3019    -1.2661 -9.990e-29
 242.810405     -1.700   0.541174    18.5112    -1.7023     -1.686     0.3018    -1.2674 -9.990e-29
 242.810411     -1.699   0.541170    18.5118    -1.7023     -1.685     0.3018    -1.2675 -9.990e-29
 242.810417     -1.698   0.541169    18.5035    -1.7023     -1.684     0.3019    -1.2659 -9.990e-29
 242.810422     -1.698   0.541169    18.4865    -1.7021     -1.684     0.3020    -1.2625 -9.990e-29
 242.810428     -1.697   0.541169    18.4665    -1.7018     -1.683     0.3021    -1.2586 -9.990e-29
 242.810434     -1.696   0.541170    18.4516    -1.7014     -1.682     0.3022    -1.2557 -9.990e-29
 242.810440     -1.695   0.541170    18.4434    -1.7010     -1.681     0.3023    -1.2541 -9.990e-29
 242.810446     -1.694   0.541170    18.4389    -1.7009     -1.680     0.3023    -1.2532 -9.990e-29
 242.810451     -1.693   0.541171    18.4359    -1.7012     -1.679     0.3023    -1.2526 -9.990e-29
 242.810457     -1.691   0.541171    18.4336    -1.7018     -1.677     0.3024    -1.2522 -9.990e-29
 242.810463     -1.689   0.541171    18.4329    -1.7020     -1.675     0.3024    -1.2520 -9.990e-29
 242.810469     -1.687   0.541172    18.4348    -1.7018     -1.673     0.3024    -1.2524 -9.990e-29
 242.810475     -1.684   0.541172    18.4398    -1.7015     -1.670     0.3023    -1.2534 -9.990e-29
 242.810480     -1.679   0.541171    18.4476    -1.7013     -1.665     0.3023    -1.2549 -9.990e-29
 242.810486     -1.674   0.541170    18.4569    -1.7011     -1.660     0.3022    -1.2567 -9.990e-29
 242.810492     -1.667   0.541166    18.4644    -1.7009     -1.653     0.3021    -1.2582 -9.990e-29
 242.810498     -1.658   0.541153    18.4659    -1.7007     -1.644     0.3021    -1.2585 -9.990e-29
 242.810503     -1.651   0.541112    18.4601    -1.7007     -1.637     0.3021    -1.2574 -9.990e-29
 242.810509     -1.650   0.540990    18.4517    -1.7005     -1.636     0.3021    -1.2558 -9.990e-29
 242.810515     -1.650   0.540622    18.4475    -1.7003     -1.636     0.3020    -1.2551 -9.990e-29
