data/oxygen options/OCNMS/OCNMS1/raw_data/2023/CAST_CA042_230615faedb.cnv
* Sea-Bird SBE 19 Data File:
* FileName = C:\Users\OCNMS.Inst\Documents\2023 Mooring Data\Casts\CAST_CA042_230615.hex
* Software Version SeatermAF 2.1.4.55
* Temperature SN = 2997
* Conductivity SN = 2997
* System UpLoad Time = Jun 15 2023 23:28:41 (localtime) = Jun 15 2023 23:28:41 (UTC)
** CAST_CA042_230615
* ds
# nquan = 9
# nvalues = 39                          
# units = specified
# name 0 = timeJ: Julian Days
# name 1 = prSM: Pressure, Strain Gauge [db]
# name 2 = c0mS/cm: Conductivity [mS/cm]
# name 3 = t090C: Temperature [ITS-90, deg C]
# name 4 = sbeox0ML/L: Oxygen, SBE 43 [ml/l]
# name 5 = depSM: Depth [salt water, m], lat = 47.5
# name 6 = sal00: Salinity, Practical [PSU]
# name 7 = sigma-é00: Density [sigma-theta, kg/m^3]
# name 8 = flag: flag
# span 0 = 166.972189, 166.973102       
# span 1 =      1.000,     39.000       
# span 2 =  34.612479,  36.777846       
# span 3 =     7.9986,    11.7244       
# span 4 =     2.8162,     8.0991       
# span 5 =      0.992,     38.671       
# span 6 =    32.0781,    33.7045       
# span 7 =    24.3969,    26.2572       
# span 8 = 0.0000e+00, 0.0000e+00       
# interval = decibars: 1                
# start_time = Jun 15 2023 23:14:09 [Instrument's time stamp, header]
# bad_flag = -9.990e-29
*END*
 166.972189      1.000  36.777846    11.7244     8.0708      0.992    32.1110    24.3969 0.0000e+00
 166.972216      2.000  36.514379    11.4656     8.0991      1.983    32.0781    24.4184 0.0000e+00
 166.972240      3.000  36.455298    11.3967     8.0505      2.975    32.0797    24.4320 0.0000e+00
 166.972264      4.000  36.424396    11.3512     7.9772      3.967    32.0886    24.4471 0.0000e+00
 166.972288      5.000  36.346525    11.2582     7.8434      4.958    32.0928    24.4669 0.0000e+00
 166.972311      6.000  36.312578    11.2109     7.7256      5.950    32.1002    24.4812 0.0000e+00
 166.972334      7.000  36.289834    11.1784     7.4193      6.941    32.1057    24.4912 0.0000e+00
 166.972359      8.000  36.237476    11.0795     6.9252      7.933    32.1401    24.5354 0.0000e+00
 166.972381      9.000  36.096704    10.9354     6.6402      8.925    32.1267    24.5504 0.0000e+00
 166.972405     10.000  35.965871    10.7113     6.1436      9.916    32.1935    24.6412 0.0000e+00
 166.972428     11.000  35.525394    10.0775     5.7755     10.908    32.3136    24.8421 0.0000e+00
 166.972450     12.000  34.990436     9.3869     5.6326     11.899    32.3887    25.0132 0.0000e+00
 166.972475     13.000  34.797830     9.1535     5.3781     12.891    32.4016    25.0603 0.0000e+00
 166.972499     14.000  34.797435     8.9961     5.1850     13.883    32.5443    25.1965 0.0000e+00
 166.972521     15.000  34.661711     8.7755     4.9874     14.874    32.6049    25.2780 0.0000e+00
 166.972543     16.000  34.612479     8.6823     4.8992     15.866    32.6389    25.3188 0.0000e+00
 166.972568     17.000  34.632854     8.6736     4.5041     16.858    32.6678    25.3428 0.0000e+00
 166.972591     18.000  34.644740     8.5836     3.9950     17.849    32.7631    25.4312 0.0000e+00
 166.972613     19.000  34.675602     8.5092     3.9287     18.841    32.8643    25.5217 0.0000e+00
 166.972639     20.000  34.712875     8.4747     3.8248     19.832    32.9353    25.5826 0.0000e+00
 166.972663     21.000  34.784597     8.4914     3.7076     20.824    32.9948    25.6267 0.0000e+00
 166.972687     22.000  34.811989     8.4603     3.5468     21.815    33.0524    25.6766 0.0000e+00
 166.972710     23.000  34.798728     8.3734     3.4259     22.807    33.1195    25.7423 0.0000e+00
 166.972736     24.000  34.801923     8.3081     3.3364     23.798    33.1840    25.8026 0.0000e+00
 166.972762     25.000  34.808737     8.2540     3.2614     24.790    33.2419    25.8561 0.0000e+00
 166.972786     26.000  34.826398     8.2098     3.2340     25.781    33.3020    25.9099 0.0000e+00
 166.972813     27.000  34.838378     8.1884     3.2094     26.773    33.3347    25.9387 0.0000e+00
 166.972835     28.000  34.837406     8.1720     3.1841     27.765    33.3487    25.9522 0.0000e+00
 166.972859     29.000  34.848581     8.1561     3.1373     28.756    33.3753    25.9754 0.0000e+00
 166.972884     30.000  34.863238     8.1301     3.0338     29.747    33.4152    26.0106 0.0000e+00
 166.972906     31.000  34.889935     8.0886     2.9481     30.739    33.4828    26.0698 0.0000e+00
 166.972928     32.000  34.930680     8.0445     2.9220     31.730    33.5680    26.1432 0.0000e+00
 166.972953     33.000  34.960049     8.0303     2.8753     32.722    33.6126    26.1803 0.0000e+00
 166.972976     34.000  34.990463     8.0215     2.8591     33.713    33.6531    26.2134 0.0000e+00
 166.972998     35.000  35.008762     8.0131     2.8544     34.705    33.6802    26.2359 0.0000e+00
 166.973021     36.000  35.018792     8.0111     2.8404     35.697    33.6924    26.2458 0.0000e+00
 166.973047     37.000  35.020043     8.0053     2.8361     36.688    33.6988    26.2517 0.0000e+00
 166.973074     38.000  35.020557     8.0014     2.8310     37.679    33.7027    26.2553 0.0000e+00
 166.973102     39.000  35.020263     7.9986     2.8162     38.671    33.7045    26.2572 0.0000e+00
