data/oxygen options/OCNMS/OCNMS1/raw_data/2023/CAST_KL015_230717faed.cnv
* Sea-Bird SBE 19 Data File:
* FileName = C:\Users\OCNMS.Inst\Documents\2023 Mooring Data\Casts\CAST_KL015_230717.hex
* Software Version SeatermAF 2.1.4.55
* Temperature SN = 2997
* Conductivity SN = 2997
* System UpLoad Time = Jul 17 2023 23:02:01 (localtime) = Jul 17 2023 23:02:01 (UTC)
** CAST_KL015_230717
* ds
# nquan = 9                                 
# nvalues = 955                         
# units = specified
# name 0 = timeJ: Julian Days
# name 1 = prSM: Pressure, Strain Gauge [db]
# name 2 = c0mS/cm: Conductivity [mS/cm]
# name 3 = t090C: Temperature [ITS-90, deg C]
# name 4 = sbeox0ML/L: Oxygen, SBE 43 [ml/l]
# name 5 = depSM: Depth [salt water, m], lat = 47.5
# name 6 = sal00: Salinity, Practical [PSU]
# name 7 = sigma-é00: Density [sigma-theta, kg/m^3]
# name 8 = flag: flag
# span 0 = 198.929502, 198.935023       
# span 1 =     -6.297,     12.991       
# span 2 =   0.499271,  40.552996       
# span 3 =     8.4799,    21.9814       
# span 4 =    -1.6152,    11.4060       
# span 5 =     -6.245,     12.882       
# span 6 =     0.2594,    34.3052       
# span 7 =    -1.9429,    26.1211       
# span 8 = 0.0000e+00, 0.0000e+00       
# interval = seconds: 0.5
# start_time = Jul 17 2023 22:18:29 [Instrument's time stamp, header]
# bad_flag = -9.990e-29
*END*
[from data line 641]
 198.933212      0.208  39.393253    13.2466     4.7303      0.206    33.2876    25.0175 -9.990e-29
 198.933218      0.211  39.345224    13.1772     4.7636      0.209    33.3032    25.0434 -9.990e-29
 198.933223      0.211  39.238199    13.0656     4.8516      0.209    33.3000    25.0631 -9.990e-29
 198.933229      0.204  39.125550    12.9217     4.9832      0.202    33.3199    25.1069 -9.990e-29
 198.933235      0.194  39.040814    12.7764     5.0504      0.192    33.3676    25.1724 -9.990e-29
 198.933241      0.185  38.951080    12.6896     5.0840      0.183    33.3588    25.1826 -9.990e-29
 198.933247      0.179  38.936105    12.6870     5.0609      0.178    33.3468    25.1738 -9.990e-29
 198.933252      0.182  39.015640    12.7506     4.9672      0.180    33.3664    25.1766 -9.990e-29
 198.933258      0.188  39.101824    12.8465     4.8825      0.186    33.3637    25.1557 -9.990e-29
 198.933264      0.194  39.178988    12.9164     4.8580      0.192    33.3753    25.1509 -9.990e-29
 198.933270      0.201  39.227291    12.9157     4.9139      0.199    33.4218    25.1871 -9.990e-29
 198.933275      0.208  39.199628    12.8616     4.9493      0.206    33.4434    25.2144 -9.990e-29
 198.933281      0.217  39.107847    12.8100     4.9298      0.215    33.4017    25.1923 -9.990e-29
 198.933287      0.228  39.019483    12.7888     4.8754      0.226    33.3363    25.1457 -9.990e-29
 198.933293      0.237  38.979155    12.7958     4.7057      0.235    33.2917    25.1098 -9.990e-29
 198.933299      0.236  38.996921    12.8285     4.5145      0.234    33.2798    25.0942 -9.990e-29
 198.933304      0.230  39.047688    12.8746     4.3737      0.228    33.2874    25.0911 -9.990e-29
 198.933310      0.231  39.096581    12.9012     4.3023      0.229    33.3104    25.1037 -9.990e-29
 198.933316      0.238  39.117437    12.8254     4.2776      0.236    33.3972    25.1858 -9.990e-29
 198.933322      0.249  38.994604    12.6253     4.2129      0.247    33.4574    25.2715 -9.990e-29
 198.933328      0.260  38.736844    12.4646     4.1098      0.258    33.3533    25.2219 -9.990e-29
 198.933333      0.262  38.584247    12.4236     3.9924      0.260    33.2432    25.1444 -9.990e-29
 198.933339      0.256  38.581477    12.3954     3.9483      0.254    33.2656    25.1671 -9.990e-29
 198.933345      0.251  38.586391    12.3283     3.9620      0.249    33.3299    25.2299 -9.990e-29
 198.933351      0.249  38.532122    12.2283     4.0560      0.247    33.3667    25.2775 -9.990e-29
 198.933356      0.251  38.431437    12.1167     4.1716      0.249    33.3691    25.3005 -9.990e-29
 198.933362      0.258  38.341652    12.0409     4.2144      0.256    33.3499    25.3000 -9.990e-29
 198.933368      0.264  38.298750    12.0307     4.2571      0.262    33.3174    25.2767 -9.990e-29
 198.933374      0.262  38.313817    12.0992     4.2341      0.260    33.2709    25.2276 -9.990e-29
 198.933380      0.253  38.388968    12.2128     4.2126      0.251    33.2424    25.1840 -9.990e-29
 198.933385      0.243  38.483748    12.2830     4.2366      0.241    33.2713    25.1931 -9.990e-29
 198.933391      0.236  38.541877    12.2561     4.2235      0.234    33.3513    25.2603 -9.990e-29
 198.933397      0.233  38.541136    12.1613     4.3236      0.231    33.4353    25.3435 -9.990e-29
 198.933403      0.232  38.500690    12.0887     4.4305      0.230    33.4612    25.3773 -9.990e-29
 198.933409      0.234  38.476382    12.1067     4.5455      0.232    33.4215    25.3431 -9.990e-29
 198.933414      0.240  38.486725    12.1777     4.6141      0.238    33.3680    25.2882 -9.990e-29
 198.933420      0.248  38.506240    12.2366     4.6325      0.246    33.3343    25.2508 -9.990e-29
 198.933426      0.260  38.535712    12.2918     4.6302      0.258    33.3136    25.2242 -9.990e-29
 198.933432      0.277  38.606582    12.3608     4.5997      0.275    33.3204    25.2163 -9.990e-29
 198.933438      0.295  38.688379    12.4161     4.6110      0.293    33.3499    25.2286 -9.990e-29
 198.933443      0.308  38.718698    12.4429     4.6383      0.305    33.3552    25.2275 -9.990e-29
 198.933449      0.311  38.717779    12.4539     4.7135      0.308    33.3445    25.2171 -9.990e-29
 198.933455      0.304  38.719674    12.4608     4.7922      0.301    33.3402    25.2125 -9.990e-29
 198.933461      0.292  38.726880    12.4665     4.8781      0.290    33.3420    25.2128 -9.990e-29
 198.933466      0.282  38.732726    12.4699     4.9386      0.280    33.3446    25.2142 -9.990e-29
 198.933472      0.279  38.736571    12.4914     4.9524      0.277    33.3292    25.1981 -9.990e-29
 198.933478      0.281  38.773768    12.5635     4.9425      0.279    33.3010    25.1622 -9.990e-29
 198.933484      0.289  38.859139    12.6699     4.9212      0.287    33.2884    25.1319 -9.990e-29
 198.933490      0.299  38.955762    12.7486     4.8989      0.297    33.3111    25.1341 -9.990e-29
 198.933495      0.303  39.010353    12.7715     4.8909      0.300    33.3428    25.1542 -9.990e-29
 198.933501      0.298  38.998760    12.7624     4.8884      0.296    33.3398    25.1537 -9.990e-29
 198.933507      0.287  38.972748    12.7540     4.8598      0.285    33.3225    25.1419 -9.990e-29
 198.933513      0.278  38.969882    12.7582     4.8690      0.276    33.3160    25.1361 -9.990e-29
 198.933519      0.275  38.979582    12.7662     4.8606      0.273    33.3182    25.1362 -9.990e-29
 198.933524      0.277  38.991210    12.7696     4.8807      0.275    33.3263    25.1418 -9.990e-29
 198.933530      0.284  38.991106    12.7699     4.8988      0.282    33.3259    25.1414 -9.990e-29
 198.933536      0.298  38.986387    12.7713     4.9305      0.296    33.3202    25.1367 -9.990e-29
 198.933542      0.315  38.988657    12.7766     4.9540      0.312    33.3177    25.1337 -9.990e-29
 198.933547      0.327  38.993065    12.7874     4.9498      0.324    33.3123    25.1275 -9.990e-29
 198.933553      0.330  38.999292    12.8025     4.9549      0.327    33.3049    25.1188 -9.990e-29
 198.933559      0.330  39.007765    12.8181     4.9436      0.327    33.2992    25.1113 -9.990e-29
 198.933565      0.335  39.017984    12.8322     4.9360      0.332    33.2965    25.1064 -9.990e-29
 198.933571      0.344  39.030659    12.8431     4.9189      0.341    33.2989    25.1062 -9.990e-29
 198.933576      0.346  39.041369    12.8483     4.8668      0.343    33.3045    25.1095 -9.990e-29
 198.933582      0.333  39.046995    12.8466     4.9055      0.330    33.3114    25.1151 -9.990e-29
 198.933588      0.312  39.047160    12.8398     4.9429      0.309    33.3176    25.1213 -9.990e-29
 198.933594      0.295  39.044856    12.8341     4.9590      0.293    33.3204    25.1246 -9.990e-29
 198.933600      0.284  39.042023    12.8352     4.9886      0.282    33.3167    25.1215 -9.990e-29
 198.933605      0.279  39.042692    12.8430     4.9520      0.277    33.3105    25.1152 -9.990e-29
 198.933611      0.281  39.051644    12.8518     4.9664      0.279    33.3113    25.1140 -9.990e-29
 198.933617      0.288  39.061735    12.8590     4.9784      0.286    33.3145    25.1151 -9.990e-29
 198.933623      0.301  39.070137    12.8738     4.9809      0.298    33.3094    25.1083 -9.990e-29
 198.933628      0.318  39.092505    12.8986     4.9899      0.315    33.3088    25.1029 -9.990e-29
 198.933634      0.330  39.120530    12.9207     4.9799      0.327    33.3159    25.1041 -9.990e-29
 198.933640      0.334  39.127110    12.9331     4.9923      0.331    33.3113    25.0980 -9.990e-29
 198.933646      0.330  39.119311    12.9332     4.9818      0.327    33.3038    25.0922 -9.990e-29
 198.933652      0.322  39.108558    12.9199     4.9572      0.319    33.3053    25.0960 -9.990e-29
 198.933657      0.318  39.091691    12.9069     4.9062      0.315    33.3007    25.0950 -9.990e-29
 198.933663      0.323  39.087652    12.9048     4.8515      0.320    33.2987    25.0939 -9.990e-29
 198.933669      0.331  39.111192    12.9045     4.7766      0.328    33.3214    25.1115 -9.990e-29
 198.933675      0.337  39.125862    12.8985     4.7203      0.334    33.3406    25.1275 -9.990e-29
 198.933681      0.339  39.107486    12.8852     4.6996      0.336    33.3349    25.1257 -9.990e-29
 198.933686      0.346  39.072993    12.8647     4.6946      0.343    33.3202    25.1184 -9.990e-29
 198.933692      0.359  39.029592    12.8406     4.7169      0.356    33.3001    25.1076 -9.990e-29
 198.933698      0.370  38.980102    12.8162     4.7328      0.367    33.2746    25.0926 -9.990e-29
 198.933704      0.375  38.934170    12.7926     4.7527      0.372    33.2516    25.0794 -9.990e-29
 198.933709      0.375  38.907443    12.7691     4.7738      0.372    33.2469    25.0804 -9.990e-29
 198.933715      0.374  38.907880    12.7539     4.8051      0.371    33.2607    25.0940 -9.990e-29
 198.933721      0.377  38.922711    12.7580     4.8099      0.374    33.2712    25.1014 -9.990e-29
 198.933727      0.379  38.941944    12.7685     4.8246      0.376    33.2803    25.1063 -9.990e-29
 198.933733      0.375  38.954168    12.7679     4.8239      0.372    33.2925    25.1159 -9.990e-29
 198.933738      0.367  38.952086    12.7636     4.8232      0.364    33.2943    25.1181 -9.990e-29
 198.933744      0.353  38.953031    12.7678     4.8207      0.350    33.2915    25.1151 -9.990e-29
 198.933750      0.336  38.963235    12.7767     4.8244      0.333    33.2934    25.1149 -9.990e-29
 198.933756      0.325  38.972144    12.7757     4.8210      0.322    33.3027    25.1223 -9.990e-29
 198.933762      0.322  38.974201    12.7492     4.7659      0.319    33.3281    25.1471 -9.990e-29
 198.933767      0.327  38.963120    12.7062     4.7852      0.324    33.3556    25.1768 -9.990e-29
 198.933773      0.338  38.961602    12.6776     4.7916      0.335    33.3794    25.2009 -9.990e-29
 198.933779      0.345  38.983798    12.6671     4.8019      0.342    33.4099    25.2266 -9.990e-29
 198.933785      0.345  38.979660    12.6604     4.8177      0.342    33.4119    25.2294 -9.990e-29
 198.933791      0.337  38.944719    12.6574     4.7886      0.334    33.3812    25.2062 -9.990e-29
 198.933796      0.327  38.929814    12.6612     4.8055      0.324    33.3636    25.1918 -9.990e-29
 198.933802      0.321  38.946945    12.6725     4.8148      0.318    33.3700    25.1945 -9.990e-29
 198.933808      0.319  38.964532    12.6878     4.7927      0.316    33.3732    25.1941 -9.990e-29
 198.933814      0.317  38.958893    12.6995     4.7895      0.314    33.3575    25.1796 -9.990e-29
 198.933819      0.318  38.949900    12.7019     4.7594      0.315    33.3468    25.1708 -9.990e-29
 198.933825      0.329  38.946233    12.6969     4.7304      0.326    33.3477    25.1725 -9.990e-29
 198.933831      0.339  38.941817    12.6934     4.6797      0.336    33.3466    25.1723 -9.990e-29
 198.933837      0.342  38.939662    12.6933     4.6233      0.339    33.3446    25.1708 -9.990e-29
 198.933843      0.342  38.929539    12.6886     4.5584      0.339    33.3391    25.1675 -9.990e-29
 198.933848      0.338  38.890601    12.6745     4.4779      0.335    33.3144    25.1511 -9.990e-29
 198.933854      0.332  38.838102    12.6601     4.4371      0.329    33.2770    25.1249 -9.990e-29
 198.933860      0.330  38.823568    12.6497     4.4581      0.327    33.2723    25.1233 -9.990e-29
 198.933866      0.338  38.835393    12.6228     4.5067      0.335    33.3074    25.1557 -9.990e-29
 198.933872      0.351  38.797384    12.5589     4.5590      0.348    33.3276    25.1838 -9.990e-29
 198.933877      0.361  38.669442    12.4926     4.5616      0.358    33.2638    25.1471 -9.990e-29
 198.933883      0.365  38.563299    12.4862     4.5331      0.362    33.1677    25.0738 -9.990e-29
 198.933889      0.363  38.596766    12.5199     4.4972      0.360    33.1700    25.0691 -9.990e-29
 198.933895      0.359  38.677673    12.5294     4.4703      0.356    33.2391    25.1209 -9.990e-29
 198.933900      0.362  38.716609    12.5063     4.4785      0.359    33.2969    25.1701 -9.990e-29
 198.933906      0.372  38.719490    12.4744     4.4969      0.369    33.3279    25.2003 -9.990e-29
 198.933912      0.381  38.686172    12.4449     4.5462      0.378    33.3221    25.2015 -9.990e-29
 198.933918      0.385  38.633230    12.4175     4.5693      0.382    33.2956    25.1862 -9.990e-29
 198.933924      0.385  38.594779    12.4015     4.5680      0.382    33.2729    25.1717 -9.990e-29
 198.933929      0.380  38.599605    12.4083     4.5404      0.377    33.2715    25.1693 -9.990e-29
 198.933935      0.370  38.644544    12.4276     4.5250      0.367    33.2975    25.1858 -9.990e-29
 198.933941      0.359  38.689149    12.4398     4.4933      0.356    33.3295    25.2082 -9.990e-29
 198.933947      0.350  38.700379    12.4409     4.4251      0.347    33.3393    25.2156 -9.990e-29
 198.933953      0.343  38.686423    12.4383     4.4377      0.340    33.3282    25.2075 -9.990e-29
 198.933958      0.341  38.668952    12.4345     4.4465      0.338    33.3148    25.1979 -9.990e-29
 198.933964      0.349  38.655421    12.4228     4.4543      0.346    33.3122    25.1981 -9.990e-29
 198.933970      0.363  38.628843    12.4012     4.4695      0.360    33.3059    25.1973 -9.990e-29
 198.933976      0.376  38.582291    12.3828     4.4206      0.373    33.2775    25.1788 -9.990e-29
 198.933981      0.383  38.558404    12.3757     4.4497      0.380    33.2608    25.1672 -9.990e-29
 198.933987      0.386  38.580729    12.3706     4.4687      0.383    33.2868    25.1884 -9.990e-29
 198.933993      0.388  38.610047    12.3640     4.4819      0.385    33.3209    25.2160 -9.990e-29
 198.933999      0.394  38.623747    12.3641     4.5063      0.391    33.3339    25.2262 -9.990e-29
 198.934005      0.401  38.632745    12.3759     4.4928      0.398    33.3321    25.2225 -9.990e-29
 198.934010      0.404  38.640568    12.3939     4.5028      0.401    33.3236    25.2125 -9.990e-29
 198.934016      0.408  38.647491    12.4056     4.5126      0.405    33.3199    25.2073 -9.990e-29
 198.934022      0.418  38.653157    12.4074     4.5541      0.415    33.3237    25.2099 -9.990e-29
 198.934028      0.429  38.657215    12.4133     4.6163      0.425    33.3224    25.2078 -9.990e-29
 198.934034      0.438  38.665571    12.4311     4.7022      0.434    33.3146    25.1983 -9.990e-29
 198.934039      0.451  38.690419    12.4538     4.7916      0.447    33.3183    25.1968 -9.990e-29
 198.934045      0.472  38.725038    12.4774     4.8899      0.468    33.3305    25.2018 -9.990e-29
 198.934051      0.494  38.757813    12.5108     4.9786      0.490    33.3323    25.1967 -9.990e-29
 198.934057      0.509  38.792596    12.5707     5.0411      0.505    33.3125    25.1698 -9.990e-29
 198.934063      0.524  38.834234    12.6616     5.0338      0.520    33.2719    25.1207 -9.990e-29
 198.934068      0.547  38.915769    12.7618     4.9673      0.542    33.2612    25.0929 -9.990e-29
 198.934074      0.584  39.021460    12.8329     4.8046      0.579    33.2991    25.1083 -9.990e-29
 198.934080      0.634  39.078683    12.8530     4.5821      0.629    33.3358    25.1328 -9.990e-29
 198.934086      0.695  39.084679    12.8408     4.3040      0.689    33.3522    25.1479 -9.990e-29
 198.934091      0.771  39.073726    12.8246     4.0559      0.765    33.3561    25.1541 -9.990e-29
 198.934097      0.867  39.062535    12.7760     3.8561      0.860    33.3884    25.1886 -9.990e-29
 198.934103      0.988  38.990161    12.6448     3.7036      0.980    33.4356    25.2508 -9.990e-29
 198.934109      1.140  38.814392    12.4512     3.6041      1.130    33.4393    25.2912 0.0000e+00
 198.934115      1.317  38.621882    12.2550     3.5546      1.306    33.4290    25.3208 0.0000e+00
 198.934120      1.511  38.458450    12.0825     3.5499      1.498    33.4253    25.3506 0.0000e+00
 198.934126      1.712  38.310594    11.9303     3.5775      1.698    33.4182    25.3738 0.0000e+00
