data/oxygen options/OCNMS/OCNMS1/raw_data/2023/CAST_TH042_230831faed.cnv
* Sea-Bird SBE 19 Data File:
* FileName = C:\Users\OCNMS.Inst\Documents\2023 Mooring Data\Casts\CAST_TH042_230831.hex
* Software Version SeatermAF 2.1.4.55
* Temperature SN = 2997
* Conductivity SN = 2997
* System UpLoad Time = Aug 31 2023 01:30:16 (localtime) = Aug 31 2023 01:30:16 (UTC)
** CAST_TH042_230831
* ds
# nquan = 9                                 
# nvalues = 1087                        
# units = specified
# name 0 = timeJ: Julian Days
# name 1 = prSM: Pressure, Strain Gauge [db]
# name 2 = c0mS/cm: Conductivity [mS/cm]
# name 3 = t090C: Temperature [ITS-90, deg C]
# name 4 = sbeox0ML/L: Oxygen, SBE 43 [ml/l]
# name 5 = depSM: Depth [salt water, m], lat = 47.5
# name 6 = sal00: Salinity, Practical [PSU]
# name 7 = sigma-é00: Density [sigma-theta, kg/m^3]
# name 8 = flag: flag
# span 0 = 243.009306, 243.015590       
# span 1 =     -6.497,     40.211       
# span 2 =   0.563158,  40.169750       
# span 3 =     8.1965,    16.1453       
# span 4 =    -1.8061,    16.0343       
# span 5 =     -6.443,     39.872       
# span 6 =     0.3343,    33.6827       
# span 7 =    -0.8210,    26.2094       
# span 8 = 0.0000e+00, 0.0000e+00       
# interval = seconds: 0.5
# start_time = Aug 31 2023 00:13:24 [Instrument's time stamp, header]
# bad_flag = -9.990e-29
*END*
[from data line 481]
 243.012089     -0.514  39.756258    14.0022    -1.5216     -0.510    32.9719    24.6197 -9.990e-29
 243.012095     -0.488  39.741742    14.0096    -1.5233     -0.484    32.9522    24.6029 -9.990e-29
 243.012101     -0.461  39.717894    14.0096    -1.5231     -0.457    32.9301    24.5859 -9.990e-29
 243.012106     -0.437  39.702779    14.0057    -1.5223     -0.433    32.9194    24.5785 -9.990e-29
 243.012112     -0.423  39.705376    14.0059    -1.5231     -0.419    32.9217    24.5802 -9.990e-29
 243.012118     -0.427  39.717369    14.0119    -1.5230     -0.423    32.9276    24.5835 -9.990e-29
 243.012124     -0.448  39.725598    14.0202    -1.5224     -0.444    32.9281    24.5822 -9.990e-29
 243.012130     -0.475  39.733185    14.0290    -1.5229     -0.471    32.9276    24.5800 -9.990e-29
 243.012135     -0.497  39.764821    14.0308    -1.5231     -0.493    32.9553    24.6010 -9.990e-29
 243.012141     -0.511  39.814492    14.0189    -1.5233     -0.507    33.0114    24.6468 -9.990e-29
 243.012147     -0.518  39.841942    14.0019    -1.5239     -0.514    33.0514    24.6812 -9.990e-29
 243.012153     -0.519  39.832772    13.9898    -1.5238     -0.515    33.0534    24.6852 -9.990e-29
 243.012159     -0.517  39.812868    13.9836    -1.5240     -0.513    33.0403    24.6763 -9.990e-29
 243.012164     -0.522  39.819586    13.9807    -1.5245     -0.518    33.0490    24.6837 -9.990e-29
 243.012170     -0.537  39.837222    13.9766    -1.5233     -0.533    33.0688    24.6999 -9.990e-29
 243.012176     -0.560  39.835487    13.9664    -1.5226     -0.555    33.0760    24.7075 -9.990e-29
 243.012182     -0.584  39.842896    13.9511    -1.5227     -0.579    33.0961    24.7261 -9.990e-29
 243.012188     -0.601  39.872697    13.9349    -1.5236     -0.596    33.1376    24.7616 -9.990e-29
 243.012193     -0.608  39.899048    13.9181    -1.5239     -0.603    33.1766    24.7952 -9.990e-29
 243.012199     -0.610  39.916171    13.9007    -1.5238     -0.605    33.2075    24.8226 -9.990e-29
 243.012205     -0.611  39.928962    13.8827    -1.5239     -0.606    33.2350    24.8476 -9.990e-29
 243.012211     -0.612  39.942144    13.8624    -1.5248     -0.607    33.2648    24.8748 -9.990e-29
 243.012216     -0.613  39.968248    13.8459    -1.5251     -0.608    33.3034    24.9080 -9.990e-29
 243.012222     -0.612  40.009012    13.8409    -1.5262     -0.607    33.3456    24.9417 -9.990e-29
 243.012228     -0.611  40.062737    13.8421    -1.5277     -0.606    33.3945    24.9792 -9.990e-29
 243.012234     -0.610  40.122026    13.8370    -1.5282     -0.605    33.4541    25.0263 -9.990e-29
 243.012240     -0.607  40.160561    13.8265    -1.5277     -0.602    33.4991    25.0632 -9.990e-29
 243.012245     -0.604  40.169750    13.8212    -1.5265     -0.599    33.5123    25.0745 -9.990e-29
 243.012251     -0.604  40.160727    13.8210    -1.5261     -0.599    33.5041    25.0682 -9.990e-29
 243.012257     -0.616  40.142200    13.8160    -1.5260     -0.611    33.4912    25.0593 -9.990e-29
 243.012263     -0.641  40.120297    13.8043    -1.5259     -0.636    33.4811    25.0539 -9.990e-29
 243.012269     -0.666  40.094406    13.7886    -1.5261     -0.660    33.4707    25.0491 -9.990e-29
 243.012274     -0.682  40.061958    13.7664    -1.5262     -0.676    33.4598    25.0452 -9.990e-29
 243.012280     -0.685  40.024531    13.7449    -1.5262     -0.679    33.4437    25.0372 -9.990e-29
 243.012286     -0.679  39.985470    13.7418    -1.5267     -0.673    33.4100    25.0118 -9.990e-29
 243.012292     -0.672  39.947621    13.7642    -1.5271     -0.666    33.3552    24.9649 -9.990e-29
 243.012297     -0.668  39.912082    13.7998    -1.5274     -0.662    33.2912    24.9081 -9.990e-29
 243.012303     -0.668  39.877988    13.8310    -1.5276     -0.662    33.2324    24.8562 -9.990e-29
 243.012309     -0.666  39.844730    13.8531    -1.5277     -0.660    33.1824    24.8130 -9.990e-29
 243.012315     -0.654  39.811131    13.8675    -1.5277     -0.649    33.1387    24.7763 -9.990e-29
 243.012321     -0.628  39.777801    13.8749    -1.5278     -0.623    33.1014    24.7460 -9.990e-29
 243.012326     -0.588  39.749068    13.8775    -1.5276     -0.583    33.0725    24.7231 -9.990e-29
 243.012332     -0.543  39.726983    13.8757    -1.5276     -0.538    33.0535    24.7088 -9.990e-29
 243.012338     -0.492  39.710126    13.8687    -1.5278     -0.488    33.0439    24.7028 -9.990e-29
 243.012344     -0.438  39.696200    13.8596    -1.5280     -0.434    33.0388    24.7008 -9.990e-29
 243.012350     -0.385  39.682895    13.8526    -1.5280     -0.382    33.0324    24.6973 -9.990e-29
 243.012355     -0.334  39.669844    13.8486    -1.5279     -0.331    33.0238    24.6914 -9.990e-29
 243.012361     -0.286  39.657583    13.8467    -1.5278     -0.284    33.0140    24.6842 -9.990e-29
 243.012367     -0.247  39.646581    13.8457    -1.5279     -0.245    33.0046    24.6772 -9.990e-29
 243.012373     -0.219  39.638422    13.8460    -1.5279     -0.217    32.9968    24.6711 -9.990e-29
 243.012378     -0.194  39.633442    13.8482    -1.5280     -0.192    32.9903    24.6656 -9.990e-29
 243.012384     -0.165  39.629485    13.8500    -1.5280     -0.164    32.9850    24.6612 -9.990e-29
 243.012390     -0.123  39.624644    13.8500    -1.5280     -0.122    32.9805    24.6577 -9.990e-29
 243.012396     -0.071  39.618631    13.8501    -1.5281     -0.070    32.9748    24.6533 -9.990e-29
 243.012402     -0.018  39.611840    13.8519    -1.5280     -0.018    32.9670    24.6469 -9.990e-29
 243.012407      0.026  39.604747    13.8550    -1.5282      0.026    32.9577    24.6391 -9.990e-29
 243.012413      0.059  39.599105    13.8572    -1.5288      0.059    32.9506    24.6331 -9.990e-29
 243.012419      0.085  39.596362    13.8568    -1.5289      0.084    32.9483    24.6315 -9.990e-29
 243.012425      0.103  39.595106    13.8548    -1.5284      0.102    32.9489    24.6323 -9.990e-29
 243.012431      0.121  39.593668    13.8530    -1.5283      0.120    32.9491    24.6328 -9.990e-29
 243.012436      0.143  39.592376    13.8522    -1.5282      0.142    32.9486    24.6326 -9.990e-29
 243.012442      0.167  39.592312    13.8514    -1.5283      0.166    32.9492    24.6332 -9.990e-29
 243.012448      0.184  39.593396    13.8494    -1.5320      0.182    32.9519    24.6357 -9.990e-29
 243.012454      0.189  39.594273    13.8467    12.3445      0.187    32.9550    24.6387 -9.990e-29
 243.012459      0.181  39.593871    13.8449    15.8910      0.179    32.9562    24.6400 -9.990e-29
 243.012465      0.173  39.588296    13.8439    16.0343      0.172    32.9519    24.6369 -9.990e-29
 243.012471      0.172  39.570118    13.8427    13.4031      0.171    32.9361    24.6249 -9.990e-29
 243.012477      0.175  39.547610    13.8416     7.8894      0.174    32.9161    24.6097 -9.990e-29
 243.012483      0.177  39.544565    13.8417     8.0839      0.176    32.9132    24.6074 -9.990e-29
 243.012488      0.178  39.559171    13.8425     8.4003      0.177    32.9261    24.6172 -9.990e-29
 243.012494      0.178  39.565508    13.8430     8.4923      0.177    32.9315    24.6213 -9.990e-29
 243.012500      0.178  39.546247    13.8433     8.4661      0.177    32.9134    24.6072 -9.990e-29
 243.012506      0.177  39.474592    13.8437     8.4136      0.176    32.8466    24.5555 -9.990e-29
 243.012512      0.176  39.397916    13.8439     8.3498      0.175    32.7753    24.5004 -9.990e-29
 243.012517      0.173  39.399491    13.8437     8.2876      0.172    32.7769    24.5017 -9.990e-29
 243.012523      0.170  39.430423    13.8432     8.2549      0.169    32.8060    24.5243 -9.990e-29
 243.012529      0.166  39.439486    13.8425     8.2439      0.165    32.8150    24.5314 -9.990e-29
 243.012535      0.160  39.442131    13.8403     8.2250      0.159    32.8194    24.5352 -9.990e-29
 243.012541      0.153  39.442449    13.8356     8.2119      0.152    32.8237    24.5395 -9.990e-29
 243.012546      0.143  39.440868    13.8292     8.2068      0.142    32.8277    24.5439 -9.990e-29
 243.012552      0.135  39.437525    13.8225     8.2058      0.134    32.8303    24.5474 -9.990e-29
 243.012558      0.136  39.431326    13.8167     8.1981      0.135    32.8296    24.5479 -9.990e-29
 243.012564      0.147  39.424099    13.8134     8.1784      0.146    32.8257    24.5456 -9.990e-29
 243.012569      0.159  39.420219    13.8119     8.1317      0.158    32.8233    24.5441 -9.990e-29
 243.012575      0.170  39.418997    13.8095     8.1480      0.169    32.8243    24.5453 -9.990e-29
 243.012581      0.175  39.417687    13.8057     8.1624      0.174    32.8263    24.5477 -9.990e-29
 243.012587      0.171  39.415666    13.8028     8.1857      0.170    32.8269    24.5487 -9.990e-29
 243.012593      0.161  39.413605    13.8022     8.1953      0.160    32.8255    24.5478 -9.990e-29
 243.012598      0.154  39.411558    13.8025     8.1515      0.153    32.8234    24.5460 -9.990e-29
 243.012604      0.154  39.409044    13.8024     8.1844      0.153    32.8211    24.5443 -9.990e-29
 243.012610      0.155  39.407196    13.8023     8.1753      0.154    32.8195    24.5431 -9.990e-29
 243.012616      0.155  39.406918    13.8025     8.1851      0.154    32.8191    24.5427 -9.990e-29
 243.012622      0.152  39.407842    13.8028     8.1969      0.151    32.8197    24.5431 -9.990e-29
 243.012627      0.148  39.408962    13.8026     8.1756      0.147    32.8209    24.5441 -9.990e-29
 243.012633      0.140  39.409533    13.8013     8.1843      0.139    32.8225    24.5456 -9.990e-29
 243.012639      0.130  39.409198    13.7988     8.1816      0.129    32.8243    24.5476 -9.990e-29
 243.012645      0.120  39.406955    13.7945     8.1739      0.119    32.8259    24.5497 -9.990e-29
 243.012650      0.119  39.402617    13.7882     8.1865      0.118    32.8273    24.5520 -9.990e-29
 243.012656      0.130  39.398252    13.7835     8.1865      0.129    32.8273    24.5530 -9.990e-29
 243.012662      0.151  39.396447    13.7827     8.1885      0.150    32.8263    24.5524 -9.990e-29
 243.012668      0.169  39.397040    13.7833     8.1958      0.168    32.8263    24.5523 -9.990e-29
 243.012674      0.178  39.398020    13.7839     8.1847      0.177    32.8267    24.5524 -9.990e-29
 243.012679      0.182  39.398455    13.7852     8.1893      0.180    32.8260    24.5516 -9.990e-29
 243.012685      0.185  39.398929    13.7868     8.1823      0.183    32.8251    24.5506 -9.990e-29
 243.012691      0.188  39.399518    13.7880     8.1799      0.186    32.8246    24.5500 -9.990e-29
 243.012697      0.191  39.399327    13.7886     8.1879      0.189    32.8239    24.5493 -9.990e-29
 243.012703      0.194  39.398666    13.7884     8.1875      0.192    32.8234    24.5490 -9.990e-29
 243.012708      0.198  39.397779    13.7869     8.1960      0.196    32.8239    24.5497 -9.990e-29
 243.012714      0.202  39.396608    13.7839     8.1835      0.200    32.8254    24.5514 -9.990e-29
 243.012720      0.207  39.395838    13.7816     8.1844      0.205    32.8266    24.5529 -9.990e-29
 243.012726      0.214  39.395564    13.7823     8.1851      0.212    32.8258    24.5520 -9.990e-29
 243.012731      0.222  39.395985    13.7852     8.1919      0.220    32.8237    24.5498 -9.990e-29
 243.012737      0.232  39.397104    13.7883     8.1973      0.230    32.8221    24.5480 -9.990e-29
 243.012743      0.245  39.397616    13.7900     8.1882      0.243    32.8211    24.5468 -9.990e-29
 243.012749      0.257  39.397086    13.7903     8.1978      0.255    32.8203    24.5462 -9.990e-29
 243.012755      0.261  39.395932    13.7904     8.1727      0.259    32.8192    24.5453 -9.990e-29
 243.012760      0.252  39.395421    13.7906     8.1998      0.250    32.8185    24.5447 -9.990e-29
 243.012766      0.235  39.396556    13.7908     8.2065      0.233    32.8194    24.5454 -9.990e-29
 243.012772      0.216  39.397489    13.7903     8.2126      0.214    32.8207    24.5465 -9.990e-29
 243.012778      0.200  39.396666    13.7883     8.2115      0.198    32.8217    24.5476 -9.990e-29
 243.012784      0.188  39.394116    13.7856     8.1599      0.186    32.8216    24.5482 -9.990e-29
 243.012789      0.185  39.391486    13.7835     8.1876      0.183    32.8210    24.5481 -9.990e-29
 243.012795      0.186  39.391998    13.7831     8.2006      0.184    32.8218    24.5488 -9.990e-29
 243.012801      0.186  39.395217    13.7840     8.2119      0.184    32.8240    24.5503 -9.990e-29
 243.012807      0.187  39.397592    13.7850     8.2195      0.185    32.8254    24.5512 -9.990e-29
 243.012813      0.187  39.398364    13.7856     8.2027      0.185    32.8256    24.5512 -9.990e-29
 243.012818      0.188  39.398551    13.7859     8.1941      0.186    32.8255    24.5511 -9.990e-29
 243.012824      0.188  39.398388    13.7863     8.1990      0.186    32.8250    24.5506 -9.990e-29
 243.012830      0.189  39.398200    13.7869     8.1942      0.187    32.8243    24.5500 -9.990e-29
 243.012836      0.190  39.398279    13.7876     8.1940      0.188    32.8238    24.5494 -9.990e-29
 243.012841      0.190  39.398154    13.7882     8.1897      0.188    32.8231    24.5488 -9.990e-29
 243.012847      0.191  39.398203    13.7889     8.1880      0.189    32.8226    24.5482 -9.990e-29
 243.012853      0.192  39.399033    13.7900     8.1849      0.190    32.8224    24.5479 -9.990e-29
 243.012859      0.194  39.400053    13.7908     8.1786      0.192    32.8227    24.5479 -9.990e-29
 243.012865      0.195  39.400926    13.7909     8.1859      0.193    32.8234    24.5485 -9.990e-29
 243.012870      0.197  39.401116    13.7907     8.1823      0.195    32.8237    24.5488 -9.990e-29
 243.012876      0.200  39.399740    13.7903     8.1902      0.198    32.8228    24.5481 -9.990e-29
 243.012882      0.204  39.397750    13.7899     8.1990      0.202    32.8213    24.5470 -9.990e-29
 243.012888      0.208  39.396959    13.7898     8.2115      0.206    32.8207    24.5466 -9.990e-29
 243.012894      0.214  39.396295    13.7884     8.2098      0.212    32.8212    24.5473 -9.990e-29
 243.012899      0.221  39.393175    13.7852     8.2046      0.219    32.8211    24.5478 -9.990e-29
 243.012905      0.231  39.388467    13.7819     8.1931      0.229    32.8195    24.5473 -9.990e-29
 243.012911      0.239  39.386523    13.7802     8.2000      0.237    32.8192    24.5474 -9.990e-29
 243.012917      0.241  39.388095    13.7802     8.1988      0.239    32.8206    24.5485 -9.990e-29
 243.012922      0.243  39.390220    13.7816     8.2046      0.241    32.8214    24.5488 -9.990e-29
 243.012928      0.244  39.392350    13.7835     8.2000      0.242    32.8218    24.5487 -9.990e-29
 243.012934      0.240  39.394506    13.7845     8.2015      0.238    32.8229    24.5494 -9.990e-29
 243.012940      0.235  39.395623    13.7842     8.2046      0.233    32.8242    24.5504 -9.990e-29
 243.012946      0.233  39.395493    13.7829     8.1914      0.231    32.8252    24.5515 -9.990e-29
 243.012951      0.233  39.394486    13.7815     8.1902      0.231    32.8255    24.5520 -9.990e-29
 243.012957      0.237  39.394047    13.7810     8.1747      0.235    32.8255    24.5521 -9.990e-29
 243.012963      0.244  39.395814    13.7823     8.1811      0.242    32.8260    24.5522 -9.990e-29
 243.012969      0.254  39.398204    13.7846     8.1440      0.252    32.8262    24.5519 -9.990e-29
 243.012975      0.264  39.398780    13.7864     8.1871      0.262    32.8252    24.5508 -9.990e-29
 243.012980      0.271  39.397736    13.7865     8.1956      0.269    32.8242    24.5500 -9.990e-29
 243.012986      0.274  39.395905    13.7847     8.2070      0.272    32.8240    24.5502 -9.990e-29
 243.012992      0.270  39.393071    13.7813     8.2284      0.268    32.8243    24.5511 -9.990e-29
 243.012998      0.258  39.389919    13.7780     8.1680      0.256    32.8242    24.5517 -9.990e-29
 243.013003      0.247  39.388395    13.7765     8.2036      0.245    32.8241    24.5519 -9.990e-29
