data/oxygen options/OCNMS/OCNMS1/raw_data/2023/CAST_CA015_230831faed.cnv
* Sea-Bird SBE 19 Data File:
* FileName = C:\Users\OCNMS.Inst\Documents\2023 Mooring Data\Casts\CAST_CA015_230831.hex
* Software Version SeatermAF 2.1.4.55
* Temperature SN = 2997
* Conductivity SN = 2997
* System UpLoad Time = Aug 31 2023 23:14:30 (localtime) = Aug 31 2023 23:14:30 (UTC)
** CAST_CA015_230831
* ds
# nquan = 9                                 
# nvalues = 827                         
# units = specified
# name 0 = timeJ: Julian Days
# name 1 = prSM: Pressure, Strain Gauge [db]
# name 2 = c0mS/cm: Conductivity [mS/cm]
# name 3 = t090C: Temperature [ITS-90, deg C]
# name 4 = sbeox0ML/L: Oxygen, SBE 43 [ml/l]
# name 5 = depSM: Depth [salt water, m], lat = 47.5
# name 6 = sal00: Salinity, Practical [PSU]
# name 7 = sigma-é00: Density [sigma-theta, kg/m^3]
# name 8 = flag: flag
# span 0 = 243.836701, 243.841481       
# span 1 =     -5.979,     11.241       
# span 2 =   0.526603,  39.548592       
# span 3 =     9.2145,    15.9861       
# span 4 =    -1.8127,    13.2732       
# span 5 =     -5.929,     11.147       
# span 6 =     0.3126,    33.9723       
# span 7 =    -0.8082,    25.8790       
# span 8 = 0.0000e+00, 0.0000e+00       
# interval = seconds: 0.5
# start_time = Aug 31 2023 20:04:51 [Instrument's time stamp, header]
# bad_flag = -9.990e-29
*END*
[from data line 481]
 243.839485     -0.111  39.085196    12.5890    -1.5557     -0.110    33.5766    25.3710 -9.990e-29
 243.839491     -0.108  39.172665    12.5935    -1.5559     -0.107    33.6564    25.4319 -9.990e-29
 243.839497     -0.102  39.255412    12.6007    -1.5561     -0.101    33.7292    25.4870 -9.990e-29
 243.839502     -0.097  39.323821    12.6076    -1.5563     -0.096    33.7886    25.5317 -9.990e-29
 243.839508     -0.094  39.384672    12.6119    -1.5564     -0.093    33.8430    25.5730 -9.990e-29
 243.839514     -0.091  39.442904    12.6135    -1.5566     -0.090    33.8974    25.6149 -9.990e-29
 243.839520     -0.089  39.493955    12.6167    -1.5565     -0.088    33.9435    25.6499 -9.990e-29
 243.839525     -0.087  39.529636    12.6259    -1.5565     -0.086    33.9694    25.6682 -9.990e-29
 243.839531     -0.086  39.546126    12.6402    -1.5567     -0.085    33.9723    25.6677 -9.990e-29
 243.839537     -0.085  39.548592    12.6519    -1.5574     -0.084    33.9641    25.6590 -9.990e-29
 243.839543     -0.084  39.545921    12.6571    -1.5578     -0.083    33.9568    25.6524 -9.990e-29
 243.839549     -0.084  39.541278    12.6592    -1.5581     -0.083    33.9505    25.6471 -9.990e-29
 243.839554     -0.083  39.530149    12.6606    -1.5582     -0.082    33.9385    25.6376 -9.990e-29
 243.839560     -0.082  39.512822    12.6628    -1.5581     -0.081    33.9200    25.6227 -9.990e-29
 243.839566     -0.082  39.494211    12.6670    -1.5581     -0.081    33.8984    25.6052 -9.990e-29
 243.839572     -0.081  39.474154    12.6717    -1.5576     -0.080    33.8749    25.5861 -9.990e-29
 243.839578     -0.081  39.452806    12.6736    -1.5575     -0.080    33.8528    25.5685 -9.990e-29
 243.839583     -0.080  39.434763    12.6709    -1.5579     -0.079    33.8380    25.5576 -9.990e-29
 243.839589     -0.079  39.418381    12.6649    -1.5580     -0.078    33.8277    25.5508 -9.990e-29
 243.839595     -0.078  39.396386    12.6605    -1.5595     -0.077    33.8106    25.5384 -9.990e-29
 243.839601     -0.076  39.369145    12.6602    -1.5588     -0.075    33.7848    25.5184 -9.990e-29
 243.839606     -0.075  39.340683    12.6624    -1.5581     -0.074    33.7555    25.4953 -9.990e-29
 243.839612     -0.073  39.314513    12.6658    -1.5580     -0.072    33.7275    25.4729 -9.990e-29
 243.839618     -0.070  39.296650    12.6721    -1.5578     -0.069    33.7047    25.4541 -9.990e-29
 243.839624     -0.067  39.287930    12.6820    -1.5583     -0.066    33.6875    25.4388 -9.990e-29
 243.839630     -0.062  39.283446    12.6914    -1.5579     -0.061    33.6748    25.4271 -9.990e-29
 243.839635     -0.057  39.275533    12.6969    10.1764     -0.057    33.6624    25.4164 -9.990e-29
 243.839641     -0.049  39.255320    12.6998    13.2406     -0.049    33.6404    25.3988 -9.990e-29
 243.839647     -0.040  39.222191    12.7019    13.2732     -0.040    33.6069    25.3724 -9.990e-29
 243.839653     -0.028  39.174561    12.7031    10.8605     -0.028    33.5603    25.3361 -9.990e-29
 243.839659     -0.013  39.132418    12.7039     5.9728     -0.013    33.5194    25.3042 -9.990e-29
 243.839664      0.003  39.134839    12.7055     6.1343      0.003    33.5202    25.3046 -9.990e-29
 243.839670      0.011  39.165991    12.7086     6.4859      0.011    33.5472    25.3249 -9.990e-29
 243.839676      0.012  39.182221    12.7128     6.6366      0.012    33.5590    25.3332 -9.990e-29
 243.839682      0.015  39.167616    12.7170     6.6595      0.015    33.5413    25.3186 -9.990e-29
 243.839688      0.024  39.121752    12.7193     6.6378      0.024    33.4955    25.2827 -9.990e-29
 243.839693      0.036  39.018218    12.7200     6.6057      0.036    33.3960    25.2055 -9.990e-29
 243.839699      0.042  38.869710    12.7202     6.5814      0.042    33.2542    25.0955 -9.990e-29
 243.839705      0.039  38.767930    12.7198     6.5556      0.039    33.1575    25.0207 -9.990e-29
 243.839711      0.030  38.732954    12.7196     6.5306      0.030    33.1244    24.9951 -9.990e-29
 243.839716      0.025  38.723746    12.7206     6.5070      0.025    33.1147    24.9874 -9.990e-29
 243.839722      0.026  38.723543    12.7217     6.4909      0.026    33.1136    24.9863 -9.990e-29
 243.839728      0.030  38.724221    12.7233     6.4934      0.030    33.1128    24.9854 -9.990e-29
 243.839734      0.027  38.724439    12.7253     6.4926      0.027    33.1112    24.9838 -9.990e-29
 243.839740      0.019  38.724480    12.7267     6.4907      0.019    33.1101    24.9826 -9.990e-29
 243.839745      0.013  38.723833    12.7276     6.4822      0.013    33.1087    24.9813 -9.990e-29
 243.839751      0.014  38.723312    12.7283     6.4332      0.014    33.1075    24.9803 -9.990e-29
 243.839757      0.020  38.723338    12.7286     6.4724      0.020    33.1073    24.9801 -9.990e-29
 243.839763      0.028  38.722820    12.7283     6.4852      0.028    33.1071    24.9800 -9.990e-29
 243.839769      0.035  38.721062    12.7275     6.4847      0.035    33.1061    24.9794 -9.990e-29
 243.839774      0.045  38.718517    12.7269     6.4790      0.045    33.1042    24.9780 -9.990e-29
 243.839780      0.059  38.717389    12.7274     6.4180      0.059    33.1027    24.9767 -9.990e-29
 243.839786      0.069  38.718970    12.7280     6.4482      0.068    33.1037    24.9774 -9.990e-29
 243.839792      0.076  38.720878    12.7271     6.4537      0.075    33.1063    24.9796 -9.990e-29
 243.839797      0.084  38.720610    12.7254     6.4693      0.083    33.1075    24.9809 -9.990e-29
 243.839803      0.090  38.718924    12.7246     6.4901      0.089    33.1066    24.9803 -9.990e-29
 243.839809      0.090  38.716930    12.7245     6.4789      0.089    33.1048    24.9789 -9.990e-29
 243.839815      0.087  38.715322    12.7236     6.4728      0.086    33.1040    24.9785 -9.990e-29
 243.839821      0.087  38.713634    12.7214     6.4649      0.086    33.1044    24.9792 -9.990e-29
 243.839826      0.089  38.710172    12.7191     6.4590      0.088    33.1031    24.9787 -9.990e-29
 243.839832      0.094  38.707038    12.7183     6.4612      0.093    33.1008    24.9771 -9.990e-29
 243.839838      0.097  38.707330    12.7189     6.4658      0.096    33.1005    24.9767 -9.990e-29
 243.839844      0.094  38.710311    12.7198     6.4596      0.093    33.1026    24.9782 -9.990e-29
 243.839850      0.089  38.712665    12.7194     6.4578      0.088    33.1052    24.9802 -9.990e-29
 243.839855      0.091  38.710241    12.7163     6.4569      0.090    33.1056    24.9812 -9.990e-29
 243.839861      0.099  38.703165    12.7123     6.4575      0.098    33.1024    24.9794 -9.990e-29
 243.839867      0.106  38.697127    12.7116     6.4731      0.105    33.0972    24.9756 -9.990e-29
 243.839873      0.108  38.697519    12.7142     6.4693      0.107    33.0953    24.9736 -9.990e-29
 243.839878      0.105  38.702614    12.7157     6.4677      0.104    33.0989    24.9761 -9.990e-29
 243.839884      0.101  38.704070    12.7124     6.4715      0.100    33.1031    24.9800 -9.990e-29
 243.839890      0.104  38.699343    12.7055     6.4623      0.103    33.1047    24.9826 -9.990e-29
 243.839896      0.115  38.694451    12.7007     6.4649      0.114    33.1042    24.9832 -9.990e-29
 243.839902      0.125  38.694635    12.7008     6.4646      0.124    33.1043    24.9832 -9.990e-29
 243.839907      0.131  38.699013    12.7046     6.4646      0.130    33.1052    24.9831 -9.990e-29
 243.839913      0.134  38.703887    12.7092     6.4604      0.133    33.1058    24.9827 -9.990e-29
 243.839919      0.133  38.707346    12.7127     6.4437      0.132    33.1060    24.9822 -9.990e-29
 243.839925      0.133  38.708393    12.7149     6.4403      0.132    33.1050    24.9810 -9.990e-29
 243.839931      0.138  38.707299    12.7159     6.4414      0.137    33.1031    24.9793 -9.990e-29
 243.839936      0.145  38.706524    12.7162     6.4348      0.144    33.1021    24.9785 -9.990e-29
 243.839942      0.149  38.706149    12.7156     6.4694      0.148    33.1023    24.9787 -9.990e-29
 243.839948      0.150  38.702866    12.7118     6.4712      0.149    33.1025    24.9796 -9.990e-29
 243.839954      0.148  38.693974    12.7033     6.4677      0.147    33.1015    24.9805 -9.990e-29
 243.839959      0.144  38.684423    12.6950     6.4589      0.143    33.0997    24.9807 -9.990e-29
 243.839965      0.138  38.683887    12.6944     6.3991      0.137    33.0997    24.9809 -9.990e-29
 243.839971      0.128  38.691645    12.7010     6.4480      0.127    33.1013    24.9808 -9.990e-29
 243.839977      0.119  38.700101    12.7081     6.4712      0.118    33.1031    24.9808 -9.990e-29
 243.839983      0.118  38.704835    12.7120     6.4777      0.117    33.1042    24.9809 -9.990e-29
 243.839988      0.126  38.705430    12.7130     6.4836      0.125    33.1039    24.9805 -9.990e-29
 243.839994      0.134  38.703236    12.7124     6.4463      0.133    33.1023    24.9794 -9.990e-29
 243.840000      0.138  38.699804    12.7091     6.4353      0.137    33.1020    24.9797 -9.990e-29
 243.840006      0.140  38.693915    12.7015     6.4302      0.139    33.1030    24.9820 -9.990e-29
 243.840012      0.138  38.683877    12.6926     6.4314      0.137    33.1013    24.9824 -9.990e-29
 243.840017      0.137  38.678713    12.6869     6.4448      0.136    33.1013    24.9836 -9.990e-29
 243.840023      0.142  38.681619    12.6803     6.4439      0.141    33.1099    24.9915 -9.990e-29
 243.840029      0.149  38.676290    12.6724     6.4452      0.148    33.1118    24.9945 -9.990e-29
 243.840035      0.152  38.666258    12.6713     6.4436      0.151    33.1032    24.9880 -9.990e-29
 243.840041      0.154  38.669522    12.6761     6.4423      0.153    33.1021    24.9862 -9.990e-29
 243.840046      0.153  38.677538    12.6802     6.4467      0.152    33.1061    24.9886 -9.990e-29
 243.840052      0.150  38.680254    12.6823     6.4552      0.149    33.1069    24.9888 -9.990e-29
 243.840058      0.149  38.681288    12.6834     6.4664      0.148    33.1069    24.9886 -9.990e-29
 243.840064      0.155  38.683137    12.6846     6.4707      0.154    33.1076    24.9889 -9.990e-29
 243.840069      0.162  38.685460    12.6860     6.4674      0.161    33.1086    24.9894 -9.990e-29
 243.840075      0.168  38.686865    12.6871     6.4351      0.167    33.1089    24.9894 -9.990e-29
 243.840081      0.172  38.686978    12.6877     6.4128      0.171    33.1085    24.9890 -9.990e-29
 243.840087      0.175  38.686504    12.6875     6.3902      0.174    33.1082    24.9888 -9.990e-29
 243.840093      0.178  38.685928    12.6859     6.3726      0.177    33.1091    24.9898 -9.990e-29
 243.840098      0.180  38.682793    12.6801     6.3730      0.178    33.1112    24.9925 -9.990e-29
 243.840104      0.181  38.671235    12.6656     6.3751      0.179    33.1129    24.9967 -9.990e-29
 243.840110      0.182  38.651527    12.6447     6.3910      0.180    33.1125    25.0004 -9.990e-29
 243.840116      0.182  38.634929    12.6221     6.4006      0.180    33.1165    25.0079 -9.990e-29
 243.840122      0.183  38.620598    12.6009     6.4105      0.181    33.1215    25.0159 -9.990e-29
 243.840127      0.182  38.605665    12.5895     6.4266      0.180    33.1172    25.0148 -9.990e-29
 243.840133      0.182  38.602712    12.5883     6.4288      0.180    33.1155    25.0137 -9.990e-29
 243.840139      0.181  38.612275    12.5943     6.4292      0.179    33.1193    25.0155 -9.990e-29
 243.840145      0.179  38.629725    12.6088     6.4383      0.178    33.1233    25.0157 -9.990e-29
 243.840150      0.177  38.650307    12.6251     6.3853      0.176    33.1286    25.0167 -9.990e-29
 243.840156      0.175  38.663354    12.6377     6.4169      0.174    33.1299    25.0153 -9.990e-29
 243.840162      0.171  38.670007    12.6505     6.4072      0.170    33.1250    25.0090 -9.990e-29
 243.840168      0.167  38.675214    12.6642     6.3945      0.166    33.1180    25.0009 -9.990e-29
 243.840174      0.161  38.676949    12.6743     6.3782      0.160    33.1107    24.9933 -9.990e-29
 243.840179      0.158  38.671356    12.6778     6.3258      0.157    33.1023    24.9861 -9.990e-29
 243.840185      0.161  38.658259    12.6737     6.3296      0.160    33.0934    24.9800 -9.990e-29
 243.840191      0.167  38.638686    12.6631     6.3199      0.166    33.0841    24.9748 -9.990e-29
 243.840197      0.172  38.616233    12.6485     6.3268      0.171    33.0755    24.9710 -9.990e-29
 243.840203      0.176  38.598503    12.6313     6.3466      0.175    33.0736    24.9729 -9.990e-29
 243.840208      0.179  38.584255    12.6073     6.3584      0.178    33.0811    24.9834 -9.990e-29
 243.840214      0.181  38.563411    12.5727     6.3709      0.179    33.0916    24.9982 -9.990e-29
 243.840220      0.183  38.541171    12.5398     6.3815      0.181    33.0993    25.0105 -9.990e-29
 243.840226      0.185  38.535442    12.5240     6.3843      0.183    33.1078    25.0201 -9.990e-29
 243.840231      0.186  38.544120    12.5238     6.3803      0.184    33.1162    25.0267 -9.990e-29
 243.840237      0.187  38.556854    12.5349     6.3805      0.185    33.1186    25.0264 -9.990e-29
 243.840243      0.188  38.574868    12.5543     6.3694      0.186    33.1188    25.0228 -9.990e-29
 243.840249      0.190  38.593542    12.5699     6.3467      0.188    33.1229    25.0230 -9.990e-29
 243.840255      0.191  38.599051    12.5746     6.3319      0.189    33.1240    25.0229 -9.990e-29
 243.840260      0.192  38.593082    12.5739     6.3185      0.190    33.1189    25.0191 -9.990e-29
 243.840266      0.194  38.589473    12.5714     6.3041      0.192    33.1177    25.0186 -9.990e-29
 243.840272      0.197  38.584471    12.5655     6.2896      0.195    33.1181    25.0201 -9.990e-29
 243.840278      0.199  38.566862    12.5550     6.2688      0.197    33.1105    25.0162 -9.990e-29
 243.840284      0.203  38.547290    12.5382     6.2523      0.201    33.1066    25.0164 -9.990e-29
 243.840289      0.207  38.530976    12.5127     6.2753      0.205    33.1134    25.0267 -9.990e-29
 243.840295      0.213  38.507875    12.4843     6.2890      0.211    33.1163    25.0344 -9.990e-29
 243.840301      0.220  38.484666    12.4635     6.2782      0.218    33.1124    25.0353 -9.990e-29
 243.840307      0.225  38.470685    12.4524     6.2458      0.223    33.1088    25.0347 -9.990e-29
 243.840313      0.224  38.467954    12.4450     6.2106      0.222    33.1127    25.0391 -9.990e-29
 243.840318      0.221  38.468847    12.4333     6.1675      0.219    33.1239    25.0500 -9.990e-29
 243.840324      0.220  38.456561    12.4168     6.1315      0.218    33.1267    25.0554 -9.990e-29
 243.840330      0.221  38.444353    12.4071     6.1473      0.219    33.1235    25.0548 -9.990e-29
 243.840336      0.224  38.452306    12.4002     6.1414      0.222    33.1373    25.0667 -9.990e-29
 243.840341      0.225  38.446690    12.3615     6.2378      0.223    33.1661    25.0965 -9.990e-29
 243.840347      0.220  38.386892    12.2920     6.3118      0.218    33.1701    25.1129 -9.990e-29
 243.840353      0.212  38.320324    12.2446     6.3828      0.210    33.1480    25.1047 -9.990e-29
 243.840359      0.206  38.316743    12.2362     6.4359      0.204    33.1520    25.1094 -9.990e-29
 243.840365      0.202  38.351123    12.2519     6.4081      0.200    33.1712    25.1214 -9.990e-29
 243.840370      0.198  38.401992    12.3023     6.4372      0.196    33.1755    25.1151 -9.990e-29
 243.840376      0.194  38.489484    12.3923     6.4511      0.192    33.1800    25.1014 -9.990e-29
 243.840382      0.192  38.575536    12.4824     6.4639      0.190    33.1829    25.0863 -9.990e-29
 243.840388      0.189  38.605040    12.5324     6.4730      0.187    33.1670    25.0644 -9.990e-29
 243.840394      0.187  38.597120    12.5581     6.4538      0.185    33.1367    25.0360 -9.990e-29
 243.840399      0.184  38.610102    12.5921     6.4532      0.182    33.1192    25.0158 -9.990e-29
