data/oxygen options/OCNMS/OCNMS1/raw_data/2023/CAST_MB042_230829faed.cnv
* Sea-Bird SBE 19 Data File:
* FileName = C:\Users\OCNMS.Inst\Documents\2023 Mooring Data\Casts\CAST_MB042_230829.hex
* Software Version SeatermAF 2.1.4.55
* Temperature SN = 2997
* Conductivity SN = 2997
* System UpLoad Time = Aug 29 2023 23:10:28 (localtime) = Aug 29 2023 23:10:28 (UTC)
** CAST_MB042_230829
* ds
# nquan = 9                                 
# nvalues = 1063                        
# units = specified
# name 0 = timeJ: Julian Days
# name 1 = prSM: Pressure, Strain Gauge [db]
# name 2 = c0mS/cm: Conductivity [mS/cm]
# name 3 = t090C: Temperature [ITS-90, deg C]
# name 4 = sbeox0ML/L: Oxygen, SBE 43 [ml/l]
# name 5 = depSM: Depth [salt water, m], lat = 47.5
# name 6 = sal00: Salinity, Practical [PSU]
# name 7 = sigma-é00: Density [sigma-theta, kg/m^3]
# name 8 = flag: flag
# span 0 = 241.915984, 241.922130       
# span 1 =     -6.657,     13.095       
# span 2 =   0.005609,  38.484617       
# span 3 =    10.5779,    18.6319       
# span 4 =    -1.8214,    13.7750       
# span 5 =     -6.602,     12.985       
# span 6 =     0.0105,    33.9223       
# span 7 =    -1.5123,    25.8338       
# span 8 = 0.0000e+00, 0.0000e+00       
# interval = seconds: 0.5
# start_time = Aug 29 2023 21:59:01 [Instrument's time stamp, header]
# bad_flag = -9.990e-29
*END*
[from data line 321]
 241.917841     -1.818   0.007079    18.0102    -1.7197     -1.803     0.0111    -1.3966 -9.990e-29
 241.917847     -1.805   0.007134    18.0085    -1.7200     -1.790     0.0111    -1.3963 -9.990e-29
 241.917853     -1.800   0.007076    18.0063    -1.7203     -1.785     0.0111    -1.3959 -9.990e-29
 241.917859     -1.796   0.006826    18.0064    -1.7203     -1.781     0.0110    -1.3960 -9.990e-29
 241.917865     -1.791   0.006604    18.0083    -1.7205     -1.776     0.0109    -1.3964 -9.990e-29
 241.917870     -1.787   0.006668    18.0101    -1.7204     -1.772     0.0109    -1.3967 -9.990e-29
 241.917876     -1.788   0.006550    18.0101    -1.7207     -1.773     0.0109    -1.3967 -9.990e-29
 241.917882     -1.791   0.006092    18.0071    -1.7203     -1.776     0.0107    -1.3963 -9.990e-29
 241.917888     -1.792   0.005791    18.0017    -1.7197     -1.777     0.0106    -1.3954 -9.990e-29
 241.917894     -1.789   0.005799    17.9955    -1.7192     -1.774     0.0106    -1.3943 -9.990e-29
 241.917899     -1.784   0.006127    17.9890    -1.7190     -1.769     0.0107    -1.3930 -9.990e-29
 241.917905     -1.776   0.006656    17.9831    -1.7189     -1.761     0.0109    -1.3917 -9.990e-29
 241.917911     -1.764   0.006984    17.9792    -1.7194     -1.749     0.0110    -1.3909 -9.990e-29
 241.917917     -1.748   0.006992    17.9774    -1.7211     -1.733     0.0110    -1.3906 -9.990e-29
 241.917922     -1.731   0.006691    17.9765    -1.7220     -1.717     0.0109    -1.3905 -9.990e-29
 241.917928     -1.720   0.006234    17.9777    -1.7223     -1.706     0.0107    -1.3909 -9.990e-29
 241.917934     -1.715   0.006119    17.9847    -1.7220     -1.701     0.0107    -1.3922 -9.990e-29
 241.917940     -1.711   0.006192    17.9963    -1.7214     -1.697     0.0107    -1.3943 -9.990e-29
 241.917946     -1.708   0.005995    18.0068    -1.7210     -1.694     0.0107    -1.3963 -9.990e-29
 241.917951     -1.706   0.005821    18.0119    -1.7207     -1.692     0.0106    -1.3973 -9.990e-29
 241.917957     -1.704   0.005990    18.0080    -1.7211     -1.690     0.0107    -1.3965 -9.990e-29
 241.917963     -1.702   0.006174    17.9910    -1.7213     -1.688     0.0107    -1.3933 -9.990e-29
 241.917969     -1.701   0.006062    17.9649    -1.7213     -1.687     0.0107    -1.3886 -9.990e-29
 241.917975     -1.699   0.006060    17.9432    -1.7213     -1.685     0.0107    -1.3846 -9.990e-29
 241.917980     -1.698   0.006163    17.9340    -1.7214     -1.684     0.0107    -1.3828 -9.990e-29
 241.917986     -1.697   0.005956    17.9366    -1.7214     -1.683     0.0106    -1.3834 -9.990e-29
 241.917992     -1.696   0.005714    17.9458    -1.7214     -1.682     0.0105    -1.3851 -9.990e-29
 241.917998     -1.695   0.005671    17.9549    -1.7212     -1.681     0.0105    -1.3868 -9.990e-29
 241.918003     -1.693   0.005766    17.9587    -1.7212     -1.679     0.0105    -1.3875 -9.990e-29
 241.918009     -1.691   0.006125    17.9566    -1.7211     -1.677     0.0107    -1.3870 -9.990e-29
 241.918015     -1.689   0.006673    17.9530    -1.7210     -1.675     0.0109    -1.3862 -9.990e-29
 241.918021     -1.686   0.007031    17.9509    -1.7205     -1.672     0.0110    -1.3857 -9.990e-29
 241.918027     -1.683   0.007123    17.9498    -1.7201     -1.669     0.0111    -1.3855 -9.990e-29
 241.918032     -1.678   0.007069    17.9492    -1.7198     -1.664     0.0111    -1.3854 -9.990e-29
 241.918038     -1.672   0.006799    17.9494    -1.7197     -1.658     0.0109    -1.3855 -9.990e-29
 241.918044     -1.665   0.006505    17.9508    -1.7195     -1.651     0.0108    -1.3858 -9.990e-29
 241.918050     -1.660   0.006350    17.9531    -1.7192     -1.646     0.0108    -1.3863 -9.990e-29
 241.918056     -1.661   0.006125    17.9557    -1.7191     -1.647     0.0107    -1.3868 -9.990e-29
 241.918061     -1.663   0.006085    17.9594    -1.7191     -1.649     0.0107    -1.3875 -9.990e-29
 241.918067     -1.664   0.006177    17.9655    -1.7195     -1.650     0.0107    -1.3886 -9.990e-29
 241.918073     -1.662   0.005967    17.9746    -1.7196     -1.648     0.0106    -1.3904 -9.990e-29
 241.918079     -1.658   0.005730    17.9844    -1.7196     -1.644     0.0105    -1.3922 -9.990e-29
 241.918084     -1.652   0.005704    17.9928    -1.7195     -1.638     0.0105    -1.3938 -9.990e-29
 241.918090     -1.643   0.005852    17.9998    -1.7192     -1.629     0.0106    -1.3951 -9.990e-29
 241.918096     -1.634   0.006189    18.0060    -1.7190     -1.620     0.0107    -1.3961 -9.990e-29
 241.918102     -1.634   0.006608    18.0109    -1.7194     -1.620     0.0109    -1.3969 -9.990e-29
 241.918108     -1.643   0.006928    18.0131    -1.7193     -1.629     0.0110    -1.3972 -9.990e-29
 241.918113     -1.653   0.007019    18.0115    -1.7191     -1.639     0.0111    -1.3969 -9.990e-29
 241.918119     -1.660   0.006819    18.0072    -1.7190     -1.646     0.0110    -1.3961 -9.990e-29
 241.918125     -1.664   0.006614    18.0041    -1.7187     -1.650     0.0109    -1.3956 -9.990e-29
 241.918131     -1.667   0.006684    18.0041    -1.7186     -1.653     0.0109    -1.3956 -9.990e-29
 241.918137     -1.667   0.006567    18.0068    -1.7185     -1.653     0.0109    -1.3961 -9.990e-29
 241.918142     -1.666   0.006106    18.0106    -1.7186     -1.652     0.0107    -1.3970 -9.990e-29
 241.918148     -1.662   0.005793    18.0123    -1.7189     -1.648     0.0106    -1.3974 -9.990e-29
 241.918154     -1.656   0.005765    18.0117    -1.7191     -1.642     0.0106    -1.3973 -9.990e-29
 241.918160     -1.647   0.005985    18.0125    -1.7193     -1.633     0.0106    -1.3974 -9.990e-29
 241.918166     -1.635   0.006189    18.0159    -1.7196     -1.621     0.0107    -1.3979 -9.990e-29
 241.918171     -1.619   0.006095    18.0206    -1.7200     -1.605     0.0107    -1.3988 -9.990e-29
 241.918177     -1.603   0.006131    18.0257    -1.7196     -1.590     0.0107    -1.3998 -9.990e-29
 241.918183     -1.588   0.006344    18.0300    -1.7195     -1.575     0.0108    -1.4005 -9.990e-29
 241.918189     -1.576   0.006464    18.0312    -1.7197     -1.563     0.0108    -1.4007 -9.990e-29
 241.918194     -1.568   0.006649    18.0284    -1.7200     -1.555     0.0109    -1.4001 -9.990e-29
 241.918200     -1.565   0.006592    18.0232    -1.7203     -1.552     0.0109    -1.3992 -9.990e-29
 241.918206     -1.562   0.006215    18.0169    -1.7202     -1.549     0.0107    -1.3981 -9.990e-29
 241.918212     -1.563   0.006125    18.0101    -1.7199     -1.550     0.0107    -1.3969 -9.990e-29
 241.918218     -1.569   0.006199    18.0035    -1.7201     -1.556     0.0107    -1.3956 -9.990e-29
 241.918223     -1.571   0.005980    17.9997    -1.7202     -1.558     0.0106    -1.3950 -9.990e-29
 241.918229     -1.568   0.005732    18.0001    -1.7205     -1.555     0.0105    -1.3951 -9.990e-29
 241.918235     -1.567   0.005677    18.0005    -1.7204     -1.554     0.0105    -1.3952 -9.990e-29
 241.918241     -1.561   0.005741    17.9973    -1.7205     -1.548     0.0106    -1.3946 -9.990e-29
 241.918247     -1.550   0.006009    17.9916    -1.7203     -1.537     0.0107    -1.3935 -9.990e-29
 241.918252     -1.543   0.006283    17.9872    -1.7201     -1.530     0.0108    -1.3926 -9.990e-29
 241.918258     -1.539   0.006373    17.9865    -1.7198     -1.526     0.0108    -1.3924 -9.990e-29
 241.918264     -1.534   0.006397    17.9873    -1.7196     -1.521     0.0108    -1.3926 -9.990e-29
 241.918270     -1.527   0.006387    17.9863    -1.7193     -1.514     0.0108    -1.3924 -9.990e-29
 241.918275     -1.517   0.006327    17.9831    -1.7191     -1.504     0.0108    -1.3918 -9.990e-29
 241.918281     -1.509   0.006138    17.9797    -1.7193     -1.496     0.0107    -1.3913 -9.990e-29
 241.918287     -1.505   0.006120    17.9781    -1.7202     -1.492     0.0107    -1.3910 -9.990e-29
 241.918293     -1.502   0.006250    17.9792    -1.7210     -1.489     0.0107    -1.3911 -9.990e-29
 241.918299     -1.496   0.006145    17.9829    -1.7216     -1.484     0.0107    -1.3918 -9.990e-29
 241.918304     -1.489   0.006221    17.9885    -1.7220     -1.477     0.0107    -1.3929 -9.990e-29
 241.918310     -1.486   0.006576    17.9953    -1.7217     -1.474     0.0109    -1.3940 -9.990e-29
 241.918316     -1.483   0.006576    18.0024    -1.7210     -1.471     0.0109    -1.3953 -9.990e-29
 241.918322     -1.474   0.006218    18.0080    -1.7206     -1.462     0.0107    -1.3965 -9.990e-29
 241.918328     -1.465   0.006133    18.0089    -1.7205     -1.453     0.0107    -1.3966 -9.990e-29
 241.918333     -1.457   0.006208    18.0008    -1.7203     -1.445     0.0107    -1.3951 -9.990e-29
 241.918339     -1.451   0.005987    17.9842    -1.7202     -1.439     0.0106    -1.3921 -9.990e-29
 241.918345     -1.447   0.005729    17.9659    -1.7201     -1.435     0.0105    -1.3888 -9.990e-29
 241.918351     -1.443   0.005644    17.9516    -1.7201     -1.431     0.0105    -1.3862 -9.990e-29
 241.918356     -1.441   0.005616    17.9452    -1.7200     -1.429     0.0105    -1.3850 -9.990e-29
 241.918362     -1.439   0.005609    17.9487    -1.7199     -1.427     0.0105    -1.3857 -9.990e-29
 241.918368     -1.438   0.005610    17.9586    -1.7195     -1.426     0.0105    -1.3875 -9.990e-29
 241.918374     -1.437   0.005622    17.9684    -1.7191     -1.425     0.0105    -1.3893 -9.990e-29
 241.918380     -1.437   0.005660    17.9753    -1.7187     -1.425     0.0105    -1.3906 -9.990e-29
 241.918385     -1.438   0.005773    17.9804    -1.7183     -1.426     0.0106    -1.3915 -9.990e-29
 241.918391     -1.439   0.006113    17.9843    -1.7182     -1.427     0.0107    -1.3921 -9.990e-29
 241.918397     -1.440   0.006575    17.9871    -1.7181     -1.428     0.0109    -1.3925 -9.990e-29
 241.918403     -1.443   0.006668    17.9895    -1.7183     -1.431     0.0109    -1.3929 -9.990e-29
 241.918409     -1.446   0.006514    17.9926    -1.7181     -1.434     0.0108    -1.3935 -9.990e-29
 241.918414     -1.450   0.006463    17.9980    -1.7179     -1.438     0.0108    -1.3945 -9.990e-29
 241.918420     -1.456   0.006443    18.0067    -1.7178     -1.444     0.0108    -1.3961 -9.990e-29
 241.918426     -1.459   0.006429    18.0176    -1.7177     -1.447     0.0108    -1.3982 -9.990e-29
 241.918432     -1.456   0.006400    18.0282    -1.7177     -1.444     0.0108    -1.4001 -9.990e-29
 241.918438     -1.450   0.006318    18.0366    -1.7176     -1.438     0.0108    -1.4017 -9.990e-29
 241.918443     -1.445   0.006071    18.0419    -1.7176     -1.433     0.0107    -1.4028 -9.990e-29
 241.918449     -1.441   0.005886    18.0443    -1.7177     -1.429     0.0106    -1.4033 -9.990e-29
 241.918455     -1.439   0.006068    18.0458    -1.7178     -1.427     0.0107    -1.4035 -9.990e-29
 241.918461     -1.436   0.006306    18.0488    -1.7177     -1.424     0.0108    -1.4040 -9.990e-29
 241.918466     -1.435   0.006361    18.0527    -1.7177     -1.423     0.0108    -1.4047 -9.990e-29
 241.918472     -1.433   0.006306    18.0557    -1.7175     -1.421     0.0108    -1.4053 -9.990e-29
 241.918478     -1.432   0.006068    18.0576    -1.7175     -1.420     0.0107    -1.4057 -9.990e-29
 241.918484     -1.431   0.005881    18.0590    -1.7177     -1.419     0.0106    -1.4060 -9.990e-29
 241.918490     -1.430   0.006049    18.0602    -1.7177     -1.418     0.0107    -1.4062 -9.990e-29
 241.918495     -1.430   0.006241    18.0603    -1.7174     -1.418     0.0108    -1.4061 -9.990e-29
 241.918501     -1.429   0.006157    18.0591    -1.7169     -1.417     0.0107    -1.4059 -9.990e-29
 241.918507     -1.428   0.006239    18.0584    -1.7166     -1.416     0.0108    -1.4058 -9.990e-29
 241.918513     -1.428   0.006596    18.0591    -1.7166     -1.416     0.0109    -1.4058 -9.990e-29
 241.918519     -1.427   0.006597    18.0608    -1.7162     -1.415     0.0109    -1.4061 -9.990e-29
 241.918524     -1.426   0.006240    18.0627    -1.7158     -1.414     0.0108    -1.4066 -9.990e-29
 241.918530     -1.424   0.006157    18.0632    -1.7155     -1.412     0.0107    -1.4067 -9.990e-29
 241.918536     -1.423   0.006236    18.0627    -1.7150     -1.411     0.0108    -1.4066 -9.990e-29
 241.918542     -1.421   0.006028    18.0650    -1.7151     -1.409     0.0107    -1.4071 -9.990e-29
 241.918547     -1.419   0.005809    18.0716    -1.7153     -1.407     0.0106    -1.4083 -9.990e-29
 241.918553     -1.416   0.005842    18.0806    -1.7152     -1.404     0.0106    -1.4100 -9.990e-29
 241.918559     -1.412   0.006170    18.0887    -1.7149     -1.400     0.0107    -1.4114 -9.990e-29
 241.918565     -1.407   0.006675    18.0961    -1.7146     -1.395     0.0109    -1.4126 -9.990e-29
 241.918571     -1.401   0.006919    18.1054    -1.7148     -1.389     0.0110    -1.4143 -9.990e-29
 241.918576     -1.393   0.006673    18.1161    -1.7154     -1.381     0.0110    -1.4164 -9.990e-29
 241.918582     -1.383   0.006163    18.1261    -1.7157     -1.371     0.0108    -1.4184 -9.990e-29
 241.918588     -1.374   0.005817    18.1332    -1.7160     -1.363     0.0106    -1.4198 -9.990e-29
 241.918594     -1.370   0.005726    18.1354    -1.7161     -1.359     0.0106    -1.4202 -9.990e-29
 241.918600     -1.366   0.005769    18.1355    -1.7162     -1.355     0.0106    -1.4202 -9.990e-29
 241.918605     -1.363   0.006004    18.1375    -1.7160     -1.352     0.0107    -1.4205 -9.990e-29
 241.918611     -1.364   0.006189    18.1416    -1.7155     -1.353     0.0108    -1.4212 -9.990e-29
 241.918617     -1.365   0.006013    18.1440    -1.7152     -1.354     0.0107    -1.4217 -9.990e-29
 241.918623     -1.363   0.005795    18.1400    -1.7151     -1.352     0.0106    -1.4211 -9.990e-29
 241.918628     -1.360   0.005798    18.1305    -1.7148     -1.349     0.0106    -1.4193 -9.990e-29
 241.918634     -1.362   0.006027    18.1210    -1.7145     -1.351     0.0107    -1.4175 -9.990e-29
 241.918640     -1.363   0.006230    18.1141    -1.7144     -1.352     0.0108    -1.4161 -9.990e-29
 241.918646     -1.365   0.006125    18.1103    -1.7140     -1.354     0.0107    -1.4154 -9.990e-29
 241.918652     -1.371   0.006125    18.1104    -1.7135     -1.360     0.0107    -1.4155 -9.990e-29
 241.918657     -1.378   0.006228    18.1152    -1.7134     -1.367     0.0108    -1.4163 -9.990e-29
 241.918663     -1.381   0.006017    18.1231    -1.7134     -1.369     0.0107    -1.4178 -9.990e-29
 241.918669     -1.382   0.005762    18.1311    -1.7131     -1.370     0.0106    -1.4194 -9.990e-29
 241.918675     -1.380   0.005677    18.1384    -1.7132     -1.368     0.0106    -1.4208 -9.990e-29
 241.918681     -1.374   0.005649    18.1457    -1.7132     -1.363     0.0106    -1.4222 -9.990e-29
 241.918686     -1.365   0.005640    18.1529    -1.7130     -1.354     0.0106    -1.4235 -9.990e-29
 241.918692     -1.352   0.005637    18.1605    -1.7126     -1.341     0.0106    -1.4249 -9.990e-29
 241.918698     -1.334   0.005637    18.1700    -1.7124     -1.323     0.0106    -1.4267 -9.990e-29
 241.918704     -1.310   0.005637    18.1798    -1.7124     -1.299     0.0106    -1.4285 -9.990e-29
 241.918709     -1.282   0.005638    18.1866    -1.7129     -1.271     0.0106    -1.4298 -9.990e-29
 241.918715     -1.258   0.005638    18.1912    -1.7134     -1.248     0.0106    -1.4306 -9.990e-29
 241.918721     -1.240   0.005639    18.1948    -1.7142     -1.230     0.0106    -1.4313 -9.990e-29
 241.918727     -1.228   0.005640    18.1969    -1.7149     -1.218     0.0106    -1.4317 -9.990e-29
 241.918733     -1.220   0.005641    18.1993    -1.7156     -1.210     0.0106    -1.4322 -9.990e-29
 241.918738     -1.216   0.005642    18.2041    -1.7162     -1.206     0.0106    -1.4331 -9.990e-29
 241.918744     -1.215   0.005646    18.2101    -1.7163     -1.205     0.0106    -1.4342 -9.990e-29
 241.918750     -1.214   0.005656    18.2138    -1.7160     -1.204     0.0106    -1.4349 -9.990e-29
 241.918756     -1.208   0.005684    18.2111    -1.7158     -1.198     0.0106    -1.4344 -9.990e-29
