data/oxygen options/OCNMS/OCNMS1/raw_data/2023/CAST_TH042_230929faed.cnv
* Sea-Bird SBE 19 Data File:
* FileName = C:\Users\OCNMS.Inst\Documents\2023 Mooring Data\Casts\CAST_TH042_230929.hex
* Software Version SeatermAF 2.1.4.55
* Temperature SN = 2997
* Conductivity SN = 2997
* System UpLoad Time = Sep 29 2023 22:28:33 (localtime) = Sep 29 2023 22:28:33 (UTC)
** CAST_TH042_230929
* ds
# nquan = 9                                 
# nvalues = 1315                        
# units = specified
# name 0 = timeJ: Julian Days
# name 1 = prSM: Pressure, Strain Gauge [db]
# name 2 = c0mS/cm: Conductivity [mS/cm]
# name 3 = t090C: Temperature [ITS-90, deg C]
# name 4 = sbeox0ML/L: Oxygen, SBE 43 [ml/l]
# name 5 = depSM: Depth [salt water, m], lat = 47.5
# name 6 = sal00: Salinity, Practical [PSU]
# name 7 = sigma-é00: Density [sigma-theta, kg/m^3]
# name 8 = flag: flag
# span 0 = 272.802350, 272.809954       
# span 1 =     -6.187,     41.618       
# span 2 =   0.507131,  38.683278       
# span 3 =    12.2897,    14.3113       
# span 4 =    -1.8753,    12.4701       
# span 5 =     -6.135,     41.266       
# span 6 =     0.3121,    31.9986       
# span 7 =    -0.5523,    23.8892       
# span 8 = 0.0000e+00, 0.0000e+00       
# interval = seconds: 0.5
# start_time = Sep 29 2023 19:15:23 [Instrument's time stamp, header]
# bad_flag = -9.990e-29
*END*
[from data line 321]
 272.804207     -1.447   0.507163    13.9373    -1.8698     -1.435     0.3149    -0.5004 -9.990e-29
 272.804213     -1.443   0.507164    13.9323    -1.8693     -1.431     0.3149    -0.4997 -9.990e-29
 272.804219     -1.440   0.507168    13.9217    -1.8686     -1.428     0.3150    -0.4982 -9.990e-29
 272.804225     -1.437   0.507179    13.9070    -1.8683     -1.425     0.3151    -0.4961 -9.990e-29
 272.804230     -1.435   0.507210    13.8912    -1.8684     -1.423     0.3153    -0.4938 -9.990e-29
 272.804236     -1.434   0.507303    13.8759    -1.8683     -1.422     0.3154    -0.4915 -9.990e-29
 272.804242     -1.433   0.507582    13.8627    -1.8685     -1.421     0.3157    -0.4895 -9.990e-29
 272.804248     -1.432   0.508418    13.8531    -1.8685     -1.420     0.3163    -0.4877 -9.990e-29
 272.804253     -1.431   0.510368    13.8487    -1.8682     -1.419     0.3176    -0.4860 -9.990e-29
 272.804259     -1.430   0.514925    13.8503    -1.8680     -1.418     0.3205    -0.4840 -9.990e-29
 272.804265     -1.430   0.525389    13.8556    -1.8677     -1.418     0.3272    -0.4795 -9.990e-29
 272.804271     -1.429   0.543514    13.8608    -1.8672     -1.417     0.3388    -0.4712 -9.990e-29
 272.804277     -1.429   0.567398    13.8619    -1.8666     -1.417     0.3542    -0.4594 -9.990e-29
 272.804282     -1.428   0.595056    13.8579    -1.8660     -1.416     0.3722    -0.4450 -9.990e-29
 272.804288     -1.428   0.626763    13.8504    -1.8654     -1.416     0.3928    -0.4279 -9.990e-29
 272.804294     -1.427   0.663751    13.8421    -1.8649     -1.415     0.4169    -0.4080 -9.990e-29
 272.804300     -1.426   0.705422    13.8365    -1.8650     -1.414     0.4441    -0.3861 -9.990e-29
 272.804306     -1.425   0.749103    13.8359    -1.8649     -1.413     0.4727    -0.3638 -9.990e-29
 272.804311     -1.423   0.788694    13.8398    -1.8651     -1.411     0.4987    -0.3442 -9.990e-29
 272.804317     -1.422   0.815417    13.8477    -1.8653     -1.410     0.5162    -0.3318 -9.990e-29
 272.804323     -1.420   0.826629    13.8593    -1.8659     -1.408     0.5234    -0.3277 -9.990e-29
 272.804329     -1.417   0.827850    13.8734    -1.8664     -1.405     0.5240    -0.3292 -9.990e-29
 272.804334     -1.414   0.825145    13.8882    -1.8669     -1.402     0.5220    -0.3328 -9.990e-29
 272.804340     -1.409   0.821009    13.9015    -1.8669     -1.397     0.5191    -0.3369 -9.990e-29
 272.804346     -1.403   0.816029    13.9108    -1.8663     -1.391     0.5157    -0.3408 -9.990e-29
 272.804352     -1.396   0.810775    13.9152    -1.8660     -1.384     0.5122    -0.3442 -9.990e-29
 272.804358     -1.391   0.806005    13.9155    -1.8655     -1.379     0.5091    -0.3466 -9.990e-29
 272.804363     -1.392   0.802014    13.9127    -1.8653     -1.380     0.5065    -0.3483 -9.990e-29
 272.804369     -1.395   0.798474    13.9065    -1.8652     -1.383     0.5043    -0.3491 -9.990e-29
 272.804375     -1.395   0.795103    13.8972    -1.8651     -1.383     0.5022    -0.3495 -9.990e-29
 272.804381     -1.394   0.791843    13.8871    -1.8657     -1.382     0.5002    -0.3496 -9.990e-29
 272.804387     -1.390   0.789336    13.8799    -1.8657     -1.378     0.4986    -0.3498 -9.990e-29
 272.804392     -1.384   0.789231    13.8789    -1.8653     -1.372     0.4985    -0.3497 -9.990e-29
 272.804398     -1.380   0.793054    13.8837    -1.8646     -1.368     0.5010    -0.3485 -9.990e-29
 272.804404     -1.381   0.799798    13.8910    -1.8641     -1.369     0.5053    -0.3462 -9.990e-29
 272.804410     -1.383   0.806254    13.8980    -1.8636     -1.371     0.5095    -0.3439 -9.990e-29
 272.804416     -1.382   0.811045    13.9026    -1.8629     -1.370     0.5126    -0.3422 -9.990e-29
 272.804421     -1.379   0.815565    13.9038    -1.8625     -1.367     0.5155    -0.3400 -9.990e-29
 272.804427     -1.372   0.821959    13.9012    -1.8621     -1.361     0.5198    -0.3364 -9.990e-29
 272.804433     -1.366   0.830986    13.8968    -1.8622     -1.355     0.5258    -0.3311 -9.990e-29
 272.804439     -1.364   0.840814    13.8966    -1.8624     -1.353     0.5322    -0.3261 -9.990e-29
 272.804444     -1.362   0.849017    13.9032    -1.8625     -1.351     0.5376    -0.3229 -9.990e-29
 272.804450     -1.361   0.855439    13.9135    -1.8624     -1.350     0.5417    -0.3211 -9.990e-29
 272.804456     -1.364   0.861984    13.9249    -1.8627     -1.353     0.5458    -0.3195 -9.990e-29
 272.804462     -1.366   0.869802    13.9368    -1.8624     -1.355     0.5508    -0.3173 -9.990e-29
 272.804468     -1.370   0.878228    13.9482    -1.8616     -1.359     0.5562    -0.3147 -9.990e-29
 272.804473     -1.377   0.885924    13.9575    -1.8613     -1.366     0.5611    -0.3121 -9.990e-29
 272.804479     -1.386   0.892052    13.9636    -1.8612     -1.374     0.5651    -0.3099 -9.990e-29
 272.804485     -1.393   0.896086    13.9655    -1.8617     -1.381     0.5677    -0.3081 -9.990e-29
 272.804491     -1.397   0.897305    13.9644    -1.8622     -1.385     0.5686    -0.3073 -9.990e-29
 272.804497     -1.398   0.896225    13.9631    -1.8625     -1.386     0.5679    -0.3077 -9.990e-29
 272.804502     -1.398   0.894732    13.9624    -1.8627     -1.386     0.5669    -0.3084 -9.990e-29
 272.804508     -1.396   0.894163    13.9636    -1.8628     -1.384     0.5665    -0.3088 -9.990e-29
 272.804514     -1.392   0.894312    13.9696    -1.8633     -1.380     0.5665    -0.3097 -9.990e-29
 272.804520     -1.386   0.894268    13.9790    -1.8645     -1.374     0.5663    -0.3111 -9.990e-29
 272.804525     -1.377   0.893417    13.9863    -1.8655     -1.366     0.5657    -0.3126 -9.990e-29
 272.804531     -1.365   0.891180    13.9876    -1.8665     -1.354     0.5642    -0.3140 -9.990e-29
 272.804537     -1.348   0.887348    13.9827    -1.8672     -1.337     0.5617    -0.3152 -9.990e-29
 272.804543     -1.331   0.882912    13.9745    -1.8682     -1.320     0.5589    -0.3162 -9.990e-29
 272.804549     -1.320   0.879168    13.9667    -1.8685     -1.309     0.5566    -0.3170 -9.990e-29
 272.804554     -1.316   0.876669    13.9597    -1.8684     -1.305     0.5550    -0.3172 -9.990e-29
 272.804560     -1.308   0.875411    13.9514    -1.8684     -1.297     0.5543    -0.3166 -9.990e-29
 272.804566     -1.293   0.874825    13.9375    -1.8686     -1.282     0.5541    -0.3148 -9.990e-29
 272.804572     -1.273   0.874131    13.9169    -1.8685     -1.262     0.5539    -0.3121 -9.990e-29
 272.804578     -1.257   0.872956    13.8937    -1.8682     -1.247     0.5535    -0.3092 -9.990e-29
 272.804583     -1.246   0.871397    13.8718    -1.8678     -1.236     0.5528    -0.3067 -9.990e-29
 272.804589     -1.242   0.869593    13.8522    -1.8674     -1.232     0.5518    -0.3047 -9.990e-29
 272.804595     -1.242   0.867356    13.8358    -1.8669     -1.232     0.5506    -0.3034 -9.990e-29
 272.804601     -1.248   0.865031    13.8256    -1.8665     -1.238     0.5492    -0.3031 -9.990e-29
 272.804606     -1.255   0.863954    13.8220    -1.8668     -1.245     0.5485    -0.3031 -9.990e-29
 272.804612     -1.256   0.864352    13.8211    -1.8671     -1.246     0.5488    -0.3027 -9.990e-29
 272.804618     -1.249   0.864538    13.8208    -1.8676     -1.239     0.5489    -0.3026 -9.990e-29
 272.804624     -1.244   0.863651    13.8229    -1.8678     -1.234     0.5483    -0.3034 -9.990e-29
 272.804630     -1.245   0.862724    13.8290    -1.8681     -1.235     0.5476    -0.3048 -9.990e-29
 272.804635     -1.246   0.862187    13.8382    -1.8677     -1.236     0.5471    -0.3064 -9.990e-29
 272.804641     -1.245   0.860766    13.8483    -1.8672     -1.235     0.5461    -0.3086 -9.990e-29
 272.804647     -1.244   0.857676    13.8573    -1.8667     -1.234     0.5439    -0.3116 -9.990e-29
 272.804653     -1.245   0.853789    13.8622    -1.8661     -1.235     0.5413    -0.3143 -9.990e-29
 272.804659     -1.239   0.850579    13.8608    -1.8656     -1.229     0.5392    -0.3157 -9.990e-29
 272.804664     -1.224   0.848758    13.8550    -1.8649     -1.214     0.5380    -0.3158 -9.990e-29
 272.804670     -1.210   0.847561    13.8483    -1.8642     -1.200     0.5373    -0.3154 -9.990e-29
 272.804676     -1.198   0.845946    13.8437    -1.8636     -1.188     0.5363    -0.3155 -9.990e-29
 272.804682     -1.189   0.843978    13.8432    -1.8632     -1.179     0.5351    -0.3165 -9.990e-29
 272.804688     -1.183   0.842359    13.8486    -1.8628     -1.173     0.5339    -0.3181 -9.990e-29
 272.804693     -1.177   0.841147    13.8589    -1.8628     -1.167     0.5330    -0.3203 -9.990e-29
 272.804699     -1.173   0.839837    13.8714    -1.8627     -1.163     0.5319    -0.3228 -9.990e-29
 272.804705     -1.169   0.838345    13.8851    -1.8622     -1.159     0.5308    -0.3256 -9.990e-29
 272.804711     -1.167   0.836898    13.8999    -1.8616     -1.157     0.5296    -0.3286 -9.990e-29
 272.804716     -1.165   0.835231    13.9157    -1.8613     -1.155     0.5283    -0.3318 -9.990e-29
 272.804722     -1.163   0.832787    13.9311    -1.8621     -1.153     0.5265    -0.3353 -9.990e-29
 272.804728     -1.161   0.830187    13.9444    -1.8628     -1.151     0.5246    -0.3386 -9.990e-29
 272.804734     -1.160   0.828957    13.9552    -1.8632     -1.150     0.5237    -0.3409 -9.990e-29
 272.804740     -1.158   0.829120    13.9633    -1.8640     -1.148     0.5237    -0.3420 -9.990e-29
 272.804745     -1.157   0.828675    13.9691    -1.8646     -1.147     0.5233    -0.3431 -9.990e-29
 272.804751     -1.155   0.826471    13.9753    -1.8649     -1.145     0.5218    -0.3452 -9.990e-29
 272.804757     -1.154   0.824009    13.9835    -1.8652     -1.144     0.5200    -0.3476 -9.990e-29
 272.804763     -1.152   0.822997    13.9910    -1.8664     -1.142     0.5193    -0.3493 -9.990e-29
 272.804769     -1.149   0.823194    13.9920    -1.8673     -1.139     0.5194    -0.3493 -9.990e-29
 272.804774     -1.146   0.823196    13.9839    -1.8684     -1.136     0.5195    -0.3481 -9.990e-29
 272.804780     -1.142   0.821897    13.9715    -1.8693     -1.132     0.5188    -0.3469 -9.990e-29
 272.804786     -1.137   0.819229    13.9583    -1.8697     -1.128     0.5172    -0.3463 -9.990e-29
 272.804792     -1.130   0.816073    13.9438    -1.8706     -1.121     0.5153    -0.3457 -9.990e-29
 272.804797     -1.126   0.813764    13.9295    -1.8707     -1.117     0.5140    -0.3448 -9.990e-29
 272.804803     -1.128   0.813106    13.9164    -1.8704     -1.119     0.5138    -0.3432 -9.990e-29
 272.804809     -1.132   0.813777    13.9010    -1.8700     -1.123     0.5144    -0.3405 -9.990e-29
 272.804815     -1.135   0.814451    13.8810    -1.8697     -1.126     0.5151    -0.3372 -9.990e-29
 272.804821     -1.137   0.813807    13.8585    -1.8700     -1.128     0.5150    -0.3342 -9.990e-29
 272.804826     -1.136   0.812097    13.8361    -1.8699     -1.127     0.5141    -0.3317 -9.990e-29
 272.804832     -1.135   0.810367    13.8167    -1.8696     -1.126     0.5132    -0.3297 -9.990e-29
 272.804838     -1.132   0.809084    13.8014    -1.8691     -1.123     0.5126    -0.3281 -9.990e-29
 272.804844     -1.127   0.808198    13.7902    -1.8688     -1.118     0.5122    -0.3269 -9.990e-29
 272.804850     -1.125   0.807083    13.7856    -1.8683     -1.116     0.5115    -0.3268 -9.990e-29
 272.804855     -1.129   0.805363    13.7880    -1.8676     -1.120     0.5103    -0.3281 -9.990e-29
 272.804861     -1.135   0.803516    13.7933    -1.8673     -1.126     0.5090    -0.3298 -9.990e-29
 272.804867     -1.139   0.801850    13.7971    -1.8673     -1.129     0.5079    -0.3312 -9.990e-29
 272.804873     -1.143   0.800363    13.7988    -1.8670     -1.133     0.5069    -0.3322 -9.990e-29
 272.804878     -1.145   0.799292    13.8017    -1.8667     -1.135     0.5061    -0.3332 -9.990e-29
 272.804884     -1.147   0.798871    13.8083    -1.8671     -1.137     0.5058    -0.3344 -9.990e-29
 272.804890     -1.148   0.798540    13.8175    -1.8680     -1.138     0.5054    -0.3359 -9.990e-29
 272.804896     -1.148   0.797302    13.8277    -1.8689     -1.138     0.5045    -0.3380 -9.990e-29
 272.804902     -1.147   0.795170    13.8391    -1.8695     -1.137     0.5030    -0.3408 -9.990e-29
 272.804907     -1.145   0.793181    13.8506    -1.8697     -1.135     0.5015    -0.3435 -9.990e-29
 272.804913     -1.143   0.792012    13.8591    -1.8698     -1.133     0.5006    -0.3454 -9.990e-29
 272.804919     -1.140   0.791212    13.8644    -1.8705     -1.130     0.5000    -0.3466 -9.990e-29
 272.804925     -1.136   0.790270    13.8680    -1.8708     -1.127     0.4994    -0.3476 -9.990e-29
 272.804931     -1.130   0.789594    13.8679    -1.8706     -1.121     0.4989    -0.3479 -9.990e-29
 272.804936     -1.122   0.789389    13.8604    -1.8703     -1.113     0.4989    -0.3469 -9.990e-29
 272.804942     -1.111   0.788827    13.8459    -1.8700     -1.102     0.4987    -0.3451 -9.990e-29
 272.804948     -1.102   0.787160    13.8293    -1.8704     -1.093     0.4978    -0.3435 -9.990e-29
 272.804954     -1.098   0.784936    13.8158    -1.8708     -1.089     0.4965    -0.3426 -9.990e-29
 272.804959     -1.095   0.783627    13.8069    -1.8711     -1.086     0.4958    -0.3420 -9.990e-29
 272.804965     -1.091   0.783705    13.7993    -1.8710     -1.082     0.4959    -0.3408 -9.990e-29
 272.804971     -1.092   0.784163    13.7912    -1.8712     -1.083     0.4963    -0.3394 -9.990e-29
 272.804977     -1.093   0.783948    13.7863    -1.8724     -1.084     0.4962    -0.3388 -9.990e-29
 272.804983     -1.094   0.782772    13.7868    -1.8730     -1.085     0.4955    -0.3394 -9.990e-29
 272.804988     -1.100   0.781286    13.7899    -1.8727     -1.091     0.4944    -0.3406 -9.990e-29
 272.804994     -1.106   0.780280    13.7907    -1.8723     -1.097     0.4938    -0.3413 -9.990e-29
 272.805000     -1.108   0.779524    13.7865    -1.8717     -1.099     0.4933    -0.3410 -9.990e-29
 272.805006     -1.107   0.778562    13.7801    -1.8723     -1.098     0.4928    -0.3406 -9.990e-29
 272.805012     -1.103   0.777776    13.7747    -1.8728     -1.094     0.4923    -0.3402 -9.990e-29
 272.805017     -1.095   0.777781    13.7696    -1.8733     -1.086     0.4924    -0.3394 -9.990e-29
 272.805023     -1.084   0.778583    13.7604    -1.8735     -1.075     0.4930    -0.3377 -9.990e-29
 272.805029     -1.072   0.779585    13.7475    -1.8741     -1.063     0.4938    -0.3353 -9.990e-29
 272.805035     -1.062   0.779905    13.7388    -1.8746     -1.053     0.4942    -0.3338 -9.990e-29
 272.805041     -1.056   0.778860    13.7388    -1.8745     -1.047     0.4935    -0.3344 -9.990e-29
 272.805046     -1.051   0.776720    13.7439    -1.8741     -1.042     0.4920    -0.3362 -9.990e-29
 272.805052     -1.048   0.774512    13.7464    -1.8735     -1.039     0.4905    -0.3377 -9.990e-29
 272.805058     -1.050   0.773174    13.7410    -1.8729     -1.041     0.4897    -0.3376 -9.990e-29
 272.805064     -1.059   0.773140    13.7308    -1.8726     -1.050     0.4898    -0.3361 -9.990e-29
 272.805069     -1.065   0.773810    13.7208    -1.8727     -1.056     0.4904    -0.3343 -9.990e-29
 272.805075     -1.066   0.773859    13.7116    -1.8734     -1.057     0.4905    -0.3329 -9.990e-29
 272.805081     -1.064   0.772798    13.7022    -1.8744     -1.055     0.4899    -0.3321 -9.990e-29
 272.805087     -1.066   0.771428    13.6955    -1.8753     -1.057     0.4891    -0.3318 -9.990e-29
 272.805093     -1.066   0.770695    13.6960    -1.8752     -1.057     0.4886    -0.3323 -9.990e-29
 272.805098     -1.060   0.770730    13.7033    -1.8752     -1.051     0.4886    -0.3333 -9.990e-29
 272.805104     -1.051   0.771025    13.7140    -1.8752     -1.042     0.4886    -0.3347 -9.990e-29
 272.805110     -1.045   0.770864    13.7241    -1.8748     -1.036     0.4884    -0.3363 -9.990e-29
 272.805116     -1.035   0.770032    13.7291    -1.8745     -1.026     0.4878    -0.3375 -9.990e-29
 272.805122     -1.022   0.769084    13.7255    -1.8744     -1.013     0.4872    -0.3374 -9.990e-29
