data/oxygen options/OCNMS/OCNMS1/raw_data/2023/CAST_MB042_230718faed.cnv
* Sea-Bird SBE 19 Data File:
* FileName = C:\Users\OCNMS.Inst\Documents\2023 Mooring Data\Casts\CAST_MB042_230718.hex
* Software Version SeatermAF 2.1.4.55
* Temperature SN = 2997
* Conductivity SN = 2997
* System UpLoad Time = Jul 18 2023 20:18:23 (localtime) = Jul 18 2023 20:18:23 (UTC)
** CAST_MB042_230718
* ds
# nquan = 9                                 
# nvalues = 1256                        
# units = specified
# name 0 = timeJ: Julian Days
# name 1 = prSM: Pressure, Strain Gauge [db]
# name 2 = c0mS/cm: Conductivity [mS/cm]
# name 3 = t090C: Temperature [ITS-90, deg C]
# name 4 = sbeox0ML/L: Oxygen, SBE 43 [ml/l]
# name 5 = depSM: Depth [salt water, m], lat = 47.5
# name 6 = sal00: Salinity, Practical [PSU]
# name 7 = sigma-é00: Density [sigma-theta, kg/m^3]
# name 8 = flag: flag
# span 0 = 199.783542, 199.790804       
# span 1 =     -6.411,     40.046       
# span 2 =   0.273389,  37.793014       
# span 3 =     7.5228,    16.6973       
# span 4 =    -1.8353,    10.0942       
# span 5 =     -6.358,     39.708       
# span 6 =     0.1579,    33.9986       
# span 7 =    -1.0490,    26.4567       
# span 8 = 0.0000e+00, 0.0000e+00       
# interval = seconds: 0.5
# start_time = Jul 18 2023 18:48:18 [Instrument's time stamp, header]
# bad_flag = -9.990e-29
*END*
[from data line 1121]
 199.790029     20.410  34.829696     7.7155     2.3230     20.239    33.7826    26.3596 0.0000e+00
 199.790035     20.157  34.830587     7.7165     2.3209     19.988    33.7828    26.3595 0.0000e+00
 199.790041     19.893  34.830428     7.7172     2.3308     19.726    33.7820    26.3589 0.0000e+00
 199.790046     19.615  34.829598     7.7178     2.3347     19.450    33.7807    26.3577 0.0000e+00
 199.790052     19.321  34.829266     7.7182     2.2904     19.159    33.7801    26.3572 0.0000e+00
 199.790058     19.015  34.829583     7.7184     2.3186     18.855    33.7804    26.3574 0.0000e+00
 199.790064     18.706  34.829887     7.7191     2.3406     18.549    33.7802    26.3571 0.0000e+00
 199.790069     18.402  34.830057     7.7203     2.3462     18.248    33.7793    26.3563 0.0000e+00
 199.790075     18.100  34.830355     7.7217     2.3616     17.948    33.7784    26.3554 0.0000e+00
 199.790081     17.801  34.830651     7.7231     2.3151     17.652    33.7775    26.3545 0.0000e+00
 199.790087     17.509  34.830815     7.7244     2.3335     17.362    33.7766    26.3535 0.0000e+00
 199.790093     17.222  34.831101     7.7253     2.3321     17.078    33.7762    26.3531 0.0000e+00
 199.790098     16.939  34.831364     7.7258     2.3433     16.797    33.7761    26.3529 0.0000e+00
 199.790104     16.658  34.831427     7.7264     2.3464     16.518    33.7757    26.3525 0.0000e+00
 199.790110     16.381  34.831409     7.7278     2.3545     16.244    33.7745    26.3514 0.0000e+00
 199.790116     16.105  34.831322     7.7303     2.3757     15.970    33.7721    26.3491 0.0000e+00
 199.790122     15.830  34.831642     7.7355     2.4259     15.697    33.7675    26.3448 0.0000e+00
 199.790127     15.552  34.833393     7.7458     2.4804     15.422    33.7596    26.3370 0.0000e+00
 199.790133     15.266  34.837821     7.7662     2.5562     15.138    33.7447    26.3224 0.0000e+00
 199.790139     14.975  34.845823     7.8045     2.6166     14.849    33.7164    26.2946 0.0000e+00
 199.790145     14.682  34.859146     7.8655     2.6790     14.559    33.6719    26.2507 0.0000e+00
 199.790150     14.386  34.879910     7.9427     2.7263     14.265    33.6199    26.1986 0.0000e+00
 199.790156     14.089  34.903918     8.0140     2.7600     13.971    33.5772    26.1546 0.0000e+00
 199.790162     13.798  34.925705     8.0602     2.7720     13.682    33.5563    26.1314 0.0000e+00
 199.790168     13.515  34.948049     8.0864     2.7775     13.402    33.5551    26.1266 0.0000e+00
 199.790174     13.241  34.972230     8.1065     2.7666     13.130    33.5618    26.1289 0.0000e+00
 199.790179     12.970  34.990767     8.1208     2.7707     12.861    33.5680    26.1316 0.0000e+00
 199.790185     12.694  34.997054     8.1290     2.7877     12.588    33.5670    26.1296 0.0000e+00
 199.790191     12.408  34.995029     8.1408     2.7908     12.304    33.5536    26.1174 0.0000e+00
 199.790197     12.116  34.994910     8.1610     2.8207     12.015    33.5343    26.0992 0.0000e+00
 199.790203     11.824  34.999372     8.1827     2.8269     11.725    33.5185    26.0835 0.0000e+00
 199.790208     11.535  35.006561     8.1998     2.8616     11.438    33.5099    26.0743 0.0000e+00
 199.790214     11.249  35.019938     8.2192     2.8896     11.155    33.5057    26.0681 0.0000e+00
 199.790220     10.963  35.038338     8.2539     2.9364     10.871    33.4923    26.0524 0.0000e+00
 199.790226     10.677  35.055528     8.3094     2.9790     10.588    33.4578    26.0170 0.0000e+00
 199.790231     10.390  35.072065     8.3813     3.0407     10.303    33.4071    25.9664 0.0000e+00
 199.790237     10.105  35.090997     8.4614     3.0725     10.020    33.3513    25.9105 0.0000e+00
 199.790243      9.830  35.114647     8.5449     3.1952      9.748    33.2975    25.8556 0.0000e+00
 199.790249      9.563  35.146037     8.6240     3.3025      9.483    33.2561    25.8111 0.0000e+00
 199.790255      9.298  35.182264     8.6910     3.3809      9.220    33.2312    25.7814 0.0000e+00
 199.790260      9.030  35.225757     8.7560     3.4455      8.954    33.2159    25.7594 0.0000e+00
 199.790266      8.758  35.289750     8.8371     3.4222      8.685    33.2070    25.7398 0.0000e+00
 199.790272      8.488  35.362722     8.9338     3.4949      8.417    33.1928    25.7137 0.0000e+00
 199.790278      8.227  35.418242     9.0257     3.5382      8.158    33.1650    25.6775 0.0000e+00
 199.790284      7.980  35.457021     9.0982     3.5765      7.913    33.1379    25.6448 0.0000e+00
 199.790289      7.749  35.490491     9.1567     3.6168      7.684    33.1183    25.6203 0.0000e+00
 199.790295      7.532  35.519643     9.2040     3.6154      7.469    33.1047    25.6021 0.0000e+00
 199.790301      7.328  35.547548     9.2306     3.6168      7.267    33.1090    25.6012 0.0000e+00
 199.790307      7.142  35.581213     9.2404     3.6220      7.082    33.1348    25.6199 0.0000e+00
 199.790313      6.977  35.623000     9.2521     3.6046      6.919    33.1673    25.6434 0.0000e+00
 199.790318      6.838  35.663697     9.2700     3.6018      6.781    33.1928    25.6605 -9.990e-29
 199.790324      6.719  35.684232     9.2839     3.5939      6.663    33.2012    25.6648 -9.990e-29
 199.790330      6.617  35.685135     9.2869     3.5772      6.562    33.1994    25.6629 -9.990e-29
 199.790336      6.525  35.679412     9.2828     3.5742      6.470    33.1973    25.6620 -9.990e-29
 199.790341      6.429  35.674029     9.2813     3.5890      6.375    33.1932    25.6590 -9.990e-29
 199.790347      6.319  35.677525     9.2865     3.5959      6.266    33.1920    25.6572 -9.990e-29
 199.790353      6.192  35.684510     9.2903     3.6310      6.140    33.1957    25.6596 0.0000e+00
 199.790359      6.049  35.685288     9.2866     3.6746      5.998    33.2001    25.6635 0.0000e+00
 199.790365      5.889  35.684853     9.2873     3.7368      5.840    33.1990    25.6626 0.0000e+00
 199.790370      5.710  35.686023     9.3124     3.7762      5.662    33.1770    25.6414 0.0000e+00
 199.790376      5.509  35.694869     9.3694     3.8321      5.463    33.1333    25.5981 0.0000e+00
 199.790382      5.288  35.721537     9.4505     3.8657      5.244    33.0859    25.5479 0.0000e+00
 199.790388      5.047  35.757939     9.5343     3.9000      5.005    33.0461    25.5032 0.0000e+00
 199.790394      4.795  35.795524     9.5949     3.9326      4.755    33.0289    25.4800 0.0000e+00
 199.790399      4.540  35.837411     9.6272     3.9387      4.502    33.0423    25.4851 0.0000e+00
 199.790405      4.284  35.883491     9.6442     3.9597      4.248    33.0740    25.5071 0.0000e+00
 199.790411      4.018  35.922997     9.6601     3.9676      3.984    33.0999    25.5248 0.0000e+00
 199.790417      3.743  35.942552     9.6859     3.9767      3.712    33.0963    25.5177 0.0000e+00
 199.790422      3.467  35.952583     9.7214     3.9735      3.438    33.0740    25.4945 0.0000e+00
 199.790428      3.195  35.972100     9.7562     4.0305      3.168    33.0621    25.4795 0.0000e+00
 199.790434      2.925  35.994680     9.7844     4.0885      2.901    33.0594    25.4727 0.0000e+00
 199.790440      2.658  36.012385     9.8099     4.1858      2.636    33.0541    25.4644 0.0000e+00
 199.790446      2.393  36.030382     9.8456     4.2759      2.373    33.0399    25.4473 0.0000e+00
 199.790451      2.132  36.054781     9.9025     4.3318      2.114    33.0127    25.4167 0.0000e+00
 199.790457      1.879  36.099669     9.9906     4.4376      1.863    32.9779    25.3749 0.0000e+00
 199.790463      1.639  36.177887    10.1320     4.4911      1.625    32.9284    25.3126 0.0000e+00
 199.790469      1.414  36.281746    10.3225     4.5217      1.402    32.8605    25.2274 0.0000e+00
 199.790475      1.207  36.392374    10.5032     4.5305      1.197    32.8086    25.1560 0.0000e+00
 199.790480      1.022  36.505538    10.6205     4.4742      1.013    32.8163    25.1418 0.0000e+00
 199.790486      0.864  36.617596    10.6857     4.4990      0.857    32.8697    25.1721 0.0000e+00
 199.790492      0.737  36.722308    10.7369     4.5106      0.731    32.9282    25.2087 -9.990e-29
 199.790498      0.635  36.808096    10.7773     4.5040      0.630    32.9773    25.2399 -9.990e-29
 199.790503      0.550  36.840376    10.7966     4.5095      0.545    32.9921    25.2481 -9.990e-29
 199.790509      0.474  36.828617    10.8022     4.4821      0.470    32.9754    25.2341 -9.990e-29
 199.790515      0.412  36.818986    10.8056     4.4823      0.409    32.9628    25.2236 -9.990e-29
 199.790521      0.365  36.821630    10.8126     4.4854      0.362    32.9591    25.2196 -9.990e-29
 199.790527      0.333  36.829630    10.8302     4.4861      0.330    32.9512    25.2104 -9.990e-29
 199.790532      0.319  36.851980    10.8590     4.4745      0.316    32.9476    25.2024 -9.990e-29
 199.790538      0.317  36.880018    10.8812     4.4808      0.314    32.9555    25.2047 -9.990e-29
 199.790544      0.320  36.883347    10.8868     4.4723      0.317    32.9537    25.2024 -9.990e-29
 199.790550      0.318  36.870893    10.8834     4.4771      0.315    32.9444    25.1957 -9.990e-29
 199.790556      0.307  36.865827    10.8775     4.4656      0.304    32.9447    25.1969 -9.990e-29
 199.790561      0.287  36.867559    10.8739     4.4777      0.285    32.9497    25.2015 -9.990e-29
 199.790567      0.260  36.868873    10.8727     4.4856      0.258    32.9521    25.2035 -9.990e-29
 199.790573      0.233  36.867038    10.8729     4.4806      0.231    32.9501    25.2019 -9.990e-29
 199.790579      0.210  36.868010    10.8805     4.4511      0.208    32.9442    25.1960 -9.990e-29
 199.790584      0.187  36.877567    10.8971     4.3879      0.185    32.9388    25.1889 -9.990e-29
 199.790590      0.165  36.892766    10.9082     4.3497      0.164    32.9439    25.1909 -9.990e-29
 199.790596      0.137  36.904183    10.9064     4.3213      0.136    32.9569    25.2014 -9.990e-29
 199.790602      0.097  36.905757    10.9036     4.3355      0.096    32.9610    25.2050 -9.990e-29
 199.790608      0.047  36.905190    10.8934     4.4535      0.047    32.9696    25.2136 -9.990e-29
 199.790613     -0.007  36.906208    10.8585     5.5768     -0.007    33.0021    25.2450 -9.990e-29
 199.790619     -0.061  36.896163    10.8189     5.9734     -0.060    33.0278    25.2720 -9.990e-29
 199.790625     -0.110  36.881271    10.8038     6.3141     -0.109    33.0267    25.2737 -9.990e-29
 199.790631     -0.147  36.875838    10.8099     6.5358     -0.146    33.0158    25.2641 -9.990e-29
 199.790637     -0.172  36.865329    10.8187     6.6062     -0.171    32.9974    25.2483 -9.990e-29
 199.790642     -0.185  36.828448    10.8203     6.7004     -0.183    32.9592    25.2183 -9.990e-29
 199.790648     -0.192  36.732829    10.8123     6.7152     -0.190    32.8712    25.1512 -9.990e-29
 199.790654     -0.201  36.468909    10.7983     6.7225     -0.199    32.6211    24.9589 -9.990e-29
 199.790660     -0.218  35.700479    10.7897     6.7341     -0.216    31.8654    24.3721 -9.990e-29
 199.790666     -0.240  33.415850    10.7919     6.6471     -0.238    29.6094    22.6166 -9.990e-29
 199.790671     -0.259  26.571648    10.8043     6.6622     -0.257    22.9866    17.4709 -9.990e-29
 199.790677     -0.272  16.025235    10.8241     6.6689     -0.270    13.2255     9.9022 -9.990e-29
 199.790683     -0.279   8.387199    10.8475     6.6822     -0.277     6.5671     4.7381 -9.990e-29
 199.790689     -0.287   5.205531    10.8731     6.6943     -0.285     3.9371     2.6925 -9.990e-29
 199.790694     -0.299   3.814898    10.9000     6.6944     -0.297     2.8254     1.8246 -9.990e-29
 199.790700     -0.312   3.200857    10.9273     6.6633     -0.309     2.3434     1.4463 -9.990e-29
 199.790706     -0.322   3.057724    10.9530     6.6491     -0.319     2.2309     1.3559 -9.990e-29
 199.790712     -0.331   3.238500    10.9760     6.6372     -0.328     2.3695     1.4614 -9.990e-29
 199.790718     -0.339   3.460085    10.9970     6.6169     -0.336     2.5404     1.5923 -9.990e-29
 199.790723     -0.345   3.591498    11.0175     6.6301     -0.342     2.6415     1.6688 -9.990e-29
 199.790729     -0.351   3.745761    11.0373     6.6294     -0.348     2.7607     1.7594 -9.990e-29
 199.790735     -0.358   3.889734    11.0547     6.6011     -0.355     2.8723     1.8444 -9.990e-29
 199.790741     -0.365   3.855475    11.0681     6.6012     -0.362     2.8444     1.8212 -9.990e-29
 199.790747     -0.372   3.664516    11.0777     6.6490     -0.369     2.6942     1.7033 -9.990e-29
 199.790752     -0.377   3.472129    11.0864 -9.990e-29     -0.374     2.5437     1.5851 -9.990e-29
 199.790758     -0.375   3.423864    11.0969 -9.990e-29     -0.372     2.5055     1.5542 -9.990e-29
 199.790764     -0.370   3.562540    11.1123 -9.990e-29     -0.367     2.6122     1.6356 -9.990e-29
 199.790770     -0.366   3.784848    11.1344 -9.990e-29     -0.363     2.7841     1.7669 -9.990e-29
 199.790775     -0.363   4.001231    11.1595 -9.990e-29     -0.360     2.9516     1.8945 -9.990e-29
 199.790781     -0.360   4.140280    11.1824 -9.990e-29     -0.357     3.0590     1.9754 -9.990e-29
 199.790787     -0.359   4.170765    11.2007 -9.990e-29     -0.356     3.0814     1.9909 -9.990e-29
 199.790793     -0.358   4.253871    11.2118 -9.990e-29     -0.355     3.1459     2.0397 -9.990e-29
 199.790799     -0.357   4.522062    11.2152 -9.990e-29     -0.354     3.3572     2.2036 -9.990e-29
 199.790804     -0.357   4.701786 -9.990e-29 -9.990e-29     -0.354 -9.990e-29 -9.990e-29 -9.990e-29
