data/oxygen options/OCNMS/OCNMS1/raw_data/2023/CAST_MB042_230831faed.cnv
* Sea-Bird SBE 19 Data File:
* FileName = C:\Users\OCNMS.Inst\Documents\2023 Mooring Data\Casts\CAST_MB042_230831.hex
* Software Version SeatermAF 2.1.4.55
* Temperature SN = 2997
* Conductivity SN = 2997
* System UpLoad Time = Aug 31 2023 23:11:19 (localtime) = Aug 31 2023 23:11:19 (UTC)
** CAST_MB042_230831
* ds
# nquan = 9                                 
# nvalues = 1004                        
# units = specified
# name 0 = timeJ: Julian Days
# name 1 = prSM: Pressure, Strain Gauge [db]
# name 2 = c0mS/cm: Conductivity [mS/cm]
# name 3 = t090C: Temperature [ITS-90, deg C]
# name 4 = sbeox0ML/L: Oxygen, SBE 43 [ml/l]
# name 5 = depSM: Depth [salt water, m], lat = 47.5
# name 6 = sal00: Salinity, Practical [PSU]
# name 7 = sigma-é00: Density [sigma-theta, kg/m^3]
# name 8 = flag: flag
# span 0 = 243.700255, 243.706059       
# span 1 =     -6.246,     40.204       
# span 2 =   0.392439,  37.142453       
# span 3 =     8.6036,    13.8627       
# span 4 =    -1.8859,    11.2294       
# span 5 =     -6.194,     39.865       
# span 6 =     0.2423,    33.4676       
# span 7 =    -0.5465,    25.9804       
# span 8 = 0.0000e+00, 0.0000e+00       
# interval = seconds: 0.5
# start_time = Aug 31 2023 16:48:22 [Instrument's time stamp, header]
# bad_flag = -9.990e-29
*END*
[from data line 481]
 243.703038     -0.269  36.614343    10.9761     5.5068     -0.267    32.6072    24.9169 -9.990e-29
 243.703044     -0.276  36.615512    10.9734     5.5051     -0.274    32.6108    24.9201 -9.990e-29
 243.703050     -0.277  36.615583    10.9696     5.4633     -0.275    32.6142    24.9235 -9.990e-29
 243.703056     -0.274  36.614660    10.9657     5.4961     -0.272    32.6168    24.9262 -9.990e-29
 243.703061     -0.270  36.611707    10.9625     5.5064     -0.268    32.6167    24.9267 -9.990e-29
 243.703067     -0.269  36.607272    10.9613     5.5171     -0.267    32.6133    24.9243 -9.990e-29
 243.703073     -0.267  36.602902    10.9619     5.5195     -0.265    32.6085    24.9204 -9.990e-29
 243.703079     -0.260  36.600044    10.9624     5.4711     -0.258    32.6052    24.9178 -9.990e-29
 243.703084     -0.248  36.598980    10.9618     5.5048     -0.246    32.6047    24.9175 -9.990e-29
 243.703090     -0.233  36.599401    10.9627     5.5075     -0.231    32.6043    24.9170 -9.990e-29
 243.703096     -0.223  36.602414    10.9663     5.5208     -0.221    32.6041    24.9162 -9.990e-29
 243.703102     -0.219  36.607540    10.9691     5.5259     -0.217    32.6067    24.9177 -9.990e-29
 243.703108     -0.214  36.610398    10.9680     5.5172     -0.212    32.6105    24.9209 -9.990e-29
 243.703113     -0.209  36.606943    10.9630     5.5140     -0.207    32.6115    24.9225 -9.990e-29
 243.703119     -0.204  36.600958    10.9569     5.5014     -0.202    32.6110    24.9232 -9.990e-29
 243.703125     -0.202  36.598458    10.9534     5.5033     -0.200    32.6116    24.9243 -9.990e-29
 243.703131     -0.204  36.599457    10.9543     5.4969     -0.202    32.6118    24.9243 -9.990e-29
 243.703137     -0.205  36.603590    10.9609     5.5220     -0.203    32.6100    24.9218 -9.990e-29
 243.703142     -0.205  36.612433    10.9728     5.5152     -0.203    32.6082    24.9183 -9.990e-29
 243.703148     -0.200  36.623199    10.9847     5.5102     -0.198    32.6083    24.9162 -9.990e-29
 243.703154     -0.189  36.626700    10.9881     5.5071     -0.187    32.6087    24.9160 -9.990e-29
 243.703160     -0.182  36.619751    10.9829     5.5012     -0.180    32.6065    24.9151 -9.990e-29
 243.703166     -0.176  36.611005    10.9792     5.5149     -0.175    32.6011    24.9116 -9.990e-29
 243.703171     -0.168  36.608956    10.9828     5.5169     -0.167    32.5959    24.9069 -9.990e-29
 243.703177     -0.161  36.611977    10.9891     5.5247     -0.160    32.5933    24.9038 -9.990e-29
 243.703183     -0.155  36.613997    10.9907     5.5111     -0.154    32.5938    24.9039 -9.990e-29
 243.703189     -0.145  36.612655    10.9862     5.5123     -0.144    32.5965    24.9068 -9.990e-29
 243.703194     -0.134  36.609514    10.9808     5.5053     -0.133    32.5982    24.9091 -9.990e-29
 243.703200     -0.127  36.609337    10.9802     5.5100     -0.126    32.5985    24.9094 -9.990e-29
 243.703206     -0.122  36.613554    10.9839     5.4954     -0.121    32.5994    24.9095 -9.990e-29
 243.703212     -0.120  36.618249    10.9864     5.4884     -0.119    32.6018    24.9109 -9.990e-29
 243.703218     -0.121  36.617904    10.9850     5.4812     -0.120    32.6027    24.9119 -9.990e-29
 243.703223     -0.124  36.612047    10.9806     5.4798     -0.123    32.6009    24.9112 -9.990e-29
 243.703229     -0.125  36.606863    10.9753     5.4951     -0.124    32.6004    24.9118 -9.990e-29
 243.703235     -0.121  36.604950    10.9709     5.4927     -0.120    32.6024    24.9141 -9.990e-29
 243.703241     -0.115  36.604304    10.9681     5.5094     -0.114    32.6043    24.9160 -9.990e-29
 243.703247     -0.110  36.603488    10.9679     5.5052     -0.109    32.6037    24.9156 -9.990e-29
 243.703252     -0.108  36.603082    10.9701     5.5096     -0.107    32.6013    24.9134 -9.990e-29
 243.703258     -0.107  36.604212    10.9732     5.5152     -0.106    32.5997    24.9116 -9.990e-29
 243.703264     -0.108  36.606691    10.9783     5.4684     -0.107    32.5976    24.9090 -9.990e-29
 243.703270     -0.111  36.612132    10.9873     5.4946     -0.110    32.5950    24.9054 -9.990e-29
 243.703275     -0.115  36.621612    10.9981     5.5002     -0.114    32.5948    24.9034 -9.990e-29
 243.703281     -0.122  36.630393    11.0056     5.5104     -0.121    32.5968    24.9036 -9.990e-29
 243.703287     -0.127  36.632244    11.0056     5.5226     -0.126    32.5986    24.9050 -9.990e-29
 243.703293     -0.126  36.625142    10.9992     5.4784     -0.125    32.5973    24.9051 -9.990e-29
 243.703299     -0.123  36.614731    10.9924     5.4915     -0.122    32.5930    24.9030 -9.990e-29
 243.703304     -0.124  36.609528    10.9925     5.5011     -0.123    32.5878    24.8989 -9.990e-29
 243.703310     -0.127  36.610422    11.0010     5.4942     -0.126    32.5811    24.8922 -9.990e-29
 243.703316     -0.132  36.615790    11.0107     5.5081     -0.131    32.5778    24.8880 -9.990e-29
 243.703322     -0.137  36.624370    11.0134     5.4948     -0.136    32.5839    24.8922 -9.990e-29
 243.703328     -0.132  36.628546    11.0042     5.4958     -0.131    32.5962    24.9034 -9.990e-29
 243.703333     -0.118  36.621550    10.9869     5.4931     -0.117    32.6047    24.9130 -9.990e-29
 243.703339     -0.102  36.607490    10.9730     5.5023     -0.101    32.6031    24.9142 -9.990e-29
 243.703345     -0.087  36.599536    10.9698     5.4938     -0.086    32.5980    24.9109 -9.990e-29
 243.703351     -0.077  36.604432    10.9773     5.4937     -0.076    32.5962    24.9082 -9.990e-29
 243.703356     -0.074  36.614124    10.9889     5.4807     -0.073    32.5955    24.9056 -9.990e-29
 243.703362     -0.076  36.618552    10.9938     5.4745     -0.075    32.5956    24.9047 -9.990e-29
 243.703368     -0.077  36.615205    10.9849     5.4801     -0.076    32.6001    24.9099 -9.990e-29
 243.703374     -0.078  36.605212    10.9656     5.4757     -0.077    32.6074    24.9189 -9.990e-29
 243.703380     -0.079  36.593167    10.9479     5.4873     -0.078    32.6112    24.9250 -9.990e-29
 243.703385     -0.080  36.587086    10.9421     5.4824     -0.079    32.6103    24.9253 -9.990e-29
 243.703391     -0.080  36.590045    10.9468     5.4830     -0.079    32.6091    24.9235 -9.990e-29
 243.703397     -0.081  36.595889    10.9513     5.4714     -0.080    32.6109    24.9241 -9.990e-29
 243.703403     -0.081  36.596152    10.9490     5.4743     -0.080    32.6132    24.9263 -9.990e-29
 243.703409     -0.081  36.590052    10.9429     5.4794     -0.080    32.6126    24.9269 -9.990e-29
 243.703414     -0.081  36.584010    10.9396     5.4890     -0.080    32.6095    24.9251 -9.990e-29
 243.703420     -0.082  36.584522    10.9420     5.5027     -0.081    32.6079    24.9234 -9.990e-29
 243.703426     -0.082  36.588896    10.9467     5.4941     -0.081    32.6080    24.9227 -9.990e-29
 243.703432     -0.082  36.589502    10.9488     5.4972     -0.081    32.6068    24.9214 -9.990e-29
 243.703438     -0.082  36.586016    10.9466     5.5001     -0.081    32.6053    24.9206 -9.990e-29
 243.703443     -0.082  36.582184    10.9414     5.4997     -0.081    32.6061    24.9222 -9.990e-29
 243.703449     -0.082  36.579607    10.9349     5.4738     -0.081    32.6093    24.9258 -9.990e-29
 243.703455     -0.082  36.578195    10.9291     5.4912     -0.081    32.6131    24.9297 -9.990e-29
 243.703461     -0.082  36.577733    10.9261     5.5014     -0.081    32.6153    24.9320 -9.990e-29
 243.703466     -0.082  36.578151    10.9253     5.5020     -0.081    32.6164    24.9330 -9.990e-29
 243.703472     -0.082  36.579434    10.9247     5.5130     -0.081    32.6182    24.9345 -9.990e-29
 243.703478     -0.082  36.581596    10.9252     5.4578     -0.081    32.6199    24.9358 -9.990e-29
 243.703484     -0.082  36.584707    10.9286     5.4822     -0.081    32.6200    24.9352 -9.990e-29
 243.703490     -0.082  36.588981    10.9342     5.4986     -0.081    32.6192    24.9336 -9.990e-29
 243.703495     -0.082  36.592818    10.9382     5.5064     -0.081    32.6195    24.9331 -9.990e-29
 243.703501     -0.082  36.592919    10.9381     5.5177     -0.081    32.6197    24.9333 -9.990e-29
 243.703507     -0.082  36.589409    10.9356     5.5136     -0.081    32.6184    24.9328 -9.990e-29
 243.703513     -0.082  36.586558    10.9340     5.4986     -0.081    32.6170    24.9319 -9.990e-29
 243.703519     -0.082  36.587834    10.9356     5.5094     -0.081    32.6169    24.9315 -9.990e-29
 243.703524     -0.082  36.592126    10.9394     5.5084     -0.081    32.6177    24.9316 -9.990e-29
 243.703530     -0.082  36.595616    10.9424     5.5002     -0.081    32.6185    24.9316 -9.990e-29
 243.703536     -0.082  36.596783    10.9429     5.5097     -0.081    32.6192    24.9321 -9.990e-29
 243.703542     -0.082  36.596053    10.9419     5.5115     -0.081    32.6194    24.9324 -9.990e-29
 243.703547     -0.082  36.595799    10.9416     5.4995     -0.081    32.6194    24.9325 -9.990e-29
 243.703553     -0.083  36.599033    10.9433     5.4902     -0.082    32.6211    24.9335 -9.990e-29
 243.703559     -0.083  36.602769    10.9471     5.4699     -0.082    32.6214    24.9331 -9.990e-29
 243.703565     -0.083  36.604134    10.9521     5.4662     -0.082    32.6183    24.9298 -9.990e-29
 243.703571     -0.083  36.606055    10.9576     5.4884     -0.082    32.6154    24.9265 -9.990e-29
 243.703576     -0.083  36.607157    10.9600     5.4912     -0.082    32.6143    24.9253 -9.990e-29
 243.703582     -0.084  36.602735    10.9561     5.5030     -0.083    32.6134    24.9252 -9.990e-29
 243.703588     -0.084  36.594726    10.9508     5.5018     -0.083    32.6102    24.9237 -9.990e-29
 243.703594     -0.085  36.589246    10.9507     5.4835     -0.084    32.6048    24.9195 -9.990e-29
 243.703600     -0.086  36.589621    10.9553     5.4883     -0.085    32.6011    24.9158 -9.990e-29
 243.703605     -0.087  36.593533    10.9602     5.4931     -0.086    32.6006    24.9146 -9.990e-29
 243.703611     -0.089  36.597221    10.9632     5.4899     -0.088    32.6016    24.9148 -9.990e-29
 243.703617     -0.091  36.599429    10.9643     5.5007     -0.090    32.6028    24.9156 -9.990e-29
 243.703623     -0.093  36.600848    10.9634     5.4983     -0.092    32.6050    24.9175 -9.990e-29
 243.703628     -0.096  36.602796    10.9622     5.4894     -0.095    32.6080    24.9200 -9.990e-29
 243.703634     -0.096  36.603938    10.9616     5.5038     -0.095    32.6097    24.9214 -9.990e-29
 243.703640     -0.088  36.602422    10.9605     5.5041     -0.087    32.6092    24.9212 -9.990e-29
 243.703646     -0.077  36.599573    10.9593     5.5057     -0.076    32.6074    24.9200 -9.990e-29
 243.703652     -0.069  36.598304    10.9600     5.5130     -0.068    32.6055    24.9184 -9.990e-29
 243.703657     -0.069  36.600830    10.9627     5.5076     -0.068    32.6056    24.9180 -9.990e-29
 243.703663     -0.072  36.606024    10.9650     5.4582     -0.071    32.6087    24.9201 -9.990e-29
 243.703669     -0.075  36.610713    10.9645     5.5016     -0.074    32.6138    24.9241 -9.990e-29
 243.703675     -0.077  36.612733    10.9627     5.5038     -0.076    32.6174    24.9272 -9.990e-29
 243.703681     -0.079  36.610845    10.9612     5.4992     -0.078    32.6169    24.9271 -9.990e-29
 243.703686     -0.081  36.607561    10.9597     5.5127     -0.080    32.6150    24.9258 -9.990e-29
 243.703692     -0.083  36.605772    10.9586     5.4622     -0.082    32.6142    24.9254 -9.990e-29
 243.703698     -0.085  36.604201    10.9584     5.4902     -0.084    32.6128    24.9244 -9.990e-29
 243.703704     -0.087  36.601860    10.9585     5.5081     -0.086    32.6104    24.9225 -9.990e-29
 243.703709     -0.090  36.599534    10.9591     5.5197     -0.089    32.6076    24.9202 -9.990e-29
 243.703715     -0.093  36.600274    10.9603     5.5279     -0.092    32.6072    24.9197 -9.990e-29
 243.703721     -0.096  36.605052    10.9617     5.5002     -0.095    32.6107    24.9222 -9.990e-29
 243.703727     -0.101  36.609021    10.9632     5.4933     -0.100    32.6133    24.9239 -9.990e-29
 243.703733     -0.106  36.610178    10.9643     5.4967     -0.105    32.6135    24.9239 -9.990e-29
 243.703738     -0.114  36.610612    10.9649     5.4940     -0.113    32.6134    24.9237 -9.990e-29
 243.703744     -0.123  36.610892    10.9659     5.5051     -0.122    32.6128    24.9230 -9.990e-29
 243.703750     -0.131  36.610815    10.9674     5.5055     -0.130    32.6114    24.9217 -9.990e-29
 243.703756     -0.133  36.610457    10.9688     5.4969     -0.132    32.6098    24.9202 -9.990e-29
 243.703762     -0.134  36.609886    10.9695     5.4896     -0.133    32.6086    24.9191 -9.990e-29
 243.703767     -0.138  36.609060    10.9683     5.4851     -0.137    32.6088    24.9195 -9.990e-29
 243.703773     -0.146  36.606830    10.9638     5.4803     -0.145    32.6106    24.9217 -9.990e-29
 243.703779     -0.158  36.603168    10.9589     5.4838     -0.157    32.6114    24.9232 -9.990e-29
 243.703785     -0.171  36.601555    10.9583     5.4864     -0.170    32.6103    24.9225 -9.990e-29
 243.703791     -0.180  36.603161    10.9609     5.4874     -0.178    32.6096    24.9214 -9.990e-29
 243.703796     -0.192  36.605044    10.9630     5.4834     -0.190    32.6096    24.9211 -9.990e-29
 243.703802     -0.206  36.606313    10.9634     5.4678     -0.204    32.6105    24.9217 -9.990e-29
 243.703808     -0.220  36.607503    10.9633     5.4636     -0.218    32.6118    24.9227 -9.990e-29
 243.703814     -0.234  36.607919    10.9636     5.4650     -0.232    32.6119    24.9228 -9.990e-29
 243.703819     -0.244  36.607518    10.9630     5.4698     -0.242    32.6121    24.9230 -9.990e-29
 243.703825     -0.248  36.605724    10.9609     5.4686     -0.246    32.6122    24.9234 -9.990e-29
 243.703831     -0.245  36.602349    10.9593     5.4863     -0.243    32.6102    24.9222 -9.990e-29
 243.703837     -0.240  36.601256    10.9612     5.4827     -0.238    32.6075    24.9197 -9.990e-29
 243.703843     -0.237  36.603747    10.9657     5.4824     -0.235    32.6059    24.9177 -9.990e-29
 243.703848     -0.230  36.604700    10.9689     5.4954     -0.228    32.6040    24.9157 -9.990e-29
 243.703854     -0.216  36.603107    10.9703     5.5125     -0.214    32.6012    24.9132 -9.990e-29
 243.703860     -0.197  36.605208    10.9726     5.5141     -0.195    32.6012    24.9129 -9.990e-29
 243.703866     -0.181  36.614886    10.9776     5.5097     -0.179    32.6064    24.9160 -9.990e-29
 243.703872     -0.168  36.626518    10.9846     5.5062     -0.167    32.6117    24.9189 -9.990e-29
 243.703877     -0.151  36.635963    10.9928     5.4593     -0.150    32.6137    24.9190 -9.990e-29
 243.703883     -0.144  36.646811    11.0031     5.4957     -0.143    32.6153    24.9184 -9.990e-29
 243.703889     -0.152  36.657242    11.0149     5.4970     -0.151    32.6151    24.9162 -9.990e-29
 243.703895     -0.161  36.660395    11.0228     5.5083     -0.160    32.6112    24.9118 -9.990e-29
 243.703900     -0.163  36.654273    11.0239     5.5124     -0.162    32.6042    24.9061 -9.990e-29
 243.703906     -0.161  36.643563    11.0209     5.4592     -0.160    32.5963    24.9005 -9.990e-29
 243.703912     -0.155  36.632995    11.0162     5.4814     -0.154    32.5900    24.8964 -9.990e-29
 243.703918     -0.150  36.624689    11.0106     5.4931     -0.149    32.5867    24.8949 -9.990e-29
 243.703924     -0.149  36.619295    11.0030     5.5128     -0.148    32.5881    24.8973 -9.990e-29
 243.703929     -0.148  36.615741    10.9937     5.5163     -0.147    32.5929    24.9027 -9.990e-29
 243.703935     -0.143  36.613733    10.9857     5.5005     -0.142    32.5980    24.9081 -9.990e-29
 243.703941     -0.133  36.613354    10.9820     5.5027     -0.132    32.6009    24.9110 -9.990e-29
 243.703947     -0.118  36.614057    10.9818     5.5039     -0.117    32.6018    24.9117 -9.990e-29
 243.703953     -0.101  36.614495    10.9807     5.4938     -0.100    32.6032    24.9130 -9.990e-29
