data/oxygen options/OCNMS/OCNMS1/raw_data/2023/CAST_KL027_230830faed.cnv
* Sea-Bird SBE 19 Data File:
* FileName = C:\Users\OCNMS.Inst\Documents\2023 Mooring Data\Casts\CAST_KL027_230830.hex
* Software Version SeatermAF 2.1.4.55
* Temperature SN = 2997
* Conductivity SN = 2997
* System UpLoad Time = Aug 30 2023 23:03:40 (localtime) = Aug 30 2023 23:03:40 (UTC)
** CAST_KL027_230830
* ds
# nquan = 9                                 
# nvalues = 930                         
# units = specified
# name 0 = timeJ: Julian Days
# name 1 = prSM: Pressure, Strain Gauge [db]
# name 2 = c0mS/cm: Conductivity [mS/cm]
# name 3 = t090C: Temperature [ITS-90, deg C]
# name 4 = sbeox0ML/L: Oxygen, SBE 43 [ml/l]
# name 5 = depSM: Depth [salt water, m], lat = 47.5
# name 6 = sal00: Salinity, Practical [PSU]
# name 7 = sigma-é00: Density [sigma-theta, kg/m^3]
# name 8 = flag: flag
# span 0 = 242.884699, 242.890075       
# span 1 =     -6.333,     26.966       
# span 2 =   0.572755,  42.674679       
# span 3 =     8.7515,    19.2203       
# span 4 =    -1.6933,    14.6940       
# span 5 =     -6.280,     26.739       
# span 6 =     0.3160,    34.5115       
# span 7 =    -1.3801,    25.9992       
# span 8 = 0.0000e+00, 0.0000e+00       
# interval = seconds: 0.5
# start_time = Aug 30 2023 21:13:58 [Instrument's time stamp, header]
# bad_flag = -9.990e-29
*END*
[from data line 801]
 242.889334     21.090  35.544031     8.8062     1.2532     20.913    33.4965    25.9716 0.0000e+00
 242.889340     20.812  35.549068     8.8175     1.2724     20.637    33.4913    25.9657 0.0000e+00
 242.889346     20.556  35.555340     8.8264     1.2737     20.383    33.4895    25.9630 0.0000e+00
 242.889352     20.311  35.560043     8.8339     1.2882     20.140    33.4875    25.9602 0.0000e+00
 242.889358     20.060  35.563884     8.8444     1.3240     19.892    33.4817    25.9540 0.0000e+00
 242.889363     19.792  35.569781     8.8604     1.3466     19.626    33.4729    25.9446 0.0000e+00
 242.889369     19.507  35.578908     8.8810     1.3581     19.343    33.4631    25.9338 0.0000e+00
 242.889375     19.213  35.589472     8.9032     1.3960     19.052    33.4534    25.9226 0.0000e+00
 242.889381     18.912  35.601593     8.9260     1.4223     18.753    33.4447    25.9123 0.0000e+00
 242.889387     18.608  35.618591     8.9468     1.4447     18.452    33.4430    25.9077 0.0000e+00
 242.889392     18.305  35.637964     8.9643     1.4557     18.151    33.4469    25.9080 0.0000e+00
 242.889398     18.007  35.653661     8.9840     1.4714     17.856    33.4448    25.9033 0.0000e+00
 242.889404     17.711  35.667607     9.0077     1.5038     17.562    33.4372    25.8936 0.0000e+00
 242.889410     17.415  35.683309     9.0317     1.5199     17.269    33.4311    25.8850 0.0000e+00
 242.889416     17.119  35.699900     9.0539     1.5385     16.975    33.4277    25.8788 0.0000e+00
 242.889421     16.824  35.717137     9.0756     1.5500     16.683    33.4254    25.8736 0.0000e+00
 242.889427     16.529  35.737320     9.0993     1.5785     16.390    33.4242    25.8689 0.0000e+00
 242.889433     16.220  35.758834     9.1251     1.6277     16.084    33.4225    25.8635 0.0000e+00
 242.889439     15.889  35.775117     9.1504     1.6660     15.756    33.4159    25.8542 0.0000e+00
 242.889444     15.546  35.788316     9.1737     1.6935     15.416    33.4079    25.8443 0.0000e+00
 242.889450     15.204  35.806547     9.1945     1.7022     15.077    33.4075    25.8406 0.0000e+00
 242.889456     14.869  35.831194     9.2159     1.7216     14.744    33.4131    25.8416 0.0000e+00
 242.889462     14.547  35.858195     9.2415     1.7393     14.425    33.4173    25.8408 0.0000e+00
 242.889468     14.244  35.886064     9.2698     1.7708     14.125    33.4198    25.8382 0.0000e+00
 242.889473     13.960  35.915034     9.2972     1.8397     13.843    33.4243    25.8373 0.0000e+00
 242.889479     13.691  35.938964     9.3212     1.9786     13.576    33.4267    25.8353 0.0000e+00
 242.889485     13.429  35.958996     9.3513     2.1853     13.316    33.4194    25.8248 0.0000e+00
 242.889491     13.165  35.987315     9.4205     2.4774     13.055    33.3841    25.7860 0.0000e+00
 242.889497     12.891  36.039872     9.5604     2.8407     12.783    33.3081    25.7039 0.0000e+00
 242.889502     12.603  36.126290     9.7622     3.2052     12.497    33.2100    25.5941 0.0000e+00
 242.889508     12.303  36.234690     9.9914     3.6090     12.200    33.1097    25.4778 0.0000e+00
 242.889514     11.998  36.355630    10.2207     3.9541     11.898    33.0228    25.3715 0.0000e+00
 242.889520     11.691  36.505923    10.4293     4.3247     11.593    32.9848    25.3063 0.0000e+00
 242.889525     11.382  36.695025    10.6099     4.8052     11.287    33.0110    25.2955 0.0000e+00
 242.889531     11.075  36.878261    10.7825     5.2798     10.982    33.0381    25.2865 0.0000e+00
 242.889537     10.766  37.014324    10.9559     5.7716     10.676    33.0172    25.2397 0.0000e+00
 242.889543     10.457  37.126158    11.1038     6.2033     10.369    32.9951    25.1964 0.0000e+00
 242.889549     10.154  37.267143    11.2226     6.4741     10.069    33.0279    25.2006 0.0000e+00
 242.889554      9.860  37.478548    11.3686     6.6140      9.777    33.1053    25.2345 0.0000e+00
 242.889560      9.568  37.712325    11.5752     6.7108      9.488    33.1497    25.2313 0.0000e+00
 242.889566      9.274  37.890284    11.8183     6.8766      9.196    33.1064    25.1528 0.0000e+00
 242.889572      8.974  38.041338    12.0490     6.9736      8.899    33.0482    25.0645 0.0000e+00
 242.889578      8.668  38.174220    12.2178     7.1016      8.595    33.0273    25.0165 0.0000e+00
 242.889583      8.357  38.261676    12.3314     7.2572      8.287    33.0115    24.9825 0.0000e+00
 242.889589      8.048  38.356614    12.4187     7.4734      7.981    33.0259    24.9770 0.0000e+00
 242.889595      7.741  38.475478    12.5031     7.6426      7.676    33.0656    24.9916 0.0000e+00
 242.889601      7.436  38.563853    12.6495     7.7128      7.374    33.0216    24.9292 0.0000e+00
 242.889606      7.128  38.642454    12.8800     7.7692      7.068    32.8951    24.7864 0.0000e+00
 242.889612      6.821  38.776767    13.0993     7.8093      6.764    32.8320    24.6943 0.0000e+00
 242.889618      6.519  38.990117    13.2811     7.8391      6.464    32.8757    24.6920 0.0000e+00
 242.889624      6.227  39.266091    13.5040     7.8912      6.175    32.9420    24.6986 0.0000e+00
 242.889630      5.942  39.504186    13.7392     7.9482      5.892    32.9615    24.6659 0.0000e+00
 242.889635      5.658  39.652561    13.8885     7.9866      5.611    32.9710    24.6426 0.0000e+00
 242.889641      5.371  39.750481    13.9510     7.9554      5.326    33.0082    24.6585 0.0000e+00
 242.889647      5.080  39.810858    14.0172     7.9178      5.038    33.0073    24.6441 0.0000e+00
 242.889653      4.783  39.863219    14.1269     7.8798      4.743    32.9618    24.5862 0.0000e+00
 242.889659      4.483  39.948234    14.2476     7.8939      4.446    32.9371    24.5420 0.0000e+00
 242.889664      4.181  40.072769    14.3702     7.9412      4.146    32.9470    24.5240 0.0000e+00
 242.889670      3.881  40.220173    14.4926     7.9455      3.849    32.9779    24.5220 0.0000e+00
 242.889676      3.589  40.355513    14.5952     7.8901      3.559    33.0144    24.5284 0.0000e+00
 242.889682      3.303  40.455235    14.6842     7.8265      3.275    33.0298    24.5213 0.0000e+00
 242.889688      3.013  40.498736    14.7961     7.7484      2.988    32.9745    24.4547 0.0000e+00
 242.889693      2.720  40.518810    14.9379     7.7758      2.697    32.8730    24.3461 0.0000e+00
 242.889699      2.429  40.604455    15.0795     7.7966      2.409    32.8314    24.2834 0.0000e+00
 242.889705      2.147  40.754970    15.2028     7.8071      2.129    32.8636    24.2815 0.0000e+00
 242.889711      1.884  40.896957    15.2885     7.8081      1.868    32.9195    24.3057 0.0000e+00
 242.889716      1.638  40.973102    15.3222     7.7760      1.624    32.9596    24.3293 0.0000e+00
 242.889722      1.402  40.979006    15.3232     7.7978      1.390    32.9642    24.3326 0.0000e+00
 242.889728      1.176  40.966286    15.3243     7.7941      1.166    32.9519    24.3229 0.0000e+00
 242.889734      0.965  40.981333    15.3410     7.8031      0.957    32.9515    24.3189 0.0000e+00
 242.889740      0.782  41.021786    15.3662     7.8094      0.775    32.9667    24.3250 0.0000e+00
 242.889745      0.637  41.056930    15.3852     7.8156      0.632    32.9823    24.3329 -9.990e-29
 242.889751      0.530  41.068600    15.3898     7.8238      0.526    32.9890    24.3370 -9.990e-29
 242.889757      0.448  41.065075    15.3825     7.8499      0.444    32.9920    24.3409 -9.990e-29
 242.889763      0.382  41.057917    15.3707     7.8674      0.379    32.9955    24.3462 -9.990e-29
 242.889769      0.329  41.053838    15.3640     7.8526      0.326    32.9975    24.3492 -9.990e-29
 242.889774      0.285  41.060852    15.3711     7.8295      0.283    32.9978    24.3479 -9.990e-29
 242.889780      0.251  41.078778    15.3885     7.8341      0.249    32.9993    24.3452 -9.990e-29
 242.889786      0.229  41.097879    15.4018     7.8403      0.227    33.0053    24.3469 -9.990e-29
 242.889792      0.215  41.105504    15.4069     7.8607      0.213    33.0078    24.3477 -9.990e-29
 242.889797      0.203  41.106217    15.4145     7.8585      0.201    33.0021    24.3416 -9.990e-29
 242.889803      0.195  41.114426    15.4278     7.8416      0.193    32.9983    24.3358 -9.990e-29
 242.889809      0.197  41.123139    15.4384     7.8404      0.195    32.9972    24.3326 -9.990e-29
 242.889815      0.203  41.120428    15.4415     7.8497      0.201    32.9921    24.3280 -9.990e-29
 242.889821      0.211  41.112210    15.4387     7.8560      0.209    32.9871    24.3248 -9.990e-29
 242.889826      0.219  41.106593    15.4354     7.8631      0.217    32.9849    24.3238 -9.990e-29
 242.889832      0.230  41.110102    15.4371     7.8657      0.228    32.9866    24.3247 -9.990e-29
 242.889838      0.248  41.121809    15.4412     7.8669      0.246    32.9936    24.3292 -9.990e-29
 242.889844      0.274  41.124805    15.4406     7.8599      0.272    32.9968    24.3318 -9.990e-29
 242.889850      0.297  41.115239    15.4348     7.8591      0.295    32.9931    24.3302 -9.990e-29
 242.889855      0.309  41.108386    15.4303     7.8678      0.306    32.9907    24.3294 -9.990e-29
 242.889861      0.313  41.110246    15.4316     7.8619      0.310    32.9913    24.3296 -9.990e-29
 242.889867      0.307  41.114887    15.4354     7.8574      0.304    32.9923    24.3295 -9.990e-29
 242.889873      0.291  41.113919    15.4360     7.8240      0.289    32.9909    24.3283 -9.990e-29
 242.889878      0.265  41.106053    15.4333     7.7830      0.263    32.9861    24.3252 -9.990e-29
 242.889884      0.227  41.102106    15.4318     7.6891      0.225    32.9839    24.3238 -9.990e-29
 242.889890      0.175  41.107466    15.4351     7.6054      0.174    32.9859    24.3247 -9.990e-29
 242.889896      0.108  41.115264    15.4414     7.5756      0.107    32.9876    24.3246 -9.990e-29
 242.889902      0.033  41.120200    15.4467     8.8998      0.033    32.9876    24.3234 -9.990e-29
 242.889907     -0.048  41.125494    15.4507     8.6704     -0.048    32.9890    24.3236 -9.990e-29
 242.889913     -0.132  41.133723    15.4529     7.9993     -0.131    32.9946    24.3274 -9.990e-29
 242.889919     -0.214  41.136238    15.4490     7.2378     -0.212    33.0002    24.3325 -9.990e-29
 242.889925     -0.292  41.121818    15.4379     6.5125     -0.290    32.9966    24.3322 -9.990e-29
 242.889931     -0.362  41.080207    15.4229     6.0034     -0.359    32.9719    24.3166 -9.990e-29
 242.889936     -0.419  40.972742    15.4068     5.8157     -0.416    32.8892    24.2564 -9.990e-29
 242.889942     -0.464  40.674074    15.3915     5.7519     -0.460    32.6345    24.0638 -9.990e-29
 242.889948     -0.499  39.815689    15.3795     5.7679     -0.495    31.8772    23.4838 -9.990e-29
 242.889954     -0.526  37.285025    15.3720     5.7771     -0.522    29.6365    21.7624 -9.990e-29
 242.889959     -0.547  29.729726    15.3680     5.7354     -0.542    23.0711    16.7244 -9.990e-29
 242.889965     -0.564  18.308106    15.3657     5.7663     -0.559    13.5703     9.4510 -9.990e-29
 242.889971     -0.576  10.602257    15.3643     5.7711     -0.571     7.5094     4.8138 -9.990e-29
 242.889977     -0.586   7.976708    15.3639     5.7949     -0.581     5.5290     3.2971 -9.990e-29
 242.889983     -0.594   6.967436    15.3637     5.8231     -0.589     4.7824     2.7248 -9.990e-29
 242.889988     -0.600   6.463400    15.3626     5.8474     -0.595     4.4130     2.4417 -9.990e-29
 242.889994     -0.605   6.131160    15.3607     5.8218     -0.600     4.1709     2.2564 -9.990e-29
 242.890000     -0.608   5.827365    15.3592     5.8248     -0.603     3.9505     2.0875 -9.990e-29
 242.890006     -0.611   5.507718    15.3596     5.8409     -0.606     3.7195     1.9102 -9.990e-29
 242.890012     -0.613   5.207871    15.3626     5.8673     -0.608     3.5035     1.7439 -9.990e-29
 242.890017     -0.615   5.129873    15.3661     5.8883     -0.610     3.4472     1.7001 -9.990e-29
 242.890023     -0.616   5.216953    15.3683 -9.990e-29     -0.611     3.5095     1.7476 -9.990e-29
 242.890029     -0.617   5.247353    15.3701 -9.990e-29     -0.612     3.5312     1.7639 -9.990e-29
 242.890035     -0.618   5.226619    15.3739 -9.990e-29     -0.613     3.5159     1.7516 -9.990e-29
 242.890041     -0.619   5.093772    15.3799 -9.990e-29     -0.614     3.4202     1.6771 -9.990e-29
 242.890046     -0.619   4.825602    15.3877 -9.990e-29     -0.614     3.2279     1.5283 -9.990e-29
 242.890052     -0.619   4.734627    15.3967 -9.990e-29     -0.614     3.1624     1.4765 -9.990e-29
 242.890058     -0.620   4.903972    15.4036 -9.990e-29     -0.615     3.2825     1.5676 -9.990e-29
 242.890064     -0.620   4.907137    15.4050 -9.990e-29     -0.615     3.2846     1.5690 -9.990e-29
 242.890069     -0.620   4.573361    15.4042 -9.990e-29     -0.615     3.0472     1.3868 -9.990e-29
 242.890075     -0.620   4.171010 -9.990e-29 -9.990e-29     -0.615 -9.990e-29 -9.990e-29 -9.990e-29
