data/oxygen options/OCNMS/OCNMS1/raw_data/2023/CAST_KL027_230616faedb.cnv
* Sea-Bird SBE 19 Data File:
* FileName = C:\Users\OCNMS.Inst\Documents\2023 Mooring Data\Casts\CAST_KL027_230616.hex
* Software Version SeatermAF 2.1.4.55
* Temperature SN = 2997
* Conductivity SN = 2997
* System UpLoad Time = Jun 16 2023 20:48:33 (localtime) = Jun 16 2023 20:48:33 (UTC)
** CAST_KL027_230616
* ds
# nquan = 9
# nvalues = 26                          
# units = specified
# name 0 = timeJ: Julian Days
# name 1 = prSM: Pressure, Strain Gauge [db]
# name 2 = c0mS/cm: Conductivity [mS/cm]
# name 3 = t090C: Temperature [ITS-90, deg C]
# name 4 = sbeox0ML/L: Oxygen, SBE 43 [ml/l]
# name 5 = depSM: Depth [salt water, m], lat = 47.5
# name 6 = sal00: Salinity, Practical [PSU]
# name 7 = sigma-é00: Density [sigma-theta, kg/m^3]
# name 8 = flag: flag
# span 0 = 167.860797, 167.861387       
# span 1 =      2.000,     27.000       
# span 2 =  34.984057,  37.636374       
# span 3 =     8.0870,    11.6835       
# span 4 =     2.2674,     9.3236       
# span 5 =      1.983,     26.773       
# span 6 =    32.9168,    33.5878       
# span 7 =    25.0726,    26.1519       
# span 8 = 0.0000e+00, 0.0000e+00       
# interval = decibars: 1                
# start_time = Jun 16 2023 20:18:49 [Instrument's time stamp, header]
# bad_flag = -9.990e-29
*END*
 167.860797      2.000  37.636374    11.6835     9.3236      1.983    32.9820    25.0810 0.0000e+00
 167.860822      3.000  37.359197    11.4516     8.5664      2.975    32.9168    25.0726 0.0000e+00
 167.860845      4.000  37.039342    10.9453     7.2559      3.967    33.0546    25.2706 0.0000e+00
 167.860868      5.000  36.578625    10.3751     6.0086      4.958    33.1101    25.4130 0.0000e+00
 167.860892      6.000  36.259793     9.9372     4.6751      5.950    33.1879    25.5476 0.0000e+00
 167.860912      7.000  35.875721     9.5532     4.2744      6.941    33.1487    25.5804 0.0000e+00
 167.860936      8.000  35.649078     9.2394     4.0504      7.933    33.2057    25.6755 0.0000e+00
 167.860958      9.000  35.510991     9.0002     3.8008      8.925    33.2850    25.7754 0.0000e+00
 167.860979     10.000  35.416009     8.8526     3.4907      9.916    33.3239    25.8290 0.0000e+00
 167.861002     11.000  35.304888     8.6839     3.3382     10.908    33.3659    25.8880 0.0000e+00
 167.861025     12.000  35.252671     8.5834     3.1475     11.900    33.4055    25.9345 0.0000e+00
 167.861048     13.000  35.209762     8.5022     2.8309     12.891    33.4367    25.9713 0.0000e+00
 167.861069     14.000  35.125187     8.3721     2.5700     13.883    33.4704    26.0175 0.0000e+00
 167.861092     15.000  35.066586     8.2520     2.3568     14.874    33.5222    26.0762 0.0000e+00
 167.861113     16.000  35.018789     8.1578     2.3190     15.866    33.5610    26.1206 0.0000e+00
 167.861135     17.000  34.997833     8.1161     2.3209     16.857    33.5781    26.1403 0.0000e+00
 167.861156     18.000  34.989877     8.1041     2.3508     17.849    33.5807    26.1441 0.0000e+00
 167.861178     19.000  34.988686     8.1017     2.3259     18.841    33.5812    26.1449 0.0000e+00
 167.861202     20.000  34.988096     8.0966     2.3463     19.832    33.5851    26.1487 0.0000e+00
 167.861224     21.000  34.986273     8.0929     2.3345     20.824    33.5861    26.1501 0.0000e+00
 167.861245     22.000  34.986005     8.0925     2.3256     21.815    33.5858    26.1499 0.0000e+00
 167.861267     23.000  34.984057     8.0899     2.3172     22.807    33.5857    26.1503 0.0000e+00
 167.861290     24.000  34.984285     8.0885     2.3005     23.798    33.5868    26.1513 0.0000e+00
 167.861313     25.000  34.987189     8.0902     2.3021     24.790    33.5878    26.1519 0.0000e+00
 167.861335     26.000  34.984222     8.0870     2.2809     25.781    33.5872    26.1519 0.0000e+00
 167.861387     27.000  34.984890     8.0895     2.2674     26.773    33.5851    26.1499 0.0000e+00
