data/oxygen options/OCNMS/OCNMS1/raw_data/2023/CAST_MB042_231002faed.cnv
* Sea-Bird SBE 19 Data File:
* FileName = C:\Users\OCNMS.Inst\Documents\2023 Mooring Data\Casts\CAST_MB042_231002.hex
* Software Version SeatermAF 2.1.4.55
* Temperature SN = 2997
* Conductivity SN = 2997
* System UpLoad Time = Oct 04 2023 21:09:34 (localtime) = Oct 04 2023 21:09:34 (UTC)
** CAST_MB042_231002
* ds
# nquan = 9                                 
# nvalues = 1581                        
# units = specified
# name 0 = timeJ: Julian Days
# name 1 = prSM: Pressure, Strain Gauge [db]
# name 2 = c0mS/cm: Conductivity [mS/cm]
# name 3 = t090C: Temperature [ITS-90, deg C]
# name 4 = sbeox0ML/L: Oxygen, SBE 43 [ml/l]
# name 5 = depSM: Depth [salt water, m], lat = 47.5
# name 6 = sal00: Salinity, Practical [PSU]
# name 7 = sigma-é00: Density [sigma-theta, kg/m^3]
# name 8 = flag: flag
# span 0 = 275.744815, 275.753958       
# span 1 =     -5.738,     40.661       
# span 2 =   0.021420,  38.635940       
# span 3 =     9.2857,    13.9903       
# span 4 =    -1.8885,    13.1628       
# span 5 =     -5.690,     40.318       
# span 6 =     0.0169,    33.3331       
# span 7 =    -0.7360,    25.7669       
# span 8 = 0.0000e+00, 0.0000e+00       
# interval = seconds: 0.5
# start_time = Oct 02 2023 17:52:32 [Instrument's time stamp, header]
# bad_flag = -9.990e-29
*END*
[from data line 641]
 275.748524     -0.534   0.038214    13.7621    -1.8782     -0.530     0.0261    -0.7010 -9.990e-29
 275.748530     -0.529   0.038175    13.7600    -1.8783     -0.525     0.0261    -0.7007 -9.990e-29
 275.748536     -0.526   0.038162    13.7530    -1.8783     -0.522     0.0261    -0.6998 -9.990e-29
 275.748542     -0.522   0.038159    13.7406    -1.8781     -0.518     0.0261    -0.6981 -9.990e-29
 275.748547     -0.516   0.038158    13.7276    -1.8777     -0.512     0.0261    -0.6963 -9.990e-29
 275.748553     -0.516   0.038159    13.7200    -1.8775     -0.512     0.0261    -0.6953 -9.990e-29
 275.748559     -0.523   0.038160    13.7193    -1.8774     -0.519     0.0261    -0.6952 -9.990e-29
 275.748565     -0.527   0.038161    13.7231    -1.8772     -0.523     0.0261    -0.6957 -9.990e-29
 275.748571     -0.525   0.038162    13.7278    -1.8769     -0.521     0.0261    -0.6963 -9.990e-29
 275.748576     -0.521   0.038163    13.7310    -1.8769     -0.517     0.0261    -0.6968 -9.990e-29
 275.748582     -0.520   0.038163    13.7326    -1.8772     -0.516     0.0261    -0.6970 -9.990e-29
 275.748588     -0.521   0.038164    13.7344    -1.8774     -0.517     0.0261    -0.6972 -9.990e-29
 275.748594     -0.524   0.038165    13.7385    -1.8775     -0.520     0.0261    -0.6978 -9.990e-29
 275.748600     -0.526   0.038166    13.7444    -1.8777     -0.522     0.0261    -0.6986 -9.990e-29
 275.748605     -0.521   0.038167    13.7500    -1.8778     -0.517     0.0261    -0.6993 -9.990e-29
 275.748611     -0.514   0.038168    13.7544    -1.8788     -0.510     0.0261    -0.6999 -9.990e-29
 275.748617     -0.513   0.038169    13.7585    -1.8792     -0.509     0.0261    -0.7005 -9.990e-29
 275.748623     -0.519   0.038170    13.7616    -1.8791     -0.515     0.0261    -0.7009 -9.990e-29
 275.748628     -0.526   0.038171    13.7613    -1.8791     -0.522     0.0261    -0.7009 -9.990e-29
 275.748634     -0.536   0.038172    13.7576    -1.8792     -0.532     0.0261    -0.7004 -9.990e-29
 275.748640     -0.545   0.038172    13.7531    -1.8791     -0.540     0.0261    -0.6998 -9.990e-29
 275.748646     -0.548   0.038173    13.7490    -1.8791     -0.543     0.0261    -0.6992 -9.990e-29
 275.748652     -0.548   0.038174    13.7441    -1.8786     -0.543     0.0261    -0.6985 -9.990e-29
 275.748657     -0.547   0.038175    13.7358    -1.8781     -0.542     0.0261    -0.6974 -9.990e-29
 275.748663     -0.549   0.038176    13.7246    -1.8779     -0.544     0.0261    -0.6959 -9.990e-29
 275.748669     -0.552   0.038176    13.7161    -1.8778     -0.547     0.0261    -0.6947 -9.990e-29
 275.748675     -0.550   0.038176    13.7128    -1.8776     -0.545     0.0261    -0.6943 -9.990e-29
 275.748681     -0.543   0.038173    13.7122    -1.8778     -0.538     0.0261    -0.6942 -9.990e-29
 275.748686     -0.532   0.038162    13.7125    -1.8777     -0.528     0.0261    -0.6943 -9.990e-29
 275.748692     -0.519   0.038126    13.7141    -1.8774     -0.515     0.0261    -0.6945 -9.990e-29
 275.748698     -0.509   0.038017    13.7183    -1.8772     -0.505     0.0260    -0.6951 -9.990e-29
 275.748704     -0.499   0.037688    13.7253    -1.8772     -0.495     0.0258    -0.6962 -9.990e-29
 275.748709     -0.495   0.037253    13.7330    -1.8771     -0.491     0.0256    -0.6974 -9.990e-29
 275.748715     -0.496   0.037240    13.7393    -1.8771     -0.492     0.0256    -0.6983 -9.990e-29
 275.748721     -0.494   0.037631    13.7439    -1.8769     -0.490     0.0258    -0.6987 -9.990e-29
 275.748727     -0.487   0.037837    13.7466    -1.8770     -0.483     0.0259    -0.6990 -9.990e-29
 275.748733     -0.485   0.037578    13.7477    -1.8769     -0.481     0.0258    -0.6993 -9.990e-29
 275.748738     -0.491   0.037061    13.7495    -1.8768     -0.487     0.0255    -0.6998 -9.990e-29
 275.748744     -0.502   0.036704    13.7530    -1.8767     -0.498     0.0253    -0.7004 -9.990e-29
 275.748750     -0.509   0.036586    13.7563    -1.8768     -0.505     0.0252    -0.7009 -9.990e-29
 275.748756     -0.509   0.036547    13.7588    -1.8769     -0.505     0.0252    -0.7012 -9.990e-29
 275.748762     -0.503   0.036534    13.7606    -1.8770     -0.499     0.0252    -0.7015 -9.990e-29
 275.748767     -0.493   0.036531    13.7621    -1.8773     -0.489     0.0252    -0.7017 -9.990e-29
 275.748773     -0.483   0.036530    13.7637    -1.8774     -0.479     0.0252    -0.7019 -9.990e-29
 275.748779     -0.474   0.036531    13.7651    -1.8772     -0.470     0.0252    -0.7021 -9.990e-29
 275.748785     -0.468   0.036532    13.7665    -1.8770     -0.464     0.0252    -0.7023 -9.990e-29
 275.748791     -0.469   0.036533    13.7679    -1.8771     -0.465     0.0252    -0.7025 -9.990e-29
 275.748796     -0.478   0.036534    13.7682    -1.8772     -0.474     0.0252    -0.7025 -9.990e-29
 275.748802     -0.491   0.036535    13.7674    -1.8770     -0.487     0.0252    -0.7024 -9.990e-29
 275.748808     -0.499   0.036536    13.7655    -1.8769     -0.495     0.0252    -0.7022 -9.990e-29
 275.748814     -0.504   0.036536    13.7625    -1.8768     -0.500     0.0252    -0.7018 -9.990e-29
 275.748819     -0.510   0.036537    13.7592    -1.8767     -0.506     0.0252    -0.7013 -9.990e-29
 275.748825     -0.514   0.036538    13.7577    -1.8768     -0.510     0.0252    -0.7011 -9.990e-29
 275.748831     -0.511   0.036539    13.7587    -1.8768     -0.507     0.0252    -0.7012 -9.990e-29
 275.748837     -0.500   0.036540    13.7603    -1.8765     -0.496     0.0252    -0.7015 -9.990e-29
 275.748843     -0.483   0.036541    13.7609    -1.8762     -0.479     0.0252    -0.7015 -9.990e-29
 275.748848     -0.460   0.036542    13.7616    -1.8759     -0.456     0.0252    -0.7016 -9.990e-29
 275.748854     -0.440   0.036543    13.7637    -1.8756     -0.436     0.0252    -0.7019 -9.990e-29
 275.748860     -0.426   0.036544    13.7662    -1.8755     -0.422     0.0252    -0.7023 -9.990e-29
 275.748866     -0.417   0.036545    13.7683    -1.8753     -0.414     0.0252    -0.7025 -9.990e-29
 275.748872     -0.408   0.036545    13.7698    -1.8754     -0.405     0.0252    -0.7027 -9.990e-29
 275.748877     -0.394   0.036546    13.7709    -1.8755     -0.391     0.0252    -0.7029 -9.990e-29
 275.748883     -0.378   0.036547    13.7732    -1.8757     -0.375     0.0252    -0.7032 -9.990e-29
 275.748889     -0.368   0.036548    13.7776    -1.8758     -0.365     0.0252    -0.7038 -9.990e-29
 275.748895     -0.368   0.036549    13.7834    -1.8761     -0.365     0.0252    -0.7046 -9.990e-29
 275.748900     -0.373   0.036549    13.7896    -1.8766     -0.370     0.0252    -0.7054 -9.990e-29
 275.748906     -0.379   0.036549    13.7953    -1.8770     -0.376     0.0252    -0.7062 -9.990e-29
 275.748912     -0.383   0.036547    13.7999    -1.8772     -0.380     0.0252    -0.7069 -9.990e-29
 275.748918     -0.381   0.036538    13.8024    -1.8773     -0.378     0.0252    -0.7072 -9.990e-29
 275.748924     -0.376   0.036508    13.8023    -1.8771     -0.373     0.0252    -0.7072 -9.990e-29
 275.748929     -0.373   0.036418    13.7999    -1.8771     -0.370     0.0251    -0.7069 -9.990e-29
 275.748935     -0.371   0.036144    13.7962    -1.8768     -0.368     0.0250    -0.7065 -9.990e-29
 275.748941     -0.371   0.035877    13.7910    -1.8767     -0.368     0.0248    -0.7059 -9.990e-29
 275.748947     -0.371   0.035812    13.7835    -1.8772     -0.368     0.0248    -0.7049 -9.990e-29
 275.748953     -0.373   0.035864    13.7746    -1.8776     -0.370     0.0248    -0.7037 -9.990e-29
 275.748958     -0.377   0.036100    13.7668    -1.8781     -0.374     0.0249    -0.7025 -9.990e-29
 275.748964     -0.382   0.036279    13.7618    -1.8789     -0.379     0.0250    -0.7018 -9.990e-29
 275.748970     -0.384   0.036084    13.7605    -1.8794     -0.381     0.0249    -0.7017 -9.990e-29
 275.748976     -0.380   0.035808    13.7618    -1.8796     -0.377     0.0248    -0.7020 -9.990e-29
 275.748981     -0.374   0.035634    13.7638    -1.8798     -0.371     0.0247    -0.7023 -9.990e-29
 275.748987     -0.369   0.035330    13.7656    -1.8799     -0.366     0.0245    -0.7027 -9.990e-29
 275.748993     -0.366   0.035045    13.7644    -1.8802     -0.363     0.0243    -0.7027 -9.990e-29
 275.748999     -0.363   0.034950    13.7579    -1.8806     -0.360     0.0243    -0.7018 -9.990e-29
 275.749005     -0.361   0.034918    13.7476    -1.8806     -0.358     0.0243    -0.7004 -9.990e-29
 275.749010     -0.360   0.034908    13.7352    -1.8811     -0.357     0.0243    -0.6987 -9.990e-29
 275.749016     -0.359   0.034904    13.7217    -1.8814     -0.356     0.0243    -0.6969 -9.990e-29
 275.749022     -0.359   0.034903    13.7102    -1.8811     -0.356     0.0243    -0.6954 -9.990e-29
 275.749028     -0.360   0.034903    13.7025    -1.8812     -0.357     0.0243    -0.6943 -9.990e-29
 275.749034     -0.361   0.034903    13.6972    -1.8815     -0.358     0.0243    -0.6936 -9.990e-29
 275.749039     -0.362   0.034903    13.6923    -1.8816     -0.359     0.0243    -0.6929 -9.990e-29
 275.749045     -0.364   0.034904    13.6861    -1.8818     -0.361     0.0243    -0.6921 -9.990e-29
 275.749051     -0.367   0.034910    13.6797    -1.8814     -0.364     0.0243    -0.6912 -9.990e-29
 275.749057     -0.371   0.034929    13.6736    -1.8718     -0.368     0.0243    -0.6904 -9.990e-29
 275.749062     -0.377   0.034986    13.6672    -1.8599     -0.374     0.0243    -0.6895 -9.990e-29
 275.749068     -0.384   0.035159    13.6626    -1.5463     -0.381     0.0244    -0.6888 -9.990e-29
 275.749074     -0.393   0.035678    13.6610    -1.5388     -0.390     0.0247    -0.6884 -9.990e-29
 275.749080     -0.396   0.037236    13.6596    -1.5370     -0.393     0.0256    -0.6875 -9.990e-29
 275.749086     -0.385   0.041910    13.6578    -1.5364     -0.382     0.0282    -0.6852 -9.990e-29
 275.749091     -0.367   0.055934    13.6585    -1.5359     -0.364     0.0362    -0.6791 -9.990e-29
 275.749097     -0.351   0.098007    13.6679    -1.5368     -0.348     0.0609    -0.6611 -9.990e-29
 275.749103     -0.334   0.224228    13.7006    -1.5372     -0.331     0.1376    -0.6058 -9.990e-29
 275.749109     -0.317   0.602889    13.7703    -1.5358     -0.314     0.3780    -0.4283 -9.990e-29
 275.749115     -0.297   1.734994    13.8580    -1.5354     -0.295     1.1366     0.1477 -9.990e-29
 275.749120     -0.270   4.833914    13.9224    -1.5353     -0.268     3.3566     1.8530 -9.990e-29
 275.749126     -0.229  13.234646    13.9528    -1.5350     -0.227     9.8924     6.8747 -9.990e-29
 275.749132     -0.180  25.531632    13.9656    -1.5349     -0.178    20.2289    14.8115 -9.990e-29
 275.749138     -0.129  33.852302    13.9713    -1.5347     -0.128    27.6005    20.4828 -9.990e-29
 275.749144     -0.073  36.781432    13.9739    -1.5346     -0.072    30.2597    22.5323 -9.990e-29
 275.749149     -0.011  37.799539    13.9756    -1.5346     -0.011    31.1910    23.2504 -9.990e-29
 275.749155      0.055  38.141081    13.9764    -1.5347      0.055    31.5041    23.4918 -9.990e-29
 275.749161      0.125  38.237040    13.9764    -1.5351      0.124    31.5923    23.5599 -9.990e-29
 275.749167      0.196  38.282844    13.9763    -1.5345      0.194    31.6344    23.5925 -9.990e-29
 275.749172      0.263  38.348777    13.9763    -1.5345      0.261    31.6951    23.6393 -9.990e-29
 275.749178      0.322  38.407573    13.9766    -1.5345      0.319    31.7489    23.6808 -9.990e-29
 275.749184      0.372  38.443186    13.9772    -1.5350      0.369    31.7812    23.7056 -9.990e-29
 275.749190      0.417  38.468046    13.9780    -1.5352      0.414    31.8034    23.7225 -9.990e-29
 275.749196      0.459  38.486975    13.9786    -1.5346      0.455    31.8203    23.7355 -9.990e-29
 275.749201      0.502  38.500806    13.9787    -1.5344      0.498    31.8329    23.7452 -9.990e-29
 275.749207      0.543  38.510297    13.9787    -1.5343      0.538    31.8416    23.7519 -9.990e-29
 275.749213      0.576  38.513786    13.9787    -1.5343      0.571    31.8448    23.7544 -9.990e-29
 275.749219      0.600  38.508888    13.9786    -1.5344      0.595    31.8404    23.7510 -9.990e-29
 275.749225      0.616  38.506689    13.9784    -1.5346      0.611    31.8385    23.7496 -9.990e-29
 275.749230      0.621  38.516831    13.9786    -1.5343      0.616    31.8477    23.7566 -9.990e-29
 275.749236      0.619  38.523390    13.9788    -1.5342      0.614    31.8536    23.7611 -9.990e-29
 275.749242      0.627  38.512388    13.9789    -1.5343      0.622    31.8434    23.7532 -9.990e-29
 275.749248      0.645  38.494619    13.9790    -1.5342      0.640    31.8269    23.7405 -9.990e-29
 275.749253      0.663  38.494264    13.9793    -1.5343      0.657    31.8263    23.7400 -9.990e-29
 275.749259      0.677  38.515019    13.9801    -1.5342      0.671    31.8448    23.7541 -9.990e-29
 275.749265      0.688  38.534942    13.9811    -1.5348      0.682    31.8623    23.7674 -9.990e-29
 275.749271      0.696  38.543306    13.9822    -1.5350      0.690    31.8691    23.7724 -9.990e-29
 275.749277      0.702  38.542547    13.9829    -1.5348      0.696    31.8678    23.7713 -9.990e-29
 275.749282      0.706  38.535826    13.9830    -1.5343      0.700    31.8615    23.7664 -9.990e-29
 275.749288      0.710  38.532918    13.9826    -1.5342      0.704    31.8592    23.7647 -9.990e-29
 275.749294      0.712  38.539718    13.9822    -1.5341      0.706    31.8658    23.7698 -9.990e-29
 275.749300      0.713  38.548173    13.9821    -1.5342      0.707    31.8736    23.7759 -9.990e-29
 275.749306      0.713  38.551879    13.9823    -1.5344      0.707    31.8769    23.7784 -9.990e-29
 275.749311      0.713  38.551541    13.9826    -1.5347      0.707    31.8763    23.7779 -9.990e-29
 275.749317      0.711  38.546957    13.9827    -1.5345      0.705    31.8720    23.7746 -9.990e-29
 275.749323      0.709  38.532265    13.9825    -1.5342      0.703    31.8586    23.7643 -9.990e-29
 275.749329      0.705  38.508293    13.9822    -1.5340      0.699    31.8368    23.7475 -9.990e-29
 275.749334      0.700  38.495430    13.9819    -1.5341      0.694    31.8252    23.7386 -9.990e-29
 275.749340      0.693  38.507588    13.9817    -1.5342      0.687    31.8366    23.7474 -9.990e-29
 275.749346      0.684  38.532093    13.9814    -1.5343      0.678    31.8594    23.7651 -9.990e-29
 275.749352      0.677  38.550325    13.9814    -1.5347      0.671    31.8762    23.7781 -9.990e-29
 275.749358      0.675  38.557150    13.9819    -1.5349      0.669    31.8821    23.7825 -9.990e-29
 275.749363      0.674  38.552393    13.9825    -1.5345      0.668    31.8772    23.7786 -9.990e-29
 275.749369      0.670  38.538365    13.9830    -1.5341      0.664    31.8639    23.7682 -9.990e-29
 275.749375      0.662  38.529101    13.9834    -1.5340      0.656    31.8550    23.7613 -9.990e-29
 275.749381      0.649  38.536028    13.9841    -1.5340      0.644    31.8608    23.7656 -9.990e-29
 275.749387      0.637  38.550706    13.9850    -1.5340      0.632    31.8736    23.7753 -9.990e-29
 275.749392      0.631  38.558219    13.9858    -1.5342      0.626    31.8798    23.7800 -9.990e-29
 275.749398      0.636  38.554268    13.9863    -1.5343      0.631    31.8758    23.7767 -9.990e-29
 275.749404      0.649  38.542799    13.9865    -1.5342      0.644    31.8651    23.7684 -9.990e-29
 275.749410      0.660  38.526694    13.9866    -1.5341      0.654    31.8501    23.7569 -9.990e-29
 275.749416      0.668  38.508258    13.9864    -1.5342      0.662    31.8333    23.7440 -9.990e-29
 275.749421      0.672  38.502372    13.9859    -1.5341      0.666    31.8283    23.7402 -9.990e-29
 275.749427      0.672  38.520481    13.9852    -1.5341      0.666    31.8456    23.7537 -9.990e-29
 275.749433      0.669  38.546646    13.9846    -1.5341      0.663    31.8702    23.7727 -9.990e-29
 275.749439      0.666  38.562226    13.9841    -1.5343      0.660    31.8849    23.7842 -9.990e-29
