data/oxygen options/OCNMS/OCNMS1/raw_data/2023/CAST_CA042_230831faed.cnv
* Sea-Bird SBE 19 Data File:
* FileName = C:\Users\OCNMS.Inst\Documents\2023 Mooring Data\Casts\CAST_CA042_230831.hex
* Software Version SeatermAF 2.1.4.55
* Temperature SN = 2997
* Conductivity SN = 2997
* System UpLoad Time = Aug 31 2023 23:13:01 (localtime) = Aug 31 2023 23:13:01 (UTC)
** CAST_CA042_230831
* ds
# nquan = 9                                 
# nvalues = 1041                        
# units = specified
# name 0 = timeJ: Julian Days
# name 1 = prSM: Pressure, Strain Gauge [db]
# name 2 = c0mS/cm: Conductivity [mS/cm]
# name 3 = t090C: Temperature [ITS-90, deg C]
# name 4 = sbeox0ML/L: Oxygen, SBE 43 [ml/l]
# name 5 = depSM: Depth [salt water, m], lat = 47.5
# name 6 = sal00: Salinity, Practical [PSU]
# name 7 = sigma-é00: Density [sigma-theta, kg/m^3]
# name 8 = flag: flag
# span 0 = 243.782025, 243.788044       
# span 1 =     -6.132,     42.100       
# span 2 =   0.527038,  39.169644       
# span 3 =     8.7970,    16.1765       
# span 4 =    -1.8436,    15.4079       
# span 5 =     -6.081,     41.744       
# span 6 =     0.3200,    33.5134       
# span 7 =    -0.8050,    25.9667       
# span 8 = 0.0000e+00, 0.0000e+00       
# interval = seconds: 0.5
# start_time = Aug 31 2023 18:46:07 [Instrument's time stamp, header]
# bad_flag = -9.990e-29
*END*
[from data line 481]
 243.784809     -0.186  38.476791    13.3702     6.8673     -0.184    32.3208    24.2449 -9.990e-29
 243.784815     -0.174  38.467817    13.3633     6.9138     -0.173    32.3182    24.2443 -9.990e-29
 243.784821     -0.159  38.456593    13.3570     6.9259     -0.158    32.3131    24.2416 -9.990e-29
 243.784826     -0.141  38.454517    13.3529     6.9332     -0.140    32.3146    24.2436 -9.990e-29
 243.784832     -0.122  38.459777    13.3520     6.9474     -0.121    32.3203    24.2482 -9.990e-29
 243.784838     -0.105  38.467066    13.3545     6.8881     -0.104    32.3250    24.2513 -9.990e-29
 243.784844     -0.090  38.474141    13.3584     6.9073     -0.089    32.3283    24.2531 -9.990e-29
 243.784850     -0.076  38.480886    13.3636     6.9134     -0.075    32.3302    24.2535 -9.990e-29
 243.784855     -0.061  38.488235    13.3700     6.9185     -0.060    32.3316    24.2533 -9.990e-29
 243.784861     -0.045  38.494754    13.3752     6.9152     -0.045    32.3333    24.2536 -9.990e-29
 243.784867     -0.031  38.497340    13.3760     6.8911     -0.031    32.3350    24.2548 -9.990e-29
 243.784873     -0.023  38.492131    13.3693     6.8957     -0.023    32.3358    24.2567 -9.990e-29
 243.784878     -0.015  38.476078    13.3529     6.8909     -0.015    32.3347    24.2592 -9.990e-29
 243.784884     -0.003  38.453524    13.3332     6.9072     -0.003    32.3304    24.2597 -9.990e-29
 243.784890      0.015  38.435275    13.3198     6.9250      0.015    32.3246    24.2579 -9.990e-29
 243.784896      0.034  38.421063    13.3123     6.9392      0.034    32.3177    24.2540 -9.990e-29
 243.784902      0.048  38.413200    13.3108     6.9337      0.048    32.3116    24.2496 -9.990e-29
 243.784907      0.053  38.422464    13.3199     6.9165      0.053    32.3125    24.2486 -9.990e-29
 243.784913      0.049  38.437084    13.3364     6.9119      0.049    32.3122    24.2450 -9.990e-29
 243.784919      0.041  38.452991    13.3518     6.9216      0.041    32.3140    24.2434 -9.990e-29
 243.784925      0.036  38.479041    13.3640     6.9224      0.036    32.3281    24.2518 -9.990e-29
 243.784931      0.039  38.500635    13.3741     6.9487      0.039    32.3397    24.2588 -9.990e-29
 243.784936      0.050  38.503955    13.3779     6.9535      0.050    32.3396    24.2579 -9.990e-29
 243.784942      0.064  38.492842    13.3753     6.9479      0.063    32.3314    24.2521 -9.990e-29
 243.784948      0.075  38.482712    13.3747     6.9428      0.074    32.3224    24.2453 -9.990e-29
 243.784954      0.079  38.484126    13.3794     6.9450      0.078    32.3197    24.2423 -9.990e-29
 243.784959      0.076  38.491656    13.3858     6.9487      0.075    32.3214    24.2423 -9.990e-29
 243.784965      0.070  38.501305    13.3935     6.9488      0.069    32.3239    24.2426 -9.990e-29
 243.784971      0.069  38.511905    13.4011     6.9490      0.068    32.3273    24.2438 -9.990e-29
 243.784977      0.078  38.514588    13.4031     6.9336      0.077    32.3281    24.2440 -9.990e-29
 243.784983      0.093  38.507303    13.4016     6.9240      0.092    32.3226    24.2400 -9.990e-29
 243.784988      0.106  38.505525    13.4059     6.9160      0.105    32.3173    24.2351 -9.990e-29
 243.784994      0.114  38.516383    13.4169     6.8924      0.113    32.3181    24.2335 -9.990e-29
 243.785000      0.117  38.530790    13.4265     6.9257      0.116    32.3234    24.2357 -9.990e-29
 243.785006      0.116  38.539349    13.4249     6.9438      0.115    32.3328    24.2433 -9.990e-29
 243.785012      0.110  38.532717    13.4095     6.9601      0.109    32.3396    24.2516 -9.990e-29
 243.785017      0.104  38.510431    13.3907     6.9643      0.103    32.3347    24.2516 -9.990e-29
 243.785023      0.101  38.484778    13.3787     6.9006      0.100    32.3209    24.2433 -9.990e-29
 243.785029      0.096  38.470831    13.3727     6.9188      0.095    32.3130    24.2384 -9.990e-29
 243.785035      0.086  38.475180    13.3730     6.9167      0.085    32.3168    24.2413 -9.990e-29
 243.785041      0.074  38.491825    13.3832     6.9257      0.073    32.3237    24.2446 -9.990e-29
 243.785046      0.067  38.512111    13.3987     6.9416      0.066    32.3295    24.2460 -9.990e-29
 243.785052      0.066  38.525518    13.4108     6.9264      0.065    32.3318    24.2453 -9.990e-29
 243.785058      0.065  38.526922    13.4155     6.9327      0.064    32.3291    24.2423 -9.990e-29
 243.785064      0.069  38.515367    13.4126     6.9425      0.068    32.3208    24.2365 -9.990e-29
 243.785069      0.083  38.492795    13.4046     6.9462      0.082    32.3065    24.2270 -9.990e-29
 243.785075      0.103  38.472230    13.3954     6.9425      0.102    32.2950    24.2200 -9.990e-29
 243.785081      0.122  38.459285    13.3858     6.9280      0.121    32.2911    24.2188 -9.990e-29
 243.785087      0.137  38.449558    13.3769     6.9157      0.136    32.2895    24.2194 -9.990e-29
 243.785093      0.148  38.447421    13.3708     6.9090      0.147    32.2927    24.2231 -9.990e-29
 243.785098      0.157  38.453917    13.3633     6.9048      0.156    32.3051    24.2342 -9.990e-29
 243.785104      0.164  38.453023    13.3456     6.9104      0.163    32.3193    24.2487 -9.990e-29
 243.785110      0.170  38.435676    13.3190     6.9215      0.169    32.3256    24.2589 -9.990e-29
 243.785116      0.174  38.415142    13.2958     6.9434      0.173    32.3261    24.2638 -9.990e-29
 243.785122      0.177  38.402674    13.2830     6.9589      0.176    32.3253    24.2657 -9.990e-29
 243.785127      0.180  38.395064    13.2778     6.9661      0.178    32.3226    24.2647 -9.990e-29
 243.785133      0.183  38.390538    13.2769     6.9579      0.181    32.3191    24.2622 -9.990e-29
 243.785139      0.185  38.390317    13.2822     6.9382      0.183    32.3144    24.2575 -9.990e-29
 243.785145      0.186  38.399121    13.2971     6.9261      0.184    32.3100    24.2511 -9.990e-29
 243.785150      0.188  38.430343    13.3224     6.9113      0.186    32.3177    24.2521 -9.990e-29
 243.785156      0.190  38.480197    13.3579     6.9113      0.188    32.3343    24.2578 -9.990e-29
 243.785162      0.191  38.522672    13.3930     6.9044      0.189    32.3442    24.2585 -9.990e-29
 243.785168      0.193  38.541534    13.4109     6.9064      0.191    32.3467    24.2568 -9.990e-29
 243.785174      0.195  38.536133    13.4066     6.9157      0.193    32.3453    24.2566 -9.990e-29
 243.785179      0.198  38.510456    13.3842     6.9146      0.196    32.3403    24.2572 -9.990e-29
 243.785185      0.201  38.471151    13.3514     6.9214      0.199    32.3313    24.2568 -9.990e-29
 243.785191      0.206  38.433585    13.3213     6.9220      0.204    32.3217    24.2554 -9.990e-29
 243.785197      0.211  38.413199    13.3042     6.9241      0.209    32.3171    24.2552 -9.990e-29
 243.785203      0.218  38.410234    13.3021     6.9265      0.216    32.3161    24.2549 -9.990e-29
 243.785208      0.222  38.412859    13.3104     6.8749      0.220    32.3115    24.2497 -9.990e-29
 243.785214      0.220  38.412216    13.3190     6.9074      0.218    32.3036    24.2419 -9.990e-29
 243.785220      0.216  38.406859    13.3167     6.9185      0.214    32.3006    24.2399 -9.990e-29
 243.785226      0.214  38.398588    13.3003     6.9460      0.212    32.3067    24.2480 -9.990e-29
 243.785231      0.213  38.392038    13.2792     6.9638      0.211    32.3185    24.2613 -9.990e-29
 243.785237      0.214  38.390217    13.2637     6.9028      0.212    32.3300    24.2732 -9.990e-29
 243.785243      0.217  38.388986    13.2550     6.9089      0.215    32.3362    24.2798 -9.990e-29
 243.785249      0.221  38.382747    13.2506     6.9126      0.219    32.3341    24.2790 -9.990e-29
 243.785255      0.223  38.376602    13.2500     6.9095      0.221    32.3289    24.2751 -9.990e-29
 243.785260      0.219  38.375217    13.2524     6.9010      0.217    32.3255    24.2720 -9.990e-29
 243.785266      0.213  38.375035    13.2540     6.8786      0.211    32.3240    24.2705 -9.990e-29
 243.785272      0.208  38.372985    13.2494     6.8880      0.206    32.3260    24.2730 -9.990e-29
 243.785278      0.204  38.363505    13.2353     6.9051      0.202    32.3291    24.2781 -9.990e-29
 243.785284      0.202  38.342336    13.2146     6.9156      0.200    32.3268    24.2805 -9.990e-29
 243.785289      0.200  38.322127    13.1971     6.9273      0.198    32.3227    24.2808 -9.990e-29
 243.785295      0.199  38.317370    13.1904     6.9355      0.197    32.3240    24.2831 -9.990e-29
 243.785301      0.199  38.324491    13.1935     6.9494      0.197    32.3280    24.2856 -9.990e-29
 243.785307      0.200  38.336145    13.2022     6.9622      0.198    32.3316    24.2866 -9.990e-29
 243.785313      0.202  38.347669    13.2129     6.9567      0.200    32.3333    24.2858 -9.990e-29
 243.785318      0.204  38.357030    13.2240     6.9458      0.202    32.3326    24.2831 -9.990e-29
 243.785324      0.207  38.369962    13.2355     6.9497      0.205    32.3350    24.2827 -9.990e-29
 243.785330      0.212  38.387433    13.2452     6.9391      0.210    32.3431    24.2870 -9.990e-29
 243.785336      0.213  38.401892    13.2520     6.9291      0.211    32.3509    24.2917 -9.990e-29
 243.785341      0.208  38.411300    13.2583     6.9319      0.206    32.3544    24.2931 -9.990e-29
 243.785347      0.200  38.416407    13.2640     6.9326      0.198    32.3543    24.2920 -9.990e-29
 243.785353      0.193  38.415030    13.2654     6.9435      0.191    32.3518    24.2898 -9.990e-29
 243.785359      0.186  38.405305    13.2625     6.9391      0.184    32.3452    24.2852 -9.990e-29
 243.785365      0.183  38.397777    13.2638     6.9348      0.181    32.3370    24.2786 -9.990e-29
 243.785370      0.188  38.405354    13.2722     6.9324      0.186    32.3370    24.2769 -9.990e-29
 243.785376      0.197  38.418499    13.2822     6.9246      0.195    32.3408    24.2779 -9.990e-29
 243.785382      0.208  38.426693    13.2932     6.9306      0.206    32.3391    24.2744 -9.990e-29
 243.785388      0.219  38.431872    13.3035     6.9249      0.217    32.3352    24.2694 -9.990e-29
 243.785394      0.232  38.432510    13.3046     6.8680      0.230    32.3349    24.2689 -9.990e-29
 243.785399      0.249  38.422707    13.2911     6.9077      0.247    32.3371    24.2733 -9.990e-29
 243.785405      0.269  38.400574    13.2692     6.9123      0.267    32.3350    24.2760 -9.990e-29
 243.785411      0.290  38.373559    13.2521     6.9263      0.288    32.3242    24.2710 -9.990e-29
 243.785417      0.304  38.357724    13.2476     6.9421      0.301    32.3132    24.2634 -9.990e-29
 243.785422      0.309  38.362743    13.2561     6.8811      0.306    32.3106    24.2598 -9.990e-29
 243.785428      0.305  38.377345    13.2690     6.9127      0.302    32.3134    24.2593 -9.990e-29
 243.785434      0.295  38.387349    13.2771     6.9151      0.293    32.3159    24.2597 -9.990e-29
 243.785440      0.288  38.395982    13.2801     6.9107      0.286    32.3214    24.2633 -9.990e-29
 243.785446      0.287  38.406327    13.2740     6.9215      0.285    32.3363    24.2761 -9.990e-29
 243.785451      0.292  38.405255    13.2555     6.9036      0.290    32.3510    24.2911 -9.990e-29
 243.785457      0.300  38.389068    13.2361     6.8968      0.297    32.3524    24.2960 -9.990e-29
 243.785463      0.301  38.372580    13.2245     6.8988      0.298    32.3468    24.2940 -9.990e-29
 243.785469      0.293  38.363472    13.2164     6.9000      0.291    32.3451    24.2943 -9.990e-29
 243.785475      0.275  38.357414    13.2083     6.8983      0.273    32.3463    24.2968 -9.990e-29
 243.785480      0.249  38.351344    13.2023     6.8990      0.247    32.3457    24.2976 -9.990e-29
 243.785486      0.231  38.346665    13.1998     6.8944      0.229    32.3435    24.2963 -9.990e-29
 243.785492      0.234  38.342155    13.1960     6.8968      0.232    32.3425    24.2963 -9.990e-29
 243.785498      0.247  38.332335    13.1849     6.8873      0.245    32.3427    24.2986 -9.990e-29
 243.785503      0.265  38.316410    13.1686     6.8807      0.263    32.3416    24.3010 -9.990e-29
 243.785509      0.283  38.300577    13.1566     6.8860      0.281    32.3369    24.2998 -9.990e-29
 243.785515      0.294  38.291154    13.1546     6.8825      0.292    32.3298    24.2946 -9.990e-29
 243.785521      0.300  38.286752    13.1577     6.8888      0.297    32.3230    24.2888 -9.990e-29
 243.785527      0.303  38.279049    13.1556     6.8894      0.300    32.3175    24.2850 -9.990e-29
 243.785532      0.306  38.266721    13.1427     6.8943      0.303    32.3169    24.2870 -9.990e-29
 243.785538      0.312  38.254969    13.1239     6.8931      0.309    32.3219    24.2946 -9.990e-29
 243.785544      0.321  38.247686    13.1089     6.9114      0.318    32.3278    24.3021 -9.990e-29
 243.785550      0.326  38.246700    13.1044     6.9140      0.323    32.3307    24.3052 -9.990e-29
 243.785556      0.323  38.253455    13.1106     6.9006      0.320    32.3318    24.3049 -9.990e-29
 243.785561      0.311  38.265150    13.1203     6.8897      0.308    32.3345    24.3051 -9.990e-29
 243.785567      0.294  38.274367    13.1269     6.8854      0.292    32.3376    24.3061 -9.990e-29
 243.785573      0.280  38.281595    13.1312     6.8880      0.278    32.3407    24.3077 -9.990e-29
 243.785579      0.272  38.286352    13.1339     6.8721      0.270    32.3429    24.3089 -9.990e-29
 243.785584      0.269  38.284300    13.1331     6.8862      0.267    32.3416    24.3081 -9.990e-29
 243.785590      0.271  38.281632    13.1305     6.8871      0.269    32.3413    24.3083 -9.990e-29
 243.785596      0.278  38.282040    13.1285     6.8997      0.276    32.3434    24.3104 -9.990e-29
 243.785602      0.287  38.280427    13.1268     6.9130      0.285    32.3434    24.3106 -9.990e-29
 243.785608      0.293  38.277970    13.1256     6.8673      0.291    32.3421    24.3099 -9.990e-29
 243.785613      0.298  38.277518    13.1257     6.9073      0.296    32.3416    24.3095 -9.990e-29
 243.785619      0.296  38.280115    13.1286     6.9110      0.294    32.3415    24.3089 -9.990e-29
 243.785625      0.289  38.289746    13.1363     6.9053      0.287    32.3440    24.3093 -9.990e-29
 243.785631      0.284  38.306328    13.1498     6.9154      0.282    32.3481    24.3098 -9.990e-29
 243.785637      0.285  38.327279    13.1673     6.8934      0.283    32.3529    24.3100 -9.990e-29
 243.785642      0.293  38.344076    13.1803     6.9123      0.291    32.3576    24.3111 -9.990e-29
 243.785648      0.307  38.339855    13.1804     6.9254      0.304    32.3536    24.3079 -9.990e-29
 243.785654      0.324  38.319041    13.1732     6.9354      0.321    32.3401    24.2990 -9.990e-29
 243.785660      0.337  38.308205    13.1711     6.9318      0.334    32.3317    24.2929 -9.990e-29
 243.785666      0.342  38.316399    13.1794     6.9266      0.339    32.3324    24.2917 -9.990e-29
 243.785671      0.340  38.332653    13.1957     6.9244      0.337    32.3338    24.2896 -9.990e-29
 243.785677      0.331  38.348343    13.2124     6.9166      0.328    32.3343    24.2867 -9.990e-29
 243.785683      0.318  38.365302    13.2248     6.9362      0.315    32.3397    24.2884 -9.990e-29
 243.785689      0.309  38.380892    13.2272     6.9497      0.306    32.3523    24.2977 -9.990e-29
 243.785694      0.307  38.382247    13.2159     6.9623      0.304    32.3631    24.3083 -9.990e-29
 243.785700      0.313  38.372820    13.2037     6.9708      0.310    32.3647    24.3119 -9.990e-29
 243.785706      0.323  38.368586    13.2039     6.9654      0.320    32.3605    24.3087 -9.990e-29
 243.785712      0.329  38.377309    13.2171     6.9554      0.326    32.3575    24.3037 -9.990e-29
 243.785718      0.326  38.401051    13.2409     6.9456      0.323    32.3595    24.3006 -9.990e-29
 243.785723      0.319  38.437809    13.2773     6.9325      0.316    32.3630    24.2961 -9.990e-29
