data/oxygen options/OCNMS/OCNMS1/raw_data/2023/CAST_CA015_230718faed.cnv
* Sea-Bird SBE 19 Data File:
* FileName = C:\Users\OCNMS.Inst\Documents\2023 Mooring Data\Casts\CAST_CA015_230718.hex
* Software Version SeatermAF 2.1.4.55
* Temperature SN = 2997
* Conductivity SN = 2997
* System UpLoad Time = Jul 18 2023 22:39:06 (localtime) = Jul 18 2023 22:39:06 (UTC)
** CAST_CA015_230718
* ds
# nquan = 9                                 
# nvalues = 841                         
# units = specified
# name 0 = timeJ: Julian Days
# name 1 = prSM: Pressure, Strain Gauge [db]
# name 2 = c0mS/cm: Conductivity [mS/cm]
# name 3 = t090C: Temperature [ITS-90, deg C]
# name 4 = sbeox0ML/L: Oxygen, SBE 43 [ml/l]
# name 5 = depSM: Depth [salt water, m], lat = 47.5
# name 6 = sal00: Salinity, Practical [PSU]
# name 7 = sigma-é00: Density [sigma-theta, kg/m^3]
# name 8 = flag: flag
# span 0 = 199.914803, 199.919664       
# span 1 =     -6.259,     13.109       
# span 2 =   0.438141,  39.254380       
# span 3 =     8.6802,    18.1075       
# span 4 =    -1.7530,    12.2803       
# span 5 =     -6.207,     12.999       
# span 6 =     0.2468,    33.8074       
# span 7 =    -1.2288,    26.0727       
# span 8 = 0.0000e+00, 0.0000e+00       
# interval = seconds: 0.5
# start_time = Jul 18 2023 21:57:19 [Instrument's time stamp, header]
# bad_flag = -9.990e-29
*END*
[from data line 321]
 199.916661     -1.658   0.467172    17.1542    -1.7466     -1.644     0.2678    -1.0443 -9.990e-29
 199.916667     -1.659   0.470275    17.1456    -1.7469     -1.645     0.2697    -1.0414 -9.990e-29
 199.916672     -1.662   0.474048    17.1411    -1.7471     -1.648     0.2719    -1.0388 -9.990e-29
 199.916678     -1.663   0.478533    17.1404    -1.7473     -1.649     0.2746    -1.0367 -9.990e-29
 199.916684     -1.661   0.483610    17.1422    -1.7478     -1.647     0.2776    -1.0347 -9.990e-29
 199.916690     -1.657   0.489397    17.1435    -1.7484     -1.643     0.2810    -1.0323 -9.990e-29
 199.916696     -1.655   0.495847    17.1419    -1.7491     -1.641     0.2848    -1.0291 -9.990e-29
 199.916701     -1.659   0.502688    17.1377    -1.7492     -1.645     0.2888    -1.0252 -9.990e-29
 199.916707     -1.664   0.510173    17.1312    -1.7498     -1.650     0.2933    -1.0207 -9.990e-29
 199.916713     -1.667   0.518300    17.1228    -1.7504     -1.653     0.2982    -1.0154 -9.990e-29
 199.916719     -1.669   0.526819    17.1139    -1.7504     -1.655     0.3033    -1.0099 -9.990e-29
 199.916725     -1.668   0.535443    17.1049    -1.7499     -1.654     0.3085    -1.0044 -9.990e-29
 199.916730     -1.666   0.544029    17.0942    -1.7496     -1.652     0.3136    -0.9985 -9.990e-29
 199.916736     -1.661   0.552936    17.0806    -1.7486     -1.647     0.3190    -0.9920 -9.990e-29
 199.916742     -1.654   0.561841    17.0651    -1.7481     -1.640     0.3244    -0.9851 -9.990e-29
 199.916748     -1.645   0.569865    17.0505    -1.7485     -1.631     0.3293    -0.9788 -9.990e-29
 199.916753     -1.636   0.576619    17.0374    -1.7491     -1.622     0.3334    -0.9733 -9.990e-29
 199.916759     -1.632   0.582235    17.0246    -1.7499     -1.618     0.3369    -0.9684 -9.990e-29
 199.916765     -1.627   0.586993    17.0153    -1.7504     -1.613     0.3398    -0.9645 -9.990e-29
 199.916771     -1.623   0.590586    17.0142    -1.7505     -1.609     0.3420    -0.9627 -9.990e-29
 199.916777     -1.622   0.592813    17.0211    -1.7502     -1.608     0.3432    -0.9629 -9.990e-29
 199.916782     -1.621   0.594425    17.0334    -1.7500     -1.607     0.3441    -0.9644 -9.990e-29
 199.916788     -1.615   0.595908    17.0474    -1.7495     -1.602     0.3449    -0.9662 -9.990e-29
 199.916794     -1.604   0.597024    17.0550    -1.7496     -1.591     0.3455    -0.9671 -9.990e-29
 199.916800     -1.587   0.597597    17.0507    -1.7499     -1.574     0.3459    -0.9661 -9.990e-29
 199.916806     -1.567   0.597836    17.0379    -1.7501     -1.554     0.3461    -0.9636 -9.990e-29
 199.916811     -1.548   0.598061    17.0234    -1.7507     -1.535     0.3464    -0.9609 -9.990e-29
 199.916817     -1.527   0.598572    17.0129    -1.7508     -1.514     0.3467    -0.9588 -9.990e-29
 199.916823     -1.509   0.599497    17.0092    -1.7505     -1.496     0.3473    -0.9577 -9.990e-29
 199.916829     -1.495   0.600404    17.0116    -1.7505     -1.483     0.3479    -0.9577 -9.990e-29
 199.916834     -1.486   0.600841    17.0173    -1.7503     -1.474     0.3481    -0.9585 -9.990e-29
 199.916840     -1.480   0.600836    17.0226    -1.7504     -1.468     0.3480    -0.9595 -9.990e-29
 199.916846     -1.478   0.600382    17.0230    -1.7507     -1.466     0.3477    -0.9598 -9.990e-29
 199.916852     -1.478   0.599430    17.0182    -1.7508     -1.466     0.3472    -0.9593 -9.990e-29
 199.916858     -1.482   0.598375    17.0107    -1.7509     -1.470     0.3466    -0.9585 -9.990e-29
 199.916863     -1.484   0.597474    17.0036    -1.7510     -1.472     0.3462    -0.9576 -9.990e-29
 199.916869     -1.482   0.596635    17.0004    -1.7510     -1.470     0.3457    -0.9574 -9.990e-29
 199.916875     -1.479   0.595847    17.0014    -1.7507     -1.467     0.3452    -0.9579 -9.990e-29
 199.916881     -1.479   0.595171    17.0033    -1.7505     -1.467     0.3448    -0.9586 -9.990e-29
 199.916887     -1.482   0.594813    17.0042    -1.7504     -1.470     0.3446    -0.9589 -9.990e-29
 199.916892     -1.488   0.594852    17.0024    -1.7503     -1.476     0.3446    -0.9586 -9.990e-29
 199.916898     -1.499   0.595338    16.9982    -1.7503     -1.486     0.3449    -0.9576 -9.990e-29
 199.916904     -1.509   0.596367    16.9940    -1.7505     -1.496     0.3456    -0.9564 -9.990e-29
 199.916910     -1.512   0.597647    16.9911    -1.7507     -1.499     0.3464    -0.9553 -9.990e-29
 199.916916     -1.507   0.598854    16.9897    -1.7509     -1.494     0.3471    -0.9544 -9.990e-29
 199.916921     -1.499   0.599931    16.9912    -1.7508     -1.486     0.3477    -0.9542 -9.990e-29
 199.916927     -1.486   0.600835    16.9954    -1.7508     -1.474     0.3482    -0.9546 -9.990e-29
 199.916933     -1.473   0.601660    16.9998    -1.7511     -1.461     0.3487    -0.9550 -9.990e-29
 199.916939     -1.463   0.602580    17.0028    -1.7511     -1.451     0.3492    -0.9551 -9.990e-29
 199.916944     -1.455   0.603713    17.0040    -1.7510     -1.443     0.3499    -0.9548 -9.990e-29
 199.916950     -1.448   0.605458    17.0029    -1.7509     -1.436     0.3509    -0.9538 -9.990e-29
 199.916956     -1.443   0.607920    16.9993    -1.7509     -1.431     0.3525    -0.9520 -9.990e-29
 199.916962     -1.438   0.610501    16.9947    -1.7508     -1.426     0.3540    -0.9500 -9.990e-29
 199.916968     -1.434   0.612760    16.9912    -1.7504     -1.422     0.3554    -0.9483 -9.990e-29
 199.916973     -1.430   0.614933    16.9894    -1.7504     -1.418     0.3567    -0.9470 -9.990e-29
 199.916979     -1.427   0.617143    16.9873    -1.7505     -1.415     0.3581    -0.9456 -9.990e-29
 199.916985     -1.423   0.619011    16.9843    -1.7508     -1.411     0.3592    -0.9442 -9.990e-29
 199.916991     -1.419   0.620805    16.9825    -1.7509     -1.407     0.3603    -0.9430 -9.990e-29
 199.916997     -1.414   0.623252    16.9831    -1.7512     -1.402     0.3618    -0.9420 -9.990e-29
 199.917002     -1.409   0.626287    16.9847    -1.7513     -1.397     0.3636    -0.9409 -9.990e-29
 199.917008     -1.402   0.629519    16.9865    -1.7516     -1.390     0.3655    -0.9397 -9.990e-29
 199.917014     -1.398   0.632820    16.9894    -1.7518     -1.386     0.3675    -0.9387 -9.990e-29
 199.917020     -1.400   0.636152    16.9927    -1.7514     -1.388     0.3694    -0.9378 -9.990e-29
 199.917025     -1.404   0.638968    16.9936    -1.7508     -1.392     0.3711    -0.9366 -9.990e-29
 199.917031     -1.408   0.640583    16.9910    -1.7501     -1.396     0.3721    -0.9354 -9.990e-29
 199.917037     -1.409   0.641486    16.9860    -1.7496     -1.397     0.3727    -0.9341 -9.990e-29
 199.917043     -1.410   0.642880    16.9802    -1.7492     -1.398     0.3736    -0.9324 -9.990e-29
 199.917049     -1.409   0.645511    16.9745    -1.7503     -1.397     0.3752    -0.9302 -9.990e-29
 199.917054     -1.407   0.649004    16.9689    -1.7506     -1.395     0.3774    -0.9275 -9.990e-29
 199.917060     -1.404   0.652470    16.9641    -1.6925     -1.392     0.3795    -0.9251 -9.990e-29
 199.917066     -1.399   0.655539    16.9636    -1.5124     -1.387     0.3813    -0.9235 -9.990e-29
 199.917072     -1.392   0.658418    16.9705    -1.5527     -1.380     0.3830    -0.9235 -9.990e-29
 199.917078     -1.383   0.662173    16.9825    -1.5620     -1.371     0.3852    -0.9239 -9.990e-29
 199.917083     -1.371   0.669592    16.9938    -1.5631     -1.360     0.3895    -0.9225 -9.990e-29
 199.917089     -1.355   0.688346    16.9965    -1.5616     -1.344     0.4008    -0.9143 -9.990e-29
 199.917095     -1.335   0.740665    16.9749    -1.5635     -1.324     0.4326    -0.8861 -9.990e-29
 199.917101     -1.309   0.892426    16.8983    -1.5603     -1.298     0.5259    -0.8009 -9.990e-29
 199.917106     -1.275   1.342647    16.6832    -1.5592     -1.264     0.8095    -0.5456 -9.990e-29
 199.917112     -1.236   2.691068    16.0535    -1.5636     -1.226     1.7082     0.2516 -9.990e-29
 199.917118     -1.193   6.736691    14.9065    -1.5653     -1.183     4.6666     2.7103 -9.990e-29
 199.917124     -1.143  16.145543    13.7507    -1.5650     -1.133    12.3364     8.7847 -9.990e-29
 199.917130     -1.088  27.963837    13.0466    -1.5659     -1.079    22.8986    17.0316 -9.990e-29
 199.917135     -1.033  35.220372    12.7372    -1.5665     -1.024    29.7881    22.4088 -9.990e-29
 199.917141     -0.983  37.677122    12.6183    -1.5645     -0.975    32.2073    24.3041 -9.990e-29
 199.917147     -0.938  38.570395    12.5670    -1.5650     -0.930    33.1038    25.0087 -9.990e-29
 199.917153     -0.893  38.918028    12.5398    -1.5648     -0.886    33.4607    25.2906 -9.990e-29
 199.917159     -0.839  39.092724    12.5274    -1.5647     -0.832    33.6392    25.4314 -9.990e-29
 199.917164     -0.777  39.232681    12.5208    -1.5617     -0.771    33.7795    25.5414 -9.990e-29
 199.917170     -0.713  39.254380    12.5129    -1.5621     -0.707    33.8074    25.5646 -9.990e-29
 199.917176     -0.650  39.126203    12.5068    -1.5632     -0.645    33.6897    25.4746 -9.990e-29
 199.917182     -0.593  39.000559    12.5104    -1.5642     -0.588    33.5659    25.3779 -9.990e-29
 199.917188     -0.548  38.937408    12.5302    -1.5647     -0.543    33.4877    25.3134 -9.990e-29
 199.917193     -0.514  38.881660    12.5572    -1.5606     -0.510    33.4102    25.2481 -9.990e-29
 199.917199     -0.492  38.828441    12.5729    -1.5608     -0.488    33.3453    25.1947 -9.990e-29
 199.917205     -0.478  38.800350    12.5813    -1.5598     -0.474    33.3109    25.1665 -9.990e-29
 199.917211     -0.468  38.794657    12.5942    -1.5616     -0.464    33.2941    25.1509 -9.990e-29
 199.917216     -0.452  38.804311    12.6072    -1.5626     -0.448    33.2918    25.1466 -9.990e-29
 199.917222     -0.430  38.844400    12.6141    -1.5642     -0.426    33.3240    25.1703 -9.990e-29
 199.917228     -0.409  38.902795    12.6150    -1.5621     -0.406    33.3791    25.2127 -9.990e-29
 199.917234     -0.392  38.912206    12.6082    -1.5631     -0.389    33.3941    25.2257 -9.990e-29
 199.917240     -0.377  38.868909    12.5946    -1.5639     -0.374    33.3647    25.2056 -9.990e-29
 199.917245     -0.368  38.850193    12.5831    -1.5645     -0.365    33.3570    25.2018 -9.990e-29
 199.917251     -0.369  38.932498    12.5914    -1.5651     -0.366    33.4284    25.2556 -9.990e-29
 199.917257     -0.375  39.082085    12.6247    -1.5657     -0.372    33.5419    25.3371 -9.990e-29
 199.917263     -0.382  39.148713    12.6548    -1.5654     -0.379    33.5788    25.3598 -9.990e-29
 199.917269     -0.387  39.070461    12.6535    -1.5648     -0.384    33.5052    25.3030 -9.990e-29
 199.917274     -0.382  38.928459    12.6223    -1.5631     -0.379    33.3971    25.2253 -9.990e-29
 199.917280     -0.365  38.838751    12.5844    -1.5627     -0.362    33.3449    25.1922 -9.990e-29
 199.917286     -0.346  38.866618    12.5616    -1.5636     -0.343    33.3918    25.2330 -9.990e-29
 199.917292     -0.330  38.958406    12.5586    -1.5639     -0.327    33.4824    25.3038 -9.990e-29
 199.917297     -0.326  38.991592    12.5638    -1.5648     -0.323    33.5095    25.3238 -9.990e-29
 199.917303     -0.333  38.938673    12.5635    -1.5656     -0.330    33.4591    25.2848 -9.990e-29
 199.917309     -0.343  38.861870    12.5567    -1.5630     -0.340    33.3916    25.2338 -9.990e-29
 199.917315     -0.348  38.808933    12.5491    -1.5628     -0.345    33.3477    25.2012 -9.990e-29
 199.917321     -0.344  38.800031    12.5417    -1.5627     -0.341    33.3457    25.2011 -9.990e-29
 199.917326     -0.336  38.837837    12.5363    -1.5640     -0.333    33.3867    25.2339 -9.990e-29
 199.917332     -0.331  38.918941    12.5399    -1.5647     -0.328    33.4612    25.2910 -9.990e-29
 199.917338     -0.333  39.006886    12.5532    -1.5648     -0.330    33.5337    25.3446 -9.990e-29
 199.917344     -0.338  39.028947    12.5658    -1.5649     -0.335    33.5436    25.3498 -9.990e-29
 199.917350     -0.339  38.971927    12.5682    -1.5636     -0.336    33.4868    25.3053 -9.990e-29
 199.917355     -0.330  38.894826    12.5590    -1.5625     -0.327    33.4211    25.2562 -9.990e-29
 199.917361     -0.315  38.847800    12.5454    -1.5625     -0.312    33.3882    25.2333 -9.990e-29
 199.917367     -0.302  38.881312    12.5400    -1.5623     -0.299    33.4251    25.2629 -9.990e-29
 199.917373     -0.299  38.983983    12.5483    -1.5622     -0.297    33.5161    25.3319 -9.990e-29
 199.917378     -0.306  39.047802    12.5642    -1.5614     -0.303    33.5630    25.3652 -9.990e-29
 199.917384     -0.314  39.015509    12.5757    -1.5605     -0.311    33.5218    25.3311 -9.990e-29
 199.917390     -0.319  38.923034    12.5759    -1.5604     -0.316    33.4331    25.2622 -9.990e-29
 199.917396     -0.318  38.843185    12.5680    -1.5604     -0.315    33.3637    25.2099 -9.990e-29
 199.917402     -0.307  38.824692    12.5601    -1.5607     -0.304    33.3530    25.2032 -9.990e-29
 199.917407     -0.293  38.872013    12.5586    -1.5604     -0.291    33.3996    25.2396 -9.990e-29
 199.917413     -0.288  38.960801    12.5653    -1.5604     -0.286    33.4787    25.2996 -9.990e-29
 199.917419     -0.292  39.034021    12.5764    -1.5611     -0.290    33.5389    25.3442 -9.990e-29
 199.917425     -0.296  39.059271    12.5845    -1.5615     -0.294    33.5559    25.3558 -9.990e-29
 199.917431     -0.297  39.060672    12.5881    -1.5614     -0.295    33.5540    25.3536 -9.990e-29
 199.917436     -0.295  39.078176    12.5898    -1.5635     -0.293    33.5693    25.3651 -9.990e-29
 199.917442     -0.293  39.125573    12.5900    -1.5636     -0.291    33.6145    25.4001 -9.990e-29
 199.917448     -0.296  39.176934    12.5899    -1.5627     -0.294    33.6638    25.4383 -9.990e-29
 199.917454     -0.300  39.204891    12.5879    -1.5639     -0.297    33.6924    25.4609 -9.990e-29
 199.917459     -0.301  39.209712    12.5803    -1.5654     -0.298    33.7038    25.4712 -9.990e-29
 199.917465     -0.298  39.212372    12.5672    -1.5641     -0.296    33.7181    25.4849 -9.990e-29
 199.917471     -0.293  39.229842    12.5520    -1.5640     -0.291    33.7485    25.5114 -9.990e-29
 199.917477     -0.283  39.248404    12.5379    -1.5655     -0.281    33.7790    25.5378 -9.990e-29
 199.917483     -0.269  39.250753    12.5242    -1.5672     -0.267    33.7935    25.5517 -9.990e-29
 199.917488     -0.254  39.242796    12.5115    -1.5644     -0.252    33.7973    25.5571 -9.990e-29
 199.917494     -0.246  39.217818    12.5079    -1.5639     -0.244    33.7766    25.5417 -9.990e-29
 199.917500     -0.249  39.173869    12.5148    -1.5640     -0.247    33.7282    25.5028 -9.990e-29
 199.917506     -0.257  39.137502    12.5201    -1.5647     -0.255    33.6885    25.4711 -9.990e-29
 199.917512     -0.264  39.094389    12.5144    -1.5634     -0.262    33.6522    25.4440 -9.990e-29
 199.917517     -0.265  39.025689    12.5005    -1.5631     -0.263    33.5987    25.4053 -9.990e-29
 199.917523     -0.261  38.991079    12.4885    -1.5632     -0.259    33.5762    25.3901 -9.990e-29
 199.917529     -0.252  39.018916    12.4839    -1.5632     -0.250    33.6071    25.4149 -9.990e-29
 199.917535     -0.236  39.028052    12.4839    -1.5634     -0.234    33.6159    25.4217 -9.990e-29
 199.917541     -0.217  38.977406    12.4861     9.3525     -0.215    33.5652    25.3821 -9.990e-29
 199.917546     -0.202  38.954647    12.4903    12.1972     -0.200    33.5396    25.3614 -9.990e-29
 199.917552     -0.195  39.007856    12.4959    12.2803     -0.193    33.5857    25.3960 -9.990e-29
 199.917558     -0.195  39.059459    12.5015    10.1188     -0.193    33.6302    25.4295 -9.990e-29
 199.917564     -0.198  39.063361    12.5051     5.6339     -0.196    33.6308    25.4292 -9.990e-29
 199.917569     -0.195  39.061727    12.5043     5.8137     -0.193    33.6299    25.4287 -9.990e-29
 199.917575     -0.183  39.087660    12.4993     6.0993     -0.181    33.6593    25.4524 -9.990e-29
