data/oxygen options/ONMS/Olympic_Coast_National_Marine_Sanctuary_CTD_Data_2005_2023/raw_data/2020/CAST_MB015_200720faed.cnv
* Sea-Bird SBE 19 Data File:
* FileName = C:\2020 Mooring Data\Casts\CAST_MB015_200720.hex
* Software Version SeatermAF 2.1.2
* Temperature SN = 2997
* Conductivity SN = 2997
* System UpLoad Time = Jul 20 2020 19:59:53 (localtime) = Jul 20 2020 19:59:53 (UTC)
** CAST_MB015_200720
* ds
# nquan = 9                                 
# nvalues = 1077                        
# units = specified
# name 0 = timeJ: Julian Days
# name 1 = prSM: Pressure, Strain Gauge [db]
# name 2 = c0mS/cm: Conductivity [mS/cm]
# name 3 = t090C: Temperature [ITS-90, deg C]
# name 4 = sbeox0ML/L: Oxygen, SBE 43 [ml/l]
# name 5 = depSM: Depth [salt water, m], lat = 47.5
# name 6 = sal00: Salinity, Practical [PSU]
# name 7 = sigma-é00: Density [sigma-theta, kg/m^3]
# name 8 = flag: flag
# span 0 = 202.823519, 202.829745       
# span 1 =     -5.643,     14.132       
# span 2 =   0.006141,  38.441462       
# span 3 =     8.5297,    18.1947       
# span 4 =    -1.7888,    12.8803       
# span 5 =     -5.596,     14.014       
# span 6 =     0.0104,    33.4150       
# span 7 =    -1.4307,    25.9389       
# span 8 = 0.0000e+00, 0.0000e+00       
# interval = seconds: 0.5
# start_time = Jul 20 2020 19:45:52 [Instrument's time stamp, header]
# bad_flag = -9.990e-29
*END*
[from data line 641]
 202.827228      0.770  37.950897    12.0873    -1.6166      0.764    32.9303    24.9656 -9.990e-29
 202.827234      0.771  37.974459    12.1164    -1.6168      0.765    32.9274    24.9579 -9.990e-29
 202.827240      0.771  37.924052    12.1070    -1.6186      0.765    32.8870    24.9283 -9.990e-29
 202.827245      0.772  37.860337    12.0725    -1.6202      0.766    32.8558    24.9106 -9.990e-29
 202.827251      0.773  37.867132    12.0587    -1.6210      0.767    32.8746    24.9277 -9.990e-29
 202.827257      0.774  37.927269    12.0837    -1.6198      0.768    32.9107    24.9510 -9.990e-29
 202.827263      0.775  37.940049    12.1217    -1.6178      0.769    32.8895    24.9275 -9.990e-29
 202.827269      0.777  37.891238    12.1487    -1.6190      0.771    32.8187    24.8674 -9.990e-29
 202.827274      0.779  37.849783    12.1654    -1.6207      0.772    32.7641    24.8219 -9.990e-29
 202.827280      0.781  37.874832    12.1747    -1.6208      0.774    32.7800    24.8326 -9.990e-29
 202.827286      0.784  37.950588    12.1682    -1.6213      0.777    32.8588    24.8949 -9.990e-29
 202.827292      0.788  38.001676    12.1351    -1.6201      0.781    32.9372    24.9619 -9.990e-29
 202.827297      0.793  38.001070    12.0865    -1.6225      0.786    32.9795    25.0039 -9.990e-29
 202.827303      0.799  37.997379    12.0604    -1.6227      0.792    32.9990    25.0240 -9.990e-29
 202.827309      0.808  38.027246    12.0743    -1.6232      0.801    33.0156    25.0342 -9.990e-29
 202.827315      0.814  38.058871    12.0986    -1.6248      0.807    33.0247    25.0367 -9.990e-29
 202.827321      0.814  38.062802    12.0984    -1.6244      0.807    33.0286    25.0398 -9.990e-29
 202.827326      0.813  38.042156    12.0713    -1.6226      0.806    33.0327    25.0480 -9.990e-29
 202.827332      0.815  38.010424    12.0400    -1.6227      0.808    33.0297    25.0516 -9.990e-29
 202.827338      0.819  38.006649    12.0318    -1.6248      0.812    33.0333    25.0559 -9.990e-29
 202.827344      0.822  38.034304    12.0498    -1.6250      0.815    33.0441    25.0610 -9.990e-29
 202.827350      0.820  38.030629    12.0695    -1.6246      0.813    33.0231    25.0410 -9.990e-29
 202.827355      0.816  37.948809    12.0721    -1.6249      0.809    32.9417    24.9773 -9.990e-29
 202.827361      0.816  37.826099    12.0497    -1.6258      0.809    32.8428    24.9048 -9.990e-29
 202.827367      0.818  37.746088    12.0146    -1.6266      0.811    32.7963    24.8753 -9.990e-29
 202.827373      0.824  37.738911    11.9984    -1.6264      0.817    32.8036    24.8840 -9.990e-29
 202.827378      0.828  37.778295    12.0009    -1.6239      0.821    32.8395    24.9114 -9.990e-29
 202.827384      0.828  37.826646    11.9947    -1.6240      0.821    32.8918    24.9531 -9.990e-29
 202.827390      0.827  37.858333    11.9746    -1.6238      0.820    32.9403    24.9945 -9.990e-29
 202.827396      0.830  37.861931    11.9547    -1.6241      0.823    32.9613    25.0145 -9.990e-29
 202.827402      0.832  37.851870    11.9428    -1.6238      0.825    32.9621    25.0174 -9.990e-29
 202.827407      0.829  37.857982    11.9384    -1.6242      0.822    32.9719    25.0258 -9.990e-29
 202.827413      0.826  37.867788    11.9389     9.8047      0.819    32.9810    25.0328 -9.990e-29
 202.827419      0.826  37.846847    11.9422    12.7605      0.819    32.9578    25.0141 -9.990e-29
 202.827425      0.829  37.798160    11.9487    12.8803      0.822    32.9048    24.9718 -9.990e-29
 202.827431      0.837  37.762810    11.9587    10.5269      0.830    32.8617    24.9365 -9.990e-29
 202.827436      0.848  37.782854    11.9732     5.5862      0.841    32.8684    24.9389 -9.990e-29
 202.827442      0.860  37.836382    11.9950     5.7747      0.853    32.9010    24.9601 -9.990e-29
 202.827448      0.865  37.854250    12.0207     5.9966      0.858    32.8956    24.9511 -9.990e-29
 202.827454      0.863  37.813890    12.0366     6.0631      0.856    32.8425    24.9070 -9.990e-29
 202.827459      0.859  37.742837    12.0299     6.0319      0.852    32.7797    24.8595 -9.990e-29
 202.827465      0.851  37.675886    12.0102     5.9971      0.844    32.7323    24.8264 -9.990e-29
 202.827471      0.845  37.615763    11.9968     5.9629      0.838    32.6859    24.7929 -9.990e-29
 202.827477      0.843  37.561966    11.9858     5.9256      0.836    32.6435    24.7620 -9.990e-29
 202.827483      0.841  37.534743    11.9694     5.9103      0.834    32.6315    24.7558 -9.990e-29
 202.827488      0.835  37.525355    11.9547     5.8877      0.828    32.6353    24.7615 -9.990e-29
 202.827494      0.829  37.516908    11.9502     5.8606      0.822    32.6311    24.7590 -9.990e-29
 202.827500      0.826  37.510010    11.9560     5.8405      0.819    32.6193    24.7488 -9.990e-29
 202.827506      0.827  37.508450    11.9634     5.8192      0.820    32.6113    24.7412 -9.990e-29
 202.827512      0.832  37.511937    11.9674     5.8141      0.825    32.6112    24.7404 -9.990e-29
 202.827517      0.840  37.514026    11.9737     5.8101      0.833    32.6077    24.7365 -9.990e-29
 202.827523      0.848  37.515928    11.9863     5.8161      0.841    32.5985    24.7270 -9.990e-29
 202.827529      0.849  37.514684    11.9945     5.7801      0.842    32.5901    24.7190 -9.990e-29
 202.827535      0.842  37.498660    11.9861     5.8145      0.835    32.5820    24.7142 -9.990e-29
 202.827541      0.835  37.475732    11.9686     5.8200      0.828    32.5751    24.7122 -9.990e-29
 202.827546      0.832  37.465299    11.9651     5.8207      0.825    32.5681    24.7074 -9.990e-29
 202.827552      0.833  37.475963    11.9857     5.8329      0.826    32.5604    24.6976 -9.990e-29
 202.827558      0.838  37.497395    12.0145     5.7814      0.831    32.5560    24.6887 -9.990e-29
 202.827564      0.847  37.517382    12.0338     5.8104      0.840    32.5584    24.6870 -9.990e-29
 202.827569      0.857  37.534678    12.0384     5.8103      0.850    32.5711    24.6960 -9.990e-29
 202.827575      0.863  37.541084    12.0348     5.8023      0.856    32.5804    24.7039 -9.990e-29
 202.827581      0.871  37.536289    12.0332     5.8097      0.864    32.5772    24.7017 -9.990e-29
 202.827587      0.881  37.533613    12.0323     5.8052      0.874    32.5754    24.7005 -9.990e-29
 202.827593      0.890  37.534636    12.0280     5.8055      0.883    32.5801    24.7050 -9.990e-29
 202.827598      0.898  37.532986    12.0187     5.8131      0.891    32.5867    24.7118 -9.990e-29
 202.827604      0.905  37.523770    11.9992     5.8237      0.897    32.5948    24.7217 -9.990e-29
 202.827610      0.912  37.505450    11.9728     5.8108      0.904    32.6002    24.7308 -9.990e-29
 202.827616      0.920  37.488440    11.9530     5.8097      0.912    32.6010    24.7352 -9.990e-29
 202.827622      0.929  37.485455    11.9522     5.7921      0.921    32.5988    24.7336 -9.990e-29
 202.827627      0.934  37.495419    11.9753     5.7925      0.926    32.5883    24.7211 -9.990e-29
 202.827633      0.934  37.512110    12.0134     5.7960      0.926    32.5711    24.7007 -9.990e-29
 202.827639      0.926  37.529881    12.0475     5.7950      0.918    32.5585    24.6846 -9.990e-29
 202.827645      0.915  37.544528    12.0688     5.8091      0.907    32.5541    24.6771 -9.990e-29
 202.827650      0.910  37.553850    12.0795     5.8124      0.902    32.5537    24.6749 -9.990e-29
 202.827656      0.908  37.545742    12.0770     5.8227      0.900    32.5481    24.6710 -9.990e-29
 202.827662      0.907  37.517908    12.0615     5.8175      0.899    32.5347    24.6635 -9.990e-29
 202.827668      0.906  37.495525    12.0451     5.7981      0.898    32.5274    24.6609 -9.990e-29
 202.827674      0.905  37.496470    12.0388     5.8074      0.897    32.5338    24.6670 -9.990e-29
 202.827679      0.905  37.503621    12.0451     5.8175      0.897    32.5352    24.6670 -9.990e-29
 202.827685      0.904  37.499728    12.0641     5.8352      0.896    32.5149    24.6476 -9.990e-29
 202.827691      0.907  37.503233    12.0909     5.8409      0.899    32.4950    24.6271 -9.990e-29
 202.827697      0.919  37.522280    12.1070     5.8229      0.911    32.4993    24.6275 -9.990e-29
 202.827703      0.935  37.538120    12.0998     5.8043      0.927    32.5208    24.6456 -9.990e-29
 202.827708      0.950  37.546219    12.0806     5.7920      0.942    32.5454    24.6682 -9.990e-29
 202.827714      0.959  37.550001    12.0715     5.7452      0.951    32.5570    24.6789 -9.990e-29
 202.827720      0.963  37.550060    12.0798     5.7826      0.955    32.5498    24.6718 -9.990e-29
 202.827726      0.961  37.547934    12.0888     5.7932      0.953    32.5399    24.6624 -9.990e-29
 202.827731      0.959  37.540707    12.0836     5.8160      0.951    32.5374    24.6615 -9.990e-29
 202.827737      0.961  37.525747    12.0639     5.8414      0.953    32.5402    24.6673 -9.990e-29
 202.827743      0.962  37.500378    12.0319     5.7919      0.954    32.5436    24.6759 -9.990e-29
 202.827749      0.957  37.469889    11.9966     5.8090      0.949    32.5449    24.6835 -9.990e-29
 202.827755      0.952  37.453466    11.9697     5.8106      0.944    32.5526    24.6945 -9.990e-29
 202.827760      0.950  37.450955    11.9543     5.8130      0.942    32.5636    24.7059 -9.990e-29
 202.827766      0.950  37.449380    11.9516     5.8273      0.942    32.5644    24.7070 -9.990e-29
 202.827772      0.954  37.453261    11.9665     5.8206      0.946    32.5552    24.6971 -9.990e-29
 202.827778      0.956  37.468795    11.9899     5.8230      0.948    32.5497    24.6885 -9.990e-29
 202.827784      0.957  37.485785    11.9979     5.8219      0.949    32.5592    24.6943 -9.990e-29
 202.827789      0.962  37.486457    11.9842     5.8130      0.954    32.5718    24.7067 -9.990e-29
 202.827795      0.965  37.471057    11.9653     5.8109      0.957    32.5734    24.7115 -9.990e-29
 202.827801      0.964  37.461528    11.9570     5.8140      0.956    32.5714    24.7115 -9.990e-29
 202.827807      0.963  37.469712    11.9601     5.7954      0.955    32.5767    24.7149 -9.990e-29
 202.827812      0.965  37.483453    11.9722     5.7930      0.957    32.5794    24.7148 -9.990e-29
 202.827818      0.966  37.495764    11.9910     5.7937      0.958    32.5748    24.7078 -9.990e-29
 202.827824      0.963  37.504478    12.0055     5.8017      0.955    32.5706    24.7018 -9.990e-29
 202.827830      0.960  37.503192    12.0084     5.8068      0.952    32.5668    24.6983 -9.990e-29
 202.827836      0.959  37.497939    12.0023     5.7984      0.951    32.5671    24.6997 -9.990e-29
 202.827841      0.962  37.492826    11.9893     5.7968      0.954    32.5735    24.7071 -9.990e-29
 202.827847      0.969  37.480939    11.9690     5.7939      0.961    32.5797    24.7157 -9.990e-29
 202.827853      0.976  37.463135    11.9464     5.7889      0.968    32.5823    24.7219 -9.990e-29
 202.827859      0.978  37.451988    11.9309     5.7960      0.970    32.5850    24.7269 -9.990e-29
 202.827865      0.977  37.453823    11.9234     5.8055      0.969    32.5934    24.7347 -9.990e-29
 202.827870      0.976  37.459781    11.9146     5.8176      0.968    32.6069    24.7468 -9.990e-29
 202.827876      0.979  37.459779    11.8998     5.8213      0.971    32.6198    24.7596 -9.990e-29
 202.827882      0.982  37.452036    11.8843     5.8159      0.974    32.6259    24.7672 -9.990e-29
 202.827888      0.982  37.442377    11.8764     5.8157      0.974    32.6235    24.7668 -9.990e-29
 202.827894      0.979  37.440789    11.8824     5.8184      0.971    32.6167    24.7604 -9.990e-29
 202.827899      0.971  37.447856    11.9016     5.7987      0.963    32.6067    24.7491 -9.990e-29
 202.827905      0.967  37.456656    11.9233     5.8205      0.959    32.5962    24.7370 -9.990e-29
 202.827911      0.977  37.464821    11.9367     5.8317      0.969    32.5924    24.7315 -9.990e-29
 202.827917      0.990  37.469700    11.9378     5.8327      0.982    32.5961    24.7342 -9.990e-29
 202.827922      1.001  37.467623    11.9307     5.8342      0.993    32.6003    24.7388 -9.990e-29
 202.827928      1.009  37.463008    11.9263     5.7695      1.001    32.5997    24.7391 -9.990e-29
 202.827934      1.015  37.464168    11.9315     5.8017      1.007    32.5963    24.7355 -9.990e-29
 202.827940      1.019  37.469750    11.9441     5.8134      1.010    32.5907    24.7288 -9.990e-29
 202.827946      1.022  37.475333    11.9568     5.8242      1.013    32.5850    24.7220 -9.990e-29
 202.827951      1.024  37.482663    11.9642     5.8358      1.015    32.5856    24.7211 -9.990e-29
 202.827957      1.025  37.489093    11.9628     5.8201      1.016    32.5930    24.7272 -9.990e-29
 202.827963      1.026  37.485174    11.9485     5.8136      1.017    32.6017    24.7366 -9.990e-29
 202.827969      1.025  37.470069    11.9284     5.8102      1.016    32.6047    24.7426 -9.990e-29
 202.827975      1.023  37.456032    11.9188     5.8022      1.014    32.5995    24.7404 -9.990e-29
 202.827980      1.020  37.454500    11.9267     5.8064      1.011    32.5911    24.7324 -9.990e-29
 202.827986      1.016  37.463886    11.9463     5.8178      1.008    32.5831    24.7225 -9.990e-29
 202.827992      1.015  37.474758    11.9649     5.8218      1.007    32.5773    24.7146 -9.990e-29
 202.827998      1.020  37.482470    11.9742     5.8325      1.011    32.5767    24.7123 -9.990e-29
 202.828003      1.029  37.487688    11.9772     5.8332      1.020    32.5791    24.7136 -9.990e-29
 202.828009      1.037  37.492233    11.9813     5.8263      1.028    32.5799    24.7135 -9.990e-29
 202.828015      1.044  37.497027    11.9889     5.8157      1.035    32.5779    24.7105 -9.990e-29
 202.828021      1.052  37.501082    11.9960     5.8086      1.043    32.5756    24.7074 -9.990e-29
 202.828027      1.061  37.504663    11.9986     5.8008      1.052    32.5768    24.7079 -9.990e-29
 202.828032      1.071  37.506849    11.9982     5.8113      1.062    32.5792    24.7099 -9.990e-29
 202.828038      1.082  37.505976    11.9970     5.8171      1.073    32.5794    24.7102 -9.990e-29
 202.828044      1.093  37.503022    11.9911     5.8208      1.084    32.5817    24.7131 -9.990e-29
 202.828050      1.094  37.495633    11.9749     5.8227      1.085    32.5887    24.7216 -9.990e-29
 202.828056      1.085  37.481703    11.9503     5.8115      1.076    32.5968    24.7324 -9.990e-29
 202.828061      1.075  37.467769    11.9296     5.8075      1.066    32.6014    24.7398 -9.990e-29
 202.828067      1.068  37.462045    11.9244     5.7990      1.059    32.6004    24.7400 -9.990e-29
 202.828073      1.062  37.464640    11.9327     5.8074      1.053    32.5957    24.7348 -9.990e-29
 202.828079      1.057  37.470510    11.9430     5.8136      1.048    32.5923    24.7303 -9.990e-29
 202.828084      1.054  37.476179    11.9469     5.8087      1.045    32.5944    24.7312 -9.990e-29
 202.828090      1.051  37.478467    11.9432     5.8230      1.042    32.5999    24.7361 -9.990e-29
 202.828096      1.049  37.474167    11.9354     5.8227      1.040    32.6025    24.7396 -9.990e-29
 202.828102      1.048  37.466413    11.9304     5.8234      1.039    32.5994    24.7381 -9.990e-29
 202.828108      1.047  37.464376    11.9343     5.8213      1.038    32.5940    24.7332 -9.990e-29
 202.828113      1.046  37.471402    11.9449     5.7657      1.037    32.5916    24.7293 -9.990e-29
 202.828119      1.046  37.480513    11.9523     5.7954      1.037    32.5939    24.7298 -9.990e-29
 202.828125      1.047  37.485275    11.9509     5.8144      1.038    32.5997    24.7346 -9.990e-29
 202.828131      1.048  37.484659    11.9448     5.8301      1.039    32.6045    24.7394 -9.990e-29
 202.828137      1.049  37.479987    11.9391     5.8445      1.040    32.6049    24.7408 -9.990e-29
 202.828142      1.051  37.475578    11.9366     5.7932      1.042    32.6029    24.7397 -9.990e-29
