data/oxygen options/ONMS/Olympic_Coast_National_Marine_Sanctuary_CTD_Data_2005_2023/raw_data/2020/CAST_CE015_200802faed.cnv
* Sea-Bird SBE 19 Data File:
* FileName = C:\2020 Mooring Data\Casts\CAST_CE015_200802.hex
* Software Version SeatermAF 2.1.2
* Temperature SN = 2997
* Conductivity SN = 2997
* System UpLoad Time = Aug 02 2020 20:07:29 (localtime) = Aug 02 2020 20:07:29 (UTC)
* ds
* SEACAT PROFILER V3.1c SN 2997   08/02/20  20:06:38.373
# nquan = 9                                 
# nvalues = 1193                        
# units = specified
# name 0 = timeJ: Julian Days
# name 1 = prSM: Pressure, Strain Gauge [db]
# name 2 = c0mS/cm: Conductivity [mS/cm]
# name 3 = t090C: Temperature [ITS-90, deg C]
# name 4 = sbeox0ML/L: Oxygen, SBE 43 [ml/l]
# name 5 = depSM: Depth [salt water, m], lat = 47.5
# name 6 = sal00: Salinity, Practical [PSU]
# name 7 = sigma-é00: Density [sigma-theta, kg/m^3]
# name 8 = flag: flag
# span 0 = 215.829641, 215.836539       
# span 1 =     -5.855,     12.927       
# span 2 =   0.425521,  39.225308       
# span 3 =     9.7855,    16.8160       
# span 4 =    -1.8215,    23.9210       
# span 5 =     -5.806,     12.819       
# span 6 =     0.2485,    33.9188       
# span 7 =    -0.9597,    25.7725       
# span 8 = 0.0000e+00, 0.0000e+00       
# interval = seconds: 0.5
# start_time = Aug 02 2020 19:54:41 [Instrument's time stamp, header]
# bad_flag = -9.990e-29
*END*
[from data line 1121]
 215.836128      8.597  36.768467    10.6355    10.9979      8.525    33.0625    25.3312 0.0000e+00
 215.836134      8.353  36.900496    10.7647    11.1529      8.283    33.0775    25.3203 0.0000e+00
 215.836140      8.128  37.062980    10.9049    11.0974      8.060    33.1126    25.3230 0.0000e+00
 215.836146      7.926  37.255691    11.0650    10.9479      7.860    33.1594    25.3310 0.0000e+00
 215.836152      7.751  37.426766    11.1993    10.8310      7.686    33.2075    25.3444 0.0000e+00
 215.836157      7.600  37.527439    11.2815    10.7426      7.536    33.2328    25.3493 0.0000e+00
 215.836163      7.455  37.564738    11.3208    10.6970      7.393    33.2342    25.3432 0.0000e+00
 215.836169      7.297  37.564879    11.3302    10.7024      7.236    33.2259    25.3351 0.0000e+00
 215.836175      7.127  37.549921    11.3258    10.6917      7.067    33.2152    25.3276 0.0000e+00
 215.836181      6.941  37.540843    11.3282    10.7074      6.883    33.2042    25.3186 0.0000e+00
 215.836186      6.732  37.546842    11.3486    10.7205      6.676    33.1918    25.3053 0.0000e+00
 215.836192      6.509  37.562461    11.3819    10.7222      6.455    33.1773    25.2880 0.0000e+00
 215.836198      6.286  37.588906    11.4136    10.6979      6.233    33.1750    25.2803 0.0000e+00
 215.836204      6.071  37.626131    11.4382    10.5790      6.020    33.1895    25.2872 0.0000e+00
 215.836209      5.867  37.659880    11.4607    10.5161      5.818    33.2025    25.2932 0.0000e+00
 215.836215      5.675  37.682469    11.4816    10.4522      5.628    33.2060    25.2921 0.0000e+00
 215.836221      5.491  37.699919    11.4991    10.4316      5.445    33.2075    25.2900 0.0000e+00
 215.836227      5.316  37.717562    11.5161    10.4730      5.272    33.2096    25.2886 0.0000e+00
 215.836233      5.151  37.738746    11.5342    10.4861      5.108    33.2142    25.2888 0.0000e+00
 215.836238      4.991  37.760893    11.5492    10.6047      4.949    33.2225    25.2925 0.0000e+00
 215.836244      4.825  37.772615    11.5570    10.7219      4.785    33.2271    25.2946 0.0000e+00
 215.836250      4.647  37.768243    11.5581    10.8262      4.608    33.2219    25.2904 0.0000e+00
 215.836256      4.458  37.753162    11.5617    10.9677      4.421    33.2039    25.2758 0.0000e+00
 215.836262      4.264  37.744264    11.5817    11.1000      4.228    33.1774    25.2515 0.0000e+00
 215.836267      4.070  37.756029    11.6197    11.2648      4.036    33.1550    25.2271 0.0000e+00
 215.836273      3.880  37.780601    11.6592    11.4856      3.848    33.1437    25.2111 0.0000e+00
 215.836279      3.695  37.803101    11.6839    11.6654      3.664    33.1437    25.2065 0.0000e+00
 215.836285      3.511  37.826070    11.6932    11.7392      3.482    33.1579    25.2158 0.0000e+00
 215.836291      3.330  37.857163    11.6989    11.7889      3.302    33.1832    25.2344 0.0000e+00
 215.836296      3.163  37.890194    11.7117    11.7776      3.137    33.2041    25.2482 0.0000e+00
 215.836302      3.014  37.923803    11.7343    11.7499      2.989    33.2167    25.2539 0.0000e+00
 215.836308      2.876  37.963004    11.7648    11.6872      2.852    33.2277    25.2568 0.0000e+00
 215.836314      2.738  38.006813    11.7984    11.5995      2.715    33.2404    25.2604 0.0000e+00
 215.836319      2.602  38.051983    11.8264    11.5628      2.580    33.2594    25.2699 0.0000e+00
 215.836325      2.458  38.086436    11.8566    11.5504      2.437    33.2660    25.2694 0.0000e+00
 215.836331      2.297  38.101178    11.9327    11.5338      2.278    33.2124    25.2136 0.0000e+00
 215.836337      2.125  38.140535    12.0923    11.4781      2.107    33.1086    25.1031 0.0000e+00
 215.836343      1.955  38.266512    12.3235    11.3725      1.939    33.0257    24.9949 0.0000e+00
 215.836348      1.787  38.430142    12.5733    11.2184      1.772    32.9631    24.8985 0.0000e+00
 215.836354      1.623  38.544104    12.7674    12.7576      1.609    32.9021    24.8136 0.0000e+00
 215.836360      1.471  38.612394    12.8601    12.9940      1.459    32.8863    24.7833 0.0000e+00
 215.836366      1.333  38.702574    12.8818    12.5335      1.322    32.9530    24.8307 -9.990e-29
 215.836372      1.209  38.836249    12.8909    11.4592      1.199    33.0719    24.9210 -9.990e-29
 215.836377      1.097  38.929288    12.9101     9.9739      1.088    33.1434    24.9726 -9.990e-29
 215.836383      0.987  38.933065    12.9378     8.3957      0.979    33.1228    24.9512 -9.990e-29
 215.836389      0.883  38.858220    12.9598     7.1557      0.876    33.0327    24.8770 -9.990e-29
 215.836395      0.795  38.614493    12.9667     6.5115      0.788    32.7959    24.6924 -9.990e-29
 215.836400      0.725  37.887578    12.9719     6.2076      0.719    32.1048    24.1564 -9.990e-29
 215.836406      0.670  35.780023    12.9838     6.0884      0.664    30.1164    22.6159 -9.990e-29
 215.836412      0.625  29.568091    12.9984     6.0705      0.620    24.3799    18.1827 -9.990e-29
 215.836418      0.589  19.602623    13.0187     6.0342      0.584    15.5300    11.3596 -9.990e-29
 215.836424      0.558  11.766308    13.0471     6.1107      0.553     8.9188     6.2654 -9.990e-29
 215.836429      0.530   8.268329    13.0784     6.1237      0.526     6.0937     4.0841 -9.990e-29
 215.836435      0.504   6.771137    13.1067     6.1676      0.500     4.9145     3.1707 -9.990e-29
 215.836441      0.479   5.995447    13.1291     6.2211      0.475     4.3119     2.7026 -9.990e-29
 215.836447      0.452   5.711125    13.1464     6.1587      0.448     4.0919     2.5303 -9.990e-29
 215.836453      0.426   5.582982    13.1596     6.2311      0.422     3.9925     2.4518 -9.990e-29
 215.836458      0.404   5.221770    13.1702     6.2818      0.401     3.7162     2.2370 -9.990e-29
 215.836464      0.385   4.776413    13.1800     6.3192      0.382     3.3783     1.9746 -9.990e-29
 215.836470      0.371   4.485780    13.1901     6.3212      0.368     3.1589     1.8038 -9.990e-29
 215.836476      0.361   4.313897    13.1994     6.2796      0.358     3.0295     1.7025 -9.990e-29
 215.836481      0.351   4.210931    13.2062     6.2890      0.348     2.9521     1.6417 -9.990e-29
 215.836487      0.345   4.284983    13.2108 -9.990e-29      0.342     3.0070     1.6835 -9.990e-29
 215.836493      0.345   4.513146    13.2150 -9.990e-29      0.342     3.1774     1.8146 -9.990e-29
 215.836499      0.349   4.606060    13.2193 -9.990e-29      0.346     3.2467     1.8676 -9.990e-29
 215.836505      0.347   4.572706    13.2229 -9.990e-29      0.344     3.2214     1.8475 -9.990e-29
 215.836510      0.339   4.491877    13.2259 -9.990e-29      0.336     3.1605     1.8001 -9.990e-29
 215.836516      0.335   4.164163    13.2296 -9.990e-29      0.332     2.9154     1.6102 -9.990e-29
 215.836522      0.336   3.681177    13.2348 -9.990e-29      0.333     2.5570     1.3324 -9.990e-29
 215.836528      0.340   3.409261    13.2401 -9.990e-29      0.337     2.3567     1.1767 -9.990e-29
 215.836534      0.342   3.528103    13.2424 -9.990e-29      0.339     2.4438     1.2438 -9.990e-29
 215.836539      0.343   3.805981 -9.990e-29 -9.990e-29      0.340 -9.990e-29 -9.990e-29 -9.990e-29
