data/oxygen options/ONMS/Olympic_Coast_National_Marine_Sanctuary_CTD_Data_2005_2023/raw_data/2020/CAST_TH042_200912faed.cnv
* Sea-Bird SBE 19 Data File:
* FileName = C:\2020 Mooring Data\Casts\CAST_TH042_200912.hex
* Software Version SeatermAF 2.1.2
* Temperature SN = 2997
* Conductivity SN = 2997
* System UpLoad Time = Sep 12 2020 22:10:49 (localtime) = Sep 12 2020 22:10:49 (UTC)
** CAST_TH042_200912
* ds
# nquan = 9                                 
# nvalues = 907                         
# units = specified
# name 0 = timeJ: Julian Days
# name 1 = prSM: Pressure, Strain Gauge [db]
# name 2 = c0mS/cm: Conductivity [mS/cm]
# name 3 = t090C: Temperature [ITS-90, deg C]
# name 4 = sbeox0ML/L: Oxygen, SBE 43 [ml/l]
# name 5 = depSM: Depth [salt water, m], lat = 47.5
# name 6 = sal00: Salinity, Practical [PSU]
# name 7 = sigma-é00: Density [sigma-theta, kg/m^3]
# name 8 = flag: flag
# span 0 = 256.858495, 256.863738       
# span 1 =     -5.204,     42.272       
# span 2 =   0.450783,  37.318621       
# span 3 =     7.5652,    13.4032       
# span 4 =    -1.9363,    14.2633       
# span 5 =     -5.161,     41.915       
# span 6 =     0.2835,    33.5596       
# span 7 =    -0.4380,    26.2052       
# span 8 = 0.0000e+00, 0.0000e+00       
# interval = seconds: 0.5
# start_time = Sep 12 2020 20:36:14 [Instrument's time stamp, header]
# bad_flag = -9.990e-29
*END*
[from data line 321]
 256.860353     -0.696   0.524869    13.3641    -1.9314     -0.690     0.3309    -0.4103 -9.990e-29
 256.860359     -0.690   0.524536    13.3624    -1.9312     -0.684     0.3307    -0.4102 -9.990e-29
 256.860365     -0.686   0.524275    13.3619    -1.9310     -0.680     0.3306    -0.4103 -9.990e-29
 256.860370     -0.685   0.523185    13.3628    -1.9310     -0.679     0.3298    -0.4110 -9.990e-29
 256.860376     -0.679   0.521472    13.3645    -1.9310     -0.673     0.3287    -0.4121 -9.990e-29
 256.860382     -0.665   0.520176    13.3665    -1.9309     -0.659     0.3279    -0.4130 -9.990e-29
 256.860388     -0.654   0.519787    13.3685    -1.9309     -0.649     0.3276    -0.4135 -9.990e-29
 256.860394     -0.647   0.519785    13.3702    -1.9309     -0.642     0.3276    -0.4137 -9.990e-29
 256.860399     -0.640   0.519057    13.3717    -1.9309     -0.635     0.3271    -0.4143 -9.990e-29
 256.860405     -0.629   0.517186    13.3737    -1.9309     -0.624     0.3259    -0.4155 -9.990e-29
 256.860411     -0.617   0.515002    13.3766    -1.9308     -0.612     0.3244    -0.4170 -9.990e-29
 256.860417     -0.608   0.513471    13.3795    -1.9308     -0.603     0.3234    -0.4182 -9.990e-29
 256.860422     -0.601   0.512767    13.3815    -1.9307     -0.596     0.3229    -0.4188 -9.990e-29
 256.860428     -0.595   0.512504    13.3826    -1.9307     -0.590     0.3227    -0.4191 -9.990e-29
 256.860434     -0.591   0.512332    13.3834    -1.9307     -0.586     0.3226    -0.4193 -9.990e-29
 256.860440     -0.588   0.512020    13.3842    -1.9308     -0.583     0.3224    -0.4196 -9.990e-29
 256.860446     -0.585   0.511153    13.3848    -1.9309     -0.580     0.3218    -0.4201 -9.990e-29
 256.860451     -0.583   0.509679    13.3851    -1.9308     -0.578     0.3209    -0.4209 -9.990e-29
 256.860457     -0.581   0.508403    13.3855    -1.9307     -0.576     0.3200    -0.4216 -9.990e-29
 256.860463     -0.580   0.507840    13.3863    -1.9307     -0.575     0.3197    -0.4220 -9.990e-29
 256.860469     -0.579   0.507795    13.3875    -1.9308     -0.574     0.3196    -0.4222 -9.990e-29
 256.860475     -0.578   0.507651    13.3887    -1.9308     -0.573     0.3195    -0.4224 -9.990e-29
 256.860480     -0.578   0.506661    13.3893    -1.9307     -0.573     0.3189    -0.4230 -9.990e-29
 256.860486     -0.577   0.505167    13.3891    -1.9305     -0.572     0.3179    -0.4237 -9.990e-29
 256.860492     -0.577   0.503947    13.3885    -1.9304     -0.572     0.3171    -0.4243 -9.990e-29
 256.860498     -0.576   0.503038    13.3883    -1.9304     -0.571     0.3165    -0.4247 -9.990e-29
 256.860503     -0.576   0.502334    13.3887    -1.9303     -0.571     0.3161    -0.4251 -9.990e-29
 256.860509     -0.575   0.502004    13.3893    -1.9302     -0.570     0.3159    -0.4254 -9.990e-29
 256.860515     -0.575   0.502161    13.3894    -1.9302     -0.570     0.3160    -0.4253 -9.990e-29
 256.860521     -0.574   0.501905    13.3895    -1.9302     -0.569     0.3158    -0.4254 -9.990e-29
 256.860527     -0.574   0.500340    13.3905    -1.9303     -0.569     0.3148    -0.4264 -9.990e-29
 256.860532     -0.573   0.498151    13.3922    -1.9304     -0.568     0.3133    -0.4277 -9.990e-29
 256.860538     -0.572   0.496851    13.3942    -1.9305     -0.567     0.3125    -0.4286 -9.990e-29
 256.860544     -0.571   0.497475    13.3964    -1.9304     -0.566     0.3129    -0.4286 -9.990e-29
 256.860550     -0.569   0.499191    13.3987    -1.9304     -0.564     0.3140    -0.4281 -9.990e-29
 256.860556     -0.568   0.499856    13.4008    -1.9303     -0.563     0.3144    -0.4280 -9.990e-29
 256.860561     -0.565   0.498692    13.4020    -1.9302     -0.560     0.3136    -0.4288 -9.990e-29
 256.860567     -0.562   0.496917    13.4020    -1.9302     -0.557     0.3125    -0.4297 -9.990e-29
 256.860573     -0.558   0.496041    13.4013    -1.9303     -0.553     0.3119    -0.4300 -9.990e-29
 256.860579     -0.553   0.496559    13.4002    -1.9304     -0.548     0.3122    -0.4296 -9.990e-29
 256.860584     -0.547   0.497498    13.3993    -1.9307     -0.542     0.3129    -0.4290 -9.990e-29
 256.860590     -0.538   0.497339    13.3990    -1.9307     -0.534     0.3128    -0.4291 -9.990e-29
 256.860596     -0.532   0.495871    13.3993    -1.9307     -0.528     0.3118    -0.4298 -9.990e-29
 256.860602     -0.531   0.494460    13.4002    -1.9306     -0.527     0.3109    -0.4307 -9.990e-29
 256.860608     -0.531   0.494177    13.4015    -1.9306     -0.527     0.3107    -0.4310 -9.990e-29
 256.860613     -0.529   0.494646    13.4028    -1.9306     -0.525     0.3110    -0.4309 -9.990e-29
 256.860619     -0.524   0.495016    13.4032    -1.9308     -0.520     0.3112    -0.4308 -9.990e-29
 256.860625     -0.515   0.494673    13.4020    -1.9309     -0.511     0.3110    -0.4308 -9.990e-29
 256.860631     -0.507   0.493344    13.3992    -1.9311     -0.503     0.3102    -0.4311 -9.990e-29
 256.860637     -0.503   0.491476    13.3960    -1.9313     -0.499     0.3090    -0.4316 -9.990e-29
 256.860642     -0.499   0.489906    13.3941    -1.9313     -0.495     0.3080    -0.4321 -9.990e-29
 256.860648     -0.489   0.489313    13.3935    -1.9313     -0.485     0.3076    -0.4323 -9.990e-29
 256.860654     -0.479   0.490013    13.3935    -1.9313     -0.475     0.3080    -0.4320 -9.990e-29
 256.860660     -0.471   0.491282    13.3937    -1.9315     -0.467     0.3089    -0.4314 -9.990e-29
 256.860666     -0.460   0.492042    13.3932    -1.9316     -0.456     0.3094    -0.4309 -9.990e-29
 256.860671     -0.446   0.492201    13.3911    -1.9317     -0.442     0.3095    -0.4306 -9.990e-29
 256.860677     -0.437   0.491972    13.3878    -1.9317     -0.433     0.3094    -0.4302 -9.990e-29
 256.860683     -0.432   0.491605    13.3843    -1.9316     -0.428     0.3091    -0.4299 -9.990e-29
 256.860689     -0.422   0.491720    13.3816    -1.9315     -0.418     0.3092    -0.4295 -9.990e-29
 256.860694     -0.406   0.492469    13.3802    -1.9317     -0.403     0.3097    -0.4289 -9.990e-29
 256.860700     -0.393   0.493191    13.3792    -1.5923     -0.390     0.3102    -0.4284 -9.990e-29
 256.860706     -0.385   0.493188    13.3779    -1.6174     -0.382     0.3102    -0.4282 -9.990e-29
 256.860712     -0.377   0.493013    13.3758    -1.6181     -0.374     0.3101    -0.4280 -9.990e-29
 256.860718     -0.366   0.495203    13.3732    -1.6219     -0.363     0.3116    -0.4266 -9.990e-29
 256.860723     -0.354   0.505451    13.3706    -1.6239     -0.351     0.3182    -0.4210 -9.990e-29
 256.860729     -0.340   0.539084    13.3680    -1.6243     -0.337     0.3402    -0.4036 -9.990e-29
 256.860735     -0.316   0.640948    13.3619    -1.6240     -0.313     0.4070    -0.3509 -9.990e-29
 256.860741     -0.280   0.945199    13.3420    -1.6242     -0.278     0.6098    -0.1906 -9.990e-29
 256.860747     -0.238   1.854737    13.2816    -1.6249     -0.236     1.2374     0.3045 -9.990e-29
 256.860752     -0.187   4.580066    13.1086    -1.6254     -0.185     3.2366     1.8749 -9.990e-29
 256.860758     -0.120  12.755512    12.8158    -1.6252     -0.119     9.7915     6.9717 -9.990e-29
 256.860764     -0.037  24.937214    12.5387    -1.6254     -0.037    20.4632    15.2406 -9.990e-29
 256.860770      0.064  33.000943    12.3612    -1.6262      0.063    27.9928    21.0891 -9.990e-29
 256.860775      0.179  35.764282    12.2584    -1.6258      0.178    30.6868    23.1940 -9.990e-29
 256.860781      0.295  36.764743    12.2015    -1.6275      0.293    31.6903    23.9824 -9.990e-29
 256.860787      0.398  37.114227    12.1768    -1.6289      0.395    32.0466    24.2633 -9.990e-29
 256.860793      0.482  37.261325    12.1729    -1.6285      0.478    32.1913    24.3762 -9.990e-29
 256.860799      0.547  37.318621    12.1765    -1.6277      0.542    32.2432    24.4158 -9.990e-29
 256.860804      0.599  37.305883    12.1790    -1.6275      0.594    32.2288    24.4042 -9.990e-29
 256.860810      0.639  37.257724    12.1762    -1.6277      0.634    32.1849    24.3706 -9.990e-29
 256.860816      0.671  37.218724    12.1620    -1.6285      0.665    32.1596    24.3537 -9.990e-29
 256.860822      0.696  37.206984    12.1350    -1.6314      0.690    32.1715    24.3680 -9.990e-29
 256.860828      0.717  37.217515    12.0997    -1.6313      0.711    32.2121    24.4061 -9.990e-29
 256.860833      0.734  37.249787    12.0648    -1.6315      0.728    32.2733    24.4601 -9.990e-29
 256.860839      0.749  37.289081    12.0508    -1.6299      0.743    32.3233    24.5015 -9.990e-29
 256.860845      0.762  37.299200    12.0656    -1.6293      0.756    32.3202    24.4963 -9.990e-29
 256.860851      0.775  37.266159    12.0858    -1.6288      0.769    32.2709    24.4543 -9.990e-29
 256.860856      0.788  37.213759    12.0872    -1.6317      0.781    32.2192    24.4139 -9.990e-29
 256.860862      0.803  37.179247    12.0612    -1.6319      0.796    32.2084    24.4104 -9.990e-29
 256.860868      0.819  37.179423    12.0120    -1.6314      0.812    32.2511    24.4526 -9.990e-29
 256.860874      0.834  37.212850    11.9695    -1.6310      0.827    32.3201    24.5141 -9.990e-29
 256.860880      0.841  37.252330    11.9641    -1.6310      0.834    32.3630    24.5484 -9.990e-29
 256.860885      0.834  37.253496    11.9900    -1.6314      0.827    32.3416    24.5270 -9.990e-29
 256.860891      0.819  37.208370    12.0189    -1.6328      0.812    32.2730    24.4684 -9.990e-29
 256.860897      0.807  37.150434    12.0270    -1.6326      0.800    32.2101    24.4181 -9.990e-29
 256.860903      0.811  37.125256    12.0050    -1.6326      0.804    32.2048    24.4181 -9.990e-29
 256.860909      0.829  37.145821    11.9692    -1.6315      0.822    32.2556    24.4641 -9.990e-29
 256.860914      0.851  37.180688    11.9520    -1.6306      0.844    32.3042    24.5050 -9.990e-29
 256.860920      0.862  37.197850    11.9615    -1.6302      0.855    32.3126    24.5097 -9.990e-29
 256.860926      0.852  37.191592    11.9787    -1.6283      0.845    32.2916    24.4903 -9.990e-29
 256.860932      0.835  37.163671    11.9851    -1.6272      0.828    32.2591    24.4639 -9.990e-29
 256.860937      0.830  37.124532    11.9723    -1.6276      0.823    32.2324    24.4455 -9.990e-29
 256.860943      0.842  37.098262    11.9462    -1.6275      0.835    32.2296    24.4482 -9.990e-29
 256.860949      0.859  37.096388    11.9261    -1.6280      0.852    32.2452    24.4640 -9.990e-29
 256.860955      0.868  37.122582    11.9304    -1.6282      0.861    32.2668    24.4799 -9.990e-29
 256.860961      0.866  37.161869    11.9603    -1.6273      0.859    32.2788    24.4838 -9.990e-29
 256.860966      0.858  37.177484    11.9987    -1.6273      0.851    32.2607    24.4626 -9.990e-29
 256.860972      0.850  37.160541    12.0339    -1.6270      0.843    32.2139    24.4197 -9.990e-29
 256.860978      0.848  37.137811    12.0665    -1.6268      0.841    32.1639    24.3749 -9.990e-29
 256.860984      0.851  37.136195    12.0885    -1.6271      0.844    32.1434    24.3548 -9.990e-29
 256.860990      0.855  37.155799    12.0963    -1.6268      0.848    32.1555    24.3628 -9.990e-29
 256.860995      0.855  37.176237    12.0990    -1.6267      0.848    32.1729    24.3758 -9.990e-29
 256.861001      0.856  37.181599    12.1010    -1.6268      0.849    32.1763    24.3781 -9.990e-29
 256.861007      0.863  37.170634    12.1042    -1.6267      0.856    32.1630    24.3672 -9.990e-29
 256.861013      0.876  37.155086    12.1094    -1.6268      0.869    32.1436    24.3511 -9.990e-29
 256.861019      0.886  37.154044    12.1150    -1.6271      0.879    32.1377    24.3455 -9.990e-29
 256.861024      0.883  37.167813    12.1225    -1.6272      0.876    32.1445    24.3494 -9.990e-29
 256.861030      0.870  37.177193    12.1297    -1.6271      0.863    32.1474    24.3503 -9.990e-29
 256.861036      0.858  37.173955    12.1316    -1.6266      0.851    32.1426    24.3462 -9.990e-29
 256.861042      0.853  37.164447    12.1299    -1.6265      0.846    32.1350    24.3406 -9.990e-29
 256.861047      0.852  37.161798    12.1269    -1.6266      0.845    32.1350    24.3412 -9.990e-29
 256.861053      0.857  37.172018    12.1254    -1.6276      0.850    32.1461    24.3501 -9.990e-29
 256.861059      0.867  37.186312    12.1273    -1.6283      0.860    32.1582    24.3591 -9.990e-29
 256.861065      0.883  37.192349    12.1283    -1.6275      0.876    32.1632    24.3628 -9.990e-29
 256.861071      0.902  37.186975    12.1239    -1.6270      0.894    32.1618    24.3625 -9.990e-29
 256.861076      0.916  37.178172    12.1180    -1.6272      0.908    32.1584    24.3610 -9.990e-29
 256.861082      0.923  37.178886    12.1202    -1.6277      0.915    32.1572    24.3596 -9.990e-29
 256.861088      0.926  37.188394    12.1309    -1.6279      0.918    32.1571    24.3576 -9.990e-29
 256.861094      0.935  37.189665    12.1394    -1.6280      0.927    32.1510    24.3513 -9.990e-29
 256.861100      0.955  37.177113    12.1334    -1.6277      0.947    32.1441    24.3470 -9.990e-29
 256.861105      0.977  37.162053    12.1134    -1.6274      0.969    32.1468    24.3529 -9.990e-29
 256.861111      0.987  37.160302    12.1001    -1.6271      0.979    32.1565    24.3629 -9.990e-29
 256.861117      0.981  37.172336    12.1074    -1.6271      0.973    32.1619    24.3657 -9.990e-29
 256.861123      0.967  37.179441    12.1222    -1.6277      0.959    32.1560    24.3583 -9.990e-29
 256.861128      0.953  37.169228    12.1258    -1.6284      0.945    32.1430    24.3476 -9.990e-29
 256.861134      0.945  37.146597    12.1154    -1.6280      0.937    32.1302    24.3396 -9.990e-29
 256.861140      0.949  37.131293    12.1019    -1.6269      0.941    32.1271    24.3397 -9.990e-29
 256.861146      0.960  37.138244    12.0956    -1.6267      0.952    32.1392    24.3503 -9.990e-29
 256.861152      0.970  37.158784    12.0978    -1.6270      0.962    32.1571    24.3637 -9.990e-29
 256.861157      0.976  37.175448    12.1030    -1.6268      0.968    32.1686    24.3717 -9.990e-29
 256.861163      0.977  37.184112    12.1062    -1.6267      0.969    32.1742    24.3755 -9.990e-29
 256.861169      0.975  37.189610    12.1032    -1.6265      0.967    32.1821    24.3821 -9.990e-29
 256.861175      0.973  37.192555    12.0927    -1.6266      0.965    32.1940    24.3933 -9.990e-29
 256.861181      0.975  37.192397    12.0841    10.7760      0.967    32.2012    24.4006 -9.990e-29
 256.861186      0.977  37.193985    12.0902    14.0897      0.969    32.1975    24.3965 -9.990e-29
 256.861192      0.975  37.200001    12.1076    14.2633      0.967    32.1883    24.3861 -9.990e-29
 256.861198      0.969  37.203897    12.1214    11.7168      0.961    32.1802    24.3773 -9.990e-29
 256.861204      0.963  37.199102    12.1255     6.3689      0.955    32.1720    24.3702 -9.990e-29
 256.861209      0.964  37.189330    12.1251     6.6120      0.956    32.1630    24.3632 -9.990e-29
 256.861215      0.974  37.186800    12.1254     6.9406      0.966    32.1603    24.3611 -9.990e-29
 256.861221      0.984  37.194315    12.1277     7.0480      0.976    32.1655    24.3647 -9.990e-29
 256.861227      0.990  37.198914    12.1257     7.0459      0.982    32.1717    24.3698 -9.990e-29
 256.861233      0.993  37.183750    12.1088     7.0002      0.985    32.1716    24.3730 -9.990e-29
 256.861238      0.993  37.137024    12.0779     6.9366      0.985    32.1532    24.3645 -9.990e-29
 256.861244      0.994  37.077749    12.0514     6.8764      0.986    32.1190    24.3428 -9.990e-29
 256.861250      1.001  37.047450    12.0481     6.8293      0.993    32.0926    24.3230 -9.990e-29
 256.861256      1.010  37.051150    12.0668     6.8119      1.002    32.0801    24.3098 -9.990e-29
 256.861262      1.016  37.059582    12.0877     6.8084      1.008    32.0702    24.2983 -9.990e-29
 256.861267      1.022  37.058207    12.0978     6.8053      1.013    32.0602    24.2886 -9.990e-29
