data/oxygen options/ONMS/Olympic_Coast_National_Marine_Sanctuary_CTD_Data_2005_2023/raw_data/2020/CAST_TH015_201001faed.cnv
* Sea-Bird SBE 19 Data File:
* FileName = C:\2020 Mooring Data\Casts\CAST_TH015_201001.hex
* Software Version SeatermAF 2.1.2
* Temperature SN = 2997
* Conductivity SN = 2997
* System UpLoad Time = Oct 01 2020 16:08:22 (localtime) = Oct 01 2020 16:08:22 (UTC)
** CAST_TH015_201001
* ds
# nquan = 9                                 
# nvalues = 965                         
# units = specified
# name 0 = timeJ: Julian Days
# name 1 = prSM: Pressure, Strain Gauge [db]
# name 2 = c0mS/cm: Conductivity [mS/cm]
# name 3 = t090C: Temperature [ITS-90, deg C]
# name 4 = sbeox0ML/L: Oxygen, SBE 43 [ml/l]
# name 5 = depSM: Depth [salt water, m], lat = 47.5
# name 6 = sal00: Salinity, Practical [PSU]
# name 7 = sigma-é00: Density [sigma-theta, kg/m^3]
# name 8 = flag: flag
# span 0 = 275.638056, 275.643634       
# span 1 =     -5.276,     19.479       
# span 2 =   0.035697, 224.149671       
# span 3 =    12.6220,    42.7872       
# span 4 =  -202.0957,    12.6676       
# span 5 =     -5.232,     19.316       
# span 6 =     0.0246,    38.2923       
# span 7 =    -0.8096,    24.1625       
# span 8 = 0.0000e+00, 0.0000e+00       
# interval = seconds: 0.5
# start_time = Oct 01 2020 15:18:48 [Instrument's time stamp, header]
# bad_flag = -9.990e-29
*END*
[from data line 641]
 275.641765      1.099  36.714073    14.8156     6.4952      1.090    29.5489    21.8124 -9.990e-29
 275.641771      1.113  36.755286    14.8144     6.5072      1.104    29.5866    21.8417 -9.990e-29
 275.641777      1.118  36.753001    14.8145     6.5295      1.109    29.5845    21.8400 -9.990e-29
 275.641782      1.112  36.731629    14.8150     6.5413      1.103    29.5650    21.8249 -9.990e-29
 275.641788      1.097  36.703587    14.8159     6.5438      1.088    29.5393    21.8049 -9.990e-29
 275.641794      1.086  36.676884    14.8166     6.5392      1.077    29.5149    21.7860 -9.990e-29
 275.641800      1.087  36.683739    14.8156     6.5338      1.078    29.5218    21.7915 -9.990e-29
 275.641806      1.095  36.722067    14.8134     6.5287      1.086    29.5577    21.8196 -9.990e-29
 275.641811      1.106  36.753252    14.8119     6.5104      1.097    29.5867    21.8423 -9.990e-29
 275.641817      1.117  36.765034    14.8124     6.4967      1.108    29.5968    21.8500 -9.990e-29
 275.641823      1.120  36.756288    14.8139     6.4786      1.111    29.5879    21.8428 -9.990e-29
 275.641829      1.115  36.738326    14.8144     6.4798      1.106    29.5714    21.8300 -9.990e-29
 275.641834      1.106  36.733156    14.8144     6.4888      1.097    29.5668    21.8265 -9.990e-29
 275.641840      1.093  36.733872    14.8153     6.4931      1.084    29.5668    21.8262 -9.990e-29
 275.641846      1.079  36.718988    14.8167     6.4979      1.070    29.5524    21.8149 -9.990e-29
 275.641852      1.072  36.693873    14.8169     6.4614      1.063    29.5298    21.7975 -9.990e-29
 275.641858      1.076  36.683894    14.8155     6.4920      1.067    29.5220    21.7917 -9.990e-29
 275.641863      1.086  36.698158    14.8139     6.5003      1.077    29.5359    21.8028 -9.990e-29
 275.641869      1.095  36.712499    14.8134     6.5133      1.086    29.5491    21.8130 -9.990e-29
 275.641875      1.094  36.709582    14.8139     6.5328      1.085    29.5461    21.8106 -9.990e-29
 275.641881      1.084  36.705123    14.8147     6.4872      1.075    29.5415    21.8069 -9.990e-29
 275.641887      1.072  36.709982    14.8151     6.5192      1.063    29.5456    21.8100 -9.990e-29
 275.641892      1.067  36.718289    14.8150     6.5176      1.058    29.5531    21.8158 -9.990e-29
 275.641898      1.071  36.729894    14.8142     6.5143      1.062    29.5641    21.8244 -9.990e-29
 275.641904      1.083  36.745119    14.8134     6.5219      1.074    29.5783    21.8355 -9.990e-29
 275.641910      1.092  36.752292    14.8138     6.5159      1.083    29.5844    21.8401 -9.990e-29
 275.641916      1.092  36.745260    14.8152     6.5276      1.083    29.5771    21.8342 -9.990e-29
 275.641921      1.083  36.733697    14.8165     6.5281      1.074    29.5657    21.8252 -9.990e-29
 275.641927      1.071  36.732447    14.8170     6.4997      1.062    29.5642    21.8239 -9.990e-29
 275.641933      1.067  36.750482    14.8173     6.4788      1.058    29.5801    21.8361 -9.990e-29
 275.641939      1.072  36.775951    14.8175     6.4687      1.063    29.6028    21.8535 -9.990e-29
 275.641944      1.084  36.780564    14.8176     6.4564      1.075    29.6068    21.8565 -9.990e-29
 275.641950      1.098  36.753639    14.8174     6.4559      1.089    29.5829    21.8382 -9.990e-29
 275.641956      1.112  36.711962    14.8172     6.4610      1.103    29.5458    21.8097 -9.990e-29
 275.641962      1.118  36.684609    14.8174     6.4642      1.109    29.5212    21.7907 -9.990e-29
 275.641968      1.111  36.678826    14.8181     6.4960      1.102    29.5155    21.7862 -9.990e-29
 275.641973      1.096  36.670066    14.8192     6.4801      1.087    29.5068    21.7793 -9.990e-29
 275.641979      1.084  36.644393    14.8206     6.4823      1.075    29.4828    21.7605 -9.990e-29
 275.641985      1.089  36.624186    14.8217     6.4742      1.080    29.4639    21.7457 -9.990e-29
 275.641991      1.109  36.631828    14.8221     6.4462      1.100    29.4704    21.7507 -9.990e-29
 275.641997      1.133  36.646099    14.8222     6.4846      1.124    29.4831    21.7604 -9.990e-29
 275.642002      1.151  36.645643    14.8222     6.4705      1.141    29.4827    21.7601 -9.990e-29
 275.642008      1.158  36.639368    14.8219     6.4805      1.148    29.4773    21.7560 -9.990e-29
 275.642014      1.160  36.635713    14.8213     6.4837      1.150    29.4745    21.7540 -9.990e-29
 275.642020      1.165  36.625302    14.8204     6.4782      1.155    29.4659    21.7475 -9.990e-29
 275.642025      1.174  36.610500    14.8194     6.4780      1.164    29.4534    21.7381 -9.990e-29
 275.642031      1.179  36.605195    14.8190     6.4807      1.169    29.4490    21.7348 -9.990e-29
 275.642037      1.175  36.603419    14.8196     6.4498      1.165    29.4469    21.7331 -9.990e-29
 275.642043      1.167  36.603911    14.8204     6.4616      1.157    29.4468    21.7328 -9.990e-29
 275.642049      1.162  36.614041    14.8205     6.4532      1.152    29.4557    21.7397 -9.990e-29
 275.642054      1.166  36.625436    14.8199     6.4277      1.156    29.4664    21.7480 -9.990e-29
 275.642060      1.173  36.627487    14.8193     6.4279      1.163    29.4687    21.7499 -9.990e-29
 275.642066      1.175  36.622351    14.8186     6.3695      1.165    29.4646    21.7469 -9.990e-29
 275.642072      1.170  36.607652    14.8177     6.4266      1.160    29.4521    21.7375 -9.990e-29
 275.642078      1.155  36.576670    14.8170     6.4683      1.145    29.4250    21.7168 -9.990e-29
 275.642083      1.135  36.540220    14.8168     6.4806      1.126    29.3926    21.6919 -9.990e-29
 275.642089      1.116  36.519768    14.8171     6.5015      1.107    29.3741    21.6776 -9.990e-29
 275.642095      1.102  36.518308    14.8173     6.4668      1.093    29.3727    21.6764 -9.990e-29
 275.642101      1.096  36.531636    14.8172     6.4482      1.087    29.3846    21.6857 -9.990e-29
 275.642106      1.103  36.557885    14.8167     6.4378      1.094    29.4085    21.7041 -9.990e-29
 275.642112      1.118  36.586628    14.8161     6.4476      1.109    29.4346    21.7243 -9.990e-29
 275.642118      1.129  36.601790    14.8161     6.4461      1.120    29.4481    21.7348 -9.990e-29
 275.642124      1.128  36.598343    14.8162     6.4498      1.119    29.4450    21.7323 -9.990e-29
 275.642130      1.125  36.586254    14.8156     6.4409      1.116    29.4346    21.7245 -9.990e-29
 275.642135      1.127  36.560042    14.8143     6.4291      1.118    29.4122    21.7075 -9.990e-29
 275.642141      1.135  36.530716    14.8128     6.4079      1.126    29.3871    21.6885 -9.990e-29
 275.642147      1.144  36.513542    14.8116     6.3847      1.134    29.3727    21.6776 -9.990e-29
 275.642153      1.147  36.499061    14.8103     6.3573      1.137    29.3607    21.6687 -9.990e-29
 275.642159      1.144  36.490938    14.8084     6.3564      1.134    29.3549    21.6646 -9.990e-29
 275.642164      1.143  36.477205    14.8059     6.3656      1.133    29.3445    21.6571 -9.990e-29
 275.642170      1.149  36.428324    14.8019     6.3836      1.139    29.3038    21.6267 -9.990e-29
 275.642176      1.162  36.339094    14.7953     6.4064      1.152    29.2291    21.5705 -9.990e-29
 275.642182      1.179  36.241899    14.7890     6.4141      1.169    29.1470    21.5087 -9.990e-29
 275.642187      1.191  36.191012    14.7875     6.4026      1.181    29.1027    21.4749 -9.990e-29
 275.642193      1.196  36.213312    14.7910     6.3956      1.186    29.1200    21.4875 -9.990e-29
 275.642199      1.193  36.269560    14.7955     6.3865      1.183    29.1669    21.5226 -9.990e-29
 275.642205      1.188  36.315329    14.7981     6.3866      1.178    29.2058    21.5520 -9.990e-29
 275.642211      1.187  36.349402    14.7989     6.3762      1.177    29.2356    21.5748 -9.990e-29
 275.642216      1.196  36.361695    14.7995     6.3689      1.186    29.2461    21.5828 -9.990e-29
 275.642222      1.210  36.339991    14.7997     6.3344      1.200    29.2266    21.5677 -9.990e-29
 275.642228      1.223  36.305234    14.7984     6.3604      1.213    29.1965    21.5448 -9.990e-29
 275.642234      1.230  36.270492    14.7955     6.3812      1.220    29.1677    21.5232 -9.990e-29
 275.642240      1.236  36.229233    14.7913     6.3963      1.226    29.1340    21.4982 -9.990e-29
 275.642245      1.246  36.197628    14.7868     6.4265      1.236    29.1091    21.4800 -9.990e-29
 275.642251      1.256  36.194447    14.7845     6.3853      1.246    29.1080    21.4796 -9.990e-29
 275.642257      1.258  36.211516    14.7852     6.4302      1.247    29.1227    21.4908 -9.990e-29
 275.642263      1.249  36.237174    14.7870     6.4433      1.239    29.1443    21.5070 -9.990e-29
 275.642269      1.235  36.276983    14.7895     6.4498      1.225    29.1780    21.5324 -9.990e-29
 275.642274      1.230  36.342301    14.7930     6.4405      1.220    29.2337    21.5745 -9.990e-29
 275.642280      1.233  36.407489    14.7962     6.4170      1.223    29.2895    21.6168 -9.990e-29
 275.642286      1.235  36.433279    14.7976     6.4023      1.225    29.3115    21.6334 -9.990e-29
 275.642292      1.237  36.423180    14.7972     6.3998      1.227    29.3027    21.6268 -9.990e-29
 275.642297      1.242  36.404611    14.7968     6.3978      1.232    29.2865    21.6144 -9.990e-29
 275.642303      1.248  36.395378    14.7971     6.3907      1.238    29.2780    21.6078 -9.990e-29
 275.642309      1.249  36.387611    14.7974     6.3952      1.239    29.2708    21.6022 -9.990e-29
 275.642315      1.247  36.377641    14.7969     6.3967      1.237    29.2623    21.5958 -9.990e-29
 275.642321      1.240  36.371191    14.7957     6.3973      1.230    29.2574    21.5923 -9.990e-29
 275.642326      1.234  36.362423    14.7946     6.3857      1.224    29.2504    21.5871 -9.990e-29
 275.642332      1.235  36.354180    14.7941     6.3921      1.225    29.2434    21.5818 -9.990e-29
 275.642338      1.249  36.355051    14.7943     6.3759      1.239    29.2441    21.5823 -9.990e-29
 275.642344      1.272  36.361669    14.7947     6.3862      1.261    29.2497    21.5865 -9.990e-29
 275.642350      1.297  36.362630    14.7950     6.4062      1.286    29.2503    21.5869 -9.990e-29
 275.642355      1.321  36.356370    14.7952     6.4214      1.310    29.2445    21.5825 -9.990e-29
 275.642361      1.345  36.347393    14.7954     6.4374      1.334    29.2364    21.5761 -9.990e-29
 275.642367      1.372  36.338266    14.7961     6.4458      1.361    29.2277    21.5693 -9.990e-29
 275.642373      1.407  36.335835    14.7976     6.4948      1.395    29.2244    21.5664 -9.990e-29
 275.642378      1.461  36.354758    14.7995     6.5261      1.449    29.2398    21.5779 -9.990e-29
 275.642384      1.538  36.400600    14.8010     6.5382      1.525    29.2796    21.6082 -9.990e-29
 275.642390      1.633  36.461558    14.8023     6.5547      1.619    29.3331    21.6491 -9.990e-29
 275.642396      1.744  36.525797    14.8045     6.5477      1.729    29.3888    21.6915 -9.990e-29
 275.642402      1.871  36.597071    14.8075     6.5237      1.855    29.4501    21.7381 0.0000e+00
 275.642407      2.015  36.667765    14.8104     6.4517      1.998    29.5111    21.7844 0.0000e+00
 275.642413      2.179  36.707064    14.8131     6.4032      2.161    29.5441    21.8093 0.0000e+00
 275.642419      2.355  36.729759    14.8144     6.3261      2.335    29.5634    21.8238 0.0000e+00
 275.642425      2.542  36.764946    14.8114     6.2841      2.521    29.5970    21.8504 0.0000e+00
 275.642431      2.739  36.792773    14.8043     6.2482      2.716    29.6272    21.8751 0.0000e+00
 275.642436      2.941  36.800959    14.7910     6.1802      2.916    29.6446    21.8912 0.0000e+00
 275.642442      3.148  36.832334    14.7690     6.2230      3.122    29.6893    21.9302 0.0000e+00
 275.642448      3.361  36.901209    14.7431     6.2273      3.333    29.7707    21.9983 0.0000e+00
 275.642454      3.576  36.955273    14.7160     6.2497      3.546    29.8399    22.0571 0.0000e+00
 275.642459      3.793  36.980214    14.6886     6.2593      3.761    29.8832    22.0962 0.0000e+00
 275.642465      4.015  36.994660    14.6666     6.2053      3.981    29.9130    22.1237 0.0000e+00
 275.642471      4.237  37.002123    14.6533     6.2486      4.202    29.9298    22.1394 0.0000e+00
 275.642477      4.457  37.006335    14.6452     6.2515      4.420    29.9398    22.1488 0.0000e+00
 275.642483      4.675  37.010060    14.6365     6.2611      4.636    29.9497    22.1582 0.0000e+00
 275.642488      4.898  37.013171    14.6245     6.2735      4.857    29.9617    22.1699 0.0000e+00
 275.642494      5.126  37.016408    14.6119     6.3012      5.083    29.9742    22.1822 0.0000e+00
 275.642500      5.357  37.020674    14.6030     6.3591      5.312    29.9849    22.1922 0.0000e+00
 275.642506      5.588  37.024323    14.5972     6.3905      5.541    29.9925    22.1993 0.0000e+00
 275.642512      5.822  37.026003    14.5875     6.3974      5.773    30.0015    22.2082 0.0000e+00
 275.642517      6.069  37.025667    14.5662     6.3546      6.018    30.0175    22.2250 0.0000e+00
 275.642523      6.331  37.022260    14.5321     6.2805      6.278    30.0407    22.2499 0.0000e+00
 275.642529      6.591  37.013437    14.4981     6.2107      6.536    30.0590    22.2710 0.0000e+00
 275.642535      6.836  37.003646    14.4799     6.1178      6.779    30.0642    22.2787 0.0000e+00
 275.642541      7.068  37.000525    14.4756     6.0444      7.009    30.0646    22.2800 0.0000e+00
 275.642546      7.294  37.001543    14.4698     5.9777      7.233    30.0699    22.2853 0.0000e+00
 275.642552      7.523  37.002402    14.4465     5.9429      7.460    30.0887    22.3045 0.0000e+00
 275.642558      7.762  37.001401    14.4007     5.9392      7.697    30.1233    22.3406 0.0000e+00
 275.642564      8.009  36.998846    14.3457     5.9469      7.942    30.1636    22.3830 0.0000e+00
 275.642569      8.262  37.001936    14.2983     5.9444      8.193    30.2033    22.4232 0.0000e+00
 275.642575      8.512  37.012491    14.2693     5.9051      8.441    30.2355    22.4539 0.0000e+00
 275.642581      8.749  37.022661    14.2591     5.8364      8.676    30.2526    22.4692 0.0000e+00
 275.642587      8.975  37.028570    14.2588     5.7710      8.900    30.2581    22.4735 0.0000e+00
 275.642593      9.195  37.030756    14.2588     5.7028      9.118    30.2600    22.4750 0.0000e+00
 275.642598      9.421  37.029847    14.2529     5.6421      9.342    30.2637    22.4791 0.0000e+00
 275.642604      9.657  37.029635    14.2388     5.5925      9.576    30.2745    22.4903 0.0000e+00
 275.642610      9.901  37.034277    14.2148     5.5029      9.818    30.2974    22.5128 0.0000e+00
 275.642616     10.151  37.044312    14.1839     5.4195     10.066    30.3307    22.5448 0.0000e+00
 275.642622     10.403  37.057371    14.1558     5.3055     10.316    30.3646    22.5766 0.0000e+00
 275.642627     10.650  37.070070    14.1304     5.2763     10.561    30.3961    22.6061 0.0000e+00
 275.642633     10.892  37.082468    14.0955     5.2800     10.801    30.4348    22.6430 0.0000e+00
 275.642639     11.131  37.099831    14.0462     5.3176     11.038    30.4895    22.6952 0.0000e+00
 275.642645     11.370  37.125076    13.9919     5.3631     11.275    30.5555    22.7571 0.0000e+00
 275.642650     11.601  37.152559    13.9496     5.3397     11.504    30.6142    22.8110 0.0000e+00
 275.642656     11.818  37.175693    13.9294     5.3632     11.719    30.6514    22.8437 0.0000e+00
 275.642662     12.019  37.192183    13.9272     5.3132     11.918    30.6682    22.8571 0.0000e+00
 275.642668     12.202  37.200411    13.9370     5.2643     12.100    30.6679    22.8549 0.0000e+00
 275.642674     12.376  37.197841    13.9546     5.2234     12.272    30.6514    22.8387 0.0000e+00
 275.642679     12.551  37.188853    13.9594     5.1776     12.446    30.6393    22.8284 0.0000e+00
