data/oxygen options/ONMS/Olympic_Coast_National_Marine_Sanctuary_CTD_Data_2005_2023/raw_data/2020/CAST_CA042_200912faedb.cnv
* Sea-Bird SBE 19 Data File:
* FileName = C:\2020 Mooring Data\Casts\CAST_CA042_200912.hex
* Software Version SeatermAF 2.1.2
* Temperature SN = 2997
* Conductivity SN = 2997
* System UpLoad Time = Sep 12 2020 18:22:29 (localtime) = Sep 12 2020 18:22:29 (UTC)
** CAST_CA042_200912
* ds
# nquan = 9
# nvalues = 42                          
# units = specified
# name 0 = timeJ: Julian Days
# name 1 = prSM: Pressure, Strain Gauge [db]
# name 2 = c0mS/cm: Conductivity [mS/cm]
# name 3 = t090C: Temperature [ITS-90, deg C]
# name 4 = sbeox0ML/L: Oxygen, SBE 43 [ml/l]
# name 5 = depSM: Depth [salt water, m], lat = 47.5
# name 6 = sal00: Salinity, Practical [PSU]
# name 7 = sigma-é00: Density [sigma-theta, kg/m^3]
# name 8 = flag: flag
# span 0 = 256.722609, 256.723374       
# span 1 =      2.000,     43.000       
# span 2 =  34.346185,  37.853427       
# span 3 =     7.8957,    13.2192       
# span 4 =     2.8541,     6.0409       
# span 5 =      1.983,     42.636       
# span 6 =    31.8638,    33.3350       
# span 7 =    23.9213,    25.9821       
# span 8 = 0.0000e+00, 0.0000e+00       
# interval = decibars: 1                
# start_time = Sep 12 2020 17:15:17 [Instrument's time stamp, header]
# bad_flag = -9.990e-29
*END*
 256.722609      2.000  37.853427    13.2192     6.0409      1.983    31.8638    23.9213 0.0000e+00
 256.722632      3.000  37.418338    12.6320     5.0648      2.975    31.9481    24.1007 0.0000e+00
 256.722651      4.000  36.780763    11.6344     4.2097      3.967    32.1902    24.4748 0.0000e+00
 256.722670      5.000  36.067254    10.6944     3.9341      4.958    32.3118    24.7363 0.0000e+00
 256.722687      6.000  35.167820     9.5530     4.0089      5.950    32.4229    25.0141 0.0000e+00
 256.722705      7.000  34.812451     9.2215     4.1293      6.942    32.3578    25.0154 0.0000e+00
 256.722722      8.000  34.767016     9.1300     4.0853      7.933    32.3933    25.0574 0.0000e+00
 256.722739      9.000  34.761220     9.1059     3.8738      8.925    32.4088    25.0733 0.0000e+00
 256.722757     10.000  34.683080     8.8964     3.5740      9.916    32.5185    25.1916 0.0000e+00
 256.722775     11.000  34.552303     8.6533     3.5259     10.908    32.6049    25.2965 0.0000e+00
 256.722793     12.000  34.499751     8.5051     3.5557     11.899    32.6863    25.3827 0.0000e+00
 256.722811     13.000  34.453860     8.4110     3.5249     12.891    32.7248    25.4270 0.0000e+00
 256.722829     14.000  34.444013     8.3922     3.3693     13.883    32.7315    25.4351 0.0000e+00
 256.722849     15.000  34.448862     8.3634     3.2515     14.874    32.7629    25.4640 0.0000e+00
 256.722869     16.000  34.445989     8.3140     3.1891     15.866    32.8055    25.5048 0.0000e+00
 256.722890     17.000  34.449571     8.3082     3.0462     16.857    32.8142    25.5124 0.0000e+00
 256.722910     18.000  34.469717     8.2895     2.9641     17.849    32.8526    25.5453 0.0000e+00
 256.722930     19.000  34.490966     8.2720     3.0987     18.841    32.8910    25.5781 0.0000e+00
 256.722950     20.000  34.458540     8.1829     3.2516     19.832    32.9396    25.6294 0.0000e+00
 256.722968     21.000  34.399411     8.0806     3.2723     20.824    32.9725    25.6703 0.0000e+00
 256.722986     22.000  34.361643     8.0069     3.2184     21.815    33.0013    25.7037 0.0000e+00
 256.723004     23.000  34.346185     7.9556     3.0583     22.807    33.0327    25.7358 0.0000e+00
 256.723023     24.000  34.385780     7.9462     2.9568     23.798    33.0834    25.7770 0.0000e+00
 256.723041     25.000  34.427517     7.9596     2.9365     24.790    33.1149    25.7997 0.0000e+00
 256.723061     26.000  34.448458     7.9718     2.9296     25.782    33.1252    25.8062 0.0000e+00
 256.723081     27.000  34.456011     7.9724     2.9147     26.773    33.1322    25.8115 0.0000e+00
 256.723098     28.000  34.465712     7.9750     2.8556     27.764    33.1397    25.8170 0.0000e+00
 256.723115     29.000  34.484671     7.9875     2.8541     28.756    33.1476    25.8214 0.0000e+00
 256.723132     30.000  34.501881     7.9971     2.8796     29.747    33.1564    25.8270 0.0000e+00
 256.723151     31.000  34.508205     7.9968     2.8825     30.739    33.1630    25.8322 0.0000e+00
 256.723169     32.000  34.510396     7.9938     2.9119     31.730    33.1676    25.8363 0.0000e+00
 256.723184     33.000  34.512554     7.9913     2.9404     32.722    33.1719    25.8400 0.0000e+00
 256.723199     34.000  34.517602     7.9843     2.9502     33.714    33.1834    25.8501 0.0000e+00
 256.723215     35.000  34.526269     7.9803     2.9727     34.705    33.1960    25.8606 0.0000e+00
 256.723231     36.000  34.528803     7.9750     3.0211     35.697    33.2033    25.8670 0.0000e+00
 256.723248     37.000  34.539036     7.9628     3.0770     36.688    33.2254    25.8862 0.0000e+00
 256.723265     38.000  34.548976     7.9544     3.1429     37.680    33.2435    25.9017 0.0000e+00
 256.723280     39.000  34.559714     7.9326     3.2096     38.671    33.2752    25.9298 0.0000e+00
 256.723296     40.000  34.573092     7.9099     3.2373     39.662    33.3107    25.9610 0.0000e+00
 256.723313     41.000  34.580627     7.8988     3.2085     40.654    33.3289    25.9769 0.0000e+00
 256.723331     42.000  34.582628     7.8957     3.2018     41.645    33.3335    25.9810 0.0000e+00
 256.723374     43.000  34.585245     7.8965     3.2143     42.636    33.3350    25.9821 0.0000e+00
