data/oxygen options/ONMS/Olympic_Coast_National_Marine_Sanctuary_CTD_Data_2005_2023/raw_data/2020/CAST_TH042_200912faed.cnv
* Sea-Bird SBE 19 Data File:
* FileName = C:\2020 Mooring Data\Casts\CAST_TH042_200912.hex
* Software Version SeatermAF 2.1.2
* Temperature SN = 2997
* Conductivity SN = 2997
* System UpLoad Time = Sep 12 2020 22:10:49 (localtime) = Sep 12 2020 22:10:49 (UTC)
** CAST_TH042_200912
* ds
# nquan = 9                                 
# nvalues = 907                         
# units = specified
# name 0 = timeJ: Julian Days
# name 1 = prSM: Pressure, Strain Gauge [db]
# name 2 = c0mS/cm: Conductivity [mS/cm]
# name 3 = t090C: Temperature [ITS-90, deg C]
# name 4 = sbeox0ML/L: Oxygen, SBE 43 [ml/l]
# name 5 = depSM: Depth [salt water, m], lat = 47.5
# name 6 = sal00: Salinity, Practical [PSU]
# name 7 = sigma-é00: Density [sigma-theta, kg/m^3]
# name 8 = flag: flag
# span 0 = 256.858495, 256.863738       
# span 1 =     -5.204,     42.272       
# span 2 =   0.450783,  37.318621       
# span 3 =     7.5652,    13.4032       
# span 4 =    -1.9363,    14.2633       
# span 5 =     -5.161,     41.915       
# span 6 =     0.2835,    33.5596       
# span 7 =    -0.4380,    26.2052       
# span 8 = 0.0000e+00, 0.0000e+00       
# interval = seconds: 0.5
# start_time = Sep 12 2020 20:36:14 [Instrument's time stamp, header]
# bad_flag = -9.990e-29
*END*
[from data line 801]
 256.863131     26.817  34.513577     7.7718     3.4849     26.591    33.3851    26.0392 0.0000e+00
 256.863137     26.429  34.532603     7.8204     3.7802     26.207    33.3592    26.0118 0.0000e+00
 256.863142     26.049  34.557604     7.9182     4.0818     25.830    33.2928    25.9455 0.0000e+00
 256.863148     25.679  34.599558     8.0699     4.2906     25.463    33.1936    25.8454 0.0000e+00
 256.863154     25.317  34.665704     8.2319     4.4196     25.104    33.1109    25.7566 0.0000e+00
 256.863160     24.961  34.770324     8.3594     4.4609     24.751    33.1018    25.7305 0.0000e+00
 256.863166     24.615  34.900535     8.4466     4.4951     24.408    33.1574    25.7610 0.0000e+00
 256.863171     24.277  35.000220     8.5111     4.5264     24.073    33.2020    25.7862 0.0000e+00
 256.863177     23.943  35.051589     8.5602     4.5558     23.742    33.2101    25.7850 0.0000e+00
 256.863183     23.609  35.076119     8.5908     4.5787     23.411    33.2073    25.7782 0.0000e+00
 256.863189     23.276  35.092574     8.6068     4.5944     23.080    33.2097    25.7776 0.0000e+00
 256.863194     22.948  35.112875     8.6202     4.6106     22.755    33.2186    25.7825 0.0000e+00
 256.863200     22.621  35.133325     8.6411     4.6156     22.431    33.2206    25.7809 0.0000e+00
 256.863206     22.283  35.147621     8.6693     4.6136     22.096    33.2092    25.7677 0.0000e+00
 256.863212     21.929  35.156389     8.6948     4.5827     21.745    33.1947    25.7524 0.0000e+00
 256.863218     21.567  35.162416     8.7097     4.5486     21.386    33.1872    25.7442 0.0000e+00
 256.863223     21.205  35.167641     8.7147     4.5138     21.027    33.1881    25.7442 0.0000e+00
 256.863229     20.844  35.170132     8.7117     4.4682     20.669    33.1937    25.7490 0.0000e+00
 256.863235     20.488  35.167109     8.7016     4.4100     20.316    33.2002    25.7556 0.0000e+00
 256.863241     20.138  35.158530     8.6885     4.4336     19.969    33.2037    25.7603 0.0000e+00
 256.863247     19.800  35.144790     8.6775     4.4578     19.634    33.1997    25.7589 0.0000e+00
 256.863252     19.473  35.126689     8.6711     4.4685     19.310    33.1869    25.7498 0.0000e+00
 256.863258     19.148  35.106500     8.6717     4.4773     18.987    33.1653    25.7328 0.0000e+00
 256.863264     18.819  35.089316     8.6799     4.3985     18.661    33.1397    25.7115 0.0000e+00
 256.863270     18.485  35.080874     8.6915     4.4425     18.330    33.1201    25.6944 0.0000e+00
 256.863275     18.147  35.079513     8.7005     4.5009     17.995    33.1104    25.6854 0.0000e+00
 256.863281     17.805  35.078996     8.7060     4.6069     17.656    33.1049    25.6802 0.0000e+00
 256.863287     17.462  35.075897     8.7141     4.7273     17.316    33.0942    25.6706 0.0000e+00
 256.863293     17.118  35.071194     8.7342     4.8631     16.974    33.0707    25.6491 0.0000e+00
 256.863299     16.769  35.070452     8.7822     5.0841     16.628    33.0252    25.6061 0.0000e+00
 256.863304     16.410  35.079470     8.8757     5.3101     16.272    32.9478    25.5310 0.0000e+00
 256.863310     16.038  35.104171     9.0160     5.5473     15.904    32.8438    25.4278 0.0000e+00
 256.863316     15.665  35.151211     9.1800     5.7218     15.534    32.7417    25.3221 0.0000e+00
 256.863322     15.302  35.226212     9.3309     5.8447     15.174    32.6810    25.2508 0.0000e+00
 256.863328     14.946  35.335091     9.4426     5.9298     14.821    32.6912    25.2409 0.0000e+00
 256.863333     14.596  35.447091     9.5228     5.9998     14.474    32.7332    25.2608 0.0000e+00
 256.863339     14.251  35.522723     9.6034     6.0382     14.132    32.7373    25.2509 0.0000e+00
 256.863345     13.907  35.577141     9.6916     6.0445     13.790    32.7128    25.2174 0.0000e+00
 256.863351     13.559  35.625235     9.7633     6.0479     13.445    32.6968    25.1933 0.0000e+00
 256.863356     13.206  35.667856     9.8089     6.0472     13.095    32.6990    25.1875 0.0000e+00
 256.863362     12.851  35.706976     9.8384     6.0499     12.743    32.7123    25.1929 0.0000e+00
 256.863368     12.494  35.733165     9.8586     6.0601     12.389    32.7207    25.1962 0.0000e+00
 256.863374     12.132  35.747214     9.8725     6.0808     12.030    32.7226    25.1954 0.0000e+00
 256.863380     11.770  35.757831     9.8839     6.0815     11.671    32.7232    25.1940 0.0000e+00
 256.863385     11.404  35.770449     9.8965     6.1036     11.309    32.7247    25.1931 0.0000e+00
 256.863391     11.033  35.786231     9.9153     6.1090     10.941    32.7239    25.1893 0.0000e+00
 256.863397     10.664  35.804568     9.9422     6.1184     10.575    32.7183    25.1805 0.0000e+00
 256.863403     10.308  35.824139     9.9700     6.1344     10.222    32.7131    25.1718 0.0000e+00
 256.863409      9.971  35.842082     9.9921     6.1306      9.888    32.7115    25.1669 0.0000e+00
 256.863414      9.654  35.858221    10.0067     6.1420      9.573    32.7148    25.1670 0.0000e+00
 256.863420      9.353  35.871094    10.0156     6.1303      9.275    32.7199    25.1695 0.0000e+00
 256.863426      9.067  35.876570    10.0286     6.1631      8.991    32.7138    25.1626 0.0000e+00
 256.863432      8.794  35.879710    10.0533     6.1744      8.720    32.6947    25.1436 0.0000e+00
 256.863438      8.535  35.890868    10.0853     6.1872      8.464    32.6772    25.1246 0.0000e+00
 256.863443      8.286  35.907547    10.1193     6.1812      8.217    32.6635    25.1082 0.0000e+00
 256.863449      8.039  35.923957    10.1554     6.1375      7.972    32.6477    25.0898 0.0000e+00
 256.863455      7.796  35.940683    10.1919     6.1895      7.731    32.6318    25.0712 0.0000e+00
 256.863461      7.563  35.957046    10.2272     6.2146      7.500    32.6166    25.0534 0.0000e+00
 256.863466      7.337  35.972446    10.2572     6.2456      7.276    32.6052    25.0395 0.0000e+00
 256.863472      7.114  35.983316    10.2768     6.2505      7.055    32.5987    25.0311 0.0000e+00
 256.863478      6.887  35.991262    10.2910     6.2345      6.829    32.5940    25.0251 0.0000e+00
 256.863484      6.660  36.002401    10.3119     6.2590      6.604    32.5866    25.0157 0.0000e+00
 256.863490      6.439  36.017572    10.3429     6.2915      6.385    32.5741    25.0007 0.0000e+00
 256.863495      6.222  36.039065    10.3794     6.2943      6.170    32.5631    24.9859 0.0000e+00
 256.863501      6.006  36.061904    10.4195     6.3240      5.956    32.5502    24.9691 0.0000e+00
 256.863507      5.784  36.081786    10.4717     6.3434      5.736    32.5235    24.9394 0.0000e+00
 256.863513      5.555  36.104485    10.5413     6.3750      5.509    32.4842    24.8969 0.0000e+00
 256.863519      5.322  36.127754    10.6189     6.3931      5.278    32.4385    24.8479 0.0000e+00
 256.863524      5.087  36.147868    10.6968     6.3859      5.044    32.3895    24.7963 0.0000e+00
 256.863530      4.852  36.173158    10.7716     6.3545      4.811    32.3485    24.7514 0.0000e+00
 256.863536      4.625  36.209888    10.8382     6.3339      4.586    32.3263    24.7225 0.0000e+00
 256.863542      4.411  36.259389    10.9035     6.3490      4.374    32.3178    24.7045 0.0000e+00
 256.863547      4.210  36.324885    10.9781     6.3602      4.175    32.3170    24.6908 0.0000e+00
 256.863553      4.018  36.393355    11.0501     6.4018      3.984    32.3214    24.6816 0.0000e+00
 256.863559      3.831  36.440048    11.1003     6.4050      3.799    32.3234    24.6743 0.0000e+00
 256.863565      3.647  36.455468    11.1220     6.3834      3.617    32.3196    24.6675 0.0000e+00
 256.863571      3.461  36.441686    11.1185     6.3694      3.432    32.3092    24.6600 0.0000e+00
 256.863576      3.274  36.416779    11.1076     6.3532      3.247    32.2943    24.6503 0.0000e+00
 256.863582      3.093  36.405292    11.1122     6.3702      3.067    32.2790    24.6376 0.0000e+00
 256.863588      2.918  36.418820    11.1375     6.4337      2.894    32.2702    24.6263 0.0000e+00
 256.863594      2.746  36.448482    11.1713     6.5018      2.723    32.2698    24.6200 0.0000e+00
 256.863600      2.576  36.470473    11.2029     6.5538      2.554    32.2638    24.6097 0.0000e+00
 256.863605      2.401  36.478239    11.2361     6.5975      2.381    32.2425    24.5872 0.0000e+00
 256.863611      2.214  36.481021    11.2864     6.6288      2.196    32.2013    24.5462 0.0000e+00
 256.863617      2.020  36.495426    11.3586     6.6025      2.003    32.1525    24.4954 0.0000e+00
 256.863623      1.833  36.530015    11.4438     6.6679      1.818    32.1124    24.4489 0.0000e+00
 256.863628      1.662  36.590546    11.5411     7.6145      1.648    32.0871    24.4117 0.0000e+00
 256.863634      1.509  36.682051    11.6350     7.5264      1.496    32.0950    24.4008 0.0000e+00
 256.863640      1.368  36.761706    11.6922     7.3992      1.357    32.1230    24.4121 0.0000e+00
 256.863646      1.231  36.779302    11.7114     7.1665      1.221    32.1235    24.4090 0.0000e+00
 256.863652      1.094  36.755516    11.7210     7.0437      1.085    32.0922    24.3829 0.0000e+00
 256.863657      0.964  36.717515    11.7287     6.9654      0.956    32.0487    24.3478 -9.990e-29
 256.863663      0.855  36.609026    11.7265     6.7869      0.848    31.9453    24.2679 -9.990e-29
 256.863669      0.769  36.281476    11.7205     6.8165      0.763    31.6329    24.0265 -9.990e-29
 256.863675      0.700  35.340745    11.7192     6.8098      0.694    30.7242    23.3214 -9.990e-29
 256.863681      0.643  32.581307    11.7216     6.8109      0.638    28.0752    21.2665 -9.990e-29
 256.863686      0.599  25.534627    11.7263 -9.990e-29      0.594    21.4613    16.1446 -9.990e-29
 256.863692      0.571  15.756205    11.7358 -9.990e-29      0.566    12.6687     9.3472 -9.990e-29
 256.863698      0.551   9.218882    11.7514 -9.990e-29      0.546     7.0950     5.0367 -9.990e-29
 256.863704      0.534   6.994174    11.7698 -9.990e-29      0.530     5.2712     3.6228 -9.990e-29
 256.863709      0.519   6.145937    11.7880 -9.990e-29      0.515     4.5874     3.0908 -9.990e-29
 256.863715      0.506   5.263991    11.8077 -9.990e-29      0.502     3.8854     2.5444 -9.990e-29
 256.863721      0.492   4.476269    11.8301 -9.990e-29      0.488     3.2667     2.0618 -9.990e-29
 256.863727      0.483   4.119023    11.8510 -9.990e-29      0.479     2.9882     1.8432 -9.990e-29
 256.863733      0.480   3.973186    11.8602 -9.990e-29      0.476     2.8751     1.7543 -9.990e-29
 256.863738      0.481   3.868198 -9.990e-29 -9.990e-29      0.477 -9.990e-29 -9.990e-29 -9.990e-29
