data/oxygen options/ONMS/Olympic_Coast_National_Marine_Sanctuary_CTD_Data_2005_2023/raw_data/2020/CAST_CA042_200930faed.cnv
* Sea-Bird SBE 19 Data File:
* FileName = C:\2020 Mooring Data\Casts\CAST_CA042_200930.hex
* Software Version SeatermAF 2.1.2
* Temperature SN = 2997
* Conductivity SN = 2997
* System UpLoad Time = Oct 01 2020 19:55:10 (localtime) = Oct 01 2020 19:55:10 (UTC)
** CAST_CA042_200930
* ds
# nquan = 9                                 
# nvalues = 1325                        
# units = specified
# name 0 = timeJ: Julian Days
# name 1 = prSM: Pressure, Strain Gauge [db]
# name 2 = c0mS/cm: Conductivity [mS/cm]
# name 3 = t090C: Temperature [ITS-90, deg C]
# name 4 = sbeox0ML/L: Oxygen, SBE 43 [ml/l]
# name 5 = depSM: Depth [salt water, m], lat = 47.5
# name 6 = sal00: Salinity, Practical [PSU]
# name 7 = sigma-é00: Density [sigma-theta, kg/m^3]
# name 8 = flag: flag
# span 0 = 274.800347, 274.808009       
# span 1 =     -5.434,     43.211       
# span 2 =   0.274491, 222.085466       
# span 3 =     8.1013,    43.2725       
# span 4 =  -174.5825,    15.0886       
# span 5 =     -5.389,     42.846       
# span 6 =     0.1533,    36.4720       
# span 7 =    -1.2736,    25.8504       
# span 8 = 0.0000e+00, 0.0000e+00       
# interval = seconds: 0.5
# start_time = Sep 30 2020 19:12:30 [Instrument's time stamp, header]
# bad_flag = -9.990e-29
*END*
[from data line 801]
 274.804983      0.879  38.179100    15.7133    -1.5312      0.872    30.1649    22.0949 -9.990e-29
 274.804988      0.859  38.179344    15.7115    -1.5315      0.852    30.1665    22.0965 -9.990e-29
 274.804994      0.845  38.141379    15.7089    -1.5312      0.838    30.1351    22.0730 -9.990e-29
 274.805000      0.844  38.103195    15.7081    -1.5312      0.837    30.1022    22.0478 -9.990e-29
 274.805006      0.852  38.096322    15.7097    -1.5312      0.845    30.0949    22.0419 -9.990e-29
 274.805012      0.865  38.109925    15.7117    -1.5310      0.858    30.1053    22.0495 -9.990e-29
 274.805017      0.879  38.125143    15.7125    -1.5308      0.872    30.1181    22.0591 -9.990e-29
 274.805023      0.888  38.140972    15.7135    -1.5309      0.881    30.1312    22.0690 -9.990e-29
 274.805029      0.887  38.155537    15.7140    -1.5303      0.880    30.1437    22.0784 -9.990e-29
 274.805035      0.876  38.163038    15.7111    -1.5312      0.869    30.1525    22.0858 -9.990e-29
 274.805041      0.859  38.163957    15.7058    -1.5324      0.852    30.1573    22.0907 -9.990e-29
 274.805046      0.844  38.164578    15.7012    -1.5328      0.837    30.1614    22.0948 -9.990e-29
 274.805052      0.833  38.173591    15.6990    -1.5326      0.826    30.1710    22.1027 -9.990e-29
 274.805058      0.826  38.190689    15.6998    -1.5319      0.819    30.1854    22.1136 -9.990e-29
 274.805064      0.823  38.204475    15.7025    -1.5322      0.816    30.1955    22.1207 -9.990e-29
 274.805069      0.823  38.212593    15.7046    -1.5328      0.816    30.2010    22.1245 -9.990e-29
 274.805075      0.822  38.219714    15.7048    -1.5327      0.815    30.2071    22.1292 -9.990e-29
 274.805081      0.815  38.226373    15.7048    -1.5320      0.808    30.2130    22.1337 -9.990e-29
 274.805087      0.808  38.232487    15.7039    -1.5318      0.801    30.2190    22.1385 -9.990e-29
 274.805093      0.802  38.218746    15.7000    -1.5316      0.795    30.2099    22.1324 -9.990e-29
 274.805098      0.803  38.162915    15.6939    -1.5316      0.796    30.1655    22.0996 -9.990e-29
 274.805104      0.814  38.097667    15.6897    -1.5316      0.807    30.1113    22.0589 -9.990e-29
 274.805110      0.828  38.072834    15.6891    -1.5316      0.821    30.0900    22.0426 -9.990e-29
 274.805116      0.833  38.087275    15.6896    -1.5309      0.826    30.1023    22.0519 -9.990e-29
 274.805122      0.829  38.102501    15.6898    -1.5313      0.822    30.1155    22.0621 -9.990e-29
 274.805127      0.825  38.092848    15.6904    -1.5324      0.818    30.1066    22.0551 -9.990e-29
 274.805133      0.824  38.075736    15.6916    -1.5327      0.817    30.0906    22.0426 -9.990e-29
 274.805139      0.826  38.082190    15.6929    -1.5321      0.819    30.0953    22.0459 -9.990e-29
 274.805145      0.832  38.110176    15.6938    -1.5315      0.825    30.1192    22.0640 -9.990e-29
 274.805150      0.838  38.137582    15.6939    -1.5314      0.831    30.1432    22.0825 -9.990e-29
 274.805156      0.839  38.156104    15.6939    -1.5324      0.832    30.1595    22.0950 -9.990e-29
 274.805162      0.840  38.167460    15.6945    -1.5325      0.833    30.1690    22.1022 -9.990e-29
 274.805168      0.845  38.175587    15.6961    -1.5329      0.838    30.1750    22.1064 -9.990e-29
 274.805174      0.851  38.187972    15.6982    -1.5331      0.844    30.1842    22.1130 -9.990e-29
 274.805179      0.854  38.191421    15.6994    -1.5331      0.847    30.1863    22.1144 -9.990e-29
 274.805185      0.858  38.156339    15.6995    -1.5331      0.851    30.1554    22.0906 -9.990e-29
 274.805191      0.862  38.102129    15.7001    -1.5330      0.855    30.1073    22.0535 -9.990e-29
 274.805197      0.860  38.080443    15.7013    -1.5332      0.853    30.0874    22.0379 -9.990e-29
 274.805203      0.847  38.098265    15.7027    -1.5334      0.840    30.1020    22.0489 -9.990e-29
 274.805208      0.825  38.120495    15.7041    11.4680      0.818    30.1204    22.0627 -9.990e-29
 274.805214      0.807  38.107814    15.7031    14.8584      0.800    30.1101    22.0550 -9.990e-29
 274.805220      0.804  38.062393    15.6987    15.0886      0.797    30.0735    22.0279 -9.990e-29
 274.805226      0.816  38.024616    15.6939    12.5521      0.809    30.0440    22.0062 -9.990e-29
 274.805231      0.831  38.008607    15.6904     7.1984      0.824    30.0325    21.9982 -9.990e-29
 274.805237      0.837  38.003496    15.6887     7.0771      0.830    30.0293    21.9961 -9.990e-29
 274.805243      0.834  38.002474    15.6879     7.1523      0.827    30.0291    21.9961 -9.990e-29
 274.805249      0.835  38.001202    15.6849     7.1678      0.828    30.0302    21.9976 -9.990e-29
 274.805255      0.849  37.998007    15.6803     7.1504      0.842    30.0309    21.9991 -9.990e-29
 274.805260      0.868  37.995194    15.6781     7.1255      0.861    30.0301    21.9990 -9.990e-29
 274.805266      0.880  37.991831    15.6784     7.1160      0.873    30.0269    21.9965 -9.990e-29
 274.805272      0.882  37.985130    15.6797     7.1073      0.875    30.0200    21.9909 -9.990e-29
 274.805278      0.878  37.979632    15.6822     7.1024      0.871    30.0133    21.9852 -9.990e-29
 274.805284      0.877  37.978116    15.6847     7.1030      0.870    30.0101    21.9822 -9.990e-29
 274.805289      0.882  37.976896    15.6859     7.0899      0.875    30.0081    21.9804 -9.990e-29
 274.805295      0.890  37.973804    15.6868     7.0608      0.883    30.0047    21.9776 -9.990e-29
 274.805301      0.893  37.972585    15.6889     7.0489      0.886    30.0020    21.9751 -9.990e-29
 274.805307      0.886  37.975555    15.6919     7.0526      0.879    30.0023    21.9747 -9.990e-29
 274.805313      0.874  37.979402    15.6937     7.0640      0.867    30.0044    21.9758 -9.990e-29
 274.805318      0.865  37.981423    15.6935     7.0756      0.858    30.0063    21.9774 -9.990e-29
 274.805324      0.861  37.980408    15.6932     7.0158      0.854    30.0056    21.9769 -9.990e-29
 274.805330      0.863  37.977825    15.6933     7.0387      0.856    30.0033    21.9751 -9.990e-29
 274.805336      0.867  37.976975    15.6932     7.0508      0.860    30.0026    21.9746 -9.990e-29
 274.805341      0.868  37.977864    15.6940     7.0752      0.861    30.0028    21.9746 -9.990e-29
 274.805347      0.872  37.978890    15.6955     7.0976      0.865    30.0025    21.9741 -9.990e-29
 274.805353      0.877  37.979756    15.6950     7.0357      0.870    30.0037    21.9750 -9.990e-29
 274.805359      0.880  37.978269    15.6895     7.0587      0.873    30.0066    21.9784 -9.990e-29
 274.805365      0.886  37.970221    15.6802     7.0542      0.879    30.0065    21.9805 -9.990e-29
 274.805370      0.895  37.958356    15.6744     7.0527      0.888    30.0005    21.9771 -9.990e-29
 274.805376      0.899  37.953225    15.6762     7.0550      0.891    29.9946    21.9722 -9.990e-29
 274.805382      0.894  37.956409    15.6801     7.0521      0.887    29.9945    21.9712 -9.990e-29
 274.805388      0.884  37.960397    15.6793     7.0639      0.877    29.9986    21.9745 -9.990e-29
 274.805394      0.877  37.960431    15.6751     7.0678      0.870    30.0018    21.9779 -9.990e-29
 274.805399      0.877  37.955455    15.6731     7.0558      0.870    29.9990    21.9762 -9.990e-29
 274.805405      0.879  37.952306    15.6738     7.0474      0.872    29.9957    21.9735 -9.990e-29
 274.805411      0.875  37.956334    15.6732     7.0633      0.868    29.9997    21.9767 -9.990e-29
 274.805417      0.865  37.962273    15.6722     7.0695      0.858    30.0056    21.9815 -9.990e-29
 274.805422      0.857  37.966287    15.6735     7.0676      0.850    30.0082    21.9832 -9.990e-29
 274.805428      0.854  37.969259    15.6762     7.0500      0.847    30.0087    21.9830 -9.990e-29
 274.805434      0.857  37.971244    15.6794     7.0347      0.850    30.0081    21.9818 -9.990e-29
 274.805440      0.860  37.972101    15.6836     7.0534      0.853    30.0056    21.9790 -9.990e-29
 274.805446      0.861  37.972432    15.6877     7.0676      0.854    30.0028    21.9759 -9.990e-29
 274.805451      0.863  37.972695    15.6894     7.0757      0.856    30.0017    21.9748 -9.990e-29
 274.805457      0.871  37.972697    15.6890     7.0748      0.864    30.0020    21.9751 -9.990e-29
 274.805463      0.881  37.972458    15.6886     7.0717      0.874    30.0021    21.9752 -9.990e-29
 274.805469      0.885  37.972799    15.6895     7.0700      0.878    30.0017    21.9747 -9.990e-29
 274.805475      0.880  37.973631    15.6913     7.0701      0.873    30.0011    21.9739 -9.990e-29
 274.805480      0.868  37.974398    15.6923     7.0691      0.861    30.0010    21.9736 -9.990e-29
 274.805486      0.863  37.974458    15.6916     7.0607      0.856    30.0016    21.9742 -9.990e-29
 274.805492      0.872  37.972790    15.6905     7.0351      0.865    30.0010    21.9739 -9.990e-29
 274.805498      0.888  37.971113    15.6900     7.0354      0.881    29.9999    21.9732 -9.990e-29
 274.805503      0.902  37.971691    15.6892     7.0442      0.894    30.0010    21.9742 -9.990e-29
 274.805509      0.916  37.973069    15.6885     7.0291      0.908    30.0027    21.9757 -9.990e-29
 274.805515      0.927  37.973738    15.6892     7.0448      0.919    30.0028    21.9756 -9.990e-29
 274.805521      0.930  37.974046    15.6902     7.0376      0.922    30.0023    21.9750 -9.990e-29
 274.805527      0.927  37.974420    15.6900     7.0507      0.919    30.0028    21.9754 -9.990e-29
 274.805532      0.920  37.974253    15.6888     7.0608      0.912    30.0035    21.9763 -9.990e-29
 274.805538      0.919  37.973341    15.6881     7.0200      0.911    30.0033    21.9762 -9.990e-29
 274.805544      0.923  37.973290    15.6886     7.0557      0.915    30.0028    21.9758 -9.990e-29
 274.805550      0.923  37.974049    15.6897     7.0412      0.915    30.0027    21.9754 -9.990e-29
 274.805556      0.921  37.974405    15.6901     7.0502      0.913    30.0027    21.9753 -9.990e-29
 274.805561      0.923  37.974289    15.6897     7.0517      0.915    30.0029    21.9756 -9.990e-29
 274.805567      0.932  37.974124    15.6894     7.0315      0.924    30.0030    21.9757 -9.990e-29
 274.805573      0.937  37.974831    15.6893     7.0559      0.929    30.0037    21.9763 -9.990e-29
 274.805579      0.936  37.976247    15.6896     7.0522      0.928    30.0047    21.9770 -9.990e-29
 274.805584      0.933  37.977474    15.6905     7.0492      0.925    30.0051    21.9771 -9.990e-29
 274.805590      0.931  37.978483    15.6912     7.0523      0.923    30.0054    21.9772 -9.990e-29
 274.805596      0.931  37.978955    15.6912     7.0597      0.923    30.0058    21.9775 -9.990e-29
 274.805602      0.933  37.978416    15.6916     7.0721      0.925    30.0051    21.9768 -9.990e-29
 274.805608      0.932  37.977846    15.6927     7.0753      0.924    30.0037    21.9756 -9.990e-29
 274.805613      0.928  37.978185    15.6922     7.0759      0.920    30.0044    21.9762 -9.990e-29
 274.805619      0.931  37.978218    15.6892     7.0765      0.923    30.0067    21.9786 -9.990e-29
 274.805625      0.939  37.976328    15.6855     7.0752      0.931    30.0079    21.9803 -9.990e-29
 274.805631      0.945  37.972254    15.6823     7.0867      0.937    30.0067    21.9801 -9.990e-29
 274.805637      0.945  37.968430    15.6799     7.0861      0.937    30.0052    21.9795 -9.990e-29
 274.805642      0.939  37.967623    15.6789     7.0588      0.931    30.0052    21.9797 -9.990e-29
 274.805648      0.930  37.968213    15.6788     7.0506      0.922    30.0058    21.9802 -9.990e-29
 274.805654      0.928  37.967640    15.6783     7.0512      0.920    30.0057    21.9802 -9.990e-29
 274.805660      0.931  37.966278    15.6772     7.0584      0.923    30.0053    21.9802 -9.990e-29
 274.805666      0.932  37.965693    15.6769     7.0754      0.924    30.0051    21.9800 -9.990e-29
 274.805671      0.925  37.966804    15.6771     7.0874      0.917    30.0059    21.9806 -9.990e-29
 274.805677      0.916  37.968867    15.6768     7.0807      0.908    30.0079    21.9823 -9.990e-29
 274.805683      0.912  37.970162    15.6757     7.0717      0.904    30.0099    21.9840 -9.990e-29
 274.805689      0.917  37.969071    15.6747     7.0708      0.909    30.0097    21.9841 -9.990e-29
 274.805694      0.926  37.966402    15.6752     7.0563      0.918    30.0070    21.9819 -9.990e-29
 274.805700      0.933  37.965339    15.6768     7.0697      0.925    30.0048    21.9799 -9.990e-29
 274.805706      0.937  37.966162    15.6775     7.0796      0.929    30.0050    21.9799 -9.990e-29
 274.805712      0.947  37.967183    15.6763     7.0745      0.939    30.0068    21.9815 -9.990e-29
 274.805718      0.965  37.966980    15.6747     7.0759      0.957    30.0078    21.9826 -9.990e-29
 274.805723      0.977  37.965299    15.6745     7.0268      0.969    30.0065    21.9817 -9.990e-29
 274.805729      0.973  37.964401    15.6760     7.0471      0.965    30.0046    21.9799 -9.990e-29
 274.805735      0.951  37.964785    15.6782     7.0555      0.943    30.0033    21.9784 -9.990e-29
 274.805741      0.929  37.964739    15.6800     7.0765      0.921    30.0019    21.9769 -9.990e-29
 274.805747      0.920  37.965342    15.6810     7.0847      0.912    30.0016    21.9765 -9.990e-29
 274.805752      0.925  37.967977    15.6816     7.0583      0.917    30.0035    21.9778 -9.990e-29
 274.805758      0.936  37.970570    15.6824     7.0835      0.928    30.0052    21.9789 -9.990e-29
 274.805764      0.945  37.972107    15.6832     7.0734      0.937    30.0059    21.9793 -9.990e-29
 274.805770      0.947  37.972972    15.6837     7.0635      0.939    30.0063    21.9795 -9.990e-29
 274.805775      0.944  37.973215    15.6840     7.0725      0.936    30.0063    21.9794 -9.990e-29
 274.805781      0.934  37.973179    15.6845     7.0656      0.926    30.0059    21.9790 -9.990e-29
 274.805787      0.922  37.972831    15.6854     7.0789      0.914    30.0049    21.9780 -9.990e-29
 274.805793      0.915  37.972848    15.6861     7.0759      0.907    30.0044    21.9775 -9.990e-29
 274.805799      0.918  37.973830    15.6866     7.0695      0.910    30.0048    21.9778 -9.990e-29
 274.805804      0.925  37.974863    15.6876     7.0626      0.917    30.0050    21.9777 -9.990e-29
 274.805810      0.930  37.975659    15.6889     7.0129      0.922    30.0047    21.9771 -9.990e-29
 274.805816      0.927  37.976734    15.6902     6.8831      0.919    30.0047    21.9768 -9.990e-29
 274.805822      0.922  37.977858    15.6909     6.7924      0.914    30.0051    21.9770 -9.990e-29
 274.805828      0.922  37.978305    15.6902     6.7840      0.914    30.0060    21.9779 -9.990e-29
 274.805833      0.927  37.977565    15.6889     6.8325      0.919    30.0064    21.9784 -9.990e-29
 274.805839      0.925  37.976351    15.6885     6.8944      0.917    30.0056    21.9779 -9.990e-29
 274.805845      0.907  37.975866    15.6887     6.8888      0.899    30.0050    21.9775 -9.990e-29
 274.805851      0.885  37.976039    15.6884     6.7867      0.878    30.0054    21.9778 -9.990e-29
 274.805856      0.878  37.975999    15.6866     6.6152      0.871    30.0068    21.9792 -9.990e-29
 274.805862      0.892  37.974590    15.6841     6.4177      0.885    30.0074    21.9803 -9.990e-29
 274.805868      0.908  37.971072    15.6829     6.2341      0.900    30.0052    21.9789 -9.990e-29
 274.805874      0.908  37.965256    15.6829     6.1155      0.900    30.0001    21.9749 -9.990e-29
 274.805880      0.891  37.953326    15.6833     6.1149      0.884    29.9893    21.9666 -9.990e-29
 274.805885      0.878  37.926123    15.6820     6.1753      0.871    29.9664    21.9493 -9.990e-29
 274.805891      0.884  37.910190    15.6769     6.2467      0.877    29.9563    21.9426 -9.990e-29
 274.805897      0.905  37.934204    15.6702     6.2556      0.897    29.9825    21.9641 -9.990e-29
