data/oxygen options/ONMS/Olympic_Coast_National_Marine_Sanctuary_CTD_Data_2005_2023/raw_data/2020/CAST_CE015_200802faed.cnv
* Sea-Bird SBE 19 Data File:
* FileName = C:\2020 Mooring Data\Casts\CAST_CE015_200802.hex
* Software Version SeatermAF 2.1.2
* Temperature SN = 2997
* Conductivity SN = 2997
* System UpLoad Time = Aug 02 2020 20:07:29 (localtime) = Aug 02 2020 20:07:29 (UTC)
* ds
* SEACAT PROFILER V3.1c SN 2997   08/02/20  20:06:38.373
# nquan = 9                                 
# nvalues = 1193                        
# units = specified
# name 0 = timeJ: Julian Days
# name 1 = prSM: Pressure, Strain Gauge [db]
# name 2 = c0mS/cm: Conductivity [mS/cm]
# name 3 = t090C: Temperature [ITS-90, deg C]
# name 4 = sbeox0ML/L: Oxygen, SBE 43 [ml/l]
# name 5 = depSM: Depth [salt water, m], lat = 47.5
# name 6 = sal00: Salinity, Practical [PSU]
# name 7 = sigma-é00: Density [sigma-theta, kg/m^3]
# name 8 = flag: flag
# span 0 = 215.829641, 215.836539       
# span 1 =     -5.855,     12.927       
# span 2 =   0.425521,  39.225308       
# span 3 =     9.7855,    16.8160       
# span 4 =    -1.8215,    23.9210       
# span 5 =     -5.806,     12.819       
# span 6 =     0.2485,    33.9188       
# span 7 =    -0.9597,    25.7725       
# span 8 = 0.0000e+00, 0.0000e+00       
# interval = seconds: 0.5
# start_time = Aug 02 2020 19:54:41 [Instrument's time stamp, header]
# bad_flag = -9.990e-29
*END*
[from data line 641]
 215.833351     -0.291   0.454780    16.3437    -1.8143     -0.289     0.2655    -0.9070 -9.990e-29
 215.833356     -0.288   0.454103    16.3388    -1.8133     -0.286     0.2651    -0.9065 -9.990e-29
 215.833362     -0.285   0.453729    16.3337    -1.8121     -0.283     0.2650    -0.9058 -9.990e-29
 215.833368     -0.280   0.453713    16.3308    -1.8113     -0.278     0.2650    -0.9053 -9.990e-29
 215.833374     -0.273   0.454035    16.3305    -1.8110     -0.271     0.2652    -0.9051 -9.990e-29
 215.833380     -0.264   0.454572    16.3321    -1.8111     -0.262     0.2655    -0.9051 -9.990e-29
 215.833385     -0.253   0.454935    16.3330    -1.8109     -0.251     0.2657    -0.9051 -9.990e-29
 215.833391     -0.242   0.455054    16.3314    -1.8108     -0.240     0.2658    -0.9048 -9.990e-29
 215.833397     -0.236   0.455089    16.3300    -1.8111     -0.234     0.2658    -0.9045 -9.990e-29
 215.833403     -0.230   0.455086    16.3351    -1.8117     -0.228     0.2658    -0.9054 -9.990e-29
 215.833409     -0.223   0.455044    16.3507    -1.8119     -0.221     0.2656    -0.9081 -9.990e-29
 215.833414     -0.223   0.454908    16.3718    -1.8123     -0.221     0.2654    -0.9118 -9.990e-29
 215.833420     -0.231   0.454497    16.3897    -1.8125     -0.229     0.2651    -0.9151 -9.990e-29
 215.833426     -0.239   0.453819    16.4003    -1.8127     -0.237     0.2646    -0.9172 -9.990e-29
 215.833432     -0.242   0.453078    16.4051    -1.8126     -0.240     0.2641    -0.9184 -9.990e-29
 215.833438     -0.240   0.452396    16.4074    -1.8126     -0.238     0.2637    -0.9191 -9.990e-29
 215.833443     -0.235   0.451972    16.4069    -1.8129     -0.233     0.2634    -0.9192 -9.990e-29
 215.833449     -0.225   0.451794    16.4013    -1.8134     -0.223     0.2634    -0.9183 -9.990e-29
 215.833455     -0.215   0.451626    16.3920    -1.8138     -0.213     0.2633    -0.9168 -9.990e-29
 215.833461     -0.206   0.451246    16.3830    -1.8139     -0.204     0.2632    -0.9154 -9.990e-29
 215.833466     -0.196   0.450702    16.3758    -1.8135     -0.194     0.2629    -0.9144 -9.990e-29
 215.833472     -0.183   0.450375    16.3701    -1.8129     -0.181     0.2627    -0.9136 -9.990e-29
 215.833478     -0.175   0.450386    16.3659    -1.8128     -0.174     0.2628    -0.9129 -9.990e-29
 215.833484     -0.176   0.450749    16.3629    -1.8123     -0.175     0.2630    -0.9122 -9.990e-29
 215.833490     -0.182   0.451395    16.3593    -1.8122     -0.180     0.2634    -0.9113 -9.990e-29
 215.833495     -0.184   0.452081    16.3531    -1.8121     -0.182     0.2638    -0.9099 -9.990e-29
 215.833501     -0.178   0.452614    16.3450    -1.8124     -0.177     0.2642    -0.9082 -9.990e-29
 215.833507     -0.168   0.452599    16.3386    -1.8131     -0.167     0.2642    -0.9072 -9.990e-29
 215.833513     -0.157   0.452016    16.3381    -1.8138     -0.156     0.2639    -0.9073 -9.990e-29
 215.833519     -0.146   0.451195    16.3446    -1.8141     -0.145     0.2634    -0.9088 -9.990e-29
 215.833524     -0.134   0.450151    16.3540    -1.8139     -0.133     0.2627    -0.9109 -9.990e-29
 215.833530     -0.123   0.449155    16.3622    -1.8134     -0.122     0.2620    -0.9128 -9.990e-29
 215.833536     -0.121   0.448541    16.3689    -1.8128     -0.120     0.2616    -0.9142 -9.990e-29
 215.833542     -0.125   0.448044    16.3730    -1.8129     -0.124     0.2613    -0.9152 -9.990e-29
 215.833547     -0.127   0.447557    16.3720    -1.8137     -0.126     0.2610    -0.9152 -9.990e-29
 215.833553     -0.129   0.447539    16.3643    -1.8136     -0.128     0.2611    -0.9139 -9.990e-29
 215.833559     -0.133   0.447967    16.3519    -1.8135     -0.132     0.2614    -0.9116 -9.990e-29
 215.833565     -0.130   0.448304    16.3402    -1.8129     -0.129     0.2617    -0.9094 -9.990e-29
 215.833571     -0.125   0.448448    16.3342    -1.8124     -0.124     0.2618    -0.9083 -9.990e-29
 215.833576     -0.130   0.448592    16.3359    -1.8123     -0.129     0.2619    -0.9085 -9.990e-29
 215.833582     -0.140   0.448930    16.3435    -1.8122     -0.139     0.2620    -0.9097 -9.990e-29
 215.833588     -0.144   0.449359    16.3504    -1.8121     -0.143     0.2622    -0.9107 -9.990e-29
 215.833594     -0.142   0.449344    16.3499    -1.8127     -0.141     0.2622    -0.9106 -9.990e-29
 215.833600     -0.138   0.448868    16.3446    -1.8129     -0.137     0.2620    -0.9099 -9.990e-29
 215.833605     -0.132   0.448402    16.3431    -1.8127     -0.131     0.2617    -0.9099 -9.990e-29
 215.833611     -0.124   0.447882    16.3481    -1.8121     -0.123     0.2614    -0.9110 -9.990e-29
 215.833617     -0.113   0.447168    16.3574    -1.8115     -0.112     0.2609    -0.9129 -9.990e-29
 215.833623     -0.102   0.446416    16.3665    -1.8110     -0.101     0.2604    -0.9148 -9.990e-29
 215.833628     -0.095   0.445733    16.3721    -1.8109     -0.094     0.2599    -0.9161 -9.990e-29
 215.833634     -0.091   0.445317    16.3742    -1.8109     -0.090     0.2597    -0.9166 -9.990e-29
 215.833640     -0.091   0.445167    16.3723    -1.8107     -0.090     0.2596    -0.9164 -9.990e-29
 215.833646     -0.091   0.445085    16.3676    -1.8114     -0.090     0.2596    -0.9156 -9.990e-29
 215.833652     -0.085   0.444961    16.3659    -1.8122     -0.084     0.2595    -0.9154 -9.990e-29
 215.833657     -0.078   0.444631    16.3711    -1.8127     -0.077     0.2593    -0.9164 -9.990e-29
 215.833663     -0.073   0.444211    16.3815    -1.8133     -0.072     0.2590    -0.9184 -9.990e-29
 215.833669     -0.071   0.444249    16.3936    -1.8135     -0.070     0.2589    -0.9205 -9.990e-29
 215.833675     -0.071   0.444797    16.4034    -1.8133     -0.070     0.2592    -0.9219 -9.990e-29
 215.833681     -0.073   0.445478    16.4087    -1.8135     -0.072     0.2596    -0.9225 -9.990e-29
 215.833686     -0.077   0.446094    16.4099    -1.8134     -0.076     0.2599    -0.9224 -9.990e-29
 215.833692     -0.084   0.446361    16.4058    -1.8135     -0.083     0.2601    -0.9216 -9.990e-29
 215.833698     -0.094   0.446080    16.3945    -1.8133     -0.093     0.2600    -0.9198 -9.990e-29
 215.833704     -0.103   0.445434    16.3796    -1.8130     -0.102     0.2597    -0.9175 -9.990e-29
 215.833709     -0.108   0.444669    16.3656    -1.8126     -0.107     0.2593    -0.9155 -9.990e-29
 215.833715     -0.109   0.443873    16.3548    -1.8130     -0.108     0.2589    -0.9140 -9.990e-29
 215.833721     -0.105   0.443095    16.3487    -1.8129     -0.104     0.2585    -0.9133 -9.990e-29
 215.833727     -0.102   0.442405    16.3461    -1.8126     -0.101     0.2581    -0.9131 -9.990e-29
 215.833733     -0.103   0.441991    16.3445    -1.8123     -0.102     0.2579    -0.9131 -9.990e-29
 215.833738     -0.108   0.441857    16.3443    -1.8118     -0.107     0.2578    -0.9131 -9.990e-29
 215.833744     -0.113   0.441823    16.3462    -1.8113     -0.112     0.2578    -0.9134 -9.990e-29
 215.833750     -0.114   0.441846    16.3504    -1.8111     -0.113     0.2577    -0.9141 -9.990e-29
 215.833756     -0.116   0.441958    16.3556    -1.8111     -0.115     0.2578    -0.9150 -9.990e-29
 215.833762     -0.123   0.442311    16.3588    -1.8110     -0.122     0.2580    -0.9154 -9.990e-29
 215.833767     -0.131   0.442821    16.3596    -1.8111     -0.130     0.2583    -0.9153 -9.990e-29
 215.833773     -0.133   0.443061    16.3623    -1.8111     -0.132     0.2584    -0.9156 -9.990e-29
 215.833779     -0.127   0.442801    16.3688    -1.8112     -0.126     0.2582    -0.9169 -9.990e-29
 215.833785     -0.119   0.442246    16.3780    -1.8112     -0.118     0.2578    -0.9187 -9.990e-29
 215.833791     -0.107   0.441767    16.3885    -1.8118     -0.106     0.2575    -0.9207 -9.990e-29
 215.833796     -0.096   0.441278    16.3978    -1.8121     -0.095     0.2571    -0.9226 -9.990e-29
 215.833802     -0.088   0.440683    16.4040    -1.8121     -0.087     0.2567    -0.9239 -9.990e-29
 215.833808     -0.084   0.440298    16.4071    -1.8124     -0.083     0.2565    -0.9246 -9.990e-29
 215.833814     -0.082   0.440163    16.4082    -1.8127     -0.081     0.2564    -0.9249 -9.990e-29
 215.833819     -0.084   0.440099    16.4077    -1.8128     -0.083     0.2563    -0.9248 -9.990e-29
 215.833825     -0.088   0.440021    16.4063    -1.8126     -0.087     0.2563    -0.9246 -9.990e-29
 215.833831     -0.091   0.439826    16.4041    -1.8124     -0.090     0.2562    -0.9243 -9.990e-29
 215.833837     -0.089   0.439440    16.3995    -1.8123     -0.088     0.2560    -0.9237 -9.990e-29
 215.833843     -0.086   0.438903    16.3921    -1.8123     -0.085     0.2557    -0.9227 -9.990e-29
 215.833848     -0.087   0.438239    16.3849    -1.8122     -0.086     0.2554    -0.9217 -9.990e-29
 215.833854     -0.090   0.437669    16.3792    -1.8120     -0.089     0.2551    -0.9210 -9.990e-29
 215.833860     -0.093   0.437727    16.3733    -1.8119     -0.092     0.2551    -0.9200 -9.990e-29
 215.833866     -0.090   0.438489    16.3680    -1.8118     -0.089     0.2556    -0.9187 -9.990e-29
 215.833872     -0.087   0.439308    16.3661    -1.8117     -0.086     0.2561    -0.9180 -9.990e-29
 215.833877     -0.087   0.439616    16.3683    -1.8117     -0.086     0.2563    -0.9182 -9.990e-29
 215.833883     -0.086   0.439269    16.3722    -1.8119     -0.085     0.2561    -0.9191 -9.990e-29
 215.833889     -0.079   0.438359    16.3754    -1.8119     -0.078     0.2555    -0.9200 -9.990e-29
 215.833895     -0.071   0.437332    16.3779    -1.8119     -0.070     0.2549    -0.9209 -9.990e-29
 215.833900     -0.065   0.436481    16.3805    -1.8117     -0.064     0.2544    -0.9218 -9.990e-29
 215.833906     -0.061   0.435779    16.3835    -1.8115     -0.060     0.2539    -0.9226 -9.990e-29
 215.833912     -0.058   0.435396    16.3865    -1.8117     -0.058     0.2537    -0.9233 -9.990e-29
 215.833918     -0.056   0.435377    16.3888    -1.8120     -0.056     0.2536    -0.9237 -9.990e-29
 215.833924     -0.056   0.435694    16.3902    -1.8119     -0.056     0.2538    -0.9238 -9.990e-29
 215.833929     -0.057   0.436217    16.3903    -1.8117     -0.057     0.2541    -0.9236 -9.990e-29
 215.833935     -0.059   0.436536    16.3891    -1.8119     -0.059     0.2543    -0.9232 -9.990e-29
 215.833941     -0.062   0.436521    16.3884    -1.8120     -0.061     0.2543    -0.9231 -9.990e-29
 215.833947     -0.068   0.436152    16.3892    -1.8119     -0.067     0.2541    -0.9234 -9.990e-29
 215.833953     -0.075   0.435492    16.3912    -1.8119     -0.074     0.2537    -0.9241 -9.990e-29
 215.833958     -0.080   0.434768    16.3928    -1.8119     -0.079     0.2533    -0.9247 -9.990e-29
 215.833964     -0.079   0.434121    16.3914    -1.8118     -0.078     0.2529    -0.9248 -9.990e-29
 215.833970     -0.077   0.433797    16.3889    -1.8117     -0.076     0.2527    -0.9245 -9.990e-29
 215.833976     -0.078   0.433915    16.3885    -1.8118     -0.077     0.2528    -0.9243 -9.990e-29
 215.833981     -0.081   0.434081    16.3890    -1.8118     -0.080     0.2529    -0.9244 -9.990e-29
 215.833987     -0.082   0.433963    16.3882    -1.8119     -0.081     0.2528    -0.9243 -9.990e-29
 215.833993     -0.078   0.433957    16.3872    -1.8121     -0.077     0.2528    -0.9241 -9.990e-29
 215.833999     -0.072   0.434053    16.3871    -1.8122     -0.071     0.2529    -0.9240 -9.990e-29
 215.834005     -0.068   0.433825    16.3876    -1.8121     -0.067     0.2527    -0.9242 -9.990e-29
 215.834010     -0.066   0.433524    16.3885    -1.8119     -0.065     0.2525    -0.9245 -9.990e-29
 215.834016     -0.066   0.433303    16.3898    -1.8117     -0.065     0.2524    -0.9249 -9.990e-29
 215.834022     -0.067   0.432865    16.3906    -1.8122     -0.066     0.2521    -0.9252 -9.990e-29
 215.834028     -0.071   0.432180    16.3905    -1.8131     -0.070     0.2517    -0.9255 -9.990e-29
 215.834034     -0.073   0.431442    16.3896    -1.8132     -0.072     0.2513    -0.9257 -9.990e-29
 215.834039     -0.068   0.430776    16.3873    -1.8132     -0.067     0.2509    -0.9256 -9.990e-29
 215.834045     -0.061   0.430401    16.3844    -1.8131     -0.060     0.2507    -0.9253 -9.990e-29
 215.834051     -0.055   0.430369    16.3830    -1.8130     -0.055     0.2507    -0.9250 -9.990e-29
 215.834057     -0.051   0.430638    16.3841    -1.8133     -0.051     0.2508    -0.9251 -9.990e-29
 215.834062     -0.047   0.431013    16.3858    -1.8138     -0.047     0.2511    -0.9252 -9.990e-29
 215.834068     -0.044   0.430885    16.3837    -1.8142     -0.044     0.2510    -0.9249 -9.990e-29
 215.834074     -0.042   0.430083    16.3751    -1.8153     -0.042     0.2506    -0.9238 -9.990e-29
 215.834080     -0.039   0.429200    16.3641    -1.8166     -0.039     0.2501    -0.9223 -9.990e-29
 215.834086     -0.037   0.428719    16.3571    -1.8177     -0.037     0.2499    -0.9213 -9.990e-29
 215.834091     -0.035   0.428553    16.3550    -1.8186     -0.035     0.2498    -0.9211 -9.990e-29
 215.834097     -0.033   0.428482    16.3549    -1.8200     -0.033     0.2497    -0.9211 -9.990e-29
 215.834103     -0.030   0.428410    16.3528    -1.8203     -0.030     0.2497    -0.9207 -9.990e-29
 215.834109     -0.027   0.428241    16.3459    -1.8198     -0.027     0.2496    -0.9196 -9.990e-29
 215.834115     -0.024   0.427750    16.3343    -1.8196     -0.024     0.2494    -0.9179 -9.990e-29
 215.834120     -0.020   0.426835    16.3173    -1.8215     -0.020     0.2490    -0.9154 -9.990e-29
 215.834126     -0.014   0.425937    16.2931    -1.5218     -0.014     0.2486    -0.9117 -9.990e-29
 215.834132     -0.007   0.425521    16.2642    -1.5909     -0.007     0.2485    -0.9069 -9.990e-29
 215.834138      0.002   0.426138    16.2350    -1.6119      0.002     0.2490    -0.9017 -9.990e-29
 215.834144      0.013   0.429720    16.2068    -1.6155      0.013     0.2513    -0.8952 -9.990e-29
 215.834149      0.027   0.441595    16.1813    -1.6131      0.027     0.2586    -0.8854 -9.990e-29
 215.834155      0.046   0.477043    16.1598    -1.6153      0.046     0.2801    -0.8653 -9.990e-29
 215.834161      0.070   0.582221    16.1262    -1.6183      0.069     0.3442    -0.8103 -9.990e-29
 215.834167      0.100   0.896257    16.0277    -1.6170      0.099     0.5395    -0.6434 -9.990e-29
 215.834172      0.139   1.836758    15.7425    -1.6162      0.138     1.1508    -0.1259 -9.990e-29
 215.834178      0.189   4.657172    14.9754    -1.6173      0.187     3.1404     1.5270 -9.990e-29
 215.834184      0.254  13.118605    13.7766    -1.6209      0.252     9.8433     6.8650 -9.990e-29
 215.834190      0.337  25.785393    12.7931    -1.6180      0.334    21.0858    15.6779 -9.990e-29
 215.834196      0.444  34.204388    12.3024    -1.6168      0.440    29.1712    22.0119 -9.990e-29
 215.834201      0.573  37.043400    12.0775    -1.6187      0.568    32.0636    24.2950 0.0000e+00
 215.834207      0.706  38.105537    11.9679    -1.6193      0.700    33.1859    25.1864 -9.990e-29
 215.834213      0.823  38.583866    11.9383    -1.6192      0.816    33.6771    25.5733 -9.990e-29
 215.834219      0.913  38.752386    11.9581    -1.6191      0.905    33.8231    25.6830 -9.990e-29
 215.834225      0.978  38.714166    11.9752    -1.6181      0.970    33.7703    25.6388 -9.990e-29
 215.834230      1.022  38.629022    11.9624    -1.6185      1.013    33.6991    25.5859 -9.990e-29
 215.834236      1.047  38.570116    11.9253    -1.6151      1.038    33.6754    25.5745 -9.990e-29
 215.834242      1.060  38.525073    11.8828    -1.6107      1.051    33.6700    25.5782 -9.990e-29
 215.834248      1.070  38.546514    11.8549    -1.6070      1.061    33.7162    25.6193 -9.990e-29
 215.834253      1.082  38.674809    11.8546    -1.6105      1.073    33.8415    25.7168 -9.990e-29
 215.834259      1.092  38.775553    11.8776    -1.6099      1.083    33.9188    25.7725 -9.990e-29
 215.834265      1.097  38.740947    11.9050    -1.6104      1.088    33.8601    25.7217 -9.990e-29
