data/oxygen options/ONMS/Olympic_Coast_National_Marine_Sanctuary_CTD_Data_2005_2023/raw_data/2020/CAST_MB042_201001faed.cnv
* Sea-Bird SBE 19 Data File:
* FileName = C:\2020 Mooring Data\Casts\CAST_MB042_201001.hex
* Software Version SeatermAF 2.1.2
* Temperature SN = 2997
* Conductivity SN = 2997
* System UpLoad Time = Oct 01 2020 19:09:15 (localtime) = Oct 01 2020 19:09:15 (UTC)
** CAST_MB042_201001
* ds
# nquan = 9                                 
# nvalues = 1186                        
# units = specified
# name 0 = timeJ: Julian Days
# name 1 = prSM: Pressure, Strain Gauge [db]
# name 2 = c0mS/cm: Conductivity [mS/cm]
# name 3 = t090C: Temperature [ITS-90, deg C]
# name 4 = sbeox0ML/L: Oxygen, SBE 43 [ml/l]
# name 5 = depSM: Depth [salt water, m], lat = 47.5
# name 6 = sal00: Salinity, Practical [PSU]
# name 7 = sigma-é00: Density [sigma-theta, kg/m^3]
# name 8 = flag: flag
# span 0 = 275.763368, 275.770226       
# span 1 =     -5.110,     42.959       
# span 2 =   0.220216,  38.402100       
# span 3 =     8.7263,    15.0939       
# span 4 =    -1.8970,    13.5296       
# span 5 =     -5.067,     42.596       
# span 6 =     0.1329,    33.1714       
# span 7 =    -0.7210,    25.7290       
# span 8 = 0.0000e+00, 0.0000e+00       
# interval = seconds: 0.5
# start_time = Oct 01 2020 18:19:15 [Instrument's time stamp, header]
# bad_flag = -9.990e-29
*END*
[from data line 321]
 275.765226     -0.570   0.271662    14.4271    -1.8928     -0.565     0.1642    -0.6868 -9.990e-29
 275.765231     -0.566   0.271717    14.4194    -1.8931     -0.561     0.1643    -0.6857 -9.990e-29
 275.765237     -0.562   0.271771    14.4108    -1.8931     -0.557     0.1644    -0.6844 -9.990e-29
 275.765243     -0.557   0.271899    14.4019    -1.8932     -0.552     0.1645    -0.6830 -9.990e-29
 275.765249     -0.551   0.272270    14.3921    -1.8933     -0.546     0.1647    -0.6814 -9.990e-29
 275.765255     -0.543   0.272824    14.3810    -1.8934     -0.538     0.1651    -0.6795 -9.990e-29
 275.765260     -0.533   0.273194    14.3692    -1.8934     -0.529     0.1654    -0.6776 -9.990e-29
 275.765266     -0.521   0.273317    14.3577    -1.8935     -0.517     0.1655    -0.6758 -9.990e-29
 275.765272     -0.509   0.273358    14.3472    -1.8937     -0.505     0.1656    -0.6743 -9.990e-29
 275.765278     -0.501   0.273372    14.3388    -1.8937     -0.497     0.1656    -0.6730 -9.990e-29
 275.765284     -0.493   0.273376    14.3331    -1.8937     -0.489     0.1656    -0.6722 -9.990e-29
 275.765289     -0.484   0.273378    14.3296    -1.8937     -0.480     0.1657    -0.6717 -9.990e-29
 275.765295     -0.478   0.273379    14.3272    -1.8939     -0.474     0.1657    -0.6713 -9.990e-29
 275.765301     -0.470   0.273379    14.3251    -1.8940     -0.466     0.1657    -0.6710 -9.990e-29
 275.765307     -0.460   0.273379    14.3232    -1.8941     -0.456     0.1657    -0.6707 -9.990e-29
 275.765312     -0.455   0.273379    14.3211    -1.8942     -0.451     0.1657    -0.6704 -9.990e-29
 275.765318     -0.459   0.273380    14.3185    -1.8943     -0.455     0.1657    -0.6701 -9.990e-29
 275.765324     -0.469   0.273381    14.3161    -1.8940     -0.465     0.1657    -0.6697 -9.990e-29
 275.765330     -0.476   0.273386    14.3149    -1.8938     -0.472     0.1657    -0.6695 -9.990e-29
 275.765336     -0.477   0.273400    14.3141    -1.8934     -0.473     0.1657    -0.6694 -9.990e-29
 275.765341     -0.476   0.273441    14.3125    -1.8932     -0.472     0.1658    -0.6692 -9.990e-29
 275.765347     -0.477   0.273564    14.3101    -1.8930     -0.473     0.1659    -0.6687 -9.990e-29
 275.765353     -0.480   0.273933    14.3075    -1.8928     -0.476     0.1661    -0.6682 -9.990e-29
 275.765359     -0.486   0.274487    14.3050    -1.8927     -0.482     0.1664    -0.6676 -9.990e-29
 275.765365     -0.491   0.274856    14.3033    -1.8927     -0.487     0.1667    -0.6671 -9.990e-29
 275.765370     -0.490   0.274977    14.3040    -1.8925     -0.486     0.1667    -0.6672 -9.990e-29
 275.765376     -0.483   0.275014    14.3081    -1.8924     -0.479     0.1668    -0.6678 -9.990e-29
 275.765382     -0.471   0.275014    14.3143    -1.8923     -0.467     0.1667    -0.6687 -9.990e-29
 275.765388     -0.456   0.274979    14.3209    -1.8923     -0.452     0.1667    -0.6696 -9.990e-29
 275.765394     -0.447   0.274862    14.3266    -1.8923     -0.443     0.1666    -0.6705 -9.990e-29
 275.765399     -0.442   0.274506    14.3315    -1.8920     -0.438     0.1663    -0.6714 -9.990e-29
 275.765405     -0.437   0.273993    14.3353    -1.8923     -0.433     0.1660    -0.6722 -9.990e-29
 275.765411     -0.435   0.273747    14.3381    -1.8927     -0.431     0.1659    -0.6728 -9.990e-29
 275.765417     -0.434   0.273993    14.3406    -1.8927     -0.430     0.1660    -0.6730 -9.990e-29
 275.765422     -0.423   0.274506    14.3430    -1.8928     -0.419     0.1663    -0.6731 -9.990e-29
 275.765428     -0.411   0.274862    14.3453    -1.8928     -0.408     0.1665    -0.6733 -9.990e-29
 275.765434     -0.402   0.274981    14.3475    -1.8928     -0.399     0.1666    -0.6735 -9.990e-29
 275.765440     -0.390   0.275021    14.3492    -1.8927     -0.387     0.1666    -0.6738 -9.990e-29
 275.765446     -0.379   0.275035    14.3506    -1.8927     -0.376     0.1666    -0.6740 -9.990e-29
 275.765451     -0.373   0.275041    14.3507    -1.8927     -0.370     0.1666    -0.6740 -9.990e-29
 275.765457     -0.370   0.275049    14.3478    -1.8926     -0.367     0.1666    -0.6736 -9.990e-29
 275.765463     -0.368   0.275069    14.3435    -1.8925     -0.365     0.1666    -0.6729 -9.990e-29
 275.765469     -0.361   0.275128    14.3404    -1.8924     -0.358     0.1667    -0.6724 -9.990e-29
 275.765475     -0.353   0.275305    14.3387    -1.8922     -0.350     0.1668    -0.6721 -9.990e-29
 275.765480     -0.347   0.275649    14.3380    -1.8921     -0.344     0.1670    -0.6718 -9.990e-29
 275.765486     -0.345   0.276067    14.3382    -1.8918     -0.342     0.1673    -0.6717 -9.990e-29
 275.765492     -0.344   0.276375    14.3386    -1.8917     -0.341     0.1675    -0.6716 -9.990e-29
 275.765498     -0.347   0.276430    14.3391    -1.8914     -0.344     0.1675    -0.6716 -9.990e-29
 275.765503     -0.347   0.276122    14.3402    -1.8910     -0.344     0.1673    -0.6719 -9.990e-29
 275.765509     -0.342   0.275591    14.3422    -1.8905     -0.339     0.1670    -0.6725 -9.990e-29
 275.765515     -0.334   0.275237    14.3447    -1.8905     -0.331     0.1667    -0.6730 -9.990e-29
 275.765521     -0.328   0.275144    14.3478    -1.8907     -0.325     0.1667    -0.6735 -9.990e-29
 275.765527     -0.323   0.275187    14.3517    -1.8910     -0.320     0.1667    -0.6741 -9.990e-29
 275.765532     -0.320   0.275422    14.3561    -1.8913     -0.317     0.1668    -0.6746 -9.990e-29
 275.765538     -0.317   0.275607    14.3608    -1.8916     -0.314     0.1669    -0.6752 -9.990e-29
 275.765544     -0.315   0.275435    14.3659    -1.8918     -0.312     0.1668    -0.6760 -9.990e-29
 275.765550     -0.313   0.275229    14.3726    -1.8919     -0.310     0.1666    -0.6771 -9.990e-29
 275.765556     -0.312   0.275270    14.3808    -1.8921     -0.309     0.1666    -0.6783 -9.990e-29
 275.765561     -0.311   0.275612    14.3873    -1.8923     -0.308     0.1668    -0.6791 -9.990e-29
 275.765567     -0.310   0.276156    14.3889    -1.8925     -0.307     0.1671    -0.6791 -9.990e-29
 275.765573     -0.309   0.276520    14.3859    -1.8923     -0.306     0.1674    -0.6784 -9.990e-29
 275.765579     -0.309   0.276634    14.3803    -1.8923     -0.306     0.1675    -0.6776 -9.990e-29
 275.765584     -0.308   0.276648    14.3740    -1.8921     -0.305     0.1675    -0.6766 -9.990e-29
 275.765590     -0.308   0.276579    14.3678    -1.8921     -0.305     0.1675    -0.6758 -9.990e-29
 275.765596     -0.308   0.276336    14.3625    -1.8919     -0.305     0.1674    -0.6751 -9.990e-29
 275.765602     -0.307   0.276149    14.3582    -1.8917     -0.304     0.1673    -0.6746 -9.990e-29
 275.765608     -0.307   0.276323    14.3543    -1.8915     -0.304     0.1674    -0.6739 -9.990e-29
 275.765613     -0.307   0.276534    14.3509    -1.8915     -0.304     0.1675    -0.6733 -9.990e-29
 275.765619     -0.307   0.276508    14.3490    -1.8912     -0.304     0.1675    -0.6730 -9.990e-29
 275.765625     -0.306   0.276210    14.3493    -1.8911     -0.303     0.1673    -0.6732 -9.990e-29
 275.765631     -0.306   0.275798    14.3510    -1.8910     -0.303     0.1671    -0.6737 -9.990e-29
 275.765637     -0.306   0.275829    14.3532    -1.8908     -0.303     0.1671    -0.6740 -9.990e-29
 275.765642     -0.306   0.276344    14.3560    -1.8908     -0.303     0.1674    -0.6741 -9.990e-29
 275.765648     -0.306   0.276921    14.3598    -1.8908     -0.303     0.1677    -0.6744 -9.990e-29
 275.765654     -0.305   0.277219    14.3642    -1.8909     -0.302     0.1679    -0.6749 -9.990e-29
 275.765660     -0.305   0.277084    14.3680    -1.8911     -0.302     0.1678    -0.6755 -9.990e-29
 275.765666     -0.304   0.276887    14.3712    -1.8910     -0.301     0.1677    -0.6761 -9.990e-29
 275.765671     -0.303   0.276919    14.3748    -1.8909     -0.300     0.1677    -0.6766 -9.990e-29
 275.765677     -0.302   0.277223    14.3785    -1.8909     -0.299     0.1678    -0.6770 -9.990e-29
 275.765683     -0.301   0.277651    14.3816    -1.8909     -0.298     0.1681    -0.6773 -9.990e-29
 275.765689     -0.299   0.277662    14.3836    -1.8910     -0.297     0.1681    -0.6776 -9.990e-29
 275.765694     -0.296   0.277272    14.3842    -1.8912     -0.294     0.1678    -0.6778 -9.990e-29
 275.765700     -0.293   0.277066    14.3837    -1.8913     -0.291     0.1677    -0.6779 -9.990e-29
 275.765706     -0.290   0.277326    14.3824    -1.8915     -0.288     0.1679    -0.6775 -9.990e-29
 275.765712     -0.285   0.277842    14.3813    -1.8916     -0.283     0.1682    -0.6771 -9.990e-29
 275.765718     -0.278   0.278196    14.3815    -1.8918     -0.276     0.1684    -0.6770 -9.990e-29
 275.765723     -0.270   0.278303    14.3824    -1.8919     -0.268     0.1685    -0.6771 -9.990e-29
 275.765729     -0.259   0.278306    14.3830    -1.8920     -0.257     0.1685    -0.6772 -9.990e-29
 275.765735     -0.246   0.278209    14.3824    -1.8919     -0.244     0.1684    -0.6771 -9.990e-29
 275.765741     -0.232   0.277882    14.3802    -1.8915     -0.230     0.1682    -0.6770 -9.990e-29
 275.765747     -0.223   0.277442    14.3773    -1.8914     -0.221     0.1680    -0.6767 -9.990e-29
 275.765752     -0.217   0.277412    14.3741    -1.8912     -0.215     0.1680    -0.6763 -9.990e-29
 275.765758     -0.218   0.277748    14.3702    -1.8911     -0.216     0.1682    -0.6755 -9.990e-29
 275.765764     -0.226   0.277791    14.3662    -1.8909     -0.224     0.1682    -0.6749 -9.990e-29
 275.765770     -0.233   0.277597    14.3627    -1.8907     -0.231     0.1681    -0.6745 -9.990e-29
 275.765775     -0.236   0.277463    14.3605    -1.8907     -0.234     0.1681    -0.6743 -9.990e-29
 275.765781     -0.234   0.277209    14.3603    -1.8909     -0.232     0.1679    -0.6744 -9.990e-29
 275.765787     -0.232   0.277050    14.3627    -1.8908     -0.230     0.1678    -0.6748 -9.990e-29
 275.765793     -0.233   0.277325    14.3669    -1.8908     -0.231     0.1679    -0.6753 -9.990e-29
 275.765799     -0.234   0.277848    14.3713    -1.8908     -0.232     0.1682    -0.6757 -9.990e-29
 275.765804     -0.231   0.278207    14.3754    -1.8912     -0.229     0.1685    -0.6761 -9.990e-29
 275.765810     -0.222   0.278327    14.3798    -1.8912     -0.220     0.1685    -0.6767 -9.990e-29
 275.765816     -0.208   0.278367    14.3841    -1.8913     -0.206     0.1685    -0.6773 -9.990e-29
 275.765822     -0.193   0.278381    14.3868    -1.8914     -0.191     0.1685    -0.6777 -9.990e-29
 275.765828     -0.183   0.278386    14.3872    -1.8913     -0.181     0.1685    -0.6777 -9.990e-29
 275.765833     -0.177   0.278388    14.3867    -1.8910     -0.176     0.1685    -0.6777 -9.990e-29
 275.765839     -0.173   0.278389    14.3862    -1.8911     -0.172     0.1685    -0.6776 -9.990e-29
 275.765845     -0.172   0.278390    14.3851    -1.8912     -0.171     0.1685    -0.6774 -9.990e-29
 275.765851     -0.176   0.278390    14.3829    -1.8912     -0.175     0.1685    -0.6771 -9.990e-29
 275.765856     -0.176   0.278390    14.3798    -1.8912     -0.175     0.1685    -0.6767 -9.990e-29
 275.765862     -0.172   0.278391    14.3768    -1.8913     -0.171     0.1686    -0.6762 -9.990e-29
 275.765868     -0.167   0.278391    14.3747    -1.8914     -0.166     0.1686    -0.6759 -9.990e-29
 275.765874     -0.158   0.278392    14.3744    -1.8916     -0.157     0.1686    -0.6759 -9.990e-29
 275.765880     -0.144   0.278394    14.3761    -1.8916     -0.143     0.1686    -0.6761 -9.990e-29
 275.765885     -0.133   0.278399    14.3780    -1.8917     -0.132     0.1686    -0.6764 -9.990e-29
 275.765891     -0.124   0.278413    14.3785    -1.8918     -0.123     0.1686    -0.6764 -9.990e-29
 275.765897     -0.111   0.278455    14.3778    -1.8919     -0.110     0.1686    -0.6763 -9.990e-29
 275.765903     -0.099   0.278578    14.3770    -1.8920     -0.098     0.1687    -0.6761 -9.990e-29
 275.765909     -0.090   0.278948    14.3759    -1.8918     -0.089     0.1689    -0.6758 -9.990e-29
 275.765914     -0.085   0.279502    14.3742    -1.8919     -0.084     0.1693    -0.6753 -9.990e-29
 275.765920     -0.084   0.279872    14.3717    -1.8926     -0.083     0.1695    -0.6748 -9.990e-29
 275.765926     -0.085   0.279996    14.3690    -1.8933     -0.084     0.1696    -0.6743 -9.990e-29
 275.765932     -0.089   0.280037    14.3667    -1.8939     -0.088     0.1696    -0.6739 -9.990e-29
 275.765938     -0.092   0.280052    14.3645    -1.8943     -0.091     0.1696    -0.6736 -9.990e-29
 275.765943     -0.090   0.280057    14.3624    -1.8944     -0.089     0.1696    -0.6733 -9.990e-29
 275.765949     -0.087   0.280059    14.3605    -1.8946     -0.086     0.1696    -0.6730 -9.990e-29
 275.765955     -0.087   0.280061    14.3591    -1.8945     -0.086     0.1697    -0.6728 -9.990e-29
 275.765961     -0.091   0.280067    14.3573    -1.8943     -0.090     0.1697    -0.6725 -9.990e-29
 275.765966     -0.098   0.280082    14.3515    -1.8941     -0.097     0.1697    -0.6717 -9.990e-29
 275.765972     -0.109   0.280127    14.3400    -1.8939     -0.108     0.1698    -0.6700 -9.990e-29
 275.765978     -0.120   0.280259    14.3261    -1.8937     -0.119     0.1699    -0.6679 -9.990e-29
 275.765984     -0.123   0.280656    14.3141    -1.8934     -0.122     0.1702    -0.6659 -9.990e-29
 275.765990     -0.120   0.281291    14.3055    -1.8934     -0.119     0.1706    -0.6644 -9.990e-29
 275.765995     -0.117   0.281904    14.3001    -1.8939     -0.116     0.1710    -0.6633 -9.990e-29
 275.766001     -0.115   0.282204    14.2978    -1.8943     -0.114     0.1712    -0.6628 -9.990e-29
 275.766007     -0.109   0.282035    14.2986    -1.8950     -0.108     0.1711    -0.6630 -9.990e-29
 275.766013     -0.104   0.281726    14.3017    -1.8954     -0.103     0.1709    -0.6636 -9.990e-29
 275.766019     -0.098   0.281416    14.3060    -1.8957     -0.097     0.1707    -0.6644 -9.990e-29
 275.766024     -0.088   0.281247    14.3108    -1.8957     -0.087     0.1706    -0.6652 -9.990e-29
 275.766030     -0.076   0.281546    14.3151    -1.8959     -0.075     0.1707    -0.6657 -9.990e-29
 275.766036     -0.068   0.282159    14.3175    -1.8961     -0.067     0.1711    -0.6657 -9.990e-29
 275.766042     -0.061   0.282795    14.3157    -1.8964     -0.060     0.1715    -0.6651 -9.990e-29
 275.766047     -0.055   0.283192    14.3087    -1.8966     -0.055     0.1718    -0.6639 -9.990e-29
 275.766053     -0.051   0.283325    14.2983    -1.8968     -0.051     0.1719    -0.6623 -9.990e-29
 275.766059     -0.048   0.283369    14.2871    -1.8970     -0.048     0.1720    -0.6607 -9.990e-29
 275.766065     -0.046   0.283384    14.2773    -1.8968     -0.046     0.1720    -0.6593 -9.990e-29
 275.766071     -0.044   0.283389    14.2702    -1.8965     -0.044     0.1721    -0.6582 -9.990e-29
 275.766076     -0.042   0.283392    14.2653    -1.8961     -0.042     0.1721    -0.6575 -9.990e-29
 275.766082     -0.041   0.283395    14.2609    -1.8957     -0.041     0.1721    -0.6569 -9.990e-29
 275.766088     -0.040   0.283399    14.2558    -1.8956     -0.040     0.1721    -0.6561 -9.990e-29
 275.766094     -0.039   0.283411    14.2504    -1.8952     -0.039     0.1722    -0.6553 -9.990e-29
 275.766100     -0.039   0.283448    14.2456    -1.8947     -0.039     0.1722    -0.6546 -9.990e-29
 275.766105     -0.038   0.283558    14.2418    -1.8946     -0.038     0.1723    -0.6540 -9.990e-29
 275.766111     -0.038   0.283887    14.2404    -1.8947     -0.038     0.1725    -0.6536 -9.990e-29
 275.766117     -0.038   0.284319    14.2430    -1.8948     -0.038     0.1727    -0.6538 -9.990e-29
 275.766123     -0.038   0.284321    14.2491    -1.8948     -0.038     0.1727    -0.6547 -9.990e-29
 275.766128     -0.038   0.283895    14.2569    -1.8949     -0.038     0.1724    -0.6560 -9.990e-29
 275.766134     -0.037   0.283581    14.2644    -1.8948     -0.037     0.1722    -0.6573 -9.990e-29
 275.766140     -0.037   0.283513    14.2712    -1.8946     -0.037     0.1721    -0.6583 -9.990e-29
