data/oxygen options/ONMS/Olympic_Coast_National_Marine_Sanctuary_CTD_Data_2005_2023/raw_data/2020/CAST_CA015_200912faed.cnv
* Sea-Bird SBE 19 Data File:
* FileName = C:\2020 Mooring Data\Casts\CAST_CA015_200912.hex
* Software Version SeatermAF 2.1.2
* Temperature SN = 2997
* Conductivity SN = 2997
* System UpLoad Time = Sep 12 2020 19:26:07 (localtime) = Sep 12 2020 19:26:07 (UTC)
** CAST_CA015_200912
* ds
# nquan = 9                                 
# nvalues = 787                         
# units = specified
# name 0 = timeJ: Julian Days
# name 1 = prSM: Pressure, Strain Gauge [db]
# name 2 = c0mS/cm: Conductivity [mS/cm]
# name 3 = t090C: Temperature [ITS-90, deg C]
# name 4 = sbeox0ML/L: Oxygen, SBE 43 [ml/l]
# name 5 = depSM: Depth [salt water, m], lat = 47.5
# name 6 = sal00: Salinity, Practical [PSU]
# name 7 = sigma-é00: Density [sigma-theta, kg/m^3]
# name 8 = flag: flag
# span 0 = 256.771597, 256.776146       
# span 1 =     -4.812,     18.596       
# span 2 =   0.380957,  37.641702       
# span 3 =     8.6937,    13.9127       
# span 4 =    -1.9196,    13.0667       
# span 5 =     -4.772,     18.440       
# span 6 =     0.2360,    33.3071       
# span 7 =    -0.5290,    25.8382       
# span 8 = 0.0000e+00, 0.0000e+00       
# interval = seconds: 0.5
# start_time = Sep 12 2020 18:31:06 [Instrument's time stamp, header]
# bad_flag = -9.990e-29
*END*
[from data line 321]
 256.773455     -0.301   0.489322    13.6583    -1.9187     -0.298     0.3056    -0.4694 -9.990e-29
 256.773461     -0.299   0.490178    13.6606    -1.9188     -0.297     0.3061    -0.4693 -9.990e-29
 256.773466     -0.296   0.490483    13.6630    -1.9185     -0.294     0.3063    -0.4695 -9.990e-29
 256.773472     -0.293   0.489536    13.6647    -1.9183     -0.291     0.3057    -0.4702 -9.990e-29
 256.773478     -0.289   0.487734    13.6659    -1.9182     -0.287     0.3045    -0.4713 -9.990e-29
 256.773484     -0.284   0.486001    13.6672    -1.9180     -0.282     0.3034    -0.4723 -9.990e-29
 256.773490     -0.278   0.484797    13.6688    -1.9183     -0.276     0.3026    -0.4731 -9.990e-29
 256.773495     -0.270   0.484177    13.6709    -1.9185     -0.268     0.3022    -0.4737 -9.990e-29
 256.773501     -0.259   0.483870    13.6734    -1.9185     -0.257     0.3019    -0.4742 -9.990e-29
 256.773507     -0.250   0.483466    13.6761    -1.9185     -0.248     0.3017    -0.4748 -9.990e-29
 256.773513     -0.245   0.482980    13.6789    -1.9185     -0.243     0.3013    -0.4755 -9.990e-29
 256.773519     -0.245   0.482872    13.6823    -1.9186     -0.243     0.3012    -0.4760 -9.990e-29
 256.773524     -0.250   0.482996    13.6859    -1.9186     -0.248     0.3013    -0.4765 -9.990e-29
 256.773530     -0.256   0.482411    13.6889    -1.9186     -0.254     0.3009    -0.4772 -9.990e-29
 256.773536     -0.258   0.480892    13.6899    -1.9188     -0.256     0.2999    -0.4781 -9.990e-29
 256.773542     -0.257   0.479182    13.6881    -1.9188     -0.255     0.2988    -0.4787 -9.990e-29
 256.773547     -0.253   0.477774    13.6856    -1.9192     -0.251     0.2979    -0.4790 -9.990e-29
 256.773553     -0.245   0.477005    13.6845    -1.9192     -0.243     0.2974    -0.4792 -9.990e-29
 256.773559     -0.234   0.476959    13.6843    -1.9192     -0.232     0.2974    -0.4792 -9.990e-29
 256.773565     -0.222   0.477018    13.6838    -1.9191     -0.220     0.2975    -0.4791 -9.990e-29
 256.773571     -0.213   0.476708    13.6827    -1.9190     -0.211     0.2973    -0.4791 -9.990e-29
 256.773576     -0.203   0.476169    13.6816    -1.9189     -0.201     0.2969    -0.4793 -9.990e-29
 256.773582     -0.190   0.475790    13.6802    -1.9189     -0.188     0.2967    -0.4792 -9.990e-29
 256.773588     -0.179   0.475620    13.6779    -1.9188     -0.178     0.2966    -0.4790 -9.990e-29
 256.773594     -0.168   0.475432    13.6749    -1.9190     -0.167     0.2965    -0.4787 -9.990e-29
 256.773600     -0.156   0.474976    13.6718    -1.9190     -0.155     0.2962    -0.4785 -9.990e-29
 256.773605     -0.144   0.474198    13.6700    -1.9190     -0.143     0.2957    -0.4786 -9.990e-29
 256.773611     -0.134   0.473720    13.6699    -1.9188     -0.133     0.2954    -0.4788 -9.990e-29
 256.773617     -0.126   0.474013    13.6709    -1.9188     -0.125     0.2956    -0.4788 -9.990e-29
 256.773623     -0.115   0.474915    13.6726    -1.9189     -0.114     0.2962    -0.4786 -9.990e-29
 256.773628     -0.105   0.475965    13.6743    -1.9189     -0.104     0.2969    -0.4783 -9.990e-29
 256.773634     -0.099   0.476349    13.6751    -1.9189     -0.098     0.2971    -0.4782 -9.990e-29
 256.773640     -0.097   0.476023    13.6749    -1.9189     -0.096     0.2969    -0.4784 -9.990e-29
 256.773646     -0.094   0.475660    13.6743    -1.9189     -0.093     0.2967    -0.4785 -9.990e-29
 256.773652     -0.087   0.475331    13.6743    -1.9187     -0.086     0.2964    -0.4786 -9.990e-29
 256.773657     -0.078   0.474595    13.6752    -1.9187     -0.077     0.2960    -0.4791 -9.990e-29
 256.773663     -0.072   0.473580    13.6763    -1.9187     -0.071     0.2953    -0.4798 -9.990e-29
 256.773669     -0.068   0.473149    13.6766    -1.9188     -0.067     0.2950    -0.4801 -9.990e-29
 256.773675     -0.066   0.473283    13.6764    -1.5855     -0.065     0.2951    -0.4800 -9.990e-29
 256.773681     -0.062   0.473050    13.6766    -1.6021     -0.061     0.2950    -0.4801 -9.990e-29
 256.773686     -0.051   0.472694    13.6769    -1.6074     -0.051     0.2947    -0.4803 -9.990e-29
 256.773692     -0.036   0.475065    13.6770    -1.6073     -0.036     0.2963    -0.4792 -9.990e-29
 256.773698     -0.021   0.486093    13.6767    -1.6068     -0.021     0.3033    -0.4736 -9.990e-29
 256.773704     -0.006   0.520485    13.6748    -1.6087     -0.006     0.3255    -0.4561 -9.990e-29
 256.773709      0.016   0.623173    13.6672    -1.6103      0.016     0.3922    -0.4032 -9.990e-29
 256.773715      0.050   0.929965    13.6421    -1.6117      0.050     0.5950    -0.2424 -9.990e-29
 256.773721      0.094   1.848439    13.5659    -1.6121      0.093     1.2240     0.2557 -9.990e-29
 256.773727      0.146   4.602672    13.3748    -1.6114      0.145     3.2311     1.8341 -9.990e-29
 256.773733      0.209  12.866266    13.0963    -1.6108      0.207     9.8109     6.9450 -9.990e-29
 256.773738      0.288  25.248614    12.8780    -1.6108      0.286    20.5585    15.2568 -9.990e-29
 256.773744      0.380  33.480749    12.7756    -1.6103      0.377    28.1326    21.1214 -9.990e-29
 256.773750      0.472  36.216445    12.7200    -1.6106      0.468    30.7383    23.1473 -9.990e-29
 256.773756      0.562  37.140280    12.6627    -1.6108      0.557    31.6591    23.8711 -9.990e-29
 256.773762      0.651  37.467220    12.6131    -1.6107      0.646    32.0114    24.1534 -9.990e-29
 256.773767      0.734  37.593389    12.5870    -1.6109      0.728    32.1536    24.2686 -9.990e-29
 256.773773      0.801  37.622533    12.5825    -1.6110      0.794    32.1852    24.2939 -9.990e-29
 256.773779      0.853  37.598566    12.5913    -1.6106      0.846    32.1548    24.2687 -9.990e-29
 256.773785      0.892  37.571971    12.6010    -1.6103      0.885    32.1212    24.2408 -9.990e-29
 256.773791      0.927  37.563378    12.6028    -1.6110      0.919    32.1115    24.2330 -9.990e-29
 256.773796      0.964  37.569203    12.5991    -1.6117      0.956    32.1202    24.2404 -9.990e-29
 256.773802      0.999  37.591626    12.5983    -1.6117      0.991    32.1422    24.2576 -9.990e-29
 256.773808      1.028  37.617947    12.6021    -1.6119      1.019    32.1640    24.2738 -9.990e-29
 256.773814      1.043  37.619912    12.6054    -1.6108      1.034    32.1630    24.2724 -9.990e-29
 256.773819      1.045  37.601841    12.6038    -1.6113      1.036    32.1472    24.2604 -9.990e-29
 256.773825      1.044  37.586201    12.5977    -1.6117      1.035    32.1375    24.2541 -9.990e-29
 256.773831      1.047  37.582995    12.5899    -1.6119      1.038    32.1411    24.2584 -9.990e-29
 256.773837      1.055  37.599743    12.5844    -1.6118      1.046    32.1618    24.2754 -9.990e-29
 256.773843      1.059  37.630756    12.5836    -1.6117      1.050    32.1920    24.2990 -9.990e-29
 256.773848      1.060  37.641702    12.5849    -1.6113      1.051    32.2013    24.3059 -9.990e-29
 256.773854      1.063  37.612427    12.5841    -1.6114      1.054    32.1741    24.2850 -9.990e-29
 256.773860      1.071  37.571764    12.5798    -1.6112      1.062    32.1391    24.2587 -9.990e-29
 256.773866      1.090  37.555791    12.5743    -1.6111      1.081    32.1286    24.2516 -9.990e-29
 256.773872      1.111  37.576312    12.5714    -1.6113      1.102    32.1506    24.2692 -9.990e-29
 256.773877      1.125  37.609678    12.5741    -1.6119      1.116    32.1800    24.2915 -9.990e-29
 256.773883      1.127  37.613480    12.5805    -1.6119      1.118    32.1782    24.2889 -9.990e-29
 256.773889      1.121  37.584955    12.5854    -1.6115      1.112    32.1468    24.2637 -9.990e-29
 256.773895      1.116  37.552814    12.5855    -1.6118      1.107    32.1161    24.2399 -9.990e-29
 256.773900      1.117  37.538144    12.5812    -1.6112      1.108    32.1059    24.2327 -9.990e-29
 256.773906      1.122  37.548320    12.5775    -1.6114      1.113    32.1187    24.2434 -9.990e-29
 256.773912      1.127  37.576180    12.5795    -1.6117      1.118    32.1435    24.2622 -9.990e-29
 256.773918      1.126  37.600013    12.5847    -1.6118      1.117    32.1618    24.2754 -9.990e-29
 256.773924      1.117  37.602830    12.5873    -1.6111      1.108    32.1622    24.2752 -9.990e-29
 256.773929      1.109  37.586721    12.5856    -1.6110      1.100    32.1483    24.2648 -9.990e-29
 256.773935      1.105  37.562191    12.5806    -1.6109      1.096    32.1293    24.2510 -9.990e-29
 256.773941      1.105  37.545333    12.5752    -1.6113      1.096    32.1178    24.2431 -9.990e-29
 256.773947      1.110  37.551815    12.5753    -1.6119      1.101    32.1239    24.2478 -9.990e-29
 256.773953      1.114  37.571794    12.5823    -1.6123      1.105    32.1369    24.2566 -9.990e-29
 256.773958      1.110  37.581459    12.5909    -1.6118      1.101    32.1388    24.2564 -9.990e-29
 256.773964      1.098  37.572407    12.5968    -1.6117      1.089    32.1252    24.2447 -9.990e-29
 256.773970      1.090  37.548290    12.6012    -1.6116      1.081    32.0985    24.2232 -9.990e-29
 256.773976      1.093  37.525192    12.6048    -1.6118      1.084    32.0734    24.2031 -9.990e-29
 256.773981      1.100  37.521678    12.6062    -1.6118      1.091    32.0689    24.1993 -9.990e-29
 256.773987      1.098  37.534762    12.6052    -1.6115      1.089    32.0822    24.2098 -9.990e-29
 256.773993      1.086  37.546022    12.6026    -1.6116      1.077    32.0951    24.2203 -9.990e-29
 256.773999      1.073  37.542456    12.5962    -1.6118      1.064    32.0972    24.2231 -9.990e-29
 256.774005      1.062  37.522690    12.5884    -1.6121      1.053    32.0850    24.2152 -9.990e-29
 256.774010      1.062  37.504123    12.5852    -1.6123      1.053    32.0701    24.2042 -9.990e-29
 256.774016      1.075  37.506873    12.5860    -1.6122      1.066    32.0720    24.2056 -9.990e-29
 256.774022      1.087  37.522846    12.5868    -1.6120      1.078    32.0865    24.2167 -9.990e-29
 256.774028      1.088  37.533545    12.5866    -1.6116      1.079    32.0969    24.2247 -9.990e-29
 256.774034      1.088  37.535872    12.5868    -1.6116      1.079    32.0989    24.2263 -9.990e-29
 256.774039      1.092  37.534631    12.5879    -1.6115      1.083    32.0968    24.2244 -9.990e-29
 256.774045      1.098  37.536035    12.5880    -1.6113      1.089    32.0981    24.2254 -9.990e-29
 256.774051      1.104  37.538610    12.5852    -1.6112      1.095    32.1029    24.2297 -9.990e-29
 256.774057      1.106  37.534594    12.5795    -1.6113      1.097    32.1039    24.2316 -9.990e-29
 256.774063      1.107  37.526498    12.5728    -1.6118      1.098    32.1019    24.2313 -9.990e-29
 256.774068      1.113  37.522609    12.5688    -1.6123      1.104    32.1016    24.2318 -9.990e-29
 256.774074      1.119  37.528974    12.5715    -1.6122      1.110    32.1054    24.2342 -9.990e-29
 256.774080      1.122  37.542882    12.5794    -1.6124      1.113    32.1119    24.2377 -9.990e-29
 256.774086      1.121  37.552053    12.5858    -1.6122      1.112    32.1152    24.2391 -9.990e-29
 256.774091      1.117  37.551353    12.5882    -1.6123      1.108    32.1125    24.2365 -9.990e-29
 256.774097      1.114  37.548839    12.5893    -1.6127      1.105    32.1091    24.2337 -9.990e-29
 256.774103      1.115  37.552953    12.5906    -1.6124      1.106    32.1119    24.2356 -9.990e-29
 256.774109      1.121  37.559667    12.5899    -1.6125      1.112    32.1189    24.2412 -9.990e-29
 256.774115      1.127  37.558887    12.5848    -1.6125      1.118    32.1225    24.2449 -9.990e-29
 256.774120      1.131  37.546785    12.5764    -1.6128      1.122    32.1182    24.2432 -9.990e-29
 256.774126      1.136  37.530234    12.5670    -1.6134      1.127    32.1104    24.2390 -9.990e-29
 256.774132      1.148  37.525311    12.5599    -1.6135      1.138    32.1118    24.2414 -9.990e-29
 256.774138      1.161  37.537244    12.5575    -1.6130      1.151    32.1252    24.2522 -9.990e-29
 256.774144      1.170  37.551680    12.5571    -1.6130      1.160    32.1393    24.2632 -9.990e-29
 256.774149      1.170  37.554801    12.5554    -1.6133      1.160    32.1437    24.2670 -9.990e-29
 256.774155      1.165  37.546860    12.5528     9.7164      1.155    32.1384    24.2633 -9.990e-29
 256.774161      1.164  37.540836    12.5509    12.8026      1.154    32.1343    24.2605 -9.990e-29
 256.774167      1.166  37.543857    12.5512    13.0667      1.156    32.1369    24.2625 -9.990e-29
 256.774172      1.164  37.544827    12.5517    10.9047      1.154    32.1374    24.2628 -9.990e-29
 256.774178      1.156  37.530479    12.5484     6.1876      1.146    32.1265    24.2550 -9.990e-29
 256.774184      1.152  37.503568    12.5422     6.3948      1.142    32.1062    24.2404 -9.990e-29
 256.774190      1.154  37.485985    12.5381     6.6635      1.144    32.0929    24.2310 -9.990e-29
 256.774196      1.164  37.493549    12.5392     6.7184      1.154    32.0992    24.2356 -9.990e-29
 256.774201      1.177  37.510012    12.5440     6.6841      1.167    32.1108    24.2437 -9.990e-29
 256.774207      1.187  37.506317    12.5482     6.6316      1.177    32.1037    24.2373 -9.990e-29
 256.774213      1.188  37.478115    12.5495     6.5668      1.178    32.0757    24.2154 -9.990e-29
 256.774219      1.186  37.446134    12.5482     6.5208      1.176    32.0464    24.1929 -9.990e-29
 256.774225      1.189  37.425503    12.5452     6.4873      1.179    32.0293    24.1803 -9.990e-29
 256.774230      1.197  37.414525    12.5424     6.4604      1.187    32.0212    24.1745 -9.990e-29
 256.774236      1.206  37.408673    12.5419     6.4540      1.196    32.0161    24.1707 -9.990e-29
 256.774242      1.218  37.406890    12.5437     6.4327      1.208    32.0128    24.1678 -9.990e-29
 256.774248      1.228  37.407937    12.5455     6.4224      1.218    32.0123    24.1670 -9.990e-29
 256.774253      1.237  37.409302    12.5453     6.4033      1.227    32.0137    24.1682 -9.990e-29
 256.774259      1.250  37.409459    12.5438     6.3854      1.240    32.0152    24.1696 -9.990e-29
 256.774265      1.263  37.408635    12.5427     6.3857      1.252    32.0153    24.1699 -9.990e-29
 256.774271      1.273  37.406872    12.5425     6.3401      1.262    32.0138    24.1688 -9.990e-29
 256.774277      1.282  37.404637    12.5423     6.3823      1.271    32.0118    24.1673 -9.990e-29
 256.774282      1.288  37.402894    12.5413     6.4020      1.277    32.0110    24.1669 -9.990e-29
 256.774288      1.293  37.401580    12.5409     6.4130      1.282    32.0101    24.1662 -9.990e-29
 256.774294      1.296  37.401764    12.5422     6.4246      1.285    32.0092    24.1653 -9.990e-29
 256.774300      1.299  37.404269    12.5441     6.3577      1.288    32.0100    24.1655 -9.990e-29
 256.774306      1.302  37.406845    12.5452     6.3819      1.291    32.0115    24.1665 -9.990e-29
 256.774311      1.303  37.407899    12.5455     6.3863      1.292    32.0122    24.1670 -9.990e-29
 256.774317      1.305  37.407733    12.5456     6.3921      1.294    32.0120    24.1668 -9.990e-29
 256.774323      1.306  37.406705    12.5461     6.4079      1.295    32.0106    24.1656 -9.990e-29
 256.774329      1.307  37.406827    12.5469     6.3978      1.296    32.0100    24.1650 -9.990e-29
 256.774334      1.307  37.409960    12.5481     6.3934      1.296    32.0120    24.1663 -9.990e-29
 256.774340      1.308  37.413571    12.5495     6.3976      1.297    32.0142    24.1678 -9.990e-29
 256.774346      1.308  37.415205    12.5503     6.3881      1.297    32.0151    24.1683 -9.990e-29
 256.774352      1.309  37.414815    12.5504     6.3786      1.298    32.0146    24.1679 -9.990e-29
 256.774358      1.309  37.412459    12.5500     6.3713      1.298    32.0127    24.1665 -9.990e-29
 256.774363      1.309  37.410060    12.5500     6.3612      1.298    32.0104    24.1648 -9.990e-29
 256.774369      1.309  37.410605    12.5507     6.3712      1.298    32.0104    24.1646 -9.990e-29
