data/oxygen options/ONMS/Olympic_Coast_National_Marine_Sanctuary_CTD_Data_2005_2023/raw_data/2020/CAST_CA042_201001faed.cnv
* Sea-Bird SBE 19 Data File:
* FileName = C:\2020 Mooring Data\Casts\CAST_CA042_201001.hex
* Software Version SeatermAF 2.1.2
* Temperature SN = 2997
* Conductivity SN = 2997
* System UpLoad Time = Oct 01 2020 17:51:21 (localtime) = Oct 01 2020 17:51:21 (UTC)
** CAST_CA042_201001
* ds
# nquan = 9                                 
# nvalues = 1107                        
# units = specified
# name 0 = timeJ: Julian Days
# name 1 = prSM: Pressure, Strain Gauge [db]
# name 2 = c0mS/cm: Conductivity [mS/cm]
# name 3 = t090C: Temperature [ITS-90, deg C]
# name 4 = sbeox0ML/L: Oxygen, SBE 43 [ml/l]
# name 5 = depSM: Depth [salt water, m], lat = 47.5
# name 6 = sal00: Salinity, Practical [PSU]
# name 7 = sigma-é00: Density [sigma-theta, kg/m^3]
# name 8 = flag: flag
# span 0 = 275.711308, 275.717708       
# span 1 =     -5.126,     43.420       
# span 2 =   0.248429,  39.222278       
# span 3 =     8.5936,    15.2952       
# span 4 =    -1.8889,    13.8547       
# span 5 =     -5.083,     43.053       
# span 6 =     0.1498,    33.1398       
# span 7 =    -0.7095,    25.7015       
# span 8 = 0.0000e+00, 0.0000e+00       
# interval = seconds: 0.5
# start_time = Oct 01 2020 17:04:17 [Instrument's time stamp, header]
# bad_flag = -9.990e-29
*END*
[from data line 641]
 275.715017      1.080  37.570203    14.8366     6.9582      1.071    30.2992    22.3855 -9.990e-29
 275.715023      1.082  37.570110    14.8362     6.9737      1.073    30.2995    22.3858 -9.990e-29
 275.715029      1.079  37.571568    14.8372     6.9777      1.070    30.3000    22.3860 -9.990e-29
 275.715035      1.073  37.573701    14.8383     6.9675      1.064    30.3011    22.3865 -9.990e-29
 275.715041      1.070  37.575413    14.8386     6.9673      1.061    30.3024    22.3875 -9.990e-29
 275.715046      1.068  37.575604    14.8381     6.9566      1.059    30.3029    22.3880 -9.990e-29
 275.715052      1.069  37.573952    14.8373     6.9568      1.060    30.3021    22.3875 -9.990e-29
 275.715058      1.071  37.572164    14.8368     6.9583      1.062    30.3009    22.3867 -9.990e-29
 275.715064      1.075  37.572324    14.8368     6.9503      1.066    30.3010    22.3868 -9.990e-29
 275.715069      1.077  37.573507    14.8370     6.9525      1.068    30.3019    22.3875 -9.990e-29
 275.715075      1.073  37.573910    14.8367     6.9533      1.064    30.3025    22.3880 -9.990e-29
 275.715081      1.067  37.573491    14.8359     6.9671      1.058    30.3027    22.3883 -9.990e-29
 275.715087      1.063  37.573359    14.8348     6.9724      1.054    30.3035    22.3891 -9.990e-29
 275.715093      1.060  37.574443    14.8344     6.9781      1.051    30.3048    22.3902 -9.990e-29
 275.715098      1.058  37.575928    14.8348     6.9767      1.049    30.3058    22.3909 -9.990e-29
 275.715104      1.057  37.576413    14.8346     6.9592      1.048    30.3064    22.3914 -9.990e-29
 275.715110      1.057  37.575969    14.8339     6.9424      1.048    30.3065    22.3917 -9.990e-29
 275.715116      1.059  37.575107    14.8331     6.9495      1.050    30.3064    22.3917 -9.990e-29
 275.715122      1.066  37.573782    14.8313     6.9545      1.057    30.3066    22.3923 -9.990e-29
 275.715127      1.083  37.571335    14.8291     6.9624      1.074    30.3061    22.3923 -9.990e-29
 275.715133      1.103  37.568412    14.8280     6.9526      1.094    30.3043    22.3912 -9.990e-29
 275.715139      1.114  37.567265    14.8284     6.9442      1.105    30.3030    22.3901 -9.990e-29
 275.715145      1.112  37.568031    14.8296     6.9438      1.103    30.3027    22.3897 -9.990e-29
 275.715150      1.103  37.568910    14.8301     6.9592      1.094    30.3031    22.3899 -9.990e-29
 275.715156      1.092  37.568815    14.8296     6.9238      1.083    30.3034    22.3902 -9.990e-29
 275.715162      1.086  37.568164    14.8295     6.9585      1.077    30.3029    22.3898 -9.990e-29
 275.715168      1.082  37.568316    14.8304     6.9462      1.073    30.3024    22.3892 -9.990e-29
 275.715174      1.080  37.569457    14.8316     6.9462      1.071    30.3025    22.3890 -9.990e-29
 275.715179      1.082  37.570847    14.8328     6.9612      1.073    30.3028    22.3890 -9.990e-29
 275.715185      1.086  37.572642    14.8340     6.9291      1.077    30.3035    22.3893 -9.990e-29
 275.715191      1.088  37.574415    14.8354     6.9650      1.079    30.3040    22.3894 -9.990e-29
 275.715197      1.086  37.575149    14.8365     6.9760      1.077    30.3038    22.3890 -9.990e-29
 275.715203      1.081  37.575246    14.8362     6.9721      1.072    30.3041    22.3893 -9.990e-29
 275.715208      1.080  37.574819    14.8349     6.9783      1.071    30.3047    22.3901 -9.990e-29
 275.715214      1.081  37.573281    14.8339     6.9586      1.072    30.3041    22.3898 -9.990e-29
 275.715220      1.084  37.571931    14.8340     6.9559      1.075    30.3028    22.3888 -9.990e-29
 275.715226      1.090  37.572315    14.8349     6.9512      1.081    30.3025    22.3883 -9.990e-29
 275.715231      1.096  37.573809    14.8357     6.9491      1.087    30.3032    22.3887 -9.990e-29
 275.715237      1.096  37.575583    14.8360     6.9516      1.087    30.3045    22.3897 -9.990e-29
 275.715243      1.095  37.577181    14.8365     6.9589      1.086    30.3056    22.3904 -9.990e-29
 275.715249      1.094  37.577916    14.8378     6.9632      1.085    30.3052    22.3899 -9.990e-29
 275.715255      1.087  37.578189    14.8395     6.9704      1.078    30.3042    22.3887 -9.990e-29
 275.715260      1.079  37.578908    14.8408     6.9772      1.070    30.3038    22.3881 -9.990e-29
 275.715266      1.074  37.579333    14.8415     6.9756      1.065    30.3036    22.3879 -9.990e-29
 275.715272      1.071  37.578893    14.8416     6.9800      1.062    30.3032    22.3875 -9.990e-29
 275.715278      1.070  37.578108    14.8405     6.9646      1.061    30.3033    22.3878 -9.990e-29
 275.715284      1.070  37.576475    14.8387     6.9655      1.061    30.3032    22.3881 -9.990e-29
 275.715289      1.073  37.574603    14.8377     6.9661      1.064    30.3023    22.3877 -9.990e-29
 275.715295      1.078  37.574467    14.8376     6.9660      1.069    30.3023    22.3876 -9.990e-29
 275.715301      1.085  37.575306    14.8362     6.9696      1.076    30.3041    22.3893 -9.990e-29
 275.715307      1.095  37.574298    14.8332     6.9607      1.086    30.3056    22.3911 -9.990e-29
 275.715312      1.108  37.571763    14.8309     6.9532      1.099    30.3051    22.3912 -9.990e-29
 275.715318      1.122  37.570475    14.8309     6.9522      1.113    30.3039    22.3903 -9.990e-29
 275.715324      1.128  37.570942    14.8320     6.9591      1.119    30.3035    22.3897 -9.990e-29
 275.715330      1.127  37.572085    14.8328     6.9572      1.118    30.3039    22.3899 -9.990e-29
 275.715336      1.127  37.573170    14.8326     6.9644      1.118    30.3050    22.3908 -9.990e-29
 275.715341      1.132  37.573944    14.8320     6.9139      1.123    30.3062    22.3918 -9.990e-29
 275.715347      1.139  37.574302    14.8321     6.9460      1.129    30.3064    22.3920 -9.990e-29
 275.715353      1.139  37.574145    14.8326     6.9631      1.129    30.3059    22.3914 -9.990e-29
 275.715359      1.133  37.573806    14.8328     6.9663      1.124    30.3054    22.3910 -9.990e-29
 275.715365      1.129  37.573377    14.8327     6.9773      1.120    30.3051    22.3908 -9.990e-29
 275.715370      1.130  37.572832    14.8333     6.8942      1.121    30.3042    22.3900 -9.990e-29
 275.715376      1.133  37.573108    14.8356     6.9239      1.124    30.3026    22.3883 -9.990e-29
 275.715382      1.132  37.575118    14.8392     6.9366      1.123    30.3016    22.3868 -9.990e-29
 275.715388      1.134  37.578723    14.8427     6.9436      1.125    30.3021    22.3864 -9.990e-29
 275.715394      1.141  37.582546    14.8453     6.9599      1.131    30.3035    22.3870 -9.990e-29
 275.715399      1.155  37.584377    14.8463     6.9409      1.145    30.3044    22.3874 -9.990e-29
 275.715405      1.172  37.584399    14.8459     6.9415      1.162    30.3047    22.3878 -9.990e-29
 275.715411      1.185  37.584305    14.8448     6.9376      1.175    30.3055    22.3886 -9.990e-29
 275.715417      1.190  37.583953    14.8436     6.9428      1.180    30.3061    22.3893 -9.990e-29
 275.715422      1.186  37.582859    14.8423     6.9573      1.176    30.3061    22.3896 -9.990e-29
 275.715428      1.180  37.581229    14.8405     6.9610      1.170    30.3061    22.3899 -9.990e-29
 275.715434      1.178  37.579678    14.8388     6.9559      1.168    30.3060    22.3902 -9.990e-29
 275.715440      1.180  37.577803    14.8375     6.9496      1.170    30.3053    22.3900 -9.990e-29
 275.715446      1.183  37.575331    14.8369     6.9449      1.173    30.3036    22.3888 -9.990e-29
 275.715451      1.186  37.574557    14.8380     6.9589      1.176    30.3020    22.3874 -9.990e-29
 275.715457      1.186  37.576674    14.8403     6.9641      1.176    30.3021    22.3870 -9.990e-29
 275.715463      1.177  37.579440    14.8418     6.9705      1.167    30.3035    22.3877 -9.990e-29
 275.715469      1.165  37.580360    14.8414     6.9755      1.155    30.3046    22.3886 -9.990e-29
 275.715475      1.156  37.579521    14.8403     6.9656      1.146    30.3047    22.3889 -9.990e-29
 275.715480      1.151  37.578593    14.8400     6.9753      1.141    30.3041    22.3885 -9.990e-29
 275.715486      1.143  37.578005    14.8396     6.9745      1.133    30.3039    22.3885 -9.990e-29
 275.715492      1.138  37.576955    14.8378     6.9729      1.128    30.3043    22.3892 -9.990e-29
 275.715498      1.140  37.575709    14.8351     6.9789      1.130    30.3053    22.3905 -9.990e-29
 275.715503      1.143  37.575210    14.8332     6.9745      1.133    30.3064    22.3917 -9.990e-29
 275.715509      1.144  37.575339    14.8327     6.9681      1.134    30.3069    22.3922 -9.990e-29
 275.715515      1.148  37.575497    14.8327     6.9653      1.138    30.3070    22.3923 -9.990e-29
 275.715521      1.154  37.575298    14.8323     6.9629      1.144    30.3071    22.3925 -9.990e-29
 275.715527      1.159  37.574260    14.8315     6.9453      1.149    30.3068    22.3924 -9.990e-29
 275.715532      1.163  37.572653    14.8305     6.9687      1.153    30.3062    22.3921 -9.990e-29
 275.715538      1.166  37.571669    14.8297     6.9671      1.156    30.3059    22.3921 -9.990e-29
 275.715544      1.168  37.571651    14.8299     6.9757      1.158    30.3057    22.3919 -9.990e-29
 275.715550      1.166  37.572549    14.8309     6.9665      1.156    30.3057    22.3917 -9.990e-29
 275.715556      1.159  37.573849    14.8322     6.9170      1.149    30.3059    22.3916 -9.990e-29
 275.715561      1.155  37.575013    14.8333     6.9607      1.145    30.3061    22.3915 -9.990e-29
 275.715567      1.159  37.576444    14.8341     6.9596      1.149    30.3068    22.3918 -9.990e-29
 275.715573      1.170  37.577780    14.8347     6.9705      1.160    30.3075    22.3922 -9.990e-29
 275.715579      1.185  37.578532    14.8358     6.9759      1.175    30.3073    22.3919 -9.990e-29
 275.715584      1.196  37.579114    14.8379     6.9572      1.186    30.3062    22.3906 -9.990e-29
 275.715590      1.200  37.580274    14.8407     6.9688      1.190    30.3051    22.3891 -9.990e-29
 275.715596      1.201  37.581847    14.8432     6.9645      1.191    30.3045    22.3882 -9.990e-29
 275.715602      1.208  37.583661    14.8457     6.9514      1.198    30.3042    22.3874 -9.990e-29
 275.715608      1.226  37.586425    14.8477     6.9541      1.216    30.3051    22.3877 -9.990e-29
 275.715613      1.256  37.587069    14.8475     6.9336      1.246    30.3058    22.3883 -9.990e-29
 275.715619      1.295  37.583618    14.8448     6.9421      1.284    30.3048    22.3881 -9.990e-29
 275.715625      1.337  37.580419    14.8420     6.9572      1.326    30.3041    22.3881 -9.990e-29
 275.715631      1.385  37.579344    14.8407     6.9612      1.373    30.3041    22.3884 -9.990e-29
 275.715637      1.447  37.579492    14.8405     6.9518      1.435    30.3044    22.3887 -9.990e-29
 275.715642      1.522  37.580473    14.8397     6.9203      1.509    30.3059    22.3900 -9.990e-29
 275.715648      1.610  37.581322    14.8378     6.8618      1.597    30.3081    22.3921 -9.990e-29
 275.715654      1.717  37.583704    14.8365     6.8253      1.703    30.3112    22.3947 -9.990e-29
 275.715660      1.846  37.595253    14.8405     6.8138      1.831    30.3184    22.3995 0.0000e+00
 275.715666      1.996  37.636389    14.8607     6.7964      1.979    30.3395    22.4115 0.0000e+00
 275.715671      2.169  37.763611    14.9057     6.7991      2.151    30.4184    22.4628 0.0000e+00
 275.715677      2.362  37.963690    14.9611     6.8050      2.342    30.5543    22.5556 0.0000e+00
 275.715683      2.570  38.113596    15.0023     6.7906      2.549    30.6561    22.6253 0.0000e+00
 275.715689      2.790  38.177634    15.0256     6.7941      2.767    30.6951    22.6503 0.0000e+00
 275.715694      3.018  38.209762    15.0412     6.7941      2.993    30.7115    22.6596 0.0000e+00
 275.715700      3.252  38.237650    15.0537     6.7983      3.225    30.7265    22.6686 0.0000e+00
 275.715706      3.490  38.263122    15.0623     6.7856      3.461    30.7424    22.6790 0.0000e+00
 275.715712      3.729  38.283096    15.0689     6.7587      3.698    30.7550    22.6873 0.0000e+00
 275.715718      3.968  38.300620    15.0778     6.7437      3.935    30.7636    22.6920 0.0000e+00
 275.715723      4.209  38.317157    15.0924     6.7352      4.174    30.7668    22.6914 0.0000e+00
 275.715729      4.463  38.337902    15.1153     6.7339      4.426    30.7673    22.6869 0.0000e+00
 275.715735      4.737  38.376464    15.1471     6.7104      4.697    30.7766    22.6873 0.0000e+00
 275.715741      5.024  38.442728    15.1811     6.6484      4.982    30.8089    22.7049 0.0000e+00
 275.715747      5.308  38.526865    15.2054     6.6637      5.264    30.8647    22.7426 0.0000e+00
 275.715752      5.575  38.606980    15.2178     6.6563      5.528    30.9263    22.7873 0.0000e+00
 275.715758      5.831  38.667594    15.2312     6.6668      5.782    30.9696    22.8178 0.0000e+00
 275.715764      6.093  38.712095    15.2567     6.6699      6.042    30.9891    22.8273 0.0000e+00
 275.715770      6.362  38.750427    15.2839     6.6222      6.309    31.0017    22.8311 0.0000e+00
 275.715775      6.632  38.773093    15.2952     6.6340      6.577    31.0128    22.8373 0.0000e+00
 275.715781      6.898  38.773269    15.2923     6.6422      6.840    31.0152    22.8397 0.0000e+00
 275.715787      7.159  38.764068    15.2859     6.6388      7.099    31.0119    22.8386 0.0000e+00
 275.715793      7.420  38.756191    15.2792     6.6293      7.358    31.0101    22.8387 0.0000e+00
 275.715799      7.687  38.748640    15.2708     6.5856      7.623    31.0099    22.8403 0.0000e+00
 275.715804      7.967  38.736925    15.2597     6.5217      7.900    31.0082    22.8414 0.0000e+00
 275.715810      8.258  38.721662    15.2464     6.4566      8.189    31.0050    22.8418 0.0000e+00
 275.715816      8.559  38.708271    15.2312     6.4309      8.487    31.0049    22.8450 0.0000e+00
 275.715822      8.863  38.697375    15.2123     6.4175      8.789    31.0100    22.8530 0.0000e+00
 275.715828      9.167  38.687874    15.1868     6.4159      9.090    31.0216    22.8674 0.0000e+00
 275.715833      9.470  38.685016    15.1535     6.4402      9.391    31.0453    22.8928 0.0000e+00
 275.715839      9.765  38.688325    15.1179     6.4522      9.683    31.0764    22.9243 0.0000e+00
 275.715845     10.049  38.689836    15.0914     6.4509      9.965    31.0987    22.9471 0.0000e+00
 275.715851     10.319  38.689846    15.0791     6.4378     10.233    31.1084    22.9572 0.0000e+00
 275.715856     10.572  38.693941    15.0768     6.4233     10.483    31.1138    22.9619 0.0000e+00
 275.715862     10.814  38.708106    15.0834     6.4125     10.723    31.1211    22.9661 0.0000e+00
 275.715868     11.056  38.732685    15.1012     6.4136     10.963    31.1289    22.9683 0.0000e+00
 275.715874     11.301  38.767889    15.1277     6.4210     11.206    31.1392    22.9706 0.0000e+00
 275.715880     11.548  38.821363    15.1554     6.3900     11.451    31.1649    22.9844 0.0000e+00
 275.715885     11.791  38.880801    15.1749     6.3522     11.692    31.2024    23.0091 0.0000e+00
 275.715891     12.023  38.925020    15.1845     6.3239     11.922    31.2342    23.0315 0.0000e+00
 275.715897     12.251  38.950130    15.1924     6.2973     12.148    31.2502    23.0422 0.0000e+00
 275.715903     12.490  38.968270    15.2070     6.2777     12.385    31.2547    23.0425 0.0000e+00
 275.715909     12.746  39.001916    15.2276     6.2603     12.639    31.2682    23.0485 0.0000e+00
 275.715914     13.014  39.056632    15.2473     6.2463     12.905    31.3013    23.0697 0.0000e+00
 275.715920     13.286  39.116155    15.2609     6.2247     13.175    31.3434    23.0992 0.0000e+00
 275.715926     13.556  39.161654    15.2667     6.1649     13.442    31.3793    23.1256 0.0000e+00
 275.715932     13.830  39.186452    15.2665     6.1984     13.714    31.4015    23.1427 0.0000e+00
