data/oxygen options/ONMS/Olympic_Coast_National_Marine_Sanctuary_CTD_Data_2005_2023/raw_data/2020/CAST_MB042_200910faed.cnv
* Sea-Bird SBE 19 Data File:
* FileName = C:\2020 Mooring Data\Casts\CAST_MB042_200910.hex
* Software Version SeatermAF 2.1.2
* Temperature SN = 2997
* Conductivity SN = 2997
* System UpLoad Time = Sep 10 2020 20:28:07 (localtime) = Sep 10 2020 20:28:07 (UTC)
** CAST_MB042_200910
* ds
# nquan = 9                                 
# nvalues = 1730                        
# units = specified
# name 0 = timeJ: Julian Days
# name 1 = prSM: Pressure, Strain Gauge [db]
# name 2 = c0mS/cm: Conductivity [mS/cm]
# name 3 = t090C: Temperature [ITS-90, deg C]
# name 4 = sbeox0ML/L: Oxygen, SBE 43 [ml/l]
# name 5 = depSM: Depth [salt water, m], lat = 47.5
# name 6 = sal00: Salinity, Practical [PSU]
# name 7 = sigma-é00: Density [sigma-theta, kg/m^3]
# name 8 = flag: flag
# span 0 = 254.774155, 254.784161       
# span 1 =     -5.613,     42.725       
# span 2 =   0.014743,  37.246220       
# span 3 =     7.7664,    17.2817       
# span 4 =    -1.8435,    11.8742       
# span 5 =     -5.566,     42.364       
# span 6 =     0.0138,    33.6089       
# span 7 =    -1.2623,    26.1409       
# span 8 = 0.0000e+00, 0.0000e+00       
# interval = seconds: 0.5
# start_time = Sep 10 2020 18:34:47 [Instrument's time stamp, header]
# bad_flag = -9.990e-29
*END*
[from data line 1281]
 254.781568      1.308  36.049254    10.4417     5.1782      1.297    32.5197    24.9414 -9.990e-29
 254.781574      1.315  36.036019    10.4293     5.2140      1.304    32.5175    24.9418 -9.990e-29
 254.781580      1.323  36.000205    10.4062     5.2247      1.312    32.5022    24.9338 -9.990e-29
 254.781586      1.332  35.969805    10.3899     5.2330      1.321    32.4862    24.9242 -9.990e-29
 254.781591      1.343  35.960411    10.3855     5.2280      1.332    32.4807    24.9206 -9.990e-29
 254.781597      1.351  35.964063    10.3859     5.2020      1.340    32.4840    24.9231 -9.990e-29
 254.781603      1.354  35.964977    10.3891     5.2307      1.343    32.4821    24.9211 -9.990e-29
 254.781609      1.354  35.962219    10.3987     5.2503      1.343    32.4708    24.9106 -9.990e-29
 254.781615      1.353  35.962286    10.4051     5.2560      1.342    32.4651    24.9051 -9.990e-29
 254.781620      1.347  35.960871    10.3945     5.2324      1.336    32.4732    24.9132 -9.990e-29
 254.781626      1.338  35.951131    10.3747     5.2144      1.327    32.4811    24.9227 -9.990e-29
 254.781632      1.332  35.942585    10.3643     5.2225      1.321    32.4818    24.9251 -9.990e-29
 254.781638      1.327  35.940174    10.3756     5.2324      1.316    32.4693    24.9134 -9.990e-29
 254.781644      1.322  35.940205    10.4057     5.2320      1.311    32.4424    24.8873 -9.990e-29
 254.781649      1.319  35.959615    10.4294     5.2262      1.308    32.4408    24.8820 -9.990e-29
 254.781655      1.316  35.991871    10.4237     5.2194      1.305    32.4782    24.9122 -9.990e-29
 254.781661      1.314  35.993772    10.3978     5.2172      1.303    32.5032    24.9361 -9.990e-29
 254.781667      1.311  35.961222    10.3799     5.2160      1.300    32.4866    24.9261 -9.990e-29
 254.781672      1.309  35.935524    10.3807     5.2274      1.298    32.4601    24.9053 -9.990e-29
 254.781678      1.307  35.939655    10.3851     5.2340      1.296    32.4603    24.9048 -9.990e-29
 254.781684      1.305  35.948944    10.3756     5.2335      1.294    32.4781    24.9203 -9.990e-29
 254.781690      1.302  35.934958    10.3572     5.2255      1.291    32.4805    24.9252 -9.990e-29
 254.781696      1.299  35.908277    10.3493     5.2177      1.288    32.4607    24.9112 -9.990e-29
 254.781701      1.295  35.896735    10.3594     5.2292      1.284    32.4401    24.8934 -9.990e-29
 254.781707      1.290  35.903518    10.3773     5.2346      1.279    32.4310    24.8832 -9.990e-29
 254.781713      1.283  35.913656    10.3893     5.2221      1.272    32.4304    24.8808 -9.990e-29
 254.781719      1.280  35.924507    10.3836     5.2062      1.269    32.4464    24.8942 -9.990e-29
 254.781725      1.283  35.924292    10.3585     5.1790      1.272    32.4686    24.9158 -9.990e-29
 254.781730      1.289  35.901606    10.3336     5.2161      1.278    32.4681    24.9196 -9.990e-29
 254.781736      1.293  35.879523    10.3268     5.2325      1.282    32.4520    24.9081 -9.990e-29
 254.781742      1.296  35.877433    10.3338     5.2385      1.285    32.4436    24.9004 -9.990e-29
 254.781748      1.299  35.889827    10.3383     5.2466      1.288    32.4520    24.9063 -9.990e-29
 254.781753      1.300  35.900816    10.3295     5.1837      1.289    32.4709    24.9225 -9.990e-29
 254.781759      1.301  35.899362    10.3171     5.2300      1.290    32.4806    24.9321 -9.990e-29
 254.781765      1.302  35.895946    10.3172     5.2543      1.291    32.4770    24.9293 -9.990e-29
 254.781771      1.302  35.904027    10.3247     5.2547      1.291    32.4785    24.9292 -9.990e-29
 254.781777      1.301  35.914289    10.3246     5.2699      1.290    32.4889    24.9373 -9.990e-29
 254.781782      1.300  35.920329    10.3202     5.2563      1.289    32.4989    24.9458 -9.990e-29
 254.781788      1.298  35.930851    10.3240     5.2723      1.287    32.5061    24.9508 -9.990e-29
 254.781794      1.296  35.948200    10.3380     5.2926      1.285    32.5110    24.9523 -9.990e-29
 254.781800      1.293  35.968698    10.3557     5.2923      1.282    32.5157    24.9530 -9.990e-29
 254.781806      1.288  35.983899    10.3729     5.2775      1.277    32.5156    24.9500 -9.990e-29
 254.781811      1.283  35.993987    10.3904     5.2467      1.272    32.5101    24.9427 -9.990e-29
 254.781817      1.275  36.012501    10.4103     5.2298      1.264    32.5109    24.9399 -9.990e-29
 254.781823      1.270  36.042542    10.4371     5.2378      1.259    32.5171    24.9402 -9.990e-29
 254.781829      1.270  36.073784    10.4665     5.2464      1.259    32.5221    24.9391 -9.990e-29
 254.781834      1.273  36.090344    10.4823     5.2610      1.262    32.5246    24.9383 -9.990e-29
 254.781840      1.273  36.083428    10.4815     5.2430      1.262    32.5184    24.9336 -9.990e-29
 254.781846      1.271  36.057954    10.4704     5.2284      1.260    32.5028    24.9233 -9.990e-29
 254.781852      1.270  36.018008    10.4494     5.2173      1.259    32.4815    24.9103 -9.990e-29
 254.781858      1.276  35.964625    10.4246     5.2101      1.265    32.4501    24.8901 -9.990e-29
 254.781863      1.283  35.920711    10.4052     5.2195      1.272    32.4233    24.8725 -9.990e-29
 254.781869      1.289  35.921234    10.3897     5.2159      1.278    32.4377    24.8864 -9.990e-29
 254.781875      1.294  35.952819    10.3739     5.2249      1.283    32.4835    24.9248 -9.990e-29
 254.781881      1.298  35.970660    10.3575     5.2305      1.287    32.5161    24.9529 -9.990e-29
 254.781887      1.301  35.952536    10.3454     5.2197      1.290    32.5087    24.9492 -9.990e-29
 254.781892      1.303  35.915687    10.3344     5.2097      1.292    32.4815    24.9299 -9.990e-29
 254.781898      1.305  35.888813    10.3122     5.2048      1.294    32.4743    24.9281 -9.990e-29
 254.781904      1.306  35.881971    10.2852     5.2122      1.295    32.4916    24.9461 -9.990e-29
 254.781910      1.308  35.898310    10.2721     5.2338      1.297    32.5198    24.9703 -9.990e-29
 254.781916      1.309  35.915284    10.2770     5.2381      1.298    32.5325    24.9794 -9.990e-29
 254.781921      1.310  35.914554    10.2889     5.2369      1.299    32.5211    24.9685 -9.990e-29
 254.781927      1.311  35.907975    10.2932     5.2161      1.300    32.5106    24.9596 -9.990e-29
 254.781933      1.312  35.893442    10.2852     5.1944      1.301    32.5032    24.9551 -9.990e-29
 254.781939      1.314  35.870017    10.2739     5.1451      1.303    32.4897    24.9465 -9.990e-29
 254.781944      1.315  35.857964    10.2733     5.1966      1.304    32.4781    24.9376 -9.990e-29
 254.781950      1.317  35.873093    10.2886     5.2301      1.306    32.4796    24.9362 -9.990e-29
 254.781956      1.320  35.904693    10.3078     5.2548      1.309    32.4942    24.9443 -9.990e-29
 254.781962      1.323  35.923674    10.3182     5.2705      1.312    32.5040    24.9502 -9.990e-29
 254.781968      1.326  35.914942    10.3217     5.2024      1.315    32.4921    24.9403 -9.990e-29
 254.781973      1.331  35.893138    10.3216     5.2241      1.320    32.4703    24.9233 -9.990e-29
 254.781979      1.337  35.880129    10.3164     5.2300      1.326    32.4618    24.9176 -9.990e-29
 254.781985      1.345  35.880926    10.3097     5.2374      1.334    32.4686    24.9240 -9.990e-29
 254.781991      1.351  35.896533    10.3088     5.2462      1.340    32.4851    24.9371 -9.990e-29
 254.781997      1.351  35.919682    10.3151     5.2201      1.340    32.5028    24.9497 -9.990e-29
 254.782002      1.349  35.935227    10.3237     5.2166      1.338    32.5107    24.9545 -9.990e-29
 254.782008      1.350  35.935818    10.3310     5.2248      1.339    32.5048    24.9486 -9.990e-29
 254.782014      1.353  35.933395    10.3398     5.2337      1.342    32.4945    24.9391 -9.990e-29
 254.782020      1.359  35.944845    10.3507     5.2475      1.348    32.4962    24.9386 -9.990e-29
 254.782025      1.364  35.959600    10.3570     5.2334      1.353    32.5054    24.9447 -9.990e-29
 254.782031      1.363  35.965893    10.3548     5.2162      1.352    32.5137    24.9515 -9.990e-29
 254.782037      1.362  35.961412    10.3477     5.2034      1.351    32.5155    24.9542 -9.990e-29
 254.782043      1.360  35.946290    10.3414     5.2015      1.349    32.5060    24.9478 -9.990e-29
 254.782049      1.352  35.937292    10.3409     5.2048      1.341    32.4974    24.9412 -9.990e-29
 254.782054      1.343  35.944215    10.3458     5.1912      1.332    32.5000    24.9424 -9.990e-29
 254.782060      1.335  35.952695    10.3452     5.1789      1.324    32.5090    24.9495 -9.990e-29
 254.782066      1.330  35.942038    10.3285     5.1735      1.319    32.5133    24.9557 -9.990e-29
 254.782072      1.325  35.907507    10.3025     5.1778      1.314    32.5018    24.9511 -9.990e-29
 254.782078      1.322  35.878655    10.2879     5.1737      1.311    32.4859    24.9412 -9.990e-29
 254.782083      1.319  35.882518    10.2921     5.1754      1.308    32.4860    24.9405 -9.990e-29
 254.782089      1.317  35.896161    10.2946     5.1725      1.306    32.4975    24.9491 -9.990e-29
 254.782095      1.316  35.887280    10.2771     5.1805      1.305    32.5042    24.9573 -9.990e-29
 254.782101      1.314  35.852944    10.2524     5.1738      1.303    32.4918    24.9518 -9.990e-29
 254.782106      1.313  35.819048    10.2405     5.1824      1.302    32.4683    24.9354 -9.990e-29
 254.782112      1.313  35.814304    10.2388     5.1910      1.302    32.4650    24.9332 -9.990e-29
 254.782118      1.312  35.821115    10.2353     5.2012      1.301    32.4750    24.9416 -9.990e-29
 254.782124      1.312  35.818243    10.2310     5.1564      1.301    32.4760    24.9430 -9.990e-29
 254.782130      1.312  35.827580    10.2338     5.1904      1.301    32.4829    24.9480 -9.990e-29
 254.782135      1.311  35.852552    10.2430     5.2071      1.300    32.4998    24.9596 -9.990e-29
 254.782141      1.311  35.873157    10.2530     5.2292      1.300    32.5116    24.9671 -9.990e-29
 254.782147      1.311  35.884309    10.2621     5.2403      1.300    32.5147    24.9680 -9.990e-29
 254.782153      1.311  35.887371    10.2767     5.1662      1.300    32.5047    24.9577 -9.990e-29
 254.782159      1.311  35.895896    10.3022     5.2027      1.300    32.4904    24.9423 -9.990e-29
 254.782164      1.311  35.912788    10.3246     5.2059      1.300    32.4874    24.9361 -9.990e-29
 254.782170      1.311  35.924090    10.3283     5.2147      1.300    32.4954    24.9418 -9.990e-29
 254.782176      1.312  35.928005    10.3179     5.2312      1.301    32.5087    24.9539 -9.990e-29
 254.782182      1.312  35.924656    10.3012     5.2116      1.301    32.5202    24.9657 -9.990e-29
 254.782187      1.313  35.909522    10.2802     5.2002      1.302    32.5238    24.9721 -9.990e-29
 254.782193      1.314  35.891503    10.2644     5.2019      1.303    32.5198    24.9716 -9.990e-29
 254.782199      1.315  35.885182    10.2660     5.1922      1.304    32.5120    24.9653 -9.990e-29
 254.782205      1.317  35.892714    10.2780     5.2027      1.306    32.5089    24.9608 -9.990e-29
 254.782211      1.319  35.901105    10.2827     5.2086      1.308    32.5131    24.9633 -9.990e-29
 254.782216      1.321  35.897389    10.2783     5.2067      1.310    32.5133    24.9642 -9.990e-29
 254.782222      1.324  35.890005    10.2734     5.2085      1.313    32.5103    24.9626 -9.990e-29
 254.782228      1.328  35.888667    10.2682     5.2047      1.317    32.5136    24.9661 -9.990e-29
 254.782234      1.334  35.888729    10.2588     5.1976      1.323    32.5221    24.9743 -9.990e-29
 254.782240      1.340  35.887412    10.2504     5.1969      1.329    32.5283    24.9806 -9.990e-29
 254.782245      1.345  35.893550    10.2493     5.1889      1.334    32.5354    24.9863 -9.990e-29
 254.782251      1.343  35.905740    10.2523     5.1869      1.332    32.5450    24.9933 -9.990e-29
 254.782257      1.339  35.908792    10.2549     5.1867      1.328    32.5458    24.9934 -9.990e-29
 254.782263      1.336  35.900554    10.2570     5.1945      1.325    32.5356    24.9851 -9.990e-29
 254.782269      1.336  35.893521    10.2596     5.1826      1.325    32.5262    24.9774 -9.990e-29
 254.782274      1.337  35.894512    10.2616     5.1938      1.326    32.5254    24.9764 -9.990e-29
 254.782280      1.340  35.895265    10.2614     5.1829      1.329    32.5263    24.9772 -9.990e-29
 254.782286      1.344  35.893361    10.2595     5.1935      1.333    32.5261    24.9773 -9.990e-29
 254.782292      1.351  35.892930    10.2582     5.1912      1.340    32.5268    24.9781 -9.990e-29
 254.782297      1.356  35.891658    10.2626     5.1992      1.345    32.5216    24.9733 -9.990e-29
 254.782303      1.356  35.891713    10.2753     5.1741      1.345    32.5103    24.9623 -9.990e-29
 254.782309      1.354  35.894230    10.2837     5.1258      1.343    32.5053    24.9570 -9.990e-29
 254.782315      1.355  35.892980    10.2764     5.1727      1.344    32.5106    24.9624 -9.990e-29
 254.782321      1.359  35.882882    10.2634     5.1897      1.348    32.5120    24.9657 -9.990e-29
 254.782326      1.366  35.873951    10.2554     5.1975      1.355    32.5102    24.9656 -9.990e-29
 254.782332      1.372  35.881121    10.2510     5.1740      1.361    32.5214    24.9751 -9.990e-29
 254.782338      1.373  35.888111    10.2470     5.1017      1.362    32.5320    24.9840 -9.990e-29
 254.782344      1.370  35.875601    10.2456     5.1517      1.359    32.5207    24.9754 -9.990e-29
 254.782350      1.363  35.859357    10.2517     5.1804      1.352    32.4988    24.9574 -9.990e-29
 254.782355      1.354  35.862496    10.2639     5.1913      1.343    32.4911    24.9493 -9.990e-29
 254.782361      1.348  35.883540    10.2739     5.2029      1.337    32.5033    24.9571 -9.990e-29
 254.782367      1.345  35.902296    10.2735     5.1773      1.334    32.5225    24.9722 -9.990e-29
 254.782373      1.344  35.893278    10.2607     5.1948      1.333    32.5249    24.9762 -9.990e-29
 254.782378      1.345  35.857295    10.2487     5.1944      1.334    32.4995    24.9584 -9.990e-29
 254.782384      1.348  35.842706    10.2531     5.1877      1.337    32.4808    24.9431 -9.990e-29
 254.782390      1.353  35.869225    10.2664     5.1931      1.342    32.4956    24.9524 -9.990e-29
 254.782396      1.362  35.897055    10.2701     5.1937      1.351    32.5203    24.9710 -9.990e-29
 254.782402      1.369  35.895995    10.2615     5.1857      1.358    32.5269    24.9776 -9.990e-29
 254.782407      1.372  35.871862    10.2512     5.1816      1.361    32.5119    24.9676 -9.990e-29
 254.782413      1.374  35.859115    10.2488     5.1688      1.363    32.5012    24.9597 -9.990e-29
 254.782419      1.380  35.872639    10.2533     5.1650      1.368    32.5108    24.9664 -9.990e-29
 254.782425      1.386  35.886694    10.2539     5.1627      1.374    32.5244    24.9769 -9.990e-29
 254.782431      1.389  35.886896    10.2488     5.1622      1.377    32.5292    24.9815 -9.990e-29
 254.782436      1.389  35.881865    10.2440     5.1720      1.377    32.5284    24.9817 -9.990e-29
 254.782442      1.384  35.879407    10.2357     5.1837      1.372    32.5334    24.9870 -9.990e-29
 254.782448      1.381  35.871140    10.2170     5.1885      1.369    32.5418    24.9967 -9.990e-29
 254.782454      1.381  35.847105    10.1917     5.1963      1.369    32.5403    24.9998 -9.990e-29
 254.782459      1.386  35.822834    10.1752     5.2022      1.374    32.5306    24.9950 -9.990e-29
 254.782465      1.392  35.823627    10.1806     5.2022      1.380    32.5266    24.9910 -9.990e-29
 254.782471      1.390  35.845996    10.2024     5.2050      1.378    32.5296    24.9896 -9.990e-29
 254.782477      1.381  35.870947    10.2256     5.1919      1.369    32.5339    24.9891 -9.990e-29
 254.782483      1.372  35.889097    10.2424     5.1783      1.361    32.5371    24.9888 -9.990e-29
