data/oxygen options/ONMS/Olympic_Coast_National_Marine_Sanctuary_CTD_Data_2005_2023/raw_data/2020/CAST_MB015_200720faed.cnv
* Sea-Bird SBE 19 Data File:
* FileName = C:\2020 Mooring Data\Casts\CAST_MB015_200720.hex
* Software Version SeatermAF 2.1.2
* Temperature SN = 2997
* Conductivity SN = 2997
* System UpLoad Time = Jul 20 2020 19:59:53 (localtime) = Jul 20 2020 19:59:53 (UTC)
** CAST_MB015_200720
* ds
# nquan = 9                                 
# nvalues = 1077                        
# units = specified
# name 0 = timeJ: Julian Days
# name 1 = prSM: Pressure, Strain Gauge [db]
# name 2 = c0mS/cm: Conductivity [mS/cm]
# name 3 = t090C: Temperature [ITS-90, deg C]
# name 4 = sbeox0ML/L: Oxygen, SBE 43 [ml/l]
# name 5 = depSM: Depth [salt water, m], lat = 47.5
# name 6 = sal00: Salinity, Practical [PSU]
# name 7 = sigma-é00: Density [sigma-theta, kg/m^3]
# name 8 = flag: flag
# span 0 = 202.823519, 202.829745       
# span 1 =     -5.643,     14.132       
# span 2 =   0.006141,  38.441462       
# span 3 =     8.5297,    18.1947       
# span 4 =    -1.7888,    12.8803       
# span 5 =     -5.596,     14.014       
# span 6 =     0.0104,    33.4150       
# span 7 =    -1.4307,    25.9389       
# span 8 = 0.0000e+00, 0.0000e+00       
# interval = seconds: 0.5
# start_time = Jul 20 2020 19:45:52 [Instrument's time stamp, header]
# bad_flag = -9.990e-29
*END*
[from data line 161]
 202.824450     -2.229   0.009386    17.7091    -1.7653     -2.210     0.0119    -1.3407 -9.990e-29
 202.824456     -2.219   0.009386    17.7253    -1.7646     -2.200     0.0119    -1.3437 -9.990e-29
 202.824462     -2.212   0.009387    17.7416    -1.7639     -2.194     0.0119    -1.3466 -9.990e-29
 202.824468     -2.206   0.009387    17.7553    -1.7634     -2.188     0.0119    -1.3491 -9.990e-29
 202.824473     -2.200   0.009388    17.7614    -1.7630     -2.182     0.0119    -1.3502 -9.990e-29
 202.824479     -2.195   0.009388    17.7583    -1.7629     -2.177     0.0119    -1.3497 -9.990e-29
 202.824485     -2.190   0.009388    17.7498    -1.7627     -2.172     0.0119    -1.3481 -9.990e-29
 202.824491     -2.185   0.009389    17.7431    -1.7622     -2.167     0.0119    -1.3469 -9.990e-29
 202.824497     -2.180   0.009389    17.7431    -1.7616     -2.162     0.0119    -1.3469 -9.990e-29
 202.824502     -2.173   0.009390    17.7509    -1.7613     -2.155     0.0119    -1.3483 -9.990e-29
 202.824508     -2.166   0.009390    17.7649    -1.7622     -2.148     0.0119    -1.3509 -9.990e-29
 202.824514     -2.156   0.009390    17.7809    -1.7629     -2.138     0.0119    -1.3538 -9.990e-29
 202.824520     -2.144   0.009391    17.7954    -1.7632     -2.126     0.0120    -1.3564 -9.990e-29
 202.824525     -2.130   0.009391    17.8064    -1.7630     -2.112     0.0120    -1.3584 -9.990e-29
 202.824531     -2.115   0.009392    17.8142    -1.7633     -2.097     0.0120    -1.3599 -9.990e-29
 202.824537     -2.104   0.009392    17.8223    -1.7637     -2.086     0.0120    -1.3614 -9.990e-29
 202.824543     -2.092   0.009392    17.8331    -1.7641     -2.075     0.0120    -1.3633 -9.990e-29
 202.824549     -2.073   0.009393    17.8428    -1.7641     -2.056     0.0120    -1.3651 -9.990e-29
 202.824554     -2.051   0.009393    17.8435    -1.7632     -2.034     0.0120    -1.3652 -9.990e-29
 202.824560     -2.033   0.009394    17.8332    -1.7622     -2.016     0.0120    -1.3633 -9.990e-29
 202.824566     -2.022   0.009394    17.8201    -1.7612     -2.005     0.0120    -1.3609 -9.990e-29
 202.824572     -2.012   0.009394    17.8116    -1.7602     -1.995     0.0120    -1.3594 -9.990e-29
 202.824578     -2.000   0.009395    17.8064    -1.7598     -1.983     0.0120    -1.3584 -9.990e-29
 202.824583     -1.989   0.009395    17.8002    -1.7589     -1.972     0.0120    -1.3573 -9.990e-29
 202.824589     -1.981   0.009396    17.7927    -1.7581     -1.964     0.0120    -1.3559 -9.990e-29
 202.824595     -1.978   0.009396    17.7887    -1.7576     -1.962     0.0120    -1.3552 -9.990e-29
 202.824601     -1.973   0.009396    17.7946    -1.7573     -1.957     0.0120    -1.3563 -9.990e-29
 202.824606     -1.963   0.009397    17.8120    -1.7571     -1.947     0.0120    -1.3595 -9.990e-29
 202.824612     -1.952   0.009397    17.8359    -1.7562     -1.936     0.0120    -1.3638 -9.990e-29
 202.824618     -1.942   0.009398    17.8613    -1.7557     -1.926     0.0120    -1.3685 -9.990e-29
 202.824624     -1.933   0.009398    17.8852    -1.7558     -1.917     0.0120    -1.3729 -9.990e-29
 202.824630     -1.925   0.009398    17.9068    -1.7574     -1.909     0.0120    -1.3768 -9.990e-29
 202.824635     -1.917   0.009399    17.9279    -1.7578     -1.901     0.0120    -1.3807 -9.990e-29
 202.824641     -1.909   0.009399    17.9478    -1.7578     -1.893     0.0120    -1.3844 -9.990e-29
 202.824647     -1.900   0.009400    17.9637    -1.7573     -1.884     0.0120    -1.3873 -9.990e-29
 202.824653     -1.890   0.009400    17.9758    -1.7564     -1.874     0.0120    -1.3895 -9.990e-29
 202.824659     -1.877   0.009400    17.9881    -1.7556     -1.861     0.0120    -1.3918 -9.990e-29
 202.824664     -1.866   0.009401    18.0012    -1.7549     -1.850     0.0120    -1.3942 -9.990e-29
 202.824670     -1.860   0.009401    18.0083    -1.7541     -1.844     0.0120    -1.3955 -9.990e-29
 202.824676     -1.854   0.009402    18.0020    -1.7534     -1.839     0.0120    -1.3944 -9.990e-29
 202.824682     -1.843   0.009402    17.9860    -1.7531     -1.828     0.0120    -1.3914 -9.990e-29
 202.824688     -1.832   0.009402    17.9740    -1.7526     -1.817     0.0120    -1.3892 -9.990e-29
 202.824693     -1.823   0.009403    17.9741    -1.7522     -1.808     0.0120    -1.3892 -9.990e-29
 202.824699     -1.813   0.009403    17.9857    -1.7517     -1.798     0.0120    -1.3914 -9.990e-29
 202.824705     -1.799   0.009404    18.0047    -1.7511     -1.784     0.0120    -1.3949 -9.990e-29
 202.824711     -1.787   0.009404    18.0263    -1.7508     -1.772     0.0120    -1.3989 -9.990e-29
 202.824716     -1.770   0.009404    18.0480    -1.7503     -1.755     0.0120    -1.4029 -9.990e-29
 202.824722     -1.747   0.009405    18.0688    -1.7503     -1.732     0.0120    -1.4067 -9.990e-29
 202.824728     -1.726   0.009405    18.0869    -1.7510     -1.712     0.0120    -1.4101 -9.990e-29
 202.824734     -1.710   0.009406    18.1016    -1.7525     -1.696     0.0120    -1.4128 -9.990e-29
 202.824740     -1.697   0.009406    18.1149    -1.7532     -1.683     0.0121    -1.4153 -9.990e-29
 202.824745     -1.688   0.009406    18.1283    -1.7530     -1.674     0.0121    -1.4178 -9.990e-29
 202.824751     -1.680   0.009407    18.1422    -1.7539     -1.666     0.0121    -1.4204 -9.990e-29
 202.824757     -1.674   0.009407    18.1552    -1.7555     -1.660     0.0121    -1.4228 -9.990e-29
 202.824763     -1.669   0.009408    18.1658    -1.7563     -1.655     0.0121    -1.4248 -9.990e-29
 202.824769     -1.665   0.009408    18.1719    -1.7568     -1.651     0.0121    -1.4259 -9.990e-29
 202.824774     -1.662   0.009408    18.1680    -1.7566     -1.648     0.0121    -1.4252 -9.990e-29
 202.824780     -1.659   0.009409    18.1510    -1.7565     -1.645     0.0121    -1.4220 -9.990e-29
 202.824786     -1.657   0.009409    18.1272    -1.7570     -1.643     0.0121    -1.4176 -9.990e-29
 202.824792     -1.655   0.009410    18.1071    -1.7565     -1.641     0.0121    -1.4138 -9.990e-29
 202.824797     -1.653   0.009410    18.0902    -1.7559     -1.639     0.0120    -1.4107 -9.990e-29
 202.824803     -1.651   0.009410    18.0671    -1.7559     -1.637     0.0120    -1.4064 -9.990e-29
 202.824809     -1.649   0.009411    18.0392    -1.7554     -1.635     0.0120    -1.4012 -9.990e-29
 202.824815     -1.646   0.009411    18.0163    -1.7548     -1.632     0.0120    -1.3970 -9.990e-29
 202.824821     -1.643   0.009412    18.0033    -1.7552     -1.629     0.0120    -1.3946 -9.990e-29
 202.824826     -1.639   0.009412    17.9989    -1.7551     -1.625     0.0120    -1.3938 -9.990e-29
 202.824832     -1.635   0.009412    17.9976    -1.7542     -1.621     0.0120    -1.3935 -9.990e-29
 202.824838     -1.629   0.009413    17.9982    -1.7541     -1.615     0.0120    -1.3937 -9.990e-29
 202.824844     -1.621   0.009413    18.0046    -1.7550     -1.607     0.0120    -1.3948 -9.990e-29
 202.824850     -1.612   0.009414    18.0144    -1.7558     -1.599     0.0120    -1.3966 -9.990e-29
 202.824855     -1.599   0.009414    18.0236    -1.7565     -1.586     0.0120    -1.3983 -9.990e-29
 202.824861     -1.583   0.009414    18.0333    -1.7569     -1.570     0.0120    -1.4001 -9.990e-29
 202.824867     -1.568   0.009413    18.0412    -1.7566     -1.555     0.0120    -1.4016 -9.990e-29
 202.824873     -1.555   0.009411    18.0451    -1.7570     -1.542     0.0120    -1.4023 -9.990e-29
 202.824878     -1.544   0.009402    18.0502    -1.7574     -1.531     0.0120    -1.4033 -9.990e-29
 202.824884     -1.535   0.009375    18.0572    -1.7578     -1.522     0.0120    -1.4046 -9.990e-29
 202.824890     -1.523   0.009293    18.0565    -1.7576     -1.510     0.0120    -1.4045 -9.990e-29
 202.824896     -1.506   0.009048    18.0434    -1.7569     -1.493     0.0119    -1.4021 -9.990e-29
 202.824902     -1.493   0.008864    18.0248    -1.7561     -1.481     0.0118    -1.3987 -9.990e-29
 202.824907     -1.487   0.009049    18.0086    -1.7553     -1.475     0.0119    -1.3957 -9.990e-29
 202.824913     -1.483   0.009295    17.9990    -1.7545     -1.471     0.0120    -1.3938 -9.990e-29
 202.824919     -1.476   0.009377    17.9937    -1.7542     -1.464     0.0120    -1.3928 -9.990e-29
 202.824925     -1.471   0.009403    17.9871    -1.7537     -1.459     0.0120    -1.3916 -9.990e-29
 202.824931     -1.468   0.009408    17.9793    -1.7528     -1.456     0.0120    -1.3902 -9.990e-29
 202.824936     -1.461   0.009397    17.9757    -1.7523     -1.449     0.0120    -1.3895 -9.990e-29
 202.824942     -1.454   0.009358    17.9813    -1.7524     -1.442     0.0120    -1.3905 -9.990e-29
 202.824948     -1.448   0.009237    17.9964    -1.7530     -1.436     0.0119    -1.3934 -9.990e-29
 202.824954     -1.437   0.008872    18.0163    -1.7529     -1.425     0.0118    -1.3972 -9.990e-29
 202.824959     -1.425   0.008332    18.0370    -1.7530     -1.413     0.0116    -1.4012 -9.990e-29
 202.824965     -1.416   0.008004    18.0557    -1.7533     -1.404     0.0115    -1.4047 -9.990e-29
 202.824971     -1.408   0.008003    18.0715    -1.7532     -1.396     0.0115    -1.4077 -9.990e-29
 202.824977     -1.403   0.008330    18.0876    -1.7529     -1.391     0.0116    -1.4105 -9.990e-29
 202.824983     -1.398   0.008867    18.1038    -1.7530     -1.386     0.0118    -1.4134 -9.990e-29
 202.824988     -1.394   0.009222    18.1142    -1.7533     -1.382     0.0120    -1.4152 -9.990e-29
 202.824994     -1.391   0.009314    18.1152    -1.7532     -1.379     0.0120    -1.4154 -9.990e-29
 202.825000     -1.388   0.009269    18.1109    -1.7528     -1.376     0.0120    -1.4146 -9.990e-29
 202.825006     -1.385   0.009025    18.1069    -1.7524     -1.373     0.0119    -1.4139 -9.990e-29
 202.825012     -1.382   0.008813    18.1037    -1.7531     -1.370     0.0118    -1.4134 -9.990e-29
 202.825017     -1.379   0.008904    18.1013    -1.7541     -1.367     0.0118    -1.4129 -9.990e-29
 202.825023     -1.376   0.008865    18.1016    -1.7539     -1.365     0.0118    -1.4130 -9.990e-29
 202.825029     -1.372   0.008643    18.1034    -1.7530     -1.361     0.0117    -1.4134 -9.990e-29
 202.825035     -1.368   0.008498    18.1032    -1.7524     -1.357     0.0117    -1.4134 -9.990e-29
 202.825041     -1.362   0.008236    18.1019    -1.7523     -1.351     0.0116    -1.4132 -9.990e-29
 202.825046     -1.355   0.008061    18.1036    -1.7521     -1.344     0.0115    -1.4136 -9.990e-29
 202.825052     -1.346   0.008294    18.1082    -1.7521     -1.335     0.0116    -1.4144 -9.990e-29
 202.825058     -1.334   0.008693    18.1089    -1.7528     -1.323     0.0118    -1.4144 -9.990e-29
 202.825064     -1.320   0.008682    18.1007    -1.7538     -1.309     0.0117    -1.4129 -9.990e-29
 202.825069     -1.305   0.008248    18.0913    -1.7543     -1.294     0.0116    -1.4113 -9.990e-29
 202.825075     -1.294   0.007919    18.0927    -1.7541     -1.283     0.0114    -1.4116 -9.990e-29
 202.825081     -1.286   0.007809    18.1038    -1.7535     -1.275     0.0114    -1.4137 -9.990e-29
 202.825087     -1.280   0.007772    18.1156    -1.7534     -1.269     0.0114    -1.4159 -9.990e-29
 202.825093     -1.271   0.007760    18.1232    -1.7528     -1.260     0.0114    -1.4173 -9.990e-29
 202.825098     -1.260   0.007756    18.1254    -1.7520     -1.249     0.0114    -1.4178 -9.990e-29
 202.825104     -1.249   0.007754    18.1205    -1.7513     -1.239     0.0114    -1.4168 -9.990e-29
 202.825110     -1.238   0.007753    18.1073    -1.7506     -1.228     0.0114    -1.4144 -9.990e-29
 202.825116     -1.231   0.007753    18.0914    -1.7506     -1.221     0.0114    -1.4114 -9.990e-29
 202.825122     -1.231   0.007753    18.0818    -1.7504     -1.221     0.0114    -1.4096 -9.990e-29
 202.825127     -1.238   0.007752    18.0825    -1.7501     -1.228     0.0114    -1.4098 -9.990e-29
 202.825133     -1.249   0.007752    18.0902    -1.7495     -1.239     0.0114    -1.4112 -9.990e-29
 202.825139     -1.255   0.007752    18.1010    -1.7503     -1.245     0.0114    -1.4132 -9.990e-29
 202.825145     -1.258   0.007752    18.1155    -1.7520     -1.248     0.0114    -1.4159 -9.990e-29
 202.825150     -1.261   0.007752    18.1334    -1.7524     -1.250     0.0114    -1.4192 -9.990e-29
 202.825156     -1.260   0.007751    18.1518    -1.7522     -1.249     0.0114    -1.4227 -9.990e-29
 202.825162     -1.252   0.007751    18.1669    -1.7519     -1.242     0.0114    -1.4255 -9.990e-29
 202.825168     -1.235   0.007751    18.1765    -1.7516     -1.225     0.0114    -1.4273 -9.990e-29
 202.825174     -1.213   0.007751    18.1833    -1.7509     -1.203     0.0114    -1.4285 -9.990e-29
 202.825179     -1.192   0.007751    18.1895    -1.7504     -1.182     0.0114    -1.4297 -9.990e-29
 202.825185     -1.177   0.007750    18.1890    -1.7498     -1.167     0.0114    -1.4296 -9.990e-29
 202.825191     -1.165   0.007750    18.1740    -1.7496     -1.155     0.0114    -1.4268 -9.990e-29
 202.825197     -1.157   0.007750    18.1516    -1.7502     -1.147     0.0114    -1.4226 -9.990e-29
 202.825203     -1.151   0.007750    18.1377    -1.7503     -1.141     0.0114    -1.4200 -9.990e-29
 202.825208     -1.148   0.007750    18.1365    -1.7508     -1.138     0.0114    -1.4198 -9.990e-29
 202.825214     -1.146   0.007749    18.1427    -1.7518     -1.136     0.0114    -1.4210 -9.990e-29
 202.825220     -1.147   0.007749    18.1530    -1.7524     -1.137     0.0114    -1.4229 -9.990e-29
 202.825226     -1.150   0.007749    18.1664    -1.7522     -1.140     0.0114    -1.4254 -9.990e-29
 202.825231     -1.151   0.007749    18.1807    -1.7519     -1.141     0.0114    -1.4281 -9.990e-29
 202.825237     -1.145   0.007749    18.1917    -1.7513     -1.135     0.0114    -1.4301 -9.990e-29
 202.825243     -1.137   0.007748    18.1947    -1.7509     -1.128     0.0114    -1.4307 -9.990e-29
 202.825249     -1.130   0.007748    18.1897    -1.7501     -1.121     0.0114    -1.4297 -9.990e-29
 202.825255     -1.125   0.007748    18.1803    -1.7496     -1.116     0.0114    -1.4280 -9.990e-29
 202.825260     -1.120   0.007748    18.1663    -1.7496     -1.111     0.0114    -1.4254 -9.990e-29
 202.825266     -1.115   0.007748    18.1495    -1.7503     -1.106     0.0114    -1.4222 -9.990e-29
 202.825272     -1.110   0.007747    18.1381    -1.7511     -1.101     0.0114    -1.4201 -9.990e-29
 202.825278     -1.105   0.007747    18.1374    -1.7518     -1.096     0.0114    -1.4200 -9.990e-29
 202.825284     -1.100   0.007747    18.1451    -1.7525     -1.091     0.0114    -1.4214 -9.990e-29
 202.825289     -1.093   0.007747    18.1574    -1.7535     -1.084     0.0114    -1.4237 -9.990e-29
 202.825295     -1.085   0.007747    18.1719    -1.7555     -1.076     0.0114    -1.4264 -9.990e-29
 202.825301     -1.080   0.007746    18.1860    -1.7563     -1.071     0.0114    -1.4290 -9.990e-29
 202.825307     -1.081   0.007746    18.1947    -1.7564     -1.072     0.0114    -1.4307 -9.990e-29
 202.825313     -1.084   0.007746    18.1928    -1.7566     -1.075     0.0114    -1.4303 -9.990e-29
 202.825318     -1.085   0.007746    18.1803    -1.7565     -1.076     0.0114    -1.4280 -9.990e-29
 202.825324     -1.083   0.007746    18.1616    -1.7559     -1.074     0.0114    -1.4245 -9.990e-29
 202.825330     -1.080   0.007745    18.1399    -1.7557     -1.071     0.0114    -1.4204 -9.990e-29
 202.825336     -1.075   0.007745    18.1150    -1.7554     -1.066     0.0114    -1.4158 -9.990e-29
 202.825341     -1.067   0.007745    18.0841    -1.7554     -1.058     0.0114    -1.4101 -9.990e-29
 202.825347     -1.056   0.007745    18.0508    -1.7559     -1.047     0.0114    -1.4039 -9.990e-29
 202.825353     -1.046   0.007745    18.0260    -1.7564     -1.037     0.0113    -1.3993 -9.990e-29
 202.825359     -1.044   0.007744    18.0134    -1.7572     -1.035     0.0113    -1.3970 -9.990e-29
 202.825365     -1.051   0.007744    18.0091    -1.7576     -1.042     0.0113    -1.3962 -9.990e-29
