data/oxygen options/ONMS/Olympic_Coast_National_Marine_Sanctuary_CTD_Data_2005_2023/raw_data/2020/CAST_CE042_200802faed.cnv
* Sea-Bird SBE 19 Data File:
* FileName = C:\2020 Mooring Data\Casts\CAST_CE042_200802.hex
* Software Version SeatermAF 2.1.2
* Temperature SN = 2997
* Conductivity SN = 2997
* System UpLoad Time = Aug 02 2020 21:10:33 (localtime) = Aug 02 2020 21:10:33 (UTC)
* ds
* SEACAT PROFILER V3.1c SN 2997   08/02/20  21:09:56.656
# nquan = 9                                 
# nvalues = 1199                        
# units = specified
# name 0 = timeJ: Julian Days
# name 1 = prSM: Pressure, Strain Gauge [db]
# name 2 = c0mS/cm: Conductivity [mS/cm]
# name 3 = t090C: Temperature [ITS-90, deg C]
# name 4 = sbeox0ML/L: Oxygen, SBE 43 [ml/l]
# name 5 = depSM: Depth [salt water, m], lat = 47.5
# name 6 = sal00: Salinity, Practical [PSU]
# name 7 = sigma-é00: Density [sigma-theta, kg/m^3]
# name 8 = flag: flag
# span 0 = 215.874086, 215.881019       
# span 1 =     -5.374,     42.862       
# span 2 =   0.509788,  37.930624       
# span 3 =     7.4793,    18.5276       
# span 4 =    -1.9315,    21.0854       
# span 5 =     -5.329,     42.500       
# span 6 =     0.2838,    33.7031       
# span 7 =    -1.2845,    26.3310       
# span 8 = 0.0000e+00, 0.0000e+00       
# interval = seconds: 0.5
# start_time = Aug 02 2020 20:58:41 [Instrument's time stamp, header]
# bad_flag = -9.990e-29
*END*
[from data line 801]
 215.878721      7.020  35.518251     9.4941     4.9199      6.961    32.8359    25.3455 0.0000e+00
 215.878727      7.271  35.468556     9.4463     4.9888      7.210    32.8285    25.3474 0.0000e+00
 215.878733      7.510  35.468683     9.4418     5.0789      7.447    32.8326    25.3514 0.0000e+00
 215.878738      7.737  35.488996     9.4540     5.2509      7.672    32.8422    25.3570 0.0000e+00
 215.878744      7.958  35.504941     9.4646     5.4801      7.891    32.8488    25.3604 0.0000e+00
 215.878750      8.177  35.513599     9.4594     5.7304      8.109    32.8624    25.3719 0.0000e+00
 215.878756      8.404  35.519146     9.4392     5.9671      8.334    32.8865    25.3940 0.0000e+00
 215.878762      8.646  35.535056     9.4363     6.1088      8.574    32.9055    25.4092 0.0000e+00
 215.878767      8.895  35.592538     9.4694     6.1929      8.821    32.9341    25.4263 0.0000e+00
 215.878773      9.143  35.687452     9.5145     6.2430      9.066    32.9900    25.4627 0.0000e+00
 215.878779      9.384  35.769202     9.5492     6.2726      9.305    33.0419    25.4977 0.0000e+00
 215.878785      9.620  35.816151     9.5730     6.2570      9.539    33.0681    25.5143 0.0000e+00
 215.878791      9.858  35.842071     9.5913     6.3140      9.775    33.0777    25.5188 0.0000e+00
 215.878796     10.104  35.860704     9.6056     6.3131     10.019    33.0836    25.5210 0.0000e+00
 215.878802     10.357  35.879997     9.6112     6.2815     10.270    33.0981    25.5315 0.0000e+00
 215.878808     10.607  35.899251     9.6080     6.2626     10.518    33.1207    25.5496 0.0000e+00
 215.878814     10.844  35.917155     9.6051     6.1729     10.753    33.1416    25.5665 0.0000e+00
 215.878819     11.062  35.933394     9.6075     6.2233     10.969    33.1559    25.5773 0.0000e+00
 215.878825     11.262  35.940951     9.6112     6.3123     11.168    33.1602    25.5800 0.0000e+00
 215.878831     11.449  35.937484     9.6119     6.3688     11.353    33.1559    25.5765 0.0000e+00
 215.878837     11.629  35.931169     9.6095     6.3774     11.532    33.1516    25.5735 0.0000e+00
 215.878843     11.814  35.927507     9.6052     6.3090     11.715    33.1517    25.5744 0.0000e+00
 215.878848     12.016  35.931612     9.5985     6.2150     11.915    33.1620    25.5835 0.0000e+00
 215.878854     12.236  35.948306     9.5856     6.1307     12.134    33.1910    25.6082 0.0000e+00
 215.878860     12.456  35.963336     9.5613     6.1041     12.352    33.2288    25.6418 0.0000e+00
 215.878866     12.670  35.959105     9.5305     6.1006     12.564    33.2529    25.6656 0.0000e+00
 215.878872     12.878  35.942768     9.5073     6.0989     12.770    33.2575    25.6730 0.0000e+00
 215.878877     13.076  35.929431     9.4976     6.0903     12.966    33.2527    25.6708 0.0000e+00
 215.878883     13.265  35.920268     9.4973     5.9864     13.154    33.2435    25.6637 0.0000e+00
 215.878889     13.442  35.914735     9.4999     5.7748     13.329    33.2353    25.6569 0.0000e+00
 215.878895     13.608  35.915450     9.5005     5.4981     13.494    33.2354    25.6568 0.0000e+00
 215.878900     13.763  35.916552     9.4946     5.1224     13.648    33.2419    25.6629 0.0000e+00
 215.878906     13.910  35.908215     9.4681     4.7025     13.793    33.2579    25.6797 0.0000e+00
 215.878912     14.052  35.874751     9.4074     4.2932     13.934    33.2798    25.7066 0.0000e+00
 215.878918     14.200  35.810117     9.3223     3.9493     14.081    33.2922    25.7300 0.0000e+00
 215.878924     14.358  35.735631     9.2242     3.6972     14.238    33.3065    25.7569 0.0000e+00
 215.878929     14.527  35.656665     9.1060     3.5823     14.405    33.3350    25.7980 0.0000e+00
 215.878935     14.710  35.546276     8.9772     3.5725     14.587    33.3408    25.8228 0.0000e+00
 215.878941     14.906  35.418550     8.8678     3.6088     14.781    33.3100    25.8158 0.0000e+00
 215.878947     15.110  35.319923     8.7952     3.6745     14.983    33.2750    25.7997 0.0000e+00
 215.878953     15.318  35.256056     8.7598     3.6952     15.190    33.2412    25.7787 0.0000e+00
 215.878958     15.525  35.224050     8.7485     3.6929     15.395    33.2182    25.7624 0.0000e+00
 215.878964     15.733  35.228196     8.7442     3.6600     15.601    33.2265    25.7696 0.0000e+00
 215.878970     15.942  35.242555     8.7379     3.5471     15.808    33.2473    25.7869 0.0000e+00
 215.878976     16.147  35.235028     8.7228     3.4855     16.012    33.2535    25.7941 0.0000e+00
 215.878981     16.350  35.205066     8.6900     3.4237     16.213    33.2528    25.7986 0.0000e+00
 215.878987     16.554  35.161222     8.6344     3.3827     16.415    33.2590    25.8119 0.0000e+00
 215.878993     16.763  35.103230     8.5539     3.3943     16.622    33.2737    25.8358 0.0000e+00
 215.878999     16.978  35.028602     8.4659     3.3635     16.836    33.2780    25.8525 0.0000e+00
 215.879005     17.201  34.951524     8.4078     3.4442     17.057    33.2513    25.8403 0.0000e+00
 215.879010     17.432  34.901958     8.3909     3.4806     17.286    33.2148    25.8142 0.0000e+00
 215.879016     17.664  34.886035     8.3952     3.5115     17.516    33.1938    25.7971 0.0000e+00
 215.879022     17.891  34.899281     8.3979     3.5371     17.741    33.2051    25.8056 0.0000e+00
 215.879028     18.115  34.925701     8.3829     3.5044     17.963    33.2471    25.8408 0.0000e+00
 215.879034     18.341  34.926529     8.3426     3.5070     18.187    33.2860    25.8774 0.0000e+00
 215.879039     18.571  34.892184     8.2865     3.5096     18.415    33.3026    25.8988 0.0000e+00
 215.879045     18.806  34.849670     8.2365     3.5004     18.648    33.3048    25.9080 0.0000e+00
 215.879051     19.053  34.818452     8.2059     3.5092     18.893    33.3006    25.9092 0.0000e+00
 215.879057     19.311  34.798875     8.1946     3.5003     19.149    33.2904    25.9029 0.0000e+00
 215.879063     19.570  34.790000     8.1940     3.4875     19.406    33.2814    25.8959 0.0000e+00
 215.879068     19.825  34.793954     8.1949     3.4623     19.659    33.2846    25.8983 0.0000e+00
 215.879074     20.079  34.804202     8.1931     3.4348     19.910    33.2971    25.9084 0.0000e+00
 215.879080     20.336  34.808600     8.1884     3.3796     20.165    33.3061    25.9162 0.0000e+00
 215.879086     20.596  34.804008     8.1784     3.3351     20.423    33.3106    25.9212 0.0000e+00
 215.879091     20.861  34.790985     8.1521     3.3088     20.686    33.3216    25.9337 0.0000e+00
 215.879097     21.140  34.761093     8.1012     3.2889     20.962    33.3381    25.9542 0.0000e+00
 215.879103     21.438  34.715335     8.0387     3.2823     21.258    33.3487    25.9717 0.0000e+00
 215.879109     21.753  34.672775     7.9876     3.2827     21.570    33.3518    25.9816 0.0000e+00
 215.879115     22.082  34.642730     7.9536     3.2832     21.897    33.3520    25.9867 0.0000e+00
 215.879120     22.426  34.622064     7.9297     3.2848     22.238    33.3525    25.9907 0.0000e+00
 215.879126     22.777  34.606705     7.9118     3.2928     22.586    33.3530    25.9937 0.0000e+00
 215.879132     23.122  34.594057     7.9022     3.3033     22.928    33.3485    25.9915 0.0000e+00
 215.879138     23.446  34.586262     7.9032     3.2887     23.249    33.3390    25.9839 0.0000e+00
 215.879144     23.733  34.586328     7.9129     3.3064     23.534    33.3297    25.9752 0.0000e+00
 215.879149     23.986  34.595420     7.9260     3.3024     23.784    33.3268    25.9710 0.0000e+00
 215.879155     24.217  34.608254     7.9358     3.2686     24.013    33.3311    25.9730 0.0000e+00
 215.879161     24.443  34.615574     7.9380     3.2555     24.238    33.3367    25.9771 0.0000e+00
 215.879167     24.680  34.615337     7.9314     3.2168     24.473    33.3426    25.9827 0.0000e+00
 215.879172     24.934  34.610554     7.9134     3.1767     24.724    33.3546    25.9947 0.0000e+00
 215.879178     25.213  34.599290     7.8791     3.1732     25.001    33.3751    26.0158 0.0000e+00
 215.879184     25.517  34.577132     7.8358     3.1032     25.302    33.3927    26.0359 0.0000e+00
 215.879190     25.835  34.555393     7.8021     3.1377     25.618    33.4015    26.0477 0.0000e+00
 215.879196     26.154  34.548740     7.7854     3.1659     25.934    33.4102    26.0569 0.0000e+00
 215.879201     26.460  34.551053     7.7806     3.1767     26.237    33.4171    26.0631 0.0000e+00
 215.879207     26.742  34.553605     7.7821     3.1833     26.517    33.4183    26.0638 0.0000e+00
 215.879213     26.997  34.556395     7.7874     3.1412     26.770    33.4161    26.0613 0.0000e+00
 215.879219     27.227  34.560302     7.7939     3.1352     26.998    33.4139    26.0587 0.0000e+00
 215.879225     27.444  34.563772     7.7962     3.1210     27.213    33.4154    26.0595 0.0000e+00
 215.879230     27.656  34.564113     7.7899     3.1238     27.423    33.4217    26.0653 0.0000e+00
 215.879236     27.869  34.562300     7.7778     3.1194     27.635    33.4312    26.0746 0.0000e+00
 215.879242     28.084  34.560921     7.7670     3.0838     27.848    33.4400    26.0830 0.0000e+00
 215.879248     28.296  34.560897     7.7614     2.9957     28.058    33.4452    26.0880 0.0000e+00
 215.879253     28.508  34.562154     7.7605     2.8033     28.268    33.4474    26.0898 0.0000e+00
 215.879259     28.722  34.564086     7.7606     2.5588     28.480    33.4492    26.0912 0.0000e+00
 215.879265     28.945  34.565867     7.7589     2.3294     28.701    33.4527    26.0942 0.0000e+00
 215.879271     29.183  34.568714     7.7578     2.1889     28.937    33.4567    26.0975 0.0000e+00
 215.879277     29.441  34.577504     7.7630     2.1207     29.193    33.4610    26.1001 0.0000e+00
 215.879282     29.719  34.601116     7.7745     2.1270     29.469    33.4752    26.1096 0.0000e+00
 215.879288     30.005  34.635694     7.7849     2.1777     29.752    33.5022    26.1294 0.0000e+00
 215.879294     30.282  34.661191     7.7908     2.2157     30.027    33.5238    26.1455 0.0000e+00
 215.879300     30.534  34.671225     7.7941     2.2366     30.277    33.5313    26.1509 0.0000e+00
 215.879306     30.752  34.671853     7.7959     2.2295     30.493    33.5302    26.1497 0.0000e+00
 215.879311     30.945  34.669476     7.7961     2.2032     30.684    33.5273    26.1475 0.0000e+00
 215.879317     31.133  34.669288     7.7946     2.1598     30.871    33.5285    26.1486 0.0000e+00
 215.879323     31.334  34.668200     7.7908     2.1355     31.070    33.5309    26.1510 0.0000e+00
 215.879329     31.554  34.665284     7.7840     2.1132     31.288    33.5342    26.1546 0.0000e+00
 215.879334     31.792  34.666138     7.7738     2.0949     31.524    33.5448    26.1644 0.0000e+00
 215.879340     32.037  34.670738     7.7621     2.0870     31.767    33.5609    26.1788 0.0000e+00
 215.879346     32.283  34.673413     7.7504     2.0854     32.011    33.5749    26.1915 0.0000e+00
 215.879352     32.528  34.672643     7.7390     2.0885     32.254    33.5850    26.2010 0.0000e+00
 215.879358     32.771  34.670721     7.7280     2.0729     32.495    33.5934    26.2092 0.0000e+00
 215.879363     33.010  34.668405     7.7173     2.0787     32.732    33.6011    26.2168 0.0000e+00
 215.879369     33.244  34.664806     7.7069     2.0255     32.964    33.6072    26.2231 0.0000e+00
 215.879375     33.474  34.660128     7.6976     2.0546     33.192    33.6110    26.2275 0.0000e+00
 215.879381     33.702  34.655937     7.6909     2.0733     33.418    33.6128    26.2299 0.0000e+00
 215.879387     33.921  34.652766     7.6878     2.0638     33.635    33.6123    26.2299 0.0000e+00
 215.879392     34.127  34.650826     7.6871     2.0390     33.839    33.6108    26.2288 0.0000e+00
 215.879398     34.331  34.649733     7.6848     1.9194     34.042    33.6117    26.2299 0.0000e+00
 215.879404     34.540  34.647990     7.6773     1.8938     34.249    33.6170    26.2351 0.0000e+00
 215.879410     34.760  34.643795     7.6622     1.8520     34.467    33.6270    26.2451 0.0000e+00
 215.879416     34.995  34.634315     7.6383     1.8101     34.700    33.6398    26.2586 0.0000e+00
 215.879421     35.247  34.618637     7.6084     1.7875     34.950    33.6516    26.2722 0.0000e+00
 215.879427     35.517  34.601028     7.5792     1.7384     35.218    33.6608    26.2836 0.0000e+00
 215.879433     35.798  34.587098     7.5557     1.7178     35.496    33.6684    26.2929 0.0000e+00
 215.879439     36.084  34.578400     7.5396     1.7057     35.780    33.6744    26.2999 0.0000e+00
 215.879444     36.368  34.573376     7.5296     1.7041     36.061    33.6786    26.3046 0.0000e+00
 215.879450     36.640  34.570327     7.5224     1.6987     36.331    33.6821    26.3084 0.0000e+00
 215.879456     36.898  34.567946     7.5160     1.6975     36.587    33.6856    26.3121 0.0000e+00
 215.879462     37.145  34.565820     7.5107     1.6984     36.832    33.6884    26.3150 0.0000e+00
 215.879468     37.384  34.564433     7.5075     1.7035     37.069    33.6898    26.3166 0.0000e+00
 215.879473     37.608  34.564137     7.5063     1.7130     37.291    33.6906    26.3174 0.0000e+00
 215.879479     37.810  34.565057     7.5072     1.7243     37.491    33.6906    26.3173 0.0000e+00
 215.879485     37.990  34.567260     7.5096     1.7226     37.669    33.6906    26.3169 0.0000e+00
 215.879491     38.156  34.569721     7.5118     1.6971     37.834    33.6910    26.3170 0.0000e+00
 215.879497     38.322  34.571199     7.5125     1.6735     37.999    33.6919    26.3175 0.0000e+00
 215.879502     38.508  34.571947     7.5108     1.6585     38.183    33.6942    26.3196 0.0000e+00
 215.879508     38.729  34.570686     7.5066     1.6459     38.402    33.6968    26.3223 0.0000e+00
 215.879514     38.991  34.566255     7.5005     1.6379     38.662    33.6978    26.3239 0.0000e+00
 215.879520     39.285  34.561672     7.4942     1.6488     38.953    33.6989    26.3256 0.0000e+00
 215.879525     39.595  34.558630     7.4889     1.6471     39.261    33.7006    26.3277 0.0000e+00
 215.879531     39.903  34.556394     7.4856     1.6454     39.566    33.7012    26.3287 0.0000e+00
 215.879537     40.189  34.555299     7.4844     1.6458     39.850    33.7010    26.3288 0.0000e+00
 215.879543     40.443  34.555526     7.4844     1.6481     40.102    33.7012    26.3289 0.0000e+00
 215.879549     40.658  34.556776     7.4854     1.6442     40.315    33.7014    26.3289 0.0000e+00
 215.879554     40.839  34.558434     7.4867     1.5909     40.494    33.7019    26.3291 0.0000e+00
 215.879560     40.999  34.559308     7.4871     1.6228     40.653    33.7024    26.3294 0.0000e+00
 215.879566     41.152  34.558847     7.4865     1.6381     40.804    33.7024    26.3295 0.0000e+00
 215.879572     41.311  34.557518     7.4856     1.6450     40.962    33.7017    26.3291 0.0000e+00
 215.879578     41.483  34.556311     7.4845     1.6517     41.133    33.7014    26.3291 0.0000e+00
 215.879583     41.669  34.555820     7.4831     1.5761     41.317    33.7022    26.3298 0.0000e+00
 215.879589     41.870  34.555351     7.4815     1.6016     41.516    33.7031    26.3308 0.0000e+00
 215.879595     42.079  34.554241     7.4802     1.6212     41.724    33.7031    26.3310 0.0000e+00
 215.879601     42.291  34.553209     7.4795     1.6302     41.934    33.7025    26.3306 0.0000e+00
 215.879606     42.487  34.553081     7.4793     1.6540     42.128    33.7025    26.3306 0.0000e+00
 215.879612     42.650  34.553645     7.4795     1.6301     42.290    33.7028    26.3309 -9.990e-29
 215.879618     42.770  34.554490     7.4803     1.6215     42.409    33.7029    26.3308 -9.990e-29
 215.879624     42.840  34.555584     7.4817     1.6302     42.478    33.7027    26.3305 -9.990e-29
 215.879630     42.862  34.556664     7.4833     1.6301     42.500    33.7023    26.3299 -9.990e-29
 215.879635     42.837  34.557453     7.4841     1.6279     42.475    33.7024    26.3299 -9.990e-29
