data/oxygen options/ONMS/Olympic_Coast_National_Marine_Sanctuary_CTD_Data_2005_2023/raw_data/2020/CAST_CA042_200912faed.cnv
* Sea-Bird SBE 19 Data File:
* FileName = C:\2020 Mooring Data\Casts\CAST_CA042_200912.hex
* Software Version SeatermAF 2.1.2
* Temperature SN = 2997
* Conductivity SN = 2997
* System UpLoad Time = Sep 12 2020 18:22:29 (localtime) = Sep 12 2020 18:22:29 (UTC)
** CAST_CA042_200912
* ds
# nquan = 9                                 
# nvalues = 917                         
# units = specified
# name 0 = timeJ: Julian Days
# name 1 = prSM: Pressure, Strain Gauge [db]
# name 2 = c0mS/cm: Conductivity [mS/cm]
# name 3 = t090C: Temperature [ITS-90, deg C]
# name 4 = sbeox0ML/L: Oxygen, SBE 43 [ml/l]
# name 5 = depSM: Depth [salt water, m], lat = 47.5
# name 6 = sal00: Salinity, Practical [PSU]
# name 7 = sigma-é00: Density [sigma-theta, kg/m^3]
# name 8 = flag: flag
# span 0 = 256.718947, 256.724248       
# span 1 =     -5.284,     43.571       
# span 2 =   0.347693,  38.038524       
# span 3 =     7.8943,    14.0462       
# span 4 =    -1.9105,    14.6755       
# span 5 =     -5.240,     43.203       
# span 6 =     0.2140,    33.3361       
# span 7 =    -0.5860,    25.9826       
# span 8 = 0.0000e+00, 0.0000e+00       
# interval = seconds: 0.5
# start_time = Sep 12 2020 17:15:17 [Instrument's time stamp, header]
# bad_flag = -9.990e-29
*END*
[from data line 321]
 256.720804     -0.563   0.367143    14.0077    -1.9052     -0.558     0.2255    -0.5797 -9.990e-29
 256.720810     -0.568   0.366672    14.0085    -1.9052     -0.563     0.2252    -0.5800 -9.990e-29
 256.720816     -0.576   0.366550    14.0093    -1.9052     -0.571     0.2251    -0.5802 -9.990e-29
 256.720822     -0.584   0.366612    14.0101    -1.9052     -0.579     0.2252    -0.5803 -9.990e-29
 256.720828     -0.592   0.366387    14.0110    -1.9051     -0.587     0.2250    -0.5805 -9.990e-29
 256.720833     -0.597   0.366127    14.0122    -1.9051     -0.592     0.2248    -0.5808 -9.990e-29
 256.720839     -0.595   0.366041    14.0140    -1.9051     -0.590     0.2248    -0.5811 -9.990e-29
 256.720845     -0.590   0.366011    14.0163    -1.9049     -0.585     0.2247    -0.5815 -9.990e-29
 256.720851     -0.585   0.365998    14.0181    -1.9049     -0.580     0.2247    -0.5817 -9.990e-29
 256.720856     -0.582   0.365983    14.0192    -1.9050     -0.577     0.2247    -0.5819 -9.990e-29
 256.720862     -0.578   0.365946    14.0197    -1.9050     -0.573     0.2247    -0.5820 -9.990e-29
 256.720868     -0.575   0.365837    14.0201    -1.9049     -0.570     0.2246    -0.5821 -9.990e-29
 256.720874     -0.572   0.365509    14.0205    -1.9050     -0.567     0.2244    -0.5823 -9.990e-29
 256.720880     -0.568   0.365079    14.0208    -1.9050     -0.563     0.2241    -0.5826 -9.990e-29
 256.720885     -0.564   0.365078    14.0212    -1.9050     -0.559     0.2241    -0.5826 -9.990e-29
 256.720891     -0.559   0.365507    14.0224    -1.9050     -0.554     0.2244    -0.5826 -9.990e-29
 256.720897     -0.553   0.365827    14.0241    -1.9049     -0.548     0.2246    -0.5827 -9.990e-29
 256.720903     -0.546   0.365910    14.0250    -1.9049     -0.541     0.2246    -0.5828 -9.990e-29
 256.720909     -0.536   0.365865    14.0251    -1.9049     -0.532     0.2246    -0.5828 -9.990e-29
 256.720914     -0.524   0.365631    14.0253    -1.9049     -0.520     0.2245    -0.5829 -9.990e-29
 256.720920     -0.509   0.365451    14.0255    -1.9049     -0.505     0.2243    -0.5831 -9.990e-29
 256.720926     -0.489   0.365637    14.0254    -1.9050     -0.485     0.2245    -0.5830 -9.990e-29
 256.720932     -0.469   0.365883    14.0254    -1.9049     -0.465     0.2246    -0.5828 -9.990e-29
 256.720937     -0.454   0.365962    14.0256    -1.9049     -0.450     0.2247    -0.5828 -9.990e-29
 256.720943     -0.448   0.365980    14.0261    -1.9047     -0.444     0.2247    -0.5829 -9.990e-29
 256.720949     -0.452   0.365958    14.0267    -1.9047     -0.448     0.2246    -0.5830 -9.990e-29
 256.720955     -0.460   0.365866    14.0273    -1.9046     -0.456     0.2246    -0.5831 -9.990e-29
 256.720961     -0.465   0.365580    14.0277    -1.9046     -0.461     0.2244    -0.5833 -9.990e-29
 256.720966     -0.468   0.365273    14.0275    -1.9045     -0.464     0.2242    -0.5834 -9.990e-29
 256.720972     -0.472   0.365089    14.0269    -1.9045     -0.468     0.2241    -0.5834 -9.990e-29
 256.720978     -0.474   0.364782    14.0269    -1.9043     -0.470     0.2239    -0.5836 -9.990e-29
 256.720984     -0.474   0.364495    14.0276    -1.9042     -0.470     0.2237    -0.5838 -9.990e-29
 256.720990     -0.476   0.364400    14.0289    -1.9042     -0.472     0.2237    -0.5841 -9.990e-29
 256.720995     -0.480   0.364370    14.0303    -1.9043     -0.476     0.2236    -0.5843 -9.990e-29
 256.721001     -0.486   0.364361    14.0318    -1.9043     -0.482     0.2236    -0.5845 -9.990e-29
 256.721007     -0.491   0.364363    14.0333    -1.9043     -0.487     0.2236    -0.5847 -9.990e-29
 256.721013     -0.491   0.364376    14.0349    -1.9044     -0.487     0.2236    -0.5849 -9.990e-29
 256.721019     -0.485   0.364417    14.0366    -1.9045     -0.481     0.2236    -0.5852 -9.990e-29
 256.721024     -0.474   0.364541    14.0385    -1.9045     -0.470     0.2237    -0.5854 -9.990e-29
 256.721030     -0.460   0.364911    14.0403    -1.9044     -0.456     0.2239    -0.5855 -9.990e-29
 256.721036     -0.448   0.365465    14.0418    -1.9044     -0.444     0.2243    -0.5854 -9.990e-29
 256.721042     -0.431   0.365835    14.0427    -1.9043     -0.427     0.2245    -0.5854 -9.990e-29
 256.721047     -0.410   0.365958    14.0427    -1.9042     -0.407     0.2246    -0.5853 -9.990e-29
 256.721053     -0.391   0.365998    14.0420    -1.9042     -0.388     0.2246    -0.5852 -9.990e-29
 256.721059     -0.377   0.366007    14.0410    -1.9041     -0.374     0.2246    -0.5850 -9.990e-29
 256.721065     -0.368   0.365995    14.0397    -1.9041     -0.365     0.2246    -0.5848 -9.990e-29
 256.721071     -0.362   0.365947    14.0386    -1.9041     -0.359     0.2246    -0.5847 -9.990e-29
 256.721076     -0.360   0.365801    14.0383    -1.9042     -0.357     0.2245    -0.5847 -9.990e-29
 256.721082     -0.361   0.365364    14.0390    -1.9043     -0.358     0.2242    -0.5851 -9.990e-29
 256.721088     -0.362   0.364605    14.0403    -1.9044     -0.359     0.2237    -0.5856 -9.990e-29
 256.721094     -0.357   0.364177    14.0419    -1.9041     -0.354     0.2234    -0.5860 -9.990e-29
 256.721100     -0.352   0.364618    14.0434    -1.9042     -0.349     0.2237    -0.5860 -9.990e-29
 256.721105     -0.349   0.365407    14.0446    -1.9041     -0.346     0.2242    -0.5858 -9.990e-29
 256.721111     -0.349   0.365937    14.0456    -1.7300     -0.346     0.2245    -0.5857 -9.990e-29
 256.721117     -0.347   0.366363    14.0462    -1.5792     -0.344     0.2248    -0.5856 -9.990e-29
 256.721123     -0.340   0.367252    14.0459    -1.5837     -0.337     0.2254    -0.5851 -9.990e-29
 256.721128     -0.330   0.369789    14.0446    -1.5851     -0.327     0.2270    -0.5837 -9.990e-29
 256.721134     -0.321   0.377359    14.0429    -1.5857     -0.318     0.2317    -0.5798 -9.990e-29
 256.721140     -0.309   0.400610    14.0416    -1.5861     -0.306     0.2464    -0.5682 -9.990e-29
 256.721146     -0.289   0.471653    14.0392    -1.5861     -0.287     0.2914    -0.5329 -9.990e-29
 256.721152     -0.259   0.685210    14.0296    -1.5868     -0.257     0.4289    -0.4248 -9.990e-29
 256.721157     -0.222   1.324917    13.9985    -1.5873     -0.220     0.8534    -0.0913 -9.990e-29
 256.721163     -0.179   3.243165    13.9055    -1.5876     -0.178     2.1970     0.9608 -9.990e-29
 256.721169     -0.124   8.998173    13.7446    -1.5871     -0.123     6.5592     4.3452 -9.990e-29
 256.721175     -0.053  19.593801    13.5926    -1.5871     -0.053    15.2914    11.0816 -9.990e-29
 256.721181      0.034  29.927228    13.4997    -1.5873      0.034    24.3842    18.0945 -9.990e-29
 256.721186      0.130  35.334220    13.4532    -1.5876      0.129    29.3363    21.9227 -9.990e-29
 256.721192      0.215  37.142255    13.4334    -1.5875      0.213    31.0242    23.2302 -9.990e-29
 256.721198      0.282  37.744116    13.4217    -1.5875      0.280    31.5935    23.6725 -9.990e-29
 256.721204      0.335  37.932216    13.4081    -1.5876      0.332    31.7801    23.8194 -9.990e-29
 256.721209      0.377  37.984861    13.3955    -1.5876      0.374    31.8397    23.8680 -9.990e-29
 256.721215      0.412  37.996386    13.3893    -1.5872      0.409    31.8556    23.8815 -9.990e-29
 256.721221      0.441  37.995643    13.3887    -1.5872      0.437    31.8554    23.8815 -9.990e-29
 256.721227      0.466  37.996809    13.3874    -1.5872      0.462    31.8576    23.8834 -9.990e-29
 256.721233      0.489  38.000906    13.3829    -1.5871      0.485    31.8652    23.8901 -9.990e-29
 256.721238      0.511  38.003895    13.3795    -1.5868      0.507    31.8708    23.8952 -9.990e-29
 256.721244      0.529  38.005304    13.3786    -1.5868      0.525    31.8728    23.8969 -9.990e-29
 256.721250      0.537  38.003677    13.3782    -1.5871      0.533    31.8717    23.8961 -9.990e-29
 256.721256      0.533  38.000797    13.3785    -1.5869      0.529    31.8687    23.8938 -9.990e-29
 256.721262      0.528  37.999023    13.3817    -1.5866      0.524    31.8644    23.8898 -9.990e-29
 256.721267      0.524  37.997140    13.3868    -1.5868      0.520    31.8584    23.8841 -9.990e-29
 256.721273      0.522  37.995472    13.3905    -1.5869      0.518    31.8537    23.8798 -9.990e-29
 256.721279      0.521  37.995190    13.3919    -1.5867      0.517    31.8523    23.8784 -9.990e-29
 256.721285      0.521  37.996508    13.3915    -1.5865      0.517    31.8539    23.8797 -9.990e-29
 256.721291      0.523  38.001217    13.3901    -1.5866      0.519    31.8594    23.8843 -9.990e-29
 256.721296      0.526  38.013940    13.3901    -1.5867      0.522    31.8713    23.8935 -9.990e-29
 256.721302      0.530  38.029241    13.3931    -1.5870      0.526    31.8831    23.9020 -9.990e-29
 256.721308      0.537  38.031102    13.3977    -1.5872      0.533    31.8809    23.8994 -9.990e-29
 256.721314      0.546  38.020350    13.4005    -1.5874      0.541    31.8686    23.8893 -9.990e-29
 256.721319      0.557  38.014644    13.4007    -1.5876      0.552    31.8631    23.8850 -9.990e-29
 256.721325      0.572  38.017620    13.4003    -1.5874      0.567    31.8662    23.8875 -9.990e-29
 256.721331      0.587  38.020941    13.4019    -1.5874      0.582    31.8679    23.8885 -9.990e-29
 256.721337      0.595  38.025139    13.4065    -1.5872      0.590    31.8680    23.8877 -9.990e-29
 256.721343      0.596  38.028551    13.4096    -1.5871      0.591    31.8686    23.8875 -9.990e-29
 256.721348      0.599  38.021737    13.4054    -1.5871      0.594    31.8657    23.8861 -9.990e-29
 256.721354      0.608  38.009100    13.3954    -1.5872      0.603    31.8623    23.8855 -9.990e-29
 256.721360      0.620  38.006909    13.3874    -1.5872      0.615    31.8669    23.8906 -9.990e-29
 256.721366      0.630  38.014512    13.3854    -1.5871      0.625    31.8757    23.8978 -9.990e-29
 256.721372      0.640  38.014597    13.3866    -1.5870      0.635    31.8748    23.8969 -9.990e-29
 256.721377      0.646  38.002258    13.3870    -1.5872      0.641    31.8629    23.8876 -9.990e-29
 256.721383      0.645  37.990794    13.3867    -1.5873      0.640    31.8525    23.8796 -9.990e-29
 256.721389      0.639  37.990742    13.3890    -1.5872      0.634    31.8505    23.8776 -9.990e-29
 256.721395      0.634  37.997580    13.3938    -1.5869      0.629    31.8529    23.8785 -9.990e-29
 256.721400      0.628  38.000267    13.3967    -1.5870      0.623    31.8530    23.8780 -9.990e-29
 256.721406      0.622  37.995125    13.3949    -1.5870      0.617    31.8497    23.8758 -9.990e-29
 256.721412      0.611  37.989907    13.3912    -1.5870      0.606    31.8479    23.8752 -9.990e-29
 256.721418      0.594  37.993389    13.3902    -1.5872      0.589    31.8520    23.8785 -9.990e-29
 256.721424      0.579  38.003513    13.3914    -1.5872      0.574    31.8604    23.8848 -9.990e-29
 256.721429      0.568  38.010254    13.3924    -1.5868      0.563    31.8659    23.8888 -9.990e-29
 256.721435      0.562  38.008051    13.3931    -1.5868      0.557    31.8633    23.8867 -9.990e-29
 256.721441      0.560  38.000164    13.3933    -1.5867      0.555    31.8557    23.8808 -9.990e-29
 256.721447      0.561  37.995735    13.3929    -1.5867      0.556    31.8519    23.8779 -9.990e-29
 256.721453      0.566  38.001226    13.3924    -1.5866      0.561    31.8575    23.8823 -9.990e-29
 256.721458      0.576  38.011651    13.3927    -1.5865      0.571    31.8670    23.8896 -9.990e-29
 256.721464      0.586  38.018507    13.3939    -1.5867      0.581    31.8723    23.8935 -9.990e-29
 256.721470      0.593  38.018069    13.3952    -1.5871      0.588    31.8708    23.8921 -9.990e-29
 256.721476      0.601  38.010343    13.3962    -1.5874      0.596    31.8628    23.8857 -9.990e-29
 256.721481      0.611  38.002442    13.3969    -1.5875      0.606    31.8548    23.8794 -9.990e-29
 256.721487      0.619  38.004608    13.3973    -1.5874      0.614    31.8565    23.8806 -9.990e-29
 256.721493      0.627  38.015834    13.3974    -1.5872      0.622    31.8669    23.8886 -9.990e-29
 256.721499      0.634  38.025885    13.3981    -1.5876      0.629    31.8757    23.8953 -9.990e-29
 256.721505      0.645  38.031369    13.3995    -1.5878      0.640    31.8796    23.8980 -9.990e-29
 256.721510      0.661  38.035702    13.4002    -1.5879      0.655    31.8831    23.9006 -9.990e-29
 256.721516      0.674  38.038524    13.3990    -1.5879      0.668    31.8867    23.9036 -9.990e-29
 256.721522      0.682  38.034654    13.3948    -1.5878      0.676    31.8866    23.9044 -9.990e-29
 256.721528      0.683  38.021767    13.3870    -1.5875      0.677    31.8811    23.9017 -9.990e-29
 256.721534      0.679  38.007381    13.3790    -1.5875      0.673    31.8744    23.8981 -9.990e-29
 256.721539      0.674  38.004869    13.3766    -1.5874      0.668    31.8741    23.8983 -9.990e-29
 256.721545      0.671  38.014272    13.3796    -1.5871      0.665    31.8803    23.9025 -9.990e-29
 256.721551      0.670  38.018437    13.3817    -1.5871      0.664    31.8825    23.9038 -9.990e-29
 256.721557      0.671  38.006125    13.3797    -1.5871      0.665    31.8726    23.8966 -9.990e-29
 256.721563      0.670  37.986184    13.3748    -1.5874      0.664    31.8581    23.8863 -9.990e-29
 256.721568      0.667  37.974672    13.3710    -1.5875      0.661    31.8505    23.8812 -9.990e-29
 256.721574      0.670  37.977578    13.3728    -1.5874      0.664    31.8518    23.8818 -9.990e-29
 256.721580      0.680  37.988712    13.3803    -1.5874      0.674    31.8559    23.8835 -9.990e-29
 256.721586      0.688  37.994911    13.3888    -1.5874      0.682    31.8546    23.8808 -9.990e-29
 256.721591      0.696  37.989328    13.3945    11.0319      0.690    31.8446    23.8719 -9.990e-29
 256.721597      0.707  37.980252    13.3977    14.4158      0.701    31.8334    23.8627 -9.990e-29
 256.721603      0.718  37.979165    13.3993    14.6755      0.712    31.8311    23.8605 -9.990e-29
 256.721609      0.726  37.984086    13.3993    12.2146      0.720    31.8357    23.8641 -9.990e-29
 256.721615      0.732  37.985906    13.3971     6.9203      0.726    31.8392    23.8673 -9.990e-29
 256.721620      0.734  37.982036    13.3936     6.9925      0.728    31.8385    23.8674 -9.990e-29
 256.721626      0.735  37.977438    13.3910     7.1996      0.729    31.8364    23.8663 -9.990e-29
 256.721632      0.733  37.978349    13.3906     7.2497      0.727    31.8376    23.8673 -9.990e-29
 256.721638      0.728  37.981526    13.3913     7.2329      0.722    31.8400    23.8690 -9.990e-29
 256.721644      0.726  37.977775    13.3914     7.1804      0.720    31.8364    23.8662 -9.990e-29
 256.721649      0.729  37.965491    13.3906     7.1220      0.723    31.8256    23.8580 -9.990e-29
 256.721655      0.733  37.952434    13.3904     7.0912      0.727    31.8136    23.8488 -9.990e-29
 256.721661      0.735  37.947020    13.3919     7.0708      0.729    31.8073    23.8436 -9.990e-29
 256.721667      0.735  37.948788    13.3939     7.0672      0.729    31.8072    23.8432 -9.990e-29
 256.721672      0.733  37.951152    13.3954     7.0593      0.727    31.8082    23.8436 -9.990e-29
 256.721678      0.732  37.951687    13.3973     7.0498      0.726    31.8071    23.8424 -9.990e-29
 256.721684      0.738  37.952259    13.3992     7.0363      0.732    31.8061    23.8412 -9.990e-29
 256.721690      0.745  37.953660    13.3986     7.0310      0.739    31.8079    23.8427 -9.990e-29
 256.721696      0.752  37.953864    13.3949     7.0147      0.746    31.8111    23.8460 -9.990e-29
 256.721701      0.756  37.952052    13.3916     6.9998      0.750    31.8122    23.8475 -9.990e-29
 256.721707      0.760  37.950882    13.3910     6.9559      0.754    31.8116    23.8471 -9.990e-29
 256.721713      0.764  37.951068    13.3925     6.9733      0.758    31.8105    23.8460 -9.990e-29
 256.721719      0.766  37.951202    13.3942     6.9750      0.760    31.8092    23.8447 -9.990e-29
