data/oxygen options/ONMS/Olympic_Coast_National_Marine_Sanctuary_CTD_Data_2005_2023/raw_data/2020/CAST_CA042_200912faed.cnv
* Sea-Bird SBE 19 Data File:
* FileName = C:\2020 Mooring Data\Casts\CAST_CA042_200912.hex
* Software Version SeatermAF 2.1.2
* Temperature SN = 2997
* Conductivity SN = 2997
* System UpLoad Time = Sep 12 2020 18:22:29 (localtime) = Sep 12 2020 18:22:29 (UTC)
** CAST_CA042_200912
* ds
# nquan = 9                                 
# nvalues = 917                         
# units = specified
# name 0 = timeJ: Julian Days
# name 1 = prSM: Pressure, Strain Gauge [db]
# name 2 = c0mS/cm: Conductivity [mS/cm]
# name 3 = t090C: Temperature [ITS-90, deg C]
# name 4 = sbeox0ML/L: Oxygen, SBE 43 [ml/l]
# name 5 = depSM: Depth [salt water, m], lat = 47.5
# name 6 = sal00: Salinity, Practical [PSU]
# name 7 = sigma-é00: Density [sigma-theta, kg/m^3]
# name 8 = flag: flag
# span 0 = 256.718947, 256.724248       
# span 1 =     -5.284,     43.571       
# span 2 =   0.347693,  38.038524       
# span 3 =     7.8943,    14.0462       
# span 4 =    -1.9105,    14.6755       
# span 5 =     -5.240,     43.203       
# span 6 =     0.2140,    33.3361       
# span 7 =    -0.5860,    25.9826       
# span 8 = 0.0000e+00, 0.0000e+00       
# interval = seconds: 0.5
# start_time = Sep 12 2020 17:15:17 [Instrument's time stamp, header]
# bad_flag = -9.990e-29
*END*
 256.718947     -5.284 -9.990e-29    13.8721    -1.9104     -5.240 -9.990e-29 -9.990e-29 -9.990e-29
 256.718953     -5.248   0.347693    13.8724    -1.9104     -5.204     0.2140    -0.5699 -9.990e-29
 256.718958     -5.213   0.347694    13.8727    -1.9104     -5.170     0.2140    -0.5700 -9.990e-29
 256.718964     -5.182   0.347699    13.8730    -1.9104     -5.139     0.2140    -0.5700 -9.990e-29
 256.718970     -5.153   0.347712    13.8732    -1.9103     -5.110     0.2140    -0.5700 -9.990e-29
 256.718976     -5.124   0.347751    13.8734    -1.9105     -5.081     0.2140    -0.5700 -9.990e-29
 256.718981     -5.092   0.347870    13.8738    -1.9103     -5.050     0.2141    -0.5700 -9.990e-29
 256.718987     -5.061   0.348227    13.8743    -1.9104     -5.019     0.2143    -0.5699 -9.990e-29
 256.718993     -5.032   0.348745    13.8742    -1.9103     -4.990     0.2146    -0.5696 -9.990e-29
 256.718999     -5.000   0.349006    13.8735    -1.9103     -4.958     0.2148    -0.5694 -9.990e-29
 256.719005     -4.962   0.348805    13.8731    -1.9103     -4.921     0.2147    -0.5695 -9.990e-29
 256.719010     -4.924   0.348428    13.8731    -1.9103     -4.883     0.2145    -0.5696 -9.990e-29
 256.719016     -4.889   0.348481    13.8734    -1.9103     -4.848     0.2145    -0.5697 -9.990e-29
 256.719022     -4.854   0.349035    13.8735    -1.9103     -4.814     0.2148    -0.5694 -9.990e-29
 256.719028     -4.817   0.349722    13.8735    -1.9104     -4.777     0.2153    -0.5691 -9.990e-29
 256.719034     -4.779   0.350351    13.8740    -1.9103     -4.739     0.2157    -0.5688 -9.990e-29
 256.719039     -4.744   0.350650    13.8748    -1.9103     -4.704     0.2158    -0.5688 -9.990e-29
 256.719045     -4.708   0.350466    13.8756    -1.9103     -4.669     0.2157    -0.5690 -9.990e-29
 256.719051     -4.673   0.350108    13.8762    -1.9100     -4.634     0.2155    -0.5693 -9.990e-29
 256.719057     -4.642   0.350206    13.8765    -1.9098     -4.603     0.2156    -0.5693 -9.990e-29
 256.719063     -4.613   0.350892    13.8766    -1.9098     -4.575     0.2160    -0.5689 -9.990e-29
 256.719068     -4.583   0.351420    13.8766    -1.9098     -4.545     0.2163    -0.5687 -9.990e-29
 256.719074     -4.551   0.351386    13.8766    -1.9099     -4.513     0.2163    -0.5687 -9.990e-29
 256.719080     -4.515   0.351299    13.8768    -1.9098     -4.477     0.2162    -0.5688 -9.990e-29
 256.719086     -4.477   0.351598    13.8775    -1.9098     -4.440     0.2164    -0.5687 -9.990e-29
 256.719091     -4.439   0.352128    13.8787    -1.9099     -4.402     0.2168    -0.5686 -9.990e-29
 256.719097     -4.397   0.352490    13.8808    -1.9100     -4.360     0.2170    -0.5687 -9.990e-29
 256.719103     -4.359   0.352610    13.8840    -1.9099     -4.323     0.2170    -0.5691 -9.990e-29
 256.719109     -4.330   0.352651    13.8872    -1.9100     -4.294     0.2170    -0.5696 -9.990e-29
 256.719115     -4.304   0.352667    13.8892    -1.9097     -4.268     0.2170    -0.5699 -9.990e-29
 256.719120     -4.276   0.352680    13.8899    -1.9097     -4.240     0.2170    -0.5699 -9.990e-29
 256.719126     -4.247   0.352709    13.8899    -1.9096     -4.212     0.2171    -0.5699 -9.990e-29
 256.719132     -4.225   0.352792    13.8895    -1.9094     -4.190     0.2171    -0.5698 -9.990e-29
 256.719138     -4.211   0.353039    13.8887    -1.9094     -4.176     0.2173    -0.5696 -9.990e-29
 256.719144     -4.202   0.353228    13.8878    -1.9093     -4.167     0.2174    -0.5694 -9.990e-29
 256.719149     -4.188   0.353055    13.8874    -1.9092     -4.153     0.2173    -0.5694 -9.990e-29
 256.719155     -4.169   0.352845    13.8877    -1.9093     -4.134     0.2172    -0.5695 -9.990e-29
 256.719161     -4.146   0.352873    13.8891    -1.9092     -4.111     0.2172    -0.5697 -9.990e-29
 256.719167     -4.119   0.353178    13.8916    -1.9092     -4.085     0.2173    -0.5699 -9.990e-29
 256.719172     -4.090   0.353612    13.8944    -1.9091     -4.056     0.2176    -0.5701 -9.990e-29
 256.719178     -4.062   0.353645    13.8972    -1.9089     -4.028     0.2176    -0.5705 -9.990e-29
 256.719184     -4.033   0.353323    13.8999    -1.9086     -3.999     0.2174    -0.5710 -9.990e-29
 256.719190     -4.001   0.353324    13.9020    -1.9086     -3.968     0.2174    -0.5713 -9.990e-29
 256.719196     -3.968   0.353650    13.9035    -1.9085     -3.935     0.2176    -0.5714 -9.990e-29
 256.719201     -3.941   0.353630    13.9047    -1.9085     -3.908     0.2176    -0.5716 -9.990e-29
 256.719207     -3.918   0.353236    13.9057    -1.9085     -3.885     0.2173    -0.5719 -9.990e-29
 256.719213     -3.894   0.353052    13.9067    -1.9085     -3.862     0.2172    -0.5721 -9.990e-29
 256.719219     -3.870   0.353389    13.9083    -1.9085     -3.838     0.2174    -0.5722 -9.990e-29
 256.719225     -3.851   0.354140    13.9108    -1.9084     -3.819     0.2178    -0.5722 -9.990e-29
 256.719230     -3.834   0.354646    13.9144    -1.9084     -3.802     0.2181    -0.5725 -9.990e-29
 256.719236     -3.819   0.354473    13.9184    -1.9083     -3.787     0.2180    -0.5731 -9.990e-29
 256.719242     -3.804   0.353947    13.9213    -1.9083     -3.772     0.2177    -0.5738 -9.990e-29
 256.719248     -3.789   0.353474    13.9228    -1.9082     -3.757     0.2174    -0.5742 -9.990e-29
 256.719253     -3.773   0.353533    13.9235    -1.9081     -3.742     0.2174    -0.5743 -9.990e-29
 256.719259     -3.755   0.354202    13.9239    -1.9080     -3.724     0.2178    -0.5740 -9.990e-29
 256.719265     -3.733   0.354712    13.9245    -1.9079     -3.702     0.2181    -0.5739 -9.990e-29
 256.719271     -3.707   0.354635    13.9255    -1.9079     -3.676     0.2181    -0.5741 -9.990e-29
 256.719277     -3.678   0.354425    13.9265    -1.9079     -3.647     0.2179    -0.5743 -9.990e-29
 256.719282     -3.649   0.354355    13.9277    -1.9081     -3.619     0.2179    -0.5745 -9.990e-29
 256.719288     -3.619   0.354331    13.9292    -1.9079     -3.589     0.2179    -0.5747 -9.990e-29
 256.719294     -3.590   0.354322    13.9309    -1.9079     -3.560     0.2179    -0.5750 -9.990e-29
 256.719300     -3.564   0.354317    13.9328    -1.9080     -3.534     0.2178    -0.5752 -9.990e-29
 256.719306     -3.539   0.354310    13.9352    -1.9079     -3.509     0.2178    -0.5756 -9.990e-29
 256.719311     -3.515   0.354293    13.9376    -1.9080     -3.486     0.2178    -0.5759 -9.990e-29
 256.719317     -3.488   0.354243    13.9392    -1.9081     -3.459     0.2178    -0.5762 -9.990e-29
 256.719323     -3.463   0.354095    13.9397    -1.9082     -3.434     0.2177    -0.5763 -9.990e-29
 256.719329     -3.442   0.353652    13.9392    -1.9083     -3.413     0.2174    -0.5765 -9.990e-29
 256.719334     -3.418   0.352877    13.9391    -1.9083     -3.390     0.2169    -0.5769 -9.990e-29
 256.719340     -3.391   0.352401    13.9397    -1.9082     -3.363     0.2166    -0.5772 -9.990e-29
 256.719346     -3.367   0.352696    13.9400    -1.9081     -3.339     0.2168    -0.5771 -9.990e-29
 256.719352     -3.350   0.353049    13.9398    -1.9083     -3.322     0.2170    -0.5769 -9.990e-29
 256.719358     -3.338   0.352823    13.9394    -1.9084     -3.310     0.2169    -0.5769 -9.990e-29
 256.719363     -3.325   0.352271    13.9385    -1.9086     -3.297     0.2165    -0.5771 -9.990e-29
 256.719369     -3.308   0.351766    13.9369    -1.9086     -3.280     0.2162    -0.5771 -9.990e-29
 256.719375     -3.288   0.351743    13.9351    -1.9087     -3.261     0.2162    -0.5768 -9.990e-29
 256.719381     -3.270   0.352171    13.9338    -1.9087     -3.243     0.2165    -0.5764 -9.990e-29
 256.719387     -3.252   0.352515    13.9335    -1.9088     -3.225     0.2167    -0.5762 -9.990e-29
 256.719392     -3.232   0.352677    13.9337    -1.9088     -3.205     0.2168    -0.5762 -9.990e-29
 256.719398     -3.210   0.352876    13.9333    -1.9088     -3.183     0.2169    -0.5760 -9.990e-29
 256.719404     -3.185   0.353376    13.9317    -1.9089     -3.158     0.2173    -0.5755 -9.990e-29
 256.719410     -3.154   0.354291    13.9294    -1.9087     -3.128     0.2178    -0.5748 -9.990e-29
 256.719416     -3.120   0.355180    13.9272    -1.9089     -3.094     0.2184    -0.5740 -9.990e-29
 256.719421     -3.089   0.355567    13.9252    -1.9089     -3.063     0.2187    -0.5735 -9.990e-29
 256.719427     -3.064   0.355413    13.9236    -1.9090     -3.038     0.2186    -0.5734 -9.990e-29
 256.719433     -3.043   0.355068    13.9224    -1.9090     -3.018     0.2184    -0.5734 -9.990e-29
 256.719439     -3.024   0.355182    13.9215    -1.9088     -2.999     0.2184    -0.5732 -9.990e-29
 256.719444     -3.007   0.355906    13.9211    -1.9086     -2.982     0.2189    -0.5728 -9.990e-29
 256.719450     -2.991   0.356544    13.9207    -1.9085     -2.966     0.2193    -0.5724 -9.990e-29
 256.719456     -2.973   0.356838    13.9204    -1.9084     -2.948     0.2195    -0.5722 -9.990e-29
 256.719462     -2.954   0.357183    13.9205    -1.9085     -2.929     0.2197    -0.5721 -9.990e-29
 256.719468     -2.932   0.357483    13.9201    -1.9085     -2.908     0.2199    -0.5719 -9.990e-29
 256.719473     -2.910   0.357587    13.9190    -1.9086     -2.886     0.2200    -0.5717 -9.990e-29
 256.719479     -2.891   0.357634    13.9181    -1.9086     -2.867     0.2200    -0.5715 -9.990e-29
 256.719485     -2.873   0.357686    13.9189    -1.9086     -2.849     0.2200    -0.5716 -9.990e-29
 256.719491     -2.855   0.357812    13.9216    -1.9087     -2.831     0.2201    -0.5719 -9.990e-29
 256.719497     -2.837   0.358183    13.9252    -1.9088     -2.813     0.2203    -0.5723 -9.990e-29
 256.719502     -2.817   0.358739    13.9280    -1.9089     -2.794     0.2206    -0.5724 -9.990e-29
 256.719508     -2.794   0.359112    13.9292    -1.9088     -2.771     0.2209    -0.5724 -9.990e-29
 256.719514     -2.771   0.359247    13.9291    -1.9088     -2.748     0.2210    -0.5723 -9.990e-29
 256.719520     -2.750   0.359325    13.9282    -1.9088     -2.727     0.2210    -0.5721 -9.990e-29
 256.719525     -2.731   0.359449    13.9274    -1.9089     -2.708     0.2211    -0.5720 -9.990e-29
 256.719531     -2.715   0.359786    13.9267    -1.9089     -2.692     0.2213    -0.5717 -9.990e-29
 256.719537     -2.707   0.360232    13.9257    -1.9089     -2.684     0.2216    -0.5713 -9.990e-29
 256.719543     -2.702   0.360274    13.9241    -1.9089     -2.679     0.2216    -0.5711 -9.990e-29
 256.719549     -2.695   0.359969    13.9221    -1.9090     -2.673     0.2215    -0.5709 -9.990e-29
 256.719554     -2.685   0.360019    13.9211    -1.9091     -2.663     0.2215    -0.5708 -9.990e-29
 256.719560     -2.673   0.360491    13.9212    -1.9090     -2.651     0.2218    -0.5706 -9.990e-29
 256.719566     -2.657   0.360907    13.9213    -1.9090     -2.635     0.2220    -0.5704 -9.990e-29
 256.719572     -2.636   0.361269    13.9211    -1.9090     -2.614     0.2223    -0.5702 -9.990e-29
 256.719578     -2.608   0.361504    13.9206    -1.9090     -2.586     0.2224    -0.5700 -9.990e-29
 256.719583     -2.578   0.361372    13.9202    -1.9091     -2.557     0.2223    -0.5700 -9.990e-29
 256.719589     -2.550   0.361253    13.9200    -1.9091     -2.529     0.2223    -0.5700 -9.990e-29
 256.719595     -2.528   0.361544    13.9193    -1.9091     -2.507     0.2225    -0.5698 -9.990e-29
 256.719601     -2.510   0.362077    13.9182    -1.9091     -2.489     0.2228    -0.5694 -9.990e-29
 256.719606     -2.495   0.362455    13.9174    -1.9090     -2.474     0.2230    -0.5691 -9.990e-29
 256.719612     -2.483   0.362629    13.9172    -1.9091     -2.462     0.2232    -0.5689 -9.990e-29
 256.719618     -2.471   0.362831    13.9173    -1.9090     -2.450     0.2233    -0.5689 -9.990e-29
 256.719624     -2.460   0.363333    13.9175    -1.9091     -2.439     0.2236    -0.5686 -9.990e-29
 256.719630     -2.450   0.364248    13.9173    -1.9091     -2.430     0.2242    -0.5682 -9.990e-29
 256.719635     -2.438   0.365137    13.9167    -1.9091     -2.418     0.2247    -0.5676 -9.990e-29
 256.719641     -2.425   0.365522    13.9163    -1.9091     -2.405     0.2250    -0.5674 -9.990e-29
 256.719647     -2.409   0.365364    13.9161    -1.9090     -2.389     0.2249    -0.5674 -9.990e-29
 256.719653     -2.390   0.365008    13.9161    -1.9092     -2.370     0.2247    -0.5676 -9.990e-29
 256.719659     -2.371   0.365085    13.9161    -1.9093     -2.351     0.2247    -0.5676 -9.990e-29
 256.719664     -2.355   0.365699    13.9162    -1.9093     -2.335     0.2251    -0.5673 -9.990e-29
 256.719670     -2.340   0.366378    13.9163    -1.9093     -2.320     0.2255    -0.5670 -9.990e-29
 256.719676     -2.326   0.366919    13.9165    -1.9093     -2.307     0.2259    -0.5667 -9.990e-29
 256.719682     -2.312   0.367305    13.9162    -1.9094     -2.293     0.2261    -0.5665 -9.990e-29
 256.719687     -2.302   0.367495    13.9157    -1.9093     -2.283     0.2262    -0.5663 -9.990e-29
 256.719693     -2.294   0.367559    13.9155    -1.9093     -2.275     0.2263    -0.5663 -9.990e-29
 256.719699     -2.284   0.367580    13.9152    -1.9093     -2.265     0.2263    -0.5662 -9.990e-29
 256.719705     -2.271   0.367587    13.9142    -1.9093     -2.252     0.2263    -0.5661 -9.990e-29
 256.719711     -2.254   0.367589    13.9132    -1.9093     -2.235     0.2263    -0.5659 -9.990e-29
 256.719716     -2.237   0.367588    13.9124    -1.9093     -2.218     0.2263    -0.5658 -9.990e-29
 256.719722     -2.223   0.367584    13.9117    -1.9094     -2.204     0.2263    -0.5657 -9.990e-29
 256.719728     -2.211   0.367571    13.9110    -1.9093     -2.193     0.2263    -0.5656 -9.990e-29
 256.719734     -2.200   0.367531    13.9106    -1.9093     -2.182     0.2263    -0.5656 -9.990e-29
 256.719740     -2.189   0.367409    13.9108    -1.9093     -2.171     0.2262    -0.5657 -9.990e-29
 256.719745     -2.178   0.367044    13.9112    -1.9095     -2.160     0.2260    -0.5659 -9.990e-29
 256.719751     -2.167   0.366502    13.9115    -1.9094     -2.149     0.2256    -0.5662 -9.990e-29
 256.719757     -2.153   0.366169    13.9119    -1.9094     -2.135     0.2254    -0.5664 -9.990e-29
 256.719763     -2.137   0.366156    13.9121    -1.9095     -2.119     0.2254    -0.5665 -9.990e-29
 256.719769     -2.122   0.366445    13.9118    -1.9095     -2.104     0.2256    -0.5663 -9.990e-29
 256.719774     -2.111   0.366867    13.9115    -1.9096     -2.093     0.2259    -0.5660 -9.990e-29
 256.719780     -2.099   0.366875    13.9117    -1.9097     -2.081     0.2259    -0.5661 -9.990e-29
 256.719786     -2.081   0.366481    13.9117    -1.9096     -2.064     0.2256    -0.5663 -9.990e-29
 256.719792     -2.060   0.366267    13.9110    -1.9097     -2.043     0.2255    -0.5663 -9.990e-29
 256.719797     -2.039   0.366501    13.9101    -1.9098     -2.022     0.2256    -0.5660 -9.990e-29
 256.719803     -2.018   0.366941    13.9096    -1.9098     -2.001     0.2259    -0.5657 -9.990e-29
 256.719809     -1.997   0.367066    13.9090    -1.9099     -1.980     0.2260    -0.5656 -9.990e-29
 256.719815     -1.982   0.367042    13.9080    -1.9101     -1.965     0.2260    -0.5655 -9.990e-29
 256.719821     -1.971   0.367390    13.9068    -1.9101     -1.955     0.2262    -0.5651 -9.990e-29
 256.719826     -1.962   0.368019    13.9055    -1.9101     -1.946     0.2266    -0.5646 -9.990e-29
 256.719832     -1.956   0.368661    13.9044    -1.9100     -1.940     0.2270    -0.5642 -9.990e-29
 256.719838     -1.952   0.369064    13.9035    -1.9100     -1.936     0.2273    -0.5638 -9.990e-29
 256.719844     -1.950   0.369209    13.9022    -1.9100     -1.934     0.2274    -0.5636 -9.990e-29
 256.719850     -1.945   0.369290    13.9006    -1.9099     -1.929     0.2274    -0.5633 -9.990e-29
 256.719855     -1.933   0.369415    13.8990    -1.9100     -1.917     0.2275    -0.5630 -9.990e-29
 256.719861     -1.917   0.369750    13.8973    -1.9100     -1.901     0.2278    -0.5626 -9.990e-29
 256.719867     -1.901   0.370187    13.8958    -1.9100     -1.885     0.2280    -0.5622 -9.990e-29
