data/oxygen options/ONMS/Olympic_Coast_National_Marine_Sanctuary_CTD_Data_2005_2023/raw_data/2020/CAST_MB042_200910faed.cnv
* Sea-Bird SBE 19 Data File:
* FileName = C:\2020 Mooring Data\Casts\CAST_MB042_200910.hex
* Software Version SeatermAF 2.1.2
* Temperature SN = 2997
* Conductivity SN = 2997
* System UpLoad Time = Sep 10 2020 20:28:07 (localtime) = Sep 10 2020 20:28:07 (UTC)
** CAST_MB042_200910
* ds
# nquan = 9                                 
# nvalues = 1730                        
# units = specified
# name 0 = timeJ: Julian Days
# name 1 = prSM: Pressure, Strain Gauge [db]
# name 2 = c0mS/cm: Conductivity [mS/cm]
# name 3 = t090C: Temperature [ITS-90, deg C]
# name 4 = sbeox0ML/L: Oxygen, SBE 43 [ml/l]
# name 5 = depSM: Depth [salt water, m], lat = 47.5
# name 6 = sal00: Salinity, Practical [PSU]
# name 7 = sigma-é00: Density [sigma-theta, kg/m^3]
# name 8 = flag: flag
# span 0 = 254.774155, 254.784161       
# span 1 =     -5.613,     42.725       
# span 2 =   0.014743,  37.246220       
# span 3 =     7.7664,    17.2817       
# span 4 =    -1.8435,    11.8742       
# span 5 =     -5.566,     42.364       
# span 6 =     0.0138,    33.6089       
# span 7 =    -1.2623,    26.1409       
# span 8 = 0.0000e+00, 0.0000e+00       
# interval = seconds: 0.5
# start_time = Sep 10 2020 18:34:47 [Instrument's time stamp, header]
# bad_flag = -9.990e-29
*END*
[from data line 801]
 254.778791      0.136   0.014804    16.5900    -1.8040      0.135     0.0141    -1.1426 -9.990e-29
 254.778796      0.132   0.014804    16.5938    -1.8031      0.131     0.0141    -1.1433 -9.990e-29
 254.778802      0.127   0.014804    16.5982    -1.8021      0.126     0.0141    -1.1440 -9.990e-29
 254.778808      0.123   0.014804    16.6055    -1.8012      0.122     0.0141    -1.1452 -9.990e-29
 254.778814      0.120   0.014804    16.6171    -1.8003      0.119     0.0141    -1.1472 -9.990e-29
 254.778819      0.119   0.014804    16.6310    -1.7996      0.118     0.0141    -1.1496 -9.990e-29
 254.778825      0.115   0.014804    16.6443    -1.7991      0.114     0.0141    -1.1518 -9.990e-29
 254.778831      0.108   0.014804    16.6554    -1.7982      0.107     0.0141    -1.1537 -9.990e-29
 254.778837      0.102   0.014804    16.6657    -1.7975      0.101     0.0141    -1.1555 -9.990e-29
 254.778843      0.096   0.014804    16.6800    -1.7972      0.095     0.0141    -1.1579 -9.990e-29
 254.778848      0.094   0.014804    16.7006    -1.7971      0.093     0.0141    -1.1614 -9.990e-29
 254.778854      0.101   0.014804    16.7247    -1.7974      0.100     0.0141    -1.1655 -9.990e-29
 254.778860      0.112   0.014804    16.7486    -1.7983      0.111     0.0141    -1.1696 -9.990e-29
 254.778866      0.120   0.014804    16.7708    -1.7988      0.119     0.0141    -1.1734 -9.990e-29
 254.778872      0.125   0.014804    16.7912    -1.7992      0.124     0.0141    -1.1769 -9.990e-29
 254.778877      0.131   0.014804    16.8105    -1.7997      0.130     0.0141    -1.1802 -9.990e-29
 254.778883      0.136   0.014804    16.8288    -1.7999      0.135     0.0141    -1.1833 -9.990e-29
 254.778889      0.134   0.014804    16.8436    -1.8001      0.133     0.0141    -1.1859 -9.990e-29
 254.778895      0.131   0.014804    16.8522    -1.8001      0.130     0.0141    -1.1873 -9.990e-29
 254.778900      0.129   0.014804    16.8531    -1.8002      0.128     0.0141    -1.1875 -9.990e-29
 254.778906      0.130   0.014804    16.8454    -1.8004      0.129     0.0141    -1.1862 -9.990e-29
 254.778912      0.132   0.014804    16.8316    -1.8004      0.131     0.0141    -1.1838 -9.990e-29
 254.778918      0.133   0.014804    16.8173    -1.8002      0.132     0.0141    -1.1813 -9.990e-29
 254.778924      0.131   0.014804    16.8052    -1.8001      0.130     0.0141    -1.1793 -9.990e-29
 254.778929      0.132   0.014804    16.7954    -1.8001      0.131     0.0141    -1.1776 -9.990e-29
 254.778935      0.135   0.014804    16.7882    -1.7999      0.134     0.0141    -1.1764 -9.990e-29
 254.778941      0.140   0.014804    16.7835    -1.7999      0.139     0.0141    -1.1755 -9.990e-29
 254.778947      0.144   0.014804    16.7803    -1.7998      0.143     0.0141    -1.1750 -9.990e-29
 254.778953      0.142   0.014804    16.7773    -1.8002      0.141     0.0141    -1.1745 -9.990e-29
 254.778958      0.139   0.014804    16.7748    -1.8006      0.138     0.0141    -1.1741 -9.990e-29
 254.778964      0.138   0.014804    16.7744    -1.8008      0.137     0.0141    -1.1740 -9.990e-29
 254.778970      0.136   0.014804    16.7762    -1.8009      0.135     0.0141    -1.1743 -9.990e-29
 254.778976      0.131   0.014804    16.7787    -1.8010      0.130     0.0141    -1.1747 -9.990e-29
 254.778981      0.129   0.014804    16.7809    -1.8009      0.128     0.0141    -1.1751 -9.990e-29
 254.778987      0.125   0.014804    16.7829    -1.8006      0.124     0.0141    -1.1754 -9.990e-29
 254.778993      0.118   0.014804    16.7840    -1.8005      0.117     0.0141    -1.1756 -9.990e-29
 254.778999      0.113   0.014804    16.7818    -1.8006      0.112     0.0141    -1.1753 -9.990e-29
 254.779005      0.108   0.014804    16.7756    -1.8009      0.107     0.0141    -1.1742 -9.990e-29
 254.779010      0.108   0.014804    16.7683    -1.8014      0.107     0.0141    -1.1729 -9.990e-29
 254.779016      0.113   0.014804    16.7628    -1.8016      0.112     0.0141    -1.1720 -9.990e-29
 254.779022      0.119   0.014804    16.7597    -1.8020      0.118     0.0141    -1.1715 -9.990e-29
 254.779028      0.127   0.014804    16.7589    -1.8026      0.126     0.0141    -1.1713 -9.990e-29
 254.779034      0.132   0.014804    16.7605    -1.8033      0.131     0.0141    -1.1716 -9.990e-29
 254.779039      0.131   0.014804    16.7632    -1.8037      0.130     0.0141    -1.1721 -9.990e-29
 254.779045      0.128   0.014804    16.7642    -1.8037      0.127     0.0141    -1.1722 -9.990e-29
 254.779051      0.127   0.014803    16.7614    -1.8035      0.126     0.0141    -1.1718 -9.990e-29
 254.779057      0.128   0.014803    16.7545    -1.8036      0.127     0.0141    -1.1706 -9.990e-29
 254.779063      0.130   0.014802    16.7455    -1.8037      0.129     0.0141    -1.1690 -9.990e-29
 254.779068      0.135   0.014802    16.7359    -1.8044      0.134     0.0141    -1.1674 -9.990e-29
 254.779074      0.142   0.014802    16.7245    -1.8054      0.141     0.0141    -1.1655 -9.990e-29
 254.779080      0.147   0.014801    16.7111    -1.8060      0.146     0.0141    -1.1632 -9.990e-29
 254.779086      0.151   0.014801    16.6982    -1.8065      0.150     0.0141    -1.1610 -9.990e-29
 254.779091      0.159   0.014800    16.6893    -1.8068      0.158     0.0141    -1.1595 -9.990e-29
 254.779097      0.166   0.014800    16.6855    -1.8071      0.165     0.0141    -1.1588 -9.990e-29
 254.779103      0.170   0.014800    16.6838    -1.8071      0.169     0.0141    -1.1585 -9.990e-29
 254.779109      0.169   0.014799    16.6804    -1.8067      0.168     0.0141    -1.1580 -9.990e-29
 254.779115      0.168   0.014799    16.6725    -1.8065      0.167     0.0141    -1.1566 -9.990e-29
 254.779120      0.172   0.014798    16.6581    -1.8062      0.171     0.0141    -1.1542 -9.990e-29
 254.779126      0.177   0.014798    16.6396    -1.8060      0.176     0.0141    -1.1510 -9.990e-29
 254.779132      0.178   0.014798    16.6225    -1.8058      0.177     0.0141    -1.1481 -9.990e-29
 254.779138      0.179   0.014797    16.6095    -1.8059      0.178     0.0141    -1.1459 -9.990e-29
 254.779144      0.186   0.014797    16.6004    -1.8058      0.184     0.0141    -1.1444 -9.990e-29
 254.779149      0.195   0.014796    16.5954    -1.8058      0.193     0.0141    -1.1435 -9.990e-29
 254.779155      0.200   0.014796    16.5954    -1.8057      0.198     0.0141    -1.1435 -9.990e-29
 254.779161      0.204   0.014796    16.5998    -1.8059      0.202     0.0141    -1.1443 -9.990e-29
 254.779167      0.207   0.014795    16.6059    -1.8063      0.205     0.0141    -1.1453 -9.990e-29
 254.779172      0.207   0.014795    16.6121    -1.8061      0.205     0.0141    -1.1464 -9.990e-29
 254.779178      0.206   0.014794    16.6175    -1.8058      0.204     0.0141    -1.1473 -9.990e-29
 254.779184      0.204   0.014794    16.6210    -1.8057      0.202     0.0141    -1.1479 -9.990e-29
 254.779190      0.199   0.014794    16.6226    -1.8058      0.197     0.0141    -1.1481 -9.990e-29
 254.779196      0.197   0.014793    16.6235    -1.8059      0.195     0.0141    -1.1483 -9.990e-29
 254.779201      0.201   0.014793    16.6242    -1.8062      0.199     0.0141    -1.1484 -9.990e-29
 254.779207      0.208   0.014792    16.6237    -1.8065      0.206     0.0141    -1.1483 -9.990e-29
 254.779213      0.213   0.014792    16.6212    -1.8067      0.211     0.0141    -1.1479 -9.990e-29
 254.779219      0.217   0.014791    16.6186    -1.8069      0.215     0.0141    -1.1475 -9.990e-29
 254.779225      0.219   0.014791    16.6195    -1.8073      0.217     0.0141    -1.1476 -9.990e-29
 254.779230      0.221   0.014791    16.6229    -1.8073      0.219     0.0141    -1.1482 -9.990e-29
 254.779236      0.223   0.014790    16.6249    -1.8072      0.221     0.0141    -1.1485 -9.990e-29
 254.779242      0.223   0.014790    16.6238    -1.8071      0.221     0.0141    -1.1483 -9.990e-29
 254.779248      0.224   0.014789    16.6197    -1.8069      0.222     0.0141    -1.1476 -9.990e-29
 254.779253      0.223   0.014789    16.6133    -1.8068      0.221     0.0141    -1.1466 -9.990e-29
 254.779259      0.222   0.014789    16.6064    -1.8067      0.220     0.0141    -1.1454 -9.990e-29
 254.779265      0.221   0.014788    16.6000    -1.8068      0.219     0.0141    -1.1443 -9.990e-29
 254.779271      0.218   0.014788    16.5938    -1.8070      0.216     0.0141    -1.1433 -9.990e-29
 254.779277      0.215   0.014787    16.5888    -1.8069      0.213     0.0141    -1.1424 -9.990e-29
 254.779282      0.211   0.014787    16.5869    -1.8068      0.209     0.0141    -1.1421 -9.990e-29
 254.779288      0.205   0.014787    16.5878    -1.8067      0.203     0.0141    -1.1423 -9.990e-29
 254.779294      0.198   0.014786    16.5903    -1.8070      0.196     0.0141    -1.1427 -9.990e-29
 254.779300      0.189   0.014786    16.5936    -1.8068      0.187     0.0141    -1.1432 -9.990e-29
 254.779306      0.181   0.014785    16.5964    -1.8066      0.179     0.0141    -1.1437 -9.990e-29
 254.779311      0.178   0.014785    16.5976    -1.8065      0.177     0.0141    -1.1439 -9.990e-29
 254.779317      0.181   0.014785    16.5969    -1.8064      0.179     0.0141    -1.1438 -9.990e-29
 254.779323      0.189   0.014784    16.5957    -1.8063      0.187     0.0141    -1.1436 -9.990e-29
 254.779329      0.199   0.014784    16.5959    -1.8062      0.197     0.0141    -1.1436 -9.990e-29
 254.779334      0.206   0.014783    16.5973    -1.8061      0.204     0.0141    -1.1439 -9.990e-29
 254.779340      0.212   0.014783    16.5978    -1.8063      0.210     0.0141    -1.1439 -9.990e-29
 254.779346      0.216   0.014783    16.5974    -1.8063      0.214     0.0141    -1.1439 -9.990e-29
 254.779352      0.220   0.014782    16.5990    -1.8061      0.218     0.0141    -1.1441 -9.990e-29
 254.779358      0.222   0.014782    16.6026    -1.8062      0.220     0.0141    -1.1448 -9.990e-29
 254.779363      0.224   0.014781    16.6061    -1.8061      0.222     0.0141    -1.1454 -9.990e-29
 254.779369      0.226   0.014781    16.6089    -1.8061      0.224     0.0141    -1.1458 -9.990e-29
 254.779375      0.227   0.014781    16.6110    -1.8061      0.225     0.0141    -1.1462 -9.990e-29
 254.779381      0.228   0.014780    16.6126    -1.8060      0.226     0.0141    -1.1465 -9.990e-29
 254.779387      0.228   0.014780    16.6134    -1.8061      0.226     0.0141    -1.1466 -9.990e-29
 254.779392      0.228   0.014779    16.6131    -1.8061      0.226     0.0141    -1.1465 -9.990e-29
 254.779398      0.228   0.014779    16.6132    -1.8065      0.226     0.0141    -1.1466 -9.990e-29
 254.779404      0.228   0.014779    16.6140    -1.8070      0.226     0.0141    -1.1467 -9.990e-29
 254.779410      0.227   0.014778    16.6147    -1.8075      0.225     0.0141    -1.1468 -9.990e-29
 254.779416      0.227   0.014778    16.6154    -1.8075      0.225     0.0141    -1.1469 -9.990e-29
 254.779421      0.226   0.014777    16.6161    -1.8073      0.224     0.0141    -1.1470 -9.990e-29
 254.779427      0.224   0.014777    16.6168    -1.8069      0.222     0.0141    -1.1472 -9.990e-29
 254.779433      0.222   0.014777    16.6171    -1.8068      0.220     0.0141    -1.1472 -9.990e-29
 254.779439      0.219   0.014776    16.6155    -1.8066      0.217     0.0141    -1.1469 -9.990e-29
 254.779444      0.216   0.014776    16.6109    -1.8068      0.214     0.0141    -1.1462 -9.990e-29
 254.779450      0.211   0.014775    16.6027    -1.8073      0.209     0.0140    -1.1448 -9.990e-29
 254.779456      0.205   0.014775    16.5929    -1.8082      0.203     0.0140    -1.1431 -9.990e-29
 254.779462      0.202   0.014775    16.5859    -1.8087      0.200     0.0140    -1.1419 -9.990e-29
 254.779468      0.205   0.014774    16.5844    -1.8092      0.203     0.0140    -1.1417 -9.990e-29
 254.779473      0.211   0.014774    16.5877    -1.8094      0.209     0.0140    -1.1422 -9.990e-29
 254.779479      0.216   0.014773    16.5928    -1.8094      0.214     0.0140    -1.1431 -9.990e-29
 254.779485      0.219   0.014773    16.5964    -1.8095      0.217     0.0140    -1.1437 -9.990e-29
 254.779491      0.222   0.014773    16.5962    -1.8095      0.220     0.0140    -1.1437 -9.990e-29
 254.779497      0.224   0.014772    16.5905    -1.8093      0.222     0.0140    -1.1427 -9.990e-29
 254.779502      0.226   0.014772    16.5787    -1.8091      0.224     0.0140    -1.1407 -9.990e-29
 254.779508      0.227   0.014771    16.5635    -1.8092      0.225     0.0140    -1.1382 -9.990e-29
 254.779514      0.228   0.014771    16.5489    -1.8092      0.226     0.0140    -1.1357 -9.990e-29
 254.779520      0.229   0.014770    16.5375    -1.8088      0.227     0.0140    -1.1338 -9.990e-29
 254.779525      0.230   0.014770    16.5308    -1.8087      0.228     0.0140    -1.1326 -9.990e-29
 254.779531      0.230   0.014770    16.5279    -1.8085      0.228     0.0140    -1.1322 -9.990e-29
 254.779537      0.231   0.014769    16.5267    -1.8084      0.229     0.0140    -1.1320 -9.990e-29
 254.779543      0.231   0.014769    16.5273    -1.8081      0.229     0.0140    -1.1321 -9.990e-29
 254.779549      0.231   0.014768    16.5297    -1.8080      0.229     0.0140    -1.1325 -9.990e-29
 254.779554      0.231   0.014768    16.5320    -1.8082      0.229     0.0140    -1.1328 -9.990e-29
 254.779560      0.232   0.014768    16.5334    -1.8080      0.230     0.0140    -1.1331 -9.990e-29
 254.779566      0.232   0.014767    16.5362    -1.8081      0.230     0.0140    -1.1336 -9.990e-29
 254.779572      0.232   0.014767    16.5410    -1.8088      0.230     0.0140    -1.1344 -9.990e-29
 254.779578      0.232   0.014766    16.5460    -1.8094      0.230     0.0140    -1.1352 -9.990e-29
 254.779583      0.232   0.014766    16.5507    -1.8097      0.230     0.0140    -1.1360 -9.990e-29
 254.779589      0.232   0.014766    16.5553    -1.8100      0.230     0.0140    -1.1368 -9.990e-29
 254.779595      0.232   0.014765    16.5594    -1.8103      0.230     0.0140    -1.1375 -9.990e-29
 254.779601      0.232   0.014765    16.5614    -1.8104      0.230     0.0140    -1.1378 -9.990e-29
 254.779606      0.232   0.014764    16.5613    -1.8103      0.230     0.0140    -1.1378 -9.990e-29
 254.779612      0.232   0.014764    16.5599    -1.8100      0.230     0.0140    -1.1375 -9.990e-29
 254.779618      0.232   0.014764    16.5544    -1.8096      0.230     0.0140    -1.1366 -9.990e-29
 254.779624      0.232   0.014763    16.5435    -1.8093      0.230     0.0140    -1.1348 -9.990e-29
 254.779630      0.232   0.014763    16.5312    -1.8089      0.230     0.0140    -1.1327 -9.990e-29
 254.779635      0.232   0.014762    16.5209    -1.8084      0.230     0.0140    -1.1310 -9.990e-29
 254.779641      0.232   0.014762    16.5127    -1.8080      0.230     0.0140    -1.1296 -9.990e-29
 254.779647      0.232   0.014762    16.5068    -1.8076      0.230     0.0140    -1.1286 -9.990e-29
 254.779653      0.232   0.014761    16.5048    -1.8069      0.230     0.0140    -1.1283 -9.990e-29
 254.779659      0.231   0.014761    16.5074    -1.8057      0.229     0.0140    -1.1287 -9.990e-29
 254.779664      0.231   0.014760    16.5138    -1.8045      0.229     0.0140    -1.1298 -9.990e-29
 254.779670      0.231   0.014760    16.5223    -1.8033      0.229     0.0140    -1.1312 -9.990e-29
 254.779676      0.231   0.014760    16.5320    -1.8022      0.229     0.0140    -1.1328 -9.990e-29
 254.779682      0.230   0.014759    16.5427    -1.8010      0.228     0.0140    -1.1347 -9.990e-29
 254.779687      0.230   0.014759    16.5543    -1.7999      0.228     0.0140    -1.1366 -9.990e-29
 254.779693      0.229   0.014758    16.5672    -1.7983      0.227     0.0140    -1.1388 -9.990e-29
 254.779699      0.228   0.014758    16.5827    -1.7973      0.226     0.0140    -1.1414 -9.990e-29
 254.779705      0.227   0.014758    16.6036    -1.7969      0.225     0.0140    -1.1449 -9.990e-29
