data/oxygen options/ONMS/Olympic_Coast_National_Marine_Sanctuary_CTD_Data_2005_2023/raw_data/2020/CAST_TH015_200804faed.cnv
* Sea-Bird SBE 19 Data File:
* FileName = C:\2020 Mooring Data\Casts\CAST_TH015_200804.hex
* Software Version SeatermAF 2.1.2
* Temperature SN = 2997
* Conductivity SN = 2997
* System UpLoad Time = Aug 04 2020 02:41:50 (localtime) = Aug 04 2020 02:41:50 (UTC)
* ds
* SEACAT PROFILER V3.1c SN 2997   08/04/20  02:41:07.381
# nquan = 9                                 
# nvalues = 796                         
# units = specified
# name 0 = timeJ: Julian Days
# name 1 = prSM: Pressure, Strain Gauge [db]
# name 2 = c0mS/cm: Conductivity [mS/cm]
# name 3 = t090C: Temperature [ITS-90, deg C]
# name 4 = sbeox0ML/L: Oxygen, SBE 43 [ml/l]
# name 5 = depSM: Depth [salt water, m], lat = 47.5
# name 6 = sal00: Salinity, Practical [PSU]
# name 7 = sigma-é00: Density [sigma-theta, kg/m^3]
# name 8 = flag: flag
# span 0 = 217.106493, 217.111094       
# span 1 =     -5.665,     16.162       
# span 2 =   0.307205,  39.059429       
# span 3 =     7.8419,    17.9126       
# span 4 =    -1.7837,    20.1490       
# span 5 =     -5.618,     16.026       
# span 6 =     0.1722,    33.5040       
# span 7 =    -1.2543,    26.1159       
# span 8 = 0.0000e+00, 0.0000e+00       
# interval = seconds: 0.5
# start_time = Aug 04 2020 02:33:21 [Instrument's time stamp, header]
# bad_flag = -9.990e-29
*END*
 217.106493     -5.665 -9.990e-29    17.2453    -1.7770     -5.618 -9.990e-29 -9.990e-29 -9.990e-29
 217.106499     -5.657   0.308849    17.2500    -1.7763     -5.610     0.1753    -1.1326 -9.990e-29
 217.106505     -5.646   0.308849    17.2576    -1.7756     -5.599     0.1752    -1.1340 -9.990e-29
 217.106510     -5.631   0.308849    17.2667    -1.7751     -5.584     0.1752    -1.1356 -9.990e-29
 217.106516     -5.613   0.308849    17.2761    -1.7748     -5.566     0.1752    -1.1373 -9.990e-29
 217.106522     -5.594   0.308849    17.2857    -1.7748     -5.547     0.1751    -1.1390 -9.990e-29
 217.106528     -5.577   0.308849    17.2964    -1.7746     -5.531     0.1751    -1.1410 -9.990e-29
 217.106534     -5.557   0.308849    17.3095    -1.7745     -5.511     0.1750    -1.1433 -9.990e-29
 217.106539     -5.532   0.308849    17.3247    -1.7744     -5.486     0.1750    -1.1461 -9.990e-29
 217.106545     -5.506   0.308848    17.3415    -1.7743     -5.460     0.1749    -1.1491 -9.990e-29
 217.106551     -5.476   0.308848    17.3592    -1.7741     -5.430     0.1748    -1.1523 -9.990e-29
 217.106557     -5.445   0.308848    17.3760    -1.7744     -5.400     0.1748    -1.1554 -9.990e-29
 217.106563     -5.415   0.308848    17.3893    -1.7745     -5.370     0.1747    -1.1578 -9.990e-29
 217.106568     -5.384   0.308848    17.3979    -1.7742     -5.339     0.1747    -1.1593 -9.990e-29
 217.106574     -5.351   0.308848    17.4036    -1.7739     -5.306     0.1747    -1.1604 -9.990e-29
 217.106580     -5.313   0.308848    17.4085    -1.7735     -5.269     0.1746    -1.1613 -9.990e-29
 217.106586     -5.272   0.308848    17.4126    -1.7731     -5.228     0.1746    -1.1620 -9.990e-29
 217.106591     -5.235   0.308848    17.4159    -1.7727     -5.191     0.1746    -1.1626 -9.990e-29
 217.106597     -5.202   0.308847    17.4187    -1.7726     -5.159     0.1746    -1.1631 -9.990e-29
 217.106603     -5.173   0.308847    17.4199    -1.7726     -5.130     0.1746    -1.1633 -9.990e-29
 217.106609     -5.144   0.308847    17.4190    -1.7730     -5.101     0.1746    -1.1632 -9.990e-29
 217.106615     -5.115   0.308847    17.4195    -1.7729     -5.072     0.1746    -1.1633 -9.990e-29
 217.106620     -5.083   0.308847    17.4244    -1.7731     -5.041     0.1746    -1.1642 -9.990e-29
 217.106626     -5.046   0.308847    17.4329    -1.7730     -5.004     0.1746    -1.1657 -9.990e-29
 217.106632     -5.007   0.308847    17.4431    -1.7734     -4.965     0.1745    -1.1676 -9.990e-29
 217.106638     -4.971   0.308847    17.4533    -1.7735     -4.930     0.1745    -1.1694 -9.990e-29
 217.106644     -4.940   0.308847    17.4611    -1.7732     -4.899     0.1744    -1.1708 -9.990e-29
 217.106649     -4.913   0.308847    17.4648    -1.7729     -4.872     0.1744    -1.1715 -9.990e-29
 217.106655     -4.887   0.308846    17.4639    -1.7728     -4.846     0.1744    -1.1713 -9.990e-29
 217.106661     -4.861   0.308846    17.4609    -1.7726     -4.820     0.1744    -1.1708 -9.990e-29
 217.106667     -4.834   0.308846    17.4585    -1.7725     -4.794     0.1744    -1.1704 -9.990e-29
 217.106672     -4.803   0.308846    17.4567    -1.7724     -4.763     0.1745    -1.1700 -9.990e-29
 217.106678     -4.772   0.308846    17.4541    -1.7719     -4.732     0.1745    -1.1696 -9.990e-29
 217.106684     -4.741   0.308845    17.4507    -1.7718     -4.701     0.1745    -1.1689 -9.990e-29
 217.106690     -4.710   0.308844    17.4499    -1.7718     -4.671     0.1745    -1.1688 -9.990e-29
 217.106696     -4.680   0.308841    17.4536    -1.7716     -4.641     0.1745    -1.1695 -9.990e-29
 217.106701     -4.655   0.308832    17.4592    -1.7714     -4.616     0.1744    -1.1705 -9.990e-29
 217.106707     -4.632   0.308805    17.4644    -1.7712     -4.593     0.1744    -1.1714 -9.990e-29
 217.106713     -4.609   0.308722    17.4693    -1.7709     -4.571     0.1743    -1.1724 -9.990e-29
 217.106719     -4.587   0.308476    17.4743    -1.7707     -4.549     0.1742    -1.1734 -9.990e-29
 217.106725     -4.562   0.308291    17.4800    -1.7704     -4.524     0.1740    -1.1745 -9.990e-29
 217.106730     -4.534   0.308476    17.4866    -1.7701     -4.496     0.1741    -1.1756 -9.990e-29
 217.106736     -4.500   0.308722    17.4922    -1.7698     -4.462     0.1742    -1.1766 -9.990e-29
 217.106742     -4.464   0.308804    17.4963    -1.7696     -4.427     0.1743    -1.1773 -9.990e-29
 217.106748     -4.430   0.308831    17.5010    -1.7690     -4.393     0.1743    -1.1781 -9.990e-29
 217.106753     -4.402   0.308840    17.5067    -1.7681     -4.365     0.1743    -1.1792 -9.990e-29
 217.106759     -4.377   0.308843    17.5130    -1.7678     -4.341     0.1742    -1.1803 -9.990e-29
 217.106765     -4.354   0.308844    17.5199    -1.7674     -4.318     0.1742    -1.1816 -9.990e-29
 217.106771     -4.332   0.308844    17.5271    -1.7670     -4.296     0.1742    -1.1829 -9.990e-29
 217.106777     -4.308   0.308844    17.5351    -1.7664     -4.272     0.1741    -1.1843 -9.990e-29
 217.106782     -4.282   0.308843    17.5439    -1.7656     -4.246     0.1741    -1.1860 -9.990e-29
 217.106788     -4.252   0.308842    17.5535    -1.7650     -4.217     0.1741    -1.1877 -9.990e-29
 217.106794     -4.220   0.308839    17.5648    -1.7643     -4.185     0.1740    -1.1898 -9.990e-29
 217.106800     -4.193   0.308830    17.5795    -1.7638     -4.158     0.1740    -1.1925 -9.990e-29
 217.106806     -4.172   0.308803    17.5957    -1.7632     -4.137     0.1739    -1.1955 -9.990e-29
 217.106811     -4.154   0.308721    17.6102    -1.7625     -4.119     0.1738    -1.1982 -9.990e-29
 217.106817     -4.132   0.308475    17.6234    -1.7619     -4.098     0.1736    -1.2007 -9.990e-29
 217.106823     -4.108   0.308290    17.6377    -1.7615     -4.074     0.1734    -1.2034 -9.990e-29
 217.106829     -4.087   0.308474    17.6542    -1.7609     -4.053     0.1735    -1.2064 -9.990e-29
 217.106834     -4.066   0.308720    17.6727    -1.7601     -4.032     0.1735    -1.2097 -9.990e-29
 217.106840     -4.045   0.308802    17.6918    -1.7594     -4.011     0.1735    -1.2132 -9.990e-29
 217.106846     -4.021   0.308829    17.7102    -1.7589     -3.987     0.1735    -1.2166 -9.990e-29
 217.106852     -3.993   0.308838    17.7273    -1.7585     -3.960     0.1734    -1.2197 -9.990e-29
 217.106858     -3.965   0.308841    17.7446    -1.7584     -3.932     0.1733    -1.2229 -9.990e-29
 217.106863     -3.937   0.308842    17.7626    -1.7588     -3.904     0.1733    -1.2263 -9.990e-29
 217.106869     -3.909   0.308842    17.7799    -1.7599     -3.876     0.1732    -1.2295 -9.990e-29
 217.106875     -3.884   0.308841    17.7963    -1.7609     -3.852     0.1731    -1.2325 -9.990e-29
 217.106881     -3.863   0.308837    17.8138    -1.7610     -3.831     0.1731    -1.2358 -9.990e-29
 217.106887     -3.845   0.308828    17.8322    -1.7609     -3.813     0.1730    -1.2392 -9.990e-29
 217.106892     -3.830   0.308801    17.8496    -1.7612     -3.798     0.1729    -1.2425 -9.990e-29
 217.106898     -3.816   0.308719    17.8634    -1.7611     -3.784     0.1728    -1.2451 -9.990e-29
 217.106904     -3.802   0.308473    17.8716    -1.7610     -3.770     0.1726    -1.2467 -9.990e-29
 217.106910     -3.788   0.308288    17.8715    -1.7607     -3.756     0.1725    -1.2468 -9.990e-29
 217.106916     -3.773   0.308473    17.8606    -1.7604     -3.742     0.1727    -1.2447 -9.990e-29
 217.106921     -3.755   0.308719    17.8415    -1.7600     -3.724     0.1729    -1.2410 -9.990e-29
 217.106927     -3.735   0.308801    17.8238    -1.7596     -3.704     0.1730    -1.2377 -9.990e-29
 217.106933     -3.709   0.308828    17.8142    -1.7594     -3.678     0.1731    -1.2359 -9.990e-29
 217.106939     -3.681   0.308837    17.8103    -1.7590     -3.650     0.1731    -1.2352 -9.990e-29
 217.106944     -3.658   0.308840    17.8083    -1.7587     -3.628     0.1731    -1.2348 -9.990e-29
 217.106950     -3.643   0.308841    17.8088    -1.7586     -3.613     0.1731    -1.2349 -9.990e-29
 217.106956     -3.630   0.308841    17.8128    -1.7583     -3.600     0.1731    -1.2356 -9.990e-29
 217.106962     -3.614   0.308841    17.8197    -1.7577     -3.584     0.1730    -1.2369 -9.990e-29
 217.106968     -3.598   0.308841    17.8286    -1.7574     -3.568     0.1730    -1.2386 -9.990e-29
 217.106973     -3.587   0.308841    17.8384    -1.7573     -3.557     0.1730    -1.2404 -9.990e-29
 217.106979     -3.578   0.308841    17.8482    -1.7574     -3.548     0.1729    -1.2422 -9.990e-29
 217.106985     -3.567   0.308841    17.8573    -1.7577     -3.537     0.1729    -1.2439 -9.990e-29
 217.106991     -3.549   0.308840    17.8661    -1.7581     -3.519     0.1729    -1.2456 -9.990e-29
 217.106997     -3.528   0.308840    17.8743    -1.7587     -3.499     0.1728    -1.2471 -9.990e-29
 217.107002     -3.506   0.308839    17.8823    -1.7592     -3.477     0.1728    -1.2486 -9.990e-29
 217.107008     -3.482   0.308838    17.8918    -1.7598     -3.453     0.1728    -1.2504 -9.990e-29
 217.107014     -3.459   0.308834    17.9019    -1.7599     -3.430     0.1727    -1.2522 -9.990e-29
 217.107020     -3.439   0.308822    17.9095    -1.7597     -3.410     0.1727    -1.2537 -9.990e-29
 217.107025     -3.417   0.308785    17.9126    -1.7598     -3.389     0.1727    -1.2543 -9.990e-29
 217.107031     -3.391   0.308676    17.9102    -1.7598     -3.363     0.1726    -1.2539 -9.990e-29
 217.107037     -3.369   0.308347    17.9028    -1.7603     -3.341     0.1724    -1.2526 -9.990e-29
 217.107043     -3.353   0.307916    17.8917    -1.7606     -3.325     0.1722    -1.2507 -9.990e-29
 217.107049     -3.338   0.307916    17.8783    -1.7609     -3.310     0.1723    -1.2482 -9.990e-29
 217.107054     -3.319   0.308347    17.8647    -1.7612     -3.291     0.1726    -1.2455 -9.990e-29
 217.107060     -3.298   0.308675    17.8538    -1.7613     -3.271     0.1728    -1.2433 -9.990e-29
 217.107066     -3.280   0.308785    17.8483    -1.7615     -3.253     0.1729    -1.2422 -9.990e-29
 217.107072     -3.262   0.308821    17.8464    -1.7624     -3.235     0.1729    -1.2419 -9.990e-29
 217.107078     -3.243   0.308833    17.8445    -1.7631     -3.216     0.1729    -1.2415 -9.990e-29
 217.107083     -3.223   0.308837    17.8399    -1.7646     -3.196     0.1730    -1.2407 -9.990e-29
 217.107089     -3.199   0.308838    17.8324    -1.7661     -3.172     0.1730    -1.2393 -9.990e-29
 217.107095     -3.172   0.308837    17.8240    -1.7667     -3.146     0.1730    -1.2377 -9.990e-29
 217.107101     -3.142   0.308832    17.8159    -1.7667     -3.116     0.1730    -1.2362 -9.990e-29
 217.107106     -3.117   0.308818    17.8081    -1.7667     -3.091     0.1731    -1.2347 -9.990e-29
 217.107112     -3.099   0.308778    17.8000    -1.7669     -3.073     0.1731    -1.2332 -9.990e-29
 217.107118     -3.083   0.308659    17.7879    -1.7670     -3.057     0.1731    -1.2310 -9.990e-29
 217.107124     -3.064   0.308300    17.7688    -1.7671     -3.038     0.1729    -1.2277 -9.990e-29
 217.107130     -3.045   0.307778    17.7427    -1.7670     -3.020     0.1727    -1.2230 -9.990e-29
 217.107135     -3.028   0.307505    17.7108    -1.7671     -3.003     0.1727    -1.2173 -9.990e-29
 217.107141     -3.013   0.307669    17.6807    -1.7673     -2.988     0.1729    -1.2116 -9.990e-29
 217.107147     -2.999   0.307936    17.6612    -1.7677     -2.974     0.1731    -1.2079 -9.990e-29
 217.107153     -2.985   0.308106    17.6521    -1.7681     -2.960     0.1733    -1.2061 -9.990e-29
 217.107159     -2.970   0.308409    17.6477    -1.7685     -2.945     0.1735    -1.2052 -9.990e-29
 217.107164     -2.953   0.308695    17.6445    -1.7689     -2.928     0.1736    -1.2045 -9.990e-29
 217.107170     -2.933   0.308790    17.6421    -1.7695     -2.909     0.1737    -1.2040 -9.990e-29
 217.107176     -2.908   0.308821    17.6404    -1.7706     -2.884     0.1737    -1.2037 -9.990e-29
 217.107182     -2.882   0.308831    17.6386    -1.7717     -2.858     0.1737    -1.2033 -9.990e-29
 217.107188     -2.857   0.308832    17.6357    -1.7730     -2.833     0.1737    -1.2028 -9.990e-29
 217.107193     -2.831   0.308827    17.6299    -1.7742     -2.807     0.1738    -1.2017 -9.990e-29
 217.107199     -2.808   0.308807    17.6208    -1.7749     -2.785     0.1738    -1.2001 -9.990e-29
 217.107205     -2.789   0.308748    17.6099    -1.7750     -2.766     0.1738    -1.1981 -9.990e-29
 217.107211     -2.774   0.308570    17.5979    -1.7749     -2.751     0.1737    -1.1960 -9.990e-29
 217.107216     -2.761   0.308221    17.5832    -1.7749     -2.738     0.1736    -1.1934 -9.990e-29
 217.107222     -2.751   0.307790    17.5630    -1.7752     -2.728     0.1734    -1.1899 -9.990e-29
 217.107228     -2.742   0.307442    17.5364    -1.7756     -2.719     0.1733    -1.1852 -9.990e-29
 217.107234     -2.733   0.307266    17.5057    -1.7758     -2.710     0.1734    -1.1796 -9.990e-29
 217.107240     -2.724   0.307211    17.4742    -1.7757     -2.701     0.1734    -1.1739 -9.990e-29
 217.107245     -2.715   0.307205    17.4468    -1.7753     -2.692     0.1736    -1.1689 -9.990e-29
 217.107251     -2.705   0.307239    17.4285    -1.7748     -2.682     0.1736    -1.1656 -9.990e-29
 217.107257     -2.693   0.307359    17.4195    -1.7746     -2.671     0.1737    -1.1639 -9.990e-29
 217.107263     -2.678   0.307728    17.4161    -1.7750     -2.656     0.1740    -1.1631 -9.990e-29
 217.107269     -2.661   0.308282    17.4130    -1.7761     -2.639     0.1743    -1.1623 -9.990e-29
 217.107274     -2.638   0.308654    17.4076    -1.7725     -2.616     0.1745    -1.1611 -9.990e-29
 217.107280     -2.614   0.308786    17.4016    -1.7685     -2.592     0.1746    -1.1600 -9.990e-29
 217.107286     -2.591   0.308854    17.3988    -1.7694     -2.569     0.1747    -1.1594 -9.990e-29
 217.107292     -2.568   0.308951    17.4013    -1.7686     -2.547     0.1747    -1.1599 -9.990e-29
 217.107297     -2.547   0.309206    17.4082    -1.7667     -2.526     0.1748    -1.1610 -9.990e-29
 217.107303     -2.531   0.309958    17.4152    -1.7674     -2.510     0.1752    -1.1619 -9.990e-29
 217.107309     -2.520   0.312212    17.4163    -1.7685     -2.499     0.1765    -1.1611 -9.990e-29
 217.107315     -2.513   0.318974    17.4075    -1.7696     -2.492     0.1804    -1.1566 -9.990e-29
 217.107321     -2.508   0.339260    17.3933    -1.7707     -2.487     0.1921    -1.1450 -9.990e-29
 217.107326     -2.507   0.400119    17.3822    -1.7716     -2.486     0.2273    -1.1159 -9.990e-29
 217.107332     -2.508   0.582142    17.3763    -1.7723     -2.487     0.3341    -1.0328 -9.990e-29
 217.107338     -2.509   0.919220    17.3722    -1.7723     -2.488     0.5362    -0.8766 -9.990e-29
 217.107344     -2.503   1.249237    17.3690    -1.7721     -2.482     0.7384    -0.7208 -9.990e-29
 217.107350     -2.496   1.443793    17.3663    -1.7720     -2.475     0.8592    -0.6276 -9.990e-29
 217.107355     -2.487   1.578888    17.3607    -1.7719     -2.466     0.9438    -0.5617 -9.990e-29
 217.107361     -2.471   1.680564    17.3485    -1.7718     -2.450     1.0079    -0.5103 -9.990e-29
 217.107367     -2.451   1.695937    17.3300    -1.7716     -2.431     1.0181    -0.4992 -9.990e-29
 217.107373     -2.434   1.654931    17.3075    -1.7713     -2.414     0.9928    -0.5146 -9.990e-29
 217.107378     -2.424   1.612624    17.2858    -1.7710     -2.404     0.9667    -0.5307 -9.990e-29
 217.107384     -2.417   1.588541    17.2715    -1.7711     -2.397     0.9519    -0.5395 -9.990e-29
 217.107390     -2.406   1.582167    17.2685    -1.7712     -2.386     0.9479    -0.5420 -9.990e-29
 217.107396     -2.392   1.578350    17.2737    -1.7712     -2.372     0.9454    -0.5449 -9.990e-29
 217.107402     -2.373   1.563688    17.2815    -1.7709     -2.353     0.9360    -0.5535 -9.990e-29
 217.107407     -2.353   1.539141    17.2890    -1.7711     -2.333     0.9205    -0.5667 -9.990e-29
 217.107413     -2.335   1.512438    17.2964    -1.7710     -2.316     0.9036    -0.5810 -9.990e-29
