data/oxygen options/ONMS/Olympic_Coast_National_Marine_Sanctuary_CTD_Data_2005_2023/raw_data/2020/CAST_KL027_200911faed.cnv
* Sea-Bird SBE 19 Data File:
* FileName = C:\2020 Mooring Data\Casts\CAST_KL027_200911.hex
* Software Version SeatermAF 2.1.2
* Temperature SN = 2997
* Conductivity SN = 2997
* System UpLoad Time = Sep 11 2020 21:06:36 (localtime) = Sep 11 2020 21:06:36 (UTC)
** CAST_KL027_200911
* ds
# nquan = 9                                 
# nvalues = 874                         
# units = specified
# name 0 = timeJ: Julian Days
# name 1 = prSM: Pressure, Strain Gauge [db]
# name 2 = c0mS/cm: Conductivity [mS/cm]
# name 3 = t090C: Temperature [ITS-90, deg C]
# name 4 = sbeox0ML/L: Oxygen, SBE 43 [ml/l]
# name 5 = depSM: Depth [salt water, m], lat = 47.5
# name 6 = sal00: Salinity, Practical [PSU]
# name 7 = sigma-é00: Density [sigma-theta, kg/m^3]
# name 8 = flag: flag
# span 0 = 255.847813, 255.852865       
# span 1 =     -5.101,     27.667       
# span 2 =   0.377671,  38.109949       
# span 3 =     8.1450,    13.9785       
# span 4 =    -1.9139,    19.2586       
# span 5 =     -5.058,     27.434       
# span 6 =     0.2326,    33.5546       
# span 7 =    -0.5668,    26.1172       
# span 8 = 0.0000e+00, 0.0000e+00       
# interval = seconds: 0.5
# start_time = Sep 11 2020 20:20:51 [Instrument's time stamp, header]
# bad_flag = -9.990e-29
*END*
[from data line 321]
 255.849670     -0.574   0.383107    13.9699    -1.9077     -0.569     0.2358    -0.5664 -9.990e-29
 255.849676     -0.574   0.382738    13.9676    -1.9077     -0.569     0.2355    -0.5663 -9.990e-29
 255.849682     -0.573   0.382614    13.9661    -1.9077     -0.568     0.2355    -0.5661 -9.990e-29
 255.849687     -0.572   0.382569    13.9653    -1.9076     -0.567     0.2355    -0.5660 -9.990e-29
 255.849693     -0.571   0.382543    13.9651    -1.9077     -0.566     0.2354    -0.5660 -9.990e-29
 255.849699     -0.570   0.382500    13.9651    -1.9076     -0.565     0.2354    -0.5660 -9.990e-29
 255.849705     -0.568   0.382380    13.9640    -1.9076     -0.563     0.2353    -0.5659 -9.990e-29
 255.849711     -0.566   0.382024    13.9613    -1.9077     -0.561     0.2351    -0.5657 -9.990e-29
 255.849716     -0.563   0.381511    13.9583    -1.9076     -0.558     0.2348    -0.5655 -9.990e-29
 255.849722     -0.559   0.381264    13.9568    -1.9076     -0.554     0.2347    -0.5655 -9.990e-29
 255.849728     -0.554   0.381507    13.9565    -1.9077     -0.549     0.2348    -0.5653 -9.990e-29
 255.849734     -0.548   0.382007    13.9568    -1.9076     -0.543     0.2351    -0.5651 -9.990e-29
 255.849740     -0.540   0.382322    13.9576    -1.9075     -0.535     0.2353    -0.5650 -9.990e-29
 255.849745     -0.530   0.382318    13.9583    -1.9076     -0.526     0.2353    -0.5652 -9.990e-29
 255.849751     -0.521   0.381989    13.9586    -1.9075     -0.517     0.2351    -0.5654 -9.990e-29
 255.849757     -0.518   0.381448    13.9585    -1.9076     -0.514     0.2348    -0.5656 -9.990e-29
 255.849763     -0.514   0.381083    13.9582    -1.9076     -0.510     0.2346    -0.5657 -9.990e-29
 255.849769     -0.512   0.380961    13.9580    -1.9076     -0.508     0.2345    -0.5658 -9.990e-29
 255.849774     -0.513   0.380917    13.9578    -1.9076     -0.509     0.2345    -0.5658 -9.990e-29
 255.849780     -0.515   0.380890    13.9579    -1.9077     -0.511     0.2344    -0.5658 -9.990e-29
 255.849786     -0.513   0.380845    13.9589    -1.9079     -0.509     0.2344    -0.5660 -9.990e-29
 255.849792     -0.507   0.380721    13.9601    -1.9080     -0.503     0.2343    -0.5662 -9.990e-29
 255.849797     -0.497   0.380352    13.9606    -1.9082     -0.493     0.2341    -0.5664 -9.990e-29
 255.849803     -0.486   0.379799    13.9605    -1.9083     -0.482     0.2337    -0.5667 -9.990e-29
 255.849809     -0.478   0.379430    13.9601    -1.9085     -0.474     0.2335    -0.5668 -9.990e-29
 255.849815     -0.472   0.379307    13.9596    -1.9087     -0.468     0.2334    -0.5668 -9.990e-29
 255.849821     -0.468   0.379267    13.9592    -1.9088     -0.464     0.2334    -0.5668 -9.990e-29
 255.849826     -0.461   0.379254    13.9586    -1.9088     -0.457     0.2334    -0.5667 -9.990e-29
 255.849832     -0.447   0.379250    13.9569    -1.9088     -0.443     0.2334    -0.5665 -9.990e-29
 255.849838     -0.429   0.379249    13.9539    -1.9088     -0.425     0.2334    -0.5660 -9.990e-29
 255.849844     -0.415   0.379249    13.9501    -1.9089     -0.412     0.2334    -0.5655 -9.990e-29
 255.849850     -0.403   0.379249    13.9463    -1.9089     -0.400     0.2335    -0.5649 -9.990e-29
 255.849855     -0.389   0.379250    13.9428    -1.9091     -0.386     0.2335    -0.5644 -9.990e-29
 255.849861     -0.376   0.379251    13.9394    -1.9092     -0.373     0.2335    -0.5639 -9.990e-29
 255.849867     -0.368   0.379251    13.9363    -1.9093     -0.365     0.2335    -0.5635 -9.990e-29
 255.849873     -0.363   0.379250    13.9342    -1.9093     -0.360     0.2335    -0.5632 -9.990e-29
 255.849878     -0.361   0.379246    13.9328    -1.9096     -0.358     0.2335    -0.5630 -9.990e-29
 255.849884     -0.364   0.379233    13.9316    -1.9098     -0.361     0.2335    -0.5628 -9.990e-29
 255.849890     -0.369   0.379192    13.9304    -1.9101     -0.366     0.2335    -0.5627 -9.990e-29
 255.849896     -0.375   0.379070    13.9293    -1.9104     -0.372     0.2335    -0.5626 -9.990e-29
 255.849902     -0.376   0.378702    13.9277    -1.9106     -0.373     0.2332    -0.5625 -9.990e-29
 255.849907     -0.373   0.378150    13.9253    -1.9109     -0.370     0.2329    -0.5625 -9.990e-29
 255.849913     -0.365   0.377785    13.9225    -1.9112     -0.362     0.2327    -0.5622 -9.990e-29
 255.849919     -0.358   0.377675    13.9197    -1.9113     -0.355     0.2326    -0.5619 -9.990e-29
 255.849925     -0.353   0.377671    13.9163    -1.9115     -0.350     0.2326    -0.5614 -9.990e-29
 255.849931     -0.347   0.377769    13.9119    -1.8300     -0.344     0.2327    -0.5607 -9.990e-29
 255.849936     -0.335   0.378098    13.9065    -1.5888     -0.332     0.2330    -0.5598 -9.990e-29
 255.849942     -0.320   0.379097    13.9004    -1.6079     -0.317     0.2336    -0.5584 -9.990e-29
 255.849948     -0.306   0.381542    13.8941    -1.6129     -0.303     0.2352    -0.5563 -9.990e-29
 255.849954     -0.292   0.387585    13.8874    -1.6143     -0.290     0.2391    -0.5524 -9.990e-29
 255.849959     -0.277   0.404729    13.8788    -1.6143     -0.275     0.2500    -0.5427 -9.990e-29
 255.849965     -0.260   0.456387    13.8657    -1.6140     -0.258     0.2829    -0.5153 -9.990e-29
 255.849971     -0.241   0.612545    13.8387    -1.6137     -0.239     0.3837    -0.4334 -9.990e-29
 255.849977     -0.217   1.081966    13.7673    -1.6149     -0.215     0.6946    -0.1823 -9.990e-29
 255.849983     -0.187   2.490545    13.5637    -1.6159     -0.185     1.6761     0.6061 -9.990e-29
 255.849988     -0.149   6.715834    13.1812    -1.6155     -0.148     4.8621     3.1199 -9.990e-29
 255.849994     -0.102  16.187867    12.7687    -1.6154     -0.101    12.6931     9.2142 -9.990e-29
 255.850000     -0.042  27.695061    12.4962    -1.6147     -0.042    22.9879    17.1966 -9.990e-29
 255.850006      0.035  34.599202    12.3639    -1.6141      0.035    29.4965    22.2525 -9.990e-29
 255.850012      0.126  36.871267    12.3110    -1.6140      0.125    31.6996    23.9691 -9.990e-29
 255.850017      0.213  37.648316    12.3015    -1.6138      0.211    32.4520    24.5541 -9.990e-29
 255.850023      0.287  37.920989    12.3022    -1.6139      0.285    32.7131    24.7565 -9.990e-29
 255.850029      0.348  37.994540    12.2904    -1.6144      0.345    32.7940    24.8215 -9.990e-29
 255.850035      0.398  37.990609    12.2744    -1.6149      0.395    32.8043    24.8325 -9.990e-29
 255.850041      0.447  37.975749    12.2715    -1.6148      0.443    32.7925    24.8239 -9.990e-29
 255.850046      0.496  37.972780    12.2813    -1.6150      0.492    32.7810    24.8132 -9.990e-29
 255.850052      0.536  37.974390    12.2939    -1.6149      0.532    32.7715    24.8034 -9.990e-29
 255.850058      0.562  37.973765    12.3013    -1.6144      0.557    32.7644    24.7965 -9.990e-29
 255.850064      0.574  37.981307    12.3018    -1.6144      0.569    32.7713    24.8017 -9.990e-29
 255.850069      0.577  38.000362    12.3004    -1.6149      0.572    32.7908    24.8171 -9.990e-29
 255.850075      0.582  38.021584    12.2985    -1.6146      0.577    32.8128    24.8346 -9.990e-29
 255.850081      0.591  38.032912    12.2934    -1.6151      0.586    32.8282    24.8474 -9.990e-29
 255.850087      0.607  38.028155    12.2880    -1.6157      0.602    32.8283    24.8486 -9.990e-29
 255.850093      0.624  38.015566    12.2861    -1.6155      0.619    32.8179    24.8408 -9.990e-29
 255.850098      0.637  38.004167    12.2885    -1.6157      0.632    32.8048    24.8303 -9.990e-29
 255.850104      0.641  37.995037    12.2945    -1.6155      0.636    32.7908    24.8182 -9.990e-29
 255.850110      0.642  37.984427    12.2978    -1.6153      0.637    32.7777    24.8075 -9.990e-29
 255.850116      0.646  37.976153    12.2919    -1.6143      0.641    32.7749    24.8064 -9.990e-29
 255.850122      0.656  37.981071    12.2794    -1.6134      0.651    32.7906    24.8209 -9.990e-29
 255.850127      0.663  37.997902    12.2688    -1.6137      0.657    32.8161    24.8427 -9.990e-29
 255.850133      0.667  38.019381    12.2645    -1.6140      0.661    32.8405    24.8625 -9.990e-29
 255.850139      0.673  38.032103    12.2643    -1.6154      0.667    32.8529    24.8721 -9.990e-29
 255.850145      0.678  38.019396    12.2647    -1.6159      0.672    32.8403    24.8623 -9.990e-29
 255.850150      0.676  37.994616    12.2645    -1.6160      0.670    32.8167    24.8440 -9.990e-29
 255.850156      0.669  37.981934    12.2638    -1.6160      0.663    32.8051    24.8351 -9.990e-29
 255.850162      0.655  37.983524    12.2632    -1.6153      0.650    32.8071    24.8368 -9.990e-29
 255.850168      0.637  37.998717    12.2662    -1.6146      0.632    32.8191    24.8456 -9.990e-29
 255.850174      0.624  38.034328    12.2722    -1.6143      0.619    32.8481    24.8669 -9.990e-29
 255.850179      0.619  38.081216    12.2751    -1.6149      0.614    32.8907    24.8994 -9.990e-29
 255.850185      0.618  38.109949    12.2731    -1.6164      0.613    32.9201    24.9226 -9.990e-29
 255.850191      0.615  38.103900    12.2665    -1.6171      0.610    32.9201    24.9238 -9.990e-29
 255.850197      0.610  38.066233    12.2571    -1.6166      0.605    32.8921    24.9039 -9.990e-29
 255.850203      0.604  38.017960    12.2493    -1.6159      0.599    32.8525    24.8746 -9.990e-29
 255.850208      0.600  37.989500    12.2442    -1.6158      0.595    32.8296    24.8578 -9.990e-29
 255.850214      0.603  37.988902    12.2419    -1.6165      0.598    32.8310    24.8594 -9.990e-29
 255.850220      0.612  38.013139    12.2442    -1.6168      0.607    32.8523    24.8755 -9.990e-29
 255.850226      0.623  38.055851    12.2502    -1.6163      0.618    32.8882    24.9021 -9.990e-29
 255.850231      0.630  38.088206    12.2552    -1.6158      0.625    32.9149    24.9219 -9.990e-29
 255.850237      0.628  38.078777    12.2545    -1.6156      0.623    32.9064    24.9155 -9.990e-29
 255.850243      0.620  38.021737    12.2472    -1.6167      0.615    32.8580    24.8793 -9.990e-29
 255.850249      0.616  37.952642    12.2386    -1.6163      0.611    32.7990    24.8352 -9.990e-29
 255.850255      0.620  37.926860    12.2346    -1.6156      0.615    32.7777    24.8194 -9.990e-29
 255.850260      0.631  37.952647    12.2348    -1.6158      0.626    32.8023    24.8385 -9.990e-29
 255.850266      0.646  37.985332    12.2349    -1.6165      0.641    32.8337    24.8628 -9.990e-29
 255.850272      0.657  37.988884    12.2335    -1.6169      0.652    32.8384    24.8667 -9.990e-29
 255.850278      0.661  37.971977    12.2330    -1.6165      0.655    32.8225    24.8545 -9.990e-29
 255.850284      0.662  37.967040    12.2353    -1.6161      0.656    32.8157    24.8488 -9.990e-29
 255.850289      0.665  37.983767    12.2396    -1.6160      0.659    32.8281    24.8575 -9.990e-29
 255.850295      0.670  37.999055    12.2429    -1.6162      0.664    32.8399    24.8661 -9.990e-29
 255.850301      0.677  37.987322    12.2446    -1.6168      0.671    32.8271    24.8558 -9.990e-29
 255.850307      0.687  37.963780    12.2468    -1.6169      0.681    32.8025    24.8364 -9.990e-29
 255.850313      0.700  37.964349    12.2504    -1.6162      0.694    32.7999    24.8337 -9.990e-29
 255.850318      0.713  37.975223    12.2543    -1.6161      0.707    32.8069    24.8384 -9.990e-29
 255.850324      0.722  37.958764    12.2555    -1.6156      0.716    32.7901    24.8251 -9.990e-29
 255.850330      0.728  37.921082    12.2542    -1.6157      0.722    32.7549    24.7981 -9.990e-29
 255.850336      0.731  37.901110    12.2535    -1.6165      0.725    32.7363    24.7838 -9.990e-29
 255.850341      0.731  37.913171    12.2543    -1.6170      0.725    32.7472    24.7921 -9.990e-29
 255.850347      0.729  37.932986    12.2550    -1.6172      0.723    32.7657    24.8063 -9.990e-29
 255.850353      0.729  37.935402    12.2533    -1.6164      0.723    32.7695    24.8095 -9.990e-29
 255.850359      0.735  37.919168    12.2499    -1.6163      0.729    32.7569    24.8004 -9.990e-29
 255.850365      0.742  37.904151    12.2476    -1.6166      0.736    32.7444    24.7912 -9.990e-29
 255.850370      0.748  37.912399    12.2486    -1.6172      0.742    32.7515    24.7964 -9.990e-29
 255.850376      0.752  37.939783    12.2517    -1.6175      0.746    32.7751    24.8142 -9.990e-29
 255.850382      0.755  37.962271    12.2536    -1.6174      0.749    32.7951    24.8293 -9.990e-29
 255.850388      0.758  37.967244    12.2531    -1.6168      0.752    32.8003    24.8335 -9.990e-29
 255.850394      0.759  37.949574    12.2502    -1.6166      0.753    32.7858    24.8228 -9.990e-29
 255.850399      0.759  37.915998    12.2456    -1.6165      0.753    32.7576    24.8017 -9.990e-29
 255.850405      0.759  37.891297    12.2415    -1.6166      0.753    32.7374    24.7869 -9.990e-29
 255.850411      0.758  37.896943    12.2407    14.6877      0.752    32.7435    24.7918 -9.990e-29
 255.850417      0.756  37.923093    12.2416    19.0745      0.750    32.7679    24.8105 -9.990e-29
 255.850422      0.753  37.931734    12.2413    19.2586      0.747    32.7765    24.8172 -9.990e-29
 255.850428      0.749  37.910290    12.2384    15.9782      0.743    32.7584    24.8037 -9.990e-29
 255.850434      0.744  37.880652    12.2343     9.0935      0.738    32.7335    24.7852 -9.990e-29
 255.850440      0.741  37.868363    12.2325     9.4816      0.735    32.7232    24.7776 -9.990e-29
 255.850446      0.744  37.884532    12.2336     9.9880      0.738    32.7378    24.7887 -9.990e-29
 255.850451      0.751  37.913161    12.2360    10.1441      0.745    32.7632    24.8080 -9.990e-29
 255.850457      0.756  37.930193    12.2387    10.1042      0.750    32.7773    24.8183 -9.990e-29
 255.850463      0.760  37.924710    12.2401    10.0023      0.754    32.7708    24.8130 -9.990e-29
 255.850469      0.764  37.890537    12.2396     9.9200      0.758    32.7383    24.7879 -9.990e-29
 255.850475      0.767  37.842125    12.2380     9.8502      0.761    32.6931    24.7532 -9.990e-29
 255.850480      0.769  37.810830    12.2367     9.8028      0.763    32.6642    24.7310 -9.990e-29
 255.850486      0.772  37.800358    12.2373     9.7533      0.766    32.6536    24.7227 -9.990e-29
 255.850492      0.774  37.797325    12.2390     9.7248      0.768    32.6492    24.7189 -9.990e-29
 255.850498      0.777  37.795456    12.2389     9.6997      0.771    32.6475    24.7176 -9.990e-29
 255.850503      0.780  37.792275    12.2381     9.6630      0.773    32.6451    24.7159 -9.990e-29
 255.850509      0.784  37.789725    12.2401     9.6233      0.777    32.6409    24.7123 -9.990e-29
 255.850515      0.788  37.791711    12.2433     9.6004      0.781    32.6400    24.7110 -9.990e-29
 255.850521      0.794  37.796410    12.2434     9.6047      0.787    32.6445    24.7144 -9.990e-29
 255.850527      0.801  37.797769    12.2399     9.5823      0.794    32.6488    24.7185 -9.990e-29
 255.850532      0.806  37.793689    12.2357     9.6439      0.799    32.6486    24.7191 -9.990e-29
 255.850538      0.805  37.786596    12.2324     9.6560      0.798    32.6446    24.7166 -9.990e-29
 255.850544      0.801  37.781067    12.2298     9.6598      0.794    32.6416    24.7147 -9.990e-29
 255.850550      0.799  37.779835    12.2282     9.6687      0.792    32.6418    24.7152 -9.990e-29
 255.850556      0.799  37.779031    12.2283     9.6041      0.792    32.6409    24.7145 -9.990e-29
 255.850561      0.801  37.775916    12.2294     9.6399      0.794    32.6370    24.7113 -9.990e-29
 255.850567      0.804  37.774762    12.2312     9.6301      0.797    32.6343    24.7088 -9.990e-29
 255.850573      0.810  37.777969    12.2331     9.6279      0.803    32.6357    24.7096 -9.990e-29
 255.850579      0.814  37.782540    12.2336     9.6465      0.807    32.6397    24.7126 -9.990e-29
 255.850584      0.812  37.785054    12.2321     9.6449      0.805    32.6434    24.7157 -9.990e-29
