data/oxygen options/ONMS/Olympic_Coast_National_Marine_Sanctuary_CTD_Data_2005_2023/raw_data/2020/CAST_MB042_201001faed.cnv
* Sea-Bird SBE 19 Data File:
* FileName = C:\2020 Mooring Data\Casts\CAST_MB042_201001.hex
* Software Version SeatermAF 2.1.2
* Temperature SN = 2997
* Conductivity SN = 2997
* System UpLoad Time = Oct 01 2020 19:09:15 (localtime) = Oct 01 2020 19:09:15 (UTC)
** CAST_MB042_201001
* ds
# nquan = 9                                 
# nvalues = 1186                        
# units = specified
# name 0 = timeJ: Julian Days
# name 1 = prSM: Pressure, Strain Gauge [db]
# name 2 = c0mS/cm: Conductivity [mS/cm]
# name 3 = t090C: Temperature [ITS-90, deg C]
# name 4 = sbeox0ML/L: Oxygen, SBE 43 [ml/l]
# name 5 = depSM: Depth [salt water, m], lat = 47.5
# name 6 = sal00: Salinity, Practical [PSU]
# name 7 = sigma-é00: Density [sigma-theta, kg/m^3]
# name 8 = flag: flag
# span 0 = 275.763368, 275.770226       
# span 1 =     -5.110,     42.959       
# span 2 =   0.220216,  38.402100       
# span 3 =     8.7263,    15.0939       
# span 4 =    -1.8970,    13.5296       
# span 5 =     -5.067,     42.596       
# span 6 =     0.1329,    33.1714       
# span 7 =    -0.7210,    25.7290       
# span 8 = 0.0000e+00, 0.0000e+00       
# interval = seconds: 0.5
# start_time = Oct 01 2020 18:19:15 [Instrument's time stamp, header]
# bad_flag = -9.990e-29
*END*
[from data line 1121]
 275.769855     16.173  38.171953    13.8262     5.5339     16.037    31.6497    23.6352 0.0000e+00
 275.769861     15.781  38.148922    13.8310     5.5757     15.649    31.6247    23.6149 0.0000e+00
 275.769867     15.375  38.125355    13.8388     5.5734     15.246    31.5967    23.5917 0.0000e+00
 275.769873     14.973  38.105729    13.8514     5.5738     14.847    31.5684    23.5673 0.0000e+00
 275.769878     14.592  38.087997    13.8721     5.5877     14.470    31.5352    23.5374 0.0000e+00
 275.769884     14.233  38.064227    13.8987     5.5738     14.114    31.4916    23.4984 0.0000e+00
 275.769890     13.891  38.040311    13.9193     5.5889     13.775    31.4528    23.4643 0.0000e+00
 275.769896     13.560  38.026993    13.9278     5.6233     13.446    31.4338    23.4478 0.0000e+00
 275.769902     13.238  38.025596    13.9280     5.6541     13.127    31.4324    23.4468 0.0000e+00
 275.769907     12.920  38.026408    13.9251     5.6864     12.812    31.4357    23.4498 0.0000e+00
 275.769913     12.604  38.014811    13.9263     5.7171     12.498    31.4241    23.4407 0.0000e+00
 275.769919     12.287  37.989363    13.9385     5.7630     12.184    31.3909    23.4125 0.0000e+00
 275.769925     11.969  37.959884    13.9583     5.8031     11.869    31.3478    23.3752 0.0000e+00
 275.769931     11.657  37.935869    13.9791     5.8400     11.559    31.3089    23.3410 0.0000e+00
 275.769936     11.352  37.915029    14.0039     5.8615     11.257    31.2697    23.3057 0.0000e+00
 275.769942     11.052  37.892021    14.0348     5.8697     10.959    31.2236    23.2639 0.0000e+00
 275.769948     10.754  37.873188    14.0667     5.8738     10.664    31.1807    23.2242 0.0000e+00
 275.769954     10.458  37.862591    14.0967     5.8682     10.370    31.1468    23.1920 0.0000e+00
 275.769959     10.160  37.860130    14.1227     5.8762     10.075    31.1237    23.1688 0.0000e+00
 275.769965      9.865  37.865897    14.1420     5.8686      9.782    31.1135    23.1570 0.0000e+00
 275.769971      9.569  37.874127    14.1535     5.8482      9.489    31.1119    23.1534 0.0000e+00
 275.769977      9.259  37.875048    14.1574     5.8516      9.182    31.1097    23.1509 0.0000e+00
 275.769983      8.928  37.867645    14.1579     5.8792      8.853    31.1026    23.1453 0.0000e+00
 275.769988      8.584  37.861120    14.1615     5.9324      8.512    31.0939    23.1378 0.0000e+00
 275.769994      8.240  37.861359    14.1715     6.0182      8.171    31.0862    23.1298 0.0000e+00
 275.770000      7.905  37.867002    14.1858     6.1103      7.839    31.0800    23.1221 0.0000e+00
 275.770006      7.577  37.873235    14.1997     6.1821      7.514    31.0746    23.1151 0.0000e+00
 275.770012      7.250  37.874350    14.2170     6.2025      7.189    31.0618    23.1017 0.0000e+00
 275.770017      6.916  37.874641    14.2498     6.2299      6.858    31.0358    23.0749 0.0000e+00
 275.770023      6.578  37.889645    14.3009     6.2468      6.523    31.0086    23.0434 0.0000e+00
 275.770029      6.249  37.934883    14.3599     6.2465      6.197    31.0026    23.0266 0.0000e+00
 275.770035      5.940  38.000567    14.4085     6.2487      5.890    31.0235    23.0327 0.0000e+00
 275.770041      5.646  38.046403    14.4340     6.1926      5.599    31.0448    23.0438 0.0000e+00
 275.770046      5.353  38.058918    14.4424     6.2371      5.308    31.0496    23.0457 0.0000e+00
 275.770052      5.053  38.058738    14.4461     6.2716      5.011    31.0465    23.0426 0.0000e+00
 275.770058      4.750  38.060208    14.4529     6.3174      4.710    31.0425    23.0381 0.0000e+00
 275.770064      4.457  38.070341    14.4681     6.4007      4.420    31.0397    23.0327 0.0000e+00
 275.770069      4.170  38.088065    14.4939     6.4513      4.135    31.0352    23.0239 0.0000e+00
 275.770075      3.886  38.102796    14.5297     6.5172      3.854    31.0200    23.0048 0.0000e+00
 275.770081      3.607  38.113428    14.5700     6.5791      3.577    30.9976    22.9791 0.0000e+00
 275.770087      3.338  38.133018    14.6027     6.6212      3.310    30.9893    22.9659 0.0000e+00
 275.770093      3.077  38.174235    14.6316     6.6013      3.051    31.0036    22.9709 0.0000e+00
 275.770098      2.826  38.226977    14.6718     7.4591      2.802    31.0193    22.9745 0.0000e+00
 275.770104      2.582  38.255561    14.7229     7.5253      2.560    31.0044    22.9524 0.0000e+00
 275.770110      2.337  38.253229    14.7777     7.4060      2.317    30.9588    22.9057 0.0000e+00
 275.770116      2.093  38.244924    14.8265     7.0849      2.076    30.9127    22.8599 0.0000e+00
 275.770122      1.864  38.233608    14.8614     6.8558      1.848    30.8750    22.8235 0.0000e+00
 275.770127      1.662  38.203081    14.8822     6.6517      1.648    30.8312    22.7854 0.0000e+00
 275.770133      1.487  38.119385    14.8873     6.5168      1.475    30.7521    22.7234 0.0000e+00
 275.770139      1.336  37.883270    14.8774     6.4510      1.325    30.5481    22.5685 0.0000e+00
 275.770145      1.208  37.198433    14.8612     6.4572      1.198    29.9472    22.1094 -9.990e-29
 275.770150      1.104  35.171390    14.8470     6.4415      1.095    28.1516    20.7310 -9.990e-29
 275.770156      1.020  29.117364    14.8346     6.4562      1.011    22.8559    16.6653 -9.990e-29
 275.770162      0.953  19.458119    14.8197     6.4756      0.945    14.7036    10.4176 -9.990e-29
 275.770168      0.901  11.853002    14.7997     6.4915      0.893     8.5918     5.7383 -9.990e-29
 275.770174      0.866   8.444438    14.7763 -9.990e-29      0.859     5.9660     3.7286 -9.990e-29
 275.770179      0.841   7.066996    14.7534 -9.990e-29      0.834     4.9311     2.9379 -9.990e-29
 275.770185      0.821   6.075489    14.7336 -9.990e-29      0.814     4.1964     2.3766 -9.990e-29
 275.770191      0.804   5.164957    14.7178 -9.990e-29      0.797     3.5297     1.8666 -9.990e-29
 275.770197      0.789   4.633612    14.7044 -9.990e-29      0.782     3.1450     1.5728 -9.990e-29
 275.770203      0.776   4.303233    14.6906 -9.990e-29      0.770     2.9078     1.3924 -9.990e-29
 275.770208      0.762   3.988821    14.6763 -9.990e-29      0.756     2.6834     1.2218 -9.990e-29
 275.770214      0.753   3.765564    14.6639 -9.990e-29      0.747     2.5249     1.1017 -9.990e-29
 275.770220      0.750   3.535250    14.6585 -9.990e-29      0.744     2.3616     0.9767 -9.990e-29
 275.770226      0.751   3.251799 -9.990e-29 -9.990e-29      0.745 -9.990e-29 -9.990e-29 -9.990e-29
