data/oxygen options/ONMS/Olympic_Coast_National_Marine_Sanctuary_CTD_Data_2005_2023/raw_data/2020/CAST_TH042_200912faedb.cnv
* Sea-Bird SBE 19 Data File:
* FileName = C:\2020 Mooring Data\Casts\CAST_TH042_200912.hex
* Software Version SeatermAF 2.1.2
* Temperature SN = 2997
* Conductivity SN = 2997
* System UpLoad Time = Sep 12 2020 22:10:49 (localtime) = Sep 12 2020 22:10:49 (UTC)
** CAST_TH042_200912
* ds
# nquan = 9
# nvalues = 41                          
# units = specified
# name 0 = timeJ: Julian Days
# name 1 = prSM: Pressure, Strain Gauge [db]
# name 2 = c0mS/cm: Conductivity [mS/cm]
# name 3 = t090C: Temperature [ITS-90, deg C]
# name 4 = sbeox0ML/L: Oxygen, SBE 43 [ml/l]
# name 5 = depSM: Depth [salt water, m], lat = 47.5
# name 6 = sal00: Salinity, Practical [PSU]
# name 7 = sigma-é00: Density [sigma-theta, kg/m^3]
# name 8 = flag: flag
# span 0 = 256.862188, 256.862813       
# span 1 =      2.000,     42.000       
# span 2 =  34.493564,  36.956480       
# span 3 =     7.5655,    11.9146       
# span 4 =     2.3824,     6.4476       
# span 5 =      1.984,     41.645       
# span 6 =    32.1193,    33.5567       
# span 7 =    24.3685,    26.2037       
# span 8 = 0.0000e+00, 0.0000e+00       
# interval = decibars: 1                
# start_time = Sep 12 2020 20:36:14 [Instrument's time stamp, header]
# bad_flag = -9.990e-29
*END*
 256.862188      2.000  36.956480    11.9146     6.4476      1.984    32.1193    24.3685 0.0000e+00
 256.862210      3.000  36.781940    11.6536     6.3099      2.975    32.1754    24.4599 0.0000e+00
 256.862227      4.000  36.654419    11.4426     6.2791      3.966    32.2342    24.5438 0.0000e+00
 256.862242      5.000  36.534230    11.1862     6.2839      4.958    32.3402    24.6721 0.0000e+00
 256.862256      6.000  36.390164    10.8938     6.2228      5.950    32.4554    24.8133 0.0000e+00
 256.862270      7.000  36.263843    10.6695     6.1772      6.942    32.5285    24.9093 0.0000e+00
 256.862284      8.000  36.161140    10.4487     6.1163      7.933    32.6227    25.0206 0.0000e+00
 256.862298      9.000  36.059552    10.2328     6.1194      8.924    32.7142    25.1287 0.0000e+00
 256.862312     10.000  35.983979    10.1285     6.0186      9.916    32.7318    25.1599 0.0000e+00
 256.862327     11.000  35.959385    10.0583     5.9806     10.908    32.7700    25.2015 0.0000e+00
 256.862342     12.000  35.895152     9.9516     5.9355     11.900    32.8012    25.2436 0.0000e+00
 256.862356     13.000  35.850536     9.8948     5.6007     12.891    32.8071    25.2576 0.0000e+00
 256.862370     14.000  35.806405     9.8154     4.9634     13.883    32.8340    25.2918 0.0000e+00
 256.862385     15.000  35.686947     9.5756     4.4479     14.874    32.9308    25.4065 0.0000e+00
 256.862401     16.000  35.361005     9.0677     4.3737     15.866    33.0628    25.5909 0.0000e+00
 256.862417     17.000  35.149409     8.8056     4.3987     16.857    33.0859    25.6500 0.0000e+00
 256.862434     18.000  35.115720     8.7237     4.4845     17.849    33.1267    25.6946 0.0000e+00
 256.862451     19.000  35.105240     8.6893     4.6161     18.841    33.1475    25.7163 0.0000e+00
 256.862466     20.000  35.156078     8.7150     4.5755     19.832    33.1763    25.7348 0.0000e+00
 256.862482     21.000  35.211323     8.7314     4.4857     20.823    33.2184    25.7652 0.0000e+00
 256.862498     22.000  35.211894     8.6854     3.9559     21.815    33.2617    25.8064 0.0000e+00
 256.862513     23.000  35.171202     8.5816     3.2550     22.807    33.3162    25.8650 0.0000e+00
 256.862528     24.000  35.006725     8.3098     2.8972     23.798    33.3995    25.9713 0.0000e+00
 256.862543     25.000  34.719081     7.9834     2.8419     24.790    33.4037    26.0231 0.0000e+00
 256.862558     26.000  34.602545     7.8518     2.7601     25.781    33.4044    26.0427 0.0000e+00
 256.862574     27.000  34.563913     7.7792     2.4981     26.773    33.4320    26.0750 0.0000e+00
 256.862590     28.000  34.514001     7.6632     2.3824     27.765    33.4894    26.1367 0.0000e+00
 256.862604     29.000  34.493564     7.5967     2.3963     28.756    33.5309    26.1789 0.0000e+00
 256.862619     30.000  34.494046     7.5795     2.4012     29.747    33.5475    26.1945 0.0000e+00
 256.862633     31.000  34.496096     7.5786     2.4189     30.739    33.5501    26.1966 0.0000e+00
 256.862647     32.000  34.496626     7.5751     2.4173     31.731    33.5537    26.1999 0.0000e+00
 256.862661     33.000  34.498158     7.5769     2.4307     32.722    33.5531    26.1991 0.0000e+00
 256.862676     34.000  34.500544     7.5809     2.4156     33.714    33.5513    26.1972 0.0000e+00
 256.862692     35.000  34.497600     7.5778     2.4340     34.705    33.5506    26.1972 0.0000e+00
 256.862707     36.000  34.495812     7.5739     2.4387     35.696    33.5519    26.1987 0.0000e+00
 256.862723     37.000  34.494816     7.5708     2.4233     36.688    33.5534    26.2004 0.0000e+00
 256.862738     38.000  34.495351     7.5691     2.4188     37.679    33.5552    26.2020 0.0000e+00
 256.862753     39.000  34.495182     7.5672     2.4144     38.671    33.5563    26.2032 0.0000e+00
 256.862769     40.000  34.495163     7.5663     2.4109     39.662    33.5567    26.2037 0.0000e+00
 256.862788     41.000  34.495071     7.5673     2.4011     40.654    33.5551    26.2023 0.0000e+00
 256.862813     42.000  34.495226     7.5655     2.4048     41.645    33.5566    26.2036 0.0000e+00
