data/oxygen options/ONMS/Olympic_Coast_National_Marine_Sanctuary_CTD_Data_2005_2023/raw_data/2020/CAST_CA015_200912faed.cnv
* Sea-Bird SBE 19 Data File:
* FileName = C:\2020 Mooring Data\Casts\CAST_CA015_200912.hex
* Software Version SeatermAF 2.1.2
* Temperature SN = 2997
* Conductivity SN = 2997
* System UpLoad Time = Sep 12 2020 19:26:07 (localtime) = Sep 12 2020 19:26:07 (UTC)
** CAST_CA015_200912
* ds
# nquan = 9                                 
# nvalues = 787                         
# units = specified
# name 0 = timeJ: Julian Days
# name 1 = prSM: Pressure, Strain Gauge [db]
# name 2 = c0mS/cm: Conductivity [mS/cm]
# name 3 = t090C: Temperature [ITS-90, deg C]
# name 4 = sbeox0ML/L: Oxygen, SBE 43 [ml/l]
# name 5 = depSM: Depth [salt water, m], lat = 47.5
# name 6 = sal00: Salinity, Practical [PSU]
# name 7 = sigma-é00: Density [sigma-theta, kg/m^3]
# name 8 = flag: flag
# span 0 = 256.771597, 256.776146       
# span 1 =     -4.812,     18.596       
# span 2 =   0.380957,  37.641702       
# span 3 =     8.6937,    13.9127       
# span 4 =    -1.9196,    13.0667       
# span 5 =     -4.772,     18.440       
# span 6 =     0.2360,    33.3071       
# span 7 =    -0.5290,    25.8382       
# span 8 = 0.0000e+00, 0.0000e+00       
# interval = seconds: 0.5
# start_time = Sep 12 2020 18:31:06 [Instrument's time stamp, header]
# bad_flag = -9.990e-29
*END*
[from data line 481]
 256.774381      1.309  37.416266    12.5510     6.3894      1.298    32.0155    24.1685 -9.990e-29
 256.774387      1.309  37.416632    12.5489     6.3854      1.298    32.0176    24.1705 -9.990e-29
 256.774392      1.309  37.413638    12.5453     6.3874      1.298    32.0178    24.1714 -9.990e-29
 256.774398      1.309  37.408916    12.5415     6.3803      1.298    32.0166    24.1711 -9.990e-29
 256.774404      1.308  37.407211    12.5398     6.3771      1.297    32.0164    24.1713 -9.990e-29
 256.774410      1.308  37.408494    12.5409     6.3791      1.297    32.0167    24.1713 -9.990e-29
 256.774416      1.303  37.409231    12.5420     6.3781      1.292    32.0165    24.1710 -9.990e-29
 256.774421      1.289  37.408136    12.5418     6.3877      1.278    32.0156    24.1703 -9.990e-29
 256.774427      1.274  37.406337    12.5411     6.3888      1.263    32.0145    24.1696 -9.990e-29
 256.774433      1.269  37.405337    12.5403     6.4024      1.258    32.0142    24.1695 -9.990e-29
 256.774439      1.275  37.404896    12.5401     6.3961      1.264    32.0140    24.1694 -9.990e-29
 256.774444      1.283  37.404399    12.5407     6.3918      1.272    32.0130    24.1685 -9.990e-29
 256.774450      1.289  37.405398    12.5419     6.3892      1.278    32.0129    24.1682 -9.990e-29
 256.774456      1.294  37.407515    12.5425     6.3579      1.283    32.0144    24.1693 -9.990e-29
 256.774462      1.297  37.407938    12.5421     6.3822      1.286    32.0151    24.1699 -9.990e-29
 256.774468      1.300  37.406083    12.5418     6.3872      1.289    32.0136    24.1688 -9.990e-29
 256.774473      1.302  37.402254    12.5418     6.3991      1.291    32.0100    24.1660 -9.990e-29
 256.774479      1.304  37.399168    12.5421     6.3993      1.293    32.0068    24.1634 -9.990e-29
 256.774485      1.306  37.401093    12.5431     6.3246      1.295    32.0078    24.1640 -9.990e-29
 256.774491      1.307  37.406084    12.5445     6.3576      1.296    32.0113    24.1665 -9.990e-29
 256.774497      1.307  37.411236    12.5458     6.3733      1.296    32.0151    24.1692 -9.990e-29
 256.774502      1.308  37.414420    12.5454     6.3916      1.297    32.0185    24.1719 -9.990e-29
 256.774508      1.309  37.410885    12.5429     6.4087      1.298    32.0173    24.1714 -9.990e-29
 256.774514      1.309  37.405422    12.5423     6.3793      1.298    32.0126    24.1679 -9.990e-29
 256.774520      1.309  37.406419    12.5456     6.3817      1.298    32.0107    24.1658 -9.990e-29
 256.774525      1.310  37.411813    12.5509     6.3830      1.299    32.0113    24.1653 -9.990e-29
 256.774531      1.310  37.418116    12.5560     6.3837      1.299    32.0130    24.1656 -9.990e-29
 256.774537      1.310  37.421932    12.5579     6.3853      1.299    32.0150    24.1668 -9.990e-29
 256.774543      1.311  37.418230    12.5564     6.3899      1.300    32.0128    24.1653 -9.990e-29
 256.774549      1.311  37.412141    12.5549     6.3913      1.300    32.0082    24.1621 -9.990e-29
 256.774554      1.312  37.412340    12.5543     6.3841      1.301    32.0089    24.1628 -9.990e-29
 256.774560      1.312  37.416259    12.5531     6.3804      1.301    32.0137    24.1667 -9.990e-29
 256.774566      1.313  37.418444    12.5513     6.3700      1.302    32.0173    24.1698 -9.990e-29
 256.774572      1.314  37.418416    12.5503     6.3771      1.303    32.0181    24.1707 -9.990e-29
 256.774578      1.315  37.417792    12.5510     6.3815      1.304    32.0169    24.1696 -9.990e-29
 256.774583      1.317  37.418517    12.5530     6.3759      1.306    32.0159    24.1684 -9.990e-29
 256.774589      1.318  37.420970    12.5544     6.3827      1.307    32.0171    24.1691 -9.990e-29
 256.774595      1.321  37.421667    12.5539     6.3891      1.310    32.0182    24.1700 -9.990e-29
 256.774601      1.324  37.418146    12.5533     6.3920      1.313    32.0153    24.1679 -9.990e-29
 256.774606      1.328  37.415215    12.5548     6.3928      1.317    32.0113    24.1645 -9.990e-29
 256.774612      1.333  37.416790    12.5581     6.3947      1.322    32.0099    24.1628 -9.990e-29
 256.774618      1.339  37.419897    12.5609     6.3858      1.328    32.0105    24.1627 -9.990e-29
 256.774624      1.348  37.421364    12.5615     6.3847      1.337    32.0114    24.1633 -9.990e-29
 256.774630      1.354  37.422560    12.5613     6.3907      1.343    32.0127    24.1644 -9.990e-29
 256.774635      1.355  37.425613    12.5623     6.3961      1.344    32.0148    24.1658 -9.990e-29
 256.774641      1.355  37.428399    12.5629     6.3802      1.344    32.0169    24.1673 -9.990e-29
 256.774647      1.357  37.427315    12.5615     6.3882      1.346    32.0171    24.1677 -9.990e-29
 256.774653      1.362  37.422573    12.5603     6.3935      1.351    32.0136    24.1652 -9.990e-29
 256.774659      1.371  37.420158    12.5617     6.3978      1.360    32.0101    24.1622 -9.990e-29
 256.774664      1.384  37.424111    12.5644     6.3983      1.372    32.0115    24.1629 -9.990e-29
 256.774670      1.396  37.429582    12.5660     6.3402      1.384    32.0154    24.1655 -9.990e-29
 256.774676      1.402  37.433186    12.5666     6.3592      1.390    32.0183    24.1677 -9.990e-29
 256.774682      1.397  37.434654    12.5673     6.3661      1.385    32.0191    24.1682 -9.990e-29
 256.774688      1.384  37.430872    12.5683     6.3878      1.372    32.0146    24.1645 -9.990e-29
 256.774693      1.371  37.427423    12.5687     6.4020      1.360    32.0110    24.1617 -9.990e-29
 256.774699      1.362  37.430334    12.5679     6.3749      1.351    32.0145    24.1645 -9.990e-29
 256.774705      1.357  37.432247    12.5658     6.3970      1.346    32.0181    24.1677 -9.990e-29
 256.774711      1.355  37.430079    12.5624     6.3927      1.344    32.0189    24.1690 -9.990e-29
 256.774716      1.355  37.425398    12.5595     6.3941      1.344    32.0169    24.1680 -9.990e-29
 256.774722      1.359  37.419224    12.5614     6.4009      1.348    32.0094    24.1618 -9.990e-29
 256.774728      1.365  37.419555    12.5689     6.3850      1.354    32.0034    24.1557 -9.990e-29
 256.774734      1.371  37.427365    12.5765     6.3873      1.360    32.0043    24.1550 -9.990e-29
 256.774740      1.372  37.435100    12.5803     6.3855      1.361    32.0085    24.1574 -9.990e-29
 256.774745      1.369  37.439590    12.5803     6.3841      1.358    32.0127    24.1608 -9.990e-29
 256.774751      1.360  37.440068    12.5771     6.3868      1.349    32.0159    24.1638 -9.990e-29
 256.774757      1.351  37.438828    12.5752     6.3866      1.340    32.0164    24.1645 -9.990e-29
 256.774763      1.344  37.440355    12.5763     6.3862      1.333    32.0169    24.1647 -9.990e-29
 256.774769      1.339  37.444417    12.5771     6.3936      1.328    32.0201    24.1670 -9.990e-29
 256.774774      1.336  37.447428    12.5770     6.3953      1.325    32.0230    24.1694 -9.990e-29
 256.774780      1.334  37.449451    12.5769     6.4019      1.323    32.0250    24.1709 -9.990e-29
 256.774786      1.335  37.449794    12.5764     6.3950      1.324    32.0258    24.1716 -9.990e-29
 256.774792      1.336  37.445523    12.5755     6.3844      1.325    32.0225    24.1692 -9.990e-29
 256.774797      1.340  37.441570    12.5760     6.3894      1.329    32.0183    24.1659 -9.990e-29
 256.774803      1.345  37.442169    12.5775     6.3821      1.334    32.0176    24.1650 -9.990e-29
 256.774809      1.348  37.443043    12.5778     6.3776      1.337    32.0182    24.1654 -9.990e-29
 256.774815      1.345  37.443648    12.5767     6.3775      1.334    32.0197    24.1668 -9.990e-29
 256.774821      1.340  37.447006    12.5754     6.3621      1.329    32.0240    24.1704 -9.990e-29
 256.774826      1.337  37.450840    12.5749     6.3780      1.326    32.0281    24.1737 -9.990e-29
 256.774832      1.336  37.451264    12.5753     6.3855      1.325    32.0281    24.1736 -9.990e-29
 256.774838      1.336  37.449375    12.5758     6.3956      1.325    32.0259    24.1718 -9.990e-29
 256.774844      1.338  37.446554    12.5749     6.4063      1.327    32.0240    24.1705 -9.990e-29
 256.774850      1.341  37.439571    12.5718     6.3931      1.330    32.0200    24.1680 -9.990e-29
 256.774855      1.347  37.429743    12.5697     6.3530      1.336    32.0124    24.1625 -9.990e-29
 256.774861      1.351  37.427490    12.5703     6.3806      1.340    32.0097    24.1603 -9.990e-29
 256.774867      1.348  37.433703    12.5715     6.4018      1.337    32.0146    24.1639 -9.990e-29
 256.774873      1.344  37.438135    12.5715     6.4155      1.333    32.0189    24.1672 -9.990e-29
 256.774878      1.343  37.438260    12.5690     6.4287      1.332    32.0211    24.1694 -9.990e-29
 256.774884      1.343  37.435338    12.5645     6.3747      1.332    32.0221    24.1711 -9.990e-29
 256.774890      1.345  37.430493    12.5623     6.3906      1.334    32.0194    24.1694 -9.990e-29
 256.774896      1.349  37.429011    12.5664     6.4102      1.338    32.0145    24.1648 -9.990e-29
 256.774902      1.356  37.433934    12.5771     6.4123      1.345    32.0101    24.1593 -9.990e-29
 256.774907      1.366  37.442267    12.5890     6.4132      1.355    32.0079    24.1553 -9.990e-29
 256.774913      1.375  37.452197    12.5975     6.3827      1.364    32.0101    24.1554 -9.990e-29
 256.774919      1.380  37.464603    12.6034     6.3747      1.368    32.0169    24.1596 -9.990e-29
 256.774925      1.385  37.471890    12.6058     6.3792      1.373    32.0218    24.1629 -9.990e-29
 256.774931      1.395  37.469172    12.6042     6.3857      1.383    32.0205    24.1622 -9.990e-29
 256.774936      1.406  37.465696    12.5991     6.3914      1.394    32.0216    24.1640 -9.990e-29
 256.774942      1.414  37.464647    12.5913     6.3914      1.402    32.0272    24.1699 -9.990e-29
 256.774948      1.421  37.460116    12.5835     6.3977      1.409    32.0295    24.1732 -9.990e-29
 256.774954      1.426  37.448835    12.5766     6.3924      1.414    32.0247    24.1707 -9.990e-29
 256.774959      1.434  37.435922    12.5716     6.4037      1.422    32.0166    24.1654 -9.990e-29
 256.774965      1.446  37.431043    12.5690     6.3982      1.434    32.0142    24.1640 -9.990e-29
 256.774971      1.453  37.433835    12.5674     6.4020      1.441    32.0182    24.1675 -9.990e-29
 256.774977      1.453  37.438458    12.5673     6.3968      1.441    32.0227    24.1710 -9.990e-29
 256.774983      1.449  37.443199    12.5689     6.4040      1.437    32.0258    24.1731 -9.990e-29
 256.774988      1.449  37.443700    12.5702     6.4017      1.437    32.0252    24.1724 -9.990e-29
 256.774994      1.455  37.440600    12.5707     6.4055      1.443    32.0218    24.1696 -9.990e-29
 256.775000      1.456  37.441515    12.5712     6.4012      1.444    32.0223    24.1699 -9.990e-29
 256.775006      1.454  37.445956    12.5719     6.3952      1.442    32.0259    24.1726 -9.990e-29
 256.775012      1.453  37.451405    12.5740     6.3900      1.441    32.0293    24.1748 -9.990e-29
 256.775017      1.447  37.458373    12.5772     6.3880      1.435    32.0332    24.1772 -9.990e-29
 256.775023      1.438  37.462105    12.5791     6.3914      1.426    32.0352    24.1784 -9.990e-29
 256.775029      1.428  37.459700    12.5795     6.3859      1.416    32.0325    24.1762 -9.990e-29
 256.775035      1.417  37.456895    12.5801     6.3881      1.405    32.0294    24.1737 -9.990e-29
 256.775041      1.409  37.456654    12.5808     6.3478      1.397    32.0285    24.1729 -9.990e-29
 256.775046      1.407  37.456384    12.5804     6.3818      1.395    32.0286    24.1730 -9.990e-29
 256.775052      1.412  37.454578    12.5792     6.3956      1.400    32.0279    24.1727 -9.990e-29
 256.775058      1.418  37.450483    12.5775     6.3973      1.406    32.0255    24.1712 -9.990e-29
 256.775064      1.423  37.444219    12.5745     6.3897      1.411    32.0221    24.1691 -9.990e-29
 256.775069      1.426  37.439183    12.5698     6.3247      1.414    32.0213    24.1694 -9.990e-29
 256.775075      1.424  37.437041    12.5657     6.3656      1.412    32.0227    24.1713 -9.990e-29
 256.775081      1.416  37.436031    12.5632     6.3832      1.404    32.0239    24.1727 -9.990e-29
 256.775087      1.411  37.435340    12.5610     6.4069      1.399    32.0251    24.1740 -9.990e-29
 256.775093      1.412  37.432897    12.5581     6.4027      1.400    32.0252    24.1747 -9.990e-29
 256.775098      1.420  37.426358    12.5533     6.3843      1.408    32.0231    24.1739 -9.990e-29
 256.775104      1.435  37.418195    12.5485     6.3833      1.423    32.0194    24.1720 -9.990e-29
 256.775110      1.453  37.414674    12.5496     6.3907      1.441    32.0151    24.1685 -9.990e-29
 256.775116      1.468  37.418884    12.5578     6.3979      1.456    32.0121    24.1646 -9.990e-29
 256.775122      1.476  37.426095    12.5663     6.3956      1.464    32.0118    24.1627 -9.990e-29
 256.775127      1.481  37.431289    12.5695     6.3933      1.469    32.0140    24.1638 -9.990e-29
 256.775133      1.489  37.432926    12.5672     6.4031      1.477    32.0175    24.1669 -9.990e-29
 256.775139      1.495  37.428654    12.5617     6.4060      1.483    32.0181    24.1685 -9.990e-29
 256.775145      1.501  37.421134    12.5578     6.4063      1.488    32.0143    24.1662 -9.990e-29
 256.775150      1.510  37.418787    12.5579     6.3971      1.497    32.0119    24.1644 -9.990e-29
 256.775156      1.518  37.422914    12.5590     6.3961      1.505    32.0149    24.1665 -9.990e-29
 256.775162      1.523  37.428309    12.5584     6.3834      1.510    32.0206    24.1710 -9.990e-29
 256.775168      1.524  37.430897    12.5553     6.3749      1.511    32.0257    24.1756 -9.990e-29
 256.775174      1.522  37.427345    12.5517     6.3809      1.509    32.0254    24.1760 -9.990e-29
 256.775179      1.516  37.422397    12.5518     6.3829      1.503    32.0206    24.1723 -9.990e-29
 256.775185      1.510  37.423416    12.5549     6.3973      1.497    32.0189    24.1704 -9.990e-29
 256.775191      1.509  37.426662    12.5565     6.3896      1.496    32.0206    24.1714 -9.990e-29
 256.775197      1.511  37.427436    12.5559     6.3921      1.498    32.0219    24.1725 -9.990e-29
 256.775203      1.523  37.426717    12.5545     6.3872      1.510    32.0224    24.1732 -9.990e-29
 256.775208      1.543  37.425174    12.5537     6.3947      1.530    32.0216    24.1727 -9.990e-29
 256.775214      1.570  37.424621    12.5549     6.4049      1.557    32.0200    24.1713 -9.990e-29
 256.775220      1.609  37.427070    12.5575     6.4168      1.596    32.0201    24.1708 -9.990e-29
 256.775226      1.662  37.430127    12.5598     6.4043      1.648    32.0211    24.1711 -9.990e-29
 256.775231      1.726  37.431645    12.5601     6.3951      1.712    32.0222    24.1720 -9.990e-29
 256.775237      1.802  37.429667    12.5557     6.3376      1.787    32.0241    24.1742 -9.990e-29
 256.775243      1.902  37.423184    12.5453     6.2180      1.886    32.0267    24.1783 -9.990e-29
 256.775249      2.026  37.413593    12.5316     6.0864      2.009    32.0292    24.1828 -9.990e-29
 256.775255      2.175  37.400946    12.5157     5.9042      2.157    32.0306    24.1870 0.0000e+00
 256.775260      2.344  37.385147    12.4913     5.8616      2.324    32.0363    24.1960 0.0000e+00
 256.775266      2.531  37.360772    12.4454     5.8667      2.510    32.0521    24.2170 0.0000e+00
 256.775272      2.741  37.319937    12.3547     5.9124      2.718    32.0905    24.2639 0.0000e+00
 256.775278      2.969  37.244026    12.2095     5.9431      2.944    32.1422    24.3313 0.0000e+00
 256.775284      3.204  37.130451    12.0530     5.8874      3.177    32.1675    24.3802 0.0000e+00
 256.775289      3.439  37.027886    11.9348     5.8349      3.410    32.1703    24.4044 0.0000e+00
 256.775295      3.677  36.968267    11.8564     5.7500      3.646    32.1803    24.4266 0.0000e+00
