data/oxygen options/ONMS/Olympic_Coast_National_Marine_Sanctuary_CTD_Data_2005_2023/raw_data/2020/CAST_CE042_200911faed.cnv
* Sea-Bird SBE 19 Data File:
* FileName = C:\2020 Mooring Data\Casts\CAST_CE042_200911.hex
* Software Version SeatermAF 2.1.2
* Temperature SN = 2997
* Conductivity SN = 2997
* System UpLoad Time = Sep 11 2020 18:26:43 (localtime) = Sep 11 2020 18:26:43 (UTC)
** CAST_CE042_200911
* ds
# nquan = 9                                 
# nvalues = 1273                        
# units = specified
# name 0 = timeJ: Julian Days
# name 1 = prSM: Pressure, Strain Gauge [db]
# name 2 = c0mS/cm: Conductivity [mS/cm]
# name 3 = t090C: Temperature [ITS-90, deg C]
# name 4 = sbeox0ML/L: Oxygen, SBE 43 [ml/l]
# name 5 = depSM: Depth [salt water, m], lat = 47.5
# name 6 = sal00: Salinity, Practical [PSU]
# name 7 = sigma-é00: Density [sigma-theta, kg/m^3]
# name 8 = flag: flag
# span 0 = 255.739560, 255.746921       
# span 1 =     -5.246,     44.522       
# span 2 =   0.014727,  38.462351       
# span 3 =     7.3719,    13.7498       
# span 4 =    -1.9330,    20.3242       
# span 5 =     -5.202,     44.146       
# span 6 =     0.0133,    33.7990       
# span 7 =    -0.7070,    26.4206       
# span 8 = 0.0000e+00, 0.0000e+00       
# interval = seconds: 0.5
# start_time = Sep 11 2020 17:44:58 [Instrument's time stamp, header]
# bad_flag = -9.990e-29
*END*
[from data line 321]
 255.741418     -0.515   0.032138    13.7011    -1.9215     -0.511     0.0227    -0.6953 -9.990e-29
 255.741424     -0.509   0.032007    13.6994    -1.9215     -0.505     0.0227    -0.6951 -9.990e-29
 255.741429     -0.508   0.031953    13.6957    -1.9218     -0.504     0.0226    -0.6947 -9.990e-29
 255.741435     -0.511   0.031902    13.6915    -1.9218     -0.507     0.0226    -0.6941 -9.990e-29
 255.741441     -0.518   0.031787    13.6884    -1.9220     -0.514     0.0225    -0.6938 -9.990e-29
 255.741447     -0.526   0.031452    13.6870    -1.9220     -0.522     0.0224    -0.6937 -9.990e-29
 255.741453     -0.531   0.031003    13.6868    -1.9221     -0.527     0.0221    -0.6939 -9.990e-29
 255.741458     -0.533   0.030949    13.6872    -1.9221     -0.529     0.0221    -0.6940 -9.990e-29
 255.741464     -0.532   0.031216    13.6879    -1.9221     -0.528     0.0222    -0.6939 -9.990e-29
 255.741470     -0.528   0.031052    13.6879    -1.9221     -0.524     0.0221    -0.6940 -9.990e-29
 255.741476     -0.522   0.030239    13.6864    -1.9220     -0.518     0.0217    -0.6942 -9.990e-29
 255.741481     -0.512   0.029353    13.6838    -1.9219     -0.508     0.0212    -0.6942 -9.990e-29
 255.741487     -0.502   0.028872    13.6810    -1.9220     -0.498     0.0209    -0.6940 -9.990e-29
 255.741493     -0.496   0.028710    13.6788    -1.9217     -0.492     0.0208    -0.6938 -9.990e-29
 255.741499     -0.489   0.028648    13.6775    -1.9218     -0.485     0.0208    -0.6936 -9.990e-29
 255.741505     -0.476   0.028602    13.6767    -1.9218     -0.472     0.0208    -0.6935 -9.990e-29
 255.741510     -0.461   0.028510    13.6763    -1.9221     -0.457     0.0207    -0.6935 -9.990e-29
 255.741516     -0.452   0.028249    13.6759    -1.9223     -0.448     0.0206    -0.6936 -9.990e-29
 255.741522     -0.453   0.028023    13.6761    -1.9222     -0.449     0.0205    -0.6937 -9.990e-29
 255.741528     -0.458   0.028085    13.6774    -1.9223     -0.454     0.0205    -0.6939 -9.990e-29
 255.741534     -0.460   0.027961    13.6790    -1.9223     -0.456     0.0204    -0.6941 -9.990e-29
 255.741539     -0.454   0.027486    13.6804    -1.9223     -0.450     0.0202    -0.6945 -9.990e-29
 255.741545     -0.445   0.027136    13.6814    -1.9221     -0.441     0.0200    -0.6948 -9.990e-29
 255.741551     -0.437   0.026995    13.6814    -1.9220     -0.433     0.0199    -0.6949 -9.990e-29
 255.741557     -0.428   0.026874    13.6799    -1.9218     -0.424     0.0198    -0.6947 -9.990e-29
 255.741562     -0.418   0.026611    13.6773    -1.9218     -0.415     0.0197    -0.6945 -9.990e-29
 255.741568     -0.406   0.026410    13.6749    -1.9219     -0.403     0.0196    -0.6942 -9.990e-29
 255.741574     -0.397   0.026553    13.6736    -1.9220     -0.394     0.0197    -0.6940 -9.990e-29
 255.741580     -0.389   0.026676    13.6730    -1.9220     -0.386     0.0197    -0.6939 -9.990e-29
 255.741586     -0.377   0.026389    13.6728    -1.9221     -0.374     0.0196    -0.6940 -9.990e-29
 255.741591     -0.366   0.025863    13.6737    -1.9221     -0.363     0.0193    -0.6943 -9.990e-29
 255.741597     -0.359   0.025504    13.6758    -1.9218     -0.356     0.0191    -0.6947 -9.990e-29
 255.741603     -0.355   0.025384    13.6783    -1.9218     -0.352     0.0190    -0.6951 -9.990e-29
 255.741609     -0.354   0.025344    13.6806    -1.9217     -0.351     0.0190    -0.6955 -9.990e-29
 255.741615     -0.352   0.025330    13.6818    -1.9216     -0.349     0.0190    -0.6956 -9.990e-29
 255.741620     -0.344   0.025322    13.6814    -1.9215     -0.341     0.0190    -0.6956 -9.990e-29
 255.741626     -0.334   0.025308    13.6804    -1.9214     -0.331     0.0190    -0.6954 -9.990e-29
 255.741632     -0.325   0.025267    13.6794    -1.9214     -0.322     0.0190    -0.6953 -9.990e-29
 255.741638     -0.318   0.025144    13.6788    -1.9212     -0.315     0.0189    -0.6953 -9.990e-29
 255.741644     -0.311   0.024775    13.6797    -1.9211     -0.308     0.0187    -0.6956 -9.990e-29
 255.741649     -0.305   0.024222    13.6824    -1.9208     -0.302     0.0184    -0.6962 -9.990e-29
 255.741655     -0.299   0.023853    13.6852    -1.9207     -0.297     0.0182    -0.6967 -9.990e-29
 255.741661     -0.296   0.023731    13.6871    -1.9205     -0.294     0.0181    -0.6970 -9.990e-29
 255.741667     -0.302   0.023689    13.6887    -1.9204     -0.299     0.0181    -0.6973 -9.990e-29
 255.741672     -0.311   0.023671    13.6905    -1.9202     -0.308     0.0181    -0.6975 -9.990e-29
 255.741678     -0.321   0.023654    13.6927    -1.9200     -0.318     0.0181    -0.6978 -9.990e-29
 255.741684     -0.327   0.023615    13.6954    -1.9199     -0.324     0.0181    -0.6982 -9.990e-29
 255.741690     -0.325   0.023504    13.6985    -1.9199     -0.322     0.0180    -0.6987 -9.990e-29
 255.741696     -0.321   0.023174    13.7021    -1.9200     -0.318     0.0178    -0.6993 -9.990e-29
 255.741701     -0.318   0.022738    13.7063    -1.9200     -0.315     0.0176    -0.7000 -9.990e-29
 255.741707     -0.315   0.022724    13.7105    -1.9199     -0.312     0.0176    -0.7006 -9.990e-29
 255.741713     -0.313   0.023114    13.7143    -1.9198     -0.310     0.0178    -0.7010 -9.990e-29
 255.741719     -0.311   0.023320    13.7180    -1.9200     -0.308     0.0179    -0.7014 -9.990e-29
 255.741725     -0.309   0.023064    13.7219    -1.9200     -0.306     0.0178    -0.7020 -9.990e-29
 255.741730     -0.308   0.022558    13.7254    -1.9201     -0.305     0.0175    -0.7027 -9.990e-29
 255.741736     -0.306   0.022236    13.7273    -1.9203     -0.303     0.0173    -0.7031 -9.990e-29
 255.741742     -0.305   0.022226    13.7277    -1.9205     -0.302     0.0173    -0.7031 -9.990e-29
 255.741748     -0.303   0.022514    13.7276    -1.9205     -0.300     0.0175    -0.7030 -9.990e-29
 255.741753     -0.301   0.022931    13.7279    -1.9205     -0.298     0.0177    -0.7029 -9.990e-29
 255.741759     -0.299   0.022926    13.7289    -1.9206     -0.297     0.0177    -0.7030 -9.990e-29
 255.741765     -0.296   0.022493    13.7292    -1.9204     -0.294     0.0175    -0.7032 -9.990e-29
 255.741771     -0.293   0.022164    13.7279    -1.9203     -0.291     0.0173    -0.7032 -9.990e-29
 255.741777     -0.288   0.022053    13.7258    -1.9203     -0.286     0.0172    -0.7030 -9.990e-29
 255.741782     -0.283   0.022016    13.7231    -1.9203     -0.281     0.0172    -0.7026 -9.990e-29
 255.741788     -0.276   0.022003    13.7200    -1.9202     -0.274     0.0172    -0.7022 -9.990e-29
 255.741794     -0.266   0.021998    13.7176    -1.9203     -0.264     0.0172    -0.7019 -9.990e-29
 255.741800     -0.259   0.021995    13.7162    -1.9203     -0.257     0.0172    -0.7017 -9.990e-29
 255.741806     -0.257   0.021989    13.7157    -1.9203     -0.255     0.0172    -0.7016 -9.990e-29
 255.741811     -0.257   0.021975    13.7160    -1.9205     -0.255     0.0172    -0.7017 -9.990e-29
 255.741817     -0.257   0.021933    13.7170    -1.9203     -0.255     0.0172    -0.7018 -9.990e-29
 255.741823     -0.263   0.021809    13.7183    -1.9203     -0.261     0.0171    -0.7020 -9.990e-29
 255.741829     -0.270   0.021439    13.7194    -1.9200     -0.268     0.0169    -0.7023 -9.990e-29
 255.741834     -0.275   0.020885    13.7202    -1.9201     -0.273     0.0166    -0.7027 -9.990e-29
 255.741840     -0.277   0.020515    13.7205    -1.9201     -0.275     0.0164    -0.7029 -9.990e-29
 255.741846     -0.278   0.020391    13.7201    -1.9201     -0.276     0.0163    -0.7029 -9.990e-29
 255.741852     -0.278   0.020350    13.7194    -1.9198     -0.276     0.0163    -0.7028 -9.990e-29
 255.741858     -0.275   0.020335    13.7187    -1.9198     -0.273     0.0163    -0.7027 -9.990e-29
 255.741863     -0.270   0.020330    13.7185    -1.9200     -0.268     0.0163    -0.7027 -9.990e-29
 255.741869     -0.262   0.020328    13.7197    -1.9202     -0.260     0.0163    -0.7029 -9.990e-29
 255.741875     -0.252   0.020327    13.7220    -1.9203     -0.250     0.0163    -0.7032 -9.990e-29
 255.741881     -0.243   0.020326    13.7240    -1.9204     -0.241     0.0163    -0.7034 -9.990e-29
 255.741887     -0.238   0.020326    13.7249    -1.9204     -0.236     0.0163    -0.7036 -9.990e-29
 255.741892     -0.233   0.020325    13.7257    -1.9206     -0.231     0.0163    -0.7037 -9.990e-29
 255.741898     -0.223   0.020324    13.7275    -1.9206     -0.221     0.0163    -0.7039 -9.990e-29
 255.741904     -0.212   0.020322    13.7293    -1.9207     -0.210     0.0163    -0.7042 -9.990e-29
 255.741910     -0.204   0.020319    13.7291    -1.9208     -0.202     0.0163    -0.7041 -9.990e-29
 255.741916     -0.198   0.020309    13.7265    -1.9209     -0.196     0.0163    -0.7038 -9.990e-29
 255.741921     -0.194   0.020281    13.7234    -1.9211     -0.192     0.0163    -0.7034 -9.990e-29
 255.741927     -0.186   0.020198    13.7210    -1.9210     -0.184     0.0162    -0.7031 -9.990e-29
 255.741933     -0.175   0.019951    13.7191    -1.9211     -0.174     0.0161    -0.7029 -9.990e-29
 255.741939     -0.169   0.019764    13.7169    -1.9212     -0.168     0.0160    -0.7027 -9.990e-29
 255.741944     -0.167   0.019943    13.7146    -1.9211     -0.166     0.0161    -0.7023 -9.990e-29
 255.741950     -0.165   0.020175    13.7126    -1.9210     -0.164     0.0162    -0.7020 -9.990e-29
 255.741956     -0.162   0.020216    13.7107    -1.9207     -0.161     0.0163    -0.7017 -9.990e-29
 255.741962     -0.154   0.020120    13.7088    -1.9207     -0.153     0.0162    -0.7015 -9.990e-29
 255.741968     -0.141   0.019759    13.7069    -1.9207     -0.140     0.0160    -0.7014 -9.990e-29
 255.741973     -0.130   0.019207    13.7050    -1.9206     -0.129     0.0157    -0.7013 -9.990e-29
 255.741979     -0.125   0.018838    13.7037    -1.9205     -0.124     0.0155    -0.7013 -9.990e-29
 255.741985     -0.125   0.018715    13.7028    -1.9203     -0.124     0.0155    -0.7012 -9.990e-29
 255.741991     -0.127   0.018674    13.7024    -1.9200     -0.126     0.0154    -0.7012 -9.990e-29
 255.741997     -0.126   0.018659    13.7034    -1.9200     -0.125     0.0154    -0.7013 -9.990e-29
 255.742002     -0.127   0.018654    13.7057    -1.9201     -0.126     0.0154    -0.7016 -9.990e-29
 255.742008     -0.133   0.018652    13.7086    -1.9201     -0.132     0.0154    -0.7020 -9.990e-29
 255.742014     -0.140   0.018651    13.7111    -1.9201     -0.139     0.0154    -0.7024 -9.990e-29
 255.742020     -0.142   0.018650    13.7131    -1.9202     -0.141     0.0154    -0.7027 -9.990e-29
 255.742025     -0.137   0.018649    13.7150    -1.9202     -0.136     0.0154    -0.7029 -9.990e-29
 255.742031     -0.134   0.018649    13.7175    -1.9203     -0.133     0.0154    -0.7032 -9.990e-29
 255.742037     -0.134   0.018648    13.7211    -1.9202     -0.133     0.0154    -0.7037 -9.990e-29
 255.742043     -0.131   0.018648    13.7246    -1.9202     -0.130     0.0154    -0.7042 -9.990e-29
 255.742049     -0.129   0.018647    13.7261    -1.9202     -0.128     0.0154    -0.7044 -9.990e-29
 255.742054     -0.130   0.018646    13.7262    -1.9203     -0.129     0.0154    -0.7044 -9.990e-29
 255.742060     -0.127   0.018646    13.7259    -1.9204     -0.126     0.0154    -0.7044 -9.990e-29
 255.742066     -0.126   0.018645    13.7251    -1.9203     -0.125     0.0154    -0.7043 -9.990e-29
 255.742072     -0.130   0.018644    13.7238    -1.9204     -0.129     0.0154    -0.7041 -9.990e-29
 255.742078     -0.141   0.018644    13.7225    -1.9201     -0.140     0.0154    -0.7039 -9.990e-29
 255.742083     -0.153   0.018643    13.7216    -1.9202     -0.152     0.0154    -0.7038 -9.990e-29
 255.742089     -0.161   0.018643    13.7215    -1.9201     -0.160     0.0154    -0.7038 -9.990e-29
 255.742095     -0.159   0.018642    13.7218    -1.9200     -0.158     0.0154    -0.7038 -9.990e-29
 255.742101     -0.147   0.018641    13.7220    -1.9200     -0.146     0.0154    -0.7039 -9.990e-29
 255.742106     -0.130   0.018641    13.7217    -1.9201     -0.129     0.0154    -0.7038 -9.990e-29
 255.742112     -0.114   0.018640    13.7212    -1.9203     -0.113     0.0154    -0.7038 -9.990e-29
 255.742118     -0.103   0.018640    13.7210    -1.9203     -0.102     0.0154    -0.7037 -9.990e-29
 255.742124     -0.097   0.018639    13.7216    -1.9199     -0.096     0.0154    -0.7038 -9.990e-29
 255.742130     -0.094   0.018637    13.7229    -1.9199     -0.093     0.0154    -0.7040 -9.990e-29
 255.742135     -0.091   0.018635    13.7244    -1.9200     -0.090     0.0154    -0.7042 -9.990e-29
 255.742141     -0.082   0.018630    13.7258    -1.9201     -0.081     0.0154    -0.7044 -9.990e-29
 255.742147     -0.072   0.018616    13.7268    -1.9202     -0.071     0.0154    -0.7045 -9.990e-29
 255.742153     -0.064   0.018575    13.7267    -1.9201     -0.063     0.0154    -0.7045 -9.990e-29
 255.742159     -0.058   0.018451    13.7254    -1.9201     -0.058     0.0153    -0.7044 -9.990e-29
 255.742164     -0.054   0.018081    13.7242    -1.9202     -0.054     0.0151    -0.7044 -9.990e-29
 255.742170     -0.050   0.017527    13.7252    -1.9202     -0.050     0.0148    -0.7048 -9.990e-29
 255.742176     -0.047   0.017157    13.7278    -1.9202     -0.047     0.0146    -0.7053 -9.990e-29
 255.742182     -0.045   0.017033    13.7292    -1.9202     -0.045     0.0146    -0.7055 -9.990e-29
 255.742188     -0.043   0.016991    13.7286    -1.9202     -0.043     0.0146    -0.7054 -9.990e-29
 255.742193     -0.042   0.016977    13.7274    -1.9201     -0.042     0.0145    -0.7053 -9.990e-29
 255.742199     -0.041   0.016972    13.7266    -1.9202     -0.041     0.0145    -0.7052 -9.990e-29
 255.742205     -0.040   0.016969    13.7264    -1.9203     -0.040     0.0145    -0.7051 -9.990e-29
 255.742211     -0.039   0.016968    13.7259    -1.9204     -0.039     0.0145    -0.7051 -9.990e-29
 255.742216     -0.039   0.016968    13.7251    -1.9204     -0.039     0.0145    -0.7050 -9.990e-29
 255.742222     -0.038   0.016967    13.7247    -1.9203     -0.038     0.0145    -0.7049 -9.990e-29
 255.742228     -0.038   0.016966    13.7245    -1.9202     -0.038     0.0145    -0.7049 -9.990e-29
 255.742234     -0.038   0.016966    13.7243    -1.9201     -0.038     0.0145    -0.7049 -9.990e-29
 255.742240     -0.038   0.016965    13.7243    -1.9203     -0.038     0.0145    -0.7049 -9.990e-29
 255.742245     -0.037   0.016965    13.7243    -1.9204     -0.037     0.0145    -0.7049 -9.990e-29
 255.742251     -0.037   0.016964    13.7235    -1.9202     -0.037     0.0145    -0.7048 -9.990e-29
 255.742257     -0.037   0.016963    13.7223    -1.9201     -0.037     0.0145    -0.7046 -9.990e-29
 255.742263     -0.037   0.016963    13.7212    -1.9201     -0.037     0.0145    -0.7044 -9.990e-29
 255.742269     -0.037   0.016962    13.7209    -1.9201     -0.037     0.0145    -0.7044 -9.990e-29
 255.742274     -0.037   0.016962    13.7217    -1.9199     -0.037     0.0145    -0.7045 -9.990e-29
 255.742280     -0.037   0.016961    13.7230    -1.9200     -0.037     0.0145    -0.7047 -9.990e-29
 255.742286     -0.037   0.016960    13.7233    -1.9202     -0.037     0.0145    -0.7047 -9.990e-29
 255.742292     -0.037   0.016960    13.7224    -1.9202     -0.037     0.0145    -0.7046 -9.990e-29
 255.742297     -0.037   0.016959    13.7222    -1.9202     -0.037     0.0145    -0.7046 -9.990e-29
 255.742303     -0.037   0.016959    13.7237    -1.9202     -0.037     0.0145    -0.7048 -9.990e-29
 255.742309     -0.037   0.016958    13.7256    -1.9201     -0.037     0.0145    -0.7050 -9.990e-29
 255.742315     -0.037   0.016957    13.7269    -1.9201     -0.037     0.0145    -0.7052 -9.990e-29
 255.742321     -0.037   0.016957    13.7278    -1.9201     -0.037     0.0145    -0.7053 -9.990e-29
 255.742326     -0.037   0.016956    13.7281    -1.9200     -0.037     0.0145    -0.7054 -9.990e-29
 255.742332     -0.037   0.016956    13.7271    -1.9199     -0.037     0.0145    -0.7052 -9.990e-29
