data/oxygen options/ONMS/Olympic_Coast_National_Marine_Sanctuary_CTD_Data_2005_2023/raw_data/2020/CAST_CE042_200911faed.cnv
* Sea-Bird SBE 19 Data File:
* FileName = C:\2020 Mooring Data\Casts\CAST_CE042_200911.hex
* Software Version SeatermAF 2.1.2
* Temperature SN = 2997
* Conductivity SN = 2997
* System UpLoad Time = Sep 11 2020 18:26:43 (localtime) = Sep 11 2020 18:26:43 (UTC)
** CAST_CE042_200911
* ds
# nquan = 9                                 
# nvalues = 1273                        
# units = specified
# name 0 = timeJ: Julian Days
# name 1 = prSM: Pressure, Strain Gauge [db]
# name 2 = c0mS/cm: Conductivity [mS/cm]
# name 3 = t090C: Temperature [ITS-90, deg C]
# name 4 = sbeox0ML/L: Oxygen, SBE 43 [ml/l]
# name 5 = depSM: Depth [salt water, m], lat = 47.5
# name 6 = sal00: Salinity, Practical [PSU]
# name 7 = sigma-é00: Density [sigma-theta, kg/m^3]
# name 8 = flag: flag
# span 0 = 255.739560, 255.746921       
# span 1 =     -5.246,     44.522       
# span 2 =   0.014727,  38.462351       
# span 3 =     7.3719,    13.7498       
# span 4 =    -1.9330,    20.3242       
# span 5 =     -5.202,     44.146       
# span 6 =     0.0133,    33.7990       
# span 7 =    -0.7070,    26.4206       
# span 8 = 0.0000e+00, 0.0000e+00       
# interval = seconds: 0.5
# start_time = Sep 11 2020 17:44:58 [Instrument's time stamp, header]
# bad_flag = -9.990e-29
*END*
 255.739560     -5.246 -9.990e-29    13.7299    -1.9179     -5.202 -9.990e-29 -9.990e-29 -9.990e-29
 255.739566     -5.198   0.088546    13.7309    -1.9180     -5.155     0.0552    -0.6741 -9.990e-29
 255.739572     -5.150   0.085067    13.7313    -1.9180     -5.107     0.0531    -0.6758 -9.990e-29
 255.739578     -5.100   0.082755    13.7317    -1.9182     -5.057     0.0518    -0.6769 -9.990e-29
 255.739583     -5.052   0.082961    13.7324    -1.9183     -5.010     0.0519    -0.6769 -9.990e-29
 255.739589     -5.010   0.083928    13.7334    -1.9183     -4.968     0.0525    -0.6766 -9.990e-29
 255.739595     -4.975   0.084175    13.7351    -1.9182     -4.934     0.0526    -0.6767 -9.990e-29
 255.739601     -4.946   0.082555    13.7374    -1.9183     -4.905     0.0517    -0.6778 -9.990e-29
 255.739606     -4.921   0.078568    13.7398    -1.9182     -4.880     0.0493    -0.6799 -9.990e-29
 255.739612     -4.898   0.073732    13.7412    -1.9182     -4.857     0.0465    -0.6823 -9.990e-29
 255.739618     -4.875   0.069353    13.7411    -1.9183     -4.834     0.0439    -0.6843 -9.990e-29
 255.739624     -4.852   0.065689    13.7399    -1.9184     -4.812     0.0418    -0.6858 -9.990e-29
 255.739630     -4.826   0.062840    13.7383    -1.9185     -4.786     0.0402    -0.6868 -9.990e-29
 255.739635     -4.797   0.060885    13.7374    -1.9183     -4.757     0.0390    -0.6876 -9.990e-29
 255.739641     -4.762   0.059433    13.7377    -1.9183     -4.722     0.0382    -0.6883 -9.990e-29
 255.739647     -4.723   0.057655    13.7387    -1.9183     -4.684     0.0372    -0.6892 -9.990e-29
 255.739653     -4.687   0.055396    13.7396    -1.9183     -4.648     0.0359    -0.6904 -9.990e-29
 255.739659     -4.655   0.052968    13.7401    -1.9183     -4.616     0.0345    -0.6915 -9.990e-29
 255.739664     -4.626   0.050457    13.7396    -1.9184     -4.587     0.0330    -0.6926 -9.990e-29
 255.739670     -4.597   0.048394    13.7378    -1.9184     -4.559     0.0319    -0.6932 -9.990e-29
 255.739676     -4.567   0.047907    13.7361    -1.9183     -4.529     0.0316    -0.6932 -9.990e-29
 255.739682     -4.534   0.049455    13.7354    -1.9183     -4.496     0.0325    -0.6924 -9.990e-29
 255.739688     -4.499   0.052886    13.7359    -1.9183     -4.462     0.0344    -0.6910 -9.990e-29
 255.739693     -4.466   0.057788    13.7366    -1.9183     -4.429     0.0373    -0.6889 -9.990e-29
 255.739699     -4.432   0.062387    13.7368    -1.9183     -4.395     0.0399    -0.6868 -9.990e-29
 255.739705     -4.399   0.065057    13.7368    -1.9184     -4.362     0.0414    -0.6856 -9.990e-29
 255.739711     -4.369   0.065483    13.7370    -1.9186     -4.333     0.0417    -0.6855 -9.990e-29
 255.739716     -4.340   0.063678    13.7373    -1.9185     -4.304     0.0407    -0.6863 -9.990e-29
 255.739722     -4.311   0.060558    13.7380    -1.9187     -4.275     0.0388    -0.6878 -9.990e-29
 255.739728     -4.279   0.057505    13.7392    -1.9188     -4.243     0.0371    -0.6894 -9.990e-29
 255.739734     -4.243   0.054878    13.7403    -1.9190     -4.208     0.0356    -0.6907 -9.990e-29
 255.739740     -4.205   0.052501    13.7411    -1.9193     -4.170     0.0342    -0.6919 -9.990e-29
 255.739745     -4.170   0.050526    13.7412    -1.9194     -4.135     0.0331    -0.6927 -9.990e-29
 255.739751     -4.141   0.049090    13.7403    -1.9193     -4.106     0.0323    -0.6933 -9.990e-29
 255.739757     -4.116   0.047940    13.7385    -1.9192     -4.082     0.0316    -0.6935 -9.990e-29
 255.739763     -4.094   0.046650    13.7366    -1.9187     -4.060     0.0309    -0.6938 -9.990e-29
 255.739769     -4.072   0.045162    13.7349    -1.9184     -4.038     0.0300    -0.6943 -9.990e-29
 255.739774     -4.050   0.043710    13.7326    -1.9183     -4.016     0.0292    -0.6946 -9.990e-29
 255.739780     -4.026   0.042572    13.7295    -1.9183     -3.992     0.0286    -0.6947 -9.990e-29
 255.739786     -3.998   0.041894    13.7258    -1.9185     -3.965     0.0282    -0.6945 -9.990e-29
 255.739792     -3.966   0.041323    13.7223    -1.9187     -3.933     0.0279    -0.6942 -9.990e-29
 255.739797     -3.930   0.040653    13.7208    -1.9186     -3.897     0.0275    -0.6943 -9.990e-29
 255.739803     -3.898   0.040099    13.7225    -1.9187     -3.866     0.0272    -0.6948 -9.990e-29
 255.739809     -3.872   0.039475    13.7271    -1.9187     -3.840     0.0268    -0.6957 -9.990e-29
 255.739815     -3.849   0.038505    13.7333    -1.9187     -3.817     0.0263    -0.6970 -9.990e-29
 255.739821     -3.829   0.037556    13.7387    -1.9185     -3.797     0.0258    -0.6981 -9.990e-29
 255.739826     -3.811   0.037025    13.7415    -1.9184     -3.779     0.0255    -0.6987 -9.990e-29
 255.739832     -3.792   0.036756    13.7415    -1.9184     -3.760     0.0253    -0.6988 -9.990e-29
 255.739838     -3.773   0.036392    13.7394    -1.9182     -3.742     0.0251    -0.6987 -9.990e-29
 255.739844     -3.751   0.036002    13.7374    -1.9182     -3.720     0.0249    -0.6986 -9.990e-29
 255.739850     -3.726   0.036174    13.7368    -1.9181     -3.695     0.0250    -0.6985 -9.990e-29
 255.739855     -3.695   0.037137    13.7370    -1.9180     -3.664     0.0255    -0.6981 -9.990e-29
 255.739861     -3.662   0.038511    13.7374    -1.9181     -3.631     0.0263    -0.6975 -9.990e-29
 255.739867     -3.631   0.039913    13.7385    -1.9181     -3.601     0.0271    -0.6971 -9.990e-29
 255.739873     -3.607   0.040997    13.7404    -1.9181     -3.577     0.0277    -0.6968 -9.990e-29
 255.739878     -3.587   0.041547    13.7426    -1.9183     -3.557     0.0280    -0.6969 -9.990e-29
 255.739884     -3.569   0.041742    13.7446    -1.9184     -3.539     0.0281    -0.6971 -9.990e-29
 255.739890     -3.554   0.041842    13.7465    -1.9186     -3.524     0.0282    -0.6973 -9.990e-29
 255.739896     -3.539   0.041979    13.7479    -1.9187     -3.509     0.0282    -0.6974 -9.990e-29
 255.739902     -3.525   0.042336    13.7491    -1.9188     -3.496     0.0284    -0.6974 -9.990e-29
 255.739907     -3.509   0.042836    13.7498    -1.9189     -3.480     0.0287    -0.6973 -9.990e-29
 255.739913     -3.491   0.043037    13.7498    -1.9188     -3.462     0.0288    -0.6972 -9.990e-29
 255.739919     -3.471   0.042653    13.7497    -1.9186     -3.442     0.0286    -0.6974 -9.990e-29
 255.739925     -3.446   0.041725    13.7492    -1.9185     -3.417     0.0281    -0.6977 -9.990e-29
 255.739931     -3.419   0.040679    13.7473    -1.9185     -3.390     0.0275    -0.6979 -9.990e-29
 255.739936     -3.397   0.039780    13.7443    -1.9185     -3.369     0.0270    -0.6979 -9.990e-29
 255.739942     -3.379   0.038940    13.7412    -1.9185     -3.351     0.0265    -0.6978 -9.990e-29
 255.739948     -3.360   0.038144    13.7381    -1.9186     -3.332     0.0261    -0.6978 -9.990e-29
 255.739954     -3.342   0.037439    13.7359    -1.9187     -3.314     0.0257    -0.6978 -9.990e-29
 255.739959     -3.324   0.036995    13.7356    -1.9187     -3.296     0.0254    -0.6979 -9.990e-29
 255.739965     -3.301   0.036772    13.7372    -1.9186     -3.273     0.0253    -0.6982 -9.990e-29
 255.739971     -3.276   0.036473    13.7400    -1.9186     -3.249     0.0251    -0.6988 -9.990e-29
 255.739977     -3.252   0.036255    13.7423    -1.9186     -3.225     0.0250    -0.6992 -9.990e-29
 255.739983     -3.226   0.036381    13.7433    -1.9187     -3.199     0.0251    -0.6992 -9.990e-29
 255.739988     -3.201   0.036465    13.7435    -1.9187     -3.174     0.0251    -0.6992 -9.990e-29
 255.739994     -3.181   0.036063    13.7429    -1.9188     -3.154     0.0249    -0.6993 -9.990e-29
 255.740000     -3.164   0.035193    13.7417    -1.9188     -3.138     0.0244    -0.6995 -9.990e-29
 255.740006     -3.148   0.034357    13.7406    -1.9192     -3.122     0.0240    -0.6998 -9.990e-29
 255.740012     -3.133   0.034102    13.7405    -1.9195     -3.107     0.0238    -0.6999 -9.990e-29
 255.740017     -3.119   0.034087    13.7412    -1.9195     -3.093     0.0238    -0.7000 -9.990e-29
 255.740023     -3.098   0.033738    13.7419    -1.9196     -3.072     0.0236    -0.7002 -9.990e-29
 255.740029     -3.072   0.033144    13.7418    -1.9196     -3.046     0.0233    -0.7004 -9.990e-29
 255.740035     -3.045   0.032621    13.7408    -1.9197     -3.020     0.0230    -0.7005 -9.990e-29
 255.740041     -3.022   0.032579    13.7394    -1.9196     -2.997     0.0230    -0.7004 -9.990e-29
 255.740046     -2.999   0.032962    13.7377    -1.9196     -2.974     0.0232    -0.7000 -9.990e-29
 255.740052     -2.977   0.033173    13.7349    -1.9196     -2.952     0.0233    -0.6995 -9.990e-29
 255.740058     -2.953   0.032940    13.7305    -1.9196     -2.928     0.0232    -0.6990 -9.990e-29
 255.740064     -2.930   0.032504    13.7259    -1.9199     -2.906     0.0229    -0.6986 -9.990e-29
 255.740069     -2.915   0.032392    13.7227    -1.9201     -2.891     0.0229    -0.6982 -9.990e-29
 255.740075     -2.908   0.032456    13.7209    -1.9200     -2.884     0.0229    -0.6979 -9.990e-29
 255.740081     -2.899   0.032227    13.7202    -1.9199     -2.875     0.0228    -0.6979 -9.990e-29
 255.740087     -2.884   0.031954    13.7198    -1.9199     -2.860     0.0226    -0.6980 -9.990e-29
 255.740093     -2.865   0.031826    13.7198    -1.9194     -2.841     0.0226    -0.6980 -9.990e-29
 255.740098     -2.847   0.031673    13.7201    -1.9194     -2.823     0.0225    -0.6981 -9.990e-29
 255.740104     -2.827   0.031290    13.7196    -1.9196     -2.803     0.0223    -0.6982 -9.990e-29
 255.740110     -2.809   0.030719    13.7176    -1.9196     -2.786     0.0220    -0.6982 -9.990e-29
 255.740116     -2.792   0.030307    13.7145    -1.9196     -2.769     0.0217    -0.6980 -9.990e-29
 255.740122     -2.770   0.030061    13.7124    -1.9195     -2.747     0.0216    -0.6978 -9.990e-29
 255.740127     -2.746   0.029651    13.7124    -1.9195     -2.723     0.0214    -0.6980 -9.990e-29
 255.740133     -2.723   0.029083    13.7139    -1.9195     -2.700     0.0211    -0.6984 -9.990e-29
 255.740139     -2.699   0.028709    13.7172    -1.9194     -2.676     0.0208    -0.6990 -9.990e-29
 255.740145     -2.673   0.028585    13.7217    -1.9193     -2.651     0.0208    -0.6997 -9.990e-29
 255.740150     -2.644   0.028543    13.7243    -1.9193     -2.622     0.0208    -0.7000 -9.990e-29
 255.740156     -2.613   0.028528    13.7245    -1.9192     -2.591     0.0207    -0.7001 -9.990e-29
 255.740162     -2.587   0.028522    13.7242    -1.9192     -2.565     0.0207    -0.7000 -9.990e-29
 255.740168     -2.570   0.028516    13.7242    -1.9191     -2.549     0.0207    -0.7000 -9.990e-29
 255.740174     -2.559   0.028502    13.7246    -1.9191     -2.538     0.0207    -0.7001 -9.990e-29
 255.740179     -2.550   0.028461    13.7255    -1.9193     -2.529     0.0207    -0.7002 -9.990e-29
 255.740185     -2.539   0.028338    13.7265    -1.9192     -2.518     0.0206    -0.7004 -9.990e-29
 255.740191     -2.527   0.027969    13.7277    -1.9192     -2.506     0.0204    -0.7007 -9.990e-29
 255.740197     -2.516   0.027415    13.7292    -1.9194     -2.495     0.0201    -0.7012 -9.990e-29
 255.740203     -2.500   0.027046    13.7305    -1.9195     -2.479     0.0199    -0.7015 -9.990e-29
 255.740208     -2.481   0.026923    13.7317    -1.9196     -2.460     0.0199    -0.7017 -9.990e-29
 255.740214     -2.464   0.026882    13.7328    -1.9197     -2.443     0.0198    -0.7019 -9.990e-29
 255.740220     -2.447   0.026868    13.7335    -1.9197     -2.427     0.0198    -0.7020 -9.990e-29
 255.740226     -2.429   0.026863    13.7334    -1.9198     -2.409     0.0198    -0.7020 -9.990e-29
 255.740231     -2.409   0.026860    13.7328    -1.9198     -2.389     0.0198    -0.7019 -9.990e-29
 255.740237     -2.390   0.026855    13.7321    -1.9197     -2.370     0.0198    -0.7018 -9.990e-29
 255.740243     -2.374   0.026842    13.7309    -1.9196     -2.354     0.0198    -0.7017 -9.990e-29
 255.740249     -2.358   0.026801    13.7289    -1.9196     -2.338     0.0198    -0.7014 -9.990e-29
 255.740255     -2.339   0.026680    13.7266    -1.9199     -2.319     0.0197    -0.7011 -9.990e-29
 255.740260     -2.321   0.026317    13.7246    -1.9200     -2.302     0.0195    -0.7010 -9.990e-29
 255.740266     -2.302   0.025781    13.7229    -1.9200     -2.283     0.0192    -0.7010 -9.990e-29
 255.740272     -2.286   0.025467    13.7218    -1.9201     -2.267     0.0191    -0.7010 -9.990e-29
 255.740278     -2.272   0.025508    13.7213    -1.9201     -2.253     0.0191    -0.7009 -9.990e-29
 255.740284     -2.254   0.025775    13.7215    -1.9201     -2.235     0.0192    -0.7008 -9.990e-29
 255.740289     -2.236   0.026070    13.7222    -1.9200     -2.217     0.0194    -0.7008 -9.990e-29
 255.740295     -2.221   0.026045    13.7225    -1.9199     -2.202     0.0194    -0.7009 -9.990e-29
 255.740301     -2.207   0.025667    13.7215    -1.9198     -2.189     0.0192    -0.7009 -9.990e-29
 255.740307     -2.195   0.025357    13.7193    -1.9200     -2.177     0.0190    -0.7007 -9.990e-29
 255.740312     -2.182   0.025252    13.7170    -1.9199     -2.164     0.0190    -0.7004 -9.990e-29
 255.740318     -2.169   0.025213    13.7153    -1.9201     -2.151     0.0189    -0.7002 -9.990e-29
 255.740324     -2.154   0.025188    13.7141    -1.9204     -2.136     0.0189    -0.7001 -9.990e-29
 255.740330     -2.137   0.025144    13.7139    -1.9207     -2.119     0.0189    -0.7001 -9.990e-29
 255.740336     -2.116   0.025020    13.7149    -1.9209     -2.098     0.0188    -0.7003 -9.990e-29
 255.740341     -2.090   0.024651    13.7169    -1.9213     -2.073     0.0186    -0.7007 -9.990e-29
 255.740347     -2.063   0.024098    13.7186    -1.9214     -2.046     0.0183    -0.7011 -9.990e-29
 255.740353     -2.039   0.023729    13.7187    -1.9214     -2.022     0.0181    -0.7013 -9.990e-29
 255.740359     -2.023   0.023606    13.7174    -1.9216     -2.006     0.0181    -0.7012 -9.990e-29
 255.740365     -2.013   0.023565    13.7153    -1.9218     -1.996     0.0180    -0.7009 -9.990e-29
 255.740370     -2.005   0.023551    13.7119    -1.9218     -1.988     0.0180    -0.7005 -9.990e-29
 255.740376     -1.994   0.023547    13.7067    -1.9217     -1.977     0.0180    -0.6998 -9.990e-29
 255.740382     -1.982   0.023546    13.7007    -1.9216     -1.965     0.0180    -0.6990 -9.990e-29
 255.740388     -1.975   0.023546    13.6946    -1.9215     -1.959     0.0180    -0.6981 -9.990e-29
 255.740394     -1.971   0.023546    13.6891    -1.9215     -1.955     0.0180    -0.6974 -9.990e-29
 255.740399     -1.970   0.023547    13.6851    -1.9216     -1.954     0.0180    -0.6968 -9.990e-29
 255.740405     -1.967   0.023547    13.6825    -1.9216     -1.951     0.0180    -0.6965 -9.990e-29
 255.740411     -1.959   0.023547    13.6798    -1.9217     -1.943     0.0180    -0.6961 -9.990e-29
 255.740417     -1.949   0.023547    13.6773    -1.9219     -1.933     0.0180    -0.6958 -9.990e-29
 255.740422     -1.940   0.023546    13.6762    -1.9221     -1.924     0.0180    -0.6956 -9.990e-29
 255.740428     -1.932   0.023542    13.6769    -1.9220     -1.916     0.0180    -0.6957 -9.990e-29
 255.740434     -1.925   0.023529    13.6787    -1.9219     -1.909     0.0180    -0.6960 -9.990e-29
 255.740440     -1.918   0.023488    13.6804    -1.9221     -1.902     0.0180    -0.6962 -9.990e-29
 255.740446     -1.911   0.023366    13.6808    -1.9221     -1.895     0.0179    -0.6963 -9.990e-29
 255.740451     -1.903   0.022998    13.6799    -1.9222     -1.887     0.0177    -0.6964 -9.990e-29
 255.740457     -1.894   0.022447    13.6782    -1.9222     -1.878     0.0174    -0.6964 -9.990e-29
 255.740463     -1.883   0.022088    13.6759    -1.9222     -1.867     0.0172    -0.6962 -9.990e-29
 255.740469     -1.869   0.021993    13.6733    -1.9221     -1.853     0.0172    -0.6959 -9.990e-29
 255.740475     -1.852   0.022034    13.6715    -1.9221     -1.837     0.0172    -0.6956 -9.990e-29
 255.740480     -1.835   0.022267    13.6710    -1.9222     -1.820     0.0173    -0.6955 -9.990e-29
