data/oxygen options/ONMS/Olympic_Coast_National_Marine_Sanctuary_CTD_Data_2005_2023/raw_data/2020/CAST_KL027_200911faedb.cnv
* Sea-Bird SBE 19 Data File:
* FileName = C:\2020 Mooring Data\Casts\CAST_KL027_200911.hex
* Software Version SeatermAF 2.1.2
* Temperature SN = 2997
* Conductivity SN = 2997
* System UpLoad Time = Sep 11 2020 21:06:36 (localtime) = Sep 11 2020 21:06:36 (UTC)
** CAST_KL027_200911
* ds
# nquan = 9
# nvalues = 26                          
# units = specified
# name 0 = timeJ: Julian Days
# name 1 = prSM: Pressure, Strain Gauge [db]
# name 2 = c0mS/cm: Conductivity [mS/cm]
# name 3 = t090C: Temperature [ITS-90, deg C]
# name 4 = sbeox0ML/L: Oxygen, SBE 43 [ml/l]
# name 5 = depSM: Depth [salt water, m], lat = 47.5
# name 6 = sal00: Salinity, Practical [PSU]
# name 7 = sigma-é00: Density [sigma-theta, kg/m^3]
# name 8 = flag: flag
# span 0 = 255.851658, 255.852153       
# span 1 =      2.000,     27.000       
# span 2 =  34.966654,  37.777869       
# span 3 =     8.1498,    12.1928       
# span 4 =     0.8435,     9.5632       
# span 5 =      1.983,     26.773       
# span 6 =    32.6703,    33.5520       
# span 7 =    24.7441,    26.1150       
# span 8 = 0.0000e+00, 0.0000e+00       
# interval = decibars: 1                
# start_time = Sep 11 2020 20:20:51 [Instrument's time stamp, header]
# bad_flag = -9.990e-29
*END*
 255.851658      2.000  37.777869    12.1928     9.5575      1.983    32.6703    24.7441 0.0000e+00
 255.851683      3.000  37.716711    12.1078     9.2337      2.975    32.6853    24.7717 0.0000e+00
 255.851703      4.000  37.635989    11.9859     9.2228      3.966    32.7137    24.8166 0.0000e+00
 255.851721      5.000  37.443822    11.7885     9.5319      4.958    32.7003    24.8429 0.0000e+00
 255.851739      6.000  37.417921    11.7617     9.5632      5.950    32.6984    24.8463 0.0000e+00
 255.851757      7.000  37.571723    11.7772     8.9845      6.942    32.8339    24.9487 0.0000e+00
 255.851774      8.000  37.553734    11.5544     7.6856      7.933    33.0138    25.1294 0.0000e+00
 255.851793      9.000  37.273428    11.2481     5.3036      8.925    33.0117    25.1833 0.0000e+00
 255.851810     10.000  36.823298    10.5542     4.0734      9.916    33.1909    25.4449 0.0000e+00
 255.851827     11.000  36.210178     9.7582     3.8870     10.908    33.3000    25.6646 0.0000e+00
 255.851844     12.000  35.912364     9.4738     3.3453     11.900    33.2577    25.6785 0.0000e+00
 255.851863     13.000  35.745480     9.1682     2.1608     12.891    33.3698    25.8152 0.0000e+00
 255.851882     14.000  35.398575     8.7196     1.0977     13.883    33.4292    25.9321 0.0000e+00
 255.851900     15.000  35.156551     8.4165     0.9352     14.874    33.4609    26.0034 0.0000e+00
 255.851919     16.000  35.019738     8.2966     0.8790     15.866    33.4294    25.9967 0.0000e+00
 255.851938     17.000  34.966654     8.2046     0.8997     16.857    33.4603    26.0347 0.0000e+00
 255.851958     18.000  34.998257     8.1783     0.9209     17.849    33.5185    26.0843 0.0000e+00
 255.851979     19.000  35.004551     8.1646     0.9356     18.841    33.5379    26.1015 0.0000e+00
 255.851999     20.000  35.007687     8.1651     0.9285     19.832    33.5403    26.1034 0.0000e+00
 255.852019     21.000  35.008790     8.1587     0.9202     20.824    33.5471    26.1097 0.0000e+00
 255.852038     22.000  35.009601     8.1598     0.9094     21.815    33.5464    26.1090 0.0000e+00
 255.852058     23.000  35.008632     8.1601     0.8959     22.807    33.5447    26.1076 0.0000e+00
 255.852079     24.000  35.008331     8.1594     0.8793     23.798    33.5445    26.1076 0.0000e+00
 255.852101     25.000  35.008044     8.1539     0.8536     24.790    33.5490    26.1120 0.0000e+00
 255.852125     26.000  35.008926     8.1525     0.8435     25.782    33.5508    26.1136 0.0000e+00
 255.852153     27.000  35.008110     8.1498     0.8541     26.773    33.5520    26.1150 0.0000e+00
