data/oxygen options/ONMS/Olympic_Coast_National_Marine_Sanctuary_CTD_Data_2005_2023/raw_data/2020/CAST_CA042_200930faed.cnv
* Sea-Bird SBE 19 Data File:
* FileName = C:\2020 Mooring Data\Casts\CAST_CA042_200930.hex
* Software Version SeatermAF 2.1.2
* Temperature SN = 2997
* Conductivity SN = 2997
* System UpLoad Time = Oct 01 2020 19:55:10 (localtime) = Oct 01 2020 19:55:10 (UTC)
** CAST_CA042_200930
* ds
# nquan = 9                                 
# nvalues = 1325                        
# units = specified
# name 0 = timeJ: Julian Days
# name 1 = prSM: Pressure, Strain Gauge [db]
# name 2 = c0mS/cm: Conductivity [mS/cm]
# name 3 = t090C: Temperature [ITS-90, deg C]
# name 4 = sbeox0ML/L: Oxygen, SBE 43 [ml/l]
# name 5 = depSM: Depth [salt water, m], lat = 47.5
# name 6 = sal00: Salinity, Practical [PSU]
# name 7 = sigma-é00: Density [sigma-theta, kg/m^3]
# name 8 = flag: flag
# span 0 = 274.800347, 274.808009       
# span 1 =     -5.434,     43.211       
# span 2 =   0.274491, 222.085466       
# span 3 =     8.1013,    43.2725       
# span 4 =  -174.5825,    15.0886       
# span 5 =     -5.389,     42.846       
# span 6 =     0.1533,    36.4720       
# span 7 =    -1.2736,    25.8504       
# span 8 = 0.0000e+00, 0.0000e+00       
# interval = seconds: 0.5
# start_time = Sep 30 2020 19:12:30 [Instrument's time stamp, header]
# bad_flag = -9.990e-29
*END*
[from data line 481]
 274.803131     -0.308   0.279614    17.9110    -1.7605     -0.305     0.1562    -1.2665 -9.990e-29
 274.803137     -0.308   0.279520    17.9109    -1.7607     -0.305     0.1562    -1.2666 -9.990e-29
 274.803142     -0.308   0.279491    17.9058    -1.7611     -0.305     0.1562    -1.2656 -9.990e-29
 274.803148     -0.308   0.279490    17.8972    -1.7613     -0.305     0.1562    -1.2640 -9.990e-29
 274.803154     -0.308   0.279516    17.8864    -1.7616     -0.305     0.1562    -1.2620 -9.990e-29
 274.803160     -0.309   0.279606    17.8741    -1.7618     -0.306     0.1563    -1.2597 -9.990e-29
 274.803166     -0.309   0.279879    17.8625    -1.7617     -0.306     0.1565    -1.2574 -9.990e-29
 274.803171     -0.310   0.280146    17.8545    -1.7620     -0.307     0.1567    -1.2558 -9.990e-29
 274.803177     -0.310   0.280208    17.8504    -1.7625     -0.307     0.1568    -1.2550 -9.990e-29
 274.803183     -0.311   0.280146    17.8473    -1.7629     -0.308     0.1567    -1.2544 -9.990e-29
 274.803189     -0.312   0.279879    17.8419    -1.7631     -0.309     0.1566    -1.2535 -9.990e-29
 274.803194     -0.314   0.279605    17.8344    -1.7633     -0.311     0.1565    -1.2523 -9.990e-29
 274.803200     -0.316   0.279513    17.8267    -1.7634     -0.313     0.1564    -1.2509 -9.990e-29
 274.803206     -0.319   0.279481    17.8198    -1.7635     -0.316     0.1565    -1.2496 -9.990e-29
 274.803212     -0.322   0.279467    17.8143    -1.7638     -0.319     0.1565    -1.2486 -9.990e-29
 274.803218     -0.326   0.279451    17.8093    -1.7637     -0.323     0.1565    -1.2477 -9.990e-29
 274.803223     -0.327   0.279413    17.8022    -1.7640     -0.324     0.1565    -1.2464 -9.990e-29
 274.803229     -0.321   0.279303    17.7928    -1.7640     -0.318     0.1564    -1.2447 -9.990e-29
 274.803235     -0.312   0.278975    17.7836    -1.7643     -0.309     0.1563    -1.2431 -9.990e-29
 274.803241     -0.303   0.278544    17.7762    -1.7646     -0.300     0.1561    -1.2419 -9.990e-29
 274.803247     -0.294   0.278544    17.7706    -1.7648     -0.292     0.1561    -1.2409 -9.990e-29
 274.803252     -0.284   0.278975    17.7663    -1.7649     -0.282     0.1564    -1.2399 -9.990e-29
 274.803258     -0.273   0.279303    17.7623    -1.7652     -0.271     0.1566    -1.2390 -9.990e-29
 274.803264     -0.259   0.279412    17.7586    -1.7655     -0.257     0.1566    -1.2383 -9.990e-29
 274.803270     -0.247   0.279448    17.7551    -1.7656     -0.245     0.1567    -1.2376 -9.990e-29
 274.803275     -0.239   0.279460    17.7511    -1.7659     -0.237     0.1567    -1.2369 -9.990e-29
 274.803281     -0.235   0.279464    17.7460    -1.7658     -0.233     0.1567    -1.2359 -9.990e-29
 274.803287     -0.240   0.279466    17.7392    -1.7658     -0.238     0.1567    -1.2347 -9.990e-29
 274.803293     -0.254   0.279466    17.7321    -1.7659     -0.252     0.1567    -1.2333 -9.990e-29
 274.803299     -0.268   0.279466    17.7260    -1.7659     -0.266     0.1568    -1.2322 -9.990e-29
 274.803304     -0.280   0.279465    17.7200    -1.7656     -0.278     0.1568    -1.2311 -9.990e-29
 274.803310     -0.286   0.279463    17.7138    -1.7653     -0.284     0.1568    -1.2300 -9.990e-29
 274.803316     -0.282   0.279458    17.7079    -1.7649     -0.280     0.1568    -1.2289 -9.990e-29
 274.803322     -0.273   0.279444    17.7031    -1.7646     -0.271     0.1568    -1.2280 -9.990e-29
 274.803328     -0.261   0.279403    17.6999    -1.7643     -0.259     0.1568    -1.2274 -9.990e-29
 274.803333     -0.251   0.279280    17.6981    -1.7641     -0.249     0.1568    -1.2271 -9.990e-29
 274.803339     -0.249   0.278911    17.6969    -1.7642     -0.247     0.1566    -1.2271 -9.990e-29
 274.803345     -0.257   0.278357    17.6967    -1.7641     -0.255     0.1562    -1.2273 -9.990e-29
 274.803351     -0.266   0.277987    17.6992    -1.7638     -0.264     0.1560    -1.2279 -9.990e-29
 274.803356     -0.273   0.277864    17.7050    -1.7636     -0.271     0.1559    -1.2290 -9.990e-29
 274.803362     -0.277   0.277823    17.7131    -1.7633     -0.275     0.1559    -1.2305 -9.990e-29
 274.803368     -0.280   0.277809    17.7218    -1.7629     -0.278     0.1558    -1.2322 -9.990e-29
 274.803374     -0.280   0.277805    17.7301    -1.7626     -0.278     0.1558    -1.2337 -9.990e-29
 274.803380     -0.279   0.277803    17.7371    -1.7627     -0.277     0.1558    -1.2350 -9.990e-29
 274.803385     -0.277   0.277802    17.7419    -1.7627     -0.275     0.1558    -1.2359 -9.990e-29
 274.803391     -0.272   0.277801    17.7451    -1.7623     -0.270     0.1558    -1.2365 -9.990e-29
 274.803397     -0.265   0.277801    17.7492    -1.7620     -0.263     0.1557    -1.2372 -9.990e-29
 274.803403     -0.260   0.277801    17.7552    -1.7618     -0.258     0.1557    -1.2383 -9.990e-29
 274.803409     -0.260   0.277800    17.7622    -1.7615     -0.258     0.1557    -1.2396 -9.990e-29
 274.803414     -0.261   0.277799    17.7700    -1.7613     -0.259     0.1557    -1.2411 -9.990e-29
 274.803420     -0.260   0.277795    17.7780    -1.7611     -0.258     0.1556    -1.2426 -9.990e-29
 274.803426     -0.256   0.277782    17.7843    -1.7613     -0.254     0.1556    -1.2437 -9.990e-29
 274.803432     -0.248   0.277745    17.7880    -1.7613     -0.246     0.1556    -1.2444 -9.990e-29
 274.803437     -0.237   0.277634    17.7919    -1.7617     -0.235     0.1555    -1.2452 -9.990e-29
 274.803443     -0.225   0.277301    17.7983    -1.7624     -0.223     0.1553    -1.2465 -9.990e-29
 274.803449     -0.217   0.276856    17.8063    -1.7627     -0.215     0.1550    -1.2482 -9.990e-29
 274.803455     -0.208   0.276815    17.8141    -1.7627     -0.206     0.1550    -1.2497 -9.990e-29
 274.803461     -0.196   0.277122    17.8209    -1.7625     -0.194     0.1551    -1.2508 -9.990e-29
 274.803466     -0.190   0.277081    17.8258    -1.7624     -0.188     0.1551    -1.2517 -9.990e-29
 274.803472     -0.194   0.276636    17.8276    -1.7622     -0.192     0.1548    -1.2523 -9.990e-29
 274.803478     -0.204   0.276303    17.8259    -1.7618     -0.202     0.1546    -1.2521 -9.990e-29
 274.803484     -0.211   0.276192    17.8208    -1.7617     -0.209     0.1546    -1.2512 -9.990e-29
 274.803490     -0.212   0.276155    17.8119    -1.7615     -0.210     0.1546    -1.2496 -9.990e-29
 274.803495     -0.207   0.276143    17.8015    -1.7613     -0.205     0.1546    -1.2476 -9.990e-29
 274.803501     -0.201   0.276139    17.7943    -1.7611     -0.199     0.1547    -1.2463 -9.990e-29
 274.803507     -0.200   0.276137    17.7925    -1.7605     -0.198     0.1547    -1.2460 -9.990e-29
 274.803513     -0.205   0.276136    17.7946    -1.7600     -0.203     0.1547    -1.2464 -9.990e-29
 274.803519     -0.213   0.276136    17.7985    -1.7598     -0.211     0.1546    -1.2471 -9.990e-29
 274.803524     -0.223   0.276136    17.8037    -1.7597     -0.221     0.1546    -1.2481 -9.990e-29
 274.803530     -0.232   0.276136    17.8097    -1.7593     -0.230     0.1546    -1.2492 -9.990e-29
 274.803536     -0.236   0.276136    17.8153    -1.7590     -0.234     0.1546    -1.2502 -9.990e-29
 274.803542     -0.236   0.276136    17.8214    -1.7585     -0.234     0.1546    -1.2513 -9.990e-29
 274.803547     -0.231   0.276135    17.8289    -1.7582     -0.229     0.1545    -1.2527 -9.990e-29
 274.803553     -0.221   0.276135    17.8385    -1.7580     -0.219     0.1545    -1.2545 -9.990e-29
 274.803559     -0.211   0.276135    17.8499    -1.7579     -0.209     0.1545    -1.2566 -9.990e-29
 274.803565     -0.202   0.276134    17.8609    -1.7578     -0.200     0.1544    -1.2587 -9.990e-29
 274.803571     -0.192   0.276133    17.8699    -1.7578     -0.190     0.1544    -1.2604 -9.990e-29
 274.803576     -0.178   0.276128    17.8779    -1.7578     -0.177     0.1544    -1.2619 -9.990e-29
 274.803582     -0.169   0.276114    17.8866    -1.7577     -0.168     0.1543    -1.2635 -9.990e-29
 274.803588     -0.168   0.276072    17.8964    -1.7577     -0.167     0.1543    -1.2653 -9.990e-29
 274.803594     -0.172   0.275949    17.9067    -1.7576     -0.171     0.1542    -1.2673 -9.990e-29
 274.803600     -0.171   0.275580    17.9156    -1.7576     -0.170     0.1539    -1.2691 -9.990e-29
 274.803605     -0.166   0.275026    17.9219    -1.7579     -0.165     0.1536    -1.2706 -9.990e-29
 274.803611     -0.160   0.274657    17.9260    -1.7581     -0.159     0.1534    -1.2715 -9.990e-29
 274.803617     -0.150   0.274535    17.9286    -1.7584     -0.149     0.1533    -1.2720 -9.990e-29
 274.803623     -0.134   0.274496    17.9302    -1.7583     -0.133     0.1533    -1.2723 -9.990e-29
 274.803628     -0.119   0.274491    17.9313    -1.7583     -0.118     0.1533    -1.2725 -9.990e-29
 274.803634     -0.110   0.274511    17.9323    -1.7581     -0.109     0.1533    -1.2727 -9.990e-29
 274.803640     -0.105   0.274584    17.9328    -1.7583     -0.104     0.1533    -1.2728 -9.990e-29
 274.803646     -0.105   0.274806    17.9326    -1.7584     -0.104     0.1534    -1.2727 -9.990e-29
 274.803652     -0.105   0.275474    17.9307    -1.7583     -0.104     0.1538    -1.2720 -9.990e-29
 274.803657     -0.100   0.276925    17.9255    -1.7583     -0.099     0.1547    -1.2704 -9.990e-29
 274.803663     -0.095   0.279988    17.9179    -1.7581     -0.094     0.1564    -1.2677 -9.990e-29
 274.803669     -0.094   0.287085    17.9106    -1.7579     -0.093     0.1604    -1.2632 -9.990e-29
 274.803675     -0.097   0.299922    17.9060    -1.7584     -0.096     0.1677    -1.2568 -9.990e-29
 274.803681     -0.099   0.316226    17.9040    -1.7588     -0.098     0.1769    -1.2493 -9.990e-29
 274.803686     -0.096   0.332253    17.9024    -1.7591     -0.095     0.1860    -1.2421 -9.990e-29
 274.803692     -0.093   0.346659    17.8992    -1.7592     -0.092     0.1942    -1.2352 -9.990e-29
 274.803698     -0.093   0.360372    17.8955    -1.7593     -0.092     0.2020    -1.2285 -9.990e-29
 274.803704     -0.097   0.375057    17.8927    -1.7592     -0.096     0.2104    -1.2215 -9.990e-29
 274.803709     -0.105   0.391457    17.8914    -1.7591     -0.104     0.2197    -1.2141 -9.990e-29
 274.803715     -0.113   0.408171    17.8912    -1.7599     -0.112     0.2293    -1.2067 -9.990e-29
 274.803721     -0.117   0.422553    17.8892    -1.7606     -0.116     0.2376    -1.2000 -9.990e-29
 274.803727     -0.118   0.432728    17.8823    -1.7607     -0.117     0.2435    -1.1942 -9.990e-29
 274.803733     -0.116   0.438966    17.8728    -1.7617     -0.115     0.2471    -1.1896 -9.990e-29
 274.803738     -0.109   0.444043    17.8648    -1.7627     -0.108     0.2501    -1.1859 -9.990e-29
 274.803744     -0.099   0.450297    17.8596    -1.7634     -0.098     0.2537    -1.1821 -9.990e-29
 274.803750     -0.088   0.456093    17.8570    -1.7639     -0.087     0.2571    -1.1790 -9.990e-29
 274.803756     -0.081   0.458635    17.8555    -1.7642     -0.080     0.2586    -1.1776 -9.990e-29
 274.803762     -0.076   0.457985    17.8499    -1.7646     -0.075     0.2582    -1.1769 -9.990e-29
 274.803767     -0.074   0.456603    17.8369    -1.7650     -0.073     0.2575    -1.1750 -9.990e-29
 274.803773     -0.074   0.456524    17.8209    -1.7657     -0.073     0.2575    -1.1721 -9.990e-29
 274.803779     -0.077   0.457090    17.8042    -1.7661     -0.076     0.2580    -1.1687 -9.990e-29
 274.803785     -0.078   0.456838    17.7838    -1.7666     -0.077     0.2579    -1.1650 -9.990e-29
 274.803791     -0.072   0.455986    17.7612    -1.7671     -0.071     0.2576    -1.1611 -9.990e-29
 274.803796     -0.065   0.455614    17.7415    -1.7676     -0.064     0.2575    -1.1576 -9.990e-29
 274.803802     -0.060   0.456336    17.7261    -1.7680     -0.059     0.2580    -1.1544 -9.990e-29
 274.803808     -0.056   0.457452    17.7137    -1.7682     -0.056     0.2587    -1.1516 -9.990e-29
 274.803814     -0.053   0.457679    17.7017    -1.7681     -0.053     0.2589    -1.1492 -9.990e-29
 274.803819     -0.052   0.456767    17.6880    -1.7684     -0.052     0.2585    -1.1471 -9.990e-29
 274.803825     -0.051   0.455718    17.6726    -1.7687     -0.051     0.2580    -1.1447 -9.990e-29
 274.803831     -0.051   0.456456    17.6578    -1.7690     -0.051     0.2585    -1.1416 -9.990e-29
 274.803837     -0.052   0.459965    17.6437    -1.7692     -0.052     0.2606    -1.1374 -9.990e-29
 274.803843     -0.054   0.463724    17.6298    -1.7696     -0.054     0.2629    -1.1331 -9.990e-29
 274.803848     -0.057   0.464803    17.6171    -1.7699     -0.057     0.2636    -1.1303 -9.990e-29
 274.803854     -0.062   0.464085    17.6067    -1.7698     -0.061     0.2632    -1.1287 -9.990e-29
 274.803860     -0.068   0.464308    17.5996    -1.7699     -0.067     0.2634    -1.1272 -9.990e-29
 274.803866     -0.071   0.466877    17.5946    -1.7701     -0.070     0.2649    -1.1252 -9.990e-29
 274.803872     -0.069   0.470597    17.5887    -1.7702     -0.068     0.2671    -1.1224 -9.990e-29
 274.803877     -0.064   0.473227    17.5812    -1.7702     -0.063     0.2687    -1.1198 -9.990e-29
 274.803883     -0.061   0.474394    17.5730    -1.7699     -0.060     0.2694    -1.1178 -9.990e-29
 274.803889     -0.059   0.475653    17.5645    -1.7698     -0.059     0.2702    -1.1156 -9.990e-29
 274.803895     -0.059   0.478127    17.5563    -1.7696     -0.059     0.2717    -1.1130 -9.990e-29
 274.803900     -0.060   0.481238    17.5506    -1.7694     -0.059     0.2735    -1.1106 -9.990e-29
 274.803906     -0.062   0.483592    17.5476    -1.7692     -0.061     0.2749    -1.1090 -9.990e-29
 274.803912     -0.066   0.484448    17.5445    -1.7691     -0.065     0.2755    -1.1080 -9.990e-29
 274.803918     -0.072   0.484394    17.5403    -1.7692     -0.071     0.2755    -1.1072 -9.990e-29
 274.803924     -0.080   0.485020    17.5374    -1.7689     -0.079     0.2758    -1.1064 -9.990e-29
 274.803929     -0.087   0.487711    17.5381    -1.7689     -0.086     0.2774    -1.1053 -9.990e-29
 274.803935     -0.088   0.492177    17.5415    -1.7693     -0.087     0.2800    -1.1040 -9.990e-29
 274.803941     -0.088   0.496616    17.5459    -1.7697     -0.087     0.2826    -1.1028 -9.990e-29
 274.803947     -0.088   0.499745    17.5506    -1.7699     -0.087     0.2843    -1.1023 -9.990e-29
 274.803953     -0.082   0.501856    17.5551    -1.7699     -0.081     0.2856    -1.1021 -9.990e-29
 274.803958     -0.074   0.503549    17.5587    -1.7699     -0.073     0.2865    -1.1021 -9.990e-29
 274.803964     -0.069   0.505416    17.5609    -1.7700     -0.068     0.2876    -1.1016 -9.990e-29
 274.803970     -0.066   0.508285    17.5625    -1.7702     -0.065     0.2893    -1.1006 -9.990e-29
 274.803976     -0.065   0.511547    17.5638    -1.7702     -0.064     0.2912    -1.0994 -9.990e-29
 274.803981     -0.065   0.513456    17.5615    -1.7703     -0.064     0.2923    -1.0981 -9.990e-29
 274.803987     -0.067   0.514341    17.5544    -1.7703     -0.066     0.2929    -1.0964 -9.990e-29
 274.803993     -0.072   0.516491    17.5457    -1.7703     -0.071     0.2942    -1.0938 -9.990e-29
 274.803999     -0.074   0.521108    17.5397    -1.7703     -0.073     0.2969    -1.0906 -9.990e-29
 274.804005     -0.069   0.526593    17.5371    -1.7701     -0.068     0.3002    -1.0877 -9.990e-29
 274.804010     -0.063   0.529728    17.5354    -1.7700     -0.062     0.3020    -1.0859 -9.990e-29
 274.804016     -0.058   0.529708    17.5329    -1.7694     -0.058     0.3020    -1.0855 -9.990e-29
 274.804022     -0.054   0.528720    17.5301    -1.7684     -0.054     0.3014    -1.0854 -9.990e-29
 274.804028     -0.052   0.528772    17.5277    -1.7684     -0.052     0.3015    -1.0849 -9.990e-29
 274.804034     -0.050   0.530489    17.5260    -1.7688     -0.050     0.3025    -1.0839 -9.990e-29
 274.804039     -0.050   0.533386    17.5252    -1.7690     -0.050     0.3042    -1.0824 -9.990e-29
 274.804045     -0.050   0.536339    17.5258    -1.7686     -0.050     0.3059    -1.0812 -9.990e-29
