data/oxygen options/ONMS/Olympic_Coast_National_Marine_Sanctuary_CTD_Data_2005_2023/raw_data/2020/CAST_CA042_200804faedb.cnv
* Sea-Bird SBE 19 Data File:
* FileName = C:\2020 Mooring Data\Casts\CAST_CA042_200804.hex
* Software Version SeatermAF 2.1.2
* Temperature SN = 2997
* Conductivity SN = 2997
* System UpLoad Time = Aug 04 2020 18:15:11 (localtime) = Aug 04 2020 18:15:11 (UTC)
* ds
* SEACAT PROFILER V3.1c SN 2997   08/04/20  18:14:25.755
# nquan = 9
# nvalues = 41                          
# units = specified
# name 0 = timeJ: Julian Days
# name 1 = prSM: Pressure, Strain Gauge [db]
# name 2 = c0mS/cm: Conductivity [mS/cm]
# name 3 = t090C: Temperature [ITS-90, deg C]
# name 4 = sbeox0ML/L: Oxygen, SBE 43 [ml/l]
# name 5 = depSM: Depth [salt water, m], lat = 47.5
# name 6 = sal00: Salinity, Practical [PSU]
# name 7 = sigma-é00: Density [sigma-theta, kg/m^3]
# name 8 = flag: flag
# span 0 = 217.756201, 217.757605       
# span 1 =      2.000,     42.000       
# span 2 =  34.171784,  38.474279       
# span 3 =     7.5134,    14.2673       
# span 4 =     3.9646,     6.9019       
# span 5 =      1.983,     41.645       
# span 6 =    31.5607,    33.2947       
# span 7 =    23.4821,    26.0051       
# span 8 = 0.0000e+00, 0.0000e+00       
# interval = decibars: 1                
# start_time = Aug 04 2020 18:03:15 [Instrument's time stamp, header]
# bad_flag = -9.990e-29
*END*
 217.756201      2.000  38.436108    14.2102     6.8624      1.983    31.5825    23.5045 0.0000e+00
 217.756239      3.000  38.474279    14.2673     6.8726      2.975    31.5704    23.4834 0.0000e+00
 217.756274      4.000  38.437801    14.2378     6.8570      3.967    31.5607    23.4821 0.0000e+00
 217.756343      5.000  38.193944    13.9336     6.8776      4.958    31.5859    23.5637 0.0000e+00
 217.756388      6.000  37.971780    13.6589     6.9019      5.950    31.6066    23.6353 0.0000e+00
 217.756425      7.000  37.842004    13.4662     6.5310      6.941    31.6452    23.7037 0.0000e+00
 217.756460      8.000  37.454354    12.9311     6.3386      7.933    31.7278    23.8727 0.0000e+00
 217.756495      9.000  37.079978    12.5248     5.6982      8.925    31.7155    23.9407 0.0000e+00
 217.756530     10.000  36.288873    11.4290     5.7070      9.916    31.8862    24.2758 0.0000e+00
 217.756564     11.000  36.127253    11.1064     5.7438     10.908    32.0069    24.4271 0.0000e+00
 217.756598     12.000  36.054463    10.9211     5.6588     11.899    32.0962    24.5291 0.0000e+00
 217.756638     13.000  35.969588    10.7899     5.6131     12.891    32.1267    24.5757 0.0000e+00
 217.756679     14.000  35.928826    10.7153     5.5548     13.883    32.1513    24.6078 0.0000e+00
 217.756718     15.000  35.774241    10.4921     5.2800     14.874    32.1936    24.6790 0.0000e+00
 217.756753     16.000  35.423584     9.9318     5.1949     15.866    32.3386    24.8860 0.0000e+00
 217.756786     17.000  35.258679     9.6909     5.1998     16.857    32.3868    24.9631 0.0000e+00
 217.756817     18.000  35.263398     9.6893     5.1956     17.849    32.3927    24.9679 0.0000e+00
 217.756847     19.000  35.216727     9.6198     5.1976     18.840    32.4072    24.9905 0.0000e+00
 217.756876     20.000  35.223575     9.6202     5.1653     19.832    32.4134    24.9953 0.0000e+00
 217.756903     21.000  35.201537     9.5974     4.9484     20.824    32.4110    24.9972 0.0000e+00
 217.756928     22.000  35.130105     9.4820     4.3873     21.816    32.4418    25.0398 0.0000e+00
 217.756952     23.000  34.795435     8.7498     4.2418     22.807    32.7653    25.4073 0.0000e+00
 217.756976     24.000  34.539055     8.4514     4.2111     23.798    32.7721    25.4582 0.0000e+00
 217.757004     25.000  34.464006     8.2209     4.1712     24.790    32.9076    25.5987 0.0000e+00
 217.757032     26.000  34.369372     8.0592     4.1648     25.781    32.9583    25.6624 0.0000e+00
 217.757058     27.000  34.288450     7.9146     4.1692     26.773    33.0080    25.7224 0.0000e+00
 217.757088     28.000  34.286086     7.9269     4.1649     27.765    32.9933    25.7091 0.0000e+00
 217.757117     29.000  34.246342     7.8421     4.1662     28.756    33.0305    25.7506 0.0000e+00
 217.757145     30.000  34.226317     7.8255     4.1830     29.747    33.0243    25.7481 0.0000e+00
 217.757175     31.000  34.207793     7.7736     4.1819     30.739    33.0531    25.7782 0.0000e+00
 217.757207     32.000  34.200106     7.7562     4.1754     31.731    33.0609    25.7868 0.0000e+00
 217.757234     33.000  34.183994     7.7158     4.1845     32.722    33.0816    25.8089 0.0000e+00
 217.757266     34.000  34.186977     7.7171     4.1638     33.714    33.0830    25.8098 0.0000e+00
 217.757298     35.000  34.171784     7.6792     4.1304     34.705    33.1023    25.8303 0.0000e+00
 217.757329     36.000  34.177824     7.6592     4.0304     35.696    33.1273    25.8529 0.0000e+00
 217.757361     37.000  34.197756     7.5537     3.9781     36.688    33.2491    25.9636 0.0000e+00
 217.757390     38.000  34.204584     7.5247     3.9843     37.679    33.2838    25.9949 0.0000e+00
 217.757425     39.000  34.211104     7.5333     3.9798     38.671    33.2821    25.9924 0.0000e+00
 217.757455     40.000  34.205634     7.5134     3.9750     39.662    33.2947    26.0051 0.0000e+00
 217.757487     41.000  34.206745     7.5160     3.9741     40.654    33.2930    26.0034 0.0000e+00
 217.757605     42.000  34.210632     7.5195     3.9646     41.645    33.2934    26.0033 0.0000e+00
