data/oxygen options/ONMS/Olympic_Coast_National_Marine_Sanctuary_CTD_Data_2005_2023/raw_data/2020/CAST_TH015_201001faed.cnv
* Sea-Bird SBE 19 Data File:
* FileName = C:\2020 Mooring Data\Casts\CAST_TH015_201001.hex
* Software Version SeatermAF 2.1.2
* Temperature SN = 2997
* Conductivity SN = 2997
* System UpLoad Time = Oct 01 2020 16:08:22 (localtime) = Oct 01 2020 16:08:22 (UTC)
** CAST_TH015_201001
* ds
# nquan = 9                                 
# nvalues = 965                         
# units = specified
# name 0 = timeJ: Julian Days
# name 1 = prSM: Pressure, Strain Gauge [db]
# name 2 = c0mS/cm: Conductivity [mS/cm]
# name 3 = t090C: Temperature [ITS-90, deg C]
# name 4 = sbeox0ML/L: Oxygen, SBE 43 [ml/l]
# name 5 = depSM: Depth [salt water, m], lat = 47.5
# name 6 = sal00: Salinity, Practical [PSU]
# name 7 = sigma-é00: Density [sigma-theta, kg/m^3]
# name 8 = flag: flag
# span 0 = 275.638056, 275.643634       
# span 1 =     -5.276,     19.479       
# span 2 =   0.035697, 224.149671       
# span 3 =    12.6220,    42.7872       
# span 4 =  -202.0957,    12.6676       
# span 5 =     -5.232,     19.316       
# span 6 =     0.0246,    38.2923       
# span 7 =    -0.8096,    24.1625       
# span 8 = 0.0000e+00, 0.0000e+00       
# interval = seconds: 0.5
# start_time = Oct 01 2020 15:18:48 [Instrument's time stamp, header]
# bad_flag = -9.990e-29
*END*
[from data line 161]
 275.638987     -1.805   0.035732    14.3715    -1.8925     -1.790     0.0247    -0.7873 -9.990e-29
 275.638993     -1.792   0.035733    14.3725    -1.8924     -1.777     0.0247    -0.7875 -9.990e-29
 275.638999     -1.775   0.035734    14.3726    -1.8923     -1.760     0.0247    -0.7875 -9.990e-29
 275.639005     -1.757   0.035735    14.3726    -1.8923     -1.742     0.0247    -0.7875 -9.990e-29
 275.639010     -1.738   0.035736    14.3727    -1.8924     -1.724     0.0247    -0.7875 -9.990e-29
 275.639016     -1.719   0.035737    14.3726    -1.8925     -1.705     0.0247    -0.7875 -9.990e-29
 275.639022     -1.704   0.035738    14.3723    -1.8926     -1.690     0.0247    -0.7874 -9.990e-29
 275.639028     -1.692   0.035739    14.3726    -1.8926     -1.678     0.0247    -0.7875 -9.990e-29
 275.639034     -1.683   0.035740    14.3742    -1.8926     -1.669     0.0247    -0.7877 -9.990e-29
 275.639039     -1.676   0.035741    14.3768    -1.8926     -1.662     0.0247    -0.7881 -9.990e-29
 275.639045     -1.671   0.035742    14.3792    -1.8926     -1.657     0.0247    -0.7884 -9.990e-29
 275.639051     -1.666   0.035743    14.3805    -1.8925     -1.652     0.0247    -0.7886 -9.990e-29
 275.639057     -1.662   0.035744    14.3806    -1.8925     -1.648     0.0247    -0.7886 -9.990e-29
 275.639063     -1.659   0.035745    14.3796    -1.8924     -1.645     0.0247    -0.7885 -9.990e-29
 275.639068     -1.656   0.035746    14.3778    -1.8917     -1.642     0.0247    -0.7882 -9.990e-29
 275.639074     -1.652   0.035747    14.3763    -1.8912     -1.638     0.0247    -0.7880 -9.990e-29
 275.639080     -1.649   0.035748    14.3755    -1.8909     -1.635     0.0247    -0.7879 -9.990e-29
 275.639086     -1.646   0.035749    14.3752    -1.8909     -1.632     0.0247    -0.7878 -9.990e-29
 275.639091     -1.642   0.035750    14.3753    -1.8911     -1.628     0.0247    -0.7879 -9.990e-29
 275.639097     -1.637   0.035751    14.3759    -1.8912     -1.623     0.0247    -0.7879 -9.990e-29
 275.639103     -1.631   0.035752    14.3773    -1.8914     -1.617     0.0247    -0.7881 -9.990e-29
 275.639109     -1.624   0.035753    14.3802    -1.8915     -1.610     0.0247    -0.7886 -9.990e-29
 275.639115     -1.615   0.035754    14.3865    -1.8916     -1.602     0.0247    -0.7895 -9.990e-29
 275.639120     -1.604   0.035755    14.3964    -1.8917     -1.591     0.0247    -0.7909 -9.990e-29
 275.639126     -1.589   0.035756    14.4062    -1.8919     -1.576     0.0247    -0.7923 -9.990e-29
 275.639132     -1.574   0.035757    14.4123    -1.8919     -1.561     0.0247    -0.7932 -9.990e-29
 275.639138     -1.563   0.035758    14.4140    -1.8920     -1.550     0.0247    -0.7934 -9.990e-29
 275.639144     -1.555   0.035759    14.4123    -1.8921     -1.542     0.0247    -0.7932 -9.990e-29
 275.639149     -1.553   0.035760    14.4089    -1.8921     -1.540     0.0247    -0.7927 -9.990e-29
 275.639155     -1.557   0.035761    14.4054    -1.8922     -1.544     0.0247    -0.7922 -9.990e-29
 275.639161     -1.560   0.035762    14.4022    -1.8921     -1.547     0.0247    -0.7917 -9.990e-29
 275.639167     -1.557   0.035763    14.3991    -1.8920     -1.544     0.0247    -0.7913 -9.990e-29
 275.639172     -1.547   0.035764    14.3964    -1.8920     -1.534     0.0247    -0.7909 -9.990e-29
 275.639178     -1.531   0.035765    14.3940    -1.8919     -1.518     0.0247    -0.7905 -9.990e-29
 275.639184     -1.511   0.035766    14.3917    -1.8915     -1.498     0.0247    -0.7902 -9.990e-29
 275.639190     -1.491   0.035767    14.3900    -1.8910     -1.479     0.0247    -0.7900 -9.990e-29
 275.639196     -1.469   0.035768    14.3890    -1.8907     -1.457     0.0247    -0.7898 -9.990e-29
 275.639201     -1.448   0.035769    14.3885    -1.8904     -1.436     0.0247    -0.7897 -9.990e-29
 275.639207     -1.431   0.035770    14.3884    -1.8902     -1.419     0.0247    -0.7897 -9.990e-29
 275.639213     -1.417   0.035771    14.3890    -1.8904     -1.405     0.0247    -0.7898 -9.990e-29
 275.639219     -1.406   0.035772    14.3906    -1.8905     -1.394     0.0247    -0.7900 -9.990e-29
 275.639225     -1.395   0.035773    14.3932    -1.8907     -1.383     0.0247    -0.7904 -9.990e-29
 275.639230     -1.385   0.035774    14.3979    -1.8909     -1.373     0.0247    -0.7911 -9.990e-29
 275.639236     -1.375   0.035775    14.4055    -1.8909     -1.364     0.0247    -0.7922 -9.990e-29
 275.639242     -1.365   0.035776    14.4145    -1.8911     -1.354     0.0247    -0.7935 -9.990e-29
 275.639248     -1.353   0.035777    14.4223    -1.8911     -1.342     0.0247    -0.7946 -9.990e-29
 275.639253     -1.339   0.035778    14.4282    -1.8912     -1.328     0.0247    -0.7955 -9.990e-29
 275.639259     -1.323   0.035779    14.4311    -1.8913     -1.312     0.0247    -0.7959 -9.990e-29
 275.639265     -1.306   0.035780    14.4304    -1.8913     -1.295     0.0247    -0.7958 -9.990e-29
 275.639271     -1.298   0.035781    14.4275    -1.8912     -1.287     0.0247    -0.7954 -9.990e-29
 275.639277     -1.296   0.035782    14.4239    -1.8911     -1.285     0.0247    -0.7948 -9.990e-29
 275.639282     -1.294   0.035783    14.4203    -1.8911     -1.283     0.0247    -0.7943 -9.990e-29
 275.639288     -1.290   0.035784    14.4173    -1.8910     -1.279     0.0247    -0.7939 -9.990e-29
 275.639294     -1.288   0.035785    14.4151    -1.8904     -1.277     0.0247    -0.7936 -9.990e-29
 275.639300     -1.285   0.035786    14.4134    -1.8900     -1.274     0.0247    -0.7933 -9.990e-29
 275.639306     -1.275   0.035787    14.4118    -1.8900     -1.264     0.0247    -0.7931 -9.990e-29
 275.639311     -1.259   0.035788    14.4106    -1.8901     -1.248     0.0247    -0.7929 -9.990e-29
 275.639317     -1.238   0.035789    14.4105    -1.8902     -1.228     0.0247    -0.7929 -9.990e-29
 275.639323     -1.221   0.035790    14.4119    -1.8903     -1.211     0.0247    -0.7931 -9.990e-29
 275.639329     -1.207   0.035791    14.4141    -1.8903     -1.197     0.0247    -0.7934 -9.990e-29
 275.639334     -1.190   0.035792    14.4170    -1.8903     -1.180     0.0247    -0.7938 -9.990e-29
 275.639340     -1.173   0.035793    14.4222    -1.8902     -1.163     0.0247    -0.7946 -9.990e-29
 275.639346     -1.160   0.035794    14.4297    -1.8903     -1.150     0.0247    -0.7957 -9.990e-29
 275.639352     -1.150   0.035795    14.4360    -1.8903     -1.140     0.0247    -0.7966 -9.990e-29
 275.639358     -1.142   0.035796    14.4387    -1.8904     -1.132     0.0247    -0.7970 -9.990e-29
 275.639363     -1.136   0.035797    14.4384    -1.8903     -1.127     0.0247    -0.7969 -9.990e-29
 275.639369     -1.131   0.035798    14.4370    -1.8904     -1.122     0.0247    -0.7967 -9.990e-29
 275.639375     -1.127   0.035799    14.4357    -1.8904     -1.118     0.0247    -0.7965 -9.990e-29
 275.639381     -1.124   0.035800    14.4351    -1.8905     -1.115     0.0247    -0.7964 -9.990e-29
 275.639387     -1.122   0.035801    14.4351    -1.8904     -1.113     0.0247    -0.7964 -9.990e-29
 275.639392     -1.119   0.035802    14.4352    -1.8904     -1.110     0.0247    -0.7965 -9.990e-29
 275.639398     -1.118   0.035803    14.4348    -1.8904     -1.109     0.0247    -0.7964 -9.990e-29
 275.639404     -1.116   0.035804    14.4342    -1.8905     -1.107     0.0247    -0.7963 -9.990e-29
 275.639410     -1.115   0.035805    14.4335    -1.8906     -1.106     0.0247    -0.7962 -9.990e-29
 275.639416     -1.113   0.035806    14.4329    -1.8907     -1.104     0.0247    -0.7961 -9.990e-29
 275.639421     -1.111   0.035807    14.4321    -1.8908     -1.102     0.0247    -0.7960 -9.990e-29
 275.639427     -1.109   0.035808    14.4313    -1.8908     -1.100     0.0247    -0.7959 -9.990e-29
 275.639433     -1.107   0.035809    14.4309    -1.8908     -1.098     0.0247    -0.7958 -9.990e-29
 275.639439     -1.104   0.035810    14.4311    -1.8909     -1.095     0.0247    -0.7959 -9.990e-29
 275.639444     -1.101   0.035811    14.4313    -1.8908     -1.092     0.0247    -0.7959 -9.990e-29
 275.639450     -1.097   0.035812    14.4307    -1.8910     -1.088     0.0247    -0.7958 -9.990e-29
 275.639456     -1.091   0.035813    14.4289    -1.8909     -1.082     0.0247    -0.7955 -9.990e-29
 275.639462     -1.084   0.035814    14.4268    -1.8910     -1.075     0.0247    -0.7952 -9.990e-29
 275.639468     -1.075   0.035815    14.4251    -1.8910     -1.066     0.0247    -0.7950 -9.990e-29
 275.639473     -1.064   0.035815    14.4238    -1.8910     -1.055     0.0247    -0.7948 -9.990e-29
 275.639479     -1.049   0.035815    14.4229    -1.8911     -1.040     0.0247    -0.7947 -9.990e-29
 275.639485     -1.034   0.035815    14.4222    -1.8911     -1.025     0.0247    -0.7946 -9.990e-29
 275.639491     -1.023   0.035815    14.4215    -1.8912     -1.014     0.0247    -0.7945 -9.990e-29
 275.639497     -1.014   0.035815    14.4207    -1.8913     -1.006     0.0247    -0.7944 -9.990e-29
 275.639502     -1.008   0.035815    14.4196    -1.8913     -1.000     0.0247    -0.7942 -9.990e-29
 275.639508     -1.003   0.035814    14.4186    -1.8913     -0.995     0.0247    -0.7941 -9.990e-29
 275.639514     -1.000   0.035814    14.4179    -1.8911     -0.992     0.0247    -0.7939 -9.990e-29
 275.639520     -0.994   0.035814    14.4173    -1.8912     -0.986     0.0247    -0.7939 -9.990e-29
 275.639525     -0.984   0.035813    14.4167    -1.8910     -0.976     0.0247    -0.7938 -9.990e-29
 275.639531     -0.974   0.035813    14.4157    -1.8910     -0.966     0.0247    -0.7936 -9.990e-29
 275.639537     -0.964   0.035813    14.4144    -1.8908     -0.956     0.0247    -0.7934 -9.990e-29
 275.639543     -0.954   0.035812    14.4130    -1.8907     -0.946     0.0247    -0.7932 -9.990e-29
 275.639549     -0.941   0.035812    14.4122    -1.8903     -0.933     0.0247    -0.7931 -9.990e-29
 275.639554     -0.930   0.035812    14.4122    -1.8901     -0.922     0.0247    -0.7931 -9.990e-29
 275.639560     -0.924   0.035811    14.4128    -1.8900     -0.916     0.0247    -0.7932 -9.990e-29
 275.639566     -0.924   0.035811    14.4137    -1.8902     -0.916     0.0247    -0.7933 -9.990e-29
 275.639572     -0.924   0.035811    14.4149    -1.8902     -0.916     0.0247    -0.7935 -9.990e-29
 275.639578     -0.920   0.035811    14.4166    -1.8905     -0.912     0.0247    -0.7938 -9.990e-29
 275.639583     -0.913   0.035810    14.4193    -1.8905     -0.905     0.0247    -0.7942 -9.990e-29
 275.639589     -0.901   0.035810    14.4231    -1.8902     -0.893     0.0247    -0.7947 -9.990e-29
 275.639595     -0.888   0.035810    14.4280    -1.8900     -0.881     0.0247    -0.7954 -9.990e-29
 275.639601     -0.879   0.035809    14.4336    -1.8900     -0.872     0.0247    -0.7962 -9.990e-29
 275.639606     -0.871   0.035809    14.4381    -1.8901     -0.864     0.0247    -0.7969 -9.990e-29
 275.639612     -0.865   0.035809    14.4398    -1.8904     -0.858     0.0247    -0.7971 -9.990e-29
 275.639618     -0.860   0.035808    14.4391    -1.8906     -0.853     0.0247    -0.7970 -9.990e-29
 275.639624     -0.856   0.035808    14.4370    -1.8906     -0.849     0.0247    -0.7967 -9.990e-29
 275.639630     -0.852   0.035808    14.4347    -1.8906     -0.845     0.0247    -0.7964 -9.990e-29
 275.639635     -0.849   0.035808    14.4345    -1.8907     -0.842     0.0247    -0.7963 -9.990e-29
 275.639641     -0.846   0.035807    14.4372    -1.8907     -0.839     0.0247    -0.7967 -9.990e-29
 275.639647     -0.843   0.035807    14.4401    -1.8908     -0.836     0.0247    -0.7972 -9.990e-29
 275.639653     -0.840   0.035807    14.4405    -1.8909     -0.833     0.0247    -0.7972 -9.990e-29
 275.639659     -0.836   0.035806    14.4381    -1.8908     -0.829     0.0247    -0.7969 -9.990e-29
 275.639664     -0.832   0.035806    14.4343    -1.8907     -0.825     0.0247    -0.7963 -9.990e-29
 275.639670     -0.827   0.035806    14.4308    -1.8907     -0.820     0.0247    -0.7958 -9.990e-29
 275.639676     -0.821   0.035805    14.4286    -1.8907     -0.814     0.0247    -0.7955 -9.990e-29
 275.639682     -0.813   0.035805    14.4275    -1.8908     -0.806     0.0247    -0.7953 -9.990e-29
 275.639687     -0.803   0.035805    14.4265    -1.8908     -0.796     0.0247    -0.7952 -9.990e-29
 275.639693     -0.794   0.035804    14.4251    -1.8910     -0.787     0.0247    -0.7950 -9.990e-29
 275.639699     -0.791   0.035804    14.4236    -1.8910     -0.784     0.0247    -0.7948 -9.990e-29
 275.639705     -0.789   0.035804    14.4229    -1.8911     -0.782     0.0247    -0.7947 -9.990e-29
 275.639711     -0.783   0.035804    14.4235    -1.8910     -0.776     0.0247    -0.7948 -9.990e-29
 275.639716     -0.777   0.035803    14.4246    -1.8909     -0.771     0.0247    -0.7949 -9.990e-29
 275.639722     -0.776   0.035803    14.4253    -1.8909     -0.770     0.0247    -0.7950 -9.990e-29
 275.639728     -0.775   0.035803    14.4253    -1.8910     -0.769     0.0247    -0.7950 -9.990e-29
 275.639734     -0.768   0.035802    14.4245    -1.8911     -0.762     0.0247    -0.7949 -9.990e-29
 275.639740     -0.762   0.035802    14.4228    -1.8911     -0.756     0.0247    -0.7947 -9.990e-29
 275.639745     -0.758   0.035802    14.4207    -1.8911     -0.752     0.0247    -0.7944 -9.990e-29
 275.639751     -0.753   0.035801    14.4193    -1.8911     -0.747     0.0247    -0.7942 -9.990e-29
 275.639757     -0.743   0.035801    14.4190    -1.8911     -0.737     0.0247    -0.7941 -9.990e-29
 275.639763     -0.730   0.035801    14.4194    -1.8911     -0.724     0.0247    -0.7942 -9.990e-29
 275.639769     -0.722   0.035801    14.4198    -1.8913     -0.716     0.0247    -0.7942 -9.990e-29
 275.639774     -0.720   0.035800    14.4194    -1.8913     -0.714     0.0247    -0.7942 -9.990e-29
 275.639780     -0.713   0.035800    14.4183    -1.8910     -0.707     0.0247    -0.7940 -9.990e-29
 275.639786     -0.699   0.035800    14.4175    -1.8907     -0.693     0.0247    -0.7939 -9.990e-29
 275.639792     -0.679   0.035799    14.4173    -1.8905     -0.673     0.0247    -0.7939 -9.990e-29
 275.639797     -0.661   0.035799    14.4172    -1.8907     -0.655     0.0247    -0.7938 -9.990e-29
 275.639803     -0.649   0.035799    14.4170    -1.8908     -0.644     0.0247    -0.7938 -9.990e-29
 275.639809     -0.642   0.035798    14.4167    -1.8908     -0.637     0.0247    -0.7938 -9.990e-29
 275.639815     -0.638   0.035798    14.4159    -1.8909     -0.633     0.0247    -0.7937 -9.990e-29
 275.639821     -0.639   0.035798    14.4154    -1.8910     -0.634     0.0247    -0.7936 -9.990e-29
 275.639826     -0.639   0.035797    14.4171    -1.8908     -0.634     0.0247    -0.7938 -9.990e-29
 275.639832     -0.635   0.035797    14.4213    -1.8907     -0.630     0.0247    -0.7944 -9.990e-29
 275.639838     -0.630   0.035797    14.4257    -1.8909     -0.625     0.0247    -0.7951 -9.990e-29
 275.639844     -0.628   0.035797    14.4280    -1.8910     -0.623     0.0247    -0.7954 -9.990e-29
 275.639850     -0.626   0.035796    14.4276    -1.8910     -0.621     0.0247    -0.7953 -9.990e-29
 275.639855     -0.618   0.035796    14.4260    -1.8910     -0.613     0.0247    -0.7951 -9.990e-29
 275.639861     -0.609   0.035796    14.4244    -1.8911     -0.604     0.0247    -0.7949 -9.990e-29
 275.639867     -0.602   0.035795    14.4231    -1.8911     -0.597     0.0247    -0.7947 -9.990e-29
 275.639873     -0.596   0.035795    14.4229    -1.8909     -0.591     0.0247    -0.7947 -9.990e-29
 275.639878     -0.591   0.035795    14.4240    -1.8909     -0.586     0.0247    -0.7948 -9.990e-29
 275.639884     -0.588   0.035794    14.4244    -1.8910     -0.583     0.0247    -0.7949 -9.990e-29
 275.639890     -0.585   0.035794    14.4232    -1.8910     -0.580     0.0247    -0.7947 -9.990e-29
 275.639896     -0.583   0.035794    14.4215    -1.8911     -0.578     0.0247    -0.7945 -9.990e-29
 275.639902     -0.581   0.035794    14.4205    -1.8912     -0.576     0.0247    -0.7943 -9.990e-29
