data/oxygen options/ONMS/Olympic_Coast_National_Marine_Sanctuary_CTD_Data_2005_2023/raw_data/2020/CAST_CE015_200911faed.cnv
* Sea-Bird SBE 19 Data File:
* FileName = C:\2020 Mooring Data\Casts\CAST_CE015_200911.hex
* Software Version SeatermAF 2.1.2
* Temperature SN = 2997
* Conductivity SN = 2997
* System UpLoad Time = Sep 11 2020 19:33:45 (localtime) = Sep 11 2020 19:33:45 (UTC)
** CAST_CE015_200911
* ds
# nquan = 9                                 
# nvalues = 1032                        
# units = specified
# name 0 = timeJ: Julian Days
# name 1 = prSM: Pressure, Strain Gauge [db]
# name 2 = c0mS/cm: Conductivity [mS/cm]
# name 3 = t090C: Temperature [ITS-90, deg C]
# name 4 = sbeox0ML/L: Oxygen, SBE 43 [ml/l]
# name 5 = depSM: Depth [salt water, m], lat = 47.5
# name 6 = sal00: Salinity, Practical [PSU]
# name 7 = sigma-é00: Density [sigma-theta, kg/m^3]
# name 8 = flag: flag
# span 0 = 255.784456, 255.790422       
# span 1 =     -4.926,     16.615       
# span 2 =   0.381084,  38.954043       
# span 3 =    10.6021,    13.3766       
# span 4 =    -1.9440,    15.6508       
# span 5 =     -4.885,     16.476       
# span 6 =     0.2388,    33.1130       
# span 7 =    -0.4674,    25.3762       
# span 8 = 0.0000e+00, 0.0000e+00       
# interval = seconds: 0.5
# start_time = Sep 11 2020 18:49:37 [Instrument's time stamp, header]
# bad_flag = -9.990e-29
*END*
[from data line 481]
 255.787240     -0.028   0.394341    13.1539    -1.9418     -0.028     0.2478    -0.4476 -9.990e-29
 255.787245     -0.026   0.394335    13.1559    -1.9417     -0.026     0.2478    -0.4478 -9.990e-29
 255.787251     -0.023   0.394329    13.1557    -1.9416     -0.023     0.2478    -0.4478 -9.990e-29
 255.787257     -0.019   0.394313    13.1541    -1.9416     -0.019     0.2478    -0.4476 -9.990e-29
 255.787263     -0.013   0.394267    13.1522    -1.9414     -0.013     0.2478    -0.4474 -9.990e-29
 255.787269     -0.006   0.394132    13.1509    -1.9413     -0.006     0.2477    -0.4473 -9.990e-29
 255.787274     -0.002   0.393725    13.1506    -1.9412     -0.002     0.2474    -0.4474 -9.990e-29
 255.787280     -0.004   0.393061    13.1512    -1.9411     -0.004     0.2470    -0.4478 -9.990e-29
 255.787286     -0.008   0.392362    13.1526    -1.9411     -0.008     0.2465    -0.4484 -9.990e-29
 255.787292     -0.010   0.391803    13.1548    -1.9408     -0.010     0.2462    -0.4490 -9.990e-29
 255.787297     -0.010   0.391748    13.1573    -1.9408     -0.010     0.2461    -0.4493 -9.990e-29
 255.787303     -0.009   0.392124    13.1596    -1.9407     -0.009     0.2463    -0.4494 -9.990e-29
 255.787309     -0.006   0.392324    13.1618    -1.9405     -0.006     0.2464    -0.4496 -9.990e-29
 255.787315     -0.001   0.392062    13.1643    -1.9404     -0.001     0.2463    -0.4501 -9.990e-29
 255.787321      0.006   0.391543    13.1670    -1.9403      0.006     0.2459    -0.4507 -9.990e-29
 255.787326      0.016   0.391181    13.1697    -1.9403      0.016     0.2457    -0.4513 -9.990e-29
 255.787332      0.026   0.391049    13.1722    -1.9403      0.026     0.2456    -0.4517 -9.990e-29
 255.787338      0.030   0.390972    13.1746    -1.9403      0.030     0.2455    -0.4520 -9.990e-29
 255.787344      0.035   0.390848    13.1775    -1.9402      0.035     0.2454    -0.4525 -9.990e-29
 255.787350      0.044   0.390511    13.1805    -1.9401      0.044     0.2452    -0.4530 -9.990e-29
 255.787355      0.054   0.390065    13.1835    -1.9399      0.054     0.2449    -0.4537 -9.990e-29
 255.787361      0.057   0.390023    13.1864    -1.9398      0.057     0.2448    -0.4541 -9.990e-29
 255.787367      0.053   0.390330    13.1888    -1.9396      0.053     0.2450    -0.4543 -9.990e-29
 255.787373      0.046   0.390289    13.1901    -1.9395      0.046     0.2450    -0.4545 -9.990e-29
 255.787378      0.037   0.389844    13.1907    -1.9394      0.037     0.2447    -0.4548 -9.990e-29
 255.787384      0.027   0.389509    13.1915    -1.9392      0.027     0.2444    -0.4550 -9.990e-29
 255.787390      0.022   0.389394    13.1927    -1.9391      0.022     0.2444    -0.4552 -9.990e-29
 255.787396      0.020   0.389343    13.1945    -1.9392      0.020     0.2443    -0.4555 -9.990e-29
 255.787402      0.022   0.389289    13.1970    -1.9392      0.022     0.2443    -0.4559 -9.990e-29
 255.787407      0.028   0.389162    13.2000    -1.9392      0.028     0.2442    -0.4563 -9.990e-29
 255.787413      0.037   0.388791    13.2033    -1.9392      0.037     0.2439    -0.4570 -9.990e-29
 255.787419      0.048   0.388237    13.2066    -1.9393      0.048     0.2435    -0.4577 -9.990e-29
 255.787425      0.055   0.387867    13.2098    -1.9393      0.055     0.2433    -0.4583 -9.990e-29
 255.787431      0.059   0.387743    13.2128    -1.9392      0.059     0.2432    -0.4588 -9.990e-29
 255.787436      0.061   0.387701    13.2155    -1.9393      0.060     0.2431    -0.4592 -9.990e-29
 255.787442      0.065   0.387686    13.2171    -1.9392      0.064     0.2431    -0.4594 -9.990e-29
 255.787448      0.075   0.387677    13.2173    -1.9392      0.074     0.2431    -0.4594 -9.990e-29
 255.787454      0.088   0.387662    13.2171    -1.9391      0.087     0.2431    -0.4594 -9.990e-29
 255.787459      0.100   0.387620    13.2171    -1.9392      0.099     0.2431    -0.4594 -9.990e-29
 255.787465      0.113   0.387498    13.2171    -1.9391      0.112     0.2430    -0.4595 -9.990e-29
 255.787471      0.123   0.387133    13.2168    -1.9390      0.122     0.2428    -0.4596 -9.990e-29
 255.787477      0.125   0.386591    13.2167    -1.9392      0.124     0.2424    -0.4599 -9.990e-29
 255.787483      0.121   0.386257    13.2167    -1.9390      0.120     0.2422    -0.4601 -9.990e-29
 255.787488      0.113   0.386243    13.2169    -1.9390      0.112     0.2422    -0.4601 -9.990e-29
 255.787494      0.107   0.386530    13.2173    -1.9389      0.106     0.2424    -0.4600 -9.990e-29
 255.787500      0.102   0.386946    13.2178    -1.9387      0.101     0.2426    -0.4599 -9.990e-29
 255.787506      0.101   0.386936    13.2185    -1.9387      0.100     0.2426    -0.4600 -9.990e-29
 255.787512      0.108   0.386490    13.2196    -1.9387      0.107     0.2423    -0.4603 -9.990e-29
 255.787517      0.121   0.386121    13.2207    -1.9386      0.120     0.2421    -0.4607 -9.990e-29
 255.787523      0.131   0.385889    13.2213    -1.9386      0.130     0.2419    -0.4609 -9.990e-29
 255.787529      0.138   0.385487    13.2216    -1.9385      0.137     0.2417    -0.4611 -9.990e-29
 255.787535      0.149   0.384933    13.2227    -1.9385      0.148     0.2413    -0.4615 -9.990e-29
 255.787541      0.158   0.384596    13.2243    -1.9384      0.157     0.2411    -0.4619 -9.990e-29
 255.787546      0.162   0.384580    13.2264    -1.9385      0.161     0.2411    -0.4622 -9.990e-29
 255.787552      0.162   0.384866    13.2285    -1.9384      0.161     0.2412    -0.4623 -9.990e-29
 255.787558      0.158   0.385280    13.2300    -1.9386      0.157     0.2415    -0.4623 -9.990e-29
 255.787564      0.149   0.385266    13.2310    -1.9386      0.148     0.2415    -0.4625 -9.990e-29
 255.787569      0.135   0.384806    13.2319    -1.9386      0.134     0.2412    -0.4628 -9.990e-29
 255.787575      0.119   0.384393    13.2326    -1.9386      0.118     0.2409    -0.4631 -9.990e-29
 255.787581      0.104   0.384033    13.2332    -1.9385      0.103     0.2407    -0.4634 -9.990e-29
 255.787587      0.090   0.383798    13.2340    -1.9385      0.089     0.2405    -0.4636 -9.990e-29
 255.787593      0.080   0.383929    13.2346    -1.9384      0.079     0.2406    -0.4636 -9.990e-29
 255.787598      0.077   0.384047    13.2346    -1.9384      0.076     0.2407    -0.4636 -9.990e-29
 255.787604      0.076   0.383757    13.2339    -1.9383      0.075     0.2405    -0.4636 -9.990e-29
 255.787610      0.079   0.383226    13.2332    -1.9385      0.078     0.2402    -0.4638 -9.990e-29
 255.787616      0.089   0.382855    13.2328    -1.9385      0.088     0.2399    -0.4639 -9.990e-29
 255.787622      0.099   0.382703    13.2328    -1.9384      0.098     0.2398    -0.4640 -9.990e-29
 255.787627      0.105   0.382567    13.2333    -1.9385      0.104     0.2397    -0.4641 -9.990e-29
 255.787633      0.111   0.382266    13.2342    -1.9384      0.110     0.2395    -0.4644 -9.990e-29
 255.787639      0.113   0.381954    13.2351    -1.9382      0.112     0.2393    -0.4647 -9.990e-29
 255.787645      0.113   0.381768    13.2361    -1.9382      0.112     0.2392    -0.4649 -9.990e-29
 255.787650      0.117   0.381460    13.2369    -1.9380      0.116     0.2390    -0.4652 -9.990e-29
 255.787656      0.127   0.381176    13.2371    -1.9379      0.126     0.2388    -0.4653 -9.990e-29
 255.787662      0.139   0.381089    13.2367    -1.9377      0.138     0.2388    -0.4653 -9.990e-29
 255.787668      0.154   0.381084    13.2363    -1.9376      0.153     0.2388    -0.4653 -9.990e-29
 255.787674      0.167   0.381153    13.2364    -1.8826      0.166     0.2388    -0.4653 -9.990e-29
 255.787679      0.181   0.381390    13.2373    -1.5787      0.179     0.2389    -0.4653 -9.990e-29
 255.787685      0.201   0.382110    13.2389    -1.5785      0.199     0.2394    -0.4651 -9.990e-29
 255.787691      0.222   0.384275    13.2410    -1.5791      0.220     0.2408    -0.4643 -9.990e-29
 255.787697      0.244   0.390216    13.2436    -1.5797      0.242     0.2446    -0.4617 -9.990e-29
 255.787703      0.265   0.406747    13.2467    -1.5797      0.263     0.2552    -0.4538 -9.990e-29
 255.787708      0.289   0.454802    13.2504    -1.5796      0.287     0.2863    -0.4301 -9.990e-29
 255.787714      0.317   0.596792    13.2554    -1.5795      0.314     0.3790    -0.3586 -9.990e-29
 255.787720      0.350   1.020373    13.2641    -1.5795      0.347     0.6618    -0.1399 -9.990e-29
 255.787726      0.390   2.289213    13.2839    -1.5842      0.387     1.5445     0.5422 -9.990e-29
 255.787731      0.441   6.093993    13.3160    -1.5794      0.437     4.3665     2.7186 -9.990e-29
 255.787737      0.505  15.391462    13.3419    -1.5794      0.501    11.8371     8.4664 -9.990e-29
 255.787743      0.586  27.562266    13.3467    -1.5795      0.581    22.3601    16.5630 -9.990e-29
 255.787749      0.677  35.185288    13.3409    -1.5798      0.671    29.2850    21.9048 -9.990e-29
 255.787755      0.758  37.713535    13.3400    -1.5796      0.752    31.6326    23.7189 -9.990e-29
 255.787760      0.820  38.552795    13.3439    -1.5793      0.813    32.4139    24.3222 -9.990e-29
 255.787766      0.869  38.822654    13.3470    -1.5792      0.862    32.6641    24.5150 -9.990e-29
 255.787772      0.907  38.899209    13.3484    -1.5798      0.899    32.7346    24.5693 -9.990e-29
 255.787778      0.936  38.901940    13.3496    -1.5803      0.928    32.7361    24.5702 -9.990e-29
 255.787784      0.959  38.836751    13.3511    -1.5803      0.951    32.6737    24.5217 -9.990e-29
 255.787789      0.977  38.783870    13.3519    -1.5801      0.969    32.6235    24.4827 -9.990e-29
 255.787795      0.990  38.841055    13.3508    -1.5800      0.982    32.6780    24.5250 -9.990e-29
 255.787801      1.001  38.913519    13.3493    -1.5799      0.993    32.7472    24.5789 -9.990e-29
 255.787807      1.009  38.934138    13.3507    -1.5799      1.001    32.7653    24.5926 -9.990e-29
 255.787813      1.015  38.940517    13.3525    -1.5799      1.007    32.7698    24.5957 -9.990e-29
 255.787818      1.020  38.945106    13.3486    -1.5798      1.011    32.7774    24.6024 -9.990e-29
 255.787824      1.023  38.950117    13.3377    -1.5795      1.014    32.7915    24.6155 -9.990e-29
 255.787830      1.026  38.953277    13.3273    -1.5795      1.017    32.8034    24.6268 -9.990e-29
 255.787836      1.027  38.953769    13.3251    -1.5793      1.018    32.8058    24.6290 -9.990e-29
 255.787841      1.028  38.952267    13.3288    -1.5794      1.019    32.8012    24.6247 -9.990e-29
 255.787847      1.028  38.947904    13.3325    -1.5793      1.019    32.7939    24.6184 -9.990e-29
 255.787853      1.027  38.942736    13.3348    -1.5792      1.018    32.7871    24.6126 -9.990e-29
 255.787859      1.025  38.941108    13.3362    -1.5793      1.016    32.7844    24.6102 -9.990e-29
 255.787865      1.023  38.943112    13.3384    -1.5795      1.014    32.7844    24.6098 -9.990e-29
 255.787870      1.019  38.945270    13.3427    -1.5800      1.010    32.7827    24.6076 -9.990e-29
 255.787876      1.014  38.945990    13.3480    -1.5802      1.006    32.7788    24.6036 -9.990e-29
 255.787882      1.008  38.946811    13.3523    -1.5801      1.000    32.7759    24.6004 -9.990e-29
 255.787888      0.999  38.948288    13.3554    -1.5799      0.991    32.7746    24.5988 -9.990e-29
 255.787894      0.992  38.949044    13.3572    -1.5799      0.984    32.7737    24.5978 -9.990e-29
 255.787899      0.990  38.948986    13.3579    -1.5798      0.982    32.7731    24.5972 -9.990e-29
 255.787905      0.990  38.949177    13.3572    -1.5798      0.982    32.7739    24.5979 -9.990e-29
 255.787911      0.991  38.949889    13.3537    -1.5804      0.983    32.7775    24.6015 -9.990e-29
 255.787917      0.997  38.950408    13.3459    -1.5800      0.989    32.7847    24.6086 -9.990e-29
 255.787922      1.005  38.950324    13.3356    -1.5796      0.997    32.7935    24.6174 -9.990e-29
 255.787928      1.010  38.950105    13.3289    -1.5796      1.002    32.7991    24.6231 -9.990e-29
 255.787934      1.014  38.950035    13.3283    -1.5797      1.006    32.7996    24.6236 -9.990e-29
 255.787940      1.016  38.950038    13.3308    -1.5797      1.008    32.7974    24.6214 -9.990e-29
 255.787946      1.016  38.950134    13.3330    -1.5796      1.008    32.7956    24.6196 -9.990e-29
 255.787951      1.014  38.950472    13.3335    -1.5796      1.006    32.7955    24.6194 -9.990e-29
 255.787957      1.016  38.951145    13.3308    -1.5796      1.008    32.7984    24.6222 -9.990e-29
 255.787963      1.024  38.951943    13.3283    -1.5798      1.015    32.8013    24.6249 -9.990e-29
 255.787969      1.036  38.952454    13.3330    -1.5797      1.027    32.7978    24.6212 -9.990e-29
 255.787975      1.047  38.952264    13.3413    -1.5797      1.038    32.7904    24.6139 -9.990e-29
 255.787980      1.059  38.950769    13.3454    -1.5797      1.050    32.7855    24.6093 -9.990e-29
 255.787986      1.068  38.948240    13.3451    -1.5796      1.059    32.7834    24.6077 -9.990e-29
 255.787992      1.070  38.946936    13.3446    -1.5796      1.061    32.7826    24.6072 -9.990e-29
 255.787998      1.070  38.947944    13.3458    -1.5795      1.061    32.7825    24.6069 -9.990e-29
 255.788003      1.071  38.949266    13.3467    -1.5795      1.062    32.7830    24.6070 -9.990e-29
 255.788009      1.071  38.949880    13.3450    -1.5798      1.062    32.7850    24.6090 -9.990e-29
 255.788015      1.063  38.950627    13.3422    -1.5800      1.054    32.7881    24.6119 -9.990e-29
 255.788021      1.053  38.951400    13.3412    -1.5798      1.044    32.7897    24.6134 -9.990e-29
 255.788027      1.044  38.952129    13.3415    -1.5797      1.035    32.7901    24.6136 -9.990e-29
 255.788032      1.035  38.952685    13.3423    -1.5797      1.026    32.7900    24.6133 -9.990e-29
 255.788038      1.026  38.952709    13.3441    -1.5796      1.017    32.7884    24.6118 -9.990e-29
 255.788044      1.020  38.952815    13.3461    -1.5796      1.011    32.7868    24.6102 -9.990e-29
 255.788050      1.021  38.953164    13.3466    -1.5795      1.012    32.7867    24.6100 -9.990e-29
 255.788056      1.025  38.953684    13.3442    -1.5794      1.016    32.7893    24.6124 -9.990e-29
 255.788061      1.028  38.953967    13.3396    -1.5794      1.019    32.7935    24.6166 -9.990e-29
 255.788067      1.031  38.953291    13.3370    -1.5793      1.022    32.7951    24.6184 -9.990e-29
 255.788073      1.033  38.952458    13.3388    -1.5793      1.024    32.7928    24.6162 -9.990e-29
 255.788079      1.034  38.952059    13.3424    -1.5792      1.025    32.7893    24.6128 -9.990e-29
 255.788084      1.035  38.951019    13.3449    -1.5793      1.026    32.7862    24.6099 -9.990e-29
 255.788090      1.036  38.949656    13.3463    -1.5792      1.027    32.7837    24.6077 -9.990e-29
 255.788096      1.037  38.950102    13.3476    -1.5793      1.028    32.7830    24.6069 -9.990e-29
 255.788102      1.037  38.951851    13.3495    -1.5795      1.028    32.7830    24.6065 -9.990e-29
 255.788108      1.037  38.952769    13.3519    -1.5800      1.028    32.7818    24.6051 -9.990e-29
 255.788113      1.037  38.952979    13.3543    -1.5802      1.028    32.7799    24.6032 -9.990e-29
 255.788119      1.037  38.953344    13.3563    -1.5801      1.028    32.7785    24.6017 -9.990e-29
 255.788125      1.037  38.953810    13.3582    -1.5796      1.028    32.7773    24.6004 -9.990e-29
 255.788131      1.036  38.953900    13.3592    -1.5796      1.027    32.7766    24.5996 -9.990e-29
 255.788137      1.035  38.953754    13.3589    -1.5796      1.026    32.7767    24.5997 -9.990e-29
 255.788142      1.034  38.953762    13.3574    -1.5797      1.025    32.7780    24.6011 -9.990e-29
 255.788148      1.033  38.953953    13.3537    -1.5796      1.024    32.7813    24.6044 -9.990e-29
 255.788154      1.031  38.954043    13.3461    -1.5797      1.022    32.7880    24.6110 -9.990e-29
