data/oxygen options/ONMS/Olympic_Coast_National_Marine_Sanctuary_CTD_Data_2005_2023/raw_data/2020/CAST_TH042_200804faedb.cnv
* Sea-Bird SBE 19 Data File:
* FileName = C:\2020 Mooring Data\Casts\CAST_TH042_200804.hex
* Software Version SeatermAF 2.1.2
* Temperature SN = 2997
* Conductivity SN = 2997
* System UpLoad Time = Aug 04 2020 01:17:45 (localtime) = Aug 04 2020 01:17:45 (UTC)
* ds
* SEACAT PROFILER V3.1c SN 2997   08/04/20  01:16:59.041
# nquan = 9
# nvalues = 42                          
# units = specified
# name 0 = timeJ: Julian Days
# name 1 = prSM: Pressure, Strain Gauge [db]
# name 2 = c0mS/cm: Conductivity [mS/cm]
# name 3 = t090C: Temperature [ITS-90, deg C]
# name 4 = sbeox0ML/L: Oxygen, SBE 43 [ml/l]
# name 5 = depSM: Depth [salt water, m], lat = 47.5
# name 6 = sal00: Salinity, Practical [PSU]
# name 7 = sigma-é00: Density [sigma-theta, kg/m^3]
# name 8 = flag: flag
# span 0 = 217.049455, 217.050625       
# span 1 =      1.000,     42.000       
# span 2 =  34.308400,  39.400561       
# span 3 =     7.5261,    15.0998       
# span 4 =     3.3442,     6.9869       
# span 5 =      0.992,     41.645       
# span 6 =    31.7131,    33.4211       
# span 7 =    23.4282,    26.1027       
# span 8 = 0.0000e+00, 0.0000e+00       
# interval = decibars: 1                
# start_time = Aug 04 2020 01:06:14 [Instrument's time stamp, header]
# bad_flag = -9.990e-29
*END*
 217.049455      1.000  39.400561    15.0998     6.9663      0.992    31.7321    23.4326 0.0000e+00
 217.049490      2.000  39.357333    15.0690     6.9326      1.983    31.7179    23.4282 0.0000e+00
 217.049515      3.000  39.338359    15.0336     6.9869      2.975    31.7292    23.4446 0.0000e+00
 217.049546      4.000  39.316396    14.9869     6.9485      3.967    31.7470    23.4683 0.0000e+00
 217.049572      5.000  39.099220    14.7873     6.9472      4.958    31.7131    23.4848 0.0000e+00
 217.049601      6.000  39.044625    14.6983     6.9356      5.950    31.7360    23.5211 0.0000e+00
 217.049628      7.000  38.822668    14.4460     6.9307      6.942    31.7403    23.5774 0.0000e+00
 217.049658      8.000  38.772321    14.3515     6.9091      7.933    31.7716    23.6213 0.0000e+00
 217.049684      9.000  38.299158    13.8191     6.8194      8.925    31.7756    23.7336 0.0000e+00
 217.049713     10.000  37.981359    13.3854     6.3975      9.916    31.8413    23.8713 0.0000e+00
 217.049742     11.000  37.394786    12.6257     6.0458     10.908    31.9276    24.0861 0.0000e+00
 217.049776     12.000  36.888549    11.8571     6.0100     11.900    32.0992    24.3636 0.0000e+00
 217.049815     13.000  36.624997    11.3206     5.7124     12.891    32.3087    24.6234 0.0000e+00
 217.049848     14.000  36.117162    10.5398     5.3768     13.883    32.4946    24.9055 0.0000e+00
 217.049884     15.000  35.830337    10.0749     5.0787     14.874    32.6225    25.0837 0.0000e+00
 217.049918     16.000  35.632279     9.7473     4.6165     15.866    32.7178    25.2121 0.0000e+00
 217.049950     17.000  35.232319     9.2380     4.5293     16.857    32.7717    25.3364 0.0000e+00
 217.049980     18.000  35.128330     9.0446     4.5263     17.849    32.8416    25.4216 0.0000e+00
 217.050009     19.000  35.088751     8.9897     4.4842     18.841    32.8507    25.4373 0.0000e+00
 217.050036     20.000  35.051212     8.9067     4.3350     19.832    32.8880    25.4795 0.0000e+00
 217.050061     21.000  34.937875     8.7601     4.0890     20.824    32.9052    25.5156 0.0000e+00
 217.050086     22.000  34.802302     8.5136     3.8355     21.815    32.9923    25.6214 0.0000e+00
 217.050109     23.000  34.579952     8.2131     3.6950     22.807    33.0387    25.7027 0.0000e+00
 217.050132     24.000  34.512367     8.0635     3.5599     23.798    33.1075    25.7788 0.0000e+00
 217.050157     25.000  34.406734     7.8377     3.5789     24.790    33.2084    25.8909 0.0000e+00
 217.050182     26.000  34.365822     7.7958     3.6197     25.781    33.2039    25.8934 0.0000e+00
 217.050207     27.000  34.334348     7.7486     3.6179     26.773    33.2147    25.9087 0.0000e+00
 217.050230     28.000  34.308400     7.6858     3.6068     27.764    33.2463    25.9425 0.0000e+00
 217.050259     29.000  34.315326     7.6927     3.5903     28.756    33.2466    25.9418 0.0000e+00
 217.050290     30.000  34.311603     7.6730     3.5483     29.748    33.2609    25.9559 0.0000e+00
 217.050316     31.000  34.312323     7.6608     3.4972     30.739    33.2730    25.9671 0.0000e+00
 217.050342     32.000  34.318068     7.6298     3.4660     31.730    33.3084    25.9993 0.0000e+00
 217.050371     33.000  34.328593     7.6259     3.4345     32.722    33.3230    26.0113 0.0000e+00
 217.050400     34.000  34.324192     7.5883     3.4246     33.713    33.3538    26.0409 0.0000e+00
 217.050428     35.000  34.327334     7.5774     3.4016     34.705    33.3672    26.0530 0.0000e+00
 217.050453     36.000  34.326952     7.5563     3.3779     35.696    33.3866    26.0713 0.0000e+00
 217.050480     37.000  34.330796     7.5549     3.3695     36.688    33.3916    26.0754 0.0000e+00
 217.050507     38.000  34.331849     7.5436     3.3768     37.679    33.4031    26.0860 0.0000e+00
 217.050537     39.000  34.332647     7.5376     3.3566     38.671    33.4092    26.0917 0.0000e+00
 217.050564     40.000  34.332137     7.5332     3.3583     39.662    33.4124    26.0949 0.0000e+00
 217.050592     41.000  34.334168     7.5310     3.3474     40.654    33.4163    26.0983 0.0000e+00
 217.050625     42.000  34.334648     7.5261     3.3442     41.645    33.4211    26.1027 0.0000e+00
