data/oxygen options/ONMS/Olympic_Coast_National_Marine_Sanctuary_CTD_Data_2005_2023/raw_data/2020/CAST_KL027_200911faed.cnv
* Sea-Bird SBE 19 Data File:
* FileName = C:\2020 Mooring Data\Casts\CAST_KL027_200911.hex
* Software Version SeatermAF 2.1.2
* Temperature SN = 2997
* Conductivity SN = 2997
* System UpLoad Time = Sep 11 2020 21:06:36 (localtime) = Sep 11 2020 21:06:36 (UTC)
** CAST_KL027_200911
* ds
# nquan = 9                                 
# nvalues = 874                         
# units = specified
# name 0 = timeJ: Julian Days
# name 1 = prSM: Pressure, Strain Gauge [db]
# name 2 = c0mS/cm: Conductivity [mS/cm]
# name 3 = t090C: Temperature [ITS-90, deg C]
# name 4 = sbeox0ML/L: Oxygen, SBE 43 [ml/l]
# name 5 = depSM: Depth [salt water, m], lat = 47.5
# name 6 = sal00: Salinity, Practical [PSU]
# name 7 = sigma-é00: Density [sigma-theta, kg/m^3]
# name 8 = flag: flag
# span 0 = 255.847813, 255.852865       
# span 1 =     -5.101,     27.667       
# span 2 =   0.377671,  38.109949       
# span 3 =     8.1450,    13.9785       
# span 4 =    -1.9139,    19.2586       
# span 5 =     -5.058,     27.434       
# span 6 =     0.2326,    33.5546       
# span 7 =    -0.5668,    26.1172       
# span 8 = 0.0000e+00, 0.0000e+00       
# interval = seconds: 0.5
# start_time = Sep 11 2020 20:20:51 [Instrument's time stamp, header]
# bad_flag = -9.990e-29
*END*
[from data line 801]
 255.852448     16.740  34.978176     8.1638     1.1776     16.600    33.5116    26.0810 0.0000e+00
 255.852454     16.445  34.982075     8.1754     1.2687     16.307    33.5048    26.0740 0.0000e+00
 255.852459     16.141  34.987818     8.1931     1.4049     16.006    33.4942    26.0630 0.0000e+00
 255.852465     15.833  34.998183     8.2185     1.5714     15.700    33.4811    26.0489 0.0000e+00
 255.852471     15.523  35.015947     8.2519     1.8319     15.393    33.4683    26.0339 0.0000e+00
 255.852477     15.214  35.039744     8.2937     2.1368     15.086    33.4539    26.0163 0.0000e+00
 255.852483     14.910  35.063359     8.3348     2.4551     14.785    33.4399    25.9992 0.0000e+00
 255.852488     14.615  35.080895     8.3622     2.7702     14.493    33.4326    25.9893 0.0000e+00
 255.852494     14.327  35.093488     8.3842     3.0138     14.207    33.4252    25.9802 0.0000e+00
 255.852500     14.039  35.105773     8.4252     3.3692     13.921    33.3994    25.9538 0.0000e+00
 255.852506     13.743  35.124207     8.5065     3.6809     13.628    33.3420    25.8964 0.0000e+00
 255.852512     13.433  35.160645     8.6351     3.9537     13.320    33.2592    25.8119 0.0000e+00
 255.852517     13.110  35.224044     8.7869     4.1712     13.000    33.1833    25.7291 0.0000e+00
 255.852523     12.783  35.316161     8.9221     4.3158     12.676    33.1532    25.6846 0.0000e+00
 255.852529     12.462  35.419884     9.0248     4.4804     12.358    33.1656    25.6782 0.0000e+00
 255.852535     12.152  35.507794     9.1016     4.6472     12.050    33.1855    25.6817 0.0000e+00
 255.852541     11.859  35.574543     9.1657     4.8368     11.760    33.1952    25.6791 0.0000e+00
 255.852546     11.582  35.632518     9.2292     5.0898     11.485    33.1963    25.6699 0.0000e+00
 255.852552     11.307  35.685211     9.3050     5.4338     11.212    33.1805    25.6454 0.0000e+00
 255.852558     11.017  35.737471     9.4101     5.9807     10.925    33.1371    25.5945 0.0000e+00
 255.852564     10.706  35.803663     9.5482     6.7343     10.616    33.0777    25.5258 0.0000e+00
 255.852569     10.384  35.884216     9.7015     7.6002     10.297    33.0193    25.4551 0.0000e+00
 255.852575     10.061  35.983581     9.8645     8.4714      9.977    32.9714    25.3909 0.0000e+00
 255.852581      9.742  36.108875    10.0575     9.1540      9.660    32.9228    25.3208 0.0000e+00
 255.852587      9.424  36.252455    10.3047     9.6282      9.345    32.8436    25.2174 0.0000e+00
 255.852593      9.095  36.443954    10.6131     9.9072      9.019    32.7579    25.0978 0.0000e+00
 255.852598      8.755  36.679905    10.9371    10.0439      8.682    32.7030    24.9985 0.0000e+00
 255.852604      8.418  36.894473    11.2084    10.0472      8.348    32.6739    24.9278 0.0000e+00
 255.852610      8.088  37.076289    11.4008     9.9583      8.020    32.6823    24.8997 0.0000e+00
 255.852616      7.765  37.231977    11.5235     9.8250      7.700    32.7264    24.9118 0.0000e+00
 255.852622      7.454  37.364148    11.5979     9.6655      7.392    32.7899    24.9475 0.0000e+00
 255.852627      7.156  37.461411    11.6462     9.5334      7.096    32.8423    24.9793 0.0000e+00
 255.852633      6.871  37.497215    11.6814     9.3859      6.814    32.8461    24.9758 0.0000e+00
 255.852639      6.592  37.488649    11.7047     9.2701      6.537    32.8173    24.9491 0.0000e+00
 255.852645      6.311  37.462041    11.7097     9.1965      6.258    32.7870    24.9247 0.0000e+00
 255.852650      6.026  37.422465    11.7004     9.1607      5.976    32.7568    24.9030 0.0000e+00
 255.852656      5.746  37.379011    11.6937     9.1578      5.698    32.7205    24.8760 0.0000e+00
 255.852662      5.479  37.346803    11.6975     9.1771      5.433    32.6859    24.8484 0.0000e+00
 255.852668      5.227  37.330728    11.7064     9.2004      5.183    32.6625    24.8286 0.0000e+00
 255.852674      4.990  37.330833    11.7171     9.2343      4.948    32.6533    24.8195 0.0000e+00
 255.852679      4.759  37.339027    11.7355     9.2437      4.719    32.6452    24.8098 0.0000e+00
 255.852685      4.530  37.349031    11.7692     9.3368      4.492    32.6254    24.7882 0.0000e+00
 255.852691      4.300  37.369318    11.8161     9.4306      4.264    32.6040    24.7630 0.0000e+00
 255.852697      4.071  37.404128    11.8678     9.4903      4.037    32.5926    24.7445 0.0000e+00
 255.852703      3.847  37.444531    11.9179     9.5514      3.815    32.5880    24.7317 0.0000e+00
 255.852708      3.625  37.482839    11.9584     9.5125      3.595    32.5897    24.7255 0.0000e+00
 255.852714      3.401  37.514132    11.9910     9.5519      3.373    32.5916    24.7208 0.0000e+00
 255.852720      3.173  37.540365    12.0249     9.5695      3.146    32.5874    24.7113 0.0000e+00
 255.852726      2.948  37.568500    12.0548     9.5847      2.923    32.5886    24.7066 0.0000e+00
 255.852731      2.737  37.600733    12.0763     9.6152      2.714    32.6010    24.7122 0.0000e+00
 255.852737      2.543  37.635196    12.0923     9.5905      2.522    32.6204    24.7242 0.0000e+00
 255.852743      2.364  37.655614    12.1010     9.5703      2.344    32.6325    24.7320 0.0000e+00
 255.852749      2.197  37.655011    12.1071     9.4832      2.179    32.6267    24.7263 0.0000e+00
 255.852755      2.034  37.649969    12.1187    11.0874      2.017    32.6118    24.7126 0.0000e+00
 255.852760      1.870  37.653390    12.1373    10.9991      1.854    32.5989    24.6991 0.0000e+00
 255.852766      1.708  37.670396    12.1588    10.5965      1.694    32.5966    24.6933 0.0000e+00
 255.852772      1.549  37.695069    12.1738     9.6615      1.536    32.6073    24.6988 0.0000e+00
 255.852778      1.393  37.703124    12.1783     8.5928      1.381    32.6112    24.7009 0.0000e+00
 255.852784      1.242  37.671666    12.1796     7.5729      1.232    32.5799    24.6764 0.0000e+00
 255.852789      1.104  37.574451    12.1819     6.8934      1.095    32.4844    24.6019 -9.990e-29
 255.852795      0.983  37.308214    12.1840     6.6304      0.975    32.2266    24.4015 -9.990e-29
 255.852801      0.880  36.538719    12.1870     6.4617      0.873    31.4857    23.8265 -9.990e-29
 255.852807      0.797  34.265763    12.1919     6.4213      0.790    29.3153    22.1437 -9.990e-29
 255.852813      0.732  27.488456    12.1968 -9.990e-29      0.726    22.9813    17.2424 -9.990e-29
 255.852818      0.682  17.092871    12.2008 -9.990e-29      0.676    13.6700    10.0530 -9.990e-29
 255.852824      0.643   9.557876    12.2052 -9.990e-29      0.638     7.2875     5.1260 -9.990e-29
 255.852830      0.614   6.485355    12.2103 -9.990e-29      0.609     4.8048     3.2061 -9.990e-29
 255.852836      0.591   5.415581    12.2148 -9.990e-29      0.586     3.9619     2.5532 -9.990e-29
 255.852841      0.575   5.212940    12.2182 -9.990e-29      0.570     3.8035     2.4301 -9.990e-29
 255.852847      0.563   5.300015    12.2211 -9.990e-29      0.558     3.8711     2.4820 -9.990e-29
 255.852853      0.555   5.145538    12.2233 -9.990e-29      0.550     3.7505     2.3884 -9.990e-29
 255.852859      0.550   4.680025    12.2242 -9.990e-29      0.545     3.3897     2.1088 -9.990e-29
 255.852865      0.549   4.417817 -9.990e-29 -9.990e-29      0.544 -9.990e-29 -9.990e-29 -9.990e-29
