data/oxygen options/OCNMS/OCNMS1/raw_data/2009/CTD_CA065_072809faedb.cnv
* Sea-Bird SBE19 Data File:
* FileName = C:\2009_MOORING_DATA\072809_DATA\CTD_CA065_072809.hex
* Software Version 1.24
* Temperature SN = 2997
* Conductivity SN = 2997
* System UpLoad Time = Jul 28 2009 17:30:58
* SEACAT PROFILER V3.1c SN 2997   07/28/09  17:30:13.306
* strain gauge pressure sensor: S/N = 184829,  range = 3000 psia,  tc = 40
# nquan = 9
# nvalues = 64                          
# units = specified
# name 0 = timeJ: Julian Days
# name 1 = prSM: Pressure, Strain Gauge [db]
# name 2 = c0mS/cm: Conductivity [mS/cm]
# name 3 = t090C: Temperature [ITS-90, deg C]
# name 4 = sbeox0ML/L: Oxygen, SBE 43 [ml/l]
# name 5 = depSM: Depth [salt water, m], lat = 47.5
# name 6 = sal00: Salinity, Practical [PSU]
# name 7 = sigma-é00: Density [sigma-theta, kg/m^3]
# name 8 = flag: flag
# span 0 = 209.454865, 209.455763       
# span 1 =      2.000,     65.000       
# span 2 =  33.569637,  38.441550       
# span 3 =     7.0320,    14.1887       
# span 4 =     2.3266,     7.2579       
# span 5 =      1.984,     64.447       
# span 6 =    31.6050,    33.7075       
# span 7 =    23.5263,    26.3669       
# span 8 = 0.0000e+00, 0.0000e+00       
# interval = decibars: 1                
# start_time = Jul 28 2009 10:51:08 [Instrument's time stamp, header]
# bad_flag = -9.990e-29
*END*
 209.454865      2.000  38.441550    14.1887     7.2579      1.984    31.6050    23.5263 0.0000e+00
 209.454885      3.000  38.225431    13.8696     7.1897      2.975    31.6684    23.6404 0.0000e+00
 209.454899      4.000  37.922400    13.5072     7.1237      3.967    31.6871    23.7279 0.0000e+00
 209.454911      5.000  37.701376    13.3001     6.8291      4.958    31.6527    23.7425 0.0000e+00
 209.454923      6.000  37.597767    13.2006     6.4475      5.950    31.6382    23.7508 0.0000e+00
 209.454933      7.000  37.503384    13.0912     5.8697      6.942    31.6405    23.7740 0.0000e+00
 209.454945      8.000  37.246816    12.6950     4.8722      7.933    31.7299    23.9199 0.0000e+00
 209.454956      9.000  36.715411    12.0212     4.1167      8.924    31.7926    24.0952 0.0000e+00
 209.454968     10.000  36.190155    11.2286     3.9872      9.916    31.9629    24.3712 0.0000e+00
 209.454981     11.000  35.723675    10.5549     3.9835     10.908    32.0893    24.5871 0.0000e+00
 209.454994     12.000  35.388802    10.2362     3.9780     11.899    32.0344    24.5981 0.0000e+00
 209.455010     13.000  35.146095     9.9850     3.7459     12.891    32.0115    24.6219 0.0000e+00
 209.455025     14.000  35.038770     9.8096     3.5583     13.883    32.0580    24.6870 0.0000e+00
 209.455040     15.000  34.923971     9.5510     3.5948     14.874    32.1716    24.8174 0.0000e+00
 209.455055     16.000  34.891198     9.3695     3.5197     15.866    32.3008    24.9474 0.0000e+00
 209.455071     17.000  34.875780     9.2905     3.4262     16.858    32.3559    25.0030 0.0000e+00
 209.455089     18.000  34.749013     9.1015     3.4577     17.849    32.3961    25.0642 0.0000e+00
 209.455104     19.000  34.690141     9.0109     3.5057     18.841    32.4171    25.0947 0.0000e+00
 209.455119     20.000  34.685012     8.9975     3.4965     19.832    32.4236    25.1019 0.0000e+00
 209.455133     21.000  34.687963     8.9849     3.4678     20.824    32.4376    25.1149 0.0000e+00
 209.455147     22.000  34.696193     8.9642     3.4138     21.815    32.4647    25.1392 0.0000e+00
 209.455162     23.000  34.695672     8.9416     3.2993     22.807    32.4843    25.1581 0.0000e+00
 209.455180     24.000  34.657824     8.8823     3.1636     23.798    32.4988    25.1786 0.0000e+00
 209.455199     25.000  34.567341     8.7762     3.1180     24.790    32.5013    25.1969 0.0000e+00
 209.455215     26.000  34.503793     8.6798     3.1203     25.781    32.5228    25.2285 0.0000e+00
 209.455231     27.000  34.505108     8.6438     3.0849     26.773    32.5570    25.2607 0.0000e+00
 209.455245     28.000  34.514920     8.6107     3.1127     27.764    32.5973    25.2973 0.0000e+00
 209.455260     29.000  34.508327     8.5304     3.1650     28.756    32.6642    25.3618 0.0000e+00
 209.455277     30.000  34.500984     8.4550     3.1955     29.748    32.7259    25.4215 0.0000e+00
 209.455297     31.000  34.471924     8.3970     3.2279     30.739    32.7486    25.4480 0.0000e+00
 209.455318     32.000  34.462734     8.3730     3.3569     31.731    32.7608    25.4612 0.0000e+00
 209.455335     33.000  34.432734     8.3244     3.4521     32.722    32.7739    25.4787 0.0000e+00
 209.455350     34.000  34.376933     8.2453     3.4119     33.713    32.7882    25.5017 0.0000e+00
 209.455367     35.000  34.341000     8.1942     3.3588     34.705    32.7974    25.5164 0.0000e+00
 209.455385     36.000  34.350727     8.1977     3.3317     35.696    32.8040    25.5211 0.0000e+00
 209.455405     37.000  34.354262     8.2003     3.2527     36.688    32.8048    25.5214 0.0000e+00
 209.455423     38.000  34.357408     8.1973     3.0645     37.679    32.8105    25.5263 0.0000e+00
 209.455440     39.000  34.381034     8.1984     3.0667     38.671    32.8341    25.5447 0.0000e+00
 209.455456     40.000  34.393837     8.1601     3.1207     39.662    32.8831    25.5888 0.0000e+00
 209.455472     41.000  34.360961     8.0923     3.1296     40.654    32.9112    25.6208 0.0000e+00
 209.455489     42.000  34.339064     8.0560     3.3769     41.645    32.9217    25.6343 0.0000e+00
 209.455506     43.000  34.282803     7.9516     3.6781     42.636    32.9595    25.6792 0.0000e+00
 209.455524     44.000  34.178313     7.8189     4.3745     43.628    32.9725    25.7086 0.0000e+00
 209.455540     45.000  34.063292     7.6372     5.1687     44.620    33.0207    25.7723 0.0000e+00
 209.455555     46.000  33.802658     7.3057     5.0781     45.611    33.0543    25.8452 0.0000e+00
 209.455566     47.000  33.581860     7.0874     4.6853     46.602    33.0225    25.8500 0.0000e+00
 209.455578     48.000  33.569637     7.0320     4.4637     47.594    33.0617    25.8883 0.0000e+00
 209.455588     49.000  33.647328     7.0545     4.2840     48.585    33.1245    25.9348 0.0000e+00
 209.455599     50.000  33.703409     7.0732     4.0748     49.577    33.1674    25.9660 0.0000e+00
 209.455609     51.000  33.745230     7.0869     3.8737     50.568    33.1993    25.9893 0.0000e+00
 209.455617     52.000  33.808658     7.1163     3.6926     51.560    33.2398    26.0171 0.0000e+00
 209.455627     53.000  33.905791     7.1555     3.5036     52.551    33.3074    26.0651 0.0000e+00
 209.455637     54.000  33.974906     7.1893     3.2712     53.542    33.3496    26.0937 0.0000e+00
 209.455645     55.000  34.042771     7.2372     2.9405     54.534    33.3767    26.1084 0.0000e+00
 209.455655     56.000  34.123791     7.2847     2.6136     55.525    33.4186    26.1347 0.0000e+00
 209.455664     57.000  34.186680     7.3081     2.4271     56.516    33.4639    26.1672 0.0000e+00
 209.455673     58.000  34.241869     7.3041     2.3569     57.508    33.5272    26.2176 0.0000e+00
 209.455682     59.000  34.281027     7.2899     2.3266     58.500    33.5831    26.2636 0.0000e+00
 209.455692     60.000  34.306716     7.2731     2.3294     59.490    33.6269    26.3003 0.0000e+00
 209.455702     61.000  34.327051     7.2624     2.3905     60.482    33.6589    26.3270 0.0000e+00
 209.455713     62.000  34.348527     7.2548     2.5758     61.473    33.6893    26.3520 0.0000e+00
 209.455724     63.000  34.362740     7.2515     2.7761     62.465    33.7075    26.3669 0.0000e+00
 209.455739     64.000  34.344293     7.2572     2.7902     63.456    33.6814    26.3455 0.0000e+00
 209.455763     65.000  34.284068     7.2638     2.6126     64.447    33.6088    26.2875 0.0000e+00
