data/oxygen options/OCNMS/OCNMS1/raw_data/2009/CTD_CE015_081109faed.cnv
* Sea-Bird SBE19 Data File:
* FileName = C:\2009_MOORING_DATA\081109\CTD_CE015_081109.hex
* Software Version 1.24
* Temperature SN = 2997
* Conductivity SN = 2997
* System UpLoad Time = Aug 11 2009 15:33:01
* SEACAT PROFILER V3.1c SN 2997   08/11/09  15:32:19.276
* strain gauge pressure sensor: S/N = 184829,  range = 3000 psia,  tc = 40
# nquan = 9                                 
# nvalues = 2464                        
# units = specified
# name 0 = timeJ: Julian Days
# name 1 = prSM: Pressure, Strain Gauge [db]
# name 2 = c0mS/cm: Conductivity [mS/cm]
# name 3 = t090C: Temperature [ITS-90, deg C]
# name 4 = sbeox0ML/L: Oxygen, SBE 43 [ml/l]
# name 5 = depSM: Depth [salt water, m], lat = 47.5
# name 6 = sal00: Salinity, Practical [PSU]
# name 7 = sigma-é00: Density [sigma-theta, kg/m^3]
# name 8 = flag: flag
# span 0 = 223.619907, 223.634161       
# span 1 =     -5.449,     16.766       
# span 2 =   0.230911,  41.761596       
# span 3 =    13.7631,    18.2478       
# span 4 =   -13.2264,    17.2967       
# span 5 =     -5.404,     16.625       
# span 6 =     0.1308,    32.8759       
# span 7 =    -1.3023,    24.5382       
# span 8 = 0.0000e+00, 0.0000e+00       
# interval = seconds: 0.5
# start_time = Aug 11 2009 14:52:40 [Instrument's time stamp, header]
# bad_flag = -9.990e-29
*END*
[from data line 1441]
 223.628247      0.333   1.533256    16.5379    -1.5656      0.330     0.9336    -0.4253 -9.990e-29
 223.628252      0.337   1.635567    16.5462    -1.5643      0.334     0.9988    -0.3766 -9.990e-29
 223.628258      0.340   1.916611    16.5613    -1.5657      0.337     1.1795    -0.2403 -9.990e-29
 223.628264      0.342   2.298760    16.5792    -1.5678      0.339     1.4278    -0.0527 -9.990e-29
 223.628270      0.343   2.446722    16.5985    -1.5691      0.340     1.5242     0.0179 -9.990e-29
 223.628275      0.343   2.354325    16.6154    -1.5653      0.340     1.4629    -0.0320 -9.990e-29
 223.628281      0.342   2.250688    16.6245    -1.5642      0.339     1.3948    -0.0859 -9.990e-29
 223.628287      0.340   2.221150    16.6244    -1.5645      0.337     1.3755    -0.1007 -9.990e-29
 223.628293      0.338   2.187761    16.6148    -1.5636      0.335     1.3540    -0.1155 -9.990e-29
 223.628299      0.334   2.074917    16.5981    -1.5640      0.331     1.2811    -0.1686 -9.990e-29
 223.628304      0.329   1.990233    16.5805    -1.5649      0.326     1.2266    -0.2074 -9.990e-29
 223.628310      0.322   2.036134    16.5665    -1.5622      0.319     1.2569    -0.1818 -9.990e-29
 223.628316      0.313   2.106771    16.5598    -1.5614      0.310     1.3030    -0.1452 -9.990e-29
 223.628322      0.305   2.064343    16.5643    -1.5615      0.302     1.2753    -0.1673 -9.990e-29
 223.628328      0.302   1.949404    16.5812    -1.5628      0.299     1.2001    -0.2279 -9.990e-29
 223.628333      0.301   1.921704    16.6098    -1.5634      0.298     1.1814    -0.2472 -9.990e-29
 223.628339      0.300   2.011453    16.6494    -1.5638      0.297     1.2383    -0.2103 -9.990e-29
 223.628345      0.304   2.049181    16.6891    -1.5638      0.301     1.2616    -0.1993 -9.990e-29
 223.628351      0.310   1.957557    16.7144    -1.5643      0.307     1.2015    -0.2498 -9.990e-29
 223.628356      0.312   1.825864    16.7247    -1.5649      0.309     1.1164    -0.3170 -9.990e-29
 223.628362      0.311   1.727686    16.7254    -1.5657      0.308     1.0534    -0.3655 -9.990e-29
 223.628368      0.308   1.735209    16.7209    -1.5667      0.305     1.0583    -0.3609 -9.990e-29
 223.628374      0.302   1.868443    16.7183    -1.5674      0.299     1.1439    -0.2947 -9.990e-29
 223.628380      0.296   1.997057    16.7224    -1.5680      0.294     1.2268    -0.2318 -9.990e-29
 223.628385      0.295   2.003969    16.7315    -1.5684      0.293     1.2310    -0.2301 -9.990e-29
 223.628391      0.294   1.901170    16.7420    -1.5683      0.292     1.1644    -0.2831 -9.990e-29
 223.628397      0.290   1.764148    16.7501    -1.5675      0.288     1.0761    -0.3523 -9.990e-29
 223.628403      0.281   1.646051    16.7521    -1.5663      0.279     1.0005    -0.4107 -9.990e-29
 223.628409      0.268   1.552001    16.7484    -1.5630      0.266     0.9407    -0.4560 -9.990e-29
 223.628414      0.253   1.468121    16.7407    -1.5628      0.251     0.8877    -0.4954 -9.990e-29
 223.628420      0.245   1.381885    16.7307    -1.5620      0.243     0.8333    -0.5355 -9.990e-29
 223.628426      0.246   1.293710    16.7219    -1.5626      0.244     0.7779    -0.5765 -9.990e-29
 223.628432      0.258   1.210852    16.7168    -1.5635      0.256     0.7260    -0.6156 -9.990e-29
 223.628437      0.276   1.138220    16.7168    -1.5646      0.274     0.6806    -0.6505 -9.990e-29
 223.628443      0.294   1.080485    16.7233    -1.5657      0.292     0.6445    -0.6794 -9.990e-29
 223.628449      0.307   1.047753    16.7357    -1.5666      0.304     0.6240    -0.6973 -9.990e-29
 223.628455      0.318   1.055176    16.7499    -1.5671      0.315     0.6284    -0.6964 -9.990e-29
 223.628461      0.326   1.121526    16.7607    -1.5672      0.323     0.6695    -0.6666 -9.990e-29
 223.628466      0.332   1.275366    16.7645    -1.5668      0.329     0.7656    -0.5934 -9.990e-29
 223.628472      0.336   1.476615    16.7612    -1.5662      0.333     0.8926    -0.4952 -9.990e-29
 223.628478      0.339   1.629120    16.7513    -1.5661      0.336     0.9898    -0.4188 -9.990e-29
 223.628484      0.341   1.705416    16.7345    -1.5656      0.338     1.0389    -0.3782 -9.990e-29
 223.628490      0.343   1.714012    16.7112    -1.5654      0.340     1.0450    -0.3695 -9.990e-29
 223.628495      0.343   1.678023    16.6847    -1.5659      0.340     1.0226    -0.3821 -9.990e-29
 223.628501      0.343   1.637134    16.6618    -1.5652      0.340     0.9970    -0.3978 -9.990e-29
 223.628507      0.342   1.610071    16.6498    -1.5653      0.339     0.9800    -0.4088 -9.990e-29
 223.628513      0.340   1.593484    16.6531    -1.5658      0.337     0.9694    -0.4176 -9.990e-29
 223.628519      0.337   1.574136    16.6715    -1.5657      0.334     0.9566    -0.4305 -9.990e-29
 223.628524      0.332   1.540658    16.6984    -1.5653      0.329     0.9347    -0.4520 -9.990e-29
 223.628530      0.327   1.485584    16.7268    -1.5644      0.324     0.8990    -0.4843 -9.990e-29
 223.628536      0.319   1.411495    16.7539    -1.5640      0.316     0.8516    -0.5255 -9.990e-29
 223.628542      0.313   1.326684    16.7738    -1.5626      0.310     0.7977    -0.5703 -9.990e-29
 223.628547      0.313   1.240119    16.7841    -1.5608      0.310     0.7431    -0.6140 -9.990e-29
 223.628553      0.315   1.167301    16.7876    -1.5571      0.312     0.6976    -0.6497 -9.990e-29
 223.628559      0.314   1.129851    16.7825    -1.5574      0.311     0.6743    -0.6667 -9.990e-29
 223.628565      0.310   1.132753    16.7708    -1.5592      0.307     0.6763    -0.6631 -9.990e-29
 223.628571      0.303   1.159350    16.7613    -1.5595      0.300     0.6930    -0.6486 -9.990e-29
 223.628576      0.293   1.202393    16.7611    -1.5597      0.291     0.7199    -0.6279 -9.990e-29
 223.628582      0.284   1.263246    16.7733    -1.5591      0.282     0.7578    -0.6009 -9.990e-29
 223.628588      0.282   1.329296    16.8007    -1.5577      0.280     0.7988    -0.5741 -9.990e-29
 223.628594      0.289   1.379323    16.8419    -1.5569      0.287     0.8295    -0.5577 -9.990e-29
 223.628600      0.296   1.402363    16.8782    -1.5553      0.294     0.8432    -0.5534 -9.990e-29
 223.628605      0.298   1.426363    16.8894    -1.5551      0.296     0.8581    -0.5439 -9.990e-29
 223.628611      0.302   1.542131    16.8805    -1.5519      0.299     0.9315    -0.4861 -9.990e-29
 223.628617      0.311   1.745883    16.8717    -1.5487      0.308     1.0612    -0.3848 -9.990e-29
 223.628623      0.320   1.868168    16.8741    -1.5508      0.317     1.1394    -0.3252 -9.990e-29
 223.628628      0.328   1.846757    16.8869    -1.5520      0.325     1.1254    -0.3383 -9.990e-29
 223.628634      0.334   1.775190    16.9119    -1.5526      0.331     1.0789    -0.3783 -9.990e-29
 223.628640      0.339   1.720082    16.9487    -1.5531      0.336     1.0428    -0.4125 -9.990e-29
 223.628646      0.342   1.688971    16.9903    -1.5544      0.339     1.0220    -0.4358 -9.990e-29
 223.628652      0.345   1.667566    17.0288    -1.5555      0.342     1.0075    -0.4537 -9.990e-29
 223.628657      0.347   1.654514    17.0553    -1.5549      0.344     0.9985    -0.4652 -9.990e-29
 223.628663      0.348   1.670144    17.0705    -1.5542      0.345     1.0081    -0.4606 -9.990e-29
 223.628669      0.349   1.781905    17.0848    -1.5541      0.346     1.0787    -0.4089 -9.990e-29
 223.628675      0.350   2.010618    17.1031    -1.5549      0.347     1.2242    -0.3005 -9.990e-29
 223.628681      0.350   2.157327    17.1214    -1.5554      0.347     1.3178    -0.2320 -9.990e-29
 223.628686      0.349   2.064122    17.1345    -1.5549      0.346     1.2575    -0.2805 -9.990e-29
 223.628692      0.348   1.853161    17.1367    -1.5528      0.345     1.1226    -0.3844 -9.990e-29
 223.628698      0.347   1.665506    17.1301    -1.5514      0.344     1.0037    -0.4745 -9.990e-29
 223.628704      0.345   1.527289    17.1298    -1.5506      0.342     0.9165    -0.5414 -9.990e-29
 223.628709      0.342   1.422342    17.1455    -1.5501      0.339     0.8503    -0.5950 -9.990e-29
 223.628715      0.339   1.331680    17.1660    -1.5501      0.336     0.7933    -0.6424 -9.990e-29
 223.628721      0.334   1.253143    17.1759    -1.5510      0.331     0.7442    -0.6818 -9.990e-29
 223.628727      0.329   1.190192    17.1758    -1.5517      0.326     0.7052    -0.7118 -9.990e-29
 223.628733      0.325   1.143210    17.1793    -1.5528      0.322     0.6761    -0.7347 -9.990e-29
 223.628738      0.328   1.108355    17.1976    -1.5532      0.325     0.6543    -0.7547 -9.990e-29
 223.628744      0.334   1.089629    17.2272    -1.5531      0.331     0.6423    -0.7692 -9.990e-29
 223.628750      0.339   1.104223    17.2546    -1.5523      0.336     0.6509    -0.7675 -9.990e-29
 223.628756      0.342   1.158282    17.2740    -1.5517      0.339     0.6839    -0.7456 -9.990e-29
 223.628762      0.344   1.226811    17.2850    -1.5514      0.341     0.7260    -0.7152 -9.990e-29
 223.628767      0.346   1.275263    17.2840    -1.5519      0.343     0.7560    -0.6920 -9.990e-29
 223.628773      0.346   1.292242    17.2715    -1.5519      0.343     0.7668    -0.6815 -9.990e-29
 223.628779      0.347   1.285964    17.2542    -1.5511      0.344     0.7632    -0.6812 -9.990e-29
 223.628785      0.346   1.265255    17.2399    -1.5515      0.343     0.7506    -0.6883 -9.990e-29
 223.628791      0.345   1.233570    17.2355    -1.5508      0.342     0.7310    -0.7025 -9.990e-29
 223.628796      0.344   1.191931    17.2407    -1.5504      0.341     0.7052    -0.7233 -9.990e-29
 223.628802      0.341   1.150830    17.2483    -1.5509      0.338     0.6797    -0.7442 -9.990e-29
 223.628808      0.338   1.136455    17.2508    -1.5519      0.335     0.6708    -0.7515 -9.990e-29
 223.628814      0.334   1.165139    17.2445    -1.5523      0.331     0.6886    -0.7367 -9.990e-29
 223.628819      0.328   1.223540    17.2345    -1.5527      0.325     0.7248    -0.7071 -9.990e-29
 223.628825      0.324   1.286348    17.2302    -1.5520      0.321     0.7639    -0.6764 -9.990e-29
 223.628831      0.328   1.335238    17.2306    -1.5523      0.325     0.7942    -0.6531 -9.990e-29
 223.628837      0.333   1.372709    17.2334    -1.5531      0.330     0.8175    -0.6357 -9.990e-29
 223.628843      0.337   1.408224    17.2425    -1.5540      0.334     0.8395    -0.6205 -9.990e-29
 223.628848      0.340   1.430884    17.2498    -1.5539      0.337     0.8535    -0.6111 -9.990e-29
 223.628854      0.342   1.427074    17.2413    -1.5532      0.339     0.8513    -0.6112 -9.990e-29
 223.628860      0.343   1.407803    17.2151    -1.5525      0.340     0.8398    -0.6154 -9.990e-29
 223.628866      0.344   1.401747    17.1811    -1.5519      0.341     0.8367    -0.6117 -9.990e-29
 223.628872      0.343   1.439667    17.1546    -1.5514      0.340     0.8610    -0.5884 -9.990e-29
 223.628877      0.342   1.525518    17.1430    -1.5509      0.339     0.9151    -0.5448 -9.990e-29
 223.628883      0.340   1.617311    17.1396    -1.5502      0.337     0.9730    -0.4997 -9.990e-29
 223.628889      0.336   1.662665    17.1387    -1.5498      0.333     1.0017    -0.4776 -9.990e-29
 223.628895      0.332   1.638826    17.1438    -1.5501      0.329     0.9865    -0.4901 -9.990e-29
 223.628900      0.326   1.563389    17.1585    -1.5503      0.323     0.9386    -0.5295 -9.990e-29
 223.628906      0.318   1.473375    17.1774    -1.5506      0.315     0.8816    -0.5766 -9.990e-29
 223.628912      0.307   1.401896    17.1935    -1.5508      0.304     0.8365    -0.6141 -9.990e-29
 223.628918      0.298   1.375699    17.2076    -1.5497      0.296     0.8199    -0.6293 -9.990e-29
 223.628924      0.298   1.393696    17.2193    -1.5485      0.296     0.8309    -0.6230 -9.990e-29
 223.628929      0.307   1.426624    17.2261    -1.5483      0.304     0.8513    -0.6085 -9.990e-29
 223.628935      0.317   1.466239    17.2296    -1.5486      0.314     0.8760    -0.5902 -9.990e-29
 223.628941      0.324   1.524308    17.2320    -1.5484      0.321     0.9124    -0.5627 -9.990e-29
 223.628947      0.330   1.587820    17.2342    -1.5475      0.327     0.9522    -0.5325 -9.990e-29
 223.628953      0.334   1.620507    17.2373    -1.5475      0.331     0.9727    -0.5173 -9.990e-29
 223.628958      0.337   1.607693    17.2424    -1.5477      0.334     0.9645    -0.5245 -9.990e-29
 223.628964      0.338   1.569743    17.2529    -1.5483      0.335     0.9404    -0.5449 -9.990e-29
 223.628970      0.338   1.530585    17.2710    -1.5483      0.335     0.9155    -0.5673 -9.990e-29
 223.628976      0.337   1.511984    17.2897    -1.5478      0.334     0.9034    -0.5799 -9.990e-29
 223.628981      0.335   1.523915    17.2999    -1.5476      0.332     0.9106    -0.5762 -9.990e-29
 223.628987      0.331   1.549092    17.3068    -1.5477      0.328     0.9263    -0.5654 -9.990e-29
 223.628993      0.326   1.567821    17.3248    -1.5482      0.323     0.9376    -0.5599 -9.990e-29
 223.628999      0.324   1.562906    17.3536    -1.5487      0.321     0.9339    -0.5680 -9.990e-29
 223.629005      0.327   1.517807    17.3790    -1.5483      0.324     0.9051    -0.5946 -9.990e-29
 223.629010      0.334   1.436754    17.3943    -1.5485      0.331     0.8542    -0.6364 -9.990e-29
 223.629016      0.338   1.340389    17.4037    -1.5489      0.335     0.7941    -0.6842 -9.990e-29
 223.629022      0.342   1.247797    17.4152    -1.5494      0.339     0.7367    -0.7304 -9.990e-29
 223.629028      0.345   1.170327    17.4302    -1.5495      0.342     0.6887    -0.7699 -9.990e-29
 223.629034      0.347   1.110636    17.4422    -1.5488      0.344     0.6519    -0.8003 -9.990e-29
 223.629039      0.349   1.063467    17.4467    -1.5492      0.346     0.6230    -0.8233 -9.990e-29
 223.629045      0.350   1.021952    17.4446    -1.5488      0.347     0.5977    -0.8424 -9.990e-29
 223.629051      0.351   0.983430    17.4430    -1.5460      0.348     0.5743    -0.8601 -9.990e-29
 223.629057      0.352   0.948122    17.4451    -1.5459      0.349     0.5528    -0.8769 -9.990e-29
 223.629063      0.352   0.916649    17.4447    -1.5452      0.349     0.5337    -0.8915 -9.990e-29
 223.629068      0.352   0.889200    17.4392    -1.5457      0.349     0.5172    -0.9032 -9.990e-29
 223.629074      0.352   0.864673    17.4343    -1.5473      0.349     0.5024    -0.9137 -9.990e-29
 223.629080      0.351   0.841422    17.4361    -1.5461      0.348     0.4884    -0.9248 -9.990e-29
 223.629086      0.350   0.820059    17.4407    -1.5458      0.347     0.4755    -0.9355 -9.990e-29
 223.629091      0.349   0.806487    17.4381    -1.5461      0.346     0.4673    -0.9413 -9.990e-29
 223.629097      0.348   0.815883    17.4316    -1.5472      0.345     0.4731    -0.9358 -9.990e-29
 223.629103      0.345   0.884623    17.4270    -1.5482      0.342     0.5146    -0.9030 -9.990e-29
 223.629109      0.343   1.046680    17.4183    -1.5456      0.340     0.6132    -0.8257 -9.990e-29
 223.629115      0.339   1.255224    17.4021    -1.5454      0.336     0.7415    -0.7243 -9.990e-29
 223.629120      0.334   1.431091    17.3809    -1.5466      0.331     0.8509    -0.6365 -9.990e-29
 223.629126      0.332   1.555251    17.3623    -1.5474      0.329     0.9289    -0.5734 -9.990e-29
 223.629132      0.337   1.620146    17.3547    -1.5480      0.334     0.9698    -0.5406 -9.990e-29
 223.629138      0.346   1.656265    17.3545    -1.5498      0.343     0.9925    -0.5232 -9.990e-29
 223.629144      0.353   1.701777    17.3510    -1.5505      0.350     1.0212    -0.5005 -9.990e-29
 223.629149      0.360   1.719708    17.3409    -1.5504      0.357     1.0327    -0.4898 -9.990e-29
 223.629155      0.368   1.695125    17.3287    -1.5495      0.365     1.0175    -0.4993 -9.990e-29
 223.629161      0.372   1.669607    17.3202    -1.5487      0.369     1.0017    -0.5100 -9.990e-29
