data/oxygen options/OCNMS/OCNMS1/raw_data/2009/CTD_CE042_060109faed.cnv
* Sea-Bird SBE19 Data File:
* FileName = C:\2009_MOORING_DATA\CTD_CE042_060109.hex
* Software Version 1.59
* Temperature SN = 2997
* Conductivity SN = 2997
* System UpLoad Time = Jun 01 2009 15:42:58
* ds
* SEACAT PROFILER V3.1c SN 2997   06/01/09  15:42:36.058
# nquan = 9                                 
# nvalues = 2519                        
# units = specified
# name 0 = timeJ: Julian Days
# name 1 = prSM: Pressure, Strain Gauge [db]
# name 2 = c0mS/cm: Conductivity [mS/cm]
# name 3 = t090C: Temperature [ITS-90, deg C]
# name 4 = sbeox0ML/L: Oxygen, SBE 43 [ml/l]
# name 5 = depSM: Depth [salt water, m], lat = 47.5
# name 6 = sal00: Salinity, Practical [PSU]
# name 7 = sigma-é00: Density [sigma-theta, kg/m^3]
# name 8 = flag: flag
# span 0 = 152.571076, 152.585648       
# span 1 =     -5.678,     43.757       
# span 2 =   0.017328,  38.513671       
# span 3 =     7.2179,    15.0927       
# span 4 =   -16.3356,    25.0845       
# span 5 =     -5.631,     43.387       
# span 6 =     0.0149,    33.6812       
# span 7 =    -0.9002,    26.3494       
# span 8 = 0.0000e+00, 0.0000e+00       
# interval = seconds: 0.5
# start_time = Jun 01 2009 13:42:21 [Instrument's time stamp, header]
# bad_flag = -9.990e-29
*END*
[from data line 1441]
 152.579416     43.295  34.277748     7.2237     1.9662     42.929    33.6515    26.3264 -9.990e-29
 152.579421     43.294  34.277739     7.2236     1.9894     42.928    33.6516    26.3265 -9.990e-29
 152.579427     43.300  34.277289     7.2232     2.0018     42.934    33.6515    26.3264 -9.990e-29
 152.579433     43.308  34.276908     7.2233     2.0018     42.942    33.6510    26.3260 -9.990e-29
 152.579439     43.311  34.276639     7.2253     1.9868     42.945    33.6488    26.3240 -9.990e-29
 152.579444     43.309  34.276109     7.2324     1.9684     42.943    33.6413    26.3171 -9.990e-29
 152.579450     43.310  34.274570     7.2526     1.9659     42.944    33.6199    26.2975 -9.990e-29
 152.579456     43.319  34.269346     7.3121     1.9743     42.953    33.5564    26.2393 -9.990e-29
 152.579462     43.332  34.252289     7.3523     1.9623     42.966    33.4989    26.1884 -9.990e-29
 152.579468     43.341  34.258300     7.3007     1.9622     42.975    33.5555    26.2401 -9.990e-29
 152.579473     43.343  34.297030     7.2416     1.9684     42.977    33.6551    26.3267 -9.990e-29
 152.579479     43.337  34.306916     7.2259     1.9709     42.971    33.6812    26.3494 -9.990e-29
 152.579485     43.324  34.296025     7.2210     1.9809     42.958    33.6741    26.3445 -9.990e-29
 152.579491     43.302  34.294578     7.2195     1.9699     42.936    33.6740    26.3446 -9.990e-29
 152.579497     43.274  34.293868     7.2189     1.9625     42.908    33.6738    26.3446 -9.990e-29
 152.579502     43.244  34.293453     7.2187     1.9540     42.879    33.6736    26.3444 -9.990e-29
 152.579508     43.208  34.293283     7.2188     1.9795     42.843    33.6733    26.3442 -9.990e-29
 152.579514     43.174  34.293074     7.2192     1.9834     42.809    33.6727    26.3436 -9.990e-29
 152.579520     43.156  34.292489     7.2195     1.9832     42.791    33.6718    26.3429 -9.990e-29
 152.579525     43.161  34.291814     7.2196     1.9724     42.796    33.6709    26.3422 -9.990e-29
 152.579531     43.182  34.291774     7.2192     1.9489     42.817    33.6713    26.3425 -9.990e-29
 152.579537     43.207  34.291697     7.2186     1.9733     42.842    33.6718    26.3430 -9.990e-29
 152.579543     43.228  34.290861     7.2184     1.9734     42.863    33.6710    26.3425 -9.990e-29
 152.579549     43.243  34.289775     7.2186     1.9750     42.878    33.6697    26.3413 -9.990e-29
 152.579554     43.253  34.288613     7.2188     1.9724     42.888    33.6682    26.3402 -9.990e-29
 152.579560     43.255  34.287452     7.2189     1.9624     42.889    33.6668    26.3391 -9.990e-29
 152.579566     43.248  34.286925     7.2191     1.9650     42.883    33.6661    26.3384 -9.990e-29
 152.579572     43.236  34.286833     7.2195     1.9613     42.871    33.6656    26.3380 -9.990e-29
 152.579578     43.227  34.285876     7.2209     1.9758     42.862    33.6632    26.3359 -9.990e-29
 152.579583     43.233  34.281042     7.2255     1.9806     42.868    33.6534    26.3276 -9.990e-29
 152.579589     43.251  34.264149     7.2385     1.9746     42.886    33.6223    26.3013 -9.990e-29
 152.579595     43.273  34.212054     7.2471     1.9807     42.907    33.5572    26.2489 -9.990e-29
 152.579601     43.295  34.171763     7.2360     1.9647     42.929    33.5241    26.2244 -9.990e-29
 152.579606     43.312  34.209942     7.2232     1.9648     42.946    33.5781    26.2686 -9.990e-29
 152.579612     43.319  34.263721     7.2198     1.9759     42.953    33.6400    26.3179 -9.990e-29
 152.579618     43.317  34.283180     7.2190     1.9758     42.951    33.6620    26.3353 -9.990e-29
 152.579624     43.302  34.290284     7.2192     1.9724     42.936    33.6696    26.3412 -9.990e-29
 152.579630     43.269  34.293326     7.2196     1.9589     42.903    33.6725    26.3435 -9.990e-29
 152.579635     43.224  34.294624     7.2198     1.9770     42.859    33.6738    26.3444 -9.990e-29
 152.579641     43.181  34.295294     7.2197     1.9783     42.816    33.6746    26.3451 -9.990e-29
 152.579647     43.150  34.295611     7.2195     1.9748     42.785    33.6752    26.3456 -9.990e-29
 152.579653     43.135  34.295383     7.2193     1.9784     42.771    33.6751    26.3456 -9.990e-29
 152.579659     43.132  34.294808     7.2190     1.9514     42.768    33.6748    26.3453 -9.990e-29
 152.579664     43.144  34.294182     7.2186     1.9623     42.779    33.6745    26.3452 -9.990e-29
 152.579670     43.165  34.293733     7.2184     1.9588     42.800    33.6742    26.3449 -9.990e-29
 152.579676     43.190  34.293365     7.2181     1.9647     42.825    33.6741    26.3449 -9.990e-29
 152.579682     43.210  34.293090     7.2179     1.9661     42.845    33.6740    26.3448 -9.990e-29
 152.579688     43.218  34.293046     7.2180     1.9611     42.853    33.6738    26.3447 -9.990e-29
 152.579693     43.211  34.293115     7.2182     1.9636     42.846    33.6737    26.3446 -9.990e-29
 152.579699     43.193  34.293333     7.2183     1.9527     42.828    33.6738    26.3447 -9.990e-29
 152.579705     43.170  34.293371     7.2184     1.9723     42.805    33.6738    26.3446 -9.990e-29
 152.579711     43.147  34.293225     7.2188     1.9775     42.782    33.6733    26.3442 -9.990e-29
 152.579716     43.121  34.293204     7.2191     2.0139     42.757    33.6730    26.3439 -9.990e-29
 152.579722     43.090  34.293222     7.2192     2.0323     42.726    33.6729    26.3438 -9.990e-29
 152.579728     43.058  34.293247     7.2193     2.0164     42.694    33.6728    26.3438 -9.990e-29
 152.579734     43.030  34.293255     7.2195     2.0126     42.666    33.6727    26.3436 -9.990e-29
 152.579740     43.013  34.293199     7.2195     1.9670     42.650    33.6726    26.3435 -9.990e-29
 152.579745     43.015  34.292949     7.2193     1.9572     42.652    33.6725    26.3435 -9.990e-29
 152.579751     43.041  34.292675     7.2191     1.9681     42.677    33.6724    26.3434 -9.990e-29
 152.579757     43.087  34.292514     7.2187     1.9645     42.723    33.6726    26.3437 -9.990e-29
 152.579763     43.143  34.292194     7.2184     1.9768     42.778    33.6725    26.3436 -9.990e-29
 152.579769     43.197  34.291232     7.2183     1.9743     42.832    33.6716    26.3429 -9.990e-29
 152.579774     43.239  34.290525     7.2184     1.9719     42.874    33.6707    26.3422 -9.990e-29
 152.579780     43.270  34.291315     7.2188     1.9684     42.904    33.6711    26.3425 -9.990e-29
 152.579786     43.299  34.292357     7.2193     1.9829     42.933    33.6718    26.3429 -9.990e-29
 152.579792     43.317  34.292745     7.2196     1.9793     42.951    33.6719    26.3430 -9.990e-29
 152.579797     43.318  34.292935     7.2196     1.9793     42.952    33.6721    26.3431 -9.990e-29
 152.579803     43.301  34.293125     7.2195     1.9795     42.935    33.6724    26.3434 -9.990e-29
 152.579809     43.270  34.293511     7.2197     1.9721     42.904    33.6726    26.3435 -9.990e-29
 152.579815     43.236  34.293992     7.2200     1.9856     42.871    33.6729    26.3437 -9.990e-29
 152.579821     43.209  34.294031     7.2200     1.9795     42.844    33.6729    26.3437 -9.990e-29
 152.579826     43.196  34.293624     7.2198     1.9770     42.831    33.6727    26.3436 -9.990e-29
 152.579832     43.197  34.293294     7.2193     1.9661     42.832    33.6728    26.3437 -9.990e-29
 152.579838     43.202  34.293102     7.2189     1.9696     42.837    33.6730    26.3439 -9.990e-29
 152.579844     43.212  34.292735     7.2189     1.9770     42.847    33.6726    26.3436 -9.990e-29
 152.579850     43.236  34.292205     7.2189     1.9625     42.871    33.6720    26.3432 -9.990e-29
 152.579855     43.281  34.291870     7.2189     1.9685     42.915    33.6716    26.3428 -9.990e-29
 152.579861     43.340  34.291788     7.2190     1.9575     42.974    33.6714    26.3427 -9.990e-29
 152.579867     43.396  34.291790     7.2192     1.9599     43.029    33.6712    26.3425 -9.990e-29
 152.579873     43.436  34.291823     7.2193     1.9673     43.069    33.6711    26.3424 -9.990e-29
 152.579878     43.461  34.291871     7.2193     1.9648     43.094    33.6711    26.3424 -9.990e-29
 152.579884     43.482  34.291940     7.2194     1.9783     43.115    33.6711    26.3424 -9.990e-29
 152.579890     43.500  34.292065     7.2195     1.9723     43.132    33.6711    26.3424 -9.990e-29
 152.579896     43.508  34.292356     7.2196     1.9784     43.140    33.6714    26.3425 -9.990e-29
 152.579902     43.507  34.292585     7.2196     1.9699     43.139    33.6716    26.3427 -9.990e-29
 152.579907     43.500  34.292440     7.2197     1.9820     43.132    33.6714    26.3425 -9.990e-29
 152.579913     43.482  34.292230     7.2199     1.9895     43.115    33.6709    26.3422 -9.990e-29
 152.579919     43.449  34.292178     7.2198     1.9784     43.082    33.6710    26.3422 -9.990e-29
 152.579925     43.408  34.292156     7.2194     1.9931     43.041    33.6714    26.3426 -9.990e-29
 152.579931     43.371  34.292078     7.2190     1.9797     43.005    33.6717    26.3429 -9.990e-29
 152.579936     43.350  34.291784     7.2188     1.9796     42.984    33.6716    26.3428 -9.990e-29
 152.579942     43.353  34.291385     7.2186     1.9796     42.987    33.6714    26.3427 -9.990e-29
 152.579948     43.378  34.291415     7.2184     1.9722     43.011    33.6716    26.3429 -9.990e-29
 152.579954     43.416  34.291856     7.2182     1.9772     43.049    33.6722    26.3434 -9.990e-29
 152.579959     43.455  34.292120     7.2181     1.9856     43.088    33.6726    26.3437 -9.990e-29
 152.579965     43.494  34.291938     7.2182     1.9796     43.126    33.6723    26.3435 -9.990e-29
 152.579971     43.536  34.291572     7.2183     1.9685     43.168    33.6718    26.3430 -9.990e-29
 152.579977     43.582  34.291597     7.2183     1.9719     43.214    33.6718    26.3430 -9.990e-29
 152.579983     43.632  34.291990     7.2184     1.9635     43.263    33.6721    26.3433 -9.990e-29
 152.579988     43.676  34.292096     7.2188     1.9854     43.307    33.6718    26.3430 -9.990e-29
 152.579994     43.704  34.291999     7.2192     1.9929     43.335    33.6713    26.3425 -9.990e-29
 152.580000     43.714  34.292071     7.2194     1.9905     43.345    33.6711    26.3424 -9.990e-29
 152.580006     43.705  34.291789     7.2196     1.9735     43.336    33.6706    26.3420 -9.990e-29
 152.580012     43.678  34.291281     7.2196     1.9757     43.309    33.6701    26.3416 -9.990e-29
 152.580017     43.635  34.291495     7.2196     1.9892     43.266    33.6704    26.3418 -9.990e-29
 152.580023     43.581  34.292098     7.2200     1.9712     43.213    33.6707    26.3419 -9.990e-29
 152.580029     43.523  34.292158     7.2202     1.9857     43.155    33.6706    26.3418 -9.990e-29
 152.580035     43.473  34.291696     7.2198     1.9612     43.106    33.6705    26.3418 -9.990e-29
 152.580041     43.446  34.291162     7.2194     1.9671     43.079    33.6703    26.3417 -9.990e-29
 152.580046     43.443  34.290909     7.2191     1.9710     43.076    33.6703    26.3418 -9.990e-29
 152.580052     43.465  34.291103     7.2187     1.9636     43.098    33.6709    26.3423 -9.990e-29
 152.580058     43.505  34.291384     7.2185     1.9710     43.137    33.6714    26.3427 -9.990e-29
 152.580064     43.552  34.291509     7.2189     1.9601     43.184    33.6711    26.3424 -9.990e-29
 152.580069     43.601  34.291588     7.2195     1.9710     43.233    33.6706    26.3419 -9.990e-29
 152.580075     43.641  34.291668     7.2199     1.9733     43.272    33.6703    26.3416 -9.990e-29
 152.580081     43.659  34.291797     7.2200     1.9842     43.290    33.6703    26.3416 -9.990e-29
 152.580087     43.643  34.292090     7.2201     1.9805     43.274    33.6705    26.3418 -9.990e-29
 152.580093     43.591  34.292319     7.2202     1.9730     43.223    33.6707    26.3419 -9.990e-29
 152.580098     43.514  34.292170     7.2204     1.9704     43.146    33.6704    26.3417 -9.990e-29
 152.580104     43.419  34.291949     7.2206     1.9677     43.052    33.6700    26.3413 -9.990e-29
 152.580110     43.304  34.291867     7.2206     1.9812     42.938    33.6700    26.3413 -9.990e-29
 152.580116     43.163  34.291756     7.2205     1.9750     42.798    33.6700    26.3413 -9.990e-29
 152.580122     42.986  34.291413     7.2207     1.9810     42.623    33.6695    26.3409 0.0000e+00
 152.580127     42.765  34.290881     7.2212     1.9725     42.404    33.6686    26.3401 0.0000e+00
 152.580133     42.501  34.290525     7.2213     1.9760     42.142    33.6682    26.3398 0.0000e+00
 152.580139     42.198  34.290404     7.2209     1.9809     41.842    33.6686    26.3402 0.0000e+00
 152.580145     41.866  34.290338     7.2204     1.9783     41.512    33.6692    26.3407 0.0000e+00
 152.580150     41.518  34.290230     7.2202     1.9807     41.167    33.6694    26.3409 0.0000e+00
 152.580156     41.166  34.289934     7.2202     1.9841     40.818    33.6693    26.3408 0.0000e+00
 152.580162     40.824  34.289619     7.2201     1.9865     40.479    33.6692    26.3407 0.0000e+00
 152.580168     40.497  34.289430     7.2199     1.9780     40.155    33.6693    26.3409 0.0000e+00
 152.580174     40.192  34.289116     7.2197     1.9815     39.853    33.6693    26.3409 0.0000e+00
 152.580179     39.911  34.288824     7.2195     1.9790     39.574    33.6694    26.3409 0.0000e+00
 152.580185     39.649  34.288725     7.2195     1.9813     39.314    33.6694    26.3409 0.0000e+00
 152.580191     39.396  34.288691     7.2199     1.9752     39.063    33.6691    26.3406 0.0000e+00
 152.580197     39.147  34.288679     7.2204     1.9762     38.817    33.6687    26.3403 0.0000e+00
 152.580203     38.898  34.288674     7.2212     1.9701     38.570    33.6680    26.3396 0.0000e+00
 152.580208     38.654  34.288670     7.2221     1.9617     38.328    33.6673    26.3389 0.0000e+00
 152.580214     38.426  34.288664     7.2228     1.9788     38.102    33.6667    26.3384 0.0000e+00
 152.580220     38.221  34.288652     7.2233     1.9643     37.898    33.6663    26.3380 0.0000e+00
 152.580226     38.037  34.288623     7.2239     1.9838     37.716    33.6658    26.3375 0.0000e+00
 152.580231     37.869  34.288538     7.2244     1.9888     37.550    33.6653    26.3370 0.0000e+00
 152.580237     37.710  34.288284     7.2246     1.9753     37.392    33.6649    26.3367 0.0000e+00
 152.580243     37.566  34.288086     7.2250     1.9863     37.249    33.6643    26.3362 -9.990e-29
 152.580249     37.454  34.288243     7.2256     1.9704     37.138    33.6640    26.3358 -9.990e-29
 152.580255     37.384  34.288408     7.2261     1.9619     37.069    33.6637    26.3355 -9.990e-29
 152.580260     37.356  34.288242     7.2260     1.9619     37.041    33.6636    26.3355 -9.990e-29
 152.580266     37.364  34.288083     7.2260     1.9594     37.049    33.6634    26.3354 -9.990e-29
 152.580272     37.396  34.288281     7.2264     1.9753     37.081    33.6633    26.3351 -9.990e-29
 152.580278     37.436  34.288541     7.2268     1.9912     37.120    33.6631    26.3350 -9.990e-29
 152.580284     37.474  34.288650     7.2269     1.9851     37.158    33.6631    26.3350 -9.990e-29
 152.580289     37.505  34.288751     7.2267     1.9802     37.189    33.6634    26.3352 -9.990e-29
 152.580295     37.525  34.288981     7.2264     1.9643     37.208    33.6640    26.3357 -9.990e-29
 152.580301     37.540  34.289087     7.2264     1.9678     37.223    33.6641    26.3358 -9.990e-29
 152.580307     37.556  34.288652     7.2266     1.9667     37.239    33.6634    26.3352 -9.990e-29
 152.580312     37.569  34.288219     7.2269     1.9751     37.252    33.6626    26.3346 -9.990e-29
 152.580318     37.572  34.288331     7.2273     1.9630     37.255    33.6623    26.3343 -9.990e-29
 152.580324     37.560  34.288576     7.2277     1.9641     37.243    33.6622    26.3342 -9.990e-29
 152.580330     37.537  34.288722     7.2281     1.9692     37.220    33.6620    26.3339 -9.990e-29
