data/oxygen options/OCNMS/OCNMS1/raw_data/2009/CTD_CE042_081109faedb.cnv
* Sea-Bird SBE19 Data File:
* FileName = C:\2009_MOORING_DATA\081109\CTD_CE042_081109.hex
* Software Version 1.24
* Temperature SN = 2997
* Conductivity SN = 2997
* System UpLoad Time = Aug 11 2009 15:38:01
* SEACAT PROFILER V3.1c SN 2997   08/11/09  15:37:09.357
* strain gauge pressure sensor: S/N = 184829,  range = 3000 psia,  tc = 40
# nquan = 9
# nvalues = 40                          
# units = specified
# name 0 = timeJ: Julian Days
# name 1 = prSM: Pressure, Strain Gauge [db]
# name 2 = c0mS/cm: Conductivity [mS/cm]
# name 3 = t090C: Temperature [ITS-90, deg C]
# name 4 = sbeox0ML/L: Oxygen, SBE 43 [ml/l]
# name 5 = depSM: Depth [salt water, m], lat = 47.5
# name 6 = sal00: Salinity, Practical [PSU]
# name 7 = sigma-é00: Density [sigma-theta, kg/m^3]
# name 8 = flag: flag
# span 0 = 223.570772, 223.571157       
# span 1 =      3.000,     42.000       
# span 2 =  34.288396,  39.066916       
# span 3 =     7.2534,    13.6733       
# span 4 =     1.0769,     7.4376       
# span 5 =      2.975,     41.645       
# span 6 =    31.9831,    33.6414       
# span 7 =    24.2767,    26.3132       
# span 8 = 0.0000e+00, 0.0000e+00       
# interval = decibars: 1                
# start_time = Aug 11 2009 13:37:25 [Instrument's time stamp, header]
# bad_flag = -9.990e-29
*END*
 223.570772      3.000  39.066916    13.6733     7.4376      2.975    32.6124    24.4094 0.0000e+00
 223.570791      4.000  38.947030    13.5185     7.1021      3.967    32.6323    24.4561 0.0000e+00
 223.570805      5.000  38.833872    13.3649     6.7945      4.958    32.6576    24.5065 0.0000e+00
 223.570817      6.000  38.705412    13.2081     6.1323      5.950    32.6712    24.5483 0.0000e+00
 223.570827      7.000  38.591501    13.0953     5.3919      6.941    32.6606    24.5625 0.0000e+00
 223.570836      8.000  38.482559    12.9840     4.9485      7.933    32.6533    24.5787 0.0000e+00
 223.570846      9.000  38.285056    12.7413     4.6527      8.925    32.6755    24.6434 0.0000e+00
 223.570855     10.000  37.872706    12.3993     4.1938      9.916    32.5781    24.6336 0.0000e+00
 223.570863     11.000  37.274262    12.0726     3.6449     10.908    32.2863    24.4691 0.0000e+00
 223.570872     12.000  36.783666    11.8668     3.2192     11.900    31.9894    24.2767 0.0000e+00
 223.570881     13.000  36.617262    11.6861     2.9627     12.891    31.9831    24.3049 0.0000e+00
 223.570888     14.000  36.322405    11.0113     2.7140     13.883    32.2815    24.6573 0.0000e+00
 223.570897     15.000  35.886405    10.2819     2.4086     14.874    32.4932    24.9480 0.0000e+00
 223.570905     16.000  35.607960     9.9839     2.1477     15.866    32.4787    24.9866 0.0000e+00
 223.570913     17.000  35.450516     9.8190     2.0078     16.858    32.4669    25.0046 0.0000e+00
 223.570921     18.000  35.257899     9.4778     1.9775     17.849    32.5784    25.1472 0.0000e+00
 223.570929     19.000  34.958024     8.9813     2.0389     18.841    32.7225    25.3383 0.0000e+00
 223.570938     20.000  34.688305     8.6575     2.1112     19.832    32.7395    25.4014 0.0000e+00
 223.570945     21.000  34.543144     8.4188     2.1556     20.824    32.8082    25.4913 0.0000e+00
 223.570954     22.000  34.469605     8.1885     2.1831     21.815    32.9453    25.6330 0.0000e+00
 223.570962     23.000  34.429413     7.9848     2.2157     22.807    33.0938    25.7796 0.0000e+00
 223.570970     24.000  34.402932     7.8655     2.2706     23.798    33.1783    25.8632 0.0000e+00
 223.570979     25.000  34.383982     7.8007     2.3135     24.790    33.2192    25.9047 0.0000e+00
 223.570988     26.000  34.370490     7.8163     2.3704     25.781    33.1894    25.8791 0.0000e+00
 223.570995     27.000  34.369267     7.8274     2.4485     26.773    33.1771    25.8678 0.0000e+00
 223.571003     28.000  34.378476     7.7861     2.5320     27.765    33.2259    25.9121 0.0000e+00
 223.571011     29.000  34.374178     7.7374     2.5848     28.756    33.2672    25.9515 0.0000e+00
 223.571020     30.000  34.364580     7.6952     2.5132     29.747    33.2967    25.9807 0.0000e+00
 223.571027     31.000  34.352825     7.6679     2.0973     30.739    33.3097    25.9949 0.0000e+00
 223.571035     32.000  34.344556     7.6387     1.5645     31.731    33.3283    26.0137 0.0000e+00
 223.571044     33.000  34.338558     7.5746     1.2005     32.722    33.3829    26.0658 0.0000e+00
 223.571052     34.000  34.326735     7.4769     1.0769     33.713    33.4637    26.1431 0.0000e+00
 223.571061     35.000  34.307175     7.3655     1.1195     34.705    33.5498    26.2265 0.0000e+00
 223.571070     36.000  34.293565     7.2875     1.1774     35.697    33.6102    26.2849 0.0000e+00
 223.571079     37.000  34.288998     7.2591     1.2715     36.688    33.6324    26.3062 0.0000e+00
 223.571088     38.000  34.288396     7.2534     1.3214     37.679    33.6368    26.3106 0.0000e+00
 223.571098     39.000  34.292248     7.2613     1.3491     38.670    33.6328    26.3063 0.0000e+00
 223.571108     40.000  34.297644     7.2683     1.3808     39.662    33.6314    26.3043 0.0000e+00
 223.571120     41.000  34.296019     7.2684     1.3877     40.654    33.6291    26.3024 0.0000e+00
 223.571157     42.000  34.300968     7.2607     1.3857     41.645    33.6414    26.3132 0.0000e+00
