data/oxygen options/OCNMS/OCNMS1/raw_data/2009/CTD_CA042_072809faed.cnv
* Sea-Bird SBE19 Data File:
* FileName = C:\2009_MOORING_DATA\072809_DATA\CTD_CA042_072809.hex
* Software Version 1.24
* Temperature SN = 2997
* Conductivity SN = 2997
* System UpLoad Time = Jul 28 2009 17:32:31
* SEACAT PROFILER V3.1c SN 2997   07/28/09  17:31:49.998
* strain gauge pressure sensor: S/N = 184829,  range = 3000 psia,  tc = 40
# nquan = 9                                 
# nvalues = 2111                        
# units = specified
# name 0 = timeJ: Julian Days
# name 1 = prSM: Pressure, Strain Gauge [db]
# name 2 = c0mS/cm: Conductivity [mS/cm]
# name 3 = t090C: Temperature [ITS-90, deg C]
# name 4 = sbeox0ML/L: Oxygen, SBE 43 [ml/l]
# name 5 = depSM: Depth [salt water, m], lat = 47.5
# name 6 = sal00: Salinity, Practical [PSU]
# name 7 = sigma-é00: Density [sigma-theta, kg/m^3]
# name 8 = flag: flag
# span 0 = 209.505648, 209.517859       
# span 1 =     -5.667,     40.913       
# span 2 =   0.194770,  38.754254       
# span 3 =     7.2733,    19.9343       
# span 4 =    -1.5083,    18.8558       
# span 5 =     -5.620,     40.568       
# span 6 =     0.1049,    33.5894       
# span 7 =    -1.6887,    26.2689       
# span 8 = 0.0000e+00, 0.0000e+00       
# interval = seconds: 0.5
# start_time = Jul 28 2009 12:08:08 [Instrument's time stamp, header]
# bad_flag = -9.990e-29
*END*
[from data line 1761]
 209.515839      5.718  37.362091    12.2519     7.4583      5.670    32.2179    24.3821 -9.990e-29
 209.515845      5.721  37.359119    12.2537     7.4378      5.673    32.2135    24.3784 -9.990e-29
 209.515851      5.722  37.358602    12.2578     7.4359      5.674    32.2095    24.3745 -9.990e-29
 209.515856      5.721  37.362708    12.2627     7.4295      5.673    32.2092    24.3734 -9.990e-29
 209.515862      5.720  37.369122    12.2663     7.4264      5.672    32.2123    24.3751 -9.990e-29
 209.515868      5.717  37.372437    12.2689     7.4389      5.669    32.2132    24.3753 -9.990e-29
 209.515874      5.712  37.374330    12.2709     7.4620      5.664    32.2133    24.3750 -9.990e-29
 209.515880      5.709  37.377941    12.2723     7.4890      5.661    32.2156    24.3765 -9.990e-29
 209.515885      5.713  37.382533    12.2743     7.5049      5.665    32.2182    24.3782 -9.990e-29
 209.515891      5.719  37.387561    12.2771     7.5144      5.671    32.2206    24.3795 -9.990e-29
 209.515897      5.723  37.390255    12.2787     7.5268      5.675    32.2219    24.3802 -9.990e-29
 209.515903      5.727  37.388096    12.2793     7.5326      5.679    32.2193    24.3780 -9.990e-29
 209.515909      5.729  37.384985    12.2815     7.5237      5.681    32.2144    24.3739 -9.990e-29
 209.515914      5.730  37.387478    12.2868     7.5061      5.682    32.2122    24.3712 -9.990e-29
 209.515920      5.730  37.396714    12.2941     7.5017      5.682    32.2148    24.3718 -9.990e-29
 209.515926      5.729  37.404886    12.2996     7.4910      5.681    32.2179    24.3732 -9.990e-29
 209.515932      5.728  37.406129    12.3019     7.5089      5.680    32.2171    24.3721 -9.990e-29
 209.515938      5.725  37.404962    12.3023     7.5248      5.677    32.2157    24.3709 -9.990e-29
 209.515943      5.721  37.403808    12.3017     7.5159      5.673    32.2151    24.3706 -9.990e-29
 209.515949      5.716  37.402864    12.3024     7.5118      5.668    32.2136    24.3693 -9.990e-29
 209.515955      5.709  37.406531    12.3061     7.4969      5.661    32.2139    24.3688 -9.990e-29
 209.515961      5.699  37.411906    12.3100     7.5043      5.651    32.2157    24.3695 -9.990e-29
 209.515966      5.687  37.411079    12.3113     7.5243      5.639    32.2138    24.3678 -9.990e-29
 209.515972      5.675  37.406366    12.3112     7.5282      5.628    32.2094    24.3644 -9.990e-29
 209.515978      5.672  37.406112    12.3123     7.5049      5.625    32.2082    24.3632 -9.990e-29
 209.515984      5.678  37.411714    12.3144     7.4826      5.631    32.2117    24.3656 -9.990e-29
 209.515990      5.683  37.417806    12.3161     7.4865      5.635    32.2161    24.3687 -9.990e-29
 209.515995      5.680  37.419675    12.3176     7.5086      5.633    32.2166    24.3688 -9.990e-29
 209.516001      5.664  37.418746    12.3198     7.5309      5.617    32.2138    24.3662 -9.990e-29
 209.516007      5.644  37.418881    12.3226     7.5330      5.597    32.2116    24.3639 -9.990e-29
 209.516013      5.630  37.422557    12.3261     7.5225      5.583    32.2121    24.3637 -9.990e-29
 209.516019      5.622  37.429685    12.3292     7.5270      5.575    32.2163    24.3663 -9.990e-29
 209.516024      5.614  37.434694    12.3304     7.5329      5.567    32.2200    24.3690 -9.990e-29
 209.516030      5.611  37.433668    12.3299     7.5484      5.564    32.2195    24.3687 -9.990e-29
 209.516036      5.617  37.429779    12.3298     7.5621      5.570    32.2158    24.3659 -9.990e-29
 209.516042      5.627  37.428545    12.3317     7.5570      5.580    32.2130    24.3633 -9.990e-29
 209.516047      5.635  37.430620    12.3340     7.5566      5.588    32.2130    24.3629 -9.990e-29
 209.516053      5.635  37.432098    12.3350     7.5479      5.588    32.2136    24.3631 -9.990e-29
 209.516059      5.633  37.431640    12.3346     7.5337      5.586    32.2135    24.3631 -9.990e-29
 209.516065      5.632  37.430936    12.3337     7.5303      5.585    32.2136    24.3634 -9.990e-29
 209.516071      5.633  37.431343    12.3344     7.5202      5.586    32.2134    24.3631 -9.990e-29
 209.516076      5.639  37.433460    12.3368     7.5201      5.592    32.2133    24.3626 -9.990e-29
 209.516082      5.652  37.436241    12.3382     7.5295      5.605    32.2148    24.3635 -9.990e-29
 209.516088      5.663  37.437283    12.3383     7.5390      5.616    32.2157    24.3641 -9.990e-29
 209.516094      5.669  37.436153    12.3383     7.5442      5.622    32.2146    24.3633 -9.990e-29
 209.516100      5.670  37.434172    12.3384     7.5495      5.623    32.2126    24.3617 -9.990e-29
 209.516105      5.667  37.432434    12.3382     7.5463      5.620    32.2111    24.3606 -9.990e-29
 209.516111      5.658  37.431966    12.3376     7.5492      5.611    32.2112    24.3608 -9.990e-29
 209.516117      5.644  37.433613    12.3373     7.5487      5.597    32.2131    24.3623 -9.990e-29
 209.516123      5.629  37.435619    12.3375     7.5458      5.582    32.2148    24.3636 -9.990e-29
 209.516128      5.618  37.435587    12.3386     7.5573      5.571    32.2138    24.3626 -9.990e-29
 209.516134      5.617  37.435129    12.3410     7.5707      5.570    32.2113    24.3602 -9.990e-29
 209.516140      5.625  37.437529    12.3445     7.5608      5.578    32.2106    24.3590 -9.990e-29
 209.516146      5.642  37.442595    12.3479     7.5606      5.595    32.2125    24.3599 -9.990e-29
 209.516152      5.666  37.445844    12.3496     7.5521      5.619    32.2142    24.3608 -9.990e-29
 209.516157      5.689  37.444294    12.3496     7.5408      5.641    32.2127    24.3597 -9.990e-29
 209.516163      5.704  37.441455    12.3497     7.5365      5.656    32.2099    24.3575 -9.990e-29
 209.516169      5.708  37.441360    12.3499     7.5308      5.660    32.2096    24.3572 -9.990e-29
 209.516175      5.706  37.442735    12.3493     7.5394      5.658    32.2115    24.3588 -9.990e-29
 209.516181      5.701  37.443460    12.3489     7.5674      5.653    32.2125    24.3597 -9.990e-29
 209.516186      5.693  37.443912    12.3492     7.6036      5.645    32.2127    24.3597 -9.990e-29
 209.516192      5.682  37.444667    12.3494     7.5946      5.635    32.2132    24.3601 -9.990e-29
 209.516198      5.668  37.444460    12.3490     7.5818      5.621    32.2134    24.3603 -9.990e-29
 209.516204      5.648  37.443547    12.3493     7.5638      5.601    32.2123    24.3594 -9.990e-29
 209.516209      5.623  37.444048    12.3522     7.5532      5.576    32.2103    24.3573 -9.990e-29
 209.516215      5.593  37.446042    12.3562     7.5749      5.546    32.2087    24.3554 -9.990e-29
 209.516221      5.572  37.448795    12.3597     7.5997      5.525    32.2084    24.3544 -9.990e-29
 209.516227      5.569  37.451466    12.3617     7.6186      5.522    32.2092    24.3547 -9.990e-29
 209.516233      5.585  37.451987    12.3611     7.6184      5.538    32.2102    24.3556 -9.990e-29
 209.516238      5.604  37.450464    12.3595     7.5995      5.557    32.2101    24.3558 -9.990e-29
 209.516244      5.606  37.449880    12.3592     7.5702      5.559    32.2098    24.3556 -9.990e-29
 209.516250      5.590  37.451109    12.3603     7.5323      5.543    32.2101    24.3556 -9.990e-29
 209.516256      5.578  37.452959    12.3619     7.5067      5.531    32.2105    24.3556 -9.990e-29
 209.516262      5.585  37.455067    12.3627     7.5149      5.538    32.2118    24.3565 -9.990e-29
 209.516267      5.612  37.455732    12.3604     7.5442      5.565    32.2144    24.3589 -9.990e-29
 209.516273      5.647  37.453012    12.3563     7.5739      5.600    32.2153    24.3604 -9.990e-29
 209.516279      5.676  37.449415    12.3532     7.5848      5.629    32.2145    24.3604 -9.990e-29
 209.516285      5.688  37.447962    12.3517     7.5913      5.640    32.2144    24.3606 -9.990e-29
 209.516291      5.684  37.447807    12.3510     7.5993      5.636    32.2149    24.3611 -9.990e-29
 209.516296      5.672  37.447595    12.3508     7.5926      5.625    32.2148    24.3611 -9.990e-29
 209.516302      5.655  37.447575    12.3512     7.5808      5.608    32.2145    24.3608 -9.990e-29
 209.516308      5.637  37.448254    12.3519     7.5681      5.590    32.2145    24.3607 -9.990e-29
 209.516314      5.625  37.449388    12.3528     7.5625      5.578    32.2148    24.3607 -9.990e-29
 209.516319      5.623  37.450779    12.3537     7.5678      5.576    32.2154    24.3610 -9.990e-29
 209.516325      5.630  37.452011    12.3541     7.5851      5.583    32.2162    24.3616 -9.990e-29
 209.516331      5.642  37.451898    12.3535     7.6021      5.595    32.2166    24.3620 -9.990e-29
 209.516337      5.653  37.450819    12.3529     7.5856      5.606    32.2161    24.3617 -9.990e-29
 209.516343      5.657  37.450110    12.3530     7.5561      5.610    32.2154    24.3611 -9.990e-29
 209.516348      5.656  37.449919    12.3529     7.5332      5.609    32.2153    24.3610 -9.990e-29
 209.516354      5.650  37.449962    12.3526     7.5357      5.603    32.2156    24.3613 -9.990e-29
 209.516360      5.638  37.450268    12.3531     7.5533      5.591    32.2154    24.3611 -9.990e-29
 209.516366      5.623  37.450657    12.3541     7.5652      5.576    32.2149    24.3606 -9.990e-29
 209.516372      5.613  37.451060    12.3545     7.5736      5.566    32.2150    24.3605 -9.990e-29
 209.516377      5.612  37.451425    12.3543     7.5913      5.565    32.2155    24.3610 -9.990e-29
 209.516383      5.615  37.451652    12.3540     7.6159      5.568    32.2160    24.3614 -9.990e-29
 209.516389      5.615  37.452012    12.3542     7.6181      5.568    32.2162    24.3615 -9.990e-29
 209.516395      5.606  37.452397    12.3554     7.6215      5.559    32.2155    24.3608 -9.990e-29
 209.516400      5.593  37.452731    12.3575     7.6496      5.546    32.2140    24.3592 -9.990e-29
 209.516406      5.584  37.453993    12.3605     7.6562      5.537    32.2127    24.3576 -9.990e-29
 209.516412      5.581  37.456717    12.3634     7.6674      5.534    32.2128    24.3571 -9.990e-29
 209.516418      5.581  37.458901    12.3655     7.6726      5.534    32.2131    24.3569 -9.990e-29
 209.516424      5.579  37.459507    12.3681     7.6750      5.532    32.2114    24.3552 -9.990e-29
 209.516429      5.580  37.460436    12.3723     7.6926      5.533    32.2087    24.3523 -9.990e-29
 209.516435      5.587  37.462899    12.3784     7.6923      5.540    32.2058    24.3489 -9.990e-29
 209.516441      5.601  37.467349    12.3864     7.6847      5.554    32.2032    24.3453 -9.990e-29
 209.516447      5.619  37.473525    12.3941     7.6849      5.572    32.2025    24.3433 -9.990e-29
 209.516453      5.634  37.478425    12.3988     7.6825      5.587    32.2031    24.3429 -9.990e-29
 209.516458      5.641  37.480147    12.4019     7.6920      5.594    32.2021    24.3416 -9.990e-29
 209.516464      5.642  37.480400    12.4052     7.7014      5.595    32.1995    24.3389 -9.990e-29
 209.516470      5.641  37.480613    12.4088     7.7093      5.594    32.1966    24.3360 -9.990e-29
 209.516476      5.642  37.482727    12.4126     7.7327      5.595    32.1954    24.3343 -9.990e-29
 209.516481      5.641  37.487290    12.4163     7.7499      5.594    32.1966    24.3345 -9.990e-29
 209.516487      5.633  37.490267    12.4184     7.7519      5.586    32.1976    24.3350 -9.990e-29
 209.516493      5.618  37.490557    12.4185     7.7457      5.571    32.1978    24.3351 -9.990e-29
 209.516499      5.599  37.490199    12.4174     7.7276      5.552    32.1984    24.3358 -9.990e-29
 209.516505      5.584  37.489250    12.4169     7.7207      5.537    32.1980    24.3355 -9.990e-29
 209.516510      5.580  37.489219    12.4187     7.7104      5.533    32.1964    24.3339 -9.990e-29
 209.516516      5.592  37.492277    12.4218     7.7051      5.545    32.1967    24.3336 -9.990e-29
 209.516522      5.611  37.496868    12.4243     7.7170      5.564    32.1989    24.3348 -9.990e-29
 209.516528      5.625  37.499556    12.4249     7.7326      5.578    32.2009    24.3363 -9.990e-29
 209.516534      5.632  37.499415    12.4235     7.7528      5.585    32.2020    24.3374 -9.990e-29
 209.516539      5.633  37.497908    12.4223     7.7525      5.586    32.2016    24.3373 -9.990e-29
 209.516545      5.626  37.496922    12.4239     7.7424      5.579    32.1993    24.3352 -9.990e-29
 209.516551      5.611  37.497917    12.4276     7.7122      5.564    32.1971    24.3328 -9.990e-29
 209.516557      5.588  37.499948    12.4309     7.7058      5.541    32.1962    24.3315 -9.990e-29
 209.516562      5.564  37.502331    12.4337     7.6877      5.517    32.1961    24.3308 -9.990e-29
 209.516568      5.554  37.505415    12.4363     7.6675      5.508    32.1968    24.3309 -9.990e-29
 209.516574      5.562  37.506560    12.4371     7.6709      5.516    32.1972    24.3311 -9.990e-29
 209.516580      5.575  37.505023    12.4364     7.6861      5.528    32.1963    24.3305 -9.990e-29
 209.516586      5.582  37.503770    12.4359     7.7184      5.535    32.1955    24.3300 -9.990e-29
 209.516591      5.583  37.503343    12.4355     7.7520      5.536    32.1955    24.3300 -9.990e-29
 209.516597      5.587  37.503144    12.4346     7.7676      5.540    32.1961    24.3307 -9.990e-29
 209.516603      5.597  37.503440    12.4343     7.7618      5.550    32.1966    24.3311 -9.990e-29
 209.516609      5.612  37.504038    12.4350     7.7434      5.565    32.1966    24.3310 -9.990e-29
 209.516615      5.626  37.505146    12.4360     7.7265      5.579    32.1968    24.3309 -9.990e-29
 209.516620      5.641  37.506531    12.4368     7.7189      5.594    32.1974    24.3313 -9.990e-29
 209.516626      5.655  37.507208    12.4374     7.7209      5.608    32.1975    24.3313 -9.990e-29
 209.516632      5.662  37.507493    12.4380     7.7249      5.615    32.1973    24.3310 -9.990e-29
 209.516638      5.665  37.507734    12.4388     7.7389      5.618    32.1968    24.3305 -9.990e-29
 209.516644      5.666  37.507667    12.4397     7.7493      5.619    32.1960    24.3296 -9.990e-29
 209.516649      5.676  37.507733    12.4394     7.7505      5.629    32.1963    24.3299 -9.990e-29
 209.516655      5.694  37.506874    12.4372     7.7324      5.646    32.1974    24.3312 -9.990e-29
 209.516661      5.713  37.503356    12.4355     7.7139      5.665    32.1954    24.3300 -9.990e-29
 209.516667      5.722  37.500865    12.4363     7.7158      5.674    32.1924    24.3275 -9.990e-29
 209.516672      5.712  37.502777    12.4377     7.7417      5.664    32.1930    24.3277 -9.990e-29
 209.516678      5.696  37.505445    12.4378     7.7559      5.648    32.1955    24.3296 -9.990e-29
 209.516684      5.686  37.506234    12.4363     7.7633      5.638    32.1975    24.3315 -9.990e-29
 209.516690      5.676  37.505050    12.4337     7.7504      5.629    32.1986    24.3328 -9.990e-29
 209.516696      5.662  37.502526    12.4320     7.7521      5.615    32.1977    24.3324 -9.990e-29
 209.516701      5.642  37.501995    12.4331     7.7543      5.595    32.1962    24.3311 -9.990e-29
 209.516707      5.621  37.503839    12.4354     7.7390      5.574    32.1960    24.3305 -9.990e-29
 209.516713      5.609  37.505446    12.4366     7.7143      5.562    32.1965    24.3307 -9.990e-29
 209.516719      5.613  37.506128    12.4360     7.6878      5.566    32.1977    24.3317 -9.990e-29
 209.516725      5.627  37.505085    12.4342     7.6879      5.580    32.1982    24.3324 -9.990e-29
 209.516730      5.638  37.503141    12.4331     7.7070      5.591    32.1973    24.3319 -9.990e-29
 209.516736      5.642  37.502718    12.4329     7.7433      5.595    32.1971    24.3318 -9.990e-29
 209.516742      5.643  37.503784    12.4318     7.7691      5.596    32.1991    24.3335 -9.990e-29
 209.516748      5.647  37.504368    12.4298     7.7778      5.600    32.2013    24.3357 -9.990e-29
 209.516753      5.649  37.502980    12.4281     7.7847      5.602    32.2015    24.3361 -9.990e-29
