data/oxygen options/OCNMS/OCNMS1/raw_data/2009/CTD_CE065_100809faed.cnv
* Sea-Bird SBE19 Data File:
* FileName = C:\2009_MOORING_DATA\100709_DATA\CTD_CE065_100809.hex
* Software Version 1.24
* Temperature SN = 2997
* Conductivity SN = 2997
* System UpLoad Time = Oct 08 2009 12:08:09
* SEACAT PROFILER V3.1c SN 2997   10/08/09  12:07:18.926
* strain gauge pressure sensor: S/N = 184829,  range = 3000 psia,  tc = 40
# nquan = 9                                 
# nvalues = 1642                        
# units = specified
# name 0 = timeJ: Julian Days
# name 1 = prSM: Pressure, Strain Gauge [db]
# name 2 = c0mS/cm: Conductivity [mS/cm]
# name 3 = t090C: Temperature [ITS-90, deg C]
# name 4 = sbeox0ML/L: Oxygen, SBE 43 [ml/l]
# name 5 = depSM: Depth [salt water, m], lat = 47.5
# name 6 = sal00: Salinity, Practical [PSU]
# name 7 = sigma-é00: Density [sigma-theta, kg/m^3]
# name 8 = flag: flag
# span 0 = 281.469479, 281.478976       
# span 1 =     -4.756,     67.323       
# span 2 =   0.026366,  37.127441       
# span 3 =     7.5520,    11.9648       
# span 4 =   -15.0182,    20.0769       
# span 5 =     -4.716,     66.750       
# span 6 =     0.0195,    33.7551       
# span 7 =    -0.4335,    26.3548       
# span 8 = 0.0000e+00, 0.0000e+00       
# interval = seconds: 0.5
# start_time = Oct 08 2009 11:16:03 [Instrument's time stamp, header]
# bad_flag = -9.990e-29
*END*
[from data line 321]
 281.471337     -0.235   0.026369    11.0433    -1.7598     -0.233     0.0195    -0.3819 -9.990e-29
 281.471343     -0.226   0.026382    11.0324    -1.7593     -0.224     0.0195    -0.3808 -9.990e-29
 281.471348     -0.220   0.026419    11.0144    -1.7592     -0.218     0.0195    -0.3790 -9.990e-29
 281.471354     -0.216   0.026529    10.9969    -1.7589     -0.214     0.0196    -0.3772 -9.990e-29
 281.471360     -0.214   0.026858    10.9862    -1.7583     -0.212     0.0198    -0.3759 -9.990e-29
 281.471366     -0.214   0.027290    10.9854    -1.7578     -0.212     0.0200    -0.3756 -9.990e-29
 281.471372     -0.216   0.027291    10.9938    -1.7572     -0.214     0.0200    -0.3765 -9.990e-29
 281.471377     -0.220   0.026861    11.0076    -1.7566     -0.218     0.0198    -0.3781 -9.990e-29
 281.471383     -0.226   0.026534    11.0227    -1.7560     -0.224     0.0196    -0.3798 -9.990e-29
 281.471389     -0.235   0.026425    11.0359    -1.7554     -0.233     0.0195    -0.3812 -9.990e-29
 281.471395     -0.243   0.026389    11.0466    -1.7547     -0.241     0.0195    -0.3823 -9.990e-29
 281.471400     -0.242   0.026377    11.0559    -1.7542     -0.240     0.0195    -0.3832 -9.990e-29
 281.471406     -0.232   0.026374    11.0659    -1.7540     -0.230     0.0195    -0.3843 -9.990e-29
 281.471412     -0.221   0.026373    11.0785    -1.7541     -0.219     0.0195    -0.3855 -9.990e-29
 281.471418     -0.213   0.026374    11.0929    -1.7547     -0.211     0.0195    -0.3870 -9.990e-29
 281.471424     -0.206   0.026375    11.1082    -1.7550     -0.204     0.0195    -0.3886 -9.990e-29
 281.471429     -0.200   0.026375    11.1243    -1.7548     -0.198     0.0195    -0.3902 -9.990e-29
 281.471435     -0.196   0.026376    11.1406    -1.7544     -0.194     0.0195    -0.3919 -9.990e-29
 281.471441     -0.193   0.026377    11.1564    -1.7540     -0.191     0.0195    -0.3936 -9.990e-29
 281.471447     -0.190   0.026378    11.1708    -1.7535     -0.188     0.0195    -0.3950 -9.990e-29
 281.471453     -0.188   0.026379    11.1817    -1.7532     -0.186     0.0195    -0.3962 -9.990e-29
 281.471458     -0.186   0.026380    11.1865    -1.7530     -0.184     0.0195    -0.3967 -9.990e-29
 281.471464     -0.184   0.026380    11.1844    -1.7529     -0.182     0.0195    -0.3965 -9.990e-29
 281.471470     -0.182   0.026381    11.1785    -1.7529     -0.180     0.0195    -0.3958 -9.990e-29
 281.471476     -0.181   0.026382    11.1750    -1.7526     -0.179     0.0195    -0.3955 -9.990e-29
 281.471481     -0.179   0.026383    11.1776    -1.7525     -0.178     0.0195    -0.3957 -9.990e-29
 281.471487     -0.177   0.026384    11.1851    -1.7524     -0.176     0.0195    -0.3965 -9.990e-29
 281.471493     -0.174   0.026385    11.1949    -1.7523     -0.173     0.0195    -0.3975 -9.990e-29
 281.471499     -0.171   0.026386    11.2049    -1.7523     -0.170     0.0195    -0.3986 -9.990e-29
 281.471505     -0.167   0.026389    11.2132    -1.7520     -0.166     0.0195    -0.3994 -9.990e-29
 281.471510     -0.162   0.026397    11.2189    -1.7515     -0.161     0.0195    -0.4000 -9.990e-29
 281.471516     -0.156   0.026418    11.2225    -1.7512     -0.155     0.0195    -0.4004 -9.990e-29
 281.471522     -0.148   0.026480    11.2256    -1.6424     -0.147     0.0196    -0.4007 -9.990e-29
 281.471528     -0.138   0.026663    11.2295    -1.5739     -0.137     0.0197    -0.4010 -9.990e-29
 281.471534     -0.125   0.027213    11.2335    -1.4963     -0.124     0.0200    -0.4012 -9.990e-29
 281.471539     -0.109   0.028860    11.2371    -1.4106     -0.108     0.0210    -0.4008 -9.990e-29
 281.471545     -0.087   0.033799    11.2408    -1.4100     -0.086     0.0239    -0.3989 -9.990e-29
 281.471551     -0.064   0.048613    11.2459    -1.4094     -0.063     0.0329    -0.3923 -9.990e-29
 281.471557     -0.042   0.093055    11.2552    -1.4104     -0.042     0.0607    -0.3715 -9.990e-29
 281.471563     -0.016   0.226380    11.2720    -1.4093     -0.016     0.1472    -0.3053 -9.990e-29
 281.471568      0.022   0.626354    11.3054    -1.4092      0.022     0.4190    -0.0960 -9.990e-29
 281.471574      0.072   1.826274    11.3852    -1.4101      0.071     1.2796     0.5676 -9.990e-29
 281.471580      0.139   5.426030    11.5301    -1.4121      0.138     4.0432     2.7000 -9.990e-29
 281.471586      0.226  12.009924    11.7058    -1.4150      0.224     9.4485     6.8626 -9.990e-29
 281.471591      0.334  19.620339    11.8509    -1.4139      0.331    16.0340    11.9302 -9.990e-29
 281.471597      0.459  26.873143    11.9299    -1.4145      0.455    22.5766    16.9741 0.0000e+00
 281.471603      0.589  32.616680    11.9578    -1.4152      0.584    27.9314    21.1136 0.0000e+00
 281.471609      0.722  35.582330    11.9648    -1.4186      0.716    30.7539    23.3000 0.0000e+00
 281.471615      0.857  36.579510    11.9637    -1.4184      0.850    31.7139    24.0448 0.0000e+00
 281.471620      0.994  36.917283    11.9523    -1.4173      0.986    32.0494    24.3072 0.0000e+00
 281.471626      1.137  37.046790    11.9200    -1.4160      1.128    32.2024    24.4319 0.0000e+00
 281.471632      1.291  37.091059    11.8688    -1.4150      1.280    32.2895    24.5090 0.0000e+00
 281.471638      1.449  37.081881    11.8208    -1.4145      1.437    32.3222    24.5432 0.0000e+00
 281.471644      1.595  37.040846    11.7869    -1.4157      1.582    32.3118    24.5414 -9.990e-29
 281.471649      1.717  37.001404    11.7576    -1.4172      1.703    32.2989    24.5368 -9.990e-29
 281.471655      1.814  36.997452    11.7246    -1.4170      1.799    32.3238    24.5621 -9.990e-29
 281.471661      1.892  36.993681    11.6919    -1.4154      1.876    32.3486    24.5874 -9.990e-29
 281.471667      1.949  36.946058    11.6738    -1.4142      1.933    32.3180    24.5669 -9.990e-29
 281.471672      1.974  36.885978    11.6788    -1.4139      1.958    32.2552    24.5172 -9.990e-29
 281.471678      1.973  36.880323    11.7028    -1.4136      1.957    32.2288    24.4924 -9.990e-29
 281.471684      1.964  36.924008    11.7315    -1.4151      1.948    32.2464    24.5008 -9.990e-29
 281.471690      1.959  36.961775    11.7509    -1.4162      1.943    32.2662    24.5126 -9.990e-29
 281.471696      1.965  36.971933    11.7541    -1.4163      1.949    32.2733    24.5175 -9.990e-29
 281.471701      1.984  36.945282    11.7453    -1.4147      1.967    32.2550    24.5050 -9.990e-29
 281.471707      2.004  36.889645    11.7410    -1.4148      1.987    32.2047    24.4667 -9.990e-29
 281.471713      2.013  36.855421    11.7513    -1.4165      1.996    32.1626    24.4321 -9.990e-29
 281.471719      2.012  36.880102    11.7694    -1.4164      1.995    32.1708    24.4352 -9.990e-29
 281.471725      2.013  36.938551    11.7837    -1.4146      1.996    32.2152    24.4670 -9.990e-29
 281.471730      2.026  36.983433    11.7888    -1.4133      2.009    32.2543    24.4964 -9.990e-29
 281.471736      2.050  36.996944    11.7822    -1.4128      2.033    32.2731    24.5122 -9.990e-29
 281.471742      2.084  36.973789    11.7681    -1.4127      2.067    32.2629    24.5069 -9.990e-29
 281.471748      2.116  36.924768    11.7606    -1.4140      2.098    32.2218    24.4763 -9.990e-29
 281.471753      2.136  36.893974    11.7619    -1.4156      2.118    32.1908    24.4520 -9.990e-29
 281.471759      2.141  36.906104    11.7605    -1.4145      2.123    32.2037    24.4624 -9.990e-29
 281.471765      2.135  36.934412    11.7559    -1.4143      2.117    32.2352    24.4876 -9.990e-29
 281.471771      2.122  36.931710    11.7605    -1.4147      2.104    32.2286    24.4817 -9.990e-29
 281.471777      2.098  36.906377    11.7796    -1.4160      2.080    32.1875    24.4462 -9.990e-29
 281.471782      2.060  36.915040    11.8027    -1.4166      2.043    32.1759    24.4330 -9.990e-29
 281.471788      2.023  36.962186    11.8177    -1.4155      2.006    32.2086    24.4556 -9.990e-29
 281.471794      2.003  37.007825    11.8182    -1.4149      1.986    32.2524    24.4896 -9.990e-29
 281.471800      2.001  37.027884    11.8025    -1.4157      1.984    32.2855    24.5181 -9.990e-29
 281.471806      2.015  37.016279    11.7829    -1.4161      1.998    32.2913    24.5262 -9.990e-29
 281.471811      2.030  36.984643    11.7727    -1.4155      2.013    32.2694    24.5111 -9.990e-29
 281.471817      2.041  36.968871    11.7664    -1.4151      2.024    32.2596    24.5046 -9.990e-29
 281.471823      2.052  36.982876    11.7553    -1.4148      2.035    32.2828    24.5247 -9.990e-29
 281.471829      2.069  36.994574    11.7417    -1.4154      2.052    32.3060    24.5452 -9.990e-29
 281.471834      2.087  36.979447    11.7346    -1.4156      2.070    32.2975    24.5399 -9.990e-29
 281.471840      2.099  36.949470    11.7388    -1.4152      2.081    32.2647    24.5137 -9.990e-29
 281.471846      2.102  36.937709    11.7472    -1.4147      2.084    32.2460    24.4976 -9.990e-29
 281.471852      2.101  36.949422    11.7514    -1.4145      2.083    32.2537    24.5028 -9.990e-29
 281.471858      2.099  36.948350    11.7512    -1.4144      2.081    32.2528    24.5022 -9.990e-29
 281.471863      2.093  36.925441    11.7508    -1.4146      2.076    32.2309    24.4852 -9.990e-29
 281.471869      2.081  36.915906    11.7534    -1.4176      2.064    32.2194    24.4758 -9.990e-29
 281.471875      2.072  36.934696    11.7598    -1.4185      2.055    32.2321    24.4845 -9.990e-29
 281.471881      2.069  36.956668    11.7662    -1.4176      2.052    32.2479    24.4956 -9.990e-29
 281.471887      2.073  36.953081    11.7693    -1.4153      2.056    32.2417    24.4902 -9.990e-29
 281.471892      2.082  36.928334    11.7711    -1.4141      2.065    32.2161    24.4700 -9.990e-29
 281.471898      2.095  36.917426    11.7720    -1.4148      2.078    32.2048    24.4610 -9.990e-29
 281.471904      2.107  36.934596    11.7707    -1.4148      2.089    32.2226    24.4751 -9.990e-29
 281.471910      2.123  36.961505    11.7631    -1.4142      2.105    32.2553    24.5019 -9.990e-29
 281.471916      2.149  36.978234    11.7373    -1.4144      2.131    32.2939    24.5366 -9.990e-29
 281.471921      2.181  36.977621    11.6976    -1.4146      2.163    32.3279    24.5703 -9.990e-29
 281.471927      2.210  36.956264    11.6743    -1.4141      2.192    32.3274    24.5741 -9.990e-29
 281.471933      2.224  36.922308    11.6878    -1.4136      2.205    32.2826    24.5369 -9.990e-29
 281.471939      2.220  36.909661    11.7275    -1.4139      2.201    32.2358    24.4933 -9.990e-29
 281.471944      2.201  36.931357    11.7656    -1.4153      2.183    32.2238    24.4770 -9.990e-29
 281.471950      2.180  36.958853    11.7893    -1.4174      2.162    32.2299    24.4774 -9.990e-29
 281.471956      2.168  36.961824    11.8051    -1.4179      2.150    32.2191    24.4661 -9.990e-29
 281.471962      2.164  36.938855    11.8160    -1.4159      2.146    32.1874    24.4395 -9.990e-29
 281.471968      2.159  36.918915    11.8212    -1.4143      2.141    32.1636    24.4200 -9.990e-29
 281.471973      2.153  36.912600    11.8207    -1.4135      2.135    32.1579    24.4157 -9.990e-29
 281.471979      2.154  36.906109    11.8160    -1.4135      2.136    32.1557    24.4149 -9.990e-29
 281.471985      2.163  36.911730    11.8056    -1.4151      2.145    32.1701    24.4280 -9.990e-29
 281.471991      2.175  36.940534    11.7803    -1.4160      2.157    32.2200    24.4713 -9.990e-29
 281.471997      2.192  36.970651    11.7406    -1.4149      2.174    32.2837    24.5281 -9.990e-29
 281.472002      2.209  36.981403    11.7067    -1.4144      2.191    32.3236    24.5653 -9.990e-29
 281.472008      2.221  36.964377    11.7008    -1.4144      2.202    32.3122    24.5575 -9.990e-29
 281.472014      2.218  36.933485    11.7252    -1.4150      2.199    32.2609    24.5132 -9.990e-29
 281.472020      2.200  36.928957    11.7581    -1.4153      2.182    32.2280    24.4816 -9.990e-29
 281.472025      2.181  36.961776    11.7774    -1.4150      2.163    32.2431    24.4898 -9.990e-29
 281.472031      2.170  37.002553    11.7728    -1.4154      2.152    32.2867    24.5245 -9.990e-29
 281.472037      2.171  37.027473    11.7499    -1.4158      2.153    32.3308    24.5629 -9.990e-29
 281.472043      2.177  37.032458    11.7357    -1.4160      2.159    32.3480    24.5789 -9.990e-29
 281.472049      2.174  37.024932    11.7435    -1.4159      2.156    32.3339    24.5665 -9.990e-29
 281.472054      2.163  37.016350    11.7556    -1.4162      2.145    32.3150    24.5497 -9.990e-29
 281.472060      2.151  37.014527    11.7569    -1.4168      2.133    32.3121    24.5472 -9.990e-29
 281.472066      2.146  37.016136    11.7503    -1.4165      2.128    32.3194    24.5540 -9.990e-29
 281.472072      2.153  37.012341    11.7419    15.1993      2.135    32.3230    24.5584 -9.990e-29
 281.472078      2.166  37.002779    11.7327    19.9120      2.148    32.3218    24.5591 -9.990e-29
 281.472083      2.184  37.000119    11.7223    20.0769      2.166    32.3282    24.5660 -9.990e-29
 281.472089      2.206  37.006631    11.7127    16.1178      2.188    32.3429    24.5792 -9.990e-29
 281.472095      2.230  37.007132    11.7049     7.8703      2.211    32.3502    24.5862 -9.990e-29
 281.472101      2.253  36.999146    11.6969     8.2529      2.234    32.3494    24.5871 -9.990e-29
 281.472106      2.277  36.994641    11.6873     8.6060      2.258    32.3534    24.5919 -9.990e-29
 281.472112      2.299  36.996789    11.6814     8.6583      2.280    32.3606    24.5986 -9.990e-29
 281.472118      2.312  36.997467    11.6874     8.5521      2.293    32.3560    24.5940 -9.990e-29
 281.472124      2.313  36.996116    11.7049     8.3935      2.294    32.3394    24.5779 -9.990e-29
 281.472130      2.300  37.000108    11.7258     8.2527      2.281    32.3251    24.5630 -9.990e-29
 281.472135      2.279  37.008266    11.7425     8.1443      2.260    32.3185    24.5548 -9.990e-29
 281.472141      2.256  37.014886    11.7522     8.1077      2.237    32.3165    24.5514 -9.990e-29
 281.472147      2.238  37.016697    11.7541     8.0611      2.219    32.3166    24.5512 -9.990e-29
 281.472153      2.228  37.013534    11.7503     7.9671      2.209    32.3169    24.5521 -9.990e-29
 281.472159      2.226  37.009799    11.7468     7.8436      2.207    32.3163    24.5523 -9.990e-29
 281.472164      2.232  37.007449    11.7468     7.7314      2.213    32.3140    24.5505 -9.990e-29
 281.472170      2.241  37.005248    11.7484     7.7067      2.222    32.3105    24.5474 -9.990e-29
 281.472176      2.250  37.002156    11.7449     7.7472      2.231    32.3105    24.5481 -9.990e-29
 281.472182      2.260  36.994828    11.7306     7.8104      2.241    32.3158    24.5549 -9.990e-29
 281.472188      2.270  36.981552    11.7094     7.8727      2.251    32.3214    24.5631 -9.990e-29
 281.472193      2.283  36.967247    11.6917     7.9172      2.264    32.3229    24.5675 -9.990e-29
 281.472199      2.298  36.957694    11.6831     7.9562      2.279    32.3211    24.5676 -9.990e-29
 281.472205      2.312  36.953810    11.6842     8.0096      2.293    32.3163    24.5637 -9.990e-29
 281.472211      2.318  36.955669    11.6957     8.0391      2.299    32.3081    24.5553 -9.990e-29
 281.472216      2.316  36.962044    11.7108     8.0120      2.297    32.3012    24.5471 -9.990e-29
 281.472222      2.314  36.970453    11.7208     7.9545      2.295    32.3006    24.5449 -9.990e-29
 281.472228      2.313  36.979447    11.7279     7.9154      2.294    32.3032    24.5456 -9.990e-29
 281.472234      2.307  36.985559    11.7362     7.9284      2.288    32.3019    24.5430 -9.990e-29
 281.472240      2.302  36.988195    11.7430     7.9611      2.283    32.2986    24.5392 -9.990e-29
 281.472245      2.300  36.988849    11.7443     7.9616      2.281    32.2981    24.5386 -9.990e-29
 281.472251      2.302  36.985812    11.7413     7.9117      2.283    32.2977    24.5389 -9.990e-29
