data/oxygen options/OCNMS/OCNMS1/raw_data/2009/CTD_KL027_081209faed.cnv
* Sea-Bird SBE19 Data File:
* FileName = C:\2009_MOORING_DATA\081109_DATA\CTD_KL027_081209.hex
* Software Version 1.24
* Temperature SN = 2997
* Conductivity SN = 2997
* System UpLoad Time = Aug 12 2009 13:11:32
* SEACAT PROFILER V3.1c SN 2997   08/12/09  13:10:53.139
* strain gauge pressure sensor: S/N = 184829,  range = 3000 psia,  tc = 40
# nquan = 9                                 
# nvalues = 1941                        
# units = specified
# name 0 = timeJ: Julian Days
# name 1 = prSM: Pressure, Strain Gauge [db]
# name 2 = c0mS/cm: Conductivity [mS/cm]
# name 3 = t090C: Temperature [ITS-90, deg C]
# name 4 = sbeox0ML/L: Oxygen, SBE 43 [ml/l]
# name 5 = depSM: Depth [salt water, m], lat = 47.5
# name 6 = sal00: Salinity, Practical [PSU]
# name 7 = sigma-é00: Density [sigma-theta, kg/m^3]
# name 8 = flag: flag
# span 0 = 224.460278, 224.471505       
# span 1 =     -5.997,     26.791       
# span 2 =   0.159422,  40.159043       
# span 3 =     7.9137,    15.1964       
# span 4 =    -1.6306,    17.2016       
# span 5 =     -5.947,     26.566       
# span 6 =     0.0952,    33.4794       
# span 7 =    -0.8172,    26.0748       
# span 8 = 0.0000e+00, 0.0000e+00       
# interval = seconds: 0.5
# start_time = Aug 12 2009 11:02:48 [Instrument's time stamp, header]
# bad_flag = -9.990e-29
*END*
[from data line 1281]
 224.467691     14.123  36.623759    10.5043     3.3921     14.005    33.0340    25.3318 -9.990e-29
 224.467697     14.144  36.624055    10.5047     3.3876     14.025    33.0340    25.3317 -9.990e-29
 224.467703     14.181  36.624501    10.5050     3.3943     14.062    33.0341    25.3317 -9.990e-29
 224.467708     14.224  36.625124    10.5054     3.4146     14.105    33.0344    25.3319 -9.990e-29
 224.467714     14.262  36.625628    10.5057     3.4271     14.142    33.0346    25.3320 -9.990e-29
 224.467720     14.293  36.626118    10.5061     3.4305     14.173    33.0347    25.3320 -9.990e-29
 224.467726     14.316  36.626683    10.5073     3.4281     14.196    33.0342    25.3314 -9.990e-29
 224.467731     14.318  36.627512    10.5099     3.4184     14.198    33.0326    25.3297 -9.990e-29
 224.467737     14.297  36.629144    10.5131     3.4087     14.177    33.0314    25.3282 -9.990e-29
 224.467743     14.262  36.630945    10.5151     3.3954     14.142    33.0314    25.3279 -9.990e-29
 224.467749     14.221  36.631393    10.5150     3.3745     14.102    33.0320    25.3283 -9.990e-29
 224.467755     14.170  36.630521    10.5140     3.3485     14.051    33.0320    25.3285 -9.990e-29
 224.467760     14.112  36.629963    10.5135     3.3517     13.994    33.0319    25.3286 -9.990e-29
 224.467766     14.055  36.630090    10.5132     3.3546     13.937    33.0324    25.3289 -9.990e-29
 224.467772     14.013  36.629946    10.5125     3.3667     13.896    33.0329    25.3295 -9.990e-29
 224.467778     13.995  36.629336    10.5115     3.3765     13.878    33.0332    25.3299 -9.990e-29
 224.467784     14.001  36.628564    10.5105     3.3960     13.884    33.0333    25.3301 -9.990e-29
 224.467789     14.018  36.627717    10.5099     3.3912     13.901    33.0330    25.3300 -9.990e-29
 224.467795     14.030  36.627340    10.5103     3.4087     13.912    33.0322    25.3294 -9.990e-29
 224.467801     14.025  36.628048    10.5117     3.4153     13.907    33.0317    25.3287 -9.990e-29
 224.467807     14.007  36.629656    10.5137     3.4161     13.890    33.0315    25.3282 -9.990e-29
 224.467813     13.996  36.631501    10.5156     3.4347     13.879    33.0316    25.3280 -9.990e-29
 224.467818     14.005  36.632677    10.5162     3.4542     13.888    33.0323    25.3283 -9.990e-29
 224.467824     14.020  36.632508    10.5156     3.4922     13.903    33.0326    25.3287 -9.990e-29
 224.467830     14.019  36.631884    10.5153     3.5372     13.902    33.0323    25.3285 -9.990e-29
 224.467836     13.986  36.632207    10.5162     3.5545     13.869    33.0318    25.3280 -9.990e-29
 224.467841     13.934  36.633343    10.5183     3.5425     13.817    33.0310    25.3270 -9.990e-29
 224.467847     13.885  36.635120    10.5220     3.5363     13.769    33.0295    25.3252 -9.990e-29
 224.467853     13.852  36.638784    10.5279     3.5425     13.736    33.0278    25.3229 -9.990e-29
 224.467859     13.839  36.645294    10.5350     3.5581     13.723    33.0279    25.3217 -9.990e-29
 224.467865     13.843  36.651558    10.5405     3.5459     13.727    33.0292    25.3218 -9.990e-29
 224.467870     13.861  36.651912    10.5429     3.4868     13.745    33.0274    25.3200 -9.990e-29
 224.467876     13.881  36.647386    10.5446     3.4266     13.765    33.0213    25.3149 -9.990e-29
 224.467882     13.896  36.645949    10.5481     3.4018     13.780    33.0167    25.3107 -9.990e-29
 224.467888     13.912  36.650165    10.5511     3.4212     13.795    33.0182    25.3114 -9.990e-29
 224.467894     13.933  36.654441    10.5479     3.4510     13.816    33.0254    25.3175 -9.990e-29
 224.467899     13.961  36.652147    10.5378     3.4760     13.844    33.0322    25.3246 -9.990e-29
 224.467905     13.993  36.644141    10.5289     3.4658     13.876    33.0322    25.3261 -9.990e-29
 224.467911     14.019  36.639359    10.5281     3.4578     13.902    33.0282    25.3231 -9.990e-29
 224.467917     14.027  36.641505    10.5348     3.4555     13.909    33.0242    25.3189 -9.990e-29
 224.467922     14.022  36.646146    10.5426     3.4549     13.905    33.0218    25.3157 -9.990e-29
 224.467928     14.021  36.649377    10.5456     3.4553     13.904    33.0223    25.3155 -9.990e-29
 224.467934     14.028  36.649341    10.5436     3.4603     13.910    33.0241    25.3173 -9.990e-29
 224.467940     14.035  36.646546    10.5397     3.4770     13.917    33.0248    25.3185 -9.990e-29
 224.467946     14.039  36.644360    10.5365     3.5051     13.921    33.0255    25.3196 -9.990e-29
 224.467951     14.039  36.643786    10.5344     3.5278     13.921    33.0269    25.3210 -9.990e-29
 224.467957     14.035  36.643299    10.5324     3.5313     13.917    33.0282    25.3224 -9.990e-29
 224.467963     14.023  36.642792    10.5317     3.5190     13.905    33.0283    25.3226 -9.990e-29
 224.467969     13.999  36.643625    10.5337     3.4959     13.882    33.0274    25.3215 -9.990e-29
 224.467975     13.968  36.646332    10.5378     3.4700     13.851    33.0264    25.3200 -9.990e-29
 224.467980     13.946  36.650024    10.5420     3.4771     13.829    33.0263    25.3192 -9.990e-29
 224.467986     13.945  36.653445    10.5448     3.4681     13.828    33.0272    25.3195 -9.990e-29
 224.467992     13.964  36.656100    10.5461     3.4786     13.847    33.0286    25.3204 -9.990e-29
 224.467998     13.996  36.657030    10.5460     3.4915     13.879    33.0297    25.3212 -9.990e-29
 224.468003     14.035  36.653537    10.5440     3.4899     13.917    33.0280    25.3202 -9.990e-29
 224.468009     14.074  36.647672    10.5424     3.5110     13.956    33.0235    25.3170 -9.990e-29
 224.468015     14.111  36.645610    10.5434     3.5314     13.993    33.0205    25.3145 -9.990e-29
 224.468021     14.150  36.647947    10.5442     3.5405     14.031    33.0221    25.3156 -9.990e-29
 224.468027     14.188  36.649377    10.5415     3.5166     14.069    33.0260    25.3191 -9.990e-29
 224.468032     14.220  36.647308    10.5381     3.4676     14.101    33.0270    25.3205 -9.990e-29
 224.468038     14.242  36.645691    10.5397     3.4246     14.123    33.0239    25.3178 -9.990e-29
 224.468044     14.256  36.648520    10.5462     3.4211     14.137    33.0208    25.3143 -9.990e-29
 224.468050     14.263  36.652263    10.5502     3.4407     14.143    33.0210    25.3137 -9.990e-29
 224.468056     14.264  36.651807    10.5481     3.4549     14.144    33.0224    25.3152 -9.990e-29
 224.468061     14.263  36.648214    10.5419     3.4355     14.143    33.0244    25.3178 -9.990e-29
 224.468067     14.264  36.643964    10.5356     3.4057     14.144    33.0259    25.3200 -9.990e-29
 224.468073     14.263  36.641221    10.5322     3.3801     14.143    33.0262    25.3209 -9.990e-29
 224.468079     14.260  36.641355    10.5322     3.3935     14.140    33.0263    25.3210 -9.990e-29
 224.468084     14.263  36.642847    10.5323     3.4249     14.143    33.0277    25.3221 -9.990e-29
 224.468090     14.277  36.642627    10.5294     3.4448     14.157    33.0301    25.3244 -9.990e-29
 224.468096     14.298  36.639826    10.5254     3.4473     14.178    33.0310    25.3258 -9.990e-29
 224.468102     14.314  36.637979    10.5241     3.4322     14.194    33.0303    25.3254 -9.990e-29
 224.468108     14.319  36.639088    10.5258     3.4117     14.199    33.0298    25.3248 -9.990e-29
 224.468113     14.317  36.640693    10.5278     3.3956     14.197    33.0296    25.3243 -9.990e-29
 224.468119     14.312  36.640994    10.5283     3.3977     14.192    33.0295    25.3241 -9.990e-29
 224.468125     14.308  36.640379    10.5270     3.3985     14.188    33.0301    25.3248 -9.990e-29
 224.468131     14.313  36.639135    10.5243     3.4011     14.193    33.0313    25.3262 -9.990e-29
 224.468137     14.328  36.637269    10.5208     3.3847     14.208    33.0325    25.3278 -9.990e-29
 224.468142     14.344  36.635080    10.5179     3.3511     14.224    33.0330    25.3286 -9.990e-29
 224.468148     14.360  36.634115    10.5170     3.3345     14.240    33.0328    25.3287 -9.990e-29
 224.468154     14.375  36.634755    10.5167     3.3260     14.255    33.0337    25.3294 -9.990e-29
 224.468160     14.390  36.634475    10.5155     3.3423     14.269    33.0345    25.3302 -9.990e-29
 224.468166     14.408  36.632885    10.5136     3.3696     14.287    33.0346    25.3307 -9.990e-29
 224.468171     14.424  36.631213    10.5119     3.3835     14.303    33.0345    25.3308 -9.990e-29
 224.468177     14.430  36.628895    10.5105     3.3841     14.309    33.0334    25.3303 -9.990e-29
 224.468183     14.424  36.626185    10.5103     3.3728     14.303    33.0309    25.3283 -9.990e-29
 224.468189     14.405  36.626180    10.5129     3.3670     14.284    33.0286    25.3260 -9.990e-29
 224.468194     14.375  36.629978    10.5168     3.3687     14.255    33.0288    25.3256 -9.990e-29
 224.468200     14.346  36.633659    10.5191     3.3672     14.226    33.0305    25.3265 -9.990e-29
 224.468206     14.328  36.634833    10.5186     3.3690     14.208    33.0321    25.3278 -9.990e-29
 224.468212     14.326  36.633929    10.5158     3.3764     14.206    33.0337    25.3296 -9.990e-29
 224.468218     14.333  36.631411    10.5125     3.3949     14.213    33.0342    25.3305 -9.990e-29
 224.468223     14.344  36.628948    10.5104     3.4031     14.224    33.0336    25.3304 -9.990e-29
 224.468229     14.352  36.628284    10.5097     3.4228     14.232    33.0336    25.3305 -9.990e-29
 224.468235     14.361  36.629077    10.5098     3.4207     14.241    33.0343    25.3310 -9.990e-29
 224.468241     14.369  36.630127    10.5103     3.4199     14.249    33.0349    25.3314 -9.990e-29
 224.468247     14.372  36.631139    10.5115     3.4232     14.252    33.0348    25.3312 -9.990e-29
 224.468252     14.368  36.632323    10.5133     3.4062     14.248    33.0344    25.3305 -9.990e-29
 224.468258     14.360  36.633561    10.5146     3.4095     14.240    33.0344    25.3303 -9.990e-29
 224.468264     14.356  36.634248    10.5150     3.4129     14.236    33.0348    25.3305 -9.990e-29
 224.468270     14.360  36.634165    10.5148     3.4133     14.240    33.0349    25.3306 -9.990e-29
 224.468275     14.368  36.633746    10.5143     3.4155     14.248    33.0349    25.3307 -9.990e-29
 224.468281     14.372  36.633538    10.5142     3.4021     14.252    33.0348    25.3307 -9.990e-29
 224.468287     14.367  36.633808    10.5147     3.3884     14.247    33.0346    25.3304 -9.990e-29
 224.468293     14.359  36.634339    10.5155     3.3718     14.239    33.0344    25.3301 -9.990e-29
 224.468299     14.355  36.634705    10.5160     3.3479     14.235    33.0343    25.3300 -9.990e-29
 224.468304     14.363  36.634816    10.5159     3.3477     14.243    33.0345    25.3302 -9.990e-29
 224.468310     14.383  36.634807    10.5156     3.3700     14.262    33.0348    25.3304 -9.990e-29
 224.468316     14.410  36.634650    10.5149     3.4024     14.289    33.0352    25.3309 -9.990e-29
 224.468322     14.439  36.634120    10.5132     3.4327     14.318    33.0362    25.3320 -9.990e-29
 224.468328     14.464  36.632495    10.5112     3.4401     14.343    33.0364    25.3325 -9.990e-29
 224.468333     14.469  36.630954    10.5111     3.4522     14.348    33.0349    25.3313 -9.990e-29
 224.468339     14.452  36.631908    10.5132     3.4608     14.331    33.0340    25.3302 -9.990e-29
 224.468345     14.423  36.634373    10.5154     3.4621     14.302    33.0345    25.3302 -9.990e-29
 224.468351     14.394  36.636577    10.5172     3.4615     14.273    33.0351    25.3304 -9.990e-29
 224.468356     14.366  36.638081    10.5190     3.4401     14.246    33.0350    25.3300 -9.990e-29
 224.468362     14.343  36.638635    10.5203     3.4205     14.223    33.0344    25.3293 -9.990e-29
 224.468368     14.331  36.638962    10.5208     3.4196     14.211    33.0342    25.3291 -9.990e-29
 224.468374     14.334  36.639483    10.5213     3.4270     14.214    33.0343    25.3291 -9.990e-29
 224.468380     14.352  36.639758    10.5217     3.4500     14.232    33.0342    25.3289 -9.990e-29
 224.468385     14.383  36.639576    10.5217     3.4779     14.262    33.0340    25.3288 -9.990e-29
 224.468391     14.414  36.639241    10.5217     3.4921     14.293    33.0337    25.3285 -9.990e-29
 224.468397     14.436  36.639412    10.5223     3.4949     14.315    33.0333    25.3281 -9.990e-29
 224.468403     14.446  36.640300    10.5237     3.4830     14.325    33.0329    25.3276 -9.990e-29
 224.468409     14.443  36.641390    10.5263     3.4745     14.322    33.0316    25.3261 -9.990e-29
 224.468414     14.433  36.642441    10.5299     3.4743     14.312    33.0294    25.3238 -9.990e-29
 224.468420     14.422  36.644278    10.5328     3.4799     14.301    33.0287    25.3227 -9.990e-29
 224.468426     14.416  36.646532    10.5328     3.4799     14.295    33.0309    25.3244 -9.990e-29
 224.468432     14.413  36.646592    10.5302     3.4666     14.292    33.0333    25.3268 -9.990e-29
 224.468437     14.408  36.644521    10.5283     3.4513     14.287    33.0330    25.3268 -9.990e-29
 224.468443     14.393  36.643709    10.5295     3.4379     14.272    33.0311    25.3252 -9.990e-29
 224.468449     14.368  36.645298    10.5322     3.4523     14.248    33.0302    25.3240 -9.990e-29
 224.468455     14.343  36.647466    10.5340     3.4697     14.223    33.0308    25.3241 -9.990e-29
 224.468461     14.329  36.648606    10.5337     3.4781     14.209    33.0322    25.3253 -9.990e-29
 224.468466     14.330  36.647985    10.5313     3.4857     14.210    33.0338    25.3269 -9.990e-29
 224.468472     14.341  36.645879    10.5284     3.4703     14.221    33.0343    25.3278 -9.990e-29
 224.468478     14.355  36.643948    10.5269     3.4563     14.235    33.0337    25.3276 -9.990e-29
 224.468484     14.369  36.643524    10.5271     3.4373     14.249    33.0331    25.3271 -9.990e-29
 224.468490     14.383  36.644586    10.5288     3.4238     14.262    33.0326    25.3265 -9.990e-29
 224.468495     14.399  36.646294    10.5312     3.4351     14.278    33.0321    25.3257 -9.990e-29
 224.468501     14.416  36.647545    10.5329     3.4528     14.295    33.0318    25.3252 -9.990e-29
 224.468507     14.437  36.647191    10.5320     3.4721     14.316    33.0323    25.3257 -9.990e-29
 224.468513     14.458  36.644743    10.5288     3.4981     14.337    33.0327    25.3266 -9.990e-29
 224.468519     14.473  36.641407    10.5261     3.5127     14.352    33.0318    25.3263 -9.990e-29
 224.468524     14.473  36.640004    10.5273     3.5109     14.352    33.0293    25.3242 -9.990e-29
 224.468530     14.450  36.642571    10.5321     3.5006     14.329    33.0276    25.3220 -9.990e-29
 224.468536     14.402  36.647468    10.5372     3.4698     14.281    33.0279    25.3213 -9.990e-29
 224.468542     14.344  36.651121    10.5400     3.4437     14.224    33.0290    25.3217 -9.990e-29
 224.468547     14.297  36.652225    10.5398     3.4254     14.177    33.0303    25.3228 -9.990e-29
 224.468553     14.277  36.651677    10.5371     3.4403     14.157    33.0322    25.3247 -9.990e-29
 224.468559     14.280  36.649855    10.5339     3.4776     14.160    33.0333    25.3261 -9.990e-29
 224.468565     14.300  36.647675    10.5314     3.4946     14.180    33.0334    25.3266 -9.990e-29
 224.468571     14.328  36.646697    10.5300     3.4980     14.208    33.0337    25.3271 -9.990e-29
 224.468576     14.359  36.646721    10.5301     3.4843     14.239    33.0336    25.3270 -9.990e-29
 224.468582     14.384  36.647205    10.5326     3.4946     14.263    33.0318    25.3252 -9.990e-29
 224.468588     14.403  36.648776    10.5360     3.5226     14.282    33.0303    25.3234 -9.990e-29
 224.468594     14.420  36.650712    10.5372     3.5581     14.299    33.0311    25.3238 -9.990e-29
 224.468600     14.435  36.650536    10.5354     3.5820     14.314    33.0326    25.3253 -9.990e-29
 224.468605     14.443  36.648558    10.5335     3.5700     14.322    33.0323    25.3254 -9.990e-29
