data/oxygen options/OCNMS/OCNMS1/raw_data/2009/CTD_CA065_072809faed.cnv
* Sea-Bird SBE19 Data File:
* FileName = C:\2009_MOORING_DATA\072809_DATA\CTD_CA065_072809.hex
* Software Version 1.24
* Temperature SN = 2997
* Conductivity SN = 2997
* System UpLoad Time = Jul 28 2009 17:30:58
* SEACAT PROFILER V3.1c SN 2997   07/28/09  17:30:13.306
* strain gauge pressure sensor: S/N = 184829,  range = 3000 psia,  tc = 40
# nquan = 9                                 
# nvalues = 1958                        
# units = specified
# name 0 = timeJ: Julian Days
# name 1 = prSM: Pressure, Strain Gauge [db]
# name 2 = c0mS/cm: Conductivity [mS/cm]
# name 3 = t090C: Temperature [ITS-90, deg C]
# name 4 = sbeox0ML/L: Oxygen, SBE 43 [ml/l]
# name 5 = depSM: Depth [salt water, m], lat = 47.5
# name 6 = sal00: Salinity, Practical [PSU]
# name 7 = sigma-é00: Density [sigma-theta, kg/m^3]
# name 8 = flag: flag
# span 0 = 209.452176, 209.463501       
# span 1 =     -5.849,     64.968       
# span 2 =   1.602240,  39.036569       
# span 3 =     7.0280,    16.7090       
# span 4 =    -1.5722,    16.6377       
# span 5 =     -5.800,     64.416       
# span 6 =     0.9790,    33.7200       
# span 7 =    -0.3821,    26.3772       
# span 8 = 0.0000e+00, 0.0000e+00       
# interval = seconds: 0.5
# start_time = Jul 28 2009 10:51:08 [Instrument's time stamp, header]
# bad_flag = -9.990e-29
*END*
[from data line 161]
 209.453108     -0.476  38.353467    14.0982     7.4340     -0.472    31.5995    23.5406 -9.990e-29
 209.453113     -0.468  38.353079    14.0978     7.3973     -0.464    31.5994    23.5406 -9.990e-29
 209.453119     -0.456  38.353273    14.0966     7.3562     -0.452    31.6006    23.5418 -9.990e-29
 209.453125     -0.435  38.352632    14.0953     7.3434     -0.431    31.6011    23.5424 -9.990e-29
 209.453131     -0.409  38.353672    14.0945     7.3566     -0.406    31.6027    23.5438 -9.990e-29
 209.453137     -0.385  38.355545    14.0943     7.4089     -0.382    31.6045    23.5453 -9.990e-29
 209.453142     -0.369  38.356831    14.0951     7.4370     -0.366    31.6051    23.5455 -9.990e-29
 209.453148     -0.365  38.358689    14.0973     7.4448     -0.362    31.6050    23.5450 -9.990e-29
 209.453154     -0.369  38.360240    14.0997     7.4460     -0.366    31.6044    23.5441 -9.990e-29
 209.453160     -0.371  38.359636    14.1006     7.4330     -0.368    31.6031    23.5429 -9.990e-29
 209.453166     -0.364  38.357202    14.1002     7.4221     -0.361    31.6012    23.5415 -9.990e-29
 209.453171     -0.343  38.354744    14.1001     7.4232     -0.340    31.5990    23.5398 -9.990e-29
 209.453177     -0.315  38.354036    14.1001     7.4340     -0.312    31.5984    23.5393 -9.990e-29
 209.453183     -0.291  38.355264    14.0993     7.4512     -0.289    31.6001    23.5409 -9.990e-29
 209.453189     -0.273  38.355024    14.0978     7.4552     -0.271    31.6011    23.5419 -9.990e-29
 209.453194     -0.262  38.351883    14.0963     7.4300     -0.260    31.5995    23.5410 -9.990e-29
 209.453200     -0.255  38.350068    14.0958     7.4099     -0.253    31.5982    23.5401 -9.990e-29
 209.453206     -0.254  38.352210    14.0968     7.4091     -0.252    31.5994    23.5408 -9.990e-29
 209.453212     -0.256  38.355566    14.0979     7.4156     -0.254    31.6016    23.5422 -9.990e-29
 209.453218     -0.259  38.356771    14.0975     7.4389     -0.257    31.6030    23.5434 -9.990e-29
 209.453223     -0.258  38.356318    14.0955     7.4436     -0.256    31.6042    23.5448 -9.990e-29
 209.453229     -0.258  38.354731    14.0934     7.4274     -0.256    31.6045    23.5454 -9.990e-29
 209.453235     -0.262  38.353263    14.0929     7.4148     -0.260    31.6035    23.5448 -9.990e-29
 209.453241     -0.272  38.355010    14.0941     7.4066     -0.270    31.6042    23.5450 -9.990e-29
 209.453247     -0.278  38.357260    14.0953     7.4154     -0.276    31.6052    23.5456 -9.990e-29
 209.453252     -0.270  38.357416    14.0953     7.4251     -0.268    31.6054    23.5457 -9.990e-29
 209.453258     -0.249  38.356256    14.0938     7.4293     -0.247    31.6055    23.5462 -9.990e-29
 209.453264     -0.229  38.353361    14.0920     7.4156     -0.227    31.6044    23.5456 -9.990e-29
 209.453270     -0.212  38.350483    14.0914     7.3902     -0.210    31.6022    23.5441 -9.990e-29
 209.453275     -0.196  38.350515    14.0927     7.3723     -0.194    31.6012    23.5430 -9.990e-29
 209.453281     -0.181  38.352388    14.0948     7.3848     -0.179    31.6012    23.5426 -9.990e-29
 209.453287     -0.166  38.352999    14.0963     7.4241     -0.165    31.6005    23.5417 -9.990e-29
 209.453293     -0.150  38.353169    14.0978     7.4369     -0.149    31.5994    23.5406 -9.990e-29
 209.453299     -0.132  38.355375    14.0998     7.4259     -0.131    31.5998    23.5405 -9.990e-29
 209.453304     -0.110  38.358082    14.1000     7.4162     -0.109    31.6021    23.5422 -9.990e-29
 209.453310     -0.084  38.357620    14.0972     7.4187     -0.083    31.6039    23.5442 -9.990e-29
 209.453316     -0.056  38.354500    14.0942     7.4339     -0.056    31.6035    23.5445 -9.990e-29
 209.453322     -0.033  38.352976    14.0936     7.4340     -0.033    31.6026    23.5439 -9.990e-29
 209.453328     -0.018  38.354948    14.0953     7.4197     -0.018    31.6030    23.5439 -9.990e-29
 209.453333     -0.005  38.358006    14.0974     7.3987     -0.005    31.6041    23.5443 -9.990e-29
 209.453339      0.011  38.358948    14.0981     7.3945      0.011    31.6044    23.5444 -9.990e-29
 209.453345      0.027  38.357915    14.0975     7.4179      0.027    31.6039    23.5442 -9.990e-29
 209.453351      0.038  38.357462    14.0977     7.4350      0.038    31.6033    23.5437 -9.990e-29
 209.453356      0.047  38.358671    14.0998     7.4495      0.047    31.6027    23.5428 -9.990e-29
 209.453362      0.053  38.360360    14.1031     7.4523      0.053    31.6016    23.5412 -9.990e-29
 209.453368      0.056  38.361423    14.1057     7.4172      0.056    31.6004    23.5398 -9.990e-29
 209.453374      0.058  38.362163    14.1065     7.3923      0.058    31.6004    23.5396 -9.990e-29
 209.453380      0.058  38.362456    14.1054     7.3850      0.058    31.6016    23.5407 -9.990e-29
 209.453385      0.060  38.361578    14.1028     7.4134      0.059    31.6029    23.5423 -9.990e-29
 209.453391      0.070  38.359486    14.1000     7.4353      0.069    31.6033    23.5432 -9.990e-29
 209.453397      0.082  38.357323    14.0985     7.4288      0.081    31.6025    23.5429 -9.990e-29
 209.453403      0.094  38.357255    14.0984     7.4257      0.093    31.6026    23.5429 -9.990e-29
 209.453409      0.107  38.358638    14.0987     7.4143      0.106    31.6036    23.5436 -9.990e-29
 209.453414      0.116  38.359398    14.0996     7.4243      0.115    31.6035    23.5434 -9.990e-29
 209.453420      0.119  38.360554    14.1024     7.4314      0.118    31.6023    23.5419 -9.990e-29
 209.453426      0.120  38.363656    14.1064     7.4228      0.119    31.6019    23.5407 -9.990e-29
 209.453432      0.127  38.367801    14.1090     7.4262      0.126    31.6035    23.5415 -9.990e-29
 209.453438      0.141  38.370116    14.1094     7.4306      0.140    31.6053    23.5428 -9.990e-29
 209.453443      0.154  38.369212    14.1092     7.4262      0.153    31.6046    23.5423 -9.990e-29
 209.453449      0.167  38.367815    14.1097     7.4189      0.166    31.6030    23.5409 -9.990e-29
 209.453455      0.185  38.368551    14.1113     7.4185      0.183    31.6023    23.5401 -9.990e-29
 209.453461      0.205  38.369608    14.1124     7.4066      0.203    31.6024    23.5399 -9.990e-29
 209.453466      0.223  38.368477    14.1113     7.4026      0.221    31.6022    23.5400 -9.990e-29
 209.453472      0.242  38.365340    14.1077     7.4091      0.240    31.6023    23.5408 -9.990e-29
 209.453478      0.259  38.361065    14.1031     7.4232      0.257    31.6021    23.5416 -9.990e-29
 209.453484      0.269  38.357246    14.0997     7.4468      0.267    31.6014    23.5418 -9.990e-29
 209.453490      0.273  38.356645    14.0999     7.4696      0.271    31.6007    23.5412 -9.990e-29
 209.453495      0.272  38.360707    14.1049     7.4742      0.270    31.6003    23.5399 -9.990e-29
 209.453501      0.266  38.367008    14.1114     7.4603      0.264    31.6008    23.5389 -9.990e-29
 209.453507      0.258  38.370504    14.1149     7.4354      0.256    31.6011    23.5384 -9.990e-29
 209.453513      0.257  38.369698    14.1145     7.4277      0.255    31.6007    23.5382 -9.990e-29
 209.453519      0.267  38.366890    14.1118     7.4284      0.265    31.6003    23.5385 -9.990e-29
 209.453524      0.284  38.363947    14.1089     7.4419      0.282    31.6000    23.5388 -9.990e-29
 209.453530      0.300  38.363117    14.1078     7.4544      0.297    31.6001    23.5391 -9.990e-29
 209.453536      0.313  38.364981    14.1087     7.4528      0.310    31.6011    23.5397 -9.990e-29
 209.453542      0.323  38.366425    14.1102     7.4324      0.320    31.6012    23.5395 -9.990e-29
 209.453547      0.332  38.367138    14.1111     7.4216      0.329    31.6011    23.5392 -9.990e-29
 209.453553      0.338  38.368640    14.1108     7.4113      0.335    31.6027    23.5405 -9.990e-29
 209.453559      0.344  38.369017    14.1095     7.4013      0.341    31.6041    23.5419 -9.990e-29
 209.453565      0.349  38.367657    14.1077     7.4207      0.346    31.6044    23.5424 -9.990e-29
 209.453571      0.353  38.365558    14.1048     7.4392      0.350    31.6048    23.5434 -9.990e-29
 209.453576      0.357  38.361608    14.1009     7.4677      0.354    31.6044    23.5438 -9.990e-29
 209.453582      0.362  38.356714    14.0979     7.4692      0.359    31.6024    23.5429 -9.990e-29
 209.453588      0.366  38.355004    14.0968     7.4633      0.363    31.6017    23.5426 -9.990e-29
 209.453594      0.371  38.357195    14.0984     7.4473      0.368    31.6024    23.5428 -9.990e-29
 209.453600      0.377  38.361162    14.1033     7.4569      0.374    31.6020    23.5415 -9.990e-29
 209.453605      0.385  38.366202    14.1089     7.4759      0.382    31.6020    23.5404 -9.990e-29
 209.453611      0.394  38.371164    14.1119     7.4844      0.391    31.6041    23.5414 -9.990e-29
 209.453617      0.406  38.374418    14.1120     7.4906      0.403    31.6070    23.5436 -9.990e-29
 209.453623      0.421  38.374676    14.1100     7.4733      0.417    31.6089    23.5454 -9.990e-29
 209.453628      0.436  38.370016    14.1067     7.4636      0.432    31.6073    23.5449 -9.990e-29
 209.453634      0.443  38.364851    14.1057     7.4412      0.439    31.6034    23.5421 -9.990e-29
 209.453640      0.439  38.366283    14.1084     7.4228      0.435    31.6025    23.5408 -9.990e-29
 209.453646      0.427  38.370590    14.1111     7.4163      0.423    31.6042    23.5416 -9.990e-29
 209.453652      0.415  38.371721    14.1110     7.4247      0.412    31.6054    23.5425 -9.990e-29
 209.453657      0.407  38.370601    14.1087     7.4366      0.404    31.6062    23.5436 -9.990e-29
 209.453663      0.407  38.369639    14.1061     7.4550      0.404    31.6075    23.5451 -9.990e-29
 209.453669      0.419  38.369771    14.1046     7.4795      0.416    31.6088    23.5465 -9.990e-29
 209.453675      0.438  38.371149    14.1043     7.5022      0.434    31.6103    23.5477 -9.990e-29
 209.453681      0.459  38.373342    14.1044     7.4996      0.455    31.6123    23.5492 -9.990e-29
 209.453686      0.478  38.374206    14.1041     7.4807      0.474    31.6133    23.5500 -9.990e-29
 209.453692      0.495  38.370386    14.1028     7.4137      0.491    31.6108    23.5484 -9.990e-29
 209.453698      0.509  38.364051    14.1026     7.3733      0.505    31.6052    23.5441 -9.990e-29
 209.453704      0.516  38.363546    14.1074     7.3798      0.512    31.6008    23.5397 -9.990e-29
 209.453709      0.515  38.371535    14.1174     7.3974      0.511    31.5999    23.5370 -9.990e-29
 209.453715      0.512  38.381272    14.1261     7.4152      0.508    31.6017    23.5366 -9.990e-29
 209.453721      0.515  38.386656    14.1269     7.3956      0.511    31.6060    23.5397 -9.990e-29
 209.453727      0.527  38.384759    14.1196     7.3672      0.523    31.6102    23.5445 -9.990e-29
 209.453733      0.546  38.375272    14.1100     7.3775      0.541    31.6094    23.5458 -9.990e-29
 209.453738      0.565  38.365702    14.1056     7.4239      0.560    31.6042    23.5427 -9.990e-29
 209.453744      0.575  38.363999    14.1081     7.4744      0.570    31.6006    23.5394 -9.990e-29
 209.453750      0.573  38.367866    14.1132     7.5184      0.568    31.6000    23.5379 -9.990e-29
 209.453756      0.569  38.370665    14.1164     7.5128      0.564    31.5999    23.5372 -9.990e-29
 209.453762      0.569  38.369380    14.1158     7.4852      0.564    31.5992    23.5368 -9.990e-29
 209.453767      0.574  38.365077    14.1124     7.4623      0.569    31.5981    23.5366 -9.990e-29
 209.453773      0.584  38.361525    14.1084     7.4518      0.579    31.5981    23.5374 -9.990e-29
 209.453779      0.597  38.361252    14.1070     7.4611      0.592    31.5990    23.5384 -9.990e-29
 209.453785      0.607  38.364430    14.1095     7.4668      0.602    31.5998    23.5386 -9.990e-29
 209.453791      0.616  38.368545    14.1132     7.4664      0.611    31.6006    23.5384 -9.990e-29
 209.453796      0.625  38.370091    14.1153     7.4678      0.620    31.6003    23.5377 -9.990e-29
 209.453802      0.634  38.367742    14.1145     7.4725      0.629    31.5988    23.5367 -9.990e-29
 209.453808      0.643  38.363389    14.1115     7.4604      0.638    31.5972    23.5361 -9.990e-29
 209.453814      0.654  38.360733    14.1091     7.4434      0.649    31.5968    23.5363 -9.990e-29
 209.453819      0.662  38.361254    14.1102     7.4293      0.656    31.5963    23.5357 -9.990e-29
 209.453825      0.664  38.365062    14.1145     7.4285      0.658    31.5963    23.5348 -9.990e-29
 209.453831      0.664  38.369361    14.1170     7.4439      0.658    31.5982    23.5358 -9.990e-29
 209.453837      0.666  38.368649    14.1141     7.4525      0.660    31.5999    23.5377 -9.990e-29
 209.453843      0.671  38.363637    14.1085     7.4632      0.665    31.5999    23.5388 -9.990e-29
 209.453848      0.675  38.360511    14.1046     7.4694      0.669    31.6002    23.5399 -9.990e-29
 209.453854      0.673  38.361805    14.1046     7.4612      0.667    31.6014    23.5408 -9.990e-29
 209.453860      0.670  38.365295    14.1076     7.4506      0.664    31.6022    23.5407 -9.990e-29
 209.453866      0.669  38.368324    14.1103     7.4431      0.663    31.6027    23.5406 -9.990e-29
 209.453872      0.672  38.368182    14.1099     7.4446      0.666    31.6029    23.5409 -9.990e-29
 209.453877      0.678  38.364656    14.1078     7.4469      0.672    31.6014    23.5401 -9.990e-29
 209.453883      0.686  38.362551    14.1069     7.4424      0.680    31.6002    23.5394 -9.990e-29
 209.453889      0.699  38.363520    14.1062     7.4240      0.693    31.6017    23.5407 -9.990e-29
 209.453895      0.717  38.366588    14.1051     7.4303      0.711    31.6054    23.5437 -9.990e-29
 209.453900      0.736  38.370217    14.1056     7.4443      0.730    31.6083    23.5459 -9.990e-29
 209.453906      0.749  38.370814    14.1091     7.4375      0.743    31.6060    23.5434 -9.990e-29
 209.453912      0.757  38.370271    14.1152     7.4332      0.751    31.6005    23.5379 -9.990e-29
 209.453918      0.765  38.373445    14.1214     7.4249      0.759    31.5983    23.5349 -9.990e-29
 209.453924      0.773  38.382306    14.1267     7.4357      0.767    31.6021    23.5368 -9.990e-29
 209.453929      0.782  38.401918    14.1380     7.4523      0.775    31.6108    23.5411 -9.990e-29
 209.453935      0.793  38.425338    14.1610     7.4609      0.786    31.6134    23.5384 -9.990e-29
 209.453941      0.805  38.441729    14.1873     7.4782      0.798    31.6068    23.5280 -9.990e-29
 209.453947      0.816  38.457225    14.2048     7.4752      0.809    31.6067    23.5242 -9.990e-29
 209.453953      0.823  38.467246    14.2102     7.4453      0.816    31.6114    23.5268 -9.990e-29
 209.453958      0.824  38.461592    14.2053     7.4375      0.817    31.6103    23.5269 -9.990e-29
 209.453964      0.821  38.447280    14.1939     7.4459      0.814    31.6065    23.5264 -9.990e-29
 209.453970      0.814  38.437715    14.1841     7.4611      0.807    31.6058    23.5278 -9.990e-29
 209.453976      0.805  38.439175    14.1829     7.4648      0.798    31.6081    23.5299 -9.990e-29
 209.453981      0.804  38.450219    14.1894     7.4373      0.797    31.6129    23.5322 -9.990e-29
 209.453987      0.809  38.463683    14.1985     7.4286      0.802    31.6178    23.5341 -9.990e-29
 209.453993      0.814  38.472833    14.2047     7.4425      0.807    31.6210    23.5353 -9.990e-29
 209.453999      0.813  38.475272    14.2060     7.4652      0.806    31.6222    23.5360 -9.990e-29
 209.454005      0.811  38.471989    14.2059     7.4762      0.804    31.6193    23.5337 -9.990e-29
 209.454010      0.817  38.469235    14.2071     7.4582      0.810    31.6158    23.5308 -9.990e-29
 209.454016      0.831  38.464997    14.2062     7.4267      0.824    31.6126    23.5286 -9.990e-29
 209.454022      0.845  38.444630    14.1969     7.4142      0.838    31.6016    23.5220 -9.990e-29
