data/oxygen options/OCNMS/OCNMS1/raw_data/2009/CTD_CE015_081109faed.cnv
* Sea-Bird SBE19 Data File:
* FileName = C:\2009_MOORING_DATA\081109\CTD_CE015_081109.hex
* Software Version 1.24
* Temperature SN = 2997
* Conductivity SN = 2997
* System UpLoad Time = Aug 11 2009 15:33:01
* SEACAT PROFILER V3.1c SN 2997   08/11/09  15:32:19.276
* strain gauge pressure sensor: S/N = 184829,  range = 3000 psia,  tc = 40
# nquan = 9                                 
# nvalues = 2464                        
# units = specified
# name 0 = timeJ: Julian Days
# name 1 = prSM: Pressure, Strain Gauge [db]
# name 2 = c0mS/cm: Conductivity [mS/cm]
# name 3 = t090C: Temperature [ITS-90, deg C]
# name 4 = sbeox0ML/L: Oxygen, SBE 43 [ml/l]
# name 5 = depSM: Depth [salt water, m], lat = 47.5
# name 6 = sal00: Salinity, Practical [PSU]
# name 7 = sigma-é00: Density [sigma-theta, kg/m^3]
# name 8 = flag: flag
# span 0 = 223.619907, 223.634161       
# span 1 =     -5.449,     16.766       
# span 2 =   0.230911,  41.761596       
# span 3 =    13.7631,    18.2478       
# span 4 =   -13.2264,    17.2967       
# span 5 =     -5.404,     16.625       
# span 6 =     0.1308,    32.8759       
# span 7 =    -1.3023,    24.5382       
# span 8 = 0.0000e+00, 0.0000e+00       
# interval = seconds: 0.5
# start_time = Aug 11 2009 14:52:40 [Instrument's time stamp, header]
# bad_flag = -9.990e-29
*END*
[from data line 481]
 223.622691     15.593  39.455446    13.9145     5.8225     15.462    32.7622    24.4763 -9.990e-29
 223.622697     15.608  39.440867    13.8968     5.8552     15.477    32.7638    24.4812 -9.990e-29
 223.622703     15.620  39.431588    13.8991     5.8955     15.489    32.7533    24.4725 -9.990e-29
 223.622708     15.627  39.430904    13.9151     5.9380     15.496    32.7390    24.4582 -9.990e-29
 223.622714     15.628  39.441614    13.9305     5.9767     15.497    32.7358    24.4526 -9.990e-29
 223.622720     15.624  39.458930    13.9426     5.9862     15.493    32.7415    24.4545 -9.990e-29
 223.622726     15.614  39.480526    13.9603     5.9399     15.483    32.7464    24.4547 -9.990e-29
 223.622731     15.598  39.504926    13.9852     5.9152     15.467    32.7477    24.4506 -9.990e-29
 223.622737     15.580  39.525235    14.0060     5.9164     15.449    32.7488    24.4471 -9.990e-29
 223.622743     15.570  39.538830    14.0181     5.9207     15.439    32.7511    24.4464 -9.990e-29
 223.622749     15.577  39.548717    14.0261     5.9085     15.446    32.7534    24.4465 -9.990e-29
 223.622755     15.592  39.550710    14.0316     5.8532     15.461    32.7505    24.4432 -9.990e-29
 223.622760     15.604  39.540746    14.0336     5.7992     15.473    32.7396    24.4343 -9.990e-29
 223.622766     15.609  39.531340    14.0335     5.7807     15.478    32.7310    24.4277 -9.990e-29
 223.622772     15.608  39.534629    14.0307     5.8151     15.477    32.7364    24.4325 -9.990e-29
 223.622778     15.604  39.538748    14.0226     5.8596     15.473    32.7471    24.4424 -9.990e-29
 223.622784     15.607  39.531819    14.0074     5.8956     15.476    32.7537    24.4506 -9.990e-29
 223.622789     15.615  39.515263    13.9914     5.8962     15.484    32.7520    24.4526 -9.990e-29
 223.622795     15.622  39.502335    13.9854     5.8630     15.491    32.7452    24.4485 -9.990e-29
 223.622801     15.623  39.505514    13.9877     5.8234     15.492    32.7461    24.4488 -9.990e-29
 223.622807     15.619  39.513347    13.9878     5.7887     15.488    32.7533    24.4543 -9.990e-29
 223.622813     15.613  39.515539    13.9834     5.7717     15.482    32.7591    24.4597 -9.990e-29
 223.622818     15.609  39.516146    13.9793     5.7569     15.478    32.7631    24.4637 -9.990e-29
 223.622824     15.603  39.516547    13.9769     5.7564     15.472    32.7655    24.4660 -9.990e-29
 223.622830     15.595  39.515040    13.9731     5.7640     15.464    32.7674    24.4682 -9.990e-29
 223.622836     15.592  39.510185    13.9655     5.7786     15.461    32.7694    24.4713 -9.990e-29
 223.622841     15.598  39.501124    13.9561     5.7963     15.467    32.7690    24.4730 -9.990e-29
 223.622847     15.610  39.489800    13.9495     5.7836     15.479    32.7642    24.4706 -9.990e-29
 223.622853     15.621  39.481865    13.9460     5.7604     15.490    32.7598    24.4680 -9.990e-29
 223.622859     15.625  39.479080    13.9431     5.7431     15.494    32.7597    24.4685 -9.990e-29
 223.622865     15.628  39.473251    13.9409     5.6997     15.497    32.7562    24.4662 -9.990e-29
 223.622870     15.635  39.463343    13.9403     5.6630     15.504    32.7475    24.4597 -9.990e-29
 223.622876     15.640  39.461382    13.9410     5.6283     15.509    32.7451    24.4576 -9.990e-29
 223.622882     15.642  39.469248    13.9409     5.6035     15.511    32.7525    24.4633 -9.990e-29
 223.622888     15.639  39.475571    13.9357     5.6162     15.508    32.7627    24.4724 -9.990e-29
 223.622894     15.635  39.471971    13.9213     5.6439     15.504    32.7717    24.4822 -9.990e-29
 223.622899     15.640  39.455901    13.8946     5.6770     15.509    32.7796    24.4938 -9.990e-29
 223.622905     15.653  39.425563    13.8606     5.6932     15.522    32.7805    24.5015 -9.990e-29
 223.622911     15.667  39.390972    13.8364     5.7077     15.536    32.7691    24.4977 -9.990e-29
 223.622917     15.677  39.373845    13.8304     5.7012     15.546    32.7584    24.4906 -9.990e-29
 223.622922     15.686  39.381621    13.8369     5.6894     15.554    32.7600    24.4905 -9.990e-29
 223.622928     15.693  39.400004    13.8491     5.6725     15.561    32.7666    24.4931 -9.990e-29
 223.622934     15.699  39.412586    13.8601     5.6394     15.567    32.7689    24.4926 -9.990e-29
 223.622940     15.704  39.418215    13.8669     5.5990     15.572    32.7683    24.4908 -9.990e-29
 223.622946     15.709  39.422723    13.8729     5.5962     15.577    32.7674    24.4888 -9.990e-29
 223.622951     15.714  39.427088    13.8769     5.6216     15.582    32.7680    24.4885 -9.990e-29
 223.622957     15.718  39.424802    13.8707     5.6854     15.586    32.7712    24.4922 -9.990e-29
 223.622963     15.724  39.408903    13.8555     5.7672     15.592    32.7694    24.4940 -9.990e-29
 223.622969     15.725  39.390160    13.8470     5.8234     15.593    32.7593    24.4879 -9.990e-29
 223.622975     15.715  39.390681    13.8589     5.8474     15.583    32.7496    24.4780 -9.990e-29
 223.622980     15.693  39.412847    13.8863     5.8130     15.561    32.7468    24.4702 -9.990e-29
 223.622986     15.665  39.437443    13.9123     5.7532     15.534    32.7474    24.4653 -9.990e-29
 223.622992     15.638  39.454667    13.9269     5.6732     15.507    32.7509    24.4650 -9.990e-29
 223.622998     15.620  39.466755    13.9311     5.6367     15.489    32.7585    24.4700 -9.990e-29
 223.623003     15.612  39.472461    13.9282     5.6385     15.481    32.7663    24.4766 -9.990e-29
 223.623009     15.616  39.471556    13.9196     5.6266     15.485    32.7728    24.4834 -9.990e-29
 223.623015     15.630  39.466205    13.9048     5.6429     15.499    32.7804    24.4924 -9.990e-29
 223.623021     15.653  39.451523    13.8834     5.6559     15.522    32.7851    24.5004 -9.990e-29
 223.623027     15.676  39.427001    13.8590     5.6851     15.545    32.7832    24.5039 -9.990e-29
 223.623032     15.696  39.401999    13.8375     5.7140     15.564    32.7784    24.5046 -9.990e-29
 223.623038     15.712  39.381306    13.8285     5.7273     15.580    32.7669    24.4975 -9.990e-29
 223.623044     15.714  39.377700    13.8367     5.7476     15.582    32.7565    24.4879 -9.990e-29
 223.623050     15.704  39.395346    13.8518     5.7496     15.572    32.7600    24.4875 -9.990e-29
 223.623056     15.694  39.414611    13.8624     5.7532     15.562    32.7688    24.4921 -9.990e-29
 223.623061     15.691  39.425312    13.8688     5.7313     15.559    32.7733    24.4942 -9.990e-29
 223.623067     15.691  39.427713    13.8761     5.6999     15.559    32.7693    24.4896 -9.990e-29
 223.623073     15.690  39.428951    13.8870     5.6843     15.558    32.7611    24.4811 -9.990e-29
 223.623079     15.688  39.436291    13.8971     5.6684     15.556    32.7593    24.4776 -9.990e-29
 223.623084     15.688  39.443833    13.8997     5.6688     15.556    32.7641    24.4808 -9.990e-29
 223.623090     15.696  39.442022    13.8952     5.6944     15.564    32.7662    24.4834 -9.990e-29
 223.623096     15.706  39.431816    13.8898     5.7243     15.574    32.7614    24.4807 -9.990e-29
 223.623102     15.717  39.427087    13.8851     5.7486     15.585    32.7610    24.4814 -9.990e-29
 223.623108     15.727  39.425462    13.8756     5.7615     15.595    32.7676    24.4884 -9.990e-29
 223.623113     15.739  39.414128    13.8641     5.7510     15.607    32.7669    24.4903 -9.990e-29
 223.623119     15.749  39.404333    13.8614     5.7351     15.617    32.7601    24.4856 -9.990e-29
 223.623125     15.747  39.411055    13.8681     5.7363     15.615    32.7606    24.4846 -9.990e-29
 223.623131     15.736  39.425319    13.8762     5.7425     15.604    32.7669    24.4878 -9.990e-29
 223.623137     15.722  39.435880    13.8810     5.7263     15.590    32.7726    24.4912 -9.990e-29
 223.623142     15.708  39.441130    13.8822     5.6894     15.576    32.7765    24.4940 -9.990e-29
 223.623148     15.694  39.440233    13.8833     5.6682     15.562    32.7747    24.4924 -9.990e-29
 223.623154     15.679  39.439850    13.8870     5.6596     15.548    32.7712    24.4889 -9.990e-29
 223.623160     15.667  39.443963    13.8901     5.6430     15.536    32.7724    24.4892 -9.990e-29
 223.623166     15.668  39.446852    13.8853     5.6339     15.537    32.7792    24.4954 -9.990e-29
 223.623171     15.693  39.441729    13.8653     5.6018     15.561    32.7915    24.5090 -9.990e-29
 223.623177     15.734  39.421772    13.8298     5.5796     15.602    32.8033    24.5254 -9.990e-29
 223.623183     15.776  39.388974    13.7950     5.5938     15.644    32.8026    24.5320 -9.990e-29
 223.623189     15.805  39.362397    13.7806     5.6303     15.672    32.7902    24.5254 -9.990e-29
 223.623194     15.810  39.357621    13.7869     5.6499     15.677    32.7804    24.5165 -9.990e-29
 223.623200     15.791  39.366598    13.8020     5.6562     15.659    32.7758    24.5099 -9.990e-29
 223.623206     15.765  39.377193    13.8188     5.6627     15.633    32.7713    24.5030 -9.990e-29
 223.623212     15.750  39.388408    13.8321     5.6765     15.618    32.7704    24.4995 -9.990e-29
 223.623218     15.751  39.397271    13.8385     5.6847     15.619    32.7731    24.5003 -9.990e-29
 223.623223     15.758  39.399914    13.8410     5.6772     15.626    32.7734    24.5001 -9.990e-29
 223.623229     15.769  39.401552    13.8424     5.6497     15.637    32.7738    24.5000 -9.990e-29
 223.623235     15.783  39.406062    13.8440     5.6309     15.651    32.7766    24.5019 -9.990e-29
 223.623241     15.802  39.411054    13.8463     5.6383     15.670    32.7792    24.5034 -9.990e-29
 223.623247     15.822  39.414785    13.8493     5.6607     15.689    32.7801    24.5035 -9.990e-29
 223.623252     15.837  39.418314    13.8517     5.6787     15.704    32.7813    24.5040 -9.990e-29
 223.623258     15.842  39.415701    13.8518     5.7010     15.709    32.7788    24.5020 -9.990e-29
 223.623264     15.839  39.404593    13.8527     5.6983     15.706    32.7678    24.4933 -9.990e-29
 223.623270     15.827  39.401583    13.8590     5.6841     15.694    32.7596    24.4857 -9.990e-29
 223.623275     15.805  39.411634    13.8695     5.6752     15.672    32.7600    24.4838 -9.990e-29
 223.623281     15.776  39.422929    13.8792     5.6598     15.644    32.7622    24.4835 -9.990e-29
 223.623287     15.751  39.430916    13.8830     5.6660     15.619    32.7663    24.4859 -9.990e-29
 223.623293     15.742  39.434484    13.8792     5.6576     15.610    32.7729    24.4918 -9.990e-29
 223.623299     15.747  39.429990    13.8697     5.6545     15.615    32.7768    24.4968 -9.990e-29
 223.623304     15.759  39.419861    13.8607     5.6613     15.627    32.7751    24.4973 -9.990e-29
 223.623310     15.775  39.414146    13.8582     5.6673     15.643    32.7719    24.4954 -9.990e-29
 223.623316     15.789  39.415882    13.8601     5.6792     15.657    32.7719    24.4950 -9.990e-29
 223.623322     15.801  39.418420    13.8605     5.6947     15.669    32.7739    24.4964 -9.990e-29
 223.623328     15.813  39.418985    13.8582     5.7135     15.680    32.7764    24.4988 -9.990e-29
 223.623333     15.828  39.418899    13.8559     5.7583     15.695    32.7783    24.5007 -9.990e-29
 223.623339     15.838  39.418617    13.8565     5.8095     15.705    32.7775    24.5000 -9.990e-29
 223.623345     15.838  39.420015    13.8621     5.8541     15.705    32.7740    24.4962 -9.990e-29
 223.623351     15.830  39.424963    13.8727     5.8734     15.697    32.7696    24.4906 -9.990e-29
 223.623356     15.812  39.432778    13.8864     5.8119     15.679    32.7651    24.4843 -9.990e-29
 223.623362     15.783  39.442117    13.9029     5.7024     15.651    32.7597    24.4767 -9.990e-29
 223.623368     15.746  39.453669    13.9219     5.5745     15.614    32.7542    24.4686 -9.990e-29
 223.623374     15.712  39.467149    13.9386     5.4625     15.580    32.7525    24.4638 -9.990e-29
 223.623380     15.694  39.482043    13.9492     5.4211     15.562    32.7572    24.4653 -9.990e-29
 223.623385     15.701  39.492432    13.9498     5.4478     15.569    32.7663    24.4722 -9.990e-29
 223.623391     15.729  39.481909    13.9347     5.5175     15.597    32.7694    24.4777 -9.990e-29
 223.623397     15.771  39.447103    13.9058     5.6485     15.639    32.7618    24.4778 -9.990e-29
 223.623403     15.817  39.407770    13.8712     5.7841     15.684    32.7549    24.4796 -9.990e-29
 223.623409     15.856  39.380801    13.8376     5.8857     15.723    32.7586    24.4893 -9.990e-29
 223.623414     15.888  39.365556    13.8122     5.9361     15.755    32.7661    24.5003 -9.990e-29
 223.623420     15.909  39.358893    13.8083     5.9091     15.776    32.7633    24.4989 -9.990e-29
 223.623426     15.914  39.367055    13.8377     5.8512     15.781    32.7457    24.4793 -9.990e-29
 223.623432     15.897  39.398482    13.8888     5.7880     15.764    32.7313    24.4577 -9.990e-29
 223.623437     15.861  39.443492    13.9343     5.7583     15.728    32.7342    24.4506 -9.990e-29
 223.623443     15.818  39.478007    13.9620     5.7553     15.685    32.7425    24.4513 -9.990e-29
 223.623449     15.778  39.495357    13.9755     5.7598     15.646    32.7471    24.4521 -9.990e-29
 223.623455     15.746  39.504105    13.9799     5.7652     15.614    32.7514    24.4545 -9.990e-29
 223.623461     15.730  39.507507    13.9789     5.7563     15.598    32.7554    24.4578 -9.990e-29
 223.623466     15.727  39.505049    13.9756     5.7372     15.595    32.7560    24.4589 -9.990e-29
 223.623472     15.729  39.500738    13.9717     5.7188     15.597    32.7553    24.4592 -9.990e-29
 223.623478     15.737  39.497793    13.9660     5.7230     15.605    32.7574    24.4620 -9.990e-29
 223.623484     15.756  39.491159    13.9534     5.7313     15.624    32.7620    24.4682 -9.990e-29
 223.623490     15.781  39.473107    13.9311     5.7500     15.649    32.7643    24.4745 -9.990e-29
 223.623495     15.806  39.439186    13.9086     5.7692     15.673    32.7521    24.4697 -9.990e-29
 223.623501     15.820  39.412558    13.8978     5.7796     15.687    32.7367    24.4600 -9.990e-29
 223.623507     15.816  39.418257    13.8985     5.7460     15.683    32.7413    24.4635 -9.990e-29
 223.623513     15.797  39.436963    13.9061     5.6804     15.665    32.7522    24.4703 -9.990e-29
 223.623519     15.770  39.451563    13.9195     5.5649     15.638    32.7543    24.4692 -9.990e-29
 223.623524     15.743  39.464700    13.9334     5.4623     15.611    32.7546    24.4666 -9.990e-29
 223.623530     15.723  39.475390    13.9412     5.4137     15.591    32.7579    24.4675 -9.990e-29
 223.623536     15.720  39.481066    13.9390     5.4075     15.588    32.7650    24.4734 -9.990e-29
 223.623542     15.743  39.474717    13.9197     5.4635     15.611    32.7756    24.4856 -9.990e-29
 223.623547     15.786  39.449559    13.8806     5.5374     15.654    32.7856    24.5013 -9.990e-29
 223.623553     15.833  39.409046    13.8324     5.6107     15.700    32.7892    24.5140 -9.990e-29
 223.623559     15.876  39.368668    13.7940     5.6948     15.743    32.7846    24.5183 -9.990e-29
 223.623565     15.903  39.347457    13.7802     5.7615     15.770    32.7767    24.5150 -9.990e-29
 223.623571     15.904  39.350755    13.7905     5.7960     15.771    32.7709    24.5084 -9.990e-29
 223.623576     15.883  39.369488    13.8153     5.8131     15.750    32.7671    24.5004 -9.990e-29
 223.623582     15.852  39.393870    13.8475     5.7999     15.719    32.7623    24.4901 -9.990e-29
 223.623588     15.816  39.417727    13.8805     5.7811     15.683    32.7562    24.4786 -9.990e-29
 223.623594     15.783  39.438670    13.9068     5.7676     15.651    32.7532    24.4709 -9.990e-29
 223.623600     15.759  39.457716    13.9250     5.7505     15.627    32.7553    24.4688 -9.990e-29
 223.623605     15.751  39.471670    13.9360     5.7097     15.619    32.7588    24.4693 -9.990e-29
