data/oxygen options/OCNMS/OCNMS1/raw_data/2009/CTD_CA065_090209faed.cnv
* Sea-Bird SBE19 Data File:
* FileName = C:\2009_MOORING_DATA\090209_data\CTD_CA065_090209.hex
* Software Version 1.24
* Temperature SN = 2997
* Conductivity SN = 2997
* System UpLoad Time = Sep 02 2009 17:29:35
* SEACAT PROFILER V3.1c SN 2997   09/02/09  17:28:47.580
* strain gauge pressure sensor: S/N = 184829,  range = 3000 psia,  tc = 40
# nquan = 9                                 
# nvalues = 2068                        
# units = specified
# name 0 = timeJ: Julian Days
# name 1 = prSM: Pressure, Strain Gauge [db]
# name 2 = c0mS/cm: Conductivity [mS/cm]
# name 3 = t090C: Temperature [ITS-90, deg C]
# name 4 = sbeox0ML/L: Oxygen, SBE 43 [ml/l]
# name 5 = depSM: Depth [salt water, m], lat = 47.5
# name 6 = sal00: Salinity, Practical [PSU]
# name 7 = sigma-é00: Density [sigma-theta, kg/m^3]
# name 8 = flag: flag
# span 0 = 245.626597, 245.638559       
# span 1 =     -5.609,     66.141       
# span 2 =   0.557930,  39.673579       
# span 3 =     7.3512,    18.4257       
# span 4 =    -1.5530,    13.8280       
# span 5 =     -5.562,     65.578       
# span 6 =     0.3126,    33.8035       
# span 7 =    -1.2313,    26.4280       
# span 8 = 0.0000e+00, 0.0000e+00       
# interval = seconds: 0.5
# start_time = Sep 02 2009 15:02:18 [Instrument's time stamp, header]
# bad_flag = -9.990e-29
*END*
[from data line 801]
 245.631233     63.842  34.541160     7.3555     1.1581     63.299    33.7998    26.4249 -9.990e-29
 245.631238     63.821  34.541304     7.3554     1.1606     63.279    33.8001    26.4252 -9.990e-29
 245.631244     63.811  34.541120     7.3549     1.1631     63.269    33.8004    26.4255 -9.990e-29
 245.631250     63.810  34.540356     7.3544     1.1570     63.268    33.8000    26.4253 -9.990e-29
 245.631256     63.818  34.539661     7.3543     1.1495     63.276    33.7994    26.4248 -9.990e-29
 245.631262     63.832  34.539220     7.3544     1.1580     63.289    33.7988    26.4243 -9.990e-29
 245.631267     63.844  34.538996     7.3543     1.1629     63.301    33.7986    26.4242 -9.990e-29
 245.631273     63.850  34.539241     7.3538     1.1594     63.307    33.7994    26.4248 -9.990e-29
 245.631279     63.855  34.539712     7.3532     1.1630     63.312    33.8005    26.4258 -9.990e-29
 245.631285     63.868  34.539907     7.3530     1.1606     63.325    33.8009    26.4261 -9.990e-29
 245.631291     63.890  34.539518     7.3532     1.1630     63.347    33.8002    26.4256 -9.990e-29
 245.631296     63.910  34.539137     7.3534     1.1570     63.367    33.7996    26.4251 -9.990e-29
 245.631302     63.915  34.539367     7.3537     1.1411     63.372    33.7996    26.4250 -9.990e-29
 245.631308     63.906  34.539944     7.3547     1.1471     63.363    33.7992    26.4246 -9.990e-29
 245.631314     63.896  34.540506     7.3557     1.1521     63.353    33.7989    26.4242 -9.990e-29
 245.631319     63.892  34.540676     7.3556     1.1595     63.349    33.7992    26.4244 -9.990e-29
 245.631325     63.894  34.540111     7.3546     1.1620     63.351    33.7995    26.4248 -9.990e-29
 245.631331     63.906  34.539170     7.3536     1.1570     63.363    33.7995    26.4249 -9.990e-29
 245.631337     63.929  34.538828     7.3534     1.1570     63.386    33.7993    26.4248 -9.990e-29
 245.631343     63.953  34.539180     7.3536     1.1570     63.409    33.7995    26.4249 -9.990e-29
 245.631348     63.969  34.539566     7.3538     1.1569     63.425    33.7997    26.4251 -9.990e-29
 245.631354     63.983  34.539929     7.3543     1.1569     63.439    33.7996    26.4249 -9.990e-29
 245.631360     64.000  34.540184     7.3546     1.1569     63.456    33.7996    26.4249 -9.990e-29
 245.631366     64.022  34.540102     7.3545     1.1570     63.478    33.7996    26.4249 -9.990e-29
 245.631372     64.045  34.540127     7.3545     1.1570     63.501    33.7996    26.4249 -9.990e-29
 245.631377     64.058  34.540281     7.3548     1.1570     63.514    33.7994    26.4247 -9.990e-29
 245.631383     64.054  34.540198     7.3551     1.1485     63.510    33.7991    26.4244 -9.990e-29
 245.631389     64.036  34.540318     7.3553     1.1545     63.492    33.7990    26.4243 -9.990e-29
 245.631395     64.012  34.540793     7.3559     1.1571     63.468    33.7989    26.4242 -9.990e-29
 245.631400     63.989  34.541128     7.3566     1.1511     63.445    33.7986    26.4239 -9.990e-29
 245.631406     63.969  34.541199     7.3569     1.1511     63.425    33.7984    26.4237 -9.990e-29
 245.631412     63.956  34.541093     7.3566     1.1460     63.412    33.7986    26.4238 -9.990e-29
 245.631418     63.953  34.540660     7.3556     1.1485     63.409    33.7991    26.4244 -9.990e-29
 245.631424     63.956  34.539875     7.3549     1.1534     63.412    33.7989    26.4243 -9.990e-29
 245.631429     63.960  34.539363     7.3549     1.1535     63.416    33.7984    26.4239 -9.990e-29
 245.631435     63.966  34.539549     7.3549     1.1535     63.422    33.7986    26.4241 -9.990e-29
 245.631441     63.974  34.539553     7.3544     1.1535     63.430    33.7991    26.4245 -9.990e-29
 245.631447     63.985  34.538812     7.3534     1.1535     63.441    33.7992    26.4248 -9.990e-29
 245.631453     63.995  34.538007     7.3526     1.1450     63.451    33.7991    26.4248 -9.990e-29
 245.631458     63.996  34.537737     7.3527     1.1425     63.452    33.7988    26.4245 -9.990e-29
 245.631464     63.984  34.538190     7.3534     1.1425     63.440    33.7986    26.4243 -9.990e-29
 245.631470     63.962  34.538841     7.3538     1.1450     63.418    33.7989    26.4245 -9.990e-29
 245.631476     63.942  34.538867     7.3536     1.1499     63.399    33.7991    26.4247 -9.990e-29
 245.631481     63.936  34.538297     7.3531     1.1499     63.393    33.7990    26.4246 -9.990e-29
 245.631487     63.943  34.537669     7.3529     1.1499     63.400    33.7985    26.4243 -9.990e-29
 245.631493     63.955  34.537261     7.3530     1.1499     63.411    33.7980    26.4238 -9.990e-29
 245.631499     63.964  34.537268     7.3527     1.1415     63.420    33.7983    26.4241 -9.990e-29
 245.631505     63.967  34.537684     7.3526     1.1475     63.423    33.7988    26.4246 -9.990e-29
 245.631510     63.967  34.538121     7.3529     1.1584     63.423    33.7990    26.4247 -9.990e-29
 245.631516     63.970  34.538594     7.3530     1.1549     63.426    33.7994    26.4250 -9.990e-29
 245.631522     63.975  34.539164     7.3533     1.1548     63.431    33.7997    26.4252 -9.990e-29
 245.631528     63.983  34.539464     7.3542     1.1560     63.439    33.7992    26.4246 -9.990e-29
 245.631534     63.995  34.539325     7.3549     1.1475     63.451    33.7983    26.4239 -9.990e-29
 245.631539     64.010  34.539114     7.3551     1.1500     63.466    33.7979    26.4235 -9.990e-29
 245.631545     64.030  34.539100     7.3549     1.1474     63.486    33.7981    26.4237 -9.990e-29
 245.631551     64.053  34.538695     7.3545     1.1449     63.509    33.7980    26.4237 -9.990e-29
 245.631557     64.070  34.537910     7.3544     1.1498     63.525    33.7972    26.4231 -9.990e-29
 245.631563     64.078  34.537932     7.3546     1.1498     63.533    33.7971    26.4229 -9.990e-29
 245.631568     64.079  34.538779     7.3549     1.1414     63.534    33.7977    26.4234 -9.990e-29
 245.631574     64.073  34.539333     7.3547     1.1389     63.528    33.7985    26.4240 -9.990e-29
 245.631580     64.062  34.539202     7.3542     1.1390     63.517    33.7988    26.4244 -9.990e-29
 245.631586     64.051  34.538763     7.3542     1.1499     63.507    33.7984    26.4240 -9.990e-29
 245.631591     64.035  34.538544     7.3550     1.1404     63.491    33.7974    26.4231 -9.990e-29
 245.631597     64.009  34.538803     7.3561     1.1440     63.465    33.7966    26.4223 -9.990e-29
 245.631603     63.974  34.539317     7.3568     1.1441     63.430    33.7965    26.4221 -9.990e-29
 245.631609     63.943  34.539641     7.3568     1.1440     63.400    33.7968    26.4224 -9.990e-29
 245.631615     63.924  34.539642     7.3564     1.1515     63.381    33.7972    26.4228 -9.990e-29
 245.631620     63.923  34.539311     7.3556     1.1380     63.380    33.7977    26.4232 -9.990e-29
 245.631626     63.938  34.538760     7.3547     1.1355     63.395    33.7979    26.4236 -9.990e-29
 245.631632     63.971  34.538365     7.3543     1.1439     63.427    33.7979    26.4236 -9.990e-29
 245.631638     64.018  34.538153     7.3541     1.1318     63.474    33.7978    26.4236 -9.990e-29
 245.631644     64.076  34.537832     7.3536     1.1488     63.531    33.7979    26.4237 -9.990e-29
 245.631649     64.139  34.537525     7.3530     1.1512     63.594    33.7982    26.4240 -9.990e-29
 245.631655     64.202  34.537374     7.3528     1.1512     63.656    33.7982    26.4240 -9.990e-29
 245.631661     64.256  34.537167     7.3530     1.1562     63.710    33.7977    26.4236 -9.990e-29
 245.631667     64.288  34.537178     7.3533     1.1463     63.742    33.7974    26.4234 -9.990e-29
 245.631672     64.292  34.537412     7.3537     1.1464     63.745    33.7973    26.4232 -9.990e-29
 245.631678     64.267  34.537613     7.3543     1.1549     63.721    33.7969    26.4228 -9.990e-29
 245.631684     64.212  34.538039     7.3549     1.1575     63.666    33.7968    26.4227 -9.990e-29
 245.631690     64.132  34.538690     7.3555     1.1575     63.587    33.7970    26.4227 -9.990e-29
 245.631696     64.043  34.539305     7.3557     1.1466     63.499    33.7975    26.4231 -9.990e-29
 245.631701     63.962  34.539577     7.3555     1.1391     63.418    33.7980    26.4235 -9.990e-29
 245.631707     63.900  34.539303     7.3551     1.1475     63.357    33.7982    26.4237 -9.990e-29
 245.631713     63.865  34.538670     7.3546     1.1439     63.322    33.7980    26.4236 -9.990e-29
 245.631719     63.860  34.537944     7.3540     1.1464     63.317    33.7978    26.4235 -9.990e-29
 245.631725     63.886  34.537271     7.3533     1.1354     63.343    33.7977    26.4236 -9.990e-29
 245.631730     63.938  34.536865     7.3526     1.1305     63.395    33.7979    26.4239 -9.990e-29
 245.631736     64.007  34.536736     7.3522     1.1354     63.463    33.7981    26.4241 -9.990e-29
 245.631742     64.082  34.536703     7.3521     1.1379     63.537    33.7982    26.4241 -9.990e-29
 245.631748     64.144  34.536712     7.3522     1.1429     63.599    33.7981    26.4240 -9.990e-29
 245.631753     64.178  34.536764     7.3525     1.1429     63.632    33.7978    26.4238 -9.990e-29
 245.631759     64.175  34.536920     7.3527     1.1514     63.630    33.7978    26.4237 -9.990e-29
 245.631765     64.146  34.537379     7.3528     1.1454     63.601    33.7982    26.4240 -9.990e-29
 245.631771     64.108  34.538183     7.3532     1.1344     63.563    33.7987    26.4244 -9.990e-29
 245.631777     64.078  34.538717     7.3538     1.1379     63.533    33.7987    26.4243 -9.990e-29
 245.631782     64.056  34.538564     7.3540     1.1380     63.512    33.7984    26.4240 -9.990e-29
 245.631788     64.043  34.538073     7.3537     1.1454     63.499    33.7981    26.4239 -9.990e-29
 245.631794     64.040  34.537700     7.3533     1.1479     63.496    33.7981    26.4239 -9.990e-29
 245.631800     64.054  34.537501     7.3529     1.1514     63.510    33.7983    26.4241 -9.990e-29
 245.631806     64.079  34.537201     7.3529     1.1539     63.534    33.7979    26.4238 -9.990e-29
 245.631811     64.109  34.536951     7.3534     1.1538     63.564    33.7972    26.4231 -9.990e-29
 245.631817     64.138  34.536971     7.3539     1.1429     63.593    33.7967    26.4227 -9.990e-29
 245.631823     64.163  34.537277     7.3543     1.1354     63.618    33.7966    26.4226 -9.990e-29
 245.631829     64.181  34.537709     7.3544     1.1354     63.635    33.7970    26.4229 -9.990e-29
 245.631834     64.194  34.537712     7.3540     1.1379     63.648    33.7974    26.4232 -9.990e-29
 245.631840     64.206  34.537283     7.3535     1.1427     63.660    33.7974    26.4233 -9.990e-29
 245.631846     64.210  34.536962     7.3535     1.1428     63.664    33.7970    26.4230 -9.990e-29
 245.631852     64.197  34.536871     7.3540     1.1429     63.651    33.7964    26.4225 -9.990e-29
 245.631858     64.172  34.536879     7.3545     1.1429     63.627    33.7960    26.4221 -9.990e-29
 245.631863     64.140  34.536988     7.3548     1.1345     63.595    33.7958    26.4219 -9.990e-29
 245.631869     64.108  34.537335     7.3549     1.1405     63.563    33.7961    26.4221 -9.990e-29
 245.631875     64.079  34.537815     7.3548     1.1429     63.534    33.7967    26.4226 -9.990e-29
 245.631881     64.052  34.537940     7.3548     1.1454     63.508    33.7969    26.4227 -9.990e-29
 245.631887     64.027  34.537868     7.3551     1.1478     63.483    33.7965    26.4224 -9.990e-29
 245.631892     64.008  34.538057     7.3554     1.1428     63.464    33.7965    26.4223 -9.990e-29
 245.631898     64.003  34.538189     7.3550     1.1428     63.459    33.7970    26.4228 -9.990e-29
 245.631904     64.020  34.537873     7.3542     1.1429     63.476    33.7974    26.4232 -9.990e-29
 245.631910     64.050  34.537239     7.3536     1.1514     63.506    33.7973    26.4232 -9.990e-29
 245.631916     64.084  34.536552     7.3532     1.1454     63.539    33.7969    26.4230 -9.990e-29
 245.631921     64.110  34.536006     7.3532     1.1430     63.565    33.7963    26.4225 -9.990e-29
 245.631927     64.118  34.535985     7.3534     1.1405     63.573    33.7961    26.4223 -9.990e-29
 245.631933     64.108  34.536450     7.3539     1.1380     63.563    33.7961    26.4223 -9.990e-29
 245.631939     64.087  34.536894     7.3546     1.1344     63.542    33.7959    26.4220 -9.990e-29
 245.631944     64.064  34.537341     7.3550     1.1404     63.519    33.7960    26.4220 -9.990e-29
 245.631950     64.049  34.537818     7.3548     1.1344     63.505    33.7968    26.4226 -9.990e-29
 245.631956     64.054  34.537833     7.3541     1.1344     63.510    33.7975    26.4233 -9.990e-29
 245.631962     64.080  34.537399     7.3536     1.1453     63.535    33.7975    26.4234 -9.990e-29
 245.631968     64.116  34.537047     7.3535     1.1453     63.571    33.7972    26.4231 -9.990e-29
 245.631973     64.146  34.536861     7.3536     1.1588     63.601    33.7968    26.4229 -9.990e-29
 245.631979     64.155  34.536582     7.3535     1.1587     63.610    33.7966    26.4227 -9.990e-29
 245.631985     64.136  34.536389     7.3535     1.1539     63.591    33.7964    26.4226 -9.990e-29
 245.631991     64.096  34.536575     7.3536     1.1514     63.551    33.7966    26.4226 -9.990e-29
 245.631997     64.048  34.536819     7.3535     1.1380     63.504    33.7969    26.4230 -9.990e-29
 245.632002     64.009  34.536879     7.3534     1.1355     63.465    33.7971    26.4231 -9.990e-29
 245.632008     63.982  34.536829     7.3536     1.1355     63.438    33.7969    26.4229 -9.990e-29
 245.632014     63.968  34.536594     7.3539     1.1380     63.424    33.7963    26.4224 -9.990e-29
 245.632020     63.964  34.536413     7.3540     1.1429     63.420    33.7961    26.4222 -9.990e-29
 245.632025     63.967  34.536596     7.3541     1.1429     63.423    33.7962    26.4223 -9.990e-29
 245.632031     63.971  34.536815     7.3543     1.1429     63.427    33.7962    26.4223 -9.990e-29
 245.632037     63.983  34.536793     7.3540     1.1429     63.439    33.7965    26.4225 -9.990e-29
 245.632043     64.006  34.536495     7.3534     1.1513     63.462    33.7967    26.4228 -9.990e-29
 245.632049     64.034  34.536074     7.3530     1.1537     63.490    33.7966    26.4228 -9.990e-29
 245.632054     64.056  34.536081     7.3530     1.1453     63.512    33.7966    26.4228 -9.990e-29
 245.632060     64.069  34.536515     7.3530     1.1488     63.524    33.7971    26.4232 -9.990e-29
 245.632066     64.073  34.536827     7.3530     1.1379     63.528    33.7974    26.4234 -9.990e-29
 245.632072     64.069  34.536863     7.3532     1.1465     63.524    33.7973    26.4233 -9.990e-29
 245.632078     64.057  34.536662     7.3538     1.1430     63.513    33.7965    26.4226 -9.990e-29
 245.632083     64.036  34.536507     7.3545     1.1379     63.492    33.7956    26.4218 -9.990e-29
 245.632089     64.008  34.536744     7.3550     1.1405     63.464    33.7954    26.4216 -9.990e-29
 245.632095     63.977  34.537119     7.3554     1.1295     63.433    33.7955    26.4215 -9.990e-29
 245.632101     63.940  34.537564     7.3556     1.1404     63.397    33.7958    26.4217 -9.990e-29
 245.632106     63.907  34.538103     7.3557     1.1344     63.364    33.7963    26.4221 -9.990e-29
 245.632112     63.895  34.538327     7.3554     1.1430     63.352    33.7968    26.4226 -9.990e-29
 245.632118     63.906  34.537967     7.3546     1.1479     63.363    33.7972    26.4230 -9.990e-29
 245.632124     63.936  34.537096     7.3537     1.1453     63.393    33.7971    26.4231 -9.990e-29
 245.632130     63.975  34.536224     7.3533     1.1563     63.431    33.7965    26.4227 -9.990e-29
 245.632135     64.013  34.535859     7.3535     1.1539     63.469    33.7959    26.4222 -9.990e-29
 245.632141     64.047  34.536065     7.3540     1.1453     63.503    33.7956    26.4219 -9.990e-29
 245.632147     64.081  34.536549     7.3546     1.1405     63.536    33.7956    26.4217 -9.990e-29
