data/oxygen options/OCNMS/OCNMS1/raw_data/2009/CTD_CE065_100809faed.cnv
* Sea-Bird SBE19 Data File:
* FileName = C:\2009_MOORING_DATA\100709_DATA\CTD_CE065_100809.hex
* Software Version 1.24
* Temperature SN = 2997
* Conductivity SN = 2997
* System UpLoad Time = Oct 08 2009 12:08:09
* SEACAT PROFILER V3.1c SN 2997   10/08/09  12:07:18.926
* strain gauge pressure sensor: S/N = 184829,  range = 3000 psia,  tc = 40
# nquan = 9                                 
# nvalues = 1642                        
# units = specified
# name 0 = timeJ: Julian Days
# name 1 = prSM: Pressure, Strain Gauge [db]
# name 2 = c0mS/cm: Conductivity [mS/cm]
# name 3 = t090C: Temperature [ITS-90, deg C]
# name 4 = sbeox0ML/L: Oxygen, SBE 43 [ml/l]
# name 5 = depSM: Depth [salt water, m], lat = 47.5
# name 6 = sal00: Salinity, Practical [PSU]
# name 7 = sigma-é00: Density [sigma-theta, kg/m^3]
# name 8 = flag: flag
# span 0 = 281.469479, 281.478976       
# span 1 =     -4.756,     67.323       
# span 2 =   0.026366,  37.127441       
# span 3 =     7.5520,    11.9648       
# span 4 =   -15.0182,    20.0769       
# span 5 =     -4.716,     66.750       
# span 6 =     0.0195,    33.7551       
# span 7 =    -0.4335,    26.3548       
# span 8 = 0.0000e+00, 0.0000e+00       
# interval = seconds: 0.5
# start_time = Oct 08 2009 11:16:03 [Instrument's time stamp, header]
# bad_flag = -9.990e-29
*END*
[from data line 961]
 281.475041      2.870  36.995311    11.5752     7.6375      2.846    32.4517    24.6888 -9.990e-29
 281.475046      2.864  37.001750    11.5849     7.6513      2.840    32.4495    24.6853 -9.990e-29
 281.475052      2.850  37.006381    11.5923     7.6637      2.826    32.4476    24.6825 -9.990e-29
 281.475058      2.837  37.008065    11.5960     7.6913      2.813    32.4460    24.6805 -9.990e-29
 281.475064      2.828  37.010146    11.5982     7.7156      2.804    32.4461    24.6802 -9.990e-29
 281.475069      2.821  37.012582    11.5996     7.7218      2.797    32.4472    24.6809 -9.990e-29
 281.475075      2.817  37.014118    11.6008     7.6836      2.793    32.4477    24.6810 -9.990e-29
 281.475081      2.815  37.016783    11.6038     7.6309      2.791    32.4477    24.6804 -9.990e-29
 281.475087      2.816  37.023556    11.6109     7.6140      2.792    32.4480    24.6794 -9.990e-29
 281.475093      2.819  37.031683    11.6214     7.6639      2.795    32.4468    24.6765 -9.990e-29
 281.475098      2.824  37.037415    11.6297     7.7497      2.800    32.4451    24.6737 -9.990e-29
 281.475104      2.832  37.038855    11.6292     7.8273      2.808    32.4469    24.6752 -9.990e-29
 281.475110      2.844  37.033431    11.6206     7.8372      2.820    32.4492    24.6785 -9.990e-29
 281.475116      2.855  37.025110    11.6167     7.7763      2.831    32.4445    24.6756 -9.990e-29
 281.475122      2.858  37.026329    11.6278     7.6799      2.834    32.4359    24.6670 -9.990e-29
 281.475127      2.849  37.039819    11.6476     7.6097      2.825    32.4318    24.6601 -9.990e-29
 281.475133      2.831  37.054964    11.6642     7.6269      2.807    32.4320    24.6573 -9.990e-29
 281.475139      2.817  37.064484    11.6709     7.7266      2.793    32.4354    24.6587 -9.990e-29
 281.475145      2.818  37.066492    11.6609     7.8658      2.794    32.4461    24.6688 -9.990e-29
 281.475150      2.834  37.055250    11.6368     7.9553      2.810    32.4563    24.6811 -9.990e-29
 281.475156      2.854  37.035377    11.6230     7.9825      2.830    32.4490    24.6779 -9.990e-29
 281.475162      2.861  37.030247    11.6356     7.9576      2.837    32.4329    24.6632 -9.990e-29
 281.475168      2.852  37.045895    11.6621     7.9288      2.828    32.4250    24.6522 -9.990e-29
 281.475174      2.839  37.066734    11.6856     7.8979      2.815    32.4248    24.6477 -9.990e-29
 281.475179      2.830  37.083545    11.7014     7.8502      2.806    32.4273    24.6468 -9.990e-29
 281.475185      2.824  37.091834    11.7091     7.7835      2.800    32.4286    24.6464 -9.990e-29
 281.475191      2.821  37.090872    11.7114     7.7278      2.797    32.4257    24.6437 -9.990e-29
 281.475197      2.820  37.087777    11.7116     7.7113      2.796    32.4225    24.6412 -9.990e-29
 281.475203      2.822  37.086820    11.7083     7.7200      2.798    32.4245    24.6433 -9.990e-29
 281.475208      2.826  37.084469    11.6987     7.7710      2.802    32.4306    24.6498 -9.990e-29
 281.475214      2.834  37.077579    11.6853     7.8278      2.810    32.4356    24.6562 -9.990e-29
 281.475220      2.844  37.067041    11.6756     7.8973      2.820    32.4338    24.6566 -9.990e-29
 281.475226      2.855  37.057849    11.6744     7.9727      2.831    32.4259    24.6506 -9.990e-29
 281.475231      2.857  37.056228    11.6796     8.0213      2.833    32.4198    24.6449 -9.990e-29
 281.475237      2.847  37.061124    11.6863     8.0412      2.823    32.4187    24.6429 -9.990e-29
 281.475243      2.825  37.068405    11.6959     8.0241      2.801    32.4174    24.6401 -9.990e-29
 281.475249      2.792  37.079360    11.7146     7.9813      2.769    32.4117    24.6323 -9.990e-29
 281.475255      2.764  37.095130    11.7414     7.8999      2.741    32.4037    24.6211 -9.990e-29
 281.475260      2.757  37.112630    11.7690     7.8224      2.734    32.3966    24.6106 -9.990e-29
 281.475266      2.770  37.126038    11.7880     7.8077      2.747    32.3931    24.6043 -9.990e-29
 281.475272      2.795  37.127441    11.7928     7.8477      2.772    32.3902    24.6012 -9.990e-29
 281.475278      2.825  37.120384    11.7884     7.9100      2.801    32.3872    24.5997 -9.990e-29
 281.475284      2.853  37.114506    11.7807     7.9375      2.829    32.3882    24.6019 -9.990e-29
 281.475289      2.873  37.107565    11.7724     7.8938      2.849    32.3887    24.6038 -9.990e-29
 281.475295      2.882  37.098697    11.7686     7.7728      2.858    32.3834    24.6004 -9.990e-29
 281.475301      2.880  37.095684    11.7713     7.6125      2.856    32.3781    24.5958 -9.990e-29
 281.475307      2.868  37.101783    11.7772     7.4732      2.844    32.3789    24.5953 -9.990e-29
 281.475312      2.848  37.108857    11.7797     7.4177      2.824    32.3836    24.5985 -9.990e-29
 281.475318      2.833  37.110632    11.7701     7.4782      2.809    32.3937    24.6081 -9.990e-29
 281.475324      2.830  37.105541    11.7389     7.5940      2.806    32.4159    24.6311 -9.990e-29
 281.475330      2.834  37.084546    11.6847     7.7038      2.810    32.4429    24.6619 -9.990e-29
 281.475336      2.841  37.049349    11.6290     7.7246      2.817    32.4573    24.6834 -9.990e-29
 281.475341      2.848  37.025315    11.6050     7.6523      2.824    32.4549    24.6859 -9.990e-29
 281.475347      2.842  37.027457    11.6202     7.5288      2.818    32.4437    24.6744 -9.990e-29
 281.475353      2.819  37.041792    11.6485     7.4331      2.795    32.4329    24.6608 -9.990e-29
 281.475359      2.794  37.050979    11.6624     7.4266      2.771    32.4297    24.6558 -9.990e-29
 281.475365      2.783  37.051010    11.6531     7.5206      2.760    32.4379    24.6638 -9.990e-29
 281.475370      2.789  37.041922    11.6252     7.6507      2.766    32.4534    24.6810 -9.990e-29
 281.475376      2.812  37.023924    11.5900     7.7690      2.789    32.4667    24.6978 -9.990e-29
 281.475382      2.846  37.005513    11.5659     7.8733      2.822    32.4699    24.7046 -9.990e-29
 281.475388      2.872  36.999121    11.5656     7.9317      2.848    32.4639    24.7000 -9.990e-29
 281.475394      2.877  37.006851    11.5840     7.9696      2.853    32.4553    24.6900 -9.990e-29
 281.475399      2.868  37.021615    11.6098     7.9752      2.844    32.4471    24.6789 -9.990e-29
 281.475405      2.851  37.037303    11.6364     7.9217      2.827    32.4391    24.6679 -9.990e-29
 281.475411      2.834  37.052406    11.6588     7.8389      2.810    32.4342    24.6600 -9.990e-29
 281.475417      2.821  37.067434    11.6739     7.7224      2.797    32.4357    24.6583 -9.990e-29
 281.475422      2.811  37.078318    11.6842     7.6162      2.788    32.4373    24.6577 -9.990e-29
 281.475428      2.802  37.081623    11.6925     7.5712      2.779    32.4332    24.6530 -9.990e-29
 281.475434      2.799  37.080626    11.6945     7.6059      2.776    32.4305    24.6505 -9.990e-29
 281.475440      2.810  37.076228    11.6887     7.6996      2.787    32.4313    24.6522 -9.990e-29
 281.475446      2.836  37.068163    11.6798     7.8072      2.812    32.4312    24.6538 -9.990e-29
 281.475451      2.866  37.051830    11.6716     7.9023      2.842    32.4225    24.6485 -9.990e-29
 281.475457      2.888  37.031223    11.6677     7.9698      2.864    32.4058    24.6363 -9.990e-29
 281.475463      2.899  37.025376    11.6690     7.9886      2.875    32.3990    24.6307 -9.990e-29
 281.475469      2.901  37.036010    11.6742     7.9676      2.877    32.4048    24.6343 -9.990e-29
 281.475475      2.894  37.052067    11.6822     7.8781      2.870    32.4134    24.6395 -9.990e-29
 281.475480      2.881  37.065794    11.6909     7.7437      2.857    32.4192    24.6424 -9.990e-29
 281.475486      2.870  37.074745    11.6987     7.6142      2.846    32.4211    24.6425 -9.990e-29
 281.475492      2.865  37.080756    11.7045     7.4950      2.841    32.4219    24.6420 -9.990e-29
 281.475498      2.866  37.083982    11.7073     7.4625      2.842    32.4226    24.6420 -9.990e-29
 281.475503      2.871  37.082550    11.7052     7.5033      2.847    32.4230    24.6428 -9.990e-29
 281.475509      2.883  37.069495    11.6982     7.6264      2.859    32.4164    24.6389 -9.990e-29
 281.475515      2.897  37.049258    11.6863     7.7701      2.873    32.4071    24.6339 -9.990e-29
 281.475521      2.905  37.033523    11.6648     7.8909      2.881    32.4106    24.6405 -9.990e-29
 281.475527      2.909  37.020915    11.6381     7.9638      2.885    32.4216    24.6540 -9.990e-29
 281.475532      2.912  37.016473    11.6262     7.9445      2.888    32.4277    24.6609 -9.990e-29
 281.475538      2.910  37.026590    11.6413     7.8394      2.886    32.4244    24.6555 -9.990e-29
 281.475544      2.900  37.045678    11.6737     7.6651      2.876    32.4146    24.6420 -9.990e-29
 281.475550      2.884  37.062175    11.7027     7.5370      2.860    32.4054    24.6295 -9.990e-29
 281.475556      2.871  37.070604    11.7177     7.5344      2.847    32.4005    24.6230 -9.990e-29
 281.475561      2.868  37.076594    11.7202     7.6338      2.844    32.4041    24.6253 -9.990e-29
 281.475567      2.879  37.076917    11.7080     7.7392      2.855    32.4151    24.6361 -9.990e-29
 281.475573      2.900  37.059661    11.6724     7.7922      2.876    32.4294    24.6537 -9.990e-29
 281.475579      2.925  37.025910    11.6299     7.7733      2.901    32.4337    24.6648 -9.990e-29
 281.475584      2.946  37.007443    11.6198     7.7177      2.921    32.4245    24.6595 -9.990e-29
 281.475590      2.957  37.025023    11.6449     7.6893      2.932    32.4197    24.6512 -9.990e-29
 281.475596      2.953  37.052177    11.6723     7.6817      2.928    32.4222    24.6481 -9.990e-29
 281.475602      2.942  37.067360    11.6816     7.6851      2.917    32.4288    24.6516 -9.990e-29
 281.475608      2.938  37.070072    11.6739     7.7137      2.913    32.4382    24.6603 -9.990e-29
 281.475613      2.940  37.059442    11.6599     7.7222      2.915    32.4401    24.6643 -9.990e-29
 281.475619      2.939  37.046510    11.6518     7.7178      2.914    32.4346    24.6615 -9.990e-29
 281.475625      2.930  37.044289    11.6518     7.7114      2.906    32.4324    24.6598 -9.990e-29
 281.475631      2.914  37.048120    11.6519     7.6903      2.890    32.4361    24.6627 -9.990e-29
 281.475637      2.894  37.050206    11.6486     7.6724      2.870    32.4410    24.6671 -9.990e-29
 281.475642      2.877  37.050513    11.6462     7.6451      2.853    32.4434    24.6694 -9.990e-29
 281.475648      2.866  37.050003    11.6476     7.6008      2.842    32.4417    24.6678 -9.990e-29
 281.475654      2.860  37.047981    11.6496     7.5348      2.836    32.4380    24.6645 -9.990e-29
 281.475660      2.860  37.044543    11.6481     7.4898      2.836    32.4359    24.6632 -9.990e-29
 281.475666      2.865  37.041819    11.6430     7.4717      2.841    32.4377    24.6656 -9.990e-29
 281.475671      2.875  37.039528    11.6357     7.5168      2.851    32.4419    24.6701 -9.990e-29
 281.475677      2.891  37.035165    11.6257     7.5589      2.867    32.4464    24.6754 -9.990e-29
 281.475683      2.909  37.026263    11.6097     7.5684      2.885    32.4517    24.6825 -9.990e-29
 281.475689      2.924  37.012711    11.5899     7.5535      2.900    32.4558    24.6893 -9.990e-29
 281.475694      2.930  37.001651    11.5790     7.5295      2.906    32.4546    24.6903 -9.990e-29
 281.475700      2.928  37.002425    11.5862     7.5359      2.904    32.4490    24.6847 -9.990e-29
 281.475706      2.919  37.014928    11.6009     7.5742      2.895    32.4483    24.6815 -9.990e-29
 281.475712      2.905  37.026105    11.6029     7.6016      2.881    32.4575    24.6882 -9.990e-29
 281.475718      2.896  37.025067    11.5907     7.5981      2.872    32.4672    24.6980 -9.990e-29
 281.475723      2.893  37.016029    11.5789     7.5949      2.869    32.4687    24.7013 -9.990e-29
 281.475729      2.894  37.011594    11.5788     7.5949      2.870    32.4645    24.6980 -9.990e-29
 281.475735      2.889  37.017042    11.5896     7.5761      2.865    32.4603    24.6929 -9.990e-29
 281.475741      2.878  37.026167    11.6008     7.4966      2.854    32.4594    24.6901 -9.990e-29
 281.475747      2.869  37.033748    11.6042     7.4122      2.845    32.4638    24.6929 -9.990e-29
 281.475752      2.866  37.038114    11.6016     7.3561      2.842    32.4704    24.6985 -9.990e-29
 281.475758      2.868  37.037420    11.5979     7.3770      2.844    32.4729    24.7011 -9.990e-29
 281.475764      2.875  37.032414    11.5932     7.4646      2.851    32.4722    24.7014 -9.990e-29
 281.475770      2.889  37.023886    11.5806     7.5607      2.865    32.4749    24.7058 -9.990e-29
 281.475775      2.910  37.009977    11.5560     7.6194      2.886    32.4829    24.7165 -9.990e-29
 281.475781      2.934  36.991378    11.5299     7.6301      2.909    32.4876    24.7249 -9.990e-29
 281.475787      2.952  36.974669    11.5194     7.6016      2.927    32.4805    24.7213 -9.990e-29
 281.475793      2.950  36.972309    11.5317     7.5818      2.925    32.4674    24.7089 -9.990e-29
 281.475799      2.929  36.988982    11.5567     7.5976      2.905    32.4618    24.7000 -9.990e-29
 281.475804      2.905  37.012151    11.5783     7.6342      2.881    32.4654    24.6989 -9.990e-29
 281.475810      2.897  37.024497    11.5836     7.6398      2.873    32.4728    24.7037 -9.990e-29
 281.475816      2.904  37.017816    11.5751     7.5876      2.880    32.4738    24.7060 -9.990e-29
 281.475822      2.912  37.006177    11.5732     7.5531      2.888    32.4641    24.6988 -9.990e-29
 281.475828      2.910  37.007122    11.5846     7.5664      2.886    32.4550    24.6896 -9.990e-29
 281.475833      2.904  37.016292    11.5961     7.6034      2.880    32.4539    24.6867 -9.990e-29
 281.475839      2.902  37.024042    11.5985     7.6553      2.878    32.4593    24.6905 -9.990e-29
 281.475845      2.907  37.023322    11.5907     7.6659      2.883    32.4655    24.6967 -9.990e-29
 281.475851      2.916  37.013166    11.5789     7.6560      2.892    32.4659    24.6991 -9.990e-29
 281.475856      2.921  37.008049    11.5761     7.6525      2.897    32.4634    24.6977 -9.990e-29
 281.475862      2.918  37.015152    11.5865     7.6588      2.894    32.4612    24.6941 -9.990e-29
 281.475868      2.911  37.025992    11.6000     7.6961      2.887    32.4599    24.6907 -9.990e-29
 281.475874      2.907  37.034273    11.6069     7.7400      2.883    32.4620    24.6910 -9.990e-29
 281.475880      2.912  37.038699    11.6056     7.7711      2.888    32.4674    24.6955 -9.990e-29
 281.475885      2.921  37.034514    11.6016     7.7886      2.897    32.4668    24.6957 -9.990e-29
 281.475891      2.926  37.026779    11.6026     7.8049      2.902    32.4584    24.6890 -9.990e-29
 281.475897      2.923  37.029274    11.6102     7.8129      2.899    32.4542    24.6843 -9.990e-29
 281.475903      2.916  37.038025    11.6201     7.7981      2.892    32.4541    24.6824 -9.990e-29
 281.475909      2.913  37.043391    11.6279     7.7354      2.889    32.4525    24.6798 -9.990e-29
 281.475914      2.915  37.041870    11.6310     7.6310      2.891    32.4483    24.6759 -9.990e-29
 281.475920      2.912  37.038712    11.6333     7.5443      2.888    32.4432    24.6716 -9.990e-29
 281.475926      2.901  37.042030    11.6374     7.5394      2.877    32.4428    24.6706 -9.990e-29
 281.475932      2.884  37.047269    11.6395     7.6035      2.860    32.4461    24.6727 -9.990e-29
 281.475937      2.875  37.047953    11.6301     7.6595      2.851    32.4550    24.6813 -9.990e-29
 281.475943      2.879  37.037137    11.6071     7.6513      2.855    32.4646    24.6930 -9.990e-29
 281.475949      2.890  37.017209    11.5898     7.5833      2.866    32.4603    24.6928 -9.990e-29
 281.475955      2.895  37.009795    11.5951     7.5400      2.871    32.4484    24.6826 -9.990e-29
