data/oxygen options/OCNMS/OCNMS1/raw_data/2009/CTD_CE065_060109faedb.cnv
* Sea-Bird SBE19 Data File:
* FileName = C:\2009_MOORING_DATA\CTD_CE065_060109.hex
* Software Version 1.59
* Temperature SN = 2997
* Conductivity SN = 2997
* System UpLoad Time = Jun 01 2009 15:40:56
* ds
* SEACAT PROFILER V3.1c SN 2997   06/01/09  15:40:34.710
# nquan = 9
# nvalues = 64                          
# units = specified
# name 0 = timeJ: Julian Days
# name 1 = prSM: Pressure, Strain Gauge [db]
# name 2 = c0mS/cm: Conductivity [mS/cm]
# name 3 = t090C: Temperature [ITS-90, deg C]
# name 4 = sbeox0ML/L: Oxygen, SBE 43 [ml/l]
# name 5 = depSM: Depth [salt water, m], lat = 47.5
# name 6 = sal00: Salinity, Practical [PSU]
# name 7 = sigma-é00: Density [sigma-theta, kg/m^3]
# name 8 = flag: flag
# span 0 = 152.522741, 152.523433       
# span 1 =      2.000,     65.000       
# span 2 =  33.452218,  36.425510       
# span 3 =     7.0248,    11.4041       
# span 4 =     2.0234,    12.7003       
# span 5 =      1.984,     64.447       
# span 6 =    32.0445,    33.7726       
# span 7 =    24.4033,    26.4492       
# span 8 = 0.0000e+00, 0.0000e+00       
# interval = decibars: 1                
# start_time = Jun 01 2009 12:26:29 [Instrument's time stamp, header]
# bad_flag = -9.990e-29
*END*
 152.522741      2.000  36.425510    11.4041    12.7003      1.984    32.0445    24.4033 0.0000e+00
 152.522763      3.000  36.268756    11.1278    10.4679      2.975    32.1308    24.5196 0.0000e+00
 152.522778      4.000  36.036439    10.6056     4.8264      3.966    32.3600    24.7888 0.0000e+00
 152.522790      5.000  35.581064     9.9100     3.5656      4.958    32.5231    25.0328 0.0000e+00
 152.522802      6.000  35.080855     9.2979     3.8229      5.950    32.5653    25.1650 0.0000e+00
 152.522812      7.000  34.628845     8.6648     4.5178      6.941    32.6763    25.3507 0.0000e+00
 152.522822      8.000  33.978723     7.9890     5.0096      7.933    32.6165    25.4042 0.0000e+00
 152.522833      9.000  33.614423     7.6795     5.2282      8.925    32.5154    25.3689 0.0000e+00
 152.522842     10.000  33.500978     7.5622     5.2847      9.916    32.5027    25.3753 0.0000e+00
 152.522852     11.000  33.455750     7.5101     5.1636     10.908    32.5023    25.3823 0.0000e+00
 152.522862     12.000  33.452218     7.5065     4.9314     11.899    32.5014    25.3822 0.0000e+00
 152.522871     13.000  33.476000     7.5427     4.7821     12.891    32.4927    25.3702 0.0000e+00
 152.522881     14.000  33.568439     7.6106     4.7583     13.883    32.5282    25.3886 0.0000e+00
 152.522890     15.000  33.697901     7.6715     4.7488     14.874    32.6097    25.4441 0.0000e+00
 152.522899     16.000  33.802108     7.7427     4.8711     15.866    32.6544    25.4692 0.0000e+00
 152.522909     17.000  33.913893     7.8366     5.0405     16.857    32.6855    25.4803 0.0000e+00
 152.522919     18.000  34.056428     7.9463     5.0490     17.849    32.7345    25.5030 0.0000e+00
 152.522928     19.000  34.206396     8.0522     4.8934     18.840    32.7947    25.5349 0.0000e+00
 152.522938     20.000  34.345170     8.1245     4.6410     19.832    32.8740    25.5866 0.0000e+00
 152.522947     21.000  34.409632     8.1265     4.3379     20.824    32.9403    25.6382 0.0000e+00
 152.522956     22.000  34.418612     8.1009     3.8991     21.815    32.9734    25.6680 0.0000e+00
 152.522965     23.000  34.424145     8.0584     3.2989     22.807    33.0188    25.7100 0.0000e+00
 152.522975     24.000  34.446323     7.9940     2.7051     23.799    33.1028    25.7853 0.0000e+00
 152.522984     25.000  34.458113     7.9009     2.3776     24.789    33.2033    25.8777 0.0000e+00
 152.522994     26.000  34.450384     7.7740     2.3728     25.781    33.3156    25.9843 0.0000e+00
 152.523003     27.000  34.396910     7.6177     2.4342     26.773    33.4073    26.0787 0.0000e+00
 152.523013     28.000  34.322003     7.4900     2.5290     27.764    33.4489    26.1295 0.0000e+00
 152.523024     29.000  34.275862     7.4232     2.5946     28.756    33.4629    26.1500 0.0000e+00
 152.523032     30.000  34.257083     7.4000     2.6068     29.748    33.4644    26.1544 0.0000e+00
 152.523042     31.000  34.252538     7.3802     2.6402     30.739    33.4782    26.1681 0.0000e+00
 152.523052     32.000  34.235409     7.3270     2.7080     31.730    33.5105    26.2009 0.0000e+00
 152.523061     33.000  34.219312     7.2759     2.7523     32.722    33.5421    26.2328 0.0000e+00
 152.523071     34.000  34.207445     7.2294     2.7330     33.713    33.5739    26.2643 0.0000e+00
 152.523081     35.000  34.195891     7.1891     2.6984     34.705    33.6000    26.2905 0.0000e+00
 152.523091     36.000  34.191639     7.1643     2.6593     35.696    33.6190    26.3089 0.0000e+00
 152.523101     37.000  34.193301     7.1509     2.6014     36.687    33.6334    26.3221 0.0000e+00
 152.523112     38.000  34.196957     7.1476     2.5206     37.680    33.6402    26.3279 0.0000e+00
 152.523122     39.000  34.202268     7.1424     2.4017     38.671    33.6505    26.3367 0.0000e+00
 152.523132     40.000  34.206239     7.1260     2.3070     39.662    33.6704    26.3546 0.0000e+00
 152.523142     41.000  34.210392     7.1015     2.2653     40.653    33.6984    26.3801 0.0000e+00
 152.523152     42.000  34.214911     7.0770     2.2401     41.646    33.7268    26.4058 0.0000e+00
 152.523163     43.000  34.216941     7.0631     2.2031     42.636    33.7421    26.4198 0.0000e+00
 152.523173     44.000  34.216774     7.0574     2.1493     43.628    33.7470    26.4245 0.0000e+00
 152.523184     45.000  34.216069     7.0538     2.1102     44.620    33.7493    26.4267 0.0000e+00
 152.523194     46.000  34.215747     7.0510     2.1282     45.611    33.7512    26.4287 0.0000e+00
 152.523204     47.000  34.217206     7.0491     2.1388     46.603    33.7542    26.4313 0.0000e+00
 152.523214     48.000  34.217821     7.0470     2.1248     47.594    33.7564    26.4334 0.0000e+00
 152.523225     49.000  34.217809     7.0448     2.1083     48.585    33.7581    26.4349 0.0000e+00
 152.523235     50.000  34.217856     7.0420     2.1158     49.577    33.7604    26.4372 0.0000e+00
 152.523246     51.000  34.218236     7.0404     2.1100     50.568    33.7620    26.4386 0.0000e+00
 152.523255     52.000  34.219061     7.0393     2.1100     51.559    33.7634    26.4399 0.0000e+00
 152.523266     53.000  34.218974     7.0385     2.1093     52.551    33.7636    26.4402 0.0000e+00
 152.523275     54.000  34.218912     7.0372     2.1019     53.542    33.7643    26.4410 0.0000e+00
 152.523286     55.000  34.218725     7.0365     2.0982     54.534    33.7642    26.4411 0.0000e+00
 152.523297     56.000  34.218896     7.0359     2.0918     55.525    33.7646    26.4414 0.0000e+00
 152.523307     57.000  34.219257     7.0349     2.0837     56.516    33.7655    26.4423 0.0000e+00
 152.523318     58.000  34.219155     7.0340     2.0505     57.508    33.7658    26.4426 0.0000e+00
 152.523329     59.000  34.219429     7.0319     2.0370     58.499    33.7676    26.4444 0.0000e+00
 152.523339     60.000  34.219256     7.0290     2.0466     59.490    33.7699    26.4466 0.0000e+00
 152.523350     61.000  34.218921     7.0267     2.0362     60.482    33.7712    26.4479 0.0000e+00
 152.523360     62.000  34.219103     7.0250     2.0482     61.473    33.7726    26.4492 0.0000e+00
 152.523372     63.000  34.219200     7.0248     2.0421     62.465    33.7723    26.4491 0.0000e+00
 152.523385     64.000  34.219622     7.0256     2.0234     63.456    33.7716    26.4484 0.0000e+00
 152.523433     65.000  34.222460     7.0284     2.0344     64.447    33.7714    26.4479 0.0000e+00
