data/oxygen options/OCNMS/OCNMS1/raw_data/2009/CTD_CE015_100809faed.cnv
* Sea-Bird SBE19 Data File:
* FileName = C:\2009_MOORING_DATA\100709_DATA\CTD_CE015_100809.hex
* Software Version 1.24
* Temperature SN = 2997
* Conductivity SN = 2997
* System UpLoad Time = Oct 08 2009 13:48:39
* SEACAT PROFILER V3.1c SN 2997   10/08/09  13:47:49.959
* strain gauge pressure sensor: S/N = 184829,  range = 3000 psia,  tc = 40
# nquan = 9                                 
# nvalues = 2916                        
# units = specified
# name 0 = timeJ: Julian Days
# name 1 = prSM: Pressure, Strain Gauge [db]
# name 2 = c0mS/cm: Conductivity [mS/cm]
# name 3 = t090C: Temperature [ITS-90, deg C]
# name 4 = sbeox0ML/L: Oxygen, SBE 43 [ml/l]
# name 5 = depSM: Depth [salt water, m], lat = 47.5
# name 6 = sal00: Salinity, Practical [PSU]
# name 7 = sigma-é00: Density [sigma-theta, kg/m^3]
# name 8 = flag: flag
# span 0 = 281.550718, 281.567587       
# span 1 =     -5.223,     18.281       
# span 2 =   0.165206,  37.874659       
# span 3 =     9.4783,    13.5820       
# span 4 =    -1.7010,    18.6274       
# span 5 =     -5.179,     18.128       
# span 6 =     0.1018,    32.9461       
# span 7 =    -0.6149,    25.4341       
# span 8 = 0.0000e+00, 0.0000e+00       
# interval = seconds: 0.5
# start_time = Oct 08 2009 13:13:02 [Instrument's time stamp, header]
# bad_flag = -9.990e-29
*END*
[from data line 1121]
 281.557205      2.345  37.634001    12.4698     8.2458      2.325    32.2921    24.3984 -9.990e-29
 281.557211      2.351  37.635624    12.4716     8.2522      2.331    32.2921    24.3980 -9.990e-29
 281.557216      2.358  37.636493    12.4721     8.2362      2.338    32.2925    24.3982 -9.990e-29
 281.557222      2.361  37.636075    12.4716     8.2209      2.341    32.2926    24.3983 -9.990e-29
 281.557228      2.353  37.635480    12.4712     8.2023      2.333    32.2924    24.3983 -9.990e-29
 281.557234      2.340  37.635022    12.4711     8.1803      2.320    32.2920    24.3980 -9.990e-29
 281.557240      2.334  37.634637    12.4710     8.1819      2.315    32.2917    24.3978 -9.990e-29
 281.557245      2.341  37.634361    12.4709     8.1970      2.321    32.2915    24.3977 -9.990e-29
 281.557251      2.355  37.634375    12.4710     8.2114      2.335    32.2915    24.3976 -9.990e-29
 281.557257      2.364  37.634123    12.4710     8.2242      2.344    32.2912    24.3974 -9.990e-29
 281.557263      2.367  37.633816    12.4713     8.2264      2.347    32.2907    24.3969 -9.990e-29
 281.557269      2.374  37.634154    12.4716     8.2294      2.354    32.2907    24.3969 -9.990e-29
 281.557274      2.385  37.633893    12.4716     8.2176      2.365    32.2905    24.3967 -9.990e-29
 281.557280      2.392  37.633232    12.4718     8.2002      2.372    32.2897    24.3961 -9.990e-29
 281.557286      2.392  37.634080    12.4725     8.2018      2.372    32.2899    24.3961 -9.990e-29
 281.557292      2.384  37.635313    12.4729     8.2104      2.364    32.2907    24.3967 -9.990e-29
 281.557297      2.372  37.635758    12.4727     8.2294      2.352    32.2913    24.3972 -9.990e-29
 281.557303      2.369  37.635996    12.4720     8.2363      2.349    32.2922    24.3979 -9.990e-29
 281.557309      2.382  37.635774    12.4708     8.2178      2.362    32.2930    24.3988 -9.990e-29
 281.557315      2.404  37.634783    12.4695     8.2088      2.384    32.2931    24.3992 -9.990e-29
 281.557321      2.420  37.633930    12.4689     8.2256      2.400    32.2928    24.3991 -9.990e-29
 281.557326      2.421  37.633745    12.4692     8.2478      2.401    32.2924    24.3987 -9.990e-29
 281.557332      2.412  37.633968    12.4699     8.2781      2.392    32.2920    24.3982 -9.990e-29
 281.557338      2.401  37.634324    12.4700     8.2720      2.381    32.2923    24.3984 -9.990e-29
 281.557344      2.396  37.634154    12.4698     8.2633      2.376    32.2923    24.3985 -9.990e-29
 281.557350      2.401  37.633780    12.4700     8.2659      2.381    32.2917    24.3980 -9.990e-29
 281.557355      2.412  37.633811    12.4703     8.2671      2.392    32.2915    24.3978 -9.990e-29
 281.557361      2.420  37.633716    12.4702     8.2501      2.400    32.2915    24.3978 -9.990e-29
 281.557367      2.423  37.633353    12.4701     8.2439      2.403    32.2912    24.3976 -9.990e-29
 281.557373      2.425  37.633346    12.4700     8.2236      2.405    32.2913    24.3977 -9.990e-29
 281.557378      2.429  37.633674    12.4697     8.2231      2.409    32.2919    24.3982 -9.990e-29
 281.557384      2.433  37.633640    12.4693     8.2449      2.413    32.2922    24.3985 -9.990e-29
 281.557390      2.435  37.633188    12.4687     8.2486      2.415    32.2923    24.3987 -9.990e-29
 281.557396      2.442  37.632260    12.4681     8.2494      2.422    32.2919    24.3985 -9.990e-29
 281.557402      2.444  37.631289    12.4681     8.2239      2.424    32.2910    24.3978 -9.990e-29
 281.557407      2.433  37.631771    12.4691     8.2192      2.413    32.2906    24.3973 -9.990e-29
 281.557413      2.413  37.633212    12.4705     8.2366      2.393    32.2908    24.3972 -9.990e-29
 281.557419      2.392  37.634159    12.4719     8.2499      2.372    32.2905    24.3967 -9.990e-29
 281.557425      2.380  37.634743    12.4723     8.2460      2.360    32.2907    24.3968 -9.990e-29
 281.557431      2.385  37.635169    12.4716     8.2223      2.365    32.2917    24.3977 -9.990e-29
 281.557436      2.399  37.634313    12.4708     8.2175      2.379    32.2916    24.3977 -9.990e-29
 281.557442      2.410  37.632140    12.4696     8.2276      2.390    32.2905    24.3971 -9.990e-29
 281.557448      2.415  37.630223    12.4680     8.2198      2.395    32.2901    24.3971 -9.990e-29
 281.557454      2.414  37.628234    12.4663     8.2069      2.394    32.2896    24.3971 -9.990e-29
 281.557459      2.410  37.625192    12.4642     8.1793      2.390    32.2885    24.3966 -9.990e-29
 281.557465      2.414  37.620951    12.4617     8.1893      2.394    32.2866    24.3956 -9.990e-29
 281.557471      2.424  37.616007    12.4594     8.2201      2.404    32.2839    24.3939 -9.990e-29
 281.557477      2.432  37.609921    12.4557     8.2488      2.412    32.2812    24.3926 -9.990e-29
 281.557483      2.436  37.602412    12.4518     8.2458      2.416    32.2774    24.3904 -9.990e-29
 281.557488      2.435  37.601393    12.4529     8.2090      2.415    32.2755    24.3887 -9.990e-29
 281.557494      2.429  37.610533    12.4578     8.1596      2.409    32.2800    24.3912 -9.990e-29
 281.557500      2.422  37.619026    12.4608     8.1205      2.402    32.2855    24.3950 -9.990e-29
 281.557506      2.422  37.620808    12.4605     8.0868      2.402    32.2875    24.3965 -9.990e-29
 281.557512      2.429  37.618805    12.4579     8.0358      2.409    32.2878    24.3973 -9.990e-29
 281.557517      2.436  37.614817    12.4544     7.9636      2.416    32.2870    24.3973 -9.990e-29
 281.557523      2.438  37.611921    12.4524     7.9112      2.418    32.2860    24.3969 -9.990e-29
 281.557529      2.435  37.612967    12.4520     7.9272      2.415    32.2873    24.3980 -9.990e-29
 281.557535      2.427  37.613173    12.4493     8.0258      2.407    32.2898    24.4005 -9.990e-29
 281.557541      2.418  37.604952    12.4390     8.1304      2.398    32.2908    24.4032 -9.990e-29
 281.557546      2.416  37.580694    12.4163     8.2047      2.396    32.2872    24.4047 -9.990e-29
 281.557552      2.421  37.538870    12.3888     8.1884      2.401    32.2708    24.3972 -9.990e-29
 281.557558      2.424  37.512260    12.3781     8.1128      2.404    32.2546    24.3867 -9.990e-29
 281.557564      2.422  37.529263    12.3908     8.0548      2.402    32.2599    24.3884 -9.990e-29
 281.557569      2.414  37.560963    12.4111     8.0315      2.394    32.2728    24.3945 -9.990e-29
 281.557575      2.400  37.579552    12.4238     8.0460      2.380    32.2796    24.3974 -9.990e-29
 281.557581      2.383  37.586825    12.4215     8.0578      2.363    32.2886    24.4048 -9.990e-29
 281.557587      2.375  37.582382    12.3981     8.0441      2.355    32.3045    24.4216 -9.990e-29
 281.557593      2.385  37.558608    12.3564     8.0612      2.365    32.3176    24.4397 -9.990e-29
 281.557598      2.403  37.531998    12.3209     8.1070      2.383    32.3227    24.4503 -9.990e-29
 281.557604      2.418  37.528708    12.3113     8.1555      2.398    32.3279    24.4561 -9.990e-29
 281.557610      2.428  37.535360    12.3185     8.1735      2.408    32.3280    24.4549 -9.990e-29
 281.557616      2.433  37.538942    12.3289     8.1740      2.413    32.3225    24.4486 -9.990e-29
 281.557622      2.432  37.545337    12.3390     8.1842      2.412    32.3199    24.4447 -9.990e-29
 281.557627      2.427  37.553535    12.3492     8.2227      2.407    32.3190    24.4421 -9.990e-29
 281.557633      2.420  37.559322    12.3596     8.2516      2.400    32.3156    24.4374 -9.990e-29
 281.557639      2.416  37.563116    12.3695     8.2449      2.396    32.3107    24.4318 -9.990e-29
 281.557645      2.411  37.571087    12.3808     8.2369      2.391    32.3086    24.4280 -9.990e-29
 281.557650      2.403  37.584323    12.3945     8.2168      2.383    32.3094    24.4261 -9.990e-29
 281.557656      2.401  37.596919    12.4076     8.2101      2.381    32.3102    24.4242 -9.990e-29
 281.557662      2.405  37.605483    12.4176     8.2231      2.385    32.3098    24.4220 -9.990e-29
 281.557668      2.407  37.608531    12.4245     8.2500      2.387    32.3067    24.4183 -9.990e-29
 281.557674      2.402  37.607313    12.4301     8.2669      2.382    32.3008    24.4126 -9.990e-29
 281.557679      2.395  37.606918    12.4369     8.2552      2.375    32.2945    24.4065 -9.990e-29
 281.557685      2.392  37.610173    12.4447     8.1808      2.372    32.2909    24.4022 -9.990e-29
 281.557691      2.400  37.615990    12.4518     8.1127      2.380    32.2904    24.4004 -9.990e-29
 281.557697      2.413  37.622033    12.4568     8.1016      2.393    32.2919    24.4006 -9.990e-29
 281.557703      2.424  37.625897    12.4592     8.1502      2.404    32.2935    24.4014 -9.990e-29
 281.557708      2.430  37.627130    12.4593     8.2159      2.410    32.2946    24.4022 -9.990e-29
 281.557714      2.430  37.627566    12.4585     8.2453      2.410    32.2957    24.4033 -9.990e-29
 281.557720      2.430  37.627232    12.4579     8.2241      2.410    32.2959    24.4035 -9.990e-29
 281.557726      2.432  37.626250    12.4576     8.1922      2.412    32.2952    24.4030 -9.990e-29
 281.557731      2.435  37.624994    12.4569     8.2005      2.415    32.2946    24.4027 -9.990e-29
 281.557737      2.432  37.622916    12.4554     8.2270      2.412    32.2939    24.4025 -9.990e-29
 281.557743      2.425  37.620613    12.4538     8.2405      2.405    32.2931    24.4021 -9.990e-29
 281.557749      2.416  37.617262    12.4528     8.2048      2.396    32.2907    24.4005 -9.990e-29
 281.557755      2.409  37.608399    12.4520     8.1180      2.389    32.2830    24.3946 -9.990e-29
 281.557760      2.401  37.600710    12.4510     8.0702      2.381    32.2765    24.3898 -9.990e-29
 281.557766      2.385  37.604125    12.4502     8.0862      2.365    32.2804    24.3930 -9.990e-29
 281.557772      2.366  37.609190    12.4488     8.1497      2.346    32.2865    24.3980 -9.990e-29
 281.557778      2.355  37.609769    12.4460     8.1932      2.335    32.2895    24.4008 -9.990e-29
 281.557784      2.359  37.608883    12.4410     8.1791      2.339    32.2929    24.4044 -9.990e-29
 281.557789      2.376  37.602553    12.4352     8.1392      2.356    32.2918    24.4047 -9.990e-29
 281.557795      2.396  37.594676    12.4325     8.1131      2.376    32.2866    24.4012 -9.990e-29
 281.557801      2.409  37.596052    12.4348     8.1297      2.389    32.2860    24.4002 -9.990e-29
 281.557807      2.408  37.604033    12.4412     8.1892      2.388    32.2881    24.4007 -9.990e-29
 281.557813      2.399  37.611889    12.4489     8.2252      2.379    32.2890    24.3999 -9.990e-29
 281.557818      2.397  37.619450    12.4556     8.2147      2.377    32.2904    24.3997 -9.990e-29
 281.557824      2.404  37.626157    12.4604     8.1605      2.384    32.2927    24.4006 -9.990e-29
 281.557830      2.417  37.629188    12.4636     8.1287      2.397    32.2929    24.4001 -9.990e-29
 281.557836      2.425  37.629787    12.4666     8.1534      2.405    32.2908    24.3980 -9.990e-29
 281.557841      2.418  37.632121    12.4693     8.1777      2.398    32.2908    24.3974 -9.990e-29
 281.557847      2.405  37.635383    12.4715     8.1615      2.385    32.2920    24.3979 -9.990e-29
 281.557853      2.399  37.637762    12.4733     8.1102      2.379    32.2927    24.3981 -9.990e-29
 281.557859      2.402  37.639073    12.4742     8.0868      2.382    32.2932    24.3983 -9.990e-29
 281.557865      2.412  37.639390    12.4747     8.1153      2.392    32.2931    24.3981 -9.990e-29
 281.557870      2.419  37.639699    12.4751     8.1932      2.399    32.2930    24.3980 -9.990e-29
 281.557876      2.425  37.639858    12.4750     8.2598      2.405    32.2932    24.3982 -9.990e-29
 281.557882      2.438  37.638401    12.4736     8.2697      2.418    32.2930    24.3983 -9.990e-29
 281.557888      2.459  37.632270    12.4689     8.1965      2.438    32.2912    24.3978 -9.990e-29
 281.557894      2.481  37.620581    12.4614     8.0954      2.460    32.2865    24.3956 -9.990e-29
 281.557899      2.497  37.611856    12.4580     8.0401      2.476    32.2811    24.3920 -9.990e-29
 281.557905      2.500  37.614642    12.4614     8.0522      2.479    32.2808    24.3912 -9.990e-29
 281.557911      2.489  37.623687    12.4660     8.1026      2.468    32.2855    24.3939 -9.990e-29
 281.557917      2.472  37.629198    12.4672     8.1434      2.451    32.2897    24.3970 -9.990e-29
 281.557922      2.457  37.629560    12.4638     8.1663      2.436    32.2930    24.4002 -9.990e-29
 281.557928      2.452  37.625822    12.4523     8.2044      2.432    32.2993    24.4073 -9.990e-29
 281.557934      2.459  37.611326    12.4307     8.2565      2.438    32.3041    24.4150 -9.990e-29
 281.557940      2.476  37.584685    12.4092     8.3033      2.455    32.2971    24.4137 -9.990e-29
 281.557946      2.491  37.566991    12.4035     8.3039      2.470    32.2851    24.4055 -9.990e-29
 281.557951      2.492  37.571645    12.4146     8.2457      2.471    32.2800    24.3994 -9.990e-29
 281.557957      2.479  37.583552    12.4276     8.1627      2.458    32.2802    24.3971 -9.990e-29
 281.557963      2.460  37.591688    12.4342     8.1290      2.439    32.2823    24.3975 -9.990e-29
 281.557969      2.442  37.600184    12.4389     8.1668      2.422    32.2864    24.3998 -9.990e-29
 281.557975      2.432  37.608605    12.4439     8.2409      2.412    32.2901    24.4017 -9.990e-29
 281.557980      2.434  37.613612    12.4478     8.2786      2.414    32.2915    24.4021 -9.990e-29
 281.557986      2.444  37.615722    12.4492     8.2383      2.424    32.2924    24.4024 -9.990e-29
 281.557992      2.459  37.613828    12.4472     8.1885      2.438    32.2923    24.4028 -9.990e-29
 281.557998      2.478  37.607655    12.4434     8.1893      2.457    32.2896    24.4014 -9.990e-29
 281.558003      2.496  37.602987    12.4416     8.2417      2.475    32.2867    24.3995 -9.990e-29
 281.558009      2.500  37.604256    12.4431     8.2999      2.479    32.2866    24.3992 -9.990e-29
 281.558015      2.490  37.607552    12.4445     8.3201      2.469    32.2886    24.4004 -9.990e-29
 281.558021      2.479  37.607744    12.4427     8.3256      2.458    32.2903    24.4021 -9.990e-29
 281.558027      2.474  37.605655    12.4396     8.3243      2.453    32.2910    24.4032 -9.990e-29
 281.558032      2.471  37.604673    12.4382     8.3318      2.450    32.2912    24.4037 -9.990e-29
 281.558038      2.470  37.605173    12.4383     8.3304      2.449    32.2916    24.4040 -9.990e-29
 281.558044      2.475  37.605023    12.4379     8.3064      2.454    32.2918    24.4042 -9.990e-29
 281.558050      2.482  37.603467    12.4367     8.2956      2.461    32.2914    24.4041 -9.990e-29
 281.558056      2.487  37.602358    12.4359     8.2711      2.466    32.2910    24.4039 -9.990e-29
 281.558061      2.491  37.603025    12.4362     8.2728      2.470    32.2914    24.4042 -9.990e-29
 281.558067      2.494  37.604121    12.4371     8.2562      2.473    32.2917    24.4042 -9.990e-29
 281.558073      2.495  37.604869    12.4387     8.1975      2.474    32.2910    24.4034 -9.990e-29
 281.558079      2.495  37.606271    12.4408     8.1886      2.474    32.2905    24.4026 -9.990e-29
 281.558084      2.495  37.607961    12.4419     8.1834      2.474    32.2912    24.4029 -9.990e-29
 281.558090      2.493  37.608833    12.4411     8.2196      2.472    32.2927    24.4043 -9.990e-29
 281.558096      2.490  37.608935    12.4401     8.2510      2.469    32.2937    24.4052 -9.990e-29
 281.558102      2.486  37.608966    12.4401     8.2795      2.465    32.2937    24.4052 -9.990e-29
 281.558108      2.480  37.609534    12.4410     8.2863      2.459    32.2935    24.4049 -9.990e-29
 281.558113      2.477  37.610282    12.4417     8.2788      2.456    32.2936    24.4048 -9.990e-29
 281.558119      2.480  37.610530    12.4418     8.2853      2.459    32.2937    24.4049 -9.990e-29
