data/oxygen options/OCNMS/OCNMS1/raw_data/2009/CTD_KL027_060209faed.cnv
* Sea-Bird SBE19 Data File:
* FileName = C:\2009_MOORING_DATA\CTD_KL027_060209.hex
* Software Version 1.59
* Temperature SN = 2997
* Conductivity SN = 2997
* System UpLoad Time = Jun 02 2009 15:01:52
* ds
* SEACAT PROFILER V3.1c SN 2997   06/02/09  15:01:25.237
# nquan = 9                                 
# nvalues = 2614                        
# units = specified
# name 0 = timeJ: Julian Days
# name 1 = prSM: Pressure, Strain Gauge [db]
# name 2 = c0mS/cm: Conductivity [mS/cm]
# name 3 = t090C: Temperature [ITS-90, deg C]
# name 4 = sbeox0ML/L: Oxygen, SBE 43 [ml/l]
# name 5 = depSM: Depth [salt water, m], lat = 47.5
# name 6 = sal00: Salinity, Practical [PSU]
# name 7 = sigma-é00: Density [sigma-theta, kg/m^3]
# name 8 = flag: flag
# span 0 = 153.410856, 153.425978       
# span 1 =     -5.309,     28.466       
# span 2 =  -0.000595,  38.856761       
# span 3 =     7.1756,    13.6155       
# span 4 =    -1.6780,    25.4826       
# span 5 =     -5.265,     28.226       
# span 6 =     0.0000,    34.2924       
# span 7 =    -0.6926,    26.1252       
# span 8 = 0.0000e+00, 0.0000e+00       
# interval = seconds: 0.5
# start_time = Jun 02 2009 09:51:38 [Instrument's time stamp, header]
# bad_flag = -9.990e-29
*END*
[from data line 2561]
 153.425677      9.654  34.654764     8.5728     5.5453      9.573    32.7875    25.4518 0.0000e+00
 153.425683      9.450  34.604358     8.5530     5.5816      9.371    32.7530    25.4277 0.0000e+00
 153.425689      9.255  34.591176     8.5409     5.5862      9.178    32.7505    25.4276 0.0000e+00
 153.425694      9.064  34.597708     8.5396     5.5645      8.988    32.7587    25.4342 0.0000e+00
 153.425700      8.880  34.612565     8.5511     5.5511      8.806    32.7637    25.4364 0.0000e+00
 153.425706      8.702  34.642739     8.5683     5.6088      8.629    32.7795    25.4462 0.0000e+00
 153.425712      8.523  34.669154     8.5811     5.7885      8.452    32.7955    25.4567 0.0000e+00
 153.425718      8.337  34.682848     8.5852     6.1142      8.267    32.8061    25.4644 0.0000e+00
 153.425723      8.141  34.688149     8.5848     6.5090      8.073    32.8121    25.4692 0.0000e+00
 153.425729      7.934  34.681554     8.5927     6.9242      7.868    32.7980    25.4569 0.0000e+00
 153.425735      7.721  34.677870     8.6315     7.2959      7.656    32.7582    25.4199 0.0000e+00
 153.425741      7.501  34.701383     8.7136     7.5705      7.438    32.7069    25.3672 0.0000e+00
 153.425747      7.272  34.759985     8.8280     7.7364      7.211    32.6627    25.3150 0.0000e+00
 153.425752      7.043  34.844499     8.9481     7.7756      6.984    32.6404    25.2790 0.0000e+00
 153.425758      6.823  34.931009     9.0348     7.7371      6.766    32.6507    25.2736 0.0000e+00
 153.425764      6.616  35.007230     9.0775     7.6827      6.561    32.6907    25.2982 0.0000e+00
 153.425770      6.418  35.076287     9.1049     7.6558      6.364    32.7372    25.3303 0.0000e+00
 153.425775      6.224  35.123343     9.1311     7.7466      6.172    32.7620    25.3456 0.0000e+00
 153.425781      6.030  35.142867     9.1508     7.9454      5.980    32.7642    25.3442 0.0000e+00
 153.425787      5.838  35.152560     9.1647     8.2481      5.789    32.7616    25.3399 0.0000e+00
 153.425793      5.647  35.160383     9.1770     8.7152      5.600    32.7584    25.3355 0.0000e+00
 153.425799      5.450  35.161714     9.1952     9.2130      5.404    32.7432    25.3207 0.0000e+00
 153.425804      5.243  35.162322     9.2392     9.6442      5.199    32.7035    25.2828 0.0000e+00
 153.425810      5.030  35.184379     9.3133     9.9062      4.988    32.6586    25.2359 0.0000e+00
 153.425816      4.815  35.225995     9.3895    10.0279      4.775    32.6320    25.2029 0.0000e+00
 153.425822      4.600  35.272709     9.4541    10.1725      4.562    32.6212    25.1841 0.0000e+00
 153.425828      4.385  35.356639     9.5254    10.3898      4.348    32.6425    25.1893 0.0000e+00
 153.425833      4.170  35.466526     9.6067    10.5767      4.135    32.6812    25.2064 0.0000e+00
 153.425839      3.957  35.528231     9.6767    10.6321      3.924    32.6808    25.1947 0.0000e+00
 153.425845      3.747  35.532791     9.7354    10.5713      3.716    32.6322    25.1472 0.0000e+00
 153.425851      3.538  35.533997     9.7981    10.4443      3.508    32.5767    25.0936 0.0000e+00
 153.425856      3.334  35.573315     9.8612    10.4347      3.306    32.5598    25.0700 0.0000e+00
 153.425862      3.135  35.643305     9.9211    10.5765      3.109    32.5769    25.0735 0.0000e+00
 153.425868      2.938  35.701227     9.9693    10.8081      2.913    32.5923    25.0775 0.0000e+00
 153.425874      2.738  35.715144     9.9921    11.0539      2.715    32.5859    25.0687 0.0000e+00
 153.425880      2.535  35.703134    10.0050    11.2795      2.514    32.5622    25.0481 0.0000e+00
 153.425885      2.334  35.699689    10.0397    11.5628      2.315    32.5275    25.0153 0.0000e+00
 153.425891      2.138  35.723261    10.1174    11.7101      2.120    32.4816    24.9665 0.0000e+00
 153.425897      1.949  35.775657    10.2415    11.6909      1.933    32.4234    24.9003 0.0000e+00
 153.425903      1.767  35.837172    10.3848    11.4312      1.752    32.3575    24.8247 0.0000e+00
 153.425909      1.597  35.914275    10.5037    11.0359      1.584    32.3291    24.7824 0.0000e+00
 153.425914      1.442  36.026945    10.5797    10.7002      1.430    32.3743    24.8046 0.0000e+00
 153.425920      1.301  36.133891    10.6262    10.5468      1.290    32.4399    24.8476 0.0000e+00
 153.425926      1.168  36.190666    10.6726 -9.990e-29      1.158    32.4553    24.8516 0.0000e+00
 153.425932      1.040  36.234395    10.7264 -9.990e-29      1.031    32.4511    24.8391 -9.990e-29
 153.425938      0.921  36.277511    10.7645 -9.990e-29      0.913    32.4603    24.8396 -9.990e-29
 153.425943      0.816  36.277289    10.7816 -9.990e-29      0.809    32.4449    24.8247 -9.990e-29
 153.425949      0.728  36.248087    10.7850 -9.990e-29      0.722    32.4129    24.7991 -9.990e-29
 153.425955      0.660  36.213243    10.7803 -9.990e-29      0.654    32.3825    24.7762 -9.990e-29
 153.425961      0.610  36.172502    10.7786 -9.990e-29      0.605    32.3435    24.7462 -9.990e-29
 153.425966      0.577  36.133226    10.7827 -9.990e-29      0.572    32.3008    24.7123 -9.990e-29
 153.425972      0.558  36.099844    10.7857 -9.990e-29      0.553    32.2650    24.6839 -9.990e-29
 153.425978      0.552  36.077717 -9.990e-29 -9.990e-29      0.547 -9.990e-29 -9.990e-29 -9.990e-29
