data/oxygen options/OCNMS/OCNMS1/raw_data/2009/CTD_CE042_100709faed.cnv
* Sea-Bird SBE19 Data File:
* FileName = C:\2009_MOORING_DATA\100709_DATA\CTD_CE042_100709.hex
* Software Version 1.24
* Temperature SN = 2997
* Conductivity SN = 2997
* System UpLoad Time = Oct 08 2009 12:25:24
* SEACAT PROFILER V3.1c SN 2997   10/08/09  12:24:38.832
* strain gauge pressure sensor: S/N = 184829,  range = 3000 psia,  tc = 40
# nquan = 9                                 
# nvalues = 944                         
# units = specified
# name 0 = timeJ: Julian Days
# name 1 = prSM: Pressure, Strain Gauge [db]
# name 2 = c0mS/cm: Conductivity [mS/cm]
# name 3 = t090C: Temperature [ITS-90, deg C]
# name 4 = sbeox0ML/L: Oxygen, SBE 43 [ml/l]
# name 5 = depSM: Depth [salt water, m], lat = 47.5
# name 6 = sal00: Salinity, Practical [PSU]
# name 7 = sigma-é00: Density [sigma-theta, kg/m^3]
# name 8 = flag: flag
# span 0 = 281.494664, 281.500122       
# span 1 =     -4.833,     44.820       
# span 2 =   0.351241,  37.598549       
# span 3 =     7.6485,    12.3682       
# span 4 =   -15.4354,    20.9897       
# span 5 =     -4.793,     44.441       
# span 6 =     0.2267,    33.5733       
# span 7 =    -0.3252,    26.2037       
# span 8 = 0.0000e+00, 0.0000e+00       
# interval = seconds: 0.5
# start_time = Oct 08 2009 11:52:19 [Instrument's time stamp, header]
# bad_flag = -9.990e-29
*END*
[from data line 801]
 281.499300     14.302  36.400715    10.7744     4.8223     14.182    32.5683    24.9223 0.0000e+00
 281.499306     14.158  36.430214    10.8091     4.8800     14.039    32.5668    24.9151 0.0000e+00
 281.499311     14.018  36.446195    10.8215     4.9258     13.901    32.5718    24.9167 0.0000e+00
 281.499317     13.877  36.443233    10.8249     4.9268     13.761    32.5658    24.9115 0.0000e+00
 281.499323     13.735  36.441637    10.8336     4.9004     13.620    32.5566    24.9028 0.0000e+00
 281.499329     13.591  36.447281    10.8568     4.8765     13.477    32.5416    24.8871 0.0000e+00
 281.499334     13.450  36.456634    10.8850     4.8875     13.337    32.5259    24.8699 0.0000e+00
 281.499340     13.315  36.470553    10.9001     5.0194     13.203    32.5264    24.8676 0.0000e+00
 281.499346     13.187  36.485341    10.8997     5.2377     13.077    32.5415    24.8794 -9.990e-29
 281.499352     13.064  36.495655    10.8944     5.5816     12.955    32.5565    24.8920 -9.990e-29
 281.499358     12.941  36.505319    10.8947     6.0186     12.833    32.5658    24.8993 -9.990e-29
 281.499363     12.804  36.515601    10.9103     6.5457     12.697    32.5622    24.8937 0.0000e+00
 281.499369     12.649  36.520188    10.9586     7.1639     12.543    32.5240    24.8555 0.0000e+00
 281.499375     12.474  36.535996    11.0521     7.7388     12.370    32.4569    24.7868 0.0000e+00
 281.499381     12.283  36.585381    11.1675     8.1470     12.180    32.4040    24.7252 0.0000e+00
 281.499387     12.079  36.661492    11.2675     8.2808     11.978    32.3910    24.6973 0.0000e+00
 281.499392     11.867  36.746053    11.3626     8.2017     11.768    32.3906    24.6799 0.0000e+00
 281.499398     11.659  36.835419    11.4833     8.0334     11.561    32.3724    24.6440 0.0000e+00
 281.499404     11.467  36.937386    11.6103     7.8797     11.371    32.3610    24.6121 0.0000e+00
 281.499410     11.296  37.033392    11.7088     7.7764     11.201    32.3686    24.6000 0.0000e+00
 281.499416     11.158  37.107025    11.7689     7.7242     11.065    32.3878    24.6039 -9.990e-29
 281.499421     11.055  37.158004    11.7893     7.7177     10.962    32.4195    24.6248 -9.990e-29
 281.499427     10.973  37.174328    11.7862     7.7509     10.881    32.4381    24.6398 -9.990e-29
 281.499433     10.885  37.164477    11.7827     7.7990     10.794    32.4316    24.6354 -9.990e-29
 281.499439     10.773  37.151343    11.7854     7.8391     10.683    32.4166    24.6232 -9.990e-29
 281.499444     10.639  37.147274    11.7933     7.8536     10.550    32.4058    24.6134 0.0000e+00
 281.499450     10.490  37.154286    11.8048     7.8519     10.402    32.4026    24.6088 0.0000e+00
 281.499456     10.334  37.167874    11.8187     7.8529     10.247    32.4038    24.6071 0.0000e+00
 281.499462     10.179  37.183338    11.8356     7.8649     10.094    32.4041    24.6043 0.0000e+00
 281.499468     10.028  37.201840    11.8546     7.8849      9.944    32.4055    24.6019 0.0000e+00
 281.499473      9.880  37.221306    11.8715     7.8941      9.797    32.4098    24.6020 0.0000e+00
 281.499479      9.729  37.229741    11.8795     7.8967      9.648    32.4110    24.6015 0.0000e+00
 281.499485      9.566  37.226222    11.8779     7.8771      9.486    32.4091    24.6003 0.0000e+00
 281.499491      9.394  37.220232    11.8747     7.8788      9.315    32.4061    24.5986 0.0000e+00
 281.499497      9.227  37.221876    11.8770     7.9341      9.150    32.4058    24.5979 0.0000e+00
 281.499502      9.071  37.234066    11.8838     8.0295      8.995    32.4117    24.6013 0.0000e+00
 281.499508      8.921  37.246871    11.8899     8.1454      8.846    32.4189    24.6057 0.0000e+00
 281.499514      8.768  37.250622    11.8943     8.2236      8.695    32.4188    24.6048 0.0000e+00
 281.499520      8.610  37.245435    11.9013     8.2396      8.538    32.4077    24.5949 0.0000e+00
 281.499525      8.455  37.238002    11.9151     8.2018      8.384    32.3886    24.5775 0.0000e+00
 281.499531      8.305  37.237629    11.9332     8.1503      8.236    32.3725    24.5617 0.0000e+00
 281.499537      8.164  37.246779    11.9471     8.1428      8.096    32.3694    24.5566 0.0000e+00
 281.499543      8.035  37.262679    11.9530     8.1526      7.968    32.3797    24.5635 -9.990e-29
 281.499549      7.915  37.280352    11.9538     8.1854      7.849    32.3961    24.5762 -9.990e-29
 281.499554      7.795  37.288000    11.9522     8.2229      7.730    32.4049    24.5833 -9.990e-29
 281.499560      7.674  37.284692    11.9508     8.2805      7.610    32.4030    24.5821 -9.990e-29
 281.499566      7.550  37.278775    11.9532     8.3357      7.487    32.3953    24.5756 -9.990e-29
 281.499572      7.422  37.272486    11.9600     8.3736      7.360    32.3833    24.5651 0.0000e+00
 281.499578      7.286  37.267913    11.9683     8.3931      7.225    32.3717    24.5545 0.0000e+00
 281.499583      7.144  37.267928    11.9747     8.4212      7.084    32.3663    24.5491 0.0000e+00
 281.499589      7.001  37.271991    11.9785     8.4784      6.942    32.3669    24.5489 0.0000e+00
 281.499595      6.857  37.279358    11.9818     8.5368      6.800    32.3713    24.5516 0.0000e+00
 281.499601      6.716  37.287524    11.9864     8.5843      6.660    32.3752    24.5539 0.0000e+00
 281.499606      6.580  37.292806    11.9911     8.5883      6.525    32.3763    24.5538 0.0000e+00
 281.499612      6.447  37.293841    11.9935     8.5724      6.393    32.3753    24.5526 0.0000e+00
 281.499618      6.306  37.291452    11.9951     8.5668      6.253    32.3716    24.5494 0.0000e+00
 281.499624      6.154  37.290301    11.9983     8.5476      6.103    32.3678    24.5459 0.0000e+00
 281.499630      5.999  37.294457    12.0026     8.5580      5.949    32.3681    24.5453 0.0000e+00
 281.499635      5.851  37.301057    12.0056     8.5814      5.802    32.3720    24.5477 0.0000e+00
 281.499641      5.710  37.303771    12.0069     8.6372      5.662    32.3735    24.5487 0.0000e+00
 281.499647      5.570  37.301174    12.0083     8.7105      5.523    32.3698    24.5456 0.0000e+00
 281.499653      5.433  37.297092    12.0107     8.7776      5.388    32.3639    24.5405 0.0000e+00
 281.499659      5.293  37.295608    12.0132     8.8069      5.249    32.3603    24.5373 0.0000e+00
 281.499664      5.146  37.297548    12.0157     8.8235      5.103    32.3601    24.5366 0.0000e+00
 281.499670      4.995  37.302696    12.0180     8.8399      4.953    32.3631    24.5386 0.0000e+00
 281.499676      4.848  37.310631    12.0199     8.8541      4.807    32.3692    24.5429 0.0000e+00
 281.499682      4.709  37.318485    12.0223     8.8698      4.670    32.3748    24.5468 0.0000e+00
 281.499687      4.572  37.323282    12.0258     8.8576      4.534    32.3764    24.5474 0.0000e+00
 281.499693      4.433  37.325251    12.0297     8.8179      4.396    32.3750    24.5456 0.0000e+00
 281.499699      4.296  37.327580    12.0341     8.7896      4.260    32.3735    24.5436 0.0000e+00
 281.499705      4.162  37.330013    12.0388     8.8228      4.127    32.3718    24.5414 0.0000e+00
 281.499711      4.021  37.329069    12.0422     8.8907      3.987    32.3680    24.5378 0.0000e+00
 281.499716      3.874  37.327413    12.0435     8.9569      3.842    32.3653    24.5355 0.0000e+00
 281.499722      3.728  37.329566    12.0440     8.9781      3.697    32.3670    24.5367 0.0000e+00
 281.499728      3.586  37.332235    12.0453     8.9682      3.556    32.3685    24.5376 0.0000e+00
 281.499734      3.444  37.332813    12.0502     8.9828      3.415    32.3649    24.5339 0.0000e+00
 281.499740      3.297  37.335436    12.0582     9.0435      3.269    32.3606    24.5290 0.0000e+00
 281.499745      3.149  37.343041    12.0657     9.1190      3.123    32.3615    24.5283 0.0000e+00
 281.499751      3.007  37.351196    12.0713     9.1877      2.982    32.3645    24.5297 0.0000e+00
 281.499757      2.875  37.353963    12.0753     9.2142      2.851    32.3638    24.5283 0.0000e+00
 281.499763      2.745  37.354476    12.0815     9.2169      2.722    32.3589    24.5234 0.0000e+00
 281.499769      2.604  37.360704    12.0925     9.2007      2.582    32.3555    24.5187 0.0000e+00
 281.499774      2.451  37.372546    12.1055     9.1785      2.431    32.3557    24.5164 0.0000e+00
 281.499780      2.300  37.386737    12.1194     9.1663      2.281    32.3574    24.5151 0.0000e+00
 281.499786      2.160  37.406507    12.1355     9.1659      2.142    32.3625    24.5161 0.0000e+00
 281.499792      2.032  37.430759    12.1494     9.1515      2.015    32.3739    24.5223 -9.990e-29
 281.499797      1.909  37.443071    12.1564     9.1011      1.893    32.3797    24.5255 -9.990e-29
 281.499803      1.781  37.438003    12.1597     9.0190      1.766    32.3720    24.5189 0.0000e+00
 281.499809      1.650  37.434582    12.1658     8.8696      1.636    32.3635    24.5112 0.0000e+00
 281.499815      1.523  37.442821    12.1768     8.7332      1.510    32.3620    24.5079 -9.990e-29
 281.499821      1.407  37.456891    12.1871     8.8896      1.395    32.3666    24.5096 -9.990e-29
 281.499826      1.302  37.462487    12.1916     9.3958      1.291    32.3682    24.5099 -9.990e-29
 281.499832      1.206  37.458105    12.1978     9.5743      1.196    32.3586    24.5014 -9.990e-29
 281.499838      1.113  37.459204    12.2118     8.3948      1.104    32.3476    24.4902 -9.990e-29
 281.499844      1.020  37.464447    12.2237     7.0713      1.011    32.3424    24.4839 -9.990e-29
 281.499850      0.935  37.460650    12.2189     5.9609      0.927    32.3429    24.4852 -9.990e-29
 281.499855      0.866  37.430984    12.1951     5.3441      0.859    32.3350    24.4836 -9.990e-29
 281.499861      0.812  37.340383    12.1588     5.1348      0.805    32.2793    24.4471 -9.990e-29
 281.499867      0.771  37.086539    12.1192     5.1708      0.765    32.0692    24.2916 -9.990e-29
 281.499873      0.738  36.346121    12.0795     5.2548      0.732    31.3915    23.7734 -9.990e-29
 281.499878      0.713  34.140865    12.0366     5.4005      0.707    29.3184    22.1742 -9.990e-29
 281.499884      0.693  28.967459    11.9912     5.5235      0.687    24.4800    18.4361 -9.990e-29
 281.499890      0.677  20.704733    11.9477     5.6363      0.671    16.9593    12.6303 -9.990e-29
 281.499896      0.664  12.667274    11.9088     5.7284      0.658     9.9546     7.2263 -9.990e-29
 281.499902      0.655   8.053748    11.8755     5.8053      0.650     6.1153     4.2629 -9.990e-29
 281.499907      0.647   5.967567    11.8495     5.8636      0.642     4.4378     2.9674 -9.990e-29
 281.499913      0.640   4.856815    11.8289     5.9115      0.635     3.5636     2.2922 -9.990e-29
 281.499919      0.635   4.507795    11.8113     5.9468      0.630     3.2929     2.0843 -9.990e-29
 281.499925      0.630   4.556884    11.8002     5.9694      0.625     3.3321     2.1161 -9.990e-29
 281.499931      0.625   4.617228    11.7939     6.0006      0.620     3.3797     2.1538 -9.990e-29
 281.499936      0.620   4.471981    11.7825   -10.9923      0.615     3.2675     2.0681 -9.990e-29
 281.499942      0.616   4.033029    11.7627   -15.4354      0.611     2.9288     1.8076 -9.990e-29
 281.499948      0.610   3.430776    11.7405   -15.3665      0.605     2.4679     1.4522 -9.990e-29
 281.499954      0.603   2.841596    11.7210   -10.7986      0.598     2.0222     1.1081 -9.990e-29
 281.499959      0.600   2.402324    11.7056    -1.7284      0.595     1.6939     0.8544 -9.990e-29
 281.499965      0.603   2.154113    11.6969    -1.7287      0.598     1.5101     0.7124 -9.990e-29
 281.499971      0.609   2.010257    11.6944    -1.7284      0.604     1.4040     0.6301 -9.990e-29
 281.499977      0.615   1.885516    11.6917    -1.7293      0.610     1.3125     0.5591 -9.990e-29
 281.499983      0.619   1.741219    11.6859    -1.7299      0.614     1.2072     0.4777 -9.990e-29
 281.499988      0.624   1.585867    11.6786    -1.7308      0.619     1.0945     0.3907 -9.990e-29
 281.499994      0.628   1.449275    11.6687    -1.7317      0.623     0.9960     0.3150 -9.990e-29
 281.500000      0.632   1.357399    11.6572    -1.7315      0.627     0.9302     0.2650 -9.990e-29
 281.500006      0.637   1.315353    11.6474    -1.7310      0.632     0.9002     0.2427 -9.990e-29
 281.500012      0.642   1.306466    11.6413    -1.7300      0.637     0.8940     0.2385 -9.990e-29
 281.500017      0.649   1.312787    11.6374    -1.7298      0.644     0.8986     0.2426 -9.990e-29
 281.500023      0.653   1.319441    11.6322    -1.7293      0.648     0.9035     0.2470 -9.990e-29
 281.500029      0.650   1.320321    11.6256    -1.7285      0.645     0.9043     0.2483 -9.990e-29
 281.500035      0.644   1.312715    11.6193    -1.7274      0.639     0.8990     0.2449 -9.990e-29
 281.500041      0.640   1.280934    11.6134    -1.7277      0.635     0.8763     0.2279 -9.990e-29
 281.500046      0.637   1.226987    11.6087    -1.7278      0.632     0.8378     0.1983 -9.990e-29
 281.500052      0.634   1.169377    11.6060    -1.7279      0.629     0.7968     0.1666 -9.990e-29
 281.500058      0.632   1.132259    11.6037    -1.7278      0.627     0.7704     0.1462 -9.990e-29
 281.500064      0.631   1.142146    11.6009    -1.7278      0.626     0.7775     0.1521 -9.990e-29
 281.500069      0.629   1.201125    11.6010 -9.990e-29      0.624     0.8195     0.1849 -9.990e-29
 281.500075      0.628   1.281874    11.6096 -9.990e-29      0.623     0.8771     0.2289 -9.990e-29
 281.500081      0.628   1.347813    11.6301 -9.990e-29      0.623     0.9239     0.2631 -9.990e-29
 281.500087      0.627   1.379780    11.6558 -9.990e-29      0.622     0.9463     0.2777 -9.990e-29
 281.500093      0.627   1.368244    11.6748 -9.990e-29      0.622     0.9375     0.2687 -9.990e-29
 281.500098      0.626   1.315581    11.6847 -9.990e-29      0.621     0.8995     0.2380 -9.990e-29
 281.500104      0.626   1.251442    11.6900 -9.990e-29      0.621     0.8535     0.2015 -9.990e-29
 281.500110      0.626   1.204597    11.6931 -9.990e-29      0.621     0.8200     0.1750 -9.990e-29
 281.500116      0.626   1.178051    11.6942 -9.990e-29      0.621     0.8011     0.1601 -9.990e-29
 281.500122      0.626   1.163594 -9.990e-29 -9.990e-29      0.621 -9.990e-29 -9.990e-29 -9.990e-29
