data/oxygen options/OCNMS/OCNMS1/raw_data/2009/CTD_CA015_090209faed.cnv
* Sea-Bird SBE19 Data File:
* FileName = C:\2009_MOORING_DATA\090209_data\CTD_CA015_090209.hex
* Software Version 1.24
* Temperature SN = 2997
* Conductivity SN = 2997
* System UpLoad Time = Sep 02 2009 17:33:15
* SEACAT PROFILER V3.1c SN 2997   09/02/09  17:32:34.194
* strain gauge pressure sensor: S/N = 184829,  range = 3000 psia,  tc = 40
# nquan = 9                                 
# nvalues = 1307                        
# units = specified
# name 0 = timeJ: Julian Days
# name 1 = prSM: Pressure, Strain Gauge [db]
# name 2 = c0mS/cm: Conductivity [mS/cm]
# name 3 = t090C: Temperature [ITS-90, deg C]
# name 4 = sbeox0ML/L: Oxygen, SBE 43 [ml/l]
# name 5 = depSM: Depth [salt water, m], lat = 47.5
# name 6 = sal00: Salinity, Practical [PSU]
# name 7 = sigma-é00: Density [sigma-theta, kg/m^3]
# name 8 = flag: flag
# span 0 = 245.711331, 245.718889       
# span 1 =     -5.547,     14.834       
# span 2 =   0.176907,  39.215352       
# span 3 =    11.2772,    14.1549       
# span 4 =    -1.6559,    13.5876       
# span 5 =     -5.501,     14.710       
# span 6 =     0.1076,    33.5966       
# span 7 =    -0.6815,    25.3788       
# span 8 = 0.0000e+00, 0.0000e+00       
# interval = seconds: 0.5
# start_time = Sep 02 2009 17:04:19 [Instrument's time stamp, header]
# bad_flag = -9.990e-29
*END*
[from data line 161]
 245.712263      0.096  39.133054    12.6424    -1.3802      0.095    33.5747    25.3591 -9.990e-29
 245.712269      0.106  39.108297    12.6390    -1.3808      0.105    33.5541    25.3437 -9.990e-29
 245.712274      0.118  39.091143    12.6324    -1.3821      0.117    33.5435    25.3369 -9.990e-29
 245.712280      0.128  39.111988    12.6254    -1.3826      0.127    33.5697    25.3585 -9.990e-29
 245.712286      0.131  39.142583    12.6281    -1.3817      0.130    33.5966    25.3788 -9.990e-29
 245.712292      0.133  39.133477    12.6410    -1.3812      0.132    33.5763    25.3606 -9.990e-29
 245.712297      0.138  39.068617    12.6500    -1.3812      0.137    33.5063    25.3046 -9.990e-29
 245.712303      0.146  38.984868    12.6457    -1.3829      0.145    33.4300    25.2463 -9.990e-29
 245.712309      0.158  38.942686    12.6332    -1.3827      0.157    33.4008    25.2261 -9.990e-29
 245.712315      0.175  38.974416    12.6230    -1.3811      0.174    33.4402    25.2586 -9.990e-29
 245.712321      0.193  39.045019    12.6197    -1.3808      0.191    33.5107    25.3139 -9.990e-29
 245.712326      0.205  39.077664    12.6208    -1.3817      0.203    33.5409    25.3371 -9.990e-29
 245.712332      0.211  39.038530    12.6191    -1.3820      0.209    33.5050    25.3096 -9.990e-29
 245.712338      0.221  38.967387    12.6077    -1.3824      0.219    33.4471    25.2669 -9.990e-29
 245.712344      0.239  38.939250    12.5906    -1.3821      0.237    33.4353    25.2611 -9.990e-29
 245.712350      0.263  38.983328    12.5795    -1.3812      0.261    33.4874    25.3036 -9.990e-29
 245.712355      0.285  39.044046    12.5795    -1.3811      0.283    33.5455    25.3487 -9.990e-29
 245.712361      0.303  39.048773    12.5879    -1.3814      0.300    33.5426    25.3448 -9.990e-29
 245.712367      0.317  39.006066    12.5972    -1.3824      0.314    33.4934    25.3048 -9.990e-29
 245.712373      0.329  38.994096    12.6038    -1.3837      0.326    33.4760    25.2901 -9.990e-29
 245.712378      0.339  39.027755    12.6116    -1.3844      0.336    33.5013    25.3082 -9.990e-29
 245.712384      0.349  39.038138    12.6209    -1.3838      0.346    33.5030    25.3077 -9.990e-29
 245.712390      0.357  38.997063    12.6254    -1.3825      0.354    33.4597    25.2732 -9.990e-29
 245.712396      0.366  38.942833    12.6211    -1.3822      0.363    33.4116    25.2368 -9.990e-29
 245.712402      0.376  38.918641    12.6106    -1.3835      0.373    33.3978    25.2281 -9.990e-29
 245.712407      0.387  38.947180    12.6008    -1.3848      0.384    33.4338    25.2580 -9.990e-29
 245.712413      0.399  39.005415    12.5990    -1.3849      0.396    33.4911    25.3027 -9.990e-29
 245.712419      0.411  39.035906    12.6028    -1.3852      0.408    33.5169    25.3220 -9.990e-29
 245.712425      0.417  39.000276    12.6031    -1.3856      0.414    33.4825    25.2953 -9.990e-29
 245.712431      0.423  38.908774    12.5959    -1.3849      0.419    33.4014    25.2338 -9.990e-29
 245.712436      0.432  38.816554    12.5835    -1.3839      0.428    33.3241    25.1763 -9.990e-29
 245.712442      0.447  38.785098    12.5721    -1.3836      0.443    33.3041    25.1630 -9.990e-29
 245.712448      0.463  38.835820    12.5668    -1.3850      0.459    33.3574    25.2053 -9.990e-29
 245.712454      0.473  38.913600    12.5641    -1.3855      0.469    33.4342    25.2654 -9.990e-29
 245.712459      0.474  38.928760    12.5610    -1.3844      0.470    33.4515    25.2794 -9.990e-29
 245.712465      0.470  38.865649    12.5562    -1.3838      0.466    33.3953    25.2368 -9.990e-29
 245.712471      0.468  38.785322    12.5421    -1.3831      0.464    33.3309    25.1896 -9.990e-29
 245.712477      0.473  38.738212    12.5192    -1.3829      0.469    33.3061    25.1748 -9.990e-29
 245.712483      0.486  38.737754    12.5007    -1.3835      0.482    33.3220    25.1907 -9.990e-29
 245.712488      0.503  38.785591    12.4940    -1.3846      0.499    33.3738    25.2322 -9.990e-29
 245.712494      0.517  38.864235    12.4954    -1.3862      0.513    33.4480    25.2894 -9.990e-29
 245.712500      0.523  38.927205    12.5006    10.2292      0.519    33.5038    25.3316 -9.990e-29
 245.712506      0.523  38.928983    12.5077    13.3943      0.519    33.4992    25.3267 -9.990e-29
 245.712512      0.521  38.878682    12.5141    13.5876      0.517    33.4452    25.2836 -9.990e-29
 245.712517      0.525  38.848269    12.5192    11.0711      0.521    33.4115    25.2565 -9.990e-29
 245.712523      0.536  38.876251    12.5250     5.6079      0.532    33.4332    25.2722 -9.990e-29
 245.712529      0.545  38.927080    12.5306     6.0442      0.540    33.4769    25.3050 -9.990e-29
 245.712535      0.549  38.959794    12.5342     6.2675      0.544    33.5051    25.3261 -9.990e-29
 245.712541      0.549  38.949637    12.5358     6.2126      0.544    33.4939    25.3172 -9.990e-29
 245.712546      0.548  38.883641    12.5352     6.0812      0.543    33.4312    25.2687 -9.990e-29
 245.712552      0.555  38.769126    12.5302     5.9522      0.550    33.3259    25.1880 -9.990e-29
 245.712558      0.570  38.633360    12.5222     5.8456      0.565    33.2029    25.0942 -9.990e-29
 245.712564      0.586  38.523476    12.5172     5.7626      0.581    33.1021    25.0170 -9.990e-29
 245.712569      0.599  38.468984    12.5158     5.7035      0.594    33.0512    24.9778 -9.990e-29
 245.712575      0.611  38.452733    12.5147     5.6741      0.606    33.0366    24.9667 -9.990e-29
 245.712581      0.622  38.447464    12.5136     5.6515      0.617    33.0325    24.9638 -9.990e-29
 245.712587      0.632  38.444485    12.5142     5.6287      0.627    33.0291    24.9610 -9.990e-29
 245.712593      0.643  38.446002    12.5166     5.6230      0.638    33.0285    24.9601 -9.990e-29
 245.712598      0.655  38.451250    12.5192     5.6115      0.650    33.0312    24.9617 -9.990e-29
 245.712604      0.669  38.454351    12.5203     5.6104      0.663    33.0332    24.9630 -9.990e-29
 245.712610      0.686  38.452727    12.5191     5.6066      0.680    33.0327    24.9628 -9.990e-29
 245.712616      0.703  38.448150    12.5145     5.5992      0.697    33.0323    24.9635 -9.990e-29
 245.712622      0.716  38.442942    12.5086     5.5918      0.710    33.0325    24.9648 -9.990e-29
 245.712627      0.726  38.439139    12.5068     5.5961      0.720    33.0305    24.9635 -9.990e-29
 245.712633      0.734  38.437290    12.5093     5.6006      0.728    33.0265    24.9599 -9.990e-29
 245.712639      0.745  38.434383    12.5105     5.6053      0.739    33.0227    24.9567 -9.990e-29
 245.712645      0.763  38.429918    12.5106     5.5968      0.757    33.0183    24.9533 -9.990e-29
 245.712650      0.786  38.428049    12.5129     5.5875      0.779    33.0145    24.9499 -9.990e-29
 245.712656      0.806  38.429660    12.5160     5.5889      0.799    33.0133    24.9484 -9.990e-29
 245.712662      0.821  38.431308    12.5152     5.6019      0.814    33.0156    24.9503 -9.990e-29
 245.712668      0.830  38.430159    12.5098     5.6147      0.823    33.0192    24.9542 -9.990e-29
 245.712674      0.836  38.425258    12.5039     5.6283      0.829    33.0197    24.9557 -9.990e-29
 245.712679      0.838  38.417373    12.5007     5.6322      0.831    33.0150    24.9526 -9.990e-29
 245.712685      0.836  38.412259    12.5005     5.6188      0.829    33.0102    24.9490 -9.990e-29
 245.712691      0.831  38.414318    12.5020     5.6169      0.824    33.0109    24.9492 -9.990e-29
 245.712697      0.825  38.417344    12.5020     5.6102      0.818    33.0138    24.9515 -9.990e-29
 245.712703      0.829  38.415855    12.4997     5.6010      0.822    33.0144    24.9524 -9.990e-29
 245.712708      0.840  38.412928    12.4981     5.6080      0.833    33.0130    24.9516 -9.990e-29
 245.712714      0.853  38.411960    12.4992     5.6001      0.846    33.0111    24.9499 -9.990e-29
 245.712720      0.863  38.413916    12.5018     5.6006      0.856    33.0107    24.9491 -9.990e-29
 245.712726      0.870  38.416933    12.5026     5.6020      0.863    33.0129    24.9507 -9.990e-29
 245.712731      0.877  38.416644    12.5005     5.6003      0.870    33.0144    24.9523 -9.990e-29
 245.712737      0.882  38.412117    12.4975     5.6105      0.875    33.0127    24.9515 -9.990e-29
 245.712743      0.886  38.407980    12.4953     5.6053      0.879    33.0107    24.9504 -9.990e-29
 245.712749      0.890  38.407324    12.4950     5.5970      0.883    33.0103    24.9502 -9.990e-29
 245.712755      0.893  38.408721    12.4966     5.5868      0.886    33.0103    24.9498 -9.990e-29
 245.712760      0.896  38.410301    12.4969     5.5831      0.889    33.0115    24.9507 -9.990e-29
 245.712766      0.900  38.409693    12.4945     5.5947      0.892    33.0130    24.9523 -9.990e-29
 245.712772      0.903  38.406275    12.4918     5.6017      0.895    33.0121    24.9522 -9.990e-29
 245.712778      0.908  38.403340    12.4905     5.6051      0.900    33.0105    24.9511 -9.990e-29
 245.712784      0.912  38.403143    12.4899     5.6103      0.904    33.0108    24.9515 -9.990e-29
 245.712789      0.918  38.404861    12.4899     5.6218      0.910    33.0124    24.9528 -9.990e-29
 245.712795      0.926  38.406304    12.4904     5.6259      0.918    33.0134    24.9534 -9.990e-29
 245.712801      0.935  38.407156    12.4908     5.6238      0.927    33.0138    24.9537 -9.990e-29
 245.712807      0.948  38.408554    12.4914     5.6098      0.940    33.0146    24.9542 -9.990e-29
 245.712813      0.959  38.410683    12.4928     5.5939      0.951    33.0154    24.9545 -9.990e-29
 245.712818      0.965  38.413019    12.4946     5.5918      0.957    33.0161    24.9547 -9.990e-29
 245.712824      0.968  38.414195    12.4956     5.6001      0.960    33.0163    24.9547 -9.990e-29
 245.712830      0.967  38.413538    12.4955     5.6073      0.959    33.0158    24.9543 -9.990e-29
 245.712836      0.966  38.411856    12.4949     5.6244      0.958    33.0147    24.9536 -9.990e-29
 245.712841      0.969  38.410275    12.4941     5.6331      0.961    33.0139    24.9531 -9.990e-29
 245.712847      0.978  38.408928    12.4936     5.6175      0.970    33.0131    24.9525 -9.990e-29
 245.712853      0.987  38.407704    12.4942     5.6040      0.979    33.0114    24.9511 -9.990e-29
 245.712859      0.989  38.407775    12.4966     5.5999      0.981    33.0093    24.9491 -9.990e-29
 245.712865      0.985  38.410358    12.5004     5.6023      0.977    33.0084    24.9477 -9.990e-29
 245.712870      0.982  38.413854    12.5036     5.6112      0.974    33.0090    24.9475 -9.990e-29
 245.712876      0.984  38.416201    12.5049     5.6197      0.976    33.0101    24.9481 -9.990e-29
 245.712882      0.992  38.417170    12.5047     5.6111      0.984    33.0112    24.9490 -9.990e-29
 245.712888      1.007  38.416371    12.5035     5.6092      0.999    33.0115    24.9494 -9.990e-29
 245.712894      1.024  38.414425    12.5024     5.5870      1.015    33.0106    24.9489 -9.990e-29
 245.712899      1.036  38.413221    12.5024     5.5871      1.027    33.0094    24.9480 -9.990e-29
 245.712905      1.045  38.413959    12.5032     5.5926      1.036    33.0094    24.9479 -9.990e-29
 245.712911      1.054  38.415944    12.5035     5.6048      1.045    33.0110    24.9491 -9.990e-29
 245.712917      1.065  38.416779    12.5020     5.6285      1.056    33.0132    24.9510 -9.990e-29
 245.712922      1.079  38.415339    12.4995     5.6217      1.070    33.0140    24.9521 -9.990e-29
 245.712928      1.091  38.413627    12.4979     5.6045      1.082    33.0137    24.9522 -9.990e-29
 245.712934      1.099  38.413847    12.4980     5.5940      1.090    33.0138    24.9523 -9.990e-29
 245.712940      1.102  38.415732    12.4997     5.5889      1.093    33.0142    24.9522 -9.990e-29
 245.712946      1.102  38.417875    12.5020     5.6026      1.093    33.0142    24.9518 -9.990e-29
 245.712951      1.102  38.418652    12.5028     5.6182      1.093    33.0142    24.9517 -9.990e-29
 245.712957      1.106  38.416857    12.5012     5.6269      1.097    33.0139    24.9517 -9.990e-29
 245.712963      1.112  38.413465    12.4983     5.6200      1.103    33.0132    24.9518 -9.990e-29
 245.712969      1.113  38.411239    12.4964     5.6132      1.104    33.0128    24.9518 -9.990e-29
 245.712975      1.112  38.411697    12.4966     5.6076      1.103    33.0130    24.9519 -9.990e-29
 245.712980      1.107  38.413770    12.4979     5.6055      1.098    33.0139    24.9523 -9.990e-29
 245.712986      1.103  38.415742    12.4991     5.6087      1.094    33.0147    24.9528 -9.990e-29
 245.712992      1.108  38.416880    12.4997     5.6154      1.099    33.0153    24.9531 -9.990e-29
 245.712998      1.122  38.417024    12.4992     5.6105      1.113    33.0158    24.9536 -9.990e-29
 245.713003      1.142  38.415806    12.4980     5.6021      1.132    33.0157    24.9538 -9.990e-29
 245.713009      1.169  38.413845    12.4972     5.6053      1.159    33.0145    24.9530 -9.990e-29
 245.713015      1.196  38.413014    12.4971     5.6053      1.186    33.0138    24.9524 -9.990e-29
 245.713021      1.213  38.413886    12.4977     5.6169      1.203    33.0141    24.9526 -9.990e-29
 245.713027      1.216  38.415382    12.4995     5.6270      1.206    33.0140    24.9521 -9.990e-29
 245.713032      1.209  38.416696    12.5022     5.6185      1.199    33.0128    24.9507 -9.990e-29
 245.713038      1.201  38.417903    12.5042     5.6086      1.191    33.0122    24.9499 -9.990e-29
 245.713044      1.195  38.418933    12.5050     5.6018      1.185    33.0125    24.9499 -9.990e-29
 245.713050      1.191  38.419479    12.5050     5.6130      1.181    33.0131    24.9503 -9.990e-29
 245.713056      1.189  38.419711    12.5047     5.6151      1.179    33.0135    24.9508 -9.990e-29
 245.713061      1.189  38.419942    12.5046     5.6230      1.179    33.0138    24.9510 -9.990e-29
 245.713067      1.190  38.420481    12.5049     5.6277      1.180    33.0141    24.9512 -9.990e-29
 245.713073      1.193  38.421489    12.5058     5.6177      1.183    33.0143    24.9511 -9.990e-29
 245.713079      1.197  38.422629    12.5068     5.6176      1.187    33.0145    24.9511 -9.990e-29
 245.713084      1.204  38.423183    12.5075     5.6193      1.194    33.0144    24.9509 -9.990e-29
 245.713090      1.213  38.422770    12.5076     5.6126      1.203    33.0139    24.9505 -9.990e-29
 245.713096      1.225  38.421961    12.5076     5.6210      1.215    33.0131    24.9499 -9.990e-29
 245.713102      1.237  38.421923    12.5080     5.6138      1.227    33.0127    24.9495 -9.990e-29
 245.713108      1.245  38.423166    12.5091     5.6105      1.235    33.0130    24.9495 -9.990e-29
 245.713113      1.250  38.425108    12.5108     5.6258      1.240    33.0133    24.9494 -9.990e-29
 245.713119      1.251  38.426977    12.5123     5.6408      1.241    33.0138    24.9495 -9.990e-29
 245.713125      1.254  38.428465    12.5132     5.6475      1.244    33.0144    24.9498 -9.990e-29
 245.713131      1.262  38.429317    12.5135     5.6442      1.251    33.0150    24.9502 -9.990e-29
 245.713137      1.277  38.429549    12.5135     5.6267      1.266    33.0152    24.9504 -9.990e-29
 245.713142      1.294  38.430033    12.5136     5.6250      1.283    33.0156    24.9506 -9.990e-29
 245.713148      1.307  38.430858    12.5142     5.6201      1.296    33.0158    24.9507 -9.990e-29
 245.713154      1.312  38.431442    12.5151     5.6332      1.301    33.0156    24.9504 -9.990e-29
 245.713160      1.314  38.432006    12.5158     5.6247      1.303    33.0155    24.9502 -9.990e-29
 245.713166      1.321  38.432182    12.5162     5.6196      1.310    33.0153    24.9500 -9.990e-29
 245.713171      1.333  38.431086    12.5166     5.6330      1.322    33.0139    24.9488 -9.990e-29
 245.713177      1.343  38.429503    12.5167     5.6330      1.332    33.0123    24.9475 -9.990e-29
