data/oxygen options/OCNMS/OCNMS1/raw_data/2009/CTD_CE015_100809faed.cnv
* Sea-Bird SBE19 Data File:
* FileName = C:\2009_MOORING_DATA\100709_DATA\CTD_CE015_100809.hex
* Software Version 1.24
* Temperature SN = 2997
* Conductivity SN = 2997
* System UpLoad Time = Oct 08 2009 13:48:39
* SEACAT PROFILER V3.1c SN 2997   10/08/09  13:47:49.959
* strain gauge pressure sensor: S/N = 184829,  range = 3000 psia,  tc = 40
# nquan = 9                                 
# nvalues = 2916                        
# units = specified
# name 0 = timeJ: Julian Days
# name 1 = prSM: Pressure, Strain Gauge [db]
# name 2 = c0mS/cm: Conductivity [mS/cm]
# name 3 = t090C: Temperature [ITS-90, deg C]
# name 4 = sbeox0ML/L: Oxygen, SBE 43 [ml/l]
# name 5 = depSM: Depth [salt water, m], lat = 47.5
# name 6 = sal00: Salinity, Practical [PSU]
# name 7 = sigma-é00: Density [sigma-theta, kg/m^3]
# name 8 = flag: flag
# span 0 = 281.550718, 281.567587       
# span 1 =     -5.223,     18.281       
# span 2 =   0.165206,  37.874659       
# span 3 =     9.4783,    13.5820       
# span 4 =    -1.7010,    18.6274       
# span 5 =     -5.179,     18.128       
# span 6 =     0.1018,    32.9461       
# span 7 =    -0.6149,    25.4341       
# span 8 = 0.0000e+00, 0.0000e+00       
# interval = seconds: 0.5
# start_time = Oct 08 2009 13:13:02 [Instrument's time stamp, header]
# bad_flag = -9.990e-29
*END*
[from data line 1441]
 281.559057     14.894  36.028830    10.1646     3.1910     14.769    32.7423    25.1622 -9.990e-29
 281.559062     14.854  36.075131    10.1880     3.1054     14.729    32.7679    25.1782 -9.990e-29
 281.559068     14.840  36.096824    10.1891     3.0240     14.716    32.7889    25.1944 -9.990e-29
 281.559074     14.853  36.088008    10.1774     2.9746     14.729    32.7905    25.1976 -9.990e-29
 281.559080     14.880  36.051070    10.1514     2.9542     14.755    32.7767    25.1912 -9.990e-29
 281.559086     14.909  36.000085    10.1121     2.9558     14.784    32.7607    25.1853 -9.990e-29
 281.559091     14.939  35.948520    10.0707     2.9988     14.814    32.7460    25.1808 -9.990e-29
 281.559097     14.966  35.908309    10.0342     3.1024     14.841    32.7383    25.1809 -9.990e-29
 281.559103     14.985  35.884320    10.0134     3.2383     14.859    32.7328    25.1801 -9.990e-29
 281.559109     14.988  35.873737    10.0019     3.3754     14.862    32.7325    25.1817 -9.990e-29
 281.559115     14.971  35.874807     9.9781     3.4514     14.846    32.7552    25.2034 -9.990e-29
 281.559120     14.936  35.886186     9.9668     3.4418     14.811    32.7770    25.2223 -9.990e-29
 281.559126     14.891  35.919160    10.0081     3.3603     14.766    32.7730    25.2123 -9.990e-29
 281.559132     14.845  35.979614    10.0890     3.2410     14.721    32.7610    25.1894 -9.990e-29
 281.559138     14.813  36.043378    10.1616     3.1338     14.689    32.7598    25.1763 -9.990e-29
 281.559144     14.805  36.084543    10.2013     3.0523     14.681    32.7654    25.1740 -9.990e-29
 281.559149     14.825  36.100321    10.2041     3.0097     14.701    32.7788    25.1840 -9.990e-29
 281.559155     14.869  36.087701    10.1602     2.9806     14.744    32.8058    25.2124 -9.990e-29
 281.559161     14.929  36.033819    10.0902     3.0041     14.804    32.8147    25.2311 -9.990e-29
 281.559167     14.986  35.965510    10.0456     3.0889     14.860    32.7859    25.2161 -9.990e-29
 281.559172     15.023  35.934638    10.0333     3.1970     14.897    32.7658    25.2025 -9.990e-29
 281.559178     15.037  35.930881    10.0081     3.3153     14.911    32.7848    25.2215 -9.990e-29
 281.559184     15.038  35.910026     9.9681     3.3933     14.912    32.8000    25.2400 -9.990e-29
 281.559190     15.027  35.891385     9.9726     3.4255     14.901    32.7770    25.2213 -9.990e-29
 281.559196     14.998  35.917948    10.0292     3.4178     14.872    32.7526    25.1929 -9.990e-29
 281.559201     14.953  35.970230    10.0905     3.3731     14.828    32.7501    25.1806 -9.990e-29
 281.559207     14.904  36.016536    10.1413     3.3162     14.779    32.7509    25.1728 -9.990e-29
 281.559213     14.867  36.060929    10.1825     3.2759     14.742    32.7586    25.1718 -9.990e-29
 281.559219     14.853  36.093153    10.2049     3.2732     14.729    32.7709    25.1776 -9.990e-29
 281.559225     14.858  36.101851    10.2056     3.3064     14.733    32.7790    25.1839 -9.990e-29
 281.559230     14.872  36.094741    10.1893     3.3497     14.747    32.7866    25.1925 -9.990e-29
 281.559236     14.889  36.071909    10.1670     3.3732     14.764    32.7837    25.1940 -9.990e-29
 281.559242     14.900  36.045540    10.1548     3.3608     14.775    32.7681    25.1839 -9.990e-29
 281.559248     14.903  36.035995    10.1601     3.3212     14.778    32.7536    25.1717 -9.990e-29
 281.559253     14.902  36.050752    10.1759     3.2653     14.777    32.7542    25.1696 -9.990e-29
 281.559259     14.901  36.078134    10.1953     3.2453     14.776    32.7644    25.1742 -9.990e-29
 281.559265     14.903  36.096400    10.2137     3.2651     14.778    32.7662    25.1725 -9.990e-29
 281.559271     14.915  36.101359    10.2249     3.3152     14.790    32.7610    25.1666 -9.990e-29
 281.559277     14.931  36.092377    10.2250     3.3684     14.806    32.7519    25.1595 -9.990e-29
 281.559282     14.945  36.064245    10.2214     3.3864     14.820    32.7267    25.1405 -9.990e-29
 281.559288     14.949  36.037216    10.2272     3.3882     14.824    32.6942    25.1141 -9.990e-29
 281.559294     14.938  36.040859    10.2412     3.3599     14.813    32.6853    25.1048 -9.990e-29
 281.559300     14.917  36.071097    10.2531     3.3522     14.792    32.7051    25.1182 -9.990e-29
 281.559306     14.897  36.098226    10.2579     3.3587     14.772    32.7281    25.1353 -9.990e-29
 281.559311     14.889  36.108578    10.2574     3.3809     14.764    32.7390    25.1439 -9.990e-29
 281.559317     14.894  36.111511    10.2535     3.4103     14.769    32.7454    25.1496 -9.990e-29
 281.559323     14.902  36.108729    10.2481     3.4187     14.777    32.7475    25.1522 -9.990e-29
 281.559329     14.905  36.103284    10.2475     3.4143     14.780    32.7426    25.1484 -9.990e-29
 281.559334     14.900  36.108684    10.2536     3.3830     14.775    32.7425    25.1473 -9.990e-29
 281.559340     14.891  36.121516    10.2629     3.3502     14.766    32.7470    25.1493 -9.990e-29
 281.559346     14.885  36.132023    10.2720     3.3363     14.760    32.7494    25.1496 -9.990e-29
 281.559352     14.891  36.139118    10.2787     3.3203     14.766    32.7505    25.1493 -9.990e-29
 281.559358     14.913  36.142212    10.2805     3.3194     14.788    32.7520    25.1502 -9.990e-29
 281.559363     14.949  36.138741    10.2727     3.3170     14.824    32.7555    25.1543 -9.990e-29
 281.559369     14.987  36.122995    10.2600     3.3116     14.861    32.7511    25.1530 -9.990e-29
 281.559375     15.014  36.107081    10.2574     3.3266     14.888    32.7374    25.1427 -9.990e-29
 281.559381     15.022  36.107363    10.2644     3.3638     14.896    32.7314    25.1368 -9.990e-29
 281.559387     15.021  36.113598    10.2690     3.4077     14.895    32.7335    25.1377 -9.990e-29
 281.559392     15.018  36.116202    10.2662     3.4478     14.892    32.7387    25.1422 -9.990e-29
 281.559398     15.011  36.109160    10.2621     3.4600     14.885    32.7353    25.1402 -9.990e-29
 281.559404     14.993  36.098248    10.2665     3.4582     14.867    32.7203    25.1278 -9.990e-29
 281.559410     14.963  36.105380    10.2792     3.4514     14.838    32.7161    25.1224 -9.990e-29
 281.559416     14.925  36.125527    10.2918     3.4268     14.800    32.7250    25.1272 -9.990e-29
 281.559421     14.888  36.140754    10.2999     3.3821     14.763    32.7331    25.1321 -9.990e-29
 281.559427     14.862  36.148424    10.3045     3.3400     14.737    32.7366    25.1341 -9.990e-29
 281.559433     14.856  36.151516    10.3066     3.2999     14.731    32.7379    25.1347 -9.990e-29
 281.559439     14.872  36.153629    10.3061     3.2986     14.747    32.7404    25.1368 -9.990e-29
 281.559444     14.903  36.153134    10.3019     3.3228     14.778    32.7437    25.1401 -9.990e-29
 281.559450     14.935  36.143241    10.2927     3.3442     14.810    32.7420    25.1403 -9.990e-29
 281.559456     14.955  36.120322    10.2790     3.3375     14.830    32.7313    25.1343 -9.990e-29
 281.559462     14.962  36.084678    10.2672     3.2683     14.837    32.7060    25.1166 -9.990e-29
 281.559468     14.955  36.063917    10.2642     3.1525     14.830    32.6878    25.1029 -9.990e-29
 281.559473     14.939  36.082512    10.2670     3.0231     14.814    32.7040    25.1150 -9.990e-29
 281.559479     14.925  36.110364    10.2681     2.9269     14.800    32.7311    25.1360 -9.990e-29
 281.559485     14.926  36.117391    10.2617     2.8785     14.801    32.7440    25.1471 -9.990e-29
 281.559491     14.940  36.096190    10.2362     2.8792     14.815    32.7456    25.1527 -9.990e-29
 281.559497     14.962  36.043748    10.1725     2.9319     14.837    32.7502    25.1670 -9.990e-29
 281.559502     14.987  35.973682    10.0725     3.0059     14.861    32.7698    25.1991 -9.990e-29
 281.559508     15.017  35.909735     9.9762     3.1193     14.891    32.7923    25.2327 -9.990e-29
 281.559514     15.047  35.870911     9.9239     3.2427     14.921    32.8004    25.2477 -9.990e-29
 281.559520     15.059  35.859819     9.9216     3.3775     14.933    32.7912    25.2409 -9.990e-29
 281.559525     15.047  35.868971     9.9529     3.4880     14.921    32.7721    25.2208 -9.990e-29
 281.559531     15.015  35.895462     9.9998     3.5421     14.889    32.7564    25.2008 -9.990e-29
 281.559537     14.973  35.936543    10.0468     3.5127     14.847    32.7555    25.1922 -9.990e-29
 281.559543     14.930  35.988748    10.0969     3.4141     14.805    32.7630    25.1897 -9.990e-29
 281.559549     14.894  36.044949    10.1603     3.2690     14.769    32.7625    25.1786 -9.990e-29
 281.559554     14.870  36.089334    10.2195     3.1409     14.745    32.7538    25.1619 -9.990e-29
 281.559560     14.866  36.118917    10.2539     3.0630     14.741    32.7526    25.1551 -9.990e-29
 281.559566     14.888  36.135082    10.2604     3.0471     14.763    32.7630    25.1621 -9.990e-29
 281.559572     14.936  36.124681    10.2245     3.0764     14.811    32.7849    25.1853 -9.990e-29
 281.559578     14.990  36.065481    10.1477     3.1525     14.864    32.7946    25.2058 -9.990e-29
 281.559583     15.032  35.976098    10.0851     3.2708     14.906    32.7608    25.1900 -9.990e-29
 281.559589     15.053  35.930173    10.0722     3.3802     14.927    32.7260    25.1649 -9.990e-29
 281.559595     15.049  35.938223    10.0880     3.4349     14.923    32.7199    25.1575 -9.990e-29
 281.559601     15.024  35.950478    10.1138     3.3873     14.898    32.7090    25.1447 -9.990e-29
 281.559606     14.990  35.965940    10.1518     3.2738     14.864    32.6903    25.1237 -9.990e-29
 281.559612     14.957  36.009189    10.2001     3.1634     14.832    32.6904    25.1157 -9.990e-29
 281.559618     14.932  36.066195    10.2389     3.1061     14.807    32.7129    25.1267 -9.990e-29
 281.559624     14.926  36.102604    10.2521     3.0753     14.801    32.7377    25.1438 -9.990e-29
 281.559630     14.947  36.106481    10.2283     3.0634     14.822    32.7631    25.1677 -9.990e-29
 281.559635     14.987  36.061743    10.1641     3.0491     14.861    32.7760    25.1885 -9.990e-29
 281.559641     15.029  35.981631    10.0999     3.0502     14.903    32.7530    25.1814 -9.990e-29
 281.559647     15.053  35.940380    10.0720     3.1023     14.927    32.7365    25.1732 -9.990e-29
 281.559653     15.057  35.950258    10.0674     3.2113     14.931    32.7507    25.1850 -9.990e-29
 281.559659     15.049  35.962249    10.0616     3.3380     14.923    32.7681    25.1996 -9.990e-29
 281.559664     15.037  35.959872    10.0456     3.4434     14.911    32.7802    25.2117 -9.990e-29
 281.559670     15.026  35.947279    10.0401     3.5056     14.900    32.7724    25.2065 -9.990e-29
 281.559676     15.009  35.946385    10.0733     3.5067     14.883    32.7415    25.1768 -9.990e-29
 281.559682     14.987  35.982930    10.1395     3.4820     14.861    32.7186    25.1479 -9.990e-29
 281.559688     14.965  36.045143    10.2086     3.4478     14.840    32.7190    25.1366 -9.990e-29
 281.559693     14.947  36.096648    10.2571     3.4086     14.822    32.7272    25.1348 -9.990e-29
 281.559699     14.937  36.122665    10.2825     3.4003     14.812    32.7305    25.1331 -9.990e-29
 281.559705     14.941  36.134395    10.2964     3.4136     14.816    32.7298    25.1302 -9.990e-29
 281.559711     14.961  36.139116    10.3033     3.4483     14.836    32.7283    25.1278 -9.990e-29
 281.559716     14.985  36.129708    10.3045     3.4745     14.859    32.7177    25.1194 -9.990e-29
 281.559722     15.001  36.113279    10.3061     3.4715     14.875    32.6997    25.1051 -9.990e-29
 281.559728     15.001  36.115597    10.3088     3.4370     14.875    32.6997    25.1046 -9.990e-29
 281.559734     14.987  36.134183    10.3097     3.3593     14.861    32.7176    25.1184 -9.990e-29
 281.559740     14.969  36.147897    10.3100     3.2714     14.844    32.7311    25.1289 -9.990e-29
 281.559745     14.959  36.154326    10.3106     3.2038     14.834    32.7370    25.1334 -9.990e-29
 281.559751     14.962  36.158156    10.3074     3.1432     14.837    32.7438    25.1392 -9.990e-29
 281.559757     14.977  36.159484    10.2903     3.1064     14.851    32.7605    25.1552 -9.990e-29
 281.559763     15.006  36.157316    10.2537     3.0541     14.880    32.7914    25.1854 -9.990e-29
 281.559769     15.040  36.148237    10.2099     3.0158     14.914    32.8219    25.2166 -9.990e-29
 281.559774     15.067  36.129325    10.1842     3.0401     14.941    32.8260    25.2242 -9.990e-29
 281.559780     15.078  36.101720    10.1773     3.1362     14.952    32.8044    25.2084 -9.990e-29
 281.559786     15.079  36.062999    10.1505     3.2969     14.953    32.7895    25.2014 -9.990e-29
 281.559792     15.074  36.010300    10.0893     3.4512     14.948    32.7917    25.2133 -9.990e-29
 281.559797     15.063  35.952582    10.0398     3.5358     14.937    32.7781    25.2110 -9.990e-29
 281.559803     15.040  35.918813    10.0561     3.5578     14.914    32.7291    25.1700 -9.990e-29
 281.559809     15.001  35.946343    10.1355     3.5397     14.875    32.6852    25.1225 -9.990e-29
 281.559815     14.951  36.025920    10.2240     3.5175     14.826    32.6857    25.1080 -9.990e-29
 281.559821     14.904  36.100583    10.2818     3.4917     14.779    32.7089    25.1163 -9.990e-29
 281.559826     14.873  36.140457    10.3104     3.4268     14.748    32.7233    25.1227 -9.990e-29
 281.559832     14.867  36.156707    10.3225     3.3035     14.742    32.7287    25.1249 -9.990e-29
 281.559838     14.880  36.161490    10.3241     3.1515     14.755    32.7321    25.1273 -9.990e-29
 281.559844     14.904  36.160079    10.3199     3.0104     14.779    32.7345    25.1298 -9.990e-29
 281.559850     14.932  36.156769    10.3132     2.9508     14.807    32.7372    25.1331 -9.990e-29
 281.559855     14.963  36.148277    10.2983     3.0119     14.838    32.7420    25.1394 -9.990e-29
 281.559861     14.997  36.121048    10.2554     3.1377     14.871    32.7533    25.1554 -9.990e-29
 281.559867     15.032  36.055040    10.1721     3.2954     14.906    32.7619    25.1762 -9.990e-29
 281.559873     15.059  35.962008    10.0791     3.4219     14.933    32.7520    25.1841 -9.990e-29
 281.559878     15.066  35.895566    10.0268     3.4706     14.940    32.7320    25.1772 -9.990e-29
 281.559884     15.049  35.887044    10.0383     3.4728     14.923    32.7130    25.1605 -9.990e-29
 281.559890     15.012  35.936278    10.1060     3.4462     14.886    32.7016    25.1403 -9.990e-29
 281.559896     14.964  36.021492    10.1906     3.4183     14.839    32.7114    25.1337 -9.990e-29
 281.559902     14.920  36.094360    10.2496     3.4071     14.795    32.7317    25.1395 -9.990e-29
 281.559907     14.894  36.129334    10.2752     3.3979     14.769    32.7438    25.1447 -9.990e-29
 281.559913     14.893  36.138892    10.2767     3.3676     14.768    32.7521    25.1509 -9.990e-29
 281.559919     14.909  36.137479    10.2655     3.3289     14.784    32.7608    25.1596 -9.990e-29
 281.559925     14.925  36.127708    10.2583     3.2825     14.800    32.7574    25.1582 -9.990e-29
 281.559931     14.930  36.117296    10.2620     3.2513     14.805    32.7436    25.1467 -9.990e-29
 281.559936     14.924  36.118145    10.2692     3.2584     14.799    32.7380    25.1411 -9.990e-29
 281.559942     14.919  36.124674    10.2702     3.2864     14.794    32.7436    25.1454 -9.990e-29
 281.559948     14.928  36.121501    10.2570     3.3210     14.803    32.7523    25.1544 -9.990e-29
 281.559954     14.951  36.093764    10.2293     3.3562     14.826    32.7494    25.1568 -9.990e-29
 281.559959     14.977  36.053809    10.2033     3.3532     14.851    32.7325    25.1480 -9.990e-29
 281.559965     14.991  36.041959    10.1948     3.3222     14.865    32.7282    25.1461 -9.990e-29
 281.559971     14.984  36.060352    10.1992     3.2606     14.858    32.7428    25.1568 -9.990e-29
