data/oxygen options/OCNMS/OCNMS1/raw_data/2009/CTD_CE042_070709faed.cnv
* Sea-Bird SBE19 Data File:
* FileName = C:\2009_MOORING_DATA\070609_data\CTD_CE042_070609.hex
* Software Version 1.24
* Temperature SN = 2997
* Conductivity SN = 2997
* System UpLoad Time = Jul 07 2009 16:39:02
* SEACAT PROFILER V3.1c SN 2997   07/07/09  16:38:06.542
* strain gauge pressure sensor: S/N = 184829,  range = 3000 psia,  tc = 40
# nquan = 9                                 
# nvalues = 2678                        
# units = specified
# name 0 = timeJ: Julian Days
# name 1 = prSM: Pressure, Strain Gauge [db]
# name 2 = c0mS/cm: Conductivity [mS/cm]
# name 3 = t090C: Temperature [ITS-90, deg C]
# name 4 = sbeox0ML/L: Oxygen, SBE 43 [ml/l]
# name 5 = depSM: Depth [salt water, m], lat = 47.5
# name 6 = sal00: Salinity, Practical [PSU]
# name 7 = sigma-é00: Density [sigma-theta, kg/m^3]
# name 8 = flag: flag
# span 0 = 188.601887, 188.617378       
# span 1 =     -5.721,     46.671       
# span 2 =   0.044885,  38.581688       
# span 3 =     7.2953,    15.0532       
# span 4 =    -1.6336,    22.7974       
# span 5 =     -5.673,     46.276       
# span 6 =     0.0295,    33.4841       
# span 7 =    -0.8841,    26.1830       
# span 8 = 0.0000e+00, 0.0000e+00       
# interval = seconds: 0.5
# start_time = Jul 07 2009 14:26:43 [Instrument's time stamp, header]
# bad_flag = -9.990e-29
*END*
[from data line 1921]
 188.613003     26.917  34.515069     8.0219     2.6743     26.691    33.1484    25.8170 -9.990e-29
 188.613009     26.932  34.483914     8.0070     2.6799     26.705    33.1293    25.8042 -9.990e-29
 188.613015     26.942  34.493419     7.9914     2.6941     26.715    33.1542    25.8260 -9.990e-29
 188.613021     26.946  34.504706     7.9718     2.6997     26.719    33.1848    25.8529 -9.990e-29
 188.613027     26.945  34.491554     7.9545     2.6876     26.718    33.1872    25.8573 -9.990e-29
 188.613032     26.935  34.473971     7.9500     2.6554     26.708    33.1727    25.8466 -9.990e-29
 188.613038     26.910  34.471833     7.9635     2.6209     26.684    33.1576    25.8328 -9.990e-29
 188.613044     26.878  34.489546     7.9810     2.6022     26.652    33.1599    25.8321 -9.990e-29
 188.613050     26.846  34.505512     7.9878     2.5983     26.620    33.1706    25.8394 -9.990e-29
 188.613056     26.819  34.505713     7.9764     2.6071     26.593    33.1816    25.8497 -9.990e-29
 188.613061     26.813  34.484247     7.9370     2.6167     26.587    33.1961    25.8668 -9.990e-29
 188.613067     26.828  34.437698     7.8767     2.6227     26.602    33.2036    25.8815 -9.990e-29
 188.613073     26.847  34.388595     7.8263     2.6356     26.621    33.1989    25.8851 -9.990e-29
 188.613079     26.860  34.362774     7.8103     2.6261     26.634    33.1865    25.8776 -9.990e-29
 188.613084     26.862  34.363884     7.8273     2.6106     26.636    33.1715    25.8634 -9.990e-29
 188.613090     26.854  34.384418     7.8550     2.6004     26.628    33.1672    25.8560 -9.990e-29
 188.613096     26.839  34.406356     7.8696     2.5871     26.613    33.1768    25.8614 -9.990e-29
 188.613102     26.830  34.411318     7.8664     2.5989     26.604    33.1851    25.8685 -9.990e-29
 188.613108     26.833  34.401995     7.8536     2.6135     26.607    33.1873    25.8720 -9.990e-29
 188.613113     26.846  34.391721     7.8331     2.6223     26.620    33.1958    25.8817 -9.990e-29
 188.613119     26.865  34.376868     7.7989     2.6221     26.639    33.2124    25.8997 -9.990e-29
 188.613125     26.886  34.349387     7.7589     2.6252     26.660    33.2211    25.9122 -9.990e-29
 188.613131     26.903  34.324166     7.7367     2.6287     26.677    33.2151    25.9107 -9.990e-29
 188.613137     26.912  34.321347     7.7421     2.6243     26.686    33.2069    25.9035 -9.990e-29
 188.613142     26.918  34.337152     7.7571     2.6157     26.692    33.2096    25.9034 -9.990e-29
 188.613148     26.930  34.347255     7.7569     2.6070     26.704    33.2207    25.9121 -9.990e-29
 188.613154     26.944  34.338226     7.7350     2.6091     26.717    33.2318    25.9241 -9.990e-29
 188.613160     26.949  34.314826     7.7081     2.6192     26.722    33.2324    25.9283 -9.990e-29
 188.613166     26.945  34.292908     7.6987     2.6280     26.718    33.2178    25.9182 -9.990e-29
 188.613171     26.936  34.291978     7.7122     2.6214     26.709    33.2039    25.9054 -9.990e-29
 188.613177     26.922  34.310776     7.7333     2.6095     26.696    33.2040    25.9024 -9.990e-29
 188.613183     26.905  34.329530     7.7415     2.6035     26.679    33.2163    25.9109 -9.990e-29
 188.613189     26.893  34.330656     7.7353     2.6123     26.667    33.2234    25.9174 -9.990e-29
 188.613194     26.890  34.316210     7.7317     2.6284     26.664    33.2113    25.9084 -9.990e-29
 188.613200     26.892  34.311185     7.7379     2.6444     26.666    33.2000    25.8987 -9.990e-29
 188.613206     26.893  34.320632     7.7365     2.6456     26.667    33.2115    25.9079 -9.990e-29
 188.613212     26.899  34.318473     7.7099     2.6406     26.673    33.2346    25.9298 -9.990e-29
 188.613218     26.910  34.292296     7.6666     2.6283     26.684    33.2478    25.9464 -9.990e-29
 188.613223     26.914  34.256496     7.6344     2.6238     26.688    33.2400    25.9448 -9.990e-29
 188.613229     26.897  34.237278     7.6362     2.6159     26.671    33.2176    25.9270 -9.990e-29
 188.613235     26.860  34.248216     7.6679     2.5971     26.634    33.1991    25.9079 -9.990e-29
 188.613241     26.812  34.274741     7.7040     2.5952     26.587    33.1932    25.8982 -9.990e-29
 188.613247     26.767  34.296181     7.7260     2.6136     26.542    33.1953    25.8967 -9.990e-29
 188.613252     26.740  34.308623     7.7300     2.6440     26.515    33.2049    25.9036 -9.990e-29
 188.613258     26.738  34.312966     7.7160     2.6672     26.513    33.2229    25.9198 -9.990e-29
 188.613264     26.757  34.300985     7.6850     2.6657     26.532    33.2396    25.9373 -9.990e-29
 188.613270     26.792  34.274624     7.6442     2.6446     26.567    33.2502    25.9515 -9.990e-29
 188.613275     26.838  34.245785     7.6064     2.6327     26.612    33.2553    25.9608 -9.990e-29
 188.613281     26.877  34.221380     7.5883     2.6298     26.651    33.2462    25.9563 -9.990e-29
 188.613287     26.893  34.215354     7.5983     2.6234     26.667    33.2302    25.9422 -9.990e-29
 188.613293     26.888  34.230858     7.6213     2.6340     26.662    33.2249    25.9348 -9.990e-29
 188.613299     26.874  34.248767     7.6411     2.6445     26.648    33.2253    25.9323 -9.990e-29
 188.613304     26.864  34.258776     7.6520     2.6652     26.638    33.2256    25.9311 -9.990e-29
 188.613310     26.860  34.260218     7.6489     2.6950     26.634    33.2302    25.9351 -9.990e-29
 188.613316     26.864  34.253889     7.6331     2.7097     26.638    33.2384    25.9438 -9.990e-29
 188.613322     26.873  34.245907     7.6081     2.7136     26.647    33.2538    25.9594 -9.990e-29
 188.613328     26.891  34.232341     7.5753     2.7088     26.665    33.2705    25.9772 -9.990e-29
 188.613333     26.912  34.210215     7.5465     2.6839     26.686    33.2742    25.9842 -9.990e-29
 188.613339     26.927  34.194276     7.5341     2.6532     26.701    33.2689    25.9817 -9.990e-29
 188.613345     26.926  34.192949     7.5356     2.6417     26.700    33.2660    25.9793 -9.990e-29
 188.613351     26.915  34.197722     7.5444     2.6415     26.689    33.2627    25.9755 -9.990e-29
 188.613356     26.898  34.201498     7.5620     2.6519     26.672    33.2500    25.9629 -9.990e-29
 188.613362     26.872  34.210424     7.5895     2.6611     26.646    33.2333    25.9459 -9.990e-29
 188.613368     26.840  34.226306     7.6136     2.6597     26.614    33.2274    25.9379 -9.990e-29
 188.613374     26.814  34.238375     7.6222     2.6835     26.588    33.2322    25.9404 -9.990e-29
 188.613380     26.804  34.239748     7.6169     2.7074     26.579    33.2387    25.9463 -9.990e-29
 188.613385     26.811  34.230008     7.6059     2.7300     26.586    33.2387    25.9479 -9.990e-29
 188.613391     26.821  34.220248     7.5957     2.7129     26.595    33.2380    25.9487 -9.990e-29
 188.613397     26.826  34.217051     7.5811     2.6895     26.600    33.2485    25.9591 -9.990e-29
 188.613403     26.831  34.207737     7.5590     2.6663     26.605    33.2596    25.9709 -9.990e-29
 188.613409     26.837  34.193321     7.5424     2.6582     26.611    33.2599    25.9735 -9.990e-29
 188.613414     26.836  34.188185     7.5418     2.6767     26.610    33.2550    25.9697 -9.990e-29
 188.613420     26.822  34.194991     7.5542     2.6912     26.596    33.2504    25.9644 -9.990e-29
 188.613426     26.800  34.207108     7.5693     2.7076     26.575    33.2491    25.9612 -9.990e-29
 188.613432     26.781  34.215469     7.5757     2.7075     26.556    33.2520    25.9626 -9.990e-29
 188.613438     26.776  34.212726     7.5662     2.7170     26.551    33.2581    25.9687 -9.990e-29
 188.613443     26.785  34.199135     7.5456     2.7149     26.560    33.2632    25.9756 -9.990e-29
 188.613449     26.800  34.185139     7.5288     2.7182     26.575    33.2641    25.9788 -9.990e-29
 188.613455     26.813  34.180637     7.5244     2.7152     26.587    33.2635    25.9789 -9.990e-29
 188.613461     26.822  34.183533     7.5260     2.7130     26.596    33.2651    25.9799 -9.990e-29
 188.613466     26.831  34.185347     7.5220     2.7218     26.605    33.2709    25.9850 -9.990e-29
 188.613472     26.844  34.181762     7.5099     2.7200     26.618    33.2786    25.9928 -9.990e-29
 188.613478     26.863  34.174714     7.4983     2.7104     26.637    33.2821    25.9972 -9.990e-29
 188.613484     26.885  34.169921     7.4930     2.7003     26.659    33.2820    25.9978 -9.990e-29
 188.613490     26.902  34.169381     7.4912     2.6864     26.676    33.2831    25.9990 -9.990e-29
 188.613495     26.911  34.169557     7.4903     2.6862     26.685    33.2842    25.9999 -9.990e-29
 188.613501     26.913  34.168991     7.4921     2.6916     26.687    33.2818    25.9978 -9.990e-29
 188.613507     26.908  34.170839     7.4981     2.6949     26.682    33.2781    25.9940 -9.990e-29
 188.613513     26.895  34.175874     7.5041     2.6995     26.669    33.2778    25.9930 -9.990e-29
 188.613519     26.882  34.179591     7.5041     2.6902     26.656    33.2818    25.9961 -9.990e-29
 188.613524     26.882  34.177413     7.4959     2.6874     26.656    33.2873    26.0016 -9.990e-29
 188.613530     26.894  34.170347     7.4858     2.6884     26.668    33.2893    26.0046 -9.990e-29
 188.613536     26.907  34.166330     7.4832     2.6837     26.681    33.2875    26.0035 -9.990e-29
 188.613542     26.907  34.168958     7.4876     2.6779     26.681    33.2861    26.0018 -9.990e-29
 188.613547     26.900  34.172193     7.4906     2.6836     26.674    33.2867    26.0019 -9.990e-29
 188.613553     26.898  34.170254     7.4864     2.6795     26.672    33.2887    26.0040 -9.990e-29
 188.613559     26.901  34.164465     7.4785     2.6838     26.675    33.2900    26.0062 -9.990e-29
 188.613565     26.900  34.161666     7.4775     2.6861     26.674    33.2879    26.0047 -9.990e-29
 188.613571     26.896  34.165396     7.4843     2.6842     26.670    33.2854    26.0018 -9.990e-29
 188.613576     26.892  34.169968     7.4876     2.6897     26.666    33.2872    26.0027 -9.990e-29
 188.613582     26.892  34.168021     7.4801     2.6834     26.666    33.2923    26.0078 -9.990e-29
 188.613588     26.900  34.160312     7.4672     2.6913     26.674    33.2963    26.0128 -9.990e-29
 188.613594     26.910  34.153358     7.4589     2.6870     26.684    33.2968    26.0143 -9.990e-29
 188.613600     26.912  34.151321     7.4584     2.6865     26.686    33.2951    26.0130 -9.990e-29
 188.613605     26.907  34.154833     7.4633     2.6703     26.681    33.2942    26.0116 -9.990e-29
 188.613611     26.894  34.161281     7.4688     2.6110     26.668    33.2959    26.0122 -9.990e-29
 188.613617     26.877  34.165803     7.4702     2.5339     26.651    33.2994    26.0148 -9.990e-29
 188.613623     26.868  34.166013     7.4646     2.4688     26.642    33.3050    26.0200 -9.990e-29
 188.613628     26.875  34.160501     7.4483     2.4620     26.649    33.3147    26.0299 -9.990e-29
 188.613634     26.894  34.149752     7.4200     2.5063     26.668    33.3303    26.0461 -9.990e-29
 188.613640     26.917  34.137912     7.3876     2.5863     26.691    33.3486    26.0650 -9.990e-29
 188.613646     26.937  34.128790     7.3653     2.6289     26.710    33.3602    26.0772 -9.990e-29
 188.613652     26.948  34.125334     7.3641     2.6141     26.721    33.3576    26.0754 -9.990e-29
 188.613657     26.945  34.127959     7.3805     2.5908     26.718    33.3446    26.0629 -9.990e-29
 188.613663     26.933  34.133427     7.3984     2.5398     26.706    33.3333    26.0515 -9.990e-29
 188.613669     26.919  34.137811     7.4075     2.5119     26.693    33.3293    26.0471 -9.990e-29
 188.613675     26.911  34.139107     7.4083     2.4695     26.685    33.3300    26.0475 -9.990e-29
 188.613681     26.913  34.136792     7.4034     2.4181     26.687    33.3322    26.0499 -9.990e-29
 188.613686     26.925  34.132253     7.3932     2.3711     26.699    33.3371    26.0552 -9.990e-29
 188.613692     26.944  34.128391     7.3779     2.3754     26.717    33.3476    26.0656 -9.990e-29
 188.613698     26.961  34.125647     7.3617     2.4174     26.734    33.3602    26.0778 -9.990e-29
 188.613704     26.979  34.123151     7.3503     2.4974     26.752    33.3685    26.0859 -9.990e-29
 188.613709     26.994  34.121480     7.3450     2.5774     26.767    33.3718    26.0892 -9.990e-29
 188.613715     26.990  34.121754     7.3448     2.6004     26.763    33.3723    26.0896 -9.990e-29
 188.613721     26.962  34.124326     7.3532     2.6180     26.735    33.3670    26.0843 -9.990e-29
 188.613727     26.917  34.128150     7.3707     2.6041     26.691    33.3543    26.0719 -9.990e-29
 188.613733     26.866  34.131652     7.3877     2.5845     26.640    33.3417    26.0596 -9.990e-29
 188.613738     26.817  34.133983     7.3956     2.5891     26.591    33.3367    26.0545 -9.990e-29
 188.613744     26.771  34.134420     7.3942     2.6021     26.546    33.3385    26.0562 -9.990e-29
 188.613750     26.723  34.132507     7.3896     2.6213     26.498    33.3409    26.0587 -9.990e-29
 188.613756     26.660  34.130815     7.3881     2.6461     26.436    33.3406    26.0586 -9.990e-29
 188.613762     26.578  34.131649     7.3898     2.6606     26.354    33.3399    26.0578 -9.990e-29
 188.613767     26.480  34.133400     7.3929     2.6728     26.257    33.3388    26.0566 -9.990e-29
 188.613773     26.365  34.135118     7.3972     2.6784     26.143    33.3366    26.0542 -9.990e-29
 188.613779     26.229  34.136934     7.4016     2.6856     26.008    33.3344    26.0519 0.0000e+00
 188.613785     26.076  34.137989     7.4046     2.6868     25.857    33.3327    26.0501 0.0000e+00
 188.613791     25.911  34.137530     7.4058     2.6974     25.693    33.3312    26.0487 0.0000e+00
 188.613796     25.726  34.136146     7.4063     2.7126     25.510    33.3293    26.0472 0.0000e+00
 188.613802     25.514  34.135994     7.4084     2.7079     25.299    33.3272    26.0452 0.0000e+00
 188.613808     25.275  34.138073     7.4149     2.7077     25.063    33.3233    26.0413 0.0000e+00
 188.613814     25.014  34.141874     7.4265     2.7056     24.804    33.3164    26.0342 0.0000e+00
 188.613819     24.746  34.146943     7.4420     2.6932     24.538    33.3071    26.0247 0.0000e+00
 188.613825     24.482  34.153956     7.4610     2.6873     24.276    33.2966    26.0138 0.0000e+00
 188.613831     24.228  34.163385     7.4804     2.6796     24.024    33.2883    26.0045 0.0000e+00
 188.613837     23.980  34.171077     7.4949     2.6771     23.778    33.2828    25.9982 0.0000e+00
 188.613843     23.732  34.175044     7.5033     2.6729     23.533    33.2791    25.9941 0.0000e+00
 188.613848     23.479  34.177859     7.5107     2.6610     23.282    33.2752    25.9900 0.0000e+00
 188.613854     23.224  34.182239     7.5244     2.6888     23.029    33.2669    25.9815 0.0000e+00
 188.613860     22.967  34.194106     7.5483     2.7428     22.774    33.2570    25.9703 0.0000e+00
 188.613866     22.709  34.217596     7.5773     2.8621     22.518    33.2547    25.9644 0.0000e+00
 188.613872     22.450  34.245456     7.6082     3.0376     22.261    33.2553    25.9605 0.0000e+00
 188.613877     22.187  34.272897     7.6529     3.2376     22.001    33.2422    25.9439 0.0000e+00
 188.613883     21.916  34.320903     7.7275     3.3997     21.732    33.2228    25.9179 0.0000e+00
 188.613889     21.638  34.398101     7.8434     3.4843     21.456    33.1953    25.8797 0.0000e+00
 188.613895     21.351  34.473601     8.0105     3.5297     21.172    33.1176    25.7944 0.0000e+00
 188.613900     21.058  34.562999     8.2040     3.6022     20.881    33.0302    25.6974 0.0000e+00
 188.613906     20.767  34.694263     8.3728     3.7253     20.593    33.0107    25.6570 0.0000e+00
 188.613912     20.485  34.822882     8.4950     3.8885     20.313    33.0320    25.6553 0.0000e+00
 188.613918     20.212  34.905309     8.5665     4.0365     20.042    33.0520    25.6601 0.0000e+00
