data/oxygen options/OCNMS/OCNMS1/raw_data/2009/CTD_KL015_100809faed.cnv
* Sea-Bird SBE19 Data File:
* FileName = C:\2009_MOORING_DATA\100709_DATA\CTD_KL015_100809.hex
* Software Version 1.24
* Temperature SN = 2997
* Conductivity SN = 2997
* System UpLoad Time = Oct 08 2009 15:55:31
* SEACAT PROFILER V3.1c SN 2997   10/08/09  15:54:35.742
* strain gauge pressure sensor: S/N = 184829,  range = 3000 psia,  tc = 40
# nquan = 9                                 
# nvalues = 1827                        
# units = specified
# name 0 = timeJ: Julian Days
# name 1 = prSM: Pressure, Strain Gauge [db]
# name 2 = c0mS/cm: Conductivity [mS/cm]
# name 3 = t090C: Temperature [ITS-90, deg C]
# name 4 = sbeox0ML/L: Oxygen, SBE 43 [ml/l]
# name 5 = depSM: Depth [salt water, m], lat = 47.5
# name 6 = sal00: Salinity, Practical [PSU]
# name 7 = sigma-é00: Density [sigma-theta, kg/m^3]
# name 8 = flag: flag
# span 0 = 281.648542, 281.659109       
# span 1 =     -5.283,     16.667       
# span 2 =   0.247265,  38.349097       
# span 3 =    10.0677,    13.2473       
# span 4 =    -1.7085,    25.3841       
# span 5 =     -5.239,     16.527       
# span 6 =     0.1566,    32.9108       
# span 7 =    -0.4388,    25.3018       
# span 8 = 0.0000e+00, 0.0000e+00       
# interval = seconds: 0.5
# start_time = Oct 08 2009 15:33:54 [Instrument's time stamp, header]
# bad_flag = -9.990e-29
*END*
[from data line 1441]
 281.656881      8.482  37.137410    11.7621     6.4561      8.411    32.4243    24.6335 -9.990e-29
 281.656887      8.476  37.139404    11.7632     6.3097      8.405    32.4253    24.6340 -9.990e-29
 281.656892      8.472  37.140632    11.7638     6.1465      8.401    32.4260    24.6344 -9.990e-29
 281.656898      8.471  37.141012    11.7639     6.0688      8.400    32.4263    24.6346 -9.990e-29
 281.656904      8.472  37.141017    11.7629     6.1051      8.401    32.4271    24.6355 -9.990e-29
 281.656910      8.475  37.140630    11.7589     6.2355      8.404    32.4302    24.6387 -9.990e-29
 281.656916      8.480  37.139307    11.7501     6.3748      8.409    32.4366    24.6452 -9.990e-29
 281.656921      8.488  37.135816    11.7381     6.4797      8.417    32.4437    24.6529 -9.990e-29
 281.656927      8.495  37.127158    11.7309     6.5215      8.424    32.4416    24.6526 -9.990e-29
 281.656933      8.493  37.120261    11.7349     6.5052      8.422    32.4314    24.6440 -9.990e-29
 281.656939      8.481  37.124402    11.7446     6.4162      8.410    32.4270    24.6387 -9.990e-29
 281.656944      8.468  37.131631    11.7519     6.2907      8.397    32.4276    24.6379 -9.990e-29
 281.656950      8.456  37.135315    11.7563     6.1617      8.385    32.4274    24.6369 -9.990e-29
 281.656956      8.450  37.136987    11.7583     6.0946      8.379    32.4272    24.6364 -9.990e-29
 281.656962      8.454  37.137738    11.7568     6.1528      8.383    32.4293    24.6383 -9.990e-29
 281.656968      8.467  37.137431    11.7510     6.2339      8.396    32.4340    24.6431 -9.990e-29
 281.656973      8.490  37.133396    11.7409     6.3250      8.419    32.4389    24.6487 -9.990e-29
 281.656979      8.517  37.127517    11.7304     6.3713      8.446    32.4424    24.6533 -9.990e-29
 281.656985      8.536  37.122584    11.7274     6.3787      8.465    32.4402    24.6522 -9.990e-29
 281.656991      8.544  37.121526    11.7337     6.4040      8.473    32.4337    24.6459 -9.990e-29
 281.656997      8.545  37.127953    11.7417     6.4334      8.474    32.4329    24.6439 -9.990e-29
 281.657002      8.550  37.135843    11.7467     6.4763      8.478    32.4362    24.6455 -9.990e-29
 281.657008      8.557  37.138327    11.7498     6.5168      8.485    32.4359    24.6447 -9.990e-29
 281.657014      8.559  37.137017    11.7524     6.5550      8.487    32.4324    24.6415 -9.990e-29
 281.657020      8.552  37.137994    11.7548     6.5977      8.480    32.4312    24.6402 -9.990e-29
 281.657025      8.535  37.141981    11.7570     6.6464      8.464    32.4332    24.6413 -9.990e-29
 281.657031      8.511  37.144746    11.7596     6.6600      8.440    32.4336    24.6412 -9.990e-29
 281.657037      8.487  37.145476    11.7628     6.6231      8.416    32.4315    24.6390 -9.990e-29
 281.657043      8.467  37.145124    11.7665     6.5437      8.396    32.4280    24.6355 -9.990e-29
 281.657049      8.448  37.144884    11.7704     6.4239      8.377    32.4243    24.6320 -9.990e-29
 281.657054      8.435  37.145539    11.7734     6.3371      8.364    32.4224    24.6299 -9.990e-29
 281.657060      8.430  37.146821    11.7754     6.3104      8.359    32.4219    24.6291 -9.990e-29
 281.657066      8.433  37.148182    11.7753     6.3165      8.362    32.4233    24.6302 -9.990e-29
 281.657072      8.448  37.149735    11.7715     6.2970      8.377    32.4281    24.6347 -9.990e-29
 281.657078      8.477  37.151850    11.7652     6.2979      8.406    32.4356    24.6417 -9.990e-29
 281.657083      8.509  37.152285    11.7599     6.3308      8.438    32.4407    24.6466 -9.990e-29
 281.657089      8.532  37.150477    11.7591     6.4118      8.461    32.4396    24.6459 -9.990e-29
 281.657095      8.544  37.149599    11.7618     6.5161      8.473    32.4364    24.6429 -9.990e-29
 281.657101      8.550  37.147338    11.7646     6.6091      8.478    32.4318    24.6388 -9.990e-29
 281.657106      8.554  37.137859    11.7671     6.7094      8.482    32.4204    24.6295 -9.990e-29
 281.657112      8.549  37.130924    11.7708     6.7467      8.477    32.4104    24.6211 -9.990e-29
 281.657118      8.525  37.137443    11.7763     6.7319      8.454    32.4119    24.6213 -9.990e-29
 281.657124      8.490  37.145350    11.7819     6.6692      8.419    32.4148    24.6224 -9.990e-29
 281.657130      8.458  37.147236    11.7862     6.5515      8.387    32.4128    24.6201 -9.990e-29
 281.657135      8.440  37.147839    11.7896     6.4383      8.369    32.4105    24.6177 -9.990e-29
 281.657141      8.439  37.147948    11.7918     6.3671      8.368    32.4087    24.6159 -9.990e-29
 281.657147      8.451  37.147688    11.7916     6.3682      8.380    32.4086    24.6158 -9.990e-29
 281.657153      8.468  37.147256    11.7888     6.4531      8.397    32.4106    24.6179 -9.990e-29
 281.657159      8.483  37.145495    11.7826     6.5809      8.412    32.4143    24.6219 -9.990e-29
 281.657164      8.493  37.141717    11.7742     6.6838      8.422    32.4179    24.6263 -9.990e-29
 281.657170      8.497  37.138712    11.7687     6.7574      8.426    32.4198    24.6288 -9.990e-29
 281.657176      8.492  37.139178    11.7704     6.7402      8.421    32.4188    24.6277 -9.990e-29
 281.657182      8.473  37.142033    11.7770     6.6184      8.402    32.4158    24.6241 -9.990e-29
 281.657188      8.444  37.145458    11.7841     6.3791      8.373    32.4130    24.6206 -9.990e-29
 281.657193      8.416  37.147837    11.7901     6.1982      8.346    32.4100    24.6172 -9.990e-29
 281.657199      8.399  37.148401    11.7942     6.1802      8.329    32.4070    24.6141 -9.990e-29
 281.657205      8.400  37.147888    11.7947     6.2947      8.330    32.4061    24.6133 -9.990e-29
 281.657211      8.425  37.145594    11.7865     6.4755      8.355    32.4110    24.6186 -9.990e-29
 281.657216      8.471  37.136761    11.7670     6.6119      8.400    32.4194    24.6288 -9.990e-29
 281.657222      8.523  37.117439    11.7501     6.6895      8.452    32.4154    24.6287 -9.990e-29
 281.657228      8.559  37.106121    11.7511     6.7427      8.487    32.4035    24.6193 -9.990e-29
 281.657234      8.569  37.119076    11.7640     6.7324      8.497    32.4048    24.6180 -9.990e-29
 281.657240      8.557  37.136560    11.7757     6.6270      8.485    32.4116    24.6211 -9.990e-29
 281.657245      8.535  37.144877    11.7831     6.4217      8.464    32.4132    24.6210 -9.990e-29
 281.657251      8.516  37.148938    11.7873     6.1929      8.445    32.4135    24.6204 -9.990e-29
 281.657257      8.501  37.150220    11.7884     6.0592      8.430    32.4138    24.6205 -9.990e-29
 281.657263      8.491  37.149853    11.7866     6.0857      8.420    32.4150    24.6217 -9.990e-29
 281.657269      8.488  37.149009    11.7798     6.2309      8.417    32.4201    24.6270 -9.990e-29
 281.657274      8.496  37.145983    11.7625     6.4435      8.425    32.4323    24.6396 -9.990e-29
 281.657280      8.513  37.136722    11.7386     6.5845      8.442    32.4442    24.6532 -9.990e-29
 281.657286      8.526  37.121189    11.7247     6.6045      8.455    32.4412    24.6534 -9.990e-29
 281.657292      8.519  37.113396    11.7295     6.5418      8.448    32.4294    24.6434 -9.990e-29
 281.657297      8.487  37.122542    11.7456     6.4840      8.416    32.4243    24.6365 -9.990e-29
 281.657303      8.445  37.135020    11.7617     6.4888      8.374    32.4224    24.6320 -9.990e-29
 281.657309      8.417  37.141667    11.7720     6.5484      8.347    32.4198    24.6282 -9.990e-29
 281.657315      8.413  37.145170    11.7746     6.5799      8.343    32.4210    24.6286 -9.990e-29
 281.657321      8.424  37.145701    11.7703     6.5108      8.354    32.4252    24.6327 -9.990e-29
 281.657326      8.435  37.143949    11.7665     6.4165      8.364    32.4269    24.6346 -9.990e-29
 281.657332      8.437  37.143163    11.7694     6.3747      8.366    32.4236    24.6315 -9.990e-29
 281.657338      8.435  37.144513    11.7749     6.4232      8.364    32.4201    24.6278 -9.990e-29
 281.657344      8.436  37.146419    11.7773     6.5450      8.365    32.4198    24.6272 -9.990e-29
 281.657350      8.446  37.147481    11.7745     6.6512      8.375    32.4233    24.6304 -9.990e-29
 281.657355      8.461  37.144052    11.7687     6.6983      8.390    32.4250    24.6328 -9.990e-29
 281.657361      8.473  37.138830    11.7680     6.7113      8.402    32.4206    24.6295 -9.990e-29
 281.657367      8.470  37.140523    11.7751     6.6977      8.399    32.4160    24.6246 -9.990e-29
 281.657373      8.448  37.145761    11.7836     6.6404      8.377    32.4137    24.6213 -9.990e-29
 281.657378      8.423  37.148056    11.7888     6.5535      8.353    32.4114    24.6185 -9.990e-29
 281.657384      8.409  37.148771    11.7914     6.4695      8.339    32.4098    24.6168 -9.990e-29
 281.657390      8.410  37.149404    11.7927     6.4218      8.340    32.4093    24.6162 -9.990e-29
 281.657396      8.423  37.149659    11.7920     6.4450      8.353    32.4102    24.6170 -9.990e-29
 281.657402      8.439  37.149858    11.7887     6.5117      8.368    32.4132    24.6200 -9.990e-29
 281.657407      8.455  37.150247    11.7833     6.5684      8.384    32.4183    24.6249 -9.990e-29
 281.657413      8.472  37.151885    11.7778     6.5860      8.401    32.4247    24.6309 -9.990e-29
 281.657419      8.491  37.155253    11.7743     6.5543      8.420    32.4310    24.6364 -9.990e-29
 281.657425      8.509  37.157536    11.7740     6.5292      8.438    32.4335    24.6384 -9.990e-29
 281.657431      8.523  37.157274    11.7765     6.5453      8.452    32.4310    24.6360 -9.990e-29
 281.657436      8.539  37.155778    11.7798     6.5714      8.468    32.4267    24.6321 -9.990e-29
 281.657442      8.561  37.154959    11.7820     6.5992      8.489    32.4240    24.6295 -9.990e-29
 281.657448      8.586  37.155946    11.7824     6.6160      8.514    32.4246    24.6299 -9.990e-29
 281.657454      8.608  37.157795    11.7823     6.6444      8.536    32.4264    24.6314 -9.990e-29
 281.657459      8.619  37.158469    11.7837     6.6801      8.547    32.4259    24.6307 -9.990e-29
 281.657465      8.616  37.157726    11.7863     6.7285      8.544    32.4229    24.6279 -9.990e-29
 281.657471      8.603  37.156796    11.7877     6.7410      8.531    32.4208    24.6260 -9.990e-29
 281.657477      8.584  37.156104    11.7882     6.6771      8.512    32.4197    24.6251 -9.990e-29
 281.657483      8.557  37.155830    11.7901     6.4833      8.485    32.4177    24.6232 -9.990e-29
 281.657488      8.524  37.155588    11.7930     6.1393      8.453    32.4150    24.6206 -9.990e-29
 281.657494      8.493  37.155036    11.7948     5.8319      8.422    32.4129    24.6186 -9.990e-29
 281.657500      8.469  37.154541    11.7937     5.7364      8.398    32.4134    24.6192 -9.990e-29
 281.657506      8.465  37.153986    11.7872     5.8891      8.394    32.4185    24.6244 -9.990e-29
 281.657512      8.488  37.152052    11.7686     6.1937      8.417    32.4329    24.6389 -9.990e-29
 281.657517      8.531  37.142780    11.7273     6.4831      8.460    32.4599    24.6675 -9.990e-29
 281.657523      8.576  37.111544    11.6792     6.6738      8.504    32.4716    24.6854 -9.990e-29
 281.657529      8.604  37.078884    11.6689     6.7645      8.532    32.4488    24.6696 -9.990e-29
 281.657535      8.609  37.086415    11.7013     6.7528      8.537    32.4278    24.6473 -9.990e-29
 281.657541      8.594  37.116122    11.7393     6.6762      8.522    32.4235    24.6370 -9.990e-29
 281.657546      8.572  37.134733    11.7630     6.5416      8.500    32.4209    24.6307 -9.990e-29
 281.657552      8.555  37.143515    11.7758     6.4315      8.483    32.4183    24.6263 -9.990e-29
 281.657558      8.545  37.149683    11.7825     6.3917      8.474    32.4184    24.6251 -9.990e-29
 281.657564      8.541  37.153600    11.7833     6.4058      8.470    32.4215    24.6274 -9.990e-29
 281.657569      8.544  37.154306    11.7770     6.4562      8.473    32.4277    24.6334 -9.990e-29
 281.657575      8.554  37.152163    11.7660     6.4866      8.482    32.4352    24.6412 -9.990e-29
 281.657581      8.571  37.148778    11.7573     6.4969      8.499    32.4395    24.6462 -9.990e-29
 281.657587      8.593  37.148585    11.7552     6.5121      8.521    32.4412    24.6478 -9.990e-29
 281.657593      8.603  37.152426    11.7574     6.5145      8.531    32.4430    24.6488 -9.990e-29
 281.657598      8.593  37.157183    11.7615     6.5316      8.521    32.4440    24.6489 -9.990e-29
 281.657604      8.581  37.161343    11.7664     6.5592      8.509    32.4438    24.6478 -9.990e-29
 281.657610      8.577  37.164469    11.7706     6.5998      8.505    32.4431    24.6465 -9.990e-29
 281.657616      8.579  37.165685    11.7730     6.6175      8.507    32.4422    24.6454 -9.990e-29
 281.657622      8.576  37.165118    11.7742     6.5565      8.504    32.4406    24.6439 -9.990e-29
 281.657627      8.565  37.163696    11.7755     6.3713      8.493    32.4381    24.6417 -9.990e-29
 281.657633      8.549  37.161767    11.7769     6.1338      8.477    32.4350    24.6391 -9.990e-29
 281.657639      8.536  37.160123    11.7783     6.0224      8.465    32.4322    24.6366 -9.990e-29
 281.657645      8.529  37.159378    11.7788     6.0988      8.458    32.4311    24.6356 -9.990e-29
 281.657650      8.532  37.158539    11.7758     6.2987      8.461    32.4329    24.6376 -9.990e-29
 281.657656      8.550  37.154809    11.7635     6.5154      8.478    32.4400    24.6454 -9.990e-29
 281.657662      8.575  37.139856    11.7413     6.6567      8.503    32.4448    24.6532 -9.990e-29
 281.657668      8.592  37.117845    11.7279     6.7344      8.520    32.4351    24.6481 -9.990e-29
 281.657674      8.588  37.114350    11.7389     6.7811      8.516    32.4221    24.6360 -9.990e-29
 281.657679      8.559  37.131995    11.7612     6.7886      8.487    32.4198    24.6301 -9.990e-29
 281.657685      8.513  37.147222    11.7778     6.7707      8.442    32.4201    24.6273 -9.990e-29
 281.657691      8.468  37.152318    11.7871     6.6823      8.397    32.4170    24.6232 -9.990e-29
 281.657697      8.441  37.153526    11.7921     6.5524      8.370    32.4138    24.6198 -9.990e-29
 281.657703      8.436  37.154145    11.7943     6.4066      8.365    32.4125    24.6184 -9.990e-29
 281.657708      8.439  37.154441    11.7942     6.2604      8.368    32.4129    24.6187 -9.990e-29
 281.657714      8.451  37.154253    11.7922     6.1925      8.380    32.4144    24.6203 -9.990e-29
 281.657720      8.481  37.153330    11.7875     6.2298      8.410    32.4176    24.6236 -9.990e-29
 281.657726      8.523  37.150445    11.7788     6.3413      8.452    32.4224    24.6289 -9.990e-29
 281.657731      8.565  37.148477    11.7668     6.4952      8.493    32.4309    24.6377 -9.990e-29
 281.657737      8.603  37.149286    11.7555     6.6331      8.531    32.4416    24.6481 -9.990e-29
 281.657743      8.630  37.145543    11.7516     6.7157      8.558    32.4413    24.6486 -9.990e-29
 281.657749      8.639  37.140105    11.7572     6.7532      8.567    32.4311    24.6397 -9.990e-29
 281.657755      8.632  37.143092    11.7677     6.7500      8.560    32.4249    24.6329 -9.990e-29
 281.657760      8.615  37.150083    11.7785     6.7124      8.543    32.4223    24.6289 -9.990e-29
 281.657766      8.592  37.154150    11.7874     6.6720      8.520    32.4185    24.6243 -9.990e-29
 281.657772      8.566  37.155674    11.7935     6.6610      8.494    32.4146    24.6202 -9.990e-29
 281.657778      8.548  37.156131    11.7965     6.6498      8.476    32.4125    24.6179 -9.990e-29
 281.657784      8.546  37.156135    11.7972     6.6568      8.475    32.4119    24.6173 -9.990e-29
 281.657789      8.555  37.156254    11.7953     6.6563      8.483    32.4136    24.6191 -9.990e-29
 281.657795      8.567  37.156651    11.7917     6.6549      8.495    32.4171    24.6225 -9.990e-29
