data/oxygen options/OCNMS/OCNMS1/raw_data/2009/CTD_CE042_060109faed.cnv
* Sea-Bird SBE19 Data File:
* FileName = C:\2009_MOORING_DATA\CTD_CE042_060109.hex
* Software Version 1.59
* Temperature SN = 2997
* Conductivity SN = 2997
* System UpLoad Time = Jun 01 2009 15:42:58
* ds
* SEACAT PROFILER V3.1c SN 2997   06/01/09  15:42:36.058
# nquan = 9                                 
# nvalues = 2519                        
# units = specified
# name 0 = timeJ: Julian Days
# name 1 = prSM: Pressure, Strain Gauge [db]
# name 2 = c0mS/cm: Conductivity [mS/cm]
# name 3 = t090C: Temperature [ITS-90, deg C]
# name 4 = sbeox0ML/L: Oxygen, SBE 43 [ml/l]
# name 5 = depSM: Depth [salt water, m], lat = 47.5
# name 6 = sal00: Salinity, Practical [PSU]
# name 7 = sigma-é00: Density [sigma-theta, kg/m^3]
# name 8 = flag: flag
# span 0 = 152.571076, 152.585648       
# span 1 =     -5.678,     43.757       
# span 2 =   0.017328,  38.513671       
# span 3 =     7.2179,    15.0927       
# span 4 =   -16.3356,    25.0845       
# span 5 =     -5.631,     43.387       
# span 6 =     0.0149,    33.6812       
# span 7 =    -0.9002,    26.3494       
# span 8 = 0.0000e+00, 0.0000e+00       
# interval = seconds: 0.5
# start_time = Jun 01 2009 13:42:21 [Instrument's time stamp, header]
# bad_flag = -9.990e-29
*END*
 152.571076     -5.678 -9.990e-29    15.0927    -1.6236     -5.631 -9.990e-29 -9.990e-29 -9.990e-29
 152.571082     -5.636   0.017329    15.0847    -1.6242     -5.589     0.0150    -0.9002 -9.990e-29
 152.571088     -5.594   0.017329    15.0764    -1.6249     -5.547     0.0150    -0.8990 -9.990e-29
 152.571094     -5.553   0.017329    15.0667    -1.6254     -5.507     0.0150    -0.8975 -9.990e-29
 152.571100     -5.511   0.017329    15.0562    -1.6258     -5.465     0.0150    -0.8959 -9.990e-29
 152.571105     -5.470   0.017329    15.0458    -1.6261     -5.424     0.0150    -0.8943 -9.990e-29
 152.571111     -5.431   0.017329    15.0359    -1.6262     -5.386     0.0150    -0.8928 -9.990e-29
 152.571117     -5.391   0.017329    15.0264    -1.6263     -5.346     0.0150    -0.8914 -9.990e-29
 152.571123     -5.353   0.017329    15.0164    -1.6264     -5.308     0.0150    -0.8899 -9.990e-29
 152.571128     -5.318   0.017329    15.0036    -1.6267     -5.274     0.0150    -0.8880 -9.990e-29
 152.571134     -5.284   0.017328    14.9870    -1.6269     -5.240     0.0150    -0.8855 -9.990e-29
 152.571140     -5.249   0.017328    14.9692    -1.6272     -5.205     0.0150    -0.8828 -9.990e-29
 152.571146     -5.211   0.017328    14.9539    -1.6272     -5.168     0.0150    -0.8805 -9.990e-29
 152.571152     -5.171   0.017328    14.9420    -1.6271     -5.128     0.0150    -0.8787 -9.990e-29
 152.571157     -5.136   0.017328    14.9334    -1.6279     -5.093     0.0150    -0.8774 -9.990e-29
 152.571163     -5.108   0.017328    14.9274    -1.6281     -5.065     0.0150    -0.8765 -9.990e-29
 152.571169     -5.085   0.017328    14.9226    -1.6284     -5.043     0.0150    -0.8758 -9.990e-29
 152.571175     -5.064   0.017328    14.9173    -1.6285     -5.022     0.0149    -0.8750 -9.990e-29
 152.571181     -5.046   0.017328    14.9107    -1.6287     -5.004     0.0149    -0.8740 -9.990e-29
 152.571186     -5.029   0.017328    14.9037    -1.6292     -4.987     0.0149    -0.8730 -9.990e-29
 152.571192     -5.011   0.017328    14.8977    -1.6291     -4.969     0.0149    -0.8721 -9.990e-29
 152.571198     -4.993   0.017328    14.8931    -1.6289     -4.951     0.0149    -0.8714 -9.990e-29
 152.571204     -4.971   0.017328    14.8866    -1.6288     -4.930     0.0149    -0.8704 -9.990e-29
 152.571209     -4.942   0.017329    14.8764    -1.6283     -4.901     0.0149    -0.8689 -9.990e-29
 152.571215     -4.902   0.017330    14.8662    -1.6268     -4.861     0.0149    -0.8673 -9.990e-29
 152.571221     -4.863   0.017333    14.8582    -1.6249     -4.822     0.0149    -0.8662 -9.990e-29
 152.571227     -4.831   0.017342    14.8515    -1.6250     -4.791     0.0149    -0.8652 -9.990e-29
 152.571233     -4.798   0.017371    14.8446    -1.6248     -4.758     0.0150    -0.8641 -9.990e-29
 152.571238     -4.759   0.017457    14.8391    -1.6241     -4.719     0.0150    -0.8633 -9.990e-29
 152.571244     -4.716   0.017716    14.8388    -1.6238     -4.677     0.0151    -0.8631 -9.990e-29
 152.571250     -4.675   0.018492    14.8431    -1.6232     -4.636     0.0155    -0.8634 -9.990e-29
 152.571256     -4.636   0.020821    14.8505    -1.6225     -4.597     0.0167    -0.8636 -9.990e-29
 152.571262     -4.597   0.027808    14.8607    -1.6218     -4.559     0.0204    -0.8623 -9.990e-29
 152.571267     -4.561   0.048214    14.8721    -1.6215     -4.523     0.0314    -0.8554 -9.990e-29
 152.571273     -4.526   0.108139    14.8831    -1.6216     -4.488     0.0654    -0.8307 -9.990e-29
 152.571279     -4.483   0.225939    14.8935    -1.6214     -4.446     0.1349    -0.7783 -9.990e-29
 152.571285     -4.440   0.345207    14.9038    -1.6211     -4.403     0.2072    -0.7238 -9.990e-29
 152.571291     -4.403   0.402059    14.9144    -1.6210     -4.366     0.2421    -0.6983 -9.990e-29
 152.571296     -4.363   0.422950    14.9243    -1.6218     -4.327     0.2550    -0.6898 -9.990e-29
 152.571302     -4.320   0.447380    14.9341    -1.6229     -4.284     0.2701    -0.6796 -9.990e-29
 152.571308     -4.279   0.480196    14.9453    -1.6238     -4.243     0.2904    -0.6656 -9.990e-29
 152.571314     -4.241   0.520789    14.9574    -1.6243     -4.206     0.3156    -0.6479 -9.990e-29
 152.571319     -4.208   0.560062    14.9684    -1.6242     -4.173     0.3401    -0.6306 -9.990e-29
 152.571325     -4.183   0.581057    14.9767    -1.6245     -4.148     0.3532    -0.6217 -9.990e-29
 152.571331     -4.163   0.577385    14.9828    -1.6250     -4.128     0.3508    -0.6244 -9.990e-29
 152.571337     -4.149   0.563007    14.9859    -1.6255     -4.114     0.3418    -0.6319 -9.990e-29
 152.571343     -4.134   0.554249    14.9813    -1.6256     -4.100     0.3363    -0.6354 -9.990e-29
 152.571348     -4.114   0.553299    14.9664    -1.6255     -4.080     0.3359    -0.6335 -9.990e-29
 152.571354     -4.090   0.551129    14.9454    -1.6257     -4.056     0.3347    -0.6313 -9.990e-29
 152.571360     -4.067   0.539854    14.9260    -1.6258     -4.033     0.3278    -0.6337 -9.990e-29
 152.571366     -4.042   0.521635    14.9125    -1.6257     -4.008     0.3165    -0.6404 -9.990e-29
 152.571372     -4.019   0.504345    14.9035    -1.6253     -3.985     0.3057    -0.6474 -9.990e-29
 152.571377     -4.000   0.493771    14.8943    -1.6252     -3.967     0.2992    -0.6511 -9.990e-29
 152.571383     -3.983   0.490234    14.8841    -1.6253     -3.950     0.2971    -0.6512 -9.990e-29
 152.571389     -3.969   0.487910    14.8763    -1.6251     -3.936     0.2957    -0.6511 -9.990e-29
 152.571395     -3.955   0.480374    14.8726    -1.6250     -3.922     0.2910    -0.6542 -9.990e-29
 152.571400     -3.942   0.468117    14.8705    -1.6253     -3.909     0.2834    -0.6597 -9.990e-29
 152.571406     -3.928   0.456979    14.8681    -1.6254     -3.895     0.2765    -0.6647 -9.990e-29
 152.571412     -3.912   0.450965    14.8681    -1.6254     -3.879     0.2727    -0.6676 -9.990e-29
 152.571418     -3.893   0.448711    14.8732    -1.6254     -3.861     0.2713    -0.6695 -9.990e-29
 152.571424     -3.871   0.445549    14.8810    -1.6254     -3.839     0.2693    -0.6723 -9.990e-29
 152.571429     -3.848   0.438373    14.8859    -1.6253     -3.816     0.2648    -0.6765 -9.990e-29
 152.571435     -3.826   0.429815    14.8871    -1.6252     -3.794     0.2595    -0.6808 -9.990e-29
 152.571441     -3.805   0.426211    14.8880    -1.6253     -3.773     0.2572    -0.6826 -9.990e-29
 152.571447     -3.783   0.429966    14.8888    -1.6254     -3.751     0.2595    -0.6810 -9.990e-29
 152.571453     -3.759   0.434999    14.8882    -1.6258     -3.728     0.2627    -0.6784 -9.990e-29
 152.571458     -3.735   0.433047    14.8872    -1.6258     -3.704     0.2615    -0.6792 -9.990e-29
 152.571464     -3.714   0.424283    14.8869    -1.6255     -3.683     0.2560    -0.6834 -9.990e-29
 152.571470     -3.695   0.415320    14.8872    -1.6252     -3.664     0.2505    -0.6877 -9.990e-29
 152.571476     -3.677   0.409735    14.8887    -1.6247     -3.646     0.2470    -0.6906 -9.990e-29
 152.571481     -3.659   0.405628    14.8918    -1.6241     -3.628     0.2445    -0.6931 -9.990e-29
 152.571487     -3.638   0.399743    14.8947    -1.6237     -3.608     0.2408    -0.6963 -9.990e-29
 152.571493     -3.615   0.390889    14.8957    -1.6232     -3.585     0.2353    -0.7007 -9.990e-29
 152.571499     -3.587   0.380015    14.8943    -1.6229     -3.557     0.2287    -0.7057 -9.990e-29
 152.571505     -3.558   0.368704    14.8921    -1.6229     -3.528     0.2217    -0.7108 -9.990e-29
 152.571510     -3.533   0.358508    14.8934    -1.6227     -3.504     0.2154    -0.7158 -9.990e-29
 152.571516     -3.515   0.350807    14.9004    -1.6225     -3.486     0.2107    -0.7206 -9.990e-29
 152.571522     -3.500   0.345867    14.9120    -1.6225     -3.471     0.2076    -0.7247 -9.990e-29
 152.571528     -3.482   0.342650    14.9269    -1.6223     -3.453     0.2055    -0.7285 -9.990e-29
 152.571534     -3.463   0.338529    14.9430    -1.6225     -3.434     0.2029    -0.7330 -9.990e-29
 152.571539     -3.448   0.333556    14.9580    -1.6225     -3.419     0.1998    -0.7376 -9.990e-29
 152.571545     -3.434   0.330526    14.9712    -1.6228     -3.405     0.1979    -0.7411 -9.990e-29
 152.571551     -3.422   0.328726    14.9808    -1.6227     -3.393     0.1968    -0.7434 -9.990e-29
 152.571557     -3.410   0.326314    14.9865    -1.6229     -3.382     0.1953    -0.7455 -9.990e-29
 152.571563     -3.398   0.323401    14.9915    -1.6233     -3.370     0.1935    -0.7476 -9.990e-29
 152.571568     -3.381   0.321094    14.9972    -1.6237     -3.353     0.1920    -0.7496 -9.990e-29
 152.571574     -3.353   0.318535    15.0030    -1.6230     -3.325     0.1905    -0.7517 -9.990e-29
 152.571580     -3.321   0.311758    15.0075    -1.6229     -3.293     0.1863    -0.7556 -9.990e-29
 152.571586     -3.291   0.299491    15.0091    -1.4053     -3.264     0.1789    -0.7616 -9.990e-29
 152.571591     -3.263   0.285339    15.0085    -1.4049     -3.236     0.1703    -0.7682 -9.990e-29
 152.571597     -3.233   0.272611    15.0074    -1.4749     -3.206     0.1626    -0.7740 -9.990e-29
 152.571603     -3.196   0.262081    15.0057    -1.4494     -3.169     0.1563    -0.7786 -9.990e-29
 152.571609     -3.149   0.258559    15.0008    -1.3979     -3.123     0.1541    -0.7795 -9.990e-29
 152.571615     -3.099   0.276755    14.9901    -1.4013     -3.073     0.1652    -0.7693 -9.990e-29
 152.571620     -3.045   0.353129    14.9710    -1.4024     -3.020     0.2117    -0.7304 -9.990e-29
 152.571626     -2.989   0.600601    14.9222    -1.4020     -2.964     0.3660    -0.6035 -9.990e-29
 152.571632     -2.932   1.362995    14.7701    -1.4032     -2.908     0.8622    -0.1969 -9.990e-29
 152.571638     -2.865   3.659055    14.3155    -1.4016     -2.841     2.4711     1.1125 -9.990e-29
 152.571644     -2.780  10.537444    13.5210    -1.4025     -2.757     7.8208     5.3494 -9.990e-29
 152.571649     -2.677  21.170295    12.7753    -1.4017     -2.655    16.9994    12.5308 -9.990e-29
 152.571655     -2.561  28.340015    12.3694    -1.4025     -2.540    23.6580    17.7359 -9.990e-29
 152.571661     -2.441  30.744992    12.2018    -1.4027     -2.421    25.9963    19.5727 -9.990e-29
 152.571667     -2.324  32.947177    12.1081    -1.4002     -2.305    28.1324    21.2426 -9.990e-29
 152.571672     -2.207  35.570601    12.0387    -1.4029     -2.189    30.6830    23.2314 -9.990e-29
 152.571678     -2.085  37.072629    11.9980    -1.4026     -2.068    32.1613    24.3855 -9.990e-29
 152.571684     -1.964  37.585647    11.9847    -1.4033     -1.948    32.6685    24.7816 -9.990e-29
 152.571690     -1.854  37.779188    11.9917    -1.4029     -1.839    32.8496    24.9209 -9.990e-29
 152.571696     -1.759  37.845258    12.0081    -1.4021     -1.744    32.8991    24.9562 -9.990e-29
 152.571701     -1.680  37.858589    12.0219    -1.4013     -1.666    32.8998    24.9541 -9.990e-29
 152.571707     -1.614  37.838732    12.0238    -1.4012     -1.601    32.8789    24.9375 -9.990e-29
 152.571713     -1.562  37.810874    12.0149    -1.4032     -1.549    32.8597    24.9244 -9.990e-29
 152.571719     -1.521  37.801858    12.0055    -1.4046     -1.508    32.8593    24.9258 -9.990e-29
 152.571725     -1.488  37.841794    12.0045    -1.4040     -1.476    32.8988    24.9566 -9.990e-29
 152.571730     -1.461  37.882014    12.0058    -1.4016     -1.449    32.9366    24.9857 -9.990e-29
 152.571736     -1.442  37.845644    11.9975    -1.4027     -1.430    32.9087    24.9656 -9.990e-29
 152.571742     -1.431  37.793017    11.9799    -1.4038     -1.419    32.8732    24.9414 -9.990e-29
 152.571748     -1.417  37.792494    11.9584    -1.4049     -1.405    32.8917    24.9597 -9.990e-29
 152.571753     -1.397  37.849637    11.9405    -1.4021     -1.385    32.9629    25.0184 -9.990e-29
 152.571759     -1.372  37.946007    11.9353    -1.4011     -1.361    33.0610    25.0955 -9.990e-29
 152.571765     -1.350  38.021871    11.9399    -1.4019     -1.339    33.1305    25.1486 -9.990e-29
 152.571771     -1.334  38.005845    11.9404    -1.4043     -1.323    33.1145    25.1361 -9.990e-29
 152.571777     -1.318  37.905238    11.9306    -1.4044     -1.307    33.0256    25.0689 -9.990e-29
 152.571782     -1.298  37.834850    11.9216    -1.4023     -1.287    32.9653    25.0237 -9.990e-29
 152.571788     -1.275  37.878032    11.9261    -1.4029     -1.264    33.0032    25.0523 -9.990e-29
 152.571794     -1.254  37.951772    11.9413    -1.4040     -1.244    33.0612    25.0945 -9.990e-29
 152.571800     -1.232  37.930781    11.9583    -1.4046     -1.222    33.0258    25.0638 -9.990e-29
 152.571806     -1.208  37.842858    11.9727    -1.4046     -1.198    32.9278    24.9851 -9.990e-29
 152.571811     -1.181  37.807709    11.9832    -1.4045     -1.171    32.8845    24.9495 -9.990e-29
 152.571817     -1.153  37.859533    11.9903    -1.4053     -1.143    32.9284    24.9822 -9.990e-29
 152.571823     -1.131  37.896216    11.9933    -1.4056     -1.122    32.9612    25.0072 -9.990e-29
 152.571829     -1.119  37.836666    11.9897    -1.4042     -1.110    32.9067    24.9656 -9.990e-29
 152.571834     -1.110  37.743300    11.9773    -1.4039     -1.101    32.8273    24.9062 -9.990e-29
 152.571840     -1.095  37.729281    11.9601    -1.4025     -1.086    32.8288    24.9106 -9.990e-29
 152.571846     -1.075  37.787711    11.9497    -1.4015     -1.066    32.8946    24.9636 -9.990e-29
 152.571852     -1.055  37.814931    11.9512    -1.4015     -1.046    32.9197    24.9828 -9.990e-29
 152.571858     -1.040  37.779999    11.9567    -1.4003     -1.031    32.8809    24.9517 -9.990e-29
 152.571863     -1.028  37.724908    11.9549    -1.4008     -1.019    32.8291    24.9118 -9.990e-29
 152.571869     -1.018  37.685514    11.9421    -1.4002     -1.010    32.8022    24.8934 -9.990e-29
 152.571875     -1.010  37.666481    11.9251    -1.3983     -1.002    32.7988    24.8938 -9.990e-29
 152.571881     -1.004  37.668792    11.9162    -1.3980     -0.996    32.8088    24.9033 -9.990e-29
 152.571887     -0.998  37.717405    11.9200    -1.3983     -0.990    32.8526    24.9366 -9.990e-29
 152.571892     -0.992  37.800935    11.9292    -1.3983     -0.984    32.9255    24.9914 -9.990e-29
 152.571898     -0.986  37.882260    11.9348    -1.3982     -0.978    32.9994    25.0478 -9.990e-29
 152.571904     -0.980  37.962793    11.9315    -1.3982     -0.972    33.0805    25.1113 -9.990e-29
 152.571910     -0.970  38.040645    11.9190    -1.3983     -0.962    33.1672    25.1810 -9.990e-29
 152.571916     -0.949  38.119320    11.9055    -1.3983     -0.941    33.2557    25.2522 -9.990e-29
 152.571921     -0.925  38.206777    11.9026    -1.3982     -0.917    33.3433    25.3207 -9.990e-29
 152.571927     -0.906  38.285690    11.9101    -1.3984     -0.898    33.4132    25.3737 -9.990e-29
 152.571933     -0.890  38.364331    11.9158    -1.3984     -0.883    33.4846    25.4280 -9.990e-29
 152.571939     -0.876  38.441643    11.9147    -1.3993     -0.869    33.5608    25.4874 -9.990e-29
 152.571944     -0.864  38.487895    11.9128    -1.3987     -0.857    33.6075    25.5240 -9.990e-29
 152.571950     -0.852  38.505927    11.9132    -1.3997     -0.845    33.6247    25.5373 -9.990e-29
 152.571956     -0.835  38.512517    11.9139    -1.3998     -0.828    33.6304    25.5416 -9.990e-29
 152.571962     -0.813  38.513671    11.9144    -1.3997     -0.806    33.6311    25.5421 -9.990e-29
 152.571968     -0.793  38.512632    11.9159    -1.3993     -0.786    33.6287    25.5399 -9.990e-29
 152.571973     -0.777  38.509719    11.9187    -1.3994     -0.771    33.6234    25.5352 -9.990e-29
 152.571979     -0.764  38.506115    11.9229    -1.3994     -0.758    33.6161    25.5288 -9.990e-29
 152.571985     -0.754  38.497596    11.9265    -1.3995     -0.748    33.6045    25.5191 -9.990e-29
 152.571991     -0.746  38.476191    11.9247    -1.4005     -0.740    33.5853    25.5046 -9.990e-29
 152.571997     -0.739  38.441968    11.9150    -1.4020     -0.733    33.5608    25.4873 -9.990e-29
