data/oxygen options/OCNMS/OCNMS1/raw_data/2009/CTD_CA042_072809faed.cnv
* Sea-Bird SBE19 Data File:
* FileName = C:\2009_MOORING_DATA\072809_DATA\CTD_CA042_072809.hex
* Software Version 1.24
* Temperature SN = 2997
* Conductivity SN = 2997
* System UpLoad Time = Jul 28 2009 17:32:31
* SEACAT PROFILER V3.1c SN 2997   07/28/09  17:31:49.998
* strain gauge pressure sensor: S/N = 184829,  range = 3000 psia,  tc = 40
# nquan = 9                                 
# nvalues = 2111                        
# units = specified
# name 0 = timeJ: Julian Days
# name 1 = prSM: Pressure, Strain Gauge [db]
# name 2 = c0mS/cm: Conductivity [mS/cm]
# name 3 = t090C: Temperature [ITS-90, deg C]
# name 4 = sbeox0ML/L: Oxygen, SBE 43 [ml/l]
# name 5 = depSM: Depth [salt water, m], lat = 47.5
# name 6 = sal00: Salinity, Practical [PSU]
# name 7 = sigma-é00: Density [sigma-theta, kg/m^3]
# name 8 = flag: flag
# span 0 = 209.505648, 209.517859       
# span 1 =     -5.667,     40.913       
# span 2 =   0.194770,  38.754254       
# span 3 =     7.2733,    19.9343       
# span 4 =    -1.5083,    18.8558       
# span 5 =     -5.620,     40.568       
# span 6 =     0.1049,    33.5894       
# span 7 =    -1.6887,    26.2689       
# span 8 = 0.0000e+00, 0.0000e+00       
# interval = seconds: 0.5
# start_time = Jul 28 2009 12:08:08 [Instrument's time stamp, header]
# bad_flag = -9.990e-29
*END*
[from data line 1281]
 209.513061     39.456  34.234828     7.2759     2.6172     39.123    33.5559    26.2438 -9.990e-29
 209.513067     39.454  34.234852     7.2761     2.6147     39.121    33.5557    26.2436 -9.990e-29
 209.513073     39.447  34.235272     7.2761     2.6208     39.114    33.5562    26.2440 -9.990e-29
 209.513079     39.436  34.235523     7.2758     2.6039     39.103    33.5567    26.2445 -9.990e-29
 209.513084     39.427  34.235379     7.2752     2.6039     39.094    33.5572    26.2449 -9.990e-29
 209.513090     39.423  34.235203     7.2748     2.6014     39.090    33.5574    26.2451 -9.990e-29
 209.513096     39.428  34.235320     7.2748     2.6181     39.095    33.5575    26.2452 -9.990e-29
 209.513102     39.434  34.235323     7.2747     2.6332     39.101    33.5576    26.2453 -9.990e-29
 209.513108     39.432  34.235213     7.2748     2.6418     39.099    33.5574    26.2451 -9.990e-29
 209.513113     39.427  34.235399     7.2752     2.6224     39.094    33.5572    26.2449 -9.990e-29
 209.513119     39.426  34.235567     7.2753     2.6075     39.093    33.5573    26.2450 -9.990e-29
 209.513125     39.435  34.235378     7.2749     2.6050     39.102    33.5575    26.2452 -9.990e-29
 209.513131     39.450  34.235138     7.2745     2.6048     39.117    33.5576    26.2453 -9.990e-29
 209.513137     39.462  34.235083     7.2744     2.6062     39.129    33.5576    26.2454 -9.990e-29
 209.513142     39.464  34.235139     7.2745     2.6122     39.131    33.5576    26.2453 -9.990e-29
 209.513148     39.456  34.235375     7.2748     2.6148     39.123    33.5575    26.2453 -9.990e-29
 209.513154     39.455  34.235542     7.2748     2.6258     39.122    33.5577    26.2454 -9.990e-29
 209.513160     39.473  34.235304     7.2746     2.6391     39.140    33.5576    26.2454 -9.990e-29
 209.513166     39.499  34.234900     7.2747     2.6196     39.166    33.5571    26.2449 -9.990e-29
 209.513171     39.513  34.234909     7.2749     2.6037     39.179    33.5569    26.2448 -9.990e-29
 209.513177     39.504  34.235337     7.2749     2.6025     39.171    33.5574    26.2451 -9.990e-29
 209.513183     39.469  34.235632     7.2749     2.6050     39.136    33.5577    26.2454 -9.990e-29
 209.513189     39.426  34.235624     7.2750     2.6173     39.093    33.5576    26.2453 -9.990e-29
 209.513194     39.391  34.235301     7.2751     2.6369     39.059    33.5572    26.2450 -9.990e-29
 209.513200     39.372  34.234792     7.2751     2.6284     39.040    33.5567    26.2445 -9.990e-29
 209.513206     39.363  34.234536     7.2751     2.6172     39.031    33.5564    26.2443 -9.990e-29
 209.513212     39.354  34.234749     7.2754     2.6097     39.022    33.5563    26.2442 -9.990e-29
 209.513218     39.346  34.235150     7.2756     2.6025     39.014    33.5566    26.2444 -9.990e-29
 209.513223     39.346  34.235152     7.2753     2.6014     39.014    33.5569    26.2447 -9.990e-29
 209.513229     39.359  34.234754     7.2749     2.6125     39.027    33.5568    26.2447 -9.990e-29
 209.513235     39.381  34.234544     7.2748     2.6150     39.049    33.5567    26.2446 -9.990e-29
 209.513241     39.401  34.234799     7.2747     2.6173     39.068    33.5570    26.2449 -9.990e-29
 209.513247     39.407  34.235296     7.2745     2.6111     39.074    33.5578    26.2455 -9.990e-29
 209.513252     39.391  34.235573     7.2746     2.6035     39.059    33.5580    26.2456 -9.990e-29
 209.513258     39.348  34.235436     7.2748     2.6033     39.016    33.5577    26.2454 -9.990e-29
 209.513264     39.283  34.235260     7.2745     2.6056     38.951    33.5578    26.2455 -9.990e-29
 209.513270     39.209  34.235369     7.2740     2.6104     38.878    33.5584    26.2461 -9.990e-29
 209.513275     39.131  34.235347     7.2738     2.6188     38.801    33.5586    26.2463 -9.990e-29
 209.513281     39.039  34.235161     7.2736     2.6296     38.710    33.5587    26.2463 -9.990e-29
 209.513287     38.918  34.235120     7.2736     2.6399     38.590    33.5587    26.2463 -9.990e-29
 209.513293     38.753  34.235166     7.2741     2.6389     38.426    33.5583    26.2460 0.0000e+00
 209.513299     38.533  34.235357     7.2749     2.6475     38.208    33.5579    26.2455 0.0000e+00
 209.513304     38.261  34.235386     7.2760     2.6612     37.938    33.5570    26.2446 0.0000e+00
 209.513310     37.950  34.234729     7.2774     2.6770     37.630    33.5550    26.2429 0.0000e+00
 209.513316     37.614  34.233257     7.2789     2.7073     37.297    33.5521    26.2404 0.0000e+00
 209.513322     37.262  34.231247     7.2806     2.7069     36.948    33.5485    26.2373 0.0000e+00
 209.513328     36.892  34.229007     7.2831     2.7173     36.581    33.5438    26.2333 0.0000e+00
 209.513333     36.504  34.226348     7.2880     2.7196     36.196    33.5363    26.2267 0.0000e+00
 209.513339     36.101  34.223270     7.2969     2.7165     35.797    33.5245    26.2162 0.0000e+00
 209.513345     35.694  34.221832     7.3098     2.7232     35.393    33.5107    26.2035 0.0000e+00
 209.513351     35.289  34.225156     7.3251     2.7320     34.991    33.4997    26.1927 0.0000e+00
 209.513356     34.887  34.233753     7.3420     2.7486     34.593    33.4928    26.1849 0.0000e+00
 209.513362     34.480  34.245639     7.3678     2.7728     34.189    33.4810    26.1720 0.0000e+00
 209.513368     34.063  34.263779     7.4113     2.7970     33.776    33.4588    26.1485 0.0000e+00
 209.513374     33.640  34.291069     7.4645     2.8159     33.357    33.4373    26.1240 0.0000e+00
 209.513380     33.213  34.321884     7.5138     2.8328     32.933    33.4233    26.1061 0.0000e+00
 209.513385     32.778  34.350816     7.5584     2.8537     32.502    33.4118    26.0908 0.0000e+00
 209.513391     32.331  34.377791     7.6030     2.8762     32.059    33.3983    26.0738 0.0000e+00
 209.513397     31.879  34.404048     7.6445     2.8999     31.610    33.3869    26.0590 0.0000e+00
 209.513403     31.427  34.427067     7.6769     2.9223     31.162    33.3809    26.0495 0.0000e+00
 209.513409     30.985  34.445051     7.7023     2.9301     30.724    33.3761    26.0421 0.0000e+00
 209.513414     30.564  34.461817     7.7290     2.9447     30.307    33.3687    26.0325 0.0000e+00
 209.513420     30.171  34.480116     7.7598     2.9619     29.917    33.3591    26.0205 0.0000e+00
 209.513426     29.819  34.496336     7.7905     2.9817     29.568    33.3473    26.0068 0.0000e+00
 209.513432     29.521  34.510817     7.8166     2.9949     29.273    33.3380    25.9958 0.0000e+00
 209.513438     29.274  34.531665     7.8403     3.0023     29.028    33.3378    25.9922 0.0000e+00
 209.513443     29.071  34.559789     7.8643     2.9849     28.826    33.3451    25.9945 0.0000e+00
 209.513449     28.909  34.585628     7.8835     2.9790     28.666    33.3546    25.9991 0.0000e+00
 209.513455     28.781  34.600494     7.8969     2.9738     28.539    33.3577    25.9996 -9.990e-29
 209.513461     28.678  34.606281     7.9103     2.9800     28.437    33.3512    25.9925 -9.990e-29
 209.513466     28.595  34.611266     7.9225     2.9827     28.354    33.3449    25.9858 -9.990e-29
 209.513472     28.522  34.616490     7.9302     2.9739     28.282    33.3432    25.9834 -9.990e-29
 209.513478     28.450  34.618831     7.9348     2.9765     28.211    33.3413    25.9812 -9.990e-29
 209.513484     28.379  34.619728     7.9369     2.9893     28.140    33.3403    25.9801 -9.990e-29
 209.513490     28.317  34.621496     7.9359     2.9976     28.079    33.3432    25.9825 -9.990e-29
 209.513495     28.272  34.624250     7.9346     3.0154     28.034    33.3474    25.9860 -9.990e-29
 209.513501     28.243  34.626056     7.9370     3.0219     28.005    33.3471    25.9854 -9.990e-29
 209.513507     28.223  34.626515     7.9452     3.0267     27.986    33.3397    25.9785 -9.990e-29
 209.513513     28.210  34.628477     7.9579     3.0449     27.973    33.3297    25.9687 -9.990e-29
 209.513519     28.204  34.637915     7.9706     3.0166     27.967    33.3277    25.9653 -9.990e-29
 209.513524     28.204  34.653402     7.9790     2.9898     27.967    33.3363    25.9708 -9.990e-29
 209.513530     28.211  34.664214     7.9826     2.9801     27.974    33.3444    25.9766 -9.990e-29
 209.513536     28.224  34.667397     7.9837     2.9821     27.987    33.3467    25.9783 -9.990e-29
 209.513542     28.241  34.666634     7.9837     2.9875     28.003    33.3459    25.9777 -9.990e-29
 209.513547     28.258  34.664266     7.9839     2.9948     28.020    33.3432    25.9755 -9.990e-29
 209.513553     28.277  34.662172     7.9854     2.9891     28.039    33.3395    25.9724 -9.990e-29
 209.513559     28.298  34.661477     7.9861     2.9700     28.060    33.3381    25.9712 -9.990e-29
 209.513565     28.323  34.659570     7.9844     2.9589     28.085    33.3376    25.9711 -9.990e-29
 209.513571     28.349  34.653345     7.9812     2.9596     28.110    33.3340    25.9687 -9.990e-29
 209.513576     28.374  34.647385     7.9766     2.9668     28.135    33.3320    25.9678 -9.990e-29
 209.513582     28.394  34.645505     7.9696     2.9954     28.155    33.3367    25.9725 -9.990e-29
 209.513588     28.403  34.642393     7.9638     3.0108     28.164    33.3389    25.9751 -9.990e-29
 209.513594     28.396  34.636696     7.9642     3.0164     28.157    33.3324    25.9699 -9.990e-29
 209.513600     28.370  34.635938     7.9710     3.0218     28.131    33.3251    25.9632 -9.990e-29
 209.513605     28.318  34.643586     7.9806     3.0044     28.080    33.3242    25.9611 -9.990e-29
 209.513611     28.250  34.653583     7.9889     3.0115     28.012    33.3270    25.9621 -9.990e-29
 209.513617     28.186  34.660209     7.9951     3.0187     27.949    33.3282    25.9621 -9.990e-29
 209.513623     28.141  34.665577     8.0002     3.0191     27.904    33.3291    25.9621 -9.990e-29
 209.513628     28.120  34.671241     8.0020     3.0184     27.883    33.3334    25.9652 -9.990e-29
 209.513634     28.121  34.672983     7.9999     3.0061     27.884    33.3373    25.9685 -9.990e-29
 209.513640     28.132  34.670884     7.9979     2.9931     27.895    33.3369    25.9686 -9.990e-29
 209.513646     28.144  34.669424     7.9984     2.9741     27.907    33.3349    25.9669 -9.990e-29
 209.513652     28.164  34.669451     8.0001     2.9690     27.927    33.3333    25.9654 -9.990e-29
 209.513657     28.200  34.670997     8.0012     2.9709     27.963    33.3339    25.9657 -9.990e-29
 209.513663     28.251  34.672759     7.9999     2.9882     28.013    33.3370    25.9683 -9.990e-29
 209.513669     28.302  34.670360     7.9950     3.0080     28.064    33.3391    25.9707 -9.990e-29
 209.513675     28.345  34.660596     7.9902     3.0185     28.107    33.3332    25.9667 -9.990e-29
 209.513681     28.374  34.650054     7.9905     3.0269     28.135    33.3216    25.9576 -9.990e-29
 209.513686     28.385  34.650443     7.9942     3.0388     28.146    33.3185    25.9546 -9.990e-29
 209.513692     28.380  34.658917     7.9973     3.0449     28.141    33.3246    25.9590 -9.990e-29
 209.513698     28.359  34.666601     8.0006     3.0408     28.120    33.3297    25.9625 -9.990e-29
 209.513704     28.323  34.672531     8.0060     3.0324     28.085    33.3309    25.9626 -9.990e-29
 209.513709     28.281  34.677327     8.0116     3.0201     28.043    33.3307    25.9617 -9.990e-29
 209.513715     28.236  34.680099     8.0151     3.0067     27.998    33.3303    25.9609 -9.990e-29
 209.513721     28.196  34.681740     8.0168     3.0040     27.959    33.3305    25.9607 -9.990e-29
 209.513727     28.167  34.683315     8.0170     3.0037     27.930    33.3320    25.9619 -9.990e-29
 209.513733     28.154  34.683560     8.0159     2.9905     27.917    33.3333    25.9631 -9.990e-29
 209.513738     28.161  34.682238     8.0134     2.9842     27.924    33.3343    25.9642 -9.990e-29
 209.513744     28.185  34.679824     8.0095     2.9837     27.948    33.3354    25.9657 -9.990e-29
 209.513750     28.218  34.676457     8.0048     2.9879     27.981    33.3363    25.9670 -9.990e-29
 209.513756     28.254  34.672123     8.0008     3.0064     28.016    33.3354    25.9670 -9.990e-29
 209.513762     28.283  34.665522     7.9999     2.9875     28.045    33.3292    25.9622 -9.990e-29
 209.513767     28.297  34.661294     8.0024     2.9715     28.059    33.3223    25.9564 -9.990e-29
 209.513773     28.303  34.665000     8.0051     2.9505     28.065    33.3237    25.9571 -9.990e-29
 209.513779     28.308  34.670373     8.0049     2.9401     28.070    33.3296    25.9618 -9.990e-29
 209.513785     28.322  34.671689     7.9978     2.9624     28.084    33.3378    25.9693 -9.990e-29
 209.513791     28.350  34.665099     7.9816     2.9901     28.111    33.3462    25.9782 -9.990e-29
 209.513796     28.386  34.648536     7.9649     3.0144     28.147    33.3444    25.9793 -9.990e-29
 209.513802     28.409  34.633526     7.9607     3.0270     28.170    33.3324    25.9704 -9.990e-29
 209.513808     28.405  34.632541     7.9704     3.0196     28.166    33.3221    25.9609 -9.990e-29
 209.513814     28.372  34.644260     7.9846     3.0165     28.133    33.3211    25.9580 -9.990e-29
 209.513819     28.323  34.657970     7.9952     3.0202     28.085    33.3256    25.9601 -9.990e-29
 209.513825     28.271  34.667299     7.9999     3.0259     28.033    33.3311    25.9637 -9.990e-29
 209.513831     28.224  34.671801     8.0008     3.0255     27.987    33.3351    25.9667 -9.990e-29
 209.513837     28.186  34.672435     8.0015     3.0184     27.949    33.3351    25.9666 -9.990e-29
 209.513843     28.153  34.672846     8.0040     3.0121     27.916    33.3332    25.9647 -9.990e-29
 209.513848     28.127  34.675260     8.0080     3.0166     27.890    33.3320    25.9632 -9.990e-29
 209.513854     28.116  34.678967     8.0125     3.0353     27.879    33.3317    25.9623 -9.990e-29
 209.513860     28.122  34.682745     8.0162     3.0316     27.885    33.3322    25.9621 -9.990e-29
 209.513866     28.147  34.684906     8.0174     3.0266     27.910    33.3333    25.9629 -9.990e-29
 209.513872     28.183  34.683846     8.0167     3.0007     27.946    33.3328    25.9626 -9.990e-29
 209.513877     28.216  34.681512     8.0169     2.9807     27.979    33.3301    25.9604 -9.990e-29
 209.513883     28.239  34.681509     8.0185     2.9746     28.001    33.3286    25.9590 -9.990e-29
 209.513889     28.257  34.683266     8.0189     2.9771     28.019    33.3301    25.9601 -9.990e-29
 209.513895     28.281  34.682961     8.0158     2.9981     28.043    33.3327    25.9626 -9.990e-29
 209.513900     28.312  34.676823     8.0099     3.0074     28.074    33.3318    25.9627 -9.990e-29
 209.513906     28.340  34.666187     8.0053     3.0114     28.102    33.3248    25.9579 -9.990e-29
 209.513912     28.352  34.659839     8.0042     3.0086     28.113    33.3190    25.9536 -9.990e-29
 209.513918     28.346  34.661635     8.0047     3.0035     28.107    33.3205    25.9546 -9.990e-29
 209.513924     28.326  34.666119     8.0051     3.0033     28.088    33.3249    25.9581 -9.990e-29
 209.513929     28.298  34.670305     8.0051     3.0032     28.060    33.3294    25.9616 -9.990e-29
 209.513935     28.270  34.674167     8.0054     3.0117     28.032    33.3332    25.9646 -9.990e-29
 209.513941     28.248  34.677248     8.0044     3.0225     28.010    33.3375    25.9680 -9.990e-29
 209.513947     28.236  34.676930     8.0008     3.0247     27.998    33.3406    25.9710 -9.990e-29
 209.513953     28.228  34.671107     7.9984     3.0304     27.990    33.3367    25.9683 -9.990e-29
 209.513958     28.210  34.667137     8.0008     3.0336     27.973    33.3301    25.9628 -9.990e-29
 209.513964     28.178  34.670924     8.0059     3.0313     27.941    33.3293    25.9614 -9.990e-29
 209.513970     28.147  34.676870     8.0109     3.0288     27.910    33.3309    25.9619 -9.990e-29
 209.513976     28.131  34.681137     8.0149     3.0224     27.894    33.3317    25.9620 -9.990e-29
