data/oxygen options/OCNMS/OCNMS1/raw_data/2009/CTD_CA065_090209faed.cnv
* Sea-Bird SBE19 Data File:
* FileName = C:\2009_MOORING_DATA\090209_data\CTD_CA065_090209.hex
* Software Version 1.24
* Temperature SN = 2997
* Conductivity SN = 2997
* System UpLoad Time = Sep 02 2009 17:29:35
* SEACAT PROFILER V3.1c SN 2997   09/02/09  17:28:47.580
* strain gauge pressure sensor: S/N = 184829,  range = 3000 psia,  tc = 40
# nquan = 9                                 
# nvalues = 2068                        
# units = specified
# name 0 = timeJ: Julian Days
# name 1 = prSM: Pressure, Strain Gauge [db]
# name 2 = c0mS/cm: Conductivity [mS/cm]
# name 3 = t090C: Temperature [ITS-90, deg C]
# name 4 = sbeox0ML/L: Oxygen, SBE 43 [ml/l]
# name 5 = depSM: Depth [salt water, m], lat = 47.5
# name 6 = sal00: Salinity, Practical [PSU]
# name 7 = sigma-é00: Density [sigma-theta, kg/m^3]
# name 8 = flag: flag
# span 0 = 245.626597, 245.638559       
# span 1 =     -5.609,     66.141       
# span 2 =   0.557930,  39.673579       
# span 3 =     7.3512,    18.4257       
# span 4 =    -1.5530,    13.8280       
# span 5 =     -5.562,     65.578       
# span 6 =     0.3126,    33.8035       
# span 7 =    -1.2313,    26.4280       
# span 8 = 0.0000e+00, 0.0000e+00       
# interval = seconds: 0.5
# start_time = Sep 02 2009 15:02:18 [Instrument's time stamp, header]
# bad_flag = -9.990e-29
*END*
[from data line 1601]
 245.635862     38.474  34.262543     7.4740     2.6989     38.149    33.3949    26.0895 -9.990e-29
 245.635868     38.522  34.263240     7.4738     2.6942     38.197    33.3958    26.0902 -9.990e-29
 245.635874     38.561  34.263601     7.4738     2.7051     38.236    33.3962    26.0905 -9.990e-29
 245.635880     38.583  34.263536     7.4741     2.7125     38.257    33.3958    26.0902 -9.990e-29
 245.635885     38.587  34.264070     7.4744     2.7040     38.261    33.3961    26.0904 -9.990e-29
 245.635891     38.572  34.264785     7.4746     2.6990     38.247    33.3967    26.0908 -9.990e-29
 245.635897     38.543  34.264385     7.4749     2.7109     38.218    33.3960    26.0902 -9.990e-29
 245.635903     38.504  34.263447     7.4753     2.7182     38.179    33.3946    26.0891 -9.990e-29
 245.635909     38.464  34.262955     7.4756     2.7148     38.139    33.3938    26.0884 -9.990e-29
 245.635914     38.431  34.262804     7.4756     2.7075     38.107    33.3937    26.0883 -9.990e-29
 245.635920     38.417  34.262786     7.4754     2.6978     38.093    33.3938    26.0884 -9.990e-29
 245.635926     38.421  34.262866     7.4752     2.7087     38.097    33.3941    26.0887 -9.990e-29
 245.635932     38.429  34.263143     7.4750     2.7161     38.105    33.3946    26.0891 -9.990e-29
 245.635938     38.431  34.263417     7.4750     2.7161     38.107    33.3949    26.0893 -9.990e-29
 245.635943     38.421  34.263485     7.4753     2.7137     38.097    33.3947    26.0891 -9.990e-29
 245.635949     38.404  34.263425     7.4755     2.7003     38.080    33.3944    26.0889 -9.990e-29
 245.635955     38.391  34.263149     7.4755     2.7062     38.067    33.3942    26.0887 -9.990e-29
 245.635961     38.394  34.262842     7.4755     2.7002     38.070    33.3938    26.0884 -9.990e-29
 245.635966     38.413  34.262645     7.4754     2.6917     38.089    33.3937    26.0883 -9.990e-29
 245.635972     38.441  34.262289     7.4751     2.7001     38.117    33.3936    26.0883 -9.990e-29
 245.635978     38.475  34.261850     7.4749     2.7086     38.150    33.3933    26.0881 -9.990e-29
 245.635984     38.513  34.261852     7.4751     2.7185     38.188    33.3931    26.0879 -9.990e-29
 245.635990     38.546  34.262291     7.4753     2.7208     38.221    33.3933    26.0881 -9.990e-29
 245.635995     38.562  34.262619     7.4751     2.7136     38.237    33.3939    26.0885 -9.990e-29
 245.636001     38.558  34.262706     7.4749     2.7171     38.233    33.3942    26.0888 -9.990e-29
 245.636007     38.537  34.262656     7.4751     2.7111     38.212    33.3939    26.0885 -9.990e-29
 245.636013     38.513  34.262394     7.4755     2.7086     38.188    33.3933    26.0880 -9.990e-29
 245.636019     38.494  34.262124     7.4760     2.7146     38.169    33.3925    26.0873 -9.990e-29
 245.636024     38.486  34.262037     7.4764     2.7145     38.161    33.3920    26.0869 -9.990e-29
 245.636030     38.487  34.262010     7.4761     2.7195     38.162    33.3923    26.0871 -9.990e-29
 245.636036     38.493  34.261997     7.4755     2.7086     38.168    33.3929    26.0876 -9.990e-29
 245.636042     38.495  34.261972     7.4754     2.7014     38.170    33.3929    26.0877 -9.990e-29
 245.636047     38.495  34.261894     7.4758     2.7015     38.170    33.3925    26.0873 -9.990e-29
 245.636053     38.497  34.261648     7.4760     2.7038     38.172    33.3920    26.0869 -9.990e-29
 245.636059     38.495  34.261458     7.4760     2.7003     38.170    33.3918    26.0867 -9.990e-29
 245.636065     38.486  34.261623     7.4760     2.6978     38.161    33.3920    26.0869 -9.990e-29
 245.636071     38.474  34.261792     7.4758     2.7061     38.149    33.3924    26.0872 -9.990e-29
 245.636076     38.465  34.261621     7.4755     2.7026     38.140    33.3925    26.0873 -9.990e-29
 245.636082     38.469  34.261435     7.4754     2.7050     38.144    33.3924    26.0873 -9.990e-29
 245.636088     38.490  34.261537     7.4755     2.7028     38.165    33.3924    26.0873 -9.990e-29
 245.636094     38.520  34.262054     7.4754     2.7088     38.195    33.3930    26.0878 -9.990e-29
 245.636100     38.545  34.263106     7.4752     2.7161     38.220    33.3943    26.0888 -9.990e-29
 245.636105     38.552  34.263843     7.4752     2.7160     38.227    33.3951    26.0895 -9.990e-29
 245.636111     38.543  34.263558     7.4752     2.7135     38.218    33.3948    26.0892 -9.990e-29
 245.636117     38.526  34.262984     7.4754     2.7170     38.201    33.3940    26.0886 -9.990e-29
 245.636123     38.508  34.262466     7.4757     2.7195     38.183    33.3932    26.0879 -9.990e-29
 245.636128     38.497  34.261866     7.4757     2.7195     38.172    33.3925    26.0874 -9.990e-29
 245.636134     38.495  34.261495     7.4752     2.7001     38.170    33.3926    26.0875 -9.990e-29
 245.636140     38.503  34.261411     7.4745     2.7157     38.178    33.3932    26.0880 -9.990e-29
 245.636146     38.517  34.261494     7.4742     2.7146     38.192    33.3936    26.0884 -9.990e-29
 245.636152     38.526  34.261845     7.4745     2.7254     38.201    33.3936    26.0884 -9.990e-29
 245.636157     38.516  34.262360     7.4749     2.7303     38.191    33.3938    26.0885 -9.990e-29
 245.636163     38.488  34.262597     7.4753     2.7098     38.163    33.3937    26.0883 -9.990e-29
 245.636169     38.451  34.262301     7.4757     2.7183     38.127    33.3930    26.0877 -9.990e-29
 245.636175     38.418  34.261631     7.4757     2.7244     38.094    33.3923    26.0872 -9.990e-29
 245.636181     38.390  34.260805     7.4754     2.7292     38.066    33.3917    26.0868 -9.990e-29
 245.636186     38.369  34.259835     7.4753     2.7148     38.045    33.3908    26.0860 -9.990e-29
 245.636192     38.362  34.259098     7.4755     2.7025     38.038    33.3898    26.0852 -9.990e-29
 245.636198     38.374  34.258725     7.4759     2.7059     38.050    33.3890    26.0845 -9.990e-29
 245.636204     38.406  34.258208     7.4759     2.6964     38.082    33.3884    26.0841 -9.990e-29
 245.636209     38.455  34.258531     7.4754     2.7013     38.131    33.3892    26.0848 -9.990e-29
 245.636215     38.515  34.260674     7.4749     2.6989     38.190    33.3920    26.0870 -9.990e-29
 245.636221     38.578  34.263565     7.4747     2.7073     38.252    33.3953    26.0897 -9.990e-29
 245.636227     38.626  34.266006     7.4747     2.7195     38.300    33.3979    26.0917 -9.990e-29
 245.636233     38.645  34.266762     7.4749     2.7279     38.319    33.3985    26.0922 -9.990e-29
 245.636238     38.632  34.265708     7.4752     2.7279     38.306    33.3971    26.0910 -9.990e-29
 245.636244     38.590  34.264231     7.4756     2.7315     38.264    33.3951    26.0894 -9.990e-29
 245.636250     38.531  34.262594     7.4760     2.7315     38.206    33.3930    26.0877 -9.990e-29
 245.636256     38.466  34.260848     7.4759     2.7182     38.141    33.3912    26.0863 -9.990e-29
 245.636262     38.410  34.259458     7.4755     2.7134     38.086    33.3902    26.0855 -9.990e-29
 245.636267     38.370  34.258241     7.4754     2.7085     38.046    33.3890    26.0846 -9.990e-29
 245.636273     38.350  34.257249     7.4757     2.7194     38.026    33.3876    26.0835 -9.990e-29
 245.636279     38.347  34.256830     7.4760     2.7183     38.023    33.3869    26.0828 -9.990e-29
 245.636285     38.358  34.256979     7.4760     2.7159     38.034    33.3870    26.0830 -9.990e-29
 245.636291     38.375  34.257885     7.4758     2.7134     38.051    33.3882    26.0839 -9.990e-29
 245.636296     38.393  34.259064     7.4758     2.7195     38.069    33.3894    26.0849 -9.990e-29
 245.636302     38.415  34.259278     7.4756     2.7182     38.091    33.3899    26.0853 -9.990e-29
 245.636308     38.441  34.258805     7.4752     2.7157     38.117    33.3897    26.0852 -9.990e-29
 245.636314     38.474  34.258686     7.4750     2.7132     38.149    33.3898    26.0853 -9.990e-29
 245.636319     38.511  34.259313     7.4751     2.7193     38.186    33.3903    26.0857 -9.990e-29
 245.636325     38.546  34.260392     7.4753     2.7266     38.221    33.3913    26.0864 -9.990e-29
 245.636331     38.573  34.261112     7.4752     2.7182     38.247    33.3922    26.0871 -9.990e-29
 245.636337     38.585  34.261303     7.4749     2.7218     38.259    33.3926    26.0876 -9.990e-29
 245.636343     38.579  34.261209     7.4748     2.7194     38.253    33.3926    26.0876 -9.990e-29
 245.636348     38.558  34.260885     7.4750     2.7302     38.233    33.3921    26.0871 -9.990e-29
 245.636354     38.525  34.260451     7.4756     2.7351     38.200    33.3911    26.0862 -9.990e-29
 245.636360     38.478  34.260063     7.4759     2.7386     38.153    33.3904    26.0856 -9.990e-29
 245.636366     38.422  34.259747     7.4759     2.7387     38.098    33.3901    26.0854 -9.990e-29
 245.636372     38.372  34.259254     7.4757     2.7423     38.048    33.3898    26.0852 -9.990e-29
 245.636377     38.336  34.257912     7.4757     2.7423     38.013    33.3883    26.0840 -9.990e-29
 245.636383     38.318  34.255600     7.4755     2.7375     37.995    33.3860    26.0823 -9.990e-29
 245.636389     38.316  34.253704     7.4750     2.7265     37.993    33.3845    26.0811 -9.990e-29
 245.636395     38.329  34.253043     7.4748     2.7274     38.006    33.3839    26.0807 -9.990e-29
 245.636400     38.354  34.253280     7.4752     2.7130     38.030    33.3838    26.0805 -9.990e-29
 245.636406     38.384  34.254157     7.4754     2.7107     38.060    33.3845    26.0811 -9.990e-29
 245.636412     38.418  34.255150     7.4753     2.7046     38.094    33.3857    26.0820 -9.990e-29
 245.636418     38.456  34.256446     7.4750     2.7107     38.131    33.3874    26.0834 -9.990e-29
 245.636424     38.493  34.258640     7.4749     2.7230     38.168    33.3898    26.0853 -9.990e-29
 245.636429     38.514  34.260721     7.4751     2.7254     38.189    33.3919    26.0869 -9.990e-29
 245.636435     38.511  34.260968     7.4755     2.7279     38.186    33.3917    26.0868 -9.990e-29
 245.636441     38.486  34.259694     7.4759     2.7314     38.161    33.3900    26.0853 -9.990e-29
 245.636447     38.440  34.258549     7.4763     2.7423     38.116    33.3884    26.0840 -9.990e-29
 245.636453     38.387  34.257671     7.4764     2.7448     38.063    33.3874    26.0832 -9.990e-29
 245.636458     38.346  34.256438     7.4763     2.7338     38.022    33.3861    26.0822 -9.990e-29
 245.636464     38.323  34.254873     7.4764     2.7325     38.000    33.3844    26.0808 -9.990e-29
 245.636470     38.316  34.253676     7.4762     2.7302     37.993    33.3833    26.0800 -9.990e-29
 245.636476     38.324  34.252918     7.4758     2.7325     38.001    33.3828    26.0797 -9.990e-29
 245.636481     38.348  34.251575     7.4753     2.7264     38.024    33.3818    26.0790 -9.990e-29
 245.636487     38.386  34.250644     7.4749     2.7108     38.062    33.3812    26.0786 -9.990e-29
 245.636493     38.427  34.252231     7.4749     2.7165     38.103    33.3829    26.0799 -9.990e-29
 245.636499     38.460  34.255074     7.4750     2.7216     38.135    33.3859    26.0822 -9.990e-29
 245.636505     38.484  34.256229     7.4749     2.7205     38.159    33.3872    26.0833 -9.990e-29
 245.636510     38.501  34.256101     7.4751     2.7120     38.176    33.3869    26.0830 -9.990e-29
 245.636516     38.510  34.256746     7.4753     2.7216     38.185    33.3874    26.0833 -9.990e-29
 245.636522     38.513  34.257887     7.4756     2.7290     38.188    33.3883    26.0840 -9.990e-29
 245.636528     38.505  34.258233     7.4759     2.7279     38.180    33.3884    26.0841 -9.990e-29
 245.636534     38.483  34.257669     7.4759     2.7253     38.158    33.3878    26.0836 -9.990e-29
 245.636539     38.452  34.257110     7.4757     2.7327     38.128    33.3874    26.0833 -9.990e-29
 245.636545     38.421  34.256919     7.4755     2.7483     38.097    33.3874    26.0833 -9.990e-29
 245.636551     38.390  34.256827     7.4753     2.7556     38.066    33.3875    26.0835 -9.990e-29
 245.636557     38.366  34.256698     7.4753     2.7422     38.042    33.3874    26.0834 -9.990e-29
 245.636563     38.348  34.256346     7.4754     2.7360     38.024    33.3869    26.0830 -9.990e-29
 245.636568     38.335  34.255288     7.4755     2.7337     38.012    33.3857    26.0820 -9.990e-29
 245.636574     38.335  34.253220     7.4757     2.7446     38.012    33.3832    26.0801 -9.990e-29
 245.636580     38.351  34.250730     7.4760     2.7409     38.027    33.3803    26.0777 -9.990e-29
 245.636586     38.381  34.249529     7.4761     2.7251     38.057    33.3788    26.0765 -9.990e-29
 245.636591     38.418  34.250800     7.4760     2.7287     38.094    33.3803    26.0777 -9.990e-29
 245.636597     38.451  34.252304     7.4762     2.7288     38.127    33.3817    26.0788 -9.990e-29
 245.636603     38.470  34.252110     7.4765     2.7276     38.145    33.3812    26.0783 -9.990e-29
 245.636609     38.476  34.252185     7.4766     2.7278     38.151    33.3812    26.0783 -9.990e-29
 245.636615     38.474  34.253735     7.4763     2.7312     38.149    33.3832    26.0799 -9.990e-29
 245.636620     38.463  34.255453     7.4759     2.7445     38.138    33.3854    26.0817 -9.990e-29
 245.636626     38.443  34.255693     7.4758     2.7518     38.119    33.3858    26.0820 -9.990e-29
 245.636632     38.412  34.254201     7.4758     2.7409     38.088    33.3842    26.0808 -9.990e-29
 245.636638     38.373  34.252334     7.4757     2.7311     38.049    33.3823    26.0793 -9.990e-29
 245.636644     38.337  34.250949     7.4755     2.7263     38.014    33.3810    26.0783 -9.990e-29
 245.636649     38.312  34.249868     7.4753     2.7204     37.989    33.3800    26.0776 -9.990e-29
 245.636655     38.304  34.248758     7.4750     2.7312     37.981    33.3791    26.0769 -9.990e-29
 245.636661     38.310  34.248366     7.4748     2.7253     37.987    33.3789    26.0767 -9.990e-29
 245.636667     38.327  34.249275     7.4751     2.7168     38.004    33.3796    26.0772 -9.990e-29
 245.636672     38.347  34.250440     7.4755     2.7253     38.023    33.3804    26.0779 -9.990e-29
 245.636678     38.368  34.251160     7.4758     2.7253     38.044    33.3809    26.0782 -9.990e-29
 245.636684     38.391  34.251822     7.4761     2.7325     38.067    33.3813    26.0785 -9.990e-29
 245.636690     38.413  34.253293     7.4763     2.7518     38.089    33.3827    26.0795 -9.990e-29
 245.636696     38.426  34.255280     7.4761     2.7434     38.102    33.3850    26.0814 -9.990e-29
 245.636701     38.428  34.255937     7.4758     2.7327     38.104    33.3860    26.0822 -9.990e-29
 245.636707     38.418  34.254444     7.4757     2.7338     38.094    33.3845    26.0811 -9.990e-29
 245.636713     38.401  34.252157     7.4757     2.7372     38.077    33.3821    26.0791 -9.990e-29
 245.636719     38.383  34.250496     7.4757     2.7470     38.059    33.3803    26.0777 -9.990e-29
 245.636725     38.368  34.249473     7.4757     2.7495     38.044    33.3792    26.0769 -9.990e-29
 245.636730     38.354  34.248831     7.4761     2.7422     38.030    33.3781    26.0760 -9.990e-29
 245.636736     38.342  34.248260     7.4765     2.7455     38.018    33.3771    26.0751 -9.990e-29
 245.636742     38.333  34.247546     7.4766     2.7566     38.010    33.3762    26.0744 -9.990e-29
 245.636748     38.338  34.246843     7.4762     2.7591     38.015    33.3759    26.0742 -9.990e-29
 245.636753     38.355  34.246880     7.4757     2.7398     38.031    33.3764    26.0746 -9.990e-29
 245.636759     38.373  34.247694     7.4757     2.7360     38.049    33.3772    26.0753 -9.990e-29
 245.636765     38.380  34.247551     7.4759     2.7335     38.056    33.3769    26.0750 -9.990e-29
 245.636771     38.377  34.246248     7.4759     2.7383     38.053    33.3755    26.0739 -9.990e-29
 245.636777     38.376  34.244834     7.4759     2.7373     38.052    33.3740    26.0727 -9.990e-29
