data/oxygen options/OCNMS/OCNMS1/raw_data/2009/CTD_CA065_072809faed.cnv
* Sea-Bird SBE19 Data File:
* FileName = C:\2009_MOORING_DATA\072809_DATA\CTD_CA065_072809.hex
* Software Version 1.24
* Temperature SN = 2997
* Conductivity SN = 2997
* System UpLoad Time = Jul 28 2009 17:30:58
* SEACAT PROFILER V3.1c SN 2997   07/28/09  17:30:13.306
* strain gauge pressure sensor: S/N = 184829,  range = 3000 psia,  tc = 40
# nquan = 9                                 
# nvalues = 1958                        
# units = specified
# name 0 = timeJ: Julian Days
# name 1 = prSM: Pressure, Strain Gauge [db]
# name 2 = c0mS/cm: Conductivity [mS/cm]
# name 3 = t090C: Temperature [ITS-90, deg C]
# name 4 = sbeox0ML/L: Oxygen, SBE 43 [ml/l]
# name 5 = depSM: Depth [salt water, m], lat = 47.5
# name 6 = sal00: Salinity, Practical [PSU]
# name 7 = sigma-é00: Density [sigma-theta, kg/m^3]
# name 8 = flag: flag
# span 0 = 209.452176, 209.463501       
# span 1 =     -5.849,     64.968       
# span 2 =   1.602240,  39.036569       
# span 3 =     7.0280,    16.7090       
# span 4 =    -1.5722,    16.6377       
# span 5 =     -5.800,     64.416       
# span 6 =     0.9790,    33.7200       
# span 7 =    -0.3821,    26.3772       
# span 8 = 0.0000e+00, 0.0000e+00       
# interval = seconds: 0.5
# start_time = Jul 28 2009 10:51:08 [Instrument's time stamp, header]
# bad_flag = -9.990e-29
*END*
[from data line 1281]
 209.459589     48.975  33.663782     7.0671     4.5028     48.560    33.1304    25.9377 -9.990e-29
 209.459595     49.007  33.666597     7.0690     4.5106     48.592    33.1316    25.9384 -9.990e-29
 209.459601     49.045  33.670544     7.0705     4.5164     48.630    33.1345    25.9404 -9.990e-29
 209.459606     49.078  33.673031     7.0710     4.5077     48.663    33.1367    25.9421 -9.990e-29
 209.459612     49.096  33.672881     7.0707     4.5138     48.680    33.1368    25.9423 -9.990e-29
 209.459618     49.096  33.671561     7.0706     4.5251     48.680    33.1355    25.9412 -9.990e-29
 209.459624     49.081  33.671221     7.0708     4.5388     48.666    33.1349    25.9408 -9.990e-29
 209.459630     49.061  33.671396     7.0709     4.5522     48.646    33.1350    25.9408 -9.990e-29
 209.459635     49.036  33.671186     7.0709     4.5470     48.621    33.1348    25.9406 -9.990e-29
 209.459641     49.007  33.670299     7.0702     4.5391     48.592    33.1345    25.9405 -9.990e-29
 209.459647     48.975  33.668100     7.0683     4.5310     48.560    33.1340    25.9403 -9.990e-29
 209.459653     48.951  33.664446     7.0652     4.5345     48.537    33.1330    25.9400 -9.990e-29
 209.459659     48.947  33.659495     7.0622     4.5373     48.533    33.1304    25.9384 -9.990e-29
 209.459664     48.962  33.657278     7.0610     4.5373     48.548    33.1292    25.9376 -9.990e-29
 209.459670     48.989  33.660427     7.0613     4.5261     48.574    33.1323    25.9400 -9.990e-29
 209.459676     49.021  33.663046     7.0618     4.5273     48.606    33.1347    25.9418 -9.990e-29
 209.459682     49.051  33.663011     7.0628     4.5127     48.636    33.1337    25.9408 -9.990e-29
 209.459688     49.076  33.664184     7.0650     4.5014     48.661    33.1328    25.9399 -9.990e-29
 209.459693     49.100  33.666995     7.0680     4.5104     48.684    33.1330    25.9396 -9.990e-29
 209.459699     49.122  33.669579     7.0708     4.4872     48.706    33.1331    25.9393 -9.990e-29
 209.459705     49.145  33.672011     7.0726     4.5016     48.729    33.1340    25.9398 -9.990e-29
 209.459711     49.165  33.674718     7.0732     4.5158     48.749    33.1364    25.9416 -9.990e-29
 209.459716     49.172  33.676258     7.0730     4.5036     48.756    33.1383    25.9431 -9.990e-29
 209.459722     49.156  33.675869     7.0722     4.5190     48.740    33.1386    25.9435 -9.990e-29
 209.459728     49.122  33.674701     7.0708     4.5304     48.706    33.1387    25.9437 -9.990e-29
 209.459734     49.075  33.673423     7.0694     4.5614     48.660    33.1387    25.9439 -9.990e-29
 209.459740     49.021  33.672003     7.0681     4.5765     48.606    33.1384    25.9439 -9.990e-29
 209.459745     48.966  33.670214     7.0663     4.5665     48.552    33.1382    25.9439 -9.990e-29
 209.459751     48.914  33.667340     7.0642     4.5406     48.500    33.1371    25.9434 -9.990e-29
 209.459757     48.870  33.662339     7.0611     4.5147     48.456    33.1346    25.9418 -9.990e-29
 209.459763     48.846  33.654133     7.0573     4.5125     48.433    33.1293    25.9382 -9.990e-29
 209.459769     48.851  33.646331     7.0556     4.5236     48.438    33.1224    25.9330 -9.990e-29
 209.459774     48.886  33.646447     7.0587     4.5339     48.472    33.1196    25.9303 -9.990e-29
 209.459780     48.941  33.655181     7.0644     4.5386     48.527    33.1236    25.9327 -9.990e-29
 209.459786     48.998  33.665120     7.0684     4.5445     48.583    33.1306    25.9377 -9.990e-29
 209.459792     49.039  33.669895     7.0694     4.5417     48.624    33.1348    25.9409 -9.990e-29
 209.459797     49.058  33.669140     7.0683     4.5413     48.643    33.1351    25.9412 -9.990e-29
 209.459803     49.060  33.666316     7.0661     4.5560     48.645    33.1341    25.9407 -9.990e-29
 209.459809     49.054  33.663250     7.0635     4.5559     48.639    33.1332    25.9404 -9.990e-29
 209.459815     49.045  33.659762     7.0614     4.5471     48.630    33.1315    25.9393 -9.990e-29
 209.459821     49.031  33.656791     7.0604     4.5314     48.616    33.1292    25.9376 -9.990e-29
 209.459826     49.016  33.654284     7.0599     4.5186     48.601    33.1269    25.9359 -9.990e-29
 209.459832     49.008  33.651686     7.0597     4.5037     48.593    33.1243    25.9339 -9.990e-29
 209.459838     49.010  33.651683     7.0602     4.5062     48.595    33.1238    25.9334 -9.990e-29
 209.459844     49.023  33.655942     7.0620     4.5198     48.608    33.1267    25.9355 -9.990e-29
 209.459850     49.046  33.662293     7.0652     4.5189     48.631    33.1306    25.9381 -9.990e-29
 209.459855     49.074  33.667989     7.0682     4.5269     48.659    33.1339    25.9403 -9.990e-29
 209.459861     49.091  33.670525     7.0694     4.5244     48.675    33.1355    25.9414 -9.990e-29
 209.459867     49.089  33.669906     7.0690     4.5217     48.674    33.1352    25.9412 -9.990e-29
 209.459873     49.076  33.668656     7.0678     4.5177     48.661    33.1350    25.9412 -9.990e-29
 209.459878     49.070  33.667338     7.0675     4.5323     48.655    33.1338    25.9404 -9.990e-29
 209.459884     49.073  33.666986     7.0683     4.5377     48.658    33.1327    25.9393 -9.990e-29
 209.459890     49.078  33.668798     7.0692     4.5311     48.663    33.1338    25.9401 -9.990e-29
 209.459896     49.081  33.670135     7.0691     4.5290     48.666    33.1354    25.9413 -9.990e-29
 209.459902     49.082  33.669408     7.0675     4.5108     48.667    33.1361    25.9421 -9.990e-29
 209.459907     49.085  33.667879     7.0654     4.5028     48.670    33.1365    25.9427 -9.990e-29
 209.459913     49.098  33.666299     7.0641     4.4977     48.682    33.1360    25.9425 -9.990e-29
 209.459919     49.128  33.665908     7.0649     4.4977     48.712    33.1348    25.9414 -9.990e-29
 209.459925     49.172  33.668976     7.0677     4.5072     48.756    33.1354    25.9416 -9.990e-29
 209.459931     49.214  33.674539     7.0702     4.5327     48.797    33.1390    25.9441 -9.990e-29
 209.459936     49.233  33.678800     7.0712     4.5586     48.816    33.1427    25.9469 -9.990e-29
 209.459942     49.213  33.679582     7.0713     4.5791     48.796    33.1435    25.9474 -9.990e-29
 209.459948     49.156  33.676796     7.0695     4.5954     48.740    33.1422    25.9467 -9.990e-29
 209.459954     49.080  33.670639     7.0652     4.6114     48.665    33.1397    25.9452 -9.990e-29
 209.459959     49.002  33.661853     7.0599     4.6122     48.587    33.1352    25.9425 -9.990e-29
 209.459965     48.933  33.652158     7.0548     4.5909     48.519    33.1295    25.9387 -9.990e-29
 209.459971     48.888  33.640379     7.0496     4.5701     48.474    33.1217    25.9332 -9.990e-29
 209.459977     48.871  33.628726     7.0435     4.5438     48.457    33.1148    25.9286 -9.990e-29
 209.459983     48.877  33.618456     7.0374     4.5300     48.463    33.1095    25.9252 -9.990e-29
 209.459988     48.901  33.610428     7.0370     4.5327     48.487    33.1011    25.9187 -9.990e-29
 209.459994     48.943  33.619692     7.0456     4.5265     48.529    33.1029    25.9190 -9.990e-29
 209.460000     48.990  33.644021     7.0560     4.5145     48.575    33.1195    25.9306 -9.990e-29
 209.460006     49.034  33.659825     7.0613     4.4972     48.619    33.1316    25.9394 -9.990e-29
 209.460012     49.072  33.662395     7.0625     4.4861     48.657    33.1333    25.9406 -9.990e-29
 209.460017     49.108  33.662993     7.0641     4.4851     48.692    33.1324    25.9396 -9.990e-29
 209.460023     49.144  33.667444     7.0675     4.4889     48.728    33.1339    25.9404 -9.990e-29
 209.460029     49.177  33.672711     7.0704     4.5079     48.761    33.1369    25.9424 -9.990e-29
 209.460035     49.196  33.675720     7.0714     4.5014     48.780    33.1392    25.9440 -9.990e-29
 209.460041     49.195  33.676550     7.0710     4.4968     48.779    33.1405    25.9451 -9.990e-29
 209.460046     49.178  33.675737     7.0699     4.5073     48.762    33.1407    25.9454 -9.990e-29
 209.460052     49.152  33.674426     7.0687     4.5007     48.736    33.1404    25.9454 -9.990e-29
 209.460058     49.124  33.673659     7.0679     4.5213     48.708    33.1403    25.9454 -9.990e-29
 209.460064     49.097  33.674081     7.0682     4.5518     48.681    33.1405    25.9455 -9.990e-29
 209.460069     49.064  33.675124     7.0689     4.5808     48.649    33.1410    25.9458 -9.990e-29
 209.460075     49.016  33.674244     7.0684     4.6061     48.601    33.1406    25.9455 -9.990e-29
 209.460081     48.948  33.670257     7.0656     4.6234     48.534    33.1389    25.9446 -9.990e-29
 209.460087     48.873  33.663436     7.0602     4.6427     48.459    33.1367    25.9436 -9.990e-29
 209.460093     48.814  33.652520     7.0522     4.6242     48.401    33.1325    25.9414 -9.990e-29
 209.460098     48.782  33.636950     7.0426     4.5780     48.369    33.1247    25.9366 -9.990e-29
 209.460104     48.780  33.619481     7.0338     4.5374     48.367    33.1141    25.9294 -9.990e-29
 209.460110     48.804  33.609859     7.0284     4.4914     48.391    33.1088    25.9259 -9.990e-29
 209.460116     48.847  33.609805     7.0280     4.4708     48.434    33.1091    25.9262 -9.990e-29
 209.460122     48.908  33.611951     7.0343     4.4727     48.494    33.1053    25.9224 -9.990e-29
 209.460127     48.985  33.625307     7.0466     4.4737     48.570    33.1081    25.9229 -9.990e-29
 209.460133     49.071  33.650303     7.0588     4.4938     48.656    33.1236    25.9335 -9.990e-29
 209.460139     49.149  33.668720     7.0657     4.5201     48.733    33.1371    25.9431 -9.990e-29
 209.460145     49.200  33.675415     7.0678     4.5476     48.784    33.1423    25.9470 -9.990e-29
 209.460150     49.210  33.675382     7.0671     4.5581     48.793    33.1430    25.9476 -9.990e-29
 209.460156     49.183  33.671926     7.0647     4.5550     48.767    33.1415    25.9468 -9.990e-29
 209.460162     49.134  33.665467     7.0616     4.5616     48.718    33.1374    25.9440 -9.990e-29
 209.460168     49.078  33.657467     7.0584     4.5479     48.663    33.1318    25.9400 -9.990e-29
 209.460174     49.028  33.651812     7.0561     4.5541     48.613    33.1279    25.9372 -9.990e-29
 209.460179     48.990  33.649354     7.0553     4.5606     48.575    33.1260    25.9358 -9.990e-29
 209.460185     48.960  33.650166     7.0557     4.5292     48.546    33.1265    25.9362 -9.990e-29
 209.460191     48.938  33.653078     7.0563     4.5238     48.524    33.1291    25.9381 -9.990e-29
 209.460197     48.922  33.654118     7.0560     4.5161     48.508    33.1305    25.9393 -9.990e-29
 209.460203     48.911  33.652421     7.0553     4.5188     48.497    33.1294    25.9385 -9.990e-29
 209.460208     48.908  33.650194     7.0557     4.5342     48.494    33.1265    25.9362 -9.990e-29
 209.460214     48.918  33.651740     7.0582     4.5259     48.504    33.1258    25.9353 -9.990e-29
 209.460220     48.936  33.658546     7.0612     4.5153     48.522    33.1304    25.9385 -9.990e-29
 209.460226     48.956  33.663430     7.0620     4.5040     48.542    33.1349    25.9420 -9.990e-29
 209.460231     48.970  33.662811     7.0611     4.5032     48.556    33.1351    25.9422 -9.990e-29
 209.460237     48.980  33.661453     7.0614     4.5190     48.565    33.1333    25.9408 -9.990e-29
 209.460243     48.989  33.663136     7.0634     4.5205     48.574    33.1332    25.9404 -9.990e-29
 209.460249     48.994  33.667291     7.0650     4.5404     48.579    33.1362    25.9426 -9.990e-29
 209.460255     48.992  33.669364     7.0646     4.5429     48.577    33.1389    25.9447 -9.990e-29
 209.460260     48.982  33.667626     7.0625     4.5230     48.567    33.1390    25.9451 -9.990e-29
 209.460266     48.968  33.664790     7.0599     4.5179     48.554    33.1384    25.9450 -9.990e-29
 209.460272     48.957  33.661543     7.0576     4.5164     48.543    33.1371    25.9443 -9.990e-29
 209.460278     48.954  33.658027     7.0573     4.5243     48.540    33.1335    25.9415 -9.990e-29
 209.460284     48.957  33.657384     7.0598     4.5174     48.543    33.1304    25.9387 -9.990e-29
 209.460289     48.968  33.661546     7.0636     4.5103     48.554    33.1313    25.9389 -9.990e-29
 209.460295     48.982  33.667088     7.0661     4.4963     48.567    33.1350    25.9414 -9.990e-29
 209.460301     48.991  33.669061     7.0664     4.4982     48.576    33.1368    25.9429 -9.990e-29
 209.460307     48.993  33.667845     7.0660     4.5255     48.578    33.1359    25.9422 -9.990e-29
 209.460312     48.991  33.667410     7.0661     4.5416     48.576    33.1353    25.9417 -9.990e-29
 209.460318     48.990  33.668845     7.0667     4.5577     48.575    33.1363    25.9424 -9.990e-29
 209.460324     48.986  33.670692     7.0669     4.5552     48.571    33.1381    25.9438 -9.990e-29
 209.460330     48.973  33.670357     7.0652     4.5424     48.559    33.1394    25.9450 -9.990e-29
 209.460336     48.955  33.666824     7.0622     4.5176     48.541    33.1384    25.9447 -9.990e-29
 209.460341     48.944  33.662652     7.0602     4.5163     48.530    33.1358    25.9429 -9.990e-29
 209.460347     48.949  33.660671     7.0607     4.5188     48.535    33.1332    25.9407 -9.990e-29
 209.460353     48.963  33.661587     7.0630     4.5155     48.549    33.1319    25.9395 -9.990e-29
 209.460359     48.986  33.664930     7.0659     4.5123     48.571    33.1328    25.9397 -9.990e-29
 209.460365     49.013  33.668985     7.0681     4.5047     48.598    33.1351    25.9413 -9.990e-29
 209.460370     49.038  33.670743     7.0688     4.5075     48.623    33.1363    25.9421 -9.990e-29
 209.460376     49.057  33.670856     7.0690     4.5155     48.642    33.1363    25.9421 -9.990e-29
 209.460382     49.074  33.672262     7.0698     4.5306     48.659    33.1370    25.9425 -9.990e-29
 209.460388     49.083  33.674585     7.0705     4.5412     48.668    33.1389    25.9439 -9.990e-29
 209.460394     49.077  33.675869     7.0702     4.5347     48.662    33.1406    25.9453 -9.990e-29
 209.460399     49.052  33.675013     7.0687     4.5544     48.637    33.1411    25.9459 -9.990e-29
 209.460405     49.010  33.672543     7.0664     4.5804     48.595    33.1406    25.9458 -9.990e-29
 209.460411     48.962  33.669636     7.0642     4.5851     48.548    33.1396    25.9453 -9.990e-29
 209.460417     48.917  33.665766     7.0627     4.5742     48.503    33.1368    25.9433 -9.990e-29
 209.460422     48.880  33.660806     7.0614     4.5487     48.466    33.1327    25.9403 -9.990e-29
 209.460428     48.858  33.655413     7.0596     4.5164     48.444    33.1285    25.9372 -9.990e-29
 209.460434     48.855  33.647987     7.0557     4.5142     48.442    33.1242    25.9343 -9.990e-29
 209.460440     48.869  33.637577     7.0511     4.5104     48.455    33.1172    25.9295 -9.990e-29
 209.460446     48.897  33.634941     7.0516     4.5039     48.483    33.1138    25.9268 -9.990e-29
 209.460451     48.928  33.647756     7.0572     4.5030     48.514    33.1224    25.9328 -9.990e-29
 209.460457     48.952  33.661163     7.0616     4.5030     48.538    33.1328    25.9404 -9.990e-29
 209.460463     48.966  33.664457     7.0626     4.5108     48.552    33.1355    25.9423 -9.990e-29
 209.460469     48.970  33.664818     7.0628     4.5102     48.556    33.1357    25.9424 -9.990e-29
 209.460475     48.965  33.667199     7.0633     4.5219     48.551    33.1378    25.9440 -9.990e-29
 209.460480     48.951  33.668601     7.0629     4.5252     48.537    33.1397    25.9456 -9.990e-29
 209.460486     48.926  33.668082     7.0615     4.5112     48.512    33.1405    25.9464 -9.990e-29
 209.460492     48.889  33.668299     7.0619     4.5176     48.475    33.1404    25.9463 -9.990e-29
 209.460498     48.837  33.670649     7.0645     4.5245     48.424    33.1405    25.9460 -9.990e-29
 209.460503     48.764  33.673213     7.0663     4.5413     48.351    33.1416    25.9466 -9.990e-29
