data/oxygen options/OCNMS/OCNMS1/raw_data/2009/CTD_CE042_060109faedb.cnv
* Sea-Bird SBE19 Data File:
* FileName = C:\2009_MOORING_DATA\CTD_CE042_060109.hex
* Software Version 1.59
* Temperature SN = 2997
* Conductivity SN = 2997
* System UpLoad Time = Jun 01 2009 15:42:58
* ds
* SEACAT PROFILER V3.1c SN 2997   06/01/09  15:42:36.058
# nquan = 9
# nvalues = 42                          
# units = specified
# name 0 = timeJ: Julian Days
# name 1 = prSM: Pressure, Strain Gauge [db]
# name 2 = c0mS/cm: Conductivity [mS/cm]
# name 3 = t090C: Temperature [ITS-90, deg C]
# name 4 = sbeox0ML/L: Oxygen, SBE 43 [ml/l]
# name 5 = depSM: Depth [salt water, m], lat = 47.5
# name 6 = sal00: Salinity, Practical [PSU]
# name 7 = sigma-é00: Density [sigma-theta, kg/m^3]
# name 8 = flag: flag
# span 0 = 152.576802, 152.577269       
# span 1 =      2.000,     43.000       
# span 2 =  34.290751,  37.035029       
# span 3 =     7.2208,    11.5496       
# span 4 =     1.9815,    11.1355       
# span 5 =      1.983,     42.637       
# span 6 =    32.5133,    33.6733       
# span 7 =    24.7414,    26.3439       
# span 8 = 0.0000e+00, 0.0000e+00       
# interval = decibars: 1                
# start_time = Jun 01 2009 13:42:21 [Instrument's time stamp, header]
# bad_flag = -9.990e-29
*END*
 152.576802      2.000  37.035029    11.5496    11.1355      1.983    32.5133    24.7414 0.0000e+00
 152.576827      3.000  36.782607    11.1864     8.7783      2.975    32.5855    24.8627 0.0000e+00
 152.576845      4.000  36.398110    10.7090     6.5544      3.967    32.6285    24.9800 0.0000e+00
 152.576861      5.000  35.840296    10.0652     5.4718      4.958    32.6454    25.1026 0.0000e+00
 152.576878      6.000  35.456401     9.5571     5.1969      5.950    32.7152    25.2410 0.0000e+00
 152.576893      7.000  35.177847     9.1877     4.4931      6.942    32.7661    25.3398 0.0000e+00
 152.576907      8.000  35.095192     9.0116     3.4920      7.933    32.8422    25.4271 0.0000e+00
 152.576919      9.000  34.947230     8.7136     2.9507      8.924    32.9637    25.5684 0.0000e+00
 152.576931     10.000  34.738388     8.3557     2.5771      9.916    33.0784    25.7125 0.0000e+00
 152.576941     11.000  34.620418     8.1168     2.1780     10.908    33.1783    25.8263 0.0000e+00
 152.576952     12.000  34.526073     7.9026     1.9969     11.900    33.2806    25.9380 0.0000e+00
 152.576962     13.000  34.416878     7.6898     1.9815     12.891    33.3663    26.0360 0.0000e+00
 152.576972     14.000  34.350311     7.5469     2.0582     13.882    33.4313    26.1075 0.0000e+00
 152.576982     15.000  34.343201     7.4966     2.0741     14.874    33.4717    26.1464 0.0000e+00
 152.576992     16.000  34.350760     7.5003     2.0641     15.865    33.4757    26.1490 0.0000e+00
 152.577001     17.000  34.365284     7.5274     2.0759     16.857    33.4649    26.1367 0.0000e+00
 152.577010     18.000  34.366571     7.5095     2.0565     17.849    33.4831    26.1535 0.0000e+00
 152.577020     19.000  34.364920     7.4952     2.0430     18.840    33.4946    26.1646 0.0000e+00
 152.577028     20.000  34.362024     7.4439     2.0503     19.832    33.5407    26.2080 0.0000e+00
 152.577038     21.000  34.348474     7.3554     2.0807     20.824    33.6111    26.2760 0.0000e+00
 152.577048     22.000  34.333587     7.2985     2.1026     21.815    33.6498    26.3143 0.0000e+00
 152.577057     23.000  34.329149     7.2814     2.1186     22.806    33.6612    26.3257 0.0000e+00
 152.577067     24.000  34.328995     7.2766     2.1441     23.798    33.6652    26.3295 0.0000e+00
 152.577077     25.000  34.327175     7.2724     2.1580     24.790    33.6668    26.3314 0.0000e+00
 152.577086     26.000  34.323746     7.2673     2.1669     25.781    33.6676    26.3328 0.0000e+00
 152.577096     27.000  34.318286     7.2625     2.1710     26.773    33.6658    26.3320 0.0000e+00
 152.577105     28.000  34.313242     7.2589     2.1596     27.764    33.6634    26.3306 0.0000e+00
 152.577115     29.000  34.311138     7.2545     2.1416     28.756    33.6648    26.3324 0.0000e+00
 152.577124     30.000  34.308772     7.2536     2.1418     29.748    33.6627    26.3308 0.0000e+00
 152.577134     31.000  34.310753     7.2597     2.1760     30.739    33.6584    26.3266 0.0000e+00
 152.577143     32.000  34.313779     7.2591     2.1868     31.730    33.6618    26.3294 0.0000e+00
 152.577153     33.000  34.309132     7.2478     2.1791     32.722    33.6672    26.3353 0.0000e+00
 152.577162     34.000  34.299398     7.2379     2.1876     33.714    33.6658    26.3355 0.0000e+00
 152.577172     35.000  34.295469     7.2338     2.1730     34.705    33.6651    26.3355 0.0000e+00
 152.577182     36.000  34.293438     7.2308     2.1622     35.697    33.6653    26.3361 0.0000e+00
 152.577193     37.000  34.291707     7.2280     2.1541     36.688    33.6655    26.3368 0.0000e+00
 152.577203     38.000  34.290751     7.2255     2.1461     37.680    33.6665    26.3379 0.0000e+00
 152.577214     39.000  34.291537     7.2238     2.1167     38.671    33.6686    26.3397 0.0000e+00
 152.577225     40.000  34.292627     7.2222     2.1048     39.662    33.6708    26.3417 0.0000e+00
 152.577238     41.000  34.293412     7.2213     2.1290     40.654    33.6721    26.3429 0.0000e+00
 152.577250     42.000  34.294545     7.2208     2.1273     41.645    33.6733    26.3439 0.0000e+00
 152.577269     43.000  34.296252     7.2247     2.1175     42.637    33.6709    26.3415 0.0000e+00
