data/oxygen options/OCNMS/OCNMS1/raw_data/2009/CTD_KL027_081209faedb.cnv
* Sea-Bird SBE19 Data File:
* FileName = C:\2009_MOORING_DATA\081109_DATA\CTD_KL027_081209.hex
* Software Version 1.24
* Temperature SN = 2997
* Conductivity SN = 2997
* System UpLoad Time = Aug 12 2009 13:11:32
* SEACAT PROFILER V3.1c SN 2997   08/12/09  13:10:53.139
* strain gauge pressure sensor: S/N = 184829,  range = 3000 psia,  tc = 40
# nquan = 9
# nvalues = 25                          
# units = specified
# name 0 = timeJ: Julian Days
# name 1 = prSM: Pressure, Strain Gauge [db]
# name 2 = c0mS/cm: Conductivity [mS/cm]
# name 3 = t090C: Temperature [ITS-90, deg C]
# name 4 = sbeox0ML/L: Oxygen, SBE 43 [ml/l]
# name 5 = depSM: Depth [salt water, m], lat = 47.5
# name 6 = sal00: Salinity, Practical [PSU]
# name 7 = sigma-é00: Density [sigma-theta, kg/m^3]
# name 8 = flag: flag
# span 0 =  22.256956, 224.464064       
# span 1 =      0.438,     27.000       
# span 2 =   3.919736,  39.354915       
# span 3 =     1.3993,    13.9017       
# span 4 =     0.7047,     7.0223       
# span 5 =      0.434,     26.773       
# span 6 =     3.2393,    33.4375       
# span 7 =     2.4158,    26.0389       
# span 8 = 0.0000e+00, 0.0000e+00       
# interval = decibars: 1                
# start_time = Aug 12 2009 11:02:48 [Instrument's time stamp, header]
# bad_flag = -9.990e-29
*END*
  22.256956      1.000   3.919736     1.3993     0.7047      0.434     3.2393     2.4158 0.0000e+00
 203.318635      4.000  35.807028    12.7822     6.4370      3.966    29.5912    22.0680 0.0000e+00
 224.463788      5.000  39.354915    13.9017     7.0223      4.958    32.6843    24.4184 0.0000e+00
 224.463809      6.000  39.082839    13.5551     6.2438      5.950    32.7269    24.5220 0.0000e+00
 224.463825      7.000  38.827045    13.1449     4.8271      6.942    32.8401    24.6914 0.0000e+00
 224.463840      8.000  38.357195    12.4271     3.3639      7.933    33.0190    24.9700 0.0000e+00
 224.463853      9.000  37.814657    11.7323     2.7606      8.925    33.1096    25.1714 0.0000e+00
 224.463865     10.000  37.246763    11.0452     2.7398      9.916    33.1675    25.3411 0.0000e+00
 224.463876     11.000  36.854353    10.6808     2.7673     10.908    33.1064    25.3576 0.0000e+00
 224.463886     12.000  36.731481    10.5526     2.6264     11.900    33.0992    25.3742 0.0000e+00
 224.463896     13.000  36.673405    10.4816     2.3319     12.891    33.1050    25.3910 0.0000e+00
 224.463906     14.000  36.627661    10.3944     2.0253     13.883    33.1380    25.4317 0.0000e+00
 224.463916     15.000  36.517515    10.1795     1.8476     14.875    33.2229    25.5345 0.0000e+00
 224.463926     16.000  36.288323     9.8944     1.8414     15.866    33.2519    25.6049 0.0000e+00
 224.463936     17.000  36.067586     9.6626     1.8162     16.857    33.2399    25.6338 0.0000e+00
 224.463947     18.000  35.902045     9.5140     1.6828     17.849    33.2070    25.6326 0.0000e+00
 224.463957     19.000  35.820294     9.4254     1.4635     18.840    33.2046    25.6450 0.0000e+00
 224.463967     20.000  35.741588     9.2917     1.3562     19.832    33.2473    25.6998 0.0000e+00
 224.463977     21.000  35.576322     9.0503     1.3602     20.824    33.3007    25.7800 0.0000e+00
 224.463987     22.000  35.368386     8.8170     1.2863     21.815    33.3021    25.8176 0.0000e+00
 224.463998     23.000  35.247621     8.6960     0.9687     22.807    33.2888    25.8260 0.0000e+00
 224.464009     24.000  35.184298     8.5820     0.7409     23.798    33.3293    25.8751 0.0000e+00
 224.464021     25.000  34.984500     8.2446     0.9860     24.790    33.4375    26.0108 0.0000e+00
 224.464038     26.000  34.705282     7.9576     1.3325     25.781    33.4131    26.0342 0.0000e+00
 224.464064     27.000  34.812465     8.0523     1.5652     26.773    33.4368    26.0389 0.0000e+00
