data/oxygen options/OCNMS/OCNMS1/raw_data/2009/CTD_CE065_100809faedb.cnv
* Sea-Bird SBE19 Data File:
* FileName = C:\2009_MOORING_DATA\100709_DATA\CTD_CE065_100809.hex
* Software Version 1.24
* Temperature SN = 2997
* Conductivity SN = 2997
* System UpLoad Time = Oct 08 2009 12:08:09
* SEACAT PROFILER V3.1c SN 2997   10/08/09  12:07:18.926
* strain gauge pressure sensor: S/N = 184829,  range = 3000 psia,  tc = 40
# nquan = 9
# nvalues = 65                          
# units = specified
# name 0 = timeJ: Julian Days
# name 1 = prSM: Pressure, Strain Gauge [db]
# name 2 = c0mS/cm: Conductivity [mS/cm]
# name 3 = t090C: Temperature [ITS-90, deg C]
# name 4 = sbeox0ML/L: Oxygen, SBE 43 [ml/l]
# name 5 = depSM: Depth [salt water, m], lat = 47.5
# name 6 = sal00: Salinity, Practical [PSU]
# name 7 = sigma-é00: Density [sigma-theta, kg/m^3]
# name 8 = flag: flag
# span 0 = -5.126e-01, 281.477894       
# span 1 =     -0.007,     67.000       
# span 2 =  -0.067214,  36.786323       
# span 3 =    -0.0206,    11.1220       
# span 4 =    -0.0130,     7.0287       
# span 5 =     -0.007,     66.430       
# span 6 =    -0.0594,    33.7547       
# span 7 =    -0.0453,    26.3544       
# span 8 = 0.0000e+00, 0.0000e+00       
# interval = decibars: 1                
# start_time = Oct 08 2009 11:16:03 [Instrument's time stamp, header]
# bad_flag = -9.990e-29
*END*
 -5.126e-01      1.000  -0.067214    -0.0206    -0.0130     -0.007    -0.0594    -0.0453 0.0000e+00
 276.975553      4.000  36.318744    11.1220     7.0287      3.967    32.0853    24.4609 0.0000e+00
 281.476430      5.000  36.786323    11.0536     6.2321      4.958    32.7063    24.9804 0.0000e+00
 281.476451      6.000  36.539191    10.7058     5.8870      5.950    32.7711    25.0919 0.0000e+00
 281.476468      7.000  36.222194    10.4148     5.5598      6.942    32.7148    25.0982 0.0000e+00
 281.476483      8.000  36.042586    10.1993     5.0403      7.933    32.7279    25.1449 0.0000e+00
 281.476499      9.000  35.844785     9.9321     5.0532      8.925    32.7691    25.2217 0.0000e+00
 281.476515     10.000  35.601553     9.6935     4.9091      9.917    32.7377    25.2365 0.0000e+00
 281.476533     11.000  35.586800     9.6642     4.2726     10.908    32.7489    25.2501 0.0000e+00
 281.476549     12.000  35.274938     9.0874     4.1518     11.900    32.9568    25.5049 0.0000e+00
 281.476564     13.000  34.664398     8.4810     4.1876     12.891    32.8816    25.5396 0.0000e+00
 281.476579     14.000  34.459828     8.2517     4.2244     13.882    32.8792    25.5718 0.0000e+00
 281.476594     15.000  34.236305     8.0259     4.2839     14.874    32.8531    25.5844 0.0000e+00
 281.476610     16.000  34.094405     7.8499     4.2461     15.866    32.8666    25.6205 0.0000e+00
 281.476624     17.000  34.013025     7.7142     4.1376     16.857    32.9070    25.6717 0.0000e+00
 281.476638     18.000  33.987509     7.6680     3.9447     17.849    32.9228    25.6907 0.0000e+00
 281.476653     19.000  34.003612     7.6652     3.6725     18.841    32.9422    25.7064 0.0000e+00
 281.476668     20.000  34.044382     7.6718     3.5209     19.832    32.9794    25.7346 0.0000e+00
 281.476683     21.000  34.096971     7.6735     3.4414     20.824    33.0338    25.7771 0.0000e+00
 281.476696     22.000  34.125104     7.6693     3.2285     21.816    33.0676    25.8044 0.0000e+00
 281.476708     23.000  34.145276     7.6651     3.0676     22.807    33.0928    25.8248 0.0000e+00
 281.476719     24.000  34.172397     7.6580     3.0244     23.798    33.1283    25.8537 0.0000e+00
 281.476729     25.000  34.219571     7.6435     3.0394     24.790    33.1924    25.9061 0.0000e+00
 281.476740     26.000  34.255059     7.6363     3.0445     25.782    33.2371    25.9422 0.0000e+00
 281.476751     27.000  34.264326     7.6362     3.0362     26.773    33.2466    25.9498 0.0000e+00
 281.476762     28.000  34.270680     7.6367     3.0031     27.765    33.2525    25.9544 0.0000e+00
 281.476774     29.000  34.283415     7.6392     2.9547     28.756    33.2634    25.9626 0.0000e+00
 281.476786     30.000  34.299423     7.6416     2.8328     29.747    33.2779    25.9737 0.0000e+00
 281.476798     31.000  34.314736     7.6440     2.6230     30.739    33.2916    25.9841 0.0000e+00
 281.476810     32.000  34.331928     7.6469     2.4745     31.730    33.3068    25.9957 0.0000e+00
 281.476821     33.000  34.363488     7.6529     2.4911     32.722    33.3347    26.0167 0.0000e+00
 281.476832     34.000  34.400454     7.6563     2.5595     33.713    33.3707    26.0446 0.0000e+00
 281.476845     35.000  34.417793     7.6557     2.5986     34.705    33.3896    26.0595 0.0000e+00
 281.476868     36.000  34.423154     7.6581     2.5991     35.696    33.3925    26.0614 0.0000e+00
 281.476897     37.000  34.425213     7.6526     2.5501     36.688    33.3995    26.0678 0.0000e+00
 281.476917     38.000  34.439590     7.6445     2.5624     37.680    33.4223    26.0868 0.0000e+00
 281.476933     39.000  34.447921     7.6426     2.5525     38.671    33.4326    26.0952 0.0000e+00
 281.476951     40.000  34.456074     7.6421     2.5533     39.662    33.4415    26.1023 0.0000e+00
 281.476970     41.000  34.483940     7.6424     2.5311     40.654    33.4707    26.1252 0.0000e+00
 281.476990     42.000  34.513722     7.6472     2.4759     41.645    33.4978    26.1458 0.0000e+00
 281.477010     43.000  34.541519     7.6522     2.0981     42.637    33.5225    26.1645 0.0000e+00
 281.477029     44.000  34.561717     7.6413     1.7898     43.628    33.5543    26.1911 0.0000e+00
 281.477046     45.000  34.580282     7.6125     1.8726     44.620    33.6016    26.2324 0.0000e+00
 281.477064     46.000  34.583009     7.6101     1.7770     45.611    33.6064    26.2366 0.0000e+00
 281.477084     47.000  34.590185     7.6027     1.6138     46.602    33.6208    26.2489 0.0000e+00
 281.477104     48.000  34.619990     7.5996     1.4356     47.594    33.6555    26.2767 0.0000e+00
 281.477125     49.000  34.629967     7.5896     1.4742     48.585    33.6755    26.2938 0.0000e+00
 281.477151     50.000  34.632097     7.5891     1.5588     49.577    33.6779    26.2957 0.0000e+00
 281.477186     51.000  34.630275     7.5883     1.2798     50.568    33.6761    26.2945 0.0000e+00
 281.477206     52.000  34.621105     7.5666     1.1250     51.560    33.6868    26.3061 0.0000e+00
 281.477221     53.000  34.612217     7.5544     1.1192     52.551    33.6885    26.3092 0.0000e+00
 281.477238     54.000  34.620450     7.5548     1.1390     53.542    33.6966    26.3154 0.0000e+00
 281.477256     55.000  34.643243     7.5622     1.1947     54.534    33.7136    26.3277 0.0000e+00
 281.477277     56.000  34.646237     7.5649     1.1569     55.525    33.7137    26.3275 0.0000e+00
 281.477297     57.000  34.663216     7.5769     1.1143     56.516    33.7198    26.3306 0.0000e+00
 281.477315     58.000  34.697557     7.5939     1.1352     57.508    33.7400    26.3441 0.0000e+00
 281.477341     59.000  34.700622     7.5928     1.1345     58.499    33.7439    26.3473 0.0000e+00
 281.477368     60.000  34.701958     7.5955     1.1063     59.490    33.7423    26.3456 0.0000e+00
 281.477383     61.000  34.709862     7.6013     1.0980     60.482    33.7447    26.3468 0.0000e+00
 281.477398     62.000  34.718080     7.6047     1.0996     61.473    33.7497    26.3503 0.0000e+00
 281.477412     63.000  34.720689     7.6045     1.1034     62.465    33.7523    26.3523 0.0000e+00
 281.477429     64.000  34.721744     7.6028     1.1020     63.456    33.7547    26.3544 0.0000e+00
 281.477451     65.000  34.721551     7.6031     1.0975     64.447    33.7537    26.3536 0.0000e+00
 281.477481     66.000  34.722393     7.6046     1.1005     65.439    33.7526    26.3525 0.0000e+00
 281.477894     67.000  34.718665     7.6070     1.0863     66.430    33.7458    26.3469 0.0000e+00
