data/oxygen options/OCNMS/OCNMS1/raw_data/2009/CTD_CA042_060309faed.cnv
* Sea-Bird SBE19 Data File:
* FileName = C:\2009_MOORING_DATA\CTD_CA042_060309.hex
* Software Version 1.59
* Temperature SN = 2997
* Conductivity SN = 2997
* System UpLoad Time = Jun 03 2009 15:03:05
* ds
* SEACAT PROFILER V3.1c SN 2997   06/03/09  15:02:40.070
# nquan = 9                                 
# nvalues = 2049                        
# units = specified
# name 0 = timeJ: Julian Days
# name 1 = prSM: Pressure, Strain Gauge [db]
# name 2 = c0mS/cm: Conductivity [mS/cm]
# name 3 = t090C: Temperature [ITS-90, deg C]
# name 4 = sbeox0ML/L: Oxygen, SBE 43 [ml/l]
# name 5 = depSM: Depth [salt water, m], lat = 47.5
# name 6 = sal00: Salinity, Practical [PSU]
# name 7 = sigma-é00: Density [sigma-theta, kg/m^3]
# name 8 = flag: flag
# span 0 = 154.541493, 154.553345       
# span 1 =     -6.124,     41.088       
# span 2 =  -0.001355,  37.233309       
# span 3 =     7.0737,    17.5256       
# span 4 =    -1.5526,    23.8926       
# span 5 =     -6.073,     40.741       
# span 6 =     0.0000,    33.9085       
# span 7 =    -1.3165,    26.1303       
# span 8 = 0.0000e+00, 0.0000e+00       
# interval = seconds: 0.5
# start_time = Jun 03 2009 12:59:45 [Instrument's time stamp, header]
# bad_flag = -9.990e-29
*END*
[from data line 1121]
 154.547980     38.383  33.885781     7.0766     3.1372     38.059    33.3689    26.1240 -9.990e-29
 154.547986     38.350  33.885027     7.0766     3.1346     38.026    33.3681    26.1234 -9.990e-29
 154.547992     38.314  33.884501     7.0766     3.1308     37.991    33.3675    26.1230 -9.990e-29
 154.547998     38.263  33.884608     7.0766     3.1282     37.940    33.3677    26.1231 -9.990e-29
 154.548003     38.191  33.884915     7.0770     3.1280     37.869    33.3677    26.1230 -9.990e-29
 154.548009     38.087  33.885257     7.0774     3.1390     37.766    33.3677    26.1230 -9.990e-29
 154.548015     37.946  33.885516     7.0774     3.1464     37.626    33.3680    26.1233 0.0000e+00
 154.548021     37.772  33.885462     7.0774     3.1547     37.453    33.3681    26.1233 0.0000e+00
 154.548027     37.557  33.885571     7.0777     3.1630     37.240    33.3680    26.1232 0.0000e+00
 154.548032     37.288  33.885974     7.0778     3.1602     36.973    33.3685    26.1235 0.0000e+00
 154.548038     36.969  33.886075     7.0775     3.1492     36.657    33.3690    26.1240 0.0000e+00
 154.548044     36.615  33.885438     7.0771     3.1473     36.306    33.3689    26.1239 0.0000e+00
 154.548050     36.236  33.884322     7.0767     3.1447     35.930    33.3682    26.1235 0.0000e+00
 154.548056     35.840  33.883467     7.0764     3.1471     35.538    33.3678    26.1232 0.0000e+00
 154.548061     35.426  33.882843     7.0761     3.1580     35.127    33.3676    26.1231 0.0000e+00
 154.548067     34.993  33.882164     7.0758     3.1639     34.698    33.3674    26.1229 0.0000e+00
 154.548073     34.541  33.881634     7.0756     3.1662     34.250    33.3672    26.1228 0.0000e+00
 154.548079     34.070  33.881094     7.0756     3.1635     33.783    33.3668    26.1225 0.0000e+00
 154.548084     33.588  33.880373     7.0755     3.1643     33.305    33.3664    26.1221 0.0000e+00
 154.548090     33.108  33.879619     7.0752     3.1616     32.829    33.3661    26.1219 0.0000e+00
 154.548096     32.634  33.878937     7.0751     3.1612     32.359    33.3657    26.1216 0.0000e+00
 154.548102     32.165  33.878525     7.0748     3.1670     31.894    33.3657    26.1217 0.0000e+00
 154.548108     31.706  33.878381     7.0744     3.1469     31.439    33.3662    26.1221 0.0000e+00
 154.548113     31.258  33.878302     7.0743     3.1588     30.995    33.3664    26.1223 0.0000e+00
 154.548119     30.818  33.878171     7.0743     3.1618     30.559    33.3665    26.1223 0.0000e+00
 154.548125     30.384  33.877803     7.0742     3.1708     30.128    33.3664    26.1223 0.0000e+00
 154.548131     29.958  33.877255     7.0742     3.1785     29.706    33.3660    26.1220 0.0000e+00
 154.548137     29.546  33.876903     7.0746     3.1768     29.297    33.3654    26.1215 0.0000e+00
 154.548142     29.158  33.876827     7.0756     3.1847     28.913    33.3645    26.1206 0.0000e+00
 154.548148     28.803  33.876914     7.0775     3.1726     28.561    33.3630    26.1191 0.0000e+00
 154.548154     28.492  33.877269     7.0807     3.1672     28.252    33.3604    26.1167 0.0000e+00
 154.548160     28.235  33.878353     7.0847     3.1591     27.997    33.3578    26.1141 0.0000e+00
 154.548166     28.034  33.880482     7.0868     3.1562     27.798    33.3582    26.1141 0.0000e+00
 154.548171     27.881  33.881439     7.0847     3.1610     27.646    33.3614    26.1169 -9.990e-29
 154.548177     27.764  33.879686     7.0811     3.1697     27.530    33.3630    26.1187 -9.990e-29
 154.548183     27.673  33.877916     7.0797     3.1632     27.440    33.3625    26.1184 -9.990e-29
 154.548189     27.589  33.877674     7.0820     3.1773     27.357    33.3600    26.1162 -9.990e-29
 154.548194     27.497  33.878623     7.0889     3.1880     27.266    33.3544    26.1108 -9.990e-29
 154.548200     27.406  33.881452     7.0988     3.2047     27.175    33.3480    26.1044 -9.990e-29
 154.548206     27.330  33.886001     7.1082     3.2181     27.100    33.3439    26.0999 -9.990e-29
 154.548212     27.274  33.891039     7.1169     3.2000     27.045    33.3410    26.0965 -9.990e-29
 154.548218     27.234  33.895991     7.1247     3.1960     27.005    33.3389    26.0937 -9.990e-29
 154.548223     27.203  33.899603     7.1298     3.1944     26.974    33.3379    26.0923 -9.990e-29
 154.548229     27.170  33.900517     7.1332     3.2028     26.941    33.3357    26.0900 -9.990e-29
 154.548235     27.133  33.899937     7.1377     3.2164     26.905    33.3307    26.0855 -9.990e-29
 154.548241     27.099  33.899879     7.1429     3.2119     26.871    33.3256    26.0808 -9.990e-29
 154.548247     27.074  33.900813     7.1475     3.2043     26.846    33.3222    26.0775 -9.990e-29
 154.548252     27.064  33.903412     7.1517     3.2052     26.836    33.3210    26.0759 -9.990e-29
 154.548258     27.070  33.907208     7.1543     3.2025     26.842    33.3226    26.0768 -9.990e-29
 154.548264     27.088  33.909403     7.1554     3.2111     26.860    33.3239    26.0777 -9.990e-29
 154.548270     27.114  33.909552     7.1565     3.2115     26.886    33.3230    26.0769 -9.990e-29
 154.548275     27.136  33.908958     7.1575     3.1982     26.908    33.3214    26.0755 -9.990e-29
 154.548281     27.153  33.908497     7.1583     3.1932     26.925    33.3201    26.0743 -9.990e-29
 154.548287     27.174  33.908660     7.1585     3.1878     26.945    33.3201    26.0743 -9.990e-29
 154.548293     27.200  33.908529     7.1582     3.1812     26.971    33.3202    26.0744 -9.990e-29
 154.548299     27.220  33.906798     7.1579     3.1750     26.991    33.3186    26.0732 -9.990e-29
 154.548304     27.223  33.905063     7.1581     3.1811     26.994    33.3165    26.0715 -9.990e-29
 154.548310     27.208  33.905479     7.1586     3.1867     26.979    33.3165    26.0715 -9.990e-29
 154.548316     27.187  33.906347     7.1578     3.1943     26.958    33.3182    26.0729 -9.990e-29
 154.548322     27.173  33.906010     7.1555     3.2051     26.944    33.3201    26.0747 -9.990e-29
 154.548328     27.164  33.905126     7.1534     3.2024     26.936    33.3212    26.0758 -9.990e-29
 154.548333     27.150  33.904743     7.1534     3.2023     26.922    33.3208    26.0755 -9.990e-29
 154.548339     27.128  33.905458     7.1563     3.1919     26.900    33.3187    26.0735 -9.990e-29
 154.548345     27.099  33.907087     7.1604     3.1934     26.871    33.3166    26.0713 -9.990e-29
 154.548351     27.075  33.908986     7.1633     3.1956     26.847    33.3159    26.0703 -9.990e-29
 154.548356     27.066  33.910314     7.1633     3.1977     26.838    33.3173    26.0714 -9.990e-29
 154.548362     27.074  33.910031     7.1605     3.1999     26.846    33.3197    26.0737 -9.990e-29
 154.548368     27.088  33.908304     7.1580     3.2036     26.860    33.3202    26.0745 -9.990e-29
 154.548374     27.103  33.907298     7.1580     3.2061     26.875    33.3191    26.0736 -9.990e-29
 154.548380     27.113  33.907898     7.1592     3.2066     26.885    33.3186    26.0730 -9.990e-29
 154.548385     27.125  33.908649     7.1593     3.2040     26.897    33.3193    26.0736 -9.990e-29
 154.548391     27.144  33.908297     7.1569     3.1903     26.916    33.3213    26.0754 -9.990e-29
 154.548397     27.165  33.906361     7.1540     3.1961     26.937    33.3219    26.0764 -9.990e-29
 154.548403     27.178  33.904726     7.1537     3.1987     26.949    33.3204    26.0752 -9.990e-29
 154.548409     27.176  33.905679     7.1558     3.1927     26.947    33.3194    26.0741 -9.990e-29
 154.548414     27.166  33.907676     7.1581     3.1844     26.938    33.3194    26.0738 -9.990e-29
 154.548420     27.165  33.908883     7.1592     3.1853     26.937    33.3197    26.0739 -9.990e-29
 154.548426     27.176  33.909217     7.1583     3.1903     26.947    33.3209    26.0749 -9.990e-29
 154.548432     27.189  33.908548     7.1561     3.1977     26.960    33.3223    26.0763 -9.990e-29
 154.548438     27.191  33.907651     7.1550     3.1919     26.962    33.3224    26.0766 -9.990e-29
 154.548443     27.178  33.907557     7.1556     3.1932     26.949    33.3217    26.0759 -9.990e-29
 154.548449     27.157  33.908126     7.1566     3.2044     26.929    33.3213    26.0755 -9.990e-29
 154.548455     27.141  33.908984     7.1567     3.1921     26.913    33.3222    26.0762 -9.990e-29
 154.548461     27.132  33.909580     7.1562     3.1896     26.904    33.3233    26.0772 -9.990e-29
 154.548466     27.130  33.909390     7.1557     3.1822     26.902    33.3236    26.0774 -9.990e-29
 154.548472     27.130  33.908712     7.1554     3.1739     26.902    33.3232    26.0771 -9.990e-29
 154.548478     27.128  33.908123     7.1553     3.1815     26.900    33.3226    26.0767 -9.990e-29
 154.548484     27.129  33.907944     7.1544     3.1986     26.901    33.3233    26.0774 -9.990e-29
 154.548490     27.136  33.907736     7.1523     3.1972     26.908    33.3251    26.0791 -9.990e-29
 154.548495     27.150  33.907207     7.1502     3.2077     26.922    33.3265    26.0805 -9.990e-29
 154.548501     27.167  33.906761     7.1493     3.2053     26.938    33.3269    26.0809 -9.990e-29
 154.548507     27.181  33.906353     7.1494     3.1980     26.952    33.3264    26.0805 -9.990e-29
 154.548513     27.188  33.905988     7.1493     3.2005     26.959    33.3261    26.0802 -9.990e-29
 154.548519     27.187  33.905726     7.1485     3.1868     26.958    33.3265    26.0807 -9.990e-29
 154.548524     27.185  33.905206     7.1472     3.1841     26.956    33.3272    26.0815 -9.990e-29
 154.548530     27.183  33.903723     7.1457     3.1841     26.954    33.3271    26.0815 -9.990e-29
 154.548536     27.179  33.902089     7.1455     3.1954     26.950    33.3255    26.0803 -9.990e-29
 154.548542     27.168  33.902596     7.1474     3.2027     26.939    33.3242    26.0790 -9.990e-29
 154.548547     27.153  33.904788     7.1505     3.2111     26.925    33.3236    26.0781 -9.990e-29
 154.548553     27.146  33.907093     7.1530     3.2111     26.918    33.3237    26.0779 -9.990e-29
 154.548559     27.150  33.908653     7.1538     3.1977     26.922    33.3246    26.0785 -9.990e-29
 154.548565     27.154  33.908176     7.1537     3.1928     26.926    33.3242    26.0782 -9.990e-29
 154.548571     27.149  33.907257     7.1544     3.1791     26.921    33.3225    26.0768 -9.990e-29
 154.548576     27.140  33.908019     7.1556     3.1878     26.912    33.3222    26.0764 -9.990e-29
 154.548582     27.133  33.909226     7.1561     3.1789     26.905    33.3230    26.0769 -9.990e-29
 154.548588     27.133  33.909675     7.1559     3.1766     26.905    33.3237    26.0775 -9.990e-29
 154.548594     27.136  33.909393     7.1559     3.1788     26.908    33.3234    26.0773 -9.990e-29
 154.548600     27.137  33.909112     7.1566     3.1871     26.909    33.3224    26.0764 -9.990e-29
 154.548605     27.141  33.909565     7.1573     3.2078     26.913    33.3222    26.0762 -9.990e-29
 154.548611     27.152  33.910227     7.1576     3.2104     26.924    33.3227    26.0764 -9.990e-29
 154.548617     27.167  33.910288     7.1574     3.2078     26.938    33.3229    26.0767 -9.990e-29
 154.548623     27.178  33.909815     7.1568     3.2003     26.949    33.3230    26.0768 -9.990e-29
 154.548628     27.186  33.909287     7.1552     3.1867     26.957    33.3240    26.0778 -9.990e-29
 154.548634     27.196  33.907991     7.1516     3.1845     26.967    33.3260    26.0799 -9.990e-29
 154.548640     27.203  33.904186     7.1483     3.1850     26.974    33.3250    26.0796 -9.990e-29
 154.548646     27.205  33.900629     7.1482     3.1874     26.976    33.3213    26.0766 -9.990e-29
 154.548652     27.201  33.901529     7.1500     3.1923     26.972    33.3205    26.0758 -9.990e-29
 154.548657     27.191  33.904152     7.1514     3.1923     26.962    33.3220    26.0768 -9.990e-29
 154.548663     27.179  33.905823     7.1521     3.1839     26.950    33.3232    26.0776 -9.990e-29
 154.548669     27.172  33.907077     7.1526     3.1898     26.943    33.3241    26.0782 -9.990e-29
 154.548675     27.175  33.907895     7.1529     3.1919     26.946    33.3247    26.0787 -9.990e-29
 154.548681     27.187  33.908797     7.1528     3.2024     26.958    33.3257    26.0795 -9.990e-29
 154.548686     27.210  33.909292     7.1514     3.1989     26.981    33.3276    26.0812 -9.990e-29
 154.548692     27.240  33.908348     7.1492     3.2000     27.011    33.3287    26.0823 -9.990e-29
 154.548698     27.266  33.906938     7.1481     3.2001     27.037    33.3282    26.0821 -9.990e-29
 154.548704     27.278  33.906528     7.1477     3.1977     27.049    33.3281    26.0821 -9.990e-29
 154.548709     27.271  33.906559     7.1470     3.2174     27.042    33.3289    26.0828 -9.990e-29
 154.548715     27.251  33.905938     7.1467     3.2092     27.022    33.3285    26.0825 -9.990e-29
 154.548721     27.223  33.905509     7.1483     3.2151     26.994    33.3265    26.0807 -9.990e-29
 154.548727     27.191  33.906370     7.1516     3.2127     26.962    33.3242    26.0785 -9.990e-29
 154.548733     27.156  33.907974     7.1551     3.1968     26.928    33.3226    26.0768 -9.990e-29
 154.548738     27.130  33.909650     7.1574     3.1885     26.902    33.3223    26.0761 -9.990e-29
 154.548744     27.118  33.910820     7.1579     3.1733     26.890    33.3231    26.0767 -9.990e-29
 154.548750     27.117  33.910794     7.1569     3.1822     26.889    33.3240    26.0776 -9.990e-29
 154.548756     27.122  33.910087     7.1553     3.1836     26.894    33.3248    26.0784 -9.990e-29
 154.548762     27.133  33.909423     7.1535     3.1880     26.905    33.3258    26.0794 -9.990e-29
 154.548767     27.151  33.908464     7.1519     3.1816     26.923    33.3263    26.0800 -9.990e-29
 154.548773     27.173  33.907041     7.1511     3.1761     26.944    33.3255    26.0795 -9.990e-29
 154.548779     27.195  33.906046     7.1505     3.1810     26.966    33.3250    26.0792 -9.990e-29
 154.548785     27.220  33.905820     7.1488     3.1833     26.991    33.3263    26.0805 -9.990e-29
 154.548791     27.245  33.904931     7.1447     3.1882     27.016    33.3293    26.0834 -9.990e-29
 154.548796     27.266  33.902181     7.1385     3.1796     27.037    33.3323    26.0866 -9.990e-29
 154.548802     27.281  33.898374     7.1332     3.1769     27.052    33.3333    26.0881 -9.990e-29
 154.548808     27.282  33.896263     7.1323     3.1854     27.053    33.3318    26.0871 -9.990e-29
 154.548814     27.266  33.897502     7.1356     3.1905     27.037    33.3300    26.0852 -9.990e-29
 154.548819     27.234  33.900369     7.1406     3.1958     27.005    33.3283    26.0832 -9.990e-29
 154.548825     27.195  33.903073     7.1453     3.1933     26.966    33.3267    26.0813 -9.990e-29
 154.548831     27.153  33.905288     7.1488     3.1969     26.925    33.3258    26.0801 -9.990e-29
 154.548837     27.115  33.907156     7.1512     3.2078     26.887    33.3255    26.0796 -9.990e-29
 154.548843     27.083  33.908356     7.1524     3.2020     26.855    33.3257    26.0795 -9.990e-29
 154.548848     27.059  33.908798     7.1534     3.1974     26.831    33.3252    26.0790 -9.990e-29
 154.548854     27.050  33.909620     7.1550     3.1986     26.822    33.3246    26.0783 -9.990e-29
 154.548860     27.060  33.910786     7.1566     3.1899     26.832    33.3243    26.0779 -9.990e-29
 154.548866     27.089  33.911041     7.1570     3.1923     26.861    33.3242    26.0777 -9.990e-29
 154.548872     27.130  33.910151     7.1560     3.1813     26.902    33.3241    26.0778 -9.990e-29
 154.548877     27.169  33.908601     7.1547     3.1677     26.940    33.3237    26.0776 -9.990e-29
 154.548883     27.201  33.907671     7.1541     3.1704     26.972    33.3232    26.0774 -9.990e-29
 154.548889     27.226  33.907790     7.1534     3.1731     26.997    33.3240    26.0781 -9.990e-29
 154.548895     27.248  33.907423     7.1513     3.1888     27.019    33.3257    26.0797 -9.990e-29
