data/oxygen options/OCNMS/OCNMS1/raw_data/2009/CTD_CE042_100709faed.cnv
* Sea-Bird SBE19 Data File:
* FileName = C:\2009_MOORING_DATA\100709_DATA\CTD_CE042_100709.hex
* Software Version 1.24
* Temperature SN = 2997
* Conductivity SN = 2997
* System UpLoad Time = Oct 08 2009 12:25:24
* SEACAT PROFILER V3.1c SN 2997   10/08/09  12:24:38.832
* strain gauge pressure sensor: S/N = 184829,  range = 3000 psia,  tc = 40
# nquan = 9                                 
# nvalues = 944                         
# units = specified
# name 0 = timeJ: Julian Days
# name 1 = prSM: Pressure, Strain Gauge [db]
# name 2 = c0mS/cm: Conductivity [mS/cm]
# name 3 = t090C: Temperature [ITS-90, deg C]
# name 4 = sbeox0ML/L: Oxygen, SBE 43 [ml/l]
# name 5 = depSM: Depth [salt water, m], lat = 47.5
# name 6 = sal00: Salinity, Practical [PSU]
# name 7 = sigma-é00: Density [sigma-theta, kg/m^3]
# name 8 = flag: flag
# span 0 = 281.494664, 281.500122       
# span 1 =     -4.833,     44.820       
# span 2 =   0.351241,  37.598549       
# span 3 =     7.6485,    12.3682       
# span 4 =   -15.4354,    20.9897       
# span 5 =     -4.793,     44.441       
# span 6 =     0.2267,    33.5733       
# span 7 =    -0.3252,    26.2037       
# span 8 = 0.0000e+00, 0.0000e+00       
# interval = seconds: 0.5
# start_time = Oct 08 2009 11:52:19 [Instrument's time stamp, header]
# bad_flag = -9.990e-29
*END*
 281.494664     -4.818 -9.990e-29    11.9638    -1.7229     -4.778 -9.990e-29 -9.990e-29 -9.990e-29
 281.494670     -4.830   0.351241    11.9654    -1.7230     -4.790     0.2267    -0.3193 -9.990e-29
 281.494676     -4.833   0.351835    11.9667    -1.7230     -4.793     0.2271    -0.3191 -9.990e-29
 281.494682     -4.824   0.352322    11.9676    -1.7228     -4.784     0.2274    -0.3190 -9.990e-29
 281.494688     -4.806   0.352797    11.9681    -1.7225     -4.766     0.2277    -0.3188 -9.990e-29
 281.494693     -4.786   0.353523    11.9674    -1.7220     -4.746     0.2282    -0.3183 -9.990e-29
 281.494699     -4.767   0.354359    11.9650    -1.7218     -4.727     0.2288    -0.3176 -9.990e-29
 281.494705     -4.749   0.354940    11.9617    -1.7217     -4.709     0.2292    -0.3169 -9.990e-29
 281.494711     -4.730   0.354933    11.9590    -1.7210     -4.691     0.2292    -0.3166 -9.990e-29
 281.494716     -4.709   0.354517    11.9573    -1.7203     -4.670     0.2289    -0.3166 -9.990e-29
 281.494722     -4.685   0.354246    11.9568    -1.7198     -4.646     0.2287    -0.3167 -9.990e-29
 281.494728     -4.656   0.354314    11.9588    -1.7194     -4.617     0.2288    -0.3169 -9.990e-29
 281.494734     -4.620   0.354813    11.9640    -1.7191     -4.581     0.2291    -0.3173 -9.990e-29
 281.494740     -4.580   0.355853    11.9719    -1.7188     -4.542     0.2297    -0.3177 -9.990e-29
 281.494745     -4.540   0.357158    11.9810    -1.7187     -4.502     0.2305    -0.3181 -9.990e-29
 281.494751     -4.504   0.358251    11.9896    -1.7183     -4.466     0.2312    -0.3185 -9.990e-29
 281.494757     -4.469   0.358926    11.9994    -1.7183     -4.432     0.2316    -0.3193 -9.990e-29
 281.494763     -4.431   0.359530    12.0131    -1.7184     -4.394     0.2319    -0.3207 -9.990e-29
 281.494769     -4.395   0.360315    12.0289    -1.7180     -4.358     0.2323    -0.3222 -9.990e-29
 281.494774     -4.360   0.361217    12.0432    -1.7178     -4.324     0.2328    -0.3234 -9.990e-29
 281.494780     -4.326   0.362332    12.0547    -1.7178     -4.290     0.2335    -0.3242 -9.990e-29
 281.494786     -4.294   0.363481    12.0640    -1.7181     -4.258     0.2342    -0.3247 -9.990e-29
 281.494792     -4.266   0.364536    12.0715    -1.7185     -4.230     0.2349    -0.3251 -9.990e-29
 281.494797     -4.240   0.365795    12.0777    -1.7183     -4.205     0.2357    -0.3252 -9.990e-29
 281.494803     -4.216   0.367273    12.0827    -1.7178     -4.181     0.2366    -0.3250 -9.990e-29
 281.494809     -4.192   0.368724    12.0858    -1.7175     -4.157     0.2376    -0.3246 -9.990e-29
 281.494815     -4.165   0.369863    12.0889    -1.7173     -4.130     0.2383    -0.3244 -9.990e-29
 281.494821     -4.139   0.370549    12.0935    -1.7173     -4.104     0.2387    -0.3246 -9.990e-29
 281.494826     -4.116   0.371140    12.0970    -1.7171     -4.082     0.2391    -0.3247 -9.990e-29
 281.494832     -4.094   0.371872    12.0965    -1.7172     -4.060     0.2396    -0.3243 -9.990e-29
 281.494838     -4.078   0.372613    12.0926    -1.7170     -4.044     0.2401    -0.3234 -9.990e-29
 281.494844     -4.060   0.373240    12.0902    -1.7175     -4.026     0.2405    -0.3228 -9.990e-29
 281.494850     -4.033   0.373481    12.0929    -1.7185     -3.999     0.2407    -0.3230 -9.990e-29
 281.494855     -4.001   0.373659    12.0997    -1.7193     -3.968     0.2407    -0.3238 -9.990e-29
 281.494861     -3.973   0.374567    12.1070    -1.7198     -3.940     0.2413    -0.3242 -9.990e-29
 281.494867     -3.946   0.376306    12.1123    -1.7199     -3.913     0.2424    -0.3239 -9.990e-29
 281.494873     -3.918   0.378425    12.1153    -1.7199     -3.885     0.2438    -0.3232 -9.990e-29
 281.494878     -3.888   0.380421    12.1168    -1.7196     -3.856     0.2451    -0.3223 -9.990e-29
 281.494884     -3.854   0.382182    12.1164    -1.7190     -3.822     0.2463    -0.3214 -9.990e-29
 281.494890     -3.818   0.383841    12.1119    -1.7187     -3.786     0.2474    -0.3200 -9.990e-29
 281.494896     -3.786   0.385390    12.0999    -1.7190     -3.754     0.2485    -0.3177 -9.990e-29
 281.494902     -3.761   0.386679    12.0820    -1.7194     -3.730     0.2495    -0.3149 -9.990e-29
 281.494907     -3.736   0.387207    12.0651    -1.7208     -3.705     0.2499    -0.3126 -9.990e-29
 281.494913     -3.706   0.386569    12.0537    -1.7218     -3.675     0.2496    -0.3115 -9.990e-29
 281.494919     -3.672   0.385025    12.0489    -1.7228     -3.641     0.2486    -0.3117 -9.990e-29
 281.494925     -3.638   0.383291    12.0498    -1.7235     -3.608     0.2474    -0.3128 -9.990e-29
 281.494931     -3.606   0.382385    12.0549    -1.7244     -3.576     0.2468    -0.3138 -9.990e-29
 281.494936     -3.581   0.382764    12.0619    -1.7249     -3.551     0.2470    -0.3145 -9.990e-29
 281.494942     -3.562   0.383823    12.0653    -1.7254     -3.532     0.2477    -0.3143 -9.990e-29
 281.494948     -3.540   0.384756    12.0603    -1.7256     -3.510     0.2483    -0.3133 -9.990e-29
 281.494954     -3.513   0.385146    12.0447    -1.7259     -3.484     0.2487    -0.3112 -9.990e-29
 281.494959     -3.488   0.384960    12.0200    -1.7268     -3.459     0.2487    -0.3083 -9.990e-29
 281.494965     -3.468   0.384505    11.9923    -1.7278     -3.439     0.2486    -0.3052 -9.990e-29
 281.494971     -3.451   0.384283    11.9665    -1.7154     -3.422     0.2486    -0.3022 -9.990e-29
 281.494977     -3.436   0.384554    11.9434    -1.7117     -3.407     0.2489    -0.2994 -9.990e-29
 281.494983     -3.422   0.385127    11.9230    -1.7157     -3.393     0.2495    -0.2966 -9.990e-29
 281.494988     -3.409   0.385656    11.9059    -1.7182     -3.381     0.2499    -0.2943 -9.990e-29
 281.494994     -3.395   0.386292    11.8925    -1.7196     -3.367     0.2504    -0.2924 -9.990e-29
 281.495000     -3.381   0.387885    11.8813    -1.7205     -3.353     0.2516    -0.2902 -9.990e-29
 281.495006     -3.364   0.392558    11.8680    -1.7211     -3.336     0.2548    -0.2862 -9.990e-29
 281.495012     -3.343   0.406544    11.8501    -1.7217     -3.315     0.2642    -0.2768 -9.990e-29
 281.495017     -3.319   0.449045    11.8318    -1.7219     -3.291     0.2929    -0.2523 -9.990e-29
 281.495023     -3.292   0.578951    11.8173    -1.7218     -3.265     0.3810    -0.1818 -9.990e-29
 281.495029     -3.266   0.971687    11.8058    -1.7210     -3.239     0.6531     0.0320 -9.990e-29
 281.495035     -3.239   1.597659    11.7961    -1.7201     -3.212     1.0997     0.3813 -9.990e-29
 281.495041     -3.214   2.012326    11.7896    -1.7197     -3.187     1.4021     0.6176 -9.990e-29
 281.495046     -3.193   2.021003    11.7867    -1.7195     -3.166     1.4086     0.6230 -9.990e-29
 281.495052     -3.176   1.856237    11.7869    -1.7195     -3.150     1.2879     0.5290 -9.990e-29
 281.495058     -3.160   1.693073    11.7907    -1.7195     -3.134     1.1690     0.4359 -9.990e-29
 281.495064     -3.145   1.562088    11.7984    -1.7192     -3.119     1.0739     0.3610 -9.990e-29
 281.495069     -3.130   1.453485    11.8080    -1.7192     -3.104     0.9954     0.2987 -9.990e-29
 281.495075     -3.114   1.358992    11.8178    -1.7197     -3.088     0.9274     0.2446 -9.990e-29
 281.495081     -3.096   1.291362    11.8275    -1.7201     -3.070     0.8789     0.2057 -9.990e-29
 281.495087     -3.074   1.268086    11.8368    -1.7196     -3.048     0.8621     0.1915 -9.990e-29
 281.495093     -3.048   1.285876    11.8458    -1.7197     -3.023     0.8745     0.2002 -9.990e-29
 281.495098     -3.020   1.319065    11.8545    -1.7196     -2.995     0.8980     0.2175 -9.990e-29
 281.495104     -2.997   1.338101    11.8632    -1.7194     -2.972     0.9114     0.2269 -9.990e-29
 281.495110     -2.978   1.331185    11.8724    -1.7198     -2.953     0.9062     0.2218 -9.990e-29
 281.495116     -2.956   1.305745    11.8811    -1.7203     -2.931     0.8879     0.2065 -9.990e-29
 281.495122     -2.935   1.275035    11.8881    -1.7203     -2.911     0.8659     0.1886 -9.990e-29
 281.495127     -2.917   1.243613    11.8937    -1.7206     -2.893     0.8434     0.1704 -9.990e-29
 281.495133     -2.902   1.204546    11.9011    -1.7207     -2.878     0.8155     0.1478 -9.990e-29
 281.495139     -2.889   1.155135    11.9116    -1.7208     -2.865     0.7803     0.1192 -9.990e-29
 281.495145     -2.877   1.104410    11.9221    -1.7205     -2.853     0.7443     0.0899 -9.990e-29
 281.495150     -2.864   1.057428    11.9296    -1.7203     -2.840     0.7111     0.0631 -9.990e-29
 281.495156     -2.850   1.015357    11.9327    -1.7205     -2.826     0.6815     0.0397 -9.990e-29
 281.495162     -2.835   0.985913    11.9305    -1.7208     -2.811     0.6609     0.0239 -9.990e-29
 281.495168     -2.818   0.967567    11.9256    -1.7210     -2.795     0.6482     0.0145 -9.990e-29
 281.495174     -2.796   0.952503    11.9222    -1.7210     -2.773     0.6377     0.0067 -9.990e-29
 281.495179     -2.774   0.941166    11.9213    -1.7210     -2.751     0.6298     0.0007 -9.990e-29
 281.495185     -2.753   0.930094    11.9226    -1.7210     -2.730     0.6221    -0.0055 -9.990e-29
 281.495191     -2.729   0.912846    11.9259    -1.7211     -2.706     0.6100    -0.0153 -9.990e-29
 281.495197     -2.700   0.892501    11.9305    -1.7210     -2.677     0.5958    -0.0270 -9.990e-29
 281.495203     -2.673   0.876333    11.9344    -1.7214     -2.651     0.5844    -0.0363 -9.990e-29
 281.495208     -2.649   0.866089    11.9356    -1.7216     -2.627     0.5773    -0.0420 -9.990e-29
 281.495214     -2.629   0.854767    11.9346    -1.7217     -2.607     0.5695    -0.0480 -9.990e-29
 281.495220     -2.610   0.836706    11.9331    -1.7215     -2.588     0.5570    -0.0576 -9.990e-29
 281.495226     -2.590   0.817229    11.9314    -1.7214     -2.568     0.5435    -0.0679 -9.990e-29
 281.495231     -2.570   0.805319    11.9299    -1.7216     -2.549     0.5353    -0.0741 -9.990e-29
 281.495237     -2.548   0.805069    11.9306    -1.7217     -2.527     0.5351    -0.0744 -9.990e-29
 281.495243     -2.521   0.808935    11.9331    -1.7220     -2.500     0.5377    -0.0726 -9.990e-29
 281.495249     -2.494   0.803766    11.9346    -1.7221     -2.473     0.5341    -0.0756 -9.990e-29
 281.495255     -2.468   0.787663    11.9334    -1.7223     -2.447     0.5230    -0.0841 -9.990e-29
 281.495260     -2.441   0.768558    11.9307    -1.7225     -2.421     0.5098    -0.0941 -9.990e-29
 281.495266     -2.417   0.753155    11.9286    -1.7226     -2.397     0.4992    -0.1021 -9.990e-29
 281.495272     -2.398   0.745882    11.9275    -1.7228     -2.378     0.4942    -0.1059 -9.990e-29
 281.495278     -2.383   0.749250    11.9266    -1.7231     -2.363     0.4966    -0.1039 -9.990e-29
 281.495284     -2.371   0.758319    11.9250    -1.7234     -2.351     0.5029    -0.0989 -9.990e-29
 281.495289     -2.361   0.762992    11.9225    -1.7240     -2.341     0.5061    -0.0960 -9.990e-29
 281.495295     -2.352   0.759516    11.9195    -1.7244     -2.332     0.5038    -0.0975 -9.990e-29
 281.495301     -2.344   0.751023    11.9159    -1.7248     -2.324     0.4979    -0.1017 -9.990e-29
 281.495307     -2.336   0.741722    11.9115    -1.7247     -2.317     0.4916    -0.1061 -9.990e-29
 281.495313     -2.329   0.735857    11.9068    -1.7249     -2.310     0.4876    -0.1087 -9.990e-29
 281.495318     -2.321   0.733931    11.9022    -1.7249     -2.302     0.4863    -0.1092 -9.990e-29
 281.495324     -2.312   0.732266    11.8970    -1.7248     -2.293     0.4853    -0.1094 -9.990e-29
 281.495330     -2.301   0.728643    11.8905    -1.7246     -2.282     0.4828    -0.1105 -9.990e-29
 281.495336     -2.287   0.723228    11.8820    -1.7245     -2.268     0.4792    -0.1124 -9.990e-29
 281.495341     -2.271   0.716568    11.8722    -1.7254     -2.252     0.4748    -0.1148 -9.990e-29
 281.495347     -2.250   0.709213    11.8637    -1.7268     -2.231     0.4698    -0.1177 -9.990e-29
 281.495353     -2.224   0.701343    11.8584    -1.7281     -2.205     0.4644    -0.1213 -9.990e-29
 281.495359     -2.195   0.692450    11.8555    -1.7295     -2.177     0.4584    -0.1257 -9.990e-29
 281.495365     -2.169   0.683439    11.8528    -1.7300     -2.151     0.4522    -0.1302 -9.990e-29
 281.495370     -2.150   0.677828    11.8499    -1.7301     -2.132     0.4484    -0.1328 -9.990e-29
 281.495376     -2.136   0.679784    11.8474    -1.7302     -2.118     0.4497    -0.1315 -9.990e-29
 281.495382     -2.126   0.690806    11.8441    -1.7311     -2.108     0.4574    -0.1252 -9.990e-29
 281.495388     -2.116   0.706934    11.8358    -1.7310     -2.098     0.4686    -0.1155 -9.990e-29
 281.495394     -2.100   0.721966    11.8179    -1.7309     -2.082     0.4791    -0.1052 -9.990e-29
 281.495399     -2.081   0.727840    11.7905    -1.7302     -2.064     0.4835    -0.0987 -9.990e-29
 281.495405     -2.064   0.721263    11.7597    -1.4080     -2.047     0.4794    -0.0984 -9.990e-29
 281.495411     -2.046   0.710279    11.7331    -1.3989     -2.029     0.4721    -0.1011 -9.990e-29
 281.495417     -2.026   0.701321    11.7164    -1.3977     -2.009     0.4661    -0.1039 -9.990e-29
 281.495422     -2.004   0.695761    11.7083    -1.3979     -1.987     0.4624    -0.1059 -9.990e-29
 281.495428     -1.978   0.697835    11.7022    -1.3981     -1.962     0.4639    -0.1041 -9.990e-29
 281.495434     -1.946   0.721958    11.6981    -1.3977     -1.930     0.4806    -0.0906 -9.990e-29
 281.495440     -1.906   0.813607    11.7040    -1.3977     -1.890     0.5442    -0.0416 -9.990e-29
 281.495446     -1.860   1.109402    11.7317    -1.3977     -1.844     0.7516     0.1172 -9.990e-29
 281.495451     -1.810   2.015942    11.8115    -1.3981     -1.795     1.4039     0.6165 -9.990e-29
 281.495457     -1.747   4.746940    11.9716    -1.3991     -1.732     3.4646     2.1981 -9.990e-29
 281.495463     -1.669  12.928749    12.1587    -1.3993     -1.655    10.1099     7.3116 -9.990e-29
 281.495469     -1.581  25.216882    12.2808    -1.3998     -1.568    20.8577    15.5879 -9.990e-29
 281.495475     -1.489  33.447029    12.3290    -1.3995     -1.477    28.4369    21.4386 -9.990e-29
 281.495480     -1.385  36.209438    12.3494    -1.3997     -1.373    31.0366    23.4481 -9.990e-29
 281.495486     -1.273  37.122931    12.3632    -1.3998     -1.262    31.8965    24.1118 -9.990e-29
 281.495492     -1.157  37.419006    12.3682    -1.4001     -1.147    32.1753    24.3270 -9.990e-29
 281.495498     -1.038  37.510985    12.3615    -1.4002     -1.029    32.2690    24.4009 -9.990e-29
 281.495503     -0.918  37.542303    12.3451    -1.4003     -0.910    32.3131    24.4382 -9.990e-29
 281.495509     -0.798  37.555332    12.3255    -1.4002     -0.791    32.3424    24.4647 -9.990e-29
 281.495515     -0.683  37.555724    12.3100    -1.4001     -0.677    32.3562    24.4782 -9.990e-29
 281.495521     -0.582  37.546854    12.3001    -1.4003     -0.577    32.3562    24.4801 -9.990e-29
 281.495527     -0.503  37.537125    12.2935    -1.4007     -0.499    32.3525    24.4785 -9.990e-29
 281.495532     -0.443  37.533237    12.2864    -1.4007     -0.439    32.3549    24.4817 -9.990e-29
 281.495538     -0.401  37.536223    12.2783    -1.4009     -0.398    32.3647    24.4909 -9.990e-29
 281.495544     -0.368  37.539468    12.2704    -1.4011     -0.365    32.3746    24.5001 -9.990e-29
 281.495550     -0.333  37.537262    12.2640    -1.4009     -0.330    32.3781    24.5039 -9.990e-29
 281.495556     -0.296  37.534564    12.2619    -1.4007     -0.294    32.3773    24.5037 -9.990e-29
 281.495561     -0.261  37.535679    12.2631    -1.4003     -0.259    32.3773    24.5035 -9.990e-29
 281.495567     -0.231  37.535418    12.2629    -1.4001     -0.229    32.3772    24.5034 -9.990e-29
 281.495573     -0.205  37.532365    12.2578    -1.3999     -0.203    32.3787    24.5056 -9.990e-29
 281.495579     -0.180  37.528672    12.2497    -1.4002     -0.178    32.3821    24.5098 -9.990e-29
 281.495584     -0.154  37.523953    12.2426    -1.4003     -0.153    32.3837    24.5123 -9.990e-29
