data/oxygen options/OCNMS/OCNMS1/raw_data/2009/CTD_CA042_060309faed.cnv
* Sea-Bird SBE19 Data File:
* FileName = C:\2009_MOORING_DATA\CTD_CA042_060309.hex
* Software Version 1.59
* Temperature SN = 2997
* Conductivity SN = 2997
* System UpLoad Time = Jun 03 2009 15:03:05
* ds
* SEACAT PROFILER V3.1c SN 2997   06/03/09  15:02:40.070
# nquan = 9                                 
# nvalues = 2049                        
# units = specified
# name 0 = timeJ: Julian Days
# name 1 = prSM: Pressure, Strain Gauge [db]
# name 2 = c0mS/cm: Conductivity [mS/cm]
# name 3 = t090C: Temperature [ITS-90, deg C]
# name 4 = sbeox0ML/L: Oxygen, SBE 43 [ml/l]
# name 5 = depSM: Depth [salt water, m], lat = 47.5
# name 6 = sal00: Salinity, Practical [PSU]
# name 7 = sigma-é00: Density [sigma-theta, kg/m^3]
# name 8 = flag: flag
# span 0 = 154.541493, 154.553345       
# span 1 =     -6.124,     41.088       
# span 2 =  -0.001355,  37.233309       
# span 3 =     7.0737,    17.5256       
# span 4 =    -1.5526,    23.8926       
# span 5 =     -6.073,     40.741       
# span 6 =     0.0000,    33.9085       
# span 7 =    -1.3165,    26.1303       
# span 8 = 0.0000e+00, 0.0000e+00       
# interval = seconds: 0.5
# start_time = Jun 03 2009 12:59:45 [Instrument's time stamp, header]
# bad_flag = -9.990e-29
*END*
[from data line 1441]
 154.549832     27.080  33.908906     7.1468     3.1826     26.852    33.3317    26.0850 -9.990e-29
 154.549838     27.092  33.908088     7.1464     3.1863     26.864    33.3312    26.0847 -9.990e-29
 154.549844     27.113  33.907116     7.1456     3.1788     26.885    33.3309    26.0846 -9.990e-29
 154.549850     27.136  33.906369     7.1445     3.1788     26.908    33.3311    26.0849 -9.990e-29
 154.549855     27.152  33.905967     7.1436     3.1849     26.924    33.3316    26.0854 -9.990e-29
 154.549861     27.159  33.905931     7.1432     3.1825     26.931    33.3319    26.0857 -9.990e-29
 154.549867     27.162  33.906207     7.1432     3.1822     26.934    33.3322    26.0859 -9.990e-29
 154.549873     27.165  33.906601     7.1430     3.1796     26.937    33.3328    26.0864 -9.990e-29
 154.549878     27.168  33.906514     7.1423     3.1745     26.939    33.3334    26.0870 -9.990e-29
 154.549884     27.176  33.905829     7.1411     3.1746     26.947    33.3338    26.0875 -9.990e-29
 154.549890     27.189  33.905312     7.1400     3.1834     26.960    33.3343    26.0880 -9.990e-29
 154.549896     27.200  33.905390     7.1395     3.1860     26.971    33.3349    26.0885 -9.990e-29
 154.549902     27.205  33.905605     7.1392     3.1775     26.976    33.3354    26.0890 -9.990e-29
 154.549907     27.205  33.905682     7.1386     3.1806     26.976    33.3361    26.0896 -9.990e-29
 154.549913     27.198  33.905720     7.1386     3.1778     26.969    33.3361    26.0896 -9.990e-29
 154.549919     27.186  33.905768     7.1399     3.1633     26.957    33.3349    26.0885 -9.990e-29
 154.549925     27.170  33.905888     7.1417     3.1612     26.941    33.3333    26.0870 -9.990e-29
 154.549931     27.160  33.906239     7.1430     3.1651     26.932    33.3324    26.0861 -9.990e-29
 154.549936     27.158  33.906727     7.1431     3.1725     26.930    33.3329    26.0865 -9.990e-29
 154.549942     27.165  33.906321     7.1418     3.1908     26.937    33.3337    26.0873 -9.990e-29
 154.549948     27.176  33.905036     7.1403     3.1905     26.947    33.3337    26.0875 -9.990e-29
 154.549954     27.184  33.904521     7.1408     3.1941     26.955    33.3327    26.0866 -9.990e-29
 154.549959     27.184  33.905206     7.1435     3.1855     26.955    33.3308    26.0848 -9.990e-29
 154.549965     27.183  33.906319     7.1460     3.1696     26.954    33.3296    26.0835 -9.990e-29
 154.549971     27.186  33.907102     7.1461     3.1648     26.957    33.3304    26.0841 -9.990e-29
 154.549977     27.201  33.906919     7.1439     3.1620     26.972    33.3323    26.0859 -9.990e-29
 154.549983     27.222  33.906084     7.1415     3.1695     26.993    33.3337    26.0873 -9.990e-29
 154.549988     27.238  33.905722     7.1406     3.1746     27.009    33.3341    26.0878 -9.990e-29
 154.549994     27.238  33.905905     7.1414     3.1830     27.009    33.3336    26.0872 -9.990e-29
 154.550000     27.221  33.906315     7.1428     3.1855     26.992    33.3327    26.0863 -9.990e-29
 154.550006     27.200  33.906937     7.1439     3.1854     26.971    33.3323    26.0859 -9.990e-29
 154.550012     27.186  33.907479     7.1445     3.1833     26.957    33.3323    26.0858 -9.990e-29
 154.550017     27.181  33.907540     7.1447     3.1701     26.952    33.3322    26.0857 -9.990e-29
 154.550023     27.183  33.907200     7.1447     3.1678     26.954    33.3318    26.0854 -9.990e-29
 154.550029     27.177  33.907125     7.1449     3.1764     26.948    33.3316    26.0852 -9.990e-29
 154.550035     27.160  33.907213     7.1449     3.1727     26.932    33.3317    26.0853 -9.990e-29
 154.550041     27.143  33.907018     7.1445     3.1751     26.915    33.3318    26.0855 -9.990e-29
 154.550046     27.133  33.906839     7.1445     3.1641     26.905    33.3316    26.0853 -9.990e-29
 154.550052     27.130  33.906996     7.1444     3.1677     26.902    33.3319    26.0855 -9.990e-29
 154.550058     27.134  33.907135     7.1437     3.1666     26.906    33.3327    26.0863 -9.990e-29
 154.550064     27.148  33.906878     7.1422     3.1749     26.920    33.3339    26.0874 -9.990e-29
 154.550069     27.175  33.905884     7.1395     3.1711     26.946    33.3354    26.0890 -9.990e-29
 154.550075     27.203  33.903945     7.1367     3.1660     26.974    33.3360    26.0898 -9.990e-29
 154.550081     27.225  33.902394     7.1352     3.1684     26.996    33.3357    26.0898 -9.990e-29
 154.550087     27.238  33.902521     7.1351     3.1576     27.009    33.3360    26.0900 -9.990e-29
 154.550093     27.240  33.903371     7.1355     3.1858     27.011    33.3365    26.0904 -9.990e-29
 154.550098     27.233  33.903834     7.1358     3.1931     27.004    33.3367    26.0905 -9.990e-29
 154.550104     27.222  33.903964     7.1358     3.1956     26.993    33.3369    26.0906 -9.990e-29
 154.550110     27.207  33.903935     7.1364     3.2015     26.978    33.3363    26.0901 -9.990e-29
 154.550116     27.186  33.904264     7.1379     3.1804     26.957    33.3352    26.0890 -9.990e-29
 154.550122     27.163  33.905388     7.1402     3.1695     26.935    33.3342    26.0879 -9.990e-29
 154.550127     27.148  33.906563     7.1426     3.1731     26.920    33.3332    26.0868 -9.990e-29
 154.550133     27.149  33.907115     7.1444     3.1731     26.921    33.3320    26.0856 -9.990e-29
 154.550139     27.163  33.907218     7.1450     3.1720     26.935    33.3316    26.0852 -9.990e-29
 154.550145     27.177  33.907008     7.1449     3.1637     26.948    33.3314    26.0851 -9.990e-29
 154.550150     27.179  33.906200     7.1448     3.1650     26.950    33.3306    26.0845 -9.990e-29
 154.550156     27.169  33.905397     7.1448     3.1783     26.940    33.3298    26.0838 -9.990e-29
 154.550162     27.151  33.905764     7.1452     3.1969     26.923    33.3298    26.0837 -9.990e-29
 154.550168     27.129  33.906669     7.1456     3.1933     26.901    33.3304    26.0842 -9.990e-29
 154.550174     27.113  33.907077     7.1458     3.1920     26.885    33.3307    26.0843 -9.990e-29
 154.550179     27.111  33.906970     7.1455     3.1786     26.883    33.3308    26.0845 -9.990e-29
 154.550185     27.118  33.906205     7.1450     3.1738     26.890    33.3305    26.0843 -9.990e-29
 154.550191     27.132  33.905438     7.1445     3.1677     26.904    33.3301    26.0841 -9.990e-29
 154.550197     27.153  33.905326     7.1434     3.1626     26.925    33.3310    26.0850 -9.990e-29
 154.550203     27.177  33.905159     7.1423     3.1584     26.948    33.3319    26.0858 -9.990e-29
 154.550208     27.198  33.904712     7.1417     3.1667     26.969    33.3320    26.0860 -9.990e-29
 154.550214     27.213  33.904506     7.1413     3.1740     26.984    33.3322    26.0861 -9.990e-29
 154.550220     27.223  33.904822     7.1411     3.1766     26.994    33.3327    26.0866 -9.990e-29
 154.550226     27.228  33.904959     7.1405     3.1796     26.999    33.3334    26.0872 -9.990e-29
 154.550231     27.229  33.904539     7.1392     3.1746     27.000    33.3342    26.0880 -9.990e-29
 154.550237     27.225  33.904119     7.1381     3.1745     26.996    33.3348    26.0887 -9.990e-29
 154.550243     27.213  33.904258     7.1381     3.1743     26.984    33.3350    26.0888 -9.990e-29
 154.550249     27.183  33.905140     7.1397     3.1660     26.954    33.3344    26.0881 -9.990e-29
 154.550255     27.133  33.906256     7.1425     3.1637     26.905    33.3329    26.0866 -9.990e-29
 154.550260     27.077  33.907411     7.1454     3.1724     26.849    33.3314    26.0850 -9.990e-29
 154.550266     27.037  33.908464     7.1474     3.1858     26.810    33.3307    26.0841 -9.990e-29
 154.550272     27.028  33.909138     7.1481     3.1932     26.801    33.3307    26.0841 -9.990e-29
 154.550278     27.045  33.909211     7.1471     3.1821     26.818    33.3318    26.0850 -9.990e-29
 154.550284     27.067  33.908218     7.1457     3.1721     26.839    33.3320    26.0854 -9.990e-29
 154.550289     27.079  33.907072     7.1451     3.1587     26.851    33.3313    26.0850 -9.990e-29
 154.550295     27.082  33.907042     7.1451     3.1592     26.854    33.3313    26.0850 -9.990e-29
 154.550301     27.088  33.907526     7.1445     3.1728     26.860    33.3324    26.0859 -9.990e-29
 154.550307     27.107  33.907488     7.1433     3.1863     26.879    33.3335    26.0869 -9.990e-29
 154.550312     27.130  33.906876     7.1423     3.1939     26.902    33.3338    26.0873 -9.990e-29
 154.550318     27.144  33.906552     7.1417     3.1914     26.916    33.3340    26.0876 -9.990e-29
 154.550324     27.139  33.906639     7.1415     3.1838     26.911    33.3343    26.0878 -9.990e-29
 154.550330     27.124  33.906691     7.1417     3.1788     26.896    33.3342    26.0877 -9.990e-29
 154.550336     27.112  33.906777     7.1416     3.1701     26.884    33.3344    26.0879 -9.990e-29
 154.550341     27.105  33.906449     7.1400     3.1673     26.877    33.3356    26.0890 -9.990e-29
 154.550347     27.103  33.905269     7.1373     3.1673     26.875    33.3369    26.0904 -9.990e-29
 154.550353     27.101  33.903903     7.1351     3.1695     26.873    33.3375    26.0912 -9.990e-29
 154.550359     27.092  33.903327     7.1340     3.1820     26.864    33.3380    26.0917 -9.990e-29
 154.550365     27.070  33.903331     7.1337     3.1835     26.842    33.3383    26.0920 -9.990e-29
 154.550370     27.029  33.903357     7.1340     3.1823     26.802    33.3380    26.0918 -9.990e-29
 154.550376     26.958  33.903437     7.1344     3.1703     26.731    33.3378    26.0915 -9.990e-29
 154.550382     26.849  33.903674     7.1346     3.1703     26.623    33.3379    26.0916 -9.990e-29
 154.550388     26.698  33.904384     7.1356     3.1801     26.473    33.3378    26.0913 0.0000e+00
 154.550394     26.510  33.905389     7.1376     3.1838     26.287    33.3370    26.0905 0.0000e+00
 154.550399     26.289  33.906347     7.1402     3.2025     26.068    33.3357    26.0890 0.0000e+00
 154.550405     26.035  33.907415     7.1450     3.2150     25.816    33.3323    26.0858 0.0000e+00
 154.550411     25.738  33.908895     7.1542     3.2213     25.522    33.3252    26.0789 0.0000e+00
 154.550417     25.403  33.911638     7.1675     3.2429     25.189    33.3155    26.0694 0.0000e+00
 154.550422     25.042  33.915941     7.1830     3.2428     24.831    33.3054    26.0593 0.0000e+00
 154.550428     24.662  33.920820     7.1990     3.2575     24.455    33.2955    26.0493 0.0000e+00
 154.550434     24.264  33.925498     7.2153     3.2677     24.060    33.2850    26.0389 0.0000e+00
 154.550440     23.849  33.930053     7.2319     3.2791     23.649    33.2742    26.0280 0.0000e+00
 154.550446     23.420  33.934958     7.2481     3.2975     23.223    33.2641    26.0179 0.0000e+00
 154.550451     22.981  33.941152     7.2660     3.3170     22.788    33.2539    26.0073 0.0000e+00
 154.550457     22.529  33.949054     7.2887     3.3414     22.340    33.2408    25.9939 0.0000e+00
 154.550463     22.064  33.957994     7.3131     3.3698     21.879    33.2273    25.9799 0.0000e+00
 154.550469     21.593  33.967570     7.3339     3.3979     21.412    33.2180    25.9697 0.0000e+00
 154.550475     21.115  33.977108     7.3506     3.4296     20.938    33.2125    25.9631 0.0000e+00
 154.550480     20.625  33.985884     7.3662     3.4691     20.452    33.2073    25.9568 0.0000e+00
 154.550486     20.121  33.994957     7.3840     3.4721     19.952    33.2003    25.9488 0.0000e+00
 154.550492     19.607  34.006341     7.4048     3.4880     19.442    33.1930    25.9401 0.0000e+00
 154.550498     19.088  34.020090     7.4285     3.5206     18.928    33.1854    25.9308 0.0000e+00
 154.550503     18.574  34.034370     7.4538     3.5608     18.418    33.1769    25.9206 0.0000e+00
 154.550509     18.067  34.047495     7.4773     3.6183     17.915    33.1688    25.9110 0.0000e+00
 154.550515     17.559  34.059042     7.4985     3.6931     17.412    33.1613    25.9020 0.0000e+00
 154.550521     17.049  34.069843     7.5203     3.7682     16.906    33.1524    25.8920 0.0000e+00
 154.550527     16.538  34.079737     7.5459     3.8566     16.399    33.1388    25.8777 0.0000e+00
 154.550532     16.029  34.087351     7.5769     3.9568     15.895    33.1177    25.8567 0.0000e+00
 154.550538     15.522  34.092196     7.6129     4.0449     15.392    33.0889    25.8290 0.0000e+00
 154.550544     15.021  34.096812     7.6527     4.1658     14.895    33.0562    25.7977 0.0000e+00
 154.550550     14.527  34.105118     7.6982     4.3364     14.405    33.0222    25.7644 0.0000e+00
 154.550556     14.044  34.119236     7.7577     4.6203     13.926    32.9812    25.7237 0.0000e+00
 154.550561     13.574  34.144552     7.8326     4.9932     13.460    32.9377    25.6789 0.0000e+00
 154.550567     13.118  34.180098     7.9088     5.3849     13.008    32.9041    25.6415 0.0000e+00
 154.550573     12.673  34.217820     7.9847     5.7330     12.567    32.8731    25.6062 0.0000e+00
 154.550579     12.241  34.266017     8.0860     5.9863     12.138    32.8296    25.5572 0.0000e+00
 154.550584     11.823  34.331262     8.2328     6.1476     11.724    32.7617    25.4824 0.0000e+00
 154.550590     11.419  34.406437     8.3962     6.2129     11.323    32.6893    25.4014 0.0000e+00
 154.550596     11.033  34.473015     8.5179     6.2301     10.941    32.6468    25.3498 0.0000e+00
 154.550602     10.672  34.518386     8.5834     6.2015     10.583    32.6340    25.3299 0.0000e+00
 154.550608     10.332  34.557699     8.6223     6.1435     10.246    32.6395    25.3283 0.0000e+00
 154.550613     10.014  34.589613     8.6571     6.0951      9.930    32.6409    25.3242 0.0000e+00
 154.550619      9.728  34.604025     8.6912     6.0576      9.647    32.6247    25.3062 0.0000e+00
 154.550625      9.485  34.615118     8.7188     6.0366      9.406    32.6110    25.2913 0.0000e+00
 154.550631      9.287  34.632094     8.7367     6.0268      9.209    32.6123    25.2896 0.0000e+00
 154.550637      9.131  34.647905     8.7444     6.0191      9.055    32.6218    25.2959 -9.990e-29
 154.550642      9.014  34.657310     8.7497     6.0155      8.939    32.6268    25.2990 -9.990e-29
 154.550648      8.930  34.663894     8.7602     6.0244      8.855    32.6241    25.2952 -9.990e-29
 154.550654      8.868  34.669716     8.7698     6.0384      8.794    32.6213    25.2916 -9.990e-29
 154.550660      8.829  34.673020     8.7774     6.0707      8.755    32.6178    25.2877 -9.990e-29
 154.550666      8.811  34.677103     8.7888     6.0906      8.737    32.6116    25.2811 -9.990e-29
 154.550671      8.804  34.684614     8.8020     6.1042      8.730    32.6073    25.2757 -9.990e-29
 154.550677      8.798  34.688766     8.8103     6.0968      8.724    32.6040    25.2718 -9.990e-29
 154.550683      8.790  34.686136     8.8121     6.0689      8.716    32.5996    25.2681 -9.990e-29
 154.550689      8.783  34.686114     8.8155     6.0450      8.710    32.5964    25.2651 -9.990e-29
 154.550694      8.780  34.694845     8.8262     6.0273      8.707    32.5957    25.2629 -9.990e-29
 154.550700      8.778  34.704923     8.8365     6.0074      8.705    32.5968    25.2621 -9.990e-29
 154.550706      8.772  34.709062     8.8401     5.9860      8.699    32.5978    25.2624 -9.990e-29
 154.550712      8.766  34.707186     8.8408     5.9816      8.693    32.5952    25.2602 -9.990e-29
 154.550718      8.763  34.701846     8.8401     5.9930      8.690    32.5903    25.2565 -9.990e-29
 154.550723      8.764  34.696575     8.8384     5.9936      8.691    32.5863    25.2537 -9.990e-29
 154.550729      8.764  34.692756     8.8381     5.9975      8.691    32.5826    25.2508 -9.990e-29
 154.550735      8.760  34.691465     8.8380     5.9849      8.687    32.5814    25.2498 -9.990e-29
 154.550741      8.750  34.691548     8.8347     5.9871      8.677    32.5845    25.2528 -9.990e-29
 154.550747      8.730  34.685839     8.8264     5.9968      8.657    32.5862    25.2554 -9.990e-29
