data/oxygen options/OCNMS/OCNMS2/raw_data/2004/CTD_CA100_072704faed.cnv
* Sea-Bird SBE19 Data File:
* FileName = C:\WINDOWS\Desktop\put hypoxia files here\CTD files\July 26_27-04\CA\CA10_072704.hex
* Software Version 1.1.4
* Temperature SN = 2997
* Conductivity SN = 2997
* System UpLoad Time = Jul 27 2004 15:20:06
* SEACAT PROFILER V3.1c SN 2997   07/27/04  15:18:56.788
* strain gauge pressure sensor: S/N = 184829,  range = 3000 psia,  tc = 40
# nquan = 9                                 
# nvalues = 1017                        
# units = specified
# name 0 = timeJ: Julian Days
# name 1 = prSM: Pressure, Strain Gauge [db]
# name 2 = c0mS/cm: Conductivity [mS/cm]
# name 3 = t090C: Temperature [ITS-90, deg C]
# name 4 = oxML/L: Oxygen, Beckman/YSI [ml/l]
# name 5 = depSM: Depth [salt water, m], lat = 47.5
# name 6 = sal00: Salinity, Practical [PSU]
# name 7 = sigma-é00: Density [sigma-theta, kg/m^3]
# name 8 = flag: flag
# span 0 = 209.535822, 209.541701       
# span 1 =     -5.348,     97.388       
# span 2 =   0.251828,  40.216903       
# span 3 =     7.0493,    16.0341       
# span 4 =   -0.05209,   28.25527       
# span 5 =     -5.303,     96.552       
# span 6 =     0.1474,    33.8890       
# span 7 =    -0.9287,    26.5342       
# span 8 = 0.0000e+00, 0.0000e+00       
# interval = seconds: 0.5
# start_time = Jul 27 2004 12:51:35 [Instrument's time stamp, header]
# bad_flag = -9.990e-29
*END*
[from data line 481]
 209.538605      1.113  40.142888    15.5323    6.61934      1.104    32.0441    23.5787 -9.990e-29
 209.538611      1.116  40.145079    15.5311    6.62343      1.107    32.0470    23.5813 -9.990e-29
 209.538617      1.124  40.144544    15.5252    6.64457      1.115    32.0513    23.5859 -9.990e-29
 209.538623      1.139  40.141714    15.5185    6.64498      1.129    32.0543    23.5896 -9.990e-29
 209.538628      1.156  40.141625    15.5198    6.64526      1.146    32.0531    23.5884 -9.990e-29
 209.538634      1.169  40.145851    15.5338    6.64307      1.159    32.0455    23.5795 -9.990e-29
 209.538640      1.173  40.154800    15.5494    6.63194      1.163    32.0408    23.5724 -9.990e-29
 209.538646      1.173  40.165269    15.5533    6.63829      1.163    32.0469    23.5763 -9.990e-29
 209.538652      1.174  40.167481    15.5506    6.63393      1.164    32.0511    23.5801 -9.990e-29
 209.538657      1.175  40.163276    15.5504    6.64203      1.165    32.0475    23.5774 -9.990e-29
 209.538663      1.181  40.161648    15.5523    6.63986      1.171    32.0445    23.5747 -9.990e-29
 209.538669      1.193  40.161557    15.5527    6.64242      1.183    32.0441    23.5743 -9.990e-29
 209.538675      1.202  40.159526    15.5481    6.63472      1.192    32.0460    23.5768 -9.990e-29
 209.538681      1.205  40.154539    15.5403    6.63382      1.195    32.0479    23.5799 -9.990e-29
 209.538686      1.206  40.149497    15.5356    6.63302      1.196    32.0472    23.5805 -9.990e-29
 209.538692      1.209  40.149472    15.5365    6.61965      1.199    32.0465    23.5797 -9.990e-29
 209.538698      1.211  40.152755    15.5396    6.61514      1.201    32.0469    23.5793 -9.990e-29
 209.538704      1.207  40.154192    15.5359    6.67440      1.197    32.0512    23.5834 -9.990e-29
 209.538709      1.202  40.149538    15.5165    9.07360      1.192    32.0628    23.5966 -9.990e-29
 209.538715      1.199  40.130355    15.4902    8.37350      1.189    32.0672    23.6057 -9.990e-29
 209.538721      1.199  40.103060    15.4773    6.76795      1.189    32.0534    23.5979 -9.990e-29
 209.538727      1.200  40.090185    15.4864    7.91989      1.190    32.0345    23.5814 -9.990e-29
 209.538733      1.200  40.099256    15.5110    9.39493      1.190    32.0225    23.5669 -9.990e-29
 209.538738      1.193  40.124418    15.5352   11.51226      1.183    32.0253    23.5636 -9.990e-29
 209.538744      1.179  40.149853    15.5445   11.74248      1.169    32.0403    23.5732 -9.990e-29
 209.538750      1.162  40.158429    15.5377   10.27346      1.152    32.0535    23.5848 -9.990e-29
 209.538756      1.149  40.149253    15.5259    9.01005      1.139    32.0549    23.5885 -9.990e-29
 209.538762      1.139  40.135915    15.5214    8.38255      1.129    32.0467    23.5832 -9.990e-29
 209.538767      1.128  40.132622    15.5274    8.10484      1.119    32.0389    23.5759 -9.990e-29
 209.538773      1.119  40.140602    15.5377    4.90542      1.110    32.0377    23.5726 -9.990e-29
 209.538779      1.115  40.151985    15.5415    4.00734      1.106    32.0447    23.5772 -9.990e-29
 209.538785      1.117  40.155027    15.5359    4.18696      1.108    32.0520    23.5840 -9.990e-29
 209.538791      1.119  40.147066    15.5302    5.02425      1.110    32.0495    23.5834 -9.990e-29
 209.538796      1.119  40.138819    15.5320    9.12457      1.110    32.0407    23.5762 -9.990e-29
 209.538802      1.121  40.139499    15.5380   10.27885      1.112    32.0364    23.5716 -9.990e-29
 209.538808      1.128  40.146656    15.5426    7.79804      1.119    32.0391    23.5726 -9.990e-29
 209.538814      1.137  40.152449    15.5463    6.14501      1.128    32.0412    23.5735 -9.990e-29
 209.538819      1.144  40.155634    15.5494    4.82522      1.134    32.0415    23.5730 -9.990e-29
 209.538825      1.154  40.157664    15.5505    5.18016      1.144    32.0424    23.5735 -9.990e-29
 209.538831      1.172  40.158451    15.5495    6.42271      1.162    32.0439    23.5748 -9.990e-29
 209.538837      1.195  40.156811    15.5461    6.65709      1.185    32.0452    23.5766 -9.990e-29
 209.538843      1.216  40.153935    15.5401    6.63445      1.206    32.0475    23.5797 -9.990e-29
 209.538848      1.231  40.151048    15.5366    6.64439      1.221    32.0478    23.5807 -9.990e-29
 209.538854      1.242  40.149359    15.5411    6.63672      1.232    32.0426    23.5757 -9.990e-29
 209.538860      1.249  40.153357    15.5486    6.64307      1.239    32.0401    23.5721 -9.990e-29
 209.538866      1.252  40.158845    15.5507    6.64651      1.242    32.0433    23.5741 -9.990e-29
 209.538872      1.253  40.157439    15.5484    6.65160      1.243    32.0439    23.5751 -9.990e-29
 209.538877      1.251  40.153450    15.5478    6.65005      1.241    32.0408    23.5728 -9.990e-29
 209.538883      1.245  40.154477    15.5505    6.63958      1.235    32.0395    23.5713 -9.990e-29
 209.538889      1.241  40.159090    15.5546    6.64743      1.231    32.0403    23.5710 -9.990e-29
 209.538895      1.241  40.165034    15.5562    6.64770      1.231    32.0443    23.5737 -9.990e-29
 209.538900      1.242  40.167902    15.5538    6.66022      1.232    32.0488    23.5777 -9.990e-29
 209.538906      1.239  40.164233    15.5521    6.65464      1.229    32.0469    23.5766 -9.990e-29
 209.538912      1.236  40.160930    15.5538    6.64204      1.226    32.0426    23.5729 -9.990e-29
 209.538918      1.239  40.162014    15.5571    6.62249      1.229    32.0409    23.5708 -9.990e-29
 209.538924      1.241  40.165577    15.5568    6.61309      1.231    32.0443    23.5735 -9.990e-29
 209.538929      1.244  40.167961    15.5449    6.61368      1.234    32.0561    23.5852 -9.990e-29
 209.538935      1.252  40.159451    15.5205    6.62240      1.242    32.0684    23.6000 -9.990e-29
 209.538941      1.261  40.135443    15.4962    6.62915      1.250    32.0668    23.6041 -9.990e-29
 209.538947      1.268  40.110509    15.4857    6.62832      1.257    32.0531    23.5959 -9.990e-29
 209.538953      1.273  40.101347    15.4889    6.63700      1.262    32.0424    23.5869 -9.990e-29
 209.538958      1.276  40.105847    15.4976    6.64208      1.265    32.0393    23.5827 -9.990e-29
 209.538964      1.277  40.113744    15.5044    6.64180      1.266    32.0408    23.5823 -9.990e-29
 209.538970      1.277  40.118746    15.5078    6.63210      1.266    32.0425    23.5829 -9.990e-29
 209.538976      1.276  40.120802    15.5133    6.63020      1.265    32.0398    23.5796 -9.990e-29
 209.538981      1.273  40.125470    15.5214    6.62857      1.262    32.0374    23.5760 -9.990e-29
 209.538987      1.269  40.133373    15.5254    6.63763      1.258    32.0412    23.5780 -9.990e-29
 209.538993      1.266  40.137664    15.5234    6.64118      1.255    32.0466    23.5827 -9.990e-29
 209.538999      1.270  40.135662    15.5205    6.64613      1.259    32.0472    23.5837 -9.990e-29
 209.539005      1.277  40.132564    15.5207    6.64673      1.266    32.0443    23.5814 -9.990e-29
 209.539010      1.282  40.132102    15.5264    6.64287      1.271    32.0392    23.5763 -9.990e-29
 209.539016      1.286  40.134793    15.5346    6.63135      1.275    32.0349    23.5712 -9.990e-29
 209.539022      1.289  40.139746    15.5393    6.63595      1.278    32.0355    23.5706 -9.990e-29
 209.539028      1.292  40.144037    15.5433    6.63572      1.281    32.0361    23.5702 -9.990e-29
 209.539034      1.293  40.148913    15.5467    6.64030      1.282    32.0377    23.5707 -9.990e-29
 209.539039      1.295  40.152466    15.5465    6.64002      1.284    32.0410    23.5733 -9.990e-29
 209.539045      1.296  40.153274    15.5467    6.64870      1.285    32.0415    23.5736 -9.990e-29
 209.539051      1.297  40.155793    15.5471   10.43363      1.286    32.0435    23.5750 -9.990e-29
 209.539057      1.298  40.157218    15.5462   10.64251      1.287    32.0455    23.5768 -9.990e-29
 209.539063      1.298  40.156093    15.5460    7.58940      1.287    32.0446    23.5762 -9.990e-29
 209.539068      1.299  40.154857    15.5472    5.84543      1.288    32.0425    23.5743 -9.990e-29
 209.539074      1.299  40.155237    15.5517    6.11789      1.288    32.0392    23.5708 -9.990e-29
 209.539080      1.299  40.159995    15.5610   10.06008      1.288    32.0359    23.5662 -9.990e-29
 209.539086      1.299  40.169875    15.5702   11.10207      1.288    32.0372    23.5651 -9.990e-29
 209.539091      1.300  40.180664    15.5708   10.37416      1.289    32.0463    23.5720 -9.990e-29
 209.539097      1.300  40.182072    15.5647    8.26106      1.289    32.0525    23.5781 -9.990e-29
 209.539103      1.300  40.173745    15.5628    5.44027      1.289    32.0467    23.5740 -9.990e-29
 209.539109      1.300  40.169280    15.5684    4.41457      1.289    32.0381    23.5663 -9.990e-29
 209.539115      1.300  40.173391    15.5710    4.57625      1.289    32.0397    23.5669 -9.990e-29
 209.539120      1.300  40.174738    15.5593    5.25228      1.289    32.0504    23.5777 -9.990e-29
 209.539126      1.300  40.162782    15.5416    6.24399      1.289    32.0542    23.5845 -9.990e-29
 209.539132      1.300  40.146845    15.5368    6.68510      1.289    32.0439    23.5776 -9.990e-29
 209.539138      1.300  40.144964    15.5469    6.61674      1.289    32.0340    23.5678 -9.990e-29
 209.539144      1.300  40.157440    15.5596    6.63831      1.289    32.0348    23.5656 -9.990e-29
 209.539149      1.300  40.171179    15.5661    6.64511      1.289    32.0417    23.5695 -9.990e-29
 209.539155      1.300  40.176457    15.5674    6.64931      1.289    32.0453    23.5720 -9.990e-29
 209.539161      1.300  40.174713    15.5686    6.64198      1.289    32.0428    23.5698 -9.990e-29
 209.539167      1.300  40.174296    15.5724    6.63591      1.289    32.0393    23.5663 -9.990e-29
 209.539172      1.301  40.178025    15.5771    6.63825      1.290    32.0388    23.5649 -9.990e-29
 209.539178      1.301  40.182465    15.5775    6.65263      1.290    32.0425    23.5676 -9.990e-29
 209.539184      1.301  40.181765    15.5735    6.65084      1.290    32.0451    23.5705 -9.990e-29
 209.539190      1.301  40.177247    15.5717    6.63860      1.290    32.0425    23.5689 -9.990e-29
 209.539196      1.302  40.176926    15.5733    6.61609      1.291    32.0410    23.5673 -9.990e-29
 209.539201      1.302  40.179823    15.5723    6.61348      1.291    32.0443    23.5702 -9.990e-29
 209.539207      1.303  40.179147    15.5606    6.62134      1.292    32.0533    23.5796 -9.990e-29
 209.539213      1.304  40.168396    15.5377    6.63347      1.293    32.0623    23.5916 -9.990e-29
 209.539219      1.305  40.145032    15.5190    6.63337      1.294    32.0567    23.5914 -9.990e-29
 209.539225      1.306  40.125045    15.5162    6.62946      1.295    32.0412    23.5801 -9.990e-29
 209.539230      1.308  40.124434    15.5220    6.63775      1.297    32.0360    23.5748 -9.990e-29
 209.539236      1.310  40.134536    15.5251    6.64494      1.299    32.0424    23.5791 -9.990e-29
 209.539242      1.313  40.138531    15.5242    6.64515      1.302    32.0467    23.5826 -9.990e-29
 209.539248      1.317  40.135024    15.5278    6.63586      1.306    32.0407    23.5771 -9.990e-29
 209.539253      1.321  40.137303    15.5374    6.62945      1.310    32.0349    23.5706 -9.990e-29
 209.539259      1.328  40.147296    15.5428    6.63399      1.317    32.0394    23.5728 -9.990e-29
 209.539265      1.336  40.153649    15.5378    6.63889      1.325    32.0491    23.5814 -9.990e-29
 209.539271      1.346  40.149134    15.5303    6.64698      1.335    32.0512    23.5847 -9.990e-29
 209.539277      1.359  40.140648    15.5299    6.64684      1.348    32.0440    23.5792 -9.990e-29
 209.539282      1.376  40.139891    15.5374    6.63200      1.365    32.0372    23.5723 -9.990e-29
 209.539288      1.397  40.147545    15.5449    7.44083      1.385    32.0379    23.5712 -9.990e-29
 209.539294      1.425  40.154185    15.5456   11.81423      1.413    32.0432    23.5752 -9.990e-29
 209.539300      1.460  40.152966    15.5435   11.53122      1.448    32.0438    23.5761 -9.990e-29
 209.539306      1.506  40.150132    15.5427   10.52564      1.493    32.0419    23.5748 -9.990e-29
 209.539311      1.565  40.150893    15.5425    8.91411      1.552    32.0427    23.5755 -9.990e-29
 209.539317      1.637  40.152905    15.5418    7.11831      1.623    32.0451    23.5774 -9.990e-29
 209.539323      1.717  40.154557    15.5391    7.75219      1.703    32.0487    23.5808 -9.990e-29
 209.539329      1.806  40.153558    15.5273    7.97223      1.791    32.0574    23.5901 -9.990e-29
 209.539334      1.911  40.142555    15.4940    8.00651      1.895    32.0747    23.6107 -9.990e-29
 209.539340      2.037  40.114110    15.4318    8.00977      2.020    32.1000    23.6438 0.0000e+00
 209.539346      2.194  40.059035    15.3522    8.01014      2.176    32.1158    23.6733 0.0000e+00
 209.539352      2.385  39.982390    15.2771    8.02275      2.365    32.1086    23.6841 0.0000e+00
 209.539358      2.611  39.912085    15.2046    7.87155      2.589    32.1049    23.6970 0.0000e+00
 209.539363      2.874  39.848569    15.1214    7.74447      2.850    32.1160    23.7235 0.0000e+00
 209.539369      3.176  39.769922    15.0390    7.89228      3.149    32.1128    23.7388 0.0000e+00
 209.539375      3.516  39.687357    14.9795    8.14402      3.487    32.0872    23.7319 0.0000e+00
 209.539381      3.894  39.629857    14.9453    8.30051      3.861    32.0633    23.7208 0.0000e+00
 209.539387      4.317  39.600351    14.9216    8.45098      4.281    32.0560    23.7203 0.0000e+00
 209.539392      4.791  39.581308    14.8931    8.41754      4.751    32.0621    23.7310 0.0000e+00
 209.539398      5.311  39.555692    14.8539    8.37120      5.267    32.0710    23.7463 0.0000e+00
 209.539404      5.867  39.519581    14.8015    8.37427      5.818    32.0813    23.7653 0.0000e+00
 209.539410      6.456  39.474135    14.7339    8.26991      6.402    32.0956    23.7908 0.0000e+00
 209.539416      7.078  39.415359    14.6528    8.18258      7.019    32.1090    23.8183 0.0000e+00
 209.539421      7.728  39.346165    14.5431    8.07364      7.663    32.1366    23.8627 0.0000e+00
 209.539427      8.405  39.258380    14.3509    7.91786      8.335    32.2159    23.9641 0.0000e+00
 209.539433      9.106  39.106135    14.0303    6.04961      9.030    32.3441    24.1295 0.0000e+00
 209.539439      9.828  38.842330    13.6211    4.29321      9.746    32.4450    24.2909 0.0000e+00
 209.539444     10.569  38.498864    13.2018    3.96587     10.481    32.4806    24.4023 0.0000e+00
 209.539450     11.320  38.151711    12.8058    4.05020     11.225    32.4922    24.4889 0.0000e+00
 209.539456     12.075  37.832052    12.4301    4.94071     11.974    32.5117    24.5764 0.0000e+00
 209.539462     12.829  37.534781    12.0509    5.33673     12.722    32.5553    24.6818 0.0000e+00
 209.539468     13.583  37.233592    11.6569    5.06944     13.469    32.6079    24.7955 0.0000e+00
 209.539473     14.343  36.912081    11.2870    5.65804     14.223    32.6191    24.8712 0.0000e+00
 209.539479     15.104  36.612527    10.9804    5.20449     14.977    32.5950    24.9070 0.0000e+00
 209.539485     15.857  36.377293    10.7287    4.80068     15.724    32.5851    24.9433 0.0000e+00
 209.539491     16.597  36.189251    10.5332    4.54107     16.458    32.5715    24.9665 0.0000e+00
 209.539497     17.328  36.034202    10.4638    4.28426     17.183    32.4779    24.9054 0.0000e+00
 209.539502     18.049  36.008656    10.4435    4.51266     17.898    32.4701    24.9028 0.0000e+00
 209.539508     18.760  36.068349    10.2340    4.54248     18.603    32.7178    25.1315 0.0000e+00
 209.539514     19.458  35.911531     9.9008    4.46242     19.295    32.8608    25.2987 0.0000e+00
 209.539520     20.141  35.582508     9.6742    4.34964     19.972    32.7313    25.2349 0.0000e+00
