data/oxygen options/OCNMS/OCNMS2/raw_data/2004/CTD_TH80_072704faed.cnv
* Sea-Bird SBE19 Data File:
* FileName = C:\WINDOWS\Desktop\put hypoxia files here\CTD files\July 26_27-04\TH\TH8_072704.hex
* Software Version 1.1.4
* Temperature SN = 2997
* Conductivity SN = 2997
* System UpLoad Time = Jul 27 2004 12:02:40
* SEACAT PROFILER V3.1c SN 2997   07/27/04  12:02:31.502
* strain gauge pressure sensor: S/N = 184829,  range = 3000 psia,  tc = 40
# nquan = 9                                 
# nvalues = 785                         
# units = specified
# name 0 = timeJ: Julian Days
# name 1 = prSM: Pressure, Strain Gauge [db]
# name 2 = c0mS/cm: Conductivity [mS/cm]
# name 3 = t090C: Temperature [ITS-90, deg C]
# name 4 = oxML/L: Oxygen, Beckman/YSI [ml/l]
# name 5 = depSM: Depth [salt water, m], lat = 47.5
# name 6 = sal00: Salinity, Practical [PSU]
# name 7 = sigma-é00: Density [sigma-theta, kg/m^3]
# name 8 = flag: flag
# span 0 = 209.427153, 209.431690       
# span 1 =     -5.198,     81.399       
# span 2 =   0.893307,  39.911793       
# span 3 =     7.1648,    14.9936       
# span 4 =   -0.06508,   29.96865       
# span 5 =     -5.155,     80.704       
# span 6 =     0.5651,    33.7933       
# span 7 =    -0.3187,    26.4465       
# span 8 = 0.0000e+00, 0.0000e+00       
# interval = seconds: 0.5
# start_time = Jul 27 2004 10:15:06 [Instrument's time stamp, header]
# bad_flag = -9.990e-29
*END*
[from data line 481]
 209.429936     11.134  37.180892    11.5061    4.93751     11.041    32.6904    24.8870 0.0000e+00
 209.429942     11.870  37.023758    11.3713    4.83046     11.771    32.6553    24.8841 0.0000e+00
 209.429948     12.609  36.949930    11.2216    4.75508     12.503    32.7151    24.9575 0.0000e+00
 209.429954     13.347  36.833441    11.0425    4.68380     13.235    32.7592    25.0237 0.0000e+00
 209.429959     14.080  36.684259    10.8780    4.63048     13.962    32.7579    25.0517 0.0000e+00
 209.429965     14.803  36.558731    10.7495    4.58895     14.679    32.7477    25.0663 0.0000e+00
 209.429971     15.514  36.447955    10.6485    4.57802     15.384    32.7274    25.0680 0.0000e+00
 209.429977     16.221  36.356039    10.5697    4.54546     16.085    32.7059    25.0649 0.0000e+00
 209.429983     16.929  36.287447    10.5187    4.50172     16.787    32.6827    25.0556 0.0000e+00
 209.429988     17.641  36.243781    10.4935    4.45740     17.493    32.6612    25.0432 0.0000e+00
 209.429994     18.359  36.224554    10.4777    4.41155     18.205    32.6558    25.0417 0.0000e+00
 209.430000     19.083  36.216446    10.4407    5.25566     18.923    32.6806    25.0673 0.0000e+00
 209.430006     19.805  36.190686    10.3606    6.11941     19.639    32.7265    25.1168 0.0000e+00
 209.430012     20.521  36.125812    10.2437    4.52169     20.349    32.7663    25.1676 0.0000e+00
 209.430017     21.230  36.032318    10.1072    5.90509     21.052    32.7950    25.2130 0.0000e+00
 209.430023     21.937  35.936357     9.9617    6.08412     21.753    32.8295    25.2642 0.0000e+00
 209.430029     22.645  35.841722     9.8182    5.12261     22.455    32.8636    25.3146 0.0000e+00
 209.430035     23.348  35.745555     9.6929    3.85690     23.152    32.8796    25.3477 0.0000e+00
 209.430041     24.042  35.661457     9.5966    2.59080     23.840    32.8813    25.3647 0.0000e+00
 209.430046     24.730  35.597250     9.5258    2.62161     24.522    32.8800    25.3752 0.0000e+00
 209.430052     25.412  35.549152     9.4674    3.35394     25.198    32.8839    25.3877 0.0000e+00
 209.430058     26.085  35.510196     9.4097    3.87870     25.866    32.8965    25.4068 0.0000e+00
 209.430064     26.743  35.472152     9.3500    3.81617     26.518    32.9119    25.4285 0.0000e+00
 209.430069     27.391  35.431933     9.2958    3.77540     27.161    32.9201    25.4435 0.0000e+00
 209.430075     28.031  35.394764     9.2476    3.73591     27.795    32.9258    25.4557 0.0000e+00
 209.430081     28.661  35.360402     9.1949    3.68930     28.420    32.9386    25.4740 0.0000e+00
 209.430087     29.282  35.321695     9.1363    3.66506     29.036    32.9524    25.4941 0.0000e+00
 209.430093     29.903  35.281401     9.0734    3.63509     29.651    32.9685    25.5166 0.0000e+00
 209.430098     30.535  35.240719     8.9990    3.58770     30.278    32.9949    25.5490 0.0000e+00
 209.430104     31.174  35.191359     8.9153    3.53506     30.911    33.0210    25.5824 0.0000e+00
 209.430110     31.811  35.135323     8.8413    3.47955     31.543    33.0311    25.6018 0.0000e+00
 209.430116     32.437  35.085896     8.7829    3.42900     32.164    33.0336    25.6128 0.0000e+00
 209.430122     33.050  35.046665     8.7265    3.38995     32.772    33.0449    25.6303 0.0000e+00
 209.430127     33.647  35.007347     8.6697    3.35330     33.363    33.0564    25.6481 0.0000e+00
 209.430133     34.222  34.965393     8.6196    3.32160     33.934    33.0590    25.6577 0.0000e+00
 209.430139     34.778  34.929316     8.5667    3.28514     34.485    33.0703    25.6747 0.0000e+00
 209.430145     35.332  34.893601     8.5035    3.26140     35.034    33.0917    25.7010 0.0000e+00
 209.430150     35.903  34.852655     8.4469    3.22153     35.600    33.1014    25.7172 0.0000e+00
 209.430156     36.497  34.819139     8.4071    3.20228     36.189    33.1032    25.7246 0.0000e+00
 209.430162     37.114  34.797677     8.3781    3.17353     36.801    33.1075    25.7323 0.0000e+00
 209.430168     37.745  34.782055     8.3559    3.15174     37.427    33.1115    25.7388 0.0000e+00
 209.430174     38.379  34.769365     8.3386    3.13920     38.055    33.1141    25.7435 0.0000e+00
 209.430179     39.010  34.758926     8.3246    3.12224     38.681    33.1160    25.7470 0.0000e+00
 209.430185     39.638  34.750819     8.3098    3.10049     39.303    33.1210    25.7532 0.0000e+00
 209.430191     40.266  34.742630     8.2906    3.07661     39.926    33.1301    25.7632 0.0000e+00
 209.430197     40.890  34.731273     8.2641    3.04482     40.545    33.1428    25.7771 0.0000e+00
 209.430203     41.511  34.715607     8.2194    3.02646     41.160    33.1681    25.8036 0.0000e+00
 209.430208     42.136  34.689305     8.1564    3.00536     41.780    33.1994    25.8375 0.0000e+00
 209.430214     42.760  34.652601     8.0965    2.99531     42.399    33.2169    25.8600 0.0000e+00
 209.430220     43.375  34.620445     8.0530    2.97600     43.008    33.2236    25.8717 0.0000e+00
 209.430226     43.984  34.598710     8.0247    2.96282     43.612    33.2270    25.8785 0.0000e+00
 209.430231     44.585  34.583619     8.0073    2.94275     44.208    33.2271    25.8812 0.0000e+00
 209.430237     45.183  34.572970     7.9950    2.94122     44.801    33.2271    25.8830 0.0000e+00
 209.430243     45.785  34.564882     7.9838    2.92592     45.398    33.2289    25.8860 0.0000e+00
 209.430249     46.392  34.558649     7.9711    2.91824     46.000    33.2340    25.8919 0.0000e+00
 209.430255     46.999  34.552113     7.9561    2.91343     46.601    33.2410    25.8996 0.0000e+00
 209.430260     47.602  34.543273     7.9400    2.91945     47.199    33.2466    25.9063 0.0000e+00
 209.430266     48.196  34.532661     7.9198    2.91798     47.788    33.2541    25.9152 0.0000e+00
 209.430272     48.781  34.520125     7.8924    2.91156     48.368    33.2665    25.9290 0.0000e+00
 209.430278     49.360  34.504633     7.8639    2.89398     48.942    33.2768    25.9412 0.0000e+00
 209.430284     49.930  34.489060     7.8425    2.87803     49.507    33.2803    25.9470 0.0000e+00
 209.430289     50.489  34.478412     7.8254    2.85371     50.061    33.2849    25.9531 0.0000e+00
 209.430295     51.039  34.471927     7.8001    2.84197     50.607    33.3019    25.9701 0.0000e+00
 209.430301     51.585  34.463187     7.7558    2.82769     51.148    33.3346    26.0021 0.0000e+00
 209.430307     52.136  34.445010     7.6975    2.82742     51.694    33.3706    26.0388 0.0000e+00
 209.430313     52.696  34.417811     7.6436    2.83558     52.250    33.3927    26.0639 0.0000e+00
 209.430318     53.262  34.390711     7.6053    2.86232     52.811    33.4000    26.0751 0.0000e+00
 209.430324     53.829  34.370157     7.5831    2.87869     53.373    33.3989    26.0774 0.0000e+00
 209.430330     54.388  34.357311     7.5723    2.89315     53.927    33.3952    26.0760 0.0000e+00
 209.430336     54.938  34.350725     7.5660    2.91058     54.472    33.3939    26.0759 0.0000e+00
 209.430341     55.483  34.346086     7.5579    2.93163     55.013    33.3964    26.0790 0.0000e+00
 209.430347     56.031  34.338316     7.5470    2.94407     55.556    33.3982    26.0820 0.0000e+00
 209.430353     56.593  34.327694     7.5354    2.97205     56.113    33.3976    26.0832 0.0000e+00
 209.430359     57.169  34.317984     7.5238    2.98435     56.684    33.3980    26.0851 0.0000e+00
 209.430365     57.753  34.310239     7.5123    2.99923     57.263    33.4004    26.0887 0.0000e+00
 209.430370     58.340  34.304770     7.5002    3.00907     57.845    33.4059    26.0947 0.0000e+00
 209.430376     58.924  34.300999     7.4845    3.01656     58.424    33.4166    26.1053 0.0000e+00
 209.430382     59.504  34.297244     7.4661    3.02525     58.999    33.4300    26.1185 0.0000e+00
 209.430388     60.082  34.292972     7.4484    3.02789     59.572    33.4422    26.1305 0.0000e+00
 209.430394     60.660  34.288077     7.4302    3.03365     60.145    33.4542    26.1425 0.0000e+00
 209.430399     61.242  34.282745     7.4087    3.03611     60.722    33.4689    26.1571 0.0000e+00
 209.430405     61.825  34.278260     7.3828    3.03514     61.300    33.4887    26.1764 0.0000e+00
 209.430411     62.404  34.275353     7.3564    3.04094     61.874    33.5108    26.1975 0.0000e+00
 209.430417     62.972  34.274057     7.3357    3.02146     62.437    33.5292    26.2148 0.0000e+00
 209.430422     63.524  34.275991     7.3224    3.01598     62.984    33.5439    26.2282 0.0000e+00
 209.430428     64.055  34.281474     7.3146    2.99166     63.511    33.5572    26.2398 0.0000e+00
 209.430434     64.570  34.287152     7.3100    2.96991     64.021    33.5676    26.2486 0.0000e+00
 209.430440     65.075  34.291613     7.3072    2.95090     64.522    33.5749    26.2548 0.0000e+00
 209.430446     65.572  34.295745     7.3055    2.92734     65.014    33.5808    26.2596 0.0000e+00
 209.430451     66.064  34.298881     7.3035    2.90537     65.502    33.5859    26.2640 0.0000e+00
 209.430457     66.559  34.300705     7.2995    2.88700     65.993    33.5916    26.2689 0.0000e+00
 209.430463     67.073  34.302518     7.2932    2.87321     66.502    33.5994    26.2760 0.0000e+00
 209.430469     67.612  34.305606     7.2859    2.86148     67.037    33.6096    26.2850 0.0000e+00
 209.430475     68.171  34.309590     7.2779    2.84305     67.591    33.6214    26.2955 0.0000e+00
 209.430480     68.749  34.313603     7.2672    2.82723     68.164    33.6359    26.3084 0.0000e+00
 209.430486     69.342  34.318496     7.2532    2.79680     68.752    33.6546    26.3250 0.0000e+00
 209.430492     69.943  34.325175     7.2368    2.77181     69.348    33.6776    26.3454 0.0000e+00
 209.430498     70.540  34.333563     7.2183    2.72516     69.939    33.7045    26.3691 0.0000e+00
 209.430503     71.131  34.344177     7.2001    2.69802     70.525    33.7335    26.3945 0.0000e+00
 209.430509     71.709  34.355458     7.1864    2.65740     71.098    33.7589    26.4164 0.0000e+00
 209.430515     72.269  34.363372     7.1778    2.62927     71.653    33.7757    26.4308 0.0000e+00
 209.430521     72.807  34.366683     7.1723    2.61247     72.187    33.7844    26.4385 0.0000e+00
 209.430527     73.332  34.367551     7.1688    2.59732     72.707    33.7886    26.4422 0.0000e+00
 209.430532     73.861  34.368240     7.1668    2.58340     73.231    33.7910    26.4444 0.0000e+00
 209.430538     74.404  34.369098     7.1658    2.56883     73.770    33.7927    26.4459 0.0000e+00
 209.430544     74.960  34.369578     7.1654    2.55382     74.321    33.7933    26.4464 0.0000e+00
 209.430550     75.510  34.369744     7.1653    2.54551     74.866    33.7933    26.4465 0.0000e+00
 209.430556     76.048  34.369805     7.1652    2.54113     75.399    33.7932    26.4464 0.0000e+00
 209.430561     76.578  34.369832     7.1650    2.64269     75.925    33.7932    26.4464 0.0000e+00
 209.430567     77.103  34.369846     7.1649    2.64211     76.445    33.7930    26.4463 0.0000e+00
 209.430573     77.618  34.369854     7.1649    2.63288     76.956    33.7928    26.4462 0.0000e+00
 209.430579     78.113  34.369855     7.1651    2.59500     77.446    33.7924    26.4458 0.0000e+00
 209.430584     78.577  34.369838     7.1656    2.55927     77.906    33.7916    26.4451 0.0000e+00
 209.430590     79.009  34.369769     7.1656    2.54843     78.335    33.7914    26.4449 0.0000e+00
 209.430596     79.420  34.369543     7.1651    2.55500     78.742    33.7914    26.4450 0.0000e+00
 209.430602     79.805  34.369409     7.1648    2.55868     79.124    33.7914    26.4450 0.0000e+00
 209.430608     80.151  34.369738     7.1651    2.55542     79.467    33.7913    26.4449 0.0000e+00
 209.430613     80.453  34.370396     7.1656    2.54343     79.766    33.7913    26.4449 0.0000e+00
 209.430619     80.710  34.370567     7.1661    2.53951     80.021    33.7909    26.4445 0.0000e+00
 209.430625     80.917  34.369345     7.1669    2.52934     80.226    33.7887    26.4427 0.0000e+00
 209.430631     81.078  34.366214     7.1681    2.53538     80.386    33.7840    26.4388 -9.990e-29
 209.430637     81.199  34.362032     7.1692    2.53930     80.505    33.7783    26.4342 -9.990e-29
 209.430642     81.284  34.356820     7.1702    2.55031     80.590    33.7716    26.4288 -9.990e-29
 209.430648     81.342  34.349786     7.1710    2.52533     80.647    33.7631    26.4220 -9.990e-29
 209.430654     81.381  34.343876     7.1712    2.51098     80.686    33.7564    26.4167 -9.990e-29
 209.430660     81.399  34.341297     7.1709    2.48541     80.704    33.7539    26.4148 -9.990e-29
 209.430666     81.389  34.343097     7.1705    2.48350     80.694    33.7563    26.4167 -9.990e-29
 209.430671     81.351  34.348317     7.1704    2.49297     80.656    33.7621    26.4213 -9.990e-29
 209.430677     81.294  34.351029     7.1707    2.49186     80.600    33.7648    26.4233 -9.990e-29
 209.430683     81.224  34.349254     7.1714    2.49308     80.530    33.7622    26.4212 -9.990e-29
 209.430689     81.132  34.346235     7.1720    2.49359     80.439    33.7584    26.4181 -9.990e-29
 209.430694     81.008  34.345242     7.1722    2.48148     80.316    33.7571    26.4171 -9.990e-29
 209.430700     80.844  34.347199     7.1719    2.50142     80.154    33.7597    26.4191 0.0000e+00
 209.430706     80.629  34.350800     7.1711    2.49178     79.940    33.7645    26.4230 0.0000e+00
 209.430712     80.359  34.356368     7.1698    2.50014     79.673    33.7720    26.4291 0.0000e+00
 209.430718     80.045  34.362367     7.1682    2.49738     79.362    33.7802    26.4358 0.0000e+00
 209.430723     79.708  34.365032     7.1669    2.48107     79.027    33.7846    26.4394 0.0000e+00
 209.430729     79.355  34.365122     7.1666    2.48595     78.678    33.7851    26.4399 0.0000e+00
 209.430735     78.990  34.365009     7.1669    2.47467     78.316    33.7849    26.4397 0.0000e+00
 209.430741     78.615  34.365110     7.1671    2.47903     77.944    33.7850    26.4397 0.0000e+00
 209.430747     78.232  34.365009     7.1669    2.47386     77.564    33.7853    26.4399 0.0000e+00
 209.430752     77.838  34.364579     7.1667    2.47436     77.174    33.7852    26.4399 0.0000e+00
 209.430758     77.425  34.364378     7.1667    2.47775     76.764    33.7852    26.4399 0.0000e+00
 209.430764     76.988  34.364145     7.1667    2.47099     76.331    33.7851    26.4398 0.0000e+00
 209.430770     76.526  34.363577     7.1666    2.47301     75.873    33.7848    26.4396 0.0000e+00
 209.430775     76.039  34.363048     7.1665    2.47304     75.390    33.7846    26.4394 0.0000e+00
 209.430781     75.534  34.362423     7.1664    2.46507     74.890    33.7842    26.4392 0.0000e+00
 209.430787     75.022  34.361437     7.1666    2.46726     74.382    33.7832    26.4383 0.0000e+00
 209.430793     74.514  34.360466     7.1670    2.46610     73.879    33.7820    26.4373 0.0000e+00
 209.430799     74.016  34.359909     7.1673    2.46783     73.385    33.7813    26.4368 0.0000e+00
 209.430804     73.526  34.359592     7.1677    2.47127     72.899    33.7808    26.4363 0.0000e+00
 209.430810     73.034  34.359102     7.1691    2.47930     72.412    33.7792    26.4348 0.0000e+00
 209.430816     72.526  34.357794     7.1729    2.48118     71.908    33.7743    26.4304 0.0000e+00
 209.430822     71.997  34.354494     7.1806    2.50724     71.384    33.7634    26.4208 0.0000e+00
 209.430828     71.454  34.348172     7.1933    2.51164     70.845    33.7444    26.4040 0.0000e+00
 209.430833     70.915  34.338258     7.2093    2.54212     70.311    33.7182    26.3812 0.0000e+00
 209.430839     70.392  34.326680     7.2234    2.56206     69.793    33.6920    26.3586 0.0000e+00
 209.430845     69.887  34.318194     7.2336    2.58899     69.292    33.6731    26.3423 0.0000e+00
 209.430851     69.394  34.314390     7.2426    2.61539     68.803    33.6604    26.3311 0.0000e+00
