data/oxygen options/OCNMS/OCNMS2/raw_data/2004/CTD_CE50_100404faed.cnv
* Sea-Bird SBE19 Data File:
* FileName = C:\WINDOWS\Desktop\put hypoxia files here\CTD data\October 04_05-04\raw\CE50_100404.hex
* Software Version 1.1.4
* Temperature SN = 2997
* Conductivity SN = 2997
* System UpLoad Time = Oct 04 2004 15:22:25
* SEACAT PROFILER V3.1c SN 2997   10/04/04  15:26:21.914
* strain gauge pressure sensor: S/N = 184829,  range = 3000 psia,  tc = 40
# nquan = 9                                 
# nvalues = 619                         
# units = specified
# name 0 = timeJ: Julian Days
# name 1 = prSM: Pressure, Strain Gauge [db]
# name 2 = c0mS/cm: Conductivity [mS/cm]
# name 3 = t090C: Temperature [ITS-90, deg C]
# name 4 = oxML/L: Oxygen, Beckman/YSI [ml/l]
# name 5 = depSM: Depth [salt water, m], lat = 47.5
# name 6 = sal00: Salinity, Practical [PSU]
# name 7 = sigma-é00: Density [sigma-theta, kg/m^3]
# name 8 = flag: flag
# span 0 = 278.575000, 278.578576       
# span 1 =     -4.896,     48.283       
# span 2 =   0.550220,  39.204681       
# span 3 =     7.7380,    15.7289       
# span 4 =   -0.05388,   28.56732       
# span 5 =     -4.855,     47.874       
# span 6 =     0.3381,    33.5865       
# span 7 =    -0.5598,    26.2020       
# span 8 = 0.0000e+00, 0.0000e+00       
# interval = seconds: 0.5
# start_time = Oct 04 2004 13:48:00 [Instrument's time stamp, header]
# bad_flag = -9.990e-29
*END*
[from data line 481]
 278.577784     37.131  34.600006     7.8387    3.05792     36.818    33.4089    26.0484 0.0000e+00
 278.577789     37.646  34.601830     7.8298    3.04747     37.328    33.4192    26.0577 0.0000e+00
 278.577795     38.158  34.603959     7.8156    3.08018     37.836    33.4348    26.0721 0.0000e+00
 278.577801     38.665  34.603036     7.7982    3.16072     38.339    33.4503    26.0868 0.0000e+00
 278.577807     39.161  34.596867     7.7816    3.25311     38.830    33.4593    26.0963 0.0000e+00
 278.577812     39.639  34.587867     7.7692    3.34959     39.304    33.4613    26.0997 0.0000e+00
 278.577818     40.104  34.580493     7.7623    3.41531     39.765    33.4598    26.0995 0.0000e+00
 278.577824     40.563  34.576719     7.7582    3.46763     40.221    33.4595    26.0998 0.0000e+00
 278.577830     41.020  34.575105     7.7548    3.49489     40.674    33.4608    26.1013 0.0000e+00
 278.577836     41.478  34.575225     7.7529    3.49334     41.128    33.4625    26.1030 0.0000e+00
 278.577841     41.942  34.581205     7.7524    3.47501     41.588    33.4692    26.1083 0.0000e+00
 278.577847     42.414  34.593777     7.7497    3.45962     42.056    33.4851    26.1212 0.0000e+00
 278.577853     42.894  34.603963     7.7442    3.44902     42.532    33.5011    26.1346 0.0000e+00
 278.577859     43.380  34.608010     7.7396    3.41440     43.013    33.5097    26.1419 0.0000e+00
 278.577865     43.866  34.614161     7.7380    3.35094     43.495    33.5176    26.1484 0.0000e+00
 278.577870     44.351  34.627293     7.7381    3.27096     43.976    33.5314    26.1592 0.0000e+00
 278.577876     44.827  34.643099     7.7386    3.17449     44.448    33.5477    26.1720 0.0000e+00
 278.577882     45.288  34.656352     7.7392    3.09422     44.905    33.5612    26.1825 0.0000e+00
 278.577888     45.740  34.665709     7.7398    3.01003     45.353    33.5704    26.1897 0.0000e+00
 278.577894     46.180  34.672481     7.7402    2.93148     45.789    33.5771    26.1949 0.0000e+00
 278.577899     46.603  34.677893     7.7405    2.87238     46.209    33.5824    26.1990 0.0000e+00
 278.577905     46.996  34.681356     7.7409    2.83572     46.598    33.5856    26.2015 0.0000e+00
 278.577911     47.347  34.683046     7.7417    2.79430     46.946    33.5865    26.2020 0.0000e+00
 278.577917     47.643  34.684140     7.7438    2.76387     47.240    33.5855    26.2010 0.0000e+00
 278.577922     47.877  34.685018     7.7477    2.75569     47.472    33.5826    26.1981 0.0000e+00
 278.577928     48.052  34.685211     7.7516    2.76606     47.645    33.5789    26.1947 -9.990e-29
 278.577934     48.173  34.683340     7.7541    2.79349     47.765    33.5745    26.1908 -9.990e-29
 278.577940     48.250  34.678639     7.7560    2.79986     47.842    33.5675    26.1851 -9.990e-29
 278.577946     48.283  34.673293     7.7575    2.80661     47.874    33.5603    26.1792 -9.990e-29
 278.577951     48.268  34.670870     7.7579    2.81479     47.860    33.5573    26.1768 -9.990e-29
 278.577957     48.206  34.671547     7.7575    2.81585     47.798    33.5585    26.1778 -9.990e-29
 278.577963     48.097  34.673469     7.7566    2.81430     47.690    33.5615    26.1802 -9.990e-29
 278.577969     47.937  34.676443     7.7546    2.78714     47.531    33.5667    26.1846 0.0000e+00
 278.577975     47.722  34.679437     7.7516    2.77059     47.318    33.5729    26.1899 0.0000e+00
 278.577980     47.459  34.679202     7.7487    2.77048     47.057    33.5755    26.1924 0.0000e+00
 278.577986     47.165  34.674912     7.7471    2.79271     46.766    33.5726    26.1904 0.0000e+00
 278.577992     46.848  34.668179     7.7470    2.82316     46.452    33.5656    26.1849 0.0000e+00
 278.577998     46.504  34.660162     7.7476    2.84338     46.111    33.5566    26.1777 0.0000e+00
 278.578003     46.133  34.653671     7.7476    2.84737     45.743    33.5498    26.1723 0.0000e+00
 278.578009     45.738  34.652427     7.7468    2.86008     45.351    33.5494    26.1721 0.0000e+00
 278.578015     45.318  34.655941     7.7457    2.87639     44.935    33.5544    26.1763 0.0000e+00
 278.578021     44.877  34.658297     7.7447    2.91164     44.498    33.5581    26.1793 0.0000e+00
 278.578027     44.425  34.652593     7.7440    2.96847     44.049    33.5529    26.1753 0.0000e+00
 278.578032     43.973  34.637999     7.7430    3.05481     43.601    33.5384    26.1640 0.0000e+00
 278.578038     43.522  34.620886     7.7417    3.13763     43.154    33.5214    26.1509 0.0000e+00
 278.578044     43.068  34.607071     7.7419    3.19619     42.704    33.5066    26.1392 0.0000e+00
 278.578050     42.614  34.598360     7.7451    3.23707     42.254    33.4944    26.1291 0.0000e+00
 278.578056     42.159  34.593832     7.7498    3.27309     41.803    33.4852    26.1212 0.0000e+00
 278.578061     41.700  34.589179     7.7528    3.31740     41.348    33.4775    26.1148 0.0000e+00
 278.578067     41.240  34.579929     7.7533    3.37540     40.892    33.4673    26.1067 0.0000e+00
 278.578073     40.777  34.567808     7.7532    3.43244     40.433    33.4546    26.0967 0.0000e+00
 278.578079     40.310  34.558562     7.7548    3.46055     39.970    33.4434    26.0876 0.0000e+00
 278.578084     39.836  34.553923     7.7588    3.47144     39.500    33.4348    26.0803 0.0000e+00
 278.578090     39.362  34.551676     7.7669    3.44183     39.030    33.4248    26.0713 0.0000e+00
 278.578096     38.887  34.551674     7.7813    3.36752     38.559    33.4112    26.0585 0.0000e+00
 278.578102     38.407  34.556204     7.7999    3.26997     38.083    33.3985    26.0458 0.0000e+00
 278.578108     37.920  34.562948     7.8167    3.17887     37.600    33.3899    26.0366 0.0000e+00
 278.578113     37.430  34.565814     7.8284    3.11257     37.114    33.3820    26.0287 0.0000e+00
 278.578119     36.940  34.564191     7.8360    3.06183     36.628    33.3732    26.0207 0.0000e+00
 278.578125     36.450  34.561569     7.8414    3.03923     36.143    33.3654    26.0138 0.0000e+00
 278.578131     35.958  34.559546     7.8468    3.02239     35.655    33.3583    26.0075 0.0000e+00
 278.578137     35.470  34.558278     7.8533    3.03006     35.171    33.3510    26.0008 0.0000e+00
 278.578142     34.992  34.557243     7.8612    3.04459     34.697    33.3426    25.9930 0.0000e+00
 278.578148     34.517  34.555670     7.8701    3.06797     34.226    33.3326    25.9839 0.0000e+00
 278.578154     34.046  34.553752     7.8794    3.10195     33.759    33.3219    25.9741 0.0000e+00
 278.578160     33.578  34.551782     7.8893    3.14405     33.295    33.3106    25.9638 0.0000e+00
 278.578166     33.110  34.549984     7.9010    3.19111     32.831    33.2977    25.9519 0.0000e+00
 278.578171     32.638  34.549374     7.9127    3.24699     32.363    33.2861    25.9411 0.0000e+00
 278.578177     32.157  34.549746     7.9191    3.27808     31.886    33.2806    25.9359 0.0000e+00
 278.578183     31.667  34.548844     7.9211    3.32005     31.400    33.2780    25.9335 0.0000e+00
 278.578189     31.171  34.546634     7.9272    3.37223     30.909    33.2701    25.9264 0.0000e+00
 278.578194     30.671  34.546945     7.9427    3.40562     30.413    33.2559    25.9130 0.0000e+00
 278.578200     30.170  34.553039     7.9720    3.42393     29.916    33.2348    25.8922 0.0000e+00
 278.578206     29.667  34.567485     8.0214    3.41141     29.417    33.2035    25.8604 0.0000e+00
 278.578212     29.158  34.592782     8.0788    3.41144     28.913    33.1763    25.8306 0.0000e+00
 278.578218     28.651  34.620112     8.1165    3.41077     28.410    33.1699    25.8201 0.0000e+00
 278.578223     28.152  34.633288     8.1295    3.41775     27.915    33.1719    25.8197 0.0000e+00
 278.578229     27.663  34.633684     8.1380    3.43971     27.430    33.1645    25.8126 0.0000e+00
 278.578235     27.184  34.635895     8.1559    3.43608     26.955    33.1501    25.7987 0.0000e+00
 278.578241     26.704  34.644598     8.1826    3.43274     26.479    33.1344    25.7824 0.0000e+00
 278.578247     26.216  34.656308     8.2208    3.44383     25.996    33.1110    25.7584 0.0000e+00
 278.578252     25.717  34.675480     8.2874    3.46116     25.501    33.0688    25.7154 0.0000e+00
 278.578258     25.216  34.717078     8.3811    3.50912     25.004    33.0250    25.6670 0.0000e+00
 278.578264     24.718  34.776086     8.4667    3.56999     24.510    33.0072    25.6402 0.0000e+00
 278.578270     24.222  34.822505     8.5334    3.62754     24.018    32.9940    25.6197 0.0000e+00
 278.578275     23.722  34.855519     8.6124    3.67795     23.523    32.9551    25.5773 0.0000e+00
 278.578281     23.213  34.904635     8.7403    3.68550     23.018    32.8878    25.5050 0.0000e+00
 278.578287     22.695  34.995599     8.9449    3.69442     22.504    32.7935    25.3996 0.0000e+00
 278.578293     22.175  35.151104     9.2147    3.76887     21.989    32.7068    25.2895 0.0000e+00
 278.578299     21.653  35.351543     9.4822    3.88071     21.471    32.6690    25.2173 0.0000e+00
 278.578304     21.136  35.529049     9.6952    4.02967     20.959    32.6572    25.1736 0.0000e+00
 278.578310     20.625  35.656373     9.8776    4.20547     20.452    32.6218    25.1160 0.0000e+00
 278.578316     20.113  35.767718    10.0918    4.34830     19.944    32.5417    25.0180 0.0000e+00
 278.578322     19.596  35.916324    10.3763    4.51008     19.432    32.4368    24.8883 0.0000e+00
 278.578328     19.078  36.125495    10.7407    4.69036     18.918    32.3224    24.7367 0.0000e+00
 278.578333     18.558  36.387730    11.1810    4.93403     18.402    32.1949    24.5603 0.0000e+00
 278.578339     18.039  36.708534    11.6440    5.21914     17.888    32.1061    24.4082 0.0000e+00
 278.578345     17.522  37.036938    12.0595    5.51820     17.375    32.0659    24.3006 0.0000e+00
 278.578351     17.007  37.299017    12.4111    5.78099     16.864    32.0166    24.1963 0.0000e+00
 278.578356     16.497  37.504541    12.7144    5.94003     16.359    31.9545    24.0904 0.0000e+00
 278.578362     15.988  37.692144    12.9954    6.01747     15.854    31.8947    23.9896 0.0000e+00
 278.578368     15.476  37.885515    13.2646    6.00872     15.346    31.8504    23.9026 0.0000e+00
 278.578374     14.960  38.082370    13.5066    5.96011     14.835    31.8322    23.8404 0.0000e+00
 278.578380     14.452  38.268797    13.7136    5.91105     14.331    31.8331    23.7996 0.0000e+00
 278.578385     13.957  38.440526    13.8914    5.86889     13.840    31.8445    23.7723 0.0000e+00
 278.578391     13.474  38.590503    14.0467    5.83322     13.361    31.8542    23.7481 0.0000e+00
 278.578397     12.993  38.717993    14.1854    5.81587     12.884    31.8567    23.7215 0.0000e+00
 278.578403     12.507  38.829846    14.3127    5.80742     12.402    31.8543    23.6933 0.0000e+00
 278.578409     12.013  38.927198    14.4262    5.82721     11.912    31.8499    23.6663 0.0000e+00
 278.578414     11.514  39.000824    14.5264    5.84875     11.418    31.8348    23.6337 0.0000e+00
 278.578420     11.009  39.045759    14.6257    5.87681     10.917    31.7944    23.5817 0.0000e+00
 278.578426     10.496  39.061970    14.7326    5.92081     10.408    31.7220    23.5033 0.0000e+00
 278.578432      9.981  39.031877    14.8402    5.97883      9.897    31.6076    23.3924 0.0000e+00
 278.578438      9.469  38.907573    14.9344    6.05557      9.390    31.4197    23.2277 0.0000e+00
 278.578443      8.962  38.684935    15.0131    6.17403      8.887    31.1570    23.0087 0.0000e+00
 278.578449      8.459  38.457005    15.0909    6.31902      8.388    30.8914    22.7877 0.0000e+00
 278.578455      7.951  38.291246    15.1760    6.45952      7.884    30.6768    22.6044 0.0000e+00
 278.578461      7.439  38.173102    15.2590    6.60953      7.377    30.5071    22.4561 0.0000e+00
 278.578466      6.926  38.080833    15.3266    6.75202      6.868    30.3729    22.3385 0.0000e+00
 278.578472      6.425  38.008695    15.3733    6.86142      6.371    30.2731    22.2517 0.0000e+00
 278.578478      5.940  37.954225    15.4011    6.94621      5.890    30.2037    22.1924 0.0000e+00
 278.578484      5.472  37.909354    15.4173    6.97749      5.426    30.1518    22.1490 0.0000e+00
 278.578490      5.012  37.867592    15.4297    6.99933      4.970    30.1055    22.1107 0.0000e+00
 278.578495      4.553  37.837800    15.4430    6.84817      4.515    30.0692    22.0799 0.0000e+00
 278.578501      4.095  37.828718    15.4606    6.74727      4.061    30.0479    22.0598 0.0000e+00
 278.578507      3.642  37.833872    15.4843    6.64356      3.612    30.0345    22.0444 0.0000e+00
 278.578513      3.202  37.845203    15.5120    6.56855      3.175    30.0236    22.0300 0.0000e+00
 278.578519      2.780  37.861011    15.5449    6.48522      2.757    30.0126    22.0145 0.0000e+00
 278.578524      2.383  37.881260    15.5904 -9.990e-29      2.363    29.9960    21.9918 0.0000e+00
 278.578530      2.021  37.904917    15.6419 -9.990e-29      2.004    29.9778    21.9667 0.0000e+00
 278.578536      1.705  37.915304    15.6467 -9.990e-29      1.691    29.9834    21.9700 0.0000e+00
 278.578542      1.444  37.889270    15.5731 -9.990e-29      1.432    30.0165    22.0113 0.0000e+00
 278.578547      1.240  37.835861    15.4706 -9.990e-29      1.230    30.0476    22.0573 0.0000e+00
 278.578553      1.087  37.782568    15.3794 -9.990e-29      1.078    30.0702    22.0942 -9.990e-29
 278.578559      0.981  37.735145    15.2994 -9.990e-29      0.973    30.0894    22.1261 -9.990e-29
 278.578565      0.911  37.689780    15.2374 -9.990e-29      0.903    30.0967    22.1450 -9.990e-29
 278.578571      0.867  37.652143    15.2128 -9.990e-29      0.860    30.0821    22.1390 -9.990e-29
 278.578576      0.851  37.626433 -9.990e-29 -9.990e-29      0.844 -9.990e-29 -9.990e-29 -9.990e-29
