data/oxygen options/OCNMS/OCNMS2/raw_data/2004/CTD_TH80_082404faed.cnv
* Sea-Bird SBE19 Data File:
* FileName = C:\WINDOWS\Desktop\put hypoxia files here\CTD data\August 24_25-04\TH\TH80_082404.hex
* Software Version 1.1.4
* Temperature SN = 2997
* Conductivity SN = 2997
* System UpLoad Time = Aug 24 2004 16:08:38
* SEACAT PROFILER V3.1c SN 2997   08/24/04  16:10:15.069
* strain gauge pressure sensor: S/N = 184829,  range = 3000 psia,  tc = 40
# nquan = 9                                 
# nvalues = 802                         
# units = specified
# name 0 = timeJ: Julian Days
# name 1 = prSM: Pressure, Strain Gauge [db]
# name 2 = c0mS/cm: Conductivity [mS/cm]
# name 3 = t090C: Temperature [ITS-90, deg C]
# name 4 = oxML/L: Oxygen, Beckman/YSI [ml/l]
# name 5 = depSM: Depth [salt water, m], lat = 47.5
# name 6 = sal00: Salinity, Practical [PSU]
# name 7 = sigma-é00: Density [sigma-theta, kg/m^3]
# name 8 = flag: flag
# span 0 = 237.585174, 237.589809       
# span 1 =     -5.130,     80.766       
# span 2 =   1.224727,  39.528377       
# span 3 =     7.3964,    15.0976       
# span 4 =   -0.04406,   30.15473       
# span 5 =     -5.087,     80.076       
# span 6 =     0.7646,    33.6002       
# span 7 =    -0.3220,    26.2615       
# span 8 = 0.0000e+00, 0.0000e+00       
# interval = seconds: 0.5
# start_time = Aug 24 2004 14:02:39 [Instrument's time stamp, header]
# bad_flag = -9.990e-29
*END*
[from data line 321]
 237.587031      0.530  39.512471    14.7466    7.85165      0.526    32.1221    23.8083 -9.990e-29
 237.587037      0.522  39.512346    14.7463    7.85900      0.518    32.1222    23.8085 -9.990e-29
 237.587043      0.517  39.511916    14.7463    7.87044      0.513    32.1219    23.8082 -9.990e-29
 237.587049      0.513  39.511741    14.7468    7.88089      0.509    32.1213    23.8076 -9.990e-29
 237.587054      0.511  39.512159    14.7473    7.87603      0.507    32.1213    23.8075 -9.990e-29
 237.587060      0.510  39.512617    14.7474    7.86623      0.506    32.1216    23.8077 -9.990e-29
 237.587066      0.511  39.512616    14.7473    7.86280      0.507    32.1217    23.8078 -9.990e-29
 237.587072      0.512  39.512728    14.7473    7.86487      0.508    32.1218    23.8079 -9.990e-29
 237.587078      0.515  39.513115    14.7475    7.87603      0.511    32.1220    23.8080 -9.990e-29
 237.587083      0.519  39.513180    14.7477    7.87338      0.515    32.1218    23.8079 -9.990e-29
 237.587089      0.526  39.513024    14.7474    7.85853      0.522    32.1220    23.8080 -9.990e-29
 237.587095      0.534  39.513010    14.7464    7.85128      0.530    32.1228    23.8089 -9.990e-29
 237.587101      0.545  39.512572    14.7440    7.84981      0.540    32.1243    23.8106 -9.990e-29
 237.587106      0.559  39.511138    14.7401    7.86127      0.554    32.1263    23.8129 -9.990e-29
 237.587112      0.578  39.507929    14.7362    7.86871      0.573    32.1266    23.8140 -9.990e-29
 237.587118      0.602  39.503727    14.7347    7.86294      0.597    32.1240    23.8123 -9.990e-29
 237.587124      0.629  39.501915    14.7358    7.86618      0.624    32.1214    23.8101 -9.990e-29
 237.587130      0.652  39.503456    14.7378    7.86595      0.647    32.1212    23.8095 -9.990e-29
 237.587135      0.669  39.505926    14.7398    7.86765      0.663    32.1217    23.8095 -9.990e-29
 237.587141      0.679  39.507582    14.7416    7.86909      0.673    32.1218    23.8091 -9.990e-29
 237.587147      0.684  39.508961    14.7433    7.86080      0.678    32.1216    23.8086 -9.990e-29
 237.587153      0.685  39.510231    14.7440    7.85845      0.679    32.1222    23.8089 -9.990e-29
 237.587159      0.681  39.510292    14.7432    7.87081      0.675    32.1229    23.8096 -9.990e-29
 237.587164      0.676  39.509239    14.7416    7.87020      0.670    32.1233    23.8103 -9.990e-29
 237.587170      0.674  39.507922    14.7405    7.87720      0.668    32.1230    23.8103 -9.990e-29
 237.587176      0.675  39.506841    14.7407    7.86190      0.669    32.1218    23.8094 -9.990e-29
 237.587182      0.680  39.506809    14.7414    7.84990      0.674    32.1212    23.8087 -9.990e-29
 237.587188      0.684  39.507797    14.7411    7.84439      0.678    32.1224    23.8097 -9.990e-29
 237.587193      0.683  39.508329    14.7399    7.84886      0.677    32.1238    23.8111 -9.990e-29
 237.587199      0.681  39.507443    14.7381    7.86269      0.675    32.1245    23.8120 -9.990e-29
 237.587205      0.682  39.505653    14.7361    7.86811      0.676    32.1245    23.8124 -9.990e-29
 237.587211      0.688  39.503949    14.7351    7.85931      0.682    32.1238    23.8121 -9.990e-29
 237.587216      0.697  39.502875    14.7355    7.85364      0.691    32.1225    23.8110 -9.990e-29
 237.587222      0.706  39.502693    14.7360    7.85083      0.700    32.1219    23.8104 -9.990e-29
 237.587228      0.712  39.503174    14.7356    7.85940      0.706    32.1227    23.8111 -9.990e-29
 237.587234      0.719  39.503287    14.7346    7.87165      0.713    32.1236    23.8120 -9.990e-29
 237.587240      0.737  39.502635    14.7341    7.87858      0.731    32.1234    23.8120 -9.990e-29
 237.587245      0.761  39.502043    14.7343    7.86314      0.755    32.1227    23.8114 -9.990e-29
 237.587251      0.777  39.501855    14.7337    7.85223      0.771    32.1230    23.8118 -9.990e-29
 237.587257      0.777  39.501269    14.7310    7.84050      0.771    32.1247    23.8137 -9.990e-29
 237.587263      0.770  39.498953    14.7263    7.84686      0.764    32.1265    23.8160 -9.990e-29
 237.587269      0.767  39.494638    14.7221    7.85929      0.761    32.1261    23.8166 -9.990e-29
 237.587274      0.774  39.490997    14.7209    7.87051      0.768    32.1238    23.8151 -9.990e-29
 237.587280      0.790  39.490482    14.7221    7.88142      0.783    32.1223    23.8137 -9.990e-29
 237.587286      0.807  39.491854    14.7242    7.87706      0.800    32.1218    23.8128 -9.990e-29
 237.587292      0.815  39.493576    14.7268    7.86810      0.808    32.1212    23.8118 -9.990e-29
 237.587297      0.809  39.495682    14.7297    7.85637      0.802    32.1207    23.8109 -9.990e-29
 237.587303      0.798  39.498148    14.7322    7.85136      0.791    32.1209    23.8105 -9.990e-29
 237.587309      0.793  39.500305    14.7338    7.85850      0.786    32.1216    23.8106 -9.990e-29
 237.587315      0.795  39.501636    14.7346    7.86980      0.788    32.1221    23.8109 -9.990e-29
 237.587321      0.799  39.502205    14.7349    7.87807      0.792    32.1224    23.8110 -9.990e-29
 237.587326      0.805  39.502180    14.7349    7.86798      0.798    32.1223    23.8110 -9.990e-29
 237.587332      0.814  39.502061    14.7348    7.86340      0.807    32.1223    23.8110 -9.990e-29
 237.587338      0.823  39.502222    14.7350    7.86391      0.816    32.1223    23.8109 -9.990e-29
 237.587344      0.822  39.502845    14.7360    7.86346      0.815    32.1220    23.8105 -9.990e-29
 237.587350      0.813  39.504171    14.7381    7.86391      0.806    32.1215    23.8097 -9.990e-29
 237.587355      0.802  39.506259    14.7407    7.85963      0.795    32.1212    23.8089 -9.990e-29
 237.587361      0.795  39.508496    14.7425    7.83772      0.788    32.1218    23.8089 -9.990e-29
 237.587367      0.789  39.509911    14.7427    7.83718      0.782    32.1229    23.8098 -9.990e-29
 237.587373      0.785  39.510119    14.7408    7.85128      0.778    32.1247    23.8115 -9.990e-29
 237.587378      0.783  39.508806    14.7361    7.86223      0.776    32.1274    23.8146 -9.990e-29
 237.587384      0.783  39.504754    14.7318    7.86862      0.776    32.1272    23.8154 -9.990e-29
 237.587390      0.783  39.500386    14.7326    7.85445      0.776    32.1226    23.8117 -9.990e-29
 237.587396      0.786  39.501065    14.7370    7.83753      0.779    32.1196    23.8084 -9.990e-29
 237.587402      0.790  39.505425    14.7405    7.84653      0.783    32.1207    23.8085 -9.990e-29
 237.587407      0.796  39.508591    14.7415    7.86520      0.789    32.1227    23.8099 -9.990e-29
 237.587413      0.804  39.509147    14.7408    7.87434      0.797    32.1238    23.8108 -9.990e-29
 237.587419      0.815  39.508366    14.7401    7.86786      0.808    32.1236    23.8109 -9.990e-29
 237.587425      0.826  39.507983    14.7397    7.85241      0.819    32.1236    23.8110 -9.990e-29
 237.587431      0.832  39.508020    14.7382    7.84672      0.825    32.1249    23.8123 -9.990e-29
 237.587436      0.838  39.507372    14.7346    7.85451      0.831    32.1273    23.8149 -9.990e-29
 237.587442      0.849  39.504588    14.7302    7.86006      0.842    32.1284    23.8166 -9.990e-29
 237.587448      0.861  39.500414    14.7279    7.86191      0.854    32.1265    23.8157 -9.990e-29
 237.587454      0.867  39.498230    14.7285    7.85413      0.860    32.1240    23.8136 -9.990e-29
 237.587459      0.863  39.499020    14.7308    7.84360      0.856    32.1228    23.8122 -9.990e-29
 237.587465      0.852  39.501003    14.7329    7.84248      0.845    32.1229    23.8118 -9.990e-29
 237.587471      0.843  39.502306    14.7340    7.84829      0.836    32.1232    23.8118 -9.990e-29
 237.587477      0.844  39.502397    14.7341    7.85503      0.837    32.1232    23.8118 -9.990e-29
 237.587483      0.862  39.501929    14.7333    7.86379      0.855    32.1234    23.8121 -9.990e-29
 237.587488      0.896  39.501370    14.7322    7.86407      0.889    32.1238    23.8127 -9.990e-29
 237.587494      0.929  39.500507    14.7318    7.85535      0.921    32.1233    23.8124 -9.990e-29
 237.587500      0.956  39.499843    14.7326    7.84960      0.948    32.1221    23.8113 -9.990e-29
 237.587506      0.983  39.500706    14.7342    7.85042      0.975    32.1215    23.8105 -9.990e-29
 237.587512      1.019  39.502537    14.7356    7.84858      1.010    32.1220    23.8106 -9.990e-29
 237.587517      1.072  39.503820    14.7360    7.85538      1.063    32.1228    23.8111 -9.990e-29
 237.587523      1.145  39.503994    14.7358    7.87781      1.135    32.1231    23.8114 -9.990e-29
 237.587529      1.242  39.503824    14.7358    7.93673      1.232    32.1229    23.8113 -9.990e-29
 237.587535      1.370  39.504177    14.7353    7.97265      1.359    32.1236    23.8119 0.0000e+00
 237.587541      1.537  39.504372    14.7337    8.00037      1.524    32.1250    23.8133 0.0000e+00
 237.587546      1.752  39.503517    14.7295    8.05299      1.737    32.1276    23.8162 0.0000e+00
 237.587552      2.027  39.501007    14.7188    8.09899      2.010    32.1341    23.8235 0.0000e+00
 237.587558      2.361  39.493465    14.6995    8.09408      2.341    32.1431    23.8345 0.0000e+00
 237.587564      2.745  39.478658    14.6683    8.06242      2.722    32.1553    23.8506 0.0000e+00
 237.587569      3.169  39.457005    14.6042    8.01793      3.143    32.1886    23.8897 0.0000e+00
 237.587575      3.623  39.415869    14.4598    7.89456      3.593    32.2709    23.9836 0.0000e+00
 237.587581      4.091  39.315515    14.2229    7.67221      4.057    32.3769    24.1148 0.0000e+00
 237.587587      4.565  39.139911    13.9523    7.39424      4.527    32.4427    24.2215 0.0000e+00
 237.587593      5.045  38.936473    13.6751    7.08148      5.003    32.4887    24.3135 0.0000e+00
 237.587598      5.536  38.726697    13.3515    6.78108      5.490    32.5684    24.4403 0.0000e+00
 237.587604      6.039  38.468640    12.9621    6.51059      5.989    32.6598    24.5881 0.0000e+00
 237.587610      6.553  38.141799    12.5248    6.29073      6.498    32.7279    24.7257 0.0000e+00
 237.587616      7.075  37.767987    12.0663    6.08081      7.016    32.7695    24.8449 0.0000e+00
 237.587622      7.603  37.381500    11.6383    5.87221      7.539    32.7711    24.9255 0.0000e+00
 237.587627      8.139  37.040059    11.3042    5.71187      8.071    32.7323    24.9560 0.0000e+00
 237.587633      8.677  36.796358    11.0859    5.53859      8.604    32.6858    24.9589 0.0000e+00
 237.587639      9.212  36.655632    10.9426    5.39506      9.135    32.6739    24.9749 0.0000e+00
 237.587645      9.748  36.568100    10.8179    5.25815      9.666    32.6980    25.0155 0.0000e+00
 237.587650     10.287  36.477547    10.6973    5.15625     10.201    32.7155    25.0501 0.0000e+00
 237.587656     10.814  36.385986    10.5754    5.09979     10.723    32.7331    25.0850 0.0000e+00
 237.587662     11.316  36.290715    10.4390    5.07292     11.221    32.7600    25.1294 0.0000e+00
 237.587668     11.786  36.175109    10.2969    5.05336     11.687    32.7717    25.1627 0.0000e+00
 237.587674     12.224  36.057108    10.1667    5.00234     12.122    32.7701    25.1835 0.0000e+00
 237.587679     12.633  35.952568    10.0642    4.94593     12.527    32.7570    25.1904 0.0000e+00
 237.587685     13.013  35.873988    10.0009    4.88917     12.904    32.7345    25.1834 0.0000e+00
 237.587691     13.370  35.830351     9.9612    4.83280     13.258    32.7261    25.1834 0.0000e+00
 237.587697     13.715  35.799871     9.9144    4.78415     13.600    32.7374    25.2000 0.0000e+00
 237.587703     14.053  35.756450     9.8557    4.73694     13.935    32.7464    25.2168 0.0000e+00
 237.587708     14.391  35.704391     9.7961    4.73112     14.270    32.7474    25.2274 0.0000e+00
 237.587714     14.739  35.655540     9.7349    4.76012     14.615    32.7531    25.2418 0.0000e+00
 237.587720     15.106  35.607511     9.6689    4.78783     14.979    32.7640    25.2611 0.0000e+00
 237.587726     15.502  35.557897     9.6033    4.79405     15.372    32.7729    25.2788 0.0000e+00
 237.587731     15.927  35.511708     9.5516    4.76726     15.793    32.7726    25.2869 0.0000e+00
 237.587737     16.374  35.481878     9.5272    4.71364     16.237    32.7641    25.2842 0.0000e+00
 237.587743     16.840  35.475685     9.5248    4.62430     16.699    32.7597    25.2812 0.0000e+00
 237.587749     17.330  35.482029     9.5186    4.55993     17.185    32.7716    25.2916 0.0000e+00
 237.587755     17.846  35.484110     9.4700    4.51735     17.696    32.8180    25.3356 0.0000e+00
 237.587760     18.380  35.456648     9.3336    4.50246     18.226    32.9148    25.4332 0.0000e+00
 237.587766     18.929  35.354595     9.1157    4.47103     18.770    33.0103    25.5425 0.0000e+00
 237.587772     19.498  35.183115     8.9063    4.42691     19.334    33.0261    25.5876 0.0000e+00
 237.587778     20.092  35.033603     8.7755    4.38248     19.923    32.9914    25.5807 0.0000e+00
 237.587784     20.711  34.959452     8.7124    4.34474     20.537    32.9723    25.5754 0.0000e+00
 237.587789     21.348  34.934599     8.6802    4.31997     21.169    32.9760    25.5832 0.0000e+00
 237.587795     21.995  34.926418     8.6544    4.28130     21.810    32.9911    25.5991 0.0000e+00
 237.587801     22.651  34.917242     8.6258    4.25042     22.461    33.0079    25.6166 0.0000e+00
 237.587807     23.310  34.902092     8.5940    4.22744     23.114    33.0214    25.6320 0.0000e+00
 237.587813     23.963  34.884837     8.5620    4.20944     23.762    33.0329    25.6459 0.0000e+00
 237.587818     24.599  34.871026     8.5326    4.19335     24.392    33.0456    25.6603 0.0000e+00
 237.587824     25.209  34.862388     8.5107    4.18777     24.997    33.0567    25.6724 0.0000e+00
 237.587830     25.784  34.858021     8.4985    4.17205     25.567    33.0633    25.6794 0.0000e+00
 237.587836     26.326  34.854871     8.4878    4.16788     26.105    33.0698    25.6861 0.0000e+00
 237.587841     26.847  34.848146     8.4693    4.15842     26.621    33.0798    25.6968 0.0000e+00
 237.587847     27.365  34.837819     8.4443    4.14174     27.135    33.0921    25.7102 0.0000e+00
 237.587853     27.890  34.828031     8.4176    4.11944     27.655    33.1067    25.7256 0.0000e+00
 237.587859     28.425  34.819715     8.3861    4.09305     28.186    33.1273    25.7465 0.0000e+00
 237.587865     28.971  34.808479     8.3408    4.06854     28.727    33.1578    25.7772 0.0000e+00
 237.587870     29.524  34.788277     8.2770    4.06407     29.275    33.1963    25.8170 0.0000e+00
 237.587876     30.076  34.756244     8.2006    4.05658     29.823    33.2344    25.8582 0.0000e+00
 237.587882     30.623  34.714475     8.1246    4.06785     30.365    33.2617    25.8910 0.0000e+00
 237.587888     31.162  34.670018     8.0621    4.08401     30.900    33.2735    25.9094 0.0000e+00
 237.587894     31.685  34.632499     8.0196    4.09516     31.418    33.2736    25.9157 0.0000e+00
 237.587899     32.185  34.607344     7.9895    4.10067     31.914    33.2752    25.9214 0.0000e+00
 237.587905     32.664  34.588999     7.9610    4.09236     32.389    33.2825    25.9313 0.0000e+00
 237.587911     33.129  34.570907     7.9349    4.10775     32.850    33.2878    25.9392 0.0000e+00
 237.587917     33.581  34.556942     7.9113    4.10496     33.298    33.2951    25.9484 0.0000e+00
 237.587922     34.029  34.548071     7.8838    4.09664     33.742    33.3116    25.9654 0.0000e+00
 237.587928     34.479  34.539161     7.8519    4.08948     34.188    33.3323    25.9863 0.0000e+00
 237.587934     34.931  34.532313     7.8186    4.06329     34.637    33.3566    26.0102 0.0000e+00
 237.587940     35.378  34.529574     7.7820    4.03545     35.080    33.3885    26.0405 0.0000e+00
 237.587946     35.816  34.522776     7.7470    3.98800     35.514    33.4145    26.0660 0.0000e+00
