data/oxygen options/OCNMS/OCNMS2/raw_data/2004/CTD_TH40_082404faed.cnv
* Sea-Bird SBE19 Data File:
* FileName = C:\WINDOWS\Desktop\put hypoxia files here\CTD data\August 24_25-04\TH\TH40_082404.hex
* Software Version 1.1.4
* Temperature SN = 2997
* Conductivity SN = 2997
* System UpLoad Time = Aug 24 2004 16:15:54
* SEACAT PROFILER V3.1c SN 2997   08/24/04  16:16:08.478
* strain gauge pressure sensor: S/N = 184829,  range = 3000 psia,  tc = 40
# nquan = 9                                 
# nvalues = 1289                        
# units = specified
# name 0 = timeJ: Julian Days
# name 1 = prSM: Pressure, Strain Gauge [db]
# name 2 = c0mS/cm: Conductivity [mS/cm]
# name 3 = t090C: Temperature [ITS-90, deg C]
# name 4 = oxML/L: Oxygen, Beckman/YSI [ml/l]
# name 5 = depSM: Depth [salt water, m], lat = 47.5
# name 6 = sal00: Salinity, Practical [PSU]
# name 7 = sigma-é00: Density [sigma-theta, kg/m^3]
# name 8 = flag: flag
# span 0 = 237.620069, 237.627523       
# span 1 =     -4.968,     42.007       
# span 2 =   0.494504,  39.917290       
# span 3 =     7.9326,    15.3830       
# span 4 =   -0.04703,   29.56151       
# span 5 =     -4.927,     41.652       
# span 6 =     0.2965,    33.3048       
# span 7 =    -0.7189,    25.9372       
# span 8 = 0.0000e+00, 0.0000e+00       
# interval = seconds: 0.5
# start_time = Aug 24 2004 14:52:54 [Instrument's time stamp, header]
# bad_flag = -9.990e-29
*END*
[from data line 801]
 237.624705     11.374  36.324115    10.5813    5.11414     11.279    32.6657    25.0314 -9.990e-29
 237.624711     11.370  36.322630    10.5873    5.12076     11.275    32.6588    25.0251 -9.990e-29
 237.624716     11.363  36.328524    10.6095    5.11375     11.268    32.6448    25.0103 -9.990e-29
 237.624722     11.358  36.351330    10.6396    5.10112     11.263    32.6407    25.0019 -9.990e-29
 237.624728     11.358  36.381083    10.6569    5.08391     11.263    32.6549    25.0100 -9.990e-29
 237.624734     11.363  36.393535    10.6487    5.08052     11.268    32.6747    25.0268 -9.990e-29
 237.624740     11.382  36.381744    10.6125    5.07457     11.287    32.6953    25.0491 -9.990e-29
 237.624745     11.426  36.350176    10.5530    5.07336     11.330    32.7171    25.0764 -9.990e-29
 237.624751     11.483  36.301029    10.4965    5.06261     11.387    32.7186    25.0872 -9.990e-29
 237.624757     11.536  36.254546    10.4794    5.04470     11.439    32.6873    25.0658 -9.990e-29
 237.624763     11.571  36.241802    10.5066    5.07581     11.474    32.6501    25.0322 -9.990e-29
 237.624769     11.583  36.267654    10.5498    5.11695     11.486    32.6373    25.0148 -9.990e-29
 237.624774     11.580  36.305450    10.5835    5.17179     11.483    32.6449    25.0149 -9.990e-29
 237.624780     11.579  36.331020    10.6058    5.20178     11.482    32.6505    25.0154 -9.990e-29
 237.624786     11.594  36.347066    10.6324    5.19871     11.497    32.6427    25.0048 -9.990e-29
 237.624792     11.628  36.369938    10.6731    5.17112     11.531    32.6292    24.9872 -9.990e-29
 237.624797     11.685  36.409947    10.7109    5.13832     11.587    32.6353    24.9854 -9.990e-29
 237.624803     11.777  36.449229    10.7141    5.10725     11.678    32.6715    25.0131 -9.990e-29
 237.624809     11.926  36.452139    10.6601    5.09419     11.826    32.7227    25.0623 0.0000e+00
 237.624815     12.142  36.402939    10.5442    5.07947     12.040    32.7775    25.1250 0.0000e+00
 237.624821     12.413  36.307233    10.3922    5.04459     12.309    32.8183    25.1829 0.0000e+00
 237.624826     12.722  36.194951    10.2507    4.99827     12.615    32.8331    25.2184 0.0000e+00
 237.624832     13.054  36.107547    10.1478    4.95692     12.945    32.8379    25.2395 0.0000e+00
 237.624838     13.397  36.058518    10.0772    4.93355     13.285    32.8522    25.2625 0.0000e+00
 237.624844     13.742  36.034039    10.0126    4.89365     13.627    32.8860    25.2997 0.0000e+00
 237.624850     14.089  36.016027     9.9364    4.85784     13.971    32.9370    25.3522 0.0000e+00
 237.624855     14.440  35.984377     9.8460    4.80844     14.319    32.9872    25.4064 0.0000e+00
 237.624861     14.787  35.924347     9.7190    4.74290     14.663    33.0423    25.4703 0.0000e+00
 237.624867     15.125  35.823718     9.5531    4.66192     14.998    33.0918    25.5361 0.0000e+00
 237.624873     15.464  35.695745     9.3910    4.56785     15.334    33.1097    25.5763 0.0000e+00
 237.624878     15.807  35.583929     9.2403    4.44758     15.674    33.1338    25.6193 0.0000e+00
 237.624884     16.152  35.478738     9.0802    4.33396     16.017    33.1735    25.6757 0.0000e+00
 237.624890     16.494  35.349201     8.8951    4.24662     16.356    33.2113    25.7343 0.0000e+00
 237.624896     16.833  35.187947     8.6900    4.17406     16.692    33.2346    25.7843 0.0000e+00
 237.624902     17.175  35.009213     8.5104    4.11103     17.031    33.2155    25.7967 0.0000e+00
 237.624907     17.514  34.866139     8.3936    4.08091     17.367    33.1743    25.7821 0.0000e+00
 237.624913     17.839  34.784282     8.3493    4.06844     17.689    33.1293    25.7535 0.0000e+00
 237.624919     18.136  34.758157     8.3637    4.05240     17.984    33.0880    25.7189 0.0000e+00
 237.624925     18.393  34.773083     8.4067    4.05767     18.239    33.0633    25.6931 0.0000e+00
 237.624931     18.610  34.805231     8.4792    4.06689     18.454    33.0291    25.6554 0.0000e+00
 237.624936     18.792  34.868881     8.5726    4.07726     18.634    33.0086    25.6252 0.0000e+00
 237.624942     18.938  34.954171     8.6372    4.09606     18.779    33.0377    25.6382 -9.990e-29
 237.624948     19.048  34.994898     8.6625    4.07361     18.888    33.0568    25.6492 -9.990e-29
 237.624954     19.134  34.985967     8.6684    4.04117     18.973    33.0419    25.6367 -9.990e-29
 237.624959     19.206  34.970221     8.6526    4.03213     19.045    33.0401    25.6377 -9.990e-29
 237.624965     19.267  34.954132     8.6000    4.01922     19.105    33.0724    25.6710 -9.990e-29
 237.624971     19.322  34.917745     8.5066    4.01191     19.160    33.1216    25.7238 -9.990e-29
 237.624977     19.375  34.848413     8.4012    4.03160     19.212    33.1476    25.7600 -9.990e-29
 237.624983     19.429  34.768407     8.3245    4.02436     19.266    33.1352    25.7618 -9.990e-29
 237.624988     19.482  34.713405     8.2913    4.01631     19.318    33.1082    25.7456 -9.990e-29
 237.624994     19.530  34.692447     8.2891    3.99927     19.366    33.0880    25.7301 -9.990e-29
 237.625000     19.572  34.693268     8.3021    3.98138     19.408    33.0766    25.7192 -9.990e-29
 237.625006     19.610  34.706311     8.3217    3.97948     19.445    33.0720    25.7127 -9.990e-29
 237.625012     19.643  34.725426     8.3430    3.97794     19.478    33.0722    25.7096 -9.990e-29
 237.625017     19.663  34.741351     8.3644    3.96998     19.498    33.0689    25.7039 -9.990e-29
 237.625023     19.668  34.753462     8.3844    3.95274     19.503    33.0629    25.6962 -9.990e-29
 237.625029     19.663  34.765020     8.3993    3.93912     19.498    33.0611    25.6925 -9.990e-29
 237.625035     19.650  34.773503     8.4073    3.93873     19.485    33.0626    25.6925 -9.990e-29
 237.625041     19.631  34.776773     8.4093    3.93128     19.466    33.0642    25.6934 -9.990e-29
 237.625046     19.607  34.775268     8.4080    3.93281     19.442    33.0638    25.6933 -9.990e-29
 237.625052     19.586  34.772590     8.4020    3.93043     19.422    33.0666    25.6964 -9.990e-29
 237.625058     19.574  34.767408     8.3835    3.93046     19.410    33.0785    25.7085 -9.990e-29
 237.625064     19.576  34.751693     8.3474    3.93579     19.412    33.0959    25.7275 -9.990e-29
 237.625069     19.592  34.723548     8.3018    3.94638     19.428    33.1090    25.7447 -9.990e-29
 237.625075     19.618  34.691406     8.2661    3.93672     19.453    33.1086    25.7496 -9.990e-29
 237.625081     19.647  34.667895     8.2597    3.92195     19.482    33.0897    25.7358 -9.990e-29
 237.625087     19.673  34.664256     8.2828    3.91651     19.508    33.0640    25.7122 -9.990e-29
 237.625093     19.689  34.680675     8.3094    3.91577     19.524    33.0564    25.7023 -9.990e-29
 237.625098     19.691  34.698684     8.3163    3.92135     19.526    33.0690    25.7111 -9.990e-29
 237.625104     19.684  34.701385     8.3069    3.92433     19.519    33.0807    25.7217 -9.990e-29
 237.625110     19.675  34.692388     8.2989    3.92711     19.510    33.0787    25.7213 -9.990e-29
 237.625116     19.670  34.686600     8.3005    3.93085     19.505    33.0710    25.7151 -9.990e-29
 237.625122     19.667  34.688634     8.3106    3.91562     19.502    33.0637    25.7078 -9.990e-29
 237.625127     19.667  34.695594     8.3267    3.90714     19.502    33.0559    25.6993 -9.990e-29
 237.625133     19.668  34.707231     8.3373    3.89718     19.503    33.0583    25.6996 -9.990e-29
 237.625139     19.672  34.714960     8.3309    3.89351     19.507    33.0725    25.7117 -9.990e-29
 237.625145     19.678  34.710035     8.3082    3.90618     19.513    33.0886    25.7277 -9.990e-29
 237.625150     19.688  34.693739     8.2801    3.92224     19.523    33.0978    25.7391 -9.990e-29
 237.625156     19.701  34.676852     8.2633    3.92168     19.536    33.0957    25.7400 -9.990e-29
 237.625162     19.714  34.669921     8.2668    3.92260     19.549    33.0851    25.7311 -9.990e-29
 237.625168     19.719  34.672109     8.2867    3.90874     19.553    33.0687    25.7153 -9.990e-29
 237.625174     19.713  34.682404     8.3116    3.90416     19.548    33.0561    25.7018 -9.990e-29
 237.625179     19.698  34.697158     8.3282    3.90132     19.533    33.0562    25.6993 -9.990e-29
 237.625185     19.684  34.706342     8.3312    3.89469     19.519    33.0631    25.7043 -9.990e-29
 237.625191     19.673  34.706513     8.3197    3.90689     19.508    33.0741    25.7146 -9.990e-29
 237.625197     19.665  34.696780     8.2986    3.91212     19.500    33.0836    25.7252 -9.990e-29
 237.625203     19.659  34.680421     8.2826    3.91662     19.494    33.0814    25.7258 -9.990e-29
 237.625208     19.654  34.669253     8.2821    3.91776     19.489    33.0700    25.7170 -9.990e-29
 237.625214     19.651  34.670239     8.2965    3.91251     19.486    33.0575    25.7051 -9.990e-29
 237.625220     19.649  34.681329     8.3168    3.90596     19.484    33.0501    25.6963 -9.990e-29
 237.625226     19.648  34.696008     8.3306    3.90546     19.483    33.0527    25.6962 -9.990e-29
 237.625231     19.653  34.705267     8.3324    3.89751     19.488    33.0608    25.7023 -9.990e-29
 237.625237     19.667  34.705760     8.3261    3.90480     19.502    33.0672    25.7083 -9.990e-29
 237.625243     19.688  34.701513     8.3174    3.91727     19.523    33.0709    25.7125 -9.990e-29
 237.625249     19.713  34.695830     8.3133    3.91834     19.548    33.0688    25.7114 -9.990e-29
 237.625255     19.738  34.692902     8.3161    3.91279     19.572    33.0630    25.7065 -9.990e-29
 237.625260     19.757  34.694989     8.3225    3.90519     19.591    33.0592    25.7025 -9.990e-29
 237.625266     19.767  34.700387     8.3290    3.90388     19.601    33.0588    25.7012 -9.990e-29
 237.625272     19.768  34.706206     8.3312    3.90979     19.602    33.0629    25.7041 -9.990e-29
 237.625278     19.766  34.707312     8.3299    3.91365     19.600    33.0653    25.7062 -9.990e-29
 237.625284     19.763  34.704061     8.3318    3.92089     19.597    33.0600    25.7018 -9.990e-29
 237.625289     19.755  34.703891     8.3398    3.92324     19.589    33.0524    25.6946 -9.990e-29
 237.625295     19.738  34.709377     8.3526    3.92291     19.572    33.0461    25.6878 -9.990e-29
 237.625301     19.715  34.718305     8.3669    3.92196     19.550    33.0422    25.6825 -9.990e-29
 237.625307     19.693  34.729127     8.3760    3.91101     19.528    33.0451    25.6834 -9.990e-29
 237.625313     19.675  34.736097     8.3760    3.90806     19.510    33.0524    25.6892 -9.990e-29
 237.625318     19.664  34.735059     8.3653    3.91554     19.499    33.0614    25.6978 -9.990e-29
 237.625324     19.664  34.725752     8.3474    3.90954     19.499    33.0684    25.7060 -9.990e-29
 237.625330     19.669  34.711464     8.3352    3.91335     19.504    33.0647    25.7050 -9.990e-29
 237.625336     19.677  34.702846     8.3335    3.90329     19.512    33.0572    25.6993 -9.990e-29
 237.625341     19.688  34.702978     8.3345    3.90766     19.523    33.0564    25.6985 -9.990e-29
 237.625347     19.703  34.704186     8.3324    3.91324     19.538    33.0596    25.7014 -9.990e-29
 237.625353     19.722  34.702475     8.3286    3.90677     19.556    33.0614    25.7033 -9.990e-29
 237.625359     19.747  34.700050     8.3277    3.90189     19.581    33.0597    25.7021 -9.990e-29
 237.625365     19.774  34.700403     8.3329    3.90942     19.608    33.0551    25.6978 -9.990e-29
 237.625370     19.798  34.705685     8.3417    3.92163     19.632    33.0524    25.6944 -9.990e-29
 237.625376     19.816  34.713410     8.3471    3.92818     19.650    33.0555    25.6960 -9.990e-29
 237.625382     19.823  34.717062     8.3463    3.92936     19.657    33.0601    25.6997 -9.990e-29
 237.625388     19.818  34.714785     8.3443    3.90697     19.652    33.0596    25.6996 -9.990e-29
 237.625394     19.802  34.711953     8.3446    3.89231     19.636    33.0563    25.6970 -9.990e-29
 237.625399     19.780  34.711516     8.3446    3.88299     19.614    33.0559    25.6966 -9.990e-29
 237.625405     19.755  34.711208     8.3374    3.89146     19.589    33.0623    25.7028 -9.990e-29
 237.625411     19.733  34.706696     8.3175    3.90996     19.567    33.0763    25.7167 -9.990e-29
 237.625417     19.718  34.691964     8.2923    3.90779     19.553    33.0844    25.7268 -9.990e-29
 237.625422     19.708  34.672034     8.2781    3.90944     19.543    33.0767    25.7228 -9.990e-29
 237.625428     19.703  34.662364     8.2780    3.89918     19.538    33.0665    25.7149 -9.990e-29
 237.625434     19.702  34.665189     8.2819    3.89028     19.537    33.0659    25.7138 -9.990e-29
 237.625440     19.706  34.670261     8.2835    3.89164     19.541    33.0697    25.7166 -9.990e-29
 237.625446     19.715  34.672013     8.2839    3.90057     19.550    33.0712    25.7177 -9.990e-29
 237.625451     19.728  34.671101     8.2872    3.90638     19.562    33.0671    25.7140 -9.990e-29
 237.625457     19.744  34.671915     8.2969    3.90159     19.578    33.0588    25.7061 -9.990e-29
 237.625463     19.759  34.678901     8.3099    3.90787     19.593    33.0540    25.7003 -9.990e-29
 237.625469     19.772  34.689043     8.3179    3.89956     19.606    33.0572    25.7017 -9.990e-29
 237.625475     19.786  34.694568     8.3148    3.90209     19.620    33.0660    25.7090 -9.990e-29
 237.625480     19.801  34.691072     8.3013    3.90387     19.635    33.0750    25.7181 -9.990e-29
 237.625486     19.815  34.680062     8.2886    3.90103     19.649    33.0753    25.7202 -9.990e-29
 237.625492     19.822  34.670961     8.2880    3.90443     19.656    33.0662    25.7131 -9.990e-29
 237.625498     19.825  34.672369     8.2969    3.90620     19.659    33.0593    25.7064 -9.990e-29
 237.625503     19.822  34.679432     8.3071    3.89864     19.656    33.0572    25.7032 -9.990e-29
 237.625509     19.819  34.685875     8.3131    3.90168     19.653    33.0584    25.7033 -9.990e-29
 237.625515     19.819  34.690201     8.3104    3.90781     19.653    33.0655    25.7093 -9.990e-29
 237.625521     19.823  34.688092     8.3003    3.90812     19.657    33.0727    25.7165 -9.990e-29
 237.625527     19.834  34.679540     8.2900    3.92268     19.668    33.0734    25.7185 -9.990e-29
 237.625532     19.858  34.671079     8.2858    3.91989     19.691    33.0684    25.7152 -9.990e-29
 237.625538     19.897  34.668239     8.2867    3.91381     19.730    33.0645    25.7120 -9.990e-29
 237.625544     19.952  34.670035     8.2860    3.90648     19.785    33.0670    25.7141 -9.990e-29
 237.625550     20.028  34.670453     8.2779    3.88166     19.860    33.0750    25.7216 -9.990e-29
 237.625556     20.129  34.665005     8.2598    3.86486     19.960    33.0863    25.7331 -9.990e-29
 237.625561     20.261  34.652033     8.2266    3.85060     20.091    33.1037    25.7517 0.0000e+00
 237.625567     20.430  34.628815     8.1774    3.84615     20.258    33.1254    25.7760 0.0000e+00
 237.625573     20.635  34.598581     8.1141    3.85229     20.462    33.1530    25.8070 0.0000e+00
 237.625579     20.884  34.558007     8.0408    3.86275     20.709    33.1791    25.8383 0.0000e+00
 237.625584     21.177  34.503989     7.9790    3.84836     20.999    33.1799    25.8480 0.0000e+00
 237.625590     21.517  34.463140     7.9443    3.81543     21.336    33.1691    25.8445 0.0000e+00
 237.625596     21.905  34.456084     7.9326    3.76922     21.721    33.1725    25.8489 0.0000e+00
 237.625602     22.333  34.473960     7.9340    3.71455     22.145    33.1900    25.8625 0.0000e+00
 237.625608     22.796  34.496318     7.9399    3.66331     22.604    33.2081    25.8758 0.0000e+00
 237.625613     23.289  34.513171     7.9481    3.59825     23.093    33.2181    25.8825 0.0000e+00
 237.625619     23.805  34.529616     7.9589    3.54507     23.605    33.2252    25.8864 0.0000e+00
