data/oxygen options/OCNMS/OCNMS2/raw_data/2004/CTD_CA80_072704faed.cnv
* Sea-Bird SBE19 Data File:
* FileName = C:\WINDOWS\Desktop\put hypoxia files here\CTD files\July 26_27-04\CA\CA8_072704.hex
* Software Version 1.1.4
* Temperature SN = 2997
* Conductivity SN = 2997
* System UpLoad Time = Jul 27 2004 15:27:50
* SEACAT PROFILER V3.1c SN 2997   07/27/04  15:27:19.455
* strain gauge pressure sensor: S/N = 184829,  range = 3000 psia,  tc = 40
# nquan = 9                                 
# nvalues = 821                         
# units = specified
# name 0 = timeJ: Julian Days
# name 1 = prSM: Pressure, Strain Gauge [db]
# name 2 = c0mS/cm: Conductivity [mS/cm]
# name 3 = t090C: Temperature [ITS-90, deg C]
# name 4 = oxML/L: Oxygen, Beckman/YSI [ml/l]
# name 5 = depSM: Depth [salt water, m], lat = 47.5
# name 6 = sal00: Salinity, Practical [PSU]
# name 7 = sigma-é00: Density [sigma-theta, kg/m^3]
# name 8 = flag: flag
# span 0 = 209.551644, 209.556389       
# span 1 =     -4.907,     78.541       
# span 2 =   1.477876,  40.341870       
# span 3 =     7.0718,    15.8383       
# span 4 =   -0.05317,   28.91984       
# span 5 =     -4.866,     77.871       
# span 6 =     0.9394,    33.8587       
# span 7 =    -0.1316,    26.5060       
# span 8 = 0.0000e+00, 0.0000e+00       
# interval = seconds: 0.5
# start_time = Jul 27 2004 13:14:22 [Instrument's time stamp, header]
# bad_flag = -9.990e-29
*END*
[from data line 641]
 209.555353     78.264  34.340606     7.0721    2.15266     77.596    33.8515    26.5052 -9.990e-29
 209.555359     78.379  34.340087     7.0718    2.16044     77.710    33.8512    26.5049 -9.990e-29
 209.555365     78.462  34.340162     7.0720    2.14732     77.792    33.8510    26.5048 -9.990e-29
 209.555370     78.515  34.340367     7.0727    2.15130     77.845    33.8505    26.5043 -9.990e-29
 209.555376     78.541  34.340413     7.0735    2.14202     77.871    33.8498    26.5036 -9.990e-29
 209.555382     78.536  34.340359     7.0741    2.13579     77.866    33.8491    26.5030 -9.990e-29
 209.555388     78.498  34.340131     7.0746    2.13299     77.828    33.8484    26.5024 -9.990e-29
 209.555394     78.427  34.339984     7.0751    2.14197     77.758    33.8478    26.5018 -9.990e-29
 209.555399     78.323  34.340283     7.0755    2.14137     77.655    33.8478    26.5018 -9.990e-29
 209.555405     78.180  34.340863     7.0759    2.14566     77.513    33.8481    26.5020 0.0000e+00
 209.555411     77.988  34.341373     7.0760    2.13832     77.323    33.8487    26.5024 0.0000e+00
 209.555417     77.749  34.341370     7.0755    2.13472     77.086    33.8493    26.5029 0.0000e+00
 209.555422     77.472  34.340851     7.0748    2.13856     76.811    33.8495    26.5032 0.0000e+00
 209.555428     77.162  34.340242     7.0746    2.14040     76.504    33.8492    26.5030 0.0000e+00
 209.555434     76.824  34.339854     7.0751    2.14485     76.169    33.8484    26.5023 0.0000e+00
 209.555440     76.467  34.339727     7.0758    2.13602     75.815    33.8478    26.5017 0.0000e+00
 209.555446     76.095  34.339693     7.0763    2.13366     75.446    33.8474    26.5014 0.0000e+00
 209.555451     75.708  34.339708     7.0767    2.12462     75.062    33.8473    26.5011 0.0000e+00
 209.555457     75.304  34.339792     7.0773    2.13276     74.662    33.8470    26.5008 0.0000e+00
 209.555463     74.879  34.340056     7.0780    2.13012     74.241    33.8468    26.5006 0.0000e+00
 209.555469     74.435  34.340291     7.0784    2.13904     73.800    33.8468    26.5006 0.0000e+00
 209.555475     73.975  34.340248     7.0787    2.13386     73.344    33.8467    26.5004 0.0000e+00
 209.555480     73.495  34.339873     7.0788    2.12854     72.869    33.8465    26.5002 0.0000e+00
 209.555486     72.994  34.339225     7.0788    2.13765     72.372    33.8460    26.4998 0.0000e+00
 209.555492     72.470  34.338563     7.0788    2.12870     71.853    33.8455    26.4995 0.0000e+00
 209.555498     71.921  34.338125     7.0794    2.13943     71.308    33.8447    26.4987 0.0000e+00
 209.555503     71.353  34.338448     7.0808    2.13027     70.745    33.8440    26.4979 0.0000e+00
 209.555509     70.788  34.339963     7.0831    2.13344     70.185    33.8437    26.4974 0.0000e+00
 209.555515     70.247  34.341888     7.0858    2.13757     69.649    33.8434    26.4968 0.0000e+00
 209.555521     69.746  34.343431     7.0900    2.15338     69.152    33.8412    26.4945 0.0000e+00
 209.555527     69.272  34.346089     7.0980    2.16849     68.682    33.8365    26.4896 0.0000e+00
 209.555532     68.809  34.352286     7.1114    2.19343     68.223    33.8303    26.4830 0.0000e+00
 209.555538     68.353  34.363557     7.1268    2.22327     67.771    33.8278    26.4788 0.0000e+00
 209.555544     67.910  34.376430     7.1388    2.25494     67.332    33.8303    26.4791 0.0000e+00
 209.555550     67.476  34.385090     7.1480    2.28832     66.902    33.8309    26.4784 0.0000e+00
 209.555556     67.033  34.390437     7.1595    2.32239     66.463    33.8257    26.4727 0.0000e+00
 209.555561     66.562  34.395116     7.1741    2.36453     65.996    33.8168    26.4636 0.0000e+00
 209.555567     66.061  34.394713     7.1847    2.40416     65.499    33.8062    26.4538 0.0000e+00
 209.555573     65.543  34.383647     7.1877    2.45310     64.986    33.7914    26.4418 0.0000e+00
 209.555579     65.022  34.366229     7.1876    2.48959     64.469    33.7728    26.4271 0.0000e+00
 209.555584     64.507  34.351749     7.1882    2.54413     63.959    33.7566    26.4143 0.0000e+00
 209.555590     63.986  34.338279     7.1905    2.58776     63.442    33.7399    26.4008 0.0000e+00
 209.555596     63.449  34.315145     7.1964    2.63099     62.910    33.7092    26.3758 0.0000e+00
 209.555602     62.900  34.286254     7.2084    2.63859     62.366    33.6662    26.3403 0.0000e+00
 209.555608     62.346  34.265780     7.2276    2.63908     61.816    33.6255    26.3056 0.0000e+00
 209.555613     61.799  34.256693     7.2529    2.61366     61.274    33.5912    26.2751 0.0000e+00
 209.555619     61.272  34.255290     7.2755    2.58386     60.752    33.5680    26.2537 0.0000e+00
 209.555625     60.775  34.258023     7.2881    2.55670     60.259    33.5590    26.2448 0.0000e+00
 209.555631     60.313  34.261253     7.2980    2.52152     59.801    33.5531    26.2388 0.0000e+00
 209.555637     59.880  34.264247     7.3110    2.48249     59.372    33.5440    26.2298 0.0000e+00
 209.555642     59.456  34.267634     7.3272    2.44520     58.951    33.5322    26.2183 0.0000e+00
 209.555648     59.023  34.272005     7.3494    2.42236     58.522    33.5156    26.2021 0.0000e+00
 209.555654     58.567  34.278147     7.3740    2.39717     58.070    33.4987    26.1854 0.0000e+00
 209.555660     58.087  34.284721     7.3930    2.37745     57.594    33.4877    26.1741 0.0000e+00
 209.555666     57.597  34.289843     7.4060    2.36710     57.108    33.4809    26.1669 0.0000e+00
 209.555671     57.104  34.293623     7.4219    2.35783     56.620    33.4699    26.1560 0.0000e+00
 209.555677     56.607  34.298861     7.4504    2.35317     56.127    33.4483    26.1350 0.0000e+00
 209.555683     56.104  34.309739     7.4890    2.36441     55.628    33.4231    26.1097 0.0000e+00
 209.555689     55.596  34.326190     7.5236    2.35741     55.125    33.4078    26.0928 0.0000e+00
 209.555694     55.088  34.341564     7.5461    2.36914     54.621    33.4030    26.0859 0.0000e+00
 209.555700     54.583  34.351143     7.5684    2.37444     54.120    33.3922    26.0742 0.0000e+00
 209.555706     54.086  34.359296     7.6060    2.39172     53.628    33.3651    26.0476 0.0000e+00
 209.555712     53.593  34.374096     7.6510    2.39817     53.139    33.3381    26.0199 0.0000e+00
 209.555718     53.109  34.393975     7.6837    2.41630     52.659    33.3284    26.0077 0.0000e+00
 209.555723     52.636  34.408449     7.6999    2.42331     52.190    33.3287    26.0056 0.0000e+00
 209.555729     52.179  34.414964     7.7081    2.45107     51.737    33.3281    26.0039 0.0000e+00
 209.555735     51.734  34.418288     7.7163    2.45152     51.296    33.3240    25.9995 0.0000e+00
 209.555741     51.286  34.421735     7.7330    2.47025     50.852    33.3120    25.9876 0.0000e+00
 209.555747     50.820  34.429898     7.7665    2.48967     50.390    33.2889    25.9647 0.0000e+00
 209.555752     50.335  34.448055     7.8137    2.50958     49.909    33.2636    25.9380 0.0000e+00
 209.555758     49.845  34.473511     7.8623    2.54219     49.423    33.2448    25.9163 0.0000e+00
 209.555764     49.355  34.497611     7.9065    2.56947     48.937    33.2288    25.8972 0.0000e+00
 209.555770     48.869  34.517741     7.9475    2.58452     48.455    33.2115    25.8778 0.0000e+00
 209.555775     48.391  34.537205     7.9796    2.61342     47.982    33.2021    25.8656 0.0000e+00
 209.555781     47.929  34.553935     7.9992    2.61257     47.523    33.2015    25.8624 0.0000e+00
 209.555787     47.488  34.563896     8.0138    2.63731     47.086    33.1985    25.8578 0.0000e+00
 209.555793     47.052  34.570846     8.0307    2.64773     46.654    33.1901    25.8488 0.0000e+00
 209.555799     46.599  34.578448     8.0558    2.66756     46.205    33.1746    25.8329 0.0000e+00
 209.555804     46.120  34.590110     8.0881    2.68967     45.730    33.1567    25.8141 0.0000e+00
 209.555810     45.624  34.606808     8.1156    2.70056     45.238    33.1487    25.8038 0.0000e+00
 209.555816     45.122  34.620538     8.1345    2.71618     44.741    33.1457    25.7986 0.0000e+00
 209.555822     44.626  34.627752     8.1564    2.73540     44.249    33.1329    25.7853 0.0000e+00
 209.555828     44.137  34.634149     8.1910    2.74652     43.764    33.1072    25.7601 0.0000e+00
 209.555833     43.651  34.647702     8.2343    2.78898     43.282    33.0810    25.7331 0.0000e+00
 209.555839     43.162  34.671354     8.2775    2.81281     42.797    33.0656    25.7146 0.0000e+00
 209.555845     42.669  34.699098     8.3122    2.84456     42.309    33.0626    25.7071 0.0000e+00
 209.555851     42.180  34.720845     8.3360    2.86016     41.824    33.0635    25.7042 0.0000e+00
 209.555856     41.702  34.733635     8.3561    2.85893     41.350    33.0583    25.6971 0.0000e+00
 209.555862     41.234  34.742191     8.3825    2.86364     40.886    33.0428    25.6810 0.0000e+00
 209.555868     40.763  34.748397     8.4195    2.86962     40.419    33.0149    25.6535 0.0000e+00
 209.555874     40.274  34.749877     8.4511    2.87030     39.934    32.9870    25.6270 0.0000e+00
 209.555880     39.760  34.740763     8.4610    2.87689     39.424    32.9684    25.6109 0.0000e+00
 209.555885     39.227  34.720682     8.4541    2.86729     38.896    32.9539    25.6006 0.0000e+00
 209.555891     38.685  34.696506     8.4432    2.87083     38.359    32.9389    25.5904 0.0000e+00
 209.555897     38.133  34.673564     8.4434    2.86027     37.811    32.9148    25.5715 0.0000e+00
 209.555903     37.570  34.662750     8.4690    2.86830     37.253    32.8797    25.5401 0.0000e+00
 209.555909     37.012  34.679916     8.5094    2.87730     36.700    32.8604    25.5189 0.0000e+00
 209.555914     36.474  34.713197     8.5393    2.89863     36.166    32.8678    25.5202 0.0000e+00
 209.555920     35.962  34.733538     8.5562    2.90516     35.659    32.8737    25.5222 0.0000e+00
 209.555926     35.468  34.740603     8.5682    2.92064     35.169    32.8702    25.5176 0.0000e+00
 209.555932     34.978  34.743818     8.5831    2.93367     34.683    32.8599    25.5073 0.0000e+00
 209.555938     34.483  34.748594     8.6086    2.95107     34.192    32.8415    25.4890 0.0000e+00
 209.555943     33.976  34.761302     8.6396    2.97776     33.690    32.8262    25.4723 0.0000e+00
 209.555949     33.456  34.777584     8.6704    2.99600     33.174    32.8149    25.4588 0.0000e+00
 209.555955     32.919  34.793371     8.7011    3.02407     32.642    32.8032    25.4449 0.0000e+00
 209.555961     32.357  34.809535     8.7333    3.04992     32.084    32.7906    25.4301 0.0000e+00
 209.555966     31.772  34.828015     8.7679    3.07025     31.504    32.7781    25.4150 0.0000e+00
 209.555972     31.184  34.847671     8.8037    3.08218     30.921    32.7658    25.3999 0.0000e+00
 209.555978     30.606  34.864446     8.8406    3.08320     30.348    32.7495    25.3814 0.0000e+00
 209.555984     30.040  34.881095     8.8775    3.08883     29.787    32.7331    25.3629 0.0000e+00
 209.555990     29.485  34.901325     8.9097    3.11671     29.237    32.7247    25.3513 0.0000e+00
 209.555995     28.939  34.921283     8.9323    3.14971     28.695    32.7249    25.3480 0.0000e+00
 209.556001     28.406  34.935635     8.9461    3.19884     28.167    32.7274    25.3478 0.0000e+00
 209.556007     27.886  34.945583     8.9611    3.21169     27.651    32.7242    25.3429 0.0000e+00
 209.556013     27.369  34.958793     8.9931    3.23409     27.139    32.7087    25.3258 0.0000e+00
 209.556019     26.842  34.981665     9.0623    3.25207     26.616    32.6691    25.2840 0.0000e+00
 209.556024     26.297  35.029001     9.1717    3.30856     26.076    32.6181    25.2269 0.0000e+00
 209.556030     25.735  35.104496     9.2856    3.37343     25.519    32.5923    25.1887 0.0000e+00
 209.556036     25.167  35.169785     9.3627    3.44493     24.955    32.5895    25.1743 0.0000e+00
 209.556042     24.604  35.199816     9.3995    3.50315     24.397    32.5871    25.1666 0.0000e+00
 209.556047     24.048  35.210548     9.4285    3.54776     23.846    32.5720    25.1501 0.0000e+00
 209.556053     23.495  35.221354     9.4913    3.60265     23.298    32.5263    25.1043 0.0000e+00
 209.556059     22.934  35.247204     9.6090    3.65024     22.741    32.4464    25.0230 0.0000e+00
 209.556065     22.360  35.301264     9.7473    3.70378     22.172    32.3772    24.9464 0.0000e+00
 209.556071     21.772  35.360869     9.8473    3.75198     21.589    32.3482    24.9075 0.0000e+00
 209.556076     21.169  35.387218     9.8956    3.77759     20.991    32.3319    24.8868 0.0000e+00
 209.556082     20.561  35.388004     9.9123    3.80964     20.388    32.3180    24.8732 0.0000e+00
 209.556088     19.961  35.385038     9.9129    3.82917     19.793    32.3147    24.8705 0.0000e+00
 209.556094     19.381  35.382224     9.9061    3.84975     19.218    32.3182    24.8744 0.0000e+00
 209.556100     18.829  35.380860     9.9002    3.90683     18.671    32.3224    24.8786 0.0000e+00
 209.556105     18.294  35.382493     9.9077    3.95426     18.141    32.3175    24.8735 0.0000e+00
 209.556111     17.763  35.389301     9.9387    3.96149     17.614    32.2969    24.8523 0.0000e+00
 209.556117     17.230  35.405877     9.9992    3.95686     17.085    32.2599    24.8134 0.0000e+00
 209.556123     16.690  35.441987    10.1102    3.97768     16.550    32.1977    24.7465 0.0000e+00
 209.556128     16.143  35.522238    10.2710    4.03504     16.008    32.1360    24.6716 0.0000e+00
 209.556134     15.584  35.643186    10.4297    4.16348     15.453    32.1173    24.6302 0.0000e+00
 209.556140     15.012  35.755297    10.5511    4.36956     14.886    32.1226    24.6136 0.0000e+00
 209.556146     14.437  35.837073    10.6481    4.60273     14.316    32.1190    24.5942 0.0000e+00
 209.556152     13.871  35.910112    10.7783    4.85477     13.755    32.0775    24.5394 0.0000e+00
 209.556157     13.315  36.022478    11.0695    5.13355     13.203    31.9347    24.3776 0.0000e+00
 209.556163     12.769  36.275780    11.6062    5.48034     12.662    31.7201    24.1151 0.0000e+00
 209.556169     12.229  36.735797    12.2627    5.83206     12.127    31.6060    23.9059 0.0000e+00
 209.556175     11.684  37.290823    12.8372    6.17041     11.586    31.6508    23.8315 0.0000e+00
 209.556181     11.136  37.762915    13.2719    6.43792     11.043    31.7313    23.8089 0.0000e+00
 209.556186     10.596  38.102990    13.6298    6.64260     10.507    31.7505    23.7525 0.0000e+00
 209.556192     10.073  38.387079    13.9554    6.79241      9.989    31.7438    23.6814 0.0000e+00
 209.556198      9.563  38.663623    14.2301    6.88115      9.483    31.7714    23.6464 0.0000e+00
 209.556204      9.064  38.895804    14.4353    6.93768      8.988    31.8149    23.6373 0.0000e+00
 209.556209      8.575  39.056083    14.5880    6.94962      8.503    31.8356    23.6213 0.0000e+00
 209.556215      8.095  39.171388    14.7156    6.92861      8.027    31.8358    23.5945 0.0000e+00
 209.556221      7.630  39.281600    14.8263    6.87356      7.566    31.8451    23.5782 0.0000e+00
 209.556227      7.187  39.387816    14.9137    6.83400      7.127    31.8697    23.5786 0.0000e+00
 209.556233      6.758  39.470091    14.9730    6.81856      6.701    31.8956    23.5858 0.0000e+00
 209.556238      6.341  39.525928    15.0090    6.84586      6.288    31.9166    23.5943 0.0000e+00
 209.556244      5.945  39.563586    15.0352    6.87368      5.895    31.9292    23.5984 0.0000e+00
 209.556250      5.575  39.590082    15.0646    6.91097      5.528    31.9292    23.5920 0.0000e+00
 209.556256      5.228  39.614942    15.1121    6.93120      5.184    31.9129    23.5692 0.0000e+00
 209.556262      4.894  39.657850    15.1908    6.92342      4.853    31.8874    23.5326 0.0000e+00
 209.556267      4.571  39.737864    15.2993    6.87835      4.533    31.8709    23.4965 0.0000e+00
