data/oxygen options/OCNMS/OCNMS2/raw_data/2004/CTD_CA40_061504faed.cnv
* Sea-Bird SBE19 Data File:
* FileName = C:\WINDOWS\Desktop\put hypoxia files here\CTD files\CA\CA40061504.hex
* Software Version 1.1.4
* Temperature SN = 2997
* Conductivity SN = 2997
* System UpLoad Time = Jun 15 2004 12:15:50
** Cape Alava hypoxia CA4 40 m June 15, 2004
* SEACAT PROFILER V3.1c SN 2997   06/15/04  12:14:18.632
# nquan = 9                                 
# nvalues = 771                         
# units = specified
# name 0 = timeJ: Julian Days
# name 1 = prSM: Pressure, Strain Gauge [db]
# name 2 = c0mS/cm: Conductivity [mS/cm]
# name 3 = t090C: Temperature [ITS-90, deg C]
# name 4 = oxML/L: Oxygen, Beckman/YSI [ml/l]
# name 5 = depSM: Depth [salt water, m], lat = 47.5
# name 6 = sal00: Salinity, Practical [PSU]
# name 7 = sigma-é00: Density [sigma-theta, kg/m^3]
# name 8 = flag: flag
# span 0 = 167.466331, 167.470787       
# span 1 =     -5.115,     34.195       
# span 2 =   0.332525,  37.592038       
# span 3 =     8.4085,    13.5387       
# span 4 =  -12.55066,   32.20071       
# span 5 =     -5.072,     33.907       
# span 6 =     0.2135,    32.9146       
# span 7 =    -0.3478,    25.5710       
# span 8 = 0.0000e+00, 0.0000e+00       
# interval = seconds: 0.5
# start_time = Jun 15 2004 11:11:31 [Instrument's time stamp, header]
# bad_flag = -9.990e-29
*END*
[from data line 321]
 167.468189      0.794  37.569124    13.5021    5.79574      0.787    31.3643    23.4794 -9.990e-29
 167.468194      0.799  37.569866    13.5013    5.79759      0.792    31.3656    23.4806 -9.990e-29
 167.468200      0.807  37.569688    13.4974    5.80054      0.800    31.3687    23.4837 -9.990e-29
 167.468206      0.817  37.566113    13.4919    5.80501      0.810    31.3698    23.4857 -9.990e-29
 167.468212      0.828  37.561115    13.4895    5.81092      0.821    31.3672    23.4841 -9.990e-29
 167.468218      0.833  37.559812    13.4895    5.82780      0.826    31.3660    23.4832 -9.990e-29
 167.468223      0.840  37.559351    13.4883    5.82903      0.833    31.3665    23.4838 -9.990e-29
 167.468229      0.851  37.556316    13.4879    5.81159      0.844    31.3640    23.4820 -9.990e-29
 167.468235      0.868  37.555643    13.4900    5.79648      0.861    31.3617    23.4798 -9.990e-29
 167.468241      0.892  37.558684    13.4929    5.79549      0.885    31.3621    23.4795 -9.990e-29
 167.468247      0.921  37.561646    13.4950    5.80430      0.913    31.3631    23.4799 -9.990e-29
 167.468252      0.946  37.563437    13.4968    5.81972      0.938    31.3633    23.4797 -9.990e-29
 167.468258      0.966  37.564769    13.4992    5.83107      0.958    31.3625    23.4786 -9.990e-29
 167.468264      0.982  37.566863    13.5021    5.81691      0.974    31.3621    23.4777 -9.990e-29
 167.468270      0.995  37.569710    13.5048    5.81055      0.987    31.3625    23.4775 -9.990e-29
 167.468275      1.006  37.572064    13.5069    5.81234      0.998    31.3630    23.4774 -9.990e-29
 167.468281      1.011  37.573705    13.5083    5.81254      1.003    31.3634    23.4774 -9.990e-29
 167.468287      1.006  37.574583    13.5094    5.81200      0.998    31.3633    23.4771 -9.990e-29
 167.468293      0.995  37.574754    13.5107    5.79637      0.987    31.3624    23.4762 -9.990e-29
 167.468299      0.983  37.575015    13.5111    5.78419      0.975    31.3623    23.4760 -9.990e-29
 167.468304      0.967  37.575158    13.5079    5.79632      0.959    31.3650    23.4788 -9.990e-29
 167.468310      0.951  37.572576    13.5007    5.81625      0.943    31.3686    23.4830 -9.990e-29
 167.468316      0.944  37.566075    13.4930    5.83288      0.936    31.3689    23.4847 -9.990e-29
 167.468322      0.943  37.558775    13.4878    5.82943      0.935    31.3663    23.4838 -9.990e-29
 167.468328      0.942  37.554408    13.4869    5.81327      0.934    31.3630    23.4814 -9.990e-29
 167.468333      0.939  37.555010    13.4894    5.81100      0.931    31.3615    23.4798 -9.990e-29
 167.468339      0.939  37.558583    13.4913    5.81591      0.931    31.3633    23.4808 -9.990e-29
 167.468345      0.937  37.559800    13.4915    5.81495      0.929    31.3643    23.4815 -9.990e-29
 167.468351      0.934  37.558608    13.4922    5.80950      0.926    31.3626    23.4800 -9.990e-29
 167.468356      0.933  37.559034    13.4941    5.81784      0.925    31.3614    23.4788 -9.990e-29
 167.468362      0.934  37.561089    13.4960    5.83477      0.926    31.3618    23.4786 -9.990e-29
 167.468368      0.943  37.562473    13.4969    5.83751      0.935    31.3623    23.4789 -9.990e-29
 167.468374      0.958  37.562233    13.4964    5.82383      0.950    31.3625    23.4791 -9.990e-29
 167.468380      0.974  37.561177    13.4955    5.80554      0.966    31.3622    23.4791 -9.990e-29
 167.468385      0.985  37.561267    13.4965    5.80339      0.977    31.3615    23.4783 -9.990e-29
 167.468391      0.994  37.563753    13.4998    5.81677      0.986    31.3611    23.4774 -9.990e-29
 167.468397      1.001  37.568028    13.5010    5.81234      0.993    31.3641    23.4794 -9.990e-29
 167.468403      1.006  37.568579    13.4982    5.81759      0.998    31.3669    23.4822 -9.990e-29
 167.468409      1.009  37.563341    13.4974    5.81388      1.001    31.3627    23.4791 -9.990e-29
 167.468414      1.011  37.561043    13.5007    5.82481      1.003    31.3578    23.4747 -9.990e-29
 167.468420      1.016  37.565920    13.5031    5.83211      1.008    31.3604    23.4762 -9.990e-29
 167.468426      1.029  37.569896    13.5031    5.82913      1.020    31.3641    23.4790 -9.990e-29
 167.468432      1.045  37.568183    13.5032    5.81932      1.036    31.3624    23.4777 -9.990e-29
 167.468437      1.063  37.566355    13.5041    5.81822      1.054    31.3600    23.4756 -9.990e-29
 167.468443      1.079  37.567028    13.5048    5.81255      1.070    31.3600    23.4755 -9.990e-29
 167.468449      1.085  37.568299    13.5052    5.81315      1.076    31.3608    23.4761 -9.990e-29
 167.468455      1.081  37.569622    13.5061    5.81623      1.072    31.3613    23.4763 -9.990e-29
 167.468461      1.073  37.571085    13.5082    5.82740      1.064    31.3610    23.4756 -9.990e-29
 167.468466      1.058  37.572962    13.5105    5.83817      1.049    31.3608    23.4750 -9.990e-29
 167.468472      1.045  37.574954    13.5123    5.82659      1.036    31.3612    23.4750 -9.990e-29
 167.468478      1.042  37.576357    13.5139    5.82037      1.033    31.3612    23.4747 -9.990e-29
 167.468484      1.043  37.577365    13.5159    5.81219      1.034    31.3605    23.4737 -9.990e-29
 167.468490      1.046  37.579325    13.5182    5.81235      1.037    31.3604    23.4732 -9.990e-29
 167.468495      1.050  37.582052    13.5199    5.82409      1.041    31.3616    23.4737 -9.990e-29
 167.468501      1.054  37.584137    13.5199    5.83130      1.045    31.3635    23.4752 -9.990e-29
 167.468507      1.061  37.584437    13.5194    5.82653      1.052    31.3642    23.4759 -9.990e-29
 167.468513      1.065  37.583358    13.5194    5.81510      1.056    31.3632    23.4751 -9.990e-29
 167.468519      1.063  37.582831    13.5199    5.81355      1.054    31.3623    23.4743 -9.990e-29
 167.468524      1.059  37.583278    13.5209    5.82003      1.050    31.3619    23.4738 -9.990e-29
 167.468530      1.056  37.584180    13.5219    5.83119      1.047    31.3619    23.4736 -9.990e-29
 167.468536      1.055  37.585060    13.5222    5.83104      1.046    31.3625    23.4740 -9.990e-29
 167.468542      1.056  37.585412    13.5226    5.81506      1.047    31.3625    23.4739 -9.990e-29
 167.468547      1.058  37.585150    13.5238    5.80795      1.049    31.3612    23.4727 -9.990e-29
 167.468553      1.062  37.585050    13.5248    5.81355      1.053    31.3603    23.4718 -9.990e-29
 167.468559      1.068  37.585546    13.5221    5.83389      1.059    31.3630    23.4744 -9.990e-29
 167.468565      1.076  37.583376    13.5153    5.83414      1.067    31.3666    23.4785 -9.990e-29
 167.468571      1.083  37.576774    13.5105    5.82514      1.074    31.3644    23.4778 -9.990e-29
 167.468576      1.085  37.572085    13.5112    5.80413      1.076    31.3594    23.4738 -9.990e-29
 167.468582      1.086  37.573720    13.5133    5.80363      1.077    31.3592    23.4732 -9.990e-29
 167.468588      1.091  37.577129    13.5107    5.80966      1.082    31.3645    23.4779 -9.990e-29
 167.468594      1.099  37.575645    13.5027    5.81528      1.090    31.3697    23.4835 -9.990e-29
 167.468600      1.108  37.568976    13.4945    5.83212      1.099    31.3703    23.4855 -9.990e-29
 167.468605      1.113  37.562259    13.4906    5.83174      1.104    31.3672    23.4839 -9.990e-29
 167.468611      1.119  37.559441    13.4923    5.83174      1.110    31.3632    23.4805 -9.990e-29
 167.468617      1.127  37.561816    13.4970    5.82244      1.118    31.3615    23.4783 -9.990e-29
 167.468623      1.132  37.564701    13.5019    5.81546      1.123    31.3602    23.4763 -9.990e-29
 167.468628      1.135  37.566338    13.5055    5.82854      1.126    31.3588    23.4744 -9.990e-29
 167.468634      1.136  37.569475    13.5069    5.83909      1.127    31.3605    23.4755 -9.990e-29
 167.468640      1.139  37.571568    13.5072    5.84343      1.129    31.3622    23.4768 -9.990e-29
 167.468646      1.146  37.572047    13.5078    5.84178      1.136    31.3622    23.4766 -9.990e-29
 167.468652      1.146  37.572679    13.5089    5.81681      1.136    31.3619    23.4762 -9.990e-29
 167.468657      1.141  37.573188    13.5102    5.81662      1.131    31.3613    23.4754 -9.990e-29
 167.468663      1.139  37.573696    13.5111    5.83068      1.129    31.3610    23.4751 -9.990e-29
 167.468669      1.144  37.574325    13.5116    5.83120      1.134    31.3612    23.4751 -9.990e-29
 167.468675      1.152  37.574797    13.5113    5.83104      1.142    31.3618    23.4757 -9.990e-29
 167.468681      1.155  37.574060    13.5103    5.81569      1.145    31.3620    23.4760 -9.990e-29
 167.468686      1.152  37.572820    13.5095    5.79821      1.142    31.3615    23.4758 -9.990e-29
 167.468692      1.149  37.572792    13.5075    5.80565      1.139    31.3631    23.4774 -9.990e-29
 167.468698      1.145  37.571140    13.5023    5.81751      1.135    31.3658    23.4805 -9.990e-29
 167.468704      1.144  37.566226    13.4958    5.83741      1.134    31.3666    23.4824 -9.990e-29
 167.468709      1.146  37.561599    13.4914    5.84428      1.136    31.3659    23.4828 -9.990e-29
 167.468715      1.147  37.559509    13.4906    5.83400      1.137    31.3647    23.4820 -9.990e-29
 167.468721      1.151  37.559414    13.4922    5.82724      1.141    31.3632    23.4805 -9.990e-29
 167.468727      1.159  37.560631    13.4950    5.83066      1.149    31.3621    23.4791 -9.990e-29
 167.468733      1.166  37.562543    13.4979    5.83525      1.156    31.3615    23.4780 -9.990e-29
 167.468738      1.177  37.564338    13.5006    5.84419      1.167    31.3609    23.4771 -9.990e-29
 167.468744      1.193  37.566171    13.5030    5.84997      1.183    31.3606    23.4764 -9.990e-29
 167.468750      1.207  37.568247    13.5050    5.83520      1.197    31.3609    23.4762 -9.990e-29
 167.468756      1.216  37.569970    13.5060    5.81833      1.206    31.3617    23.4766 -9.990e-29
 167.468762      1.218  37.570838    13.5058    5.80628      1.208    31.3627    23.4774 -9.990e-29
 167.468767      1.220  37.570330    13.5028    5.81680      1.210    31.3647    23.4795 -9.990e-29
 167.468773      1.226  37.567215    13.4958    5.83478      1.216    31.3675    23.4831 -9.990e-29
 167.468779      1.230  37.561271    13.4870    5.83536      1.220    31.3692    23.4862 -9.990e-29
 167.468785      1.235  37.554671    13.4804    5.82905      1.225    31.3685    23.4870 -9.990e-29
 167.468791      1.244  37.549837    13.4784    5.82079      1.234    31.3656    23.4851 -9.990e-29
 167.468796      1.254  37.548180    13.4797    5.82518      1.244    31.3630    23.4829 -9.990e-29
 167.468802      1.261  37.549178    13.4809    5.83666      1.250    31.3630    23.4826 -9.990e-29
 167.468808      1.266  37.550236    13.4796    5.84199      1.255    31.3650    23.4844 -9.990e-29
 167.468814      1.268  37.548845    13.4770    5.82580      1.257    31.3659    23.4856 -9.990e-29
 167.468819      1.268  37.546520    13.4778    5.82004      1.257    31.3631    23.4833 -9.990e-29
 167.468825      1.271  37.547456    13.4818    5.82389      1.260    31.3606    23.4806 -9.990e-29
 167.468831      1.281  37.551225    13.4848    5.83471      1.270    31.3617    23.4808 -9.990e-29
 167.468837      1.293  37.553880    13.4856    5.84839      1.282    31.3635    23.4820 -9.990e-29
 167.468843      1.305  37.554480    13.4861    5.84188      1.294    31.3636    23.4820 -9.990e-29
 167.468848      1.313  37.554951    13.4879    5.84124      1.302    31.3626    23.4809 -9.990e-29
 167.468854      1.313  37.556486    13.4906    5.83771      1.302    31.3618    23.4797 -9.990e-29
 167.468860      1.310  37.558892    13.4933    5.84234      1.299    31.3618    23.4792 -9.990e-29
 167.468866      1.308  37.561453    13.4954    5.83871      1.297    31.3625    23.4793 -9.990e-29
 167.468872      1.306  37.563103    13.4961    5.82801      1.295    31.3634    23.4799 -9.990e-29
 167.468877      1.305  37.563241    13.4956    5.82525      1.294    31.3639    23.4804 -9.990e-29
 167.468883      1.304  37.562618    13.4952    5.83010      1.293    31.3637    23.4803 -9.990e-29
 167.468889      1.303  37.562092    13.4952    5.84185      1.292    31.3632    23.4799 -9.990e-29
 167.468895      1.302  37.561524    13.4955    5.84078      1.291    31.3624    23.4793 -9.990e-29
 167.468900      1.301  37.561286    13.4965    5.83779      1.290    31.3614    23.4783 -9.990e-29
 167.468906      1.301  37.562185    13.4986    5.83220      1.290    31.3605    23.4772 -9.990e-29
 167.468912      1.300  37.564302    13.5007    5.82465      1.289    31.3607    23.4769 -9.990e-29
 167.468918      1.300  37.566536    13.5019    5.82798      1.289    31.3618    23.4775 -9.990e-29
 167.468924      1.299  37.567383    13.5021    5.82809      1.288    31.3625    23.4780 -9.990e-29
 167.468929      1.299  37.567418    13.5023    5.83559      1.288    31.3623    23.4778 -9.990e-29
 167.468935      1.298  37.567814    13.5033    5.83826      1.287    31.3619    23.4773 -9.990e-29
 167.468941      1.297  37.568543    13.5049    5.83956      1.286    31.3612    23.4765 -9.990e-29
 167.468947      1.296  37.569457    13.5061    5.83184      1.285    31.3611    23.4761 -9.990e-29
 167.468953      1.295  37.570660    13.5067    5.82765      1.284    31.3617    23.4765 -9.990e-29
 167.468958      1.293  37.572076    13.5067    5.83929      1.282    31.3630    23.4775 -9.990e-29
 167.468964      1.291  37.572233    13.5055    5.83857      1.280    31.3642    23.4786 -9.990e-29
 167.468970      1.289  37.570222    13.5036    5.83928      1.278    31.3639    23.4788 -9.990e-29
 167.468976      1.285  37.567854    13.5028    5.84282      1.274    31.3623    23.4777 -9.990e-29
 167.468981      1.281  37.567024    13.5035    5.83383      1.270    31.3610    23.4766 -9.990e-29
 167.468987      1.276  37.567750    13.5046    5.83498      1.265    31.3608    23.4762 -9.990e-29
 167.468993      1.269  37.568763    13.5050    5.83774      1.258    31.3614    23.4766 -9.990e-29
 167.468999      1.260  37.569174    13.5046    5.83238      1.249    31.3621    23.4772 -9.990e-29
 167.469005      1.249  37.568972    13.5039    5.84015      1.239    31.3625    23.4776 -9.990e-29
 167.469010      1.234  37.568456    13.5035    5.81758      1.224    31.3623    23.4776 -9.990e-29
 167.469016      1.219  37.568063    13.5041    5.78519      1.209    31.3615    23.4768 -9.990e-29
 167.469022      1.208  37.568396    13.5057    5.75408      1.198    31.3605    23.4757 -9.990e-29
 167.469028      1.195  37.569902    13.5069    5.70397      1.185    31.3609    23.4758 -9.990e-29
 167.469034      1.176  37.571228    13.5073    5.61800      1.166    31.3618    23.4764 -9.990e-29
 167.469039      1.149  37.571341    13.5086    5.55781      1.139    31.3609    23.4754 -9.990e-29
 167.469045      1.112  37.572080    13.5110    5.51464      1.103    31.3596    23.4740 -9.990e-29
 167.469051      1.068  37.574434    13.5136    5.49199      1.059    31.3597    23.4735 -9.990e-29
 167.469057      1.021  37.576497    13.5161    5.50246      1.012    31.3595    23.4729 -9.990e-29
 167.469063      0.974  37.577101    13.5196    5.48047      0.966    31.3572    23.4705 -9.990e-29
 167.469068      0.928  37.577615    13.5244    5.49722      0.920    31.3538    23.4668 -9.990e-29
 167.469074      0.888  37.579292    13.5298    5.55075      0.881    31.3509    23.4636 -9.990e-29
 167.469080      0.857  37.582129    13.5341    5.58135      0.850    31.3501    23.4620 -9.990e-29
 167.469086      0.831  37.584305    13.5356    5.58545      0.824    31.3509    23.4623 -9.990e-29
 167.469091      0.810  37.583678    13.5348    5.57715      0.803    31.3509    23.4626 -9.990e-29
 167.469097      0.792  37.581661    13.5333    5.55308      0.785    31.3503    23.4624 -9.990e-29
 167.469103      0.776  37.580058    13.5299    5.55441      0.770    31.3516    23.4640 -9.990e-29
