data/oxygen options/OCNMS/OCNMS2/raw_data/2004/CTD_CA30_072704faed.cnv
* Sea-Bird SBE19 Data File:
* FileName = C:\WINDOWS\Desktop\put hypoxia files here\CTD files\July 26_27-04\CA\CA3_072704.hex
* Software Version 1.1.4
* Temperature SN = 2997
* Conductivity SN = 2997
* System UpLoad Time = Jul 27 2004 15:53:04
* SEACAT PROFILER V3.1c SN 2997   07/27/04  15:52:20.973
* strain gauge pressure sensor: S/N = 184829,  range = 3000 psia,  tc = 40
# nquan = 9                                 
# nvalues = 548                         
# units = specified
# name 0 = timeJ: Julian Days
# name 1 = prSM: Pressure, Strain Gauge [db]
# name 2 = c0mS/cm: Conductivity [mS/cm]
# name 3 = t090C: Temperature [ITS-90, deg C]
# name 4 = oxML/L: Oxygen, Beckman/YSI [ml/l]
# name 5 = depSM: Depth [salt water, m], lat = 47.5
# name 6 = sal00: Salinity, Practical [PSU]
# name 7 = sigma-é00: Density [sigma-theta, kg/m^3]
# name 8 = flag: flag
# span 0 = 209.616782, 209.619948       
# span 1 =     -5.091,     29.701       
# span 2 =   3.363303,  38.425555       
# span 3 =     7.6395,    13.3533       
# span 4 =   -0.04646,   33.53415       
# span 5 =     -5.049,     29.451       
# span 6 =     2.3192,    33.5549       
# span 7 =     1.1388,    26.1477       
# span 8 = 0.0000e+00, 0.0000e+00       
# interval = seconds: 0.5
# start_time = Jul 27 2004 14:48:10 [Instrument's time stamp, header]
# bad_flag = -9.990e-29
*END*
[from data line 161]
 209.617714     -0.695  38.203509    12.5034    8.42935     -0.689    32.8086    24.7921 -9.990e-29
 209.617720     -0.680  38.224864    12.5313    8.42604     -0.674    32.8046    24.7837 -9.990e-29
 209.617726     -0.662  38.251096    12.5372    8.43424     -0.656    32.8245    24.7980 -9.990e-29
 209.617731     -0.644  38.258292    12.5195    8.46530     -0.639    32.8469    24.8187 -9.990e-29
 209.617737     -0.630  38.243718    12.4980    8.48558     -0.625    32.8517    24.8266 -9.990e-29
 209.617743     -0.619  38.221048    12.4995    8.48637     -0.614    32.8287    24.8085 -9.990e-29
 209.617749     -0.609  38.218965    12.5272    8.48485     -0.604    32.8025    24.7829 -9.990e-29
 209.617755     -0.601  38.245351    12.5573    8.48521     -0.596    32.8015    24.7763 -9.990e-29
 209.617760     -0.594  38.273684    12.5698    8.49326     -0.589    32.8176    24.7864 -9.990e-29
 209.617766     -0.587  38.282849    12.5640    8.50795     -0.582    32.8315    24.7982 -9.990e-29
 209.617772     -0.580  38.274983    12.5539    8.51660     -0.575    32.8328    24.8012 -9.990e-29
 209.617778     -0.572  38.265412    12.5501    8.51380     -0.567    32.8269    24.7974 -9.990e-29
 209.617784     -0.564  38.263821    12.5492    8.51115     -0.559    32.8262    24.7970 -9.990e-29
 209.617789     -0.554  38.264168    12.5457    8.49857     -0.549    32.8296    24.8003 -9.990e-29
 209.617795     -0.546  38.259067    12.5400    8.49737     -0.541    32.8297    24.8014 -9.990e-29
 209.617801     -0.544  38.250139    12.5384    8.49335     -0.539    32.8225    24.7962 -9.990e-29
 209.617807     -0.543  38.246242    12.5429    8.48989     -0.538    32.8149    24.7894 -9.990e-29
 209.617813     -0.540  38.251724    12.5446    8.47522     -0.535    32.8186    24.7920 -9.990e-29
 209.617818     -0.533  38.256511    12.5396    8.48888     -0.529    32.8276    24.7999 -9.990e-29
 209.617824     -0.523  38.255214    12.5268    8.51513     -0.519    32.8375    24.8101 -9.990e-29
 209.617830     -0.509  38.247232    12.5051    8.50809     -0.505    32.8488    24.8230 -9.990e-29
 209.617836     -0.491  38.229225    12.4934    8.49425     -0.487    32.8418    24.8198 -9.990e-29
 209.617841     -0.470  38.217581    12.5066    8.49356     -0.466    32.8191    24.7997 -9.990e-29
 209.617847     -0.454  38.229312    12.5281    8.48544     -0.450    32.8116    24.7897 -9.990e-29
 209.617853     -0.447  38.248646    12.5393    8.45578     -0.443    32.8203    24.7943 -9.990e-29
 209.617859     -0.445  38.257054    12.5380    8.44970     -0.441    32.8295    24.8017 -9.990e-29
 209.617865     -0.441  38.254540    12.5189    8.43376     -0.437    32.8437    24.8164 -9.990e-29
 209.617870     -0.437  38.239445    12.4731    8.45244     -0.433    32.8693    24.8450 -9.990e-29
 209.617876     -0.428  38.203992    12.4217    8.45867     -0.424    32.8804    24.8634 -9.990e-29
 209.617882     -0.412  38.157578    12.4061    8.43787     -0.409    32.8496    24.8425 -9.990e-29
 209.617888     -0.394  38.137050    12.4325    8.40662     -0.391    32.8068    24.8043 -9.990e-29
 209.617894     -0.372  38.161034    12.4672    8.37651     -0.369    32.7994    24.7920 -9.990e-29
 209.617899     -0.350  38.196996    12.4798    8.36811     -0.347    32.8228    24.8077 -9.990e-29
 209.617905     -0.329  38.209313    12.4624    8.38331     -0.326    32.8498    24.8319 -9.990e-29
 209.617911     -0.309  38.194225    12.4261    8.39618     -0.306    32.8671    24.8523 -9.990e-29
 209.617917     -0.289  38.163604    12.3967    8.39312     -0.287    32.8635    24.8551 -9.990e-29
 209.617922     -0.275  38.138337    12.3925    8.39198     -0.273    32.8430    24.8400 -9.990e-29
 209.617928     -0.276  38.134660    12.4112    8.38747     -0.274    32.8231    24.8210 -9.990e-29
 209.617934     -0.282  38.151035    12.4406    8.38879     -0.280    32.8130    24.8076 -9.990e-29
 209.617940     -0.286  38.177888    12.4655    8.38329     -0.284    32.8170    24.8059 -9.990e-29
 209.617946     -0.289  38.200544    12.4756    8.36129     -0.287    32.8299    24.8140 -9.990e-29
 209.617951     -0.289  38.208272    12.4719    8.38144     -0.287    32.8405    24.8229 -9.990e-29
 209.617957     -0.287  38.204656    12.4525    8.40864     -0.285    32.8540    24.8371 -9.990e-29
 209.617963     -0.284  38.189374    12.4188    8.42182     -0.282    32.8689    24.8551 -9.990e-29
 209.617969     -0.278  38.161128    12.3980    8.42929     -0.276    32.8600    24.8522 -9.990e-29
 209.617975     -0.270  38.142289    12.4136    8.40622     -0.268    32.8283    24.8246 -9.990e-29
 209.617980     -0.259  38.154299    12.4536    8.39508     -0.257    32.8048    24.7987 -9.990e-29
 209.617986     -0.245  38.189052    12.4863    8.38283     -0.243    32.8095    24.7961 -9.990e-29
 209.617992     -0.225  38.218281    12.4918    8.37991     -0.223    32.8326    24.8130 -9.990e-29
 209.617998     -0.204  38.222632    12.4697    8.39414     -0.202    32.8561    24.8354 -9.990e-29
 209.618003     -0.189  38.204556    12.4275    8.39304     -0.187    32.8758    24.8587 -9.990e-29
 209.618009     -0.178  38.170253    12.3863    8.42993     -0.177    32.8790    24.8691 -9.990e-29
 209.618015     -0.167  38.134015    12.3745    8.43518     -0.166    32.8545    24.8524 -9.990e-29
 209.618021     -0.159  38.122697    12.4020    8.42264     -0.158    32.8196    24.8201 -9.990e-29
 209.618027     -0.154  38.148693    12.4586    8.40585     -0.153    32.7950    24.7902 -9.990e-29
 209.618032     -0.147  38.207960    12.5115    8.38877     -0.146    32.8055    24.7882 -9.990e-29
 209.618038     -0.142  38.266213    12.5132    8.39867     -0.141    32.8598    24.8299 -9.990e-29
 209.618044     -0.139  38.262571    12.4636    8.40456     -0.138    32.8997    24.8704 -9.990e-29
 209.618050     -0.133  38.203982    12.4132    8.39817     -0.132    32.8877    24.8707 -9.990e-29
 209.618056     -0.128  38.152586    12.3959    8.37568     -0.127    32.8536    24.8476 -9.990e-29
 209.618061     -0.128  38.135780    12.4046    8.35592     -0.127    32.8298    24.8275 -9.990e-29
 209.618067     -0.129  38.145736    12.4128    8.34370     -0.128    32.8322    24.8278 -9.990e-29
 209.618073     -0.123  38.157028    12.4051    8.33587     -0.122    32.8498    24.8429 -9.990e-29
 209.618079     -0.108  38.151624    12.3901    8.34123     -0.107    32.8577    24.8519 -9.990e-29
 209.618084     -0.093  38.138038    12.3826    8.33231     -0.092    32.8513    24.8483 -9.990e-29
 209.618090     -0.080  38.131256    12.3819    8.32563     -0.079    32.8454    24.8439 -9.990e-29
 209.618096     -0.070  38.131778    12.3792    8.32837     -0.069    32.8482    24.8466 -9.990e-29
 209.618102     -0.061  38.130767    12.3743    8.36457     -0.060    32.8515    24.8501 -9.990e-29
 209.618108     -0.053  38.126323    12.3765    8.38180     -0.053    32.8453    24.8449 -9.990e-29
 209.618113     -0.045  38.127113    12.3979    8.37982     -0.045    32.8274    24.8269 -9.990e-29
 209.618119     -0.037  38.145976    12.4342    8.37391     -0.037    32.8137    24.8094 -9.990e-29
 209.618125     -0.029  38.180581    12.4567    8.37506     -0.029    32.8272    24.8155 -9.990e-29
 209.618131     -0.019  38.201904    12.4479    8.38478     -0.019    32.8553    24.8390 -9.990e-29
 209.618137     -0.012  38.190149    12.4276    8.38396     -0.012    32.8618    24.8479 -9.990e-29
 209.618142     -0.011  38.166681    12.4225    8.35188     -0.011    32.8438    24.8349 -9.990e-29
 209.618148     -0.011  38.160798    12.4258    8.31229     -0.011    32.8352    24.8277 -9.990e-29
 209.618154     -0.010  38.164097    12.4089    8.30399     -0.010    32.8532    24.8448 -9.990e-29
 209.618160     -0.006  38.148448    12.3658    8.28980     -0.006    32.8759    24.8707 -9.990e-29
 209.618166      0.001  38.110949    12.3234    8.28777      0.001    32.8771    24.8797 -9.990e-29
 209.618171      0.011  38.074534    12.3111    8.28017      0.011    32.8529    24.8632 -9.990e-29
 209.618177      0.024  38.061892    12.3338    8.28049      0.024    32.8209    24.8341 -9.990e-29
 209.618183      0.038  38.079728    12.3697    8.30281      0.038    32.8066    24.8161 -9.990e-29
 209.618189      0.048  38.108069    12.3980    8.33321      0.048    32.8090    24.8126 -9.990e-29
 209.618194      0.057  38.125813    12.4179    8.35463      0.057    32.8086    24.8085 -9.990e-29
 209.618200      0.059  38.140740    12.4356    8.35369      0.059    32.8074    24.8042 -9.990e-29
 209.618206      0.055  38.160983    12.4546    8.37093      0.055    32.8102    24.8027 -9.990e-29
 209.618212      0.049  38.183619    12.4713    8.38668      0.049    32.8173    24.8050 -9.990e-29
 209.618218      0.041  38.202370    12.4717    8.39187      0.041    32.8349    24.8186 -9.990e-29
 209.618223      0.034  38.205031    12.4583    8.39121      0.034    32.8491    24.8322 -9.990e-29
 209.618229      0.032  38.191792    12.4470    8.37228      0.032    32.8464    24.8322 -9.990e-29
 209.618235      0.035  38.176982    12.4352    8.36834      0.035    32.8425    24.8315 -9.990e-29
 209.618241      0.044  38.166099    12.4171    8.34471      0.044    32.8479    24.8391 -9.990e-29
 209.618247      0.058  38.154170    12.3999    8.32608      0.058    32.8515    24.8452 -9.990e-29
 209.618252      0.075  38.142685    12.3888    8.32757      0.074    32.8502    24.8463 -9.990e-29
 209.618258      0.087  38.135403    12.3747    8.31556      0.086    32.8556    24.8532 -9.990e-29
 209.618264      0.095  38.124859    12.3525    8.32134      0.094    32.8649    24.8647 -9.990e-29
 209.618270      0.103  38.107654    12.3370    8.33960      0.102    32.8620    24.8653 -9.990e-29
 209.618275      0.108  38.095070    12.3406    8.32928      0.107    32.8467    24.8528 -9.990e-29
 209.618281      0.110  38.096695    12.3570    8.31085      0.109    32.8339    24.8398 -9.990e-29
 209.618287      0.114  38.107400    12.3764    8.27893      0.113    32.8272    24.8309 -9.990e-29
 209.618293      0.120  38.121830    12.3864    8.27482      0.119    32.8323    24.8329 -9.990e-29
 209.618299      0.127  38.134547    12.3694    8.28420      0.126    32.8594    24.8572 -9.990e-29
 209.618304      0.138  38.124371    12.3333    8.27902      0.137    32.8813    24.8810 -9.990e-29
 209.618310      0.151  38.092326    12.3063    8.25120      0.150    32.8742    24.8806 -9.990e-29
 209.618316      0.164  38.067492    12.2983    8.24361      0.163    32.8573    24.8691 -9.990e-29
 209.618322      0.174  38.061628    12.3003    8.25930      0.173    32.8499    24.8630 -9.990e-29
 209.618328      0.180  38.065791    12.3052    8.28289      0.178    32.8496    24.8618 -9.990e-29
 209.618333      0.185  38.070390    12.3200    8.29240      0.183    32.8411    24.8524 -9.990e-29
 209.618339      0.186  38.078757    12.3547    8.26607      0.184    32.8187    24.8284 -9.990e-29
 209.618345      0.186  38.104857    12.3934    8.25342      0.184    32.8099    24.8142 -9.990e-29
 209.618351      0.183  38.139176    12.4020    8.27524      0.181    32.8353    24.8322 -9.990e-29
 209.618356      0.183  38.147261    12.3729    8.31025      0.181    32.8685    24.8636 -9.990e-29
 209.618362      0.188  38.121391    12.3398    8.33680      0.186    32.8727    24.8731 -9.990e-29
 209.618368      0.195  38.091596    12.3395    8.32244      0.193    32.8443    24.8512 -9.990e-29
 209.618374      0.201  38.089949    12.3689    8.30913      0.199    32.8170    24.8244 -9.990e-29
 209.618380      0.206  38.116492    12.3954    8.30536      0.204    32.8193    24.8211 -9.990e-29
 209.618385      0.209  38.142104    12.3996    8.31884      0.207    32.8401    24.8365 -9.990e-29
 209.618391      0.212  38.146531    12.3917    8.33476      0.210    32.8513    24.8466 -9.990e-29
 209.618397      0.214  38.136807    12.3889    8.31770      0.212    32.8444    24.8418 -9.990e-29
 209.618403      0.216  38.130266    12.3941    8.29767      0.214    32.8336    24.8325 -9.990e-29
 209.618409      0.218  38.133894    12.3984    8.28645      0.216    32.8333    24.8314 -9.990e-29
 209.618414      0.219  38.139626    12.3863    8.29558      0.217    32.8494    24.8462 -9.990e-29
 209.618420      0.224  38.132112    12.3551    8.30617      0.222    32.8695    24.8678 -9.990e-29
 209.618426      0.239  38.108069    12.3310    8.32389      0.237    32.8676    24.8708 -9.990e-29
 209.618432      0.258  38.087056    12.3366    8.31089      0.256    32.8425    24.8503 -9.990e-29
 209.618438      0.280  38.089293    12.3632    8.29787      0.278    32.8213    24.8288 -9.990e-29
 209.618443      0.302  38.111590    12.3906    8.27658      0.299    32.8187    24.8216 -9.990e-29
 209.618449      0.315  38.137120    12.4041    8.25728      0.312    32.8314    24.8288 -9.990e-29
 209.618455      0.318  38.155052    12.3925    8.25773      0.315    32.8587    24.8523 -9.990e-29
 209.618461      0.314  38.150034    12.3587    8.27450      0.311    32.8836    24.8779 -9.990e-29
 209.618466      0.312  38.113699    12.3255    8.28309      0.309    32.8778    24.8798 -9.990e-29
 209.618472      0.315  38.076144    12.3137    8.27303      0.312    32.8521    24.8621 -9.990e-29
 209.618478      0.325  38.066952    12.3278    8.25140      0.322    32.8309    24.8430 -9.990e-29
 209.618484      0.336  38.082276    12.3588    8.24038      0.333    32.8184    24.8274 -9.990e-29
 209.618490      0.347  38.110573    12.3824    8.26690      0.344    32.8249    24.8280 -9.990e-29
 209.618495      0.361  38.131234    12.3813    8.27066      0.358    32.8457    24.8443 -9.990e-29
 209.618501      0.379  38.126379    12.3692    8.27712      0.376    32.8516    24.8512 -9.990e-29
 209.618507      0.395  38.112547    12.3661    8.28093      0.392    32.8411    24.8436 -9.990e-29
 209.618513      0.405  38.110564    12.3768    8.27079      0.402    32.8298    24.8328 -9.990e-29
 209.618519      0.409  38.121153    12.3921    8.29004      0.406    32.8265    24.8274 -9.990e-29
 209.618524      0.408  38.134871    12.3984    8.28592      0.405    32.8342    24.8321 -9.990e-29
 209.618530      0.402  38.137479    12.3947    8.29972      0.399    32.8399    24.8372 -9.990e-29
 209.618536      0.395  38.129655    12.3906    8.32768      0.392    32.8360    24.8350 -9.990e-29
 209.618542      0.390  38.126778    12.3951    8.33645      0.387    32.8293    24.8289 -9.990e-29
 209.618547      0.387  38.133429    12.4117    8.32666      0.384    32.8212    24.8195 -9.990e-29
 209.618553      0.386  38.146137    12.4384    8.29208      0.383    32.8100    24.8057 -9.990e-29
 209.618559      0.383  38.167263    12.4602    8.29201      0.380    32.8112    24.8024 -9.990e-29
 209.618565      0.373  38.190761    12.4512    8.29925      0.370    32.8416    24.8277 -9.990e-29
 209.618571      0.360  38.191872    12.4069    8.31862      0.357    32.8814    24.8671 -9.990e-29
 209.618576      0.351  38.159185    12.3615    8.30779      0.348    32.8899    24.8823 -9.990e-29
 209.618582      0.351  38.118122    12.3496    8.27776      0.348    32.8609    24.8621 -9.990e-29
 209.618588      0.359  38.100878    12.3658    8.27757      0.356    32.8301    24.8352 -9.990e-29
 209.618594      0.371  38.111381    12.3834    8.28807      0.368    32.8248    24.8277 -9.990e-29
 209.618600      0.384  38.127175    12.3904    8.30950      0.381    32.8338    24.8333 -9.990e-29
 209.618605      0.399  38.132860    12.3937    8.31186      0.396    32.8364    24.8347 -9.990e-29
 209.618611      0.413  38.135464    12.4010    8.29692      0.410    32.8325    24.8303 -9.990e-29
 209.618617      0.422  38.141829    12.4123    8.27389      0.418    32.8287    24.8252 -9.990e-29
 209.618623      0.426  38.151466    12.4195    8.25390      0.422    32.8316    24.8261 -9.990e-29
 209.618628      0.430  38.158158    12.4125    8.23912      0.426    32.8442    24.8371 -9.990e-29
