data/oxygen options/OCNMS/OCNMS2/raw_data/2004/CTD_TH100_061504faed.cnv
* Sea-Bird SBE19 Data File:
* FileName = C:\WINDOWS\Desktop\put hypoxia files here\CTD files\CA\TH100m061504.hex
* Software Version 1.1.4
* Temperature SN = 2997
* Conductivity SN = 2997
* System UpLoad Time = Jun 15 2004 15:16:14
** Teahwhit Head hypoxia TH10 100m June 15, 2004
* SEACAT PROFILER V3.1c SN 2997   06/15/04  15:13:23.901
# nquan = 9                                 
# nvalues = 1049                        
# units = specified
# name 0 = timeJ: Julian Days
# name 1 = prSM: Pressure, Strain Gauge [db]
# name 2 = c0mS/cm: Conductivity [mS/cm]
# name 3 = t090C: Temperature [ITS-90, deg C]
# name 4 = oxML/L: Oxygen, Beckman/YSI [ml/l]
# name 5 = depSM: Depth [salt water, m], lat = 47.5
# name 6 = sal00: Salinity, Practical [PSU]
# name 7 = sigma-é00: Density [sigma-theta, kg/m^3]
# name 8 = flag: flag
# span 0 = 167.536123, 167.542188       
# span 1 =     -5.403,    102.737       
# span 2 =   0.213888,  37.904394       
# span 3 =     7.3891,    14.2912       
# span 4 =   -0.05435,   31.78028       
# span 5 =     -5.358,    101.854       
# span 6 =     0.1296,    33.6751       
# span 7 =    -0.6916,    26.3225       
# span 8 = 0.0000e+00, 0.0000e+00       
# interval = seconds: 0.5
# start_time = Jun 15 2004 12:52:01 [Instrument's time stamp, header]
# bad_flag = -9.990e-29
*END*
[from data line 161]
 167.537054     -0.837  37.700252    13.2147   14.52184     -0.830    31.7251    23.8151 -9.990e-29
 167.537060     -0.822  37.686132    13.2129   11.29227     -0.815    31.7134    23.8064 -9.990e-29
 167.537066     -0.810  37.688237    13.2217    6.21817     -0.803    31.7080    23.8005 -9.990e-29
 167.537072     -0.803  37.694798    13.2267    3.11200     -0.796    31.7100    23.8010 -9.990e-29
 167.537078     -0.796  37.688773    13.2184    1.82385     -0.789    31.7113    23.8036 -9.990e-29
 167.537083     -0.786  37.665509    13.2061    2.81492     -0.779    31.6997    23.7971 -9.990e-29
 167.537089     -0.771  37.636636    13.1989    4.19626     -0.765    31.6787    23.7823 -9.990e-29
 167.537095     -0.755  37.619199    13.1961    4.73115     -0.749    31.6647    23.7720 -9.990e-29
 167.537101     -0.741  37.612957    13.1952    5.08354     -0.735    31.6596    23.7682 -9.990e-29
 167.537106     -0.729  37.610160    13.1947    5.31004     -0.723    31.6574    23.7666 -9.990e-29
 167.537112     -0.716  37.608777    13.1940    5.45231     -0.710    31.6567    23.7662 -9.990e-29
 167.537118     -0.699  37.608098    13.1937    5.54783     -0.693    31.6563    23.7660 -9.990e-29
 167.537124     -0.676  37.607791    13.1943    5.61536     -0.670    31.6555    23.7652 -9.990e-29
 167.537130     -0.655  37.608021    13.1945    5.66204     -0.650    31.6555    23.7652 -9.990e-29
 167.537135     -0.637  37.607986    13.1931    5.69355     -0.632    31.6566    23.7664 -9.990e-29
 167.537141     -0.623  37.606529    13.1896    5.72360     -0.618    31.6582    23.7683 -9.990e-29
 167.537147     -0.612  37.602843    13.1852    5.73723     -0.607    31.6584    23.7693 -9.990e-29
 167.537153     -0.601  37.598197    13.1825    5.74057     -0.596    31.6563    23.7682 -9.990e-29
 167.537159     -0.592  37.595943    13.1810    5.74358     -0.587    31.6554    23.7678 -9.990e-29
 167.537164     -0.583  37.595332    13.1785    5.73974     -0.578    31.6569    23.7695 -9.990e-29
 167.537170     -0.573  37.593321    13.1741    5.75112     -0.568    31.6587    23.7717 -9.990e-29
 167.537176     -0.562  37.589484    13.1695    5.76886     -0.557    31.6590    23.7728 -9.990e-29
 167.537182     -0.550  37.585448    13.1677    5.77240     -0.545    31.6567    23.7714 -9.990e-29
 167.537187     -0.535  37.583699    13.1685    5.76149     -0.531    31.6544    23.7694 -9.990e-29
 167.537193     -0.517  37.584159    13.1706    5.75779     -0.513    31.6530    23.7680 -9.990e-29
 167.537199     -0.499  37.585772    13.1738    5.75949     -0.495    31.6519    23.7665 -9.990e-29
 167.537205     -0.484  37.588457    13.1768    5.77028     -0.480    31.6519    23.7659 -9.990e-29
 167.537211     -0.466  37.590761    13.1780    5.76763     -0.462    31.6530    23.7666 -9.990e-29
 167.537216     -0.445  37.591281    13.1781    5.76459     -0.441    31.6534    23.7668 -9.990e-29
 167.537222     -0.428  37.590725    13.1780    5.76561     -0.424    31.6530    23.7665 -9.990e-29
 167.537228     -0.417  37.590045    13.1782    5.76545     -0.414    31.6522    23.7658 -9.990e-29
 167.537234     -0.413  37.590033    13.1792    5.76792     -0.410    31.6513    23.7650 -9.990e-29
 167.537240     -0.411  37.591246    13.1806    5.75135     -0.408    31.6513    23.7647 -9.990e-29
 167.537245     -0.406  37.593072    13.1817    5.75179     -0.403    31.6521    23.7651 -9.990e-29
 167.537251     -0.399  37.594593    13.1819    5.74714     -0.396    31.6533    23.7660 -9.990e-29
 167.537257     -0.388  37.595045    13.1819    5.75162     -0.385    31.6538    23.7664 -9.990e-29
 167.537263     -0.376  37.595043    13.1832    5.75420     -0.373    31.6527    23.7653 -9.990e-29
 167.537269     -0.369  37.596281    13.1855    5.76176     -0.366    31.6519    23.7642 -9.990e-29
 167.537274     -0.360  37.598179    13.1878    5.76334     -0.357    31.6518    23.7637 -9.990e-29
 167.537280     -0.346  37.599356    13.1915    5.76434     -0.343    31.6498    23.7614 -9.990e-29
 167.537286     -0.329  37.601394    13.1970    5.74701     -0.326    31.6471    23.7582 -9.990e-29
 167.537292     -0.313  37.604220    13.2012    5.74206     -0.310    31.6462    23.7568 -9.990e-29
 167.537297     -0.297  37.606005    13.2013    5.74500     -0.295    31.6478    23.7580 -9.990e-29
 167.537303     -0.279  37.606339    13.1985    5.75619     -0.277    31.6505    23.7606 -9.990e-29
 167.537309     -0.259  37.604561    13.1972    5.76179     -0.257    31.6499    23.7604 -9.990e-29
 167.537315     -0.239  37.603923    13.1989    5.75580     -0.237    31.6479    23.7585 -9.990e-29
 167.537321     -0.227  37.606390    13.2015    5.75301     -0.225    31.6480    23.7581 -9.990e-29
 167.537326     -0.222  37.608531    13.2039    5.75076     -0.220    31.6480    23.7576 -9.990e-29
 167.537332     -0.216  37.609289    13.2062    5.75455     -0.214    31.6468    23.7562 -9.990e-29
 167.537338     -0.203  37.610811    13.2089    5.75111     -0.201    31.6460    23.7550 -9.990e-29
 167.537344     -0.183  37.614579    13.2114    5.75051     -0.181    31.6474    23.7557 -9.990e-29
 167.537350     -0.158  37.618338    13.2120    5.73994     -0.157    31.6504    23.7579 -9.990e-29
 167.537355     -0.136  37.619263    13.2102    5.73342     -0.135    31.6528    23.7600 -9.990e-29
 167.537361     -0.120  37.617476    13.2064    5.73542     -0.119    31.6543    23.7619 -9.990e-29
 167.537367     -0.108  37.613975    13.2006    5.74496     -0.107    31.6558    23.7643 -9.990e-29
 167.537373     -0.100  37.608589    13.1917    5.75460     -0.099    31.6582    23.7678 -9.990e-29
 167.537378     -0.095  37.600322    13.1803    5.74576     -0.094    31.6599    23.7714 -9.990e-29
 167.537384     -0.093  37.589381    13.1712    5.74083     -0.092    31.6573    23.7712 -9.990e-29
 167.537390     -0.094  37.580823    13.1662    5.73884     -0.093    31.6534    23.7692 -9.990e-29
 167.537396     -0.098  37.577831    13.1646    5.74790     -0.097    31.6519    23.7683 -9.990e-29
 167.537402     -0.101  37.577548    13.1665    5.74846     -0.100    31.6501    23.7665 -9.990e-29
 167.537407     -0.094  37.579610    13.1685    5.74941     -0.093    31.6503    23.7664 -9.990e-29
 167.537413     -0.077  37.581731    13.1681    5.75246     -0.076    31.6527    23.7682 -9.990e-29
 167.537419     -0.063  37.580585    13.1657    5.74871     -0.062    31.6536    23.7694 -9.990e-29
 167.537425     -0.057  37.578020    13.1629    5.75692     -0.057    31.6535    23.7699 -9.990e-29
 167.537431     -0.057  37.575680    13.1618    5.75687     -0.057    31.6522    23.7691 -9.990e-29
 167.537436     -0.057  37.574944    13.1632    5.76961     -0.057    31.6504    23.7674 -9.990e-29
 167.537442     -0.058  37.576526    13.1655    5.76082     -0.058    31.6499    23.7666 -9.990e-29
 167.537448     -0.059  37.578621    13.1676    5.74832     -0.059    31.6502    23.7664 -9.990e-29
 167.537454     -0.062  37.580109    13.1692    5.75694     -0.061    31.6502    23.7661 -9.990e-29
 167.537459     -0.065  37.581305    13.1707    5.76338     -0.064    31.6501    23.7657 -9.990e-29
 167.537465     -0.069  37.582697    13.1723    5.77240     -0.068    31.6501    23.7654 -9.990e-29
 167.537471     -0.070  37.584469    13.1731    5.75277     -0.069    31.6511    23.7660 -9.990e-29
 167.537477     -0.064  37.585634    13.1731    5.74575     -0.063    31.6521    23.7668 -9.990e-29
 167.537483     -0.054  37.585515    13.1733    5.75709     -0.054    31.6519    23.7666 -9.990e-29
 167.537488     -0.045  37.585090    13.1738    5.77165     -0.045    31.6510    23.7659 -9.990e-29
 167.537494     -0.036  37.584924    13.1746    5.77452     -0.036    31.6502    23.7651 -9.990e-29
 167.537500     -0.026  37.585371    13.1756    5.76184     -0.026    31.6498    23.7645 -9.990e-29
 167.537506     -0.015  37.586480    13.1769    5.74679     -0.015    31.6498    23.7642 -9.990e-29
 167.537512     -0.002  37.587498    13.1790    5.74923     -0.002    31.6490    23.7632 -9.990e-29
 167.537517      0.015  37.589236    13.1837    5.75601      0.015    31.6467    23.7605 -9.990e-29
 167.537523      0.035  37.593462    13.1901    5.76140      0.035    31.6453    23.7582 -9.990e-29
 167.537529      0.056  37.599094    13.1956    5.76307      0.056    31.6460    23.7577 -9.990e-29
 167.537535      0.075  37.602999    13.1993    5.75979      0.074    31.6465    23.7574 -9.990e-29
 167.537541      0.094  37.604413    13.2007    5.76602      0.093    31.6467    23.7572 -9.990e-29
 167.537546      0.109  37.604667    13.2000    5.76764      0.108    31.6475    23.7580 -9.990e-29
 167.537552      0.116  37.604861    13.1991    5.75055      0.115    31.6484    23.7589 -9.990e-29
 167.537558      0.122  37.605270    13.1988    5.74374      0.121    31.6491    23.7594 -9.990e-29
 167.537564      0.130  37.605518    13.1984    5.75855      0.129    31.6496    23.7599 -9.990e-29
 167.537569      0.136  37.605384    13.1973    5.76096      0.135    31.6504    23.7608 -9.990e-29
 167.537575      0.141  37.604703    13.1953    5.77522      0.140    31.6514    23.7619 -9.990e-29
 167.537581      0.149  37.603137    13.1940    5.76397      0.148    31.6511    23.7619 -9.990e-29
 167.537587      0.158  37.601414    13.1941    5.74319      0.157    31.6494    23.7606 -9.990e-29
 167.537593      0.162  37.601173    13.1944    5.74131      0.161    31.6489    23.7601 -9.990e-29
 167.537598      0.162  37.602105    13.1932    5.75349      0.161    31.6507    23.7618 -9.990e-29
 167.537604      0.159  37.601537    13.1903    5.76199      0.158    31.6526    23.7638 -9.990e-29
 167.537610      0.151  37.598723    13.1886    5.76945      0.150    31.6514    23.7632 -9.990e-29
 167.537616      0.144  37.596653    13.1904    5.77156      0.143    31.6480    23.7602 -9.990e-29
 167.537622      0.140  37.598188    13.1948    5.76246      0.139    31.6458    23.7576 -9.990e-29
 167.537627      0.136  37.602580    13.1993    5.75679      0.135    31.6461    23.7570 -9.990e-29
 167.537633      0.125  37.606721    13.2027    5.75610      0.124    31.6472    23.7572 -9.990e-29
 167.537639      0.114  37.609415    13.2052    5.76072      0.113    31.6476    23.7570 -9.990e-29
 167.537645      0.108  37.611463    13.2067    5.77248      0.107    31.6483    23.7573 -9.990e-29
 167.537650      0.112  37.612801    13.2068    5.77716      0.111    31.6495    23.7581 -9.990e-29
 167.537656      0.122  37.612982    13.2062    5.77775      0.121    31.6501    23.7588 -9.990e-29
 167.537662      0.134  37.612259    13.2054    5.75677      0.133    31.6501    23.7589 -9.990e-29
 167.537668      0.149  37.611363    13.2042    5.75565      0.148    31.6503    23.7593 -9.990e-29
 167.537674      0.164  37.610230    13.2002    5.76959      0.163    31.6525    23.7618 -9.990e-29
 167.537679      0.175  37.606801    13.1932    5.78226      0.174    31.6551    23.7652 -9.990e-29
 167.537685      0.183  37.600439    13.1873    5.77893      0.181    31.6541    23.7656 -9.990e-29
 167.537691      0.189  37.595013    13.1854    5.75097      0.187    31.6506    23.7632 -9.990e-29
 167.537697      0.193  37.593955    13.1852    5.73254      0.191    31.6498    23.7626 -9.990e-29
 167.537703      0.195  37.594743    13.1824    5.73729      0.193    31.6528    23.7656 -9.990e-29
 167.537708      0.195  37.592270    13.1754    5.76997      0.193    31.6563    23.7696 -9.990e-29
 167.537714      0.193  37.585493    13.1683    5.78918      0.191    31.6559    23.7707 -9.990e-29
 167.537720      0.190  37.579408    13.1660    5.78017      0.188    31.6521    23.7682 -9.990e-29
 167.537726      0.190  37.578252    13.1683    5.76466      0.188    31.6491    23.7655 -9.990e-29
 167.537731      0.196  37.580495    13.1724    5.75246      0.194    31.6478    23.7636 -9.990e-29
 167.537737      0.204  37.583530    13.1753    5.75897      0.202    31.6482    23.7634 -9.990e-29
 167.537743      0.211  37.585245    13.1764    5.77423      0.209    31.6489    23.7637 -9.990e-29
 167.537749      0.218  37.585135    13.1772    5.77195      0.216    31.6482    23.7630 -9.990e-29
 167.537755      0.224  37.585868    13.1783    5.77540      0.222    31.6479    23.7626 -9.990e-29
 167.537760      0.231  37.587872    13.1794    5.77157      0.229    31.6489    23.7631 -9.990e-29
 167.537766      0.239  37.588781    13.1808    5.76476      0.237    31.6486    23.7626 -9.990e-29
 167.537772      0.247  37.589259    13.1827    5.77659      0.245    31.6474    23.7613 -9.990e-29
 167.537778      0.258  37.590515    13.1846    5.77795      0.256    31.6470    23.7606 -9.990e-29
 167.537784      0.266  37.591994    13.1863    5.77895      0.264    31.6470    23.7603 -9.990e-29
 167.537789      0.268  37.593434    13.1872    5.77267      0.266    31.6476    23.7606 -9.990e-29
 167.537795      0.270  37.594524    13.1877    5.76559      0.268    31.6482    23.7609 -9.990e-29
 167.537801      0.274  37.595044    13.1885    5.76699      0.272    31.6480    23.7606 -9.990e-29
 167.537807      0.282  37.595701    13.1903    5.76737      0.280    31.6471    23.7596 -9.990e-29
 167.537813      0.293  37.597379    13.1932    5.78284      0.291    31.6463    23.7584 -9.990e-29
 167.537818      0.309  37.600084    13.1955    5.79260      0.306    31.6469    23.7584 -9.990e-29
 167.537824      0.326  37.602386    13.1964    5.79405      0.323    31.6483    23.7593 -9.990e-29
 167.537830      0.342  37.602881    13.1969    5.77788      0.339    31.6483    23.7592 -9.990e-29
 167.537836      0.356  37.602799    13.1976    5.74833      0.353    31.6477    23.7586 -9.990e-29
 167.537841      0.371  37.603166    13.1978    5.74120      0.368    31.6478    23.7587 -9.990e-29
 167.537847      0.386  37.603359    13.1973    5.76375      0.383    31.6484    23.7592 -9.990e-29
 167.537853      0.399  37.603085    13.1966    5.79729      0.396    31.6487    23.7596 -9.990e-29
 167.537859      0.407  37.602552    13.1961    5.80329      0.404    31.6487    23.7596 -9.990e-29
 167.537865      0.409  37.602182    13.1960    5.77819      0.406    31.6484    23.7595 -9.990e-29
 167.537870      0.410  37.602053    13.1959    5.75441      0.407    31.6484    23.7594 -9.990e-29
 167.537876      0.414  37.602006    13.1958    5.74857      0.411    31.6484    23.7595 -9.990e-29
 167.537882      0.418  37.601988    13.1959    5.77363      0.415    31.6483    23.7594 -9.990e-29
 167.537888      0.421  37.601987    13.1960    5.78800      0.417    31.6482    23.7593 -9.990e-29
 167.537894      0.429  37.602014    13.1960    5.79038      0.425    31.6482    23.7593 -9.990e-29
 167.537899      0.437  37.602114    13.1963    5.77887      0.433    31.6481    23.7591 -9.990e-29
 167.537905      0.442  37.602434    13.1976    5.77024      0.438    31.6473    23.7583 -9.990e-29
 167.537911      0.443  37.603409    13.1991    5.76592      0.439    31.6469    23.7577 -9.990e-29
 167.537917      0.446  37.604668    13.1998    5.76549      0.442    31.6475    23.7580 -9.990e-29
 167.537922      0.454  37.605099    13.1998    5.77458      0.450    31.6479    23.7584 -9.990e-29
 167.537928      0.465  37.604726    13.1998    5.78249      0.461    31.6476    23.7581 -9.990e-29
 167.537934      0.469  37.604745    13.2003    5.79470      0.465    31.6472    23.7577 -9.990e-29
 167.537940      0.464  37.605753    13.2013    5.78166      0.460    31.6473    23.7576 -9.990e-29
 167.537946      0.452  37.606863    13.2025    5.76145      0.448    31.6473    23.7574 -9.990e-29
 167.537951      0.443  37.607882    13.2028    5.76071      0.439    31.6481    23.7579 -9.990e-29
 167.537957      0.443  37.608498    13.2004    5.77514      0.439    31.6506    23.7603 -9.990e-29
 167.537963      0.453  37.606180    13.1972    5.79314      0.449    31.6511    23.7613 -9.990e-29
 167.537969      0.465  37.602338    13.1965    5.79258      0.461    31.6481    23.7591 -9.990e-29
