data/oxygen options/OCNMS/OCNMS2/raw_data/2004/CTD_CE70_072604faed.cnv
* Sea-Bird SBE19 Data File:
* FileName = C:\WINDOWS\Desktop\put hypoxia files here\CTD files\july 24_25-04\CE\CE7-042407.hex
* Software Version 1.1.4
* Temperature SN = 2997
* Conductivity SN = 2997
* System UpLoad Time = Jul 26 2004 14:38:16
* SEACAT PROFILER V3.1c SN 2997   07/26/04  14:37:46.492
* strain gauge pressure sensor: S/N = 184829,  range = 3000 psia,  tc = 40
# nquan = 9                                 
# nvalues = 733                         
# units = specified
# name 0 = timeJ: Julian Days
# name 1 = prSM: Pressure, Strain Gauge [db]
# name 2 = c0mS/cm: Conductivity [mS/cm]
# name 3 = t090C: Temperature [ITS-90, deg C]
# name 4 = oxML/L: Oxygen, Beckman/YSI [ml/l]
# name 5 = depSM: Depth [salt water, m], lat = 47.5
# name 6 = sal00: Salinity, Practical [PSU]
# name 7 = sigma-é00: Density [sigma-theta, kg/m^3]
# name 8 = flag: flag
# span 0 = 208.560671, 208.564907       
# span 1 =     -5.430,     70.081       
# span 2 =   0.541552,  39.759183       
# span 3 =     7.3202,    15.5407       
# span 4 =   -0.05243,   29.63647       
# span 5 =     -5.385,     69.484       
# span 6 =     0.3246,    33.8055       
# span 7 =    -0.7192,    26.4342       
# span 8 = 0.0000e+00, 0.0000e+00       
# interval = seconds: 0.5
# start_time = Jul 26 2004 13:27:22 [Instrument's time stamp, header]
# bad_flag = -9.990e-29
*END*
 208.560671     -5.430 -9.990e-29    15.4546   -0.05243     -5.385 -9.990e-29 -9.990e-29 -9.990e-29
 208.560677     -5.427   0.541552    15.4652   -0.05243     -5.382     0.3246    -0.7192 -9.990e-29
 208.560683     -5.424   0.546600    15.4780   -0.05242     -5.379     0.3276    -0.7189 -9.990e-29
 208.560689     -5.419   0.549898    15.4859   -0.05208     -5.374     0.3295    -0.7186 -9.990e-29
 208.560694     -5.413   0.553066    15.4886   -0.05190     -5.368     0.3315    -0.7175 -9.990e-29
 208.560700     -5.406   0.559222    15.4893   -0.05206     -5.361     0.3353    -0.7147 -9.990e-29
 208.560706     -5.396   0.567141    15.4892   -0.05210     -5.351     0.3402    -0.7109 -9.990e-29
 208.560712     -5.383   0.574055    15.4891   -0.05205     -5.338     0.3445    -0.7075 -9.990e-29
 208.560718     -5.367   0.579181    15.4896   -0.05207     -5.322     0.3476    -0.7052 -9.990e-29
 208.560723     -5.347   0.586021    15.4904   -0.05205     -5.302     0.3519    -0.7020 -9.990e-29
 208.560729     -5.320   0.602584    15.4907   -0.05211     -5.276     0.3622    -0.6941 -9.990e-29
 208.560735     -5.290   0.649841    15.4909   -0.05210     -5.246     0.3916    -0.6714 -9.990e-29
 208.560741     -5.259   0.793023    15.4938   -0.04744     -5.215     0.4813    -0.6025 -9.990e-29
 208.560747     -5.225   1.213047    15.5010   -0.04353     -5.181     0.7494    -0.3967 -9.990e-29
 208.560752     -5.186   1.883345    15.5135   -0.04380     -5.143     1.1884    -0.0603 -9.990e-29
 208.560758     -5.134   2.314320    15.5290   -0.04388     -5.091     1.4759     0.1587 -9.990e-29
 208.560764     -5.068   2.279993    15.5393   -0.04392     -5.026     1.4524     0.1389 -9.990e-29
 208.560770     -5.004   2.133072    15.5407   -0.04400     -4.962     1.3539     0.0629 -9.990e-29
 208.560775     -4.955   2.139487    15.5366   -0.04405     -4.914     1.3583     0.0669 -9.990e-29
 208.560781     -4.913   2.343358    15.5273   -0.04407     -4.872     1.4955     0.1740 -9.990e-29
 208.560787     -4.877   2.954839    15.4990   -0.04405     -4.836     1.9121     0.4991 -9.990e-29
 208.560793     -4.843   4.807570    15.4046   -0.04399     -4.803     3.2139     1.5147 -9.990e-29
 208.560799     -4.806  10.531879    15.2221   -0.04395     -4.766     7.4829     4.8176 -9.990e-29
 208.560804     -4.762  21.173945    15.0263   -0.04394     -4.722    16.0404    11.4039 -9.990e-29
 208.560810     -4.710  31.563412    14.8936   -0.04393     -4.671    24.9463    18.2583 -9.990e-29
 208.560816     -4.649  36.982298    14.8142   -0.04392     -4.610    29.7919    21.9995 -9.990e-29
 208.560822     -4.586  38.763336    14.7544   -0.04392     -4.548    31.4401    23.2811 -9.990e-29
 208.560828     -4.520  39.328354    14.7111   -0.04392     -4.482    31.9865    23.7112 -9.990e-29
 208.560833     -4.450  39.497469    14.6931   -0.04395     -4.413    32.1546    23.8445 -9.990e-29
 208.560839     -4.382  39.551143    14.7028   -0.04396     -4.345    32.1952    23.8738 -9.990e-29
 208.560845     -4.316  39.576640    14.7312   -0.04395     -4.280    32.1948    23.8675 -9.990e-29
 208.560851     -4.246  39.602899    14.7603   -0.04393     -4.211    32.1945    23.8611 -9.990e-29
 208.560856     -4.173  39.632389    14.7791   -0.04391     -4.138    32.2057    23.8657 -9.990e-29
 208.560862     -4.106  39.655057    14.7873   -0.04391     -4.072    32.2194    23.8745 -9.990e-29
 208.560868     -4.048  39.670830    14.7896   -0.04398     -4.014    32.2317    23.8835 -9.990e-29
 208.560874     -3.991  39.686713    14.7903   -0.04400     -3.958    32.2455    23.8940 -9.990e-29
 208.560880     -3.932  39.701998    14.7876   -0.04399     -3.899    32.2616    23.9069 -9.990e-29
 208.560885     -3.876  39.707883    14.7794   -0.04396     -3.844    32.2737    23.9180 -9.990e-29
 208.560891     -3.824  39.702674    14.7717   -0.04393     -3.792    32.2753    23.9209 -9.990e-29
 208.560897     -3.771  39.696256    14.7694   -0.04395     -3.740    32.2714    23.9184 -9.990e-29
 208.560903     -3.720  39.701391    14.7734   -0.04396     -3.689    32.2727    23.9185 -9.990e-29
 208.560909     -3.674  39.725481    14.7823   -0.04395     -3.643    32.2872    23.9278 -9.990e-29
 208.560914     -3.632  39.747896    14.7816   -0.04394     -3.602    32.3080    23.9440 -9.990e-29
 208.560920     -3.587  39.735116    14.7632   -0.04391     -3.557    32.3117    23.9508 -9.990e-29
 208.560926     -3.535  39.695913    14.7446   -0.04387     -3.506    32.2916    23.9392 -9.990e-29
 208.560932     -3.474  39.671161    14.7421   -0.04390     -3.445    32.2712    23.9240 -9.990e-29
 208.560937     -3.407  39.679472    14.7538   -0.04393     -3.379    32.2690    23.9198 -9.990e-29
 208.560943     -3.344  39.703864    14.7672   -0.04393     -3.316    32.2800    23.9255 -9.990e-29
 208.560949     -3.289  39.717379    14.7731   -0.04394     -3.262    32.2873    23.9299 -9.990e-29
 208.560955     -3.243  39.708298    14.7752   -0.04394     -3.216    32.2773    23.9217 -9.990e-29
 208.560961     -3.199  39.688642    14.7789   -0.04396     -3.172    32.2564    23.9048 -9.990e-29
 208.560966     -3.149  39.678213    14.7853   -0.04395     -3.123    32.2416    23.8921 -9.990e-29
 208.560972     -3.095  39.688351    14.7982   -0.04390     -3.069    32.2401    23.8882 -9.990e-29
 208.560978     -3.042  39.722472    14.8129   -0.04393     -3.017    32.2588    23.8995 -9.990e-29
 208.560984     -2.990  39.756489    14.8147   -0.04396     -2.965    32.2881    23.9216 -9.990e-29
 208.560990     -2.941  39.755521    14.8028   -0.04398     -2.916    32.2971    23.9311 -9.990e-29
 208.560995     -2.901  39.733426    14.7902   -0.04396     -2.877    32.2875    23.9264 -9.990e-29
 208.561001     -2.866  39.725833    14.7816   -0.04392     -2.842    32.2877    23.9284 -9.990e-29
 208.561007     -2.830  39.729907    14.7720   -0.04392     -2.806    32.2994    23.9394 -9.990e-29
 208.561013     -2.796  39.729752    14.7648   -0.04399     -2.773    32.3052    23.9454 -9.990e-29
 208.561019     -2.765  39.734697    14.7727   -0.04401     -2.742    32.3031    23.9421 -9.990e-29
 208.561024     -2.735  39.751331    14.7886   -0.04399     -2.712    32.3050    23.9402 -9.990e-29
 208.561030     -2.704  39.759183    14.7896   -0.04396     -2.681    32.3113    23.9448 -9.990e-29
 208.561036     -2.675  39.741227    14.7746   -0.04397     -2.653    32.3074    23.9451 -9.990e-29
 208.561042     -2.651  39.709996    14.7604   -0.04403     -2.629    32.2909    23.9353 -9.990e-29
 208.561047     -2.625  39.696231    14.7614   -0.04404     -2.603    32.2776    23.9249 -9.990e-29
 208.561053     -2.591  39.713555    14.7757   -0.04404     -2.569    32.2814    23.9248 -9.990e-29
 208.561059     -2.552  39.736245    14.7792   -0.04401     -2.531    32.2990    23.9376 -9.990e-29
 208.561065     -2.513  39.727215    14.7608   -0.04398     -2.492    32.3061    23.9470 -9.990e-29
 208.561071     -2.477  39.691264    14.7404   -0.04402     -2.456    32.2904    23.9393 -9.990e-29
 208.561076     -2.445  39.670794    14.7370   -0.04404     -2.425    32.2747    23.9278 -9.990e-29
 208.561082     -2.420  39.684514    14.7453   -0.04403     -2.400    32.2802    23.9303 -9.990e-29
 208.561088     -2.396  39.703576    14.7428   -0.04402     -2.376    32.2996    23.9458 -9.990e-29
 208.561094     -2.366  39.695038    14.7236   -0.04400     -2.346    32.3078    23.9562 -9.990e-29
 208.561100     -2.334  39.664913    14.7053   -0.04398     -2.315    32.2956    23.9507 -9.990e-29
 208.561105     -2.302  39.645978    14.7015   -0.04398     -2.283    32.2816    23.9407 -9.990e-29
 208.561111     -2.263  39.655060    14.7124   -0.04401     -2.244    32.2808    23.9377 -9.990e-29
 208.561117     -2.214  39.674524    14.7231   -0.04405     -2.196    32.2895    23.9422 -9.990e-29
 208.561123     -2.167  39.680379    14.7196   -0.04404     -2.149    32.2977    23.9493 -9.990e-29
 208.561128     -2.129  39.668649    14.7092   -0.04403     -2.111    32.2957    23.9499 -9.990e-29
 208.561134     -2.100  39.653431    14.7037   -0.04397     -2.082    32.2864    23.9440 -9.990e-29
 208.561140     -2.072  39.655394    14.7072   -0.04396     -2.055    32.2853    23.9424 -9.990e-29
 208.561146     -2.045  39.677710    14.7186   -0.04402     -2.028    32.2961    23.9482 -9.990e-29
 208.561152     -2.016  39.699628    14.7300   -0.04402     -1.999    32.3065    23.9538 -9.990e-29
 208.561157     -1.988  39.707168    14.7330   -0.04402     -1.971    32.3108    23.9565 -9.990e-29
 208.561163     -1.963  39.700842    14.7244   -0.04401     -1.947    32.3122    23.9594 -9.990e-29
 208.561169     -1.940  39.680634    14.7096   16.06779     -1.924    32.3062    23.9579 -9.990e-29
 208.561175     -1.922  39.654949    14.7007   27.89262     -1.906    32.2902    23.9475 -9.990e-29
 208.561181     -1.911  39.648451    14.7088   29.63647     -1.895    32.2776    23.9361 -9.990e-29
 208.561186     -1.902  39.670424    14.7301   26.10787     -1.886    32.2799    23.9333 -9.990e-29
 208.561192     -1.892  39.695735    14.7418   17.14382     -1.876    32.2931    23.9410 -9.990e-29
 208.561198     -1.879  39.698092    14.7334   13.50329     -1.863    32.3022    23.9498 -9.990e-29
 208.561204     -1.866  39.675592    14.7199   13.52054     -1.850    32.2930    23.9456 -9.990e-29
 208.561209     -1.858  39.654347    14.7146   13.48607     -1.843    32.2781    23.9353 -9.990e-29
 208.561215     -1.849  39.654279    14.7148   13.48387     -1.834    32.2779    23.9350 -9.990e-29
 208.561221     -1.839  39.653409    14.7100   13.34378     -1.824    32.2811    23.9385 -9.990e-29
 208.561227     -1.836  39.627008    14.6982   10.06599     -1.821    32.2669    23.9301 -9.990e-29
 208.561233     -1.839  39.588127    14.6895    7.27452     -1.824    32.2389    23.9103 -9.990e-29
 208.561238     -1.844  39.564600    14.6893    5.74028     -1.829    32.2177    23.8940 -9.990e-29
 208.561244     -1.853  39.560400    14.6923    5.42032     -1.838    32.2114    23.8885 -9.990e-29
 208.561250     -1.864  39.561507    14.6950    6.47771     -1.848    32.2101    23.8870 -9.990e-29
 208.561256     -1.880  39.562099    14.7016    6.96532     -1.864    32.2052    23.8818 -9.990e-29
 208.561262     -1.896  39.565771    14.7145    7.07985     -1.880    32.1979    23.8734 -9.990e-29
 208.561267     -1.910  39.577977    14.7271    7.14381     -1.894    32.1985    23.8713 -9.990e-29
 208.561273     -1.922  39.593110    14.7293    7.23405     -1.906    32.2104    23.8800 -9.990e-29
 208.561279     -1.933  39.597118    14.7227    7.39176     -1.917    32.2195    23.8884 -9.990e-29
 208.561285     -1.940  39.591420    14.7182    7.55567     -1.924    32.2181    23.8882 -9.990e-29
 208.561291     -1.934  39.586373    14.7254    7.70279     -1.918    32.2076    23.8786 -9.990e-29
 208.561296     -1.915  39.584781    14.7429    7.80028     -1.899    32.1916    23.8626 -9.990e-29
 208.561302     -1.890  39.586761    14.7548    7.84192     -1.874    32.1836    23.8539 -9.990e-29
 208.561308     -1.863  39.592709    14.7568    7.83764     -1.847    32.1873    23.8563 -9.990e-29
 208.561314     -1.831  39.601578    14.7609    7.84146     -1.816    32.1919    23.8590 -9.990e-29
 208.561319     -1.797  39.613973    14.7633    7.84941     -1.782    32.2012    23.8656 -9.990e-29
 208.561325     -1.767  39.623409    14.7521    7.85278     -1.752    32.2190    23.8817 -9.990e-29
 208.561331     -1.738  39.616096    14.7402    7.86067     -1.724    32.2222    23.8867 -9.990e-29
 208.561337     -1.706  39.602480    14.7443    7.85869     -1.692    32.2064    23.8737 -9.990e-29
 208.561343     -1.672  39.601998    14.7587    7.84903     -1.658    32.1941    23.8611 -9.990e-29
 208.561348     -1.639  39.612878    14.7714    7.84293     -1.625    32.1934    23.8579 -9.990e-29
 208.561354     -1.608  39.626059    14.7740    7.82972     -1.595    32.2032    23.8649 -9.990e-29
 208.561360     -1.582  39.629376    14.7681    7.81365     -1.569    32.2111    23.8722 -9.990e-29
 208.561366     -1.559  39.622203    14.7645    7.80645     -1.546    32.2075    23.8703 -9.990e-29
 208.561372     -1.538  39.619662    14.7649    7.81972     -1.525    32.2049    23.8681 -9.990e-29
 208.561377     -1.513  39.623971    14.7612    7.82036     -1.500    32.2118    23.8743 -9.990e-29
 208.561383     -1.479  39.623479    14.7493    7.80522     -1.467    32.2212    23.8841 -9.990e-29
 208.561389     -1.437  39.611918    14.7317    7.80762     -1.425    32.2253    23.8909 -9.990e-29
 208.561395     -1.393  39.591268    14.7092    7.81130     -1.381    32.2252    23.8956 -9.990e-29
 208.561400     -1.354  39.567669    14.6882    7.83703     -1.343    32.2212    23.8970 -9.990e-29
 208.561406     -1.324  39.550056    14.6828    7.84151     -1.313    32.2097    23.8892 -9.990e-29
 208.561412     -1.303  39.545808    14.6956    7.82989     -1.292    32.1952    23.8754 -9.990e-29
 208.561418     -1.284  39.557680    14.7115    7.82101     -1.273    32.1928    23.8702 -9.990e-29
 208.561424     -1.267  39.575701    14.7143    7.82096     -1.256    32.2068    23.8804 -9.990e-29
 208.561429     -1.246  39.581831    14.7019    7.82524     -1.236    32.2226    23.8952 -9.990e-29
 208.561435     -1.220  39.572478    14.6873    7.81685     -1.210    32.2262    23.9011 -9.990e-29
 208.561441     -1.195  39.558749    14.6889    7.81929     -1.185    32.2124    23.8901 -9.990e-29
 208.561447     -1.174  39.557136    14.7064    7.82538     -1.164    32.1965    23.8741 -9.990e-29
 208.561453     -1.157  39.571667    14.7219    7.84584     -1.147    32.1968    23.8711 -9.990e-29
 208.561458     -1.141  39.586378    14.7282    7.86547     -1.131    32.2049    23.8760 -9.990e-29
 208.561464     -1.127  39.592284    14.7275    7.86664     -1.118    32.2109    23.8807 -9.990e-29
 208.561470     -1.112  39.592787    14.7216    7.86706     -1.103    32.2162    23.8861 -9.990e-29
 208.561476     -1.096  39.588570    14.7171    7.86643     -1.087    32.2161    23.8870 -9.990e-29
 208.561481     -1.083  39.583000    14.7196    7.87842     -1.074    32.2090    23.8809 -9.990e-29
 208.561487     -1.075  39.583809    14.7274    7.87554     -1.066    32.2032    23.8749 -9.990e-29
 208.561493     -1.068  39.590962    14.7352    7.85177     -1.059    32.2033    23.8732 -9.990e-29
 208.561499     -1.058  39.599984    14.7356    7.84687     -1.049    32.2111    23.8792 -9.990e-29
 208.561505     -1.043  39.603278    14.7199    7.84419     -1.034    32.2271    23.8948 -9.990e-29
 208.561510     -1.023  39.589541    14.6912    7.85600     -1.014    32.2384    23.9096 -9.990e-29
 208.561516     -1.001  39.561791    14.6687    7.86536     -0.993    32.2319    23.9094 -9.990e-29
 208.561522     -0.979  39.538584    14.6685    7.86978     -0.971    32.2110    23.8933 -9.990e-29
 208.561528     -0.956  39.534992    14.6893    7.86773     -0.948    32.1905    23.8731 -9.990e-29
 208.561534     -0.935  39.554648    14.7150    7.87316     -0.927    32.1870    23.8650 -9.990e-29
 208.561539     -0.919  39.581129    14.7276    7.87383     -0.911    32.2006    23.8728 -9.990e-29
 208.561545     -0.908  39.594210    14.7239    7.87475     -0.900    32.2155    23.8851 -9.990e-29
 208.561551     -0.895  39.592274    14.7149    7.88224     -0.888    32.2212    23.8914 -9.990e-29
 208.561557     -0.875  39.582854    14.7146    7.88884     -0.868    32.2129    23.8850 -9.990e-29
 208.561563     -0.853  39.579210    14.7242    7.91113     -0.846    32.2016    23.8743 -9.990e-29
 208.561568     -0.835  39.587152    14.7325    7.92547     -0.828    32.2020    23.8728 -9.990e-29
 208.561574     -0.824  39.597082    14.7314    7.94113     -0.817    32.2119    23.8807 -9.990e-29
 208.561580     -0.815  39.598125    14.7237    7.94595     -0.808    32.2192    23.8879 -9.990e-29
 208.561586     -0.803  39.590002    14.7199    7.94694     -0.796    32.2150    23.8855 -9.990e-29
 208.561591     -0.788  39.584900    14.7253    7.94079     -0.781    32.2059    23.8773 -9.990e-29
