data/oxygen options/OCNMS/OCNMS2/raw_data/2004/CTD_CA10_082404faed.cnv
* Sea-Bird SBE19 Data File:
* FileName = C:\WINDOWS\Desktop\put hypoxia files here\CTD data\August 24_25-04\CA10_082404.hex
* Software Version 1.1.4
* Temperature SN = 2997
* Conductivity SN = 2997
* System UpLoad Time = Aug 24 2004 12:28:13
* SEACAT PROFILER V3.1c SN 2997   08/24/04  12:29:29.733
* strain gauge pressure sensor: S/N = 184829,  range = 3000 psia,  tc = 40
# nquan = 9                                 
# nvalues = 618                         
# units = specified
# name 0 = timeJ: Julian Days
# name 1 = prSM: Pressure, Strain Gauge [db]
# name 2 = c0mS/cm: Conductivity [mS/cm]
# name 3 = t090C: Temperature [ITS-90, deg C]
# name 4 = oxML/L: Oxygen, Beckman/YSI [ml/l]
# name 5 = depSM: Depth [salt water, m], lat = 47.5
# name 6 = sal00: Salinity, Practical [PSU]
# name 7 = sigma-é00: Density [sigma-theta, kg/m^3]
# name 8 = flag: flag
# span 0 = 237.406933, 237.410503       
# span 1 =     -5.186,     11.035       
# span 2 =   0.011512,  38.566085       
# span 3 =    12.1269,    15.1660       
# span 4 =   -0.05306,   31.88420       
# span 5 =     -5.143,     10.943       
# span 6 =     0.0121,    32.7003       
# span 7 =    -0.9145,    24.7716       
# span 8 = 0.0000e+00, 0.0000e+00       
# interval = seconds: 0.5
# start_time = Aug 24 2004 09:45:59 [Instrument's time stamp, header]
# bad_flag = -9.990e-29
*END*
[from data line 161]
 237.407865     -1.088  38.292295    12.9207    7.19227     -1.079    32.5316    24.4967 -9.990e-29
 237.407870     -1.077  38.294095    12.9225    7.19576     -1.068    32.5317    24.4965 -9.990e-29
 237.407876     -1.067  38.295997    12.9234    7.18816     -1.058    32.5327    24.4971 -9.990e-29
 237.407882     -1.062  38.296620    12.9229    7.18059     -1.053    32.5338    24.4980 -9.990e-29
 237.407888     -1.061  38.296245    12.9213    7.18876     -1.052    32.5348    24.4991 -9.990e-29
 237.407894     -1.065  38.294385    12.9199    7.18762     -1.056    32.5342    24.4989 -9.990e-29
 237.407899     -1.069  38.292498    12.9199    7.18886     -1.060    32.5324    24.4975 -9.990e-29
 237.407905     -1.069  38.292564    12.9214    7.19339     -1.060    32.5312    24.4963 -9.990e-29
 237.407911     -1.065  38.294121    12.9233    7.19239     -1.056    32.5310    24.4958 -9.990e-29
 237.407917     -1.058  38.296453    12.9251    7.18049     -1.049    32.5317    24.4959 -9.990e-29
 237.407922     -1.046  38.298755    12.9269    7.18351     -1.037    32.5323    24.4961 -9.990e-29
 237.407928     -1.029  38.300744    12.9265    7.17897     -1.020    32.5345    24.4979 -9.990e-29
 237.407934     -1.006  38.301156    12.9221    7.17300     -0.998    32.5387    24.5020 -9.990e-29
 237.407940     -0.979  38.297748    12.9172    7.17695     -0.971    32.5397    24.5037 -9.990e-29
 237.407946     -0.956  38.293279    12.9161    7.17682     -0.948    32.5364    24.5013 -9.990e-29
 237.407951     -0.940  38.292455    12.9177    7.17663     -0.932    32.5342    24.4994 -9.990e-29
 237.407957     -0.928  38.294187    12.9185    7.18466     -0.920    32.5352    24.4999 -9.990e-29
 237.407963     -0.921  38.295187    12.9180    7.18584     -0.913    32.5366    24.5011 -9.990e-29
 237.407969     -0.914  38.294557    12.9182    7.18298     -0.906    32.5358    24.5005 -9.990e-29
 237.407975     -0.901  38.294271    12.9207    7.18853     -0.893    32.5334    24.4981 -9.990e-29
 237.407980     -0.888  38.296764    12.9261    7.18210     -0.881    32.5311    24.4953 -9.990e-29
 237.407986     -0.876  38.302006    12.9341    7.17618     -0.869    32.5291    24.4922 -9.990e-29
 237.407992     -0.865  38.309147    12.9416    7.17334     -0.858    32.5294    24.4910 -9.990e-29
 237.407998     -0.855  38.315941    12.9455    7.16792     -0.848    32.5325    24.4926 -9.990e-29
 237.408003     -0.845  38.319684    12.9463    7.17041     -0.838    32.5354    24.4946 -9.990e-29
 237.408009     -0.833  38.320891    12.9465    7.15980     -0.826    32.5363    24.4953 -9.990e-29
 237.408015     -0.821  38.321184    12.9465    7.15758     -0.814    32.5366    24.4956 -9.990e-29
 237.408021     -0.806  38.320965    12.9455    7.16030     -0.799    32.5372    24.4963 -9.990e-29
 237.408027     -0.792  38.319954    12.9439    7.15757     -0.785    32.5377    24.4969 -9.990e-29
 237.408032     -0.782  38.318495    12.9440    7.16950     -0.775    32.5362    24.4957 -9.990e-29
 237.408038     -0.773  38.318581    12.9468    7.15797     -0.767    32.5339    24.4934 -9.990e-29
 237.408044     -0.762  38.322018    12.9510    7.16080     -0.756    32.5335    24.4923 -9.990e-29
 237.408050     -0.753  38.327230    12.9549    7.15137     -0.747    32.5351    24.4927 -9.990e-29
 237.408056     -0.747  38.331084    12.9577    7.14753     -0.741    32.5363    24.4931 -9.990e-29
 237.408061     -0.742  38.333684    12.9602    7.13951     -0.736    32.5366    24.4929 -9.990e-29
 237.408067     -0.738  38.336265    12.9623    7.14372     -0.732    32.5372    24.4930 -9.990e-29
 237.408073     -0.735  38.338354    12.9630    7.13747     -0.729    32.5386    24.4939 -9.990e-29
 237.408079     -0.728  38.338822    12.9614    7.13713     -0.722    32.5404    24.4956 -9.990e-29
 237.408084     -0.718  38.336623    12.9587    7.13521     -0.712    32.5407    24.4963 -9.990e-29
 237.408090     -0.708  38.333323    12.9576    7.13348     -0.702    32.5385    24.4948 -9.990e-29
 237.408096     -0.696  38.332384    12.9587    7.12571     -0.690    32.5366    24.4932 -9.990e-29
 237.408102     -0.687  38.334249    12.9597    7.12894     -0.681    32.5375    24.4937 -9.990e-29
 237.408108     -0.684  38.336365    12.9585    7.12945     -0.678    32.5406    24.4963 -9.990e-29
 237.408113     -0.684  38.335959    12.9560    7.13690     -0.678    32.5423    24.4981 -9.990e-29
 237.408119     -0.676  38.333621    12.9546    7.13774     -0.670    32.5413    24.4976 -9.990e-29
 237.408125     -0.661  38.332416    12.9547    7.13257     -0.655    32.5401    24.4967 -9.990e-29
 237.408131     -0.647  38.332990    12.9552    7.13597     -0.642    32.5402    24.4967 -9.990e-29
 237.408137     -0.636  38.334437    12.9554    7.13403     -0.631    32.5414    24.4975 -9.990e-29
 237.408142     -0.629  38.335892    12.9561    7.12676     -0.624    32.5422    24.4980 -9.990e-29
 237.408148     -0.624  38.337064    12.9570    7.12028     -0.619    32.5425    24.4981 -9.990e-29
 237.408154     -0.621  38.337842    12.9566    7.11975     -0.616    32.5436    24.4990 -9.990e-29
 237.408160     -0.616  38.337594    12.9542    7.12343     -0.611    32.5454    24.5009 -9.990e-29
 237.408166     -0.604  38.336001    12.9513    7.12767     -0.599    32.5464    24.5022 -9.990e-29
 237.408171     -0.590  38.333756    12.9501    7.11774     -0.585    32.5453    24.5016 -9.990e-29
 237.408177     -0.575  38.332923    12.9503    7.09690     -0.570    32.5443    24.5008 -9.990e-29
 237.408183     -0.559  38.333522    12.9500    7.08263     -0.554    32.5451    24.5015 -9.990e-29
 237.408189     -0.546  38.333558    12.9467    7.07824     -0.541    32.5480    24.5044 -9.990e-29
 237.408194     -0.539  38.331408    12.9385    7.09708     -0.535    32.5530    24.5099 -9.990e-29
 237.408200     -0.537  38.324780    12.9283    7.10486     -0.533    32.5555    24.5138 -9.990e-29
 237.408206     -0.540  38.314940    12.9219    7.11167     -0.535    32.5517    24.5121 -9.990e-29
 237.408212     -0.544  38.307848    12.9213    7.11468     -0.539    32.5455    24.5074 -9.990e-29
 237.408218     -0.546  38.306954    12.9230    7.10972     -0.541    32.5432    24.5053 -9.990e-29
 237.408223     -0.546  38.309394    12.9220    7.12543     -0.541    32.5464    24.5080 -9.990e-29
 237.408229     -0.542  38.309461    12.9168    7.14215     -0.537    32.5509    24.5125 -9.990e-29
 237.408235     -0.536  38.306135    12.9110    7.14464     -0.532    32.5528    24.5150 -9.990e-29
 237.408241     -0.526  38.302283    12.9083    7.14124     -0.522    32.5515    24.5145 -9.990e-29
 237.408247     -0.516  38.300070    12.9087    7.14100     -0.512    32.5490    24.5126 -9.990e-29
 237.408252     -0.511  38.301042    12.9093    7.14249     -0.507    32.5494    24.5128 -9.990e-29
 237.408258     -0.505  38.302579    12.9076    7.14350     -0.501    32.5523    24.5154 -9.990e-29
 237.408264     -0.494  38.300572    12.9050    7.14716     -0.490    32.5527    24.5161 -9.990e-29
 237.408270     -0.481  38.296844    12.9045    7.13846     -0.477    32.5496    24.5138 -9.990e-29
 237.408275     -0.469  38.295970    12.9067    7.13245     -0.465    32.5468    24.5113 -9.990e-29
 237.408281     -0.459  38.297915    12.9096    7.13087     -0.455    32.5462    24.5102 -9.990e-29
 237.408287     -0.453  38.300237    12.9118    7.13085     -0.449    32.5465    24.5100 -9.990e-29
 237.408293     -0.452  38.302678    12.9134    7.13862     -0.448    32.5474    24.5104 -9.990e-29
 237.408299     -0.446  38.305138    12.9150    7.14840     -0.442    32.5484    24.5108 -9.990e-29
 237.408304     -0.436  38.306984    12.9172    7.14391     -0.432    32.5482    24.5103 -9.990e-29
 237.408310     -0.425  38.309006    12.9209    7.13940     -0.421    32.5469    24.5086 -9.990e-29
 237.408316     -0.412  38.312230    12.9260    7.13829     -0.409    32.5456    24.5065 -9.990e-29
 237.408322     -0.396  38.316480    12.9320    7.13226     -0.393    32.5444    24.5045 -9.990e-29
 237.408328     -0.376  38.321265    12.9376    7.13309     -0.373    32.5441    24.5032 -9.990e-29
 237.408333     -0.357  38.325686    12.9412    7.13131     -0.354    32.5452    24.5033 -9.990e-29
 237.408339     -0.339  38.328359    12.9426    7.13379     -0.336    32.5465    24.5040 -9.990e-29
 237.408345     -0.323  38.329494    12.9432    7.13409     -0.320    32.5471    24.5043 -9.990e-29
 237.408351     -0.307  38.331364    12.9442    7.13541     -0.304    32.5480    24.5048 -9.990e-29
 237.408356     -0.295  38.334220    12.9455    7.13598     -0.293    32.5496    24.5058 -9.990e-29
 237.408362     -0.290  38.335868    12.9447    7.13200     -0.288    32.5518    24.5077 -9.990e-29
 237.408368     -0.287  38.335108    12.9417    7.12987     -0.285    32.5537    24.5097 -9.990e-29
 237.408374     -0.283  38.332766    12.9395    7.12073     -0.281    32.5533    24.5099 -9.990e-29
 237.408380     -0.280  38.330734    12.9390    7.11369     -0.278    32.5519    24.5089 -9.990e-29
 237.408385     -0.284  38.329637    12.9374    7.11014     -0.282    32.5522    24.5094 -9.990e-29
 237.408391     -0.289  38.327980    12.9321    7.11316     -0.287    32.5552    24.5128 -9.990e-29
 237.408397     -0.293  38.324081    12.9229    7.12502     -0.291    32.5594    24.5179 -9.990e-29
 237.408403     -0.296  38.317198    12.9123    7.14109     -0.294    32.5620    24.5220 -9.990e-29
 237.408409     -0.297  38.308215    12.9049    7.16310     -0.295    32.5599    24.5218 -9.990e-29
 237.408414     -0.296  38.300826    12.9054    7.16767     -0.294    32.5525    24.5159 -9.990e-29
 237.408420     -0.294  38.300290    12.9138    7.16206     -0.292    32.5447    24.5083 -9.990e-29
 237.408426     -0.291  38.307539    12.9233    7.15771     -0.289    32.5434    24.5054 -9.990e-29
 237.408432     -0.286  38.315943    12.9269    7.15237     -0.284    32.5483    24.5085 -9.990e-29
 237.408437     -0.279  38.318732    12.9229    7.15229     -0.277    32.5544    24.5139 -9.990e-29
 237.408443     -0.269  38.315110    12.9150    7.13958     -0.267    32.5577    24.5181 -9.990e-29
 237.408449     -0.256  38.308628    12.9096    7.13656     -0.254    32.5562    24.5180 -9.990e-29
 237.408455     -0.244  38.304070    12.9071    7.14301     -0.242    32.5541    24.5168 -9.990e-29
 237.408461     -0.236  38.302056    12.9021    7.14875     -0.234    32.5565    24.5196 -9.990e-29
 237.408466     -0.226  38.298186    12.8948    7.16772     -0.224    32.5591    24.5231 -9.990e-29
 237.408472     -0.211  38.292314    12.8920    7.16877     -0.209    32.5559    24.5212 -9.990e-29
 237.408478     -0.193  38.291162    12.8953    7.16310     -0.191    32.5520    24.5175 -9.990e-29
 237.408484     -0.181  38.295403    12.8991    7.16256     -0.179    32.5527    24.5173 -9.990e-29
 237.408490     -0.177  38.298321    12.8990    7.15313     -0.176    32.5556    24.5196 -9.990e-29
 237.408495     -0.176  38.297047    12.8948    7.15290     -0.175    32.5580    24.5222 -9.990e-29
 237.408501     -0.175  38.292655    12.8899    7.16782     -0.174    32.5580    24.5232 -9.990e-29
 237.408507     -0.174  38.288232    12.8879    7.18958     -0.173    32.5556    24.5217 -9.990e-29
 237.408513     -0.168  38.286821    12.8884    7.20346     -0.167    32.5538    24.5203 -9.990e-29
 237.408519     -0.156  38.287633    12.8895    7.20105     -0.155    32.5536    24.5199 -9.990e-29
 237.408524     -0.147  38.288912    12.8913    7.17704     -0.146    32.5533    24.5193 -9.990e-29
 237.408530     -0.144  38.290650    12.8925    7.16453     -0.143    32.5539    24.5195 -9.990e-29
 237.408536     -0.148  38.291766    12.8905    7.16177     -0.147    32.5567    24.5221 -9.990e-29
 237.408542     -0.153  38.290355    12.8862    7.19111     -0.152    32.5590    24.5247 -9.990e-29
 237.408547     -0.152  38.286747    12.8826    7.21604     -0.151    32.5587    24.5252 -9.990e-29
 237.408553     -0.145  38.282830    12.8816    7.22030     -0.144    32.5559    24.5232 -9.990e-29
 237.408559     -0.140  38.281200    12.8840    7.20952     -0.139    32.5523    24.5199 -9.990e-29
 237.408565     -0.141  38.283577    12.8889    7.19507     -0.140    32.5503    24.5174 -9.990e-29
 237.408571     -0.147  38.288611    12.8934    7.19582     -0.146    32.5512    24.5173 -9.990e-29
 237.408576     -0.160  38.292890    12.8954    7.20552     -0.159    32.5535    24.5187 -9.990e-29
 237.408582     -0.176  38.294236    12.8948    7.21657     -0.175    32.5553    24.5202 -9.990e-29
 237.408588     -0.187  38.293291    12.8937    7.21704     -0.185    32.5554    24.5204 -9.990e-29
 237.408594     -0.186  38.292132    12.8937    7.21903     -0.184    32.5543    24.5196 -9.990e-29
 237.408600     -0.167  38.291984    12.8944    7.20268     -0.166    32.5535    24.5189 -9.990e-29
 237.408605     -0.139  38.292619    12.8948    7.19669     -0.138    32.5538    24.5190 -9.990e-29
 237.408611     -0.113  38.293168    12.8941    7.19703     -0.112    32.5549    24.5200 -9.990e-29
 237.408617     -0.091  38.292089    12.8917    7.20548     -0.090    32.5559    24.5213 -9.990e-29
 237.408623     -0.071  38.287351    12.8890    7.20773     -0.070    32.5538    24.5201 -9.990e-29
 237.408628     -0.053  38.282700    12.8873    7.21784     -0.053    32.5508    24.5181 -9.990e-29
 237.408634     -0.040  38.283118    12.8858    7.22043     -0.040    32.5525    24.5197 -9.990e-29
 237.408640     -0.034  38.284644    12.8844    7.20550     -0.034    32.5551    24.5221 -9.990e-29
 237.408646     -0.032  38.284795    12.8839    7.20193     -0.032    32.5557    24.5226 -9.990e-29
 237.408652     -0.029  38.285424    12.8842    7.20232     -0.029    32.5560    24.5228 -9.990e-29
 237.408657     -0.024  38.286214    12.8840    7.19317     -0.024    32.5570    24.5236 -9.990e-29
 237.408663     -0.019  38.285944    12.8816    7.18943     -0.019    32.5588    24.5254 -9.990e-29
 237.408669     -0.011  38.283662    12.8765    7.19346     -0.011    32.5610    24.5282 -9.990e-29
 237.408675     -0.001  38.279662    12.8713    7.19639     -0.001    32.5617    24.5297 -9.990e-29
 237.408681      0.008  38.275867    12.8688    7.20843      0.008    32.5602    24.5291 -9.990e-29
 237.408686      0.012  38.274477    12.8693    7.21270      0.012    32.5585    24.5276 -9.990e-29
 237.408692      0.015  38.275286    12.8712    7.20351      0.015    32.5576    24.5266 -9.990e-29
 237.408698      0.018  38.276538    12.8732    7.19451      0.018    32.5571    24.5258 -9.990e-29
 237.408704      0.016  38.277630    12.8750    7.18996      0.016    32.5566    24.5250 -9.990e-29
 237.408709      0.015  38.278864    12.8764    7.20443      0.015    32.5565    24.5247 -9.990e-29
 237.408715      0.017  38.280171    12.8772    7.21193      0.017    32.5571    24.5250 -9.990e-29
 237.408721      0.024  38.281021    12.8776    7.21456      0.024    32.5575    24.5253 -9.990e-29
 237.408727      0.030  38.281392    12.8779    7.20989      0.030    32.5576    24.5253 -9.990e-29
 237.408733      0.029  38.281747    12.8783    7.20562      0.029    32.5576    24.5252 -9.990e-29
 237.408738      0.021  38.281966    12.8785    7.21194      0.021    32.5577    24.5252 -9.990e-29
 237.408744      0.012  38.281751    12.8779    7.21328      0.012    32.5580    24.5255 -9.990e-29
 237.408750      0.007  38.280784    12.8767    7.21566      0.007    32.5581    24.5259 -9.990e-29
 237.408756      0.005  38.279427    12.8761    7.21382      0.005    32.5573    24.5254 -9.990e-29
 237.408762      0.007  38.279206    12.8764    7.21063      0.007    32.5569    24.5250 -9.990e-29
 237.408767      0.012  38.280355    12.8769    7.21667      0.012    32.5575    24.5254 -9.990e-29
 237.408773      0.017  38.281570    12.8774    7.21976      0.017    32.5582    24.5258 -9.990e-29
 237.408779      0.017  38.282193    12.8779    7.21990      0.017    32.5584    24.5259 -9.990e-29
