data/oxygen options/OCNMS/OCNMS2/raw_data/2004/CTD_CA100_072704faed.cnv
* Sea-Bird SBE19 Data File:
* FileName = C:\WINDOWS\Desktop\put hypoxia files here\CTD files\July 26_27-04\CA\CA10_072704.hex
* Software Version 1.1.4
* Temperature SN = 2997
* Conductivity SN = 2997
* System UpLoad Time = Jul 27 2004 15:20:06
* SEACAT PROFILER V3.1c SN 2997   07/27/04  15:18:56.788
* strain gauge pressure sensor: S/N = 184829,  range = 3000 psia,  tc = 40
# nquan = 9                                 
# nvalues = 1017                        
# units = specified
# name 0 = timeJ: Julian Days
# name 1 = prSM: Pressure, Strain Gauge [db]
# name 2 = c0mS/cm: Conductivity [mS/cm]
# name 3 = t090C: Temperature [ITS-90, deg C]
# name 4 = oxML/L: Oxygen, Beckman/YSI [ml/l]
# name 5 = depSM: Depth [salt water, m], lat = 47.5
# name 6 = sal00: Salinity, Practical [PSU]
# name 7 = sigma-é00: Density [sigma-theta, kg/m^3]
# name 8 = flag: flag
# span 0 = 209.535822, 209.541701       
# span 1 =     -5.348,     97.388       
# span 2 =   0.251828,  40.216903       
# span 3 =     7.0493,    16.0341       
# span 4 =   -0.05209,   28.25527       
# span 5 =     -5.303,     96.552       
# span 6 =     0.1474,    33.8890       
# span 7 =    -0.9287,    26.5342       
# span 8 = 0.0000e+00, 0.0000e+00       
# interval = seconds: 0.5
# start_time = Jul 27 2004 12:51:35 [Instrument's time stamp, header]
# bad_flag = -9.990e-29
*END*
[from data line 321]
 209.537679      0.650  40.148240    15.5272    6.56515      0.645    32.0532    23.5868 -9.990e-29
 209.537685      0.644  40.145655    15.5291    6.56660      0.639    32.0493    23.5835 -9.990e-29
 209.537691      0.644  40.147149    15.5325    6.57174      0.639    32.0479    23.5816 -9.990e-29
 209.537697      0.653  40.150812    15.5366    6.58531      0.648    32.0478    23.5807 -9.990e-29
 209.537703      0.668  40.154822    15.5439    6.58144      0.662    32.0454    23.5772 -9.990e-29
 209.537708      0.682  40.161743    15.5519    6.57950      0.676    32.0451    23.5752 -9.990e-29
 209.537714      0.691  40.169047    15.5566    6.56740      0.685    32.0478    23.5762 -9.990e-29
 209.537720      0.696  40.173030    15.5569    6.55432      0.690    32.0510    23.5787 -9.990e-29
 209.537726      0.696  40.173418    15.5508    6.56238      0.690    32.0564    23.5841 -9.990e-29
 209.537731      0.693  40.168511    15.5388    6.56817      0.687    32.0618    23.5909 -9.990e-29
 209.537737      0.689  40.157965    15.5278    6.57346      0.683    32.0613    23.5930 -9.990e-29
 209.537743      0.689  40.147382    15.5251    6.58684      0.683    32.0541    23.5880 -9.990e-29
 209.537749      0.689  40.144562    15.5301    6.58195      0.683    32.0475    23.5819 -9.990e-29
 209.537755      0.685  40.149694    15.5389    6.56911      0.679    32.0449    23.5779 -9.990e-29
 209.537760      0.681  40.157862    15.5491    6.57405      0.675    32.0439    23.5749 -9.990e-29
 209.537766      0.684  40.167078    15.5597    6.57552      0.678    32.0435    23.5723 -9.990e-29
 209.537772      0.694  40.176189    15.5695    6.58324      0.688    32.0436    23.5702 -9.990e-29
 209.537778      0.705  40.183903    15.5767    6.57750      0.699    32.0446    23.5694 -9.990e-29
 209.537784      0.713  40.189307    15.5820    6.56511      0.707    32.0451    23.5686 -9.990e-29
 209.537789      0.717  40.192901    15.5848    6.57309      0.711    32.0460    23.5687 -9.990e-29
 209.537795      0.719  40.195013    15.5834    6.58764      0.713    32.0490    23.5713 -9.990e-29
 209.537801      0.723  40.192313    15.5835    6.61171      0.717    32.0466    23.5694 -9.990e-29
 209.537807      0.732  40.191329    15.5897    6.61210      0.726    32.0406    23.5635 -9.990e-29
 209.537813      0.745  40.199191    15.5959    6.60785      0.739    32.0426    23.5636 -9.990e-29
 209.537818      0.756  40.207327    15.5990    6.62517      0.750    32.0473    23.5665 -9.990e-29
 209.537824      0.767  40.210900    15.6030    6.60904      0.761    32.0472    23.5656 -9.990e-29
 209.537830      0.779  40.214140    15.6060    6.58067      0.772    32.0476    23.5653 -9.990e-29
 209.537836      0.787  40.216903    15.6006    6.55965      0.780    32.0545    23.5717 -9.990e-29
 209.537841      0.789  40.213359    15.5745    6.55302      0.782    32.0726    23.5914 -9.990e-29
 209.537847      0.788  40.194321    15.5169    6.54872      0.781    32.1025    23.6271 -9.990e-29
 209.537853      0.789  40.143410    15.4512    6.53649      0.782    32.1108    23.6478 -9.990e-29
 209.537859      0.791  40.077502    15.4137    6.55131      0.784    32.0826    23.6343 -9.990e-29
 209.537865      0.796  40.044532    15.3935    6.55997      0.789    32.0696    23.6287 -9.990e-29
 209.537870      0.803  40.033657    15.3695    6.58975      0.796    32.0795    23.6416 -9.990e-29
 209.537876      0.812  40.011317    15.3556    6.59808      0.805    32.0709    23.6380 -9.990e-29
 209.537882      0.821  39.992642    15.3576    6.59399      0.814    32.0526    23.6234 -9.990e-29
 209.537888      0.825  39.989788    15.3611    6.59490      0.818    32.0472    23.6185 -9.990e-29
 209.537894      0.829  39.992236    15.3644    6.58711      0.822    32.0466    23.6174 -9.990e-29
 209.537899      0.833  39.995424    15.3699    6.59593      0.826    32.0450    23.6149 -9.990e-29
 209.537905      0.833  40.000259    15.3740    6.60358      0.826    32.0460    23.6148 -9.990e-29
 209.537911      0.833  40.005360    15.3783    6.60883      0.826    32.0470    23.6147 -9.990e-29
 209.537917      0.838  40.010258    15.3839    6.60390      0.831    32.0468    23.6133 -9.990e-29
 209.537922      0.848  40.011972    15.3851    6.60431      0.841    32.0474    23.6135 -9.990e-29
 209.537928      0.864  40.006080    15.3812    6.60143      0.857    32.0453    23.6127 -9.990e-29
 209.537934      0.882  39.999525    15.3753    6.60176      0.875    32.0442    23.6132 -9.990e-29
 209.537940      0.894  39.997610    15.3706    6.60802      0.887    32.0464    23.6158 -9.990e-29
 209.537946      0.899  39.998552    15.3709    6.61135      0.891    32.0470    23.6162 -9.990e-29
 209.537951      0.899  40.002510    15.3753    6.61460      0.891    32.0469    23.6152 -9.990e-29
 209.537957      0.899  40.008800    15.3814    6.61144      0.891    32.0476    23.6144 -9.990e-29
 209.537963      0.899  40.015730    15.3899    6.61877      0.891    32.0468    23.6120 -9.990e-29
 209.537969      0.905  40.024144    15.4001    6.60751      0.897    32.0460    23.6091 -9.990e-29
 209.537975      0.915  40.033499    15.4098    6.60798      0.907    32.0464    23.6074 -9.990e-29
 209.537980      0.921  40.040017    15.4216    6.61926      0.913    32.0426    23.6018 -9.990e-29
 209.537986      0.921  40.047922    15.4383    6.63546      0.913    32.0361    23.5932 -9.990e-29
 209.537992      0.919  40.062725    15.4569    6.64706      0.911    32.0341    23.5876 -9.990e-29
 209.537998      0.922  40.080618    15.4738    6.64521      0.914    32.0363    23.5856 -9.990e-29
 209.538003      0.931  40.097426    15.4883    6.63017      0.923    32.0395    23.5848 -9.990e-29
 209.538009      0.943  40.111454    15.4990    6.62684      0.935    32.0433    23.5854 -9.990e-29
 209.538015      0.958  40.121227    15.5035    6.62988      0.950    32.0483    23.5883 -9.990e-29
 209.538021      0.972  40.125770    15.5029    6.63270      0.964    32.0528    23.5919 -9.990e-29
 209.538027      0.982  40.125553    15.5018    6.62204      0.974    32.0535    23.5927 -9.990e-29
 209.538032      0.990  40.123672    15.5006    6.60561      0.982    32.0528    23.5924 -9.990e-29
 209.538038      0.995  40.121568    15.4960    6.60841      0.987    32.0547    23.5949 -9.990e-29
 209.538044      0.998  40.117018    15.4848    6.63014      0.990    32.0598    23.6012 -9.990e-29
 209.538050      0.998  40.105097    15.4663    6.64695      0.990    32.0642    23.6087 -9.990e-29
 209.538056      0.997  40.085644    15.4520    6.65110      0.989    32.0585    23.6074 -9.990e-29
 209.538061      0.993  40.072582    15.4542    6.64672      0.985    32.0451    23.5966 -9.990e-29
 209.538067      0.987  40.076566    15.4651    6.63562      0.979    32.0398    23.5901 -9.990e-29
 209.538073      0.983  40.088337    15.4707    6.62673      0.975    32.0457    23.5935 -9.990e-29
 209.538079      0.985  40.094994    15.4670    6.62131      0.977    32.0546    23.6012 -9.990e-29
 209.538084      0.987  40.090845    15.4587    6.60457      0.979    32.0577    23.6053 -9.990e-29
 209.538090      0.987  40.081044    15.4512    6.59953      0.979    32.0551    23.6050 -9.990e-29
 209.538096      0.985  40.075548    15.4418    6.59774      0.977    32.0578    23.6091 -9.990e-29
 209.538102      0.979  40.069853    15.4230    6.61440      0.971    32.0681    23.6211 -9.990e-29
 209.538108      0.975  40.050212    15.3977    6.61997      0.967    32.0712    23.6290 -9.990e-29
 209.538113      0.976  40.021321    15.3815    6.62936      0.968    32.0586    23.6229 -9.990e-29
 209.538119      0.977  40.005280    15.3818    6.62623      0.969    32.0441    23.6116 -9.990e-29
 209.538125      0.975  40.008771    15.3918    6.62291      0.967    32.0390    23.6056 -9.990e-29
 209.538131      0.974  40.021875    15.4012    6.63441      0.966    32.0431    23.6066 -9.990e-29
 209.538137      0.978  40.032344    15.4064    6.64425      0.970    32.0482    23.6094 -9.990e-29
 209.538142      0.983  40.035644    15.4109    6.64326      0.975    32.0474    23.6079 -9.990e-29
 209.538148      0.986  40.038442    15.4157    6.63926      0.978    32.0460    23.6057 -9.990e-29
 209.538154      0.985  40.043368    15.4197    6.62083      0.977    32.0471    23.6057 -9.990e-29
 209.538160      0.985  40.047470    15.4255    6.61826      0.977    32.0461    23.6037 -9.990e-29
 209.538166      0.992  40.051751    15.4357    6.62016      0.984    32.0416    23.5980 -9.990e-29
 209.538171      1.000  40.059698    15.4494    6.63436      0.992    32.0375    23.5918 -9.990e-29
 209.538177      1.006  40.071265    15.4637    6.64380      0.998    32.0362    23.5877 -9.990e-29
 209.538183      1.011  40.083938    15.4764    6.64159      1.003    32.0371    23.5856 -9.990e-29
 209.538189      1.015  40.095561    15.4853    6.63690      1.007    32.0402    23.5861 -9.990e-29
 209.538194      1.018  40.102575    15.4921    6.62668      1.010    32.0409    23.5851 -9.990e-29
 209.538200      1.020  40.107060    15.5006    6.63258      1.011    32.0380    23.5810 -9.990e-29
 209.538206      1.021  40.115017    15.5109    6.64696      1.012    32.0367    23.5778 -9.990e-29
 209.538212      1.022  40.125295    15.5205    6.65004      1.013    32.0381    23.5767 -9.990e-29
 209.538218      1.022  40.134224    15.5281    6.64162      1.013    32.0398    23.5764 -9.990e-29
 209.538223      1.022  40.140825    15.5337    6.62106      1.013    32.0411    23.5762 -9.990e-29
 209.538229      1.021  40.145504    15.5363    6.61098      1.012    32.0432    23.5772 -9.990e-29
 209.538235      1.020  40.147789    15.5376    6.62817      1.011    32.0442    23.5776 -9.990e-29
 209.538241      1.019  40.148504    15.5407    6.64206      1.010    32.0423    23.5755 -9.990e-29
 209.538247      1.020  40.150306    15.5454    6.65212      1.011    32.0401    23.5728 -9.990e-29
 209.538252      1.030  40.153935    15.5512    6.64052      1.021    32.0386    23.5704 -9.990e-29
 209.538258      1.040  40.159201    15.5592    6.63907      1.031    32.0367    23.5672 -9.990e-29
 209.538264      1.041  40.167537    15.5677    6.62951      1.032    32.0373    23.5657 -9.990e-29
 209.538270      1.039  40.177171    15.5725    6.63124      1.030    32.0419    23.5683 -9.990e-29
 209.538275      1.038  40.181890    15.5737    6.62792      1.029    32.0451    23.5705 -9.990e-29
 209.538281      1.037  40.181837    15.5737    6.62564      1.028    32.0451    23.5704 -9.990e-29
 209.538287      1.037  40.182014    15.5741    6.62410      1.028    32.0449    23.5702 -9.990e-29
 209.538293      1.037  40.183239    15.5758    6.61666      1.028    32.0446    23.5696 -9.990e-29
 209.538299      1.038  40.184919    15.5768    6.63302      1.029    32.0453    23.5699 -9.990e-29
 209.538304      1.039  40.185388    15.5749    6.63821      1.030    32.0473    23.5718 -9.990e-29
 209.538310      1.041  40.182487    15.5706    6.64540      1.032    32.0482    23.5735 -9.990e-29
 209.538316      1.044  40.176295    15.5693    6.63804      1.035    32.0437    23.5704 -9.990e-29
 209.538322      1.047  40.173728    15.5767    6.63174      1.038    32.0354    23.5623 -9.990e-29
 209.538328      1.051  40.182607    15.5863    6.62668      1.042    32.0355    23.5603 -9.990e-29
 209.538333      1.057  40.194027    15.5878    6.62556      1.048    32.0445    23.5668 -9.990e-29
 209.538339      1.065  40.196302    15.5795    6.61338      1.056    32.0532    23.5754 -9.990e-29
 209.538345      1.070  40.188560    15.5678    6.60875      1.061    32.0559    23.5800 -9.990e-29
 209.538351      1.070  40.177334    15.5601    6.60618      1.061    32.0521    23.5788 -9.990e-29
 209.538356      1.067  40.171244    15.5524    6.61620      1.058    32.0530    23.5812 -9.990e-29
 209.538362      1.067  40.164991    15.5379    6.63239      1.058    32.0592    23.5892 -9.990e-29
 209.538368      1.069  40.150260    15.5223    6.63799      1.060    32.0588    23.5923 -9.990e-29
 209.538374      1.070  40.134926    15.5166    6.64786      1.061    32.0498    23.5866 -9.990e-29
 209.538380      1.065  40.130545    15.5251    6.63211      1.056    32.0390    23.5764 -9.990e-29
 209.538385      1.057  40.139148    15.5406    6.63026      1.048    32.0340    23.5692 -9.990e-29
 209.538391      1.051  40.154268    15.5500    6.61698      1.042    32.0398    23.5716 -9.990e-29
 209.538397      1.047  40.163542    15.5478    6.61528      1.038    32.0499    23.5798 -9.990e-29
 209.538403      1.043  40.160843    15.5368    6.60841      1.034    32.0564    23.5873 -9.990e-29
 209.538409      1.040  40.151011    15.5220    6.60973      1.031    32.0597    23.5930 -9.990e-29
 209.538414      1.038  40.138352    15.5092    6.61207      1.029    32.0589    23.5952 -9.990e-29
 209.538420      1.037  40.126208    15.4990    6.62019      1.028    32.0564    23.5955 -9.990e-29
 209.538426      1.036  40.115238    15.4923    6.64740      1.027    32.0521    23.5936 -9.990e-29
 209.538432      1.035  40.108228    15.4957    6.65471      1.026    32.0430    23.5860 -9.990e-29
 209.538437      1.035  40.112121    15.5110    6.64895      1.026    32.0341    23.5757 -9.990e-29
 209.538443      1.035  40.125956    15.5355    6.62916      1.026    32.0264    23.5645 -9.990e-29
 209.538449      1.035  40.149682    15.5552    6.63509      1.026    32.0315    23.5641 -9.990e-29
 209.538455      1.036  40.168944    15.5529    6.62596      1.027    32.0505    23.5792 -9.990e-29
 209.538461      1.037  40.161757    15.5366    6.62010      1.028    32.0574    23.5880 -9.990e-29
 209.538466      1.038  40.143253    15.5231    6.62263      1.029    32.0519    23.5868 -9.990e-29
 209.538472      1.040  40.133670    15.5149    6.62692      1.031    32.0501    23.5872 -9.990e-29
 209.538478      1.043  40.128664    15.5081    6.62058      1.034    32.0511    23.5895 -9.990e-29
 209.538484      1.046  40.121577    15.5038    6.61700      1.037    32.0483    23.5883 -9.990e-29
 209.538490      1.050  40.118132    15.5076    6.62422      1.041    32.0422    23.5827 -9.990e-29
 209.538495      1.056  40.123854    15.5078    6.63307      1.047    32.0471    23.5864 -9.990e-29
 209.538501      1.063  40.122823    15.4943    6.65258      1.054    32.0572    23.5971 -9.990e-29
 209.538507      1.069  40.106954    15.4865    6.64125      1.060    32.0494    23.5929 -9.990e-29
 209.538513      1.068  40.097194    15.4994    6.63231      1.059    32.0302    23.5753 -9.990e-29
 209.538519      1.065  40.110285    15.5216    6.61585      1.056    32.0238    23.5655 -9.990e-29
 209.538524      1.064  40.135084    15.5333    6.61712      1.055    32.0363    23.5726 -9.990e-29
 209.538530      1.065  40.148567    15.5243    6.62313      1.056    32.0557    23.5894 -9.990e-29
 209.538536      1.069  40.140682    15.5051    6.62662      1.060    32.0643    23.6002 -9.990e-29
 209.538542      1.075  40.122260    15.4944    6.63369      1.066    32.0566    23.5967 -9.990e-29
 209.538547      1.080  40.111965    15.4966    6.63353      1.071    32.0456    23.5878 -9.990e-29
 209.538553      1.079  40.114040    15.5055    6.64283      1.070    32.0402    23.5817 -9.990e-29
 209.538559      1.077  40.121731    15.5146    6.63412      1.068    32.0397    23.5792 -9.990e-29
 209.538565      1.078  40.129043    15.5197    6.63638      1.069    32.0420    23.5799 -9.990e-29
 209.538571      1.083  40.132282    15.5208    6.64274      1.074    32.0440    23.5812 -9.990e-29
 209.538576      1.090  40.131860    15.5206    6.64308      1.081    32.0438    23.5811 -9.990e-29
 209.538582      1.102  40.131162    15.5217    6.64733      1.093    32.0423    23.5797 -9.990e-29
 209.538588      1.113  40.133207    15.5245    6.63912      1.104    32.0418    23.5787 -9.990e-29
 209.538594      1.118  40.136814    15.5277    6.63348      1.109    32.0424    23.5785 -9.990e-29
