data/oxygen options/OCNMS/OCNMS2/raw_data/2004/CTD_CE40_061604faedb.cnv
* Sea-Bird SBE19 Data File:
* FileName = C:\WINDOWS\Desktop\put hypoxia files here\CTD files\CE\CE40m061604.hex
* Software Version 1.1.4
* Temperature SN = 2997
* Conductivity SN = 2997
* System UpLoad Time = Jun 16 2004 11:27:45
** CapeElizabeth hypoxia June16, 2004 40m CE-4
* SEACAT PROFILER V3.1c SN 2997   06/16/04  11:31:50.240
# nquan = 9
# nvalues = 39                          
# units = specified
# name 0 = timeJ: Julian Days
# name 1 = prSM: Pressure, Strain Gauge [db]
# name 2 = c0mS/cm: Conductivity [mS/cm]
# name 3 = t090C: Temperature [ITS-90, deg C]
# name 4 = oxML/L: Oxygen, Beckman/YSI [ml/l]
# name 5 = depSM: Depth [salt water, m], lat = 47.5
# name 6 = sal00: Salinity, Practical [PSU]
# name 7 = sigma-é00: Density [sigma-theta, kg/m^3]
# name 8 = flag: flag
# span 0 = 168.399122, 168.400079       
# span 1 =      2.000,     40.000       
# span 2 =  34.471047,  36.826347       
# span 3 =     7.7980,    14.5373       
# span 4 =    2.94785,    5.67802       
# span 5 =      1.983,     39.662       
# span 6 =    28.9103,    33.3114       
# span 7 =    21.3858,    25.9777       
# span 8 = 0.0000e+00, 0.0000e+00       
# interval = decibars: 1                
# start_time = Jun 16 2004 09:30:57 [Instrument's time stamp, header]
# bad_flag = -9.990e-29
*END*
 168.399122      2.000  35.778715    14.5373    5.64917      1.983    28.9200    21.3858 0.0000e+00
 168.399154      3.000  35.683585    14.4252    5.67802      2.975    28.9177    21.4069 0.0000e+00
 168.399182      4.000  35.654226    14.3970    5.67304      3.967    28.9120    21.4082 0.0000e+00
 168.399211      5.000  35.636590    14.3775    5.66976      4.958    28.9103    21.4109 0.0000e+00
 168.399238      6.000  35.626296    14.3566    5.65928      5.950    28.9162    21.4197 0.0000e+00
 168.399260      7.000  35.615545    14.3329    5.62165      6.941    28.9239    21.4305 0.0000e+00
 168.399282      8.000  35.651359    14.2867    5.59392      7.933    28.9904    21.4910 0.0000e+00
 168.399301      9.000  35.785579    14.2076    5.57550      8.925    29.1708    21.6460 0.0000e+00
 168.399318     10.000  35.966294    14.0982    5.49265      9.916    29.4172    21.8579 0.0000e+00
 168.399334     11.000  36.177894    13.9038    5.44294     10.908    29.7591    22.1604 0.0000e+00
 168.399350     12.000  36.415354    13.6941    5.31006     11.900    30.1396    22.4958 0.0000e+00
 168.399365     13.000  36.537030    13.4923    5.34793     12.891    30.4111    22.7453 0.0000e+00
 168.399382     14.000  36.712848    13.2971    5.28967     13.883    30.7301    23.0301 0.0000e+00
 168.399400     15.000  36.743607    13.1637    5.15129     14.874    30.8668    23.1618 0.0000e+00
 168.399421     16.000  36.826347    12.7913    5.01542     15.866    31.2491    23.5294 0.0000e+00
 168.399444     17.000  36.696956    12.4272    4.82421     16.857    31.4289    23.7378 0.0000e+00
 168.399468     18.000  36.539738    12.0791    4.77642     17.849    31.5709    23.9129 0.0000e+00
 168.399499     19.000  36.355936    11.6377    4.40802     18.841    31.7692    24.1474 0.0000e+00
 168.399531     20.000  35.893800    10.6101    4.00103     19.832    32.2072    24.6692 0.0000e+00
 168.399562     21.000  35.527103     9.9645    3.82271     20.824    32.4120    24.9381 0.0000e+00
 168.399590     22.000  35.389069     9.7146    3.81011     21.815    32.4963    25.0447 0.0000e+00
 168.399623     23.000  35.277007     9.4585    3.64319     22.807    32.6138    25.1779 0.0000e+00
 168.399661     24.000  34.987405     8.8927    3.43231     23.798    32.8328    25.4383 0.0000e+00
 168.399701     25.000  34.734850     8.4180    3.34166     24.790    33.0091    25.6492 0.0000e+00
 168.399744     26.000  34.681438     8.3464    3.29076     25.781    33.0195    25.6679 0.0000e+00
 168.399778     27.000  34.647053     8.2865    3.26675     26.773    33.0389    25.6921 0.0000e+00
 168.399802     28.000  34.601038     8.1689    3.21599     27.764    33.1004    25.7578 0.0000e+00
 168.399824     29.000  34.552884     8.0120    3.14271     28.756    33.1972    25.8568 0.0000e+00
 168.399848     30.000  34.508041     7.8673    3.08623     29.748    33.2864    25.9479 0.0000e+00
 168.399885     31.000  34.497832     7.8582    3.05132     30.739    33.2836    25.9470 0.0000e+00
 168.399909     32.000  34.487245     7.8386    3.03482     31.730    33.2905    25.9553 0.0000e+00
 168.399928     33.000  34.482861     7.8228    3.02419     32.722    33.3005    25.9654 0.0000e+00
 168.399949     34.000  34.483979     7.8216    3.00650     33.714    33.3023    25.9671 0.0000e+00
 168.399971     35.000  34.476069     7.8065    2.99541     34.705    33.3078    25.9736 0.0000e+00
 168.399990     36.000  34.473189     7.8036    2.98141     35.696    33.3070    25.9734 0.0000e+00
 168.400010     37.000  34.472794     7.8029    2.98184     36.688    33.3067    25.9733 0.0000e+00
 168.400031     38.000  34.471412     7.7994    2.96562     37.679    33.3081    25.9749 0.0000e+00
 168.400052     39.000  34.471047     7.7987    2.95802     38.671    33.3080    25.9749 0.0000e+00
 168.400079     40.000  34.474014     7.7980    2.94785     39.662    33.3114    25.9777 0.0000e+00
