data/oxygen options/OCNMS/OCNMS2/raw_data/2004/CTD_TH35_061604faedb.cnv
* Sea-Bird SBE19 Data File:
* FileName = C:\WINDOWS\Desktop\put hypoxia files here\CTD files\TH\TH35m061604.hex
* Software Version 1.1.4
* Temperature SN = 2997
* Conductivity SN = 2997
* System UpLoad Time = Jun 16 2004 13:32:58
** Teahwhit Head hypoxia June 16, 2004 35 m TH3.5
* SEACAT PROFILER V3.1c SN 2997   06/16/04  13:36:47.565
# nquan = 9
# nvalues = 36                          
# units = specified
# name 0 = timeJ: Julian Days
# name 1 = prSM: Pressure, Strain Gauge [db]
# name 2 = c0mS/cm: Conductivity [mS/cm]
# name 3 = t090C: Temperature [ITS-90, deg C]
# name 4 = oxML/L: Oxygen, Beckman/YSI [ml/l]
# name 5 = depSM: Depth [salt water, m], lat = 47.5
# name 6 = sal00: Salinity, Practical [PSU]
# name 7 = sigma-é00: Density [sigma-theta, kg/m^3]
# name 8 = flag: flag
# span 0 = 168.553180, 168.553907       
# span 1 =      1.000,     36.000       
# span 2 =  34.322139,  37.637007       
# span 3 =     7.7042,    13.6884       
# span 4 =    3.46785,    5.75545       
# span 5 =      0.992,     35.696       
# span 6 =    31.2745,    33.2595       
# span 7 =    23.3728,    25.9483       
# span 8 = 0.0000e+00, 0.0000e+00       
# interval = decibars: 1                
# start_time = Jun 16 2004 13:12:21 [Instrument's time stamp, header]
# bad_flag = -9.990e-29
*END*
 168.553180      1.000  37.637007    13.6884    5.72230      0.992    31.2745    23.3728 0.0000e+00
 168.553204      2.000  37.493171    13.4602    5.63692      1.983    31.3277    23.4595 0.0000e+00
 168.553222      3.000  37.476548    13.1661    5.66036      2.975    31.5548    23.6929 0.0000e+00
 168.553238      4.000  37.476060    12.9562    5.67294      3.966    31.7288    23.8686 0.0000e+00
 168.553252      5.000  37.386479    12.8660    5.75046      4.958    31.7196    23.8789 0.0000e+00
 168.553265      6.000  37.286143    12.8323    5.75545      5.950    31.6527    23.8337 0.0000e+00
 168.553276      7.000  37.218738    12.8082    5.66295      6.941    31.6089    23.8045 0.0000e+00
 168.553289      8.000  37.163458    12.7855    5.56417      7.933    31.5752    23.7828 0.0000e+00
 168.553303      9.000  37.131919    12.7703    5.49056      8.925    31.5577    23.7722 0.0000e+00
 168.553318     10.000  37.098565    12.7047    5.41175      9.916    31.5807    23.8026 0.0000e+00
 168.553335     11.000  37.010472    12.4536    5.31112     10.908    31.7077    23.9487 0.0000e+00
 168.553352     12.000  36.870114    12.2543    5.26371     11.899    31.7417    24.0127 0.0000e+00
 168.553369     13.000  36.803657    12.1737    5.18766     12.891    31.7461    24.0311 0.0000e+00
 168.553386     14.000  36.716983    11.9662    5.24758     13.882    31.8389    24.1416 0.0000e+00
 168.553403     15.000  36.582967    11.6941    5.21462     14.874    31.9421    24.2717 0.0000e+00
 168.553419     16.000  36.413977    11.2866    4.74314     15.866    32.1302    24.4910 0.0000e+00
 168.553437     17.000  35.910344    10.0702    4.31047     16.857    32.7082    25.1505 0.0000e+00
 168.553455     18.000  35.237011     9.0974    4.04247     17.849    32.9056    25.4632 0.0000e+00
 168.553472     19.000  34.863858     8.5864    3.95791     18.841    32.9902    25.6086 0.0000e+00
 168.553491     20.000  34.701536     8.4908    3.88827     19.832    32.9084    25.5590 0.0000e+00
 168.553511     21.000  34.666992     8.4105    3.88774     20.824    32.9464    25.6010 0.0000e+00
 168.553529     22.000  34.587208     8.3317    3.88745     21.815    32.9355    25.6042 0.0000e+00
 168.553548     23.000  34.573224     8.2808    3.81364     22.807    32.9680    25.6373 0.0000e+00
 168.553565     24.000  34.470564     8.0367    3.71246     23.798    33.0884    25.7677 0.0000e+00
 168.553579     25.000  34.387560     7.8528    3.66261     24.790    33.1735    25.8613 0.0000e+00
 168.553594     26.000  34.366072     7.7705    3.60933     25.781    33.2283    25.9162 0.0000e+00
 168.553609     27.000  34.360935     7.7404    3.54573     26.773    33.2511    25.9384 0.0000e+00
 168.553624     28.000  34.349093     7.7177    3.55678     27.764    33.2595    25.9483 0.0000e+00
 168.553639     29.000  34.348758     7.7219    3.54587     28.756    33.2547    25.9439 0.0000e+00
 168.553655     30.000  34.346903     7.7193    3.53775     29.747    33.2546    25.9443 0.0000e+00
 168.553674     31.000  34.341021     7.7132    3.52914     30.739    33.2537    25.9445 0.0000e+00
 168.553696     32.000  34.337570     7.7124    3.53871     31.730    33.2503    25.9419 0.0000e+00
 168.553760     33.000  34.331272     7.7094    3.51596     32.722    33.2459    25.9388 0.0000e+00
 168.553801     34.000  34.324449     7.7048    3.49912     33.714    33.2426    25.9369 0.0000e+00
 168.553823     35.000  34.322139     7.7042    3.48914     34.705    33.2401    25.9351 0.0000e+00
 168.553907     36.000  34.323719     7.7103    3.46785     35.696    33.2355    25.9306 0.0000e+00
