data/oxygen options/OCNMS/OCNMS2/raw_data/2004/CTD_CE50_090704faed.cnv
* Sea-Bird SBE19 Data File:
* FileName = C:\WINDOWS\Desktop\put hypoxia files here\CTD data\September 07_0804\CE\Raw\CE50_090704.hex
* Software Version 1.1.4
* Temperature SN = 2997
* Conductivity SN = 2997
* System UpLoad Time = Sep 07 2004 16:06:15
* SEACAT PROFILER V3.1c SN 2997   09/07/04  16:08:48.828
* strain gauge pressure sensor: S/N = 184829,  range = 3000 psia,  tc = 40
# nquan = 9                                 
# nvalues = 688                         
# units = specified
# name 0 = timeJ: Julian Days
# name 1 = prSM: Pressure, Strain Gauge [db]
# name 2 = c0mS/cm: Conductivity [mS/cm]
# name 3 = t090C: Temperature [ITS-90, deg C]
# name 4 = oxML/L: Oxygen, Beckman/YSI [ml/l]
# name 5 = depSM: Depth [salt water, m], lat = 47.5
# name 6 = sal00: Salinity, Practical [PSU]
# name 7 = sigma-é00: Density [sigma-theta, kg/m^3]
# name 8 = flag: flag
# span 0 = 251.570579, 251.574554       
# span 1 =     -4.778,     50.045       
# span 2 =   0.695102,  40.803927       
# span 3 =     7.5606,    17.0271       
# span 4 =   -0.04205,   26.79486       
# span 5 =     -4.738,     49.621       
# span 6 =     0.4165,    33.6680       
# span 7 =    -0.7046,    26.2918       
# span 8 = 0.0000e+00, 0.0000e+00       
# interval = seconds: 0.5
# start_time = Sep 07 2004 13:41:38 [Instrument's time stamp, header]
# bad_flag = -9.990e-29
*END*
[from data line 161]
 251.571510     -0.391  40.726524    16.9564    6.64139     -0.388    31.4205    22.7790 -9.990e-29
 251.571516     -0.386  40.733368    16.9613    6.64297     -0.383    31.4226    22.7795 -9.990e-29
 251.571522     -0.376  40.738603    16.9612    6.64383     -0.373    31.4271    22.7830 -9.990e-29
 251.571528     -0.365  40.737444    16.9589    6.64773     -0.362    31.4279    22.7842 -9.990e-29
 251.571534     -0.358  40.734533    16.9594    6.63729     -0.355    31.4250    22.7818 -9.990e-29
 251.571539     -0.349  40.735541    16.9629    6.64437     -0.346    31.4232    22.7796 -9.990e-29
 251.571545     -0.333  40.739584    16.9676    6.65092     -0.330    31.4230    22.7783 -9.990e-29
 251.571551     -0.314  40.744210    16.9730    6.64571     -0.311    31.4227    22.7769 -9.990e-29
 251.571557     -0.295  40.749433    16.9782    6.64960     -0.293    31.4232    22.7760 -9.990e-29
 251.571563     -0.274  40.754938    16.9813    6.63480     -0.272    31.4255    22.7771 -9.990e-29
 251.571568     -0.250  40.757981    16.9825    6.63129     -0.248    31.4271    22.7781 -9.990e-29
 251.571574     -0.227  40.758148    16.9830    6.63372     -0.225    31.4269    22.7778 -9.990e-29
 251.571580     -0.206  40.757920    16.9839    6.63327     -0.204    31.4260    22.7769 -9.990e-29
 251.571586     -0.186  40.759254    16.9863    6.63745     -0.184    31.4252    22.7758 -9.990e-29
 251.571591     -0.171  40.762260    16.9891    6.62358     -0.170    31.4256    22.7754 -9.990e-29
 251.571597     -0.164  40.765350    16.9899    6.61477     -0.163    31.4277    22.7768 -9.990e-29
 251.571603     -0.160  40.766486    16.9892    6.61916     -0.159    31.4292    22.7781 -9.990e-29
 251.571609     -0.155  40.765516    16.9882    6.62268     -0.154    31.4291    22.7783 -9.990e-29
 251.571615     -0.147  40.763969    16.9880    6.63061     -0.146    31.4280    22.7774 -9.990e-29
 251.571620     -0.137  40.763724    16.9894    6.63258     -0.136    31.4266    22.7761 -9.990e-29
 251.571626     -0.129  40.765591    16.9909    6.62701     -0.128    31.4271    22.7761 -9.990e-29
 251.571632     -0.126  40.767026    16.9929    6.62530     -0.125    31.4268    22.7754 -9.990e-29
 251.571638     -0.124  40.768272    16.9972    6.62310     -0.123    31.4245    22.7726 -9.990e-29
 251.571644     -0.118  40.771568    17.0029    6.62037     -0.117    31.4229    22.7701 -9.990e-29
 251.571649     -0.108  40.776277    17.0074    6.61395     -0.107    31.4234    22.7694 -9.990e-29
 251.571655     -0.093  40.780837    17.0076    6.62033     -0.092    31.4271    22.7723 -9.990e-29
 251.571661     -0.077  40.781806    17.0030    6.62270     -0.076    31.4316    22.7767 -9.990e-29
 251.571667     -0.062  40.777685    16.9966    6.61565     -0.061    31.4330    22.7793 -9.990e-29
 251.571672     -0.048  40.771412    16.9938    6.60776     -0.048    31.4298    22.7775 -9.990e-29
 251.571678     -0.035  40.768663    16.9963    6.60799     -0.035    31.4255    22.7736 -9.990e-29
 251.571684     -0.020  40.771960    16.9935    6.61049     -0.020    31.4305    22.7781 -9.990e-29
 251.571690     -0.004  40.769441    16.9800    6.60978     -0.004    31.4389    22.7877 -9.990e-29
 251.571696      0.011  40.753835    16.9678    6.59462      0.011    31.4350    22.7875 -9.990e-29
 251.571701      0.016  40.740823    16.9631    6.57617      0.016    31.4274    22.7828 -9.990e-29
 251.571707      0.013  40.738315    16.9592    6.57947      0.013    31.4283    22.7844 -9.990e-29
 251.571713      0.010  40.735687    16.9490    6.58950      0.010    31.4340    22.7911 -9.990e-29
 251.571719      0.010  40.725521    16.9317    6.60036      0.010    31.4388    22.7988 -9.990e-29
 251.571725      0.014  40.708306    16.9172    6.60475      0.014    31.4353    22.7994 -9.990e-29
 251.571730      0.022  40.694207    16.9160    6.60638      0.022    31.4241    22.7911 -9.990e-29
 251.571736      0.031  40.694736    16.9260    6.59686      0.031    31.4167    22.7832 -9.990e-29
 251.571742      0.035  40.706118    16.9384    6.59210      0.035    31.4168    22.7804 -9.990e-29
 251.571748      0.041  40.718296    16.9496    6.59147      0.041    31.4186    22.7792 -9.990e-29
 251.571753      0.053  40.728448    16.9560    6.59786      0.053    31.4223    22.7805 -9.990e-29
 251.571759      0.070  40.733295    16.9506    6.59374      0.069    31.4307    22.7882 -9.990e-29
 251.571765      0.091  40.724730    16.9415    6.58386      0.090    31.4304    22.7901 -9.990e-29
 251.571771      0.108  40.713794    16.9426    6.57830      0.107    31.4201    22.7820 -9.990e-29
 251.571777      0.118  40.717902    16.9474    6.59059      0.117    31.4199    22.7807 -9.990e-29
 251.571782      0.126  40.725146    16.9468    6.59510      0.125    31.4266    22.7860 -9.990e-29
 251.571788      0.136  40.723882    16.9439    6.60262      0.135    31.4278    22.7875 -9.990e-29
 251.571794      0.145  40.720858    16.9429    6.58537      0.144    31.4260    22.7864 -9.990e-29
 251.571800      0.149  40.720472    16.9444    6.57449      0.148    31.4245    22.7849 -9.990e-29
 251.571806      0.148  40.722222    16.9460    6.56627      0.147    31.4247    22.7847 -9.990e-29
 251.571811      0.148  40.723407    16.9432    6.57405      0.147    31.4279    22.7878 -9.990e-29
 251.571817      0.155  40.719453    16.9353    6.58244      0.154    31.4307    22.7917 -9.990e-29
 251.571823      0.171  40.710716    16.9288    6.58430      0.170    31.4282    22.7914 -9.990e-29
 251.571829      0.184  40.704076    16.9293    6.58656      0.182    31.4221    22.7866 -9.990e-29
 251.571834      0.185  40.705282    16.9358    6.59193      0.183    31.4181    22.7820 -9.990e-29
 251.571840      0.180  40.713149    16.9434    6.59198      0.178    31.4189    22.7809 -9.990e-29
 251.571846      0.173  40.721347    16.9502    6.58228      0.172    31.4207    22.7806 -9.990e-29
 251.571852      0.167  40.727919    16.9565    6.57209      0.166    31.4214    22.7797 -9.990e-29
 251.571858      0.166  40.734353    16.9608    6.57194      0.165    31.4236    22.7804 -9.990e-29
 251.571863      0.166  40.738581    16.9638    6.57439      0.165    31.4249    22.7807 -9.990e-29
 251.571869      0.166  40.741207    16.9678    6.58251      0.165    31.4240    22.7791 -9.990e-29
 251.571875      0.176  40.745189    16.9723    6.57932      0.175    31.4239    22.7780 -9.990e-29
 251.571881      0.196  40.749679    16.9768    6.57830      0.194    31.4243    22.7772 -9.990e-29
 251.571887      0.219  40.753947    16.9844    6.58739      0.217    31.4220    22.7737 -9.990e-29
 251.571892      0.241  40.761455    16.9989    6.59364      0.239    31.4172    22.7667 -9.990e-29
 251.571898      0.265  40.776618    17.0162    6.59681      0.263    31.4167    22.7623 -9.990e-29
 251.571904      0.287  40.794419    17.0262    6.58801      0.285    31.4242    22.7657 -9.990e-29
 251.571910      0.301  40.803825    17.0271    6.57830      0.298    31.4315    22.7711 -9.990e-29
 251.571916      0.303  40.803927    17.0256    6.56486      0.300    31.4328    22.7725 -9.990e-29
 251.571921      0.297  40.801612    17.0254    6.56242      0.295    31.4310    22.7711 -9.990e-29
 251.571927      0.296  40.801105    17.0241    6.56285      0.294    31.4315    22.7718 -9.990e-29
 251.571933      0.308  40.800062    17.0191    6.56822      0.305    31.4345    22.7753 -9.990e-29
 251.571939      0.329  40.794303    17.0142    6.57331      0.326    31.4334    22.7756 -9.990e-29
 251.571944      0.354  40.788506    17.0131    6.56978      0.351    31.4293    22.7727 -9.990e-29
 251.571950      0.374  40.787861    17.0151    6.57573      0.371    31.4272    22.7706 -9.990e-29
 251.571956      0.386  40.790399    17.0192    6.57610      0.383    31.4261    22.7688 -9.990e-29
 251.571962      0.392  40.794468    17.0234    6.57246      0.389    31.4264    22.7680 -9.990e-29
 251.571968      0.391  40.798776    17.0259    6.55678      0.388    31.4281    22.7688 -9.990e-29
 251.571973      0.389  40.801791    17.0269    6.55532      0.386    31.4299    22.7700 -9.990e-29
 251.571979      0.388  40.802499    17.0253    6.56447      0.385    31.4318    22.7717 -9.990e-29
 251.571985      0.390  40.800176    17.0197    6.56964      0.387    31.4341    22.7749 -9.990e-29
 251.571991      0.398  40.796230    17.0126    6.57359      0.395    31.4363    22.7782 -9.990e-29
 251.571997      0.413  40.792705    17.0088    6.55842      0.410    31.4362    22.7790 -9.990e-29
 251.572002      0.423  40.790520    17.0112    6.55076      0.419    31.4325    22.7755 -9.990e-29
 251.572008      0.421  40.791256    17.0158    6.54528      0.417    31.4295    22.7722 -9.990e-29
 251.572014      0.414  40.793658    17.0160    6.55595      0.411    31.4314    22.7736 -9.990e-29
 251.572020      0.414  40.791398    17.0100    6.56308      0.411    31.4342    22.7771 -9.990e-29
 251.572025      0.428  40.783155    17.0012    6.57111      0.424    31.4339    22.7790 -9.990e-29
 251.572031      0.450  40.773654    16.9958    6.57046      0.446    31.4300    22.7772 -9.990e-29
 251.572037      0.469  40.768748    16.9975    6.54489      0.465    31.4244    22.7726 -9.990e-29
 251.572043      0.478  40.771996    17.0025    6.53804      0.474    31.4233    22.7706 -9.990e-29
 251.572049      0.483  40.778755    17.0038    6.53995      0.479    31.4281    22.7739 -9.990e-29
 251.572054      0.491  40.780088    16.9950    6.54781      0.487    31.4361    22.7821 -9.990e-29
 251.572060      0.507  40.768802    16.9784    6.55702      0.503    31.4394    22.7884 -9.990e-29
 251.572066      0.525  40.749494    16.9672    6.54888      0.521    31.4315    22.7850 -9.990e-29
 251.572072      0.532  40.738504    16.9675    6.54195      0.528    31.4218    22.7775 -9.990e-29
 251.572078      0.529  40.742500    16.9717    6.53499      0.525    31.4220    22.7767 -9.990e-29
 251.572083      0.524  40.750542    16.9715    6.54854      0.520    31.4290    22.7821 -9.990e-29
 251.572089      0.520  40.751476    16.9679    6.55280      0.516    31.4327    22.7857 -9.990e-29
 251.572095      0.519  40.746556    16.9671    6.56145      0.515    31.4291    22.7832 -9.990e-29
 251.572101      0.520  40.743814    16.9723    6.55640      0.516    31.4226    22.7770 -9.990e-29
 251.572106      0.522  40.748576    16.9797    6.54075      0.518    31.4210    22.7740 -9.990e-29
 251.572112      0.527  40.756536    16.9850    6.54174      0.523    31.4237    22.7749 -9.990e-29
 251.572118      0.533  40.761482    16.9857    6.53600      0.529    31.4274    22.7776 -9.990e-29
 251.572124      0.543  40.761598    16.9787    6.54505      0.538    31.4329    22.7834 -9.990e-29
 251.572130      0.555  40.754239    16.9700    6.53738      0.550    31.4334    22.7858 -9.990e-29
 251.572135      0.568  40.744188    16.9690    6.52384      0.563    31.4255    22.7800 -9.990e-29
 251.572141      0.572  40.742733    16.9747    6.52301      0.567    31.4198    22.7743 -9.990e-29
 251.572147      0.569  40.750181    16.9784    6.52594      0.564    31.4233    22.7762 -9.990e-29
 251.572153      0.566  40.755708    16.9736    6.53691      0.561    31.4318    22.7838 -9.990e-29
 251.572159      0.569  40.751542    16.9634    6.54880      0.564    31.4362    22.7895 -9.990e-29
 251.572164      0.572  40.739991    16.9582    6.54828      0.567    31.4303    22.7862 -9.990e-29
 251.572170      0.571  40.732589    16.9631    6.54072      0.566    31.4202    22.7773 -9.990e-29
 251.572176      0.571  40.737985    16.9717    6.52901      0.566    31.4181    22.7737 -9.990e-29
 251.572182      0.577  40.748788    16.9774    6.53485      0.572    31.4229    22.7761 -9.990e-29
 251.572188      0.587  40.755284    16.9803    6.54588      0.582    31.4262    22.7779 -9.990e-29
 251.572193      0.604  40.758846    16.9799    6.55020      0.599    31.4296    22.7806 -9.990e-29
 251.572199      0.624  40.758059    16.9765    6.55257      0.619    31.4316    22.7829 -9.990e-29
 251.572205      0.635  40.752999    16.9765    6.54645      0.630    31.4272    22.7796 -9.990e-29
 251.572211      0.630  40.753198    16.9805    6.54015      0.625    31.4243    22.7764 -9.990e-29
 251.572216      0.620  40.758362    16.9843    6.51680      0.615    31.4258    22.7766 -9.990e-29
 251.572222      0.623  40.762478    16.9863    6.50637      0.618    31.4277    22.7777 -9.990e-29
 251.572228      0.635  40.763747    16.9853    6.51757      0.630    31.4296    22.7794 -9.990e-29
 251.572234      0.647  40.761063    16.9793    6.53417      0.642    31.4320    22.7826 -9.990e-29
 251.572240      0.665  40.754218    16.9704    6.55058      0.659    31.4330    22.7854 -9.990e-29
 251.572245      0.690  40.745311    16.9666    6.54488      0.684    31.4283    22.7827 -9.990e-29
 251.572251      0.710  40.742111    16.9715    6.53975      0.704    31.4217    22.7765 -9.990e-29
 251.572257      0.718  40.748767    16.9789    6.54054      0.712    31.4217    22.7748 -9.990e-29
 251.572263      0.724  40.757327    16.9804    6.53741      0.718    31.4279    22.7792 -9.990e-29
 251.572269      0.735  40.757888    16.9752    6.54085      0.729    31.4324    22.7838 -9.990e-29
 251.572274      0.746  40.751206    16.9701    6.53392      0.740    31.4306    22.7837 -9.990e-29
 251.572280      0.746  40.745771    16.9694    6.52825      0.740    31.4265    22.7807 -9.990e-29
 251.572286      0.742  40.746123    16.9715    6.53624      0.736    31.4252    22.7792 -9.990e-29
 251.572292      0.737  40.749368    16.9730    6.53435      0.731    31.4268    22.7801 -9.990e-29
 251.572297      0.734  40.751422    16.9730    6.53617      0.728    31.4286    22.7814 -9.990e-29
 251.572303      0.738  40.751100    16.9732    6.53150      0.732    31.4281    22.7810 -9.990e-29
 251.572309      0.741  40.750226    16.9756    6.52355      0.735    31.4255    22.7785 -9.990e-29
 251.572315      0.734  40.752126    16.9795    6.52967      0.728    31.4241    22.7765 -9.990e-29
 251.572321      0.726  40.756534    16.9816    6.53464      0.720    31.4262    22.7777 -9.990e-29
 251.572326      0.728  40.759234    16.9800    6.53719      0.722    31.4298    22.7808 -9.990e-29
 251.572332      0.741  40.757100    16.9762    6.53308      0.735    31.4309    22.7825 -9.990e-29
 251.572338      0.752  40.752341    16.9745    6.52402      0.746    31.4282    22.7808 -9.990e-29
 251.572344      0.755  40.750961    16.9765    6.52424      0.749    31.4254    22.7782 -9.990e-29
 251.572350      0.753  40.754490    16.9782    6.51836      0.747    31.4271    22.7791 -9.990e-29
 251.572355      0.750  40.756976    16.9750    6.51044      0.744    31.4318    22.7834 -9.990e-29
 251.572361      0.747  40.753886    16.9675    6.51028      0.741    31.4350    22.7876 -9.990e-29
 251.572367      0.747  40.746716    16.9594    6.51593      0.741    31.4351    22.7896 -9.990e-29
 251.572373      0.755  40.738816    16.9500    6.53209      0.749    31.4357    22.7922 -9.990e-29
 251.572378      0.767  40.729757    16.9391    6.54037      0.761    31.4364    22.7952 -9.990e-29
 251.572384      0.780  40.718123    16.9363    6.53733      0.773    31.4286    22.7899 -9.990e-29
 251.572390      0.790  40.714777    16.9488    6.52784      0.783    31.4159    22.7773 -9.990e-29
 251.572396      0.792  40.728725    16.9668    6.52004      0.785    31.4139    22.7716 -9.990e-29
 251.572402      0.793  40.747148    16.9760    6.52844      0.786    31.4225    22.7761 -9.990e-29
 251.572407      0.795  40.754783    16.9713    6.53812      0.788    31.4328    22.7850 -9.990e-29
 251.572413      0.800  40.747232    16.9597    6.53387      0.793    31.4353    22.7897 -9.990e-29
 251.572419      0.808  40.732387    16.9556    6.52723      0.801    31.4257    22.7833 -9.990e-29
 251.572425      0.814  40.728613    16.9636    6.52215      0.807    31.4163    22.7742 -9.990e-29
