data/oxygen options/OCNMS/OCNMS2/raw_data/2004/CTD_CE50_100404faed.cnv
* Sea-Bird SBE19 Data File:
* FileName = C:\WINDOWS\Desktop\put hypoxia files here\CTD data\October 04_05-04\raw\CE50_100404.hex
* Software Version 1.1.4
* Temperature SN = 2997
* Conductivity SN = 2997
* System UpLoad Time = Oct 04 2004 15:22:25
* SEACAT PROFILER V3.1c SN 2997   10/04/04  15:26:21.914
* strain gauge pressure sensor: S/N = 184829,  range = 3000 psia,  tc = 40
# nquan = 9                                 
# nvalues = 619                         
# units = specified
# name 0 = timeJ: Julian Days
# name 1 = prSM: Pressure, Strain Gauge [db]
# name 2 = c0mS/cm: Conductivity [mS/cm]
# name 3 = t090C: Temperature [ITS-90, deg C]
# name 4 = oxML/L: Oxygen, Beckman/YSI [ml/l]
# name 5 = depSM: Depth [salt water, m], lat = 47.5
# name 6 = sal00: Salinity, Practical [PSU]
# name 7 = sigma-é00: Density [sigma-theta, kg/m^3]
# name 8 = flag: flag
# span 0 = 278.575000, 278.578576       
# span 1 =     -4.896,     48.283       
# span 2 =   0.550220,  39.204681       
# span 3 =     7.7380,    15.7289       
# span 4 =   -0.05388,   28.56732       
# span 5 =     -4.855,     47.874       
# span 6 =     0.3381,    33.5865       
# span 7 =    -0.5598,    26.2020       
# span 8 = 0.0000e+00, 0.0000e+00       
# interval = seconds: 0.5
# start_time = Oct 04 2004 13:48:00 [Instrument's time stamp, header]
# bad_flag = -9.990e-29
*END*
 278.575000     -4.896 -9.990e-29    14.4732   -0.05388     -4.855 -9.990e-29 -9.990e-29 -9.990e-29
 278.575006     -4.894   0.557201    14.4711   -0.05388     -4.853     0.3425    -0.5550 -9.990e-29
 278.575012     -4.892   0.555041    14.4677   -0.05386     -4.851     0.3411    -0.5555 -9.990e-29
 278.575017     -4.890   0.553002    14.4649   -0.05385     -4.849     0.3398    -0.5561 -9.990e-29
 278.575023     -4.882   0.551697    14.4634   -0.05383     -4.841     0.3390    -0.5565 -9.990e-29
 278.575029     -4.861   0.551052    14.4630   -0.05383     -4.820     0.3386    -0.5568 -9.990e-29
 278.575035     -4.824   0.550762    14.4638   -0.05382     -4.784     0.3384    -0.5570 -9.990e-29
 278.575041     -4.782   0.550442    14.4654   -0.05382     -4.742     0.3382    -0.5574 -9.990e-29
 278.575046     -4.741   0.550220    14.4678   -0.05381     -4.701     0.3381    -0.5579 -9.990e-29
 278.575052     -4.699   0.550357    14.4714   -0.05381     -4.660     0.3381    -0.5584 -9.990e-29
 278.575058     -4.652   0.550481    14.4763   -0.05367     -4.613     0.3381    -0.5591 -9.990e-29
 278.575064     -4.603   0.550759    14.4820   -0.04395     -4.565     0.3383    -0.5598 -9.990e-29
 278.575069     -4.555   0.552673    14.4877   -0.04326     -4.517     0.3394    -0.5597 -9.990e-29
 278.575075     -4.507   0.559329    14.4933   -0.04338     -4.469     0.3436    -0.5573 -9.990e-29
 278.575081     -4.452   0.577939    14.4989   -0.04350     -4.415     0.3554    -0.5490 -9.990e-29
 278.575087     -4.389   0.610553    14.5049   -0.04355     -4.352     0.3761    -0.5338 -9.990e-29
 278.575093     -4.323   0.661235    14.5149   -0.04360     -4.287     0.4084    -0.5103 -9.990e-29
 278.575098     -4.255   0.775908    14.5389   -0.04360     -4.220     0.4818    -0.4569 -9.990e-29
 278.575104     -4.176   1.100254    14.6045   -0.04361     -4.141     0.6921    -0.3038 -9.990e-29
 278.575110     -4.077   2.066179    14.7958   -0.04363     -4.043     1.3339     0.1635 -9.990e-29
 278.575116     -3.955   4.960475    15.1727   -0.04362     -3.922     3.3423     1.6508 -9.990e-29
 278.575122     -3.812  13.419517    15.5587   -0.04361     -3.780     9.6395     6.4098 -9.990e-29
 278.575127     -3.651  25.882077    15.7289   -0.04360     -3.621    19.6308    14.0176 -9.990e-29
 278.575133     -3.484  34.055396    15.7288   -0.04360     -3.455    26.5629    19.3270 -9.990e-29
 278.575139     -3.320  36.704292    15.6921   -0.04359     -3.292    28.8897    21.1202 -9.990e-29
 278.575145     -3.168  37.561486    15.6607   -0.04360     -3.142    29.6637    21.7212 -9.990e-29
 278.575150     -3.038  37.833297    15.6417   -0.04363     -3.013    29.9168    21.9197 -9.990e-29
 278.575156     -2.935  37.915253    15.6318   -0.04364     -2.911    29.9963    21.9830 -9.990e-29
 278.575162     -2.849  37.936845    15.6272   -0.04364     -2.825    30.0188    22.0012 -9.990e-29
 278.575168     -2.769  37.933624    15.6296   -0.04364     -2.746    30.0141    21.9971 -9.990e-29
 278.575174     -2.695  37.922639    15.6363   -0.04364     -2.673    29.9993    21.9843 -9.990e-29
 278.575179     -2.631  37.919560    15.6427   -0.04363     -2.609    29.9917    21.9771 -9.990e-29
 278.575185     -2.572  37.924241    15.6476   -0.04365     -2.551    29.9921    21.9763 -9.990e-29
 278.575191     -2.511  37.926691    15.6484   -0.04365     -2.490    29.9936    21.9773 -9.990e-29
 278.575197     -2.448  37.923480    15.6423   -0.04367     -2.428    29.9954    21.9800 -9.990e-29
 278.575203     -2.383  37.916528    15.6313   -0.04367     -2.363    29.9976    21.9841 -9.990e-29
 278.575208     -2.316  37.905573    15.6207   -0.04365     -2.297    29.9960    21.9852 -9.990e-29
 278.575214     -2.253  37.893986    15.6136   -0.04364     -2.234    29.9912    21.9830 -9.990e-29
 278.575220     -2.196  37.892146    15.6110   -0.04365     -2.178    29.9915    21.9838 -9.990e-29
 278.575226     -2.148  37.900434    15.6123   -0.04366     -2.130    29.9978    21.9884 -9.990e-29
 278.575231     -2.101  37.906372    15.6143   -0.04367     -2.083    30.0015    21.9908 -9.990e-29
 278.575237     -2.051  37.902769    15.6141   -0.04366     -2.034    29.9985    21.9885 -9.990e-29
 278.575243     -2.004  37.884853    15.6109   -0.04366     -1.987    29.9851    21.9789 -9.990e-29
 278.575249     -1.965  37.859615    15.6053   -0.04368     -1.949    29.9671    21.9663 -9.990e-29
 278.575255     -1.937  37.845595    15.6015   -0.04368     -1.921    29.9577    21.9599 -9.990e-29
 278.575260     -1.914  37.848247    15.6027   -0.04367     -1.898    29.9591    21.9607 -9.990e-29
 278.575266     -1.889  37.863286    15.6059   -0.04366     -1.873    29.9699    21.9683 -9.990e-29
 278.575272     -1.861  37.877145    15.6071   -0.04366     -1.845    29.9812    21.9767 -9.990e-29
 278.575278     -1.828  37.875245    15.6069   -0.04367     -1.813    29.9796    21.9756 -9.990e-29
 278.575284     -1.792  37.860133    15.6063   -0.04367     -1.777    29.9668    21.9658 -9.990e-29
 278.575289     -1.761  37.843660    15.6053   -0.04369     -1.746    29.9530    21.9555 -9.990e-29
 278.575295     -1.735  37.835302    15.6034   -0.04369     -1.721    29.9471    21.9513 -9.990e-29
 278.575301     -1.714  37.834043    15.6008   -0.04367     -1.700    29.9480    21.9526 -9.990e-29
 278.575307     -1.695  37.827018    15.5986   -0.04367     -1.681    29.9434    21.9496 -9.990e-29
 278.575313     -1.679  37.814425    15.5987   -0.04368     -1.665    29.9323    21.9410 -9.990e-29
 278.575318     -1.663  37.816523    15.6017   -0.04368     -1.649    29.9318    21.9400 -9.990e-29
 278.575324     -1.647  37.835578    15.6048   -0.04370     -1.633    29.9462    21.9504 -9.990e-29
 278.575330     -1.630  37.845429    15.6038   -0.04371     -1.616    29.9557    21.9578 -9.990e-29
 278.575336     -1.615  37.835128    15.5964   -0.04370     -1.602    29.9522    21.9568 -9.990e-29
 278.575341     -1.605  37.824062    15.5872   -0.04370     -1.592    29.9495    21.9567 -9.990e-29
 278.575347     -1.596  37.823308    15.5845   -0.04369     -1.583    29.9508    21.9583 -9.990e-29
 278.575353     -1.582  37.829088    15.5882   -0.04370     -1.569    29.9531    21.9593 -9.990e-29
 278.575359     -1.563  37.840164    15.5914   -0.04371     -1.550    29.9604    21.9642 -9.990e-29
 278.575365     -1.542  37.850582    15.5903   -0.04371     -1.529    29.9704    21.9721 -9.990e-29
 278.575370     -1.521  37.850149    15.5836   -0.04370     -1.508    29.9751    21.9772 -9.990e-29
 278.575376     -1.500  37.842246    15.5729   -0.04370     -1.487    29.9763    21.9804 -9.990e-29
 278.575382     -1.481  37.837682    15.5659   -0.04370     -1.469    29.9776    21.9829 -9.990e-29
 278.575388     -1.468  37.836008    15.5670   -0.04373     -1.456    29.9753    21.9809 -9.990e-29
 278.575394     -1.455  37.835023    15.5712   -0.04372     -1.443    29.9712    21.9768 -9.990e-29
 278.575399     -1.437  37.833442    15.5727   -0.04370     -1.425    29.9687    21.9746 -9.990e-29
 278.575405     -1.417  37.829192    15.5704   -0.04370     -1.405    29.9667    21.9735 -9.990e-29
 278.575411     -1.399  37.825611    15.5662   -0.04369     -1.387    29.9667    21.9744 -9.990e-29
 278.575417     -1.381  37.823566    15.5636   -0.04371     -1.369    29.9669    21.9751 -9.990e-29
 278.575422     -1.362  37.822043    15.5642   -0.04372     -1.351    29.9651    21.9736 -9.990e-29
 278.575428     -1.340  37.822407    15.5645   -0.04371     -1.329    29.9651    21.9736 -9.990e-29
 278.575434     -1.316  37.822931    15.5598   -0.04370     -1.305    29.9692    21.9777 -9.990e-29
 278.575440     -1.290  37.823786    15.5523   -0.04370     -1.279    29.9756    21.9843 -9.990e-29
 278.575446     -1.271  37.826707    15.5510   -0.04370     -1.260    29.9792    21.9873 -9.990e-29
 278.575451     -1.256  37.831692    15.5577   -0.04370     -1.246    29.9785    21.9853 -9.990e-29
 278.575457     -1.241  37.840367    15.5642   -0.04370     -1.231    29.9812    21.9860 -9.990e-29
 278.575463     -1.225  37.846385    15.5644   -0.04372     -1.215    29.9863    21.9899 -9.990e-29
 278.575469     -1.206  37.845465    15.5586   -0.04372     -1.196    29.9899    21.9939 -9.990e-29
 278.575475     -1.188  37.844266    15.5538   -0.04371     -1.178    29.9925    21.9969 -9.990e-29
 278.575480     -1.174  37.844024    15.5559   -0.04370     -1.164    29.9907    21.9951 -9.990e-29
 278.575486     -1.159  37.843326    15.5617   -0.04370     -1.149    29.9856    21.9900 -9.990e-29
 278.575492     -1.137  37.841832    15.5656   -0.04371     -1.128    29.9813    21.9858 -9.990e-29
 278.575498     -1.112  37.838143    15.5666   -0.04371     -1.103    29.9773    21.9825 -9.990e-29
 278.575503     -1.085  37.834104    15.5657   -0.04370     -1.076    29.9744    21.9805 -9.990e-29
 278.575509     -1.056  37.831654    15.5626   -0.04370     -1.047    29.9746    21.9813 -9.990e-29
 278.575515     -1.027  37.831483    15.5585   -0.04370     -1.018    29.9776    21.9845 -9.990e-29
 278.575521     -1.005  37.832833    15.5570   -0.04371     -0.997    29.9799    21.9866 -9.990e-29
 278.575527     -0.987  37.834170    15.5593   -0.04373     -0.979    29.9793    21.9857 -9.990e-29
 278.575532     -0.969  37.835625    15.5624   -0.04371     -0.961    29.9782    21.9842 -9.990e-29
 278.575538     -0.950  37.835805    15.5633   -0.04370     -0.942    29.9777    21.9836 -9.990e-29
 278.575544     -0.928  37.834421    15.5616   15.48550     -0.920    29.9778    21.9840 -9.990e-29
 278.575550     -0.906  37.834148    15.5604   26.86819     -0.898    29.9784    21.9847 -9.990e-29
 278.575556     -0.887  37.836336    15.5624   28.56732     -0.880    29.9788    21.9846 -9.990e-29
 278.575561     -0.871  37.841689    15.5650   25.18613     -0.864    29.9816    21.9862 -9.990e-29
 278.575567     -0.855  37.846721    15.5627   16.55572     -0.848    29.9878    21.9914 -9.990e-29
 278.575573     -0.839  37.848076    15.5548   13.01805     -0.832    29.9949    21.9986 -9.990e-29
 278.575579     -0.826  37.849838    15.5492   13.04344     -0.819    30.0008    22.0043 -9.990e-29
 278.575584     -0.819  37.853828    15.5525   13.02268     -0.812    30.0018    22.0044 -9.990e-29
 278.575590     -0.815  37.860907    15.5613   13.03104     -0.808    30.0013    22.0021 -9.990e-29
 278.575596     -0.807  37.873814    15.5689   13.04520     -0.800    30.0069    22.0048 -9.990e-29
 278.575602     -0.797  37.894649    15.5730   10.45524     -0.790    30.0221    22.0156 -9.990e-29
 278.575608     -0.787  37.919259    15.5748    6.98269     -0.780    30.0424    22.0308 -9.990e-29
 278.575613     -0.781  37.935622    15.5759    5.14431     -0.774    30.0560    22.0410 -9.990e-29
 278.575619     -0.775  37.942029    15.5771    4.59065     -0.769    30.0607    22.0444 -9.990e-29
 278.575625     -0.764  37.944813    15.5781    5.59712     -0.758    30.0624    22.0454 -9.990e-29
 278.575631     -0.746  37.946598    15.5784    6.58489     -0.740    30.0638    22.0464 -9.990e-29
 278.575637     -0.722  37.947551    15.5782    6.87679     -0.716    30.0647    22.0472 -9.990e-29
 278.575642     -0.693  37.947293    15.5783    7.07773     -0.687    30.0644    22.0469 -9.990e-29
 278.575648     -0.666  37.946632    15.5788    7.18817     -0.660    30.0635    22.0461 -9.990e-29
 278.575654     -0.645  37.946402    15.5794    7.25109     -0.640    30.0628    22.0454 -9.990e-29
 278.575660     -0.627  37.946889    15.5802    7.29408     -0.622    30.0626    22.0451 -9.990e-29
 278.575666     -0.612  37.947652    15.5805    7.32078     -0.607    30.0630    22.0454 -9.990e-29
 278.575671     -0.598  37.948057    15.5800    7.34040     -0.593    30.0638    22.0461 -9.990e-29
 278.575677     -0.585  37.948116    15.5791    7.36111     -0.580    30.0645    22.0468 -9.990e-29
 278.575683     -0.571  37.947941    15.5783    7.35843     -0.566    30.0650    22.0474 -9.990e-29
 278.575689     -0.557  37.947330    15.5782    7.35680     -0.552    30.0645    22.0470 -9.990e-29
 278.575694     -0.540  37.946619    15.5791    7.36136     -0.535    30.0632    22.0458 -9.990e-29
 278.575700     -0.521  37.947138    15.5809    7.36109     -0.517    30.0622    22.0447 -9.990e-29
 278.575706     -0.497  37.949048    15.5820    7.36825     -0.493    30.0631    22.0451 -9.990e-29
 278.575712     -0.467  37.950442    15.5815    7.36875     -0.463    30.0647    22.0465 -9.990e-29
 278.575718     -0.434  37.950409    15.5802    7.36293     -0.430    30.0656    22.0475 -9.990e-29
 278.575723     -0.404  37.950050    15.5797    7.35100     -0.401    30.0657    22.0476 -9.990e-29
 278.575729     -0.384  37.950026    15.5805    7.33917     -0.381    30.0650    22.0470 -9.990e-29
 278.575735     -0.377  37.950323    15.5813    7.33136     -0.374    30.0647    22.0465 -9.990e-29
 278.575741     -0.377  37.950237    15.5808    7.32943     -0.374    30.0650    22.0469 -9.990e-29
 278.575747     -0.377  37.949110    15.5798    7.32200     -0.374    30.0648    22.0469 -9.990e-29
 278.575752     -0.373  37.948259    15.5798    7.31936     -0.370    30.0640    22.0463 -9.990e-29
 278.575758     -0.367  37.948804    15.5805    7.32218     -0.364    30.0640    22.0461 -9.990e-29
 278.575764     -0.365  37.949801    15.5807    7.31204     -0.362    30.0647    22.0466 -9.990e-29
 278.575770     -0.361  37.949787    15.5802    7.30921     -0.358    30.0651    22.0470 -9.990e-29
 278.575775     -0.352  37.948757    15.5800    7.30152     -0.349    30.0643    22.0465 -9.990e-29
 278.575781     -0.340  37.948157    15.5807    7.29952     -0.337    30.0632    22.0455 -9.990e-29
 278.575787     -0.330  37.948881    15.5817    7.30081     -0.327    30.0631    22.0452 -9.990e-29
 278.575793     -0.321  37.950222    15.5824    7.29042     -0.318    30.0638    22.0455 -9.990e-29
 278.575799     -0.311  37.951178    15.5828    7.28171     -0.308    30.0643    22.0459 -9.990e-29
 278.575804     -0.302  37.951916    15.5835    7.27869     -0.299    30.0644    22.0458 -9.990e-29
 278.575810     -0.291  37.952871    15.5844    7.27451     -0.289    30.0646    22.0457 -9.990e-29
 278.575816     -0.279  37.953647    15.5845    7.26486     -0.277    30.0652    22.0462 -9.990e-29
 278.575822     -0.264  37.953609    15.5831    7.26204     -0.262    30.0662    22.0473 -9.990e-29
 278.575828     -0.250  37.952719    15.5814    7.25028     -0.248    30.0667    22.0480 -9.990e-29
 278.575833     -0.240  37.951487    15.5805    7.26095     -0.238    30.0663    22.0479 -9.990e-29
 278.575839     -0.229  37.950525    15.5802    7.26815     -0.227    30.0657    22.0475 -9.990e-29
 278.575845     -0.213  37.950247    15.5800    7.25444     -0.211    30.0656    22.0475 -9.990e-29
 278.575851     -0.190  37.950293    15.5796    7.24461     -0.188    30.0659    22.0478 -9.990e-29
 278.575856     -0.163  37.950178    15.5794    7.23465     -0.162    30.0659    22.0479 -9.990e-29
 278.575862     -0.140  37.950322    15.5796    7.23851     -0.139    30.0659    22.0478 -9.990e-29
 278.575868     -0.122  37.950929    15.5796    7.24506     -0.121    30.0664    22.0482 -9.990e-29
 278.575874     -0.109  37.951137    15.5790    7.24422     -0.108    30.0671    22.0488 -9.990e-29
 278.575880     -0.100  37.950674    15.5788    7.23535     -0.099    30.0668    22.0487 -9.990e-29
 278.575885     -0.094  37.950619    15.5802    7.23037     -0.093    30.0657    22.0475 -9.990e-29
 278.575891     -0.091  37.952034    15.5831    7.22544     -0.090    30.0647    22.0462 -9.990e-29
 278.575897     -0.087  37.954574    15.5853    7.22561     -0.086    30.0653    22.0461 -9.990e-29
 278.575903     -0.076  37.956032    15.5848    7.22332     -0.075    30.0670    22.0475 -9.990e-29
 278.575909     -0.063  37.955000    15.5829    7.22744     -0.062    30.0675    22.0483 -9.990e-29
 278.575914     -0.051  37.952921    15.5820    7.22532     -0.051    30.0663    22.0476 -9.990e-29
 278.575920     -0.039  37.952080    15.5827    7.21598     -0.039    30.0651    22.0465 -9.990e-29
