data/oxygen options/OCNMS/OCNMS2/raw_data/2004/CTD_TH100_072704faedb.cnv
* Sea-Bird SBE19 Data File:
* FileName = C:\WINDOWS\Desktop\put hypoxia files here\CTD files\July 26_27-04\TH\TH10_072704.hex
* Software Version 1.1.4
* Temperature SN = 2997
* Conductivity SN = 2997
* System UpLoad Time = Jul 27 2004 12:06:25
* SEACAT PROFILER V3.1c SN 2997   07/27/04  12:06:12.423
* strain gauge pressure sensor: S/N = 184829,  range = 3000 psia,  tc = 40
# nquan = 9
# nvalues = 101                         
# units = specified
# name 0 = timeJ: Julian Days
# name 1 = prSM: Pressure, Strain Gauge [db]
# name 2 = c0mS/cm: Conductivity [mS/cm]
# name 3 = t090C: Temperature [ITS-90, deg C]
# name 4 = oxML/L: Oxygen, Beckman/YSI [ml/l]
# name 5 = depSM: Depth [salt water, m], lat = 47.5
# name 6 = sal00: Salinity, Practical [PSU]
# name 7 = sigma-é00: Density [sigma-theta, kg/m^3]
# name 8 = flag: flag
# span 0 = 209.464542, 209.465792       
# span 1 =      2.000,    102.000       
# span 2 =  34.226243,  39.211547       
# span 3 =     7.1074,    14.1023       
# span 4 =    2.17019,    6.76542       
# span 5 =      1.983,    101.124       
# span 6 =    32.3843,    33.8223       
# span 7 =    24.1441,    26.4775       
# span 8 = 0.0000e+00, 0.0000e+00       
# interval = decibars: 1                
# start_time = Jul 27 2004 11:05:41 [Instrument's time stamp, header]
# bad_flag = -9.990e-29
*END*
 209.464542      2.000  39.211547    14.1023    6.76542      1.983    32.3843    24.1441 0.0000e+00
 209.464563      3.000  38.083158    12.4501    6.06981      2.975    32.7372    24.7475 0.0000e+00
 209.464577      4.000  36.885727    11.2682    5.80289      3.967    32.6149    24.8720 0.0000e+00
 209.464587      5.000  36.339949    10.7580    5.65891      4.958    32.5266    24.8926 0.0000e+00
 209.464598      6.000  36.076924    10.4919    5.52452      5.950    32.5004    24.9179 0.0000e+00
 209.464606      7.000  35.879407    10.2431    5.42002      6.942    32.5243    24.9787 0.0000e+00
 209.464615      8.000  35.679593     9.9927    5.35081      7.933    32.5470    25.0384 0.0000e+00
 209.464624      9.000  35.483809     9.7283    5.32369      8.925    32.5864    25.1126 0.0000e+00
 209.464633     10.000  35.264010     9.4459    5.28342      9.916    32.6173    25.1824 0.0000e+00
 209.464641     11.000  35.068776     9.2491    5.26004     10.908    32.5953    25.1967 0.0000e+00
 209.464649     12.000  34.961762     9.1193    4.61482     11.900    32.6028    25.2230 0.0000e+00
 209.464658     13.000  34.871323     8.9805    4.02591     12.891    32.6359    25.2705 0.0000e+00
 209.464665     14.000  34.768608     8.8387    4.04755     13.882    32.6588    25.3105 0.0000e+00
 209.464674     15.000  34.668997     8.7386    4.58919     14.874    32.6466    25.3163 0.0000e+00
 209.464683     16.000  34.598724     8.6893    4.72797     15.866    32.6181    25.3015 0.0000e+00
 209.464691     17.000  34.587382     8.6610    4.70066     16.857    32.6318    25.3165 0.0000e+00
 209.464700     18.000  34.567300     8.6148    4.66404     17.849    32.6531    25.3402 0.0000e+00
 209.464710     19.000  34.546514     8.5971    4.63477     18.840    32.6471    25.3382 0.0000e+00
 209.464718     20.000  34.547839     8.5911    6.56182     19.832    32.6535    25.3442 0.0000e+00
 209.464728     21.000  34.553250     8.5857    6.41867     20.823    32.6638    25.3531 0.0000e+00
 209.464737     22.000  34.582149     8.6120    4.88700     21.815    32.6693    25.3535 0.0000e+00
 209.464746     23.000  34.654422     8.6567    2.86098     22.806    32.7034    25.3733 0.0000e+00
 209.464755     24.000  34.727316     8.6660    2.88267     23.799    32.7706    25.4246 0.0000e+00
 209.464764     25.000  34.741897     8.6499    3.35559     24.790    32.8004    25.4504 0.0000e+00
 209.464773     26.000  34.745000     8.6278    3.45702     25.781    32.8237    25.4720 0.0000e+00
 209.464782     27.000  34.733103     8.6061    3.39491     26.773    32.8310    25.4810 0.0000e+00
 209.464792     28.000  34.721179     8.5886    3.33001     27.764    32.8342    25.4862 0.0000e+00
 209.464800     29.000  34.711466     8.5651    3.26807     28.756    32.8454    25.4986 0.0000e+00
 209.464810     30.000  34.697953     8.5344    3.22831     29.747    32.8593    25.5141 0.0000e+00
 209.464819     31.000  34.685384     8.5171    3.20347     30.739    32.8618    25.5187 0.0000e+00
 209.464827     32.000  34.690800     8.5131    3.17829     31.731    32.8708    25.5263 0.0000e+00
 209.464836     33.000  34.704247     8.5091    3.17933     32.722    32.8882    25.5407 0.0000e+00
 209.464845     34.000  34.706740     8.5004    3.15673     33.713    32.8984    25.5500 0.0000e+00
 209.464854     35.000  34.703780     8.4857    3.13393     34.705    32.9086    25.5602 0.0000e+00
 209.464864     36.000  34.691006     8.4614    3.12213     35.697    32.9173    25.5707 0.0000e+00
 209.464874     37.000  34.684917     8.4420    3.12232     36.688    32.9285    25.5825 0.0000e+00
 209.464883     38.000  34.702739     8.4325    3.11963     37.679    32.9558    25.6052 0.0000e+00
 209.464893     39.000  34.711820     8.4200    3.11599     38.671    32.9766    25.6234 0.0000e+00
 209.464903     40.000  34.711167     8.4058    3.09385     39.662    32.9888    25.6351 0.0000e+00
 209.464911     41.000  34.704707     8.3717    3.06659     40.654    33.0134    25.6596 0.0000e+00
 209.464921     42.000  34.689526     8.3100    3.05595     41.645    33.0548    25.7013 0.0000e+00
 209.464931     43.000  34.671787     8.2429    3.04486     42.637    33.0988    25.7458 0.0000e+00
 209.464941     44.000  34.657706     8.1979    3.02232     43.628    33.1258    25.7737 0.0000e+00
 209.464952     45.000  34.653369     8.1877    3.00720     44.620    33.1303    25.7787 0.0000e+00
 209.464963     46.000  34.631091     8.0936    2.99025     45.611    33.1952    25.8434 0.0000e+00
 209.464973     47.000  34.585338     8.0027    4.00429     46.602    33.2322    25.8859 0.0000e+00
 209.464984     48.000  34.553368     7.9397    2.82416     47.594    33.2575    25.9150 0.0000e+00
 209.464993     49.000  34.509391     7.8626    2.29537     48.585    33.2834    25.9465 0.0000e+00
 209.465002     50.000  34.453297     7.7917    2.90321     49.577    33.2904    25.9622 0.0000e+00
 209.465012     51.000  34.413324     7.7388    2.97740     50.568    33.2975    25.9755 0.0000e+00
 209.465021     52.000  34.385910     7.7099    3.00359     51.559    33.2952    25.9778 0.0000e+00
 209.465032     53.000  34.377324     7.6975    2.99266     52.551    33.2974    25.9813 0.0000e+00
 209.465044     54.000  34.374503     7.6810    2.95617     53.542    33.3096    25.9933 0.0000e+00
 209.465057     55.000  34.362129     7.6393    2.94874     54.534    33.3357    26.0198 0.0000e+00
 209.465069     56.000  34.330100     7.5721    3.02228     55.525    33.3652    26.0525 0.0000e+00
 209.465081     57.000  34.292003     7.5320    3.08474     56.516    33.3621    26.0557 0.0000e+00
 209.465093     58.000  34.275985     7.4994    3.15149     57.508    33.3757    26.0710 0.0000e+00
 209.465104     59.000  34.257302     7.4556    3.20938     58.500    33.3972    26.0941 0.0000e+00
 209.465115     60.000  34.239938     7.4267    3.25975     59.490    33.4057    26.1048 0.0000e+00
 209.465126     61.000  34.234240     7.4132    3.30486     60.482    33.4120    26.1118 0.0000e+00
 209.465137     62.000  34.231540     7.4001    3.31986     61.474    33.4213    26.1209 0.0000e+00
 209.465148     63.000  34.229199     7.3878    3.34427     62.465    33.4301    26.1296 0.0000e+00
 209.465159     64.000  34.226243     7.3670    3.35268     63.456    33.4465    26.1454 0.0000e+00
 209.465169     65.000  34.228451     7.3515    3.36214     64.447    33.4635    26.1609 0.0000e+00
 209.465179     66.000  34.232319     7.3423    3.37644     65.438    33.4761    26.1721 0.0000e+00
 209.465189     67.000  34.235282     7.3370    3.36549     66.430    33.4839    26.1790 0.0000e+00
 209.465200     68.000  34.238304     7.3266    3.35553     67.422    33.4968    26.1906 0.0000e+00
 209.465209     69.000  34.240296     7.3076    3.32961     68.413    33.5168    26.2090 0.0000e+00
 209.465219     70.000  34.241311     7.2903    3.30605     69.404    33.5342    26.2252 0.0000e+00
 209.465229     71.000  34.241485     7.2792    3.27472     70.395    33.5447    26.2350 0.0000e+00
 209.465239     72.000  34.242327     7.2726    3.25703     71.387    33.5515    26.2412 0.0000e+00
 209.465250     73.000  34.243914     7.2702    3.23481     72.378    33.5551    26.2444 0.0000e+00
 209.465261     74.000  34.244498     7.2678    3.21751     73.369    33.5576    26.2467 0.0000e+00
 209.465272     75.000  34.245920     7.2621    3.19151     74.361    33.5642    26.2527 0.0000e+00
 209.465284     76.000  34.253597     7.2588    3.17208     75.352    33.5753    26.2620 0.0000e+00
 209.465293     77.000  34.287249     7.2660    3.12166     76.343    33.6044    26.2838 0.0000e+00
 209.465305     78.000  34.338315     7.2788    3.06756     77.334    33.6471    26.3157 0.0000e+00
 209.465316     79.000  34.371277     7.2870    3.02327     78.325    33.6745    26.3361 0.0000e+00
 209.465328     80.000  34.389444     7.2933    2.98860     79.317    33.6876    26.3456 0.0000e+00
 209.465340     81.000  34.407208     7.2943    2.95817     80.309    33.7055    26.3595 0.0000e+00
 209.465354     82.000  34.405579     7.2873    2.93421     81.300    33.7101    26.3641 0.0000e+00
 209.465368     83.000  34.402890     7.2848    2.92352     82.291    33.7091    26.3637 0.0000e+00
 209.465382     84.000  34.398497     7.2774    2.91154     83.282    33.7111    26.3663 0.0000e+00
 209.465395     85.000  34.395751     7.2733    2.90586     84.273    33.7116    26.3673 0.0000e+00
 209.465408     86.000  34.395171     7.2677    2.87038     85.265    33.7160    26.3715 0.0000e+00
 209.465423     87.000  34.382525     7.2369    2.85022     86.256    33.7316    26.3881 0.0000e+00
 209.465440     88.000  34.355363     7.2037    2.80347     87.247    33.7340    26.3946 0.0000e+00
 209.465460     89.000  34.351675     7.1837    2.73394     88.238    33.7491    26.4092 0.0000e+00
 209.465485     90.000  34.348802     7.1747    2.66233     89.229    33.7543    26.4146 0.0000e+00
 209.465507     91.000  34.352750     7.1718    2.61220     90.221    33.7609    26.4202 0.0000e+00
 209.465524     92.000  34.355101     7.1398    2.51783     91.212    33.7943    26.4510 0.0000e+00
 209.465539     93.000  34.354450     7.1249    2.43988     92.203    33.8077    26.4636 0.0000e+00
 209.465555     94.000  34.354620     7.1172    2.37088     93.194    33.8150    26.4704 0.0000e+00
 209.465578     95.000  34.355804     7.1165    2.31551     94.186    33.8164    26.4716 0.0000e+00
 209.465609     96.000  34.355559     7.1171    2.29203     95.176    33.8151    26.4706 0.0000e+00
 209.465627     97.000  34.356238     7.1142    2.27395     96.168    33.8182    26.4734 0.0000e+00
 209.465645     98.000  34.356008     7.1098    2.24711     97.159    33.8218    26.4768 0.0000e+00
 209.465666     99.000  34.356070     7.1104    2.22872     98.150    33.8207    26.4759 0.0000e+00
 209.465685    100.000  34.355728     7.1079    2.26399     99.141    33.8223    26.4775 0.0000e+00
 209.465703    101.000  34.355323     7.1074    2.25126    100.133    33.8219    26.4773 0.0000e+00
 209.465792    102.000  34.351287     7.1108    2.17019    101.124    33.8137    26.4704 0.0000e+00
