data/oxygen options/OCNMS/OCNMS2/raw_data/2004/CTD_CA20_072704faed.cnv
* Sea-Bird SBE19 Data File:
* FileName = C:\WINDOWS\Desktop\put hypoxia files here\CTD files\July 26_27-04\CA\CA2_.hex
* Software Version 1.1.4
* Temperature SN = 2997
* Conductivity SN = 2997
* System UpLoad Time = Jul 27 2004 15:58:27
* SEACAT PROFILER V3.1c SN 2997   07/27/04  15:54:32.248
* strain gauge pressure sensor: S/N = 184829,  range = 3000 psia,  tc = 40
# nquan = 9                                 
# nvalues = 503                         
# units = specified
# name 0 = timeJ: Julian Days
# name 1 = prSM: Pressure, Strain Gauge [db]
# name 2 = c0mS/cm: Conductivity [mS/cm]
# name 3 = t090C: Temperature [ITS-90, deg C]
# name 4 = oxML/L: Oxygen, Beckman/YSI [ml/l]
# name 5 = depSM: Depth [salt water, m], lat = 47.5
# name 6 = sal00: Salinity, Practical [PSU]
# name 7 = sigma-é00: Density [sigma-theta, kg/m^3]
# name 8 = flag: flag
# span 0 = 209.623843, 209.626748       
# span 1 =     -5.436,     20.760       
# span 2 =   0.642887,  38.507556       
# span 3 =     7.6852,    13.7822       
# span 4 =   -0.05460,   32.73953       
# span 5 =     -5.391,     20.586       
# span 6 =     0.4040,    33.6014       
# span 7 =    -0.4088,    26.1608       
# span 8 = 0.0000e+00, 0.0000e+00       
# interval = seconds: 0.5
# start_time = Jul 27 2004 14:58:20 [Instrument's time stamp, header]
# bad_flag = -9.990e-29
*END*
[from data line 161]
 209.624774     -0.595  38.156041    12.7511    7.60511     -0.590    32.5483    24.5427 -9.990e-29
 209.624780     -0.591  38.156481    12.7419    7.60632     -0.586    32.5566    24.5509 -9.990e-29
 209.624786     -0.586  38.148375    12.7374    7.60304     -0.581    32.5528    24.5488 -9.990e-29
 209.624792     -0.582  38.143357    12.7380    7.61080     -0.577    32.5475    24.5446 -9.990e-29
 209.624797     -0.577  38.144829    12.7392    7.61878     -0.572    32.5479    24.5447 -9.990e-29
 209.624803     -0.572  38.146338    12.7411    7.63344     -0.567    32.5477    24.5442 -9.990e-29
 209.624809     -0.566  38.147654    12.7446    7.64320     -0.561    32.5459    24.5421 -9.990e-29
 209.624815     -0.558  38.150529    12.7497    7.62926     -0.553    32.5442    24.5398 -9.990e-29
 209.624821     -0.548  38.154872    12.7598    7.63494     -0.543    32.5397    24.5343 -9.990e-29
 209.624826     -0.536  38.163668    12.7737    7.63119     -0.532    32.5360    24.5288 -9.990e-29
 209.624832     -0.520  38.174621    12.7824    7.63751     -0.516    32.5389    24.5293 -9.990e-29
 209.624838     -0.500  38.179334    12.7842    7.65239     -0.496    32.5418    24.5312 -9.990e-29
 209.624844     -0.479  38.179047    12.7804    7.64424     -0.475    32.5448    24.5343 -9.990e-29
 209.624850     -0.459  38.175621    12.7712    7.64289     -0.455    32.5495    24.5397 -9.990e-29
 209.624855     -0.440  38.166732    12.7652    7.65068     -0.436    32.5462    24.5383 -9.990e-29
 209.624861     -0.425  38.160724    12.7711    7.64926     -0.421    32.5354    24.5288 -9.990e-29
 209.624867     -0.411  38.163606    12.7834    7.64460     -0.408    32.5275    24.5204 -9.990e-29
 209.624873     -0.395  38.170804    12.7885    7.63400     -0.392    32.5300    24.5212 -9.990e-29
 209.624878     -0.380  38.176772    12.7848    7.63912     -0.377    32.5388    24.5288 -9.990e-29
 209.624884     -0.369  38.177688    12.7768    7.65416     -0.366    32.5466    24.5364 -9.990e-29
 209.624890     -0.361  38.171968    12.7677    7.67454     -0.358    32.5490    24.5400 -9.990e-29
 209.624896     -0.355  38.163206    12.7662    8.10166     -0.352    32.5420    24.5349 -9.990e-29
 209.624902     -0.352  38.162155    12.7725    7.70431     -0.349    32.5355    24.5287 -9.990e-29
 209.624907     -0.352  38.169095    12.7777    7.61668     -0.349    32.5376    24.5293 -9.990e-29
 209.624913     -0.353  38.173644    12.7803    7.51124     -0.350    32.5397    24.5304 -9.990e-29
 209.624919     -0.352  38.174017    12.7874    7.87331     -0.349    32.5340    24.5245 -9.990e-29
 209.624925     -0.345  38.179127    12.7966   11.62905     -0.342    32.5309    24.5204 -9.990e-29
 209.624931     -0.335  38.188494    12.7967   11.46539     -0.332    32.5397    24.5272 -9.990e-29
 209.624936     -0.326  38.189924    12.7884    8.02536     -0.323    32.5482    24.5354 -9.990e-29
 209.624942     -0.318  38.183081    12.7888    6.67122     -0.315    32.5413    24.5300 -9.990e-29
 209.624948     -0.310  38.181281    12.8194    5.38433     -0.307    32.5133    24.5023 -9.990e-29
 209.624954     -0.302  38.204000    12.8820    6.45596     -0.299    32.4809    24.4651 -9.990e-29
 209.624959     -0.292  38.258524    12.9426    7.79849     -0.290    32.4805    24.4529 -9.990e-29
 209.624965     -0.280  38.312647    12.9615    7.68188     -0.278    32.5154    24.4762 -9.990e-29
 209.624971     -0.267  38.329713    12.9293    7.70430     -0.265    32.5592    24.5165 -9.990e-29
 209.624977     -0.250  38.302757    12.8816    7.73593     -0.248    32.5748    24.5378 -9.990e-29
 209.624983     -0.229  38.255870    12.8587    7.74811     -0.227    32.5501    24.5232 -9.990e-29
 209.624988     -0.206  38.228071    12.8634    7.71590     -0.204    32.5197    24.4987 -9.990e-29
 209.624994     -0.189  38.231650    12.8891    7.69397     -0.187    32.5010    24.4792 -9.990e-29
 209.625000     -0.181  38.260715    12.9188    7.68223     -0.179    32.5030    24.4749 -9.990e-29
 209.625006     -0.177  38.296237    12.9128    7.69184     -0.176    32.5417    24.5061 -9.990e-29
 209.625012     -0.168  38.295261    12.8634    7.70004     -0.167    32.5833    24.5480 -9.990e-29
 209.625017     -0.155  38.246959    12.8204    7.69971     -0.154    32.5746    24.5496 -9.990e-29
 209.625023     -0.144  38.205299    12.8161    7.67969     -0.143    32.5388    24.5227 -9.990e-29
 209.625029     -0.138  38.202239    12.8328    7.66300     -0.137    32.5215    24.5061 -9.990e-29
 209.625035     -0.135  38.217416    12.8494    7.65539     -0.134    32.5216    24.5029 -9.990e-29
 209.625041     -0.128  38.232360    12.8493    7.66271     -0.127    32.5359    24.5140 -9.990e-29
 209.625046     -0.122  38.232219    12.8270    7.67545     -0.121    32.5549    24.5331 -9.990e-29
 209.625052     -0.121  38.212319    12.8054    7.67938     -0.120    32.5547    24.5371 -9.990e-29
 209.625058     -0.120  38.195496    12.8036    7.69008     -0.119    32.5403    24.5263 -9.990e-29
 209.625064     -0.116  38.196339    12.8144    7.69486     -0.115    32.5318    24.5176 -9.990e-29
 209.625069     -0.111  38.204187    12.8285    7.69704     -0.110    32.5271    24.5112 -9.990e-29
 209.625075     -0.106  38.212673    12.8432    7.69585     -0.105    32.5225    24.5048 -9.990e-29
 209.625081     -0.096  38.223014    12.8548    7.69603     -0.095    32.5223    24.5024 -9.990e-29
 209.625087     -0.085  38.233296    12.8581    7.68906     -0.084    32.5292    24.5071 -9.990e-29
 209.625093     -0.076  38.238715    12.8474    7.68561     -0.075    32.5435    24.5203 -9.990e-29
 209.625098     -0.069  38.231914    12.8256    7.67913     -0.068    32.5558    24.5341 -9.990e-29
 209.625104     -0.064  38.213923    12.8031    7.68532     -0.063    32.5582    24.5403 -9.990e-29
 209.625110     -0.059  38.196095    12.7867    7.67421     -0.059    32.5554    24.5413 -9.990e-29
 209.625116     -0.055  38.183265    12.7812    7.65499     -0.055    32.5480    24.5366 -9.990e-29
 209.625122     -0.051  38.179080    12.7821    7.63338     -0.051    32.5432    24.5327 -9.990e-29
 209.625127     -0.048  38.179639    12.7754    7.63079     -0.048    32.5495    24.5389 -9.990e-29
 209.625133     -0.044  38.173343    12.7572    7.63811     -0.044    32.5592    24.5500 -9.990e-29
 209.625139     -0.041  38.160215    12.7363    7.64182     -0.041    32.5648    24.5583 -9.990e-29
 209.625145     -0.037  38.145190    12.7255    7.64257     -0.037    32.5599    24.5566 -9.990e-29
 209.625150     -0.032  38.136841    12.7278    7.63498     -0.032    32.5499    24.5485 -9.990e-29
 209.625156     -0.026  38.137495    12.7342    8.65419     -0.026    32.5450    24.5434 -9.990e-29
 209.625162     -0.019  38.140170    12.7396    8.03951     -0.019    32.5429    24.5407 -9.990e-29
 209.625168     -0.010  38.142261    12.7409    7.63131     -0.010    32.5438    24.5412 -9.990e-29
 209.625174      0.002  38.143754    12.7358    7.42852      0.002    32.5496    24.5467 -9.990e-29
 209.625179      0.012  38.142714    12.7329    7.15656      0.012    32.5511    24.5484 -9.990e-29
 209.625185      0.018  38.141679    12.7401    7.57555      0.018    32.5439    24.5414 -9.990e-29
 209.625191      0.024  38.146562    12.7513    7.64639      0.024    32.5389    24.5354 -9.990e-29
 209.625197      0.034  38.155455    12.7556    7.61625      0.034    32.5436    24.5382 -9.990e-29
 209.625203      0.045  38.160022    12.7459    7.62388      0.045    32.5563    24.5499 -9.990e-29
 209.625208      0.053  38.152330    12.7296    7.63926      0.053    32.5631    24.5583 -9.990e-29
 209.625214      0.064  38.138395    12.7194    7.63738      0.063    32.5586    24.5568 -9.990e-29
 209.625220      0.077  38.129926    12.7184    7.62964      0.076    32.5514    24.5515 -9.990e-29
 209.625226      0.086  38.128530    12.7233    7.61558      0.085    32.5459    24.5462 -9.990e-29
 209.625231      0.090  38.133466    12.7256    7.61964      0.089    32.5486    24.5478 -9.990e-29
 209.625237      0.099  38.137289    12.7219    7.62712      0.098    32.5554    24.5539 -9.990e-29
 209.625243      0.113  38.133878    12.7198    7.63142      0.112    32.5540    24.5531 -9.990e-29
 209.625249      0.128  38.130467    12.7216    7.61910      0.127    32.5492    24.5491 -9.990e-29
 209.625255      0.147  38.129800    12.7243    7.61944      0.146    32.5462    24.5463 -9.990e-29
 209.625260      0.164  38.129865    12.7259    7.61730      0.163    32.5449    24.5449 -9.990e-29
 209.625266      0.178  38.130750    12.7258    7.62957      0.177    32.5458    24.5457 -9.990e-29
 209.625272      0.190  38.131402    12.7263    8.44062      0.188    32.5460    24.5457 -9.990e-29
 209.625278      0.199  38.132144    12.7309   11.57407      0.197    32.5427    24.5423 -9.990e-29
 209.625284      0.207  38.135662    12.7408   11.87177      0.205    32.5375    24.5363 -9.990e-29
 209.625289      0.214  38.143295    12.7467    8.01473      0.212    32.5397    24.5369 -9.990e-29
 209.625295      0.221  38.147284    12.7390    7.45695      0.219    32.5501    24.5464 -9.990e-29
 209.625301      0.228  38.141182    12.7292    8.69413      0.226    32.5527    24.5504 -9.990e-29
 209.625307      0.235  38.134262    12.7346    9.47101      0.233    32.5415    24.5406 -9.990e-29
 209.625313      0.243  38.139748    12.7555    8.18370      0.241    32.5287    24.5267 -9.990e-29
 209.625318      0.252  38.157112    12.7717    6.46334      0.250    32.5312    24.5255 -9.990e-29
 209.625324      0.264  38.167445    12.7655    5.66414      0.262    32.5464    24.5384 -9.990e-29
 209.625330      0.274  38.159299    12.7480    6.49770      0.272    32.5537    24.5475 -9.990e-29
 209.625336      0.278  38.145955    12.7393    7.61591      0.276    32.5485    24.5452 -9.990e-29
 209.625341      0.282  38.141049    12.7450    7.66099      0.280    32.5390    24.5367 -9.990e-29
 209.625347      0.290  38.145900    12.7572    7.64383      0.288    32.5330    24.5297 -9.990e-29
 209.625353      0.298  38.154648    12.7640    7.64798      0.296    32.5355    24.5303 -9.990e-29
 209.625359      0.302  38.158776    12.7617    7.65156      0.299    32.5414    24.5353 -9.990e-29
 209.625365      0.307  38.155954    12.7554    7.64870      0.304    32.5441    24.5386 -9.990e-29
 209.625370      0.313  38.150287    12.7500    7.64387      0.310    32.5434    24.5391 -9.990e-29
 209.625376      0.316  38.145452    12.7476    7.63493      0.313    32.5409    24.5376 -9.990e-29
 209.625382      0.317  38.143429    12.7463    7.63397      0.314    32.5401    24.5373 -9.990e-29
 209.625388      0.316  38.142658    12.7433    7.63586      0.313    32.5419    24.5393 -9.990e-29
 209.625394      0.316  38.140440    12.7387    7.63796      0.313    32.5438    24.5416 -9.990e-29
 209.625399      0.322  38.137758    12.7332    7.66110      0.319    32.5460    24.5444 -9.990e-29
 209.625405      0.331  38.134416    12.7304    7.67128      0.328    32.5452    24.5443 -9.990e-29
 209.625411      0.337  38.131583    12.7368    7.66569      0.334    32.5370    24.5367 -9.990e-29
 209.625417      0.347  38.135590    12.7564    7.65445      0.344    32.5239    24.5228 -9.990e-29
 209.625422      0.360  38.150113    12.7817    7.64872      0.357    32.5159    24.5117 -9.990e-29
 209.625428      0.374  38.168724    12.7881    7.65191      0.371    32.5280    24.5198 -9.990e-29
 209.625434      0.389  38.171937    12.7669    7.64159      0.386    32.5494    24.5405 -9.990e-29
 209.625440      0.402  38.154520    12.7422    7.64235      0.399    32.5541    24.5489 -9.990e-29
 209.625446      0.409  38.137023    12.7298    7.63258      0.406    32.5482    24.5468 -9.990e-29
 209.625451      0.411  38.130344    12.7250    7.63425      0.408    32.5460    24.5460 -9.990e-29
 209.625457      0.412  38.129513    12.7214    7.62873      0.409    32.5483    24.5485 -9.990e-29
 209.625463      0.417  38.128948    12.7171    7.62549      0.414    32.5515    24.5518 -9.990e-29
 209.625469      0.421  38.126787    12.7138    7.62697      0.417    32.5523    24.5530 -9.990e-29
 209.625475      0.421  38.123529    12.7134    7.62968      0.417    32.5495    24.5510 -9.990e-29
 209.625480      0.420  38.121014    12.7161    7.64347      0.416    32.5448    24.5468 -9.990e-29
 209.625486      0.424  38.123193    12.7183    7.63005      0.420    32.5450    24.5465 -9.990e-29
 209.625492      0.427  38.126816    12.7164    7.62590      0.423    32.5501    24.5508 -9.990e-29
 209.625498      0.427  38.125508    12.7131    7.62441      0.423    32.5517    24.5527 -9.990e-29
 209.625503      0.427  38.122590    12.7096    7.61311      0.423    32.5519    24.5535 -9.990e-29
 209.625509      0.431  38.120355    12.7025    7.61942      0.427    32.5559    24.5580 -9.990e-29
 209.625515      0.436  38.115277    12.6936    7.61117      0.432    32.5588    24.5619 -9.990e-29
 209.625521      0.437  38.109013    12.6879    7.60911      0.433    32.5577    24.5622 -9.990e-29
 209.625527      0.434  38.106127    12.6848    7.59204      0.430    32.5577    24.5628 -9.990e-29
 209.625532      0.429  38.105026    12.6810    7.58520      0.425    32.5599    24.5653 -9.990e-29
 209.625538      0.423  38.102572    12.6778    7.59017      0.419    32.5603    24.5662 -9.990e-29
 209.625544      0.427  38.100556    12.6768    7.57948      0.423    32.5593    24.5656 -9.990e-29
 209.625550      0.438  38.100231    12.6779    7.57075      0.434    32.5580    24.5644 -9.990e-29
 209.625556      0.451  38.100616    12.6806    7.60577      0.447    32.5560    24.5623 -9.990e-29
 209.625561      0.461  38.101675    12.6850    7.61522      0.457    32.5532    24.5593 -9.990e-29
 209.625567      0.470  38.104276    12.6950    7.61603      0.466    32.5471    24.5526 -9.990e-29
 209.625573      0.477  38.110217    12.7151    7.62380      0.473    32.5354    24.5397 -9.990e-29
 209.625579      0.483  38.119579    12.7349    7.65828      0.479    32.5272    24.5295 -9.990e-29
 209.625584      0.489  38.129154    12.7388    7.68899      0.485    32.5329    24.5332 -9.990e-29
 209.625590      0.494  38.133775    12.7440    7.67796      0.490    32.5328    24.5321 -9.990e-29
 209.625596      0.500  38.138500    12.7798    7.65710      0.496    32.5065    24.5047 -9.990e-29
 209.625602      0.506  38.167594    12.8214    7.64572      0.502    32.4982    24.4903 -9.990e-29
 209.625608      0.514  38.213860    12.8150    7.65776      0.510    32.5476    24.5298 -9.990e-29
 209.625613      0.522  38.218954    12.7695    7.67309      0.518    32.5917    24.5728 -9.990e-29
 209.625619      0.533  38.175672    12.7383    7.64448      0.529    32.5775    24.5678 -9.990e-29
 209.625625      0.546  38.144124    12.7398    7.61021      0.541    32.5463    24.5433 -9.990e-29
 209.625631      0.559  38.148446    12.7494    7.61069      0.554    32.5421    24.5382 -9.990e-29
 209.625637      0.563  38.161308    12.7410    7.62023      0.558    32.5615    24.5549 -9.990e-29
 209.625642      0.559  38.154995    12.7191    7.63128      0.554    32.5745    24.5692 -9.990e-29
 209.625648      0.555  38.134574    12.7043    7.64356      0.550    32.5678    24.5669 -9.990e-29
 209.625654      0.554  38.121635    12.7070    7.65877      0.549    32.5532    24.5550 -9.990e-29
 209.625660      0.558  38.123617    12.7236    7.65896      0.553    32.5407    24.5422 -9.990e-29
 209.625666      0.566  38.133639    12.7514    7.65036      0.561    32.5263    24.5256 -9.990e-29
 209.625671      0.575  38.146563    12.7939    7.64217      0.570    32.5019    24.4985 -9.990e-29
 209.625677      0.580  38.168980    12.8265    7.64122      0.575    32.4951    24.4869 -9.990e-29
 209.625683      0.583  38.188163    12.8153    7.65301      0.578    32.5230    24.5106 -9.990e-29
 209.625689      0.583  38.182590    12.7760    7.67658      0.578    32.5515    24.5404 -9.990e-29
