data/oxygen options/OCNMS/OCNMS2/raw_data/2004/CTD_TH60_061504faed.cnv
* Sea-Bird SBE19 Data File:
* FileName = C:\WINDOWS\Desktop\put hypoxia files here\CTD files\CA\TH60m061504.hex
* Software Version 1.1.4
* Temperature SN = 2997
* Conductivity SN = 2997
* System UpLoad Time = Jun 15 2004 15:28:42
** Teahwhit Head hypoxia 60m TH6 June 15, 2004
* SEACAT PROFILER V3.1c SN 2997   06/15/04  15:26:53.782
# nquan = 9                                 
# nvalues = 924                         
# units = specified
# name 0 = timeJ: Julian Days
# name 1 = prSM: Pressure, Strain Gauge [db]
# name 2 = c0mS/cm: Conductivity [mS/cm]
# name 3 = t090C: Temperature [ITS-90, deg C]
# name 4 = oxML/L: Oxygen, Beckman/YSI [ml/l]
# name 5 = depSM: Depth [salt water, m], lat = 47.5
# name 6 = sal00: Salinity, Practical [PSU]
# name 7 = sigma-é00: Density [sigma-theta, kg/m^3]
# name 8 = flag: flag
# span 0 = 167.574942, 167.580284       
# span 1 =     -5.118,     61.243       
# span 2 =   0.468874,  37.943286       
# span 3 =     7.6312,    14.2534       
# span 4 =  -12.66975,   31.25874       
# span 5 =     -5.075,     60.723       
# span 6 =     0.2954,    33.4043       
# span 7 =    -0.4238,    26.0745       
# span 8 = 0.0000e+00, 0.0000e+00       
# interval = seconds: 0.5
# start_time = Jun 15 2004 13:47:55 [Instrument's time stamp, header]
# bad_flag = -9.990e-29
*END*
[from data line 481]
 167.577726      3.945  37.882307    13.9922    6.52943      3.912    31.2520    23.2942 -9.990e-29
 167.577731      3.949  37.882204    13.9929    6.53709      3.916    31.2513    23.2936 -9.990e-29
 167.577737      3.951  37.881900    13.9938    6.53964      3.918    31.2503    23.2926 -9.990e-29
 167.577743      3.950  37.882119    13.9950    6.53235      3.917    31.2495    23.2917 -9.990e-29
 167.577749      3.946  37.882782    13.9968    6.52771      3.913    31.2487    23.2907 -9.990e-29
 167.577755      3.934  37.883651    13.9989    6.53603      3.901    31.2478    23.2896 -9.990e-29
 167.577760      3.910  37.884392    14.0008    6.53986      3.877    31.2469    23.2886 -9.990e-29
 167.577766      3.881  37.884873    14.0024    6.53604      3.849    31.2461    23.2876 -9.990e-29
 167.577772      3.857  37.885363    14.0040    6.52563      3.825    31.2452    23.2866 -9.990e-29
 167.577778      3.841  37.885958    14.0051    6.52024      3.809    31.2449    23.2861 -9.990e-29
 167.577784      3.828  37.886330    14.0057    6.52635      3.796    31.2448    23.2859 -9.990e-29
 167.577789      3.814  37.886417    14.0063    6.53205      3.782    31.2444    23.2854 -9.990e-29
 167.577795      3.800  37.886336    14.0069    6.53460      3.768    31.2438    23.2849 -9.990e-29
 167.577801      3.787  37.885980    14.0076    6.52701      3.755    31.2429    23.2841 -9.990e-29
 167.577807      3.769  37.885435    14.0084    6.52276      3.738    31.2418    23.2830 -9.990e-29
 167.577812      3.750  37.885098    14.0094    6.53506      3.719    31.2407    23.2820 -9.990e-29
 167.577818      3.732  37.885084    14.0100    6.53825      3.701    31.2402    23.2815 -9.990e-29
 167.577824      3.719  37.885376    14.0103    6.54268      3.688    31.2402    23.2814 -9.990e-29
 167.577830      3.718  37.885805    14.0105    6.53358      3.687    31.2404    23.2816 -9.990e-29
 167.577836      3.730  37.886382    14.0108    6.52538      3.699    31.2407    23.2817 -9.990e-29
 167.577841      3.746  37.887316    14.0110    6.52550      3.715    31.2414    23.2822 -9.990e-29
 167.577847      3.763  37.888171    14.0116    6.53312      3.732    31.2417    23.2823 -9.990e-29
 167.577853      3.783  37.888968    14.0125    6.53707      3.751    31.2417    23.2821 -9.990e-29
 167.577859      3.803  37.889646    14.0132    6.53085      3.771    31.2417    23.2820 -9.990e-29
 167.577865      3.814  37.889427    14.0132    6.52812      3.782    31.2415    23.2819 -9.990e-29
 167.577870      3.818  37.888581    14.0127    6.52563      3.786    31.2412    23.2817 -9.990e-29
 167.577876      3.819  37.887667    14.0117    6.52709      3.787    31.2411    23.2819 -9.990e-29
 167.577882      3.813  37.886589    14.0104    6.53501      3.781    31.2412    23.2822 -9.990e-29
 167.577888      3.800  37.885591    14.0092    6.53033      3.768    31.2413    23.2825 -9.990e-29
 167.577894      3.787  37.885028    14.0087    6.53021      3.755    31.2412    23.2825 -9.990e-29
 167.577899      3.778  37.884712    14.0090    6.53346      3.746    31.2406    23.2820 -9.990e-29
 167.577905      3.772  37.884221    14.0096    6.53301      3.740    31.2397    23.2812 -9.990e-29
 167.577911      3.769  37.883464    14.0099    6.53725      3.738    31.2387    23.2804 -9.990e-29
 167.577917      3.769  37.882554    14.0095    6.53592      3.738    31.2382    23.2801 -9.990e-29
 167.577922      3.772  37.881401    14.0086    6.52684      3.740    31.2379    23.2800 -9.990e-29
 167.577928      3.778  37.880153    14.0075    6.52496      3.746    31.2377    23.2800 -9.990e-29
 167.577934      3.787  37.879389    14.0067    6.52445      3.755    31.2376    23.2801 -9.990e-29
 167.577940      3.800  37.879215    14.0065    6.53209      3.768    31.2376    23.2802 -9.990e-29
 167.577946      3.813  37.879399    14.0069    6.53592      3.781    31.2374    23.2800 -9.990e-29
 167.577951      3.819  37.880186    14.0076    6.53518      3.787    31.2376    23.2800 -9.990e-29
 167.577957      3.814  37.881507    14.0081    6.53795      3.782    31.2384    23.2805 -9.990e-29
 167.577963      3.802  37.882879    14.0085    6.52984      3.770    31.2393    23.2811 -9.990e-29
 167.577969      3.790  37.883889    14.0089    6.52539      3.758    31.2399    23.2815 -9.990e-29
 167.577975      3.782  37.884201    14.0099    6.52255      3.750    31.2394    23.2809 -9.990e-29
 167.577980      3.778  37.884235    14.0120    6.52664      3.746    31.2377    23.2792 -9.990e-29
 167.577986      3.777  37.885157    14.0146    6.52702      3.745    31.2365    23.2777 -9.990e-29
 167.577992      3.775  37.886518    14.0167    6.53184      3.743    31.2360    23.2769 -9.990e-29
 167.577998      3.768  37.887327    14.0194    6.53154      3.737    31.2346    23.2752 -9.990e-29
 167.578003      3.759  37.888665    14.0247    6.53027      3.728    31.2315    23.2718 -9.990e-29
 167.578009      3.752  37.891756    14.0319    6.53021      3.721    31.2285    23.2680 -9.990e-29
 167.578015      3.746  37.896237    14.0389    6.51457      3.715    31.2269    23.2654 -9.990e-29
 167.578021      3.742  37.900790    14.0458    6.51124      3.711    31.2255    23.2629 -9.990e-29
 167.578027      3.743  37.905320    14.0526    6.50987      3.712    31.2242    23.2604 -9.990e-29
 167.578032      3.758  37.909697    14.0569    6.51222      3.727    31.2247    23.2600 -9.990e-29
 167.578038      3.793  37.912469    14.0583    6.51836      3.761    31.2261    23.2608 -9.990e-29
 167.578044      3.840  37.913408    14.0588    6.51221      3.808    31.2265    23.2610 -9.990e-29
 167.578050      3.886  37.913767    14.0596    6.49851      3.854    31.2262    23.2606 -9.990e-29
 167.578056      3.925  37.914024    14.0601    6.50199      3.892    31.2260    23.2603 -9.990e-29
 167.578061      3.959  37.913961    14.0606    6.50936      3.926    31.2255    23.2599 -9.990e-29
 167.578067      3.991  37.914056    14.0620    6.51597      3.958    31.2245    23.2588 -9.990e-29
 167.578073      4.023  37.915000    14.0640    6.51412      3.989    31.2237    23.2578 -9.990e-29
 167.578079      4.056  37.916370    14.0655    6.50873      4.022    31.2237    23.2575 -9.990e-29
 167.578084      4.089  37.917187    14.0660    6.50582      4.055    31.2241    23.2576 -9.990e-29
 167.578090      4.119  37.917420    14.0656    6.51179      4.085    31.2246    23.2581 -9.990e-29
 167.578096      4.149  37.917383    14.0648    6.51585      4.114    31.2252    23.2587 -9.990e-29
 167.578102      4.176  37.917026    14.0640    6.50977      4.141    31.2255    23.2591 -9.990e-29
 167.578108      4.197  37.916436    14.0638    6.51313      4.162    31.2251    23.2589 -9.990e-29
 167.578113      4.213  37.916509    14.0646    6.50510      4.178    31.2245    23.2583 -9.990e-29
 167.578119      4.227  37.917344    14.0655    6.50474      4.192    31.2245    23.2581 -9.990e-29
 167.578125      4.238  37.917810    14.0656    6.50632      4.203    31.2249    23.2584 -9.990e-29
 167.578131      4.247  37.917410    14.0654    6.51007      4.212    31.2247    23.2582 -9.990e-29
 167.578137      4.255  37.916733    14.0658    6.51386      4.219    31.2237    23.2574 -9.990e-29
 167.578142      4.262  37.916559    14.0666    6.51425      4.226    31.2229    23.2566 -9.990e-29
 167.578148      4.269  37.916658    14.0673    6.51274      4.233    31.2224    23.2561 -9.990e-29
 167.578154      4.277  37.916602    14.0677    6.51607      4.241    31.2221    23.2558 -9.990e-29
 167.578160      4.285  37.916319    14.0685    6.51735      4.249    31.2212    23.2549 -9.990e-29
 167.578166      4.295  37.915993    14.0698    6.50537      4.259    31.2198    23.2536 -9.990e-29
 167.578171      4.306  37.916312    14.0710    6.50254      4.270    31.2191    23.2528 -9.990e-29
 167.578177      4.320  37.917142    14.0715    6.50559      4.284    31.2195    23.2530 -9.990e-29
 167.578183      4.338  37.917348    14.0717    6.51405      4.302    31.2195    23.2529 -9.990e-29
 167.578189      4.356  37.916644    14.0719    6.51990      4.320    31.2187    23.2523 -9.990e-29
 167.578194      4.371  37.915777    14.0719    6.51285      4.334    31.2179    23.2517 -9.990e-29
 167.578200      4.384  37.915273    14.0718    6.49975      4.347    31.2175    23.2514 -9.990e-29
 167.578206      4.392  37.915022    14.0716    6.50201      4.355    31.2174    23.2514 -9.990e-29
 167.578212      4.395  37.914693    14.0711    6.50444      4.358    31.2175    23.2516 -9.990e-29
 167.578218      4.403  37.913848    14.0694    6.51300      4.366    31.2181    23.2524 -9.990e-29
 167.578223      4.418  37.911362    14.0674    6.51702      4.381    31.2175    23.2523 -9.990e-29
 167.578229      4.440  37.907848    14.0676    6.51490      4.403    31.2141    23.2496 -9.990e-29
 167.578235      4.459  37.906472    14.0704    6.51940      4.422    31.2105    23.2463 -9.990e-29
 167.578241      4.474  37.907646    14.0745    6.51078      4.437    31.2083    23.2437 -9.990e-29
 167.578247      4.489  37.909009    14.0780    6.50449      4.451    31.2067    23.2418 -9.990e-29
 167.578252      4.514  37.909575    14.0795    6.50607      4.476    31.2060    23.2409 -9.990e-29
 167.578258      4.555  37.909541    14.0800    6.50595      4.517    31.2055    23.2405 -9.990e-29
 167.578264      4.614  37.909425    14.0807    6.51150      4.575    31.2048    23.2398 -9.990e-29
 167.578270      4.695  37.909634    14.0806    6.51985      4.656    31.2051    23.2400 -9.990e-29
 167.578275      4.804  37.909886    14.0786    6.50968      4.764    31.2069    23.2418 -9.990e-29
 167.578281      4.942  37.909396    14.0771    6.50367      4.901    31.2076    23.2427 0.0000e+00
 167.578287      5.111  37.908635    14.0779    6.49832      5.068    31.2062    23.2414 0.0000e+00
 167.578293      5.308  37.908832    14.0775    6.50617      5.264    31.2066    23.2419 0.0000e+00
 167.578299      5.528  37.908566    14.0696    6.52925      5.482    31.2127    23.2482 0.0000e+00
 167.578304      5.772  37.904679    14.0537    6.55034      5.724    31.2219    23.2585 0.0000e+00
 167.578310      6.044  37.897037    14.0332    6.54534      5.993    31.2314    23.2701 0.0000e+00
 167.578316      6.339  37.887793    14.0120    6.50767      6.286    31.2400    23.2810 0.0000e+00
 167.578322      6.650  37.878078    13.9990    6.48379      6.594    31.2416    23.2849 0.0000e+00
 167.578328      6.972  37.872888    13.9892    6.47933      6.914    31.2446    23.2892 0.0000e+00
 167.578333      7.302  37.871467    13.9587    6.52263      7.241    31.2680    23.3134 0.0000e+00
 167.578339      7.646  37.860699    13.9050    6.57094      7.582    31.3016    23.3503 0.0000e+00
 167.578345      7.999  37.839690    13.8491    6.58562      7.932    31.3277    23.3818 0.0000e+00
 167.578351      8.357  37.818568    13.8048    6.57191      8.287    31.3443    23.4035 0.0000e+00
 167.578356      8.723  37.798888    13.7817    6.56335      8.650    31.3449    23.4086 0.0000e+00
 167.578362      9.090  37.787495    13.7752    6.59097      9.014    31.3395    23.4058 0.0000e+00
 167.578368      9.455  37.787701    13.7550    6.61486      9.376    31.3561    23.4227 0.0000e+00
 167.578374      9.820  37.779581    13.7036    6.64352      9.738    31.3905    23.4596 0.0000e+00
 167.578380     10.182  37.748384    13.6352    6.62022     10.097    31.4176    23.4943 0.0000e+00
 167.578385     10.544  37.705802    13.5738    6.54246     10.456    31.4285    23.5149 0.0000e+00
 167.578391     10.910  37.673022    13.5273    6.48478     10.819    31.4361    23.5301 0.0000e+00
 167.578397     11.284  37.654001    13.4739    6.44631     11.190    31.4623    23.5610 0.0000e+00
 167.578403     11.657  37.632903    13.3735    6.37251     11.559    31.5254    23.6297 0.0000e+00
 167.578409     12.026  37.593930    13.2140    6.29032     11.925    31.6211    23.7352 0.0000e+00
 167.578414     12.390  37.532232    13.0471    6.22963     12.286    31.7023    23.8306 0.0000e+00
 167.578420     12.753  37.457522    12.9257    6.19910     12.646    31.7335    23.8784 0.0000e+00
 167.578426     13.111  37.384022    12.8205    6.21307     13.001    31.7523    23.9133 0.0000e+00
 167.578432     13.466  37.295030    12.6847    6.21840     13.353    31.7822    23.9625 0.0000e+00
 167.578438     13.823  37.187978    12.5308    6.20107     13.707    31.8103    24.0137 0.0000e+00
 167.578443     14.183  37.106152    12.4013    6.17784     14.064    31.8419    24.0627 0.0000e+00
 167.578449     14.545  37.057659    12.3200    6.15507     14.423    31.8645    24.0955 0.0000e+00
 167.578455     14.908  37.021922    12.2712    6.14211     14.783    31.8716    24.1102 0.0000e+00
 167.578461     15.280  36.992744    12.2288    6.14332     15.152    31.8796    24.1244 0.0000e+00
 167.578466     15.666  36.963531    12.1819    6.13665     15.535    31.8914    24.1423 0.0000e+00
 167.578472     16.066  36.926718    12.1357    6.12659     15.931    31.8953    24.1540 0.0000e+00
 167.578478     16.466  36.888726    12.1017    6.11597     16.328    31.8876    24.1544 0.0000e+00
 167.578484     16.858  36.862808    12.0796    6.09462     16.717    31.8814    24.1537 0.0000e+00
 167.578490     17.244  36.846912    12.0586    6.07971     17.099    31.8839    24.1595 0.0000e+00
 167.578495     17.629  36.830476    12.0319    6.07656     17.481    31.8907    24.1698 0.0000e+00
 167.578501     18.011  36.808954    12.0015    6.05818     17.860    31.8958    24.1793 0.0000e+00
 167.578507     18.393  36.784476    11.9738    6.05445     18.239    31.8957    24.1844 0.0000e+00
 167.578513     18.777  36.762522    11.9535    6.03806     18.619    31.8918    24.1851 0.0000e+00
 167.578519     19.162  36.747448    11.9401    6.01226     19.001    31.8885    24.1851 0.0000e+00
 167.578524     19.548  36.738202    11.9296    5.99826     19.384    31.8884    24.1870 0.0000e+00
 167.578530     19.933  36.730287    11.9184    5.99472     19.766    31.8902    24.1904 0.0000e+00
 167.578536     20.315  36.720983    11.9017    5.99302     20.144    31.8954    24.1975 0.0000e+00
 167.578542     20.694  36.707398    11.8757    5.97803     20.520    31.9044    24.2093 0.0000e+00
 167.578547     21.071  36.687105    11.8462    5.95697     20.894    31.9099    24.2190 0.0000e+00
 167.578553     21.450  36.665557    11.8252    5.92059     21.270    31.9069    24.2205 0.0000e+00
 167.578559     21.824  36.652136    11.8160    5.92440     21.641    31.9017    24.2181 0.0000e+00
 167.578565     22.188  36.649117    11.8043    5.96490     22.002    31.9086    24.2257 0.0000e+00
 167.578571     22.548  36.644599    11.7735    5.98150     22.359    31.9305    24.2483 0.0000e+00
 167.578576     22.912  36.621326    11.7272    5.99313     22.720    31.9476    24.2701 0.0000e+00
 167.578582     23.284  36.583024    11.6814    5.94324     23.088    31.9497    24.2800 0.0000e+00
 167.578588     23.661  36.549265    11.6478    5.80729     23.462    31.9457    24.2830 0.0000e+00
 167.578594     24.028  36.528290    11.6289    5.67918     23.826    31.9414    24.2831 0.0000e+00
 167.578600     24.371  36.518463    11.6062    5.55424     24.166    31.9513    24.2949 0.0000e+00
 167.578605     24.702  36.506659    11.5344    5.42675     24.494    32.0016    24.3470 0.0000e+00
 167.578611     25.043  36.463101    11.3752    5.30549     24.832    32.0969    24.4497 0.0000e+00
 167.578617     25.402  36.361664    11.1604    5.16256     25.188    32.1844    24.5560 0.0000e+00
 167.578623     25.781  36.225784    10.9731    5.01550     25.564    32.2143    24.6122 0.0000e+00
 167.578628     26.173  36.114826    10.8488    4.90477     25.953    32.2135    24.6333 0.0000e+00
 167.578634     26.570  36.046216    10.7663    4.82878     26.347    32.2178    24.6510 0.0000e+00
 167.578640     26.967  35.999081    10.6982    4.76472     26.740    32.2308    24.6729 0.0000e+00
