data/oxygen options/OCNMS/OCNMS2/raw_data/2004/CTD_CA40_082404faed.cnv
* Sea-Bird SBE19 Data File:
* FileName = C:\WINDOWS\Desktop\put hypoxia files here\CTD data\August 24_25-04\CA40_082404.hex
* Software Version 1.1.4
* Temperature SN = 2997
* Conductivity SN = 2997
* System UpLoad Time = Aug 24 2004 12:32:21
* SEACAT PROFILER V3.1c SN 2997   08/24/04  12:33:52.343
* strain gauge pressure sensor: S/N = 184829,  range = 3000 psia,  tc = 40
# nquan = 9                                 
# nvalues = 694                         
# units = specified
# name 0 = timeJ: Julian Days
# name 1 = prSM: Pressure, Strain Gauge [db]
# name 2 = c0mS/cm: Conductivity [mS/cm]
# name 3 = t090C: Temperature [ITS-90, deg C]
# name 4 = oxML/L: Oxygen, Beckman/YSI [ml/l]
# name 5 = depSM: Depth [salt water, m], lat = 47.5
# name 6 = sal00: Salinity, Practical [PSU]
# name 7 = sigma-é00: Density [sigma-theta, kg/m^3]
# name 8 = flag: flag
# span 0 = 237.437674, 237.441684       
# span 1 =     -5.716,     43.907       
# span 2 =   0.420136,  39.082553       
# span 3 =     8.6213,    14.7248       
# span 4 =   -0.05355,   31.44044       
# span 5 =     -5.668,     43.536       
# span 6 =     0.2545,    33.2570       
# span 7 =    -0.6598,    25.8010       
# span 8 = 0.0000e+00, 0.0000e+00       
# interval = seconds: 0.5
# start_time = Aug 24 2004 10:30:15 [Instrument's time stamp, header]
# bad_flag = -9.990e-29
*END*
[from data line 161]
 237.438605     -0.869  38.789468    13.5199    8.76825     -0.862    32.4860    24.3426 -9.990e-29
 237.438611     -0.864  38.803139    13.5421    8.74658     -0.857    32.4799    24.3334 -9.990e-29
 237.438617     -0.860  38.824473    13.5515    8.73008     -0.853    32.4918    24.3407 -9.990e-29
 237.438623     -0.852  38.835367    13.5376    8.70423     -0.845    32.5137    24.3605 -9.990e-29
 237.438628     -0.835  38.825110    13.5065    8.66682     -0.828    32.5307    24.3799 -9.990e-29
 237.438634     -0.816  38.796861    13.4720    8.63803     -0.809    32.5337    24.3891 -9.990e-29
 237.438640     -0.804  38.763998    13.4418    8.61134     -0.797    32.5287    24.3913 -9.990e-29
 237.438646     -0.792  38.741033    13.4071    8.58989     -0.785    32.5368    24.4046 -9.990e-29
 237.438652     -0.776  38.721462    13.3541    8.58867     -0.770    32.5638    24.4360 -9.990e-29
 237.438657     -0.759  38.684796    13.3033    8.58165     -0.753    32.5729    24.4532 -9.990e-29
 237.438663     -0.745  38.642164    13.2884    8.56509     -0.739    32.5456    24.4351 -9.990e-29
 237.438669     -0.727  38.628143    13.3096    8.51981     -0.721    32.5144    24.4067 -9.990e-29
 237.438675     -0.706  38.647025    13.3455    8.47854     -0.700    32.5014    24.3895 -9.990e-29
 237.438681     -0.688  38.675747    13.3642    8.46347     -0.682    32.5123    24.3942 -9.990e-29
 237.438686     -0.676  38.688665    13.3415    8.47631     -0.670    32.5438    24.4231 -9.990e-29
 237.438692     -0.665  38.669921    13.3013    8.50282     -0.659    32.5606    24.4441 -9.990e-29
 237.438698     -0.651  38.637722    13.2820    8.51618     -0.646    32.5469    24.4373 -9.990e-29
 237.438704     -0.637  38.622613    13.2893    8.52823     -0.632    32.5265    24.4201 -9.990e-29
 237.438709     -0.626  38.627994    13.3173    8.53855     -0.621    32.5076    24.3999 -9.990e-29
 237.438715     -0.617  38.649259    13.3618    8.57498     -0.612    32.4895    24.3771 -9.990e-29
 237.438721     -0.610  38.686158    13.4099    8.60372     -0.605    32.4831    24.3624 -9.990e-29
 237.438727     -0.605  38.725076    13.4473    8.61455     -0.600    32.4876    24.3584 -9.990e-29
 237.438733     -0.600  38.752285    13.4677    8.64322     -0.595    32.4956    24.3606 -9.990e-29
 237.438738     -0.596  38.766494    13.4719    8.66447     -0.591    32.5053    24.3672 -9.990e-29
 237.438744     -0.593  38.768146    13.4710    8.65290     -0.588    32.5076    24.3692 -9.990e-29
 237.438750     -0.590  38.765619    13.4755    8.64960     -0.585    32.5014    24.3635 -9.990e-29
 237.438756     -0.588  38.769567    13.4801    8.64296     -0.583    32.5012    24.3624 -9.990e-29
 237.438762     -0.585  38.774036    13.4622    8.61997     -0.580    32.5206    24.3810 -9.990e-29
 237.438767     -0.582  38.758623    13.4131    8.60342     -0.577    32.5481    24.4121 -9.990e-29
 237.438773     -0.579  38.717928    13.3699    8.58134     -0.574    32.5469    24.4198 -9.990e-29
 237.438779     -0.575  38.686317    13.3544    8.55312     -0.570    32.5305    24.4103 -9.990e-29
 237.438785     -0.571  38.678846    13.3442    8.53233     -0.566    32.5323    24.4136 -9.990e-29
 237.438791     -0.565  38.670400    13.3350    8.52852     -0.560    32.5322    24.4154 -9.990e-29
 237.438796     -0.558  38.660378    13.3291    8.50651     -0.553    32.5278    24.4132 -9.990e-29
 237.438802     -0.549  38.654489    13.3164    8.47847     -0.544    32.5332    24.4199 -9.990e-29
 237.438808     -0.538  38.642636    13.3090    8.46195     -0.534    32.5284    24.4176 -9.990e-29
 237.438814     -0.523  38.637623    13.3092    8.48609     -0.519    32.5235    24.4138 -9.990e-29
 237.438819     -0.504  38.642860    13.2965    8.50851     -0.500    32.5393    24.4285 -9.990e-29
 237.438825     -0.480  38.633918    13.2788    8.53471     -0.476    32.5460    24.4373 -9.990e-29
 237.438831     -0.453  38.617391    13.2820    8.54878     -0.449    32.5278    24.4225 -9.990e-29
 237.438837     -0.431  38.620600    13.3123    8.55254     -0.427    32.5049    24.3988 -9.990e-29
 237.438843     -0.416  38.647259    13.3521    8.55188     -0.413    32.4959    24.3839 -9.990e-29
 237.438848     -0.407  38.679627    13.3798    8.51718     -0.404    32.5025    24.3835 -9.990e-29
 237.438854     -0.399  38.698608    13.3884    8.49896     -0.396    32.5130    24.3899 -9.990e-29
 237.438860     -0.388  38.703160    13.3735    8.47578     -0.385    32.5299    24.4060 -9.990e-29
 237.438866     -0.377  38.694311    13.3329    8.45912     -0.374    32.5563    24.4345 -9.990e-29
 237.438872     -0.365  38.664751    13.2833    8.46448     -0.362    32.5710    24.4558 -9.990e-29
 237.438877     -0.348  38.623307    13.2446    8.46628     -0.345    32.5653    24.4590 -9.990e-29
 237.438883     -0.324  38.590438    13.2249    8.48489     -0.321    32.5513    24.4521 -9.990e-29
 237.438889     -0.292  38.574472    13.2270    8.48722     -0.290    32.5345    24.4386 -9.990e-29
 237.438895     -0.258  38.574868    13.2546    8.47000     -0.256    32.5112    24.4152 -9.990e-29
 237.438900     -0.234  38.595520    13.3011    8.46941     -0.232    32.4908    24.3902 -9.990e-29
 237.438906     -0.221  38.634794    13.3418    8.46724     -0.219    32.4929    24.3837 -9.990e-29
 237.438912     -0.219  38.669339    13.3556    8.47593     -0.217    32.5135    24.3968 -9.990e-29
 237.438918     -0.224  38.679601    13.3394    8.48877     -0.222    32.5369    24.4182 -9.990e-29
 237.438924     -0.227  38.664691    13.3122    8.48642     -0.225    32.5462    24.4308 -9.990e-29
 237.438929     -0.225  38.638387    13.3017    8.47848     -0.223    32.5305    24.4207 -9.990e-29
 237.438935     -0.216  38.627315    13.3108    8.46463     -0.214    32.5124    24.4049 -9.990e-29
 237.438941     -0.205  38.635778    13.3274    8.47394     -0.203    32.5061    24.3967 -9.990e-29
 237.438947     -0.196  38.652623    13.3380    8.47218     -0.194    32.5128    24.3998 -9.990e-29
 237.438953     -0.188  38.663854    13.3375    8.47415     -0.186    32.5238    24.4084 -9.990e-29
 237.438958     -0.184  38.659772    13.3467    8.49427     -0.182    32.5121    24.3975 -9.990e-29
 237.438964     -0.184  38.664667    13.3733    8.51016     -0.182    32.4940    24.3782 -9.990e-29
 237.438970     -0.181  38.687309    13.3989    8.55145     -0.179    32.4933    24.3726 -9.990e-29
 237.438976     -0.173  38.705163    13.4193    8.58345     -0.172    32.4926    24.3680 -9.990e-29
 237.438981     -0.168  38.719047    13.4449    8.60799     -0.167    32.4838    24.3560 -9.990e-29
 237.438987     -0.171  38.739624    13.4831    8.62617     -0.170    32.4705    24.3381 -9.990e-29
 237.438993     -0.178  38.771336    13.5271    8.64379     -0.177    32.4627    24.3232 -9.990e-29
 237.438999     -0.180  38.811035    13.5633    8.66238     -0.178    32.4689    24.3207 -9.990e-29
 237.439005     -0.173  38.842669    13.5855    8.68624     -0.172    32.4795    24.3244 -9.990e-29
 237.439010     -0.161  38.857945    13.5944    8.71507     -0.160    32.4862    24.3278 -9.990e-29
 237.439016     -0.148  38.860971    13.5979    8.73588     -0.147    32.4860    24.3270 -9.990e-29
 237.439022     -0.133  38.861957    13.6040    8.76328     -0.132    32.4818    24.3224 -9.990e-29
 237.439028     -0.119  38.867270    13.6153    8.75403     -0.118    32.4771    24.3165 -9.990e-29
 237.439034     -0.109  38.876702    13.6257    8.74941     -0.108    32.4770    24.3144 -9.990e-29
 237.439039     -0.099  38.884879    13.6276    8.75779     -0.098    32.4830    24.3186 -9.990e-29
 237.439045     -0.083  38.885321    13.6238    8.76233     -0.082    32.4867    24.3222 -9.990e-29
 237.439051     -0.066  38.880865    13.6192    8.76645     -0.065    32.4864    24.3230 -9.990e-29
 237.439057     -0.049  38.877911    13.6146    8.73102     -0.049    32.4876    24.3248 -9.990e-29
 237.439063     -0.033  38.876447    13.6044    8.70362     -0.033    32.4949    24.3325 -9.990e-29
 237.439068     -0.016  38.869474    13.5760    8.69537     -0.016    32.5125    24.3519 -9.990e-29
 237.439074      0.003  38.843769    13.5398    8.67903      0.003    32.5194    24.3644 -9.990e-29
 237.439080      0.026  38.804328    13.5250    8.62598      0.026    32.4952    24.3487 -9.990e-29
 237.439086      0.049  38.781013    13.5281    8.58984      0.049    32.4708    24.3292 -9.990e-29
 237.439091      0.065  38.780875    13.5209    8.58902      0.064    32.4768    24.3353 -9.990e-29
 237.439097      0.072  38.783541    13.4796    8.61025      0.071    32.5144    24.3727 -9.990e-29
 237.439103      0.073  38.761159    13.4271    8.63152      0.072    32.5383    24.4017 -9.990e-29
 237.439109      0.078  38.726515    13.4174    8.65049      0.077    32.5141    24.3850 -9.990e-29
 237.439115      0.086  38.729888    13.4513    8.67026      0.085    32.4884    24.3583 -9.990e-29
 237.439120      0.091  38.767349    13.5045    8.67510      0.090    32.4781    24.3396 -9.990e-29
 237.439126      0.087  38.807513    13.5650    8.65535      0.086    32.4641    24.3166 -9.990e-29
 237.439132      0.074  38.846728    13.6077    8.65547      0.073    32.4644    24.3082 -9.990e-29
 237.439138      0.056  38.875591    13.6049    8.65132      0.056    32.4936    24.3314 -9.990e-29
 237.439144      0.041  38.869779    13.5526    8.66889      0.041    32.5327    24.3722 -9.990e-29
 237.439149      0.031  38.824362    13.4832    8.67012      0.031    32.5495    24.3991 -9.990e-29
 237.439155      0.027  38.767975    13.4444    8.64864      0.027    32.5299    24.3918 -9.990e-29
 237.439161      0.027  38.739293    13.4438    8.60390      0.027    32.5036    24.3715 -9.990e-29
 237.439167      0.032  38.741566    13.4534    8.55454      0.032    32.4975    24.3649 -9.990e-29
 237.439172      0.041  38.753140    13.4535    8.53259      0.041    32.5083    24.3732 -9.990e-29
 237.439178      0.057  38.758042    13.4245    8.52958      0.057    32.5376    24.4017 -9.990e-29
 237.439184      0.075  38.734208    13.3671    8.52019      0.074    32.5643    24.4338 -9.990e-29
 237.439190      0.092  38.684079    13.3238    8.51227      0.091    32.5543    24.4348 -9.990e-29
 237.439196      0.109  38.650194    13.3203    8.49544      0.108    32.5256    24.4132 -9.990e-29
 237.439201      0.124  38.651865    13.3393    8.47357      0.123    32.5109    24.3981 -9.990e-29
 237.439207      0.133  38.667192    13.3567    8.47679      0.132    32.5104    24.3942 -9.990e-29
 237.439213      0.135  38.679033    13.3614    8.46997      0.134    32.5175    24.3988 -9.990e-29
 237.439219      0.133  38.682992    13.3590    8.46583      0.132    32.5232    24.4037 -9.990e-29
 237.439225      0.129  38.680991    13.3631    8.46587      0.128    32.5178    24.3987 -9.990e-29
 237.439230      0.128  38.684949    13.3750    8.46487      0.127    32.5114    24.3913 -9.990e-29
 237.439236      0.129  38.697901    13.3850    8.47176      0.128    32.5150    24.3921 -9.990e-29
 237.439242      0.134  38.708510    13.3887    8.49820      0.133    32.5217    24.3966 -9.990e-29
 237.439248      0.141  38.711298    13.3958    8.52266      0.140    32.5183    24.3925 -9.990e-29
 237.439253      0.152  38.716157    13.4157    8.54860      0.151    32.5059    24.3789 -9.990e-29
 237.439259      0.162  38.730128    13.4468    8.55867      0.161    32.4924    24.3623 -9.990e-29
 237.439265      0.169  38.749404    13.4881    8.58657      0.168    32.4752    24.3407 -9.990e-29
 237.439271      0.172  38.777818    13.5327    8.62090      0.171    32.4638    24.3230 -9.990e-29
 237.439277      0.173  38.813436    13.5655    8.64508      0.172    32.4692    24.3205 -9.990e-29
 237.439282      0.174  38.839813    13.5873    8.68025      0.173    32.4752    24.3207 -9.990e-29
 237.439288      0.182  38.856231    13.6078    8.69682      0.180    32.4731    24.3150 -9.990e-29
 237.439294      0.191  38.872810    13.6243    8.71168      0.189    32.4745    24.3127 -9.990e-29
 237.439300      0.198  38.885296    13.6349    8.71549      0.196    32.4771    24.3126 -9.990e-29
 237.439306      0.207  38.891832    13.6439    8.72827      0.205    32.4755    24.3096 -9.990e-29
 237.439311      0.225  38.898334    13.6487    8.74444      0.223    32.4775    24.3101 -9.990e-29
 237.439317      0.243  38.902258    13.6482    8.73565      0.241    32.4816    24.3134 -9.990e-29
 237.439323      0.253  38.902106    13.6466    8.74150      0.251    32.4828    24.3146 -9.990e-29
 237.439329      0.261  38.901047    13.6467    8.73719      0.259    32.4817    24.3138 -9.990e-29
 237.439334      0.272  38.901036    13.6487    8.75693      0.270    32.4800    24.3120 -9.990e-29
 237.439340      0.286  38.902061    13.6528    8.76863      0.284    32.4775    24.3093 -9.990e-29
 237.439346      0.300  38.904369    13.6612    8.76390      0.297    32.4725    24.3037 -9.990e-29
 237.439352      0.310  38.910480    13.6728    8.76986      0.307    32.4683    24.2981 -9.990e-29
 237.439358      0.317  38.919567    13.6821    8.76149      0.314    32.4689    24.2967 -9.990e-29
 237.439363      0.322  38.927486    13.6877    8.76621      0.319    32.4715    24.2976 -9.990e-29
 237.439369      0.329  38.931899    13.6896    8.77852      0.326    32.4740    24.2991 -9.990e-29
 237.439375      0.343  38.934768    13.6851    8.77667      0.340    32.4804    24.3050 -9.990e-29
 237.439381      0.361  38.931508    13.6778    8.78142      0.358    32.4836    24.3089 -9.990e-29
 237.439387      0.374  38.921702    13.6768    8.77229      0.371    32.4753    24.3027 -9.990e-29
 237.439392      0.380  38.920322    13.6826    8.75641      0.377    32.4691    24.2968 -9.990e-29
 237.439398      0.380  38.927211    13.6866    8.72585      0.377    32.4721    24.2983 -9.990e-29
 237.439404      0.376  38.930801    13.6810    8.71171      0.373    32.4802    24.3057 -9.990e-29
 237.439410      0.373  38.926909    13.6633    8.71849      0.370    32.4916    24.3181 -9.990e-29
 237.439416      0.372  38.914840    13.6356    8.73650      0.369    32.5039    24.3332 -9.990e-29
 237.439421      0.376  38.895892    13.6124    8.74131      0.373    32.5060    24.3395 -9.990e-29
 237.439427      0.386  38.879020    13.6136    8.73757      0.383    32.4893    24.3263 -9.990e-29
 237.439433      0.393  38.880428    13.6389    8.73208      0.390    32.4691    24.3056 -9.990e-29
 237.439439      0.398  38.900305    13.6684    8.71077      0.395    32.4626    24.2946 -9.990e-29
 237.439444      0.406  38.921966    13.6866    8.71200      0.403    32.4672    24.2945 -9.990e-29
 237.439450      0.412  38.933352    13.6923    8.72914      0.409    32.4730    24.2978 -9.990e-29
 237.439456      0.414  38.936191    13.6894    8.75756      0.411    32.4781    24.3023 -9.990e-29
 237.439462      0.411  38.935956    13.6841    8.77309      0.408    32.4824    24.3067 -9.990e-29
 237.439468      0.407  38.933460    13.6867    8.77911      0.404    32.4778    24.3027 -9.990e-29
 237.439473      0.406  38.933789    13.6989    8.77347      0.403    32.4678    24.2925 -9.990e-29
 237.439479      0.404  38.940748    13.7138    8.77321      0.401    32.4616    24.2847 -9.990e-29
 237.439485      0.401  38.949595    13.7272    8.78313      0.398    32.4585    24.2795 -9.990e-29
 237.439491      0.401  38.957548    13.7371    8.79074      0.398    32.4575    24.2767 -9.990e-29
 237.439497      0.399  38.964559    13.7413    8.80717      0.396    32.4604    24.2782 -9.990e-29
 237.439502      0.396  38.968202    13.7406    8.80162      0.393    32.4644    24.2814 -9.990e-29
 237.439508      0.396  38.968287    13.7384    8.79561      0.393    32.4664    24.2833 -9.990e-29
 237.439514      0.393  38.967176    13.7374    8.79330      0.390    32.4662    24.2834 -9.990e-29
 237.439520      0.389  38.966756    13.7371    8.79319      0.386    32.4660    24.2833 -9.990e-29
