data/oxygen options/OCNMS/OCNMS2/raw_data/2004/CTD_CE40_100404faed.cnv
* Sea-Bird SBE19 Data File:
* FileName = C:\WINDOWS\Desktop\put hypoxia files here\CTD data\October 04_05-04\raw\CE40_100404.hex
* Software Version 1.1.4
* Temperature SN = 2997
* Conductivity SN = 2997
* System UpLoad Time = Oct 04 2004 15:23:49
* SEACAT PROFILER V3.1c SN 2997   10/04/04  15:27:39.570
* strain gauge pressure sensor: S/N = 184829,  range = 3000 psia,  tc = 40
# nquan = 9                                 
# nvalues = 570                         
# units = specified
# name 0 = timeJ: Julian Days
# name 1 = prSM: Pressure, Strain Gauge [db]
# name 2 = c0mS/cm: Conductivity [mS/cm]
# name 3 = t090C: Temperature [ITS-90, deg C]
# name 4 = oxML/L: Oxygen, Beckman/YSI [ml/l]
# name 5 = depSM: Depth [salt water, m], lat = 47.5
# name 6 = sal00: Salinity, Practical [PSU]
# name 7 = sigma-é00: Density [sigma-theta, kg/m^3]
# name 8 = flag: flag
# span 0 = 278.605081, 278.608374       
# span 1 =     -4.839,     41.986       
# span 2 =   1.031436,  38.595224       
# span 3 =     7.8015,    17.0718       
# span 4 =   -0.04353,   27.74724       
# span 5 =     -4.799,     41.631       
# span 6 =     0.6099,    33.5331       
# span 7 =    -0.7557,    26.1511       
# span 8 = 0.0000e+00, 0.0000e+00       
# interval = seconds: 0.5
# start_time = Oct 04 2004 14:31:19 [Instrument's time stamp, header]
# bad_flag = -9.990e-29
*END*
[from data line 161]
 278.606013     -0.028  38.205019    15.5924    7.15710     -0.028    30.2805    22.2100 -9.990e-29
 278.606019     -0.015  38.207783    15.6028    7.14032     -0.015    30.2750    22.2034 -9.990e-29
 278.606024     -0.013  38.218027    15.6132    7.13743     -0.013    30.2760    22.2020 -9.990e-29
 278.606030     -0.009  38.228664    15.6146    7.13375     -0.009    30.2843    22.2081 -9.990e-29
 278.606036      0.006  38.229211    15.6061    7.13857      0.006    30.2913    22.2153 -9.990e-29
 278.606042      0.029  38.219845    15.5961    7.13982      0.029    30.2907    22.2170 -9.990e-29
 278.606047      0.053  38.211073    15.5910    7.13497      0.053    30.2869    22.2152 -9.990e-29
 278.606053      0.070  38.207463    15.5924    7.12610      0.069    30.2827    22.2116 -9.990e-29
 278.606059      0.077  38.209252    15.5966    7.11816      0.076    30.2810    22.2094 -9.990e-29
 278.606065      0.080  38.213779    15.5978    7.11944      0.079    30.2841    22.2115 -9.990e-29
 278.606071      0.082  38.215310    15.5956    7.12648      0.081    30.2871    22.2143 -9.990e-29
 278.606076      0.084  38.213649    15.5940    7.13448      0.083    30.2869    22.2145 -9.990e-29
 278.606082      0.091  38.212192    15.5955    7.13249      0.090    30.2844    22.2123 -9.990e-29
 278.606088      0.101  38.212926    15.5987    7.13211      0.100    30.2826    22.2102 -9.990e-29
 278.606094      0.113  38.215714    15.6015    7.13357      0.112    30.2829    22.2098 -9.990e-29
 278.606100      0.126  38.218669    15.6044    7.12925      0.125    30.2833    22.2095 -9.990e-29
 278.606105      0.142  38.221250    15.6090    7.12563      0.141    30.2820    22.2075 -9.990e-29
 278.606111      0.161  38.224658    15.6153    7.11356      0.160    30.2802    22.2047 -9.990e-29
 278.606117      0.181  38.230079    15.6193    7.11125      0.179    30.2819    22.2052 -9.990e-29
 278.606123      0.199  38.234089    15.6170    7.11282      0.197    30.2872    22.2097 -9.990e-29
 278.606128      0.214  38.230823    15.6107    7.11129      0.212    30.2892    22.2126 -9.990e-29
 278.606134      0.230  38.223222    15.6044    7.10593      0.228    30.2873    22.2125 -9.990e-29
 278.606140      0.246  38.217418    15.5999    7.10093      0.244    30.2856    22.2122 -9.990e-29
 278.606146      0.263  38.214088    15.5977    7.10137      0.261    30.2844    22.2118 -9.990e-29
 278.606152      0.283  38.212722    15.5962    7.09801      0.281    30.2843    22.2120 -9.990e-29
 278.606157      0.303  38.212061    15.5941    7.10100      0.300    30.2853    22.2133 -9.990e-29
 278.606163      0.320  38.210106    15.5933    7.10099      0.317    30.2842    22.2126 -9.990e-29
 278.606169      0.334  38.208742    15.5963    7.09291      0.331    30.2807    22.2092 -9.990e-29
 278.606175      0.342  38.211199    15.6018    7.08323      0.339    30.2786    22.2065 -9.990e-29
 278.606181      0.346  38.216271    15.6055    7.07709      0.343    30.2803    22.2069 -9.990e-29
 278.606186      0.353  38.219509    15.6038    7.07849      0.350    30.2844    22.2105 -9.990e-29
 278.606192      0.364  38.217385    15.5980    7.08814      0.361    30.2870    22.2137 -9.990e-29
 278.606198      0.371  38.211559    15.5958    7.09831      0.368    30.2836    22.2115 -9.990e-29
 278.606204      0.371  38.208848    15.6007    7.09034      0.368    30.2774    22.2058 -9.990e-29
 278.606209      0.368  38.213489    15.6084    7.08968      0.365    30.2756    22.2027 -9.990e-29
 278.606215      0.365  38.221580    15.6131    7.07884      0.362    30.2791    22.2044 -9.990e-29
 278.606221      0.363  38.226531    15.6126    7.07780      0.360    30.2839    22.2081 -9.990e-29
 278.606227      0.365  38.225415    15.6086    7.08292      0.362    30.2859    22.2106 -9.990e-29
 278.606233      0.377  38.220676    15.6050    7.08587      0.374    30.2845    22.2103 -9.990e-29
 278.606238      0.394  38.217215    15.6031    7.09151      0.391    30.2829    22.2095 -9.990e-29
 278.606244      0.409  38.216030    15.6020    7.08812      0.406    30.2827    22.2096 -9.990e-29
 278.606250      0.419  38.214980    15.6017    7.08547      0.416    30.2820    22.2091 -9.990e-29
 278.606256      0.429  38.214352    15.6017    7.08211      0.425    30.2815    22.2087 -9.990e-29
 278.606262      0.444  38.214437    15.5992    7.07656      0.440    30.2835    22.2107 -9.990e-29
 278.606267      0.460  38.212548    15.5933    7.07660      0.456    30.2863    22.2142 -9.990e-29
 278.606273      0.474  38.207851    15.5871    7.07071      0.470    30.2869    22.2160 -9.990e-29
 278.606279      0.487  38.203061    15.5833    7.07209      0.483    30.2856    22.2158 -9.990e-29
 278.606285      0.499  38.200206    15.5807    7.06150      0.495    30.2851    22.2160 -9.990e-29
 278.606291      0.512  38.198287    15.5781    7.05961      0.508    30.2854    22.2168 -9.990e-29
 278.606296      0.527  38.195868    15.5753    7.05601      0.523    30.2854    22.2174 -9.990e-29
 278.606302      0.539  38.193094    15.5724    7.06812      0.535    30.2852    22.2179 -9.990e-29
 278.606308      0.546  38.190755    15.5703    7.07630      0.541    30.2847    22.2180 -9.990e-29
 278.606314      0.552  38.189101    15.5703    7.07921      0.547    30.2833    22.2168 -9.990e-29
 278.606319      0.558  38.188736    15.5730    7.07451      0.553    30.2809    22.2144 -9.990e-29
 278.606325      0.559  38.190859    15.5763    7.06325      0.554    30.2802    22.2132 -9.990e-29
 278.606331      0.560  38.193817    15.5769    7.06260      0.555    30.2823    22.2147 -9.990e-29
 278.606337      0.566  38.194268    15.5752    7.06915      0.561    30.2840    22.2164 -9.990e-29
 278.606343      0.577  38.192260    15.5741    7.07342      0.572    30.2831    22.2159 -9.990e-29
 278.606348      0.589  38.190729    15.5758    7.07031      0.584    30.2805    22.2135 -9.990e-29
 278.606354      0.594  38.192122    15.5799    7.06746      0.589    30.2785    22.2111 -9.990e-29
 278.606360      0.593  38.196055    15.5834    7.05998      0.588    30.2793    22.2110 -9.990e-29
 278.606366      0.594  38.199365    15.5852    7.05603      0.589    30.2809    22.2118 -9.990e-29
 278.606372      0.601  38.200866    15.5858    7.05651      0.596    30.2817    22.2123 -9.990e-29
 278.606377      0.616  38.201442    15.5850    7.05986      0.611    30.2828    22.2133 -9.990e-29
 278.606383      0.634  38.200742    15.5840    7.07311      0.629    30.2830    22.2137 -9.990e-29
 278.606389      0.649  38.199522    15.5846    7.07780      0.644    30.2814    22.2124 -9.990e-29
 278.606395      0.656  38.199522    15.5861    7.07247      0.651    30.2803    22.2111 -9.990e-29
 278.606400      0.661  38.200745    15.5871    7.06431      0.655    30.2806    22.2112 -9.990e-29
 278.606406      0.669  38.202021    15.5868    7.05250      0.663    30.2819    22.2123 -9.990e-29
 278.606412      0.679  38.202253    15.5853    7.05646      0.673    30.2833    22.2136 -9.990e-29
 278.606418      0.692  38.201194    15.5830    7.06152      0.686    30.2841    22.2148 -9.990e-29
 278.606424      0.706  38.199680    15.5805    7.05925      0.700    30.2847    22.2158 -9.990e-29
 278.606429      0.716  38.197939    15.5789    7.05080      0.710    30.2844    22.2159 -9.990e-29
 278.606435      0.724  38.196457    15.5791    7.04037      0.718    30.2829    22.2147 -9.990e-29
 278.606441      0.729  38.196626    15.5797    7.04055      0.723    30.2826    22.2143 -9.990e-29
 278.606447      0.732  38.196993    15.5781    7.05743      0.726    30.2842    22.2159 -9.990e-29
 278.606453      0.733  38.195248    15.5750    7.06542      0.727    30.2850    22.2172 -9.990e-29
 278.606458      0.732  38.192434    15.5743    7.06145      0.726    30.2831    22.2158 -9.990e-29
 278.606464      0.730  38.191531    15.5779    7.05177      0.724    30.2795    22.2123 -9.990e-29
 278.606470      0.730  38.194145    15.5831    7.03399      0.724    30.2778    22.2099 -9.990e-29
 278.606476      0.741  38.198717    15.5857    7.03497      0.735    30.2799    22.2109 -9.990e-29
 278.606481      0.763  38.201254    15.5845    7.04019      0.757    30.2830    22.2136 -9.990e-29
 278.606487      0.791  38.199538    15.5822    7.05103      0.784    30.2832    22.2143 -9.990e-29
 278.606493      0.815  38.196893    15.5807    7.06041      0.808    30.2821    22.2137 -9.990e-29
 278.606499      0.831  38.196708    15.5808    7.06033      0.824    30.2818    22.2135 -9.990e-29
 278.606505      0.834  38.198178    15.5829    7.04728      0.827    30.2815    22.2128 -9.990e-29
 278.606510      0.828  38.199527    15.5853    7.03603      0.821    30.2808    22.2118 -9.990e-29
 278.606516      0.823  38.200316    15.5863    7.03354      0.816    30.2808    22.2115 -9.990e-29
 278.606522      0.821  38.200665    15.5855    7.03671      0.814    30.2817    22.2124 -9.990e-29
 278.606528      0.824  38.199921    15.5830    7.04379      0.817    30.2830    22.2139 -9.990e-29
 278.606534      0.830  38.197657    15.5801    7.04509      0.823    30.2832    22.2147 -9.990e-29
 278.606539      0.837  38.195344    15.5796    7.04405      0.830    30.2815    22.2135 -9.990e-29
 278.606545      0.836  38.195507    15.5822    7.04019      0.829    30.2797    22.2115 -9.990e-29
 278.606551      0.826  38.198364    15.5861    7.04401      0.819    30.2792    22.2103 -9.990e-29
 278.606557      0.821  38.202118    15.5894    7.03943      0.814    30.2800    22.2102 -9.990e-29
 278.606563      0.828  38.205049    15.5906    7.04524      0.821    30.2816    22.2112 -9.990e-29
 278.606568      0.844  38.206022    15.5890    7.04358      0.837    30.2837    22.2132 -9.990e-29
 278.606574      0.861  38.204656    15.5862    7.04553      0.854    30.2847    22.2145 -9.990e-29
 278.606580      0.876  38.201934    15.5854    7.04897      0.869    30.2829    22.2133 -9.990e-29
 278.606586      0.890  38.200957    15.5876    7.04766      0.883    30.2803    22.2109 -9.990e-29
 278.606591      0.899  38.203228    15.5905    7.04446      0.891    30.2801    22.2101 -9.990e-29
 278.606597      0.904  38.206172    15.5923    7.04199      0.896    30.2813    22.2106 -9.990e-29
 278.606603      0.909  38.208108    15.5936    7.03928      0.901    30.2820    22.2109 -9.990e-29
 278.606609      0.916  38.209940    15.5945    7.03898      0.908    30.2829    22.2114 -9.990e-29
 278.606615      0.924  38.210748    15.5935    7.03559      0.916    30.2844    22.2127 -9.990e-29
 278.606620      0.933  38.208807    15.5905    7.02979      0.925    30.2850    22.2138 -9.990e-29
 278.606626      0.945  38.205460    15.5883    7.02526      0.937    30.2837    22.2133 -9.990e-29
 278.606632      0.956  38.204095    15.5880    7.02662      0.948    30.2828    22.2126 -9.990e-29
 278.606638      0.962  38.205137    15.5875    7.03438      0.954    30.2841    22.2137 -9.990e-29
 278.606644      0.968  38.204930    15.5861    7.04917      0.960    30.2849    22.2147 -9.990e-29
 278.606649      0.979  38.202640    15.5865    7.04736      0.971    30.2826    22.2129 -9.990e-29
 278.606655      0.991  38.202507    15.5900    7.03281      0.983    30.2798    22.2099 -9.990e-29
 278.606661      1.001  38.206040    15.5943    7.02183      0.993    30.2796    22.2089 -9.990e-29
 278.606667      1.008  38.210099    15.5953    7.02405      1.000    30.2824    22.2108 -9.990e-29
 278.606672      1.015  38.211126    15.5913    7.02971      1.007    30.2864    22.2147 -9.990e-29
 278.606678      1.020  38.207691    15.5846    7.04020      1.011    30.2885    22.2178 -9.990e-29
 278.606684      1.025  38.201385    15.5807    7.04848      1.016    30.2859    22.2167 -9.990e-29
 278.606690      1.025  38.196701    15.5829    7.03571      1.016    30.2801    22.2117 -9.990e-29
 278.606696      1.016  38.198047    15.5882    7.03249      1.008    30.2772    22.2084 -9.990e-29
 278.606701      1.002  38.203296    15.5910    7.02392      0.994    30.2797    22.2097 -9.990e-29
 278.606707      0.991  38.206551    15.5883    7.02356      0.983    30.2847    22.2141 -9.990e-29
 278.606713      0.989  38.204864    15.5818    7.03523      0.981    30.2882    22.2182 -9.990e-29
 278.606719      0.998  38.199356    15.5765    7.03725      0.990    30.2874    22.2187 -9.990e-29
 278.606725      1.010  38.194462    15.5765    7.04273      1.002    30.2831    22.2154 -9.990e-29
 278.606730      1.020  38.194311    15.5800    7.03786      1.011    30.2802    22.2124 -9.990e-29
 278.606736      1.030  38.197020    15.5824    7.02701      1.021    30.2808    22.2123 -9.990e-29
 278.606742      1.039  38.198355    15.5824    7.02428      1.030    30.2820    22.2132 -9.990e-29
 278.606748      1.049  38.198415    15.5817    7.02426      1.040    30.2825    22.2138 -9.990e-29
 278.606753      1.061  38.198407    15.5812    7.03000      1.052    30.2829    22.2142 -9.990e-29
 278.606759      1.074  38.197759    15.5797    7.03298      1.065    30.2835    22.2150 -9.990e-29
 278.606765      1.086  38.196172    15.5781    7.03137      1.077    30.2833    22.2152 -9.990e-29
 278.606771      1.088  38.194897    15.5786    7.03617      1.079    30.2818    22.2140 -9.990e-29
 278.606777      1.082  38.195600    15.5817    7.02654      1.073    30.2801    22.2119 -9.990e-29
 278.606782      1.078  38.199221    15.5868    7.02021      1.069    30.2793    22.2103 -9.990e-29
 278.606788      1.087  38.203860    15.5912    7.01830      1.078    30.2800    22.2099 -9.990e-29
 278.606794      1.099  38.206173    15.5917    7.02474      1.090    30.2817    22.2110 -9.990e-29
 278.606800      1.106  38.205883    15.5880    7.03270      1.097    30.2843    22.2138 -9.990e-29
 278.606806      1.115  38.203168    15.5830    7.04076      1.106    30.2857    22.2160 -9.990e-29
 278.606811      1.128  38.198897    15.5809    7.03849      1.119    30.2836    22.2148 -9.990e-29
 278.606817      1.144  38.197470    15.5831    7.02336      1.134    30.2806    22.2121 -9.990e-29
 278.606823      1.158  38.200353    15.5860    7.01521      1.148    30.2809    22.2117 -9.990e-29
 278.606829      1.172  38.202979    15.5847    7.01173      1.162    30.2842    22.2145 -9.990e-29
 278.606834      1.182  38.201000    15.5793    7.01395      1.172    30.2866    22.2175 -9.990e-29
 278.606840      1.185  38.195708    15.5739    7.02059      1.175    30.2861    22.2183 -9.990e-29
 278.606846      1.184  38.191263    15.5705    7.02272      1.174    30.2848    22.2180 -9.990e-29
 278.606852      1.185  38.189030    15.5689    7.02812      1.175    30.2840    22.2178 -9.990e-29
 278.606858      1.182  38.188277    15.5692    7.02369      1.172    30.2832    22.2170 -9.990e-29
 278.606863      1.177  38.188562    15.5716    7.01819      1.167    30.2816    22.2153 -9.990e-29
 278.606869      1.176  38.190268    15.5750    7.01562      1.166    30.2805    22.2137 -9.990e-29
 278.606875      1.185  38.192869    15.5772    7.01546      1.175    30.2811    22.2137 -9.990e-29
 278.606881      1.199  38.194228    15.5776    7.01868      1.189    30.2819    22.2143 -9.990e-29
 278.606887      1.212  38.194478    15.5777    7.02112      1.202    30.2821    22.2144 -9.990e-29
 278.606892      1.222  38.195076    15.5783    7.02703      1.212    30.2821    22.2143 -9.990e-29
 278.606898      1.237  38.196259    15.5797    7.02323      1.227    30.2821    22.2140 -9.990e-29
 278.606904      1.252  38.197925    15.5812    7.01683      1.242    30.2824    22.2139 -9.990e-29
 278.606910      1.264  38.198934    15.5820    7.01912      1.253    30.2827    22.2139 -9.990e-29
 278.606916      1.273  38.198951    15.5824    7.01967      1.262    30.2824    22.2136 -9.990e-29
 278.606921      1.281  38.199126    15.5832    7.01680      1.270    30.2819    22.2131 -9.990e-29
 278.606927      1.288  38.199694    15.5848    7.02271      1.277    30.2812    22.2122 -9.990e-29
