data/oxygen options/OCNMS/OCNMS2/raw_data/2004/CTD_CE80_061604faed.cnv
* Sea-Bird SBE19 Data File:
* FileName = C:\WINDOWS\Desktop\put hypoxia files here\CTD files\CE\CE80m061604.hex
* Software Version 1.1.4
* Temperature SN = 2997
* Conductivity SN = 2997
* System UpLoad Time = Jun 16 2004 11:36:30
** Cape Elizabeth hypoxia June 16, 2004 80m CE-8
* SEACAT PROFILER V3.1c SN 2997   06/16/04  11:40:25.501
# nquan = 9                                 
# nvalues = 879                         
# units = specified
# name 0 = timeJ: Julian Days
# name 1 = prSM: Pressure, Strain Gauge [db]
# name 2 = c0mS/cm: Conductivity [mS/cm]
# name 3 = t090C: Temperature [ITS-90, deg C]
# name 4 = oxML/L: Oxygen, Beckman/YSI [ml/l]
# name 5 = depSM: Depth [salt water, m], lat = 47.5
# name 6 = sal00: Salinity, Practical [PSU]
# name 7 = sigma-é00: Density [sigma-theta, kg/m^3]
# name 8 = flag: flag
# span 0 = 168.446250, 168.451331       
# span 1 =     -5.397,     81.867       
# span 2 =   0.336315,  37.168137       
# span 3 =     7.3690,    14.9037       
# span 4 =   -0.05468,   30.77424       
# span 5 =     -5.352,     81.168       
# span 6 =     0.2058,    33.7264       
# span 7 =    -0.6045,    26.3655       
# span 8 = 0.0000e+00, 0.0000e+00       
# interval = seconds: 0.5
# start_time = Jun 16 2004 10:42:36 [Instrument's time stamp, header]
# bad_flag = -9.990e-29
*END*
[from data line 161]
 168.447182     -0.823  36.690543    14.3204    5.80849     -0.816    29.9072    22.1903 -9.990e-29
 168.447188     -0.812  36.684917    14.3348    5.80053     -0.805    29.8910    22.1749 -9.990e-29
 168.447193     -0.798  36.678570    14.3311    5.81057     -0.791    29.8881    22.1734 -9.990e-29
 168.447199     -0.781  36.679876    14.3087    5.81788     -0.774    29.9066    22.1922 -9.990e-29
 168.447205     -0.759  36.688343    14.2866    5.83833     -0.753    29.9313    22.2158 -9.990e-29
 168.447211     -0.735  36.695076    14.2796    5.82574     -0.729    29.9429    22.2261 -9.990e-29
 168.447216     -0.715  36.696152    14.2868    5.82543     -0.709    29.9383    22.2210 -9.990e-29
 168.447222     -0.704  36.693566    14.2975    5.83073     -0.698    29.9276    22.2107 -9.990e-29
 168.447228     -0.696  36.690606    14.2999    5.84025     -0.690    29.9231    22.2067 -9.990e-29
 168.447234     -0.687  36.690624    14.2945    5.84352     -0.681    29.9273    22.2110 -9.990e-29
 168.447240     -0.675  36.692533    14.2947    5.83209     -0.669    29.9288    22.2122 -9.990e-29
 168.447245     -0.660  36.692154    14.3055    5.82329     -0.654    29.9201    22.2033 -9.990e-29
 168.447251     -0.645  36.688987    14.3117    5.81798     -0.640    29.9125    22.1961 -9.990e-29
 168.447257     -0.634  36.687786    14.3036    5.82432     -0.629    29.9177    22.2017 -9.990e-29
 168.447263     -0.626  36.690886    14.2925    5.82910     -0.621    29.9290    22.2128 -9.990e-29
 168.447269     -0.621  36.694015    14.2881    5.83173     -0.616    29.9353    22.2185 -9.990e-29
 168.447274     -0.617  36.694620    14.2891    5.83926     -0.612    29.9351    22.2181 -9.990e-29
 168.447280     -0.615  36.694071    14.2906    5.84031     -0.610    29.9334    22.2165 -9.990e-29
 168.447286     -0.615  36.693885    14.2913    5.82705     -0.610    29.9327    22.2158 -9.990e-29
 168.447292     -0.617  36.694380    14.2942    5.81829     -0.612    29.9309    22.2139 -9.990e-29
 168.447297     -0.621  36.694541    14.2960    5.82006     -0.616    29.9296    22.2125 -9.990e-29
 168.447303     -0.622  36.694589    14.2895    5.81496     -0.617    29.9347    22.2178 -9.990e-29
 168.447309     -0.617  36.695718    14.2760    5.82894     -0.612    29.9462    22.2294 -9.990e-29
 168.447315     -0.610  36.697198    14.2652    5.84374     -0.605    29.9559    22.2390 -9.990e-29
 168.447321     -0.604  36.697640    14.2630    5.85203     -0.599    29.9580    22.2411 -9.990e-29
 168.447326     -0.599  36.697074    14.2674    5.86532     -0.594    29.9541    22.2372 -9.990e-29
 168.447332     -0.594  36.696432    14.2751    5.86484     -0.589    29.9475    22.2306 -9.990e-29
 168.447338     -0.590  36.695988    14.2879    5.84446     -0.585    29.9372    22.2200 -9.990e-29
 168.447344     -0.586  36.694594    14.3033    5.82249     -0.581    29.9240    22.2067 -9.990e-29
 168.447350     -0.582  36.692642    14.3096    5.82004     -0.577    29.9174    22.2003 -9.990e-29
 168.447355     -0.578  36.692587    14.2997    5.81433     -0.573    29.9250    22.2082 -9.990e-29
 168.447361     -0.573  36.694363    14.2807    5.82888     -0.568    29.9413    22.2246 -9.990e-29
 168.447367     -0.567  36.695862    14.2664    5.85313     -0.562    29.9537    22.2371 -9.990e-29
 168.447373     -0.560  36.696280    14.2623    5.86452     -0.555    29.9573    22.2407 -9.990e-29
 168.447378     -0.551  36.696178    14.2661    5.86327     -0.546    29.9542    22.2376 -9.990e-29
 168.447384     -0.540  36.695985    14.2785    5.87155     -0.535    29.9445    22.2275 -9.990e-29
 168.447390     -0.526  36.694886    14.2977    5.87089     -0.522    29.9286    22.2114 -9.990e-29
 168.447396     -0.512  36.692544    14.3162    5.86400     -0.508    29.9122    22.1950 -9.990e-29
 168.447402     -0.506  36.690331    14.3289    5.85278     -0.502    29.9004    22.1833 -9.990e-29
 168.447407     -0.508  36.689233    14.3350    5.84043     -0.504    29.8947    22.1776 -9.990e-29
 168.447413     -0.509  36.688917    14.3341    5.82002     -0.505    29.8951    22.1781 -9.990e-29
 168.447419     -0.505  36.688971    14.3269    5.81239     -0.501    29.9007    22.1839 -9.990e-29
 168.447425     -0.496  36.689474    14.3150    5.83196     -0.492    29.9103    22.1938 -9.990e-29
 168.447431     -0.481  36.690541    14.2983    5.85820     -0.477    29.9242    22.2079 -9.990e-29
 168.447436     -0.463  36.692478    14.2817    5.87518     -0.459    29.9388    22.2225 -9.990e-29
 168.447442     -0.446  36.695068    14.2761    5.87502     -0.442    29.9455    22.2288 -9.990e-29
 168.447448     -0.429  36.696160    14.2857    5.87024     -0.425    29.9390    22.2219 -9.990e-29
 168.447454     -0.414  36.693844    14.3032    5.86125     -0.411    29.9234    22.2062 -9.990e-29
 168.447459     -0.405  36.689525    14.3182    5.84362     -0.402    29.9079    22.1912 -9.990e-29
 168.447465     -0.398  36.686425    14.3255    5.83205     -0.395    29.8994    22.1832 -9.990e-29
 168.447471     -0.387  36.686030    14.3221    5.83022     -0.384    29.9017    22.1857 -9.990e-29
 168.447477     -0.376  36.688382    14.3080    5.84132     -0.373    29.9147    22.1986 -9.990e-29
 168.447483     -0.369  36.692139    14.2922    5.85266     -0.366    29.9303    22.2138 -9.990e-29
 168.447488     -0.361  36.695025    14.2828    5.85328     -0.358    29.9402    22.2234 -9.990e-29
 168.447494     -0.347  36.696404    14.2813    5.84986     -0.344    29.9426    22.2255 -9.990e-29
 168.447500     -0.331  36.696436    14.2850    5.85933     -0.328    29.9398    22.2226 -9.990e-29
 168.447506     -0.315  36.695728    14.2890    5.86999     -0.312    29.9360    22.2189 -9.990e-29
 168.447512     -0.299  36.695025    14.2930    5.86891     -0.297    29.9323    22.2152 -9.990e-29
 168.447517     -0.286  36.693958    14.3014    5.87875     -0.284    29.9248    22.2077 -9.990e-29
 168.447523     -0.280  36.691670    14.3141    5.88144     -0.278    29.9129    22.1960 -9.990e-29
 168.447529     -0.276  36.688484    14.3248    5.88632     -0.274    29.9018    22.1852 -9.990e-29
 168.447535     -0.269  36.686327    14.3310    5.86376     -0.267    29.8950    22.1787 -9.990e-29
 168.447541     -0.259  36.685699    14.3345    5.83783     -0.257    29.8918    22.1755 -9.990e-29
 168.447546     -0.246  36.685209    14.3340    5.83211     -0.244    29.8917    22.1756 -9.990e-29
 168.447552     -0.232  36.685331    14.3261    5.84086     -0.230    29.8979    22.1819 -9.990e-29
 168.447558     -0.225  36.687356    14.3108    5.85647     -0.223    29.9115    22.1956 -9.990e-29
 168.447564     -0.225  36.690625    14.2928    5.85398     -0.223    29.9284    22.2123 -9.990e-29
 168.447569     -0.224  36.693894    14.2792    5.84983     -0.222    29.9419    22.2254 -9.990e-29
 168.447575     -0.217  36.696477    14.2729    5.85377     -0.215    29.9491    22.2323 -9.990e-29
 168.447581     -0.203  36.697895    14.2719    5.86641     -0.201    29.9512    22.2341 -9.990e-29
 168.447587     -0.186  36.697801    14.2734    5.86277     -0.184    29.9499    22.2328 -9.990e-29
 168.447593     -0.174  36.696633    14.2742    5.85514     -0.173    29.9483    22.2313 -9.990e-29
 168.447598     -0.165  36.695644    14.2737    5.84844     -0.164    29.9477    22.2310 -9.990e-29
 168.447604     -0.152  36.695204    14.2742    5.85790     -0.151    29.9469    22.2303 -9.990e-29
 168.447610     -0.131  36.694735    14.2779    5.87844     -0.130    29.9436    22.2270 -9.990e-29
 168.447616     -0.112  36.694179    14.2853    5.89653     -0.111    29.9374    22.2207 -9.990e-29
 168.447622     -0.097  36.693360    14.2939    5.89724     -0.096    29.9300    22.2133 -9.990e-29
 168.447627     -0.081  36.692313    14.3037    5.89051     -0.080    29.9215    22.2047 -9.990e-29
 168.447633     -0.063  36.690773    14.3169    5.86247     -0.062    29.9099    22.1931 -9.990e-29
 168.447639     -0.049  36.688374    14.3292    5.84824     -0.049    29.8982    22.1815 -9.990e-29
 168.447645     -0.040  36.686412    14.3344    5.85328     -0.040    29.8924    22.1760 -9.990e-29
 168.447650     -0.031  36.685647    14.3326    5.87016     -0.031    29.8931    22.1769 -9.990e-29
 168.447656     -0.021  36.686188    14.3268    5.88197     -0.021    29.8981    22.1819 -9.990e-29
 168.447662     -0.009  36.687641    14.3195    5.87729     -0.009    29.9050    22.1888 -9.990e-29
 168.447668      0.006  36.688396    14.3134    5.86572      0.006    29.9104    22.1942 -9.990e-29
 168.447674      0.020  36.688341    14.3085    5.85830      0.020    29.9141    22.1981 -9.990e-29
 168.447679      0.025  36.688907    14.3039    5.86583      0.025    29.9182    22.2021 -9.990e-29
 168.447685      0.022  36.690296    14.2993    5.87651      0.022    29.9230    22.2068 -9.990e-29
 168.447691      0.019  36.691942    14.2935    5.88512      0.019    29.9290    22.2126 -9.990e-29
 168.447697      0.020  36.693807    14.2892    5.87987      0.020    29.9340    22.2173 -9.990e-29
 168.447703      0.022  36.695020    14.2897    5.87314      0.022    29.9347    22.2178 -9.990e-29
 168.447708      0.019  36.694966    14.2920    5.86758      0.019    29.9329    22.2159 -9.990e-29
 168.447714      0.016  36.694141    14.2931    5.87098      0.016    29.9313    22.2144 -9.990e-29
 168.447720      0.018  36.693138    14.2942    5.88572      0.018    29.9295    22.2128 -9.990e-29
 168.447726      0.024  36.692315    14.2970    5.87617      0.024    29.9266    22.2100 -9.990e-29
 168.447731      0.034  36.691143    14.3016    5.87492      0.034    29.9220    22.2055 -9.990e-29
 168.447737      0.045  36.689192    14.3074    5.87473      0.045    29.9157    22.1995 -9.990e-29
 168.447743      0.049  36.686676    14.3133    5.87048      0.049    29.9089    22.1930 -9.990e-29
 168.447749      0.047  36.683053    14.3201    5.87688      0.047    29.9004    22.1851 -9.990e-29
 168.447755      0.047  36.679113    14.3305    5.88191      0.047    29.8888    22.1740 -9.990e-29
 168.447760      0.052  36.676343    14.3418    5.88874      0.052    29.8775    22.1631 -9.990e-29
 168.447766      0.059  36.674426    14.3500    5.89742      0.059    29.8695    22.1552 -9.990e-29
 168.447772      0.065  36.674182    14.3579    5.91171      0.064    29.8632    22.1487 -9.990e-29
 168.447778      0.074  36.675299    14.3699    5.90473      0.073    29.8549    22.1399 -9.990e-29
 168.447784      0.086  36.675910    14.3870    5.89778      0.085    29.8423    22.1267 -9.990e-29
 168.447789      0.094  36.675720    14.4076    5.87649      0.093    29.8263    22.1101 -9.990e-29
 168.447795      0.099  36.675048    14.4265    5.86400      0.098    29.8111    22.0946 -9.990e-29
 168.447801      0.104  36.674691    14.4367    5.86463      0.103    29.8029    22.0862 -9.990e-29
 168.447807      0.110  36.675312    14.4350    5.86276      0.109    29.8048    22.0880 -9.990e-29
 168.447813      0.121  36.676069    14.4259    5.86631      0.120    29.8125    22.0958 -9.990e-29
 168.447818      0.139  36.675741    14.4173    5.87398      0.138    29.8188    22.1024 -9.990e-29
 168.447824      0.157  36.675021    14.4151    5.88959      0.156    29.8198    22.1036 -9.990e-29
 168.447830      0.170  36.675198    14.4200    5.90359      0.169    29.8162    22.0998 -9.990e-29
 168.447836      0.180  36.675957    14.4299    5.90554      0.178    29.8093    22.0925 -9.990e-29
 168.447841      0.187  36.676634    14.4431    5.89784      0.185    29.7997    22.0824 -9.990e-29
 168.447847      0.193  36.677583    14.4589    5.88388      0.191    29.7885    22.0705 -9.990e-29
 168.447853      0.196  36.678960    14.4759    5.87104      0.194    29.7767    22.0579 -9.990e-29
 168.447859      0.198  36.680369    14.4886    5.86175      0.196    29.7682    22.0488 -9.990e-29
 168.447865      0.199  36.682020    14.4893    5.85806      0.197    29.7691    22.0494 -9.990e-29
 168.447870      0.198  36.684443    14.4713    5.88152      0.196    29.7851    22.0654 -9.990e-29
 168.447876      0.195  36.686956    14.4431    5.89443      0.193    29.8091    22.0896 -9.990e-29
 168.447882      0.191  36.688435    14.4233    5.87490      0.189    29.8256    22.1064 -9.990e-29
 168.447888      0.190  36.689177    14.4182    5.85244      0.188    29.8302    22.1110 -9.990e-29
 168.447894      0.194  36.689611    14.4211    5.83628      0.192    29.8284    22.1090 -9.990e-29
 168.447899      0.202  36.689762    14.4182    5.83021      0.200    29.8307    22.1114 -9.990e-29
 168.447905      0.208  36.690402    14.3972    5.85464      0.206    29.8475    22.1286 -9.990e-29
 168.447911      0.218  36.692959    14.3678    5.86920      0.216    29.8725    22.1538 -9.990e-29
 168.447917      0.236  36.696364    14.3513    5.89501      0.234    29.8883    22.1694 -9.990e-29
 168.447922      0.259  36.697874    14.3536    5.91902      0.257    29.8878    22.1686 -9.990e-29
 168.447928      0.280  36.697261    14.3730    5.91111      0.278    29.8723    22.1527 -9.990e-29
 168.447934      0.297  36.694836    14.4030    5.90272      0.295    29.8470    22.1270 -9.990e-29
 168.447940      0.309  36.690740    14.4281    5.88010      0.306    29.8240    22.1042 -9.990e-29
 168.447946      0.319  36.687377    14.4401    5.85747      0.316    29.8117    22.0922 -9.990e-29
 168.447951      0.327  36.685889    14.4419    5.84195      0.324    29.8090    22.0898 -9.990e-29
 168.447957      0.328  36.684865    14.4345    5.86029      0.325    29.8137    22.0950 -9.990e-29
 168.447963      0.324  36.684075    14.4153    5.89222      0.321    29.8278    22.1097 -9.990e-29
 168.447969      0.321  36.683596    14.3913    5.91117      0.318    29.8458    22.1285 -9.990e-29
 168.447975      0.321  36.683922    14.3845    5.91049      0.318    29.8514    22.1342 -9.990e-29
 168.447980      0.318  36.683809    14.4061    5.88364      0.315    29.8346    22.1169 -9.990e-29
 168.447986      0.313  36.681430    14.4383    5.85783      0.310    29.8077    22.0896 -9.990e-29
 168.447992      0.306  36.679227    14.4561    5.83335      0.303    29.7921    22.0738 -9.990e-29
 168.447998      0.299  36.679327    14.4550    5.84958      0.297    29.7930    22.0748 -9.990e-29
 168.448003      0.297  36.680757    14.4421    5.88534      0.295    29.8042    22.0861 -9.990e-29
 168.448009      0.296  36.682634    14.4232    5.91066      0.294    29.8204    22.1024 -9.990e-29
 168.448015      0.296  36.685227    14.4117    5.91099      0.294    29.8316    22.1134 -9.990e-29
 168.448021      0.304  36.686952    14.4212    5.89798      0.301    29.8259    22.1070 -9.990e-29
 168.448027      0.322  36.685628    14.4468    5.87486      0.319    29.8050    22.0857 -9.990e-29
 168.448032      0.342  36.683422    14.4704    5.86650      0.339    29.7848    22.0654 -9.990e-29
 168.448038      0.357  36.683013    14.4781    5.88099      0.354    29.7786    22.0589 -9.990e-29
 168.448044      0.368  36.683310    14.4683    5.88518      0.365    29.7864    22.0669 -9.990e-29
 168.448050      0.380  36.683603    14.4521    5.88297      0.377    29.7991    22.0800 -9.990e-29
 168.448056      0.388  36.684295    14.4457    5.87230      0.385    29.8046    22.0856 -9.990e-29
 168.448061      0.391  36.684071    14.4517    5.86206      0.388    29.7998    22.0807 -9.990e-29
 168.448067      0.391  36.682637    14.4581    5.86861      0.388    29.7936    22.0746 -9.990e-29
 168.448073      0.393  36.681456    14.4560    5.88506      0.390    29.7941    22.0754 -9.990e-29
 168.448079      0.398  36.680649    14.4496    5.88969      0.395    29.7983    22.0800 -9.990e-29
 168.448084      0.405  36.679712    14.4472    5.88646      0.402    29.7993    22.0812 -9.990e-29
 168.448090      0.412  36.679086    14.4506    5.87149      0.409    29.7961    22.0781 -9.990e-29
 168.448096      0.413  36.679069    14.4571    5.85877      0.410    29.7911    22.0729 -9.990e-29
