data/oxygen options/OCNMS/OCNMS2/raw_data/2004/CTD_TH70_082404faed.cnv
* Sea-Bird SBE19 Data File:
* FileName = C:\WINDOWS\Desktop\put hypoxia files here\CTD data\August 24_25-04\TH\TH70_082404.hex
* Software Version 1.1.4
* Temperature SN = 2997
* Conductivity SN = 2997
* System UpLoad Time = Aug 24 2004 16:09:52
* SEACAT PROFILER V3.1c SN 2997   08/24/04  16:11:36.299
* strain gauge pressure sensor: S/N = 184829,  range = 3000 psia,  tc = 40
# nquan = 9                                 
# nvalues = 748                         
# units = specified
# name 0 = timeJ: Julian Days
# name 1 = prSM: Pressure, Strain Gauge [db]
# name 2 = c0mS/cm: Conductivity [mS/cm]
# name 3 = t090C: Temperature [ITS-90, deg C]
# name 4 = oxML/L: Oxygen, Beckman/YSI [ml/l]
# name 5 = depSM: Depth [salt water, m], lat = 47.5
# name 6 = sal00: Salinity, Practical [PSU]
# name 7 = sigma-é00: Density [sigma-theta, kg/m^3]
# name 8 = flag: flag
# span 0 = 237.593414, 237.597737       
# span 1 =     -5.048,     70.569       
# span 2 =   0.341620,  39.333300       
# span 3 =     7.4755,    15.1213       
# span 4 =   -0.05302,   30.54456       
# span 5 =     -5.006,     69.968       
# span 6 =     0.2040,    33.5091       
# span 7 =    -0.7578,    26.1768       
# span 8 = 0.0000e+00, 0.0000e+00       
# interval = seconds: 0.5
# start_time = Aug 24 2004 14:14:31 [Instrument's time stamp, header]
# bad_flag = -9.990e-29
*END*
 237.593414     -4.975 -9.990e-29    15.1061   -0.05301     -4.934 -9.990e-29 -9.990e-29 -9.990e-29
 237.593420     -4.997   0.348865    15.1068   -0.05301     -4.955     0.2085    -0.7535 -9.990e-29
 237.593426     -5.020   0.348331    15.1068   -0.05301     -4.978     0.2081    -0.7538 -9.990e-29
 237.593432     -5.038   0.348022    15.1068   -0.05301     -4.996     0.2079    -0.7539 -9.990e-29
 237.593437     -5.047   0.348083    15.1072   -0.05301     -5.005     0.2080    -0.7540 -9.990e-29
 237.593443     -5.048   0.348409    15.1080   -0.05301     -5.006     0.2082    -0.7540 -9.990e-29
 237.593449     -5.042   0.348882    15.1093   -0.05301     -5.000     0.2085    -0.7539 -9.990e-29
 237.593455     -5.027   0.349391    15.1106   -0.05301     -4.985     0.2088    -0.7539 -9.990e-29
 237.593461     -5.008   0.349509    15.1107   -0.05301     -4.966     0.2088    -0.7539 -9.990e-29
 237.593466     -4.987   0.348652    15.1100   -0.05301     -4.945     0.2083    -0.7541 -9.990e-29
 237.593472     -4.963   0.347345    15.1096   -0.05301     -4.922     0.2075    -0.7547 -9.990e-29
 237.593478     -4.938   0.346623    15.1100   -0.05301     -4.897     0.2071    -0.7551 -9.990e-29
 237.593484     -4.916   0.346638    15.1106   -0.05301     -4.875     0.2071    -0.7552 -9.990e-29
 237.593490     -4.894   0.346854    15.1103   -0.05301     -4.853     0.2072    -0.7550 -9.990e-29
 237.593495     -4.872   0.346451    15.1095   -0.05301     -4.831     0.2070    -0.7551 -9.990e-29
 237.593501     -4.849   0.345450    15.1090   -0.05302     -4.809     0.2064    -0.7555 -9.990e-29
 237.593507     -4.822   0.344737    15.1091   -0.05302     -4.782     0.2059    -0.7559 -9.990e-29
 237.593513     -4.790   0.344474    15.1090   -0.05301     -4.750     0.2058    -0.7560 -9.990e-29
 237.593519     -4.755   0.344314    15.1086   -0.05300     -4.715     0.2057    -0.7560 -9.990e-29
 237.593524     -4.724   0.344042    15.1088   -0.05299     -4.685     0.2055    -0.7561 -9.990e-29
 237.593530     -4.695   0.343854    15.1099   -0.05299     -4.656     0.2054    -0.7564 -9.990e-29
 237.593536     -4.661   0.344055    15.1107   -0.05299     -4.622     0.2055    -0.7564 -9.990e-29
 237.593542     -4.624   0.344361    15.1105   -0.05299     -4.585     0.2057    -0.7562 -9.990e-29
 237.593547     -4.587   0.344070    15.1097   -0.05299     -4.549     0.2055    -0.7563 -9.990e-29
 237.593553     -4.547   0.342796    15.1091   -0.05298     -4.509     0.2047    -0.7568 -9.990e-29
 237.593559     -4.506   0.341620    15.1097   -0.05297     -4.468     0.2040    -0.7574 -9.990e-29
 237.593565     -4.466   0.341749    15.1128   -0.05296     -4.429     0.2041    -0.7578 -9.990e-29
 237.593571     -4.424   0.343915    15.1177   -0.04975     -4.387     0.2054    -0.7576 -9.990e-29
 237.593576     -4.381   0.348786    15.1211   -0.04440     -4.344     0.2083    -0.7558 -9.990e-29
 237.593582     -4.339   0.355085    15.1213   -0.04419     -4.303     0.2122    -0.7529 -9.990e-29
 237.593588     -4.296   0.364551    15.1204   -0.04425     -4.260     0.2180    -0.7483 -9.990e-29
 237.593594     -4.249   0.382034    15.1194   -0.04425     -4.214     0.2287    -0.7398 -9.990e-29
 237.593600     -4.195   0.415303    15.1178   -0.04426     -4.160     0.2491    -0.7237 -9.990e-29
 237.593605     -4.134   0.492063    15.1141   -0.04426     -4.100     0.2965    -0.6864 -9.990e-29
 237.593611     -4.067   0.693568    15.1043   -0.04426     -4.033     0.4229    -0.5872 -9.990e-29
 237.593617     -3.986   1.262400    15.0776   -0.04426     -3.953     0.7896    -0.2996 -9.990e-29
 237.593623     -3.885   2.920361    15.0009   -0.04426     -3.853     1.9122     0.5779 -9.990e-29
 237.593628     -3.763   7.800338    14.8577   -0.04426     -3.732     5.4677     3.3330 -9.990e-29
 237.593634     -3.611  17.703235    14.7067   -0.04426     -3.581    13.3046     9.3656 -9.990e-29
 237.593640     -3.428  28.870769    14.6114   -0.04425     -3.399    22.7738    16.6455 -9.990e-29
 237.593646     -3.233  35.611042    14.5690   -0.04424     -3.206    28.7480    21.2467 -9.990e-29
 237.593652     -3.053  38.056043    14.5522   -0.04425     -3.028    30.9623    22.9554 -9.990e-29
 237.593657     -2.900  38.875126    14.5457   -0.04426     -2.876    31.7102    23.5332 -9.990e-29
 237.593663     -2.787  39.150331    14.5438   -0.04426     -2.764    31.9619    23.7275 -9.990e-29
 237.593669     -2.715  39.243015    14.5440   -0.04426     -2.692    32.0460    23.7923 -9.990e-29
 237.593675     -2.668  39.273423    14.5448   -0.04425     -2.646    32.0730    23.8130 -9.990e-29
 237.593681     -2.628  39.282133    14.5451   -0.04425     -2.606    32.0807    23.8188 -9.990e-29
 237.593686     -2.585  39.284719    14.5458   -0.04423     -2.563    32.0824    23.8200 -9.990e-29
 237.593692     -2.536  39.288589    14.5484   -0.04422     -2.515    32.0838    23.8205 -9.990e-29
 237.593698     -2.487  39.293885    14.5502   -0.04424     -2.466    32.0871    23.8227 -9.990e-29
 237.593704     -2.443  39.298163    14.5480   -0.04425     -2.423    32.0928    23.8276 -9.990e-29
 237.593709     -2.405  39.299308    14.5443   -0.04425     -2.385    32.0969    23.8315 -9.990e-29
 237.593715     -2.371  39.296633    14.5425   -0.04425     -2.351    32.0959    23.8311 -9.990e-29
 237.593721     -2.340  39.293335    14.5429   -0.04425     -2.320    32.0926    23.8285 -9.990e-29
 237.593727     -2.304  39.292904    14.5457   -0.04425     -2.285    32.0898    23.8258 -9.990e-29
 237.593733     -2.257  39.299845    14.5527   -0.04426     -2.238    32.0903    23.8247 -9.990e-29
 237.593738     -2.201  39.311105    14.5622   -0.04425     -2.183    32.0927    23.8245 -9.990e-29
 237.593744     -2.144  39.315920    14.5663   -0.04425     -2.126    32.0937    23.8244 -9.990e-29
 237.593750     -2.097  39.314574    14.5619   -0.04424     -2.080    32.0961    23.8272 -9.990e-29
 237.593756     -2.059  39.312040    14.5552   -0.04422     -2.042    32.0993    23.8311 -9.990e-29
 237.593762     -2.030  39.310582    14.5511   -0.04422     -2.013    32.1013    23.8335 -9.990e-29
 237.593767     -2.006  39.313335    14.5494   -0.04425     -1.989    32.1052    23.8369 -9.990e-29
 237.593773     -1.987  39.317829    14.5488   -0.04426     -1.970    32.1098    23.8406 -9.990e-29
 237.593779     -1.972  39.318866    14.5482   -0.04425     -1.956    32.1113    23.8418 -9.990e-29
 237.593785     -1.958  39.315618    14.5479   -0.04424     -1.942    32.1086    23.8398 -9.990e-29
 237.593791     -1.946  39.311641    14.5487   -0.04423     -1.930    32.1043    23.8363 -9.990e-29
 237.593796     -1.930  39.313448    14.5525   -0.04423     -1.914    32.1028    23.8343 -9.990e-29
 237.593802     -1.905  39.322356    14.5607   -0.04424     -1.889    32.1041    23.8336 -9.990e-29
 237.593808     -1.874  39.331202    14.5692   -0.04425     -1.858    32.1051    23.8326 -9.990e-29
 237.593814     -1.844  39.333300    14.5700   -0.04424     -1.829    32.1063    23.8334 -9.990e-29
 237.593819     -1.820  39.326993    14.5627   -0.04423     -1.805    32.1066    23.8351 -9.990e-29
 237.593825     -1.806  39.315126    14.5555   -0.04423     -1.791    32.1018    23.8329 -9.990e-29
 237.593831     -1.797  39.304909    14.5536   -0.04424     -1.782    32.0940    23.8274 -9.990e-29
 237.593837     -1.784  39.305193    14.5575   -0.04425     -1.769    32.0911    23.8243 -9.990e-29
 237.593843     -1.765  39.318070    14.5645   -0.04425     -1.750    32.0970    23.8273 -9.990e-29
 237.593848     -1.747  39.332128    14.5680   -0.04424     -1.732    32.1069    23.8342 -9.990e-29
 237.593854     -1.735  39.333046    14.5660   -0.04423     -1.721    32.1093    23.8366 -9.990e-29
 237.593860     -1.728  39.320397    14.5630   -0.04424     -1.714    32.1003    23.8302 -9.990e-29
 237.593866     -1.720  39.306523    14.5626   -0.04425     -1.706    32.0880    23.8208 -9.990e-29
 237.593872     -1.703  39.302691    14.5651   -0.04425     -1.689    32.0825    23.8160 -9.990e-29
 237.593877     -1.675  39.309996    14.5677   -0.04425     -1.661    32.0869    23.8189 -9.990e-29
 237.593883     -1.648  39.318012    14.5671   -0.04425     -1.634    32.0947    23.8251 -9.990e-29
 237.593889     -1.628  39.316142    14.5639   -0.04425     -1.614    32.0957    23.8265 -9.990e-29
 237.593895     -1.610  39.308657    14.5618   -0.04426     -1.597    32.0906    23.8230 -9.990e-29
 237.593900     -1.588  39.306369    14.5633   -0.04426     -1.575    32.0873    23.8201 -9.990e-29
 237.593906     -1.566  39.311305    14.5660   -0.04425     -1.553    32.0895    23.8213 -9.990e-29
 237.593912     -1.546  39.316614    14.5645   -0.04423     -1.533    32.0956    23.8263 -9.990e-29
 237.593918     -1.526  39.315944    14.5591   -0.04424     -1.513    32.0994    23.8304 -9.990e-29
 237.593924     -1.507  39.311800    14.5549   -0.04425     -1.494    32.0991    23.8310 -9.990e-29
 237.593929     -1.486  39.311593    14.5546   -0.04425     -1.474    32.0992    23.8311 -9.990e-29
 237.593935     -1.466  39.315640    14.5565   -0.04425     -1.454    32.1013    23.8323 -9.990e-29
 237.593941     -1.451  39.315343    14.5558   -0.04425     -1.439    32.1016    23.8327 -9.990e-29
 237.593947     -1.435  39.309776    14.5522   -0.04424     -1.423    32.0995    23.8319 -9.990e-29
 237.593953     -1.413  39.306697    14.5510   -0.04425     -1.401    32.0977    23.8307 -9.990e-29
 237.593958     -1.388  39.309886    14.5559   -0.04425     -1.376    32.0965    23.8288 -9.990e-29
 237.593964     -1.362  39.318578    14.5627   -0.04425     -1.351    32.0988    23.8291 -9.990e-29
 237.593970     -1.338  39.324760    14.5640   -0.04425     -1.327    32.1033    23.8323 -9.990e-29
 237.593976     -1.320  39.321559    14.5597   -0.04424     -1.309    32.1039    23.8337 -9.990e-29
 237.593981     -1.304  39.314280    14.5554   -0.04425     -1.293    32.1009    23.8323 -9.990e-29
 237.593987     -1.292  39.312324    14.5546   -0.04426     -1.281    32.0998    23.8316 -9.990e-29
 237.593993     -1.277  39.317039    14.5566   -0.04426     -1.266    32.1024    23.8332 -9.990e-29
 237.593999     -1.259  39.320720    14.5574   -0.04426     -1.248    32.1051    23.8351 -9.990e-29
 237.594005     -1.241  39.319893    14.5556   -0.04425     -1.231    32.1058    23.8360 -9.990e-29
 237.594010     -1.222  39.317976    14.5537   -0.04424     -1.212    32.1056    23.8363 -9.990e-29
 237.594016     -1.200  39.317495    14.5544   -0.04425     -1.190    32.1046    23.8354 -9.990e-29
 237.594022     -1.174  39.319522    14.5579   -0.04426     -1.164    32.1035    23.8338 -9.990e-29
 237.594028     -1.147  39.322306    14.5606   -0.04426     -1.137    32.1038    23.8335 -9.990e-29
 237.594034     -1.121  39.321734    14.5587   -0.04426     -1.112    32.1049    23.8347 -9.990e-29
 237.594039     -1.095  39.315956    14.5542   -0.04425     -1.086    32.1033    23.8344 -9.990e-29
 237.594045     -1.071  39.308521    14.5514   -0.04425     -1.062    32.0989    23.8316 -9.990e-29
 237.594051     -1.052  39.306939    14.5526   17.23568     -1.043    32.0964    23.8294 -9.990e-29
 237.594057     -1.032  39.311937    14.5567   28.88607     -1.023    32.0976    23.8295 -9.990e-29
 237.594063     -1.011  39.316746    14.5590   30.54456     -1.003    32.1000    23.8309 -9.990e-29
 237.594068     -0.995  39.317713    14.5558   26.77155     -0.987    32.1036    23.8343 -9.990e-29
 237.594074     -0.984  39.315038    14.5493   17.39080     -0.976    32.1065    23.8379 -9.990e-29
 237.594080     -0.972  39.311359    14.5451   13.91303     -0.964    32.1066    23.8389 -9.990e-29
 237.594086     -0.959  39.311340    14.5460   13.92378     -0.951    32.1058    23.8381 -9.990e-29
 237.594091     -0.943  39.315547    14.5500   13.88476     -0.935    32.1064    23.8377 -9.990e-29
 237.594097     -0.929  39.317279    14.5510   13.88167     -0.921    32.1071    23.8380 -9.990e-29
 237.594103     -0.915  39.311023    14.5468   13.87847     -0.907    32.1049    23.8372 -9.990e-29
 237.594109     -0.896  39.297447    14.5420   13.28201     -0.889    32.0965    23.8317 -9.990e-29
 237.594115     -0.876  39.282609    14.5394    9.92953     -0.869    32.0851    23.8235 -9.990e-29
 237.594120     -0.856  39.272560    14.5387    7.48785     -0.849    32.0766    23.8171 -9.990e-29
 237.594126     -0.837  39.266275    14.5390    6.14405     -0.830    32.0706    23.8124 -9.990e-29
 237.594132     -0.816  39.262698    14.5397    6.05173     -0.809    32.0667    23.8093 -9.990e-29
 237.594138     -0.797  39.263259    14.5402    7.06222     -0.790    32.0668    23.8092 -9.990e-29
 237.594144     -0.787  39.266479    14.5401    7.46424     -0.780    32.0698    23.8116 -9.990e-29
 237.594149     -0.786  39.269934    14.5396    7.68045     -0.779    32.0734    23.8144 -9.990e-29
 237.594155     -0.784  39.272075    14.5378    7.84626     -0.777    32.0768    23.8175 -9.990e-29
 237.594161     -0.777  39.271841    14.5340    7.96854     -0.771    32.0798    23.8205 -9.990e-29
 237.594167     -0.766  39.269488    14.5305    8.03438     -0.760    32.0805    23.8218 -9.990e-29
 237.594172     -0.752  39.266935    14.5293    8.06159     -0.746    32.0792    23.8211 -9.990e-29
 237.594178     -0.745  39.265832    14.5293    8.06889     -0.739    32.0782    23.8203 -9.990e-29
 237.594184     -0.744  39.266395    14.5290    8.08615     -0.738    32.0789    23.8209 -9.990e-29
 237.594190     -0.740  39.267138    14.5280    8.11773     -0.734    32.0804    23.8223 -9.990e-29
 237.594196     -0.729  39.266255    14.5272    8.12875     -0.723    32.0803    23.8223 -9.990e-29
 237.594201     -0.713  39.264820    14.5275    8.13124     -0.707    32.0787    23.8211 -9.990e-29
 237.594207     -0.702  39.264853    14.5290    8.11954     -0.696    32.0775    23.8198 -9.990e-29
 237.594213     -0.698  39.266406    14.5306    8.10803     -0.692    32.0776    23.8196 -9.990e-29
 237.594219     -0.696  39.268188    14.5316    8.12184     -0.690    32.0784    23.8200 -9.990e-29
 237.594225     -0.688  39.269218    14.5312    8.12593     -0.682    32.0797    23.8210 -9.990e-29
 237.594230     -0.674  39.268633    14.5295    8.12044     -0.668    32.0805    23.8221 -9.990e-29
 237.594236     -0.666  39.266780    14.5289    8.11293     -0.660    32.0793    23.8213 -9.990e-29
 237.594242     -0.671  39.266245    14.5301    8.10893     -0.665    32.0779    23.8199 -9.990e-29
 237.594248     -0.681  39.267442    14.5312    8.10914     -0.675    32.0780    23.8198 -9.990e-29
 237.594253     -0.684  39.268609    14.5311    8.10115     -0.678    32.0792    23.8207 -9.990e-29
 237.594259     -0.676  39.268505    14.5305    8.08502     -0.670    32.0796    23.8211 -9.990e-29
 237.594265     -0.657  39.267559    14.5309    8.07592     -0.652    32.0784    23.8201 -9.990e-29
 237.594271     -0.629  39.267885    14.5327    8.08428     -0.624    32.0772    23.8188 -9.990e-29
 237.594277     -0.600  39.269922    14.5354    8.08345     -0.595    32.0768    23.8179 -9.990e-29
 237.594282     -0.571  39.272465    14.5378    8.07865     -0.566    32.0771    23.8177 -9.990e-29
 237.594288     -0.541  39.274425    14.5387    8.05687     -0.536    32.0781    23.8183 -9.990e-29
 237.594294     -0.513  39.275057    14.5389    8.04769     -0.509    32.0785    23.8186 -9.990e-29
 237.594300     -0.493  39.275211    14.5394    8.04152     -0.489    32.0783    23.8182 -9.990e-29
 237.594306     -0.479  39.275658    14.5396    8.03539     -0.475    32.0785    23.8184 -9.990e-29
 237.594311     -0.463  39.275318    14.5392    8.02635     -0.459    32.0785    23.8185 -9.990e-29
 237.594317     -0.439  39.274306    14.5386    8.01492     -0.435    32.0781    23.8183 -9.990e-29
 237.594323     -0.410  39.274085    14.5386    8.02585     -0.407    32.0779    23.8181 -9.990e-29
 237.594329     -0.382  39.274928    14.5396    8.03303     -0.379    32.0778    23.8178 -9.990e-29
 237.594334     -0.359  39.276283    14.5409    8.03128     -0.356    32.0779    23.8177 -9.990e-29
