data/oxygen options/OCNMS/OCNMS2/raw_data/2004/CTD_CA40_061504faed.cnv
* Sea-Bird SBE19 Data File:
* FileName = C:\WINDOWS\Desktop\put hypoxia files here\CTD files\CA\CA40061504.hex
* Software Version 1.1.4
* Temperature SN = 2997
* Conductivity SN = 2997
* System UpLoad Time = Jun 15 2004 12:15:50
** Cape Alava hypoxia CA4 40 m June 15, 2004
* SEACAT PROFILER V3.1c SN 2997   06/15/04  12:14:18.632
# nquan = 9                                 
# nvalues = 771                         
# units = specified
# name 0 = timeJ: Julian Days
# name 1 = prSM: Pressure, Strain Gauge [db]
# name 2 = c0mS/cm: Conductivity [mS/cm]
# name 3 = t090C: Temperature [ITS-90, deg C]
# name 4 = oxML/L: Oxygen, Beckman/YSI [ml/l]
# name 5 = depSM: Depth [salt water, m], lat = 47.5
# name 6 = sal00: Salinity, Practical [PSU]
# name 7 = sigma-é00: Density [sigma-theta, kg/m^3]
# name 8 = flag: flag
# span 0 = 167.466331, 167.470787       
# span 1 =     -5.115,     34.195       
# span 2 =   0.332525,  37.592038       
# span 3 =     8.4085,    13.5387       
# span 4 =  -12.55066,   32.20071       
# span 5 =     -5.072,     33.907       
# span 6 =     0.2135,    32.9146       
# span 7 =    -0.3478,    25.5710       
# span 8 = 0.0000e+00, 0.0000e+00       
# interval = seconds: 0.5
# start_time = Jun 15 2004 11:11:31 [Instrument's time stamp, header]
# bad_flag = -9.990e-29
*END*
 167.466331     -5.115 -9.990e-29    12.1213   -0.05748     -5.072 -9.990e-29 -9.990e-29 -9.990e-29
 167.466337     -5.099   0.335258    12.1211   -0.05748     -5.057     0.2153    -0.3462 -9.990e-29
 167.466343     -5.078   0.334800    12.1211   -0.05748     -5.036     0.2150    -0.3464 -9.990e-29
 167.466348     -5.056   0.333981    12.1214   -0.05748     -5.014     0.2144    -0.3469 -9.990e-29
 167.466354     -5.035   0.333375    12.1218   -0.05748     -4.993     0.2140    -0.3472 -9.990e-29
 167.466360     -5.014   0.333471    12.1220   -0.05748     -4.972     0.2141    -0.3472 -9.990e-29
 167.466366     -4.996   0.333840    12.1220   -0.05748     -4.954     0.2143    -0.3470 -9.990e-29
 167.466372     -4.984   0.333493    12.1223   -0.05748     -4.942     0.2141    -0.3472 -9.990e-29
 167.466377     -4.973   0.332525    12.1229   -0.05747     -4.932     0.2135    -0.3478 -9.990e-29
 167.466383     -4.953   0.332606    12.1234   -0.05747     -4.912     0.2135    -0.3478 -9.990e-29
 167.466389     -4.924   0.334398    12.1238   -0.05747     -4.883     0.2147    -0.3469 -9.990e-29
 167.466395     -4.892   0.336406    12.1242   -0.05746     -4.851     0.2160    -0.3460 -9.990e-29
 167.466400     -4.860   0.336864    12.1246   -0.05747     -4.819     0.2163    -0.3458 -9.990e-29
 167.466406     -4.825   0.335829    12.1250   -0.05748     -4.785     0.2156    -0.3463 -9.990e-29
 167.466412     -4.785   0.334697    12.1256   -0.05748     -4.745     0.2149    -0.3470 -9.990e-29
 167.466418     -4.742   0.334181    12.1265   -0.05748     -4.702     0.2145    -0.3474 -9.990e-29
 167.466424     -4.702   0.334149    12.1273   -0.05748     -4.663     0.2145    -0.3475 -9.990e-29
 167.466429     -4.667   0.334558    12.1280   -0.05748     -4.628     0.2148    -0.3474 -9.990e-29
 167.466435     -4.633   0.335953    12.1285   -0.05748     -4.594     0.2157    -0.3467 -9.990e-29
 167.466441     -4.600   0.339083    12.1286   -0.05748     -4.562     0.2177    -0.3451 -9.990e-29
 167.466447     -4.569   0.344236    12.1279   -0.05748     -4.531     0.2211    -0.3424 -9.990e-29
 167.466453     -4.542   0.352173    12.1261   -0.05748     -4.504     0.2264    -0.3381 -9.990e-29
 167.466458     -4.514   0.361260    12.1239   -0.05747     -4.476     0.2324    -0.3331 -9.990e-29
 167.466464     -4.483   0.366955    12.1221   -0.05747     -4.446     0.2362    -0.3299 -9.990e-29
 167.466470     -4.455   0.369079    12.1210   -0.05747     -4.418     0.2376    -0.3287 -9.990e-29
 167.466476     -4.433   0.370463    12.1206   -0.05748     -4.396     0.2385    -0.3279 -9.990e-29
 167.466481     -4.416   0.371844    12.1204   -0.05747     -4.379     0.2394    -0.3272 -9.990e-29
 167.466487     -4.401   0.372842    12.1202   -0.05747     -4.364     0.2401    -0.3267 -9.990e-29
 167.466493     -4.385   0.373122    12.1204   -0.05747     -4.348     0.2403    -0.3265 -9.990e-29
 167.466499     -4.362   0.373058    12.1212   -0.05747     -4.326     0.2402    -0.3267 -9.990e-29
 167.466505     -4.335   0.373118    12.1225   -0.05746     -4.299     0.2402    -0.3268 -9.990e-29
 167.466510     -4.306   0.372829    12.1237   -0.05745     -4.270     0.2400    -0.3271 -9.990e-29
 167.466516     -4.274   0.371805    12.1249   -0.05744     -4.238     0.2394    -0.3278 -9.990e-29
 167.466522     -4.236   0.370347    12.1260   -0.05744     -4.201     0.2384    -0.3287 -9.990e-29
 167.466528     -4.194   0.368733    12.1270   -0.05744     -4.159     0.2373    -0.3296 -9.990e-29
 167.466534     -4.158   0.367032    12.1280   -0.05743     -4.123     0.2362    -0.3306 -9.990e-29
 167.466539     -4.131   0.365197    12.1293   -0.05742     -4.097     0.2350    -0.3317 -9.990e-29
 167.466545     -4.102   0.363560    12.1307   -0.05741     -4.068     0.2339    -0.3327 -9.990e-29
 167.466551     -4.070   0.363269    12.1327   -0.05741     -4.036     0.2337    -0.3331 -9.990e-29
 167.466557     -4.041   0.365046    12.1360   -0.05742     -4.007     0.2348    -0.3326 -9.990e-29
 167.466563     -4.017   0.368484    12.1404   -0.05742     -3.984     0.2371    -0.3314 -9.990e-29
 167.466568     -3.992   0.374282    12.1443   -0.05740     -3.959     0.2409    -0.3288 -9.990e-29
 167.466574     -3.965   0.381839    12.1470   -0.05739     -3.932     0.2459    -0.3253 -9.990e-29
 167.466580     -3.943   0.386796    12.1500   -0.05738     -3.910     0.2491    -0.3231 -9.990e-29
 167.466586     -3.924   0.387432    12.1546   -0.04699     -3.891     0.2495    -0.3233 -9.990e-29
 167.466591     -3.903   0.386263    12.1599   -0.04708     -3.870     0.2487    -0.3245 -9.990e-29
 167.466597     -3.883   0.385615    12.1635   -0.04564     -3.851     0.2483    -0.3253 -9.990e-29
 167.466603     -3.862   0.387403    12.1646   -0.04550     -3.830     0.2494    -0.3245 -9.990e-29
 167.466609     -3.836   0.396233    12.1658   -0.04563     -3.804     0.2553    -0.3201 -9.990e-29
 167.466615     -3.805   0.426654    12.1720   -0.04568     -3.773     0.2754    -0.3051 -9.990e-29
 167.466620     -3.774   0.522559    12.1887   -0.04569     -3.743     0.3394    -0.2571 -9.990e-29
 167.466626     -3.740   0.815154    12.2289   -0.04569     -3.709     0.5379    -0.1070 -9.990e-29
 167.466632     -3.701   1.697897    12.3372   -0.04569     -3.670     1.1557     0.3612 -9.990e-29
 167.466638     -3.658   4.350000    12.5956   -0.04570     -3.628     3.1053     1.8412 -9.990e-29
 167.466644     -3.617  12.293720    12.9761   -0.04569     -3.587     9.3696     6.6231 -9.990e-29
 167.466649     -3.576  24.004559    13.3059   -0.04568     -3.546    19.2344    14.1633 -9.990e-29
 167.466655     -3.528  31.942595    13.4785   -0.04568     -3.499    26.2187    19.5124 -9.990e-29
 167.466661     -3.461  35.283598    13.5169   -0.04569     -3.432    29.2422    21.8375 -9.990e-29
 167.466667     -3.367  36.803289    13.5007   -0.04570     -3.339    30.6569    22.9331 -9.990e-29
 167.466672     -3.261  37.279176    13.4869   -0.04573     -3.234    31.1091    23.2851 -9.990e-29
 167.466678     -3.158  37.433306    13.4837   -0.04574     -3.132    31.2547    23.3983 -9.990e-29
 167.466684     -3.060  37.482411    13.4856   -0.04573     -3.034    31.2988    23.4319 -9.990e-29
 167.466690     -2.965  37.486933    13.4870   -0.04572     -2.940    31.3018    23.4340 -9.990e-29
 167.466696     -2.871  37.473675    13.4884   -0.04573     -2.847    31.2883    23.4233 -9.990e-29
 167.466701     -2.781  37.473223    13.4916   -0.04573     -2.758    31.2852    23.4203 -9.990e-29
 167.466707     -2.693  37.489481    13.4943   -0.04572     -2.671    31.2981    23.4297 -9.990e-29
 167.466713     -2.606  37.497586    13.4932   -0.04572     -2.584    31.3064    23.4364 -9.990e-29
 167.466719     -2.523  37.482561    13.4861   -0.04571     -2.502    31.2983    23.4315 -9.990e-29
 167.466725     -2.444  37.454124    13.4754   -0.04573     -2.424    31.2806    23.4199 -9.990e-29
 167.466730     -2.362  37.429352    13.4700   -0.04573     -2.342    31.2620    23.4066 -9.990e-29
 167.466736     -2.278  37.414502    13.4722   -0.04574     -2.259    31.2464    23.3941 -9.990e-29
 167.466742     -2.193  37.408861    13.4746   -0.04572     -2.175    31.2391    23.3880 -9.990e-29
 167.466748     -2.113  37.408292    13.4733   -0.04570     -2.095    31.2396    23.3887 -9.990e-29
 167.466753     -2.039  37.411496    13.4704   -0.04571     -2.022    31.2449    23.3934 -9.990e-29
 167.466759     -1.972  37.421641    13.4691   -0.04571     -1.956    31.2554    23.4017 -9.990e-29
 167.466765     -1.912  37.437128    13.4712   -0.04570     -1.896    31.2681    23.4111 -9.990e-29
 167.466771     -1.863  37.451136    13.4756   -0.04570     -1.847    31.2774    23.4175 -9.990e-29
 167.466777     -1.822  37.455435    13.4792   -0.04571     -1.807    31.2785    23.4175 -9.990e-29
 167.466782     -1.782  37.441754    13.4803   -0.04569     -1.767    31.2648    23.4068 -9.990e-29
 167.466788     -1.745  37.412628    13.4794   -0.04569     -1.730    31.2385    23.3866 -9.990e-29
 167.466794     -1.713  37.391507    13.4802   -0.04569     -1.699    31.2182    23.3708 -9.990e-29
 167.466800     -1.685  37.401297    13.4854   -0.04570     -1.671    31.2231    23.3735 -9.990e-29
 167.466806     -1.657  37.431512    13.4915   -0.04569     -1.643    31.2461    23.3901 -9.990e-29
 167.466811     -1.630  37.442800    13.4953   -0.04570     -1.616    31.2535    23.3951 -9.990e-29
 167.466817     -1.599  37.428355    13.4974   -0.04571     -1.586    31.2383    23.3829 -9.990e-29
 167.466823     -1.565  37.421669    13.4988   -0.04572     -1.552    31.2310    23.3770 -9.990e-29
 167.466829     -1.528  37.426748    13.4991   -0.04576     -1.515    31.2354    23.3804 -9.990e-29
 167.466834     -1.496  37.427386    13.4987   -0.04582     -1.484    31.2363    23.3811 -9.990e-29
 167.466840     -1.470  37.434548    13.4979   -0.04582     -1.458    31.2436    23.3869 -9.990e-29
 167.466846     -1.448  37.456121    13.4963   -0.04574     -1.436    31.2650    23.4037 -9.990e-29
 167.466852     -1.430  37.474889    13.4940   -0.04574     -1.418    31.2843    23.4191 -9.990e-29
 167.466858     -1.414  37.479995    13.4914   -0.04575     -1.402    31.2911    23.4249 -9.990e-29
 167.466863     -1.399  37.478264    13.4887   -0.04580     -1.387    31.2917    23.4259 -9.990e-29
 167.466869     -1.385  37.473578    13.4838   -0.04584     -1.373    31.2914    23.4266 -9.990e-29
 167.466875     -1.370  37.457466    13.4702   -0.04582     -1.359    31.2876    23.4264 -9.990e-29
 167.466881     -1.353  37.432584    13.4436   -0.04576     -1.342    31.2862    23.4306 -9.990e-29
 167.466887     -1.333  37.414578    13.4162   -0.04575     -1.322    31.2920    23.4405 -9.990e-29
 167.466892     -1.313  37.407507    13.4111   -0.04575     -1.302    31.2896    23.4396 -9.990e-29
 167.466898     -1.297  37.413175    13.4279   -0.04579     -1.286    31.2810    23.4297 -9.990e-29
 167.466904     -1.279  37.431860    13.4413   -0.04583     -1.268    31.2874    23.4320 -9.990e-29
 167.466910     -1.258  37.441934    13.4347   -0.04582     -1.248    31.3022    23.4447 -9.990e-29
 167.466916     -1.237  37.429930    13.4119   -0.04579     -1.227    31.3097    23.4551 -9.990e-29
 167.466921     -1.214  37.414083    13.3932   -0.04578     -1.204    31.3103    23.4592 -9.990e-29
 167.466927     -1.192  37.408623    13.3976   -0.04582     -1.182    31.3016    23.4516 -9.990e-29
 167.466933     -1.174  37.415256    13.4187   -0.04584     -1.164    31.2905    23.4388 -9.990e-29
 167.466939     -1.159  37.431063    13.4351   -0.04579     -1.149    31.2917    23.4365 -9.990e-29
 167.466944     -1.147  37.437871    13.4332   -0.04578     -1.137    31.2996    23.4430 -9.990e-29
 167.466950     -1.135  37.426832    13.4143   -0.04584     -1.126    31.3048    23.4508 -9.990e-29
 167.466956     -1.125  37.414106    13.3956   -0.04583     -1.116    31.3083    23.4572 -9.990e-29
 167.466962     -1.113  37.409669    13.3935   -0.04575     -1.104    31.3059    23.4558 -9.990e-29
 167.466968     -1.101  37.410986    13.4028   -0.04574     -1.092    31.2995    23.4490 -9.990e-29
 167.466973     -1.088  37.411411    13.4049   -0.04576     -1.079    31.2982    23.4475 -9.990e-29
 167.466979     -1.072  37.407043    13.3959   -0.04581     -1.063    31.3015    23.4519 -9.990e-29
 167.466985     -1.052  37.403302    13.3941   -0.04585     -1.043    31.2995    23.4507 -9.990e-29
 167.466991     -1.032  37.403074    13.4044   -0.04582     -1.023    31.2908    23.4419 -9.990e-29
 167.466997     -1.015  37.403265    13.4051   -0.04579     -1.007    31.2904    23.4415 -9.990e-29
 167.467002     -0.998  37.402463    13.3931   -0.04576     -0.990    31.2995    23.4509 -9.990e-29
 167.467008     -0.983  37.404672    13.3961   -0.04577     -0.975    31.2991    23.4500 -9.990e-29
 167.467014     -0.966  37.416785    13.4194   -0.04581     -0.958    31.2912    23.4393 -9.990e-29
 167.467020     -0.948  37.437578    13.4360   -0.04584     -0.940    31.2970    23.4404 -9.990e-29
 167.467025     -0.928  37.447113    13.4290   -0.04586     -0.920    31.3116    23.4531 -9.990e-29
 167.467031     -0.907  37.434570    13.4057   -0.04586     -0.899    31.3190    23.4635 -9.990e-29
 167.467037     -0.890  37.417466    13.3893   -0.04586     -0.883    31.3166    23.4648 -9.990e-29
 167.467043     -0.875  37.410597    13.3940   -0.04587     -0.868    31.3063    23.4559 -9.990e-29
 167.467049     -0.861  37.412109    13.4103   -0.04588     -0.854    31.2943    23.4435 -9.990e-29
 167.467054     -0.847  37.415615    13.4214   -0.04588     -0.840    31.2885    23.4368 -9.990e-29
 167.467060     -0.832  37.417949    13.4162   -0.04582     -0.825    31.2949    23.4428 -9.990e-29
 167.467066     -0.816  37.417755    13.3962   -0.04578     -0.809    31.3111    23.4593 -9.990e-29
 167.467072     -0.797  37.414230    13.3722   -0.04578     -0.790    31.3276    23.4767 -9.990e-29
 167.467078     -0.779  37.409415    13.3541   16.67549     -0.773    31.3379    23.4883 -9.990e-29
 167.467083     -0.764  37.405870    13.3451   30.14588     -0.758    31.3420    23.4932 -9.990e-29
 167.467089     -0.748  37.403921    13.3405   32.20071     -0.742    31.3440    23.4957 -9.990e-29
 167.467095     -0.729  37.402657    13.3356   28.55809     -0.723    31.3469    23.4988 -9.990e-29
 167.467101     -0.715  37.402084    13.3343   19.00828     -0.709    31.3474    23.4995 -9.990e-29
 167.467106     -0.709  37.402567    13.3479   13.87317     -0.703    31.3366    23.4885 -9.990e-29
 167.467112     -0.706  37.404198    13.3785    8.27995     -0.700    31.3130    23.4642 -9.990e-29
 167.467118     -0.698  37.406915    13.4070    4.13887     -0.692    31.2921    23.4424 -9.990e-29
 167.467124     -0.684  37.410988    13.4187    2.01596     -0.678    31.2863    23.4356 -9.990e-29
 167.467130     -0.668  37.421862    13.4287    2.00168     -0.662    31.2882    23.4351 -9.990e-29
 167.467135     -0.648  37.456297    13.4519    3.92495     -0.643    31.3012    23.4406 -9.990e-29
 167.467141     -0.628  37.508605    13.4749    4.74050     -0.623    31.3309    23.4590 -9.990e-29
 167.467147     -0.610  37.544763    13.4870    5.10811     -0.605    31.3546    23.4748 -9.990e-29
 167.467153     -0.593  37.558583    13.4923    5.33471     -0.588    31.3631    23.4803 -9.990e-29
 167.467159     -0.577  37.564019    13.4944    5.46568     -0.572    31.3664    23.4825 -9.990e-29
 167.467164     -0.561  37.566086    13.4945    5.56130     -0.556    31.3682    23.4839 -9.990e-29
 167.467170     -0.546  37.565867    13.4932    5.63976     -0.541    31.3691    23.4848 -9.990e-29
 167.467176     -0.538  37.564199    13.4920    5.68144     -0.534    31.3685    23.4846 -9.990e-29
 167.467182     -0.531  37.563356    13.4911    5.71766     -0.527    31.3685    23.4847 -9.990e-29
 167.467187     -0.520  37.562222    13.4912    5.73273     -0.516    31.3673    23.4838 -9.990e-29
 167.467193     -0.509  37.562099    13.4942    5.74891     -0.505    31.3647    23.4813 -9.990e-29
 167.467199     -0.502  37.566196    13.4972    5.76768     -0.498    31.3661    23.4817 -9.990e-29
 167.467205     -0.493  37.569888    13.4977    5.77434     -0.489    31.3691    23.4839 -9.990e-29
 167.467211     -0.479  37.570255    13.4962    5.77382     -0.475    31.3707    23.4854 -9.990e-29
 167.467216     -0.461  37.568917    13.4928    5.75924     -0.457    31.3722    23.4873 -9.990e-29
 167.467222     -0.445  37.565784    13.4895    5.77433     -0.441    31.3720    23.4878 -9.990e-29
 167.467228     -0.428  37.562856    13.4881    5.78514     -0.424    31.3704    23.4869 -9.990e-29
 167.467234     -0.413  37.562408    13.4867    5.78967     -0.410    31.3711    23.4877 -9.990e-29
 167.467240     -0.405  37.561608    13.4823    5.77930     -0.402    31.3740    23.4908 -9.990e-29
 167.467245     -0.402  37.557154    13.4748    5.77442     -0.399    31.3760    23.4938 -9.990e-29
 167.467251     -0.400  37.549849    13.4682    5.78781     -0.397    31.3747    23.4941 -9.990e-29
