data/oxygen options/OCNMS/OCNMS2/raw_data/2004/CTD_CE80_100404faed.cnv
* Sea-Bird SBE19 Data File:
* FileName = C:\WINDOWS\Desktop\put hypoxia files here\CTD data\October 04_05-04\raw\CE80_100404.hex
* Software Version 1.1.4
* Temperature SN = 2997
* Conductivity SN = 2997
* System UpLoad Time = Oct 04 2004 15:16:09
* SEACAT PROFILER V3.1c SN 2997   10/04/04  15:20:07.387
* strain gauge pressure sensor: S/N = 184829,  range = 3000 psia,  tc = 40
# nquan = 9                                 
# nvalues = 780                         
# units = specified
# name 0 = timeJ: Julian Days
# name 1 = prSM: Pressure, Strain Gauge [db]
# name 2 = c0mS/cm: Conductivity [mS/cm]
# name 3 = t090C: Temperature [ITS-90, deg C]
# name 4 = oxML/L: Oxygen, Beckman/YSI [ml/l]
# name 5 = depSM: Depth [salt water, m], lat = 47.5
# name 6 = sal00: Salinity, Practical [PSU]
# name 7 = sigma-é00: Density [sigma-theta, kg/m^3]
# name 8 = flag: flag
# span 0 = 278.544086, 278.548594       
# span 1 =     -4.648,     81.818       
# span 2 =   0.927788,  38.656828       
# span 3 =     7.6922,    15.6465       
# span 4 =   -0.05458,   29.71955       
# span 5 =     -4.609,     81.119       
# span 6 =     0.5899,    33.6693       
# span 7 =    -0.2798,    26.2747       
# span 8 = 0.0000e+00, 0.0000e+00       
# interval = seconds: 0.5
# start_time = Oct 04 2004 13:03:29 [Instrument's time stamp, header]
# bad_flag = -9.990e-29
*END*
[from data line 321]
 278.545943      1.573  37.808562    15.4236    6.96530      1.560    30.0592    22.0763 -9.990e-29
 278.545949      1.575  37.806632    15.4221    6.96623      1.562    30.0586    22.0762 -9.990e-29
 278.545955      1.577  37.804830    15.4222    6.95763      1.564    30.0570    22.0749 -9.990e-29
 278.545961      1.575  37.804675    15.4232    6.96194      1.562    30.0561    22.0740 -9.990e-29
 278.545966      1.570  37.805959    15.4239    6.96924      1.557    30.0567    22.0743 -9.990e-29
 278.545972      1.569  37.807029    15.4234    6.96614      1.556    30.0580    22.0755 -9.990e-29
 278.545978      1.572  37.806506    15.4225    6.96602      1.559    30.0582    22.0758 -9.990e-29
 278.545984      1.576  37.805377    15.4226    6.96052      1.563    30.0571    22.0750 -9.990e-29
 278.545990      1.579  37.805500    15.4237    6.95865      1.566    30.0564    22.0742 -9.990e-29
 278.545995      1.584  37.806476    15.4242    6.96126      1.571    30.0569    22.0744 -9.990e-29
 278.546001      1.589  37.806801    15.4236    6.95586      1.576    30.0576    22.0751 -9.990e-29
 278.546007      1.596  37.806347    15.4233    6.95440      1.583    30.0575    22.0751 -9.990e-29
 278.546013      1.605  37.806189    15.4237    6.95427      1.592    30.0570    22.0746 -9.990e-29
 278.546019      1.616  37.806675    15.4240    6.95526      1.603    30.0572    22.0747 -9.990e-29
 278.546024      1.629  37.806770    15.4243    6.95361      1.615    30.0571    22.0745 -9.990e-29
 278.546030      1.643  37.806600    15.4245    6.95123      1.629    30.0568    22.0743 -9.990e-29
 278.546036      1.648  37.807060    15.4250    6.95754      1.634    30.0568    22.0742 -9.990e-29
 278.546042      1.645  37.807639    15.4259    6.96974      1.631    30.0566    22.0738 -9.990e-29
 278.546047      1.643  37.807986    15.4264    6.97058      1.629    30.0565    22.0737 -9.990e-29
 278.546053      1.645  37.808003    15.4261    6.96270      1.631    30.0568    22.0739 -9.990e-29
 278.546059      1.648  37.807713    15.4257    6.95636      1.634    30.0568    22.0741 -9.990e-29
 278.546065      1.648  37.807849    15.4260    6.95778      1.634    30.0567    22.0739 -9.990e-29
 278.546071      1.648  37.808591    15.4266    6.96849      1.634    30.0569    22.0739 -9.990e-29
 278.546076      1.654  37.809246    15.4268    6.96585      1.640    30.0573    22.0742 -9.990e-29
 278.546082      1.664  37.809004    15.4260    6.95160      1.650    30.0577    22.0747 -9.990e-29
 278.546088      1.677  37.808102    15.4251    6.95072      1.663    30.0576    22.0748 -9.990e-29
 278.546094      1.684  37.807578    15.4249    6.94539      1.670    30.0573    22.0746 -9.990e-29
 278.546100      1.685  37.807853    15.4249    6.95536      1.671    30.0575    22.0748 -9.990e-29
 278.546105      1.689  37.808171    15.4244    6.95496      1.675    30.0582    22.0754 -9.990e-29
 278.546111      1.696  37.807835    15.4241    6.95266      1.682    30.0581    22.0754 -9.990e-29
 278.546117      1.698  37.807515    15.4249    6.95365      1.684    30.0572    22.0746 -9.990e-29
 278.546123      1.696  37.807906    15.4268    6.95222      1.682    30.0561    22.0733 -9.990e-29
 278.546128      1.698  37.808966    15.4290    6.95862      1.684    30.0554    22.0723 -9.990e-29
 278.546134      1.708  37.810428    15.4304    6.96052      1.694    30.0556    22.0721 -9.990e-29
 278.546140      1.722  37.811437    15.4305    6.96854      1.708    30.0564    22.0727 -9.990e-29
 278.546146      1.738  37.811653    15.4298    6.96730      1.723    30.0571    22.0734 -9.990e-29
 278.546152      1.755  37.811363    15.4287    6.96028      1.740    30.0577    22.0741 -9.990e-29
 278.546157      1.772  37.810741    15.4275    6.95713      1.757    30.0581    22.0746 -9.990e-29
 278.546163      1.784  37.810078    15.4268    6.95282      1.769    30.0580    22.0748 -9.990e-29
 278.546169      1.793  37.809609    15.4269    6.94734      1.778    30.0575    22.0743 -9.990e-29
 278.546175      1.799  37.809831    15.4276    6.94765      1.784    30.0572    22.0739 -9.990e-29
 278.546181      1.803  37.810477    15.4279    6.94238      1.788    30.0575    22.0741 -9.990e-29
 278.546186      1.808  37.810725    15.4272    6.93720      1.793    30.0583    22.0749 -9.990e-29
 278.546192      1.820  37.810345    15.4259    6.94469      1.805    30.0589    22.0756 -9.990e-29
 278.546198      1.831  37.809390    15.4247    6.94846      1.816    30.0590    22.0760 -9.990e-29
 278.546204      1.828  37.808268    15.4242    6.95626      1.813    30.0584    22.0756 -9.990e-29
 278.546209      1.812  37.807731    15.4250    6.95861      1.797    30.0573    22.0746 -9.990e-29
 278.546215      1.794  37.808190    15.4271    6.95670      1.779    30.0561    22.0732 -9.990e-29
 278.546221      1.782  37.809706    15.4301    6.96003      1.767    30.0552    22.0719 -9.990e-29
 278.546227      1.775  37.812065    15.4328    6.96046      1.760    30.0552    22.0713 -9.990e-29
 278.546233      1.777  37.813932    15.4333    6.95434      1.762    30.0565    22.0722 -9.990e-29
 278.546238      1.788  37.813879    15.4318    6.93987      1.773    30.0576    22.0733 -9.990e-29
 278.546244      1.799  37.812405    15.4307    6.92891      1.784    30.0571    22.0732 -9.990e-29
 278.546250      1.809  37.811474    15.4311    6.94034      1.794    30.0560    22.0722 -9.990e-29
 278.546256      1.816  37.812096    15.4323    6.94845      1.801    30.0556    22.0717 -9.990e-29
 278.546262      1.822  37.813424    15.4327    6.96487      1.807    30.0565    22.0723 -9.990e-29
 278.546267      1.826  37.813874    15.4315    6.96173      1.811    30.0578    22.0736 -9.990e-29
 278.546273      1.830  37.812929    15.4300    6.95524      1.815    30.0581    22.0741 -9.990e-29
 278.546279      1.834  37.811580    15.4293    6.94860      1.819    30.0574    22.0738 -9.990e-29
 278.546285      1.837  37.810840    15.4294    6.94733      1.822    30.0567    22.0732 -9.990e-29
 278.546291      1.840  37.810851    15.4298    6.95099      1.825    30.0564    22.0729 -9.990e-29
 278.546296      1.843  37.811072    15.4301    6.94630      1.828    30.0564    22.0728 -9.990e-29
 278.546302      1.846  37.811246    15.4306    6.94630      1.831    30.0561    22.0725 -9.990e-29
 278.546308      1.850  37.811613    15.4309    6.94808      1.835    30.0562    22.0725 -9.990e-29
 278.546314      1.850  37.812108    15.4309    6.94050      1.835    30.0567    22.0728 -9.990e-29
 278.546319      1.842  37.812274    15.4304    6.93488      1.827    30.0572    22.0733 -9.990e-29
 278.546325      1.830  37.811780    15.4297    6.93209      1.815    30.0573    22.0736 -9.990e-29
 278.546331      1.822  37.811096    15.4298    6.93159      1.807    30.0566    22.0730 -9.990e-29
 278.546337      1.821  37.810999    15.4308    6.95343      1.806    30.0558    22.0722 -9.990e-29
 278.546343      1.824  37.811368    15.4318    6.95648      1.809    30.0553    22.0716 -9.990e-29
 278.546348      1.826  37.812140    15.4324    6.95981      1.811    30.0556    22.0717 -9.990e-29
 278.546354      1.826  37.813232    15.4327    6.95307      1.811    30.0563    22.0722 -9.990e-29
 278.546360      1.826  37.813861    15.4327    6.94841      1.811    30.0568    22.0726 -9.990e-29
 278.546366      1.825  37.813753    15.4325    6.94648      1.810    30.0569    22.0727 -9.990e-29
 278.546372      1.823  37.813331    15.4324    6.94453      1.808    30.0566    22.0725 -9.990e-29
 278.546377      1.821  37.813163    15.4331    6.94041      1.806    30.0559    22.0718 -9.990e-29
 278.546383      1.817  37.813591    15.4346    6.93793      1.802    30.0552    22.0709 -9.990e-29
 278.546389      1.811  37.814634    15.4356    6.93820      1.796    30.0553    22.0708 -9.990e-29
 278.546395      1.808  37.815445    15.4351    6.94525      1.793    30.0564    22.0717 -9.990e-29
 278.546400      1.812  37.814871    15.4339    6.94922      1.797    30.0568    22.0723 -9.990e-29
 278.546406      1.818  37.813837    15.4339    6.94398      1.803    30.0559    22.0716 -9.990e-29
 278.546412      1.823  37.814336    15.4357    6.94188      1.808    30.0550    22.0705 -9.990e-29
 278.546418      1.831  37.815918    15.4374    6.94463      1.816    30.0551    22.0702 -9.990e-29
 278.546424      1.848  37.816773    15.4373    6.94699      1.833    30.0559    22.0709 -9.990e-29
 278.546429      1.865  37.816368    15.4362    6.94878      1.849    30.0564    22.0715 -9.990e-29
 278.546435      1.871  37.815290    15.4357    6.93062      1.855    30.0558    22.0711 -9.990e-29
 278.546441      1.861  37.814913    15.4363    6.93294      1.845    30.0550    22.0704 -9.990e-29
 278.546447      1.840  37.815860    15.4370    6.92501      1.825    30.0553    22.0705 -9.990e-29
 278.546453      1.815  37.816598    15.4365    6.91000      1.800    30.0564    22.0714 -9.990e-29
 278.546458      1.789  37.815876    15.4349    6.83736      1.774    30.0570    22.0722 -9.990e-29
 278.546464      1.759  37.814421    15.4338    6.80428      1.744    30.0565    22.0721 -9.990e-29
 278.546470      1.725  37.813667    15.4346    6.72063      1.711    30.0553    22.0710 -9.990e-29
 278.546476      1.683  37.814295    15.4373    6.77400      1.669    30.0538    22.0692 -9.990e-29
 278.546481      1.631  37.816028    15.4425    6.89718      1.617    30.0514    22.0662 -9.990e-29
 278.546487      1.566  37.818943    15.4520    6.95704      1.553    30.0467    22.0606 -9.990e-29
 278.546493      1.484  37.823006    15.4706    6.95340      1.472    30.0361    22.0485 -9.990e-29
 278.546499      1.383  37.828596    15.5119    6.82916      1.371    30.0096    22.0192 -9.990e-29
 278.546505      1.279  37.840932    15.5815    6.69058      1.268    29.9676    21.9719 -9.990e-29
 278.546510      1.200  37.859647    15.6255    6.62710      1.190    29.9507    21.9494 -9.990e-29
 278.546516      1.165  37.864285    15.5975    6.59748      1.155    29.9761    21.9750 -9.990e-29
 278.546522      1.186  37.848160    15.5566    6.55266      1.176    29.9929    21.9968 -9.990e-29
 278.546528      1.264  37.834095    15.5726    6.49448      1.253    29.9684    21.9744 -9.990e-29
 278.546534      1.392  37.833615    15.6242    6.43680      1.380    29.9288    21.9329 0.0000e+00
 278.546539      1.563  37.847192    15.6465    6.38640      1.550    29.9237    21.9242 0.0000e+00
 278.546545      1.781  37.880044    15.6182    6.33617      1.766    29.9740    21.9689 0.0000e+00
 278.546551      2.047  37.914870    15.5624    6.27577      2.030    30.0470    22.0371 0.0000e+00
 278.546557      2.356  37.921845    15.5087    6.20570      2.336    30.0940    22.0848 0.0000e+00
 278.546562      2.703  37.908025    15.4693    6.14510      2.680    30.1118    22.1070 0.0000e+00
 278.546568      3.082  37.890306    15.4408    6.11775      3.056    30.1178    22.1177 0.0000e+00
 278.546574      3.490  37.868611    15.4256    6.11028      3.461    30.1101    22.1151 0.0000e+00
 278.546580      3.917  37.850465    15.4257    6.14076      3.884    30.0938    22.1026 0.0000e+00
 278.546586      4.355  37.841957    15.4365    6.22561      4.319    30.0779    22.0880 0.0000e+00
 278.546591      4.804  37.842399    15.4515    6.37876      4.764    30.0667    22.0762 0.0000e+00
 278.546597      5.265  37.853508    15.4639    6.56742      5.221    30.0668    22.0737 0.0000e+00
 278.546603      5.743  37.878888    15.4648    6.73227      5.695    30.0884    22.0901 0.0000e+00
 278.546609      6.242  37.922104    15.4399    6.84333      6.190    30.1455    22.1393 0.0000e+00
 278.546615      6.760  37.986946    15.3726    6.89444      6.703    30.2543    22.2374 0.0000e+00
 278.546620      7.286  38.079121    15.2548    6.88872      7.225    30.4268    22.3953 0.0000e+00
 278.546626      7.820  38.199275    15.0935    6.80926      7.755    30.6593    22.6086 0.0000e+00
 278.546632      8.365  38.324775    14.8999    6.67873      8.295    30.9240    22.8533 0.0000e+00
 278.546638      8.914  38.422158    14.6770    6.52529      8.839    31.1892    23.1045 0.0000e+00
 278.546644      9.455  38.490562    14.4496    6.32656      9.376    31.4343    23.3409 0.0000e+00
 278.546649      9.987  38.559470    14.2642    6.09804      9.903    31.6480    23.5442 0.0000e+00
 278.546655     10.519  38.625935    14.1294    5.87365     10.431    31.8195    23.7043 0.0000e+00
 278.546661     11.054  38.656828    14.0095    5.65753     10.961    31.9469    23.8272 0.0000e+00
 278.546667     11.591  38.651807    13.8651    5.47320     11.494    32.0623    23.9458 0.0000e+00
 278.546672     12.132  38.616503    13.6856    5.37685     12.030    32.1798    24.0730 0.0000e+00
 278.546678     12.677  38.541414    13.4848    5.29558     12.571    32.2790    24.1900 0.0000e+00
 278.546684     13.224  38.429043    13.2663    5.19533     13.113    32.3590    24.2955 0.0000e+00
 278.546690     13.775  38.284896    13.0429    5.11709     13.660    32.4138    24.3820 0.0000e+00
 278.546696     14.327  38.128750    12.8433    5.02902     14.207    32.4370    24.4390 0.0000e+00
 278.546701     14.872  37.991856    12.6579    4.88395     14.747    32.4663    24.4976 0.0000e+00
 278.546707     15.405  37.864390    12.4609    4.71597     15.276    32.5146    24.5728 0.0000e+00
 278.546713     15.927  37.722179    12.2434    4.54004     15.793    32.5669    24.6546 0.0000e+00
 278.546719     16.440  37.566257    11.9589    4.38762     16.302    32.6647    24.7839 0.0000e+00
 278.546725     16.952  37.361425    11.5654    4.27551     16.810    32.8121    24.9709 0.0000e+00
 278.546730     17.469  37.071187    11.1111    4.20378     17.322    32.9312    25.1455 0.0000e+00
 278.546736     17.995  36.741411    10.6639    4.15117     17.844    33.0056    25.2821 0.0000e+00
 278.546742     18.523  36.425192    10.2469    4.13036     18.368    33.0664    25.4011 0.0000e+00
 278.546748     19.045  36.127498     9.8837    4.11872     18.885    33.0965    25.4855 0.0000e+00
 278.546753     19.555  35.860598     9.6104    4.05486     19.391    33.0748    25.5136 0.0000e+00
 278.546759     20.057  35.658183     9.4206    3.99760     19.889    33.0416    25.5184 0.0000e+00
 278.546765     20.555  35.518830     9.2538    3.99809     20.382    33.0518    25.5530 0.0000e+00
 278.546771     21.056  35.392356     9.0565    4.03290     20.879    33.1035    25.6248 0.0000e+00
 278.546777     21.562  35.236795     8.8381    4.08613     21.381    33.1448    25.6912 0.0000e+00
 278.546782     22.071  35.059963     8.6463    4.13055     21.886    33.1389    25.7161 0.0000e+00
 278.546788     22.581  34.904631     8.5014    4.18204     22.391    33.1112    25.7164 0.0000e+00
 278.546794     23.090  34.790658     8.3944    4.25427     22.896    33.0912    25.7169 0.0000e+00
 278.546800     23.595  34.706176     8.3209    4.33191     23.397    33.0708    25.7119 0.0000e+00
 278.546806     24.100  34.648937     8.2761    4.40723     23.897    33.0521    25.7039 0.0000e+00
 278.546811     24.606  34.617154     8.2472    4.45276     24.399    33.0453    25.7029 0.0000e+00
 278.546817     25.111  34.598708     8.2227    4.47297     24.900    33.0486    25.7091 0.0000e+00
 278.546823     25.621  34.584697     8.1989    4.49291     25.406    33.0559    25.7184 0.0000e+00
 278.546829     26.148  34.571574     8.1777    4.50015     25.928    33.0617    25.7261 0.0000e+00
 278.546834     26.691  34.560336     8.1583    4.50390     26.467    33.0678    25.7337 0.0000e+00
 278.546840     27.241  34.551693     8.1349    4.50559     27.012    33.0804    25.7471 0.0000e+00
 278.546846     27.791  34.543649     8.1064    4.49643     27.557    33.0985    25.7655 0.0000e+00
 278.546852     28.337  34.533887     8.0763    4.50414     28.099    33.1163    25.7839 0.0000e+00
 278.546858     28.879  34.521722     8.0475    4.51839     28.636    33.1303    25.7991 0.0000e+00
