data/oxygen options/OCNMS/OCNMS2/raw_data/2004/CTD_CE60_072604faed.cnv
* Sea-Bird SBE19 Data File:
* FileName = C:\WINDOWS\Desktop\put hypoxia files here\CTD files\july 24_25-04\CE\CE6_072404.hex
* Software Version 1.1.4
* Temperature SN = 2997
* Conductivity SN = 2997
* System UpLoad Time = Jul 26 2004 14:35:22
* SEACAT PROFILER V3.1c SN 2997   07/26/04  14:34:00.566
* strain gauge pressure sensor: S/N = 184829,  range = 3000 psia,  tc = 40
# nquan = 9                                 
# nvalues = 645                         
# units = specified
# name 0 = timeJ: Julian Days
# name 1 = prSM: Pressure, Strain Gauge [db]
# name 2 = c0mS/cm: Conductivity [mS/cm]
# name 3 = t090C: Temperature [ITS-90, deg C]
# name 4 = oxML/L: Oxygen, Beckman/YSI [ml/l]
# name 5 = depSM: Depth [salt water, m], lat = 47.5
# name 6 = sal00: Salinity, Practical [PSU]
# name 7 = sigma-é00: Density [sigma-theta, kg/m^3]
# name 8 = flag: flag
# span 0 = 208.550706, 208.554433       
# span 1 =     -5.638,     54.317       
# span 2 =   0.453713,  39.618876       
# span 3 =     7.3556,    15.9879       
# span 4 =   -0.05176,   28.88758       
# span 5 =     -5.591,     53.857       
# span 6 =     0.2674,    33.7073       
# span 7 =    -0.8411,    26.3516       
# span 8 = 0.0000e+00, 0.0000e+00       
# interval = seconds: 0.5
# start_time = Jul 26 2004 13:13:01 [Instrument's time stamp, header]
# bad_flag = -9.990e-29
*END*
 208.550706     -5.638 -9.990e-29    15.9360   -0.05176     -5.591 -9.990e-29 -9.990e-29 -9.990e-29
 208.550712     -5.622   0.453954    15.9399   -0.05176     -5.575     0.2676    -0.8390 -9.990e-29
 208.550718     -5.608   0.453713    15.9448   -0.05174     -5.561     0.2674    -0.8400 -9.990e-29
 208.550723     -5.593   0.453731    15.9489   -0.05171     -5.546     0.2674    -0.8406 -9.990e-29
 208.550729     -5.570   0.454031    15.9523   -0.05170     -5.524     0.2676    -0.8411 -9.990e-29
 208.550735     -5.542   0.455383    15.9561   -0.05170     -5.496     0.2684    -0.8411 -9.990e-29
 208.550741     -5.517   0.459590    15.9622   -0.05169     -5.471     0.2709    -0.8401 -9.990e-29
 208.550747     -5.496   0.471521    15.9718   -0.05169     -5.450     0.2780    -0.8362 -9.990e-29
 208.550752     -5.475   0.493762    15.9812   -0.04395     -5.429     0.2915    -0.8273 -9.990e-29
 208.550758     -5.447   0.515807    15.9862   -0.04365     -5.402     0.3048    -0.8178 -9.990e-29
 208.550764     -5.416   0.528739    15.9876   -0.04413     -5.371     0.3127    -0.8120 -9.990e-29
 208.550770     -5.382   0.543695    15.9879   -0.04424     -5.337     0.3218    -0.8050 -9.990e-29
 208.550775     -5.346   0.585060    15.9872   -0.04426     -5.301     0.3471    -0.7853 -9.990e-29
 208.550781     -5.303   0.681890    15.9845   -0.04430     -5.259     0.4067    -0.7389 -9.990e-29
 208.550787     -5.256   0.868347    15.9774   -0.04435     -5.212     0.5227    -0.6482 -9.990e-29
 208.550793     -5.210   1.235347    15.9543   -0.04439     -5.167     0.7554    -0.4651 -9.990e-29
 208.550799     -5.166   2.148397    15.8780   -0.04438     -5.123     1.3528     0.0073 -9.990e-29
 208.550804     -5.123   4.797134    15.6431   -0.04439     -5.080     3.1873     1.4552 -9.990e-29
 208.550810     -5.076  12.725978    15.2275   -0.04433     -5.034     9.1782     6.1148 -9.990e-29
 208.550816     -5.023  25.127308    14.8324   -0.04429     -4.981    19.4409    14.0458 -9.990e-29
 208.550822     -4.965  34.233562    14.6058   -0.04428     -4.924    27.4925    20.2731 -9.990e-29
 208.550828     -4.906  37.757260    14.5015   -0.04428     -4.865    30.7328    22.7891 -9.990e-29
 208.550833     -4.849  38.914922    14.4441   -0.04427     -4.809    31.8304    23.6470 -9.990e-29
 208.550839     -4.787  39.285422    14.4001   -0.04414     -4.747    32.2048    23.9448 -9.990e-29
 208.550845     -4.723  39.389134    14.3662   -0.04420     -4.684    32.3278    24.0468 -9.990e-29
 208.550851     -4.656  39.417085    14.3499   -0.04426     -4.617    32.3670    24.0804 -9.990e-29
 208.550856     -4.582  39.444701    14.3583   -0.04429     -4.544    32.3852    24.0927 -9.990e-29
 208.550862     -4.505  39.477389    14.3872   -0.04431     -4.467    32.3909    24.0911 -9.990e-29
 208.550868     -4.433  39.493658    14.4160   -0.04419     -4.396    32.3816    24.0779 -9.990e-29
 208.550874     -4.369  39.499504    14.4303   -0.04414     -4.333    32.3750    24.0698 -9.990e-29
 208.550880     -4.315  39.514522    14.4387   -0.04424     -4.279    32.3816    24.0732 -9.990e-29
 208.550885     -4.261  39.544728    14.4639   -0.04427     -4.225    32.3881    24.0729 -9.990e-29
 208.550891     -4.206  39.583841    14.4985   -0.04428     -4.171    32.3949    24.0708 -9.990e-29
 208.550897     -4.154  39.608279    14.5033   -0.04428     -4.119    32.4131    24.0839 -9.990e-29
 208.550903     -4.105  39.593973    14.4779   -0.04427     -4.071    32.4213    24.0955 -9.990e-29
 208.550909     -4.058  39.554415    14.4528   -0.04426     -4.024    32.4062    24.0892 -9.990e-29
 208.550914     -4.012  39.533937    14.4531   -0.04427     -3.979    32.3872    24.0745 -9.990e-29
 208.550920     -3.974  39.552369    14.4842   -0.04428     -3.941    32.3780    24.0609 -9.990e-29
 208.550926     -3.942  39.593331    14.5052   -0.04428     -3.909    32.3978    24.0717 -9.990e-29
 208.550932     -3.908  39.618876    14.4881   -0.04432     -3.875    32.4354    24.1043 -9.990e-29
 208.550938     -3.876  39.605858    14.4622   -0.04432     -3.844    32.4452    24.1173 -9.990e-29
 208.550943     -3.843  39.578458    14.4490   -0.04429     -3.811    32.4312    24.1093 -9.990e-29
 208.550949     -3.807  39.560180    14.4416   -0.04428     -3.775    32.4207    24.1027 -9.990e-29
 208.550955     -3.774  39.553029    14.4351   -0.04428     -3.743    32.4196    24.1032 -9.990e-29
 208.550961     -3.746  39.567118    14.4312   -0.04428     -3.715    32.4357    24.1165 -9.990e-29
 208.550966     -3.718  39.598238    14.4286   -0.04429     -3.687    32.4663    24.1406 -9.990e-29
 208.550972     -3.684  39.614955    14.4239   -0.04431     -3.653    32.4856    24.1565 -9.990e-29
 208.550978     -3.645  39.609274    14.4193   -0.04431     -3.615    32.4842    24.1564 -9.990e-29
 208.550984     -3.603  39.601684    14.4169   -0.04428     -3.573    32.4793    24.1531 -9.990e-29
 208.550990     -3.560  39.583198    14.4171   -0.04425     -3.530    32.4622    24.1399 -9.990e-29
 208.550995     -3.518  39.548815    14.4223   -0.04416     -3.489    32.4264    24.1112 -9.990e-29
 208.551001     -3.477  39.539668    14.4314   -0.04416     -3.448    32.4104    24.0969 -9.990e-29
 208.551007     -3.441  39.557598    14.4366   -0.04426     -3.412    32.4224    24.1051 -9.990e-29
 208.551013     -3.405  39.562004    14.4348   -0.04429     -3.377    32.4279    24.1097 -9.990e-29
 208.551019     -3.373  39.555407    14.4311   -0.04428     -3.345    32.4250    24.1082 -9.990e-29
 208.551024     -3.347  39.551470    14.4291   -0.04423     -3.319    32.4230    24.1072 -9.990e-29
 208.551030     -3.325  39.537097    14.4308   -0.04416     -3.297    32.4085    24.0956 -9.990e-29
 208.551036     -3.306  39.521187    14.4420   -0.04423     -3.278    32.3846    24.0748 -9.990e-29
 208.551042     -3.287  39.535839    14.4706   -0.04429     -3.260    32.3740    24.0607 -9.990e-29
 208.551047     -3.269  39.579841    14.5051   -0.04431     -3.242    32.3853    24.0621 -9.990e-29
 208.551053     -3.250  39.614813    14.5133   -0.04433     -3.223    32.4104    24.0797 -9.990e-29
 208.551059     -3.229  39.613903    14.4907   -0.04434     -3.202    32.4284    24.0984 -9.990e-29
 208.551065     -3.205  39.579285    14.4668   -0.04431     -3.178    32.4168    24.0945 -9.990e-29
 208.551071     -3.176  39.541119    14.4633   -0.04428     -3.150    32.3849    24.0706 -9.990e-29
 208.551076     -3.144  39.539415    14.4823   -0.04418     -3.118    32.3675    24.0531 -9.990e-29
 208.551082     -3.115  39.574711    14.4997   -0.04417     -3.089    32.3851    24.0631 -9.990e-29
 208.551088     -3.093  39.603747    14.4857   -0.04427     -3.067    32.4233    24.0955 -9.990e-29
 208.551094     -3.072  39.595124    14.4514   -0.04430     -3.046    32.4441    24.1188 -9.990e-29
 208.551100     -3.047  39.568784    14.4246   -0.04429     -3.022    32.4425    24.1231 -9.990e-29
 208.551105     -3.019  39.552454    14.4117   -0.04423     -2.994    32.4384    24.1227 -9.990e-29
 208.551111     -2.991  39.540072    14.4095   -0.04419     -2.966    32.4289    24.1158 -9.990e-29
 208.551117     -2.962  39.526917    14.4203   -0.04426     -2.937    32.4078    24.0973 -9.990e-29
 208.551123     -2.929  39.535855    14.4521   -0.04431     -2.905    32.3894    24.0764 -9.990e-29
 208.551128     -2.896  39.571521    14.4944   -0.04432     -2.872    32.3866    24.0653 -9.990e-29
 208.551134     -2.867  39.597885    14.5097   -0.04430     -2.843    32.3978    24.0708 -9.990e-29
 208.551140     -2.843  39.588961    14.4862   -0.04424     -2.819    32.4093    24.0846 -9.990e-29
 208.551146     -2.816  39.552512    14.4576   -0.04421     -2.793    32.3999    24.0834 -9.990e-29
 208.551152     -2.789  39.528040    14.4540   -0.04430     -2.766    32.3806    24.0692 -9.990e-29
 208.551157     -2.765  39.543513    14.4741   -0.04432     -2.742    32.3779    24.0629 -9.990e-29
 208.551163     -2.743  39.575241    14.4903   -0.04433     -2.720    32.3933    24.0714 -9.990e-29
 208.551169     -2.720  39.584747    14.4800   -0.04432     -2.697    32.4106    24.0869 -9.990e-29
 208.551175     -2.696  39.555549    14.4546   -0.04429     -2.674    32.4052    24.0880 -9.990e-29
 208.551181     -2.673  39.511014    14.4378   -0.04425     -2.651    32.3785    24.0710 -9.990e-29
 208.551186     -2.654  39.495005    14.4426   -0.04424     -2.632    32.3599    24.0557 -9.990e-29
 208.551192     -2.634  39.519842    14.4640   -0.04428     -2.612    32.3647    24.0549 -9.990e-29
 208.551198     -2.611  39.556372    14.4744   -0.04429     -2.589    32.3893    24.0717 -9.990e-29
 208.551204     -2.592  39.568037    14.4599   -0.04429     -2.570    32.4121    24.0923 -9.990e-29
 208.551209     -2.581  39.539549    14.4397   -0.04428     -2.559    32.4030    24.0895 -9.990e-29
 208.551215     -2.572  39.493533    14.4298   -0.04425     -2.551    32.3692    24.0655 -9.990e-29
 208.551221     -2.557  39.467387    14.4330   -0.04427     -2.536    32.3427    24.0444 -9.990e-29
 208.551227     -2.534  39.471701    14.4499   -0.04430     -2.513    32.3325    24.0330 -9.990e-29
 208.551233     -2.511  39.493162    14.4706   15.33515     -2.490    32.3348    24.0304 -9.990e-29
 208.551238     -2.490  39.511586    14.4774   27.10159     -2.469    32.3459    24.0376 -9.990e-29
 208.551244     -2.469  39.515646    14.4664   28.88758     -2.448    32.3588    24.0498 -9.990e-29
 208.551250     -2.449  39.509651    14.4517   25.55165     -2.429    32.3656    24.0581 -9.990e-29
 208.551256     -2.426  39.509185    14.4467   16.91133     -2.406    32.3693    24.0621 -9.990e-29
 208.551262     -2.401  39.523172    14.4545   13.20383     -2.381    32.3756    24.0653 -9.990e-29
 208.551267     -2.375  39.538290    14.4651   13.23822     -2.355    32.3805    24.0668 -9.990e-29
 208.551273     -2.352  39.538800    14.4641   13.22552     -2.332    32.3818    24.0680 -9.990e-29
 208.551279     -2.329  39.520908    14.4522   13.21967     -2.310    32.3754    24.0656 -9.990e-29
 208.551285     -2.306  39.489386    14.4401    9.90797     -2.287    32.3567    24.0537 -9.990e-29
 208.551291     -2.280  39.455516    14.4327    6.66372     -2.261    32.3320    24.0362 -9.990e-29
 208.551296     -2.255  39.430252    14.4296    4.83700     -2.236    32.3115    24.0210 -9.990e-29
 208.551302     -2.234  39.417507    14.4297    4.36616     -2.215    32.2997    24.0120 -9.990e-29
 208.551308     -2.214  39.413762    14.4313    5.54020     -2.196    32.2950    24.0080 -9.990e-29
 208.551314     -2.194  39.412914    14.4321    6.32039     -2.176    32.2935    24.0067 -9.990e-29
 208.551319     -2.178  39.412163    14.4317    6.61671     -2.160    32.2932    24.0065 -9.990e-29
 208.551325     -2.169  39.412201    14.4313    6.81523     -2.151    32.2935    24.0069 -9.990e-29
 208.551331     -2.158  39.412531    14.4316    6.95186     -2.140    32.2936    24.0068 -9.990e-29
 208.551337     -2.135  39.412482    14.4320    7.06714     -2.117    32.2932    24.0065 -9.990e-29
 208.551343     -2.108  39.412564    14.4315    7.12874     -2.090    32.2937    24.0069 -9.990e-29
 208.551348     -2.083  39.412336    14.4296    7.16527     -2.066    32.2950    24.0084 -9.990e-29
 208.551354     -2.054  39.410944    14.4280    7.18838     -2.037    32.2951    24.0088 -9.990e-29
 208.551360     -2.021  39.409349    14.4288    7.20331     -2.004    32.2930    24.0069 -9.990e-29
 208.551366     -1.988  39.409363    14.4299    7.23550     -1.971    32.2920    24.0060 -9.990e-29
 208.551372     -1.959  39.409331    14.4281    7.23165     -1.943    32.2935    24.0075 -9.990e-29
 208.551377     -1.931  39.406418    14.4247    7.23024     -1.915    32.2937    24.0083 -9.990e-29
 208.551383     -1.903  39.402924    14.4232    7.21586     -1.887    32.2917    24.0072 -9.990e-29
 208.551389     -1.877  39.403177    14.4242    7.20530     -1.861    32.2911    24.0065 -9.990e-29
 208.551395     -1.856  39.405283    14.4262    7.21363     -1.841    32.2914    24.0063 -9.990e-29
 208.551400     -1.834  39.406449    14.4285    7.22988     -1.819    32.2905    24.0051 -9.990e-29
 208.551406     -1.810  39.407681    14.4308    7.26834     -1.795    32.2897    24.0040 -9.990e-29
 208.551412     -1.786  39.407831    14.4324    7.28968     -1.771    32.2885    24.0027 -9.990e-29
 208.551418     -1.761  39.407110    14.4332    7.27901     -1.746    32.2872    24.0015 -9.990e-29
 208.551424     -1.739  39.407934    14.4333    7.26659     -1.724    32.2878    24.0020 -9.990e-29
 208.551429     -1.720  39.409169    14.4330    7.26270     -1.706    32.2892    24.0032 -9.990e-29
 208.551435     -1.706  39.409660    14.4321    7.28128     -1.692    32.2904    24.0043 -9.990e-29
 208.551441     -1.693  39.410065    14.4299    7.30067     -1.679    32.2926    24.0064 -9.990e-29
 208.551447     -1.683  39.409800    14.4261    7.29812     -1.669    32.2955    24.0095 -9.990e-29
 208.551453     -1.674  39.407390    14.4234    7.28607     -1.660    32.2955    24.0101 -9.990e-29
 208.551458     -1.665  39.404665    14.4244    7.29152     -1.651    32.2922    24.0073 -9.990e-29
 208.551464     -1.656  39.405283    14.4273    7.30206     -1.642    32.2904    24.0053 -9.990e-29
 208.551470     -1.646  39.407819    14.4290    7.31185     -1.632    32.2913    24.0056 -9.990e-29
 208.551476     -1.635  39.408917    14.4289    7.31731     -1.621    32.2923    24.0064 -9.990e-29
 208.551481     -1.626  39.408357    14.4277    7.30318     -1.612    32.2928    24.0071 -9.990e-29
 208.551487     -1.624  39.407074    14.4261    7.29254     -1.610    32.2930    24.0075 -9.990e-29
 208.551493     -1.623  39.405596    14.4232    7.29741     -1.609    32.2941    24.0090 -9.990e-29
 208.551499     -1.619  39.402512    14.4175    7.31496     -1.605    32.2960    24.0117 -9.990e-29
 208.551505     -1.613  39.397633    14.4087    7.32416     -1.600    32.2989    24.0157 -9.990e-29
 208.551510     -1.603  39.391184    14.4005    7.32689     -1.590    32.2998    24.0182 -9.990e-29
 208.551516     -1.589  39.384099    14.3983    7.32162     -1.576    32.2952    24.0150 -9.990e-29
 208.551522     -1.570  39.382076    14.4007    7.32565     -1.557    32.2913    24.0116 -9.990e-29
 208.551528     -1.549  39.384656    14.4028    7.32665     -1.536    32.2919    24.0116 -9.990e-29
 208.551534     -1.529  39.386299    14.4045    7.33429     -1.516    32.2920    24.0113 -9.990e-29
 208.551539     -1.510  39.386947    14.4064    7.33619     -1.497    32.2910    24.0101 -9.990e-29
 208.551545     -1.493  39.388023    14.4076    7.34109     -1.481    32.2910    24.0099 -9.990e-29
 208.551551     -1.482  39.388716    14.4080    7.34866     -1.470    32.2913    24.0100 -9.990e-29
 208.551557     -1.477  39.388824    14.4084    7.34746     -1.465    32.2910    24.0097 -9.990e-29
 208.551562     -1.477  39.389051    14.4086    7.34406     -1.465    32.2911    24.0097 -9.990e-29
 208.551568     -1.478  39.389135    14.4087    7.34602     -1.466    32.2911    24.0097 -9.990e-29
 208.551574     -1.471  39.389185    14.4093    7.34612     -1.459    32.2906    24.0092 -9.990e-29
 208.551580     -1.456  39.389824    14.4101    7.34739     -1.444    32.2905    24.0090 -9.990e-29
 208.551586     -1.440  39.390780    14.4104    7.34496     -1.428    32.2911    24.0094 -9.990e-29
 208.551591     -1.428  39.391082    14.4102    7.35497     -1.416    32.2916    24.0098 -9.990e-29
 208.551597     -1.417  39.390568    14.4099    7.35912     -1.405    32.2913    24.0097 -9.990e-29
 208.551603     -1.408  39.390231    14.4097    7.36212     -1.396    32.2912    24.0096 -9.990e-29
 208.551609     -1.399  39.390181    14.4089    7.36670     -1.387    32.2918    24.0102 -9.990e-29
 208.551615     -1.391  39.389787    14.4079    7.36803     -1.379    32.2923    24.0108 -9.990e-29
 208.551620     -1.382  39.389080    14.4078    7.37149     -1.370    32.2917    24.0104 -9.990e-29
 208.551626     -1.373  39.388797    14.4083    7.36248     -1.362    32.2910    24.0098 -9.990e-29
