data/oxygen options/OCNMS/OCNMS2/raw_data/2004/CTD_CA70_072704faed.cnv
* Sea-Bird SBE19 Data File:
* FileName = C:\WINDOWS\Desktop\put hypoxia files here\CTD files\July 26_27-04\CA\CA7_072704.hex
* Software Version 1.1.4
* Temperature SN = 2997
* Conductivity SN = 2997
* System UpLoad Time = Jul 27 2004 15:32:34
* SEACAT PROFILER V3.1c SN 2997   07/27/04  15:31:44.759
* strain gauge pressure sensor: S/N = 184829,  range = 3000 psia,  tc = 40
# nquan = 9                                 
# nvalues = 730                         
# units = specified
# name 0 = timeJ: Julian Days
# name 1 = prSM: Pressure, Strain Gauge [db]
# name 2 = c0mS/cm: Conductivity [mS/cm]
# name 3 = t090C: Temperature [ITS-90, deg C]
# name 4 = oxML/L: Oxygen, Beckman/YSI [ml/l]
# name 5 = depSM: Depth [salt water, m], lat = 47.5
# name 6 = sal00: Salinity, Practical [PSU]
# name 7 = sigma-é00: Density [sigma-theta, kg/m^3]
# name 8 = flag: flag
# span 0 = 209.558634, 209.562853       
# span 1 =     -4.871,     68.686       
# span 2 =   1.497706,  40.165701       
# span 3 =     7.1368,    15.6135       
# span 4 =   -0.05330,   29.34452       
# span 5 =     -4.830,     68.101       
# span 6 =     0.9565,    33.8437       
# span 7 =    -0.0945,    26.4892       
# span 8 = 0.0000e+00, 0.0000e+00       
# interval = seconds: 0.5
# start_time = Jul 27 2004 13:24:26 [Instrument's time stamp, header]
# bad_flag = -9.990e-29
*END*
 209.558634     -4.871 -9.990e-29    14.5713   -0.05316     -4.830 -9.990e-29 -9.990e-29 -9.990e-29
 209.558640     -4.863   1.497706    14.5720   -0.05323     -4.822     0.9565    -0.0945 -9.990e-29
 209.558646     -4.852   1.497757    14.5725   -0.05330     -4.812     0.9565    -0.0945 -9.990e-29
 209.558652     -4.837   1.539206    14.5733   -0.05318     -4.797     0.9843    -0.0732 -9.990e-29
 209.558657     -4.819   1.740092    14.5751   -0.05309     -4.779     1.1196     0.0311 -9.990e-29
 209.558663     -4.796   2.192557    14.5796   -0.05309     -4.756     1.4278     0.2684 -9.990e-29
 209.558669     -4.770   2.814668    14.5875   -0.05319     -4.730     1.8584     0.5995 -9.990e-29
 209.558675     -4.749   3.460681    14.5964   -0.05324     -4.709     2.3126     0.9483 -9.990e-29
 209.558681     -4.735   3.802714    14.6042   -0.05145     -4.696     2.5554     1.1342 -9.990e-29
 209.558686     -4.724   3.608294    14.6096   -0.04341     -4.685     2.4166     1.0264 -9.990e-29
 209.558692     -4.705   3.211601    14.6122   -0.04308     -4.666     2.1356     0.8095 -9.990e-29
 209.558698     -4.674   2.907850    14.6136   -0.04312     -4.635     1.9223     0.6448 -9.990e-29
 209.558704     -4.633   2.693985    14.6158   -0.04318     -4.594     1.7729     0.5293 -9.990e-29
 209.558709     -4.588   2.653384    14.6204   -0.04319     -4.550     1.7445     0.5067 -9.990e-29
 209.558715     -4.540   2.847524    14.6298   -0.04319     -4.502     1.8793     0.6093 -9.990e-29
 209.558721     -4.490   3.154501    14.6513   -0.04320     -4.453     2.0933     0.7710 -9.990e-29
 209.558727     -4.440   3.570611    14.7088   -0.04322     -4.403     2.3838     0.9860 -9.990e-29
 209.558733     -4.387   4.700699    14.8749   -0.04323     -4.350     3.1800     1.5731 -9.990e-29
 209.558738     -4.330   8.440119    15.1644   -0.04324     -4.294     5.9047     3.6181 -9.990e-29
 209.558744     -4.272  17.574180    15.4229   -0.04323     -4.236    12.9612     8.9745 -9.990e-29
 209.558750     -4.208  29.274724    15.5331   -0.04324     -4.173    22.5888    16.3214 -9.990e-29
 209.558756     -4.135  36.501083    15.5464   -0.04323     -4.101    28.8186    21.0967 -9.990e-29
 209.558762     -4.047  38.877624    15.5384   -0.04327     -4.013    30.9181    22.7115 -9.990e-29
 209.558767     -3.947  39.657866    15.5319   -0.04328     -3.914    31.6151    23.2487 -9.990e-29
 209.558773     -3.847  39.917524    15.5259   -0.04323     -3.815    31.8506    23.4312 -9.990e-29
 209.558779     -3.752  39.999485    15.5188   -0.04323     -3.721    31.9293    23.4932 -9.990e-29
 209.558785     -3.666  40.017002    15.5118   -0.04323     -3.635    31.9505    23.5111 -9.990e-29
 209.558791     -3.578  40.012556    15.5077   -0.04328     -3.548    31.9498    23.5115 -9.990e-29
 209.558796     -3.480  40.003835    15.5078   -0.04329     -3.451    31.9419    23.5054 -9.990e-29
 209.558802     -3.380  39.996092    15.5094   -0.04324     -3.352    31.9337    23.4987 -9.990e-29
 209.558808     -3.287  39.983538    15.5052   -0.04322     -3.260    31.9259    23.4937 -9.990e-29
 209.558814     -3.199  39.966318    15.4938   -0.04321     -3.172    31.9198    23.4915 -9.990e-29
 209.558819     -3.118  39.954626    15.4890   -0.04322     -3.092    31.9133    23.4875 -9.990e-29
 209.558825     -3.043  39.956490    15.4982   -0.04323     -3.018    31.9074    23.4810 -9.990e-29
 209.558831     -2.970  39.973314    15.5075   -0.04328     -2.945    31.9148    23.4846 -9.990e-29
 209.558837     -2.895  39.984369    15.5032   -0.04329     -2.871    31.9281    23.4958 -9.990e-29
 209.558843     -2.816  39.975825    15.4891   -0.04326     -2.793    31.9319    23.5018 -9.990e-29
 209.558848     -2.742  39.963835    15.4834   -0.04323     -2.719    31.9259    23.4984 -9.990e-29
 209.558854     -2.676  39.962200    15.4947   -0.04322     -2.654    31.9152    23.4877 -9.990e-29
 209.558860     -2.615  39.976638    15.5114   -0.04323     -2.593    31.9145    23.4835 -9.990e-29
 209.558866     -2.558  39.999510    15.5214   -0.04323     -2.537    31.9267    23.4908 -9.990e-29
 209.558872     -2.506  40.010859    15.5209   -0.04327     -2.485    31.9372    23.4989 -9.990e-29
 209.558877     -2.457  40.003421    15.5083   -0.04327     -2.437    31.9408    23.5044 -9.990e-29
 209.558883     -2.410  39.988653    15.4889   -0.04324     -2.390    31.9434    23.5107 -9.990e-29
 209.558889     -2.368  39.978337    15.4789   -0.04324     -2.348    31.9423    23.5120 -9.990e-29
 209.558895     -2.323  39.973912    15.4861   -0.04325     -2.304    31.9325    23.5029 -9.990e-29
 209.558900     -2.273  39.979061    15.5011   -0.04327     -2.254    31.9249    23.4938 -9.990e-29
 209.558906     -2.223  39.993958    15.5128   -0.04325     -2.204    31.9286    23.4941 -9.990e-29
 209.558912     -2.179  40.007091    15.5167   -0.04323     -2.161    31.9371    23.4998 -9.990e-29
 209.558918     -2.142  40.006281    15.5099   -0.04325     -2.124    31.9419    23.5050 -9.990e-29
 209.558924     -2.109  39.994426    15.4965   -0.04330     -2.091    31.9422    23.5081 -9.990e-29
 209.558929     -2.082  39.984947    15.4913   -0.04326     -2.065    31.9380    23.5060 -9.990e-29
 209.558935     -2.061  39.984329    15.4985   -0.04322     -2.044    31.9316    23.4995 -9.990e-29
 209.558941     -2.034  39.991232    15.5050   -0.04322     -2.017    31.9325    23.4988 -9.990e-29
 209.558947     -2.002  39.994144    15.5025   -0.04322     -1.985    31.9371    23.5029 -9.990e-29
 209.558953     -1.969  39.987457    15.4987   -0.04324     -1.953    31.9342    23.5015 -9.990e-29
 209.558958     -1.938  39.982505    15.5018   -0.04325     -1.922    31.9273    23.4955 -9.990e-29
 209.558964     -1.908  39.983954    15.5042   -0.04325     -1.892    31.9266    23.4944 -9.990e-29
 209.558970     -1.875  39.983681    15.4952   -0.04325     -1.859    31.9336    23.5018 -9.990e-29
 209.558976     -1.839  39.979687    15.4855   -0.04325     -1.824    31.9379    23.5073 -9.990e-29
 209.558981     -1.801  39.978479    15.4928   -0.04326     -1.786    31.9309    23.5003 -9.990e-29
 209.558987     -1.767  39.986347    15.5111   -0.04325     -1.752    31.9231    23.4902 -9.990e-29
 209.558993     -1.739  40.001480    15.5235   -0.04324     -1.724    31.9265    23.4901 -9.990e-29
 209.558999     -1.716  40.007068    15.5242   -0.04324     -1.702    31.9309    23.4934 -9.990e-29
 209.559005     -1.697  39.997146    15.5164   -0.04325     -1.683    31.9284    23.4931 -9.990e-29
 209.559010     -1.679  39.986032    15.5079   -0.04330     -1.665    31.9254    23.4927 -9.990e-29
 209.559016     -1.662  39.980839    15.5047   -0.04330     -1.648    31.9233    23.4918 -9.990e-29
 209.559022     -1.645  39.979740    15.5051   -0.04326     -1.631    31.9220    23.4907 -9.990e-29
 209.559028     -1.627  39.977946    15.5042   -0.04323     -1.613    31.9211    23.4903 -9.990e-29
 209.559034     -1.606  39.973113    15.5023   -0.04323     -1.593    31.9184    23.4885 -9.990e-29
 209.559039     -1.585  39.971190    15.5035   -0.04323     -1.572    31.9157    23.4862 -9.990e-29
 209.559045     -1.568  39.976393    15.5063   -0.04323     -1.555    31.9180    23.4874 -9.990e-29
 209.559051     -1.554  39.983923    15.5034   -0.04326     -1.541    31.9271    23.4950 -9.990e-29
 209.559057     -1.541  39.984786    15.4904   -0.04329     -1.528    31.9384    23.5065 -9.990e-29
 209.559063     -1.524  39.980182    15.4745   -0.04326     -1.511    31.9472    23.5168 -9.990e-29
 209.559068     -1.502  39.977489    15.4726   -0.04325     -1.489    31.9463    23.5165 -9.990e-29
 209.559074     -1.483  39.978208    15.4887   -0.04325     -1.471    31.9339    23.5035 -9.990e-29
 209.559080     -1.470  39.982780    15.5088   -0.04326     -1.458    31.9216    23.4896 -9.990e-29
 209.559086     -1.457  39.990052    15.5214   -0.04328     -1.445    31.9179    23.4840 -9.990e-29
 209.559091     -1.439  39.993501    15.5237   15.57469     -1.427    31.9191    23.4844 -9.990e-29
 209.559097     -1.419  39.989360    15.5144   27.54577     -1.407    31.9229    23.4894 -9.990e-29
 209.559103     -1.401  39.983379    15.4968   29.34452     -1.389    31.9319    23.5002 -9.990e-29
 209.559109     -1.383  39.981098    15.4843   25.94551     -1.371    31.9400    23.5091 -9.990e-29
 209.559115     -1.365  39.982889    15.4855   17.15340     -1.354    31.9406    23.5093 -9.990e-29
 209.559120     -1.344  39.990061    15.4927   13.35056     -1.333    31.9411    23.5082 -9.990e-29
 209.559126     -1.320  39.998752    15.4953   13.35717     -1.309    31.9468    23.5119 -9.990e-29
 209.559132     -1.292  39.999837    15.4908   13.30015     -1.281    31.9514    23.5165 -9.990e-29
 209.559138     -1.261  39.995934    15.4852    9.59922     -1.250    31.9524    23.5185 -9.990e-29
 209.559144     -1.234  39.998721    15.4902    6.15293     -1.224    31.9508    23.5162 -9.990e-29
 209.559149     -1.214  40.019254    15.5074    4.37662     -1.204    31.9552    23.5157 -9.990e-29
 209.559155     -1.199  40.052969    15.5230    4.02969     -1.189    31.9725    23.5256 -9.990e-29
 209.559161     -1.189  40.076407    15.5289    5.38586     -1.179    31.9885    23.5367 -9.990e-29
 209.559167     -1.179  40.082714    15.5310    6.16131     -1.169    31.9925    23.5392 -9.990e-29
 209.559172     -1.163  40.084841    15.5350    6.39203     -1.153    31.9911    23.5373 -9.990e-29
 209.559178     -1.146  40.089599    15.5389    6.56575     -1.136    31.9921    23.5373 -9.990e-29
 209.559184     -1.129  40.093278    15.5371    6.68371     -1.120    31.9969    23.5413 -9.990e-29
 209.559190     -1.113  40.088488    15.5313    6.74220     -1.104    31.9973    23.5429 -9.990e-29
 209.559196     -1.096  40.077868    15.5330    6.77359     -1.087    31.9865    23.5342 -9.990e-29
 209.559201     -1.077  40.078169    15.5418    6.78548     -1.068    31.9796    23.5270 -9.990e-29
 209.559207     -1.059  40.090959    15.5429    6.80525     -1.050    31.9901    23.5348 -9.990e-29
 209.559213     -1.045  40.094619    15.5298    6.83783     -1.036    32.0040    23.5484 -9.990e-29
 209.559219     -1.031  40.081737    15.5147    6.85326     -1.022    32.0048    23.5523 -9.990e-29
 209.559225     -1.010  40.067732    15.5130    6.85293     -1.002    31.9937    23.5441 -9.990e-29
 209.559230     -0.986  40.066519    15.5256    6.83224     -0.978    31.9824    23.5327 -9.990e-29
 209.559236     -0.966  40.079329    15.5407    6.81688     -0.958    31.9815    23.5287 -9.990e-29
 209.559242     -0.949  40.095230    15.5470    6.81962     -0.941    31.9905    23.5342 -9.990e-29
 209.559248     -0.929  40.101807    15.5413    6.83073     -0.921    32.0010    23.5436 -9.990e-29
 209.559253     -0.909  40.096097    15.5300    6.83679     -0.901    32.0051    23.5492 -9.990e-29
 209.559259     -0.892  40.084565    15.5235    6.83980     -0.885    32.0001    23.5468 -9.990e-29
 209.559265     -0.878  40.078254    15.5249    6.83365     -0.871    31.9933    23.5413 -9.990e-29
 209.559271     -0.865  40.081136    15.5309    6.83026     -0.858    31.9910    23.5382 -9.990e-29
 209.559277     -0.853  40.088123    15.5384    6.81653     -0.846    31.9911    23.5366 -9.990e-29
 209.559282     -0.840  40.095111    15.5444    6.80439     -0.833    31.9925    23.5363 -9.990e-29
 209.559288     -0.826  40.099685    15.5436    6.79158     -0.819    31.9972    23.5401 -9.990e-29
 209.559294     -0.811  40.098450    15.5329    6.79065     -0.804    32.0048    23.5483 -9.990e-29
 209.559300     -0.792  40.089250    15.5150    6.79596     -0.785    32.0111    23.5571 -9.990e-29
 209.559306     -0.769  40.072772    15.4978    6.80342     -0.763    32.0104    23.5604 -9.990e-29
 209.559311     -0.741  40.056267    15.4905    6.80996     -0.735    32.0017    23.5552 -9.990e-29
 209.559317     -0.709  40.049196    15.4940    6.80854     -0.703    31.9925    23.5474 -9.990e-29
 209.559323     -0.681  40.052836    15.5022    6.80544     -0.675    31.9891    23.5430 -9.990e-29
 209.559329     -0.659  40.061986    15.5105    6.80561     -0.654    31.9905    23.5422 -9.990e-29
 209.559334     -0.646  40.070939    15.5149    6.80773     -0.641    31.9949    23.5446 -9.990e-29
 209.559340     -0.641  40.073723    15.5154    6.80465     -0.636    31.9969    23.5461 -9.990e-29
 209.559346     -0.634  40.070174    15.5178    6.80413     -0.629    31.9918    23.5417 -9.990e-29
 209.559352     -0.627  40.069074    15.5227    6.79574     -0.622    31.9868    23.5368 -9.990e-29
 209.559358     -0.622  40.074232    15.5251    6.79399     -0.617    31.9895    23.5383 -9.990e-29
 209.559363     -0.618  40.081331    15.5237    6.79591     -0.613    31.9969    23.5443 -9.990e-29
 209.559369     -0.617  40.084893    15.5229    6.80133     -0.612    32.0008    23.5474 -9.990e-29
 209.559375     -0.618  40.084636    15.5261    6.80426     -0.613    31.9979    23.5446 -9.990e-29
 209.559381     -0.616  40.086024    15.5319    6.79839     -0.611    31.9945    23.5406 -9.990e-29
 209.559387     -0.608  40.090353    15.5369    6.78304     -0.603    31.9942    23.5393 -9.990e-29
 209.559392     -0.597  40.094423    15.5364    6.77398     -0.592    31.9983    23.5426 -9.990e-29
 209.559398     -0.586  40.094130    15.5290    6.78293     -0.581    32.0040    23.5486 -9.990e-29
 209.559404     -0.575  40.088528    15.5195    6.79953     -0.570    32.0067    23.5528 -9.990e-29
 209.559410     -0.563  40.079694    15.5151    6.80250     -0.558    32.0025    23.5504 -9.990e-29
 209.559416     -0.550  40.073247    15.5194    6.78867     -0.545    31.9932    23.5424 -9.990e-29
 209.559421     -0.534  40.076305    15.5288    6.76250     -0.530    31.9883    23.5366 -9.990e-29
 209.559427     -0.515  40.085657    15.5346    6.76003     -0.511    31.9919    23.5381 -9.990e-29
 209.559433     -0.496  40.091897    15.5290    6.77232     -0.492    32.0020    23.5470 -9.990e-29
 209.559439     -0.479  40.087640    15.5136    6.78215     -0.475    32.0107    23.5571 -9.990e-29
 209.559444     -0.459  40.073389    15.5024    6.79204     -0.455    32.0071    23.5568 -9.990e-29
 209.559450     -0.436  40.061573    15.5050    6.78349     -0.432    31.9945    23.5465 -9.990e-29
 209.559456     -0.416  40.062813    15.5156    6.78415     -0.413    31.9870    23.5384 -9.990e-29
 209.559462     -0.402  40.073151    15.5234    6.77648     -0.399    31.9898    23.5389 -9.990e-29
 209.559468     -0.393  40.081690    15.5242    6.77420     -0.390    31.9968    23.5441 -9.990e-29
 209.559473     -0.385  40.082989    15.5208    6.77345     -0.382    32.0007    23.5478 -9.990e-29
 209.559479     -0.372  40.079350    15.5172    6.76958     -0.369    32.0004    23.5484 -9.990e-29
 209.559485     -0.359  40.075468    15.5157    6.77613     -0.356    31.9981    23.5470 -9.990e-29
 209.559491     -0.348  40.074028    15.5169    6.78224     -0.345    31.9959    23.5450 -9.990e-29
 209.559497     -0.340  40.075356    15.5193    6.78080     -0.337    31.9951    23.5439 -9.990e-29
 209.559502     -0.332  40.077863    15.5211    6.77709     -0.329    31.9959    23.5441 -9.990e-29
 209.559508     -0.326  40.079847    15.5224    6.78354     -0.323    31.9966    23.5443 -9.990e-29
 209.559514     -0.320  40.081157    15.5251    6.78911     -0.317    31.9955    23.5429 -9.990e-29
 209.559520     -0.314  40.083545    15.5308    6.79291     -0.311    31.9930    23.5398 -9.990e-29
 209.559525     -0.308  40.088515    15.5384    6.78486     -0.305    31.9913    23.5367 -9.990e-29
 209.559531     -0.301  40.094845    15.5445    6.76701     -0.298    31.9920    23.5359 -9.990e-29
 209.559537     -0.293  40.099761    15.5468    6.76925     -0.291    31.9945    23.5374 -9.990e-29
 209.559543     -0.283  40.101969    15.5456    6.78113     -0.281    31.9974    23.5399 -9.990e-29
 209.559549     -0.271  40.101617    15.5426    6.79525     -0.269    31.9995    23.5422 -9.990e-29
 209.559554     -0.261  40.098802    15.5411    6.78975     -0.259    31.9982    23.5415 -9.990e-29
