data/oxygen options/OCNMS/OCNMS2/raw_data/2004/CTD_CE100_090704faedb.cnv
* Sea-Bird SBE19 Data File:
* FileName = C:\WINDOWS\Desktop\put hypoxia files here\CTD data\September 07_0804\CE\CE-100.hex
* Software Version 1.1.4
* Temperature SN = 2997
* Conductivity SN = 2997
* System UpLoad Time = Sep 07 2004 12:23:58
* SEACAT PROFILER V3.1c SN 2997   09/07/04  12:26:36.535
* strain gauge pressure sensor: S/N = 184829,  range = 3000 psia,  tc = 40
# nquan = 9
# nvalues = 102                         
# units = specified
# name 0 = timeJ: Julian Days
# name 1 = prSM: Pressure, Strain Gauge [db]
# name 2 = c0mS/cm: Conductivity [mS/cm]
# name 3 = t090C: Temperature [ITS-90, deg C]
# name 4 = oxML/L: Oxygen, Beckman/YSI [ml/l]
# name 5 = depSM: Depth [salt water, m], lat = 47.5
# name 6 = sal00: Salinity, Practical [PSU]
# name 7 = sigma-é00: Density [sigma-theta, kg/m^3]
# name 8 = flag: flag
# span 0 = 251.514225, 251.515499       
# span 1 =      1.000,    102.000       
# span 2 =  34.484760,  40.632389       
# span 3 =     7.4107,    16.8047       
# span 4 =    1.72946,    6.50970       
# span 5 =      0.991,    101.123       
# span 6 =    31.4575,    33.8718       
# span 7 =    22.8425,    26.4742       
# span 8 = 0.0000e+00, 0.0000e+00       
# interval = decibars: 1                
# start_time = Sep 07 2004 12:16:55 [Instrument's time stamp, header]
# bad_flag = -9.990e-29
*END*
 251.514225      1.000  40.632389    16.8047    6.50970      0.991    31.4575    22.8425 0.0000e+00
 251.514247      2.000  40.492618    16.6008    6.48543      1.983    31.4963    22.9189 0.0000e+00
 251.514263      3.000  40.373687    16.4386    6.49124      2.975    31.5203    22.9743 0.0000e+00
 251.514277      4.000  40.272315    16.3194    6.46256      3.967    31.5258    23.0056 0.0000e+00
 251.514289      5.000  40.228258    16.2663    6.42713      4.958    31.5290    23.0200 0.0000e+00
 251.514302      6.000  40.209708    16.2278    6.34232      5.950    31.5429    23.0393 0.0000e+00
 251.514313      7.000  40.194765    16.1695    6.24308      6.941    31.5757    23.0776 0.0000e+00
 251.514324      8.000  40.170572    16.0360    6.16589      7.933    31.6604    23.1726 0.0000e+00
 251.514335      9.000  40.104137    15.8183    5.90573      8.925    31.7758    23.3096 0.0000e+00
 251.514347     10.000  39.992436    15.5172    5.41273      9.916    31.9194    23.4863 0.0000e+00
 251.514358     11.000  39.794497    15.0047    4.96555     10.908    32.1609    23.7831 0.0000e+00
 251.514369     12.000  39.419574    14.1522    4.71440     11.900    32.5289    24.2470 0.0000e+00
 251.514381     13.000  38.667942    13.0705    4.55887     12.891    32.7511    24.6384 0.0000e+00
 251.514392     14.000  38.062649    12.4910    4.38282     13.883    32.6786    24.6939 0.0000e+00
 251.514404     15.000  37.694578    12.0208    4.24578     14.874    32.7351    24.8266 0.0000e+00
 251.514416     16.000  37.324877    11.5260    4.14632     15.866    32.8116    24.9774 0.0000e+00
 251.514428     17.000  36.915732    11.0235    4.06746     16.857    32.8560    25.1022 0.0000e+00
 251.514441     18.000  36.575501    10.5858    3.97184     17.849    32.9102    25.2212 0.0000e+00
 251.514454     19.000  36.281648    10.2413    3.85640     18.841    32.9263    25.2928 0.0000e+00
 251.514467     20.000  36.079640     9.9735    3.76471     19.832    32.9652    25.3681 0.0000e+00
 251.514480     21.000  35.839888     9.6229    3.66966     20.824    33.0414    25.4854 0.0000e+00
 251.514493     22.000  35.596749     9.3248    3.63580     21.815    33.0659    25.5528 0.0000e+00
 251.514505     23.000  35.385249     9.0365    3.67339     22.807    33.1138    25.6360 0.0000e+00
 251.514518     24.000  35.176763     8.8377    3.64460     23.798    33.0814    25.6416 0.0000e+00
 251.514529     25.000  35.097378     8.7547    3.62230     24.790    33.0753    25.6497 0.0000e+00
 251.514542     26.000  35.036763     8.6577    3.59418     25.782    33.1021    25.6856 0.0000e+00
 251.514554     27.000  34.967133     8.5563    3.54118     26.773    33.1234    25.7177 0.0000e+00
 251.514567     28.000  34.902228     8.4502    3.47661     27.765    33.1543    25.7581 0.0000e+00
 251.514579     29.000  34.844014     8.3514    3.42580     28.756    33.1854    25.7973 0.0000e+00
 251.514591     30.000  34.796674     8.2863    3.36667     29.748    33.1963    25.8156 0.0000e+00
 251.514603     31.000  34.769230     8.2447    3.31864     30.739    33.2060    25.8295 0.0000e+00
 251.514614     32.000  34.739878     8.1809    3.29167     31.731    33.2347    25.8615 0.0000e+00
 251.514625     33.000  34.694907     8.1013    3.26514     32.722    33.2619    25.8945 0.0000e+00
 251.514636     34.000  34.656930     8.0462    3.23162     33.713    33.2733    25.9116 0.0000e+00
 251.514647     35.000  34.631974     8.0010    3.19002     34.705    33.2892    25.9308 0.0000e+00
 251.514658     36.000  34.604824     7.9439    3.17829     35.696    33.3141    25.9586 0.0000e+00
 251.514668     37.000  34.575582     7.8926    3.18960     36.688    33.3313    25.9797 0.0000e+00
 251.514680     38.000  34.548941     7.8466    3.20973     37.679    33.3462    25.9980 0.0000e+00
 251.514692     39.000  34.520367     7.8064    3.25257     38.671    33.3536    26.0096 0.0000e+00
 251.514705     40.000  34.503175     7.7743    3.29316     39.662    33.3653    26.0234 0.0000e+00
 251.514717     41.000  34.489425     7.7511    3.32846     40.654    33.3723    26.0323 0.0000e+00
 251.514730     42.000  34.484760     7.7383    3.28209     41.645    33.3791    26.0395 0.0000e+00
 251.514742     43.000  34.499326     7.7429    3.05301     42.636    33.3899    26.0473 0.0000e+00
 251.514754     44.000  34.543769     7.7525    2.76718     43.628    33.4279    26.0758 0.0000e+00
 251.514767     45.000  34.566000     7.7312    2.57801     44.620    33.4718    26.1134 0.0000e+00
 251.514778     46.000  34.564214     7.6992    2.52842     45.611    33.5002    26.1403 0.0000e+00
 251.514791     47.000  34.560835     7.6687    2.55355     46.603    33.5254    26.1646 0.0000e+00
 251.514802     48.000  34.553743     7.6320    2.50026     47.593    33.5527    26.1912 0.0000e+00
 251.514814     49.000  34.549212     7.6155    2.41756     48.585    33.5632    26.2018 0.0000e+00
 251.514825     50.000  34.562675     7.6144    2.35085     49.577    33.5784    26.2140 0.0000e+00
 251.514837     51.000  34.581519     7.6154    2.28758     50.568    33.5973    26.2287 0.0000e+00
 251.514848     52.000  34.587990     7.6145    2.25060     51.560    33.6046    26.2346 0.0000e+00
 251.514858     53.000  34.590011     7.6141    2.21982     52.551    33.6067    26.2364 0.0000e+00
 251.514869     54.000  34.590649     7.6135    2.20681     53.542    33.6075    26.2370 0.0000e+00
 251.514880     55.000  34.590072     7.6127    2.18552     54.534    33.6072    26.2370 0.0000e+00
 251.514892     56.000  34.590542     7.6119    2.16840     55.525    33.6079    26.2377 0.0000e+00
 251.514903     57.000  34.592086     7.6119    2.13838     56.517    33.6091    26.2386 0.0000e+00
 251.514914     58.000  34.593399     7.6096    2.12361     57.508    33.6123    26.2414 0.0000e+00
 251.514926     59.000  34.590235     7.5991    2.09657     58.499    33.6186    26.2479 0.0000e+00
 251.514937     60.000  34.579305     7.5828    2.05129     59.490    33.6221    26.2530 0.0000e+00
 251.514949     61.000  34.575325     7.5701    1.99984     60.482    33.6296    26.2607 0.0000e+00
 251.514961     62.000  34.579013     7.5660    1.96561     61.473    33.6371    26.2672 0.0000e+00
 251.514975     63.000  34.589440     7.5685    1.94963     62.465    33.6454    26.2734 0.0000e+00
 251.514987     64.000  34.598725     7.5675    1.95729     63.456    33.6560    26.2819 0.0000e+00
 251.514998     65.000  34.607799     7.5678    1.96302     64.447    33.6650    26.2889 0.0000e+00
 251.515010     66.000  34.620541     7.5763    1.98021     65.439    33.6700    26.2916 0.0000e+00
 251.515021     67.000  34.640313     7.5814    1.98022     66.430    33.6859    26.3035 0.0000e+00
 251.515034     68.000  34.639989     7.5618    1.90935     67.422    33.7042    26.3206 0.0000e+00
 251.515047     69.000  34.623182     7.5498    1.81760     68.413    33.6971    26.3168 0.0000e+00
 251.515059     70.000  34.620942     7.5474    1.76263     69.404    33.6965    26.3167 0.0000e+00
 251.515071     71.000  34.624047     7.5481    1.73056     70.395    33.6988    26.3183 0.0000e+00
 251.515083     72.000  34.630044     7.5492    1.73263     71.387    33.7037    26.3221 0.0000e+00
 251.515095     73.000  34.633973     7.5497    1.73447     72.378    33.7070    26.3246 0.0000e+00
 251.515108     74.000  34.636410     7.5521    1.72946     73.369    33.7068    26.3241 0.0000e+00
 251.515122     75.000  34.652738     7.5724    1.81730     74.360    33.7043    26.3193 0.0000e+00
 251.515136     76.000  34.683611     7.5912    1.91117     75.352    33.7189    26.3281 0.0000e+00
 251.515150     77.000  34.694281     7.5956    1.95987     76.344    33.7257    26.3328 0.0000e+00
 251.515162     78.000  34.695968     7.5876    1.93513     77.334    33.7348    26.3411 0.0000e+00
 251.515174     79.000  34.690019     7.5765    1.89189     78.326    33.7387    26.3458 0.0000e+00
 251.515186     80.000  34.686238     7.5711    1.84782     79.317    33.7393    26.3471 0.0000e+00
 251.515199     81.000  34.688645     7.5710    1.85050     80.308    33.7415    26.3489 0.0000e+00
 251.515211     82.000  34.691471     7.5715    1.85384     81.300    33.7436    26.3505 0.0000e+00
 251.515225     83.000  34.693165     7.5717    1.83903     82.291    33.7448    26.3514 0.0000e+00
 251.515238     84.000  34.693899     7.5720    1.83992     83.282    33.7449    26.3514 0.0000e+00
 251.515252     85.000  34.695140     7.5724    1.84425     84.273    33.7453    26.3517 0.0000e+00
 251.515266     86.000  34.696337     7.5723    1.84356     85.265    33.7462    26.3525 0.0000e+00
 251.515280     87.000  34.697214     7.5721    1.83784     86.256    33.7469    26.3530 0.0000e+00
 251.515293     88.000  34.698594     7.5709    1.86035     87.246    33.7491    26.3549 0.0000e+00
 251.515306     89.000  34.699610     7.5679    1.87007     88.239    33.7526    26.3581 0.0000e+00
 251.515318     90.000  34.700840     7.5518    1.88613     89.229    33.7691    26.3733 0.0000e+00
 251.515332     91.000  34.703606     7.5156    1.91716     90.221    33.8068    26.4082 0.0000e+00
 251.515344     92.000  34.704541     7.4859    1.95960     91.212    33.8363    26.4356 0.0000e+00
 251.515357     93.000  34.700450     7.4647    1.97865     92.203    33.8521    26.4511 0.0000e+00
 251.515371     94.000  34.693191     7.4447    2.00055     93.194    33.8632    26.4626 0.0000e+00
 251.515387     95.000  34.682903     7.4263    2.02637     94.185    33.8695    26.4703 0.0000e+00
 251.515403     96.000  34.674763     7.4160    2.02386     95.177    33.8704    26.4724 0.0000e+00
 251.515417     97.000  34.672012     7.4121    2.03235     96.168    33.8706    26.4732 0.0000e+00
 251.515430     98.000  34.671925     7.4112    2.16027     97.159    33.8709    26.4735 0.0000e+00
 251.515444     99.000  34.672634     7.4107    2.17169     98.151    33.8718    26.4742 0.0000e+00
 251.515458    100.000  34.672718     7.4111    2.09382     99.141    33.8709    26.4735 0.0000e+00
 251.515475    101.000  34.672770     7.4113    2.10350    100.132    33.8703    26.4731 0.0000e+00
 251.515499    102.000  34.673372     7.4140    2.11999    101.123    33.8679    26.4708 0.0000e+00
