data/oxygen options/OCNMS/OCNMS2/raw_data/2004/CTD_CE60_072604faedb.cnv
* Sea-Bird SBE19 Data File:
* FileName = C:\WINDOWS\Desktop\put hypoxia files here\CTD files\july 24_25-04\CE\CE6_072404.hex
* Software Version 1.1.4
* Temperature SN = 2997
* Conductivity SN = 2997
* System UpLoad Time = Jul 26 2004 14:35:22
* SEACAT PROFILER V3.1c SN 2997   07/26/04  14:34:00.566
* strain gauge pressure sensor: S/N = 184829,  range = 3000 psia,  tc = 40
# nquan = 9
# nvalues = 53                          
# units = specified
# name 0 = timeJ: Julian Days
# name 1 = prSM: Pressure, Strain Gauge [db]
# name 2 = c0mS/cm: Conductivity [mS/cm]
# name 3 = t090C: Temperature [ITS-90, deg C]
# name 4 = oxML/L: Oxygen, Beckman/YSI [ml/l]
# name 5 = depSM: Depth [salt water, m], lat = 47.5
# name 6 = sal00: Salinity, Practical [PSU]
# name 7 = sigma-é00: Density [sigma-theta, kg/m^3]
# name 8 = flag: flag
# span 0 = 207.190317, 208.553550       
# span 1 =      1.000,     54.000       
# span 2 =  34.165708,  39.323832       
# span 3 =     7.3579,    14.3350       
# span 4 =    2.53959,    7.82198       
# span 5 =      0.992,     53.542       
# span 6 =    32.2916,    33.7009       
# span 7 =    24.0264,    26.3465       
# span 8 = 0.0000e+00, 0.0000e+00       
# interval = decibars: 1                
# start_time = Jul 26 2004 13:13:01 [Instrument's time stamp, header]
# bad_flag = -9.990e-29
*END*
 208.552713      1.000  39.323832    14.3350    7.71296      0.992    32.2916    24.0264 0.0000e+00
 208.552743      2.000  38.906451    13.7272    7.82198      1.983    32.4178    24.2480 0.0000e+00
 208.552763      3.000  38.446511    13.1495    7.28590      2.975    32.4793    24.4115 0.0000e+00
 208.552778      4.000  37.822398    12.1541    6.68056      3.967    32.7463    24.8095 0.0000e+00
 208.552789      5.000  37.033953    11.3842    5.98423      4.958    32.6558    24.8811 0.0000e+00
 208.552800      6.000  36.586181    10.8756    5.42584      5.950    32.6660    24.9804 0.0000e+00
 208.552810      7.000  36.223802    10.3027    5.10414      6.941    32.8176    25.1973 0.0000e+00
 208.552819      8.000  35.772796     9.7299    4.84746      7.933    32.8805    25.3422 0.0000e+00
 208.552828      9.000  35.402910     9.3755    4.64051      8.924    32.8251    25.3563 0.0000e+00
 208.552837     10.000  35.189317     9.2065    4.51306      9.916    32.7594    25.3318 0.0000e+00
 208.552845     11.000  35.110902     9.1159    4.44037     10.908    32.7609    25.3472 0.0000e+00
 208.552853     12.000  35.035205     9.0182    4.39583     11.900    32.7719    25.3712 0.0000e+00
 208.552862     13.000  34.962357     8.9320    4.34095     12.891    32.7751    25.3871 0.0000e+00
 208.552869     14.000  34.906204     8.8633    4.28307     13.883    32.7797    25.4013 0.0000e+00
 208.552878     15.000  34.868484     8.7882    4.22231     14.874    32.8092    25.4360 0.0000e+00
 208.552886     16.000  34.819388     8.6815    4.21302     15.866    32.8565    25.4893 0.0000e+00
 208.552895     17.000  34.741911     8.5671    4.24353     16.857    32.8810    25.5260 0.0000e+00
 208.552903     18.000  34.646992     8.4386    4.28837     17.849    32.9005    25.5607 0.0000e+00
 208.552913     19.000  34.560729     8.3380    4.30734     18.840    32.9030    25.5777 0.0000e+00
 208.552922     20.000  34.501556     8.2652    4.28267     19.832    32.9080    25.5925 0.0000e+00
 208.552933     21.000  34.490478     8.2405    4.17566     20.824    32.9190    25.6048 0.0000e+00
 208.552944     22.000  34.528801     8.2490    4.00794     21.815    32.9512    25.6288 0.0000e+00
 208.552955     23.000  34.575287     8.2595    3.76865     22.806    32.9902    25.6578 0.0000e+00
 208.552967     24.000  34.656286     8.2799    3.52131     23.798    33.0564    25.7067 0.0000e+00
 208.552981     25.000  34.712425     8.2709    3.36519     24.790    33.1238    25.7609 0.0000e+00
 208.552996     26.000  34.714109     8.2283    3.24942     25.781    33.1653    25.7999 0.0000e+00
 208.553011     27.000  34.682254     8.1376    3.10577     26.773    33.2168    25.8537 0.0000e+00
 208.553028     28.000  34.665384     8.0833    2.91733     27.765    33.2499    25.8877 0.0000e+00
 208.553044     29.000  34.609639     7.9542    2.85989     28.756    33.3127    25.9560 0.0000e+00
 208.553062     30.000  34.526067     7.8027    2.86587     29.747    33.3674    26.0209 0.0000e+00
 208.553090     31.000  34.488456     7.7463    2.84846     30.739    33.3806    26.0393 0.0000e+00
 208.553122     32.000  34.438809     7.6478    2.82888     31.730    33.4212    26.0854 0.0000e+00
 207.190317     34.000  34.165708     7.5132    2.68963     33.714    33.2313    25.9494 0.0000e+00
 208.553323     35.000  34.387956     7.5462    2.69077     34.705    33.4627    26.1325 0.0000e+00
 208.553338     36.000  34.385570     7.4908    2.70404     35.697    33.5131    26.1800 0.0000e+00
 208.553351     37.000  34.391682     7.4478    2.68517     36.688    33.5608    26.2236 0.0000e+00
 208.553363     38.000  34.396929     7.4248    2.66908     37.680    33.5883    26.2485 0.0000e+00
 208.553375     39.000  34.399810     7.4118    2.67403     38.671    33.6035    26.2623 0.0000e+00
 208.553387     40.000  34.401491     7.4035    2.66887     39.662    33.6129    26.2708 0.0000e+00
 208.553399     41.000  34.405245     7.3915    2.66271     40.654    33.6282    26.2845 0.0000e+00
 208.553410     42.000  34.411555     7.3781    2.67432     41.645    33.6476    26.3017 0.0000e+00
 208.553421     43.000  34.417251     7.3706    2.66247     42.637    33.6605    26.3130 0.0000e+00
 208.553433     44.000  34.421200     7.3668    2.65748     43.628    33.6680    26.3194 0.0000e+00
 208.553445     45.000  34.422054     7.3627    2.65985     44.620    33.6724    26.3234 0.0000e+00
 208.553457     46.000  34.424096     7.3598    2.64120     45.611    33.6770    26.3274 0.0000e+00
 208.553468     47.000  34.426424     7.3579    2.62459     46.603    33.6809    26.3308 0.0000e+00
 208.553480     48.000  34.428318     7.3579    2.62536     47.594    33.6825    26.3321 0.0000e+00
 208.553491     49.000  34.430064     7.3590    2.62110     48.585    33.6829    26.3323 0.0000e+00
 208.553501     50.000  34.433369     7.3607    2.59116     49.577    33.6843    26.3331 0.0000e+00
 208.553512     51.000  34.436952     7.3618    2.57127     50.568    33.6866    26.3349 0.0000e+00
 208.553522     52.000  34.439085     7.3594    2.58006     51.560    33.6908    26.3385 0.0000e+00
 208.553534     53.000  34.442733     7.3589    2.56878     52.551    33.6948    26.3417 0.0000e+00
 208.553550     54.000  34.448716     7.3588    2.53959     53.542    33.7009    26.3465 0.0000e+00
