data/oxygen options/OCNMS/OCNMS2/raw_data/2004/CTD_CA100_082404faed.cnv
* Sea-Bird SBE19 Data File:
* FileName = C:\WINDOWS\Desktop\put hypoxia files here\CTD data\August 24_25-04\CA100_082404.hex
* Software Version 1.1.4
* Temperature SN = 2997
* Conductivity SN = 2997
* System UpLoad Time = Aug 24 2004 12:42:06
* SEACAT PROFILER V3.1c SN 2997   08/24/04  12:43:33.435
* strain gauge pressure sensor: S/N = 184829,  range = 3000 psia,  tc = 40
# nquan = 9                                 
# nvalues = 888                         
# units = specified
# name 0 = timeJ: Julian Days
# name 1 = prSM: Pressure, Strain Gauge [db]
# name 2 = c0mS/cm: Conductivity [mS/cm]
# name 3 = t090C: Temperature [ITS-90, deg C]
# name 4 = oxML/L: Oxygen, Beckman/YSI [ml/l]
# name 5 = depSM: Depth [salt water, m], lat = 47.5
# name 6 = sal00: Salinity, Practical [PSU]
# name 7 = sigma-é00: Density [sigma-theta, kg/m^3]
# name 8 = flag: flag
# span 0 = 237.506528, 237.511661       
# span 1 =     -4.608,     98.845       
# span 2 =   1.796154,  39.054728       
# span 3 =     7.5843,    14.9224       
# span 4 =   -0.05298,   30.32462       
# span 5 =     -4.570,     97.997       
# span 6 =     1.1498,    33.4923       
# span 7 =     0.0147,    26.1510       
# span 8 = 0.0000e+00, 0.0000e+00       
# interval = seconds: 0.5
# start_time = Aug 24 2004 12:09:24 [Instrument's time stamp, header]
# bad_flag = -9.990e-29
*END*
[from data line 161]
 237.507459     -0.335  39.039984    14.7817    9.15992     -0.332    31.6662    23.4496 -9.990e-29
 237.507465     -0.331  39.037746    14.7789    9.15618     -0.328    31.6665    23.4504 -9.990e-29
 237.507471     -0.328  39.036789    14.7742    9.15844     -0.325    31.6694    23.4537 -9.990e-29
 237.507477     -0.325  39.034160    14.7691    9.15580     -0.322    31.6712    23.4561 -9.990e-29
 237.507483     -0.323  39.030847    14.7661    9.14313     -0.320    31.6707    23.4563 -9.990e-29
 237.507488     -0.321  39.029167    14.7630    9.14786     -0.318    31.6717    23.4578 -9.990e-29
 237.507494     -0.315  39.026884    14.7584    9.16349     -0.312    31.6733    23.4600 -9.990e-29
 237.507500     -0.296  39.023205    14.7552    9.17788     -0.294    31.6726    23.4602 -9.990e-29
 237.507506     -0.266  39.020519    14.7567    9.17322     -0.264    31.6689    23.4570 -9.990e-29
 237.507512     -0.243  39.021421    14.7627    9.16170     -0.241    31.6649    23.4526 -9.990e-29
 237.507517     -0.227  39.025995    14.7694    9.14466     -0.225    31.6636    23.4502 -9.990e-29
 237.507523     -0.210  39.030808    14.7729    9.15474     -0.208    31.6651    23.4506 -9.990e-29
 237.507529     -0.190  39.032748    14.7737    9.16706     -0.188    31.6661    23.4513 -9.990e-29
 237.507535     -0.175  39.032725    14.7743    9.16010     -0.174    31.6656    23.4507 -9.990e-29
 237.507541     -0.168  39.032960    14.7750    9.15179     -0.167    31.6653    23.4503 -9.990e-29
 237.507546     -0.168  39.033208    14.7756    9.13165     -0.167    31.6650    23.4500 -9.990e-29
 237.507552     -0.172  39.033243    14.7759    9.12905     -0.171    31.6648    23.4498 -9.990e-29
 237.507558     -0.171  39.033118    14.7750    9.14193     -0.170    31.6654    23.4504 -9.990e-29
 237.507564     -0.165  39.032113    14.7734    9.14815     -0.164    31.6658    23.4511 -9.990e-29
 237.507569     -0.162  39.030575    14.7731    9.14899     -0.161    31.6647    23.4502 -9.990e-29
 237.507575     -0.166  39.029821    14.7742    9.14880     -0.165    31.6631    23.4488 -9.990e-29
 237.507581     -0.178  39.030535    14.7756    9.13782     -0.177    31.6626    23.4481 -9.990e-29
 237.507587     -0.189  39.031990    14.7767    9.14723     -0.187    31.6630    23.4482 -9.990e-29
 237.507593     -0.184  39.033328    14.7775    9.14961     -0.182    31.6636    23.4485 -9.990e-29
 237.507598     -0.161  39.034657    14.7780    9.15035     -0.160    31.6644    23.4490 -9.990e-29
 237.507604     -0.138  39.035510    14.7780    9.13889     -0.137    31.6651    23.4496 -9.990e-29
 237.507610     -0.120  39.035347    14.7773    9.11205     -0.119    31.6655    23.4500 -9.990e-29
 237.507616     -0.110  39.034517    14.7746    9.11872     -0.109    31.6670    23.4517 -9.990e-29
 237.507622     -0.109  39.032479    14.7677    9.11923     -0.108    31.6708    23.4561 -9.990e-29
 237.507627     -0.103  39.027642    14.7566    9.14421     -0.102    31.6754    23.4620 -9.990e-29
 237.507633     -0.088  39.019734    14.7471    9.15476     -0.087    31.6760    23.4645 -9.990e-29
 237.507639     -0.071  39.013360    14.7459    9.15145     -0.070    31.6712    23.4610 -9.990e-29
 237.507645     -0.056  39.013484    14.7513    9.14618     -0.056    31.6669    23.4566 -9.990e-29
 237.507650     -0.041  39.018032    14.7566    9.13462     -0.041    31.6667    23.4553 -9.990e-29
 237.507656     -0.021  39.021854    14.7573    9.14180     -0.021    31.6696    23.4574 -9.990e-29
 237.507662      0.009  39.021640    14.7527    9.14809      0.009    31.6731    23.4611 -9.990e-29
 237.507668      0.043  39.017670    14.7480    9.14629      0.043    31.6733    23.4622 -9.990e-29
 237.507674      0.069  39.014194    14.7484    9.13549      0.068    31.6699    23.4595 -9.990e-29
 237.507679      0.086  39.014992    14.7530    9.12112      0.085    31.6668    23.4562 -9.990e-29
 237.507685      0.095  39.018890    14.7567    9.12502      0.094    31.6673    23.4558 -9.990e-29
 237.507691      0.100  39.021552    14.7559    9.13066      0.099    31.6704    23.4583 -9.990e-29
 237.507697      0.105  39.020924    14.7512    9.12425      0.104    31.6737    23.4618 -9.990e-29
 237.507703      0.112  39.017859    14.7470    9.11574      0.111    31.6743    23.4632 -9.990e-29
 237.507708      0.121  39.015008    14.7456    9.10721      0.120    31.6729    23.4624 -9.990e-29
 237.507714      0.131  39.014184    14.7437    9.11634      0.130    31.6736    23.4634 -9.990e-29
 237.507720      0.145  39.013170    14.7384    9.12415      0.144    31.6770    23.4671 -9.990e-29
 237.507726      0.157  39.009496    14.7325    9.13969      0.156    31.6785    23.4695 -9.990e-29
 237.507731      0.166  39.005562    14.7315    9.13688      0.165    31.6758    23.4676 -9.990e-29
 237.507737      0.172  39.005101    14.7353    9.13878      0.171    31.6723    23.4641 -9.990e-29
 237.507743      0.174  39.007502    14.7402    9.12671      0.173    31.6704    23.4617 -9.990e-29
 237.507749      0.173  39.010361    14.7445    9.11614      0.172    31.6695    23.4601 -9.990e-29
 237.507755      0.173  39.013010    14.7483    9.12006      0.172    31.6688    23.4587 -9.990e-29
 237.507760      0.179  39.015621    14.7500    9.13007      0.178    31.6698    23.4591 -9.990e-29
 237.507766      0.187  39.016631    14.7491    9.14237      0.185    31.6714    23.4606 -9.990e-29
 237.507772      0.192  39.015150    14.7485    9.13454      0.190    31.6706    23.4600 -9.990e-29
 237.507778      0.196  39.014256    14.7497    9.11274      0.194    31.6688    23.4584 -9.990e-29
 237.507784      0.198  39.015568    14.7517    9.10086      0.196    31.6684    23.4576 -9.990e-29
 237.507789      0.203  39.017473    14.7542    9.11525      0.201    31.6681    23.4569 -9.990e-29
 237.507795      0.215  39.019153    14.7577    9.11814      0.213    31.6667    23.4551 -9.990e-29
 237.507801      0.231  39.021168    14.7614    9.12229      0.229    31.6655    23.4534 -9.990e-29
 237.507807      0.248  39.023408    14.7631    9.10334      0.246    31.6662    23.4535 -9.990e-29
 237.507813      0.262  39.024377    14.7629    9.10518      0.260    31.6672    23.4544 -9.990e-29
 237.507818      0.270  39.024251    14.7623    9.11242      0.268    31.6676    23.4548 -9.990e-29
 237.507824      0.276  39.023988    14.7617    9.10816      0.274    31.6678    23.4551 -9.990e-29
 237.507830      0.287  39.023244    14.7612    9.10603      0.285    31.6675    23.4550 -9.990e-29
 237.507836      0.297  39.022714    14.7607    9.10543      0.295    31.6675    23.4550 -9.990e-29
 237.507841      0.303  39.022819    14.7601    9.11959      0.300    31.6680    23.4556 -9.990e-29
 237.507847      0.307  39.022580    14.7601    9.11777      0.304    31.6678    23.4555 -9.990e-29
 237.507853      0.307  39.022245    14.7613    9.11260      0.304    31.6666    23.4542 -9.990e-29
 237.507859      0.312  39.022493    14.7632    9.10018      0.309    31.6652    23.4528 -9.990e-29
 237.507865      0.328  39.023101    14.7647    9.10147      0.325    31.6646    23.4520 -9.990e-29
 237.507870      0.341  39.023765    14.7654    9.10718      0.338    31.6646    23.4518 -9.990e-29
 237.507876      0.346  39.024251    14.7659    9.09602      0.343    31.6646    23.4517 -9.990e-29
 237.507882      0.345  39.024652    14.7663    9.09151      0.342    31.6646    23.4517 -9.990e-29
 237.507888      0.344  39.025506    14.7668    9.08373      0.341    31.6650    23.4519 -9.990e-29
 237.507894      0.337  39.026837    14.7673    9.09139      0.334    31.6658    23.4524 -9.990e-29
 237.507899      0.325  39.027621    14.7672    9.09478      0.322    31.6666    23.4530 -9.990e-29
 237.507905      0.320  39.027223    14.7663    9.07892      0.317    31.6670    23.4535 -9.990e-29
 237.507911      0.329  39.026243    14.7649    9.08026      0.326    31.6672    23.4540 -9.990e-29
 237.507917      0.350  39.025060    14.7633    9.07598      0.347    31.6675    23.4545 -9.990e-29
 237.507922      0.374  39.023785    14.7614    9.08691      0.371    31.6678    23.4552 -9.990e-29
 237.507928      0.395  39.022406    14.7589    9.09820      0.392    31.6686    23.4563 -9.990e-29
 237.507934      0.410  39.020211    14.7560    9.10052      0.407    31.6690    23.4572 -9.990e-29
 237.507940      0.425  39.017643    14.7532    9.10161      0.421    31.6689    23.4578 -9.990e-29
 237.507946      0.443  39.015958    14.7506    9.10135      0.439    31.6695    23.4588 -9.990e-29
 237.507951      0.459  39.015155    14.7486    9.09616      0.455    31.6704    23.4599 -9.990e-29
 237.507957      0.464  39.014912    14.7475    9.09233      0.460    31.6711    23.4606 -9.990e-29
 237.507963      0.463  39.014911    14.7474    9.09380      0.459    31.6712    23.4607 -9.990e-29
 237.507969      0.460  39.014781    14.7483    9.09209      0.456    31.6703    23.4599 -9.990e-29
 237.507975      0.456  39.014911    14.7498    9.09337      0.452    31.6692    23.4587 -9.990e-29
 237.507980      0.449  39.015479    14.7513    9.09337      0.445    31.6685    23.4578 -9.990e-29
 237.507986      0.443  39.016122    14.7525    9.08902      0.439    31.6681    23.4573 -9.990e-29
 237.507992      0.444  39.016581    14.7533    9.08565      0.440    31.6679    23.4569 -9.990e-29
 237.507998      0.445  39.016911    14.7538    9.07316      0.441    31.6678    23.4567 -9.990e-29
 237.508003      0.444  39.017553    14.7538    9.06569      0.440    31.6684    23.4572 -9.990e-29
 237.508009      0.439  39.018245    14.7536    9.07308      0.435    31.6692    23.4578 -9.990e-29
 237.508015      0.436  39.018230    14.7530    9.07144      0.432    31.6696    23.4583 -9.990e-29
 237.508021      0.438  39.017492    14.7523    9.07068      0.434    31.6695    23.4584 -9.990e-29
 237.508027      0.445  39.016733    14.7518    9.08276      0.441    31.6692    23.4583 -9.990e-29
 237.508032      0.458  39.016627    14.7519    9.08373      0.454    31.6691    23.4581 -9.990e-29
 237.508038      0.472  39.017035    14.7525    9.08574      0.468    31.6689    23.4579 -9.990e-29
 237.508044      0.486  39.017382    14.7533    9.08582      0.482    31.6686    23.4575 -9.990e-29
 237.508050      0.500  39.017571    14.7542    9.08045      0.496    31.6680    23.4569 -9.990e-29
 237.508056      0.513  39.017858    14.7549    9.08583      0.509    31.6677    23.4565 -9.990e-29
 237.508061      0.529  39.018068    14.7553    9.08726      0.525    31.6676    23.4563 -9.990e-29
 237.508067      0.546  39.017924    14.7554    9.08122      0.541    31.6674    23.4561 -9.990e-29
 237.508073      0.563  39.017797    14.7554    9.06074      0.558    31.6672    23.4560 -9.990e-29
 237.508079      0.572  39.018083    14.7554    9.05399      0.567    31.6675    23.4562 -9.990e-29
 237.508084      0.569  39.018603    14.7554    9.05907      0.564    31.6680    23.4566 -9.990e-29
 237.508090      0.558  39.018931    14.7555    9.05760      0.553    31.6682    23.4567 -9.990e-29
 237.508096      0.547  39.018948    14.7557    9.06050      0.542    31.6680    23.4565 -9.990e-29
 237.508102      0.539  39.018682    14.7563    9.04748      0.535    31.6673    23.4559 -9.990e-29
 237.508108      0.535  39.018341    14.7572    9.04102      0.531    31.6663    23.4549 -9.990e-29
 237.508113      0.533  39.018595    14.7577    9.04328      0.529    31.6661    23.4546 -9.990e-29
 237.508119      0.534  39.019226    14.7576    9.05862      0.530    31.6667    23.4552 -9.990e-29
 237.508125      0.538  39.019396    14.7574    9.06755      0.534    31.6671    23.4554 -9.990e-29
 237.508131      0.545  39.019335    14.7576    9.06552      0.540    31.6668    23.4552 -9.990e-29
 237.508137      0.551  39.019525    14.7576    9.05850      0.546    31.6670    23.4554 -9.990e-29
 237.508142      0.552  39.019661    14.7574    9.05358      0.547    31.6673    23.4556 -9.990e-29
 237.508148      0.549  39.019365    14.7569    9.05681      0.544    31.6674    23.4558 -9.990e-29
 237.508154      0.540  39.018807    14.7558    9.05950      0.535    31.6678    23.4564 -9.990e-29
 237.508160      0.531  39.018369    14.7545    9.05785      0.527    31.6685    23.4572 -9.990e-29
 237.508166      0.524  39.018031    14.7533    9.05983      0.520    31.6692    23.4579 -9.990e-29
 237.508171      0.519  39.017347    14.7524    9.05457      0.515    31.6693    23.4582 -9.990e-29
 237.508177      0.515  39.016528    14.7530    9.05902      0.511    31.6681    23.4571 -9.990e-29
 237.508183      0.518  39.016730    14.7555    9.05793      0.514    31.6662    23.4552 -9.990e-29
 237.508189      0.531  39.018225    14.7582    9.06163      0.527    31.6654    23.4540 -9.990e-29
 237.508194      0.551  39.019643    14.7593    9.05307      0.546    31.6657    23.4540 -9.990e-29
 237.508200      0.570  39.020073    14.7592    9.04601      0.565    31.6662    23.4544 -9.990e-29
 237.508206      0.586  39.020092    14.7589    9.04634      0.581    31.6665    23.4547 -9.990e-29
 237.508212      0.604  39.020289    14.7585    9.05498      0.599    31.6670    23.4551 -9.990e-29
 237.508218      0.624  39.020369    14.7577    9.06815      0.619    31.6677    23.4558 -9.990e-29
 237.508223      0.645  39.019881    14.7569    9.06361      0.640    31.6679    23.4562 -9.990e-29
 237.508229      0.667  39.019299    14.7568    9.05312      0.661    31.6674    23.4558 -9.990e-29
 237.508235      0.687  39.019535    14.7570    9.04163      0.681    31.6675    23.4558 -9.990e-29
 237.508241      0.702  39.020345    14.7567    9.02670      0.696    31.6684    23.4566 -9.990e-29
 237.508247      0.713  39.020566    14.7558    9.04000      0.707    31.6694    23.4575 -9.990e-29
 237.508252      0.722  39.019936    14.7546    9.05871      0.716    31.6698    23.4581 -9.990e-29
 237.508258      0.728  39.019300    14.7536    9.05443      0.722    31.6700    23.4585 -9.990e-29
 237.508264      0.733  39.018936    14.7529    9.04219      0.727    31.6702    23.4588 -9.990e-29
 237.508270      0.735  39.018362    14.7520    9.03684      0.729    31.6704    23.4592 -9.990e-29
 237.508275      0.736  39.017375    14.7511    9.04544      0.730    31.6703    23.4593 -9.990e-29
 237.508281      0.736  39.016345    14.7505    9.05600      0.730    31.6698    23.4590 -9.990e-29
 237.508287      0.734  39.015585    14.7504    9.04854      0.728    31.6692    23.4586 -9.990e-29
 237.508293      0.730  39.015207    14.7504    9.03824      0.724    31.6689    23.4583 -9.990e-29
 237.508299      0.724  39.015271    14.7505    9.04629      0.718    31.6689    23.4583 -9.990e-29
 237.508304      0.721  39.015305    14.7510    9.04679      0.715    31.6685    23.4579 -9.990e-29
 237.508310      0.727  39.015357    14.7525    9.05232      0.721    31.6673    23.4567 -9.990e-29
 237.508316      0.749  39.016061    14.7549    9.05283      0.743    31.6660    23.4552 -9.990e-29
 237.508322      0.779  39.017238    14.7570    9.05433      0.772    31.6653    23.4542 -9.990e-29
 237.508328      0.801  39.018216    14.7579    9.05388      0.794    31.6655    23.4541 -9.990e-29
 237.508333      0.813  39.018616    14.7584    9.04553      0.806    31.6654    23.4540 -9.990e-29
 237.508339      0.824  39.018976    14.7589    9.04021      0.817    31.6654    23.4538 -9.990e-29
 237.508345      0.831  39.019781    14.7595    9.04474      0.824    31.6656    23.4539 -9.990e-29
 237.508351      0.824  39.020422    14.7599    9.05011      0.817    31.6658    23.4540 -9.990e-29
 237.508356      0.814  39.020635    14.7601    9.05242      0.807    31.6659    23.4540 -9.990e-29
 237.508362      0.807  39.020708    14.7602    9.03280      0.800    31.6659    23.4539 -9.990e-29
 237.508368      0.802  39.020743    14.7602    9.02663      0.795    31.6659    23.4540 -9.990e-29
 237.508374      0.801  39.020790    14.7601    9.03283      0.794    31.6660    23.4541 -9.990e-29
