data/oxygen options/OCNMS/OCNMS2/raw_data/2004/CTD_CA80_102104faed.cnv
* Sea-Bird SBE19 Data File:
* FileName = C:\WINDOWS\Desktop\put hypoxia files here\CTD data\October 21-04\CA\Raw\CA80_102104.hex
* Software Version 1.1.4
* Temperature SN = 2997
* Conductivity SN = 2997
* System UpLoad Time = Oct 21 2004 14:37:06
* SEACAT PROFILER V3.1c SN 2997   10/21/04  14:42:25.951
* strain gauge pressure sensor: S/N = 184829,  range = 3000 psia,  tc = 40
# nquan = 9                                 
# nvalues = 757                         
# units = specified
# name 0 = timeJ: Julian Days
# name 1 = prSM: Pressure, Strain Gauge [db]
# name 2 = c0mS/cm: Conductivity [mS/cm]
# name 3 = t090C: Temperature [ITS-90, deg C]
# name 4 = oxML/L: Oxygen, Beckman/YSI [ml/l]
# name 5 = depSM: Depth [salt water, m], lat = 47.5
# name 6 = sal00: Salinity, Practical [PSU]
# name 7 = sigma-é00: Density [sigma-theta, kg/m^3]
# name 8 = flag: flag
# span 0 = 295.565602, 295.569977       
# span 1 =     -4.388,     79.809       
# span 2 =   0.580635,  37.583633       
# span 3 =     7.8954,    13.1520       
# span 4 =   -0.05863,   33.16116       
# span 5 =     -4.351,     79.128       
# span 6 =     0.3865,    33.3231       
# span 7 =    -0.1301,    25.9734       
# span 8 = 0.0000e+00, 0.0000e+00       
# interval = seconds: 0.5
# start_time = Oct 21 2004 13:34:28 [Instrument's time stamp, header]
# bad_flag = -9.990e-29
*END*
[from data line 641]
 295.569311     53.490  34.723904     8.1988    3.35311     53.037    33.1908    25.8246 0.0000e+00
 295.569317     53.053  34.731939     8.2165    3.36372     52.603    33.1828    25.8157 0.0000e+00
 295.569323     52.620  34.742389     8.2391    3.34657     52.174    33.1727    25.8045 0.0000e+00
 295.569329     52.175  34.758566     8.2686    3.32616     51.733    33.1622    25.7919 0.0000e+00
 295.569334     51.713  34.779090     8.3108    3.31562     51.275    33.1444    25.7716 0.0000e+00
 295.569340     51.234  34.807815     8.3487    3.28685     50.800    33.1393    25.7619 0.0000e+00
 295.569346     50.745  34.829824     8.3673    3.29657     50.315    33.1453    25.7638 0.0000e+00
 295.569352     50.259  34.835822     8.3725    3.30212     49.833    33.1470    25.7643 0.0000e+00
 295.569358     49.784  34.834969     8.3723    3.30631     49.363    33.1465    25.7640 0.0000e+00
 295.569363     49.318  34.832888     8.3715    3.30744     48.901    33.1452    25.7631 0.0000e+00
 295.569369     48.855  34.830762     8.3720    3.30374     48.442    33.1427    25.7611 0.0000e+00
 295.569375     48.390  34.828588     8.3745    3.31494     47.981    33.1383    25.7572 0.0000e+00
 295.569381     47.927  34.827420     8.3785    3.33921     47.521    33.1335    25.7528 0.0000e+00
 295.569387     47.469  34.827978     8.3830    3.35488     47.067    33.1301    25.7495 0.0000e+00
 295.569392     47.014  34.829915     8.3885    3.36775     46.616    33.1272    25.7463 0.0000e+00
 295.569398     46.561  34.833044     8.3974    3.38322     46.167    33.1223    25.7412 0.0000e+00
 295.569404     46.097  34.838765     8.4165    3.36894     45.707    33.1106    25.7291 0.0000e+00
 295.569410     45.619  34.851932     8.4548    3.35296     45.233    33.0887    25.7062 0.0000e+00
 295.569416     45.126  34.879483     8.5145    3.32939     44.744    33.0620    25.6763 0.0000e+00
 295.569421     44.617  34.921191     8.5850    3.32495     44.240    33.0401    25.6484 0.0000e+00
 295.569427     44.098  34.966555     8.6510    3.33665     43.725    33.0263    25.6275 0.0000e+00
 295.569433     43.579  35.005470     8.7054    3.38009     43.211    33.0166    25.6116 0.0000e+00
 295.569439     43.070  35.033808     8.7457    3.44960     42.706    33.0089    25.5994 0.0000e+00
 295.569444     42.573  35.052398     8.7720    3.48169     42.213    33.0041    25.5915 0.0000e+00
 295.569450     42.082  35.062524     8.8134    3.52840     41.727    32.9763    25.5634 0.0000e+00
 295.569456     41.595  35.079966     8.9166    3.54536     41.244    32.8990    25.4868 0.0000e+00
 295.569462     41.116  35.137544     9.0709    3.56812     40.769    32.8165    25.3982 0.0000e+00
 295.569468     40.645  35.229652     9.2108    3.59513     40.302    32.7833    25.3503 0.0000e+00
 295.569473     40.181  35.309288     9.2955    3.61327     39.842    32.7880    25.3405 0.0000e+00
 295.569479     39.739  35.351515     9.3331    3.65051     39.404    32.7973    25.3417 0.0000e+00
 295.569485     39.323  35.366723     9.3507    3.67297     38.991    32.7970    25.3387 0.0000e+00
 295.569491     38.912  35.374113     9.3671    3.71876     38.584    32.7897    25.3304 0.0000e+00
 295.569497     38.484  35.384134     9.3938    3.73412     38.159    32.7758    25.3152 0.0000e+00
 295.569502     38.034  35.401207     9.4409    3.76335     37.713    32.7504    25.2878 0.0000e+00
 295.569508     37.558  35.427945     9.5158    3.79848     37.241    32.7097    25.2440 0.0000e+00
 295.569514     37.056  35.466958     9.6198    3.83524     36.743    32.6552    25.1845 0.0000e+00
 295.569520     36.539  35.517041     9.7329    3.86353     36.231    32.6039    25.1261 0.0000e+00
 295.569525     36.022  35.564286     9.8310    3.88302     35.718    32.5635    25.0785 0.0000e+00
 295.569531     35.505  35.602219     9.9100    3.91638     35.206    32.5310    25.0401 0.0000e+00
 295.569537     34.987  35.636620     9.9736    3.96142     34.692    32.5089    25.0123 0.0000e+00
 295.569543     34.467  35.667433    10.0274    4.01893     34.176    32.4919    24.9901 0.0000e+00
 295.569549     33.948  35.695418    10.0773    4.09288     33.662    32.4756    24.9691 0.0000e+00
 295.569554     33.431  35.723732    10.1285    4.18878     33.149    32.4585    24.9472 0.0000e+00
 295.569560     32.917  35.753163    10.1910    4.26541     32.640    32.4325    24.9165 0.0000e+00
 295.569566     32.408  35.787674    10.2869    4.35833     32.135    32.3818    24.8608 0.0000e+00
 295.569572     31.905  35.844162    10.4438    4.44935     31.636    32.2991    24.7698 0.0000e+00
 295.569578     31.407  35.946967    10.6540    4.56517     31.143    32.2160    24.6691 0.0000e+00
 295.569583     30.908  36.090234    10.8526    4.70134     30.648    32.1838    24.6096 0.0000e+00
 295.569589     30.410  36.220026    10.9883    4.82614     30.154    32.1933    24.5934 0.0000e+00
 295.569595     29.921  36.296408    11.0822    4.93487     29.669    32.1866    24.5716 0.0000e+00
 295.569601     29.438  36.343917    11.1813    5.00613     29.190    32.1470    24.5233 0.0000e+00
 295.569606     28.953  36.402961    11.3006    5.06980     28.709    32.1012    24.4665 0.0000e+00
 295.569612     28.457  36.477730    11.4131    5.10125     28.218    32.0769    24.4274 0.0000e+00
 295.569618     27.952  36.544605    11.4938    5.11423     27.717    32.0724    24.4094 0.0000e+00
 295.569624     27.444  36.590194    11.5498    5.12630     27.213    32.0686    24.3963 0.0000e+00
 295.569630     26.936  36.621505    11.6031    5.13960     26.709    32.0532    24.3747 0.0000e+00
 295.569635     26.425  36.652298    11.6682    5.20090     26.203    32.0271    24.3426 0.0000e+00
 295.569641     25.909  36.691145    11.7398    5.28404     25.691    32.0033    24.3110 0.0000e+00
 295.569647     25.394  36.733245    11.8053    5.37318     25.181    31.9879    24.2871 0.0000e+00
 295.569653     24.880  36.768610    11.8666    5.44574     24.671    31.9697    24.2617 0.0000e+00
 295.569659     24.362  36.799578    11.9488    5.50818     24.157    31.9293    24.2152 0.0000e+00
 295.569664     23.836  36.845612    12.0833    5.55769     23.636    31.8589    24.1357 0.0000e+00
 295.569670     23.303  36.929439    12.2565    5.61388     23.107    31.7922    24.0516 0.0000e+00
 295.569676     22.767  37.039503    12.4071    5.65659     22.576    31.7699    24.0061 0.0000e+00
 295.569682     22.243  37.128026    12.5031    5.69593     22.056    31.7733    23.9905 0.0000e+00
 295.569687     21.743  37.177397    12.5555    5.73985     21.560    31.7762    23.9828 0.0000e+00
 295.569693     21.274  37.201354    12.5824    5.77683     21.095    31.7765    23.9778 0.0000e+00
 295.569699     20.837  37.210016    12.6008    5.81886     20.662    31.7694    23.9688 0.0000e+00
 295.569705     20.425  37.213851    12.6206    5.84899     20.254    31.7565    23.9550 0.0000e+00
 295.569711     20.024  37.221934    12.6475    5.89118     19.856    31.7416    23.9384 0.0000e+00
 295.569716     19.619  37.238906    12.6830    5.93385     19.454    31.7280    23.9210 0.0000e+00
 295.569722     19.200  37.262759    12.7275    5.97394     19.039    31.7133    23.9011 0.0000e+00
 295.569728     18.766  37.292246    12.7821    6.00186     18.609    31.6956    23.8769 0.0000e+00
 295.569734     18.315  37.327464    12.8458    6.02005     18.161    31.6756    23.8491 0.0000e+00
 295.569740     17.846  37.366624    12.9220    6.02367     17.696    31.6489    23.8138 0.0000e+00
 295.569745     17.353  37.414871    13.0024    6.01649     17.207    31.6274    23.7815 0.0000e+00
 295.569751     16.834  37.467599    13.0629    6.02609     16.693    31.6267    23.7691 0.0000e+00
 295.569757     16.297  37.506550    13.0950    6.02623     16.160    31.6367    23.7706 0.0000e+00
 295.569763     15.753  37.525943    13.1103    6.05054     15.621    31.6423    23.7720 0.0000e+00
 295.569769     15.212  37.533735    13.1196    6.05543     15.084    31.6421    23.7699 0.0000e+00
 295.569774     14.663  37.538673    13.1267    6.05978     14.540    31.6410    23.7677 0.0000e+00
 295.569780     14.090  37.544010    13.1332    6.08094     13.972    31.6408    23.7663 0.0000e+00
 295.569786     13.481  37.548484    13.1397    6.08564     13.368    31.6399    23.7642 0.0000e+00
 295.569792     12.859  37.550803    13.1456    6.10158     12.751    31.6374    23.7611 0.0000e+00
 295.569797     12.260  37.550352    13.1499    6.08456     12.157    31.6336    23.7574 0.0000e+00
 295.569803     11.690  37.547115    13.1509    6.06539     11.592    31.6299    23.7543 0.0000e+00
 295.569809     11.133  37.539782    13.1453    6.04378     11.040    31.6280    23.7539 0.0000e+00
 295.569815     10.585  37.519707    13.1295    6.02771     10.496    31.6225    23.7527 0.0000e+00
 295.569821     10.043  37.479382    13.1047    6.00846      9.959    31.6056    23.7445 0.0000e+00
 295.569826      9.514  37.427294    13.0743    5.98266      9.434    31.5822    23.7323 0.0000e+00
 295.569832      9.001  37.373070    13.0377    6.00874      8.926    31.5619    23.7238 0.0000e+00
 295.569838      8.502  37.312826    12.9974    6.00751      8.431    31.5391    23.7139 0.0000e+00
 295.569844      8.016  37.246990    12.9628    6.01761      7.949    31.5061    23.6951 0.0000e+00
 295.569850      7.545  37.188161    12.9430    6.02786      7.482    31.4674    23.6690 0.0000e+00
 295.569855      7.093  37.144819    12.9389    6.03180      7.034    31.4302    23.6410 0.0000e+00
 295.569861      6.672  37.115807    12.9440    6.04767      6.616    31.3988    23.6157 0.0000e+00
 295.569867      6.292  37.097772    12.9507    6.06158      6.239    31.3765    23.5971 0.0000e+00
 295.569873      5.955  37.087980    12.9562    6.07254      5.905    31.3628    23.5855 0.0000e+00
 295.569878      5.649  37.081230    12.9608    6.09600      5.602    31.3528    23.5768 0.0000e+00
 295.569884      5.349  37.075254    12.9653    6.12173      5.304    31.3436    23.5688 0.0000e+00
 295.569890      5.037  37.072737    12.9723    6.13198      4.995    31.3355    23.5612 0.0000e+00
 295.569896      4.705  37.073128    12.9827    6.16412      4.666    31.3274    23.5529 0.0000e+00
 295.569902      4.354  37.074708    12.9950    6.16132      4.318    31.3189    23.5439 0.0000e+00
 295.569907      3.991  37.078464    13.0083    6.14286      3.958    31.3116    23.5357 0.0000e+00
 295.569913      3.633  37.084361    13.0214    6.14197      3.603    31.3064    23.5291 0.0000e+00
 295.569919      3.294  37.090733    13.0334    6.07857      3.266    31.3026    23.5239 0.0000e+00
 295.569925      2.979  37.097111    13.0441 -9.990e-29      2.954    31.2999    23.5197 0.0000e+00
 295.569931      2.685  37.103030    13.0538 -9.990e-29      2.663    31.2976    23.5160 0.0000e+00
 295.569936      2.411  37.108534    13.0633 -9.990e-29      2.391    31.2950    23.5121 0.0000e+00
 295.569942      2.156  37.114794    13.0708 -9.990e-29      2.138    31.2948    23.5105 0.0000e+00
 295.569948      1.925  37.120068    13.0714 -9.990e-29      1.909    31.2993    23.5139 0.0000e+00
 295.569954      1.730  37.119614    13.0639 -9.990e-29      1.716    31.3052    23.5198 0.0000e+00
 295.569959      1.575  37.111710    13.0521 -9.990e-29      1.562    31.3075    23.5240 -9.990e-29
 295.569965      1.459  37.099275    13.0400 -9.990e-29      1.447    31.3059    23.5251 -9.990e-29
 295.569971      1.387  37.084237    13.0341 -9.990e-29      1.375    31.2967    23.5191 -9.990e-29
 295.569977      1.364  37.069533 -9.990e-29 -9.990e-29      1.353 -9.990e-29 -9.990e-29 -9.990e-29
