data/oxygen options/OCNMS/OCNMS2/raw_data/2004/CTD_TH30_802404faed.cnv
* Sea-Bird SBE19 Data File:
* FileName = C:\WINDOWS\Desktop\put hypoxia files here\CTD data\August 24_25-04\TH\TH30_802404.hex
* Software Version 1.1.4
* Temperature SN = 2997
* Conductivity SN = 2997
* System UpLoad Time = Aug 24 2004 16:21:19
* SEACAT PROFILER V3.1c SN 2997   08/24/04  16:22:14.371
* strain gauge pressure sensor: S/N = 184829,  range = 3000 psia,  tc = 40
# nquan = 9                                 
# nvalues = 533                         
# units = specified
# name 0 = timeJ: Julian Days
# name 1 = prSM: Pressure, Strain Gauge [db]
# name 2 = c0mS/cm: Conductivity [mS/cm]
# name 3 = t090C: Temperature [ITS-90, deg C]
# name 4 = oxML/L: Oxygen, Beckman/YSI [ml/l]
# name 5 = depSM: Depth [salt water, m], lat = 47.5
# name 6 = sal00: Salinity, Practical [PSU]
# name 7 = sigma-é00: Density [sigma-theta, kg/m^3]
# name 8 = flag: flag
# span 0 = 237.644711, 237.647789       
# span 1 =     -5.018,     30.211       
# span 2 =   2.264342,  40.077472       
# span 3 =     8.6462,    15.6016       
# span 4 =   -0.04359,   29.27261       
# span 5 =     -4.976,     29.957       
# span 6 =     1.4403,    33.2931       
# span 7 =     0.1221,    25.8205       
# span 8 = 0.0000e+00, 0.0000e+00       
# interval = seconds: 0.5
# start_time = Aug 24 2004 15:28:23 [Instrument's time stamp, header]
# bad_flag = -9.990e-29
*END*
 237.644711     -5.018 -9.990e-29    15.6016   -0.04357     -4.976 -9.990e-29 -9.990e-29 -9.990e-29
 237.644716     -4.974   2.264342    15.5858   -0.04359     -4.933     1.4403     0.1221 -9.990e-29
 237.644722     -4.918   2.400186    15.5356   -0.04358     -4.877     1.5335     0.2019 -9.990e-29
 237.644728     -4.842   3.305341    15.4340   -0.04359     -4.802     2.1566     0.6976 -9.990e-29
 237.644734     -4.736   6.542797    15.3056   -0.04358     -4.697     4.4777     2.5007 -9.990e-29
 237.644740     -4.602  13.549172    15.1946   -0.04358     -4.564     9.8305     6.6197 -9.990e-29
 237.644745     -4.458  23.516300    15.1304   -0.04357     -4.421    17.9426    12.8413 -9.990e-29
 237.644751     -4.329  32.641806    15.1084   -0.04358     -4.293    25.7481    18.8305 -9.990e-29
 237.644757     -4.223  37.561556    15.1034   -0.04359     -4.188    30.0873    22.1661 -9.990e-29
 237.644763     -4.134  39.201718    15.0997   -0.04359     -4.100    31.5557    23.2967 -9.990e-29
 237.644769     -4.057  39.748100    15.0956   -0.04359     -4.023    32.0495    23.6776 -9.990e-29
 237.644774     -3.985  39.929828    15.0941   -0.04359     -3.952    32.2141    23.8047 -9.990e-29
 237.644780     -3.920  39.990377    15.0946   -0.04359     -3.887    32.2681    23.8462 -9.990e-29
 237.644786     -3.861  40.009409    15.0954   -0.04358     -3.829    32.2845    23.8586 -9.990e-29
 237.644792     -3.804  40.016837    15.0977   -0.04358     -3.772    32.2893    23.8618 -9.990e-29
 237.644797     -3.746  40.027107    15.0990   -0.04357     -3.715    32.2974    23.8678 -9.990e-29
 237.644803     -3.688  40.037130    15.0952   -0.04355     -3.657    32.3096    23.8780 -9.990e-29
 237.644809     -3.633  40.041245    15.0897   -0.04357     -3.603    32.3178    23.8855 -9.990e-29
 237.644815     -3.584  40.042182    15.0872   -0.04358     -3.554    32.3207    23.8883 -9.990e-29
 237.644821     -3.537  40.041802    15.0871   -0.04358     -3.508    32.3204    23.8881 -9.990e-29
 237.644826     -3.493  40.037967    15.0882   -0.04356     -3.464    32.3160    23.8845 -9.990e-29
 237.644832     -3.453  40.032907    15.0906   -0.04355     -3.424    32.3095    23.8789 -9.990e-29
 237.644838     -3.416  40.032832    15.0935   -0.04356     -3.388    32.3070    23.8764 -9.990e-29
 237.644844     -3.383  40.039378    15.0978   -0.04357     -3.355    32.3093    23.8772 -9.990e-29
 237.644850     -3.356  40.048419    15.1051   -0.04357     -3.328    32.3114    23.8773 -9.990e-29
 237.644855     -3.330  40.055226    15.1112   -0.04356     -3.302    32.3125    23.8768 -9.990e-29
 237.644861     -3.298  40.056022    15.1111   -0.04355     -3.271    32.3133    23.8774 -9.990e-29
 237.644867     -3.263  40.047995    15.1080   -0.04357     -3.236    32.3086    23.8745 -9.990e-29
 237.644873     -3.226  40.037890    15.1078   -0.04358     -3.199    32.2997    23.8677 -9.990e-29
 237.644878     -3.189  40.037531    15.1122   -0.04358     -3.162    32.2957    23.8636 -9.990e-29
 237.644884     -3.156  40.048735    15.1177   -0.04358     -3.130    32.3012    23.8667 -9.990e-29
 237.644890     -3.123  40.060120    15.1180   -0.04357     -3.097    32.3112    23.8743 -9.990e-29
 237.644896     -3.092  40.057743    15.1131   -0.04358     -3.066    32.3131    23.8769 -9.990e-29
 237.644902     -3.062  40.045779    15.1100   -0.04358     -3.036    32.3049    23.8712 -9.990e-29
 237.644907     -3.026  40.043117    15.1125   -0.04358     -3.001    32.3004    23.8672 -9.990e-29
 237.644913     -2.987  40.052991    15.1143   -0.04358     -2.962    32.3078    23.8725 -9.990e-29
 237.644919     -2.947  40.060560    15.1095   -0.04358     -2.922    32.3185    23.8818 -9.990e-29
 237.644925     -2.906  40.059135    15.1021   -0.04358     -2.882    32.3234    23.8871 -9.990e-29
 237.644931     -2.871  40.057531    15.0985   -0.04357     -2.847    32.3249    23.8891 -9.990e-29
 237.644936     -2.849  40.062074    15.0992   -0.04356     -2.825    32.3284    23.8916 -9.990e-29
 237.644942     -2.842  40.065404    15.0997   -0.04356     -2.818    32.3310    23.8935 -9.990e-29
 237.644948     -2.841  40.060790    15.0977   -0.04356     -2.817    32.3285    23.8920 -9.990e-29
 237.644954     -2.833  40.053914    15.0954   -0.04356     -2.809    32.3242    23.8892 -9.990e-29
 237.644959     -2.814  40.053617    15.0945   -0.04356     -2.791    32.3246    23.8898 -9.990e-29
 237.644965     -2.786  40.058432    15.0948   -0.04356     -2.763    32.3287    23.8928 -9.990e-29
 237.644971     -2.757  40.060803    15.0961   -0.04356     -2.734    32.3298    23.8934 -9.990e-29
 237.644977     -2.729  40.061696    15.0993   -0.04354     -2.706    32.3279    23.8913 -9.990e-29
 237.644983     -2.699  40.065160    15.1053   -0.04355     -2.676    32.3261    23.8885 -9.990e-29
 237.644988     -2.671  40.069129    15.1117   -0.04357     -2.649    32.3243    23.8858 -9.990e-29
 237.644994     -2.647  40.071092    15.1147   -0.04357     -2.625    32.3236    23.8846 -9.990e-29
 237.645000     -2.622  40.071476    15.1153   -0.04355     -2.600    32.3234    23.8844 -9.990e-29
 237.645006     -2.592  40.071405    15.1159   -0.04355     -2.570    32.3229    23.8838 -9.990e-29
 237.645012     -2.566  40.072522    15.1169   -0.04356     -2.545    32.3230    23.8837 -9.990e-29
 237.645017     -2.545  40.074683    15.1185   -0.04357     -2.524    32.3237    23.8838 -9.990e-29
 237.645023     -2.525  40.076331    15.1224   -0.04357     -2.504    32.3219    23.8817 -9.990e-29
 237.645029     -2.500  40.077472    15.1270   -0.04357     -2.479    32.3191    23.8785 -9.990e-29
 237.645035     -2.472  40.076310    15.1265   -0.04357     -2.451    32.3185    23.8781 -9.990e-29
 237.645041     -2.443  40.068542    15.1216   -0.04357     -2.423    32.3155    23.8769 -9.990e-29
 237.645046     -2.409  40.057332    15.1192   -0.04357     -2.389    32.3074    23.8712 -9.990e-29
 237.645052     -2.366  40.054717    15.1218   -0.04357     -2.346    32.3029    23.8672 -9.990e-29
 237.645058     -2.320  40.062869    15.1248   -0.04357     -2.301    32.3077    23.8702 -9.990e-29
 237.645064     -2.277  40.068580    15.1229   -0.04356     -2.258    32.3144    23.8758 -9.990e-29
 237.645069     -2.243  40.063807    15.1181   -0.04355     -2.224    32.3141    23.8766 -9.990e-29
 237.645075     -2.215  40.057948    15.1150   -0.04356     -2.197    32.3114    23.8751 -9.990e-29
 237.645081     -2.193  40.059515    15.1144   -0.04357     -2.175    32.3133    23.8767 -9.990e-29
 237.645087     -2.178  40.062230    15.1140   -0.04357     -2.160    32.3160    23.8790 -9.990e-29
 237.645093     -2.161  40.060225    15.1127   -0.04357     -2.143    32.3153    23.8787 -9.990e-29
 237.645098     -2.138  40.057050    15.1116   -0.04356     -2.120    32.3133    23.8774 -9.990e-29
 237.645104     -2.114  40.056939    15.1121   -0.04356     -2.096    32.3128    23.8769 -9.990e-29
 237.645110     -2.089  40.059795    15.1154   -0.04356     -2.072    32.3127    23.8761 -9.990e-29
 237.645116     -2.061  40.063868    15.1212   -0.04355     -2.044    32.3115    23.8739 -9.990e-29
 237.645122     -2.037  40.066784    15.1254   -0.04357     -2.020    32.3107    23.8724 -9.990e-29
 237.645127     -2.019  40.065187    15.1243   -0.04357     -2.002    32.3101    23.8722 -9.990e-29
 237.645133     -2.002  40.057562    15.1208   -0.04357     -1.985    32.3062    23.8699 -9.990e-29
 237.645139     -1.976  40.048385    15.1192   -0.04356     -1.960    32.2992    23.8649 -9.990e-29
 237.645145     -1.940  40.046789    15.1202   -0.04356     -1.924    32.2969    23.8629 -9.990e-29
 237.645150     -1.900  40.053502    15.1232   -0.04356     -1.884    32.3005    23.8650 -9.990e-29
 237.645156     -1.862  40.059571    15.1266   -0.04357     -1.846    32.3031    23.8663 -9.990e-29
 237.645162     -1.832  40.061357    15.1293   -0.04357     -1.817    32.3025    23.8652 -9.990e-29
 237.645168     -1.813  40.060169    15.1295   16.35638     -1.798    32.3012    23.8642 -9.990e-29
 237.645174     -1.799  40.054476    15.1255   27.65419     -1.784    32.2994    23.8637 -9.990e-29
 237.645179     -1.780  40.044594    15.1210   29.27261     -1.765    32.2942    23.8607 -9.990e-29
 237.645185     -1.756  40.038160    15.1199   25.70967     -1.741    32.2894    23.8572 -9.990e-29
 237.645191     -1.734  40.040673    15.1223   16.75747     -1.720    32.2896    23.8568 -9.990e-29
 237.645197     -1.715  40.048800    15.1254   13.34643     -1.701    32.2944    23.8598 -9.990e-29
 237.645203     -1.700  40.054912    15.1261   13.36482     -1.686    32.2993    23.8635 -9.990e-29
 237.645208     -1.686  40.052622    15.1242   13.32841     -1.672    32.2988    23.8635 -9.990e-29
 237.645214     -1.674  40.043978    15.1222   13.33229     -1.660    32.2927    23.8592 -9.990e-29
 237.645220     -1.663  40.036022    15.1205   13.33224     -1.649    32.2869    23.8551 -9.990e-29
 237.645226     -1.651  40.030540    15.1191   13.33326     -1.637    32.2831    23.8525 -9.990e-29
 237.645231     -1.639  40.025886    15.1185   13.33278     -1.625    32.2794    23.8498 -9.990e-29
 237.645237     -1.624  40.023197    15.1185   13.33473     -1.610    32.2770    23.8480 -9.990e-29
 237.645243     -1.612  40.022868    15.1189   13.33874     -1.599    32.2764    23.8474 -9.990e-29
 237.645249     -1.604  40.022265    15.1194   13.33875     -1.591    32.2754    23.8465 -9.990e-29
 237.645255     -1.597  40.021197    15.1195   12.40128     -1.584    32.2744    23.8457 -9.990e-29
 237.645260     -1.586  40.021096    15.1190   10.24404     -1.573    32.2747    23.8461 -9.990e-29
 237.645266     -1.569  40.021318    15.1183    8.87362     -1.556    32.2755    23.8468 -9.990e-29
 237.645272     -1.551  40.021089    15.1174    8.20456     -1.538    32.2760    23.8474 -9.990e-29
 237.645278     -1.533  40.020155    15.1167    8.41693     -1.520    32.2757    23.8474 -9.990e-29
 237.645284     -1.516  40.019005    15.1167    9.00483     -1.503    32.2747    23.8466 -9.990e-29
 237.645289     -1.503  40.018962    15.1170    9.17651     -1.490    32.2744    23.8463 -9.990e-29
 237.645295     -1.492  40.020020    15.1172    9.29152     -1.480    32.2752    23.8468 -9.990e-29
 237.645301     -1.478  40.020274    15.1173    9.38000     -1.466    32.2753    23.8469 -9.990e-29
 237.645307     -1.465  40.018992    15.1175    9.43525     -1.453    32.2740    23.8459 -9.990e-29
 237.645312     -1.457  40.017883    15.1176    9.46665     -1.445    32.2729    23.8450 -9.990e-29
 237.645318     -1.448  40.018322    15.1174    9.46365     -1.436    32.2735    23.8455 -9.990e-29
 237.645324     -1.434  40.019825    15.1173    9.45679     -1.422    32.2749    23.8466 -9.990e-29
 237.645330     -1.414  40.020521    15.1178    9.44777     -1.402    32.2751    23.8466 -9.990e-29
 237.645336     -1.386  40.020269    15.1190    9.44459     -1.374    32.2739    23.8454 -9.990e-29
 237.645341     -1.354  40.020466    15.1203    9.43723     -1.343    32.2730    23.8445 -9.990e-29
 237.645347     -1.323  40.020864    15.1211    9.43047     -1.312    32.2727    23.8440 -9.990e-29
 237.645353     -1.300  40.020923    15.1214    9.43497     -1.289    32.2725    23.8438 -9.990e-29
 237.645359     -1.284  40.021332    15.1219    9.43839     -1.273    32.2724    23.8437 -9.990e-29
 237.645365     -1.269  40.022129    15.1225    9.43818     -1.258    32.2726    23.8437 -9.990e-29
 237.645370     -1.255  40.022184    15.1223    9.43887     -1.245    32.2728    23.8439 -9.990e-29
 237.645376     -1.236  40.021060    15.1215    9.42753     -1.226    32.2725    23.8438 -9.990e-29
 237.645382     -1.207  40.020115    15.1208    9.43595     -1.197    32.2722    23.8438 -9.990e-29
 237.645388     -1.171  40.020947    15.1203    9.44402     -1.161    32.2733    23.8447 -9.990e-29
 237.645394     -1.133  40.022472    15.1197    9.44474     -1.124    32.2752    23.8463 -9.990e-29
 237.645399     -1.095  40.022845    15.1197    9.43450     -1.086    32.2755    23.8466 -9.990e-29
 237.645405     -1.064  40.022053    15.1202    9.40861     -1.055    32.2744    23.8456 -9.990e-29
 237.645411     -1.046  40.020774    15.1203    9.38881     -1.037    32.2731    23.8446 -9.990e-29
 237.645417     -1.031  40.019599    15.1192    9.39278     -1.022    32.2730    23.8447 -9.990e-29
 237.645422     -1.014  40.019256    15.1169    9.43303     -1.006    32.2746    23.8464 -9.990e-29
 237.645428     -0.999  40.019902    15.1142    9.45425     -0.991    32.2774    23.8492 -9.990e-29
 237.645434     -0.984  40.020383    15.1123    9.44478     -0.976    32.2794    23.8511 -9.990e-29
 237.645440     -0.978  40.020243    15.1120    9.42697     -0.970    32.2795    23.8513 -9.990e-29
 237.645446     -0.983  40.020063    15.1126    9.41179     -0.975    32.2788    23.8506 -9.990e-29
 237.645451     -0.987  40.020179    15.1125    9.42367     -0.979    32.2790    23.8508 -9.990e-29
 237.645457     -0.987  40.020379    15.1105    9.45233     -0.979    32.2808    23.8526 -9.990e-29
 237.645463     -0.987  40.019811    15.1070    9.46115     -0.979    32.2832    23.8552 -9.990e-29
 237.645469     -0.982  40.018282    15.1034    9.45303     -0.974    32.2848    23.8572 -9.990e-29
 237.645475     -0.972  40.016563    15.1013    9.46283     -0.964    32.2850    23.8578 -9.990e-29
 237.645480     -0.966  40.015730    15.1017    9.46514     -0.958    32.2839    23.8569 -9.990e-29
 237.645486     -0.966  40.016356    15.1029    9.47994     -0.958    32.2835    23.8563 -9.990e-29
 237.645492     -0.968  40.017035    15.1031    9.47722     -0.960    32.2839    23.8566 -9.990e-29
 237.645498     -0.965  40.016990    15.1036    9.47239     -0.957    32.2835    23.8562 -9.990e-29
 237.645503     -0.952  40.017288    15.1052    9.47156     -0.944    32.2824    23.8550 -9.990e-29
 237.645509     -0.932  40.017770    15.1073    9.45938     -0.924    32.2811    23.8535 -9.990e-29
 237.645515     -0.912  40.018521    15.1096    9.44278     -0.904    32.2799    23.8521 -9.990e-29
 237.645521     -0.896  40.019983    15.1116    9.42453     -0.889    32.2795    23.8514 -9.990e-29
 237.645527     -0.882  40.021304    15.1125    9.41502     -0.875    32.2800    23.8516 -9.990e-29
 237.645532     -0.869  40.022003    15.1121    9.40879     -0.862    32.2809    23.8524 -9.990e-29
 237.645538     -0.858  40.021895    15.1115    9.39633     -0.851    32.2813    23.8528 -9.990e-29
 237.645544     -0.847  40.021400    15.1117    9.37914     -0.840    32.2807    23.8523 -9.990e-29
 237.645550     -0.834  40.021543    15.1126    9.37034     -0.827    32.2801    23.8516 -9.990e-29
 237.645556     -0.821  40.021957    15.1132    9.38207     -0.814    32.2800    23.8514 -9.990e-29
 237.645561     -0.805  40.022074    15.1115    9.39095     -0.798    32.2815    23.8529 -9.990e-29
 237.645567     -0.786  40.021492    15.1072    9.40519     -0.779    32.2845    23.8562 -9.990e-29
 237.645573     -0.762  40.019440    15.1037    9.41687     -0.756    32.2855    23.8577 -9.990e-29
 237.645579     -0.737  40.017672    15.1028    9.43698     -0.731    32.2847    23.8573 -9.990e-29
 237.645584     -0.716  40.017760    15.1021    9.45060     -0.710    32.2853    23.8579 -9.990e-29
 237.645590     -0.700  40.017579    15.1000    9.44671     -0.694    32.2869    23.8596 -9.990e-29
 237.645596     -0.683  40.015767    15.0976    9.44079     -0.677    32.2872    23.8604 -9.990e-29
 237.645602     -0.667  40.013841    15.0967    9.45370     -0.661    32.2862    23.8598 -9.990e-29
 237.645608     -0.656  40.013162    15.0971    9.47166     -0.651    32.2853    23.8590 -9.990e-29
 237.645613     -0.649  40.013950    15.0985    9.48863     -0.644    32.2848    23.8583 -9.990e-29
 237.645619     -0.646  40.016134    15.1000    9.48343     -0.641    32.2856    23.8586 -9.990e-29
 237.645625     -0.642  40.018142    15.1007    9.45170     -0.637    32.2868    23.8593 -9.990e-29
 237.645631     -0.634  40.018165    15.1012    9.43043     -0.629    32.2864    23.8589 -9.990e-29
