data/oxygen options/OCNMS/OCNMS2/raw_data/2004/CTD_TH30_061604faed.cnv
* Sea-Bird SBE19 Data File:
* FileName = C:\WINDOWS\Desktop\put hypoxia files here\CTD files\TH\TH30m061604.hex
* Software Version 1.1.4
* Temperature SN = 2997
* Conductivity SN = 2997
* System UpLoad Time = Jun 16 2004 13:34:54
** Teahwhit Head hypoxia June 16, 2004 30m TH-3
* SEACAT PROFILER V3.1c SN 2997   06/16/04  13:39:13.196
# nquan = 9                                 
# nvalues = 656                         
# units = specified
# name 0 = timeJ: Julian Days
# name 1 = prSM: Pressure, Strain Gauge [db]
# name 2 = c0mS/cm: Conductivity [mS/cm]
# name 3 = t090C: Temperature [ITS-90, deg C]
# name 4 = oxML/L: Oxygen, Beckman/YSI [ml/l]
# name 5 = depSM: Depth [salt water, m], lat = 47.5
# name 6 = sal00: Salinity, Practical [PSU]
# name 7 = sigma-é00: Density [sigma-theta, kg/m^3]
# name 8 = flag: flag
# span 0 = 168.560370, 168.564161       
# span 1 =     -5.679,     31.494       
# span 2 =   0.451196,  37.168819       
# span 3 =     8.2698,    14.6939       
# span 4 =  -11.94952,   30.44958       
# span 5 =     -5.632,     31.229       
# span 6 =     0.2752,    32.9569       
# span 7 =    -0.6147,    25.6267       
# span 8 = 0.0000e+00, 0.0000e+00       
# interval = seconds: 0.5
# start_time = Jun 16 2004 13:26:56 [Instrument's time stamp, header]
# bad_flag = -9.990e-29
*END*
 168.560370     -5.679 -9.990e-29    14.4992   -0.05384     -5.632 -9.990e-29 -9.990e-29 -9.990e-29
 168.560376     -5.670   0.465992    14.5004   -0.05384     -5.623     0.2846    -0.6041 -9.990e-29
 168.560382     -5.658   0.467275    14.5016   -0.05383     -5.611     0.2854    -0.6037 -9.990e-29
 168.560388     -5.643   0.468718    14.5025   -0.05383     -5.596     0.2863    -0.6031 -9.990e-29
 168.560394     -5.628   0.468913    14.5033   -0.05383     -5.581     0.2864    -0.6031 -9.990e-29
 168.560399     -5.617   0.467196    14.5047   -0.05383     -5.570     0.2853    -0.6042 -9.990e-29
 168.560405     -5.604   0.464610    14.5067   -0.05383     -5.557     0.2837    -0.6057 -9.990e-29
 168.560411     -5.584   0.462889    14.5085   -0.05383     -5.537     0.2826    -0.6068 -9.990e-29
 168.560417     -5.560   0.463071    14.5094   -0.05383     -5.514     0.2827    -0.6069 -9.990e-29
 168.560422     -5.535   0.464472    14.5097   -0.05383     -5.489     0.2836    -0.6063 -9.990e-29
 168.560428     -5.508   0.465630    14.5102   -0.05382     -5.462     0.2843    -0.6058 -9.990e-29
 168.560434     -5.481   0.465865    14.5117   -0.05382     -5.435     0.2845    -0.6059 -9.990e-29
 168.560440     -5.457   0.464936    14.5137   -0.05382     -5.412     0.2839    -0.6066 -9.990e-29
 168.560446     -5.433   0.462715    14.5148   -0.05382     -5.388     0.2825    -0.6079 -9.990e-29
 168.560451     -5.410   0.460129    14.5149   -0.05382     -5.365     0.2808    -0.6092 -9.990e-29
 168.560457     -5.384   0.458725    14.5150   -0.05382     -5.339     0.2799    -0.6099 -9.990e-29
 168.560463     -5.355   0.458854    14.5159   -0.05381     -5.310     0.2800    -0.6099 -9.990e-29
 168.560469     -5.320   0.459578    14.5176   -0.05382     -5.276     0.2805    -0.6098 -9.990e-29
 168.560475     -5.282   0.459641    14.5191   -0.05382     -5.238     0.2805    -0.6100 -9.990e-29
 168.560480     -5.247   0.458018    14.5203   -0.05382     -5.203     0.2795    -0.6110 -9.990e-29
 168.560486     -5.216   0.454765    14.5211   -0.05382     -5.173     0.2774    -0.6127 -9.990e-29
 168.560492     -5.189   0.451653    14.5219   -0.05382     -5.146     0.2755    -0.6143 -9.990e-29
 168.560498     -5.162   0.451196    14.5227   -0.05381     -5.119     0.2752    -0.6147 -9.990e-29
 168.560503     -5.135   0.453896    14.5237   -0.05370     -5.092     0.2769    -0.6135 -9.990e-29
 168.560509     -5.106   0.457246    14.5250   -0.05365     -5.063     0.2789    -0.6121 -9.990e-29
 168.560515     -5.077   0.458493    14.5259   -0.05365     -5.035     0.2797    -0.6116 -9.990e-29
 168.560521     -5.051   0.457634    14.5260   -0.05352     -5.009     0.2792    -0.6120 -9.990e-29
 168.560527     -5.026   0.455746    14.5253   -0.05342     -4.984     0.2780    -0.6129 -9.990e-29
 168.560532     -4.999   0.453088    14.5244   -0.05338     -4.957     0.2763    -0.6140 -9.990e-29
 168.560538     -4.971   0.451669    14.5241   -0.05348     -4.930     0.2755    -0.6147 -9.990e-29
 168.560544     -4.943   0.455705    14.5242   -0.05353     -4.902     0.2780    -0.6127 -9.990e-29
 168.560550     -4.917   0.473907    14.5237   -0.05355     -4.876     0.2894    -0.6038 -9.990e-29
 168.560556     -4.893   0.533322    14.5226   -0.05356     -4.852     0.3269    -0.5745 -9.990e-29
 168.560561     -4.867   0.693181    14.5216   -0.05358     -4.826     0.4288    -0.4954 -9.990e-29
 168.560567     -4.840   0.952821    14.5205   -0.05361     -4.800     0.5969    -0.3651 -9.990e-29
 168.560573     -4.809   1.213014    14.5199   -0.05360     -4.769     0.7680    -0.2326 -9.990e-29
 168.560579     -4.772   1.476879    14.5203   -0.05361     -4.732     0.9438    -0.0967 -9.990e-29
 168.560584     -4.731   1.805686    14.5200   -0.05362     -4.692     1.1656     0.0748 -9.990e-29
 168.560590     -4.692   2.096674    14.5193   -0.04465     -4.653     1.3641     0.2283 -9.990e-29
 168.560596     -4.657   2.187148    14.5203   -0.04640     -4.618     1.4262     0.2760 -9.990e-29
 168.560602     -4.623   2.069923    14.5227   -0.04511     -4.584     1.3457     0.2135 -9.990e-29
 168.560608     -4.589   1.894353    14.5249   -0.04515     -4.551     1.2257     0.1205 -9.990e-29
 168.560613     -4.557   1.769775    14.5262   -0.04516     -4.519     1.1410     0.0549 -9.990e-29
 168.560619     -4.528   1.702337    14.5265   -0.04516     -4.490     1.0954     0.0196 -9.990e-29
 168.560625     -4.501   1.707689    14.5242   -0.04510     -4.463     1.0991     0.0228 -9.990e-29
 168.560631     -4.475   1.921308    14.5154   -0.04509     -4.438     1.2444     0.1363 -9.990e-29
 168.560637     -4.443   2.739134    14.4878   -0.04511     -4.406     1.8102     0.5773 -9.990e-29
 168.560642     -4.403   5.301604    14.4198   -0.04514     -4.366     3.6573     2.0105 -9.990e-29
 168.560648     -4.357  13.068675    14.3196   -0.04512     -4.321     9.6670     6.6422 -9.990e-29
 168.560654     -4.302  24.257949    14.2338   -0.04511     -4.266    18.9941    13.8140 -9.990e-29
 168.560660     -4.239  31.509639    14.1868   -0.04511     -4.204    25.3556    18.7122 -9.990e-29
 168.560666     -4.168  34.640938    14.1738   -0.04511     -4.133    28.1670    20.8790 -9.990e-29
 168.560671     -4.090  36.280407    14.1872   -0.04512     -4.056    29.6393    22.0107 -9.990e-29
 168.560677     -4.006  36.807241    14.2097   -0.04511     -3.973    30.1001    22.3614 -9.990e-29
 168.560683     -3.922  36.956991    14.2191   -0.04510     -3.889    30.2289    22.4587 -9.990e-29
 168.560689     -3.839  36.998893    14.2109   -0.04510     -3.807    30.2733    22.4947 -9.990e-29
 168.560694     -3.758  37.023053    14.2016   -0.04512     -3.727    30.3026    22.5191 -9.990e-29
 168.560700     -3.677  37.047118    14.2037   -0.04514     -3.646    30.3228    22.5343 -9.990e-29
 168.560706     -3.599  37.065047    14.2105   -0.04513     -3.569    30.3337    22.5413 -9.990e-29
 168.560712     -3.524  37.068228    14.2141   -0.04513     -3.495    30.3338    22.5406 -9.990e-29
 168.560718     -3.448  37.063726    14.2147   -0.04511     -3.419    30.3292    22.5370 -9.990e-29
 168.560723     -3.369  37.060136    14.2153   -0.04513     -3.341    30.3254    22.5339 -9.990e-29
 168.560729     -3.291  37.058299    14.2185   -0.04514     -3.264    30.3212    22.5300 -9.990e-29
 168.560735     -3.218  37.059707    14.2204   -0.04515     -3.191    30.3210    22.5295 -9.990e-29
 168.560741     -3.154  37.064571    14.2141   -0.04516     -3.128    30.3303    22.5380 -9.990e-29
 168.560747     -3.099  37.071541    14.2000   -0.04516     -3.073    30.3477    22.5542 -9.990e-29
 168.560752     -3.049  37.083195    14.1881   -0.04516     -3.024    30.3676    22.5720 -9.990e-29
 168.560758     -3.001  37.096018    14.1853   -0.04513     -2.976    30.3815    22.5833 -9.990e-29
 168.560764     -2.952  37.102442    14.1888   -0.04512     -2.927    30.3846    22.5850 -9.990e-29
 168.560770     -2.904  37.103754    14.1915   -0.04518     -2.880    30.3836    22.5837 -9.990e-29
 168.560775     -2.861  37.103964    14.1885   -0.04520     -2.837    30.3862    22.5862 -9.990e-29
 168.560781     -2.822  37.101686    14.1814   -0.04520     -2.798    30.3897    22.5904 -9.990e-29
 168.560787     -2.779  37.095582    14.1723   -0.04518     -2.756    30.3912    22.5935 -9.990e-29
 168.560793     -2.738  37.089869    14.1632   -0.04517     -2.715    30.3932    22.5968 -9.990e-29
 168.560799     -2.705  37.089844    14.1584   -0.04517     -2.682    30.3969    22.6007 -9.990e-29
 168.560804     -2.678  37.095485    14.1610   -0.04520     -2.656    30.4000    22.6025 -9.990e-29
 168.560810     -2.656  37.102551    14.1679   -0.04521     -2.634    30.4010    22.6019 -9.990e-29
 168.560816     -2.632  37.109260    14.1647   -0.04517     -2.610    30.4096    22.6092 -9.990e-29
 168.560822     -2.606  37.113360    14.1459   -0.04517     -2.584    30.4282    22.6273 -9.990e-29
 168.560828     -2.584  37.110801    14.1281   -0.04519     -2.562    30.4399    22.6400 -9.990e-29
 168.560833     -2.564  37.105477    14.1228   -0.04519     -2.543    30.4392    22.6405 -9.990e-29
 168.560839     -2.537  37.105444    14.1272   -0.04518     -2.516    30.4357    22.6369 -9.990e-29
 168.560845     -2.502  37.111231    14.1323   -0.04517     -2.481    30.4369    22.6368 -9.990e-29
 168.560851     -2.464  37.117109    14.1283   -0.04518     -2.443    30.4454    22.6442 -9.990e-29
 168.560856     -2.425  37.119154    14.1185   -0.04519     -2.405    30.4550    22.6536 -9.990e-29
 168.560862     -2.383  37.120112    14.1169   -0.04520     -2.363    30.4571    22.6555 -9.990e-29
 168.560868     -2.339  37.122959    14.1251   -0.04520     -2.319    30.4532    22.6509 -9.990e-29
 168.560874     -2.299  37.125333    14.1289   -0.04522     -2.280    30.4524    22.6495 -9.990e-29
 168.560880     -2.266  37.124807    14.1251   -0.04523     -2.247    30.4549    22.6522 -9.990e-29
 168.560885     -2.236  37.122940    14.1234   -0.04517     -2.217    30.4545    22.6522 -9.990e-29
 168.560891     -2.209  37.123430    14.1274   -0.04514     -2.191    30.4518    22.6493 -9.990e-29
 168.560897     -2.182  37.126945    14.1308   -0.04518     -2.164    30.4523    22.6490 -9.990e-29
 168.560903     -2.153  37.130336    14.1271   -0.04520     -2.135    30.4583    22.6544 -9.990e-29
 168.560909     -2.125  37.131411    14.1196   -0.04520     -2.107    30.4652    22.6612 -9.990e-29
 168.560914     -2.100  37.131621    14.1133   -0.04520     -2.082    30.4704    22.6665 -9.990e-29
 168.560920     -2.078  37.132944    14.1064   -0.04518     -2.061    30.4770    22.6730 -9.990e-29
 168.560926     -2.060  37.134914    14.0998   -0.04518     -2.043    30.4840    22.6798 -9.990e-29
 168.560932     -2.045  37.136807    14.1052   -0.04518     -2.028    30.4815    22.6767 -9.990e-29
 168.560937     -2.025  37.139479    14.1250   -0.04519     -2.008    30.4683    22.6625 -9.990e-29
 168.560943     -1.998  37.142583    14.1386   -0.04519     -1.981    30.4603    22.6536 -9.990e-29
 168.560949     -1.970  37.142983    14.1337   -0.04519     -1.954    30.4646    22.6579 -9.990e-29
 168.560955     -1.948  37.137867    14.1212   -0.04517     -1.932    30.4698    22.6644 -9.990e-29
 168.560961     -1.936  37.129971    14.1139   -0.04517     -1.920    30.4683    22.6648 -9.990e-29
 168.560966     -1.920  37.127289    14.1161   -0.04518     -1.904    30.4641    22.6611 -9.990e-29
 168.560972     -1.890  37.131306    14.1242   -0.04517     -1.874    30.4614    22.6574 -9.990e-29
 168.560978     -1.857  37.135053    14.1299   -0.04517     -1.842    30.4603    22.6554 -9.990e-29
 168.560984     -1.827  37.135691    14.1298   -0.04515     -1.812    30.4609    22.6559 -9.990e-29
 168.560990     -1.799  37.135209    14.1270   -0.04514     -1.784    30.4627    22.6578 -9.990e-29
 168.560995     -1.771  37.134666    14.1255   -0.04516     -1.756    30.4634    22.6586 -9.990e-29
 168.561001     -1.746  37.135034    14.1286   -0.04517     -1.731    30.4613    22.6564 -9.990e-29
 168.561007     -1.725  37.136822    14.1356   -0.04516     -1.711    30.4574    22.6519 -9.990e-29
 168.561013     -1.708  37.137941    14.1404   -0.04516     -1.694    30.4546    22.6488 -9.990e-29
 168.561019     -1.694  37.135973    14.1409   -0.04515     -1.680    30.4524    22.6470 -9.990e-29
 168.561024     -1.682  37.132239    14.1420   -0.04515     -1.668    30.4481    22.6435 -9.990e-29
 168.561030     -1.671  37.132434    14.1482   -0.04515     -1.657    30.4434    22.6386 -9.990e-29
 168.561036     -1.660  37.137955    14.1585   -0.04515     -1.646    30.4403    22.6341 -9.990e-29
 168.561042     -1.648  37.142158    14.1656   -0.04515     -1.634    30.4385    22.6313 -9.990e-29
 168.561047     -1.636  37.140006    14.1650   -0.04515     -1.622    30.4370    22.6303 -9.990e-29
 168.561053     -1.621  37.129772    14.1613   -0.04515     -1.607    30.4306    22.6261 -9.990e-29
 168.561059     -1.608  37.116338    14.1593   -0.04515     -1.595    30.4200    22.6183 -9.990e-29
 168.561065     -1.600  37.112656    14.1605   -0.04515     -1.587    30.4157    22.6147 -9.990e-29
 168.561071     -1.592  37.119441    14.1640   -0.04515     -1.579    30.4191    22.6166 -9.990e-29
 168.561076     -1.579  37.123881    14.1674   -0.04515     -1.566    30.4204    22.6170 -9.990e-29
 168.561082     -1.561  37.123498    14.1693   15.68466     -1.548    30.4186    22.6152 -9.990e-29
 168.561088     -1.536  37.122285    14.1702   28.45215     -1.523    30.4168    22.6136 -9.990e-29
 168.561094     -1.507  37.118827    14.1704   30.44958     -1.494    30.4134    22.6110 -9.990e-29
 168.561100     -1.481  37.114130    14.1703   27.02860     -1.469    30.4092    22.6078 -9.990e-29
 168.561105     -1.460  37.113901    14.1710   17.99535     -1.448    30.4085    22.6070 -9.990e-29
 168.561111     -1.443  37.117833    14.1726   13.52359     -1.431    30.4108    22.6085 -9.990e-29
 168.561117     -1.430  37.117332    14.1736    8.65172     -1.418    30.4095    22.6073 -9.990e-29
 168.561123     -1.418  37.109487    14.1739    4.50962     -1.406    30.4021    22.6016 -9.990e-29
 168.561128     -1.408  37.100661    14.1753    2.27301     -1.396    30.3930    22.5943 -9.990e-29
 168.561134     -1.395  37.095908    14.1797    1.92051     -1.383    30.3852    22.5874 -9.990e-29
 168.561140     -1.377  37.087206    14.1865    3.62190     -1.366    30.3719    22.5757 -9.990e-29
 168.561146     -1.362  37.069679    14.1954    4.51689     -1.351    30.3490    22.5562 -9.990e-29
 168.561152     -1.353  37.053047    14.2106    4.88500     -1.342    30.3219    22.5323 -9.990e-29
 168.561157     -1.350  37.039250    14.2309    5.12209     -1.339    30.2934    22.5062 -9.990e-29
 168.561163     -1.349  37.025594    14.2475    5.24356     -1.338    30.2680    22.4832 -9.990e-29
 168.561169     -1.345  37.013503    14.2531    5.33448     -1.334    30.2527    22.4702 -9.990e-29
 168.561175     -1.337  37.008731    14.2447    5.43114     -1.326    30.2549    22.4736 -9.990e-29
 168.561181     -1.326  37.017255    14.2208    5.50906     -1.315    30.2814    22.4989 -9.990e-29
 168.561186     -1.310  37.039221    14.1868    5.56795     -1.299    30.3280    22.5418 -9.990e-29
 168.561192     -1.289  37.063531    14.1705    5.58663     -1.278    30.3629    22.5720 -9.990e-29
 168.561198     -1.266  37.067627    14.1877    5.58783     -1.255    30.3531    22.5610 -9.990e-29
 168.561204     -1.247  37.050787    14.2114    5.58202     -1.237    30.3192    22.5300 -9.990e-29
 168.561209     -1.235  37.036544    14.2145    5.60788     -1.225    30.3038    22.5175 -9.990e-29
 168.561215     -1.230  37.040121    14.1966    5.63298     -1.220    30.3211    22.5345 -9.990e-29
 168.561221     -1.228  37.061246    14.1756    5.65065     -1.218    30.3568    22.5663 -9.990e-29
 168.561227     -1.219  37.084335    14.1700    5.67188     -1.209    30.3822    22.5870 -9.990e-29
 168.561233     -1.203  37.088566    14.1801    5.66856     -1.193    30.3781    22.5818 -9.990e-29
 168.561238     -1.188  37.075085    14.1940    5.66406     -1.178    30.3549    22.5611 -9.990e-29
 168.561244     -1.176  37.061809    14.2078    5.65425     -1.166    30.3320    22.5406 -9.990e-29
 168.561250     -1.164  37.051791    14.2210    5.65897     -1.154    30.3125    22.5229 -9.990e-29
 168.561256     -1.145  37.042329    14.2209    5.66297     -1.135    30.3040    22.5164 -9.990e-29
 168.561262     -1.124  37.039315    14.2074    5.66932     -1.115    30.3118    22.5252 -9.990e-29
 168.561267     -1.102  37.038171    14.2019    5.63013     -1.093    30.3151    22.5288 -9.990e-29
 168.561273     -1.078  37.033443    14.2097    5.59582     -1.069    30.3047    22.5192 -9.990e-29
 168.561279     -1.052  37.029476    14.2139    5.59665     -1.043    30.2978    22.5130 -9.990e-29
 168.561285     -1.025  37.029950    14.1960    5.64228     -1.016    30.3122    22.5278 -9.990e-29
 168.561291     -1.000  37.040544    14.1596    5.67659     -0.992    30.3505    22.5647 -9.990e-29
