data/oxygen options/OCNMS/OCNMS2/raw_data/2004/CTD_CE70_090704faed.cnv
* Sea-Bird SBE19 Data File:
* FileName = C:\WINDOWS\Desktop\put hypoxia files here\CTD data\September 07_0804\CE\Raw\CE70.hex
* Software Version 1.1.4
* Temperature SN = 2997
* Conductivity SN = 2997
* System UpLoad Time = Sep 07 2004 16:03:46
* SEACAT PROFILER V3.1c SN 2997   09/07/04  16:06:20.830
* strain gauge pressure sensor: S/N = 184829,  range = 3000 psia,  tc = 40
# nquan = 9                                 
# nvalues = 697                         
# units = specified
# name 0 = timeJ: Julian Days
# name 1 = prSM: Pressure, Strain Gauge [db]
# name 2 = c0mS/cm: Conductivity [mS/cm]
# name 3 = t090C: Temperature [ITS-90, deg C]
# name 4 = oxML/L: Oxygen, Beckman/YSI [ml/l]
# name 5 = depSM: Depth [salt water, m], lat = 47.5
# name 6 = sal00: Salinity, Practical [PSU]
# name 7 = sigma-é00: Density [sigma-theta, kg/m^3]
# name 8 = flag: flag
# span 0 = 251.554051, 251.558079       
# span 1 =     -5.117,     69.714       
# span 2 =   0.481509,  40.959634       
# span 3 =     7.5302,    17.1765       
# span 4 =   -0.04241,   27.34612       
# span 5 =     -5.074,     69.120       
# span 6 =     0.2874,    33.7802       
# span 7 =    -0.7510,    26.3806       
# span 8 = 0.0000e+00, 0.0000e+00       
# interval = seconds: 0.5
# start_time = Sep 07 2004 13:17:50 [Instrument's time stamp, header]
# bad_flag = -9.990e-29
*END*
[from data line 161]
 251.554983     -0.791  40.844633    17.0425    7.34975     -0.784    31.4550    22.7855 -9.990e-29
 251.554988     -0.775  40.827585    17.0311    7.36254     -0.769    31.4492    22.7837 -9.990e-29
 251.554994     -0.763  40.819020    17.0218    7.38548     -0.757    31.4491    22.7858 -9.990e-29
 251.555000     -0.757  40.813136    17.0063    7.40106     -0.751    31.4561    22.7948 -9.990e-29
 251.555006     -0.749  40.797048    16.9877    7.40017     -0.743    31.4568    22.7996 -9.990e-29
 251.555012     -0.735  40.777932    16.9765    7.39196     -0.729    31.4491    22.7963 -9.990e-29
 251.555017     -0.717  40.767903    16.9803    7.37637     -0.711    31.4375    22.7866 -9.990e-29
 251.555023     -0.703  40.773798    16.9997    7.33880     -0.697    31.4275    22.7743 -9.990e-29
 251.555029     -0.692  40.795628    17.0196    7.30086     -0.686    31.4307    22.7722 -9.990e-29
 251.555035     -0.680  40.817059    17.0083    7.28913     -0.674    31.4579    22.7957 -9.990e-29
 251.555041     -0.668  40.807203    16.9538    7.32428     -0.662    31.4920    22.8344 -9.990e-29
 251.555046     -0.658  40.752374    16.8904    7.38876     -0.653    31.4944    22.8509 -9.990e-29
 251.555052     -0.643  40.686652    16.8711    7.42296     -0.638    31.4529    22.8236 -9.990e-29
 251.555058     -0.628  40.663246    16.9139    7.43507     -0.623    31.3993    22.7726 -9.990e-29
 251.555064     -0.616  40.703685    16.9782    7.41802     -0.611    31.3839    22.7460 -9.990e-29
 251.555069     -0.605  40.770430    17.0138    7.38756     -0.600    31.4135    22.7604 -9.990e-29
 251.555075     -0.595  40.803801    17.0190    7.37070     -0.590    31.4382    22.7781 -9.990e-29
 251.555081     -0.585  40.805116    17.0191    7.36594     -0.580    31.4392    22.7788 -9.990e-29
 251.555087     -0.576  40.807569    17.0142    7.33203     -0.571    31.4451    22.7845 -9.990e-29
 251.555093     -0.565  40.804900    16.9816    7.30061     -0.560    31.4683    22.8098 -9.990e-29
 251.555098     -0.554  40.772799    16.9147    7.30509     -0.549    31.4930    22.8442 -9.990e-29
 251.555104     -0.540  40.710000    16.8330    7.32952     -0.535    31.5028    22.8706 -9.990e-29
 251.555110     -0.527  40.635461    16.7658    7.33995     -0.523    31.4912    22.8771 -9.990e-29
 251.555116     -0.519  40.572678    16.7443    7.34382     -0.515    31.4538    22.8534 -9.990e-29
 251.555122     -0.511  40.552957    16.7627    7.33213     -0.507    31.4223    22.8251 -9.990e-29
 251.555127     -0.497  40.575246    16.7709    7.34380     -0.493    31.4352    22.8330 -9.990e-29
 251.555133     -0.479  40.587913    16.7472    7.36273     -0.475    31.4647    22.8611 -9.990e-29
 251.555139     -0.457  40.564665    16.7233    7.37954     -0.453    31.4633    22.8655 -9.990e-29
 251.555145     -0.440  40.539606    16.7320    7.37724     -0.436    31.4348    22.8417 -9.990e-29
 251.555150     -0.431  40.548342    16.7653    7.35067     -0.427    31.4163    22.8198 -9.990e-29
 251.555156     -0.424  40.581201    16.7949    7.35366     -0.420    31.4215    22.8170 -9.990e-29
 251.555162     -0.412  40.607941    16.8049    7.35883     -0.409    31.4367    22.8264 -9.990e-29
 251.555168     -0.392  40.613180    16.7987    7.36586     -0.389    31.4461    22.8350 -9.990e-29
 251.555174     -0.373  40.601676    16.7965    7.37715     -0.370    31.4379    22.8292 -9.990e-29
 251.555179     -0.358  40.595695    16.8090    7.38904     -0.355    31.4229    22.8149 -9.990e-29
 251.555185     -0.345  40.609713    16.8288    7.41435     -0.342    31.4196    22.8078 -9.990e-29
 251.555191     -0.334  40.633251    16.8502    7.41420     -0.331    31.4231    22.8056 -9.990e-29
 251.555197     -0.324  40.655064    16.8702    7.39414     -0.321    31.4263    22.8034 -9.990e-29
 251.555203     -0.314  40.674514    16.8831    7.38146     -0.311    31.4330    22.8055 -9.990e-29
 251.555208     -0.304  40.685564    16.8825    7.36057     -0.301    31.4429    22.8133 -9.990e-29
 251.555214     -0.293  40.681643    16.8743    7.34357     -0.291    31.4460    22.8175 -9.990e-29
 251.555220     -0.280  40.672124    16.8723    7.33631     -0.278    31.4393    22.8129 -9.990e-29
 251.555226     -0.269  40.672942    16.8655    7.33938     -0.267    31.4453    22.8191 -9.990e-29
 251.555231     -0.264  40.671726    16.8287    7.35579     -0.262    31.4731    22.8488 -9.990e-29
 251.555237     -0.260  40.637129    16.7795    7.38239     -0.258    31.4818    22.8668 -9.990e-29
 251.555243     -0.256  40.584193    16.7672    7.39090     -0.254    31.4457    22.8420 -9.990e-29
 251.555249     -0.257  40.569710    16.8011    7.37884     -0.255    31.4067    22.8042 -9.990e-29
 251.555255     -0.258  40.605787    16.8438    7.34676     -0.256    31.4044    22.7927 -9.990e-29
 251.555260     -0.256  40.651880    16.8572    7.35022     -0.254    31.4337    22.8120 -9.990e-29
 251.555266     -0.245  40.671837    16.8269    7.37078     -0.243    31.4746    22.8504 -9.990e-29
 251.555272     -0.221  40.645719    16.7789    7.37728     -0.219    31.4897    22.8730 -9.990e-29
 251.555278     -0.191  40.594829    16.7578    7.37050     -0.189    31.4622    22.8568 -9.990e-29
 251.555284     -0.170  40.570827    16.7724    7.35133     -0.169    31.4301    22.8288 -9.990e-29
 251.555289     -0.165  40.588278    16.7926    7.34241     -0.164    31.4293    22.8236 -9.990e-29
 251.555295     -0.168  40.613224    16.7916    7.35027     -0.167    31.4516    22.8409 -9.990e-29
 251.555301     -0.165  40.609928    16.7753    7.36161     -0.164    31.4615    22.8523 -9.990e-29
 251.555307     -0.153  40.586358    16.7639    7.35817     -0.152    31.4501    22.8461 -9.990e-29
 251.555313     -0.135  40.573381    16.7624    7.37476     -0.134    31.4401    22.8388 -9.990e-29
 251.555318     -0.118  40.575022    16.7648    7.35869     -0.117    31.4396    22.8378 -9.990e-29
 251.555324     -0.105  40.579449    16.7631    7.33818     -0.104    31.4448    22.8422 -9.990e-29
 251.555330     -0.096  40.579669    16.7516    7.34810     -0.095    31.4540    22.8519 -9.990e-29
 251.555336     -0.089  40.571500    16.7360    7.34510     -0.088    31.4591    22.8594 -9.990e-29
 251.555341     -0.086  40.557526    16.7275    7.33178     -0.085    31.4537    22.8572 -9.990e-29
 251.555347     -0.085  40.546616    16.7342    7.34068     -0.084    31.4390    22.8444 -9.990e-29
 251.555353     -0.086  40.549481    16.7486    7.34679     -0.085    31.4302    22.8344 -9.990e-29
 251.555359     -0.086  40.562094    16.7437    7.36219     -0.085    31.4450    22.8468 -9.990e-29
 251.555365     -0.079  40.557518    16.7188    7.38890     -0.078    31.4605    22.8644 -9.990e-29
 251.555370     -0.070  40.531914    16.7196    7.41250     -0.069    31.4377    22.8468 -9.990e-29
 251.555376     -0.062  40.534756    16.7672    7.38939     -0.061    31.4029    22.8092 -9.990e-29
 251.555382     -0.055  40.588348    16.8314    7.36102     -0.055    31.3990    22.7914 -9.990e-29
 251.555388     -0.049  40.651377    16.8805    7.35009     -0.049    31.4150    22.7923 -9.990e-29
 251.555394     -0.042  40.692878    16.8961    7.36226     -0.042    31.4385    22.8068 -9.990e-29
 251.555399     -0.040  40.701440    16.8823    7.37511     -0.040    31.4567    22.8239 -9.990e-29
 251.555405     -0.045  40.681768    16.8670    7.35858     -0.045    31.4517    22.8236 -9.990e-29
 251.555411     -0.055  40.667121    16.8602    7.35999     -0.055    31.4444    22.8196 -9.990e-29
 251.555417     -0.065  40.666033    16.8459    7.36605     -0.064    31.4546    22.8307 -9.990e-29
 251.555422     -0.072  40.654053    16.8286    7.31676     -0.071    31.4579    22.8372 -9.990e-29
 251.555428     -0.072  40.633735    16.8340    7.26223     -0.071    31.4361    22.8193 -9.990e-29
 251.555434     -0.069  40.636352    16.8536    7.25292     -0.068    31.4230    22.8047 -9.990e-29
 251.555440     -0.059  40.656979    16.8377    7.29158     -0.059    31.4533    22.8315 -9.990e-29
 251.555446     -0.032  40.639529    16.7713    7.34330     -0.032    31.4902    22.8752 -9.990e-29
 251.555451      0.004  40.564684    16.7199    7.38584      0.004    31.4658    22.8683 -9.990e-29
 251.555457      0.039  40.499867    16.7389    7.41444      0.039    31.3949    22.8095 -9.990e-29
 251.555463      0.067  40.503406    16.8057    7.40509      0.066    31.3458    22.7565 -9.990e-29
 251.555469      0.085  40.561905    16.8807    7.39449      0.084    31.3377    22.7331 -9.990e-29
 251.555475      0.099  40.641225    16.9444    7.37259      0.098    31.3563    22.7326 -9.990e-29
 251.555480      0.114  40.718475    16.9818    7.35746      0.113    31.3936    22.7526 -9.990e-29
 251.555486      0.126  40.768682    16.9866    7.34411      0.125    31.4330    22.7816 -9.990e-29
 251.555492      0.132  40.777788    16.9769    7.31103      0.131    31.4484    22.7957 -9.990e-29
 251.555498      0.132  40.769173    16.9660    7.28638      0.131    31.4495    22.7991 -9.990e-29
 251.555503      0.131  40.762219    16.9429    7.31057      0.130    31.4616    22.8137 -9.990e-29
 251.555509      0.137  40.744852    16.9040    7.34673      0.136    31.4770    22.8345 -9.990e-29
 251.555515      0.151  40.710757    16.8624    7.37695      0.150    31.4802    22.8465 -9.990e-29
 251.555521      0.164  40.671152    16.8350    7.41123      0.163    31.4675    22.8431 -9.990e-29
 251.555527      0.169  40.642806    16.8346    7.40883      0.168    31.4434    22.8247 -9.990e-29
 251.555532      0.163  40.641226    16.8565    7.37316      0.162    31.4249    22.8055 -9.990e-29
 251.555538      0.153  40.662623    16.8816    7.31472      0.152    31.4237    22.7988 -9.990e-29
 251.555544      0.152  40.687840    16.8918    7.30212      0.151    31.4375    22.8070 -9.990e-29
 251.555550      0.163  40.703385    16.8601    7.31020      0.162    31.4757    22.8436 -9.990e-29
 251.555556      0.183  40.679499    16.7794    7.34117      0.181    31.5183    22.8948 -9.990e-29
 251.555561      0.205  40.596690    16.7033    7.34618      0.203    31.5065    22.9032 -9.990e-29
 251.555567      0.222  40.511195    16.6746    7.32296      0.220    31.4550    22.8703 -9.990e-29
 251.555573      0.226  40.482382    16.6732    7.30501      0.224    31.4312    22.8524 -9.990e-29
 251.555579      0.217  40.489778    16.6677    7.30482      0.215    31.4419    22.8619 -9.990e-29
 251.555584      0.208  40.490506    16.6451    7.30991      0.206    31.4603    22.8811 -9.990e-29
 251.555590      0.207  40.469840    16.6127    7.30403      0.205    31.4678    22.8943 -9.990e-29
 251.555596      0.210  40.438951    16.5882    7.31491      0.208    31.4603    22.8941 -9.990e-29
 251.555602      0.211  40.417250    16.5761    7.33774      0.209    31.4509    22.8897 -9.990e-29
 251.555608      0.212  40.407785    16.5738    7.35488      0.210    31.4445    22.8853 -9.990e-29
 251.555613      0.213  40.407477    16.5862    7.36053      0.211    31.4345    22.8748 -9.990e-29
 251.555619      0.213  40.419288    16.6138    7.35643      0.211    31.4231    22.8598 -9.990e-29
 251.555625      0.212  40.443261    16.6420    7.34791      0.210    31.4218    22.8523 -9.990e-29
 251.555631      0.211  40.469851    16.6591    7.34556      0.209    31.4314    22.8558 -9.990e-29
 251.555637      0.214  40.486836    16.6662    7.33900      0.212    31.4405    22.8612 -9.990e-29
 251.555642      0.225  40.491627    16.6687    7.31184      0.223    31.4427    22.8623 -9.990e-29
 251.555648      0.240  40.492867    16.6716    7.32312      0.238    31.4415    22.8607 -9.990e-29
 251.555654      0.256  40.496146    16.6759    7.33401      0.254    31.4409    22.8593 -9.990e-29
 251.555660      0.275  40.500232    16.6827    7.32313      0.273    31.4391    22.8563 -9.990e-29
 251.555666      0.292  40.506654    16.6910    7.32918      0.290    31.4382    22.8537 -9.990e-29
 251.555671      0.302  40.513321    16.6992    7.34346      0.299    31.4375    22.8513 -9.990e-29
 251.555677      0.303  40.519593    16.7071    7.35565      0.300    31.4368    22.8489 -9.990e-29
 251.555683      0.306  40.528232    16.7155    7.37355      0.303    31.4376    22.8477 -9.990e-29
 251.555689      0.314  40.536178    16.7428    7.40605      0.311    31.4231    22.8303 -9.990e-29
 251.555694      0.328  40.567500    16.7938    7.40900      0.325    31.4103    22.8087 -9.990e-29
 251.555700      0.344  40.628058    16.8371    7.39532      0.341    31.4286    22.8128 -9.990e-29
 251.555706      0.355  40.666189    16.8759    7.37753      0.352    31.4312    22.8058 -9.990e-29
 251.555712      0.362  40.694602    16.9224    7.34362      0.359    31.4193    22.7860 -9.990e-29
 251.555718      0.370  40.742218    16.9439    7.34296      0.367    31.4435    22.7996 -9.990e-29
 251.555723      0.378  40.759193    16.9316    7.31977      0.375    31.4677    22.8210 -9.990e-29
 251.555729      0.387  40.735078    16.9095    7.30148      0.384    31.4642    22.8234 -9.990e-29
 251.555735      0.390  40.708431    16.8886    7.30256      0.387    31.4576    22.8232 -9.990e-29
 251.555741      0.379  40.688054    16.8670    7.29892      0.376    31.4570    22.8277 -9.990e-29
 251.555747      0.360  40.668099    16.8412    7.31935      0.357    31.4600    22.8359 -9.990e-29
 251.555752      0.345  40.645532    16.8099    7.32727      0.342    31.4650    22.8470 -9.990e-29
 251.555758      0.338  40.617202    16.7795    7.33365      0.335    31.4644    22.8535 -9.990e-29
 251.555764      0.344  40.588542    16.7613    7.33705      0.341    31.4539    22.8496 -9.990e-29
 251.555770      0.361  40.572399    16.7635    7.34154      0.358    31.4382    22.8371 -9.990e-29
 251.555775      0.378  40.576429    16.7849    7.30677      0.375    31.4249    22.8220 -9.990e-29
 251.555781      0.388  40.597589    16.8076    7.27824      0.385    31.4254    22.8171 -9.990e-29
 251.555787      0.392  40.622021    16.8149    7.28995      0.389    31.4408    22.8273 -9.990e-29
 251.555793      0.394  40.631253    16.8042    7.30107      0.391    31.4571    22.8422 -9.990e-29
 251.555799      0.402  40.617412    16.7878    7.30976      0.399    31.4580    22.8467 -9.990e-29
 251.555804      0.418  40.597400    16.7905    7.31621      0.415    31.4386    22.8312 -9.990e-29
 251.555810      0.433  40.598405    16.8178    7.33434      0.429    31.4181    22.8092 -9.990e-29
 251.555816      0.445  40.624574    16.8514    7.34781      0.441    31.4144    22.7986 -9.990e-29
 251.555822      0.453  40.656940    16.8812    7.34316      0.449    31.4190    22.7953 -9.990e-29
 251.555828      0.459  40.682004    16.9214    7.35408      0.455    31.4092    22.7785 -9.990e-29
 251.555833      0.464  40.720292    16.9725    7.34724      0.460    31.4023    22.7614 -9.990e-29
 251.555839      0.466  40.775734    17.0072    7.32127      0.462    31.4229    22.7691 -9.990e-29
 251.555845      0.468  40.807803    17.0241    7.34081      0.464    31.4372    22.7762 -9.990e-29
 251.555851      0.467  40.818877    17.0351    7.34500      0.463    31.4382    22.7744 -9.990e-29
 251.555856      0.465  40.832713    17.0320    7.34519      0.461    31.4525    22.7861 -9.990e-29
 251.555862      0.466  40.831298    17.0221    7.32962      0.462    31.4590    22.7933 -9.990e-29
 251.555868      0.474  40.814999    17.0237    7.30778      0.470    31.4437    22.7813 -9.990e-29
 251.555874      0.484  40.810908    17.0245    7.31106      0.480    31.4396    22.7779 -9.990e-29
 251.555880      0.495  40.810768    16.9976    7.31954      0.491    31.4605    22.8002 -9.990e-29
 251.555885      0.506  40.784664    16.9533    7.32534      0.502    31.4726    22.8197 -9.990e-29
 251.555891      0.513  40.742690    16.9211    7.30093      0.509    31.4617    22.8188 -9.990e-29
 251.555897      0.513  40.713608    16.9005    7.28662      0.509    31.4527    22.8167 -9.990e-29
