data/oxygen options/OCNMS/OCNMS2/raw_data/2004/CTD_TH60_061504faed.cnv
* Sea-Bird SBE19 Data File:
* FileName = C:\WINDOWS\Desktop\put hypoxia files here\CTD files\CA\TH60m061504.hex
* Software Version 1.1.4
* Temperature SN = 2997
* Conductivity SN = 2997
* System UpLoad Time = Jun 15 2004 15:28:42
** Teahwhit Head hypoxia 60m TH6 June 15, 2004
* SEACAT PROFILER V3.1c SN 2997   06/15/04  15:26:53.782
# nquan = 9                                 
# nvalues = 924                         
# units = specified
# name 0 = timeJ: Julian Days
# name 1 = prSM: Pressure, Strain Gauge [db]
# name 2 = c0mS/cm: Conductivity [mS/cm]
# name 3 = t090C: Temperature [ITS-90, deg C]
# name 4 = oxML/L: Oxygen, Beckman/YSI [ml/l]
# name 5 = depSM: Depth [salt water, m], lat = 47.5
# name 6 = sal00: Salinity, Practical [PSU]
# name 7 = sigma-é00: Density [sigma-theta, kg/m^3]
# name 8 = flag: flag
# span 0 = 167.574942, 167.580284       
# span 1 =     -5.118,     61.243       
# span 2 =   0.468874,  37.943286       
# span 3 =     7.6312,    14.2534       
# span 4 =  -12.66975,   31.25874       
# span 5 =     -5.075,     60.723       
# span 6 =     0.2954,    33.4043       
# span 7 =    -0.4238,    26.0745       
# span 8 = 0.0000e+00, 0.0000e+00       
# interval = seconds: 0.5
# start_time = Jun 15 2004 13:47:55 [Instrument's time stamp, header]
# bad_flag = -9.990e-29
*END*
[from data line 321]
 167.576800      1.033  37.928071    13.9775    6.46625      1.024    31.3071    23.3396 -9.990e-29
 167.576806      1.033  37.927005    13.9780    6.47819      1.024    31.3057    23.3384 -9.990e-29
 167.576811      1.033  37.925268    13.9788    6.46531      1.024    31.3034    23.3365 -9.990e-29
 167.576817      1.034  37.925036    13.9800    6.45022      1.025    31.3022    23.3354 -9.990e-29
 167.576823      1.034  37.927129    13.9816    6.43538      1.025    31.3029    23.3355 -9.990e-29
 167.576829      1.035  37.930417    13.9833    6.43551      1.026    31.3045    23.3364 -9.990e-29
 167.576834      1.036  37.933120    13.9843    6.45348      1.027    31.3062    23.3375 -9.990e-29
 167.576840      1.038  37.934358    13.9845    6.47346      1.029    31.3071    23.3382 -9.990e-29
 167.576846      1.040  37.934668    13.9847    6.47336      1.031    31.3073    23.3383 -9.990e-29
 167.576852      1.043  37.934467    13.9850    6.46362      1.034    31.3068    23.3379 -9.990e-29
 167.576858      1.047  37.934056    13.9855    6.44303      1.038    31.3060    23.3372 -9.990e-29
 167.576863      1.051  37.934014    13.9866    6.44251      1.042    31.3051    23.3363 -9.990e-29
 167.576869      1.057  37.934852    13.9880    6.46050      1.048    31.3047    23.3357 -9.990e-29
 167.576875      1.065  37.936571    13.9894    6.46873      1.056    31.3052    23.3357 -9.990e-29
 167.576881      1.075  37.938103    13.9902    6.45999      1.066    31.3059    23.3362 -9.990e-29
 167.576887      1.084  37.938132    13.9900    6.43909      1.075    31.3061    23.3363 -9.990e-29
 167.576892      1.087  37.936704    13.9884    6.43598      1.078    31.3061    23.3367 -9.990e-29
 167.576898      1.090  37.933604    13.9854    6.45293      1.081    31.3057    23.3369 -9.990e-29
 167.576904      1.097  37.929192    13.9813    6.47045      1.088    31.3050    23.3372 -9.990e-29
 167.576910      1.107  37.924323    13.9769    6.46993      1.098    31.3041    23.3374 -9.990e-29
 167.576916      1.119  37.918680    13.9741    6.45798      1.110    31.3012    23.3358 -9.990e-29
 167.576921      1.123  37.914281    13.9733    6.45553      1.114    31.2978    23.3333 -9.990e-29
 167.576927      1.116  37.912558    13.9732    6.45570      1.107    31.2963    23.3322 -9.990e-29
 167.576933      1.101  37.912341    13.9735    6.47187      1.092    31.2958    23.3318 -9.990e-29
 167.576939      1.087  37.912786    13.9733    6.48073      1.078    31.2964    23.3323 -9.990e-29
 167.576944      1.077  37.912809    13.9724    6.48095      1.068    31.2972    23.3330 -9.990e-29
 167.576950      1.069  37.911885    13.9715    6.47780      1.060    31.2971    23.3331 -9.990e-29
 167.576956      1.064  37.910473    13.9710    6.47051      1.055    31.2962    23.3325 -9.990e-29
 167.576962      1.061  37.908938    13.9710    6.46194      1.052    31.2948    23.3314 -9.990e-29
 167.576968      1.060  37.907485    13.9717    6.46036      1.051    31.2929    23.3298 -9.990e-29
 167.576973      1.061  37.906426    13.9727    6.47273      1.052    31.2911    23.3282 -9.990e-29
 167.576979      1.064  37.906037    13.9737    6.48461      1.055    31.2899    23.3271 -9.990e-29
 167.576985      1.069  37.906365    13.9752    6.48216      1.060    31.2890    23.3261 -9.990e-29
 167.576991      1.076  37.907296    13.9767    6.47793      1.067    31.2886    23.3255 -9.990e-29
 167.576997      1.087  37.907832    13.9775    6.46946      1.078    31.2885    23.3253 -9.990e-29
 167.577002      1.101  37.907571    13.9785    6.48086      1.092    31.2874    23.3242 -9.990e-29
 167.577008      1.119  37.907854    13.9796    6.48627      1.110    31.2868    23.3235 -9.990e-29
 167.577014      1.143  37.908504    13.9803    6.47972      1.133    31.2868    23.3234 -9.990e-29
 167.577020      1.170  37.908151    13.9806    6.48175      1.160    31.2862    23.3229 -9.990e-29
 167.577025      1.193  37.907451    13.9811    6.47720      1.183    31.2851    23.3220 -9.990e-29
 167.577031      1.214  37.907719    13.9822    6.48029      1.204    31.2845    23.3212 -9.990e-29
 167.577037      1.237  37.908760    13.9836    6.48060      1.227    31.2843    23.3208 -9.990e-29
 167.577043      1.261  37.909724    13.9846    6.47131      1.250    31.2843    23.3206 -9.990e-29
 167.577049      1.283  37.910219    13.9852    6.47030      1.272    31.2843    23.3205 -9.990e-29
 167.577054      1.304  37.910348    13.9859    6.47659      1.293    31.2838    23.3200 -9.990e-29
 167.577060      1.320  37.910288    13.9867    6.47902      1.309    31.2831    23.3193 -9.990e-29
 167.577066      1.325  37.909962    13.9873    6.48182      1.314    31.2823    23.3186 -9.990e-29
 167.577072      1.319  37.909502    13.9879    6.48508      1.308    31.2814    23.3177 -9.990e-29
 167.577078      1.309  37.909421    13.9884    6.49626      1.298    31.2810    23.3173 -9.990e-29
 167.577083      1.300  37.909619    13.9880    6.50672      1.289    31.2815    23.3177 -9.990e-29
 167.577089      1.292  37.909242    13.9868    6.50032      1.281    31.2821    23.3185 -9.990e-29
 167.577095      1.282  37.908353    13.9858    6.47926      1.271    31.2821    23.3187 -9.990e-29
 167.577101      1.276  37.908015    13.9853    6.46338      1.265    31.2822    23.3189 -9.990e-29
 167.577106      1.277  37.908340    13.9855    6.46642      1.266    31.2823    23.3189 -9.990e-29
 167.577112      1.281  37.908644    13.9863    6.48745      1.270    31.2820    23.3185 -9.990e-29
 167.577118      1.283  37.908776    13.9871    6.49704      1.272    31.2814    23.3179 -9.990e-29
 167.577124      1.284  37.908915    13.9877    6.49203      1.273    31.2811    23.3175 -9.990e-29
 167.577130      1.284  37.909252    13.9883    6.47080      1.273    31.2809    23.3172 -9.990e-29
 167.577135      1.284  37.909682    13.9889    6.46870      1.273    31.2808    23.3170 -9.990e-29
 167.577141      1.282  37.909658    13.9895    6.48376      1.271    31.2803    23.3165 -9.990e-29
 167.577147      1.279  37.909151    13.9898    6.50011      1.268    31.2796    23.3159 -9.990e-29
 167.577153      1.275  37.908612    13.9899    6.50413      1.264    31.2790    23.3155 -9.990e-29
 167.577159      1.269  37.908450    13.9904    6.49879      1.258    31.2785    23.3149 -9.990e-29
 167.577164      1.266  37.909015    13.9914    6.48501      1.255    31.2782    23.3145 -9.990e-29
 167.577170      1.269  37.909942    13.9925    6.47475      1.258    31.2781    23.3142 -9.990e-29
 167.577176      1.274  37.910788    13.9935    6.46689      1.263    31.2781    23.3140 -9.990e-29
 167.577182      1.277  37.911563    13.9944    6.47958      1.266    31.2781    23.3138 -9.990e-29
 167.577188      1.279  37.912184    13.9951    6.49333      1.268    31.2781    23.3137 -9.990e-29
 167.577193      1.280  37.912921    13.9956    6.49269      1.269    31.2783    23.3138 -9.990e-29
 167.577199      1.280  37.913639    13.9959    6.48507      1.269    31.2788    23.3140 -9.990e-29
 167.577205      1.278  37.913618    13.9960    6.47017      1.267    31.2787    23.3139 -9.990e-29
 167.577211      1.275  37.912835    13.9960    6.47366      1.264    31.2779    23.3134 -9.990e-29
 167.577216      1.270  37.911933    13.9961    6.48577      1.259    31.2770    23.3127 -9.990e-29
 167.577222      1.267  37.911958    13.9966    6.49765      1.256    31.2766    23.3123 -9.990e-29
 167.577228      1.271  37.912946    13.9970    6.50044      1.260    31.2772    23.3126 -9.990e-29
 167.577234      1.278  37.913416    13.9969    6.49003      1.267    31.2777    23.3130 -9.990e-29
 167.577240      1.283  37.912316    13.9961    6.49103      1.272    31.2774    23.3129 -9.990e-29
 167.577245      1.287  37.909863    13.9952    6.49072      1.276    31.2759    23.3119 -9.990e-29
 167.577251      1.290  37.907840    13.9950    6.49122      1.279    31.2742    23.3107 -9.990e-29
 167.577257      1.293  37.907481    13.9954    6.49859      1.282    31.2735    23.3101 -9.990e-29
 167.577263      1.295  37.907753    13.9956    6.49708      1.284    31.2736    23.3101 -9.990e-29
 167.577269      1.297  37.907337    13.9953    6.50499      1.286    31.2734    23.3101 -9.990e-29
 167.577274      1.298  37.906244    13.9950    6.50505      1.287    31.2727    23.3095 -9.990e-29
 167.577280      1.300  37.905266    13.9947    6.48951      1.289    31.2720    23.3091 -9.990e-29
 167.577286      1.301  37.904225    13.9938    6.48544      1.290    31.2718    23.3091 -9.990e-29
 167.577292      1.303  37.902858    13.9917    6.48285      1.292    31.2723    23.3099 -9.990e-29
 167.577297      1.304  37.901032    13.9886    6.48526      1.293    31.2731    23.3112 -9.990e-29
 167.577303      1.306  37.897997    13.9861    6.50336      1.295    31.2723    23.3111 -9.990e-29
 167.577309      1.309  37.894759    13.9853    6.51226      1.298    31.2700    23.3095 -9.990e-29
 167.577315      1.312  37.893737    13.9854    6.50764      1.301    31.2690    23.3086 -9.990e-29
 167.577321      1.315  37.894132    13.9854    6.49690      1.304    31.2694    23.3089 -9.990e-29
 167.577326      1.320  37.893671    13.9854    6.48878      1.309    31.2689    23.3086 -9.990e-29
 167.577332      1.326  37.892866    13.9858    6.49926      1.315    31.2679    23.3077 -9.990e-29
 167.577338      1.333  37.892331    13.9862    6.51857      1.322    31.2671    23.3070 -9.990e-29
 167.577344      1.343  37.891355    13.9865    6.52416      1.332    31.2659    23.3060 -9.990e-29
 167.577350      1.351  37.890326    13.9870    6.50923      1.340    31.2646    23.3049 -9.990e-29
 167.577355      1.354  37.890118    13.9876    6.49897      1.343    31.2639    23.3042 -9.990e-29
 167.577361      1.356  37.890459    13.9883    6.51278      1.345    31.2636    23.3039 -9.990e-29
 167.577367      1.361  37.890688    13.9888    6.52599      1.350    31.2634    23.3036 -9.990e-29
 167.577373      1.366  37.890551    13.9890    6.53297      1.355    31.2631    23.3034 -9.990e-29
 167.577378      1.367  37.890432    13.9895    6.51597      1.356    31.2626    23.3029 -9.990e-29
 167.577384      1.363  37.890736    13.9903    6.49637      1.352    31.2622    23.3024 -9.990e-29
 167.577390      1.355  37.891875    13.9911    6.49637      1.344    31.2626    23.3026 -9.990e-29
 167.577396      1.346  37.893688    13.9910    6.50696      1.335    31.2644    23.3039 -9.990e-29
 167.577402      1.341  37.894110    13.9893    6.51096      1.330    31.2662    23.3057 -9.990e-29
 167.577407      1.337  37.892025    13.9864    6.51691      1.326    31.2666    23.3066 -9.990e-29
 167.577413      1.336  37.888584    13.9840    6.50798      1.325    31.2654    23.3061 -9.990e-29
 167.577419      1.337  37.885374    13.9830    6.51124      1.326    31.2633    23.3047 -9.990e-29
 167.577425      1.341  37.883728    13.9833    6.51433      1.330    31.2615    23.3033 -9.990e-29
 167.577431      1.347  37.883700    13.9845    6.50595      1.336    31.2605    23.3023 -9.990e-29
 167.577436      1.357  37.884696    13.9866    6.50737      1.346    31.2597    23.3012 -9.990e-29
 167.577442      1.370  37.887485    13.9889    6.50439      1.359    31.2604    23.3013 -9.990e-29
 167.577448      1.387  37.891305    13.9902    6.50536      1.375    31.2628    23.3029 -9.990e-29
 167.577454      1.410  37.892838    13.9906    6.50037      1.398    31.2639    23.3037 -9.990e-29
 167.577459      1.435  37.891888    13.9911    6.50513      1.423    31.2626    23.3026 -9.990e-29
 167.577465      1.461  37.890560    13.9918    6.50788      1.449    31.2608    23.3010 -9.990e-29
 167.577471      1.488  37.889893    13.9924    6.51418      1.476    31.2597    23.3001 -9.990e-29
 167.577477      1.515  37.889561    13.9927    6.52319      1.502    31.2592    23.2996 -9.990e-29
 167.577483      1.538  37.889688    13.9937    6.50944      1.525    31.2585    23.2988 -9.990e-29
 167.577488      1.563  37.891006    13.9953    6.50531      1.550    31.2584    23.2984 -9.990e-29
 167.577494      1.597  37.892473    13.9967    6.50755      1.584    31.2586    23.2983 -9.990e-29
 167.577500      1.637  37.893805    13.9981    6.51505      1.623    31.2586    23.2981 -9.990e-29
 167.577506      1.680  37.895661    13.9993    6.52236      1.666    31.2593    23.2984 -9.990e-29
 167.577512      1.731  37.897155    14.0003    6.51468      1.717    31.2599    23.2986 -9.990e-29
 167.577517      1.793  37.898039    14.0014    6.50320      1.778    31.2598    23.2983 -9.990e-29
 167.577523      1.864  37.898935    14.0021    6.51013      1.848    31.2600    23.2983 -9.990e-29
 167.577529      1.941  37.899358    14.0024    6.52066      1.925    31.2601    23.2983 -9.990e-29
 167.577535      2.025  37.899317    14.0027    6.52821      2.008    31.2598    23.2980 -9.990e-29
 167.577541      2.116  37.899320    14.0029    6.51997      2.098    31.2596    23.2979 -9.990e-29
 167.577546      2.212  37.899378    14.0034    6.51159      2.194    31.2592    23.2975 -9.990e-29
 167.577552      2.310  37.899570    14.0039    6.49672      2.291    31.2589    23.2972 -9.990e-29
 167.577558      2.408  37.899595    14.0040    6.50257      2.388    31.2589    23.2971 -9.990e-29
 167.577564      2.504  37.899491    14.0038    6.51404      2.483    31.2589    23.2971 -9.990e-29
 167.577569      2.595  37.899682    14.0035    6.52421      2.573    31.2593    23.2975 -9.990e-29
 167.577575      2.678  37.899867    14.0033    6.52993      2.656    31.2596    23.2978 -9.990e-29
 167.577581      2.751  37.899736    14.0031    6.52589      2.728    31.2596    23.2978 -9.990e-29
 167.577587      2.812  37.899118    14.0030    6.50943      2.789    31.2591    23.2974 -9.990e-29
 167.577593      2.863  37.897754    14.0031    6.49816      2.839    31.2577    23.2964 -9.990e-29
 167.577598      2.902  37.896073    14.0024    6.49569      2.878    31.2567    23.2958 -9.990e-29
 167.577604      2.936  37.894640    14.0001    6.50599      2.911    31.2573    23.2966 -9.990e-29
 167.577610      2.971  37.892672    13.9964    6.51382      2.946    31.2585    23.2983 -9.990e-29
 167.577616      3.009  37.889793    13.9932    6.52393      2.984    31.2584    23.2989 -9.990e-29
 167.577622      3.049  37.887778    13.9919    6.51777      3.024    31.2576    23.2986 -9.990e-29
 167.577627      3.084  37.887309    13.9913    6.51473      3.058    31.2576    23.2987 -9.990e-29
 167.577633      3.113  37.886082    13.9898    6.52083      3.087    31.2577    23.2991 -9.990e-29
 167.577639      3.141  37.883586    13.9879    6.51493      3.115    31.2570    23.2989 -9.990e-29
 167.577645      3.180  37.882108    13.9873    6.52213      3.153    31.2561    23.2983 -9.990e-29
 167.577650      3.235  37.882487    13.9891    6.52769      3.208    31.2549    23.2971 -9.990e-29
 167.577656      3.306  37.884671    13.9911    6.52119      3.278    31.2553    23.2970 -9.990e-29
 167.577662      3.389  37.886526    13.9919    6.51469      3.361    31.2563    23.2976 -9.990e-29
 167.577668      3.476  37.886041    13.9921    6.51479      3.447    31.2557    23.2971 -9.990e-29
 167.577674      3.555  37.884820    13.9907    6.51612      3.525    31.2557    23.2973 -9.990e-29
 167.577679      3.624  37.882918    13.9865    6.53155      3.594    31.2573    23.2995 -9.990e-29
 167.577685      3.687  37.880049    13.9820    6.53554      3.656    31.2583    23.3011 -9.990e-29
 167.577691      3.747  37.878000    13.9802    6.53883      3.716    31.2579    23.3012 -9.990e-29
 167.577697      3.804  37.877409    13.9814    6.53750      3.772    31.2563    23.2997 -9.990e-29
 167.577703      3.852  37.878052    13.9841    6.53890      3.820    31.2547    23.2979 -9.990e-29
 167.577708      3.892  37.879666    13.9867    6.53694      3.859    31.2541    23.2969 -9.990e-29
 167.577714      3.921  37.881043    13.9887    6.52767      3.888    31.2537    23.2962 -9.990e-29
