data/oxygen options/OCNMS/OCNMS2/raw_data/2004/CTD_CA30_102104faed.cnv
* Sea-Bird SBE19 Data File:
* FileName = C:\WINDOWS\Desktop\put hypoxia files here\CTD data\October 21-04\CA\Raw\CA30_102104.hex
* Software Version 1.1.4
* Temperature SN = 2997
* Conductivity SN = 2997
* System UpLoad Time = Oct 21 2004 14:40:32
* SEACAT PROFILER V3.1c SN 2997   10/21/04  14:45:52.409
* strain gauge pressure sensor: S/N = 184829,  range = 3000 psia,  tc = 40
# nquan = 9                                 
# nvalues = 500                         
# units = specified
# name 0 = timeJ: Julian Days
# name 1 = prSM: Pressure, Strain Gauge [db]
# name 2 = c0mS/cm: Conductivity [mS/cm]
# name 3 = t090C: Temperature [ITS-90, deg C]
# name 4 = oxML/L: Oxygen, Beckman/YSI [ml/l]
# name 5 = depSM: Depth [salt water, m], lat = 47.5
# name 6 = sal00: Salinity, Practical [PSU]
# name 7 = sigma-é00: Density [sigma-theta, kg/m^3]
# name 8 = flag: flag
# span 0 = 295.600590, 295.603478       
# span 1 =     -4.766,     26.197       
# span 2 =   1.313377,  36.913716       
# span 3 =    11.2512,    12.8503       
# span 4 =   -0.04667,   33.81500       
# span 5 =     -4.726,     25.977       
# span 6 =     0.9082,    31.4351       
# span 7 =     0.2914,    23.7386       
# span 8 = 0.0000e+00, 0.0000e+00       
# interval = seconds: 0.5
# start_time = Oct 21 2004 14:24:51 [Instrument's time stamp, header]
# bad_flag = -9.990e-29
*END*
[from data line 161]
 295.601522     -0.038  36.907886    12.8451    6.29917     -0.038    31.2876    23.5485 -9.990e-29
 295.601528     -0.028  36.907777    12.8450    6.30379     -0.028    31.2876    23.5485 -9.990e-29
 295.601534     -0.016  36.907660    12.8449    6.30972     -0.016    31.2876    23.5485 -9.990e-29
 295.601539      0.006  36.907950    12.8450    6.31270      0.006    31.2877    23.5486 -9.990e-29
 295.601545      0.031  36.908480    12.8452    6.30599      0.031    31.2881    23.5489 -9.990e-29
 295.601551      0.049  36.908841    12.8453    6.31121      0.049    31.2883    23.5490 -9.990e-29
 295.601557      0.060  36.908957    12.8454    6.30581      0.059    31.2883    23.5490 -9.990e-29
 295.601563      0.073  36.908992    12.8456    6.30443      0.072    31.2882    23.5489 -9.990e-29
 295.601568      0.095  36.909000    12.8458    6.29895      0.094    31.2880    23.5487 -9.990e-29
 295.601574      0.121  36.908999    12.8458    6.30280      0.120    31.2880    23.5487 -9.990e-29
 295.601580      0.144  36.908996    12.8456    6.30701      0.143    31.2882    23.5489 -9.990e-29
 295.601586      0.163  36.908993    12.8456    6.30180      0.162    31.2882    23.5489 -9.990e-29
 295.601591      0.179  36.908993    12.8457    6.28865      0.178    31.2881    23.5488 -9.990e-29
 295.601597      0.191  36.909002    12.8459    6.26942      0.189    31.2879    23.5486 -9.990e-29
 295.601603      0.202  36.909038    12.8462    6.27470      0.200    31.2877    23.5484 -9.990e-29
 295.601609      0.212  36.909157    12.8469    6.28316      0.210    31.2872    23.5479 -9.990e-29
 295.601615      0.221  36.909526    12.8476    6.28540      0.219    31.2870    23.5476 -9.990e-29
 295.601620      0.226  36.910081    12.8478    6.28161      0.224    31.2874    23.5478 -9.990e-29
 295.601626      0.222  36.910450    12.8477    6.27691      0.220    31.2878    23.5482 -9.990e-29
 295.601632      0.214  36.910571    12.8476    6.27054      0.212    31.2880    23.5483 -9.990e-29
 295.601638      0.210  36.910612    12.8476    6.28016      0.208    31.2880    23.5484 -9.990e-29
 295.601644      0.218  36.910635    12.8477    6.28999      0.216    31.2880    23.5483 -9.990e-29
 295.601649      0.239  36.910677    12.8479    6.28177      0.237    31.2878    23.5482 -9.990e-29
 295.601655      0.261  36.910802    12.8480    6.27333      0.259    31.2879    23.5482 -9.990e-29
 295.601661      0.272  36.911182    12.8482    6.26731      0.270    31.2880    23.5483 -9.990e-29
 295.601667      0.274  36.911771    12.8485    6.26043      0.272    31.2883    23.5484 -9.990e-29
 295.601672      0.276  36.912239    12.8489    6.27802      0.274    31.2885    23.5485 -9.990e-29
 295.601678      0.280  36.912658    12.8493    6.27241      0.278    31.2885    23.5484 -9.990e-29
 295.601684      0.289  36.913031    12.8493    6.27118      0.287    31.2889    23.5487 -9.990e-29
 295.601690      0.301  36.912743    12.8490    6.26294      0.298    31.2888    23.5487 -9.990e-29
 295.601696      0.319  36.911978    12.8482    6.25829      0.316    31.2888    23.5488 -9.990e-29
 295.601701      0.343  36.911404    12.8473    6.25894      0.340    31.2890    23.5492 -9.990e-29
 295.601707      0.371  36.910823    12.8471    6.25871      0.368    31.2886    23.5489 -9.990e-29
 295.601713      0.395  36.910590    12.8476    6.26155      0.392    31.2879    23.5483 -9.990e-29
 295.601719      0.413  36.910961    12.8482    6.26190      0.410    31.2878    23.5481 -9.990e-29
 295.601725      0.426  36.911315    12.8485    6.26488      0.422    31.2879    23.5481 -9.990e-29
 295.601730      0.439  36.911572    12.8485    6.25844      0.435    31.2881    23.5483 -9.990e-29
 295.601736      0.457  36.911521    12.8483    6.25176      0.453    31.2882    23.5484 -9.990e-29
 295.601742      0.473  36.911102    12.8482    6.25476      0.469    31.2879    23.5482 -9.990e-29
 295.601748      0.480  36.910882    12.8484    6.25281      0.476    31.2875    23.5478 -9.990e-29
 295.601753      0.482  36.911138    12.8489    6.25512      0.478    31.2873    23.5476 -9.990e-29
 295.601759      0.483  36.911655    12.8493    6.24406      0.479    31.2875    23.5476 -9.990e-29
 295.601765      0.483  36.912011    12.8494    6.23959      0.479    31.2877    23.5478 -9.990e-29
 295.601771      0.487  36.912126    12.8493    6.25482      0.483    31.2879    23.5480 -9.990e-29
 295.601777      0.500  36.912161    12.8492    6.26016      0.496    31.2880    23.5481 -9.990e-29
 295.601782      0.518  36.912171    12.8491    6.25949      0.514    31.2881    23.5482 -9.990e-29
 295.601788      0.533  36.912174    12.8491    6.24188      0.529    31.2881    23.5482 -9.990e-29
 295.601794      0.537  36.912182    12.8491    6.22630      0.533    31.2881    23.5482 -9.990e-29
 295.601800      0.537  36.912211    12.8482    6.22763      0.533    31.2889    23.5489 -9.990e-29
 295.601806      0.543  36.911747    12.8460    6.23902      0.538    31.2903    23.5504 -9.990e-29
 295.601811      0.557  36.910178    12.8439    6.24125      0.552    31.2905    23.5510 -9.990e-29
 295.601817      0.571  36.908225    12.8438    6.23592      0.566    31.2888    23.5497 -9.990e-29
 295.601823      0.577  36.907777    12.8458    6.22611      0.572    31.2867    23.5477 -9.990e-29
 295.601829      0.576  36.909361    12.8481    6.22971      0.571    31.2863    23.5469 -9.990e-29
 295.601834      0.581  36.911171    12.8494    6.23573      0.576    31.2869    23.5472 -9.990e-29
 295.601840      0.599  36.912265    12.8499    6.23369      0.594    31.2875    23.5476 -9.990e-29
 295.601846      0.625  36.912989    12.8500    6.23369      0.620    31.2881    23.5480 -9.990e-29
 295.601852      0.646  36.913192    12.8499    6.23735      0.641    31.2884    23.5482 -9.990e-29
 295.601858      0.660  36.913153    12.8497    6.24571      0.654    31.2885    23.5483 -9.990e-29
 295.601863      0.668  36.913384    12.8496    6.23786      0.662    31.2888    23.5486 -9.990e-29
 295.601869      0.669  36.913642    12.8497    6.22921      0.663    31.2890    23.5487 -9.990e-29
 295.601875      0.665  36.913716    12.8498    6.22368      0.659    31.2890    23.5487 -9.990e-29
 295.601881      0.660  36.913711    12.8499    6.23508      0.654    31.2889    23.5486 -9.990e-29
 295.601887      0.661  36.913629    12.8501    6.23827      0.655    31.2886    23.5484 -9.990e-29
 295.601892      0.672  36.913369    12.8501    6.23451      0.666    31.2884    23.5482 -9.990e-29
 295.601898      0.691  36.913150    12.8500    6.23516      0.685    31.2882    23.5481 -9.990e-29
 295.601904      0.710  36.913250    12.8496    6.23244      0.704    31.2887    23.5485 -9.990e-29
 295.601910      0.725  36.913247    12.8480    6.23051      0.719    31.2900    23.5498 -9.990e-29
 295.601916      0.738  36.912024    12.8444    6.21848      0.732    31.2918    23.5519 -9.990e-29
 295.601921      0.750  36.908516    12.8401    6.21929      0.744    31.2920    23.5529 -9.990e-29
 295.601927      0.761  36.904224    12.8377    6.21424      0.755    31.2900    23.5518 -9.990e-29
 295.601933      0.768  36.902403    12.8380    6.20006      0.762    31.2880    23.5502 -9.990e-29
 295.601939      0.767  36.903435    12.8394    6.19336      0.761    31.2878    23.5498 -9.990e-29
 295.601944      0.762  36.904776    12.8402    6.19561      0.756    31.2884    23.5501 -9.990e-29
 295.601950      0.757  36.904856    12.8403    6.21279      0.751    31.2884    23.5501 -9.990e-29
 295.601956      0.756  36.904352    12.8400    6.21146      0.750    31.2882    23.5500 -9.990e-29
 295.601962      0.763  36.903720    12.8393    6.19735      0.757    31.2882    23.5501 -9.990e-29
 295.601968      0.775  36.902686    12.8386    6.18170      0.769    31.2878    23.5499 -9.990e-29
 295.601973      0.787  36.902122    12.8382    6.18171      0.780    31.2876    23.5498 -9.990e-29
 295.601979      0.802  36.902402    12.8380    6.19722      0.795    31.2880    23.5502 -9.990e-29
 295.601985      0.819  36.902787    12.8382    6.19902      0.812    31.2882    23.5503 -9.990e-29
 295.601991      0.835  36.903235    12.8383    6.18729      0.828    31.2885    23.5506 -9.990e-29
 295.601997      0.844  36.903229    12.8378    6.17594      0.837    31.2889    23.5510 -9.990e-29
 295.602002      0.845  36.902206    12.8369    6.16651      0.838    31.2887    23.5510 -9.990e-29
 295.602008      0.847  36.900866    12.8356    6.17757      0.840    31.2885    23.5511 -9.990e-29
 295.602014      0.854  36.899669    12.8342    6.17296      0.847    31.2885    23.5514 -9.990e-29
 295.602020      0.863  36.898522    12.8334    6.17302      0.856    31.2881    23.5512 -9.990e-29
 295.602025      0.866  36.897590    12.8329    6.16906      0.859    31.2877    23.5509 -9.990e-29
 295.602031      0.859  36.897134    12.8326    6.15579      0.852    31.2875    23.5508 -9.990e-29
 295.602037      0.845  36.897113    12.8328    6.15853      0.838    31.2873    23.5507 -9.990e-29
 295.602043      0.836  36.897508    12.8333    6.16547      0.829    31.2873    23.5505 -9.990e-29
 295.602049      0.841  36.898295    12.8340    6.16645      0.834    31.2874    23.5505 -9.990e-29
 295.602054      0.855  36.898849    12.8346    6.16518      0.848    31.2874    23.5504 -9.990e-29
 295.602060      0.871  36.898793    12.8349    6.16765      0.864    31.2871    23.5501 -9.990e-29
 295.602066      0.881  36.898620    12.8349    6.16059      0.874    31.2870    23.5500 -9.990e-29
 295.602072      0.886  36.898669    12.8350    6.16387      0.879    31.2869    23.5500 -9.990e-29
 295.602078      0.894  36.899014    12.8354    6.16553      0.887    31.2869    23.5499 -9.990e-29
 295.602083      0.911  36.899563    12.8359    6.15740      0.903    31.2870    23.5499 -9.990e-29
 295.602089      0.934  36.899933    12.8363    6.15852      0.926    31.2870    23.5498 -9.990e-29
 295.602095      0.954  36.900064    12.8362    6.16547      0.946    31.2872    23.5500 -9.990e-29
 295.602101      0.970  36.900139    12.8361    6.16839      0.962    31.2874    23.5501 -9.990e-29
 295.602106      0.982  36.900265    12.8365    6.17257      0.974    31.2872    23.5499 -9.990e-29
 295.602112      0.991  36.900621    12.8371    6.16320      0.983    31.2870    23.5496 -9.990e-29
 295.602118      0.997  36.901127    12.8375    6.16529      0.989    31.2871    23.5496 -9.990e-29
 295.602124      1.002  36.901343    12.8372    6.16816      0.994    31.2876    23.5500 -9.990e-29
 295.602130      1.004  36.901007    12.8366    6.16145      0.996    31.2878    23.5503 -9.990e-29
 295.602135      1.005  36.900238    12.8363    6.14965      0.997    31.2873    23.5500 -9.990e-29
 295.602141      1.004  36.899702    12.8363    6.14928      0.996    31.2868    23.5496 -9.990e-29
 295.602147      1.006  36.899814    12.8365    6.15865      0.998    31.2867    23.5495 -9.990e-29
 295.602153      1.015  36.900169    12.8368    6.16579      1.007    31.2868    23.5495 -9.990e-29
 295.602159      1.028  36.900690    12.8372    6.17576      1.019    31.2870    23.5496 -9.990e-29
 295.602164      1.040  36.901518    12.8375    6.16118      1.031    31.2875    23.5499 -9.990e-29
 295.602170      1.049  36.902081    12.8375    6.14907      1.040    31.2880    23.5503 -9.990e-29
 295.602176      1.050  36.902016    12.8374    6.15273      1.041    31.2880    23.5504 -9.990e-29
 295.602182      1.048  36.901805    12.8373    6.16042      1.039    31.2879    23.5503 -9.990e-29
 295.602188      1.047  36.901737    12.8369    6.16944      1.038    31.2882    23.5506 -9.990e-29
 295.602193      1.048  36.901730    12.8366    6.16392      1.039    31.2884    23.5508 -9.990e-29
 295.602199      1.045  36.901780    12.8366    6.14434      1.036    31.2885    23.5509 -9.990e-29
 295.602205      1.035  36.901962    12.8365    6.14372      1.026    31.2887    23.5511 -9.990e-29
 295.602211      1.024  36.901968    12.8361    6.14787      1.015    31.2891    23.5514 -9.990e-29
 295.602216      1.027  36.901251    12.8353    6.15401      1.018    31.2891    23.5516 -9.990e-29
 295.602222      1.042  36.899987    12.8345    6.15171      1.033    31.2885    23.5513 -9.990e-29
 295.602228      1.058  36.898742    12.8342    6.14060      1.049    31.2876    23.5506 -9.990e-29
 295.602234      1.063  36.898104    12.8344    6.15101      1.054    31.2868    23.5500 -9.990e-29
 295.602240      1.061  36.898350    12.8351    6.14351      1.052    31.2865    23.5496 -9.990e-29
 295.602245      1.065  36.899258    12.8364    6.14479      1.056    31.2863    23.5492 -9.990e-29
 295.602251      1.076  36.900925    12.8380    6.15132      1.067    31.2865    23.5491 -9.990e-29
 295.602257      1.086  36.902778    12.8389    6.15005      1.077    31.2875    23.5497 -9.990e-29
 295.602263      1.086  36.903372    12.8389    6.16784      1.077    31.2881    23.5501 -9.990e-29
 295.602269      1.077  36.902943    12.8385    6.15779      1.068    31.2880    23.5501 -9.990e-29
 295.602274      1.067  36.902612    12.8383    6.15189      1.058    31.2878    23.5500 -9.990e-29
 295.602280      1.059  36.902504    12.8381    6.14802      1.050    31.2879    23.5501 -9.990e-29
 295.602286      1.052  36.902486    12.8380    6.14583      1.043    31.2880    23.5502 -9.990e-29
 295.602292      1.052  36.902539    12.8387    6.15919      1.043    31.2875    23.5497 -9.990e-29
 295.602297      1.062  36.903304    12.8400    6.15642      1.053    31.2871    23.5491 -9.990e-29
 295.602303      1.073  36.904686    12.8407    6.16006      1.064    31.2878    23.5496 -9.990e-29
 295.602309      1.075  36.905171    12.8401    6.15977      1.066    31.2888    23.5504 -9.990e-29
 295.602315      1.066  36.904293    12.8390    6.15110      1.057    31.2889    23.5507 -9.990e-29
 295.602321      1.060  36.903133    12.8378    6.15159      1.051    31.2888    23.5508 -9.990e-29
 295.602326      1.064  36.902396    12.8365    6.13736      1.055    31.2891    23.5514 -9.990e-29
 295.602332      1.075  36.901107    12.8343    6.13488      1.066    31.2897    23.5523 -9.990e-29
 295.602338      1.088  36.898677    12.8312    6.13174      1.079    31.2900    23.5531 -9.990e-29
 295.602344      1.101  36.895237    12.8272    6.13838      1.092    31.2901    23.5539 -9.990e-29
 295.602350      1.110  36.890695    12.8234    6.13380      1.101    31.2889    23.5537 -9.990e-29
 295.602355      1.115  36.886854    12.8215    6.12679      1.106    31.2869    23.5525 -9.990e-29
 295.602361      1.117  36.885889    12.8217    6.11867      1.108    31.2858    23.5516 -9.990e-29
 295.602367      1.121  36.887081    12.8224    6.11147      1.112    31.2863    23.5519 -9.990e-29
 295.602373      1.130  36.888104    12.8218    6.11086      1.121    31.2878    23.5532 -9.990e-29
 295.602378      1.141  36.887525    12.8194    6.09313      1.131    31.2892    23.5547 -9.990e-29
 295.602384      1.142  36.885142    12.8160    6.09321      1.132    31.2898    23.5558 -9.990e-29
 295.602390      1.129  36.881707    12.8130    6.10365      1.120    31.2891    23.5558 -9.990e-29
 295.602396      1.114  36.878816    12.8117    6.10718      1.105    31.2874    23.5548 -9.990e-29
 295.602402      1.108  36.877671    12.8120    6.09963      1.099    31.2861    23.5537 -9.990e-29
 295.602407      1.116  36.877874    12.8130    6.08288      1.107    31.2854    23.5530 -9.990e-29
 295.602413      1.133  36.878584    12.8142    6.07671      1.124    31.2851    23.5526 -9.990e-29
 295.602419      1.153  36.879631    12.8155    6.08404      1.143    31.2850    23.5522 -9.990e-29
 295.602425      1.172  36.880737    12.8170    6.09310      1.162    31.2848    23.5518 -9.990e-29
 295.602431      1.191  36.881702    12.8188    6.09887      1.181    31.2842    23.5510 -9.990e-29
 295.602436      1.208  36.883261    12.8206    6.09856      1.198    31.2842    23.5506 -9.990e-29
