data/oxygen options/OCNMS/OCNMS2/raw_data/2004/CTD_CA45_090804faed.cnv
* Sea-Bird SBE19 Data File:
* FileName = C:\WINDOWS\Desktop\put hypoxia files here\CTD data\September 07_0804\CA\raw\CA45_090804.hex
* Software Version 1.1.4
* Temperature SN = 2997
* Conductivity SN = 2997
* System UpLoad Time = Sep 08 2004 10:23:01
* SEACAT PROFILER V3.1c SN 2997   09/08/04  10:25:37.157
* strain gauge pressure sensor: S/N = 184829,  range = 3000 psia,  tc = 40
# nquan = 9                                 
# nvalues = 747                         
# units = specified
# name 0 = timeJ: Julian Days
# name 1 = prSM: Pressure, Strain Gauge [db]
# name 2 = c0mS/cm: Conductivity [mS/cm]
# name 3 = t090C: Temperature [ITS-90, deg C]
# name 4 = oxML/L: Oxygen, Beckman/YSI [ml/l]
# name 5 = depSM: Depth [salt water, m], lat = 47.5
# name 6 = sal00: Salinity, Practical [PSU]
# name 7 = sigma-é00: Density [sigma-theta, kg/m^3]
# name 8 = flag: flag
# span 0 = 252.396852, 252.401169       
# span 1 =     -4.887,     44.495       
# span 2 =   0.577906,  38.405628       
# span 3 =     7.5951,    14.0009       
# span 4 =  -11.63186,   32.42282       
# span 5 =     -4.846,     44.119       
# span 6 =     0.3598,    33.6668       
# span 7 =    -0.4742,    26.2854       
# span 8 = 0.0000e+00, 0.0000e+00       
# interval = seconds: 0.5
# start_time = Sep 08 2004 09:31:28 [Instrument's time stamp, header]
# bad_flag = -9.990e-29
*END*
[from data line 161]
 252.397784     -0.462  38.277070    13.0899    7.33867     -0.458    32.3720    24.3400 -9.990e-29
 252.397789     -0.457  38.276622    13.0896    7.34376     -0.453    32.3718    24.3399 -9.990e-29
 252.397795     -0.457  38.276255    13.0893    7.35118     -0.453    32.3717    24.3399 -9.990e-29
 252.397801     -0.453  38.276053    13.0890    7.35858     -0.449    32.3718    24.3400 -9.990e-29
 252.397807     -0.440  38.275757    13.0887    7.34436     -0.436    32.3717    24.3401 -9.990e-29
 252.397812     -0.422  38.275544    13.0885    7.33256     -0.418    32.3717    24.3401 -9.990e-29
 252.397818     -0.403  38.275704    13.0887    7.33111     -0.400    32.3717    24.3400 -9.990e-29
 252.397824     -0.380  38.275901    13.0890    7.33859     -0.377    32.3716    24.3399 -9.990e-29
 252.397830     -0.357  38.275849    13.0894    7.34860     -0.354    32.3712    24.3395 -9.990e-29
 252.397836     -0.336  38.276049    13.0897    7.35011     -0.333    32.3711    24.3394 -9.990e-29
 252.397841     -0.316  38.276779    13.0897    7.33562     -0.313    32.3718    24.3399 -9.990e-29
 252.397847     -0.296  38.277341    13.0895    7.33021     -0.294    32.3725    24.3405 -9.990e-29
 252.397853     -0.275  38.277376    13.0891    7.33839     -0.273    32.3729    24.3409 -9.990e-29
 252.397859     -0.251  38.276942    13.0883    7.34235     -0.249    32.3731    24.3412 -9.990e-29
 252.397865     -0.223  38.276032    13.0875    7.35460     -0.221    32.3729    24.3413 -9.990e-29
 252.397870     -0.193  38.275127    13.0875    7.33480     -0.191    32.3721    24.3406 -9.990e-29
 252.397876     -0.167  38.274715    13.0881    7.32765     -0.166    32.3712    24.3398 -9.990e-29
 252.397882     -0.150  38.274818    13.0887    7.32633     -0.149    32.3707    24.3393 -9.990e-29
 252.397888     -0.135  38.275024    13.0888    7.34097     -0.134    32.3709    24.3394 -9.990e-29
 252.397894     -0.116  38.275060    13.0884    7.35221     -0.115    32.3712    24.3397 -9.990e-29
 252.397899     -0.098  38.274983    13.0877    7.33938     -0.097    32.3717    24.3403 -9.990e-29
 252.397905     -0.083  38.274702    13.0878    7.32880     -0.082    32.3714    24.3400 -9.990e-29
 252.397911     -0.070  38.274415    13.0888    7.31967     -0.069    32.3703    24.3389 -9.990e-29
 252.397917     -0.059  38.274312    13.0897    7.32912     -0.059    32.3694    24.3381 -9.990e-29
 252.397922     -0.048  38.274268    13.0901    7.34457     -0.048    32.3690    24.3377 -9.990e-29
 252.397928     -0.037  38.274235    13.0900    7.33597     -0.037    32.3690    24.3377 -9.990e-29
 252.397934     -0.025  38.274182    13.0898    7.32638     -0.025    32.3692    24.3379 -9.990e-29
 252.397940     -0.012  38.274049    13.0900    7.33233     -0.012    32.3689    24.3376 -9.990e-29
 252.397946      0.003  38.273670    13.0905    7.32849      0.003    32.3681    24.3369 -9.990e-29
 252.397951      0.022  38.273115    13.0907    7.33459      0.022    32.3674    24.3363 -9.990e-29
 252.397957      0.044  38.272774    13.0909    7.32946      0.044    32.3669    24.3359 -9.990e-29
 252.397963      0.069  38.272765    13.0910    7.31708      0.068    32.3668    24.3358 -9.990e-29
 252.397969      0.088  38.273088    13.0908    7.32367      0.087    32.3672    24.3362 -9.990e-29
 252.397975      0.103  38.273625    13.0906    7.33300      0.102    32.3679    24.3367 -9.990e-29
 252.397980      0.119  38.273981    13.0904    7.32752      0.118    32.3684    24.3372 -9.990e-29
 252.397986      0.132  38.274083    13.0903    7.31927      0.131    32.3686    24.3373 -9.990e-29
 252.397992      0.145  38.274078    13.0905    7.30012      0.144    32.3684    24.3372 -9.990e-29
 252.397998      0.161  38.273971    13.0908    7.30200      0.160    32.3680    24.3368 -9.990e-29
 252.398003      0.178  38.273630    13.0907    7.31258      0.177    32.3678    24.3366 -9.990e-29
 252.398009      0.191  38.273174    13.0907    7.31678      0.189    32.3674    24.3363 -9.990e-29
 252.398015      0.203  38.273126    13.0907    7.32087      0.201    32.3673    24.3363 -9.990e-29
 252.398021      0.214  38.273435    13.0907    7.31795      0.212    32.3676    24.3365 -9.990e-29
 252.398027      0.224  38.273403    13.0910    7.30634      0.222    32.3673    24.3362 -9.990e-29
 252.398032      0.235  38.272998    13.0913    7.30977      0.233    32.3667    24.3357 -9.990e-29
 252.398038      0.242  38.272815    13.0914    7.31786      0.240    32.3664    24.3354 -9.990e-29
 252.398044      0.242  38.273180    13.0917    7.30942      0.240    32.3665    24.3354 -9.990e-29
 252.398050      0.239  38.274030    13.0920    7.31713      0.237    32.3670    24.3358 -9.990e-29
 252.398056      0.237  38.274828    13.0921    7.31266      0.235    32.3677    24.3363 -9.990e-29
 252.398061      0.236  38.274969    13.0924    7.31252      0.234    32.3676    24.3361 -9.990e-29
 252.398067      0.236  38.274650    13.0928    7.31190      0.234    32.3669    24.3356 -9.990e-29
 252.398073      0.236  38.274580    13.0932    7.30773      0.234    32.3665    24.3352 -9.990e-29
 252.398079      0.238  38.275240    13.0936    7.30738      0.236    32.3668    24.3353 -9.990e-29
 252.398084      0.241  38.276401    13.0941    7.30215      0.239    32.3675    24.3357 -9.990e-29
 252.398090      0.245  38.277376    13.0944    7.31525      0.243    32.3681    24.3362 -9.990e-29
 252.398096      0.251  38.277794    13.0945    7.31830      0.249    32.3684    24.3364 -9.990e-29
 252.398102      0.254  38.277663    13.0945    7.32772      0.252    32.3683    24.3363 -9.990e-29
 252.398108      0.251  38.277383    13.0946    7.32850      0.249    32.3680    24.3360 -9.990e-29
 252.398113      0.246  38.277153    13.0947    7.29639      0.244    32.3677    24.3358 -9.990e-29
 252.398119      0.242  38.277237    13.0947    7.28934      0.240    32.3677    24.3358 -9.990e-29
 252.398125      0.239  38.277760    13.0948    7.29216      0.237    32.3682    24.3361 -9.990e-29
 252.398131      0.238  38.278308    13.0953    7.29290      0.236    32.3682    24.3361 -9.990e-29
 252.398137      0.238  38.279063    13.0961    7.31784      0.236    32.3683    24.3360 -9.990e-29
 252.398142      0.238  38.279923    13.0965    7.31090      0.236    32.3687    24.3362 -9.990e-29
 252.398148      0.236  38.280363    13.0965    7.29545      0.234    32.3692    24.3366 -9.990e-29
 252.398154      0.221  38.280419    13.0964    7.29110      0.219    32.3693    24.3367 -9.990e-29
 252.398160      0.194  38.280177    13.0966    7.28134      0.192    32.3689    24.3364 -9.990e-29
 252.398166      0.169  38.279888    13.0969    7.28649      0.168    32.3684    24.3359 -9.990e-29
 252.398171      0.167  38.279740    13.0970    7.29434      0.166    32.3682    24.3357 -9.990e-29
 252.398177      0.191  38.279547    13.0971    7.30698      0.189    32.3679    24.3355 -9.990e-29
 252.398183      0.226  38.279064    13.0976    7.30726      0.224    32.3670    24.3347 -9.990e-29
 252.398189      0.253  38.277658    13.0986    7.29742      0.251    32.3648    24.3328 -9.990e-29
 252.398194      0.265  38.275149    13.0998    7.29305      0.263    32.3614    24.3299 -9.990e-29
 252.398200      0.266  38.272127    13.1003    7.28895      0.264    32.3582    24.3273 -9.990e-29
 252.398206      0.267  38.270746    13.0985    7.28663      0.265    32.3584    24.3278 -9.990e-29
 252.398212      0.274  38.271982    13.0951    7.28825      0.272    32.3624    24.3316 -9.990e-29
 252.398218      0.297  38.273008    13.0927    7.29467      0.295    32.3655    24.3344 -9.990e-29
 252.398223      0.339  38.272959    13.0922    7.29255      0.336    32.3658    24.3348 -9.990e-29
 252.398229      0.383  38.272904    13.0930    7.29224      0.380    32.3651    24.3341 -9.990e-29
 252.398235      0.416  38.272779    13.0944    7.28438      0.413    32.3637    24.3328 -9.990e-29
 252.398241      0.441  38.272987    13.0954    7.28138      0.437    32.3631    24.3321 -9.990e-29
 252.398247      0.462  38.273820    13.0956    7.29092      0.458    32.3637    24.3325 -9.990e-29
 252.398252      0.481  38.274718    13.0954    7.29083      0.477    32.3647    24.3333 -9.990e-29
 252.398258      0.499  38.275205    13.0955    7.28874      0.495    32.3651    24.3336 -9.990e-29
 252.398264      0.519  38.275382    13.0960    7.28073      0.515    32.3648    24.3333 -9.990e-29
 252.398270      0.535  38.275495    13.0961    7.28585      0.531    32.3648    24.3333 -9.990e-29
 252.398275      0.542  38.275699    13.0957    7.28367      0.537    32.3653    24.3338 -9.990e-29
 252.398281      0.539  38.276275    13.0953    7.28367      0.535    32.3662    24.3345 -9.990e-29
 252.398287      0.535  38.277441    13.0950    7.29195      0.531    32.3676    24.3356 -9.990e-29
 252.398293      0.533  38.278517    13.0947    7.27905      0.529    32.3688    24.3367 -9.990e-29
 252.398299      0.535  38.279260    13.0945    7.29225      0.531    32.3697    24.3374 -9.990e-29
 252.398304      0.539  38.280107    13.0945    7.28716      0.535    32.3705    24.3380 -9.990e-29
 252.398310      0.541  38.280511    13.0945    7.29688      0.536    32.3709    24.3383 -9.990e-29
 252.398316      0.539  38.280455    13.0947    7.29778      0.535    32.3707    24.3381 -9.990e-29
 252.398322      0.535  38.280432    13.0950    7.29209      0.531    32.3704    24.3378 -9.990e-29
 252.398328      0.534  38.280419    13.0950    7.29033      0.530    32.3704    24.3378 -9.990e-29
 252.398333      0.536  38.280403    13.0946    7.28731      0.532    32.3707    24.3381 -9.990e-29
 252.398339      0.541  38.280370    13.0939    7.29515      0.536    32.3713    24.3387 -9.990e-29
 252.398345      0.548  38.280282    13.0934    7.28542      0.543    32.3716    24.3391 -9.990e-29
 252.398351      0.560  38.280028    13.0934    7.29407      0.555    32.3714    24.3389 -9.990e-29
 252.398356      0.571  38.279836    13.0935    7.29052      0.566    32.3711    24.3387 -9.990e-29
 252.398362      0.575  38.280018    13.0935    7.29548      0.570    32.3713    24.3388 -9.990e-29
 252.398368      0.571  38.280263    13.0934    7.28658      0.566    32.3716    24.3391 -9.990e-29
 252.398374      0.568  38.280341    13.0934    7.27268      0.563    32.3717    24.3391 -9.990e-29
 252.398380      0.570  38.280363    13.0939    7.27940      0.565    32.3712    24.3387 -9.990e-29
 252.398385      0.577  38.280364    13.0947    7.28064      0.572    32.3706    24.3380 -9.990e-29
 252.398391      0.590  38.280353    13.0951    7.28521      0.585    32.3702    24.3377 -9.990e-29
 252.398397      0.609  38.280321    13.0953    7.29425      0.604    32.3700    24.3375 -9.990e-29
 252.398403      0.631  38.280232    13.0954    7.29236      0.626    32.3698    24.3373 -9.990e-29
 252.398409      0.649  38.279974    13.0956    7.27783      0.644    32.3694    24.3369 -9.990e-29
 252.398414      0.660  38.279770    13.0958    7.27846      0.654    32.3690    24.3366 -9.990e-29
 252.398420      0.665  38.279915    13.0960    7.28072      0.659    32.3690    24.3365 -9.990e-29
 252.398426      0.668  38.280047    13.0964    7.28455      0.662    32.3688    24.3363 -9.990e-29
 252.398432      0.678  38.279788    13.0971    7.28213      0.672    32.3679    24.3355 -9.990e-29
 252.398438      0.696  38.279361    13.0977    7.28661      0.690    32.3670    24.3347 -9.990e-29
 252.398443      0.713  38.279326    13.0981    7.27306      0.707    32.3666    24.3343 -9.990e-29
 252.398449      0.720  38.279640    13.0985    7.27364      0.714    32.3666    24.3342 -9.990e-29
 252.398455      0.710  38.279605    13.0989    7.26965      0.704    32.3662    24.3338 -9.990e-29
 252.398461      0.702  38.279182    13.0988    7.27177      0.696    32.3659    24.3336 -9.990e-29
 252.398466      0.703  38.278937    13.0985    7.29246      0.697    32.3659    24.3337 -9.990e-29
 252.398472      0.704  38.279111    13.0983    7.29653      0.698    32.3663    24.3340 -9.990e-29
 252.398478      0.703  38.279378    13.0983    7.29157      0.697    32.3665    24.3342 -9.990e-29
 252.398484      0.701  38.279540    13.0983    7.28223      0.695    32.3667    24.3343 -9.990e-29
 252.398490      0.705  38.279821    13.0980    7.27163      0.699    32.3672    24.3347 -9.990e-29
 252.398495      0.709  38.280041    13.0979    7.27656      0.703    32.3675    24.3350 -9.990e-29
 252.398501      0.714  38.279939    13.0981    7.28276      0.708    32.3672    24.3347 -9.990e-29
 252.398507      0.725  38.279385    13.0985    7.28401      0.719    32.3663    24.3340 -9.990e-29
 252.398513      0.738  38.278768    13.0989    7.27236      0.732    32.3654    24.3332 -9.990e-29
 252.398519      0.750  38.278954    13.0990    7.26653      0.744    32.3655    24.3332 -9.990e-29
 252.398524      0.756  38.279636    13.0989    7.26653      0.750    32.3662    24.3338 -9.990e-29
 252.398530      0.754  38.280046    13.0989    7.26289      0.748    32.3666    24.3341 -9.990e-29
 252.398536      0.747  38.280176    13.0992    7.27227      0.741    32.3665    24.3340 -9.990e-29
 252.398542      0.743  38.280208    13.0996    7.27527      0.737    32.3662    24.3336 -9.990e-29
 252.398547      0.748  38.280191    13.0997    7.27696      0.742    32.3661    24.3335 -9.990e-29
 252.398553      0.755  38.280108    13.0997    7.27826      0.749    32.3660    24.3335 -9.990e-29
 252.398559      0.762  38.279856    13.0998    7.27550      0.756    32.3657    24.3332 -9.990e-29
 252.398565      0.770  38.279663    13.1000    7.27057      0.764    32.3653    24.3329 -9.990e-29
 252.398571      0.778  38.279842    13.1000    7.26742      0.772    32.3655    24.3330 -9.990e-29
 252.398576      0.787  38.280076    13.1000    7.26748      0.780    32.3657    24.3332 -9.990e-29
 252.398582      0.798  38.280122    13.1000    7.27516      0.791    32.3657    24.3332 -9.990e-29
 252.398588      0.811  38.280048    13.1001    7.27487      0.804    32.3656    24.3331 -9.990e-29
 252.398594      0.828  38.279761    13.1002    7.26539      0.821    32.3652    24.3328 -9.990e-29
 252.398600      0.849  38.279448    13.1004    7.26220      0.842    32.3647    24.3324 -9.990e-29
 252.398605      0.871  38.279257    13.1005    7.26075      0.864    32.3645    24.3321 -9.990e-29
 252.398611      0.892  38.278938    13.1006    7.27013      0.885    32.3641    24.3318 -9.990e-29
 252.398617      0.913  38.278633    13.1008    7.26245      0.905    32.3636    24.3314 -9.990e-29
 252.398623      0.930  38.278505    13.1010    7.25996      0.922    32.3633    24.3312 -9.990e-29
 252.398628      0.941  38.278389    13.1014    7.26442      0.933    32.3628    24.3307 -9.990e-29
 252.398634      0.951  38.277574    13.1019    7.27857      0.943    32.3616    24.3297 -9.990e-29
 252.398640      0.965  38.276663    13.1022    7.28396      0.957    32.3605    24.3288 -9.990e-29
 252.398646      0.978  38.276693    13.1026    7.27978      0.970    32.3602    24.3285 -9.990e-29
 252.398652      0.988  38.276025    13.1035    7.27277      0.980    32.3588    24.3272 -9.990e-29
 252.398657      0.996  38.274336    13.1043    7.26089      0.988    32.3565    24.3253 -9.990e-29
 252.398663      1.002  38.272747    13.1050    7.26758      0.994    32.3544    24.3235 -9.990e-29
 252.398669      1.005  38.271388    13.1056    7.27547      0.997    32.3526    24.3220 -9.990e-29
 252.398675      1.007  38.271260    13.1061    7.28021      0.999    32.3521    24.3215 -9.990e-29
 252.398681      1.008  38.272197    13.1067    7.27022      1.000    32.3525    24.3217 -9.990e-29
 252.398686      1.007  38.273773    13.1072    7.25609      0.999    32.3535    24.3224 -9.990e-29
 252.398692      1.005  38.276412    13.1067    7.25360      0.997    32.3564    24.3247 -9.990e-29
 252.398698      1.010  38.278030    13.1055    7.23452      1.002    32.3590    24.3269 -9.990e-29
