data/oxygen options/OCNMS/OCNMS2/raw_data/2004/CTD_TH30_061604faed.cnv
* Sea-Bird SBE19 Data File:
* FileName = C:\WINDOWS\Desktop\put hypoxia files here\CTD files\TH\TH30m061604.hex
* Software Version 1.1.4
* Temperature SN = 2997
* Conductivity SN = 2997
* System UpLoad Time = Jun 16 2004 13:34:54
** Teahwhit Head hypoxia June 16, 2004 30m TH-3
* SEACAT PROFILER V3.1c SN 2997   06/16/04  13:39:13.196
# nquan = 9                                 
# nvalues = 656                         
# units = specified
# name 0 = timeJ: Julian Days
# name 1 = prSM: Pressure, Strain Gauge [db]
# name 2 = c0mS/cm: Conductivity [mS/cm]
# name 3 = t090C: Temperature [ITS-90, deg C]
# name 4 = oxML/L: Oxygen, Beckman/YSI [ml/l]
# name 5 = depSM: Depth [salt water, m], lat = 47.5
# name 6 = sal00: Salinity, Practical [PSU]
# name 7 = sigma-é00: Density [sigma-theta, kg/m^3]
# name 8 = flag: flag
# span 0 = 168.560370, 168.564161       
# span 1 =     -5.679,     31.494       
# span 2 =   0.451196,  37.168819       
# span 3 =     8.2698,    14.6939       
# span 4 =  -11.94952,   30.44958       
# span 5 =     -5.632,     31.229       
# span 6 =     0.2752,    32.9569       
# span 7 =    -0.6147,    25.6267       
# span 8 = 0.0000e+00, 0.0000e+00       
# interval = seconds: 0.5
# start_time = Jun 16 2004 13:26:56 [Instrument's time stamp, header]
# bad_flag = -9.990e-29
*END*
[from data line 481]
 168.563154     24.126  34.699036     8.5204    3.71467     23.923    32.8762    25.5294 0.0000e+00
 168.563160     24.470  34.692913     8.5081    3.71345     24.264    32.8811    25.5351 0.0000e+00
 168.563166     24.829  34.687226     8.4960    3.71191     24.620    32.8862    25.5409 0.0000e+00
 168.563171     25.194  34.681663     8.4837    3.70534     24.982    32.8916    25.5471 0.0000e+00
 168.563177     25.556  34.673460     8.4697    3.70334     25.341    32.8959    25.5525 0.0000e+00
 168.563183     25.914  34.662886     8.4535    3.70661     25.696    32.8997    25.5579 0.0000e+00
 168.563189     26.264  34.652296     8.4374    3.70180     26.043    32.9034    25.5633 0.0000e+00
 168.563194     26.611  34.643288     8.4230    3.68441     26.387    32.9072    25.5684 0.0000e+00
 168.563200     26.965  34.635836     8.4094    3.67783     26.738    32.9119    25.5741 0.0000e+00
 168.563206     27.327  34.628436     8.3918    3.68558     27.097    32.9204    25.5834 0.0000e+00
 168.563212     27.693  34.618531     8.3628    3.67565     27.460    32.9369    25.6007 0.0000e+00
 168.563218     28.062  34.601348     8.3261    3.67565     27.826    32.9529    25.6187 0.0000e+00
 168.563223     28.432  34.579225     8.2967    3.67776     28.193    32.9569    25.6262 0.0000e+00
 168.563229     28.795  34.562489     8.2803    3.67557     28.553    32.9544    25.6267 0.0000e+00
 168.563235     29.146  34.554072     8.2727    3.68654     28.901    32.9524    25.6263 0.0000e+00
 168.563241     29.479  34.550058     8.2700    3.68173     29.231    32.9505    25.6253 0.0000e+00
 168.563247     29.797  34.547919     8.2698    3.68430     29.546    32.9483    25.6236 0.0000e+00
 168.563252     30.096  34.547072     8.2709    3.67517     29.843    32.9463    25.6218 0.0000e+00
 168.563258     30.366  34.547534     8.2724    3.67523     30.110    32.9452    25.6207 0.0000e+00
 168.563264     30.599  34.548825     8.2746    3.68923     30.341    32.9444    25.6198 0.0000e+00
 168.563270     30.792  34.550446     8.2788    3.68155     30.533    32.9421    25.6174 0.0000e+00
 168.563275     30.945  34.552903     8.2844    3.68575     30.684    32.9394    25.6144 -9.990e-29
 168.563281     31.058  34.556136     8.2901    3.67689     30.796    32.9374    25.6120 -9.990e-29
 168.563287     31.131  34.559435     8.2976    3.67655     30.869    32.9338    25.6081 -9.990e-29
 168.563293     31.168  34.563864     8.3053    3.67735     30.906    32.9313    25.6049 -9.990e-29
 168.563299     31.180  34.568067     8.3054    3.67113     30.917    32.9356    25.6083 -9.990e-29
 168.563304     31.177  34.567023     8.2973    3.66534     30.914    32.9421    25.6146 -9.990e-29
 168.563310     31.166  34.561051     8.2892    3.66659     30.904    32.9434    25.6168 -9.990e-29
 168.563316     31.160  34.555672     8.2839    3.65739     30.898    32.9427    25.6171 -9.990e-29
 168.563322     31.171  34.552148     8.2801    3.67620     30.909    32.9425    25.6175 -9.990e-29
 168.563328     31.196  34.549730     8.2791    3.67656     30.933    32.9409    25.6164 -9.990e-29
 168.563333     31.224  34.549705     8.2804    3.67094     30.961    32.9396    25.6152 -9.990e-29
 168.563339     31.251  34.550941     8.2814    3.67319     30.988    32.9400    25.6153 -9.990e-29
 168.563345     31.280  34.551189     8.2809    3.66850     31.017    32.9407    25.6159 -9.990e-29
 168.563351     31.312  34.550247     8.2791    3.66726     31.048    32.9414    25.6167 -9.990e-29
 168.563356     31.346  34.549127     8.2772    3.67001     31.082    32.9419    25.6175 -9.990e-29
 168.563362     31.378  34.548605     8.2754    3.66226     31.114    32.9431    25.6186 -9.990e-29
 168.563368     31.412  34.547451     8.2735    3.66293     31.147    32.9436    25.6193 -9.990e-29
 168.563374     31.446  34.545274     8.2726    3.67589     31.181    32.9421    25.6183 -9.990e-29
 168.563380     31.471  34.544241     8.2731    3.67186     31.206    32.9406    25.6170 -9.990e-29
 168.563385     31.487  34.544682     8.2743    3.66623     31.222    32.9399    25.6163 -9.990e-29
 168.563391     31.494  34.545529     8.2757    3.66363     31.229    32.9395    25.6158 -9.990e-29
 168.563397     31.492  34.546817     8.2770    3.66257     31.227    32.9396    25.6157 -9.990e-29
 168.563403     31.482  34.548049     8.2781    3.66836     31.217    32.9399    25.6157 -9.990e-29
 168.563409     31.457  34.548650     8.2789    3.67261     31.192    32.9398    25.6155 -9.990e-29
 168.563414     31.409  34.548888     8.2797    3.66473     31.144    32.9393    25.6150 -9.990e-29
 168.563420     31.330  34.549109     8.2802    3.66285     31.066    32.9391    25.6148 -9.990e-29
 168.563426     31.220  34.549070     8.2799    3.65156     30.957    32.9394    25.6151 -9.990e-29
 168.563432     31.079  34.548748     8.2795    3.63828     30.817    32.9395    25.6152 0.0000e+00
 168.563437     30.911  34.548860     8.2793    3.63689     30.651    32.9399    25.6156 0.0000e+00
 168.563443     30.715  34.549023     8.2781    3.64487     30.456    32.9413    25.6168 0.0000e+00
 168.563449     30.470  34.547799     8.2757    3.65101     30.213    32.9424    25.6180 0.0000e+00
 168.563455     30.159  34.545266     8.2734    3.66149     29.905    32.9420    25.6180 0.0000e+00
 168.563461     29.789  34.543117     8.2730    3.66774     29.538    32.9402    25.6167 0.0000e+00
 168.563466     29.371  34.542440     8.2768    3.67216     29.124    32.9362    25.6130 0.0000e+00
 168.563472     28.917  34.544042     8.2898    3.67853     28.674    32.9259    25.6030 0.0000e+00
 168.563478     28.436  34.550648     8.3177    3.68179     28.197    32.9070    25.5840 0.0000e+00
 168.563484     27.932  34.566049     8.3558    3.68507     27.697    32.8878    25.5633 0.0000e+00
 168.563490     27.407  34.587266     8.3906    3.68737     27.176    32.8780    25.5504 0.0000e+00
 168.563495     26.862  34.605620     8.4170    3.69784     26.636    32.8730    25.5425 0.0000e+00
 168.563501     26.296  34.618713     8.4385    3.70104     26.075    32.8670    25.5345 0.0000e+00
 168.563507     25.714  34.630021     8.4585    3.69726     25.498    32.8605    25.5264 0.0000e+00
 168.563513     25.123  34.641199     8.4774    3.69149     24.912    32.8549    25.5192 0.0000e+00
 168.563519     24.539  34.651487     8.4951    3.69656     24.333    32.8495    25.5123 0.0000e+00
 168.563524     23.971  34.661182     8.5111    3.69629     23.770    32.8451    25.5064 0.0000e+00
 168.563530     23.426  34.670348     8.5252    3.70427     23.229    32.8419    25.5018 0.0000e+00
 168.563536     22.913  34.678346     8.5388    3.70949     22.721    32.8379    25.4966 0.0000e+00
 168.563542     22.436  34.685780     8.5550    3.69568     22.248    32.8308    25.4886 0.0000e+00
 168.563547     22.001  34.694747     8.5751    3.69967     21.816    32.8217    25.4784 0.0000e+00
 168.563553     21.613  34.706580     8.5924    3.70350     21.431    32.8183    25.4731 0.0000e+00
 168.563559     21.283  34.716347     8.5992    3.70236     21.104    32.8224    25.4753 0.0000e+00
 168.563565     21.019  34.718602     8.6009    3.71271     20.843    32.8233    25.4757 0.0000e+00
 168.563571     20.817  34.719186     8.6061    3.71634     20.642    32.8191    25.4717 0.0000e+00
 168.563576     20.660  34.723391     8.6112    3.71434     20.487    32.8189    25.4707 0.0000e+00
 168.563582     20.531  34.726198     8.6150    3.71222     20.359    32.8184    25.4697 -9.990e-29
 168.563588     20.411  34.727455     8.6193    3.71455     20.240    32.8158    25.4670 -9.990e-29
 168.563594     20.298  34.729984     8.6216    3.71286     20.128    32.8163    25.4671 -9.990e-29
 168.563600     20.202  34.731581     8.6217    3.72017     20.032    32.8179    25.4684 -9.990e-29
 168.563605     20.124  34.731600     8.6219    3.72780     19.955    32.8178    25.4682 -9.990e-29
 168.563611     20.061  34.731774     8.6225    3.71775     19.893    32.8175    25.4679 -9.990e-29
 168.563617     20.008  34.732362     8.6229    3.71331     19.840    32.8177    25.4680 -9.990e-29
 168.563623     19.961  34.732493     8.6233    3.71472     19.793    32.8175    25.4678 -9.990e-29
 168.563628     19.918  34.732367     8.6229    3.71214     19.751    32.8178    25.4681 -9.990e-29
 168.563634     19.876  34.731843     8.6208    3.70434     19.709    32.8192    25.4695 -9.990e-29
 168.563640     19.833  34.730812     8.6186    3.68934     19.667    32.8202    25.4706 -9.990e-29
 168.563646     19.781  34.730168     8.6178    3.66838     19.615    32.8203    25.4708 -9.990e-29
 168.563652     19.704  34.730199     8.6186    3.66134     19.539    32.8196    25.4701 -9.990e-29
 168.563657     19.589  34.730971     8.6206    3.66742     19.425    32.8186    25.4690 -9.990e-29
 168.563663     19.437  34.732419     8.6229    3.69218     19.274    32.8181    25.4683 0.0000e+00
 168.563669     19.251  34.733697     8.6271    3.73407     19.089    32.8156    25.4657 0.0000e+00
 168.563675     19.024  34.735418     8.6389    3.77720     18.864    32.8065    25.4568 0.0000e+00
 168.563681     18.745  34.741582     8.6662    3.81098     18.588    32.7878    25.4380 0.0000e+00
 168.563686     18.410  34.757632     8.7189    3.85311     18.256    32.7559    25.4050 0.0000e+00
 168.563692     18.019  34.789862     8.8112    3.90303     17.868    32.7045    25.3505 0.0000e+00
 168.563698     17.576  34.846519     8.9312    3.94941     17.429    32.6532    25.2919 0.0000e+00
 168.563704     17.089  34.915164     9.0388    3.99938     16.946    32.6260    25.2538 0.0000e+00
 168.563709     16.565  34.967955     9.1241    4.04087     16.426    32.6028    25.2223 0.0000e+00
 168.563715     16.012  35.007499     9.2012    4.08203     15.878    32.5735    25.1873 0.0000e+00
 168.563721     15.440  35.047324     9.2695    4.10089     15.311    32.5526    25.1601 0.0000e+00
 168.563727     14.854  35.083947     9.3286    4.11265     14.729    32.5367    25.1383 0.0000e+00
 168.563733     14.255  35.115782     9.3896    4.13695     14.136    32.5143    25.1111 0.0000e+00
 168.563738     13.645  35.147755     9.4735    4.18510     13.531    32.4713    25.0640 0.0000e+00
 168.563744     13.026  35.191698     9.5941    4.31105     12.917    32.4075    24.9948 0.0000e+00
 168.563750     12.408  35.258024     9.7389    4.48170     12.304    32.3450    24.9225 0.0000e+00
 168.563756     11.797  35.337656     9.9007    4.65700     11.698    32.2811    24.8462 0.0000e+00
 168.563762     11.193  35.424127    10.1168    4.85287     11.099    32.1762    24.7285 0.0000e+00
 168.563767     10.598  35.539154    10.4553    5.07228     10.509    31.9928    24.5287 0.0000e+00
 168.563773     10.011  35.724020    10.9265    5.31359      9.927    31.7656    24.2710 0.0000e+00
 168.563779      9.429  35.976881    11.4377    5.51861      9.350    31.5744    24.0322 0.0000e+00
 168.563785      8.854  36.220032    11.9172    5.65603      8.780    31.4036    23.8128 0.0000e+00
 168.563791      8.292  36.405463    12.3762    5.80095      8.223    31.1973    23.5678 0.0000e+00
 168.563796      7.742  36.552863    12.8280    5.94274      7.677    30.9643    23.3018 0.0000e+00
 168.563802      7.198  36.688955    13.2480    6.10238      7.138    30.7502    23.0550 0.0000e+00
 168.563808      6.666  36.817522    13.5880    6.26521      6.610    30.5963    22.8693 0.0000e+00
 168.563814      6.149  36.920540    13.8241    6.29042      6.098    30.5032    22.7504 0.0000e+00
 168.563819      5.649  36.984608    14.0011    6.11080      5.602    30.4219    22.6520 0.0000e+00
 168.563825      5.163  36.989803    14.1996    5.79298      5.120    30.2706    22.4951 0.0000e+00
 168.563831      4.693  36.907782    14.4420    5.48747      4.654    30.0077    22.2430 0.0000e+00
 168.563837      4.244  36.752056    14.6392    5.36666      4.209    29.7160    21.9777 0.0000e+00
 168.563843      3.825  36.610033    14.6939    5.35175      3.793    29.5470    21.8363 0.0000e+00
 168.563848      3.433  36.548155    14.6453    6.32538      3.404    29.5286    21.8321 0.0000e+00
 168.563854      3.070  36.541753    14.5842    6.42581      3.044    29.5694    21.8761 0.0000e+00
 168.563860      2.733  36.531294    14.5230    6.50228      2.710    29.6067    21.9174 0.0000e+00
 168.563866      2.424  36.480974    14.4526    6.55435      2.404    29.6152    21.9384 0.0000e+00
 168.563872      2.143  36.410084    14.3795    6.57012      2.125    29.6071    21.9471 0.0000e+00
 168.563877      1.885  36.332364    14.2839    6.55702      1.869    29.6101    21.9688 0.0000e+00
 168.563883      1.648  36.215962    14.1370    6.56912      1.634    29.6172    22.0040 0.0000e+00
 168.563889      1.433  35.962849    13.9617    6.58506      1.421    29.5215    21.9654 0.0000e+00
 168.563895      1.239  35.233837    13.8031    6.58633      1.229    28.9775    21.5774 0.0000e+00
 168.563900      1.062  32.985669    13.6806    6.59751      1.053    27.0226    20.0938 0.0000e+00
 168.563906      0.905  26.160756    13.6008    6.57687      0.897    20.9742    15.4504 0.0000e+00
 168.563912      0.770  15.725041    13.5601    6.59580      0.764    12.0471     8.5932 -9.990e-29
 168.563918      0.652   8.300027    13.5435    6.61089      0.647     6.0451     3.9795 -9.990e-29
 168.563924      0.545   5.262223    13.5377    6.60694      0.540     3.7114     2.1819 -9.990e-29
 168.563929      0.445   4.045268    13.5358    6.61584      0.441     2.8046     1.4823 -9.990e-29
 168.563935      0.360   3.767857    13.5344    6.61632      0.357     2.6007     1.3250 -9.990e-29
 168.563941      0.292   3.778764    13.5325    6.61468      0.290     2.6088     1.3315 -9.990e-29
 168.563947      0.233   3.646040    13.5301   -3.69876      0.231     2.5118     1.2569 -9.990e-29
 168.563953      0.174   3.393454    13.5262  -10.79361      0.173     2.3277     1.1152 -9.990e-29
 168.563958      0.117   3.183538    13.5208  -11.94952      0.116     2.1757     0.9984 -9.990e-29
 168.563964      0.066   3.065535    13.5156   -9.01556      0.065     2.0906     0.9333 -9.990e-29
 168.563970      0.023   2.964382    13.5114   -2.05036      0.023     2.0178     0.8776 -9.990e-29
 168.563976     -0.017   2.735750    13.5081   -0.25796     -0.017     1.8537     0.7511 -9.990e-29
 168.563981     -0.054   2.418868    13.5053   -0.12662     -0.054     1.6277     0.5766 -9.990e-29
 168.563987     -0.087   2.144810    13.5027   -0.08411     -0.086     1.4338     0.4269 -9.990e-29
 168.563993     -0.114   1.942729    13.5009   -0.06020     -0.113     1.2919     0.3172 -9.990e-29
 168.563999     -0.137   1.830453    13.4998   -0.05491     -0.136     1.2135     0.2566 -9.990e-29
 168.564005     -0.157   1.815520    13.4993   -0.05494     -0.156     1.2031     0.2486 -9.990e-29
 168.564010     -0.175   1.838018    13.4990   -0.05498     -0.174     1.2188     0.2608 -9.990e-29
 168.564016     -0.193   1.842938    13.4986   -0.05502     -0.191     1.2223     0.2636 -9.990e-29
 168.564022     -0.212   1.848509    13.4984   -0.05506     -0.210     1.2261     0.2666 -9.990e-29
 168.564028     -0.228   1.929386    13.4970   -0.05506     -0.226     1.2827     0.3106 -9.990e-29
 168.564034     -0.242   2.201737    13.4929   -0.05505     -0.240     1.4744     0.4596 -9.990e-29
 168.564039     -0.260   2.647485    13.4878   -0.05508     -0.258     1.7914     0.7057 -9.990e-29
 168.564045     -0.279   2.978948    13.4836   -0.05504     -0.277     2.0298     0.8907 -9.990e-29
 168.564051     -0.295   2.983313    13.4804   -0.05493     -0.293     2.0331     0.8937 -9.990e-29
 168.564057     -0.310   2.786483    13.4773   -0.05493     -0.307     1.8916     0.7846 -9.990e-29
 168.564063     -0.325   2.580178    13.4737   -0.05498     -0.322     1.7440     0.6709 -9.990e-29
 168.564068     -0.335   2.414488    13.4707   -0.05502     -0.332     1.6260     0.5800 -9.990e-29
