data/oxygen options/OCNMS/OCNMS2/raw_data/2004/CTD_CA30_072704faed.cnv
* Sea-Bird SBE19 Data File:
* FileName = C:\WINDOWS\Desktop\put hypoxia files here\CTD files\July 26_27-04\CA\CA3_072704.hex
* Software Version 1.1.4
* Temperature SN = 2997
* Conductivity SN = 2997
* System UpLoad Time = Jul 27 2004 15:53:04
* SEACAT PROFILER V3.1c SN 2997   07/27/04  15:52:20.973
* strain gauge pressure sensor: S/N = 184829,  range = 3000 psia,  tc = 40
# nquan = 9                                 
# nvalues = 548                         
# units = specified
# name 0 = timeJ: Julian Days
# name 1 = prSM: Pressure, Strain Gauge [db]
# name 2 = c0mS/cm: Conductivity [mS/cm]
# name 3 = t090C: Temperature [ITS-90, deg C]
# name 4 = oxML/L: Oxygen, Beckman/YSI [ml/l]
# name 5 = depSM: Depth [salt water, m], lat = 47.5
# name 6 = sal00: Salinity, Practical [PSU]
# name 7 = sigma-é00: Density [sigma-theta, kg/m^3]
# name 8 = flag: flag
# span 0 = 209.616782, 209.619948       
# span 1 =     -5.091,     29.701       
# span 2 =   3.363303,  38.425555       
# span 3 =     7.6395,    13.3533       
# span 4 =   -0.04646,   33.53415       
# span 5 =     -5.049,     29.451       
# span 6 =     2.3192,    33.5549       
# span 7 =     1.1388,    26.1477       
# span 8 = 0.0000e+00, 0.0000e+00       
# interval = seconds: 0.5
# start_time = Jul 27 2004 14:48:10 [Instrument's time stamp, header]
# bad_flag = -9.990e-29
*END*
[from data line 321]
 209.618640      0.450  38.135522    12.3681    8.25307      0.446    32.8613    24.8589 -9.990e-29
 209.618646      0.457  38.117535    12.3428    8.27715      0.453    32.8662    24.8675 -9.990e-29
 209.618652      0.462  38.099622    12.3462    8.28921      0.458    32.8461    24.8512 -9.990e-29
 209.618657      0.466  38.105019    12.3913    8.29136      0.462    32.8117    24.8160 -9.990e-29
 209.618663      0.468  38.142040    12.4530    8.31068      0.464    32.7933    24.7899 -9.990e-29
 209.618669      0.468  38.188803    12.4969    8.35545      0.464    32.7997    24.7865 -9.990e-29
 209.618675      0.467  38.224645    12.5109    8.35996      0.463    32.8218    24.8009 -9.990e-29
 209.618681      0.465  38.233418    12.5215    8.32283      0.461    32.8209    24.7982 -9.990e-29
 209.618686      0.461  38.238054    12.5371    8.30615      0.457    32.8117    24.7881 -9.990e-29
 209.618692      0.459  38.252027    12.5270    8.29603      0.455    32.8339    24.8072 -9.990e-29
 209.618698      0.464  38.251898    12.4819    8.30163      0.460    32.8732    24.8464 -9.990e-29
 209.618704      0.471  38.226845    12.4329    8.29079      0.467    32.8921    24.8704 -9.990e-29
 209.618709      0.477  38.191154    12.4028    8.28048      0.473    32.8843    24.8701 -9.990e-29
 209.618715      0.482  38.162863    12.3840    8.25217      0.478    32.8736    24.8654 -9.990e-29
 209.618721      0.487  38.139587    12.3720    8.23055      0.483    32.8618    24.8585 -9.990e-29
 209.618727      0.492  38.116098    12.3809    8.24219      0.488    32.8315    24.8333 -9.990e-29
 209.618733      0.496  38.109322    12.4114    8.24675      0.492    32.7983    24.8018 -9.990e-29
 209.618738      0.501  38.133788    12.4324    8.25385      0.497    32.8034    24.8017 -9.990e-29
 209.618744      0.506  38.159290    12.4282    8.23911      0.502    32.8315    24.8243 -9.990e-29
 209.618750      0.513  38.158695    12.4120    8.21305      0.509    32.8451    24.8379 -9.990e-29
 209.618756      0.520  38.144122    12.3961    8.20171      0.516    32.8450    24.8409 -9.990e-29
 209.618762      0.530  38.127556    12.3846    8.19085      0.526    32.8392    24.8386 -9.990e-29
 209.618767      0.542  38.114960    12.3767    8.18697      0.537    32.8340    24.8361 -9.990e-29
 209.618773      0.553  38.111417    12.3676    8.17680      0.548    32.8386    24.8414 -9.990e-29
 209.618779      0.560  38.108278    12.3509    8.15886      0.555    32.8502    24.8536 -9.990e-29
 209.618785      0.562  38.094626    12.3300    8.16014      0.557    32.8554    24.8616 -9.990e-29
 209.618791      0.561  38.076947    12.3179    8.13309      0.556    32.8490    24.8590 -9.990e-29
 209.618796      0.559  38.069255    12.3209    8.12095      0.554    32.8390    24.8506 -9.990e-29
 209.618802      0.562  38.073634    12.3363    8.12240      0.557    32.8297    24.8405 -9.990e-29
 209.618808      0.570  38.085826    12.3478    8.11830      0.565    32.8314    24.8396 -9.990e-29
 209.618814      0.578  38.093481    12.3416    8.14585      0.573    32.8441    24.8506 -9.990e-29
 209.618819      0.579  38.087740    12.3350    8.16060      0.574    32.8444    24.8521 -9.990e-29
 209.618825      0.573  38.084517    12.3442    8.18260      0.568    32.8333    24.8417 -9.990e-29
 209.618831      0.567  38.095222    12.3610    8.22492      0.562    32.8288    24.8351 -9.990e-29
 209.618837      0.567  38.111129    12.3764    8.26061      0.562    32.8306    24.8335 -9.990e-29
 209.618843      0.571  38.124280    12.3971    8.29518      0.566    32.8251    24.8253 -9.990e-29
 209.618848      0.580  38.142121    12.4337    8.31552      0.575    32.8102    24.8067 -9.990e-29
 209.618854      0.591  38.173859    12.4806    8.32350      0.586    32.7996    24.7896 -9.990e-29
 209.618860      0.600  38.210767    12.5152    8.33323      0.595    32.8047    24.7869 -9.990e-29
 209.618866      0.611  38.233623    12.5228    8.32861      0.606    32.8199    24.7972 -9.990e-29
 209.618872      0.626  38.236451    12.5131    8.32744      0.621    32.8311    24.8077 -9.990e-29
 209.618877      0.641  38.231448    12.4950    8.32000      0.636    32.8421    24.8197 -9.990e-29
 209.618883      0.661  38.222043    12.4664    8.30819      0.655    32.8581    24.8376 -9.990e-29
 209.618889      0.687  38.202430    12.4321    8.32059      0.681    32.8693    24.8529 -9.990e-29
 209.618895      0.713  38.175821    12.4026    8.32129      0.707    32.8696    24.8588 -9.990e-29
 209.618900      0.736  38.149375    12.3890    8.30953      0.730    32.8562    24.8510 -9.990e-29
 209.618906      0.758  38.131189    12.3929    8.28939      0.752    32.8353    24.8340 -9.990e-29
 209.618912      0.784  38.128949    12.4015    8.23851      0.777    32.8256    24.8249 -9.990e-29
 209.618918      0.819  38.139819    12.4003    8.22763      0.812    32.8371    24.8340 -9.990e-29
 209.618924      0.868  38.149657    12.3759    8.22423      0.861    32.8679    24.8625 -9.990e-29
 209.618929      0.935  38.137896    12.3306    8.21441      0.927    32.8963    24.8932 -9.990e-29
 209.618935      1.027  38.098368    12.2896    8.18678      1.018    32.8943    24.8994 -9.990e-29
 209.618941      1.140  38.057436    12.2694    8.16756      1.130    32.8726    24.8865 -9.990e-29
 209.618947      1.272  38.038461    12.2639    8.12124      1.261    32.8591    24.8770 0.0000e+00
 209.618953      1.420  38.035742    12.2574    8.11527      1.408    32.8622    24.8806 0.0000e+00
 209.618958      1.585  38.031598    12.2376    8.15380      1.572    32.8755    24.8947 0.0000e+00
 209.618964      1.776  38.014867    12.1980    8.20564      1.761    32.8941    24.9167 0.0000e+00
 209.618970      1.997  37.982290    12.1393    8.23670      1.980    32.9143    24.9434 0.0000e+00
 209.618976      2.245  37.935837    12.0750    8.22251      2.226    32.9260    24.9646 0.0000e+00
 209.618981      2.519  37.886465    12.0233    8.18190      2.498    32.9238    24.9726 0.0000e+00
 209.618987      2.815  37.843473    11.9979    8.11119      2.791    32.9044    24.9623 0.0000e+00
 209.618993      3.126  37.819619    11.9923    7.98419      3.100    32.8862    24.9492 0.0000e+00
 209.618999      3.450  37.818960    11.9603    7.86524      3.421    32.9136    24.9765 0.0000e+00
 209.619005      3.791  37.800196    11.8242    7.67884      3.759    33.0158    25.0812 0.0000e+00
 209.619010      4.153  37.695650    11.5332    7.42399      4.118    33.1733    25.2572 0.0000e+00
 209.619016      4.538  37.457903    11.1492    7.10292      4.500    33.2849    25.4136 0.0000e+00
 209.619022      4.944  37.138445    10.7981    6.67703      4.903    33.2860    25.4768 0.0000e+00
 209.619028      5.372  36.857017    10.5247    6.25813      5.327    33.2534    25.4991 0.0000e+00
 209.619034      5.823  36.643238    10.2706    5.88048      5.774    33.2705    25.5560 0.0000e+00
 209.619039      6.297  36.444733     9.9553    5.60371      6.244    33.3593    25.6786 0.0000e+00
 209.619045      6.783  36.212122     9.5657    6.17953      6.726    33.4830    25.8396 0.0000e+00
 209.619051      7.276  35.927941     9.1756    9.94976      7.215    33.5549    25.9588 0.0000e+00
 209.619057      7.775  35.634913     8.8795   10.42296      7.710    33.5286    25.9850 0.0000e+00
 209.619063      8.284  35.409340     8.7152    9.99272      8.215    33.4473    25.9469 0.0000e+00
 209.619068      8.795  35.286795     8.6519    8.54301      8.721    33.3781    25.9024 0.0000e+00
 209.619074      9.303  35.243984     8.6361    4.98355      9.225    33.3478    25.8811 0.0000e+00
 209.619080      9.805  35.244524     8.6060    1.87674      9.723    33.3765    25.9083 0.0000e+00
 209.619086     10.304  35.221819     8.5307    1.28850     10.218    33.4236    25.9567 0.0000e+00
 209.619091     10.802  35.133234     8.4404    1.66281     10.712    33.4155    25.9641 0.0000e+00
 209.619097     11.299  35.035003     8.3581    2.98373     11.204    33.3895    25.9561 0.0000e+00
 209.619103     11.802  34.960952     8.2814    4.12284     11.703    33.3836    25.9630 0.0000e+00
 209.619109     12.313  34.895281     8.2178    4.00679     12.210    33.3741    25.9650 0.0000e+00
 209.619115     12.830  34.842339     8.1777    3.94106     12.723    33.3557    25.9566 0.0000e+00
 209.619120     13.348  34.810547     8.1531    3.89149     13.236    33.3450    25.9518 0.0000e+00
 209.619126     13.860  34.795044     8.1177    3.85226     13.744    33.3620    25.9704 0.0000e+00
 209.619132     14.365  34.771762     8.0618    3.83629     14.245    33.3902    26.0008 0.0000e+00
 209.619138     14.860  34.730374     8.0051    3.81706     14.735    33.3999    26.0167 0.0000e+00
 209.619144     15.344  34.691911     7.9646    3.77652     15.215    33.3972    26.0206 0.0000e+00
 209.619149     15.817  34.668966     7.9449    3.74478     15.684    33.3913    26.0188 0.0000e+00
 209.619155     16.282  34.658938     7.9432    3.70874     16.145    33.3820    26.0117 0.0000e+00
 209.619161     16.745  34.657956     7.9467    3.68541     16.605    33.3774    26.0076 0.0000e+00
 209.619167     17.208  34.659635     7.9388    3.68755     17.064    33.3865    26.0159 0.0000e+00
 209.619172     17.676  34.654414     7.9183    3.67153     17.528    33.4003    26.0298 0.0000e+00
 209.619178     18.152  34.642035     7.9005    3.66693     18.000    33.4038    26.0351 0.0000e+00
 209.619184     18.637  34.636239     7.8917    3.65317     18.481    33.4058    26.0380 0.0000e+00
 209.619190     19.128  34.639919     7.8883    3.63607     18.967    33.4128    26.0440 0.0000e+00
 209.619196     19.624  34.645056     7.8869    3.61175     19.459    33.4194    26.0494 0.0000e+00
 209.619201     20.125  34.649501     7.8858    3.61154     19.956    33.4249    26.0539 0.0000e+00
 209.619207     20.614  34.652988     7.8858    3.59167     20.441    33.4285    26.0567 0.0000e+00
 209.619213     21.080  34.655090     7.8885    3.57233     20.903    33.4279    26.0558 0.0000e+00
 209.619219     21.518  34.656902     7.8934    3.56843     21.337    33.4249    26.0528 0.0000e+00
 209.619225     21.926  34.658568     7.8955    3.55109     21.742    33.4245    26.0522 0.0000e+00
 209.619230     22.308  34.658357     7.8908    3.54731     22.121    33.4286    26.0561 0.0000e+00
 209.619236     22.672  34.655404     7.8837    3.55528     22.482    33.4321    26.0598 0.0000e+00
 209.619242     23.019  34.651913     7.8799    3.53530     22.826    33.4318    26.0602 0.0000e+00
 209.619248     23.342  34.650490     7.8803    3.52042     23.146    33.4298    26.0585 0.0000e+00
 209.619253     23.630  34.650890     7.8829    3.50779     23.431    33.4276    26.0564 0.0000e+00
 209.619259     23.886  34.650817     7.8847    3.49614     23.685    33.4256    26.0547 0.0000e+00
 209.619265     24.121  34.650145     7.8846    3.50258     23.918    33.4249    26.0541 0.0000e+00
 209.619271     24.345  34.649638     7.8817    3.49721     24.140    33.4270    26.0562 0.0000e+00
 209.619277     24.557  34.648032     7.8771    3.48466     24.351    33.4296    26.0589 0.0000e+00
 209.619282     24.738  34.645963     7.8754    3.48710     24.530    33.4289    26.0586 0.0000e+00
 209.619288     24.872  34.645132     7.8773    3.47483     24.663    33.4262    26.0562 -9.990e-29
 209.619294     24.957  34.644401     7.8796    3.47928     24.747    33.4231    26.0534 -9.990e-29
 209.619300     25.021  34.643333     7.8804    3.47529     24.811    33.4212    26.0518 -9.990e-29
 209.619306     25.094  34.642723     7.8797    3.45708     24.883    33.4212    26.0519 -9.990e-29
 209.619311     25.192  34.642295     7.8787    3.44931     24.980    33.4216    26.0524 -9.990e-29
 209.619317     25.326  34.642016     7.8783    3.43842     25.113    33.4216    26.0525 0.0000e+00
 209.619323     25.493  34.642047     7.8784    3.44055     25.279    33.4215    26.0523 0.0000e+00
 209.619329     25.676  34.642404     7.8791    3.44001     25.460    33.4211    26.0520 0.0000e+00
 209.619334     25.862  34.642978     7.8802    3.43749     25.645    33.4206    26.0514 0.0000e+00
 209.619340     26.042  34.643386     7.8813    3.42524     25.823    33.4199    26.0507 0.0000e+00
 209.619346     26.218  34.643585     7.8813    3.42354     25.998    33.4200    26.0508 0.0000e+00
 209.619352     26.401  34.643252     7.8796    3.43456     26.179    33.4212    26.0520 0.0000e+00
 209.619358     26.602  34.641358     7.8756    3.43187     26.378    33.4229    26.0539 0.0000e+00
 209.619363     26.836  34.637595     7.8689    3.41637     26.610    33.4252    26.0566 0.0000e+00
 209.619369     27.107  34.632528     7.8599    3.38677     26.879    33.4283    26.0604 0.0000e+00
 209.619375     27.409  34.626664     7.8461    2.73019     27.178    33.4350    26.0677 0.0000e+00
 209.619381     27.728  34.618884     7.8185    2.49053     27.495    33.4530    26.0858 0.0000e+00
 209.619387     28.057  34.602713     7.7724    2.74092     27.821    33.4797    26.1135 0.0000e+00
 209.619392     28.378  34.573379     7.7190    3.00087     28.139    33.4994    26.1366 0.0000e+00
 209.619398     28.675  34.538834     7.6749    3.35669     28.434    33.5045    26.1470 0.0000e+00
 209.619404     28.944  34.511286     7.6480    3.28976     28.700    33.5006    26.1477 0.0000e+00
 209.619410     29.175  34.496018     7.6395    3.38424     28.929    33.4922    26.1424 0.0000e+00
 209.619416     29.370  34.492259     7.6476    3.48654     29.123    33.4803    26.1318 0.0000e+00
 209.619421     29.533  34.497773     7.6632    3.46500     29.284    33.4711    26.1224 -9.990e-29
 209.619427     29.648  34.508110     7.6764    3.40203     29.398    33.4695    26.1192 -9.990e-29
 209.619433     29.701  34.516846     7.6920    3.26645     29.451    33.4639    26.1126 -9.990e-29
 209.619439     29.692  34.525515     7.7162    3.22885     29.442    33.4499    26.0982 -9.990e-29
 209.619444     29.620  34.538364     7.7374    3.23574     29.371    33.4434    26.0900 -9.990e-29
 209.619450     29.484  34.549515     7.7460    3.24961     29.236    33.4472    26.0918 0.0000e+00
 209.619456     29.294  34.553071     7.7457    3.25341     29.047    33.4514    26.0951 0.0000e+00
 209.619462     29.058  34.551512     7.7409    3.26644     28.813    33.4545    26.0982 0.0000e+00
 209.619468     28.779  34.547785     7.7384    3.27894     28.537    33.4530    26.0974 0.0000e+00
 209.619473     28.460  34.545864     7.7485    3.27053     28.221    33.4414    26.0868 0.0000e+00
 209.619479     28.102  34.552136     7.7750    3.27901     27.866    33.4229    26.0684 0.0000e+00
 209.619485     27.700  34.568770     7.8094    3.28374     27.467    33.4080    26.0517 0.0000e+00
 209.619491     27.250  34.590450     7.8376    3.29189     27.021    33.4044    26.0449 0.0000e+00
 209.619497     26.757  34.607943     7.8543    3.31169     26.532    33.4074    26.0448 0.0000e+00
 209.619502     26.237  34.617643     7.8623    3.31781     26.016    33.4104    26.0460 0.0000e+00
 209.619508     25.708  34.621817     7.8656    3.31342     25.492    33.4120    26.0467 0.0000e+00
 209.619514     25.189  34.623207     7.8664    3.32170     24.977    33.4129    26.0474 0.0000e+00
 209.619520     24.693  34.623644     7.8655    3.31545     24.485    33.4145    26.0487 0.0000e+00
 209.619525     24.223  34.623128     7.8639    3.31154     24.019    33.4157    26.0499 0.0000e+00
 209.619531     23.770  34.622072     7.8633    3.30776     23.570    33.4154    26.0497 0.0000e+00
 209.619537     23.323  34.621848     7.8645    3.30853     23.127    33.4142    26.0486 0.0000e+00
 209.619543     22.871  34.622134     7.8674    3.31900     22.679    33.4119    26.0464 0.0000e+00
 209.619549     22.403  34.622724     7.8714    3.32195     22.215    33.4090    26.0435 0.0000e+00
 209.619554     21.909  34.623823     7.8754    3.31700     21.725    33.4065    26.0410 0.0000e+00
