data/oxygen options/OCNMS/OCNMS2/raw_data/2004/CTD_CE70_061604faed.cnv
* Sea-Bird SBE19 Data File:
* FileName = C:\WINDOWS\Desktop\put hypoxia files here\CTD files\CE\CE70m061604.hex
* Software Version 1.1.4
* Temperature SN = 2997
* Conductivity SN = 2997
* System UpLoad Time = Jun 16 2004 11:34:07
** Cape Elizabeth hypoxia June 16, 2004 70m CE-7
* SEACAT PROFILER V3.1c SN 2997   06/16/04  11:38:11.089
# nquan = 9                                 
# nvalues = 933                         
# units = specified
# name 0 = timeJ: Julian Days
# name 1 = prSM: Pressure, Strain Gauge [db]
# name 2 = c0mS/cm: Conductivity [mS/cm]
# name 3 = t090C: Temperature [ITS-90, deg C]
# name 4 = oxML/L: Oxygen, Beckman/YSI [ml/l]
# name 5 = depSM: Depth [salt water, m], lat = 47.5
# name 6 = sal00: Salinity, Practical [PSU]
# name 7 = sigma-é00: Density [sigma-theta, kg/m^3]
# name 8 = flag: flag
# span 0 = 168.435579, 168.440972       
# span 1 =     -5.416,     70.309       
# span 2 =   0.823633,  37.415375       
# span 3 =     7.4331,    15.2063       
# span 4 =   -0.05469,   30.92618       
# span 5 =     -5.371,     69.710       
# span 6 =     0.5212,    33.6501       
# span 7 =    -0.3322,    26.2960       
# span 8 = 0.0000e+00, 0.0000e+00       
# interval = seconds: 0.5
# start_time = Jun 16 2004 10:27:14 [Instrument's time stamp, header]
# bad_flag = -9.990e-29
*END*
[from data line 321]
 168.437436      0.366  36.364606    14.9010    5.83301      0.363    29.1731    21.5055 -9.990e-29
 168.437442      0.368  36.364417    14.8934    5.83650      0.365    29.1786    21.5113 -9.990e-29
 168.437448      0.362  36.359270    14.8775    5.84581      0.359    29.1859    21.5202 -9.990e-29
 168.437454      0.352  36.347917    14.8611    5.85175      0.349    29.1880    21.5252 -9.990e-29
 168.437459      0.346  36.336535    14.8534    5.84274      0.343    29.1836    21.5235 -9.990e-29
 168.437465      0.344  36.331823    14.8545    5.82909      0.341    29.1786    21.5194 -9.990e-29
 168.437471      0.341  36.333106    14.8563    5.82674      0.338    29.1784    21.5188 -9.990e-29
 168.437477      0.341  36.334808    14.8497    5.84116      0.338    29.1848    21.5252 -9.990e-29
 168.437483      0.348  36.330796    14.8368    5.85663      0.345    29.1909    21.5325 -9.990e-29
 168.437488      0.364  36.321897    14.8307    5.86177      0.361    29.1875    21.5312 -9.990e-29
 168.437494      0.385  36.317561    14.8370    5.85408      0.382    29.1789    21.5233 -9.990e-29
 168.437500      0.403  36.322662    14.8477    5.84576      0.400    29.1755    21.5184 -9.990e-29
 168.437506      0.416  36.331107    14.8532    5.84246      0.413    29.1789    21.5199 -9.990e-29
 168.437512      0.424  36.334537    14.8543    5.85205      0.420    29.1811    21.5214 -9.990e-29
 168.437517      0.428  36.334167    14.8552    5.85557      0.424    29.1801    21.5204 -9.990e-29
 168.437523      0.432  36.334560    14.8563    5.85530      0.428    29.1797    21.5198 -9.990e-29
 168.437529      0.440  36.335684    14.8576    5.85384      0.436    29.1797    21.5196 -9.990e-29
 168.437535      0.450  36.336800    14.8588    5.85757      0.446    29.1798    21.5194 -9.990e-29
 168.437541      0.457  36.337721    14.8599    5.85547      0.453    29.1798    21.5192 -9.990e-29
 168.437546      0.462  36.338557    14.8608    5.85541      0.458    29.1798    21.5190 -9.990e-29
 168.437552      0.466  36.339308    14.8608    5.84830      0.462    29.1805    21.5195 -9.990e-29
 168.437558      0.467  36.339301    14.8589    5.85185      0.463    29.1819    21.5210 -9.990e-29
 168.437564      0.468  36.337409    14.8566    5.85550      0.464    29.1820    21.5215 -9.990e-29
 168.437569      0.466  36.335041    14.8563    5.85025      0.462    29.1801    21.5201 -9.990e-29
 168.437575      0.463  36.334655    14.8571    5.85004      0.459    29.1791    21.5193 -9.990e-29
 168.437581      0.459  36.335179    14.8567    5.84174      0.455    29.1799    21.5199 -9.990e-29
 168.437587      0.452  36.334515    14.8539    5.84804      0.448    29.1814    21.5217 -9.990e-29
 168.437593      0.447  36.331784    14.8488    5.85834      0.443    29.1828    21.5238 -9.990e-29
 168.437598      0.448  36.326714    14.8431    5.86781      0.444    29.1825    21.5248 -9.990e-29
 168.437604      0.450  36.321523    14.8392    5.85934      0.446    29.1808    21.5243 -9.990e-29
 168.437610      0.450  36.318830    14.8380    5.86741      0.446    29.1793    21.5234 -9.990e-29
 168.437616      0.447  36.318410    14.8392    5.86920      0.443    29.1780    21.5221 -9.990e-29
 168.437622      0.445  36.319148    14.8428    5.87415      0.441    29.1760    21.5198 -9.990e-29
 168.437627      0.450  36.321476    14.8470    5.87712      0.446    29.1749    21.5181 -9.990e-29
 168.437633      0.456  36.324578    14.8483    5.86741      0.452    29.1767    21.5192 -9.990e-29
 168.437639      0.459  36.325306    14.8470    5.86631      0.455    29.1783    21.5207 -9.990e-29
 168.437645      0.461  36.324076    14.8439    5.85508      0.457    29.1796    21.5223 -9.990e-29
 168.437650      0.461  36.322619    14.8384    5.83778      0.457    29.1824    21.5256 -9.990e-29
 168.437656      0.463  36.320120    14.8293    5.80488      0.459    29.1870    21.5310 -9.990e-29
 168.437662      0.472  36.314935    14.8149    5.80371      0.468    29.1931    21.5388 -9.990e-29
 168.437668      0.484  36.305204    14.7956    5.83361      0.480    29.1988    21.5472 -9.990e-29
 168.437674      0.496  36.291414    14.7766    5.86577      0.492    29.2008    21.5526 -9.990e-29
 168.437679      0.508  36.276490    14.7641    5.88779      0.504    29.1968    21.5521 -9.990e-29
 168.437685      0.521  36.267455    14.7591    5.87279      0.517    29.1924    21.5498 -9.990e-29
 168.437691      0.532  36.270207    14.7636    5.85022      0.528    29.1915    21.5482 -9.990e-29
 168.437697      0.532  36.280010    14.7758    5.85003      0.528    29.1912    21.5454 -9.990e-29
 168.437703      0.522  36.287509    14.7852    5.86543      0.518    29.1908    21.5432 -9.990e-29
 168.437708      0.510  36.290379    14.7869    5.87644      0.506    29.1921    21.5438 -9.990e-29
 168.437714      0.499  36.291339    14.7832    5.88237      0.495    29.1957    21.5474 -9.990e-29
 168.437720      0.489  36.289439    14.7813    5.87563      0.485    29.1955    21.5475 -9.990e-29
 168.437726      0.483  36.287202    14.7844    5.87588      0.479    29.1912    21.5436 -9.990e-29
 168.437731      0.485  36.288946    14.7877    5.87593      0.481    29.1902    21.5422 -9.990e-29
 168.437737      0.491  36.291398    14.7888    5.87649      0.487    29.1916    21.5430 -9.990e-29
 168.437743      0.497  36.292789    14.7881    5.85654      0.493    29.1934    21.5445 -9.990e-29
 168.437749      0.503  36.292742    14.7834    5.83170      0.499    29.1968    21.5482 -9.990e-29
 168.437755      0.510  36.288962    14.7733    5.81985      0.506    29.2010    21.5535 -9.990e-29
 168.437760      0.518  36.282588    14.7574    5.83421      0.514    29.2072    21.5616 -9.990e-29
 168.437766      0.528  36.274103    14.7353    5.85640      0.524    29.2162    21.5730 -9.990e-29
 168.437772      0.540  36.262299    14.7140    5.87451      0.535    29.2216    21.5816 -9.990e-29
 168.437778      0.555  36.250511    14.7039    5.87516      0.550    29.2187    21.5814 -9.990e-29
 168.437784      0.575  36.244336    14.7067    5.85999      0.570    29.2110    21.5749 -9.990e-29
 168.437789      0.599  36.245079    14.7179    5.86197      0.594    29.2033    21.5667 -9.990e-29
 168.437795      0.626  36.250376    14.7312    5.86781      0.621    29.1980    21.5599 -9.990e-29
 168.437801      0.649  36.257204    14.7411    5.87101      0.644    29.1967    21.5568 -9.990e-29
 168.437807      0.665  36.262904    14.7468    5.87307      0.659    29.1975    21.5563 -9.990e-29
 168.437813      0.675  36.266117    14.7504    5.87489      0.669    29.1977    21.5557 -9.990e-29
 168.437818      0.684  36.267776    14.7534    5.86901      0.678    29.1969    21.5545 -9.990e-29
 168.437824      0.696  36.269543    14.7567    5.87020      0.690    29.1960    21.5531 -9.990e-29
 168.437830      0.709  36.271540    14.7620    5.86529      0.703    29.1939    21.5503 -9.990e-29
 168.437836      0.719  36.274760    14.7686    5.86937      0.713    29.1918    21.5474 -9.990e-29
 168.437841      0.726  36.279020    14.7714    5.87233      0.720    29.1935    21.5481 -9.990e-29
 168.437847      0.731  36.280479    14.7694    5.87681      0.725    29.1963    21.5507 -9.990e-29
 168.437853      0.734  36.278290    14.7657    5.86736      0.728    29.1971    21.5520 -9.990e-29
 168.437859      0.735  36.275151    14.7622    5.84619      0.729    29.1969    21.5526 -9.990e-29
 168.437865      0.735  36.273056    14.7592    5.82504      0.729    29.1973    21.5535 -9.990e-29
 168.437870      0.733  36.272024    14.7537    5.82798      0.727    29.2005    21.5571 -9.990e-29
 168.437876      0.730  36.269007    14.7430    5.85062      0.724    29.2058    21.5634 -9.990e-29
 168.437882      0.724  36.262238    14.7305    5.87501      0.718    29.2091    21.5686 -9.990e-29
 168.437888      0.716  36.254477    14.7243    5.88800      0.710    29.2069    21.5681 -9.990e-29
 168.437894      0.710  36.251083    14.7303    5.89061      0.704    29.1993    21.5611 -9.990e-29
 168.437899      0.709  36.255389    14.7442    5.88093      0.703    29.1928    21.5531 -9.990e-29
 168.437905      0.710  36.264174    14.7602    5.88194      0.704    29.1886    21.5467 -9.990e-29
 168.437911      0.707  36.273460    14.7795    5.87923      0.701    29.1825    21.5379 -9.990e-29
 168.437917      0.700  36.285550    14.7987    5.87509      0.694    29.1789    21.5312 -9.990e-29
 168.437922      0.690  36.298631    14.8086    5.88128      0.684    29.1832    21.5324 -9.990e-29
 168.437928      0.680  36.304924    14.8085    5.87449      0.674    29.1889    21.5368 -9.990e-29
 168.437934      0.673  36.304422    14.8041    5.86472      0.667    29.1917    21.5399 -9.990e-29
 168.437940      0.669  36.301516    14.7992    5.84945      0.663    29.1928    21.5418 -9.990e-29
 168.437946      0.672  36.298509    14.7931    5.85657      0.666    29.1947    21.5445 -9.990e-29
 168.437951      0.683  36.295327    14.7821    5.86891      0.677    29.2001    21.5509 -9.990e-29
 168.437957      0.693  36.288297    14.7689    5.87879      0.687    29.2037    21.5564 -9.990e-29
 168.437963      0.698  36.278712    14.7636    5.87230      0.692    29.1991    21.5540 -9.990e-29
 168.437969      0.700  36.275106    14.7663    5.85665      0.694    29.1938    21.5494 -9.990e-29
 168.437975      0.698  36.277726    14.7671    5.86367      0.692    29.1956    21.5506 -9.990e-29
 168.437980      0.696  36.279421    14.7622    5.86350      0.690    29.2008    21.5556 -9.990e-29
 168.437986      0.698  36.278538    14.7529    5.87460      0.692    29.2069    21.5622 -9.990e-29
 168.437992      0.701  36.274470    14.7447    5.87224      0.695    29.2094    21.5659 -9.990e-29
 168.437998      0.701  36.269095    14.7435    5.86704      0.695    29.2055    21.5631 -9.990e-29
 168.438003      0.696  36.268150    14.7461    5.86813      0.690    29.2027    21.5604 -9.990e-29
 168.438009      0.692  36.269824    14.7442    5.87162      0.686    29.2057    21.5631 -9.990e-29
 168.438015      0.696  36.268508    14.7380    5.85223      0.690    29.2091    21.5670 -9.990e-29
 168.438021      0.708  36.264703    14.7339    5.84446      0.702    29.2088    21.5676 -9.990e-29
 168.438027      0.718  36.262319    14.7313    5.86013      0.712    29.2086    21.5680 -9.990e-29
 168.438032      0.720  36.261549    14.7223    5.87417      0.714    29.2147    21.5745 -9.990e-29
 168.438038      0.725  36.258572    14.7067    5.89962      0.719    29.2237    21.5847 -9.990e-29
 168.438044      0.731  36.252793    14.6997    5.89889      0.725    29.2238    21.5862 -9.990e-29
 168.438050      0.736  36.249973    14.7105    5.86764      0.730    29.2132    21.5758 -9.990e-29
 168.438056      0.738  36.254211    14.7284    5.84320      0.732    29.2035    21.5647 -9.990e-29
 168.438061      0.740  36.263314    14.7392    5.84183      0.734    29.2036    21.5625 -9.990e-29
 168.438067      0.740  36.270365    14.7323    5.85897      0.734    29.2151    21.5728 -9.990e-29
 168.438073      0.739  36.266278    14.7090    5.88927      0.733    29.2289    21.5882 -9.990e-29
 168.438079      0.737  36.251224    14.6906    5.88745      0.731    29.2292    21.5923 -9.990e-29
 168.438084      0.733  36.239344    14.6921    5.87588      0.727    29.2175    21.5829 -9.990e-29
 168.438090      0.728  36.239478    14.7047    5.86772      0.722    29.2081    21.5731 -9.990e-29
 168.438096      0.720  36.245641    14.7154    5.87196      0.714    29.2056    21.5690 -9.990e-29
 168.438102      0.710  36.250921    14.7188    5.88061      0.704    29.2078    21.5700 -9.990e-29
 168.438108      0.697  36.252279    14.7166    5.88092      0.691    29.2107    21.5726 -9.990e-29
 168.438113      0.684  36.250978    14.7163    5.88628      0.678    29.2097    21.5720 -9.990e-29
 168.438119      0.675  36.251461    14.7210    5.87696      0.669    29.2066    21.5686 -9.990e-29
 168.438125      0.664  36.254943    14.7265    5.88060      0.658    29.2056    21.5667 -9.990e-29
 168.438131      0.656  36.258786    14.7269    5.88155      0.651    29.2088    21.5690 -9.990e-29
 168.438137      0.663  36.259716    14.7210    5.86721      0.657    29.2140    21.5743 -9.990e-29
 168.438142      0.681  36.257863    14.7155    5.85706      0.675    29.2165    21.5773 -9.990e-29
 168.438148      0.698  36.256374    14.7147    5.85401      0.692    29.2158    21.5769 -9.990e-29
 168.438154      0.711  36.257196    14.7105    5.86416      0.705    29.2196    21.5808 -9.990e-29
 168.438160      0.721  36.259192    14.6914    5.87271      0.715    29.2357    21.5971 -9.990e-29
 168.438166      0.728  36.258306    14.6694    5.86628      0.722    29.2515    21.6138 -9.990e-29
 168.438171      0.734  36.255049    14.6663    5.87380      0.728    29.2509    21.6140 -9.990e-29
 168.438177      0.737  36.254617    14.6747    5.87445      0.731    29.2442    21.6071 -9.990e-29
 168.438183      0.744  36.255877    14.6781    5.88254      0.738    29.2428    21.6053 -9.990e-29
 168.438189      0.754  36.254352    14.6775    5.88635      0.748    29.2418    21.6047 -9.990e-29
 168.438194      0.759  36.250828    14.6794    5.87148      0.753    29.2373    21.6008 -9.990e-29
 168.438200      0.760  36.249025    14.6852    5.87217      0.754    29.2313    21.5950 -9.990e-29
 168.438206      0.761  36.249355    14.6907    5.87404      0.755    29.2275    21.5909 -9.990e-29
 168.438212      0.762  36.249462    14.6911    5.88395      0.756    29.2273    21.5906 -9.990e-29
 168.438218      0.763  36.246698    14.6869    5.88510      0.757    29.2279    21.5920 -9.990e-29
 168.438223      0.764  36.241314    14.6836    5.86903      0.758    29.2256    21.5909 -9.990e-29
 168.438229      0.766  36.237919    14.6841    5.87064      0.760    29.2222    21.5882 -9.990e-29
 168.438235      0.768  36.238162    14.6862    5.88083      0.762    29.2208    21.5867 -9.990e-29
 168.438241      0.771  36.239575    14.6865    5.89562      0.765    29.2218    21.5874 -9.990e-29
 168.438247      0.774  36.240687    14.6852    5.89521      0.768    29.2238    21.5892 -9.990e-29
 168.438252      0.778  36.240186    14.6871    5.87560      0.772    29.2219    21.5874 -9.990e-29
 168.438258      0.783  36.240782    14.6941    5.86413      0.776    29.2172    21.5823 -9.990e-29
 168.438264      0.789  36.246643    14.6987    5.86315      0.782    29.2190    21.5827 -9.990e-29
 168.438270      0.793  36.252697    14.6939    5.87261      0.786    29.2280    21.5907 -9.990e-29
 168.438275      0.791  36.251886    14.6837    5.88615      0.784    29.2350    21.5981 -9.990e-29
 168.438281      0.786  36.245944    14.6769    5.88347      0.779    29.2348    21.5994 -9.990e-29
 168.438287      0.783  36.241539    14.6764    5.87203      0.776    29.2312    21.5967 -9.990e-29
 168.438293      0.782  36.240654    14.6778    5.86141      0.775    29.2293    21.5950 -9.990e-29
 168.438299      0.782  36.239878    14.6762    5.85915      0.775    29.2298    21.5957 -9.990e-29
 168.438304      0.784  36.237624    14.6698    5.86838      0.777    29.2326    21.5992 -9.990e-29
 168.438310      0.786  36.234823    14.6608    5.87903      0.779    29.2369    21.6043 -9.990e-29
 168.438316      0.791  36.231676    14.6558    5.88476      0.784    29.2378    21.6061 -9.990e-29
 168.438322      0.797  36.230728    14.6575    5.88478      0.790    29.2357    21.6041 -9.990e-29
 168.438328      0.806  36.232965    14.6638    5.88184      0.799    29.2330    21.6007 -9.990e-29
 168.438333      0.818  36.235771    14.6723    5.88509      0.811    29.2291    21.5959 -9.990e-29
 168.438339      0.829  36.239532    14.6793    5.89190      0.822    29.2272    21.5930 -9.990e-29
 168.438345      0.837  36.244229    14.6828    5.88615      0.830    29.2288    21.5935 -9.990e-29
 168.438351      0.840  36.248847    14.6850    5.87828      0.833    29.2313    21.5950 -9.990e-29
