data/oxygen options/OCNMS/OCNMS2/raw_data/2004/CTD_CA60_090804faedb.cnv
* Sea-Bird SBE19 Data File:
* FileName = C:\WINDOWS\Desktop\put hypoxia files here\CTD data\September 07_0804\CA\raw\CA60_090804.hex
* Software Version 1.1.4
* Temperature SN = 2997
* Conductivity SN = 2997
* System UpLoad Time = Sep 08 2004 10:25:34
* SEACAT PROFILER V3.1c SN 2997   09/08/04  10:27:59.927
* strain gauge pressure sensor: S/N = 184829,  range = 3000 psia,  tc = 40
# nquan = 9
# nvalues = 58                          
# units = specified
# name 0 = timeJ: Julian Days
# name 1 = prSM: Pressure, Strain Gauge [db]
# name 2 = c0mS/cm: Conductivity [mS/cm]
# name 3 = t090C: Temperature [ITS-90, deg C]
# name 4 = oxML/L: Oxygen, Beckman/YSI [ml/l]
# name 5 = depSM: Depth [salt water, m], lat = 47.5
# name 6 = sal00: Salinity, Practical [PSU]
# name 7 = sigma-é00: Density [sigma-theta, kg/m^3]
# name 8 = flag: flag
# span 0 = 252.418397, 252.419097       
# span 1 =      3.000,     60.000       
# span 2 =  34.432511,  38.852677       
# span 3 =     7.4776,    13.8379       
# span 4 =    2.90911,    7.50787       
# span 5 =      2.975,     59.491       
# span 6 =    32.2742,    33.7642       
# span 7 =    24.1147,    26.3796       
# span 8 = 0.0000e+00, 0.0000e+00       
# interval = decibars: 1                
# start_time = Sep 08 2004 09:58:54 [Instrument's time stamp, header]
# bad_flag = -9.990e-29
*END*
 252.418397      3.000  38.852677    13.8379    7.44357      2.975    32.2742    24.1147 0.0000e+00
 252.418417      4.000  38.841386    13.8179    7.50787      3.967    32.2802    24.1234 0.0000e+00
 252.418435      5.000  38.835591    13.7926    7.38502      4.958    32.2957    24.1406 0.0000e+00
 252.418450      6.000  38.752610    13.5972    7.33370      5.950    32.3833    24.2478 0.0000e+00
 252.418464      7.000  38.521668    13.3047    7.25197      6.941    32.4156    24.3315 0.0000e+00
 252.418478      8.000  38.347492    13.1378    7.07369      7.933    32.3939    24.3478 0.0000e+00
 252.418490      9.000  38.210534    12.9415    6.92093      8.924    32.4324    24.4160 0.0000e+00
 252.418502     10.000  38.014302    12.6832    6.82907      9.916    32.4679    24.4937 0.0000e+00
 252.418515     11.000  37.837822    12.5383    6.80964     10.908    32.4242    24.4878 0.0000e+00
 252.418527     12.000  37.773650    12.4801    6.84813     11.899    32.4127    24.4901 0.0000e+00
 252.418539     13.000  37.722448    12.4260    6.93333     12.891    32.4101    24.4984 0.0000e+00
 252.418551     14.000  37.669507    12.3218    6.88012     13.882    32.4491    24.5484 0.0000e+00
 252.418563     15.000  37.509618    11.9978    6.44477     14.874    32.5764    24.7081 0.0000e+00
 252.418576     16.000  37.142682    11.4434    5.77362     15.866    32.7067    24.9108 0.0000e+00
 252.418589     17.000  36.557815    10.4916    5.25303     16.857    32.9786    25.2899 0.0000e+00
 252.418602     18.000  35.834420     9.6511    4.86078     17.849    33.0109    25.4566 0.0000e+00
 252.418614     19.000  35.413664     9.2561    4.67550     18.840    32.9415    25.4664 0.0000e+00
 252.418625     20.000  35.244047     9.0867    4.62118     19.832    32.9220    25.4779 0.0000e+00
 252.418637     21.000  35.134322     8.9677    4.59269     20.824    32.9176    25.4931 0.0000e+00
 252.418650     22.000  35.067222     8.8875    4.53425     21.815    32.9216    25.5088 0.0000e+00
 252.418661     23.000  35.011002     8.7882    4.50831     22.807    32.9546    25.5500 0.0000e+00
 252.418673     24.000  34.912786     8.6079    4.49478     23.798    33.0193    25.6283 0.0000e+00
 252.418685     25.000  34.769632     8.4629    4.52147     24.790    33.0038    25.6381 0.0000e+00
 252.418697     26.000  34.693807     8.3960    4.54053     25.782    32.9861    25.6343 0.0000e+00
 252.418709     27.000  34.663308     8.3598    4.54067     26.772    32.9873    25.6407 0.0000e+00
 252.418722     28.000  34.659988     8.3318    4.48737     27.765    33.0096    25.6624 0.0000e+00
 252.418734     29.000  34.643260     8.2785    4.46341     28.756    33.0415    25.6953 0.0000e+00
 252.418746     30.000  34.605304     8.2101    4.44318     29.747    33.0652    25.7241 0.0000e+00
 252.418759     31.000  34.570535     8.1552    4.44122     30.739    33.0795    25.7435 0.0000e+00
 252.418771     32.000  34.531683     8.0878    4.43071     31.730    33.1014    25.7705 0.0000e+00
 252.418783     33.000  34.499519     8.0424    4.41374     32.722    33.1096    25.7837 0.0000e+00
 252.418794     34.000  34.494152     8.0096    4.33522     33.713    33.1344    25.8080 0.0000e+00
 252.418804     35.000  34.497188     7.9916    4.26552     34.705    33.1543    25.8262 0.0000e+00
 252.418816     36.000  34.506151     7.9802    4.18133     35.697    33.1741    25.8434 0.0000e+00
 252.418827     37.000  34.514337     7.9635    4.10140     36.688    33.1983    25.8649 0.0000e+00
 252.418838     38.000  34.520014     7.9543    4.03112     37.679    33.2127    25.8775 0.0000e+00
 252.418849     39.000  34.524056     7.9523    3.97946     38.671    33.2183    25.8822 0.0000e+00
 252.418861     40.000  34.527949     7.9507    3.93047     39.662    33.2235    25.8866 0.0000e+00
 252.418873     41.000  34.532562     7.9366    3.89247     40.654    33.2414    25.9027 0.0000e+00
 252.418884     42.000  34.537941     7.9068    3.83934     41.645    33.2751    25.9334 0.0000e+00
 252.418895     43.000  34.539954     7.8729    3.77168     42.637    33.3091    25.9651 0.0000e+00
 252.418905     44.000  34.539757     7.8404    3.71953     43.628    33.3395    25.9937 0.0000e+00
 252.418916     45.000  34.537677     7.7981    3.64779     44.619    33.3772    26.0295 0.0000e+00
 252.418928     46.000  34.515429     7.6935    3.64910     45.611    33.4531    26.1042 0.0000e+00
 252.418939     47.000  34.469007     7.6061    3.65672     46.602    33.4868    26.1431 0.0000e+00
 252.418951     48.000  34.440074     7.5605    3.62203     47.594    33.4989    26.1592 0.0000e+00
 252.418962     49.000  34.432511     7.5345    3.53475     48.585    33.5154    26.1758 0.0000e+00
 252.418974     50.000  34.444005     7.5211    3.48274     49.577    33.5403    26.1973 0.0000e+00
 252.418984     51.000  34.463779     7.5194    3.44332     50.568    33.5628    26.2153 0.0000e+00
 252.418996     52.000  34.482788     7.5184    3.41585     51.560    33.5838    26.2320 0.0000e+00
 252.419007     53.000  34.518704     7.5089    3.33844     52.551    33.6315    26.2707 0.0000e+00
 252.419018     54.000  34.569277     7.4942    3.22048     53.542    33.7000    26.3268 0.0000e+00
 252.419030     55.000  34.600742     7.4830    3.09136     54.534    33.7445    26.3633 0.0000e+00
 252.419041     56.000  34.612015     7.4790    3.02012     55.525    33.7601    26.3762 0.0000e+00
 252.419053     57.000  34.615104     7.4780    2.97970     56.517    33.7639    26.3793 0.0000e+00
 252.419065     58.000  34.615374     7.4776    2.94496     57.508    33.7642    26.3796 0.0000e+00
 252.419079     59.000  34.615435     7.4776    2.91289     58.499    33.7637    26.3793 0.0000e+00
 252.419097     60.000  34.616657     7.4801    2.90911     59.491    33.7622    26.3777 0.0000e+00
