data/oxygen options/OCNMS/OCNMS2/raw_data/2004/CTD_TH80_072704faed.cnv
* Sea-Bird SBE19 Data File:
* FileName = C:\WINDOWS\Desktop\put hypoxia files here\CTD files\July 26_27-04\TH\TH8_072704.hex
* Software Version 1.1.4
* Temperature SN = 2997
* Conductivity SN = 2997
* System UpLoad Time = Jul 27 2004 12:02:40
* SEACAT PROFILER V3.1c SN 2997   07/27/04  12:02:31.502
* strain gauge pressure sensor: S/N = 184829,  range = 3000 psia,  tc = 40
# nquan = 9                                 
# nvalues = 785                         
# units = specified
# name 0 = timeJ: Julian Days
# name 1 = prSM: Pressure, Strain Gauge [db]
# name 2 = c0mS/cm: Conductivity [mS/cm]
# name 3 = t090C: Temperature [ITS-90, deg C]
# name 4 = oxML/L: Oxygen, Beckman/YSI [ml/l]
# name 5 = depSM: Depth [salt water, m], lat = 47.5
# name 6 = sal00: Salinity, Practical [PSU]
# name 7 = sigma-é00: Density [sigma-theta, kg/m^3]
# name 8 = flag: flag
# span 0 = 209.427153, 209.431690       
# span 1 =     -5.198,     81.399       
# span 2 =   0.893307,  39.911793       
# span 3 =     7.1648,    14.9936       
# span 4 =   -0.06508,   29.96865       
# span 5 =     -5.155,     80.704       
# span 6 =     0.5651,    33.7933       
# span 7 =    -0.3187,    26.4465       
# span 8 = 0.0000e+00, 0.0000e+00       
# interval = seconds: 0.5
# start_time = Jul 27 2004 10:15:06 [Instrument's time stamp, header]
# bad_flag = -9.990e-29
*END*
[from data line 321]
 209.429010      0.838  39.911462    14.9900    7.05601      0.831    32.2816    23.8792 -9.990e-29
 209.429016      0.832  39.909538    14.9867    7.06322      0.825    32.2826    23.8807 -9.990e-29
 209.429022      0.827  39.905705    14.9814    7.08059      0.820    32.2835    23.8825 -9.990e-29
 209.429028      0.825  39.900465    14.9767    7.09342      0.818    32.2826    23.8829 -9.990e-29
 209.429034      0.828  39.896375    14.9745    7.09151      0.821    32.2808    23.8819 -9.990e-29
 209.429039      0.831  39.894715    14.9740    7.07262      0.824    32.2797    23.8812 -9.990e-29
 209.429045      0.830  39.894396    14.9747    7.07102      0.823    32.2788    23.8804 -9.990e-29
 209.429051      0.825  39.895556    14.9762    7.07190      0.818    32.2786    23.8799 -9.990e-29
 209.429057      0.815  39.898061    14.9769    7.08808      0.808    32.2803    23.8811 -9.990e-29
 209.429062      0.805  39.899644    14.9771    7.09288      0.798    32.2816    23.8820 -9.990e-29
 209.429068      0.798  39.899615    14.9790    7.08438      0.791    32.2800    23.8804 -9.990e-29
 209.429074      0.793  39.900742    14.9827    7.07654      0.786    32.2780    23.8780 -9.990e-29
 209.429080      0.789  39.903970    14.9857    7.06888      0.782    32.2784    23.8777 -9.990e-29
 209.429086      0.788  39.906314    14.9849    7.06552      0.781    32.2812    23.8800 -9.990e-29
 209.429091      0.789  39.904728    14.9784    7.07246      0.782    32.2851    23.8844 -9.990e-29
 209.429097      0.791  39.897103    14.9700    7.07834      0.784    32.2852    23.8863 -9.990e-29
 209.429103      0.796  39.887864    14.9667    7.08364      0.789    32.2796    23.8827 -9.990e-29
 209.429109      0.802  39.885456    14.9691    7.07447      0.795    32.2754    23.8789 -9.990e-29
 209.429115      0.812  39.889473    14.9732    7.06862      0.805    32.2756    23.8782 -9.990e-29
 209.429120      0.824  39.894615    14.9740    7.07196      0.817    32.2796    23.8811 -9.990e-29
 209.429126      0.837  39.895956    14.9702    7.07403      0.830    32.2840    23.8853 -9.990e-29
 209.429132      0.845  39.892483    14.9667    7.08485      0.838    32.2837    23.8859 -9.990e-29
 209.429138      0.855  39.889108    14.9657    7.07860      0.848    32.2815    23.8844 -9.990e-29
 209.429144      0.871  39.888065    14.9659    7.07466      0.864    32.2804    23.8835 -9.990e-29
 209.429149      0.894  39.887967    14.9664    7.06817      0.887    32.2799    23.8830 -9.990e-29
 209.429155      0.921  39.888125    14.9673    7.07108      0.913    32.2793    23.8823 -9.990e-29
 209.429161      0.945  39.888753    14.9687    7.07055      0.937    32.2787    23.8815 -9.990e-29
 209.429167      0.964  39.890128    14.9715    7.08481      0.956    32.2776    23.8801 -9.990e-29
 209.429172      0.979  39.892967    14.9759    7.09734      0.971    32.2765    23.8783 -9.990e-29
 209.429178      0.991  39.897127    14.9801    7.09583      0.983    32.2768    23.8776 -9.990e-29
 209.429184      1.000  39.900864    14.9829    7.08625      0.992    32.2778    23.8779 -9.990e-29
 209.429190      1.007  39.903555    14.9845    7.07225      0.999    32.2789    23.8784 -9.990e-29
 209.429196      1.013  39.905426    14.9848    7.06158      1.005    32.2804    23.8794 -9.990e-29
 209.429201      1.018  39.905606    14.9842    7.09231      1.010    32.2810    23.8800 -9.990e-29
 209.429207      1.021  39.904341    14.9842    7.10552      1.012    32.2799    23.8792 -9.990e-29
 209.429213      1.025  39.903873    14.9849    7.10891      1.016    32.2789    23.8782 -9.990e-29
 209.429219      1.028  39.904706    14.9857    7.08867      1.019    32.2790    23.8781 -9.990e-29
 209.429225      1.031  39.905706    14.9856    7.05794      1.022    32.2799    23.8789 -9.990e-29
 209.429230      1.034  39.905966    14.9827    7.06792      1.025    32.2826    23.8816 -9.990e-29
 209.429236      1.037  39.903592    14.9736    7.09096      1.028    32.2880    23.8877 -9.990e-29
 209.429242      1.040  39.894860    14.9611    7.09802      1.031    32.2904    23.8922 -9.990e-29
 209.429248      1.045  39.882158    14.9540    7.09321      1.036    32.2848    23.8894 -9.990e-29
 209.429253      1.050  39.875486    14.9532    7.08196      1.041    32.2795    23.8855 -9.990e-29
 209.429259      1.056  39.875487    14.9539    7.07101      1.047    32.2789    23.8849 -9.990e-29
 209.429265      1.060  39.875056    14.9531    7.08419      1.051    32.2791    23.8853 -9.990e-29
 209.429271      1.057  39.873055    14.9507    7.08537      1.048    32.2793    23.8859 -9.990e-29
 209.429277      1.052  39.872043    14.9501    7.09180      1.043    32.2789    23.8857 -9.990e-29
 209.429282      1.048  39.873461    14.9529    7.09874      1.039    32.2779    23.8843 -9.990e-29
 209.429288      1.045  39.877124    14.9582    7.10026      1.036    32.2768    23.8824 -9.990e-29
 209.429294      1.043  39.882847    14.9640    7.09842      1.034    32.2772    23.8814 -9.990e-29
 209.429300      1.042  39.888707    14.9683    7.09369      1.033    32.2789    23.8818 -9.990e-29
 209.429306      1.042  39.891843    14.9710    7.08351      1.033    32.2795    23.8817 -9.990e-29
 209.429311      1.042  39.893054    14.9722    7.09341      1.033    32.2796    23.8815 -9.990e-29
 209.429317      1.043  39.893378    14.9718    7.10184      1.034    32.2802    23.8821 -9.990e-29
 209.429323      1.045  39.892669    14.9705    7.10517      1.036    32.2807    23.8827 -9.990e-29
 209.429329      1.048  39.891648    14.9693    7.09867      1.039    32.2807    23.8830 -9.990e-29
 209.429334      1.053  39.891180    14.9693    7.09027      1.044    32.2803    23.8827 -9.990e-29
 209.429340      1.058  39.891750    14.9700    7.08481      1.049    32.2802    23.8825 -9.990e-29
 209.429346      1.066  39.892415    14.9704    7.09114      1.057    32.2805    23.8826 -9.990e-29
 209.429352      1.075  39.892364    14.9702    7.08578      1.066    32.2806    23.8827 -9.990e-29
 209.429358      1.084  39.892072    14.9699    7.09909      1.075    32.2806    23.8828 -9.990e-29
 209.429363      1.087  39.891697    14.9702    7.10466      1.078    32.2800    23.8823 -9.990e-29
 209.429369      1.085  39.891841    14.9722    7.09898      1.076    32.2785    23.8807 -9.990e-29
 209.429375      1.078  39.893802    14.9750    7.08307      1.069    32.2779    23.8797 -9.990e-29
 209.429381      1.070  39.896814    14.9760    7.08017      1.061    32.2798    23.8809 -9.990e-29
 209.429387      1.064  39.898143    14.9730    7.08564      1.055    32.2835    23.8844 -9.990e-29
 209.429392      1.061  39.895618    14.9667    7.09810      1.052    32.2865    23.8880 -9.990e-29
 209.429398      1.059  39.889785    14.9598    7.09386      1.050    32.2869    23.8898 -9.990e-29
 209.429404      1.059  39.883511    14.9559    7.08399      1.050    32.2845    23.8888 -9.990e-29
 209.429410      1.057  39.879634    14.9555    7.08408      1.048    32.2813    23.8864 -9.990e-29
 209.429416      1.052  39.879139    14.9558    7.08979      1.043    32.2806    23.8858 -9.990e-29
 209.429421      1.053  39.879666    14.9553    7.09626      1.044    32.2815    23.8866 -9.990e-29
 209.429427      1.059  39.879096    14.9542    7.10607      1.050    32.2819    23.8871 -9.990e-29
 209.429433      1.068  39.877775    14.9533    7.10291      1.059    32.2814    23.8870 -9.990e-29
 209.429439      1.079  39.876729    14.9532    7.10317      1.070    32.2806    23.8863 -9.990e-29
 209.429444      1.092  39.876791    14.9541    7.09386      1.083    32.2799    23.8856 -9.990e-29
 209.429450      1.110  39.878028    14.9561    7.08939      1.101    32.2793    23.8848 -9.990e-29
 209.429456      1.129  39.880390    14.9582    7.09721      1.120    32.2797    23.8846 -9.990e-29
 209.429462      1.141  39.882520    14.9596    7.10321      1.131    32.2805    23.8849 -9.990e-29
 209.429468      1.147  39.883315    14.9609    7.10716      1.137    32.2801    23.8844 -9.990e-29
 209.429473      1.152  39.884379    14.9623    7.10530      1.142    32.2799    23.8839 -9.990e-29
 209.429479      1.152  39.885994    14.9636    7.09060      1.142    32.2803    23.8839 -9.990e-29
 209.429485      1.147  39.886927    14.9652    7.08576      1.137    32.2798    23.8832 -9.990e-29
 209.429491      1.146  39.887847    14.9683    7.09667      1.136    32.2781    23.8812 -9.990e-29
 209.429497      1.151  39.889963    14.9735    7.10827      1.141    32.2757    23.8782 -9.990e-29
 209.429502      1.165  39.894398    14.9778    7.10937      1.155    32.2761    23.8777 -9.990e-29
 209.429508      1.182  39.899193    14.9791    7.09119      1.172    32.2794    23.8799 -9.990e-29
 209.429514      1.196  39.901188    14.9791    7.07792      1.186    32.2812    23.8813 -9.990e-29
 209.429520      1.204  39.901341    14.9792    7.09791      1.194    32.2812    23.8813 -9.990e-29
 209.429525      1.206  39.900965    14.9788    7.10883      1.196    32.2812    23.8814 -9.990e-29
 209.429531      1.206  39.900102    14.9773    7.10916      1.196    32.2817    23.8820 -9.990e-29
 209.429537      1.208  39.898146    14.9759    7.08761      1.198    32.2811    23.8819 -9.990e-29
 209.429543      1.209  39.896401    14.9755    7.07973      1.199    32.2798    23.8810 -9.990e-29
 209.429549      1.204  39.896451    14.9731    7.10510      1.194    32.2819    23.8831 -9.990e-29
 209.429554      1.193  39.894980    14.9672    7.12786      1.183    32.2854    23.8871 -9.990e-29
 209.429560      1.180  39.889448    14.9619    7.12482      1.170    32.2848    23.8878 -9.990e-29
 209.429566      1.167  39.884248    14.9626    7.10899      1.157    32.2795    23.8835 -9.990e-29
 209.429572      1.155  39.885334    14.9683    7.09532      1.145    32.2758    23.8795 -9.990e-29
 209.429578      1.146  39.891331    14.9735    7.09844      1.136    32.2769    23.8792 -9.990e-29
 209.429583      1.145  39.896191    14.9751    7.10590      1.135    32.2800    23.8812 -9.990e-29
 209.429589      1.151  39.897401    14.9737    7.10803      1.141    32.2822    23.8832 -9.990e-29
 209.429595      1.160  39.895997    14.9723    7.10049      1.150    32.2821    23.8835 -9.990e-29
 209.429601      1.164  39.894580    14.9734    7.10253      1.154    32.2799    23.8815 -9.990e-29
 209.429606      1.165  39.895734    14.9763    7.10340      1.155    32.2786    23.8799 -9.990e-29
 209.429612      1.169  39.898734    14.9783    7.10467      1.159    32.2796    23.8802 -9.990e-29
 209.429618      1.178  39.900832    14.9778    7.10636      1.168    32.2819    23.8821 -9.990e-29
 209.429624      1.184  39.900318    14.9758    7.10990      1.174    32.2831    23.8835 -9.990e-29
 209.429630      1.182  39.898177    14.9749    7.11168      1.172    32.2819    23.8827 -9.990e-29
 209.429635      1.177  39.897147    14.9759    7.11170      1.167    32.2802    23.8812 -9.990e-29
 209.429641      1.178  39.898083    14.9780    7.11019      1.168    32.2793    23.8800 -9.990e-29
 209.429647      1.187  39.899972    14.9800    7.10552      1.177    32.2793    23.8797 -9.990e-29
 209.429653      1.203  39.901949    14.9815    7.10526      1.193    32.2799    23.8797 -9.990e-29
 209.429659      1.216  39.903268    14.9827    7.10562      1.206    32.2801    23.8796 -9.990e-29
 209.429664      1.224  39.903988    14.9831    7.09566      1.214    32.2804    23.8798 -9.990e-29
 209.429670      1.227  39.903930    14.9820    7.09270      1.217    32.2812    23.8807 -9.990e-29
 209.429676      1.225  39.903001    14.9803    7.08551      1.215    32.2818    23.8815 -9.990e-29
 209.429682      1.219  39.902752    14.9789    7.09288      1.209    32.2827    23.8825 -9.990e-29
 209.429688      1.208  39.902272    14.9781    7.10521      1.198    32.2830    23.8829 -9.990e-29
 209.429693      1.195  39.900345    14.9783    7.10147      1.185    32.2811    23.8814 -9.990e-29
 209.429699      1.188  39.899434    14.9794    7.10173      1.178    32.2793    23.8798 -9.990e-29
 209.429705      1.191  39.900552    14.9804    7.09254      1.181    32.2795    23.8797 -9.990e-29
 209.429711      1.205  39.901809    14.9806    7.08996      1.195    32.2805    23.8804 -9.990e-29
 209.429716      1.225  39.902057    14.9803    7.09827      1.215    32.2810    23.8808 -9.990e-29
 209.429722      1.245  39.901611    14.9800    7.10021      1.235    32.2808    23.8808 -9.990e-29
 209.429728      1.261  39.901542    14.9797    7.10865      1.250    32.2810    23.8810 -9.990e-29
 209.429734      1.275  39.901741    14.9794    7.09875      1.264    32.2814    23.8814 -9.990e-29
 209.429740      1.287  39.901337    14.9798    7.10498      1.276    32.2807    23.8807 -9.990e-29
 209.429745      1.299  39.901457    14.9803    7.09526      1.288    32.2804    23.8804 -9.990e-29
 209.429751      1.310  39.902244    14.9798    7.09690      1.299    32.2815    23.8814 -9.990e-29
 209.429757      1.322  39.901924    14.9784    7.10925      1.311    32.2824    23.8823 -9.990e-29
 209.429763      1.336  39.900617    14.9777    7.10445      1.325    32.2818    23.8820 -9.990e-29
 209.429769      1.351  39.899930    14.9784    7.11278      1.340    32.2806    23.8809 -9.990e-29
 209.429774      1.370  39.900613    14.9800    7.12767      1.359    32.2798    23.8801 -9.990e-29
 209.429780      1.394  39.901878    14.9805    7.15691      1.382    32.2806    23.8805 -9.990e-29
 209.429786      1.423  39.902027    14.9787    7.17091      1.411    32.2822    23.8821 -9.990e-29
 209.429792      1.460  39.900122    14.9747    7.17025      1.448    32.2838    23.8842 -9.990e-29
 209.429797      1.507  39.896412    14.9699    7.15876      1.494    32.2844    23.8857 -9.990e-29
 209.429803      1.568  39.892107    14.9641    7.10862      1.555    32.2852    23.8876 -9.990e-29
 209.429809      1.645  39.887622    14.9522    7.05438      1.631    32.2910    23.8946 -9.990e-29
 209.429815      1.741  39.878081    14.9220    7.01471      1.726    32.3074    23.9137 -9.990e-29
 209.429821      1.851  39.852992    14.8567    7.03173      1.836    32.3388    23.9518 -9.990e-29
 209.429826      1.979  39.795157    14.7428    7.07359      1.962    32.3810    24.0086 0.0000e+00
 209.429832      2.134  39.687485    14.6038    7.09513      2.116    32.3989    24.0519 0.0000e+00
 209.429838      2.324  39.557527    14.4956    7.09577      2.305    32.3708    24.0531 0.0000e+00
 209.429844      2.557  39.464824    14.4366    7.06963      2.536    32.3353    24.0381 0.0000e+00
 209.429850      2.837  39.419829    14.4021    7.01876      2.813    32.3229    24.0358 0.0000e+00
 209.429855      3.158  39.393931    14.3662    6.96059      3.132    32.3291    24.0481 0.0000e+00
 209.429861      3.516  39.364918    14.3047    6.89106      3.487    32.3539    24.0800 0.0000e+00
 209.429867      3.908  39.314286    14.1875    6.85338      3.875    32.4056    24.1443 0.0000e+00
 209.429873      4.333  39.214901    14.0055    6.17777      4.297    32.4671    24.2294 0.0000e+00
 209.429878      4.792  39.053731    13.7915    5.83273      4.752    32.4989    24.2978 0.0000e+00
 209.429884      5.285  38.863834    13.5830    5.71252      5.241    32.4992    24.3403 0.0000e+00
 209.429890      5.812  38.685947    13.3950    5.69821      5.763    32.4930    24.3733 0.0000e+00
 209.429896      6.378  38.533046    13.2130    5.89183      6.325    32.5048    24.4187 0.0000e+00
 209.429902      6.980  38.386900    13.0161    5.78712      6.922    32.5357    24.4814 0.0000e+00
 209.429907      7.612  38.224822    12.8126    5.60095      7.548    32.5572    24.5379 0.0000e+00
 209.429913      8.274  38.055048    12.5977    5.49858      8.205    32.5812    24.5980 0.0000e+00
 209.429919      8.962  37.876668    12.3372    5.36320      8.887    32.6364    24.6906 0.0000e+00
 209.429925      9.675  37.666066    12.0251    5.21258      9.594    32.7060    24.8034 0.0000e+00
