data/oxygen options/OCNMS/OCNMS2/raw_data/2004/CTD_CE60_090704faed.cnv
* Sea-Bird SBE19 Data File:
* FileName = C:\WINDOWS\Desktop\put hypoxia files here\CTD data\September 07_0804\CE\Raw\CE60_090704.hex
* Software Version 1.1.4
* Temperature SN = 2997
* Conductivity SN = 2997
* System UpLoad Time = Sep 07 2004 16:04:57
* SEACAT PROFILER V3.1c SN 2997   09/07/04  16:07:26.826
* strain gauge pressure sensor: S/N = 184829,  range = 3000 psia,  tc = 40
# nquan = 9                                 
# nvalues = 685                         
# units = specified
# name 0 = timeJ: Julian Days
# name 1 = prSM: Pressure, Strain Gauge [db]
# name 2 = c0mS/cm: Conductivity [mS/cm]
# name 3 = t090C: Temperature [ITS-90, deg C]
# name 4 = oxML/L: Oxygen, Beckman/YSI [ml/l]
# name 5 = depSM: Depth [salt water, m], lat = 47.5
# name 6 = sal00: Salinity, Practical [PSU]
# name 7 = sigma-é00: Density [sigma-theta, kg/m^3]
# name 8 = flag: flag
# span 0 = 251.561829, 251.565787       
# span 1 =     -4.885,     60.416       
# span 2 =   0.538941,  40.677533       
# span 3 =     7.5467,    16.9001       
# span 4 =   -0.05242,   27.45897       
# span 5 =     -4.844,     59.903       
# span 6 =     0.3230,    33.7254       
# span 7 =    -0.7191,    26.3369       
# span 8 = 0.0000e+00, 0.0000e+00       
# interval = seconds: 0.5
# start_time = Sep 07 2004 13:29:02 [Instrument's time stamp, header]
# bad_flag = -9.990e-29
*END*
[from data line 321]
 251.563686      0.750  40.523923    16.6609    7.27693      0.744    31.4766    22.8900 -9.990e-29
 251.563692      0.749  40.545096    16.6828    7.27088      0.743    31.4777    22.8859 -9.990e-29
 251.563698      0.748  40.566691    16.7079    7.23468      0.742    31.4767    22.8794 -9.990e-29
 251.563704      0.746  40.592271    16.7297    7.20841      0.740    31.4817    22.8782 -9.990e-29
 251.563709      0.743  40.614440    16.7325    7.19730      0.737    31.4987    22.8906 -9.990e-29
 251.563715      0.743  40.615085    16.7125    7.20106      0.737    31.5150    22.9077 -9.990e-29
 251.563721      0.751  40.592279    16.6792    7.22141      0.745    31.5214    22.9202 -9.990e-29
 251.563727      0.762  40.558833    16.6460    7.22752      0.756    31.5185    22.9256 -9.990e-29
 251.563733      0.773  40.524583    16.6296    7.23506      0.767    31.5018    22.9165 -9.990e-29
 251.563738      0.786  40.506707    16.6345    7.25596      0.779    31.4824    22.9005 -9.990e-29
 251.563744      0.795  40.512235    16.6496    7.25225      0.788    31.4753    22.8917 -9.990e-29
 251.563750      0.798  40.526666    16.6686    7.25038      0.791    31.4729    22.8855 -9.990e-29
 251.563756      0.800  40.544569    16.6856    7.24666      0.793    31.4751    22.8832 -9.990e-29
 251.563762      0.804  40.562899    16.6862    7.25600      0.797    31.4904    22.8949 -9.990e-29
 251.563767      0.810  40.563474    16.6722    7.26252      0.803    31.5019    22.9069 -9.990e-29
 251.563773      0.820  40.547641    16.6686    7.23577      0.813    31.4911    22.8994 -9.990e-29
 251.563779      0.830  40.545359    16.6828    7.21980      0.823    31.4779    22.8861 -9.990e-29
 251.563785      0.835  40.565375    16.6852    7.21539      0.828    31.4934    22.8974 -9.990e-29
 251.563791      0.836  40.576599    16.6526    7.22464      0.829    31.5287    22.9319 -9.990e-29
 251.563796      0.834  40.547446    16.6076    7.23406      0.827    31.5389    22.9500 -9.990e-29
 251.563802      0.832  40.495170    16.5905    7.21570      0.825    31.5070    22.9294 -9.990e-29
 251.563808      0.830  40.474068    16.6049    7.19563      0.823    31.4774    22.9034 -9.990e-29
 251.563814      0.824  40.491354    16.6142    7.20354      0.817    31.4850    22.9072 -9.990e-29
 251.563819      0.818  40.498829    16.5935    7.23865      0.811    31.5078    22.9294 -9.990e-29
 251.563825      0.816  40.475062    16.5590    7.27791      0.809    31.5143    22.9423 -9.990e-29
 251.563831      0.818  40.441122    16.5453    7.27726      0.811    31.4957    22.9311 -9.990e-29
 251.563837      0.818  40.427505    16.5701    7.25545      0.811    31.4643    22.9014 -9.990e-29
 251.563843      0.814  40.453649    16.6136    7.23065      0.807    31.4528    22.8826 -9.990e-29
 251.563848      0.809  40.500557    16.6353    7.21987      0.802    31.4764    22.8958 -9.990e-29
 251.563854      0.807  40.520828    16.6207    7.22723      0.800    31.5055    22.9214 -9.990e-29
 251.563860      0.812  40.501680    16.5929    7.22931      0.805    31.5108    22.9318 -9.990e-29
 251.563866      0.825  40.474271    16.5745    7.22333      0.818    31.5015    22.9288 -9.990e-29
 251.563872      0.834  40.458730    16.5680    7.20858      0.827    31.4931    22.9239 -9.990e-29
 251.563877      0.834  40.453976    16.5656    7.20427      0.827    31.4908    22.9227 -9.990e-29
 251.563883      0.834  40.452560    16.5604    7.21622      0.827    31.4937    22.9261 -9.990e-29
 251.563889      0.839  40.446996    16.5535    7.22795      0.832    31.4943    22.9282 -9.990e-29
 251.563895      0.850  40.439416    16.5508    7.23680      0.843    31.4898    22.9253 -9.990e-29
 251.563900      0.861  40.437681    16.5585    7.24778      0.854    31.4823    22.9178 -9.990e-29
 251.563906      0.871  40.446783    16.5763    7.26233      0.864    31.4762    22.9090 -9.990e-29
 251.563912      0.883  40.464280    16.5976    7.27004      0.876    31.4746    22.9030 -9.990e-29
 251.563918      0.899  40.484904    16.6154    7.26833      0.891    31.4785    22.9019 -9.990e-29
 251.563924      0.911  40.502508    16.6272    7.25698      0.903    31.4845    22.9038 -9.990e-29
 251.563929      0.920  40.513088    16.6377    7.25273      0.912    31.4854    22.9021 -9.990e-29
 251.563935      0.930  40.522353    16.6491    7.23003      0.922    31.4844    22.8988 -9.990e-29
 251.563941      0.939  40.534252    16.6586    7.21103      0.931    31.4873    22.8988 -9.990e-29
 251.563947      0.941  40.544458    16.6584    7.20374      0.933    31.4963    22.9057 -9.990e-29
 251.563953      0.942  40.544113    16.6367    7.21251      0.934    31.5130    22.9235 -9.990e-29
 251.563958      0.946  40.521492    16.5996    7.23377      0.938    31.5226    22.9394 -9.990e-29
 251.563964      0.949  40.482299    16.5740    7.23895      0.941    31.5088    22.9346 -9.990e-29
 251.563970      0.947  40.456141    16.5742    7.23793      0.939    31.4859    22.9170 -9.990e-29
 251.563976      0.940  40.459146    16.5877    7.21648      0.932    31.4779    22.9078 -9.990e-29
 251.563981      0.927  40.474510    16.5986    7.21453      0.919    31.4827    22.9089 -9.990e-29
 251.563987      0.911  40.484524    16.6035    7.22750      0.903    31.4875    22.9115 -9.990e-29
 251.563993      0.901  40.489037    16.6071    7.23609      0.893    31.4886    22.9115 -9.990e-29
 251.563999      0.900  40.494027    16.6093    7.24578      0.892    31.4912    22.9130 -9.990e-29
 251.564005      0.903  40.497687    16.6053    7.26068      0.895    31.4975    22.9188 -9.990e-29
 251.564010      0.907  40.492514    16.6027    7.25396      0.899    31.4951    22.9175 -9.990e-29
 251.564016      0.912  40.488399    16.6134    7.23814      0.904    31.4831    22.9059 -9.990e-29
 251.564022      0.913  40.498885    16.6360    7.22112      0.905    31.4744    22.8941 -9.990e-29
 251.564028      0.912  40.519395    16.6577    7.19697      0.904    31.4751    22.8897 -9.990e-29
 251.564034      0.916  40.539641    16.6619    7.19237      0.908    31.4894    22.8996 -9.990e-29
 251.564039      0.925  40.544501    16.6456    7.18475      0.917    31.5064    22.9164 -9.990e-29
 251.564045      0.936  40.527513    16.6215    7.19731      0.928    31.5106    22.9251 -9.990e-29
 251.564051      0.954  40.504700    16.5978    7.23044      0.946    31.5095    22.9297 -9.990e-29
 251.564057      0.980  40.483747    16.5784    7.24547      0.972    31.5065    22.9319 -9.990e-29
 251.564063      1.008  40.464163    16.5756    7.25339      1.000    31.4918    22.9212 -9.990e-29
 251.564068      1.033  40.459623    16.5987    7.25101      1.024    31.4696    22.8989 -9.990e-29
 251.564074      1.060  40.482539    16.6391    7.27230      1.051    31.4578    22.8806 -9.990e-29
 251.564080      1.092  40.523586    16.6716    7.32463      1.083    31.4678    22.8809 -9.990e-29
 251.564086      1.141  40.551049    16.6836    7.36703      1.131    31.4821    22.8891 -9.990e-29
 251.564091      1.210  40.553822    16.6843    7.39991      1.200    31.4839    22.8903 -9.990e-29
 251.564097      1.295  40.550154    16.6844    7.37344      1.284    31.4807    22.8878 -9.990e-29
 251.564103      1.392  40.551384    16.6928    7.30886      1.380    31.4751    22.8816 -9.990e-29
 251.564109      1.503  40.564716    16.7036    7.21486      1.490    31.4781    22.8815 -9.990e-29
 251.564115      1.641  40.583196    16.6815    7.12977      1.627    31.5114    22.9121 0.0000e+00
 251.564120      1.817  40.570826    16.5873    7.10510      1.802    31.5748    22.9822 0.0000e+00
 251.564126      2.043  40.489754    16.4146    7.12269      2.026    31.6407    23.0721 0.0000e+00
 251.564132      2.329  40.328347    16.2057    7.15470      2.310    31.6656    23.1384 0.0000e+00
 251.564138      2.676  40.126061    16.0216    7.18403      2.654    31.6346    23.1559 0.0000e+00
 251.564144      3.076  39.955337    15.8914    7.20247      3.050    31.5881    23.1491 0.0000e+00
 251.564149      3.517  39.844845    15.8081    7.19653      3.488    31.5569    23.1436 0.0000e+00
 251.564155      3.983  39.776774    15.7543    7.19597      3.950    31.5395    23.1421 0.0000e+00
 251.564161      4.465  39.732667    15.7163    7.18261      4.428    31.5307    23.1437 0.0000e+00
 251.564167      4.959  39.700779    15.6853    7.17395      4.918    31.5271    23.1478 0.0000e+00
 251.564172      5.464  39.673883    15.6575    7.15596      5.418    31.5253    23.1525 0.0000e+00
 251.564178      5.976  39.648604    15.6333    7.15151      5.926    31.5220    23.1553 0.0000e+00
 251.564184      6.493  39.625969    15.6140    7.14939      6.439    31.5172    23.1559 0.0000e+00
 251.564190      7.016  39.607724    15.5995    7.14425      6.957    31.5124    23.1554 0.0000e+00
 251.564196      7.542  39.594176    15.5885    7.17900      7.479    31.5090    23.1552 0.0000e+00
 251.564201      8.070  39.584606    15.5791    7.21823      8.002    31.5078    23.1564 0.0000e+00
 251.564207      8.601  39.576864    15.5696    7.25232      8.529    31.5084    23.1589 0.0000e+00
 251.564213      9.133  39.569554    15.5587    7.20130      9.057    31.5104    23.1629 0.0000e+00
 251.564219      9.665  39.564105    15.5421    7.02581      9.584    31.5186    23.1728 0.0000e+00
 251.564225     10.199  39.562742    15.5023    6.76478     10.114    31.5491    23.2050 0.0000e+00
 251.564230     10.732  39.563600    15.4149    6.40245     10.642    31.6198    23.2784 0.0000e+00
 251.564236     11.265  39.555997    15.2724    6.03130     11.171    31.7277    23.3923 0.0000e+00
 251.564242     11.798  39.521894    15.0709    5.78293     11.699    31.8605    23.5379 0.0000e+00
 251.564248     12.329  39.442128    14.7815    5.60793     12.226    32.0252    23.7266 0.0000e+00
 251.564253     12.859  39.292178    14.3854    5.53502     12.751    32.2164    23.9574 0.0000e+00
 251.564259     13.387  39.057716    13.9473    5.51062     13.275    32.3676    24.1648 0.0000e+00
 251.564265     13.913  38.785039    13.5899    5.43963     13.796    32.4166    24.2753 0.0000e+00
 251.564271     14.439  38.563686    13.3667    5.38188     14.318    32.3993    24.3067 0.0000e+00
 251.564277     14.969  38.431561    13.2381    5.33950     14.844    32.3847    24.3210 0.0000e+00
 251.564282     15.493  38.358214    13.1423    5.32915     15.363    32.3972    24.3497 0.0000e+00
 251.564288     16.004  38.303543    13.0155    5.35009     15.870    32.4539    24.4185 0.0000e+00
 251.564294     16.506  38.221519    12.8382    5.35615     16.368    32.5284    24.5108 0.0000e+00
 251.564300     17.007  38.096947    12.6628    5.36356     16.864    32.5612    24.5702 0.0000e+00
 251.564306     17.504  37.976233    12.5261    5.34515     17.357    32.5642    24.5988 0.0000e+00
 251.564311     17.998  37.883982    12.4061    5.31216     17.847    32.5798    24.6339 0.0000e+00
 251.564317     18.495  37.798625    12.2664    5.18654     18.340    32.6192    24.6910 0.0000e+00
 251.564323     19.002  37.691536    12.0904    5.01852     18.843    32.6696    24.7631 0.0000e+00
 251.564329     19.520  37.554466    11.8641    4.77646     19.356    32.7353    24.8563 0.0000e+00
 251.564334     20.048  37.383486    11.5506    4.54167     19.880    32.8454    24.9996 0.0000e+00
 251.564340     20.581  37.155238    11.1317    4.34843     20.408    32.9945    25.1911 0.0000e+00
 251.564346     21.110  36.861956    10.6350    4.21198     20.933    33.1510    25.4005 0.0000e+00
 251.564352     21.635  36.512307    10.1008    4.14477     21.453    33.2870    25.5979 0.0000e+00
 251.564358     22.158  36.113212     9.5838    4.17161     21.972    33.3575    25.7389 0.0000e+00
 251.564363     22.680  35.704848     9.1530    4.23607     22.489    33.3374    25.7925 0.0000e+00
 251.564369     23.202  35.355351     8.8498    4.34341     23.007    33.2570    25.7773 0.0000e+00
 251.564375     23.728  35.108722     8.6729    4.46841     23.529    33.1644    25.7320 0.0000e+00
 251.564381     24.257  34.971215     8.5863    4.55454     24.053    33.1009    25.6955 0.0000e+00
 251.564387     24.785  34.909065     8.5496    4.59735     24.577    33.0696    25.6766 0.0000e+00
 251.564392     25.302  34.884742     8.5445    4.53567     25.089    33.0486    25.6609 0.0000e+00
 251.564398     25.807  34.892671     8.5623    4.39251     25.590    33.0400    25.6515 0.0000e+00
 251.564404     26.305  34.932170     8.5893    4.20692     26.084    33.0560    25.6599 0.0000e+00
 251.564410     26.800  34.985802     8.6099    4.01665     26.575    33.0929    25.6857 0.0000e+00
 251.564416     27.291  35.033679     8.6088    3.86763     27.061    33.1440    25.7259 0.0000e+00
 251.564421     27.790  35.061688     8.5746    3.72519     27.556    33.2054    25.7792 0.0000e+00
 251.564427     28.302  35.058937     8.5115    3.62815     28.064    33.2617    25.8330 0.0000e+00
 251.564433     28.820  35.027883     8.4332    3.55844     28.577    33.3026    25.8769 0.0000e+00
 251.564439     29.340  34.977525     8.3553    3.49144     29.093    33.3228    25.9045 0.0000e+00
 251.564444     29.861  34.919702     8.2921    3.45611     29.610    33.3212    25.9127 0.0000e+00
 251.564450     30.384  34.875352     8.2408    3.41458     30.128    33.3226    25.9215 0.0000e+00
 251.564456     30.914  34.846949     8.1900    3.37342     30.654    33.3404    25.9430 0.0000e+00
 251.564462     31.445  34.822354     8.1352    3.35278     31.180    33.3661    25.9713 0.0000e+00
 251.564468     31.974  34.797876     8.0722    3.32169     31.705    33.3998    26.0071 0.0000e+00
 251.564473     32.498  34.764931     8.0051    3.30734     32.224    33.4285    26.0394 0.0000e+00
 251.564479     33.018  34.722705     7.9469    3.30645     32.740    33.4387    26.0560 0.0000e+00
 251.564485     33.532  34.684911     7.9052    3.29675     33.249    33.4380    26.0615 0.0000e+00
 251.564491     34.038  34.658836     7.8783    3.30573     33.751    33.4355    26.0635 0.0000e+00
 251.564497     34.539  34.642733     7.8596    3.29740     34.248    33.4360    26.0666 0.0000e+00
 251.564502     35.041  34.631903     7.8446    3.29557     34.746    33.4385    26.0707 0.0000e+00
 251.564508     35.546  34.624755     7.8312    3.27455     35.246    33.4434    26.0765 0.0000e+00
 251.564514     36.055  34.621244     7.8176    3.24815     35.751    33.4524    26.0856 0.0000e+00
 251.564520     36.571  34.618328     7.8033    3.23119     36.263    33.4628    26.0958 0.0000e+00
 251.564525     37.089  34.613202     7.7891    3.19761     36.776    33.4707    26.1041 0.0000e+00
 251.564531     37.602  34.606275     7.7749    3.18020     37.285    33.4766    26.1108 0.0000e+00
 251.564537     38.109  34.599480     7.7608    3.16810     37.787    33.4826    26.1176 0.0000e+00
 251.564543     38.613  34.593242     7.7475    3.13349     38.287    33.4885    26.1241 0.0000e+00
 251.564549     39.116  34.588171     7.7360    3.11271     38.786    33.4938    26.1299 0.0000e+00
 251.564554     39.610  34.584751     7.7254    3.07801     39.276    33.5001    26.1364 0.0000e+00
 251.564560     40.092  34.581183     7.7141    3.05196     39.754    33.5069    26.1434 0.0000e+00
 251.564566     40.569  34.576031     7.7014    3.05218     40.226    33.5134    26.1503 0.0000e+00
 251.564572     41.044  34.569673     7.6871    3.05103     40.697    33.5201    26.1576 0.0000e+00
 251.564578     41.522  34.562560     7.6708    3.05148     41.171    33.5279    26.1661 0.0000e+00
 251.564583     42.004  34.554134     7.6552    3.04416     41.649    33.5336    26.1728 0.0000e+00
 251.564589     42.485  34.547691     7.6435    3.01157     42.126    33.5377    26.1777 0.0000e+00
 251.564595     42.966  34.546930     7.6339    2.96592     42.603    33.5459    26.1856 0.0000e+00
 251.564601     43.453  34.547994     7.6245    2.91762     43.086    33.5559    26.1948 0.0000e+00
