data/oxygen options/OCNMS/OCNMS2/raw_data/2004/CTD_TH100_061504faed.cnv
* Sea-Bird SBE19 Data File:
* FileName = C:\WINDOWS\Desktop\put hypoxia files here\CTD files\CA\TH100m061504.hex
* Software Version 1.1.4
* Temperature SN = 2997
* Conductivity SN = 2997
* System UpLoad Time = Jun 15 2004 15:16:14
** Teahwhit Head hypoxia TH10 100m June 15, 2004
* SEACAT PROFILER V3.1c SN 2997   06/15/04  15:13:23.901
# nquan = 9                                 
# nvalues = 1049                        
# units = specified
# name 0 = timeJ: Julian Days
# name 1 = prSM: Pressure, Strain Gauge [db]
# name 2 = c0mS/cm: Conductivity [mS/cm]
# name 3 = t090C: Temperature [ITS-90, deg C]
# name 4 = oxML/L: Oxygen, Beckman/YSI [ml/l]
# name 5 = depSM: Depth [salt water, m], lat = 47.5
# name 6 = sal00: Salinity, Practical [PSU]
# name 7 = sigma-é00: Density [sigma-theta, kg/m^3]
# name 8 = flag: flag
# span 0 = 167.536123, 167.542188       
# span 1 =     -5.403,    102.737       
# span 2 =   0.213888,  37.904394       
# span 3 =     7.3891,    14.2912       
# span 4 =   -0.05435,   31.78028       
# span 5 =     -5.358,    101.854       
# span 6 =     0.1296,    33.6751       
# span 7 =    -0.6916,    26.3225       
# span 8 = 0.0000e+00, 0.0000e+00       
# interval = seconds: 0.5
# start_time = Jun 15 2004 12:52:01 [Instrument's time stamp, header]
# bad_flag = -9.990e-29
*END*
[from data line 801]
 167.540758     98.196  34.471092     7.3891    2.96965     97.353    33.6744    26.3220 0.0000e+00
 167.540764     98.563  34.471155     7.3891    2.96572     97.717    33.6743    26.3219 0.0000e+00
 167.540770     98.922  34.471289     7.3894    2.96385     98.073    33.6740    26.3216 0.0000e+00
 167.540775     99.266  34.471669     7.3895    2.95500     98.414    33.6741    26.3217 0.0000e+00
 167.540781     99.586  34.472235     7.3895    2.95584     98.731    33.6746    26.3221 0.0000e+00
 167.540787     99.882  34.472615     7.3896    2.97572     99.024    33.6748    26.3222 0.0000e+00
 167.540793    100.160  34.472753     7.3898    2.98180     99.300    33.6746    26.3221 0.0000e+00
 167.540799    100.428  34.472830     7.3899    2.98642     99.566    33.6744    26.3220 0.0000e+00
 167.540804    100.690  34.472943     7.3900    2.99055     99.825    33.6743    26.3219 0.0000e+00
 167.540810    100.952  34.473241     7.3900    2.97591    100.085    33.6745    26.3220 0.0000e+00
 167.540816    101.220  34.473556     7.3898    2.97439    100.351    33.6749    26.3224 0.0000e+00
 167.540822    101.490  34.473745     7.3897    2.97246    100.618    33.6751    26.3225 0.0000e+00
 167.540828    101.745  34.474057     7.3899    2.97037    100.871    33.6751    26.3225 0.0000e+00
 167.540833    101.976  34.474342     7.3903    2.96552    101.100    33.6749    26.3223 0.0000e+00
 167.540839    102.177  34.474414     7.3907    2.96422    101.299    33.6745    26.3219 0.0000e+00
 167.540845    102.337  34.474366     7.3907    2.95518    101.458    33.6744    26.3218 -9.990e-29
 167.540851    102.459  34.474129     7.3907    2.95521    101.579    33.6741    26.3216 -9.990e-29
 167.540856    102.552  34.473946     7.3909    2.95022    101.671    33.6736    26.3212 -9.990e-29
 167.540862    102.623  34.474130     7.3909    2.95920    101.741    33.6738    26.3214 -9.990e-29
 167.540868    102.680  34.474364     7.3910    2.95610    101.798    33.6739    26.3214 -9.990e-29
 167.540874    102.715  34.474398     7.3911    2.94854    101.832    33.6739    26.3214 -9.990e-29
 167.540880    102.733  34.474272     7.3913    2.94065    101.850    33.6735    26.3211 -9.990e-29
 167.540885    102.737  34.473817     7.3912    2.93642    101.854    33.6731    26.3208 -9.990e-29
 167.540891    102.729  34.472985     7.3912    2.93340    101.846    33.6722    26.3201 -9.990e-29
 167.540897    102.707  34.471785     7.3911    2.92895    101.824    33.6710    26.3191 -9.990e-29
 167.540903    102.671  34.470856     7.3908    2.93970    101.789    33.6703    26.3186 -9.990e-29
 167.540909    102.618  34.471201     7.3907    2.94355    101.736    33.6708    26.3190 -9.990e-29
 167.540914    102.544  34.472155     7.3908    2.94100    101.663    33.6718    26.3198 -9.990e-29
 167.540920    102.446  34.472746     7.3910    2.94903    101.566    33.6723    26.3202 -9.990e-29
 167.540926    102.317  34.473199     7.3910    2.94747    101.438    33.6729    26.3206 0.0000e+00
 167.540932    102.148  34.473554     7.3911    2.94928    101.270    33.6732    26.3209 0.0000e+00
 167.540938    101.934  34.473722     7.3911    2.94233    101.058    33.6735    26.3211 0.0000e+00
 167.540943    101.677  34.473924     7.3909    2.93669    100.804    33.6740    26.3215 0.0000e+00
 167.540949    101.387  34.473867     7.3908    2.92812    100.516    33.6742    26.3217 0.0000e+00
 167.540955    101.067  34.473475     7.3909    2.92854    100.199    33.6739    26.3214 0.0000e+00
 167.540961    100.714  34.473347     7.3907    2.93217     99.849    33.6741    26.3216 0.0000e+00
 167.540966    100.327  34.473308     7.3905    2.93390     99.465    33.6744    26.3219 0.0000e+00
 167.540972     99.912  34.472746     7.3904    2.94644     99.054    33.6741    26.3216 0.0000e+00
 167.540978     99.480  34.472033     7.3906    2.93990     98.626    33.6733    26.3210 0.0000e+00
 167.540984     99.042  34.471900     7.3907    2.93766     98.192    33.6733    26.3209 0.0000e+00
 167.540990     98.596  34.472169     7.3905    2.93543     97.750    33.6740    26.3215 0.0000e+00
 167.540995     98.132  34.472077     7.3906    2.92480     97.290    33.6740    26.3215 0.0000e+00
 167.541001     97.641  34.471499     7.3909    2.92677     96.803    33.6734    26.3209 0.0000e+00
 167.541007     97.122  34.470785     7.3911    2.93532     96.289    33.6726    26.3203 0.0000e+00
 167.541013     96.576  34.469919     7.3912    2.93994     95.748    33.6719    26.3197 0.0000e+00
 167.541019     96.007  34.468867     7.3912    2.94363     95.184    33.6710    26.3190 0.0000e+00
 167.541024     95.425  34.467728     7.3913    2.94145     94.607    33.6699    26.3182 0.0000e+00
 167.541030     94.846  34.466671     7.3915    2.93712     94.033    33.6689    26.3173 0.0000e+00
 167.541036     94.280  34.465792     7.3916    2.93728     93.472    33.6681    26.3167 0.0000e+00
 167.541042     93.729  34.465046     7.3918    2.93748     92.926    33.6674    26.3160 0.0000e+00
 167.541047     93.193  34.464566     7.3920    2.91937     92.394    33.6669    26.3156 0.0000e+00
 167.541053     92.671  34.464280     7.3921    2.91499     91.877    33.6667    26.3155 0.0000e+00
 167.541059     92.161  34.463813     7.3922    2.92435     91.371    33.6664    26.3152 0.0000e+00
 167.541065     91.659  34.463109     7.3924    2.93842     90.874    33.6657    26.3146 0.0000e+00
 167.541071     91.170  34.462358     7.3929    2.93942     90.389    33.6646    26.3137 0.0000e+00
 167.541076     90.690  34.461687     7.3935    2.94487     89.913    33.6635    26.3127 0.0000e+00
 167.541082     90.216  34.461329     7.3938    2.94067     89.444    33.6631    26.3123 0.0000e+00
 167.541088     89.743  34.461374     7.3938    2.93822     88.975    33.6634    26.3125 0.0000e+00
 167.541094     89.263  34.461326     7.3940    2.92256     88.499    33.6633    26.3125 0.0000e+00
 167.541100     88.766  34.460565     7.3943    2.92316     88.006    33.6625    26.3118 0.0000e+00
 167.541105     88.255  34.459204     7.3947    2.91600     87.500    33.6608    26.3104 0.0000e+00
 167.541111     87.740  34.457679     7.3953    2.92673     86.989    33.6588    26.3088 0.0000e+00
 167.541117     87.232  34.456206     7.3957    2.93447     86.486    33.6571    26.3073 0.0000e+00
 167.541123     86.737  34.455069     7.3961    2.94177     85.995    33.6557    26.3062 0.0000e+00
 167.541128     86.249  34.454441     7.3966    2.93647     85.511    33.6548    26.3054 0.0000e+00
 167.541134     85.749  34.454052     7.3974    2.93019     85.016    33.6538    26.3045 0.0000e+00
 167.541140     85.224  34.453389     7.3985    2.92819     84.495    33.6523    26.3031 0.0000e+00
 167.541146     84.674  34.452135     7.3996    2.92552     83.950    33.6501    26.3013 0.0000e+00
 167.541152     84.111  34.450305     7.4006    2.92899     83.392    33.6474    26.2990 0.0000e+00
 167.541157     83.552  34.448270     7.4014    2.93743     82.838    33.6447    26.2968 0.0000e+00
 167.541163     83.002  34.446689     7.4021    2.94005     82.293    33.6426    26.2950 0.0000e+00
 167.541169     82.458  34.445705     7.4031    2.94747     81.753    33.6408    26.2934 0.0000e+00
 167.541175     81.914  34.444571     7.4044    2.93916     81.214    33.6386    26.2915 0.0000e+00
 167.541181     81.371  34.442903     7.4057    2.94252     80.676    33.6358    26.2891 0.0000e+00
 167.541186     80.827  34.441288     7.4069    2.95012     80.137    33.6331    26.2868 0.0000e+00
 167.541192     80.284  34.439823     7.4090    2.95055     79.598    33.6298    26.2839 0.0000e+00
 167.541198     79.740  34.437121     7.4129    2.96981     79.059    33.6233    26.2782 0.0000e+00
 167.541204     79.199  34.432388     7.4173    2.97569     78.523    33.6142    26.2704 0.0000e+00
 167.541209     78.671  34.427169     7.4204    2.98271     78.000    33.6058    26.2634 0.0000e+00
 167.541215     78.159  34.423485     7.4222    2.98837     77.492    33.6003    26.2588 0.0000e+00
 167.541221     77.662  34.421475     7.4236    2.98893     76.999    33.5970    26.2560 0.0000e+00
 167.541227     77.170  34.419590     7.4253    2.99401     76.512    33.5935    26.2530 0.0000e+00
 167.541233     76.667  34.417003     7.4285    2.99870     76.013    33.5878    26.2481 0.0000e+00
 167.541238     76.144  34.413073     7.4333    3.02135     75.495    33.5792    26.2406 0.0000e+00
 167.541244     75.601  34.407053     7.4391    3.04779     74.956    33.5673    26.2304 0.0000e+00
 167.541250     75.048  34.399329     7.4463    3.07266     74.408    33.5522    26.2176 0.0000e+00
 167.541256     74.491  34.389701     7.4545    3.08614     73.856    33.5341    26.2022 0.0000e+00
 167.541262     73.934  34.378235     7.4626    3.11597     73.304    33.5142    26.1853 0.0000e+00
 167.541267     73.371  34.366469     7.4698    3.13296     72.746    33.4947    26.1690 0.0000e+00
 167.541273     72.801  34.355539     7.4759    3.15731     72.181    33.4773    26.1544 0.0000e+00
 167.541279     72.231  34.346018     7.4812    3.19030     71.616    33.4622    26.1418 0.0000e+00
 167.541285     71.662  34.338672     7.4859    3.21666     71.052    33.4499    26.1315 0.0000e+00
 167.541291     71.089  34.333243     7.4915    3.24877     70.484    33.4390    26.1221 0.0000e+00
 167.541296     70.501  34.327548     7.4999    3.26936     69.901    33.4250    26.1099 0.0000e+00
 167.541302     69.890  34.319606     7.5115    3.28032     69.295    33.4055    26.0929 0.0000e+00
 167.541308     69.256  34.310605     7.5243    3.29843     68.666    33.3838    26.0740 0.0000e+00
 167.541314     68.602  34.303126     7.5370    3.32374     68.018    33.3638    26.0565 0.0000e+00
 167.541319     67.930  34.297300     7.5505    3.36147     67.352    33.3449    26.0397 0.0000e+00
 167.541325     67.242  34.292094     7.5655    3.39966     66.670    33.3252    26.0221 0.0000e+00
 167.541331     66.552  34.287302     7.5840    3.44278     65.986    33.3026    26.0017 0.0000e+00
 167.541337     65.876  34.282152     7.6064    3.48467     65.316    33.2759    25.9776 0.0000e+00
 167.541343     65.222  34.275955     7.6276    3.53154     64.667    33.2493    25.9536 0.0000e+00
 167.541348     64.586  34.270549     7.6508    3.60511     64.037    33.2216    25.9286 0.0000e+00
 167.541354     63.964  34.260978     7.6848    3.69774     63.420    33.1792    25.8904 0.0000e+00
 167.541360     63.348  34.238974     7.7208    3.79307     62.810    33.1215    25.8399 0.0000e+00
 167.541366     62.740  34.213328     7.7465    3.88731     62.207    33.0699    25.7957 0.0000e+00
 167.541372     62.143  34.196385     7.7637    3.95843     61.615    33.0357    25.7663 0.0000e+00
 167.541377     61.553  34.186871     7.7785    4.02940     61.030    33.0117    25.7454 0.0000e+00
 167.541383     60.959  34.178840     7.7951    4.09980     60.441    32.9877    25.7241 0.0000e+00
 167.541389     60.353  34.168877     7.8137    4.15782     59.841    32.9597    25.6995 0.0000e+00
 167.541395     59.730  34.157720     7.8314    4.21641     59.223    32.9313    25.6747 0.0000e+00
 167.541400     59.086  34.147881     7.8462    4.26276     58.584    32.9072    25.6535 0.0000e+00
 167.541406     58.418  34.140825     7.8586    4.31692     57.922    32.8882    25.6369 0.0000e+00
 167.541412     57.730  34.136122     7.8697    4.35864     57.240    32.8731    25.6234 0.0000e+00
 167.541418     57.030  34.131996     7.8796    4.39648     56.546    32.8597    25.6114 0.0000e+00
 167.541424     56.326  34.127439     7.8894    4.43775     55.848    32.8459    25.5992 0.0000e+00
 167.541429     55.624  34.122550     7.9023    4.49734     55.152    32.8289    25.5840 0.0000e+00
 167.541435     54.926  34.115866     7.9195    4.57849     54.460    32.8059    25.5634 0.0000e+00
 167.541441     54.230  34.105769     7.9377    4.65833     53.770    32.7784    25.5392 0.0000e+00
 167.541447     53.541  34.093381     7.9545    4.72154     53.087    32.7498    25.5143 0.0000e+00
 167.541453     52.861  34.081814     7.9721    4.76859     52.413    32.7213    25.4894 0.0000e+00
 167.541458     52.184  34.075277     7.9938    4.80464     51.742    32.6943    25.4651 0.0000e+00
 167.541464     51.508  34.075153     8.0214    4.84949     51.072    32.6688    25.4410 0.0000e+00
 167.541470     50.832  34.080164     8.0524    4.90088     50.402    32.6455    25.4182 0.0000e+00
 167.541476     50.155  34.088594     8.0795    4.95693     49.730    32.6295    25.4017 0.0000e+00
 167.541481     49.482  34.097118     8.0990    4.98720     49.063    32.6207    25.3920 0.0000e+00
 167.541487     48.817  34.103661     8.1183    5.00129     48.404    32.6100    25.3807 0.0000e+00
 167.541493     48.161  34.110234     8.1483    5.00318     47.753    32.5894    25.3602 0.0000e+00
 167.541499     47.514  34.121124     8.1859    5.00846     47.112    32.5663    25.3366 0.0000e+00
 167.541505     46.879  34.136287     8.2156    5.03824     46.482    32.5551    25.3234 0.0000e+00
 167.541510     46.258  34.149045     8.2300    5.06776     45.867    32.5556    25.3216 0.0000e+00
 167.541516     45.649  34.154561     8.2353    5.08641     45.263    32.5568    25.3218 0.0000e+00
 167.541522     45.046  34.155717     8.2406    5.10301     44.665    32.5534    25.3183 0.0000e+00
 167.541528     44.429  34.157427     8.2505    5.13215     44.053    32.5463    25.3113 0.0000e+00
 167.541534     43.787  34.161415     8.2650    5.16925     43.417    32.5374    25.3022 0.0000e+00
 167.541539     43.125  34.167960     8.2826    5.23280     42.761    32.5283    25.2925 0.0000e+00
 167.541545     42.456  34.176267     8.3048    5.25792     42.097    32.5169    25.2802 0.0000e+00
 167.541551     41.782  34.187331     8.3369    5.27373     41.429    32.4992    25.2616 0.0000e+00
 167.541557     41.093  34.205266     8.3823    5.27881     40.746    32.4765    25.2371 0.0000e+00
 167.541563     40.389  34.233253     8.4331    5.27153     40.048    32.4595    25.2161 0.0000e+00
 167.541568     39.685  34.266576     8.4728    5.27970     39.350    32.4583    25.2093 0.0000e+00
 167.541574     39.004  34.292503     8.4947    5.30824     38.675    32.4657    25.2118 0.0000e+00
 167.541580     38.360  34.306382     8.5064    5.33283     38.036    32.4698    25.2133 0.0000e+00
 167.541586     37.736  34.314399     8.5163    5.36634     37.418    32.4694    25.2114 0.0000e+00
 167.541591     37.106  34.321647     8.5305    5.40843     36.793    32.4642    25.2053 0.0000e+00
 167.541597     36.457  34.332190     8.5566    5.43797     36.150    32.4516    25.1914 0.0000e+00
 167.541603     35.784  34.352243     8.5960    5.47685     35.482    32.4367    25.1738 0.0000e+00
 167.541609     35.092  34.382766     8.6458    5.49415     34.796    32.4233    25.1558 0.0000e+00
 167.541615     34.393  34.420181     8.7094    5.49538     34.103    32.4045    25.1314 0.0000e+00
 167.541620     33.699  34.467862     8.7818    5.47238     33.415    32.3884    25.1078 0.0000e+00
 167.541626     33.012  34.522127     8.8463    5.45284     32.734    32.3863    25.0963 0.0000e+00
 167.541632     32.336  34.568453     8.8934    5.41205     32.064    32.3919    25.0934 0.0000e+00
 167.541638     31.675  34.600798     8.9209    5.40190     31.408    32.4007    25.0960 0.0000e+00
 167.541644     31.030  34.618578     8.9322    5.41772     30.769    32.4092    25.1009 0.0000e+00
 167.541649     30.398  34.625330     8.9370    5.42658     30.142    32.4121    25.1025 0.0000e+00
 167.541655     29.764  34.629508     8.9468    5.47894     29.513    32.4078    25.0976 0.0000e+00
 167.541661     29.116  34.638371     8.9669    5.52488     28.871    32.3990    25.0875 0.0000e+00
 167.541667     28.444  34.654211     8.9959    5.55893     28.205    32.3893    25.0755 0.0000e+00
 167.541672     27.746  34.675170     9.0387    5.59449     27.513    32.3724    25.0556 0.0000e+00
