data/oxygen options/OCNMS/OCNMS2/raw_data/2004/CTD_CA40_082404faed.cnv
* Sea-Bird SBE19 Data File:
* FileName = C:\WINDOWS\Desktop\put hypoxia files here\CTD data\August 24_25-04\CA40_082404.hex
* Software Version 1.1.4
* Temperature SN = 2997
* Conductivity SN = 2997
* System UpLoad Time = Aug 24 2004 12:32:21
* SEACAT PROFILER V3.1c SN 2997   08/24/04  12:33:52.343
* strain gauge pressure sensor: S/N = 184829,  range = 3000 psia,  tc = 40
# nquan = 9                                 
# nvalues = 694                         
# units = specified
# name 0 = timeJ: Julian Days
# name 1 = prSM: Pressure, Strain Gauge [db]
# name 2 = c0mS/cm: Conductivity [mS/cm]
# name 3 = t090C: Temperature [ITS-90, deg C]
# name 4 = oxML/L: Oxygen, Beckman/YSI [ml/l]
# name 5 = depSM: Depth [salt water, m], lat = 47.5
# name 6 = sal00: Salinity, Practical [PSU]
# name 7 = sigma-é00: Density [sigma-theta, kg/m^3]
# name 8 = flag: flag
# span 0 = 237.437674, 237.441684       
# span 1 =     -5.716,     43.907       
# span 2 =   0.420136,  39.082553       
# span 3 =     8.6213,    14.7248       
# span 4 =   -0.05355,   31.44044       
# span 5 =     -5.668,     43.536       
# span 6 =     0.2545,    33.2570       
# span 7 =    -0.6598,    25.8010       
# span 8 = 0.0000e+00, 0.0000e+00       
# interval = seconds: 0.5
# start_time = Aug 24 2004 10:30:15 [Instrument's time stamp, header]
# bad_flag = -9.990e-29
*END*
[from data line 481]
 237.440457      8.004  37.697363    12.0215    7.25412      7.937    32.7401    24.8305 0.0000e+00
 237.440463      8.489  37.637589    11.9414    7.14323      8.418    32.7525    24.8551 0.0000e+00
 237.440469      8.982  37.581495    11.8562    7.04298      8.907    32.7728    24.8867 0.0000e+00
 237.440475      9.470  37.517075    11.7627    6.94097      9.391    32.7925    24.9193 0.0000e+00
 237.440480      9.947  37.437153    11.6558    6.85983      9.864    32.8089    24.9517 0.0000e+00
 237.440486     10.403  37.349626    11.5427    6.78692     10.316    32.8234    24.9837 0.0000e+00
 237.440492     10.826  37.270861    11.4517    6.72046     10.735    32.8268    25.0029 0.0000e+00
 237.440498     11.207  37.212363    11.3951    6.66030     11.113    32.8196    25.0075 0.0000e+00
 237.440503     11.550  37.175315    11.3655    6.58752     11.453    32.8094    25.0049 0.0000e+00
 237.440509     11.859  37.155716    11.3516    6.57943     11.760    32.8023    25.0020 0.0000e+00
 237.440515     12.141  37.145916    11.3414    6.52870     12.039    32.8017    25.0033 0.0000e+00
 237.440521     12.413  37.136759    11.3290    6.52768     12.309    32.8036    25.0070 0.0000e+00
 237.440527     12.694  37.124998    11.3155    6.52552     12.588    32.8039    25.0097 0.0000e+00
 237.440532     12.988  37.112884    11.3037    6.51439     12.879    32.8023    25.0107 0.0000e+00
 237.440538     13.296  37.103318    11.2949    6.52795     13.185    32.8006    25.0109 0.0000e+00
 237.440544     13.617  37.096428    11.2894    6.50979     13.503    32.7986    25.0103 0.0000e+00
 237.440550     13.946  37.091424    11.2877    6.51405     13.829    32.7951    25.0079 0.0000e+00
 237.440556     14.277  37.087230    11.2891    6.51906     14.157    32.7895    25.0034 0.0000e+00
 237.440561     14.611  37.085530    11.2906    6.52494     14.489    32.7864    25.0006 0.0000e+00
 237.440567     14.951  37.087409    11.2896    6.53504     14.826    32.7890    25.0028 0.0000e+00
 237.440573     15.302  37.088071    11.2860    6.52287     15.174    32.7927    25.0064 0.0000e+00
 237.440579     15.665  37.085021    11.2806    6.51560     15.534    32.7943    25.0086 0.0000e+00
 237.440584     16.037  37.079790    11.2748    6.50314     15.903    32.7942    25.0096 0.0000e+00
 237.440590     16.417  37.074924    11.2693    6.50017     16.279    32.7941    25.0105 0.0000e+00
 237.440596     16.801  37.071211    11.2635    6.48387     16.660    32.7955    25.0126 0.0000e+00
 237.440602     17.195  37.067049    11.2580    6.49161     17.051    32.7961    25.0141 0.0000e+00
 237.440608     17.600  37.062484    11.2536    6.49733     17.452    32.7954    25.0143 0.0000e+00
 237.440613     18.018  37.058708    11.2501    6.48937     17.867    32.7946    25.0143 0.0000e+00
 237.440619     18.449  37.055719    11.2467    6.47895     18.294    32.7945    25.0149 0.0000e+00
 237.440625     18.894  37.052883    11.2435    6.46807     18.735    32.7943    25.0154 0.0000e+00
 237.440631     19.357  37.050330    11.2409    6.47306     19.195    32.7940    25.0155 0.0000e+00
 237.440637     19.832  37.048569    11.2382    6.48449     19.666    32.7944    25.0164 0.0000e+00
 237.440642     20.299  37.046921    11.2358    6.49000     20.129    32.7947    25.0171 0.0000e+00
 237.440648     20.731  37.045415    11.2352    6.49144     20.557    32.7936    25.0163 0.0000e+00
 237.440654     21.117  37.045394    11.2366    6.47763     20.940    32.7922    25.0150 0.0000e+00
 237.440660     21.464  37.046253    11.2378    6.46972     21.284    32.7918    25.0145 0.0000e+00
 237.440666     21.791  37.046322    11.2371    6.47234     21.608    32.7924    25.0150 0.0000e+00
 237.440671     22.119  37.045124    11.2350    6.46921     21.933    32.7929    25.0158 0.0000e+00
 237.440677     22.458  37.043295    11.2321    6.47434     22.269    32.7935    25.0169 0.0000e+00
 237.440683     22.810  37.040628    11.2281    6.46297     22.618    32.7943    25.0182 0.0000e+00
 237.440689     23.176  37.036919    11.2231    6.46146     22.981    32.7950    25.0196 0.0000e+00
 237.440694     23.561  37.032818    11.2167    6.45099     23.363    32.7965    25.0219 0.0000e+00
 237.440700     23.973  37.027890    11.2089    6.44590     23.772    32.7984    25.0248 0.0000e+00
 237.440706     24.417  37.022281    11.2009    6.45701     24.212    32.7998    25.0273 0.0000e+00
 237.440712     24.887  37.016909    11.1928    6.44480     24.678    32.8015    25.0301 0.0000e+00
 237.440718     25.369  37.011328    11.1842    6.45577     25.156    32.8034    25.0332 0.0000e+00
 237.440723     25.856  37.004808    11.1758    6.44969     25.639    32.8043    25.0354 0.0000e+00
 237.440729     26.344  36.998175    11.1685    6.44507     26.122    32.8041    25.0365 0.0000e+00
 237.440735     26.835  36.992664    11.1608    6.44075     26.609    32.8053    25.0388 0.0000e+00
 237.440741     27.334  36.987081    11.1491    6.44436     27.104    32.8100    25.0446 0.0000e+00
 237.440747     27.839  36.978455    11.1303    6.44500     27.605    32.8180    25.0542 0.0000e+00
 237.440752     28.338  36.964806    11.1009    6.41683     28.100    32.8306    25.0692 0.0000e+00
 237.440758     28.829  36.944179    11.0599    6.38291     28.586    32.8466    25.0890 0.0000e+00
 237.440764     29.318  36.915974    11.0092    6.31107     29.071    32.8638    25.1114 0.0000e+00
 237.440770     29.806  36.880696    10.9449    6.21198     29.555    32.8862    25.1402 0.0000e+00
 237.440775     30.293  36.834467    10.8585    6.09647     30.038    32.9177    25.1799 0.0000e+00
 237.440781     30.786  36.769459    10.7455    5.95496     30.527    32.9544    25.2283 0.0000e+00
 237.440787     31.289  36.683644    10.6015    5.83591     31.026    32.9985    25.2877 0.0000e+00
 237.440793     31.809  36.578086    10.4227    5.71731     31.541    33.0545    25.3621 0.0000e+00
 237.440799     32.345  36.448825    10.2271    5.62584     32.073    33.1022    25.4327 0.0000e+00
 237.440804     32.884  36.308511    10.0424    5.51431     32.607    33.1288    25.4846 0.0000e+00
 237.440810     33.412  36.175786     9.8900    5.40064     33.130    33.1335    25.5137 0.0000e+00
 237.440816     33.926  36.064825     9.7870    5.31558     33.640    33.1148    25.5161 0.0000e+00
 237.440822     34.426  35.993032     9.7213    5.23211     34.136    33.1016    25.5167 0.0000e+00
 237.440828     34.921  35.948743     9.6652    5.18235     34.627    33.1078    25.5306 0.0000e+00
 237.440833     35.415  35.907639     9.6074    5.12941     35.116    33.1187    25.5486 0.0000e+00
 237.440839     35.909  35.864233     9.5481    5.05172     35.606    33.1287    25.5661 0.0000e+00
 237.440845     36.397  35.820619     9.4882    5.00693     36.090    33.1390    25.5839 0.0000e+00
 237.440851     36.875  35.777487     9.4248    4.96051     36.564    33.1530    25.6051 0.0000e+00
 237.440856     37.348  35.730568     9.3534    4.93185     37.033    33.1706    25.6304 0.0000e+00
 237.440862     37.820  35.675025     9.2788    4.90686     37.501    33.1823    25.6514 0.0000e+00
 237.440868     38.292  35.618629     9.2145    4.87491     37.969    33.1835    25.6626 0.0000e+00
 237.440874     38.755  35.573618     9.1691    4.84520     38.428    33.1789    25.6662 0.0000e+00
 237.440880     39.199  35.542742     9.1413    4.78601     38.868    33.1725    25.6657 0.0000e+00
 237.440885     39.624  35.524609     9.1190    4.74925     39.290    33.1743    25.6706 0.0000e+00
 237.440891     40.034  35.509038     9.0890    4.67473     39.696    33.1859    25.6844 0.0000e+00
 237.440897     40.438  35.485345     9.0476    4.63651     40.097    33.1997    25.7017 0.0000e+00
 237.440903     40.841  35.453318     8.9918    4.58790     40.496    33.2183    25.7250 0.0000e+00
 237.440909     41.234  35.412286     8.9214    4.53039     40.886    33.2412    25.7540 0.0000e+00
 237.440914     41.604  35.359094     8.8524    4.53603     41.253    33.2501    25.7717 0.0000e+00
 237.440920     41.944  35.305204     8.7925    4.51779     41.590    33.2497    25.7807 0.0000e+00
 237.440926     42.254  35.261704     8.7365    4.48765     41.897    33.2566    25.7948 0.0000e+00
 237.440932     42.536  35.222145     8.7052    4.43727     42.177    33.2444    25.7900 0.0000e+00
 237.440937     42.784  35.200467     8.7314    4.42505     42.423    33.1970    25.7489 0.0000e+00
 237.440943     42.987  35.223801     8.7914    4.42544     42.624    33.1651    25.7146 0.0000e+00
 237.440949     43.149  35.270545     8.8092    4.42632     42.784    33.1973    25.7371 0.0000e+00
 237.440955     43.276  35.275770     8.7622    4.41485     42.910    33.2467    25.7831 -9.990e-29
 237.440961     43.369  35.227950     8.6979    4.37854     43.003    33.2570    25.8010 -9.990e-29
 237.440966     43.432  35.177118     8.6530    4.35079     43.065    33.2458    25.7992 -9.990e-29
 237.440972     43.487  35.147409     8.6319    4.35095     43.120    33.2344    25.7935 -9.990e-29
 237.440978     43.560  35.134502     8.6261    4.35496     43.192    33.2262    25.7880 -9.990e-29
 237.440984     43.653  35.132386     8.6253    4.36641     43.284    33.2247    25.7869 -9.990e-29
 237.440990     43.749  35.132058     8.6262    4.33360     43.379    33.2235    25.7858 -9.990e-29
 237.440995     43.826  35.131389     8.6310    4.30828     43.456    33.2182    25.7810 -9.990e-29
 237.441001     43.878  35.135080     8.6465    4.29920     43.507    33.2075    25.7702 -9.990e-29
 237.441007     43.903  35.148603     8.6755    4.28569     43.532    33.1945    25.7555 -9.990e-29
 237.441013     43.907  35.171480     8.7025    4.36323     43.536    33.1932    25.7503 -9.990e-29
 237.441019     43.895  35.189919     8.7080    4.36881     43.524    33.2073    25.7606 -9.990e-29
 237.441024     43.865  35.190947     8.6887    4.38790     43.494    33.2266    25.7786 -9.990e-29
 237.441030     43.817  35.173687     8.6578    4.37876     43.447    33.2375    25.7919 -9.990e-29
 237.441036     43.750  35.149312     8.6325    4.33457     43.380    33.2357    25.7944 -9.990e-29
 237.441042     43.671  35.130715     8.6213    4.34407     43.302    33.2267    25.7891 -9.990e-29
 237.441047     43.572  35.123352     8.6221    4.30854     43.204    33.2183    25.7823 -9.990e-29
 237.441053     43.440  35.125799     8.6289    4.30643     43.073    33.2145    25.7784 0.0000e+00
 237.441059     43.262  35.131217     8.6422    4.32629     42.896    33.2078    25.7710 0.0000e+00
 237.441065     43.036  35.140094     8.6650    4.35289     42.672    33.1958    25.7582 0.0000e+00
 237.441071     42.771  35.157531     8.6945    4.39525     42.410    33.1866    25.7464 0.0000e+00
 237.441076     42.487  35.180985     8.7319    4.41858     42.128    33.1762    25.7325 0.0000e+00
 237.441082     42.195  35.205848     8.7793    4.45276     41.839    33.1580    25.7109 0.0000e+00
 237.441088     41.893  35.235558     8.8284    4.48708     41.539    33.1433    25.6918 0.0000e+00
 237.441094     41.567  35.266559     8.8817    4.52591     41.216    33.1260    25.6700 0.0000e+00
 237.441100     41.200  35.301505     8.9490    4.56509     40.852    33.0999    25.6391 0.0000e+00
 237.441105     40.790  35.353914     9.0163    4.59938     40.446    33.0920    25.6224 0.0000e+00
 237.441111     40.345  35.406773     9.0711    4.64523     40.004    33.0962    25.6170 0.0000e+00
 237.441117     39.876  35.445915     9.1190    4.67754     39.539    33.0925    25.6066 0.0000e+00
 237.441123     39.401  35.479809     9.1644    4.71528     39.068    33.0857    25.5941 0.0000e+00
 237.441128     38.930  35.512724     9.1990    4.72825     38.601    33.0879    25.5903 0.0000e+00
 237.441134     38.470  35.535849     9.2111    4.73435     38.145    33.1008    25.5985 0.0000e+00
 237.441140     38.024  35.537973     9.2177    4.73227     37.703    33.0971    25.5946 0.0000e+00
 237.441146     37.600  35.536500     9.2459    4.72834     37.283    33.0696    25.5686 0.0000e+00
 237.441152     37.199  35.554687     9.2891    4.75655     36.885    33.0486    25.5453 0.0000e+00
 237.441157     36.819  35.588742     9.3216    4.78698     36.508    33.0539    25.5442 0.0000e+00
 237.441163     36.451  35.619038     9.3327    4.82030     36.144    33.0751    25.5590 0.0000e+00
 237.441169     36.090  35.635517     9.3347    4.84322     35.786    33.0904    25.5706 0.0000e+00
 237.441175     35.729  35.648002     9.3511    4.82663     35.428    33.0883    25.5663 0.0000e+00
 237.441181     35.360  35.667532     9.4042    4.84041     35.062    33.0595    25.5353 0.0000e+00
 237.441186     34.966  35.705191     9.4898    4.86924     34.671    33.0194    25.4902 0.0000e+00
 237.441192     34.544  35.762975     9.5713    4.91765     34.253    33.0039    25.4648 0.0000e+00
 237.441198     34.111  35.816090     9.6203    5.00069     33.824    33.0135    25.4644 0.0000e+00
 237.441204     33.685  35.842874     9.6446    5.05576     33.401    33.0188    25.4645 0.0000e+00
 237.441209     33.274  35.852706     9.6776    5.12204     32.994    32.9988    25.4434 0.0000e+00
 237.441215     32.874  35.873281     9.7460    5.18020     32.597    32.9573    25.3998 0.0000e+00
 237.441221     32.475  35.919701     9.8764    5.26114     32.201    32.8856    25.3224 0.0000e+00
 237.441227     32.075  36.018541    10.0662    5.39696     31.805    32.8135    25.2345 0.0000e+00
 237.441233     31.677  36.174328    10.2336    5.54668     31.410    32.8195    25.2110 0.0000e+00
 237.441238     31.287  36.301008    10.3259    5.65844     31.024    32.8638    25.2299 0.0000e+00
 237.441244     30.901  36.355036    10.3869    5.73318     30.641    32.8631    25.2190 0.0000e+00
 237.441250     30.511  36.392782    10.4925    5.80455     30.254    32.8059    25.1564 0.0000e+00
 237.441256     30.114  36.475240    10.6593    5.89962     29.860    32.7387    25.0752 0.0000e+00
 237.441262     29.715  36.608061    10.8066    6.00732     29.465    32.7393    25.0501 0.0000e+00
 237.441267     29.323  36.718281    10.8825    6.09843     29.076    32.7811    25.0693 0.0000e+00
 237.441273     28.943  36.764495    10.9140    6.14098     28.699    32.7990    25.0777 0.0000e+00
 237.441279     28.572  36.778074    10.9299    6.18950     28.332    32.7984    25.0744 0.0000e+00
 237.441285     28.208  36.783863    10.9563    6.21835     27.971    32.7807    25.0560 0.0000e+00
 237.441291     27.854  36.799676    11.0032    6.24838     27.620    32.7546    25.0274 0.0000e+00
 237.441296     27.508  36.834263    11.0486    6.27303     27.277    32.7485    25.0146 0.0000e+00
 237.441302     27.166  36.869819    11.0780    6.29951     26.938    32.7576    25.0165 0.0000e+00
 237.441308     26.822  36.893202    11.0972    6.32822     26.596    32.7637    25.0178 0.0000e+00
 237.441314     26.473  36.909246    11.1130    6.34626     26.250    32.7657    25.0165 0.0000e+00
 237.441319     26.114  36.922525    11.1285    6.37240     25.894    32.7651    25.0133 0.0000e+00
 237.441325     25.742  36.934487    11.1440    6.37449     25.526    32.7633    25.0091 0.0000e+00
 237.441331     25.360  36.946505    11.1586    6.38491     25.147    32.7623    25.0058 0.0000e+00
 237.441337     24.970  36.958906    11.1716    6.39772     24.760    32.7631    25.0041 0.0000e+00
 237.441343     24.572  36.969163    11.1823    6.39431     24.365    32.7639    25.0028 0.0000e+00
 237.441348     24.166  36.975818    11.1919    6.40705     23.963    32.7621    24.9996 0.0000e+00
 237.441354     23.758  36.982140    11.2010    6.39952     23.558    32.7604    24.9967 0.0000e+00
 237.441360     23.350  36.989833    11.2080    6.39529     23.154    32.7619    24.9966 0.0000e+00
 237.441366     22.943  36.996260    11.2115    6.39454     22.750    32.7653    24.9986 0.0000e+00
 237.441372     22.541  36.998779    11.2125    6.39431     22.352    32.7671    24.9998 0.0000e+00
