data/oxygen options/OCNMS/OCNMS2/raw_data/2004/CTD_TH30_802404faed.cnv
* Sea-Bird SBE19 Data File:
* FileName = C:\WINDOWS\Desktop\put hypoxia files here\CTD data\August 24_25-04\TH\TH30_802404.hex
* Software Version 1.1.4
* Temperature SN = 2997
* Conductivity SN = 2997
* System UpLoad Time = Aug 24 2004 16:21:19
* SEACAT PROFILER V3.1c SN 2997   08/24/04  16:22:14.371
* strain gauge pressure sensor: S/N = 184829,  range = 3000 psia,  tc = 40
# nquan = 9                                 
# nvalues = 533                         
# units = specified
# name 0 = timeJ: Julian Days
# name 1 = prSM: Pressure, Strain Gauge [db]
# name 2 = c0mS/cm: Conductivity [mS/cm]
# name 3 = t090C: Temperature [ITS-90, deg C]
# name 4 = oxML/L: Oxygen, Beckman/YSI [ml/l]
# name 5 = depSM: Depth [salt water, m], lat = 47.5
# name 6 = sal00: Salinity, Practical [PSU]
# name 7 = sigma-é00: Density [sigma-theta, kg/m^3]
# name 8 = flag: flag
# span 0 = 237.644711, 237.647789       
# span 1 =     -5.018,     30.211       
# span 2 =   2.264342,  40.077472       
# span 3 =     8.6462,    15.6016       
# span 4 =   -0.04359,   29.27261       
# span 5 =     -4.976,     29.957       
# span 6 =     1.4403,    33.2931       
# span 7 =     0.1221,    25.8205       
# span 8 = 0.0000e+00, 0.0000e+00       
# interval = seconds: 0.5
# start_time = Aug 24 2004 15:28:23 [Instrument's time stamp, header]
# bad_flag = -9.990e-29
*END*
[from data line 481]
 237.647494     17.301  37.088138    11.3953    6.17349     17.156    32.6949    24.9107 0.0000e+00
 237.647500     16.819  37.112253    11.4424    6.23347     16.678    32.6771    24.8883 0.0000e+00
 237.647506     16.316  37.151981    11.5295    6.31240     16.179    32.6393    24.8432 0.0000e+00
 237.647512     15.787  37.227764    11.6450    6.39592     15.655    32.6118    24.8007 0.0000e+00
 237.647517     15.223  37.328747    11.7615    6.47222     15.095    32.6080    24.7764 0.0000e+00
 237.647523     14.628  37.427654    11.8475    6.55028     14.505    32.6288    24.7767 0.0000e+00
 237.647529     14.023  37.488902    11.8993    6.60183     13.905    32.6431    24.7781 0.0000e+00
 237.647535     13.438  37.519472    11.9531    6.67176     13.325    32.6258    24.7547 0.0000e+00
 237.647541     12.892  37.564192    12.0114    6.77429     12.784    32.6182    24.7379 0.0000e+00
 237.647546     12.373  37.609234    12.0765    6.88328     12.269    32.6050    24.7155 0.0000e+00
 237.647552     11.845  37.651857    12.1743    7.04598     11.746    32.5611    24.6630 0.0000e+00
 237.647558     11.294  37.729832    12.2991    7.23028     11.199    32.5277    24.6136 0.0000e+00
 237.647564     10.732  37.839462    12.4291    7.43871     10.642    32.5203    24.5831 0.0000e+00
 237.647569     10.173  37.952531    12.5663    7.66699     10.088    32.5098    24.5488 0.0000e+00
 237.647575      9.618  38.068965    12.7492    7.90933      9.538    32.4631    24.4773 0.0000e+00
 237.647581      9.060  38.221769    12.9921    8.19857      8.984    32.3996    24.3808 0.0000e+00
 237.647587      8.502  38.417285    13.2350    8.48328      8.431    32.3765    24.3151 0.0000e+00
 237.647593      7.957  38.608877    13.4170    8.73458      7.890    32.4013    24.2981 0.0000e+00
 237.647598      7.436  38.749736    13.5437    8.89211      7.374    32.4254    24.2913 0.0000e+00
 237.647604      6.941  38.848237    13.6688    8.95405      6.883    32.4112    24.2550 0.0000e+00
 237.647610      6.467  38.954977    13.8241    8.98252      6.413    32.3792    24.1987 0.0000e+00
 237.647616      6.012  39.092253    13.9729    9.04004      5.962    32.3808    24.1695 0.0000e+00
 237.647622      5.583  39.218743    14.0684    9.10637      5.536    32.4172    24.1779 0.0000e+00
 237.647627      5.182  39.288853    14.1103    9.17287      5.139    32.4466    24.1920 0.0000e+00
 237.647633      4.805  39.310828    14.1319    9.29468      4.765    32.4488    24.1892 0.0000e+00
 237.647639      4.440  39.324084    14.1708    9.39755      4.403    32.4284    24.1654 0.0000e+00
 237.647645      4.083  39.362570    14.2404    9.46645      4.049    32.4054    24.1332 0.0000e+00
 237.647650      3.739  39.424868    14.3485    9.44988      3.708    32.3720    24.0849 0.0000e+00
 237.647656      3.409  39.494195    14.5106    9.38404      3.381    32.3001    23.9954 0.0000e+00
 237.647662      3.089  39.588391    14.6950    9.17765      3.063    32.2327    23.9045 0.0000e+00
 237.647668      2.789  39.707968    14.8421    8.82298      2.766    32.2193    23.8630 0.0000e+00
 237.647674      2.510  39.808190    14.9321    8.76495      2.489    32.2356    23.8563 0.0000e+00
 237.647679      2.249  39.867329    14.9751    8.69303      2.230    32.2535    23.8609 0.0000e+00
 237.647685      2.009  39.894137    14.9852    8.68484      1.992    32.2695    23.8710 0.0000e+00
 237.647691      1.793  39.896884    14.9782    8.53221      1.778    32.2778    23.8789 0.0000e+00
 237.647697      1.595  39.884290    14.9636    9.14059      1.582    32.2786    23.8826 0.0000e+00
 237.647703      1.412  39.861441    14.9372    8.13838      1.400    32.2799    23.8893 0.0000e+00
 237.647708      1.240  39.828727    14.8932    7.29823      1.230    32.2868    23.9040 0.0000e+00
 237.647714      1.082  39.793020    14.8400    6.79739      1.073    32.2986    23.9245 0.0000e+00
 237.647720      0.939  39.751590    14.7880    6.68686      0.931    32.3043    23.9399 0.0000e+00
 237.647726      0.813  39.680043    14.7291    6.69844      0.806    32.2884    23.9402 -9.990e-29
 237.647731      0.702  39.529539    14.6533    6.78663      0.696    32.2147    23.8994 -9.990e-29
 237.647737      0.605  39.181304    14.5677 -9.990e-29      0.600    31.9691    23.7282 -9.990e-29
 237.647743      0.520  38.275362    14.4868 -9.990e-29      0.516    31.2122    23.1617 -9.990e-29
 237.647749      0.449  35.699146    14.4225 -9.990e-29      0.445    28.9346    21.4203 -9.990e-29
 237.647755      0.393  28.208979    14.3823 -9.990e-29      0.390    22.3299    16.3485 -9.990e-29
 237.647760      0.347  17.061204    14.3627 -9.990e-29      0.344    12.8931     9.1098 -9.990e-29
 237.647766      0.310   9.314292    14.3534 -9.990e-29      0.307     6.7015     4.3606 -9.990e-29
 237.647772      0.278   6.048488    14.3474 -9.990e-29      0.276     4.2178     2.4528 -9.990e-29
 237.647778      0.250   4.410781    14.3432 -9.990e-29      0.248     3.0118     1.5251 -9.990e-29
 237.647784      0.229   3.511807    14.3416 -9.990e-29      0.227     2.3640     1.0261 -9.990e-29
 237.647789      0.220   2.950098 -9.990e-29 -9.990e-29      0.218 -9.990e-29 -9.990e-29 -9.990e-29
