data/oxygen options/OCNMS/OCNMS2/raw_data/2004/CTD_CE40_100404faed.cnv
* Sea-Bird SBE19 Data File:
* FileName = C:\WINDOWS\Desktop\put hypoxia files here\CTD data\October 04_05-04\raw\CE40_100404.hex
* Software Version 1.1.4
* Temperature SN = 2997
* Conductivity SN = 2997
* System UpLoad Time = Oct 04 2004 15:23:49
* SEACAT PROFILER V3.1c SN 2997   10/04/04  15:27:39.570
* strain gauge pressure sensor: S/N = 184829,  range = 3000 psia,  tc = 40
# nquan = 9                                 
# nvalues = 570                         
# units = specified
# name 0 = timeJ: Julian Days
# name 1 = prSM: Pressure, Strain Gauge [db]
# name 2 = c0mS/cm: Conductivity [mS/cm]
# name 3 = t090C: Temperature [ITS-90, deg C]
# name 4 = oxML/L: Oxygen, Beckman/YSI [ml/l]
# name 5 = depSM: Depth [salt water, m], lat = 47.5
# name 6 = sal00: Salinity, Practical [PSU]
# name 7 = sigma-é00: Density [sigma-theta, kg/m^3]
# name 8 = flag: flag
# span 0 = 278.605081, 278.608374       
# span 1 =     -4.839,     41.986       
# span 2 =   1.031436,  38.595224       
# span 3 =     7.8015,    17.0718       
# span 4 =   -0.04353,   27.74724       
# span 5 =     -4.799,     41.631       
# span 6 =     0.6099,    33.5331       
# span 7 =    -0.7557,    26.1511       
# span 8 = 0.0000e+00, 0.0000e+00       
# interval = seconds: 0.5
# start_time = Oct 04 2004 14:31:19 [Instrument's time stamp, header]
# bad_flag = -9.990e-29
*END*
[from data line 321]
 278.606939      1.299  38.202466    15.5877    7.02802      1.288    30.2814    22.2117 -9.990e-29
 278.606944      1.304  38.203326    15.5872    7.02993      1.293    30.2826    22.2127 -9.990e-29
 278.606950      1.310  38.202899    15.5857    7.02239      1.299    30.2833    22.2136 -9.990e-29
 278.606956      1.316  38.201740    15.5851    7.01957      1.305    30.2828    22.2133 -9.990e-29
 278.606962      1.319  38.201111    15.5868    7.01103      1.308    30.2809    22.2115 -9.990e-29
 278.606968      1.314  38.202417    15.5903    7.01230      1.303    30.2794    22.2096 -9.990e-29
 278.606973      1.307  38.205720    15.5935    7.02203      1.296    30.2798    22.2092 -9.990e-29
 278.606979      1.299  38.208696    15.5944    7.02416      1.288    30.2818    22.2105 -9.990e-29
 278.606985      1.292  38.209148    15.5931    7.02591      1.281    30.2832    22.2119 -9.990e-29
 278.606991      1.284  38.207682    15.5921    7.02462      1.273    30.2827    22.2117 -9.990e-29
 278.606997      1.279  38.206833    15.5935    7.01608      1.268    30.2808    22.2100 -9.990e-29
 278.607002      1.282  38.208274    15.5962    7.00883      1.271    30.2800    22.2088 -9.990e-29
 278.607008      1.288  38.210565    15.5978    7.00399      1.277    30.2808    22.2090 -9.990e-29
 278.607014      1.293  38.211717    15.5971    7.00999      1.282    30.2824    22.2104 -9.990e-29
 278.607020      1.297  38.211587    15.5940    7.01470      1.286    30.2846    22.2128 -9.990e-29
 278.607025      1.302  38.209444    15.5905    7.01887      1.291    30.2854    22.2142 -9.990e-29
 278.607031      1.306  38.205797    15.5898    7.02527      1.295    30.2827    22.2123 -9.990e-29
 278.607037      1.311  38.204197    15.5912    7.02847      1.300    30.2803    22.2100 -9.990e-29
 278.607043      1.317  38.205317    15.5925    7.02404      1.306    30.2802    22.2098 -9.990e-29
 278.607049      1.323  38.206726    15.5933    7.01561      1.312    30.2809    22.2101 -9.990e-29
 278.607054      1.332  38.207502    15.5934    7.00942      1.321    30.2815    22.2105 -9.990e-29
 278.607060      1.342  38.207562    15.5922    7.01034      1.331    30.2824    22.2115 -9.990e-29
 278.607066      1.350  38.206426    15.5894    7.01021      1.339    30.2836    22.2130 -9.990e-29
 278.607072      1.353  38.204263    15.5862    7.01759      1.342    30.2841    22.2141 -9.990e-29
 278.607078      1.355  38.202119    15.5849    7.02221      1.344    30.2832    22.2137 -9.990e-29
 278.607083      1.361  38.201622    15.5869    7.02386      1.350    30.2813    22.2118 -9.990e-29
 278.607089      1.367  38.203794    15.5903    7.01327      1.356    30.2806    22.2105 -9.990e-29
 278.607095      1.368  38.206487    15.5934    7.00145      1.357    30.2806    22.2098 -9.990e-29
 278.607101      1.369  38.208245    15.5958    6.98807      1.358    30.2803    22.2091 -9.990e-29
 278.607106      1.374  38.210296    15.5946    6.99386      1.363    30.2830    22.2114 -9.990e-29
 278.607112      1.384  38.209770    15.5888    6.99705      1.372    30.2870    22.2157 -9.990e-29
 278.607118      1.400  38.204286    15.5825    7.01240      1.388    30.2870    22.2171 -9.990e-29
 278.607124      1.417  38.198314    15.5797    7.01649      1.405    30.2839    22.2153 -9.990e-29
 278.607130      1.429  38.196226    15.5806    7.02005      1.417    30.2813    22.2132 -9.990e-29
 278.607135      1.432  38.197484    15.5828    7.00912      1.420    30.2807    22.2122 -9.990e-29
 278.607141      1.431  38.199280    15.5840    7.00105      1.419    30.2814    22.2125 -9.990e-29
 278.607147      1.434  38.200086    15.5834    6.99137      1.422    30.2826    22.2135 -9.990e-29
 278.607153      1.446  38.199297    15.5807    6.99374      1.434    30.2840    22.2152 -9.990e-29
 278.607159      1.462  38.196987    15.5761    7.00769      1.450    30.2854    22.2173 -9.990e-29
 278.607164      1.476  38.193442    15.5718    7.02125      1.464    30.2856    22.2184 -9.990e-29
 278.607170      1.484  38.190107    15.5716    7.02101      1.472    30.2828    22.2163 -9.990e-29
 278.607176      1.487  38.190947    15.5757    7.00953      1.475    30.2804    22.2135 -9.990e-29
 278.607182      1.484  38.197083    15.5809    7.00537      1.472    30.2818    22.2135 -9.990e-29
 278.607188      1.481  38.203800    15.5849    7.00387      1.469    30.2847    22.2148 -9.990e-29
 278.607193      1.484  38.206601    15.5864    7.01754      1.472    30.2860    22.2155 -9.990e-29
 278.607199      1.495  38.205854    15.5843    7.02148      1.483    30.2870    22.2167 -9.990e-29
 278.607205      1.502  38.202783    15.5810    7.02105      1.489    30.2868    22.2173 -9.990e-29
 278.607211      1.495  38.198864    15.5791    7.00585      1.483    30.2848    22.2161 -9.990e-29
 278.607216      1.480  38.196123    15.5790    6.98930      1.468    30.2824    22.2144 -9.990e-29
 278.607222      1.463  38.195357    15.5801    6.98773      1.451    30.2809    22.2130 -9.990e-29
 278.607228      1.452  38.196631    15.5794    6.99566      1.440    30.2826    22.2144 -9.990e-29
 278.607234      1.450  38.196562    15.5741    7.01056      1.438    30.2866    22.2186 -9.990e-29
 278.607240      1.459  38.192222    15.5678    7.02226      1.447    30.2876    22.2208 -9.990e-29
 278.607245      1.473  38.186763    15.5661    7.02127      1.461    30.2841    22.2184 -9.990e-29
 278.607251      1.485  38.185207    15.5694    7.00599      1.473    30.2802    22.2147 -9.990e-29
 278.607257      1.492  38.188247    15.5750    7.00134      1.480    30.2786    22.2123 -9.990e-29
 278.607263      1.499  38.193171    15.5788    6.99758      1.486    30.2800    22.2125 -9.990e-29
 278.607269      1.513  38.196416    15.5782    6.99542      1.500    30.2833    22.2152 -9.990e-29
 278.607274      1.537  38.195546    15.5745    6.99767      1.524    30.2854    22.2176 -9.990e-29
 278.607280      1.563  38.192173    15.5707    6.99888      1.550    30.2853    22.2184 -9.990e-29
 278.607286      1.589  38.189052    15.5692    7.00063      1.576    30.2837    22.2175 -9.990e-29
 278.607292      1.616  38.187596    15.5701    6.99932      1.603    30.2817    22.2157 -9.990e-29
 278.607297      1.646  38.188070    15.5721    7.00826      1.632    30.2806    22.2144 -9.990e-29
 278.607303      1.686  38.189950    15.5735    7.01819      1.672    30.2811    22.2146 -9.990e-29
 278.607309      1.736  38.191784    15.5735    7.02676      1.722    30.2827    22.2158 -9.990e-29
 278.607315      1.794  38.192055    15.5734    7.03588      1.779    30.2830    22.2161 -9.990e-29
 278.607321      1.861  38.191651    15.5751    7.03808      1.845    30.2814    22.2144 -9.990e-29
 278.607326      1.947  38.192802    15.5783    7.02379      1.931    30.2799    22.2126 -9.990e-29
 278.607332      2.061  38.195886    15.5798    7.00409      2.044    30.2814    22.2134 -9.990e-29
 278.607338      2.214  38.197694    15.5766    6.99655      2.196    30.2854    22.2172 0.0000e+00
 278.607344      2.418  38.194993    15.5668    6.98387      2.398    30.2905    22.2232 0.0000e+00
 278.607350      2.679  38.186952    15.5493    6.97594      2.657    30.2967    22.2318 0.0000e+00
 278.607355      2.998  38.173469    15.5264    6.97788      2.973    30.3023    22.2411 0.0000e+00
 278.607361      3.370  38.157840    15.4994    6.97542      3.342    30.3091    22.2522 0.0000e+00
 278.607367      3.787  38.141618    15.4670    6.98479      3.755    30.3196    22.2672 0.0000e+00
 278.607373      4.238  38.120518    15.4333    6.98771      4.203    30.3267    22.2799 0.0000e+00
 278.607378      4.712  38.098331    15.4067    7.00487      4.673    30.3274    22.2862 0.0000e+00
 278.607384      5.207  38.087489    15.3897    7.02030      5.163    30.3307    22.2924 0.0000e+00
 278.607390      5.719  38.091438    15.3793    7.03209      5.671    30.3421    22.3034 0.0000e+00
 278.607396      6.246  38.104747    15.3708    7.05075      6.194    30.3602    22.3192 0.0000e+00
 278.607402      6.783  38.121568    15.3601    7.02412      6.726    30.3832    22.3392 0.0000e+00
 278.607407      7.326  38.136249    15.3446    6.91821      7.265    30.4080    22.3616 0.0000e+00
 278.607413      7.875  38.150944    15.3196    6.75046      7.809    30.4402    22.3918 0.0000e+00
 278.607419      8.427  38.180160    15.2687    6.56872      8.356    30.5055    22.4528 0.0000e+00
 278.607425      8.977  38.249352    15.1706    6.40935      8.902    30.6433    22.5798 0.0000e+00
 278.607431      9.527  38.367736    15.0222    6.32250      9.447    30.8654    22.7823 0.0000e+00
 278.607436     10.073  38.483930    14.8420    6.28549      9.989    31.1125    23.0107 0.0000e+00
 278.607442     10.612  38.539128    14.6372    6.26368     10.523    31.3263    23.2185 0.0000e+00
 278.607448     11.146  38.539564    14.4112    6.23915     11.053    31.5095    23.4069 0.0000e+00
 278.607454     11.681  38.510428    14.2001    6.17700     11.583    31.6551    23.5629 0.0000e+00
 278.607459     12.212  38.463837    14.0299    6.11836     12.110    31.7521    23.6727 0.0000e+00
 278.607465     12.738  38.413865    13.8759    6.07535     12.631    31.8332    23.7667 0.0000e+00
 278.607471     13.263  38.361106    13.7012    6.03639     13.152    31.9294    23.8764 0.0000e+00
 278.607477     13.786  38.292917    13.5032    5.97903     13.670    32.0315    23.9951 0.0000e+00
 278.607483     14.310  38.204688    13.3072    5.91632     14.190    32.1138    24.0977 0.0000e+00
 278.607488     14.834  38.106581    13.1317    5.82433     14.710    32.1699    24.1759 0.0000e+00
 278.607494     15.348  38.012963    12.9603    5.68268     15.219    32.2271    24.2537 0.0000e+00
 278.607500     15.852  37.917266    12.7684    5.51886     15.719    32.3002    24.3476 0.0000e+00
 278.607506     16.351  37.810156    12.5697    5.32278     16.214    32.3686    24.4389 0.0000e+00
 278.607512     16.851  37.709139    12.3780    5.14473     16.710    32.4372    24.5286 0.0000e+00
 278.607517     17.359  37.610117    12.1801    4.99224     17.213    32.5136    24.6252 0.0000e+00
 278.607523     17.877  37.485291    11.9653    4.84430     17.727    32.5802    24.7171 0.0000e+00
 278.607529     18.403  37.334141    11.7368    4.66656     18.249    32.6336    24.8009 0.0000e+00
 278.607535     18.936  37.171510    11.4930    4.49853     18.777    32.6895    24.8889 0.0000e+00
 278.607541     19.476  36.999165    11.2105    4.33525     19.313    32.7705    25.0028 0.0000e+00
 278.607546     20.024  36.796942    10.8747    4.13500     19.856    32.8702    25.1399 0.0000e+00
 278.607552     20.576  36.559777    10.5013    3.92757     20.403    32.9698    25.2823 0.0000e+00
 278.607558     21.127  36.302721    10.1233    3.73010     20.950    33.0542    25.4125 0.0000e+00
 278.607564     21.683  36.042865     9.7640    3.55314     21.501    33.1190    25.5229 0.0000e+00
 278.607569     22.246  35.801392     9.4241    3.45490     22.059    33.1849    25.6299 0.0000e+00
 278.607575     22.807  35.575212     9.1240    3.38955     22.615    33.2298    25.7130 0.0000e+00
 278.607581     23.365  35.374885     8.8994    3.35284     23.169    33.2309    25.7491 0.0000e+00
 278.607587     23.916  35.230303     8.7529    3.33663     23.715    33.2167    25.7607 0.0000e+00
 278.607593     24.452  35.138056     8.6620    3.33282     24.246    33.2051    25.7656 0.0000e+00
 278.607598     24.969  35.077652     8.6041    3.31819     24.759    33.1957    25.7671 0.0000e+00
 278.607604     25.469  35.035196     8.5611    3.28834     25.255    33.1913    25.7702 0.0000e+00
 278.607610     25.964  35.002237     8.5235    3.24644     25.746    33.1917    25.7762 0.0000e+00
 278.607616     26.462  34.975704     8.4930    3.17932     26.239    33.1922    25.7813 0.0000e+00
 278.607622     26.967  34.960537     8.4652    3.10479     26.740    33.2022    25.7933 0.0000e+00
 278.607627     27.475  34.952725     8.4267    3.02770     27.244    33.2300    25.8209 0.0000e+00
 278.607633     27.984  34.937330     8.3694    2.95608     27.749    33.2676    25.8590 0.0000e+00
 278.607639     28.493  34.907801     8.2946    2.91224     28.253    33.3069    25.9011 0.0000e+00
 278.607645     29.000  34.865644     8.2096    2.87926     28.756    33.3426    25.9417 0.0000e+00
 278.607650     29.507  34.815697     8.1260    2.84987     29.259    33.3687    25.9747 0.0000e+00
 278.607656     30.020  34.769223     8.0549    2.84458     29.767    33.3867    25.9993 0.0000e+00
 278.607662     30.547  34.737628     7.9970    2.83552     30.290    33.4080    26.0245 0.0000e+00
 278.607668     31.090  34.719654     7.9483    2.83653     30.828    33.4350    26.0529 0.0000e+00
 278.607674     31.642  34.708663     7.9083    2.83652     31.376    33.4613    26.0794 0.0000e+00
 278.607679     32.195  34.702288     7.8778    2.80889     31.924    33.4835    26.1012 0.0000e+00
 278.607685     32.746  34.698714     7.8556    2.79667     32.470    33.5007    26.1179 0.0000e+00
 278.607691     33.286  34.695936     7.8398    2.78012     33.006    33.5126    26.1296 0.0000e+00
 278.607697     33.815  34.693015     7.8291    2.75500     33.530    33.5195    26.1366 0.0000e+00
 278.607703     34.342  34.690503     7.8228    2.74594     34.053    33.5226    26.1400 0.0000e+00
 278.607708     34.870  34.688937     7.8191    2.73758     34.576    33.5242    26.1418 0.0000e+00
 278.607714     35.399  34.687876     7.8159    2.73193     35.101    33.5259    26.1436 0.0000e+00
 278.607720     35.927  34.686991     7.8127    2.73388     35.624    33.5278    26.1455 0.0000e+00
 278.607726     36.450  34.686188     7.8096    2.71199     36.143    33.5297    26.1474 0.0000e+00
 278.607731     36.967  34.685483     7.8070    2.70678     36.655    33.5312    26.1490 0.0000e+00
 278.607737     37.480  34.685023     7.8049    2.70506     37.164    33.5324    26.1503 0.0000e+00
 278.607743     37.988  34.684721     7.8036    2.69457     37.667    33.5331    26.1511 0.0000e+00
 278.607749     38.489  34.684138     7.8028    2.69170     38.164    33.5330    26.1511 0.0000e+00
 278.607755     38.976  34.683024     7.8021    2.67140     38.647    33.5323    26.1506 0.0000e+00
 278.607760     39.442  34.681541     7.8016    2.66775     39.109    33.5309    26.1496 0.0000e+00
 278.607766     39.886  34.680479     7.8015    2.66174     39.549    33.5297    26.1487 0.0000e+00
 278.607772     40.307  34.680070     7.8019    2.65961     39.967    33.5287    26.1478 0.0000e+00
 278.607778     40.692  34.679733     7.8024    2.66830     40.348    33.5276    26.1470 0.0000e+00
 278.607784     41.033  34.679546     7.8034    2.66566     40.686    33.5263    26.1458 0.0000e+00
 278.607789     41.324  34.679787     7.8058    2.66992     40.975    33.5241    26.1437 0.0000e+00
 278.607795     41.559  34.680745     7.8101    2.66217     41.208    33.5209    26.1406 0.0000e+00
 278.607801     41.735  34.683104     7.8163    2.65895     41.382    33.5174    26.1369 0.0000e+00
 278.607807     41.860  34.687172     7.8232    2.65112     41.506    33.5151    26.1341 -9.990e-29
 278.607813     41.941  34.691619     7.8283    2.64033     41.587    33.5149    26.1332 -9.990e-29
 278.607818     41.983  34.694497     7.8306    2.63078     41.628    33.5158    26.1336 -9.990e-29
 278.607824     41.986  34.695129     7.8301    2.62750     41.631    33.5169    26.1345 -9.990e-29
 278.607830     41.944  34.693765     7.8269    2.62897     41.590    33.5186    26.1363 -9.990e-29
 278.607836     41.863  34.690798     7.8223    2.63900     41.509    33.5198    26.1380 -9.990e-29
 278.607841     41.748  34.686724     7.8188    2.64026     41.395    33.5189    26.1377 -9.990e-29
 278.607847     41.591  34.682805     7.8174    2.63582     41.240    33.5161    26.1357 0.0000e+00
 278.607853     41.385  34.680507     7.8170    2.63949     41.035    33.5141    26.1342 0.0000e+00
