data/oxygen options/OCNMS/OCNMS2/raw_data/2004/CTD_CA100_082404faed.cnv
* Sea-Bird SBE19 Data File:
* FileName = C:\WINDOWS\Desktop\put hypoxia files here\CTD data\August 24_25-04\CA100_082404.hex
* Software Version 1.1.4
* Temperature SN = 2997
* Conductivity SN = 2997
* System UpLoad Time = Aug 24 2004 12:42:06
* SEACAT PROFILER V3.1c SN 2997   08/24/04  12:43:33.435
* strain gauge pressure sensor: S/N = 184829,  range = 3000 psia,  tc = 40
# nquan = 9                                 
# nvalues = 888                         
# units = specified
# name 0 = timeJ: Julian Days
# name 1 = prSM: Pressure, Strain Gauge [db]
# name 2 = c0mS/cm: Conductivity [mS/cm]
# name 3 = t090C: Temperature [ITS-90, deg C]
# name 4 = oxML/L: Oxygen, Beckman/YSI [ml/l]
# name 5 = depSM: Depth [salt water, m], lat = 47.5
# name 6 = sal00: Salinity, Practical [PSU]
# name 7 = sigma-é00: Density [sigma-theta, kg/m^3]
# name 8 = flag: flag
# span 0 = 237.506528, 237.511661       
# span 1 =     -4.608,     98.845       
# span 2 =   1.796154,  39.054728       
# span 3 =     7.5843,    14.9224       
# span 4 =   -0.05298,   30.32462       
# span 5 =     -4.570,     97.997       
# span 6 =     1.1498,    33.4923       
# span 7 =     0.0147,    26.1510       
# span 8 = 0.0000e+00, 0.0000e+00       
# interval = seconds: 0.5
# start_time = Aug 24 2004 12:09:24 [Instrument's time stamp, header]
# bad_flag = -9.990e-29
*END*
[from data line 641]
 237.510237     98.750  34.476778     7.5874    3.18936     97.902    33.4884    26.1478 -9.990e-29
 237.510243     98.803  34.477317     7.5875    3.18109     97.955    33.4889    26.1481 -9.990e-29
 237.510249     98.834  34.477484     7.5877    3.18883     97.986    33.4889    26.1481 -9.990e-29
 237.510255     98.845  34.477502     7.5879    3.20855     97.997    33.4887    26.1479 -9.990e-29
 237.510260     98.839  34.477396     7.5880    3.20989     97.991    33.4885    26.1477 -9.990e-29
 237.510266     98.821  34.477023     7.5880    3.21470     97.973    33.4881    26.1474 -9.990e-29
 237.510272     98.786  34.476446     7.5880    3.20571     97.938    33.4875    26.1469 -9.990e-29
 237.510278     98.727  34.476017     7.5880    3.20349     97.880    33.4871    26.1466 -9.990e-29
 237.510284     98.645  34.475725     7.5879    3.21153     97.798    33.4869    26.1465 -9.990e-29
 237.510289     98.543  34.475181     7.5876    3.20725     97.697    33.4866    26.1463 -9.990e-29
 237.510295     98.419  34.474779     7.5870    3.20914     97.574    33.4868    26.1466 -9.990e-29
 237.510301     98.268  34.475107     7.5864    3.20689     97.425    33.4878    26.1474 0.0000e+00
 237.510307     98.100  34.475480     7.5859    3.19634     97.258    33.4888    26.1483 0.0000e+00
 237.510313     97.928  34.475275     7.5855    3.19720     97.088    33.4890    26.1485 0.0000e+00
 237.510318     97.759  34.474779     7.5851    3.20578     96.920    33.4890    26.1485 0.0000e+00
 237.510324     97.582  34.474455     7.5849    3.21918     96.745    33.4889    26.1485 0.0000e+00
 237.510330     97.383  34.474429     7.5852    3.20692     96.547    33.4887    26.1483 0.0000e+00
 237.510336     97.155  34.474667     7.5857    3.20142     96.321    33.4886    26.1481 0.0000e+00
 237.510341     96.903  34.474928     7.5860    3.19572     96.072    33.4887    26.1481 0.0000e+00
 237.510347     96.623  34.475000     7.5863    3.20359     95.794    33.4886    26.1480 0.0000e+00
 237.510353     96.306  34.474978     7.5867    3.21397     95.480    33.4883    26.1478 0.0000e+00
 237.510359     95.949  34.474833     7.5875    3.20476     95.126    33.4876    26.1470 0.0000e+00
 237.510365     95.559  34.474933     7.5886    3.20147     94.740    33.4868    26.1463 0.0000e+00
 237.510370     95.146  34.475414     7.5894    3.19636     94.330    33.4868    26.1461 0.0000e+00
 237.510376     94.717  34.475797     7.5899    3.19824     93.905    33.4869    26.1461 0.0000e+00
 237.510382     94.280  34.476035     7.5908    3.20207     93.472    33.4865    26.1457 0.0000e+00
 237.510388     93.842  34.476449     7.5923    3.18479     93.038    33.4857    26.1449 0.0000e+00
 237.510394     93.403  34.477032     7.5937    3.18056     92.603    33.4852    26.1443 0.0000e+00
 237.510399     92.963  34.477442     7.5945    3.17956     92.166    33.4851    26.1440 0.0000e+00
 237.510405     92.526  34.477666     7.5952    3.18326     91.733    33.4849    26.1438 0.0000e+00
 237.510411     92.105  34.478006     7.5959    3.18284     91.316    33.4847    26.1436 0.0000e+00
 237.510417     91.703  34.478359     7.5966    3.16271     90.917    33.4846    26.1434 0.0000e+00
 237.510422     91.314  34.478637     7.5974    3.15856     90.532    33.4844    26.1430 0.0000e+00
 237.510428     90.933  34.479210     7.5979    3.16931     90.154    33.4847    26.1432 0.0000e+00
 237.510434     90.555  34.479724     7.5983    3.17004     89.780    33.4850    26.1434 0.0000e+00
 237.510440     90.178  34.479744     7.5988    3.17639     89.406    33.4847    26.1431 0.0000e+00
 237.510446     89.796  34.479859     7.5996    3.16538     89.027    33.4843    26.1426 0.0000e+00
 237.510451     89.401  34.480221     7.6000    3.15168     88.636    33.4845    26.1427 0.0000e+00
 237.510457     88.989  34.480196     7.5998    3.15346     88.227    33.4848    26.1430 0.0000e+00
 237.510463     88.569  34.479750     7.5998    3.14660     87.811    33.4846    26.1428 0.0000e+00
 237.510469     88.153  34.479412     7.6002    3.14198     87.399    33.4840    26.1423 0.0000e+00
 237.510475     87.744  34.479295     7.6008    3.14349     86.993    33.4835    26.1418 0.0000e+00
 237.510480     87.342  34.479243     7.6011    3.15257     86.595    33.4833    26.1417 0.0000e+00
 237.510486     86.942  34.479188     7.6013    3.16096     86.198    33.4833    26.1416 0.0000e+00
 237.510492     86.540  34.479059     7.6012    3.15644     85.800    33.4834    26.1417 0.0000e+00
 237.510498     86.142  34.478688     7.6009    3.15279     85.405    33.4835    26.1418 0.0000e+00
 237.510503     85.756  34.478140     7.6008    3.13984     85.023    33.4832    26.1416 0.0000e+00
 237.510509     85.388  34.477806     7.6010    3.14838     84.658    33.4828    26.1412 0.0000e+00
 237.510515     85.035  34.477804     7.6016    3.14535     84.308    33.4824    26.1408 0.0000e+00
 237.510521     84.687  34.478134     7.6031    3.13668     83.963    33.4815    26.1399 0.0000e+00
 237.510527     84.333  34.479236     7.6054    3.13635     83.612    33.4806    26.1389 0.0000e+00
 237.510532     83.965  34.480897     7.6076    3.13464     83.247    33.4805    26.1384 0.0000e+00
 237.510538     83.587  34.481970     7.6092    3.13907     82.873    33.4803    26.1380 0.0000e+00
 237.510544     83.200  34.482208     7.6104    3.12609     82.489    33.4796    26.1373 0.0000e+00
 237.510550     82.805  34.482491     7.6115    3.12207     82.097    33.4790    26.1367 0.0000e+00
 237.510556     82.402  34.483196     7.6123    3.11226     81.698    33.4792    26.1367 0.0000e+00
 237.510561     81.993  34.483585     7.6129    3.11496     81.293    33.4792    26.1367 0.0000e+00
 237.510567     81.576  34.483616     7.6137    3.12241     80.879    33.4787    26.1361 0.0000e+00
 237.510573     81.151  34.483896     7.6151    3.12452     80.458    33.4778    26.1353 0.0000e+00
 237.510579     80.716  34.484237     7.6171    3.12808     80.027    33.4765    26.1339 0.0000e+00
 237.510584     80.274  34.484533     7.6201    3.11892     79.589    33.4741    26.1316 0.0000e+00
 237.510590     79.831  34.485181     7.6239    3.10749     79.149    33.4714    26.1289 0.0000e+00
 237.510596     79.393  34.486488     7.6272    3.10505     78.715    33.4698    26.1272 0.0000e+00
 237.510602     78.966  34.487958     7.6289    3.11562     78.292    33.4700    26.1271 0.0000e+00
 237.510608     78.549  34.488751     7.6293    3.12261     77.879    33.4706    26.1275 0.0000e+00
 237.510613     78.133  34.488806     7.6296    3.12649     77.466    33.4706    26.1275 0.0000e+00
 237.510619     77.713  34.488758     7.6311    3.11626     77.050    33.4693    26.1262 0.0000e+00
 237.510625     77.287  34.489106     7.6336    3.11694     76.628    33.4675    26.1244 0.0000e+00
 237.510631     76.859  34.489753     7.6361    3.11777     76.203    33.4660    26.1229 0.0000e+00
 237.510637     76.436  34.490443     7.6387    3.11947     75.784    33.4644    26.1213 0.0000e+00
 237.510642     76.020  34.490977     7.6416    3.11174     75.372    33.4624    26.1193 0.0000e+00
 237.510648     75.611  34.491509     7.6444    3.11376     74.966    33.4605    26.1174 0.0000e+00
 237.510654     75.213  34.492190     7.6467    3.13285     74.572    33.4592    26.1160 0.0000e+00
 237.510660     74.831  34.492810     7.6487    3.13895     74.193    33.4581    26.1149 0.0000e+00
 237.510666     74.462  34.493075     7.6507    3.14149     73.827    33.4567    26.1134 0.0000e+00
 237.510671     74.094  34.492781     7.6544    3.15166     73.462    33.4530    26.1100 0.0000e+00
 237.510677     73.715  34.492097     7.6623    3.16587     73.087    33.4448    26.1025 0.0000e+00
 237.510683     73.319  34.490671     7.6739    3.18716     72.694    33.4323    26.0910 0.0000e+00
 237.510689     72.918  34.487164     7.6852    3.21387     72.297    33.4179    26.0780 0.0000e+00
 237.510694     72.511  34.481948     7.6932    3.23443     71.893    33.4048    26.0666 0.0000e+00
 237.510700     72.093  34.477042     7.6975    3.26320     71.479    33.3956    26.0587 0.0000e+00
 237.510706     71.669  34.471510     7.6986    3.28387     71.059    33.3888    26.0532 0.0000e+00
 237.510712     71.240  34.463025     7.6971    3.30705     70.633    33.3813    26.0475 0.0000e+00
 237.510718     70.810  34.451487     7.6940    3.33857     70.207    33.3720    26.0407 0.0000e+00
 237.510723     70.381  34.437955     7.6898    3.36153     69.782    33.3617    26.0332 0.0000e+00
 237.510729     69.949  34.424012     7.6846    3.37571     69.353    33.3519    26.0262 0.0000e+00
 237.510735     69.509  34.412003     7.6801    3.39102     68.917    33.3435    26.0202 0.0000e+00
 237.510741     69.070  34.403304     7.6773    3.41393     68.482    33.3370    26.0155 0.0000e+00
 237.510747     68.634  34.397168     7.6763    3.42898     68.050    33.3316    26.0114 0.0000e+00
 237.510752     68.197  34.392715     7.6768    3.44071     67.617    33.3265    26.0074 0.0000e+00
 237.510758     67.759  34.389065     7.6797    3.44715     67.182    33.3200    26.0018 0.0000e+00
 237.510764     67.316  34.384172     7.6854    3.47052     66.743    33.3095    25.9928 0.0000e+00
 237.510770     66.863  34.377692     7.6927    3.48754     66.294    33.2958    25.9809 0.0000e+00
 237.510775     66.391  34.371648     7.6994    3.51038     65.826    33.2831    25.9700 0.0000e+00
 237.510781     65.906  34.366406     7.7044    3.54097     65.346    33.2729    25.9613 0.0000e+00
 237.510787     65.415  34.361718     7.7074    3.56928     64.859    33.2652    25.9548 0.0000e+00
 237.510793     64.925  34.358077     7.7099    3.58760     64.373    33.2592    25.9497 0.0000e+00
 237.510799     64.447  34.355690     7.7139    3.60330     63.899    33.2530    25.9442 0.0000e+00
 237.510804     63.987  34.355314     7.7199    3.61667     63.443    33.2471    25.9387 0.0000e+00
 237.510810     63.539  34.357584     7.7276    3.63126     62.999    33.2424    25.9339 0.0000e+00
 237.510816     63.098  34.361620     7.7375    3.63340     62.562    33.2375    25.9286 0.0000e+00
 237.510822     62.653  34.365534     7.7481    3.62711     62.121    33.2318    25.9226 0.0000e+00
 237.510828     62.199  34.367832     7.7552    3.64079     61.671    33.2277    25.9184 0.0000e+00
 237.510833     61.745  34.366552     7.7567    3.66379     61.221    33.2251    25.9162 0.0000e+00
 237.510839     61.293  34.360005     7.7543    3.71169     60.772    33.2206    25.9129 0.0000e+00
 237.510845     60.851  34.349007     7.7512    3.77817     60.334    33.2119    25.9066 0.0000e+00
 237.510851     60.420  34.336285     7.7509    3.83784     59.907    33.1988    25.8963 0.0000e+00
 237.510856     59.993  34.326188     7.7569    3.89446     59.484    33.1824    25.8826 0.0000e+00
 237.510862     59.562  34.320402     7.7735    3.92077     59.056    33.1606    25.8630 0.0000e+00
 237.510868     59.124  34.321875     7.7998    3.92523     58.622    33.1374    25.8410 0.0000e+00
 237.510874     58.690  34.336511     7.8265    3.92695     58.192    33.1279    25.8297 0.0000e+00
 237.510880     58.271  34.356939     7.8448    3.90731     57.777    33.1326    25.8308 0.0000e+00
 237.510885     57.866  34.370064     7.8543    3.90302     57.375    33.1379    25.8335 0.0000e+00
 237.510891     57.463  34.375468     7.8595    3.89927     56.975    33.1389    25.8336 0.0000e+00
 237.510897     57.047  34.378694     7.8660    3.89175     56.563    33.1364    25.8307 0.0000e+00
 237.510903     56.611  34.382936     7.8785    3.89162     56.131    33.1293    25.8233 0.0000e+00
 237.510909     56.148  34.390502     7.8963    3.88974     55.672    33.1207    25.8140 0.0000e+00
 237.510914     55.658  34.399726     7.9176    3.88377     55.186    33.1106    25.8029 0.0000e+00
 237.510920     55.149  34.409470     7.9447    3.86207     54.681    33.0956    25.7872 0.0000e+00
 237.510926     54.631  34.425460     7.9776    3.85456     54.168    33.0818    25.7716 0.0000e+00
 237.510932     54.114  34.448858     8.0096    3.82702     53.655    33.0767    25.7629 0.0000e+00
 237.510938     53.604  34.469967     8.0408    3.80288     53.150    33.0700    25.7531 0.0000e+00
 237.510943     53.095  34.486685     8.0824    3.76853     52.645    33.0487    25.7303 0.0000e+00
 237.510949     52.575  34.509554     8.1368    3.75604     52.130    33.0220    25.7014 0.0000e+00
 237.510955     52.045  34.539936     8.1916    3.75458     51.604    33.0030    25.6783 0.0000e+00
 237.510961     51.519  34.569040     8.2345    3.74581     51.083    32.9938    25.6648 0.0000e+00
 237.510966     51.010  34.589734     8.2641    3.74314     50.578    32.9881    25.6559 0.0000e+00
 237.510972     50.526  34.602732     8.2862    3.74779     50.098    32.9814    25.6474 0.0000e+00
 237.510978     50.068  34.613056     8.3022    3.76273     49.644    32.9775    25.6419 0.0000e+00
 237.510984     49.639  34.620480     8.3125    3.75993     49.219    32.9759    25.6391 0.0000e+00
 237.510990     49.232  34.623711     8.3255    3.76121     48.815    32.9673    25.6305 0.0000e+00
 237.510995     48.835  34.628194     8.3495    3.76880     48.422    32.9498    25.6131 0.0000e+00
 237.511001     48.434  34.639923     8.3797    3.77368     48.024    32.9341    25.5963 0.0000e+00
 237.511007     48.031  34.655494     8.4055    3.79095     47.625    32.9266    25.5865 0.0000e+00
 237.511013     47.629  34.667660     8.4219    3.81053     47.226    32.9243    25.5823 0.0000e+00
 237.511019     47.224  34.674167     8.4313    3.82216     46.825    32.9225    25.5795 0.0000e+00
 237.511024     46.808  34.677547     8.4415    3.84161     46.412    32.9168    25.5734 0.0000e+00
 237.511030     46.371  34.681202     8.4595    3.88266     45.979    32.9040    25.5607 0.0000e+00
 237.511036     45.908  34.686656     8.4886    3.91954     45.520    32.8828    25.5397 0.0000e+00
 237.511042     45.419  34.694471     8.5258    3.96363     45.035    32.8566    25.5136 0.0000e+00
 237.511047     44.906  34.704437     8.5619    3.99291     44.526    32.8337    25.4902 0.0000e+00
 237.511053     44.372  34.714726     8.5901    4.02524     43.997    32.8186    25.4740 0.0000e+00
 237.511059     43.825  34.722825     8.6082    4.04268     43.455    32.8105    25.4649 0.0000e+00
 237.511065     43.287  34.726665     8.6167    4.06270     42.921    32.8069    25.4608 0.0000e+00
 237.511071     42.774  34.726341     8.6186    4.08015     42.413    32.8050    25.4591 0.0000e+00
 237.511076     42.289  34.724246     8.6177    4.09204     41.932    32.8039    25.4583 0.0000e+00
 237.511082     41.821  34.722086     8.6168    4.10824     41.468    32.8027    25.4575 0.0000e+00
 237.511088     41.363  34.719798     8.6177    4.12589     41.014    32.7996    25.4550 0.0000e+00
 237.511094     40.911  34.717712     8.6213    4.13402     40.566    32.7943    25.4502 0.0000e+00
 237.511100     40.462  34.717543     8.6305    4.15092     40.120    32.7858    25.4422 0.0000e+00
 237.511105     40.013  34.720765     8.6533    4.16946     39.675    32.7683    25.4249 0.0000e+00
 237.511111     39.557  34.731128     8.6922    4.18556     39.223    32.7433    25.3994 0.0000e+00
 237.511117     39.087  34.752374     8.7336    4.22442     38.757    32.7275    25.3807 0.0000e+00
 237.511123     38.598  34.776975     8.7654    4.26437     38.272    32.7240    25.3731 0.0000e+00
 237.511128     38.090  34.795719     8.7929    4.28231     37.769    32.7184    25.3645 0.0000e+00
 237.511134     37.572  34.812882     8.8298    4.29046     37.255    32.7025    25.3464 0.0000e+00
 237.511140     37.055  34.838475     8.8815    4.30656     36.742    32.6818    25.3222 0.0000e+00
 237.511146     36.540  34.874692     8.9343    4.32722     36.232    32.6712    25.3057 0.0000e+00
 237.511152     36.033  34.909864     8.9717    4.34459     35.729    32.6736    25.3018 0.0000e+00
