data/oxygen options/OCNMS/OCNMS2/raw_data/2004/CTD_CE20_061604faed.cnv
* Sea-Bird SBE19 Data File:
* FileName = C:\WINDOWS\Desktop\put hypoxia files here\CTD files\CE\CE20m061604.hex
* Software Version 1.1.4
* Temperature SN = 2997
* Conductivity SN = 2997
* System UpLoad Time = Jun 16 2004 11:22:42
** Cape Elizabethhypoxia June 16, 2004 20m CE-2
* SEACAT PROFILER V3.1c SN 2997   06/16/04  11:26:49.462
# nquan = 9                                 
# nvalues = 516                         
# units = specified
# name 0 = timeJ: Julian Days
# name 1 = prSM: Pressure, Strain Gauge [db]
# name 2 = c0mS/cm: Conductivity [mS/cm]
# name 3 = t090C: Temperature [ITS-90, deg C]
# name 4 = oxML/L: Oxygen, Beckman/YSI [ml/l]
# name 5 = depSM: Depth [salt water, m], lat = 47.5
# name 6 = sal00: Salinity, Practical [PSU]
# name 7 = sigma-é00: Density [sigma-theta, kg/m^3]
# name 8 = flag: flag
# span 0 = 168.374954, 168.377934       
# span 1 =     -5.305,     20.020       
# span 2 =   1.521938,  36.652489       
# span 3 =     8.4587,    14.8827       
# span 4 =  -12.17506,   29.68006       
# span 5 =     -5.261,     19.852       
# span 6 =     1.0628,    32.9527       
# span 7 =     0.0759,    25.5984       
# span 8 = 0.0000e+00, 0.0000e+00       
# interval = seconds: 0.5
# start_time = Jun 16 2004 08:59:56 [Instrument's time stamp, header]
# bad_flag = -9.990e-29
*END*
[from data line 161]
 168.375885     -0.336  36.374798    14.8657    5.51029     -0.333    29.2088    21.5402 -9.990e-29
 168.375891     -0.326  36.381458    14.8668    5.51203     -0.323    29.2139    21.5439 -9.990e-29
 168.375897     -0.317  36.387715    14.8664    5.50970     -0.314    29.2198    21.5486 -9.990e-29
 168.375903     -0.308  36.385653    14.8650    5.50586     -0.305    29.2190    21.5482 -9.990e-29
 168.375909     -0.299  36.377014    14.8638    5.50021     -0.297    29.2122    21.5432 -9.990e-29
 168.375914     -0.288  36.370473    14.8633    5.50317     -0.286    29.2067    21.5391 -9.990e-29
 168.375920     -0.275  36.369090    14.8634    5.50522     -0.273    29.2054    21.5381 -9.990e-29
 168.375926     -0.259  36.372150    14.8644    5.50692     -0.257    29.2074    21.5394 -9.990e-29
 168.375932     -0.240  36.379814    14.8655    5.50959     -0.238    29.2134    21.5438 -9.990e-29
 168.375937     -0.220  36.386603    14.8650    5.49991     -0.218    29.2198    21.5489 -9.990e-29
 168.375943     -0.207  36.384753    14.8630    5.49780     -0.205    29.2196    21.5492 -9.990e-29
 168.375949     -0.199  36.377408    14.8610    5.50313     -0.197    29.2146    21.5457 -9.990e-29
 168.375955     -0.188  36.372167    14.8602    5.50663     -0.186    29.2105    21.5427 -9.990e-29
 168.375961     -0.169  36.371018    14.8614    5.51657     -0.168    29.2086    21.5410 -9.990e-29
 168.375966     -0.145  36.374680    14.8630    5.50706     -0.144    29.2106    21.5422 -9.990e-29
 168.375972     -0.122  36.380189    14.8632    5.49969     -0.121    29.2154    21.5458 -9.990e-29
 168.375978     -0.105  36.380316    14.8625    5.50378     -0.104    29.2160    21.5465 -9.990e-29
 168.375984     -0.090  36.375796    14.8624    5.50940     -0.089    29.2120    21.5435 -9.990e-29
 168.375990     -0.079  36.373507    14.8637    5.52293     -0.078    29.2090    21.5409 -9.990e-29
 168.375995     -0.070  36.378253    14.8663    5.52437     -0.069    29.2113    21.5421 -9.990e-29
 168.376001     -0.062  36.388516    14.8684    5.51384     -0.061    29.2189    21.5475 -9.990e-29
 168.376007     -0.054  36.396114    14.8683    5.50827     -0.054    29.2257    21.5528 -9.990e-29
 168.376013     -0.047  36.394925    14.8666    5.51321     -0.047    29.2259    21.5533 -9.990e-29
 168.376019     -0.041  36.386172    14.8656    5.50985     -0.041    29.2189    21.5481 -9.990e-29
 168.376024     -0.038  36.378378    14.8658    5.51734     -0.038    29.2118    21.5426 -9.990e-29
 168.376030     -0.042  36.379099    14.8671    5.51744     -0.042    29.2115    21.5420 -9.990e-29
 168.376036     -0.051  36.386500    14.8684    5.51638     -0.051    29.2171    21.5461 -9.990e-29
 168.376042     -0.056  36.392508    14.8685    5.51704     -0.056    29.2224    21.5501 -9.990e-29
 168.376047     -0.053  36.392245    14.8680    5.51532     -0.053    29.2225    21.5503 -9.990e-29
 168.376053     -0.045  36.389292    14.8679    5.51499     -0.045    29.2199    21.5484 -9.990e-29
 168.376059     -0.038  36.389810    14.8681    5.51440     -0.038    29.2203    21.5486 -9.990e-29
 168.376065     -0.029  36.393373    14.8680    5.52241     -0.029    29.2235    21.5511 -9.990e-29
 168.376071     -0.020  36.394645    14.8678    5.52365     -0.020    29.2248    21.5521 -9.990e-29
 168.376076     -0.009  36.393083    14.8679    5.52345     -0.009    29.2233    21.5510 -9.990e-29
 168.376082      0.005  36.391098    14.8679    5.51555      0.005    29.2215    21.5496 -9.990e-29
 168.376088      0.022  36.388850    14.8678    5.51731      0.022    29.2196    21.5482 -9.990e-29
 168.376094      0.040  36.387836    14.8682    5.52531      0.040    29.2184    21.5471 -9.990e-29
 168.376100      0.054  36.390634    14.8692    5.52231      0.054    29.2201    21.5483 -9.990e-29
 168.376105      0.071  36.395932    14.8702    5.52374      0.070    29.2241    21.5511 -9.990e-29
 168.376111      0.090  36.399587    14.8701    5.51843      0.089    29.2274    21.5537 -9.990e-29
 168.376117      0.110  36.397505    14.8690    5.51673      0.109    29.2264    21.5531 -9.990e-29
 168.376123      0.132  36.390279    14.8680    5.52992      0.131    29.2207    21.5489 -9.990e-29
 168.376128      0.153  36.385663    14.8677    5.53419      0.152    29.2168    21.5460 -9.990e-29
 168.376134      0.169  36.388164    14.8685    5.52825      0.168    29.2184    21.5471 -9.990e-29
 168.376140      0.181  36.394392    14.8695    5.53047      0.179    29.2232    21.5506 -9.990e-29
 168.376146      0.192  36.398077    14.8693    5.52170      0.190    29.2266    21.5533 -9.990e-29
 168.376152      0.200  36.395726    14.8684    5.51482      0.198    29.2252    21.5524 -9.990e-29
 168.376157      0.207  36.389818    14.8674    5.51487      0.205    29.2207    21.5491 -9.990e-29
 168.376163      0.213  36.384821    14.8666    5.52003      0.211    29.2168    21.5463 -9.990e-29
 168.376169      0.218  36.384171    14.8668    5.53201      0.216    29.2161    21.5457 -9.990e-29
 168.376175      0.224  36.388126    14.8676    5.53609      0.222    29.2190    21.5478 -9.990e-29
 168.376181      0.229  36.392434    14.8681    5.52839      0.227    29.2225    21.5503 -9.990e-29
 168.376186      0.235  36.392750    14.8679    5.52266      0.233    29.2229    21.5507 -9.990e-29
 168.376192      0.242  36.389502    14.8675    5.53212      0.240    29.2203    21.5488 -9.990e-29
 168.376198      0.251  36.386775    14.8676    5.53640      0.249    29.2178    21.5468 -9.990e-29
 168.376204      0.257  36.387109    14.8683    5.53904      0.255    29.2176    21.5465 -9.990e-29
 168.376209      0.257  36.390393    14.8687    5.53053      0.255    29.2202    21.5484 -9.990e-29
 168.376215      0.254  36.393159    14.8680    5.51305      0.252    29.2232    21.5509 -9.990e-29
 168.376221      0.254  36.391252    14.8666    5.51662      0.252    29.2226    21.5507 -9.990e-29
 168.376227      0.256  36.386061    14.8654    5.52648      0.254    29.2188    21.5481 -9.990e-29
 168.376233      0.260  36.383006    14.8653    5.53310      0.258    29.2162    21.5460 -9.990e-29
 168.376238      0.267  36.384748    14.8659    5.53708      0.265    29.2173    21.5468 -9.990e-29
 168.376244      0.276  36.388571    14.8664    5.53272      0.274    29.2203    21.5490 -9.990e-29
 168.376250      0.289  36.390603    14.8664    5.53046      0.287    29.2221    21.5504 -9.990e-29
 168.376256      0.306  36.389636    14.8662    5.53505      0.303    29.2214    21.5499 -9.990e-29
 168.376262      0.329  36.387750    14.8660    5.54255      0.326    29.2199    21.5487 -9.990e-29
 168.376267      0.354  36.386922    14.8656    5.54374      0.351    29.2194    21.5485 -9.990e-29
 168.376273      0.375  36.386616    14.8654    5.53683      0.372    29.2193    21.5484 -9.990e-29
 168.376279      0.389  36.385866    14.8656    5.53228      0.386    29.2185    21.5477 -9.990e-29
 168.376285      0.396  36.384800    14.8659    5.52272      0.393    29.2173    21.5468 -9.990e-29
 168.376291      0.397  36.384245    14.8660    5.52903      0.394    29.2167    21.5463 -9.990e-29
 168.376296      0.392  36.384587    14.8658    5.53367      0.389    29.2172    21.5467 -9.990e-29
 168.376302      0.385  36.385729    14.8654    5.53532      0.382    29.2185    21.5478 -9.990e-29
 168.376308      0.380  36.386956    14.8652    5.53769      0.377    29.2197    21.5488 -9.990e-29
 168.376314      0.377  36.387106    14.8651    5.52875      0.374    29.2199    21.5490 -9.990e-29
 168.376319      0.379  36.386385    14.8652    5.53202      0.376    29.2192    21.5484 -9.990e-29
 168.376325      0.391  36.386078    14.8654    5.53962      0.388    29.2188    21.5480 -9.990e-29
 168.376331      0.410  36.386345    14.8664    5.54359      0.407    29.2183    21.5474 -9.990e-29
 168.376337      0.428  36.388107    14.8680    5.55116      0.424    29.2186    21.5474 -9.990e-29
 168.376343      0.442  36.392038    14.8685    5.54642      0.438    29.2218    21.5497 -9.990e-29
 168.376348      0.453  36.393850    14.8674    5.54401      0.449    29.2242    21.5518 -9.990e-29
 168.376354      0.461  36.390918    14.8662    5.54264      0.457    29.2225    21.5507 -9.990e-29
 168.376360      0.467  36.387191    14.8660    5.54152      0.463    29.2193    21.5483 -9.990e-29
 168.376366      0.472  36.386117    14.8664    5.53383      0.468    29.2181    21.5473 -9.990e-29
 168.376372      0.476  36.387388    14.8668    5.53997      0.472    29.2189    21.5478 -9.990e-29
 168.376377      0.479  36.389337    14.8669    5.54126      0.475    29.2205    21.5491 -9.990e-29
 168.376383      0.481  36.390071    14.8669    5.53656      0.477    29.2212    21.5496 -9.990e-29
 168.376389      0.482  36.389436    14.8672    5.53000      0.478    29.2204    21.5489 -9.990e-29
 168.376395      0.478  36.389377    14.8677    5.52609      0.474    29.2200    21.5485 -9.990e-29
 168.376400      0.470  36.390367    14.8678    5.53956      0.466    29.2208    21.5491 -9.990e-29
 168.376406      0.464  36.391472    14.8675    5.54638      0.460    29.2220    21.5501 -9.990e-29
 168.376412      0.465  36.391911    14.8674    5.54469      0.461    29.2225    21.5505 -9.990e-29
 168.376418      0.473  36.391697    14.8677    5.54037      0.469    29.2221    21.5501 -9.990e-29
 168.376424      0.485  36.392218    14.8680    5.53489      0.481    29.2223    21.5502 -9.990e-29
 168.376429      0.496  36.393034    14.8681    5.53641      0.492    29.2229    21.5507 -9.990e-29
 168.376435      0.507  36.392979    14.8686    5.54364      0.503    29.2225    21.5502 -9.990e-29
 168.376441      0.519  36.393651    14.8696    5.55139      0.515    29.2224    21.5499 -9.990e-29
 168.376447      0.533  36.395937    14.8704    5.55284      0.529    29.2238    21.5509 -9.990e-29
 168.376453      0.545  36.397824    14.8703    5.55149      0.540    29.2255    21.5522 -9.990e-29
 168.376458      0.553  36.397332    14.8697    5.54277      0.548    29.2256    21.5524 -9.990e-29
 168.376464      0.560  36.395478    14.8691    5.53714      0.555    29.2243    21.5516 -9.990e-29
 168.376470      0.567  36.394266    14.8690    5.54302      0.562    29.2233    21.5508 -9.990e-29
 168.376476      0.570  36.393750    14.8691    5.55337      0.565    29.2228    21.5504 -9.990e-29
 168.376481      0.574  36.393793    14.8693    5.55151      0.569    29.2227    21.5502 -9.990e-29
 168.376487      0.579  36.394439    14.8693    5.54302      0.574    29.2233    21.5507 -9.990e-29
 168.376493      0.581  36.394296    14.8689    5.53754      0.576    29.2234    21.5509 -9.990e-29
 168.376499      0.584  36.392602    14.8685    5.54214      0.579    29.2222    21.5500 -9.990e-29
 168.376505      0.594  36.390453    14.8685    5.55329      0.589    29.2203    21.5486 -9.990e-29
 168.376510      0.610  36.388897    14.8691    5.55764      0.605    29.2185    21.5470 -9.990e-29
 168.376516      0.629  36.388653    14.8701    5.54565      0.624    29.2175    21.5461 -9.990e-29
 168.376522      0.644  36.389386    14.8707    5.53764      0.639    29.2177    21.5461 -9.990e-29
 168.376528      0.656  36.389256    14.8706    5.54110      0.651    29.2176    21.5461 -9.990e-29
 168.376534      0.670  36.387519    14.8702    5.55098      0.664    29.2164    21.5452 -9.990e-29
 168.376539      0.683  36.385214    14.8701    5.55879      0.677    29.2144    21.5437 -9.990e-29
 168.376545      0.691  36.382622    14.8706    5.55026      0.685    29.2117    21.5415 -9.990e-29
 168.376551      0.694  36.379639    14.8710    5.54065      0.688    29.2088    21.5392 -9.990e-29
 168.376557      0.693  36.377324    14.8707    5.53666      0.687    29.2069    21.5378 -9.990e-29
 168.376563      0.692  36.376504    14.8700    5.54855      0.686    29.2067    21.5378 -9.990e-29
 168.376568      0.700  36.376636    14.8696    5.55502      0.694    29.2071    21.5382 -9.990e-29
 168.376574      0.716  36.376765    14.8697    5.55922      0.710    29.2072    21.5382 -9.990e-29
 168.376580      0.734  36.376490    14.8699    5.55496      0.728    29.2068    21.5379 -9.990e-29
 168.376586      0.751  36.375994    14.8704    5.54389      0.745    29.2059    21.5371 -9.990e-29
 168.376591      0.767  36.375728    14.8707    5.54373      0.761    29.2055    21.5367 -9.990e-29
 168.376597      0.784  36.375884    14.8703    5.54834      0.777    29.2059    21.5371 -9.990e-29
 168.376603      0.801  36.376102    14.8695    5.55247      0.794    29.2067    21.5379 -9.990e-29
 168.376609      0.818  36.375538    14.8690    5.55542      0.811    29.2066    21.5379 -9.990e-29
 168.376615      0.825  36.374551    14.8692    5.55433      0.818    29.2055    21.5371 -9.990e-29
 168.376620      0.823  36.374616    14.8700    5.55154      0.816    29.2050    21.5365 -9.990e-29
 168.376626      0.821  36.375251    14.8706    5.55609      0.814    29.2051    21.5364 -9.990e-29
 168.376632      0.818  36.375048    14.8705    5.55300      0.811    29.2050    21.5364 -9.990e-29
 168.376638      0.811  36.374285    14.8700    5.55138      0.804    29.2047    21.5363 -9.990e-29
 168.376644      0.803  36.373618    14.8697    5.54403      0.796    29.2043    21.5360 -9.990e-29
 168.376649      0.797  36.373266    14.8696    5.54775      0.790    29.2041    21.5359 -9.990e-29
 168.376655      0.794  36.373312    14.8690    5.55346      0.787    29.2046    21.5364 -9.990e-29
 168.376661      0.793  36.373244    14.8678    5.55293      0.786    29.2054    21.5373 -9.990e-29
 168.376667      0.794  36.372401    14.8668    5.54812      0.787    29.2054    21.5375 -9.990e-29
 168.376672      0.797  36.371332    14.8666    5.54429      0.790    29.2046    21.5369 -9.990e-29
 168.376678      0.802  36.371402    14.8670    5.54472      0.795    29.2044    21.5366 -9.990e-29
 168.376684      0.810  36.372132    14.8670    5.55158      0.803    29.2050    21.5371 -9.990e-29
 168.376690      0.817  36.372242    14.8665    5.55551      0.810    29.2055    21.5376 -9.990e-29
 168.376696      0.819  36.372429    14.8659    5.55572      0.812    29.2061    21.5382 -9.990e-29
 168.376701      0.821  36.372930    14.8652    5.55432      0.814    29.2071    21.5391 -9.990e-29
 168.376707      0.826  36.372162    14.8649    5.54755      0.819    29.2066    21.5388 -9.990e-29
 168.376713      0.831  36.370211    14.8651    5.55128      0.824    29.2047    21.5373 -9.990e-29
 168.376719      0.832  36.369509    14.8651    5.55878      0.825    29.2041    21.5368 -9.990e-29
 168.376725      0.834  36.370794    14.8645    5.56117      0.827    29.2057    21.5382 -9.990e-29
 168.376730      0.840  36.372402    14.8644    5.56272      0.833    29.2072    21.5393 -9.990e-29
 168.376736      0.846  36.373104    14.8650    5.55858      0.839    29.2074    21.5393 -9.990e-29
 168.376742      0.850  36.372703    14.8657    5.56140      0.843    29.2065    21.5385 -9.990e-29
 168.376748      0.855  36.371774    14.8657    5.55700      0.848    29.2057    21.5379 -9.990e-29
 168.376753      0.867  36.370189    14.8649    5.55024      0.860    29.2048    21.5374 -9.990e-29
 168.376759      0.885  36.368066    14.8632    5.55343      0.878    29.2042    21.5373 -9.990e-29
 168.376765      0.906  36.366490    14.8615    5.55366      0.898    29.2041    21.5375 -9.990e-29
 168.376771      0.924  36.365592    14.8609    5.55867      0.916    29.2037    21.5374 -9.990e-29
 168.376777      0.936  36.365284    14.8612    5.55883      0.928    29.2032    21.5369 -9.990e-29
 168.376782      0.941  36.365142    14.8617    5.55627      0.933    29.2027    21.5365 -9.990e-29
 168.376788      0.941  36.364406    14.8623    5.55188      0.933    29.2016    21.5355 -9.990e-29
 168.376794      0.935  36.363207    14.8627    5.55659      0.927    29.2002    21.5343 -9.990e-29
 168.376800      0.928  36.362178    14.8621    5.55789      0.920    29.1998    21.5341 -9.990e-29
