data/oxygen options/OCNMS/OCNMS2/raw_data/2004/CTD_TH80_102104faed.cnv
* Sea-Bird SBE19 Data File:
* FileName = C:\WINDOWS\Desktop\put hypoxia files here\CTD data\October 21-04\Th\raw\th80_102104.hex
* Software Version 1.1.4
* Temperature SN = 2997
* Conductivity SN = 2997
* System UpLoad Time = Oct 21 2004 12:34:55
* SEACAT PROFILER V3.1c SN 2997   10/21/04  12:39:57.129
* strain gauge pressure sensor: S/N = 184829,  range = 3000 psia,  tc = 40
# nquan = 9                                 
# nvalues = 1556                        
# units = specified
# name 0 = timeJ: Julian Days
# name 1 = prSM: Pressure, Strain Gauge [db]
# name 2 = c0mS/cm: Conductivity [mS/cm]
# name 3 = t090C: Temperature [ITS-90, deg C]
# name 4 = oxML/L: Oxygen, Beckman/YSI [ml/l]
# name 5 = depSM: Depth [salt water, m], lat = 47.5
# name 6 = sal00: Salinity, Practical [PSU]
# name 7 = sigma-é00: Density [sigma-theta, kg/m^3]
# name 8 = flag: flag
# span 0 = 295.487269, 295.496267       
# span 1 =     -4.864,     76.836       
# span 2 =   0.234621,  37.919688       
# span 3 =     7.8220,    13.0274       
# span 4 =   -0.05872,   34.31306       
# span 5 =     -4.823,     76.181       
# span 6 =     0.1522,    33.4383       
# span 7 =    -0.3151,    26.0744       
# span 8 = 0.0000e+00, 0.0000e+00       
# interval = seconds: 0.5
# start_time = Oct 21 2004 11:41:40 [Instrument's time stamp, header]
# bad_flag = -9.990e-29
*END*
[from data line 321]
 295.489126      0.848  36.844519    12.5385    6.04714      0.841    31.4825    23.7579 -9.990e-29
 295.489132      0.848  36.844783    12.5384    6.05636      0.841    31.4828    23.7582 -9.990e-29
 295.489138      0.850  36.844857    12.5379    6.05658      0.843    31.4833    23.7587 -9.990e-29
 295.489144      0.858  36.844851    12.5375    6.03842      0.851    31.4836    23.7590 -9.990e-29
 295.489149      0.867  36.844770    12.5371    6.03348      0.860    31.4839    23.7593 -9.990e-29
 295.489155      0.879  36.844515    12.5370    6.03323      0.872    31.4837    23.7592 -9.990e-29
 295.489161      0.899  36.844321    12.5371    6.04349      0.891    31.4834    23.7590 -9.990e-29
 295.489167      0.919  36.844501    12.5369    6.05770      0.911    31.4838    23.7593 -9.990e-29
 295.489172      0.931  36.844746    12.5366    6.05221      0.923    31.4842    23.7597 -9.990e-29
 295.489178      0.937  36.844834    12.5364    6.04268      0.929    31.4845    23.7599 -9.990e-29
 295.489184      0.942  36.844893    12.5363    6.04878      0.934    31.4846    23.7600 -9.990e-29
 295.489190      0.950  36.845017    12.5363    6.05171      0.942    31.4847    23.7601 -9.990e-29
 295.489196      0.957  36.845381    12.5365    6.05490      0.949    31.4849    23.7602 -9.990e-29
 295.489201      0.960  36.845923    12.5370    6.04778      0.952    31.4850    23.7602 -9.990e-29
 295.489207      0.958  36.846257    12.5372    6.02848      0.950    31.4852    23.7603 -9.990e-29
 295.489213      0.955  36.846280    12.5373    6.03871      0.947    31.4851    23.7602 -9.990e-29
 295.489219      0.957  36.846034    12.5374    6.03651      0.949    31.4848    23.7600 -9.990e-29
 295.489225      0.958  36.845765    12.5374    6.04798      0.950    31.4845    23.7598 -9.990e-29
 295.489230      0.959  36.845686    12.5373    6.05928      0.951    31.4845    23.7598 -9.990e-29
 295.489236      0.963  36.845702    12.5374    6.04956      0.955    31.4845    23.7597 -9.990e-29
 295.489242      0.968  36.845848    12.5375    6.04798      0.960    31.4845    23.7597 -9.990e-29
 295.489248      0.969  36.845771    12.5374    6.04355      0.961    31.4845    23.7598 -9.990e-29
 295.489253      0.966  36.845381    12.5371    6.05020      0.958    31.4844    23.7597 -9.990e-29
 295.489259      0.964  36.845291    12.5368    6.05351      0.956    31.4846    23.7599 -9.990e-29
 295.489265      0.965  36.845391    12.5368    6.04658      0.957    31.4847    23.7600 -9.990e-29
 295.489271      0.971  36.845267    12.5370    6.04356      0.963    31.4844    23.7597 -9.990e-29
 295.489277      0.982  36.845328    12.5371    6.04065      0.974    31.4844    23.7597 -9.990e-29
 295.489282      0.994  36.845668    12.5372    6.03523      0.986    31.4846    23.7598 -9.990e-29
 295.489288      1.004  36.845630    12.5374    6.03700      0.996    31.4844    23.7596 -9.990e-29
 295.489294      1.012  36.845175    12.5376    6.03011      1.004    31.4838    23.7591 -9.990e-29
 295.489300      1.019  36.844830    12.5376    6.02994      1.010    31.4835    23.7589 -9.990e-29
 295.489306      1.026  36.844707    12.5374    6.03437      1.017    31.4835    23.7590 -9.990e-29
 295.489311      1.032  36.844654    12.5373    6.04129      1.023    31.4835    23.7590 -9.990e-29
 295.489317      1.038  36.844613    12.5374    6.04577      1.029    31.4834    23.7589 -9.990e-29
 295.489323      1.045  36.844543    12.5376    6.03891      1.036    31.4832    23.7587 -9.990e-29
 295.489329      1.053  36.844363    12.5376    6.04288      1.044    31.4830    23.7585 -9.990e-29
 295.489334      1.063  36.843845    12.5375    6.03619      1.054    31.4826    23.7582 -9.990e-29
 295.489340      1.074  36.843431    12.5374    6.03642      1.065    31.4823    23.7580 -9.990e-29
 295.489346      1.084  36.843703    12.5373    6.04427      1.075    31.4826    23.7583 -9.990e-29
 295.489352      1.089  36.843913    12.5375    6.03769      1.080    31.4826    23.7583 -9.990e-29
 295.489358      1.094  36.843793    12.5377    6.03805      1.085    31.4824    23.7580 -9.990e-29
 295.489363      1.102  36.843758    12.5379    6.02948      1.093    31.4822    23.7578 -9.990e-29
 295.489369      1.115  36.843773    12.5382    6.02767      1.106    31.4819    23.7576 -9.990e-29
 295.489375      1.134  36.843868    12.5384    6.04292      1.125    31.4818    23.7575 -9.990e-29
 295.489381      1.159  36.843809    12.5381    6.03549      1.149    31.4820    23.7577 -9.990e-29
 295.489387      1.188  36.843521    12.5373    6.05464      1.178    31.4824    23.7581 -9.990e-29
 295.489392      1.214  36.843378    12.5366    6.04370      1.204    31.4828    23.7586 -9.990e-29
 295.489398      1.234  36.843196    12.5363    6.03667      1.224    31.4829    23.7587 -9.990e-29
 295.489404      1.255  36.842927    12.5361    6.03839      1.245    31.4828    23.7587 -9.990e-29
 295.489410      1.286  36.842777    12.5360    6.02706      1.275    31.4827    23.7586 -9.990e-29
 295.489416      1.328  36.842552    12.5362    6.04353      1.317    31.4823    23.7583 -9.990e-29
 295.489421      1.381  36.842520    12.5366    6.03865      1.369    31.4820    23.7579 -9.990e-29
 295.489427      1.452  36.842642    12.5368    6.03621      1.440    31.4819    23.7578 -9.990e-29
 295.489433      1.550  36.842524    12.5367    6.03197      1.537    31.4818    23.7578 -9.990e-29
 295.489439      1.677  36.842577    12.5365    6.01344      1.663    31.4820    23.7580 0.0000e+00
 295.489444      1.832  36.843437    12.5367    6.04273      1.817    31.4826    23.7584 0.0000e+00
 295.489450      2.020  36.845136    12.5372    6.04539      2.003    31.4837    23.7592 0.0000e+00
 295.489456      2.246  36.847698    12.5381    6.04530      2.227    31.4853    23.7602 0.0000e+00
 295.489462      2.497  36.851740    12.5396    6.03747      2.476    31.4878    23.7619 0.0000e+00
 295.489468      2.757  36.858171    12.5424    6.03041      2.734    31.4914    23.7642 0.0000e+00
 295.489473      3.014  36.869398    12.5481    6.02868      2.989    31.4972    23.7676 0.0000e+00
 295.489479      3.269  36.893104    12.5577    6.02877      3.242    31.5116    23.7769 0.0000e+00
 295.489485      3.508  36.931741    12.5690    6.03670      3.479    31.5387    23.7958 0.0000e+00
 295.489491      3.708  36.972895    12.5758    6.02442      3.677    31.5720    23.8203 0.0000e+00
 295.489497      3.855  36.995733    12.5739    6.02303      3.823    31.5952    23.8386 -9.990e-29
 295.489502      3.954  36.985845    12.5676    6.01411      3.921    31.5911    23.8366 -9.990e-29
 295.489508      4.030  36.960338    12.5646    6.01893      3.996    31.5694    23.8204 -9.990e-29
 295.489514      4.103  36.949140    12.5666    6.01789      4.069    31.5570    23.8104 -9.990e-29
 295.489520      4.179  36.958639    12.5700    6.01129      4.144    31.5632    23.8145 -9.990e-29
 295.489525      4.249  36.973464    12.5712    5.99470      4.213    31.5762    23.8244 -9.990e-29
 295.489531      4.305  36.977493    12.5702    5.99654      4.269    31.5809    23.8282 -9.990e-29
 295.489537      4.352  36.973301    12.5688    6.00355      4.316    31.5780    23.8263 -9.990e-29
 295.489543      4.399  36.967640    12.5678    6.00299      4.362    31.5735    23.8230 -9.990e-29
 295.489549      4.455  36.962504    12.5679    6.02506      4.418    31.5685    23.8191 -9.990e-29
 295.489554      4.523  36.962265    12.5694    6.02130      4.485    31.5670    23.8176 -9.990e-29
 295.489560      4.611  36.968293    12.5738    6.02785      4.572    31.5690    23.8183 -9.990e-29
 295.489566      4.731  36.983023    12.5840    6.01955      4.691    31.5744    23.8206 -9.990e-29
 295.489572      4.875  37.014323    12.6015    6.00400      4.834    31.5893    23.8288 0.0000e+00
 295.489578      5.024  37.062993    12.6199    6.00985      4.982    31.6200    23.8491 0.0000e+00
 295.489583      5.153  37.108684    12.6288    6.00164      5.110    31.6558    23.8752 -9.990e-29
 295.489589      5.239  37.128201    12.6251    5.99920      5.195    31.6774    23.8926 -9.990e-29
 295.489595      5.276  37.116168    12.6150    5.98425      5.232    31.6745    23.8922 -9.990e-29
 295.489601      5.275  37.087952    12.6071    5.98428      5.231    31.6544    23.8781 -9.990e-29
 295.489606      5.256  37.068752    12.6038    5.99157      5.212    31.6389    23.8668 -9.990e-29
 295.489612      5.241  37.063256    12.6029    6.00215      5.197    31.6345    23.8635 -9.990e-29
 295.489618      5.236  37.062457    12.6028    5.99715      5.192    31.6338    23.8630 -9.990e-29
 295.489624      5.241  37.063613    12.6028    5.99106      5.197    31.6349    23.8639 -9.990e-29
 295.489630      5.257  37.064905    12.6040    6.00951      5.213    31.6351    23.8638 -9.990e-29
 295.489635      5.285  37.067501    12.6092    6.00857      5.241    31.6332    23.8613 -9.990e-29
 295.489641      5.326  37.079357    12.6213    6.01220      5.281    31.6342    23.8599 -9.990e-29
 295.489647      5.378  37.107871    12.6366    5.99251      5.333    31.6484    23.8679 -9.990e-29
 295.489653      5.433  37.142277    12.6457    5.98216      5.388    31.6734    23.8855 -9.990e-29
 295.489659      5.476  37.160034    12.6446    5.96791      5.430    31.6911    23.8995 -9.990e-29
 295.489664      5.498  37.153419    12.6374    5.97433      5.452    31.6909    23.9007 -9.990e-29
 295.489670      5.500  37.133250    12.6302    5.98047      5.454    31.6778    23.8919 -9.990e-29
 295.489676      5.490  37.116943    12.6255    5.99014      5.444    31.6663    23.8839 -9.990e-29
 295.489682      5.472  37.109680    12.6216    6.00404      5.426    31.6627    23.8819 -9.990e-29
 295.489688      5.450  37.102904    12.6175    6.00449      5.404    31.6597    23.8803 -9.990e-29
 295.489693      5.435  37.093754    12.6166    5.99705      5.390    31.6518    23.8744 -9.990e-29
 295.489699      5.438  37.091348    12.6240    5.99257      5.393    31.6433    23.8664 -9.990e-29
 295.489705      5.464  37.105941    12.6418    5.98136      5.418    31.6422    23.8621 -9.990e-29
 295.489711      5.502  37.142415    12.6606    5.97174      5.456    31.6610    23.8731 -9.990e-29
 295.489716      5.525  37.182668    12.6649    5.97639      5.479    31.6955    23.8990 -9.990e-29
 295.489722      5.512  37.191206    12.6513    5.96368      5.466    31.7151    23.9167 -9.990e-29
 295.489728      5.467  37.159792    12.6320    5.98508      5.421    31.7015    23.9099 -9.990e-29
 295.489734      5.413  37.115532    12.6186    5.98636      5.368    31.6708    23.8887 -9.990e-29
 295.489740      5.371  37.087465    12.6125    6.00185      5.326    31.6493    23.8732 -9.990e-29
 295.489745      5.349  37.078550    12.6112    6.00071      5.304    31.6420    23.8678 -9.990e-29
 295.489751      5.344  37.079710    12.6124    5.99874      5.299    31.6421    23.8676 -9.990e-29
 295.489757      5.352  37.084082    12.6150    5.99503      5.307    31.6440    23.8686 -9.990e-29
 295.489763      5.369  37.087967    12.6209    5.98714      5.324    31.6427    23.8665 -9.990e-29
 295.489769      5.396  37.098234    12.6311    5.97753      5.351    31.6439    23.8655 -9.990e-29
 295.489774      5.430  37.121287    12.6416    5.96371      5.385    31.6569    23.8736 -9.990e-29
 295.489780      5.462  37.145808    12.6463    5.96964      5.416    31.6762    23.8876 -9.990e-29
 295.489786      5.475  37.155704    12.6428    5.96831      5.429    31.6886    23.8978 -9.990e-29
 295.489792      5.463  37.146793    12.6332    5.98091      5.417    31.6882    23.8994 -9.990e-29
 295.489797      5.432  37.123463    12.6238    5.98043      5.387    31.6740    23.8901 -9.990e-29
 295.489803      5.403  37.102283    12.6189    5.99808      5.358    31.6580    23.8787 -9.990e-29
 295.489809      5.390  37.094275    12.6181    6.00512      5.345    31.6511    23.8735 -9.990e-29
 295.489815      5.397  37.094934    12.6221    6.00646      5.352    31.6483    23.8706 -9.990e-29
 295.489821      5.425  37.104023    12.6333    5.99231      5.380    31.6475    23.8679 -9.990e-29
 295.489826      5.471  37.129180    12.6486    5.98459      5.425    31.6585    23.8735 -9.990e-29
 295.489832      5.520  37.163574    12.6584    5.97614      5.474    31.6829    23.8904 -9.990e-29
 295.489838      5.559  37.182405    12.6584    5.96784      5.513    31.7007    23.9043 -9.990e-29
 295.489844      5.587  37.179382    12.6512    5.97151      5.540    31.7039    23.9081 -9.990e-29
 295.489850      5.599  37.162818    12.6405    5.98308      5.552    31.6972    23.9049 -9.990e-29
 295.489855      5.598  37.137554    12.6316    5.98407      5.551    31.6807    23.8939 -9.990e-29
 295.489861      5.592  37.117019    12.6290    5.98276      5.545    31.6634    23.8810 -9.990e-29
 295.489867      5.584  37.113655    12.6334    5.97764      5.537    31.6565    23.8748 -9.990e-29
 295.489873      5.575  37.127464    12.6413    5.97247      5.528    31.6630    23.8783 -9.990e-29
 295.489878      5.563  37.147140    12.6486    5.98428      5.516    31.6755    23.8866 -9.990e-29
 295.489884      5.548  37.162471    12.6545    5.98837      5.502    31.6851    23.8929 -9.990e-29
 295.489890      5.529  37.174279    12.6577    5.99436      5.483    31.6936    23.8989 -9.990e-29
 295.489896      5.509  37.179806    12.6578    5.98600      5.463    31.6988    23.9029 -9.990e-29
 295.489902      5.495  37.178575    12.6579    5.97868      5.449    31.6975    23.9019 -9.990e-29
 295.489907      5.491  37.179607    12.6597    5.96679      5.445    31.6970    23.9011 -9.990e-29
 295.489913      5.496  37.183723    12.6640    5.97543      5.450    31.6973    23.9005 -9.990e-29
 295.489919      5.511  37.190808    12.6703    5.98147      5.465    31.6987    23.9004 -9.990e-29
 295.489925      5.532  37.203025    12.6738    5.98523      5.486    31.7073    23.9064 -9.990e-29
 295.489931      5.552  37.210310    12.6705    5.98010      5.506    31.7170    23.9146 -9.990e-29
 295.489936      5.568  37.203874    12.6634    5.96934      5.521    31.7169    23.9158 -9.990e-29
 295.489942      5.581  37.189724    12.6588    5.95844      5.534    31.7073    23.9093 -9.990e-29
 295.489948      5.597  37.179842    12.6596    5.94899      5.550    31.6973    23.9014 -9.990e-29
 295.489954      5.624  37.181808    12.6631    5.96805      5.577    31.6962    23.8998 -9.990e-29
 295.489959      5.669  37.190396    12.6647    5.96144      5.622    31.7030    23.9048 -9.990e-29
 295.489965      5.730  37.193507    12.6627    5.94920      5.682    31.7076    23.9087 -9.990e-29
 295.489971      5.804  37.188005    12.6589    5.94512      5.755    31.7055    23.9079 -9.990e-29
 295.489977      5.893  37.178899    12.6569    5.91881      5.844    31.6985    23.9029 -9.990e-29
 295.489983      6.013  37.174244    12.6611    5.92604      5.963    31.6905    23.8959 -9.990e-29
 295.489988      6.175  37.182980    12.6742    5.92732      6.123    31.6877    23.8912 0.0000e+00
 295.489994      6.386  37.208347    12.6939    5.94871      6.333    31.6951    23.8932 0.0000e+00
 295.490000      6.634  37.243232    12.7134    5.97687      6.579    31.7117    23.9023 0.0000e+00
 295.490006      6.890  37.275826    12.7319    5.99732      6.832    31.7269    23.9105 0.0000e+00
 295.490012      7.146  37.308092    12.7583    6.00655      7.086    31.7351    23.9118 0.0000e+00
 295.490017      7.410  37.360627    12.7995    5.99636      7.348    31.7501    23.9155 0.0000e+00
 295.490023      7.681  37.446837    12.8563    5.97406      7.617    31.7837    23.9305 0.0000e+00
 295.490029      7.950  37.567824    12.9204    5.94974      7.883    31.8438    23.9647 0.0000e+00
 295.490035      8.214  37.705995    12.9722    5.91837      8.145    31.9304    24.0216 0.0000e+00
 295.490041      8.467  37.814511    13.0001    5.91523      8.396    32.0090    24.0770 0.0000e+00
