data/oxygen options/OCNMS/OCNMS2/raw_data/2004/CTD_TH40_061504faed.cnv
* Sea-Bird SBE19 Data File:
* FileName = C:\WINDOWS\Desktop\put hypoxia files here\CTD files\CA\TH40m061504.hex
* Software Version 1.1.4
* Temperature SN = 2997
* Conductivity SN = 2997
* System UpLoad Time = Jun 15 2004 15:33:58
** Teahwhit Head hypoxia TH4 40m June 15, 2004
* SEACAT PROFILER V3.1c SN 2997   06/15/04  15:32:17.712
# nquan = 9                                 
# nvalues = 624                         
# units = specified
# name 0 = timeJ: Julian Days
# name 1 = prSM: Pressure, Strain Gauge [db]
# name 2 = c0mS/cm: Conductivity [mS/cm]
# name 3 = t090C: Temperature [ITS-90, deg C]
# name 4 = oxML/L: Oxygen, Beckman/YSI [ml/l]
# name 5 = depSM: Depth [salt water, m], lat = 47.5
# name 6 = sal00: Salinity, Practical [PSU]
# name 7 = sigma-é00: Density [sigma-theta, kg/m^3]
# name 8 = flag: flag
# span 0 = 167.597639, 167.601244       
# span 1 =     -5.203,     41.452       
# span 2 =   0.573281,  37.374448       
# span 3 =     7.9883,    14.7602       
# span 4 =  -12.62440,   29.92099       
# span 5 =     -5.160,     41.102       
# span 6 =     0.3631,    33.1721       
# span 7 =    -0.3776,    25.8407       
# span 8 = 0.0000e+00, 0.0000e+00       
# interval = seconds: 0.5
# start_time = Jun 15 2004 14:20:36 [Instrument's time stamp, header]
# bad_flag = -9.990e-29
*END*
[from data line 161]
 167.598571     -0.344  37.357796    14.7127    5.81800     -0.341    30.2053    22.3390 -9.990e-29
 167.598576     -0.334  37.357599    14.7123    5.79646     -0.331    30.2054    22.3392 -9.990e-29
 167.598582     -0.324  37.356689    14.7086    5.81045     -0.321    30.2074    22.3415 -9.990e-29
 167.598588     -0.315  37.353306    14.6972    5.81781     -0.312    30.2132    22.3484 -9.990e-29
 167.598594     -0.306  37.348000    14.6800    5.83725     -0.303    30.2218    22.3586 -9.990e-29
 167.598600     -0.296  37.344368    14.6696    5.84399     -0.294    30.2266    22.3644 -9.990e-29
 167.598605     -0.284  37.343750    14.6726    5.83460     -0.282    30.2237    22.3616 -9.990e-29
 167.598611     -0.271  37.345332    14.6801    5.82613     -0.269    30.2193    22.3566 -9.990e-29
 167.598617     -0.254  37.347307    14.6820    5.80065     -0.252    30.2196    22.3565 -9.990e-29
 167.598623     -0.234  37.347275    14.6774    5.81288     -0.232    30.2232    22.3601 -9.990e-29
 167.598628     -0.208  37.344651    14.6692    5.82567     -0.206    30.2272    22.3649 -9.990e-29
 167.598634     -0.179  37.338194    14.6600    5.83318     -0.178    30.2285    22.3679 -9.990e-29
 167.598640     -0.155  37.329403    14.6526    5.83937     -0.154    30.2263    22.3677 -9.990e-29
 167.598646     -0.137  37.325640    14.6503    5.80621     -0.136    30.2247    22.3670 -9.990e-29
 167.598652     -0.125  37.329192    14.6507    5.78389     -0.124    30.2276    22.3691 -9.990e-29
 167.598657     -0.118  37.334708    14.6450    5.79349     -0.117    30.2370    22.3775 -9.990e-29
 167.598663     -0.115  37.337778    14.6309    5.82164     -0.114    30.2507    22.3910 -9.990e-29
 167.598669     -0.112  37.337463    14.6151    5.85919     -0.111    30.2627    22.4035 -9.990e-29
 167.598675     -0.105  37.334477    14.6090    5.88583     -0.104    30.2648    22.4064 -9.990e-29
 167.598681     -0.101  37.331584    14.6216    5.87080     -0.100    30.2524    22.3942 -9.990e-29
 167.598686     -0.109  37.331665    14.6443    5.81548     -0.108    30.2348    22.3760 -9.990e-29
 167.598692     -0.126  37.333155    14.6638    5.79338     -0.125    30.2210    22.3613 -9.990e-29
 167.598698     -0.142  37.331329    14.6751    5.80046     -0.141    30.2106    22.3509 -9.990e-29
 167.598704     -0.153  37.328261    14.6764    5.83627     -0.152    30.2068    22.3477 -9.990e-29
 167.598709     -0.157  37.331656    14.6667    5.87557     -0.156    30.2174    22.3579 -9.990e-29
 167.598715     -0.159  37.337643    14.6575    5.85641     -0.158    30.2299    22.3695 -9.990e-29
 167.598721     -0.159  37.339636    14.6653    5.82449     -0.158    30.2257    22.3646 -9.990e-29
 167.598727     -0.163  37.340303    14.6836    5.80831     -0.162    30.2121    22.3503 -9.990e-29
 167.598733     -0.174  37.341663    14.6988    5.81000     -0.173    30.2015    22.3390 -9.990e-29
 167.598738     -0.188  37.342742    14.7087    5.83022     -0.186    30.1948    22.3318 -9.990e-29
 167.598744     -0.198  37.341633    14.7144    5.83759     -0.196    30.1894    22.3264 -9.990e-29
 167.598750     -0.201  37.340798    14.7165    5.83725     -0.199    30.1870    22.3241 -9.990e-29
 167.598756     -0.201  37.342505    14.7165    5.82870     -0.199    30.1885    22.3253 -9.990e-29
 167.598762     -0.202  37.342876    14.7169    5.81842     -0.200    30.1885    22.3253 -9.990e-29
 167.598767     -0.204  37.340736    14.7193    5.80444     -0.202    30.1848    22.3218 -9.990e-29
 167.598773     -0.207  37.339416    14.7222    5.79566     -0.205    30.1813    22.3186 -9.990e-29
 167.598779     -0.212  37.343901    14.7229    5.80390     -0.210    30.1848    22.3211 -9.990e-29
 167.598785     -0.218  37.351211    14.7220    5.81756     -0.216    30.1921    22.3269 -9.990e-29
 167.598791     -0.223  37.352595    14.7218    5.82038     -0.221    30.1935    22.3280 -9.990e-29
 167.598796     -0.221  37.346548    14.7227    5.81987     -0.219    30.1874    22.3231 -9.990e-29
 167.598802     -0.214  37.327827    14.7245    5.81101     -0.212    30.1691    22.3087 -9.990e-29
 167.598808     -0.204  37.308505    14.7262    5.79944     -0.202    30.1505    22.2940 -9.990e-29
 167.598814     -0.195  37.304338    14.7268    5.81185     -0.193    30.1463    22.2906 -9.990e-29
 167.598819     -0.183  37.286228    14.7271    5.81731     -0.181    30.1297    22.2779 -9.990e-29
 167.598825     -0.162  37.270986    14.7280    5.82732     -0.161    30.1154    22.2666 -9.990e-29
 167.598831     -0.136  37.296639    14.7295    5.83294     -0.135    30.1372    22.2831 -9.990e-29
 167.598837     -0.111  37.316072    14.7307    5.82254     -0.110    30.1537    22.2956 -9.990e-29
 167.598843     -0.086  37.315949    14.7312    5.80769     -0.085    30.1532    22.2951 -9.990e-29
 167.598848     -0.059  37.325848    14.7314    5.80035     -0.059    30.1620    22.3018 -9.990e-29
 167.598854     -0.037  37.338227    14.7320    5.81092     -0.037    30.1726    22.3098 -9.990e-29
 167.598860     -0.018  37.350535    14.7325    5.82985     -0.018    30.1833    22.3180 -9.990e-29
 167.598866     -0.002  37.360684    14.7322    5.83306     -0.002    30.1926    22.3252 -9.990e-29
 167.598872      0.008  37.363711    14.7319    5.82298      0.008    30.1956    22.3275 -9.990e-29
 167.598877      0.014  37.364225    14.7324    5.81364      0.014    30.1956    22.3275 -9.990e-29
 167.598883      0.015  37.364609    14.7341    5.80934      0.015    30.1947    22.3264 -9.990e-29
 167.598889      0.016  37.365391    14.7363    5.81160      0.016    30.1937    22.3252 -9.990e-29
 167.598895      0.021  37.365944    14.7386    5.81532      0.021    30.1924    22.3237 -9.990e-29
 167.598900      0.030  37.366458    14.7409    5.82132      0.030    30.1910    22.3222 -9.990e-29
 167.598906      0.040  37.367633    14.7423    5.82720      0.040    30.1910    22.3219 -9.990e-29
 167.598912      0.046  37.368805    14.7429    5.82282      0.046    30.1916    22.3222 -9.990e-29
 167.598918      0.055  37.369310    14.7435    5.82132      0.055    30.1916    22.3221 -9.990e-29
 167.598924      0.070  37.369275    14.7442    5.81118      0.069    30.1910    22.3215 -9.990e-29
 167.598929      0.093  37.369226    14.7453    5.81957      0.092    30.1901    22.3205 -9.990e-29
 167.598935      0.120  37.369675    14.7471    5.82951      0.119    30.1891    22.3194 -9.990e-29
 167.598941      0.145  37.370673    14.7493    5.83256      0.144    30.1883    22.3183 -9.990e-29
 167.598947      0.166  37.371880    14.7512    5.82182      0.165    30.1879    22.3176 -9.990e-29
 167.598953      0.183  37.372676    14.7523    5.82400      0.181    30.1877    22.3173 -9.990e-29
 167.598958      0.197  37.373014    14.7526    5.83246      0.195    30.1878    22.3173 -9.990e-29
 167.598964      0.210  37.373360    14.7521    5.83483      0.208    30.1885    22.3179 -9.990e-29
 167.598970      0.223  37.373627    14.7511    5.82480      0.221    30.1895    22.3189 -9.990e-29
 167.598976      0.235  37.373625    14.7486    5.79762      0.233    30.1914    22.3209 -9.990e-29
 167.598981      0.249  37.373366    14.7412    5.79197      0.247    30.1969    22.3267 -9.990e-29
 167.598987      0.264  37.371956    14.7277    5.81867      0.262    30.2061    22.3366 -9.990e-29
 167.598993      0.282  37.368093    14.7147    5.83901      0.280    30.2127    22.3444 -9.990e-29
 167.598999      0.303  37.363367    14.7093    5.86025      0.300    30.2127    22.3454 -9.990e-29
 167.599005      0.326  37.361024    14.7113    5.85680      0.323    30.2090    22.3422 -9.990e-29
 167.599010      0.347  37.361317    14.7169    5.83334      0.344    30.2049    22.3379 -9.990e-29
 167.599016      0.367  37.362406    14.7219    5.81916      0.364    30.2020    22.3346 -9.990e-29
 167.599022      0.383  37.362951    14.7245    5.81826      0.380    30.2005    22.3329 -9.990e-29
 167.599028      0.397  37.363133    14.7258    5.82434      0.394    30.1996    22.3320 -9.990e-29
 167.599034      0.414  37.363773    14.7272    5.84832      0.411    30.1991    22.3313 -9.990e-29
 167.599039      0.430  37.364617    14.7295    5.84647      0.426    30.1981    22.3300 -9.990e-29
 167.599045      0.442  37.365119    14.7325    5.83620      0.438    30.1962    22.3279 -9.990e-29
 167.599051      0.451  37.365401    14.7354    5.81850      0.447    30.1942    22.3258 -9.990e-29
 167.599057      0.454  37.365665    14.7366    5.80310      0.450    30.1935    22.3250 -9.990e-29
 167.599063      0.445  37.365711    14.7350    5.81893      0.441    30.1948    22.3263 -9.990e-29
 167.599068      0.429  37.364861    14.7316    5.83324      0.425    30.1967    22.3285 -9.990e-29
 167.599074      0.418  37.363678    14.7280    5.84724      0.415    30.1984    22.3306 -9.990e-29
 167.599080      0.420  37.363770    14.7267    5.85326      0.416    30.1995    22.3317 -9.990e-29
 167.599086      0.425  37.364708    14.7294    5.84461      0.421    30.1982    22.3301 -9.990e-29
 167.599091      0.426  37.365502    14.7338    5.83290      0.422    30.1955    22.3271 -9.990e-29
 167.599097      0.423  37.366096    14.7369    5.81358      0.419    30.1937    22.3251 -9.990e-29
 167.599103      0.420  37.366170    14.7387    5.81528      0.416    30.1924    22.3237 -9.990e-29
 167.599109      0.426  37.365830    14.7402    5.82173      0.422    30.1909    22.3222 -9.990e-29
 167.599115      0.440  37.365752    14.7415    5.83219      0.436    30.1898    22.3211 -9.990e-29
 167.599120      0.455  37.365837    14.7423    5.83935      0.451    30.1892    22.3205 -9.990e-29
 167.599126      0.464  37.365647    14.7425    5.83194      0.460    30.1889    22.3202 -9.990e-29
 167.599132      0.462  37.364935    14.7427    5.83500      0.458    30.1881    22.3196 -9.990e-29
 167.599138      0.459  37.363319    14.7430    5.82620      0.455    30.1864    22.3182 -9.990e-29
 167.599144      0.462  37.362015    14.7439    5.81339      0.458    30.1846    22.3166 -9.990e-29
 167.599149      0.467  37.363220    14.7452    5.82139      0.463    30.1846    22.3164 -9.990e-29
 167.599155      0.471  37.366305    14.7452    5.83128      0.467    30.1874    22.3185 -9.990e-29
 167.599161      0.474  37.368098    14.7426    5.83737      0.470    30.1910    22.3218 -9.990e-29
 167.599167      0.476  37.367071    14.7388    5.85176      0.472    30.1931    22.3242 -9.990e-29
 167.599172      0.477  37.365226    14.7347    5.84087      0.473    30.1946    22.3262 -9.990e-29
 167.599178      0.477  37.364598    14.7326    5.83063      0.473    30.1956    22.3275 -9.990e-29
 167.599184      0.476  37.364915    14.7344    5.80847      0.472    30.1945    22.3262 -9.990e-29
 167.599190      0.474  37.364924    14.7359    5.79180      0.470    30.1934    22.3250 -9.990e-29
 167.599196      0.471  37.362962    14.7308    5.80505      0.467    30.1956    22.3278 -9.990e-29
 167.599201      0.466  37.360345    14.7177    5.82587      0.462    30.2034    22.3365 -9.990e-29
 167.599207      0.464  37.358641    14.7056    5.86190      0.460    30.2112    22.3451 -9.990e-29
 167.599213      0.470  37.356707    14.7056    5.86815      0.466    30.2095    22.3438 -9.990e-29
 167.599219      0.478  37.356455    14.7177    5.84645      0.474    30.1999    22.3338 -9.990e-29
 167.599225      0.485  37.359798    14.7322    5.82564      0.481    30.1916    22.3245 -9.990e-29
 167.599230      0.492  37.363347    14.7395    5.79639      0.488    30.1892    22.3210 -9.990e-29
 167.599236      0.499  37.362309    14.7362    5.79660      0.495    30.1908    22.3230 -9.990e-29
 167.599242      0.506  37.358674    14.7272    5.82922      0.502    30.1945    22.3277 -9.990e-29
 167.599248      0.515  37.357701    14.7208    5.83976      0.511    30.1986    22.3322 -9.990e-29
 167.599253      0.525  37.358659    14.7147    5.85986      0.521    30.2042    22.3378 -9.990e-29
 167.599259      0.532  37.358904    14.7066    5.85384      0.528    30.2107    22.3445 -9.990e-29
 167.599265      0.534  37.357648    14.7063    5.84691      0.530    30.2098    22.3438 -9.990e-29
 167.599271      0.535  37.356587    14.7168    5.84274      0.531    30.2007    22.3346 -9.990e-29
 167.599277      0.538  37.358237    14.7302    5.83419      0.534    30.1918    22.3250 -9.990e-29
 167.599282      0.544  37.361438    14.7398    5.83392      0.539    30.1872    22.3195 -9.990e-29
 167.599288      0.553  37.361494    14.7435    5.83085      0.548    30.1844    22.3165 -9.990e-29
 167.599294      0.567  37.350078    14.7429    5.83161      0.562    30.1746    22.3091 -9.990e-29
 167.599300      0.585  37.308610    14.7406    5.84036      0.580    30.1391    22.2823 -9.990e-29
 167.599306      0.606  37.276037    14.7395    5.84857      0.601    30.1107    22.2607 -9.990e-29
 167.599311      0.624  37.305408    14.7407    5.85506      0.619    30.1362    22.2800 -9.990e-29
 167.599317      0.643  37.345587    14.7428    5.85311      0.638    30.1706    22.3061 -9.990e-29
 167.599323      0.659  37.359289    14.7442    5.83258      0.653    30.1818    22.3144 -9.990e-29
 167.599329      0.672  37.365350    14.7453    5.83693      0.666    30.1864    22.3177 -9.990e-29
 167.599334      0.689  37.367935    14.7470    5.84423      0.683    30.1874    22.3181 -9.990e-29
 167.599340      0.705  37.368814    14.7495    5.85428      0.699    30.1863    22.3167 -9.990e-29
 167.599346      0.718  37.369728    14.7521    5.86090      0.712    30.1851    22.3153 -9.990e-29
 167.599352      0.728  37.370218    14.7536    5.84985      0.722    30.1843    22.3144 -9.990e-29
 167.599358      0.736  37.368700    14.7541    5.83640      0.730    30.1826    22.3129 -9.990e-29
 167.599363      0.743  37.364841    14.7550    5.82610      0.737    30.1784    22.3095 -9.990e-29
 167.599369      0.748  37.363600    14.7557    5.82572      0.742    30.1768    22.3081 -9.990e-29
 167.599375      0.753  37.367254    14.7536    5.83133      0.747    30.1817    22.3123 -9.990e-29
 167.599381      0.757  37.370028    14.7498    5.84634      0.751    30.1871    22.3173 -9.990e-29
 167.599387      0.761  37.370017    14.7490    5.85266      0.755    30.1877    22.3179 -9.990e-29
 167.599392      0.765  37.370581    14.7517    5.84717      0.759    30.1861    22.3162 -9.990e-29
 167.599398      0.770  37.372476    14.7541    5.84332      0.764    30.1860    22.3155 -9.990e-29
 167.599404      0.775  37.373747    14.7554    5.83639      0.769    30.1861    22.3154 -9.990e-29
 167.599410      0.781  37.373293    14.7573    5.83312      0.774    30.1842    22.3135 -9.990e-29
 167.599416      0.788  37.372761    14.7593    5.83516      0.781    30.1822    22.3115 -9.990e-29
 167.599421      0.797  37.373129    14.7602    5.83795      0.790    30.1818    22.3111 -9.990e-29
 167.599427      0.808  37.373776    14.7595    5.83645      0.801    30.1829    22.3121 -9.990e-29
 167.599433      0.823  37.374448    14.7574    5.83254      0.816    30.1851    22.3142 -9.990e-29
 167.599439      0.842  37.374368    14.7538    5.83039      0.835    30.1879    22.3171 -9.990e-29
 167.599444      0.861  37.373436    14.7503    5.84464      0.854    30.1897    22.3192 -9.990e-29
 167.599450      0.878  37.372658    14.7484    5.84535      0.871    30.1905    22.3202 -9.990e-29
 167.599456      0.894  37.372126    14.7474    5.83724      0.887    30.1908    22.3207 -9.990e-29
 167.599462      0.911  37.371135    14.7447    5.82669      0.903    30.1920    22.3221 -9.990e-29
 167.599468      0.928  37.368933    14.7369    5.81934      0.920    30.1960    22.3269 -9.990e-29
 167.599473      0.943  37.365394    14.7229    5.82245      0.935    30.2037    22.3357 -9.990e-29
 167.599479      0.952  37.360854    14.7079    5.83357      0.944    30.2113    22.3447 -9.990e-29
 167.599485      0.957  37.355997    14.6990    5.85224      0.949    30.2138    22.3485 -9.990e-29
