data/oxygen options/OCNMS/OCNMS2/raw_data/2004/CTD_CE90_100404faedb.cnv
* Sea-Bird SBE19 Data File:
* FileName = C:\WINDOWS\Desktop\put hypoxia files here\CTD data\October 04_05-04\raw\CE90_100404.hex
* Software Version 1.1.4
* Temperature SN = 2997
* Conductivity SN = 2997
* System UpLoad Time = Oct 04 2004 15:14:52
* SEACAT PROFILER V3.1c SN 2997   10/04/04  15:18:36.752
* strain gauge pressure sensor: S/N = 184829,  range = 3000 psia,  tc = 40
# nquan = 9
# nvalues = 92                          
# units = specified
# name 0 = timeJ: Julian Days
# name 1 = prSM: Pressure, Strain Gauge [db]
# name 2 = c0mS/cm: Conductivity [mS/cm]
# name 3 = t090C: Temperature [ITS-90, deg C]
# name 4 = oxML/L: Oxygen, Beckman/YSI [ml/l]
# name 5 = depSM: Depth [salt water, m], lat = 47.5
# name 6 = sal00: Salinity, Practical [PSU]
# name 7 = sigma-é00: Density [sigma-theta, kg/m^3]
# name 8 = flag: flag
# span 0 = 278.536583, 278.537761       
# span 1 =      2.000,     93.000       
# span 2 =  34.485550,  38.682560       
# span 3 =     7.6625,    15.7330       
# span 4 =    2.01129,    6.86778       
# span 5 =      1.983,     92.203       
# span 6 =    30.0635,    33.7310       
# span 7 =    22.0128,    26.3276       
# span 8 = 0.0000e+00, 0.0000e+00       
# interval = decibars: 1                
# start_time = Oct 04 2004 12:47:49 [Instrument's time stamp, header]
# bad_flag = -9.990e-29
*END*
 278.536583      2.000  38.081246    15.7330    6.78161      1.983    30.0635    22.0128 0.0000e+00
 278.536606      3.000  38.050293    15.5715    6.83577      2.975    30.1591    22.1213 0.0000e+00
 278.536621      4.000  38.109737    15.5116    6.86778      3.966    30.2571    22.2095 0.0000e+00
 278.536634      5.000  38.240383    15.4662    6.84106      4.958    30.4072    22.3347 0.0000e+00
 278.536645      6.000  38.340618    15.3441    6.69578      5.950    30.5903    22.5018 0.0000e+00
 278.536656      7.000  38.403713    15.1103    6.42616      6.941    30.8294    22.7357 0.0000e+00
 278.536668      8.000  38.492121    14.8245    6.11396      7.933    31.1350    23.0317 0.0000e+00
 278.536678      9.000  38.610911    14.5362    5.76677      8.925    31.4735    23.3531 0.0000e+00
 278.536689     10.000  38.682560    14.1820    5.35100      9.916    31.8280    23.7000 0.0000e+00
 278.536699     11.000  38.583896    13.7672    4.89301     10.908    32.0815    23.9804 0.0000e+00
 278.536709     12.000  38.333196    13.2291    4.57778     11.900    32.3017    24.2582 0.0000e+00
 278.536719     13.000  37.986085    12.5169    4.38033     12.891    32.5833    24.6153 0.0000e+00
 278.536730     14.000  37.481190    11.8545    4.21056     13.883    32.6748    24.8113 0.0000e+00
 278.536740     15.000  37.159376    11.5535    4.13104     14.874    32.6260    24.8285 0.0000e+00
 278.536751     16.000  37.006167    11.3341    4.13064     15.866    32.6692    24.9017 0.0000e+00
 278.536762     17.000  36.832966    11.1080    4.09474     16.857    32.6988    24.9652 0.0000e+00
 278.536773     18.000  36.678044    10.9122    3.98668     17.849    32.7195    25.0158 0.0000e+00
 278.536784     19.000  36.525510    10.6645    3.92498     18.841    32.7891    25.1133 0.0000e+00
 278.536795     20.000  36.292821    10.2928    3.93958     19.832    32.8905    25.2561 0.0000e+00
 278.536807     21.000  35.998331     9.9162    3.92003     20.824    32.9343    25.3534 0.0000e+00
 278.536818     22.000  35.762302     9.6668    3.86593     21.815    32.9211    25.3842 0.0000e+00
 278.536829     23.000  35.608980     9.4480    3.87913     22.807    32.9644    25.4536 0.0000e+00
 278.536839     24.000  35.379321     9.0588    3.97798     23.798    33.0864    25.6111 0.0000e+00
 278.536850     25.000  35.054246     8.7264    4.09008     24.790    33.0566    25.6395 0.0000e+00
 278.536861     26.000  34.871696     8.5427    4.17641     25.781    33.0362    25.6515 0.0000e+00
 278.536872     27.000  34.754434     8.3947    4.23381     26.773    33.0509    25.6853 0.0000e+00
 278.536883     28.000  34.651627     8.2615    4.27167     27.764    33.0668    25.7177 0.0000e+00
 278.536893     29.000  34.575681     8.1534    4.28264     28.756    33.0876    25.7501 0.0000e+00
 278.536905     30.000  34.531074     8.0834    4.24969     29.748    33.1058    25.7747 0.0000e+00
 278.536916     31.000  34.512927     8.0399    4.19808     30.739    33.1271    25.7978 0.0000e+00
 278.536927     32.000  34.507960     8.0052    4.12861     31.730    33.1543    25.8241 0.0000e+00
 278.536938     33.000  34.514902     7.9736    4.04890     32.722    33.1912    25.8577 0.0000e+00
 278.536949     34.000  34.516713     7.9344    4.01794     33.714    33.2298    25.8938 0.0000e+00
 278.536960     35.000  34.498455     7.8934    4.01747     34.705    33.2489    25.9148 0.0000e+00
 278.536971     36.000  34.488162     7.8524    4.02888     35.696    33.2765    25.9424 0.0000e+00
 278.536982     37.000  34.485550     7.8200    4.03319     36.688    33.3041    25.9687 0.0000e+00
 278.536993     38.000  34.494409     7.7966    4.00315     37.680    33.3355    25.9968 0.0000e+00
 278.537002     39.000  34.510386     7.7800    3.95950     38.671    33.3681    26.0249 0.0000e+00
 278.537013     40.000  34.518116     7.7698    3.91896     39.662    33.3856    26.0401 0.0000e+00
 278.537025     41.000  34.517267     7.7615    3.88145     40.653    33.3923    26.0465 0.0000e+00
 278.537037     42.000  34.516493     7.7553    3.83934     41.645    33.3969    26.0510 0.0000e+00
 278.537049     43.000  34.515732     7.7533    3.81983     42.637    33.3975    26.0518 0.0000e+00
 278.537061     44.000  34.515732     7.7524    3.79971     43.628    33.3978    26.0522 0.0000e+00
 278.537074     45.000  34.515708     7.7510    3.78451     44.620    33.3988    26.0532 0.0000e+00
 278.537085     46.000  34.516520     7.7474    3.76314     45.611    33.4026    26.0567 0.0000e+00
 278.537096     47.000  34.520942     7.7424    3.73122     46.602    33.4116    26.0645 0.0000e+00
 278.537106     48.000  34.532188     7.7375    3.68676     47.594    33.4279    26.0781 0.0000e+00
 278.537117     49.000  34.550185     7.7347    3.65190     48.585    33.4496    26.0955 0.0000e+00
 278.537129     50.000  34.567178     7.7338    3.59508     49.576    33.4682    26.1103 0.0000e+00
 278.537141     51.000  34.575607     7.7339    3.54912     50.568    33.4767    26.1170 0.0000e+00
 278.537154     52.000  34.580966     7.7338    3.51287     51.560    33.4820    26.1212 0.0000e+00
 278.537165     53.000  34.588341     7.7340    3.49288     52.551    33.4893    26.1269 0.0000e+00
 278.537177     54.000  34.597209     7.7348    3.44407     53.542    33.4976    26.1333 0.0000e+00
 278.537189     55.000  34.609263     7.7361    3.37115     54.534    33.5089    26.1419 0.0000e+00
 278.537200     56.000  34.630050     7.7366    3.28194     55.525    33.5303    26.1587 0.0000e+00
 278.537213     57.000  34.651947     7.7320    3.17748     56.517    33.5578    26.1810 0.0000e+00
 278.537225     58.000  34.672995     7.7195    3.06140     57.508    33.5920    26.2097 0.0000e+00
 278.537238     59.000  34.693399     7.7099    2.96905     58.499    33.6227    26.2353 0.0000e+00
 278.537249     60.000  34.706183     7.7051    2.89239     59.491    33.6406    26.2501 0.0000e+00
 278.537262     61.000  34.718814     7.7007    2.83075     60.482    33.6581    26.2644 0.0000e+00
 278.537274     62.000  34.732089     7.6938    2.76865     61.473    33.6786    26.2815 0.0000e+00
 278.537285     63.000  34.742574     7.6828    2.65885     62.465    33.7000    26.2999 0.0000e+00
 278.537296     64.000  34.750293     7.6723    2.50172     63.456    33.7180    26.3157 0.0000e+00
 278.537308     65.000  34.753248     7.6687    2.40035     64.447    33.7242    26.3211 0.0000e+00
 278.537319     66.000  34.753588     7.6687    2.34051     65.438    33.7241    26.3210 0.0000e+00
 278.537330     67.000  34.754009     7.6681    2.29824     66.430    33.7247    26.3215 0.0000e+00
 278.537343     68.000  34.753291     7.6680    2.26120     67.422    33.7236    26.3206 0.0000e+00
 278.537355     69.000  34.752795     7.6684    2.24395     68.412    33.7221    26.3194 0.0000e+00
 278.537368     70.000  34.753376     7.6685    2.23120     69.404    33.7221    26.3195 0.0000e+00
 278.537380     71.000  34.754145     7.6689    2.22642     70.395    33.7221    26.3194 0.0000e+00
 278.537393     72.000  34.754239     7.6691    2.21721     71.386    33.7216    26.3190 0.0000e+00
 278.537405     73.000  34.753699     7.6688    2.20495     72.378    33.7208    26.3184 0.0000e+00
 278.537418     74.000  34.753957     7.6680    2.19085     73.369    33.7214    26.3190 0.0000e+00
 278.537432     75.000  34.754382     7.6680    2.17752     74.361    33.7213    26.3190 0.0000e+00
 278.537445     76.000  34.754504     7.6678    2.15541     75.352    33.7212    26.3190 0.0000e+00
 278.537458     77.000  34.754851     7.6672    2.13041     76.343    33.7216    26.3194 0.0000e+00
 278.537470     78.000  34.755663     7.6668    2.11679     77.334    33.7224    26.3201 0.0000e+00
 278.537483     79.000  34.755601     7.6671    2.09912     78.326    33.7216    26.3194 0.0000e+00
 278.537495     80.000  34.755660     7.6672    2.08269     79.317    33.7211    26.3190 0.0000e+00
 278.537507     81.000  34.756018     7.6679    2.07217     80.308    33.7204    26.3183 0.0000e+00
 278.537519     82.000  34.756168     7.6676    2.06697     81.299    33.7203    26.3183 0.0000e+00
 278.537532     83.000  34.756301     7.6671    2.07189     82.291    33.7205    26.3186 0.0000e+00
 278.537546     84.000  34.757208     7.6674    2.07164     83.282    33.7207    26.3187 0.0000e+00
 278.537561     85.000  34.757814     7.6675    2.06177     84.273    33.7207    26.3187 0.0000e+00
 278.537575     86.000  34.757954     7.6675    2.05457     85.265    33.7204    26.3185 0.0000e+00
 278.537589     87.000  34.758673     7.6679    2.04894     86.256    33.7203    26.3184 0.0000e+00
 278.537602     88.000  34.759569     7.6679    2.04717     87.247    33.7208    26.3187 0.0000e+00
 278.537617     89.000  34.760128     7.6672    2.05084     88.238    33.7216    26.3196 0.0000e+00
 278.537630     90.000  34.761632     7.6654    2.06211     89.230    33.7245    26.3221 0.0000e+00
 278.537645     91.000  34.764101     7.6632    2.03662     90.221    33.7288    26.3258 0.0000e+00
 278.537662     92.000  34.765926     7.6625    2.01942     91.212    33.7310    26.3276 0.0000e+00
 278.537761     93.000  34.759622     7.6673    2.01129     92.203    33.7191    26.3176 0.0000e+00
