data/oxygen options/OCNMS/OCNMS2/raw_data/2004/CTD_CE70_072604faed.cnv
* Sea-Bird SBE19 Data File:
* FileName = C:\WINDOWS\Desktop\put hypoxia files here\CTD files\july 24_25-04\CE\CE7-042407.hex
* Software Version 1.1.4
* Temperature SN = 2997
* Conductivity SN = 2997
* System UpLoad Time = Jul 26 2004 14:38:16
* SEACAT PROFILER V3.1c SN 2997   07/26/04  14:37:46.492
* strain gauge pressure sensor: S/N = 184829,  range = 3000 psia,  tc = 40
# nquan = 9                                 
# nvalues = 733                         
# units = specified
# name 0 = timeJ: Julian Days
# name 1 = prSM: Pressure, Strain Gauge [db]
# name 2 = c0mS/cm: Conductivity [mS/cm]
# name 3 = t090C: Temperature [ITS-90, deg C]
# name 4 = oxML/L: Oxygen, Beckman/YSI [ml/l]
# name 5 = depSM: Depth [salt water, m], lat = 47.5
# name 6 = sal00: Salinity, Practical [PSU]
# name 7 = sigma-é00: Density [sigma-theta, kg/m^3]
# name 8 = flag: flag
# span 0 = 208.560671, 208.564907       
# span 1 =     -5.430,     70.081       
# span 2 =   0.541552,  39.759183       
# span 3 =     7.3202,    15.5407       
# span 4 =   -0.05243,   29.63647       
# span 5 =     -5.385,     69.484       
# span 6 =     0.3246,    33.8055       
# span 7 =    -0.7192,    26.4342       
# span 8 = 0.0000e+00, 0.0000e+00       
# interval = seconds: 0.5
# start_time = Jul 26 2004 13:27:22 [Instrument's time stamp, header]
# bad_flag = -9.990e-29
*END*
[from data line 321]
 208.562529      0.463  39.544685    14.6889    7.99288      0.459    32.1990    23.8798 -9.990e-29
 208.562535      0.461  39.552610    14.6998    7.97528      0.457    32.1972    23.8761 -9.990e-29
 208.562541      0.467  39.563079    14.7036    7.96897      0.463    32.2036    23.8802 -9.990e-29
 208.562546      0.475  39.567057    14.6992    7.97349      0.471    32.2108    23.8867 -9.990e-29
 208.562552      0.482  39.563126    14.6917    7.98208      0.478    32.2135    23.8903 -9.990e-29
 208.562558      0.488  39.555594    14.6870    7.97701      0.484    32.2105    23.8891 -9.990e-29
 208.562564      0.495  39.550698    14.6867    7.96275      0.491    32.2063    23.8859 -9.990e-29
 208.562569      0.501  39.550892    14.6874    7.94989      0.497    32.2059    23.8854 -9.990e-29
 208.562575      0.509  39.552514    14.6854    7.95744      0.505    32.2090    23.8883 -9.990e-29
 208.562581      0.517  39.551565    14.6783    7.97583      0.513    32.2141    23.8936 -9.990e-29
 208.562587      0.527  39.546230    14.6674    7.99065      0.523    32.2182    23.8992 -9.990e-29
 208.562593      0.535  39.536137    14.6610    7.98941      0.531    32.2144    23.8976 -9.990e-29
 208.562598      0.537  39.528594    14.6631    7.98159      0.533    32.2058    23.8905 -9.990e-29
 208.562604      0.538  39.530382    14.6640    7.97754      0.534    32.2067    23.8910 -9.990e-29
 208.562610      0.542  39.532110    14.6568    7.97447      0.537    32.2142    23.8983 -9.990e-29
 208.562616      0.549  39.526554    14.6451    7.98546      0.544    32.2189    23.9044 -9.990e-29
 208.562622      0.560  39.517540    14.6356    8.00498      0.555    32.2185    23.9061 -9.990e-29
 208.562627      0.575  39.508204    14.6345    7.99817      0.570    32.2110    23.9005 -9.990e-29
 208.562633      0.591  39.505181    14.6405    7.99158      0.586    32.2032    23.8933 -9.990e-29
 208.562639      0.600  39.510618    14.6465    7.97865      0.595    32.2032    23.8920 -9.990e-29
 208.562645      0.604  39.516626    14.6476    7.99284      0.599    32.2077    23.8953 -9.990e-29
 208.562650      0.611  39.517759    14.6419    8.00954      0.606    32.2135    23.9009 -9.990e-29
 208.562656      0.621  39.512171    14.6349    8.01156      0.616    32.2142    23.9029 -9.990e-29
 208.562662      0.631  39.504765    14.6375    8.01046      0.626    32.2053    23.8955 -9.990e-29
 208.562668      0.641  39.506994    14.6504    7.99955      0.636    32.1967    23.8861 -9.990e-29
 208.562674      0.648  39.519591    14.6642    8.00369      0.643    32.1967    23.8832 -9.990e-29
 208.562679      0.647  39.532432    14.6717    8.00462      0.642    32.2021    23.8858 -9.990e-29
 208.562685      0.640  39.539083    14.6734    8.02060      0.635    32.2067    23.8890 -9.990e-29
 208.562691      0.629  39.540569    14.6742    8.01944      0.624    32.2074    23.8894 -9.990e-29
 208.562697      0.618  39.541126    14.6773    8.01846      0.613    32.2054    23.8872 -9.990e-29
 208.562703      0.607  39.544312    14.6822    8.01031      0.602    32.2042    23.8852 -9.990e-29
 208.562708      0.599  39.549335    14.6860    8.01141      0.594    32.2056    23.8855 -9.990e-29
 208.562714      0.598  39.552802    14.6872    8.02135      0.593    32.2078    23.8869 -9.990e-29
 208.562720      0.604  39.553736    14.6861    8.02412      0.599    32.2095    23.8885 -9.990e-29
 208.562726      0.612  39.552268    14.6840    8.01819      0.607    32.2099    23.8893 -9.990e-29
 208.562731      0.616  39.549815    14.6825    8.00423      0.611    32.2089    23.8888 -9.990e-29
 208.562737      0.615  39.548728    14.6816    8.00492      0.610    32.2087    23.8888 -9.990e-29
 208.562743      0.617  39.548686    14.6788    8.01848      0.612    32.2110    23.8912 -9.990e-29
 208.562749      0.627  39.545715    14.6723    8.01893      0.622    32.2137    23.8946 -9.990e-29
 208.562755      0.642  39.538107    14.6663    8.00659      0.637    32.2117    23.8944 -9.990e-29
 208.562760      0.658  39.531999    14.6659    7.99161      0.653    32.2065    23.8905 -9.990e-29
 208.562766      0.675  39.532721    14.6690    8.00190      0.669    32.2046    23.8883 -9.990e-29
 208.562772      0.692  39.536192    14.6709    8.01765      0.686    32.2062    23.8891 -9.990e-29
 208.562778      0.704  39.537509    14.6715    8.02419      0.698    32.2069    23.8895 -9.990e-29
 208.562784      0.713  39.538064    14.6729    8.02597      0.707    32.2062    23.8887 -9.990e-29
 208.562789      0.719  39.539718    14.6761    8.01122      0.713    32.2050    23.8872 -9.990e-29
 208.562795      0.722  39.543161    14.6803    8.01850      0.716    32.2047    23.8860 -9.990e-29
 208.562801      0.723  39.547339    14.6835    8.02178      0.717    32.2058    23.8862 -9.990e-29
 208.562807      0.722  39.549560    14.6860    8.02727      0.716    32.2058    23.8856 -9.990e-29
 208.562813      0.718  39.551070    14.6888    8.02290      0.712    32.2048    23.8843 -9.990e-29
 208.562818      0.712  39.553850    14.6923    8.01576      0.706    32.2045    23.8833 -9.990e-29
 208.562824      0.706  39.557086    14.6957    8.01548      0.700    32.2046    23.8827 -9.990e-29
 208.562830      0.706  39.559449    14.6962    8.01479      0.700    32.2063    23.8839 -9.990e-29
 208.562836      0.707  39.559008    14.6936    8.01500      0.701    32.2081    23.8858 -9.990e-29
 208.562841      0.709  39.556264    14.6913    8.01205      0.703    32.2075    23.8858 -9.990e-29
 208.562847      0.715  39.553698    14.6895    8.00980      0.709    32.2066    23.8856 -9.990e-29
 208.562853      0.724  39.552345    14.6845    8.00999      0.718    32.2095    23.8889 -9.990e-29
 208.562859      0.730  39.549806    14.6754    8.01097      0.724    32.2148    23.8948 -9.990e-29
 208.562865      0.734  39.542662    14.6676    8.00644      0.728    32.2148    23.8965 -9.990e-29
 208.562870      0.736  39.535381    14.6649    8.01736      0.730    32.2104    23.8937 -9.990e-29
 208.562876      0.737  39.533369    14.6657    8.02282      0.731    32.2079    23.8916 -9.990e-29
 208.562882      0.736  39.534470    14.6691    8.03282      0.730    32.2061    23.8894 -9.990e-29
 208.562888      0.734  39.537314    14.6754    8.03323      0.728    32.2034    23.8861 -9.990e-29
 208.562894      0.730  39.542852    14.6827    8.02429      0.724    32.2024    23.8838 -9.990e-29
 208.562899      0.724  39.549459    14.6899    8.02216      0.718    32.2025    23.8823 -9.990e-29
 208.562905      0.720  39.556373    14.6953    8.03364      0.714    32.2043    23.8825 -9.990e-29
 208.562911      0.722  39.561562    14.6960    8.03807      0.716    32.2084    23.8855 -9.990e-29
 208.562917      0.730  39.561253    14.6941    8.02936      0.724    32.2097    23.8869 -9.990e-29
 208.562922      0.745  39.558369    14.6947    8.01656      0.739    32.2066    23.8844 -9.990e-29
 208.562928      0.759  39.558571    14.6977    8.00411      0.753    32.2042    23.8820 -9.990e-29
 208.562934      0.765  39.561532    14.6948    8.01963      0.759    32.2093    23.8865 -9.990e-29
 208.562940      0.766  39.559944    14.6814    8.03436      0.760    32.2190    23.8968 -9.990e-29
 208.562946      0.768  39.548292    14.6689    8.04591      0.762    32.2188    23.8993 -9.990e-29
 208.562951      0.770  39.535694    14.6705    8.02561      0.764    32.2060    23.8891 -9.990e-29
 208.562957      0.773  39.536738    14.6835    8.00698      0.767    32.1962    23.8788 -9.990e-29
 208.562963      0.776  39.550534    14.6929    8.00946      0.770    32.2009    23.8804 -9.990e-29
 208.562969      0.781  39.561219    14.6868    8.02498      0.774    32.2157    23.8931 -9.990e-29
 208.562975      0.787  39.554958    14.6679    8.04017      0.780    32.2257    23.9048 -9.990e-29
 208.562980      0.794  39.537398    14.6527    8.02919      0.787    32.2223    23.9054 -9.990e-29
 208.562986      0.804  39.525490    14.6538    8.01408      0.797    32.2106    23.8962 -9.990e-29
 208.562992      0.817  39.527447    14.6655    8.02369      0.810    32.2027    23.8876 -9.990e-29
 208.562998      0.829  39.538546    14.6733    8.03452      0.822    32.2063    23.8887 -9.990e-29
 208.563003      0.837  39.546059    14.6716    8.03575      0.830    32.2145    23.8954 -9.990e-29
 208.563009      0.841  39.543704    14.6682    8.03424      0.834    32.2152    23.8966 -9.990e-29
 208.563015      0.842  39.538408    14.6719    8.02209      0.835    32.2073    23.8898 -9.990e-29
 208.563021      0.843  39.539908    14.6795    8.02133      0.836    32.2024    23.8844 -9.990e-29
 208.563027      0.846  39.546805    14.6832    8.03347      0.839    32.2055    23.8861 -9.990e-29
 208.563032      0.845  39.549747    14.6816    8.03185      0.838    32.2095    23.8895 -9.990e-29
 208.563038      0.846  39.545891    14.6796    8.01982      0.839    32.2077    23.8885 -9.990e-29
 208.563044      0.851  39.542969    14.6816    8.02045      0.844    32.2034    23.8847 -9.990e-29
 208.563050      0.859  39.546029    14.6846    8.02526      0.852    32.2037    23.8843 -9.990e-29
 208.563056      0.864  39.549578    14.6808    8.04707      0.857    32.2100    23.8900 -9.990e-29
 208.563061      0.871  39.548217    14.6676    8.06928      0.864    32.2197    23.9003 -9.990e-29
 208.563067      0.886  39.537857    14.6563    8.08791      0.879    32.2197    23.9027 -9.990e-29
 208.563073      0.908  39.526532    14.6596    8.09888      0.900    32.2067    23.8919 -9.990e-29
 208.563079      0.940  39.529967    14.6720    8.09696      0.932    32.1995    23.8838 -9.990e-29
 208.563084      0.979  39.542606    14.6787    8.08847      0.971    32.2054    23.8869 -9.990e-29
 208.563090      1.024  39.549284    14.6698    8.07467      1.015    32.2188    23.8991 -9.990e-29
 208.563096      1.080  39.543728    14.6374    8.04151      1.071    32.2406    23.9228 -9.990e-29
 208.563102      1.153  39.516815    14.5811    8.02279      1.143    32.2629    23.9518 -9.990e-29
 208.563108      1.238  39.465172    14.5079    8.00558      1.228    32.2767    23.9779 -9.990e-29
 208.563113      1.340  39.399578    14.4185    8.00801      1.329    32.2913    24.0079 -9.990e-29
 208.563119      1.471  39.321180    14.3145    8.04174      1.459    32.3064    24.0413 0.0000e+00
 208.563125      1.634  39.229204    14.2064    8.17501      1.620    32.3125    24.0685 0.0000e+00
 208.563131      1.831  39.135060    14.1038    8.37833      1.816    32.3119    24.0892 0.0000e+00
 208.563137      2.062  39.046702    14.0132    8.50080      2.045    32.3064    24.1037 0.0000e+00
 208.563142      2.324  38.966332    13.9429    8.58029      2.305    32.2912    24.1064 0.0000e+00
 208.563148      2.617  38.902312    13.8871    8.57534      2.595    32.2789    24.1083 0.0000e+00
 208.563154      2.942  38.852825    13.8151    8.45365      2.917    32.2935    24.1343 0.0000e+00
 208.563160      3.303  38.791114    13.7030    8.19190      3.275    32.3307    24.1858 0.0000e+00
 208.563166      3.701  38.693205    13.5400    7.84057      3.670    32.3773    24.2547 0.0000e+00
 208.563171      4.136  38.556983    13.2698    7.44050      4.101    32.4797    24.3879 0.0000e+00
 208.563177      4.610  38.356165    12.8012    7.07798      4.571    32.6929    24.6451 0.0000e+00
 208.563183      5.123  37.982821    12.1666    6.74837      5.080    32.8894    24.9191 0.0000e+00
 208.563189      5.673  37.432156    11.5217    6.37655      5.626    32.9248    25.0662 0.0000e+00
 208.563194      6.262  36.880750    10.9740    6.03639      6.210    32.8703    25.1222 0.0000e+00
 208.563200      6.887  36.432846    10.5547    5.69607      6.829    32.8003    25.1408 0.0000e+00
 208.563206      7.546  36.092819    10.2463    5.43510      7.483    32.7363    25.1436 0.0000e+00
 208.563212      8.238  35.846810    10.0126    5.25663      8.169    32.6985    25.1533 0.0000e+00
 208.563218      8.960  35.660530     9.8345    5.13907      8.885    32.6702    25.1607 0.0000e+00
 208.563223      9.702  35.514853     9.7021    5.08479      9.621    32.6415    25.1599 0.0000e+00
 208.563229     10.455  35.407791     9.6040    5.05563     10.367    32.6208    25.1597 0.0000e+00
 208.563235     11.216  35.333339     9.5280    5.02777     11.122    32.6132    25.1662 0.0000e+00
 208.563241     11.982  35.280200     9.4696    4.97288     11.882    32.6115    25.1742 0.0000e+00
 208.563247     12.754  35.244191     9.4278    4.91301     12.647    32.6122    25.1815 0.0000e+00
 208.563252     13.534  35.222111     9.3961    4.83479     13.421    32.6181    25.1911 0.0000e+00
 208.563258     14.317  35.206342     9.3635    4.75496     14.197    32.6312    25.2066 0.0000e+00
 208.563264     15.091  35.188155     9.3173    4.71260     14.965    32.6543    25.2321 0.0000e+00
 208.563270     15.856  35.158959     9.2411    4.66636     15.723    32.6936    25.2749 0.0000e+00
 208.563275     16.616  35.107823     9.1198    4.64907     16.477    32.7516    25.3394 0.0000e+00
 208.563281     17.373  35.019229     8.9713    4.62589     17.227    32.7961    25.3975 0.0000e+00
 208.563287     18.123  34.902271     8.8492    4.58973     17.971    32.7867    25.4090 0.0000e+00
 208.563293     18.864  34.802777     8.7765    4.56887     18.706    32.7497    25.3912 0.0000e+00
 208.563299     19.589  34.747241     8.7219    4.56694     19.425    32.7418    25.3934 0.0000e+00
 208.563304     20.295  34.712015     8.6613    4.56677     20.125    32.7607    25.4175 0.0000e+00
 208.563310     20.974  34.670274     8.5883    4.57021     20.798    32.7843    25.4470 0.0000e+00
 208.563316     21.628  34.616777     8.5044    4.55671     21.446    32.8057    25.4765 0.0000e+00
 208.563322     22.267  34.564242     8.4254    4.51296     22.080    32.8236    25.5024 0.0000e+00
 208.563328     22.902  34.536199     8.3513    4.47561     22.710    32.8628    25.5443 0.0000e+00
 208.563333     23.531  34.523241     8.2774    4.43356     23.333    32.9180    25.5985 0.0000e+00
 208.563339     24.146  34.501881     8.2110    4.38623     23.943    32.9573    25.6392 0.0000e+00
 208.563345     24.752  34.474429     8.1534    4.37146     24.544    32.9820    25.6671 0.0000e+00
 208.563351     25.359  34.445720     8.1034    4.35929     25.146    32.9983    25.6872 0.0000e+00
 208.563356     25.965  34.416675     8.0633    4.35437     25.747    33.0049    25.6983 0.0000e+00
 208.563362     26.566  34.391131     8.0329    4.34780     26.343    33.0060    25.7037 0.0000e+00
 208.563368     27.159  34.371426     8.0106    4.34308     26.931    33.0058    25.7067 0.0000e+00
 208.563374     27.737  34.358718     7.9975    4.33852     27.504    33.0043    25.7075 0.0000e+00
 208.563380     28.299  34.353963     7.9914    4.31334     28.061    33.0047    25.7087 0.0000e+00
 208.563385     28.851  34.355834     7.9851    4.28002     28.608    33.0124    25.7157 0.0000e+00
 208.563391     29.402  34.365110     7.9771    4.17519     29.155    33.0296    25.7304 0.0000e+00
 208.563397     29.953  34.389082     7.9694    4.06639     29.701    33.0622    25.7571 0.0000e+00
 208.563403     30.500  34.425488     7.9602    3.92590     30.243    33.1096    25.7956 0.0000e+00
 208.563409     31.043  34.462854     7.9513    3.77294     30.782    33.1577    25.8346 0.0000e+00
 208.563414     31.580  34.499398     7.9460    3.63439     31.314    33.2015    25.8698 0.0000e+00
 208.563420     32.104  34.531676     7.9428    3.49216     31.834    33.2388    25.8996 0.0000e+00
 208.563426     32.612  34.551119     7.9390    3.39311     32.337    33.2629    25.9191 0.0000e+00
 208.563432     33.097  34.558955     7.9331    3.31656     32.818    33.2767    25.9308 0.0000e+00
 208.563437     33.564  34.560553     7.9215    3.26214     33.281    33.2893    25.9423 0.0000e+00
 208.563443     34.029  34.557453     7.9006    3.20986     33.742    33.3056    25.9583 0.0000e+00
