data/oxygen options/OCNMS/OCNMS2/raw_data/2004/CTD_CE80_100404faed.cnv
* Sea-Bird SBE19 Data File:
* FileName = C:\WINDOWS\Desktop\put hypoxia files here\CTD data\October 04_05-04\raw\CE80_100404.hex
* Software Version 1.1.4
* Temperature SN = 2997
* Conductivity SN = 2997
* System UpLoad Time = Oct 04 2004 15:16:09
* SEACAT PROFILER V3.1c SN 2997   10/04/04  15:20:07.387
* strain gauge pressure sensor: S/N = 184829,  range = 3000 psia,  tc = 40
# nquan = 9                                 
# nvalues = 780                         
# units = specified
# name 0 = timeJ: Julian Days
# name 1 = prSM: Pressure, Strain Gauge [db]
# name 2 = c0mS/cm: Conductivity [mS/cm]
# name 3 = t090C: Temperature [ITS-90, deg C]
# name 4 = oxML/L: Oxygen, Beckman/YSI [ml/l]
# name 5 = depSM: Depth [salt water, m], lat = 47.5
# name 6 = sal00: Salinity, Practical [PSU]
# name 7 = sigma-é00: Density [sigma-theta, kg/m^3]
# name 8 = flag: flag
# span 0 = 278.544086, 278.548594       
# span 1 =     -4.648,     81.818       
# span 2 =   0.927788,  38.656828       
# span 3 =     7.6922,    15.6465       
# span 4 =   -0.05458,   29.71955       
# span 5 =     -4.609,     81.119       
# span 6 =     0.5899,    33.6693       
# span 7 =    -0.2798,    26.2747       
# span 8 = 0.0000e+00, 0.0000e+00       
# interval = seconds: 0.5
# start_time = Oct 04 2004 13:03:29 [Instrument's time stamp, header]
# bad_flag = -9.990e-29
*END*
 278.544086     -4.644 -9.990e-29    13.8852   -0.05457     -4.605 -9.990e-29 -9.990e-29 -9.990e-29
 278.544091     -4.648   0.954484    13.8858   -0.05458     -4.609     0.6076    -0.2662 -9.990e-29
 278.544097     -4.648   0.939572    13.8860   -0.04519     -4.609     0.5977    -0.2739 -9.990e-29
 278.544103     -4.641   0.927788    13.8850   -0.04385     -4.602     0.5899    -0.2798 -9.990e-29
 278.544109     -4.625   0.937850    13.8822   -0.04361     -4.586     0.5966    -0.2742 -9.990e-29
 278.544115     -4.601   0.984420    13.8758   -0.04352     -4.563     0.6276    -0.2492 -9.990e-29
 278.544120     -4.571   1.072112    13.8652   -0.04357     -4.533     0.6863    -0.2023 -9.990e-29
 278.544126     -4.532   1.231218    13.8559   -0.04369     -4.494     0.7933    -0.1180 -9.990e-29
 278.544132     -4.479   1.494769    13.8584   -0.04379     -4.442     0.9720     0.0201 -9.990e-29
 278.544138     -4.411   1.931879    13.8932   -0.04380     -4.374     1.2715     0.2471 -9.990e-29
 278.544144     -4.330   2.917626    14.0155   -0.04375     -4.294     1.9587     0.7610 -9.990e-29
 278.544149     -4.229   5.659132    14.3785   -0.04371     -4.194     3.9254     2.2231 -9.990e-29
 278.544155     -4.103  13.753414    14.9473   -0.04369     -4.069    10.0538     6.8335 -9.990e-29
 278.544161     -3.951  25.866926    15.3862   -0.04365     -3.918    19.7887    14.2060 -9.990e-29
 278.544167     -3.787  33.930479    15.5712   -0.04367     -3.755    26.5608    19.3586 -9.990e-29
 278.544172     -3.616  36.610045    15.6073   -0.04368     -3.586    28.8694    21.1227 -9.990e-29
 278.544178     -3.436  37.485809    15.5691   -0.04371     -3.407    29.6661    21.7429 -9.990e-29
 278.544184     -3.248  37.734501    15.5202   -0.04376     -3.221    29.9220    21.9500 -9.990e-29
 278.544190     -3.067  37.778622    15.5003   -0.04379     -3.041    29.9759    21.9957 -9.990e-29
 278.544196     -2.911  37.784161    15.5137   -0.04381     -2.887    29.9706    21.9887 -9.990e-29
 278.544201     -2.782  37.801167    15.5424   -0.04381     -2.759    29.9637    21.9773 -9.990e-29
 278.544207     -2.672  37.825441    15.5723   -0.04383     -2.650    29.9624    21.9698 -9.990e-29
 278.544213     -2.576  37.836684    15.5940   -0.04382     -2.555    29.9557    21.9600 -9.990e-29
 278.544219     -2.485  37.829752    15.5968   -0.04383     -2.464    29.9475    21.9530 -9.990e-29
 278.544225     -2.395  37.813410    15.5806   -0.04381     -2.375    29.9454    21.9549 -9.990e-29
 278.544230     -2.309  37.800699    15.5509   -0.04382     -2.290    29.9567    21.9700 -9.990e-29
 278.544236     -2.234  37.799963    15.5159   -0.04383     -2.215    29.9826    21.9975 -9.990e-29
 278.544242     -2.169  37.801295    15.4870   -0.04384     -2.151    30.0058    22.0215 -9.990e-29
 278.544248     -2.110  37.792494    15.4700   -0.04383     -2.092    30.0109    22.0291 -9.990e-29
 278.544253     -2.054  37.778699    15.4622   -0.04382     -2.037    30.0047    22.0260 -9.990e-29
 278.544259     -2.001  37.765119    15.4586   -0.04383     -1.984    29.9954    22.0197 -9.990e-29
 278.544265     -1.957  37.747157    15.4561   -0.04383     -1.941    29.9814    22.0095 -9.990e-29
 278.544271     -1.922  37.728396    15.4552   -0.04386     -1.906    29.9655    21.9974 -9.990e-29
 278.544277     -1.891  37.720328    15.4562   -0.04386     -1.875    29.9576    21.9912 -9.990e-29
 278.544282     -1.857  37.725149    15.4559   -0.04384     -1.842    29.9621    21.9947 -9.990e-29
 278.544288     -1.822  37.733634    15.4526   -0.04384     -1.807    29.9721    22.0030 -9.990e-29
 278.544294     -1.793  37.734155    15.4492   -0.04384     -1.778    29.9751    22.0061 -9.990e-29
 278.544300     -1.772  37.728018    15.4481   -0.04388     -1.757    29.9705    22.0028 -9.990e-29
 278.544306     -1.753  37.726721    15.4486   -0.04389     -1.738    29.9690    22.0015 -9.990e-29
 278.544311     -1.731  37.733073    15.4465   -0.04388     -1.717    29.9762    22.0075 -9.990e-29
 278.544317     -1.709  37.735966    15.4391   -0.04387     -1.695    29.9844    22.0154 -9.990e-29
 278.544323     -1.690  37.730898    15.4303   -0.04391     -1.676    29.9866    22.0190 -9.990e-29
 278.544329     -1.672  37.723502    15.4281   -0.04391     -1.658    29.9817    22.0157 -9.990e-29
 278.544334     -1.655  37.717987    15.4318   -0.04387     -1.641    29.9740    22.0090 -9.990e-29
 278.544340     -1.637  37.715461    15.4334   -0.04386     -1.623    29.9706    22.0060 -9.990e-29
 278.544346     -1.617  37.712609    15.4268   -0.04386     -1.604    29.9731    22.0094 -9.990e-29
 278.544352     -1.595  37.709609    15.4138   -0.04390     -1.582    29.9803    22.0177 -9.990e-29
 278.544358     -1.572  37.705319    15.4036   -0.04391     -1.559    29.9843    22.0230 -9.990e-29
 278.544363     -1.552  37.697434    15.3994   -0.04389     -1.539    29.9805    22.0210 -9.990e-29
 278.544369     -1.533  37.691753    15.3941   -0.04388     -1.520    29.9795    22.0213 -9.990e-29
 278.544375     -1.518  37.694211    15.3863   -0.04388     -1.505    29.9876    22.0292 -9.990e-29
 278.544381     -1.507  37.699726    15.3862   -0.04389     -1.494    29.9926    22.0331 -9.990e-29
 278.544387     -1.494  37.703362    15.3960   -0.04388     -1.482    29.9883    22.0277 -9.990e-29
 278.544392     -1.479  37.711701    15.4039   -0.04387     -1.467    29.9897    22.0270 -9.990e-29
 278.544398     -1.456  37.721893    15.4007   -0.04387     -1.444    30.0011    22.0365 -9.990e-29
 278.544404     -1.424  37.725708    15.3899   -0.04391     -1.412    30.0127    22.0477 -9.990e-29
 278.544410     -1.390  37.723804    15.3843   -0.04391     -1.378    30.0153    22.0509 -9.990e-29
 278.544416     -1.360  37.719300    15.3885   -0.04388     -1.349    30.0081    22.0445 -9.990e-29
 278.544421     -1.336  37.716335    15.3940   -0.04388     -1.325    30.0013    22.0381 -9.990e-29
 278.544427     -1.316  37.715490    15.3953   -0.04387     -1.305    29.9995    22.0364 -9.990e-29
 278.544433     -1.300  37.714572    15.3959   -0.04387     -1.289    29.9983    22.0353 -9.990e-29
 278.544439     -1.282  37.713533    15.3990   -0.04388     -1.271    29.9950    22.0321 -9.990e-29
 278.544444     -1.262  37.715524    15.4002   -0.04390     -1.251    29.9958    22.0325 -9.990e-29
 278.544450     -1.241  37.720449    15.3935   -0.04392     -1.231    30.0053    22.0412 -9.990e-29
 278.544456     -1.219  37.724833    15.3827   -0.04390     -1.209    30.0174    22.0529 -9.990e-29
 278.544462     -1.199  37.725600    15.3800   -0.04388     -1.189    30.0201    22.0555 -9.990e-29
 278.544468     -1.183  37.722702    15.3879   -0.04387     -1.173    30.0115    22.0472 -9.990e-29
 278.544473     -1.166  37.721298    15.3972   -0.04388     -1.156    30.0032    22.0388 -9.990e-29
 278.544479     -1.144  37.721250    15.4012   -0.04391     -1.134    30.0001    22.0356 -9.990e-29
 278.544485     -1.118  37.720305    15.3993   -0.04390     -1.109    30.0007    22.0365 -9.990e-29
 278.544491     -1.091  37.721181    15.3918   -0.04388     -1.082    30.0071    22.0431 -9.990e-29
 278.544497     -1.063  37.724540    15.3808   -0.04388     -1.054    30.0185    22.0541 -9.990e-29
 278.544502     -1.034  37.727620    15.3740   -0.04387     -1.025    30.0264    22.0617 -9.990e-29
 278.544508     -1.008  37.726727    15.3779   -0.04389     -1.000    30.0226    22.0579 -9.990e-29
 278.544514     -0.983  37.724644    15.3873   -0.04389     -0.975    30.0136    22.0490 -9.990e-29
 278.544520     -0.958  37.727619    15.3922   -0.04388     -0.950    30.0125    22.0471 -9.990e-29
 278.544525     -0.930  37.733502    15.3886   -0.04387     -0.922    30.0204    22.0540 -9.990e-29
 278.544531     -0.903  37.738417    15.3813   -0.04387     -0.895    30.0303    22.0631 -9.990e-29
 278.544537     -0.879  37.740555    15.3806   -0.04389     -0.872    30.0328    22.0652 -9.990e-29
 278.544543     -0.856  37.740575    15.3876   -0.04389     -0.849    30.0274    22.0596 -9.990e-29
 278.544549     -0.833  37.743041    15.3936   -0.04388     -0.826    30.0250    22.0564 -9.990e-29
 278.544554     -0.813  37.746804    15.3931   -0.04388     -0.806    30.0287    22.0594 -9.990e-29
 278.544560     -0.799  37.748524    15.3881   -0.04388     -0.792    30.0341    22.0645 -9.990e-29
 278.544566     -0.785  37.748306    15.3863   -0.04388     -0.778    30.0352    22.0658 -9.990e-29
 278.544572     -0.767  37.747593    15.3905   -0.04388     -0.761    30.0314    22.0620 -9.990e-29
 278.544578     -0.743  37.749412    15.3949   16.15373     -0.737    30.0296    22.0597 -9.990e-29
 278.544583     -0.716  37.751753    15.3941   27.96682     -0.710    30.0323    22.0619 -9.990e-29
 278.544589     -0.693  37.751620    15.3899   29.71955     -0.687    30.0354    22.0652 -9.990e-29
 278.544595     -0.676  37.750009    15.3885   26.18191     -0.670    30.0350    22.0652 -9.990e-29
 278.544601     -0.661  37.747629    15.3912   17.18601     -0.655    30.0308    22.0614 -9.990e-29
 278.544606     -0.642  37.745843    15.3939   13.52153     -0.637    30.0272    22.0580 -9.990e-29
 278.544612     -0.622  37.745128    15.3948   13.52648     -0.617    30.0259    22.0568 -9.990e-29
 278.544618     -0.605  37.744583    15.3952   13.48836     -0.600    30.0251    22.0561 -9.990e-29
 278.544624     -0.588  37.744095    15.3970   13.47923     -0.583    30.0233    22.0544 -9.990e-29
 278.544630     -0.572  37.745871    15.3999   13.47581     -0.567    30.0226    22.0532 -9.990e-29
 278.544635     -0.554  37.755694    15.4023   11.24040     -0.549    30.0295    22.0580 -9.990e-29
 278.544641     -0.539  37.772132    15.4039    7.35898     -0.535    30.0428    22.0679 -9.990e-29
 278.544647     -0.529  37.784067    15.4045    5.24104     -0.525    30.0529    22.0755 -9.990e-29
 278.544653     -0.519  37.788398    15.4041    4.46413     -0.515    30.0570    22.0788 -9.990e-29
 278.544659     -0.506  37.789269    15.4034    5.30043     -0.502    30.0583    22.0799 -9.990e-29
 278.544664     -0.491  37.789014    15.4034    6.44048     -0.487    30.0581    22.0797 -9.990e-29
 278.544670     -0.479  37.789028    15.4039    6.77701     -0.475    30.0577    22.0793 -9.990e-29
 278.544676     -0.468  37.789384    15.4043    6.98533     -0.464    30.0577    22.0793 -9.990e-29
 278.544682     -0.463  37.789485    15.4039    7.10076     -0.459    30.0581    22.0797 -9.990e-29
 278.544688     -0.462  37.788958    15.4031    7.16889     -0.458    30.0582    22.0799 -9.990e-29
 278.544693     -0.462  37.788272    15.4031    7.19994     -0.458    30.0576    22.0795 -9.990e-29
 278.544699     -0.463  37.788249    15.4041    7.22684     -0.459    30.0569    22.0787 -9.990e-29
 278.544705     -0.460  37.788910    15.4046    7.23875     -0.456    30.0571    22.0787 -9.990e-29
 278.544711     -0.448  37.789506    15.4038    7.25280     -0.444    30.0582    22.0797 -9.990e-29
 278.544716     -0.428  37.789203    15.4023    7.26322     -0.424    30.0591    22.0807 -9.990e-29
 278.544722     -0.402  37.788209    15.4011    7.25968     -0.399    30.0591    22.0810 -9.990e-29
 278.544728     -0.378  37.787493    15.4005    7.26657     -0.375    30.0589    22.0810 -9.990e-29
 278.544734     -0.356  37.787275    15.4006    7.25339     -0.353    30.0586    22.0808 -9.990e-29
 278.544740     -0.338  37.787317    15.4014    7.25176     -0.335    30.0580    22.0802 -9.990e-29
 278.544745     -0.320  37.787726    15.4025    7.24776     -0.317    30.0576    22.0795 -9.990e-29
 278.544751     -0.303  37.788539    15.4032    7.25097     -0.300    30.0577    22.0795 -9.990e-29
 278.544757     -0.285  37.789208    15.4030    7.24173     -0.283    30.0585    22.0801 -9.990e-29
 278.544763     -0.264  37.788996    15.4024    7.22996     -0.262    30.0587    22.0805 -9.990e-29
 278.544769     -0.245  37.788233    15.4024    7.22111     -0.243    30.0581    22.0800 -9.990e-29
 278.544774     -0.229  37.788198    15.4032    7.21799     -0.227    30.0574    22.0793 -9.990e-29
 278.544780     -0.212  37.788895    15.4036    7.22000     -0.210    30.0577    22.0794 -9.990e-29
 278.544786     -0.192  37.789064    15.4031    7.22877     -0.190    30.0582    22.0799 -9.990e-29
 278.544792     -0.178  37.788420    15.4027    7.20836     -0.177    30.0580    22.0798 -9.990e-29
 278.544797     -0.167  37.787841    15.4028    7.20204     -0.166    30.0574    22.0793 -9.990e-29
 278.544803     -0.151  37.787728    15.4030    7.19608     -0.150    30.0571    22.0791 -9.990e-29
 278.544809     -0.129  37.787600    15.4027    7.19376     -0.128    30.0572    22.0793 -9.990e-29
 278.544815     -0.108  37.787314    15.4017    7.18760     -0.107    30.0577    22.0799 -9.990e-29
 278.544821     -0.090  37.787257    15.4009    7.18577     -0.089    30.0583    22.0805 -9.990e-29
 278.544826     -0.075  37.787376    15.4010    7.18656     -0.074    30.0583    22.0804 -9.990e-29
 278.544832     -0.062  37.787467    15.4013    7.17431     -0.061    30.0582    22.0803 -9.990e-29
 278.544838     -0.050  37.787659    15.4011    7.17155     -0.050    30.0585    22.0806 -9.990e-29
 278.544844     -0.038  37.787657    15.4008    7.15708     -0.038    30.0587    22.0808 -9.990e-29
 278.544850     -0.025  37.787465    15.4014    7.15867     -0.025    30.0581    22.0802 -9.990e-29
 278.544855     -0.011  37.787956    15.4030    7.16452     -0.011    30.0573    22.0792 -9.990e-29
 278.544861      0.005  37.789233    15.4044    7.15186      0.005    30.0573    22.0790 -9.990e-29
 278.544867      0.024  37.790200    15.4051    7.14789      0.024    30.0576    22.0791 -9.990e-29
 278.544873      0.044  37.790475    15.4051    7.14213      0.044    30.0579    22.0792 -9.990e-29
 278.544878      0.062  37.790432    15.4044    7.14718      0.061    30.0584    22.0798 -9.990e-29
 278.544884      0.082  37.790022    15.4030    7.14873      0.081    30.0591    22.0806 -9.990e-29
 278.544890      0.106  37.789266    15.4010    7.14520      0.105    30.0599    22.0817 -9.990e-29
 278.544896      0.122  37.788286    15.3996    7.13498      0.121    30.0601    22.0821 -9.990e-29
 278.544902      0.124  37.787464    15.3998    7.12315      0.123    30.0592    22.0814 -9.990e-29
 278.544907      0.119  37.787395    15.4005    7.13460      0.118    30.0586    22.0808 -9.990e-29
 278.544913      0.121  37.787992    15.4005    7.13109      0.120    30.0592    22.0812 -9.990e-29
 278.544919      0.134  37.788380    15.3999    7.13034      0.133    30.0600    22.0820 -9.990e-29
 278.544925      0.154  37.787961    15.3996    7.12595      0.153    30.0598    22.0819 -9.990e-29
 278.544931      0.174  37.787306    15.3999    7.11581      0.173    30.0590    22.0812 -9.990e-29
 278.544936      0.191  37.787232    15.4006    7.10803      0.189    30.0584    22.0806 -9.990e-29
 278.544942      0.206  37.787647    15.4012    7.10931      0.204    30.0583    22.0804 -9.990e-29
 278.544948      0.219  37.787992    15.4015    7.10187      0.217    30.0584    22.0804 -9.990e-29
 278.544954      0.233  37.788175    15.4019    7.10449      0.231    30.0582    22.0802 -9.990e-29
 278.544959      0.248  37.788446    15.4022    7.10886      0.246    30.0582    22.0801 -9.990e-29
 278.544965      0.264  37.788614    15.4019    7.09970      0.262    30.0586    22.0805 -9.990e-29
 278.544971      0.279  37.788352    15.4013    7.10102      0.277    30.0588    22.0808 -9.990e-29
 278.544977      0.289  37.787877    15.4008    7.10090      0.287    30.0588    22.0809 -9.990e-29
 278.544983      0.299  37.787685    15.4008    7.09174      0.297    30.0586    22.0807 -9.990e-29
 278.544988      0.314  37.788089    15.4006    7.09480      0.311    30.0591    22.0812 -9.990e-29
 278.544994      0.331  37.788515    15.4000    7.09500      0.328    30.0599    22.0819 -9.990e-29
 278.545000      0.346  37.788416    15.3996    7.09002      0.343    30.0602    22.0822 -9.990e-29
 278.545006      0.360  37.788229    15.4000    7.08912      0.357    30.0597    22.0817 -9.990e-29
