data/oxygen options/OCNMS/OCNMS2/raw_data/2004/CTD_TH80_102104faed.cnv
* Sea-Bird SBE19 Data File:
* FileName = C:\WINDOWS\Desktop\put hypoxia files here\CTD data\October 21-04\Th\raw\th80_102104.hex
* Software Version 1.1.4
* Temperature SN = 2997
* Conductivity SN = 2997
* System UpLoad Time = Oct 21 2004 12:34:55
* SEACAT PROFILER V3.1c SN 2997   10/21/04  12:39:57.129
* strain gauge pressure sensor: S/N = 184829,  range = 3000 psia,  tc = 40
# nquan = 9                                 
# nvalues = 1556                        
# units = specified
# name 0 = timeJ: Julian Days
# name 1 = prSM: Pressure, Strain Gauge [db]
# name 2 = c0mS/cm: Conductivity [mS/cm]
# name 3 = t090C: Temperature [ITS-90, deg C]
# name 4 = oxML/L: Oxygen, Beckman/YSI [ml/l]
# name 5 = depSM: Depth [salt water, m], lat = 47.5
# name 6 = sal00: Salinity, Practical [PSU]
# name 7 = sigma-é00: Density [sigma-theta, kg/m^3]
# name 8 = flag: flag
# span 0 = 295.487269, 295.496267       
# span 1 =     -4.864,     76.836       
# span 2 =   0.234621,  37.919688       
# span 3 =     7.8220,    13.0274       
# span 4 =   -0.05872,   34.31306       
# span 5 =     -4.823,     76.181       
# span 6 =     0.1522,    33.4383       
# span 7 =    -0.3151,    26.0744       
# span 8 = 0.0000e+00, 0.0000e+00       
# interval = seconds: 0.5
# start_time = Oct 21 2004 11:41:40 [Instrument's time stamp, header]
# bad_flag = -9.990e-29
*END*
[from data line 1281]
 295.494682     73.121  34.627385     7.8304    2.72543     72.498    33.4292    26.0660 0.0000e+00
 295.494688     72.800  34.627095     7.8314    2.74064     72.180    33.4281    26.0650 0.0000e+00
 295.494693     72.495  34.626895     7.8324    2.73376     71.877    33.4271    26.0640 0.0000e+00
 295.494699     72.192  34.627078     7.8332    2.74356     71.577    33.4266    26.0636 0.0000e+00
 295.494705     71.871  34.627326     7.8342    2.74114     71.259    33.4261    26.0630 0.0000e+00
 295.494711     71.516  34.627407     7.8361    2.73515     70.907    33.4245    26.0615 0.0000e+00
 295.494716     71.121  34.627429     7.8386    2.74587     70.515    33.4223    26.0594 0.0000e+00
 295.494722     70.692  34.627419     7.8407    2.73489     70.090    33.4205    26.0577 0.0000e+00
 295.494728     70.236  34.627365     7.8424    2.73299     69.638    33.4191    26.0563 0.0000e+00
 295.494734     69.757  34.627195     7.8446    2.73091     69.163    33.4170    26.0543 0.0000e+00
 295.494740     69.260  34.626682     7.8477    2.72849     68.670    33.4137    26.0513 0.0000e+00
 295.494745     68.752  34.625705     7.8510    2.74010     68.167    33.4097    26.0477 0.0000e+00
 295.494751     68.247  34.624643     7.8539    2.74170     67.666    33.4061    26.0444 0.0000e+00
 295.494757     67.760  34.623765     7.8559    2.74156     67.183    33.4034    26.0420 0.0000e+00
 295.494763     67.303  34.623024     7.8571    2.73945     66.730    33.4017    26.0405 0.0000e+00
 295.494769     66.887  34.622552     7.8582    2.72661     66.318    33.4004    26.0393 0.0000e+00
 295.494774     66.505  34.622284     7.8595    2.74150     65.939    33.3990    26.0380 0.0000e+00
 295.494780     66.142  34.621862     7.8608    2.75335     65.579    33.3975    26.0366 0.0000e+00
 295.494786     65.779  34.621281     7.8623    2.75048     65.220    33.3956    26.0349 0.0000e+00
 295.494792     65.394  34.620885     7.8646    2.76448     64.838    33.3932    26.0326 0.0000e+00
 295.494797     64.974  34.620707     7.8668    2.75929     64.422    33.3911    26.0307 0.0000e+00
 295.494803     64.528  34.620506     7.8683    2.75663     63.979    33.3896    26.0293 0.0000e+00
 295.494809     64.073  34.620018     7.8691    2.77346     63.528    33.3885    26.0284 0.0000e+00
 295.494815     63.624  34.619154     7.8694    2.76106     63.083    33.3875    26.0275 0.0000e+00
 295.494821     63.179  34.618445     7.8694    2.76765     62.642    33.3870    26.0271 0.0000e+00
 295.494826     62.725  34.618066     7.8690    2.78245     62.192    33.3872    26.0273 0.0000e+00
 295.494832     62.256  34.616950     7.8678    2.78897     61.727    33.3874    26.0276 0.0000e+00
 295.494838     61.779  34.614170     7.8664    2.81842     61.254    33.3859    26.0267 0.0000e+00
 295.494844     61.313  34.610504     7.8655    2.82590     60.792    33.3831    26.0246 0.0000e+00
 295.494850     60.866  34.607793     7.8650    2.83619     60.349    33.3809    26.0229 0.0000e+00
 295.494855     60.444  34.606345     7.8651    2.84705     59.931    33.3794    26.0217 0.0000e+00
 295.494861     60.041  34.605351     7.8657    2.84660     59.531    33.3780    26.0205 0.0000e+00
 295.494867     59.644  34.604607     7.8668    2.86605     59.138    33.3763    26.0190 0.0000e+00
 295.494873     59.250  34.604240     7.8681    2.87688     58.747    33.3749    26.0177 0.0000e+00
 295.494878     58.860  34.604320     7.8695    2.87164     58.360    33.3738    26.0166 0.0000e+00
 295.494884     58.474  34.604394     7.8709    2.88747     57.978    33.3727    26.0156 0.0000e+00
 295.494890     58.094  34.604561     7.8720    2.86953     57.601    33.3720    26.0149 0.0000e+00
 295.494896     57.721  34.605042     7.8727    2.86841     57.231    33.3721    26.0148 0.0000e+00
 295.494902     57.348  34.605357     7.8733    2.87317     56.861    33.3720    26.0147 0.0000e+00
 295.494907     56.961  34.605366     7.8739    2.86515     56.478    33.3716    26.0143 0.0000e+00
 295.494913     56.547  34.605080     7.8744    2.86708     56.067    33.3710    26.0137 0.0000e+00
 295.494919     56.102  34.604116     7.8748    2.87857     55.626    33.3698    26.0127 0.0000e+00
 295.494925     55.632  34.602311     7.8747    2.89491     55.160    33.3682    26.0115 0.0000e+00
 295.494931     55.155  34.600059     7.8742    2.91609     54.687    33.3665    26.0102 0.0000e+00
 295.494936     54.681  34.597537     7.8733    2.93324     54.217    33.3649    26.0090 0.0000e+00
 295.494942     54.212  34.594750     7.8722    2.93464     53.752    33.3632    26.0078 0.0000e+00
 295.494948     53.747  34.591727     7.8713    2.95093     53.291    33.3610    26.0063 0.0000e+00
 295.494954     53.292  34.588934     7.8709    2.96233     52.840    33.3586    26.0044 0.0000e+00
 295.494959     52.847  34.587518     7.8711    2.97377     52.399    33.3571    26.0032 0.0000e+00
 295.494965     52.406  34.587285     7.8713    2.99288     51.962    33.3569    26.0030 0.0000e+00
 295.494971     51.957  34.586816     7.8718    2.99955     51.517    33.3561    26.0023 0.0000e+00
 295.494977     51.494  34.586060     7.8729    3.00855     51.058    33.3545    26.0009 0.0000e+00
 295.494983     51.025  34.585700     7.8745    3.00591     50.593    33.3528    25.9993 0.0000e+00
 295.494988     50.572  34.585831     7.8767    2.99827     50.144    33.3510    25.9976 0.0000e+00
 295.494994     50.150  34.586642     7.8797    3.00298     49.725    33.3492    25.9958 0.0000e+00
 295.495000     49.756  34.588107     7.8834    2.99424     49.335    33.3475    25.9938 0.0000e+00
 295.495006     49.376  34.589388     7.8874    3.00299     48.958    33.3452    25.9914 0.0000e+00
 295.495012     48.988  34.589962     7.8928    3.01556     48.573    33.3408    25.9872 0.0000e+00
 295.495017     48.581  34.590046     7.9015    3.02819     48.170    33.3328    25.9797 0.0000e+00
 295.495023     48.150  34.589204     7.9137    3.06852     47.743    33.3205    25.9682 0.0000e+00
 295.495029     47.699  34.586886     7.9295    3.10495     47.295    33.3031    25.9523 0.0000e+00
 295.495035     47.232  34.583938     7.9516    3.15138     46.832    33.2792    25.9302 0.0000e+00
 295.495041     46.755  34.582611     7.9812    3.20403     46.360    33.2498    25.9029 0.0000e+00
 295.495046     46.275  34.585636     8.0152    3.24632     45.884    33.2210    25.8752 0.0000e+00
 295.495052     45.800  34.593698     8.0486    3.28074     45.413    33.1981    25.8524 0.0000e+00
 295.495058     45.331  34.603551     8.0765    3.32268     44.948    33.1824    25.8359 0.0000e+00
 295.495064     44.868  34.610973     8.0982    3.35629     44.489    33.1699    25.8230 0.0000e+00
 295.495069     44.411  34.616349     8.1214    3.39929     44.036    33.1539    25.8070 0.0000e+00
 295.495075     43.952  34.624061     8.1547    3.46216     43.581    33.1309    25.7840 0.0000e+00
 295.495081     43.484  34.637117     8.1952    3.50605     43.117    33.1067    25.7591 0.0000e+00
 295.495087     43.007  34.653320     8.2320    3.55728     42.644    33.0894    25.7400 0.0000e+00
 295.495093     42.529  34.666265     8.2604    3.61164     42.170    33.0766    25.7258 0.0000e+00
 295.495098     42.063  34.671930     8.2797    3.66637     41.708    33.0647    25.7135 0.0000e+00
 295.495104     41.617  34.672281     8.2907    3.72888     41.266    33.0549    25.7042 0.0000e+00
 295.495110     41.193  34.671166     8.2993    3.76402     40.845    33.0459    25.6958 0.0000e+00
 295.495116     40.782  34.668798     8.3065    3.80696     40.438    33.0368    25.6876 0.0000e+00
 295.495122     40.366  34.660910     8.3080    3.85879     40.025    33.0272    25.6799 0.0000e+00
 295.495127     39.935  34.644286     8.3024    3.92237     39.598    33.0151    25.6712 0.0000e+00
 295.495133     39.493  34.621999     8.2915    3.99967     39.160    33.0019    25.6625 0.0000e+00
 295.495139     39.044  34.598538     8.2763    4.08639     38.714    32.9916    25.6566 0.0000e+00
 295.495145     38.588  34.572907     8.2568    4.15528     38.262    32.9829    25.6528 0.0000e+00
 295.495150     38.106  34.542332     8.2412    4.21930     37.784    32.9654    25.6413 0.0000e+00
 295.495156     37.591  34.512023     8.2493    4.28683     37.274    32.9259    25.6091 0.0000e+00
 295.495162     37.056  34.503798     8.2826    4.33587     36.743    32.8863    25.5731 0.0000e+00
 295.495168     36.528  34.523514     8.3162    4.39611     36.220    32.8759    25.5600 0.0000e+00
 295.495174     36.020  34.544222     8.3419    4.41346     35.716    32.8740    25.5547 0.0000e+00
 295.495179     35.525  34.558241     8.3791    4.38493     35.225    32.8543    25.5337 0.0000e+00
 295.495185     35.033  34.582598     8.4518    4.34849     34.738    32.8125    25.4900 0.0000e+00
 295.495191     34.544  34.639693     8.5510    4.28972     34.253    32.7806    25.4500 0.0000e+00
 295.495197     34.060  34.724387     8.6403    4.20894     33.773    32.7868    25.4414 0.0000e+00
 295.495203     33.585  34.794910     8.7162    4.12214     33.302    32.7906    25.4327 0.0000e+00
 295.495208     33.118  34.850029     8.8020    4.00936     32.839    32.7690    25.4027 0.0000e+00
 295.495214     32.656  34.916730     8.8975    3.90266     32.381    32.7506    25.3735 0.0000e+00
 295.495220     32.195  34.986987     8.9845    3.81602     31.924    32.7437    25.3546 0.0000e+00
 295.495226     31.732  35.042941     9.0627    3.78767     31.465    32.7301    25.3317 0.0000e+00
 295.495231     31.267  35.090273     9.1398    3.81104     31.004    32.7085    25.3028 0.0000e+00
 295.495237     30.800  35.137737     9.2095    3.86800     30.541    32.6939    25.2804 0.0000e+00
 295.495243     30.327  35.179125     9.2753    3.91289     30.072    32.6766    25.2564 0.0000e+00
 295.495249     29.844  35.216947     9.3726    3.90914     29.593    32.6269    25.2021 0.0000e+00
 295.495255     29.347  35.280352     9.5514    3.89959     29.100    32.5296    25.0974 0.0000e+00
 295.495260     28.833  35.410170     9.8296    3.93826     28.590    32.4112    24.9596 0.0000e+00
 295.495266     28.313  35.624215    10.1430    4.02730     28.075    32.3473    24.8580 0.0000e+00
 295.495272     27.809  35.865349    10.3625    4.16669     27.575    32.3944    24.8578 0.0000e+00
 295.495278     27.340  36.014448    10.4474    4.31575     27.110    32.4685    24.9010 0.0000e+00
 295.495284     26.912  36.051717    10.5064    4.46932     26.686    32.4534    24.8792 0.0000e+00
 295.495289     26.522  36.081290    10.6417    4.59684     26.299    32.3628    24.7855 0.0000e+00
 295.495295     26.167  36.176256    10.8790    4.73247     25.947    32.2478    24.6548 0.0000e+00
 295.495301     25.833  36.349978    11.1981    4.87361     25.616    32.1398    24.5146 0.0000e+00
 295.495307     25.504  36.580659    11.5278    5.02520     25.290    32.0791    24.4084 0.0000e+00
 295.495313     25.167  36.815357    11.7953    5.18423     24.955    32.0762    24.3575 0.0000e+00
 295.495318     24.813  37.004805    11.9915    5.32211     24.604    32.0904    24.3324 0.0000e+00
 295.495324     24.450  37.145385    12.1414    5.44438     24.245    32.0971    24.3097 0.0000e+00
 295.495330     24.098  37.253539    12.2631    5.53656     23.895    32.0967    24.2865 0.0000e+00
 295.495336     23.777  37.338354    12.3697    5.58315     23.577    32.0868    24.2587 0.0000e+00
 295.495341     23.505  37.413122    12.4548    5.60413     23.308    32.0856    24.2416 0.0000e+00
 295.495347     23.291  37.466517    12.5301    5.63916     23.095    32.0723    24.2170 0.0000e+00
 295.495353     23.138  37.515358    12.6068    5.66403     22.944    32.0535    24.1878 -9.990e-29
 295.495359     23.045  37.580483    12.6425    5.66839     22.851    32.0851    24.2054 -9.990e-29
 295.495365     22.997  37.607406    12.6293    5.64502     22.804    32.1219    24.2365 -9.990e-29
 295.495370     22.980  37.588307    12.6127    5.59190     22.787    32.1179    24.2366 -9.990e-29
 295.495376     22.982  37.577381    12.6135    5.53727     22.789    32.1068    24.2278 -9.990e-29
 295.495382     22.991  37.585303    12.6165    5.49140     22.798    32.1118    24.2311 -9.990e-29
 295.495388     23.004  37.592354    12.5976    5.47437     22.811    32.1346    24.2524 -9.990e-29
 295.495394     23.030  37.582709    12.5479    5.46219     22.837    32.1679    24.2877 -9.990e-29
 295.495399     23.070  37.549133    12.4842    5.46807     22.876    32.1904    24.3173 -9.990e-29
 295.495405     23.115  37.503514    12.4387    5.44759     22.921    32.1858    24.3224 -9.990e-29
 295.495411     23.146  37.472524    12.4346    5.46015     22.952    32.1597    24.3029 -9.990e-29
 295.495417     23.151  37.473168    12.4709    5.48672     22.956    32.1293    24.2724 -9.990e-29
 295.495422     23.136  37.504625    12.5187    5.52604     22.942    32.1184    24.2549 -9.990e-29
 295.495428     23.108  37.542104    12.5501    5.55205     22.914    32.1273    24.2558 -9.990e-29
 295.495434     23.070  37.561004    12.5725    5.53367     22.876    32.1262    24.2507 -9.990e-29
 295.495440     23.018  37.573085    12.6029    5.51571     22.825    32.1118    24.2337 -9.990e-29
 295.495446     22.960  37.596153    12.6339    5.51121     22.767    32.1073    24.2243 -9.990e-29
 295.495451     22.911  37.621719    12.6484    5.51607     22.719    32.1193    24.2308 -9.990e-29
 295.495457     22.887  37.633970    12.6372    5.53743     22.695    32.1405    24.2493 -9.990e-29
 295.495463     22.885  37.626826    12.6035    5.54992     22.693    32.1624    24.2728 -9.990e-29
 295.495469     22.897  37.601435    12.5759    5.53753     22.705    32.1619    24.2777 -9.990e-29
 295.495475     22.915  37.580597    12.5815    5.53573     22.722    32.1372    24.2575 -9.990e-29
 295.495480     22.933  37.588131    12.6087    5.52708     22.740    32.1212    24.2399 -9.990e-29
 295.495486     22.945  37.611651    12.6331    5.52057     22.752    32.1227    24.2364 -9.990e-29
 295.495492     22.959  37.629808    12.6439    5.51452     22.766    32.1308    24.2405 -9.990e-29
 295.495498     22.974  37.635981    12.6419    5.47471     22.781    32.1383    24.2468 -9.990e-29
 295.495503     22.983  37.632809    12.6337    5.44157     22.790    32.1423    24.2514 -9.990e-29
 295.495509     22.982  37.627854    12.6209    5.46427     22.789    32.1485    24.2587 -9.990e-29
 295.495515     22.976  37.621809    12.5948    5.50298     22.783    32.1651    24.2765 -9.990e-29
 295.495521     22.972  37.606064    12.5514    5.56088     22.779    32.1872    24.3020 -9.990e-29
 295.495527     22.971  37.575902    12.5142    5.56005     22.778    32.1903    24.3115 -9.990e-29
 295.495532     22.959  37.548887    12.5251    5.55873     22.766    32.1552    24.2822 -9.990e-29
 295.495538     22.923  37.560229    12.5904    5.54869     22.730    32.1102    24.2349 -9.990e-29
 295.495544     22.865  37.612709    12.6674    5.51025     22.673    32.0945    24.2080 -9.990e-29
 295.495550     22.806  37.666383    12.7161    5.49224     22.614    32.1040    24.2060 -9.990e-29
 295.495556     22.770  37.695250    12.7270    5.50335     22.579    32.1222    24.2179 -9.990e-29
 295.495561     22.761  37.702496    12.6986    5.52161     22.570    32.1532    24.2474 -9.990e-29
 295.495567     22.776  37.683222    12.6299    5.54858     22.585    32.1936    24.2919 -9.990e-29
 295.495573     22.802  37.630249    12.5586    5.54505     22.610    32.2041    24.3137 -9.990e-29
 295.495579     22.819  37.574474    12.5494    5.54866     22.627    32.1589    24.2804 -9.990e-29
 295.495584     22.812  37.570525    12.6081    5.56214     22.620    32.1050    24.2274 -9.990e-29
 295.495590     22.780  37.621538    12.6753    5.56358     22.589    32.0962    24.2078 -9.990e-29
 295.495596     22.734  37.673831    12.7136    5.56997     22.543    32.1133    24.2136 -9.990e-29
