data/oxygen options/OCNMS/OCNMS2/raw_data/2004/CTD_CE20_061604faed.cnv
* Sea-Bird SBE19 Data File:
* FileName = C:\WINDOWS\Desktop\put hypoxia files here\CTD files\CE\CE20m061604.hex
* Software Version 1.1.4
* Temperature SN = 2997
* Conductivity SN = 2997
* System UpLoad Time = Jun 16 2004 11:22:42
** Cape Elizabethhypoxia June 16, 2004 20m CE-2
* SEACAT PROFILER V3.1c SN 2997   06/16/04  11:26:49.462
# nquan = 9                                 
# nvalues = 516                         
# units = specified
# name 0 = timeJ: Julian Days
# name 1 = prSM: Pressure, Strain Gauge [db]
# name 2 = c0mS/cm: Conductivity [mS/cm]
# name 3 = t090C: Temperature [ITS-90, deg C]
# name 4 = oxML/L: Oxygen, Beckman/YSI [ml/l]
# name 5 = depSM: Depth [salt water, m], lat = 47.5
# name 6 = sal00: Salinity, Practical [PSU]
# name 7 = sigma-é00: Density [sigma-theta, kg/m^3]
# name 8 = flag: flag
# span 0 = 168.374954, 168.377934       
# span 1 =     -5.305,     20.020       
# span 2 =   1.521938,  36.652489       
# span 3 =     8.4587,    14.8827       
# span 4 =  -12.17506,   29.68006       
# span 5 =     -5.261,     19.852       
# span 6 =     1.0628,    32.9527       
# span 7 =     0.0759,    25.5984       
# span 8 = 0.0000e+00, 0.0000e+00       
# interval = seconds: 0.5
# start_time = Jun 16 2004 08:59:56 [Instrument's time stamp, header]
# bad_flag = -9.990e-29
*END*
 168.374954     -5.305 -9.990e-29    13.9389   -0.04467     -5.261 -9.990e-29 -9.990e-29 -9.990e-29
 168.374959     -5.271   1.631676    13.9621   -0.04468     -5.227     1.0628     0.0759 -9.990e-29
 168.374965     -5.239   1.931793    14.0387   -0.04467     -5.195     1.2668     0.2229 -9.990e-29
 168.374971     -5.207   2.895477    14.1932   -0.04465     -5.164     1.9342     0.7163 -9.990e-29
 168.374977     -5.164   5.890417    14.3958   -0.04466     -5.121     4.0953     2.3511 -9.990e-29
 168.374983     -5.109  12.284706    14.6024   -0.04467     -5.066     8.9762     6.0657 -9.990e-29
 168.374988     -5.044  21.362976    14.7706   -0.04468     -5.002    16.3028    11.6518 -9.990e-29
 168.374994     -4.972  29.660728    14.8609   -0.04471     -4.931    23.3123    17.0102 -9.990e-29
 168.375000     -4.887  34.128641    14.8827   -0.04469     -4.846    27.2053    19.9960 -9.990e-29
 168.375006     -4.789  35.607249    14.8778   -0.04468     -4.749    28.5183    21.0065 -9.990e-29
 168.375012     -4.683  36.089377    14.8732   -0.04468     -4.644    28.9504    21.3398 -9.990e-29
 168.375017     -4.576  36.247605    14.8759   -0.04470     -4.538    29.0893    21.4461 -9.990e-29
 168.375023     -4.471  36.303580    14.8808   -0.04469     -4.434    29.1355    21.4806 -9.990e-29
 168.375029     -4.367  36.325228    14.8808   -0.04468     -4.331    29.1547    21.4954 -9.990e-29
 168.375035     -4.264  36.330784    14.8755   -0.04468     -4.228    29.1636    21.5033 -9.990e-29
 168.375041     -4.160  36.326559    14.8670   -0.04468     -4.125    29.1661    21.5071 -9.990e-29
 168.375046     -4.059  36.318722    14.8600   -0.04471     -4.025    29.1643    21.5071 -9.990e-29
 168.375052     -3.969  36.312549    14.8607   -0.04471     -3.936    29.1583    21.5023 -9.990e-29
 168.375058     -3.888  36.311606    14.8656   -0.04468     -3.856    29.1537    21.4978 -9.990e-29
 168.375064     -3.812  36.312976    14.8672   -0.04469     -3.780    29.1537    21.4975 -9.990e-29
 168.375069     -3.735  36.308418    14.8650   -0.04470     -3.704    29.1513    21.4961 -9.990e-29
 168.375075     -3.656  36.301416    14.8649   -0.04469     -3.626    29.1451    21.4913 -9.990e-29
 168.375081     -3.580  36.303408    14.8690   -0.04468     -3.550    29.1438    21.4895 -9.990e-29
 168.375087     -3.506  36.314267    14.8720   -0.04468     -3.477    29.1512    21.4946 -9.990e-29
 168.375093     -3.437  36.318773    14.8683   -0.04468     -3.408    29.1580    21.5005 -9.990e-29
 168.375098     -3.382  36.311746    14.8604   -0.04470     -3.354    29.1576    21.5019 -9.990e-29
 168.375104     -3.329  36.303467    14.8574   -0.04470     -3.301    29.1524    21.4985 -9.990e-29
 168.375110     -3.266  36.303672    14.8612   -0.04471     -3.239    29.1497    21.4957 -9.990e-29
 168.375116     -3.201  36.314341    14.8655   -0.04471     -3.174    29.1560    21.4996 -9.990e-29
 168.375122     -3.141  36.322243    14.8676   -0.04469     -3.115    29.1615    21.5034 -9.990e-29
 168.375127     -3.083  36.316627    14.8692   -0.04469     -3.057    29.1553    21.4983 -9.990e-29
 168.375133     -3.031  36.307418    14.8712   -0.04470     -3.006    29.1455    21.4904 -9.990e-29
 168.375139     -2.979  36.308718    14.8721   -0.04470     -2.954    29.1460    21.4906 -9.990e-29
 168.375145     -2.925  36.319480    14.8705   -0.04471     -2.901    29.1568    21.4992 -9.990e-29
 168.375150     -2.870  36.327162    14.8674   -0.04473     -2.846    29.1659    21.5068 -9.990e-29
 168.375156     -2.819  36.322964    14.8631   -0.04472     -2.795    29.1654    21.5073 -9.990e-29
 168.375162     -2.772  36.312528    14.8576   -0.04470     -2.749    29.1602    21.5045 -9.990e-29
 168.375168     -2.731  36.306639    14.8548   -0.04470     -2.708    29.1570    21.5026 -9.990e-29
 168.375174     -2.698  36.309244    14.8572   -0.04470     -2.676    29.1575    21.5025 -9.990e-29
 168.375179     -2.667  36.319354    14.8610   -0.04471     -2.645    29.1637    21.5065 -9.990e-29
 168.375185     -2.630  36.328042    14.8623   -0.04471     -2.608    29.1704    21.5114 -9.990e-29
 168.375191     -2.591  36.326730    14.8593   -0.04470     -2.569    29.1715    21.5128 -9.990e-29
 168.375197     -2.554  36.320421    14.8518   -0.04472     -2.533    29.1715    21.5144 -9.990e-29
 168.375203     -2.519  36.317552    14.8453   -0.04474     -2.498    29.1737    21.5175 -9.990e-29
 168.375208     -2.477  36.316566    14.8462   -0.04471     -2.456    29.1722    21.5161 -9.990e-29
 168.375214     -2.432  36.316732    14.8530   -0.04470     -2.412    29.1672    21.5109 -9.990e-29
 168.375220     -2.388  36.321098    14.8592   -0.04470     -2.368    29.1665    21.5090 -9.990e-29
 168.375226     -2.352  36.323172    14.8609   -0.04471     -2.332    29.1670    21.5091 -9.990e-29
 168.375231     -2.324  36.319016    14.8591   -0.04472     -2.305    29.1647    21.5076 -9.990e-29
 168.375237     -2.304  36.314893    14.8567   -0.04471     -2.285    29.1628    21.5067 -9.990e-29
 168.375243     -2.287  36.313179    14.8525   -0.04471     -2.268    29.1644    21.5088 -9.990e-29
 168.375249     -2.266  36.313296    14.8453   -0.04470     -2.247    29.1699    21.5145 -9.990e-29
 168.375255     -2.240  36.316546    14.8416   -0.04471     -2.221    29.1755    21.5196 -9.990e-29
 168.375260     -2.212  36.321119    14.8463   -0.04472     -2.194    29.1761    21.5191 -9.990e-29
 168.375266     -2.189  36.326404    14.8534   -0.04471     -2.171    29.1755    21.5171 -9.990e-29
 168.375272     -2.164  36.331059    14.8560   -0.04470     -2.146    29.1777    21.5183 -9.990e-29
 168.375278     -2.129  36.330664    14.8535   -0.04470     -2.111    29.1792    21.5200 -9.990e-29
 168.375284     -2.089  36.327523    14.8501   -0.04470     -2.072    29.1789    21.5205 -9.990e-29
 168.375289     -2.054  36.326446    14.8501   -0.04470     -2.037    29.1779    21.5197 -9.990e-29
 168.375295     -2.027  36.328824    14.8523   -0.04471     -2.010    29.1784    21.5196 -9.990e-29
 168.375301     -2.005  36.331681    14.8527   -0.04471     -1.988    29.1806    21.5212 -9.990e-29
 168.375307     -1.988  36.331562    14.8494   -0.04471     -1.971    29.1830    21.5237 -9.990e-29
 168.375313     -1.974  36.331138    14.8456   -0.04470     -1.958    29.1854    21.5264 -9.990e-29
 168.375318     -1.963  36.331551    14.8462   -0.04470     -1.947    29.1854    21.5262 -9.990e-29
 168.375324     -1.945  36.332253    14.8510   -0.04470     -1.929    29.1824    21.5230 -9.990e-29
 168.375330     -1.910  36.335886    14.8556   -0.04470     -1.894    29.1822    21.5218 -9.990e-29
 168.375336     -1.869  36.340590    14.8574   -0.04470     -1.853    29.1850    21.5236 -9.990e-29
 168.375341     -1.833  36.341446    14.8556   -0.04471     -1.818    29.1871    21.5256 -9.990e-29
 168.375347     -1.798  36.339620    14.8519   -0.04470     -1.783    29.1882    21.5273 -9.990e-29
 168.375353     -1.768  36.338871    14.8508   -0.04471     -1.753    29.1884    21.5276 -9.990e-29
 168.375359     -1.744  36.339346    14.8537   -0.04471     -1.729    29.1866    21.5257 -9.990e-29
 168.375365     -1.725  36.340581    14.8577   -0.04470     -1.711    29.1847    21.5234 -9.990e-29
 168.375370     -1.710  36.341442    14.8600   -0.04470     -1.696    29.1838    21.5222 -9.990e-29
 168.375376     -1.698  36.340301    14.8602   -0.04470     -1.684    29.1826    21.5212 -9.990e-29
 168.375382     -1.688  36.338464    14.8592   -0.04470     -1.674    29.1817    21.5207 -9.990e-29
 168.375388     -1.679  36.337432    14.8581   -0.04471     -1.665    29.1816    21.5209 -9.990e-29
 168.375394     -1.671  36.336978    14.8574   -0.04471     -1.657    29.1817    21.5211 -9.990e-29
 168.375399     -1.663  36.335957    14.8566   -0.04471     -1.649    29.1814    21.5210 -9.990e-29
 168.375405     -1.655  36.334154    14.8554   -0.04470     -1.641    29.1807    21.5207 -9.990e-29
 168.375411     -1.646  36.333116    14.8546   15.55523     -1.632    29.1804    21.5207 -9.990e-29
 168.375417     -1.637  36.333727    14.8555   27.81339     -1.623    29.1802    21.5204 -9.990e-29
 168.375422     -1.625  36.336265    14.8571   29.68006     -1.611    29.1813    21.5209 -9.990e-29
 168.375428     -1.611  36.339653    14.8579   26.30865     -1.598    29.1837    21.5226 -9.990e-29
 168.375434     -1.593  36.340581    14.8571   17.46611     -1.580    29.1851    21.5238 -9.990e-29
 168.375440     -1.570  36.339192    14.8550   13.56262     -1.557    29.1855    21.5245 -9.990e-29
 168.375446     -1.542  36.338145    14.8540   10.15160     -1.529    29.1853    21.5246 -9.990e-29
 168.375451     -1.510  36.337751    14.8550    5.46737     -1.497    29.1841    21.5235 -9.990e-29
 168.375457     -1.480  36.338628    14.8568    2.66225     -1.468    29.1836    21.5227 -9.990e-29
 168.375463     -1.452  36.341410    14.8580    1.62716     -1.440    29.1851    21.5236 -9.990e-29
 168.375469     -1.423  36.345904    14.8585    2.75544     -1.411    29.1888    21.5263 -9.990e-29
 168.375475     -1.404  36.350839    14.8585    4.02712     -1.392    29.1932    21.5297 -9.990e-29
 168.375480     -1.395  36.353847    14.8583    4.52552     -1.383    29.1960    21.5319 -9.990e-29
 168.375486     -1.381  36.355037    14.8581    4.84502     -1.369    29.1972    21.5329 -9.990e-29
 168.375492     -1.361  36.355460    14.8581    5.05340     -1.350    29.1976    21.5332 -9.990e-29
 168.375498     -1.339  36.355706    14.8586    5.18477     -1.328    29.1974    21.5329 -9.990e-29
 168.375503     -1.314  36.357250    14.8599    5.29679     -1.303    29.1978    21.5330 -9.990e-29
 168.375509     -1.288  36.362172    14.8621    5.35768     -1.277    29.2005    21.5346 -9.990e-29
 168.375515     -1.268  36.371452    14.8638    5.40342     -1.257    29.2075    21.5397 -9.990e-29
 168.375521     -1.256  36.377860    14.8638    5.42912     -1.246    29.2132    21.5441 -9.990e-29
 168.375527     -1.249  36.373142    14.8635    5.44031     -1.239    29.2093    21.5410 -9.990e-29
 168.375532     -1.240  36.363371    14.8635    5.46466     -1.230    29.2005    21.5343 -9.990e-29
 168.375538     -1.231  36.357413    14.8632    5.47359     -1.221    29.1955    21.5305 -9.990e-29
 168.375544     -1.215  36.356323    14.8627    5.47677     -1.205    29.1948    21.5301 -9.990e-29
 168.375550     -1.192  36.359794    14.8623    5.48126     -1.182    29.1982    21.5328 -9.990e-29
 168.375556     -1.169  36.364626    14.8621    5.47936     -1.159    29.2027    21.5363 -9.990e-29
 168.375561     -1.148  36.366073    14.8619    5.49115     -1.138    29.2041    21.5374 -9.990e-29
 168.375567     -1.129  36.365527    14.8615    5.49738     -1.120    29.2039    21.5374 -9.990e-29
 168.375573     -1.110  36.366210    14.8609    5.49171     -1.101    29.2050    21.5383 -9.990e-29
 168.375579     -1.090  36.367373    14.8600    5.49027     -1.081    29.2067    21.5398 -9.990e-29
 168.375584     -1.068  36.365546    14.8594    5.47963     -1.059    29.2055    21.5390 -9.990e-29
 168.375590     -1.042  36.360000    14.8595    5.47775     -1.033    29.2005    21.5351 -9.990e-29
 168.375596     -1.015  36.355703    14.8594    5.48812     -1.007    29.1967    21.5322 -9.990e-29
 168.375602     -0.994  36.355360    14.8586    5.48697     -0.986    29.1970    21.5326 -9.990e-29
 168.375608     -0.977  36.357417    14.8581    5.49698     -0.969    29.1992    21.5344 -9.990e-29
 168.375613     -0.959  36.359595    14.8580    5.49602     -0.951    29.2012    21.5360 -9.990e-29
 168.375619     -0.939  36.359775    14.8581    5.48648     -0.931    29.2013    21.5360 -9.990e-29
 168.375625     -0.915  36.358782    14.8584    5.48285     -0.907    29.2002    21.5351 -9.990e-29
 168.375631     -0.891  36.358682    14.8589    5.48192     -0.884    29.1997    21.5346 -9.990e-29
 168.375637     -0.869  36.360486    14.8599    5.48430     -0.862    29.2005    21.5351 -9.990e-29
 168.375642     -0.848  36.365503    14.8615    5.49051     -0.841    29.2038    21.5373 -9.990e-29
 168.375648     -0.831  36.372597    14.8626    5.49324     -0.824    29.2093    21.5413 -9.990e-29
 168.375654     -0.821  36.377230    14.8625    5.48530     -0.814    29.2135    21.5445 -9.990e-29
 168.375660     -0.812  36.376633    14.8618    5.47735     -0.805    29.2135    21.5447 -9.990e-29
 168.375666     -0.801  36.371719    14.8614    5.48783     -0.794    29.2094    21.5416 -9.990e-29
 168.375671     -0.786  36.367737    14.8615    5.48846     -0.779    29.2058    21.5388 -9.990e-29
 168.375677     -0.772  36.369679    14.8623    5.48931     -0.766    29.2069    21.5395 -9.990e-29
 168.375683     -0.764  36.375661    14.8634    5.49291     -0.758    29.2114    21.5427 -9.990e-29
 168.375689     -0.763  36.380960    14.8633    5.48743     -0.757    29.2162    21.5465 -9.990e-29
 168.375694     -0.761  36.380877    14.8618    5.48742     -0.755    29.2173    21.5476 -9.990e-29
 168.375700     -0.753  36.374374    14.8603    5.48299     -0.747    29.2126    21.5443 -9.990e-29
 168.375706     -0.738  36.367929    14.8597    5.48745     -0.732    29.2073    21.5403 -9.990e-29
 168.375712     -0.719  36.366974    14.8602    5.48687     -0.713    29.2060    21.5393 -9.990e-29
 168.375718     -0.705  36.370801    14.8612    5.48697     -0.699    29.2087    21.5411 -9.990e-29
 168.375723     -0.694  36.374984    14.8617    5.49413     -0.688    29.2121    21.5436 -9.990e-29
 168.375729     -0.681  36.376134    14.8617    5.49414     -0.675    29.2131    21.5444 -9.990e-29
 168.375735     -0.669  36.374107    14.8613    5.49135     -0.663    29.2116    21.5433 -9.990e-29
 168.375741     -0.659  36.369571    14.8623    5.48264     -0.654    29.2068    21.5394 -9.990e-29
 168.375747     -0.645  36.365458    14.8657    5.48485     -0.640    29.2006    21.5339 -9.990e-29
 168.375752     -0.629  36.364700    14.8675    5.49542     -0.624    29.1985    21.5320 -9.990e-29
 168.375758     -0.617  36.367415    14.8658    5.50045     -0.612    29.2022    21.5352 -9.990e-29
 168.375764     -0.606  36.371620    14.8640    5.48953     -0.601    29.2073    21.5395 -9.990e-29
 168.375770     -0.597  36.374516    14.8643    5.48283     -0.592    29.2097    21.5412 -9.990e-29
 168.375775     -0.588  36.374924    14.8664    5.48762     -0.583    29.2084    21.5398 -9.990e-29
 168.375781     -0.579  36.373392    14.8679    5.49210     -0.574    29.2060    21.5376 -9.990e-29
 168.375787     -0.569  36.373490    14.8674    5.49716     -0.564    29.2064    21.5381 -9.990e-29
 168.375793     -0.558  36.377599    14.8664    5.49549     -0.553    29.2108    21.5417 -9.990e-29
 168.375799     -0.546  36.381669    14.8658    5.49286     -0.541    29.2149    21.5449 -9.990e-29
 168.375804     -0.530  36.382161    14.8655    5.49416     -0.526    29.2156    21.5455 -9.990e-29
 168.375810     -0.516  36.379177    14.8653    5.49456     -0.512    29.2130    21.5436 -9.990e-29
 168.375816     -0.505  36.375472    14.8651    5.49467     -0.501    29.2099    21.5412 -9.990e-29
 168.375822     -0.493  36.375082    14.8648    5.50070     -0.489    29.2098    21.5412 -9.990e-29
 168.375828     -0.475  36.377493    14.8646    5.49703     -0.471    29.2120    21.5430 -9.990e-29
 168.375833     -0.454  36.379198    14.8647    5.49360     -0.450    29.2135    21.5441 -9.990e-29
 168.375839     -0.438  36.377991    14.8651    5.48710     -0.434    29.2121    21.5429 -9.990e-29
 168.375845     -0.429  36.375071    14.8650    5.49745     -0.425    29.2096    21.5410 -9.990e-29
 168.375851     -0.423  36.374401    14.8645    5.50941     -0.419    29.2093    21.5409 -9.990e-29
 168.375856     -0.411  36.376775    14.8643    5.51219     -0.408    29.2116    21.5427 -9.990e-29
 168.375862     -0.392  36.379197    14.8642    5.50620     -0.389    29.2138    21.5445 -9.990e-29
 168.375868     -0.374  36.378733    14.8642    5.49421     -0.371    29.2134    21.5441 -9.990e-29
 168.375874     -0.359  36.375330    14.8642    5.48943     -0.356    29.2104    21.5418 -9.990e-29
