data/oxygen options/OCNMS/OCNMS2/raw_data/2004/CTD_CE40_090704faed.cnv
* Sea-Bird SBE19 Data File:
* FileName = C:\WINDOWS\Desktop\put hypoxia files here\CTD data\September 07_0804\CE\Raw\CE40_090704.hex
* Software Version 1.1.4
* Temperature SN = 2997
* Conductivity SN = 2997
* System UpLoad Time = Sep 07 2004 16:07:24
* SEACAT PROFILER V3.1c SN 2997   09/07/04  16:09:56.801
* strain gauge pressure sensor: S/N = 184829,  range = 3000 psia,  tc = 40
# nquan = 9                                 
# nvalues = 733                         
# units = specified
# name 0 = timeJ: Julian Days
# name 1 = prSM: Pressure, Strain Gauge [db]
# name 2 = c0mS/cm: Conductivity [mS/cm]
# name 3 = t090C: Temperature [ITS-90, deg C]
# name 4 = oxML/L: Oxygen, Beckman/YSI [ml/l]
# name 5 = depSM: Depth [salt water, m], lat = 47.5
# name 6 = sal00: Salinity, Practical [PSU]
# name 7 = sigma-é00: Density [sigma-theta, kg/m^3]
# name 8 = flag: flag
# span 0 = 251.629988, 251.634225       
# span 1 =     -5.339,     41.143       
# span 2 =   0.656688,  41.353139       
# span 3 =     7.6738,    19.7195       
# span 4 =   -0.04186,   26.00227       
# span 5 =     -5.295,     40.796       
# span 6 =     0.3584,    33.6016       
# span 7 =    -1.4616,    26.2228       
# span 8 = 0.0000e+00, 0.0000e+00       
# interval = seconds: 0.5
# start_time = Sep 07 2004 15:07:11 [Instrument's time stamp, header]
# bad_flag = -9.990e-29
*END*
 251.629988     -5.339 -9.990e-29    19.7195   -0.04178     -5.295 -9.990e-29 -9.990e-29 -9.990e-29
 251.629994     -5.311   0.656688    19.7130   -0.04184     -5.267     0.3584    -1.4616 -9.990e-29
 251.630000     -5.274   0.905179    19.6964   -0.04186     -5.230     0.4998    -1.3502 -9.990e-29
 251.630006     -5.226   1.612541    19.6529   -0.04182     -5.182     0.9140    -1.0251 -9.990e-29
 251.630012     -5.165   3.686402    19.5269   -0.04181     -5.122     2.1925    -0.0254 -9.990e-29
 251.630017     -5.091   8.141814    19.1499   -0.04182     -5.049     5.1525     2.3014 -9.990e-29
 251.630023     -5.007  15.088726    18.4695   -0.04181     -4.965    10.1885     6.2654 -9.990e-29
 251.630029     -4.909  24.325189    17.7858   -0.04182     -4.868    17.4291    11.9126 -9.990e-29
 251.630035     -4.785  33.347542    17.3479   -0.04177     -4.745    24.9267    17.7228 -9.990e-29
 251.630041     -4.641  38.399799    17.1191   -0.04168     -4.602    29.3115    21.1263 -9.990e-29
 251.630046     -4.498  40.013111    17.0072   -0.04166     -4.461    30.7704    22.2690 -9.990e-29
 251.630052     -4.372  40.519111    16.9613   -0.04169     -4.336    31.2398    22.6393 -9.990e-29
 251.630058     -4.264  40.676003    16.9497   -0.04158     -4.228    31.3836    22.7522 -9.990e-29
 251.630064     -4.172  40.743431    16.9436   -0.04153     -4.137    31.4464    22.8017 -9.990e-29
 251.630069     -4.092  40.798372    16.9304   -0.04165     -4.058    31.5040    22.8489 -9.990e-29
 251.630075     -4.021  40.852356    16.9241   -0.04169     -3.987    31.5554    22.8897 -9.990e-29
 251.630081     -3.959  40.916192    16.9434   -0.04168     -3.926    31.5952    22.9158 -9.990e-29
 251.630087     -3.905  40.967821    16.9901   -0.04164     -3.872    31.6029    22.9109 -9.990e-29
 251.630093     -3.856  40.974516    17.0381   -0.04162     -3.824    31.5710    22.8753 -9.990e-29
 251.630098     -3.810  40.965383    17.0623   -0.04162     -3.778    31.5442    22.8492 -9.990e-29
 251.630104     -3.763  40.989949    17.0850   -0.04165     -3.732    31.5475    22.8464 -9.990e-29
 251.630110     -3.716  41.046738    17.1280   -0.04168     -3.685    31.5626    22.8480 -9.990e-29
 251.630116     -3.675  41.094758    17.1528   -0.04169     -3.644    31.5844    22.8588 -9.990e-29
 251.630122     -3.642  41.102643    17.1321   -0.04163     -3.612    31.6073    22.8813 -9.990e-29
 251.630127     -3.615  41.063507    17.0983   -0.04161     -3.585    31.6002    22.8837 -9.990e-29
 251.630133     -3.591  41.015483    17.0790   -0.04159     -3.561    31.5741    22.8682 -9.990e-29
 251.630139     -3.570  41.015690    17.0736   -0.04162     -3.540    31.5785    22.8728 -9.990e-29
 251.630145     -3.546  41.076156    17.0766   -0.04168     -3.516    31.6281    22.9101 -9.990e-29
 251.630150     -3.512  41.155740    17.0821   -0.04169     -3.483    31.6921    22.9578 -9.990e-29
 251.630156     -3.472  41.198397    17.0838   -0.04165     -3.443    31.7274    22.9845 -9.990e-29
 251.630162     -3.430  41.177390    17.0811   -0.04164     -3.401    31.7114    22.9729 -9.990e-29
 251.630168     -3.394  41.111258    17.0790   -0.04164     -3.366    31.6563    22.9311 -9.990e-29
 251.630174     -3.365  41.059916    17.0817   -0.04163     -3.337    31.6100    22.8951 -9.990e-29
 251.630179     -3.341  41.083363    17.0908   -0.04165     -3.313    31.6230    22.9029 -9.990e-29
 251.630185     -3.321  41.164030    17.1003   -0.04166     -3.293    31.6848    22.9481 -9.990e-29
 251.630191     -3.303  41.215336    17.0955   -0.04164     -3.275    31.7326    22.9858 -9.990e-29
 251.630197     -3.286  41.193466    17.0753   -0.04162     -3.259    31.7297    22.9883 -9.990e-29
 251.630203     -3.269  41.137690    17.0568   -0.04161     -3.242    31.6964    22.9670 -9.990e-29
 251.630208     -3.251  41.109391    17.0496   -0.04163     -3.224    31.6777    22.9544 -9.990e-29
 251.630214     -3.232  41.139257    17.0503   -0.04161     -3.205    31.7028    22.9735 -9.990e-29
 251.630220     -3.209  41.204249    17.0532   -0.04160     -3.182    31.7564    23.0139 -9.990e-29
 251.630226     -3.181  41.252990    17.0545   -0.04159     -3.154    31.7973    23.0449 -9.990e-29
 251.630231     -3.151  41.271902    17.0531   -0.04162     -3.125    31.8146    23.0585 -9.990e-29
 251.630237     -3.125  41.271033    17.0499   -0.04166     -3.099    31.8164    23.0606 -9.990e-29
 251.630243     -3.102  41.259304    17.0485   -0.04164     -3.076    31.8074    23.0540 -9.990e-29
 251.630249     -3.076  41.269868    17.0530   -0.04163     -3.050    31.8129    23.0572 -9.990e-29
 251.630255     -3.050  41.311177    17.0615   -0.04159     -3.025    31.8417    23.0773 -9.990e-29
 251.630260     -3.026  41.342912    17.0674   -0.04152     -3.001    31.8643    23.0933 -9.990e-29
 251.630266     -3.003  41.340603    17.0698   -0.04157     -2.978    31.8604    23.0897 -9.990e-29
 251.630272     -2.979  41.331450    17.0753   -0.04160     -2.954    31.8482    23.0791 -9.990e-29
 251.630278     -2.953  41.345871    17.0836   -0.04161     -2.928    31.8540    23.0816 -9.990e-29
 251.630284     -2.923  41.353139    17.0835   -0.04160     -2.899    31.8604    23.0865 -9.990e-29
 251.630289     -2.891  41.311869    17.0727   -0.04158     -2.867    31.8334    23.0684 -9.990e-29
 251.630295     -2.864  41.247810    17.0640   -0.04158     -2.840    31.7852    23.0334 -9.990e-29
 251.630301     -2.846  41.229818    17.0738   -0.04162     -2.822    31.7620    23.0134 -9.990e-29
 251.630307     -2.829  41.274275    17.1057   -0.04162     -2.805    31.7751    23.0160 -9.990e-29
 251.630313     -2.809  41.319807    17.1330   -0.04158     -2.786    31.7926    23.0231 -9.990e-29
 251.630318     -2.785  41.326119    17.1297   -0.04151     -2.762    31.8007    23.0300 -9.990e-29
 251.630324     -2.755  41.310592    17.1093   -0.04157     -2.732    31.8034    23.0368 -9.990e-29
 251.630330     -2.721  41.299642    17.0944   -0.04160     -2.698    31.8057    23.0421 -9.990e-29
 251.630336     -2.685  41.306699    17.0926   -0.04160     -2.663    31.8132    23.0482 -9.990e-29
 251.630341     -2.651  41.328802    17.1023   -0.04155     -2.629    31.8245    23.0546 -9.990e-29
 251.630347     -2.618  41.346025    17.1087   -0.04149     -2.596    31.8342    23.0606 -9.990e-29
 251.630353     -2.587  41.334744    17.1011   -0.04154     -2.565    31.8305    23.0595 -9.990e-29
 251.630359     -2.558  41.304027    17.0985   -0.04159     -2.537    31.8062    23.0415 -9.990e-29
 251.630365     -2.535  41.300423    17.1229   -0.04162     -2.514    31.7839    23.0187 -9.990e-29
 251.630370     -2.515  41.325276    17.1508   -0.04162     -2.494    31.7832    23.0117 -9.990e-29
 251.630376     -2.489  41.324735    17.1463   -0.04161     -2.468    31.7863    23.0151 -9.990e-29
 251.630382     -2.451  41.295261    17.1249   -0.04154     -2.431    31.7778    23.0136 -9.990e-29
 251.630388     -2.416  41.287876    17.1234   -0.04142     -2.396    31.7727    23.0100 -9.990e-29
 251.630394     -2.395  41.315713    17.1485   -0.04142     -2.375    31.7768    23.0073 -9.990e-29
 251.630399     -2.381  41.340679    17.1708   -0.04153     -2.361    31.7806    23.0050 -9.990e-29
 251.630405     -2.366  41.338252    17.1619   -0.04160     -2.346    31.7856    23.0109 -9.990e-29
 251.630411     -2.348  41.315284    17.1325   -0.04162     -2.328    31.7890    23.0204 -9.990e-29
 251.630417     -2.335  41.287144    17.1069   -0.04163     -2.316    31.7850    23.0233 -9.990e-29
 251.630422     -2.325  41.268468    17.0982   -0.04153     -2.306    31.7758    23.0183 -9.990e-29
 251.630428     -2.311  41.274721    17.1192   -0.04140     -2.292    31.7646    23.0048 -9.990e-29
 251.630434     -2.290  41.305237    17.1772   -0.04139     -2.271    31.7452    22.9764 -9.990e-29
 251.630440     -2.271  41.332233    17.2391   -0.04156     -2.252    31.7197    22.9424 -9.990e-29
 251.630446     -2.252  41.335582    17.2484   13.15440     -2.233    31.7153    22.9368 -9.990e-29
 251.630451     -2.222  41.318062    17.2023   24.24875     -2.203    31.7364    22.9638 -9.990e-29
 251.630457     -2.181  41.292780    17.1477   26.00227     -2.163    31.7577    22.9928 -9.990e-29
 251.630463     -2.134  41.274822    17.1177   23.14653     -2.116    31.7658    23.0061 -9.990e-29
 251.630469     -2.087  41.275554    17.1312   15.49687     -2.070    31.7558    22.9953 -9.990e-29
 251.630475     -2.045  41.295357    17.1941   11.87334     -2.028    31.7233    22.9557 -9.990e-29
 251.630480     -2.010  41.315162    17.2622   11.88550     -1.993    31.6869    22.9118 -9.990e-29
 251.630486     -1.979  41.311981    17.2668   11.85411     -1.962    31.6805    22.9059 -9.990e-29
 251.630492     -1.952  41.274840    17.1983   10.38810     -1.936    31.7024    22.9387 -9.990e-29
 251.630498     -1.930  41.190125    17.1088    6.79309     -1.914    31.7001    22.9578 -9.990e-29
 251.630503     -1.916  41.039123    17.0371    4.67268     -1.900    31.6267    22.9182 -9.990e-29
 251.630509     -1.905  40.864507    16.9883    3.76078     -1.889    31.5148    22.8438 -9.990e-29
 251.630515     -1.892  40.749272    16.9565    4.32963     -1.876    31.4405    22.7943 -9.990e-29
 251.630521     -1.876  40.699065    16.9370    5.52743     -1.860    31.4125    22.7774 -9.990e-29
 251.630527     -1.856  40.674966    16.9291    5.92614     -1.841    31.3980    22.7680 -9.990e-29
 251.630532     -1.835  40.663331    16.9330    6.16547     -1.820    31.3849    22.7571 -9.990e-29
 251.630538     -1.817  40.664895    16.9440    6.31805     -1.802    31.3777    22.7490 -9.990e-29
 251.630544     -1.795  40.675550    16.9521    6.41300     -1.780    31.3805    22.7493 -9.990e-29
 251.630550     -1.769  40.682557    16.9524    6.47940     -1.754    31.3863    22.7537 -9.990e-29
 251.630556     -1.745  40.679533    16.9534    6.50136     -1.730    31.3829    22.7509 -9.990e-29
 251.630561     -1.726  40.676453    16.9632    6.50743     -1.712    31.3726    22.7407 -9.990e-29
 251.630567     -1.710  40.685459    16.9735    6.53604     -1.696    31.3723    22.7381 -9.990e-29
 251.630573     -1.698  40.697223    16.9685    6.55622     -1.684    31.3863    22.7500 -9.990e-29
 251.630579     -1.687  40.693752    16.9452    6.57572     -1.673    31.4015    22.7670 -9.990e-29
 251.630584     -1.678  40.670402    16.9206    6.57558     -1.664    31.4006    22.7720 -9.990e-29
 251.630590     -1.670  40.643142    16.9145    6.55562     -1.656    31.3819    22.7591 -9.990e-29
 251.630596     -1.661  40.635068    16.9240    6.54563     -1.647    31.3675    22.7459 -9.990e-29
 251.630602     -1.653  40.644363    16.9307    6.54194     -1.639    31.3703    22.7465 -9.990e-29
 251.630608     -1.644  40.650301    16.9223    6.55568     -1.630    31.3820    22.7573 -9.990e-29
 251.630613     -1.633  40.638904    16.9034    6.57737     -1.619    31.3869    22.7655 -9.990e-29
 251.630619     -1.620  40.617400    16.8876    6.58480     -1.606    31.3807    22.7644 -9.990e-29
 251.630625     -1.605  40.604220    16.8846    6.58140     -1.592    31.3717    22.7582 -9.990e-29
 251.630631     -1.585  40.605328    16.8979    6.56846     -1.572    31.3623    22.7479 -9.990e-29
 251.630637     -1.565  40.622176    16.9178    6.54397     -1.552    31.3612    22.7425 -9.990e-29
 251.630642     -1.546  40.644670    16.9286    6.54468     -1.533    31.3722    22.7484 -9.990e-29
 251.630648     -1.529  40.653979    16.9279    6.56714     -1.516    31.3807    22.7551 -9.990e-29
 251.630654     -1.512  40.650160    16.9234    6.58370     -1.499    31.3809    22.7563 -9.990e-29
 251.630660     -1.493  40.643251    16.9225    6.59763     -1.481    31.3757    22.7525 -9.990e-29
 251.630666     -1.477  40.640848    16.9282    6.59063     -1.465    31.3692    22.7462 -9.990e-29
 251.630671     -1.461  40.645898    16.9389    6.57921     -1.449    31.3652    22.7406 -9.990e-29
 251.630677     -1.440  40.656700    16.9515    6.56727     -1.428    31.3646    22.7373 -9.990e-29
 251.630683     -1.419  40.669125    16.9637    6.56251     -1.407    31.3658    22.7354 -9.990e-29
 251.630689     -1.398  40.680087    16.9721    6.57097     -1.386    31.3687    22.7357 -9.990e-29
 251.630694     -1.378  40.686233    16.9745    6.56259     -1.367    31.3721    22.7377 -9.990e-29
 251.630700     -1.356  40.683397    16.9747    6.56059     -1.345    31.3695    22.7357 -9.990e-29
 251.630706     -1.332  40.677877    16.9753    6.54408     -1.321    31.3643    22.7315 -9.990e-29
 251.630712     -1.309  40.678006    16.9746    6.54659     -1.298    31.3649    22.7322 -9.990e-29
 251.630718     -1.292  40.681703    16.9711    6.56322     -1.281    31.3708    22.7375 -9.990e-29
 251.630723     -1.287  40.682675    16.9629    6.56514     -1.276    31.3780    22.7450 -9.990e-29
 251.630729     -1.286  40.677165    16.9514    6.57037     -1.275    31.3823    22.7509 -9.990e-29
 251.630735     -1.283  40.667367    16.9439    6.56576     -1.272    31.3797    22.7506 -9.990e-29
 251.630741     -1.273  40.660416    16.9460    6.55455     -1.262    31.3721    22.7443 -9.990e-29
 251.630747     -1.256  40.662191    16.9546    6.55310     -1.246    31.3669    22.7383 -9.990e-29
 251.630752     -1.233  40.670574    16.9632    6.55443     -1.223    31.3674    22.7367 -9.990e-29
 251.630758     -1.214  40.678232    16.9686    6.55266     -1.204    31.3698    22.7373 -9.990e-29
 251.630764     -1.199  40.682479    16.9710    6.55447     -1.189    31.3715    22.7381 -9.990e-29
 251.630770     -1.189  40.684493    16.9714    6.55481     -1.179    31.3729    22.7391 -9.990e-29
 251.630775     -1.179  40.685282    16.9725    6.55965     -1.169    31.3728    22.7387 -9.990e-29
 251.630781     -1.164  40.687026    16.9764    6.56472     -1.154    31.3712    22.7366 -9.990e-29
 251.630787     -1.147  40.690932    16.9818    6.56374     -1.137    31.3704    22.7347 -9.990e-29
 251.630793     -1.131  40.694918    16.9870    6.54522     -1.122    31.3697    22.7330 -9.990e-29
 251.630799     -1.115  40.699254    16.9911    6.53126     -1.106    31.3703    22.7325 -9.990e-29
 251.630804     -1.099  40.704116    16.9921    6.52048     -1.090    31.3737    22.7348 -9.990e-29
 251.630810     -1.085  40.705332    16.9928    6.52495     -1.076    31.3741    22.7351 -9.990e-29
 251.630816     -1.077  40.705648    16.9946    6.52976     -1.068    31.3730    22.7338 -9.990e-29
 251.630822     -1.070  40.707735    16.9916    6.54926     -1.061    31.3771    22.7376 -9.990e-29
 251.630828     -1.060  40.705402    16.9819    6.55550     -1.051    31.3827    22.7441 -9.990e-29
 251.630833     -1.045  40.696665    16.9735    6.55484     -1.036    31.3817    22.7453 -9.990e-29
 251.630839     -1.025  40.687833    16.9751    6.55250     -1.016    31.3729    22.7382 -9.990e-29
 251.630845     -0.999  40.688449    16.9874    6.54048     -0.991    31.3638    22.7284 -9.990e-29
 251.630851     -0.968  40.701579    17.0015    6.53666     -0.960    31.3641    22.7254 -9.990e-29
 251.630856     -0.940  40.716683    17.0066    6.53978     -0.932    31.3731    22.7311 -9.990e-29
 251.630862     -0.918  40.720246    17.0011    6.53952     -0.910    31.3804    22.7380 -9.990e-29
 251.630868     -0.900  40.712538    16.9935    6.53606     -0.892    31.3797    22.7392 -9.990e-29
 251.630874     -0.884  40.704604    16.9913    6.53144     -0.877    31.3746    22.7358 -9.990e-29
 251.630880     -0.870  40.703258    16.9948    6.51613     -0.863    31.3707    22.7320 -9.990e-29
 251.630885     -0.857  40.708390    16.9972    6.51595     -0.850    31.3733    22.7334 -9.990e-29
 251.630891     -0.844  40.712820    16.9917    6.52414     -0.837    31.3814    22.7409 -9.990e-29
 251.630897     -0.830  40.708436    16.9817    6.52897     -0.823    31.3854    22.7462 -9.990e-29
 251.630903     -0.815  40.697253    16.9751    6.52867     -0.808    31.3809    22.7443 -9.990e-29
 251.630909     -0.797  40.688484    16.9750    6.51713     -0.790    31.3734    22.7386 -9.990e-29
