data/oxygen options/OCNMS/OCNMS2/raw_data/2004/CTD_CA30_082404faed.cnv
* Sea-Bird SBE19 Data File:
* FileName = C:\WINDOWS\Desktop\put hypoxia files here\CTD data\August 24_25-04\CA30_082404.hex
* Software Version 1.1.4
* Temperature SN = 2997
* Conductivity SN = 2997
* System UpLoad Time = Aug 24 2004 12:30:57
* SEACAT PROFILER V3.1c SN 2997   08/24/04  12:32:35.513
* strain gauge pressure sensor: S/N = 184829,  range = 3000 psia,  tc = 40
# nquan = 9                                 
# nvalues = 609                         
# units = specified
# name 0 = timeJ: Julian Days
# name 1 = prSM: Pressure, Strain Gauge [db]
# name 2 = c0mS/cm: Conductivity [mS/cm]
# name 3 = t090C: Temperature [ITS-90, deg C]
# name 4 = oxML/L: Oxygen, Beckman/YSI [ml/l]
# name 5 = depSM: Depth [salt water, m], lat = 47.5
# name 6 = sal00: Salinity, Practical [PSU]
# name 7 = sigma-é00: Density [sigma-theta, kg/m^3]
# name 8 = flag: flag
# span 0 = 237.421343, 237.424861       
# span 1 =     -5.357,     33.673       
# span 2 =   0.589847,  38.993835       
# span 3 =    10.5728,    14.3833       
# span 4 =   -0.05401,   31.58386       
# span 5 =     -5.312,     33.389       
# span 6 =     0.3641,    32.9774       
# span 7 =    -0.5242,    25.2494       
# span 8 = 0.0000e+00, 0.0000e+00       
# interval = seconds: 0.5
# start_time = Aug 24 2004 10:06:44 [Instrument's time stamp, header]
# bad_flag = -9.990e-29
*END*
[from data line 321]
 237.423200      0.485  38.881203    13.5930    8.62872      0.481    32.5088    24.3456 -9.990e-29
 237.423206      0.507  38.868459    13.5801    8.63531      0.503    32.5079    24.3475 -9.990e-29
 237.423212      0.525  38.860068    13.5810    8.62325      0.521    32.4993    24.3406 -9.990e-29
 237.423218      0.533  38.860545    13.5897    8.61983      0.529    32.4923    24.3335 -9.990e-29
 237.423223      0.530  38.866041    13.5982    8.62878      0.526    32.4902    24.3302 -9.990e-29
 237.423229      0.526  38.871545    13.6019    8.63443      0.522    32.4922    24.3309 -9.990e-29
 237.423235      0.524  38.874868    13.6024    8.64378      0.520    32.4949    24.3329 -9.990e-29
 237.423241      0.524  38.876521    13.6036    8.63365      0.520    32.4954    24.3331 -9.990e-29
 237.423247      0.527  38.878151    13.6076    8.62937      0.523    32.4935    24.3308 -9.990e-29
 237.423252      0.531  38.880811    13.6129    8.63332      0.527    32.4915    24.3282 -9.990e-29
 237.423258      0.538  38.884124    13.6157    8.64113      0.534    32.4922    24.3281 -9.990e-29
 237.423264      0.549  38.886341    13.6146    8.66437      0.544    32.4952    24.3307 -9.990e-29
 237.423270      0.558  38.885935    13.6139    8.65264      0.553    32.4954    24.3310 -9.990e-29
 237.423275      0.564  38.885176    13.6185    8.64040      0.559    32.4908    24.3265 -9.990e-29
 237.423281      0.565  38.887539    13.6255    8.63492      0.560    32.4870    24.3222 -9.990e-29
 237.423287      0.563  38.891130    13.6281    8.63188      0.558    32.4882    24.3225 -9.990e-29
 237.423293      0.561  38.892326    13.6242    8.65562      0.556    32.4926    24.3267 -9.990e-29
 237.423299      0.563  38.890485    13.6185    8.66043      0.558    32.4957    24.3303 -9.990e-29
 237.423304      0.570  38.887645    13.6180    8.65873      0.565    32.4935    24.3287 -9.990e-29
 237.423310      0.577  38.887875    13.6247    8.65261      0.572    32.4880    24.3231 -9.990e-29
 237.423316      0.578  38.892044    13.6346    8.65065      0.573    32.4835    24.3176 -9.990e-29
 237.423322      0.571  38.896738    13.6434    8.65773      0.566    32.4804    24.3134 -9.990e-29
 237.423328      0.565  38.899804    13.6501    8.67039      0.560    32.4776    24.3099 -9.990e-29
 237.423333      0.563  38.901972    13.6557    8.66611      0.558    32.4748    24.3066 -9.990e-29
 237.423339      0.566  38.904454    13.6604    8.65773      0.561    32.4731    24.3044 -9.990e-29
 237.423345      0.574  38.906638    13.6644    8.64918      0.569    32.4718    24.3025 -9.990e-29
 237.423351      0.587  38.908075    13.6684    8.64728      0.582    32.4697    24.3001 -9.990e-29
 237.423356      0.602  38.909563    13.6713    8.64874      0.597    32.4686    24.2987 -9.990e-29
 237.423362      0.611  38.910846    13.6725    8.66387      0.606    32.4688    24.2986 -9.990e-29
 237.423368      0.614  38.911397    13.6737    8.67398      0.609    32.4683    24.2979 -9.990e-29
 237.423374      0.622  38.911953    13.6767    8.66244      0.617    32.4663    24.2958 -9.990e-29
 237.423380      0.633  38.913258    13.6804    8.64815      0.628    32.4643    24.2935 -9.990e-29
 237.423385      0.645  38.914814    13.6845    8.64289      0.640    32.4623    24.2911 -9.990e-29
 237.423391      0.658  38.916455    13.6897    8.65503      0.653    32.4594    24.2878 -9.990e-29
 237.423397      0.670  38.918690    13.6928    8.67120      0.664    32.4588    24.2868 -9.990e-29
 237.423403      0.679  38.920015    13.6933    8.68702      0.673    32.4596    24.2873 -9.990e-29
 237.423409      0.692  38.919956    13.6961    8.67761      0.686    32.4572    24.2848 -9.990e-29
 237.423414      0.705  38.921247    13.7013    8.65902      0.699    32.4540    24.2813 -9.990e-29
 237.423420      0.714  38.923927    13.7054    8.64731      0.708    32.4530    24.2797 -9.990e-29
 237.423426      0.721  38.925963    13.7084    8.64837      0.715    32.4524    24.2786 -9.990e-29
 237.423432      0.725  38.927270    13.7110    8.65891      0.719    32.4514    24.2773 -9.990e-29
 237.423438      0.727  38.928473    13.7129    8.66396      0.721    32.4509    24.2765 -9.990e-29
 237.423443      0.726  38.929496    13.7138    8.65310      0.720    32.4511    24.2765 -9.990e-29
 237.423449      0.724  38.930026    13.7141    8.63384      0.718    32.4513    24.2766 -9.990e-29
 237.423455      0.719  38.930211    13.7138    8.63259      0.713    32.4517    24.2770 -9.990e-29
 237.423461      0.707  38.930300    13.7129    8.63251      0.701    32.4526    24.2779 -9.990e-29
 237.423466      0.688  38.930402    13.7124    8.63747      0.682    32.4531    24.2784 -9.990e-29
 237.423472      0.673  38.930643    13.7125    8.64187      0.667    32.4532    24.2785 -9.990e-29
 237.423478      0.669  38.930773    13.7124    8.64173      0.663    32.4535    24.2786 -9.990e-29
 237.423484      0.672  38.930393    13.7120    8.64315      0.666    32.4534    24.2787 -9.990e-29
 237.423490      0.674  38.929545    13.7115    8.63749      0.668    32.4531    24.2785 -9.990e-29
 237.423495      0.675  38.928768    13.7108    8.64298      0.669    32.4529    24.2786 -9.990e-29
 237.423501      0.679  38.928697    13.7097    8.64553      0.673    32.4538    24.2795 -9.990e-29
 237.423507      0.682  38.928665    13.7089    8.65196      0.676    32.4545    24.2801 -9.990e-29
 237.423513      0.685  38.928058    13.7086    8.65394      0.679    32.4541    24.2799 -9.990e-29
 237.423519      0.691  38.927738    13.7082    8.66046      0.685    32.4542    24.2801 -9.990e-29
 237.423524      0.697  38.927828    13.7063    8.66354      0.691    32.4559    24.2817 -9.990e-29
 237.423530      0.699  38.927314    13.7027    8.65982      0.693    32.4584    24.2845 -9.990e-29
 237.423536      0.698  38.926059    13.6987    8.64945      0.692    32.4607    24.2870 -9.990e-29
 237.423542      0.696  38.924622    13.6948    8.62469      0.690    32.4626    24.2893 -9.990e-29
 237.423547      0.699  38.922757    13.6889    8.61675      0.693    32.4659    24.2930 -9.990e-29
 237.423553      0.703  38.920209    13.6768    8.61801      0.697    32.4738    24.3016 -9.990e-29
 237.423559      0.703  38.915812    13.6577    8.62401      0.697    32.4859    24.3148 -9.990e-29
 237.423565      0.704  38.908179    13.6407    8.62534      0.698    32.4933    24.3239 -9.990e-29
 237.423571      0.709  38.900583    13.6335    8.63864      0.703    32.4923    24.3247 -9.990e-29
 237.423576      0.716  38.897464    13.6333    8.63769      0.710    32.4896    24.3226 -9.990e-29
 237.423582      0.720  38.897455    13.6349    8.63417      0.714    32.4882    24.3212 -9.990e-29
 237.423588      0.721  38.896603    13.6396    8.61638      0.715    32.4834    24.3165 -9.990e-29
 237.423594      0.720  38.896568    13.6475    8.60621      0.714    32.4767    24.3097 -9.990e-29
 237.423600      0.720  38.900096    13.6510    8.61738      0.714    32.4770    24.3093 -9.990e-29
 237.423605      0.727  38.902344    13.6477    8.62754      0.721    32.4819    24.3137 -9.990e-29
 237.423611      0.736  38.900131    13.6443    8.62996      0.730    32.4827    24.3150 -9.990e-29
 237.423617      0.743  38.897226    13.6459    8.63086      0.737    32.4786    24.3116 -9.990e-29
 237.423623      0.749  38.897034    13.6503    8.61572      0.743    32.4747    24.3077 -9.990e-29
 237.423628      0.754  38.899289    13.6531    8.61253      0.748    32.4745    24.3069 -9.990e-29
 237.423634      0.759  38.901376    13.6540    8.61603      0.753    32.4756    24.3076 -9.990e-29
 237.423640      0.760  38.902139    13.6539    8.62815      0.754    32.4764    24.3082 -9.990e-29
 237.423646      0.757  38.902025    13.6513    8.63825      0.751    32.4785    24.3104 -9.990e-29
 237.423652      0.757  38.900870    13.6467    8.63162      0.751    32.4814    24.3135 -9.990e-29
 237.423657      0.762  38.898807    13.6452    8.61974      0.756    32.4807    24.3133 -9.990e-29
 237.423663      0.766  38.898680    13.6497    8.61633      0.760    32.4768    24.3094 -9.990e-29
 237.423669      0.771  38.901991    13.6563    8.62570      0.765    32.4742    24.3061 -9.990e-29
 237.423675      0.781  38.905850    13.6609    8.64187      0.774    32.4739    24.3049 -9.990e-29
 237.423681      0.797  38.908102    13.6646    8.64993      0.790    32.4729    24.3033 -9.990e-29
 237.423686      0.811  38.909495    13.6700    8.63787      0.804    32.4696    24.2997 -9.990e-29
 237.423692      0.819  38.911876    13.6770    8.62867      0.812    32.4658    24.2954 -9.990e-29
 237.423698      0.818  38.915040    13.6823    8.62393      0.811    32.4643    24.2931 -9.990e-29
 237.423704      0.808  38.917025    13.6847    8.63599      0.801    32.4641    24.2925 -9.990e-29
 237.423709      0.802  38.917663    13.6855    8.64014      0.795    32.4640    24.2923 -9.990e-29
 237.423715      0.806  38.917797    13.6853    8.64530      0.799    32.4643    24.2925 -9.990e-29
 237.423721      0.817  38.917594    13.6845    8.63901      0.810    32.4648    24.2931 -9.990e-29
 237.423727      0.833  38.917332    13.6835    8.63285      0.826    32.4654    24.2937 -9.990e-29
 237.423733      0.848  38.917211    13.6826    8.63941      0.841    32.4660    24.2944 -9.990e-29
 237.423738      0.860  38.917058    13.6800    8.63820      0.853    32.4681    24.2965 -9.990e-29
 237.423744      0.871  38.916096    13.6748    8.65191      0.864    32.4716    24.3003 -9.990e-29
 237.423750      0.879  38.913592    13.6723    8.65433      0.872    32.4714    24.3006 -9.990e-29
 237.423756      0.891  38.911806    13.6762    8.65055      0.884    32.4664    24.2960 -9.990e-29
 237.423762      0.912  38.913393    13.6824    8.65726      0.904    32.4626    24.2918 -9.990e-29
 237.423767      0.942  38.916528    13.6842    8.69303      0.934    32.4640    24.2925 -9.990e-29
 237.423773      0.983  38.917530    13.6762    8.75326      0.975    32.4717    24.3001 -9.990e-29
 237.423779      1.039  38.913796    13.6605    8.79322      1.030    32.4815    24.3109 -9.990e-29
 237.423785      1.116  38.905948    13.6499    8.80531      1.107    32.4832    24.3143 -9.990e-29
 237.423791      1.225  38.900339    13.6506    8.77591      1.215    32.4774    24.3097 -9.990e-29
 237.423796      1.368  38.900694    13.6530    8.72279      1.357    32.4756    24.3078 0.0000e+00
 237.423802      1.545  38.900740    13.6401    8.63358      1.532    32.4865    24.3189 0.0000e+00
 237.423808      1.763  38.889869    13.5934    8.53340      1.748    32.5160    24.3511 0.0000e+00
 237.423814      2.036  38.859185    13.4911    8.45591      2.019    32.5745    24.4169 0.0000e+00
 237.423819      2.365  38.787962    13.3279    8.36187      2.345    32.6473    24.5059 0.0000e+00
 237.423825      2.731  38.659748    13.1432    8.28031      2.708    32.6854    24.5721 0.0000e+00
 237.423831      3.124  38.507177    12.9917    8.16528      3.098    32.6719    24.5915 0.0000e+00
 237.423837      3.539  38.383675    12.8886    8.06322      3.509    32.6439    24.5900 0.0000e+00
 237.423843      3.968  38.302888    12.8093    7.96493      3.935    32.6356    24.5991 0.0000e+00
 237.423848      4.407  38.238949    12.7289    7.89831      4.370    32.6442    24.6214 0.0000e+00
 237.423854      4.864  38.169957    12.6438    7.85500      4.823    32.6521    24.6440 0.0000e+00
 237.423860      5.347  38.095322    12.5686    7.80592      5.302    32.6460    24.6537 0.0000e+00
 237.423866      5.855  38.031046    12.5188    7.76501      5.806    32.6276    24.6491 0.0000e+00
 237.423872      6.387  37.994033    12.4915    7.72267      6.334    32.6157    24.6451 0.0000e+00
 237.423877      6.934  37.980898    12.4702    7.68402      6.876    32.6214    24.6536 0.0000e+00
 237.423883      7.483  37.976907    12.4385    7.67300      7.420    32.6450    24.6779 0.0000e+00
 237.423889      8.028  37.963822    12.3947    7.62583      7.961    32.6703    24.7059 0.0000e+00
 237.423895      8.558  37.934277    12.3517    7.54216      8.486    32.6792    24.7210 0.0000e+00
 237.423900      9.071  37.902700    12.3154    7.47062      8.995    32.6804    24.7288 0.0000e+00
 237.423906      9.567  37.876321    12.2706    7.40628      9.487    32.6939    24.7479 0.0000e+00
 237.423912     10.058  37.840698    12.1990    7.36522      9.974    32.7220    24.7832 0.0000e+00
 237.423918     10.552  37.781967    12.1087    7.31332     10.464    32.7443    24.8175 0.0000e+00
 237.423924     11.044  37.711536    12.0259    7.24667     10.952    32.7487    24.8364 0.0000e+00
 237.423929     11.517  37.651561    11.9631    7.19674     11.421    32.7457    24.8458 0.0000e+00
 237.423935     11.966  37.607291    11.9175    7.15200     11.866    32.7427    24.8520 0.0000e+00
 237.423941     12.400  37.573507    11.8834    7.11272     12.296    32.7397    24.8560 0.0000e+00
 237.423947     12.828  37.547203    11.8606    7.11777     12.721    32.7341    24.8559 0.0000e+00
 237.423953     13.248  37.530301    11.8497    7.08750     13.137    32.7271    24.8525 0.0000e+00
 237.423958     13.647  37.522678    11.8457    7.05441     13.533    32.7230    24.8501 0.0000e+00
 237.423964     14.026  37.519199    11.8416    7.05165     13.908    32.7231    24.8509 0.0000e+00
 237.423970     14.392  37.514652    11.8329    7.03577     14.271    32.7262    24.8550 0.0000e+00
 237.423976     14.754  37.506888    11.8190    7.03496     14.630    32.7307    24.8611 0.0000e+00
 237.423981     15.114  37.496198    11.8016    7.05042     14.987    32.7355    24.8680 0.0000e+00
 237.423987     15.453  37.482334    11.7860    7.04649     15.323    32.7357    24.8710 0.0000e+00
 237.423993     15.750  37.469225    11.7773    7.04651     15.618    32.7304    24.8686 0.0000e+00
 237.423999     15.992  37.461807    11.7744    7.05041     15.858    32.7257    24.8654 0.0000e+00
 237.424005     16.187  37.458587    11.7737    7.02929     16.051    32.7231    24.8635 0.0000e+00
 237.424010     16.364  37.456940    11.7728    7.03370     16.227    32.7222    24.8630 0.0000e+00
 237.424016     16.548  37.455220    11.7699    7.02248     16.409    32.7230    24.8642 0.0000e+00
 237.424022     16.751  37.451686    11.7642    7.00650     16.611    32.7245    24.8664 0.0000e+00
 237.424028     16.984  37.446100    11.7555    6.98778     16.842    32.7266    24.8696 0.0000e+00
 237.424034     17.254  37.438854    11.7413    6.96527     17.109    32.7320    24.8764 0.0000e+00
 237.424039     17.562  37.428127    11.7190    6.94932     17.415    32.7411    24.8876 0.0000e+00
 237.424045     17.901  37.411939    11.6903    6.93971     17.751    32.7505    24.9002 0.0000e+00
 237.424051     18.259  37.391125    11.6613    6.91702     18.106    32.7557    24.9095 0.0000e+00
 237.424057     18.628  37.370440    11.6393    6.89525     18.472    32.7548    24.9129 0.0000e+00
 237.424062     19.001  37.355935    11.6226    6.87733     18.842    32.7552    24.9163 0.0000e+00
 237.424068     19.373  37.344514    11.6055    6.87249     19.210    32.7590    24.9224 0.0000e+00
 237.424074     19.749  37.330463    11.5900    6.85390     19.583    32.7588    24.9251 0.0000e+00
 237.424080     20.142  37.316905    11.5805    6.85308     19.973    32.7538    24.9229 0.0000e+00
 237.424086     20.546  37.309302    11.5755    6.83387     20.374    32.7507    24.9214 0.0000e+00
 237.424091     20.947  37.306472    11.5710    6.81130     20.771    32.7517    24.9230 0.0000e+00
 237.424097     21.347  37.303505    11.5638    6.78973     21.168    32.7550    24.9269 0.0000e+00
 237.424103     21.753  37.297552    11.5503    6.77922     21.570    32.7610    24.9340 0.0000e+00
 237.424109     22.173  37.286833    11.5274    6.76540     21.987    32.7706    24.9457 0.0000e+00
 237.424115     22.614  37.270501    11.4933    6.75759     22.424    32.7846    24.9628 0.0000e+00
