data/oxygen options/OCNMS/OCNMS2/raw_data/2004/CTD_CA30_082404faed.cnv
* Sea-Bird SBE19 Data File:
* FileName = C:\WINDOWS\Desktop\put hypoxia files here\CTD data\August 24_25-04\CA30_082404.hex
* Software Version 1.1.4
* Temperature SN = 2997
* Conductivity SN = 2997
* System UpLoad Time = Aug 24 2004 12:30:57
* SEACAT PROFILER V3.1c SN 2997   08/24/04  12:32:35.513
* strain gauge pressure sensor: S/N = 184829,  range = 3000 psia,  tc = 40
# nquan = 9                                 
# nvalues = 609                         
# units = specified
# name 0 = timeJ: Julian Days
# name 1 = prSM: Pressure, Strain Gauge [db]
# name 2 = c0mS/cm: Conductivity [mS/cm]
# name 3 = t090C: Temperature [ITS-90, deg C]
# name 4 = oxML/L: Oxygen, Beckman/YSI [ml/l]
# name 5 = depSM: Depth [salt water, m], lat = 47.5
# name 6 = sal00: Salinity, Practical [PSU]
# name 7 = sigma-é00: Density [sigma-theta, kg/m^3]
# name 8 = flag: flag
# span 0 = 237.421343, 237.424861       
# span 1 =     -5.357,     33.673       
# span 2 =   0.589847,  38.993835       
# span 3 =    10.5728,    14.3833       
# span 4 =   -0.05401,   31.58386       
# span 5 =     -5.312,     33.389       
# span 6 =     0.3641,    32.9774       
# span 7 =    -0.5242,    25.2494       
# span 8 = 0.0000e+00, 0.0000e+00       
# interval = seconds: 0.5
# start_time = Aug 24 2004 10:06:44 [Instrument's time stamp, header]
# bad_flag = -9.990e-29
*END*
[from data line 481]
 237.424126     23.541  37.218063    11.4342    6.72215     23.343    32.7852    24.9740 0.0000e+00
 237.424132     24.004  37.201165    11.4248    6.70124     23.802    32.7768    24.9692 0.0000e+00
 237.424138     24.459  37.195582    11.4211    6.68131     24.253    32.7744    24.9680 0.0000e+00
 237.424144     24.911  37.192170    11.4177    6.67347     24.702    32.7739    24.9682 0.0000e+00
 237.424149     25.365  37.186928    11.4107    6.67691     25.152    32.7748    24.9702 0.0000e+00
 237.424155     25.815  37.179592    11.3959    6.68125     25.598    32.7805    24.9773 0.0000e+00
 237.424161     26.259  37.169358    11.3780    6.68458     26.038    32.7862    24.9850 0.0000e+00
 237.424167     26.701  37.159415    11.3672    6.69726     26.476    32.7858    24.9867 0.0000e+00
 237.424172     27.146  37.153903    11.3618    6.71022     26.918    32.7850    24.9870 0.0000e+00
 237.424178     27.603  37.149409    11.3533    6.71659     27.371    32.7880    24.9909 0.0000e+00
 237.424184     28.068  37.141639    11.3389    6.70172     27.832    32.7929    24.9973 0.0000e+00
 237.424190     28.539  37.130340    11.3194    6.64855     28.299    32.7990    25.0055 0.0000e+00
 237.424196     29.006  37.116723    11.2939    6.55568     28.762    32.8080    25.0172 0.0000e+00
 237.424201     29.456  37.098347    11.2615    6.45649     29.208    32.8186    25.0312 0.0000e+00
 237.424207     29.888  37.073710    11.2110    6.36205     29.636    32.8391    25.0563 0.0000e+00
 237.424213     30.317  37.037453    11.1170    6.29569     30.062    32.8871    25.1104 0.0000e+00
 237.424219     30.752  36.967600    10.9731    6.26229     30.493    32.9467    25.1823 0.0000e+00
 237.424225     31.191  36.855137    10.8145    6.18510     30.928    32.9774    25.2342 0.0000e+00
 237.424230     31.620  36.733478    10.6892    6.13141     31.354    32.9690    25.2494 0.0000e+00
 237.424236     32.018  36.645067    10.6161    6.08149     31.748    32.9464    25.2446 0.0000e+00
 237.424242     32.377  36.598729    10.5831    6.04602     32.104    32.9297    25.2373 0.0000e+00
 237.424248     32.693  36.579210    10.5728    6.02968     32.418    32.9193    25.2310 0.0000e+00
 237.424253     32.961  36.573384    10.5728    5.99352     32.683    32.9134    25.2263 0.0000e+00
 237.424259     33.177  36.572934    10.5753    6.00049     32.897    32.9106    25.2237 0.0000e+00
 237.424265     33.346  36.572790    10.5776    6.00946     33.065    32.9083    25.2215 0.0000e+00
 237.424271     33.478  36.572218    10.5788    6.01217     33.196    32.9066    25.2200 -9.990e-29
 237.424277     33.578  36.571033    10.5790    6.02351     33.295    32.9052    25.2189 -9.990e-29
 237.424282     33.643  36.569355    10.5799    6.01464     33.359    32.9026    25.2167 -9.990e-29
 237.424288     33.673  36.568886    10.5827    6.00431     33.389    32.8996    25.2139 -9.990e-29
 237.424294     33.667  36.570700    10.5866    6.00620     33.383    32.8979    25.2119 -9.990e-29
 237.424300     33.618  36.573309    10.5911    5.99341     33.335    32.8965    25.2100 -9.990e-29
 237.424306     33.530  36.575161    10.5939    5.96026     33.247    32.8959    25.2091 -9.990e-29
 237.424311     33.399  36.575377    10.5933    5.93146     33.118    32.8967    25.2098 0.0000e+00
 237.424317     33.226  36.575946    10.5952    5.92210     32.946    32.8956    25.2086 0.0000e+00
 237.424323     33.018  36.582692    10.5957    5.93017     32.740    32.9020    25.2135 0.0000e+00
 237.424329     32.774  36.585562    10.5870    5.96845     32.498    32.9128    25.2234 0.0000e+00
 237.424334     32.496  36.574383    10.5810    6.01180     32.222    32.9072    25.2201 0.0000e+00
 237.424340     32.191  36.565667    10.5918    6.07196     31.920    32.8888    25.2039 0.0000e+00
 237.424346     31.867  36.572480    10.6299    6.12035     31.599    32.8615    25.1760 0.0000e+00
 237.424352     31.527  36.598877    10.7166    6.15720     31.261    32.8100    25.1209 0.0000e+00
 237.424358     31.177  36.663251    10.8533    6.22510     30.914    32.7518    25.0516 0.0000e+00
 237.424363     30.824  36.771273    10.9902    6.29821     30.564    32.7368    25.0159 0.0000e+00
 237.424369     30.479  36.878044    11.0776    6.39219     30.222    32.7647    25.0221 0.0000e+00
 237.424375     30.148  36.937004    11.1228    6.47220     29.894    32.7828    25.0282 0.0000e+00
 237.424381     29.820  36.961768    11.1618    6.52418     29.569    32.7726    25.0133 0.0000e+00
 237.424387     29.489  36.988190    11.2122    6.57459     29.241    32.7540    24.9898 0.0000e+00
 237.424392     29.146  37.026286    11.2655    6.61686     28.901    32.7443    24.9727 0.0000e+00
 237.424398     28.783  37.065189    11.3064    6.65426     28.541    32.7464    24.9670 0.0000e+00
 237.424404     28.406  37.092872    11.3337    6.68927     28.167    32.7495    24.9645 0.0000e+00
 237.424410     28.029  37.110948    11.3541    6.70582     27.793    32.7493    24.9607 0.0000e+00
 237.424416     27.659  37.126159    11.3695    6.72440     27.426    32.7507    24.9590 0.0000e+00
 237.424421     27.298  37.138623    11.3792    6.72202     27.068    32.7545    24.9602 0.0000e+00
 237.424427     26.945  37.145915    11.3839    6.73001     26.718    32.7577    24.9618 0.0000e+00
 237.424433     26.594  37.147686    11.3872    6.73871     26.370    32.7566    24.9603 0.0000e+00
 237.424439     26.244  37.148559    11.3890    6.75147     26.023    32.7560    24.9595 0.0000e+00
 237.424444     25.894  37.150279    11.3866    6.74711     25.676    32.7600    24.9631 0.0000e+00
 237.424450     25.540  37.148428    11.3848    6.74850     25.325    32.7599    24.9633 0.0000e+00
 237.424456     25.176  37.145605    11.3907    6.73705     24.964    32.7521    24.9561 0.0000e+00
 237.424462     24.795  37.149840    11.4036    6.75792     24.587    32.7449    24.9483 0.0000e+00
 237.424468     24.400  37.161749    11.4163    6.76094     24.195    32.7455    24.9464 0.0000e+00
 237.424473     24.000  37.172556    11.4242    6.77115     23.798    32.7493    24.9479 0.0000e+00
 237.424479     23.599  37.177629    11.4296    6.76564     23.401    32.7497    24.9472 0.0000e+00
 237.424485     23.197  37.180947    11.4378    6.75791     23.002    32.7458    24.9427 0.0000e+00
 237.424491     22.799  37.187515    11.4498    6.76032     22.607    32.7418    24.9374 0.0000e+00
 237.424497     22.414  37.197699    11.4598    6.77924     22.226    32.7431    24.9366 0.0000e+00
 237.424502     22.043  37.205472    11.4635    6.78409     21.858    32.7476    24.9394 0.0000e+00
 237.424508     21.679  37.207202    11.4656    6.80134     21.497    32.7476    24.9390 0.0000e+00
 237.424514     21.317  37.207456    11.4772    6.81003     21.138    32.7377    24.9292 0.0000e+00
 237.424520     20.951  37.215564    11.5061    6.83578     20.775    32.7202    24.9104 0.0000e+00
 237.424525     20.583  37.237868    11.5411    6.87424     20.410    32.7112    24.8970 0.0000e+00
 237.424531     20.219  37.264313    11.5654    6.90236     20.049    32.7158    24.8961 0.0000e+00
 237.424537     19.859  37.280275    11.5819    6.92323     19.692    32.7169    24.8940 0.0000e+00
 237.424543     19.496  37.290239    11.6035    6.91583     19.332    32.7077    24.8829 0.0000e+00
 237.424549     19.129  37.306392    11.6311    6.91788     18.968    32.6993    24.8713 0.0000e+00
 237.424554     18.764  37.328420    11.6546    6.92627     18.607    32.7002    24.8677 0.0000e+00
 237.424560     18.407  37.346462    11.6687    6.93503     18.253    32.7055    24.8692 0.0000e+00
 237.424566     18.059  37.357122    11.6734    6.95730     17.907    32.7119    24.8733 0.0000e+00
 237.424572     17.714  37.360054    11.6713    6.98034     17.565    32.7168    24.8775 0.0000e+00
 237.424578     17.366  37.356946    11.6700    7.00558     17.220    32.7150    24.8764 0.0000e+00
 237.424583     17.016  37.355450    11.6765    7.03552     16.873    32.7080    24.8697 0.0000e+00
 237.424589     16.667  37.360881    11.6988    7.04827     16.527    32.6938    24.8545 0.0000e+00
 237.424595     16.313  37.379935    11.7393    7.07679     16.176    32.6768    24.8339 0.0000e+00
 237.424601     15.941  37.414484    11.7836    7.09773     15.807    32.6716    24.8217 0.0000e+00
 237.424606     15.540  37.449488    11.8166    7.12207     15.410    32.6768    24.8196 0.0000e+00
 237.424612     15.106  37.471642    11.8374    7.13339     14.979    32.6802    24.8184 0.0000e+00
 237.424618     14.638  37.484154    11.8520    7.11581     14.515    32.6797    24.8153 0.0000e+00
 237.424624     14.134  37.493637    11.8646    7.09314     14.016    32.6780    24.8117 0.0000e+00
 237.424630     13.599  37.502665    11.8770    7.09474     13.485    32.6761    24.8079 0.0000e+00
 237.424635     13.027  37.512639    11.8886    7.09831     12.918    32.6759    24.8055 0.0000e+00
 237.424641     12.412  37.522860    11.8945    7.14456     12.308    32.6809    24.8083 0.0000e+00
 237.424647     11.779  37.527911    11.8929    7.17789     11.680    32.6874    24.8137 0.0000e+00
 237.424653     11.178  37.525017    11.8934    7.22582     11.084    32.6844    24.8112 0.0000e+00
 237.424659     10.623  37.523803    11.9129    7.26693     10.534    32.6664    24.7936 0.0000e+00
 237.424664     10.094  37.540057    11.9708    7.32645     10.010    32.6316    24.7558 0.0000e+00
 237.424670      9.585  37.591540    12.0645    7.41579      9.505    32.5996    24.7135 0.0000e+00
 237.424676      9.097  37.671769    12.1584    7.49559      9.021    32.5952    24.6925 0.0000e+00
 237.424682      8.629  37.743619    12.2286    7.57233      8.557    32.6034    24.6855 0.0000e+00
 237.424688      8.181  37.791329    12.2855    7.63002      8.113    32.5999    24.6720 0.0000e+00
 237.424693      7.756  37.829757    12.3418    7.67645      7.691    32.5879    24.6521 0.0000e+00
 237.424699      7.346  37.866988    12.3915    7.70238      7.285    32.5806    24.6370 0.0000e+00
 237.424705      6.948  37.894363    12.4264    7.69938      6.890    32.5767    24.6273 0.0000e+00
 237.424711      6.562  37.908591    12.4467    7.68980      6.507    32.5728    24.6204 0.0000e+00
 237.424716      6.190  37.914651    12.4562    7.69465      6.138    32.5705    24.6168 0.0000e+00
 237.424722      5.836  37.916162    12.4572    7.70480      5.787    32.5713    24.6172 0.0000e+00
 237.424728      5.510  37.915160    12.4501    7.74200      5.464    32.5766    24.6227 0.0000e+00
 237.424734      5.207  37.912014    12.4428    7.78587      5.163    32.5801    24.6267 0.0000e+00
 237.424740      4.913  37.910960    12.4508    7.80765      4.872    32.5722    24.6191 0.0000e+00
 237.424745      4.616  37.921264    12.4840    7.83972      4.577    32.5534    24.5982 0.0000e+00
 237.424751      4.321  37.949949    12.5470    7.87138      4.285    32.5264    24.5652 0.0000e+00
 237.424757      4.029  38.004998    12.6360    7.91113      3.995    32.5021    24.5292 0.0000e+00
 237.424763      3.744  38.083556    12.7240    7.98815      3.713    32.5010    24.5114 0.0000e+00
 237.424769      3.468  38.154673    12.7880    8.06110      3.439    32.5135    24.5087 0.0000e+00
 237.424774      3.198  38.201041    12.8332    8.10941      3.171    32.5187    24.5039 0.0000e+00
 237.424780      2.928  38.235164    12.8762    8.12806      2.904    32.5141    24.4920 0.0000e+00
 237.424786      2.658  38.269476    12.9334    8.03881      2.636    32.4976    24.4680 0.0000e+00
 237.424792      2.394  38.315539    13.0049    7.85429      2.374    32.4798    24.4403 0.0000e+00
 237.424797      2.139  38.372536    13.0797    7.26217      2.121    32.4696    24.4176 0.0000e+00
 237.424803      1.891  38.428435    13.1754    7.06391      1.875    32.4405    24.3762 0.0000e+00
 237.424809      1.650  38.506760    13.3008 -9.990e-29      1.636    32.4071    24.3255 0.0000e+00
 237.424815      1.427  38.616060    13.4078 -9.990e-29      1.415    32.4185    24.3130 0.0000e+00
 237.424821      1.229  38.694009    13.4726 -9.990e-29      1.219    32.4363    24.3138 0.0000e+00
 237.424826      1.057  38.730163    13.5091 -9.990e-29      1.048    32.4391    24.3086 0.0000e+00
 237.424832      0.908  38.761549    13.5114 -9.990e-29      0.900    32.4665    24.3293 0.0000e+00
 237.424838      0.781  38.767220    13.4840 -9.990e-29      0.774    32.4951    24.3570 -9.990e-29
 237.424844      0.676  38.731777    13.4408 -9.990e-29      0.670    32.4989    24.3685 -9.990e-29
 237.424850      0.597  38.674756    13.3910 -9.990e-29      0.592    32.4880    24.3701 -9.990e-29
 237.424855      0.545  38.607632    13.3664 -9.990e-29      0.540    32.4462    24.3426 -9.990e-29
 237.424861      0.527  38.542951 -9.990e-29 -9.990e-29      0.523 -9.990e-29 -9.990e-29 -9.990e-29
