data/oxygen options/OCNMS/OCNMS2/raw_data/2004/CTD_TH40_061504faedb.cnv
* Sea-Bird SBE19 Data File:
* FileName = C:\WINDOWS\Desktop\put hypoxia files here\CTD files\CA\TH40m061504.hex
* Software Version 1.1.4
* Temperature SN = 2997
* Conductivity SN = 2997
* System UpLoad Time = Jun 15 2004 15:33:58
** Teahwhit Head hypoxia TH4 40m June 15, 2004
* SEACAT PROFILER V3.1c SN 2997   06/15/04  15:32:17.712
# nquan = 9
# nvalues = 40                          
# units = specified
# name 0 = timeJ: Julian Days
# name 1 = prSM: Pressure, Strain Gauge [db]
# name 2 = c0mS/cm: Conductivity [mS/cm]
# name 3 = t090C: Temperature [ITS-90, deg C]
# name 4 = oxML/L: Oxygen, Beckman/YSI [ml/l]
# name 5 = depSM: Depth [salt water, m], lat = 47.5
# name 6 = sal00: Salinity, Practical [PSU]
# name 7 = sigma-é00: Density [sigma-theta, kg/m^3]
# name 8 = flag: flag
# span 0 = 167.599783, 167.600444       
# span 1 =      2.000,     41.000       
# span 2 =  34.514885,  37.292805       
# span 3 =     7.9930,    14.2584       
# span 4 =    3.51279,    5.77850       
# span 5 =      1.983,     40.654       
# span 6 =    30.5019,    33.1694       
# span 7 =    22.6612,    25.8379       
# span 8 = 0.0000e+00, 0.0000e+00       
# interval = decibars: 1                
# start_time = Jun 15 2004 14:20:36 [Instrument's time stamp, header]
# bad_flag = -9.990e-29
*END*
 167.599783      2.000  37.292805    14.2584    5.53714      1.983    30.5019    22.6612 0.0000e+00
 167.599807      3.000  37.163950    13.3798    5.46997      2.975    31.0869    23.2893 0.0000e+00
 167.599824      4.000  37.122077    13.1161    5.34903      3.967    31.2637    23.4777 0.0000e+00
 167.599840      5.000  37.066319    12.9454    5.25436      4.958    31.3518    23.5790 0.0000e+00
 167.599855      6.000  37.015580    12.8212    5.27422      5.950    31.4067    23.6454 0.0000e+00
 167.599870      7.000  37.014534    12.7799    5.29784      6.941    31.4395    23.6788 0.0000e+00
 167.599885      8.000  37.033676    12.7900    5.31388      7.933    31.4489    23.6841 0.0000e+00
 167.599900      9.000  37.046768    12.8005    5.35995      8.925    31.4521    23.6846 0.0000e+00
 167.599915     10.000  37.071615    12.8209    5.40182      9.916    31.4582    23.6854 0.0000e+00
 167.599930     11.000  37.102097    12.8439    5.43594     10.908    31.4674    23.6882 0.0000e+00
 167.599945     12.000  37.165288    12.8603    5.54515     11.900    31.5130    23.7203 0.0000e+00
 167.599960     13.000  37.248590    12.8358    5.67624     12.891    31.6116    23.8014 0.0000e+00
 167.599977     14.000  37.264842    12.8342    5.63268     13.883    31.6279    23.8144 0.0000e+00
 167.599995     15.000  37.263172    12.7597    5.77850     14.874    31.6884    23.8755 0.0000e+00
 167.600012     16.000  37.208392    12.6667    5.77538     15.866    31.7142    23.9134 0.0000e+00
 167.600031     17.000  37.206625    12.6476    5.58027     16.858    31.7283    23.9279 0.0000e+00
 167.600049     18.000  36.993693    12.3548    5.40876     17.849    31.7723    24.0177 0.0000e+00
 167.600066     19.000  36.889955    12.2360    5.27392     18.841    31.7735    24.0409 0.0000e+00
 167.600082     20.000  36.779423    12.1154    5.09060     19.832    31.7695    24.0603 0.0000e+00
 167.600097     21.000  36.689844    11.9343    5.06260     20.824    31.8372    24.1463 0.0000e+00
 167.600114     22.000  36.566810    11.7524    5.09337     21.815    31.8735    24.2079 0.0000e+00
 167.600131     23.000  36.511821    11.6706    4.86395     22.807    31.8900    24.2356 0.0000e+00
 167.600149     24.000  36.414703    11.3316    4.61365     23.798    32.0882    24.4505 0.0000e+00
 167.600165     25.000  36.089579    10.7633    4.50393     24.790    32.2643    24.6876 0.0000e+00
 167.600179     26.000  35.906576    10.5677    4.43574     25.781    32.2543    24.7136 0.0000e+00
 167.600195     27.000  35.862613    10.5248    4.42975     26.773    32.2479    24.7159 0.0000e+00
 167.600212     28.000  35.841385    10.5088    4.45348     27.765    32.2404    24.7129 0.0000e+00
 167.600231     29.000  35.844944    10.5216    4.42448     28.756    32.2322    24.7043 0.0000e+00
 167.600250     30.000  35.829935    10.4758    4.48016     29.748    32.2573    24.7317 0.0000e+00
 167.600266     31.000  35.782179    10.4033    4.52220     30.739    32.2733    24.7565 0.0000e+00
 167.600286     32.000  35.762779    10.3482    4.15007     31.730    32.3024    24.7886 0.0000e+00
 167.600301     33.000  35.577623     9.7490    3.87571     32.722    32.6533    25.1617 0.0000e+00
 167.600315     34.000  35.143533     9.0564    3.63557     33.714    32.8393    25.4181 0.0000e+00
 167.600331     35.000  34.879760     8.6411    3.64831     34.705    32.9487    25.5681 0.0000e+00
 167.600350     36.000  34.733030     8.4685    3.55283     35.696    32.9550    25.5991 0.0000e+00
 167.600370     37.000  34.681675     8.2683    3.53648     36.688    33.0881    25.7335 0.0000e+00
 167.600388     38.000  34.571615     8.0865    3.52213     37.679    33.1423    25.8029 0.0000e+00
 167.600404     39.000  34.535774     8.0298    3.51279     38.671    33.1573    25.8230 0.0000e+00
 167.600422     40.000  34.514885     7.9930    3.52614     39.662    33.1694    25.8379 0.0000e+00
 167.600444     41.000  34.521546     8.0252    3.51825     40.654    33.1456    25.8145 0.0000e+00
