data/oxygen options/OCNMS/OCNMS2/raw_data/2004/CTD_CA70_061504faed.cnv
* Sea-Bird SBE19 Data File:
* FileName = C:\WINDOWS\Desktop\put hypoxia files here\CTD files\CA\CA70m061504.hex
* Software Version 1.1.4
* Temperature SN = 2997
* Conductivity SN = 2997
* System UpLoad Time = Jun 15 2004 12:01:55
** Cape Alava hypoxia CA-7 70m June 15, 2004
**
# nquan = 9                                 
# nvalues = 834                         
# units = specified
# name 0 = timeJ: Julian Days
# name 1 = prSM: Pressure, Strain Gauge [db]
# name 2 = c0mS/cm: Conductivity [mS/cm]
# name 3 = t090C: Temperature [ITS-90, deg C]
# name 4 = oxML/L: Oxygen, Beckman/YSI [ml/l]
# name 5 = depSM: Depth [salt water, m], lat = 47.5
# name 6 = sal00: Salinity, Practical [PSU]
# name 7 = sigma-é00: Density [sigma-theta, kg/m^3]
# name 8 = flag: flag
# span 0 = 167.431319, 167.436140       
# span 1 =     -4.651,     70.110       
# span 2 =   0.931443,  36.896693       
# span 3 =     7.3507,    12.3773       
# span 4 =  -11.88002,   34.90626       
# span 5 =     -4.612,     69.513       
# span 6 =     0.6342,    33.6423       
# span 7 =     0.0784,    26.3013       
# span 8 = 0.0000e+00, 0.0000e+00       
# interval = seconds: 0.5
# start_time = Jun 15 2004 10:21:06 [Instrument's time stamp, header]
# bad_flag = -9.990e-29
*END*
[from data line 161]
 167.432251      0.300  36.895239    12.3773    6.80776      0.297    31.6665    23.9309 -9.990e-29
 167.432257      0.333  36.896685    12.3768    6.79792      0.330    31.6682    23.9324 -9.990e-29
 167.432263      0.360  36.896693    12.3743    6.79314      0.357    31.6704    23.9345 -9.990e-29
 167.432269      0.378  36.894723    12.3683    6.79262      0.375    31.6735    23.9381 -9.990e-29
 167.432274      0.393  36.888718    12.3598    6.80321      0.390    31.6750    23.9408 -9.990e-29
 167.432280      0.411  36.880216    12.3550    6.80330      0.408    31.6709    23.9386 -9.990e-29
 167.432286      0.428  36.875838    12.3565    6.80601      0.424    31.6654    23.9341 -9.990e-29
 167.432292      0.441  36.877605    12.3606    6.81313      0.437    31.6637    23.9319 -9.990e-29
 167.432297      0.451  36.881151    12.3632    6.81349      0.447    31.6649    23.9324 -9.990e-29
 167.432303      0.459  36.883362    12.3634    6.80933      0.455    31.6668    23.9338 -9.990e-29
 167.432309      0.464  36.883831    12.3621    6.79266      0.460    31.6683    23.9353 -9.990e-29
 167.432315      0.468  36.883191    12.3595    6.77521      0.464    31.6699    23.9370 -9.990e-29
 167.432321      0.470  36.881162    12.3558    6.78690      0.466    31.6711    23.9386 -9.990e-29
 167.432326      0.471  36.877850    12.3523    6.80756      0.467    31.6709    23.9391 -9.990e-29
 167.432332      0.471  36.875018    12.3502    6.81365      0.467    31.6700    23.9388 -9.990e-29
 167.432338      0.469  36.873386    12.3515    6.81321      0.465    31.6673    23.9365 -9.990e-29
 167.432344      0.466  36.874153    12.3563    6.79791      0.462    31.6640    23.9330 -9.990e-29
 167.432350      0.466  36.878350    12.3610    6.79049      0.462    31.6640    23.9321 -9.990e-29
 167.432355      0.472  36.883168    12.3617    6.78717      0.468    31.6680    23.9351 -9.990e-29
 167.432361      0.482  36.884386    12.3555    6.79432      0.478    31.6744    23.9412 -9.990e-29
 167.432367      0.491  36.878590    12.3449    6.79998      0.487    31.6778    23.9459 -9.990e-29
 167.432373      0.500  36.868156    12.3377    6.80367      0.496    31.6740    23.9442 -9.990e-29
 167.432378      0.510  36.861057    12.3366    6.79704      0.506    31.6681    23.9399 -9.990e-29
 167.432384      0.521  36.860175    12.3383    6.78668      0.517    31.6658    23.9378 -9.990e-29
 167.432390      0.534  36.862658    12.3396    6.79176      0.530    31.6671    23.9385 -9.990e-29
 167.432396      0.550  36.865097    12.3393    6.78707      0.545    31.6697    23.9406 -9.990e-29
 167.432402      0.565  36.865143    12.3387    6.78935      0.560    31.6702    23.9411 -9.990e-29
 167.432407      0.576  36.863990    12.3391    6.79587      0.571    31.6688    23.9399 -9.990e-29
 167.432413      0.589  36.864036    12.3374    6.79050      0.584    31.6702    23.9414 -9.990e-29
 167.432419      0.603  36.862545    12.3318    6.79283      0.598    31.6735    23.9450 -9.990e-29
 167.432425      0.612  36.856978    12.3259    6.79056      0.607    31.6732    23.9458 -9.990e-29
 167.432431      0.616  36.851139    12.3221    6.78343      0.611    31.6708    23.9447 -9.990e-29
 167.432436      0.623  36.847910    12.3198    6.78985      0.618    31.6697    23.9443 -9.990e-29
 167.432442      0.634  36.845797    12.3196    6.79749      0.629    31.6678    23.9429 -9.990e-29
 167.432448      0.646  36.844795    12.3219    6.79325      0.641    31.6649    23.9402 -9.990e-29
 167.432454      0.659  36.846943    12.3248    6.79266      0.653    31.6645    23.9393 -9.990e-29
 167.432459      0.670  36.850628    12.3267    6.78116      0.664    31.6664    23.9404 -9.990e-29
 167.432465      0.680  36.852921    12.3271    6.78625      0.674    31.6683    23.9418 -9.990e-29
 167.432471      0.693  36.852962    12.3254    6.79145      0.687    31.6698    23.9433 -9.990e-29
 167.432477      0.706  36.850817    12.3233    6.79895      0.700    31.6695    23.9434 -9.990e-29
 167.432483      0.720  36.848121    12.3232    6.79466      0.714    31.6670    23.9415 -9.990e-29
 167.432488      0.740  36.848020    12.3253    6.79656      0.734    31.6651    23.9397 -9.990e-29
 167.432494      0.759  36.850949    12.3279    6.78859      0.753    31.6657    23.9396 -9.990e-29
 167.432500      0.769  36.854091    12.3303    6.78481      0.763    31.6667    23.9399 -9.990e-29
 167.432506      0.775  36.856596    12.3321    6.79147      0.769    31.6675    23.9403 -9.990e-29
 167.432512      0.782  36.858447    12.3322    6.79339      0.775    31.6692    23.9416 -9.990e-29
 167.432517      0.791  36.858199    12.3302    6.79646      0.784    31.6707    23.9431 -9.990e-29
 167.432523      0.801  36.855529    12.3286    6.78598      0.794    31.6695    23.9424 -9.990e-29
 167.432529      0.810  36.853616    12.3295    6.79328      0.803    31.6669    23.9403 -9.990e-29
 167.432535      0.813  36.854968    12.3319    6.79733      0.806    31.6661    23.9392 -9.990e-29
 167.432541      0.816  36.857467    12.3348    6.80377      0.809    31.6661    23.9386 -9.990e-29
 167.432546      0.822  36.859971    12.3385    6.79993      0.815    31.6653    23.9374 -9.990e-29
 167.432552      0.832  36.863583    12.3421    6.79354      0.825    31.6657    23.9370 -9.990e-29
 167.432558      0.846  36.866959    12.3443    6.80085      0.839    31.6671    23.9377 -9.990e-29
 167.432564      0.867  36.868442    12.3452    6.80760      0.860    31.6677    23.9380 -9.990e-29
 167.432569      0.889  36.868897    12.3460    6.80445      0.882    31.6675    23.9376 -9.990e-29
 167.432575      0.907  36.869500    12.3475    6.80198      0.899    31.6668    23.9368 -9.990e-29
 167.432581      0.917  36.871064    12.3496    6.80479      0.909    31.6665    23.9362 -9.990e-29
 167.432587      0.920  36.873441    12.3515    6.79621      0.912    31.6672    23.9364 -9.990e-29
 167.432593      0.916  36.875323    12.3526    6.79613      0.908    31.6681    23.9368 -9.990e-29
 167.432598      0.909  36.875862    12.3518    6.78391      0.901    31.6692    23.9379 -9.990e-29
 167.432604      0.907  36.874106    12.3480    6.77076      0.899    31.6708    23.9398 -9.990e-29
 167.432610      0.911  36.868845    12.3401    6.77460      0.903    31.6724    23.9426 -9.990e-29
 167.432616      0.910  36.859804    12.3303    6.79502      0.902    31.6721    23.9441 -9.990e-29
 167.432622      0.907  36.853447    12.3203    6.80416      0.899    31.6744    23.9479 -9.990e-29
 167.432627      0.909  36.850841    12.3122    6.81615      0.901    31.6788    23.9528 -9.990e-29
 167.432633      0.915  36.845152    12.3152    6.79689      0.907    31.6708    23.9460 -9.990e-29
 167.432639      0.924  36.845069    12.3279    6.79471      0.916    31.6600    23.9352 -9.990e-29
 167.432645      0.933  36.855537    12.3378    6.79636      0.925    31.6616    23.9347 -9.990e-29
 167.432650      0.941  36.864161    12.3389    6.79745      0.933    31.6689    23.9401 -9.990e-29
 167.432656      0.944  36.865062    12.3323    6.79036      0.936    31.6754    23.9463 -9.990e-29
 167.432662      0.941  36.858893    12.3241    6.77451      0.933    31.6764    23.9487 -9.990e-29
 167.432668      0.936  36.850339    12.3187    6.77231      0.928    31.6728    23.9469 -9.990e-29
 167.432674      0.939  36.846514    12.3102    6.78351      0.931    31.6763    23.9512 -9.990e-29
 167.432679      0.948  36.840081    12.2954    6.78192      0.940    31.6827    23.9589 -9.990e-29
 167.432685      0.961  36.825275    12.2844    6.79545      0.953    31.6778    23.9572 -9.990e-29
 167.432691      0.978  36.814336    12.2848    6.79567      0.970    31.6670    23.9488 -9.990e-29
 167.432697      0.996  36.815680    12.2918    6.80757      0.988    31.6624    23.9439 -9.990e-29
 167.432703      1.011  36.823252    12.2968    6.79365      1.003    31.6654    23.9453 -9.990e-29
 167.432708      1.026  36.827527    12.2974    6.76975      1.017    31.6690    23.9479 -9.990e-29
 167.432714      1.040  36.827484    12.2962    6.77091      1.031    31.6699    23.9489 -9.990e-29
 167.432720      1.055  36.827564    12.2940    6.77810      1.046    31.6719    23.9508 -9.990e-29
 167.432726      1.072  36.829567    12.2898    6.80505      1.063    31.6773    23.9558 -9.990e-29
 167.432731      1.091  36.832246    12.2852    6.80701      1.082    31.6838    23.9617 -9.990e-29
 167.432737      1.110  36.833199    12.2850    6.79134      1.101    31.6848    23.9625 -9.990e-29
 167.432743      1.121  36.832577    12.2910    6.77813      1.112    31.6792    23.9570 -9.990e-29
 167.432749      1.120  36.832549    12.2975    6.78095      1.111    31.6736    23.9515 -9.990e-29
 167.432755      1.113  36.832530    12.2993    6.78556      1.104    31.6721    23.9500 -9.990e-29
 167.432760      1.106  36.830448    12.2979    6.80352      1.097    31.6713    23.9496 -9.990e-29
 167.432766      1.105  36.827464    12.2964    6.81484      1.096    31.6697    23.9487 -9.990e-29
 167.432772      1.108  36.825779    12.2961    6.80646      1.099    31.6684    23.9477 -9.990e-29
 167.432778      1.111  36.825396    12.2970    6.79323      1.102    31.6672    23.9466 -9.990e-29
 167.432784      1.112  36.825813    12.2979    6.77086      1.103    31.6669    23.9462 -9.990e-29
 167.432789      1.113  36.826471    12.2980    6.77797      1.104    31.6674    23.9466 -9.990e-29
 167.432795      1.115  36.826573    12.2974    6.79374      1.106    31.6680    23.9472 -9.990e-29
 167.432801      1.114  36.826261    12.2966    6.80115      1.105    31.6684    23.9476 -9.990e-29
 167.432807      1.109  36.825689    12.2963    6.79738      1.100    31.6681    23.9475 -9.990e-29
 167.432813      1.102  36.825223    12.2970    6.78082      1.093    31.6671    23.9465 -9.990e-29
 167.432818      1.094  36.825372    12.2980    6.78338      1.085    31.6664    23.9458 -9.990e-29
 167.432824      1.091  36.825783    12.2987    6.79508      1.082    31.6662    23.9455 -9.990e-29
 167.432830      1.091  36.826452    12.3001    6.81290      1.082    31.6656    23.9448 -9.990e-29
 167.432836      1.096  36.828278    12.3027    6.81758      1.087    31.6652    23.9440 -9.990e-29
 167.432841      1.104  36.831460    12.3057    6.79928      1.095    31.6657    23.9438 -9.990e-29
 167.432847      1.117  36.834641    12.3083    6.78113      1.108    31.6665    23.9440 -9.990e-29
 167.432853      1.136  36.836462    12.3102    6.77341      1.127    31.6666    23.9437 -9.990e-29
 167.432859      1.162  36.837115    12.3116    6.79160      1.152    31.6661    23.9430 -9.990e-29
 167.432865      1.191  36.838042    12.3127    6.81505      1.181    31.6660    23.9428 -9.990e-29
 167.432870      1.218  36.839364    12.3131    6.81564      1.208    31.6669    23.9434 -9.990e-29
 167.432876      1.240  36.840047    12.3134    6.80249      1.230    31.6673    23.9437 -9.990e-29
 167.432882      1.254  36.840450    12.3140    6.79390      1.244    31.6672    23.9434 -9.990e-29
 167.432888      1.256  36.841116    12.3141    6.79336      1.246    31.6678    23.9438 -9.990e-29
 167.432894      1.251  36.841261    12.3140    6.81092      1.241    31.6680    23.9440 -9.990e-29
 167.432899      1.247  36.841086    12.3148    6.81861      1.237    31.6671    23.9432 -9.990e-29
 167.432905      1.253  36.842049    12.3161    6.80589      1.243    31.6670    23.9429 -9.990e-29
 167.432911      1.268  36.843758    12.3170    6.79875      1.257    31.6678    23.9434 -9.990e-29
 167.432917      1.286  36.844575    12.3169    6.79774      1.275    31.6687    23.9440 -9.990e-29
 167.432922      1.299  36.843913    12.3156    6.79511      1.288    31.6691    23.9446 -9.990e-29
 167.432928      1.303  36.842580    12.3122    6.79767      1.292    31.6707    23.9465 -9.990e-29
 167.432934      1.302  36.840489    12.3040    6.78883      1.291    31.6757    23.9519 -9.990e-29
 167.432940      1.302  36.833740    12.2934    6.77978      1.291    31.6782    23.9558 -9.990e-29
 167.432946      1.303  36.823437    12.2862    6.78511      1.292    31.6744    23.9542 -9.990e-29
 167.432951      1.303  36.817165    12.2815    6.78694      1.292    31.6724    23.9536 -9.990e-29
 167.432957      1.303  36.813856    12.2784    6.79912      1.292    31.6718    23.9537 -9.990e-29
 167.432963      1.304  36.810789    12.2800    6.80920      1.293    31.6675    23.9501 -9.990e-29
 167.432969      1.305  36.811735    12.2848    6.80522      1.294    31.6644    23.9467 -9.990e-29
 167.432975      1.306  36.815718    12.2891    6.80721      1.295    31.6646    23.9461 -9.990e-29
 167.432980      1.308  36.819082    12.2923    6.80162      1.297    31.6651    23.9459 -9.990e-29
 167.432986      1.311  36.821835    12.2955    6.79264      1.300    31.6650    23.9452 -9.990e-29
 167.432992      1.314  36.824851    12.2998    6.79227      1.303    31.6643    23.9438 -9.990e-29
 167.432998      1.318  36.828236    12.3052    6.80431      1.307    31.6629    23.9418 -9.990e-29
 167.433003      1.323  36.832584    12.3096    6.81523      1.312    31.6634    23.9413 -9.990e-29
 167.433009      1.329  36.836972    12.3111    6.80686      1.318    31.6663    23.9433 -9.990e-29
 167.433015      1.337  36.838285    12.3112    6.79312      1.326    31.6675    23.9442 -9.990e-29
 167.433021      1.348  36.838283    12.3120    6.78445      1.337    31.6668    23.9435 -9.990e-29
 167.433027      1.366  36.839776    12.3123    6.78464      1.355    31.6679    23.9443 -9.990e-29
 167.433032      1.392  36.840274    12.3107    6.80558      1.380    31.6698    23.9460 -9.990e-29
 167.433038      1.416  36.838767    12.3085    6.81690      1.404    31.6702    23.9468 -9.990e-29
 167.433044      1.430  36.836620    12.3078    6.81278      1.418    31.6687    23.9458 -9.990e-29
 167.433050      1.440  36.835463    12.3090    6.80168      1.428    31.6666    23.9439 -9.990e-29
 167.433056      1.449  36.836565    12.3109    6.79082      1.437    31.6660    23.9431 -9.990e-29
 167.433061      1.456  36.838601    12.3119    6.79270      1.444    31.6671    23.9438 -9.990e-29
 167.433067      1.459  36.839804    12.3112    6.79745      1.447    31.6689    23.9453 -9.990e-29
 167.433073      1.465  36.839545    12.3098    6.79580      1.453    31.6698    23.9462 -9.990e-29
 167.433079      1.467  36.838048    12.3090    6.81228      1.455    31.6690    23.9458 -9.990e-29
 167.433084      1.464  36.836691    12.3094    6.80766      1.452    31.6674    23.9445 -9.990e-29
 167.433090      1.457  36.836474    12.3104    6.80413      1.445    31.6664    23.9435 -9.990e-29
 167.433096      1.457  36.837118    12.3118    6.80190      1.445    31.6658    23.9428 -9.990e-29
 167.433102      1.467  36.838369    12.3144    6.79398      1.455    31.6648    23.9415 -9.990e-29
 167.433108      1.483  36.840781    12.3199    6.79744      1.471    31.6624    23.9386 -9.990e-29
 167.433113      1.497  36.845893    12.3273    6.80486      1.485    31.6611    23.9362 -9.990e-29
 167.433119      1.507  36.853239    12.3328    6.81840      1.494    31.6634    23.9370 -9.990e-29
 167.433125      1.514  36.859162    12.3345    6.82262      1.501    31.6677    23.9400 -9.990e-29
 167.433131      1.516  36.861471    12.3353    6.81451      1.503    31.6692    23.9410 -9.990e-29
 167.433137      1.520  36.862135    12.3387    6.80396      1.507    31.6670    23.9386 -9.990e-29
 167.433142      1.525  36.864850    12.3443    6.81110      1.512    31.6648    23.9359 -9.990e-29
 167.433148      1.527  36.869879    12.3493    6.81517      1.514    31.6654    23.9354 -9.990e-29
 167.433154      1.531  36.873837    12.3517    6.81270      1.518    31.6671    23.9363 -9.990e-29
 167.433160      1.536  36.874721    12.3511    6.79683      1.523    31.6685    23.9375 -9.990e-29
 167.433166      1.539  36.873718    12.3491    6.78086      1.526    31.6692    23.9384 -9.990e-29
