data/oxygen options/OCNMS/OCNMS2/raw_data/2004/CTD_CE90_072604faed.cnv
* Sea-Bird SBE19 Data File:
* FileName = C:\WINDOWS\Desktop\put hypoxia files here\CTD files\july 24_25-04\CE\CE9_072404.hex
* Software Version 1.1.4
* Temperature SN = 2997
* Conductivity SN = 2997
* System UpLoad Time = Jul 26 2004 14:41:41
* SEACAT PROFILER V3.1c SN 2997   07/26/04  14:41:51.117
* strain gauge pressure sensor: S/N = 184829,  range = 3000 psia,  tc = 40
# nquan = 9                                 
# nvalues = 809                         
# units = specified
# name 0 = timeJ: Julian Days
# name 1 = prSM: Pressure, Strain Gauge [db]
# name 2 = c0mS/cm: Conductivity [mS/cm]
# name 3 = t090C: Temperature [ITS-90, deg C]
# name 4 = oxML/L: Oxygen, Beckman/YSI [ml/l]
# name 5 = depSM: Depth [salt water, m], lat = 47.5
# name 6 = sal00: Salinity, Practical [PSU]
# name 7 = sigma-é00: Density [sigma-theta, kg/m^3]
# name 8 = flag: flag
# span 0 = 208.580544, 208.585220       
# span 1 =     -5.423,     91.986       
# span 2 =   0.459114,  39.838001       
# span 3 =     7.1520,    15.4326       
# span 4 =   -0.05231,   29.69890       
# span 5 =     -5.378,     91.198       
# span 6 =     0.2744,    33.8672       
# span 7 =    -0.7448,    26.5066       
# span 8 = 0.0000e+00, 0.0000e+00       
# interval = seconds: 0.5
# start_time = Jul 26 2004 13:55:59 [Instrument's time stamp, header]
# bad_flag = -9.990e-29
*END*
[from data line 321]
 208.582402      0.660  39.566076    14.7855    8.13003      0.654    32.1385    23.8127 -9.990e-29
 208.582407      0.664  39.598360    14.8238    8.11385      0.658    32.1361    23.8027 -9.990e-29
 208.582413      0.670  39.635197    14.8421    8.09951      0.664    32.1543    23.8128 -9.990e-29
 208.582419      0.675  39.650530    14.8332    8.11380      0.669    32.1755    23.8311 -9.990e-29
 208.582425      0.679  39.639007    14.8089    8.12227      0.673    32.1852    23.8437 -9.990e-29
 208.582431      0.687  39.615009    14.7870    8.12864      0.681    32.1815    23.8455 -9.990e-29
 208.582436      0.694  39.594789    14.7792    8.13644      0.688    32.1697    23.8381 -9.990e-29
 208.582442      0.700  39.588973    14.7856    8.12083      0.694    32.1591    23.8286 -9.990e-29
 208.582448      0.712  39.595415    14.7973    8.10063      0.706    32.1553    23.8231 -9.990e-29
 208.582454      0.725  39.605315    14.8038    8.09896      0.719    32.1589    23.8245 -9.990e-29
 208.582459      0.736  39.611678    14.8011    8.11405      0.730    32.1669    23.8312 -9.990e-29
 208.582465      0.745  39.610649    14.7870    8.12587      0.739    32.1776    23.8425 -9.990e-29
 208.582471      0.749  39.599179    14.7670    8.12695      0.743    32.1837    23.8515 -9.990e-29
 208.582477      0.748  39.582736    14.7600    8.11959      0.742    32.1746    23.8459 -9.990e-29
 208.582483      0.750  39.579230    14.7691    8.12267      0.744    32.1639    23.8358 -9.990e-29
 208.582488      0.756  39.590718    14.7786    8.13350      0.750    32.1665    23.8357 -9.990e-29
 208.582494      0.762  39.599415    14.7838    8.13346      0.756    32.1700    23.8374 -9.990e-29
 208.582500      0.768  39.600651    14.7896    8.12978      0.762    32.1664    23.8333 -9.990e-29
 208.582506      0.775  39.603375    14.7970    8.12607      0.769    32.1627    23.8289 -9.990e-29
 208.582512      0.782  39.610098    14.8040    8.11308      0.775    32.1630    23.8277 -9.990e-29
 208.582517      0.791  39.616884    14.8114    8.10282      0.784    32.1630    23.8261 -9.990e-29
 208.582523      0.798  39.623249    14.8212    8.09871      0.791    32.1607    23.8222 -9.990e-29
 208.582529      0.798  39.631511    14.8330    8.08794      0.791    32.1584    23.8180 -9.990e-29
 208.582535      0.797  39.640906    14.8461    8.08105      0.790    32.1561    23.8134 -9.990e-29
 208.582541      0.798  39.653305    14.8590    8.10458      0.791    32.1567    23.8111 -9.990e-29
 208.582546      0.801  39.668974    14.8678    8.14420      0.794    32.1636    23.8145 -9.990e-29
 208.582552      0.807  39.681879    14.8706    8.16455      0.800    32.1729    23.8211 -9.990e-29
 208.582558      0.815  39.683422    14.8822    8.17869      0.808    32.1648    23.8123 -9.990e-29
 208.582564      0.828  39.680717    14.9255    8.16819      0.821    32.1266    23.7737 -9.990e-29
 208.582569      0.840  39.711677    14.9877    8.13133      0.833    32.1034    23.7425 -9.990e-29
 208.582575      0.845  39.775503    15.0341    8.10761      0.838    32.1227    23.7474 -9.990e-29
 208.582581      0.842  39.822648    15.0526    8.08565      0.835    32.1500    23.7644 -9.990e-29
 208.582587      0.840  39.838001    15.0451    8.06534      0.833    32.1699    23.7814 -9.990e-29
 208.582593      0.843  39.829701    15.0152    8.07572      0.836    32.1871    23.8010 -9.990e-29
 208.582598      0.851  39.800715    14.9762    8.07716      0.844    32.1931    23.8140 -9.990e-29
 208.582604      0.865  39.764578    14.9382    8.08836      0.858    32.1918    23.8212 -9.990e-29
 208.582610      0.881  39.730333    14.9056    8.08998      0.874    32.1878    23.8251 -9.990e-29
 208.582616      0.893  39.702249    14.8874    8.09630      0.886    32.1775    23.8210 -9.990e-29
 208.582622      0.899  39.690006    14.8789    8.09453      0.891    32.1734    23.8197 -9.990e-29
 208.582627      0.907  39.685691    14.8700    8.08254      0.899    32.1768    23.8242 -9.990e-29
 208.582633      0.914  39.677381    14.8675    8.08025      0.906    32.1714    23.8206 -9.990e-29
 208.582639      0.924  39.674197    14.8687    8.08920      0.916    32.1675    23.8173 -9.990e-29
 208.582645      0.934  39.676380    14.8577    8.11791      0.926    32.1786    23.8282 -9.990e-29
 208.582650      0.948  39.671134    14.8375    8.13431      0.940    32.1905    23.8417 -9.990e-29
 208.582656      0.960  39.661195    14.8255    8.12333      0.952    32.1914    23.8450 -9.990e-29
 208.582662      0.969  39.654625    14.8324    8.10532      0.961    32.1798    23.8345 -9.990e-29
 208.582668      0.973  39.656845    14.8493    8.09368      0.965    32.1678    23.8217 -9.990e-29
 208.582674      0.973  39.666839    14.8533    8.08792      0.965    32.1736    23.8253 -9.990e-29
 208.582679      0.970  39.666098    14.8395    8.09733      0.962    32.1843    23.8365 -9.990e-29
 208.582685      0.964  39.649109    14.8236    8.11284      0.956    32.1821    23.8382 -9.990e-29
 208.582691      0.952  39.633018    14.8122    8.11348      0.944    32.1769    23.8366 -9.990e-29
 208.582697      0.941  39.621572    14.8033    8.11334      0.933    32.1739    23.8362 -9.990e-29
 208.582703      0.932  39.612930    14.8009    8.09893      0.924    32.1681    23.8322 -9.990e-29
 208.582708      0.925  39.612359    14.8042    8.10714      0.917    32.1648    23.8290 -9.990e-29
 208.582714      0.925  39.615688    14.8034    8.13017      0.917    32.1685    23.8320 -9.990e-29
 208.582720      0.931  39.613289    14.7992    8.13282      0.923    32.1698    23.8339 -9.990e-29
 208.582726      0.936  39.607534    14.8062    8.10040      0.928    32.1588    23.8240 -9.990e-29
 208.582731      0.938  39.613713    14.8271    8.07707      0.930    32.1472    23.8105 -9.990e-29
 208.582737      0.943  39.634972    14.8399    8.08504      0.935    32.1558    23.8145 -9.990e-29
 208.582743      0.947  39.649680    14.8206    8.11331      0.939    32.1851    23.8411 -9.990e-29
 208.582749      0.950  39.634210    14.7857    8.12770      0.942    32.1999    23.8600 -9.990e-29
 208.582755      0.956  39.601005    14.7781    8.13795      0.948    32.1761    23.8433 -9.990e-29
 208.582760      0.962  39.591588    14.8047    8.13971      0.954    32.1456    23.8141 -9.990e-29
 208.582766      0.964  39.616352    14.8349    8.13379      0.956    32.1431    23.8057 -9.990e-29
 208.582772      0.961  39.642629    14.8479    8.12340      0.953    32.1561    23.8130 -9.990e-29
 208.582778      0.954  39.649876    14.8515    8.10184      0.946    32.1597    23.8150 -9.990e-29
 208.582784      0.947  39.652212    14.8522    8.09000      0.939    32.1613    23.8160 -9.990e-29
 208.582789      0.947  39.655517    14.8432    8.09893      0.939    32.1717    23.8260 -9.990e-29
 208.582795      0.955  39.648448    14.8284    8.11257      0.947    32.1775    23.8336 -9.990e-29
 208.582801      0.962  39.635565    14.8157    8.10459      0.954    32.1763    23.8354 -9.990e-29
 208.582807      0.965  39.625457    14.8051    8.09897      0.957    32.1759    23.8374 -9.990e-29
 208.582812      0.963  39.614702    14.7979    8.11607      0.955    32.1722    23.8360 -9.990e-29
 208.582818      0.958  39.605186    14.7949    8.15064      0.950    32.1660    23.8319 -9.990e-29
 208.582824      0.952  39.602695    14.7952    8.15697      0.944    32.1635    23.8299 -9.990e-29
 208.582830      0.954  39.605549    14.8044    8.15342      0.946    32.1585    23.8241 -9.990e-29
 208.582836      0.964  39.616390    14.8246    8.15172      0.956    32.1516    23.8145 -9.990e-29
 208.582841      0.974  39.637287    14.8471    8.15013      0.966    32.1520    23.8100 -9.990e-29
 208.582847      0.981  39.658472    14.8648    8.14305      0.973    32.1565    23.8097 -9.990e-29
 208.582853      0.984  39.674490    14.8781    8.13544      0.976    32.1600    23.8096 -9.990e-29
 208.582859      0.989  39.687023    14.8880    8.11406      0.981    32.1632    23.8099 -9.990e-29
 208.582865      0.996  39.693666    14.8884    8.11029      0.988    32.1688    23.8141 -9.990e-29
 208.582870      0.996  39.686407    14.8753    8.10991      0.988    32.1731    23.8202 -9.990e-29
 208.582876      0.989  39.668431    14.8542    8.10740      0.981    32.1743    23.8256 -9.990e-29
 208.582882      0.984  39.655007    14.8303    8.11789      0.976    32.1819    23.8366 -9.990e-29
 208.582888      0.989  39.639975    14.8103    8.11026      0.981    32.1848    23.8431 -9.990e-29
 208.582894      1.005  39.618958    14.8005    8.11224      0.997    32.1738    23.8367 -9.990e-29
 208.582899      1.019  39.608774    14.7968    8.10740      1.010    32.1677    23.8328 -9.990e-29
 208.582905      1.023  39.608704    14.7914    8.11987      1.014    32.1721    23.8373 -9.990e-29
 208.582911      1.023  39.604584    14.7847    8.13256      1.014    32.1739    23.8401 -9.990e-29
 208.582917      1.022  39.598735    14.7864    8.12380      1.013    32.1672    23.8346 -9.990e-29
 208.582922      1.021  39.603517    14.7980    8.11656      1.012    32.1619    23.8281 -9.990e-29
 208.582928      1.020  39.616283    14.8110    8.11134      1.011    32.1627    23.8260 -9.990e-29
 208.582934      1.017  39.627084    14.8197    8.11695      1.009    32.1653    23.8261 -9.990e-29
 208.582940      1.014  39.632888    14.8246    8.12997      1.006    32.1665    23.8260 -9.990e-29
 208.582946      1.010  39.634663    14.8296    8.13227      1.002    32.1640    23.8230 -9.990e-29
 208.582951      1.005  39.636981    14.8375    8.13279      0.997    32.1596    23.8179 -9.990e-29
 208.582957      0.998  39.644016    14.8488    8.13811      0.990    32.1566    23.8132 -9.990e-29
 208.582963      0.989  39.655568    14.8618    8.12689      0.981    32.1564    23.8102 -9.990e-29
 208.582969      0.981  39.668484    14.8715    8.11518      0.973    32.1600    23.8110 -9.990e-29
 208.582975      0.984  39.677504    14.8741    8.10628      0.976    32.1660    23.8150 -9.990e-29
 208.582980      0.996  39.680029    14.8705    8.11210      0.988    32.1713    23.8199 -9.990e-29
 208.582986      1.011  39.677702    14.8628    8.12326      1.003    32.1755    23.8248 -9.990e-29
 208.582992      1.024  39.671867    14.8558    8.12532      1.015    32.1760    23.8266 -9.990e-29
 208.582998      1.037  39.664803    14.8557    8.11911      1.028    32.1697    23.8218 -9.990e-29
 208.583003      1.046  39.663881    14.8625    8.11314      1.037    32.1633    23.8154 -9.990e-29
 208.583009      1.048  39.670633    14.8691    8.11249      1.039    32.1639    23.8145 -9.990e-29
 208.583015      1.046  39.674943    14.8726    8.10914      1.037    32.1649    23.8145 -9.990e-29
 208.583021      1.045  39.675786    14.8739    8.13281      1.036    32.1646    23.8140 -9.990e-29
 208.583027      1.046  39.677612    14.8738    8.12993      1.037    32.1664    23.8154 -9.990e-29
 208.583032      1.047  39.678888    14.8746    8.13342      1.038    32.1669    23.8156 -9.990e-29
 208.583038      1.050  39.680155    14.8777    8.12900      1.041    32.1654    23.8138 -9.990e-29
 208.583044      1.053  39.683061    14.8816    8.10752      1.044    32.1648    23.8125 -9.990e-29
 208.583050      1.058  39.687509    14.8829    8.11492      1.049    32.1678    23.8145 -9.990e-29
 208.583056      1.065  39.690413    14.8765    8.13053      1.056    32.1757    23.8220 -9.990e-29
 208.583061      1.074  39.686068    14.8664    8.13251      1.065    32.1801    23.8275 -9.990e-29
 208.583067      1.082  39.677055    14.8648    8.11324      1.073    32.1733    23.8226 -9.990e-29
 208.583073      1.084  39.674319    14.8712    8.09535      1.075    32.1655    23.8153 -9.990e-29
 208.583079      1.086  39.679780    14.8752    8.11625      1.077    32.1672    23.8157 -9.990e-29
 208.583084      1.091  39.684965    14.8651    8.14516      1.082    32.1802    23.8279 -9.990e-29
 208.583090      1.100  39.674868    14.8470    8.15305      1.091    32.1860    23.8362 -9.990e-29
 208.583096      1.118  39.654504    14.8471    8.14702      1.109    32.1675    23.8219 -9.990e-29
 208.583102      1.145  39.655592    14.8643    8.16796      1.135    32.1543    23.8081 -9.990e-29
 208.583108      1.176  39.675607    14.8700    8.21593      1.166    32.1676    23.8172 -9.990e-29
 208.583113      1.211  39.681720    14.8481    8.25327      1.201    32.1912    23.8400 -9.990e-29
 208.583119      1.258  39.659601    14.8180    8.26362      1.247    32.1961    23.8501 -9.990e-29
 208.583125      1.316  39.627975    14.8096    8.27745      1.305    32.1744    23.8352 -9.990e-29
 208.583131      1.378  39.619253    14.8121    8.30371      1.366    32.1644    23.8270 -9.990e-29
 208.583137      1.446  39.626244    14.7842    8.33826      1.434    32.1937    23.8556 -9.990e-29
 208.583142      1.523  39.608291    14.6989    8.35405      1.510    32.2481    23.9155 -9.990e-29
 208.583148      1.614  39.535249    14.5609    8.34671      1.601    32.2963    23.9819 -9.990e-29
 208.583154      1.725  39.411244    14.3908    8.30203      1.711    32.3250    24.0397 -9.990e-29
 208.583160      1.863  39.263329    14.2027    8.12743      1.847    32.3468    24.0957 0.0000e+00
 208.583166      2.032  39.099571    14.0007    7.81975      2.015    32.3657    24.1520 0.0000e+00
 208.583171      2.235  38.921487    13.7580    7.47496      2.216    32.4056    24.2325 0.0000e+00
 208.583177      2.476  38.712607    13.4322    7.12558      2.455    32.4876    24.3615 0.0000e+00
 208.583183      2.757  38.429981    13.0260    6.77923      2.734    32.5696    24.5056 0.0000e+00
 208.583189      3.076  38.071440    12.5952    6.45252      3.050    32.6011    24.6138 0.0000e+00
 208.583194      3.425  37.697912    12.1940    6.18465      3.396    32.5917    24.6829 0.0000e+00
 208.583200      3.807  37.371044    11.8195    5.97302      3.775    32.6029    24.7615 0.0000e+00
 208.583206      4.229  37.081170    11.4731    5.79649      4.194    32.6249    24.8419 0.0000e+00
 208.583212      4.695  36.811844    11.2205    5.61306      4.656    32.5834    24.8551 0.0000e+00
 208.583218      5.206  36.612143    11.1039    5.47193      5.162    32.4894    24.8028 0.0000e+00
 208.583223      5.755  36.523574    11.0693    5.35897      5.707    32.4323    24.7645 0.0000e+00
 208.583229      6.338  36.502544    11.0102    5.26166      6.285    32.4635    24.7992 0.0000e+00
 208.583235      6.959  36.447498    10.8801    5.14728      6.901    32.5240    24.8691 0.0000e+00
 208.583241      7.614  36.326505    10.7244    5.00914      7.550    32.5418    24.9102 0.0000e+00
 208.583247      8.298  36.192969    10.5814    4.91156      8.229    32.5358    24.9302 0.0000e+00
 208.583252      9.011  36.076256    10.4533    4.80588      8.936    32.5330    24.9500 0.0000e+00
 208.583258      9.752  35.978246    10.3317    4.71590      9.670    32.5432    24.9786 0.0000e+00
 208.583264     10.511  35.882025    10.2084    4.64380     10.423    32.5566    25.0099 0.0000e+00
 208.583270     11.282  35.772502    10.1006    4.57774     11.188    32.5425    25.0170 0.0000e+00
 208.583275     12.061  35.678528    10.0242    4.54744     11.960    32.5158    25.0089 0.0000e+00
 208.583281     12.844  35.618284     9.9731    4.50734     12.736    32.5004    25.0053 0.0000e+00
 208.583287     13.623  35.579227     9.9346    4.45835     13.509    32.4951    25.0076 0.0000e+00
 208.583293     14.402  35.549038     9.8993    4.42227     14.281    32.4959    25.0140 0.0000e+00
 208.583299     15.183  35.520498     9.8617    4.39137     15.056    32.5004    25.0238 0.0000e+00
 208.583304     15.959  35.489711     9.8189    4.35710     15.825    32.5074    25.0362 0.0000e+00
 208.583310     16.729  35.454267     9.7737    4.32888     16.589    32.5117    25.0471 0.0000e+00
 208.583316     17.494  35.416762     9.7318    4.27556     17.347    32.5110    25.0534 0.0000e+00
