data/oxygen options/OCNMS/OCNMS2/raw_data/2004/CTD_CA30_072704faedb.cnv
* Sea-Bird SBE19 Data File:
* FileName = C:\WINDOWS\Desktop\put hypoxia files here\CTD files\July 26_27-04\CA\CA3_072704.hex
* Software Version 1.1.4
* Temperature SN = 2997
* Conductivity SN = 2997
* System UpLoad Time = Jul 27 2004 15:53:04
* SEACAT PROFILER V3.1c SN 2997   07/27/04  15:52:20.973
* strain gauge pressure sensor: S/N = 184829,  range = 3000 psia,  tc = 40
# nquan = 9
# nvalues = 29                          
# units = specified
# name 0 = timeJ: Julian Days
# name 1 = prSM: Pressure, Strain Gauge [db]
# name 2 = c0mS/cm: Conductivity [mS/cm]
# name 3 = t090C: Temperature [ITS-90, deg C]
# name 4 = oxML/L: Oxygen, Beckman/YSI [ml/l]
# name 5 = depSM: Depth [salt water, m], lat = 47.5
# name 6 = sal00: Salinity, Practical [PSU]
# name 7 = sigma-é00: Density [sigma-theta, kg/m^3]
# name 8 = flag: flag
# span 0 = 209.618939, 209.619417       
# span 1 =      1.000,     29.000       
# span 2 =  34.534151,  38.065763       
# span 3 =     7.6959,    12.3219       
# span 4 =    1.86342,   10.14462       
# span 5 =      0.991,     28.756       
# span 6 =    32.8346,    33.5127       
# span 7 =    24.8470,    26.1240       
# span 8 = 0.0000e+00, 0.0000e+00       
# interval = decibars: 1                
# start_time = Jul 27 2004 14:48:10 [Instrument's time stamp, header]
# bad_flag = -9.990e-29
*END*
 209.618939      1.000  38.065763    12.3219    8.06436      0.991    32.8346    24.8470 0.0000e+00
 209.618970      2.000  37.982926    12.1449    8.22012      1.983    32.9100    24.9390 0.0000e+00
 209.618990      3.000  37.839015    11.9899    8.03210      2.975    32.9071    24.9659 0.0000e+00
 209.619008      4.000  37.745271    11.6698    7.53778      3.966    33.0998    25.1749 0.0000e+00
 209.619023      5.000  37.121464    10.7815    6.63602      4.958    33.2837    25.4778 0.0000e+00
 209.619036      6.000  36.576843    10.1514    5.79282      5.950    33.3127    25.6090 0.0000e+00
 209.619048      7.000  36.084453     9.3932    7.99397      6.941    33.5127    25.8906 0.0000e+00
 209.619060      8.000  35.538290     8.8143   10.14462      7.933    33.4889    25.9640 0.0000e+00
 209.619070      9.000  35.277729     8.6514    6.92884      8.924    33.3690    25.8953 0.0000e+00
 209.619082     10.000  35.234918     8.5725    1.86342      9.916    33.3980    25.9303 0.0000e+00
 209.619093     11.000  35.091676     8.4078    2.28572     10.908    33.4024    25.9587 0.0000e+00
 209.619105     12.000  34.937024     8.2581    3.96537     11.899    33.3802    25.9638 0.0000e+00
 209.619117     13.000  34.835216     8.1727    3.92909     12.891    33.3528    25.9550 0.0000e+00
 209.619128     14.000  34.788134     8.0981    3.85219     13.883    33.3733    25.9821 0.0000e+00
 209.619140     15.000  34.718591     7.9957    3.80168     14.874    33.3962    26.0152 0.0000e+00
 209.619151     16.000  34.666417     7.9462    3.73042     15.865    33.3873    26.0154 0.0000e+00
 209.619164     17.000  34.658665     7.9427    3.68546     16.858    33.3818    26.0117 0.0000e+00
 209.619176     18.000  34.647255     7.9063    3.66765     17.849    33.4039    26.0343 0.0000e+00
 209.619188     19.000  34.636848     7.8876    3.64163     18.840    33.4102    26.0420 0.0000e+00
 209.619200     20.000  34.648442     7.8859    3.60747     19.832    33.4238    26.0530 0.0000e+00
 209.619212     21.000  34.655103     7.8873    3.57734     20.824    33.4292    26.0570 0.0000e+00
 209.619226     22.000  34.658244     7.8937    3.55357     21.815    33.4258    26.0535 0.0000e+00
 209.619242     23.000  34.652656     7.8814    3.53719     22.807    33.4312    26.0594 0.0000e+00
 209.619262     24.000  34.650362     7.8835    3.50077     23.798    33.4263    26.0553 0.0000e+00
 209.619299     25.000  34.644676     7.8775    3.46374     24.790    33.4254    26.0556 0.0000e+00
 209.619339     26.000  34.643176     7.8802    3.43337     25.782    33.4208    26.0515 0.0000e+00
 209.619367     27.000  34.634432     7.8624    3.23899     26.773    33.4279    26.0598 0.0000e+00
 209.619386     28.000  34.600171     7.7747    2.76945     27.764    33.4748    26.1093 0.0000e+00
 209.619417     29.000  34.534151     7.6959    3.25233     28.756    33.4791    26.1240 0.0000e+00
