data/oxygen options/OCNMS/OCNMS2/raw_data/2004/CTD_CE90_061604faedb.cnv
* Sea-Bird SBE19 Data File:
* FileName = C:\WINDOWS\Desktop\put hypoxia files here\CTD files\CE\CE90m061604.hex
* Software Version 1.1.4
* Temperature SN = 2997
* Conductivity SN = 2997
* System UpLoad Time = Jun 16 2004 11:38:31
** Cape Elizabeth hypoxia June 16, 2004 90m CE-9
* SEACAT PROFILER V3.1c SN 2997   06/16/04  11:42:45.855
# nquan = 9
# nvalues = 91                          
# units = specified
# name 0 = timeJ: Julian Days
# name 1 = prSM: Pressure, Strain Gauge [db]
# name 2 = c0mS/cm: Conductivity [mS/cm]
# name 3 = t090C: Temperature [ITS-90, deg C]
# name 4 = oxML/L: Oxygen, Beckman/YSI [ml/l]
# name 5 = depSM: Depth [salt water, m], lat = 47.5
# name 6 = sal00: Salinity, Practical [PSU]
# name 7 = sigma-é00: Density [sigma-theta, kg/m^3]
# name 8 = flag: flag
# span 0 = 168.459543, 168.461118       
# span 1 =      2.000,     92.000       
# span 2 =  34.172007,  37.238721       
# span 3 =     7.0917,    13.7985       
# span 4 =    2.17822,    6.36054       
# span 5 =      1.984,     91.212       
# span 6 =    30.7445,    33.8716       
# span 7 =    22.9417,    26.5184       
# span 8 = 0.0000e+00, 0.0000e+00       
# interval = decibars: 1                
# start_time = Jun 16 2004 10:58:02 [Instrument's time stamp, header]
# bad_flag = -9.990e-29
*END*
 168.459543      2.000  37.159552    13.7985    5.97586      1.984    30.7445    22.9417 0.0000e+00
 168.459567      3.000  37.238721    13.0188    6.03865      2.975    31.4538    23.6436 0.0000e+00
 168.459585      4.000  37.084506    12.3760    6.20023      3.966    31.8466    24.0709 0.0000e+00
 168.459599      5.000  36.891036    12.0114    6.35355      4.958    31.9716    24.2361 0.0000e+00
 168.459611      6.000  36.751812    11.8949    6.36054      5.950    31.9369    24.2306 0.0000e+00
 168.459623      7.000  36.699300    11.8451    6.35017      6.941    31.9283    24.2332 0.0000e+00
 168.459635      8.000  36.633942    11.7422    6.25110      7.933    31.9531    24.2712 0.0000e+00
 168.459648      9.000  36.512457    11.5875    6.11864      8.925    31.9678    24.3108 0.0000e+00
 168.459661     10.000  36.364558    11.3563    6.11692      9.917    32.0231    24.3953 0.0000e+00
 168.459675     11.000  36.090291    11.0272    6.01290     10.908    32.0393    24.4662 0.0000e+00
 168.459690     12.000  35.935908    10.8622    5.87186     11.900    32.0303    24.4881 0.0000e+00
 168.459706     13.000  35.754556    10.6182    5.76552     12.891    32.0636    24.5562 0.0000e+00
 168.459722     14.000  35.614615    10.4635    5.71938     13.883    32.0596    24.5794 0.0000e+00
 168.459740     15.000  35.551052    10.3998    5.70279     14.874    32.0516    24.5840 0.0000e+00
 168.459760     16.000  35.509778    10.3426    5.65631     15.866    32.0603    24.6005 0.0000e+00
 168.459779     17.000  35.452677    10.2329    5.54192     16.857    32.0995    24.6495 0.0000e+00
 168.459798     18.000  35.322300    10.0477    5.36503     17.849    32.1318    24.7056 0.0000e+00
 168.459819     19.000  35.234540     9.9395    5.25877     18.840    32.1388    24.7289 0.0000e+00
 168.459842     20.000  35.165851     9.8609    5.03295     19.832    32.1387    24.7417 0.0000e+00
 168.459861     21.000  35.064163     9.6533    4.81833     20.824    32.2204    24.8393 0.0000e+00
 168.459876     22.000  34.908428     9.4318    4.69773     21.815    32.2596    24.9055 0.0000e+00
 168.459893     23.000  34.842554     9.3820    4.62453     22.807    32.2364    24.8952 0.0000e+00
 168.459912     24.000  34.831014     9.3431    4.56544     23.798    32.2592    24.9192 0.0000e+00
 168.459930     25.000  34.757139     9.1818    4.72784     24.790    32.3285    24.9988 0.0000e+00
 168.459947     26.000  34.688399     9.0804    4.89074     25.782    32.3490    25.0307 0.0000e+00
 168.459965     27.000  34.664924     9.0528    4.94444     26.773    32.3493    25.0353 0.0000e+00
 168.459985     28.000  34.643451     9.0066    4.99217     27.765    32.3685    25.0575 0.0000e+00
 168.460002     29.000  34.618252     8.9595    5.05188     28.756    32.3849    25.0777 0.0000e+00
 168.460019     30.000  34.594071     8.9086    5.08871     29.748    32.4057    25.1018 0.0000e+00
 168.460036     31.000  34.561542     8.8463    5.07668     30.739    32.4283    25.1291 0.0000e+00
 168.460051     32.000  34.522317     8.7770    5.03887     31.730    32.4504    25.1570 0.0000e+00
 168.460067     33.000  34.479036     8.6965    4.98333     32.722    32.4784    25.1913 0.0000e+00
 168.460083     34.000  34.441622     8.6422    4.95380     33.714    32.4887    25.2075 0.0000e+00
 168.460099     35.000  34.425853     8.6205    4.95666     34.705    32.4918    25.2132 0.0000e+00
 168.460117     36.000  34.426363     8.6234    4.97114     35.697    32.4891    25.2108 0.0000e+00
 168.460133     37.000  34.415546     8.5981    4.96197     36.688    32.5006    25.2235 0.0000e+00
 168.460147     38.000  34.399356     8.5598    4.96547     37.680    32.5184    25.2434 0.0000e+00
 168.460159     39.000  34.370831     8.4831    5.04288     38.671    32.5587    25.2864 0.0000e+00
 168.460172     40.000  34.317862     8.3921    5.10109     39.663    32.5866    25.3219 0.0000e+00
 168.460184     41.000  34.273769     8.3213    5.13181     40.654    32.6052    25.3470 0.0000e+00
 168.460197     42.000  34.237871     8.2442    5.15104     41.645    32.6384    25.3844 0.0000e+00
 168.460210     43.000  34.209481     8.1873    5.14926     42.637    32.6607    25.4103 0.0000e+00
 168.460223     44.000  34.193848     8.1558    5.11916     43.628    32.6730    25.4246 0.0000e+00
 168.460237     45.000  34.187570     8.1336    5.10495     44.620    32.6866    25.4386 0.0000e+00
 168.460250     46.000  34.180016     8.0909    5.08265     45.611    32.7180    25.4694 0.0000e+00
 168.460262     47.000  34.174042     8.0526    5.04848     46.602    32.7469    25.4977 0.0000e+00
 168.460276     48.000  34.172007     8.0269    5.01817     47.594    32.7683    25.5183 0.0000e+00
 168.460290     49.000  34.175721     8.0129    4.97481     48.585    32.7849    25.5333 0.0000e+00
 168.460305     50.000  34.178031     7.9805    4.91982     49.577    32.8173    25.5635 0.0000e+00
 168.460319     51.000  34.184434     7.9479    4.85254     50.568    32.8543    25.5973 0.0000e+00
 168.460335     52.000  34.188983     7.9280    4.80068     51.559    32.8774    25.6183 0.0000e+00
 168.460351     53.000  34.195533     7.9102    4.75731     52.551    32.9006    25.6391 0.0000e+00
 168.460368     54.000  34.202257     7.8938    4.66931     53.542    32.9229    25.6589 0.0000e+00
 168.460385     55.000  34.216455     7.8530    4.53919     54.534    32.9760    25.7066 0.0000e+00
 168.460402     56.000  34.245148     7.7745    4.35076     55.525    33.0807    25.8001 0.0000e+00
 168.460422     57.000  34.273563     7.7100    4.18433     56.517    33.1720    25.8811 0.0000e+00
 168.460443     58.000  34.299226     7.6722    4.04732     57.508    33.2351    25.9360 0.0000e+00
 168.460463     59.000  34.316678     7.6232    3.89325     58.499    33.3004    25.9943 0.0000e+00
 168.460481     60.000  34.354810     7.5510    3.66339     59.490    33.4104    26.0910 0.0000e+00
 168.460498     61.000  34.400033     7.4764    3.43158     60.482    33.5307    26.1962 0.0000e+00
 168.460513     62.000  34.423254     7.4428    3.28914     61.473    33.5878    26.2459 0.0000e+00
 168.460530     63.000  34.433739     7.4275    3.18817     62.465    33.6135    26.2683 0.0000e+00
 168.460548     64.000  34.442699     7.4166    3.10149     63.456    33.6334    26.2854 0.0000e+00
 168.460566     65.000  34.451086     7.4099    3.01490     64.447    33.6485    26.2983 0.0000e+00
 168.460586     66.000  34.456600     7.3997    2.94065     65.439    33.6639    26.3118 0.0000e+00
 168.460614     67.000  34.463513     7.3977    2.85336     66.430    33.6728    26.3191 0.0000e+00
 168.460664     68.000  34.461245     7.3883    2.78070     67.421    33.6790    26.3253 0.0000e+00
 168.460689     69.000  34.466786     7.3764    2.71086     68.413    33.6962    26.3405 0.0000e+00
 168.460710     70.000  34.469816     7.3715    2.65960     69.404    33.7037    26.3472 0.0000e+00
 168.460730     71.000  34.473137     7.3642    2.62097     70.395    33.7140    26.3563 0.0000e+00
 168.460755     72.000  34.475104     7.3630    2.58334     71.387    33.7168    26.3586 0.0000e+00
 168.460813     73.000  34.474065     7.3605    2.53740     72.378    33.7176    26.3597 0.0000e+00
 168.460839     74.000  34.474228     7.3533    2.49967     73.369    33.7243    26.3659 0.0000e+00
 168.460854     75.000  34.475010     7.3421    2.47469     74.360    33.7356    26.3764 0.0000e+00
 168.460868     76.000  34.473339     7.3247    2.44265     75.352    33.7503    26.3904 0.0000e+00
 168.460883     77.000  34.465819     7.2936    2.38120     76.343    33.7720    26.4118 0.0000e+00
 168.460899     78.000  34.449480     7.2414    2.34047     77.335    33.8047    26.4449 0.0000e+00
 168.460914     79.000  34.418371     7.1640    2.31104     78.326    33.8460    26.4881 0.0000e+00
 168.460928     80.000  34.400902     7.1356    2.28631     79.317    33.8543    26.4987 0.0000e+00
 168.460942     81.000  34.396657     7.1290    2.26480     80.308    33.8556    26.5006 0.0000e+00
 168.460956     82.000  34.393672     7.1193    2.25907     81.299    33.8614    26.5065 0.0000e+00
 168.460971     83.000  34.389265     7.1114    2.24933     82.291    33.8638    26.5096 0.0000e+00
 168.460988     84.000  34.388277     7.1107    2.23909     83.282    33.8629    26.5089 0.0000e+00
 168.461006     85.000  34.387938     7.1085    2.22423     84.273    33.8643    26.5103 0.0000e+00
 168.461022     86.000  34.384783     7.1014    2.22112     85.264    33.8673    26.5137 0.0000e+00
 168.461037     87.000  34.381959     7.0941    2.20169     86.256    33.8709    26.5175 0.0000e+00
 168.461050     88.000  34.380827     7.0917    2.19871     87.247    33.8716    26.5184 0.0000e+00
 168.461065     89.000  34.381224     7.0918    2.20397     88.238    33.8714    26.5182 0.0000e+00
 168.461079     90.000  34.381888     7.0919    2.18784     89.229    33.8716    26.5184 0.0000e+00
 168.461097     91.000  34.382198     7.0926    2.17822     90.221    33.8707    26.5176 0.0000e+00
 168.461118     92.000  34.383146     7.0939    2.20151     91.212    33.8700    26.5169 0.0000e+00
