data/oxygen options/OCNMS/OCNMS2/raw_data/2004/CTD_TH35_082404faed.cnv
* Sea-Bird SBE19 Data File:
* FileName = C:\WINDOWS\Desktop\put hypoxia files here\CTD data\August 24_25-04\TH\TH35_082404.hex
* Software Version 1.1.4
* Temperature SN = 2997
* Conductivity SN = 2997
* System UpLoad Time = Aug 24 2004 16:19:16
* SEACAT PROFILER V3.1c SN 2997   08/24/04  16:20:54.682
* strain gauge pressure sensor: S/N = 184829,  range = 3000 psia,  tc = 40
# nquan = 9                                 
# nvalues = 581                         
# units = specified
# name 0 = timeJ: Julian Days
# name 1 = prSM: Pressure, Strain Gauge [db]
# name 2 = c0mS/cm: Conductivity [mS/cm]
# name 3 = t090C: Temperature [ITS-90, deg C]
# name 4 = oxML/L: Oxygen, Beckman/YSI [ml/l]
# name 5 = depSM: Depth [salt water, m], lat = 47.5
# name 6 = sal00: Salinity, Practical [PSU]
# name 7 = sigma-é00: Density [sigma-theta, kg/m^3]
# name 8 = flag: flag
# span 0 = 237.633507, 237.636863       
# span 1 =     -5.048,     33.845       
# span 2 =   1.341246,  40.488981       
# span 3 =     8.2492,    15.9274       
# span 4 =   -0.04314,   28.72043       
# span 5 =     -5.006,     33.560       
# span 6 =     0.8238,    33.2937       
# span 7 =    -0.4074,    25.8745       
# span 8 = 0.0000e+00, 0.0000e+00       
# interval = seconds: 0.5
# start_time = Aug 24 2004 15:12:15 [Instrument's time stamp, header]
# bad_flag = -9.990e-29
*END*
[from data line 481]
 237.636291     23.719  34.917021     8.3955    3.61998     23.520    33.2234    25.8204 0.0000e+00
 237.636296     24.312  34.977102     8.4221    3.51435     24.108    33.2615    25.8463 0.0000e+00
 237.636302     24.919  35.008020     8.4356    3.43138     24.710    33.2812    25.8597 0.0000e+00
 237.636308     25.538  35.021828     8.4426    3.36400     25.323    33.2888    25.8646 0.0000e+00
 237.636314     26.146  35.027763     8.4463    3.32128     25.926    33.2913    25.8660 0.0000e+00
 237.636319     26.718  35.031479     8.4484    3.28358     26.493    33.2930    25.8671 0.0000e+00
 237.636325     27.235  35.034927     8.4513    3.24826     27.006    33.2937    25.8671 0.0000e+00
 237.636331     27.691  35.038212     8.4552    3.22702     27.458    33.2932    25.8662 0.0000e+00
 237.636337     28.103  35.039355     8.4567    3.22367     27.867    33.2928    25.8657 0.0000e+00
 237.636343     28.492  35.037077     8.4536    3.20509     28.252    33.2932    25.8664 0.0000e+00
 237.636348     28.878  35.032827     8.4482    3.19139     28.635    33.2936    25.8676 0.0000e+00
 237.636354     29.278  35.028785     8.4438    3.18463     29.032    33.2933    25.8680 0.0000e+00
 237.636360     29.692  35.025726     8.4403    3.17444     29.442    33.2932    25.8685 0.0000e+00
 237.636366     30.111  35.022932     8.4369    3.16849     29.858    33.2933    25.8690 0.0000e+00
 237.636372     30.528  35.020038     8.4345    3.16677     30.271    33.2923    25.8686 0.0000e+00
 237.636377     30.934  35.018226     8.4343    3.16128     30.674    33.2904    25.8672 0.0000e+00
 237.636383     31.318  35.018441     8.4354    3.14889     31.054    33.2894    25.8662 0.0000e+00
 237.636389     31.670  35.018725     8.4355    3.15436     31.403    33.2894    25.8663 0.0000e+00
 237.636395     31.998  35.016650     8.4334    3.14135     31.728    33.2891    25.8663 0.0000e+00
 237.636400     32.320  35.013375     8.4305    3.13373     32.048    33.2882    25.8661 0.0000e+00
 237.636406     32.638  35.010697     8.4281    3.13544     32.363    33.2875    25.8659 0.0000e+00
 237.636412     32.948  35.008410     8.4262    3.12323     32.670    33.2867    25.8656 0.0000e+00
 237.636418     33.239  35.006263     8.4239    3.12219     32.959    33.2865    25.8657 0.0000e+00
 237.636424     33.491  35.004194     8.4209    3.10935     33.209    33.2870    25.8666 0.0000e+00
 237.636429     33.686  35.001683     8.4178    3.10923     33.402    33.2872    25.8672 -9.990e-29
 237.636435     33.810  34.999862     8.4164    3.10610     33.525    33.2866    25.8669 -9.990e-29
 237.636441     33.845  34.999667     8.4174    3.10717     33.560    33.2854    25.8659 -9.990e-29
 237.636447     33.782  34.999151     8.4199    3.10275     33.497    33.2825    25.8632 -9.990e-29
 237.636453     33.624  34.998746     8.4230    3.10681     33.341    33.2792    25.8602 0.0000e+00
 237.636458     33.384  35.000157     8.4249    3.10018     33.103    33.2790    25.8597 0.0000e+00
 237.636464     33.075  35.000781     8.4251    3.10496     32.796    33.2796    25.8602 0.0000e+00
 237.636470     32.708  34.999772     8.4258    3.10448     32.432    33.2781    25.8589 0.0000e+00
 237.636476     32.289  34.999711     8.4277    3.09973     32.017    33.2764    25.8573 0.0000e+00
 237.636481     31.831  35.000521     8.4304    3.10505     31.563    33.2749    25.8557 0.0000e+00
 237.636487     31.348  35.001601     8.4336    3.09154     31.084    33.2733    25.8539 0.0000e+00
 237.636493     30.855  35.003274     8.4362    3.08578     30.595    33.2728    25.8531 0.0000e+00
 237.636499     30.373  35.004973     8.4380    3.08819     30.117    33.2731    25.8531 0.0000e+00
 237.636505     29.914  35.006163     8.4391    3.08424     29.662    33.2736    25.8533 0.0000e+00
 237.636510     29.479  35.006753     8.4398    3.08474     29.231    33.2737    25.8533 0.0000e+00
 237.636516     29.061  35.006973     8.4407    3.10206     28.816    33.2733    25.8528 0.0000e+00
 237.636522     28.647  35.007117     8.4418    3.10017     28.406    33.2726    25.8521 0.0000e+00
 237.636528     28.228  35.006817     8.4426    3.10363     27.990    33.2717    25.8513 0.0000e+00
 237.636534     27.807  35.005673     8.4429    3.10433     27.573    33.2704    25.8502 0.0000e+00
 237.636539     27.391  35.004403     8.4427    3.09728     27.161    33.2695    25.8495 0.0000e+00
 237.636545     26.985  35.003000     8.4417    3.10464     26.758    33.2691    25.8494 0.0000e+00
 237.636551     26.579  35.000716     8.4391    3.10365     26.355    33.2694    25.8499 0.0000e+00
 237.636557     26.156  34.996750     8.4319    3.13208     25.936    33.2722    25.8532 0.0000e+00
 237.636563     25.706  34.986373     8.4129    3.19278     25.490    33.2794    25.8617 0.0000e+00
 237.636568     25.231  34.957995     8.3724    3.28704     25.019    33.2879    25.8745 0.0000e+00
 237.636574     24.744  34.890035     8.3185    3.40513     24.536    33.2672    25.8663 0.0000e+00
 237.636580     24.269  34.787732     8.2803    3.50841     24.065    33.1951    25.8155 0.0000e+00
 237.636586     23.823  34.712544     8.2671    3.60132     23.623    33.1281    25.7649 0.0000e+00
 237.636591     23.407  34.689768     8.2629    3.67707     23.210    33.1081    25.7498 0.0000e+00
 237.636597     23.022  34.676140     8.2608    3.72577     22.829    33.0958    25.7405 0.0000e+00
 237.636603     22.663  34.659096     8.2654    3.77649     22.473    33.0736    25.7223 0.0000e+00
 237.636609     22.326  34.660193     8.2775    3.80605     22.138    33.0635    25.7126 0.0000e+00
 237.636615     22.002  34.671925     8.2949    3.83441     21.817    33.0597    25.7071 0.0000e+00
 237.636620     21.674  34.675746     8.3237    3.85248     21.492    33.0368    25.6848 0.0000e+00
 237.636626     21.330  34.681797     8.3758    3.86177     21.151    32.9945    25.6438 0.0000e+00
 237.636632     20.969  34.707116     8.4512    3.88746     20.793    32.9508    25.5982 0.0000e+00
 237.636638     20.591  34.752957     8.5321    3.89262     20.418    32.9236    25.5648 0.0000e+00
 237.636644     20.192  34.807024     8.6038    3.91020     20.022    32.9138    25.5462 0.0000e+00
 237.636649     19.777  34.855663     8.6700    3.90634     19.611    32.9034    25.5279 0.0000e+00
 237.636655     19.351  34.901523     8.7393    3.88159     19.189    32.8872    25.5047 0.0000e+00
 237.636661     18.906  34.952511     8.8139    3.89184     18.747    32.8715    25.4809 0.0000e+00
 237.636667     18.441  35.009920     8.8910    3.88922     18.286    32.8602    25.4601 0.0000e+00
 237.636672     17.964  35.071831     8.9625    3.92214     17.813    32.8587    25.4478 0.0000e+00
 237.636678     17.485  35.131119     9.0175    3.98704     17.338    32.8697    25.4479 0.0000e+00
 237.636684     17.001  35.178282     9.0596    4.06712     16.858    32.8801    25.4493 0.0000e+00
 237.636690     16.509  35.217921     9.1208    4.18388     16.371    32.8649    25.4279 0.0000e+00
 237.636696     16.003  35.275990     9.2583    4.32976     15.869    32.7986    25.3543 0.0000e+00
 237.636701     15.476  35.396285     9.5213    4.51912     15.346    32.6820    25.2210 0.0000e+00
 237.636707     14.920  35.620361     9.8748    4.76475     14.795    32.5902    25.0917 0.0000e+00
 237.636713     14.327  35.915128    10.2269    5.02535     14.207    32.5717    25.0186 0.0000e+00
 237.636719     13.692  36.197688    10.5448    5.25295     13.577    32.5709    24.9639 0.0000e+00
 237.636725     13.017  36.447354    10.8525    5.47640     12.908    32.5458    24.8910 0.0000e+00
 237.636730     12.308  36.687017    11.1661    5.68024     12.205    32.5053    24.8043 0.0000e+00
 237.636736     11.592  36.932935    11.4503    5.84726     11.495    32.4967    24.7466 0.0000e+00
 237.636742     10.908  37.156981    11.6419    5.98617     10.817    32.5476    24.7513 0.0000e+00
 237.636748     10.274  37.299616    11.7382    6.09677     10.188    32.6022    24.7760 0.0000e+00
 237.636753      9.688  37.362098    11.7919    6.19185      9.607    32.6160    24.7769 0.0000e+00
 237.636759      9.138  37.394685    11.8525    6.30522      9.062    32.5947    24.7491 0.0000e+00
 237.636765      8.607  37.431864    11.9631    6.48921      8.535    32.5343    24.6817 0.0000e+00
 237.636771      8.077  37.511432    12.1440    6.75509      8.009    32.4538    24.5854 0.0000e+00
 237.636777      7.536  37.659291    12.3625    7.07647      7.473    32.4067    24.5077 0.0000e+00
 237.636782      6.986  37.834817    12.6005    7.42066      6.928    32.3694    24.4333 0.0000e+00
 237.636788      6.436  38.021952    12.8902    7.73338      6.382    32.2990    24.3228 0.0000e+00
 237.636794      5.901  38.260494    13.2586    7.99243      5.852    32.2104    24.1819 0.0000e+00
 237.636800      5.384  38.579686    13.6897    8.14474      5.339    32.1448    24.0449 0.0000e+00
 237.636806      4.882  38.946902    14.1327    8.17127      4.841    32.1136    23.9303 0.0000e+00
 237.636811      4.393  39.286405    14.5244 -9.990e-29      4.356    32.0990    23.8375 0.0000e+00
 237.636817      3.926  39.567951    14.8085 -9.990e-29      3.893    32.1200    23.7936 0.0000e+00
 237.636823      3.489  39.768702    14.9798 -9.990e-29      3.460    32.1603    23.7881 0.0000e+00
 237.636829      3.087  39.878694    15.0871 -9.990e-29      3.061    32.1712    23.7734 0.0000e+00
 237.636834      2.727  39.938597    15.1868 -9.990e-29      2.704    32.1432    23.7303 0.0000e+00
 237.636840      2.406  39.994645    15.3033 -9.990e-29      2.386    32.0981    23.6704 0.0000e+00
 237.636846      2.129  40.067157    15.4024 -9.990e-29      2.111    32.0821    23.6364 0.0000e+00
 237.636852      1.914  40.114247    15.4254 -9.990e-29      1.898    32.1054    23.6493 0.0000e+00
 237.636858      1.776  40.072486    15.4115 -9.990e-29      1.761    32.0795    23.6325 -9.990e-29
 237.636863      1.728  39.969261 -9.990e-29 -9.990e-29      1.714 -9.990e-29 -9.990e-29 -9.990e-29
