data/oxygen options/OCNMS/OCNMS2/raw_data/2004/CTD_CA30_102104faed.cnv
* Sea-Bird SBE19 Data File:
* FileName = C:\WINDOWS\Desktop\put hypoxia files here\CTD data\October 21-04\CA\Raw\CA30_102104.hex
* Software Version 1.1.4
* Temperature SN = 2997
* Conductivity SN = 2997
* System UpLoad Time = Oct 21 2004 14:40:32
* SEACAT PROFILER V3.1c SN 2997   10/21/04  14:45:52.409
* strain gauge pressure sensor: S/N = 184829,  range = 3000 psia,  tc = 40
# nquan = 9                                 
# nvalues = 500                         
# units = specified
# name 0 = timeJ: Julian Days
# name 1 = prSM: Pressure, Strain Gauge [db]
# name 2 = c0mS/cm: Conductivity [mS/cm]
# name 3 = t090C: Temperature [ITS-90, deg C]
# name 4 = oxML/L: Oxygen, Beckman/YSI [ml/l]
# name 5 = depSM: Depth [salt water, m], lat = 47.5
# name 6 = sal00: Salinity, Practical [PSU]
# name 7 = sigma-é00: Density [sigma-theta, kg/m^3]
# name 8 = flag: flag
# span 0 = 295.600590, 295.603478       
# span 1 =     -4.766,     26.197       
# span 2 =   1.313377,  36.913716       
# span 3 =    11.2512,    12.8503       
# span 4 =   -0.04667,   33.81500       
# span 5 =     -4.726,     25.977       
# span 6 =     0.9082,    31.4351       
# span 7 =     0.2914,    23.7386       
# span 8 = 0.0000e+00, 0.0000e+00       
# interval = seconds: 0.5
# start_time = Oct 21 2004 14:24:51 [Instrument's time stamp, header]
# bad_flag = -9.990e-29
*END*
 295.600590     -4.766 -9.990e-29    11.2512   -0.04645     -4.726 -9.990e-29 -9.990e-29 -9.990e-29
 295.600596     -4.728   1.313377    11.2592   -0.04646     -4.689     0.9082     0.2914 -9.990e-29
 295.600602     -4.678   1.644629    11.2898   -0.04650     -4.639     1.1491     0.4762 -9.990e-29
 295.600608     -4.614   2.672079    11.3643   -0.04647     -4.576     1.9130     1.0635 -9.990e-29
 295.600613     -4.533   5.720118    11.5052   -0.04647     -4.495     4.2809     2.8873 -9.990e-29
 295.600619     -4.432  12.126978    11.7941   -0.04648     -4.395     9.5261     6.9108 -9.990e-29
 295.600625     -4.309  21.219910    12.2202   -0.04648     -4.273    17.2957    12.8478 -9.990e-29
 295.600631     -4.158  29.636112    12.5725   -0.04649     -4.123    24.7197    18.5207 -9.990e-29
 295.600637     -3.981  34.329580    12.7488   -0.04649     -3.948    28.9459    21.7551 -9.990e-29
 295.600642     -3.797  35.990684    12.8198   -0.04651     -3.765    30.4466    22.9025 -9.990e-29
 295.600648     -3.624  36.554483    12.8438   -0.04653     -3.594    30.9572    23.2930 -9.990e-29
 295.600654     -3.476  36.740767    12.8494   -0.04654     -3.447    31.1280    23.4241 -9.990e-29
 295.600660     -3.363  36.790068    12.8503   -0.04655     -3.335    31.1736    23.4592 -9.990e-29
 295.600666     -3.276  36.800650    12.8497   -0.04653     -3.249    31.1840    23.4674 -9.990e-29
 295.600671     -3.206  36.819150    12.8483   -0.04651     -3.179    31.2026    23.4820 -9.990e-29
 295.600677     -3.147  36.829862    12.8463   -0.04651     -3.121    31.2143    23.4915 -9.990e-29
 295.600683     -3.093  36.821835    12.8430   -0.04654     -3.067    31.2095    23.4884 -9.990e-29
 295.600689     -3.040  36.809607    12.8385   -0.04655     -3.015    31.2016    23.4832 -9.990e-29
 295.600694     -2.993  36.797625    12.8338   -0.04662     -2.968    31.1942    23.4783 -9.990e-29
 295.600700     -2.948  36.781133    12.8291   -0.04661     -2.923    31.1825    23.4702 -9.990e-29
 295.600706     -2.904  36.752725    12.8240   -0.04655     -2.880    31.1599    23.4537 -9.990e-29
 295.600712     -2.866  36.719388    12.8193   -0.04654     -2.842    31.1324    23.4333 -9.990e-29
 295.600718     -2.835  36.700043    12.8175   -0.04655     -2.811    31.1156    23.4206 -9.990e-29
 295.600723     -2.810  36.708715    12.8195   -0.04652     -2.787    31.1221    23.4253 -9.990e-29
 295.600729     -2.785  36.738462    12.8210   -0.04651     -2.762    31.1489    23.4457 -9.990e-29
 295.600735     -2.750  36.757171    12.8155   -0.04654     -2.727    31.1711    23.4639 -9.990e-29
 295.600741     -2.702  36.742689    12.7978   -0.04654     -2.679    31.1720    23.4681 -9.990e-29
 295.600747     -2.651  36.711600    12.7758   -0.04660     -2.629    31.1608    23.4636 -9.990e-29
 295.600752     -2.608  36.693113    12.7707   -0.04667     -2.586    31.1476    23.4543 -9.990e-29
 295.600758     -2.572  36.697345    12.7860   -0.04659     -2.551    31.1389    23.4447 -9.990e-29
 295.600764     -2.543  36.719283    12.8036   -0.04653     -2.522    31.1451    23.4461 -9.990e-29
 295.600770     -2.523  36.736028    12.8133   -0.04654     -2.502    31.1529    23.4503 -9.990e-29
 295.600775     -2.514  36.731220    12.8168   -0.04655     -2.493    31.1454    23.4439 -9.990e-29
 295.600781     -2.504  36.729297    12.8168   -0.04660     -2.483    31.1436    23.4425 -9.990e-29
 295.600787     -2.473  36.747329    12.8120   -0.04666     -2.452    31.1646    23.4596 -9.990e-29
 295.600793     -2.426  36.754409    12.7954   -0.04662     -2.406    31.1849    23.4785 -9.990e-29
 295.600799     -2.376  36.735305    12.7651   -0.04657     -2.356    31.1919    23.4897 -9.990e-29
 295.600804     -2.332  36.716700    12.7444   -0.04657     -2.313    31.1914    23.4933 -9.990e-29
 295.600810     -2.300  36.714162    12.7549   -0.04658     -2.281    31.1803    23.4827 -9.990e-29
 295.600816     -2.279  36.730473    12.7800   -0.04659     -2.260    31.1750    23.4738 -9.990e-29
 295.600822     -2.254  36.755973    12.7945   -0.04658     -2.235    31.1871    23.4804 -9.990e-29
 295.600828     -2.215  36.760181    12.7887   -0.04657     -2.197    31.1958    23.4883 -9.990e-29
 295.600833     -2.168  36.738625    12.7639   -0.04662     -2.150    31.1960    23.4931 -9.990e-29
 295.600839     -2.127  36.718088    12.7422   -0.04660     -2.109    31.1945    23.4961 -9.990e-29
 295.600845     -2.093  36.712125    12.7470   -0.04656     -2.076    31.1849    23.4878 -9.990e-29
 295.600851     -2.062  36.721193    12.7687   -0.04655     -2.045    31.1755    23.4763 -9.990e-29
 295.600856     -2.034  36.732147    12.7820   -0.04659     -2.017    31.1748    23.4733 -9.990e-29
 295.600862     -2.012  36.725390    12.7809   -0.04663     -1.995    31.1694    23.4693 -9.990e-29
 295.600868     -1.990  36.710427    12.7785   -0.04657     -1.973    31.1572    23.4603 -9.990e-29
 295.600874     -1.964  36.706008    12.7810   -0.04656     -1.948    31.1510    23.4550 -9.990e-29
 295.600880     -1.935  36.705121    12.7767   -0.04657     -1.919    31.1537    23.4579 -9.990e-29
 295.600885     -1.906  36.699296    12.7646   -0.04658     -1.890    31.1582    23.4637 -9.990e-29
 295.600891     -1.880  36.698718    12.7637   -0.04657     -1.864    31.1583    23.4640 -9.990e-29
 295.600897     -1.858  36.714953    12.7769   -0.04656     -1.843    31.1628    23.4649 -9.990e-29
 295.600903     -1.836  36.736564    12.7833   -0.04657     -1.821    31.1779    23.4754 -9.990e-29
 295.600909     -1.808  36.738533    12.7733   -0.04656     -1.793    31.1880    23.4851 -9.990e-29
 295.600914     -1.775  36.726299    12.7650   -0.04653     -1.760    31.1833    23.4831 -9.990e-29
 295.600920     -1.746  36.722248    12.7735   -0.04655     -1.731    31.1724    23.4730 -9.990e-29
 295.600926     -1.721  36.729389    12.7866   -0.04657     -1.707    31.1683    23.4674 -9.990e-29
 295.600932     -1.700  36.732011    12.7897   -0.04664     -1.686    31.1682    23.4667 -9.990e-29
 295.600937     -1.681  36.722960    12.7882   -0.04665     -1.667    31.1609    23.4613 -9.990e-29
 295.600943     -1.663  36.718213    12.7916   -0.04655     -1.649    31.1536    23.4551 -9.990e-29
 295.600949     -1.645  36.722101    12.7965   -0.04651     -1.631    31.1532    23.4538 -9.990e-29
 295.600955     -1.625  36.722426    12.7976   -0.04651     -1.611    31.1526    23.4531 -9.990e-29
 295.600961     -1.603  36.720748    12.7988   -0.04654     -1.590    31.1501    23.4509 -9.990e-29
 295.600966     -1.577  36.731096    12.8024   -0.04658     -1.564    31.1568    23.4555 -9.990e-29
 295.600972     -1.545  36.749325    12.7996   -0.04658     -1.532    31.1763    23.4711 -9.990e-29
 295.600978     -1.510  36.751517    12.7806   -0.04652     -1.497    31.1941    23.4885 -9.990e-29
 295.600984     -1.482  36.736674    12.7541   -0.04651     -1.470    31.2019    23.4996 -9.990e-29
 295.600990     -1.468  36.727630    12.7477   -0.04652     -1.456    31.1987    23.4983 -9.990e-29
 295.600995     -1.463  36.738120    12.7693   -0.04654     -1.451    31.1907    23.4880 -9.990e-29
 295.601001     -1.458  36.770911    12.7954   -0.04654     -1.446    31.2001    23.4903 -9.990e-29
 295.601007     -1.444  36.808602    12.8072   -0.04653     -1.432    31.2259    23.5080 -9.990e-29
 295.601013     -1.421  36.821265    12.8023   -0.04653     -1.409    31.2419    23.5213 -9.990e-29
 295.601019     -1.399  36.803922    12.7895   -0.04654     -1.387    31.2361    23.5193 -9.990e-29
 295.601024     -1.389  36.781683    12.7870   -0.04651     -1.377    31.2172    23.5051 -9.990e-29
 295.601030     -1.388  36.781537    12.7998   -0.04651     -1.376    31.2065    23.4944 -9.990e-29
 295.601036     -1.382  36.801605    12.8129   -0.04652     -1.370    31.2146    23.4982 -9.990e-29
 295.601042     -1.367  36.814254    12.8146   -0.04653     -1.356    31.2251    23.5060 -9.990e-29
 295.601047     -1.341  36.807193    12.8093   17.85542     -1.330    31.2228    23.5052 -9.990e-29
 295.601053     -1.307  36.799056    12.8086   31.72964     -1.296    31.2157    23.4998 -9.990e-29
 295.601059     -1.272  36.801427    12.8135   33.81500     -1.261    31.2139    23.4975 -9.990e-29
 295.601065     -1.242  36.802890    12.8155   29.91117     -1.232    31.2136    23.4969 -9.990e-29
 295.601071     -1.220  36.798107    12.8143   19.78088     -1.210    31.2101    23.4944 -9.990e-29
 295.601076     -1.203  36.799770    12.8164   15.39994     -1.193    31.2099    23.4939 -9.990e-29
 295.601082     -1.187  36.814027    12.8205   15.41277     -1.177    31.2199    23.5008 -9.990e-29
 295.601088     -1.166  36.826243    12.8206   12.97481     -1.156    31.2314    23.5097 -9.990e-29
 295.601094     -1.143  36.824112    12.8152    7.32945     -1.133    31.2338    23.5126 -9.990e-29
 295.601100     -1.125  36.819375    12.8124    4.16008     -1.116    31.2316    23.5115 -9.990e-29
 295.601105     -1.121  36.833200    12.8188    2.82794     -1.112    31.2394    23.5162 -9.990e-29
 295.601111     -1.128  36.861591    12.8274    3.69777     -1.119    31.2591    23.5298 -9.990e-29
 295.601117     -1.136  36.881837    12.8321    5.44194     -1.127    31.2743    23.5407 -9.990e-29
 295.601123     -1.136  36.889537    12.8346    5.91301     -1.127    31.2794    23.5442 -9.990e-29
 295.601128     -1.128  36.892718    12.8362    6.20260     -1.119    31.2811    23.5452 -9.990e-29
 295.601134     -1.111  36.894505    12.8372    6.34760     -1.102    31.2820    23.5456 -9.990e-29
 295.601140     -1.090  36.895603    12.8381    6.42950     -1.081    31.2822    23.5457 -9.990e-29
 295.601146     -1.065  36.896359    12.8391    6.49715     -1.056    31.2821    23.5454 -9.990e-29
 295.601152     -1.037  36.897222    12.8399    6.52480     -1.028    31.2823    23.5454 -9.990e-29
 295.601157     -1.008  36.898225    12.8399    6.54743     -1.000    31.2832    23.5461 -9.990e-29
 295.601163     -0.988  36.899028    12.8395    6.55723     -0.980    31.2843    23.5470 -9.990e-29
 295.601169     -0.985  36.899021    12.8393    6.54530     -0.977    31.2844    23.5472 -9.990e-29
 295.601175     -0.990  36.898759    12.8395    6.55867     -0.982    31.2840    23.5468 -9.990e-29
 295.601181     -0.991  36.899017    12.8398    6.55770     -0.983    31.2840    23.5467 -9.990e-29
 295.601186     -0.983  36.899583    12.8401    6.54942     -0.975    31.2843    23.5469 -9.990e-29
 295.601192     -0.967  36.900096    12.8403    6.54952     -0.959    31.2846    23.5471 -9.990e-29
 295.601198     -0.944  36.900120    12.8402    6.54271     -0.936    31.2847    23.5472 -9.990e-29
 295.601204     -0.922  36.899690    12.8400    6.53588     -0.914    31.2845    23.5470 -9.990e-29
 295.601209     -0.900  36.899360    12.8401    6.52312     -0.892    31.2841    23.5467 -9.990e-29
 295.601215     -0.873  36.899251    12.8403    6.50557     -0.866    31.2838    23.5465 -9.990e-29
 295.601221     -0.842  36.899222    12.8404    6.49280     -0.835    31.2837    23.5463 -9.990e-29
 295.601227     -0.810  36.899239    12.8404    6.49693     -0.803    31.2837    23.5464 -9.990e-29
 295.601233     -0.775  36.899329    12.8401    6.49543     -0.769    31.2840    23.5467 -9.990e-29
 295.601238     -0.740  36.899615    12.8399    6.49310     -0.734    31.2844    23.5470 -9.990e-29
 295.601244     -0.709  36.899921    12.8399    6.48645     -0.703    31.2847    23.5472 -9.990e-29
 295.601250     -0.687  36.900096    12.8399    6.47646     -0.681    31.2848    23.5474 -9.990e-29
 295.601256     -0.670  36.900377    12.8399    6.47521     -0.664    31.2851    23.5476 -9.990e-29
 295.601262     -0.655  36.900582    12.8399    6.46405     -0.650    31.2853    23.5477 -9.990e-29
 295.601267     -0.631  36.900427    12.8399    6.45952     -0.626    31.2851    23.5476 -9.990e-29
 295.601273     -0.597  36.900270    12.8398    6.45366     -0.592    31.2850    23.5475 -9.990e-29
 295.601279     -0.560  36.900466    12.8396    6.44776     -0.555    31.2854    23.5478 -9.990e-29
 295.601285     -0.524  36.900718    12.8394    6.44277     -0.520    31.2858    23.5482 -9.990e-29
 295.601291     -0.498  36.900806    12.8394    6.43564     -0.494    31.2858    23.5482 -9.990e-29
 295.601296     -0.479  36.900851    12.8398    6.42127     -0.475    31.2855    23.5479 -9.990e-29
 295.601302     -0.462  36.900914    12.8402    6.41905     -0.458    31.2853    23.5476 -9.990e-29
 295.601308     -0.445  36.901084    12.8403    6.41824     -0.441    31.2853    23.5477 -9.990e-29
 295.601314     -0.427  36.901406    12.8405    6.42576     -0.423    31.2855    23.5477 -9.990e-29
 295.601319     -0.413  36.901750    12.8406    6.41756     -0.410    31.2857    23.5479 -9.990e-29
 295.601325     -0.404  36.901832    12.8406    6.40922     -0.401    31.2858    23.5480 -9.990e-29
 295.601331     -0.400  36.901768    12.8406    6.39898     -0.397    31.2857    23.5479 -9.990e-29
 295.601337     -0.402  36.901857    12.8409    6.39208     -0.399    31.2856    23.5477 -9.990e-29
 295.601343     -0.405  36.902224    12.8410    6.38787     -0.402    31.2858    23.5479 -9.990e-29
 295.601348     -0.405  36.902806    12.8413    6.38272     -0.402    31.2861    23.5481 -9.990e-29
 295.601354     -0.402  36.903263    12.8419    6.38848     -0.399    31.2861    23.5479 -9.990e-29
 295.601360     -0.396  36.903653    12.8425    6.39426     -0.393    31.2859    23.5477 -9.990e-29
 295.601366     -0.391  36.903942    12.8428    6.37657     -0.388    31.2859    23.5477 -9.990e-29
 295.601372     -0.390  36.903961    12.8427    6.36041     -0.387    31.2860    23.5478 -9.990e-29
 295.601377     -0.394  36.903742    12.8424    6.35053     -0.391    31.2861    23.5479 -9.990e-29
 295.601383     -0.398  36.903561    12.8422    6.35371     -0.395    31.2861    23.5479 -9.990e-29
 295.601389     -0.398  36.903743    12.8421    6.36205     -0.395    31.2863    23.5481 -9.990e-29
 295.601395     -0.395  36.903980    12.8421    6.35983     -0.392    31.2866    23.5483 -9.990e-29
 295.601400     -0.389  36.904031    12.8422    6.35462     -0.386    31.2865    23.5482 -9.990e-29
 295.601406     -0.382  36.903972    12.8423    6.35456     -0.379    31.2864    23.5481 -9.990e-29
 295.601412     -0.376  36.903731    12.8425    6.35065     -0.373    31.2860    23.5478 -9.990e-29
 295.601418     -0.360  36.903555    12.8424    6.34177     -0.357    31.2859    23.5477 -9.990e-29
 295.601424     -0.334  36.903778    12.8420    6.33518     -0.331    31.2864    23.5482 -9.990e-29
 295.601429     -0.305  36.904143    12.8418    6.32848     -0.302    31.2869    23.5486 -9.990e-29
 295.601435     -0.275  36.904583    12.8419    6.33965     -0.273    31.2872    23.5489 -9.990e-29
 295.601441     -0.243  36.905129    12.8422    6.34151     -0.241    31.2875    23.5490 -9.990e-29
 295.601447     -0.210  36.905396    12.8427    6.33784     -0.208    31.2873    23.5488 -9.990e-29
 295.601453     -0.182  36.905186    12.8429    6.33116     -0.180    31.2870    23.5484 -9.990e-29
 295.601458     -0.163  36.904788    12.8430    6.32811     -0.162    31.2865    23.5481 -9.990e-29
 295.601464     -0.152  36.904797    12.8432    6.32620     -0.151    31.2863    23.5479 -9.990e-29
 295.601470     -0.143  36.905233    12.8433    6.32880     -0.142    31.2867    23.5481 -9.990e-29
 295.601476     -0.131  36.905563    12.8432    6.33164     -0.130    31.2870    23.5484 -9.990e-29
 295.601481     -0.121  36.905674    12.8431    6.32662     -0.120    31.2872    23.5486 -9.990e-29
 295.601487     -0.115  36.905720    12.8433    6.31496     -0.114    31.2871    23.5485 -9.990e-29
 295.601493     -0.113  36.905772    12.8435    6.31186     -0.112    31.2870    23.5483 -9.990e-29
 295.601499     -0.111  36.905904    12.8438    6.31321     -0.110    31.2869    23.5482 -9.990e-29
 295.601505     -0.100  36.906302    12.8443    6.31906     -0.099    31.2868    23.5481 -9.990e-29
 295.601510     -0.079  36.906943    12.8447    6.31160     -0.078    31.2871    23.5482 -9.990e-29
