data/oxygen options/OCNMS/OCNMS2/raw_data/2004/CTD_CE10_061604faed.cnv
* Sea-Bird SBE19 Data File:
* FileName = C:\WINDOWS\Desktop\put hypoxia files here\CTD files\CE\CE10m061604.hex
* Software Version 1.1.4
* Temperature SN = 2997
* Conductivity SN = 2997
* System UpLoad Time = Jun 16 2004 11:20:36
** CapeElizabeth hypoxiaJune 16, 2004 CE-1 10 m
* SEACAT PROFILER V3.1c SN 2997   06/16/04  11:23:40.384
# nquan = 9                                 
# nvalues = 693                         
# units = specified
# name 0 = timeJ: Julian Days
# name 1 = prSM: Pressure, Strain Gauge [db]
# name 2 = c0mS/cm: Conductivity [mS/cm]
# name 3 = t090C: Temperature [ITS-90, deg C]
# name 4 = oxML/L: Oxygen, Beckman/YSI [ml/l]
# name 5 = depSM: Depth [salt water, m], lat = 47.5
# name 6 = sal00: Salinity, Practical [PSU]
# name 7 = sigma-é00: Density [sigma-theta, kg/m^3]
# name 8 = flag: flag
# span 0 = 168.363368, 168.367373       
# span 1 =     -5.367,      9.443       
# span 2 =   0.044848,  36.180147       
# span 3 =     8.6887,    15.6464       
# span 4 =   -0.05276,   30.75906       
# span 5 =     -5.322,      9.364       
# span 6 =     0.0294,    32.8324       
# span 7 =    -0.9762,    25.4620       
# span 8 = 0.0000e+00, 0.0000e+00       
# interval = seconds: 0.5
# start_time = Jun 16 2004 08:43:15 [Instrument's time stamp, header]
# bad_flag = -9.990e-29
*END*
[from data line 641]
 168.367078      1.540  35.906368    14.4473    5.15666      1.527    29.1020    21.5442 -9.990e-29
 168.367083      1.494  35.900768    14.4738    5.14304      1.482    29.0772    21.5197 -9.990e-29
 168.367089      1.443  35.892412    14.5057    5.08930      1.431    29.0458    21.4890 -9.990e-29
 168.367095      1.389  35.877454    14.5417    5.00415      1.377    29.0055    21.4506 -9.990e-29
 168.367101      1.336  35.867350    14.5618    4.99505      1.325    28.9814    21.4280 -9.990e-29
 168.367106      1.285  35.864335    14.5617    5.02397      1.274    28.9788    21.4260 -9.990e-29
 168.367112      1.234  35.860472    14.5567    5.97773      1.224    28.9791    21.4273 -9.990e-29
 168.367118      1.178  35.850613    14.5515    6.21744      1.168    28.9742    21.4245 -9.990e-29
 168.367124      1.119  35.830584    14.5294    6.40535      1.110    28.9727    21.4279 -9.990e-29
 168.367130      1.061  35.801714    14.4823    6.56511      1.052    28.9820    21.4446 -9.990e-29
 168.367135      1.005  35.773728    14.4248    6.64004      0.997    28.9998    21.4701 -9.990e-29
 168.367141      0.952  35.736225    14.3629    6.65833      0.944    29.0123    21.4923 -9.990e-29
 168.367147      0.903  35.645357    14.2847    6.65914      0.895    28.9890    21.4901 -9.990e-29
 168.367153      0.854  35.393415    14.1962    6.65835      0.847    28.8277    21.3837 -9.990e-29
 168.367159      0.806  34.651756    14.1209    6.64693      0.799    28.2136    20.9256 -9.990e-29
 168.367164      0.762  32.429247    14.0688    6.64524      0.756    26.2529    19.4258 -9.990e-29
 168.367170      0.717  25.759725    14.0383    6.64136      0.711    20.3887    14.9211 -9.990e-29
 168.367176      0.674  15.478930    14.0250    6.63409      0.668    11.7008     8.2516 -9.990e-29
 168.367182      0.635   8.086684    14.0213    6.63646      0.630     5.8061     3.7241 -9.990e-29
 168.367188      0.596   5.128194    14.0217    6.62673      0.591     3.5658     1.9997 -9.990e-29
 168.367193      0.559   3.939359    14.0242    6.62574      0.554     2.6925     1.3261 -9.990e-29
 168.367199      0.527   3.453301    14.0271    6.61761      0.523     2.3409     1.0544 -9.990e-29
 168.367205      0.496   3.175404    14.0301    6.61435      0.492     2.1415     0.9001 -9.990e-29
 168.367211      0.467   2.887454    14.0342    6.61698      0.463     1.9362     0.7410 -9.990e-29
 168.367216      0.435   2.620756    14.0392    6.61895      0.431     1.7474     0.5944 -9.990e-29
 168.367222      0.405   2.430471    14.0445    6.61964      0.402     1.6134     0.4901 -9.990e-29
 168.367228      0.382   2.291310    14.0493    6.61662      0.379     1.5159     0.4140 -9.990e-29
 168.367234      0.364   2.158321    14.0529    6.62332      0.361     1.4231     0.3418 -9.990e-29
 168.367240      0.348   2.028672    14.0554    6.62080      0.345     1.3331     0.2718 -9.990e-29
 168.367245      0.330   1.926204    14.0568    6.62046      0.327     1.2622     0.2168 -9.990e-29
 168.367251      0.311   1.864313    14.0568    6.62396      0.308     1.2196     0.1839 -9.990e-29
 168.367257      0.294   1.847153    14.0567    6.63320      0.292     1.2078     0.1747 -9.990e-29
 168.367263      0.276   1.871290    14.0587    6.63059      0.274     1.2243     0.1873 -9.990e-29
 168.367269      0.254   1.919456    14.0632    6.64777      0.252     1.2574     0.2122 -9.990e-29
 168.367274      0.234   1.976976    14.0684    6.64573      0.232     1.2969     0.2420 -9.990e-29
 168.367280      0.223   2.033865    14.0705    6.64701      0.221     1.3362     0.2721 -9.990e-29
 168.367286      0.216   2.069296    14.0677    6.64975      0.214     1.3608     0.2915 -9.990e-29
 168.367292      0.209   2.063831    14.0625    6.63712      0.207     1.3572     0.2895 -9.990e-29
 168.367297      0.202   2.048523    14.0578    6.63429      0.200     1.3468     0.2821 -9.990e-29
 168.367303      0.193   2.076304    14.0540    6.64243      0.191     1.3661     0.2976 -9.990e-29
 168.367309      0.187   2.114761    14.0511    6.64640      0.185     1.3929     0.3187 -9.990e-29
 168.367315      0.187   2.106262    14.0486    6.65766      0.185     1.3871     0.3146 -9.990e-29
 168.367321      0.189   2.052809    14.0459 -9.990e-29      0.187     1.3501     0.2864 -9.990e-29
 168.367326      0.189   1.975930    14.0425 -9.990e-29      0.187     1.2970     0.2458 -9.990e-29
 168.367332      0.187   1.913139    14.0388 -9.990e-29      0.185     1.2538     0.2129 -9.990e-29
 168.367338      0.183   1.915175    14.0356 -9.990e-29      0.181     1.2553     0.2145 -9.990e-29
 168.367344      0.181   1.992533    14.0324 -9.990e-29      0.179     1.3089     0.2564 -9.990e-29
 168.367350      0.185   2.139454    14.0294 -9.990e-29      0.183     1.4108     0.3357 -9.990e-29
 168.367355      0.191   2.332903    14.0273 -9.990e-29      0.189     1.5458     0.4403 -9.990e-29
 168.367361      0.195   2.469046    14.0261 -9.990e-29      0.193     1.6412     0.5142 -9.990e-29
 168.367367      0.197   2.468214    14.0256 -9.990e-29      0.195     1.6407     0.5139 -9.990e-29
 168.367373      0.198   2.384873 -9.990e-29 -9.990e-29      0.196 -9.990e-29 -9.990e-29 -9.990e-29
