data/oxygen options/OCNMS/OCNMS2/raw_data/2004/CTD_TH30 _072704faed.cnv
* Sea-Bird SBE19 Data File:
* FileName = C:\WINDOWS\Desktop\put hypoxia files here\CTD files\July 26_27-04\TH\TH3 _072704.hex
* Software Version 1.1.4
* Temperature SN = 2997
* Conductivity SN = 2997
* System UpLoad Time = Jul 27 2004 11:48:28
* SEACAT PROFILER V3.1c SN 2997   07/27/04  11:46:49.411
* strain gauge pressure sensor: S/N = 184829,  range = 3000 psia,  tc = 40
# nquan = 9                                 
# nvalues = 874                         
# units = specified
# name 0 = timeJ: Julian Days
# name 1 = prSM: Pressure, Strain Gauge [db]
# name 2 = c0mS/cm: Conductivity [mS/cm]
# name 3 = t090C: Temperature [ITS-90, deg C]
# name 4 = oxML/L: Oxygen, Beckman/YSI [ml/l]
# name 5 = depSM: Depth [salt water, m], lat = 47.5
# name 6 = sal00: Salinity, Practical [PSU]
# name 7 = sigma-é00: Density [sigma-theta, kg/m^3]
# name 8 = flag: flag
# span 0 = 209.354884, 209.359936       
# span 1 =     -5.469,     31.179       
# span 2 =   0.037542,  37.417176       
# span 3 =     7.6982,    13.2006       
# span 4 =   -0.05616,   34.09268       
# span 5 =     -5.423,     30.916       
# span 6 =     0.0258,    33.3479       
# span 7 =    -0.6267,    26.0065       
# span 8 = 0.0000e+00, 0.0000e+00       
# interval = seconds: 0.5
# start_time = Jul 27 2004 08:31:02 [Instrument's time stamp, header]
# bad_flag = -9.990e-29
*END*
 209.354884     -5.460 -9.990e-29    13.2006   -0.05587     -5.415 -9.990e-29 -9.990e-29 -9.990e-29
 209.354890     -5.466   0.037542    13.2005   -0.05587     -5.420     0.0258    -0.6267 -9.990e-29
 209.354896     -5.469   0.038612    13.2002   -0.05587     -5.423     0.0264    -0.6262 -9.990e-29
 209.354902     -5.466   0.039971    13.1996   -0.05587     -5.420     0.0272    -0.6255 -9.990e-29
 209.354907     -5.460   0.041212    13.1989   -0.05587     -5.415     0.0279    -0.6249 -9.990e-29
 209.354913     -5.455   0.042137    13.1985   -0.05587     -5.410     0.0285    -0.6244 -9.990e-29
 209.354919     -5.452   0.042871    13.1983   -0.05587     -5.407     0.0289    -0.6241 -9.990e-29
 209.354925     -5.448   0.043650    13.1982   -0.05587     -5.403     0.0293    -0.6237 -9.990e-29
 209.354931     -5.446   0.044404    13.1981   -0.05587     -5.401     0.0298    -0.6234 -9.990e-29
 209.354936     -5.439   0.044840    13.1976   -0.05587     -5.394     0.0300    -0.6231 -9.990e-29
 209.354942     -5.424   0.044986    13.1967   -0.05588     -5.379     0.0301    -0.6229 -9.990e-29
 209.354948     -5.403   0.045035    13.1958   -0.05588     -5.358     0.0301    -0.6228 -9.990e-29
 209.354954     -5.381   0.045051    13.1953   -0.05588     -5.336     0.0301    -0.6227 -9.990e-29
 209.354959     -5.354   0.045056    13.1949   -0.05588     -5.309     0.0301    -0.6226 -9.990e-29
 209.354965     -5.326   0.045057    13.1946   -0.05588     -5.282     0.0301    -0.6226 -9.990e-29
 209.354971     -5.300   0.045054    13.1945   -0.05588     -5.256     0.0301    -0.6226 -9.990e-29
 209.354977     -5.273   0.045041    13.1945   -0.05589     -5.229     0.0301    -0.6226 -9.990e-29
 209.354983     -5.248   0.045000    13.1942   -0.05588     -5.204     0.0301    -0.6226 -9.990e-29
 209.354988     -5.229   0.044877    13.1937   -0.05588     -5.185     0.0300    -0.6226 -9.990e-29
 209.354994     -5.204   0.044507    13.1928   -0.05588     -5.161     0.0298    -0.6226 -9.990e-29
 209.355000     -5.164   0.043953    13.1918   -0.05589     -5.121     0.0295    -0.6227 -9.990e-29
 209.355006     -5.116   0.043585    13.1910   -0.05589     -5.073     0.0293    -0.6228 -9.990e-29
 209.355012     -5.068   0.043467    13.1905   -0.05589     -5.026     0.0292    -0.6228 -9.990e-29
 209.355017     -5.027   0.043441    13.1901   -0.05589     -4.985     0.0292    -0.6227 -9.990e-29
 209.355023     -4.993   0.043471    13.1894   -0.05589     -4.951     0.0292    -0.6226 -9.990e-29
 209.355029     -4.966   0.043597    13.1887   -0.05588     -4.925     0.0293    -0.6225 -9.990e-29
 209.355035     -4.942   0.043987    13.1882   -0.05587     -4.901     0.0295    -0.6223 -9.990e-29
 209.355041     -4.921   0.045161    13.1878   -0.05587     -4.880     0.0302    -0.6217 -9.990e-29
 209.355046     -4.902   0.047573    13.1873   -0.05587     -4.861     0.0316    -0.6205 -9.990e-29
 209.355052     -4.882   0.050553    13.1866   -0.05588     -4.841     0.0333    -0.6191 -9.990e-29
 209.355058     -4.862   0.053076    13.1860   -0.05589     -4.821     0.0348    -0.6179 -9.990e-29
 209.355064     -4.838   0.055177    13.1859   -0.05590     -4.798     0.0360    -0.6169 -9.990e-29
 209.355069     -4.811   0.057436    13.1859   -0.05592     -4.771     0.0373    -0.6159 -9.990e-29
 209.355075     -4.783   0.060644    13.1858   -0.05593     -4.743     0.0392    -0.6144 -9.990e-29
 209.355081     -4.755   0.066300    13.1844   -0.05593     -4.715     0.0425    -0.6116 -9.990e-29
 209.355087     -4.727   0.080282    13.1805   -0.05593     -4.688     0.0508    -0.6046 -9.990e-29
 209.355093     -4.701   0.115678    13.1761   -0.05593     -4.662     0.0721    -0.5874 -9.990e-29
 209.355098     -4.679   0.165276    13.1733   -0.05593     -4.640     0.1026    -0.5633 -9.990e-29
 209.355104     -4.660   0.199713    13.1704   -0.05594     -4.621     0.1240    -0.5463 -9.990e-29
 209.355110     -4.643   0.208276    13.1659   -0.05594     -4.604     0.1293    -0.5415 -9.990e-29
 209.355116     -4.626   0.199053    13.1608   -0.05594     -4.587     0.1236    -0.5453 -9.990e-29
 209.355122     -4.600   0.183617    13.1565   -0.05594     -4.562     0.1140    -0.5523 -9.990e-29
 209.355127     -4.560   0.169149    13.1531   -0.05594     -4.522     0.1050    -0.5588 -9.990e-29
 209.355133     -4.519   0.155232    13.1506   -0.05594     -4.481     0.0964    -0.5652 -9.990e-29
 209.355139     -4.489   0.141634    13.1491   -0.05594     -4.452     0.0880    -0.5715 -9.990e-29
 209.355145     -4.466   0.131320    13.1484   -0.05595     -4.429     0.0817    -0.5764 -9.990e-29
 209.355150     -4.445   0.126082    13.1481   -0.05595     -4.408     0.0785    -0.5788 -9.990e-29
 209.355156     -4.422   0.123375    13.1479   -0.05594     -4.385     0.0769    -0.5801 -9.990e-29
 209.355162     -4.398   0.120147    13.1478   -0.05595     -4.361     0.0749    -0.5816 -9.990e-29
 209.355168     -4.376   0.115977    13.1479   -0.05595     -4.340     0.0724    -0.5836 -9.990e-29
 209.355174     -4.355   0.111967    13.1480   -0.05595     -4.319     0.0699    -0.5855 -9.990e-29
 209.355179     -4.334   0.108323    13.1478   -0.05595     -4.298     0.0677    -0.5872 -9.990e-29
 209.355185     -4.311   0.104626    13.1474   -0.05595     -4.275     0.0655    -0.5889 -9.990e-29
 209.355191     -4.285   0.100944    13.1471   -0.05595     -4.249     0.0632    -0.5906 -9.990e-29
 209.355197     -4.254   0.097918    13.1467   -0.05595     -4.219     0.0614    -0.5920 -9.990e-29
 209.355203     -4.220   0.095956    13.1463   -0.05596     -4.185     0.0602    -0.5929 -9.990e-29
 209.355208     -4.190   0.094662    13.1462   -0.05596     -4.155     0.0595    -0.5935 -9.990e-29
 209.355214     -4.161   0.093420    13.1461   -0.05595     -4.126     0.0587    -0.5940 -9.990e-29
 209.355220     -4.129   0.092239    13.1458   -0.05595     -4.095     0.0580    -0.5945 -9.990e-29
 209.355226     -4.095   0.091210    13.1454   -0.05595     -4.061     0.0574    -0.5950 -9.990e-29
 209.355231     -4.061   0.090069    13.1450   -0.05595     -4.027     0.0567    -0.5954 -9.990e-29
 209.355237     -4.030   0.088961    13.1448   -0.05595     -3.996     0.0560    -0.5959 -9.990e-29
 209.355243     -4.003   0.088073    13.1446   -0.05596     -3.970     0.0555    -0.5963 -9.990e-29
 209.355249     -3.978   0.087332    13.1443   -0.05596     -3.945     0.0551    -0.5966 -9.990e-29
 209.355255     -3.956   0.086858    13.1438   -0.05595     -3.923     0.0548    -0.5968 -9.990e-29
 209.355260     -3.933   0.086574    13.1438   -0.05596     -3.900     0.0546    -0.5969 -9.990e-29
 209.355266     -3.912   0.086101    13.1442   -0.05595     -3.879     0.0543    -0.5972 -9.990e-29
 209.355272     -3.898   0.085364    13.1445   -0.05596     -3.866     0.0539    -0.5976 -9.990e-29
 209.355278     -3.884   0.084489    13.1445   -0.05596     -3.852     0.0534    -0.5980 -9.990e-29
 209.355284     -3.865   0.083421    13.1443   -0.05596     -3.833     0.0527    -0.5985 -9.990e-29
 209.355289     -3.845   0.082399    13.1441   -0.05595     -3.813     0.0521    -0.5989 -9.990e-29
 209.355295     -3.826   0.081725    13.1439   -0.05596     -3.794     0.0517    -0.5992 -9.990e-29
 209.355301     -3.807   0.081058    13.1440   -0.05596     -3.775     0.0513    -0.5995 -9.990e-29
 209.355307     -3.788   0.080061    13.1442   -0.05596     -3.756     0.0507    -0.6000 -9.990e-29
 209.355313     -3.766   0.079070    13.1443   -0.05596     -3.735     0.0501    -0.6005 -9.990e-29
 209.355318     -3.740   0.078429    13.1443   -0.05596     -3.709     0.0497    -0.6008 -9.990e-29
 209.355324     -3.709   0.077838    13.1444   -0.05596     -3.678     0.0494    -0.6011 -9.990e-29
 209.355330     -3.676   0.077063    13.1447   -0.05596     -3.645     0.0489    -0.6015 -9.990e-29
 209.355336     -3.645   0.076183    13.1451   -0.05595     -3.615     0.0484    -0.6019 -9.990e-29
 209.355341     -3.621   0.075133    13.1455   -0.05595     -3.591     0.0478    -0.6025 -9.990e-29
 209.355347     -3.601   0.074177    13.1454   -0.05595     -3.571     0.0472    -0.6029 -9.990e-29
 209.355353     -3.584   0.073707    13.1450   -0.05596     -3.554     0.0469    -0.6031 -9.990e-29
 209.355359     -3.569   0.073648    13.1447   -0.05596     -3.539     0.0469    -0.6031 -9.990e-29
 209.355365     -3.554   0.073923    13.1446   -0.05596     -3.524     0.0471    -0.6029 -9.990e-29
 209.355370     -3.540   0.074342    13.1449   -0.05596     -3.510     0.0473    -0.6028 -9.990e-29
 209.355376     -3.526   0.074355    13.1454   -0.05596     -3.497     0.0473    -0.6028 -9.990e-29
 209.355382     -3.509   0.073976    13.1458   -0.05596     -3.480     0.0471    -0.6030 -9.990e-29
 209.355388     -3.490   0.073810    13.1462   -0.05596     -3.461     0.0470    -0.6032 -9.990e-29
 209.355394     -3.466   0.074192    13.1466   -0.05596     -3.437     0.0472    -0.6031 -9.990e-29
 209.355399     -3.438   0.075076    13.1468   -0.05596     -3.409     0.0477    -0.6027 -9.990e-29
 209.355405     -3.406   0.075974    13.1467   -0.05596     -3.378     0.0483    -0.6022 -9.990e-29
 209.355411     -3.377   0.076418    13.1465   -0.05596     -3.349     0.0485    -0.6020 -9.990e-29
 209.355417     -3.354   0.076444    13.1465   -0.05596     -3.326     0.0486    -0.6020 -9.990e-29
 209.355422     -3.336   0.076086    13.1465   -0.05596     -3.308     0.0483    -0.6022 -9.990e-29
 209.355428     -3.322   0.075421    13.1465   -0.05596     -3.294     0.0479    -0.6025 -9.990e-29
 209.355434     -3.309   0.074674    13.1465   -0.05596     -3.281     0.0475    -0.6028 -9.990e-29
 209.355440     -3.298   0.073957    13.1464   -0.05597     -3.271     0.0471    -0.6031 -9.990e-29
 209.355446     -3.288   0.073423    13.1462   -0.05597     -3.261     0.0468    -0.6034 -9.990e-29
 209.355451     -3.279   0.072916    13.1460   -0.05597     -3.252     0.0465    -0.6036 -9.990e-29
 209.355457     -3.269   0.072314    13.1458   -0.05597     -3.242     0.0461    -0.6038 -9.990e-29
 209.355463     -3.258   0.071925    13.1453   -0.05597     -3.231     0.0459    -0.6039 -9.990e-29
 209.355469     -3.245   0.071785    13.1447   -0.05597     -3.218     0.0458    -0.6039 -9.990e-29
 209.355475     -3.230   0.071706    13.1443   -0.05598     -3.203     0.0457    -0.6039 -9.990e-29
 209.355480     -3.212   0.071583    13.1438   -0.05597     -3.185     0.0457    -0.6039 -9.990e-29
 209.355486     -3.189   0.071249    13.1430   -0.05597     -3.162     0.0455    -0.6039 -9.990e-29
 209.355492     -3.160   0.070816    13.1419   -0.05598     -3.134     0.0452    -0.6040 -9.990e-29
 209.355498     -3.127   0.070814    13.1409   -0.05598     -3.101     0.0452    -0.6039 -9.990e-29
 209.355503     -3.098   0.071241    13.1403   -0.05598     -3.072     0.0455    -0.6036 -9.990e-29
 209.355509     -3.074   0.071556    13.1400   -0.05598     -3.048     0.0457    -0.6034 -9.990e-29
 209.355515     -3.053   0.071623    13.1394   -0.05598     -3.028     0.0457    -0.6033 -9.990e-29
 209.355521     -3.035   0.071532    13.1384   -0.05598     -3.010     0.0456    -0.6032 -9.990e-29
 209.355527     -3.018   0.071160    13.1376   -0.05598     -2.993     0.0454    -0.6033 -9.990e-29
 209.355532     -3.002   0.070566    13.1374   -0.05598     -2.977     0.0451    -0.6035 -9.990e-29
 209.355538     -2.985   0.070069    13.1374   -0.05598     -2.960     0.0448    -0.6038 -9.990e-29
 209.355544     -2.965   0.069561    13.1371   -0.05599     -2.940     0.0445    -0.6040 -9.990e-29
 209.355550     -2.948   0.068919    13.1362   -0.05599     -2.923     0.0441    -0.6041 -9.990e-29
 209.355556     -2.934   0.068395    13.1348   -0.05599     -2.910     0.0438    -0.6042 -9.990e-29
 209.355561     -2.920   0.067846    13.1337   -0.05599     -2.896     0.0435    -0.6043 -9.990e-29
 209.355567     -2.904   0.067097    13.1332   -0.05599     -2.880     0.0430    -0.6046 -9.990e-29
 209.355573     -2.889   0.066256    13.1331   -0.05599     -2.865     0.0425    -0.6050 -9.990e-29
 209.355579     -2.876   0.065312    13.1331   -0.05599     -2.852     0.0420    -0.6054 -9.990e-29
 209.355584     -2.866   0.064673    13.1328   -0.05599     -2.842     0.0416    -0.6057 -9.990e-29
 209.355590     -2.860   0.064596    13.1324   -0.05599     -2.836     0.0415    -0.6056 -9.990e-29
 209.355596     -2.848   0.064422    13.1317   -0.05599     -2.824     0.0414    -0.6056 -9.990e-29
 209.355602     -2.830   0.063920    13.1309   -0.05600     -2.806     0.0412    -0.6058 -9.990e-29
 209.355608     -2.809   0.063530    13.1301   -0.05599     -2.786     0.0409    -0.6058 -9.990e-29
 209.355613     -2.783   0.063286    13.1294   -0.05599     -2.760     0.0408    -0.6059 -9.990e-29
 209.355619     -2.756   0.062864    13.1291   -0.05599     -2.733     0.0405    -0.6060 -9.990e-29
 209.355625     -2.729   0.062254    13.1295   -0.05600     -2.706     0.0402    -0.6063 -9.990e-29
 209.355631     -2.706   0.061756    13.1300   -0.05600     -2.683     0.0399    -0.6066 -9.990e-29
 209.355637     -2.688   0.061259    13.1300   -0.05600     -2.666     0.0396    -0.6069 -9.990e-29
 209.355642     -2.672   0.060659    13.1293   -0.05600     -2.650     0.0392    -0.6071 -9.990e-29
 209.355648     -2.655   0.060265    13.1286   -0.05600     -2.633     0.0390    -0.6071 -9.990e-29
 209.355654     -2.641   0.060108    13.1284   -0.05600     -2.619     0.0389    -0.6072 -9.990e-29
 209.355660     -2.629   0.059978    13.1287   -0.05600     -2.607     0.0388    -0.6073 -9.990e-29
 209.355666     -2.619   0.059703    13.1287   -0.05601     -2.597     0.0387    -0.6074 -9.990e-29
 209.355671     -2.609   0.059471    13.1279   -0.05601     -2.587     0.0385    -0.6074 -9.990e-29
 209.355677     -2.599   0.059530    13.1268   -0.05601     -2.577     0.0386    -0.6072 -9.990e-29
 209.355683     -2.588   0.059401    13.1260   -0.05600     -2.566     0.0385    -0.6072 -9.990e-29
 209.355689     -2.580   0.058914    13.1256   -0.05601     -2.558     0.0382    -0.6074 -9.990e-29
 209.355694     -2.579   0.058529    13.1254   -0.05601     -2.557     0.0380    -0.6075 -9.990e-29
 209.355700     -2.580   0.058291    13.1249   -0.05600     -2.558     0.0378    -0.6076 -9.990e-29
 209.355706     -2.574   0.057882    13.1239   -0.05600     -2.553     0.0376    -0.6076 -9.990e-29
 209.355712     -2.559   0.057312    13.1226   -0.05600     -2.538     0.0373    -0.6077 -9.990e-29
 209.355718     -2.535   0.056933    13.1217   -0.05600     -2.514     0.0371    -0.6078 -9.990e-29
 209.355723     -2.511   0.056794    13.1215   -0.05600     -2.490     0.0370    -0.6078 -9.990e-29
 209.355729     -2.490   0.056711    13.1218   -0.05600     -2.469     0.0369    -0.6079 -9.990e-29
 209.355735     -2.469   0.056573    13.1221   -0.05601     -2.448     0.0368    -0.6080 -9.990e-29
 209.355741     -2.448   0.056197    13.1223   -0.05601     -2.428     0.0366    -0.6082 -9.990e-29
 209.355747     -2.429   0.055635    13.1225   -0.05601     -2.409     0.0363    -0.6085 -9.990e-29
 209.355752     -2.421   0.055251    13.1229   -0.05600     -2.401     0.0361    -0.6087 -9.990e-29
 209.355758     -2.422   0.055086    13.1233   -0.05600     -2.402     0.0360    -0.6088 -9.990e-29
 209.355764     -2.424   0.054920    13.1235   -0.05601     -2.404     0.0359    -0.6089 -9.990e-29
 209.355770     -2.422   0.054534    13.1237   -0.05602     -2.402     0.0356    -0.6091 -9.990e-29
 209.355775     -2.417   0.053970    13.1237   -0.05601     -2.397     0.0353    -0.6094 -9.990e-29
 209.355781     -2.409   0.053584    13.1232   -0.05602     -2.389     0.0351    -0.6095 -9.990e-29
 209.355787     -2.397   0.053419    13.1226   -0.05602     -2.377     0.0350    -0.6095 -9.990e-29
 209.355793     -2.379   0.053253    13.1225   -0.05602     -2.359     0.0349    -0.6096 -9.990e-29
 209.355799     -2.360   0.052867    13.1228   -0.05602     -2.340     0.0347    -0.6098 -9.990e-29
 209.355804     -2.346   0.052303    13.1226   -0.05602     -2.326     0.0343    -0.6100 -9.990e-29
