data/oxygen options/OCNMS/OCNMS2/raw_data/2004/CTD_TH50_082404faed.cnv
* Sea-Bird SBE19 Data File:
* FileName = C:\WINDOWS\Desktop\put hypoxia files here\CTD data\August 24_25-04\TH\TH50_082404.hex
* Software Version 1.1.4
* Temperature SN = 2997
* Conductivity SN = 2997
* System UpLoad Time = Aug 24 2004 16:13:02
* SEACAT PROFILER V3.1c SN 2997   08/24/04  16:14:23.379
* strain gauge pressure sensor: S/N = 184829,  range = 3000 psia,  tc = 40
# nquan = 9                                 
# nvalues = 1167                        
# units = specified
# name 0 = timeJ: Julian Days
# name 1 = prSM: Pressure, Strain Gauge [db]
# name 2 = c0mS/cm: Conductivity [mS/cm]
# name 3 = t090C: Temperature [ITS-90, deg C]
# name 4 = oxML/L: Oxygen, Beckman/YSI [ml/l]
# name 5 = depSM: Depth [salt water, m], lat = 47.5
# name 6 = sal00: Salinity, Practical [PSU]
# name 7 = sigma-é00: Density [sigma-theta, kg/m^3]
# name 8 = flag: flag
# span 0 = 237.608426, 237.615174       
# span 1 =     -4.910,     51.492       
# span 2 =   0.458656,  39.641926       
# span 3 =     7.7198,    15.4554       
# span 4 =   -0.05281,   29.77295       
# span 5 =     -4.869,     51.056       
# span 6 =     0.2746,    33.3822       
# span 7 =    -0.7313,    26.0363       
# span 8 = 0.0000e+00, 0.0000e+00       
# interval = seconds: 0.5
# start_time = Aug 24 2004 14:36:08 [Instrument's time stamp, header]
# bad_flag = -9.990e-29
*END*
[from data line 961]
 237.613987     46.926  34.525152     7.7779    2.92697     46.529    33.3822    26.0363 0.0000e+00
 237.613993     47.389  34.524372     7.7773    2.92889     46.988    33.3817    26.0360 0.0000e+00
 237.613999     47.869  34.523928     7.7770    2.92661     47.464    33.3813    26.0357 0.0000e+00
 237.614005     48.356  34.523783     7.7767    2.91591     47.947    33.3812    26.0357 0.0000e+00
 237.614010     48.840  34.523735     7.7763    2.91487     48.427    33.3813    26.0358 0.0000e+00
 237.614016     49.309  34.523715     7.7760    2.91885     48.892    33.3813    26.0359 0.0000e+00
 237.614022     49.749  34.523690     7.7759    2.91629     49.328    33.3812    26.0358 0.0000e+00
 237.614028     50.149  34.523617     7.7758    2.91686     49.724    33.3810    26.0357 0.0000e+00
 237.614034     50.502  34.523387     7.7758    2.91221     50.074    33.3806    26.0354 0.0000e+00
 237.614039     50.799  34.523247     7.7761    2.91410     50.369    33.3800    26.0349 0.0000e+00
 237.614045     51.038  34.523563     7.7764    2.92693     50.606    33.3800    26.0348 0.0000e+00
 237.614051     51.222  34.524189     7.7768    2.92012     50.788    33.3802    26.0349 0.0000e+00
 237.614057     51.357  34.524831     7.7773    2.91007     50.922    33.3803    26.0350 -9.990e-29
 237.614062     51.448  34.525220     7.7777    2.91428     51.012    33.3803    26.0349 -9.990e-29
 237.614068     51.492  34.525307     7.7777    2.91487     51.056    33.3804    26.0350 -9.990e-29
 237.614074     51.487  34.525203     7.7774    2.91215     51.051    33.3805    26.0352 -9.990e-29
 237.614080     51.443  34.524764     7.7768    2.91205     51.007    33.3807    26.0353 -9.990e-29
 237.614086     51.381  34.523958     7.7763    2.90826     50.946    33.3803    26.0351 -9.990e-29
 237.614091     51.328  34.523390     7.7763    2.91883     50.893    33.3797    26.0347 -9.990e-29
 237.614097     51.298  34.523419     7.7764    2.91602     50.864    33.3797    26.0346 -9.990e-29
 237.614103     51.289  34.523519     7.7762    2.90597     50.855    33.3800    26.0349 -9.990e-29
 237.614109     51.291  34.523257     7.7759    2.91015     50.857    33.3800    26.0349 -9.990e-29
 237.614115     51.300  34.522840     7.7759    2.90997     50.866    33.3795    26.0346 -9.990e-29
 237.614120     51.317  34.522824     7.7760    2.91649     50.882    33.3794    26.0345 -9.990e-29
 237.614126     51.344  34.523184     7.7761    2.91773     50.909    33.3797    26.0347 -9.990e-29
 237.614132     51.376  34.523272     7.7763    2.91462     50.941    33.3796    26.0345 -9.990e-29
 237.614138     51.409  34.523201     7.7767    2.90600     50.974    33.3791    26.0341 -9.990e-29
 237.614144     51.435  34.523430     7.7771    2.89578     50.999    33.3790    26.0339 -9.990e-29
 237.614149     51.452  34.523695     7.7771    2.90181     51.016    33.3792    26.0342 -9.990e-29
 237.614155     51.461  34.523786     7.7770    2.90489     51.025    33.3794    26.0343 -9.990e-29
 237.614161     51.458  34.523818     7.7770    2.91206     51.022    33.3795    26.0344 -9.990e-29
 237.614167     51.439  34.523828     7.7769    2.90539     51.003    33.3796    26.0345 -9.990e-29
 237.614172     51.411  34.523823     7.7770    2.89955     50.976    33.3795    26.0344 -9.990e-29
 237.614178     51.389  34.523791     7.7772    2.90783     50.954    33.3793    26.0342 -9.990e-29
 237.614184     51.381  34.523684     7.7772    2.91230     50.946    33.3792    26.0341 -9.990e-29
 237.614190     51.382  34.523356     7.7771    2.91686     50.947    33.3789    26.0339 -9.990e-29
 237.614196     51.379  34.522925     7.7771    2.90566     50.944    33.3784    26.0335 -9.990e-29
 237.614201     51.358  34.522928     7.7771    2.90856     50.923    33.3785    26.0335 -9.990e-29
 237.614207     51.324  34.523364     7.7772    2.90165     50.889    33.3788    26.0338 -9.990e-29
 237.614213     51.295  34.523687     7.7772    2.90230     50.861    33.3792    26.0341 -9.990e-29
 237.614219     51.286  34.523764     7.7769    2.91282     50.852    33.3796    26.0345 -9.990e-29
 237.614225     51.297  34.523693     7.7768    2.91211     50.863    33.3796    26.0345 -9.990e-29
 237.614230     51.320  34.523375     7.7770    2.90777     50.885    33.3790    26.0340 -9.990e-29
 237.614236     51.348  34.522938     7.7772    2.90318     50.913    33.3784    26.0335 -9.990e-29
 237.614242     51.374  34.522917     7.7772    2.89998     50.939    33.3783    26.0334 -9.990e-29
 237.614248     51.395  34.523275     7.7770    2.91009     50.960    33.3789    26.0339 -9.990e-29
 237.614253     51.409  34.523363     7.7769    2.90802     50.974    33.3791    26.0341 -9.990e-29
 237.614259     51.408  34.523292     7.7769    2.90625     50.973    33.3790    26.0340 -9.990e-29
 237.614265     51.388  34.523523     7.7770    2.91324     50.953    33.3792    26.0341 -9.990e-29
 237.614271     51.351  34.523798     7.7774    2.92069     50.916    33.3791    26.0340 -9.990e-29
 237.614277     51.308  34.523916     7.7779    2.91844     50.873    33.3788    26.0337 -9.990e-29
 237.614282     51.270  34.524031     7.7780    2.91437     50.836    33.3788    26.0337 -9.990e-29
 237.614288     51.241  34.524289     7.7780    2.90859     50.807    33.3791    26.0339 -9.990e-29
 237.614294     51.230  34.524470     7.7778    2.90713     50.796    33.3795    26.0343 -9.990e-29
 237.614300     51.239  34.524251     7.7774    2.90294     50.805    33.3796    26.0344 -9.990e-29
 237.614306     51.270  34.523895     7.7768    2.90906     50.836    33.3798    26.0347 -9.990e-29
 237.614311     51.319  34.523481     7.7764    2.91083     50.884    33.3797    26.0347 -9.990e-29
 237.614317     51.378  34.523012     7.7762    2.89578     50.943    33.3794    26.0344 -9.990e-29
 237.614323     51.428  34.522976     7.7761    2.90291     50.992    33.3794    26.0345 -9.990e-29
 237.614329     51.456  34.523321     7.7763    2.90095     51.020    33.3796    26.0346 -9.990e-29
 237.614334     51.462  34.523379     7.7767    2.89614     51.026    33.3793    26.0342 -9.990e-29
 237.614340     51.453  34.523219     7.7767    2.90018     51.017    33.3791    26.0341 -9.990e-29
 237.614346     51.428  34.523185     7.7765    2.90495     50.992    33.3793    26.0343 -9.990e-29
 237.614352     51.388  34.523226     7.7762    2.91762     50.953    33.3796    26.0346 -9.990e-29
 237.614358     51.341  34.523389     7.7762    2.90581     50.906    33.3798    26.0347 -9.990e-29
 237.614363     51.291  34.523326     7.7765    2.90919     50.857    33.3795    26.0344 -9.990e-29
 237.614369     51.249  34.522950     7.7767    2.90491     50.815    33.3789    26.0340 -9.990e-29
 237.614375     51.224  34.522873     7.7768    2.89574     50.790    33.3787    26.0338 -9.990e-29
 237.614381     51.211  34.522991     7.7768    2.89969     50.777    33.3789    26.0339 -9.990e-29
 237.614387     51.192  34.522895     7.7768    2.90379     50.758    33.3788    26.0338 -9.990e-29
 237.614392     51.152  34.523010     7.7769    2.89960     50.719    33.3788    26.0339 -9.990e-29
 237.614398     51.077  34.523484     7.7770    2.90214     50.644    33.3793    26.0342 -9.990e-29
 237.614404     50.952  34.523819     7.7771    2.90817     50.521    33.3796    26.0344 0.0000e+00
 237.614410     50.775  34.523896     7.7770    2.90793     50.345    33.3799    26.0347 0.0000e+00
 237.614416     50.543  34.523810     7.7768    2.90288     50.115    33.3801    26.0349 0.0000e+00
 237.614421     50.257  34.523443     7.7766    2.89885     49.831    33.3800    26.0348 0.0000e+00
 237.614427     49.935  34.522861     7.7762    2.90359     49.512    33.3799    26.0348 0.0000e+00
 237.614433     49.603  34.522408     7.7756    2.90761     49.183    33.3802    26.0351 0.0000e+00
 237.614439     49.281  34.522037     7.7754    2.90244     48.864    33.3801    26.0351 0.0000e+00
 237.614444     48.977  34.521810     7.7754    2.91575     48.562    33.3800    26.0350 0.0000e+00
 237.614450     48.679  34.521983     7.7755    2.90682     48.267    33.3802    26.0351 0.0000e+00
 237.614456     48.367  34.522219     7.7758    2.89790     47.958    33.3804    26.0352 0.0000e+00
 237.614462     48.031  34.522267     7.7762    2.91315     47.625    33.3802    26.0350 0.0000e+00
 237.614468     47.672  34.522188     7.7766    2.90209     47.269    33.3799    26.0347 0.0000e+00
 237.614473     47.290  34.521871     7.7769    2.90527     46.890    33.3794    26.0343 0.0000e+00
 237.614479     46.885  34.521451     7.7772    2.90512     46.488    33.3789    26.0338 0.0000e+00
 237.614485     46.447  34.521483     7.7777    2.89910     46.054    33.3787    26.0336 0.0000e+00
 237.614491     45.978  34.522006     7.7782    2.89486     45.589    33.3790    26.0337 0.0000e+00
 237.614497     45.497  34.522594     7.7787    2.90094     45.112    33.3793    26.0339 0.0000e+00
 237.614502     45.018  34.522907     7.7791    2.91157     44.637    33.3795    26.0340 0.0000e+00
 237.614508     44.551  34.522800     7.7798    2.90727     44.174    33.3790    26.0335 0.0000e+00
 237.614514     44.091  34.522688     7.7812    2.90636     43.718    33.3777    26.0323 0.0000e+00
 237.614520     43.630  34.522976     7.7834    2.90915     43.261    33.3761    26.0307 0.0000e+00
 237.614525     43.170  34.523485     7.7859    2.90952     42.805    33.3745    26.0291 0.0000e+00
 237.614531     42.719  34.523768     7.7875    2.90434     42.358    33.3735    26.0280 0.0000e+00
 237.614537     42.288  34.523641     7.7878    2.90834     41.931    33.3733    26.0278 0.0000e+00
 237.614543     41.875  34.523493     7.7874    2.89808     41.521    33.3737    26.0282 0.0000e+00
 237.614549     41.470  34.523682     7.7870    2.90584     41.120    33.3745    26.0289 0.0000e+00
 237.614554     41.065  34.523896     7.7867    2.91824     40.718    33.3752    26.0294 0.0000e+00
 237.614560     40.652  34.523856     7.7866    2.91816     40.309    33.3754    26.0297 0.0000e+00
 237.614566     40.221  34.523505     7.7863    2.92059     39.881    33.3755    26.0298 0.0000e+00
 237.614572     39.766  34.522370     7.7856    2.92350     39.430    33.3752    26.0296 0.0000e+00
 237.614578     39.293  34.520614     7.7852    2.93022     38.961    33.3739    26.0287 0.0000e+00
 237.614583     38.814  34.519816     7.7855    2.91455     38.486    33.3730    26.0279 0.0000e+00
 237.614589     38.338  34.520031     7.7859    2.91739     38.015    33.3731    26.0279 0.0000e+00
 237.614595     37.868  34.519859     7.7862    2.92221     37.549    33.3728    26.0276 0.0000e+00
 237.614601     37.406  34.519630     7.7866    2.91537     37.090    33.3724    26.0273 0.0000e+00
 237.614606     36.950  34.519594     7.7866    2.91899     36.638    33.3726    26.0274 0.0000e+00
 237.614612     36.511  34.519139     7.7860    2.91390     36.203    33.3729    26.0277 0.0000e+00
 237.614618     36.100  34.518217     7.7849    2.91200     35.796    33.3732    26.0281 0.0000e+00
 237.614624     35.725  34.516717     7.7834    2.92458     35.424    33.3732    26.0283 0.0000e+00
 237.614630     35.395  34.514877     7.7822    2.92663     35.097    33.3725    26.0279 0.0000e+00
 237.614635     35.125  34.513603     7.7819    2.91853     34.829    33.3715    26.0272 0.0000e+00
 237.614641     34.923  34.513437     7.7823    2.94021     34.629    33.3711    26.0268 0.0000e+00
 237.614647     34.785  34.514152     7.7831    2.93335     34.492    33.3711    26.0267 -9.990e-29
 237.614653     34.701  34.515015     7.7836    2.93333     34.408    33.3716    26.0270 -9.990e-29
 237.614659     34.663  34.515491     7.7835    2.93125     34.371    33.3723    26.0275 -9.990e-29
 237.614664     34.650  34.515648     7.7834    2.91251     34.358    33.3725    26.0277 -9.990e-29
 237.614670     34.637  34.515688     7.7835    2.92367     34.345    33.3725    26.0277 -9.990e-29
 237.614676     34.601  34.515655     7.7834    2.92545     34.309    33.3726    26.0278 -9.990e-29
 237.614682     34.531  34.515499     7.7827    2.93608     34.240    33.3731    26.0283 -9.990e-29
 237.614688     34.426  34.515006     7.7820    2.93927     34.136    33.3733    26.0285 -9.990e-29
 237.614693     34.290  34.514076     7.7817    2.94397     34.001    33.3726    26.0281 0.0000e+00
 237.614699     34.126  34.513144     7.7817    2.95280     33.838    33.3717    26.0273 0.0000e+00
 237.614705     33.936  34.512645     7.7818    2.94253     33.650    33.3712    26.0269 0.0000e+00
 237.614711     33.713  34.512470     7.7817    2.92967     33.429    33.3712    26.0269 0.0000e+00
 237.614716     33.447  34.512386     7.7813    2.93050     33.165    33.3716    26.0273 0.0000e+00
 237.614722     33.138  34.512280     7.7810    2.93156     32.859    33.3719    26.0276 0.0000e+00
 237.614728     32.796  34.512012     7.7804    2.95657     32.520    33.3724    26.0280 0.0000e+00
 237.614734     32.435  34.511224     7.7794    2.96486     32.162    33.3727    26.0284 0.0000e+00
 237.614740     32.064  34.509991     7.7785    2.95940     31.794    33.3724    26.0283 0.0000e+00
 237.614745     31.691  34.508913     7.7774    2.96387     31.424    33.3724    26.0285 0.0000e+00
 237.614751     31.314  34.507674     7.7750    2.95800     31.050    33.3736    26.0297 0.0000e+00
 237.614757     30.934  34.504625     7.7717    2.96502     30.674    33.3736    26.0303 0.0000e+00
 237.614763     30.556  34.500187     7.7690    2.98012     30.299    33.3716    26.0291 0.0000e+00
 237.614769     30.174  34.496850     7.7662    3.00509     29.920    33.3709    26.0289 0.0000e+00
 237.614774     29.777  34.492970     7.7592    3.07906     29.526    33.3736    26.0321 0.0000e+00
 237.614780     29.361  34.481131     7.7467    3.19968     29.114    33.3731    26.0334 0.0000e+00
 237.614786     28.926  34.455636     7.7368    3.34355     28.683    33.3554    26.0209 0.0000e+00
 237.614792     28.472  34.426213     7.7368    3.51809     28.232    33.3240    25.9962 0.0000e+00
 237.614797     28.011  34.407999     7.7447    3.69055     27.775    33.2970    25.9739 0.0000e+00
 237.614803     27.547  34.398568     7.7578    3.83349     27.315    33.2746    25.9544 0.0000e+00
 237.614809     27.076  34.389832     7.7753    3.96811     26.848    33.2488    25.9316 0.0000e+00
 237.614815     26.598  34.384718     7.7953    4.05223     26.374    33.2244    25.9096 0.0000e+00
 237.614821     26.122  34.389865     7.8132    4.12121     25.902    33.2131    25.8981 0.0000e+00
 237.614826     25.660  34.400930     7.8266    4.16794     25.444    33.2124    25.8956 0.0000e+00
 237.614832     25.222  34.408571     7.8385    4.16318     25.010    33.2095    25.8916 0.0000e+00
 237.614838     24.804  34.414016     7.8521    4.13896     24.596    33.2026    25.8842 0.0000e+00
 237.614844     24.398  34.422847     7.8737    4.10341     24.193    33.1917    25.8725 0.0000e+00
 237.614850     24.004  34.435070     7.9079    4.09537     23.802    33.1725    25.8525 0.0000e+00
 237.614855     23.622  34.446246     7.9469    4.13277     23.424    33.1476    25.8273 0.0000e+00
 237.614861     23.245  34.455027     7.9841    4.18052     23.050    33.1219    25.8017 0.0000e+00
 237.614867     22.863  34.465842     8.0306    4.20983     22.671    33.0896    25.7695 0.0000e+00
 237.614873     22.462  34.489195     8.1058    4.20965     22.273    33.0436    25.7224 0.0000e+00
 237.614878     22.045  34.539974     8.2317    4.21372     21.860    32.9793    25.6534 0.0000e+00
 237.614884     21.614  34.637688     8.4222    4.19560     21.432    32.9043    25.5662 0.0000e+00
 237.614890     21.172  34.793806     8.6545    4.20927     20.994    32.8523    25.4903 0.0000e+00
 237.614896     20.725  34.986128     8.8689    4.21580     20.551    32.8548    25.4593 0.0000e+00
 237.614902     20.274  35.153848     9.0099    4.22000     20.104    32.8991    25.4721 0.0000e+00
