data/oxygen options/OCNMS/OCNMS2/raw_data/2004/CTD_CA20_082404faed.cnv
* Sea-Bird SBE19 Data File:
* FileName = C:\WINDOWS\Desktop\put hypoxia files here\CTD data\August 24_25-04\CA20_082404.hex
* Software Version 1.1.4
* Temperature SN = 2997
* Conductivity SN = 2997
* System UpLoad Time = Aug 24 2004 12:29:31
* SEACAT PROFILER V3.1c SN 2997   08/24/04  12:31:06.967
* strain gauge pressure sensor: S/N = 184829,  range = 3000 psia,  tc = 40
# nquan = 9                                 
# nvalues = 561                         
# units = specified
# name 0 = timeJ: Julian Days
# name 1 = prSM: Pressure, Strain Gauge [db]
# name 2 = c0mS/cm: Conductivity [mS/cm]
# name 3 = t090C: Temperature [ITS-90, deg C]
# name 4 = oxML/L: Oxygen, Beckman/YSI [ml/l]
# name 5 = depSM: Depth [salt water, m], lat = 47.5
# name 6 = sal00: Salinity, Practical [PSU]
# name 7 = sigma-é00: Density [sigma-theta, kg/m^3]
# name 8 = flag: flag
# span 0 = 237.413252, 237.416493       
# span 1 =     -5.154,     21.885       
# span 2 =   1.968900,  38.692091       
# span 3 =    11.4643,    14.1101       
# span 4 =   -0.05412,   32.14939       
# span 5 =     -5.111,     21.701       
# span 6 =     1.2907,    32.8232       
# span 7 =     0.2337,    24.9868       
# span 8 = 0.0000e+00, 0.0000e+00       
# interval = seconds: 0.5
# start_time = Aug 24 2004 09:55:05 [Instrument's time stamp, header]
# bad_flag = -9.990e-29
*END*
[from data line 321]
 237.415110      0.357  38.585534    13.2711    8.12913      0.354    32.5069    24.4086 -9.990e-29
 237.415116      0.382  38.587099    13.2721    8.14037      0.379    32.5075    24.4088 -9.990e-29
 237.415122      0.403  38.587613    13.2726    8.14493      0.400    32.5075    24.4088 -9.990e-29
 237.415127      0.420  38.587769    13.2725    8.13492      0.416    32.5077    24.4090 -9.990e-29
 237.415133      0.432  38.587782    13.2721    8.12334      0.428    32.5081    24.4093 -9.990e-29
 237.415139      0.440  38.587675    13.2720    8.12096      0.436    32.5081    24.4093 -9.990e-29
 237.415145      0.445  38.587312    13.2714    8.12695      0.441    32.5082    24.4096 -9.990e-29
 237.415150      0.447  38.586217    13.2701    8.13416      0.443    32.5083    24.4099 -9.990e-29
 237.415156      0.446  38.584620    13.2692    8.14186      0.442    32.5076    24.4095 -9.990e-29
 237.415162      0.447  38.583764    13.2687    8.13370      0.443    32.5072    24.4093 -9.990e-29
 237.415168      0.453  38.583637    13.2682    8.13234      0.449    32.5075    24.4096 -9.990e-29
 237.415174      0.461  38.583514    13.2674    8.13066      0.457    32.5081    24.4102 -9.990e-29
 237.415179      0.467  38.583240    13.2663    8.13390      0.463    32.5088    24.4110 -9.990e-29
 237.415185      0.472  38.582457    13.2648    8.14004      0.468    32.5093    24.4117 -9.990e-29
 237.415191      0.476  38.581247    13.2639    8.14020      0.472    32.5089    24.4116 -9.990e-29
 237.415197      0.478  38.580249    13.2637    8.14525      0.474    32.5082    24.4110 -9.990e-29
 237.415203      0.480  38.579822    13.2639    8.13683      0.476    32.5076    24.4106 -9.990e-29
 237.415208      0.481  38.579963    13.2643    8.12938      0.477    32.5074    24.4103 -9.990e-29
 237.415214      0.481  38.580868    13.2650    8.13275      0.477    32.5076    24.4104 -9.990e-29
 237.415220      0.481  38.582069    13.2656    8.13283      0.477    32.5083    24.4107 -9.990e-29
 237.415226      0.480  38.582368    13.2660    8.13083      0.476    32.5082    24.4106 -9.990e-29
 237.415231      0.478  38.582174    13.2662    8.13222      0.474    32.5078    24.4103 -9.990e-29
 237.415237      0.476  38.582355    13.2661    8.13100      0.472    32.5081    24.4105 -9.990e-29
 237.415243      0.473  38.582599    13.2659    8.12548      0.469    32.5085    24.4109 -9.990e-29
 237.415249      0.468  38.582678    13.2658    8.13866      0.464    32.5087    24.4110 -9.990e-29
 237.415255      0.462  38.582704    13.2659    8.14151      0.458    32.5086    24.4109 -9.990e-29
 237.415260      0.458  38.582718    13.2659    8.12792      0.454    32.5086    24.4110 -9.990e-29
 237.415266      0.461  38.582746    13.2658    8.11999      0.457    32.5087    24.4111 -9.990e-29
 237.415272      0.466  38.582832    13.2653    8.11779      0.462    32.5092    24.4115 -9.990e-29
 237.415278      0.470  38.582537    13.2635    8.12763      0.466    32.5105    24.4129 -9.990e-29
 237.415284      0.473  38.580914    13.2597    8.13629      0.469    32.5122    24.4150 -9.990e-29
 237.415289      0.474  38.577487    13.2558    8.13162      0.470    32.5123    24.4158 -9.990e-29
 237.415295      0.474  38.573864    13.2547    8.12608      0.470    32.5099    24.4142 -9.990e-29
 237.415301      0.473  38.573073    13.2564    8.12304      0.469    32.5077    24.4121 -9.990e-29
 237.415307      0.475  38.575190    13.2587    8.12467      0.471    32.5077    24.4117 -9.990e-29
 237.415313      0.485  38.577434    13.2610    8.13175      0.481    32.5078    24.4113 -9.990e-29
 237.415318      0.499  38.578878    13.2641    8.12889      0.495    32.5065    24.4097 -9.990e-29
 237.415324      0.509  38.580895    13.2681    8.12721      0.505    32.5050    24.4077 -9.990e-29
 237.415330      0.511  38.583936    13.2715    8.13327      0.507    32.5050    24.4070 -9.990e-29
 237.415336      0.510  38.586454    13.2729    8.12243      0.506    32.5061    24.4076 -9.990e-29
 237.415341      0.511  38.587329    13.2727    8.12305      0.507    32.5071    24.4084 -9.990e-29
 237.415347      0.513  38.587174    13.2722    8.12213      0.509    32.5074    24.4088 -9.990e-29
 237.415353      0.516  38.586910    13.2724    8.13512      0.512    32.5070    24.4084 -9.990e-29
 237.415359      0.521  38.586754    13.2730    8.14536      0.517    32.5063    24.4078 -9.990e-29
 237.415365      0.524  38.586316    13.2729    8.14317      0.520    32.5060    24.4075 -9.990e-29
 237.415370      0.520  38.585574    13.2720    8.12353      0.516    32.5061    24.4078 -9.990e-29
 237.415376      0.514  38.585024    13.2701    8.10730      0.510    32.5072    24.4090 -9.990e-29
 237.415382      0.509  38.584476    13.2659    8.11016      0.505    32.5102    24.4122 -9.990e-29
 237.415388      0.505  38.581873    13.2587    8.11555      0.501    32.5140    24.4165 -9.990e-29
 237.415394      0.502  38.575971    13.2510    8.08850      0.498    32.5150    24.4189 -9.990e-29
 237.415399      0.500  38.569539    13.2460    8.06882      0.496    32.5132    24.4185 -9.990e-29
 237.415405      0.499  38.565761    13.2442    8.06162      0.495    32.5112    24.4173 -9.990e-29
 237.415411      0.498  38.564628    13.2440    8.07116      0.494    32.5103    24.4166 -9.990e-29
 237.415417      0.497  38.564611    13.2438    8.08403      0.493    32.5105    24.4168 -9.990e-29
 237.415422      0.497  38.564546    13.2424    8.08768      0.493    32.5116    24.4180 -9.990e-29
 237.415428      0.497  38.563771    13.2412    8.07455      0.493    32.5119    24.4184 -9.990e-29
 237.415434      0.497  38.562917    13.2413    8.07553      0.493    32.5110    24.4177 -9.990e-29
 237.415440      0.498  38.563069    13.2420    8.07801      0.494    32.5106    24.4172 -9.990e-29
 237.415446      0.499  38.563850    13.2421    8.08701      0.495    32.5112    24.4177 -9.990e-29
 237.415451      0.500  38.564041    13.2414    8.09392      0.496    32.5120    24.4184 -9.990e-29
 237.415457      0.503  38.563319    13.2414    8.08666      0.499    32.5113    24.4179 -9.990e-29
 237.415463      0.506  38.562947    13.2433    8.07637      0.502    32.5094    24.4160 -9.990e-29
 237.415469      0.510  38.564093    13.2462    8.07838      0.506    32.5080    24.4144 -9.990e-29
 237.415475      0.515  38.566584    13.2488    8.08833      0.511    32.5081    24.4139 -9.990e-29
 237.415480      0.522  38.569236    13.2502    8.09620      0.518    32.5094    24.4146 -9.990e-29
 237.415486      0.530  38.570522    13.2506    8.11064      0.526    32.5102    24.4152 -9.990e-29
 237.415492      0.537  38.570454    13.2510    8.10705      0.533    32.5098    24.4148 -9.990e-29
 237.415498      0.539  38.570607    13.2522    8.09909      0.535    32.5089    24.4139 -9.990e-29
 237.415503      0.539  38.571730    13.2542    8.09945      0.535    32.5083    24.4130 -9.990e-29
 237.415509      0.542  38.573619    13.2570    8.10849      0.537    32.5077    24.4120 -9.990e-29
 237.415515      0.548  38.575969    13.2598    8.10236      0.543    32.5075    24.4113 -9.990e-29
 237.415521      0.558  38.577971    13.2613    8.10606      0.553    32.5081    24.4114 -9.990e-29
 237.415527      0.572  38.578911    13.2613    8.10788      0.567    32.5089    24.4121 -9.990e-29
 237.415532      0.587  38.578904    13.2608    8.10582      0.582    32.5093    24.4125 -9.990e-29
 237.415538      0.595  38.578485    13.2605    8.11581      0.590    32.5092    24.4125 -9.990e-29
 237.415544      0.593  38.578196    13.2607    8.10661      0.588    32.5088    24.4121 -9.990e-29
 237.415550      0.585  38.578196    13.2611    8.10203      0.580    32.5084    24.4118 -9.990e-29
 237.415556      0.578  38.578467    13.2610    8.10800      0.573    32.5088    24.4120 -9.990e-29
 237.415561      0.577  38.578792    13.2601    8.10829      0.572    32.5098    24.4131 -9.990e-29
 237.415567      0.582  38.578466    13.2588    8.11095      0.577    32.5106    24.4139 -9.990e-29
 237.415573      0.588  38.577034    13.2577    8.11593      0.583    32.5102    24.4138 -9.990e-29
 237.415579      0.587  38.575375    13.2577    8.11481      0.582    32.5087    24.4126 -9.990e-29
 237.415584      0.579  38.575184    13.2592    8.10863      0.574    32.5072    24.4112 -9.990e-29
 237.415590      0.573  38.576752    13.2613    8.10383      0.568    32.5069    24.4105 -9.990e-29
 237.415596      0.572  38.578785    13.2624    8.10071      0.567    32.5079    24.4111 -9.990e-29
 237.415602      0.572  38.580051    13.2620    8.09740      0.567    32.5094    24.4123 -9.990e-29
 237.415608      0.568  38.579974    13.2605    8.10284      0.563    32.5106    24.4136 -9.990e-29
 237.415613      0.565  38.578436    13.2591    8.10282      0.560    32.5104    24.4137 -9.990e-29
 237.415619      0.567  38.576733    13.2588    8.10039      0.562    32.5090    24.4127 -9.990e-29
 237.415625      0.573  38.576502    13.2589    8.10627      0.568    32.5087    24.4124 -9.990e-29
 237.415631      0.585  38.576856    13.2587    8.10091      0.580    32.5092    24.4129 -9.990e-29
 237.415637      0.598  38.576567    13.2582    8.09464      0.593    32.5094    24.4131 -9.990e-29
 237.415642      0.606  38.575795    13.2577    8.10763      0.601    32.5091    24.4129 -9.990e-29
 237.415648      0.608  38.575172    13.2580    8.10889      0.603    32.5082    24.4122 -9.990e-29
 237.415654      0.613  38.575535    13.2590    8.11324      0.608    32.5077    24.4116 -9.990e-29
 237.415660      0.621  38.576788    13.2597    8.11714      0.616    32.5083    24.4119 -9.990e-29
 237.415666      0.629  38.577218    13.2590    8.10266      0.624    32.5093    24.4128 -9.990e-29
 237.415671      0.646  38.576258    13.2583    8.09850      0.641    32.5090    24.4127 -9.990e-29
 237.415677      0.678  38.575978    13.2582    8.10856      0.672    32.5088    24.4126 -9.990e-29
 237.415683      0.712  38.576548    13.2575    8.11957      0.706    32.5099    24.4136 -9.990e-29
 237.415689      0.744  38.575904    13.2564    8.13379      0.738    32.5102    24.4141 -9.990e-29
 237.415694      0.774  38.574291    13.2557    8.12943      0.768    32.5093    24.4135 -9.990e-29
 237.415700      0.806  38.573466    13.2553    8.11350      0.799    32.5089    24.4133 -9.990e-29
 237.415706      0.844  38.573433    13.2549    8.10434      0.837    32.5092    24.4136 -9.990e-29
 237.415712      0.897  38.573569    13.2528    8.09664      0.890    32.5111    24.4155 -9.990e-29
 237.415718      0.967  38.572919    13.2448    8.08166      0.959    32.5173    24.4218 -9.990e-29
 237.415723      1.058  38.568353    13.2272    8.06700      1.049    32.5280    24.4336 -9.990e-29
 237.415729      1.173  38.555448    13.2030    8.02941      1.163    32.5365    24.4451 -9.990e-29
 237.415735      1.314  38.536049    13.1779    8.00637      1.303    32.5397    24.4525 0.0000e+00
 237.415741      1.486  38.515681    13.1518    7.97489      1.474    32.5429    24.4601 0.0000e+00
 237.415747      1.691  38.493527    13.1248    7.92885      1.677    32.5451    24.4672 0.0000e+00
 237.415752      1.933  38.470879    13.1012    7.88477      1.917    32.5439    24.4709 0.0000e+00
 237.415758      2.221  38.452852    13.0825    7.83958      2.202    32.5428    24.4738 0.0000e+00
 237.415764      2.562  38.439508    13.0658    7.80233      2.541    32.5445    24.4783 0.0000e+00
 237.415770      2.962  38.427053    13.0492    7.76548      2.937    32.5468    24.4834 0.0000e+00
 237.415775      3.421  38.414004    13.0313    7.71705      3.392    32.5497    24.4892 0.0000e+00
 237.415781      3.945  38.400330    13.0102    7.67206      3.912    32.5547    24.4972 0.0000e+00
 237.415787      4.548  38.384042    12.9838    7.62439      4.510    32.5618    24.5079 0.0000e+00
 237.415793      5.233  38.363593    12.9546    7.58312      5.189    32.5673    24.5179 0.0000e+00
 237.415799      5.962  38.341984    12.9304    7.53949      5.912    32.5674    24.5227 0.0000e+00
 237.415804      6.671  38.326270    12.9140    7.49430      6.615    32.5663    24.5251 0.0000e+00
 237.415810      7.335  38.317345    12.9028    7.45442      7.274    32.5673    24.5281 0.0000e+00
 237.415816      7.964  38.311695    12.8960    7.41983      7.897    32.5675    24.5296 0.0000e+00
 237.415822      8.566  38.308495    12.8924    7.39392      8.494    32.5674    24.5302 0.0000e+00
 237.415828      9.150  38.306820    12.8906    7.37846      9.073    32.5671    24.5303 0.0000e+00
 237.415833      9.719  38.306101    12.8902    7.36977      9.638    32.5665    24.5300 0.0000e+00
 237.415839     10.274  38.306480    12.8908    7.35793     10.188    32.5661    24.5296 0.0000e+00
 237.415845     10.818  38.307318    12.8899    7.32373     10.727    32.5675    24.5308 0.0000e+00
 237.415851     11.350  38.307471    12.8858    7.28837     11.255    32.5709    24.5343 0.0000e+00
 237.415856     11.869  38.306561    12.8790    7.24704     11.770    32.5757    24.5394 0.0000e+00
 237.415862     12.375  38.304474    12.8692    7.19065     12.271    32.5820    24.5462 0.0000e+00
 237.415868     12.869  38.299531    12.8554    7.17159     12.761    32.5890    24.5543 0.0000e+00
 237.415874     13.362  38.290729    12.8358    7.14031     13.250    32.5974    24.5646 0.0000e+00
 237.415880     13.859  38.276968    12.8061    7.12022     13.743    32.6098    24.5800 0.0000e+00
 237.415885     14.358  38.254462    12.7636    7.11076     14.238    32.6249    24.6000 0.0000e+00
 237.415891     14.855  38.220662    12.7141    7.04050     14.730    32.6354    24.6177 0.0000e+00
 237.415897     15.349  38.182080    12.6636    6.96193     15.220    32.6422    24.6328 0.0000e+00
 237.415903     15.836  38.146139    12.6087    6.89128     15.703    32.6554    24.6536 0.0000e+00
 237.415909     16.313  38.107515    12.5378    6.83308     16.176    32.6799    24.6862 0.0000e+00
 237.415914     16.785  38.051700    12.4344    6.77684     16.644    32.7163    24.7342 0.0000e+00
 237.415920     17.260  37.967629    12.2964    6.71871     17.115    32.7559    24.7912 0.0000e+00
 237.415926     17.735  37.860399    12.1519    6.62749     17.586    32.7791    24.8365 0.0000e+00
 237.415932     18.200  37.751333    12.0253    6.56994     18.047    32.7848    24.8647 0.0000e+00
 237.415938     18.655  37.657611    11.9184    6.48139     18.498    32.7879    24.8871 0.0000e+00
 237.415943     19.100  37.579293    11.8314    6.40928     18.940    32.7883    24.9036 0.0000e+00
 237.415949     19.524  37.516790    11.7633    6.35180     19.360    32.7875    24.9155 0.0000e+00
 237.415955     19.915  37.468610    11.6998    6.30674     19.748    32.7965    24.9342 0.0000e+00
 237.415961     20.277  37.420390    11.6270    6.28630     20.107    32.8137    24.9609 0.0000e+00
 237.415966     20.620  37.363329    11.5532    6.25963     20.447    32.8232    24.9818 0.0000e+00
 237.415972     20.941  37.307123    11.4983    6.23313     20.765    32.8167    24.9868 0.0000e+00
 237.415978     21.220  37.267649    11.4704    6.22360     21.042    32.8027    24.9810 0.0000e+00
 237.415984     21.442  37.249442    11.4643    6.20563     21.262    32.7902    24.9724 0.0000e+00
 237.415990     21.608  37.246141    11.4711    6.20421     21.427    32.7809    24.9639 -9.990e-29
 237.415995     21.728  37.251082    11.4829    6.20091     21.546    32.7752    24.9573 -9.990e-29
 237.416001     21.810  37.260179    11.4956    6.20236     21.627    32.7728    24.9532 -9.990e-29
 237.416007     21.858  37.269845    11.5081    6.22180     21.674    32.7712    24.9496 -9.990e-29
 237.416013     21.882  37.277810    11.5201    6.23526     21.698    32.7683    24.9452 -9.990e-29
 237.416019     21.885  37.285148    11.5306    6.24929     21.701    32.7662    24.9417 -9.990e-29
 237.416024     21.869  37.292093    11.5370    6.26703     21.685    32.7673    24.9414 -9.990e-29
