data/oxygen options/OCNMS/OCNMS2/raw_data/2004/CTD_TH50_061504faed.cnv
* Sea-Bird SBE19 Data File:
* FileName = C:\WINDOWS\Desktop\put hypoxia files here\CTD files\CA\TH50m061504.hex
* Software Version 1.1.4
* Temperature SN = 2997
* Conductivity SN = 2997
* System UpLoad Time = Jun 15 2004 15:31:32
** Teahwhit Head hypoxia 50m TH5 June 15,2004
* SEACAT PROFILER V3.1c SN 2997   06/15/04  15:29:33.602
# nquan = 9                                 
# nvalues = 629                         
# units = specified
# name 0 = timeJ: Julian Days
# name 1 = prSM: Pressure, Strain Gauge [db]
# name 2 = c0mS/cm: Conductivity [mS/cm]
# name 3 = t090C: Temperature [ITS-90, deg C]
# name 4 = oxML/L: Oxygen, Beckman/YSI [ml/l]
# name 5 = depSM: Depth [salt water, m], lat = 47.5
# name 6 = sal00: Salinity, Practical [PSU]
# name 7 = sigma-é00: Density [sigma-theta, kg/m^3]
# name 8 = flag: flag
# span 0 = 167.588912, 167.592546       
# span 1 =     -5.366,     51.400       
# span 2 =   0.320710,  37.607497       
# span 3 =     7.7303,    14.7761       
# span 4 =   -0.05656,   30.07722       
# span 5 =     -5.321,     50.965       
# span 6 =     0.2022,    33.3290       
# span 7 =    -0.4401,    26.0014       
# span 8 = 0.0000e+00, 0.0000e+00       
# interval = seconds: 0.5
# start_time = Jun 15 2004 14:08:02 [Instrument's time stamp, header]
# bad_flag = -9.990e-29
*END*
[from data line 321]
 167.590770      0.565  37.591956    14.7569    5.94699      0.560    30.3810    22.4651 -9.990e-29
 167.590775      0.595  37.592337    14.7577    5.93060      0.590    30.3807    22.4647 -9.990e-29
 167.590781      0.628  37.592264    14.7580    5.93218      0.623    30.3804    22.4644 -9.990e-29
 167.590787      0.656  37.592207    14.7579    5.95119      0.651    30.3804    22.4644 -9.990e-29
 167.590793      0.677  37.592093    14.7577    5.96643      0.671    30.3804    22.4645 -9.990e-29
 167.590799      0.694  37.591775    14.7576    5.96263      0.688    30.3802    22.4644 -9.990e-29
 167.590804      0.706  37.591397    14.7577    5.95635      0.700    30.3798    22.4640 -9.990e-29
 167.590810      0.715  37.591582    14.7580    5.94358      0.709    30.3797    22.4639 -9.990e-29
 167.590816      0.720  37.592019    14.7586    5.94666      0.714    30.3797    22.4637 -9.990e-29
 167.590822      0.724  37.592178    14.7601    5.95081      0.718    30.3786    22.4626 -9.990e-29
 167.590828      0.725  37.592837    14.7627    5.94610      0.719    30.3772    22.4610 -9.990e-29
 167.590833      0.724  37.594317    14.7650    5.94610      0.718    30.3767    22.4601 -9.990e-29
 167.590839      0.724  37.595795    14.7663    5.96139      0.718    30.3771    22.4601 -9.990e-29
 167.590845      0.732  37.597003    14.7675    5.96544      0.726    30.3772    22.4600 -9.990e-29
 167.590851      0.741  37.598434    14.7684    5.96360      0.735    30.3778    22.4602 -9.990e-29
 167.590856      0.749  37.599759    14.7685    5.95055      0.743    30.3789    22.4611 -9.990e-29
 167.590862      0.757  37.599944    14.7685    5.94104      0.751    30.3791    22.4612 -9.990e-29
 167.590868      0.765  37.599243    14.7688    5.94894      0.759    30.3782    22.4605 -9.990e-29
 167.590874      0.772  37.598969    14.7689    5.95454      0.766    30.3779    22.4602 -9.990e-29
 167.590880      0.781  37.599324    14.7689    5.95750      0.774    30.3782    22.4604 -9.990e-29
 167.590885      0.791  37.599666    14.7691    5.94997      0.784    30.3783    22.4605 -9.990e-29
 167.590891      0.803  37.599896    14.7694    5.94613      0.796    30.3783    22.4604 -9.990e-29
 167.590897      0.817  37.600325    14.7697    5.94773      0.810    30.3784    22.4605 -9.990e-29
 167.590903      0.835  37.600971    14.7700    5.94802      0.828    30.3788    22.4607 -9.990e-29
 167.590909      0.854  37.601579    14.7703    5.95629      0.847    30.3791    22.4608 -9.990e-29
 167.590914      0.870  37.601841    14.7702    5.96247      0.863    30.3794    22.4611 -9.990e-29
 167.590920      0.888  37.601551    14.7693    5.95917      0.881    30.3798    22.4616 -9.990e-29
 167.590926      0.911  37.600891    14.7680    5.95084      0.903    30.3802    22.4622 -9.990e-29
 167.590932      0.930  37.600107    14.7667    5.95151      0.922    30.3805    22.4627 -9.990e-29
 167.590938      0.943  37.599278    14.7659    5.95173      0.935    30.3804    22.4628 -9.990e-29
 167.590943      0.954  37.598427    14.7652    5.95162      0.946    30.3802    22.4628 -9.990e-29
 167.590949      0.970  37.597549    14.7642    5.95233      0.962    30.3802    22.4630 -9.990e-29
 167.590955      0.986  37.596598    14.7633    5.95051      0.978    30.3800    22.4630 -9.990e-29
 167.590961      0.999  37.595994    14.7630    5.95669      0.991    30.3797    22.4628 -9.990e-29
 167.590966      1.014  37.596060    14.7629    5.95503      1.006    30.3798    22.4630 -9.990e-29
 167.590972      1.041  37.596326    14.7628    5.95379      1.032    30.3801    22.4632 -9.990e-29
 167.590978      1.082  37.596595    14.7624    5.94664      1.073    30.3807    22.4637 -9.990e-29
 167.590984      1.126  37.596669    14.7615    5.95013      1.117    30.3814    22.4645 -9.990e-29
 167.590990      1.163  37.596091    14.7594    5.95354      1.153    30.3825    22.4658 -9.990e-29
 167.590995      1.191  37.594653    14.7557    5.94409      1.181    30.3841    22.4678 -9.990e-29
 167.591001      1.217  37.592127    14.7511    5.94790      1.207    30.3854    22.4698 -9.990e-29
 167.591007      1.250  37.589079    14.7471    5.95880      1.240    30.3858    22.4709 -9.990e-29
 167.591013      1.298  37.586499    14.7444    5.96019      1.287    30.3856    22.4713 -9.990e-29
 167.591019      1.362  37.584878    14.7428    5.96565      1.351    30.3853    22.4714 -9.990e-29
 167.591024      1.443  37.584488    14.7418    5.95524      1.431    30.3857    22.4719 -9.990e-29
 167.591030      1.538  37.584807    14.7407    5.96375      1.525    30.3868    22.4730 -9.990e-29
 167.591036      1.643  37.584755    14.7393    6.01188      1.629    30.3879    22.4741 -9.990e-29
 167.591042      1.762  37.584243    14.7359    6.04248      1.747    30.3900    22.4765 -9.990e-29
 167.591047      1.901  37.583875    14.7250    6.05589      1.885    30.3981    22.4850 0.0000e+00
 167.591053      2.066  37.580898    14.7066    6.03375      2.049    30.4098    22.4978 0.0000e+00
 167.591059      2.258  37.574129    14.6881    5.94553      2.239    30.4181    22.5081 0.0000e+00
 167.591065      2.481  37.567982    14.6667    5.86289      2.460    30.4292    22.5211 0.0000e+00
 167.591071      2.741  37.563775    14.6220    5.79024      2.718    30.4603    22.5543 0.0000e+00
 167.591076      3.036  37.558681    14.5226    5.76475      3.011    30.5336    22.6315 0.0000e+00
 167.591082      3.361  37.550374    14.3413    5.79194      3.333    30.6691    22.7733 0.0000e+00
 167.591088      3.713  37.536730    14.1011    5.82090      3.682    30.8478    22.9602 0.0000e+00
 167.591094      4.099  37.524203    13.8671    5.87456      4.065    31.0242    23.1438 0.0000e+00
 167.591100      4.522  37.522403    13.6689    5.93880      4.484    31.1832    23.3063 0.0000e+00
 167.591105      4.978  37.515961    13.5002    5.99857      4.936    31.3149    23.4417 0.0000e+00
 167.591111      5.462  37.476032    13.3586    6.03150      5.416    31.3939    23.5308 0.0000e+00
 167.591117      5.966  37.409905    13.2587    6.03972      5.916    31.4144    23.5664 0.0000e+00
 167.591123      6.484  37.371277    13.2198    5.99692      6.430    31.4102    23.5708 0.0000e+00
 167.591128      7.019  37.408440    13.2252    5.94250      6.960    31.4403    23.5930 0.0000e+00
 167.591134      7.574  37.498546    13.2257    5.91196      7.511    31.5239    23.6576 0.0000e+00
 167.591140      8.147  37.572118    13.1815    5.90610      8.079    31.6293    23.7477 0.0000e+00
 167.591146      8.732  37.594292    13.0737    5.92076      8.659    31.7398    23.8543 0.0000e+00
 167.591152      9.326  37.553107    12.9181    5.94916      9.248    31.8314    23.9555 0.0000e+00
 167.591157      9.933  37.454764    12.7575    5.96984      9.850    31.8735    24.0192 0.0000e+00
 167.591163     10.553  37.341992    12.6140    5.99681     10.465    31.8877    24.0577 0.0000e+00
 167.591169     11.184  37.240510    12.4900    6.01847     11.090    31.8960    24.0877 0.0000e+00
 167.591175     11.821  37.150137    12.3933    6.03360     11.722    31.8916    24.1027 0.0000e+00
 167.591181     12.459  37.078219    12.3263    6.04805     12.355    31.8796    24.1060 0.0000e+00
 167.591186     13.090  37.028662    12.2769    6.03812     12.980    31.8739    24.1109 0.0000e+00
 167.591192     13.717  36.992003    12.2345    6.00874     13.602    31.8747    24.1195 0.0000e+00
 167.591198     14.336  36.960838    12.2006    5.98108     14.216    31.8734    24.1249 0.0000e+00
 167.591204     14.936  36.936211    12.1698    5.96527     14.811    31.8758    24.1325 0.0000e+00
 167.591209     15.512  36.913301    12.1219    5.95706     15.382    31.8944    24.1558 0.0000e+00
 167.591215     16.070  36.876119    12.0536    5.97055     15.935    31.9167    24.1859 0.0000e+00
 167.591221     16.620  36.823300    11.9855    5.99076     16.481    31.9239    24.2041 0.0000e+00
 167.591227     17.163  36.773009    11.9338    5.98155     17.019    31.9194    24.2102 0.0000e+00
 167.591233     17.690  36.736680    11.8985    5.95811     17.542    31.9144    24.2127 0.0000e+00
 167.591238     18.201  36.711832    11.8712    5.87602     18.048    31.9135    24.2171 0.0000e+00
 167.591244     18.702  36.691663    11.8446    5.69816     18.545    31.9166    24.2244 0.0000e+00
 167.591250     19.196  36.672253    11.8130    5.49294     19.035    31.9248    24.2366 0.0000e+00
 167.591256     19.679  36.650692    11.7595    5.26525     19.514    31.9496    24.2657 0.0000e+00
 167.591262     20.152  36.616717    11.6313    5.08093     19.983    32.0269    24.3490 0.0000e+00
 167.591267     20.620  36.535658    11.3801    4.91528     20.447    32.1655    24.5020 0.0000e+00
 167.591273     21.086  36.375692    11.0569    4.77118     20.909    32.2908    24.6569 0.0000e+00
 167.591279     21.559  36.173066    10.7710    4.64451     21.378    32.3419    24.7467 0.0000e+00
 167.591285     22.044  36.000764    10.5735    4.53849     21.859    32.3449    24.7831 0.0000e+00
 167.591291     22.527  35.888617    10.4531    4.47462     22.338    32.3394    24.7994 0.0000e+00
 167.591296     22.997  35.823296    10.3820    4.41473     22.804    32.3369    24.8096 0.0000e+00
 167.591302     23.458  35.782704    10.3358    4.33009     23.261    32.3371    24.8175 0.0000e+00
 167.591308     23.918  35.752496    10.2996    4.24804     23.717    32.3388    24.8249 0.0000e+00
 167.591314     24.381  35.728259    10.2597    4.17383     24.176    32.3497    24.8402 0.0000e+00
 167.591319     24.850  35.703444    10.1921    4.11654     24.641    32.3849    24.8790 0.0000e+00
 167.591325     25.329  35.662887    10.0755    4.06970     25.116    32.4481    24.9478 0.0000e+00
 167.591331     25.823  35.590617     9.9269    3.99097     25.606    32.5082    25.0193 0.0000e+00
 167.591337     26.330  35.497913     9.7933    3.91419     26.109    32.5343    25.0616 0.0000e+00
 167.591343     26.838  35.420378     9.6990    3.86803     26.612    32.5402    25.0817 0.0000e+00
 167.591348     27.346  35.371216     9.6318    3.83097     27.116    32.5507    25.1008 0.0000e+00
 167.591354     27.860  35.335859     9.5706    3.81987     27.626    32.5697    25.1256 0.0000e+00
 167.591360     28.382  35.300216     9.5136    3.81052     28.143    32.5848    25.1465 0.0000e+00
 167.591366     28.913  35.267199     9.4701    3.80414     28.670    32.5902    25.1578 0.0000e+00
 167.591372     29.446  35.244342     9.4393    3.79868     29.198    32.5945    25.1661 0.0000e+00
 167.591377     29.974  35.228614     9.4142    3.79114     29.722    32.6010    25.1751 0.0000e+00
 167.591383     30.491  35.214155     9.3885    3.77543     30.234    32.6093    25.1858 0.0000e+00
 167.591389     30.995  35.197362     9.3626    3.75089     30.734    32.6154    25.1947 0.0000e+00
 167.591395     31.484  35.180492     9.3427    3.73032     31.219    32.6159    25.1983 0.0000e+00
 167.591400     31.961  35.169063     9.3265    3.70655     31.692    32.6187    25.2031 0.0000e+00
 167.591406     32.424  35.160146     9.3003    3.70606     32.151    32.6332    25.2186 0.0000e+00
 167.591412     32.869  35.143514     9.2515    3.72480     32.592    32.6605    25.2476 0.0000e+00
 167.591418     33.298  35.110426     9.1873    3.75019     33.017    32.6849    25.2769 0.0000e+00
 167.591424     33.722  35.067206     9.1257    3.77969     33.438    32.6965    25.2956 0.0000e+00
 167.591429     34.151  35.028529     9.0744    3.81376     33.863    32.7033    25.3090 0.0000e+00
 167.591435     34.590  34.997742     9.0317    3.82890     34.298    32.7104    25.3212 0.0000e+00
 167.591441     35.038  34.972455     8.9925    3.83394     34.743    32.7200    25.3348 0.0000e+00
 167.591447     35.488  34.949760     8.9546    3.83022     35.189    32.7311    25.3494 0.0000e+00
 167.591453     35.939  34.928528     8.9163    3.81187     35.636    32.7440    25.3655 0.0000e+00
 167.591458     36.389  34.907338     8.8622    3.80815     36.082    32.7717    25.3956 0.0000e+00
 167.591464     36.838  34.877534     8.7807    3.79687     36.527    32.8158    25.4426 0.0000e+00
 167.591470     37.293  34.835239     8.6932    3.76911     36.978    32.8524    25.4848 0.0000e+00
 167.591476     37.756  34.792995     8.6309    3.74079     37.437    32.8658    25.5047 0.0000e+00
 167.591481     38.223  34.765085     8.5989    3.72638     37.900    32.8661    25.5098 0.0000e+00
 167.591487     38.684  34.751824     8.5844    3.72082     38.358    32.8654    25.5115 0.0000e+00
 167.591493     39.128  34.745593     8.5731    3.72596     38.798    32.8692    25.5162 0.0000e+00
 167.591499     39.542  34.739182     8.5601    3.73244     39.208    32.8744    25.5222 0.0000e+00
 167.591505     39.924  34.731309     8.5504    3.72783     39.587    32.8750    25.5241 0.0000e+00
 167.591510     40.281  34.726034     8.5455    3.72536     39.941    32.8738    25.5240 0.0000e+00
 167.591516     40.626  34.723592     8.5417    3.70985     40.283    32.8746    25.5252 0.0000e+00
 167.591522     40.970  34.721269     8.5371    3.68472     40.624    32.8763    25.5272 0.0000e+00
 167.591528     41.320  34.718751     8.5288    3.67432     40.971    32.8812    25.5323 0.0000e+00
 167.591534     41.682  34.715466     8.5140    3.65950     41.330    32.8914    25.5426 0.0000e+00
 167.591539     42.049  34.709817     8.4906    3.63939     41.694    32.9071    25.5584 0.0000e+00
 167.591545     42.418  34.700979     8.4495    3.62770     42.060    32.9360    25.5872 0.0000e+00
 167.591551     42.796  34.683877     8.3900    3.60486     42.434    32.9735    25.6255 0.0000e+00
 167.591557     43.190  34.658112     8.3245    3.58675     42.825    33.0074    25.6620 0.0000e+00
 167.591563     43.600  34.632477     8.2531    3.56721     43.232    33.0472    25.7038 0.0000e+00
 167.591568     44.012  34.606963     8.1788    3.53364     43.640    33.0899    25.7483 0.0000e+00
 167.591574     44.409  34.581157     8.1148    3.51719     44.034    33.1227    25.7835 0.0000e+00
 167.591580     44.784  34.558746     8.0554    3.50117     44.405    33.1549    25.8175 0.0000e+00
 167.591586     45.143  34.535605     7.9889    3.50220     44.761    33.1931    25.8572 0.0000e+00
 167.591591     45.495  34.511127     7.9228    3.49994     45.110    33.2295    25.8954 0.0000e+00
 167.591597     45.842  34.490775     7.8722    3.49889     45.454    33.2558    25.9234 0.0000e+00
 167.591603     46.175  34.477655     7.8458    3.48137     45.785    33.2667    25.9358 0.0000e+00
 167.591609     46.486  34.472744     7.8412    3.45357     46.093    33.2657    25.9356 0.0000e+00
 167.591615     46.778  34.474513     7.8501    3.43653     46.382    33.2589    25.9291 0.0000e+00
 167.591620     47.064  34.479130     7.8546    3.42789     46.666    33.2595    25.9288 0.0000e+00
 167.591626     47.359  34.478158     7.8381    3.42892     46.958    33.2740    25.9427 0.0000e+00
 167.591632     47.669  34.467482     7.8094    3.42697     47.266    33.2898    25.9592 0.0000e+00
 167.591638     47.991  34.455838     7.7841    3.41923     47.585    33.3013    25.9719 0.0000e+00
 167.591644     48.320  34.448983     7.7669    3.39909     47.911    33.3102    25.9814 0.0000e+00
 167.591649     48.657  34.445601     7.7561    3.39438     48.245    33.3168    25.9881 0.0000e+00
 167.591655     49.001  34.443404     7.7470    3.38456     48.586    33.3229    25.9942 0.0000e+00
 167.591661     49.348  34.439999     7.7388    3.38336     48.930    33.3270    25.9986 0.0000e+00
 167.591667     49.695  34.436434     7.7331    3.38315     49.274    33.3284    26.0005 0.0000e+00
 167.591672     50.028  34.434663     7.7303    3.37808     49.604    33.3290    26.0014 0.0000e+00
 167.591678     50.328  34.434545     7.7304    3.37535     49.902    33.3287    26.0011 0.0000e+00
 167.591684     50.578  34.435342     7.7330    3.37662     50.150    33.3269    25.9994 0.0000e+00
