data/oxygen options/OCNMS/OCNMS2/raw_data/2004/CTD_CE70_061604faed.cnv
* Sea-Bird SBE19 Data File:
* FileName = C:\WINDOWS\Desktop\put hypoxia files here\CTD files\CE\CE70m061604.hex
* Software Version 1.1.4
* Temperature SN = 2997
* Conductivity SN = 2997
* System UpLoad Time = Jun 16 2004 11:34:07
** Cape Elizabeth hypoxia June 16, 2004 70m CE-7
* SEACAT PROFILER V3.1c SN 2997   06/16/04  11:38:11.089
# nquan = 9                                 
# nvalues = 933                         
# units = specified
# name 0 = timeJ: Julian Days
# name 1 = prSM: Pressure, Strain Gauge [db]
# name 2 = c0mS/cm: Conductivity [mS/cm]
# name 3 = t090C: Temperature [ITS-90, deg C]
# name 4 = oxML/L: Oxygen, Beckman/YSI [ml/l]
# name 5 = depSM: Depth [salt water, m], lat = 47.5
# name 6 = sal00: Salinity, Practical [PSU]
# name 7 = sigma-é00: Density [sigma-theta, kg/m^3]
# name 8 = flag: flag
# span 0 = 168.435579, 168.440972       
# span 1 =     -5.416,     70.309       
# span 2 =   0.823633,  37.415375       
# span 3 =     7.4331,    15.2063       
# span 4 =   -0.05469,   30.92618       
# span 5 =     -5.371,     69.710       
# span 6 =     0.5212,    33.6501       
# span 7 =    -0.3322,    26.2960       
# span 8 = 0.0000e+00, 0.0000e+00       
# interval = seconds: 0.5
# start_time = Jun 16 2004 10:27:14 [Instrument's time stamp, header]
# bad_flag = -9.990e-29
*END*
[from data line 481]
 168.438362      0.840  36.253441    14.6899    5.85517      0.833    29.2317    21.5943 -9.990e-29
 168.438368      0.846  36.254516    14.6877    5.86557      0.839    29.2343    21.5968 -9.990e-29
 168.438374      0.857  36.256936    14.6818    5.87851      0.850    29.2409    21.6031 -9.990e-29
 168.438380      0.870  36.259451    14.6751    5.87919      0.863    29.2482    21.6101 -9.990e-29
 168.438385      0.877  36.261309    14.6712    5.87740      0.870    29.2528    21.6144 -9.990e-29
 168.438391      0.875  36.263306    14.6711    5.87405      0.868    29.2546    21.6158 -9.990e-29
 168.438397      0.866  36.267350    14.6714    5.87917      0.859    29.2580    21.6184 -9.990e-29
 168.438403      0.861  36.273770    14.6717    5.88925      0.854    29.2636    21.6226 -9.990e-29
 168.438409      0.861  36.281949    14.6737    5.87957      0.854    29.2694    21.6267 -9.990e-29
 168.438414      0.868  36.291563    14.6763    5.87521      0.861    29.2760    21.6312 -9.990e-29
 168.438420      0.882  36.298592    14.6781    5.86968      0.875    29.2810    21.6347 -9.990e-29
 168.438426      0.900  36.300054    14.6785    5.86849      0.892    29.2820    21.6354 -9.990e-29
 168.438432      0.914  36.298444    14.6770    5.86908      0.906    29.2816    21.6354 -9.990e-29
 168.438437      0.920  36.296083    14.6731    5.86712      0.912    29.2825    21.6369 -9.990e-29
 168.438443      0.919  36.293734    14.6688    5.86826      0.911    29.2836    21.6386 -9.990e-29
 168.438449      0.915  36.292173    14.6662    5.87415      0.907    29.2842    21.6396 -9.990e-29
 168.438455      0.913  36.291544    14.6659    5.88393      0.905    29.2838    21.6394 -9.990e-29
 168.438461      0.912  36.291553    14.6674    5.88671      0.904    29.2827    21.6382 -9.990e-29
 168.438466      0.912  36.291073    14.6698    5.88096      0.904    29.2805    21.6360 -9.990e-29
 168.438472      0.908  36.289449    14.6722    5.88344      0.900    29.2772    21.6330 -9.990e-29
 168.438478      0.902  36.287303    14.6744    5.88150      0.894    29.2736    21.6298 -9.990e-29
 168.438484      0.900  36.288487    14.6765    5.88297      0.892    29.2731    21.6290 -9.990e-29
 168.438490      0.902  36.295123    14.6781    5.88453      0.894    29.2779    21.6323 -9.990e-29
 168.438495      0.901  36.300904    14.6800    5.87469      0.893    29.2816    21.6348 -9.990e-29
 168.438501      0.891  36.300624    14.6828    5.87312      0.884    29.2792    21.6324 -9.990e-29
 168.438507      0.877  36.296135    14.6833    5.86835      0.870    29.2749    21.6289 -9.990e-29
 168.438513      0.867  36.291531    14.6781    5.86325      0.860    29.2746    21.6298 -9.990e-29
 168.438519      0.863  36.286826    14.6689    5.86805      0.856    29.2774    21.6338 -9.990e-29
 168.438524      0.865  36.281902    14.6609    5.87848      0.858    29.2790    21.6367 -9.990e-29
 168.438530      0.874  36.280268    14.6572    5.88427      0.867    29.2803    21.6385 -9.990e-29
 168.438536      0.886  36.282532    14.6564    5.89188      0.879    29.2829    21.6406 -9.990e-29
 168.438542      0.893  36.286648    14.6583    5.87830      0.886    29.2852    21.6420 -9.990e-29
 168.438547      0.896  36.287432    14.6623    5.86051      0.889    29.2828    21.6394 -9.990e-29
 168.438553      0.903  36.280864    14.6634    5.83891      0.895    29.2761    21.6340 -9.990e-29
 168.438559      0.915  36.270509    14.6557    5.83608      0.907    29.2726    21.6329 -9.990e-29
 168.438565      0.924  36.261612    14.6380    5.85067      0.916    29.2780    21.6406 -9.990e-29
 168.438571      0.926  36.264162    14.6161    5.87156      0.918    29.2968    21.6596 -9.990e-29
 168.438576      0.922  36.282103    14.6004    5.88263      0.914    29.3247    21.6843 -9.990e-29
 168.438582      0.915  36.298962    14.5976    5.88339      0.907    29.3419    21.6982 -9.990e-29
 168.438588      0.913  36.301869    14.6058    5.87320      0.905    29.3384    21.6937 -9.990e-29
 168.438594      0.921  36.294121    14.6172    5.86834      0.913    29.3228    21.6794 -9.990e-29
 168.438600      0.935  36.284995    14.6254    5.86947      0.927    29.3084    21.6667 -9.990e-29
 168.438605      0.947  36.281377    14.6262    5.89095      0.939    29.3046    21.6635 -9.990e-29
 168.438611      0.959  36.287401    14.6216    5.91531      0.951    29.3134    21.6713 -9.990e-29
 168.438617      0.974  36.299869    14.6234    5.91881      0.966    29.3233    21.6785 -9.990e-29
 168.438623      0.990  36.301740    14.6370    5.92062      0.982    29.3147    21.6691 -9.990e-29
 168.438628      1.008  36.286518    14.6547    5.90921      1.000    29.2877    21.6447 -9.990e-29
 168.438634      1.033  36.268660    14.6637    5.88645      1.024    29.2649    21.6253 -9.990e-29
 168.438640      1.063  36.259670    14.6564    5.85839      1.054    29.2624    21.6248 -9.990e-29
 168.438646      1.099  36.258204    14.6347    5.88735      1.090    29.2773    21.6408 -9.990e-29
 168.438652      1.152  36.262852    14.5981    5.90168      1.142    29.3091    21.6728 -9.990e-29
 168.438657      1.221  36.283722    14.5403    5.91519      1.211    29.3714    21.7327 -9.990e-29
 168.438663      1.298  36.334038    14.4648    5.93805      1.287    29.4739    21.8270 -9.990e-29
 168.438669      1.384  36.403482    14.3869    5.87237      1.372    29.5958    21.9368 -9.990e-29
 168.438675      1.484  36.468537    14.3158    5.75558      1.472    29.7090    22.0385 -9.990e-29
 168.438681      1.604  36.527310    14.2446    5.66893      1.591    29.8170    22.1362 -9.990e-29
 168.438686      1.743  36.592523    14.1376    5.66467      1.728    29.9589    22.2673 0.0000e+00
 168.438692      1.897  36.693899    13.9377    5.73407      1.881    30.2074    22.4992 0.0000e+00
 168.438698      2.068  36.871245    13.6604    5.83562      2.051    30.5898    22.8497 0.0000e+00
 168.438704      2.258  37.083383    13.4084    5.92767      2.239    30.9891    23.2080 0.0000e+00
 168.438709      2.471  37.237349    13.2296    5.99584      2.450    31.2786    23.4670 0.0000e+00
 168.438715      2.706  37.325794    13.1061    6.06570      2.683    31.4632    23.6339 0.0000e+00
 168.438721      2.962  37.380765    13.0293    6.10861      2.937    31.5785    23.7381 0.0000e+00
 168.438727      3.238  37.407082    12.9893    6.13581      3.211    31.6365    23.7907 0.0000e+00
 168.438733      3.534  37.414558    12.9695    6.14311      3.504    31.6600    23.8127 0.0000e+00
 168.438738      3.853  37.415375    12.9582    6.14768      3.821    31.6701    23.8228 0.0000e+00
 168.438744      4.197  37.413405    12.9491    6.16256      4.162    31.6757    23.8289 0.0000e+00
 168.438750      4.566  37.409369    12.9386    6.17353      4.528    31.6805    23.8347 0.0000e+00
 168.438756      4.954  37.402911    12.9240    6.19138      4.913    31.6865    23.8421 0.0000e+00
 168.438762      5.356  37.392134    12.9012    6.22296      5.311    31.6953    23.8534 0.0000e+00
 168.438767      5.776  37.374424    12.8698    6.25505      5.728    31.7047    23.8668 0.0000e+00
 168.438773      6.220  37.352510    12.8311    6.28038      6.168    31.7163    23.8832 0.0000e+00
 168.438779      6.684  37.329121    12.7841    6.28387      6.628    31.7335    23.9056 0.0000e+00
 168.438785      7.166  37.304459    12.7343    6.24888      7.106    31.7519    23.9294 0.0000e+00
 168.438791      7.660  37.284317    12.6863    6.19224      7.596    31.7730    23.9550 0.0000e+00
 168.438796      8.164  37.266489    12.6305    6.14659      8.096    31.8030    23.9889 0.0000e+00
 168.438802      8.681  37.237833    12.5460    6.11197      8.608    31.8470    24.0391 0.0000e+00
 168.438808      9.213  37.183672    12.4157    6.10656      9.136    31.9057    24.1093 0.0000e+00
 168.438814      9.750  37.092902    12.2493    6.11120      9.668    31.9603    24.1830 0.0000e+00
 168.438819     10.285  36.975148    12.0799    6.10927     10.199    31.9919    24.2392 0.0000e+00
 168.438825     10.822  36.857321    11.9299    6.10656     10.731    32.0068    24.2785 0.0000e+00
 168.438831     11.360  36.753889    11.7981    6.09012     11.265    32.0199    24.3129 0.0000e+00
 168.438837     11.890  36.659812    11.6761    6.06105     11.790    32.0335    24.3458 0.0000e+00
 168.438843     12.412  36.569065    11.5618    6.02679     12.308    32.0438    24.3746 0.0000e+00
 168.438848     12.933  36.483431    11.4583    5.98990     12.825    32.0497    24.3978 0.0000e+00
 168.438854     13.462  36.408145    11.3524    5.95786     13.349    32.0677    24.4308 0.0000e+00
 168.438860     14.001  36.333075    11.2181    5.90840     13.884    32.1107    24.4882 0.0000e+00
 168.438866     14.546  36.234363    11.0655    5.80921     14.424    32.1465    24.5431 0.0000e+00
 168.438872     15.093  36.120554    10.9261    5.70184     14.966    32.1559    24.5748 0.0000e+00
 168.438877     15.639  36.019868    10.8038    5.60965     15.508    32.1633    24.6019 0.0000e+00
 168.438883     16.176  35.933156    10.6772    5.56536     16.040    32.1883    24.6432 0.0000e+00
 168.438889     16.698  35.844572    10.5207    5.55968     16.558    32.2379    24.7087 0.0000e+00
 168.438895     17.205  35.736340    10.3479    5.56240     17.061    32.2824    24.7728 0.0000e+00
 168.438900     17.695  35.615510    10.2143    5.56874     17.547    32.2796    24.7930 0.0000e+00
 168.438906     18.165  35.522227    10.1430    5.58415     18.013    32.2488    24.7810 0.0000e+00
 168.438912     18.610  35.472801    10.1081    5.60463     18.454    32.2298    24.7720 0.0000e+00
 168.438918     19.029  35.446145    10.0844    5.61589     18.869    32.2238    24.7713 0.0000e+00
 168.438924     19.431  35.425754    10.0643    5.63493     19.268    32.2210    24.7724 0.0000e+00
 168.438929     19.828  35.409092    10.0489    5.64839     19.662    32.2177    24.7723 0.0000e+00
 168.438935     20.225  35.396912    10.0385    5.68193     20.055    32.2145    24.7716 0.0000e+00
 168.438941     20.622  35.388652    10.0317    5.72103     20.449    32.2120    24.7708 0.0000e+00
 168.438947     21.008  35.382250    10.0295    5.73925     20.832    32.2073    24.7675 0.0000e+00
 168.438953     21.370  35.378682    10.0309    5.75169     21.191    32.2023    24.7634 0.0000e+00
 168.438958     21.706  35.377655    10.0311    5.72959     21.524    32.2009    24.7623 0.0000e+00
 168.438964     22.019  35.374979    10.0254    5.67756     21.834    32.2032    24.7650 0.0000e+00
 168.438970     22.318  35.367630    10.0091    5.64073     22.131    32.2101    24.7731 0.0000e+00
 168.438976     22.611  35.353645     9.9784    5.62800     22.421    32.2232    24.7884 0.0000e+00
 168.438981     22.909  35.331740     9.9230    5.64746     22.717    32.2504    24.8187 0.0000e+00
 168.438987     23.218  35.293993     9.8448    5.67432     23.023    32.2819    24.8561 0.0000e+00
 168.438993     23.529  35.240517     9.7759    5.68604     23.331    32.2891    24.8730 0.0000e+00
 168.438999     23.821  35.195858     9.7393    5.69101     23.621    32.2763    24.8690 0.0000e+00
 168.439005     24.085  35.174448     9.7302    5.70089     23.883    32.2625    24.8597 0.0000e+00
 168.439010     24.318  35.169574     9.7324    5.69798     24.114    32.2555    24.8539 0.0000e+00
 168.439016     24.532  35.169110     9.7289    5.67581     24.326    32.2581    24.8565 0.0000e+00
 168.439022     24.741  35.162327     9.7154    5.64367     24.533    32.2632    24.8627 0.0000e+00
 168.439028     24.961  35.150822     9.6955    5.61265     24.751    32.2692    24.8706 0.0000e+00
 168.439034     25.204  35.138303     9.6647    5.56570     24.992    32.2840    24.8871 0.0000e+00
 168.439039     25.462  35.119832     9.6156    5.51854     25.248    32.3091    24.9147 0.0000e+00
 168.439045     25.735  35.090945     9.5518    5.48036     25.519    32.3369    24.9467 0.0000e+00
 168.439051     26.027  35.055153     9.4836    5.44940     25.808    32.3617    24.9770 0.0000e+00
 168.439057     26.336  35.015729     9.4208    5.42438     26.115    32.3778    24.9996 0.0000e+00
 168.439063     26.660  34.976146     9.3710    5.41143     26.436    32.3821    25.0109 0.0000e+00
 168.439068     27.002  34.944148     9.3334    5.38925     26.775    32.3830    25.0176 0.0000e+00
 168.439074     27.362  34.921333     9.3023    5.36668     27.132    32.3876    25.0261 0.0000e+00
 168.439080     27.734  34.905292     9.2764    5.35361     27.501    32.3943    25.0355 0.0000e+00
 168.439086     28.107  34.893683     9.2571    5.30564     27.871    32.3997    25.0428 0.0000e+00
 168.439091     28.471  34.884460     9.2434    5.26404     28.231    32.4025    25.0471 0.0000e+00
 168.439097     28.822  34.877068     9.2304    5.23220     28.579    32.4065    25.0523 0.0000e+00
 168.439103     29.170  34.869478     9.2094    5.20673     28.925    32.4176    25.0643 0.0000e+00
 168.439109     29.524  34.857716     9.1708    5.18396     29.275    32.4404    25.0881 0.0000e+00
 168.439115     29.891  34.836735     9.1171    5.16577     29.639    32.4674    25.1177 0.0000e+00
 168.439120     30.267  34.807692     9.0660    5.13833     30.012    32.4837    25.1385 0.0000e+00
 168.439126     30.642  34.781175     9.0273    5.10231     30.384    32.4914    25.1505 0.0000e+00
 168.439132     31.014  34.762164     8.9968    5.08310     30.753    32.4994    25.1615 0.0000e+00
 168.439138     31.390  34.747710     8.9728    5.05343     31.126    32.5061    25.1705 0.0000e+00
 168.439144     31.772  34.738700     8.9561    5.03450     31.504    32.5119    25.1776 0.0000e+00
 168.439149     32.154  34.734311     8.9432    5.02023     31.883    32.5190    25.1851 0.0000e+00
 168.439155     32.532  34.729231     8.9286    4.99896     32.258    32.5269    25.1936 0.0000e+00
 168.439161     32.906  34.721149     8.9120    4.99450     32.629    32.5335    25.2014 0.0000e+00
 168.439167     33.285  34.711043     8.8975    4.99272     33.005    32.5361    25.2056 0.0000e+00
 168.439172     33.679  34.701678     8.8864    4.99140     33.395    32.5363    25.2075 0.0000e+00
 168.439178     34.096  34.694560     8.8755    4.97595     33.809    32.5387    25.2111 0.0000e+00
 168.439184     34.533  34.688028     8.8617    4.97531     34.242    32.5444    25.2177 0.0000e+00
 168.439190     34.988  34.679521     8.8455    4.96560     34.693    32.5502    25.2247 0.0000e+00
 168.439196     35.454  34.668328     8.8283    4.96841     35.155    32.5541    25.2304 0.0000e+00
 168.439201     35.920  34.655761     8.8089    4.97866     35.617    32.5586    25.2369 0.0000e+00
 168.439207     36.371  34.641860     8.7866    4.98007     36.064    32.5644    25.2448 0.0000e+00
 168.439213     36.794  34.626571     8.7621    4.99815     36.484    32.5707    25.2536 0.0000e+00
 168.439219     37.181  34.609669     8.7312    4.98837     36.867    32.5813    25.2666 0.0000e+00
 168.439225     37.535  34.587094     8.6942    4.97478     37.218    32.5916    25.2803 0.0000e+00
 168.439230     37.867  34.560681     8.6591    4.95781     37.548    32.5961    25.2892 0.0000e+00
 168.439236     38.188  34.537798     8.6238    4.93484     37.866    32.6046    25.3012 0.0000e+00
 168.439242     38.505  34.515940     8.5736    4.93095     38.180    32.6278    25.3270 0.0000e+00
 168.439248     38.823  34.486122     8.5034    4.93104     38.495    32.6613    25.3638 0.0000e+00
 168.439253     39.144  34.450051     8.4319    4.92559     38.814    32.6894    25.3966 0.0000e+00
 168.439259     39.468  34.421835     8.3805    4.92544     39.135    32.7073    25.4182 0.0000e+00
 168.439265     39.780  34.406988     8.3534    4.89370     39.444    32.7166    25.4296 0.0000e+00
 168.439271     40.057  34.400816     8.3468    4.86503     39.719    32.7161    25.4302 0.0000e+00
 168.439277     40.283  34.399550     8.3551    4.84456     39.943    32.7070    25.4218 0.0000e+00
