data/oxygen options/OCNMS/OCNMS2/raw_data/2004/CTD_CE50_090704faed.cnv
* Sea-Bird SBE19 Data File:
* FileName = C:\WINDOWS\Desktop\put hypoxia files here\CTD data\September 07_0804\CE\Raw\CE50_090704.hex
* Software Version 1.1.4
* Temperature SN = 2997
* Conductivity SN = 2997
* System UpLoad Time = Sep 07 2004 16:06:15
* SEACAT PROFILER V3.1c SN 2997   09/07/04  16:08:48.828
* strain gauge pressure sensor: S/N = 184829,  range = 3000 psia,  tc = 40
# nquan = 9                                 
# nvalues = 688                         
# units = specified
# name 0 = timeJ: Julian Days
# name 1 = prSM: Pressure, Strain Gauge [db]
# name 2 = c0mS/cm: Conductivity [mS/cm]
# name 3 = t090C: Temperature [ITS-90, deg C]
# name 4 = oxML/L: Oxygen, Beckman/YSI [ml/l]
# name 5 = depSM: Depth [salt water, m], lat = 47.5
# name 6 = sal00: Salinity, Practical [PSU]
# name 7 = sigma-é00: Density [sigma-theta, kg/m^3]
# name 8 = flag: flag
# span 0 = 251.570579, 251.574554       
# span 1 =     -4.778,     50.045       
# span 2 =   0.695102,  40.803927       
# span 3 =     7.5606,    17.0271       
# span 4 =   -0.04205,   26.79486       
# span 5 =     -4.738,     49.621       
# span 6 =     0.4165,    33.6680       
# span 7 =    -0.7046,    26.2918       
# span 8 = 0.0000e+00, 0.0000e+00       
# interval = seconds: 0.5
# start_time = Sep 07 2004 13:41:38 [Instrument's time stamp, header]
# bad_flag = -9.990e-29
*END*
[from data line 641]
 251.574288      6.862  39.179274    15.0939    7.06925      6.805    31.5362    23.2832 0.0000e+00
 251.574294      6.381  39.326494    15.3677    7.26359      6.328    31.4481    23.1564 0.0000e+00
 251.574300      5.910  39.432258    15.5581    7.34930      5.861    31.3903    23.0705 0.0000e+00
 251.574306      5.450  39.523220    15.7158    7.32738      5.404    31.3456    23.0016 0.0000e+00
 251.574311      4.997  39.624219    15.8635    7.23358      4.955    31.3179    22.9477 0.0000e+00
 251.574317      4.564  39.730820    15.9955    7.12307      4.526    31.3075    22.9105 0.0000e+00
 251.574323      4.167  39.820807    16.0990    7.02188      4.132    31.3050    22.8855 0.0000e+00
 251.574329      3.816  39.883474    16.1693    6.95057      3.784    31.3046    22.8695 0.0000e+00
 251.574334      3.517  39.921615    16.2124    6.92739      3.488    31.3042    22.8594 0.0000e+00
 251.574340      3.270  39.942346    16.2370    6.94985      3.243    31.3030    22.8530 0.0000e+00
 251.574346      3.061  39.954806    16.2498    6.95945      3.035    31.3039    22.8508 0.0000e+00
 251.574352      2.879  39.961028    16.2711    6.92303      2.855    31.2927    22.8374 0.0000e+00
 251.574358      2.712  39.978850    16.3298    6.88418      2.689    31.2622    22.8008 0.0000e+00
 251.574363      2.549  40.041012    16.4355    6.82221      2.528    31.2336    22.7550 0.0000e+00
 251.574369      2.379  40.160826    16.5557    6.70281      2.359    31.2438    22.7356 0.0000e+00
 251.574375      2.206  40.294948    16.6393    6.59341      2.188    31.2948    22.7556 0.0000e+00
 251.574381      2.042  40.375923    16.6795    6.51413      2.025    31.3335    22.7761 0.0000e+00
 251.574387      1.892  40.407947    16.7037    6.39797      1.876    31.3423    22.7773 0.0000e+00
 251.574392      1.749  40.430370    16.7279    5.87464      1.734    31.3428    22.7722 0.0000e+00
 251.574398      1.614  40.456261    16.7584    5.51017      1.601    31.3414    22.7641 0.0000e+00
 251.574404      1.481  40.494894    16.7965    5.33138      1.469    31.3451    22.7582 0.0000e+00
 251.574410      1.342  40.540552    16.8349    6.26424      1.331    31.3546    22.7566 0.0000e+00
 251.574416      1.194  40.572758    16.8548    6.41478      1.184    31.3668    22.7614 0.0000e+00
 251.574421      1.043  40.572179    16.8227    6.42696      1.034    31.3915    22.7877 0.0000e+00
 251.574427      0.906  40.520661    16.7341    6.42222      0.898    31.4163    22.8271 -9.990e-29
 251.574433      0.795  40.426392    16.6243    6.48651      0.788    31.4208    22.8556 -9.990e-29
 251.574439      0.711  40.298342    16.5114    6.54645      0.705    31.3984    22.8641 -9.990e-29
 251.574444      0.647  40.101540    16.3972    6.65761      0.642    31.3169    22.8275 -9.990e-29
 251.574450      0.592  39.723368    16.2955    6.75498      0.587    31.0672    22.6588 -9.990e-29
 251.574456      0.543  38.799843    16.2136    6.78413      0.538    30.3264    22.1087 -9.990e-29
 251.574462      0.498  36.198324    16.1463    6.78976      0.494    28.1231    20.4338 -9.990e-29
 251.574468      0.458  28.540429    16.0947    6.74970      0.454    21.6564    15.4933 -9.990e-29
 251.574473      0.428  16.929799    16.0634    6.71602      0.424    12.2459     8.3094 -9.990e-29
 251.574479      0.412   8.777113    16.0472    6.68093      0.409     6.0231     3.5584 -9.990e-29
 251.574485      0.403   5.607030    16.0383    6.61579      0.400     3.7273     1.8029 -9.990e-29
 251.574491      0.398   4.367457    16.0321    6.58791      0.395     2.8562     1.1363 -9.990e-29
 251.574497      0.395   3.921670    16.0262    6.59288      0.392     2.5476     0.9006 -9.990e-29
 251.574502      0.390   3.881544    16.0203 -9.990e-29      0.387     2.5203     0.8807 -9.990e-29
 251.574508      0.383   4.006185    16.0152 -9.990e-29      0.380     2.6067     0.9478 -9.990e-29
 251.574514      0.373   3.953592    16.0113 -9.990e-29      0.370     2.5706     0.9208 -9.990e-29
 251.574520      0.356   3.662006    16.0074 -9.990e-29      0.353     2.3700     0.7675 -9.990e-29
 251.574525      0.335   3.349209    16.0027 -9.990e-29      0.332     2.1560     0.6041 -9.990e-29
 251.574531      0.309   3.185741    15.9977 -9.990e-29      0.306     2.0449     0.5196 -9.990e-29
 251.574537      0.283   3.140430    15.9929 -9.990e-29      0.281     2.0144     0.4969 -9.990e-29
 251.574543      0.274   3.151750    15.9890 -9.990e-29      0.272     2.0223     0.5036 -9.990e-29
 251.574549      0.278   3.184211    15.9873 -9.990e-29      0.276     2.0444     0.5209 -9.990e-29
 251.574554      0.280   3.176041 -9.990e-29 -9.990e-29      0.278 -9.990e-29 -9.990e-29 -9.990e-29
