data/oxygen options/OCNMS/OCNMS2/raw_data/2004/CTD_CE80_061604faed.cnv
* Sea-Bird SBE19 Data File:
* FileName = C:\WINDOWS\Desktop\put hypoxia files here\CTD files\CE\CE80m061604.hex
* Software Version 1.1.4
* Temperature SN = 2997
* Conductivity SN = 2997
* System UpLoad Time = Jun 16 2004 11:36:30
** Cape Elizabeth hypoxia June 16, 2004 80m CE-8
* SEACAT PROFILER V3.1c SN 2997   06/16/04  11:40:25.501
# nquan = 9                                 
# nvalues = 879                         
# units = specified
# name 0 = timeJ: Julian Days
# name 1 = prSM: Pressure, Strain Gauge [db]
# name 2 = c0mS/cm: Conductivity [mS/cm]
# name 3 = t090C: Temperature [ITS-90, deg C]
# name 4 = oxML/L: Oxygen, Beckman/YSI [ml/l]
# name 5 = depSM: Depth [salt water, m], lat = 47.5
# name 6 = sal00: Salinity, Practical [PSU]
# name 7 = sigma-é00: Density [sigma-theta, kg/m^3]
# name 8 = flag: flag
# span 0 = 168.446250, 168.451331       
# span 1 =     -5.397,     81.867       
# span 2 =   0.336315,  37.168137       
# span 3 =     7.3690,    14.9037       
# span 4 =   -0.05468,   30.77424       
# span 5 =     -5.352,     81.168       
# span 6 =     0.2058,    33.7264       
# span 7 =    -0.6045,    26.3655       
# span 8 = 0.0000e+00, 0.0000e+00       
# interval = seconds: 0.5
# start_time = Jun 16 2004 10:42:36 [Instrument's time stamp, header]
# bad_flag = -9.990e-29
*END*
[from data line 321]
 168.448108      0.400  36.678607    14.4595    5.88280      0.397    29.7889    22.0707 -9.990e-29
 168.448113      0.390  36.677005    14.4510    5.88189      0.387    29.7939    22.0763 -9.990e-29
 168.448119      0.386  36.674401    14.4469    5.87602      0.383    29.7947    22.0778 -9.990e-29
 168.448125      0.388  36.672939    14.4514    5.87352      0.385    29.7900    22.0732 -9.990e-29
 168.448131      0.392  36.674045    14.4594    5.88617      0.389    29.7848    22.0676 -9.990e-29
 168.448137      0.403  36.675836    14.4651    5.89793      0.400    29.7821    22.0643 -9.990e-29
 168.448142      0.417  36.675664    14.4675    5.89830      0.414    29.7801    22.0623 -9.990e-29
 168.448148      0.426  36.674431    14.4689    5.87811      0.422    29.7779    22.0603 -9.990e-29
 168.448154      0.435  36.674432    14.4711    5.86040      0.431    29.7762    22.0585 -9.990e-29
 168.448160      0.446  36.675677    14.4732    5.85606      0.442    29.7757    22.0577 -9.990e-29
 168.448166      0.453  36.677032    14.4708    5.87725      0.449    29.7787    22.0606 -9.990e-29
 168.448171      0.458  36.677509    14.4646    5.88714      0.454    29.7839    22.0658 -9.990e-29
 168.448177      0.460  36.677196    14.4608    5.89164      0.456    29.7866    22.0686 -9.990e-29
 168.448183      0.461  36.676804    14.4608    5.89364      0.457    29.7862    22.0684 -9.990e-29
 168.448189      0.460  36.676941    14.4651    5.88612      0.456    29.7830    22.0650 -9.990e-29
 168.448194      0.456  36.677801    14.4751    5.88579      0.452    29.7761    22.0577 -9.990e-29
 168.448200      0.455  36.679417    14.4866    5.87486      0.451    29.7688    22.0496 -9.990e-29
 168.448206      0.461  36.681711    14.4942    5.86834      0.457    29.7650    22.0452 -9.990e-29
 168.448212      0.468  36.683827    14.4976    5.87463      0.464    29.7643    22.0439 -9.990e-29
 168.448218      0.475  36.685234    14.4983    5.87805      0.471    29.7650    22.0444 -9.990e-29
 168.448223      0.480  36.686139    14.4972    5.88137      0.476    29.7667    22.0459 -9.990e-29
 168.448229      0.484  36.687196    14.4954    5.88251      0.480    29.7690    22.0480 -9.990e-29
 168.448235      0.488  36.688703    14.4941    5.88594      0.484    29.7714    22.0501 -9.990e-29
 168.448241      0.492  36.690435    14.4947    5.87879      0.488    29.7725    22.0508 -9.990e-29
 168.448247      0.496  36.691909    14.5007    5.87043      0.492    29.7692    22.0471 -9.990e-29
 168.448252      0.500  36.692854    14.5114    5.87026      0.496    29.7618    22.0392 -9.990e-29
 168.448258      0.505  36.693979    14.5195    5.87315      0.501    29.7566    22.0336 -9.990e-29
 168.448264      0.511  36.695674    14.5215    5.87809      0.507    29.7566    22.0331 -9.990e-29
 168.448270      0.518  36.696845    14.5186    5.87788      0.514    29.7599    22.0363 -9.990e-29
 168.448275      0.522  36.696824    14.5116    5.86967      0.518    29.7653    22.0418 -9.990e-29
 168.448281      0.520  36.696714    14.5038    5.87200      0.516    29.7711    22.0479 -9.990e-29
 168.448287      0.515  36.696936    14.5009    5.87758      0.511    29.7736    22.0504 -9.990e-29
 168.448293      0.512  36.697797    14.5039    5.88546      0.508    29.7720    22.0486 -9.990e-29
 168.448299      0.510  36.699891    14.5101    5.88873      0.506    29.7692    22.0451 -9.990e-29
 168.448304      0.509  36.702095    14.5147    5.87985      0.505    29.7676    22.0430 -9.990e-29
 168.448310      0.509  36.703432    14.5133    5.86116      0.505    29.7699    22.0450 -9.990e-29
 168.448316      0.511  36.704015    14.5086    5.85051      0.507    29.7740    22.0492 -9.990e-29
 168.448322      0.514  36.704631    14.5033    5.87027      0.510    29.7787    22.0538 -9.990e-29
 168.448328      0.518  36.706674    14.4944    5.89021      0.514    29.7873    22.0623 -9.990e-29
 168.448333      0.524  36.709510    14.4840    5.90112      0.520    29.7979    22.0726 -9.990e-29
 168.448339      0.533  36.711324    14.4789    5.89857      0.529    29.8034    22.0779 -9.990e-29
 168.448345      0.544  36.711737    14.4793    5.87781      0.539    29.8035    22.0779 -9.990e-29
 168.448351      0.558  36.711308    14.4825    5.83967      0.553    29.8006    22.0750 -9.990e-29
 168.448356      0.572  36.711155    14.4850    5.81818      0.567    29.7986    22.0729 -9.990e-29
 168.448362      0.583  36.712016    14.4791    5.82442      0.578    29.8039    22.0782 -9.990e-29
 168.448368      0.591  36.713360    14.4517    5.86507      0.586    29.8261    22.1010 -9.990e-29
 168.448374      0.597  36.713979    14.4061    5.91018      0.592    29.8618    22.1378 -9.990e-29
 168.448380      0.602  36.712997    14.3765    5.91782      0.597    29.8837    22.1608 -9.990e-29
 168.448385      0.604  36.711135    14.3879    5.90912      0.599    29.8732    22.1504 -9.990e-29
 168.448391      0.606  36.709805    14.4272    5.87504      0.601    29.8418    22.1181 -9.990e-29
 168.448397      0.606  36.709451    14.4632    5.86837      0.601    29.8138    22.0891 -9.990e-29
 168.448403      0.605  36.710144    14.4776    5.87559      0.600    29.8033    22.0781 -9.990e-29
 168.448409      0.602  36.711114    14.4741    5.89222      0.597    29.8069    22.0816 -9.990e-29
 168.448414      0.602  36.711398    14.4653    5.89767      0.597    29.8139    22.0888 -9.990e-29
 168.448420      0.610  36.711358    14.4619    5.88049      0.605    29.8165    22.0915 -9.990e-29
 168.448426      0.620  36.711479    14.4664    5.86910      0.615    29.8131    22.0880 -9.990e-29
 168.448432      0.626  36.711900    14.4729    5.86910      0.621    29.8085    22.0831 -9.990e-29
 168.448438      0.624  36.712600    14.4747    5.87978      0.619    29.8078    22.0821 -9.990e-29
 168.448443      0.617  36.713372    14.4705    5.89504      0.612    29.8117    22.0860 -9.990e-29
 168.448449      0.614  36.714667    14.4657    5.90820      0.609    29.8165    22.0907 -9.990e-29
 168.448455      0.615  36.716510    14.4669    5.89840      0.610    29.8173    22.0911 -9.990e-29
 168.448461      0.610  36.717411    14.4762    5.87996      0.605    29.8110    22.0843 -9.990e-29
 168.448466      0.600  36.717988    14.4899    5.86836      0.595    29.8010    22.0738 -9.990e-29
 168.448472      0.593  36.720671    14.4970    5.86757      0.588    29.7979    22.0700 -9.990e-29
 168.448478      0.593  36.723414    14.4917    5.88547      0.588    29.8045    22.0761 -9.990e-29
 168.448484      0.595  36.723686    14.4826    5.90101      0.590    29.8117    22.0835 -9.990e-29
 168.448490      0.594  36.723514    14.4785    5.89148      0.589    29.8147    22.0867 -9.990e-29
 168.448495      0.597  36.723770    14.4801    5.88336      0.592    29.8137    22.0856 -9.990e-29
 168.448501      0.601  36.723649    14.4854    5.87644      0.596    29.8095    22.0813 -9.990e-29
 168.448507      0.604  36.724091    14.4923    5.87617      0.599    29.8046    22.0761 -9.990e-29
 168.448513      0.610  36.725665    14.4962    5.88193      0.605    29.8030    22.0741 -9.990e-29
 168.448519      0.624  36.727087    14.4959    5.88780      0.619    29.8045    22.0753 -9.990e-29
 168.448524      0.641  36.726869    14.4949    5.88303      0.636    29.8051    22.0759 -9.990e-29
 168.448530      0.656  36.725824    14.4946    5.88573      0.651    29.8044    22.0754 -9.990e-29
 168.448536      0.663  36.725902    14.4946    5.88012      0.657    29.8045    22.0755 -9.990e-29
 168.448542      0.669  36.726625    14.4947    5.87654      0.663    29.8050    22.0759 -9.990e-29
 168.448547      0.678  36.727255    14.4946    5.88490      0.672    29.8057    22.0764 -9.990e-29
 168.448553      0.686  36.728051    14.4945    5.88055      0.680    29.8065    22.0771 -9.990e-29
 168.448559      0.688  36.728932    14.4939    5.88152      0.682    29.8077    22.0782 -9.990e-29
 168.448565      0.687  36.729931    14.4916    5.87989      0.681    29.8104    22.0807 -9.990e-29
 168.448571      0.681  36.730676    14.4884    5.88349      0.675    29.8135    22.0837 -9.990e-29
 168.448576      0.674  36.731021    14.4874    5.88034      0.668    29.8146    22.0848 -9.990e-29
 168.448582      0.670  36.731404    14.4879    5.86964      0.664    29.8146    22.0847 -9.990e-29
 168.448588      0.668  36.731755    14.4881    5.87375      0.662    29.8147    22.0847 -9.990e-29
 168.448594      0.670  36.731961    14.4870    5.87290      0.664    29.8158    22.0858 -9.990e-29
 168.448600      0.674  36.732275    14.4832    5.87239      0.668    29.8190    22.0890 -9.990e-29
 168.448605      0.686  36.732536    14.4788    5.88121      0.680    29.8226    22.0927 -9.990e-29
 168.448611      0.706  36.732511    14.4780    5.88881      0.700    29.8232    22.0933 -9.990e-29
 168.448617      0.731  36.732147    14.4814    5.90444      0.725    29.8202    22.0903 -9.990e-29
 168.448623      0.763  36.732058    14.4876    5.92527      0.757    29.8153    22.0853 -9.990e-29
 168.448628      0.799  36.733226    14.4951    5.97608      0.792    29.8106    22.0802 -9.990e-29
 168.448634      0.838  36.735507    14.5007    6.04492      0.831    29.8084    22.0773 -9.990e-29
 168.448640      0.882  36.737998    14.5019    6.05177      0.875    29.8097    22.0780 -9.990e-29
 168.448646      0.937  36.739514    14.4967    6.00911      0.929    29.8150    22.0832 -9.990e-29
 168.448652      1.013  36.740374    14.4746    5.92114      1.005    29.8328    22.1014 -9.990e-29
 168.448657      1.104  36.743948    14.4137    5.77399      1.095    29.8828    22.1525 -9.990e-29
 168.448663      1.209  36.754422    14.2999    5.58415      1.199    29.9802    22.2508 -9.990e-29
 168.448669      1.334  36.789665    14.1331    5.48519      1.323    30.1420    22.4093 0.0000e+00
 168.448675      1.482  36.883738    13.8829    5.50705      1.470    30.4246    22.6778 0.0000e+00
 168.448681      1.655  37.025749    13.5012    5.61410      1.641    30.8606    23.0905 0.0000e+00
 168.448686      1.850  37.139153    13.0402    5.77811      1.835    31.3430    23.5537 0.0000e+00
 168.448692      2.068  37.168137    12.6523    5.92621      2.051    31.6937    23.8999 0.0000e+00
 168.448698      2.317  37.132749    12.4211    6.05464      2.298    31.8552    24.0690 0.0000e+00
 168.448704      2.605  37.084407    12.3100    6.13857      2.583    31.9034    24.1273 0.0000e+00
 168.448709      2.924  37.048302    12.2585    6.17329      2.900    31.9125    24.1441 0.0000e+00
 168.448715      3.266  37.023353    12.2365    6.17231      3.239    31.9072    24.1441 0.0000e+00
 168.448721      3.629  37.006551    12.2354    6.14149      3.599    31.8919    24.1324 0.0000e+00
 168.448727      4.016  36.999582    12.2382    6.14244      3.982    31.8827    24.1248 0.0000e+00
 168.448733      4.422  36.995373    12.2222    6.15732      4.385    31.8921    24.1351 0.0000e+00
 168.448738      4.842  36.979319    12.1910    6.19212      4.802    31.9031    24.1495 0.0000e+00
 168.448744      5.277  36.952430    12.1609    6.23655      5.233    31.9028    24.1549 0.0000e+00
 168.448750      5.726  36.925941    12.1375    6.25026      5.678    31.8972    24.1549 0.0000e+00
 168.448756      6.181  36.904886    12.1239    6.25033      6.129    31.8884    24.1506 0.0000e+00
 168.448762      6.638  36.891449    12.1246    6.24543      6.582    31.8747    24.1398 0.0000e+00
 168.448767      7.092  36.888439    12.1346    6.24262      7.033    31.8631    24.1290 0.0000e+00
 168.448773      7.536  36.892939    12.1307    6.26064      7.473    31.8705    24.1355 0.0000e+00
 168.448779      7.971  36.887932    12.0935    6.26843      7.904    31.8973    24.1632 0.0000e+00
 168.448785      8.396  36.858311    12.0291    6.23941      8.326    31.9237    24.1956 0.0000e+00
 168.448791      8.815  36.806063    11.9545    6.16981      8.741    31.9370    24.2198 0.0000e+00
 168.448796      9.231  36.742260    11.8845    6.03317      9.154    31.9352    24.2313 0.0000e+00
 168.448802      9.650  36.682189    11.8161    5.91514      9.569    31.9356    24.2442 0.0000e+00
 168.448808     10.072  36.626483    11.7200    5.87019      9.988    31.9641    24.2839 0.0000e+00
 168.448814     10.500  36.548506    11.5635    5.86715     10.412    32.0231    24.3581 0.0000e+00
 168.448819     10.934  36.422774    11.3517    5.86797     10.842    32.0837    24.4433 0.0000e+00
 168.448825     11.373  36.256025    11.1436    5.84447     11.278    32.1010    24.4938 0.0000e+00
 168.448831     11.809  36.095626    11.0017    5.81455     11.710    32.0665    24.4920 0.0000e+00
 168.448837     12.240  35.993464    10.9332    5.78563     12.137    32.0252    24.4718 0.0000e+00
 168.448843     12.664  35.951772    10.8937    5.74506     12.558    32.0183    24.4733 0.0000e+00
 168.448848     13.078  35.926132    10.8421    5.70464     12.968    32.0378    24.4975 0.0000e+00
 168.448854     13.486  35.883452    10.7737    5.63728     13.373    32.0552    24.5229 0.0000e+00
 168.448860     13.898  35.831288    10.6985    5.54851     13.782    32.0691    24.5467 0.0000e+00
 168.448866     14.319  35.783053    10.6205    5.45179     14.199    32.0895    24.5760 0.0000e+00
 168.448872     14.744  35.741691    10.5341    5.34693     14.620    32.1241    24.6177 0.0000e+00
 168.448877     15.176  35.700802    10.4207    5.25120     15.049    32.1831    24.6830 0.0000e+00
 168.448883     15.624  35.636116    10.2699    5.14537     15.493    32.2517    24.7619 0.0000e+00
 168.448889     16.087  35.529762    10.1129    5.02992     15.952    32.2841    24.8135 0.0000e+00
 168.448895     16.553  35.412040     9.9867    4.94432     16.414    32.2776    24.8293 0.0000e+00
 168.448900     17.015  35.327234     9.8812    4.89927     16.872    32.2857    24.8531 0.0000e+00
 168.448906     17.478  35.268752     9.7612    4.90667     17.331    32.3337    24.9101 0.0000e+00
 168.448912     17.941  35.193344     9.6207    4.91888     17.790    32.3830    24.9714 0.0000e+00
 168.448918     18.399  35.091262     9.4966    4.92082     18.245    32.3903    24.9971 0.0000e+00
 168.448924     18.852  35.004654     9.4143    4.92911     18.694    32.3756    24.9988 0.0000e+00
 168.448929     19.302  34.951998     9.3641    4.94109     19.140    32.3667    24.9999 0.0000e+00
 168.448935     19.748  34.918548     9.3284    4.94340     19.582    32.3644    25.0037 0.0000e+00
 168.448941     20.189  34.892190     9.2957    4.94817     20.020    32.3667    25.0107 0.0000e+00
 168.448947     20.627  34.865786     9.2682    4.94680     20.454    32.3642    25.0131 0.0000e+00
 168.448953     21.064  34.844473     9.2491    4.92568     20.887    32.3594    25.0123 0.0000e+00
 168.448958     21.501  34.831202     9.2344    4.91674     21.320    32.3588    25.0142 0.0000e+00
 168.448964     21.942  34.821709     9.2189    4.91324     21.758    32.3629    25.0198 0.0000e+00
 168.448970     22.389  34.813406     9.1944    4.92237     22.201    32.3763    25.0342 0.0000e+00
 168.448976     22.839  34.800247     9.1554    4.94917     22.647    32.3979    25.0573 0.0000e+00
 168.448981     23.287  34.777557     9.1116    4.97026     23.091    32.4141    25.0768 0.0000e+00
 168.448987     23.728  34.753184     9.0781    4.98336     23.529    32.4192    25.0860 0.0000e+00
 168.448993     24.155  34.737208     9.0605    4.98189     23.952    32.4184    25.0882 0.0000e+00
 168.448999     24.557  34.730165     9.0569    4.97165     24.351    32.4142    25.0854 0.0000e+00
 168.449005     24.924  34.729925     9.0611    4.96835     24.714    32.4100    25.0815 0.0000e+00
 168.449010     25.268  34.733902     9.0626    4.96325     25.056    32.4126    25.0833 0.0000e+00
 168.449016     25.611  34.735604     9.0513    4.95530     25.396    32.4245    25.0944 0.0000e+00
 168.449022     25.965  34.728315     9.0278    4.94653     25.747    32.4382    25.1087 0.0000e+00
