data/oxygen options/OCNMS/OCNMS2/raw_data/2004/CTD_CA80_082404faed.cnv
* Sea-Bird SBE19 Data File:
* FileName = C:\WINDOWS\Desktop\put hypoxia files here\CTD data\August 24_25-04\CA80_082404.hex
* Software Version 1.1.4
* Temperature SN = 2997
* Conductivity SN = 2997
* System UpLoad Time = Aug 24 2004 12:38:58
* SEACAT PROFILER V3.1c SN 2997   08/24/04  12:40:31.506
* strain gauge pressure sensor: S/N = 184829,  range = 3000 psia,  tc = 40
# nquan = 9                                 
# nvalues = 1551                        
# units = specified
# name 0 = timeJ: Julian Days
# name 1 = prSM: Pressure, Strain Gauge [db]
# name 2 = c0mS/cm: Conductivity [mS/cm]
# name 3 = t090C: Temperature [ITS-90, deg C]
# name 4 = oxML/L: Oxygen, Beckman/YSI [ml/l]
# name 5 = depSM: Depth [salt water, m], lat = 47.5
# name 6 = sal00: Salinity, Practical [PSU]
# name 7 = sigma-é00: Density [sigma-theta, kg/m^3]
# name 8 = flag: flag
# span 0 = 237.485741, 237.494711       
# span 1 =     -4.879,     80.487       
# span 2 =   1.567338,  39.377121       
# span 3 =     7.6355,    15.3653       
# span 4 =   -0.05245,   29.68146       
# span 5 =     -4.838,     79.800       
# span 6 =     0.9835,    33.4608       
# span 7 =    -0.1943,    26.1189       
# span 8 = 0.0000e+00, 0.0000e+00       
# interval = seconds: 0.5
# start_time = Aug 24 2004 11:39:28 [Instrument's time stamp, header]
# bad_flag = -9.990e-29
*END*
[from data line 481]
 237.488524     10.504  36.522099    11.1056    5.52974     10.416    32.3968    24.7306 -9.990e-29
 237.488530     10.517  36.520018    11.1079    5.52697     10.429    32.3928    24.7270 -9.990e-29
 237.488536     10.524  36.521248    11.1161    5.53318     10.436    32.3867    24.7209 -9.990e-29
 237.488542     10.514  36.526848    11.1273    5.53046     10.426    32.3824    24.7155 -9.990e-29
 237.488547     10.486  36.534178    11.1361    5.52946     10.398    32.3819    24.7136 -9.990e-29
 237.488553     10.455  36.540670    11.1388    5.52835     10.367    32.3859    24.7162 -9.990e-29
 237.488559     10.436  36.543764    11.1341    5.53317     10.349    32.3931    24.7227 -9.990e-29
 237.488565     10.432  36.540850    11.1254    5.53568     10.345    32.3979    24.7279 -9.990e-29
 237.488571     10.439  36.534208    11.1199    5.52692     10.352    32.3962    24.7276 -9.990e-29
 237.488576     10.448  36.530677    11.1214    5.53042     10.361    32.3914    24.7236 -9.990e-29
 237.488582     10.457  36.532833    11.1258    5.52952     10.369    32.3897    24.7214 -9.990e-29
 237.488588     10.465  36.536818    11.1285    5.52665     10.377    32.3912    24.7221 -9.990e-29
 237.488594     10.477  36.538973    11.1280    5.52726     10.389    32.3938    24.7242 -9.990e-29
 237.488600     10.502  36.538244    11.1258    5.53030     10.414    32.3950    24.7256 -9.990e-29
 237.488605     10.543  36.535901    11.1247    5.53237     10.455    32.3936    24.7247 -9.990e-29
 237.488611     10.589  36.534425    11.1260    5.53065     10.500    32.3910    24.7224 -9.990e-29
 237.488617     10.629  36.535205    11.1294    5.52945     10.540    32.3887    24.7201 -9.990e-29
 237.488623     10.659  36.538157    11.1339    5.52172     10.570    32.3877    24.7185 -9.990e-29
 237.488628     10.675  36.542168    11.1364    5.52848     10.586    32.3894    24.7194 -9.990e-29
 237.488634     10.683  36.544171    11.1348    5.53932     10.594    32.3928    24.7223 -9.990e-29
 237.488640     10.692  36.542352    11.1319    5.54162     10.602    32.3936    24.7234 -9.990e-29
 237.488646     10.702  36.539891    11.1320    5.54312     10.612    32.3910    24.7214 -9.990e-29
 237.488652     10.706  36.540232    11.1351    5.52537     10.616    32.3887    24.7190 -9.990e-29
 237.488657     10.703  36.542701    11.1374    5.52622     10.613    32.3891    24.7189 -9.990e-29
 237.488663     10.703  36.543861    11.1347    5.53657     10.613    32.3926    24.7221 -9.990e-29
 237.488669     10.709  36.540772    11.1275    5.54061     10.619    32.3959    24.7260 -9.990e-29
 237.488675     10.718  36.534359    11.1212    5.53289     10.628    32.3951    24.7265 -9.990e-29
 237.488681     10.721  36.529526    11.1202    5.51723     10.631    32.3912    24.7236 -9.990e-29
 237.488686     10.715  36.529356    11.1238    5.51926     10.625    32.3879    24.7204 -9.990e-29
 237.488692     10.703  36.532496    11.1278    5.53022     10.613    32.3875    24.7194 -9.990e-29
 237.488698     10.690  36.535840    11.1296    5.52706     10.601    32.3892    24.7204 -9.990e-29
 237.488704     10.677  36.537117    11.1294    5.51529     10.588    32.3906    24.7215 -9.990e-29
 237.488709     10.669  36.536348    11.1282    5.51023     10.580    32.3909    24.7220 -9.990e-29
 237.488715     10.666  36.534748    11.1262    5.51748     10.577    32.3911    24.7225 -9.990e-29
 237.488721     10.671  36.532984    11.1234    5.52635     10.582    32.3918    24.7235 -9.990e-29
 237.488727     10.689  36.531505    11.1204    5.52322     10.600    32.3930    24.7250 -9.990e-29
 237.488733     10.717  36.530017    11.1183    5.52120     10.627    32.3934    24.7256 -9.990e-29
 237.488738     10.749  36.528214    11.1195    5.51762     10.659    32.3905    24.7232 -9.990e-29
 237.488744     10.777  36.528736    11.1240    5.52261     10.687    32.3871    24.7197 -9.990e-29
 237.488750     10.798  36.532276    11.1299    5.52917     10.708    32.3853    24.7174 -9.990e-29
 237.488756     10.815  36.536821    11.1352    5.53802     10.724    32.3852    24.7163 -9.990e-29
 237.488762     10.833  36.541142    11.1381    5.55031     10.742    32.3869    24.7171 -9.990e-29
 237.488767     10.862  36.543709    11.1396    5.55384     10.771    32.3881    24.7177 -9.990e-29
 237.488773     10.907  36.545140    11.1414    5.55126     10.816    32.3879    24.7173 -9.990e-29
 237.488779     10.976  36.546221    11.1412    5.54098     10.884    32.3891    24.7182 -9.990e-29
 237.488785     11.081  36.545024    11.1369    5.51918     10.988    32.3916    24.7210 -9.990e-29
 237.488791     11.234  36.541073    11.1285    5.49374     11.140    32.3951    24.7252 -9.990e-29
 237.488796     11.436  36.535266    11.1137    5.46811     11.340    32.4023    24.7334 -9.990e-29
 237.488802     11.678  36.524342    11.0863    5.45408     11.580    32.4156    24.7486 0.0000e+00
 237.488808     11.950  36.502703    11.0400    5.43221     11.850    32.4349    24.7719 0.0000e+00
 237.488814     12.243  36.465037    10.9803    5.42022     12.140    32.4503    24.7943 0.0000e+00
 237.488819     12.551  36.416065    10.9249    5.37796     12.446    32.4507    24.8044 0.0000e+00
 237.488825     12.859  36.372336    10.8885    5.34171     12.751    32.4394    24.8020 0.0000e+00
 237.488831     13.147  36.343933    10.8789    5.33398     13.037    32.4197    24.7883 0.0000e+00
 237.488837     13.418  36.337262    10.8859    5.34463     13.306    32.4067    24.7770 0.0000e+00
 237.488843     13.683  36.346781    10.8777    5.36524     13.568    32.4233    24.7913 0.0000e+00
 237.488848     13.951  36.341447    10.8397    5.36470     13.834    32.4516    24.8200 0.0000e+00
 237.488854     14.231  36.307983    10.7926    5.33784     14.112    32.4600    24.8347 0.0000e+00
 237.488860     14.528  36.270727    10.7569    5.27566     14.406    32.4545    24.8366 0.0000e+00
 237.488866     14.843  36.246714    10.7337    5.20913     14.719    32.4510    24.8380 0.0000e+00
 237.488872     15.174  36.232506    10.7139    5.15225     15.047    32.4543    24.8440 0.0000e+00
 237.488877     15.514  36.219242    10.6743    5.08807     15.384    32.4761    24.8679 0.0000e+00
 237.488883     15.853  36.188667    10.5688    5.03667     15.720    32.5395    24.9354 0.0000e+00
 237.488889     16.192  36.102253    10.3863    4.95654     16.056    32.6160    25.0262 0.0000e+00
 237.488895     16.535  35.956904    10.1958    4.88537     16.396    32.6408    25.0778 0.0000e+00
 237.488900     16.887  35.821182    10.0573    4.81250     16.745    32.6283    25.0912 0.0000e+00
 237.488906     17.249  35.736095     9.9686    4.76150     17.104    32.6220    25.1011 0.0000e+00
 237.488912     17.613  35.684579     9.9136    4.73330     17.465    32.6192    25.1080 0.0000e+00
 237.488918     17.969  35.651738     9.8812    4.73117     17.818    32.6150    25.1101 0.0000e+00
 237.488924     18.310  35.632447     9.8581    4.75581     18.156    32.6161    25.1148 0.0000e+00
 237.488929     18.634  35.617231     9.8406    4.75616     18.478    32.6164    25.1178 0.0000e+00
 237.488935     18.943  35.604294     9.8387    4.74500     18.784    32.6048    25.1091 0.0000e+00
 237.488941     19.229  35.604410     9.8632    4.72737     19.068    32.5826    25.0878 0.0000e+00
 237.488947     19.490  35.626133     9.9157    4.71007     19.326    32.5572    25.0593 0.0000e+00
 237.488953     19.724  35.667589     9.9683    4.69311     19.558    32.5517    25.0463 0.0000e+00
 237.488958     19.930  35.702765     9.9803    4.68643     19.763    32.5765    25.0636 0.0000e+00
 237.488964     20.104  35.702327     9.9364    4.68499     19.935    32.6156    25.1014 0.0000e+00
 237.488970     20.248  35.661217     9.8488    4.67221     20.078    32.6530    25.1451 -9.990e-29
 237.488976     20.371  35.591895     9.7588    4.66838     20.200    32.6639    25.1684 -9.990e-29
 237.488981     20.476  35.525811     9.7112    4.63833     20.304    32.6396    25.1572 -9.990e-29
 237.488987     20.562  35.495360     9.7063    4.61777     20.389    32.6130    25.1372 -9.990e-29
 237.488993     20.631  35.496358     9.7133    4.61590     20.458    32.6076    25.1319 -9.990e-29
 237.488999     20.686  35.502656     9.7110    4.61461     20.512    32.6161    25.1389 -9.990e-29
 237.489005     20.730  35.500226     9.6963    4.61304     20.556    32.6269    25.1497 -9.990e-29
 237.489010     20.772  35.489194     9.6800    4.59779     20.598    32.6304    25.1551 -9.990e-29
 237.489016     20.813  35.477831     9.6750    4.58333     20.638    32.6233    25.1504 -9.990e-29
 237.489022     20.848  35.475647     9.6793    4.58268     20.673    32.6172    25.1449 -9.990e-29
 237.489028     20.874  35.480284     9.6785    4.58033     20.699    32.6226    25.1493 -9.990e-29
 237.489034     20.898  35.478859     9.6654    4.58473     20.723    32.6331    25.1596 -9.990e-29
 237.489039     20.930  35.467230     9.6461    4.59046     20.754    32.6387    25.1671 -9.990e-29
 237.489045     20.971  35.452316     9.6329    4.59496     20.795    32.6354    25.1667 -9.990e-29
 237.489051     21.016  35.443374     9.6356    4.60066     20.840    32.6238    25.1572 -9.990e-29
 237.489057     21.059  35.447536     9.6518    4.60131     20.882    32.6133    25.1464 -9.990e-29
 237.489062     21.095  35.461373     9.6723    4.58972     20.918    32.6088    25.1395 -9.990e-29
 237.489068     21.120  35.475304     9.6903    4.59328     20.943    32.6067    25.1350 -9.990e-29
 237.489074     21.137  35.484921     9.6990    4.60248     20.960    32.6087    25.1350 -9.990e-29
 237.489080     21.147  35.487912     9.6942    4.60432     20.969    32.6161    25.1416 -9.990e-29
 237.489086     21.151  35.482659     9.6815    4.60016     20.973    32.6222    25.1485 -9.990e-29
 237.489091     21.148  35.473370     9.6715    4.58988     20.970    32.6218    25.1498 -9.990e-29
 237.489097     21.143  35.466715     9.6688    4.58991     20.965    32.6175    25.1468 -9.990e-29
 237.489103     21.140  35.465027     9.6706    4.58857     20.962    32.6141    25.1439 -9.990e-29
 237.489109     21.134  35.466049     9.6731    4.58475     20.957    32.6129    25.1426 -9.990e-29
 237.489115     21.125  35.466657     9.6733    4.58719     20.948    32.6133    25.1429 -9.990e-29
 237.489120     21.121  35.465418     9.6680    4.59049     20.944    32.6169    25.1465 -9.990e-29
 237.489126     21.126  35.460680     9.6587    4.59980     20.949    32.6205    25.1508 -9.990e-29
 237.489132     21.141  35.453410     9.6554    4.60583     20.963    32.6160    25.1479 -9.990e-29
 237.489138     21.161  35.451287     9.6629    4.60183     20.983    32.6070    25.1396 -9.990e-29
 237.489144     21.180  35.457644     9.6743    4.60884     21.002    32.6032    25.1348 -9.990e-29
 237.489149     21.194  35.466378     9.6837    4.61478     21.016    32.6036    25.1336 -9.990e-29
 237.489155     21.205  35.472875     9.6904    4.61722     21.027    32.6041    25.1329 -9.990e-29
 237.489161     21.213  35.477389     9.6945    4.60388     21.035    32.6050    25.1329 -9.990e-29
 237.489167     21.219  35.480333     9.6953    4.59471     21.041    32.6073    25.1346 -9.990e-29
 237.489172     21.223  35.480584     9.6906    4.59857     21.045    32.6118    25.1389 -9.990e-29
 237.489178     21.226  35.476792     9.6790    4.60607     21.048    32.6185    25.1460 -9.990e-29
 237.489184     21.226  35.467823     9.6630    4.60625     21.048    32.6238    25.1527 -9.990e-29
 237.489190     21.229  35.455731     9.6501    4.59490     21.051    32.6232    25.1543 -9.990e-29
 237.489196     21.240  35.446812     9.6494    4.59276     21.062    32.6147    25.1478 -9.990e-29
 237.489201     21.250  35.447108     9.6611    4.59957     21.072    32.6044    25.1379 -9.990e-29
 237.489207     21.251  35.456445     9.6749    4.59823     21.073    32.6014    25.1333 -9.990e-29
 237.489213     21.249  35.466529     9.6837    4.60495     21.071    32.6037    25.1337 -9.990e-29
 237.489219     21.246  35.471745     9.6888    4.60408     21.068    32.6044    25.1334 -9.990e-29
 237.489225     21.243  35.474002     9.6921    4.60421     21.065    32.6037    25.1323 -9.990e-29
 237.489230     21.244  35.474628     9.6934    4.59769     21.066    32.6032    25.1317 -9.990e-29
 237.489236     21.253  35.472774     9.6920    4.58638     21.075    32.6026    25.1314 -9.990e-29
 237.489242     21.266  35.468956     9.6846    4.59643     21.087    32.6054    25.1348 -9.990e-29
 237.489248     21.281  35.463688     9.6687    4.60377     21.102    32.6144    25.1445 -9.990e-29
 237.489253     21.301  35.455172     9.6516    4.61910     21.122    32.6212    25.1526 -9.990e-29
 237.489259     21.334  35.445500     9.6476    4.61878     21.155    32.6149    25.1483 -9.990e-29
 237.489265     21.376  35.444936     9.6603    4.61185     21.196    32.6028    25.1368 -9.990e-29
 237.489271     21.426  35.456080     9.6786    4.60726     21.246    32.5976    25.1297 -9.990e-29
 237.489277     21.483  35.469118     9.6931    4.60580     21.303    32.5977    25.1275 -9.990e-29
 237.489282     21.542  35.477886     9.6998    4.59875     21.361    32.6006    25.1286 -9.990e-29
 237.489288     21.602  35.481178     9.6938    4.58376     21.421    32.6093    25.1364 -9.990e-29
 237.489294     21.668  35.476093     9.6737    4.58321     21.486    32.6224    25.1499 -9.990e-29
 237.489300     21.747  35.461452     9.6477    4.57222     21.564    32.6310    25.1608 -9.990e-29
 237.489306     21.854  35.443514     9.6220    4.54923     21.670    32.6359    25.1689 -9.990e-29
 237.489311     21.994  35.426940     9.5920    4.53982     21.809    32.6462    25.1817 0.0000e+00
 237.489317     22.169  35.408120     9.5542    4.50375     21.983    32.6612    25.1996 0.0000e+00
 237.489323     22.382  35.384375     9.5182    4.48454     22.194    32.6696    25.2119 0.0000e+00
 237.489329     22.631  35.360470     9.4996    4.45750     22.441    32.6619    25.2089 0.0000e+00
 237.489334     22.913  35.349365     9.4934    4.43227     22.721    32.6560    25.2053 0.0000e+00
 237.489340     23.224  35.349691     9.4730    4.42275     23.029    32.6748    25.2233 0.0000e+00
 237.489346     23.570  35.336087     9.4345    4.42734     23.372    32.6958    25.2459 0.0000e+00
 237.489352     23.960  35.306105     9.4008    4.44724     23.759    32.6956    25.2511 0.0000e+00
 237.489358     24.395  35.283665     9.3824    4.44574     24.190    32.6891    25.2490 0.0000e+00
 237.489363     24.866  35.275825     9.3760    4.45893     24.657    32.6866    25.2481 0.0000e+00
 237.489369     25.374  35.279404     9.3790    4.45839     25.161    32.6874    25.2482 0.0000e+00
 237.489375     25.918  35.294121     9.3882    4.47407     25.700    32.6939    25.2519 0.0000e+00
 237.489381     26.484  35.316044     9.3975    4.48785     26.261    32.7077    25.2612 0.0000e+00
 237.489387     27.053  35.340200     9.3987    4.49055     26.825    32.7312    25.2794 0.0000e+00
 237.489392     27.605  35.367396     9.3901    4.50934     27.373    32.7668    25.3086 0.0000e+00
 237.489398     28.128  35.391284     9.3776    4.52663     27.891    32.8026    25.3386 0.0000e+00
 237.489404     28.613  35.408388     9.3654    4.55602     28.372    32.8312    25.3629 0.0000e+00
 237.489410     29.052  35.428610     9.3551    4.57842     28.808    32.8613    25.3881 0.0000e+00
 237.489416     29.439  35.445265     9.3469    4.59165     29.191    32.8859    25.4086 0.0000e+00
 237.489421     29.768  35.450280     9.3435    4.60666     29.517    32.8940    25.4155 0.0000e+00
 237.489427     30.038  35.450331     9.3468    4.60568     29.785    32.8909    25.4126 0.0000e+00
 237.489433     30.255  35.449959     9.3518    4.59787     30.000    32.8858    25.4078 0.0000e+00
 237.489439     30.427  35.448661     9.3543    4.59428     30.171    32.8821    25.4045 0.0000e+00
