data/oxygen options/OCNMS/OCNMS2/raw_data/2004/CTD_CE70_061604faedb.cnv
* Sea-Bird SBE19 Data File:
* FileName = C:\WINDOWS\Desktop\put hypoxia files here\CTD files\CE\CE70m061604.hex
* Software Version 1.1.4
* Temperature SN = 2997
* Conductivity SN = 2997
* System UpLoad Time = Jun 16 2004 11:34:07
** Cape Elizabeth hypoxia June 16, 2004 70m CE-7
* SEACAT PROFILER V3.1c SN 2997   06/16/04  11:38:11.089
# nquan = 9
# nvalues = 69                          
# units = specified
# name 0 = timeJ: Julian Days
# name 1 = prSM: Pressure, Strain Gauge [db]
# name 2 = c0mS/cm: Conductivity [mS/cm]
# name 3 = t090C: Temperature [ITS-90, deg C]
# name 4 = oxML/L: Oxygen, Beckman/YSI [ml/l]
# name 5 = depSM: Depth [salt water, m], lat = 47.5
# name 6 = sal00: Salinity, Practical [PSU]
# name 7 = sigma-é00: Density [sigma-theta, kg/m^3]
# name 8 = flag: flag
# span 0 = 168.438695, 168.439782       
# span 1 =      2.000,     70.000       
# span 2 =  34.326642,  37.421162       
# span 3 =     7.4359,    13.7375       
# span 4 =    2.81133,    6.26785       
# span 5 =      1.983,     69.403       
# span 6 =    30.5101,    33.6489       
# span 7 =    22.7727,    26.2950       
# span 8 = 0.0000e+00, 0.0000e+00       
# interval = decibars: 1                
# start_time = Jun 16 2004 10:27:14 [Instrument's time stamp, header]
# bad_flag = -9.990e-29
*END*
 168.438695      2.000  36.848519    13.7375    5.80462      1.983    30.5101    22.7727 0.0000e+00
 168.438722      3.000  37.388121    13.0191    6.11304      2.975    31.5933    23.7516 0.0000e+00
 168.438741      4.000  37.421162    12.9461    6.15853      3.967    31.6856    23.8371 0.0000e+00
 168.438757      5.000  37.400983    12.9198    6.19765      4.958    31.6881    23.8442 0.0000e+00
 168.438770      6.000  37.363394    12.8503    6.26785      5.950    31.7105    23.8751 0.0000e+00
 168.438783      7.000  37.313014    12.7518    6.26627      6.941    31.7453    23.9209 0.0000e+00
 168.438795      8.000  37.271713    12.6494    6.16077      7.933    31.7920    23.9768 0.0000e+00
 168.438806      9.000  37.207442    12.4718    6.10618      8.925    31.8809    24.0794 0.0000e+00
 168.438816     10.000  37.036914    12.1698    6.11022      9.916    31.9745    24.2089 0.0000e+00
 168.438827     11.000  36.824968    11.8895    6.09935     10.908    32.0102    24.2885 0.0000e+00
 168.438838     12.000  36.641671    11.6539    6.05167     11.899    32.0350    24.3510 0.0000e+00
 168.438849     13.000  36.477616    11.4457    5.98710     12.891    32.0549    24.4041 0.0000e+00
 168.438860     14.000  36.333215    11.2183    5.90848     13.883    32.1106    24.4881 0.0000e+00
 168.438871     15.000  36.143141    10.9468    5.72181     14.874    32.1601    24.5746 0.0000e+00
 168.438881     16.000  35.959428    10.7188    5.57322     15.866    32.1779    24.6280 0.0000e+00
 168.438893     17.000  35.781813    10.4201    5.55981     16.858    32.2641    24.7462 0.0000e+00
 168.438904     18.000  35.553017    10.1604    5.57755     17.849    32.2645    24.7903 0.0000e+00
 168.438918     19.000  35.450808    10.0876    5.61759     18.841    32.2257    24.7722 0.0000e+00
 168.438932     20.000  35.404197    10.0448    5.66393     19.832    32.2163    24.7719 0.0000e+00
 168.438947     21.000  35.383195    10.0307    5.73732     20.824    32.2072    24.7672 0.0000e+00
 168.438964     22.000  35.373559    10.0220    5.68340     21.815    32.2048    24.7668 0.0000e+00
 168.438983     23.000  35.321894     9.9050    5.64675     22.807    32.2564    24.8263 0.0000e+00
 168.439003     24.000  35.187190     9.7342    5.69663     23.798    32.2720    24.8665 0.0000e+00
 168.439028     25.000  35.147176     9.6829    5.60153     24.790    32.2768    24.8786 0.0000e+00
 168.439050     26.000  35.056864     9.4916    5.45609     25.782    32.3563    24.9715 0.0000e+00
 168.439068     27.000  34.948084     9.3368    5.38963     26.773    32.3840    25.0178 0.0000e+00
 168.439084     28.000  34.899482     9.2662    5.31548     27.765    32.3974    25.0396 0.0000e+00
 168.439100     29.000  34.873178     9.2197    5.21907     28.756    32.4121    25.0584 0.0000e+00
 168.439116     30.000  34.829418     9.1059    5.15598     29.747    32.4699    25.1214 0.0000e+00
 168.439132     31.000  34.764645     9.0006    5.08075     30.739    32.4985    25.1602 0.0000e+00
 168.439147     32.000  34.735444     8.9477    5.02533     31.730    32.5161    25.1822 0.0000e+00
 168.439162     33.000  34.718907     8.9091    4.99227     32.722    32.5338    25.2020 0.0000e+00
 168.439177     34.000  34.695552     8.8773    4.98233     33.714    32.5381    25.2103 0.0000e+00
 168.439190     35.000  34.678479     8.8449    4.96967     34.705    32.5497    25.2244 0.0000e+00
 168.439202     36.000  34.652570     8.8037    4.97816     35.696    32.5600    25.2388 0.0000e+00
 168.439216     37.000  34.617664     8.7459    4.99347     36.688    32.5762    25.2604 0.0000e+00
 168.439233     38.000  34.553078     8.6454    4.94997     37.680    32.6008    25.2949 0.0000e+00
 168.439251     39.000  34.467238     8.4699    4.92789     38.671    32.6724    25.3776 0.0000e+00
 168.439271     40.000  34.410286     8.3702    4.86815     39.662    32.7044    25.4175 0.0000e+00
 168.439301     41.000  34.395746     8.3432    4.81462     40.654    32.7137    25.4288 0.0000e+00
 168.439333     42.000  34.388493     8.3262    4.78224     41.645    32.7214    25.4374 0.0000e+00
 168.439356     43.000  34.388749     8.3187    4.75261     42.637    32.7282    25.4439 0.0000e+00
 168.439375     44.000  34.388549     8.3108    4.72526     43.628    32.7349    25.4503 0.0000e+00
 168.439391     45.000  34.387706     8.2966    4.71145     44.620    32.7468    25.4617 0.0000e+00
 168.439406     46.000  34.384668     8.2719    4.66033     45.611    32.7661    25.4806 0.0000e+00
 168.439421     47.000  34.379156     8.2390    4.60763     46.603    32.7905    25.5046 0.0000e+00
 168.439434     48.000  34.358435     8.1542    4.53978     47.594    32.8473    25.5616 0.0000e+00
 168.439447     49.000  34.333321     8.0716    4.48531     48.585    32.8976    25.6132 0.0000e+00
 168.439461     50.000  34.326642     7.9918    4.38362     49.577    32.9651    25.6778 0.0000e+00
 168.439477     51.000  34.333480     7.9290    4.20816     50.568    33.0313    25.7389 0.0000e+00
 168.439494     52.000  34.350312     7.7909    3.97306     51.560    33.1797    25.8754 0.0000e+00
 168.439508     53.000  34.387758     7.6323    3.72220     52.551    33.3710    26.0485 0.0000e+00
 168.439523     54.000  34.428181     7.5428    3.53735     53.542    33.5003    26.1628 0.0000e+00
 168.439540     55.000  34.442176     7.5470    3.43714     54.534    33.5109    26.1706 0.0000e+00
 168.439559     56.000  34.437894     7.5415    3.36928     55.525    33.5111    26.1715 0.0000e+00
 168.439576     57.000  34.449173     7.4906    3.27836     56.517    33.5720    26.2266 0.0000e+00
 168.439588     58.000  34.453460     7.4787    3.20426     57.507    33.5877    26.2407 0.0000e+00
 168.439601     59.000  34.455315     7.4726    3.17561     58.499    33.5952    26.2474 0.0000e+00
 168.439611     60.000  34.458932     7.4645    3.13304     59.490    33.6064    26.2574 0.0000e+00
 168.439624     61.000  34.462238     7.4583    3.10003     60.482    33.6155    26.2655 0.0000e+00
 168.439637     62.000  34.465958     7.4498    3.06109     61.473    33.6274    26.2760 0.0000e+00
 168.439651     63.000  34.469283     7.4443    3.00490     62.465    33.6358    26.2834 0.0000e+00
 168.439664     64.000  34.471386     7.4398    2.97941     63.456    33.6419    26.2889 0.0000e+00
 168.439678     65.000  34.472359     7.4389    2.94934     64.447    33.6433    26.2901 0.0000e+00
 168.439691     66.000  34.473399     7.4395    2.92285     65.439    33.6435    26.2901 0.0000e+00
 168.439707     67.000  34.474664     7.4379    2.91149     66.430    33.6459    26.2923 0.0000e+00
 168.439724     68.000  34.475498     7.4359    2.87832     67.421    33.6482    26.2944 0.0000e+00
 168.439749     69.000  34.476958     7.4363    2.85489     68.413    33.6489    26.2950 0.0000e+00
 168.439782     70.000  34.475438     7.4373    2.81133     69.403    33.6459    26.2924 0.0000e+00
