data/oxygen options/OCNMS/OCNMS2/raw_data/2004/CTD_CA80_082404faed.cnv
* Sea-Bird SBE19 Data File:
* FileName = C:\WINDOWS\Desktop\put hypoxia files here\CTD data\August 24_25-04\CA80_082404.hex
* Software Version 1.1.4
* Temperature SN = 2997
* Conductivity SN = 2997
* System UpLoad Time = Aug 24 2004 12:38:58
* SEACAT PROFILER V3.1c SN 2997   08/24/04  12:40:31.506
* strain gauge pressure sensor: S/N = 184829,  range = 3000 psia,  tc = 40
# nquan = 9                                 
# nvalues = 1551                        
# units = specified
# name 0 = timeJ: Julian Days
# name 1 = prSM: Pressure, Strain Gauge [db]
# name 2 = c0mS/cm: Conductivity [mS/cm]
# name 3 = t090C: Temperature [ITS-90, deg C]
# name 4 = oxML/L: Oxygen, Beckman/YSI [ml/l]
# name 5 = depSM: Depth [salt water, m], lat = 47.5
# name 6 = sal00: Salinity, Practical [PSU]
# name 7 = sigma-é00: Density [sigma-theta, kg/m^3]
# name 8 = flag: flag
# span 0 = 237.485741, 237.494711       
# span 1 =     -4.879,     80.487       
# span 2 =   1.567338,  39.377121       
# span 3 =     7.6355,    15.3653       
# span 4 =   -0.05245,   29.68146       
# span 5 =     -4.838,     79.800       
# span 6 =     0.9835,    33.4608       
# span 7 =    -0.1943,    26.1189       
# span 8 = 0.0000e+00, 0.0000e+00       
# interval = seconds: 0.5
# start_time = Aug 24 2004 11:39:28 [Instrument's time stamp, header]
# bad_flag = -9.990e-29
*END*
 237.485741     -4.879 -9.990e-29    15.3624   -0.05234     -4.838 -9.990e-29 -9.990e-29 -9.990e-29
 237.485747     -4.872   1.591986    15.3628   -0.05239     -4.831     0.9998    -0.1818 -9.990e-29
 237.485752     -4.864   1.567338    15.3628   -0.05239     -4.823     0.9835    -0.1943 -9.990e-29
 237.485758     -4.853   1.579121    15.3627   -0.05242     -4.813     0.9913    -0.1883 -9.990e-29
 237.485764     -4.840   1.689149    15.3624   -0.05245     -4.800     1.0639    -0.1323 -9.990e-29
 237.485770     -4.822   1.907585    15.3622   -0.04350     -4.782     1.2090    -0.0204 -9.990e-29
 237.485775     -4.800   2.154804    15.3620   -0.04359     -4.760     1.3746     0.1072 -9.990e-29
 237.485781     -4.771   2.282616    15.3619   -0.04366     -4.731     1.4607     0.1735 -9.990e-29
 237.485787     -4.734   2.217285    15.3626   -0.04368     -4.695     1.4166     0.1395 -9.990e-29
 237.485793     -4.690   2.076630    15.3639   -0.04369     -4.651     1.3220     0.0664 -9.990e-29
 237.485799     -4.642   1.988719    15.3651   -0.04369     -4.603     1.2631     0.0208 -9.990e-29
 237.485804     -4.582   1.980792    15.3653   -0.04369     -4.544     1.2578     0.0167 -9.990e-29
 237.485810     -4.501   2.171169    15.3628   -0.04369     -4.463     1.3855     0.1155 -9.990e-29
 237.485816     -4.399   2.999788    15.3527   -0.04369     -4.362     1.9500     0.5517 -9.990e-29
 237.485822     -4.278   5.715909    15.3216   -0.04369     -4.242     3.8737     2.0347 -9.990e-29
 237.485828     -4.134  14.079892    15.2666   -0.04370     -4.100    10.2294     6.9126 -9.990e-29
 237.485833     -3.963  26.710705    15.2137   -0.04371     -3.930    20.5884    14.8522 -9.990e-29
 237.485839     -3.776  35.150012    15.1825   -0.04372     -3.745    27.8942    20.4636 -9.990e-29
 237.485845     -3.593  37.963172    15.1681   -0.04371     -3.563    30.3948    22.3888 -9.990e-29
 237.485851     -3.431  38.898279    15.1620   -0.04371     -3.402    31.2339    23.0356 -9.990e-29
 237.485856     -3.291  39.208901    15.1593   -0.04371     -3.264    31.5139    23.2517 -9.990e-29
 237.485862     -3.172  39.311478    15.1571   -0.04371     -3.146    31.6074    23.3242 -9.990e-29
 237.485868     -3.077  39.343931    15.1546   -0.04370     -3.051    31.6385    23.3486 -9.990e-29
 237.485874     -2.998  39.354053    15.1514   -0.04370     -2.973    31.6501    23.3582 -9.990e-29
 237.485880     -2.927  39.358740    15.1460   -0.04370     -2.903    31.6586    23.3660 -9.990e-29
 237.485885     -2.868  39.360347    15.1401   -0.04370     -2.844    31.6648    23.3720 -9.990e-29
 237.485891     -2.825  39.359368    15.1373   -0.04370     -2.801    31.6662    23.3737 -9.990e-29
 237.485897     -2.796  39.357895    15.1379   -0.04370     -2.773    31.6644    23.3721 -9.990e-29
 237.485903     -2.778  39.357360    15.1404   -0.04370     -2.755    31.6619    23.3697 -9.990e-29
 237.485909     -2.767  39.358207    15.1434   -0.04370     -2.744    31.6602    23.3678 -9.990e-29
 237.485914     -2.761  39.359354    15.1463   -0.04370     -2.738    31.6589    23.3661 -9.990e-29
 237.485920     -2.770  39.359559    15.1485   -0.04369     -2.747    31.6573    23.3644 -9.990e-29
 237.485926     -2.788  39.358568    15.1496   -0.04369     -2.765    31.6555    23.3628 -9.990e-29
 237.485932     -2.801  39.357900    15.1502   -0.04370     -2.778    31.6544    23.3619 -9.990e-29
 237.485938     -2.800  39.358943    15.1510   -0.04369     -2.777    31.6547    23.3619 -9.990e-29
 237.485943     -2.790  39.360877    15.1521   -0.04368     -2.767    31.6556    23.3623 -9.990e-29
 237.485949     -2.775  39.362389    15.1529   -0.04369     -2.752    31.6563    23.3627 -9.990e-29
 237.485955     -2.752  39.363283    15.1531   -0.04369     -2.729    31.6569    23.3631 -9.990e-29
 237.485961     -2.726  39.363664    15.1531   -0.04369     -2.703    31.6572    23.3634 -9.990e-29
 237.485966     -2.703  39.363511    15.1535   -0.04369     -2.680    31.6568    23.3629 -9.990e-29
 237.485972     -2.687  39.363214    15.1542   -0.04370     -2.665    31.6559    23.3621 -9.990e-29
 237.485978     -2.670  39.363534    15.1549   -0.04370     -2.648    31.6556    23.3618 -9.990e-29
 237.485984     -2.649  39.364928    15.1564   -0.04370     -2.627    31.6557    23.3615 -9.990e-29
 237.485990     -2.627  39.366485    15.1593   -0.04370     -2.605    31.6547    23.3601 -9.990e-29
 237.485995     -2.609  39.368071    15.1614   -0.04370     -2.587    31.6544    23.3594 -9.990e-29
 237.486001     -2.596  39.370710    15.1603   -0.04370     -2.574    31.6577    23.3622 -9.990e-29
 237.486007     -2.574  39.372909    15.1579   -0.04370     -2.553    31.6616    23.3657 -9.990e-29
 237.486013     -2.536  39.373705    15.1568   -0.04370     -2.515    31.6632    23.3672 -9.990e-29
 237.486019     -2.494  39.375317    15.1560   -0.04370     -2.473    31.6653    23.3689 -9.990e-29
 237.486024     -2.462  39.377121    15.1532   -0.04370     -2.441    31.6691    23.3725 -9.990e-29
 237.486030     -2.445  39.375384    15.1495   -0.04370     -2.425    31.6705    23.3744 -9.990e-29
 237.486036     -2.436  39.371189    15.1472   -0.04370     -2.416    31.6686    23.3734 -9.990e-29
 237.486042     -2.416  39.368511    15.1467   -0.04370     -2.396    31.6666    23.3720 -9.990e-29
 237.486047     -2.370  39.368302    15.1474   -0.04369     -2.350    31.6659    23.3713 -9.990e-29
 237.486053     -2.309  39.370318    15.1488   -0.04369     -2.290    31.6665    23.3715 -9.990e-29
 237.486059     -2.259  39.372791    15.1497   -0.04370     -2.240    31.6680    23.3724 -9.990e-29
 237.486065     -2.225  39.372880    15.1491   -0.04370     -2.206    31.6685    23.3730 -9.990e-29
 237.486071     -2.201  39.370735    15.1484   -0.04370     -2.183    31.6672    23.3721 -9.990e-29
 237.486076     -2.181  39.368580    15.1491   -0.04370     -2.163    31.6647    23.3700 -9.990e-29
 237.486082     -2.155  39.368063    15.1509   -0.04370     -2.137    31.6627    23.3681 -9.990e-29
 237.486088     -2.122  39.369652    15.1524   -0.04370     -2.104    31.6629    23.3679 -9.990e-29
 237.486094     -2.092  39.372133    15.1537   -0.04370     -2.075    31.6641    23.3686 -9.990e-29
 237.486100     -2.077  39.373238    15.1544   -0.04370     -2.060    31.6645    23.3687 -9.990e-29
 237.486105     -2.070  39.372790    15.1536   -0.04370     -2.053    31.6648    23.3691 -9.990e-29
 237.486111     -2.055  39.372469    15.1519   -0.04370     -2.038    31.6659    23.3703 -9.990e-29
 237.486117     -2.025  39.372442    15.1509   -0.04370     -2.008    31.6666    23.3711 -9.990e-29
 237.486123     -1.989  39.372709    15.1515   -0.04370     -1.972    31.6664    23.3708 -9.990e-29
 237.486128     -1.948  39.373656    15.1531   -0.04370     -1.932    31.6659    23.3701 -9.990e-29
 237.486134     -1.907  39.374336    15.1540   -0.04370     -1.891    31.6658    23.3698 -9.990e-29
 237.486140     -1.873  39.374007    15.1535   -0.04370     -1.857    31.6659    23.3700 -9.990e-29
 237.486146     -1.840  39.373384    15.1526   -0.04370     -1.825    31.6660    23.3703 -9.990e-29
 237.486152     -1.804  39.373353    15.1525   -0.04371     -1.789    31.6661    23.3703 -9.990e-29
 237.486157     -1.773  39.373906    15.1529   -0.04370     -1.758    31.6662    23.3704 -9.990e-29
 237.486163     -1.749  39.374129    15.1527   -0.04371     -1.734    31.6666    23.3707 -9.990e-29
 237.486169     -1.730  39.373794    15.1519   -0.04371     -1.716    31.6669    23.3711 -9.990e-29
 237.486175     -1.715  39.373608    15.1515   -0.04370     -1.701    31.6671    23.3713 -9.990e-29
 237.486181     -1.703  39.373919    15.1521   -0.04370     -1.689    31.6669    23.3710 -9.990e-29
 237.486186     -1.693  39.374613    15.1531   -0.04370     -1.679    31.6667    23.3707 -9.990e-29
 237.486192     -1.686  39.374965    15.1532   -0.04371     -1.672    31.6669    23.3708 -9.990e-29
 237.486198     -1.679  39.374359    15.1521   -0.04371     -1.665    31.6672    23.3713 -9.990e-29
 237.486204     -1.673  39.373142    15.1506   -0.04371     -1.659    31.6674    23.3717 -9.990e-29
 237.486209     -1.668  39.371966    15.1495   -0.04371     -1.654    31.6672    23.3719 -9.990e-29
 237.486215     -1.663  39.371543    15.1491   -0.04370     -1.649    31.6671    23.3719 -9.990e-29
 237.486221     -1.658  39.371903    15.1493   -0.04370     -1.644    31.6673    23.3720 -9.990e-29
 237.486227     -1.652  39.372437    15.1502   -0.04371     -1.638    31.6670    23.3716 -9.990e-29
 237.486233     -1.646  39.373329    15.1509   -0.04371     -1.632    31.6673    23.3716 -9.990e-29
 237.486238     -1.638  39.374117    15.1502   -0.04371     -1.624    31.6685    23.3727 -9.990e-29
 237.486244     -1.628  39.373645    15.1482   -0.04371     -1.614    31.6697    23.3741 -9.990e-29
 237.486250     -1.616  39.371877    15.1461   17.18546     -1.603    31.6698    23.3746 -9.990e-29
 237.486256     -1.601  39.369855    15.1455   28.17369     -1.588    31.6685    23.3737 -9.990e-29
 237.486262     -1.582  39.369964    15.1467   29.68146     -1.569    31.6676    23.3728 -9.990e-29
 237.486267     -1.562  39.372383    15.1489   25.92491     -1.549    31.6680    23.3726 -9.990e-29
 237.486273     -1.543  39.373641    15.1500   16.70816     -1.530    31.6682    23.3726 -9.990e-29
 237.486279     -1.521  39.372643    15.1492   13.51762     -1.508    31.6680    23.3725 -9.990e-29
 237.486285     -1.494  39.370897    15.1484   13.53185     -1.482    31.6671    23.3720 -9.990e-29
 237.486291     -1.469  39.370035    15.1488   13.49046     -1.457    31.6660    23.3711 -9.990e-29
 237.486296     -1.449  39.370625    15.1499   13.48771     -1.437    31.6656    23.3705 -9.990e-29
 237.486302     -1.432  39.370120    15.1507   13.48471     -1.420    31.6645    23.3695 -9.990e-29
 237.486308     -1.418  39.367878    15.1509   13.48292     -1.406    31.6623    23.3678 -9.990e-29
 237.486314     -1.405  39.366555    15.1506   13.48023     -1.393    31.6614    23.3671 -9.990e-29
 237.486319     -1.392  39.366105    15.1491   13.47748     -1.380    31.6622    23.3681 -9.990e-29
 237.486325     -1.379  39.364839    15.1461   13.44588     -1.367    31.6635    23.3697 -9.990e-29
 237.486331     -1.365  39.362784    15.1435   11.43852     -1.354    31.6637    23.3705 -9.990e-29
 237.486337     -1.349  39.361160    15.1427    9.52549     -1.338    31.6629    23.3700 -9.990e-29
 237.486343     -1.335  39.360642    15.1429    8.35007     -1.324    31.6623    23.3695 -9.990e-29
 237.486348     -1.325  39.360570    15.1428    7.94292     -1.314    31.6623    23.3695 -9.990e-29
 237.486354     -1.315  39.360322    15.1420    8.51273     -1.304    31.6627    23.3700 -9.990e-29
 237.486360     -1.299  39.359600    15.1405    8.86443     -1.288    31.6633    23.3708 -9.990e-29
 237.486366     -1.278  39.358596    15.1391    9.00643     -1.267    31.6635    23.3712 -9.990e-29
 237.486372     -1.253  39.358250    15.1373    9.11194     -1.243    31.6646    23.3725 -9.990e-29
 237.486377     -1.232  39.358133    15.1344    9.17227     -1.222    31.6668    23.3748 -9.990e-29
 237.486383     -1.214  39.357001    15.1313    9.22147     -1.204    31.6683    23.3767 -9.990e-29
 237.486389     -1.192  39.355060    15.1296    9.25590     -1.182    31.6680    23.3767 -9.990e-29
 237.486395     -1.170  39.353684    15.1303    9.27658     -1.160    31.6662    23.3752 -9.990e-29
 237.486400     -1.151  39.353875    15.1323    9.28146     -1.141    31.6647    23.3736 -9.990e-29
 237.486406     -1.134  39.354798    15.1339    9.27797     -1.125    31.6642    23.3729 -9.990e-29
 237.486412     -1.117  39.355473    15.1344    9.27786     -1.108    31.6644    23.3730 -9.990e-29
 237.486418     -1.099  39.355712    15.1338    9.28181     -1.090    31.6651    23.3736 -9.990e-29
 237.486424     -1.084  39.355307    15.1331    9.28545     -1.075    31.6653    23.3739 -9.990e-29
 237.486429     -1.074  39.354872    15.1333    9.28430     -1.065    31.6648    23.3735 -9.990e-29
 237.486435     -1.066  39.354985    15.1341    9.27198     -1.057    31.6642    23.3729 -9.990e-29
 237.486441     -1.054  39.355266    15.1348    9.26292     -1.045    31.6639    23.3725 -9.990e-29
 237.486447     -1.037  39.355564    15.1351    9.26523     -1.028    31.6639    23.3724 -9.990e-29
 237.486453     -1.014  39.355749    15.1354    9.25779     -1.006    31.6638    23.3723 -9.990e-29
 237.486458     -0.988  39.355540    15.1358    9.25186     -0.980    31.6633    23.3718 -9.990e-29
 237.486464     -0.967  39.355247    15.1360    9.24485     -0.959    31.6629    23.3714 -9.990e-29
 237.486470     -0.952  39.355058    15.1356    9.24262     -0.944    31.6630    23.3716 -9.990e-29
 237.486476     -0.944  39.354740    15.1342    9.25217     -0.936    31.6639    23.3726 -9.990e-29
 237.486481     -0.941  39.353885    15.1319    9.24740     -0.933    31.6650    23.3739 -9.990e-29
 237.486487     -0.943  39.352484    15.1301    9.23782     -0.935    31.6652    23.3745 -9.990e-29
 237.486493     -0.946  39.351483    15.1295    9.23444     -0.938    31.6647    23.3743 -9.990e-29
 237.486499     -0.943  39.351240    15.1288    9.23855     -0.935    31.6651    23.3747 -9.990e-29
 237.486505     -0.928  39.350877    15.1283    9.24045     -0.920    31.6652    23.3749 -9.990e-29
 237.486510     -0.904  39.350481    15.1297    9.23926     -0.896    31.6637    23.3734 -9.990e-29
 237.486516     -0.879  39.351214    15.1328    9.21781     -0.872    31.6618    23.3713 -9.990e-29
 237.486522     -0.855  39.352939    15.1359    9.20566     -0.848    31.6608    23.3699 -9.990e-29
 237.486528     -0.831  39.354596    15.1378    9.20489     -0.824    31.6608    23.3695 -9.990e-29
 237.486534     -0.806  39.355599    15.1378    9.20551     -0.799    31.6617    23.3701 -9.990e-29
 237.486539     -0.778  39.355613    15.1365    9.19897     -0.772    31.6627    23.3712 -9.990e-29
 237.486545     -0.748  39.355226    15.1364    9.18852     -0.742    31.6624    23.3710 -9.990e-29
 237.486551     -0.725  39.355613    15.1380    9.19099     -0.719    31.6615    23.3700 -9.990e-29
 237.486557     -0.710  39.356735    15.1391    9.19240     -0.704    31.6616    23.3698 -9.990e-29
 237.486562     -0.703  39.357291    15.1387    9.19397     -0.697    31.6624    23.3705 -9.990e-29
 237.486568     -0.699  39.356349    15.1384    9.19133     -0.693    31.6618    23.3701 -9.990e-29
 237.486574     -0.693  39.355467    15.1398    9.18500     -0.687    31.6599    23.3683 -9.990e-29
 237.486580     -0.685  39.356282    15.1412    9.17189     -0.679    31.6595    23.3677 -9.990e-29
 237.486586     -0.675  39.357083    15.1409    9.16775     -0.669    31.6604    23.3685 -9.990e-29
 237.486591     -0.662  39.356141    15.1383    9.16510     -0.656    31.6617    23.3701 -9.990e-29
 237.486597     -0.645  39.354453    15.1339    9.16902     -0.640    31.6637    23.3726 -9.990e-29
 237.486603     -0.628  39.353145    15.1293    9.18092     -0.623    31.6663    23.3755 -9.990e-29
 237.486609     -0.613  39.352161    15.1260    9.17417     -0.608    31.6681    23.3776 -9.990e-29
 237.486615     -0.600  39.351318    15.1245    9.16709     -0.595    31.6685    23.3783 -9.990e-29
 237.486620     -0.587  39.350622    15.1244    9.15975     -0.582    31.6680    23.3779 -9.990e-29
 237.486626     -0.574  39.350275    15.1229    9.15811     -0.569    31.6689    23.3789 -9.990e-29
 237.486632     -0.561  39.349260    15.1170    9.16825     -0.556    31.6727    23.3831 -9.990e-29
 237.486638     -0.550  39.345671    15.1085    9.16850     -0.545    31.6764    23.3878 -9.990e-29
 237.486644     -0.545  39.340341    15.1039    9.16429     -0.540    31.6753    23.3879 -9.990e-29
 237.486649     -0.542  39.337390    15.1050    9.16284     -0.537    31.6718    23.3850 -9.990e-29
 237.486655     -0.540  39.338500    15.1080    9.16696     -0.535    31.6703    23.3832 -9.990e-29
 237.486661     -0.544  39.340669    15.1110    9.17282     -0.539    31.6699    23.3822 -9.990e-29
