data/oxygen options/OCNMS/OCNMS2/raw_data/2004/CTD_CA10_082404faed.cnv
* Sea-Bird SBE19 Data File:
* FileName = C:\WINDOWS\Desktop\put hypoxia files here\CTD data\August 24_25-04\CA10_082404.hex
* Software Version 1.1.4
* Temperature SN = 2997
* Conductivity SN = 2997
* System UpLoad Time = Aug 24 2004 12:28:13
* SEACAT PROFILER V3.1c SN 2997   08/24/04  12:29:29.733
* strain gauge pressure sensor: S/N = 184829,  range = 3000 psia,  tc = 40
# nquan = 9                                 
# nvalues = 618                         
# units = specified
# name 0 = timeJ: Julian Days
# name 1 = prSM: Pressure, Strain Gauge [db]
# name 2 = c0mS/cm: Conductivity [mS/cm]
# name 3 = t090C: Temperature [ITS-90, deg C]
# name 4 = oxML/L: Oxygen, Beckman/YSI [ml/l]
# name 5 = depSM: Depth [salt water, m], lat = 47.5
# name 6 = sal00: Salinity, Practical [PSU]
# name 7 = sigma-é00: Density [sigma-theta, kg/m^3]
# name 8 = flag: flag
# span 0 = 237.406933, 237.410503       
# span 1 =     -5.186,     11.035       
# span 2 =   0.011512,  38.566085       
# span 3 =    12.1269,    15.1660       
# span 4 =   -0.05306,   31.88420       
# span 5 =     -5.143,     10.943       
# span 6 =     0.0121,    32.7003       
# span 7 =    -0.9145,    24.7716       
# span 8 = 0.0000e+00, 0.0000e+00       
# interval = seconds: 0.5
# start_time = Aug 24 2004 09:45:59 [Instrument's time stamp, header]
# bad_flag = -9.990e-29
*END*
[from data line 321]
 237.408791      0.022  38.282712    12.8790    7.21401      0.022    32.5579    24.5253 -9.990e-29
 237.408796      0.031  38.283237    12.8793    7.22216      0.031    32.5582    24.5254 -9.990e-29
 237.408802      0.045  38.283586    12.8791    7.23150      0.045    32.5587    24.5258 -9.990e-29
 237.408808      0.061  38.283072    12.8795    7.23428      0.060    32.5578    24.5251 -9.990e-29
 237.408814      0.075  38.282661    12.8808    7.22416      0.074    32.5563    24.5237 -9.990e-29
 237.408819      0.088  38.283456    12.8823    7.21848      0.087    32.5558    24.5230 -9.990e-29
 237.408825      0.101  38.284802    12.8833    7.21738      0.100    32.5562    24.5231 -9.990e-29
 237.408831      0.116  38.285658    12.8837    7.21715      0.115    32.5566    24.5234 -9.990e-29
 237.408837      0.128  38.286014    12.8836    7.22130      0.127    32.5571    24.5237 -9.990e-29
 237.408843      0.134  38.286311    12.8833    7.22058      0.133    32.5576    24.5242 -9.990e-29
 237.408848      0.134  38.286916    12.8832    7.21533      0.133    32.5583    24.5247 -9.990e-29
 237.408854      0.129  38.287480    12.8833    7.21421      0.128    32.5587    24.5250 -9.990e-29
 237.408860      0.118  38.287041    12.8823    7.20626      0.117    32.5592    24.5256 -9.990e-29
 237.408866      0.104  38.285543    12.8803    7.20759      0.103    32.5595    24.5262 -9.990e-29
 237.408872      0.096  38.283765    12.8787    7.22193      0.095    32.5592    24.5263 -9.990e-29
 237.408877      0.097  38.282669    12.8781    7.23239      0.096    32.5586    24.5260 -9.990e-29
 237.408883      0.104  38.282442    12.8785    7.23146      0.103    32.5581    24.5255 -9.990e-29
 237.408889      0.111  38.282752    12.8799    7.22683      0.110    32.5572    24.5245 -9.990e-29
 237.408895      0.120  38.283978    12.8819    7.21330      0.119    32.5566    24.5237 -9.990e-29
 237.408900      0.131  38.286042    12.8834    7.20355      0.130    32.5573    24.5239 -9.990e-29
 237.408906      0.144  38.287740    12.8837    7.21837      0.143    32.5586    24.5249 -9.990e-29
 237.408912      0.158  38.287939    12.8835    7.22931      0.157    32.5590    24.5252 -9.990e-29
 237.408918      0.167  38.287434    12.8841    7.23314      0.166    32.5580    24.5243 -9.990e-29
 237.408924      0.172  38.287764    12.8854    7.22817      0.171    32.5571    24.5234 -9.990e-29
 237.408929      0.175  38.288775    12.8872    7.21100      0.174    32.5566    24.5226 -9.990e-29
 237.408935      0.174  38.290102    12.8887    7.21307      0.173    32.5565    24.5223 -9.990e-29
 237.408941      0.171  38.291239    12.8893    7.22955      0.170    32.5571    24.5226 -9.990e-29
 237.408947      0.168  38.291428    12.8893    7.24307      0.167    32.5573    24.5228 -9.990e-29
 237.408953      0.171  38.291450    12.8894    7.23329      0.170    32.5572    24.5227 -9.990e-29
 237.408958      0.175  38.291865    12.8895    7.21753      0.174    32.5575    24.5229 -9.990e-29
 237.408964      0.176  38.292074    12.8898    7.21546      0.175    32.5574    24.5228 -9.990e-29
 237.408970      0.175  38.292322    12.8905    7.22489      0.174    32.5571    24.5224 -9.990e-29
 237.408976      0.174  38.292910    12.8914    7.23152      0.173    32.5569    24.5220 -9.990e-29
 237.408981      0.180  38.293468    12.8921    7.22806      0.178    32.5568    24.5218 -9.990e-29
 237.408987      0.186  38.294147    12.8923    7.22154      0.184    32.5572    24.5222 -9.990e-29
 237.408993      0.191  38.294700    12.8920    7.22058      0.189    32.5580    24.5228 -9.990e-29
 237.408999      0.194  38.294712    12.8918    7.23540      0.192    32.5582    24.5230 -9.990e-29
 237.409005      0.199  38.294727    12.8920    7.24590      0.197    32.5580    24.5228 -9.990e-29
 237.409010      0.211  38.294735    12.8925    7.24870      0.209    32.5576    24.5224 -9.990e-29
 237.409016      0.227  38.294716    12.8932    7.24550      0.225    32.5570    24.5218 -9.990e-29
 237.409022      0.244  38.295172    12.8942    7.23223      0.242    32.5566    24.5213 -9.990e-29
 237.409028      0.258  38.296121    12.8948    7.22831      0.256    32.5569    24.5214 -9.990e-29
 237.409034      0.265  38.297113    12.8943    7.23500      0.263    32.5583    24.5226 -9.990e-29
 237.409039      0.275  38.297194    12.8930    7.25725      0.273    32.5595    24.5238 -9.990e-29
 237.409045      0.293  38.296073    12.8917    7.25801      0.291    32.5595    24.5241 -9.990e-29
 237.409051      0.307  38.294482    12.8909    7.25458      0.304    32.5587    24.5236 -9.990e-29
 237.409057      0.309  38.293278    12.8908    7.24078      0.306    32.5577    24.5228 -9.990e-29
 237.409063      0.304  38.293084    12.8913    7.24482      0.301    32.5570    24.5222 -9.990e-29
 237.409068      0.300  38.293823    12.8914    7.25747      0.297    32.5577    24.5227 -9.990e-29
 237.409074      0.301  38.294232    12.8903    7.25393      0.298    32.5590    24.5239 -9.990e-29
 237.409080      0.307  38.293170    12.8891    7.24585      0.304    32.5590    24.5242 -9.990e-29
 237.409086      0.318  38.291459    12.8888    7.24365      0.315    32.5577    24.5232 -9.990e-29
 237.409091      0.331  38.290740    12.8893    7.25005      0.328    32.5565    24.5222 -9.990e-29
 237.409097      0.343  38.291733    12.8903    7.25579      0.340    32.5566    24.5221 -9.990e-29
 237.409103      0.354  38.293512    12.8914    7.25712      0.351    32.5573    24.5224 -9.990e-29
 237.409109      0.364  38.294521    12.8922    7.24764      0.361    32.5576    24.5225 -9.990e-29
 237.409115      0.376  38.294977    12.8928    7.23656      0.373    32.5575    24.5223 -9.990e-29
 237.409120      0.388  38.295486    12.8932    7.24781      0.385    32.5577    24.5223 -9.990e-29
 237.409126      0.402  38.295599    12.8932    7.25244      0.399    32.5578    24.5224 -9.990e-29
 237.409132      0.416  38.295465    12.8932    7.26309      0.413    32.5576    24.5223 -9.990e-29
 237.409138      0.424  38.295461    12.8934    7.26456      0.420    32.5574    24.5221 -9.990e-29
 237.409144      0.428  38.295576    12.8940    7.25200      0.424    32.5570    24.5217 -9.990e-29
 237.409149      0.428  38.295959    12.8947    7.25392      0.424    32.5568    24.5214 -9.990e-29
 237.409155      0.424  38.296554    12.8954    7.25407      0.420    32.5568    24.5212 -9.990e-29
 237.409161      0.416  38.297031    12.8960    7.25539      0.413    32.5567    24.5210 -9.990e-29
 237.409167      0.403  38.297459    12.8967    7.25673      0.400    32.5565    24.5207 -9.990e-29
 237.409172      0.385  38.297845    12.8973    7.25555      0.382    32.5564    24.5205 -9.990e-29
 237.409178      0.364  38.298136    12.8978    7.26715      0.361    32.5562    24.5203 -9.990e-29
 237.409184      0.344  38.298719    12.8982    7.27078      0.341    32.5564    24.5204 -9.990e-29
 237.409190      0.323  38.299245    12.8985    7.26520      0.320    32.5567    24.5205 -9.990e-29
 237.409196      0.304  38.299289    12.8988    7.26157      0.301    32.5565    24.5203 -9.990e-29
 237.409201      0.290  38.299467    12.8991    7.26848      0.288    32.5564    24.5202 -9.990e-29
 237.409207      0.280  38.300012    12.8994    7.27263      0.278    32.5566    24.5203 -9.990e-29
 237.409213      0.275  38.300524    12.8998    7.27344      0.273    32.5568    24.5203 -9.990e-29
 237.409219      0.273  38.301122    12.9002    7.26575      0.271    32.5570    24.5204 -9.990e-29
 237.409225      0.274  38.301478    12.8999    7.25868      0.272    32.5576    24.5210 -9.990e-29
 237.409230      0.278  38.300940    12.8987    7.25861      0.276    32.5581    24.5216 -9.990e-29
 237.409236      0.286  38.299907    12.8962    7.26015      0.284    32.5593    24.5230 -9.990e-29
 237.409242      0.298  38.298119    12.8929    7.26308      0.296    32.5604    24.5245 -9.990e-29
 237.409248      0.315  38.295430    12.8906    7.26266      0.312    32.5599    24.5245 -9.990e-29
 237.409253      0.334  38.293300    12.8902    7.26287      0.331    32.5582    24.5233 -9.990e-29
 237.409259      0.352  38.292807    12.8912    7.26435      0.349    32.5569    24.5221 -9.990e-29
 237.409265      0.369  38.293850    12.8923    7.27089      0.366    32.5569    24.5219 -9.990e-29
 237.409271      0.387  38.295012    12.8928    7.26561      0.384    32.5575    24.5223 -9.990e-29
 237.409277      0.407  38.295034    12.8926    7.25753      0.404    32.5577    24.5225 -9.990e-29
 237.409282      0.425  38.294501    12.8923    7.25459      0.421    32.5575    24.5224 -9.990e-29
 237.409288      0.440  38.294381    12.8924    7.25973      0.436    32.5573    24.5222 -9.990e-29
 237.409294      0.451  38.294510    12.8927    7.26568      0.447    32.5571    24.5220 -9.990e-29
 237.409300      0.460  38.294495    12.8932    7.26841      0.456    32.5567    24.5216 -9.990e-29
 237.409306      0.467  38.294871    12.8935    7.27355      0.463    32.5568    24.5216 -9.990e-29
 237.409311      0.472  38.295576    12.8938    7.27229      0.468    32.5572    24.5218 -9.990e-29
 237.409317      0.476  38.295861    12.8942    7.27243      0.472    32.5571    24.5217 -9.990e-29
 237.409323      0.480  38.296103    12.8946    7.27110      0.476    32.5570    24.5215 -9.990e-29
 237.409329      0.482  38.296619    12.8948    7.27477      0.478    32.5573    24.5217 -9.990e-29
 237.409334      0.484  38.296971    12.8949    7.28278      0.480    32.5576    24.5219 -9.990e-29
 237.409340      0.486  38.297064    12.8950    7.29086      0.482    32.5576    24.5219 -9.990e-29
 237.409346      0.487  38.297020    12.8952    7.28425      0.483    32.5573    24.5217 -9.990e-29
 237.409352      0.488  38.296773    12.8954    7.27190      0.484    32.5569    24.5213 -9.990e-29
 237.409358      0.489  38.296553    12.8953    7.26447      0.485    32.5568    24.5213 -9.990e-29
 237.409363      0.489  38.296621    12.8948    7.27587      0.485    32.5573    24.5217 -9.990e-29
 237.409369      0.490  38.296504    12.8941    7.28477      0.486    32.5578    24.5223 -9.990e-29
 237.409375      0.490  38.296041    12.8936    7.28158      0.486    32.5578    24.5223 -9.990e-29
 237.409381      0.491  38.295731    12.8933    7.27063      0.487    32.5578    24.5224 -9.990e-29
 237.409387      0.491  38.295718    12.8932    7.26315      0.487    32.5578    24.5225 -9.990e-29
 237.409392      0.491  38.295979    12.8933    7.25787      0.487    32.5580    24.5226 -9.990e-29
 237.409398      0.492  38.296297    12.8934    7.26727      0.488    32.5582    24.5227 -9.990e-29
 237.409404      0.492  38.295972    12.8932    7.27148      0.488    32.5581    24.5226 -9.990e-29
 237.409410      0.493  38.295126    12.8931    7.27764      0.489    32.5574    24.5221 -9.990e-29
 237.409416      0.494  38.294871    12.8935    7.26950      0.490    32.5568    24.5216 -9.990e-29
 237.409421      0.494  38.295422    12.8935    7.26841      0.490    32.5573    24.5220 -9.990e-29
 237.409427      0.495  38.295827    12.8928    7.26818      0.491    32.5583    24.5229 -9.990e-29
 237.409433      0.496  38.295501    12.8923    7.27017      0.492    32.5584    24.5231 -9.990e-29
 237.409439      0.498  38.295124    12.8925    7.27272      0.494    32.5579    24.5226 -9.990e-29
 237.409444      0.500  38.295313    12.8930    7.27085      0.496    32.5576    24.5223 -9.990e-29
 237.409450      0.502  38.295752    12.8937    7.27760      0.498    32.5574    24.5220 -9.990e-29
 237.409456      0.506  38.296464    12.8944    7.27900      0.502    32.5575    24.5220 -9.990e-29
 237.409462      0.510  38.297271    12.8950    7.27252      0.506    32.5577    24.5220 -9.990e-29
 237.409468      0.520  38.297563    12.8955    7.27619      0.516    32.5576    24.5218 -9.990e-29
 237.409473      0.535  38.297726    12.8959    7.27958      0.531    32.5574    24.5216 -9.990e-29
 237.409479      0.545  38.297974    12.8960    7.28899      0.540    32.5575    24.5217 -9.990e-29
 237.409485      0.546  38.298069    12.8960    7.29170      0.541    32.5576    24.5217 -9.990e-29
 237.409491      0.542  38.298134    12.8964    7.28253      0.537    32.5573    24.5214 -9.990e-29
 237.409497      0.532  38.298254    12.8972    7.27004      0.528    32.5568    24.5209 -9.990e-29
 237.409502      0.521  38.298582    12.8976    7.27225      0.517    32.5567    24.5207 -9.990e-29
 237.409508      0.511  38.298991    12.8974    7.28145      0.507    32.5573    24.5212 -9.990e-29
 237.409514      0.503  38.299461    12.8972    7.28718      0.499    32.5579    24.5217 -9.990e-29
 237.409520      0.496  38.300053    12.8973    7.27551      0.492    32.5584    24.5221 -9.990e-29
 237.409525      0.488  38.300432    12.8978    7.26161      0.484    32.5583    24.5219 -9.990e-29
 237.409531      0.481  38.300536    12.8983    7.27043      0.477    32.5580    24.5216 -9.990e-29
 237.409537      0.473  38.300500    12.8986    7.28291      0.469    32.5577    24.5213 -9.990e-29
 237.409543      0.468  38.300272    12.8987    7.29194      0.464    32.5574    24.5211 -9.990e-29
 237.409549      0.471  38.300106    12.8989    7.29181      0.467    32.5571    24.5208 -9.990e-29
 237.409554      0.476  38.300336    12.8994    7.28563      0.472    32.5569    24.5205 -9.990e-29
 237.409560      0.481  38.300704    12.9002    7.26953      0.477    32.5565    24.5201 -9.990e-29
 237.409566      0.484  38.301136    12.9008    7.27491      0.480    32.5564    24.5199 -9.990e-29
 237.409572      0.488  38.301642    12.9009    7.27595      0.484    32.5568    24.5202 -9.990e-29
 237.409578      0.491  38.301771    12.9007    7.27876      0.487    32.5571    24.5204 -9.990e-29
 237.409583      0.494  38.301691    12.9005    7.28337      0.490    32.5572    24.5205 -9.990e-29
 237.409589      0.498  38.301852    12.9002    7.28035      0.494    32.5576    24.5209 -9.990e-29
 237.409595      0.501  38.301904    12.8997    7.28713      0.497    32.5581    24.5214 -9.990e-29
 237.409601      0.506  38.301348    12.8984    7.28654      0.502    32.5587    24.5221 -9.990e-29
 237.409606      0.511  38.300000    12.8962    7.28823      0.507    32.5593    24.5230 -9.990e-29
 237.409612      0.518  38.298302    12.8947    7.28521      0.514    32.5590    24.5230 -9.990e-29
 237.409618      0.527  38.297353    12.8946    7.29050      0.523    32.5582    24.5224 -9.990e-29
 237.409624      0.533  38.297563    12.8951    7.29056      0.529    32.5579    24.5222 -9.990e-29
 237.409630      0.534  38.298086    12.8956    7.28543      0.530    32.5580    24.5221 -9.990e-29
 237.409635      0.533  38.297934    12.8956    7.26926      0.529    32.5578    24.5220 -9.990e-29
 237.409641      0.535  38.297459    12.8956    7.25869      0.531    32.5574    24.5216 -9.990e-29
 237.409647      0.540  38.297705    12.8959    7.27171      0.535    32.5574    24.5216 -9.990e-29
 237.409653      0.544  38.298436    12.8962    7.28535      0.539    32.5578    24.5218 -9.990e-29
 237.409659      0.542  38.298938    12.8961    7.29909      0.537    32.5584    24.5223 -9.990e-29
 237.409664      0.539  38.299316    12.8960    7.28740      0.535    32.5588    24.5227 -9.990e-29
 237.409670      0.539  38.299512    12.8958    7.27868      0.535    32.5592    24.5230 -9.990e-29
 237.409676      0.543  38.299220    12.8957    7.27256      0.538    32.5590    24.5228 -9.990e-29
 237.409682      0.549  38.298610    12.8958    7.27438      0.544    32.5583    24.5223 -9.990e-29
 237.409687      0.560  38.297984    12.8960    7.29339      0.555    32.5575    24.5217 -9.990e-29
 237.409693      0.575  38.297624    12.8962    7.29644      0.570    32.5570    24.5212 -9.990e-29
 237.409699      0.590  38.297608    12.8964    7.29013      0.585    32.5568    24.5211 -9.990e-29
 237.409705      0.600  38.297909    12.8964    7.27923      0.595    32.5571    24.5213 -9.990e-29
