data/oxygen options/OCNMS/OCNMS2/raw_data/2004/CTD_CA45_102104faed.cnv
* Sea-Bird SBE19 Data File:
* FileName = C:\WINDOWS\Desktop\put hypoxia files here\CTD data\October 21-04\CA\Raw\CA45_102104.hex
* Software Version 1.1.4
* Temperature SN = 2997
* Conductivity SN = 2997
* System UpLoad Time = Oct 21 2004 14:39:35
* SEACAT PROFILER V3.1c SN 2997   10/21/04  14:44:32.773
* strain gauge pressure sensor: S/N = 184829,  range = 3000 psia,  tc = 40
# nquan = 9                                 
# nvalues = 591                         
# units = specified
# name 0 = timeJ: Julian Days
# name 1 = prSM: Pressure, Strain Gauge [db]
# name 2 = c0mS/cm: Conductivity [mS/cm]
# name 3 = t090C: Temperature [ITS-90, deg C]
# name 4 = oxML/L: Oxygen, Beckman/YSI [ml/l]
# name 5 = depSM: Depth [salt water, m], lat = 47.5
# name 6 = sal00: Salinity, Practical [PSU]
# name 7 = sigma-é00: Density [sigma-theta, kg/m^3]
# name 8 = flag: flag
# span 0 = 295.590995, 295.594410       
# span 1 =     -4.849,     44.596       
# span 2 =   0.783305,  37.038033       
# span 3 =    10.1988,    13.0855       
# span 4 =   -0.04679,   32.42797       
# span 5 =     -4.809,     44.219       
# span 6 =     0.5170,    32.5722       
# span 7 =    -0.1142,    25.0231       
# span 8 = 0.0000e+00, 0.0000e+00       
# interval = seconds: 0.5
# start_time = Oct 21 2004 14:11:02 [Instrument's time stamp, header]
# bad_flag = -9.990e-29
*END*
[from data line 161]
 295.591927     -0.118  36.977305    13.0745    6.43559     -0.117    31.1637    23.4084 -9.990e-29
 295.591933     -0.095  36.974728    13.0706    6.43190     -0.094    31.1645    23.4097 -9.990e-29
 295.591939     -0.070  36.971195    13.0696    6.42951     -0.069    31.1620    23.4080 -9.990e-29
 295.591944     -0.051  36.970413    13.0722    6.42374     -0.051    31.1592    23.4053 -9.990e-29
 295.591950     -0.041  36.973027    13.0757    6.43244     -0.041    31.1587    23.4043 -9.990e-29
 295.591956     -0.035  36.976361    13.0783    6.43119     -0.035    31.1597    23.4045 -9.990e-29
 295.591962     -0.028  36.978699    13.0795    6.42563     -0.028    31.1609    23.4052 -9.990e-29
 295.591968     -0.020  36.979800    13.0803    6.42253     -0.020    31.1613    23.4053 -9.990e-29
 295.591973     -0.014  36.980020    13.0804    6.41853     -0.014    31.1614    23.4054 -9.990e-29
 295.591979     -0.014  36.979658    13.0771    6.42845     -0.014    31.1638    23.4079 -9.990e-29
 295.591985     -0.017  36.976556    13.0719    6.43177     -0.017    31.1651    23.4100 -9.990e-29
 295.591991     -0.018  36.971634    13.0714    6.42149     -0.018    31.1609    23.4068 -9.990e-29
 295.591997     -0.016  36.971234    13.0758    6.40362     -0.016    31.1570    23.4029 -9.990e-29
 295.592002     -0.013  36.975388    13.0786    6.39740     -0.013    31.1585    23.4036 -9.990e-29
 295.592008     -0.004  36.977865    13.0759    6.41351     -0.004    31.1631    23.4076 -9.990e-29
 295.592014      0.017  36.975249    13.0688    6.41165      0.017    31.1665    23.4116 -9.990e-29
 295.592020      0.047  36.969106    13.0629    6.40929      0.047    31.1655    23.4120 -9.990e-29
 295.592025      0.074  36.964150    13.0620    6.40291      0.073    31.1616    23.4091 -9.990e-29
 295.592031      0.088  36.963872    13.0650    6.39330      0.087    31.1589    23.4065 -9.990e-29
 295.592037      0.093  36.967346    13.0691    6.38724      0.092    31.1588    23.4056 -9.990e-29
 295.592043      0.102  36.971359    13.0725    6.38757      0.101    31.1597    23.4057 -9.990e-29
 295.592049      0.117  36.973979    13.0749    6.39629      0.116    31.1602    23.4056 -9.990e-29
 295.592054      0.129  36.975342    13.0767    6.40407      0.128    31.1600    23.4051 -9.990e-29
 295.592060      0.136  36.976713    13.0780    6.40396      0.135    31.1602    23.4050 -9.990e-29
 295.592066      0.133  36.978244    13.0787    6.39993      0.132    31.1611    23.4055 -9.990e-29
 295.592072      0.120  36.979181    13.0796    6.39171      0.119    31.1612    23.4054 -9.990e-29
 295.592078      0.109  36.979659    13.0810    6.39119      0.108    31.1605    23.4046 -9.990e-29
 295.592083      0.112  36.980322    13.0827    6.39655      0.111    31.1598    23.4037 -9.990e-29
 295.592089      0.134  36.981500    13.0840    6.40822      0.133    31.1598    23.4035 -9.990e-29
 295.592095      0.168  36.982528    13.0838    6.40648      0.167    31.1609    23.4044 -9.990e-29
 295.592101      0.198  36.982541    13.0818    6.39564      0.196    31.1625    23.4060 -9.990e-29
 295.592106      0.214  36.981003    13.0797    6.39223      0.212    31.1628    23.4066 -9.990e-29
 295.592112      0.217  36.979231    13.0788    6.38285      0.215    31.1619    23.4061 -9.990e-29
 295.592118      0.220  36.978798    13.0773    6.39084      0.218    31.1627    23.4070 -9.990e-29
 295.592124      0.231  36.978011    13.0739    6.40211      0.229    31.1648    23.4093 -9.990e-29
 295.592130      0.247  36.975268    13.0709    6.38578      0.245    31.1647    23.4098 -9.990e-29
 295.592135      0.264  36.972528    13.0712    6.36922      0.262    31.1618    23.4075 -9.990e-29
 295.592141      0.280  36.972870    13.0727    6.35661      0.278    31.1609    23.4065 -9.990e-29
 295.592147      0.291  36.974514    13.0706    6.35870      0.289    31.1642    23.4095 -9.990e-29
 295.592153      0.307  36.972929    13.0639    6.37174      0.304    31.1682    23.4139 -9.990e-29
 295.592159      0.332  36.967133    13.0567    6.38995      0.329    31.1687    23.4156 -9.990e-29
 295.592164      0.351  36.961180    13.0541    6.38326      0.348    31.1652    23.4135 -9.990e-29
 295.592170      0.349  36.958915    13.0577    6.37381      0.346    31.1601    23.4088 -9.990e-29
 295.592176      0.330  36.961248    13.0648    6.36259      0.327    31.1565    23.4047 -9.990e-29
 295.592182      0.312  36.967369    13.0712    6.34790      0.309    31.1570    23.4038 -9.990e-29
 295.592188      0.314  36.973113    13.0739    6.36502      0.311    31.1601    23.4057 -9.990e-29
 295.592193      0.334  36.974931    13.0718    6.38922      0.331    31.1636    23.4088 -9.990e-29
 295.592199      0.361  36.972453    13.0670    6.38723      0.358    31.1652    23.4109 -9.990e-29
 295.592205      0.380  36.967988    13.0641    6.38021      0.377    31.1634    23.4101 -9.990e-29
 295.592211      0.384  36.965682    13.0647    6.36256      0.381    31.1607    23.4079 -9.990e-29
 295.592216      0.380  36.966954    13.0664    6.34243      0.377    31.1605    23.4074 -9.990e-29
 295.592222      0.383  36.969020    13.0664    6.36681      0.380    31.1624    23.4089 -9.990e-29
 295.592228      0.396  36.969034    13.0637    6.38235      0.393    31.1647    23.4112 -9.990e-29
 295.592234      0.415  36.966462    13.0603    6.37187      0.412    31.1650    23.4121 -9.990e-29
 295.592240      0.430  36.963488    13.0599    6.36919      0.426    31.1626    23.4103 -9.990e-29
 295.592245      0.432  36.963444    13.0626    6.34167      0.428    31.1603    23.4080 -9.990e-29
 295.592251      0.431  36.966278    13.0659    6.34545      0.427    31.1603    23.4074 -9.990e-29
 295.592257      0.439  36.969044    13.0680    6.36039      0.435    31.1611    23.4076 -9.990e-29
 295.592263      0.460  36.970393    13.0684    6.36761      0.456    31.1621    23.4083 -9.990e-29
 295.592269      0.489  36.970449    13.0672    6.37314      0.485    31.1631    23.4093 -9.990e-29
 295.592274      0.504  36.969294    13.0647    6.34428      0.500    31.1641    23.4105 -9.990e-29
 295.592280      0.498  36.967075    13.0615    6.34222      0.494    31.1646    23.4116 -9.990e-29
 295.592286      0.489  36.964206    13.0574    6.35016      0.485    31.1653    23.4129 -9.990e-29
 295.592292      0.493  36.960794    13.0522    6.35051      0.489    31.1664    23.4147 -9.990e-29
 295.592297      0.509  36.956222    13.0477    6.35882      0.505    31.1658    23.4151 -9.990e-29
 295.592303      0.527  36.952251    13.0455    6.34912      0.523    31.1638    23.4141 -9.990e-29
 295.592309      0.534  36.950883    13.0452    6.33448      0.530    31.1628    23.4133 -9.990e-29
 295.592315      0.531  36.950859    13.0455    6.33935      0.527    31.1625    23.4131 -9.990e-29
 295.592321      0.527  36.951032    13.0457    6.34239      0.523    31.1625    23.4130 -9.990e-29
 295.592326      0.529  36.951082    13.0455    6.34383      0.525    31.1627    23.4132 -9.990e-29
 295.592332      0.542  36.951083    13.0457    6.34041      0.537    31.1626    23.4131 -9.990e-29
 295.592338      0.559  36.951604    13.0464    6.34254      0.554    31.1625    23.4129 -9.990e-29
 295.592344      0.566  36.952224    13.0476    6.35292      0.561    31.1621    23.4123 -9.990e-29
 295.592350      0.566  36.952654    13.0491    6.34531      0.561    31.1612    23.4114 -9.990e-29
 295.592355      0.567  36.953475    13.0503    6.34356      0.562    31.1610    23.4110 -9.990e-29
 295.592361      0.572  36.954667    13.0510    6.32736      0.567    31.1616    23.4113 -9.990e-29
 295.592367      0.578  36.955585    13.0511    6.32516      0.573    31.1623    23.4118 -9.990e-29
 295.592373      0.581  36.955775    13.0503    6.33751      0.576    31.1632    23.4126 -9.990e-29
 295.592378      0.589  36.954937    13.0491    6.34177      0.584    31.1634    23.4130 -9.990e-29
 295.592384      0.608  36.953644    13.0482    6.35406      0.603    31.1629    23.4128 -9.990e-29
 295.592390      0.627  36.952984    13.0482    6.34203      0.622    31.1623    23.4123 -9.990e-29
 295.592396      0.636  36.953204    13.0493    6.33461      0.631    31.1616    23.4116 -9.990e-29
 295.592402      0.642  36.954042    13.0509    6.33455      0.637    31.1610    23.4109 -9.990e-29
 295.592407      0.654  36.954942    13.0524    6.33988      0.649    31.1606    23.4103 -9.990e-29
 295.592413      0.675  36.955427    13.0530    6.34673      0.669    31.1606    23.4101 -9.990e-29
 295.592419      0.704  36.955590    13.0527    6.34013      0.698    31.1610    23.4105 -9.990e-29
 295.592425      0.730  36.955653    13.0523    6.35046      0.724    31.1614    23.4109 -9.990e-29
 295.592431      0.741  36.955709    13.0523    6.33720      0.735    31.1614    23.4109 -9.990e-29
 295.592436      0.738  36.955837    13.0527    6.34092      0.732    31.1612    23.4107 -9.990e-29
 295.592442      0.729  36.956217    13.0533    6.33189      0.723    31.1611    23.4104 -9.990e-29
 295.592448      0.718  36.956801    13.0536    6.32401      0.712    31.1614    23.4106 -9.990e-29
 295.592454      0.708  36.957252    13.0538    6.32799      0.702    31.1616    23.4108 -9.990e-29
 295.592459      0.708  36.957618    13.0546    6.32786      0.702    31.1613    23.4104 -9.990e-29
 295.592465      0.718  36.958395    13.0558    6.33363      0.712    31.1611    23.4099 -9.990e-29
 295.592471      0.729  36.959501    13.0566    6.33990      0.723    31.1614    23.4101 -9.990e-29
 295.592477      0.738  36.960176    13.0569    6.34791      0.732    31.1618    23.4103 -9.990e-29
 295.592483      0.746  36.960203    13.0572    6.33771      0.740    31.1616    23.4101 -9.990e-29
 295.592488      0.753  36.960186    13.0576    6.33209      0.747    31.1613    23.4097 -9.990e-29
 295.592494      0.760  36.960669    13.0589    6.32835      0.754    31.1606    23.4090 -9.990e-29
 295.592500      0.767  36.961740    13.0611    6.32849      0.761    31.1598    23.4080 -9.990e-29
 295.592506      0.774  36.963153    13.0632    6.33404      0.768    31.1594    23.4072 -9.990e-29
 295.592512      0.782  36.964555    13.0648    6.32762      0.775    31.1594    23.4069 -9.990e-29
 295.592517      0.791  36.966141    13.0660    6.31962      0.784    31.1599    23.4071 -9.990e-29
 295.592523      0.798  36.967788    13.0668    6.31803      0.791    31.1608    23.4076 -9.990e-29
 295.592529      0.799  36.968896    13.0670    6.32609      0.792    31.1617    23.4082 -9.990e-29
 295.592535      0.798  36.969266    13.0666    6.33825      0.791    31.1624    23.4088 -9.990e-29
 295.592541      0.799  36.968837    13.0654    6.33583      0.792    31.1629    23.4095 -9.990e-29
 295.592546      0.803  36.967603    13.0638    6.32630      0.796    31.1631    23.4100 -9.990e-29
 295.592552      0.810  36.966168    13.0630    6.32710      0.803    31.1624    23.4096 -9.990e-29
 295.592558      0.816  36.965430    13.0628    6.32653      0.809    31.1619    23.4092 -9.990e-29
 295.592564      0.816  36.964971    13.0625    6.33057      0.809    31.1617    23.4091 -9.990e-29
 295.592569      0.816  36.964186    13.0622    6.32037      0.809    31.1612    23.4088 -9.990e-29
 295.592575      0.819  36.963718    13.0623    6.31489      0.812    31.1607    23.4084 -9.990e-29
 295.592581      0.826  36.964068    13.0628    6.30842      0.819    31.1606    23.4082 -9.990e-29
 295.592587      0.838  36.965149    13.0640    6.32764      0.831    31.1606    23.4080 -9.990e-29
 295.592593      0.854  36.966727    13.0656    6.33278      0.847    31.1608    23.4078 -9.990e-29
 295.592598      0.872  36.968109    13.0665    6.33308      0.865    31.1613    23.4081 -9.990e-29
 295.592604      0.885  36.968899    13.0671    6.32619      0.878    31.1616    23.4081 -9.990e-29
 295.592610      0.888  36.969596    13.0681    6.32348      0.881    31.1614    23.4078 -9.990e-29
 295.592616      0.887  36.970576    13.0692    6.33583      0.880    31.1614    23.4076 -9.990e-29
 295.592622      0.889  36.971470    13.0697    6.33913      0.882    31.1618    23.4078 -9.990e-29
 295.592627      0.899  36.971796    13.0698    6.33271      0.891    31.1621    23.4080 -9.990e-29
 295.592633      0.914  36.971434    13.0699    6.32664      0.906    31.1616    23.4076 -9.990e-29
 295.592639      0.921  36.971028    13.0699    6.31155      0.913    31.1612    23.4074 -9.990e-29
 295.592645      0.918  36.971164    13.0692    6.32159      0.910    31.1619    23.4080 -9.990e-29
 295.592650      0.916  36.970908    13.0673    6.31531      0.908    31.1633    23.4094 -9.990e-29
 295.592656      0.923  36.969367    13.0639    6.32044      0.915    31.1646    23.4111 -9.990e-29
 295.592662      0.937  36.966175    13.0602    6.32466      0.929    31.1647    23.4119 -9.990e-29
 295.592668      0.949  36.962688    13.0579    6.32179      0.941    31.1633    23.4113 -9.990e-29
 295.592674      0.956  36.960991    13.0566    6.31959      0.948    31.1627    23.4111 -9.990e-29
 295.592679      0.958  36.959948    13.0558    6.30834      0.950    31.1624    23.4110 -9.990e-29
 295.592685      0.956  36.958736    13.0558    6.30822      0.948    31.1613    23.4101 -9.990e-29
 295.592691      0.953  36.958551    13.0571    6.31465      0.945    31.1601    23.4089 -9.990e-29
 295.592697      0.959  36.959713    13.0593    6.30896      0.951    31.1593    23.4079 -9.990e-29
 295.592703      0.972  36.961535    13.0612    6.32198      0.964    31.1595    23.4077 -9.990e-29
 295.592708      0.986  36.963087    13.0623    6.31819      0.978    31.1600    23.4079 -9.990e-29
 295.592714      0.998  36.964201    13.0629    6.32723      0.990    31.1606    23.4082 -9.990e-29
 295.592720      1.007  36.965248    13.0633    6.30989      0.999    31.1612    23.4086 -9.990e-29
 295.592726      1.015  36.965946    13.0637    6.31124      1.007    31.1615    23.4088 -9.990e-29
 295.592731      1.022  36.966112    13.0643    6.31546      1.013    31.1612    23.4084 -9.990e-29
 295.592737      1.028  36.966533    13.0651    6.32514      1.019    31.1609    23.4080 -9.990e-29
 295.592743      1.035  36.967219    13.0657    6.32503      1.026    31.1611    23.4080 -9.990e-29
 295.592749      1.041  36.967407    13.0658    6.30971      1.032    31.1612    23.4081 -9.990e-29
 295.592755      1.049  36.967355    13.0660    6.30531      1.040    31.1610    23.4079 -9.990e-29
 295.592760      1.057  36.967561    13.0662    6.30263      1.048    31.1610    23.4079 -9.990e-29
 295.592766      1.068  36.967743    13.0660    6.30355      1.059    31.1613    23.4082 -9.990e-29
 295.592772      1.080  36.967591    13.0659    6.31797      1.071    31.1612    23.4081 -9.990e-29
 295.592778      1.092  36.967471    13.0663    6.32181      1.083    31.1608    23.4077 -9.990e-29
 295.592784      1.095  36.967789    13.0670    6.32175      1.086    31.1605    23.4074 -9.990e-29
 295.592789      1.085  36.968414    13.0678    6.30861      1.076    31.1605    23.4072 -9.990e-29
 295.592795      1.069  36.969064    13.0686    6.29342      1.060    31.1604    23.4070 -9.990e-29
 295.592801      1.065  36.969490    13.0692    6.29963      1.056    31.1603    23.4068 -9.990e-29
 295.592807      1.075  36.969708    13.0695    6.31063      1.066    31.1603    23.4067 -9.990e-29
 295.592812      1.093  36.970015    13.0695    6.32432      1.084    31.1606    23.4069 -9.990e-29
 295.592818      1.111  36.970266    13.0695    6.31528      1.102    31.1608    23.4071 -9.990e-29
 295.592824      1.121  36.970239    13.0701    6.31290      1.112    31.1603    23.4066 -9.990e-29
 295.592830      1.119  36.970465    13.0710    6.31003      1.110    31.1597    23.4060 -9.990e-29
 295.592836      1.110  36.971251    13.0716    6.31009      1.101    31.1600    23.4061 -9.990e-29
 295.592841      1.102  36.971972    13.0719    6.30924      1.093    31.1604    23.4063 -9.990e-29
