data/oxygen options/OCNMS/OCNMS2/raw_data/2004/CTD_CE90_072604faed.cnv
* Sea-Bird SBE19 Data File:
* FileName = C:\WINDOWS\Desktop\put hypoxia files here\CTD files\july 24_25-04\CE\CE9_072404.hex
* Software Version 1.1.4
* Temperature SN = 2997
* Conductivity SN = 2997
* System UpLoad Time = Jul 26 2004 14:41:41
* SEACAT PROFILER V3.1c SN 2997   07/26/04  14:41:51.117
* strain gauge pressure sensor: S/N = 184829,  range = 3000 psia,  tc = 40
# nquan = 9                                 
# nvalues = 809                         
# units = specified
# name 0 = timeJ: Julian Days
# name 1 = prSM: Pressure, Strain Gauge [db]
# name 2 = c0mS/cm: Conductivity [mS/cm]
# name 3 = t090C: Temperature [ITS-90, deg C]
# name 4 = oxML/L: Oxygen, Beckman/YSI [ml/l]
# name 5 = depSM: Depth [salt water, m], lat = 47.5
# name 6 = sal00: Salinity, Practical [PSU]
# name 7 = sigma-é00: Density [sigma-theta, kg/m^3]
# name 8 = flag: flag
# span 0 = 208.580544, 208.585220       
# span 1 =     -5.423,     91.986       
# span 2 =   0.459114,  39.838001       
# span 3 =     7.1520,    15.4326       
# span 4 =   -0.05231,   29.69890       
# span 5 =     -5.378,     91.198       
# span 6 =     0.2744,    33.8672       
# span 7 =    -0.7448,    26.5066       
# span 8 = 0.0000e+00, 0.0000e+00       
# interval = seconds: 0.5
# start_time = Jul 26 2004 13:55:59 [Instrument's time stamp, header]
# bad_flag = -9.990e-29
*END*
[from data line 641]
 208.584253     87.782  34.433413     7.1678    1.86384     87.031    33.8544    26.4944 0.0000e+00
 208.584259     87.387  34.434339     7.1702    1.86899     86.639    33.8533    26.4932 0.0000e+00
 208.584265     86.968  34.435218     7.1734    1.87752     86.224    33.8513    26.4912 0.0000e+00
 208.584271     86.515  34.436670     7.1792    1.89705     85.775    33.8474    26.4873 0.0000e+00
 208.584277     86.030  34.439518     7.1902    1.93316     85.294    33.8400    26.4799 0.0000e+00
 208.584282     85.519  34.444768     7.2062    1.93268     84.788    33.8303    26.4701 0.0000e+00
 208.584288     84.997  34.452704     7.2219    1.95183     84.270    33.8238    26.4628 0.0000e+00
 208.584294     84.480  34.460464     7.2328    1.96991     83.758    33.8219    26.4597 0.0000e+00
 208.584300     83.971  34.465518     7.2391    1.99950     83.253    33.8215    26.4585 0.0000e+00
 208.584306     83.474  34.468451     7.2433    2.02782     82.761    33.8208    26.4574 0.0000e+00
 208.584311     82.986  34.470383     7.2481    2.03383     82.277    33.8185    26.4549 0.0000e+00
 208.584317     82.498  34.472218     7.2549    2.04516     81.793    33.8140    26.4504 0.0000e+00
 208.584323     82.001  34.474170     7.2627    2.05582     81.300    33.8088    26.4452 0.0000e+00
 208.584329     81.492  34.475489     7.2703    2.07126     80.796    33.8030    26.4396 0.0000e+00
 208.584334     80.978  34.476263     7.2771    2.08060     80.286    33.7975    26.4343 0.0000e+00
 208.584340     80.469  34.476975     7.2832    2.07531     79.782    33.7925    26.4296 0.0000e+00
 208.584346     79.972  34.477467     7.2891    2.08604     79.289    33.7876    26.4248 0.0000e+00
 208.584352     79.489  34.478406     7.2944    2.09315     78.810    33.7836    26.4210 0.0000e+00
 208.584358     79.023  34.479932     7.2975    2.10467     78.348    33.7825    26.4196 0.0000e+00
 208.584363     78.575  34.480731     7.2976    2.13323     77.904    33.7835    26.4204 0.0000e+00
 208.584369     78.138  34.480757     7.2973    2.15206     77.471    33.7840    26.4208 0.0000e+00
 208.584375     77.701  34.481176     7.3015    2.18111     77.038    33.7806    26.4175 0.0000e+00
 208.584381     77.254  34.483117     7.3106    2.20872     76.595    33.7740    26.4111 0.0000e+00
 208.584387     76.793  34.486933     7.3198    2.22963     76.138    33.7694    26.4062 0.0000e+00
 208.584392     76.325  34.490994     7.3265    2.27040     75.674    33.7675    26.4038 0.0000e+00
 208.584398     75.848  34.494001     7.3333    2.32954     75.201    33.7644    26.4003 0.0000e+00
 208.584404     75.359  34.497173     7.3427    2.38447     74.716    33.7589    26.3947 0.0000e+00
 208.584410     74.853  34.501384     7.3526    2.43263     74.215    33.7541    26.3895 0.0000e+00
 208.584416     74.330  34.505533     7.3597    2.46047     73.696    33.7519    26.3868 0.0000e+00
 208.584421     73.801  34.508439     7.3644    2.48944     73.172    33.7508    26.3852 0.0000e+00
 208.584427     73.267  34.510623     7.3696    2.53272     72.643    33.7483    26.3826 0.0000e+00
 208.584433     72.719  34.513889     7.3773    2.57969     72.099    33.7446    26.3786 0.0000e+00
 208.584439     72.157  34.518679     7.3861    2.61028     71.542    33.7415    26.3749 0.0000e+00
 208.584444     71.596  34.522979     7.3926    2.62309     70.986    33.7401    26.3729 0.0000e+00
 208.584450     71.061  34.524687     7.3955    2.63106     70.456    33.7394    26.3719 0.0000e+00
 208.584456     70.565  34.524413     7.3961    2.64196     69.964    33.7388    26.3713 0.0000e+00
 208.584462     70.101  34.523487     7.3965    2.66273     69.504    33.7376    26.3703 0.0000e+00
 208.584468     69.658  34.521804     7.3968    2.68572     69.065    33.7357    26.3688 0.0000e+00
 208.584473     69.220  34.519933     7.3971    2.70216     68.631    33.7336    26.3671 0.0000e+00
 208.584479     68.769  34.517631     7.3980    2.70710     68.184    33.7304    26.3645 0.0000e+00
 208.584485     68.287  34.512959     7.3989    2.71149     67.706    33.7247    26.3598 0.0000e+00
 208.584491     67.767  34.505864     7.3987    2.71568     67.190    33.7175    26.3541 0.0000e+00
 208.584497     67.209  34.497545     7.3968    2.73494     66.637    33.7105    26.3490 0.0000e+00
 208.584502     66.629  34.488135     7.3938    2.75248     66.062    33.7035    26.3439 0.0000e+00
 208.584508     66.046  34.476871     7.3905    2.75830     65.484    33.6948    26.3374 0.0000e+00
 208.584514     65.474  34.465564     7.3882    2.76047     64.917    33.6850    26.3301 0.0000e+00
 208.584520     64.929  34.458770     7.3872    2.75222     64.377    33.6789    26.3254 0.0000e+00
 208.584525     64.414  34.456409     7.3867    2.75634     63.866    33.6771    26.3240 0.0000e+00
 208.584531     63.918  34.454785     7.3859    2.75803     63.375    33.6763    26.3235 0.0000e+00
 208.584537     63.426  34.451743     7.3841    2.75923     62.887    33.6750    26.3227 0.0000e+00
 208.584543     62.929  34.446597     7.3820    2.77127     62.394    33.6717    26.3204 0.0000e+00
 208.584549     62.430  34.440906     7.3802    2.76478     61.900    33.6675    26.3174 0.0000e+00
 208.584554     61.939  34.436623     7.3788    2.76726     61.413    33.6645    26.3152 0.0000e+00
 208.584560     61.460  34.433652     7.3779    2.75162     60.938    33.6623    26.3136 0.0000e+00
 208.584566     60.984  34.430845     7.3764    2.73980     60.466    33.6610    26.3127 0.0000e+00
 208.584572     60.496  34.426151     7.3737    2.74464     59.982    33.6587    26.3113 0.0000e+00
 208.584578     59.994  34.418367     7.3703    2.74476     59.485    33.6538    26.3080 0.0000e+00
 208.584583     59.481  34.410015     7.3674    2.74773     58.976    33.6478    26.3036 0.0000e+00
 208.584589     58.966  34.402865     7.3656    2.75350     58.466    33.6421    26.2993 0.0000e+00
 208.584595     58.445  34.395240     7.3654    2.74052     57.949    33.6342    26.2932 0.0000e+00
 208.584601     57.910  34.385954     7.3683    2.72540     57.419    33.6216    26.2828 0.0000e+00
 208.584606     57.358  34.374968     7.3770    2.72043     56.871    33.6015    26.2658 0.0000e+00
 208.584612     56.792  34.363338     7.3928    2.72487     56.310    33.5738    26.2418 0.0000e+00
 208.584618     56.223  34.353507     7.4131    2.73951     55.746    33.5437    26.2153 0.0000e+00
 208.584624     55.662  34.347516     7.4314    2.76405     55.190    33.5198    26.1939 0.0000e+00
 208.584630     55.116  34.345800     7.4443    2.76519     54.649    33.5057    26.1810 0.0000e+00
 208.584635     54.586  34.346648     7.4565    2.77556     54.123    33.4951    26.1709 0.0000e+00
 208.584641     54.058  34.348398     7.4746    2.78087     53.600    33.4798    26.1563 0.0000e+00
 208.584647     53.520  34.352273     7.5040    2.77037     53.066    33.4559    26.1334 0.0000e+00
 208.584653     52.964  34.360648     7.5392    2.77109     52.515    33.4313    26.1091 0.0000e+00
 208.584659     52.394  34.371810     7.5685    2.76912     51.950    33.4154    26.0924 0.0000e+00
 208.584664     51.828  34.381598     7.5906    2.75737     51.389    33.4050    26.0811 0.0000e+00
 208.584670     51.287  34.389627     7.6051    2.75125     50.853    33.4000    26.0751 0.0000e+00
 208.584676     50.778  34.394847     7.6108    2.73363     50.348    33.4004    26.0746 0.0000e+00
 208.584682     50.295  34.395823     7.6158    2.72829     49.869    33.3969    26.0711 0.0000e+00
 208.584688     49.821  34.395550     7.6261    2.74651     49.399    33.3869    26.0618 0.0000e+00
 208.584693     49.334  34.394232     7.6467    2.77725     48.916    33.3660    26.0424 0.0000e+00
 208.584699     48.819  34.387319     7.6828    2.83777     48.406    33.3242    26.0044 0.0000e+00
 208.584705     48.275  34.373453     7.7255    2.92355     47.866    33.2687    25.9547 0.0000e+00
 208.584711     47.701  34.357142     7.7612    3.01465     47.297    33.2174    25.9092 0.0000e+00
 208.584716     47.103  34.340197     7.7882    3.13312     46.705    33.1737    25.8711 0.0000e+00
 208.584722     46.499  34.318545     7.8123    3.25831     46.106    33.1279    25.8316 0.0000e+00
 208.584728     45.902  34.294724     7.8358    3.37868     45.514    33.0804    25.7909 0.0000e+00
 208.584734     45.317  34.277349     7.8578    3.48211     44.934    33.0412    25.7569 0.0000e+00
 208.584740     44.744  34.267745     7.8764    3.56076     44.366    33.0136    25.7326 0.0000e+00
 208.584745     44.179  34.262086     7.8894    3.62433     43.806    32.9955    25.7165 0.0000e+00
 208.584751     43.619  34.258813     7.8963    3.68885     43.250    32.9858    25.7078 0.0000e+00
 208.584757     43.076  34.258055     7.8973    3.73486     42.712    32.9843    25.7065 0.0000e+00
 208.584763     42.557  34.259742     7.8955    3.77369     42.197    32.9880    25.7097 0.0000e+00
 208.584769     42.052  34.263883     7.8997    3.80976     41.697    32.9887    25.7096 0.0000e+00
 208.584774     41.541  34.268714     7.9230    3.85298     41.190    32.9721    25.6932 0.0000e+00
 208.584780     41.013  34.272830     7.9777    3.91722     40.667    32.9252    25.6484 0.0000e+00
 208.584786     40.461  34.282277     8.0559    3.97599     40.119    32.8620    25.5875 0.0000e+00
 208.584792     39.882  34.301809     8.1284    4.03991     39.545    32.8151    25.5400 0.0000e+00
 208.584797     39.289  34.323845     8.1821    4.06538     38.957    32.7885    25.5113 0.0000e+00
 208.584803     38.690  34.341350     8.2333    4.05481     38.363    32.7596    25.4810 0.0000e+00
 208.584809     38.090  34.360300     8.2940    4.05122     37.769    32.7233    25.4436 0.0000e+00
 208.584815     37.498  34.386350     8.3495    4.03334     37.182    32.6995    25.4167 0.0000e+00
 208.584821     36.923  34.415566     8.3728    4.04055     36.612    32.7090    25.4207 0.0000e+00
 208.584826     36.368  34.431978     8.3636    4.05079     36.061    32.7351    25.4425 0.0000e+00
 208.584832     35.831  34.428332     8.3599    4.06281     35.529    32.7349    25.4429 0.0000e+00
 208.584838     35.308  34.427242     8.3814    4.05016     35.010    32.7140    25.4233 0.0000e+00
 208.584844     34.788  34.441265     8.4259    4.01767     34.495    32.6877    25.3961 0.0000e+00
 208.584850     34.254  34.465552     8.5031    3.98619     33.965    32.6420    25.3486 0.0000e+00
 208.584855     33.690  34.505024     8.6046    3.95219     33.406    32.5900    25.2925 0.0000e+00
 208.584861     33.086  34.556817     8.6978    3.92284     32.807    32.5586    25.2539 0.0000e+00
 208.584867     32.446  34.603672     8.7673    3.89370     32.173    32.5440    25.2318 0.0000e+00
 208.584873     31.781  34.638570     8.8220    3.84661     31.513    32.5305    25.2128 0.0000e+00
 208.584878     31.105  34.669380     8.8735    3.79630     30.843    32.5157    25.1933 0.0000e+00
 208.584884     30.433  34.702998     8.9245    3.74412     30.177    32.5043    25.1765 0.0000e+00
 208.584890     29.784  34.738287     8.9670    3.70094     29.533    32.5024    25.1684 0.0000e+00
 208.584896     29.171  34.766811     8.9870    3.67276     28.925    32.5140    25.1744 0.0000e+00
 208.584902     28.604  34.778965     8.9792    3.66366     28.363    32.5340    25.1913 0.0000e+00
 208.584907     28.085  34.770783     8.9661    3.66759     27.849    32.5377    25.1962 0.0000e+00
 208.584913     27.605  34.759953     8.9724    3.67682     27.373    32.5209    25.1821 0.0000e+00
 208.584919     27.148  34.766231     8.9870    3.68482     26.920    32.5143    25.1746 0.0000e+00
 208.584925     26.694  34.777239     8.9988    3.69191     26.470    32.5151    25.1734 0.0000e+00
 208.584931     26.221  34.785233     9.0204    3.68933     26.001    32.5039    25.1613 0.0000e+00
 208.584936     25.713  34.799756     9.0723    3.68533     25.497    32.4718    25.1281 0.0000e+00
 208.584942     25.163  34.835687     9.1620    3.68990     24.951    32.4275    25.0794 0.0000e+00
 208.584948     24.576  34.903936     9.2666    3.70699     24.369    32.4032    25.0439 0.0000e+00
 208.584954     23.959  34.985066     9.3598    3.74411     23.758    32.4026    25.0286 0.0000e+00
 208.584959     23.326  35.054963     9.4398    3.79593     23.130    32.4022    25.0156 0.0000e+00
 208.584965     22.689  35.113216     9.5147    3.83413     22.498    32.3946    24.9976 0.0000e+00
 208.584971     22.053  35.167431     9.5844    3.85890     21.868    32.3874    24.9808 0.0000e+00
 208.584977     21.420  35.217585     9.6438    3.88441     21.240    32.3854    24.9696 0.0000e+00
 208.584983     20.799  35.259362     9.6858    3.89794     20.624    32.3905    24.9668 0.0000e+00
 208.584988     20.200  35.287927     9.7042    3.91621     20.030    32.4033    24.9738 0.0000e+00
 208.584994     19.633  35.298209     9.7059    3.92775     19.468    32.4125    24.9807 0.0000e+00
 208.585000     19.100  35.294955     9.7113    3.93775     18.940    32.4046    24.9736 0.0000e+00
 208.585006     18.598  35.297943     9.7278    3.94863     18.442    32.3930    24.9619 0.0000e+00
 208.585012     18.116  35.313399     9.7414    3.97280     17.964    32.3967    24.9626 0.0000e+00
 208.585017     17.640  35.324928     9.7594    4.00266     17.492    32.3924    24.9563 0.0000e+00
 208.585023     17.157  35.340057     9.8034    4.04425     17.013    32.3685    24.9304 0.0000e+00
 208.585029     16.659  35.378399     9.8630    4.09379     16.519    32.3542    24.9095 0.0000e+00
 208.585035     16.138  35.426041     9.9202    4.13851     16.003    32.3515    24.8979 0.0000e+00
 208.585041     15.589  35.467459     9.9808    4.17742     15.458    32.3394    24.8785 0.0000e+00
 208.585046     15.009  35.511913    10.0549    4.18802     14.883    32.3184    24.8498 0.0000e+00
 208.585052     14.410  35.571028    10.1355    4.18860     14.289    32.3064    24.8270 0.0000e+00
 208.585058     13.804  35.637848    10.2042    4.17962     13.688    32.3127    24.8205 0.0000e+00
 208.585064     13.206  35.694387    10.2514    4.16280     13.095    32.3279    24.8244 0.0000e+00
 208.585069     12.627  35.733062    10.2784    4.14631     12.521    32.3430    24.8316 0.0000e+00
 208.585075     12.074  35.753870    10.2920    4.13897     11.973    32.3520    24.8363 0.0000e+00
 208.585081     11.541  35.762138    10.3044    4.20445     11.444    32.3495    24.8323 0.0000e+00
 208.585087     11.026  35.770015    10.3328    4.30948     10.934    32.3324    24.8141 0.0000e+00
 208.585093     10.524  35.790250    10.4096    4.48450     10.436    32.2846    24.7639 0.0000e+00
 208.585098     10.035  35.848144    10.5808    4.75738      9.951    32.1912    24.6619 0.0000e+00
 208.585104      9.561  35.983883    10.8731    5.10568      9.481    32.0694    24.5166 0.0000e+00
 208.585110      9.103  36.222014    11.2610    5.49191      9.027    31.9664    24.3683 0.0000e+00
 208.585116      8.660  36.538567    11.6888    5.90154      8.588    31.9062    24.2446 0.0000e+00
 208.585122      8.236  36.882361    12.1377    6.31242      8.167    31.8541    24.1215 0.0000e+00
 208.585127      7.824  37.250866    12.5915    6.68111      7.759    31.8212    24.0104 0.0000e+00
 208.585133      7.420  37.633520    13.0002    6.98842      7.358    31.8389    23.9453 0.0000e+00
 208.585139      7.028  37.978582    13.3379    7.27623      6.969    31.8794    23.9103 0.0000e+00
 208.585145      6.653  38.266616    13.5986    7.54030      6.597    31.9299    23.8973 0.0000e+00
 208.585150      6.293  38.484568    13.7878    7.76900      6.240    31.9743    23.8933 0.0000e+00
 208.585156      5.946  38.638114    13.9381    7.96305      5.896    31.9910    23.8757 0.0000e+00
 208.585162      5.615  38.764843    14.0821    8.07611      5.568    31.9881    23.8439 0.0000e+00
 208.585168      5.307  38.895183    14.2270 -9.990e-29      5.263    31.9876    23.8137 0.0000e+00
