data/oxygen options/OCNMS/OCNMS2/raw_data/2004/CTD_CA70_072704faed.cnv
* Sea-Bird SBE19 Data File:
* FileName = C:\WINDOWS\Desktop\put hypoxia files here\CTD files\July 26_27-04\CA\CA7_072704.hex
* Software Version 1.1.4
* Temperature SN = 2997
* Conductivity SN = 2997
* System UpLoad Time = Jul 27 2004 15:32:34
* SEACAT PROFILER V3.1c SN 2997   07/27/04  15:31:44.759
* strain gauge pressure sensor: S/N = 184829,  range = 3000 psia,  tc = 40
# nquan = 9                                 
# nvalues = 730                         
# units = specified
# name 0 = timeJ: Julian Days
# name 1 = prSM: Pressure, Strain Gauge [db]
# name 2 = c0mS/cm: Conductivity [mS/cm]
# name 3 = t090C: Temperature [ITS-90, deg C]
# name 4 = oxML/L: Oxygen, Beckman/YSI [ml/l]
# name 5 = depSM: Depth [salt water, m], lat = 47.5
# name 6 = sal00: Salinity, Practical [PSU]
# name 7 = sigma-é00: Density [sigma-theta, kg/m^3]
# name 8 = flag: flag
# span 0 = 209.558634, 209.562853       
# span 1 =     -4.871,     68.686       
# span 2 =   1.497706,  40.165701       
# span 3 =     7.1368,    15.6135       
# span 4 =   -0.05330,   29.34452       
# span 5 =     -4.830,     68.101       
# span 6 =     0.9565,    33.8437       
# span 7 =    -0.0945,    26.4892       
# span 8 = 0.0000e+00, 0.0000e+00       
# interval = seconds: 0.5
# start_time = Jul 27 2004 13:24:26 [Instrument's time stamp, header]
# bad_flag = -9.990e-29
*END*
[from data line 321]
 209.560492      0.855  40.107630    15.5516    6.75349      0.848    31.9971    23.5384 -9.990e-29
 209.560498      0.858  40.108835    15.5547    6.76181      0.851    31.9957    23.5366 -9.990e-29
 209.560503      0.862  40.111356    15.5585    6.77273      0.855    31.9948    23.5351 -9.990e-29
 209.560509      0.860  40.114628    15.5631    6.79149      0.853    31.9940    23.5335 -9.990e-29
 209.560515      0.852  40.119093    15.5671    6.78465      0.845    31.9947    23.5331 -9.990e-29
 209.560521      0.846  40.122851    15.5695    6.75866      0.839    31.9961    23.5337 -9.990e-29
 209.560527      0.844  40.124187    15.5723    6.75638      0.837    31.9950    23.5322 -9.990e-29
 209.560532      0.844  40.126573    15.5754    6.75929      0.837    31.9947    23.5313 -9.990e-29
 209.560538      0.841  40.130949    15.5763    6.77506      0.834    31.9978    23.5335 -9.990e-29
 209.560544      0.838  40.133056    15.5755    6.76926      0.831    32.0003    23.5356 -9.990e-29
 209.560550      0.840  40.132343    15.5759    6.76109      0.833    31.9994    23.5348 -9.990e-29
 209.560556      0.843  40.131790    15.5790    6.75356      0.836    31.9964    23.5318 -9.990e-29
 209.560561      0.843  40.134033    15.5822    6.74613      0.836    31.9958    23.5306 -9.990e-29
 209.560567      0.844  40.137014    15.5804    6.75581      0.837    31.9999    23.5342 -9.990e-29
 209.560573      0.850  40.135737    15.5746    6.76930      0.843    32.0034    23.5382 -9.990e-29
 209.560579      0.862  40.130751    15.5721    6.77887      0.855    32.0010    23.5369 -9.990e-29
 209.560584      0.876  40.127756    15.5772    6.78031      0.869    31.9942    23.5305 -9.990e-29
 209.560590      0.885  40.132301    15.5898    6.77908      0.878    31.9880    23.5230 -9.990e-29
 209.560596      0.889  40.144274    15.6054    6.76838      0.882    31.9860    23.5180 -9.990e-29
 209.560602      0.896  40.158325    15.6135    6.76162      0.889    31.9919    23.5208 -9.990e-29
 209.560608      0.908  40.165701    15.6083    6.75930      0.900    32.0027    23.5302 -9.990e-29
 209.560613      0.917  40.161655    15.5981    6.76235      0.909    32.0074    23.5361 -9.990e-29
 209.560619      0.923  40.152583    15.5943    6.77931      0.915    32.0024    23.5331 -9.990e-29
 209.560625      0.930  40.148277    15.5981    6.78469      0.922    31.9955    23.5269 -9.990e-29
 209.560631      0.936  40.151412    15.6037    6.77964      0.928    31.9937    23.5243 -9.990e-29
 209.560637      0.936  40.156634    15.6077    6.76007      0.928    31.9951    23.5245 -9.990e-29
 209.560642      0.934  40.160250    15.6090    6.75008      0.926    31.9973    23.5259 -9.990e-29
 209.560648      0.938  40.162039    15.6054    6.75372      0.930    32.0018    23.5302 -9.990e-29
 209.560654      0.950  40.159903    15.5937    6.76161      0.942    32.0094    23.5386 -9.990e-29
 209.560660      0.960  40.149877    15.5777    6.76815      0.952    32.0135    23.5452 -9.990e-29
 209.560666      0.967  40.133747    15.5672    6.76322      0.959    32.0076    23.5431 -9.990e-29
 209.560671      0.969  40.122551    15.5639    6.77258      0.961    32.0004    23.5382 -9.990e-29
 209.560677      0.967  40.119882    15.5639    6.76948      0.959    31.9980    23.5364 -9.990e-29
 209.560683      0.966  40.119378    15.5614    6.76366      0.958    31.9996    23.5381 -9.990e-29
 209.560689      0.970  40.115881    15.5527    6.76808      0.962    32.0035    23.5431 -9.990e-29
 209.560694      0.973  40.108103    15.5442    6.76147      0.965    32.0035    23.5449 -9.990e-29
 209.560700      0.978  40.101951    15.5388    6.77153      0.970    32.0024    23.5453 -9.990e-29
 209.560706      0.987  40.097079    15.5338    6.76861      0.979    32.0022    23.5462 -9.990e-29
 209.560712      0.998  40.090361    15.5309    6.76271      0.990    31.9985    23.5440 -9.990e-29
 209.560718      1.008  40.087433    15.5316    6.76613      1.000    31.9953    23.5414 -9.990e-29
 209.560723      1.016  40.089444    15.5336    6.76488      1.008    31.9955    23.5411 -9.990e-29
 209.560729      1.022  40.092344    15.5345    6.78003      1.013    31.9974    23.5423 -9.990e-29
 209.560735      1.029  40.094956    15.5351    6.78111      1.020    31.9992    23.5436 -9.990e-29
 209.560741      1.035  40.097962    15.5368    6.78721      1.026    32.0005    23.5442 -9.990e-29
 209.560747      1.042  40.100510    15.5412    6.77888      1.033    31.9992    23.5423 -9.990e-29
 209.560752      1.045  40.103184    15.5507    6.76780      1.036    31.9938    23.5361 -9.990e-29
 209.560758      1.040  40.110259    15.5635    6.77173      1.031    31.9897    23.5301 -9.990e-29
 209.560764      1.032  40.121001    15.5698    6.76352      1.023    31.9942    23.5321 -9.990e-29
 209.560770      1.023  40.125729    15.5637    6.76329      1.014    32.0033    23.5405 -9.990e-29
 209.560775      1.015  40.119464    15.5509    6.76079      1.007    32.0082    23.5470 -9.990e-29
 209.560781      1.010  40.108385    15.5387    6.75958      1.002    32.0082    23.5498 -9.990e-29
 209.560787      1.012  40.098417    15.5292    6.76924      1.004    32.0071    23.5510 -9.990e-29
 209.560793      1.017  40.090231    15.5226    6.77409      1.009    32.0051    23.5509 -9.990e-29
 209.560799      1.021  40.084633    15.5214    6.77806      1.012    32.0011    23.5481 -9.990e-29
 209.560804      1.025  40.083632    15.5265    6.78227      1.016    31.9961    23.5431 -9.990e-29
 209.560810      1.028  40.087514    15.5354    6.78714      1.019    31.9923    23.5383 -9.990e-29
 209.560816      1.027  40.095220    15.5446    6.77902      1.018    31.9917    23.5358 -9.990e-29
 209.560822      1.018  40.104058    15.5504    6.77284      1.010    31.9949    23.5369 -9.990e-29
 209.560828      1.008  40.108918    15.5505    6.75982      1.000    31.9991    23.5402 -9.990e-29
 209.560833      1.009  40.108364    15.5461    6.75552      1.001    32.0022    23.5435 -9.990e-29
 209.560839      1.021  40.104965    15.5392    6.76501      1.012    32.0048    23.5470 -9.990e-29
 209.560845      1.038  40.099177    15.5312    6.76965      1.029    32.0061    23.5498 -9.990e-29
 209.560851      1.055  40.091076    15.5252    6.77216      1.046    32.0038    23.5493 -9.990e-29
 209.560856      1.069  40.084386    15.5239    6.77218      1.060    31.9989    23.5458 -9.990e-29
 209.560862      1.077  40.083027    15.5276    6.76549      1.068    31.9947    23.5418 -9.990e-29
 209.560868      1.080  40.087368    15.5330    6.77628      1.071    31.9941    23.5402 -9.990e-29
 209.560874      1.077  40.093034    15.5362    6.77833      1.068    31.9966    23.5413 -9.990e-29
 209.560880      1.073  40.095737    15.5394    6.77759      1.064    31.9964    23.5405 -9.990e-29
 209.560885      1.071  40.099018    15.5442    6.77687      1.062    31.9954    23.5387 -9.990e-29
 209.560891      1.073  40.104386    15.5479    6.76637      1.064    31.9972    23.5392 -9.990e-29
 209.560897      1.076  40.107714    15.5498    6.77465      1.067    31.9986    23.5399 -9.990e-29
 209.560903      1.083  40.108889    15.5498    6.77342      1.074    31.9996    23.5407 -9.990e-29
 209.560909      1.094  40.108857    15.5477    6.76219      1.085    32.0013    23.5425 -9.990e-29
 209.560914      1.104  40.106951    15.5453    6.77213      1.095    32.0015    23.5432 -9.990e-29
 209.560920      1.110  40.104495    15.5446    6.77184      1.101    31.9999    23.5421 -9.990e-29
 209.560926      1.116  40.103763    15.5473    6.79063      1.107    31.9971    23.5393 -9.990e-29
 209.560932      1.124  40.105961    15.5524    6.79546      1.115    31.9949    23.5365 -9.990e-29
 209.560937      1.130  40.110592    15.5566    6.78506      1.121    31.9956    23.5361 -9.990e-29
 209.560943      1.137  40.114789    15.5583    6.77372      1.128    31.9979    23.5376 -9.990e-29
 209.560949      1.147  40.116793    15.5588    6.76251      1.137    31.9993    23.5385 -9.990e-29
 209.560955      1.156  40.117532    15.5583    6.77640      1.146    32.0004    23.5394 -9.990e-29
 209.560961      1.164  40.116243    15.5551    6.78228      1.154    32.0018    23.5413 -9.990e-29
 209.560966      1.168  40.111709    15.5504    6.78604      1.158    32.0016    23.5421 -9.990e-29
 209.560972      1.168  40.106799    15.5497    6.77253      1.158    31.9978    23.5393 -9.990e-29
 209.560978      1.168  40.106687    15.5540    6.75916      1.158    31.9942    23.5356 -9.990e-29
 209.560984      1.164  40.112283    15.5568    6.75637      1.154    31.9969    23.5371 -9.990e-29
 209.560990      1.156  40.115836    15.5518    6.76372      1.146    32.0042    23.5438 -9.990e-29
 209.560995      1.151  40.110238    15.5416    6.77759      1.141    32.0075    23.5485 -9.990e-29
 209.561001      1.150  40.100313    15.5346    6.77090      1.140    32.0043    23.5477 -9.990e-29
 209.561007      1.147  40.094648    15.5330    6.76221      1.137    32.0006    23.5451 -9.990e-29
 209.561013      1.144  40.094039    15.5345    6.76271      1.134    31.9988    23.5435 -9.990e-29
 209.561019      1.139  40.095929    15.5371    6.76880      1.129    31.9984    23.5426 -9.990e-29
 209.561024      1.137  40.098288    15.5387    6.78192      1.128    31.9992    23.5428 -9.990e-29
 209.561030      1.142  40.099149    15.5405    6.77308      1.132    31.9985    23.5419 -9.990e-29
 209.561036      1.149  40.100720    15.5443    6.76174      1.139    31.9968    23.5398 -9.990e-29
 209.561042      1.151  40.105035    15.5476    6.76657      1.141    31.9980    23.5399 -9.990e-29
 209.561047      1.148  40.108243    15.5477    6.76687      1.138    32.0007    23.5420 -9.990e-29
 209.561053      1.148  40.107267    15.5450    6.77802      1.138    32.0021    23.5436 -9.990e-29
 209.561059      1.152  40.104111    15.5418    6.77841      1.142    32.0018    23.5442 -9.990e-29
 209.561065      1.154  40.101238    15.5409    6.76454      1.144    32.0000    23.5430 -9.990e-29
 209.561071      1.160  40.100929    15.5427    6.77000      1.150    31.9983    23.5412 -9.990e-29
 209.561076      1.174  40.103830    15.5451    6.77138      1.164    31.9989    23.5412 -9.990e-29
 209.561082      1.194  40.107014    15.5462    6.78488      1.184    32.0008    23.5424 -9.990e-29
 209.561088      1.210  40.107931    15.5475    6.79123      1.200    32.0006    23.5420 -9.990e-29
 209.561094      1.221  40.107741    15.5520    6.77043      1.211    31.9968    23.5380 -9.990e-29
 209.561100      1.227  40.110618    15.5588    6.77040      1.217    31.9938    23.5343 -9.990e-29
 209.561105      1.233  40.116967    15.5637    6.78206      1.223    31.9955    23.5345 -9.990e-29
 209.561111      1.247  40.122286    15.5644    6.79635      1.237    31.9996    23.5375 -9.990e-29
 209.561117      1.275  40.122946    15.5630    6.81418      1.264    32.0013    23.5391 -9.990e-29
 209.561123      1.315  40.121450    15.5629    6.85152      1.304    32.0001    23.5382 -9.990e-29
 209.561128      1.360  40.122475    15.5640    6.83157      1.349    32.0001    23.5380 -9.990e-29
 209.561134      1.408  40.125080    15.5660    6.78661      1.396    32.0007    23.5380 -9.990e-29
 209.561140      1.468  40.127625    15.5657    6.76139      1.456    32.0032    23.5400 -9.990e-29
 209.561146      1.551  40.128392    15.5476    6.73056      1.538    32.0186    23.5558 -9.990e-29
 209.561152      1.663  40.115997    15.4933    6.72800      1.649    32.0517    23.5932 -9.990e-29
 209.561157      1.798  40.072170    15.4120    6.72139      1.783    32.0788    23.6318 0.0000e+00
 209.561163      1.952  39.999015    15.3353    6.73056      1.936    32.0760    23.6464 0.0000e+00
 209.561169      2.130  39.926865    15.2683    6.73965      2.112    32.0662    23.6534 0.0000e+00
 209.561175      2.339  39.867180    15.1955    6.73896      2.319    32.0722    23.6738 0.0000e+00
 209.561181      2.580  39.803153    15.1229    6.74572      2.558    32.0741    23.6909 0.0000e+00
 209.561186      2.851  39.738564    15.0668    6.76808      2.827    32.0619    23.6936 0.0000e+00
 209.561192      3.153  39.689907    15.0266    6.82028      3.127    32.0510    23.6939 0.0000e+00
 209.561198      3.486  39.655073    14.9933    6.85830      3.457    32.0468    23.6978 0.0000e+00
 209.561204      3.851  39.626262    14.9618    6.85984      3.819    32.0466    23.7044 0.0000e+00
 209.561209      4.245  39.598658    14.9311    6.86686      4.210    32.0467    23.7111 0.0000e+00
 209.561215      4.668  39.570738    14.8971    6.91190      4.629    32.0493    23.7203 0.0000e+00
 209.561221      5.121  39.539998    14.8456    6.95057      5.078    32.0637    23.7424 0.0000e+00
 209.561227      5.607  39.493438    14.7634    6.94301      5.560    32.0891    23.7795 0.0000e+00
 209.561233      6.127  39.420532    14.6500    6.87719      6.076    32.1164    23.8245 0.0000e+00
 209.561238      6.675  39.325563    14.5005    6.79735      6.619    32.1536    23.8847 0.0000e+00
 209.561244      7.243  39.206391    14.2945    6.61183      7.182    32.2158    23.9757 0.0000e+00
 209.561250      7.838  39.043749    14.0395    6.34002      7.772    32.2794    24.0776 0.0000e+00
 209.561256      8.467  38.844565    13.7617    6.08908      8.396    32.3287    24.1725 0.0000e+00
 209.561262      9.115  38.620888    13.4280    5.83870      9.039    32.4028    24.2970 0.0000e+00
 209.561267      9.762  38.334132    12.9842    5.63395      9.680    32.5122    24.4695 0.0000e+00
 209.561273     10.408  37.950237    12.4809    5.44896     10.321    32.5814    24.6206 0.0000e+00
 209.561279     11.054  37.517644    12.0478    5.28398     10.961    32.5422    24.6721 0.0000e+00
 209.561285     11.695  37.151052    11.7310    5.19360     11.597    32.4634    24.6696 0.0000e+00
 209.561291     12.328  36.897731    11.4929    5.12311     12.225    32.4246    24.6829 0.0000e+00
 209.561296     12.959  36.718724    11.3291    5.02099     12.850    32.3927    24.6876 0.0000e+00
 209.561302     13.591  36.609116    11.2477    4.93519     13.477    32.3562    24.6738 0.0000e+00
 209.561308     14.220  36.575772    11.2223    4.86719     14.101    32.3455    24.6700 0.0000e+00
 209.561314     14.851  36.602750    11.1887    4.80755     14.727    32.4013    24.7194 0.0000e+00
 209.561319     15.492  36.633974    11.0987    4.73079     15.362    32.5112    24.8209 0.0000e+00
 209.561325     16.135  36.602782    10.9691    4.65247     16.000    32.5950    24.9090 0.0000e+00
 209.561331     16.775  36.534824    10.8206    4.56616     16.634    32.6595    24.9852 0.0000e+00
 209.561337     17.408  36.460553    10.6538    4.49816     17.262    32.7344    25.0726 0.0000e+00
 209.561343     18.037  36.357126    10.4737    4.45972     17.886    32.7925    25.1489 0.0000e+00
 209.561348     18.663  36.227882    10.3040    4.40894     18.506    32.8155    25.1957 0.0000e+00
 209.561354     19.284  36.103976    10.1782    4.35088     19.122    32.8040    25.2081 0.0000e+00
 209.561360     19.895  36.011335    10.1053    4.28854     19.728    32.7761    25.1986 0.0000e+00
 209.561366     20.493  35.957569    10.0673    4.22208     20.321    32.7558    25.1891 0.0000e+00
 209.561372     21.077  35.929230    10.0391    4.17391     20.900    32.7524    25.1912 0.0000e+00
 209.561377     21.650  35.904728     9.9970    4.12074     21.468    32.7655    25.2084 0.0000e+00
 209.561383     22.218  35.865349     9.9278    4.09569     22.031    32.7880    25.2375 0.0000e+00
 209.561389     22.788  35.802268     9.8390    4.05600     22.597    32.8044    25.2649 0.0000e+00
 209.561395     23.358  35.723839     9.7431    4.01321     23.162    32.8115    25.2863 0.0000e+00
 209.561400     23.924  35.640932     9.6506    3.98368     23.723    32.8110    25.3010 0.0000e+00
 209.561406     24.485  35.560685     9.5834    3.95263     24.279    32.7899    25.2955 0.0000e+00
