data/oxygen options/OCNMS/OCNMS2/raw_data/2004/CTD_TH30 _072704faed.cnv
* Sea-Bird SBE19 Data File:
* FileName = C:\WINDOWS\Desktop\put hypoxia files here\CTD files\July 26_27-04\TH\TH3 _072704.hex
* Software Version 1.1.4
* Temperature SN = 2997
* Conductivity SN = 2997
* System UpLoad Time = Jul 27 2004 11:48:28
* SEACAT PROFILER V3.1c SN 2997   07/27/04  11:46:49.411
* strain gauge pressure sensor: S/N = 184829,  range = 3000 psia,  tc = 40
# nquan = 9                                 
# nvalues = 874                         
# units = specified
# name 0 = timeJ: Julian Days
# name 1 = prSM: Pressure, Strain Gauge [db]
# name 2 = c0mS/cm: Conductivity [mS/cm]
# name 3 = t090C: Temperature [ITS-90, deg C]
# name 4 = oxML/L: Oxygen, Beckman/YSI [ml/l]
# name 5 = depSM: Depth [salt water, m], lat = 47.5
# name 6 = sal00: Salinity, Practical [PSU]
# name 7 = sigma-é00: Density [sigma-theta, kg/m^3]
# name 8 = flag: flag
# span 0 = 209.354884, 209.359936       
# span 1 =     -5.469,     31.179       
# span 2 =   0.037542,  37.417176       
# span 3 =     7.6982,    13.2006       
# span 4 =   -0.05616,   34.09268       
# span 5 =     -5.423,     30.916       
# span 6 =     0.0258,    33.3479       
# span 7 =    -0.6267,    26.0065       
# span 8 = 0.0000e+00, 0.0000e+00       
# interval = seconds: 0.5
# start_time = Jul 27 2004 08:31:02 [Instrument's time stamp, header]
# bad_flag = -9.990e-29
*END*
[from data line 801]
 209.359520     29.969  34.402011     7.7046    3.36976     29.717    33.3280    26.0041 0.0000e+00
 209.359525     30.315  34.399103     7.6990    3.36130     30.060    33.3301    26.0065 0.0000e+00
 209.359531     30.604  34.397291     7.6982    3.36535     30.346    33.3288    26.0056 0.0000e+00
 209.359537     30.831  34.395817     7.7011    3.36412     30.571    33.3243    26.0016 0.0000e+00
 209.359543     31.003  34.395494     7.7061    3.36244     30.742    33.3191    25.9968 -9.990e-29
 209.359549     31.119  34.395872     7.7118    3.35197     30.857    33.3140    25.9920 -9.990e-29
 209.359554     31.176  34.393509     7.7174    3.34224     30.913    33.3061    25.9850 -9.990e-29
 209.359560     31.179  34.390842     7.7229    3.34583     30.916    33.2979    25.9778 -9.990e-29
 209.359566     31.128  34.392701     7.7273    3.34592     30.866    33.2958    25.9755 -9.990e-29
 209.359572     31.023  34.395941     7.7302    3.35452     30.762    33.2965    25.9756 -9.990e-29
 209.359578     30.863  34.398694     7.7315    3.34210     30.603    33.2983    25.9769 0.0000e+00
 209.359583     30.637  34.401809     7.7311    3.34932     30.379    33.3022    25.9799 0.0000e+00
 209.359589     30.343  34.403252     7.7298    3.34560     30.088    33.3051    25.9824 0.0000e+00
 209.359595     29.994  34.402125     7.7294    3.34678     29.742    33.3044    25.9819 0.0000e+00
 209.359601     29.601  34.400833     7.7308    3.34387     29.352    33.3019    25.9797 0.0000e+00
 209.359606     29.173  34.400996     7.7340    3.33947     28.927    33.2992    25.9772 0.0000e+00
 209.359612     28.717  34.402254     7.7380    3.34286     28.475    33.2969    25.9748 0.0000e+00
 209.359618     28.239  34.404584     7.7402    3.34423     28.001    33.2976    25.9750 0.0000e+00
 209.359624     27.743  34.406027     7.7400    3.33943     27.510    33.2995    25.9766 0.0000e+00
 209.359630     27.236  34.405128     7.7402    3.33522     27.007    33.2986    25.9758 0.0000e+00
 209.359635     26.727  34.404594     7.7426    3.33580     26.502    33.2960    25.9734 0.0000e+00
 209.359641     26.220  34.405937     7.7472    3.32260     26.000    33.2933    25.9706 0.0000e+00
 209.359647     25.708  34.408126     7.7529    3.31556     25.492    33.2904    25.9675 0.0000e+00
 209.359653     25.187  34.410698     7.7600    3.30587     24.975    33.2867    25.9635 0.0000e+00
 209.359659     24.660  34.414262     7.7689    3.30788     24.453    33.2822    25.9588 0.0000e+00
 209.359664     24.126  34.419066     7.7782    3.32301     23.923    33.2788    25.9547 0.0000e+00
 209.359670     23.591  34.424213     7.7882    3.32439     23.393    33.2750    25.9503 0.0000e+00
 209.359676     23.064  34.430380     7.8057    3.33953     22.870    33.2652    25.9400 0.0000e+00
 209.359682     22.545  34.442410     7.8437    3.34435     22.356    33.2421    25.9164 0.0000e+00
 209.359688     22.022  34.469039     7.9096    3.33035     21.837    33.2081    25.8802 0.0000e+00
 209.359693     21.485  34.516604     7.9952    3.34032     21.305    33.1779    25.8440 0.0000e+00
 209.359699     20.928  34.579555     8.0862    3.32589     20.752    33.1590    25.8159 0.0000e+00
 209.359705     20.354  34.647636     8.1698    3.33843     20.183    33.1527    25.7985 0.0000e+00
 209.359711     19.771  34.710146     8.2446    3.35574     19.605    33.1486    25.7843 0.0000e+00
 209.359716     19.184  34.762408     8.3275    3.35277     19.023    33.1261    25.7542 0.0000e+00
 209.359722     18.599  34.823083     8.4254    3.36578     18.443    33.0984    25.7178 0.0000e+00
 209.359728     18.021  34.900177     8.5258    3.38023     17.870    33.0857    25.6927 0.0000e+00
 209.359734     17.460  34.975937     8.6205    3.39952     17.314    33.0769    25.6714 0.0000e+00
 209.359740     16.924  35.047655     8.7040    3.41144     16.782    33.0743    25.6566 0.0000e+00
 209.359745     16.404  35.117321     8.7833    3.42847     16.266    33.0734    25.6437 0.0000e+00
 209.359751     15.889  35.184187     8.8762    3.48115     15.756    33.0569    25.6164 0.0000e+00
 209.359757     15.375  35.258342     8.9608    3.58177     15.246    33.0557    25.6022 0.0000e+00
 209.359763     14.862  35.329315     9.0044    3.69589     14.737    33.0893    25.6217 0.0000e+00
 209.359769     14.340  35.372868     9.0237    3.78444     14.220    33.1168    25.6402 0.0000e+00
 209.359774     13.808  35.388946     9.0601    3.80536     13.692    33.0999    25.6213 0.0000e+00
 209.359780     13.265  35.401230     9.1457    3.76315     13.154    33.0334    25.5557 0.0000e+00
 209.359786     12.717  35.449267     9.2800    3.69448     12.610    32.9592    25.4763 0.0000e+00
 209.359792     12.165  35.555049     9.4196    3.62335     12.063    32.9398    25.4389 0.0000e+00
 209.359797     11.611  35.676462     9.5241    3.58467     11.514    32.9688    25.4446 0.0000e+00
 209.359803     11.060  35.762902     9.5889    3.59771     10.967    32.9982    25.4571 0.0000e+00
 209.359809     10.526  35.810214     9.6083    3.63562     10.438    33.0291    25.4780 0.0000e+00
 209.359815     10.012  35.814211     9.5859    3.68678      9.928    33.0541    25.5012 0.0000e+00
 209.359821      9.521  35.779674     9.5898    3.78692      9.441    33.0153    25.4702 0.0000e+00
 209.359826      9.052  35.766539     9.7180    3.96271      8.976    32.8844    25.3471 0.0000e+00
 209.359832      8.600  35.854854     9.9832    4.23178      8.528    32.7331    25.1852 0.0000e+00
 209.359838      8.162  36.054138    10.2716    4.56879      8.094    32.6742    25.0909 0.0000e+00
 209.359844      7.736  36.261136    10.4864    4.91137      7.671    32.6893    25.0661 0.0000e+00
 209.359850      7.325  36.389633    10.6561    5.25977      7.264    32.6659    25.0186 0.0000e+00
 209.359855      6.933  36.478111    10.8654    5.58529      6.875    32.5674    24.9055 0.0000e+00
 209.359861      6.556  36.608678    11.1460    5.85588      6.501    32.4483    24.7633 0.0000e+00
 209.359867      6.191  36.806823    11.4296    6.04024      6.139    32.3937    24.6702 0.0000e+00
 209.359873      5.842  37.008111    11.6343    6.12415      5.793    32.4113    24.6467 0.0000e+00
 209.359878      5.512  37.139413    11.7537    6.13728      5.466    32.4348    24.6431 0.0000e+00
 209.359884      5.202  37.201982    11.8237 -9.990e-29      5.159    32.4346    24.6301 0.0000e+00
 209.359890      4.907  37.227675    11.8795 -9.990e-29      4.866    32.4110    24.6014 0.0000e+00
 209.359896      4.633  37.231695    11.9421 -9.990e-29      4.594    32.3606    24.5507 0.0000e+00
 209.359902      4.381  37.224458    11.9985 -9.990e-29      4.344    32.3048    24.4969 0.0000e+00
 209.359907      4.154  37.212030    12.0127 -9.990e-29      4.119    32.2806    24.4755 0.0000e+00
 209.359913      3.955  37.183461    11.9654 -9.990e-29      3.922    32.2940    24.4947 0.0000e+00
 209.359919      3.787  37.139377    11.8777 -9.990e-29      3.755    32.3275    24.5369 0.0000e+00
 209.359925      3.657  37.097845    11.7918 -9.990e-29      3.626    32.3620    24.5795 -9.990e-29
 209.359931      3.574  37.058449    11.7544 -9.990e-29      3.544    32.3564    24.5820 -9.990e-29
 209.359936      3.545  37.016319 -9.990e-29 -9.990e-29      3.515 -9.990e-29 -9.990e-29 -9.990e-29
