data/oxygen options/OCNMS/OCNMS2/raw_data/2004/CTD_CE30_100404faedb.cnv
* Sea-Bird SBE19 Data File:
* FileName = C:\WINDOWS\Desktop\put hypoxia files here\CTD data\October 04_05-04\raw\CE30_100404.hex
* Software Version 1.1.4
* Temperature SN = 2997
* Conductivity SN = 2997
* System UpLoad Time = Oct 04 2004 15:25:24
* SEACAT PROFILER V3.1c SN 2997   10/04/04  15:29:16.252
* strain gauge pressure sensor: S/N = 184829,  range = 3000 psia,  tc = 40
# nquan = 9
# nvalues = 26                          
# units = specified
# name 0 = timeJ: Julian Days
# name 1 = prSM: Pressure, Strain Gauge [db]
# name 2 = c0mS/cm: Conductivity [mS/cm]
# name 3 = t090C: Temperature [ITS-90, deg C]
# name 4 = oxML/L: Oxygen, Beckman/YSI [ml/l]
# name 5 = depSM: Depth [salt water, m], lat = 47.5
# name 6 = sal00: Salinity, Practical [PSU]
# name 7 = sigma-é00: Density [sigma-theta, kg/m^3]
# name 8 = flag: flag
# span 0 = 278.571266, 278.620211       
# span 1 =      3.000,     29.000       
# span 2 =  34.872957,  38.761966       
# span 3 =     8.4052,    15.7692       
# span 4 =    2.22173,    6.95397       
# span 5 =      2.975,     28.756       
# span 6 =    30.0537,    33.1832       
# span 7 =    21.9974,    25.7797       
# span 8 = 0.0000e+00, 0.0000e+00       
# interval = decibars: 1                
# start_time = Oct 04 2004 14:46:26 [Instrument's time stamp, header]
# bad_flag = -9.990e-29
*END*
 278.618301      3.000  38.101861    15.7692    6.95397      2.975    30.0537    21.9974 0.0000e+00
 278.618326      4.000  38.335662    15.6667    6.88786      3.966    30.3373    22.2375 0.0000e+00
 278.618347      5.000  38.553274    15.4792    6.81533      4.958    30.6741    22.5371 0.0000e+00
 278.618372      6.000  38.592028    15.2634    6.75644      5.950    30.8766    22.7393 0.0000e+00
 278.618663      7.000  38.599902    15.2736    6.70983      6.941    30.8756    22.7364 0.0000e+00
 278.618736      8.000  38.672574    15.0316    6.18677      7.933    31.1320    22.9854 0.0000e+00
 278.618752      9.000  38.761966    14.4716    5.50618      8.925    31.6642    23.5134 0.0000e+00
 278.618766     10.000  38.537043    13.7434    4.97948      9.916    32.0591    23.9676 0.0000e+00
 278.618783     11.000  38.069509    13.1004    4.68012     10.908    32.1631    24.1763 0.0000e+00
 278.618805     12.000  37.775598    12.9150    4.53324     11.899    32.0430    24.1200 0.0000e+00
 278.619071     13.000  37.696587    12.7459    4.38878     12.891    32.1113    24.2055 0.0000e+00
 278.619169     14.000  37.580348    12.4915    4.20617     13.883    32.2177    24.3368 0.0000e+00
 278.619185     15.000  37.382727    12.0955    3.87424     14.874    32.3691    24.5289 0.0000e+00
 278.619199     16.000  37.155517    11.6080    3.56923     15.866    32.5740    24.7780 0.0000e+00
 278.619212     17.000  36.757329    10.7955    3.18356     16.858    32.9027    25.1793 0.0000e+00
 278.619225     18.000  36.219287    10.0998    2.73726     17.849    32.9924    25.3680 0.0000e+00
 278.619238     19.000  35.809478     9.5206    2.50572     18.841    33.1055    25.5520 0.0000e+00
 278.619252     20.000  35.408080     8.9986    2.49128     19.832    33.1742    25.6890 0.0000e+00
 278.619272     21.000  35.241832     8.9985    2.57828     20.824    33.0011    25.5536 0.0000e+00
 278.571266     23.000  35.070794     8.6936    2.22173     22.807    33.1047    25.6819 0.0000e+00
 278.619733     24.000  34.987456     8.5170    2.28437     23.798    33.1832    25.7705 0.0000e+00
 278.619747     25.000  34.899735     8.4247    2.34069     24.790    33.1771    25.7797 0.0000e+00
 278.619761     26.000  34.875134     8.4052    2.37550     25.781    33.1690    25.7763 0.0000e+00
 278.619775     27.000  34.872957     8.4063    2.39443     26.773    33.1652    25.7732 0.0000e+00
 278.619790     28.000  34.875633     8.4117    2.38507     27.764    33.1624    25.7702 0.0000e+00
 278.620211     29.000  34.876680     8.4197    2.40558     28.756    33.1555    25.7636 0.0000e+00
