data/oxygen options/OCNMS/OCNMS2/raw_data/2004/CTD_TH50_072704faedb.cnv
* Sea-Bird SBE19 Data File:
* FileName = C:\WINDOWS\Desktop\put hypoxia files here\CTD files\July 26_27-04\TH\TH5_072704.hex
* Software Version 1.1.4
* Temperature SN = 2997
* Conductivity SN = 2997
* System UpLoad Time = Jul 27 2004 11:56:47
* SEACAT PROFILER V3.1c SN 2997   07/27/04  11:56:31.604
* strain gauge pressure sensor: S/N = 184829,  range = 3000 psia,  tc = 40
# nquan = 9
# nvalues = 50                          
# units = specified
# name 0 = timeJ: Julian Days
# name 1 = prSM: Pressure, Strain Gauge [db]
# name 2 = c0mS/cm: Conductivity [mS/cm]
# name 3 = t090C: Temperature [ITS-90, deg C]
# name 4 = oxML/L: Oxygen, Beckman/YSI [ml/l]
# name 5 = depSM: Depth [salt water, m], lat = 47.5
# name 6 = sal00: Salinity, Practical [PSU]
# name 7 = sigma-é00: Density [sigma-theta, kg/m^3]
# name 8 = flag: flag
# span 0 = 209.399170, 209.399676       
# span 1 =      2.000,     51.000       
# span 2 =  34.322682,  37.695165       
# span 3 =     7.2487,    12.4882       
# span 4 =    2.84603,    7.73524       
# span 5 =      1.983,     50.568       
# span 6 =    32.3348,    33.6906       
# span 7 =    24.4280,    26.3535       
# span 8 = 0.0000e+00, 0.0000e+00       
# interval = decibars: 1                
# start_time = Jul 27 2004 09:30:08 [Instrument's time stamp, header]
# bad_flag = -9.990e-29
*END*
 209.399170      2.000  37.695165    12.4882    7.73524      1.983    32.3348    24.4280 0.0000e+00
 209.399194      3.000  37.594332    12.3208    7.59481      2.975    32.3823    24.4965 0.0000e+00
 209.399208      4.000  37.423194    11.9777    6.99179      3.967    32.5152    24.6640 0.0000e+00
 209.399221      5.000  37.005362    11.2050    6.38035      4.958    32.7881    25.0166 0.0000e+00
 209.399231      6.000  36.350393    10.5022    5.38035      5.950    32.7655    25.1230 0.0000e+00
 209.399241      7.000  35.965180    10.1223    5.03319      6.941    32.7199    25.1517 0.0000e+00
 209.399249      8.000  35.740520     9.7846    5.36765      7.933    32.7975    25.2681 0.0000e+00
 209.399258      9.000  35.519611     9.5479    5.09011      8.925    32.7870    25.2987 0.0000e+00
 209.399266     10.000  35.375763     9.4260    4.69141      9.916    32.7504    25.2897 0.0000e+00
 209.399273     11.000  35.318909     9.3617    4.55174     10.908    32.7503    25.2999 0.0000e+00
 209.399280     12.000  35.264486     9.2758    4.52294     11.899    32.7724    25.3309 0.0000e+00
 209.399288     13.000  35.200131     9.1932    4.50325     12.891    32.7814    25.3510 0.0000e+00
 209.399296     14.000  35.143158     9.1527    4.48011     13.882    32.7592    25.3401 0.0000e+00
 209.399304     15.000  35.138282     9.1447    4.43434     14.874    32.7610    25.3428 0.0000e+00
 209.399311     16.000  35.135588     9.1324    4.36818     15.866    32.7691    25.3510 0.0000e+00
 209.399320     17.000  35.146044     9.0990    4.30315     16.857    32.8103    25.3885 0.0000e+00
 209.399329     18.000  35.131441     9.0140    4.24180     17.849    32.8731    25.4511 0.0000e+00
 209.399337     19.000  35.064111     8.8857    4.16260     18.841    32.9214    25.5088 0.0000e+00
 209.399346     20.000  34.978544     8.7409    4.04610     19.832    32.9661    25.5662 0.0000e+00
 209.399356     21.000  34.891343     8.6380    3.54859     20.824    32.9701    25.5851 0.0000e+00
 209.399365     22.000  34.827856     8.5399    3.57271     21.816    32.9946    25.6192 0.0000e+00
 209.399375     23.000  34.734925     8.3962    3.81646     22.807    33.0308    25.6692 0.0000e+00
 209.399385     24.000  34.613950     8.2715    3.89929     23.799    33.0193    25.6790 0.0000e+00
 209.399394     25.000  34.570653     8.2309    3.93055     24.790    33.0112    25.6786 0.0000e+00
 209.399404     26.000  34.574330     8.2178    3.94515     25.781    33.0269    25.6928 0.0000e+00
 209.399413     27.000  34.586675     8.1996    3.92424     26.773    33.0567    25.7189 0.0000e+00
 209.399422     28.000  34.598239     8.1702    3.90667     27.764    33.0962    25.7543 0.0000e+00
 209.399431     29.000  34.605714     8.1374    3.87627     28.756    33.1347    25.7893 0.0000e+00
 209.399440     30.000  34.609013     8.1081    3.84108     29.748    33.1654    25.8178 0.0000e+00
 209.399449     31.000  34.608191     8.0788    3.80135     30.739    33.1918    25.8428 0.0000e+00
 209.399459     32.000  34.600797     8.0406    3.77197     31.730    33.2197    25.8703 0.0000e+00
 209.399469     33.000  34.586869     7.9847    3.73803     32.722    33.2575    25.9082 0.0000e+00
 209.399478     34.000  34.559129     7.9175    3.69933     33.713    33.2913    25.9445 0.0000e+00
 209.399487     35.000  34.521787     7.8530    3.66202     34.705    33.3124    25.9705 0.0000e+00
 209.399497     36.000  34.482443     7.7777    3.61795     35.697    33.3417    26.0044 0.0000e+00
 209.399506     37.000  34.434459     7.6647    3.56297     36.688    33.3979    26.0647 0.0000e+00
 209.399517     38.000  34.381819     7.5619    3.47449     37.680    33.4395    26.1121 0.0000e+00
 209.399526     39.000  34.351777     7.4926    3.38087     38.670    33.4733    26.1484 0.0000e+00
 209.399536     40.000  34.340792     7.4421    3.29344     39.662    33.5097    26.1843 0.0000e+00
 209.399546     41.000  34.332190     7.3981    3.21650     40.654    33.5425    26.2162 0.0000e+00
 209.399555     42.000  34.324832     7.3540    3.15540     41.645    33.5768    26.2494 0.0000e+00
 209.399565     43.000  34.322682     7.3066    3.09778     42.637    33.6199    26.2900 0.0000e+00
 209.399576     44.000  34.331873     7.2691    3.05216     43.628    33.6659    26.3313 0.0000e+00
 209.399585     45.000  34.339076     7.2574    2.98476     44.620    33.6847    26.3478 0.0000e+00
 209.399597     46.000  34.340609     7.2538    2.93819     45.611    33.6894    26.3520 0.0000e+00
 209.399609     47.000  34.338881     7.2502    2.93107     46.602    33.6906    26.3535 0.0000e+00
 209.399622     48.000  34.337064     7.2487    2.91585     47.594    33.6896    26.3529 0.0000e+00
 209.399636     49.000  34.338294     7.2500    2.89066     48.585    33.6891    26.3523 0.0000e+00
 209.399653     50.000  34.337466     7.2490    2.86799     49.577    33.6888    26.3522 0.0000e+00
 209.399676     51.000  34.337189     7.2521    2.84603     50.568    33.6849    26.3488 0.0000e+00
