data/oxygen options/OCNMS/OCNMS2/raw_data/2004/CTD_CA90_061504faed.cnv
* Sea-Bird SBE19 Data File:
* FileName = C:\WINDOWS\Desktop\put hypoxia files here\CTD files\CA\CA90m061504.hex
* Software Version 1.1.4
* Temperature SN = 2997
* Conductivity SN = 2997
* System UpLoad Time = Jun 15 2004 11:55:00
** Cape Alava hypoxia CA-9 June 15, 2004
**
# nquan = 9                                 
# nvalues = 1341                        
# units = specified
# name 0 = timeJ: Julian Days
# name 1 = prSM: Pressure, Strain Gauge [db]
# name 2 = c0mS/cm: Conductivity [mS/cm]
# name 3 = t090C: Temperature [ITS-90, deg C]
# name 4 = oxML/L: Oxygen, Beckman/YSI [ml/l]
# name 5 = depSM: Depth [salt water, m], lat = 47.5
# name 6 = sal00: Salinity, Practical [PSU]
# name 7 = sigma-é00: Density [sigma-theta, kg/m^3]
# name 8 = flag: flag
# span 0 = 167.407512, 167.415266       
# span 1 =     -4.943,     91.599       
# span 2 =   0.668000,  36.811776       
# span 3 =     7.2572,    12.2864       
# span 4 =  -12.11087,   34.41294       
# span 5 =     -4.902,     90.814       
# span 6 =     0.4419,    33.7539       
# span 7 =    -0.1353,    26.3999       
# span 8 = 0.0000e+00, 0.0000e+00       
# interval = seconds: 0.5
# start_time = Jun 15 2004 09:46:49 [Instrument's time stamp, header]
# bad_flag = -9.990e-29
*END*
[from data line 801]
 167.412147      8.583  36.208172    11.4387    6.01994      8.511    31.7996    24.2069 0.0000e+00
 167.412153      8.946  36.136943    11.3452    5.96193      8.871    31.8103    24.2320 0.0000e+00
 167.412159      9.303  36.072267    11.2506    5.98767      9.225    31.8284    24.2629 0.0000e+00
 167.412164      9.654  36.015355    11.1124    5.98523      9.573    31.8920    24.3367 0.0000e+00
 167.412170     10.005  35.926181    10.9415    5.86528      9.921    31.9524    24.4137 0.0000e+00
 167.412176     10.357  35.807507    10.8243    5.69425     10.270    31.9369    24.4220 0.0000e+00
 167.412182     10.701  35.727618    10.8097    5.54700     10.611    31.8703    24.3727 0.0000e+00
 167.412187     11.031  35.729667    10.8026    5.46093     10.939    31.8784    24.3802 0.0000e+00
 167.412193     11.345  35.736706    10.6667    5.39837     11.250    32.0040    24.5014 0.0000e+00
 167.412199     11.647  35.636977    10.4319    5.33474     11.549    32.1108    24.6247 0.0000e+00
 167.412205     11.942  35.469097    10.2308    5.28751     11.842    32.1200    24.6657 0.0000e+00
 167.412211     12.237  35.345082    10.1069    5.25175     12.135    32.1047    24.6745 0.0000e+00
 167.412216     12.529  35.281193    10.0372    5.24724     12.424    32.1020    24.6839 0.0000e+00
 167.412222     12.815  35.248258    10.0025    5.25119     12.708    32.0993    24.6876 0.0000e+00
 167.412228     13.100  35.232046     9.9888    5.26559     12.990    32.0950    24.6865 0.0000e+00
 167.412234     13.394  35.226610     9.9921    5.30911     13.282    32.0864    24.6792 0.0000e+00
 167.412240     13.699  35.235893    10.0133    5.36606     13.584    32.0769    24.6683 0.0000e+00
 167.412245     14.008  35.265521    10.0424    5.41728     13.891    32.0809    24.6666 0.0000e+00
 167.412251     14.319  35.304510    10.0649    5.46279     14.199    32.1002    24.6779 0.0000e+00
 167.412257     14.635  35.333052    10.0756    5.48147     14.512    32.1193    24.6911 0.0000e+00
 167.412263     14.959  35.346572    10.0751    5.49259     14.834    32.1333    24.7021 0.0000e+00
 167.412269     15.294  35.350181    10.0671    5.48087     15.166    32.1439    24.7117 0.0000e+00
 167.412274     15.641  35.348670    10.0555    5.43781     15.510    32.1525    24.7204 0.0000e+00
 167.412280     15.996  35.344490    10.0391    5.42019     15.862    32.1627    24.7311 0.0000e+00
 167.412286     16.355  35.335406    10.0086    5.41257     16.218    32.1806    24.7500 0.0000e+00
 167.412292     16.711  35.312087     9.9581    5.41233     16.571    32.2018    24.7749 0.0000e+00
 167.412297     17.057  35.271454     9.8920    5.42561     16.914    32.2194    24.7996 0.0000e+00
 167.412303     17.385  35.220985     9.8253    5.39233     17.239    32.2277    24.8169 0.0000e+00
 167.412309     17.686  35.171299     9.7851    5.31342     17.538    32.2130    24.8120 0.0000e+00
 167.412315     17.962  35.142467     9.7850    5.24249     17.811    32.1836    24.7891 0.0000e+00
 167.412321     18.222  35.143672     9.8116    5.16233     18.069    32.1610    24.7671 0.0000e+00
 167.412326     18.473  35.165838     9.8173    5.12506     18.318    32.1783    24.7797 0.0000e+00
 167.412332     18.724  35.179065     9.7402    5.07583     18.567    32.2606    24.8565 0.0000e+00
 167.412338     18.981  35.124716     9.5900    5.00756     18.822    32.3400    24.9429 0.0000e+00
 167.412344     19.253  35.003206     9.4422    4.92565     19.091    32.3487    24.9734 0.0000e+00
 167.412350     19.547  34.889671     9.3351    4.85166     19.383    32.3287    24.9748 0.0000e+00
 167.412355     19.870  34.814353     9.2607    4.80213     19.703    32.3183    24.9784 0.0000e+00
 167.412361     20.222  34.762566     9.2053    4.77038     20.052    32.3149    24.9845 0.0000e+00
 167.412367     20.597  34.726337     9.1573    4.77440     20.424    32.3208    24.9966 0.0000e+00
 167.412373     20.992  34.698261     9.1138    4.77667     20.816    32.3311    25.0114 0.0000e+00
 167.412378     21.391  34.675075     9.0809    4.79520     21.211    32.3368    25.0210 0.0000e+00
 167.412384     21.782  34.658915     9.0617    4.80460     21.599    32.3373    25.0244 0.0000e+00
 167.412390     22.156  34.649511     9.0519    4.80303     21.970    32.3363    25.0252 0.0000e+00
 167.412396     22.505  34.643828     9.0460    4.80647     22.316    32.3356    25.0256 0.0000e+00
 167.412402     22.832  34.639686     9.0395    4.81195     22.640    32.3371    25.0277 0.0000e+00
 167.412407     23.139  34.635475     9.0294    4.82881     22.945    32.3417    25.0330 0.0000e+00
 167.412413     23.434  34.629317     9.0153    4.83253     23.237    32.3480    25.0401 0.0000e+00
 167.412419     23.726  34.620851     9.0008    4.84850     23.527    32.3523    25.0457 0.0000e+00
 167.412425     24.022  34.613185     8.9886    4.86148     23.820    32.3553    25.0499 0.0000e+00
 167.412431     24.322  34.608437     8.9774    4.87993     24.118    32.3605    25.0557 0.0000e+00
 167.412436     24.629  34.605886     8.9650    4.89957     24.422    32.3690    25.0643 0.0000e+00
 167.412442     24.941  34.604380     8.9502    4.92033     24.731    32.3808    25.0758 0.0000e+00
 167.412448     25.256  34.603034     8.9325    4.95567     25.044    32.3954    25.0899 0.0000e+00
 167.412454     25.577  34.600618     8.9130    4.97012     25.362    32.4105    25.1048 0.0000e+00
 167.412459     25.903  34.595037     8.8935    4.98340     25.685    32.4223    25.1171 0.0000e+00
 167.412465     26.233  34.586143     8.8724    4.98375     26.012    32.4322    25.1281 0.0000e+00
 167.412471     26.568  34.574415     8.8458    4.97816     26.345    32.4442    25.1415 0.0000e+00
 167.412477     26.903  34.557674     8.8153    4.98138     26.677    32.4545    25.1543 0.0000e+00
 167.412483     27.236  34.537710     8.7880    4.98013     27.007    32.4585    25.1616 0.0000e+00
 167.412488     27.574  34.520986     8.7653    4.97251     27.342    32.4617    25.1676 0.0000e+00
 167.412494     27.910  34.508193     8.7430    4.98117     27.675    32.4686    25.1764 0.0000e+00
 167.412500     28.233  34.495169     8.7178    4.98100     27.995    32.4780    25.1876 0.0000e+00
 167.412506     28.542  34.480249     8.6906    4.98920     28.302    32.4872    25.1989 0.0000e+00
 167.412512     28.843  34.464287     8.6649    4.99643     28.600    32.4940    25.2081 0.0000e+00
 167.412517     29.133  34.448991     8.6439    4.99927     28.888    32.4971    25.2138 0.0000e+00
 167.412523     29.411  34.436395     8.6299    4.99188     29.163    32.4967    25.2156 0.0000e+00
 167.412529     29.676  34.428207     8.6249    4.99318     29.426    32.4926    25.2131 0.0000e+00
 167.412535     29.929  34.425846     8.6291    4.98024     29.677    32.4861    25.2074 0.0000e+00
 167.412541     30.168  34.429532     8.6392    4.97707     29.914    32.4806    25.2016 0.0000e+00
 167.412546     30.395  34.436898     8.6454    4.97070     30.139    32.4825    25.2021 0.0000e+00
 167.412552     30.621  34.440391     8.6381    4.96620     30.363    32.4928    25.2113 0.0000e+00
 167.412558     30.860  34.432905     8.6218    4.96094     30.600    32.4998    25.2193 0.0000e+00
 167.412564     31.123  34.419605     8.6062    4.95310     30.861    32.5001    25.2219 0.0000e+00
 167.412569     31.409  34.409116     8.5933    4.95382     31.144    32.5008    25.2244 0.0000e+00
 167.412575     31.716  34.401471     8.5814    4.94835     31.449    32.5036    25.2284 0.0000e+00
 167.412581     32.045  34.394329     8.5703    4.93987     31.775    32.5062    25.2321 0.0000e+00
 167.412587     32.392  34.387704     8.5600    4.93233     32.119    32.5086    25.2355 0.0000e+00
 167.412593     32.753  34.381737     8.5502    4.92471     32.477    32.5112    25.2390 0.0000e+00
 167.412598     33.130  34.376325     8.5408    4.92263     32.851    32.5140    25.2426 0.0000e+00
 167.412604     33.512  34.371544     8.5305    4.92338     33.230    32.5183    25.2475 0.0000e+00
 167.412610     33.886  34.366628     8.5188    4.91013     33.600    32.5237    25.2536 0.0000e+00
 167.412616     34.248  34.360632     8.5061    4.89732     33.959    32.5290    25.2596 0.0000e+00
 167.412622     34.606  34.353978     8.4906    4.90081     34.314    32.5361    25.2675 0.0000e+00
 167.412627     34.960  34.345646     8.4674    4.90581     34.665    32.5486    25.2808 0.0000e+00
 167.412633     35.316  34.331821     8.4368    4.89817     35.018    32.5621    25.2960 0.0000e+00
 167.412639     35.684  34.313135     8.4064    4.89919     35.383    32.5704    25.3070 0.0000e+00
 167.412645     36.061  34.297192     8.3805    4.88032     35.757    32.5774    25.3163 0.0000e+00
 167.412650     36.441  34.287966     8.3553    4.86486     36.134    32.5908    25.3306 0.0000e+00
 167.412656     36.823  34.281004     8.3281    4.86348     36.512    32.6085    25.3485 0.0000e+00
 167.412662     37.201  34.273192     8.3011    4.85788     36.887    32.6251    25.3655 0.0000e+00
 167.412668     37.569  34.265890     8.2766    4.85074     37.252    32.6399    25.3808 0.0000e+00
 167.412674     37.924  34.259453     8.2570    4.83791     37.604    32.6512    25.3925 0.0000e+00
 167.412679     38.260  34.254273     8.2447    4.82201     37.937    32.6570    25.3989 0.0000e+00
 167.412685     38.572  34.251292     8.2396    4.80756     38.247    32.6584    25.4008 0.0000e+00
 167.412691     38.871  34.249900     8.2375    4.80834     38.543    32.6587    25.4013 0.0000e+00
 167.412697     39.176  34.248809     8.2287    4.80048     38.845    32.6656    25.4081 0.0000e+00
 167.412703     39.503  34.245449     8.2067    4.78910     39.170    32.6824    25.4244 0.0000e+00
 167.412708     39.858  34.238713     8.1776    4.76707     39.522    32.7022    25.4443 0.0000e+00
 167.412714     40.249  34.233079     8.1522    4.73379     39.909    32.7197    25.4617 0.0000e+00
 167.412720     40.673  34.231690     8.1345    4.69223     40.330    32.7346    25.4760 0.0000e+00
 167.412726     41.119  34.232133     8.1214    4.65859     40.772    32.7471    25.4877 0.0000e+00
 167.412731     41.577  34.232758     8.1082    4.62315     41.226    32.7599    25.4997 0.0000e+00
 167.412737     42.042  34.234399     8.0918    4.56704     41.687    32.7767    25.5153 0.0000e+00
 167.412743     42.505  34.239249     8.0726    4.51006     42.146    32.7996    25.5361 0.0000e+00
 167.412749     42.948  34.248732     8.0558    4.44066     42.585    32.8252    25.5587 0.0000e+00
 167.412755     43.352  34.259798     8.0452    4.37577     42.986    32.8468    25.5771 0.0000e+00
 167.412760     43.709  34.269261     8.0398    4.31605     43.340    32.8618    25.5897 0.0000e+00
 167.412766     44.019  34.276284     8.0379    4.27134     43.647    32.8709    25.5971 0.0000e+00
 167.412772     44.286  34.280146     8.0394    4.24366     43.912    32.8734    25.5989 0.0000e+00
 167.412778     44.510  34.281517     8.0439    4.23708     44.134    32.8706    25.5960 0.0000e+00
 167.412784     44.695  34.281109     8.0489    4.25337     44.317    32.8654    25.5912 0.0000e+00
 167.412789     44.867  34.278946     8.0496    4.25359     44.488    32.8623    25.5887 0.0000e+00
 167.412795     45.058  34.276078     8.0451    4.23663     44.677    32.8634    25.5902 0.0000e+00
 167.412801     45.284  34.274858     8.0416    4.20465     44.901    32.8653    25.5922 0.0000e+00
 167.412807     45.547  34.278712     8.0449    4.15100     45.162    32.8662    25.5924 0.0000e+00
 167.412813     45.847  34.289420     8.0530    4.08906     45.459    32.8698    25.5941 0.0000e+00
 167.412818     46.171  34.303324     8.0616    4.02046     45.781    32.8764    25.5980 0.0000e+00
 167.412824     46.495  34.317104     8.0686    3.94709     46.102    32.8843    25.6032 0.0000e+00
 167.412830     46.796  34.331759     8.0719    3.88082     46.400    32.8967    25.6124 0.0000e+00
 167.412836     47.063  34.346092     8.0710    3.82849     46.665    32.9127    25.6251 0.0000e+00
 167.412841     47.286  34.356795     8.0693    3.79206     46.886    32.9256    25.6355 0.0000e+00
 167.412847     47.460  34.362447     8.0693    3.76998     47.058    32.9315    25.6401 0.0000e+00
 167.412853     47.586  34.363301     8.0705    3.74747     47.183    32.9312    25.6397 -9.990e-29
 167.412859     47.681  34.361624     8.0727    3.73618     47.278    32.9273    25.6364 -9.990e-29
 167.412865     47.768  34.361356     8.0752    3.71646     47.364    32.9246    25.6339 -9.990e-29
 167.412870     47.862  34.363828     8.0752    3.70640     47.457    32.9272    25.6359 -9.990e-29
 167.412876     47.967  34.365617     8.0714    3.70652     47.561    32.9326    25.6407 -9.990e-29
 167.412882     48.087  34.364072     8.0664    3.69396     47.680    32.9356    25.6438 -9.990e-29
 167.412888     48.221  34.362186     8.0629    3.67997     47.813    32.9369    25.6453 0.0000e+00
 167.412894     48.373  34.363055     8.0617    3.65707     47.964    32.9389    25.6470 0.0000e+00
 167.412899     48.548  34.366162     8.0612    3.63337     48.137    32.9425    25.6500 0.0000e+00
 167.412905     48.740  34.369492     8.0594    3.62490     48.328    32.9477    25.6543 0.0000e+00
 167.412911     48.940  34.370763     8.0564    3.61722     48.526    32.9518    25.6580 0.0000e+00
 167.412917     49.157  34.369994     8.0526    3.61385     48.741    32.9544    25.6606 0.0000e+00
 167.412922     49.399  34.368408     8.0462    3.61193     48.981    32.9587    25.6649 0.0000e+00
 167.412928     49.661  34.365579     8.0356    3.60420     49.241    32.9655    25.6718 0.0000e+00
 167.412934     49.947  34.360544     8.0213    3.59675     49.524    32.9735    25.6801 0.0000e+00
 167.412940     50.267  34.353885     8.0036    3.60131     49.841    32.9829    25.6901 0.0000e+00
 167.412946     50.614  34.346817     7.9792    3.62003     50.185    32.9982    25.7057 0.0000e+00
 167.412951     50.977  34.338330     7.9427    3.64840     50.545    33.0234    25.7308 0.0000e+00
 167.412957     51.344  34.326642     7.8954    3.65890     50.909    33.0555    25.7628 0.0000e+00
 167.412963     51.706  34.314111     7.8518    3.67228     51.268    33.0832    25.7909 0.0000e+00
 167.412969     52.049  34.305333     7.8224    3.67488     51.608    33.1015    25.8095 0.0000e+00
 167.412975     52.371  34.300374     7.8035    3.66780     51.927    33.1140    25.8220 0.0000e+00
 167.412980     52.679  34.296546     7.7880    3.66724     52.233    33.1245    25.8325 0.0000e+00
 167.412986     52.984  34.292671     7.7721    3.65625     52.535    33.1353    25.8433 0.0000e+00
 167.412992     53.297  34.288631     7.7553    3.64339     52.845    33.1468    25.8547 0.0000e+00
 167.412998     53.626  34.285213     7.7389    3.63026     53.172    33.1586    25.8663 0.0000e+00
 167.413003     53.968  34.282910     7.7234    3.62223     53.511    33.1707    25.8781 0.0000e+00
 167.413009     54.317  34.281458     7.7078    3.61421     53.857    33.1838    25.8906 0.0000e+00
 167.413015     54.659  34.280605     7.6908    3.59758     54.196    33.1989    25.9049 0.0000e+00
 167.413021     54.984  34.280339     7.6753    3.57958     54.518    33.2133    25.9184 0.0000e+00
 167.413027     55.284  34.280868     7.6663    3.55812     54.815    33.2223    25.9268 0.0000e+00
 167.413032     55.564  34.281778     7.6614    3.54986     55.093    33.2278    25.9318 0.0000e+00
 167.413038     55.827  34.282044     7.6500    3.54855     55.354    33.2389    25.9421 0.0000e+00
 167.413044     56.090  34.280904     7.6292    3.55559     55.614    33.2574    25.9597 0.0000e+00
 167.413050     56.369  34.278528     7.6073    3.56253     55.891    33.2757    25.9771 0.0000e+00
 167.413056     56.666  34.275680     7.5900    3.56555     56.185    33.2890    25.9901 0.0000e+00
 167.413061     56.974  34.273049     7.5750    3.57559     56.491    33.3004    26.0012 0.0000e+00
