data/oxygen options/OCNMS/OCNMS2/raw_data/2004/CTD_CA45_082404faed.cnv
* Sea-Bird SBE19 Data File:
* FileName = C:\WINDOWS\Desktop\put hypoxia files here\CTD data\August 24_25-04\CA45_082404.hex
* Software Version 1.1.4
* Temperature SN = 2997
* Conductivity SN = 2997
* System UpLoad Time = Aug 24 2004 12:33:47
* SEACAT PROFILER V3.1c SN 2997   08/24/04  12:35:18.080
* strain gauge pressure sensor: S/N = 184829,  range = 3000 psia,  tc = 40
# nquan = 9                                 
# nvalues = 634                         
# units = specified
# name 0 = timeJ: Julian Days
# name 1 = prSM: Pressure, Strain Gauge [db]
# name 2 = c0mS/cm: Conductivity [mS/cm]
# name 3 = t090C: Temperature [ITS-90, deg C]
# name 4 = oxML/L: Oxygen, Beckman/YSI [ml/l]
# name 5 = depSM: Depth [salt water, m], lat = 47.5
# name 6 = sal00: Salinity, Practical [PSU]
# name 7 = sigma-é00: Density [sigma-theta, kg/m^3]
# name 8 = flag: flag
# span 0 = 237.452037, 237.455700       
# span 1 =     -5.433,     44.471       
# span 2 =   0.964577,  39.124146       
# span 3 =     7.9148,    14.8381       
# span 4 =   -0.05302,   30.93144       
# span 5 =     -5.388,     44.095       
# span 6 =     0.5998,    33.3935       
# span 7 =    -0.4095,    25.9778       
# span 8 = 0.0000e+00, 0.0000e+00       
# interval = seconds: 0.5
# start_time = Aug 24 2004 10:50:56 [Instrument's time stamp, header]
# bad_flag = -9.990e-29
*END*
[from data line 321]
 237.453895      0.478  39.026390    14.0800    7.83689      0.474    32.2323    24.0327 -9.990e-29
 237.453900      0.476  39.024678    14.0757    7.82595      0.472    32.2344    24.0352 -9.990e-29
 237.453906      0.477  39.022116    14.0714    7.80727      0.473    32.2356    24.0370 -9.990e-29
 237.453912      0.486  39.019779    14.0650    7.81393      0.482    32.2388    24.0408 -9.990e-29
 237.453918      0.499  39.016798    14.0563    7.81820      0.495    32.2434    24.0461 -9.990e-29
 237.453924      0.513  39.012006    14.0489    7.82623      0.509    32.2451    24.0490 -9.990e-29
 237.453929      0.523  39.007991    14.0445    7.82956      0.519    32.2451    24.0499 -9.990e-29
 237.453935      0.528  39.006131    14.0429    7.82862      0.524    32.2447    24.0499 -9.990e-29
 237.453941      0.530  39.005632    14.0443    7.81233      0.526    32.2431    24.0484 -9.990e-29
 237.453947      0.535  39.006390    14.0464    7.80615      0.531    32.2420    24.0471 -9.990e-29
 237.453953      0.542  39.007737    14.0473    7.79954      0.537    32.2425    24.0473 -9.990e-29
 237.453958      0.553  39.008667    14.0468    7.80835      0.548    32.2438    24.0484 -9.990e-29
 237.453964      0.559  39.008743    14.0443    7.81610      0.554    32.2460    24.0506 -9.990e-29
 237.453970      0.552  39.007507    14.0410    7.80370      0.547    32.2476    24.0525 -9.990e-29
 237.453976      0.540  39.005559    14.0389    7.80592      0.535    32.2476    24.0529 -9.990e-29
 237.453981      0.532  39.004230    14.0386    7.80577      0.528    32.2466    24.0522 -9.990e-29
 237.453987      0.526  39.003997    14.0408    7.82105      0.522    32.2445    24.0502 -9.990e-29
 237.453993      0.523  39.003990    14.0492    7.83106      0.519    32.2375    24.0430 -9.990e-29
 237.453999      0.522  39.007007    14.0637    7.83373      0.518    32.2281    24.0328 -9.990e-29
 237.454005      0.522  39.015392    14.0738    7.84579      0.518    32.2274    24.0302 -9.990e-29
 237.454010      0.525  39.021255    14.0737    7.83582      0.521    32.2329    24.0344 -9.990e-29
 237.454016      0.529  39.020643    14.0714    7.82787      0.525    32.2342    24.0359 -9.990e-29
 237.454022      0.536  39.020036    14.0713    7.81091      0.532    32.2338    24.0356 -9.990e-29
 237.454028      0.542  39.021433    14.0654    7.80054      0.537    32.2400    24.0416 -9.990e-29
 237.454034      0.543  39.019405    14.0456    7.79905      0.538    32.2547    24.0571 -9.990e-29
 237.454039      0.542  39.008447    14.0186    7.80046      0.537    32.2672    24.0723 -9.990e-29
 237.454045      0.545  38.991903    14.0004    7.81093      0.540    32.2672    24.0760 -9.990e-29
 237.454051      0.551  38.980809    13.9970    7.80019      0.546    32.2599    24.0710 -9.990e-29
 237.454057      0.561  38.978884    14.0041    7.79078      0.556    32.2521    24.0636 -9.990e-29
 237.454062      0.576  38.982998    14.0126    7.78631      0.571    32.2488    24.0593 -9.990e-29
 237.454068      0.595  38.988544    14.0137    7.76762      0.590    32.2530    24.0623 -9.990e-29
 237.454074      0.618  38.989459    14.0064    7.76559      0.613    32.2599    24.0692 -9.990e-29
 237.454080      0.635  38.984726    13.9956    7.77522      0.630    32.2646    24.0750 -9.990e-29
 237.454086      0.645  38.978133    13.9860    7.78585      0.640    32.2666    24.0785 -9.990e-29
 237.454091      0.651  38.972671    13.9815    7.77953      0.646    32.2653    24.0784 -9.990e-29
 237.454097      0.660  38.970032    13.9854    7.77672      0.654    32.2596    24.0732 -9.990e-29
 237.454103      0.666  38.972871    13.9968    7.78150      0.660    32.2527    24.0655 -9.990e-29
 237.454109      0.666  38.980487    14.0095    7.79719      0.660    32.2490    24.0601 -9.990e-29
 237.454115      0.664  38.987891    14.0240    7.82306      0.658    32.2437    24.0530 -9.990e-29
 237.454120      0.669  38.995426    14.0452    7.82933      0.663    32.2329    24.0403 -9.990e-29
 237.454126      0.681  39.006415    14.0677    7.83054      0.675    32.2242    24.0290 -9.990e-29
 237.454132      0.692  39.017002    14.0856    7.82761      0.686    32.2189    24.0212 -9.990e-29
 237.454138      0.703  39.024483    14.1010    7.83357      0.697    32.2129    24.0134 -9.990e-29
 237.454144      0.719  39.032109    14.1154    7.85069      0.713    32.2079    24.0066 -9.990e-29
 237.454149      0.733  39.039582    14.1262    7.85780      0.727    32.2057    24.0027 -9.990e-29
 237.454155      0.736  39.045085    14.1304    7.86071      0.730    32.2073    24.0030 -9.990e-29
 237.454161      0.734  39.047714    14.1289    7.85275      0.728    32.2110    24.0061 -9.990e-29
 237.454167      0.730  39.047024    14.1260    7.84662      0.724    32.2128    24.0081 -9.990e-29
 237.454172      0.724  39.045621    14.1236    7.85004      0.718    32.2135    24.0092 -9.990e-29
 237.454178      0.720  39.044974    14.1216    7.84924      0.714    32.2146    24.0104 -9.990e-29
 237.454184      0.721  39.044756    14.1194    7.84464      0.715    32.2162    24.0121 -9.990e-29
 237.454190      0.725  39.044651    14.1144    7.83730      0.719    32.2203    24.0163 -9.990e-29
 237.454196      0.727  39.042811    14.1075    7.83420      0.721    32.2244    24.0209 -9.990e-29
 237.454201      0.726  39.039561    14.1003    7.84635      0.720    32.2274    24.0247 -9.990e-29
 237.454207      0.723  39.036153    14.0938    7.84925      0.717    32.2297    24.0278 -9.990e-29
 237.454213      0.718  39.033063    14.0925    7.84675      0.712    32.2279    24.0267 -9.990e-29
 237.454219      0.710  39.032877    14.0979    7.82062      0.704    32.2233    24.0220 -9.990e-29
 237.454225      0.699  39.035881    14.1038    7.81372      0.693    32.2211    24.0191 -9.990e-29
 237.454230      0.688  39.038764    14.1014    7.82670      0.682    32.2257    24.0232 -9.990e-29
 237.454236      0.686  39.038055    14.0849    7.83957      0.680    32.2389    24.0368 -9.990e-29
 237.454242      0.696  39.029418    14.0632    7.85406      0.690    32.2491    24.0491 -9.990e-29
 237.454248      0.714  39.016460    14.0543    7.83962      0.708    32.2446    24.0475 -9.990e-29
 237.454253      0.734  39.011043    14.0594    7.82063      0.728    32.2354    24.0393 -9.990e-29
 237.454259      0.748  39.014330    14.0654    7.80216      0.742    32.2334    24.0365 -9.990e-29
 237.454265      0.757  39.018334    14.0636    7.78715      0.751    32.2386    24.0409 -9.990e-29
 237.454271      0.770  39.018272    14.0501    7.78352      0.764    32.2498    24.0524 -9.990e-29
 237.454277      0.780  39.011237    14.0264    7.78338      0.773    32.2632    24.0676 -9.990e-29
 237.454282      0.777  38.997357    14.0041    7.78072      0.771    32.2691    24.0767 -9.990e-29
 237.454288      0.776  38.983902    13.9929    7.79262      0.770    32.2661    24.0767 -9.990e-29
 237.454294      0.780  38.977024    13.9928    7.78884      0.773    32.2598    24.0719 -9.990e-29
 237.454300      0.786  38.976499    13.9999    7.77431      0.779    32.2534    24.0654 -9.990e-29
 237.454306      0.793  38.979916    14.0099    7.76569      0.786    32.2481    24.0593 -9.990e-29
 237.454311      0.802  38.984515    14.0179    7.76458      0.795    32.2457    24.0558 -9.990e-29
 237.454317      0.810  38.987988    14.0178    7.77675      0.803    32.2489    24.0583 -9.990e-29
 237.454323      0.812  38.987651    14.0070    7.77826      0.805    32.2577    24.0673 -9.990e-29
 237.454329      0.813  38.981349    13.9951    7.78738      0.806    32.2619    24.0730 -9.990e-29
 237.454334      0.818  38.974118    13.9942    7.77604      0.811    32.2559    24.0686 -9.990e-29
 237.454340      0.826  38.974241    14.0034    7.76909      0.819    32.2483    24.0608 -9.990e-29
 237.454346      0.838  38.981291    14.0167    7.78049      0.831    32.2437    24.0545 -9.990e-29
 237.454352      0.856  38.989499    14.0269    7.79701      0.849    32.2427    24.0516 -9.990e-29
 237.454358      0.879  38.994639    14.0293    7.82359      0.872    32.2454    24.0532 -9.990e-29
 237.454363      0.910  38.995129    14.0308    7.83228      0.902    32.2446    24.0523 -9.990e-29
 237.454369      0.947  38.995525    14.0368    7.84019      0.939    32.2399    24.0475 -9.990e-29
 237.454375      0.986  38.999696    14.0446    7.85273      0.978    32.2372    24.0438 -9.990e-29
 237.454381      1.036  39.005321    14.0512    7.86101      1.027    32.2368    24.0421 -9.990e-29
 237.454387      1.103  39.009780    14.0560    7.89666      1.094    32.2369    24.0412 -9.990e-29
 237.454392      1.192  39.012826    14.0555    7.92039      1.182    32.2401    24.0438 -9.990e-29
 237.454398      1.304  39.013449    14.0413    7.93154      1.293    32.2525    24.0563 -9.990e-29
 237.454404      1.441  39.005723    14.0112    7.92811      1.429    32.2706    24.0764 0.0000e+00
 237.454410      1.614  38.986614    13.9714    7.89231      1.601    32.2863    24.0967 0.0000e+00
 237.454416      1.832  38.960348    13.9258    7.82769      1.817    32.3003    24.1169 0.0000e+00
 237.454421      2.106  38.929458    13.8678    7.75748      2.088    32.3204    24.1443 0.0000e+00
 237.454427      2.430  38.888064    13.7827    7.69627      2.410    32.3537    24.1873 0.0000e+00
 237.454433      2.793  38.827503    13.6499    7.66730      2.770    32.4096    24.2575 0.0000e+00
 237.454439      3.186  38.734304    13.4659    7.64118      3.159    32.4788    24.3481 0.0000e+00
 237.454444      3.604  38.600278    13.2672    7.57921      3.574    32.5227    24.4217 0.0000e+00
 237.454450      4.040  38.458706    13.0883    7.52984      4.006    32.5427    24.4725 0.0000e+00
 237.454456      4.493  38.345693    12.9256    7.47593      4.455    32.5756    24.5300 0.0000e+00
 237.454462      4.959  38.251279    12.7580    7.45803      4.918    32.6305    24.6052 0.0000e+00
 237.454468      5.435  38.151606    12.5756    7.42862      5.390    32.6936    24.6893 0.0000e+00
 237.454473      5.913  38.035437    12.3937    7.36339      5.864    32.7407    24.7606 0.0000e+00
 237.454479      6.385  37.913285    12.2397    7.28561      6.332    32.7578    24.8032 0.0000e+00
 237.454485      6.853  37.807868    12.1257    7.20461      6.796    32.7559    24.8232 0.0000e+00
 237.454491      7.333  37.728880    12.0427    7.13244      7.272    32.7523    24.8360 0.0000e+00
 237.454497      7.827  37.670780    11.9787    7.07886      7.762    32.7521    24.8478 0.0000e+00
 237.454502      8.325  37.626161    11.9266    7.04132      8.255    32.7545    24.8594 0.0000e+00
 237.454508      8.810  37.589333    11.8812    7.04146      8.736    32.7585    24.8710 0.0000e+00
 237.454514      9.277  37.556019    11.8375    7.02404      9.199    32.7645    24.8837 0.0000e+00
 237.454520      9.723  37.524389    11.7892    6.96797      9.642    32.7761    24.9017 0.0000e+00
 237.454525     10.157  37.488691    11.7326    6.93970     10.072    32.7912    24.9238 0.0000e+00
 237.454531     10.584  37.445037    11.6693    6.85332     10.495    32.8044    24.9457 0.0000e+00
 237.454537     11.001  37.396881    11.6070    6.71270     10.909    32.8124    24.9634 0.0000e+00
 237.454543     11.401  37.350638    11.5438    6.53443     11.306    32.8230    24.9832 0.0000e+00
 237.454549     11.779  37.303500    11.4533    6.38018     11.680    32.8570    25.0261 0.0000e+00
 237.454554     12.137  37.235201    11.2885    6.28810     12.035    32.9366    25.1178 0.0000e+00
 237.454560     12.478  37.107919    11.0497    6.17813     12.373    33.0248    25.2291 0.0000e+00
 237.454566     12.796  36.922946    10.8275    6.06338     12.689    33.0412    25.2811 0.0000e+00
 237.454572     13.087  36.759406    10.6950    5.94474     12.977    32.9976    25.2704 0.0000e+00
 237.454578     13.343  36.671135    10.6485    5.87885     13.231    32.9513    25.2424 0.0000e+00
 237.454583     13.560  36.641865    10.6515    5.87277     13.446    32.9193    25.2169 0.0000e+00
 237.454589     13.737  36.642614    10.6678    5.87739     13.622    32.9052    25.2032 0.0000e+00
 237.454595     13.887  36.652487    10.6769    5.88668     13.771    32.9068    25.2028 0.0000e+00
 237.454601     14.023  36.657150    10.6741    5.87078     13.905    32.9140    25.2089 0.0000e+00
 237.454606     14.154  36.652151    10.6625    5.81432     14.035    32.9194    25.2151 0.0000e+00
 237.454612     14.292  36.641455    10.6392    5.73421     14.172    32.9296    25.2271 0.0000e+00
 237.454618     14.446  36.622554    10.5854    5.63627     14.325    32.9593    25.2595 0.0000e+00
 237.454624     14.618  36.581435    10.4625    5.50194     14.495    33.0293    25.3353 0.0000e+00
 237.454630     14.813  36.487921    10.2427    5.35675     14.689    33.1352    25.4554 0.0000e+00
 237.454635     15.041  36.314863     9.9584    5.16887     14.915    33.2204    25.5697 0.0000e+00
 237.454641     15.302  36.086035     9.6723    4.95191     15.174    33.2506    25.6407 0.0000e+00
 237.454647     15.596  35.858475     9.4106    4.78077     15.465    33.2593    25.6901 0.0000e+00
 237.454653     15.921  35.658925     9.1543    4.62950     15.788    33.2916    25.7564 0.0000e+00
 237.454659     16.272  35.470170     8.8826    4.50058     16.136    33.3495    25.8444 0.0000e+00
 237.454664     16.649  35.275373     8.6222    4.41456     16.509    33.3905    25.9168 0.0000e+00
 237.454670     17.054  35.096160     8.4192    4.30062     16.911    33.3935    25.9501 0.0000e+00
 237.454676     17.485  34.961470     8.2864    4.20728     17.338    33.3767    25.9569 0.0000e+00
 237.454682     17.937  34.874389     8.2112    4.13715     17.787    33.3555    25.9515 0.0000e+00
 237.454688     18.414  34.824697     8.1730    4.07327     18.260    33.3388    25.9441 0.0000e+00
 237.454693     18.916  34.798226     8.1527    4.03949     18.757    33.3297    25.9399 0.0000e+00
 237.454699     19.442  34.782070     8.1395    4.00803     19.279    33.3248    25.9381 0.0000e+00
 237.454705     19.994  34.769794     8.1284    3.98867     19.826    33.3220    25.9375 0.0000e+00
 237.454711     20.577  34.759577     8.1146    3.97888     20.404    33.3240    25.9411 0.0000e+00
 237.454716     21.191  34.748420     8.0953    3.96002     21.013    33.3302    25.9488 0.0000e+00
 237.454722     21.831  34.734312     8.0748    3.95709     21.648    33.3343    25.9551 0.0000e+00
 237.454728     22.486  34.722519     8.0606    3.93854     22.297    33.3350    25.9577 0.0000e+00
 237.454734     23.139  34.717468     8.0529    3.92598     22.945    33.3366    25.9602 0.0000e+00
 237.454740     23.770  34.714635     8.0478    3.92437     23.570    33.3382    25.9621 0.0000e+00
 237.454745     24.373  34.709652     8.0439    3.90598     24.168    33.3363    25.9612 0.0000e+00
 237.454751     24.960  34.704819     8.0402    3.90153     24.750    33.3344    25.9603 0.0000e+00
 237.454757     25.544  34.700952     8.0341    3.91334     25.329    33.3358    25.9623 0.0000e+00
 237.454763     26.126  34.695675     8.0226    3.91002     25.906    33.3408    25.9680 0.0000e+00
 237.454769     26.709  34.686410     8.0059    3.92478     26.484    33.3466    25.9749 0.0000e+00
 237.454774     27.293  34.673111     7.9900    3.93449     27.063    33.3473    25.9778 0.0000e+00
 237.454780     27.871  34.660439     7.9790    3.92807     27.637    33.3439    25.9768 0.0000e+00
 237.454786     28.441  34.651649     7.9723    3.94434     28.202    33.3407    25.9752 0.0000e+00
 237.454792     29.006  34.645645     7.9679    3.94831     28.762    33.3382    25.9739 0.0000e+00
 237.454797     29.566  34.641120     7.9645    3.95079     29.317    33.3363    25.9730 0.0000e+00
 237.454803     30.120  34.637621     7.9606    3.95943     29.866    33.3360    25.9733 0.0000e+00
 237.454809     30.664  34.633821     7.9559    3.94448     30.406    33.3362    25.9741 0.0000e+00
