data/oxygen options/OCNMS/OCNMS2/raw_data/2004/CTD_TH40_082404faed.cnv
* Sea-Bird SBE19 Data File:
* FileName = C:\WINDOWS\Desktop\put hypoxia files here\CTD data\August 24_25-04\TH\TH40_082404.hex
* Software Version 1.1.4
* Temperature SN = 2997
* Conductivity SN = 2997
* System UpLoad Time = Aug 24 2004 16:15:54
* SEACAT PROFILER V3.1c SN 2997   08/24/04  16:16:08.478
* strain gauge pressure sensor: S/N = 184829,  range = 3000 psia,  tc = 40
# nquan = 9                                 
# nvalues = 1289                        
# units = specified
# name 0 = timeJ: Julian Days
# name 1 = prSM: Pressure, Strain Gauge [db]
# name 2 = c0mS/cm: Conductivity [mS/cm]
# name 3 = t090C: Temperature [ITS-90, deg C]
# name 4 = oxML/L: Oxygen, Beckman/YSI [ml/l]
# name 5 = depSM: Depth [salt water, m], lat = 47.5
# name 6 = sal00: Salinity, Practical [PSU]
# name 7 = sigma-é00: Density [sigma-theta, kg/m^3]
# name 8 = flag: flag
# span 0 = 237.620069, 237.627523       
# span 1 =     -4.968,     42.007       
# span 2 =   0.494504,  39.917290       
# span 3 =     7.9326,    15.3830       
# span 4 =   -0.04703,   29.56151       
# span 5 =     -4.927,     41.652       
# span 6 =     0.2965,    33.3048       
# span 7 =    -0.7189,    25.9372       
# span 8 = 0.0000e+00, 0.0000e+00       
# interval = seconds: 0.5
# start_time = Aug 24 2004 14:52:54 [Instrument's time stamp, header]
# bad_flag = -9.990e-29
*END*
[from data line 161]
 237.621001     -0.457  39.898724    15.2231    8.02047     -0.453    32.0789    23.6729 -9.990e-29
 237.621007     -0.438  39.898490    15.2230    8.01602     -0.434    32.0788    23.6728 -9.990e-29
 237.621013     -0.426  39.898656    15.2243    7.99904     -0.422    32.0779    23.6718 -9.990e-29
 237.621019     -0.421  39.900012    15.2258    7.99802     -0.417    32.0778    23.6715 -9.990e-29
 237.621024     -0.419  39.901570    15.2264    8.00133     -0.416    32.0787    23.6720 -9.990e-29
 237.621030     -0.410  39.902051    15.2259    8.01109     -0.407    32.0796    23.6728 -9.990e-29
 237.621036     -0.394  39.901544    15.2252    8.00636     -0.391    32.0797    23.6730 -9.990e-29
 237.621042     -0.379  39.901066    15.2249    8.00400     -0.376    32.0795    23.6729 -9.990e-29
 237.621047     -0.367  39.901110    15.2253    7.99638     -0.364    32.0792    23.6726 -9.990e-29
 237.621053     -0.359  39.901743    15.2264    7.99863     -0.356    32.0789    23.6721 -9.990e-29
 237.621059     -0.353  39.903257    15.2273    7.99907     -0.350    32.0795    23.6724 -9.990e-29
 237.621065     -0.350  39.904314    15.2269    7.99333     -0.347    32.0808    23.6735 -9.990e-29
 237.621071     -0.344  39.903525    15.2255    7.98681     -0.341    32.0812    23.6741 -9.990e-29
 237.621076     -0.331  39.902092    15.2240    7.98044     -0.328    32.0811    23.6744 -9.990e-29
 237.621082     -0.315  39.900920    15.2223    7.98135     -0.312    32.0815    23.6750 -9.990e-29
 237.621088     -0.299  39.899575    15.2208    7.99123     -0.297    32.0815    23.6754 -9.990e-29
 237.621094     -0.281  39.898516    15.2205    7.99461     -0.279    32.0808    23.6749 -9.990e-29
 237.621100     -0.266  39.898585    15.2214    7.99879     -0.264    32.0801    23.6742 -9.990e-29
 237.621105     -0.259  39.899321    15.2226    7.99157     -0.257    32.0798    23.6737 -9.990e-29
 237.621111     -0.262  39.900028    15.2234    7.97780     -0.260    32.0798    23.6735 -9.990e-29
 237.621117     -0.266  39.900539    15.2242    7.96604     -0.264    32.0796    23.6731 -9.990e-29
 237.621123     -0.267  39.900983    15.2250    7.96774     -0.265    32.0793    23.6728 -9.990e-29
 237.621128     -0.264  39.901399    15.2251    7.97116     -0.262    32.0796    23.6730 -9.990e-29
 237.621134     -0.257  39.901230    15.2247    7.98900     -0.255    32.0798    23.6732 -9.990e-29
 237.621140     -0.247  39.900818    15.2246    7.98192     -0.245    32.0795    23.6730 -9.990e-29
 237.621146     -0.232  39.900745    15.2248    7.97931     -0.230    32.0792    23.6728 -9.990e-29
 237.621152     -0.212  39.900925    15.2254    7.95944     -0.210    32.0789    23.6724 -9.990e-29
 237.621157     -0.185  39.901605    15.2261    7.96493     -0.183    32.0789    23.6723 -9.990e-29
 237.621163     -0.154  39.902577    15.2262    7.97851     -0.153    32.0797    23.6728 -9.990e-29
 237.621169     -0.126  39.902903    15.2259    7.98756     -0.125    32.0802    23.6733 -9.990e-29
 237.621175     -0.102  39.902466    15.2261    7.97790     -0.101    32.0797    23.6728 -9.990e-29
 237.621181     -0.082  39.902375    15.2269    7.95424     -0.081    32.0789    23.6721 -9.990e-29
 237.621186     -0.069  39.903078    15.2279    7.94766     -0.068    32.0787    23.6717 -9.990e-29
 237.621192     -0.065  39.903837    15.2288    7.94868     -0.064    32.0787    23.6715 -9.990e-29
 237.621198     -0.062  39.903989    15.2291    7.95766     -0.061    32.0786    23.6713 -9.990e-29
 237.621204     -0.048  39.903746    15.2290    7.95444     -0.048    32.0784    23.6712 -9.990e-29
 237.621209     -0.020  39.903917    15.2292    7.95128     -0.020    32.0784    23.6712 -9.990e-29
 237.621215      0.009  39.904738    15.2299    7.94929      0.009    32.0786    23.6711 -9.990e-29
 237.621221      0.029  39.905630    15.2306    7.95700      0.029    32.0788    23.6712 -9.990e-29
 237.621227      0.037  39.906105    15.2309    7.96311      0.037    32.0790    23.6712 -9.990e-29
 237.621233      0.038  39.906244    15.2307    7.95100      0.038    32.0792    23.6715 -9.990e-29
 237.621238      0.035  39.906242    15.2303    7.94106      0.035    32.0796    23.6718 -9.990e-29
 237.621244      0.029  39.906106    15.2297    7.93754      0.029    32.0799    23.6723 -9.990e-29
 237.621250      0.024  39.905664    15.2278    7.93993      0.024    32.0811    23.6736 -9.990e-29
 237.621256      0.024  39.904334    15.2239    7.95160      0.024    32.0831    23.6759 -9.990e-29
 237.621262      0.023  39.901476    15.2199    7.94390      0.023    32.0838    23.6774 -9.990e-29
 237.621267      0.019  39.898338    15.2185    7.94757      0.019    32.0821    23.6764 -9.990e-29
 237.621273      0.015  39.897473    15.2199    7.94724      0.015    32.0802    23.6746 -9.990e-29
 237.621279      0.014  39.898858    15.2220    7.95312      0.014    32.0797    23.6738 -9.990e-29
 237.621285      0.018  39.900422    15.2236    7.94511      0.018    32.0798    23.6735 -9.990e-29
 237.621291      0.026  39.901456    15.2246    7.93482      0.026    32.0799    23.6734 -9.990e-29
 237.621296      0.038  39.902226    15.2252    7.93207      0.038    32.0801    23.6734 -9.990e-29
 237.621302      0.052  39.902645    15.2259    7.94404      0.052    32.0799    23.6731 -9.990e-29
 237.621308      0.060  39.903279    15.2268    7.94717      0.059    32.0798    23.6728 -9.990e-29
 237.621314      0.061  39.904420    15.2272    7.93667      0.060    32.0805    23.6732 -9.990e-29
 237.621319      0.065  39.904795    15.2270    7.92601      0.064    32.0810    23.6736 -9.990e-29
 237.621325      0.072  39.904353    15.2267    7.92050      0.071    32.0808    23.6736 -9.990e-29
 237.621331      0.078  39.904195    15.2262    7.93160      0.077    32.0811    23.6739 -9.990e-29
 237.621337      0.088  39.904120    15.2252    7.95108      0.087    32.0818    23.6747 -9.990e-29
 237.621343      0.106  39.903475    15.2241    7.93348      0.105    32.0821    23.6752 -9.990e-29
 237.621348      0.130  39.902532    15.2235    7.91625      0.129    32.0818    23.6750 -9.990e-29
 237.621354      0.152  39.901726    15.2231    7.92209      0.151    32.0814    23.6748 -9.990e-29
 237.621360      0.170  39.901110    15.2228    7.92590      0.169    32.0811    23.6746 -9.990e-29
 237.621366      0.184  39.900994    15.2226    7.93304      0.182    32.0811    23.6747 -9.990e-29
 237.621372      0.201  39.901232    15.2229    7.92777      0.199    32.0811    23.6746 -9.990e-29
 237.621377      0.220  39.901590    15.2234    7.90695      0.218    32.0810    23.6744 -9.990e-29
 237.621383      0.231  39.901993    15.2233    7.91725      0.229    32.0814    23.6748 -9.990e-29
 237.621389      0.225  39.901862    15.2219    7.92959      0.223    32.0824    23.6759 -9.990e-29
 237.621395      0.215  39.900472    15.2196    7.92430      0.213    32.0831    23.6769 -9.990e-29
 237.621400      0.218  39.898222    15.2183    7.92592      0.216    32.0821    23.6764 -9.990e-29
 237.621406      0.225  39.897171    15.2192    7.92364      0.223    32.0804    23.6749 -9.990e-29
 237.621412      0.223  39.898171    15.2212    7.93292      0.221    32.0797    23.6739 -9.990e-29
 237.621418      0.218  39.899758    15.2228    7.93938      0.216    32.0798    23.6737 -9.990e-29
 237.621424      0.216  39.900690    15.2232    7.92564      0.214    32.0803    23.6740 -9.990e-29
 237.621429      0.223  39.901099    15.2231    7.92319      0.221    32.0808    23.6743 -9.990e-29
 237.621435      0.234  39.901539    15.2234    7.92186      0.232    32.0809    23.6744 -9.990e-29
 237.621441      0.246  39.902045    15.2239    7.92017      0.244    32.0810    23.6743 -9.990e-29
 237.621447      0.259  39.902176    15.2243    7.92650      0.257    32.0807    23.6741 -9.990e-29
 237.621453      0.275  39.902116    15.2245    7.92498      0.273    32.0805    23.6738 -9.990e-29
 237.621458      0.294  39.902355    15.2245    7.91410      0.292    32.0807    23.6740 -9.990e-29
 237.621464      0.318  39.902661    15.2246    7.91151      0.315    32.0809    23.6741 -9.990e-29
 237.621470      0.344  39.902888    15.2252    7.90936      0.341    32.0806    23.6738 -9.990e-29
 237.621476      0.364  39.903348    15.2265    7.91742      0.361    32.0800    23.6730 -9.990e-29
 237.621481      0.381  39.904100    15.2280    7.93476      0.378    32.0794    23.6722 -9.990e-29
 237.621487      0.399  39.904846    15.2291    7.92534      0.396    32.0792    23.6718 -9.990e-29
 237.621493      0.412  39.905463    15.2296    7.90792      0.409    32.0793    23.6718 -9.990e-29
 237.621499      0.411  39.906033    15.2300    7.89511      0.408    32.0795    23.6719 -9.990e-29
 237.621505      0.405  39.906761    15.2308    7.88692      0.402    32.0795    23.6717 -9.990e-29
 237.621510      0.406  39.907878    15.2317    7.89949      0.403    32.0797    23.6717 -9.990e-29
 237.621516      0.419  39.909192    15.2322    7.90665      0.416    32.0805    23.6722 -9.990e-29
 237.621522      0.440  39.909656    15.2325    7.91381      0.436    32.0807    23.6722 -9.990e-29
 237.621528      0.458  39.909331    15.2333    7.90580      0.454    32.0797    23.6713 -9.990e-29
 237.621534      0.462  39.910031    15.2344    7.89331      0.458    32.0794    23.6709 -9.990e-29
 237.621539      0.454  39.911571    15.2351    7.88571      0.450    32.0803    23.6713 -9.990e-29
 237.621545      0.454  39.912642    15.2349    7.87943      0.450    32.0814    23.6723 -9.990e-29
 237.621551      0.468  39.912435    15.2329    7.89005      0.464    32.0828    23.6738 -9.990e-29
 237.621557      0.493  39.910678    15.2303    7.91289      0.489    32.0834    23.6748 -9.990e-29
 237.621563      0.518  39.908398    15.2292    7.91835      0.514    32.0822    23.6741 -9.990e-29
 237.621568      0.528  39.907049    15.2297    7.90866      0.524    32.0806    23.6728 -9.990e-29
 237.621574      0.515  39.907076    15.2308    7.88853      0.511    32.0797    23.6719 -9.990e-29
 237.621580      0.490  39.907956    15.2317    7.88565      0.486    32.0798    23.6717 -9.990e-29
 237.621586      0.474  39.909185    15.2314    7.90474      0.470    32.0811    23.6728 -9.990e-29
 237.621591      0.474  39.909044    15.2298    7.91602      0.470    32.0823    23.6741 -9.990e-29
 237.621597      0.486  39.907349    15.2282    7.90190      0.482    32.0821    23.6743 -9.990e-29
 237.621603      0.497  39.905770    15.2274    7.88652      0.493    32.0813    23.6739 -9.990e-29
 237.621609      0.501  39.905012    15.2274    7.87752      0.497    32.0807    23.6733 -9.990e-29
 237.621615      0.500  39.905187    15.2273    7.89318      0.496    32.0809    23.6735 -9.990e-29
 237.621620      0.505  39.905412    15.2265    7.91044      0.501    32.0818    23.6744 -9.990e-29
 237.621626      0.519  39.904869    15.2256    7.90247      0.515    32.0820    23.6747 -9.990e-29
 237.621632      0.535  39.903961    15.2254    7.89091      0.531    32.0813    23.6743 -9.990e-29
 237.621638      0.541  39.903726    15.2261    7.89258      0.536    32.0806    23.6735 -9.990e-29
 237.621644      0.537  39.904415    15.2271    7.89504      0.533    32.0804    23.6732 -9.990e-29
 237.621649      0.536  39.905267    15.2279    7.89732      0.532    32.0805    23.6731 -9.990e-29
 237.621655      0.551  39.905740    15.2279    7.88466      0.546    32.0809    23.6734 -9.990e-29
 237.621661      0.579  39.905911    15.2276    7.88675      0.574    32.0813    23.6738 -9.990e-29
 237.621667      0.603  39.906011    15.2278    7.89793      0.598    32.0812    23.6737 -9.990e-29
 237.621672      0.617  39.906176    15.2286    7.90216      0.612    32.0807    23.6731 -9.990e-29
 237.621678      0.622  39.906629    15.2295    7.90491      0.617    32.0803    23.6726 -9.990e-29
 237.621684      0.619  39.907417    15.2307    7.88841      0.614    32.0801    23.6722 -9.990e-29
 237.621690      0.611  39.908474    15.2321    7.87030      0.606    32.0799    23.6717 -9.990e-29
 237.621696      0.606  39.909529    15.2332    7.87396      0.601    32.0799    23.6715 -9.990e-29
 237.621701      0.608  39.910311    15.2339    7.87773      0.603    32.0801    23.6715 -9.990e-29
 237.621707      0.618  39.910747    15.2343    7.89103      0.613    32.0801    23.6714 -9.990e-29
 237.621713      0.632  39.910859    15.2348    7.88970      0.627    32.0798    23.6711 -9.990e-29
 237.621719      0.642  39.911363    15.2357    7.87391      0.637    32.0795    23.6706 -9.990e-29
 237.621725      0.645  39.912373    15.2364    7.86259      0.640    32.0798    23.6707 -9.990e-29
 237.621730      0.644  39.912997    15.2365    7.86026      0.639    32.0803    23.6711 -9.990e-29
 237.621736      0.649  39.912948    15.2361    7.87181      0.644    32.0806    23.6714 -9.990e-29
 237.621742      0.664  39.912727    15.2355    7.87524      0.658    32.0809    23.6718 -9.990e-29
 237.621748      0.686  39.912606    15.2352    7.88248      0.680    32.0810    23.6719 -9.990e-29
 237.621753      0.703  39.912428    15.2354    7.87668      0.697    32.0807    23.6716 -9.990e-29
 237.621759      0.703  39.912517    15.2361    7.86856      0.697    32.0802    23.6711 -9.990e-29
 237.621765      0.687  39.912996    15.2370    7.86673      0.681    32.0799    23.6707 -9.990e-29
 237.621771      0.667  39.913386    15.2374    7.87695      0.661    32.0799    23.6706 -9.990e-29
 237.621777      0.653  39.913653    15.2371    7.88698      0.648    32.0804    23.6710 -9.990e-29
 237.621782      0.649  39.913597    15.2363    7.89211      0.644    32.0810    23.6717 -9.990e-29
 237.621788      0.656  39.913148    15.2359    7.87809      0.651    32.0809    23.6717 -9.990e-29
 237.621794      0.669  39.912831    15.2359    7.86342      0.663    32.0807    23.6715 -9.990e-29
 237.621800      0.680  39.912791    15.2358    7.86381      0.674    32.0807    23.6715 -9.990e-29
 237.621806      0.686  39.912976    15.2353    7.87931      0.680    32.0813    23.6721 -9.990e-29
 237.621811      0.688  39.913078    15.2348    7.89952      0.682    32.0818    23.6726 -9.990e-29
 237.621817      0.685  39.912674    15.2347    7.89170      0.679    32.0815    23.6724 -9.990e-29
 237.621823      0.677  39.912354    15.2354    7.87794      0.671    32.0806    23.6716 -9.990e-29
 237.621829      0.664  39.912814    15.2365    7.86921      0.658    32.0801    23.6710 -9.990e-29
 237.621834      0.649  39.913552    15.2374    7.86088      0.644    32.0801    23.6707 -9.990e-29
 237.621840      0.644  39.913871    15.2377    7.87829      0.639    32.0801    23.6707 -9.990e-29
 237.621846      0.657  39.914204    15.2380    7.89301      0.652    32.0802    23.6707 -9.990e-29
 237.621852      0.681  39.915000    15.2385    7.88487      0.675    32.0805    23.6708 -9.990e-29
 237.621858      0.700  39.915640    15.2390    7.87356      0.694    32.0806    23.6708 -9.990e-29
 237.621863      0.703  39.915860    15.2392    7.85828      0.697    32.0807    23.6708 -9.990e-29
 237.621869      0.693  39.915955    15.2393    7.85427      0.687    32.0807    23.6708 -9.990e-29
 237.621875      0.687  39.916058    15.2393    7.87340      0.681    32.0808    23.6708 -9.990e-29
 237.621881      0.694  39.916309    15.2390    7.87627      0.688    32.0812    23.6713 -9.990e-29
 237.621887      0.710  39.916488    15.2385    7.87722      0.704    32.0818    23.6718 -9.990e-29
 237.621892      0.726  39.916275    15.2381    7.86846      0.720    32.0819    23.6720 -9.990e-29
 237.621898      0.737  39.915952    15.2376    7.85746      0.731    32.0820    23.6722 -9.990e-29
 237.621904      0.737  39.915654    15.2362    7.85352      0.731    32.0829    23.6732 -9.990e-29
 237.621910      0.735  39.914987    15.2335    7.84770      0.729    32.0845    23.6750 -9.990e-29
 237.621916      0.745  39.913066    15.2312    7.86758      0.739    32.0847    23.6756 -9.990e-29
