data/oxygen options/OCNMS/OCNMS2/raw_data/2004/CTD_CE70_090704faed.cnv
* Sea-Bird SBE19 Data File:
* FileName = C:\WINDOWS\Desktop\put hypoxia files here\CTD data\September 07_0804\CE\Raw\CE70.hex
* Software Version 1.1.4
* Temperature SN = 2997
* Conductivity SN = 2997
* System UpLoad Time = Sep 07 2004 16:03:46
* SEACAT PROFILER V3.1c SN 2997   09/07/04  16:06:20.830
* strain gauge pressure sensor: S/N = 184829,  range = 3000 psia,  tc = 40
# nquan = 9                                 
# nvalues = 697                         
# units = specified
# name 0 = timeJ: Julian Days
# name 1 = prSM: Pressure, Strain Gauge [db]
# name 2 = c0mS/cm: Conductivity [mS/cm]
# name 3 = t090C: Temperature [ITS-90, deg C]
# name 4 = oxML/L: Oxygen, Beckman/YSI [ml/l]
# name 5 = depSM: Depth [salt water, m], lat = 47.5
# name 6 = sal00: Salinity, Practical [PSU]
# name 7 = sigma-é00: Density [sigma-theta, kg/m^3]
# name 8 = flag: flag
# span 0 = 251.554051, 251.558079       
# span 1 =     -5.117,     69.714       
# span 2 =   0.481509,  40.959634       
# span 3 =     7.5302,    17.1765       
# span 4 =   -0.04241,   27.34612       
# span 5 =     -5.074,     69.120       
# span 6 =     0.2874,    33.7802       
# span 7 =    -0.7510,    26.3806       
# span 8 = 0.0000e+00, 0.0000e+00       
# interval = seconds: 0.5
# start_time = Sep 07 2004 13:17:50 [Instrument's time stamp, header]
# bad_flag = -9.990e-29
*END*
[from data line 321]
 251.555909      0.509  40.678247    16.8592    7.25980      0.505    31.4546    22.8276 -9.990e-29
 251.555914      0.509  40.660740    16.8256    7.25260      0.505    31.4658    22.8439 -9.990e-29
 251.555920      0.509  40.631033    16.7970    7.25868      0.505    31.4625    22.8480 -9.990e-29
 251.555926      0.511  40.605072    16.7786    7.28859      0.507    31.4545    22.8461 -9.990e-29
 251.555932      0.514  40.589201    16.7660    7.30925      0.510    31.4507    22.8461 -9.990e-29
 251.555938      0.519  40.577972    16.7621    7.33044      0.515    31.4440    22.8419 -9.990e-29
 251.555943      0.525  40.573809    16.7756    7.34987      0.521    31.4299    22.8279 -9.990e-29
 251.555949      0.530  40.583512    16.8088    7.33093      0.526    31.4123    22.8068 -9.990e-29
 251.555955      0.528  40.614413    16.8520    7.31764      0.524    31.4052    22.7914 -9.990e-29
 251.555961      0.524  40.661713    16.8947    7.29736      0.520    31.4126    22.7872 -9.990e-29
 251.555966      0.523  40.706013    16.9221    7.28288      0.519    31.4293    22.7937 -9.990e-29
 251.555972      0.523  40.728966    16.9174    7.29163      0.519    31.4527    22.8128 -9.990e-29
 251.555978      0.526  40.721917    16.8928    7.28220      0.522    31.4659    22.8286 -9.990e-29
 251.555984      0.530  40.696802    16.8756    7.28053      0.526    31.4577    22.8263 -9.990e-29
 251.555990      0.538  40.678495    16.8706    7.30370      0.534    31.4459    22.8183 -9.990e-29
 251.555995      0.548  40.672886    16.8688    7.31120      0.543    31.4424    22.8161 -9.990e-29
 251.556001      0.557  40.672502    16.8688    7.30256      0.552    31.4421    22.8158 -9.990e-29
 251.556007      0.562  40.675716    16.8755    7.27848      0.557    31.4396    22.8124 -9.990e-29
 251.556013      0.568  40.683455    16.8906    7.27539      0.563    31.4345    22.8050 -9.990e-29
 251.556019      0.578  40.696505    16.9075    7.26567      0.573    31.4325    22.7996 -9.990e-29
 251.556024      0.594  40.710393    16.9161    7.28354      0.589    31.4377    22.8016 -9.990e-29
 251.556030      0.612  40.709982    16.9270    7.30568      0.607    31.4289    22.7923 -9.990e-29
 251.556036      0.625  40.714373    16.9456    7.33185      0.620    31.4181    22.7797 -9.990e-29
 251.556042      0.629  40.739527    16.9598    7.35888      0.624    31.4287    22.7845 -9.990e-29
 251.556047      0.625  40.758393    16.9833    7.35687      0.620    31.4266    22.7775 -9.990e-29
 251.556053      0.617  40.779306    17.0235    7.34971      0.612    31.4132    22.7579 -9.990e-29
 251.556059      0.612  40.810519    17.0674    7.32366      0.607    31.4058    22.7421 -9.990e-29
 251.556065      0.615  40.846530    17.1068    7.29756      0.610    31.4060    22.7331 -9.990e-29
 251.556071      0.622  40.889359    17.1277    7.26745      0.617    31.4264    22.7439 -9.990e-29
 251.556076      0.624  40.913083    17.1212    7.26021      0.619    31.4518    22.7648 -9.990e-29
 251.556082      0.618  40.904459    17.0940    7.27624      0.613    31.4656    22.7817 -9.990e-29
 251.556088      0.602  40.874447    17.0532    7.28797      0.597    31.4717    22.7959 -9.990e-29
 251.556094      0.585  40.827363    17.0127    7.29435      0.580    31.4629    22.7985 -9.990e-29
 251.556100      0.578  40.788527    16.9903    7.28112      0.573    31.4470    22.7915 -9.990e-29
 251.556105      0.581  40.779102    16.9823    7.26823      0.576    31.4452    22.7920 -9.990e-29
 251.556111      0.590  40.778102    16.9762    7.26133      0.585    31.4491    22.7964 -9.990e-29
 251.556117      0.601  40.770732    16.9663    7.23534      0.596    31.4504    22.7997 -9.990e-29
 251.556123      0.607  40.758395    16.9543    7.22974      0.602    31.4492    22.8016 -9.990e-29
 251.556128      0.606  40.746532    16.9412    7.25083      0.601    31.4492    22.8046 -9.990e-29
 251.556134      0.609  40.733922    16.9212    7.30118      0.604    31.4540    22.8129 -9.990e-29
 251.556140      0.615  40.714980    16.8942    7.35284      0.610    31.4588    22.8228 -9.990e-29
 251.556146      0.620  40.690266    16.8848    7.35131      0.615    31.4449    22.8143 -9.990e-29
 251.556152      0.630  40.681819    16.9164    7.34970      0.625    31.4129    22.7825 -9.990e-29
 251.556157      0.648  40.711481    16.9719    7.33143      0.643    31.3951    22.7560 -9.990e-29
 251.556163      0.671  40.752784    17.0144    7.28791      0.665    31.3975    22.7480 -9.990e-29
 251.556169      0.689  40.782259    17.0247    7.25256      0.683    31.4148    22.7589 -9.990e-29
 251.556175      0.694  40.797303    17.0118    7.21115      0.688    31.4377    22.7795 -9.990e-29
 251.556181      0.691  40.793811    16.9827    7.18782      0.685    31.4574    22.8013 -9.990e-29
 251.556186      0.688  40.769521    16.9339    7.20585      0.682    31.4747    22.8258 -9.990e-29
 251.556192      0.692  40.723430    16.8743    7.25374      0.686    31.4816    22.8449 -9.990e-29
 251.556198      0.705  40.666989    16.8162    7.31239      0.699    31.4785    22.8558 -9.990e-29
 251.556204      0.719  40.616917    16.7711    7.34819      0.713    31.4706    22.8602 -9.990e-29
 251.556209      0.731  40.582154    16.7627    7.35330      0.725    31.4471    22.8441 -9.990e-29
 251.556215      0.740  40.576336    16.8067    7.30009      0.734    31.4077    22.8038 -9.990e-29
 251.556221      0.749  40.618593    16.8816    7.25783      0.743    31.3856    22.7696 -9.990e-29
 251.556227      0.756  40.691167    16.9369    7.24235      0.750    31.4049    22.7716 -9.990e-29
 251.556233      0.763  40.739863    16.9259    7.27399      0.757    31.4554    22.8129 -9.990e-29
 251.556238      0.775  40.724666    16.8518    7.31938      0.769    31.5003    22.8644 -9.990e-29
 251.556244      0.797  40.653914    16.7800    7.33969      0.790    31.4955    22.8773 -9.990e-29
 251.556250      0.820  40.588096    16.7660    7.31197      0.813    31.4496    22.8453 -9.990e-29
 251.556256      0.839  40.575744    16.8047    7.29291      0.832    31.4087    22.8050 -9.990e-29
 251.556262      0.859  40.616604    16.8498    7.31755      0.852    31.4087    22.7946 -9.990e-29
 251.556267      0.889  40.677028    16.8481    7.36645      0.882    31.4621    22.8359 -9.990e-29
 251.556273      0.936  40.682697    16.8004    7.41489      0.928    31.5043    22.8793 -9.990e-29
 251.556279      0.998  40.622635    16.7561    7.42367      0.990    31.4872    22.8764 -9.990e-29
 251.556285      1.076  40.571026    16.7488    7.39247      1.067    31.4483    22.8482 -9.990e-29
 251.556291      1.173  40.572909    16.7720    7.31673      1.163    31.4317    22.8302 -9.990e-29
 251.556296      1.296  40.608866    16.7744    7.25960      1.285    31.4608    22.8520 -9.990e-29
 251.556302      1.454  40.610658    16.7185    7.23638      1.442    31.5062    22.8996 0.0000e+00
 251.556308      1.656  40.560451    16.6093    7.23263      1.642    31.5485    22.9570 0.0000e+00
 251.556314      1.915  40.466463    16.4697    7.23385      1.899    31.5769    23.0106 0.0000e+00
 251.556319      2.238  40.327891    16.3340    7.23723      2.219    31.5634    23.0310 0.0000e+00
 251.556325      2.621  40.191637    16.2206    7.24426      2.599    31.5340    23.0340 0.0000e+00
 251.556331      3.050  40.084681    16.1308    7.27295      3.025    31.5114    23.0368 0.0000e+00
 251.556337      3.508  40.001807    16.0617    7.31489      3.479    31.4934    23.0384 0.0000e+00
 251.556343      3.986  39.939057    16.0075    7.32536      3.953    31.4811    23.0411 0.0000e+00
 251.556348      4.481  39.889571    15.9672    7.30548      4.444    31.4694    23.0411 0.0000e+00
 251.556354      4.990  39.852961    15.9392    7.28441      4.948    31.4592    23.0395 0.0000e+00
 251.556360      5.506  39.828617    15.9166    7.21707      5.460    31.4556    23.0418 0.0000e+00
 251.556366      6.024  39.810403    15.8902    7.10278      5.974    31.4603    23.0513 0.0000e+00
 251.556372      6.543  39.793067    15.8442    6.93352      6.488    31.4814    23.0777 0.0000e+00
 251.556377      7.060  39.773092    15.7443    6.67172      7.001    31.5431    23.1472 0.0000e+00
 251.556383      7.580  39.740634    15.5594    6.34221      7.517    31.6622    23.2794 0.0000e+00
 251.556389      8.105  39.680429    15.3176    5.96364      8.037    31.8035    23.4407 0.0000e+00
 251.556395      8.634  39.595741    15.0688    5.62107      8.562    31.9297    23.5916 0.0000e+00
 251.556400      9.166  39.499248    14.7940    5.38597      9.089    32.0678    23.7567 0.0000e+00
 251.556406      9.702  39.368797    14.4418    5.28415      9.621    32.2406    23.9642 0.0000e+00
 251.556412     10.240  39.170062    14.0103    5.27209     10.154    32.4194    24.1918 0.0000e+00
 251.556418     10.777  38.894347    13.5519    5.35414     10.687    32.5519    24.3875 0.0000e+00
 251.556424     11.308  38.568278    13.1383    5.46847     11.213    32.6000    24.5073 0.0000e+00
 251.556429     11.837  38.256191    12.8157    5.57084     11.738    32.5826    24.5570 0.0000e+00
 251.556435     12.367  38.013549    12.5962    5.65031     12.263    32.5412    24.5674 0.0000e+00
 251.556441     12.898  37.854352    12.4644    5.66203     12.790    32.5030    24.5631 0.0000e+00
 251.556447     13.429  37.759734    12.3851    5.62127     13.316    32.4809    24.5611 0.0000e+00
 251.556453     13.961  37.697686    12.3274    5.53363     13.844    32.4712    24.5645 0.0000e+00
 251.556458     14.492  37.647673    12.2660    5.48243     14.371    32.4763    24.5800 0.0000e+00
 251.556464     15.021  37.595124    12.1620    5.51246     14.895    32.5158    24.6303 0.0000e+00
 251.556470     15.549  37.510870    11.9772    5.56461     15.419    32.5955    24.7267 0.0000e+00
 251.556476     16.074  37.364407    11.7251    5.62092     15.939    32.6743    24.8346 0.0000e+00
 251.556481     16.596  37.163407    11.4755    5.66900     16.457    32.6980    24.8986 0.0000e+00
 251.556487     17.114  36.967850    11.2869    5.64204     16.970    32.6729    24.9131 0.0000e+00
 251.556493     17.626  36.834290    11.1630    5.55799     17.478    32.6510    24.9182 0.0000e+00
 251.556499     18.134  36.757270    11.0753    5.43268     17.982    32.6526    24.9351 0.0000e+00
 251.556505     18.645  36.706925    10.9898    5.20561     18.489    32.6786    24.9705 0.0000e+00
 251.556510     19.167  36.669904    10.8602    4.95671     19.006    32.7573    25.0545 0.0000e+00
 251.556516     19.702  36.613064    10.6506    4.72479     19.537    32.8886    25.1933 0.0000e+00
 251.556522     20.246  36.485809    10.3631    4.49370     20.076    33.0209    25.3459 0.0000e+00
 251.556528     20.790  36.289425     9.9988    4.29430     20.615    33.1548    25.5119 0.0000e+00
 251.556534     21.326  36.038413     9.5858    4.14034     21.147    33.2792    25.6773 0.0000e+00
 251.556539     21.851  35.745049     9.2023    4.06802     21.667    33.3333    25.7815 0.0000e+00
 251.556545     22.361  35.468266     8.8694    4.07285     22.173    33.3571    25.8526 0.0000e+00
 251.556551     22.862  35.222364     8.5620    4.12006     22.670    33.3887    25.9248 0.0000e+00
 251.556557     23.357  34.983202     8.3000    4.18499     23.161    33.3841    25.9608 0.0000e+00
 251.556563     23.850  34.779351     8.1106    4.23953     23.650    33.3473    25.9601 0.0000e+00
 251.556568     24.340  34.639362     7.9888    4.30499     24.135    33.3137    25.9516 0.0000e+00
 251.556574     24.835  34.553626     7.9178    4.32674     24.626    33.2895    25.9429 0.0000e+00
 251.556580     25.334  34.508658     7.8787    4.33261     25.121    33.2784    25.9399 0.0000e+00
 251.556586     25.844  34.490411     7.8534    4.32765     25.627    33.2827    25.9470 0.0000e+00
 251.556591     26.372  34.481241     7.8315    4.32542     26.150    33.2935    25.9586 0.0000e+00
 251.556597     26.909  34.471687     7.8103    4.31930     26.683    33.3033    25.9694 0.0000e+00
 251.556603     27.446  34.459627     7.7902    4.31481     27.215    33.3093    25.9770 0.0000e+00
 251.556609     27.982  34.446317     7.7722    4.31568     27.747    33.3119    25.9817 0.0000e+00
 251.556615     28.518  34.434714     7.7575    4.31402     28.278    33.3133    25.9848 0.0000e+00
 251.556620     29.049  34.427247     7.7465    4.33788     28.805    33.3155    25.9882 0.0000e+00
 251.556626     29.574  34.423454     7.7383    4.30752     29.325    33.3190    25.9921 0.0000e+00
 251.556632     30.102  34.422165     7.7333    4.27786     29.849    33.3222    25.9953 0.0000e+00
 251.556638     30.635  34.426112     7.7344    4.21232     30.377    33.3251    25.9975 0.0000e+00
 251.556644     31.178  34.438845     7.7398    4.13680     30.915    33.3334    26.0032 0.0000e+00
 251.556649     31.730  34.455448     7.7408    4.07199     31.463    33.3500    26.0162 0.0000e+00
 251.556655     32.281  34.464398     7.7309    4.02040     32.009    33.3689    26.0324 0.0000e+00
 251.556661     32.817  34.462465     7.7128    3.95246     32.541    33.3839    26.0468 0.0000e+00
 251.556667     33.335  34.458248     7.6948    3.89514     33.054    33.3964    26.0592 0.0000e+00
 251.556672     33.837  34.458422     7.6825    3.84902     33.552    33.4081    26.0702 0.0000e+00
 251.556678     34.329  34.460942     7.6747    3.79714     34.040    33.4181    26.0791 0.0000e+00
 251.556684     34.817  34.462407     7.6680    3.76985     34.524    33.4259    26.0862 0.0000e+00
 251.556690     35.306  34.463054     7.6609    3.72917     35.008    33.4331    26.0930 0.0000e+00
 251.556696     35.797  34.463716     7.6536    3.70175     35.495    33.4406    26.0999 0.0000e+00
 251.556701     36.288  34.463560     7.6460    3.66945     35.982    33.4476    26.1064 0.0000e+00
 251.556707     36.780  34.462346     7.6378    3.64514     36.470    33.4539    26.1126 0.0000e+00
 251.556713     37.278  34.461225     7.6291    3.64094     36.964    33.4608    26.1193 0.0000e+00
 251.556719     37.783  34.460350     7.6196    3.61044     37.464    33.4688    26.1269 0.0000e+00
 251.556725     38.294  34.459082     7.6105    3.59931     37.971    33.4759    26.1338 0.0000e+00
 251.556730     38.809  34.457940     7.6032    3.55735     38.481    33.4815    26.1392 0.0000e+00
 251.556736     39.326  34.458170     7.5971    3.52268     38.994    33.4874    26.1447 0.0000e+00
 251.556742     39.843  34.460606     7.5918    3.47276     39.507    33.4949    26.1514 0.0000e+00
 251.556748     40.360  34.464537     7.5872    3.43699     40.019    33.5033    26.1587 0.0000e+00
 251.556753     40.871  34.467887     7.5838    3.40675     40.526    33.5099    26.1644 0.0000e+00
 251.556759     41.366  34.469483     7.5819    3.37135     41.017    33.5133    26.1673 0.0000e+00
 251.556765     41.841  34.469179     7.5798    3.36647     41.488    33.5147    26.1687 0.0000e+00
 251.556771     42.309  34.467098     7.5760    3.34982     41.952    33.5159    26.1702 0.0000e+00
 251.556777     42.789  34.464356     7.5710    3.35099     42.427    33.5176    26.1722 0.0000e+00
 251.556782     43.283  34.462311     7.5664    3.34337     42.917    33.5195    26.1745 0.0000e+00
 251.556788     43.786  34.461567     7.5626    3.34070     43.416    33.5222    26.1771 0.0000e+00
 251.556794     44.285  34.462219     7.5581    3.35161     43.911    33.5270    26.1815 0.0000e+00
 251.556800     44.776  34.462302     7.5510    3.35807     44.397    33.5337    26.1878 0.0000e+00
 251.556806     45.258  34.458530     7.5429    3.37233     44.875    33.5372    26.1917 0.0000e+00
 251.556811     45.741  34.452570     7.5370    3.35372     45.354    33.5362    26.1918 0.0000e+00
 251.556817     46.234  34.449331     7.5347    3.33220     45.843    33.5347    26.1909 0.0000e+00
 251.556823     46.739  34.450629     7.5360    3.29486     46.344    33.5346    26.1907 0.0000e+00
