data/oxygen options/OCNMS/OCNMS2/raw_data/2004/CTD_CE60_072604faed.cnv
* Sea-Bird SBE19 Data File:
* FileName = C:\WINDOWS\Desktop\put hypoxia files here\CTD files\july 24_25-04\CE\CE6_072404.hex
* Software Version 1.1.4
* Temperature SN = 2997
* Conductivity SN = 2997
* System UpLoad Time = Jul 26 2004 14:35:22
* SEACAT PROFILER V3.1c SN 2997   07/26/04  14:34:00.566
* strain gauge pressure sensor: S/N = 184829,  range = 3000 psia,  tc = 40
# nquan = 9                                 
# nvalues = 645                         
# units = specified
# name 0 = timeJ: Julian Days
# name 1 = prSM: Pressure, Strain Gauge [db]
# name 2 = c0mS/cm: Conductivity [mS/cm]
# name 3 = t090C: Temperature [ITS-90, deg C]
# name 4 = oxML/L: Oxygen, Beckman/YSI [ml/l]
# name 5 = depSM: Depth [salt water, m], lat = 47.5
# name 6 = sal00: Salinity, Practical [PSU]
# name 7 = sigma-é00: Density [sigma-theta, kg/m^3]
# name 8 = flag: flag
# span 0 = 208.550706, 208.554433       
# span 1 =     -5.638,     54.317       
# span 2 =   0.453713,  39.618876       
# span 3 =     7.3556,    15.9879       
# span 4 =   -0.05176,   28.88758       
# span 5 =     -5.591,     53.857       
# span 6 =     0.2674,    33.7073       
# span 7 =    -0.8411,    26.3516       
# span 8 = 0.0000e+00, 0.0000e+00       
# interval = seconds: 0.5
# start_time = Jul 26 2004 13:13:01 [Instrument's time stamp, header]
# bad_flag = -9.990e-29
*END*
[from data line 321]
 208.552564      0.561  39.384515    14.3976    7.48817      0.556    32.2953    24.0154 -9.990e-29
 208.552569      0.567  39.382360    14.3960    7.50261      0.562    32.2947    24.0152 -9.990e-29
 208.552575      0.578  39.380680    14.3965    7.49739      0.573    32.2927    24.0136 -9.990e-29
 208.552581      0.595  39.381151    14.3991    7.48492      0.590    32.2910    24.0117 -9.990e-29
 208.552587      0.614  39.383268    14.4018    7.47641      0.609    32.2906    24.0109 -9.990e-29
 208.552593      0.629  39.385354    14.4033    7.48652      0.624    32.2913    24.0111 -9.990e-29
 208.552598      0.639  39.386812    14.4032    7.49296      0.634    32.2927    24.0122 -9.990e-29
 208.552604      0.650  39.386772    14.4028    7.48382      0.645    32.2930    24.0125 -9.990e-29
 208.552610      0.658  39.385733    14.4049    7.47489      0.653    32.2903    24.0100 -9.990e-29
 208.552616      0.660  39.387347    14.4083    7.47901      0.654    32.2889    24.0082 -9.990e-29
 208.552622      0.660  39.390388    14.4094    7.48361      0.654    32.2908    24.0094 -9.990e-29
 208.552627      0.667  39.391046    14.4084    7.48119      0.661    32.2922    24.0107 -9.990e-29
 208.552633      0.680  39.390191    14.4076    7.48618      0.674    32.2921    24.0108 -9.990e-29
 208.552639      0.693  39.390039    14.4081    7.48927      0.687    32.2915    24.0103 -9.990e-29
 208.552645      0.701  39.390935    14.4090    7.49490      0.695    32.2916    24.0101 -9.990e-29
 208.552650      0.705  39.391818    14.4076    7.50695      0.699    32.2936    24.0119 -9.990e-29
 208.552656      0.710  39.391052    14.4024    7.50392      0.704    32.2972    24.0158 -9.990e-29
 208.552662      0.721  39.387604    14.3972    7.50558      0.715    32.2984    24.0178 -9.990e-29
 208.552668      0.738  39.383600    14.3979    7.51060      0.732    32.2942    24.0144 -9.990e-29
 208.552674      0.762  39.383788    14.4025    7.48374      0.756    32.2905    24.0106 -9.990e-29
 208.552679      0.790  39.387847    14.4031    7.47304      0.783    32.2937    24.0130 -9.990e-29
 208.552685      0.820  39.388835    14.3891    7.47213      0.813    32.3063    24.0256 -9.990e-29
 208.552691      0.858  39.376837    14.3472    7.50912      0.851    32.3303    24.0529 -9.990e-29
 208.552697      0.916  39.339215    14.2762    7.55589      0.908    32.3552    24.0869 -9.990e-29
 208.552703      0.996  39.274046    14.2012    7.58482      0.988    32.3582    24.1048 -9.990e-29
 208.552708      1.091  39.203821    14.1542    7.58946      1.082    32.3331    24.0952 -9.990e-29
 208.552714      1.194  39.159433    14.1380    7.58639      1.184    32.3059    24.0775 -9.990e-29
 208.552720      1.307  39.148992    14.1204    7.62943      1.296    32.3110    24.0851 -9.990e-29
 208.552726      1.439  39.140602    14.0682    7.76082      1.427    32.3470    24.1237 0.0000e+00
 208.552731      1.596  39.094456    13.9782    7.83545      1.583    32.3801    24.1677 0.0000e+00
 208.552737      1.784  39.009046    13.8601    7.85164      1.769    32.4007    24.2078 0.0000e+00
 208.552743      2.004  38.899506    13.7204    7.81019      1.987    32.4171    24.2490 0.0000e+00
 208.552749      2.255  38.773471    13.5696    7.75130      2.236    32.4276    24.2876 0.0000e+00
 208.552755      2.542  38.643501    13.4144    7.55888      2.521    32.4381    24.3268 0.0000e+00
 208.552760      2.860  38.510173    13.2436    7.33900      2.836    32.4586    24.3768 0.0000e+00
 208.552766      3.209  38.363406    13.0161    7.14758      3.182    32.5151    24.4654 0.0000e+00
 208.552772      3.593  38.174638    12.6419    6.94225      3.563    32.6587    24.6495 0.0000e+00
 208.552778      4.016  37.851452    12.1157    6.68787      3.982    32.8079    24.8654 0.0000e+00
 208.552784      4.475  37.390294    11.6250    6.36190      4.438    32.7927    24.9447 0.0000e+00
 208.552789      4.969  36.974323    11.3110    5.98623      4.927    32.6630    24.9008 0.0000e+00
 208.552795      5.498  36.722909    11.1003    5.65563      5.452    32.6018    24.8909 0.0000e+00
 208.552801      6.059  36.565980    10.8502    5.39543      6.008    32.6686    24.9869 0.0000e+00
 208.552807      6.648  36.373871    10.5152    5.19302      6.592    32.7769    25.1294 0.0000e+00
 208.552812      7.264  36.105733    10.1414    5.04251      7.203    32.8444    25.2456 0.0000e+00
 208.552818      7.899  35.817976     9.7878    4.87361      7.833    32.8737    25.3272 0.0000e+00
 208.552824      8.547  35.553669     9.5101    4.72460      8.475    32.8569    25.3594 0.0000e+00
 208.552830      9.206  35.345268     9.3334    4.60871      9.129    32.8042    25.3466 0.0000e+00
 208.552836      9.874  35.218493     9.2306    4.53029      9.791    32.7674    25.3342 0.0000e+00
 208.552841     10.557  35.147164     9.1592    4.46438     10.469    32.7589    25.3388 0.0000e+00
 208.552847     11.254  35.092700     9.0919    4.43145     11.160    32.7640    25.3534 0.0000e+00
 208.552853     11.958  35.038456     9.0223    4.39783     11.858    32.7715    25.3702 0.0000e+00
 208.552859     12.666  34.984341     8.9571    4.35624     12.560    32.7750    25.3831 0.0000e+00
 208.552865     13.378  34.937159     8.9031    4.32325     13.266    32.7754    25.3918 0.0000e+00
 208.552870     14.090  34.901184     8.8571    4.27785     13.972    32.7801    25.4026 0.0000e+00
 208.552876     14.806  34.875455     8.8029    4.23415     14.682    32.8030    25.4289 0.0000e+00
 208.552882     15.519  34.847443     8.7325    4.21149     15.389    32.8387    25.4676 0.0000e+00
 208.552888     16.215  34.803824     8.6575    4.21925     16.079    32.8623    25.4976 0.0000e+00
 208.552894     16.887  34.750261     8.5799    4.24072     16.745    32.8780    25.5217 0.0000e+00
 208.552899     17.538  34.692049     8.4960    4.26715     17.391    32.8946    25.5474 0.0000e+00
 208.552905     18.172  34.628843     8.4180    4.29718     18.020    32.9005    25.5638 0.0000e+00
 208.552911     18.790  34.573260     8.3539    4.30893     18.632    32.9015    25.5741 0.0000e+00
 208.552917     19.398  34.531825     8.3025    4.30989     19.235    32.9055    25.5849 0.0000e+00
 208.552922     19.994  34.501894     8.2656    4.28285     19.826    32.9080    25.5924 0.0000e+00
 208.552928     20.576  34.488320     8.2461    4.22603     20.403    32.9117    25.5982 0.0000e+00
 208.552934     21.136  34.495904     8.2421    4.15597     20.959    32.9232    25.6078 0.0000e+00
 208.552940     21.671  34.516180     8.2460    4.06979     21.489    32.9408    25.6211 0.0000e+00
 208.552946     22.187  34.536868     8.2514    3.96881     22.001    32.9574    25.6333 0.0000e+00
 208.552951     22.689  34.558569     8.2555    3.84845     22.498    32.9763    25.6475 0.0000e+00
 208.552957     23.180  34.586041     8.2621    3.71951     22.985    32.9990    25.6643 0.0000e+00
 208.552963     23.656  34.624449     8.2734    3.59591     23.457    33.0289    25.6861 0.0000e+00
 208.552969     24.114  34.669994     8.2818    3.50341     23.911    33.0690    25.7163 0.0000e+00
 208.552975     24.553  34.702046     8.2810    3.42201     24.347    33.1035    25.7435 0.0000e+00
 208.552980     24.974  34.713939     8.2722    3.36922     24.764    33.1242    25.7611 0.0000e+00
 208.552986     25.380  34.715852     8.2602    3.31974     25.167    33.1374    25.7732 0.0000e+00
 208.552992     25.769  34.715307     8.2441    3.27261     25.552    33.1518    25.7869 0.0000e+00
 208.552998     26.146  34.712623     8.2161    3.23619     25.926    33.1752    25.8095 0.0000e+00
 208.553003     26.518  34.701903     8.1770    3.18688     26.295    33.2006    25.8352 0.0000e+00
 208.553009     26.885  34.683914     8.1427    3.12878     26.659    33.2138    25.8506 0.0000e+00
 208.553015     27.247  34.671592     8.1241    3.05154     27.018    33.2182    25.8568 0.0000e+00
 208.553021     27.600  34.669727     8.1125    2.98366     27.368    33.2270    25.8654 0.0000e+00
 208.553027     27.945  34.668467     8.0924    2.91776     27.710    33.2446    25.8822 0.0000e+00
 208.553032     28.288  34.661011     8.0546    2.88125     28.050    33.2724    25.9096 0.0000e+00
 208.553038     28.632  34.641827     8.0032    2.85934     28.391    33.3006    25.9393 0.0000e+00
 208.553044     28.982  34.610488     7.9540    2.85616     28.738    33.3138    25.9569 0.0000e+00
 208.553050     29.332  34.579506     7.9121    2.86764     29.085    33.3205    25.9682 0.0000e+00
 208.553056     29.664  34.555139     7.8622    2.87725     29.414    33.3419    25.9922 0.0000e+00
 208.553061     29.974  34.530042     7.7996    2.86931     29.722    33.3747    26.0270 0.0000e+00
 208.553067     30.256  34.502627     7.7508    2.86127     30.001    33.3918    26.0476 0.0000e+00
 208.553073     30.498  34.483907     7.7392    2.85750     30.241    33.3827    26.0421 0.0000e+00
 208.553079     30.698  34.483032     7.7530    2.86190     30.440    33.3685    26.0289 0.0000e+00
 208.553084     30.864  34.493147     7.7676    2.86110     30.604    33.3653    26.0243 0.0000e+00
 208.553090     31.012  34.498516     7.7696    2.84856     30.751    33.3691    26.0270 0.0000e+00
 208.553096     31.159  34.493337     7.7548    2.83832     30.897    33.3776    26.0358 0.0000e+00
 208.553102     31.319  34.480731     7.7234    2.83000     31.055    33.3941    26.0533 0.0000e+00
 208.553108     31.498  34.463999     7.6843    2.83996     31.233    33.4135    26.0741 0.0000e+00
 208.553113     31.694  34.447663     7.6548    2.84482     31.427    33.4241    26.0867 0.0000e+00
 208.553119     31.899  34.437892     7.6434    2.83520     31.630    33.4245    26.0886 0.0000e+00
 208.553125     32.095  34.435593     7.6454    2.82827     31.825    33.4200    26.0848 0.0000e+00
 208.553131     32.265  34.436501     7.6523    2.80814     31.993    33.4142    26.0793 0.0000e+00
 208.553137     32.403  34.438387     7.6588    2.80025     32.130    33.4100    26.0750 -9.990e-29
 208.553142     32.512  34.440329     7.6639    2.79680     32.238    33.4071    26.0720 -9.990e-29
 208.553148     32.597  34.441485     7.6640    2.79922     32.322    33.4082    26.0729 -9.990e-29
 208.553154     32.657  34.439402     7.6569    2.80583     32.382    33.4128    26.0775 -9.990e-29
 208.553160     32.702  34.434034     7.6474    2.80010     32.427    33.4161    26.0815 -9.990e-29
 208.553166     32.741  34.429925     7.6379    2.78169     32.465    33.4208    26.0865 -9.990e-29
 208.553171     32.783  34.426569     7.6295    2.77539     32.507    33.4252    26.0912 -9.990e-29
 208.553177     32.826  34.422782     7.6252    2.77413     32.549    33.4252    26.0918 -9.990e-29
 208.553183     32.867  34.420728     7.6245    2.77048     32.590    33.4237    26.0907 -9.990e-29
 208.553189     32.906  34.420399     7.6242    2.78082     32.629    33.4236    26.0907 -9.990e-29
 208.553194     32.936  34.420161     7.6224    2.76158     32.659    33.4251    26.0921 -9.990e-29
 208.553200     32.954  34.418504     7.6200    2.75583     32.676    33.4256    26.0928 -9.990e-29
 208.553206     32.963  34.415949     7.6178    2.74536     32.685    33.4249    26.0926 -9.990e-29
 208.553212     32.967  34.413503     7.6148    2.73996     32.689    33.4252    26.0932 -9.990e-29
 208.553218     32.979  34.411198     7.6102    2.75231     32.701    33.4271    26.0954 -9.990e-29
 208.553223     33.007  34.408690     7.6049    2.75276     32.729    33.4295    26.0980 -9.990e-29
 208.553229     33.055  34.405929     7.6006    2.75372     32.776    33.4306    26.0995 -9.990e-29
 208.553235     33.125  34.403645     7.5983    2.73991     32.846    33.4303    26.0996 -9.990e-29
 208.553241     33.213  34.402647     7.5986    2.74016     32.933    33.4289    26.0985 -9.990e-29
 208.553247     33.307  34.403210     7.6011    2.72998     33.026    33.4271    26.0967 -9.990e-29
 208.553252     33.396  34.404332     7.6038    2.72543     33.115    33.4256    26.0952 -9.990e-29
 208.553258     33.473  34.405192     7.6051    2.74028     33.191    33.4253    26.0947 -9.990e-29
 208.553264     33.539  34.405747     7.6044    2.72183     33.256    33.4265    26.0958 -9.990e-29
 208.553270     33.598  34.405542     7.6015    2.71876     33.315    33.4291    26.0982 -9.990e-29
 208.553275     33.654  34.404233     7.5961    2.71191     33.370    33.4328    26.1019 -9.990e-29
 208.553281     33.714  34.401685     7.5872    2.70634     33.430    33.4386    26.1077 -9.990e-29
 208.553287     33.791  34.397791     7.5761    2.71287     33.506    33.4451    26.1144 -9.990e-29
 208.553293     33.898  34.393456     7.5670    2.71004     33.612    33.4491    26.1189 -9.990e-29
 208.553299     34.043  34.390676     7.5630    2.71548     33.756    33.4499    26.1200 0.0000e+00
 208.553304     34.216  34.390155     7.5628    2.70631     33.928    33.4494    26.1197 0.0000e+00
 208.553310     34.412  34.390564     7.5622    2.70019     34.122    33.4503    26.1205 0.0000e+00
 208.553316     34.644  34.390131     7.5580    2.69306     34.352    33.4538    26.1238 0.0000e+00
 208.553322     34.926  34.388207     7.5495    2.68659     34.632    33.4598    26.1298 0.0000e+00
 208.553328     35.260  34.386080     7.5347    2.69629     34.963    33.4716    26.1411 0.0000e+00
 208.553333     35.639  34.385326     7.5118    2.70333     35.339    33.4927    26.1610 0.0000e+00
 208.553339     36.059  34.386548     7.4859    2.70131     35.755    33.5188    26.1852 0.0000e+00
 208.553345     36.513  34.389055     7.4641    2.69637     36.205    33.5424    26.2068 0.0000e+00
 208.553351     36.989  34.391628     7.4471    2.68748     36.677    33.5614    26.2242 0.0000e+00
 208.553356     37.477  34.394257     7.4332    2.67198     37.161    33.5775    26.2388 0.0000e+00
 208.553362     37.963  34.397005     7.4232    2.66739     37.643    33.5899    26.2500 0.0000e+00
 208.553368     38.441  34.398973     7.4170    2.66427     38.117    33.5978    26.2571 0.0000e+00
 208.553374     38.914  34.399906     7.4123    2.67005     38.586    33.6032    26.2619 0.0000e+00
 208.553380     39.393  34.400415     7.4081    2.68117     39.060    33.6076    26.2660 0.0000e+00
 208.553385     39.876  34.401104     7.4047    2.67155     39.539    33.6114    26.2695 0.0000e+00
 208.553391     40.365  34.402256     7.4005    2.66427     40.024    33.6165    26.2741 0.0000e+00
 208.553397     40.865  34.404213     7.3939    2.66371     40.520    33.6248    26.2815 0.0000e+00
 208.553403     41.379  34.407267     7.3860    2.66027     41.030    33.6355    26.2911 0.0000e+00
 208.553409     41.903  34.410931     7.3786    2.67782     41.549    33.6464    26.3007 0.0000e+00
 208.553414     42.434  34.414410     7.3730    2.67556     42.076    33.6554    26.3086 0.0000e+00
 208.553420     42.962  34.417222     7.3699    2.65936     42.599    33.6612    26.3136 0.0000e+00
 208.553426     43.473  34.419676     7.3686    2.65813     43.106    33.6649    26.3167 0.0000e+00
 208.553432     43.957  34.421603     7.3673    2.65699     43.585    33.6680    26.3193 0.0000e+00
 208.553438     44.424  34.422137     7.3652    2.65735     44.048    33.6704    26.3215 0.0000e+00
 208.553443     44.890  34.421915     7.3630    2.66405     44.511    33.6721    26.3231 0.0000e+00
 208.553449     45.364  34.422250     7.3614    2.65649     44.980    33.6738    26.3247 0.0000e+00
 208.553455     45.845  34.423515     7.3602    2.63889     45.457    33.6761    26.3267 0.0000e+00
 208.553461     46.330  34.425081     7.3590    2.63969     45.938    33.6787    26.3289 0.0000e+00
 208.553466     46.816  34.426156     7.3580    2.62571     46.420    33.6806    26.3306 0.0000e+00
 208.553472     47.308  34.426981     7.3576    2.62148     46.908    33.6817    26.3315 0.0000e+00
 208.553478     47.815  34.428020     7.3577    2.62757     47.410    33.6824    26.3321 0.0000e+00
