data/oxygen options/OCNMS/OCNMS2/raw_data/2004/CTD_CA20_072704faed.cnv
* Sea-Bird SBE19 Data File:
* FileName = C:\WINDOWS\Desktop\put hypoxia files here\CTD files\July 26_27-04\CA\CA2_.hex
* Software Version 1.1.4
* Temperature SN = 2997
* Conductivity SN = 2997
* System UpLoad Time = Jul 27 2004 15:58:27
* SEACAT PROFILER V3.1c SN 2997   07/27/04  15:54:32.248
* strain gauge pressure sensor: S/N = 184829,  range = 3000 psia,  tc = 40
# nquan = 9                                 
# nvalues = 503                         
# units = specified
# name 0 = timeJ: Julian Days
# name 1 = prSM: Pressure, Strain Gauge [db]
# name 2 = c0mS/cm: Conductivity [mS/cm]
# name 3 = t090C: Temperature [ITS-90, deg C]
# name 4 = oxML/L: Oxygen, Beckman/YSI [ml/l]
# name 5 = depSM: Depth [salt water, m], lat = 47.5
# name 6 = sal00: Salinity, Practical [PSU]
# name 7 = sigma-é00: Density [sigma-theta, kg/m^3]
# name 8 = flag: flag
# span 0 = 209.623843, 209.626748       
# span 1 =     -5.436,     20.760       
# span 2 =   0.642887,  38.507556       
# span 3 =     7.6852,    13.7822       
# span 4 =   -0.05460,   32.73953       
# span 5 =     -5.391,     20.586       
# span 6 =     0.4040,    33.6014       
# span 7 =    -0.4088,    26.1608       
# span 8 = 0.0000e+00, 0.0000e+00       
# interval = seconds: 0.5
# start_time = Jul 27 2004 14:58:20 [Instrument's time stamp, header]
# bad_flag = -9.990e-29
*END*
 209.623843     -5.436 -9.990e-29    13.7715   -0.05443     -5.391 -9.990e-29 -9.990e-29 -9.990e-29
 209.623848     -5.435   0.642887    13.7745   -0.05460     -5.390     0.4040    -0.4088 -9.990e-29
 209.623854     -5.433   0.951919    13.7793   -0.04517     -5.388     0.6075    -0.2515 -9.990e-29
 209.623860     -5.431   1.401943    13.7821   -0.04539     -5.386     0.9105    -0.0169 -9.990e-29
 209.623866     -5.425   1.702684    13.7822   -0.04547     -5.380     1.1166     0.1427 -9.990e-29
 209.623872     -5.409   1.802513    13.7816   -0.04549     -5.364     1.1855     0.1961 -9.990e-29
 209.623877     -5.386   1.852960    13.7807   -0.04553     -5.341     1.2205     0.2233 -9.990e-29
 209.623883     -5.360   1.974621    13.7801   -0.04554     -5.315     1.3050     0.2888 -9.990e-29
 209.623889     -5.329   2.252941    13.7778   -0.04566     -5.285     1.4996     0.4398 -9.990e-29
 209.623895     -5.296   2.726699    13.7658   -0.04580     -5.252     1.8351     0.7009 -9.990e-29
 209.623900     -5.257   3.685842    13.7249   -0.04581     -5.213     2.5284     1.2423 -9.990e-29
 209.623906     -5.202   6.296418    13.6347   -0.04575     -5.159     4.4849     2.7643 -9.990e-29
 209.623912     -5.132  14.278118    13.5178   -0.04573     -5.089    10.8624     7.6891 -9.990e-29
 209.623918     -5.056  26.429854    13.4262   -0.04572     -5.014    21.3096    15.7397 -9.990e-29
 209.623924     -4.972  34.570063    13.3700   -0.04572     -4.931    28.6978    21.4457 -9.990e-29
 209.623929     -4.880  37.270351    13.3286   -0.04570     -4.839    31.2309    23.4105 -9.990e-29
 209.623935     -4.783  38.159640    13.2822   -0.04572     -4.743    32.1002    24.0917 -9.990e-29
 209.623941     -4.682  38.441538    13.2161   -0.04575     -4.643    32.4206    24.3527 -9.990e-29
 209.623947     -4.580  38.507556    13.1510   -0.04573     -4.542    32.5384    24.4566 -9.990e-29
 209.623953     -4.479  38.492775    13.1234   -0.04570     -4.442    32.5481    24.4696 -9.990e-29
 209.623958     -4.381  38.467736    13.1315   -0.04571     -4.344    32.5175    24.4443 -9.990e-29
 209.623964     -4.284  38.461809    13.1480   -0.04571     -4.248    32.4978    24.4258 -9.990e-29
 209.623970     -4.186  38.469276    13.1573   -0.04581     -4.151    32.4968    24.4232 -9.990e-29
 209.623976     -4.095  38.479284    13.1623   -0.04584     -4.061    32.5019    24.4262 -9.990e-29
 209.623981     -4.012  38.488295    13.1664   -0.04583     -3.979    32.5068    24.4292 -9.990e-29
 209.623987     -3.933  38.493125    13.1636   -0.04581     -3.900    32.5137    24.4351 -9.990e-29
 209.623993     -3.860  38.490060    13.1569   -0.04578     -3.828    32.5165    24.4386 -9.990e-29
 209.623999     -3.799  38.482253    13.1577   -0.04581     -3.767    32.5085    24.4322 -9.990e-29
 209.624005     -3.740  38.481675    13.1638   -0.04592     -3.709    32.5027    24.4265 -9.990e-29
 209.624010     -3.676  38.492545    13.1639   -0.04596     -3.645    32.5128    24.4343 -9.990e-29
 209.624016     -3.607  38.499572    13.1460   -0.04598     -3.577    32.5347    24.4548 -9.990e-29
 209.624022     -3.538  38.490193    13.1104   -0.04590     -3.509    32.5564    24.4786 -9.990e-29
 209.624028     -3.471  38.467555    13.0798   -0.04586     -3.442    32.5613    24.4884 -9.990e-29
 209.624034     -3.413  38.449659    13.0696   -0.04594     -3.385    32.5532    24.4842 -9.990e-29
 209.624039     -3.362  38.454090    13.0735   -0.04600     -3.334    32.5540    24.4840 -9.990e-29
 209.624045     -3.316  38.472668    13.0754   -0.04600     -3.288    32.5699    24.4959 -9.990e-29
 209.624051     -3.268  38.480743    13.0538   -0.04599     -3.241    32.5960    24.5204 -9.990e-29
 209.624057     -3.215  38.460979    13.0075   -0.04593     -3.188    32.6172    24.5459 -9.990e-29
 209.624063     -3.166  38.422874    12.9643   -0.04591     -3.140    32.6184    24.5553 -9.990e-29
 209.624068     -3.127  38.402514    12.9513   -0.04597     -3.101    32.6103    24.5516 -9.990e-29
 209.624074     -3.090  38.417561    12.9693   -0.04598     -3.064    32.6090    24.5471 -9.990e-29
 209.624080     -3.050  38.445379    12.9842   -0.04598     -3.025    32.6224    24.5546 -9.990e-29
 209.624086     -3.008  38.453441    12.9695   -0.04596     -2.983    32.6427    24.5732 -9.990e-29
 209.624091     -2.965  38.425521    12.9399   -0.04594     -2.940    32.6418    24.5783 -9.990e-29
 209.624097     -2.919  38.385487    12.9208   -0.04595     -2.895    32.6204    24.5654 -9.990e-29
 209.624103     -2.872  38.379195    12.9261   -0.04598     -2.848    32.6099    24.5562 -9.990e-29
 209.624109     -2.824  38.406604    12.9481   -0.04599     -2.800    32.6168    24.5573 -9.990e-29
 209.624115     -2.772  38.425663    12.9576   -0.04600     -2.749    32.6266    24.5630 -9.990e-29
 209.624120     -2.723  38.421341    12.9436   -0.04601     -2.700    32.6346    24.5719 -9.990e-29
 209.624126     -2.685  38.410266    12.9258   -0.04605     -2.663    32.6395    24.5792 -9.990e-29
 209.624132     -2.656  38.412398    12.9207   -0.04606     -2.634    32.6459    24.5851 -9.990e-29
 209.624138     -2.625  38.432204    12.9274   -0.04606     -2.603    32.6588    24.5939 -9.990e-29
 209.624144     -2.592  38.450591    12.9352   -0.04605     -2.570    32.6695    24.6006 -9.990e-29
 209.624149     -2.561  38.454995    12.9339   -0.04607     -2.540    32.6747    24.6049 -9.990e-29
 209.624155     -2.536  38.448429    12.9224   -0.04606     -2.515    32.6785    24.6101 -9.990e-29
 209.624161     -2.515  38.435547    12.9071   -0.04603     -2.494    32.6795    24.6138 -9.990e-29
 209.624167     -2.496  38.425485    12.8934   -0.04601     -2.475    32.6818    24.6183 -9.990e-29
 209.624172     -2.479  38.424963    12.8785   -0.04595     -2.458    32.6942    24.6308 -9.990e-29
 209.624178     -2.461  38.424814    12.8588   -0.04597     -2.440    32.7111    24.6477 -9.990e-29
 209.624184     -2.443  38.419170    12.8435   -0.04602     -2.423    32.7189    24.6568 -9.990e-29
 209.624190     -2.423  38.418399    12.8420   -0.04602     -2.403    32.7195    24.6575 -9.990e-29
 209.624196     -2.404  38.420852    12.8479   -0.04602     -2.384    32.7167    24.6542 -9.990e-29
 209.624201     -2.385  38.408984    12.8526   -0.04599     -2.365    32.7014    24.6414 -9.990e-29
 209.624207     -2.356  38.380943    12.8585   -0.04598     -2.336    32.6697    24.6157 -9.990e-29
 209.624213     -2.319  38.360994    12.8715   -0.04600     -2.300    32.6395    24.5899 -9.990e-29
 209.624219     -2.286  38.372411    12.8956   -0.04604     -2.267    32.6295    24.5774 -9.990e-29
 209.624225     -2.253  38.401190    12.9210   -0.04607     -2.234    32.6348    24.5766 -9.990e-29
 209.624230     -2.219  38.412722    12.9249   -0.04607     -2.200    32.6424    24.5816 -9.990e-29
 209.624236     -2.190  38.398769    12.9077   -0.04606     -2.172    32.6440    24.5863 -9.990e-29
 209.624242     -2.164  38.379948    12.8922   -0.04601     -2.146    32.6395    24.5858 -9.990e-29
 209.624248     -2.136  38.381600    12.8920   -0.04600     -2.118    32.6413    24.5872 -9.990e-29
 209.624253     -2.108  38.403059    12.9027   -0.04603     -2.090    32.6523    24.5937 -9.990e-29
 209.624259     -2.082  38.417903    12.9079   -0.04606     -2.065    32.6619    24.6001 -9.990e-29
 209.624265     -2.057  38.416135    12.8991   -0.04606     -2.040    32.6678    24.6064 -9.990e-29
 209.624271     -2.035  38.405445    12.8810   -0.04605     -2.018    32.6733    24.6142 -9.990e-29
 209.624277     -2.019  38.387233    12.8618   -0.04602     -2.002    32.6726    24.6174 -9.990e-29
 209.624282     -2.001  38.365767    12.8506   -0.04597     -1.984    32.6620    24.6113 -9.990e-29
 209.624288     -1.969  38.361175    12.8564   17.12056     -1.953    32.6526    24.6029 -9.990e-29
 209.624294     -1.930  38.380179    12.8753   30.65056     -1.914    32.6543    24.6005 -9.990e-29
 209.624300     -1.892  38.398128    12.8863   32.73953     -1.876    32.6617    24.6042 -9.990e-29
 209.624306     -1.855  38.397950    12.8790   29.06464     -1.840    32.6679    24.6104 -9.990e-29
 209.624311     -1.821  38.386649    12.8657   19.29386     -1.806    32.6686    24.6136 -9.990e-29
 209.624317     -1.789  38.376594    12.8594   14.95122     -1.774    32.6645    24.6116 -9.990e-29
 209.624323     -1.760  38.376758    12.8660   14.96228     -1.745    32.6590    24.6060 -9.990e-29
 209.624329     -1.737  38.388984    12.8882   14.92287     -1.723    32.6514    24.5958 -9.990e-29
 209.624334     -1.718  38.403148    12.9146   13.48439     -1.704    32.6420    24.5834 -9.990e-29
 209.624340     -1.703  38.401618    12.9250    9.02694     -1.689    32.6316    24.5733 -9.990e-29
 209.624346     -1.690  38.369960    12.9125    6.29363     -1.676    32.6124    24.5608 -9.990e-29
 209.624352     -1.679  38.317525    12.8798    4.96967     -1.665    32.5909    24.5506 -9.990e-29
 209.624358     -1.668  38.264670    12.8398    5.33935     -1.654    32.5753    24.5463 -9.990e-29
 209.624363     -1.658  38.221646    12.8188    6.67619     -1.644    32.5526    24.5328 -9.990e-29
 209.624369     -1.647  38.202831    12.8228    7.05584     -1.633    32.5313    24.5156 -9.990e-29
 209.624375     -1.635  38.207194    12.8352    7.27041     -1.621    32.5248    24.5081 -9.990e-29
 209.624381     -1.621  38.217493    12.8369    7.38970     -1.607    32.5331    24.5142 -9.990e-29
 209.624387     -1.604  38.217677    12.8222    7.45437     -1.591    32.5459    24.5270 -9.990e-29
 209.624392     -1.584  38.204011    12.8051    7.51938     -1.571    32.5477    24.5317 -9.990e-29
 209.624398     -1.558  38.191879    12.7920    7.56100     -1.545    32.5474    24.5341 -9.990e-29
 209.624404     -1.529  38.185241    12.7802    7.60645     -1.516    32.5513    24.5393 -9.990e-29
 209.624410     -1.505  38.177994    12.7784    7.62800     -1.492    32.5460    24.5356 -9.990e-29
 209.624416     -1.487  38.176123    12.7927    7.63608     -1.475    32.5318    24.5218 -9.990e-29
 209.624421     -1.471  38.186613    12.8106    7.64300     -1.459    32.5264    24.5141 -9.990e-29
 209.624427     -1.451  38.201516    12.8171    7.63495     -1.439    32.5349    24.5195 -9.990e-29
 209.624433     -1.431  38.208114    12.8094    7.63991     -1.419    32.5478    24.5309 -9.990e-29
 209.624439     -1.412  38.202814    12.7940    7.64147     -1.400    32.5560    24.5403 -9.990e-29
 209.624444     -1.395  38.189713    12.7797    7.64821     -1.383    32.5559    24.5430 -9.990e-29
 209.624450     -1.378  38.177091    12.7722    7.64613     -1.367    32.5504    24.5402 -9.990e-29
 209.624456     -1.359  38.171622    12.7680    7.63779     -1.348    32.5488    24.5398 -9.990e-29
 209.624462     -1.339  38.168763    12.7608    7.62563     -1.328    32.5523    24.5439 -9.990e-29
 209.624468     -1.318  38.161839    12.7532    7.62006     -1.307    32.5523    24.5453 -9.990e-29
 209.624473     -1.306  38.155029    12.7494    7.62519     -1.295    32.5491    24.5436 -9.990e-29
 209.624479     -1.301  38.152096    12.7491    7.63358     -1.290    32.5466    24.5417 -9.990e-29
 209.624485     -1.294  38.151879    12.7508    7.63622     -1.283    32.5449    24.5401 -9.990e-29
 209.624491     -1.281  38.153471    12.7544    7.62992     -1.270    32.5433    24.5381 -9.990e-29
 209.624497     -1.264  38.156136    12.7590    7.62436     -1.253    32.5418    24.5361 -9.990e-29
 209.624502     -1.248  38.159445    12.7604    7.61746     -1.238    32.5438    24.5374 -9.990e-29
 209.624508     -1.230  38.160461    12.7562    7.62126     -1.220    32.5483    24.5417 -9.990e-29
 209.624514     -1.211  38.157119    12.7506    7.62569     -1.201    32.5500    24.5441 -9.990e-29
 209.624520     -1.189  38.152764    12.7492    7.62445     -1.179    32.5471    24.5421 -9.990e-29
 209.624525     -1.166  38.151071    12.7520    7.62451     -1.156    32.5430    24.5384 -9.990e-29
 209.624531     -1.146  38.152529    12.7550    7.63396     -1.136    32.5418    24.5369 -9.990e-29
 209.624537     -1.127  38.154537    12.7561    7.64385     -1.118    32.5428    24.5374 -9.990e-29
 209.624543     -1.107  38.155793    12.7575    7.64100     -1.098    32.5427    24.5371 -9.990e-29
 209.624549     -1.087  38.157917    12.7614    7.63149     -1.078    32.5414    24.5353 -9.990e-29
 209.624554     -1.064  38.162002    12.7675    7.62823     -1.055    32.5400    24.5331 -9.990e-29
 209.624560     -1.042  38.166147    12.7731    7.62442     -1.033    32.5391    24.5313 -9.990e-29
 209.624566     -1.023  38.166484    12.7724    7.63385     -1.014    32.5400    24.5321 -9.990e-29
 209.624572     -1.005  38.163437    12.7651    7.63340     -0.997    32.5434    24.5362 -9.990e-29
 209.624578     -0.993  38.160406    12.7589    7.63380     -0.985    32.5459    24.5393 -9.990e-29
 209.624583     -0.989  38.158384    12.7577    7.62226     -0.981    32.5450    24.5388 -9.990e-29
 209.624589     -0.990  38.157657    12.7601    7.61803     -0.982    32.5422    24.5362 -9.990e-29
 209.624595     -0.990  38.158940    12.7622    7.62571     -0.982    32.5416    24.5354 -9.990e-29
 209.624601     -0.990  38.160014    12.7602    7.62521     -0.982    32.5444    24.5379 -9.990e-29
 209.624606     -0.986  38.157826    12.7593    7.62542     -0.978    32.5431    24.5370 -9.990e-29
 209.624612     -0.977  38.156189    12.7682    7.62174     -0.969    32.5338    24.5282 -9.990e-29
 209.624618     -0.972  38.162458    12.7835    7.62223     -0.964    32.5266    24.5196 -9.990e-29
 209.624624     -0.969  38.174891    12.7918    7.62924     -0.961    32.5312    24.5216 -9.990e-29
 209.624630     -0.965  38.181457    12.7888    7.63983     -0.957    32.5401    24.5290 -9.990e-29
 209.624635     -0.960  38.178012    12.7838    7.65338     -0.952    32.5411    24.5308 -9.990e-29
 209.624641     -0.948  38.174550    12.7861    7.66360     -0.940    32.5358    24.5262 -9.990e-29
 209.624647     -0.929  38.177672    12.7981    7.67303     -0.921    32.5284    24.5182 -9.990e-29
 209.624653     -0.910  38.187613    12.8173    7.67705     -0.902    32.5213    24.5089 -9.990e-29
 209.624659     -0.894  38.203040    12.8364    7.67151     -0.887    32.5195    24.5038 -9.990e-29
 209.624664     -0.881  38.218157    12.8454    7.66064     -0.874    32.5261    24.5071 -9.990e-29
 209.624670     -0.869  38.224512    12.8379    7.65743     -0.862    32.5385    24.5183 -9.990e-29
 209.624676     -0.858  38.217681    12.8201    7.65786     -0.851    32.5474    24.5286 -9.990e-29
 209.624682     -0.848  38.203144    12.8045    7.65708     -0.841    32.5471    24.5314 -9.990e-29
 209.624687     -0.836  38.191811    12.7954    7.65403     -0.829    32.5441    24.5309 -9.990e-29
 209.624693     -0.824  38.187640    12.7894    7.65311     -0.817    32.5454    24.5330 -9.990e-29
 209.624699     -0.809  38.185627    12.7821    7.64052     -0.802    32.5497    24.5378 -9.990e-29
 209.624705     -0.791  38.180281    12.7720    7.63005     -0.784    32.5534    24.5425 -9.990e-29
 209.624711     -0.769  38.171206    12.7631    7.63510     -0.763    32.5524    24.5435 -9.990e-29
 209.624716     -0.741  38.163129    12.7585    7.63323     -0.735    32.5487    24.5416 -9.990e-29
 209.624722     -0.710  38.159305    12.7576    7.63865     -0.704    32.5458    24.5395 -9.990e-29
 209.624728     -0.683  38.158559    12.7619    7.63369     -0.677    32.5414    24.5352 -9.990e-29
 209.624734     -0.661  38.161579    12.7686    7.62634     -0.655    32.5385    24.5317 -9.990e-29
 209.624740     -0.644  38.166781    12.7695    7.62711     -0.639    32.5426    24.5347 -9.990e-29
 209.624745     -0.631  38.167636    12.7622    7.64151     -0.626    32.5497    24.5416 -9.990e-29
 209.624751     -0.621  38.163044    12.7512    7.64209     -0.616    32.5549    24.5478 -9.990e-29
 209.624757     -0.612  38.155859    12.7438    7.63277     -0.607    32.5544    24.5488 -9.990e-29
 209.624763     -0.606  38.149963    12.7465    7.62475     -0.601    32.5465    24.5422 -9.990e-29
