data/oxygen options/OCNMS/OCNMS2/raw_data/2004/CTD_CA50_082404faed.cnv
* Sea-Bird SBE19 Data File:
* FileName = C:\WINDOWS\Desktop\put hypoxia files here\CTD data\August 24_25-04\CA50_082404.hex
* Software Version 1.1.4
* Temperature SN = 2997
* Conductivity SN = 2997
* System UpLoad Time = Aug 24 2004 12:35:07
* SEACAT PROFILER V3.1c SN 2997   08/24/04  12:36:40.080
* strain gauge pressure sensor: S/N = 184829,  range = 3000 psia,  tc = 40
# nquan = 9                                 
# nvalues = 669                         
# units = specified
# name 0 = timeJ: Julian Days
# name 1 = prSM: Pressure, Strain Gauge [db]
# name 2 = c0mS/cm: Conductivity [mS/cm]
# name 3 = t090C: Temperature [ITS-90, deg C]
# name 4 = oxML/L: Oxygen, Beckman/YSI [ml/l]
# name 5 = depSM: Depth [salt water, m], lat = 47.5
# name 6 = sal00: Salinity, Practical [PSU]
# name 7 = sigma-é00: Density [sigma-theta, kg/m^3]
# name 8 = flag: flag
# span 0 = 237.460544, 237.464410       
# span 1 =     -5.214,     50.936       
# span 2 =   0.875403,  38.748359       
# span 3 =     7.8652,    14.5180       
# span 4 =   -0.05367,   31.54948       
# span 5 =     -5.171,     50.505       
# span 6 =     0.5469,    33.5011       
# span 7 =    -0.3994,    26.0100       
# span 8 = 0.0000e+00, 0.0000e+00       
# interval = seconds: 0.5
# start_time = Aug 24 2004 11:03:11 [Instrument's time stamp, header]
# bad_flag = -9.990e-29
*END*
[from data line 161]
 237.461476     -0.611  38.676697    13.7661    7.77749     -0.606    32.1730    24.0510 -9.990e-29
 237.461481     -0.597  38.675786    13.7646    7.76542     -0.592    32.1734    24.0517 -9.990e-29
 237.461487     -0.584  38.674559    13.7639    7.75418     -0.579    32.1728    24.0514 -9.990e-29
 237.461493     -0.575  38.674190    13.7640    7.74671     -0.570    32.1724    24.0510 -9.990e-29
 237.461499     -0.574  38.674750    13.7649    7.74417     -0.569    32.1722    24.0507 -9.990e-29
 237.461505     -0.577  38.675306    13.7660    7.75526     -0.572    32.1718    24.0501 -9.990e-29
 237.461510     -0.578  38.676042    13.7665    7.75793     -0.573    32.1720    24.0502 -9.990e-29
 237.461516     -0.579  38.677385    13.7662    7.74076     -0.574    32.1735    24.0514 -9.990e-29
 237.461522     -0.580  38.678323    13.7653    7.73549     -0.575    32.1751    24.0529 -9.990e-29
 237.461528     -0.575  38.678429    13.7635    7.72689     -0.570    32.1768    24.0545 -9.990e-29
 237.461534     -0.557  38.677849    13.7597    7.73628     -0.552    32.1794    24.0573 -9.990e-29
 237.461539     -0.524  38.676375    13.7539    7.75428     -0.520    32.1829    24.0612 -9.990e-29
 237.461545     -0.483  38.674289    13.7495    7.76507     -0.479    32.1846    24.0634 -9.990e-29
 237.461551     -0.444  38.672736    13.7488    7.75483     -0.440    32.1838    24.0629 -9.990e-29
 237.461557     -0.422  38.672452    13.7506    7.74692     -0.418    32.1820    24.0611 -9.990e-29
 237.461563     -0.418  38.673061    13.7524    7.74298     -0.415    32.1810    24.0600 -9.990e-29
 237.461568     -0.422  38.673695    13.7520    7.73753     -0.418    32.1820    24.0608 -9.990e-29
 237.461574     -0.423  38.673522    13.7495    7.74846     -0.419    32.1839    24.0628 -9.990e-29
 237.461580     -0.422  38.672877    13.7470    7.76131     -0.418    32.1854    24.0645 -9.990e-29
 237.461586     -0.415  38.672589    13.7464    7.75242     -0.412    32.1856    24.0648 -9.990e-29
 237.461591     -0.401  38.672835    13.7480    7.74456     -0.398    32.1845    24.0636 -9.990e-29
 237.461597     -0.384  38.673386    13.7504    7.73805     -0.381    32.1830    24.0620 -9.990e-29
 237.461603     -0.363  38.673859    13.7528    7.72870     -0.360    32.1814    24.0603 -9.990e-29
 237.461609     -0.340  38.674328    13.7546    7.74470     -0.337    32.1803    24.0591 -9.990e-29
 237.461615     -0.319  38.674860    13.7548    7.75267     -0.316    32.1806    24.0593 -9.990e-29
 237.461620     -0.298  38.675049    13.7539    7.74737     -0.296    32.1816    24.0602 -9.990e-29
 237.461626     -0.279  38.674588    13.7538    7.73937     -0.277    32.1812    24.0599 -9.990e-29
 237.461632     -0.271  38.673988    13.7553    7.72576     -0.269    32.1794    24.0582 -9.990e-29
 237.461638     -0.273  38.674136    13.7570    7.73182     -0.271    32.1781    24.0569 -9.990e-29
 237.461644     -0.277  38.674671    13.7576    7.73150     -0.275    32.1781    24.0567 -9.990e-29
 237.461649     -0.274  38.674629    13.7581    7.73389     -0.272    32.1776    24.0563 -9.990e-29
 237.461655     -0.259  38.673958    13.7592    7.72115     -0.257    32.1761    24.0549 -9.990e-29
 237.461661     -0.241  38.673452    13.7601    7.71685     -0.239    32.1749    24.0537 -9.990e-29
 237.461667     -0.226  38.673560    13.7606    7.71350     -0.224    32.1745    24.0534 -9.990e-29
 237.461672     -0.214  38.673868    13.7611    7.71684     -0.212    32.1744    24.0532 -9.990e-29
 237.461678     -0.208  38.674232    13.7617    7.71592     -0.206    32.1742    24.0529 -9.990e-29
 237.461684     -0.208  38.674578    13.7625    7.71420     -0.206    32.1739    24.0525 -9.990e-29
 237.461690     -0.206  38.674809    13.7633    7.71180     -0.204    32.1734    24.0520 -9.990e-29
 237.461696     -0.196  38.675240    13.7638    7.70377     -0.194    32.1734    24.0518 -9.990e-29
 237.461701     -0.183  38.675888    13.7639    7.71174     -0.181    32.1739    24.0522 -9.990e-29
 237.461707     -0.174  38.676499    13.7636    7.72111     -0.173    32.1747    24.0529 -9.990e-29
 237.461713     -0.169  38.676768    13.7634    7.72034     -0.168    32.1751    24.0533 -9.990e-29
 237.461719     -0.158  38.676499    13.7636    7.71564     -0.157    32.1747    24.0529 -9.990e-29
 237.461725     -0.142  38.675897    13.7638    7.70800     -0.141    32.1740    24.0523 -9.990e-29
 237.461730     -0.127  38.675285    13.7641    7.70024     -0.126    32.1732    24.0516 -9.990e-29
 237.461736     -0.118  38.674973    13.7647    7.70135     -0.117    32.1724    24.0509 -9.990e-29
 237.461742     -0.112  38.675107    13.7657    7.70574     -0.111    32.1716    24.0501 -9.990e-29
 237.461748     -0.107  38.675309    13.7665    7.70722     -0.106    32.1712    24.0496 -9.990e-29
 237.461753     -0.097  38.675292    13.7664    7.71025     -0.096    32.1712    24.0496 -9.990e-29
 237.461759     -0.085  38.675038    13.7660    7.69600     -0.084    32.1713    24.0498 -9.990e-29
 237.461765     -0.076  38.674775    13.7660    7.69489     -0.075    32.1711    24.0496 -9.990e-29
 237.461771     -0.068  38.674713    13.7665    7.69374     -0.067    32.1706    24.0491 -9.990e-29
 237.461777     -0.062  38.674774    13.7671    7.69072     -0.061    32.1701    24.0487 -9.990e-29
 237.461782     -0.057  38.675044    13.7676    7.69690     -0.057    32.1700    24.0484 -9.990e-29
 237.461788     -0.053  38.675325    13.7678    7.69602     -0.053    32.1701    24.0485 -9.990e-29
 237.461794     -0.048  38.675436    13.7679    7.69579     -0.048    32.1701    24.0484 -9.990e-29
 237.461800     -0.044  38.675528    13.7675    7.68667     -0.044    32.1705    24.0488 -9.990e-29
 237.461806     -0.040  38.675729    13.7669    7.68548     -0.040    32.1712    24.0495 -9.990e-29
 237.461811     -0.035  38.675747    13.7661    7.68966     -0.035    32.1719    24.0502 -9.990e-29
 237.461817     -0.029  38.675050    13.7648    7.70835     -0.029    32.1723    24.0508 -9.990e-29
 237.461823     -0.022  38.674395    13.7628    7.70333     -0.022    32.1734    24.0520 -9.990e-29
 237.461829     -0.014  38.674596    13.7613    7.69769     -0.014    32.1748    24.0535 -9.990e-29
 237.461834     -0.003  38.674803    13.7612    7.69089     -0.003    32.1751    24.0537 -9.990e-29
 237.461840      0.007  38.674733    13.7619    7.68039      0.007    32.1744    24.0530 -9.990e-29
 237.461846      0.011  38.674858    13.7620    7.69332      0.011    32.1745    24.0530 -9.990e-29
 237.461852      0.015  38.674786    13.7615    7.69347      0.015    32.1748    24.0534 -9.990e-29
 237.461858      0.018  38.674427    13.7614    7.68381      0.018    32.1746    24.0532 -9.990e-29
 237.461863      0.013  38.674425    13.7623    7.67658      0.013    32.1738    24.0525 -9.990e-29
 237.461869     -0.001  38.674782    13.7635    7.68304     -0.001    32.1731    24.0517 -9.990e-29
 237.461875     -0.007  38.674855    13.7641    7.69011     -0.007    32.1727    24.0513 -9.990e-29
 237.461881      0.006  38.674749    13.7643    7.69074      0.006    32.1724    24.0510 -9.990e-29
 237.461887      0.031  38.674886    13.7644    7.68748      0.031    32.1725    24.0510 -9.990e-29
 237.461892      0.057  38.674893    13.7644    7.67137      0.057    32.1725    24.0510 -9.990e-29
 237.461898      0.077  38.674781    13.7643    7.66963      0.076    32.1724    24.0510 -9.990e-29
 237.461904      0.092  38.674967    13.7639    7.68309      0.091    32.1729    24.0515 -9.990e-29
 237.461910      0.107  38.675141    13.7632    7.70107      0.106    32.1737    24.0522 -9.990e-29
 237.461916      0.123  38.674978    13.7629    7.70512      0.122    32.1738    24.0523 -9.990e-29
 237.461921      0.142  38.674823    13.7635    7.69287      0.141    32.1731    24.0517 -9.990e-29
 237.461927      0.160  38.675036    13.7644    7.67302      0.159    32.1726    24.0511 -9.990e-29
 237.461933      0.174  38.675341    13.7650    7.66504      0.173    32.1723    24.0508 -9.990e-29
 237.461939      0.185  38.675588    13.7652    7.68086      0.183    32.1724    24.0508 -9.990e-29
 237.461944      0.194  38.675549    13.7651    7.69046      0.192    32.1724    24.0508 -9.990e-29
 237.461950      0.201  38.675178    13.7657    7.68744      0.199    32.1716    24.0501 -9.990e-29
 237.461956      0.206  38.675106    13.7670    7.67106      0.204    32.1704    24.0489 -9.990e-29
 237.461962      0.211  38.675241    13.7678    7.65676      0.209    32.1699    24.0483 -9.990e-29
 237.461968      0.216  38.675204    13.7673    7.66317      0.214    32.1703    24.0487 -9.990e-29
 237.461973      0.219  38.674947    13.7658    7.67628      0.217    32.1713    24.0498 -9.990e-29
 237.461979      0.227  38.674694    13.7638    7.69150      0.225    32.1727    24.0513 -9.990e-29
 237.461985      0.240  38.674672    13.7627    7.67857      0.238    32.1736    24.0522 -9.990e-29
 237.461991      0.246  38.674854    13.7637    7.68367      0.244    32.1730    24.0515 -9.990e-29
 237.461997      0.240  38.675484    13.7657    7.67054      0.238    32.1719    24.0503 -9.990e-29
 237.462002      0.230  38.676284    13.7668    7.67405      0.228    32.1717    24.0499 -9.990e-29
 237.462008      0.226  38.676641    13.7664    7.67838      0.224    32.1723    24.0505 -9.990e-29
 237.462014      0.231  38.676475    13.7651    7.67870      0.229    32.1733    24.0515 -9.990e-29
 237.462020      0.241  38.676128    13.7638    7.67674      0.239    32.1740    24.0524 -9.990e-29
 237.462025      0.252  38.675702    13.7615    7.66129      0.250    32.1756    24.0540 -9.990e-29
 237.462031      0.265  38.674629    13.7549    7.65803      0.263    32.1801    24.0588 -9.990e-29
 237.462037      0.280  38.672043    13.7400    7.66503      0.278    32.1902    24.0697 -9.990e-29
 237.462043      0.295  38.665060    13.7204    7.66552      0.293    32.2002    24.0814 -9.990e-29
 237.462049      0.307  38.653909    13.7079    7.66819      0.304    32.2004    24.0840 -9.990e-29
 237.462054      0.315  38.645037    13.7083    7.65994      0.312    32.1918    24.0773 -9.990e-29
 237.462060      0.320  38.643440    13.7155    7.65611      0.317    32.1843    24.0700 -9.990e-29
 237.462066      0.324  38.646426    13.7196    7.64405      0.321    32.1836    24.0687 -9.990e-29
 237.462072      0.325  38.647885    13.7188    7.64435      0.322    32.1856    24.0704 -9.990e-29
 237.462078      0.329  38.647523    13.7168    7.64944      0.326    32.1870    24.0719 -9.990e-29
 237.462083      0.339  38.647666    13.7172    7.66920      0.336    32.1868    24.0716 -9.990e-29
 237.462089      0.357  38.649631    13.7216    7.67237      0.354    32.1849    24.0693 -9.990e-29
 237.462095      0.379  38.653797    13.7286    7.67162      0.376    32.1829    24.0663 -9.990e-29
 237.462101      0.399  38.658988    13.7357    7.66618      0.396    32.1817    24.0640 -9.990e-29
 237.462106      0.412  38.663715    13.7417    7.65741      0.409    32.1810    24.0622 -9.990e-29
 237.462112      0.421  38.666994    13.7479    7.66261      0.417    32.1789    24.0593 -9.990e-29
 237.462118      0.425  38.669835    13.7540    7.66621      0.421    32.1764    24.0561 -9.990e-29
 237.462124      0.425  38.672665    13.7571    7.66836      0.421    32.1764    24.0555 -9.990e-29
 237.462130      0.420  38.673650    13.7573    7.65528      0.416    32.1771    24.0561 -9.990e-29
 237.462135      0.412  38.672986    13.7569    7.65341      0.409    32.1769    24.0559 -9.990e-29
 237.462141      0.402  38.672597    13.7558    7.65280      0.399    32.1774    24.0566 -9.990e-29
 237.462147      0.400  38.672528    13.7517    7.67306      0.397    32.1808    24.0600 -9.990e-29
 237.462153      0.409  38.671009    13.7459    7.67914      0.406    32.1843    24.0639 -9.990e-29
 237.462159      0.426  38.668261    13.7445    7.66164      0.422    32.1829    24.0631 -9.990e-29
 237.462164      0.442  38.667914    13.7479    7.64366      0.438    32.1797    24.0600 -9.990e-29
 237.462170      0.456  38.670068    13.7496    7.63985      0.452    32.1803    24.0600 -9.990e-29
 237.462176      0.468  38.670865    13.7436    7.65730      0.464    32.1860    24.0657 -9.990e-29
 237.462182      0.478  38.667447    13.7323    7.66876      0.474    32.1924    24.0729 -9.990e-29
 237.462188      0.487  38.660870    13.7260    7.66621      0.483    32.1916    24.0735 -9.990e-29
 237.462193      0.496  38.657509    13.7281    7.65359      0.492    32.1867    24.0693 -9.990e-29
 237.462199      0.501  38.659614    13.7323    7.64555      0.497    32.1851    24.0673 -9.990e-29
 237.462205      0.499  38.662702    13.7340    7.65337      0.495    32.1865    24.0680 -9.990e-29
 237.462211      0.492  38.664162    13.7332    7.66209      0.488    32.1886    24.0698 -9.990e-29
 237.462216      0.485  38.664264    13.7325    7.66105      0.481    32.1892    24.0704 -9.990e-29
 237.462222      0.478  38.664267    13.7331    7.66492      0.474    32.1887    24.0699 -9.990e-29
 237.462228      0.471  38.664738    13.7344    7.66731      0.467    32.1881    24.0692 -9.990e-29
 237.462234      0.466  38.665188    13.7361    7.67273      0.462    32.1871    24.0680 -9.990e-29
 237.462240      0.468  38.665659    13.7387    7.66949      0.464    32.1853    24.0662 -9.990e-29
 237.462245      0.473  38.666782    13.7424    7.66399      0.469    32.1833    24.0638 -9.990e-29
 237.462251      0.477  38.668936    13.7464    7.66359      0.473    32.1819    24.0620 -9.990e-29
 237.462257      0.481  38.671071    13.7501    7.66647      0.477    32.1808    24.0603 -9.990e-29
 237.462263      0.483  38.672671    13.7544    7.68379      0.479    32.1786    24.0578 -9.990e-29
 237.462269      0.486  38.674749    13.7580    7.66719      0.482    32.1775    24.0562 -9.990e-29
 237.462274      0.487  38.676715    13.7606    7.65832      0.483    32.1772    24.0554 -9.990e-29
 237.462280      0.489  38.677828    13.7639    7.64880      0.485    32.1754    24.0534 -9.990e-29
 237.462286      0.490  38.679016    13.7669    7.64939      0.486    32.1740    24.0517 -9.990e-29
 237.462292      0.491  38.680182    13.7679    7.64633      0.487    32.1743    24.0517 -9.990e-29
 237.462297      0.493  38.680640    13.7678    7.63974      0.489    32.1748    24.0521 -9.990e-29
 237.462303      0.494  38.681006    13.7670    7.63343      0.490    32.1758    24.0530 -9.990e-29
 237.462309      0.500  38.681211    13.7640    7.63906      0.496    32.1785    24.0557 -9.990e-29
 237.462315      0.515  38.679846    13.7589    7.66738      0.511    32.1815    24.0591 -9.990e-29
 237.462321      0.532  38.677341    13.7551    7.67349      0.528    32.1824    24.0605 -9.990e-29
 237.462326      0.543  38.675966    13.7560    7.65513      0.538    32.1803    24.0588 -9.990e-29
 237.462332      0.548  38.676694    13.7606    7.62961      0.543    32.1771    24.0554 -9.990e-29
 237.462338      0.544  38.678814    13.7646    7.62468      0.539    32.1757    24.0535 -9.990e-29
 237.462344      0.531  38.680668    13.7651    7.63683      0.527    32.1771    24.0544 -9.990e-29
 237.462350      0.521  38.680807    13.7622    7.65571      0.517    32.1796    24.0570 -9.990e-29
 237.462355      0.521  38.679420    13.7579    7.66263      0.517    32.1819    24.0597 -9.990e-29
 237.462361      0.522  38.677466    13.7552    7.66296      0.518    32.1824    24.0606 -9.990e-29
 237.462367      0.513  38.676270    13.7555    7.64676      0.509    32.1810    24.0594 -9.990e-29
 237.462373      0.493  38.676479    13.7574    7.64562      0.489    32.1796    24.0580 -9.990e-29
 237.462378      0.468  38.677253    13.7590    7.64725      0.464    32.1790    24.0572 -9.990e-29
 237.462384      0.447  38.677946    13.7597    7.65972      0.443    32.1791    24.0571 -9.990e-29
 237.462390      0.435  38.678363    13.7602    7.66093      0.431    32.1791    24.0570 -9.990e-29
