data/oxygen options/OCNMS/OCNMS2/raw_data/2004/CTD_TH35_082404faed.cnv
* Sea-Bird SBE19 Data File:
* FileName = C:\WINDOWS\Desktop\put hypoxia files here\CTD data\August 24_25-04\TH\TH35_082404.hex
* Software Version 1.1.4
* Temperature SN = 2997
* Conductivity SN = 2997
* System UpLoad Time = Aug 24 2004 16:19:16
* SEACAT PROFILER V3.1c SN 2997   08/24/04  16:20:54.682
* strain gauge pressure sensor: S/N = 184829,  range = 3000 psia,  tc = 40
# nquan = 9                                 
# nvalues = 581                         
# units = specified
# name 0 = timeJ: Julian Days
# name 1 = prSM: Pressure, Strain Gauge [db]
# name 2 = c0mS/cm: Conductivity [mS/cm]
# name 3 = t090C: Temperature [ITS-90, deg C]
# name 4 = oxML/L: Oxygen, Beckman/YSI [ml/l]
# name 5 = depSM: Depth [salt water, m], lat = 47.5
# name 6 = sal00: Salinity, Practical [PSU]
# name 7 = sigma-é00: Density [sigma-theta, kg/m^3]
# name 8 = flag: flag
# span 0 = 237.633507, 237.636863       
# span 1 =     -5.048,     33.845       
# span 2 =   1.341246,  40.488981       
# span 3 =     8.2492,    15.9274       
# span 4 =   -0.04314,   28.72043       
# span 5 =     -5.006,     33.560       
# span 6 =     0.8238,    33.2937       
# span 7 =    -0.4074,    25.8745       
# span 8 = 0.0000e+00, 0.0000e+00       
# interval = seconds: 0.5
# start_time = Aug 24 2004 15:12:15 [Instrument's time stamp, header]
# bad_flag = -9.990e-29
*END*
[from data line 321]
 237.635365      0.785  40.372743    15.5706    7.86760      0.778    32.2175    23.7037 -9.990e-29
 237.635370      0.796  40.378748    15.5789    7.81667      0.789    32.2161    23.7008 -9.990e-29
 237.635376      0.808  40.386771    15.5607    7.83338      0.801    32.2381    23.7217 -9.990e-29
 237.635382      0.824  40.374973    15.5018    7.87977      0.817    32.2758    23.7637 -9.990e-29
 237.635388      0.844  40.329312    15.4293    7.92432      0.837    32.2946    23.7940 -9.990e-29
 237.635394      0.865  40.270259    15.3962    7.94731      0.858    32.2690    23.7815 -9.990e-29
 237.635399      0.876  40.242498    15.4249    7.96955      0.869    32.2207    23.7381 -9.990e-29
 237.635405      0.868  40.266223    15.4900    7.98612      0.861    32.1885    23.6991 -9.990e-29
 237.635411      0.850  40.320880    15.5518    7.98916      0.843    32.1867    23.6841 -9.990e-29
 237.635417      0.833  40.368827    15.5970    7.96490      0.826    32.1924    23.6786 -9.990e-29
 237.635422      0.820  40.400515    15.6237    7.92729      0.813    32.1988    23.6776 -9.990e-29
 237.635428      0.812  40.418933    15.6315    7.89734      0.805    32.2088    23.6836 -9.990e-29
 237.635434      0.807  40.423963    15.6280    7.85433      0.800    32.2162    23.6900 -9.990e-29
 237.635440      0.805  40.421195    15.6152    7.82467      0.798    32.2242    23.6990 -9.990e-29
 237.635446      0.806  40.410866    15.5881    7.83729      0.799    32.2371    23.7149 -9.990e-29
 237.635451      0.810  40.390989    15.5402    7.88991      0.803    32.2586    23.7420 -9.990e-29
 237.635457      0.817  40.355258    15.4816    7.94039      0.810    32.2748    23.7673 -9.990e-29
 237.635463      0.828  40.307088    15.4529    7.96457      0.821    32.2554    23.7587 -9.990e-29
 237.635469      0.843  40.280427    15.4806    7.96909      0.836    32.2089    23.7168 -9.990e-29
 237.635475      0.859  40.302554    15.5390    7.94735      0.852    32.1808    23.6824 -9.990e-29
 237.635480      0.872  40.353029    15.5887    7.92914      0.865    32.1852    23.6748 -9.990e-29
 237.635486      0.884  40.392000    15.6189    7.91702      0.877    32.1951    23.6759 -9.990e-29
 237.635492      0.891  40.411410    15.6349    7.89827      0.884    32.1993    23.6756 -9.990e-29
 237.635498      0.894  40.423124    15.6371    7.87860      0.887    32.2079    23.6817 -9.990e-29
 237.635503      0.896  40.425935    15.6267    7.88281      0.889    32.2189    23.6924 -9.990e-29
 237.635509      0.903  40.418544    15.6091    7.90230      0.895    32.2267    23.7023 -9.990e-29
 237.635515      0.919  40.406810    15.5912    7.91987      0.911    32.2309    23.7095 -9.990e-29
 237.635521      0.936  40.393040    15.5833    7.93403      0.928    32.2251    23.7068 -9.990e-29
 237.635527      0.948  40.385242    15.5907    7.94188      0.940    32.2121    23.6952 -9.990e-29
 237.635532      0.954  40.392652    15.6065    7.93492      0.946    32.2058    23.6868 -9.990e-29
 237.635538      0.955  40.407197    15.6226    7.93355      0.947    32.2056    23.6831 -9.990e-29
 237.635544      0.952  40.419659    15.6353    7.93954      0.944    32.2063    23.6808 -9.990e-29
 237.635550      0.944  40.428705    15.6429    7.93718      0.936    32.2081    23.6806 -9.990e-29
 237.635556      0.930  40.433495    15.6463    7.92652      0.922    32.2096    23.6810 -9.990e-29
 237.635561      0.914  40.434809    15.6475    7.92732      0.906    32.2098    23.6808 -9.990e-29
 237.635567      0.904  40.434402    15.6475    7.93500      0.896    32.2095    23.6806 -9.990e-29
 237.635573      0.902  40.433977    15.6437    7.92877      0.894    32.2122    23.6835 -9.990e-29
 237.635579      0.906  40.431849    15.6354    7.92455      0.898    32.2171    23.6891 -9.990e-29
 237.635584      0.910  40.425742    15.6272    7.89746      0.902    32.2184    23.6919 -9.990e-29
 237.635590      0.919  40.418735    15.6199    7.88138      0.911    32.2181    23.6933 -9.990e-29
 237.635596      0.935  40.412147    15.6096    7.87233      0.927    32.2206    23.6975 -9.990e-29
 237.635602      0.948  40.402803    15.5902    7.86327      0.940    32.2282    23.7076 -9.990e-29
 237.635608      0.960  40.382173    15.5573    7.85980      0.952    32.2367    23.7214 -9.990e-29
 237.635613      0.977  40.350242    15.5179    7.87542      0.969    32.2405    23.7330 -9.990e-29
 237.635619      0.995  40.324843    15.4873    7.90316      0.987    32.2429    23.7416 -9.990e-29
 237.635625      1.006  40.311936    15.4743    7.91816      0.998    32.2421    23.7438 -9.990e-29
 237.635631      1.007  40.307000    15.4768    7.94522      0.999    32.2356    23.7382 -9.990e-29
 237.635637      1.002  40.311268    15.4920    7.94583      0.994    32.2270    23.7283 -9.990e-29
 237.635642      0.996  40.324038    15.5154    7.93772      0.988    32.2192    23.7172 -9.990e-29
 237.635648      0.987  40.340426    15.5393    7.92663      0.979    32.2143    23.7081 -9.990e-29
 237.635654      0.980  40.355323    15.5601    7.91977      0.972    32.2105    23.7006 -9.990e-29
 237.635660      0.978  40.369492    15.5700    7.88622      0.970    32.2150    23.7019 -9.990e-29
 237.635666      0.977  40.378797    15.5606    7.87227      0.969    32.2310    23.7163 -9.990e-29
 237.635671      0.977  40.372053    15.5429    7.88179      0.969    32.2395    23.7267 -9.990e-29
 237.635677      0.986  40.357633    15.5214    7.89903      0.978    32.2442    23.7351 -9.990e-29
 237.635683      1.006  40.340404    15.4931    7.92982      0.998    32.2521    23.7473 -9.990e-29
 237.635689      1.028  40.316998    15.4799    7.93942      1.019    32.2420    23.7425 -9.990e-29
 237.635694      1.051  40.307792    15.4919    7.93504      1.042    32.2240    23.7260 -9.990e-29
 237.635700      1.070  40.319548    15.5150    7.91884      1.061    32.2155    23.7144 -9.990e-29
 237.635706      1.079  40.338171    15.5369    7.92209      1.070    32.2142    23.7086 -9.990e-29
 237.635712      1.078  40.354241    15.5506    7.93393      1.069    32.2173    23.7079 -9.990e-29
 237.635718      1.077  40.362226    15.5546    7.94894      1.068    32.2211    23.7100 -9.990e-29
 237.635723      1.078  40.363212    15.5537    7.96653      1.069    32.2227    23.7115 -9.990e-29
 237.635729      1.077  40.362415    15.5568    7.95466      1.068    32.2195    23.7083 -9.990e-29
 237.635735      1.072  40.364912    15.5642    7.93418      1.063    32.2157    23.7037 -9.990e-29
 237.635741      1.064  40.370633    15.5695    7.90497      1.055    32.2164    23.7031 -9.990e-29
 237.635747      1.059  40.375396    15.5678    7.89635      1.050    32.2221    23.7078 -9.990e-29
 237.635752      1.056  40.374864    15.5536    7.89018      1.047    32.2332    23.7195 -9.990e-29
 237.635758      1.054  40.364932    15.5262    7.89264      1.045    32.2468    23.7360 -9.990e-29
 237.635764      1.054  40.345231    15.4991    7.90689      1.045    32.2514    23.7455 -9.990e-29
 237.635770      1.055  40.326492    15.4823    7.92689      1.046    32.2485    23.7469 -9.990e-29
 237.635775      1.057  40.315675    15.4742    7.94631      1.048    32.2455    23.7464 -9.990e-29
 237.635781      1.062  40.308421    15.4821    7.95686      1.053    32.2325    23.7347 -9.990e-29
 237.635787      1.069  40.312417    15.5095    7.93605      1.060    32.2137    23.7142 -9.990e-29
 237.635793      1.073  40.332960    15.5413    7.91098      1.064    32.2060    23.7013 -9.990e-29
 237.635799      1.072  40.357575    15.5618    7.90508      1.063    32.2111    23.7007 -9.990e-29
 237.635804      1.070  40.373611    15.5643    7.91832      1.061    32.2233    23.7096 -9.990e-29
 237.635810      1.069  40.374934    15.5535    7.93978      1.060    32.2333    23.7197 -9.990e-29
 237.635816      1.072  40.365529    15.5435    7.94087      1.063    32.2332    23.7217 -9.990e-29
 237.635822      1.077  40.357511    15.5430    7.92040      1.068    32.2264    23.7166 -9.990e-29
 237.635828      1.085  40.357550    15.5511    7.89680      1.076    32.2198    23.7098 -9.990e-29
 237.635833      1.092  40.365102    15.5616    7.88952      1.083    32.2180    23.7060 -9.990e-29
 237.635839      1.095  40.375057    15.5668    7.89562      1.086    32.2226    23.7084 -9.990e-29
 237.635845      1.097  40.379339    15.5646    7.91320      1.088    32.2282    23.7132 -9.990e-29
 237.635851      1.104  40.377459    15.5572    7.93076      1.095    32.2326    23.7182 -9.990e-29
 237.635856      1.111  40.373054    15.5512    7.93340      1.102    32.2335    23.7203 -9.990e-29
 237.635862      1.110  40.368074    15.5580    7.94069      1.101    32.2235    23.7111 -9.990e-29
 237.635868      1.102  40.370995    15.5798    7.94518      1.093    32.2083    23.6946 -9.990e-29
 237.635874      1.093  40.386242    15.6084    7.94144      1.084    32.1985    23.6808 -9.990e-29
 237.635880      1.089  40.407183    15.6344    7.91797      1.080    32.1959    23.6730 -9.990e-29
 237.635885      1.089  40.426926    15.6489    7.91514      1.080    32.2016    23.6742 -9.990e-29
 237.635891      1.092  40.438107    15.6508    7.93220      1.083    32.2100    23.6803 -9.990e-29
 237.635897      1.099  40.439899    15.6413    7.94276      1.090    32.2193    23.6895 -9.990e-29
 237.635903      1.111  40.433542    15.6256    7.93998      1.102    32.2265    23.6985 -9.990e-29
 237.635909      1.124  40.421192    15.6178    7.92541      1.115    32.2219    23.6967 -9.990e-29
 237.635914      1.134  40.414403    15.6226    7.88483      1.125    32.2119    23.6880 -9.990e-29
 237.635920      1.142  40.418116    15.6296    7.85617      1.132    32.2095    23.6846 -9.990e-29
 237.635926      1.148  40.424344    15.6253    7.86797      1.138    32.2186    23.6925 -9.990e-29
 237.635932      1.158  40.422847    15.5951    7.89685      1.148    32.2419    23.7171 -9.990e-29
 237.635938      1.176  40.405429    15.5456    7.93309      1.166    32.2669    23.7472 -9.990e-29
 237.635943      1.198  40.378015    15.5182    7.93768      1.188    32.2649    23.7517 -9.990e-29
 237.635949      1.215  40.360684    15.5355    7.93813      1.205    32.2353    23.7251 -9.990e-29
 237.635955      1.221  40.366756    15.5691    7.93184      1.211    32.2133    23.7008 -9.990e-29
 237.635961      1.227  40.386332    15.5792    7.93424      1.217    32.2224    23.7056 -9.990e-29
 237.635966      1.237  40.391065    15.5601    7.94766      1.227    32.2422    23.7250 -9.990e-29
 237.635972      1.252  40.372659    15.5422    7.92791      1.242    32.2405    23.7276 -9.990e-29
 237.635978      1.272  40.357044    15.5476    7.90296      1.261    32.2222    23.7124 -9.990e-29
 237.635984      1.299  40.364323    15.5612    7.88523      1.288    32.2175    23.7058 -9.990e-29
 237.635990      1.330  40.376669    15.5513    7.89436      1.319    32.2366    23.7226 -9.990e-29
 237.635995      1.367  40.368437    15.5001    7.93721      1.356    32.2712    23.7605 -9.990e-29
 237.636001      1.421  40.328625    15.4282    7.96784      1.409    32.2946    23.7943 -9.990e-29
 237.636007      1.501  40.272015    15.3883    7.96266      1.488    32.2768    23.7893 -9.990e-29
 237.636013      1.605  40.242032    15.3994    7.98413      1.592    32.2409    23.7592 -9.990e-29
 237.636019      1.738  40.255319    15.4246    8.06632      1.723    32.2320    23.7469 0.0000e+00
 237.636024      1.907  40.281300    15.4174    8.15657      1.891    32.2611    23.7708 0.0000e+00
 237.636030      2.119  40.277724    15.3659    8.22911      2.101    32.3001    23.8121 0.0000e+00
 237.636036      2.383  40.235315    15.2968    8.20335      2.363    32.3189    23.8417 0.0000e+00
 237.636042      2.707  40.184466    15.2312    8.11653      2.684    32.3273    23.8624 0.0000e+00
 237.636047      3.086  40.142618    15.1622    8.04278      3.060    32.3465    23.8922 0.0000e+00
 237.636053      3.510  40.098250    15.0689    7.91876      3.481    32.3836    23.9409 0.0000e+00
 237.636059      3.967  40.034803    14.9119    7.82646      3.934    32.4565    24.0308 0.0000e+00
 237.636065      4.440  39.920939    14.6237    7.76127      4.403    32.5939    24.1981 0.0000e+00
 237.636071      4.916  39.693442    14.1996    7.71704      4.875    32.7435    24.4026 0.0000e+00
 237.636076      5.394  39.351882    13.7534    7.61706      5.349    32.8079    24.5443 0.0000e+00
 237.636082      5.879  38.998405    13.4098    7.41553      5.830    32.7728    24.5867 0.0000e+00
 237.636088      6.378  38.736584    13.1924    7.23454      6.325    32.7139    24.5845 0.0000e+00
 237.636094      6.886  38.595834    12.9801    7.04235      6.828    32.7642    24.6654 0.0000e+00
 237.636100      7.389  38.451780    12.6609    6.84955      7.327    32.9048    24.8365 0.0000e+00
 237.636105      7.873  38.188016    12.3018    6.64388      7.807    32.9669    24.9536 0.0000e+00
 237.636111      8.337  37.893651    12.0141    6.39075      8.267    32.9364    24.9843 0.0000e+00
 237.636117      8.795  37.680320    11.7760    6.15029      8.721    32.9399    25.0313 0.0000e+00
 237.636123      9.253  37.515293    11.4971    5.93621      9.176    33.0267    25.1499 0.0000e+00
 237.636128      9.720  37.306884    11.1634    5.68549      9.639    33.1206    25.2833 0.0000e+00
 237.636134     10.204  37.037361    10.8266    5.42365     10.119    33.1571    25.3715 0.0000e+00
 237.636140     10.706  36.760007    10.5185    5.21426     10.616    33.1594    25.4270 0.0000e+00
 237.636146     11.223  36.508660    10.2268    5.02731     11.129    33.1723    25.4869 0.0000e+00
 237.636152     11.750  36.270510     9.9342    4.87663     11.652    33.1990    25.5570 0.0000e+00
 237.636157     12.268  36.027348     9.6745    4.71064     12.165    33.1898    25.5928 0.0000e+00
 237.636163     12.763  35.808656     9.5011    4.55477     12.656    33.1254    25.5707 0.0000e+00
 237.636169     13.242  35.665312     9.4113    4.46872     13.131    33.0606    25.5346 0.0000e+00
 237.636175     13.705  35.593361     9.3509    4.41769     13.590    33.0420    25.5298 0.0000e+00
 237.636181     14.146  35.539418     9.2779    4.38488     14.027    33.0536    25.5505 0.0000e+00
 237.636186     14.577  35.469082     9.1915    4.34616     14.455    33.0607    25.5698 0.0000e+00
 237.636192     15.013  35.389447     9.1064    4.30413     14.887    33.0569    25.5803 0.0000e+00
 237.636198     15.459  35.316502     9.0270    4.26559     15.329    33.0546    25.5910 0.0000e+00
 237.636204     15.913  35.252164     8.9495    4.21203     15.780    33.0595    25.6070 0.0000e+00
 237.636209     16.372  35.189086     8.8758    4.17527     16.235    33.0622    25.6205 0.0000e+00
 237.636215     16.833  35.127771     8.8141    4.13003     16.692    33.0554    25.6248 0.0000e+00
 237.636221     17.300  35.078353     8.7603    4.07072     17.155    33.0537    25.6318 0.0000e+00
 237.636227     17.778  35.038806     8.6997    4.03877     17.629    33.0687    25.6528 0.0000e+00
 237.636233     18.270  34.992238     8.6276    3.99585     18.117    33.0870    25.6782 0.0000e+00
 237.636238     18.779  34.934819     8.5463    3.98430     18.621    33.1026    25.7028 0.0000e+00
 237.636244     19.302  34.872915     8.4563    3.97950     19.140    33.1216    25.7314 0.0000e+00
 237.636250     19.838  34.804664     8.3694    3.99820     19.671    33.1310    25.7518 0.0000e+00
 237.636256     20.383  34.738794     8.3051    4.03783     20.212    33.1217    25.7541 0.0000e+00
 237.636262     20.929  34.693373     8.2672    4.07089     20.753    33.1090    25.7498 0.0000e+00
 237.636267     21.471  34.671694     8.2492    4.06287     21.291    33.1027    25.7476 0.0000e+00
 237.636273     22.015  34.675082     8.2571    3.98135     21.830    33.0986    25.7432 0.0000e+00
 237.636279     22.568  34.724834     8.2970    3.87354     22.378    33.1135    25.7489 0.0000e+00
