data/oxygen options/OCNMS/OCNMS2/raw_data/2004/CTD_CA100_102104faed.cnv
* Sea-Bird SBE19 Data File:
* FileName = C:\WINDOWS\Desktop\put hypoxia files here\CTD data\October 21-04\CA\Raw\CA100_102104.hex
* Software Version 1.1.4
* Temperature SN = 2997
* Conductivity SN = 2997
* System UpLoad Time = Oct 21 2004 14:36:05
* SEACAT PROFILER V3.1c SN 2997   10/21/04  14:40:39.423
* strain gauge pressure sensor: S/N = 184829,  range = 3000 psia,  tc = 40
# nquan = 9                                 
# nvalues = 903                         
# units = specified
# name 0 = timeJ: Julian Days
# name 1 = prSM: Pressure, Strain Gauge [db]
# name 2 = c0mS/cm: Conductivity [mS/cm]
# name 3 = t090C: Temperature [ITS-90, deg C]
# name 4 = oxML/L: Oxygen, Beckman/YSI [ml/l]
# name 5 = depSM: Depth [salt water, m], lat = 47.5
# name 6 = sal00: Salinity, Practical [PSU]
# name 7 = sigma-é00: Density [sigma-theta, kg/m^3]
# name 8 = flag: flag
# span 0 = 295.558183, 295.563403       
# span 1 =     -5.220,     98.528       
# span 2 =   0.395231,  37.522488       
# span 3 =     7.8090,    13.0925       
# span 4 =   -0.05847,   33.63648       
# span 5 =     -5.177,     97.682       
# span 6 =     0.2589,    33.4275       
# span 7 =    -0.2442,    26.0669       
# span 8 = 0.0000e+00, 0.0000e+00       
# interval = seconds: 0.5
# start_time = Oct 21 2004 13:23:47 [Instrument's time stamp, header]
# bad_flag = -9.990e-29
*END*
[from data line 641]
 295.561892     89.198  34.609886     7.8090    2.97752     88.434    33.4233    26.0647 0.0000e+00
 295.561898     89.688  34.610450     7.8092    2.97972     88.920    33.4235    26.0649 0.0000e+00
 295.561904     90.197  34.610937     7.8095    2.97121     89.425    33.4235    26.0648 0.0000e+00
 295.561910     90.715  34.611434     7.8094    2.98002     89.938    33.4239    26.0651 0.0000e+00
 295.561916     91.226  34.612040     7.8093    2.97791     90.445    33.4244    26.0656 0.0000e+00
 295.561921     91.717  34.612439     7.8095    2.98656     90.931    33.4244    26.0655 0.0000e+00
 295.561927     92.181  34.612602     7.8097    2.98160     91.391    33.4242    26.0653 0.0000e+00
 295.561933     92.616  34.612743     7.8100    2.97859     91.822    33.4238    26.0650 0.0000e+00
 295.561939     93.034  34.613048     7.8100    2.97126     92.237    33.4240    26.0651 0.0000e+00
 295.561944     93.447  34.613363     7.8096    2.96774     92.646    33.4245    26.0656 0.0000e+00
 295.561950     93.858  34.613550     7.8093    2.98075     93.053    33.4248    26.0659 0.0000e+00
 295.561956     94.257  34.613854     7.8094    2.97682     93.449    33.4248    26.0659 0.0000e+00
 295.561962     94.631  34.614118     7.8096    2.97833     93.820    33.4247    26.0658 0.0000e+00
 295.561968     94.969  34.614132     7.8098    3.03412     94.155    33.4244    26.0655 0.0000e+00
 295.561973     95.277  34.613915     7.8100    3.03832     94.460    33.4238    26.0651 0.0000e+00
 295.561979     95.569  34.613736     7.8102    3.03237     94.749    33.4233    26.0646 0.0000e+00
 295.561985     95.869  34.613917     7.8102    3.03356     95.047    33.4234    26.0647 0.0000e+00
 295.561991     96.190  34.614140     7.8099    2.99512     95.365    33.4237    26.0650 0.0000e+00
 295.561997     96.532  34.614144     7.8096    3.00499     95.704    33.4239    26.0652 0.0000e+00
 295.562002     96.887  34.613931     7.8095    3.00705     96.056    33.4236    26.0649 0.0000e+00
 295.562008     97.239  34.613779     7.8096    2.99508     96.405    33.4231    26.0646 0.0000e+00
 295.562014     97.567  34.614042     7.8097    2.98282     96.730    33.4232    26.0646 0.0000e+00
 295.562020     97.850  34.614507     7.8101    2.95844     97.010    33.4231    26.0646 0.0000e+00
 295.562025     98.074  34.614671     7.8108    2.96445     97.232    33.4225    26.0640 0.0000e+00
 295.562031     98.247  34.613630     7.8113    2.97504     97.404    33.4209    26.0626 0.0000e+00
 295.562037     98.375  34.611118     7.8113    2.97780     97.531    33.4181    26.0604 -9.990e-29
 295.562043     98.461  34.608830     7.8114    2.98163     97.616    33.4155    26.0584 -9.990e-29
 295.562049     98.511  34.608203     7.8114    2.97728     97.666    33.4148    26.0578 -9.990e-29
 295.562054     98.528  34.608959     7.8108    2.98796     97.682    33.4162    26.0590 -9.990e-29
 295.562060     98.518  34.609866     7.8100    2.98553     97.672    33.4179    26.0605 -9.990e-29
 295.562066     98.483  34.610454     7.8096    2.98364     97.638    33.4190    26.0614 -9.990e-29
 295.562072     98.419  34.611507     7.8098    2.97352     97.574    33.4199    26.0621 -9.990e-29
 295.562078     98.316  34.612747     7.8099    2.97848     97.472    33.4212    26.0631 -9.990e-29
 295.562083     98.176  34.613584     7.8097    2.97523     97.333    33.4224    26.0640 0.0000e+00
 295.562089     98.004  34.614015     7.8097    2.98362     97.163    33.4229    26.0644 0.0000e+00
 295.562095     97.796  34.614055     7.8100    2.98794     96.957    33.4228    26.0643 0.0000e+00
 295.562101     97.553  34.613760     7.8102    2.98496     96.716    33.4224    26.0639 0.0000e+00
 295.562106     97.285  34.613298     7.8103    2.97874     96.450    33.4219    26.0636 0.0000e+00
 295.562112     97.009  34.613177     7.8102    2.97268     96.177    33.4220    26.0636 0.0000e+00
 295.562118     96.733  34.613238     7.8100    2.97225     95.903    33.4224    26.0640 0.0000e+00
 295.562124     96.453  34.613006     7.8098    2.96584     95.626    33.4225    26.0641 0.0000e+00
 295.562130     96.155  34.612733     7.8097    2.98441     95.330    33.4224    26.0640 0.0000e+00
 295.562135     95.820  34.612615     7.8100    2.98014     94.998    33.4222    26.0638 0.0000e+00
 295.562141     95.435  34.612497     7.8104    2.98814     94.617    33.4218    26.0635 0.0000e+00
 295.562147     95.006  34.612222     7.8106    2.97404     94.191    33.4216    26.0632 0.0000e+00
 295.562153     94.553  34.611426     7.8104    2.97227     93.742    33.4211    26.0629 0.0000e+00
 295.562159     94.094  34.610733     7.8100    2.98464     93.287    33.4210    26.0628 0.0000e+00
 295.562164     93.634  34.610904     7.8097    2.97741     92.831    33.4217    26.0634 0.0000e+00
 295.562170     93.170  34.611050     7.8097    2.98130     92.372    33.4220    26.0637 0.0000e+00
 295.562176     92.706  34.610808     7.8099    2.96714     91.912    33.4218    26.0635 0.0000e+00
 295.562182     92.256  34.610418     7.8099    2.97192     91.466    33.4216    26.0633 0.0000e+00
 295.562187     91.834  34.609924     7.8100    2.96886     91.047    33.4212    26.0629 0.0000e+00
 295.562193     91.447  34.609792     7.8099    2.97743     90.664    33.4213    26.0630 0.0000e+00
 295.562199     91.088  34.609849     7.8095    2.97229     90.308    33.4219    26.0636 0.0000e+00
 295.562205     90.738  34.609615     7.8093    2.97694     89.961    33.4220    26.0637 0.0000e+00
 295.562211     90.376  34.609337     7.8096    2.97189     89.602    33.4216    26.0633 0.0000e+00
 295.562216     89.994  34.609206     7.8100    2.97657     89.223    33.4213    26.0630 0.0000e+00
 295.562222     89.609  34.609050     7.8101    2.98106     88.842    33.4212    26.0629 0.0000e+00
 295.562228     89.229  34.608665     7.8100    2.97886     88.465    33.4210    26.0628 0.0000e+00
 295.562234     88.851  34.608099     7.8100    2.98146     88.090    33.4206    26.0625 0.0000e+00
 295.562240     88.469  34.607721     7.8100    2.96847     87.712    33.4204    26.0623 0.0000e+00
 295.562245     88.076  34.607591     7.8100    2.98372     87.322    33.4204    26.0623 0.0000e+00
 295.562251     87.668  34.607537     7.8101    2.97864     86.918    33.4205    26.0623 0.0000e+00
 295.562257     87.249  34.607488     7.8102    2.98714     86.503    33.4205    26.0623 0.0000e+00
 295.562263     86.827  34.607383     7.8103    2.97150     86.084    33.4205    26.0623 0.0000e+00
 295.562269     86.405  34.607084     7.8101    2.97922     85.666    33.4206    26.0624 0.0000e+00
 295.562274     85.981  34.606756     7.8099    2.96951     85.246    33.4206    26.0624 0.0000e+00
 295.562280     85.555  34.606526     7.8097    2.97350     84.823    33.4208    26.0626 0.0000e+00
 295.562286     85.125  34.606088     7.8094    2.97911     84.397    33.4208    26.0626 0.0000e+00
 295.562292     84.690  34.605420     7.8094    2.97503     83.966    33.4203    26.0622 0.0000e+00
 295.562297     84.248  34.604756     7.8095    2.97197     83.528    33.4197    26.0617 0.0000e+00
 295.562303     83.804  34.604334     7.8096    2.96600     83.088    33.4193    26.0614 0.0000e+00
 295.562309     83.373  34.604154     7.8097    2.97444     82.660    33.4193    26.0614 0.0000e+00
 295.562315     82.967  34.603981     7.8098    2.97872     82.258    33.4192    26.0613 0.0000e+00
 295.562321     82.585  34.603587     7.8097    2.98166     81.879    33.4190    26.0612 0.0000e+00
 295.562326     82.217  34.603010     7.8095    2.97927     81.515    33.4188    26.0610 0.0000e+00
 295.562332     81.846  34.602604     7.8095    2.97515     81.147    33.4185    26.0608 0.0000e+00
 295.562338     81.464  34.602390     7.8098    2.96675     80.768    33.4182    26.0605 0.0000e+00
 295.562344     81.069  34.602083     7.8101    2.97258     80.377    33.4177    26.0601 0.0000e+00
 295.562350     80.669  34.601839     7.8103    2.98322     79.980    33.4175    26.0598 0.0000e+00
 295.562355     80.258  34.601894     7.8109    2.97820     79.573    33.4172    26.0595 0.0000e+00
 295.562361     79.829  34.601765     7.8119    2.97824     79.147    33.4163    26.0586 0.0000e+00
 295.562367     79.374  34.601280     7.8129    2.97293     78.696    33.4150    26.0575 0.0000e+00
 295.562373     78.895  34.600916     7.8136    2.97958     78.222    33.4142    26.0567 0.0000e+00
 295.562378     78.396  34.600751     7.8138    2.98526     77.727    33.4140    26.0566 0.0000e+00
 295.562384     77.884  34.600573     7.8135    2.99414     77.219    33.4144    26.0569 0.0000e+00
 295.562390     77.373  34.600165     7.8132    2.98606     76.713    33.4145    26.0570 0.0000e+00
 295.562396     76.878  34.599574     7.8131    2.98814     76.222    33.4142    26.0568 0.0000e+00
 295.562402     76.410  34.599167     7.8129    2.97975     75.758    33.4141    26.0568 0.0000e+00
 295.562407     75.978  34.598988     7.8125    2.98355     75.330    33.4145    26.0571 0.0000e+00
 295.562413     75.580  34.598828     7.8121    2.97917     74.935    33.4149    26.0575 0.0000e+00
 295.562419     75.208  34.598502     7.8120    2.97495     74.567    33.4149    26.0574 0.0000e+00
 295.562425     74.852  34.598165     7.8122    2.97663     74.214    33.4145    26.0571 0.0000e+00
 295.562431     74.501  34.597956     7.8123    2.97449     73.866    33.4143    26.0570 0.0000e+00
 295.562436     74.155  34.597623     7.8119    2.97822     73.523    33.4145    26.0572 0.0000e+00
 295.562442     73.809  34.597310     7.8114    2.98593     73.180    33.4148    26.0575 0.0000e+00
 295.562448     73.445  34.597187     7.8113    2.98818     72.819    33.4150    26.0576 0.0000e+00
 295.562454     73.049  34.597119     7.8118    2.98730     72.427    33.4146    26.0572 0.0000e+00
 295.562459     72.616  34.597042     7.8123    2.98546     71.997    33.4142    26.0569 0.0000e+00
 295.562465     72.150  34.596879     7.8125    2.98060     71.535    33.4141    26.0567 0.0000e+00
 295.562471     71.659  34.596441     7.8126    2.97262     71.049    33.4138    26.0564 0.0000e+00
 295.562477     71.150  34.595733     7.8126    2.97060     70.544    33.4132    26.0560 0.0000e+00
 295.562483     70.630  34.594962     7.8126    2.97950     70.029    33.4127    26.0556 0.0000e+00
 295.562488     70.105  34.594251     7.8127    2.97512     69.508    33.4120    26.0551 0.0000e+00
 295.562494     69.570  34.593802     7.8129    2.99377     68.978    33.4116    26.0547 0.0000e+00
 295.562500     69.027  34.593603     7.8131    2.98731     68.439    33.4115    26.0545 0.0000e+00
 295.562506     68.487  34.593420     7.8134    2.99204     67.904    33.4112    26.0543 0.0000e+00
 295.562512     67.964  34.593037     7.8138    2.98577     67.386    33.4107    26.0538 0.0000e+00
 295.562517     67.471  34.592535     7.8140    2.98572     66.897    33.4102    26.0534 0.0000e+00
 295.562523     67.028  34.592396     7.8142    2.98090     66.458    33.4101    26.0533 0.0000e+00
 295.562529     66.638  34.592463     7.8142    2.98396     66.071    33.4103    26.0534 0.0000e+00
 295.562535     66.275  34.592294     7.8140    2.97812     65.711    33.4105    26.0536 0.0000e+00
 295.562541     65.913  34.592249     7.8141    2.97345     65.352    33.4105    26.0536 0.0000e+00
 295.562546     65.531  34.592295     7.8144    2.97423     64.974    33.4105    26.0535 0.0000e+00
 295.562552     65.125  34.591960     7.8149    2.98787     64.571    33.4098    26.0529 0.0000e+00
 295.562558     64.696  34.591384     7.8154    2.98942     64.146    33.4089    26.0522 0.0000e+00
 295.562564     64.249  34.590949     7.8163    2.99209     63.703    33.4078    26.0511 0.0000e+00
 295.562569     63.777  34.590666     7.8189    2.98731     63.235    33.4053    26.0487 0.0000e+00
 295.562575     63.274  34.590185     7.8251    2.98840     62.736    33.3990    26.0430 0.0000e+00
 295.562581     62.752  34.589451     7.8364    3.01366     62.219    33.3877    26.0324 0.0000e+00
 295.562587     62.229  34.588639     7.8511    3.03999     61.700    33.3730    26.0187 0.0000e+00
 295.562593     61.718  34.588378     7.8673    3.06953     61.194    33.3575    26.0042 0.0000e+00
 295.562598     61.223  34.589470     7.8887    3.09820     60.703    33.3384    25.9861 0.0000e+00
 295.562604     60.736  34.592844     7.9245    3.11363     60.220    33.3081    25.9571 0.0000e+00
 295.562610     60.258  34.601906     7.9776    3.11638     59.746    33.2675    25.9175 0.0000e+00
 295.562616     59.791  34.620360     8.0331    3.14098     59.283    33.2347    25.8836 0.0000e+00
 295.562622     59.340  34.646501     8.0723    3.15154     58.836    33.2255    25.8707 0.0000e+00
 295.562627     58.912  34.667573     8.0925    3.17084     58.412    33.2290    25.8704 0.0000e+00
 295.562633     58.504  34.676395     8.1050    3.18653     58.008    33.2268    25.8668 0.0000e+00
 295.562639     58.104  34.681961     8.1166    3.20829     57.611    33.2219    25.8612 0.0000e+00
 295.562645     57.698  34.688920     8.1299    3.21451     57.208    33.2169    25.8553 0.0000e+00
 295.562650     57.275  34.697047     8.1591    3.22756     56.789    33.1981    25.8363 0.0000e+00
 295.562656     56.823  34.714964     8.2097    3.22900     56.341    33.1695    25.8063 0.0000e+00
 295.562662     56.350  34.746969     8.2591    3.24216     55.872    33.1570    25.7892 0.0000e+00
 295.562668     55.863  34.776908     8.2904    3.24137     55.389    33.1594    25.7864 0.0000e+00
 295.562674     55.365  34.793165     8.3069    3.23904     54.896    33.1613    25.7854 0.0000e+00
 295.562679     54.868  34.800638     8.3144    3.23291     54.403    33.1624    25.7852 0.0000e+00
 295.562685     54.387  34.804278     8.3169    3.23945     53.926    33.1641    25.7861 0.0000e+00
 295.562691     53.922  34.806168     8.3187    3.24239     53.465    33.1646    25.7863 0.0000e+00
 295.562697     53.464  34.808297     8.3234    3.24134     53.011    33.1626    25.7840 0.0000e+00
 295.562703     53.015  34.812410     8.3312    3.22381     52.566    33.1598    25.7806 0.0000e+00
 295.562708     52.575  34.818974     8.3385    3.21600     52.130    33.1601    25.7798 0.0000e+00
 295.562714     52.144  34.824998     8.3432    3.21644     51.702    33.1622    25.7807 0.0000e+00
 295.562720     51.718  34.827892     8.3481    3.22769     51.280    33.1609    25.7789 0.0000e+00
 295.562726     51.288  34.830985     8.3568    3.21907     50.854    33.1562    25.7739 0.0000e+00
 295.562731     50.835  34.837309     8.3701    3.20744     50.405    33.1505    25.7675 0.0000e+00
 295.562737     50.352  34.846912     8.3867    3.20577     49.926    33.1453    25.7609 0.0000e+00
 295.562743     49.851  34.856931     8.4035    3.20639     49.429    33.1403    25.7544 0.0000e+00
 295.562749     49.351  34.866181     8.4169    3.21642     48.933    33.1377    25.7504 0.0000e+00
 295.562755     48.864  34.874137     8.4260    3.22135     48.450    33.1377    25.7490 0.0000e+00
 295.562760     48.384  34.878543     8.4387    3.22408     47.975    33.1307    25.7416 0.0000e+00
 295.562766     47.898  34.884745     8.4658    3.24703     47.493    33.1120    25.7228 0.0000e+00
 295.562772     47.397  34.899918     8.5089    3.29461     46.996    33.0877    25.6973 0.0000e+00
 295.562778     46.883  34.918537     8.5566    3.34176     46.486    33.0629    25.6706 0.0000e+00
 295.562784     46.370  34.929581     8.5966    3.40405     45.978    33.0373    25.6444 0.0000e+00
 295.562789     45.873  34.933237     8.6290    3.43153     45.485    33.0111    25.6190 0.0000e+00
 295.562795     45.395  34.936661     8.6599    3.45681     45.011    32.9860    25.5946 0.0000e+00
 295.562801     44.930  34.943893     8.6893    3.48393     44.550    32.9664    25.5748 0.0000e+00
 295.562807     44.480  34.955078     8.7113    3.52300     44.104    32.9579    25.5647 0.0000e+00
