data/oxygen options/OCNMS/OCNMS2/raw_data/2004/CTD_CA45_072704faedb.cnv
* Sea-Bird SBE19 Data File:
* FileName = C:\WINDOWS\Desktop\put hypoxia files here\CTD files\July 26_27-04\CA\CA4-5072704.hex
* Software Version 1.1.4
* Temperature SN = 2997
* Conductivity SN = 2997
* System UpLoad Time = Jul 27 2004 15:47:21
* SEACAT PROFILER V3.1c SN 2997   07/27/04  15:42:19.530
* strain gauge pressure sensor: S/N = 184829,  range = 3000 psia,  tc = 40
# nquan = 9
# nvalues = 43                          
# units = specified
# name 0 = timeJ: Julian Days
# name 1 = prSM: Pressure, Strain Gauge [db]
# name 2 = c0mS/cm: Conductivity [mS/cm]
# name 3 = t090C: Temperature [ITS-90, deg C]
# name 4 = oxML/L: Oxygen, Beckman/YSI [ml/l]
# name 5 = depSM: Depth [salt water, m], lat = 47.5
# name 6 = sal00: Salinity, Practical [PSU]
# name 7 = sigma-é00: Density [sigma-theta, kg/m^3]
# name 8 = flag: flag
# span 0 = 209.591356, 209.591970       
# span 1 =      1.000,     43.000       
# span 2 =  34.289718,  40.084800       
# span 3 =     7.2722,    14.8574       
# span 4 =    2.12271,    7.90482       
# span 5 =      0.992,     42.637       
# span 6 =    32.4075,    33.6185       
# span 7 =    24.1181,    26.2936       
# span 8 = 0.0000e+00, 0.0000e+00       
# interval = decibars: 1                
# start_time = Jul 27 2004 14:07:43 [Instrument's time stamp, header]
# bad_flag = -9.990e-29
*END*
 209.591356      1.000  40.084800    14.8574    7.64493      0.992    32.5512    24.1181 0.0000e+00
 209.591385      2.000  38.837481    13.6607    7.90482      1.983    32.4098    24.2553 0.0000e+00
 209.591405      3.000  38.473328    13.2477    7.43635      2.975    32.4205    24.3463 0.0000e+00
 209.591422      4.000  38.047473    12.5707    7.01237      3.967    32.5990    24.6169 0.0000e+00
 209.591435      5.000  37.409592    11.9229    6.81901      4.958    32.5492    24.7006 0.0000e+00
 209.591450      6.000  37.090990    11.7174    6.68159      5.950    32.4193    24.6377 0.0000e+00
 209.591465      7.000  37.059418    11.6952    6.72751      6.941    32.4075    24.6327 0.0000e+00
 209.591483      8.000  36.978244    11.5874    6.79246      7.933    32.4222    24.6638 0.0000e+00
 209.591502      9.000  36.837402    11.3950    6.34046      8.925    32.4530    24.7225 0.0000e+00
 209.591520     10.000  36.415077    10.6517    5.82884      9.916    32.6942    25.0409 0.0000e+00
 209.591536     11.000  35.896386    10.1384    5.34241     10.908    32.6338    25.0818 0.0000e+00
 209.591550     12.000  35.750607    10.0083    5.01928     11.899    32.6032    25.0797 0.0000e+00
 209.591563     13.000  35.661733     9.8453    4.88412     12.891    32.6600    25.1510 0.0000e+00
 209.591575     14.000  35.488588     9.5943    4.76293     13.883    32.7108    25.2316 0.0000e+00
 209.591587     15.000  35.337632     9.4400    4.62638     14.874    32.6961    25.2452 0.0000e+00
 209.591599     16.000  35.250859     9.3026    4.46272     15.866    32.7320    25.2951 0.0000e+00
 209.591612     17.000  35.135889     9.1193    4.27362     16.857    32.7811    25.3625 0.0000e+00
 209.591624     18.000  34.988625     8.7773    4.11553     17.849    32.9437    25.5430 0.0000e+00
 209.591636     19.000  34.758367     8.3812    3.88477     18.840    33.0714    25.7033 0.0000e+00
 209.591648     20.000  34.626591     8.1949    3.72322     19.832    33.1068    25.7589 0.0000e+00
 209.591661     21.000  34.555023     8.0036    3.65916     20.824    33.2111    25.8688 0.0000e+00
 209.591674     22.000  34.494411     7.8994    3.61621     21.815    33.2449    25.9106 0.0000e+00
 209.591687     23.000  34.472109     7.8684    3.57903     22.807    33.2502    25.9192 0.0000e+00
 209.591701     24.000  34.466328     7.8552    3.54002     23.798    33.2561    25.9258 0.0000e+00
 209.591715     25.000  34.461093     7.8207    3.51148     24.790    33.2829    25.9518 0.0000e+00
 209.591731     26.000  34.436308     7.7374    3.46786     25.782    33.3355    26.0051 0.0000e+00
 209.591745     27.000  34.404702     7.6747    3.42807     26.773    33.3610    26.0342 0.0000e+00
 209.591758     28.000  34.396083     7.6383    3.40595     27.765    33.3861    26.0591 0.0000e+00
 209.591771     29.000  34.372856     7.5842    3.36240     28.756    33.4126    26.0877 0.0000e+00
 209.591783     30.000  34.353780     7.5519    3.33243     29.747    33.4226    26.1001 0.0000e+00
 209.591797     31.000  34.336460     7.5222    3.29017     30.739    33.4321    26.1118 0.0000e+00
 209.591810     32.000  34.320280     7.4899    3.23346     31.730    33.4452    26.1267 0.0000e+00
 209.591825     33.000  34.309552     7.4528    3.15289     32.722    33.4689    26.1505 0.0000e+00
 209.591837     34.000  34.301867     7.4152    2.92547     33.714    33.4964    26.1775 0.0000e+00
 209.591851     35.000  34.295431     7.3792    2.89643     34.705    33.5237    26.2041 0.0000e+00
 209.591863     36.000  34.290286     7.3554    2.98181     35.696    33.5407    26.2207 0.0000e+00
 209.591876     37.000  34.289952     7.3258    2.92300     36.688    33.5686    26.2469 0.0000e+00
 209.591889     38.000  34.292842     7.2984    2.95053     37.679    33.5979    26.2737 0.0000e+00
 209.591904     39.000  34.294822     7.2859    2.12271     38.671    33.6117    26.2863 0.0000e+00
 209.591919     40.000  34.291898     7.2760    2.99410     39.662    33.6177    26.2924 0.0000e+00
 209.591933     41.000  34.289718     7.2722    3.25533     40.654    33.6185    26.2936 0.0000e+00
 209.591948     42.000  34.290181     7.2723    2.95015     41.645    33.6185    26.2936 0.0000e+00
 209.591970     43.000  34.290988     7.2765    2.90996     42.637    33.6147    26.2901 0.0000e+00
