data/oxygen options/OCNMS/OCNMS2/raw_data/2004/CTD_CA100_061504faedb.cnv
* Sea-Bird SBE19 Data File:
* FileName = C:\WINDOWS\Desktop\put hypoxia files here\CTD files\CA\CA100m061504.hex
* Software Version 1.1.4
* Temperature SN = 2997
* Conductivity SN = 2997
* System UpLoad Time = Jun 15 2004 11:51:33
** Cape Alave hypoxia June 15, 2004.  CA-10
**
# nquan = 9
# nvalues = 98                          
# units = specified
# name 0 = timeJ: Julian Days
# name 1 = prSM: Pressure, Strain Gauge [db]
# name 2 = c0mS/cm: Conductivity [mS/cm]
# name 3 = t090C: Temperature [ITS-90, deg C]
# name 4 = oxML/L: Oxygen, Beckman/YSI [ml/l]
# name 5 = depSM: Depth [salt water, m], lat = 47.5
# name 6 = sal00: Salinity, Practical [PSU]
# name 7 = sigma-é00: Density [sigma-theta, kg/m^3]
# name 8 = flag: flag
# span 0 = 167.400473, 167.402293       
# span 1 =      3.000,    100.000       
# span 2 =  34.167522,  36.713390       
# span 3 =     7.2324,    12.1148       
# span 4 =   -0.04813,   33.97924       
# span 5 =      2.975,     99.142       
# span 6 =    31.7134,    33.7785       
# span 7 =    24.0165,    26.4241       
# span 8 = 0.0000e+00, 0.0000e+00       
# interval = decibars: 1                
# start_time = Jun 15 2004 09:26:55 [Instrument's time stamp, header]
# bad_flag = -9.990e-29
*END*
 167.400473      3.000  36.713390    12.1148   -0.04734      2.975    31.7134    24.0165 0.0000e+00
 167.400503      4.000  36.692877    12.0862   -0.04766      3.967    31.7176    24.0251 0.0000e+00
 167.400526      5.000  36.662414    12.0239   -0.04760      4.958    31.7409    24.0547 0.0000e+00
 167.400543      6.000  36.666968    11.9460   -0.04787      5.950    31.8113    24.1237 0.0000e+00
 167.400558      7.000  36.611406    11.7501   -0.04813      6.942    31.9249    24.2479 0.0000e+00
 167.400573      8.000  36.603182    11.7676   16.86779      7.933    31.9014    24.2265 0.0000e+00
 167.400587      9.000  36.643236    11.7395   33.97924      8.924    31.9640    24.2802 0.0000e+00
 167.400604     10.000  36.520422    11.5145   15.20250      9.916    32.0383    24.3788 0.0000e+00
 167.400621     11.000  36.310061    11.2155    4.79800     10.908    32.0916    24.4738 0.0000e+00
 167.400638     12.000  35.923764    10.7734    3.76718     11.899    32.0959    24.5545 0.0000e+00
 167.400653     13.000  35.539089    10.3869    5.22007     12.891    32.0521    24.5866 0.0000e+00
 167.400666     14.000  35.360774    10.1083    5.33667     13.883    32.1186    24.6851 0.0000e+00
 167.400679     15.000  35.238235     9.9379    5.45304     14.874    32.1457    24.7344 0.0000e+00
 167.400693     16.000  35.245828     9.9113    5.54592     15.866    32.1767    24.7630 0.0000e+00
 167.400715     17.000  35.273649     9.9102    5.60939     16.857    32.2054    24.7856 0.0000e+00
 167.400751     18.000  35.218688     9.7430    5.60259     17.849    32.2988    24.8859 0.0000e+00
 167.400781     19.000  35.043956     9.5012    5.45382     18.840    32.3373    24.9550 0.0000e+00
 167.400805     20.000  34.932456     9.3584    5.22015     19.832    32.3515    24.9888 0.0000e+00
 167.400827     21.000  34.750903     9.1509    5.10942     20.824    32.3518    25.0218 0.0000e+00
 167.400849     22.000  34.729894     9.1164    5.21913     21.815    32.3610    25.0344 0.0000e+00
 167.400870     23.000  34.737640     9.1095    5.29259     22.807    32.3748    25.0464 0.0000e+00
 167.400887     24.000  34.725925     9.0697    5.22182     23.798    32.3984    25.0710 0.0000e+00
 167.400902     25.000  34.664095     8.9555    5.16167     24.790    32.4379    25.1197 0.0000e+00
 167.400915     26.000  34.581220     8.8426    5.13199     25.782    32.4545    25.1501 0.0000e+00
 167.400930     27.000  34.524145     8.7633    5.08199     26.773    32.4671    25.1721 0.0000e+00
 167.400945     28.000  34.486772     8.7237    5.02643     27.765    32.4639    25.1756 0.0000e+00
 167.400963     29.000  34.459141     8.6676    5.02897     28.756    32.4860    25.2015 0.0000e+00
 167.400981     30.000  34.431394     8.6358    5.08266     29.748    32.4857    25.2061 0.0000e+00
 167.401002     31.000  34.427714     8.6290    5.14285     30.739    32.4877    25.2087 0.0000e+00
 167.401024     32.000  34.412640     8.6050    5.13247     31.731    32.4935    25.2169 0.0000e+00
 167.401044     33.000  34.377203     8.5323    5.03423     32.722    32.5227    25.2508 0.0000e+00
 167.401065     34.000  34.341268     8.4735    4.91876     33.713    32.5388    25.2722 0.0000e+00
 167.401091     35.000  34.324517     8.4330    4.80766     34.705    32.5581    25.2934 0.0000e+00
 167.401119     36.000  34.274872     8.3091    4.75992     35.697    32.6200    25.3603 0.0000e+00
 167.401147     37.000  34.256227     8.2632    4.73651     36.688    32.6424    25.3847 0.0000e+00
 167.401171     38.000  34.249061     8.2331    4.68947     37.679    32.6624    25.4049 0.0000e+00
 167.401189     39.000  34.240607     8.1824    4.68507     38.671    32.7001    25.4419 0.0000e+00
 167.401208     40.000  34.233386     8.1455    4.69091     39.662    32.7265    25.4680 0.0000e+00
 167.401227     41.000  34.212397     8.0742    4.73234     40.654    32.7703    25.5128 0.0000e+00
 167.401247     42.000  34.205569     8.0442    4.66830     41.645    32.7906    25.5332 0.0000e+00
 167.401267     43.000  34.185157     7.9277    4.66292     42.637    32.8778    25.6185 0.0000e+00
 167.401284     44.000  34.167522     7.8725    4.60316     43.628    32.9104    25.6521 0.0000e+00
 167.401299     45.000  34.178459     7.8684    4.50477     44.620    32.9256    25.6646 0.0000e+00
 167.401314     46.000  34.199922     7.8798    4.41622     45.611    32.9372    25.6721 0.0000e+00
 167.401331     47.000  34.216672     7.8929    4.29350     46.602    32.9424    25.6743 0.0000e+00
 167.401347     48.000  34.249556     7.9131    4.10423     47.594    32.9580    25.6837 0.0000e+00
 167.401365     49.000  34.287755     7.9275    3.93301     48.585    32.9847    25.7026 0.0000e+00
 167.401384     50.000  34.294776     7.9256    3.83715     49.577    32.9935    25.7098 0.0000e+00
 167.401401     51.000  34.308802     7.9133    3.75578     50.568    33.0196    25.7321 0.0000e+00
 167.401415     52.000  34.313081     7.8903    3.71716     51.560    33.0455    25.7558 0.0000e+00
 167.401430     53.000  34.310583     7.8706    3.67837     52.551    33.0610    25.7707 0.0000e+00
 167.401448     54.000  34.309470     7.8570    3.62516     53.542    33.0723    25.7815 0.0000e+00
 167.401465     55.000  34.304631     7.8086    3.56782     54.534    33.1125    25.8202 0.0000e+00
 167.401480     56.000  34.299195     7.7405    3.52988     55.525    33.1709    25.8759 0.0000e+00
 167.401498     57.000  34.296010     7.7022    3.46875     56.516    33.2035    25.9069 0.0000e+00
 167.401517     58.000  34.293430     7.6742    3.44899     57.508    33.2270    25.9293 0.0000e+00
 167.401537     59.000  34.282315     7.6153    3.50594     58.499    33.2708    25.9722 0.0000e+00
 167.401554     60.000  34.274577     7.5614    3.54132     59.490    33.3136    26.0135 0.0000e+00
 167.401569     61.000  34.277298     7.5208    3.52066     60.482    33.3551    26.0518 0.0000e+00
 167.401584     62.000  34.278592     7.4983    3.51931     61.473    33.3776    26.0728 0.0000e+00
 167.401601     63.000  34.279230     7.4861    3.50696     62.464    33.3896    26.0839 0.0000e+00
 167.401618     64.000  34.283590     7.4662    3.47740     63.456    33.4129    26.1051 0.0000e+00
 167.401637     65.000  34.288625     7.4551    3.44405     64.448    33.4286    26.1190 0.0000e+00
 167.401655     66.000  34.292557     7.4268    3.40527     65.439    33.4597    26.1474 0.0000e+00
 167.401671     67.000  34.300036     7.4032    3.33865     66.430    33.4902    26.1747 0.0000e+00
 167.401686     68.000  34.303331     7.3833    3.24414     67.421    33.5125    26.1950 0.0000e+00
 167.401701     69.000  34.302027     7.3706    3.15362     68.413    33.5229    26.2050 0.0000e+00
 167.401717     70.000  34.300513     7.3509    3.07694     69.404    33.5399    26.2212 0.0000e+00
 167.401732     71.000  34.301785     7.3190    3.03529     70.395    33.5716    26.2506 0.0000e+00
 167.401749     72.000  34.305237     7.2872    3.00026     71.387    33.6058    26.2820 0.0000e+00
 167.401771     73.000  34.310645     7.2686    2.96852     72.378    33.6293    26.3031 0.0000e+00
 167.401797     74.000  34.313164     7.2606    2.94319     73.369    33.6393    26.3120 0.0000e+00
 167.401818     75.000  34.312366     7.2534    2.92337     74.360    33.6450    26.3175 0.0000e+00
 167.401833     76.000  34.313053     7.2459    2.90969     75.352    33.6526    26.3246 0.0000e+00
 167.401847     77.000  34.316760     7.2438    2.89714     76.343    33.6581    26.3292 0.0000e+00
 167.401862     78.000  34.321693     7.2429    2.89049     77.335    33.6639    26.3339 0.0000e+00
 167.401880     79.000  34.325541     7.2402    2.88351     78.326    33.6703    26.3393 0.0000e+00
 167.401897     80.000  34.334771     7.2369    2.87663     79.317    33.6831    26.3499 0.0000e+00
 167.401914     81.000  34.348709     7.2362    2.87334     80.308    33.6985    26.3620 0.0000e+00
 167.401930     82.000  34.358207     7.2358    2.85972     81.299    33.7087    26.3701 0.0000e+00
 167.401946     83.000  34.360692     7.2329    2.85908     82.291    33.7137    26.3746 0.0000e+00
 167.401963     84.000  34.365407     7.2342    2.85585     83.282    33.7171    26.3770 0.0000e+00
 167.401985     85.000  34.389096     7.2472    2.85706     84.273    33.7298    26.3853 0.0000e+00
 167.402012     86.000  34.417118     7.2604    2.85894     85.265    33.7469    26.3969 0.0000e+00
 167.402041     87.000  34.430102     7.2680    2.86026     86.256    33.7532    26.4008 0.0000e+00
 167.402062     88.000  34.448943     7.2821    2.85677     87.247    33.7595    26.4037 0.0000e+00
 167.402081     89.000  34.456491     7.2785    2.85113     88.239    33.7707    26.4132 0.0000e+00
 167.402097     90.000  34.448643     7.2647    2.83234     89.229    33.7752    26.4186 0.0000e+00
 167.402111     91.000  34.441785     7.2555    2.82109     90.221    33.7761    26.4206 0.0000e+00
 167.402125     92.000  34.437148     7.2475    2.81673     91.212    33.7785    26.4236 0.0000e+00
 167.402139     93.000  34.432503     7.2422    2.79969     92.203    33.7781    26.4241 0.0000e+00
 167.402155     94.000  34.430252     7.2419    2.80015     93.194    33.7754    26.4220 0.0000e+00
 167.402172     95.000  34.430781     7.2411    2.79403     94.185    33.7763    26.4229 0.0000e+00
 167.402187     96.000  34.429088     7.2394    2.79145     95.177    33.7756    26.4225 0.0000e+00
 167.402202     97.000  34.428536     7.2388    2.78427     96.168    33.7752    26.4223 0.0000e+00
 167.402222     98.000  34.427899     7.2376    2.79371     97.159    33.7751    26.4224 0.0000e+00
 167.402253     99.000  34.425772     7.2338    2.79010     98.150    33.7761    26.4237 0.0000e+00
 167.402293    100.000  34.424674     7.2324    2.77658     99.142    33.7757    26.4236 0.0000e+00
