data/oxygen options/OCNMS/OCNMS2/raw_data/2004/CTD_TH30_802404faedb.cnv
* Sea-Bird SBE19 Data File:
* FileName = C:\WINDOWS\Desktop\put hypoxia files here\CTD data\August 24_25-04\TH\TH30_802404.hex
* Software Version 1.1.4
* Temperature SN = 2997
* Conductivity SN = 2997
* System UpLoad Time = Aug 24 2004 16:21:19
* SEACAT PROFILER V3.1c SN 2997   08/24/04  16:22:14.371
* strain gauge pressure sensor: S/N = 184829,  range = 3000 psia,  tc = 40
# nquan = 9
# nvalues = 29                          
# units = specified
# name 0 = timeJ: Julian Days
# name 1 = prSM: Pressure, Strain Gauge [db]
# name 2 = c0mS/cm: Conductivity [mS/cm]
# name 3 = t090C: Temperature [ITS-90, deg C]
# name 4 = oxML/L: Oxygen, Beckman/YSI [ml/l]
# name 5 = depSM: Depth [salt water, m], lat = 47.5
# name 6 = sal00: Salinity, Practical [PSU]
# name 7 = sigma-é00: Density [sigma-theta, kg/m^3]
# name 8 = flag: flag
# span 0 = 237.646926, 237.647273       
# span 1 =      2.000,     30.000       
# span 2 =  35.189677,  40.000761       
# span 3 =     8.6433,    15.0428       
# span 4 =    3.57970,    9.40320       
# span 5 =      1.983,     29.747       
# span 6 =    32.3180,    33.2845       
# span 7 =    23.8960,    25.8228       
# span 8 = 0.0000e+00, 0.0000e+00       
# interval = decibars: 1                
# start_time = Aug 24 2004 15:28:23 [Instrument's time stamp, header]
# bad_flag = -9.990e-29
*END*
 237.646926      2.000  40.000761    15.0428    9.40320      1.983    32.3180    23.8960 0.0000e+00
 237.646944      3.000  39.949169    14.8698    9.31767      2.975    32.4146    24.0074 0.0000e+00
 237.646957      4.000  39.786492    14.5556    9.19896      3.967    32.5288    24.1623 0.0000e+00
 237.646968      5.000  39.622107    14.3049    9.02516      4.958    32.5889    24.2613 0.0000e+00
 237.646979      6.000  39.465574    14.0328    8.92959      5.950    32.6746    24.3840 0.0000e+00
 237.646991      7.000  39.189029    13.6909    8.80021      6.942    32.7093    24.4809 0.0000e+00
 237.647002      8.000  38.932875    13.4488    8.52655      7.933    32.6771    24.5048 0.0000e+00
 237.647015      9.000  38.754483    13.2812    8.15279      8.925    32.6533    24.5200 0.0000e+00
 237.647027     10.000  38.595407    12.9583    7.82801      9.916    32.7816    24.6831 0.0000e+00
 237.647039     11.000  38.202200    12.4845    7.43087     10.908    32.8190    24.8040 0.0000e+00
 237.647052     12.000  37.921620    12.2270    7.07580     11.900    32.7747    24.8188 0.0000e+00
 237.647065     13.000  37.768232    12.0042    6.85819     12.891    32.8218    24.8973 0.0000e+00
 237.647079     14.000  37.536683    11.7235    6.60623     13.883    32.8443    24.9669 0.0000e+00
 237.647092     15.000  37.385000    11.5791    6.32407     14.874    32.8238    24.9774 0.0000e+00
 237.647104     16.000  37.264455    11.3920    6.13198     15.865    32.8714    25.0485 0.0000e+00
 237.647117     17.000  37.064646    11.0569    5.95941     16.858    32.9735    25.1880 0.0000e+00
 237.647130     18.000  36.828066    10.8289    5.65583     17.849    32.9433    25.2048 0.0000e+00
 237.647141     19.000  36.762284    10.6936    5.34539     18.840    32.9992    25.2720 0.0000e+00
 237.647152     20.000  36.590548    10.4176    5.07407     19.832    33.0769    25.3802 0.0000e+00
 237.647162     21.000  36.352142    10.0103    4.84972     20.824    33.2078    25.5513 0.0000e+00
 237.647171     22.000  36.059877     9.6618    4.61254     21.815    33.2305    25.6270 0.0000e+00
 237.647180     23.000  35.879949     9.5276    4.44489     22.807    33.1696    25.6012 0.0000e+00
 237.647190     24.000  35.820903     9.4602    4.34040     23.798    33.1708    25.6130 0.0000e+00
 237.647202     25.000  35.741300     9.3523    4.24108     24.790    33.1883    25.6441 0.0000e+00
 237.647213     26.000  35.663973     9.2648    4.11778     25.781    33.1892    25.6589 0.0000e+00
 237.647225     27.000  35.601925     9.1542    4.01388     26.773    33.2274    25.7064 0.0000e+00
 237.647239     28.000  35.481481     8.9902    3.87840     27.764    33.2550    25.7538 0.0000e+00
 237.647253     29.000  35.355809     8.8182    3.73791     28.756    33.2845    25.8038 0.0000e+00
 237.647273     30.000  35.189677     8.6433    3.57970     29.747    33.2744    25.8228 0.0000e+00
