data/oxygen options/OCNMS/OCNMS2/raw_data/2004/CTD_CE40_090704faed.cnv
* Sea-Bird SBE19 Data File:
* FileName = C:\WINDOWS\Desktop\put hypoxia files here\CTD data\September 07_0804\CE\Raw\CE40_090704.hex
* Software Version 1.1.4
* Temperature SN = 2997
* Conductivity SN = 2997
* System UpLoad Time = Sep 07 2004 16:07:24
* SEACAT PROFILER V3.1c SN 2997   09/07/04  16:09:56.801
* strain gauge pressure sensor: S/N = 184829,  range = 3000 psia,  tc = 40
# nquan = 9                                 
# nvalues = 733                         
# units = specified
# name 0 = timeJ: Julian Days
# name 1 = prSM: Pressure, Strain Gauge [db]
# name 2 = c0mS/cm: Conductivity [mS/cm]
# name 3 = t090C: Temperature [ITS-90, deg C]
# name 4 = oxML/L: Oxygen, Beckman/YSI [ml/l]
# name 5 = depSM: Depth [salt water, m], lat = 47.5
# name 6 = sal00: Salinity, Practical [PSU]
# name 7 = sigma-é00: Density [sigma-theta, kg/m^3]
# name 8 = flag: flag
# span 0 = 251.629988, 251.634225       
# span 1 =     -5.339,     41.143       
# span 2 =   0.656688,  41.353139       
# span 3 =     7.6738,    19.7195       
# span 4 =   -0.04186,   26.00227       
# span 5 =     -5.295,     40.796       
# span 6 =     0.3584,    33.6016       
# span 7 =    -1.4616,    26.2228       
# span 8 = 0.0000e+00, 0.0000e+00       
# interval = seconds: 0.5
# start_time = Sep 07 2004 15:07:11 [Instrument's time stamp, header]
# bad_flag = -9.990e-29
*END*
[from data line 641]
 251.633698     40.137  34.624138     7.6816    2.68936     39.798    33.5845    26.2090 0.0000e+00
 251.633704     39.806  34.622822     7.6806    2.68932     39.470    33.5842    26.2089 0.0000e+00
 251.633709     39.441  34.621046     7.6794    2.69364     39.108    33.5836    26.2086 0.0000e+00
 251.633715     39.050  34.619289     7.6787    2.69069     38.720    33.5826    26.2079 0.0000e+00
 251.633721     38.639  34.618061     7.6787    2.68625     38.313    33.5814    26.2070 0.0000e+00
 251.633727     38.210  34.617453     7.6790    2.68872     37.888    33.5807    26.2064 0.0000e+00
 251.633733     37.775  34.617262     7.6792    2.69040     37.456    33.5805    26.2062 0.0000e+00
 251.633738     37.342  34.617284     7.6794    2.69619     37.027    33.5805    26.2062 0.0000e+00
 251.633744     36.907  34.617037     7.6798    2.69163     36.596    33.5801    26.2058 0.0000e+00
 251.633750     36.469  34.616238     7.6803    2.68024     36.161    33.5790    26.2048 0.0000e+00
 251.633756     36.026  34.615553     7.6807    2.67779     35.722    33.5781    26.2040 0.0000e+00
 251.633762     35.580  34.615236     7.6810    2.67899     35.280    33.5776    26.2037 0.0000e+00
 251.633767     35.133  34.614914     7.6813    2.67717     34.837    33.5772    26.2033 0.0000e+00
 251.633773     34.677  34.614205     7.6816    2.67958     34.385    33.5764    26.2026 0.0000e+00
 251.633779     34.204  34.612773     7.6824    2.68012     33.916    33.5743    26.2008 0.0000e+00
 251.633785     33.716  34.610437     7.6850    2.67463     33.432    33.5695    26.1967 0.0000e+00
 251.633791     33.214  34.606933     7.6910    2.69235     32.934    33.5602    26.1885 0.0000e+00
 251.633796     32.711  34.602121     7.7013    2.68688     32.435    33.5453    26.1753 0.0000e+00
 251.633802     32.211  34.596358     7.7145    2.69493     31.940    33.5266    26.1587 0.0000e+00
 251.633808     31.706  34.590978     7.7265    2.69540     31.439    33.5095    26.1435 0.0000e+00
 251.633814     31.198  34.587260     7.7341    2.68695     30.935    33.4984    26.1337 0.0000e+00
 251.633819     30.700  34.585343     7.7373    2.69109     30.442    33.4935    26.1294 0.0000e+00
 251.633825     30.216  34.584964     7.7383    2.69260     29.962    33.4924    26.1284 0.0000e+00
 251.633831     29.741  34.585108     7.7400    2.70000     29.491    33.4912    26.1271 0.0000e+00
 251.633837     29.270  34.584333     7.7456    2.71762     29.024    33.4852    26.1216 0.0000e+00
 251.633843     28.795  34.581092     7.7574    2.74042     28.553    33.4706    26.1084 0.0000e+00
 251.633848     28.306  34.574476     7.7743    2.78064     28.068    33.4475    26.0878 0.0000e+00
 251.633854     27.804  34.566920     7.7958    2.82473     27.570    33.4190    26.0623 0.0000e+00
 251.633860     27.294  34.562408     7.8266    2.88011     27.064    33.3848    26.0311 0.0000e+00
 251.633866     26.782  34.563381     7.8751    2.96436     26.557    33.3398    25.9886 0.0000e+00
 251.633872     26.267  34.572868     7.9409    3.05699     26.046    33.2874    25.9379 0.0000e+00
 251.633877     25.745  34.589002     8.0078    3.17559     25.529    33.2412    25.8919 0.0000e+00
 251.633883     25.221  34.603089     8.0585    3.29540     25.009    33.2084    25.8587 0.0000e+00
 251.633889     24.706  34.609880     8.0913    3.42530     24.498    33.1847    25.8353 0.0000e+00
 251.633895     24.205  34.607842     8.1162    3.55525     24.002    33.1592    25.8116 0.0000e+00
 251.633900     23.720  34.604404     8.1384    3.67121     23.521    33.1348    25.7892 0.0000e+00
 251.633906     23.251  34.609603     8.1558    3.75909     23.056    33.1241    25.7782 0.0000e+00
 251.633912     22.790  34.619213     8.1754    3.84049     22.599    33.1160    25.7690 0.0000e+00
 251.633918     22.323  34.629850     8.2195    3.92231     22.135    33.0859    25.7389 0.0000e+00
 251.633924     21.843  34.651262     8.2980    4.01459     21.660    33.0350    25.6872 0.0000e+00
 251.633929     21.349  34.690195     8.3872    4.11031     21.170    32.9926    25.6407 0.0000e+00
 251.633935     20.845  34.736412     8.4610    4.18633     20.670    32.9725    25.6138 0.0000e+00
 251.633941     20.336  34.776511     8.5178    4.23912     20.165    32.9619    25.5969 0.0000e+00
 251.633947     19.834  34.809104     8.5688    4.29276     19.668    32.9488    25.5789 0.0000e+00
 251.633953     19.340  34.840728     8.6156    4.32204     19.178    32.9386    25.5638 0.0000e+00
 251.633958     18.853  34.869894     8.6551    4.35675     18.695    32.9326    25.5531 0.0000e+00
 251.633964     18.376  34.894640     8.7037    4.37430     18.222    32.9135    25.5307 0.0000e+00
 251.633970     17.906  34.929524     8.7701    4.39433     17.756    32.8886    25.5010 0.0000e+00
 251.633976     17.432  34.978520     8.8351    4.40637     17.286    32.8797    25.4840 0.0000e+00
 251.633981     16.956  35.025195     8.8831    4.41315     16.814    32.8841    25.4800 0.0000e+00
 251.633987     16.477  35.057874     8.9199    4.42575     16.339    32.8843    25.4744 0.0000e+00
 251.633993     15.990  35.082643     8.9616    4.41814     15.856    32.8717    25.4581 0.0000e+00
 251.633999     15.495  35.114090     9.0170    4.43194     15.365    32.8534    25.4351 0.0000e+00
 251.634005     14.994  35.157770     9.0842    4.45703     14.868    32.8370    25.4117 0.0000e+00
 251.634010     14.489  35.209775     9.1583    4.51126     14.368    32.8228    25.3890 0.0000e+00
 251.634016     13.983  35.266648     9.2340    4.56585     13.866    32.8122    25.3687 0.0000e+00
 251.634022     13.477  35.324701     9.3220    4.59547     13.364    32.7916    25.3386 0.0000e+00
 251.634028     12.975  35.388546     9.4477    4.62542     12.866    32.7424    25.2800 0.0000e+00
 251.634034     12.473  35.477801     9.6161    4.61909     12.369    32.6805    25.2045 0.0000e+00
 251.634039     11.966  35.601690     9.8145    4.61301     11.866    32.6271    25.1304 0.0000e+00
 251.634045     11.452  35.751167    10.0256    4.59599     11.356    32.5884    25.0653 0.0000e+00
 251.634051     10.936  35.904792    10.2368    4.55991     10.844    32.5538    25.0029 0.0000e+00
 251.634057     10.424  36.054503    10.4429    4.62767     10.337    32.5199    24.9416 0.0000e+00
 251.634063      9.914  36.206633    10.6443    4.73401      9.831    32.4927    24.8858 0.0000e+00
 251.634068      9.403  36.360643    10.8651    4.91422      9.324    32.4500    24.8143 0.0000e+00
 251.634074      8.889  36.538114    11.1378    5.17093      8.815    32.3850    24.7156 0.0000e+00
 251.634080      8.369  36.761628    11.5058    5.44222      8.299    32.2820    24.5696 0.0000e+00
 251.634086      7.848  37.063585    11.9983    5.70387      7.782    32.1482    24.3755 0.0000e+00
 251.634091      7.333  37.461000    12.6241    5.91676      7.272    31.9935    24.1376 0.0000e+00
 251.634097      6.823  37.927737    13.4004    6.15542      6.766    31.7798    23.8209 0.0000e+00
 251.634103      6.322  38.443724    14.2341    6.37794      6.269    31.5683    23.4887 0.0000e+00
 251.634109      5.832  38.928350    14.9149    6.58306      5.783    31.4555    23.2592 0.0000e+00
 251.634115      5.356  39.269823    15.3283    6.77221      5.311    31.4295    23.1506 0.0000e+00
 251.634120      4.903  39.446981    15.5295    6.88277      4.862    31.4265    23.1046 0.0000e+00
 251.634126      4.481  39.519558    15.6207    6.94591      4.444    31.4183    23.0783 0.0000e+00
 251.634132      4.089  39.547427    15.6744    6.96930      4.055    31.4004    23.0528 0.0000e+00
 251.634138      3.721  39.563339    15.7414    6.94558      3.690    31.3614    23.0081 0.0000e+00
 251.634144      3.370  39.593616    15.8300    6.79629      3.342    31.3180    22.9552 0.0000e+00
 251.634149      3.035  39.635501    15.9083    6.43761      3.010    31.2931    22.9187 0.0000e+00
 251.634155      2.720  39.665264    15.9601    6.06984      2.697    31.2785    22.8960 0.0000e+00
 251.634161      2.426  39.685086    15.9942    6.11329      2.406    31.2692    22.8813 0.0000e+00
 251.634167      2.157  39.709127    16.0247    5.70159      2.139    31.2663    22.8723 0.0000e+00
 251.634172      1.917  39.743146    16.0646 -9.990e-29      1.901    31.2648    22.8622 0.0000e+00
 251.634178      1.704  39.800592    16.1193 -9.990e-29      1.690    31.2722    22.8557 0.0000e+00
 251.634184      1.512  39.886207    16.2016 -9.990e-29      1.499    31.2824    22.8451 0.0000e+00
 251.634190      1.337  39.962898    16.2673 -9.990e-29      1.326    31.2978    22.8422 0.0000e+00
 251.634196      1.182  39.941495    16.2093 -9.990e-29      1.172    31.3248    22.8759 0.0000e+00
 251.634201      1.053  39.803433    16.0368 -9.990e-29      1.044    31.3399    22.9261 -9.990e-29
 251.634207      0.957  39.653250    15.8591 -9.990e-29      0.949    31.3484    22.9720 -9.990e-29
 251.634213      0.889  39.533551    15.7287 -9.990e-29      0.882    31.3462    22.9991 -9.990e-29
 251.634219      0.847  39.425466    15.6762 -9.990e-29      0.840    31.2923    22.9692 -9.990e-29
 251.634225      0.832  39.346365 -9.990e-29 -9.990e-29      0.825 -9.990e-29 -9.990e-29 -9.990e-29
