data/oxygen options/OCNMS/OCNMS2/raw_data/2004/CTD_TH40_061504faed.cnv
* Sea-Bird SBE19 Data File:
* FileName = C:\WINDOWS\Desktop\put hypoxia files here\CTD files\CA\TH40m061504.hex
* Software Version 1.1.4
* Temperature SN = 2997
* Conductivity SN = 2997
* System UpLoad Time = Jun 15 2004 15:33:58
** Teahwhit Head hypoxia TH4 40m June 15, 2004
* SEACAT PROFILER V3.1c SN 2997   06/15/04  15:32:17.712
# nquan = 9                                 
# nvalues = 624                         
# units = specified
# name 0 = timeJ: Julian Days
# name 1 = prSM: Pressure, Strain Gauge [db]
# name 2 = c0mS/cm: Conductivity [mS/cm]
# name 3 = t090C: Temperature [ITS-90, deg C]
# name 4 = oxML/L: Oxygen, Beckman/YSI [ml/l]
# name 5 = depSM: Depth [salt water, m], lat = 47.5
# name 6 = sal00: Salinity, Practical [PSU]
# name 7 = sigma-é00: Density [sigma-theta, kg/m^3]
# name 8 = flag: flag
# span 0 = 167.597639, 167.601244       
# span 1 =     -5.203,     41.452       
# span 2 =   0.573281,  37.374448       
# span 3 =     7.9883,    14.7602       
# span 4 =  -12.62440,   29.92099       
# span 5 =     -5.160,     41.102       
# span 6 =     0.3631,    33.1721       
# span 7 =    -0.3776,    25.8407       
# span 8 = 0.0000e+00, 0.0000e+00       
# interval = seconds: 0.5
# start_time = Jun 15 2004 14:20:36 [Instrument's time stamp, header]
# bad_flag = -9.990e-29
*END*
[from data line 481]
 167.600422     40.044  34.513386     7.9885    3.52813     39.706    33.1721    25.8407 0.0000e+00
 167.600428     40.348  34.510152     7.9883    3.52821     40.007    33.1687    25.8381 0.0000e+00
 167.600434     40.606  34.511660     7.9996    3.51785     40.263    33.1595    25.8292 0.0000e+00
 167.600440     40.819  34.518777     8.0176    3.51856     40.474    33.1499    25.8190 0.0000e+00
 167.600446     40.994  34.529761     8.0383    3.52340     40.648    33.1419    25.8098 0.0000e+00
 167.600451     41.131  34.541318     8.0560    3.51986     40.784    33.1374    25.8036 -9.990e-29
 167.600457     41.229  34.548690     8.0641    3.52435     40.881    33.1376    25.8026 -9.990e-29
 167.600463     41.303  34.549402     8.0654    3.52213     40.954    33.1371    25.8020 -9.990e-29
 167.600469     41.367  34.546681     8.0662    3.52167     41.018    33.1334    25.7990 -9.990e-29
 167.600475     41.415  34.544219     8.0691    3.51397     41.065    33.1280    25.7943 -9.990e-29
 167.600480     41.443  34.543248     8.0738    3.51042     41.093    33.1225    25.7893 -9.990e-29
 167.600486     41.452  34.543624     8.0767    3.50872     41.102    33.1202    25.7870 -9.990e-29
 167.600492     41.447  34.543637     8.0753    3.50775     41.097    33.1215    25.7883 -9.990e-29
 167.600498     41.437  34.542215     8.0721    3.51615     41.087    33.1230    25.7900 -9.990e-29
 167.600503     41.424  34.540858     8.0700    3.50673     41.074    33.1236    25.7907 -9.990e-29
 167.600509     41.409  34.540589     8.0683    3.50237     41.059    33.1249    25.7920 -9.990e-29
 167.600515     41.389  34.539959     8.0666    3.50750     41.039    33.1258    25.7930 -9.990e-29
 167.600521     41.365  34.539279     8.0658    3.49632     41.016    33.1259    25.7931 -9.990e-29
 167.600527     41.333  34.539355     8.0643    3.50529     40.984    33.1274    25.7945 -9.990e-29
 167.600532     41.293  34.538077     8.0608    3.50948     40.944    33.1294    25.7966 -9.990e-29
 167.600538     41.242  34.534893     8.0568    3.49530     40.894    33.1298    25.7975 -9.990e-29
 167.600544     41.176  34.531754     8.0552    3.48127     40.828    33.1280    25.7963 -9.990e-29
 167.600550     41.092  34.530114     8.0566    3.47109     40.745    33.1250    25.7937 -9.990e-29
 167.600556     40.984  34.530617     8.0574    3.46498     40.638    33.1248    25.7935 -9.990e-29
 167.600561     40.845  34.531721     8.0533    3.47291     40.500    33.1299    25.7981 0.0000e+00
 167.600567     40.666  34.531005     8.0443    3.47673     40.323    33.1377    25.8056 0.0000e+00
 167.600573     40.432  34.528666     8.0315    3.45877     40.091    33.1475    25.8151 0.0000e+00
 167.600579     40.123  34.523299     8.0185    3.43859     39.784    33.1542    25.8223 0.0000e+00
 167.600584     39.733  34.513382     8.0152    3.41527     39.398    33.1469    25.8170 0.0000e+00
 167.600590     39.280  34.505342     8.0242    3.42899     38.948    33.1301    25.8025 0.0000e+00
 167.600596     38.799  34.504749     8.0361    3.45637     38.472    33.1184    25.7916 0.0000e+00
 167.600602     38.315  34.508045     8.0474    3.48651     37.992    33.1114    25.7844 0.0000e+00
 167.600608     37.832  34.511811     8.0682    3.51537     37.513    33.0960    25.7693 0.0000e+00
 167.600613     37.341  34.518861     8.1147    3.51226     37.026    33.0598    25.7341 0.0000e+00
 167.600619     36.827  34.535823     8.2096    3.51490     36.516    32.9888    25.6643 0.0000e+00
 167.600625     36.280  34.573574     8.3668    3.55516     35.974    32.8817    25.5569 0.0000e+00
 167.600631     35.698  34.641561     8.5607    3.65377     35.397    32.7730    25.4426 0.0000e+00
 167.600637     35.097  34.729564     8.7371    3.78490     34.801    32.7022    25.3603 0.0000e+00
 167.600642     34.493  34.810338     8.8846    3.89155     34.202    32.6508    25.2974 0.0000e+00
 167.600648     33.891  34.881202     9.0653    3.99579     33.605    32.5590    25.1975 0.0000e+00
 167.600654     33.283  34.980080     9.3330    4.06693     33.003    32.4176    25.0448 0.0000e+00
 167.600660     32.660  35.132891     9.6631    4.13208     32.385    32.2766    24.8818 0.0000e+00
 167.600666     32.026  35.318604     9.9737    4.22718     31.756    32.1879    24.7617 0.0000e+00
 167.600671     31.387  35.491673    10.1910    4.28910     31.123    32.1697    24.7115 0.0000e+00
 167.600677     30.745  35.610443    10.2959    4.32404     30.486    32.1964    24.7147 0.0000e+00
 167.600683     30.107  35.663466    10.3276    4.32636     29.854    32.2218    24.7291 0.0000e+00
 167.600689     29.475  35.674408    10.3543    4.29877     29.227    32.2093    24.7149 0.0000e+00
 167.600694     28.844  35.685940    10.4034    4.30928     28.601    32.1777    24.6820 0.0000e+00
 167.600700     28.210  35.717395    10.4483    4.35587     27.973    32.1698    24.6682 0.0000e+00
 167.600706     27.574  35.746265    10.4768    4.42518     27.342    32.1737    24.6664 0.0000e+00
 167.600712     26.929  35.762301    10.5056    4.49092     26.703    32.1646    24.6544 0.0000e+00
 167.600718     26.271  35.779078    10.5555    4.57729     26.050    32.1376    24.6248 0.0000e+00
 167.600723     25.604  35.807788    10.6484    4.64687     25.389    32.0848    24.5678 0.0000e+00
 167.600729     24.925  35.860392    10.8023    4.71497     24.715    32.0025    24.4771 0.0000e+00
 167.600735     24.241  35.948750    11.0174    4.83083     24.037    31.9027    24.3620 0.0000e+00
 167.600741     23.558  36.074643    11.2478    4.94282     23.360    31.8273    24.2628 0.0000e+00
 167.600747     22.885  36.209716    11.4214    5.00730     22.693    31.8101    24.2185 0.0000e+00
 167.600752     22.226  36.307022    11.5276    5.04415     22.039    31.8140    24.2024 0.0000e+00
 167.600758     21.577  36.356747    11.6421    5.04837     21.396    31.7644    24.1432 0.0000e+00
 167.600764     20.932  36.410111    11.8050    5.06500     20.756    31.6773    24.0460 0.0000e+00
 167.600770     20.284  36.503537    11.9542    5.14362     20.114    31.6409    23.9903 0.0000e+00
 167.600775     19.630  36.595642    12.0431    5.26130     19.465    31.6544    23.9844 0.0000e+00
 167.600781     18.976  36.650586    12.0905    5.39563     18.817    31.6673    23.9856 0.0000e+00
 167.600787     18.332  36.681124    12.1292    5.52924     18.178    31.6641    23.9759 0.0000e+00
 167.600793     17.700  36.710074    12.2010    5.63721     17.552    31.6313    23.9372 0.0000e+00
 167.600799     17.065  36.766541    12.3386    5.73696     16.922    31.5695    23.8635 0.0000e+00
 167.600804     16.412  36.881545    12.5129    5.79312     16.274    31.5329    23.8023 0.0000e+00
 167.600810     15.743  37.033479    12.6553    5.80027     15.611    31.5581    23.7947 0.0000e+00
 167.600816     15.066  37.142865    12.7362    5.74690     14.940    31.5942    23.8071 0.0000e+00
 167.600822     14.391  37.175022    12.7782    5.65723     14.270    31.5897    23.7956 0.0000e+00
 167.600828     13.721  37.159988    12.8067    5.56171     13.606    31.5520    23.7609 0.0000e+00
 167.600833     13.057  37.127124    12.8202    5.47719     12.948    31.5100    23.7257 0.0000e+00
 167.600839     12.399  37.084815    12.8155    5.41990     12.295    31.4742    23.6989 0.0000e+00
 167.600845     11.748  37.042311    12.8040    5.38792     11.650    31.4439    23.6777 0.0000e+00
 167.600851     11.105  37.011967    12.7949    5.37534     11.012    31.4231    23.6633 0.0000e+00
 167.600856     10.473  36.993182    12.7922    5.35081     10.385    31.4078    23.6520 0.0000e+00
 167.600862      9.855  36.978889    12.8040    5.34966      9.773    31.3848    23.6319 0.0000e+00
 167.600868      9.249  36.965207    12.8392    5.40400      9.172    31.3429    23.5927 0.0000e+00
 167.600874      8.656  36.958047    12.8953    5.51290      8.584    31.2899    23.5409 0.0000e+00
 167.600880      8.076  36.966969    12.9654    5.71112      8.008    31.2407    23.4892 0.0000e+00
 167.600885      7.507  36.988765    13.0514    5.91192      7.444    31.1905    23.4338 0.0000e+00
 167.600891      6.951  37.012160    13.1714    6.03493      6.893    31.1142    23.3514 0.0000e+00
 167.600897      6.412  37.031379    13.3541    6.09085      6.358    30.9832    23.2144 0.0000e+00
 167.600903      5.889  37.050220    13.6139    6.08774      5.840    30.7908    23.0143 0.0000e+00
 167.600909      5.383  37.071981    13.9269    6.05306      5.338    30.5608    22.7741 0.0000e+00
 167.600914      4.898  37.108353    14.2126    6.00324      4.857    30.3683    22.5678 0.0000e+00
 167.600920      4.435  37.161919    14.4099    5.96385      4.398    30.2625    22.4459 0.0000e+00
 167.600926      4.004  37.208289    14.5385    5.93292      3.971    30.2044    22.3746 0.0000e+00
 167.600932      3.613  37.240951    14.6170    5.89608      3.583    30.1730    22.3341 0.0000e+00
 167.600937      3.257  37.260333    14.6518    5.85717      3.230    30.1636    22.3197 0.0000e+00
 167.600943      2.931  37.265968    14.6686    5.87031      2.907    30.1557    22.3101 0.0000e+00
 167.600949      2.632  37.271026    14.6810    5.77703      2.610    30.1508    22.3037 0.0000e+00
 167.600955      2.357  37.278359    14.6885    5.71277      2.337    30.1516    22.3028 0.0000e+00
 167.600961      2.107  37.279833    14.6943    5.63090      2.089    30.1486    22.2993 0.0000e+00
 167.600966      1.882  37.275207    14.7010    5.62162      1.866    30.1393    22.2907 0.0000e+00
 167.600972      1.681  37.272930    14.7034    5.62938      1.667    30.1355    22.2873 0.0000e+00
 167.600978      1.505  37.273366    14.6999    6.55948      1.492    30.1386    22.2904 0.0000e+00
 167.600984      1.355  37.269843    14.6878    6.59940      1.344    30.1449    22.2978 0.0000e+00
 167.600990      1.225  37.253210    14.6513    6.58948      1.215    30.1583    22.3156 -9.990e-29
 167.600995      1.107  37.219830    14.5896    6.60866      1.098    30.1761    22.3422 -9.990e-29
 167.601001      0.999  37.176272    14.5237    6.61103      0.991    30.1881    22.3650 -9.990e-29
 167.601007      0.902  37.111599    14.4549    6.62610      0.894    30.1832    22.3754 -9.990e-29
 167.601013      0.813  36.984473    14.3792    6.64851      0.806    30.1272    22.3478 -9.990e-29
 167.601019      0.728  36.688790    14.3124    6.65616      0.722    29.9113    22.1951 -9.990e-29
 167.601024      0.646  35.885295    14.2624    6.65392      0.641    29.2225    21.6745 -9.990e-29
 167.601030      0.568  33.539698    14.2234    6.67138      0.563    27.1405    20.0788 -9.990e-29
 167.601036      0.496  26.567744    14.1951    6.68357      0.492    21.0068    15.3672 -9.990e-29
 167.601042      0.429  15.863943    14.1790    6.68242      0.425    11.9695     8.4323 -9.990e-29
 167.601047      0.370   8.175140    14.1713    6.67837      0.367     5.8517     3.7362 -9.990e-29
 167.601053      0.320   5.098313    14.1671    6.68066      0.317     3.5304     1.9509 -9.990e-29
 167.601059      0.277   3.928413    14.1641    6.68126      0.275     2.6749     1.2921 -9.990e-29
 167.601065      0.238   3.540438    14.1614    6.65494      0.236     2.3954     1.0769 -9.990e-29
 167.601071      0.204   3.373169    14.1588    6.60662      0.202     2.2757     0.9849 -9.990e-29
 167.601076      0.177   3.220262    14.1561    6.57962      0.176     2.1666     0.9012 -9.990e-29
 167.601082      0.156   3.088000    14.1528    6.60052      0.155     2.0726     0.8291 -9.990e-29
 167.601088      0.140   2.969048    14.1489    6.63202      0.139     1.9884     0.7646 -9.990e-29
 167.601094      0.126   2.845450    14.1447    6.67211      0.125     1.9011     0.6979 -9.990e-29
 167.601100      0.116   2.797547    14.1403    6.70944      0.115     1.8674     0.6725 -9.990e-29
 167.601105      0.103   2.951573    14.1356    6.69359      0.102     1.9766     0.7575 -9.990e-29
 167.601111      0.086   3.221594    14.1305    6.69366      0.085     2.1690     0.9067 -9.990e-29
 167.601117      0.074   3.337770    14.1252    6.70899      0.073     2.2523     0.9718 -9.990e-29
 167.601123      0.070   3.240419    14.1198    6.71960      0.069     2.1830     0.9191 -9.990e-29
 167.601128      0.073   3.113312    14.1140    6.73319      0.072     2.0927     0.8502 -9.990e-29
 167.601134      0.080   3.114436    14.1077    6.73066      0.079     2.0938     0.8520 -9.990e-29
 167.601140      0.082   3.253862    14.1014    6.74202      0.081     2.1936     0.9300 -9.990e-29
 167.601146      0.075   3.439058    14.0952    6.76864      0.074     2.3266     1.0335 -9.990e-29
 167.601152      0.063   3.546292    14.0889    6.77709      0.062     2.4041     1.0942 -9.990e-29
 167.601157      0.054   3.483803    14.0814    6.78259      0.054     2.3596     1.0610 -9.990e-29
 167.601163      0.047   3.369682    14.0720   -4.13181      0.047     2.2782     0.9996 -9.990e-29
 167.601169      0.038   3.352011    14.0603  -11.50197      0.038     2.2663     0.9920 -9.990e-29
 167.601175      0.030   3.251555    14.0463  -12.62440      0.030     2.1951     0.9391 -9.990e-29
 167.601181      0.027   2.915459    14.0324   -9.46634      0.027     1.9562     0.7567 -9.990e-29
 167.601186      0.028   2.511004    14.0210   -2.04512      0.028     1.6709     0.5379 -9.990e-29
 167.601192      0.031   2.216529    14.0109 -9.990e-29      0.031     1.4652     0.3803 -9.990e-29
 167.601198      0.029   2.046775    14.0008 -9.990e-29      0.029     1.3475     0.2908 -9.990e-29
 167.601204      0.028   1.933775    13.9916 -9.990e-29      0.028     1.2696     0.2318 -9.990e-29
 167.601209      0.032   1.833550    13.9834 -9.990e-29      0.032     1.2007     0.1796 -9.990e-29
 167.601215      0.037   1.771375    13.9754 -9.990e-29      0.037     1.1581     0.1479 -9.990e-29
 167.601221      0.035   1.796029    13.9659 -9.990e-29      0.035     1.1754     0.1625 -9.990e-29
 167.601227      0.025   1.897045    13.9543 -9.990e-29      0.025     1.2454     0.2184 -9.990e-29
 167.601233      0.015   2.011867    13.9438 -9.990e-29      0.015     1.3252     0.2816 -9.990e-29
 167.601238      0.010   2.106338    13.9394 -9.990e-29      0.010     1.3910     0.3331 -9.990e-29
 167.601244      0.008   2.174167 -9.990e-29 -9.990e-29      0.008 -9.990e-29 -9.990e-29 -9.990e-29
