data/oxygen options/OCNMS/OCNMS2/raw_data/2004/CTD_CA80_102104faed.cnv
* Sea-Bird SBE19 Data File:
* FileName = C:\WINDOWS\Desktop\put hypoxia files here\CTD data\October 21-04\CA\Raw\CA80_102104.hex
* Software Version 1.1.4
* Temperature SN = 2997
* Conductivity SN = 2997
* System UpLoad Time = Oct 21 2004 14:37:06
* SEACAT PROFILER V3.1c SN 2997   10/21/04  14:42:25.951
* strain gauge pressure sensor: S/N = 184829,  range = 3000 psia,  tc = 40
# nquan = 9                                 
# nvalues = 757                         
# units = specified
# name 0 = timeJ: Julian Days
# name 1 = prSM: Pressure, Strain Gauge [db]
# name 2 = c0mS/cm: Conductivity [mS/cm]
# name 3 = t090C: Temperature [ITS-90, deg C]
# name 4 = oxML/L: Oxygen, Beckman/YSI [ml/l]
# name 5 = depSM: Depth [salt water, m], lat = 47.5
# name 6 = sal00: Salinity, Practical [PSU]
# name 7 = sigma-é00: Density [sigma-theta, kg/m^3]
# name 8 = flag: flag
# span 0 = 295.565602, 295.569977       
# span 1 =     -4.388,     79.809       
# span 2 =   0.580635,  37.583633       
# span 3 =     7.8954,    13.1520       
# span 4 =   -0.05863,   33.16116       
# span 5 =     -4.351,     79.128       
# span 6 =     0.3865,    33.3231       
# span 7 =    -0.1301,    25.9734       
# span 8 = 0.0000e+00, 0.0000e+00       
# interval = seconds: 0.5
# start_time = Oct 21 2004 13:34:28 [Instrument's time stamp, header]
# bad_flag = -9.990e-29
*END*
[from data line 481]
 295.568385     43.744  35.101444     8.6566    3.43234     43.374    33.1628    25.7336 0.0000e+00
 295.568391     44.290  35.053351     8.5889    3.41217     43.916    33.1756    25.7539 0.0000e+00
 295.568397     44.817  35.011368     8.5396    3.38526     44.438    33.1775    25.7629 0.0000e+00
 295.568403     45.322  34.979467     8.5015    3.38573     44.939    33.1795    25.7703 0.0000e+00
 295.568409     45.801  34.953207     8.4683    3.39343     45.414    33.1828    25.7779 0.0000e+00
 295.568414     46.261  34.929514     8.4395    3.38972     45.870    33.1847    25.7838 0.0000e+00
 295.568420     46.708  34.908184     8.4167    3.40013     46.313    33.1834    25.7862 0.0000e+00
 295.568426     47.153  34.891598     8.4017    3.39021     46.754    33.1798    25.7857 0.0000e+00
 295.568432     47.605  34.881746     8.3938    3.41340     47.202    33.1767    25.7844 0.0000e+00
 295.568438     48.065  34.877263     8.3905    3.42002     47.658    33.1748    25.7834 0.0000e+00
 295.568443     48.533  34.874418     8.3877    3.41992     48.122    33.1742    25.7834 0.0000e+00
 295.568449     49.013  34.870542     8.3835    3.43300     48.598    33.1739    25.7838 0.0000e+00
 295.568455     49.518  34.867198     8.3802    3.42531     49.099    33.1732    25.7837 0.0000e+00
 295.568461     50.055  34.866659     8.3799    3.41975     49.631    33.1727    25.7834 0.0000e+00
 295.568466     50.620  34.869330     8.3811    3.38224     50.191    33.1741    25.7843 0.0000e+00
 295.568472     51.200  34.874850     8.3786    3.35377     50.766    33.1820    25.7909 0.0000e+00
 295.568478     51.778  34.878249     8.3676    3.34521     51.339    33.1957    25.8033 0.0000e+00
 295.568484     52.338  34.873970     8.3405    3.32581     51.895    33.2165    25.8237 0.0000e+00
 295.568490     52.883  34.855190     8.2970    3.34241     52.435    33.2375    25.8466 0.0000e+00
 295.568495     53.411  34.823220     8.2515    3.33184     52.958    33.2464    25.8604 0.0000e+00
 295.568501     53.911  34.794855     8.2099    3.33059     53.454    33.2554    25.8737 0.0000e+00
 295.568507     54.375  34.772072     8.1706    3.32596     53.914    33.2683    25.8896 0.0000e+00
 295.568513     54.815  34.748033     8.1367    3.32634     54.350    33.2746    25.8996 0.0000e+00
 295.568519     55.251  34.726002     8.1060    3.34745     54.783    33.2801    25.9085 0.0000e+00
 295.568524     55.697  34.705194     8.0720    3.35485     55.225    33.2901    25.9213 0.0000e+00
 295.568530     56.161  34.680851     8.0354    3.36943     55.685    33.2987    25.9334 0.0000e+00
 295.568536     56.650  34.656392     8.0054    3.37577     56.169    33.3009    25.9396 0.0000e+00
 295.568542     57.167  34.639563     7.9870    3.38089     56.682    33.3002    25.9417 0.0000e+00
 295.568547     57.695  34.630907     7.9778    3.40423     57.205    33.2995    25.9425 0.0000e+00
 295.568553     58.223  34.626730     7.9742    3.40310     57.729    33.2982    25.9420 0.0000e+00
 295.568559     58.740  34.624826     7.9732    3.40457     58.241    33.2969    25.9411 0.0000e+00
 295.568565     59.241  34.623780     7.9724    3.40342     58.738    33.2963    25.9408 0.0000e+00
 295.568571     59.728  34.622199     7.9710    3.39255     59.221    33.2957    25.9406 0.0000e+00
 295.568576     60.210  34.620222     7.9698    3.41288     59.699    33.2945    25.9398 0.0000e+00
 295.568582     60.697  34.619141     7.9693    3.41123     60.182    33.2936    25.9392 0.0000e+00
 295.568588     61.189  34.619201     7.9692    3.42089     60.669    33.2935    25.9391 0.0000e+00
 295.568594     61.683  34.619364     7.9690    3.42473     61.159    33.2937    25.9393 0.0000e+00
 295.568600     62.182  34.618729     7.9686    3.42149     61.654    33.2931    25.9389 0.0000e+00
 295.568605     62.695  34.617575     7.9679    3.42478     62.162    33.2923    25.9384 0.0000e+00
 295.568611     63.228  34.616609     7.9673    3.41467     62.691    33.2916    25.9379 0.0000e+00
 295.568617     63.774  34.616228     7.9669    3.41459     63.232    33.2913    25.9378 0.0000e+00
 295.568623     64.320  34.615928     7.9664    3.40702     63.773    33.2912    25.9378 0.0000e+00
 295.568628     64.857  34.615309     7.9659    3.40876     64.306    33.2908    25.9375 0.0000e+00
 295.568634     65.378  34.614671     7.9656    3.42106     64.822    33.2901    25.9371 0.0000e+00
 295.568640     65.875  34.614286     7.9648    3.40923     65.315    33.2903    25.9373 0.0000e+00
 295.568646     66.352  34.614205     7.9635    3.41853     65.788    33.2912    25.9382 0.0000e+00
 295.568652     66.812  34.613765     7.9614    3.41115     66.244    33.2925    25.9396 0.0000e+00
 295.568657     67.260  34.612383     7.9581    3.40086     66.688    33.2940    25.9412 0.0000e+00
 295.568663     67.702  34.610461     7.9545    3.40667     67.126    33.2951    25.9426 0.0000e+00
 295.568669     68.140  34.608804     7.9523    3.39731     67.560    33.2952    25.9430 0.0000e+00
 295.568675     68.569  34.608011     7.9516    3.41112     67.985    33.2949    25.9429 0.0000e+00
 295.568681     68.981  34.608148     7.9519    3.40970     68.394    33.2945    25.9426 0.0000e+00
 295.568686     69.368  34.608277     7.9526    3.40192     68.777    33.2938    25.9419 0.0000e+00
 295.568692     69.733  34.608015     7.9533    3.41121     69.139    33.2927    25.9409 0.0000e+00
 295.568698     70.092  34.608137     7.9535    3.39538     69.495    33.2925    25.9407 0.0000e+00
 295.568704     70.457  34.608252     7.9528    3.40563     69.857    33.2931    25.9413 0.0000e+00
 295.568709     70.840  34.607395     7.9515    3.40157     70.237    33.2932    25.9416 0.0000e+00
 295.568715     71.243  34.606112     7.9503    3.39179     70.636    33.2928    25.9415 0.0000e+00
 295.568721     71.663  34.605499     7.9490    3.39647     71.053    33.2932    25.9420 0.0000e+00
 295.568727     72.082  34.605303     7.9470    3.37803     71.468    33.2947    25.9434 0.0000e+00
 295.568733     72.481  34.604704     7.9450    3.38982     71.863    33.2958    25.9446 0.0000e+00
 295.568738     72.841  34.604027     7.9442    3.38829     72.220    33.2956    25.9446 0.0000e+00
 295.568744     73.148  34.604056     7.9447    3.39158     72.525    33.2950    25.9441 0.0000e+00
 295.568750     73.400  34.604271     7.9454    3.39785     72.774    33.2945    25.9435 0.0000e+00
 295.568756     73.608  34.603840     7.9459    3.38866     72.981    33.2935    25.9427 0.0000e+00
 295.568762     73.793  34.603314     7.9460    3.39211     73.164    33.2927    25.9421 0.0000e+00
 295.568767     73.986  34.603121     7.9460    3.40048     73.355    33.2924    25.9418 0.0000e+00
 295.568773     74.206  34.603010     7.9461    3.39701     73.573    33.2921    25.9416 0.0000e+00
 295.568779     74.464  34.602842     7.9459    3.40067     73.829    33.2920    25.9415 0.0000e+00
 295.568785     74.762  34.602396     7.9445    3.39183     74.125    33.2927    25.9423 0.0000e+00
 295.568791     75.099  34.601644     7.9420    3.38063     74.459    33.2941    25.9438 0.0000e+00
 295.568796     75.461  34.600708     7.9382    3.36591     74.818    33.2966    25.9463 0.0000e+00
 295.568802     75.829  34.599465     7.9334    3.37238     75.182    33.2996    25.9494 0.0000e+00
 295.568808     76.196  34.597940     7.9280    3.37985     75.546    33.3030    25.9528 0.0000e+00
 295.568814     76.568  34.596346     7.9228    3.37133     75.915    33.3061    25.9560 0.0000e+00
 295.568819     76.948  34.594805     7.9182    3.36394     76.292    33.3086    25.9586 0.0000e+00
 295.568825     77.333  34.593508     7.9133    3.33345     76.673    33.3117    25.9618 0.0000e+00
 295.568831     77.720  34.592411     7.9072    3.33111     77.057    33.3162    25.9662 0.0000e+00
 295.568837     78.092  34.591173     7.9010    3.34073     77.426    33.3206    25.9706 0.0000e+00
 295.568843     78.433  34.589829     7.8968    3.34319     77.764    33.3230    25.9731 0.0000e+00
 295.568848     78.723  34.588831     7.8954    3.35356     78.051    33.3231    25.9734 0.0000e+00
 295.568854     78.953  34.588531     7.8956    3.33614     78.279    33.3225    25.9729 0.0000e+00
 295.568860     79.128  34.588534     7.8959    3.32646     78.453    33.3221    25.9725 0.0000e+00
 295.568866     79.275  34.588286     7.8959    3.32904     78.598    33.3218    25.9723 0.0000e+00
 295.568872     79.414  34.588026     7.8960    3.32397     78.736    33.3214    25.9719 -9.990e-29
 295.568877     79.536  34.587973     7.8971    3.34134     78.857    33.3202    25.9708 -9.990e-29
 295.568883     79.632  34.588063     7.8990    3.33061     78.952    33.3184    25.9692 -9.990e-29
 295.568889     79.702  34.588419     7.9004    3.33747     79.022    33.3175    25.9682 -9.990e-29
 295.568895     79.753  34.588960     7.9011    3.34202     79.072    33.3173    25.9680 -9.990e-29
 295.568900     79.786  34.589295     7.9014    3.32414     79.105    33.3174    25.9680 -9.990e-29
 295.568906     79.804  34.589314     7.9011    3.34357     79.123    33.3177    25.9683 -9.990e-29
 295.568912     79.809  34.589049     7.9006    3.32701     79.128    33.3179    25.9685 -9.990e-29
 295.568918     79.800  34.588712     7.9011    3.32649     79.119    33.3171    25.9678 -9.990e-29
 295.568924     79.777  34.588421     7.9023    3.32991     79.096    33.3156    25.9665 -9.990e-29
 295.568929     79.739  34.587794     7.9031    3.32455     79.058    33.3142    25.9653 -9.990e-29
 295.568935     79.678  34.586560     7.9035    3.33189     78.998    33.3125    25.9639 -9.990e-29
 295.568941     79.588  34.583643     7.9038    3.32376     78.909    33.3092    25.9612 -9.990e-29
 295.568947     79.461  34.579642     7.9038    3.33857     78.783    33.3049    25.9579 0.0000e+00
 295.568953     79.286  34.578197     7.9032    3.33393     78.609    33.3040    25.9573 0.0000e+00
 295.568958     79.051  34.580751     7.9022    3.33429     78.376    33.3078    25.9604 0.0000e+00
 295.568964     78.759  34.584549     7.9030    3.34284     78.087    33.3113    25.9630 0.0000e+00
 295.568970     78.416  34.586814     7.9079    3.33051     77.747    33.3092    25.9606 0.0000e+00
 295.568976     78.036  34.588330     7.9149    3.34864     77.370    33.3043    25.9558 0.0000e+00
 295.568981     77.641  34.590007     7.9207    3.34218     76.979    33.3008    25.9521 0.0000e+00
 295.568987     77.254  34.591288     7.9247    3.34689     76.595    33.2985    25.9498 0.0000e+00
 295.568993     76.887  34.592210     7.9282    3.34947     76.231    33.2963    25.9475 0.0000e+00
 295.568999     76.544  34.592890     7.9322    3.35971     75.891    33.2934    25.9447 0.0000e+00
 295.569005     76.220  34.593682     7.9353    3.37297     75.570    33.2915    25.9427 0.0000e+00
 295.569010     75.911  34.594527     7.9366    3.35402     75.264    33.2913    25.9423 0.0000e+00
 295.569016     75.607  34.594879     7.9378    3.36261     74.962    33.2907    25.9417 0.0000e+00
 295.569022     75.287  34.595214     7.9402    3.36677     74.645    33.2889    25.9399 0.0000e+00
 295.569028     74.941  34.595982     7.9428    3.35998     74.302    33.2874    25.9384 0.0000e+00
 295.569034     74.568  34.596534     7.9446    3.37855     73.932    33.2864    25.9373 0.0000e+00
 295.569039     74.173  34.596492     7.9455    3.37328     73.541    33.2857    25.9366 0.0000e+00
 295.569045     73.763  34.596370     7.9462    3.38782     73.134    33.2851    25.9361 0.0000e+00
 295.569051     73.331  34.596572     7.9475    3.39225     72.706    33.2843    25.9352 0.0000e+00
 295.569057     72.882  34.596817     7.9492    3.38432     72.261    33.2831    25.9341 0.0000e+00
 295.569062     72.432  34.596879     7.9506    3.37973     71.815    33.2821    25.9330 0.0000e+00
 295.569068     71.998  34.596849     7.9516    3.37130     71.385    33.2813    25.9323 0.0000e+00
 295.569074     71.584  34.596697     7.9523    3.37953     70.974    33.2807    25.9317 0.0000e+00
 295.569080     71.195  34.596788     7.9525    3.37237     70.589    33.2808    25.9317 0.0000e+00
 295.569086     70.824  34.597253     7.9526    3.37822     70.221    33.2813    25.9321 0.0000e+00
 295.569091     70.455  34.597596     7.9531    3.37815     69.855    33.2814    25.9321 0.0000e+00
 295.569097     70.078  34.597719     7.9538    3.37579     69.481    33.2811    25.9317 0.0000e+00
 295.569103     69.685  34.597793     7.9544    3.38588     69.092    33.2807    25.9314 0.0000e+00
 295.569109     69.269  34.597927     7.9553    3.38470     68.679    33.2802    25.9308 0.0000e+00
 295.569115     68.826  34.598321     7.9576    3.38394     68.240    33.2787    25.9293 0.0000e+00
 295.569120     68.361  34.598974     7.9607    3.38276     67.779    33.2766    25.9272 0.0000e+00
 295.569126     67.887  34.599670     7.9630    3.38671     67.309    33.2754    25.9259 0.0000e+00
 295.569132     67.412  34.600248     7.9641    3.38837     66.838    33.2752    25.9256 0.0000e+00
 295.569138     66.946  34.600390     7.9644    3.39746     66.377    33.2753    25.9256 0.0000e+00
 295.569144     66.497  34.600317     7.9648    3.39617     65.931    33.2750    25.9253 0.0000e+00
 295.569149     66.063  34.600527     7.9657    3.39249     65.501    33.2746    25.9249 0.0000e+00
 295.569155     65.636  34.600768     7.9667    3.38966     65.078    33.2741    25.9243 0.0000e+00
 295.569161     65.225  34.600832     7.9673    3.37770     64.670    33.2738    25.9240 0.0000e+00
 295.569167     64.837  34.600837     7.9675    3.39290     64.286    33.2738    25.9240 0.0000e+00
 295.569172     64.461  34.600821     7.9676    3.39627     63.913    33.2739    25.9240 0.0000e+00
 295.569178     64.072  34.600793     7.9677    3.39793     63.527    33.2739    25.9240 0.0000e+00
 295.569184     63.651  34.600744     7.9677    3.39746     63.110    33.2741    25.9241 0.0000e+00
 295.569190     63.187  34.600638     7.9676    3.37314     62.650    33.2743    25.9243 0.0000e+00
 295.569196     62.685  34.600366     7.9677    3.38608     62.152    33.2741    25.9241 0.0000e+00
 295.569201     62.166  34.600155     7.9682    3.37400     61.638    33.2737    25.9237 0.0000e+00
 295.569207     61.655  34.600317     7.9686    3.39016     61.131    33.2737    25.9237 0.0000e+00
 295.569213     61.168  34.600543     7.9689    3.39693     60.649    33.2739    25.9238 0.0000e+00
 295.569219     60.699  34.600604     7.9697    3.38435     60.184    33.2734    25.9233 0.0000e+00
 295.569225     60.241  34.600614     7.9708    3.38431     59.730    33.2726    25.9225 0.0000e+00
 295.569230     59.793  34.600617     7.9719    3.36769     59.285    33.2718    25.9216 0.0000e+00
 295.569236     59.361  34.600648     7.9727    3.39050     58.857    33.2712    25.9211 0.0000e+00
 295.569242     58.953  34.600780     7.9729    3.37763     58.453    33.2714    25.9212 0.0000e+00
 295.569248     58.568  34.600662     7.9728    3.36790     58.071    33.2715    25.9213 0.0000e+00
 295.569253     58.190  34.600165     7.9736    3.37143     57.696    33.2704    25.9203 0.0000e+00
 295.569259     57.795  34.600338     7.9764    3.35799     57.305    33.2681    25.9181 0.0000e+00
 295.569265     57.367  34.602003     7.9815    3.38800     56.880    33.2652    25.9151 0.0000e+00
 295.569271     56.909  34.605168     7.9890    3.38071     56.426    33.2617    25.9112 0.0000e+00
 295.569277     56.430  34.609597     7.9989    3.40019     55.951    33.2572    25.9063 0.0000e+00
 295.569282     55.933  34.615065     8.0130    3.37935     55.459    33.2499    25.8984 0.0000e+00
 295.569288     55.426  34.622729     8.0387    3.36973     54.956    33.2339    25.8821 0.0000e+00
 295.569294     54.919  34.637794     8.0841    3.36032     54.453    33.2071    25.8544 0.0000e+00
 295.569300     54.424  34.666928     8.1391    3.34069     53.963    33.1863    25.8300 0.0000e+00
