data/oxygen options/OCNMS/OCNMS2/raw_data/2004/CTD_CA45_082404faed.cnv
* Sea-Bird SBE19 Data File:
* FileName = C:\WINDOWS\Desktop\put hypoxia files here\CTD data\August 24_25-04\CA45_082404.hex
* Software Version 1.1.4
* Temperature SN = 2997
* Conductivity SN = 2997
* System UpLoad Time = Aug 24 2004 12:33:47
* SEACAT PROFILER V3.1c SN 2997   08/24/04  12:35:18.080
* strain gauge pressure sensor: S/N = 184829,  range = 3000 psia,  tc = 40
# nquan = 9                                 
# nvalues = 634                         
# units = specified
# name 0 = timeJ: Julian Days
# name 1 = prSM: Pressure, Strain Gauge [db]
# name 2 = c0mS/cm: Conductivity [mS/cm]
# name 3 = t090C: Temperature [ITS-90, deg C]
# name 4 = oxML/L: Oxygen, Beckman/YSI [ml/l]
# name 5 = depSM: Depth [salt water, m], lat = 47.5
# name 6 = sal00: Salinity, Practical [PSU]
# name 7 = sigma-é00: Density [sigma-theta, kg/m^3]
# name 8 = flag: flag
# span 0 = 237.452037, 237.455700       
# span 1 =     -5.433,     44.471       
# span 2 =   0.964577,  39.124146       
# span 3 =     7.9148,    14.8381       
# span 4 =   -0.05302,   30.93144       
# span 5 =     -5.388,     44.095       
# span 6 =     0.5998,    33.3935       
# span 7 =    -0.4095,    25.9778       
# span 8 = 0.0000e+00, 0.0000e+00       
# interval = seconds: 0.5
# start_time = Aug 24 2004 10:50:56 [Instrument's time stamp, header]
# bad_flag = -9.990e-29
*END*
[from data line 481]
 237.454821     31.739  34.625030     7.9495    3.95557     31.472    33.3324    25.9721 0.0000e+00
 237.454826     32.278  34.622843     7.9481    3.95212     32.006    33.3311    25.9713 0.0000e+00
 237.454832     32.820  34.621290     7.9465    3.96465     32.543    33.3307    25.9713 0.0000e+00
 237.454838     33.352  34.618834     7.9443    3.96298     33.071    33.3300    25.9710 0.0000e+00
 237.454844     33.865  34.615918     7.9414    3.95970     33.580    33.3294    25.9709 0.0000e+00
 237.454850     34.357  34.613128     7.9382    3.95899     34.067    33.3292    25.9713 0.0000e+00
 237.454855     34.829  34.610493     7.9359    3.94570     34.535    33.3284    25.9710 0.0000e+00
 237.454861     35.287  34.608454     7.9350    3.94020     34.990    33.3268    25.9699 0.0000e+00
 237.454867     35.729  34.607499     7.9349    3.93788     35.428    33.3257    25.9690 0.0000e+00
 237.454873     36.153  34.606950     7.9342    3.95394     35.848    33.3256    25.9690 0.0000e+00
 237.454878     36.564  34.605545     7.9323    3.95058     36.256    33.3257    25.9694 0.0000e+00
 237.454884     36.973  34.603126     7.9299    3.93883     36.661    33.3252    25.9694 0.0000e+00
 237.454890     37.386  34.600424     7.9276    3.92977     37.071    33.3243    25.9690 0.0000e+00
 237.454896     37.814  34.598355     7.9259    3.93857     37.495    33.3235    25.9687 0.0000e+00
 237.454902     38.259  34.597556     7.9254    3.94638     37.936    33.3229    25.9683 0.0000e+00
 237.454907     38.709  34.597555     7.9258    3.95610     38.382    33.3223    25.9678 0.0000e+00
 237.454913     39.151  34.597819     7.9267    3.95159     38.821    33.3215    25.9670 0.0000e+00
 237.454919     39.570  34.598733     7.9279    3.94126     39.236    33.3212    25.9666 0.0000e+00
 237.454925     39.962  34.599304     7.9280    3.94412     39.625    33.3215    25.9668 0.0000e+00
 237.454931     40.340  34.598087     7.9260    3.94732     39.999    33.3219    25.9674 0.0000e+00
 237.454936     40.715  34.595733     7.9227    3.92891     40.371    33.3224    25.9683 0.0000e+00
 237.454942     41.089  34.593062     7.9195    3.92762     40.742    33.3224    25.9688 0.0000e+00
 237.454948     41.460  34.590467     7.9173    3.91193     41.110    33.3215    25.9684 0.0000e+00
 237.454954     41.830  34.588444     7.9160    3.92973     41.477    33.3204    25.9678 0.0000e+00
 237.454959     42.202  34.587131     7.9153    3.93831     41.846    33.3195    25.9671 0.0000e+00
 237.454965     42.569  34.586492     7.9149    3.93353     42.209    33.3191    25.9668 0.0000e+00
 237.454971     42.921  34.586266     7.9148    3.94416     42.558    33.3187    25.9666 0.0000e+00
 237.454977     43.244  34.586184     7.9150    3.93355     42.879    33.3183    25.9662 0.0000e+00
 237.454983     43.531  34.586169     7.9153    3.93087     43.163    33.3179    25.9659 0.0000e+00
 237.454988     43.773  34.586236     7.9162    3.93966     43.403    33.3170    25.9650 0.0000e+00
 237.454994     43.964  34.586504     7.9177    3.93204     43.592    33.3157    25.9638 0.0000e+00
 237.455000     44.108  34.587365     7.9195    3.93579     43.735    33.3149    25.9629 -9.990e-29
 237.455006     44.214  34.588881     7.9212    3.93065     43.840    33.3148    25.9626 -9.990e-29
 237.455012     44.294  34.590303     7.9220    3.92669     43.920    33.3155    25.9631 -9.990e-29
 237.455017     44.356  34.590760     7.9217    3.94122     43.981    33.3163    25.9637 -9.990e-29
 237.455023     44.400  34.589777     7.9208    3.93659     44.025    33.3161    25.9637 -9.990e-29
 237.455029     44.429  34.587758     7.9202    3.92220     44.053    33.3145    25.9625 -9.990e-29
 237.455035     44.454  34.585967     7.9208    3.92572     44.078    33.3120    25.9604 -9.990e-29
 237.455041     44.471  34.585415     7.9222    3.91717     44.095    33.3100    25.9587 -9.990e-29
 237.455046     44.468  34.585962     7.9232    3.93149     44.092    33.3097    25.9583 -9.990e-29
 237.455052     44.447  34.586687     7.9237    3.93008     44.071    33.3100    25.9585 -9.990e-29
 237.455058     44.409  34.587474     7.9244    3.92708     44.034    33.3102    25.9585 -9.990e-29
 237.455064     44.353  34.588844     7.9250    3.92859     43.978    33.3111    25.9591 -9.990e-29
 237.455069     44.274  34.589857     7.9246    3.91842     43.900    33.3126    25.9604 -9.990e-29
 237.455075     44.163  34.589094     7.9232    3.91103     43.790    33.3132    25.9610 -9.990e-29
 237.455081     44.010  34.587255     7.9218    3.91784     43.638    33.3126    25.9608 0.0000e+00
 237.455087     43.808  34.585845     7.9205    3.90470     43.438    33.3124    25.9608 0.0000e+00
 237.455093     43.558  34.584702     7.9191    3.92366     43.190    33.3127    25.9612 0.0000e+00
 237.455098     43.265  34.583457     7.9180    3.92129     42.899    33.3125    25.9613 0.0000e+00
 237.455104     42.931  34.582727     7.9175    3.92013     42.568    33.3124    25.9612 0.0000e+00
 237.455110     42.563  34.582697     7.9178    3.92501     42.203    33.3122    25.9611 0.0000e+00
 237.455116     42.165  34.582801     7.9186    3.91102     41.809    33.3118    25.9606 0.0000e+00
 237.455122     41.734  34.582654     7.9198    3.92144     41.382    33.3107    25.9595 0.0000e+00
 237.455127     41.273  34.582657     7.9217    3.92337     40.924    33.3091    25.9580 0.0000e+00
 237.455133     40.796  34.583408     7.9240    3.91640     40.452    33.3079    25.9567 0.0000e+00
 237.455139     40.314  34.584828     7.9257    3.92505     39.974    33.3080    25.9566 0.0000e+00
 237.455145     39.840  34.586043     7.9265    3.91402     39.504    33.3088    25.9571 0.0000e+00
 237.455150     39.382  34.586470     7.9268    3.92197     39.050    33.3092    25.9573 0.0000e+00
 237.455156     38.946  34.586155     7.9267    3.91663     38.617    33.3092    25.9573 0.0000e+00
 237.455162     38.534  34.585277     7.9263    3.90448     38.209    33.3088    25.9571 0.0000e+00
 237.455168     38.136  34.584382     7.9263    3.91981     37.814    33.3080    25.9564 0.0000e+00
 237.455174     37.741  34.583994     7.9262    3.91322     37.423    33.3079    25.9563 0.0000e+00
 237.455179     37.345  34.583630     7.9255    3.91762     37.030    33.3083    25.9568 0.0000e+00
 237.455185     36.943  34.582841     7.9247    3.90874     36.631    33.3085    25.9570 0.0000e+00
 237.455191     36.532  34.582294     7.9246    3.90069     36.224    33.3082    25.9568 0.0000e+00
 237.455197     36.112  34.582416     7.9260    3.90445     35.807    33.3072    25.9558 0.0000e+00
 237.455203     35.676  34.583406     7.9286    3.89668     35.375    33.3059    25.9544 0.0000e+00
 237.455208     35.220  34.584937     7.9312    3.90611     34.923    33.3053    25.9536 0.0000e+00
 237.455214     34.743  34.586284     7.9341    3.89841     34.450    33.3042    25.9523 0.0000e+00
 237.455220     34.250  34.588159     7.9377    3.90486     33.961    33.3030    25.9508 0.0000e+00
 237.455226     33.748  34.590858     7.9410    3.90745     33.464    33.3030    25.9503 0.0000e+00
 237.455231     33.248  34.592974     7.9428    3.89654     32.968    33.3038    25.9506 0.0000e+00
 237.455237     32.756  34.593442     7.9434    3.88722     32.480    33.3039    25.9507 0.0000e+00
 237.455243     32.276  34.592921     7.9440    3.89718     32.004    33.3030    25.9499 0.0000e+00
 237.455249     31.811  34.592998     7.9460    3.90247     31.543    33.3014    25.9483 0.0000e+00
 237.455255     31.362  34.594373     7.9509    3.90725     31.098    33.2985    25.9453 0.0000e+00
 237.455260     30.926  34.597795     7.9588    3.88946     30.666    33.2948    25.9412 0.0000e+00
 237.455266     30.501  34.603379     7.9687    3.86905     30.244    33.2915    25.9372 0.0000e+00
 237.455272     30.077  34.610199     7.9798    3.87443     29.824    33.2884    25.9332 0.0000e+00
 237.455278     29.645  34.618419     7.9893    3.87246     29.395    33.2884    25.9317 0.0000e+00
 237.455284     29.206  34.626143     7.9956    3.87067     28.960    33.2908    25.9327 0.0000e+00
 237.455289     28.759  34.630819     8.0001    3.86125     28.517    33.2918    25.9328 0.0000e+00
 237.455295     28.296  34.633674     8.0047    3.85567     28.058    33.2907    25.9312 0.0000e+00
 237.455301     27.819  34.636868     8.0102    3.84319     27.585    33.2891    25.9292 0.0000e+00
 237.455307     27.335  34.640774     8.0154    3.83707     27.105    33.2885    25.9280 0.0000e+00
 237.455312     26.857  34.644473     8.0189    3.82777     26.631    33.2893    25.9281 0.0000e+00
 237.455318     26.392  34.646770     8.0209    3.82414     26.170    33.2901    25.9284 0.0000e+00
 237.455324     25.946  34.647403     8.0222    3.82157     25.728    33.2898    25.9279 0.0000e+00
 237.455330     25.524  34.647815     8.0244    3.81481     25.309    33.2883    25.9265 0.0000e+00
 237.455336     25.125  34.649153     8.0286    3.79803     24.914    33.2859    25.9240 0.0000e+00
 237.455341     24.737  34.651554     8.0341    3.80372     24.529    33.2834    25.9212 0.0000e+00
 237.455347     24.347  34.654333     8.0395    3.80635     24.142    33.2815    25.9189 0.0000e+00
 237.455353     23.958  34.656185     8.0450    3.80223     23.757    33.2784    25.9156 0.0000e+00
 237.455359     23.573  34.657377     8.0549    3.79889     23.375    33.2704    25.9079 0.0000e+00
 237.455365     23.191  34.660656     8.0766    3.78985     22.996    33.2535    25.8914 0.0000e+00
 237.455370     22.807  34.672112     8.1094    3.79394     22.615    33.2347    25.8719 0.0000e+00
 237.455376     22.420  34.692484     8.1413    3.79787     22.232    33.2264    25.8606 0.0000e+00
 237.455382     22.026  34.713100     8.1658    3.78131     21.841    33.2252    25.8561 0.0000e+00
 237.455388     21.625  34.728982     8.1868    3.78059     21.443    33.2224    25.8508 0.0000e+00
 237.455394     21.219  34.742292     8.2143    3.77859     21.041    33.2107    25.8375 0.0000e+00
 237.455399     20.806  34.758484     8.2669    3.80378     20.631    33.1784    25.8043 0.0000e+00
 237.455405     20.386  34.790779     8.3612    3.88342     20.215    33.1238    25.7474 0.0000e+00
 237.455411     19.958  34.853692     8.4926    3.99426     19.790    33.0670    25.6831 0.0000e+00
 237.455417     19.522  34.944270     8.6327    4.14715     19.358    33.0313    25.6338 0.0000e+00
 237.455422     19.074  35.039843     8.7781    4.31439     18.914    32.9960    25.5839 0.0000e+00
 237.455428     18.612  35.142906     8.9999    4.49828     18.456    32.8978    25.4726 0.0000e+00
 237.455434     18.136  35.316944     9.3399    4.69589     17.984    32.7651    25.3151 0.0000e+00
 237.455440     17.647  35.588897     9.7349    4.94026     17.499    32.6838    25.1878 0.0000e+00
 237.455446     17.134  35.895403    10.1098    5.19020     16.990    32.6559    25.1040 0.0000e+00
 237.455451     16.587  36.175451    10.4227    5.42745     16.448    32.6567    25.0517 0.0000e+00
 237.455457     16.001  36.402254    10.6757    5.68878     15.867    32.6572    25.0086 0.0000e+00
 237.455463     15.372  36.586215    10.8887    5.93635     15.243    32.6504    24.9662 0.0000e+00
 237.455469     14.704  36.745628    11.0455    6.16569     14.581    32.6691    24.9531 0.0000e+00
 237.455475     14.010  36.858748    11.1371    6.33706     13.893    32.6997    24.9606 0.0000e+00
 237.455480     13.309  36.912751    11.2242    6.47338     13.197    32.6759    24.9266 0.0000e+00
 237.455486     12.622  36.971299    11.3615    6.59317     12.516    32.6122    24.8524 0.0000e+00
 237.455492     11.961  37.087829    11.5082    6.69316     11.861    32.5972    24.8142 0.0000e+00
 237.455498     11.344  37.210295    11.6075    6.75227     11.249    32.6296    24.8213 0.0000e+00
 237.455503     10.787  37.285045    11.6528    6.84526     10.697    32.6629    24.8388 0.0000e+00
 237.455509     10.284  37.312565    11.6731    6.89512     10.198    32.6720    24.8422 0.0000e+00
 237.455515      9.821  37.318949    11.6972    6.94007      9.739    32.6572    24.8263 0.0000e+00
 237.455521      9.381  37.327332    11.7398    7.03037      9.302    32.6281    24.7958 0.0000e+00
 237.455527      8.940  37.337714    11.8082    7.10914      8.865    32.5784    24.7446 0.0000e+00
 237.455532      8.489  37.360612    11.8913    7.23163      8.418    32.5280    24.6902 0.0000e+00
 237.455538      8.040  37.413356    11.9699    7.36346      7.973    32.5107    24.6621 0.0000e+00
 237.455544      7.608  37.486744    12.0383    7.46584      7.544    32.5221    24.6582 0.0000e+00
 237.455550      7.196  37.558277    12.1057    7.52143      7.136    32.5326    24.6537 0.0000e+00
 237.455556      6.803  37.622351    12.1834    7.56735      6.746    32.5268    24.6346 0.0000e+00
 237.455561      6.434  37.690546    12.2808    7.55880      6.380    32.5079    24.6016 0.0000e+00
 237.455567      6.096  37.769119    12.3683    7.53675      6.045    32.5075    24.5847 0.0000e+00
 237.455573      5.789  37.826571    12.3953    7.56092      5.741    32.5392    24.6041 0.0000e+00
 237.455579      5.510  37.826803    12.3670    7.54325      5.464    32.5641    24.6288 0.0000e+00
 237.455584      5.259  37.792579    12.3115    7.48115      5.215    32.5796    24.6514 0.0000e+00
 237.455590      5.032  37.755104    12.2603    7.43500      4.990    32.5883    24.6678 0.0000e+00
 237.455596      4.816  37.727777    12.2651    7.43518      4.776    32.5579    24.6433 0.0000e+00
 237.455602      4.592  37.743127    12.3277    7.47247      4.554    32.5184    24.6008 0.0000e+00
 237.455608      4.354  37.794124    12.4070    7.55783      4.318    32.4986    24.5704 0.0000e+00
 237.455613      4.104  37.845017    12.5025    7.71369      4.070    32.4648    24.5259 0.0000e+00
 237.455619      3.845  37.909843    12.6214    7.72731      3.813    32.4241    24.4717 0.0000e+00
 237.455625      3.571  37.994853    12.7504    7.64363      3.541    32.3941    24.4235 0.0000e+00
 237.455631      3.280  38.077691    12.9253    7.30670      3.253    32.3229    24.3344 0.0000e+00
 237.455637      2.968  38.187508    13.1923    7.14212      2.943    32.1993    24.1863 0.0000e+00
 237.455642      2.634  38.367550    13.4899    6.87386      2.612    32.1165    24.0632 0.0000e+00
 237.455648      2.287  38.572976    13.7220 -9.990e-29      2.268    32.1127    24.0135 0.0000e+00
 237.455654      1.946  38.727194    13.8728 -9.990e-29      1.930    32.1293    23.9957 0.0000e+00
 237.455660      1.629  38.818828    13.9627 -9.990e-29      1.615    32.1388    23.9846 0.0000e+00
 237.455666      1.351  38.864087    13.9950 -9.990e-29      1.340    32.1536    23.9895 0.0000e+00
 237.455671      1.118  38.862203    13.9638 -9.990e-29      1.109    32.1781    24.0147 0.0000e+00
 237.455677      0.930  38.818533    13.8813 -9.990e-29      0.922    32.2070    24.0539 0.0000e+00
 237.455683      0.786  38.747778    13.7774 -9.990e-29      0.779    32.2288    24.0919 -9.990e-29
 237.455689      0.691  38.654313    13.6718 -9.990e-29      0.685    32.2310    24.1150 -9.990e-29
 237.455694      0.639  38.538020    13.6199 -9.990e-29      0.634    32.1666    24.0757 -9.990e-29
 237.455700      0.622  38.422186 -9.990e-29 -9.990e-29      0.617 -9.990e-29 -9.990e-29 -9.990e-29
