data/oxygen options/OCNMS/OCNMS2/raw_data/2004/CTD_CA20_061504faed.cnv
* Sea-Bird SBE19 Data File:
* FileName = C:\WINDOWS\Desktop\put hypoxia files here\CTD files\CA\CA20m061504.hex
* Software Version 1.1.4
* Temperature SN = 2997
* Conductivity SN = 2997
* System UpLoad Time = Jun 15 2004 12:23:00
** Cape Alava hypoxia CA2 20 m June 15,2004
* SEACAT PROFILER V3.1c SN 2997   06/15/04  12:20:35.908
# nquan = 9                                 
# nvalues = 544                         
# units = specified
# name 0 = timeJ: Julian Days
# name 1 = prSM: Pressure, Strain Gauge [db]
# name 2 = c0mS/cm: Conductivity [mS/cm]
# name 3 = t090C: Temperature [ITS-90, deg C]
# name 4 = oxML/L: Oxygen, Beckman/YSI [ml/l]
# name 5 = depSM: Depth [salt water, m], lat = 47.5
# name 6 = sal00: Salinity, Practical [PSU]
# name 7 = sigma-é00: Density [sigma-theta, kg/m^3]
# name 8 = flag: flag
# span 0 = 167.479560, 167.482703       
# span 1 =     -4.782,     20.736       
# span 2 =   0.430132,  39.491778       
# span 3 =    11.1825,    13.5965       
# span 4 =   -0.05597,   31.97170       
# span 5 =     -4.742,     20.562       
# span 6 =     0.2710,    33.1077       
# span 7 =    -0.4296,    24.8149       
# span 8 = 0.0000e+00, 0.0000e+00       
# interval = seconds: 0.5
# start_time = Jun 15 2004 11:30:34 [Instrument's time stamp, header]
# bad_flag = -9.990e-29
*END*
 167.479560     -4.732 -9.990e-29    13.1506   -0.05588     -4.693 -9.990e-29 -9.990e-29 -9.990e-29
 167.479566     -4.756   0.430132    13.1527   -0.05589     -4.716     0.2710    -0.4294 -9.990e-29
 167.479572     -4.775   0.430232    13.1542   -0.05591     -4.735     0.2710    -0.4296 -9.990e-29
 167.479578     -4.782   0.431274    13.1518   -0.05593     -4.742     0.2717    -0.4287 -9.990e-29
 167.479583     -4.773   0.432979    13.1469   -0.05592     -4.733     0.2729    -0.4272 -9.990e-29
 167.479589     -4.756   0.434474    13.1432   -0.05593     -4.716     0.2739    -0.4259 -9.990e-29
 167.479595     -4.738   0.435532    13.1421   -0.05594     -4.699     0.2745    -0.4252 -9.990e-29
 167.479601     -4.714   0.436084    13.1413   -0.05594     -4.675     0.2749    -0.4249 -9.990e-29
 167.479606     -4.687   0.435755    13.1390   -0.05595     -4.648     0.2747    -0.4247 -9.990e-29
 167.479612     -4.663   0.434845    13.1350   -0.05595     -4.624     0.2742    -0.4246 -9.990e-29
 167.479618     -4.637   0.434364    13.1284   -0.05595     -4.598     0.2739    -0.4240 -9.990e-29
 167.479624     -4.607   0.434227    13.1187   -0.05596     -4.569     0.2739    -0.4228 -9.990e-29
 167.479630     -4.580   0.434251    13.1091   -0.05595     -4.542     0.2739    -0.4215 -9.990e-29
 167.479635     -4.558   0.437800    13.1027   -0.05596     -4.520     0.2763    -0.4188 -9.990e-29
 167.479641     -4.536   0.450717    13.0984   -0.05594     -4.498     0.2847    -0.4117 -9.990e-29
 167.479647     -4.512   0.469122    13.0947   -0.05593     -4.474     0.2967    -0.4019 -9.990e-29
 167.479653     -4.489   0.480351    13.0920   -0.05593     -4.452     0.3041    -0.3958 -9.990e-29
 167.479659     -4.461   0.481605    13.0899   -0.05594     -4.424     0.3049    -0.3949 -9.990e-29
 167.479664     -4.422   0.478444    13.0881   -0.05594     -4.385     0.3029    -0.3962 -9.990e-29
 167.479670     -4.374   0.474427    13.0872   -0.05592     -4.338     0.3003    -0.3981 -9.990e-29
 167.479676     -4.323   0.470862    13.0871   -0.05591     -4.287     0.2979    -0.3999 -9.990e-29
 167.479682     -4.278   0.467996    13.0879   -0.05592     -4.242     0.2961    -0.4015 -9.990e-29
 167.479688     -4.244   0.465895    13.0907   -0.05593     -4.209     0.2947    -0.4030 -9.990e-29
 167.479693     -4.216   0.463422    13.0960   -0.05595     -4.181     0.2930    -0.4049 -9.990e-29
 167.479699     -4.192   0.458947    13.1014   -0.05596     -4.157     0.2901    -0.4079 -9.990e-29
 167.479705     -4.173   0.452611    13.1037   -0.05596     -4.138     0.2859    -0.4114 -9.990e-29
 167.479711     -4.156   0.446519    13.1027   -0.05596     -4.121     0.2820    -0.4144 -9.990e-29
 167.479716     -4.134   0.444210    13.1015   -0.05597     -4.100     0.2805    -0.4154 -9.990e-29
 167.479722     -4.111   0.449826    13.1023   -0.03888     -4.077     0.2841    -0.4127 -9.990e-29
 167.479728     -4.084   0.466412    13.1039   -0.04592     -4.050     0.2949    -0.4045 -9.990e-29
 167.479734     -4.048   0.487207    13.1027   -0.04560     -4.014     0.3085    -0.3937 -9.990e-29
 167.479740     -4.006   0.501621    13.0975   -0.04554     -3.973     0.3179    -0.3857 -9.990e-29
 167.479745     -3.962   0.517766    13.0910   -0.04557     -3.929     0.3286    -0.3766 -9.990e-29
 167.479751     -3.918   0.565499    13.0872   -0.04558     -3.885     0.3600    -0.3516 -9.990e-29
 167.479757     -3.872   0.714017    13.0874   -0.04558     -3.840     0.4584    -0.2751 -9.990e-29
 167.479763     -3.825   1.165232    13.0927   -0.04562     -3.793     0.7636    -0.0384 -9.990e-29
 167.479769     -3.782   2.526317    13.1116   -0.04565     -3.750     1.7217     0.7023 -9.990e-29
 167.479774     -3.745   6.620381    13.1717   -0.04566     -3.714     4.7896     3.0652 -9.990e-29
 167.479780     -3.703  18.916173    13.3015   -0.04565     -3.672    14.8287    10.7739 -9.990e-29
 167.479786     -3.649  34.311603    13.4597   -0.04564     -3.619    28.3929    21.1931 -9.990e-29
 167.479792     -3.593  39.491778    13.5609   -0.04564     -3.563    33.1077    24.8149 -9.990e-29
 167.479797     -3.536  38.167492    13.5913   -0.04563     -3.507    31.8479    23.8351 -9.990e-29
 167.479803     -3.468  37.716481    13.5930   -0.04564     -3.439    31.4280    23.5103 -9.990e-29
 167.479809     -3.391  37.558190    13.5866   -0.04566     -3.363    31.2865    23.4023 -9.990e-29
 167.479815     -3.308  37.502338    13.5730   -0.04566     -3.280    31.2458    23.3736 -9.990e-29
 167.479821     -3.222  37.473348    13.5578   -0.04563     -3.195    31.2313    23.3655 -9.990e-29
 167.479826     -3.137  37.448850    13.5485   -0.04562     -3.111    31.2162    23.3556 -9.990e-29
 167.479832     -3.055  37.432656    13.5472   -0.04562     -3.030    31.2022    23.3451 -9.990e-29
 167.479838     -2.975  37.430113    13.5516   -0.04562     -2.950    31.1962    23.3396 -9.990e-29
 167.479844     -2.898  37.435043    13.5574   -0.04563     -2.874    31.1960    23.3383 -9.990e-29
 167.479850     -2.825  37.435524    13.5598   -0.04566     -2.801    31.1945    23.3366 -9.990e-29
 167.479855     -2.759  37.429409    13.5563   -0.04564     -2.736    31.1916    23.3351 -9.990e-29
 167.479861     -2.693  37.423151    13.5510   -0.04562     -2.671    31.1901    23.3350 -9.990e-29
 167.479867     -2.623  37.417398    13.5524   -0.04563     -2.601    31.1836    23.3297 -9.990e-29
 167.479873     -2.551  37.415155    13.5613   -0.04563     -2.530    31.1743    23.3207 -9.990e-29
 167.479878     -2.479  37.424102    13.5704   -0.04563     -2.458    31.1751    23.3196 -9.990e-29
 167.479884     -2.411  37.436553    13.5751   -0.04562     -2.391    31.1828    23.3246 -9.990e-29
 167.479890     -2.348  37.437155    13.5740   -0.04562     -2.328    31.1842    23.3259 -9.990e-29
 167.479896     -2.286  37.428973    13.5672   -0.04562     -2.267    31.1822    23.3256 -9.990e-29
 167.479902     -2.224  37.424676    13.5609   -0.04563     -2.205    31.1833    23.3278 -9.990e-29
 167.479907     -2.164  37.424723    13.5624   -0.04563     -2.146    31.1821    23.3266 -9.990e-29
 167.479913     -2.105  37.428632    13.5684   -0.04564     -2.087    31.1808    23.3244 -9.990e-29
 167.479919     -2.053  37.436022    13.5724   -0.04564     -2.036    31.1844    23.3263 -9.990e-29
 167.479925     -2.008  37.436569    13.5736   -0.04563     -1.991    31.1839    23.3257 -9.990e-29
 167.479931     -1.967  37.428777    13.5744   -0.04562     -1.951    31.1760    23.3195 -9.990e-29
 167.479936     -1.929  37.424712    13.5760   -0.04562     -1.913    31.1709    23.3152 -9.990e-29
 167.479942     -1.894  37.430190    13.5775   -0.04563     -1.878    31.1747    23.3179 -9.990e-29
 167.479948     -1.865  37.439072    13.5776   -0.04564     -1.849    31.1829    23.3241 -9.990e-29
 167.479954     -1.837  37.441339    13.5760   -0.04566     -1.822    31.1863    23.3271 -9.990e-29
 167.479959     -1.806  37.434424    13.5729   -0.04565     -1.791    31.1824    23.3247 -9.990e-29
 167.479965     -1.779  37.425954    13.5692   -0.04562     -1.764    31.1775    23.3217 -9.990e-29
 167.479971     -1.760  37.422041    13.5679   -0.04561     -1.745    31.1750    23.3200 -9.990e-29
 167.479977     -1.747  37.424215    13.5708   -0.04561     -1.732    31.1746    23.3191 -9.990e-29
 167.479983     -1.739  37.433148    13.5750   -0.04562     -1.724    31.1795    23.3220 -9.990e-29
 167.479988     -1.727  37.441695    13.5761   -0.04564     -1.713    31.1865    23.3272 -9.990e-29
 167.479994     -1.702  37.441077    13.5714   -0.04562     -1.688    31.1897    23.3307 -9.990e-29
 167.480000     -1.674  37.434977    13.5624   -0.04560     -1.660    31.1914    23.3338 -9.990e-29
 167.480006     -1.656  37.430985    13.5561   -0.04560     -1.642    31.1928    23.3361 -9.990e-29
 167.480012     -1.642  37.429405    13.5591   -0.04560     -1.628    31.1889    23.3325 -9.990e-29
 167.480017     -1.626  37.431510    13.5694   -0.04562     -1.612    31.1825    23.3255 -9.990e-29
 167.480023     -1.607  37.440685    13.5790   -0.04562     -1.594    31.1831    23.3241 -9.990e-29
 167.480029     -1.585  37.449549    13.5814   -0.04561     -1.572    31.1894    23.3284 -9.990e-29
 167.480035     -1.557  37.450307    13.5767   -0.04560     -1.544    31.1939    23.3328 -9.990e-29
 167.480041     -1.527  37.447915    13.5729   -0.04560     -1.514    31.1948    23.3343 -9.990e-29
 167.480046     -1.497  37.448176    13.5776   -0.04560     -1.485    31.1912    23.3306 -9.990e-29
 167.480052     -1.464  37.452577    13.5866   -0.04562     -1.452    31.1879    23.3262 -9.990e-29
 167.480058     -1.432  37.459149    13.5927   -0.04564     -1.420    31.1890    23.3259 -9.990e-29
 167.480064     -1.401  37.460404    13.5926   -0.04563     -1.389    31.1902    23.3268 -9.990e-29
 167.480069     -1.371  37.455232    13.5883   -0.04561     -1.360    31.1889    23.3267 -9.990e-29
 167.480075     -1.344  37.450779    13.5864   -0.04561     -1.333    31.1863    23.3251 -9.990e-29
 167.480081     -1.322  37.450100    13.5900   -0.04562     -1.311    31.1828    23.3216 -9.990e-29
 167.480087     -1.300  37.452305    13.5949   -0.04562     -1.289    31.1808    23.3191 -9.990e-29
 167.480093     -1.272  37.453059    13.5965   -0.04563     -1.261    31.1802    23.3183 -9.990e-29
 167.480098     -1.239  37.449459    13.5928   -0.04563     -1.229    31.1799    23.3188 -9.990e-29
 167.480104     -1.210  37.446261    13.5842   -0.04562     -1.200    31.1839    23.3236 -9.990e-29
 167.480110     -1.186  37.446509    13.5766   -0.04562     -1.176    31.1903    23.3301 -9.990e-29
 167.480116     -1.166  37.448308    13.5762   -0.04562     -1.156    31.1923    23.3317 -9.990e-29
 167.480122     -1.148  37.451828    13.5803   -0.04562     -1.138    31.1922    23.3308 -9.990e-29
 167.480127     -1.132  37.457850    13.5827   -0.04563     -1.123    31.1958    23.3331 -9.990e-29
 167.480133     -1.116  37.462083    13.5816   -0.04563     -1.107    31.2006    23.3371 -9.990e-29
 167.480139     -1.099  37.461215    13.5774   -0.04563     -1.090    31.2033    23.3399 -9.990e-29
 167.480145     -1.080  37.459154    13.5725   -0.04563     -1.071    31.2053    23.3425 -9.990e-29
 167.480150     -1.058  37.459340    13.5714   -0.04564     -1.049    31.2064    23.3436 -9.990e-29
 167.480156     -1.032  37.461478    13.5737   -0.04563     -1.023    31.2065    23.3432 -9.990e-29
 167.480162     -1.005  37.464506    13.5758   -0.04563     -0.997    31.2076    23.3436 -9.990e-29
 167.480168     -0.982  37.465188    13.5764   -0.04563     -0.974    31.2077    23.3436 -9.990e-29
 167.480174     -0.963  37.462767    13.5757   -0.04563     -0.955    31.2060    23.3424 -9.990e-29
 167.480179     -0.942  37.461326    13.5741   -0.04563     -0.934    31.2060    23.3427 -9.990e-29
 167.480185     -0.923  37.462328    13.5724   -0.04562     -0.915    31.2083    23.3448 -9.990e-29
 167.480191     -0.907  37.462637    13.5708   -0.04562     -0.899    31.2099    23.3464 -9.990e-29
 167.480197     -0.895  37.460999    13.5690   -0.04562     -0.888    31.2098    23.3467 -9.990e-29
 167.480203     -0.885  37.459737    13.5678   -0.04563     -0.878    31.2096    23.3468 -9.990e-29
 167.480208     -0.877  37.459428    13.5686   16.80840     -0.870    31.2087    23.3459 -9.990e-29
 167.480214     -0.870  37.459676    13.5704   29.97770     -0.863    31.2075    23.3446 -9.990e-29
 167.480220     -0.864  37.460269    13.5715   31.97170     -0.857    31.2071    23.3441 -9.990e-29
 167.480226     -0.858  37.460335    13.5722   28.29756     -0.851    31.2066    23.3436 -9.990e-29
 167.480231     -0.852  37.460540    13.5734   18.73832     -0.845    31.2058    23.3427 -9.990e-29
 167.480237     -0.846  37.462857    13.5758   13.44541     -0.839    31.2060    23.3424 -9.990e-29
 167.480243     -0.840  37.467026    13.5783    7.73056     -0.833    31.2078    23.3433 -9.990e-29
 167.480249     -0.832  37.469088    13.5784    3.76719     -0.825    31.2096    23.3447 -9.990e-29
 167.480255     -0.823  37.468445    13.5758    1.80701     -0.816    31.2112    23.3464 -9.990e-29
 167.480260     -0.812  37.469308    13.5748    1.99694     -0.805    31.2128    23.3478 -9.990e-29
 167.480266     -0.797  37.474528    13.5771    3.92800     -0.790    31.2157    23.3496 -9.990e-29
 167.480272     -0.779  37.482105    13.5797    4.65652     -0.773    31.2206    23.3529 -9.990e-29
 167.480278     -0.756  37.486455    13.5807    5.01061     -0.750    31.2238    23.3552 -9.990e-29
 167.480284     -0.731  37.486287    13.5803    5.23729     -0.725    31.2240    23.3554 -9.990e-29
 167.480289     -0.711  37.484753    13.5800    5.38107     -0.705    31.2228    23.3545 -9.990e-29
 167.480295     -0.698  37.485051    13.5819    5.48083     -0.692    31.2215    23.3532 -9.990e-29
 167.480301     -0.689  37.488146    13.5847    5.51589     -0.683    31.2221    23.3530 -9.990e-29
 167.480307     -0.677  37.491067    13.5857    5.55182     -0.671    31.2240    23.3543 -9.990e-29
 167.480313     -0.666  37.491541    13.5847    5.57328     -0.660    31.2252    23.3555 -9.990e-29
 167.480318     -0.657  37.490208    13.5820    5.58692     -0.652    31.2262    23.3568 -9.990e-29
 167.480324     -0.643  37.487536    13.5764    5.59327     -0.638    31.2283    23.3595 -9.990e-29
 167.480330     -0.628  37.482774    13.5670    5.59653     -0.623    31.2316    23.3639 -9.990e-29
 167.480336     -0.616  37.475185    13.5548    5.61818     -0.611    31.2345    23.3686 -9.990e-29
 167.480341     -0.605  37.465309    13.5429    5.63926     -0.600    31.2350    23.3714 -9.990e-29
 167.480347     -0.596  37.455127    13.5363    5.64268     -0.591    31.2310    23.3696 -9.990e-29
 167.480353     -0.587  37.449017    13.5391    5.64564     -0.582    31.2230    23.3629 -9.990e-29
 167.480359     -0.578  37.452294    13.5491    5.63660     -0.573    31.2179    23.3569 -9.990e-29
 167.480365     -0.568  37.463160    13.5580    5.62691     -0.563    31.2207    23.3573 -9.990e-29
 167.480370     -0.557  37.471428    13.5606    5.62352     -0.552    31.2262    23.3610 -9.990e-29
 167.480376     -0.545  37.471859    13.5590    5.61603     -0.540    31.2279    23.3627 -9.990e-29
 167.480382     -0.534  37.468964    13.5571    5.62717     -0.530    31.2268    23.3622 -9.990e-29
 167.480388     -0.527  37.467300    13.5553    5.62633     -0.523    31.2267    23.3625 -9.990e-29
 167.480394     -0.522  37.466333    13.5507    5.62339     -0.518    31.2296    23.3656 -9.990e-29
 167.480399     -0.512  37.462534    13.5442    5.60702     -0.508    31.2314    23.3683 -9.990e-29
 167.480405     -0.498  37.455893    13.5409    5.59689     -0.494    31.2279    23.3663 -9.990e-29
 167.480411     -0.477  37.452143    13.5417    5.60624     -0.473    31.2238    23.3629 -9.990e-29
 167.480417     -0.450  37.454139    13.5427    5.61452     -0.446    31.2248    23.3635 -9.990e-29
 167.480422     -0.422  37.457253    13.5402    5.62252     -0.418    31.2297    23.3678 -9.990e-29
 167.480428     -0.406  37.455546    13.5366    5.60725     -0.403    31.2311    23.3696 -9.990e-29
 167.480434     -0.395  37.451232    13.5375    5.59555     -0.392    31.2263    23.3657 -9.990e-29
 167.480440     -0.380  37.451464    13.5417    5.59182     -0.377    31.2231    23.3624 -9.990e-29
 167.480446     -0.365  37.454873    13.5437    5.60198     -0.362    31.2246    23.3632 -9.990e-29
 167.480451     -0.353  37.455911    13.5416    5.61316     -0.350    31.2273    23.3657 -9.990e-29
 167.480457     -0.343  37.453162    13.5385    5.61302     -0.340    31.2273    23.3663 -9.990e-29
 167.480463     -0.334  37.449696    13.5397    5.60003     -0.331    31.2231    23.3628 -9.990e-29
 167.480469     -0.327  37.450993    13.5456    5.59976     -0.324    31.2195    23.3588 -9.990e-29
 167.480475     -0.320  37.457104    13.5518    5.59717     -0.317    31.2201    23.3580 -9.990e-29
 167.480480     -0.313  37.463278    13.5552    5.60671     -0.310    31.2230    23.3596 -9.990e-29
