data/oxygen options/OCNMS/OCNMS2/raw_data/2004/CTD_CA90_082404faedb.cnv
* Sea-Bird SBE19 Data File:
* FileName = C:\WINDOWS\Desktop\put hypoxia files here\CTD data\August 24_25-04\CA90_082404.hex
* Software Version 1.1.4
* Temperature SN = 2997
* Conductivity SN = 2997
* System UpLoad Time = Aug 24 2004 12:40:38
* SEACAT PROFILER V3.1c SN 2997   08/24/04  12:42:17.871
* strain gauge pressure sensor: S/N = 184829,  range = 3000 psia,  tc = 40
# nquan = 9
# nvalues = 88                          
# units = specified
# name 0 = timeJ: Julian Days
# name 1 = prSM: Pressure, Strain Gauge [db]
# name 2 = c0mS/cm: Conductivity [mS/cm]
# name 3 = t090C: Temperature [ITS-90, deg C]
# name 4 = oxML/L: Oxygen, Beckman/YSI [ml/l]
# name 5 = depSM: Depth [salt water, m], lat = 47.5
# name 6 = sal00: Salinity, Practical [PSU]
# name 7 = sigma-é00: Density [sigma-theta, kg/m^3]
# name 8 = flag: flag
# span 0 = 237.501188, 237.502420       
# span 1 =      2.000,     89.000       
# span 2 =  34.366415,  39.096247       
# span 3 =     7.6069,    14.7900       
# span 4 =    3.17729,    9.40889       
# span 5 =      1.983,     88.238       
# span 6 =    31.7094,    33.4827       
# span 7 =    23.4812,    26.1383       
# span 8 = 0.0000e+00, 0.0000e+00       
# interval = decibars: 1                
# start_time = Aug 24 2004 11:58:18 [Instrument's time stamp, header]
# bad_flag = -9.990e-29
*END*
 237.501188      2.000  39.096247    14.7900    9.10076      1.983    31.7094    23.4812 0.0000e+00
 237.501210      3.000  39.087293    14.7312    9.40889      2.975    31.7488    23.5241 0.0000e+00
 237.501229      4.000  39.065384    14.6529    9.36304      3.966    31.7927    23.5744 0.0000e+00
 237.501244      5.000  38.976193    14.4096    8.81879      4.958    31.9111    23.7166 0.0000e+00
 237.501259      6.000  38.631079    13.6853    8.35428      5.950    32.1962    24.0853 0.0000e+00
 237.501272      7.000  38.070008    13.0208    7.74612      6.941    32.2326    24.2457 0.0000e+00
 237.501286      8.000  37.792686    12.6894    7.08692      7.933    32.2526    24.3258 0.0000e+00
 237.501300      9.000  37.552540    12.2521    6.46924      8.925    32.3993    24.5228 0.0000e+00
 237.501314     10.000  37.009629    11.4931    5.89088      9.916    32.5347    24.7681 0.0000e+00
 237.501328     11.000  36.464877    10.8661    5.47418     10.908    32.5519    24.8934 0.0000e+00
 237.501344     12.000  36.068003    10.3890    5.36278     11.899    32.5810    24.9984 0.0000e+00
 237.501361     13.000  35.776211    10.0834    5.48400     12.891    32.5610    25.0343 0.0000e+00
 237.501379     14.000  35.635198     9.9282    5.54556     13.883    32.5574    25.0573 0.0000e+00
 237.501398     15.000  35.596797     9.8842    5.27323     14.874    32.5577    25.0648 0.0000e+00
 237.501415     16.000  35.609373     9.8191    4.98246     15.866    32.6289    25.1311 0.0000e+00
 237.501431     17.000  35.521590     9.6849    4.79941     16.857    32.6608    25.1780 0.0000e+00
 237.501445     18.000  35.430655     9.5475    4.71938     17.849    32.6923    25.2249 0.0000e+00
 237.501458     19.000  35.315828     9.4072    4.64554     18.841    32.7019    25.2550 0.0000e+00
 237.501469     20.000  35.251805     9.3445    4.59965     19.832    32.6930    25.2580 0.0000e+00
 237.501480     21.000  35.232315     9.3270    4.58010     20.824    32.6883    25.2572 0.0000e+00
 237.501490     22.000  35.220943     9.3112    4.57118     21.815    32.6906    25.2615 0.0000e+00
 237.501501     23.000  35.209114     9.2972    4.55352     22.807    32.6908    25.2639 0.0000e+00
 237.501511     24.000  35.202082     9.2870    4.55546     23.798    32.6924    25.2669 0.0000e+00
 237.501522     25.000  35.197053     9.2770    4.55812     24.790    32.6959    25.2712 0.0000e+00
 237.501534     26.000  35.192990     9.2656    4.51034     25.781    32.7017    25.2775 0.0000e+00
 237.501545     27.000  35.181726     9.2248    4.48071     26.773    32.7270    25.3038 0.0000e+00
 237.501558     28.000  35.140868     9.1233    4.43589     27.764    32.7776    25.3594 0.0000e+00
 237.501570     29.000  35.080657     9.0409    4.38704     28.756    32.7905    25.3823 0.0000e+00
 237.501585     30.000  35.060206     9.0062    4.37168     29.747    32.8008    25.3958 0.0000e+00
 237.501599     31.000  35.040387     8.9670    4.35509     30.739    32.8160    25.4139 0.0000e+00
 237.501612     32.000  35.023623     8.9466    4.35403     31.730    32.8169    25.4178 0.0000e+00
 237.501623     33.000  35.013583     8.9341    4.33446     32.722    32.8175    25.4203 0.0000e+00
 237.501636     34.000  34.990308     8.8807    4.27810     33.713    32.8423    25.4478 0.0000e+00
 237.501648     35.000  34.928372     8.7660    4.23476     34.705    32.8833    25.4978 0.0000e+00
 237.501660     36.000  34.835423     8.6168    4.17862     35.696    32.9242    25.5527 0.0000e+00
 237.501672     37.000  34.778643     8.5455    4.09202     36.688    32.9306    25.5685 0.0000e+00
 237.501685     38.000  34.744114     8.4805    4.03434     37.680    32.9545    25.5970 0.0000e+00
 237.501697     39.000  34.698780     8.3895    4.03310     38.671    32.9914    25.6396 0.0000e+00
 237.501709     40.000  34.622619     8.2707    4.11214     39.662    33.0219    25.6812 0.0000e+00
 237.501721     41.000  34.542358     8.1765    4.20932     40.654    33.0249    25.6975 0.0000e+00
 237.501733     42.000  34.489314     8.1116    4.27622     41.645    33.0292    25.7105 0.0000e+00
 237.501746     43.000  34.466396     8.0705    4.26935     42.636    33.0431    25.7275 0.0000e+00
 237.501759     44.000  34.456815     8.0341    4.24465     43.628    33.0667    25.7514 0.0000e+00
 237.501772     45.000  34.432706     7.9740    4.24179     44.620    33.0975    25.7843 0.0000e+00
 237.501785     46.000  34.393251     7.9089    4.25493     45.611    33.1165    25.8087 0.0000e+00
 237.501798     47.000  34.377718     7.8720    4.21986     46.602    33.1344    25.8281 0.0000e+00
 237.501810     48.000  34.384128     7.8606    4.14058     47.594    33.1516    25.8433 0.0000e+00
 237.501823     49.000  34.387830     7.8512    4.10250     48.585    33.1640    25.8544 0.0000e+00
 237.501836     50.000  34.380994     7.8320    4.08202     49.577    33.1744    25.8654 0.0000e+00
 237.501851     51.000  34.366415     7.8153    4.07067     50.568    33.1742    25.8676 0.0000e+00
 237.501865     52.000  34.367516     7.8140    4.04192     51.560    33.1762    25.8694 0.0000e+00
 237.501879     53.000  34.385709     7.8259    3.96678     52.551    33.1838    25.8737 0.0000e+00
 237.501891     54.000  34.404493     7.8337    3.89790     53.542    33.1962    25.8822 0.0000e+00
 237.501903     55.000  34.411578     7.8252    3.84155     54.533    33.2113    25.8954 0.0000e+00
 237.501916     56.000  34.418851     7.8100    3.77380     55.525    33.2331    25.9147 0.0000e+00
 237.501928     57.000  34.422272     7.7950    3.74682     56.516    33.2506    25.9306 0.0000e+00
 237.501941     58.000  34.424969     7.7853    3.70124     57.508    33.2623    25.9413 0.0000e+00
 237.501955     59.000  34.426943     7.7789    3.66505     58.499    33.2700    25.9482 0.0000e+00
 237.501968     60.000  34.430924     7.7641    3.63833     59.491    33.2879    25.9644 0.0000e+00
 237.501979     61.000  34.444625     7.7413    3.57961     60.482    33.3240    25.9960 0.0000e+00
 237.501991     62.000  34.465154     7.7178    3.50987     61.473    33.3682    26.0341 0.0000e+00
 237.502001     63.000  34.492518     7.6959    3.43876     62.465    33.4180    26.0765 0.0000e+00
 237.502013     64.000  34.506707     7.6764    3.37164     63.456    33.4517    26.1057 0.0000e+00
 237.502025     65.000  34.506431     7.6684    3.31882     64.447    33.4585    26.1123 0.0000e+00
 237.502039     66.000  34.506278     7.6642    3.28070     65.439    33.4619    26.1155 0.0000e+00
 237.502054     67.000  34.505442     7.6590    3.25161     66.430    33.4655    26.1191 0.0000e+00
 237.502068     68.000  34.503631     7.6541    3.24583     67.422    33.4678    26.1216 0.0000e+00
 237.502081     69.000  34.503461     7.6527    3.21164     68.413    33.4685    26.1225 0.0000e+00
 237.502096     70.000  34.505187     7.6545    3.20094     69.404    33.4682    26.1219 0.0000e+00
 237.502111     71.000  34.503952     7.6525    3.19424     70.395    33.4683    26.1223 0.0000e+00
 237.502124     72.000  34.502970     7.6506    3.19254     71.387    33.4685    26.1228 0.0000e+00
 237.502136     73.000  34.502477     7.6471    3.18121     72.378    33.4709    26.1252 0.0000e+00
 237.502148     74.000  34.500759     7.6415    3.17865     73.369    33.4741    26.1284 0.0000e+00
 237.502159     75.000  34.498159     7.6336    3.19327     74.361    33.4783    26.1329 0.0000e+00
 237.502171     76.000  34.491734     7.6214    3.19147     75.352    33.4827    26.1381 0.0000e+00
 237.502186     77.000  34.486341     7.6174    3.19567     76.343    33.4802    26.1367 0.0000e+00
 237.502202     78.000  34.486212     7.6157    3.20783     77.335    33.4812    26.1378 0.0000e+00
 237.502216     79.000  34.484128     7.6152    3.20831     78.326    33.4790    26.1362 0.0000e+00
 237.502230     80.000  34.485486     7.6162    3.20817     79.317    33.4790    26.1360 0.0000e+00
 237.502242     81.000  34.486132     7.6167    3.21058     80.308    33.4788    26.1358 0.0000e+00
 237.502257     82.000  34.486876     7.6168    3.20148     81.299    33.4790    26.1359 0.0000e+00
 237.502274     83.000  34.486665     7.6163    3.20918     82.291    33.4788    26.1358 0.0000e+00
 237.502292     84.000  34.484395     7.6119    3.19061     83.282    33.4801    26.1376 0.0000e+00
 237.502306     85.000  34.482009     7.6089    3.22201     84.273    33.4799    26.1378 0.0000e+00
 237.502319     86.000  34.481098     7.6077    3.22106     85.264    33.4796    26.1378 0.0000e+00
 237.502331     87.000  34.481239     7.6069    3.22605     86.256    33.4801    26.1383 0.0000e+00
 237.502348     88.000  34.480992     7.6084    3.23054     87.247    33.4779    26.1363 0.0000e+00
 237.502420     89.000  34.454630     7.6105    3.17729     88.238    33.4470    26.1118 0.0000e+00
