data/oxygen options/OCNMS/OCNMS2/raw_data/2004/CTD_CA45_102104faed.cnv
* Sea-Bird SBE19 Data File:
* FileName = C:\WINDOWS\Desktop\put hypoxia files here\CTD data\October 21-04\CA\Raw\CA45_102104.hex
* Software Version 1.1.4
* Temperature SN = 2997
* Conductivity SN = 2997
* System UpLoad Time = Oct 21 2004 14:39:35
* SEACAT PROFILER V3.1c SN 2997   10/21/04  14:44:32.773
* strain gauge pressure sensor: S/N = 184829,  range = 3000 psia,  tc = 40
# nquan = 9                                 
# nvalues = 591                         
# units = specified
# name 0 = timeJ: Julian Days
# name 1 = prSM: Pressure, Strain Gauge [db]
# name 2 = c0mS/cm: Conductivity [mS/cm]
# name 3 = t090C: Temperature [ITS-90, deg C]
# name 4 = oxML/L: Oxygen, Beckman/YSI [ml/l]
# name 5 = depSM: Depth [salt water, m], lat = 47.5
# name 6 = sal00: Salinity, Practical [PSU]
# name 7 = sigma-é00: Density [sigma-theta, kg/m^3]
# name 8 = flag: flag
# span 0 = 295.590995, 295.594410       
# span 1 =     -4.849,     44.596       
# span 2 =   0.783305,  37.038033       
# span 3 =    10.1988,    13.0855       
# span 4 =   -0.04679,   32.42797       
# span 5 =     -4.809,     44.219       
# span 6 =     0.5170,    32.5722       
# span 7 =    -0.1142,    25.0231       
# span 8 = 0.0000e+00, 0.0000e+00       
# interval = seconds: 0.5
# start_time = Oct 21 2004 14:11:02 [Instrument's time stamp, header]
# bad_flag = -9.990e-29
*END*
[from data line 481]
 295.593779     44.561  35.907974    10.2151    3.98516     44.184    32.5619    25.0136 -9.990e-29
 295.593785     44.526  35.909455    10.2148    3.98989     44.150    32.5637    25.0150 -9.990e-29
 295.593791     44.493  35.905109    10.2142    3.98516     44.117    32.5599    25.0121 -9.990e-29
 295.593796     44.463  35.898663    10.2145    3.97684     44.087    32.5531    25.0068 -9.990e-29
 295.593802     44.431  35.894220    10.2142    3.98255     44.055    32.5489    25.0036 -9.990e-29
 295.593808     44.381  35.892017    10.2128    3.98910     44.006    32.5480    25.0031 -9.990e-29
 295.593814     44.298  35.890604    10.2125    3.98635     43.924    32.5469    25.0022 -9.990e-29
 295.593819     44.173  35.890897    10.2155    4.00116     43.800    32.5445    24.9999 0.0000e+00
 295.593825     44.000  35.894780    10.2217    3.99261     43.628    32.5429    24.9976 0.0000e+00
 295.593831     43.779  35.901823    10.2361    3.98910     43.409    32.5372    24.9907 0.0000e+00
 295.593837     43.508  35.914128    10.2611    3.99624     43.140    32.5273    24.9788 0.0000e+00
 295.593843     43.198  35.931845    10.2839    3.99158     42.833    32.5248    24.9730 0.0000e+00
 295.593848     42.871  35.945519    10.2941    4.00148     42.509    32.5296    24.9750 0.0000e+00
 295.593854     42.533  35.949841    10.2988    3.98591     42.174    32.5299    24.9744 0.0000e+00
 295.593860     42.191  35.951140    10.3076    3.97795     41.835    32.5235    24.9679 0.0000e+00
 295.593866     41.843  35.956199    10.3185    3.99035     41.490    32.5189    24.9626 0.0000e+00
 295.593872     41.489  35.962792    10.3256    3.98622     41.139    32.5194    24.9617 0.0000e+00
 295.593877     41.127  35.966256    10.3286    3.99748     40.780    32.5203    24.9619 0.0000e+00
 295.593883     40.748  35.967290    10.3301    3.98787     40.404    32.5202    24.9615 0.0000e+00
 295.593889     40.340  35.967835    10.3327    3.97229     39.999    32.5186    24.9598 0.0000e+00
 295.593895     39.899  35.969179    10.3372    3.97249     39.562    32.5161    24.9571 0.0000e+00
 295.593900     39.431  35.971995    10.3416    3.97018     39.098    32.5152    24.9557 0.0000e+00
 295.593906     38.953  35.974432    10.3439    3.96598     38.624    32.5158    24.9557 0.0000e+00
 295.593912     38.483  35.975259    10.3450    3.95264     38.158    32.5158    24.9556 0.0000e+00
 295.593918     38.028  35.975582    10.3467    3.95100     37.707    32.5148    24.9545 0.0000e+00
 295.593924     37.590  35.976395    10.3495    3.95008     37.273    32.5133    24.9529 0.0000e+00
 295.593929     37.166  35.977664    10.3524    3.94112     36.852    32.5122    24.9515 0.0000e+00
 295.593935     36.761  35.978841    10.3549    3.95350     36.451    32.5113    24.9503 0.0000e+00
 295.593941     36.373  35.979814    10.3570    3.96913     36.066    32.5106    24.9494 0.0000e+00
 295.593947     35.991  35.980761    10.3600    3.98028     35.688    32.5090    24.9477 0.0000e+00
 295.593953     35.600  35.982387    10.3685    3.98219     35.300    32.5032    24.9417 0.0000e+00
 295.593958     35.186  35.986859    10.3907    3.96287     34.889    32.4880    24.9261 0.0000e+00
 295.593964     34.751  35.999022    10.4323    3.95785     34.458    32.4633    24.8997 0.0000e+00
 295.593970     34.303  36.022197    10.4811    3.95940     34.014    32.4432    24.8757 0.0000e+00
 295.593976     33.859  36.048603    10.5157    3.96357     33.574    32.4390    24.8666 0.0000e+00
 295.593981     33.428  36.065798    10.5313    3.97328     33.146    32.4425    24.8666 0.0000e+00
 295.593987     33.013  36.072050    10.5385    3.96358     32.735    32.4425    24.8654 0.0000e+00
 295.593993     32.608  36.073462    10.5471    3.97376     32.333    32.4364    24.8592 0.0000e+00
 295.593999     32.206  36.076405    10.5614    3.98336     31.935    32.4268    24.8492 0.0000e+00
 295.594005     31.798  36.084241    10.5796    3.99211     31.530    32.4187    24.8397 0.0000e+00
 295.594010     31.374  36.094524    10.5984    4.01853     31.110    32.4124    24.8316 0.0000e+00
 295.594016     30.926  36.104148    10.6207    4.03836     30.666    32.4024    24.8200 0.0000e+00
 295.594022     30.447  36.114735    10.6540    4.06382     30.191    32.3836    24.7996 0.0000e+00
 295.594028     29.939  36.130314    10.7021    4.08070     29.687    32.3567    24.7703 0.0000e+00
 295.594034     29.418  36.153156    10.7610    4.09423     29.170    32.3276    24.7374 0.0000e+00
 295.594039     28.897  36.181204    10.8208    4.10854     28.654    32.3028    24.7078 0.0000e+00
 295.594045     28.383  36.209253    10.8709    4.13366     28.144    32.2867    24.6865 0.0000e+00
 295.594051     27.886  36.232659    10.9078    4.17999     27.651    32.2776    24.6730 0.0000e+00
 295.594057     27.420  36.250124    10.9337    4.20871     27.189    32.2723    24.6643 0.0000e+00
 295.594063     26.987  36.263636    10.9561    4.22025     26.760    32.2662    24.6556 0.0000e+00
 295.594068     26.576  36.274958    10.9981    4.23592     26.353    32.2406    24.6283 0.0000e+00
 295.594074     26.177  36.294146    11.0690    4.24158     25.957    32.1975    24.5824 0.0000e+00
 295.594080     25.788  36.327720    11.1378    4.27305     25.571    32.1706    24.5492 0.0000e+00
 295.594086     25.408  36.357090    11.1848    4.31643     25.194    32.1586    24.5316 0.0000e+00
 295.594091     25.036  36.372089    11.2254    4.36223     24.826    32.1380    24.5084 0.0000e+00
 295.594097     24.656  36.386560    11.2704    4.43991     24.449    32.1132    24.4811 0.0000e+00
 295.594103     24.248  36.404105    11.3294    4.50729     24.044    32.0792    24.4441 0.0000e+00
 295.594109     23.804  36.424572    11.4198    4.59251     23.604    32.0210    24.3827 0.0000e+00
 295.594115     23.321  36.455068    11.5362    4.70428     23.125    31.9503    24.3068 0.0000e+00
 295.594120     22.802  36.491967    11.6597    4.81003     22.610    31.8801    24.2299 0.0000e+00
 295.594126     22.258  36.528969    11.7846    4.90874     22.071    31.8091    24.1521 0.0000e+00
 295.594132     21.696  36.566088    11.9148    4.97308     21.514    31.7341    24.0700 0.0000e+00
 295.594138     21.133  36.607419    12.0414    5.00546     20.956    31.6665    23.9942 0.0000e+00
 295.594144     20.588  36.652577    12.1363    5.04178     20.415    31.6298    23.9481 0.0000e+00
 295.594149     20.074  36.690018    12.1893    5.05786     19.905    31.6210    23.9314 0.0000e+00
 295.594155     19.601  36.713615    12.2262    5.09692     19.436    31.6127    23.9180 0.0000e+00
 295.594161     19.169  36.731298    12.2632    5.15201     19.008    31.5985    23.9002 0.0000e+00
 295.594167     18.759  36.748706    12.2867    5.20749     18.602    31.5955    23.8934 0.0000e+00
 295.594172     18.344  36.761577    12.2992    5.26942     18.190    31.5975    23.8926 0.0000e+00
 295.594178     17.908  36.770818    12.3346    5.31685     17.758    31.5766    23.8698 0.0000e+00
 295.594184     17.444  36.788752    12.4265    5.38976     17.298    31.5167    23.8060 0.0000e+00
 295.594190     16.948  36.835928    12.5620    5.47058     16.806    31.4483    23.7274 0.0000e+00
 295.594196     16.418  36.905711    12.6822    5.54482     16.280    31.4144    23.6783 0.0000e+00
 295.594201     15.860  36.955453    12.7556    5.63537     15.727    31.4005    23.6535 0.0000e+00
 295.594207     15.285  36.970753    12.7966    5.68754     15.157    31.3811    23.6306 0.0000e+00
 295.594213     14.707  36.968675    12.8269    5.72260     14.584    31.3542    23.6040 0.0000e+00
 295.594219     14.138  36.961042    12.8573    5.74399     14.020    31.3221    23.5732 0.0000e+00
 295.594225     13.588  36.954509    12.8830    5.75307     13.474    31.2949    23.5472 0.0000e+00
 295.594230     13.073  36.951026    12.8965    5.78912     12.963    31.2806    23.5336 0.0000e+00
 295.594236     12.600  36.949884    12.9022    5.80445     12.494    31.2750    23.5281 0.0000e+00
 295.594242     12.160  36.950691    12.9083    5.81292     12.058    31.2709    23.5237 0.0000e+00
 295.594248     11.729  36.950038    12.9149    5.82504     11.631    31.2650    23.5179 0.0000e+00
 295.594253     11.276  36.946496    12.9230    5.81650     11.182    31.2552    23.5087 0.0000e+00
 295.594259     10.788  36.941510    12.9338    5.85531     10.698    31.2418    23.4962 0.0000e+00
 295.594265     10.274  36.935164    12.9428    5.88096     10.188    31.2286    23.4843 0.0000e+00
 295.594271      9.747  36.927974    12.9461    5.90213      9.665    31.2193    23.4764 0.0000e+00
 295.594277      9.218  36.917089    12.9440    5.92372      9.141    31.2110    23.4704 0.0000e+00
 295.594282      8.687  36.899777    12.9384    5.92985      8.614    31.1995    23.4626 0.0000e+00
 295.594288      8.162  36.880999    12.9316    5.94471      8.094    31.1877    23.4548 0.0000e+00
 295.594294      7.662  36.867124    12.9261    5.95467      7.598    31.1794    23.4494 0.0000e+00
 295.594300      7.199  36.859843    12.9231    5.97407      7.139    31.1752    23.4467 0.0000e+00
 295.594306      6.763  36.856740    12.9222    5.99498      6.706    31.1732    23.4453 0.0000e+00
 295.594311      6.336  36.854237    12.9224    6.01985      6.283    31.1708    23.4434 0.0000e+00
 295.594317      5.903  36.851803    12.9252    6.04941      5.854    31.1664    23.4395 0.0000e+00
 295.594323      5.463  36.851801    12.9330    6.09748      5.417    31.1601    23.4331 0.0000e+00
 295.594329      5.023  36.856473    12.9452    6.14777      4.981    31.1547    23.4265 0.0000e+00
 295.594334      4.583  36.865881    12.9584    6.17243      4.545    31.1528    23.4225 0.0000e+00
 295.594340      4.150  36.876311    12.9724    6.19760      4.115    31.1513    23.4186 0.0000e+00
 295.594346      3.736  36.886532    12.9907    6.16057      3.705    31.1460    23.4110 0.0000e+00
 295.594352      3.340  36.901205    13.0128    6.05329      3.312    31.1417    23.4034 0.0000e+00
 295.594358      2.962  36.919151    13.0327 -9.990e-29      2.937    31.1424    23.4000 0.0000e+00
 295.594363      2.616  36.934018    13.0463 -9.990e-29      2.594    31.1453    23.3996 0.0000e+00
 295.594369      2.312  36.943204    13.0539 -9.990e-29      2.293    31.1478    23.4001 0.0000e+00
 295.594375      2.037  36.947186    13.0578 -9.990e-29      2.020    31.1484    23.3998 0.0000e+00
 295.594381      1.780  36.947912    13.0595 -9.990e-29      1.765    31.1478    23.3990 0.0000e+00
 295.594387      1.544  36.945228    13.0559 -9.990e-29      1.531    31.1483    23.4001 0.0000e+00
 295.594392      1.354  36.938361    13.0444 -9.990e-29      1.343    31.1514    23.4047 0.0000e+00
 295.594398      1.227  36.929936    13.0317 -9.990e-29      1.217    31.1540    23.4092 -9.990e-29
 295.594404      1.160  36.921621    13.0265 -9.990e-29      1.150    31.1505    23.4075 -9.990e-29
 295.594410      1.139  36.912422 -9.990e-29 -9.990e-29      1.129 -9.990e-29 -9.990e-29 -9.990e-29
