data/oxygen options/OCNMS/OCNMS2/raw_data/2004/CTD_CA40_061504faedb.cnv
* Sea-Bird SBE19 Data File:
* FileName = C:\WINDOWS\Desktop\put hypoxia files here\CTD files\CA\CA40061504.hex
* Software Version 1.1.4
* Temperature SN = 2997
* Conductivity SN = 2997
* System UpLoad Time = Jun 15 2004 12:15:50
** Cape Alava hypoxia CA4 40 m June 15, 2004
* SEACAT PROFILER V3.1c SN 2997   06/15/04  12:14:18.632
# nquan = 9
# nvalues = 33                          
# units = specified
# name 0 = timeJ: Julian Days
# name 1 = prSM: Pressure, Strain Gauge [db]
# name 2 = c0mS/cm: Conductivity [mS/cm]
# name 3 = t090C: Temperature [ITS-90, deg C]
# name 4 = oxML/L: Oxygen, Beckman/YSI [ml/l]
# name 5 = depSM: Depth [salt water, m], lat = 47.5
# name 6 = sal00: Salinity, Practical [PSU]
# name 7 = sigma-é00: Density [sigma-theta, kg/m^3]
# name 8 = flag: flag
# span 0 = 167.469233, 167.470019       
# span 1 =      2.000,     34.000       
# span 2 =  34.633082,  37.503323       
# span 3 =     8.4079,    13.2009       
# span 4 =    3.71543,    5.67938       
# span 5 =      1.983,     33.714       
# span 6 =    31.3834,    32.9072       
# span 7 =    23.5790,    25.5707       
# span 8 = 0.0000e+00, 0.0000e+00       
# interval = decibars: 1                
# start_time = Jun 15 2004 11:11:31 [Instrument's time stamp, header]
# bad_flag = -9.990e-29
*END*
 167.469233      2.000  37.503323    13.2009    5.67938      1.983    31.5511    23.6833 0.0000e+00
 167.469271      3.000  37.209567    13.0711    5.52601      2.975    31.3834    23.5790 0.0000e+00
 167.469394      4.000  37.225585    13.0035    5.63853      3.967    31.4537    23.6466 0.0000e+00
 167.469445      5.000  37.140287    12.8726    5.63051      4.958    31.4819    23.6937 0.0000e+00
 167.469465      6.000  37.081865    12.7757    5.59493      5.950    31.5071    23.7319 0.0000e+00
 167.469481      7.000  37.032049    12.6795    5.53132      6.942    31.5399    23.7757 0.0000e+00
 167.469496      8.000  36.984199    12.5995    5.45586      7.933    31.5612    23.8075 0.0000e+00
 167.469509      9.000  36.936837    12.5042    5.39016      8.925    31.5957    23.8524 0.0000e+00
 167.469523     10.000  36.893409    12.4434    5.29985      9.916    31.6051    23.8712 0.0000e+00
 167.469537     11.000  36.873854    12.4070    5.27391     10.908    31.6168    23.8871 0.0000e+00
 167.469553     12.000  36.851131    12.3536    5.22829     11.899    31.6397    23.9149 0.0000e+00
 167.469572     13.000  36.831139    12.2918    5.18289     12.891    31.6724    23.9519 0.0000e+00
 167.469591     14.000  36.775956    12.1978    5.14379     13.883    31.6987    23.9899 0.0000e+00
 167.469614     15.000  36.748262    12.1317    5.09664     14.874    31.7277    24.0247 0.0000e+00
 167.469638     16.000  36.690754    12.0518    5.03766     15.866    31.7399    24.0491 0.0000e+00
 167.469660     17.000  36.644865    11.9350    5.06083     16.857    31.7949    24.1133 0.0000e+00
 167.469682     18.000  36.571564    11.7829    4.88142     17.849    31.8537    24.1869 0.0000e+00
 167.469707     19.000  36.325896    11.1257    4.72922     18.841    32.1825    24.5602 0.0000e+00
 167.469735     20.000  36.042150    10.7241    4.68910     19.832    32.2538    24.6862 0.0000e+00
 167.469760     21.000  35.807940    10.1769    4.32468     20.824    32.5061    24.9757 0.0000e+00
 167.469782     22.000  35.299488     9.2212    4.04864     21.815    32.8545    25.4036 0.0000e+00
 167.469803     23.000  34.980252     8.8410    3.88439     22.807    32.8735    25.4783 0.0000e+00
 167.469824     24.000  34.847132     8.6803    3.85380     23.798    32.8829    25.5104 0.0000e+00
 167.469841     25.000  34.779122     8.6080    3.84363     24.790    32.8784    25.5179 0.0000e+00
 167.469859     26.000  34.737457     8.5655    3.83466     25.781    32.8738    25.5207 0.0000e+00
 167.469876     27.000  34.708383     8.5329    3.84185     26.773    32.8731    25.5251 0.0000e+00
 167.469896     28.000  34.695589     8.5280    3.82889     27.765    32.8637    25.5186 0.0000e+00
 167.469914     29.000  34.681842     8.4830    3.81636     28.756    32.8907    25.5465 0.0000e+00
 167.469933     30.000  34.649180     8.4500    3.80427     29.747    32.8866    25.5483 0.0000e+00
 167.469951     31.000  34.638374     8.4337    3.78226     30.739    32.8900    25.5534 0.0000e+00
 167.469969     32.000  34.633808     8.4181    3.76677     31.730    32.8993    25.5630 0.0000e+00
 167.469990     33.000  34.639787     8.4207    3.73524     32.722    32.9027    25.5653 0.0000e+00
 167.470019     34.000  34.633082     8.4079    3.71543     33.714    32.9072    25.5707 0.0000e+00
