data/oxygen options/OCNMS/OCNMS2/raw_data/2004/CTD_TH80_082404faed.cnv
* Sea-Bird SBE19 Data File:
* FileName = C:\WINDOWS\Desktop\put hypoxia files here\CTD data\August 24_25-04\TH\TH80_082404.hex
* Software Version 1.1.4
* Temperature SN = 2997
* Conductivity SN = 2997
* System UpLoad Time = Aug 24 2004 16:08:38
* SEACAT PROFILER V3.1c SN 2997   08/24/04  16:10:15.069
* strain gauge pressure sensor: S/N = 184829,  range = 3000 psia,  tc = 40
# nquan = 9                                 
# nvalues = 802                         
# units = specified
# name 0 = timeJ: Julian Days
# name 1 = prSM: Pressure, Strain Gauge [db]
# name 2 = c0mS/cm: Conductivity [mS/cm]
# name 3 = t090C: Temperature [ITS-90, deg C]
# name 4 = oxML/L: Oxygen, Beckman/YSI [ml/l]
# name 5 = depSM: Depth [salt water, m], lat = 47.5
# name 6 = sal00: Salinity, Practical [PSU]
# name 7 = sigma-é00: Density [sigma-theta, kg/m^3]
# name 8 = flag: flag
# span 0 = 237.585174, 237.589809       
# span 1 =     -5.130,     80.766       
# span 2 =   1.224727,  39.528377       
# span 3 =     7.3964,    15.0976       
# span 4 =   -0.04406,   30.15473       
# span 5 =     -5.087,     80.076       
# span 6 =     0.7646,    33.6002       
# span 7 =    -0.3220,    26.2615       
# span 8 = 0.0000e+00, 0.0000e+00       
# interval = seconds: 0.5
# start_time = Aug 24 2004 14:02:39 [Instrument's time stamp, header]
# bad_flag = -9.990e-29
*END*
[from data line 641]
 237.588883     70.470  34.394103     7.4036    3.29030     69.870    33.5901    26.2533 0.0000e+00
 237.588889     70.040  34.393535     7.4038    3.27790     69.444    33.5895    26.2528 0.0000e+00
 237.588895     69.598  34.393081     7.4035    3.28065     69.005    33.5895    26.2529 0.0000e+00
 237.588900     69.157  34.392703     7.4032    3.28454     68.568    33.5896    26.2530 0.0000e+00
 237.588906     68.723  34.392464     7.4031    3.29035     68.138    33.5897    26.2530 0.0000e+00
 237.588912     68.291  34.392617     7.4031    3.28471     67.710    33.5900    26.2533 0.0000e+00
 237.588918     67.855  34.392812     7.4031    3.28660     67.278    33.5905    26.2536 0.0000e+00
 237.588924     67.412  34.392753     7.4032    3.28825     66.838    33.5905    26.2536 0.0000e+00
 237.588929     66.956  34.392370     7.4033    3.29014     66.386    33.5902    26.2534 0.0000e+00
 237.588935     66.483  34.391719     7.4035    3.29277     65.918    33.5896    26.2528 0.0000e+00
 237.588941     66.007  34.391061     7.4036    3.27956     65.446    33.5890    26.2523 0.0000e+00
 237.588947     65.539  34.390646     7.4034    3.27827     64.982    33.5889    26.2523 0.0000e+00
 237.588953     65.081  34.390491     7.4032    3.28614     64.528    33.5892    26.2526 0.0000e+00
 237.588958     64.628  34.390397     7.4029    3.28993     64.079    33.5896    26.2529 0.0000e+00
 237.588964     64.174  34.390245     7.4024    3.29431     63.629    33.5901    26.2534 0.0000e+00
 237.588970     63.710  34.389840     7.4021    3.29191     63.169    33.5902    26.2535 0.0000e+00
 237.588976     63.242  34.389209     7.4021    3.28776     62.705    33.5897    26.2531 0.0000e+00
 237.588981     62.783  34.388640     7.4020    3.28769     62.250    33.5894    26.2529 0.0000e+00
 237.588987     62.338  34.388501     7.4020    3.28669     61.808    33.5895    26.2529 0.0000e+00
 237.588993     61.899  34.388617     7.4021    3.29541     61.373    33.5897    26.2531 0.0000e+00
 237.588999     61.457  34.388587     7.4019    3.28921     60.935    33.5901    26.2534 0.0000e+00
 237.589005     61.000  34.388379     7.4016    3.27825     60.482    33.5904    26.2537 0.0000e+00
 237.589010     60.525  34.387720     7.4014    3.29112     60.011    33.5901    26.2535 0.0000e+00
 237.589016     60.040  34.386862     7.4014    3.29296     59.530    33.5894    26.2529 0.0000e+00
 237.589022     59.553  34.386349     7.4013    3.30017     59.047    33.5892    26.2528 0.0000e+00
 237.589028     59.072  34.386066     7.4008    3.29166     58.571    33.5896    26.2531 0.0000e+00
 237.589034     58.609  34.385643     7.4004    3.28069     58.112    33.5898    26.2533 0.0000e+00
 237.589039     58.168  34.385087     7.4003    3.28952     57.674    33.5895    26.2531 0.0000e+00
 237.589045     57.748  34.384783     7.4005    3.28441     57.258    33.5891    26.2528 0.0000e+00
 237.589051     57.347  34.384894     7.4007    3.28686     56.860    33.5893    26.2529 0.0000e+00
 237.589057     56.957  34.385016     7.4008    3.28471     56.474    33.5895    26.2530 0.0000e+00
 237.589063     56.557  34.384755     7.4005    3.29145     56.077    33.5897    26.2532 0.0000e+00
 237.589068     56.132  34.384330     7.3997    3.31442     55.656    33.5902    26.2537 0.0000e+00
 237.589074     55.682  34.383741     7.3991    3.31834     55.210    33.5904    26.2539 0.0000e+00
 237.589080     55.224  34.382771     7.3989    3.30787     54.756    33.5897    26.2535 0.0000e+00
 237.589086     54.767  34.381816     7.3988    3.29778     54.303    33.5890    26.2529 0.0000e+00
 237.589091     54.314  34.381294     7.3988    3.29858     53.854    33.5887    26.2526 0.0000e+00
 237.589097     53.869  34.381075     7.3988    3.31149     53.412    33.5886    26.2526 0.0000e+00
 237.589103     53.423  34.380876     7.3988    3.31766     52.970    33.5886    26.2526 0.0000e+00
 237.589109     52.971  34.380438     7.3988    3.32506     52.522    33.5884    26.2524 0.0000e+00
 237.589115     52.512  34.379182     7.3985    3.33761     52.067    33.5875    26.2517 0.0000e+00
 237.589120     52.053  34.377122     7.3980    3.34635     51.612    33.5860    26.2506 0.0000e+00
 237.589126     51.598  34.375444     7.3977    3.35522     51.161    33.5847    26.2496 0.0000e+00
 237.589132     51.149  34.374721     7.3977    3.35854     50.716    33.5841    26.2492 0.0000e+00
 237.589138     50.698  34.374557     7.3979    3.36890     50.269    33.5840    26.2490 0.0000e+00
 237.589144     50.235  34.374179     7.3977    3.39366     49.810    33.5840    26.2490 0.0000e+00
 237.589149     49.749  34.371969     7.3971    3.43000     49.328    33.5824    26.2479 0.0000e+00
 237.589155     49.246  34.366669     7.3972    3.46543     48.829    33.5768    26.2434 0.0000e+00
 237.589161     48.737  34.357945     7.3982    3.50360     48.325    33.5666    26.2353 0.0000e+00
 237.589167     48.230  34.347625     7.3993    3.54737     47.822    33.5546    26.2257 0.0000e+00
 237.589172     47.738  34.341015     7.3995    3.57199     47.334    33.5474    26.2200 0.0000e+00
 237.589178     47.263  34.340518     7.3991    3.58977     46.863    33.5475    26.2201 0.0000e+00
 237.589184     46.800  34.342117     7.3988    3.60157     46.404    33.5498    26.2219 0.0000e+00
 237.589190     46.347  34.342908     7.3990    3.63089     45.955    33.5506    26.2226 0.0000e+00
 237.589196     45.895  34.341151     7.4004    3.66232     45.507    33.5476    26.2200 0.0000e+00
 237.589201     45.437  34.333948     7.4026    3.67938     45.053    33.5379    26.2120 0.0000e+00
 237.589207     44.975  34.324034     7.4051    3.70803     44.595    33.5249    26.2015 0.0000e+00
 237.589213     44.513  34.316133     7.4071    3.73970     44.137    33.5146    26.1931 0.0000e+00
 237.589219     44.059  34.311487     7.4083    3.77863     43.687    33.5087    26.1882 0.0000e+00
 237.589225     43.621  34.309517     7.4091    3.80749     43.252    33.5060    26.1860 0.0000e+00
 237.589230     43.186  34.308162     7.4103    3.82599     42.821    33.5035    26.1839 0.0000e+00
 237.589236     42.741  34.306746     7.4134    3.85297     42.380    33.4992    26.1801 0.0000e+00
 237.589242     42.274  34.306189     7.4214    3.88231     41.917    33.4911    26.1726 0.0000e+00
 237.589248     41.780  34.306876     7.4408    3.89747     41.427    33.4733    26.1559 0.0000e+00
 237.589253     41.268  34.311409     7.4727    3.90151     40.919    33.4477    26.1312 0.0000e+00
 237.589259     40.747  34.321919     7.5022    3.91181     40.403    33.4309    26.1138 0.0000e+00
 237.589265     40.232  34.331131     7.5158    3.92317     39.892    33.4280    26.1096 0.0000e+00
 237.589271     39.741  34.332287     7.5182    3.93027     39.406    33.4272    26.1086 0.0000e+00
 237.589277     39.285  34.330307     7.5189    3.94131     38.953    33.4246    26.1065 0.0000e+00
 237.589282     38.858  34.330405     7.5217    3.96314     38.530    33.4222    26.1042 0.0000e+00
 237.589288     38.440  34.332159     7.5293    3.97509     38.116    33.4170    26.0990 0.0000e+00
 237.589294     38.014  34.335672     7.5454    3.96455     37.693    33.4055    26.0877 0.0000e+00
 237.589300     37.566  34.345072     7.5743    3.94451     37.249    33.3881    26.0699 0.0000e+00
 237.589306     37.088  34.365053     7.6161    3.91565     36.775    33.3697    26.0495 0.0000e+00
 237.589311     36.580  34.393680     7.6593    3.88839     36.271    33.3593    26.0352 0.0000e+00
 237.589317     36.052  34.421494     7.6955    3.88377     35.748    33.3548    26.0265 0.0000e+00
 237.589323     35.519  34.441878     7.7285    3.88134     35.220    33.3454    26.0143 0.0000e+00
 237.589329     34.984  34.457364     7.7598    3.89296     34.689    33.3323    25.9996 0.0000e+00
 237.589334     34.449  34.469558     7.7859    3.90774     34.159    33.3207    25.9867 0.0000e+00
 237.589340     33.912  34.475113     7.8112    3.94211     33.626    33.3028    25.9689 0.0000e+00
 237.589346     33.375  34.476966     7.8428    3.98343     33.094    33.2749    25.9424 0.0000e+00
 237.589352     32.838  34.482641     7.8778    4.02366     32.561    33.2478    25.9162 0.0000e+00
 237.589358     32.300  34.492430     7.9123    4.05624     32.028    33.2257    25.8938 0.0000e+00
 237.589363     31.758  34.505947     7.9484    4.06227     31.491    33.2061    25.8731 0.0000e+00
 237.589369     31.207  34.526095     7.9924    4.05941     30.944    33.1861    25.8510 0.0000e+00
 237.589375     30.654  34.551730     8.0476    4.02773     30.396    33.1614    25.8235 0.0000e+00
 237.589381     30.117  34.581170     8.1051    4.01160     29.863    33.1386    25.7972 0.0000e+00
 237.589387     29.608  34.613315     8.1429    4.00482     29.359    33.1373    25.7906 0.0000e+00
 237.589392     29.138  34.637228     8.1435    3.99455     28.893    33.1624    25.8101 0.0000e+00
 237.589398     28.714  34.636603     8.1283    4.01002     28.472    33.1763    25.8233 0.0000e+00
 237.589404     28.328  34.622949     8.1333    4.01339     28.090    33.1572    25.8076 0.0000e+00
 237.589410     27.956  34.624581     8.1502    4.02959     27.721    33.1431    25.7941 0.0000e+00
 237.589416     27.576  34.635260     8.1615    4.05026     27.344    33.1440    25.7930 0.0000e+00
 237.589421     27.171  34.638959     8.1903    4.04779     26.942    33.1209    25.7707 0.0000e+00
 237.589427     26.721  34.651827     8.2558    4.05098     26.496    33.0730    25.7234 0.0000e+00
 237.589433     26.226  34.684854     8.3423    4.04112     26.005    33.0269    25.6743 0.0000e+00
 237.589439     25.696  34.723228     8.4262    4.04941     25.480    32.9890    25.6320 0.0000e+00
 237.589444     25.157  34.755351     8.4891    4.06619     24.946    32.9642    25.6031 0.0000e+00
 237.589450     24.639  34.776988     8.5208    4.09594     24.432    32.9576    25.5932 0.0000e+00
 237.589456     24.156  34.786181     8.5270    4.09338     23.953    32.9617    25.5955 0.0000e+00
 237.589462     23.704  34.786792     8.5249    4.06614     23.505    32.9645    25.5980 0.0000e+00
 237.589468     23.271  34.785809     8.5372    4.06203     23.075    32.9522    25.5864 0.0000e+00
 237.589473     22.850  34.793129     8.5750    4.07801     22.658    32.9248    25.5592 0.0000e+00
 237.589479     22.446  34.810665     8.6172    4.11666     22.257    32.9041    25.5366 0.0000e+00
 237.589485     22.057  34.824808     8.6453    4.17663     21.872    32.8930    25.5236 0.0000e+00
 237.589491     21.673  34.829759     8.6663    4.23259     21.491    32.8788    25.5093 0.0000e+00
 237.589497     21.282  34.833811     8.6982    4.27242     21.103    32.8536    25.4846 0.0000e+00
 237.589502     20.879  34.847975     8.7753    4.30476     20.704    32.7971    25.4286 0.0000e+00
 237.589508     20.471  34.900108     8.9266    4.33843     20.299    32.7120    25.3386 0.0000e+00
 237.589514     20.055  35.020488     9.1177    4.39136     19.887    32.6615    25.2693 0.0000e+00
 237.589520     19.624  35.177364     9.2762    4.43874     19.459    32.6788    25.2578 0.0000e+00
 237.589525     19.175  35.300774     9.3736    4.48944     19.014    32.7171    25.2722 0.0000e+00
 237.589531     18.714  35.365270     9.4280    4.53119     18.557    32.7339    25.2767 0.0000e+00
 237.589537     18.241  35.386243     9.4659    4.56856     18.088    32.7210    25.2605 0.0000e+00
 237.589543     17.753  35.386627     9.5098    4.60445     17.604    32.6816    25.2226 0.0000e+00
 237.589549     17.253  35.392727     9.5650    4.63037     17.108    32.6378    25.1795 0.0000e+00
 237.589554     16.748  35.418290     9.6191    4.65901     16.608    32.6150    25.1529 0.0000e+00
 237.589560     16.234  35.450879     9.6705    4.68551     16.098    32.6019    25.1343 0.0000e+00
 237.589566     15.706  35.484066     9.7355    4.70241     15.574    32.5771    25.1043 0.0000e+00
 237.589572     15.156  35.531837     9.8224    4.76971     15.029    32.5474    25.0669 0.0000e+00
 237.589578     14.578  35.601276     9.9143    4.83769     14.456    32.5353    25.0424 0.0000e+00
 237.589583     13.970  35.675660     9.9839    4.86888     13.853    32.5483    25.0410 0.0000e+00
 237.589589     13.332  35.730850    10.0308    4.89711     13.220    32.5623    25.0441 0.0000e+00
 237.589595     12.671  35.767009    10.0930    4.88317     12.565    32.5432    25.0188 0.0000e+00
 237.589601     12.000  35.813304    10.1997    4.88652     11.900    32.4944    24.9629 0.0000e+00
 237.589606     11.341  35.895026    10.3304    4.96960     11.246    32.4600    24.9140 0.0000e+00
 237.589612     10.712  36.000611    10.4421    5.08781     10.622    32.4665    24.9001 0.0000e+00
 237.589618     10.120  36.091457    10.5019    5.20386     10.035    32.5044    24.9194 0.0000e+00
 237.589624      9.565  36.137903    10.5200    5.28319      9.485    32.5350    24.9401 0.0000e+00
 237.589630      9.035  36.144150    10.5798    5.38568      8.959    32.4881    24.8933 0.0000e+00
 237.589635      8.504  36.172922    10.7685    5.54515      8.433    32.3495    24.7528 0.0000e+00
 237.589641      7.960  36.310793    11.0815    5.70415      7.893    32.2107    24.5900 0.0000e+00
 237.589647      7.414  36.556568    11.4270    5.89950      7.352    32.1506    24.4817 0.0000e+00
 237.589653      6.893  36.819135    11.6711    6.12332      6.835    32.1948    24.4719 0.0000e+00
 237.589659      6.415  36.986050    11.7786    6.19991      6.361    32.2639    24.5058 0.0000e+00
 237.589664      5.984  37.051156    11.8627    6.26023      5.934    32.2542    24.4828 0.0000e+00
 237.589670      5.593  37.125979    12.0387    6.30818      5.546    32.1745    24.3884 0.0000e+00
 237.589676      5.240  37.304684    12.3021    6.27889      5.196    32.1199    24.2967 0.0000e+00
 237.589682      4.927  37.576551    12.4596    6.31846      4.886    32.2450    24.3638 0.0000e+00
 237.589688      4.656  37.705147    12.4292    6.36913      4.617    32.3942    24.4852 0.0000e+00
 237.589693      4.423  37.614675    12.4197    6.43928      4.386    32.3159    24.4264 0.0000e+00
 237.589699      4.221  37.585539    12.5304    6.64738      4.186    32.1932    24.3101 0.0000e+00
 237.589705      4.042  37.689353    12.6569    6.93830      4.008    32.1839    24.2787 0.0000e+00
 237.589711      3.871  37.788039    12.7561    7.15929      3.839    32.1929    24.2666 0.0000e+00
 237.589716      3.691  37.870762    12.8951    7.34586      3.660    32.1529    24.2087 0.0000e+00
 237.589722      3.492  38.001853    13.2184    7.53397      3.463    32.0029    24.0293 0.0000e+00
 237.589728      3.269  38.308437    13.7289    7.68504      3.242    31.8615    23.8181 0.0000e+00
 237.589734      3.030  38.761783    14.1576    7.82992      3.005    31.9237    23.7786 0.0000e+00
 237.589740      2.777  39.082958    14.3559    7.84189      2.754    32.0536    23.8377 0.0000e+00
 237.589745      2.506  39.188745    14.4407    7.45043      2.485    32.0800    23.8404 0.0000e+00
 237.589751      2.227  39.227579    14.5144    7.25174      2.208    32.0545    23.8053 0.0000e+00
 237.589757      1.955  39.280429    14.5686 -9.990e-29      1.939    32.0579    23.7965 0.0000e+00
 237.589763      1.703  39.316788    14.5898 -9.990e-29      1.689    32.0736    23.8041 0.0000e+00
 237.589769      1.477  39.317832    14.5920 -9.990e-29      1.465    32.0728    23.8030 0.0000e+00
 237.589774      1.280  39.307406    14.5782 -9.990e-29      1.269    32.0748    23.8075 0.0000e+00
 237.589780      1.111  39.286758    14.5373 -9.990e-29      1.102    32.0899    23.8277 0.0000e+00
 237.589786      0.968  39.246309    14.4705 -9.990e-29      0.960    32.1084    23.8560 -9.990e-29
 237.589792      0.856  39.194400    14.4004 -9.990e-29      0.849    32.1192    23.8790 -9.990e-29
 237.589797      0.780  39.136984    14.3393 -9.990e-29      0.773    32.1175    23.8904 -9.990e-29
