data/oxygen options/OCNMS/OCNMS2/raw_data/2004/CTD_CE90_061604faed.cnv
* Sea-Bird SBE19 Data File:
* FileName = C:\WINDOWS\Desktop\put hypoxia files here\CTD files\CE\CE90m061604.hex
* Software Version 1.1.4
* Temperature SN = 2997
* Conductivity SN = 2997
* System UpLoad Time = Jun 16 2004 11:38:31
** Cape Elizabeth hypoxia June 16, 2004 90m CE-9
* SEACAT PROFILER V3.1c SN 2997   06/16/04  11:42:45.855
# nquan = 9                                 
# nvalues = 970                         
# units = specified
# name 0 = timeJ: Julian Days
# name 1 = prSM: Pressure, Strain Gauge [db]
# name 2 = c0mS/cm: Conductivity [mS/cm]
# name 3 = t090C: Temperature [ITS-90, deg C]
# name 4 = oxML/L: Oxygen, Beckman/YSI [ml/l]
# name 5 = depSM: Depth [salt water, m], lat = 47.5
# name 6 = sal00: Salinity, Practical [PSU]
# name 7 = sigma-é00: Density [sigma-theta, kg/m^3]
# name 8 = flag: flag
# span 0 = 168.456968, 168.462575       
# span 1 =     -5.468,     92.865       
# span 2 =   0.490001,  37.842082       
# span 3 =     7.0917,    15.1338       
# span 4 =  -11.94196,   31.07229       
# span 5 =     -5.422,     92.069       
# span 6 =     0.3061,    33.8716       
# span 7 =    -0.4723,    26.5185       
# span 8 = 0.0000e+00, 0.0000e+00       
# interval = seconds: 0.5
# start_time = Jun 16 2004 10:58:02 [Instrument's time stamp, header]
# bad_flag = -9.990e-29
*END*
[from data line 161]
 168.457899     -0.580  37.022143    14.1914    5.90369     -0.575    30.3086    22.5259 -9.990e-29
 168.457905     -0.557  37.025315    14.1873    5.90197     -0.552    30.3147    22.5314 -9.990e-29
 168.457911     -0.535  37.020600    14.1782    5.90417     -0.531    30.3175    22.5355 -9.990e-29
 168.457917     -0.519  37.013499    14.1708    5.90932     -0.515    30.3169    22.5365 -9.990e-29
 168.457922     -0.503  37.009132    14.1673    5.91671     -0.499    30.3156    22.5363 -9.990e-29
 168.457928     -0.482  37.007291    14.1672    5.94338     -0.478    30.3140    22.5350 -9.990e-29
 168.457934     -0.458  37.006652    14.1693    5.96370     -0.454    30.3118    22.5329 -9.990e-29
 168.457940     -0.439  37.006929    14.1729    5.97325     -0.435    30.3092    22.5302 -9.990e-29
 168.457946     -0.427  37.009061    14.1821    5.94842     -0.423    30.3039    22.5242 -9.990e-29
 168.457951     -0.423  37.016460    14.2061    5.90938     -0.419    30.2918    22.5100 -9.990e-29
 168.457957     -0.425  37.036754    14.2407    5.89936     -0.421    30.2832    22.4963 -9.990e-29
 168.457963     -0.429  37.068406    14.2581    5.90492     -0.425    30.2983    22.5044 -9.990e-29
 168.457969     -0.432  37.086325    14.2438    5.91359     -0.428    30.3258    22.5285 -9.990e-29
 168.457975     -0.438  37.074035    14.2196    5.92196     -0.434    30.3336    22.5395 -9.990e-29
 168.457980     -0.448  37.050498    14.2104    5.93601     -0.444    30.3194    22.5304 -9.990e-29
 168.457986     -0.452  37.041545    14.2152    5.93451     -0.448    30.3075    22.5202 -9.990e-29
 168.457992     -0.452  37.045337    14.2230    5.94759     -0.448    30.3048    22.5166 -9.990e-29
 168.457998     -0.453  37.050108    14.2328    5.96640     -0.449    30.3015    22.5120 -9.990e-29
 168.458003     -0.449  37.059426    14.2398    5.96353     -0.445    30.3045    22.5129 -9.990e-29
 168.458009     -0.436  37.067775    14.2427    5.92883     -0.432    30.3098    22.5164 -9.990e-29
 168.458015     -0.413  37.070031    14.2538    5.90720     -0.410    30.3031    22.5090 -9.990e-29
 168.458021     -0.383  37.075943    14.2777    5.91767     -0.380    30.2897    22.4938 -9.990e-29
 168.458027     -0.354  37.092838    14.2841    5.92756     -0.351    30.3001    22.5005 -9.990e-29
 168.458032     -0.326  37.098942    14.2521    5.91800     -0.323    30.3307    22.5306 -9.990e-29
 168.458038     -0.304  37.072120    14.2227    5.85762     -0.301    30.3294    22.5356 -9.990e-29
 168.458044     -0.289  37.046730    14.2231    5.83410     -0.287    30.3060    22.5175 -9.990e-29
 168.458050     -0.277  37.050054    14.2310    5.85490     -0.275    30.3028    22.5134 -9.990e-29
 168.458056     -0.262  37.062968    14.2241    5.90322     -0.260    30.3199    22.5280 -9.990e-29
 168.458061     -0.243  37.061195    14.2018    6.01095     -0.241    30.3358    22.5448 -9.990e-29
 168.458067     -0.220  37.044626    14.1839    6.08643     -0.218    30.3348    22.5477 -9.990e-29
 168.458073     -0.195  37.033805    14.1985    6.09890     -0.193    30.3135    22.5283 -9.990e-29
 168.458079     -0.175  37.047958    14.2598    6.07255     -0.174    30.2783    22.4886 -9.990e-29
 168.458084     -0.162  37.095859    14.3664    5.97512     -0.161    30.2384    22.4361 -9.990e-29
 168.458090     -0.158  37.181932    14.4825    5.91717     -0.157    30.2257    22.4024 -9.990e-29
 168.458096     -0.155  37.279050    14.5435    5.88396     -0.154    30.2658    22.4208 -9.990e-29
 168.458102     -0.151  37.325465    14.5324    5.85069     -0.150    30.3164    22.4620 -9.990e-29
 168.458108     -0.145  37.307377    14.4667    5.83866     -0.144    30.3514    22.5025 -9.990e-29
 168.458113     -0.137  37.237707    14.3777    5.84886     -0.136    30.3580    22.5260 -9.990e-29
 168.458119     -0.130  37.147528    14.3047    5.88579     -0.129    30.3335    22.5220 -9.990e-29
 168.458125     -0.124  37.092154    14.2448    5.94541     -0.123    30.3302    22.5317 -9.990e-29
 168.458131     -0.114  37.063369    14.1947    5.97013     -0.113    30.3433    22.5520 -9.990e-29
 168.458137     -0.104  37.037934    14.1760    5.95704     -0.103    30.3349    22.5493 -9.990e-29
 168.458142     -0.098  37.027926    14.1990    5.91504     -0.097    30.3077    22.5237 -9.990e-29
 168.458148     -0.094  37.041313    14.2489    5.93144     -0.093    30.2807    22.4928 -9.990e-29
 168.458154     -0.094  37.071267    14.2943    5.98379     -0.093    30.2724    22.4771 -9.990e-29
 168.458160     -0.092  37.099968    14.3101    6.00491     -0.091    30.2861    22.4844 -9.990e-29
 168.458166     -0.085  37.113542    14.3090    6.01782     -0.084    30.2993    22.4947 -9.990e-29
 168.458171     -0.076  37.121132    14.3282    5.99326     -0.075    30.2911    22.4845 -9.990e-29
 168.458177     -0.068  37.139598    14.3668    5.93717     -0.067    30.2776    22.4663 -9.990e-29
 168.458183     -0.062  37.163838    14.4027    5.88092     -0.061    30.2715    22.4542 -9.990e-29
 168.458189     -0.057  37.190844    14.4298    5.86860     -0.057    30.2748    22.4511 -9.990e-29
 168.458194     -0.052  37.226915    14.4285    5.87014     -0.052    30.3085    22.4773 -9.990e-29
 168.458200     -0.048  37.242193    14.3721    5.86537     -0.048    30.3665    22.5336 -9.990e-29
 168.458206     -0.043  37.193121    14.2922    5.88619     -0.043    30.3847    22.5640 -9.990e-29
 168.458212     -0.039  37.114121    14.2481    5.91107     -0.039    30.3475    22.5444 -9.990e-29
 168.458218     -0.033  37.068125    14.2368    5.93554     -0.033    30.3146    22.5213 -9.990e-29
 168.458223     -0.027  37.055488    14.2276    5.94983     -0.027    30.3103    22.5199 -9.990e-29
 168.458229     -0.019  37.054315    14.2299    5.97292     -0.019    30.3074    22.5172 -9.990e-29
 168.458235     -0.010  37.066418    14.2556    5.98262     -0.010    30.2983    22.5049 -9.990e-29
 168.458241      0.002  37.093917    14.2910    5.95838      0.002    30.2955    22.4955 -9.990e-29
 168.458247      0.017  37.120200    14.3366    5.97787      0.017    30.2837    22.4771 -9.990e-29
 168.458252      0.036  37.153961    14.3889    6.01093      0.036    30.2733    22.4584 -9.990e-29
 168.458258      0.057  37.198161    14.4194    6.01733      0.057    30.2895    22.4646 -9.990e-29
 168.458264      0.071  37.221446    14.4188    5.99179      0.070    30.3111    22.4813 -9.990e-29
 168.458270      0.075  37.217301    14.4339    5.92447      0.074    30.2955    22.4662 -9.990e-29
 168.458275      0.075  37.235180    14.4893    5.84563      0.074    30.2684    22.4339 -9.990e-29
 168.458281      0.078  37.292194    14.5264    5.83698      0.077    30.2910    22.4437 -9.990e-29
 168.458287      0.084  37.327509    14.5153    5.91780      0.083    30.3315    22.4772 -9.990e-29
 168.458293      0.091  37.329900    14.4609    6.01717      0.090    30.3762    22.5229 -9.990e-29
 168.458299      0.102  37.289672    14.3814    6.08321      0.101    30.4021    22.5592 -9.990e-29
 168.458304      0.119  37.210406    14.3465    6.08198      0.118    30.3577    22.5321 -9.990e-29
 168.458310      0.133  37.179359    14.4020    6.01021      0.132    30.2861    22.4655 -9.990e-29
 168.458316      0.142  37.238698    14.5044    5.93863      0.141    30.2598    22.4242 -9.990e-29
 168.458322      0.146  37.337409    14.5743    5.89201      0.145    30.2944    22.4364 -9.990e-29
 168.458328      0.145  37.391177    14.5830    5.84900      0.144    30.3361    22.4667 -9.990e-29
 168.458333      0.144  37.376934    14.5358    5.81595      0.143    30.3601    22.4950 -9.990e-29
 168.458339      0.146  37.318345    14.4608    5.84049      0.145    30.3658    22.5149 -9.990e-29
 168.458345      0.148  37.246117    14.3902    5.91489      0.147    30.3558    22.5217 -9.990e-29
 168.458351      0.149  37.181732    14.3203    6.02649      0.148    30.3522    22.5332 -9.990e-29
 168.458356      0.159  37.120107    14.2542    6.11186      0.158    30.3481    22.5436 -9.990e-29
 168.458362      0.177  37.069375    14.2239    6.10221      0.176    30.3258    22.5326 -9.990e-29
 168.458368      0.197  37.053313    14.2552    5.98615      0.195    30.2866    22.4960 -9.990e-29
 168.458374      0.215  37.092005    14.3408    5.87064      0.213    30.2547    22.4539 -9.990e-29
 168.458380      0.238  37.157392    14.4347    5.81499      0.236    30.2406    22.4238 -9.990e-29
 168.458385      0.265  37.183925    14.4577    5.81996      0.263    30.2467    22.4237 -9.990e-29
 168.458391      0.287  37.162708    14.3766    5.87844      0.285    30.2908    22.4744 -9.990e-29
 168.458397      0.300  37.116337    14.2689    5.93718      0.297    30.3331    22.5290 -9.990e-29
 168.458403      0.310  37.063758    14.2058    5.97875      0.307    30.3348    22.5432 -9.990e-29
 168.458409      0.317  37.031127    14.1820    5.98822      0.314    30.3238    22.5396 -9.990e-29
 168.458414      0.325  37.019226    14.1828    5.95217      0.322    30.3123    22.5306 -9.990e-29
 168.458420      0.336  37.021160    14.2023    5.88884      0.333    30.2988    22.5162 -9.990e-29
 168.458426      0.341  37.038949    14.2272    5.86798      0.338    30.2954    22.5085 -9.990e-29
 168.458432      0.341  37.067152    14.2395    5.87542      0.338    30.3114    22.5183 -9.990e-29
 168.458438      0.344  37.083369    14.2275    5.89562      0.341    30.3356    22.5394 -9.990e-29
 168.458443      0.351  37.069411    14.2003    5.94550      0.348    30.3443    22.5516 -9.990e-29
 168.458449      0.353  37.040892    14.1784    6.00783      0.350    30.3355    22.5493 -9.990e-29
 168.458455      0.351  37.021486    14.1724    6.02708      0.348    30.3226    22.5406 -9.990e-29
 168.458461      0.352  37.017847    14.1877    5.99789      0.349    30.3072    22.5257 -9.990e-29
 168.458466      0.362  37.034101    14.2462    5.96139      0.359    30.2761    22.4898 -9.990e-29
 168.458472      0.377  37.093044    14.3410    5.92262      0.374    30.2555    22.4545 -9.990e-29
 168.458478      0.389  37.178481    14.4026    5.94309      0.386    30.2847    22.4644 -9.990e-29
 168.458484      0.398  37.214764    14.4054    5.98521      0.395    30.3154    22.4874 -9.990e-29
 168.458490      0.411  37.199259    14.3938    6.02400      0.408    30.3104    22.4860 -9.990e-29
 168.458495      0.422  37.189836    14.3943    6.05473      0.418    30.3015    22.4790 -9.990e-29
 168.458501      0.429  37.196367    14.4081    6.05035      0.425    30.2966    22.4724 -9.990e-29
 168.458507      0.432  37.210174    14.4365    6.00350      0.428    30.2869    22.4591 -9.990e-29
 168.458513      0.436  37.232285    14.4762    5.92864      0.432    30.2759    22.4424 -9.990e-29
 168.458519      0.444  37.263021    14.5122    5.85272      0.440    30.2756    22.4347 -9.990e-29
 168.458524      0.454  37.292896    14.5233    5.83366      0.450    30.2939    22.4466 -9.990e-29
 168.458530      0.462  37.302861    14.4875    5.82512      0.458    30.3308    22.4824 -9.990e-29
 168.458536      0.468  37.263025    14.4021    5.84871      0.464    30.3616    22.5237 -9.990e-29
 168.458542      0.472  37.171887    14.3053    5.91565      0.468    30.3549    22.5384 -9.990e-29
 168.458547      0.475  37.090221    14.2371    5.97329      0.471    30.3342    22.5364 -9.990e-29
 168.458553      0.478  37.049349    14.2039    6.01274      0.474    30.3231    22.5346 -9.990e-29
 168.458559      0.479  37.033461    14.2044    6.03881      0.475    30.3083    22.5231 -9.990e-29
 168.458565      0.479  37.040999    14.2547    6.02430      0.475    30.2757    22.4877 -9.990e-29
 168.458571      0.479  37.092109    14.3317    6.00670      0.475    30.2618    22.4613 -9.990e-29
 168.458576      0.478  37.162958    14.3927    5.98685      0.474    30.2784    22.4615 -9.990e-29
 168.458582      0.477  37.213975    14.4464    5.95604      0.473    30.2826    22.4537 -9.990e-29
 168.458588      0.474  37.257678    14.4856    5.95701      0.470    30.2915    22.4525 -9.990e-29
 168.458594      0.471  37.277752    14.4976    5.97280      0.467    30.3003    22.4568 -9.990e-29
 168.458600      0.466  37.269568    14.4876    5.94860      0.462    30.3007    22.4592 -9.990e-29
 168.458605      0.459  37.250834    14.4589    5.93010      0.455    30.3062    22.4693 -9.990e-29
 168.458611      0.455  37.225744    14.4294    5.92421      0.451    30.3065    22.4757 -9.990e-29
 168.458617      0.457  37.210208    14.4037    5.92452      0.453    30.3126    22.4856 -9.990e-29
 168.458623      0.461  37.200899    14.3744    5.93416      0.457    30.3271    22.5028 -9.990e-29
 168.458628      0.463  37.184842    14.3499    5.93625      0.459    30.3317    22.5114 -9.990e-29
 168.458634      0.464  37.161946    14.3381    5.93674      0.460    30.3202    22.5049 -9.990e-29
 168.458640      0.463  37.144310    14.3185    5.94830      0.459    30.3195    22.5084 -9.990e-29
 168.458646      0.460  37.123003    14.2869    5.94850      0.456    30.3250    22.5191 -9.990e-29
 168.458652      0.459  37.094863    14.2664    5.95272      0.455    30.3155    22.5160 -9.990e-29
 168.458657      0.465  37.081265    14.2585    5.96041      0.461    30.3093    22.5128 -9.990e-29
 168.458663      0.474  37.079781    14.2525    5.94646      0.470    30.3127    22.5166 -9.990e-29
 168.458669      0.481  37.075535    14.2458    5.92822      0.477    30.3141    22.5191 -9.990e-29
 168.458675      0.488  37.066797    14.2421    5.90700      0.484    30.3090    22.5160 -9.990e-29
 168.458681      0.495  37.061553    14.2413    5.88620      0.491    30.3049    22.5129 -9.990e-29
 168.458686      0.502  37.062909    14.2291    5.89880      0.498    30.3157    22.5237 -9.990e-29
 168.458692      0.509  37.056975    14.2016    5.92907      0.505    30.3319    22.5418 -9.990e-29
 168.458698      0.518  37.035846    14.1767    5.95803      0.514    30.3322    22.5471 -9.990e-29
 168.458704      0.528  37.016787    14.1663    5.98634      0.524    30.3230    22.5422 -9.990e-29
 168.458709      0.537  37.011403    14.1735    5.99104      0.533    30.3124    22.5326 -9.990e-29
 168.458715      0.540  37.019805    14.1996    5.99030      0.535    30.2996    22.5174 -9.990e-29
 168.458721      0.538  37.042543    14.2407    5.97904      0.534    30.2881    22.5001 -9.990e-29
 168.458727      0.530  37.074605    14.2840    5.99739      0.526    30.2833    22.4876 -9.990e-29
 168.458733      0.524  37.105469    14.3111    6.02379      0.520    30.2901    22.4872 -9.990e-29
 168.458738      0.529  37.123578    14.3175    6.00757      0.525    30.3015    22.4947 -9.990e-29
 168.458744      0.541  37.128974    14.3171    5.98363      0.536    30.3067    22.4988 -9.990e-29
 168.458750      0.556  37.133349    14.3316    5.93108      0.551    30.2993    22.4902 -9.990e-29
 168.458756      0.571  37.152639    14.3636    5.91207      0.566    30.2917    22.4778 -9.990e-29
 168.458762      0.583  37.183398    14.3700    5.93292      0.578    30.3146    22.4941 -9.990e-29
 168.458767      0.592  37.180828    14.3271    5.94208      0.587    30.3459    22.5270 -9.990e-29
 168.458773      0.598  37.135912    14.2728    5.93364      0.593    30.3477    22.5395 -9.990e-29
 168.458779      0.603  37.090853    14.2399    5.93006      0.598    30.3326    22.5346 -9.990e-29
 168.458785      0.607  37.062969    14.2320    5.92753      0.602    30.3134    22.5214 -9.990e-29
 168.458791      0.613  37.058262    14.2317    5.92821      0.608    30.3094    22.5184 -9.990e-29
 168.458796      0.623  37.060920    14.2210    5.92867      0.618    30.3202    22.5289 -9.990e-29
 168.458802      0.633  37.047571    14.2087    5.93986      0.628    30.3177    22.5294 -9.990e-29
 168.458808      0.648  37.034077    14.2057    5.95980      0.643    30.3078    22.5224 -9.990e-29
 168.458814      0.669  37.032739    14.2109    5.97064      0.663    30.3025    22.5173 -9.990e-29
