data/oxygen options/OCNMS/OCNMS2/raw_data/2004/CTD_CA100_102104faed.cnv
* Sea-Bird SBE19 Data File:
* FileName = C:\WINDOWS\Desktop\put hypoxia files here\CTD data\October 21-04\CA\Raw\CA100_102104.hex
* Software Version 1.1.4
* Temperature SN = 2997
* Conductivity SN = 2997
* System UpLoad Time = Oct 21 2004 14:36:05
* SEACAT PROFILER V3.1c SN 2997   10/21/04  14:40:39.423
* strain gauge pressure sensor: S/N = 184829,  range = 3000 psia,  tc = 40
# nquan = 9                                 
# nvalues = 903                         
# units = specified
# name 0 = timeJ: Julian Days
# name 1 = prSM: Pressure, Strain Gauge [db]
# name 2 = c0mS/cm: Conductivity [mS/cm]
# name 3 = t090C: Temperature [ITS-90, deg C]
# name 4 = oxML/L: Oxygen, Beckman/YSI [ml/l]
# name 5 = depSM: Depth [salt water, m], lat = 47.5
# name 6 = sal00: Salinity, Practical [PSU]
# name 7 = sigma-é00: Density [sigma-theta, kg/m^3]
# name 8 = flag: flag
# span 0 = 295.558183, 295.563403       
# span 1 =     -5.220,     98.528       
# span 2 =   0.395231,  37.522488       
# span 3 =     7.8090,    13.0925       
# span 4 =   -0.05847,   33.63648       
# span 5 =     -5.177,     97.682       
# span 6 =     0.2589,    33.4275       
# span 7 =    -0.2442,    26.0669       
# span 8 = 0.0000e+00, 0.0000e+00       
# interval = seconds: 0.5
# start_time = Oct 21 2004 13:23:47 [Instrument's time stamp, header]
# bad_flag = -9.990e-29
*END*
[from data line 321]
 295.560041      0.556  37.154812    13.0410    6.29193      0.551    31.3576    23.5648 -9.990e-29
 295.560046      0.548  37.155491    13.0416    6.28952      0.543    31.3577    23.5648 -9.990e-29
 295.560052      0.556  37.155685    13.0417    6.29243      0.551    31.3578    23.5648 -9.990e-29
 295.560058      0.569  37.155670    13.0420    6.28352      0.564    31.3575    23.5646 -9.990e-29
 295.560064      0.573  37.155442    13.0424    6.27780      0.568    31.3570    23.5641 -9.990e-29
 295.560069      0.571  37.155278    13.0427    6.28697      0.566    31.3566    23.5637 -9.990e-29
 295.560075      0.568  37.155537    13.0424    6.28972      0.563    31.3571    23.5642 -9.990e-29
 295.560081      0.571  37.156023    13.0416    6.28755      0.566    31.3582    23.5652 -9.990e-29
 295.560087      0.579  37.156278    13.0409    6.28568      0.574    31.3590    23.5659 -9.990e-29
 295.560093      0.588  37.156102    13.0407    6.27615      0.583    31.3590    23.5660 -9.990e-29
 295.560098      0.595  37.155838    13.0408    6.28779      0.590    31.3587    23.5657 -9.990e-29
 295.560104      0.605  37.155710    13.0406    6.28711      0.600    31.3587    23.5658 -9.990e-29
 295.560110      0.621  37.155567    13.0397    6.28053      0.616    31.3593    23.5664 -9.990e-29
 295.560116      0.641  37.155236    13.0391    6.27870      0.636    31.3595    23.5667 -9.990e-29
 295.560122      0.659  37.154854    13.0389    6.26850      0.653    31.3593    23.5666 -9.990e-29
 295.560127      0.669  37.154491    13.0369    6.27550      0.663    31.3606    23.5680 -9.990e-29
 295.560133      0.678  37.153680    13.0322    6.27937      0.672    31.3637    23.5713 -9.990e-29
 295.560139      0.691  37.152480    13.0274    6.26941      0.685    31.3666    23.5744 -9.990e-29
 295.560145      0.704  37.151551    13.0250    6.27955      0.698    31.3677    23.5757 -9.990e-29
 295.560150      0.713  37.151355    13.0247    6.26829      0.707    31.3677    23.5758 -9.990e-29
 295.560156      0.719  37.151648    13.0249    6.26885      0.713    31.3678    23.5759 -9.990e-29
 295.560162      0.722  37.151715    13.0257    6.27812      0.716    31.3672    23.5753 -9.990e-29
 295.560168      0.723  37.151664    13.0279    6.26977      0.717    31.3654    23.5734 -9.990e-29
 295.560174      0.721  37.152006    13.0318    6.28709      0.715    31.3625    23.5704 -9.990e-29
 295.560179      0.718  37.152655    13.0362    6.28065      0.712    31.3594    23.5672 -9.990e-29
 295.560185      0.711  37.153371    13.0389    6.26611      0.705    31.3579    23.5655 -9.990e-29
 295.560191      0.706  37.154006    13.0395    6.26266      0.700    31.3580    23.5654 -9.990e-29
 295.560197      0.705  37.154304    13.0390    6.26456      0.699    31.3587    23.5661 -9.990e-29
 295.560203      0.710  37.154121    13.0378    6.27821      0.704    31.3595    23.5669 -9.990e-29
 295.560208      0.720  37.153790    13.0367    6.27731      0.714    31.3601    23.5676 -9.990e-29
 295.560214      0.727  37.153449    13.0366    6.28102      0.721    31.3599    23.5674 -9.990e-29
 295.560220      0.724  37.153224    13.0372    6.27851      0.718    31.3591    23.5668 -9.990e-29
 295.560226      0.714  37.153390    13.0378    6.27709      0.708    31.3588    23.5664 -9.990e-29
 295.560231      0.706  37.153627    13.0384    6.28486      0.700    31.3585    23.5661 -9.990e-29
 295.560237      0.707  37.153709    13.0394    6.27668      0.701    31.3578    23.5653 -9.990e-29
 295.560243      0.713  37.153764    13.0406    6.27399      0.707    31.3568    23.5643 -9.990e-29
 295.560249      0.712  37.153883    13.0419    6.26841      0.706    31.3559    23.5633 -9.990e-29
 295.560255      0.708  37.154243    13.0435    6.27057      0.702    31.3549    23.5623 -9.990e-29
 295.560260      0.713  37.154780    13.0451    6.28107      0.707    31.3541    23.5613 -9.990e-29
 295.560266      0.732  37.155109    13.0461    6.28330      0.726    31.3536    23.5607 -9.990e-29
 295.560272      0.763  37.155124    13.0463    6.29085      0.757    31.3534    23.5605 -9.990e-29
 295.560278      0.793  37.154863    13.0462    6.26801      0.786    31.3532    23.5604 -9.990e-29
 295.560284      0.813  37.154556    13.0464    6.26807      0.806    31.3528    23.5600 -9.990e-29
 295.560289      0.824  37.154374    13.0465    6.26217      0.817    31.3525    23.5598 -9.990e-29
 295.560295      0.834  37.153901    13.0453    6.26886      0.827    31.3530    23.5605 -9.990e-29
 295.560301      0.844  37.153079    13.0431    6.28246      0.837    31.3541    23.5617 -9.990e-29
 295.560307      0.847  37.152314    13.0422    6.28214      0.840    31.3541    23.5619 -9.990e-29
 295.560313      0.839  37.152275    13.0436    6.27888      0.832    31.3529    23.5607 -9.990e-29
 295.560318      0.822  37.153286    13.0460    6.26639      0.815    31.3519    23.5594 -9.990e-29
 295.560324      0.806  37.154455    13.0478    6.26053      0.799    31.3515    23.5588 -9.990e-29
 295.560330      0.796  37.155102    13.0479    6.26942      0.789    31.3520    23.5592 -9.990e-29
 295.560336      0.802  37.154972    13.0464    6.28037      0.795    31.3531    23.5603 -9.990e-29
 295.560341      0.823  37.153894    13.0447    6.26709      0.816    31.3535    23.5610 -9.990e-29
 295.560347      0.848  37.152676    13.0443    6.26708      0.841    31.3527    23.5604 -9.990e-29
 295.560353      0.865  37.151939    13.0449    6.26413      0.858    31.3515    23.5594 -9.990e-29
 295.560359      0.872  37.151826    13.0451    6.27130      0.865    31.3512    23.5591 -9.990e-29
 295.560365      0.874  37.152187    13.0445    6.28650      0.867    31.3521    23.5599 -9.990e-29
 295.560370      0.874  37.152386    13.0440    6.27795      0.867    31.3527    23.5604 -9.990e-29
 295.560376      0.873  37.152691    13.0445    6.26846      0.866    31.3526    23.5603 -9.990e-29
 295.560382      0.870  37.153509    13.0456    6.26292      0.863    31.3524    23.5599 -9.990e-29
 295.560388      0.866  37.154253    13.0457    6.26834      0.859    31.3530    23.5604 -9.990e-29
 295.560394      0.864  37.154234    13.0442    6.26760      0.857    31.3543    23.5616 -9.990e-29
 295.560399      0.865  37.153430    13.0422    6.26919      0.858    31.3551    23.5627 -9.990e-29
 295.560405      0.860  37.152454    13.0416    6.26746      0.853    31.3547    23.5625 -9.990e-29
 295.560411      0.843  37.152251    13.0430    6.26599      0.836    31.3534    23.5612 -9.990e-29
 295.560417      0.824  37.153114    13.0452    6.26967      0.817    31.3524    23.5600 -9.990e-29
 295.560422      0.812  37.153951    13.0469    6.26401      0.805    31.3518    23.5592 -9.990e-29
 295.560428      0.813  37.154200    13.0475    6.26082      0.806    31.3515    23.5589 -9.990e-29
 295.560434      0.825  37.154199    13.0472    6.26823      0.818    31.3518    23.5591 -9.990e-29
 295.560440      0.846  37.153947    13.0467    6.26917      0.839    31.3519    23.5593 -9.990e-29
 295.560446      0.868  37.153673    13.0463    6.26574      0.861    31.3520    23.5595 -9.990e-29
 295.560451      0.884  37.153573    13.0458    6.26158      0.877    31.3523    23.5598 -9.990e-29
 295.560457      0.891  37.153515    13.0453    6.24726      0.884    31.3527    23.5602 -9.990e-29
 295.560463      0.893  37.153424    13.0443    6.25262      0.886    31.3534    23.5609 -9.990e-29
 295.560469      0.899  37.153183    13.0422    6.25678      0.891    31.3549    23.5625 -9.990e-29
 295.560475      0.910  37.152473    13.0400    6.27243      0.902    31.3561    23.5638 -9.990e-29
 295.560480      0.914  37.151473    13.0394    6.27267      0.906    31.3556    23.5636 -9.990e-29
 295.560486      0.901  37.151093    13.0404    6.26194      0.893    31.3544    23.5625 -9.990e-29
 295.560492      0.880  37.151390    13.0417    6.24469      0.873    31.3536    23.5616 -9.990e-29
 295.560498      0.867  37.151642    13.0421    6.24914      0.860    31.3536    23.5615 -9.990e-29
 295.560503      0.869  37.151627    13.0417    6.25150      0.862    31.3539    23.5618 -9.990e-29
 295.560509      0.882  37.151329    13.0410    6.26255      0.875    31.3542    23.5622 -9.990e-29
 295.560515      0.899  37.150915    13.0407    6.26659      0.891    31.3540    23.5621 -9.990e-29
 295.560521      0.907  37.150955    13.0411    6.26084      0.899    31.3537    23.5618 -9.990e-29
 295.560527      0.899  37.151505    13.0420    6.25618      0.891    31.3535    23.5615 -9.990e-29
 295.560532      0.883  37.152177    13.0429    6.25839      0.876    31.3534    23.5612 -9.990e-29
 295.560538      0.874  37.152749    13.0431    6.25954      0.867    31.3538    23.5615 -9.990e-29
 295.560544      0.881  37.152866    13.0427    6.26880      0.874    31.3542    23.5619 -9.990e-29
 295.560550      0.896  37.152688    13.0423    6.27175      0.889    31.3544    23.5621 -9.990e-29
 295.560556      0.907  37.152540    13.0418    6.26265      0.899    31.3546    23.5624 -9.990e-29
 295.560561      0.910  37.152229    13.0416    6.25988      0.902    31.3545    23.5623 -9.990e-29
 295.560567      0.905  37.151901    13.0416    6.25578      0.897    31.3542    23.5621 -9.990e-29
 295.560573      0.897  37.151683    13.0414    6.25336      0.890    31.3542    23.5621 -9.990e-29
 295.560579      0.893  37.151288    13.0409    6.25501      0.886    31.3542    23.5622 -9.990e-29
 295.560584      0.893  37.150754    13.0406    6.26097      0.886    31.3540    23.5621 -9.990e-29
 295.560590      0.889  37.150491    13.0408    6.26969      0.882    31.3535    23.5617 -9.990e-29
 295.560596      0.880  37.150711    13.0411    6.26713      0.873    31.3535    23.5616 -9.990e-29
 295.560602      0.875  37.151149    13.0407    6.24996      0.868    31.3542    23.5623 -9.990e-29
 295.560608      0.877  37.151273    13.0393    6.23688      0.870    31.3555    23.5636 -9.990e-29
 295.560613      0.886  37.150691    13.0374    6.23506      0.879    31.3565    23.5647 -9.990e-29
 295.560619      0.903  37.149750    13.0351    6.24735      0.895    31.3576    23.5659 -9.990e-29
 295.560625      0.930  37.148882    13.0325    6.24894      0.922    31.3589    23.5675 -9.990e-29
 295.560631      0.958  37.148052    13.0313    6.24974      0.950    31.3591    23.5679 -9.990e-29
 295.560637      0.974  37.147839    13.0325    6.23989      0.966    31.3579    23.5667 -9.990e-29
 295.560642      0.973  37.148520    13.0347    6.23197      0.965    31.3567    23.5654 -9.990e-29
 295.560648      0.968  37.149322    13.0362    6.23339      0.960    31.3562    23.5647 -9.990e-29
 295.560654      0.972  37.149635    13.0359    6.23691      0.964    31.3568    23.5652 -9.990e-29
 295.560660      0.986  37.149320    13.0347    6.25288      0.978    31.3574    23.5659 -9.990e-29
 295.560666      0.996  37.148523    13.0342    6.25987      0.988    31.3571    23.5658 -9.990e-29
 295.560671      0.996  37.147864    13.0350    6.25167      0.988    31.3558    23.5646 -9.990e-29
 295.560677      0.989  37.148149    13.0368    6.24032      0.981    31.3546    23.5633 -9.990e-29
 295.560683      0.985  37.149200    13.0389    6.24610      0.977    31.3539    23.5624 -9.990e-29
 295.560689      0.994  37.150179    13.0403    6.25245      0.986    31.3536    23.5619 -9.990e-29
 295.560694      1.031  37.150711    13.0397    6.25623      1.022    31.3546    23.5628 -9.990e-29
 295.560700      1.098  37.150387    13.0371    6.25211      1.089    31.3564    23.5647 -9.990e-29
 295.560706      1.182  37.149341    13.0345    6.25115      1.172    31.3576    23.5661 -9.990e-29
 295.560712      1.267  37.148422    13.0337    6.24980      1.256    31.3573    23.5661 -9.990e-29
 295.560718      1.354  37.148090    13.0344    6.24219      1.343    31.3564    23.5652 -9.990e-29
 295.560723      1.458  37.148464    13.0357    6.23273      1.446    31.3556    23.5644 -9.990e-29
 295.560729      1.589  37.148923    13.0368    6.22579      1.576    31.3551    23.5637 0.0000e+00
 295.560735      1.755  37.148960    13.0369    6.21428      1.740    31.3550    23.5636 0.0000e+00
 295.560741      1.967  37.148629    13.0356    6.21162      1.951    31.3557    23.5644 0.0000e+00
 295.560747      2.239  37.148051    13.0334    6.21627      2.220    31.3568    23.5658 0.0000e+00
 295.560752      2.579  37.148702    13.0308    6.22634      2.557    31.3595    23.5683 0.0000e+00
 295.560758      2.978  37.153696    13.0285    6.22716      2.953    31.3659    23.5737 0.0000e+00
 295.560764      3.420  37.170251    13.0325    6.22656      3.391    31.3780    23.5823 0.0000e+00
 295.560770      3.895  37.219880    13.0492    6.20651      3.862    31.4105    23.6043 0.0000e+00
 295.560775      4.397  37.308181    13.0712    6.18555      4.360    31.4750    23.6498 0.0000e+00
 295.560781      4.920  37.394165    13.0860    6.16777      4.879    31.5432    23.6997 0.0000e+00
 295.560787      5.454  37.444972    13.0915    6.15515      5.408    31.5861    23.7318 0.0000e+00
 295.560793      5.996  37.468894    13.0925    6.15274      5.946    31.6075    23.7482 0.0000e+00
 295.560799      6.545  37.483249    13.0922    6.15121      6.490    31.6210    23.7587 0.0000e+00
 295.560804      7.102  37.495396    13.0915    6.15275      7.043    31.6327    23.7680 0.0000e+00
 295.560810      7.664  37.505829    13.0904    6.15813      7.600    31.6432    23.7763 0.0000e+00
 295.560816      8.223  37.514436    13.0878    6.16958      8.154    31.6532    23.7846 0.0000e+00
 295.560822      8.776  37.520351    13.0835    6.17806      8.703    31.6622    23.7924 0.0000e+00
 295.560828      9.325  37.522488    13.0778    6.18106      9.247    31.6687    23.7986 0.0000e+00
 295.560833      9.870  37.521450    13.0691    6.15658      9.787    31.6748    23.8050 0.0000e+00
 295.560839     10.407  37.516417    13.0553    6.13219     10.320    31.6814    23.8128 0.0000e+00
 295.560845     10.931  37.505725    13.0301    6.09822     10.839    31.6922    23.8261 0.0000e+00
 295.560851     11.451  37.484649    12.9819    6.06255     11.355    31.7125    23.8511 0.0000e+00
 295.560856     11.983  37.443598    12.9100    6.04619     11.883    31.7338    23.8816 0.0000e+00
 295.560862     12.533  37.384485    12.8220    6.03205     12.428    31.7517    23.9125 0.0000e+00
 295.560868     13.099  37.317104    12.7215    6.01074     12.989    31.7723    23.9478 0.0000e+00
 295.560874     13.674  37.244706    12.6129    6.00854     13.559    31.7950    23.9861 0.0000e+00
 295.560880     14.248  37.172822    12.5029    6.00728     14.129    31.8193    24.0260 0.0000e+00
 295.560885     14.809  37.107664    12.3964    6.00990     14.685    31.8472    24.0678 0.0000e+00
 295.560891     15.354  37.049268    12.2990    6.03319     15.225    31.8740    24.1069 0.0000e+00
 295.560897     15.885  36.994908    12.2169    6.04414     15.752    31.8916    24.1359 0.0000e+00
 295.560903     16.392  36.941631    12.1549    6.05274     16.255    31.8931    24.1487 0.0000e+00
 295.560909     16.861  36.894656    12.1144    6.07382     16.720    31.8823    24.1479 0.0000e+00
 295.560914     17.290  36.861999    12.0915    6.09134     17.145    31.8703    24.1428 0.0000e+00
 295.560920     17.694  36.842728    12.0812    6.10450     17.546    31.8604    24.1371 0.0000e+00
 295.560926     18.091  36.834701    12.0787    6.09060     17.939    31.8546    24.1331 0.0000e+00
 295.560932     18.493  36.835063    12.0800    6.06621     18.338    31.8537    24.1322 0.0000e+00
 295.560938     18.913  36.840373    12.0834    6.02210     18.754    31.8557    24.1331 0.0000e+00
 295.560943     19.363  36.849861    12.0855    5.95944     19.200    31.8629    24.1383 0.0000e+00
 295.560949     19.849  36.859915    12.0793    5.89981     19.682    31.8777    24.1509 0.0000e+00
 295.560955     20.360  36.865998    12.0494    5.85957     20.189    31.9088    24.1806 0.0000e+00
