data/oxygen options/OCNMS/OCNMS2/raw_data/2004/CTD_TH50_061504faed.cnv
* Sea-Bird SBE19 Data File:
* FileName = C:\WINDOWS\Desktop\put hypoxia files here\CTD files\CA\TH50m061504.hex
* Software Version 1.1.4
* Temperature SN = 2997
* Conductivity SN = 2997
* System UpLoad Time = Jun 15 2004 15:31:32
** Teahwhit Head hypoxia 50m TH5 June 15,2004
* SEACAT PROFILER V3.1c SN 2997   06/15/04  15:29:33.602
# nquan = 9                                 
# nvalues = 629                         
# units = specified
# name 0 = timeJ: Julian Days
# name 1 = prSM: Pressure, Strain Gauge [db]
# name 2 = c0mS/cm: Conductivity [mS/cm]
# name 3 = t090C: Temperature [ITS-90, deg C]
# name 4 = oxML/L: Oxygen, Beckman/YSI [ml/l]
# name 5 = depSM: Depth [salt water, m], lat = 47.5
# name 6 = sal00: Salinity, Practical [PSU]
# name 7 = sigma-é00: Density [sigma-theta, kg/m^3]
# name 8 = flag: flag
# span 0 = 167.588912, 167.592546       
# span 1 =     -5.366,     51.400       
# span 2 =   0.320710,  37.607497       
# span 3 =     7.7303,    14.7761       
# span 4 =   -0.05656,   30.07722       
# span 5 =     -5.321,     50.965       
# span 6 =     0.2022,    33.3290       
# span 7 =    -0.4401,    26.0014       
# span 8 = 0.0000e+00, 0.0000e+00       
# interval = seconds: 0.5
# start_time = Jun 15 2004 14:08:02 [Instrument's time stamp, header]
# bad_flag = -9.990e-29
*END*
[from data line 161]
 167.589844     -0.573  37.589334    14.7397    5.88072     -0.568    30.3925    22.4775 -9.990e-29
 167.589850     -0.566  37.586822    14.7355    5.89619     -0.561    30.3935    22.4792 -9.990e-29
 167.589855     -0.558  37.585461    14.7354    5.89332     -0.553    30.3923    22.4783 -9.990e-29
 167.589861     -0.547  37.585685    14.7385    5.88536     -0.542    30.3901    22.4759 -9.990e-29
 167.589867     -0.534  37.586681    14.7429    5.86957     -0.530    30.3876    22.4731 -9.990e-29
 167.589873     -0.518  37.588100    14.7470    5.86197     -0.514    30.3856    22.4707 -9.990e-29
 167.589878     -0.497  37.589601    14.7496    5.88033     -0.493    30.3850    22.4696 -9.990e-29
 167.589884     -0.475  37.590951    14.7505    5.89043     -0.471    30.3855    22.4698 -9.990e-29
 167.589890     -0.455  37.591716    14.7496    5.88485     -0.451    30.3868    22.4711 -9.990e-29
 167.589896     -0.434  37.591802    14.7471    5.88571     -0.430    30.3889    22.4732 -9.990e-29
 167.589902     -0.416  37.591333    14.7450    5.86443     -0.413    30.3901    22.4745 -9.990e-29
 167.589907     -0.405  37.590813    14.7441    5.85753     -0.402    30.3903    22.4749 -9.990e-29
 167.589913     -0.395  37.590680    14.7431    5.86756     -0.392    30.3910    22.4756 -9.990e-29
 167.589919     -0.381  37.590202    14.7406    5.88261     -0.378    30.3925    22.4773 -9.990e-29
 167.589925     -0.367  37.588753    14.7367    5.91380     -0.364    30.3942    22.4795 -9.990e-29
 167.589931     -0.356  37.586092    14.7343    5.90088     -0.353    30.3937    22.4796 -9.990e-29
 167.589936     -0.348  37.583728    14.7362    5.88494     -0.345    30.3901    22.4764 -9.990e-29
 167.589942     -0.341  37.584125    14.7414    5.86751     -0.338    30.3864    22.4725 -9.990e-29
 167.589948     -0.336  37.587258    14.7456    5.85615     -0.333    30.3859    22.4712 -9.990e-29
 167.589954     -0.332  37.590585    14.7461    5.87597     -0.329    30.3885    22.4731 -9.990e-29
 167.589959     -0.329  37.590696    14.7446    5.89450     -0.326    30.3898    22.4744 -9.990e-29
 167.589965     -0.327  37.587749    14.7429    5.91214     -0.324    30.3885    22.4737 -9.990e-29
 167.589971     -0.325  37.585116    14.7404    5.89205     -0.322    30.3880    22.4739 -9.990e-29
 167.589977     -0.324  37.583782    14.7378    5.87774     -0.321    30.3889    22.4751 -9.990e-29
 167.589983     -0.324  37.583101    14.7372    5.87105     -0.321    30.3887    22.4751 -9.990e-29
 167.589988     -0.323  37.583293    14.7391    5.88794     -0.320    30.3874    22.4737 -9.990e-29
 167.589994     -0.323  37.584622    14.7417    5.91582     -0.320    30.3866    22.4726 -9.990e-29
 167.590000     -0.323  37.586064    14.7437    5.91757     -0.320    30.3863    22.4719 -9.990e-29
 167.590006     -0.324  37.586746    14.7455    5.89754     -0.321    30.3855    22.4709 -9.990e-29
 167.590012     -0.324  37.587586    14.7479    5.87728     -0.321    30.3844    22.4696 -9.990e-29
 167.590017     -0.326  37.589715    14.7508    5.88215     -0.323    30.3841    22.4687 -9.990e-29
 167.590023     -0.323  37.592613    14.7525    5.90068     -0.320    30.3853    22.4693 -9.990e-29
 167.590029     -0.313  37.593983    14.7523    5.90109     -0.310    30.3867    22.4704 -9.990e-29
 167.590035     -0.297  37.593420    14.7518    5.90445     -0.295    30.3866    22.4705 -9.990e-29
 167.590041     -0.281  37.592984    14.7518    5.88058     -0.279    30.3862    22.4702 -9.990e-29
 167.590046     -0.266  37.593224    14.7514    5.88411     -0.264    30.3867    22.4706 -9.990e-29
 167.590052     -0.256  37.592787    14.7494    5.89834     -0.254    30.3879    22.4720 -9.990e-29
 167.590058     -0.247  37.591098    14.7464    5.91266     -0.245    30.3887    22.4732 -9.990e-29
 167.590064     -0.234  37.589279    14.7444    5.90753     -0.232    30.3886    22.4736 -9.990e-29
 167.590069     -0.219  37.588279    14.7443    5.89192     -0.217    30.3878    22.4730 -9.990e-29
 167.590075     -0.207  37.588457    14.7450    5.88534     -0.205    30.3874    22.4725 -9.990e-29
 167.590081     -0.191  37.588936    14.7454    5.89600     -0.189    30.3875    22.4725 -9.990e-29
 167.590087     -0.173  37.588680    14.7462    5.91129     -0.172    30.3867    22.4717 -9.990e-29
 167.590093     -0.157  37.588479    14.7479    5.90906     -0.156    30.3851    22.4702 -9.990e-29
 167.590098     -0.149  37.588633    14.7496    5.90487     -0.148    30.3840    22.4689 -9.990e-29
 167.590104     -0.147  37.588796    14.7505    5.89758     -0.146    30.3834    22.4683 -9.990e-29
 167.590110     -0.151  37.589192    14.7508    5.90220     -0.150    30.3835    22.4683 -9.990e-29
 167.590116     -0.158  37.589798    14.7509    5.89595     -0.157    30.3840    22.4686 -9.990e-29
 167.590122     -0.159  37.590309    14.7512    5.89270     -0.158    30.3842    22.4688 -9.990e-29
 167.590127     -0.149  37.590856    14.7517    5.90285     -0.148    30.3843    22.4687 -9.990e-29
 167.590133     -0.134  37.591616    14.7523    5.91148     -0.133    30.3845    22.4688 -9.990e-29
 167.590139     -0.119  37.592489    14.7532    5.92358     -0.118    30.3846    22.4686 -9.990e-29
 167.590145     -0.109  37.593525    14.7546    5.91109     -0.108    30.3844    22.4682 -9.990e-29
 167.590150     -0.103  37.594432    14.7562    5.89455     -0.102    30.3840    22.4675 -9.990e-29
 167.590156     -0.100  37.594744    14.7577    5.88340     -0.099    30.3831    22.4665 -9.990e-29
 167.590162     -0.096  37.594887    14.7585    5.89409     -0.095    30.3826    22.4660 -9.990e-29
 167.590168     -0.087  37.595060    14.7575    5.92308     -0.086    30.3835    22.4669 -9.990e-29
 167.590174     -0.076  37.593821    14.7559    5.93063     -0.075    30.3837    22.4674 -9.990e-29
 167.590179     -0.067  37.592331    14.7561    5.91900     -0.066    30.3822    22.4662 -9.990e-29
 167.590185     -0.059  37.593100    14.7578    5.89996     -0.059    30.3815    22.4653 -9.990e-29
 167.590191     -0.052  37.594917    14.7600    5.89192     -0.052    30.3815    22.4648 -9.990e-29
 167.590197     -0.045  37.596848    14.7617    5.91247     -0.045    30.3819    22.4648 -9.990e-29
 167.590203     -0.038  37.598672    14.7621    5.93337     -0.038    30.3832    22.4657 -9.990e-29
 167.590208     -0.030  37.598903    14.7616    5.92282     -0.030    30.3838    22.4662 -9.990e-29
 167.590214     -0.022  37.597857    14.7614    5.90248     -0.022    30.3830    22.4657 -9.990e-29
 167.590220     -0.011  37.597515    14.7618    5.89316     -0.011    30.3824    22.4651 -9.990e-29
 167.590226     -0.002  37.597989    14.7622    5.89425     -0.002    30.3825    22.4651 -9.990e-29
 167.590231      0.001  37.598238    14.7614    5.91072      0.001    30.3833    22.4659 -9.990e-29
 167.590237     -0.002  37.597480    14.7597    5.92176     -0.002    30.3840    22.4668 -9.990e-29
 167.590243     -0.010  37.595836    14.7587    5.90190     -0.010    30.3833    22.4665 -9.990e-29
 167.590249     -0.020  37.595049    14.7593    5.90121     -0.020    30.3821    22.4654 -9.990e-29
 167.590255     -0.029  37.595759    14.7600    5.90572     -0.029    30.3822    22.4654 -9.990e-29
 167.590260     -0.031  37.596120    14.7600    5.91439     -0.031    30.3825    22.4656 -9.990e-29
 167.590266     -0.025  37.595499    14.7608    5.92885     -0.025    30.3813    22.4645 -9.990e-29
 167.590272     -0.016  37.595881    14.7627    5.92603     -0.016    30.3802    22.4633 -9.990e-29
 167.590278     -0.015  37.597223    14.7646    5.91026     -0.015    30.3799    22.4627 -9.990e-29
 167.590284     -0.015  37.598520    14.7665    5.90508     -0.015    30.3796    22.4620 -9.990e-29
 167.590289     -0.013  37.600386    14.7688    5.90696     -0.013    30.3795    22.4614 -9.990e-29
 167.590295     -0.009  37.602516    14.7708    5.92280     -0.009    30.3798    22.4613 -9.990e-29
 167.590301     -0.003  37.603831    14.7721    5.93229     -0.003    30.3800    22.4612 -9.990e-29
 167.590307      0.007  37.604410    14.7729    5.92933      0.007    30.3799    22.4609 -9.990e-29
 167.590313      0.019  37.605036    14.7733    5.91187      0.019    30.3802    22.4610 -9.990e-29
 167.590318      0.036  37.605428    14.7732    5.89777      0.036    30.3806    22.4614 -9.990e-29
 167.590324      0.055  37.604997    14.7727    5.91450      0.055    30.3806    22.4615 -9.990e-29
 167.590330      0.071  37.604109    14.7721    5.93918      0.070    30.3802    22.4613 -9.990e-29
 167.590336      0.086  37.603270    14.7715    5.93762      0.085    30.3799    22.4612 -9.990e-29
 167.590341      0.097  37.602863    14.7716    5.92151      0.096    30.3795    22.4609 -9.990e-29
 167.590347      0.100  37.603475    14.7722    5.90714      0.099    30.3796    22.4608 -9.990e-29
 167.590353      0.095  37.604617    14.7726    5.90292      0.094    30.3803    22.4613 -9.990e-29
 167.590359      0.082  37.605014    14.7729    5.92134      0.081    30.3804    22.4613 -9.990e-29
 167.590365      0.065  37.604640    14.7731    5.93580      0.064    30.3799    22.4609 -9.990e-29
 167.590370      0.051  37.604125    14.7733    5.93080      0.051    30.3793    22.4604 -9.990e-29
 167.590376      0.043  37.603911    14.7737    5.91646      0.043    30.3788    22.4599 -9.990e-29
 167.590382      0.040  37.604278    14.7744    5.90145      0.040    30.3786    22.4596 -9.990e-29
 167.590388      0.044  37.605159    14.7751    5.90937      0.044    30.3788    22.4596 -9.990e-29
 167.590394      0.053  37.606051    14.7754    5.92347      0.053    30.3794    22.4600 -9.990e-29
 167.590399      0.069  37.606469    14.7755    5.93159      0.068    30.3797    22.4602 -9.990e-29
 167.590405      0.087  37.606415    14.7758    5.93159      0.086    30.3794    22.4599 -9.990e-29
 167.590411      0.101  37.606381    14.7761    5.93113      0.100    30.3791    22.4597 -9.990e-29
 167.590417      0.112  37.606888    14.7761    5.92896      0.111    30.3796    22.4600 -9.990e-29
 167.590422      0.125  37.607497    14.7758    5.92335      0.124    30.3804    22.4607 -9.990e-29
 167.590428      0.140  37.607340    14.7750    5.91629      0.139    30.3809    22.4612 -9.990e-29
 167.590434      0.159  37.606216    14.7738    5.92262      0.158    30.3808    22.4614 -9.990e-29
 167.590440      0.177  37.604874    14.7733    5.93987      0.176    30.3799    22.4609 -9.990e-29
 167.590446      0.193  37.604336    14.7731    5.93870      0.191    30.3796    22.4606 -9.990e-29
 167.590451      0.208  37.604449    14.7729    5.93283      0.206    30.3799    22.4609 -9.990e-29
 167.590457      0.221  37.604247    14.7724    5.91698      0.219    30.3801    22.4611 -9.990e-29
 167.590463      0.235  37.603468    14.7711    5.91649      0.233    30.3804    22.4617 -9.990e-29
 167.590469      0.249  37.602201    14.7690    5.92793      0.247    30.3809    22.4625 -9.990e-29
 167.590475      0.265  37.600443    14.7670    5.93479      0.263    30.3808    22.4629 -9.990e-29
 167.590480      0.284  37.598659    14.7660    5.93597      0.282    30.3800    22.4624 -9.990e-29
 167.590486      0.302  37.597843    14.7664    5.93167      0.299    30.3790    22.4615 -9.990e-29
 167.590492      0.317  37.598594    14.7679    5.94112      0.314    30.3785    22.4609 -9.990e-29
 167.590498      0.330  37.600234    14.7694    5.94370      0.327    30.3788    22.4608 -9.990e-29
 167.590503      0.341  37.601590    14.7705    5.93631      0.338    30.3791    22.4608 -9.990e-29
 167.590509      0.351  37.602233    14.7711    5.92681      0.348    30.3792    22.4608 -9.990e-29
 167.590515      0.360  37.602465    14.7714    5.92592      0.357    30.3792    22.4607 -9.990e-29
 167.590521      0.375  37.602601    14.7717    5.93454      0.372    30.3791    22.4605 -9.990e-29
 167.590527      0.394  37.602827    14.7720    5.94595      0.391    30.3790    22.4604 -9.990e-29
 167.590532      0.412  37.602890    14.7726    5.94853      0.409    30.3786    22.4600 -9.990e-29
 167.590538      0.425  37.602878    14.7734    5.93379      0.421    30.3780    22.4593 -9.990e-29
 167.590544      0.434  37.603342    14.7739    5.92179      0.430    30.3780    22.4592 -9.990e-29
 167.590550      0.439  37.603785    14.7738    5.91955      0.435    30.3785    22.4596 -9.990e-29
 167.590556      0.441  37.603680    14.7730    5.92163      0.437    30.3790    22.4602 -9.990e-29
 167.590561      0.443  37.603454    14.7722    5.93412      0.439    30.3794    22.4607 -9.990e-29
 167.590567      0.452  37.603374    14.7723    5.93923      0.448    30.3793    22.4606 -9.990e-29
 167.590573      0.462  37.603340    14.7727    5.93882      0.458    30.3789    22.4602 -9.990e-29
 167.590579      0.470  37.603310    14.7729    5.94445      0.466    30.3787    22.4600 -9.990e-29
 167.590584      0.477  37.603250    14.7725    5.93760      0.473    30.3790    22.4603 -9.990e-29
 167.590590      0.483  37.603085    14.7705    5.92847      0.479    30.3804    22.4618 -9.990e-29
 167.590596      0.489  37.602601    14.7658    5.92645      0.485    30.3836    22.4653 -9.990e-29
 167.590602      0.495  37.600596    14.7594    5.92505      0.491    30.3868    22.4691 -9.990e-29
 167.590608      0.500  37.596647    14.7547    5.94145      0.496    30.3869    22.4701 -9.990e-29
 167.590613      0.506  37.593346    14.7536    5.95179      0.502    30.3848    22.4687 -9.990e-29
 167.590619      0.514  37.592465    14.7544    5.94871      0.510    30.3834    22.4675 -9.990e-29
 167.590625      0.518  37.592834    14.7543    5.93884      0.514    30.3838    22.4678 -9.990e-29
 167.590631      0.516  37.592707    14.7523    5.92700      0.512    30.3853    22.4694 -9.990e-29
 167.590637      0.511  37.591922    14.7520    5.93030      0.507    30.3848    22.4691 -9.990e-29
 167.590642      0.507  37.592802    14.7557    5.94751      0.503    30.3827    22.4667 -9.990e-29
 167.590648      0.504  37.595966    14.7599    5.95515      0.500    30.3823    22.4655 -9.990e-29
 167.590654      0.502  37.598344    14.7614    5.94901      0.498    30.3832    22.4659 -9.990e-29
 167.590660      0.501  37.598626    14.7606    5.93002      0.497    30.3841    22.4667 -9.990e-29
 167.590666      0.500  37.597755    14.7584    5.92339      0.496    30.3851    22.4679 -9.990e-29
 167.590671      0.504  37.596259    14.7548    5.92336      0.500    30.3865    22.4698 -9.990e-29
 167.590677      0.518  37.594393    14.7497    5.94821      0.514    30.3888    22.4726 -9.990e-29
 167.590683      0.537  37.591917    14.7455    5.96505      0.533    30.3899    22.4743 -9.990e-29
 167.590689      0.555  37.589460    14.7440    5.96463      0.550    30.3888    22.4738 -9.990e-29
 167.590694      0.564  37.588238    14.7444    5.95416      0.559    30.3874    22.4726 -9.990e-29
 167.590700      0.561  37.588311    14.7454    5.93695      0.556    30.3867    22.4719 -9.990e-29
 167.590706      0.550  37.588656    14.7463    5.93448      0.545    30.3863    22.4714 -9.990e-29
 167.590712      0.538  37.588619    14.7468    5.94023      0.534    30.3859    22.4710 -9.990e-29
 167.590718      0.529  37.588716    14.7470    5.95293      0.525    30.3858    22.4709 -9.990e-29
 167.590723      0.522  37.589085    14.7472    5.93889      0.518    30.3860    22.4710 -9.990e-29
 167.590729      0.518  37.589100    14.7475    5.95161      0.514    30.3858    22.4707 -9.990e-29
 167.590735      0.515  37.588788    14.7483    5.93967      0.511    30.3849    22.4699 -9.990e-29
 167.590741      0.513  37.588859    14.7501    5.93965      0.509    30.3835    22.4685 -9.990e-29
 167.590747      0.513  37.589413    14.7521    5.94846      0.509    30.3825    22.4672 -9.990e-29
 167.590752      0.515  37.590074    14.7535    5.95648      0.511    30.3820    22.4666 -9.990e-29
 167.590758      0.522  37.590608    14.7546    5.97187      0.518    30.3816    22.4660 -9.990e-29
