data/oxygen options/OCNMS/OCNMS2/raw_data/2004/CTD_TH50_082404faed.cnv
* Sea-Bird SBE19 Data File:
* FileName = C:\WINDOWS\Desktop\put hypoxia files here\CTD data\August 24_25-04\TH\TH50_082404.hex
* Software Version 1.1.4
* Temperature SN = 2997
* Conductivity SN = 2997
* System UpLoad Time = Aug 24 2004 16:13:02
* SEACAT PROFILER V3.1c SN 2997   08/24/04  16:14:23.379
* strain gauge pressure sensor: S/N = 184829,  range = 3000 psia,  tc = 40
# nquan = 9                                 
# nvalues = 1167                        
# units = specified
# name 0 = timeJ: Julian Days
# name 1 = prSM: Pressure, Strain Gauge [db]
# name 2 = c0mS/cm: Conductivity [mS/cm]
# name 3 = t090C: Temperature [ITS-90, deg C]
# name 4 = oxML/L: Oxygen, Beckman/YSI [ml/l]
# name 5 = depSM: Depth [salt water, m], lat = 47.5
# name 6 = sal00: Salinity, Practical [PSU]
# name 7 = sigma-é00: Density [sigma-theta, kg/m^3]
# name 8 = flag: flag
# span 0 = 237.608426, 237.615174       
# span 1 =     -4.910,     51.492       
# span 2 =   0.458656,  39.641926       
# span 3 =     7.7198,    15.4554       
# span 4 =   -0.05281,   29.77295       
# span 5 =     -4.869,     51.056       
# span 6 =     0.2746,    33.3822       
# span 7 =    -0.7313,    26.0363       
# span 8 = 0.0000e+00, 0.0000e+00       
# interval = seconds: 0.5
# start_time = Aug 24 2004 14:36:08 [Instrument's time stamp, header]
# bad_flag = -9.990e-29
*END*
[from data line 481]
 237.611209      1.364  39.615224    14.9527    8.06820      1.353    32.0450    23.7050 -9.990e-29
 237.611215      1.368  39.616358    14.9534    8.06820      1.357    32.0455    23.7052 -9.990e-29
 237.611221      1.368  39.617381    14.9538    8.06071      1.357    32.0460    23.7056 -9.990e-29
 237.611227      1.364  39.617417    14.9539    8.05039      1.353    32.0460    23.7055 -9.990e-29
 237.611233      1.359  39.617080    14.9539    8.04940      1.348    32.0457    23.7053 -9.990e-29
 237.611238      1.354  39.617043    14.9539    8.04885      1.343    32.0457    23.7053 -9.990e-29
 237.611244      1.343  39.617258    14.9541    8.04738      1.332    32.0457    23.7053 -9.990e-29
 237.611250      1.332  39.617448    14.9540    8.04885      1.321    32.0460    23.7055 -9.990e-29
 237.611256      1.322  39.617303    14.9538    8.04476      1.311    32.0460    23.7056 -9.990e-29
 237.611262      1.314  39.617188    14.9540    8.04461      1.303    32.0457    23.7053 -9.990e-29
 237.611267      1.306  39.617508    14.9544    8.05390      1.295    32.0457    23.7052 -9.990e-29
 237.611273      1.299  39.618126    14.9549    8.06045      1.288    32.0458    23.7052 -9.990e-29
 237.611279      1.292  39.618742    14.9553    8.05270      1.281    32.0461    23.7053 -9.990e-29
 237.611285      1.288  39.619054    14.9554    8.04891      1.277    32.0463    23.7054 -9.990e-29
 237.611291      1.293  39.618913    14.9550    8.03520      1.282    32.0465    23.7057 -9.990e-29
 237.611296      1.301  39.618692    14.9542    8.03148      1.290    32.0469    23.7062 -9.990e-29
 237.611302      1.310  39.618092    14.9533    8.04221      1.299    32.0471    23.7065 -9.990e-29
 237.611308      1.319  39.616870    14.9527    8.05133      1.308    32.0465    23.7062 -9.990e-29
 237.611314      1.329  39.616201    14.9523    8.05773      1.318    32.0462    23.7061 -9.990e-29
 237.611319      1.341  39.616311    14.9516    8.05630      1.330    32.0469    23.7067 -9.990e-29
 237.611325      1.352  39.616220    14.9511    8.04748      1.341    32.0472    23.7071 -9.990e-29
 237.611331      1.357  39.615804    14.9506    8.03178      1.346    32.0473    23.7072 -9.990e-29
 237.611337      1.357  39.615067    14.9495    8.04064      1.346    32.0475    23.7076 -9.990e-29
 237.611343      1.352  39.613585    14.9478    8.05567      1.341    32.0476    23.7081 -9.990e-29
 237.611348      1.347  39.611624    14.9464    8.05744      1.336    32.0469    23.7079 -9.990e-29
 237.611354      1.344  39.610491    14.9468    8.05326      1.333    32.0456    23.7068 -9.990e-29
 237.611360      1.344  39.611480    14.9485    8.03957      1.333    32.0451    23.7060 -9.990e-29
 237.611366      1.347  39.613661    14.9497    8.04070      1.336    32.0461    23.7065 -9.990e-29
 237.611372      1.353  39.614890    14.9496    8.05227      1.342    32.0473    23.7074 -9.990e-29
 237.611377      1.367  39.614561    14.9486    8.06416      1.356    32.0478    23.7080 -9.990e-29
 237.611383      1.389  39.613355    14.9480    8.06004      1.377    32.0472    23.7077 -9.990e-29
 237.611389      1.412  39.612467    14.9488    8.04090      1.400    32.0457    23.7064 -9.990e-29
 237.611395      1.434  39.612952    14.9502    8.02772      1.422    32.0450    23.7056 -9.990e-29
 237.611400      1.456  39.614332    14.9507    8.03236      1.444    32.0458    23.7061 -9.990e-29
 237.611406      1.484  39.615078    14.9491    8.04343      1.472    32.0478    23.7080 -9.990e-29
 237.611412      1.523  39.613379    14.9457    8.06200      1.510    32.0490    23.7096 -9.990e-29
 237.611418      1.577  39.609773    14.9426    8.07699      1.564    32.0483    23.7097 -9.990e-29
 237.611424      1.644  39.607301    14.9402    8.09466      1.630    32.0480    23.7100 -9.990e-29
 237.611429      1.724  39.606031    14.9391    8.12906      1.710    32.0477    23.7101 -9.990e-29
 237.611435      1.826  39.605386    14.9409    8.14983      1.811    32.0457    23.7081 -9.990e-29
 237.611441      1.963  39.607308    14.9446    8.16363      1.947    32.0443    23.7062 0.0000e+00
 237.611447      2.141  39.610991    14.9453    8.15420      2.123    32.0470    23.7082 0.0000e+00
 237.611453      2.368  39.612369    14.9368    8.11318      2.348    32.0551    23.7163 0.0000e+00
 237.611458      2.642  39.606543    14.9107    8.03439      2.620    32.0712    23.7342 0.0000e+00
 237.611464      2.950  39.587988    14.8600    7.91494      2.925    32.0960    23.7642 0.0000e+00
 237.611470      3.276  39.552715    14.7799    7.80997      3.249    32.1300    23.8074 0.0000e+00
 237.611476      3.609  39.498564    14.6627    7.72753      3.579    32.1777    23.8690 0.0000e+00
 237.611481      3.938  39.418392    14.5179    7.65917      3.905    32.2247    23.9358 0.0000e+00
 237.611487      4.255  39.315237    14.3809    7.59787      4.219    32.2445    23.9798 0.0000e+00
 237.611493      4.546  39.217580    14.2787    7.55441      4.508    32.2403    23.9978 0.0000e+00
 237.611499      4.799  39.147759    14.2227    7.52588      4.759    32.2229    23.9961 0.0000e+00
 237.611505      5.004  39.111933    14.2151    7.49448      4.962    32.1963    23.9771 0.0000e+00
 237.611510      5.158  39.109432    14.2455    7.46377      5.115    32.1686    23.9495 -9.990e-29
 237.611516      5.267  39.132980    14.2925    7.43265      5.223    32.1510    23.9261 -9.990e-29
 237.611522      5.340  39.167974    14.3216    7.41793      5.295    32.1588    23.9261 -9.990e-29
 237.611528      5.391  39.188153    14.3072    7.43284      5.346    32.1892    23.9525 -9.990e-29
 237.611534      5.433  39.173876    14.2582    7.44877      5.388    32.2170    23.9841 -9.990e-29
 237.611539      5.472  39.133038    14.2096    7.45176      5.426    32.2201    23.9966 -9.990e-29
 237.611545      5.506  39.096447    14.1863    7.44032      5.460    32.2059    23.9905 -9.990e-29
 237.611551      5.533  39.081490    14.1887    7.42300      5.487    32.1902    23.9779 -9.990e-29
 237.611557      5.555  39.083916    14.2037    7.39272      5.509    32.1799    23.9668 -9.990e-29
 237.611562      5.574  39.094052    14.2119    7.37271      5.527    32.1824    23.9670 -9.990e-29
 237.611568      5.594  39.097925    14.2029    7.36720      5.547    32.1934    23.9774 -9.990e-29
 237.611574      5.626  39.089484    14.1751    7.36605      5.579    32.2088    23.9951 -9.990e-29
 237.611580      5.672  39.069816    14.1338    7.36683      5.625    32.2253    24.0163 -9.990e-29
 237.611586      5.721  39.041301    14.1018    7.35090      5.673    32.2258    24.0233 -9.990e-29
 237.611591      5.760  39.019758    14.0979    7.33362      5.712    32.2092    24.0113 -9.990e-29
 237.611597      5.779  39.019642    14.1100    7.33678      5.731    32.1990    24.0009 -9.990e-29
 237.611603      5.778  39.031251    14.1119    7.34743      5.730    32.2081    24.0076 -9.990e-29
 237.611609      5.766  39.033602    14.0955    7.35200      5.718    32.2240    24.0232 -9.990e-29
 237.611615      5.747  39.018612    14.0845    7.35251      5.699    32.2194    24.0219 -9.990e-29
 237.611620      5.723  39.006682    14.1012    7.33803      5.675    32.1945    23.9993 -9.990e-29
 237.611626      5.702  39.018918    14.1316    7.34084      5.654    32.1803    23.9821 -9.990e-29
 237.611632      5.687  39.041899    14.1490    7.34875      5.639    32.1869    23.9836 -9.990e-29
 237.611638      5.681  39.052980    14.1434    7.36116      5.634    32.2018    23.9962 -9.990e-29
 237.611644      5.692  39.047870    14.1245    7.37255      5.644    32.2129    24.0087 -9.990e-29
 237.611649      5.716  39.034344    14.1134    7.37433      5.668    32.2097    24.0085 -9.990e-29
 237.611655      5.739  39.026896    14.1201    7.37818      5.691    32.1972    23.9975 -9.990e-29
 237.611661      5.756  39.032973    14.1324    7.39149      5.708    32.1926    23.9913 -9.990e-29
 237.611667      5.774  39.041599    14.1391    7.38607      5.726    32.1949    23.9918 -9.990e-29
 237.611672      5.790  39.044644    14.1428    7.37519      5.742    32.1946    23.9908 -9.990e-29
 237.611678      5.799  39.046729    14.1472    7.38069      5.751    32.1928    23.9885 -9.990e-29
 237.611684      5.803  39.050632    14.1495    7.38427      5.754    32.1945    23.9893 -9.990e-29
 237.611690      5.802  39.053140    14.1441    7.40012      5.753    32.2013    23.9957 -9.990e-29
 237.611696      5.801  39.048622    14.1338    7.40440      5.753    32.2057    24.0012 -9.990e-29
 237.611701      5.802  39.038904    14.1326    7.39640      5.753    32.1978    23.9954 -9.990e-29
 237.611707      5.803  39.036830    14.1450    7.37847      5.754    32.1856    23.9834 -9.990e-29
 237.611713      5.803  39.046359    14.1575    7.35799      5.754    32.1839    23.9795 -9.990e-29
 237.611719      5.811  39.055511    14.1579    7.36422      5.762    32.1919    23.9856 -9.990e-29
 237.611725      5.831  39.055176    14.1404    7.37623      5.782    32.2062    24.0003 -9.990e-29
 237.611730      5.861  39.041541    14.1096    7.38028      5.812    32.2194    24.0168 -9.990e-29
 237.611736      5.890  39.017741    14.0890    7.38144      5.841    32.2148    24.0174 -9.990e-29
 237.611742      5.902  39.003079    14.0963    7.38873      5.853    32.1952    24.0008 -9.990e-29
 237.611748      5.890  39.011089    14.1213    7.38971      5.841    32.1817    23.9852 -9.990e-29
 237.611753      5.861  39.031129    14.1444    7.38633      5.812    32.1808    23.9798 -9.990e-29
 237.611759      5.830  39.046725    14.1566    7.38221      5.781    32.1850    23.9805 -9.990e-29
 237.611765      5.809  39.053435    14.1577    7.39125      5.760    32.1902    23.9843 -9.990e-29
 237.611771      5.801  39.053478    14.1483    7.39855      5.753    32.1981    23.9923 -9.990e-29
 237.611777      5.804  39.046352    14.1306    7.40681      5.755    32.2063    24.0024 -9.990e-29
 237.611782      5.816  39.032649    14.1137    7.39557      5.767    32.2079    24.0070 -9.990e-29
 237.611788      5.823  39.019336    14.1119    7.37491      5.774    32.1971    23.9991 -9.990e-29
 237.611794      5.813  39.018382    14.1280    7.35007      5.764    32.1828    23.9847 -9.990e-29
 237.611800      5.790  39.032436    14.1441    7.35588      5.742    32.1823    23.9810 -9.990e-29
 237.611806      5.775  39.044893    14.1404    7.36973      5.727    32.1968    23.9930 -9.990e-29
 237.611811      5.778  39.040394    14.1141    7.37527      5.730    32.2147    24.0122 -9.990e-29
 237.611817      5.792  39.020235    14.0855    7.37406      5.744    32.2200    24.0222 -9.990e-29
 237.611823      5.800  39.000166    14.0837    7.37025      5.752    32.2031    24.0095 -9.990e-29
 237.611829      5.789  39.001658    14.1087    7.37110      5.741    32.1835    23.9893 -9.990e-29
 237.611834      5.765  39.023321    14.1342    7.38311      5.717    32.1822    23.9830 -9.990e-29
 237.611840      5.745  39.041310    14.1462    7.39614      5.697    32.1887    23.9855 -9.990e-29
 237.611846      5.743  39.046521    14.1450    7.39950      5.695    32.1945    23.9902 -9.990e-29
 237.611852      5.753  39.043102    14.1392    7.39826      5.705    32.1962    23.9927 -9.990e-29
 237.611858      5.767  39.037150    14.1423    7.38906      5.719    32.1881    23.9859 -9.990e-29
 237.611863      5.779  39.039235    14.1543    7.38805      5.731    32.1800    23.9772 -9.990e-29
 237.611869      5.784  39.048768    14.1620    7.39752      5.736    32.1823    23.9774 -9.990e-29
 237.611875      5.787  39.054335    14.1583    7.40175      5.739    32.1905    23.9844 -9.990e-29
 237.611881      5.797  39.051580    14.1462    7.41333      5.749    32.1981    23.9928 -9.990e-29
 237.611887      5.819  39.043561    14.1333    7.41455      5.770    32.2015    23.9981 -9.990e-29
 237.611892      5.849  39.034730    14.1292    7.41034      5.800    32.1968    23.9953 -9.990e-29
 237.611898      5.881  39.032376    14.1374    7.40981      5.832    32.1878    23.9866 -9.990e-29
 237.611904      5.914  39.039525    14.1509    7.40097      5.865    32.1831    23.9802 -9.990e-29
 237.611910      5.944  39.049436    14.1608    7.38911      5.894    32.1839    23.9788 -9.990e-29
 237.611916      5.969  39.055693    14.1626    7.39924      5.919    32.1881    23.9817 -9.990e-29
 237.611921      5.995  39.054296    14.1563    7.43952      5.945    32.1921    23.9861 -9.990e-29
 237.611927      6.029  39.043198    14.1387    7.52353      5.979    32.1966    23.9932 -9.990e-29
 237.611933      6.072  39.026674    14.1127    7.60643      6.021    32.2031    24.0036 -9.990e-29
 237.611939      6.127  39.011097    14.1010    7.64486      6.076    32.1985    24.0025 -9.990e-29
 237.611944      6.198  39.008205    14.1137    7.67843      6.146    32.1852    23.9896 -9.990e-29
 237.611950      6.288  39.022340    14.1290    7.66300      6.235    32.1854    23.9866 -9.990e-29
 237.611956      6.404  39.034744    14.1240    7.55978      6.350    32.2009    23.9996 -9.990e-29
 237.611962      6.558  39.029966    14.0792    7.39475      6.503    32.2339    24.0343 0.0000e+00
 237.611968      6.763  38.997695    13.9624    7.22436      6.706    32.3021    24.1109 0.0000e+00
 237.611973      7.024  38.912835    13.7395    7.00409      6.965    32.4114    24.2408 0.0000e+00
 237.611979      7.332  38.745235    13.4110    6.75719      7.271    32.5342    24.4020 0.0000e+00
 237.611985      7.667  38.494075    13.0409    6.47293      7.603    32.6153    24.5382 0.0000e+00
 237.611991      8.018  38.214798    12.6892    6.19064      7.951    32.6542    24.6369 0.0000e+00
 237.611997      8.375  37.955040    12.3534    5.89306      8.305    32.6977    24.7351 0.0000e+00
 237.612002      8.729  37.704310    12.0284    5.66048      8.656    32.7405    24.8295 0.0000e+00
 237.612008      9.074  37.453493    11.7337    5.54378      8.998    32.7564    24.8966 0.0000e+00
 237.612014      9.413  37.220828    11.4700    5.46936      9.334    32.7622    24.9493 0.0000e+00
 237.612020      9.736  37.010606    11.2259    5.45891      9.655    32.7723    25.0011 0.0000e+00
 237.612025     10.030  36.812738    11.0335    5.38929      9.946    32.7481    25.0166 0.0000e+00
 237.612031     10.279  36.653228    10.9499    5.31558     10.193    32.6645    24.9664 0.0000e+00
 237.612037     10.473  36.586225    10.9974    5.21984     10.385    32.5559    24.8734 0.0000e+00
 237.612043     10.620  36.640078    11.1344    5.17378     10.531    32.4878    24.7962 -9.990e-29
 237.612049     10.744  36.764325    11.2601    5.20881     10.654    32.4991    24.7826 -9.990e-29
 237.612054     10.859  36.857174    11.2604    5.26438     10.768    32.5901    24.8534 -9.990e-29
 237.612060     10.965  36.830493    11.1241    5.25474     10.873    32.6846    24.9512 -9.990e-29
 237.612066     11.047  36.693575    10.9805    5.21803     10.955    32.6769    24.9706 -9.990e-29
 237.612072     11.088  36.573353    10.9287    5.20166     10.995    32.6039    24.9229 -9.990e-29
 237.612078     11.093  36.538801    10.9625    5.19748     11.000    32.5396    24.8669 -9.990e-29
 237.612083     11.073  36.576875    11.0055    5.20508     10.980    32.5392    24.8590 -9.990e-29
 237.612089     11.040  36.623937    10.9851    5.25073     10.948    32.6039    24.9130 -9.990e-29
 237.612095     11.018  36.600320    10.9200    5.25274     10.926    32.6384    24.9513 -9.990e-29
 237.612101     11.022  36.535088    10.8681    5.21963     10.930    32.6199    24.9460 -9.990e-29
 237.612106     11.049  36.491505    10.8857    5.18079     10.956    32.5609    24.8970 -9.990e-29
 237.612112     11.091  36.506179    10.9815    5.15740     10.998    32.4905    24.8254 -9.990e-29
 237.612118     11.134  36.586867    11.0450    5.17309     11.041    32.5140    24.8325 -9.990e-29
 237.612124     11.156  36.637046    10.9920    5.17334     11.063    32.6107    24.9170 -9.990e-29
