data/oxygen options/OCNMS/OCNMS2/raw_data/2004/CTD_CE30_061604faedb.cnv
* Sea-Bird SBE19 Data File:
* FileName = C:\WINDOWS\Desktop\put hypoxia files here\CTD files\CE\CE30m061604.hex
* Software Version 1.1.4
* Temperature SN = 2997
* Conductivity SN = 2997
* System UpLoad Time = Jun 16 2004 11:24:51
** Cape Elizabeth hypoxia June 16, 2004 30m CE-3
* SEACAT PROFILER V3.1c SN 2997   06/16/04  11:28:54.800
# nquan = 9
# nvalues = 27                          
# units = specified
# name 0 = timeJ: Julian Days
# name 1 = prSM: Pressure, Strain Gauge [db]
# name 2 = c0mS/cm: Conductivity [mS/cm]
# name 3 = t090C: Temperature [ITS-90, deg C]
# name 4 = oxML/L: Oxygen, Beckman/YSI [ml/l]
# name 5 = depSM: Depth [salt water, m], lat = 47.5
# name 6 = sal00: Salinity, Practical [PSU]
# name 7 = sigma-é00: Density [sigma-theta, kg/m^3]
# name 8 = flag: flag
# span 0 = 168.384968, 168.385586       
# span 1 =      2.000,     28.000       
# span 2 =  34.633774,  36.358798       
# span 3 =     8.2986,    14.5827       
# span 4 =    2.55358,    5.70655       
# span 5 =      1.983,     27.764       
# span 6 =    29.2494,    33.0190       
# span 7 =    21.6301,    25.6730       
# span 8 = 0.0000e+00, 0.0000e+00       
# interval = decibars: 1                
# start_time = Jun 16 2004 09:10:49 [Instrument's time stamp, header]
# bad_flag = -9.990e-29
*END*
 168.384968      2.000  36.183761    14.5827    5.70655      1.983    29.2494    21.6301 0.0000e+00
 168.384992      3.000  36.253369    14.5657    5.68082      2.975    29.3243    21.6912 0.0000e+00
 168.385010      4.000  36.294830    14.4364    5.49754      3.966    29.4592    21.8216 0.0000e+00
 168.385024      5.000  36.358798    14.0207    5.29474      4.958    29.8357    22.1960 0.0000e+00
 168.385039      6.000  36.344257    13.5989    4.65246      5.950    30.1512    22.5234 0.0000e+00
 168.385052      7.000  36.302829    13.0241    4.02281      6.941    30.5719    22.9603 0.0000e+00
 168.385067      8.000  36.198184    11.7305    3.85532      7.933    31.5411    23.9534 0.0000e+00
 168.385081      9.000  36.033234    11.0785    3.74006      8.925    31.9393    24.3795 0.0000e+00
 168.385095     10.000  35.954836    10.8494    3.68830      9.916    32.0612    24.5144 0.0000e+00
 168.385109     11.000  35.854788    10.6221    3.60351     10.908    32.1610    24.6313 0.0000e+00
 168.385124     12.000  35.740282    10.3623    3.52324     11.900    32.2759    24.7651 0.0000e+00
 168.385140     13.000  35.577888    10.0764    3.56827     12.891    32.3666    24.8839 0.0000e+00
 168.385156     14.000  35.463051     9.9127    3.45096     13.883    32.3967    24.9344 0.0000e+00
 168.385173     15.000  35.378663     9.6849    3.16408     14.874    32.5159    25.0647 0.0000e+00
 168.385189     16.000  35.089963     8.9159    3.10496     15.866    32.9225    25.5045 0.0000e+00
 168.385205     17.000  34.758700     8.4640    2.99919     16.858    32.9950    25.6309 0.0000e+00
 168.385223     18.000  34.720486     8.4428    2.94171     17.849    32.9741    25.6178 0.0000e+00
 168.385242     19.000  34.669312     8.3594    2.88816     18.841    32.9978    25.6488 0.0000e+00
 168.385261     20.000  34.657114     8.3462    2.85645     19.832    32.9968    25.6501 0.0000e+00
 168.385279     21.000  34.666368     8.3628    2.81862     20.824    32.9905    25.6427 0.0000e+00
 168.385299     22.000  34.659995     8.3365    2.78446     21.815    33.0080    25.6603 0.0000e+00
 168.385318     23.000  34.646615     8.3093    2.73346     22.807    33.0190    25.6730 0.0000e+00
 168.385337     24.000  34.640301     8.3030    2.71399     23.798    33.0177    25.6730 0.0000e+00
 168.385358     25.000  34.635073     8.2992    2.70187     24.790    33.0152    25.6716 0.0000e+00
 168.385377     26.000  34.633774     8.2986    2.68312     25.781    33.0140    25.6707 0.0000e+00
 168.385399     27.000  34.634998     8.3043    2.65377     26.773    33.0095    25.6664 0.0000e+00
 168.385586     28.000  34.646598     8.3379    2.55358     27.764    32.9898    25.6458 0.0000e+00
