data/oxygen options/OCNMS/OCNMS2/raw_data/2004/CTD_CA50_082404faed.cnv
* Sea-Bird SBE19 Data File:
* FileName = C:\WINDOWS\Desktop\put hypoxia files here\CTD data\August 24_25-04\CA50_082404.hex
* Software Version 1.1.4
* Temperature SN = 2997
* Conductivity SN = 2997
* System UpLoad Time = Aug 24 2004 12:35:07
* SEACAT PROFILER V3.1c SN 2997   08/24/04  12:36:40.080
* strain gauge pressure sensor: S/N = 184829,  range = 3000 psia,  tc = 40
# nquan = 9                                 
# nvalues = 669                         
# units = specified
# name 0 = timeJ: Julian Days
# name 1 = prSM: Pressure, Strain Gauge [db]
# name 2 = c0mS/cm: Conductivity [mS/cm]
# name 3 = t090C: Temperature [ITS-90, deg C]
# name 4 = oxML/L: Oxygen, Beckman/YSI [ml/l]
# name 5 = depSM: Depth [salt water, m], lat = 47.5
# name 6 = sal00: Salinity, Practical [PSU]
# name 7 = sigma-é00: Density [sigma-theta, kg/m^3]
# name 8 = flag: flag
# span 0 = 237.460544, 237.464410       
# span 1 =     -5.214,     50.936       
# span 2 =   0.875403,  38.748359       
# span 3 =     7.8652,    14.5180       
# span 4 =   -0.05367,   31.54948       
# span 5 =     -5.171,     50.505       
# span 6 =     0.5469,    33.5011       
# span 7 =    -0.3994,    26.0100       
# span 8 = 0.0000e+00, 0.0000e+00       
# interval = seconds: 0.5
# start_time = Aug 24 2004 11:03:11 [Instrument's time stamp, header]
# bad_flag = -9.990e-29
*END*
 237.460544     -5.200 -9.990e-29    14.4902   -0.05362     -5.157 -9.990e-29 -9.990e-29 -9.990e-29
 237.460550     -5.208   0.875403    14.4904   -0.05363     -5.165     0.5469    -0.3994 -9.990e-29
 237.460556     -5.214   0.877207    14.4905   -0.05363     -5.171     0.5480    -0.3985 -9.990e-29
 237.460561     -5.210   0.915011    14.4905   -0.05365     -5.167     0.5726    -0.3795 -9.990e-29
 237.460567     -5.196   1.019229    14.4906   -0.05367     -5.153     0.6408    -0.3267 -9.990e-29
 237.460573     -5.180   1.172809    14.4907   -0.05367     -5.137     0.7419    -0.2484 -9.990e-29
 237.460579     -5.164   1.337357    14.4908   -0.05365     -5.121     0.8512    -0.1639 -9.990e-29
 237.460584     -5.147   1.474558    14.4908   -0.05364     -5.104     0.9429    -0.0930 -9.990e-29
 237.460590     -5.129   1.550638    14.4910   -0.05363     -5.086     0.9940    -0.0535 -9.990e-29
 237.460596     -5.108   1.581455    14.4917   -0.05360     -5.065     1.0147    -0.0376 -9.990e-29
 237.460602     -5.083   1.595322    14.4924   -0.05325     -5.041     1.0241    -0.0305 -9.990e-29
 237.460608     -5.057   1.583509    14.4926   -0.05332     -5.015     1.0161    -0.0367 -9.990e-29
 237.460613     -5.033   1.551930    14.4925   -0.05338     -4.991     0.9949    -0.0531 -9.990e-29
 237.460619     -5.008   1.514029    14.4923   -0.05343     -4.966     0.9694    -0.0728 -9.990e-29
 237.460625     -4.981   1.468156    14.4923   -0.05349     -4.939     0.9386    -0.0966 -9.990e-29
 237.460631     -4.951   1.430359    14.4927   -0.05359     -4.910     0.9133    -0.1162 -9.990e-29
 237.460637     -4.919   1.431339    14.4943   -0.05360     -4.878     0.9139    -0.1160 -9.990e-29
 237.460642     -4.889   1.474623    14.4981   -0.05355     -4.848     0.9428    -0.0942 -9.990e-29
 237.460648     -4.858   1.547381    14.5037   -0.04513     -4.818     0.9915    -0.0573 -9.990e-29
 237.460654     -4.825   1.689411    14.5095   -0.04499     -4.785     1.0871     0.0157 -9.990e-29
 237.460660     -4.786   2.033984    14.5149   -0.04508     -4.746     1.3213     0.1959 -9.990e-29
 237.460666     -4.745   2.462079    14.5180   -0.04511     -4.705     1.6161     0.4230 -9.990e-29
 237.460671     -4.702   2.610411    14.5166   -0.04513     -4.663     1.7192     0.5027 -9.990e-29
 237.460677     -4.650   2.502339    14.5111   -0.04513     -4.611     1.6443     0.4458 -9.990e-29
 237.460683     -4.587   2.390035    14.4995   -0.04513     -4.549     1.5669     0.3878 -9.990e-29
 237.460689     -4.517   2.447180    14.4682   -0.04512     -4.479     1.6078     0.4239 -9.990e-29
 237.460694     -4.439   3.120563    14.3751   -0.04512     -4.402     2.0840     0.8052 -9.990e-29
 237.460700     -4.349   5.685815    14.1950   -0.04512     -4.313     3.9638     2.2803 -9.990e-29
 237.460706     -4.242  13.652164    13.9951   -0.04512     -4.207    10.2201     7.1195 -9.990e-29
 237.460712     -4.109  25.790163    13.8598   -0.04512     -4.075    20.5110    15.0474 -9.990e-29
 237.460718     -3.948  34.197902    13.7940   -0.04512     -3.915    28.0430    20.8584 -9.990e-29
 237.460723     -3.773  37.196017    13.7661   -0.04511     -3.742    30.8066    22.9959 -9.990e-29
 237.460729     -3.612  38.194766    13.7559   -0.04507     -3.582    31.7365    23.7159 -9.990e-29
 237.460735     -3.476  38.527511    13.7536   -0.04511     -3.447    32.0464    23.9557 -9.990e-29
 237.460741     -3.365  38.639617    13.7557   -0.04512     -3.337    32.1484    24.0341 -9.990e-29
 237.460747     -3.280  38.678900    13.7595   -0.04513     -3.253    32.1816    24.0590 -9.990e-29
 237.460752     -3.221  38.689347    13.7620   -0.04512     -3.194    32.1892    24.0643 -9.990e-29
 237.460758     -3.176  38.684913    13.7624   -0.04510     -3.150    32.1847    24.0608 -9.990e-29
 237.460764     -3.123  38.677666    13.7618   -0.04506     -3.097    32.1785    24.0561 -9.990e-29
 237.460770     -3.052  38.679285    13.7628   -0.04510     -3.027    32.1791    24.0564 -9.990e-29
 237.460775     -2.970  38.693075    13.7699   -0.04512     -2.945    32.1859    24.0602 -9.990e-29
 237.460781     -2.898  38.711083    13.7775   -0.04512     -2.874    32.1962    24.0666 -9.990e-29
 237.460787     -2.849  38.721438    13.7743   -0.04511     -2.825    32.2084    24.0767 -9.990e-29
 237.460793     -2.819  38.716657    13.7648   -0.04508     -2.795    32.2120    24.0813 -9.990e-29
 237.460799     -2.794  38.703294    13.7592   -0.04508     -2.771    32.2043    24.0765 -9.990e-29
 237.460804     -2.763  38.696093    13.7620   -0.04512     -2.740    32.1952    24.0690 -9.990e-29
 237.460810     -2.730  38.702306    13.7738   -0.04513     -2.707    32.1911    24.0634 -9.990e-29
 237.460816     -2.700  38.719580    13.7836   -0.04512     -2.677    32.1988    24.0674 -9.990e-29
 237.460822     -2.680  38.733948    13.7792   -0.04512     -2.658    32.2158    24.0814 -9.990e-29
 237.460828     -2.668  38.730938    13.7670   -0.04509     -2.646    32.2233    24.0897 -9.990e-29
 237.460833     -2.656  38.718345    13.7605   -0.04506     -2.634    32.2171    24.0862 -9.990e-29
 237.460839     -2.639  38.716427    13.7649   -0.04509     -2.617    32.2116    24.0810 -9.990e-29
 237.460845     -2.614  38.728259    13.7748   -0.04513     -2.592    32.2142    24.0811 -9.990e-29
 237.460851     -2.586  38.739909    13.7775   -0.04514     -2.564    32.2227    24.0871 -9.990e-29
 237.460856     -2.561  38.737204    13.7700   -0.04513     -2.540    32.2265    24.0915 -9.990e-29
 237.460862     -2.532  38.720493    13.7622   -0.04514     -2.511    32.2176    24.0862 -9.990e-29
 237.460868     -2.486  38.705665    13.7604   -0.04510     -2.465    32.2053    24.0771 -9.990e-29
 237.460874     -2.420  38.705510    13.7660   -0.04508     -2.400    32.2005    24.0722 -9.990e-29
 237.460880     -2.341  38.719283    13.7785   -0.04512     -2.321    32.2027    24.0714 -9.990e-29
 237.460885     -2.266  38.737321    13.7869   -0.04513     -2.247    32.2123    24.0771 -9.990e-29
 237.460891     -2.213  38.748359    13.7800   -0.04513     -2.195    32.2283    24.0909 -9.990e-29
 237.460897     -2.185  38.743023    13.7645   -0.04512     -2.167    32.2364    24.1003 -9.990e-29
 237.460903     -2.174  38.724322    13.7528   -0.04511     -2.156    32.2289    24.0969 -9.990e-29
 237.460909     -2.160  38.708857    13.7481   -0.04511     -2.142    32.2185    24.0898 -9.990e-29
 237.460914     -2.135  38.708004    13.7516   -0.04511     -2.117    32.2148    24.0862 -9.990e-29
 237.460920     -2.106  38.718403    13.7637   -0.04511     -2.088    32.2142    24.0833 -9.990e-29
 237.460926     -2.087  38.732068    13.7730   -0.04511     -2.070    32.2191    24.0852 -9.990e-29
 237.460932     -2.087  38.739754    13.7692   -0.04511     -2.070    32.2294    24.0939 -9.990e-29
 237.460938     -2.096  38.729301    13.7606   -0.04511     -2.079    32.2269    24.0938 -9.990e-29
 237.460943     -2.098  38.707553    13.7580   -0.04510     -2.081    32.2090    24.0804 -9.990e-29
 237.460949     -2.081  38.694901    13.7610   -0.04510     -2.064    32.1947    24.0688 -9.990e-29
 237.460955     -2.038  38.695817    13.7662   -0.04511     -2.021    32.1912    24.0650 -9.990e-29
 237.460961     -1.981  38.704816    13.7707   -0.04511     -1.964    32.1957    24.0676 -9.990e-29
 237.460966     -1.931  38.713726    13.7725   -0.04511     -1.915    32.2024    24.0724 -9.990e-29
 237.460972     -1.898  38.714818    13.7721   -0.04510     -1.882    32.2038    24.0736 -9.990e-29
 237.460978     -1.870  38.712941    13.7715   -0.04509     -1.854    32.2025    24.0727 -9.990e-29
 237.460984     -1.839  38.716274    13.7715   -0.04509     -1.824    32.2056    24.0751 -9.990e-29
 237.460990     -1.810  38.723117    13.7727   -0.04511     -1.795    32.2109    24.0790 -9.990e-29
 237.460995     -1.790  38.728032    13.7755   -0.04511     -1.775    32.2131    24.0801 -9.990e-29
 237.461001     -1.778  38.729183    13.7776   -0.04511     -1.763    32.2124    24.0791 -9.990e-29
 237.461007     -1.773  38.725886    13.7767   -0.04510     -1.758    32.2101    24.0775 -9.990e-29
 237.461013     -1.771  38.717697    13.7749   -0.04509     -1.756    32.2040    24.0732 -9.990e-29
 237.461019     -1.762  38.710551    13.7759   -0.04510     -1.747    32.1966    24.0672 -9.990e-29
 237.461024     -1.747  38.711776    13.7808   -0.04511     -1.732    32.1936    24.0639 -9.990e-29
 237.461030     -1.733  38.720226    13.7863   -0.04511     -1.719    32.1968    24.0653 -9.990e-29
 237.461036     -1.722  38.726997    13.7869   -0.04512     -1.708    32.2025    24.0696 -9.990e-29
 237.461042     -1.716  38.723752    13.7822   -0.04510     -1.702    32.2035    24.0713 -9.990e-29
 237.461047     -1.708  38.714046    13.7774   -0.04510     -1.694    32.1985    24.0684 -9.990e-29
 237.461053     -1.690  38.708521    13.7767   -0.04510     -1.676    32.1940    24.0651 -9.990e-29
 237.461059     -1.661  38.711056    13.7809   -0.04511     -1.647    32.1928    24.0633 -9.990e-29
 237.461065     -1.632  38.718882    13.7852   -0.04511     -1.618    32.1964    24.0652 -9.990e-29
 237.461071     -1.613  38.725071    13.7845   -0.04511     -1.600    32.2027    24.0703 -9.990e-29
 237.461076     -1.603  38.721632    13.7799   -0.04511     -1.590    32.2034    24.0717 -9.990e-29
 237.461082     -1.590  38.711858    13.7759   -0.04510     -1.577    32.1977    24.0681 -9.990e-29
 237.461088     -1.564  38.706862    13.7757   -0.04509     -1.551    32.1932    24.0647 -9.990e-29
 237.461094     -1.530  38.709545    13.7795   -0.04511     -1.517    32.1925    24.0634 -9.990e-29
 237.461100     -1.506  38.716213    13.7831   -0.04512     -1.493    32.1957    24.0651 -9.990e-29
 237.461105     -1.501  38.721197    13.7822   -0.04512     -1.488    32.2010    24.0694 -9.990e-29
 237.461111     -1.511  38.719949    13.7781   -0.04511     -1.498    32.2033    24.0720 -9.990e-29
 237.461117     -1.521  38.714198    13.7745   -0.04510     -1.508    32.2010    24.0710 -9.990e-29
 237.461123     -1.520  38.708642    13.7730   17.65660     -1.507    32.1971    24.0683 -9.990e-29
 237.461128     -1.511  38.708239    13.7744   29.82396     -1.498    32.1956    24.0668 -9.990e-29
 237.461134     -1.492  38.713036    13.7788   31.54948     -1.480    32.1963    24.0665 -9.990e-29
 237.461140     -1.466  38.717114    13.7816   27.70364     -1.454    32.1977    24.0670 -9.990e-29
 237.461146     -1.440  38.716959    13.7788   18.02960     -1.428    32.1999    24.0693 -9.990e-29
 237.461152     -1.418  38.712389    13.7738   14.39119     -1.406    32.1999    24.0702 -9.990e-29
 237.461157     -1.396  38.706873    13.7720   14.40894     -1.384    32.1963    24.0678 -9.990e-29
 237.461163     -1.374  38.706544    13.7751   14.37042     -1.363    32.1934    24.0649 -9.990e-29
 237.461169     -1.356  38.711546    13.7790   14.37370     -1.345    32.1947    24.0652 -9.990e-29
 237.461175     -1.348  38.714552    13.7778   12.86578     -1.337    32.1985    24.0684 -9.990e-29
 237.461181     -1.349  38.708376    13.7719    9.22290     -1.338    32.1977    24.0690 -9.990e-29
 237.461186     -1.351  38.696028    13.7657    6.88149     -1.340    32.1915    24.0654 -9.990e-29
 237.461192     -1.351  38.686872    13.7613    5.69499     -1.340    32.1867    24.0626 -9.990e-29
 237.461198     -1.348  38.682746    13.7590    5.97705     -1.337    32.1848    24.0616 -9.990e-29
 237.461204     -1.342  38.680979    13.7582    6.97180     -1.331    32.1839    24.0610 -9.990e-29
 237.461209     -1.332  38.680360    13.7580    7.29896     -1.321    32.1835    24.0607 -9.990e-29
 237.461215     -1.319  38.680089    13.7580    7.49989     -1.308    32.1832    24.0606 -9.990e-29
 237.461221     -1.304  38.679831    13.7581    7.63633     -1.293    32.1829    24.0603 -9.990e-29
 237.461227     -1.293  38.679265    13.7589    7.71260     -1.282    32.1817    24.0592 -9.990e-29
 237.461233     -1.279  38.678785    13.7597    7.77389     -1.268    32.1805    24.0582 -9.990e-29
 237.461238     -1.258  38.678897    13.7599    7.81657     -1.248    32.1805    24.0581 -9.990e-29
 237.461244     -1.228  38.679214    13.7600    7.83362     -1.218    32.1807    24.0582 -9.990e-29
 237.461250     -1.191  38.679623    13.7603    7.84693     -1.181    32.1808    24.0582 -9.990e-29
 237.461256     -1.155  38.680134    13.7607    7.85112     -1.145    32.1809    24.0582 -9.990e-29
 237.461262     -1.120  38.680331    13.7612    7.86560     -1.111    32.1807    24.0579 -9.990e-29
 237.461267     -1.089  38.680122    13.7618    7.87532     -1.080    32.1799    24.0573 -9.990e-29
 237.461273     -1.068  38.679803    13.7622    7.86636     -1.059    32.1793    24.0567 -9.990e-29
 237.461279     -1.061  38.679706    13.7620    7.85696     -1.052    32.1794    24.0568 -9.990e-29
 237.461285     -1.062  38.679712    13.7619    7.85147     -1.053    32.1795    24.0569 -9.990e-29
 237.461291     -1.064  38.679461    13.7621    7.85872     -1.055    32.1791    24.0565 -9.990e-29
 237.461296     -1.062  38.679184    13.7618    7.86253     -1.053    32.1791    24.0566 -9.990e-29
 237.461302     -1.055  38.679076    13.7613    7.85693     -1.046    32.1794    24.0569 -9.990e-29
 237.461308     -1.044  38.679000    13.7613    7.84025     -1.035    32.1793    24.0569 -9.990e-29
 237.461314     -1.032  38.678855    13.7618    7.83253     -1.023    32.1788    24.0564 -9.990e-29
 237.461319     -1.023  38.678452    13.7612    7.84142     -1.014    32.1789    24.0566 -9.990e-29
 237.461325     -1.011  38.677819    13.7590    7.84395     -1.003    32.1801    24.0580 -9.990e-29
 237.461331     -0.997  38.677237    13.7572    7.84580     -0.989    32.1811    24.0591 -9.990e-29
 237.461337     -0.982  38.677057    13.7581    7.84089     -0.974    32.1802    24.0582 -9.990e-29
 237.461343     -0.967  38.677602    13.7610    7.83406     -0.959    32.1782    24.0561 -9.990e-29
 237.461348     -0.955  38.678479    13.7639    7.82348     -0.947    32.1766    24.0543 -9.990e-29
 237.461354     -0.945  38.679180    13.7656    7.81553     -0.937    32.1758    24.0533 -9.990e-29
 237.461360     -0.931  38.679520    13.7667    7.80840     -0.923    32.1752    24.0526 -9.990e-29
 237.461366     -0.914  38.679399    13.7674    7.81440     -0.906    32.1745    24.0519 -9.990e-29
 237.461372     -0.892  38.679219    13.7674    7.81264     -0.885    32.1743    24.0518 -9.990e-29
 237.461377     -0.867  38.679305    13.7667    7.80399     -0.860    32.1750    24.0525 -9.990e-29
 237.461383     -0.843  38.679213    13.7652    7.80039     -0.836    32.1762    24.0537 -9.990e-29
 237.461389     -0.819  38.678265    13.7638    7.79622     -0.812    32.1764    24.0542 -9.990e-29
 237.461395     -0.792  38.676881    13.7634    7.79638     -0.785    32.1755    24.0535 -9.990e-29
 237.461400     -0.765  38.676027    13.7632    7.78965     -0.759    32.1749    24.0531 -9.990e-29
 237.461406     -0.746  38.675687    13.7627    7.79734     -0.740    32.1749    24.0532 -9.990e-29
 237.461412     -0.736  38.675413    13.7631    7.80254     -0.730    32.1744    24.0527 -9.990e-29
 237.461418     -0.735  38.675402    13.7646    7.79709     -0.729    32.1731    24.0514 -9.990e-29
 237.461424     -0.740  38.676205    13.7660    7.77867     -0.734    32.1727    24.0508 -9.990e-29
 237.461429     -0.741  38.677214    13.7665    7.76087     -0.735    32.1732    24.0511 -9.990e-29
 237.461435     -0.736  38.677534    13.7663    7.76119     -0.730    32.1736    24.0515 -9.990e-29
 237.461441     -0.722  38.677597    13.7660    7.78170     -0.716    32.1739    24.0518 -9.990e-29
 237.461447     -0.704  38.677491    13.7660    7.78304     -0.698    32.1738    24.0517 -9.990e-29
 237.461453     -0.685  38.677079    13.7664    7.76603     -0.679    32.1731    24.0511 -9.990e-29
 237.461458     -0.664  38.676936    13.7671    7.75278     -0.658    32.1724    24.0504 -9.990e-29
 237.461464     -0.643  38.676876    13.7678    7.75489     -0.638    32.1717    24.0497 -9.990e-29
