data/oxygen options/OCNMS/OCNMS2/raw_data/2004/CTD_CA80_072704faed.cnv
* Sea-Bird SBE19 Data File:
* FileName = C:\WINDOWS\Desktop\put hypoxia files here\CTD files\July 26_27-04\CA\CA8_072704.hex
* Software Version 1.1.4
* Temperature SN = 2997
* Conductivity SN = 2997
* System UpLoad Time = Jul 27 2004 15:27:50
* SEACAT PROFILER V3.1c SN 2997   07/27/04  15:27:19.455
* strain gauge pressure sensor: S/N = 184829,  range = 3000 psia,  tc = 40
# nquan = 9                                 
# nvalues = 821                         
# units = specified
# name 0 = timeJ: Julian Days
# name 1 = prSM: Pressure, Strain Gauge [db]
# name 2 = c0mS/cm: Conductivity [mS/cm]
# name 3 = t090C: Temperature [ITS-90, deg C]
# name 4 = oxML/L: Oxygen, Beckman/YSI [ml/l]
# name 5 = depSM: Depth [salt water, m], lat = 47.5
# name 6 = sal00: Salinity, Practical [PSU]
# name 7 = sigma-é00: Density [sigma-theta, kg/m^3]
# name 8 = flag: flag
# span 0 = 209.551644, 209.556389       
# span 1 =     -4.907,     78.541       
# span 2 =   1.477876,  40.341870       
# span 3 =     7.0718,    15.8383       
# span 4 =   -0.05317,   28.91984       
# span 5 =     -4.866,     77.871       
# span 6 =     0.9394,    33.8587       
# span 7 =    -0.1316,    26.5060       
# span 8 = 0.0000e+00, 0.0000e+00       
# interval = seconds: 0.5
# start_time = Jul 27 2004 13:14:22 [Instrument's time stamp, header]
# bad_flag = -9.990e-29
*END*
 209.551644     -4.904 -9.990e-29    14.7311   -0.05316     -4.863 -9.990e-29 -9.990e-29 -9.990e-29
 209.551649     -4.905   1.477876    14.7327   -0.05317     -4.864     0.9394    -0.1316 -9.990e-29
 209.551655     -4.907   1.517912    14.7350   -0.04864     -4.866     0.9661    -0.1114 -9.990e-29
 209.551661     -4.904   1.611909    14.7373   -0.04344     -4.863     1.0289    -0.0632 -9.990e-29
 209.551667     -4.889   1.829088    14.7394   -0.04300     -4.848     1.1750     0.0493 -9.990e-29
 209.551672     -4.864   2.228537    14.7417   -0.04295     -4.823     1.4466     0.2586 -9.990e-29
 209.551678     -4.841   2.699942    14.7450   -0.04288     -4.801     1.7713     0.5085 -9.990e-29
 209.551684     -4.819   2.972962    14.7502   -0.04326     -4.779     1.9610     0.6540 -9.990e-29
 209.551690     -4.791   2.952483    14.7587   -0.04299     -4.751     1.9463     0.6414 -9.990e-29
 209.551696     -4.761   2.900932    14.7766   -0.04308     -4.721     1.9095     0.6103 -9.990e-29
 209.551701     -4.730   3.249850    14.8234   -0.04295     -4.691     2.1510     0.7892 -9.990e-29
 209.551707     -4.693   4.912961    14.9569   -0.04313     -4.654     3.3263     1.6727 -9.990e-29
 209.551713     -4.646  10.429506    15.2160   -0.04293     -4.607     7.4056     4.7595 -9.990e-29
 209.551719     -4.597  20.996100    15.4990   -0.04293     -4.559    15.7041    11.0583 -9.990e-29
 209.551725     -4.545  31.668923    15.6794   -0.04296     -4.507    24.5436    17.7893 -9.990e-29
 209.551730     -4.487  37.368036    15.7659   -0.04298     -4.450    29.4161    21.5083 -9.990e-29
 209.551736     -4.425  39.189262    15.8056   -0.04297     -4.388    30.9839    22.7036 -9.990e-29
 209.551742     -4.358  39.549732    15.8105   -0.04297     -4.322    31.2976    22.9435 -9.990e-29
 209.551748     -4.283  39.455273    15.7952   -0.04298     -4.247    31.2264    22.8922 -9.990e-29
 209.551753     -4.202  39.531287    15.7817   -0.04300     -4.167    31.3040    22.9548 -9.990e-29
 209.551759     -4.124  39.736112    15.7800   -0.04301     -4.090    31.4861    23.0951 -9.990e-29
 209.551765     -4.048  39.842376    15.7805   -0.04296     -4.014    31.5795    23.1668 -9.990e-29
 209.551771     -3.969  39.891328    15.7723   -0.04294     -3.936    31.6293    23.2069 -9.990e-29
 209.551777     -3.886  40.030185    15.7568   -0.04297     -3.854    31.7644    23.3141 -9.990e-29
 209.551782     -3.808  40.178135    15.7438   -0.04299     -3.776    31.9058    23.4257 -9.990e-29
 209.551788     -3.737  40.228331    15.7389   -0.04300     -3.706    31.9542    23.4639 -9.990e-29
 209.551794     -3.669  40.242106    15.7356   -0.04299     -3.638    31.9690    23.4761 -9.990e-29
 209.551800     -3.605  40.245701    15.7276   -0.04294     -3.575    31.9786    23.4853 -9.990e-29
 209.551806     -3.543  40.243371    15.7183   -0.04294     -3.513    31.9841    23.4915 -9.990e-29
 209.551811     -3.482  40.242132    15.7183   -0.04294     -3.453    31.9830    23.4906 -9.990e-29
 209.551817     -3.415  40.244840    15.7307   -0.04298     -3.387    31.9753    23.4820 -9.990e-29
 209.551823     -3.344  40.256244    15.7396   -0.04297     -3.316    31.9782    23.4823 -9.990e-29
 209.551829     -3.273  40.273054    15.7347   -0.04291     -3.246    31.9970    23.4978 -9.990e-29
 209.551834     -3.201  40.277303    15.7252   -0.04291     -3.174    32.0084    23.5087 -9.990e-29
 209.551840     -3.128  40.267385    15.7224   -0.04291     -3.102    32.0019    23.5043 -9.990e-29
 209.551846     -3.058  40.257029    15.7328   -0.04293     -3.033    31.9843    23.4884 -9.990e-29
 209.551852     -2.995  40.257699    15.7521   -0.04298     -2.970    31.9692    23.4726 -9.990e-29
 209.551858     -2.939  40.269746    15.7658   -0.04298     -2.914    31.9688    23.4692 -9.990e-29
 209.551863     -2.887  40.277270    15.7656   -0.04299     -2.863    31.9756    23.4745 -9.990e-29
 209.551869     -2.841  40.270127    15.7585   -0.04296     -2.817    31.9750    23.4756 -9.990e-29
 209.551875     -2.800  40.259021    15.7622   -0.04290     -2.777    31.9621    23.4650 -9.990e-29
 209.551881     -2.762  40.258905    15.7784   -0.04289     -2.739    31.9489    23.4512 -9.990e-29
 209.551887     -2.726  40.274693    15.7897   -0.04289     -2.703    31.9537    23.4524 -9.990e-29
 209.551892     -2.693  40.293787    15.7870   -0.04291     -2.671    31.9728    23.4677 -9.990e-29
 209.551898     -2.665  40.301267    15.7705   -0.04294     -2.643    31.9928    23.4867 -9.990e-29
 209.551904     -2.637  40.298152    15.7501   -0.04295     -2.615    32.0065    23.5017 -9.990e-29
 209.551910     -2.601  40.288728    15.7390   -0.04293     -2.579    32.0071    23.5047 -9.990e-29
 209.551916     -2.561  40.277283    15.7418   -0.04292     -2.540    31.9947    23.4945 -9.990e-29
 209.551921     -2.522  40.272702    15.7602   -0.04293     -2.501    31.9758    23.4759 -9.990e-29
 209.551927     -2.487  40.284048    15.7867   -0.04295     -2.466    31.9644    23.4612 -9.990e-29
 209.551933     -2.451  40.309074    15.8049   -0.04296     -2.431    31.9718    23.4629 -9.990e-29
 209.551939     -2.415  40.328983    15.8084   -0.04295     -2.395    31.9865    23.4735 -9.990e-29
 209.551944     -2.374  40.329946    15.8000   -0.04294     -2.354    31.9942    23.4812 -9.990e-29
 209.551950     -2.332  40.314954    15.7863   -0.04295     -2.313    31.9920    23.4826 -9.990e-29
 209.551956     -2.289  40.297149    15.7776   -0.04296     -2.270    31.9832    23.4778 -9.990e-29
 209.551962     -2.246  40.290408    15.7778   -0.04298     -2.227    31.9771    23.4730 -9.990e-29
 209.551968     -2.211  40.296424    15.7801   -0.04298     -2.193    31.9805    23.4752 -9.990e-29
 209.551973     -2.176  40.304156    15.7778   -0.04294     -2.158    31.9892    23.4823 -9.990e-29
 209.551979     -2.131  40.303173    15.7707   -0.04290     -2.113    31.9941    23.4877 -9.990e-29
 209.551985     -2.081  40.294995    15.7638   -0.04288     -2.064    31.9924    23.4879 -9.990e-29
 209.551991     -2.036  40.288377    15.7625   -0.04288     -2.019    31.9876    23.4845 -9.990e-29
 209.551997     -1.998  40.289106    15.7639   -0.04288     -1.981    31.9871    23.4838 -9.990e-29
 209.552002     -1.963  40.293682    15.7620   -0.04290     -1.947    31.9927    23.4885 -9.990e-29
 209.552008     -1.930  40.293076    15.7566   -0.04293     -1.914    31.9965    23.4926 -9.990e-29
 209.552014     -1.897  40.287065    15.7520   -0.04295     -1.881    31.9949    23.4924 -9.990e-29
 209.552020     -1.861  40.281686    15.7574   -0.04298     -1.845    31.9857    23.4842 -9.990e-29
 209.552025     -1.825  40.280447    15.7778   -0.04299     -1.810    31.9681    23.4661 -9.990e-29
 209.552031     -1.794  40.287888    15.8046   -0.04298     -1.779    31.9530    23.4486 -9.990e-29
 209.552037     -1.772  40.304973    15.8257   -0.04298     -1.757    31.9511    23.4424 -9.990e-29
 209.552043     -1.752  40.321401    15.8357   -0.04299     -1.737    31.9575    23.4451 -9.990e-29
 209.552049     -1.729  40.323747    15.8326   -0.04298     -1.715    31.9621    23.4493 -9.990e-29
 209.552054     -1.705  40.313482    15.8170   -0.04298     -1.691    31.9656    23.4555 -9.990e-29
 209.552060     -1.685  40.303881    15.7940   -0.04294     -1.671    31.9757    23.4684 -9.990e-29
 209.552066     -1.665  40.299557    15.7683   -0.04289     -1.651    31.9927    23.4871 -9.990e-29
 209.552072     -1.650  40.298691    15.7454   -0.04289     -1.636    32.0104    23.5058 -9.990e-29
 209.552078     -1.642  40.297900    15.7331   -0.04290     -1.628    32.0197    23.5157 -9.990e-29
 209.552083     -1.636  40.293902    15.7308   -0.04291     -1.622    32.0180    23.5149 -9.990e-29
 209.552089     -1.629  40.289799    15.7306   -0.04292     -1.615    32.0145    23.5123 -9.990e-29
 209.552095     -1.620  40.287436    15.7305   -0.04292     -1.606    32.0125    23.5107 -9.990e-29
 209.552101     -1.607  40.287052    15.7343   15.67964     -1.594    32.0091    23.5073 -9.990e-29
 209.552106     -1.596  40.289841    15.7465   27.20056     -1.583    32.0017    23.4989 -9.990e-29
 209.552112     -1.588  40.295053    15.7700   28.91984     -1.575    31.9873    23.4826 -9.990e-29
 209.552118     -1.580  40.307411    15.7957   25.49963     -1.567    31.9774    23.4693 -9.990e-29
 209.552124     -1.566  40.328267    15.8094   16.73605     -1.553    31.9848    23.4719 -9.990e-29
 209.552130     -1.546  40.341683    15.8104   13.14680     -1.533    31.9958    23.4802 -9.990e-29
 209.552135     -1.522  40.337519    15.8056   13.14862     -1.509    31.9960    23.4814 -9.990e-29
 209.552141     -1.502  40.326517    15.8001   12.99419     -1.489    31.9907    23.4786 -9.990e-29
 209.552147     -1.485  40.320965    15.7963    9.12293     -1.473    31.9889    23.4780 -9.990e-29
 209.552153     -1.465  40.323020    15.7894    5.84272     -1.453    31.9963    23.4852 -9.990e-29
 209.552159     -1.445  40.325904    15.7719    4.14293     -1.433    32.0130    23.5019 -9.990e-29
 209.552164     -1.428  40.318332    15.7462    3.90108     -1.416    32.0271    23.5185 -9.990e-29
 209.552170     -1.412  40.297524    15.7280    5.33209     -1.400    32.0234    23.5197 -9.990e-29
 209.552176     -1.398  40.281206    15.7309    6.02649     -1.386    32.0066    23.5061 -9.990e-29
 209.552182     -1.385  40.287480    15.7491    6.22197     -1.373    31.9974    23.4950 -9.990e-29
 209.552188     -1.370  40.308454    15.7642    6.35898     -1.359    32.0037    23.4965 -9.990e-29
 209.552193     -1.354  40.324419    15.7610    6.47504     -1.343    32.0205    23.5101 -9.990e-29
 209.552199     -1.335  40.322457    15.7256    6.56992     -1.324    32.0474    23.5387 -9.990e-29
 209.552205     -1.316  40.286508    15.6758    6.62363     -1.305    32.0560    23.5562 -9.990e-29
 209.552211     -1.301  40.230392    15.6669    6.65224     -1.290    32.0134    23.5255 -9.990e-29
 209.552216     -1.288  40.217906    15.7057    6.65549     -1.277    31.9709    23.4842 -9.990e-29
 209.552222     -1.277  40.262147    15.7450    6.65575     -1.266    31.9783    23.4812 -9.990e-29
 209.552228     -1.268  40.305963    15.7599    6.67047     -1.257    32.0050    23.4984 -9.990e-29
 209.552234     -1.258  40.319708    15.7546    6.69197     -1.248    32.0214    23.5123 -9.990e-29
 209.552240     -1.244  40.318936    15.7409    6.70659     -1.234    32.0319    23.5233 -9.990e-29
 209.552245     -1.225  40.311059    15.7372    6.70559     -1.215    32.0279    23.5211 -9.990e-29
 209.552251     -1.203  40.302427    15.7524    6.69334     -1.193    32.0079    23.5024 -9.990e-29
 209.552257     -1.177  40.312972    15.7734    6.68043     -1.167    32.0002    23.4918 -9.990e-29
 209.552263     -1.151  40.333205    15.7844    6.68319     -1.141    32.0092    23.4963 -9.990e-29
 209.552269     -1.130  40.341870    15.7804    6.68559     -1.121    32.0201    23.5055 -9.990e-29
 209.552274     -1.118  40.335956    15.7702    6.69352     -1.109    32.0231    23.5101 -9.990e-29
 209.552280     -1.110  40.325557    15.7654    6.69855     -1.101    32.0178    23.5071 -9.990e-29
 209.552286     -1.101  40.322082    15.7661    6.71112     -1.092    32.0142    23.5041 -9.990e-29
 209.552292     -1.090  40.324283    15.7673    6.70216     -1.081    32.0151    23.5046 -9.990e-29
 209.552297     -1.077  40.326135    15.7675    6.69363     -1.068    32.0166    23.5057 -9.990e-29
 209.552303     -1.061  40.326202    15.7663    6.68206     -1.052    32.0176    23.5068 -9.990e-29
 209.552309     -1.040  40.326279    15.7585    6.66947     -1.031    32.0240    23.5134 -9.990e-29
 209.552315     -1.014  40.324246    15.7419    6.66731     -1.006    32.0357    23.5260 -9.990e-29
 209.552321     -0.985  40.313487    15.7186    6.65447     -0.977    32.0450    23.5384 -9.990e-29
 209.552326     -0.960  40.289777    15.6843    6.64611     -0.952    32.0518    23.5512 -9.990e-29
 209.552332     -0.941  40.252384    15.6400    6.64020     -0.933    32.0546    23.5631 -9.990e-29
 209.552338     -0.924  40.205899    15.5954    6.64785     -0.916    32.0496    23.5690 -9.990e-29
 209.552344     -0.902  40.162430    15.5605    6.66195     -0.894    32.0393    23.5688 -9.990e-29
 209.552350     -0.879  40.131930    15.5395    6.66627     -0.872    32.0292    23.5657 -9.990e-29
 209.552355     -0.857  40.114707    15.5291    6.67815     -0.850    32.0223    23.5627 -9.990e-29
 209.552361     -0.835  40.105207    15.5234    6.68136     -0.828    32.0185    23.5610 -9.990e-29
 209.552367     -0.816  40.097884    15.5182    6.69307     -0.809    32.0162    23.5603 -9.990e-29
 209.552373     -0.807  40.090844    15.5123    6.69550     -0.800    32.0147    23.5605 -9.990e-29
 209.552378     -0.808  40.085194    15.5083    6.69201     -0.801    32.0130    23.5600 -9.990e-29
 209.552384     -0.811  40.082398    15.5089    6.68638     -0.804    32.0100    23.5576 -9.990e-29
 209.552390     -0.810  40.083611    15.5122    6.69083     -0.803    32.0084    23.5556 -9.990e-29
 209.552396     -0.806  40.087660    15.5147    6.69666     -0.799    32.0100    23.5563 -9.990e-29
 209.552402     -0.799  40.090984    15.5155    6.70579     -0.792    32.0123    23.5579 -9.990e-29
 209.552407     -0.788  40.091858    15.5155    6.71322     -0.781    32.0130    23.5585 -9.990e-29
 209.552413     -0.773  40.090905    15.5177    6.71514     -0.767    32.0104    23.5560 -9.990e-29
 209.552419     -0.757  40.091921    15.5259    6.71624     -0.751    32.0046    23.5497 -9.990e-29
 209.552425     -0.743  40.099642    15.5373    6.70767     -0.737    32.0022    23.5454 -9.990e-29
 209.552431     -0.731  40.109789    15.5456    6.69692     -0.725    32.0045    23.5453 -9.990e-29
 209.552436     -0.719  40.115150    15.5493    6.68640     -0.713    32.0063    23.5459 -9.990e-29
 209.552442     -0.706  40.117280    15.5493    6.68990     -0.700    32.0082    23.5473 -9.990e-29
 209.552448     -0.693  40.118475    15.5448    6.69707     -0.687    32.0129    23.5519 -9.990e-29
 209.552454     -0.678  40.115856    15.5382    6.70105     -0.672    32.0159    23.5557 -9.990e-29
 209.552459     -0.664  40.110438    15.5340    6.69538     -0.658    32.0145    23.5556 -9.990e-29
 209.552465     -0.655  40.106234    15.5327    6.69383     -0.650    32.0118    23.5538 -9.990e-29
 209.552471     -0.650  40.103825    15.5333    6.70113     -0.645    32.0092    23.5516 -9.990e-29
 209.552477     -0.645  40.103943    15.5353    6.71374     -0.640    32.0076    23.5500 -9.990e-29
 209.552483     -0.635  40.105640    15.5381    6.72629     -0.630    32.0069    23.5488 -9.990e-29
 209.552488     -0.623  40.107828    15.5436    6.71652     -0.618    32.0044    23.5457 -9.990e-29
 209.552494     -0.614  40.112882    15.5535    6.70779     -0.609    32.0008    23.5408 -9.990e-29
 209.552500     -0.606  40.122505    15.5648    6.69492     -0.601    32.0002    23.5378 -9.990e-29
 209.552506     -0.600  40.134396    15.5691    6.69633     -0.595    32.0073    23.5423 -9.990e-29
 209.552512     -0.594  40.139737    15.5608    6.69597     -0.589    32.0187    23.5529 -9.990e-29
 209.552517     -0.588  40.132203    15.5449    6.69383     -0.583    32.0250    23.5612 -9.990e-29
 209.552523     -0.583  40.116916    15.5324    6.69640     -0.578    32.0215    23.5613 -9.990e-29
 209.552529     -0.577  40.104930    15.5290    6.69218     -0.572    32.0136    23.5560 -9.990e-29
 209.552535     -0.571  40.102723    15.5306    6.70340     -0.566    32.0104    23.5531 -9.990e-29
 209.552541     -0.563  40.105120    15.5316    6.70208     -0.558    32.0117    23.5539 -9.990e-29
 209.552546     -0.554  40.105235    15.5327    6.69390     -0.549    32.0109    23.5531 -9.990e-29
 209.552552     -0.543  40.104921    15.5378    6.70066     -0.538    32.0064    23.5485 -9.990e-29
 209.552558     -0.529  40.108265    15.5480    6.70298     -0.525    32.0011    23.5422 -9.990e-29
 209.552564     -0.511  40.115253    15.5556    6.71803     -0.507    32.0012    23.5406 -9.990e-29
