data/oxygen options/OCNMS/OCNMS2/raw_data/2004/CTD_CA90_061504faed.cnv
* Sea-Bird SBE19 Data File:
* FileName = C:\WINDOWS\Desktop\put hypoxia files here\CTD files\CA\CA90m061504.hex
* Software Version 1.1.4
* Temperature SN = 2997
* Conductivity SN = 2997
* System UpLoad Time = Jun 15 2004 11:55:00
** Cape Alava hypoxia CA-9 June 15, 2004
**
# nquan = 9                                 
# nvalues = 1341                        
# units = specified
# name 0 = timeJ: Julian Days
# name 1 = prSM: Pressure, Strain Gauge [db]
# name 2 = c0mS/cm: Conductivity [mS/cm]
# name 3 = t090C: Temperature [ITS-90, deg C]
# name 4 = oxML/L: Oxygen, Beckman/YSI [ml/l]
# name 5 = depSM: Depth [salt water, m], lat = 47.5
# name 6 = sal00: Salinity, Practical [PSU]
# name 7 = sigma-é00: Density [sigma-theta, kg/m^3]
# name 8 = flag: flag
# span 0 = 167.407512, 167.415266       
# span 1 =     -4.943,     91.599       
# span 2 =   0.668000,  36.811776       
# span 3 =     7.2572,    12.2864       
# span 4 =  -12.11087,   34.41294       
# span 5 =     -4.902,     90.814       
# span 6 =     0.4419,    33.7539       
# span 7 =    -0.1353,    26.3999       
# span 8 = 0.0000e+00, 0.0000e+00       
# interval = seconds: 0.5
# start_time = Jun 15 2004 09:46:49 [Instrument's time stamp, header]
# bad_flag = -9.990e-29
*END*
 167.407512     -4.929 -9.990e-29    11.8239   -0.05788     -4.888 -9.990e-29 -9.990e-29 -9.990e-29
 167.407517     -4.937   0.690467    11.8245   -0.05788     -4.896     0.4574    -0.1230 -9.990e-29
 167.407523     -4.943   0.684646    11.8253   -0.05775     -4.902     0.4534    -0.1262 -9.990e-29
 167.407529     -4.939   0.678663    11.8260   -0.05738     -4.898     0.4492    -0.1295 -9.990e-29
 167.407535     -4.925   0.673981    11.8263   -0.05726     -4.884     0.4460    -0.1320 -9.990e-29
 167.407541     -4.912   0.671208    11.8263   -0.05730     -4.871     0.4441    -0.1335 -9.990e-29
 167.407546     -4.908   0.669979    11.8260   -0.05743     -4.867     0.4433    -0.1341 -9.990e-29
 167.407552     -4.909   0.669396    11.8260   -0.05752     -4.868     0.4429    -0.1345 -9.990e-29
 167.407558     -4.906   0.668128    11.8265   -0.05762     -4.865     0.4420    -0.1352 -9.990e-29
 167.407564     -4.894   0.668000    11.8266   -0.05767     -4.853     0.4419    -0.1353 -9.990e-29
 167.407569     -4.879   0.684394    11.8248   -0.05769     -4.838     0.4532    -0.1263 -9.990e-29
 167.407575     -4.861   0.757497    11.8198   -0.05774     -4.820     0.5037    -0.0863 -9.990e-29
 167.407581     -4.842   0.993665    11.8112   -0.05773     -4.802     0.6685     0.0434 -9.990e-29
 167.407587     -4.818   1.531702    11.8011   -0.05766     -4.778     1.0519     0.3436 -9.990e-29
 167.407593     -4.793   2.236648    11.7922   -0.05746     -4.753     1.5673     0.7459 -9.990e-29
 167.407598     -4.771   2.708535    11.7859   -0.05743     -4.731     1.9189     1.0202 -9.990e-29
 167.407604     -4.744   2.779478    11.7819   -0.05741     -4.704     1.9724     1.0622 -9.990e-29
 167.407610     -4.711   2.588550    11.7796   -0.05751     -4.672     1.8295     0.9513 -9.990e-29
 167.407616     -4.679   2.308713    11.7787   -0.05754     -4.640     1.6212     0.7894 -9.990e-29
 167.407622     -4.650   2.045475    11.7790   -0.05752     -4.611     1.4269     0.6381 -9.990e-29
 167.407627     -4.623   1.848039    11.7812   -0.05758     -4.584     1.2821     0.5252 -9.990e-29
 167.407633     -4.594   1.712697    11.7852   -0.05761     -4.556     1.1834     0.4478 -9.990e-29
 167.407639     -4.564   1.639597    11.7882   -0.05768     -4.526     1.1303     0.4061 -9.990e-29
 167.407645     -4.533   1.689638    11.7889   -0.05771     -4.495     1.1665     0.4343 -9.990e-29
 167.407650     -4.505   1.921763    11.7887   -0.05769     -4.467     1.3358     0.5661 -9.990e-29
 167.407656     -4.477   2.244223    11.7885   -0.05771     -4.440     1.5731     0.7508 -9.990e-29
 167.407662     -4.448   2.456146    11.7890   -0.05772     -4.411     1.7303     0.8731 -9.990e-29
 167.407668     -4.415   2.476585    11.7912   -0.05765     -4.378     1.7454     0.8846 -9.990e-29
 167.407674     -4.382   2.371145    11.7936   -0.05757     -4.345     1.6669     0.8233 -9.990e-29
 167.407679     -4.350   2.253832    11.7941   -0.05753     -4.314     1.5799     0.7555 -9.990e-29
 167.407685     -4.317   2.153334    11.7939   -0.05755     -4.281     1.5057     0.6978 -9.990e-29
 167.407691     -4.282   2.027365    11.7947   -0.05762     -4.246     1.4130     0.6255 -9.990e-29
 167.407697     -4.246   1.874148    11.7965   -0.05758     -4.211     1.3007     0.5379 -9.990e-29
 167.407703     -4.210   1.717808    11.7979   -0.05601     -4.175     1.1867     0.4489 -9.990e-29
 167.407708     -4.174   1.611077    11.7983   -0.04746     -4.139     1.1093     0.3886 -9.990e-29
 167.407714     -4.139   1.572797    11.7992   -0.04712     -4.104     1.0816     0.3669 -9.990e-29
 167.407720     -4.102   1.570264    11.8025   -0.04705     -4.068     1.0797     0.3650 -9.990e-29
 167.407726     -4.062   1.625663    11.8082   -0.04703     -4.028     1.1196     0.3955 -9.990e-29
 167.407731     -4.024   1.770070    11.8150   -0.04704     -3.990     1.2242     0.4762 -9.990e-29
 167.407737     -3.987   1.954857    11.8218   -0.04705     -3.954     1.3588     0.5802 -9.990e-29
 167.407743     -3.946   2.145770    11.8300   -0.04707     -3.913     1.4987     0.6882 -9.990e-29
 167.407749     -3.906   2.484544    11.8468   -0.04703     -3.873     1.7487     0.8807 -9.990e-29
 167.407755     -3.861   3.554590    11.8940   -0.04703     -3.829     2.5522     1.4996 -9.990e-29
 167.407760     -3.815   6.957137    11.9950   -0.04703     -3.783     5.2102     3.5472 -9.990e-29
 167.407766     -3.768  15.318904    12.1217   -0.04703     -3.737    12.1623     8.9010 -9.990e-29
 167.407772     -3.722  26.301153    12.2132   -0.04705     -3.691    21.8843    16.3919 -9.990e-29
 167.407778     -3.679  33.260408    12.2563   -0.04706     -3.648    28.3169    21.3588 -9.990e-29
 167.407784     -3.630  35.615362    12.2741   -0.04707     -3.600    30.5337    23.0724 -9.990e-29
 167.407789     -3.574  36.394923    12.2820   -0.04707     -3.544    31.2704    23.6417 -9.990e-29
 167.407795     -3.514  36.637960    12.2856   -0.04707     -3.485    31.4995    23.8187 -9.990e-29
 167.407801     -3.452  36.695457    12.2864   -0.04707     -3.423    31.5538    23.8606 -9.990e-29
 167.407807     -3.388  36.717568    12.2860   -0.04707     -3.360    31.5752    23.8773 -9.990e-29
 167.407813     -3.322  36.755661    12.2842   -0.04707     -3.294    31.6131    23.9070 -9.990e-29
 167.407818     -3.246  36.782570    12.2800   -0.04708     -3.219    31.6424    23.9305 -9.990e-29
 167.407824     -3.155  36.787627    12.2731   -0.04708     -3.129    31.6530    23.9400 -9.990e-29
 167.407830     -3.055  36.786001    12.2658   -0.04708     -3.030    31.6576    23.9449 -9.990e-29
 167.407836     -2.954  36.782263    12.2619   -0.04708     -2.929    31.6573    23.9454 -9.990e-29
 167.407841     -2.853  36.779293    12.2615   -0.04709     -2.829    31.6547    23.9435 -9.990e-29
 167.407847     -2.755  36.776504    12.2622   -0.04709     -2.732    31.6514    23.9408 -9.990e-29
 167.407853     -2.657  36.770187    12.2621   -0.04710     -2.635    31.6454    23.9362 -9.990e-29
 167.407859     -2.558  36.761465    12.2607   -0.04710     -2.537    31.6382    23.9309 -9.990e-29
 167.407865     -2.461  36.756670    12.2583   -0.04710     -2.440    31.6356    23.9293 -9.990e-29
 167.407870     -2.362  36.759517    12.2563   -0.04711     -2.342    31.6400    23.9331 -9.990e-29
 167.407876     -2.260  36.765957    12.2554   -0.04711     -2.241    31.6469    23.9386 -9.990e-29
 167.407882     -2.162  36.769445    12.2544   -0.04711     -2.144    31.6510    23.9420 -9.990e-29
 167.407888     -2.075  36.770152    12.2513   -0.04711     -2.058    31.6543    23.9451 -9.990e-29
 167.407894     -1.996  36.770713    12.2466   -0.04710     -1.979    31.6588    23.9494 -9.990e-29
 167.407899     -1.920  36.770205    12.2430   -0.04711     -1.904    31.6613    23.9521 -9.990e-29
 167.407905     -1.848  36.769083    12.2409   -0.04712     -1.833    31.6620    23.9530 -9.990e-29
 167.407911     -1.783  36.767541    12.2394   -0.04711     -1.768    31.6617    23.9531 -9.990e-29
 167.407917     -1.726  36.765217    12.2375   -0.04711     -1.712    31.6611    23.9530 -9.990e-29
 167.407922     -1.672  36.764071    12.2347   -0.04711     -1.658    31.6623    23.9545 -9.990e-29
 167.407928     -1.623  36.763147    12.2327   -0.04711     -1.609    31.6631    23.9554 -9.990e-29
 167.407934     -1.580  36.761786    12.2326   -0.04711     -1.567    31.6619    23.9545 -9.990e-29
 167.407940     -1.540  36.762108    12.2338   -0.04711     -1.527    31.6612    23.9537 -9.990e-29
 167.407946     -1.505  36.762310    12.2341   -0.04712     -1.492    31.6611    23.9536 -9.990e-29
 167.407951     -1.477  36.760988    12.2327   -0.04711     -1.465    31.6610    23.9538 -9.990e-29
 167.407957     -1.454  36.758633    12.2312   -0.04710     -1.442    31.6600    23.9533 -9.990e-29
 167.407963     -1.435  36.754921    12.2306   -0.04710     -1.423    31.6569    23.9510 -9.990e-29
 167.407969     -1.419  36.752767    12.2302   -0.04710     -1.407    31.6552    23.9498 -9.990e-29
 167.407975     -1.403  36.753236    12.2293   -0.04710     -1.391    31.6564    23.9509 -9.990e-29
 167.407980     -1.389  36.754721    12.2286   -0.04711     -1.377    31.6584    23.9526 -9.990e-29
 167.407986     -1.374  36.758090    12.2284   -0.04710     -1.363    31.6618    23.9552 -9.990e-29
 167.407992     -1.357  36.761677    12.2280   -0.04710     -1.346    31.6656    23.9582 -9.990e-29
 167.407998     -1.338  36.765227    12.2276   -0.04710     -1.327    31.6693    23.9612 -9.990e-29
 167.408003     -1.320  36.768996    12.2293   -0.04710     -1.309    31.6715    23.9626 -9.990e-29
 167.408009     -1.305  36.770170    12.2327   -0.04709     -1.294    31.6697    23.9606 -9.990e-29
 167.408015     -1.288  36.770884    12.2353   -0.04709     -1.277    31.6682    23.9589 -9.990e-29
 167.408021     -1.265  36.772100    12.2360   -0.04711     -1.254    31.6688    23.9592 -9.990e-29
 167.408027     -1.238  36.772086    12.2355   -0.04710     -1.228    31.6692    23.9596 -9.990e-29
 167.408032     -1.213  36.771959    12.2353   -0.04709     -1.203    31.6692    23.9597 -9.990e-29
 167.408038     -1.194  36.770999    12.2366   -0.04709     -1.184    31.6672    23.9579 -9.990e-29
 167.408044     -1.180  36.769056    12.2387   -0.04709     -1.170    31.6635    23.9546 -9.990e-29
 167.408050     -1.168  36.768600    12.2403   -0.04709     -1.158    31.6617    23.9529 -9.990e-29
 167.408056     -1.159  36.769594    12.2416   -0.04710     -1.149    31.6616    23.9526 -9.990e-29
 167.408061     -1.148  36.770572    12.2420   -0.04710     -1.138    31.6622    23.9530 -9.990e-29
 167.408067     -1.130  36.771726    12.2406   -0.04710     -1.121    31.6645    23.9550 -9.990e-29
 167.408073     -1.108  36.774045    12.2387   -0.04709     -1.099    31.6683    23.9583 -9.990e-29
 167.408079     -1.089  36.776147    12.2394   -0.04709     -1.080    31.6697    23.9593 -9.990e-29
 167.408084     -1.076  36.776355    12.2427   -0.04709     -1.067    31.6671    23.9567 -9.990e-29
 167.408090     -1.064  36.776641    12.2459   -0.04709     -1.055    31.6647    23.9542 -9.990e-29
 167.408096     -1.047  36.777396    12.2471   -0.04709     -1.038    31.6644    23.9537 -9.990e-29
 167.408102     -1.026  36.777397    12.2461   -0.04710     -1.017    31.6652    23.9546 -9.990e-29
 167.408108     -0.999  36.777217    12.2445   -0.04710     -0.991    31.6664    23.9558 -9.990e-29
 167.408113     -0.967  36.776064    12.2443   -0.04709     -0.959    31.6654    23.9551 -9.990e-29
 167.408119     -0.939  36.773535    12.2457   -0.04709     -0.931    31.6618    23.9520 -9.990e-29
 167.408125     -0.915  36.771315    12.2478   -0.04708     -0.907    31.6579    23.9486 -9.990e-29
 167.408131     -0.896  36.771504    12.2499   -0.04709     -0.889    31.6563    23.9469 -9.990e-29
 167.408137     -0.878  36.774364    12.2510   -0.04709     -0.871    31.6581    23.9481 -9.990e-29
 167.408142     -0.863  36.776428    12.2507   -0.04709     -0.856    31.6603    23.9499 -9.990e-29
 167.408148     -0.847  36.776535    12.2484   -0.04708     -0.840    31.6623    23.9519 -9.990e-29
 167.408154     -0.831  36.777080    12.2454   -0.04707     -0.824    31.6654    23.9548 -9.990e-29
 167.408160     -0.813  36.777680    12.2447   -0.04707     -0.806    31.6666    23.9559 -9.990e-29
 167.408166     -0.792  36.777463    12.2473   -0.04708     -0.785    31.6641    23.9535 -9.990e-29
 167.408171     -0.772  36.777834    12.2507   -0.04708     -0.766    31.6616    23.9509 -9.990e-29
 167.408177     -0.759  36.778734    12.2522    5.78733     -0.753    31.6612    23.9503 -9.990e-29
 167.408183     -0.753  36.779133    12.2512   28.50034     -0.747    31.6624    23.9515 -9.990e-29
 167.408189     -0.748  36.779574    12.2501   34.41294     -0.742    31.6638    23.9527 -9.990e-29
 167.408194     -0.741  36.780097    12.2516   33.41326     -0.735    31.6630    23.9518 -9.990e-29
 167.408200     -0.722  36.781408    12.2562   26.18772     -0.716    31.6604    23.9489 -9.990e-29
 167.408206     -0.695  36.784706    12.2610   16.18276     -0.689    31.6595    23.9473 -9.990e-29
 167.408212     -0.670  36.787669    12.2615   15.72704     -0.664    31.6619    23.9491 -9.990e-29
 167.408218     -0.650  36.789210    12.2587   11.61261     -0.645    31.6657    23.9526 -9.990e-29
 167.408223     -0.634  36.790833    12.2576    6.98589     -0.629    31.6682    23.9547 -9.990e-29
 167.408229     -0.621  36.792471    12.2587    4.22380     -0.616    31.6688    23.9550 -9.990e-29
 167.408235     -0.610  36.794260    12.2598    3.24967     -0.605    31.6696    23.9554 -9.990e-29
 167.408241     -0.601  36.796352    12.2601    4.49267     -0.596    31.6713    23.9567 -9.990e-29
 167.408247     -0.592  36.797816    12.2603    5.50734     -0.587    31.6726    23.9576 -9.990e-29
 167.408252     -0.583  36.798949    12.2616    5.88357     -0.578    31.6725    23.9574 -9.990e-29
 167.408258     -0.575  36.800914    12.2641    6.16908     -0.570    31.6723    23.9567 -9.990e-29
 167.408264     -0.565  36.803550    12.2674    6.36028     -0.560    31.6720    23.9559 -9.990e-29
 167.408270     -0.554  36.806468    12.2710    6.47717     -0.549    31.6718    23.9550 -9.990e-29
 167.408275     -0.540  36.809655    12.2737    6.52782     -0.535    31.6725    23.9551 -9.990e-29
 167.408281     -0.524  36.811776    12.2746    6.55651     -0.520    31.6738    23.9559 -9.990e-29
 167.408287     -0.508  36.811755    12.2746    6.59726     -0.504    31.6738    23.9559 -9.990e-29
 167.408293     -0.495  36.810710    12.2740    6.64101     -0.491    31.6733    23.9556 -9.990e-29
 167.408299     -0.481  36.809515    12.2727    6.67247     -0.477    31.6732    23.9558 -9.990e-29
 167.408304     -0.465  36.808281    12.2715    6.68777     -0.461    31.6730    23.9559 -9.990e-29
 167.408310     -0.449  36.807632    12.2709    6.69105     -0.445    31.6729    23.9559 -9.990e-29
 167.408316     -0.432  36.807846    12.2709    6.68315     -0.428    31.6731    23.9561 -9.990e-29
 167.408322     -0.415  36.808670    12.2717    6.68447     -0.412    31.6732    23.9560 -9.990e-29
 167.408328     -0.395  36.809544    12.2723    6.69896     -0.392    31.6735    23.9561 -9.990e-29
 167.408333     -0.375  36.809413    12.2721    6.70998     -0.372    31.6736    23.9562 -9.990e-29
 167.408339     -0.360  36.808686    12.2719    6.72328     -0.357    31.6731    23.9558 -9.990e-29
 167.408345     -0.346  36.808660    12.2720    6.70401     -0.343    31.6729    23.9557 -9.990e-29
 167.408351     -0.335  36.808764    12.2719    6.67909     -0.332    31.6731    23.9559 -9.990e-29
 167.408356     -0.325  36.808597    12.2713    6.67682     -0.322    31.6735    23.9563 -9.990e-29
 167.408362     -0.315  36.808522    12.2692    6.69204     -0.312    31.6752    23.9580 -9.990e-29
 167.408368     -0.305  36.807339    12.2642    6.70925     -0.302    31.6783    23.9613 -9.990e-29
 167.408374     -0.294  36.803494    12.2589    6.71190     -0.292    31.6791    23.9629 -9.990e-29
 167.408380     -0.282  36.800298    12.2588    6.70151     -0.280    31.6761    23.9606 -9.990e-29
 167.408385     -0.267  36.801926    12.2633    6.67957     -0.265    31.6738    23.9580 -9.990e-29
 167.408391     -0.253  36.805521    12.2674    6.67501     -0.251    31.6738    23.9572 -9.990e-29
 167.408397     -0.244  36.806924    12.2677    6.67599     -0.242    31.6749    23.9580 -9.990e-29
 167.408403     -0.239  36.805225    12.2641    6.69155     -0.237    31.6763    23.9598 -9.990e-29
 167.408409     -0.237  36.801550    12.2593    6.69784     -0.235    31.6768    23.9611 -9.990e-29
 167.408414     -0.234  36.797194    12.2580    6.69420     -0.232    31.6738    23.9590 -9.990e-29
 167.408420     -0.226  36.795344    12.2612    6.67939     -0.224    31.6693    23.9549 -9.990e-29
 167.408426     -0.213  36.798604    12.2639    6.66799     -0.211    31.6701    23.9551 -9.990e-29
 167.408432     -0.196  36.801809    12.2624    6.67093     -0.194    31.6744    23.9587 -9.990e-29
