data/oxygen options/OCNMS/OCNMS2/raw_data/2004/CTD_CA20_061504faed.cnv
* Sea-Bird SBE19 Data File:
* FileName = C:\WINDOWS\Desktop\put hypoxia files here\CTD files\CA\CA20m061504.hex
* Software Version 1.1.4
* Temperature SN = 2997
* Conductivity SN = 2997
* System UpLoad Time = Jun 15 2004 12:23:00
** Cape Alava hypoxia CA2 20 m June 15,2004
* SEACAT PROFILER V3.1c SN 2997   06/15/04  12:20:35.908
# nquan = 9                                 
# nvalues = 544                         
# units = specified
# name 0 = timeJ: Julian Days
# name 1 = prSM: Pressure, Strain Gauge [db]
# name 2 = c0mS/cm: Conductivity [mS/cm]
# name 3 = t090C: Temperature [ITS-90, deg C]
# name 4 = oxML/L: Oxygen, Beckman/YSI [ml/l]
# name 5 = depSM: Depth [salt water, m], lat = 47.5
# name 6 = sal00: Salinity, Practical [PSU]
# name 7 = sigma-é00: Density [sigma-theta, kg/m^3]
# name 8 = flag: flag
# span 0 = 167.479560, 167.482703       
# span 1 =     -4.782,     20.736       
# span 2 =   0.430132,  39.491778       
# span 3 =    11.1825,    13.5965       
# span 4 =   -0.05597,   31.97170       
# span 5 =     -4.742,     20.562       
# span 6 =     0.2710,    33.1077       
# span 7 =    -0.4296,    24.8149       
# span 8 = 0.0000e+00, 0.0000e+00       
# interval = seconds: 0.5
# start_time = Jun 15 2004 11:30:34 [Instrument's time stamp, header]
# bad_flag = -9.990e-29
*END*
[from data line 481]
 167.482344     15.143  36.971425    12.7899    5.64626     15.016    31.3874    23.6367 0.0000e+00
 167.482350     14.550  37.005860    12.8624    5.68471     14.428    31.3599    23.6015 0.0000e+00
 167.482355     13.947  37.046327    12.9294    5.72084     13.830    31.3427    23.5753 0.0000e+00
 167.482361     13.338  37.082853    12.9921    5.73727     13.226    31.3254    23.5498 0.0000e+00
 167.482367     12.727  37.114803    13.0572    5.75113     12.620    31.3019    23.5189 0.0000e+00
 167.482373     12.114  37.144413    13.1242    5.76027     12.013    31.2747    23.4848 0.0000e+00
 167.482378     11.495  37.173033    13.1816    5.75342     11.399    31.2544    23.4579 0.0000e+00
 167.482384     10.873  37.197887    13.2228    5.74743     10.782    31.2440    23.4418 0.0000e+00
 167.482390     10.251  37.216228    13.2513    5.74104     10.165    31.2380    23.4315 0.0000e+00
 167.482396      9.623  37.230647    13.2700    5.72509      9.542    31.2364    23.4266 0.0000e+00
 167.482402      8.994  37.241871    13.2800    5.72869      8.919    31.2389    23.4265 0.0000e+00
 167.482407      8.374  37.248043    13.2844    5.73658      8.304    31.2412    23.4275 0.0000e+00
 167.482413      7.770  37.250671    13.2884    5.72764      7.705    31.2406    23.4262 0.0000e+00
 167.482419      7.189  37.253823    13.2994    5.70096      7.129    31.2348    23.4195 0.0000e+00
 167.482425      6.634  37.261705    13.3207    5.67781      6.579    31.2249    23.4077 0.0000e+00
 167.482431      6.110  37.276415    13.3450    5.66091      6.059    31.2189    23.3982 0.0000e+00
 167.482436      5.622  37.293454    13.3613    5.66322      5.575    31.2216    23.3971 0.0000e+00
 167.482442      5.177  37.304696    13.3657    5.66822      5.134    31.2286    23.4016 0.0000e+00
 167.482448      4.777  37.307190    13.3624    5.65715      4.737    31.2338    23.4063 0.0000e+00
 167.482454      4.423  37.304829    13.3578    5.65537      4.386    31.2355    23.4085 0.0000e+00
 167.482459      4.109  37.302880    13.3561    5.65147      4.075    31.2352    23.4086 0.0000e+00
 167.482465      3.827  37.303229    13.3590    5.64986      3.795    31.2332    23.4065 0.0000e+00
 167.482471      3.578  37.306343    13.3655    5.67388      3.548    31.2309    23.4034 0.0000e+00
 167.482477      3.357  37.312447    13.3715    5.67702      3.329    31.2318    23.4029 0.0000e+00
 167.482483      3.160  37.317342    13.3766    5.69249      3.134    31.2322    23.4022 0.0000e+00
 167.482488      2.979  37.319143    13.3920    5.66939      2.954    31.2213    23.3908 0.0000e+00
 167.482494      2.806  37.328666    13.4245    5.61757      2.783    31.2037    23.3707 0.0000e+00
 167.482500      2.643  37.353562    13.4598    5.55523      2.621    31.1980    23.3593 0.0000e+00
 167.482506      2.488  37.383277    13.4810    5.52702      2.467    31.2083    23.3631 0.0000e+00
 167.482512      2.331  37.400785    13.4875    5.57140      2.312    31.2193    23.3703 0.0000e+00
 167.482517      2.172  37.404759    13.4894    5.62763      2.154    31.2215    23.3716 0.0000e+00
 167.482523      2.016  37.406670    13.4927    6.73473      1.999    31.2207    23.3703 0.0000e+00
 167.482529      1.868  37.408507    13.4940    6.83085      1.852    31.2214    23.3706 0.0000e+00
 167.482535      1.725  37.404307    13.4868    6.90696      1.711    31.2234    23.3736 0.0000e+00
 167.482541      1.589  37.391837    13.4719    6.95538      1.576    31.2241    23.3771 0.0000e+00
 167.482546      1.457  37.370739    13.4557    6.99854      1.445    31.2178    23.3754 0.0000e+00
 167.482552      1.332  37.329708    13.4392    6.99992      1.321    31.1932    23.3597 -9.990e-29
 167.482558      1.213  37.229178    13.4212    6.98607      1.203    31.1145    23.3024 -9.990e-29
 167.482564      1.101  36.953055    13.4038    6.97778      1.092    30.8722    23.1186 -9.990e-29
 167.482569      0.998  36.151123    13.3885    6.97719      0.990    30.1408    22.5566 -9.990e-29
 167.482575      0.905  33.771527    13.3762    6.96952      0.897    27.9577    20.8734 -9.990e-29
 167.482581      0.827  26.657737    13.3686    6.96404      0.820    21.5423    15.9293 -9.990e-29
 167.482587      0.760  15.821718    13.3657    6.95941      0.754    12.1891     8.7334 -9.990e-29
 167.482593      0.699   8.157125    13.3652    6.93743      0.693     5.9609     3.9407 -9.990e-29
 167.482598      0.637   5.067501    13.3651    6.92449      0.632     3.5810     2.1056 -9.990e-29
 167.482604      0.580   3.711614    13.3646    6.91502      0.575     2.5708     1.3253 -9.990e-29
 167.482610      0.530   3.023456    13.3641    6.90579      0.526     2.0683     0.9368 -9.990e-29
 167.482616      0.481   2.593605    13.3642    6.91796      0.477     1.7585     0.6971 -9.990e-29
 167.482622      0.436   2.330301    13.3643    6.92761      0.432     1.5705     0.5515 -9.990e-29
 167.482627      0.397   2.211502    13.3637    6.95200      0.394     1.4862     0.4863 -9.990e-29
 167.482633      0.360   2.254426    13.3626    6.97273      0.357     1.5167     0.5100 -9.990e-29
 167.482639      0.327   2.409038    13.3616    6.98182      0.324     1.6267     0.5954 -9.990e-29
 167.482645      0.301   2.519680    13.3604    6.95578      0.298     1.7058     0.6568 -9.990e-29
 167.482650      0.281   2.529348    13.3590 -9.990e-29      0.279     1.7127     0.6624 -9.990e-29
 167.482656      0.264   2.469832    13.3573 -9.990e-29      0.262     1.6703     0.6297 -9.990e-29
 167.482662      0.250   2.348483    13.3553 -9.990e-29      0.248     1.5838     0.5630 -9.990e-29
 167.482668      0.237   2.210256    13.3530 -9.990e-29      0.235     1.4857     0.4873 -9.990e-29
 167.482674      0.226   2.104271    13.3504 -9.990e-29      0.224     1.4108     0.4297 -9.990e-29
 167.482679      0.215   2.019258    13.3479 -9.990e-29      0.213     1.3509     0.3836 -9.990e-29
 167.482685      0.203   1.944113    13.3454 -9.990e-29      0.201     1.2981     0.3430 -9.990e-29
 167.482691      0.195   1.915341    13.3429 -9.990e-29      0.193     1.2780     0.3277 -9.990e-29
 167.482697      0.193   2.000155    13.3417 -9.990e-29      0.191     1.3376     0.3741 -9.990e-29
 167.482703      0.194   2.241067 -9.990e-29 -9.990e-29      0.192 -9.990e-29 -9.990e-29 -9.990e-29
