data/oxygen options/OCNMS/OCNMS2/raw_data/2004/CTD_CA20_082404faed.cnv
* Sea-Bird SBE19 Data File:
* FileName = C:\WINDOWS\Desktop\put hypoxia files here\CTD data\August 24_25-04\CA20_082404.hex
* Software Version 1.1.4
* Temperature SN = 2997
* Conductivity SN = 2997
* System UpLoad Time = Aug 24 2004 12:29:31
* SEACAT PROFILER V3.1c SN 2997   08/24/04  12:31:06.967
* strain gauge pressure sensor: S/N = 184829,  range = 3000 psia,  tc = 40
# nquan = 9                                 
# nvalues = 561                         
# units = specified
# name 0 = timeJ: Julian Days
# name 1 = prSM: Pressure, Strain Gauge [db]
# name 2 = c0mS/cm: Conductivity [mS/cm]
# name 3 = t090C: Temperature [ITS-90, deg C]
# name 4 = oxML/L: Oxygen, Beckman/YSI [ml/l]
# name 5 = depSM: Depth [salt water, m], lat = 47.5
# name 6 = sal00: Salinity, Practical [PSU]
# name 7 = sigma-é00: Density [sigma-theta, kg/m^3]
# name 8 = flag: flag
# span 0 = 237.413252, 237.416493       
# span 1 =     -5.154,     21.885       
# span 2 =   1.968900,  38.692091       
# span 3 =    11.4643,    14.1101       
# span 4 =   -0.05412,   32.14939       
# span 5 =     -5.111,     21.701       
# span 6 =     1.2907,    32.8232       
# span 7 =     0.2337,    24.9868       
# span 8 = 0.0000e+00, 0.0000e+00       
# interval = seconds: 0.5
# start_time = Aug 24 2004 09:55:05 [Instrument's time stamp, header]
# bad_flag = -9.990e-29
*END*
[from data line 481]
 237.416036     21.790  37.298635    11.5491    6.25757     21.607    32.7631    24.9359 -9.990e-29
 237.416042     21.726  37.302999    11.5597    6.24938     21.544    32.7580    24.9300 -9.990e-29
 237.416047     21.642  37.307154    11.5691    6.23549     21.460    32.7538    24.9250 -9.990e-29
 237.416053     21.531  37.304848    11.5732    6.23979     21.350    32.7479    24.9197 -9.990e-29
 237.416059     21.382  37.294678    11.5619    6.23256     21.202    32.7480    24.9219 0.0000e+00
 237.416065     21.181  37.281025    11.5348    6.22853     21.003    32.7588    24.9351 0.0000e+00
 237.416071     20.933  37.268112    11.5149    6.23846     20.757    32.7638    24.9427 0.0000e+00
 237.416076     20.657  37.262830    11.5168    6.24086     20.484    32.7571    24.9371 0.0000e+00
 237.416082     20.365  37.270466    11.5320    6.25271     20.194    32.7512    24.9298 0.0000e+00
 237.416088     20.063  37.284935    11.5517    6.26803     19.895    32.7481    24.9237 0.0000e+00
 237.416094     19.754  37.299737    11.5765    6.28146     19.588    32.7408    24.9135 0.0000e+00
 237.416100     19.436  37.317227    11.6142    6.31957     19.273    32.7247    24.8941 0.0000e+00
 237.416105     19.106  37.345588    11.6696    6.37892     18.946    32.7036    24.8676 0.0000e+00
 237.416111     18.759  37.388990    11.7311    6.43463     18.602    32.6918    24.8471 0.0000e+00
 237.416117     18.396  37.435208    11.7854    6.49300     18.242    32.6891    24.8350 0.0000e+00
 237.416123     18.022  37.472972    11.8441    6.54135     17.871    32.6744    24.8127 0.0000e+00
 237.416128     17.645  37.514513    11.9308    6.58402     17.497    32.6387    24.7690 0.0000e+00
 237.416134     17.261  37.581577    12.0437    6.65001     17.116    32.6050    24.7217 0.0000e+00
 237.416140     16.872  37.673860    12.1512    6.71938     16.731    32.6003    24.6979 0.0000e+00
 237.416146     16.487  37.758508    12.2275    6.78876     16.349    32.6154    24.6953 0.0000e+00
 237.416152     16.113  37.811562    12.2752    6.83899     15.978    32.6250    24.6937 0.0000e+00
 237.416157     15.751  37.840970    12.3287    6.87860     15.619    32.6068    24.6694 0.0000e+00
 237.416163     15.394  37.879786    12.4185    6.94453     15.265    32.5661    24.6208 0.0000e+00
 237.416169     15.034  37.953409    12.5159    6.98413     14.908    32.5522    24.5914 0.0000e+00
 237.416175     14.673  38.028204    12.5831    7.02108     14.550    32.5656    24.5889 0.0000e+00
 237.416181     14.318  38.072673    12.6303    7.06247     14.198    32.5673    24.5811 0.0000e+00
 237.416186     13.967  38.104065    12.6813    7.08564     13.850    32.5532    24.5604 0.0000e+00
 237.416192     13.612  38.142374    12.7387    7.12401     13.498    32.5402    24.5392 0.0000e+00
 237.416198     13.248  38.187082    12.7895    7.14989     13.137    32.5390    24.5284 0.0000e+00
 237.416204     12.875  38.224891    12.8260    7.15059     12.767    32.5436    24.5248 0.0000e+00
 237.416209     12.498  38.250138    12.8486    7.16398     12.393    32.5482    24.5240 0.0000e+00
 237.416215     12.121  38.266209    12.8598    7.17563     12.019    32.5539    24.5263 0.0000e+00
 237.416221     11.751  38.274345    12.8641    7.19316     11.653    32.5581    24.5286 0.0000e+00
 237.416227     11.390  38.276426    12.8658    7.22275     11.295    32.5588    24.5288 0.0000e+00
 237.416233     11.040  38.276353    12.8683    7.23957     10.948    32.5567    24.5267 0.0000e+00
 237.416238     10.701  38.276836    12.8734    7.27523     10.611    32.5529    24.5227 0.0000e+00
 237.416244     10.368  38.279640    12.8786    7.31039     10.281    32.5512    24.5204 0.0000e+00
 237.416250     10.042  38.282337    12.8817    7.35004      9.958    32.5512    24.5198 0.0000e+00
 237.416256      9.723  38.282916    12.8833    7.38986      9.642    32.5505    24.5189 0.0000e+00
 237.416262      9.408  38.282713    12.8847    7.40297      9.329    32.5492    24.5177 0.0000e+00
 237.416267      9.091  38.282020    12.8880    7.44848      9.015    32.5459    24.5144 0.0000e+00
 237.416273      8.763  38.282158    12.8966    7.48133      8.690    32.5387    24.5072 0.0000e+00
 237.416279      8.429  38.287237    12.9114    7.51607      8.358    32.5309    24.4983 0.0000e+00
 237.416285      8.104  38.297861    12.9300    7.57379      8.036    32.5251    24.4901 0.0000e+00
 237.416291      7.791  38.310814    12.9491    7.60406      7.726    32.5211    24.4833 0.0000e+00
 237.416296      7.487  38.324299    12.9662    7.65764      7.424    32.5193    24.4785 0.0000e+00
 237.416302      7.192  38.336109    12.9875    7.71131      7.132    32.5122    24.4689 0.0000e+00
 237.416308      6.898  38.351896    13.0200    7.74081      6.840    32.4994    24.4525 0.0000e+00
 237.416314      6.601  38.379253    13.0583    7.78947      6.546    32.4925    24.4397 0.0000e+00
 237.416319      6.297  38.413711    13.0916    7.83243      6.244    32.4965    24.4362 0.0000e+00
 237.416325      5.990  38.442889    13.1122    7.90307      5.940    32.5065    24.4399 0.0000e+00
 237.416331      5.686  38.455777    13.1251    7.94773      5.638    32.5077    24.4383 0.0000e+00
 237.416337      5.386  38.460592    13.1404    7.97981      5.341    32.4992    24.4287 0.0000e+00
 237.416343      5.088  38.472170    13.1652    8.01205      5.045    32.4890    24.4159 0.0000e+00
 237.416348      4.792  38.494733    13.1991    8.03178      4.752    32.4814    24.4032 0.0000e+00
 237.416354      4.499  38.523592    13.2273    8.06757      4.461    32.4845    24.4001 0.0000e+00
 237.416360      4.213  38.544504    13.2427    8.08805      4.178    32.4911    24.4021 0.0000e+00
 237.416366      3.932  38.553387    13.2509    8.09323      3.899    32.4925    24.4016 0.0000e+00
 237.416372      3.659  38.557604    13.2552    8.09467      3.628    32.4929    24.4010 0.0000e+00
 237.416377      3.400  38.559976    13.2575    8.09382      3.372    32.4933    24.4008 0.0000e+00
 237.416383      3.154  38.561988    13.2577    8.10016      3.128    32.4951    24.4022 0.0000e+00
 237.416389      2.918  38.563518    13.2508    8.10153      2.894    32.5025    24.4093 0.0000e+00
 237.416395      2.691  38.559317    13.2374    8.07676      2.669    32.5101    24.4178 0.0000e+00
 237.416400      2.476  38.547711    13.2269    8.06186      2.455    32.5083    24.4185 0.0000e+00
 237.416406      2.271  38.537908    13.2226    8.05010      2.252    32.5028    24.4151 0.0000e+00
 237.416412      2.077  38.535904    13.2201    8.05940      2.060    32.5032    24.4159 0.0000e+00
 237.416418      1.901  38.536224    13.2177    8.06975      1.885    32.5056    24.4182 0.0000e+00
 237.416424      1.756  38.535369    13.2170    7.94762      1.741    32.5055    24.4182 -9.990e-29
 237.416429      1.639  38.535003    13.2188    7.55560      1.625    32.5036    24.4165 -9.990e-29
 237.416435      1.540  38.536321    13.2213    7.42755      1.527    32.5028    24.4153 -9.990e-29
 237.416441      1.447  38.538275    13.2220 -9.990e-29      1.435    32.5040    24.4161 -9.990e-29
 237.416447      1.359  38.538984    13.2216 -9.990e-29      1.348    32.5051    24.4170 -9.990e-29
 237.416453      1.275  38.538833    13.2223 -9.990e-29      1.264    32.5044    24.4163 -9.990e-29
 237.416458      1.190  38.539867    13.2249 -9.990e-29      1.180    32.5031    24.4149 -9.990e-29
 237.416464      1.098  38.542342    13.2277 -9.990e-29      1.089    32.5031    24.4143 -9.990e-29
 237.416470      0.992  38.545070    13.2275 -9.990e-29      0.984    32.5059    24.4165 -9.990e-29
 237.416476      0.880  38.545517    13.2242 -9.990e-29      0.873    32.5092    24.4197 -9.990e-29
 237.416481      0.785  38.542601    13.2209 -9.990e-29      0.778    32.5093    24.4204 -9.990e-29
 237.416487      0.725  38.538604    13.2196 -9.990e-29      0.719    32.5067    24.4187 -9.990e-29
 237.416493      0.705  38.534367 -9.990e-29 -9.990e-29      0.699 -9.990e-29 -9.990e-29 -9.990e-29
