data/oxygen options/OCNMS/OCNMS2/raw_data/2004/CTD_CA30_102104faedb.cnv
* Sea-Bird SBE19 Data File:
* FileName = C:\WINDOWS\Desktop\put hypoxia files here\CTD data\October 21-04\CA\Raw\CA30_102104.hex
* Software Version 1.1.4
* Temperature SN = 2997
* Conductivity SN = 2997
* System UpLoad Time = Oct 21 2004 14:40:32
* SEACAT PROFILER V3.1c SN 2997   10/21/04  14:45:52.409
* strain gauge pressure sensor: S/N = 184829,  range = 3000 psia,  tc = 40
# nquan = 9
# nvalues = 25                          
# units = specified
# name 0 = timeJ: Julian Days
# name 1 = prSM: Pressure, Strain Gauge [db]
# name 2 = c0mS/cm: Conductivity [mS/cm]
# name 3 = t090C: Temperature [ITS-90, deg C]
# name 4 = oxML/L: Oxygen, Beckman/YSI [ml/l]
# name 5 = depSM: Depth [salt water, m], lat = 47.5
# name 6 = sal00: Salinity, Practical [PSU]
# name 7 = sigma-é00: Density [sigma-theta, kg/m^3]
# name 8 = flag: flag
# span 0 = 295.602719, 295.603038       
# span 1 =      2.000,     26.000       
# span 2 =  36.727033,  36.898340       
# span 3 =    12.4489,    12.8340       
# span 4 =    5.58822,    6.12727       
# span 5 =      1.983,     25.782       
# span 6 =    31.2860,    31.4358       
# span 7 =    23.5495,    23.7393       
# span 8 = 0.0000e+00, 0.0000e+00       
# interval = decibars: 1                
# start_time = Oct 21 2004 14:24:51 [Instrument's time stamp, header]
# bad_flag = -9.990e-29
*END*
 295.602719      2.000  36.897297    12.8340    6.12511      1.983    31.2860    23.5495 0.0000e+00
 295.602740      3.000  36.898340    12.8340    6.11968      2.975    31.2866    23.5499 0.0000e+00
 295.602755      4.000  36.897665    12.8310    6.12727      3.967    31.2881    23.5517 0.0000e+00
 295.602768      5.000  36.892224    12.8213    6.09390      4.958    31.2906    23.5556 0.0000e+00
 295.602780      6.000  36.880146    12.8059    6.05343      5.949    31.2916    23.5593 0.0000e+00
 295.602791      7.000  36.864299    12.7815    6.01568      6.941    31.2964    23.5677 0.0000e+00
 295.602803      8.000  36.841223    12.7544    5.97577      7.933    31.2967    23.5732 0.0000e+00
 295.602814      9.000  36.826203    12.7411    5.93420      8.925    31.2931    23.5730 0.0000e+00
 295.602825     10.000  36.820804    12.7365    5.91544      9.916    31.2915    23.5726 0.0000e+00
 295.602836     11.000  36.818948    12.7346    5.91404     10.908    31.2909    23.5725 0.0000e+00
 295.602848     12.000  36.818343    12.7341    5.91163     11.900    31.2904    23.5722 0.0000e+00
 295.602861     13.000  36.818598    12.7339    5.90944     12.891    31.2904    23.5723 0.0000e+00
 295.602873     14.000  36.818772    12.7327    5.90273     13.882    31.2912    23.5732 0.0000e+00
 295.602884     15.000  36.819380    12.7322    5.90145     14.874    31.2918    23.5737 0.0000e+00
 295.602896     16.000  36.820840    12.7306    5.88400     15.866    31.2940    23.5759 0.0000e+00
 295.602907     17.000  36.820869    12.7214    5.84442     16.857    31.3013    23.5832 0.0000e+00
 295.602918     18.000  36.820315    12.6983    5.79849     17.849    31.3196    23.6018 0.0000e+00
 295.602931     19.000  36.817274    12.6681    5.72941     18.840    31.3414    23.6245 0.0000e+00
 295.602944     20.000  36.810782    12.6383    5.65894     19.832    31.3596    23.6443 0.0000e+00
 295.602957     21.000  36.794780    12.5818    5.66088     20.824    31.3912    23.6795 0.0000e+00
 295.602972     22.000  36.766998    12.5368    5.62445     21.816    31.4019    23.6963 0.0000e+00
 295.602987     23.000  36.767634    12.5285    5.60777     22.807    31.4090    23.7035 0.0000e+00
 295.603003     24.000  36.748577    12.4857    5.58928     23.798    31.4263    23.7250 0.0000e+00
 295.603019     25.000  36.733976    12.4622    5.58822     24.790    31.4317    23.7336 0.0000e+00
 295.603038     26.000  36.727033    12.4489    5.59064     25.782    31.4358    23.7393 0.0000e+00
