data/oxygen options/OCNMS/OCNMS2/raw_data/2004/CTD_CE10_061604faed.cnv
* Sea-Bird SBE19 Data File:
* FileName = C:\WINDOWS\Desktop\put hypoxia files here\CTD files\CE\CE10m061604.hex
* Software Version 1.1.4
* Temperature SN = 2997
* Conductivity SN = 2997
* System UpLoad Time = Jun 16 2004 11:20:36
** CapeElizabeth hypoxiaJune 16, 2004 CE-1 10 m
* SEACAT PROFILER V3.1c SN 2997   06/16/04  11:23:40.384
# nquan = 9                                 
# nvalues = 693                         
# units = specified
# name 0 = timeJ: Julian Days
# name 1 = prSM: Pressure, Strain Gauge [db]
# name 2 = c0mS/cm: Conductivity [mS/cm]
# name 3 = t090C: Temperature [ITS-90, deg C]
# name 4 = oxML/L: Oxygen, Beckman/YSI [ml/l]
# name 5 = depSM: Depth [salt water, m], lat = 47.5
# name 6 = sal00: Salinity, Practical [PSU]
# name 7 = sigma-é00: Density [sigma-theta, kg/m^3]
# name 8 = flag: flag
# span 0 = 168.363368, 168.367373       
# span 1 =     -5.367,      9.443       
# span 2 =   0.044848,  36.180147       
# span 3 =     8.6887,    15.6464       
# span 4 =   -0.05276,   30.75906       
# span 5 =     -5.322,      9.364       
# span 6 =     0.0294,    32.8324       
# span 7 =    -0.9762,    25.4620       
# span 8 = 0.0000e+00, 0.0000e+00       
# interval = seconds: 0.5
# start_time = Jun 16 2004 08:43:15 [Instrument's time stamp, header]
# bad_flag = -9.990e-29
*END*
 168.363368     -5.367 -9.990e-29    15.6375   -0.05233     -5.322 -9.990e-29 -9.990e-29 -9.990e-29
 168.363374     -5.350   0.044884    15.6391   -0.05233     -5.305     0.0294    -0.9751 -9.990e-29
 168.363380     -5.337   0.044884    15.6411   -0.05233     -5.293     0.0294    -0.9754 -9.990e-29
 168.363385     -5.321   0.044884    15.6430   -0.05232     -5.277     0.0294    -0.9757 -9.990e-29
 168.363391     -5.297   0.044884    15.6444   -0.05231     -5.253     0.0294    -0.9759 -9.990e-29
 168.363397     -5.268   0.044884    15.6447   -0.05231     -5.224     0.0294    -0.9760 -9.990e-29
 168.363403     -5.242   0.044884    15.6434   -0.05232     -5.198     0.0294    -0.9757 -9.990e-29
 168.363409     -5.220   0.044883    15.6416   -0.05233     -5.177     0.0294    -0.9755 -9.990e-29
 168.363414     -5.201   0.044883    15.6399   -0.05234     -5.158     0.0294    -0.9752 -9.990e-29
 168.363420     -5.184   0.044882    15.6379   -0.05234     -5.141     0.0294    -0.9749 -9.990e-29
 168.363426     -5.167   0.044882    15.6365   -0.05233     -5.124     0.0294    -0.9747 -9.990e-29
 168.363432     -5.151   0.044881    15.6379   -0.05232     -5.108     0.0294    -0.9749 -9.990e-29
 168.363438     -5.133   0.044880    15.6424   -0.05232     -5.090     0.0294    -0.9756 -9.990e-29
 168.363443     -5.113   0.044880    15.6464   -0.05233     -5.070     0.0294    -0.9762 -9.990e-29
 168.363449     -5.089   0.044879    15.6461   -0.05234     -5.047     0.0294    -0.9762 -9.990e-29
 168.363455     -5.064   0.044879    15.6417   -0.05234     -5.022     0.0294    -0.9755 -9.990e-29
 168.363461     -5.041   0.044878    15.6371   -0.05233     -4.999     0.0294    -0.9747 -9.990e-29
 168.363466     -5.014   0.044878    15.6347   -0.05233     -4.972     0.0294    -0.9744 -9.990e-29
 168.363472     -4.982   0.044877    15.6352   -0.05234     -4.940     0.0294    -0.9744 -9.990e-29
 168.363478     -4.950   0.044877    15.6379   -0.05235     -4.909     0.0294    -0.9749 -9.990e-29
 168.363484     -4.921   0.044876    15.6403   -0.05236     -4.880     0.0294    -0.9753 -9.990e-29
 168.363490     -4.893   0.044875    15.6403   -0.05234     -4.852     0.0294    -0.9753 -9.990e-29
 168.363495     -4.865   0.044875    15.6381   -0.05233     -4.824     0.0294    -0.9749 -9.990e-29
 168.363501     -4.835   0.044874    15.6358   -0.05233     -4.795     0.0294    -0.9745 -9.990e-29
 168.363507     -4.805   0.044874    15.6354   -0.05236     -4.765     0.0294    -0.9745 -9.990e-29
 168.363513     -4.777   0.044873    15.6362   -0.05238     -4.737     0.0294    -0.9746 -9.990e-29
 168.363519     -4.750   0.044873    15.6356   -0.05238     -4.710     0.0294    -0.9745 -9.990e-29
 168.363524     -4.722   0.044872    15.6320   -0.05237     -4.683     0.0294    -0.9739 -9.990e-29
 168.363530     -4.691   0.044871    15.6272   -0.05236     -4.652     0.0294    -0.9732 -9.990e-29
 168.363536     -4.660   0.044871    15.6262   -0.05236     -4.621     0.0294    -0.9730 -9.990e-29
 168.363542     -4.631   0.044870    15.6303   -0.05236     -4.592     0.0294    -0.9737 -9.990e-29
 168.363547     -4.601   0.044870    15.6340   -0.05236     -4.563     0.0294    -0.9742 -9.990e-29
 168.363553     -4.569   0.044869    15.6310   -0.05237     -4.531     0.0294    -0.9738 -9.990e-29
 168.363559     -4.534   0.044869    15.6218   -0.05237     -4.496     0.0294    -0.9723 -9.990e-29
 168.363565     -4.496   0.044868    15.6135   -0.05237     -4.459     0.0294    -0.9710 -9.990e-29
 168.363571     -4.463   0.044868    15.6110   -0.05236     -4.426     0.0294    -0.9706 -9.990e-29
 168.363576     -4.436   0.044867    15.6129   -0.05236     -4.399     0.0294    -0.9709 -9.990e-29
 168.363582     -4.414   0.044866    15.6161   -0.05237     -4.377     0.0294    -0.9714 -9.990e-29
 168.363588     -4.395   0.044866    15.6184   -0.05238     -4.358     0.0294    -0.9718 -9.990e-29
 168.363594     -4.378   0.044865    15.6191   -0.05238     -4.342     0.0294    -0.9719 -9.990e-29
 168.363600     -4.362   0.044865    15.6180   -0.05237     -4.326     0.0294    -0.9717 -9.990e-29
 168.363605     -4.347   0.044864    15.6154   -0.05236     -4.311     0.0294    -0.9713 -9.990e-29
 168.363611     -4.330   0.044864    15.6132   -0.05237     -4.294     0.0294    -0.9710 -9.990e-29
 168.363617     -4.311   0.044863    15.6132   -0.05238     -4.275     0.0294    -0.9710 -9.990e-29
 168.363623     -4.289   0.044862    15.6148   -0.05238     -4.253     0.0294    -0.9712 -9.990e-29
 168.363628     -4.263   0.044862    15.6153   -0.05238     -4.227     0.0294    -0.9713 -9.990e-29
 168.363634     -4.230   0.044861    15.6129   -0.05238     -4.195     0.0294    -0.9709 -9.990e-29
 168.363640     -4.192   0.044861    15.6096   -0.05237     -4.157     0.0294    -0.9704 -9.990e-29
 168.363646     -4.157   0.044860    15.6089   -0.05238     -4.122     0.0294    -0.9703 -9.990e-29
 168.363652     -4.127   0.044860    15.6115   -0.05239     -4.093     0.0294    -0.9707 -9.990e-29
 168.363657     -4.098   0.044859    15.6142   -0.05239     -4.064     0.0294    -0.9711 -9.990e-29
 168.363663     -4.070   0.044859    15.6138   -0.05238     -4.036     0.0294    -0.9710 -9.990e-29
 168.363669     -4.040   0.044858    15.6107   -0.05238     -4.006     0.0294    -0.9706 -9.990e-29
 168.363675     -4.011   0.044857    15.6077   -0.05239     -3.978     0.0294    -0.9701 -9.990e-29
 168.363681     -3.986   0.044857    15.6072   -0.05240     -3.953     0.0294    -0.9700 -9.990e-29
 168.363686     -3.958   0.044856    15.6082   -0.05240     -3.925     0.0294    -0.9702 -9.990e-29
 168.363692     -3.926   0.044856    15.6080   -0.05240     -3.893     0.0294    -0.9701 -9.990e-29
 168.363698     -3.897   0.044855    15.6056   -0.05240     -3.865     0.0294    -0.9697 -9.990e-29
 168.363704     -3.872   0.044855    15.6033   -0.05240     -3.840     0.0294    -0.9694 -9.990e-29
 168.363709     -3.850   0.044854    15.6032   -0.05240     -3.818     0.0294    -0.9694 -9.990e-29
 168.363715     -3.829   0.044854    15.6041   -0.05241     -3.797     0.0294    -0.9695 -9.990e-29
 168.363721     -3.810   0.044853    15.6033   -0.05241     -3.778     0.0294    -0.9694 -9.990e-29
 168.363727     -3.789   0.044852    15.6001   -0.05241     -3.757     0.0294    -0.9689 -9.990e-29
 168.363733     -3.766   0.044852    15.5964   -0.05240     -3.735     0.0294    -0.9683 -9.990e-29
 168.363738     -3.739   0.044851    15.5944   -0.05241     -3.708     0.0294    -0.9680 -9.990e-29
 168.363744     -3.712   0.044851    15.5944   -0.05242     -3.681     0.0294    -0.9680 -9.990e-29
 168.363750     -3.690   0.044850    15.5949   -0.05241     -3.659     0.0294    -0.9681 -9.990e-29
 168.363756     -3.673   0.044850    15.5943   -0.05241     -3.642     0.0294    -0.9680 -9.990e-29
 168.363762     -3.650   0.044849    15.5926   -0.05242     -3.620     0.0294    -0.9677 -9.990e-29
 168.363767     -3.621   0.044848    15.5909   -0.05241     -3.591     0.0294    -0.9674 -9.990e-29
 168.363773     -3.592   0.044848    15.5900   -0.05239     -3.562     0.0294    -0.9673 -9.990e-29
 168.363779     -3.565   0.044848    15.5899   -0.05238     -3.535     0.0294    -0.9673 -9.990e-29
 168.363785     -3.539   0.044848    15.5897   -0.05239     -3.509     0.0294    -0.9672 -9.990e-29
 168.363791     -3.513   0.044849    15.5881   -0.05238     -3.484     0.0294    -0.9670 -9.990e-29
 168.363796     -3.487   0.044853    15.5861   -0.05255     -3.458     0.0294    -0.9667 -9.990e-29
 168.363802     -3.467   0.044866    15.5853   -0.05259     -3.438     0.0294    -0.9665 -9.990e-29
 168.363808     -3.445   0.044908    15.5857   -0.05265     -3.416     0.0294    -0.9666 -9.990e-29
 168.363814     -3.416   0.045033    15.5876   -0.05273     -3.388     0.0295    -0.9668 -9.990e-29
 168.363819     -3.382   0.045411    15.5920   -0.05274     -3.354     0.0297    -0.9674 -9.990e-29
 168.363825     -3.351   0.046547    15.5964   -0.05276     -3.323     0.0303    -0.9676 -9.990e-29
 168.363831     -3.324   0.049955    15.5939   -0.05276     -3.296     0.0321    -0.9658 -9.990e-29
 168.363837     -3.300   0.060179    15.5732   -0.05274     -3.272     0.0377    -0.9582 -9.990e-29
 168.363843     -3.280   0.090852    15.5195   -0.05275     -3.253     0.0548    -0.9365 -9.990e-29
 168.363848     -3.269   0.182873    15.4352   -0.05275     -3.242     0.1079    -0.8821 -9.990e-29
 168.363854     -3.262   0.358461    15.3537   -0.05273     -3.235     0.2131    -0.7880 -9.990e-29
 168.363860     -3.253   0.598593    15.3021   -0.05273     -3.226     0.3613    -0.6653 -9.990e-29
 168.363866     -3.242   0.815913    15.2778   -0.05275     -3.215     0.4984    -0.5555 -9.990e-29
 168.363872     -3.229   0.869843    15.2692   -0.05275     -3.202     0.5328    -0.5276 -9.990e-29
 168.363877     -3.216   0.782327    15.2681   -0.05276     -3.189     0.4772    -0.5704 -9.990e-29
 168.363883     -3.207   0.681572    15.2683   -0.05276     -3.180     0.4136    -0.6196 -9.990e-29
 168.363889     -3.198   0.611488    15.2672   -0.05273     -3.171     0.3697    -0.6534 -9.990e-29
 168.363895     -3.183   0.593010    15.2661   -0.04895     -3.156     0.3582    -0.6621 -9.990e-29
 168.363900     -3.167   0.616494    15.2661   -0.04483     -3.141     0.3728    -0.6508 -9.990e-29
 168.363906     -3.151   0.631079    15.2670   -0.04494     -3.125     0.3819    -0.6439 -9.990e-29
 168.363912     -3.131   0.640111    15.2682   -0.04503     -3.105     0.3876    -0.6397 -9.990e-29
 168.363918     -3.106   0.662298    15.2689   -0.04492     -3.080     0.4015    -0.6290 -9.990e-29
 168.363924     -3.082   0.678364    15.2682   -0.04493     -3.056     0.4116    -0.6211 -9.990e-29
 168.363929     -3.055   0.708619    15.2645   -0.04495     -3.030     0.4307    -0.6058 -9.990e-29
 168.363935     -3.012   0.863368    15.2549   -0.04498     -2.987     0.5289    -0.5284 -9.990e-29
 168.363941     -2.961   1.410573    15.2275   -0.04501     -2.936     0.8836    -0.2502 -9.990e-29
 168.363947     -2.907   3.103163    15.1400   -0.04502     -2.883     2.0320     0.6484 -9.990e-29
 168.363953     -2.845   8.149621    14.9845   -0.04502     -2.821     5.7125     3.5003 -9.990e-29
 168.363958     -2.778  17.745537    14.8406   -0.04499     -2.755    13.2935     9.3336 -9.990e-29
 168.363964     -2.708  27.593349    14.7610   -0.04497     -2.685    21.5845    15.7038 -9.990e-29
 168.363970     -2.636  32.975612    14.7253   -0.04498     -2.614    26.2950    19.3283 -9.990e-29
 168.363976     -2.557  34.829330    14.7029   -0.04503     -2.536    27.9525    20.6073 -9.990e-29
 168.363981     -2.470  35.539276    14.6770   -0.04493     -2.449    28.6040    21.1138 -9.990e-29
 168.363987     -2.379  35.823923    14.6489   -0.04490     -2.359    28.8791    21.3313 -9.990e-29
 168.363993     -2.282  35.926624    14.6293   -0.04496     -2.263    28.9855    21.4172 -9.990e-29
 168.363999     -2.173  35.969232    14.6222   -0.04498     -2.155    29.0289    21.4521 -9.990e-29
 168.364005     -2.048  35.978901    14.6269   -0.04503     -2.031    29.0340    21.4551 -9.990e-29
 168.364010     -1.919  35.975868    14.6392   -0.04507     -1.903    29.0221    21.4434 -9.990e-29
 168.364016     -1.796  35.974651    14.6470   -0.04504     -1.781    29.0151    21.4364 -9.990e-29
 168.364022     -1.682  35.978737    14.6453   -0.04496     -1.668    29.0200    21.4405 -9.990e-29
 168.364028     -1.573  35.991396    14.6539   -0.04500     -1.560    29.0249    21.4425 -9.990e-29
 168.364034     -1.471  36.000415    14.6810   -0.04504     -1.459    29.0127    21.4276 -9.990e-29
 168.364039     -1.378  35.994892    14.6943   -0.04508     -1.367    28.9979    21.4134 -9.990e-29
 168.364045     -1.297  35.991073    14.6767   -0.04506     -1.286    29.0075    21.4245 -9.990e-29
 168.364051     -1.226  35.994589    14.6430   -0.04504     -1.216    29.0358    21.4531 -9.990e-29
 168.364057     -1.162  35.997298    14.6077   -0.04502     -1.152    29.0645    21.4825 -9.990e-29
 168.364062     -1.100  36.004551    14.5900   -0.04497     -1.091    29.0843    21.5013 -9.990e-29
 168.364068     -1.037  36.016545    14.6025   -0.04497     -1.028    29.0856    21.4998 -9.990e-29
 168.364074     -0.972  36.023534    14.6212   -0.04500     -0.964    29.0779    21.4900 -9.990e-29
 168.364080     -0.910  36.025364    14.6157   -0.04500     -0.902    29.0836    21.4956 -9.990e-29
 168.364086     -0.851  36.026786    14.5923   -0.04498     -0.844    29.1024    21.5148 -9.990e-29
 168.364091     -0.796  36.026763    14.5746   -0.04500     -0.789    29.1156    21.5286 -9.990e-29
 168.364097     -0.750  36.025853    14.5740   -0.04503     -0.744    29.1152    21.5284 -9.990e-29
 168.364103     -0.715  36.028840    14.5877   -0.04504     -0.709    29.1076    21.5198 -9.990e-29
 168.364109     -0.687  36.038041    14.6110   -0.04503     -0.681    29.0984    21.5079 -9.990e-29
 168.364115     -0.666  36.047045    14.6369   -0.04497     -0.660    29.0871    21.4939 -9.990e-29
 168.364120     -0.650  36.045999    14.6496   -0.04494     -0.645    29.0767    21.4833 -9.990e-29
 168.364126     -0.638  36.029590    14.6459   -0.04498     -0.633    29.0647    21.4748 -9.990e-29
 168.364132     -0.629  36.009589    14.6419   -0.04502     -0.624    29.0498    21.4642 -9.990e-29
 168.364138     -0.622  36.004747    14.6419   -0.04502     -0.617    29.0455    21.4608 -9.990e-29
 168.364144     -0.618  36.008051    14.6346   -0.04500     -0.613    29.0539    21.4688 -9.990e-29
 168.364149     -0.615  36.002602    14.6204   -0.04500     -0.610    29.0596    21.4761 -9.990e-29
 168.364155     -0.610  35.991794    14.6138   -0.04497     -0.605    29.0549    21.4738 -9.990e-29
 168.364161     -0.598  35.991494    14.6264   -0.04494     -0.593    29.0452    21.4638 -9.990e-29
 168.364167     -0.582  36.000741    14.6511   -0.04497     -0.577    29.0350    21.4509 -9.990e-29
 168.364172     -0.566  36.006076    14.6642   -0.04499     -0.561    29.0300    21.4444 -9.990e-29
 168.364178     -0.553  36.009013    14.6538   -0.04500     -0.548    29.0404    21.4545 -9.990e-29
 168.364184     -0.546  36.011796    14.6366   -0.04498     -0.541    29.0557    21.4698 -9.990e-29
 168.364190     -0.541  36.007490    14.6303   -0.04495     -0.536    29.0566    21.4718 -9.990e-29
 168.364196     -0.532  35.997082    14.6340   -0.04495     -0.528    29.0445    21.4617 -9.990e-29
 168.364201     -0.521  35.992483    14.6445   -0.04496     -0.517    29.0325    21.4503 -9.990e-29
 168.364207     -0.509  35.997657    14.6607   -0.04499     -0.505    29.0251    21.4413 -9.990e-29
 168.364213     -0.500  36.002127    14.6715   -0.04501     -0.496    29.0210    21.4359 -9.990e-29
 168.364219     -0.491  36.000647    14.6677   -0.04502     -0.487    29.0225    21.4379 -9.990e-29
 168.364225     -0.475  35.995176    14.6578   -0.04496     -0.471    29.0250    21.4418 -9.990e-29
 168.364230     -0.457  35.991321    14.6557   -0.04492     -0.453    29.0231    21.4408 -9.990e-29
 168.364236     -0.438  35.994596    14.6651   -0.04498     -0.434    29.0190    21.4357 -9.990e-29
 168.364242     -0.419  35.999837    14.6775   -0.04502     -0.416    29.0145    21.4297 -9.990e-29
 168.364248     -0.402  36.002821    14.6810   -0.04504     -0.399    29.0145    21.4290 -9.990e-29
 168.364253     -0.390  36.004730    14.6730   -0.04504     -0.387    29.0222    21.4365 -9.990e-29
 168.364259     -0.383  36.002511    14.6584   -0.04499     -0.380    29.0311    21.4464 -9.990e-29
 168.364265     -0.380  35.996013    14.6467   -0.04498     -0.377    29.0340    21.4510 -9.990e-29
 168.364271     -0.377  35.993392    14.6516   -0.04502     -0.374    29.0280    21.4454 -9.990e-29
 168.364277     -0.368  35.995079    14.6737   -0.04503     -0.365    29.0130    21.4293 -9.990e-29
 168.364282     -0.359  35.992673    14.6862   -0.04503     -0.356    29.0016    21.4179 -9.990e-29
 168.364288     -0.352  35.984093    14.6711   -0.04501     -0.349    29.0051    21.4238 -9.990e-29
