data/oxygen options/OCNMS/OCNMS2/raw_data/2004/CTD_CA45_090804faed.cnv
* Sea-Bird SBE19 Data File:
* FileName = C:\WINDOWS\Desktop\put hypoxia files here\CTD data\September 07_0804\CA\raw\CA45_090804.hex
* Software Version 1.1.4
* Temperature SN = 2997
* Conductivity SN = 2997
* System UpLoad Time = Sep 08 2004 10:23:01
* SEACAT PROFILER V3.1c SN 2997   09/08/04  10:25:37.157
* strain gauge pressure sensor: S/N = 184829,  range = 3000 psia,  tc = 40
# nquan = 9                                 
# nvalues = 747                         
# units = specified
# name 0 = timeJ: Julian Days
# name 1 = prSM: Pressure, Strain Gauge [db]
# name 2 = c0mS/cm: Conductivity [mS/cm]
# name 3 = t090C: Temperature [ITS-90, deg C]
# name 4 = oxML/L: Oxygen, Beckman/YSI [ml/l]
# name 5 = depSM: Depth [salt water, m], lat = 47.5
# name 6 = sal00: Salinity, Practical [PSU]
# name 7 = sigma-é00: Density [sigma-theta, kg/m^3]
# name 8 = flag: flag
# span 0 = 252.396852, 252.401169       
# span 1 =     -4.887,     44.495       
# span 2 =   0.577906,  38.405628       
# span 3 =     7.5951,    14.0009       
# span 4 =  -11.63186,   32.42282       
# span 5 =     -4.846,     44.119       
# span 6 =     0.3598,    33.6668       
# span 7 =    -0.4742,    26.2854       
# span 8 = 0.0000e+00, 0.0000e+00       
# interval = seconds: 0.5
# start_time = Sep 08 2004 09:31:28 [Instrument's time stamp, header]
# bad_flag = -9.990e-29
*END*
[from data line 481]
 252.399635      1.200  38.290333    13.1121    7.21130      1.190    32.3649    24.3302 -9.990e-29
 252.399641      1.190  38.290988    13.1127    7.21429      1.180    32.3650    24.3301 -9.990e-29
 252.399647      1.189  38.291446    13.1138    7.22711      1.179    32.3645    24.3295 -9.990e-29
 252.399653      1.199  38.291758    13.1150    7.22638      1.189    32.3637    24.3287 -9.990e-29
 252.399659      1.216  38.292154    13.1157    7.22027      1.206    32.3635    24.3284 -9.990e-29
 252.399664      1.227  38.292597    13.1157    7.21574      1.217    32.3639    24.3287 -9.990e-29
 252.399670      1.221  38.292915    13.1155    7.21639      1.211    32.3644    24.3291 -9.990e-29
 252.399676      1.201  38.292944    13.1154    7.22242      1.191    32.3645    24.3293 -9.990e-29
 252.399682      1.188  38.292510    13.1152    7.22024      1.178    32.3643    24.3291 -9.990e-29
 252.399688      1.193  38.291571    13.1149    7.22214      1.183    32.3636    24.3287 -9.990e-29
 252.399693      1.213  38.289975    13.1147    7.22091      1.203    32.3623    24.3277 -9.990e-29
 252.399699      1.240  38.288935    13.1148    7.23053      1.230    32.3612    24.3268 -9.990e-29
 252.399705      1.268  38.289842    13.1149    7.23146      1.257    32.3620    24.3274 -9.990e-29
 252.399711      1.293  38.291078    13.1147    7.22184      1.282    32.3633    24.3285 -9.990e-29
 252.399716      1.314  38.291461    13.1143    7.21923      1.303    32.3640    24.3291 -9.990e-29
 252.399722      1.327  38.291476    13.1140    7.21082      1.316    32.3643    24.3293 -9.990e-29
 252.399728      1.338  38.291119    13.1137    7.21739      1.327    32.3642    24.3293 -9.990e-29
 252.399734      1.351  38.290452    13.1137    7.21830      1.340    32.3635    24.3289 -9.990e-29
 252.399740      1.367  38.290245    13.1142    7.22169      1.356    32.3629    24.3283 -9.990e-29
 252.399745      1.388  38.290758    13.1147    7.21719      1.376    32.3630    24.3282 -9.990e-29
 252.399751      1.409  38.290968    13.1150    7.21568      1.397    32.3629    24.3281 -9.990e-29
 252.399757      1.425  38.290570    13.1152    7.22144      1.413    32.3623    24.3276 -9.990e-29
 252.399763      1.436  38.290130    13.1154    7.19630      1.424    32.3618    24.3271 -9.990e-29
 252.399769      1.456  38.289037    13.1157    7.18736      1.444    32.3605    24.3261 -9.990e-29
 252.399774      1.495  38.285810    13.1161    7.19159      1.483    32.3571    24.3234 -9.990e-29
 252.399780      1.549  38.278927    13.1167    7.19467      1.536    32.3501    24.3178 -9.990e-29
 252.399786      1.620  38.269842    13.1170    7.20354      1.606    32.3412    24.3109 -9.990e-29
 252.399792      1.703  38.265490    13.1172    7.21600      1.689    32.3369    24.3076 -9.990e-29
 252.399797      1.789  38.267334    13.1176    7.19649      1.774    32.3383    24.3086 -9.990e-29
 252.399803      1.890  38.270518    13.1178    7.19284      1.874    32.3411    24.3107 -9.990e-29
 252.399809      2.024  38.274775    13.1172    7.19577      2.007    32.3455    24.3142 0.0000e+00
 252.399815      2.204  38.281272    13.1164    7.19538      2.186    32.3523    24.3196 0.0000e+00
 252.399821      2.432  38.287989    13.1161    7.21620      2.412    32.3587    24.3247 0.0000e+00
 252.399826      2.699  38.291520    13.1164    7.21298      2.676    32.3617    24.3269 0.0000e+00
 252.399832      2.986  38.292058    13.1167    7.22484      2.961    32.3618    24.3270 0.0000e+00
 252.399838      3.277  38.291976    13.1166    7.20672      3.250    32.3617    24.3269 0.0000e+00
 252.399844      3.561  38.291697    13.1164    7.19882      3.531    32.3615    24.3268 0.0000e+00
 252.399850      3.843  38.291946    13.1157    7.20460      3.811    32.3622    24.3275 0.0000e+00
 252.399855      4.141  38.293590    13.1138    7.22433      4.106    32.3653    24.3303 0.0000e+00
 252.399861      4.461  38.295432    13.1111    7.25095      4.424    32.3692    24.3338 0.0000e+00
 252.399867      4.793  38.295975    13.1085    7.26327      4.753    32.3718    24.3364 0.0000e+00
 252.399873      5.125  38.295357    13.1065    7.26816      5.082    32.3728    24.3375 0.0000e+00
 252.399878      5.448  38.294410    13.1048    7.27391      5.402    32.3732    24.3382 0.0000e+00
 252.399884      5.760  38.293526    13.1027    7.24716      5.712    32.3741    24.3393 0.0000e+00
 252.399890      6.068  38.292062    13.0980    7.25443      6.017    32.3766    24.3421 0.0000e+00
 252.399896      6.388  38.288600    13.0865    7.28148      6.335    32.3830    24.3494 0.0000e+00
 252.399902      6.731  38.280184    13.0661    7.38075      6.675    32.3923    24.3607 0.0000e+00
 252.399907      7.099  38.263419    13.0410    7.42193      7.040    32.3978    24.3699 0.0000e+00
 252.399913      7.484  38.242287    13.0154    7.41999      7.421    32.3997    24.3763 0.0000e+00
 252.399919      7.876  38.222795    12.9894    7.38095      7.810    32.4033    24.3842 0.0000e+00
 252.399925      8.262  38.203040    12.9615    7.23970      8.193    32.4084    24.3936 0.0000e+00
 252.399931      8.629  38.180210    12.9191    7.05932      8.557    32.4230    24.4132 0.0000e+00
 252.399936      8.977  38.144586    12.8414    6.89264      8.902    32.4558    24.4538 0.0000e+00
 252.399942      9.316  38.082292    12.6961    6.74310      9.238    32.5216    24.5329 0.0000e+00
 252.399948      9.655  37.970818    12.4203    6.59347      9.574    32.6541    24.6885 0.0000e+00
 252.399954     10.002  37.746187    12.0296    6.41628      9.918    32.7794    24.8595 0.0000e+00
 252.399959     10.358  37.415633    11.6680    6.19333     10.271    32.7770    24.9247 0.0000e+00
 252.399965     10.720  37.121600    11.4286    5.92364     10.630    32.7011    24.9093 0.0000e+00
 252.399971     11.082  36.949741    11.2989    5.70158     10.989    32.6470    24.8907 0.0000e+00
 252.399977     11.435  36.867084    11.2079    5.55679     11.339    32.6461    24.9063 0.0000e+00
 252.399983     11.785  36.807094    11.0487    5.46020     11.686    32.7282    24.9985 0.0000e+00
 252.399988     12.147  36.684703    10.8014    5.37467     12.045    32.8278    25.1195 0.0000e+00
 252.399994     12.525  36.477439    10.5623    5.25998     12.420    32.8356    25.1672 0.0000e+00
 252.400000     12.911  36.277296    10.4131    5.13954     12.803    32.7692    25.1410 0.0000e+00
 252.400006     13.288  36.162175    10.3539    5.02884     13.177    32.7066    25.1023 0.0000e+00
 252.400012     13.657  36.123163    10.3277    4.97050     13.543    32.6908    25.0945 0.0000e+00
 252.400017     14.023  36.107075    10.2684    4.98469     13.905    32.7279    25.1334 0.0000e+00
 252.400023     14.392  36.059355    10.1648    5.15648     14.271    32.7732    25.1862 0.0000e+00
 252.400029     14.771  35.976346    10.0611    5.50431     14.647    32.7830    25.2112 0.0000e+00
 252.400035     15.162  35.898717     9.9934    5.82546     15.035    32.7655    25.2089 0.0000e+00
 252.400041     15.560  35.852989     9.9632    6.21207     15.430    32.7463    25.1989 0.0000e+00
 252.400046     15.956  35.835895     9.9524    6.73855     15.822    32.7385    25.1947 0.0000e+00
 252.400052     16.341  35.830773     9.9375    7.36564     16.204    32.7467    25.2035 0.0000e+00
 252.400058     16.715  35.820114     9.9035    8.35275     16.575    32.7666    25.2247 0.0000e+00
 252.400064     17.087  35.794169     9.8583    9.38923     16.944    32.7811    25.2435 0.0000e+00
 252.400069     17.464  35.761490     9.8243   10.12333     17.318    32.7786    25.2471 0.0000e+00
 252.400075     17.841  35.740143     9.8118   10.73943     17.691    32.7680    25.2410 0.0000e+00
 252.400081     18.211  35.735271     9.8103   11.08511     18.058    32.7643    25.2383 0.0000e+00
 252.400087     18.576  35.736423     9.8014   11.37517     18.420    32.7734    25.2468 0.0000e+00
 252.400093     18.942  35.729971     9.7765   11.67838     18.783    32.7893    25.2634 0.0000e+00
 252.400098     19.317  35.711215     9.7387   11.82794     19.155    32.8044    25.2814 0.0000e+00
 252.400104     19.701  35.682593     9.7003   11.89379     19.536    32.8101    25.2921 0.0000e+00
 252.400110     20.089  35.654130     9.6754   12.12660     19.920    32.8035    25.2911 0.0000e+00
 252.400116     20.477  35.637738     9.6659   12.38646     20.305    32.7952    25.2861 0.0000e+00
 252.400122     20.862  35.632833     9.6659   12.60319     20.687    32.7901    25.2821 0.0000e+00
 252.400127     21.245  35.633970     9.6698   12.76874     21.067    32.7875    25.2795 0.0000e+00
 252.400133     21.627  35.637593     9.6702   12.85504     21.445    32.7907    25.2819 0.0000e+00
 252.400139     22.016  35.637857     9.6613   13.02189     21.831    32.7989    25.2898 0.0000e+00
 252.400145     22.419  35.630607     9.6437   13.31312     22.231    32.8074    25.2993 0.0000e+00
 252.400150     22.837  35.617926     9.6237   13.66319     22.645    32.8125    25.3065 0.0000e+00
 252.400156     23.257  35.605304     9.6078   13.93251     23.062    32.8139    25.3102 0.0000e+00
 252.400162     23.668  35.597189     9.5996   14.19037     23.469    32.8129    25.3108 0.0000e+00
 252.400168     24.065  35.595065     9.5949   14.37860     23.863    32.8148    25.3131 0.0000e+00
 252.400174     24.444  35.594952     9.5723   14.42441     24.239    32.8352    25.3327 0.0000e+00
 252.400179     24.808  35.584341     9.5167   14.45687     24.599    32.8751    25.3728 0.0000e+00
 252.400185     25.179  35.558590     9.4475   14.43854     24.967    32.9120    25.4128 0.0000e+00
 252.400191     25.573  35.531554     9.3870   14.46659     25.358    32.9396    25.4442 0.0000e+00
 252.400197     25.985  35.512001     9.3316   14.58982     25.767    32.9703    25.4771 0.0000e+00
 252.400203     26.402  35.493445     9.2661   14.67738     26.180    33.0115    25.5197 0.0000e+00
 252.400208     26.812  35.466246     9.1847   14.64560     26.587    33.0585    25.5694 0.0000e+00
 252.400214     27.212  35.426623     9.1031   14.72503     26.983    33.0930    25.6093 0.0000e+00
 252.400220     27.597  35.384498     9.0532   14.91958     27.365    33.0954    25.6191 0.0000e+00
 252.400226     27.960  35.360471     9.0407   14.97214     27.725    33.0819    25.6105 0.0000e+00
 252.400231     28.305  35.358905     9.0086   15.04936     28.067    33.1100    25.6375 0.0000e+00
 252.400237     28.640  35.343482     8.8973   15.06587     28.399    33.1977    25.7235 0.0000e+00
 252.400243     28.978  35.277361     8.7152   15.06430     28.734    33.2992    25.8312 0.0000e+00
 252.400249     29.328  35.173267     8.5125   15.12995     29.081    33.3808    25.9262 0.0000e+00
 252.400255     29.689  35.062227     8.3394   15.14250     29.439    33.4275    25.9889 0.0000e+00
 252.400260     30.056  34.968229     8.2237   15.12884     29.803    33.4376    26.0143 0.0000e+00
 252.400266     30.425  34.906023     8.1556   15.09453     30.169    33.4362    26.0233 0.0000e+00
 252.400272     30.808  34.869411     8.1064   15.02590     30.549    33.4440    26.0367 0.0000e+00
 252.400278     31.212  34.842050     8.0506   15.02716     30.949    33.4679    26.0637 0.0000e+00
 252.400284     31.636  34.808727     7.9866   15.09926     31.370    33.4934    26.0931 0.0000e+00
 252.400289     32.086  34.770388     7.9307   15.17955     31.816    33.5057    26.1110 0.0000e+00
 252.400295     32.570  34.739787     7.8912   15.41084     32.296    33.5106    26.1206 0.0000e+00
 252.400301     33.083  34.720370     7.8646   15.59996     32.804    33.5151    26.1280 0.0000e+00
 252.400307     33.616  34.707514     7.8450   15.72832     33.333    33.5199    26.1346 0.0000e+00
 252.400313     34.159  34.697499     7.8298   15.71166     33.871    33.5235    26.1396 0.0000e+00
 252.400318     34.705  34.689836     7.8184   15.46711     34.412    33.5260    26.1432 0.0000e+00
 252.400324     35.249  34.683811     7.8082   15.20843     34.952    33.5290    26.1471 0.0000e+00
 252.400330     35.796  34.678089     7.7942   15.11942     35.494    33.5361    26.1547 0.0000e+00
 252.400336     36.351  34.672300     7.7693   15.24912     36.044    33.5536    26.1720 0.0000e+00
 252.400341     36.915  34.665429     7.7307   15.44492     36.604    33.5831    26.2008 0.0000e+00
 252.400347     37.489  34.656697     7.6858   15.61012     37.173    33.6168    26.2337 0.0000e+00
 252.400353     38.067  34.647516     7.6463   15.65747     37.746    33.6448    26.2614 0.0000e+00
 252.400359     38.639  34.639085     7.6201   14.00106     38.313    33.6608    26.2778 0.0000e+00
 252.400365     39.202  34.632129     7.6064   -5.07729     38.871    33.6663    26.2840 0.0000e+00
 252.400370     39.758  34.626930     7.5998  -11.63186     39.422    33.6668    26.2854 0.0000e+00
 252.400376     40.308  34.622947     7.5969  -11.14501     39.968    33.6650    26.2844 0.0000e+00
 252.400382     40.848  34.620510     7.5959   -6.40996     40.503    33.6631    26.2831 0.0000e+00
 252.400388     41.375  34.619772     7.5955    2.37050     41.026    33.6624    26.2826 0.0000e+00
 252.400394     41.887  34.619785     7.5953    3.21918     41.533    33.6624    26.2826 0.0000e+00
 252.400399     42.374  34.619483     7.5951    2.92639     42.016    33.6620    26.2824 0.0000e+00
 252.400405     42.821  34.618502     7.5951    3.01048     42.459    33.6607    26.2814 0.0000e+00
 252.400411     43.220  34.617816     7.5962    2.99326     42.855    33.6587    26.2797 0.0000e+00
 252.400417     43.569  34.618789     7.5991    3.00096     43.201    33.6568    26.2777 0.0000e+00
 252.400422     43.853  34.621076     7.6023    2.98732     43.482    33.6561    26.2767 0.0000e+00
 252.400428     44.071  34.622719     7.6043    2.97814     43.699    33.6558    26.2762 0.0000e+00
 252.400434     44.231  34.622585     7.6056    2.98253     43.857    33.6543    26.2748 -9.990e-29
 252.400440     44.344  34.621097     7.6068    2.98511     43.969    33.6515    26.2724 -9.990e-29
 252.400446     44.421  34.619116     7.6071    2.98165     44.046    33.6490    26.2705 -9.990e-29
 252.400451     44.472  34.617966     7.6070    2.97240     44.096    33.6479    26.2696 -9.990e-29
 252.400457     44.495  34.618395     7.6076    2.96815     44.119    33.6477    26.2694 -9.990e-29
 252.400463     44.488  34.619337     7.6089    2.97236     44.112    33.6475    26.2690 -9.990e-29
 252.400469     44.450  34.620405     7.6101    2.96924     44.074    33.6475    26.2688 -9.990e-29
 252.400475     44.383  34.621942     7.6100    2.95814     44.008    33.6493    26.2703 -9.990e-29
 252.400480     44.288  34.622678     7.6082    2.95188     43.914    33.6519    26.2725 -9.990e-29
 252.400486     44.161  34.621392     7.6062    2.95820     43.788    33.6525    26.2733 0.0000e+00
 252.400492     44.008  34.619214     7.6047    2.95285     43.636    33.6516    26.2729 0.0000e+00
 252.400498     43.833  34.617765     7.6038    2.95044     43.463    33.6510    26.2725 0.0000e+00
 252.400503     43.632  34.616836     7.6032    2.94491     43.263    33.6507    26.2723 0.0000e+00
 252.400509     43.406  34.615790     7.6025    2.94730     43.039    33.6504    26.2722 0.0000e+00
 252.400515     43.161  34.614395     7.6015    2.94071     42.796    33.6499    26.2720 0.0000e+00
 252.400521     42.905  34.613076     7.6005    2.94225     42.542    33.6496    26.2719 0.0000e+00
 252.400527     42.632  34.612357     7.5999    2.95538     42.272    33.6496    26.2719 0.0000e+00
 252.400532     42.335  34.611882     7.5994    2.93610     41.977    33.6497    26.2720 0.0000e+00
 252.400538     42.007  34.611058     7.5987    2.94637     41.652    33.6496    26.2721 0.0000e+00
 252.400544     41.654  34.609390     7.5981    2.94575     41.302    33.6486    26.2713 0.0000e+00
 252.400550     41.290  34.607498     7.5977    2.93941     40.941    33.6471    26.2702 0.0000e+00
