data/oxygen options/OCNMS/OCNMS2/raw_data/2004/CTD_CA70_061504faed.cnv
* Sea-Bird SBE19 Data File:
* FileName = C:\WINDOWS\Desktop\put hypoxia files here\CTD files\CA\CA70m061504.hex
* Software Version 1.1.4
* Temperature SN = 2997
* Conductivity SN = 2997
* System UpLoad Time = Jun 15 2004 12:01:55
** Cape Alava hypoxia CA-7 70m June 15, 2004
**
# nquan = 9                                 
# nvalues = 834                         
# units = specified
# name 0 = timeJ: Julian Days
# name 1 = prSM: Pressure, Strain Gauge [db]
# name 2 = c0mS/cm: Conductivity [mS/cm]
# name 3 = t090C: Temperature [ITS-90, deg C]
# name 4 = oxML/L: Oxygen, Beckman/YSI [ml/l]
# name 5 = depSM: Depth [salt water, m], lat = 47.5
# name 6 = sal00: Salinity, Practical [PSU]
# name 7 = sigma-é00: Density [sigma-theta, kg/m^3]
# name 8 = flag: flag
# span 0 = 167.431319, 167.436140       
# span 1 =     -4.651,     70.110       
# span 2 =   0.931443,  36.896693       
# span 3 =     7.3507,    12.3773       
# span 4 =  -11.88002,   34.90626       
# span 5 =     -4.612,     69.513       
# span 6 =     0.6342,    33.6423       
# span 7 =     0.0784,    26.3013       
# span 8 = 0.0000e+00, 0.0000e+00       
# interval = seconds: 0.5
# start_time = Jun 15 2004 10:21:06 [Instrument's time stamp, header]
# bad_flag = -9.990e-29
*END*
[from data line 481]
 167.434103      4.500  36.580213    12.0097    6.84026      4.462    31.6740    24.0054 0.0000e+00
 167.434109      4.788  36.577164    12.0033    6.81931      4.748    31.6764    24.0085 0.0000e+00
 167.434115      5.083  36.570105    11.9896    6.79085      5.041    31.6811    24.0147 0.0000e+00
 167.434120      5.396  36.554674    11.9697    6.77459      5.351    31.6830    24.0198 0.0000e+00
 167.434126      5.733  36.533105    11.9430    6.74381      5.685    31.6848    24.0261 0.0000e+00
 167.434132      6.082  36.508605    11.9087    6.69526      6.031    31.6902    24.0366 0.0000e+00
 167.434138      6.432  36.481396    11.8722    6.67156      6.378    31.6948    24.0470 0.0000e+00
 167.434144      6.782  36.452185    11.8343    6.64566      6.725    31.6987    24.0569 0.0000e+00
 167.434149      7.133  36.421629    11.7836    6.61781      7.073    31.7123    24.0767 0.0000e+00
 167.434155      7.482  36.379808    11.7211    6.59856      7.419    31.7250    24.0980 0.0000e+00
 167.434161      7.831  36.326462    11.6651    6.57197      7.765    31.7209    24.1050 0.0000e+00
 167.434167      8.183  36.280730    11.6225    6.52908      8.115    31.7128    24.1064 0.0000e+00
 167.434172      8.540  36.248346    11.5877    6.46749      8.469    31.7109    24.1113 0.0000e+00
 167.434178      8.898  36.223117    11.5506    6.42090      8.824    31.7180    24.1235 0.0000e+00
 167.434184      9.260  36.196617    11.4980    6.35844      9.183    31.7371    24.1478 0.0000e+00
 167.434190      9.626  36.157046    11.4269    6.24521      9.545    31.7594    24.1778 0.0000e+00
 167.434196      9.995  36.102093    11.3514    6.13158      9.911    31.7705    24.1999 0.0000e+00
 167.434201     10.369  36.043706    11.2811    6.02732     10.282    31.7737    24.2150 0.0000e+00
 167.434207     10.744  35.993172    11.1878    5.93350     10.654    31.8045    24.2554 0.0000e+00
 167.434213     11.120  35.929628    11.0427    5.86321     11.027    31.8674    24.3298 0.0000e+00
 167.434219     11.504  35.824963    10.8828    5.75702     11.408    31.9028    24.3853 0.0000e+00
 167.434225     11.893  35.709511    10.7575    5.60994     11.793    31.8974    24.4028 0.0000e+00
 167.434230     12.284  35.625003    10.6693    5.47128     12.181    31.8902    24.4124 0.0000e+00
 167.434236     12.670  35.566940    10.6022    5.36849     12.564    31.8909    24.4244 0.0000e+00
 167.434242     13.050  35.521233    10.5180    5.29277     12.941    31.9188    24.4605 0.0000e+00
 167.434248     13.436  35.460554    10.3861    5.23358     13.323    31.9737    24.5257 0.0000e+00
 167.434253     13.835  35.365094    10.2431    5.16044     13.719    32.0037    24.5731 0.0000e+00
 167.434259     14.247  35.268479    10.1361    5.09631     14.128    32.0008    24.5886 0.0000e+00
 167.434265     14.668  35.202215    10.0690    5.03818     14.545    31.9931    24.5937 0.0000e+00
 167.434271     15.095  35.162013    10.0280    5.01000     14.968    31.9886    24.5970 0.0000e+00
 167.434277     15.528  35.136850     9.9967    4.98047     15.398    31.9906    24.6038 0.0000e+00
 167.434282     15.963  35.116138     9.9622    4.93079     15.829    32.0001    24.6168 0.0000e+00
 167.434288     16.391  35.091862     9.9233    4.87774     16.254    32.0098    24.6308 0.0000e+00
 167.434294     16.819  35.064154     9.8817    4.79846     16.678    32.0184    24.6444 0.0000e+00
 167.434300     17.252  35.035297     9.8328    4.70805     17.107    32.0324    24.6633 0.0000e+00
 167.434306     17.693  35.003796     9.7703    4.63058     17.545    32.0558    24.6917 0.0000e+00
 167.434311     18.138  34.966317     9.6890    4.58077     17.986    32.0899    24.7315 0.0000e+00
 167.434317     18.583  34.920520     9.5821    4.54858     18.427    32.1385    24.7867 0.0000e+00
 167.434323     19.026  34.863069     9.4533    4.52455     18.866    32.1951    24.8515 0.0000e+00
 167.434329     19.464  34.795267     9.3333    4.48747     19.301    32.2333    24.9004 0.0000e+00
 167.434334     19.896  34.733204     9.2512    4.43980     19.729    32.2432    24.9212 0.0000e+00
 167.434340     20.323  34.691646     9.2067    4.38851     20.152    32.2404    24.9260 0.0000e+00
 167.434346     20.747  34.668968     9.1835    4.33317     20.573    32.2378    24.9276 0.0000e+00
 167.434352     21.173  34.656769     9.1665    4.30000     20.995    32.2404    24.9323 0.0000e+00
 167.434358     21.607  34.648292     9.1451    4.26219     21.426    32.2508    24.9437 0.0000e+00
 167.434363     22.051  34.640065     9.1111    4.24002     21.866    32.2728    24.9663 0.0000e+00
 167.434369     22.508  34.630631     9.0629    4.21292     22.319    32.3066    25.0002 0.0000e+00
 167.434375     22.976  34.620287     9.0092    4.18488     22.783    32.3444    25.0382 0.0000e+00
 167.434381     23.451  34.609796     8.9592    4.19255     23.254    32.3788    25.0729 0.0000e+00
 167.434387     23.928  34.598038     8.9162    4.19220     23.727    32.4056    25.1005 0.0000e+00
 167.434392     24.405  34.584446     8.8805    4.22828     24.200    32.4239    25.1203 0.0000e+00
 167.434398     24.876  34.570493     8.8524    4.27273     24.667    32.4348    25.1331 0.0000e+00
 167.434404     25.338  34.558296     8.8312    4.31421     25.125    32.4413    25.1415 0.0000e+00
 167.434410     25.786  34.548387     8.8161    4.35005     25.569    32.4446    25.1464 0.0000e+00
 167.434416     26.218  34.540429     8.8062    4.37438     25.998    32.4451    25.1483 0.0000e+00
 167.434421     26.631  34.535001     8.8004    4.38876     26.407    32.4446    25.1488 0.0000e+00
 167.434427     27.027  34.532696     8.7961    4.40625     26.800    32.4459    25.1505 0.0000e+00
 167.434433     27.418  34.530983     8.7892    4.42307     27.187    32.4503    25.1550 0.0000e+00
 167.434439     27.810  34.526440     8.7779    4.42907     27.576    32.4557    25.1610 0.0000e+00
 167.434444     28.208  34.519719     8.7606    4.45295     27.971    32.4644    25.1704 0.0000e+00
 167.434450     28.621  34.510810     8.7367    4.47636     28.380    32.4768    25.1838 0.0000e+00
 167.434456     29.051  34.499031     8.7102    4.51138     28.807    32.4886    25.1971 0.0000e+00
 167.434462     29.498  34.486598     8.6848    4.56246     29.250    32.4987    25.2089 0.0000e+00
 167.434468     29.951  34.474852     8.6591    4.60764     29.699    32.5099    25.2215 0.0000e+00
 167.434473     30.400  34.462125     8.6295    4.66019     30.144    32.5235    25.2367 0.0000e+00
 167.434479     30.843  34.446004     8.5964    4.69101     30.583    32.5369    25.2522 0.0000e+00
 167.434485     31.284  34.427396     8.5632    4.71663     31.021    32.5478    25.2657 0.0000e+00
 167.434491     31.729  34.408942     8.5298    4.73236     31.462    32.5590    25.2795 0.0000e+00
 167.434497     32.184  34.390682     8.4943    4.75353     31.913    32.5724    25.2954 0.0000e+00
 167.434502     32.649  34.372353     8.4567    4.76720     32.374    32.5876    25.3129 0.0000e+00
 167.434508     33.118  34.354723     8.4209    4.77537     32.839    32.6020    25.3295 0.0000e+00
 167.434514     33.588  34.339492     8.3926    4.77826     33.305    32.6119    25.3415 0.0000e+00
 167.434520     34.054  34.329313     8.3713    4.76951     33.767    32.6207    25.3516 0.0000e+00
 167.434525     34.516  34.324045     8.3525    4.73611     34.225    32.6323    25.3636 0.0000e+00
 167.434531     34.977  34.322251     8.3373    4.67907     34.682    32.6443    25.3752 0.0000e+00
 167.434537     35.437  34.325441     8.3311    4.57199     35.138    32.6532    25.3831 0.0000e+00
 167.434543     35.890  34.337850     8.3355    4.44123     35.587    32.6621    25.3894 0.0000e+00
 167.434549     36.331  34.362545     8.3448    4.30528     36.025    32.6793    25.4015 0.0000e+00
 167.434554     36.754  34.392630     8.3517    4.15923     36.444    32.7044    25.4202 0.0000e+00
 167.434560     37.155  34.414941     8.3536    4.06016     36.842    32.7261    25.4369 0.0000e+00
 167.434566     37.540  34.425573     8.3522    3.98132     37.223    32.7384    25.4468 0.0000e+00
 167.434572     37.915  34.429714     8.3484    3.92579     37.595    32.7461    25.4534 0.0000e+00
 167.434578     38.286  34.431749     8.3407    3.88396     37.963    32.7553    25.4618 0.0000e+00
 167.434583     38.661  34.432691     8.3300    3.84263     38.335    32.7661    25.4718 0.0000e+00
 167.434589     39.042  34.433217     8.3198    3.80932     38.712    32.7760    25.4811 0.0000e+00
 167.434595     39.426  34.434010     8.3118    3.78014     39.093    32.7841    25.4887 0.0000e+00
 167.434601     39.814  34.434428     8.3047    3.75007     39.478    32.7910    25.4951 0.0000e+00
 167.434606     40.203  34.433886     8.2964    3.73127     39.864    32.7980    25.5018 0.0000e+00
 167.434612     40.594  34.433328     8.2862    3.70933     40.251    32.8067    25.5102 0.0000e+00
 167.434618     40.984  34.434231     8.2726    3.69105     40.638    32.8202    25.5228 0.0000e+00
 167.434624     41.374  34.434419     8.2547    3.67146     41.025    32.8369    25.5386 0.0000e+00
 167.434630     41.757  34.430760     8.2347    3.66426     41.404    32.8516    25.5530 0.0000e+00
 167.434635     42.129  34.424522     8.2146    3.66596     41.773    32.8636    25.5654 0.0000e+00
 167.434641     42.492  34.417460     8.1924    3.67214     42.133    32.8767    25.5790 0.0000e+00
 167.434647     42.850  34.408547     8.1628    3.68539     42.488    32.8948    25.5976 0.0000e+00
 167.434653     43.216  34.395409     8.1249    3.69794     42.851    32.9163    25.6200 0.0000e+00
 167.434659     43.593  34.379011     8.0848    3.71462     43.225    32.9363    25.6416 0.0000e+00
 167.434664     43.977  34.363258     8.0473    3.74538     43.605    32.9547    25.6615 0.0000e+00
 167.434670     44.362  34.348427     8.0110    3.77425     43.987    32.9729    25.6811 0.0000e+00
 167.434676     44.747  34.333780     7.9702    3.80635     44.369    32.9955    25.7048 0.0000e+00
 167.434682     45.134  34.319950     7.9233    3.83245     44.752    33.0249    25.7347 0.0000e+00
 167.434688     45.527  34.306973     7.8786    3.84184     45.142    33.0531    25.7633 0.0000e+00
 167.434693     45.926  34.296026     7.8445    3.85581     45.538    33.0735    25.7842 0.0000e+00
 167.434699     46.333  34.288187     7.8211    3.86096     45.941    33.0871    25.7983 0.0000e+00
 167.434705     46.750  34.283069     7.8060    3.85939     46.355    33.0957    25.8072 0.0000e+00
 167.434711     47.164  34.279991     7.7963    3.86513     46.765    33.1014    25.8131 0.0000e+00
 167.434716     47.562  34.278194     7.7892    3.87080     47.160    33.1061    25.8178 0.0000e+00
 167.434722     47.941  34.277503     7.7828    3.86707     47.535    33.1112    25.8228 0.0000e+00
 167.434728     48.303  34.277538     7.7765    3.86115     47.894    33.1171    25.8283 0.0000e+00
 167.434734     48.650  34.277207     7.7709    3.85864     48.238    33.1219    25.8328 0.0000e+00
 167.434740     48.982  34.276611     7.7665    3.85143     48.567    33.1253    25.8361 0.0000e+00
 167.434745     49.312  34.276060     7.7594    3.84037     48.895    33.1313    25.8419 0.0000e+00
 167.434751     49.656  34.274800     7.7433    3.81840     49.236    33.1451    25.8550 0.0000e+00
 167.434757     50.023  34.272820     7.7193    3.80798     49.599    33.1656    25.8746 0.0000e+00
 167.434763     50.416  34.270826     7.6933    3.79951     49.989    33.1880    25.8959 0.0000e+00
 167.434769     50.829  34.268941     7.6642    3.80266     50.399    33.2136    25.9202 0.0000e+00
 167.434774     51.254  34.266873     7.6289    3.80873     50.820    33.2449    25.9498 0.0000e+00
 167.434780     51.680  34.265208     7.5929    3.79222     51.242    33.2773    25.9804 0.0000e+00
 167.434786     52.095  34.265068     7.5639    3.78997     51.654    33.3048    26.0061 0.0000e+00
 167.434792     52.496  34.266243     7.5440    3.77141     52.051    33.3249    26.0248 0.0000e+00
 167.434797     52.882  34.267470     7.5314    3.75991     52.434    33.3382    26.0369 0.0000e+00
 167.434803     53.261  34.268122     7.5233    3.74742     52.810    33.3465    26.0446 0.0000e+00
 167.434809     53.645  34.268487     7.5172    3.72555     53.190    33.3525    26.0503 0.0000e+00
 167.434815     54.035  34.269035     7.5111    3.70200     53.577    33.3588    26.0561 0.0000e+00
 167.434821     54.432  34.270295     7.5033    3.68430     53.971    33.3675    26.0640 0.0000e+00
 167.434826     54.834  34.272256     7.4927    3.66311     54.369    33.3796    26.0750 0.0000e+00
 167.434832     55.242  34.274538     7.4812    3.64924     54.774    33.3929    26.0871 0.0000e+00
 167.434838     55.651  34.276818     7.4705    3.63340     55.179    33.4055    26.0985 0.0000e+00
 167.434844     56.057  34.279144     7.4615    3.62128     55.582    33.4165    26.1084 0.0000e+00
 167.434850     56.457  34.281816     7.4550    3.61143     55.978    33.4255    26.1164 0.0000e+00
 167.434855     56.842  34.284472     7.4512    3.59258     56.360    33.4318    26.1219 0.0000e+00
 167.434861     57.205  34.286730     7.4495    3.58218     56.720    33.4357    26.1253 0.0000e+00
 167.434867     57.549  34.288238     7.4479    3.57057     57.061    33.4387    26.1279 0.0000e+00
 167.434873     57.882  34.288769     7.4439    3.56751     57.391    33.4430    26.1318 0.0000e+00
 167.434878     58.214  34.289033     7.4364    3.54343     57.720    33.4504    26.1386 0.0000e+00
 167.434884     58.547  34.291068     7.4265    3.53441     58.050    33.4620    26.1492 0.0000e+00
 167.434890     58.891  34.296469     7.4173    3.50382     58.391    33.4766    26.1619 0.0000e+00
 167.434896     59.249  34.303469     7.4101    3.47714     58.746    33.4909    26.1742 0.0000e+00
 167.434902     59.620  34.309628     7.4018    3.45889     59.114    33.5055    26.1868 0.0000e+00
 167.434907     60.008  34.315872     7.3888    3.42521     59.499    33.5246    26.2037 0.0000e+00
 167.434913     60.423  34.324925     7.3727    3.38337     59.910    33.5498    26.2258 0.0000e+00
 167.434919     60.861  34.338767     7.3596    3.34107     60.344    33.5773    26.2493 0.0000e+00
 167.434925     61.309  34.355671     7.3533    3.31207     60.788    33.6016    26.2693 0.0000e+00
 167.434931     61.755  34.370705     7.3518    3.29315     61.230    33.6192    26.2833 0.0000e+00
 167.434936     62.188  34.380924     7.3517    3.28788     61.660    33.6302    26.2920 0.0000e+00
 167.434942     62.606  34.386502     7.3519    3.27012     62.074    33.6358    26.2964 0.0000e+00
 167.434948     63.009  34.389270     7.3526    3.25530     62.474    33.6380    26.2980 0.0000e+00
 167.434954     63.397  34.390680     7.3537    3.24931     62.858    33.6382    26.2981 0.0000e+00
 167.434959     63.775  34.391494     7.3543    3.24324     63.233    33.6384    26.2981 0.0000e+00
 167.434965     64.147  34.392240     7.3540    3.24760     63.602    33.6393    26.2989 0.0000e+00
 167.434971     64.522  34.392793     7.3534    3.24866     63.973    33.6403    26.2997 0.0000e+00
 167.434977     64.901  34.393336     7.3530    3.23679     64.349    33.6411    26.3004 0.0000e+00
 167.434983     65.282  34.394035     7.3528    3.23879     64.727    33.6419    26.3011 0.0000e+00
 167.434988     65.666  34.394703     7.3530    3.23159     65.108    33.6422    26.3013 0.0000e+00
 167.434994     66.053  34.395111     7.3532    3.22445     65.491    33.6423    26.3013 0.0000e+00
 167.435000     66.452  34.395245     7.3534    3.22641     65.887    33.6420    26.3011 0.0000e+00
 167.435006     66.862  34.395289     7.3536    3.20549     66.293    33.6417    26.3008 0.0000e+00
 167.435012     67.276  34.395304     7.3535    3.20299     66.704    33.6416    26.3008 0.0000e+00
 167.435017     67.689  34.395311     7.3531    3.20284     67.113    33.6418    26.3010 0.0000e+00
