data/oxygen options/OCNMS/OCNMS2/raw_data/2004/CTD_CE60_090704faed.cnv
* Sea-Bird SBE19 Data File:
* FileName = C:\WINDOWS\Desktop\put hypoxia files here\CTD data\September 07_0804\CE\Raw\CE60_090704.hex
* Software Version 1.1.4
* Temperature SN = 2997
* Conductivity SN = 2997
* System UpLoad Time = Sep 07 2004 16:04:57
* SEACAT PROFILER V3.1c SN 2997   09/07/04  16:07:26.826
* strain gauge pressure sensor: S/N = 184829,  range = 3000 psia,  tc = 40
# nquan = 9                                 
# nvalues = 685                         
# units = specified
# name 0 = timeJ: Julian Days
# name 1 = prSM: Pressure, Strain Gauge [db]
# name 2 = c0mS/cm: Conductivity [mS/cm]
# name 3 = t090C: Temperature [ITS-90, deg C]
# name 4 = oxML/L: Oxygen, Beckman/YSI [ml/l]
# name 5 = depSM: Depth [salt water, m], lat = 47.5
# name 6 = sal00: Salinity, Practical [PSU]
# name 7 = sigma-é00: Density [sigma-theta, kg/m^3]
# name 8 = flag: flag
# span 0 = 251.561829, 251.565787       
# span 1 =     -4.885,     60.416       
# span 2 =   0.538941,  40.677533       
# span 3 =     7.5467,    16.9001       
# span 4 =   -0.05242,   27.45897       
# span 5 =     -4.844,     59.903       
# span 6 =     0.3230,    33.7254       
# span 7 =    -0.7191,    26.3369       
# span 8 = 0.0000e+00, 0.0000e+00       
# interval = seconds: 0.5
# start_time = Sep 07 2004 13:29:02 [Instrument's time stamp, header]
# bad_flag = -9.990e-29
*END*
[from data line 481]
 251.564612     44.441  34.544082     7.6018    2.90616     44.065    33.5731    26.2116 0.0000e+00
 251.564618     44.933  34.537172     7.5865    2.89747     44.553    33.5802    26.2193 0.0000e+00
 251.564624     45.413  34.528443     7.5728    2.87090     45.029    33.5838    26.2241 0.0000e+00
 251.564630     45.892  34.524712     7.5618    2.82093     45.504    33.5902    26.2307 0.0000e+00
 251.564635     46.382  34.529001     7.5533    2.78131     45.990    33.6028    26.2418 0.0000e+00
 251.564641     46.880  34.538043     7.5484    2.74187     46.483    33.6171    26.2537 0.0000e+00
 251.564647     47.379  34.548930     7.5467    2.68963     46.978    33.6302    26.2644 0.0000e+00
 251.564653     47.876  34.562157     7.5471    2.65147     47.471    33.6439    26.2751 0.0000e+00
 251.564659     48.366  34.578727     7.5486    2.58983     47.957    33.6602    26.2876 0.0000e+00
 251.564664     48.839  34.595512     7.5503    2.55590     48.426    33.6764    26.3002 0.0000e+00
 251.564670     49.297  34.607989     7.5510    2.51387     48.880    33.6890    26.3100 0.0000e+00
 251.564676     49.747  34.615419     7.5508    2.48375     49.326    33.6970    26.3163 0.0000e+00
 251.564682     50.200  34.619303     7.5505    2.47144     49.775    33.7013    26.3197 0.0000e+00
 251.564687     50.660  34.620898     7.5507    2.44466     50.231    33.7026    26.3207 0.0000e+00
 251.564693     51.122  34.621212     7.5510    2.42896     50.689    33.7024    26.3206 0.0000e+00
 251.564699     51.584  34.621225     7.5513    2.41373     51.147    33.7019    26.3201 0.0000e+00
 251.564705     52.051  34.621514     7.5515    2.40709     51.610    33.7018    26.3200 0.0000e+00
 251.564711     52.523  34.621905     7.5516    2.42163     52.078    33.7019    26.3201 0.0000e+00
 251.564716     52.994  34.622362     7.5517    2.41690     52.545    33.7021    26.3202 0.0000e+00
 251.564722     53.465  34.622933     7.5518    2.41121     53.012    33.7024    26.3204 0.0000e+00
 251.564728     53.940  34.623259     7.5522    2.40749     53.483    33.7021    26.3202 0.0000e+00
 251.564734     54.420  34.623776     7.5528    2.37718     53.959    33.7019    26.3199 0.0000e+00
 251.564740     54.901  34.625177     7.5534    2.38023     54.436    33.7026    26.3204 0.0000e+00
 251.564745     55.378  34.627087     7.5541    2.38574     54.908    33.7037    26.3212 0.0000e+00
 251.564751     55.849  34.629250     7.5547    2.35876     55.375    33.7053    26.3223 0.0000e+00
 251.564757     56.308  34.631749     7.5553    2.38667     55.830    33.7072    26.3237 0.0000e+00
 251.564763     56.755  34.635113     7.5566    2.38817     56.274    33.7093    26.3253 0.0000e+00
 251.564769     57.192  34.640467     7.5583    2.39147     56.707    33.7133    26.3281 0.0000e+00
 251.564774     57.618  34.646544     7.5595    2.38753     57.129    33.7185    26.3320 0.0000e+00
 251.564780     58.030  34.650797     7.5604    2.36960     57.538    33.7220    26.3347 0.0000e+00
 251.564786     58.427  34.653294     7.5612    2.36494     57.931    33.7237    26.3359 0.0000e+00
 251.564792     58.805  34.655121     7.5621    2.37193     58.306    33.7246    26.3365 0.0000e+00
 251.564797     59.154  34.656475     7.5628    2.37333     58.652    33.7253    26.3369 0.0000e+00
 251.564803     59.462  34.657481     7.5636    2.36034     58.957    33.7254    26.3369 0.0000e+00
 251.564809     59.719  34.658359     7.5650    2.35208     59.212    33.7249    26.3363 0.0000e+00
 251.564815     59.924  34.659162     7.5666    2.34338     59.415    33.7241    26.3355 0.0000e+00
 251.564821     60.080  34.659839     7.5678    2.34093     59.570    33.7236    26.3349 -9.990e-29
 251.564826     60.194  34.660176     7.5685    2.34904     59.683    33.7232    26.3345 -9.990e-29
 251.564832     60.277  34.660065     7.5683    2.34657     59.765    33.7233    26.3346 -9.990e-29
 251.564838     60.340  34.659361     7.5673    2.34163     59.828    33.7234    26.3349 -9.990e-29
 251.564844     60.384  34.658249     7.5664    2.34407     59.871    33.7231    26.3347 -9.990e-29
 251.564850     60.411  34.657491     7.5658    2.33805     59.898    33.7228    26.3346 -9.990e-29
 251.564855     60.416  34.657200     7.5653    2.32453     59.903    33.7230    26.3348 -9.990e-29
 251.564861     60.404  34.656992     7.5650    2.33263     59.891    33.7231    26.3349 -9.990e-29
 251.564867     60.379  34.656591     7.5649    2.31939     59.866    33.7228    26.3347 -9.990e-29
 251.564873     60.340  34.656027     7.5651    2.32270     59.828    33.7220    26.3340 -9.990e-29
 251.564878     60.283  34.655670     7.5655    2.32036     59.771    33.7212    26.3334 -9.990e-29
 251.564884     60.214  34.655608     7.5659    2.30994     59.703    33.7208    26.3330 -9.990e-29
 251.564890     60.146  34.655764     7.5661    2.33280     59.635    33.7208    26.3330 -9.990e-29
 251.564896     60.086  34.655789     7.5657    2.32160     59.576    33.7213    26.3334 -9.990e-29
 251.564902     60.040  34.655159     7.5645    2.31447     59.530    33.7218    26.3339 -9.990e-29
 251.564907     60.005  34.654159     7.5636    2.30412     59.496    33.7216    26.3339 -9.990e-29
 251.564913     59.970  34.653703     7.5641    2.29887     59.461    33.7206    26.3331 -9.990e-29
 251.564919     59.929  34.654304     7.5653    2.31651     59.420    33.7201    26.3325 -9.990e-29
 251.564925     59.878  34.655083     7.5660    2.30841     59.370    33.7203    26.3326 -9.990e-29
 251.564931     59.820  34.654840     7.5657    2.30820     59.312    33.7204    26.3327 -9.990e-29
 251.564936     59.754  34.653815     7.5647    2.29839     59.247    33.7203    26.3327 -9.990e-29
 251.564942     59.668  34.652889     7.5641    2.30577     59.161    33.7199    26.3325 -9.990e-29
 251.564948     59.543  34.652509     7.5643    2.31621     59.038    33.7193    26.3321 0.0000e+00
 251.564954     59.368  34.652732     7.5651    2.30993     58.864    33.7189    26.3316 0.0000e+00
 251.564959     59.139  34.653298     7.5655    2.31028     58.637    33.7192    26.3318 0.0000e+00
 251.564965     58.864  34.653284     7.5650    2.29800     58.364    33.7198    26.3323 0.0000e+00
 251.564971     58.547  34.652114     7.5641    2.29837     58.050    33.7196    26.3323 0.0000e+00
 251.564977     58.197  34.650477     7.5634    2.30272     57.703    33.7187    26.3316 0.0000e+00
 251.564983     57.831  34.648997     7.5630    2.29631     57.340    33.7176    26.3309 0.0000e+00
 251.564988     57.451  34.647387     7.5624    2.29881     56.964    33.7166    26.3302 0.0000e+00
 251.564994     57.058  34.644627     7.5611    2.28984     56.574    33.7151    26.3292 0.0000e+00
 251.565000     56.663  34.639842     7.5592    2.28139     56.182    33.7120    26.3270 0.0000e+00
 251.565006     56.269  34.633386     7.5574    2.29260     55.792    33.7069    26.3232 0.0000e+00
 251.565012     55.878  34.627302     7.5566    2.29632     55.404    33.7013    26.3189 0.0000e+00
 251.565017     55.494  34.623573     7.5567    2.30192     55.023    33.6974    26.3158 0.0000e+00
 251.565023     55.120  34.622276     7.5571    2.30390     54.653    33.6958    26.3145 0.0000e+00
 251.565029     54.743  34.622246     7.5571    2.28286     54.279    33.6959    26.3146 0.0000e+00
 251.565035     54.354  34.621767     7.5566    2.28778     53.893    33.6961    26.3148 0.0000e+00
 251.565041     53.947  34.619644     7.5553    2.29845     53.490    33.6952    26.3143 0.0000e+00
 251.565046     53.525  34.616413     7.5538    2.29601     53.071    33.6934    26.3131 0.0000e+00
 251.565052     53.093  34.613378     7.5528    2.29983     52.643    33.6913    26.3115 0.0000e+00
 251.565058     52.672  34.610981     7.5523    2.27661     52.226    33.6894    26.3101 0.0000e+00
 251.565064     52.273  34.609393     7.5522    2.28838     51.830    33.6879    26.3090 0.0000e+00
 251.565069     51.897  34.608745     7.5524    2.28856     51.457    33.6872    26.3084 0.0000e+00
 251.565075     51.549  34.608738     7.5524    2.28993     51.112    33.6874    26.3085 0.0000e+00
 251.565081     51.234  34.608807     7.5522    2.28558     50.800    33.6878    26.3089 0.0000e+00
 251.565087     50.944  34.608490     7.5521    2.26949     50.513    33.6877    26.3088 0.0000e+00
 251.565093     50.669  34.607928     7.5522    2.28842     50.240    33.6871    26.3083 0.0000e+00
 251.565098     50.396  34.607495     7.5522    2.28599     49.969    33.6868    26.3081 0.0000e+00
 251.565104     50.112  34.607179     7.5523    2.29044     49.688    33.6865    26.3078 0.0000e+00
 251.565110     49.813  34.606562     7.5523    2.28189     49.391    33.6860    26.3074 0.0000e+00
 251.565116     49.499  34.605383     7.5518    2.28340     49.080    33.6853    26.3070 0.0000e+00
 251.565122     49.178  34.603198     7.5510    2.29805     48.762    33.6839    26.3059 0.0000e+00
 251.565127     48.849  34.598778     7.5503    2.30235     48.436    33.6800    26.3029 0.0000e+00
 251.565133     48.518  34.591841     7.5497    2.31282     48.107    33.6732    26.2977 0.0000e+00
 251.565139     48.194  34.584913     7.5492    2.32739     47.786    33.6663    26.2924 0.0000e+00
 251.565145     47.874  34.579969     7.5490    2.31716     47.469    33.6613    26.2885 0.0000e+00
 251.565150     47.549  34.576587     7.5493    2.34684     47.147    33.6576    26.2855 0.0000e+00
 251.565156     47.216  34.572505     7.5495    2.36508     46.817    33.6531    26.2819 0.0000e+00
 251.565162     46.877  34.564525     7.5491    2.38839     46.480    33.6450    26.2756 0.0000e+00
 251.565168     46.533  34.552661     7.5485    2.41640     46.139    33.6329    26.2662 0.0000e+00
 251.565174     46.186  34.541277     7.5485    2.41966     45.795    33.6208    26.2567 0.0000e+00
 251.565179     45.831  34.533695     7.5494    2.47015     45.443    33.6119    26.2495 0.0000e+00
 251.565185     45.461  34.528218     7.5523    2.50884     45.077    33.6034    26.2424 0.0000e+00
 251.565191     45.076  34.520910     7.5598    2.54543     44.695    33.5884    26.2295 0.0000e+00
 251.565197     44.675  34.511560     7.5725    2.59402     44.297    33.5662    26.2103 0.0000e+00
 251.565203     44.259  34.505642     7.5855    2.61347     43.885    33.5474    26.1937 0.0000e+00
 251.565208     43.833  34.505358     7.5956    2.63664     43.463    33.5376    26.1845 0.0000e+00
 251.565214     43.398  34.507537     7.6051    2.67365     43.031    33.5310    26.1779 0.0000e+00
 251.565220     42.953  34.510045     7.6160    2.70339     42.590    33.5234    26.1704 0.0000e+00
 251.565226     42.499  34.511749     7.6277    2.73826     42.140    33.5142    26.1615 0.0000e+00
 251.565231     42.042  34.511565     7.6408    2.76033     41.687    33.5016    26.1497 0.0000e+00
 251.565237     41.583  34.511497     7.6565    2.78113     41.232    33.4866    26.1357 0.0000e+00
 251.565243     41.119  34.514823     7.6734    2.79934     40.772    33.4741    26.1235 0.0000e+00
 251.565249     40.649  34.520379     7.6887    2.82607     40.306    33.4656    26.1146 0.0000e+00
 251.565255     40.178  34.525492     7.7006    2.83154     39.839    33.4599    26.1084 0.0000e+00
 251.565260     39.711  34.529141     7.7082    2.82970     39.376    33.4568    26.1048 0.0000e+00
 251.565266     39.252  34.531154     7.7112    2.84507     38.921    33.4563    26.1040 0.0000e+00
 251.565272     38.806  34.531981     7.7120    2.85825     38.479    33.4566    26.1041 0.0000e+00
 251.565278     38.371  34.532171     7.7159    2.88840     38.047    33.4533    26.1009 0.0000e+00
 251.565284     37.932  34.533105     7.7275    2.90078     37.612    33.4433    26.0915 0.0000e+00
 251.565289     37.478  34.536591     7.7472    2.91152     37.162    33.4284    26.0769 0.0000e+00
 251.565295     37.010  34.542797     7.7714    2.93597     36.698    33.4121    26.0606 0.0000e+00
 251.565301     36.533  34.549915     7.7947    2.97593     36.225    33.3976    26.0458 0.0000e+00
 251.565307     36.051  34.555113     7.8147    3.02226     35.747    33.3843    26.0325 0.0000e+00
 251.565313     35.567  34.558045     7.8343    3.03133     35.267    33.3689    26.0175 0.0000e+00
 251.565318     35.085  34.561508     7.8576    3.05340     34.789    33.3505    25.9998 0.0000e+00
 251.565324     34.608  34.569569     7.8838    3.06704     34.316    33.3344    25.9833 0.0000e+00
 251.565330     34.137  34.584950     7.9108    3.07265     33.849    33.3253    25.9722 0.0000e+00
 251.565336     33.666  34.604634     7.9366    3.08080     33.382    33.3220    25.9658 0.0000e+00
 251.565341     33.196  34.622738     7.9620    3.07242     32.916    33.3173    25.9585 0.0000e+00
 251.565347     32.728  34.638741     7.9942    3.07739     32.452    33.3040    25.9433 0.0000e+00
 251.565353     32.252  34.656422     8.0437    3.08368     31.980    33.2760    25.9140 0.0000e+00
 251.565359     31.764  34.680863     8.1088    3.13567     31.496    33.2404    25.8766 0.0000e+00
 251.565365     31.272  34.713830     8.1686    3.15959     31.009    33.2190    25.8510 0.0000e+00
 251.565370     30.783  34.743240     8.2090    3.19323     30.524    33.2123    25.8396 0.0000e+00
 251.565376     30.301  34.760117     8.2428    3.23757     30.046    33.1984    25.8238 0.0000e+00
 251.565382     29.823  34.776326     8.2950    3.24042     29.572    33.1665    25.7910 0.0000e+00
 251.565388     29.343  34.812365     8.3732    3.25437     29.096    33.1312    25.7515 0.0000e+00
 251.565394     28.850  34.870329     8.4579    3.25692     28.607    33.1130    25.7245 0.0000e+00
 251.565399     28.347  34.927179     8.5265    3.27094     28.108    33.1087    25.7108 0.0000e+00
 251.565405     27.850  34.964564     8.5670    3.31643     27.616    33.1103    25.7059 0.0000e+00
 251.565411     27.369  34.978539     8.5773    3.39587     27.139    33.1156    25.7084 0.0000e+00
 251.565417     26.901  34.966453     8.5707    3.52915     26.675    33.1093    25.7045 0.0000e+00
 251.565422     26.432  34.931816     8.5622    3.67966     26.210    33.0810    25.6836 0.0000e+00
 251.565428     25.954  34.883940     8.5505    3.85210     25.736    33.0418    25.6547 0.0000e+00
 251.565434     25.471  34.830175     8.5357    4.00695     25.257    32.9993    25.6236 0.0000e+00
 251.565440     24.990  34.785716     8.5271    4.14224     24.780    32.9608    25.5947 0.0000e+00
 251.565446     24.512  34.763030     8.5293    4.25857     24.306    32.9351    25.5742 0.0000e+00
 251.565451     24.035  34.759335     8.5421    4.37566     23.833    32.9194    25.5600 0.0000e+00
 251.565457     23.560  34.768582     8.5697    4.49879     23.362    32.9037    25.5435 0.0000e+00
 251.565463     23.081  34.791332     8.6323    4.57140     22.887    32.8695    25.5072 0.0000e+00
 251.565469     22.599  34.844468     8.7776    4.60370     22.409    32.7905    25.4231 0.0000e+00
 251.565475     22.113  34.975303     9.0560    4.58168     21.927    32.6704    25.2859 0.0000e+00
 251.565480     21.617  35.232730     9.4577    4.58267     21.435    32.5693    25.1433 0.0000e+00
 251.565486     21.110  35.590046     9.9182    4.59585     20.933    32.5176    25.0280 0.0000e+00
 251.565492     20.595  35.960340    10.3818    4.66574     20.422    32.4757    24.9177 0.0000e+00
 251.565498     20.076  36.289131    10.8187    4.78501     19.907    32.4156    24.7958 0.0000e+00
 251.565503     19.560  36.577019    11.2036    4.91805     19.396    32.3609    24.6854 0.0000e+00
 251.565509     19.048  36.830592    11.5118    5.06839     18.888    32.3396    24.6136 0.0000e+00
 251.565515     18.542  37.037574    11.7472    5.18517     18.386    32.3362    24.5680 0.0000e+00
 251.565521     18.039  37.204296    11.9330    5.32820     17.888    32.3365    24.5340 0.0000e+00
 251.565527     17.537  37.347865    12.0859    5.41178     17.390    32.3427    24.5103 0.0000e+00
