data/oxygen options/ONMS/Olympic_Coast_National_Marine_Sanctuary_CTD_Data_2005_2023/raw_data/2017/CAST_MB015_170828faed.cnv
* Sea-Bird SBE 19 Data File:
* FileName = C:\2017 Mooring Data\Casts\CAST_MB015_170828.hex
* Software Version SeatermAF 2.1.2
* Temperature SN = 2997
* Conductivity SN = 2997
* System UpLoad Time = Aug 29 2017 00:13:34 (localtime) = Aug 29 2017 00:13:34 (UTC)
** CAST_MB015_170828
* ds
# nquan = 9                                 
# nvalues = 968                         
# units = specified
# name 0 = timeJ: Julian Days
# name 1 = prSM: Pressure, Strain Gauge [db]
# name 2 = c0mS/cm: Conductivity [mS/cm]
# name 3 = t090C: Temperature [ITS-90, deg C]
# name 4 = sbeox0ML/L: Oxygen, SBE 43 [ml/l]
# name 5 = depSM: Depth [salt water, m], lat = 47.5
# name 6 = sal00: Salinity, Practical [PSU]
# name 7 = sigma-é00: Density [sigma-theta, kg/m^3]
# name 8 = flag: flag
# span 0 = 240.980926, 240.986522       
# span 1 =     -3.130,     14.728       
# span 2 =   0.386117,  40.580297       
# span 3 =     9.1485,    18.8016       
# span 4 =    -1.7746,    19.2886       
# span 5 =     -3.104,     14.605       
# span 6 =     0.2134,    33.8078       
# span 7 =    -1.3797,    25.7790       
# span 8 = 0.0000e+00, 0.0000e+00       
# interval = seconds: 0.5
# start_time = Aug 28 2017 23:32:32 [Instrument's time stamp, header]
# bad_flag = -9.990e-29
*END*
[from data line 641]
 240.984635      0.948  39.535790    13.9069    10.0650      0.940    32.8489    24.5444 -9.990e-29
 240.984641      0.948  39.536860    13.9097    10.0500      0.940    32.8475    24.5427 -9.990e-29
 240.984647      0.949  39.538483    13.9118    10.0409      0.941    32.8472    24.5421 -9.990e-29
 240.984653      0.952  39.540032    13.9134    10.0445      0.944    32.8473    24.5418 -9.990e-29
 240.984659      0.955  39.540221    13.9144    10.0495      0.947    32.8466    24.5411 -9.990e-29
 240.984664      0.956  39.539871    13.9147    10.0710      0.948    32.8460    24.5406 -9.990e-29
 240.984670      0.954  39.539084    13.9142    10.0872      0.946    32.8457    24.5404 -9.990e-29
 240.984676      0.953  39.538499    13.9130    10.1050      0.945    32.8462    24.5411 -9.990e-29
 240.984682      0.949  39.538467    13.9110    10.1201      0.941    32.8479    24.5428 -9.990e-29
 240.984688      0.941  39.536711    13.9080    10.0957      0.933    32.8488    24.5441 -9.990e-29
 240.984693      0.939  39.531459    13.9035    10.0686      0.931    32.8478    24.5443 -9.990e-29
 240.984699      0.941  39.521318    13.8982    10.0477      0.933    32.8429    24.5416 -9.990e-29
 240.984705      0.939  39.511256    13.8955    10.0578      0.931    32.8359    24.5367 -9.990e-29
 240.984711      0.929  39.509148    13.8952    10.0847      0.921    32.8342    24.5355 -9.990e-29
 240.984716      0.915  39.512752    13.8947    10.1014      0.907    32.8380    24.5385 -9.990e-29
 240.984722      0.899  39.516239    13.8953    10.0968      0.891    32.8407    24.5405 -9.990e-29
 240.984728      0.881  39.518665    13.8971    10.0928      0.874    32.8415    24.5407 -9.990e-29
 240.984734      0.869  39.520475    13.8972    10.0807      0.862    32.8430    24.5419 -9.990e-29
 240.984740      0.869  39.521291    13.8963    10.0586      0.862    32.8446    24.5432 -9.990e-29
 240.984745      0.878  39.521650    13.8963    10.0551      0.871    32.8449    24.5435 -9.990e-29
 240.984751      0.893  39.522600    13.8973    10.0605      0.886    32.8449    24.5433 -9.990e-29
 240.984757      0.909  39.524295    13.8977    10.0745      0.901    32.8461    24.5442 -9.990e-29
 240.984763      0.919  39.525641    13.8969    10.0778      0.911    32.8481    24.5458 -9.990e-29
 240.984769      0.924  39.525641    13.8958    10.0679      0.916    32.8490    24.5468 -9.990e-29
 240.984774      0.932  39.524863    13.8954    10.0497      0.924    32.8486    24.5465 -9.990e-29
 240.984780      0.945  39.524519    13.8959    10.0520      0.937    32.8479    24.5459 -9.990e-29
 240.984786      0.954  39.525281    13.8963    10.0510      0.946    32.8482    24.5461 -9.990e-29
 240.984792      0.956  39.526492    13.8964    10.0744      0.948    32.8493    24.5468 -9.990e-29
 240.984797      0.955  39.527534    13.8971    10.0949      0.947    32.8496    24.5470 -9.990e-29
 240.984803      0.960  39.529246    13.8985    10.1018      0.952    32.8500    24.5470 -9.990e-29
 240.984809      0.970  39.531679    13.9004    10.1011      0.962    32.8507    24.5471 -9.990e-29
 240.984815      0.979  39.533605    13.9021    10.0845      0.971    32.8510    24.5470 -9.990e-29
 240.984821      0.982  39.534799    13.9035    10.0633      0.974    32.8509    24.5466 -9.990e-29
 240.984826      0.984  39.535743    13.9046    10.0572      0.976    32.8508    24.5464 -9.990e-29
 240.984832      0.989  39.536022    13.9052    10.0647      0.981    32.8506    24.5460 -9.990e-29
 240.984838      0.993  39.535458    13.9056    10.0765      0.985    32.8497    24.5453 -9.990e-29
 240.984844      0.992  39.535548    13.9069    10.0784      0.984    32.8487    24.5442 -9.990e-29
 240.984850      0.987  39.536981    13.9092    10.0702      0.979    32.8480    24.5433 -9.990e-29
 240.984855      0.977  39.538876    13.9118    10.0681      0.969    32.8476    24.5424 -9.990e-29
 240.984861      0.965  39.540966    13.9133    10.0353      0.957    32.8482    24.5426 -9.990e-29
 240.984867      0.959  39.542688    13.9132    10.0113      0.951    32.8499    24.5439 -9.990e-29
 240.984873      0.959  39.543547    13.9131    10.0212      0.951    32.8508    24.5446 -9.990e-29
 240.984878      0.957  39.544138    13.9143    10.0550      0.949    32.8503    24.5440 -9.990e-29
 240.984884      0.951  39.544694    13.9168    10.0930      0.943    32.8487    24.5422 -9.990e-29
 240.984890      0.947  39.545408    13.9196    10.1062      0.939    32.8470    24.5403 -9.990e-29
 240.984896      0.944  39.545561    13.9190    10.0890      0.936    32.8476    24.5409 -9.990e-29
 240.984902      0.945  39.540885    13.9127    10.0597      0.937    32.8487    24.5430 -9.990e-29
 240.984907      0.956  39.532435    13.9041    10.0624      0.948    32.8482    24.5444 -9.990e-29
 240.984913      0.972  39.527437    13.8993    10.0773      0.964    32.8477    24.5450 -9.990e-29
 240.984919      0.987  39.526512    13.9002    10.0804      0.979    32.8460    24.5436 -9.990e-29
 240.984925      0.996  39.530674    13.9057    10.0491      0.988    32.8452    24.5418 -9.990e-29
 240.984931      1.001  39.539881    13.9127    10.0149      0.993    32.8477    24.5423 -9.990e-29
 240.984936      1.002  39.545692    13.9183    10.0061      0.994    32.8483    24.5416 -9.990e-29
 240.984942      0.999  39.542986    13.9223    10.0217      0.991    32.8424    24.5362 -9.990e-29
 240.984948      0.991  39.538244    13.9254    10.0607      0.983    32.8353    24.5301 -9.990e-29
 240.984954      0.979  39.540275    13.9275    10.0817      0.971    32.8354    24.5298 -9.990e-29
 240.984959      0.964  39.546195    13.9279    10.0755      0.956    32.8406    24.5337 -9.990e-29
 240.984965      0.957  39.550467    13.9265    10.0804      0.949    32.8457    24.5379 -9.990e-29
 240.984971      0.959  39.552634    13.9248    10.0728      0.951    32.8492    24.5409 -9.990e-29
 240.984977      0.967  39.552795    13.9238    10.0464      0.959    32.8502    24.5419 -9.990e-29
 240.984983      0.973  39.552852    13.9236    10.0442      0.965    32.8504    24.5421 -9.990e-29
 240.984988      0.973  39.554009    13.9243    10.0587      0.965    32.8509    24.5424 -9.990e-29
 240.984994      0.967  39.554455    13.9249    10.0605      0.959    32.8508    24.5422 -9.990e-29
 240.985000      0.958  39.553675    13.9241    10.0728      0.950    32.8508    24.5423 -9.990e-29
 240.985006      0.956  39.551756    13.9217    10.0910      0.948    32.8510    24.5430 -9.990e-29
 240.985012      0.963  39.546711    13.9191    10.0814      0.955    32.8486    24.5416 -9.990e-29
 240.985017      0.977  39.541342    13.9186    10.0947      0.969    32.8440    24.5382 -9.990e-29
 240.985023      0.989  39.539141    13.9188    10.0969      0.981    32.8418    24.5365 -9.990e-29
 240.985029      0.996  39.535499    13.9145    10.0843      0.988    32.8421    24.5376 -9.990e-29
 240.985035      0.998  39.528931    13.9057    10.0898      0.990    32.8436    24.5405 -9.990e-29
 240.985041      0.997  39.524127    13.9002    10.0772      0.989    32.8438    24.5418 -9.990e-29
 240.985046      0.990  39.524773    13.9031    10.0677      0.982    32.8419    24.5398 -9.990e-29
 240.985052      0.979  39.530054    13.9094    10.0615      0.971    32.8414    24.5381 -9.990e-29
 240.985058      0.966  39.535820    13.9125    10.0650      0.958    32.8441    24.5396 -9.990e-29
 240.985064      0.960  39.538005    13.9125    10.0641      0.952    32.8462    24.5411 -9.990e-29
 240.985069      0.963  39.536735    13.9119    10.0796      0.955    32.8455    24.5407 -9.990e-29
 240.985075      0.973  39.537047    13.9115    10.0770      0.965    32.8461    24.5413 -9.990e-29
 240.985081      0.982  39.539364    13.9118    10.0612      0.974    32.8480    24.5427 -9.990e-29
 240.985087      0.989  39.541180    13.9126    10.0456      0.981    32.8490    24.5433 -9.990e-29
 240.985093      0.999  39.542125    13.9137    10.0443      0.991    32.8489    24.5430 -9.990e-29
 240.985098      1.010  39.542909    13.9147    10.0570      1.002    32.8488    24.5427 -9.990e-29
 240.985104      1.016  39.544025    13.9153    10.0603      1.008    32.8493    24.5430 -9.990e-29
 240.985110      1.020  39.544168    13.9155    10.0698      1.011    32.8493    24.5429 -9.990e-29
 240.985116      1.020  39.543540    13.9159    10.0677      1.011    32.8484    24.5421 -9.990e-29
 240.985122      1.018  39.543922    13.9167    10.0665      1.010    32.8480    24.5417 -9.990e-29
 240.985127      1.012  39.545253    13.9178    10.0679      1.004    32.8483    24.5417 -9.990e-29
 240.985133      1.002  39.546260    13.9185    10.0582      0.994    32.8487    24.5418 -9.990e-29
 240.985139      0.989  39.547064    13.9193    10.0575      0.981    32.8487    24.5417 -9.990e-29
 240.985145      0.970  39.548449    13.9208    10.0710      0.962    32.8487    24.5414 -9.990e-29
 240.985150      0.949  39.549926    13.9224    10.0686      0.941    32.8487    24.5411 -9.990e-29
 240.985156      0.934  39.551128    13.9230    10.0694      0.926    32.8493    24.5414 -9.990e-29
 240.985162      0.927  39.552444    13.9226    10.0659      0.919    32.8509    24.5427 -9.990e-29
 240.985168      0.928  39.552733    13.9214    10.0601      0.920    32.8522    24.5440 -9.990e-29
 240.985174      0.937  39.551168    13.9205    10.0695      0.929    32.8515    24.5436 -9.990e-29
 240.985179      0.951  39.550047    13.9204    10.0531      0.943    32.8506    24.5429 -9.990e-29
 240.985185      0.962  39.550018    13.9201    10.0373      0.954    32.8508    24.5431 -9.990e-29
 240.985191      0.970  39.549827    13.9195    10.0458      0.962    32.8511    24.5435 -9.990e-29
 240.985197      0.981  39.549126    13.9187    10.0362      0.973    32.8512    24.5437 -9.990e-29
 240.985203      0.991  39.547443    13.9188    10.0507      0.983    32.8495    24.5424 -9.990e-29
 240.985208      0.995  39.546358    13.9203    10.0673      0.987    32.8472    24.5403 -9.990e-29
 240.985214      0.995  39.547692    13.9228    10.0621      0.987    32.8463    24.5391 -9.990e-29
 240.985220      0.990  39.550885    13.9253    10.0844      0.982    32.8471    24.5392 -9.990e-29
 240.985226      0.985  39.554501    13.9261    10.0700      0.977    32.8498    24.5411 -9.990e-29
 240.985231      0.987  39.555984    13.9248    10.0565      0.979    32.8523    24.5433 -9.990e-29
 240.985237      0.997  39.553298    13.9231    10.0599      0.989    32.8512    24.5429 -9.990e-29
 240.985243      1.006  39.547245    13.9226    10.0423      0.998    32.8461    24.5390 -9.990e-29
 240.985249      1.012  39.542542    13.9235    10.0536      1.004    32.8409    24.5348 -9.990e-29
 240.985255      1.014  39.542902    13.9241    10.0560      1.006    32.8408    24.5346 -9.990e-29
 240.985260      1.013  39.545910    13.9231    10.0499      1.005    32.8444    24.5376 -9.990e-29
 240.985266      1.012  39.548761    13.9209    10.0651      1.004    32.8489    24.5415 -9.990e-29
 240.985272      1.016  39.550681    13.9190    10.0582      1.008    32.8523    24.5446 -9.990e-29
 240.985278      1.022  39.551895    13.9183    10.0381      1.013    32.8540    24.5460 -9.990e-29
 240.985284      1.024  39.553365    13.9185    10.0332      1.015    32.8552    24.5469 -9.990e-29
 240.985289      1.024  39.554713    13.9192    10.0286      1.015    32.8559    24.5473 -9.990e-29
 240.985295      1.020  39.555403    13.9201    10.0484      1.011    32.8558    24.5470 -9.990e-29
 240.985301      1.018  39.555137    13.9205    10.0787      1.010    32.8552    24.5464 -9.990e-29
 240.985307      1.022  39.554028    13.9203    10.0902      1.013    32.8543    24.5458 -9.990e-29
 240.985312      1.026  39.553862    13.9204    10.0756      1.017    32.8541    24.5456 -9.990e-29
 240.985318      1.029  39.555443    13.9215    10.0198      1.020    32.8546    24.5458 -9.990e-29
 240.985324      1.028  39.557422    13.9234     9.9823      1.019    32.8548    24.5456 -9.990e-29
 240.985330      1.025  39.559542    13.9257     9.9986      1.016    32.8548    24.5451 -9.990e-29
 240.985336      1.020  39.562854    13.9286    10.0365      1.011    32.8554    24.5449 -9.990e-29
 240.985341      1.015  39.566637    13.9314    10.0883      1.007    32.8565    24.5452 -9.990e-29
 240.985347      1.016  39.568561    13.9331    10.1160      1.008    32.8568    24.5451 -9.990e-29
 240.985353      1.018  39.568294    13.9337    10.1011      1.010    32.8561    24.5444 -9.990e-29
 240.985359      1.016  39.567067    13.9335    10.0987      1.008    32.8551    24.5437 -9.990e-29
 240.985365      1.012  39.563709    13.9318    10.0925      1.004    32.8534    24.5428 -9.990e-29
 240.985370      1.008  39.557568    13.9266    10.0668      1.000    32.8522    24.5429 -9.990e-29
 240.985376      1.009  39.551563    13.9194    10.0619      1.001    32.8528    24.5448 -9.990e-29
 240.985382      1.010  39.549355    13.9153    10.0414      1.002    32.8543    24.5468 -9.990e-29
 240.985388      1.008  39.551262    13.9170    10.0473      1.000    32.8546    24.5467 -9.990e-29
 240.985394      1.001  39.554129    13.9225    10.0639      0.993    32.8525    24.5440 -9.990e-29
 240.985399      0.991  39.557204    13.9273    10.0616      0.983    32.8513    24.5420 -9.990e-29
 240.985405      0.980  39.560010    13.9292    10.0712      0.972    32.8523    24.5424 -9.990e-29
 240.985411      0.976  39.562273    13.9299    10.0673      0.968    32.8537    24.5434 -9.990e-29
 240.985417      0.979  39.565238    13.9310    10.0658      0.971    32.8556    24.5446 -9.990e-29
 240.985422      0.981  39.567720    13.9329    10.0537      0.973    32.8562    24.5447 -9.990e-29
 240.985428      0.981  39.569572    13.9355    10.0382      0.973    32.8557    24.5438 -9.990e-29
 240.985434      0.985  39.572048    13.9377    10.0381      0.977    32.8561    24.5436 -9.990e-29
 240.985440      0.991  39.573875    13.9386    10.0549      0.983    32.8570    24.5442 -9.990e-29
 240.985446      1.002  39.572353    13.9377    10.0532      0.994    32.8564    24.5439 -9.990e-29
 240.985451      1.012  39.568718    13.9360    10.0497      1.004    32.8545    24.5427 -9.990e-29
 240.985457      1.019  39.568110    13.9355    10.0311      1.010    32.8543    24.5427 -9.990e-29
 240.985463      1.023  39.571301    13.9373    10.0236      1.014    32.8558    24.5434 -9.990e-29
 240.985469      1.024  39.574611    13.9399    10.0487      1.015    32.8566    24.5436 -9.990e-29
 240.985475      1.022  39.575633    13.9422    10.0574      1.013    32.8556    24.5423 -9.990e-29
 240.985480      1.017  39.573397    13.9438    10.0690      1.009    32.8521    24.5393 -9.990e-29
 240.985486      1.010  39.565945    13.9452    10.0463      1.002    32.8441    24.5328 -9.990e-29
 240.985492      1.002  39.561171    13.9459    10.0143      0.994    32.8390    24.5288 -9.990e-29
 240.985498      0.999  39.568300    13.9449    10.0018      0.991    32.8465    24.5347 -9.990e-29
 240.985503      1.000  39.576576    13.9432     9.9883      0.992    32.8556    24.5421 -9.990e-29
 240.985509      1.006  39.577896    13.9431    10.0066      0.998    32.8569    24.5431 -9.990e-29
 240.985515      1.011  39.574483    13.9447    10.0112      1.003    32.8524    24.5393 -9.990e-29
 240.985521      1.014  39.572333    13.9474    10.0156      1.006    32.8481    24.5354 -9.990e-29
 240.985527      1.016  39.578007    13.9512     9.9935      1.008    32.8501    24.5362 -9.990e-29
 240.985532      1.029  39.586652    13.9560     9.9675      1.020    32.8540    24.5382 -9.990e-29
 240.985538      1.052  39.592334    13.9603     9.9789      1.043    32.8555    24.5385 -9.990e-29
 240.985544      1.073  39.594135    13.9628     9.9938      1.064    32.8551    24.5377 -9.990e-29
 240.985550      1.087  39.593799    13.9642    10.0335      1.078    32.8536    24.5362 -9.990e-29
