data/oxygen options/ONMS/Olympic_Coast_National_Marine_Sanctuary_CTD_Data_2005_2023/raw_data/2017/CAST_KL015_170630faed.cnv
* Sea-Bird SBE19 Data File:
* FileName = C:\2017 Mooring Data\Casts\CAST_KL015_170630.hex
* Software Version 1.59
* Temperature SN = 2997
* Conductivity SN = 2997
* System UpLoad Time = Jun 30 2017 20:30:35
** CAST_KL015_170630
* ds
# nquan = 9                                 
# nvalues = 774                         
# units = specified
# name 0 = timeJ: Julian Days
# name 1 = prSM: Pressure, Strain Gauge [db]
# name 2 = c0mS/cm: Conductivity [mS/cm]
# name 3 = t090C: Temperature [ITS-90, deg C]
# name 4 = sbeox0ML/L: Oxygen, SBE 43 [ml/l]
# name 5 = depSM: Depth [salt water, m], lat = 47.5
# name 6 = sal00: Salinity, Practical [PSU]
# name 7 = sigma-é00: Density [sigma-theta, kg/m^3]
# name 8 = flag: flag
# span 0 = 181.847928, 181.852402       
# span 1 =     -5.108,     14.336       
# span 2 =   0.384385,  37.983529       
# span 3 =     9.4949,    14.0512       
# span 4 =   -12.1746,    17.2438       
# span 5 =     -5.065,     14.216       
# span 6 =     0.2381,    32.8380       
# span 7 =    -0.5382,    25.3446       
# span 8 = 0.0000e+00, 0.0000e+00       
# interval = seconds: 0.5
# start_time = Jun 30 2017 20:21:01 [Instrument's time stamp, header]
# bad_flag = -9.990e-29
*END*
[from data line 161]
 181.848860     -1.909   0.469656    13.8466    -1.9457     -1.893     0.2916    -0.5060 -9.990e-29
 181.848866     -1.898   0.469861    13.8401    -1.9456     -1.882     0.2917    -0.5050 -9.990e-29
 181.848872     -1.887   0.470082    13.8317    -1.9454     -1.871     0.2919    -0.5037 -9.990e-29
 181.848877     -1.876   0.469507    13.8235    -1.9454     -1.860     0.2916    -0.5028 -9.990e-29
 181.848883     -1.863   0.468477    13.8181    -1.9454     -1.847     0.2910    -0.5025 -9.990e-29
 181.848889     -1.849   0.467833    13.8158    -1.9455     -1.834     0.2906    -0.5025 -9.990e-29
 181.848895     -1.831   0.467827    13.8148    -1.9455     -1.816     0.2906    -0.5024 -9.990e-29
 181.848900     -1.810   0.467894    13.8136    -1.9454     -1.795     0.2907    -0.5022 -9.990e-29
 181.848906     -1.787   0.467569    13.8126    -1.9455     -1.772     0.2905    -0.5022 -9.990e-29
 181.848912     -1.766   0.466974    13.8131    -1.9456     -1.751     0.2901    -0.5026 -9.990e-29
 181.848918     -1.746   0.466421    13.8151    -1.9457     -1.731     0.2897    -0.5031 -9.990e-29
 181.848924     -1.728   0.465728    13.8175    -1.9457     -1.714     0.2893    -0.5038 -9.990e-29
 181.848929     -1.718   0.464524    13.8189    -1.9456     -1.704     0.2885    -0.5046 -9.990e-29
 181.848935     -1.713   0.462866    13.8188    -1.9454     -1.699     0.2874    -0.5054 -9.990e-29
 181.848941     -1.709   0.461313    13.8180    -1.9452     -1.695     0.2864    -0.5061 -9.990e-29
 181.848947     -1.702   0.460566    13.8174    -1.9450     -1.688     0.2860    -0.5064 -9.990e-29
 181.848953     -1.695   0.460737    13.8172    -1.9450     -1.681     0.2861    -0.5062 -9.990e-29
 181.848958     -1.689   0.461500    13.8168    -1.9450     -1.675     0.2866    -0.5058 -9.990e-29
 181.848964     -1.678   0.462207    13.8158    -1.9450     -1.664     0.2870    -0.5053 -9.990e-29
 181.848970     -1.666   0.462140    13.8148    -1.9451     -1.652     0.2870    -0.5052 -9.990e-29
 181.848976     -1.657   0.461209    13.8150    -1.9451     -1.643     0.2864    -0.5057 -9.990e-29
 181.848981     -1.650   0.459835    13.8172    -1.9450     -1.636     0.2855    -0.5067 -9.990e-29
 181.848987     -1.644   0.458403    13.8210    -1.9450     -1.630     0.2845    -0.5079 -9.990e-29
 181.848993     -1.639   0.457217    13.8251    -1.9449     -1.625     0.2838    -0.5091 -9.990e-29
 181.848999     -1.635   0.456359    13.8282    -1.9445     -1.621     0.2832    -0.5100 -9.990e-29
 181.849005     -1.632   0.455794    13.8295    -1.9446     -1.618     0.2828    -0.5105 -9.990e-29
 181.849010     -1.629   0.455877    13.8295    -1.9447     -1.615     0.2829    -0.5104 -9.990e-29
 181.849016     -1.627   0.456716    13.8292    -1.9450     -1.613     0.2834    -0.5100 -9.990e-29
 181.849022     -1.624   0.457767    13.8291    -1.9452     -1.610     0.2841    -0.5094 -9.990e-29
 181.849028     -1.621   0.458216    13.8296    -1.9454     -1.607     0.2844    -0.5093 -9.990e-29
 181.849034     -1.618   0.457551    13.8308    -1.9455     -1.605     0.2839    -0.5098 -9.990e-29
 181.849039     -1.615   0.455993    13.8323    -1.9454     -1.602     0.2829    -0.5108 -9.990e-29
 181.849045     -1.610   0.454238    13.8348    -1.9454     -1.597     0.2818    -0.5120 -9.990e-29
 181.849051     -1.601   0.453268    13.8380    -1.9455     -1.588     0.2811    -0.5129 -9.990e-29
 181.849057     -1.581   0.453454    13.8390    -1.9458     -1.568     0.2813    -0.5130 -9.990e-29
 181.849063     -1.559   0.453933    13.8368    -1.9459     -1.546     0.2816    -0.5124 -9.990e-29
 181.849068     -1.541   0.453682    13.8330    -1.9461     -1.528     0.2814    -0.5120 -9.990e-29
 181.849074     -1.526   0.452366    13.8286    -1.9462     -1.513     0.2806    -0.5120 -9.990e-29
 181.849080     -1.513   0.450447    13.8250    -1.9462     -1.500     0.2794    -0.5125 -9.990e-29
 181.849086     -1.497   0.448691    13.8232    -1.9463     -1.485     0.2783    -0.5131 -9.990e-29
 181.849091     -1.477   0.447525    13.8226    -1.9465     -1.465     0.2776    -0.5136 -9.990e-29
 181.849097     -1.461   0.447057    13.8215    -1.9467     -1.449     0.2773    -0.5136 -9.990e-29
 181.849103     -1.447   0.447217    13.8189    -1.9470     -1.435     0.2774    -0.5132 -9.990e-29
 181.849109     -1.430   0.447664    13.8154    -1.9471     -1.418     0.2777    -0.5125 -9.990e-29
 181.849115     -1.414   0.447886    13.8119    -1.9475     -1.402     0.2779    -0.5119 -9.990e-29
 181.849120     -1.401   0.447625    13.8089    -1.9480     -1.389     0.2777    -0.5116 -9.990e-29
 181.849126     -1.391   0.447086    13.8064    -1.9485     -1.379     0.2774    -0.5115 -9.990e-29
 181.849132     -1.383   0.446658    13.8042    -1.9487     -1.371     0.2772    -0.5114 -9.990e-29
 181.849138     -1.377   0.446322    13.8015    -1.9489     -1.366     0.2770    -0.5112 -9.990e-29
 181.849144     -1.372   0.445631    13.7976    -1.9492     -1.361     0.2765    -0.5109 -9.990e-29
 181.849149     -1.368   0.444218    13.7928    -1.9493     -1.357     0.2757    -0.5110 -9.990e-29
 181.849155     -1.365   0.442415    13.7876    -1.9489     -1.354     0.2746    -0.5111 -9.990e-29
 181.849161     -1.363   0.441142    13.7815    -1.9486     -1.352     0.2738    -0.5109 -9.990e-29
 181.849167     -1.360   0.440917    13.7734    -1.9486     -1.349     0.2737    -0.5098 -9.990e-29
 181.849172     -1.358   0.441442    13.7640    -1.9487     -1.347     0.2741    -0.5082 -9.990e-29
 181.849178     -1.356   0.441753    13.7555    -1.9489     -1.345     0.2744    -0.5069 -9.990e-29
 181.849184     -1.354   0.441155    13.7489    -1.9489     -1.343     0.2740    -0.5062 -9.990e-29
 181.849190     -1.352   0.439957    13.7436    -1.9490     -1.341     0.2733    -0.5061 -9.990e-29
 181.849196     -1.350   0.438781    13.7398    -1.9492     -1.339     0.2726    -0.5061 -9.990e-29
 181.849201     -1.347   0.437720    13.7395    -1.9493     -1.336     0.2719    -0.5066 -9.990e-29
 181.849207     -1.343   0.436466    13.7431    -1.9495     -1.332     0.2711    -0.5078 -9.990e-29
 181.849213     -1.339   0.435010    13.7472    -1.9496     -1.328     0.2701    -0.5091 -9.990e-29
 181.849219     -1.333   0.433626    13.7483    -1.9498     -1.322     0.2692    -0.5099 -9.990e-29
 181.849225     -1.326   0.432685    13.7465    -1.9500     -1.315     0.2686    -0.5101 -9.990e-29
 181.849230     -1.317   0.432597    13.7439    -1.9502     -1.306     0.2686    -0.5098 -9.990e-29
 181.849236     -1.305   0.433244    13.7420    -1.9502     -1.294     0.2690    -0.5092 -9.990e-29
 181.849242     -1.290   0.433824    13.7401    -1.9502     -1.279     0.2694    -0.5086 -9.990e-29
 181.849248     -1.275   0.433447    13.7370    -1.9501     -1.264     0.2692    -0.5084 -9.990e-29
 181.849253     -1.264   0.432166    13.7336    -1.9499     -1.253     0.2684    -0.5085 -9.990e-29
 181.849259     -1.251   0.431044    13.7304    -1.9498     -1.241     0.2677    -0.5086 -9.990e-29
 181.849265     -1.235   0.430799    13.7271    -1.9499     -1.225     0.2675    -0.5083 -9.990e-29
 181.849271     -1.225   0.431104    13.7234    -1.9501     -1.215     0.2678    -0.5076 -9.990e-29
 181.849277     -1.223   0.431257    13.7194    -1.9502     -1.213     0.2679    -0.5070 -9.990e-29
 181.849282     -1.225   0.430906    13.7165    -1.9502     -1.215     0.2677    -0.5067 -9.990e-29
 181.849288     -1.228   0.430139    13.7153    -1.9501     -1.218     0.2672    -0.5070 -9.990e-29
 181.849294     -1.231   0.429042    13.7155    -1.9500     -1.221     0.2665    -0.5075 -9.990e-29
 181.849300     -1.231   0.427814    13.7174    -1.9501     -1.221     0.2657    -0.5084 -9.990e-29
 181.849306     -1.222   0.427034    13.7199    -1.9501     -1.212     0.2652    -0.5092 -9.990e-29
 181.849311     -1.209   0.426770    13.7211    -1.9500     -1.199     0.2650    -0.5095 -9.990e-29
 181.849317     -1.195   0.426668    13.7205    -1.9501     -1.185     0.2650    -0.5094 -9.990e-29
 181.849323     -1.180   0.426592    13.7188    -1.9503     -1.170     0.2649    -0.5092 -9.990e-29
 181.849329     -1.166   0.426440    13.7174    -1.9505     -1.156     0.2648    -0.5091 -9.990e-29
 181.849334     -1.157   0.426008    13.7171    -1.9505     -1.147     0.2646    -0.5093 -9.990e-29
 181.849340     -1.153   0.425275    13.7176    -1.9506     -1.143     0.2641    -0.5097 -9.990e-29
 181.849346     -1.153   0.424556    13.7183    -1.9504     -1.143     0.2636    -0.5102 -9.990e-29
 181.849352     -1.152   0.423999    13.7188    -1.9503     -1.142     0.2633    -0.5105 -9.990e-29
 181.849358     -1.147   0.423603    13.7189    -1.9502     -1.137     0.2630    -0.5107 -9.990e-29
 181.849363     -1.142   0.423393    13.7183    -1.9502     -1.132     0.2629    -0.5107 -9.990e-29
 181.849369     -1.140   0.423273    13.7163    -1.9502     -1.130     0.2628    -0.5105 -9.990e-29
 181.849375     -1.138   0.423085    13.7134    -1.9502     -1.129     0.2627    -0.5102 -9.990e-29
 181.849381     -1.129   0.422576    13.7110    -1.9501     -1.120     0.2624    -0.5101 -9.990e-29
 181.849387     -1.120   0.421622    13.7098    -1.9498     -1.111     0.2618    -0.5104 -9.990e-29
 181.849392     -1.112   0.420615    13.7101    -1.9495     -1.103     0.2612    -0.5110 -9.990e-29
 181.849398     -1.106   0.419874    13.7117    -1.9492     -1.097     0.2607    -0.5115 -9.990e-29
 181.849404     -1.101   0.419520    13.7139    -1.9489     -1.092     0.2604    -0.5120 -9.990e-29
 181.849410     -1.098   0.419635    13.7157    -1.9489     -1.089     0.2605    -0.5122 -9.990e-29
 181.849416     -1.095   0.419820    13.7166    -1.9490     -1.086     0.2606    -0.5123 -9.990e-29
 181.849421     -1.092   0.419767    13.7172    -1.9487     -1.083     0.2606    -0.5124 -9.990e-29
 181.849427     -1.090   0.419405    13.7187    -1.9484     -1.081     0.2603    -0.5128 -9.990e-29
 181.849433     -1.088   0.418804    13.7219    -1.9481     -1.079     0.2599    -0.5135 -9.990e-29
 181.849439     -1.085   0.418273    13.7272    -1.9477     -1.076     0.2596    -0.5145 -9.990e-29
 181.849444     -1.083   0.417657    13.7339    -1.9477     -1.074     0.2591    -0.5158 -9.990e-29
 181.849450     -1.081   0.416692    13.7401    -1.9475     -1.072     0.2585    -0.5171 -9.990e-29
 181.849456     -1.078   0.415753    13.7447    -1.9473     -1.069     0.2578    -0.5183 -9.990e-29
 181.849462     -1.075   0.415251    13.7473    -1.9471     -1.066     0.2575    -0.5189 -9.990e-29
 181.849468     -1.071   0.415070    13.7498    -1.9469     -1.062     0.2574    -0.5193 -9.990e-29
 181.849473     -1.065   0.414969    13.7544    -1.9469     -1.056     0.2573    -0.5200 -9.990e-29
 181.849479     -1.059   0.414814    13.7606    -1.9468     -1.050     0.2571    -0.5210 -9.990e-29
 181.849485     -1.050   0.414397    13.7673    -1.9468     -1.041     0.2568    -0.5221 -9.990e-29
 181.849491     -1.039   0.413716    13.7735    -1.9470     -1.030     0.2564    -0.5233 -9.990e-29
 181.849497     -1.026   0.412972    13.7784    -1.9473     -1.017     0.2558    -0.5244 -9.990e-29
 181.849502     -1.012   0.412283    13.7827    -1.9477     -1.004     0.2554    -0.5253 -9.990e-29
 181.849508     -1.002   0.411837    13.7875    -1.9481     -0.994     0.2551    -0.5263 -9.990e-29
 181.849514     -0.992   0.411595    13.7920    -1.9485     -0.984     0.2549    -0.5270 -9.990e-29
 181.849520     -0.979   0.411233    13.7953    -1.9487     -0.971     0.2546    -0.5277 -9.990e-29
 181.849525     -0.968   0.410823    13.7972    -1.9489     -0.960     0.2544    -0.5281 -9.990e-29
 181.849531     -0.958   0.410929    13.7975    -1.9488     -0.950     0.2544    -0.5281 -9.990e-29
 181.849537     -0.953   0.411692    13.7959    -1.9487     -0.945     0.2549    -0.5275 -9.990e-29
 181.849543     -0.948   0.412465    13.7921    -1.9482     -0.940     0.2554    -0.5266 -9.990e-29
 181.849549     -0.934   0.412617    13.7857    -1.9483     -0.926     0.2556    -0.5256 -9.990e-29
 181.849554     -0.919   0.412353    13.7776    -1.9482     -0.911     0.2555    -0.5246 -9.990e-29
 181.849560     -0.906   0.412429    13.7695    -1.9481     -0.898     0.2556    -0.5234 -9.990e-29
 181.849566     -0.889   0.412945    13.7625    -1.9481     -0.882     0.2559    -0.5222 -9.990e-29
 181.849572     -0.873   0.412927    13.7575    -1.9480     -0.866     0.2560    -0.5215 -9.990e-29
 181.849578     -0.861   0.411798    13.7551    -1.9479     -0.854     0.2552    -0.5217 -9.990e-29
 181.849583     -0.852   0.410267    13.7557    -1.9483     -0.845     0.2543    -0.5225 -9.990e-29
 181.849589     -0.844   0.409065    13.7591    -1.9484     -0.837     0.2535    -0.5236 -9.990e-29
 181.849595     -0.838   0.408253    13.7632    -1.9484     -0.831     0.2529    -0.5246 -9.990e-29
 181.849601     -0.834   0.407857    13.7658    -1.9482     -0.827     0.2527    -0.5251 -9.990e-29
 181.849606     -0.830   0.407901    13.7673    -1.9480     -0.823     0.2527    -0.5253 -9.990e-29
 181.849612     -0.828   0.407892    13.7688    -1.9480     -0.821     0.2527    -0.5256 -9.990e-29
 181.849618     -0.825   0.407817    13.7702    -1.9480     -0.818     0.2526    -0.5258 -9.990e-29
 181.849624     -0.824   0.408130    13.7710    -1.9480     -0.817     0.2528    -0.5257 -9.990e-29
 181.849630     -0.822   0.408694    13.7701    -1.9481     -0.815     0.2532    -0.5253 -9.990e-29
 181.849635     -0.821   0.409155    13.7675    -1.9481     -0.814     0.2535    -0.5247 -9.990e-29
 181.849641     -0.820   0.409019    13.7653    -1.9481     -0.813     0.2534    -0.5245 -9.990e-29
 181.849647     -0.820   0.408105    13.7655    -1.9483     -0.813     0.2528    -0.5250 -9.990e-29
 181.849653     -0.819   0.406856    13.7679    -1.9482     -0.812     0.2520    -0.5259 -9.990e-29
 181.849659     -0.819   0.405824    13.7705    -1.9481     -0.812     0.2513    -0.5268 -9.990e-29
 181.849664     -0.819   0.405294    13.7719    -1.9481     -0.812     0.2510    -0.5273 -9.990e-29
 181.849670     -0.818   0.405116    13.7723    -1.9483     -0.811     0.2509    -0.5274 -9.990e-29
 181.849676     -0.818   0.405051    13.7718    -1.9486     -0.811     0.2508    -0.5274 -9.990e-29
 181.849682     -0.817   0.405013    13.7711    -1.9489     -0.810     0.2508    -0.5273 -9.990e-29
 181.849687     -0.817   0.404952    13.7707    -1.9491     -0.810     0.2508    -0.5273 -9.990e-29
 181.849693     -0.816   0.404786    13.7699    -1.9492     -0.809     0.2507    -0.5272 -9.990e-29
 181.849699     -0.816   0.404296    13.7689    -1.9494     -0.809     0.2504    -0.5273 -9.990e-29
 181.849705     -0.815   0.403381    13.7688    -1.9495     -0.808     0.2498    -0.5278 -9.990e-29
 181.849711     -0.814   0.402483    13.7692    -1.9497     -0.807     0.2492    -0.5283 -9.990e-29
 181.849716     -0.813   0.402067    13.7682    -1.9498     -0.806     0.2490    -0.5283 -9.990e-29
 181.849722     -0.811   0.402135    13.7647    -1.9500     -0.804     0.2490    -0.5278 -9.990e-29
 181.849728     -0.810   0.402222    13.7595    -1.9504     -0.803     0.2491    -0.5270 -9.990e-29
 181.849734     -0.807   0.401891    13.7540    -1.9505     -0.800     0.2489    -0.5264 -9.990e-29
 181.849740     -0.804   0.401255    13.7491    -1.9506     -0.797     0.2486    -0.5260 -9.990e-29
 181.849745     -0.800   0.400576    13.7452    -1.9509     -0.793     0.2482    -0.5258 -9.990e-29
 181.849751     -0.795   0.400055    13.7417    -1.9508     -0.788     0.2479    -0.5256 -9.990e-29
 181.849757     -0.788   0.399553    13.7381    -1.9507     -0.781     0.2476    -0.5253 -9.990e-29
 181.849763     -0.780   0.398954    13.7344    -1.9504     -0.773     0.2472    -0.5251 -9.990e-29
 181.849769     -0.769   0.398567    13.7302    -1.9498     -0.763     0.2470    -0.5247 -9.990e-29
 181.849774     -0.759   0.398432    13.7251    -1.9496     -0.753     0.2469    -0.5241 -9.990e-29
