data/oxygen options/ONMS/Olympic_Coast_National_Marine_Sanctuary_CTD_Data_2005_2023/raw_data/2017/CAST_CE042_170829faedb.cnv
* Sea-Bird SBE 19 Data File:
* FileName = C:\2017 Mooring Data\Casts\CAST_CE042_170829.hex
* Software Version SeatermAF 2.1.2
* Temperature SN = 2997
* Conductivity SN = 2997
* System UpLoad Time = Aug 29 2017 22:30:12 (localtime) = Aug 29 2017 22:30:12 (UTC)
** CAST_CE042_170829
* ds
# nquan = 9
# nvalues = 44                          
# units = specified
# name 0 = timeJ: Julian Days
# name 1 = prSM: Pressure, Strain Gauge [db]
# name 2 = c0mS/cm: Conductivity [mS/cm]
# name 3 = t090C: Temperature [ITS-90, deg C]
# name 4 = sbeox0ML/L: Oxygen, SBE 43 [ml/l]
# name 5 = depSM: Depth [salt water, m], lat = 47.5
# name 6 = sal00: Salinity, Practical [PSU]
# name 7 = sigma-é00: Density [sigma-theta, kg/m^3]
# name 8 = flag: flag
# span 0 = 241.866083, 241.868771       
# span 1 =      1.000,     44.000       
# span 2 =  34.909493,  39.226961       
# span 3 =     7.7181,    12.9388       
# span 4 =    -1.4275,     9.2495       
# span 5 =      0.992,     43.628       
# span 6 =    33.2615,    33.8664       
# span 7 =    25.0690,    26.4229       
# span 8 = 0.0000e+00, 0.0000e+00       
# interval = decibars: 1                
# start_time = Aug 29 2017 20:43:27 [Instrument's time stamp, header]
# bad_flag = -9.990e-29
*END*
 241.866083      1.000  39.226961    12.9388    -1.4275      0.992    33.4008    25.1662 0.0000e+00
 241.867103      2.000  39.101012    12.9230     4.9160      1.983    33.2947    25.0872 0.0000e+00
 241.867816      3.000  39.031016    12.8848     9.2495      2.975    33.2615    25.0690 0.0000e+00
 241.867833      4.000  38.921934    12.7503     8.9975      3.967    33.2757    25.1064 0.0000e+00
 241.867854      5.000  38.582083    12.3871     8.6588      4.958    33.2714    25.1732 0.0000e+00
 241.867876      6.000  38.248195    12.0282     7.5286      5.950    33.2682    25.2390 0.0000e+00
 241.867898      7.000  37.906449    11.6056     6.2366      6.941    33.3136    25.3529 0.0000e+00
 241.867918      8.000  37.417956    11.0461     5.7021      7.933    33.3372    25.4727 0.0000e+00
 241.867942      9.000  37.169235    10.7336     5.0617      8.924    33.3739    25.5565 0.0000e+00
 241.867964     10.000  36.870028    10.4077     4.1675      9.916    33.3716    25.6115 0.0000e+00
 241.867986     11.000  36.703805    10.1853     2.5861     10.908    33.4079    25.6777 0.0000e+00
 241.868012     12.000  36.438265     9.8214     1.6191     11.899    33.4743    25.7907 0.0000e+00
 241.868039     13.000  36.213457     9.5153     1.4503     12.891    33.5287    25.8837 0.0000e+00
 241.868068     14.000  36.106717     9.3666     0.9428     13.883    33.5575    25.9303 0.0000e+00
 241.868093     15.000  35.901377     9.1326     0.4450     14.874    33.5641    25.9730 0.0000e+00
 241.868116     16.000  35.599755     8.6721     0.2909     15.866    33.6850    26.1397 0.0000e+00
 241.868139     17.000  35.223104     8.1926     0.4088     16.857    33.7447    26.2596 0.0000e+00
 241.868163     18.000  35.111304     8.0249     0.5337     17.849    33.7866    26.3175 0.0000e+00
 241.868184     19.000  35.072708     7.9603     0.5977     18.841    33.8072    26.3432 0.0000e+00
 241.868206     20.000  35.036446     7.9082     0.5495     19.832    33.8184    26.3596 0.0000e+00
 241.868229     21.000  34.983409     7.8188     0.4603     20.824    33.8476    26.3957 0.0000e+00
 241.868251     22.000  34.921982     7.7352     0.4594     21.815    33.8622    26.4193 0.0000e+00
 241.868273     23.000  34.921522     7.7322     0.4509     22.807    33.8641    26.4213 0.0000e+00
 241.868296     24.000  34.925187     7.7334     0.4474     23.798    33.8664    26.4229 0.0000e+00
 241.868318     25.000  34.925328     7.7347     0.4330     24.790    33.8648    26.4215 0.0000e+00
 241.868342     26.000  34.918092     7.7276     0.4286     25.781    33.8635    26.4214 0.0000e+00
 241.868363     27.000  34.916573     7.7268     0.3972     26.773    33.8622    26.4205 0.0000e+00
 241.868385     28.000  34.921186     7.7289     0.3870     27.764    33.8646    26.4222 0.0000e+00
 241.868411     29.000  34.914797     7.7219     0.3769     28.756    33.8640    26.4228 0.0000e+00
 241.868435     30.000  34.912114     7.7199     0.3720     29.748    33.8625    26.4219 0.0000e+00
 241.868460     31.000  34.912157     7.7224     0.3712     30.739    33.8597    26.4193 0.0000e+00
 241.868484     32.000  34.913030     7.7221     0.3700     31.730    33.8605    26.4200 0.0000e+00
 241.868509     33.000  34.912861     7.7211     0.3639     32.722    33.8608    26.4204 0.0000e+00
 241.868534     34.000  34.913244     7.7207     0.3644     33.714    33.8611    26.4207 0.0000e+00
 241.868560     35.000  34.911556     7.7202     0.3566     34.705    33.8593    26.4194 0.0000e+00
 241.868582     36.000  34.909774     7.7188     0.3505     35.696    33.8582    26.4187 0.0000e+00
 241.868607     37.000  34.913496     7.7219     0.3472     36.688    33.8587    26.4187 0.0000e+00
 241.868633     38.000  34.911359     7.7191     0.3430     37.679    33.8587    26.4191 0.0000e+00
 241.868652     39.000  34.910798     7.7181     0.3360     38.671    33.8586    26.4191 0.0000e+00
 241.868675     40.000  34.911346     7.7200     0.3378     39.662    33.8568    26.4175 0.0000e+00
 241.868699     41.000  34.910981     7.7196     0.3170     40.654    33.8563    26.4172 0.0000e+00
 241.868721     42.000  34.909493     7.7186     0.3114     41.645    33.8552    26.4165 0.0000e+00
 241.868744     43.000  34.910551     7.7193     0.3082     42.637    33.8553    26.4164 0.0000e+00
 241.868771     44.000  34.910910     7.7199     0.3051     43.628    33.8546    26.4158 0.0000e+00
