data/oxygen options/ONMS/Olympic_Coast_National_Marine_Sanctuary_CTD_Data_2005_2023/raw_data/2017/CAST_KL027_170527faed.cnv
* Sea-Bird SBE19 Data File:
* FileName = C:\2017 Mooring Data\Casts\CAST_KL027_170527.hex
* Software Version 1.59
* Temperature SN = 2997
* Conductivity SN = 2997
* System UpLoad Time = May 27 2017 17:17:15
** CAST_KL027_170527
* ds
# nquan = 9                                 
# nvalues = 904                         
# units = specified
# name 0 = timeJ: Julian Days
# name 1 = prSM: Pressure, Strain Gauge [db]
# name 2 = c0mS/cm: Conductivity [mS/cm]
# name 3 = t090C: Temperature [ITS-90, deg C]
# name 4 = sbeox0ML/L: Oxygen, SBE 43 [ml/l]
# name 5 = depSM: Depth [salt water, m], lat = 47.5
# name 6 = sal00: Salinity, Practical [PSU]
# name 7 = sigma-é00: Density [sigma-theta, kg/m^3]
# name 8 = flag: flag
# span 0 = 147.710185, 147.715411       
# span 1 =     -5.585,     25.608       
# span 2 =   0.100870,  37.160325       
# span 3 =     8.3706,    13.6966       
# span 4 =    -1.9728,    15.7363       
# span 5 =     -5.538,     25.393       
# span 6 =     0.0630,    33.5880       
# span 7 =    -0.6591,    26.1088       
# span 8 = 0.0000e+00, 0.0000e+00       
# interval = seconds: 0.5
# start_time = May 27 2017 17:02:40 [Instrument's time stamp, header]
# bad_flag = -9.990e-29
*END*
[from data line 641]
 147.713895      0.583  36.629229    11.5124     7.7550      0.578    32.1502    24.4659 -9.990e-29
 147.713900      0.586  36.631058    11.5142     7.7619      0.581    32.1504    24.4657 -9.990e-29
 147.713906      0.592  36.632972    11.5171     7.7596      0.587    32.1498    24.4647 -9.990e-29
 147.713912      0.603  36.635807    11.5207     7.7557      0.598    32.1494    24.4638 -9.990e-29
 147.713918      0.613  36.638268    11.5250     7.7540      0.608    32.1481    24.4620 -9.990e-29
 147.713924      0.621  36.640241    11.5300     7.7259      0.616    32.1456    24.4592 -9.990e-29
 147.713929      0.626  36.642642    11.5339     7.7196      0.621    32.1446    24.4576 -9.990e-29
 147.713935      0.624  36.645278    11.5349     7.7161      0.619    32.1463    24.4588 -9.990e-29
 147.713941      0.615  36.647149    11.5327     7.7207      0.610    32.1500    24.4621 -9.990e-29
 147.713947      0.607  36.646234    11.5263     7.7335      0.602    32.1547    24.4669 -9.990e-29
 147.713953      0.600  36.641279    11.5185     7.7204      0.595    32.1567    24.4698 -9.990e-29
 147.713958      0.589  36.635721    11.5156     7.7096      0.584    32.1538    24.4681 -9.990e-29
 147.713964      0.577  36.633875    11.5176     7.7002      0.572    32.1502    24.4650 -9.990e-29
 147.713970      0.573  36.634923    11.5205     7.6940      0.568    32.1487    24.4633 -9.990e-29
 147.713976      0.580  36.635187    11.5217     7.6872      0.575    32.1479    24.4624 -9.990e-29
 147.713981      0.591  36.634423    11.5214     7.6814      0.586    32.1474    24.4621 -9.990e-29
 147.713987      0.592  36.634380    11.5210     7.6767      0.587    32.1478    24.4624 -9.990e-29
 147.713993      0.585  36.633842    11.5197     7.6812      0.580    32.1484    24.4631 -9.990e-29
 147.713999      0.577  36.630378    11.5142     7.7039      0.572    32.1498    24.4652 -9.990e-29
 147.714005      0.572  36.621013    11.5068     7.7201      0.567    32.1470    24.4645 -9.990e-29
 147.714010      0.569  36.612268    11.5042     7.7178      0.564    32.1408    24.4600 -9.990e-29
 147.714016      0.570  36.613168    11.5066     7.7195      0.565    32.1396    24.4587 -9.990e-29
 147.714022      0.572  36.615913    11.5082     7.7134      0.567    32.1409    24.4594 -9.990e-29
 147.714028      0.578  36.615168    11.5071     7.7067      0.573    32.1411    24.4598 -9.990e-29
 147.714034      0.582  36.616628    11.5068     7.7148      0.577    32.1428    24.4611 -9.990e-29
 147.714039      0.582  36.621643    11.5091     7.7048      0.577    32.1457    24.4630 -9.990e-29
 147.714045      0.580  36.626223    11.5111     7.7044      0.575    32.1484    24.4647 -9.990e-29
 147.714051      0.581  36.628039    11.5112     7.7127      0.576    32.1501    24.4660 -9.990e-29
 147.714057      0.586  36.628919    11.5106     7.6921      0.581    32.1515    24.4672 -9.990e-29
 147.714063      0.590  36.628322    11.5100     7.6967      0.585    32.1514    24.4673 -9.990e-29
 147.714068      0.590  36.625977    11.5099     7.6958      0.585    32.1492    24.4656 -9.990e-29
 147.714074      0.589  36.624321    11.5081     7.7035      0.584    32.1491    24.4658 -9.990e-29
 147.714080      0.592  36.620552    11.5029     7.7269      0.587    32.1500    24.4674 -9.990e-29
 147.714086      0.599  36.612968    11.4981     7.7264      0.594    32.1467    24.4658 -9.990e-29
 147.714091      0.606  36.608783    11.4977     7.7389      0.601    32.1430    24.4629 -9.990e-29
 147.714097      0.605  36.611902    11.4992     7.7421      0.600    32.1447    24.4640 -9.990e-29
 147.714103      0.596  36.615804    11.4995     7.7294      0.591    32.1483    24.4667 -9.990e-29
 147.714109      0.588  36.617817    11.4999     7.7317      0.583    32.1499    24.4679 -9.990e-29
 147.714115      0.582  36.620592    11.5027     7.7246      0.577    32.1502    24.4676 -9.990e-29
 147.714120      0.581  36.623315    11.5075     7.7236      0.576    32.1487    24.4656 -9.990e-29
 147.714126      0.582  36.626221    11.5133     7.7469      0.577    32.1465    24.4628 -9.990e-29
 147.714132      0.587  36.630350    11.5186     7.7561      0.582    32.1459    24.4614 -9.990e-29
 147.714138      0.591  36.633891    11.5218     7.7655      0.586    32.1466    24.4614 -9.990e-29
 147.714144      0.591  36.635931    11.5238     7.7703      0.586    32.1468    24.4612 -9.990e-29
 147.714149      0.590  36.638036    11.5255     7.7545      0.585    32.1474    24.4614 -9.990e-29
 147.714155      0.593  36.640738    11.5269     7.7439      0.588    32.1488    24.4622 -9.990e-29
 147.714161      0.601  36.645365    11.5288     7.7319      0.596    32.1517    24.4641 -9.990e-29
 147.714167      0.608  36.650211    11.5297     7.7078      0.603    32.1556    24.4670 -9.990e-29
 147.714172      0.612  36.649942    11.5290     7.7076      0.607    32.1560    24.4674 -9.990e-29
 147.714178      0.617  36.646964    11.5278     7.7013      0.612    32.1541    24.4661 -9.990e-29
 147.714184      0.628  36.643430    11.5253     7.6922      0.623    32.1528    24.4656 -9.990e-29
 147.714190      0.644  36.638516    11.5213     7.6872      0.639    32.1515    24.4653 -9.990e-29
 147.714196      0.668  36.634594    11.5160     7.6465      0.662    32.1523    24.4668 -9.990e-29
 147.714201      0.701  36.629199    11.5075     7.5994      0.695    32.1544    24.4700 -9.990e-29
 147.714207      0.745  36.620142    11.4958     7.5092      0.739    32.1557    24.4732 -9.990e-29
 147.714213      0.803  36.609313    11.4847     7.3854      0.796    32.1547    24.4744 -9.990e-29
 147.714219      0.878  36.600158    11.4781     7.2891      0.871    32.1515    24.4731 -9.990e-29
 147.714225      0.971  36.594432    11.4720     7.2188      0.963    32.1512    24.4739 -9.990e-29
 147.714230      1.079  36.585024    11.4562     7.1852      1.070    32.1557    24.4803 -9.990e-29
 147.714236      1.205  36.563835    11.4222     7.1760      1.195    32.1645    24.4933 0.0000e+00
 147.714242      1.353  36.528898    11.3770     7.1817      1.342    32.1696    24.5053 0.0000e+00
 147.714248      1.518  36.492395    11.3414     7.1720      1.505    32.1648    24.5080 0.0000e+00
 147.714253      1.695  36.471139    11.3228     7.1494      1.681    32.1601    24.5077 0.0000e+00
 147.714259      1.878  36.463064    11.3141     7.0709      1.862    32.1597    24.5089 0.0000e+00
 147.714265      2.065  36.460159    11.3087     6.9692      2.048    32.1614    24.5113 0.0000e+00
 147.714271      2.263  36.459071    11.3021     6.8697      2.244    32.1661    24.5160 0.0000e+00
 147.714277      2.487  36.456076    11.2927     6.7726      2.466    32.1712    24.5217 0.0000e+00
 147.714282      2.745  36.449943    11.2804     6.7344      2.722    32.1758    24.5275 0.0000e+00
 147.714288      3.041  36.440860    11.2651     6.6936      3.016    32.1801    24.5336 0.0000e+00
 147.714294      3.373  36.429559    11.2469     6.6050      3.345    32.1848    24.5405 0.0000e+00
 147.714300      3.731  36.417735    11.2297     6.5153      3.700    32.1880    24.5461 0.0000e+00
 147.714306      4.105  36.409743    11.2189     6.4088      4.071    32.1895    24.5491 0.0000e+00
 147.714311      4.488  36.411127    11.2138     6.3098      4.450    32.1951    24.5544 0.0000e+00
 147.714317      4.878  36.416970    11.2048     6.2194      4.837    32.2086    24.5665 0.0000e+00
 147.714323      5.279  36.411506    11.1772     6.1553      5.235    32.2272    24.5858 0.0000e+00
 147.714329      5.699  36.381253    11.1164     6.0918      5.651    32.2505    24.6147 0.0000e+00
 147.714334      6.136  36.323919    11.0093     6.0459      6.085    32.2878    24.6626 0.0000e+00
 147.714340      6.574  36.224619    10.8735     6.0091      6.519    32.3089    24.7029 0.0000e+00
 147.714346      7.002  36.093709    10.7556     5.9503      6.943    32.2828    24.7030 0.0000e+00
 147.714352      7.413  35.988425    10.6710     5.9069      7.351    32.2525    24.6941 0.0000e+00
 147.714358      7.804  35.918401    10.5962     5.8853      7.739    32.2486    24.7040 0.0000e+00
 147.714363      8.183  35.847333    10.5123     5.8602      8.115    32.2517    24.7207 0.0000e+00
 147.714369      8.564  35.769450    10.4273     5.8626      8.492    32.2489    24.7330 0.0000e+00
 147.714375      8.955  35.710777    10.3517     5.8719      8.880    32.2570    24.7521 0.0000e+00
 147.714381      9.347  35.672744    10.2908     5.8442      9.269    32.2727    24.7746 0.0000e+00
 147.714387      9.725  35.641008    10.2545     5.7907      9.644    32.2729    24.7809 0.0000e+00
 147.714392     10.085  35.618752    10.2411     5.6471     10.001    32.2623    24.7749 0.0000e+00
 147.714398     10.426  35.609839    10.2370     5.4318     10.339    32.2568    24.7713 0.0000e+00
 147.714404     10.760  35.607569    10.2262     5.1898     10.670    32.2640    24.7787 0.0000e+00
 147.714410     11.092  35.597688    10.1984     4.9455     10.999    32.2786    24.7948 0.0000e+00
 147.714416     11.433  35.575395    10.1524     4.7429     11.337    32.2970    24.8168 0.0000e+00
 147.714421     11.790  35.547334    10.0837     4.5887     11.691    32.3298    24.8539 0.0000e+00
 147.714427     12.157  35.507974     9.9790     4.4637     12.055    32.3836    24.9132 0.0000e+00
 147.714433     12.518  35.438398     9.8473     4.3341     12.413    32.4311    24.9720 0.0000e+00
 147.714439     12.866  35.353307     9.7260     4.2445     12.758    32.4536    25.0094 0.0000e+00
 147.714444     13.198  35.297097     9.6371     4.1788     13.087    32.4763    25.0416 0.0000e+00
 147.714450     13.514  35.280999     9.5735     4.1278     13.401    32.5173    25.0839 0.0000e+00
 147.714456     13.816  35.285178     9.5184     4.0988     13.700    32.5714    25.1351 0.0000e+00
 147.714462     14.106  35.293330     9.4661     4.0557     13.988    32.6272    25.1871 0.0000e+00
 147.714468     14.386  35.300049     9.4247     4.0084     14.265    32.6718    25.2285 0.0000e+00
 147.714473     14.656  35.306982     9.4015     3.9630     14.533    32.7000    25.2543 0.0000e+00
 147.714479     14.921  35.314937     9.3871     3.9080     14.796    32.7212    25.2732 0.0000e+00
 147.714485     15.189  35.322169     9.3653     3.8445     15.062    32.7485    25.2980 0.0000e+00
 147.714491     15.464  35.333252     9.3407     3.8132     15.334    32.7823    25.3284 0.0000e+00
 147.714497     15.742  35.352858     9.3234     3.7884     15.610    32.8183    25.3593 0.0000e+00
 147.714502     16.016  35.371820     9.3079     3.7319     15.882    32.8520    25.3881 0.0000e+00
 147.714508     16.281  35.379554     9.2837     3.6918     16.144    32.8821    25.4155 0.0000e+00
 147.714514     16.541  35.375141     9.2466     3.6462     16.402    32.9116    25.4445 0.0000e+00
 147.714520     16.805  35.366107     9.1998     3.5850     16.664    32.9454    25.4783 0.0000e+00
 147.714525     17.075  35.360534     9.1431     3.5327     16.932    32.9919    25.5237 0.0000e+00
 147.714531     17.349  35.352079     9.0784     3.4475     17.203    33.0430    25.5739 0.0000e+00
 147.714537     17.617  35.332793     9.0216     3.3526     17.469    33.0756    25.6083 0.0000e+00
 147.714543     17.876  35.312759     8.9808     3.2827     17.726    33.0926    25.6280 0.0000e+00
 147.714549     18.129  35.298823     8.9466     3.2326     17.977    33.1098    25.6469 0.0000e+00
 147.714554     18.382  35.283004     8.9039     3.2052     18.228    33.1331    25.6717 0.0000e+00
 147.714560     18.641  35.260975     8.8484     3.2061     18.485    33.1618    25.7028 0.0000e+00
 147.714566     18.899  35.241969     8.7959     3.2181     18.740    33.1909    25.7338 0.0000e+00
 147.714572     19.148  35.236446     8.7613     3.1985     18.987    33.2175    25.7599 0.0000e+00
 147.714578     19.382  35.240922     8.7448     3.1450     19.219    33.2376    25.7782 0.0000e+00
 147.714583     19.602  35.246770     8.7397     3.0622     19.437    33.2484    25.7875 0.0000e+00
 147.714589     19.820  35.251117     8.7354     2.9750     19.654    33.2569    25.7948 0.0000e+00
 147.714595     20.043  35.253013     8.7225     2.8879     19.875    33.2709    25.8078 0.0000e+00
 147.714601     20.274  35.252159     8.6983     2.8307     20.104    33.2926    25.8285 0.0000e+00
 147.714606     20.514  35.253548     8.6609     2.7923     20.342    33.3292    25.8630 0.0000e+00
 147.714612     20.766  35.259005     8.6071     2.7684     20.592    33.3856    25.9154 0.0000e+00
 147.714618     21.020  35.261216     8.5451     2.7731     20.844    33.4465    25.9726 0.0000e+00
 147.714624     21.262  35.258058     8.4915     2.7694     21.083    33.4940    26.0180 0.0000e+00
 147.714630     21.487  35.254800     8.4547     2.7675     21.307    33.5254    26.0482 0.0000e+00
 147.714635     21.696  35.254339     8.4327     2.7741     21.514    33.5458    26.0675 0.0000e+00
 147.714641     21.893  35.255464     8.4192     2.7722     21.709    33.5597    26.0805 0.0000e+00
 147.714647     22.082  35.255722     8.4116     2.7686     21.897    33.5672    26.0875 0.0000e+00
 147.714653     22.271  35.254867     8.4091     2.7733     22.084    33.5686    26.0890 0.0000e+00
 147.714659     22.468  35.253972     8.4070     2.7816     22.279    33.5695    26.0901 0.0000e+00
 147.714664     22.677  35.252377     8.4022     2.7757     22.487    33.5723    26.0930 0.0000e+00
 147.714670     22.898  35.249606     8.3966     2.7778     22.706    33.5746    26.0956 0.0000e+00
 147.714676     23.125  35.247537     8.3926     2.7822     22.931    33.5761    26.0974 0.0000e+00
 147.714682     23.349  35.247304     8.3908     2.7802     23.153    33.5775    26.0988 0.0000e+00
 147.714688     23.568  35.248007     8.3900     2.7886     23.370    33.5789    26.1000 0.0000e+00
 147.714693     23.779  35.247194     8.3884     2.7889     23.579    33.5795    26.1007 0.0000e+00
 147.714699     23.982  35.243754     8.3846     2.7788     23.780    33.5794    26.1012 0.0000e+00
 147.714705     24.183  35.239793     8.3803     2.7848     23.980    33.5792    26.1017 0.0000e+00
 147.714711     24.379  35.237282     8.3776     2.7908     24.174    33.5790    26.1020 0.0000e+00
 147.714716     24.568  35.236766     8.3764     2.7907     24.362    33.5795    26.1026 0.0000e+00
 147.714722     24.744  35.237528     8.3756     2.7805     24.536    33.5810    26.1038 0.0000e+00
 147.714728     24.905  35.237757     8.3749     2.7764     24.696    33.5818    26.1046 0.0000e+00
 147.714734     25.054  35.236609     8.3741     2.7702     24.843    33.5813    26.1043 0.0000e+00
 147.714740     25.190  35.234768     8.3725     2.7763     24.978    33.5808    26.1042 -9.990e-29
 147.714745     25.313  35.233112     8.3708     2.7841     25.100    33.5806    26.1043 -9.990e-29
 147.714751     25.424  35.232205     8.3706     2.7777     25.210    33.5798    26.1037 -9.990e-29
 147.714757     25.517  35.232490     8.3723     2.7717     25.302    33.5784    26.1024 -9.990e-29
 147.714763     25.580  35.233762     8.3746     2.7699     25.365    33.5776    26.1013 -9.990e-29
 147.714769     25.608  35.234888     8.3762     2.7718     25.393    33.5772    26.1008 -9.990e-29
 147.714774     25.608  35.235665     8.3770     2.7695     25.393    33.5773    26.1007 -9.990e-29
 147.714780     25.585  35.236543     8.3772     2.7798     25.370    33.5780    26.1013 -9.990e-29
 147.714786     25.531  35.237545     8.3769     2.7738     25.316    33.5794    26.1024 -9.990e-29
 147.714792     25.444  35.238864     8.3772     2.7656     25.230    33.5806    26.1033 -9.990e-29
 147.714797     25.327  35.241112     8.3787     2.7651     25.114    33.5816    26.1038 -9.990e-29
 147.714803     25.181  35.244459     8.3799     2.7626     24.969    33.5840    26.1056 0.0000e+00
 147.714809     25.010  35.247183     8.3798     2.7602     24.800    33.5871    26.1080 0.0000e+00
