data/oxygen options/ONMS/Olympic_Coast_National_Marine_Sanctuary_CTD_Data_2005_2023/raw_data/2017/CAST_MB042_170928faed.cnv
* Sea-Bird SBE 19 Data File:
* FileName = C:\2017 Mooring Data\Casts\CAST_MB042_170928.hex
* Software Version SeatermAF 2.1.2
* Temperature SN = 2997
* Conductivity SN = 2997
* System UpLoad Time = Sep 28 2017 21:53:12 (localtime) = Sep 28 2017 21:53:12 (UTC)
** CAST_MB042_170928
* ds
# nquan = 9                                 
# nvalues = 1059                        
# units = specified
# name 0 = timeJ: Julian Days
# name 1 = prSM: Pressure, Strain Gauge [db]
# name 2 = c0mS/cm: Conductivity [mS/cm]
# name 3 = t090C: Temperature [ITS-90, deg C]
# name 4 = sbeox0ML/L: Oxygen, SBE 43 [ml/l]
# name 5 = depSM: Depth [salt water, m], lat = 47.5
# name 6 = sal00: Salinity, Practical [PSU]
# name 7 = sigma-é00: Density [sigma-theta, kg/m^3]
# name 8 = flag: flag
# span 0 = 271.881447, 271.887569       
# span 1 =     -1.881,     42.225       
# span 2 =   0.567601,  39.726545       
# span 3 =     8.9033,    21.7821       
# span 4 =    -1.6938,    13.8302       
# span 5 =     -1.865,     41.868       
# span 6 =     0.3002,    33.5208       
# span 7 =    -1.8509,    25.9756       
# span 8 = 0.0000e+00, 0.0000e+00       
# interval = seconds: 0.5
# start_time = Sep 28 2017 21:09:17 [Instrument's time stamp, header]
# bad_flag = -9.990e-29
*END*
 271.881447     -1.745 -9.990e-29    21.1877    -1.6821     -1.730 -9.990e-29 -9.990e-29 -9.990e-29
 271.881453     -1.775   0.584842    21.1875    -1.6819     -1.760     0.3078    -1.8123 -9.990e-29
 271.881458     -1.801   0.584639    21.1879    -1.6819     -1.786     0.3077    -1.8124 -9.990e-29
 271.881464     -1.822   0.584769    21.1887    -1.6819     -1.807     0.3077    -1.8126 -9.990e-29
 271.881470     -1.838   0.584851    21.1902    -1.6816     -1.823     0.3078    -1.8129 -9.990e-29
 271.881476     -1.850   0.584624    21.1933    -1.6814     -1.835     0.3076    -1.8137 -9.990e-29
 271.881481     -1.860   0.584342    21.1986    -1.6815     -1.844     0.3075    -1.8150 -9.990e-29
 271.881487     -1.867   0.584368    21.2051    -1.6811     -1.851     0.3074    -1.8164 -9.990e-29
 271.881493     -1.872   0.584737    21.2121    -1.6806     -1.856     0.3076    -1.8178 -9.990e-29
 271.881499     -1.876   0.585018    21.2191    -1.6803     -1.860     0.3077    -1.8193 -9.990e-29
 271.881505     -1.879   0.585033    21.2247    -1.6802     -1.863     0.3076    -1.8205 -9.990e-29
 271.881510     -1.880   0.584803    21.2285    -1.6803     -1.864     0.3075    -1.8215 -9.990e-29
 271.881516     -1.881   0.584576    21.2326    -1.6805     -1.865     0.3073    -1.8225 -9.990e-29
 271.881522     -1.881   0.584604    21.2382    -1.6805     -1.865     0.3073    -1.8238 -9.990e-29
 271.881528     -1.880   0.584372    21.2434    -1.6798     -1.864     0.3072    -1.8250 -9.990e-29
 271.881534     -1.877   0.583571    21.2490    -1.6794     -1.861     0.3067    -1.8266 -9.990e-29
 271.881539     -1.874   0.582797    21.2580    -1.6795     -1.858     0.3062    -1.8290 -9.990e-29
 271.881545     -1.870   0.582679    21.2686    -1.6795     -1.854     0.3061    -1.8314 -9.990e-29
 271.881551     -1.863   0.583062    21.2769    -1.6794     -1.847     0.3062    -1.8331 -9.990e-29
 271.881557     -1.855   0.583351    21.2807    -1.6792     -1.840     0.3064    -1.8338 -9.990e-29
 271.881562     -1.845   0.583376    21.2807    -1.6791     -1.830     0.3064    -1.8338 -9.990e-29
 271.881568     -1.831   0.583172    21.2807    -1.6791     -1.816     0.3063    -1.8339 -9.990e-29
 271.881574     -1.813   0.583021    21.2857    -1.6791     -1.798     0.3062    -1.8351 -9.990e-29
 271.881580     -1.794   0.583279    21.2956    -1.6789     -1.779     0.3062    -1.8372 -9.990e-29
 271.881586     -1.777   0.583735    21.3046    -1.6787     -1.762     0.3064    -1.8391 -9.990e-29
 271.881591     -1.758   0.583891    21.3096    -1.6786     -1.743     0.3065    -1.8401 -9.990e-29
 271.881597     -1.733   0.583400    21.3123    -1.6784     -1.719     0.3062    -1.8409 -9.990e-29
 271.881603     -1.711   0.582718    21.3152    -1.6784     -1.697     0.3058    -1.8419 -9.990e-29
 271.881609     -1.695   0.582597    21.3191    -1.6786     -1.681     0.3057    -1.8428 -9.990e-29
 271.881615     -1.683   0.582879    21.3230    -1.6787     -1.669     0.3058    -1.8436 -9.990e-29
 271.881620     -1.674   0.582831    21.3256    -1.6785     -1.660     0.3058    -1.8442 -9.990e-29
 271.881626     -1.669   0.582392    21.3281    -1.6781     -1.655     0.3055    -1.8449 -9.990e-29
 271.881632     -1.666   0.582083    21.3318    -1.6781     -1.652     0.3053    -1.8459 -9.990e-29
 271.881638     -1.666   0.582048    21.3364    -1.6785     -1.652     0.3053    -1.8469 -9.990e-29
 271.881644     -1.664   0.582244    21.3409    -1.6785     -1.650     0.3054    -1.8479 -9.990e-29
 271.881649     -1.655   0.582376    21.3442    -1.6787     -1.641     0.3054    -1.8486 -9.990e-29
 271.881655     -1.645   0.582067    21.3447    -1.6789     -1.631     0.3052    -1.8488 -9.990e-29
 271.881661     -1.636   0.581461    21.3434    -1.6790     -1.622     0.3049    -1.8488 -9.990e-29
 271.881667     -1.627   0.580860    21.3438    -1.6788     -1.613     0.3046    -1.8491 -9.990e-29
 271.881672     -1.618   0.580569    21.3474    -1.6785     -1.605     0.3044    -1.8500 -9.990e-29
 271.881678     -1.609   0.580756    21.3515    -1.6784     -1.596     0.3045    -1.8509 -9.990e-29
 271.881684     -1.599   0.581119    21.3519    -1.6783     -1.586     0.3047    -1.8508 -9.990e-29
 271.881690     -1.587   0.581034    21.3484    -1.6784     -1.574     0.3047    -1.8501 -9.990e-29
 271.881696     -1.577   0.580387    21.3434    -1.6786     -1.564     0.3043    -1.8492 -9.990e-29
 271.881701     -1.572   0.579980    21.3385    -1.6784     -1.559     0.3042    -1.8483 -9.990e-29
 271.881707     -1.568   0.580378    21.3350    -1.6785     -1.555     0.3044    -1.8473 -9.990e-29
 271.881713     -1.560   0.581004    21.3347    -1.6788     -1.547     0.3047    -1.8470 -9.990e-29
 271.881719     -1.548   0.581032    21.3385    -1.6792     -1.535     0.3047    -1.8478 -9.990e-29
 271.881725     -1.536   0.580500    21.3438    -1.6793     -1.523     0.3044    -1.8492 -9.990e-29
 271.881730     -1.526   0.579809    21.3477    -1.6792     -1.513     0.3040    -1.8504 -9.990e-29
 271.881736     -1.518   0.579146    21.3488    -1.6791     -1.505     0.3036    -1.8509 -9.990e-29
 271.881742     -1.513   0.578736    21.3474    -1.6792     -1.500     0.3034    -1.8508 -9.990e-29
 271.881748     -1.504   0.578589    21.3458    -1.6794     -1.491     0.3034    -1.8505 -9.990e-29
 271.881753     -1.491   0.578508    21.3446    -1.6799     -1.479     0.3033    -1.8502 -9.990e-29
 271.881759     -1.479   0.578388    21.3412    -1.6807     -1.467     0.3033    -1.8495 -9.990e-29
 271.881765     -1.466   0.578067    21.3348    -1.6814     -1.454     0.3032    -1.8482 -9.990e-29
 271.881771     -1.451   0.577673    21.3279    -1.6819     -1.439     0.3030    -1.8468 -9.990e-29
 271.881777     -1.434   0.577791    21.3240    -1.6824     -1.422     0.3031    -1.8459 -9.990e-29
 271.881782     -1.417   0.578577    21.3235    -1.6830     -1.405     0.3035    -1.8454 -9.990e-29
 271.881788     -1.405   0.579419    21.3229    -1.6835     -1.393     0.3040    -1.8450 -9.990e-29
 271.881794     -1.395   0.579778    21.3189    -1.6838     -1.383     0.3042    -1.8439 -9.990e-29
 271.881800     -1.388   0.579579    21.3098    -1.6840     -1.376     0.3041    -1.8419 -9.990e-29
 271.881806     -1.382   0.579114    21.2943    -1.6845     -1.370     0.3040    -1.8386 -9.990e-29
 271.881811     -1.378   0.578871    21.2740    -1.6845     -1.367     0.3040    -1.8342 -9.990e-29
 271.881817     -1.376   0.579081    21.2534    -1.6844     -1.365     0.3042    -1.8294 -9.990e-29
 271.881823     -1.375   0.579471    21.2346    -1.6844     -1.364     0.3046    -1.8250 -9.990e-29
 271.881829     -1.374   0.579454    21.2166    -1.6848     -1.363     0.3047    -1.8210 -9.990e-29
 271.881834     -1.375   0.579008    21.1991    -1.6851     -1.364     0.3046    -1.8173 -9.990e-29
 271.881840     -1.378   0.578645    21.1837    -1.6854     -1.367     0.3045    -1.8140 -9.990e-29
 271.881846     -1.381   0.578437    21.1714    -1.6857     -1.369     0.3044    -1.8113 -9.990e-29
 271.881852     -1.386   0.578110    21.1612    -1.6860     -1.374     0.3043    -1.8091 -9.990e-29
 271.881858     -1.389   0.577782    21.1535    -1.6862     -1.377     0.3042    -1.8075 -9.990e-29
 271.881863     -1.385   0.577569    21.1498    -1.6871     -1.373     0.3041    -1.8068 -9.990e-29
 271.881869     -1.378   0.577189    21.1480    -1.6880     -1.367     0.3039    -1.8065 -9.990e-29
 271.881875     -1.373   0.576691    21.1439    -1.6887     -1.362     0.3037    -1.8058 -9.990e-29
 271.881881     -1.369   0.576520    21.1360    -1.6887     -1.358     0.3036    -1.8041 -9.990e-29
 271.881887     -1.366   0.577002    21.1260    -1.6888     -1.355     0.3040    -1.8017 -9.990e-29
 271.881892     -1.363   0.577673    21.1155    -1.6887     -1.352     0.3044    -1.7991 -9.990e-29
 271.881898     -1.360   0.577765    21.1051    -1.6885     -1.349     0.3045    -1.7967 -9.990e-29
 271.881904     -1.358   0.577404    21.0939    -1.6880     -1.347     0.3044    -1.7944 -9.990e-29
 271.881910     -1.356   0.577216    21.0792    -1.6878     -1.345     0.3044    -1.7912 -9.990e-29
 271.881916     -1.353   0.577506    21.0587    -1.6874     -1.342     0.3047    -1.7865 -9.990e-29
 271.881921     -1.350   0.578108    21.0364    -1.6871     -1.339     0.3052    -1.7812 -9.990e-29
 271.881927     -1.347   0.578716    21.0194    -1.6869     -1.336     0.3056    -1.7772 -9.990e-29
 271.881933     -1.344   0.579033    21.0103    -1.6868     -1.333     0.3058    -1.7750 -9.990e-29
 271.881939     -1.339   0.578929    21.0077    -1.6870     -1.328     0.3058    -1.7745 -9.990e-29
 271.881944     -1.333   0.578820    21.0102    -1.6870     -1.322     0.3057    -1.7751 -9.990e-29
 271.881950     -1.326   0.579116    21.0178    -1.6869     -1.315     0.3058    -1.7767 -9.990e-29
 271.881956     -1.317   0.579658    21.0284    -1.6868     -1.306     0.3061    -1.7788 -9.990e-29
 271.881962     -1.305   0.580064    21.0389    -1.6866     -1.294     0.3062    -1.7810 -9.990e-29
 271.881968     -1.295   0.580321    21.0483    -1.6866     -1.284     0.3063    -1.7830 -9.990e-29
 271.881973     -1.289   0.580771    21.0566    -1.6866     -1.278     0.3065    -1.7846 -9.990e-29
 271.881979     -1.282   0.581461    21.0627    -1.6868     -1.271     0.3068    -1.7857 -9.990e-29
 271.881985     -1.276   0.582204    21.0651    -1.6870     -1.265     0.3072    -1.7859 -9.990e-29
 271.881991     -1.273   0.582883    21.0652    -1.6871     -1.262     0.3076    -1.7857 -9.990e-29
 271.881997     -1.268   0.583298    21.0660    -1.6874     -1.257     0.3078    -1.7857 -9.990e-29
 271.882002     -1.263   0.583447    21.0683    -1.6877     -1.252     0.3078    -1.7861 -9.990e-29
 271.882008     -1.260   0.583532    21.0714    -1.6876     -1.249     0.3079    -1.7868 -9.990e-29
 271.882014     -1.259   0.583666    21.0737    -1.6874     -1.248     0.3079    -1.7873 -9.990e-29
 271.882020     -1.261   0.584029    21.0740    -1.6874     -1.250     0.3081    -1.7872 -9.990e-29
 271.882025     -1.261   0.584552    21.0718    -1.6875     -1.250     0.3084    -1.7865 -9.990e-29
 271.882031     -1.255   0.584825    21.0677    -1.6873     -1.245     0.3086    -1.7854 -9.990e-29
 271.882037     -1.242   0.584659    21.0631    -1.6877     -1.232     0.3085    -1.7845 -9.990e-29
 271.882043     -1.222   0.584387    21.0585    -1.6879     -1.212     0.3084    -1.7836 -9.990e-29
 271.882049     -1.198   0.584202    21.0528    -1.6879     -1.188     0.3084    -1.7824 -9.990e-29
 271.882054     -1.176   0.583856    21.0481    -1.6882     -1.166     0.3082    -1.7815 -9.990e-29
 271.882060     -1.160   0.583444    21.0472    -1.6884     -1.150     0.3080    -1.7814 -9.990e-29
 271.882066     -1.149   0.582973    21.0487    -1.6885     -1.139     0.3077    -1.7820 -9.990e-29
 271.882072     -1.141   0.582368    21.0496    -1.6888     -1.131     0.3074    -1.7824 -9.990e-29
 271.882078     -1.137   0.581933    21.0492    -1.6891     -1.128     0.3072    -1.7825 -9.990e-29
 271.882083     -1.137   0.581643    21.0471    -1.6895     -1.128     0.3070    -1.7822 -9.990e-29
 271.882089     -1.135   0.581112    21.0425    -1.6896     -1.126     0.3068    -1.7814 -9.990e-29
 271.882095     -1.128   0.580187    21.0372    -1.6894     -1.119     0.3063    -1.7806 -9.990e-29
 271.882101     -1.119   0.579298    21.0322    -1.6892     -1.110     0.3058    -1.7798 -9.990e-29
 271.882106     -1.112   0.578922    21.0260    -1.6892     -1.103     0.3057    -1.7786 -9.990e-29
 271.882112     -1.106   0.579113    21.0191    -1.6893     -1.097     0.3058    -1.7770 -9.990e-29
 271.882118     -1.102   0.579572    21.0125    -1.6893     -1.093     0.3061    -1.7753 -9.990e-29
 271.882124     -1.098   0.579804    21.0050    -1.6896     -1.089     0.3063    -1.7735 -9.990e-29
 271.882130     -1.096   0.579564    20.9964    -1.6901     -1.087     0.3062    -1.7717 -9.990e-29
 271.882135     -1.094   0.579090    20.9889    -1.6908     -1.085     0.3060    -1.7703 -9.990e-29
 271.882141     -1.092   0.578856    20.9854    -1.6916     -1.083     0.3059    -1.7696 -9.990e-29
 271.882147     -1.091   0.579106    20.9864    -1.6924     -1.082     0.3060    -1.7697 -9.990e-29
 271.882153     -1.090   0.579619    20.9890    -1.6928     -1.081     0.3063    -1.7701 -9.990e-29
 271.882159     -1.089   0.579974    20.9897    -1.6932     -1.080     0.3065    -1.7701 -9.990e-29
 271.882164     -1.089   0.580090    20.9879    -1.6932     -1.080     0.3066    -1.7696 -9.990e-29
 271.882170     -1.088   0.580123    20.9829    -1.6932     -1.079     0.3066    -1.7685 -9.990e-29
 271.882176     -1.088   0.580116    20.9729    -1.6933     -1.079     0.3067    -1.7663 -9.990e-29
 271.882182     -1.087   0.580062    20.9575    -1.6934     -1.078     0.3068    -1.7629 -9.990e-29
 271.882187     -1.087   0.579886    20.9373    -1.6935     -1.078     0.3068    -1.7585 -9.990e-29
 271.882193     -1.087   0.579354    20.9149    -1.6938     -1.078     0.3067    -1.7537 -9.990e-29
 271.882199     -1.086   0.578312    20.8945    -1.6938     -1.077     0.3062    -1.7496 -9.990e-29
 271.882205     -1.086   0.577033    20.8790    -1.6937     -1.077     0.3056    -1.7467 -9.990e-29
 271.882211     -1.085   0.576027    20.8689    -1.6935     -1.076     0.3052    -1.7449 -9.990e-29
 271.882216     -1.085   0.575617    20.8635    -1.6932     -1.076     0.3050    -1.7439 -9.990e-29
 271.882222     -1.084   0.575808    20.8602    -1.6931     -1.075     0.3051    -1.7431 -9.990e-29
 271.882228     -1.083   0.576302    20.8567    -1.6932     -1.074     0.3054    -1.7421 -9.990e-29
 271.882234     -1.082   0.576651    20.8531    -1.6931     -1.073     0.3056    -1.7412 -9.990e-29
 271.882240     -1.080   0.576766    20.8491    -1.6926     -1.071     0.3057    -1.7402 -9.990e-29
 271.882245     -1.078   0.576801    20.8455    -1.6923     -1.069     0.3057    -1.7394 -9.990e-29
 271.882251     -1.076   0.576800    20.8444    -1.6924     -1.067     0.3058    -1.7392 -9.990e-29
 271.882257     -1.073   0.576763    20.8468    -1.6924     -1.064     0.3057    -1.7397 -9.990e-29
 271.882263     -1.069   0.576641    20.8522    -1.6922     -1.060     0.3056    -1.7410 -9.990e-29
 271.882269     -1.064   0.576270    20.8582    -1.6919     -1.055     0.3054    -1.7424 -9.990e-29
 271.882274     -1.057   0.575710    20.8621    -1.6915     -1.048     0.3050    -1.7435 -9.990e-29
 271.882280     -1.048   0.575322    20.8650    -1.6913     -1.039     0.3048    -1.7443 -9.990e-29
 271.882286     -1.037   0.575145    20.8705    -1.6912     -1.028     0.3047    -1.7456 -9.990e-29
 271.882292     -1.023   0.574940    20.8789    -1.6907     -1.014     0.3045    -1.7476 -9.990e-29
 271.882297     -1.009   0.574434    20.8858    -1.6904     -1.001     0.3042    -1.7493 -9.990e-29
 271.882303     -0.999   0.573509    20.8894    -1.6903     -0.991     0.3037    -1.7505 -9.990e-29
 271.882309     -0.992   0.572592    20.8926    -1.6902     -0.984     0.3031    -1.7516 -9.990e-29
 271.882315     -0.991   0.572125    20.8980    -1.6898     -0.983     0.3029    -1.7530 -9.990e-29
 271.882321     -0.997   0.572039    20.9061    -1.6896     -0.989     0.3027    -1.7548 -9.990e-29
 271.882326     -1.001   0.572217    20.9153    -1.6897     -0.993     0.3028    -1.7568 -9.990e-29
 271.882332     -1.000   0.572344    20.9240    -1.6899     -0.992     0.3028    -1.7586 -9.990e-29
 271.882338     -0.994   0.572034    20.9330    -1.6899     -0.986     0.3026    -1.7608 -9.990e-29
 271.882344     -0.986   0.571428    20.9429    -1.6899     -0.978     0.3022    -1.7632 -9.990e-29
 271.882350     -0.980   0.570828    20.9517    -1.6900     -0.972     0.3018    -1.7654 -9.990e-29
 271.882355     -0.971   0.570540    20.9585    -1.6901     -0.963     0.3016    -1.7670 -9.990e-29
 271.882361     -0.960   0.570736    20.9648    -1.6903     -0.952     0.3017    -1.7684 -9.990e-29
 271.882367     -0.953   0.571123    20.9716    -1.6903     -0.945     0.3018    -1.7697 -9.990e-29
