data/oxygen options/ONMS/Olympic_Coast_National_Marine_Sanctuary_CTD_Data_2005_2023/raw_data/2017/CAST_CE042_170630faed.cnv
* Sea-Bird SBE19 Data File:
* FileName = C:\2017 Mooring Data\Casts\CAST_CE042_170630.hex
* Software Version 1.59
* Temperature SN = 2997
* Conductivity SN = 2997
* System UpLoad Time = Jun 30 2017 16:35:31
** CAST_CE042_170630
* ds
# nquan = 9                                 
# nvalues = 1384                        
# units = specified
# name 0 = timeJ: Julian Days
# name 1 = prSM: Pressure, Strain Gauge [db]
# name 2 = c0mS/cm: Conductivity [mS/cm]
# name 3 = t090C: Temperature [ITS-90, deg C]
# name 4 = sbeox0ML/L: Oxygen, SBE 43 [ml/l]
# name 5 = depSM: Depth [salt water, m], lat = 47.5
# name 6 = sal00: Salinity, Practical [PSU]
# name 7 = sigma-é00: Density [sigma-theta, kg/m^3]
# name 8 = flag: flag
# span 0 = 181.623102, 181.631105       
# span 1 =     -5.549,     42.996       
# span 2 =   0.002509,  37.882824       
# span 3 =     7.9847,    13.8257       
# span 4 =    -2.0126,    16.4623       
# span 5 =     -5.503,     42.633       
# span 6 =     0.0071,    33.7433       
# span 7 =    -0.5770,    26.2882       
# span 8 = 0.0000e+00, 0.0000e+00       
# interval = seconds: 0.5
# start_time = Jun 30 2017 14:57:16 [Instrument's time stamp, header]
# bad_flag = -9.990e-29
*END*
[from data line 961]
 181.628663      1.274  37.751913    13.8094     7.7682      1.263    31.2818    23.3541 -9.990e-29
 181.628669      1.278  37.761310    13.8073     7.7600      1.267    31.2922    23.3626 -9.990e-29
 181.628675      1.279  37.759330    13.8032     7.7677      1.268    31.2937    23.3646 -9.990e-29
 181.628681      1.276  37.769707    13.7991     7.7720      1.265    31.3066    23.3754 -9.990e-29
 181.628686      1.269  37.782270    13.7998     7.7782      1.258    31.3176    23.3837 -9.990e-29
 181.628692      1.258  37.787472    13.8053     7.7783      1.247    31.3179    23.3829 -9.990e-29
 181.628698      1.247  37.789929    13.8092     7.7688      1.237    31.3170    23.3814 -9.990e-29
 181.628704      1.242  37.791089    13.8097     7.7727      1.232    31.3177    23.3818 -9.990e-29
 181.628709      1.248  37.791777    13.8092     7.7844      1.238    31.3187    23.3827 -9.990e-29
 181.628715      1.262  37.792200    13.8086     7.7821      1.251    31.3196    23.3835 -9.990e-29
 181.628721      1.275  37.792207    13.8080     7.7820      1.264    31.3201    23.3840 -9.990e-29
 181.628727      1.280  37.792210    13.8075     7.7762      1.269    31.3205    23.3844 -9.990e-29
 181.628733      1.273  37.792620    13.8072     7.7851      1.262    31.3211    23.3849 -9.990e-29
 181.628738      1.257  37.793270    13.8070     7.7970      1.247    31.3219    23.3856 -9.990e-29
 181.628744      1.241  37.793750    13.8068     7.7924      1.231    31.3225    23.3861 -9.990e-29
 181.628750      1.231  37.793989    13.8066     7.7813      1.221    31.3229    23.3864 -9.990e-29
 181.628756      1.231  37.794150    13.8066     7.7660      1.221    31.3230    23.3865 -9.990e-29
 181.628762      1.242  37.794293    13.8069     7.7630      1.232    31.3229    23.3864 -9.990e-29
 181.628767      1.260  37.794455    13.8072     7.7609      1.249    31.3228    23.3863 -9.990e-29
 181.628773      1.277  37.794697    13.8075     7.7514      1.266    31.3228    23.3862 -9.990e-29
 181.628779      1.291  37.795187    13.8078     7.7576      1.280    31.3230    23.3863 -9.990e-29
 181.628785      1.301  37.795864    13.8082     7.7803      1.290    31.3233    23.3864 -9.990e-29
 181.628791      1.309  37.796359    13.8084     7.7833      1.298    31.3236    23.3866 -9.990e-29
 181.628796      1.315  37.796616    13.8082     7.7861      1.304    31.3240    23.3869 -9.990e-29
 181.628802      1.316  37.796824    13.8079     7.7790      1.305    31.3244    23.3873 -9.990e-29
 181.628808      1.306  37.797106    13.8076     7.7783      1.295    31.3249    23.3878 -9.990e-29
 181.628814      1.295  37.797682    13.8074     7.7693      1.284    31.3256    23.3884 -9.990e-29
 181.628819      1.294  37.798609    13.8071     7.7668      1.283    31.3267    23.3893 -9.990e-29
 181.628825      1.307  37.799290    13.8069     7.7659      1.296    31.3275    23.3899 -9.990e-29
 181.628831      1.327  37.799359    13.8068     7.7655      1.316    31.3276    23.3901 -9.990e-29
 181.628837      1.338  37.799311    13.8064     7.7651      1.327    31.3279    23.3904 -9.990e-29
 181.628843      1.332  37.799487    13.8059     7.7700      1.321    31.3285    23.3909 -9.990e-29
 181.628848      1.312  37.799967    13.8054     7.7777      1.301    31.3293    23.3917 -9.990e-29
 181.628854      1.291  37.800676    13.8052     7.7610      1.280    31.3302    23.3923 -9.990e-29
 181.628860      1.279  37.801289    13.8053     7.7456      1.268    31.3307    23.3927 -9.990e-29
 181.628866      1.281  37.801908    13.8058     7.7384      1.270    31.3308    23.3927 -9.990e-29
 181.628872      1.297  37.802643    13.8062     7.7401      1.286    31.3312    23.3929 -9.990e-29
 181.628877      1.323  37.802643    13.8063     7.7582      1.312    31.3311    23.3928 -9.990e-29
 181.628883      1.348  37.801193    13.8059     7.7845      1.337    31.3300    23.3921 -9.990e-29
 181.628889      1.361  37.800123    13.8051     7.7890      1.350    31.3297    23.3920 -9.990e-29
 181.628895      1.358  37.800648    13.8042     7.7944      1.347    31.3309    23.3931 -9.990e-29
 181.628900      1.344  37.801076    13.8034     7.7929      1.333    31.3320    23.3941 -9.990e-29
 181.628906      1.330  37.801263    13.8027     7.7806      1.319    31.3327    23.3948 -9.990e-29
 181.628912      1.328  37.801866    13.8020     7.7725      1.317    31.3339    23.3958 -9.990e-29
 181.628918      1.338  37.802414    13.8015     7.7555      1.327    31.3348    23.3966 -9.990e-29
 181.628924      1.353  37.802923    13.8010     7.7356      1.342    31.3356    23.3974 -9.990e-29
 181.628929      1.365  37.803359    13.8004     7.7438      1.354    31.3365    23.3982 -9.990e-29
 181.628935      1.366  37.803028    13.8000     7.7705      1.355    31.3365    23.3983 -9.990e-29
 181.628941      1.356  37.800772    13.7997     7.7895      1.345    31.3347    23.3970 -9.990e-29
 181.628947      1.343  37.793429    13.7999     7.7819      1.332    31.3278    23.3916 -9.990e-29
 181.628953      1.330  37.771054    13.8008     7.7782      1.319    31.3064    23.3749 -9.990e-29
 181.628958      1.320  37.754597    13.8017     7.7893      1.309    31.2905    23.3624 -9.990e-29
 181.628964      1.319  37.772340    13.8018     7.7809      1.308    31.3068    23.3750 -9.990e-29
 181.628970      1.324  37.795731    13.8014     7.7955      1.313    31.3287    23.3920 -9.990e-29
 181.628976      1.337  37.803746    13.8008     7.7917      1.326    31.3366    23.3982 -9.990e-29
 181.628981      1.351  37.806356    13.8000     7.7660      1.340    31.3396    23.4007 -9.990e-29
 181.628987      1.352  37.807448    13.7996     7.7711      1.341    31.3410    23.4018 -9.990e-29
 181.628993      1.337  37.808321    13.7998     7.7669      1.326    31.3416    23.4023 -9.990e-29
 181.628999      1.310  37.808864    13.8002     7.7641      1.299    31.3418    23.4023 -9.990e-29
 181.629005      1.280  37.809087    13.8003     7.7763      1.269    31.3419    23.4024 -9.990e-29
 181.629010      1.260  37.809136    13.7999     7.7813      1.249    31.3423    23.4028 -9.990e-29
 181.629016      1.256  37.808923    13.7993     7.7776      1.246    31.3426    23.4031 -9.990e-29
 181.629022      1.269  37.808568    13.7985     7.7847      1.258    31.3429    23.4035 -9.990e-29
 181.629028      1.285  37.808564    13.7978     7.7684      1.274    31.3435    23.4041 -9.990e-29
 181.629034      1.299  37.808190    13.7975     7.7708      1.288    31.3434    23.4041 -9.990e-29
 181.629039      1.310  37.807912    13.7976     7.7806      1.299    31.3430    23.4038 -9.990e-29
 181.629045      1.319  37.809442    13.7983     7.7824      1.308    31.3439    23.4043 -9.990e-29
 181.629051      1.327  37.811308    13.8000     7.7994      1.316    31.3442    23.4042 -9.990e-29
 181.629057      1.335  37.812486    13.8014     7.7982      1.324    31.3441    23.4039 -9.990e-29
 181.629063      1.338  37.813271    13.8015     7.7884      1.327    31.3448    23.4044 -9.990e-29
 181.629068      1.333  37.813435    13.8003     7.7842      1.322    31.3459    23.4055 -9.990e-29
 181.629074      1.323  37.813605    13.7987     7.7718      1.312    31.3474    23.4069 -9.990e-29
 181.629080      1.312  37.813853    13.7976     7.7850      1.301    31.3485    23.4080 -9.990e-29
 181.629086      1.304  37.813793    13.7965     7.7974      1.293    31.3494    23.4089 -9.990e-29
 181.629091      1.307  37.813753    13.7953     7.7870      1.296    31.3503    23.4099 -9.990e-29
 181.629097      1.320  37.814083    13.7946     7.7841      1.309    31.3512    23.4107 -9.990e-29
 181.629103      1.333  37.814511    13.7941     7.7768      1.322    31.3520    23.4114 -9.990e-29
 181.629109      1.337  37.814890    13.7938     7.7830      1.326    31.3526    23.4119 -9.990e-29
 181.629115      1.336  37.815573    13.7940     7.7970      1.325    31.3530    23.4123 -9.990e-29
 181.629120      1.335  37.816756    13.7946     7.7921      1.324    31.3536    23.4126 -9.990e-29
 181.629126      1.335  37.817623    13.7949     7.7959      1.324    31.3542    23.4130 -9.990e-29
 181.629132      1.334  37.817496    13.7947     7.7927      1.323    31.3542    23.4130 -9.990e-29
 181.629138      1.332  37.817170    13.7945     7.7912      1.321    31.3541    23.4130 -9.990e-29
 181.629144      1.331  37.817175    13.7947     7.7928      1.320    31.3539    23.4128 -9.990e-29
 181.629149      1.329  37.817363    13.7952     7.7700      1.318    31.3537    23.4125 -9.990e-29
 181.629155      1.327  37.817832    13.7958     7.7658      1.316    31.3537    23.4124 -9.990e-29
 181.629161      1.324  37.818493    13.7961     7.7659      1.313    31.3540    23.4126 -9.990e-29
 181.629167      1.324  37.818953    13.7959     7.7768      1.313    31.3546    23.4131 -9.990e-29
 181.629172      1.333  37.819111    13.7955     7.7931      1.322    31.3551    23.4135 -9.990e-29
 181.629178      1.345  37.819022    13.7955     7.7880      1.334    31.3550    23.4135 -9.990e-29
 181.629184      1.353  37.818973    13.7958     7.7844      1.342    31.3547    23.4132 -9.990e-29
 181.629190      1.354  37.819303    13.7959     7.7742      1.343    31.3549    23.4133 -9.990e-29
 181.629196      1.352  37.819738    13.7960     7.7654      1.341    31.3552    23.4136 -9.990e-29
 181.629201      1.350  37.820146    13.7964     7.7604      1.339    31.3553    23.4135 -9.990e-29
 181.629207      1.350  37.820914    13.7965     7.7539      1.339    31.3559    23.4140 -9.990e-29
 181.629213      1.350  37.821795    13.7962     7.7697      1.339    31.3570    23.4149 -9.990e-29
 181.629219      1.351  37.822127    13.7961     7.7700      1.340    31.3574    23.4152 -9.990e-29
 181.629225      1.354  37.822199    13.7966     7.7926      1.343    31.3570    23.4148 -9.990e-29
 181.629230      1.357  37.822513    13.7976     7.7837      1.346    31.3565    23.4142 -9.990e-29
 181.629236      1.361  37.822774    13.7984     7.7767      1.350    31.3561    23.4137 -9.990e-29
 181.629242      1.371  37.822616    13.7978     7.7691      1.360    31.3564    23.4141 -9.990e-29
 181.629248      1.392  37.822234    13.7963     7.7615      1.380    31.3573    23.4151 -9.990e-29
 181.629253      1.417  37.822084    13.7953     7.7737      1.405    31.3579    23.4158 -9.990e-29
 181.629259      1.433  37.822369    13.7949     7.7766      1.421    31.3585    23.4163 -9.990e-29
 181.629265      1.439  37.822754    13.7948     7.7854      1.427    31.3590    23.4167 -9.990e-29
 181.629271      1.434  37.823037    13.7945     7.7856      1.422    31.3595    23.4171 -9.990e-29
 181.629277      1.422  37.823442    13.7942     7.7894      1.410    31.3601    23.4177 -9.990e-29
 181.629282      1.411  37.823796    13.7939     7.7835      1.399    31.3607    23.4182 -9.990e-29
 181.629288      1.405  37.823857    13.7935     7.7854      1.393    31.3611    23.4186 -9.990e-29
 181.629294      1.403  37.824111    13.7933     7.7858      1.391    31.3615    23.4189 -9.990e-29
 181.629300      1.402  37.824743    13.7935     7.7777      1.390    31.3619    23.4192 -9.990e-29
 181.629306      1.396  37.825320    13.7938     7.7709      1.384    31.3622    23.4193 -9.990e-29
 181.629311      1.389  37.825896    13.7942     7.7599      1.377    31.3624    23.4194 -9.990e-29
 181.629317      1.385  37.826527    13.7949     7.7668      1.373    31.3624    23.4193 -9.990e-29
 181.629323      1.389  37.827339    13.7955     7.7669      1.377    31.3626    23.4194 -9.990e-29
 181.629329      1.405  37.828142    13.7952     7.7766      1.393    31.3636    23.4202 -9.990e-29
 181.629334      1.424  37.828173    13.7941     7.7716      1.412    31.3645    23.4211 -9.990e-29
 181.629340      1.437  37.827877    13.7932     7.7752      1.425    31.3650    23.4217 -9.990e-29
 181.629346      1.439  37.827824    13.7924     7.7712      1.427    31.3656    23.4223 -9.990e-29
 181.629352      1.430  37.827787    13.7920     7.7683      1.418    31.3659    23.4226 -9.990e-29
 181.629358      1.414  37.827563    13.7920     7.7700      1.402    31.3657    23.4224 -9.990e-29
 181.629363      1.398  37.827258    13.7914     7.7489      1.386    31.3659    23.4227 -9.990e-29
 181.629369      1.391  37.826872    13.7897     7.7541      1.379    31.3670    23.4239 -9.990e-29
 181.629375      1.400  37.826296    13.7880     7.7421      1.388    31.3678    23.4249 -9.990e-29
 181.629381      1.422  37.826127    13.7884     7.7636      1.410    31.3673    23.4244 -9.990e-29
 181.629387      1.440  37.826594    13.7912     7.7685      1.428    31.3655    23.4224 -9.990e-29
 181.629392      1.448  37.827403    13.7936     7.7865      1.436    31.3642    23.4210 -9.990e-29
 181.629398      1.446  37.828289    13.7944     7.7983      1.434    31.3644    23.4209 -9.990e-29
 181.629404      1.438  37.828929    13.7943     7.7986      1.426    31.3651    23.4215 -9.990e-29
 181.629410      1.432  37.829446    13.7940     7.7989      1.420    31.3658    23.4221 -9.990e-29
 181.629416      1.432  37.829799    13.7939     7.7892      1.420    31.3662    23.4224 -9.990e-29
 181.629421      1.438  37.829726    13.7939     7.7856      1.426    31.3661    23.4224 -9.990e-29
 181.629427      1.450  37.829518    13.7940     7.7768      1.438    31.3659    23.4222 -9.990e-29
 181.629433      1.474  37.829288    13.7940     7.7888      1.462    31.3656    23.4220 -9.990e-29
 181.629439      1.515  37.828558    13.7940     7.7917      1.502    31.3649    23.4215 -9.990e-29
 181.629444      1.567  37.828422    13.7944     7.8002      1.554    31.3645    23.4210 -9.990e-29
 181.629450      1.621  37.830205    13.7951     7.8021      1.607    31.3655    23.4217 -9.990e-29
 181.629456      1.681  37.832192    13.7955     7.8096      1.667    31.3670    23.4228 -9.990e-29
 181.629462      1.762  37.832943    13.7948     7.8064      1.747    31.3682    23.4238 -9.990e-29
 181.629468      1.883  37.832730    13.7932     7.8223      1.867    31.3693    23.4250 -9.990e-29
 181.629473      2.055  37.832216    13.7918     7.8196      2.038    31.3699    23.4257 0.0000e+00
 181.629479      2.282  37.832226    13.7907     7.8138      2.263    31.3707    23.4266 0.0000e+00
 181.629485      2.551  37.832598    13.7898     7.8116      2.530    31.3717    23.4276 0.0000e+00
 181.629491      2.851  37.833096    13.7894     7.8227      2.827    31.3724    23.4282 0.0000e+00
 181.629497      3.183  37.833649    13.7892     7.8786      3.156    31.3729    23.4286 0.0000e+00
 181.629502      3.550  37.834264    13.7884     8.1060      3.520    31.3740    23.4296 0.0000e+00
 181.629508      3.947  37.835026    13.7853     8.4935      3.914    31.3771    23.4327 0.0000e+00
 181.629514      4.368  37.836218    13.7782     8.8808      4.331    31.3838    23.4393 0.0000e+00
 181.629520      4.807  37.838695    13.7663     9.1101      4.767    31.3957    23.4509 0.0000e+00
 181.629525      5.256  37.842785    13.7462     9.0120      5.212    31.4158    23.4704 0.0000e+00
 181.629531      5.719  37.849846    13.7102     8.6041      5.671    31.4516    23.5054 0.0000e+00
 181.629537      6.190  37.865200    13.6485     8.0091      6.138    31.5164    23.5678 0.0000e+00
 181.629543      6.662  37.882824    13.5530     7.3540      6.606    31.6114    23.6603 0.0000e+00
 181.629549      7.130  37.867805    13.4079     6.8348      7.070    31.7176    23.7713 0.0000e+00
 181.629554      7.594  37.773615    13.1770     6.4266      7.530    31.8221    23.8977 0.0000e+00
 181.629560      8.062  37.593187    12.8625     6.1001      7.995    31.9165    24.0322 0.0000e+00
 181.629566      8.541  37.377478    12.5381     5.8769      8.470    31.9866    24.1488 0.0000e+00
 181.629572      9.034  37.180213    12.2593     5.7153      8.958    32.0358    24.2396 0.0000e+00
 181.629578      9.536  37.017527    12.0185     5.6185      9.456    32.0857    24.3233 0.0000e+00
