data/oxygen options/ONMS/Olympic_Coast_National_Marine_Sanctuary_CTD_Data_2005_2023/raw_data/2017/CAST_MB015_170725faed.cnv
* Sea-Bird SBE 19 Data File:
* FileName = C:\2017 Mooring Data\Casts\CAST_MB015_170725.hex
* Software Version SeatermAF 2.1.2
* Temperature SN = 2997
* Conductivity SN = 2997
* System UpLoad Time = Jul 25 2017 22:26:22 (localtime) = Jul 25 2017 22:26:22 (UTC)
** CAST_MB015_170725
* ds
# nquan = 9                                 
# nvalues = 647                         
# units = specified
# name 0 = timeJ: Julian Days
# name 1 = prSM: Pressure, Strain Gauge [db]
# name 2 = c0mS/cm: Conductivity [mS/cm]
# name 3 = t090C: Temperature [ITS-90, deg C]
# name 4 = sbeox0ML/L: Oxygen, SBE 43 [ml/l]
# name 5 = depSM: Depth [salt water, m], lat = 47.5
# name 6 = sal00: Salinity, Practical [PSU]
# name 7 = sigma-é00: Density [sigma-theta, kg/m^3]
# name 8 = flag: flag
# span 0 = 206.920671, 206.924410       
# span 1 =     -5.340,     11.803       
# span 2 =   0.484637,  39.199723       
# span 3 =     9.8713,    16.3076       
# span 4 =    -1.8840,    15.6233       
# span 5 =     -5.296,     11.704       
# span 6 =     0.2844,    32.8928       
# span 7 =    -0.8855,    25.3284       
# span 8 = 0.0000e+00, 0.0000e+00       
# interval = seconds: 0.5
# start_time = Jul 25 2017 22:05:46 [Instrument's time stamp, header]
# bad_flag = -9.990e-29
*END*
[from data line 161]
 206.921603     -1.972   0.518758    16.2674    -1.8490     -1.956     0.3045    -0.8642 -9.990e-29
 206.921609     -1.958   0.518502    16.2635    -1.8487     -1.942     0.3044    -0.8637 -9.990e-29
 206.921615     -1.947   0.517996    16.2577    -1.8487     -1.931     0.3042    -0.8629 -9.990e-29
 206.921620     -1.939   0.517673    16.2518    -1.8494     -1.923     0.3040    -0.8621 -9.990e-29
 206.921626     -1.935   0.517657    16.2486    -1.8505     -1.919     0.3040    -0.8615 -9.990e-29
 206.921632     -1.933   0.517927    16.2465    -1.8511     -1.917     0.3042    -0.8610 -9.990e-29
 206.921638     -1.933   0.518286    16.2410    -1.8512     -1.917     0.3044    -0.8599 -9.990e-29
 206.921644     -1.932   0.518104    16.2345    -1.8512     -1.916     0.3044    -0.8589 -9.990e-29
 206.921649     -1.924   0.517139    16.2342    -1.8511     -1.908     0.3038    -0.8593 -9.990e-29
 206.921655     -1.914   0.515765    16.2396    -1.8511     -1.898     0.3029    -0.8609 -9.990e-29
 206.921661     -1.904   0.514365    16.2433    -1.8508     -1.888     0.3021    -0.8621 -9.990e-29
 206.921667     -1.896   0.513286    16.2393    -1.8506     -1.880     0.3014    -0.8620 -9.990e-29
 206.921672     -1.887   0.512754    16.2264    -1.8504     -1.871     0.3012    -0.8600 -9.990e-29
 206.921678     -1.878   0.512612    16.2092    -1.8510     -1.862     0.3012    -0.8571 -9.990e-29
 206.921684     -1.868   0.512669    16.1956    -1.8516     -1.852     0.3014    -0.8548 -9.990e-29
 206.921690     -1.857   0.512999    16.1891    -1.8517     -1.842     0.3016    -0.8535 -9.990e-29
 206.921696     -1.842   0.513488    16.1877    -1.8518     -1.827     0.3019    -0.8530 -9.990e-29
 206.921701     -1.829   0.513676    16.1888    -1.8517     -1.814     0.3020    -0.8531 -9.990e-29
 206.921707     -1.820   0.513261    16.1915    -1.8516     -1.805     0.3018    -0.8538 -9.990e-29
 206.921713     -1.811   0.512242    16.1953    -1.8515     -1.796     0.3011    -0.8549 -9.990e-29
 206.921719     -1.800   0.510924    16.1982    -1.8514     -1.785     0.3003    -0.8560 -9.990e-29
 206.921725     -1.792   0.509763    16.1968    -1.8514     -1.777     0.2996    -0.8563 -9.990e-29
 206.921730     -1.782   0.508872    16.1895    -1.8511     -1.767     0.2991    -0.8555 -9.990e-29
 206.921736     -1.769   0.508173    16.1804    -1.8513     -1.754     0.2988    -0.8543 -9.990e-29
 206.921742     -1.757   0.507839    16.1746    -1.8514     -1.742     0.2986    -0.8534 -9.990e-29
 206.921748     -1.740   0.507978    16.1727    -1.8516     -1.725     0.2987    -0.8530 -9.990e-29
 206.921753     -1.717   0.508773    16.1736    -1.8516     -1.703     0.2992    -0.8528 -9.990e-29
 206.921759     -1.696   0.510176    16.1762    -1.8518     -1.682     0.3000    -0.8526 -9.990e-29
 206.921765     -1.679   0.511286    16.1790    -1.8516     -1.665     0.3007    -0.8526 -9.990e-29
 206.921771     -1.666   0.511365    16.1812    -1.8515     -1.652     0.3007    -0.8529 -9.990e-29
 206.921777     -1.656   0.510519    16.1832    -1.8513     -1.642     0.3002    -0.8537 -9.990e-29
 206.921782     -1.647   0.509281    16.1849    -1.8511     -1.633     0.2994    -0.8545 -9.990e-29
 206.921788     -1.639   0.508215    16.1845    -1.8510     -1.625     0.2988    -0.8550 -9.990e-29
 206.921794     -1.633   0.507562    16.1821    -1.8507     -1.619     0.2984    -0.8548 -9.990e-29
 206.921800     -1.627   0.507005    16.1793    -1.8503     -1.613     0.2981    -0.8546 -9.990e-29
 206.921806     -1.620   0.506352    16.1770    -1.8497     -1.606     0.2977    -0.8545 -9.990e-29
 206.921811     -1.614   0.505842    16.1762    -1.8495     -1.601     0.2974    -0.8546 -9.990e-29
 206.921817     -1.607   0.505348    16.1776    -1.8491     -1.594     0.2971    -0.8551 -9.990e-29
 206.921823     -1.598   0.504765    16.1809    -1.8488     -1.585     0.2967    -0.8559 -9.990e-29
 206.921829     -1.588   0.504422    16.1855    -1.8484     -1.575     0.2965    -0.8569 -9.990e-29
 206.921834     -1.575   0.504412    16.1910    -1.8481     -1.562     0.2964    -0.8578 -9.990e-29
 206.921840     -1.559   0.504723    16.1972    -1.8480     -1.546     0.2966    -0.8587 -9.990e-29
 206.921846     -1.544   0.505214    16.2049    -1.8480     -1.531     0.2968    -0.8598 -9.990e-29
 206.921852     -1.535   0.505433    16.2145    -1.8481     -1.522     0.2969    -0.8614 -9.990e-29
 206.921858     -1.534   0.505116    16.2250    -1.8480     -1.521     0.2966    -0.8633 -9.990e-29
 206.921863     -1.531   0.504391    16.2348    -1.8479     -1.518     0.2961    -0.8653 -9.990e-29
 206.921869     -1.527   0.503955    16.2437    -1.8477     -1.514     0.2958    -0.8671 -9.990e-29
 206.921875     -1.525   0.504332    16.2526    -1.8475     -1.512     0.2959    -0.8684 -9.990e-29
 206.921881     -1.520   0.504917    16.2613    -1.8473     -1.507     0.2962    -0.8696 -9.990e-29
 206.921887     -1.509   0.504827    16.2682    -1.8472     -1.496     0.2961    -0.8709 -9.990e-29
 206.921892     -1.494   0.503940    16.2721    -1.8472     -1.482     0.2956    -0.8719 -9.990e-29
 206.921898     -1.480   0.502736    16.2738    -1.8477     -1.468     0.2948    -0.8728 -9.990e-29
 206.921904     -1.465   0.501824    16.2749    -1.8479     -1.453     0.2943    -0.8734 -9.990e-29
 206.921910     -1.453   0.501651    16.2769    -1.8479     -1.441     0.2941    -0.8738 -9.990e-29
 206.921916     -1.446   0.501984    16.2801    -1.8482     -1.434     0.2943    -0.8742 -9.990e-29
 206.921921     -1.446   0.502158    16.2836    -1.8478     -1.434     0.2944    -0.8747 -9.990e-29
 206.921927     -1.451   0.501851    16.2873    -1.8479     -1.439     0.2942    -0.8755 -9.990e-29
 206.921933     -1.458   0.501206    16.2908    -1.8479     -1.446     0.2938    -0.8764 -9.990e-29
 206.921939     -1.458   0.500470    16.2929    -1.8478     -1.446     0.2933    -0.8771 -9.990e-29
 206.921944     -1.448   0.499768    16.2914    -1.8475     -1.436     0.2929    -0.8772 -9.990e-29
 206.921950     -1.431   0.499271    16.2864    -1.8474     -1.419     0.2926    -0.8766 -9.990e-29
 206.921956     -1.414   0.498870    16.2813    -1.8473     -1.402     0.2924    -0.8759 -9.990e-29
 206.921962     -1.400   0.498585    16.2782    -1.8471     -1.388     0.2923    -0.8755 -9.990e-29
 206.921968     -1.390   0.498586    16.2775    -1.8472     -1.378     0.2923    -0.8754 -9.990e-29
 206.921973     -1.382   0.498320    16.2788    -1.8469     -1.370     0.2921    -0.8757 -9.990e-29
 206.921979     -1.375   0.497432    16.2800    -1.8467     -1.364     0.2916    -0.8763 -9.990e-29
 206.921985     -1.369   0.496399    16.2810    -1.8468     -1.358     0.2909    -0.8770 -9.990e-29
 206.921991     -1.364   0.495505    16.2838    -1.8475     -1.353     0.2904    -0.8779 -9.990e-29
 206.921997     -1.359   0.494666    16.2883    -1.8481     -1.348     0.2899    -0.8790 -9.990e-29
 206.922002     -1.355   0.493871    16.2925    -1.8480     -1.344     0.2893    -0.8801 -9.990e-29
 206.922008     -1.350   0.493167    16.2960    -1.8479     -1.339     0.2889    -0.8811 -9.990e-29
 206.922014     -1.345   0.492724    16.2989    -1.8475     -1.334     0.2886    -0.8818 -9.990e-29
 206.922020     -1.340   0.492504    16.3014    -1.8473     -1.329     0.2885    -0.8823 -9.990e-29
 206.922025     -1.333   0.492212    16.3044    -1.8471     -1.322     0.2883    -0.8829 -9.990e-29
 206.922031     -1.324   0.492012    16.3059    -1.8469     -1.313     0.2881    -0.8833 -9.990e-29
 206.922037     -1.314   0.492190    16.3020    -1.8466     -1.303     0.2883    -0.8825 -9.990e-29
 206.922043     -1.301   0.492429    16.2930    -1.8471     -1.290     0.2885    -0.8809 -9.990e-29
 206.922049     -1.284   0.492492    16.2851    -1.8471     -1.273     0.2886    -0.8795 -9.990e-29
 206.922054     -1.267   0.492460    16.2827    -1.8474     -1.256     0.2886    -0.8791 -9.990e-29
 206.922060     -1.253   0.492292    16.2855    -1.8478     -1.243     0.2884    -0.8797 -9.990e-29
 206.922066     -1.240   0.491762    16.2915    -1.8483     -1.230     0.2881    -0.8809 -9.990e-29
 206.922072     -1.229   0.490716    16.2979    -1.8489     -1.219     0.2874    -0.8825 -9.990e-29
 206.922078     -1.219   0.489420    16.3033    -1.8489     -1.209     0.2866    -0.8840 -9.990e-29
 206.922083     -1.212   0.488361    16.3071    -1.8488     -1.202     0.2859    -0.8852 -9.990e-29
 206.922089     -1.213   0.487790    16.3076    -1.8483     -1.203     0.2856    -0.8855 -9.990e-29
 206.922095     -1.218   0.487500    16.3044    -1.8479     -1.208     0.2854    -0.8851 -9.990e-29
 206.922101     -1.219   0.487102    16.2994    -1.8478     -1.209     0.2852    -0.8845 -9.990e-29
 206.922106     -1.211   0.486621    16.2924    -1.8481     -1.201     0.2850    -0.8835 -9.990e-29
 206.922112     -1.198   0.486526    16.2824    -1.8492     -1.188     0.2850    -0.8818 -9.990e-29
 206.922118     -1.187   0.487243    16.2713    -1.8500     -1.177     0.2855    -0.8796 -9.990e-29
 206.922124     -1.179   0.488619    16.2631    -1.8516     -1.169     0.2864    -0.8775 -9.990e-29
 206.922130     -1.168   0.489719    16.2609    -1.8522     -1.158     0.2871    -0.8766 -9.990e-29
 206.922135     -1.158   0.489793    16.2644    -1.8524     -1.148     0.2871    -0.8772 -9.990e-29
 206.922141     -1.152   0.488939    16.2711    -1.8529     -1.142     0.2865    -0.8787 -9.990e-29
 206.922147     -1.150   0.487682    16.2764    -1.8538     -1.140     0.2857    -0.8802 -9.990e-29
 206.922153     -1.153   0.486561    16.2754    -1.8548     -1.143     0.2851    -0.8806 -9.990e-29
 206.922159     -1.155   0.485746    16.2650    -1.8554     -1.145     0.2846    -0.8792 -9.990e-29
 206.922164     -1.149   0.485258    16.2459    -1.8555     -1.139     0.2845    -0.8761 -9.990e-29
 206.922170     -1.134   0.485002    16.2210    -1.8555     -1.125     0.2845    -0.8720 -9.990e-29
 206.922176     -1.118   0.484637    16.1948    -1.8556     -1.109     0.2844    -0.8677 -9.990e-29
 206.922182     -1.103   0.484785    16.1738    -1.5441     -1.094     0.2847    -0.8640 -9.990e-29
 206.922188     -1.090   0.486749    16.1583    -1.5833     -1.081     0.2860    -0.8605 -9.990e-29
 206.922193     -1.077   0.490934    16.1421    -1.5974     -1.068     0.2886    -0.8558 -9.990e-29
 206.922199     -1.063   0.497377    16.1222    -1.5978     -1.054     0.2926    -0.8494 -9.990e-29
 206.922205     -1.047   0.510236    16.1010    -1.5975     -1.038     0.3006    -0.8398 -9.990e-29
 206.922211     -1.030   0.546105    16.0809    -1.5967     -1.021     0.3225    -0.8195 -9.990e-29
 206.922216     -1.008   0.652809    16.0558    -1.5975     -1.000     0.3880    -0.7649 -9.990e-29
 206.922222     -0.982   0.970958    15.9999    -1.5991     -0.974     0.5868    -0.6024 -9.990e-29
 206.922228     -0.948   1.923086    15.8404    -1.6009     -0.940     1.2049    -0.1002 -9.990e-29
 206.922234     -0.906   4.778698    15.3946    -1.6015     -0.898     3.1939     1.5010 -9.990e-29
 206.922240     -0.853  13.347494    14.6783    -1.6011     -0.846     9.7995     6.6844 -9.990e-29
 206.922245     -0.784  26.181598    14.0762    -1.5993     -0.777    20.7356    15.1807 -9.990e-29
 206.922251     -0.705  34.718401    13.7874    -1.5994     -0.699    28.5202    21.2277 -9.990e-29
 206.922257     -0.628  37.595545    13.6945    -1.5995     -0.623    31.2319    23.3386 -9.990e-29
 206.922263     -0.559  38.607707    13.6701    -1.5984     -0.554    32.1896    24.0833 -9.990e-29
 206.922269     -0.500  38.946514    13.6438    -1.5982     -0.496    32.5268    24.3492 -9.990e-29
 206.922274     -0.447  39.036327    13.6057    -1.5994     -0.443    32.6429    24.4466 -9.990e-29
 206.922280     -0.400  39.054094    13.5765    -1.5988     -0.397    32.6844    24.4846 -9.990e-29
 206.922286     -0.361  39.042047    13.5665    -1.5996     -0.358    32.6817    24.4845 -9.990e-29
 206.922292     -0.327  39.006020    13.5737    -1.6003     -0.324    32.6419    24.4523 -9.990e-29
 206.922297     -0.300  38.979248    13.5869    -1.6007     -0.297    32.6057    24.4216 -9.990e-29
 206.922303     -0.287  38.986584    13.5908    -1.6001     -0.285    32.6092    24.4236 -9.990e-29
 206.922309     -0.288  39.014911    13.5923    -1.5991     -0.286    32.6343    24.4427 -9.990e-29
 206.922315     -0.293  39.047176    13.6013    -1.5991     -0.291    32.6567    24.4582 -9.990e-29
 206.922321     -0.296  39.074372    13.6020    -1.5977     -0.294    32.6814    24.4771 -9.990e-29
 206.922326     -0.290  39.087452    13.5823    -1.5996     -0.288    32.7105    24.5036 -9.990e-29
 206.922332     -0.281  39.093843    13.5604    -1.6010     -0.279    32.7352    24.5271 -9.990e-29
 206.922338     -0.273  39.121733    13.5588    -1.6015     -0.271    32.7626    24.5486 -9.990e-29
 206.922344     -0.263  39.150672    13.5739    -1.5999     -0.261    32.7766    24.5564 -9.990e-29
 206.922350     -0.253  39.114563    13.5905    -1.5991     -0.251    32.7287    24.5160 -9.990e-29
 206.922355     -0.242  39.030854    13.6059    -1.5993     -0.240    32.6375    24.4424 -9.990e-29
 206.922361     -0.232  38.975072    13.6123    -1.6007     -0.230    32.5801    24.3967 -9.990e-29
 206.922367     -0.227  38.967002    13.5966    -1.6002     -0.225    32.5859    24.4044 -9.990e-29
 206.922373     -0.224  38.999869    13.5709    -1.5992     -0.222    32.6385    24.4503 -9.990e-29
 206.922378     -0.217  39.081718    13.5579    -1.5994     -0.215    32.7260    24.5205 -9.990e-29
 206.922384     -0.210  39.152029    13.5572    -1.5996     -0.208    32.7922    24.5718 -9.990e-29
 206.922390     -0.208  39.120892    13.5553    -1.5986     -0.206    32.7648    24.5510 -9.990e-29
 206.922396     -0.206  39.039828    13.5491    -1.5995     -0.204    32.6944    24.4979 -9.990e-29
 206.922402     -0.198  39.024294    13.5453    -1.6029     -0.196    32.6832    24.4900 -9.990e-29
 206.922407     -0.186  39.085564    13.5523    -1.6031     -0.184    32.7344    24.5281 -9.990e-29
 206.922413     -0.172  39.140167    13.5680    -1.6009     -0.171    32.7718    24.5539 -9.990e-29
 206.922419     -0.160  39.117024    13.5749    -1.6006     -0.159    32.7443    24.5313 -9.990e-29
 206.922425     -0.149  39.050310    13.5616    -1.6005     -0.148    32.6935    24.4946 -9.990e-29
 206.922431     -0.138  39.041012    13.5416    -1.5998     -0.137    32.7019    24.5052 -9.990e-29
 206.922436     -0.126  39.107042    13.5331    -1.6004     -0.125    32.7709    24.5602 -9.990e-29
 206.922442     -0.118  39.173511    13.5336    -1.6010     -0.117    32.8325    24.6078 -9.990e-29
 206.922448     -0.113  39.199723    13.5250    -1.6015     -0.112    32.8644    24.6341 -9.990e-29
 206.922454     -0.105  39.184281    13.5066    -1.5999     -0.104    32.8658    24.6389 -9.990e-29
 206.922459     -0.099  39.121783    13.4955    -1.5996     -0.098    32.8169    24.6034 -9.990e-29
 206.922465     -0.095  39.046577    13.4932    -1.5995     -0.094    32.7486    24.5510 -9.990e-29
 206.922471     -0.087  39.036552    13.4962    -1.6012     -0.086    32.7366    24.5412 -9.990e-29
 206.922477     -0.080  39.098565    13.5072    -1.6030     -0.079    32.7852    24.5765 -9.990e-29
 206.922483     -0.078  39.150697    13.5192    -1.6012     -0.077    32.8236    24.6037 -9.990e-29
 206.922488     -0.079  39.157786    13.5231    -1.6010     -0.078    32.8268    24.6055 -9.990e-29
 206.922494     -0.081  39.141669    13.5207    -1.6010     -0.080    32.8138    24.5959 -9.990e-29
 206.922500     -0.079  39.115649    13.5182    -1.6016     -0.078    32.7917    24.5793 -9.990e-29
 206.922506     -0.072  39.093825    13.5174    -1.6021     -0.071    32.7720    24.5642 -9.990e-29
 206.922512     -0.061  39.104286    13.5193    -1.6018     -0.060    32.7801    24.5701 -9.990e-29
 206.922517     -0.049  39.148721    13.5244    -1.6021     -0.049    32.8172    24.5978 -9.990e-29
