data/oxygen options/ONMS/Olympic_Coast_National_Marine_Sanctuary_CTD_Data_2005_2023/raw_data/2017/CAST_MB015_170526faed.cnv
* Sea-Bird SBE19 Data File:
* FileName = C:\2017 Mooring Data\Casts\CAST_MB015_170526.hex
* Software Version 1.59
* Temperature SN = 2997
* Conductivity SN = 2997
* System UpLoad Time = May 26 2017 18:38:08
** CAST_MB015_170526
* ds
# nquan = 9                                 
# nvalues = 857                         
# units = specified
# name 0 = timeJ: Julian Days
# name 1 = prSM: Pressure, Strain Gauge [db]
# name 2 = c0mS/cm: Conductivity [mS/cm]
# name 3 = t090C: Temperature [ITS-90, deg C]
# name 4 = sbeox0ML/L: Oxygen, SBE 43 [ml/l]
# name 5 = depSM: Depth [salt water, m], lat = 47.5
# name 6 = sal00: Salinity, Practical [PSU]
# name 7 = sigma-é00: Density [sigma-theta, kg/m^3]
# name 8 = flag: flag
# span 0 = 146.768229, 146.773183       
# span 1 =     -5.533,     13.299       
# span 2 =   0.013845,  38.469228       
# span 3 =     9.1514,    15.8225       
# span 4 =    -1.9098,    15.6502       
# span 5 =     -5.487,     13.188       
# span 6 =     0.0133,    33.7245       
# span 7 =    -1.0166,    25.6429       
# span 8 = 0.0000e+00, 0.0000e+00       
# interval = seconds: 0.5
# start_time = May 26 2017 18:26:15 [Instrument's time stamp, header]
# bad_flag = -9.990e-29
*END*
[from data line 481]
 146.771013      0.411  36.976774    11.2922    -1.6807      0.408    32.6840    24.9204 -9.990e-29
 146.771019      0.386  36.926215    11.2740    -1.6818      0.383    32.6504    24.8976 -9.990e-29
 146.771024      0.368  36.952272    11.2589    -1.6821      0.365    32.6895    24.9306 -9.990e-29
 146.771030      0.354  37.047338    11.2506    -1.6828      0.351    32.7904    25.0107 -9.990e-29
 146.771036      0.336  37.103298    11.2469    -1.6817      0.333    32.8489    25.0568 -9.990e-29
 146.771042      0.319  37.086498    11.2462    -1.6787      0.316    32.8330    25.0445 -9.990e-29
 146.771047      0.306  37.020158    11.2414    -1.6772      0.303    32.7719    24.9979 -9.990e-29
 146.771053      0.296  36.936450    11.2278    -1.6792      0.294    32.7015    24.9456 -9.990e-29
 146.771059      0.288  36.898987    11.2119    -1.6808      0.286    32.6787    24.9307 -9.990e-29
 146.771065      0.282  36.907908    11.1992    -1.6797      0.280    32.6988    24.9486 -9.990e-29
 146.771071      0.278  36.917607    11.1902    -1.6793      0.276    32.7164    24.9639 -9.990e-29
 146.771076      0.274  36.905367    11.1887    -1.6816      0.272    32.7056    24.9558 -9.990e-29
 146.771082      0.272  36.876936    11.1992    -1.6816      0.270    32.6683    24.9248 -9.990e-29
 146.771088      0.270  36.845053    11.2133    -1.6832      0.268    32.6244    24.8882 -9.990e-29
 146.771094      0.268  36.826259    11.2205    -1.6818      0.266    32.5995    24.8675 -9.990e-29
 146.771100      0.268  36.872477    11.2263    -1.6800      0.266    32.6399    24.8979 -9.990e-29
 146.771105      0.267  36.980555    11.2353    -1.6806      0.265    32.7383    24.9729 -9.990e-29
 146.771111      0.268  37.032577    11.2361    -1.6804      0.266    32.7889    25.0120 -9.990e-29
 146.771117      0.268  36.974848    11.2154    -1.6796      0.266    32.7504    24.9858 -9.990e-29
 146.771123      0.269  36.917769    11.1808    -1.6796      0.267    32.7249    24.9722 -9.990e-29
 146.771128      0.271  36.953552    11.1535    -1.6790      0.269    32.7845    25.0234 -9.990e-29
 146.771134      0.274  37.012453    11.1445    -1.6801      0.272    32.8507    25.0765 -9.990e-29
 146.771140      0.277  37.014645    11.1493    -1.6841      0.275    32.8486    25.0740 -9.990e-29
 146.771146      0.281  36.973911    11.1554    -1.6811      0.279    32.8029    25.0374 -9.990e-29
 146.771152      0.287  36.938693    11.1548    -1.6808      0.285    32.7687    25.0108 -9.990e-29
 146.771157      0.290  36.964231    11.1487    -1.6822      0.288    32.7993    25.0358 -9.990e-29
 146.771163      0.287  37.029325    11.1417    -1.6829      0.285    32.8698    25.0919 -9.990e-29
 146.771169      0.281  37.078102    11.1383    -1.6840      0.279    32.9211    25.1323 -9.990e-29
 146.771175      0.276  37.119224    11.1418    -1.6816      0.274    32.9586    25.1609 -9.990e-29
 146.771181      0.273  37.155627    11.1508    -1.6817      0.271    32.9865    25.1810 -9.990e-29
 146.771186      0.270  37.162104    11.1580    -1.6831      0.268    32.9864    25.1797 -9.990e-29
 146.771192      0.268  37.120053    11.1576    -1.6842      0.266    32.9452    25.1477 -9.990e-29
 146.771198      0.266  37.019014    11.1512    -1.6853      0.264    32.8512    25.0757 -9.990e-29
 146.771204      0.265  36.938520    11.1481    -1.6837      0.263    32.7745    25.0166 -9.990e-29
 146.771209      0.264  36.954682    11.1552    -1.6827      0.262    32.7841    25.0228 -9.990e-29
 146.771215      0.263  36.968805    11.1640    -1.6829      0.261    32.7902    25.0260 -9.990e-29
 146.771221      0.263  36.904685    11.1625    -1.6827      0.261    32.7283    24.9780 -9.990e-29
 146.771227      0.263  36.827768    11.1523    -1.6830      0.261    32.6614    24.9279 -9.990e-29
 146.771233      0.263  36.820608    11.1440    -1.6821      0.261    32.6617    24.9296 -9.990e-29
 146.771238      0.263  36.878355    11.1424    -1.6821      0.261    32.7201    24.9753 -9.990e-29
 146.771244      0.263  36.899493    11.1404    -1.6831      0.261    32.7428    24.9933 -9.990e-29
 146.771250      0.263  36.844630    11.1332    -1.6857      0.261    32.6950    24.9574 -9.990e-29
 146.771256      0.264  36.778657    11.1238    -1.6871      0.262    32.6383    24.9149 -9.990e-29
 146.771262      0.265  36.770140    11.1165    -1.6855      0.263    32.6363    24.9147 -9.990e-29
 146.771267      0.266  36.829786    11.1137    -1.6848      0.264    32.6977    24.9630 -9.990e-29
 146.771273      0.268  36.899518    11.1153    -1.6840      0.266    32.7652    25.0152 -9.990e-29
 146.771279      0.270  36.934145    11.1194    -1.6857      0.268    32.7957    25.0382 -9.990e-29
 146.771285      0.273  36.940835    11.1247    -1.6865      0.271    32.7976    25.0387 -9.990e-29
 146.771291      0.277  36.941049    11.1319    -1.6871      0.275    32.7914    25.0326 -9.990e-29
 146.771296      0.281  36.937535    11.1392    -1.6852      0.279    32.7814    25.0236 -9.990e-29
 146.771302      0.288  36.895569    11.1375    -1.6841      0.286    32.7415    24.9928 -9.990e-29
 146.771308      0.296  36.791351    11.1227    -1.6838      0.294    32.6518    24.9256 -9.990e-29
 146.771314      0.306  36.678303    11.1071    -1.6838      0.303    32.5540    24.8523 -9.990e-29
 146.771319      0.319  36.650169    11.1027    -1.6856      0.316    32.5301    24.8345 -9.990e-29
 146.771325      0.331  36.707182    11.1083    -1.6873      0.328    32.5814    24.8735 -9.990e-29
 146.771331      0.335  36.760871    11.1187    -1.6877      0.332    32.6252    24.9057 -9.990e-29
 146.771337      0.332  36.749703    11.1276    -1.6865      0.329    32.6063    24.8894 -9.990e-29
 146.771343      0.328  36.675812    11.1307    -1.6863      0.325    32.5306    24.8300 -9.990e-29
 146.771348      0.329  36.603354    11.1312    -1.6859      0.326    32.4587    24.7740 -9.990e-29
 146.771354      0.330  36.600077    11.1337    -1.6872      0.327    32.4533    24.7693 -9.990e-29
 146.771360      0.327  36.662387    11.1388    11.7245      0.324    32.5102    24.8127 -9.990e-29
 146.771366      0.324  36.723447    11.1432    15.4904      0.321    32.5666    24.8557 -9.990e-29
 146.771372      0.325  36.736042    11.1424    15.6502      0.322    32.5797    24.8661 -9.990e-29
 146.771377      0.331  36.693094    11.1361    12.6505      0.328    32.5429    24.8386 -9.990e-29
 146.771383      0.340  36.608701    11.1278     6.4190      0.337    32.4670    24.7810 -9.990e-29
 146.771389      0.355  36.534687    11.1211     6.3971      0.352    32.3999    24.7300 -9.990e-29
 146.771395      0.372  36.522151    11.1194     6.6056      0.369    32.3890    24.7218 -9.990e-29
 146.771400      0.383  36.556830    11.1227     6.6606      0.380    32.4203    24.7456 -9.990e-29
 146.771406      0.384  36.579864    11.1262     6.6352      0.381    32.4399    24.7602 -9.990e-29
 146.771412      0.381  36.551598    11.1238     6.5945      0.378    32.4142    24.7406 -9.990e-29
 146.771418      0.381  36.470972    11.1052     6.5687      0.378    32.3510    24.6948 -9.990e-29
 146.771424      0.389  36.364580    11.0663     6.5487      0.386    32.2803    24.6466 -9.990e-29
 146.771429      0.400  36.271147    11.0271     6.5326      0.397    32.2224    24.6086 -9.990e-29
 146.771435      0.408  36.222586    11.0089     6.5190      0.405    32.1904    24.5869 -9.990e-29
 146.771441      0.408  36.217086    11.0076     6.5014      0.405    32.1861    24.5837 -9.990e-29
 146.771447      0.400  36.229033    11.0112     6.4890      0.397    32.1948    24.5898 -9.990e-29
 146.771453      0.388  36.237041    11.0141     6.4890      0.385    32.2001    24.5935 -9.990e-29
 146.771458      0.380  36.237998    11.0159     6.4912      0.377    32.1995    24.5927 -9.990e-29
 146.771464      0.380  36.240676    11.0138     6.4887      0.377    32.2040    24.5966 -9.990e-29
 146.771470      0.388  36.241580    11.0066     6.4829      0.385    32.2112    24.6034 -9.990e-29
 146.771476      0.403  36.235406    11.0020     6.4760      0.400    32.2091    24.6026 -9.990e-29
 146.771481      0.424  36.230940    11.0032     6.4688      0.420    32.2037    24.5982 -9.990e-29
 146.771487      0.442  36.231960    11.0080     6.4493      0.438    32.2004    24.5948 -9.990e-29
 146.771493      0.454  36.237796    11.0151     6.4323      0.450    32.2000    24.5932 -9.990e-29
 146.771499      0.462  36.253643    11.0233     6.4182      0.458    32.2084    24.5983 -9.990e-29
 146.771505      0.466  36.270037    11.0325     6.3949      0.462    32.2166    24.6030 -9.990e-29
 146.771510      0.465  36.270966    11.0409     6.3774      0.461    32.2101    24.5965 -9.990e-29
 146.771516      0.461  36.254522    11.0455     6.3525      0.457    32.1898    24.5800 -9.990e-29
 146.771522      0.456  36.228680    11.0436     6.3546      0.452    32.1660    24.5618 -9.990e-29
 146.771528      0.455  36.211848    11.0324     6.3503      0.451    32.1592    24.5584 -9.990e-29
 146.771534      0.454  36.201959    11.0119     6.3517      0.450    32.1674    24.5684 -9.990e-29
 146.771539      0.452  36.182680    10.9881     6.3583      0.448    32.1692    24.5740 -9.990e-29
 146.771545      0.454  36.161001    10.9715     6.3488      0.450    32.1623    24.5716 -9.990e-29
 146.771551      0.455  36.149672    10.9680     6.3495      0.451    32.1542    24.5658 -9.990e-29
 146.771557      0.456  36.148915    10.9750     6.3445      0.452    32.1473    24.5593 -9.990e-29
 146.771562      0.461  36.148972    10.9802     6.3269      0.457    32.1428    24.5548 -9.990e-29
 146.771568      0.466  36.147890    10.9691     6.3277      0.462    32.1515    24.5635 -9.990e-29
 146.771574      0.466  36.142759    10.9437     6.3324      0.462    32.1686    24.5813 -9.990e-29
 146.771580      0.467  36.133114    10.9190     6.3555      0.463    32.1808    24.5951 -9.990e-29
 146.771586      0.473  36.123668    10.8990     6.3681      0.469    32.1890    24.6050 -9.990e-29
 146.771591      0.479  36.104274    10.8824     6.3669      0.475    32.1843    24.6043 -9.990e-29
 146.771597      0.483  36.087364    10.8784     6.3574      0.479    32.1711    24.5947 -9.990e-29
 146.771603      0.483  36.098763    10.8903     6.3382      0.479    32.1719    24.5932 -9.990e-29
 146.771609      0.480  36.123637    10.9069     6.3310      0.476    32.1820    24.5982 -9.990e-29
 146.771615      0.474  36.139358    10.9143     6.3311      0.470    32.1911    24.6039 -9.990e-29
 146.771620      0.465  36.143022    10.9053     6.3371      0.461    32.2026    24.6145 -9.990e-29
 146.771626      0.452  36.128530    10.8810     6.3497      0.448    32.2096    24.6242 -9.990e-29
 146.771632      0.438  36.107017    10.8547     6.3465      0.434    32.2114    24.6302 -9.990e-29
 146.771638      0.427  36.101531    10.8463     6.3554      0.423    32.2134    24.6332 -9.990e-29
 146.771644      0.418  36.110005    10.8551     6.3610      0.415    32.2140    24.6321 -9.990e-29
 146.771649      0.414  36.122105    10.8633     6.3765      0.411    32.2188    24.6344 -9.990e-29
 146.771655      0.421  36.128973    10.8622     6.3712      0.417    32.2266    24.6407 -9.990e-29
 146.771661      0.433  36.125983    10.8554     6.3585      0.429    32.2296    24.6442 -9.990e-29
 146.771667      0.444  36.116642    10.8518     6.3441      0.440    32.2235    24.6401 -9.990e-29
 146.771672      0.449  36.109990    10.8602     6.3204      0.445    32.2095    24.6277 -9.990e-29
 146.771678      0.449  36.114725    10.8830     6.3127      0.445    32.1942    24.6118 -9.990e-29
 146.771684      0.444  36.125613    10.9079     6.3202      0.440    32.1831    24.5989 -9.990e-29
 146.771690      0.438  36.136104    10.9146     6.3305      0.434    32.1876    24.6012 -9.990e-29
 146.771696      0.439  36.138002    10.8996     6.3629      0.435    32.2027    24.6155 -9.990e-29
 146.771701      0.447  36.121738    10.8776     6.3798      0.443    32.2059    24.6219 -9.990e-29
 146.771707      0.454  36.100560    10.8635     6.3919      0.450    32.1973    24.6176 -9.990e-29
 146.771713      0.456  36.095159    10.8627     6.4015      0.452    32.1926    24.6141 -9.990e-29
 146.771719      0.458  36.101900    10.8716     6.4073      0.454    32.1915    24.6117 -9.990e-29
 146.771725      0.464  36.108701    10.8852     6.4209      0.460    32.1863    24.6053 -9.990e-29
 146.771730      0.470  36.118089    10.9024     6.4218      0.466    32.1805    24.5978 -9.990e-29
 146.771736      0.473  36.132617    10.9239     6.4143      0.469    32.1760    24.5905 -9.990e-29
 146.771742      0.472  36.149351    10.9452     6.3886      0.468    32.1738    24.5851 -9.990e-29
 146.771748      0.471  36.166610    10.9551     6.3750      0.467    32.1822    24.5899 -9.990e-29
 146.771753      0.476  36.175544    10.9515     6.3679      0.472    32.1942    24.5999 -9.990e-29
 146.771759      0.481  36.171861    10.9453     6.3843      0.477    32.1960    24.6024 -9.990e-29
 146.771765      0.483  36.165802    10.9421     6.4018      0.479    32.1928    24.6005 -9.990e-29
 146.771771      0.483  36.161079    10.9399     6.3835      0.479    32.1901    24.5987 -9.990e-29
 146.771777      0.479  36.155342    10.9363     6.3622      0.475    32.1876    24.5974 -9.990e-29
 146.771782      0.473  36.144334    10.9299     6.3226      0.469    32.1823    24.5944 -9.990e-29
 146.771788      0.467  36.129089    10.9238     6.2881      0.463    32.1726    24.5879 -9.990e-29
 146.771794      0.465  36.124031    10.9234     6.2711      0.461    32.1679    24.5843 -9.990e-29
 146.771800      0.464  36.131406    10.9295     6.2636      0.460    32.1699    24.5848 -9.990e-29
 146.771806      0.459  36.140358    10.9330     6.2769      0.455    32.1757    24.5887 -9.990e-29
 146.771811      0.453  36.142135    10.9160     6.3088      0.449    32.1923    24.6046 -9.990e-29
 146.771817      0.456  36.122902    10.8813     6.3295      0.452    32.2038    24.6196 -9.990e-29
 146.771823      0.466  36.091208    10.8609     6.3645      0.462    32.1903    24.6126 -9.990e-29
 146.771829      0.477  36.076498    10.8626     6.4011      0.473    32.1742    24.5998 -9.990e-29
 146.771834      0.485  36.078781    10.8668     6.4268      0.481    32.1728    24.5980 -9.990e-29
 146.771840      0.490  36.086008    10.8711     6.4434      0.486    32.1762    24.5999 -9.990e-29
 146.771846      0.492  36.097211    10.8843     6.4488      0.488    32.1757    24.5972 -9.990e-29
 146.771852      0.492  36.112801    10.9063     6.4400      0.488    32.1718    24.5903 -9.990e-29
 146.771858      0.490  36.133436    10.9248     6.4294      0.486    32.1760    24.5904 -9.990e-29
 146.771863      0.490  36.152504    10.9344     6.4229      0.486    32.1864    24.5968 -9.990e-29
 146.771869      0.495  36.165788    10.9439     6.4262      0.491    32.1912    24.5989 -9.990e-29
 146.771875      0.503  36.179276    10.9534     6.4282      0.499    32.1962    24.6011 -9.990e-29
 146.771881      0.508  36.187462    10.9603     6.4329      0.504    32.1983    24.6015 -9.990e-29
 146.771887      0.513  36.188417    10.9691     6.4502      0.509    32.1915    24.5947 -9.990e-29
 146.771892      0.517  36.191286    10.9797     6.4733      0.513    32.1850    24.5878 -9.990e-29
 146.771898      0.519  36.196567    10.9893     6.5051      0.515    32.1818    24.5836 -9.990e-29
 146.771904      0.521  36.201814    10.9974     6.5206      0.517    32.1799    24.5807 -9.990e-29
 146.771910      0.523  36.204539    11.0038     6.5150      0.519    32.1770    24.5773 -9.990e-29
 146.771916      0.524  36.205046    11.0101     6.5186      0.520    32.1720    24.5723 -9.990e-29
 146.771921      0.525  36.207966    11.0226     6.5342      0.521    32.1639    24.5638 -9.990e-29
 146.771927      0.526  36.216666    11.0499     6.5424      0.522    32.1486    24.5471 -9.990e-29
