data/oxygen options/ONMS/Olympic_Coast_National_Marine_Sanctuary_CTD_Data_2005_2023/raw_data/2017/CAST_CE042_170630faed.cnv
* Sea-Bird SBE19 Data File:
* FileName = C:\2017 Mooring Data\Casts\CAST_CE042_170630.hex
* Software Version 1.59
* Temperature SN = 2997
* Conductivity SN = 2997
* System UpLoad Time = Jun 30 2017 16:35:31
** CAST_CE042_170630
* ds
# nquan = 9                                 
# nvalues = 1384                        
# units = specified
# name 0 = timeJ: Julian Days
# name 1 = prSM: Pressure, Strain Gauge [db]
# name 2 = c0mS/cm: Conductivity [mS/cm]
# name 3 = t090C: Temperature [ITS-90, deg C]
# name 4 = sbeox0ML/L: Oxygen, SBE 43 [ml/l]
# name 5 = depSM: Depth [salt water, m], lat = 47.5
# name 6 = sal00: Salinity, Practical [PSU]
# name 7 = sigma-é00: Density [sigma-theta, kg/m^3]
# name 8 = flag: flag
# span 0 = 181.623102, 181.631105       
# span 1 =     -5.549,     42.996       
# span 2 =   0.002509,  37.882824       
# span 3 =     7.9847,    13.8257       
# span 4 =    -2.0126,    16.4623       
# span 5 =     -5.503,     42.633       
# span 6 =     0.0071,    33.7433       
# span 7 =    -0.5770,    26.2882       
# span 8 = 0.0000e+00, 0.0000e+00       
# interval = seconds: 0.5
# start_time = Jun 30 2017 14:57:16 [Instrument's time stamp, header]
# bad_flag = -9.990e-29
*END*
[from data line 161]
 181.624034     -2.180   0.003050    12.4476    -2.0084     -2.162     0.0073    -0.5474 -9.990e-29
 181.624039     -2.169   0.003050    12.4452    -2.0083     -2.151     0.0073    -0.5471 -9.990e-29
 181.624045     -2.159   0.003051    12.4428    -2.0082     -2.141     0.0073    -0.5468 -9.990e-29
 181.624051     -2.148   0.003051    12.4410    -2.0083     -2.130     0.0073    -0.5466 -9.990e-29
 181.624057     -2.137   0.003051    12.4397    -2.0082     -2.119     0.0073    -0.5465 -9.990e-29
 181.624063     -2.123   0.003052    12.4390    -2.0081     -2.105     0.0073    -0.5464 -9.990e-29
 181.624068     -2.107   0.003052    12.4395    -2.0080     -2.089     0.0073    -0.5464 -9.990e-29
 181.624074     -2.091   0.003053    12.4413    -2.0080     -2.074     0.0073    -0.5467 -9.990e-29
 181.624080     -2.079   0.003053    12.4444    -2.0080     -2.062     0.0073    -0.5470 -9.990e-29
 181.624086     -2.066   0.003053    12.4483    -2.0080     -2.049     0.0073    -0.5475 -9.990e-29
 181.624091     -2.047   0.003054    12.4516    -2.0079     -2.030     0.0073    -0.5479 -9.990e-29
 181.624097     -2.025   0.003054    12.4535    -2.0079     -2.008     0.0073    -0.5481 -9.990e-29
 181.624103     -2.006   0.003055    12.4545    -2.0079     -1.989     0.0073    -0.5482 -9.990e-29
 181.624109     -1.995   0.003055    12.4556    -2.0080     -1.978     0.0073    -0.5484 -9.990e-29
 181.624115     -1.986   0.003055    12.4572    -2.0082     -1.969     0.0073    -0.5486 -9.990e-29
 181.624120     -1.974   0.003056    12.4589    -2.0081     -1.958     0.0073    -0.5488 -9.990e-29
 181.624126     -1.962   0.003056    12.4597    -2.0078     -1.946     0.0073    -0.5489 -9.990e-29
 181.624132     -1.955   0.003057    12.4599    -2.0078     -1.939     0.0073    -0.5489 -9.990e-29
 181.624138     -1.952   0.003057    12.4602    -2.0079     -1.936     0.0073    -0.5489 -9.990e-29
 181.624144     -1.948   0.003057    12.4608    -2.0080     -1.932     0.0073    -0.5490 -9.990e-29
 181.624149     -1.939   0.003058    12.4612    -2.0080     -1.923     0.0073    -0.5490 -9.990e-29
 181.624155     -1.928   0.003058    12.4608    -2.0079     -1.912     0.0073    -0.5490 -9.990e-29
 181.624161     -1.919   0.003059    12.4596    -2.0078     -1.903     0.0073    -0.5488 -9.990e-29
 181.624167     -1.912   0.003059    12.4587    -2.0078     -1.896     0.0073    -0.5487 -9.990e-29
 181.624172     -1.906   0.003059    12.4596    -2.0078     -1.890     0.0073    -0.5488 -9.990e-29
 181.624178     -1.901   0.003060    12.4615    -2.0077     -1.885     0.0073    -0.5491 -9.990e-29
 181.624184     -1.896   0.003060    12.4623    -2.0078     -1.880     0.0073    -0.5492 -9.990e-29
 181.624190     -1.892   0.003061    12.4616    -2.0078     -1.876     0.0073    -0.5491 -9.990e-29
 181.624196     -1.887   0.003061    12.4610    -2.0076     -1.871     0.0073    -0.5490 -9.990e-29
 181.624201     -1.881   0.003061    12.4613    -2.0076     -1.865     0.0073    -0.5490 -9.990e-29
 181.624207     -1.875   0.003062    12.4626    -2.0075     -1.859     0.0073    -0.5492 -9.990e-29
 181.624213     -1.867   0.003062    12.4640    -2.0076     -1.851     0.0073    -0.5494 -9.990e-29
 181.624219     -1.858   0.003063    12.4648    -2.0076     -1.843     0.0073    -0.5495 -9.990e-29
 181.624225     -1.846   0.003063    12.4653    -2.0078     -1.831     0.0073    -0.5495 -9.990e-29
 181.624230     -1.831   0.003063    12.4658    -2.0078     -1.816     0.0073    -0.5496 -9.990e-29
 181.624236     -1.813   0.003064    12.4664    -2.0078     -1.798     0.0073    -0.5497 -9.990e-29
 181.624242     -1.793   0.003064    12.4674    -2.0078     -1.778     0.0073    -0.5498 -9.990e-29
 181.624248     -1.779   0.003065    12.4686    -2.0080     -1.764     0.0073    -0.5499 -9.990e-29
 181.624253     -1.771   0.003065    12.4697    -2.0079     -1.756     0.0073    -0.5500 -9.990e-29
 181.624259     -1.764   0.003065    12.4700    -2.0078     -1.749     0.0073    -0.5501 -9.990e-29
 181.624265     -1.757   0.003066    12.4691    -2.0078     -1.742     0.0073    -0.5500 -9.990e-29
 181.624271     -1.749   0.003066    12.4676    -2.0079     -1.734     0.0073    -0.5498 -9.990e-29
 181.624277     -1.741   0.003067    12.4662    -2.0079     -1.726     0.0073    -0.5496 -9.990e-29
 181.624282     -1.727   0.003067    12.4653    -2.0078     -1.713     0.0073    -0.5495 -9.990e-29
 181.624288     -1.707   0.003067    12.4648    -2.0077     -1.693     0.0073    -0.5495 -9.990e-29
 181.624294     -1.688   0.003068    12.4640    -2.0075     -1.674     0.0073    -0.5494 -9.990e-29
 181.624300     -1.673   0.003068    12.4633    -2.0075     -1.659     0.0073    -0.5493 -9.990e-29
 181.624306     -1.661   0.003069    12.4636    -2.0074     -1.647     0.0073    -0.5493 -9.990e-29
 181.624311     -1.651   0.003069    12.4643    -2.0073     -1.637     0.0073    -0.5494 -9.990e-29
 181.624317     -1.643   0.003069    12.4645    -2.0070     -1.629     0.0073    -0.5494 -9.990e-29
 181.624323     -1.636   0.003070    12.4645    -2.0070     -1.622     0.0073    -0.5494 -9.990e-29
 181.624329     -1.629   0.003070    12.4653    -2.0070     -1.615     0.0073    -0.5495 -9.990e-29
 181.624334     -1.623   0.003071    12.4670    -2.0071     -1.609     0.0073    -0.5497 -9.990e-29
 181.624340     -1.617   0.003071    12.4690    -2.0068     -1.604     0.0073    -0.5500 -9.990e-29
 181.624346     -1.609   0.003071    12.4710    -2.0066     -1.596     0.0073    -0.5502 -9.990e-29
 181.624352     -1.601   0.003072    12.4731    -2.0066     -1.588     0.0073    -0.5504 -9.990e-29
 181.624358     -1.591   0.003072    12.4755    -2.0066     -1.578     0.0073    -0.5507 -9.990e-29
 181.624363     -1.579   0.003073    12.4784    -2.0068     -1.566     0.0073    -0.5511 -9.990e-29
 181.624369     -1.569   0.003073    12.4811    -2.0069     -1.556     0.0073    -0.5514 -9.990e-29
 181.624375     -1.563   0.003074    12.4826    -2.0072     -1.550     0.0073    -0.5516 -9.990e-29
 181.624381     -1.557   0.003074    12.4834    -2.0071     -1.544     0.0073    -0.5517 -9.990e-29
 181.624387     -1.547   0.003074    12.4849    -2.0074     -1.534     0.0073    -0.5519 -9.990e-29
 181.624392     -1.537   0.003075    12.4874    -2.0076     -1.524     0.0073    -0.5522 -9.990e-29
 181.624398     -1.529   0.003075    12.4901    -2.0077     -1.516     0.0073    -0.5525 -9.990e-29
 181.624404     -1.519   0.003076    12.4916    -2.0078     -1.506     0.0073    -0.5527 -9.990e-29
 181.624410     -1.502   0.003076    12.4912    -2.0079     -1.489     0.0073    -0.5526 -9.990e-29
 181.624416     -1.482   0.003076    12.4890    -2.0079     -1.470     0.0073    -0.5524 -9.990e-29
 181.624421     -1.466   0.003077    12.4860    -2.0079     -1.454     0.0073    -0.5520 -9.990e-29
 181.624427     -1.456   0.003077    12.4828    -2.0079     -1.444     0.0073    -0.5516 -9.990e-29
 181.624433     -1.453   0.003078    12.4797    -2.0079     -1.441     0.0073    -0.5512 -9.990e-29
 181.624439     -1.451   0.003078    12.4761    -2.0080     -1.439     0.0073    -0.5508 -9.990e-29
 181.624444     -1.447   0.003078    12.4723    -2.0079     -1.435     0.0073    -0.5504 -9.990e-29
 181.624450     -1.440   0.003079    12.4694    -2.0079     -1.428     0.0073    -0.5500 -9.990e-29
 181.624456     -1.430   0.003079    12.4674    -2.0077     -1.418     0.0073    -0.5498 -9.990e-29
 181.624462     -1.420   0.003080    12.4660    -2.0076     -1.408     0.0073    -0.5496 -9.990e-29
 181.624468     -1.414   0.003080    12.4652    -2.0075     -1.402     0.0073    -0.5495 -9.990e-29
 181.624473     -1.412   0.003080    12.4649    -2.0077     -1.400     0.0073    -0.5495 -9.990e-29
 181.624479     -1.409   0.003081    12.4648    -2.0077     -1.397     0.0073    -0.5495 -9.990e-29
 181.624485     -1.400   0.003081    12.4643    -2.0077     -1.388     0.0073    -0.5494 -9.990e-29
 181.624491     -1.391   0.003082    12.4642    -2.0077     -1.379     0.0073    -0.5494 -9.990e-29
 181.624497     -1.383   0.003082    12.4651    -2.0078     -1.371     0.0073    -0.5495 -9.990e-29
 181.624502     -1.377   0.003082    12.4667    -2.0077     -1.366     0.0073    -0.5497 -9.990e-29
 181.624508     -1.372   0.003083    12.4687    -2.0077     -1.361     0.0073    -0.5499 -9.990e-29
 181.624514     -1.368   0.003083    12.4707    -2.0077     -1.357     0.0073    -0.5502 -9.990e-29
 181.624520     -1.365   0.003083    12.4716    -2.0076     -1.354     0.0073    -0.5503 -9.990e-29
 181.624525     -1.363   0.003084    12.4710    -2.0076     -1.352     0.0073    -0.5502 -9.990e-29
 181.624531     -1.361   0.003085    12.4699    -2.0073     -1.350     0.0073    -0.5501 -9.990e-29
 181.624537     -1.359   0.003085    12.4691    -2.0072     -1.348     0.0073    -0.5500 -9.990e-29
 181.624543     -1.357   0.003086    12.4687    -2.0072     -1.346     0.0073    -0.5499 -9.990e-29
 181.624549     -1.355   0.003086    12.4686    -2.0071     -1.344     0.0073    -0.5499 -9.990e-29
 181.624554     -1.353   0.003087    12.4689    -2.0069     -1.342     0.0073    -0.5499 -9.990e-29
 181.624560     -1.351   0.003087    12.4694    -2.0068     -1.340     0.0073    -0.5500 -9.990e-29
 181.624566     -1.349   0.003088    12.4702    -2.0064     -1.338     0.0073    -0.5501 -9.990e-29
 181.624572     -1.345   0.003088    12.4717    -2.0063     -1.334     0.0073    -0.5503 -9.990e-29
 181.624578     -1.342   0.003089    12.4740    -2.0062     -1.331     0.0073    -0.5505 -9.990e-29
 181.624583     -1.337   0.003089    12.4769    -2.0060     -1.326     0.0073    -0.5509 -9.990e-29
 181.624589     -1.331   0.003090    12.4795    -2.0059     -1.320     0.0073    -0.5512 -9.990e-29
 181.624595     -1.323   0.003090    12.4819    -2.0059     -1.312     0.0073    -0.5515 -9.990e-29
 181.624601     -1.313   0.003091    12.4846    -2.0057     -1.302     0.0073    -0.5518 -9.990e-29
 181.624606     -1.300   0.003091    12.4882    -2.0057     -1.289     0.0073    -0.5523 -9.990e-29
 181.624612     -1.284   0.003092    12.4927    -2.0057     -1.273     0.0073    -0.5528 -9.990e-29
 181.624618     -1.267   0.003092    12.4976    -2.0056     -1.256     0.0073    -0.5534 -9.990e-29
 181.624624     -1.253   0.003093    12.5017    -2.0057     -1.243     0.0073    -0.5539 -9.990e-29
 181.624630     -1.241   0.003093    12.5048    -2.0057     -1.231     0.0073    -0.5542 -9.990e-29
 181.624635     -1.234   0.003094    12.5075    -2.0057     -1.224     0.0073    -0.5546 -9.990e-29
 181.624641     -1.233   0.003094    12.5097    -2.0059     -1.223     0.0073    -0.5548 -9.990e-29
 181.624647     -1.228   0.003095    12.5117    -2.0061     -1.218     0.0073    -0.5551 -9.990e-29
 181.624653     -1.219   0.003095    12.5136    -2.0061     -1.209     0.0073    -0.5553 -9.990e-29
 181.624659     -1.209   0.003096    12.5149    -2.0062     -1.199     0.0073    -0.5555 -9.990e-29
 181.624664     -1.199   0.003096    12.5154    -2.0061     -1.189     0.0073    -0.5555 -9.990e-29
 181.624670     -1.192   0.003097    12.5155    -2.0060     -1.182     0.0073    -0.5555 -9.990e-29
 181.624676     -1.187   0.003097    12.5153    -2.0059     -1.177     0.0073    -0.5555 -9.990e-29
 181.624682     -1.180   0.003098    12.5147    -2.0059     -1.170     0.0073    -0.5554 -9.990e-29
 181.624687     -1.175   0.003098    12.5131    -2.0059     -1.165     0.0073    -0.5552 -9.990e-29
 181.624693     -1.171   0.003099    12.5105    -2.0058     -1.161     0.0073    -0.5549 -9.990e-29
 181.624699     -1.163   0.003099    12.5080    -2.0055     -1.153     0.0073    -0.5546 -9.990e-29
 181.624705     -1.156   0.003100    12.5064    -2.0052     -1.146     0.0073    -0.5544 -9.990e-29
 181.624711     -1.154   0.003100    12.5059    -2.0052     -1.144     0.0073    -0.5544 -9.990e-29
 181.624716     -1.156   0.003101    12.5064    -2.0055     -1.146     0.0073    -0.5544 -9.990e-29
 181.624722     -1.162   0.003101    12.5078    -2.0059     -1.152     0.0073    -0.5546 -9.990e-29
 181.624728     -1.169   0.003102    12.5094    -2.0061     -1.159     0.0073    -0.5548 -9.990e-29
 181.624734     -1.168   0.003102    12.5109    -2.0059     -1.158     0.0073    -0.5550 -9.990e-29
 181.624740     -1.159   0.003103    12.5127    -2.0055     -1.149     0.0073    -0.5552 -9.990e-29
 181.624745     -1.151   0.003103    12.5156    -2.0054     -1.141     0.0073    -0.5555 -9.990e-29
 181.624751     -1.147   0.003104    12.5194    -2.0052     -1.137     0.0073    -0.5560 -9.990e-29
 181.624757     -1.146   0.003104    12.5222    -2.0051     -1.136     0.0073    -0.5563 -9.990e-29
 181.624763     -1.145   0.003105    12.5220    -2.0052     -1.135     0.0073    -0.5563 -9.990e-29
 181.624769     -1.139   0.003105    12.5186    -2.0049     -1.129     0.0073    -0.5559 -9.990e-29
 181.624774     -1.132   0.003106    12.5141    -2.0047     -1.123     0.0073    -0.5554 -9.990e-29
 181.624780     -1.128   0.003106    12.5120    -2.0044     -1.119     0.0073    -0.5551 -9.990e-29
 181.624786     -1.127   0.003107    12.5138    -2.0046     -1.118     0.0073    -0.5553 -9.990e-29
 181.624792     -1.128   0.003107    12.5178    -2.0049     -1.119     0.0073    -0.5558 -9.990e-29
 181.624797     -1.128   0.003108    12.5221    -2.0052     -1.119     0.0073    -0.5563 -9.990e-29
 181.624803     -1.122   0.003108    12.5257    -2.0054     -1.113     0.0073    -0.5568 -9.990e-29
 181.624809     -1.114   0.003109    12.5281    -2.0054     -1.105     0.0073    -0.5570 -9.990e-29
 181.624815     -1.107   0.003109    12.5302    -2.0054     -1.098     0.0073    -0.5573 -9.990e-29
 181.624821     -1.102   0.003110    12.5331    -2.0052     -1.093     0.0073    -0.5576 -9.990e-29
 181.624826     -1.097   0.003110    12.5364    -2.0051     -1.088     0.0073    -0.5580 -9.990e-29
 181.624832     -1.093   0.003111    12.5383    -2.0049     -1.084     0.0073    -0.5583 -9.990e-29
 181.624838     -1.090   0.003111    12.5369    -2.0047     -1.081     0.0073    -0.5581 -9.990e-29
 181.624844     -1.087   0.003112    12.5326    -2.0043     -1.078     0.0073    -0.5576 -9.990e-29
 181.624850     -1.083   0.003112    12.5279    -2.0042     -1.074     0.0073    -0.5570 -9.990e-29
 181.624855     -1.080   0.003113    12.5246    -2.0043     -1.071     0.0073    -0.5566 -9.990e-29
 181.624861     -1.075   0.003113    12.5236    -2.0042     -1.066     0.0073    -0.5565 -9.990e-29
 181.624867     -1.071   0.003114    12.5247    -2.0041     -1.062     0.0073    -0.5566 -9.990e-29
 181.624873     -1.065   0.003114    12.5272    -2.0043     -1.056     0.0073    -0.5569 -9.990e-29
 181.624878     -1.057   0.003115    12.5304    -2.0042     -1.048     0.0073    -0.5573 -9.990e-29
 181.624884     -1.048   0.003115    12.5343    -2.0043     -1.039     0.0073    -0.5578 -9.990e-29
 181.624890     -1.036   0.003116    12.5390    -2.0042     -1.027     0.0073    -0.5584 -9.990e-29
 181.624896     -1.026   0.003116    12.5434    -2.0043     -1.017     0.0073    -0.5589 -9.990e-29
 181.624902     -1.020   0.003117    12.5461    -2.0043     -1.011     0.0073    -0.5592 -9.990e-29
 181.624907     -1.014   0.003117    12.5472    -2.0045     -1.006     0.0073    -0.5593 -9.990e-29
 181.624913     -1.007   0.003118    12.5479    -2.0044     -0.999     0.0073    -0.5594 -9.990e-29
 181.624919     -1.005   0.003118    12.5483    -2.0045     -0.997     0.0073    -0.5595 -9.990e-29
 181.624925     -0.996   0.003119    12.5483    -2.0047     -0.988     0.0073    -0.5595 -9.990e-29
 181.624931     -0.978   0.003119    12.5485    -2.0048     -0.970     0.0073    -0.5595 -9.990e-29
 181.624936     -0.957   0.003120    12.5489    -2.0049     -0.949     0.0073    -0.5595 -9.990e-29
 181.624942     -0.937   0.003120    12.5489    -2.0049     -0.929     0.0073    -0.5595 -9.990e-29
 181.624948     -0.919   0.003121    12.5482    -2.0049     -0.911     0.0073    -0.5595 -9.990e-29
