data/oxygen options/ONMS/Olympic_Coast_National_Marine_Sanctuary_CTD_Data_2005_2023/raw_data/2017/CAST_TH015_170528faed.cnv
* Sea-Bird SBE19 Data File:
* FileName = C:\2017 Mooring Data\Casts\CAST_TH015_170528.hex
* Software Version 1.59
* Temperature SN = 2997
* Conductivity SN = 2997
* System UpLoad Time = May 28 2017 15:31:29
** CAST_TH015_170528
* ds
# nquan = 9                                 
# nvalues = 855                         
# units = specified
# name 0 = timeJ: Julian Days
# name 1 = prSM: Pressure, Strain Gauge [db]
# name 2 = c0mS/cm: Conductivity [mS/cm]
# name 3 = t090C: Temperature [ITS-90, deg C]
# name 4 = sbeox0ML/L: Oxygen, SBE 43 [ml/l]
# name 5 = depSM: Depth [salt water, m], lat = 47.5
# name 6 = sal00: Salinity, Practical [PSU]
# name 7 = sigma-é00: Density [sigma-theta, kg/m^3]
# name 8 = flag: flag
# span 0 = 148.632292, 148.637234       
# span 1 =     -5.382,     14.250       
# span 2 =   0.013302,  36.430123       
# span 3 =     8.9391,    10.6589       
# span 4 =   -14.2747,    15.1007       
# span 5 =     -5.337,     14.131       
# span 6 =     0.0117,    33.3202       
# span 7 =    -0.3119,    25.8126       
# span 8 = 0.0000e+00, 0.0000e+00       
# interval = seconds: 0.5
# start_time = May 28 2017 15:10:30 [Instrument's time stamp, header]
# bad_flag = -9.990e-29
*END*
[from data line 641]
 148.636001      0.509  35.210373    10.6259     6.6337      0.505    31.5206    24.1318 -9.990e-29
 148.636007      0.518  35.230412    10.6274     6.6226      0.514    31.5392    24.1460 -9.990e-29
 148.636013      0.525  35.248600    10.6290     6.6177      0.521    31.5559    24.1588 -9.990e-29
 148.636019      0.533  35.277967    10.6311     6.6217      0.529    31.5833    24.1797 -9.990e-29
 148.636024      0.540  35.321808    10.6330     6.6300      0.535    31.6252    24.2120 -9.990e-29
 148.636030      0.549  35.343912    10.6331     6.6343      0.544    31.6471    24.2291 -9.990e-29
 148.636036      0.558  35.308767    10.6315     6.6362      0.553    31.6135    24.2032 -9.990e-29
 148.636042      0.570  35.263578    10.6306     6.6360      0.565    31.5694    24.1690 -9.990e-29
 148.636047      0.584  35.259516    10.6326     6.6433      0.579    31.5636    24.1641 -9.990e-29
 148.636053      0.601  35.283304    10.6364     6.6251      0.596    31.5840    24.1793 -9.990e-29
 148.636059      0.623  35.313999    10.6399     6.6285      0.618    31.6114    24.2001 -9.990e-29
 148.636065      0.651  35.356665    10.6422     6.6264      0.646    31.6518    24.2312 -9.990e-29
 148.636071      0.687  35.399285    10.6437     6.6229      0.681    31.6929    24.2629 -9.990e-29
 148.636076      0.733  35.417462    10.6458     6.6103      0.727    31.7091    24.2752 -9.990e-29
 148.636082      0.792  35.433732    10.6499     6.5819      0.785    31.7217    24.2843 -9.990e-29
 148.636088      0.867  35.472008    10.6550     6.5571      0.860    31.7553    24.3096 -9.990e-29
 148.636094      0.960  35.520581    10.6587     6.5029      0.952    31.8004    24.3440 -9.990e-29
 148.636100      1.067  35.575307    10.6589     6.4777      1.058    31.8546    24.3862 -9.990e-29
 148.636105      1.192  35.659850    10.6534     6.4441      1.182    31.9435    24.4564 0.0000e+00
 148.636111      1.337  35.821949    10.6432     6.4273      1.326    32.1138    24.5907 0.0000e+00
 148.636117      1.498  36.057041    10.6328     6.4152      1.485    32.3572    24.7821 0.0000e+00
 148.636123      1.671  36.255689    10.6238     6.3776      1.657    32.5634    24.9443 0.0000e+00
 148.636128      1.847  36.344425    10.6143     6.3510      1.832    32.6605    25.0215 0.0000e+00
 148.636134      2.025  36.367604    10.6016     6.3122      2.008    32.6950    25.0506 0.0000e+00
 148.636140      2.209  36.378515    10.5876     6.2851      2.191    32.7184    25.0712 0.0000e+00
 148.636146      2.397  36.383280    10.5766     6.2650      2.377    32.7329    25.0845 0.0000e+00
 148.636152      2.584  36.382629    10.5685     6.2436      2.562    32.7395    25.0910 0.0000e+00
 148.636157      2.769  36.382948    10.5611     6.2241      2.746    32.7464    25.0976 0.0000e+00
 148.636163      2.955  36.385760    10.5512     6.1962      2.930    32.7580    25.1084 0.0000e+00
 148.636169      3.145  36.389751    10.5366     6.1745      3.119    32.7750    25.1242 0.0000e+00
 148.636175      3.343  36.393498    10.5197     6.1670      3.315    32.7939    25.1418 0.0000e+00
 148.636181      3.548  36.398054    10.5045     6.1441      3.518    32.8121    25.1586 0.0000e+00
 148.636186      3.753  36.403867    10.4940     6.1262      3.722    32.8273    25.1722 0.0000e+00
 148.636192      3.949  36.410819    10.4890     6.1050      3.916    32.8387    25.1820 0.0000e+00
 148.636198      4.140  36.418631    10.4872     6.0832      4.105    32.8481    25.1896 0.0000e+00
 148.636204      4.333  36.425935    10.4850     6.0706      4.297    32.8573    25.1972 0.0000e+00
 148.636209      4.528  36.430123    10.4783     5.9926      4.490    32.8675    25.2062 0.0000e+00
 148.636215      4.725  36.428914    10.4642     5.9230      4.686    32.8789    25.2176 0.0000e+00
 148.636221      4.927  36.421234    10.4452     5.8677      4.886    32.8883    25.2282 0.0000e+00
 148.636227      5.131  36.409703    10.4264     5.7877      5.088    32.8936    25.2355 0.0000e+00
 148.636233      5.328  36.399647    10.4044     5.7350      5.283    32.9033    25.2469 0.0000e+00
 148.636238      5.521  36.386037    10.3711     5.6984      5.475    32.9197    25.2653 0.0000e+00
 148.636244      5.719  36.363585    10.3262     5.6162      5.671    32.9377    25.2870 0.0000e+00
 148.636250      5.922  36.332579    10.2719     5.5013      5.872    32.9557    25.3103 0.0000e+00
 148.636256      6.125  36.274055    10.2240     5.3203      6.074    32.9400    25.3062 0.0000e+00
 148.636262      6.325  36.205733    10.2012     5.0740      6.272    32.8916    25.2723 0.0000e+00
 148.636267      6.516  36.189399    10.1728     4.8813      6.462    32.9008    25.2843 0.0000e+00
 148.636273      6.702  36.195961    10.0862     4.7306      6.646    32.9862    25.3655 0.0000e+00
 148.636279      6.895  36.151808     9.9385     4.6204      6.837    33.0764    25.4605 0.0000e+00
 148.636285      7.099  36.060785     9.7781     4.5654      7.040    33.1308    25.5296 0.0000e+00
 148.636291      7.306  35.961127     9.6521     4.5167      7.245    33.1449    25.5613 0.0000e+00
 148.636296      7.507  35.882338     9.5679     4.4751      7.444    33.1417    25.5726 0.0000e+00
 148.636302      7.702  35.830772     9.5051     4.4698      7.638    33.1467    25.5867 0.0000e+00
 148.636308      7.890  35.790282     9.4516     4.4567      7.824    33.1545    25.6014 0.0000e+00
 148.636314      8.071  35.748857     9.4058     4.4239      8.003    33.1541    25.6085 0.0000e+00
 148.636319      8.252  35.710040     9.3664     4.3787      8.183    33.1505    25.6120 0.0000e+00
 148.636325      8.440  35.683098     9.3365     4.3213      8.369    33.1504    25.6167 0.0000e+00
 148.636331      8.635  35.670724     9.3170     4.2718      8.563    33.1556    25.6239 0.0000e+00
 148.636337      8.835  35.667593     9.2965     4.2584      8.761    33.1713    25.6395 0.0000e+00
 148.636343      9.041  35.656621     9.2617     4.2537      8.965    33.1922    25.6614 0.0000e+00
 148.636348      9.244  35.630997     9.2175     4.2527      9.167    33.2067    25.6798 0.0000e+00
 148.636354      9.441  35.607497     9.1786     4.2447      9.362    33.2185    25.6952 0.0000e+00
 148.636360      9.635  35.592847     9.1519     4.2182      9.554    33.2281    25.7070 0.0000e+00
 148.636366      9.825  35.581485     9.1411     4.1703      9.743    33.2263    25.7073 0.0000e+00
 148.636372     10.011  35.577275     9.1455     4.1155      9.927    33.2177    25.6999 0.0000e+00
 148.636377     10.197  35.584658     9.1498     4.0845     10.112    33.2213    25.7020 0.0000e+00
 148.636383     10.384  35.590493     9.1326     4.0632     10.297    33.2433    25.7220 0.0000e+00
 148.636389     10.577  35.574540     9.0904     4.0395     10.488    33.2661    25.7464 0.0000e+00
 148.636395     10.776  35.541272     9.0436     4.0322     10.686    33.2751    25.7609 0.0000e+00
 148.636400     10.975  35.514636     9.0110     4.0122     10.883    33.2778    25.7682 0.0000e+00
 148.636406     11.170  35.503330     8.9944     3.9928     11.076    33.2815    25.7737 0.0000e+00
 148.636412     11.362  35.500090     8.9872     3.9712     11.267    33.2848    25.7774 0.0000e+00
 148.636418     11.552  35.498891     8.9810     3.9723     11.455    33.2893    25.7818 0.0000e+00
 148.636424     11.745  35.497549     8.9719     3.9758     11.647    33.2963    25.7888 0.0000e+00
 148.636429     11.945  35.495374     8.9620     3.9773     11.845    33.3032    25.7957 0.0000e+00
 148.636435     12.147  35.492245     8.9566     3.9870     12.045    33.3049    25.7979 0.0000e+00
 148.636441     12.339  35.490688     8.9588     3.9789     12.236    33.3011    25.7946 0.0000e+00
 148.636447     12.514  35.493644     8.9633     3.9650     12.409    33.2999    25.7930 0.0000e+00
 148.636453     12.682  35.499428     8.9638     3.9689     12.576    33.3054    25.7972 0.0000e+00
 148.636458     12.851  35.502292     8.9599     3.9571     12.743    33.3120    25.8030 0.0000e+00
 148.636464     13.029  35.499313     8.9531     3.9470     12.920    33.3152    25.8065 0.0000e+00
 148.636470     13.213  35.493221     8.9458     3.9421     13.102    33.3156    25.8080 0.0000e+00
 148.636476     13.395  35.488190     8.9420     3.9398     13.283    33.3138    25.8072 0.0000e+00
 148.636481     13.563  35.486453     8.9413     3.9467     13.449    33.3126    25.8063 0.0000e+00
 148.636487     13.718  35.487727     8.9412     3.9454     13.603    33.3139    25.8074 0.0000e+00
 148.636493     13.854  35.490350     8.9409     3.9428     13.738    33.3169    25.8098 -9.990e-29
 148.636499     13.968  35.492630     8.9406     3.9473     13.851    33.3195    25.8119 -9.990e-29
 148.636505     14.063  35.492636     8.9398     3.9625     13.945    33.3202    25.8126 -9.990e-29
 148.636510     14.141  35.490826     8.9391     3.9576     14.022    33.3189    25.8117 -9.990e-29
 148.636516     14.199  35.490457     8.9412     3.9655     14.080    33.3166    25.8095 -9.990e-29
 148.636522     14.234  35.491665     8.9460     3.9735     14.115    33.3133    25.8062 -9.990e-29
 148.636528     14.250  35.492770     8.9509     3.9765     14.131    33.3098    25.8027 -9.990e-29
 148.636534     14.249  35.494198     8.9538     3.9818     14.130    33.3086    25.8013 -9.990e-29
 148.636539     14.228  35.496802     8.9547     3.9844     14.109    33.3105    25.8026 -9.990e-29
 148.636545     14.189  35.498526     8.9553     3.9894     14.070    33.3118    25.8035 -9.990e-29
 148.636551     14.131  35.497259     8.9562     3.9833     14.013    33.3096    25.8017 -9.990e-29
 148.636557     14.056  35.495862     8.9585     3.9788     13.938    33.3060    25.7985 -9.990e-29
 148.636563     13.955  35.497582     8.9615     3.9809     13.838    33.3051    25.7973 -9.990e-29
 148.636568     13.821  35.501424     8.9622     3.9890     13.705    33.3085    25.7999 0.0000e+00
 148.636574     13.659  35.503619     8.9592     3.9949     13.545    33.3137    25.8044 0.0000e+00
 148.636580     13.480  35.502126     8.9552     4.0005     13.367    33.3159    25.8068 0.0000e+00
 148.636586     13.297  35.498386     8.9534     4.0199     13.186    33.3138    25.8054 0.0000e+00
 148.636591     13.122  35.494764     8.9540     4.0291     13.012    33.3095    25.8020 0.0000e+00
 148.636597     12.954  35.493224     8.9568     4.0286     12.845    33.3054    25.7983 0.0000e+00
 148.636603     12.789  35.494024     8.9602     4.0267     12.682    33.3031    25.7960 0.0000e+00
 148.636609     12.620  35.495500     8.9625     4.0305     12.514    33.3026    25.7952 0.0000e+00
 148.636615     12.449  35.496333     8.9630     4.0542     12.345    33.3030    25.7955 0.0000e+00
 148.636620     12.278  35.496583     8.9624     4.0572     12.175    33.3039    25.7963 0.0000e+00
 148.636626     12.105  35.496656     8.9629     4.0716     12.004    33.3036    25.7959 0.0000e+00
 148.636632     11.927  35.496720     8.9655     4.0618     11.827    33.3013    25.7937 0.0000e+00
 148.636638     11.741  35.496931     8.9701     4.0636     11.643    33.2973    25.7899 0.0000e+00
 148.636644     11.549  35.497641     8.9754     4.0762     11.452    33.2932    25.7858 0.0000e+00
 148.636649     11.351  35.498747     8.9795     4.0826     11.256    33.2906    25.7831 0.0000e+00
 148.636655     11.147  35.499556     8.9823     4.1112     11.054    33.2889    25.7814 0.0000e+00
 148.636661     10.942  35.500101     8.9855     4.1520     10.850    33.2866    25.7790 0.0000e+00
 148.636667     10.735  35.500620     8.9907     4.1888     10.645    33.2823    25.7749 0.0000e+00
 148.636672     10.527  35.500756     8.9997     4.2203     10.439    33.2742    25.7671 0.0000e+00
 148.636678     10.316  35.502444     9.0139     4.2611     10.230    33.2627    25.7559 0.0000e+00
 148.636684     10.106  35.508565     9.0333     4.3036     10.021    33.2510    25.7437 0.0000e+00
 148.636690      9.906  35.518393     9.0547     4.3595      9.823    33.2414    25.7327 0.0000e+00
 148.636696      9.711  35.529423     9.0755     4.4007      9.630    33.2335    25.7233 0.0000e+00
 148.636701      9.517  35.539078     9.0979     4.4544      9.437    33.2227    25.7113 0.0000e+00
 148.636707      9.330  35.547422     9.1228     4.5082      9.252    33.2082    25.6960 0.0000e+00
 148.636713      9.150  35.559495     9.1503     4.5755      9.073    33.1952    25.6815 0.0000e+00
 148.636719      8.970  35.579149     9.1807     4.6295      8.895    33.1873    25.6705 0.0000e+00
 148.636725      8.782  35.597381     9.2132     4.6746      8.709    33.1761    25.6565 0.0000e+00
 148.636730      8.589  35.606653     9.2467     4.7355      8.517    33.1546    25.6344 0.0000e+00
 148.636736      8.394  35.616603     9.2740     4.7884      8.324    33.1397    25.6183 0.0000e+00
 148.636742      8.203  35.632736     9.2971     4.8373      8.134    33.1350    25.6110 0.0000e+00
 148.636748      8.015  35.656478     9.3257     4.8871      7.948    33.1331    25.6049 0.0000e+00
 148.636753      7.824  35.683156     9.3593     4.9651      7.759    33.1296    25.5968 0.0000e+00
 148.636759      7.622  35.701933     9.3996     5.0713      7.558    33.1117    25.5763 0.0000e+00
 148.636765      7.408  35.719997     9.4461     5.2295      7.346    33.0874    25.5498 0.0000e+00
 148.636771      7.186  35.743591     9.4917     5.3889      7.126    33.0696    25.5286 0.0000e+00
 148.636777      6.963  35.769528     9.5348     5.5671      6.905    33.0566    25.5115 0.0000e+00
 148.636782      6.747  35.806708     9.5804     5.7687      6.691    33.0529    25.5011 0.0000e+00
 148.636788      6.537  35.856619     9.6440     5.9344      6.482    33.0456    25.4850 0.0000e+00
 148.636794      6.327  35.907481     9.7452     6.0309      6.274    33.0047    25.4365 0.0000e+00
 148.636800      6.118  35.959418     9.8710     6.0852      6.067    32.9426    25.3673 0.0000e+00
 148.636806      5.918  36.016232     9.9870     6.1136      5.869    32.8947    25.3106 0.0000e+00
 148.636811      5.730  36.098881    10.0854     6.1392      5.682    32.8890    25.2897 0.0000e+00
 148.636817      5.548  36.198360    10.1662     6.1680      5.502    32.9163    25.2974 0.0000e+00
 148.636823      5.359  36.248009    10.2325     6.1760      5.314    32.9063    25.2785 0.0000e+00
 148.636829      5.161  36.255864    10.2946     6.1879      5.118    32.8581    25.2303 0.0000e+00
 148.636834      4.957  36.276731    10.3415     6.1976      4.916    32.8367    25.2057 0.0000e+00
 148.636840      4.748  36.306589    10.3675     6.2182      4.708    32.8434    25.2064 0.0000e+00
 148.636846      4.533  36.328205    10.3873     6.2420      4.495    32.8473    25.2061 0.0000e+00
 148.636852      4.316  36.337996    10.4077     6.2485      4.280    32.8388    25.1960 0.0000e+00
 148.636858      4.096  36.340131    10.4248     6.2644      4.062    32.8256    25.1828 0.0000e+00
 148.636863      3.871  36.342013    10.4386     6.2776      3.839    32.8151    25.1723 0.0000e+00
 148.636869      3.649  36.344546    10.4537     6.3046      3.619    32.8042    25.1611 0.0000e+00
 148.636875      3.437  36.346144    10.4698     6.3411      3.408    32.7913    25.1484 0.0000e+00
 148.636881      3.234  36.346771    10.4839     6.3654      3.207    32.7794    25.1366 0.0000e+00
 148.636887      3.036  36.347340    10.4945     6.4022      3.011    32.7705    25.1279 0.0000e+00
 148.636892      2.843  36.347564    10.5028     6.4272      2.819    32.7633    25.1208 0.0000e+00
 148.636898      2.656  36.345577    10.5119     6.4542      2.634    32.7532    25.1114 0.0000e+00
 148.636904      2.472  36.341604    10.5223     6.4907      2.451    32.7400    25.0993 0.0000e+00
 148.636910      2.286  36.338822    10.5307     6.5099      2.267    32.7297    25.0899 0.0000e+00
 148.636916      2.097  36.338079    10.5361     6.5257      2.079    32.7242    25.0846 0.0000e+00
