data/oxygen options/ONMS/Olympic_Coast_National_Marine_Sanctuary_CTD_Data_2005_2023/raw_data/2017/CAST_KL015_170630faed.cnv
* Sea-Bird SBE19 Data File:
* FileName = C:\2017 Mooring Data\Casts\CAST_KL015_170630.hex
* Software Version 1.59
* Temperature SN = 2997
* Conductivity SN = 2997
* System UpLoad Time = Jun 30 2017 20:30:35
** CAST_KL015_170630
* ds
# nquan = 9                                 
# nvalues = 774                         
# units = specified
# name 0 = timeJ: Julian Days
# name 1 = prSM: Pressure, Strain Gauge [db]
# name 2 = c0mS/cm: Conductivity [mS/cm]
# name 3 = t090C: Temperature [ITS-90, deg C]
# name 4 = sbeox0ML/L: Oxygen, SBE 43 [ml/l]
# name 5 = depSM: Depth [salt water, m], lat = 47.5
# name 6 = sal00: Salinity, Practical [PSU]
# name 7 = sigma-é00: Density [sigma-theta, kg/m^3]
# name 8 = flag: flag
# span 0 = 181.847928, 181.852402       
# span 1 =     -5.108,     14.336       
# span 2 =   0.384385,  37.983529       
# span 3 =     9.4949,    14.0512       
# span 4 =   -12.1746,    17.2438       
# span 5 =     -5.065,     14.216       
# span 6 =     0.2381,    32.8380       
# span 7 =    -0.5382,    25.3446       
# span 8 = 0.0000e+00, 0.0000e+00       
# interval = seconds: 0.5
# start_time = Jun 30 2017 20:21:01 [Instrument's time stamp, header]
# bad_flag = -9.990e-29
*END*
[from data line 321]
 181.849786     -0.749   0.398296    13.7155    -1.9488     -0.743     0.2469    -0.5228 -9.990e-29
 181.849792     -0.740   0.398113    13.7127    -1.9485     -0.734     0.2468    -0.5225 -9.990e-29
 181.849797     -0.726   0.397575    13.7114    -1.9480     -0.720     0.2465    -0.5226 -9.990e-29
 181.849803     -0.711   0.396522    13.7122    -1.9476     -0.705     0.2458    -0.5232 -9.990e-29
 181.849809     -0.701   0.395211    13.7156    -1.9472     -0.695     0.2449    -0.5243 -9.990e-29
 181.849815     -0.702   0.394111    13.7221    -1.9471     -0.696     0.2442    -0.5258 -9.990e-29
 181.849821     -0.708   0.393417    13.7307    -1.9471     -0.702     0.2437    -0.5273 -9.990e-29
 181.849826     -0.711   0.392760    13.7392    -1.9472     -0.705     0.2432    -0.5288 -9.990e-29
 181.849832     -0.711   0.391816    13.7473    -1.9472     -0.705     0.2426    -0.5305 -9.990e-29
 181.849838     -0.714   0.390991    13.7559    -1.9476     -0.708     0.2420    -0.5321 -9.990e-29
 181.849844     -0.713   0.390847    13.7653    -1.9479     -0.707     0.2419    -0.5335 -9.990e-29
 181.849850     -0.707   0.391194    13.7753    -1.9486     -0.701     0.2420    -0.5347 -9.990e-29
 181.849855     -0.693   0.391384    13.7849    -1.9491     -0.687     0.2421    -0.5360 -9.990e-29
 181.849861     -0.675   0.391117    13.7922    -1.9496     -0.669     0.2419    -0.5371 -9.990e-29
 181.849867     -0.662   0.390593    13.7960    -1.9501     -0.656     0.2415    -0.5379 -9.990e-29
 181.849873     -0.655   0.390221    13.7965    -1.9503     -0.650     0.2413    -0.5382 -9.990e-29
 181.849878     -0.656   0.390059    13.7947    -1.9508     -0.651     0.2412    -0.5380 -9.990e-29
 181.849884     -0.663   0.389890    13.7907    -1.9512     -0.657     0.2411    -0.5375 -9.990e-29
 181.849890     -0.673   0.389492    13.7839    -1.9516     -0.667     0.2409    -0.5368 -9.990e-29
 181.849896     -0.679   0.388887    13.7745    -1.9519     -0.673     0.2406    -0.5357 -9.990e-29
 181.849902     -0.675   0.388375    13.7630    -1.9524     -0.669     0.2403    -0.5344 -9.990e-29
 181.849907     -0.667   0.387829    13.7509    -1.9531     -0.661     0.2400    -0.5329 -9.990e-29
 181.849913     -0.658   0.387075    13.7398    -1.9538     -0.653     0.2396    -0.5317 -9.990e-29
 181.849919     -0.647   0.386217    13.7299    -1.9542     -0.642     0.2391    -0.5308 -9.990e-29
 181.849925     -0.638   0.385219    13.7205    -1.9545     -0.633     0.2386    -0.5299 -9.990e-29
 181.849931     -0.635   0.384412    13.7106    -1.9546     -0.630     0.2381    -0.5289 -9.990e-29
 181.849936     -0.633   0.384385    13.7010    -1.9548     -0.628     0.2381    -0.5276 -9.990e-29
 181.849942     -0.623   0.385100    13.6922    -1.9555     -0.618     0.2386    -0.5260 -9.990e-29
 181.849948     -0.605   0.385849    13.6829    -1.9565     -0.600     0.2392    -0.5243 -9.990e-29
 181.849954     -0.587   0.385968    13.6714    -1.9569     -0.582     0.2393    -0.5227 -9.990e-29
 181.849959     -0.571   0.385615    13.6575    -1.8037     -0.566     0.2392    -0.5209 -9.990e-29
 181.849965     -0.557   0.385984    13.6438    -1.6059     -0.552     0.2395    -0.5188 -9.990e-29
 181.849971     -0.543   0.388675    13.6325    -1.6007     -0.538     0.2413    -0.5159 -9.990e-29
 181.849977     -0.529   0.395059    13.6231    -1.6001     -0.525     0.2454    -0.5114 -9.990e-29
 181.849983     -0.514   0.408106    13.6140    -1.5996     -0.510     0.2538    -0.5037 -9.990e-29
 181.849988     -0.497   0.438562    13.6028    -1.5991     -0.493     0.2733    -0.4869 -9.990e-29
 181.849994     -0.476   0.517062    13.5888    -1.5996     -0.472     0.3240    -0.4456 -9.990e-29
 181.850000     -0.451   0.729428    13.5789    -1.5998     -0.447     0.4628    -0.3364 -9.990e-29
 181.850006     -0.420   1.333323    13.5875    -1.5998     -0.416     0.8681    -0.0230 -9.990e-29
 181.850012     -0.381   3.109004    13.6447    -1.5995     -0.378     2.1150     0.9342 -9.990e-29
 181.850017     -0.331   8.402986    13.7648    -1.5996     -0.328     6.0907     3.9817 -9.990e-29
 181.850023     -0.267  18.609531    13.8933    -1.5997     -0.265    14.3439    10.3031 -9.990e-29
 181.850029     -0.194  29.204319    13.9723    -1.5998     -0.192    23.4459    17.2840 -9.990e-29
 181.850035     -0.124  35.010331    14.0099    -1.5996     -0.123    28.6200    21.2608 -9.990e-29
 181.850041     -0.061  36.945101    14.0271    -1.5994     -0.060    30.3674    22.6046 -9.990e-29
 181.850046     -0.002  37.589461    14.0299    -1.5994     -0.002    30.9545    23.0569 -9.990e-29
 181.850052      0.054  37.801842    14.0279    -1.5995      0.054    31.1507    23.2087 -9.990e-29
 181.850058      0.101  37.869386    14.0279    -1.5997      0.100    31.2126    23.2565 -9.990e-29
 181.850064      0.138  37.890409    14.0284    -1.5999      0.137    31.2315    23.2709 -9.990e-29
 181.850069      0.167  37.899139    14.0280    -1.5998      0.166    31.2398    23.2774 -9.990e-29
 181.850075      0.190  37.905578    14.0276    -1.5994      0.188    31.2460    23.2823 -9.990e-29
 181.850081      0.209  37.908271    14.0287    -1.5992      0.207    31.2476    23.2833 -9.990e-29
 181.850087      0.225  37.906367    14.0310    -1.5992      0.223    31.2440    23.2800 -9.990e-29
 181.850093      0.238  37.904086    14.0327    -1.5993      0.236    31.2405    23.2770 -9.990e-29
 181.850098      0.250  37.905711    14.0329    -1.5994      0.248    31.2418    23.2780 -9.990e-29
 181.850104      0.261  37.909526    14.0313    -1.5993      0.259    31.2466    23.2820 -9.990e-29
 181.850110      0.272  37.910578    14.0286    -1.5992      0.270    31.2498    23.2850 -9.990e-29
 181.850116      0.285  37.908069    14.0271    -1.5992      0.283    31.2487    23.2844 -9.990e-29
 181.850122      0.294  37.904853    14.0298    -1.5992      0.292    31.2435    23.2799 -9.990e-29
 181.850127      0.293  37.903964    14.0355    -1.5993      0.291    31.2381    23.2746 -9.990e-29
 181.850133      0.281  37.906493    14.0400    -1.5992      0.279    31.2368    23.2726 -9.990e-29
 181.850139      0.266  37.910813    14.0417    -1.5991      0.264    31.2394    23.2743 -9.990e-29
 181.850145      0.256  37.913207    14.0418    -1.5991      0.254    31.2415    23.2759 -9.990e-29
 181.850150      0.254  37.911864    14.0420    -1.5991      0.252    31.2401    23.2748 -9.990e-29
 181.850156      0.256  37.908957    14.0429    -1.5992      0.254    31.2367    23.2720 -9.990e-29
 181.850162      0.257  37.907370    14.0441    -1.5991      0.255    31.2343    23.2699 -9.990e-29
 181.850168      0.259  37.908386    14.0451    -1.5992      0.257    31.2344    23.2697 -9.990e-29
 181.850174      0.260  37.911159    14.0459    -1.5992      0.258    31.2363    23.2710 -9.990e-29
 181.850179      0.261  37.912146    14.0466    -1.5992      0.259    31.2366    23.2712 -9.990e-29
 181.850185      0.263  37.909901    14.0473    -1.5992      0.261    31.2340    23.2690 -9.990e-29
 181.850191      0.265  37.907632    14.0477    -1.5991      0.263    31.2316    23.2671 -9.990e-29
 181.850197      0.267  37.908516    14.0480    -1.5990      0.265    31.2321    23.2674 -9.990e-29
 181.850203      0.269  37.912093    14.0484    -1.5991      0.267    31.2351    23.2696 -9.990e-29
 181.850208      0.272  37.914211    14.0487    -1.5992      0.270    31.2368    23.2709 -9.990e-29
 181.850214      0.276  37.912131    14.0486    -1.5990      0.274    31.2350    23.2695 -9.990e-29
 181.850220      0.281  37.909282    14.0483    -1.5989      0.279    31.2326    23.2677 -9.990e-29
 181.850226      0.287  37.908627    14.0481    -1.5990      0.285    31.2322    23.2674 -9.990e-29
 181.850231      0.294  37.907650    14.0481    -1.5989      0.292    31.2313    23.2667 -9.990e-29
 181.850237      0.300  37.906211    14.0482    -1.5990      0.297    31.2299    23.2656 -9.990e-29
 181.850243      0.300  37.906911    14.0484    -1.5990      0.297    31.2303    23.2660 -9.990e-29
 181.850249      0.297  37.909040    14.0483    -1.5989      0.295    31.2324    23.2675 -9.990e-29
 181.850255      0.302  37.911558    14.0476    -1.5988      0.299    31.2352    23.2699 -9.990e-29
 181.850260      0.318  37.915063    14.0470    -1.5986      0.315    31.2389    23.2729 -9.990e-29
 181.850266      0.337  37.918669    14.0472    -1.5988      0.334    31.2421    23.2753 -9.990e-29
 181.850272      0.348  37.922741    14.0480    -1.5989      0.345    31.2452    23.2775 -9.990e-29
 181.850278      0.348  37.928265    14.0487    -1.5993      0.345    31.2496    23.2808 -9.990e-29
 181.850284      0.341  37.930887    14.0489    -1.5995      0.338    31.2519    23.2825 -9.990e-29
 181.850289      0.339  37.929103    14.0491    -1.5995      0.336    31.2501    23.2811 -9.990e-29
 181.850295      0.351  37.927856    14.0493    -1.5995      0.348    31.2488    23.2800 -9.990e-29
 181.850301      0.369  37.929442    14.0494    -1.5995      0.366    31.2501    23.2810 -9.990e-29
 181.850307      0.380  37.933776    14.0491    -1.5994      0.377    31.2544    23.2844 -9.990e-29
 181.850313      0.382  37.941074    14.0484    -1.5991      0.379    31.2616    23.2901 -9.990e-29
 181.850318      0.379  37.949346    14.0467    -1.5990      0.376    31.2706    23.2974 -9.990e-29
 181.850324      0.380  37.952859    14.0430    -1.5990      0.377    31.2768    23.3029 -9.990e-29
 181.850330      0.388  37.948498    14.0363    -1.5991      0.385    31.2782    23.3054 -9.990e-29
 181.850336      0.400  37.940569    14.0283    -1.5990      0.397    31.2775    23.3064 -9.990e-29
 181.850341      0.408  37.937020    14.0233    -1.5989      0.405    31.2783    23.3081 -9.990e-29
 181.850347      0.408  37.942120    14.0225    -1.5991      0.405    31.2836    23.3123 -9.990e-29
 181.850353      0.400  37.948704    14.0237    -1.5989      0.397    31.2887    23.3160 -9.990e-29
 181.850359      0.389  37.948788    14.0270    -1.5988      0.386    31.2861    23.3133 -9.990e-29
 181.850365      0.382  37.947006    14.0317    -1.5988      0.379    31.2806    23.3082 -9.990e-29
 181.850370      0.378  37.948863    14.0354    -1.5988      0.375    31.2793    23.3064 -9.990e-29
 181.850376      0.373  37.951274    14.0361    -1.5988      0.370    31.2810    23.3075 -9.990e-29
 181.850382      0.371  37.951335    14.0345    -1.5990      0.368    31.2823    23.3089 -9.990e-29
 181.850388      0.376  37.953087    14.0338    -1.5992      0.373    31.2845    23.3107 -9.990e-29
 181.850394      0.388  37.960027    14.0344    -1.5993      0.385    31.2904    23.3151 -9.990e-29
 181.850399      0.404  37.967448    14.0351    -1.5994      0.401    31.2966    23.3198 -9.990e-29
 181.850405      0.416  37.969602    14.0360    -1.5991      0.413    31.2978    23.3206 -9.990e-29
 181.850411      0.426  37.969400    14.0366    -1.5990      0.422    31.2972    23.3199 -9.990e-29
 181.850417      0.438  37.972772    14.0361    -1.5991      0.434    31.3007    23.3227 -9.990e-29
 181.850422      0.448  37.978093    14.0349    -1.5992      0.444    31.3065    23.3275 -9.990e-29
 181.850428      0.453  37.981859    14.0328    -1.5992      0.449    31.3117    23.3319 -9.990e-29
 181.850434      0.453  37.983529    14.0297    -1.5990      0.449    31.3157    23.3356 -9.990e-29
 181.850440      0.448  37.982009    14.0272    -1.5989      0.444    31.3164    23.3367 -9.990e-29
 181.850446      0.442  37.975873    14.0265    -1.5990      0.438    31.3113    23.3329 -9.990e-29
 181.850451      0.443  37.966498    14.0278    12.8722      0.439    31.3016    23.3252 -9.990e-29
 181.850457      0.452  37.958787    14.0299    16.9027      0.448    31.2929    23.3180 -9.990e-29
 181.850463      0.461  37.957623    14.0318    17.2438      0.457    31.2902    23.3156 -9.990e-29
 181.850469      0.465  37.962051    14.0339    14.4755      0.461    31.2926    23.3170 -9.990e-29
 181.850475      0.469  37.962894    14.0364     8.4957      0.465    31.2913    23.3155 -9.990e-29
 181.850480      0.478  37.955158    14.0383     8.5403      0.474    31.2827    23.3084 -9.990e-29
 181.850486      0.488  37.945929    14.0394     8.7904      0.484    31.2733    23.3010 -9.990e-29
 181.850492      0.495  37.944225    14.0404     8.8314      0.491    31.2710    23.2989 -9.990e-29
 181.850498      0.500  37.949492    14.0413     8.7657      0.496    31.2751    23.3019 -9.990e-29
 181.850503      0.504  37.951433    14.0423     8.6947      0.500    31.2760    23.3025 -9.990e-29
 181.850509      0.505  37.943714    14.0435     8.6297      0.501    31.2680    23.2960 -9.990e-29
 181.850515      0.506  37.933447    14.0445     8.5912      0.502    31.2577    23.2879 -9.990e-29
 181.850521      0.505  37.928263    14.0453     8.5508      0.501    31.2523    23.2836 -9.990e-29
 181.850527      0.502  37.926330    14.0457     8.5055      0.498    31.2502    23.2819 -9.990e-29
 181.850532      0.497  37.925113    14.0456     8.4743      0.493    31.2492    23.2811 -9.990e-29
 181.850538      0.495  37.924148    14.0451     8.4713      0.491    31.2487    23.2808 -9.990e-29
 181.850544      0.499  37.923308    14.0450     8.4830      0.495    31.2480    23.2803 -9.990e-29
 181.850550      0.506  37.923195    14.0454     8.4889      0.502    31.2476    23.2799 -9.990e-29
 181.850556      0.511  37.923137    14.0451     8.4762      0.507    31.2478    23.2801 -9.990e-29
 181.850561      0.515  37.921977    14.0441     8.4822      0.511    31.2476    23.2801 -9.990e-29
 181.850567      0.518  37.920448    14.0439     8.4805      0.514    31.2463    23.2792 -9.990e-29
 181.850573      0.520  37.919911    14.0447     8.4698      0.516    31.2452    23.2782 -9.990e-29
 181.850579      0.522  37.920252    14.0455     8.4692      0.518    31.2448    23.2777 -9.990e-29
 181.850584      0.524  37.920842    14.0459     8.4646      0.520    31.2450    23.2778 -9.990e-29
 181.850590      0.525  37.921390    14.0462     8.4646      0.521    31.2453    23.2780 -9.990e-29
 181.850596      0.526  37.922104    14.0466     8.4656      0.522    31.2456    23.2781 -9.990e-29
 181.850602      0.526  37.922859    14.0470     8.4553      0.522    31.2460    23.2783 -9.990e-29
 181.850608      0.527  37.923019    14.0475     8.4445      0.523    31.2457    23.2780 -9.990e-29
 181.850613      0.527  37.922838    14.0478     8.4621      0.523    31.2453    23.2777 -9.990e-29
 181.850619      0.527  37.922677    14.0476     8.4740      0.523    31.2453    23.2777 -9.990e-29
 181.850625      0.527  37.922360    14.0473     8.4733      0.523    31.2453    23.2777 -9.990e-29
 181.850631      0.527  37.922066    14.0470     8.4704      0.523    31.2453    23.2778 -9.990e-29
 181.850637      0.526  37.922000    14.0466     8.4603      0.522    31.2455    23.2781 -9.990e-29
 181.850642      0.526  37.922115    14.0465     8.4592      0.522    31.2457    23.2782 -9.990e-29
 181.850648      0.525  37.922603    14.0465     8.4491      0.521    31.2462    23.2786 -9.990e-29
 181.850654      0.524  37.923597    14.0464     8.4333      0.520    31.2472    23.2794 -9.990e-29
 181.850660      0.523  37.924780    14.0469     8.4368      0.519    31.2478    23.2798 -9.990e-29
 181.850666      0.521  37.925530    14.0482     8.4412      0.517    31.2475    23.2792 -9.990e-29
 181.850671      0.519  37.925768    14.0493     8.4626      0.515    31.2468    23.2785 -9.990e-29
 181.850677      0.516  37.925848    14.0497     8.4826      0.512    31.2466    23.2782 -9.990e-29
 181.850683      0.513  37.925919    14.0502     8.4955      0.509    31.2462    23.2778 -9.990e-29
 181.850689      0.508  37.926117    14.0506     8.5018      0.504    31.2461    23.2777 -9.990e-29
 181.850694      0.502  37.926183    14.0503     8.4950      0.498    31.2464    23.2780 -9.990e-29
 181.850700      0.495  37.925687    14.0497     8.4804      0.491    31.2464    23.2781 -9.990e-29
