data/oxygen options/ONMS/Olympic_Coast_National_Marine_Sanctuary_CTD_Data_2005_2023/raw_data/2017/CAST_KL027_170829faed.cnv
* Sea-Bird SBE 19 Data File:
* FileName = C:\2017 Mooring Data\Casts\CAST_KL027_082917.hex
* Software Version SeatermAF 2.1.2
* Temperature SN = 2997
* Conductivity SN = 2997
* System UpLoad Time = Aug 29 2017 18:52:26 (localtime) = Aug 29 2017 18:52:26 (UTC)
** CAST_KL027_082917
* ds
# nquan = 9                                 
# nvalues = 1098                        
# units = specified
# name 0 = timeJ: Julian Days
# name 1 = prSM: Pressure, Strain Gauge [db]
# name 2 = c0mS/cm: Conductivity [mS/cm]
# name 3 = t090C: Temperature [ITS-90, deg C]
# name 4 = sbeox0ML/L: Oxygen, SBE 43 [ml/l]
# name 5 = depSM: Depth [salt water, m], lat = 47.5
# name 6 = sal00: Salinity, Practical [PSU]
# name 7 = sigma-é00: Density [sigma-theta, kg/m^3]
# name 8 = flag: flag
# span 0 = 241.724086, 241.730434       
# span 1 =     -5.099,     27.582       
# span 2 =   0.012840,  37.714009       
# span 3 =     8.0465,    13.2398       
# span 4 =    -1.9863,    20.4112       
# span 5 =     -5.057,     27.350       
# span 6 =     0.0123,    33.7351       
# span 7 =    -0.6423,    26.2734       
# span 8 = 0.0000e+00, 0.0000e+00       
# interval = seconds: 0.5
# start_time = Aug 29 2017 17:22:41 [Instrument's time stamp, header]
# bad_flag = -9.990e-29
*END*
 241.724086     -5.099 -9.990e-29    13.1454    -1.9773     -5.057 -9.990e-29 -9.990e-29 -9.990e-29
 241.724091     -5.091   0.012840    13.1471    -1.9775     -5.049     0.0123    -0.6304 -9.990e-29
 241.724097     -5.081   0.012840    13.1475    -1.9775     -5.039     0.0123    -0.6305 -9.990e-29
 241.724103     -5.067   0.012840    13.1464    -1.9775     -5.025     0.0123    -0.6303 -9.990e-29
 241.724109     -5.050   0.012840    13.1440    -1.9775     -5.008     0.0123    -0.6300 -9.990e-29
 241.724115     -5.028   0.012840    13.1402    -1.9774     -4.986     0.0123    -0.6296 -9.990e-29
 241.724120     -4.999   0.012841    13.1355    -1.9769     -4.957     0.0123    -0.6290 -9.990e-29
 241.724126     -4.967   0.012842    13.1323    -1.9768     -4.926     0.0123    -0.6285 -9.990e-29
 241.724132     -4.937   0.012842    13.1312    -1.9766     -4.896     0.0123    -0.6284 -9.990e-29
 241.724138     -4.912   0.012843    13.1306    -1.9765     -4.871     0.0123    -0.6283 -9.990e-29
 241.724144     -4.886   0.012844    13.1299    -1.9764     -4.845     0.0123    -0.6282 -9.990e-29
 241.724149     -4.853   0.012844    13.1298    -1.9764     -4.813     0.0123    -0.6282 -9.990e-29
 241.724155     -4.815   0.012845    13.1307    -1.9764     -4.775     0.0123    -0.6283 -9.990e-29
 241.724161     -4.775   0.012846    13.1328    -1.9765     -4.735     0.0123    -0.6286 -9.990e-29
 241.724167     -4.734   0.012847    13.1367    -1.9767     -4.695     0.0123    -0.6291 -9.990e-29
 241.724172     -4.698   0.012847    13.1420    -1.9772     -4.659     0.0123    -0.6298 -9.990e-29
 241.724178     -4.668   0.012848    13.1468    -1.9777     -4.629     0.0123    -0.6304 -9.990e-29
 241.724184     -4.644   0.012849    13.1506    -1.9780     -4.605     0.0123    -0.6309 -9.990e-29
 241.724190     -4.623   0.012849    13.1534    -1.9781     -4.584     0.0123    -0.6312 -9.990e-29
 241.724196     -4.604   0.012850    13.1550    -1.9782     -4.566     0.0123    -0.6314 -9.990e-29
 241.724201     -4.587   0.012851    13.1553    -1.9784     -4.549     0.0123    -0.6315 -9.990e-29
 241.724207     -4.569   0.012851    13.1543    -1.9785     -4.531     0.0123    -0.6314 -9.990e-29
 241.724213     -4.550   0.012852    13.1514    -1.9785     -4.512     0.0123    -0.6310 -9.990e-29
 241.724219     -4.528   0.012853    13.1459    -1.9786     -4.490     0.0123    -0.6303 -9.990e-29
 241.724225     -4.502   0.012853    13.1380    -1.9786     -4.464     0.0123    -0.6293 -9.990e-29
 241.724230     -4.475   0.012854    13.1296    -1.9787     -4.438     0.0123    -0.6282 -9.990e-29
 241.724236     -4.454   0.012855    13.1231    -1.9788     -4.417     0.0123    -0.6273 -9.990e-29
 241.724242     -4.437   0.012856    13.1192    -1.9788     -4.400     0.0123    -0.6268 -9.990e-29
 241.724248     -4.415   0.012856    13.1163    -1.9791     -4.378     0.0123    -0.6265 -9.990e-29
 241.724253     -4.386   0.012857    13.1132    -1.9793     -4.349     0.0123    -0.6261 -9.990e-29
 241.724259     -4.357   0.012858    13.1107    -1.9794     -4.321     0.0123    -0.6258 -9.990e-29
 241.724265     -4.330   0.012858    13.1091    -1.9795     -4.294     0.0123    -0.6256 -9.990e-29
 241.724271     -4.304   0.012859    13.1079    -1.9794     -4.268     0.0123    -0.6254 -9.990e-29
 241.724277     -4.277   0.012860    13.1068    -1.9796     -4.241     0.0123    -0.6253 -9.990e-29
 241.724282     -4.247   0.012860    13.1054    -1.9796     -4.212     0.0123    -0.6251 -9.990e-29
 241.724288     -4.212   0.012861    13.1038    -1.9796     -4.177     0.0123    -0.6249 -9.990e-29
 241.724294     -4.175   0.012862    13.1014    -1.9798     -4.140     0.0123    -0.6246 -9.990e-29
 241.724300     -4.141   0.012863    13.0980    -1.9798     -4.106     0.0123    -0.6241 -9.990e-29
 241.724306     -4.113   0.012863    13.0943    -1.9795     -4.079     0.0123    -0.6237 -9.990e-29
 241.724311     -4.090   0.012864    13.0914    -1.9795     -4.056     0.0123    -0.6233 -9.990e-29
 241.724317     -4.069   0.012865    13.0897    -1.9795     -4.035     0.0123    -0.6231 -9.990e-29
 241.724323     -4.048   0.012865    13.0886    -1.9794     -4.014     0.0123    -0.6229 -9.990e-29
 241.724329     -4.028   0.012866    13.0874    -1.9796     -3.994     0.0123    -0.6228 -9.990e-29
 241.724334     -4.007   0.012867    13.0862    -1.9796     -3.974     0.0123    -0.6226 -9.990e-29
 241.724340     -3.982   0.012867    13.0851    -1.9794     -3.949     0.0123    -0.6225 -9.990e-29
 241.724346     -3.954   0.012868    13.0842    -1.9792     -3.921     0.0123    -0.6224 -9.990e-29
 241.724352     -3.924   0.012869    13.0848    -1.9790     -3.891     0.0123    -0.6224 -9.990e-29
 241.724358     -3.898   0.012870    13.0868    -1.9788     -3.866     0.0123    -0.6227 -9.990e-29
 241.724363     -3.876   0.012870    13.0887    -1.9788     -3.844     0.0123    -0.6229 -9.990e-29
 241.724369     -3.851   0.012871    13.0896    -1.9789     -3.819     0.0123    -0.6231 -9.990e-29
 241.724375     -3.826   0.012872    13.0895    -1.9792     -3.794     0.0123    -0.6230 -9.990e-29
 241.724381     -3.805   0.012872    13.0889    -1.9794     -3.773     0.0123    -0.6230 -9.990e-29
 241.724387     -3.784   0.012873    13.0895    -1.9796     -3.752     0.0123    -0.6230 -9.990e-29
 241.724392     -3.764   0.012874    13.0924    -1.9795     -3.733     0.0123    -0.6234 -9.990e-29
 241.724398     -3.743   0.012874    13.0968    -1.9796     -3.712     0.0123    -0.6240 -9.990e-29
 241.724404     -3.720   0.012875    13.1011    -1.9798     -3.689     0.0123    -0.6245 -9.990e-29
 241.724410     -3.697   0.012876    13.1037    -1.9798     -3.666     0.0123    -0.6248 -9.990e-29
 241.724416     -3.677   0.012877    13.1041    -1.9795     -3.646     0.0123    -0.6249 -9.990e-29
 241.724421     -3.655   0.012877    13.1021    -1.9794     -3.625     0.0123    -0.6246 -9.990e-29
 241.724427     -3.629   0.012878    13.0983    -1.9793     -3.599     0.0123    -0.6242 -9.990e-29
 241.724433     -3.606   0.012879    13.0941    -1.9793     -3.576     0.0123    -0.6236 -9.990e-29
 241.724439     -3.589   0.012879    13.0910    -1.9794     -3.559     0.0123    -0.6232 -9.990e-29
 241.724444     -3.577   0.012880    13.0892    -1.9792     -3.547     0.0123    -0.6230 -9.990e-29
 241.724450     -3.565   0.012881    13.0879    -1.9793     -3.535     0.0123    -0.6228 -9.990e-29
 241.724456     -3.547   0.012881    13.0870    -1.9792     -3.517     0.0123    -0.6227 -9.990e-29
 241.724462     -3.528   0.012882    13.0879    -1.9792     -3.499     0.0123    -0.6228 -9.990e-29
 241.724468     -3.510   0.012883    13.0906    -1.9791     -3.481     0.0123    -0.6232 -9.990e-29
 241.724473     -3.491   0.012883    13.0933    -1.9789     -3.462     0.0123    -0.6235 -9.990e-29
 241.724479     -3.476   0.012884    13.0949    -1.9790     -3.447     0.0123    -0.6237 -9.990e-29
 241.724485     -3.466   0.012885    13.0954    -1.9788     -3.437     0.0123    -0.6238 -9.990e-29
 241.724491     -3.459   0.012886    13.0959    -1.9787     -3.430     0.0123    -0.6238 -9.990e-29
 241.724497     -3.447   0.012886    13.0968    -1.9785     -3.418     0.0123    -0.6240 -9.990e-29
 241.724502     -3.432   0.012887    13.0979    -1.9782     -3.403     0.0123    -0.6241 -9.990e-29
 241.724508     -3.416   0.012888    13.0990    -1.9780     -3.388     0.0123    -0.6242 -9.990e-29
 241.724514     -3.402   0.012888    13.1004    -1.9778     -3.374     0.0123    -0.6244 -9.990e-29
 241.724520     -3.386   0.012889    13.1023    -1.9776     -3.358     0.0123    -0.6247 -9.990e-29
 241.724525     -3.365   0.012890    13.1042    -1.9775     -3.337     0.0123    -0.6249 -9.990e-29
 241.724531     -3.345   0.012890    13.1061    -1.9774     -3.317     0.0123    -0.6251 -9.990e-29
 241.724537     -3.322   0.012891    13.1088    -1.9773     -3.294     0.0123    -0.6255 -9.990e-29
 241.724543     -3.299   0.012892    13.1122    -1.9773     -3.271     0.0123    -0.6259 -9.990e-29
 241.724549     -3.281   0.012893    13.1164    -1.9771     -3.254     0.0123    -0.6265 -9.990e-29
 241.724554     -3.265   0.012893    13.1214    -1.9769     -3.238     0.0123    -0.6271 -9.990e-29
 241.724560     -3.250   0.012894    13.1265    -1.9768     -3.223     0.0123    -0.6278 -9.990e-29
 241.724566     -3.236   0.012895    13.1312    -1.9767     -3.209     0.0123    -0.6284 -9.990e-29
 241.724572     -3.222   0.012895    13.1351    -1.9764     -3.195     0.0123    -0.6289 -9.990e-29
 241.724578     -3.206   0.012896    13.1381    -1.9762     -3.179     0.0123    -0.6292 -9.990e-29
 241.724583     -3.188   0.012897    13.1407    -1.9758     -3.161     0.0123    -0.6296 -9.990e-29
 241.724589     -3.167   0.012897    13.1435    -1.9756     -3.141     0.0123    -0.6299 -9.990e-29
 241.724595     -3.141   0.012898    13.1463    -1.9756     -3.115     0.0123    -0.6303 -9.990e-29
 241.724601     -3.112   0.012899    13.1493    -1.9755     -3.086     0.0123    -0.6307 -9.990e-29
 241.724606     -3.088   0.012900    13.1523    -1.9754     -3.062     0.0123    -0.6311 -9.990e-29
 241.724612     -3.072   0.012900    13.1555    -1.9753     -3.046     0.0123    -0.6315 -9.990e-29
 241.724618     -3.058   0.012901    13.1597    -1.9752     -3.033     0.0123    -0.6320 -9.990e-29
 241.724624     -3.040   0.012902    13.1652    -1.9753     -3.015     0.0123    -0.6327 -9.990e-29
 241.724630     -3.022   0.012902    13.1713    -1.9752     -2.997     0.0123    -0.6335 -9.990e-29
 241.724635     -3.007   0.012903    13.1770    -1.9751     -2.982     0.0123    -0.6342 -9.990e-29
 241.724641     -2.995   0.012904    13.1813    -1.9751     -2.970     0.0123    -0.6348 -9.990e-29
 241.724647     -2.984   0.012904    13.1841    -1.9751     -2.959     0.0123    -0.6351 -9.990e-29
 241.724653     -2.974   0.012905    13.1863    -1.9750     -2.949     0.0123    -0.6354 -9.990e-29
 241.724659     -2.964   0.012906    13.1884    -1.9751     -2.939     0.0123    -0.6357 -9.990e-29
 241.724664     -2.953   0.012907    13.1901    -1.9750     -2.928     0.0123    -0.6359 -9.990e-29
 241.724670     -2.941   0.012907    13.1914    -1.9751     -2.916     0.0123    -0.6361 -9.990e-29
 241.724676     -2.927   0.012908    13.1925    -1.9752     -2.903     0.0123    -0.6362 -9.990e-29
 241.724682     -2.914   0.012909    13.1938    -1.9752     -2.890     0.0123    -0.6364 -9.990e-29
 241.724687     -2.906   0.012909    13.1949    -1.9752     -2.882     0.0123    -0.6365 -9.990e-29
 241.724693     -2.897   0.012910    13.1955    -1.9752     -2.873     0.0123    -0.6366 -9.990e-29
 241.724699     -2.885   0.012911    13.1960    -1.9753     -2.861     0.0123    -0.6367 -9.990e-29
 241.724705     -2.866   0.012911    13.1966    -1.9751     -2.842     0.0123    -0.6368 -9.990e-29
 241.724711     -2.841   0.012912    13.1971    -1.9744     -2.817     0.0123    -0.6368 -9.990e-29
 241.724716     -2.812   0.012913    13.1971    -1.9739     -2.789     0.0123    -0.6368 -9.990e-29
 241.724722     -2.785   0.012913    13.1964    -1.9738     -2.762     0.0123    -0.6367 -9.990e-29
 241.724728     -2.764   0.012914    13.1953    -1.9735     -2.741     0.0123    -0.6366 -9.990e-29
 241.724734     -2.746   0.012915    13.1945    -1.9737     -2.723     0.0123    -0.6365 -9.990e-29
 241.724740     -2.731   0.012916    13.1943    -1.9738     -2.708     0.0123    -0.6365 -9.990e-29
 241.724745     -2.718   0.012916    13.1948    -1.9738     -2.695     0.0123    -0.6365 -9.990e-29
 241.724751     -2.706   0.012917    13.1971    -1.9738     -2.683     0.0123    -0.6368 -9.990e-29
 241.724757     -2.694   0.012918    13.2031    -1.9737     -2.672     0.0123    -0.6376 -9.990e-29
 241.724763     -2.681   0.012918    13.2123    -1.9738     -2.659     0.0123    -0.6388 -9.990e-29
 241.724769     -2.671   0.012919    13.2206    -1.9736     -2.649     0.0123    -0.6398 -9.990e-29
 241.724774     -2.668   0.012920    13.2258    -1.9737     -2.646     0.0123    -0.6405 -9.990e-29
 241.724780     -2.667   0.012920    13.2284    -1.9740     -2.645     0.0123    -0.6409 -9.990e-29
 241.724786     -2.659   0.012921    13.2290    -1.9742     -2.637     0.0123    -0.6409 -9.990e-29
 241.724792     -2.640   0.012922    13.2285    -1.9744     -2.618     0.0123    -0.6409 -9.990e-29
 241.724797     -2.613   0.012923    13.2284    -1.9744     -2.591     0.0123    -0.6409 -9.990e-29
 241.724803     -2.584   0.012923    13.2288    -1.9742     -2.562     0.0123    -0.6409 -9.990e-29
 241.724809     -2.561   0.012923    13.2292    -1.9738     -2.540     0.0123    -0.6410 -9.990e-29
 241.724815     -2.542   0.012923    13.2298    -1.9737     -2.521     0.0123    -0.6410 -9.990e-29
 241.724821     -2.520   0.012922    13.2299    -1.9736     -2.499     0.0123    -0.6410 -9.990e-29
 241.724826     -2.500   0.012921    13.2282    -1.9736     -2.479     0.0123    -0.6408 -9.990e-29
 241.724832     -2.485   0.012920    13.2247    -1.9736     -2.464     0.0123    -0.6404 -9.990e-29
 241.724838     -2.472   0.012919    13.2208    -1.9735     -2.451     0.0123    -0.6399 -9.990e-29
 241.724844     -2.462   0.012918    13.2181    -1.9734     -2.441     0.0123    -0.6395 -9.990e-29
 241.724850     -2.453   0.012918    13.2182    -1.9733     -2.433     0.0123    -0.6395 -9.990e-29
 241.724855     -2.446   0.012917    13.2214    -1.9733     -2.426     0.0123    -0.6400 -9.990e-29
 241.724861     -2.440   0.012916    13.2260    -1.9733     -2.420     0.0123    -0.6405 -9.990e-29
 241.724867     -2.433   0.012915    13.2296    -1.9734     -2.413     0.0123    -0.6410 -9.990e-29
 241.724873     -2.427   0.012914    13.2316    -1.9735     -2.407     0.0123    -0.6413 -9.990e-29
 241.724878     -2.421   0.012913    13.2328    -1.9735     -2.401     0.0123    -0.6414 -9.990e-29
 241.724884     -2.413   0.012912    13.2341    -1.9736     -2.393     0.0123    -0.6416 -9.990e-29
 241.724890     -2.404   0.012911    13.2358    -1.9737     -2.384     0.0123    -0.6418 -9.990e-29
 241.724896     -2.394   0.012910    13.2375    -1.9738     -2.374     0.0123    -0.6420 -9.990e-29
 241.724902     -2.381   0.012909    13.2388    -1.9738     -2.361     0.0123    -0.6422 -9.990e-29
 241.724907     -2.364   0.012908    13.2396    -1.9739     -2.344     0.0123    -0.6423 -9.990e-29
 241.724913     -2.343   0.012908    13.2398    -1.9741     -2.323     0.0123    -0.6423 -9.990e-29
 241.724919     -2.320   0.012907    13.2390    -1.9741     -2.301     0.0123    -0.6422 -9.990e-29
 241.724925     -2.303   0.012906    13.2372    -1.9743     -2.284     0.0123    -0.6420 -9.990e-29
 241.724931     -2.295   0.012905    13.2352    -1.9746     -2.276     0.0123    -0.6417 -9.990e-29
 241.724936     -2.291   0.012904    13.2333    -1.9746     -2.272     0.0123    -0.6415 -9.990e-29
 241.724942     -2.286   0.012903    13.2313    -1.9745     -2.267     0.0123    -0.6412 -9.990e-29
 241.724948     -2.281   0.012902    13.2294    -1.9744     -2.262     0.0123    -0.6410 -9.990e-29
 241.724954     -2.274   0.012901    13.2276    -1.9745     -2.255     0.0123    -0.6408 -9.990e-29
 241.724959     -2.265   0.012900    13.2257    -1.9747     -2.246     0.0123    -0.6405 -9.990e-29
 241.724965     -2.255   0.012899    13.2235    -1.9747     -2.236     0.0123    -0.6402 -9.990e-29
 241.724971     -2.245   0.012898    13.2207    -1.9747     -2.226     0.0123    -0.6399 -9.990e-29
 241.724977     -2.241   0.012898    13.2174    -1.9746     -2.222     0.0123    -0.6394 -9.990e-29
 241.724983     -2.238   0.012897    13.2144    -1.9745     -2.219     0.0123    -0.6391 -9.990e-29
 241.724988     -2.230   0.012896    13.2131    -1.9745     -2.211     0.0123    -0.6389 -9.990e-29
 241.724994     -2.223   0.012895    13.2131    -1.9747     -2.204     0.0123    -0.6389 -9.990e-29
 241.725000     -2.219   0.012894    13.2132    -1.9746     -2.200     0.0123    -0.6389 -9.990e-29
 241.725006     -2.215   0.012893    13.2124    -1.9747     -2.197     0.0123    -0.6388 -9.990e-29
