data/oxygen options/ONMS/Olympic_Coast_National_Marine_Sanctuary_CTD_Data_2005_2023/raw_data/2017/CAST_TH015_170830faed.cnv
* Sea-Bird SBE 19 Data File:
* FileName = C:\2017 Mooring Data\Casts\CAST_TH015_170830.hex
* Software Version SeatermAF 2.1.2
* Temperature SN = 2997
* Conductivity SN = 2997
* System UpLoad Time = Aug 30 2017 18:34:03 (localtime) = Aug 30 2017 18:34:03 (UTC)
** CAST_TH015_170830
* ds
# nquan = 9                                 
# nvalues = 939                         
# units = specified
# name 0 = timeJ: Julian Days
# name 1 = prSM: Pressure, Strain Gauge [db]
# name 2 = c0mS/cm: Conductivity [mS/cm]
# name 3 = t090C: Temperature [ITS-90, deg C]
# name 4 = sbeox0ML/L: Oxygen, SBE 43 [ml/l]
# name 5 = depSM: Depth [salt water, m], lat = 47.5
# name 6 = sal00: Salinity, Practical [PSU]
# name 7 = sigma-é00: Density [sigma-theta, kg/m^3]
# name 8 = flag: flag
# span 0 = 242.763981, 242.769410       
# span 1 =     -5.104,     15.404       
# span 2 =   0.465556,  37.658972       
# span 3 =     9.7826,    14.4584       
# span 4 =    -1.9360,    17.8281       
# span 5 =     -5.061,     15.275       
# span 6 =     0.2877,    33.7919       
# span 7 =    -0.5341,    25.8676       
# span 8 = 0.0000e+00, 0.0000e+00       
# interval = seconds: 0.5
# start_time = Aug 30 2017 18:20:08 [Instrument's time stamp, header]
# bad_flag = -9.990e-29
*END*
[from data line 641]
 242.767691      9.641  36.556387    10.0037     5.8448      9.560    33.4267    25.7231 0.0000e+00
 242.767697      9.920  36.530759     9.9760     5.8000      9.837    33.4261    25.7273 0.0000e+00
 242.767703     10.197  36.517869     9.9578     5.7779     10.112    33.4297    25.7332 0.0000e+00
 242.767708     10.464  36.507215     9.9411     5.7446     10.376    33.4342    25.7395 0.0000e+00
 242.767714     10.724  36.491837     9.9239     5.7167     10.634    33.4344    25.7425 0.0000e+00
 242.767720     10.981  36.480323     9.9105     5.7077     10.889    33.4350    25.7452 0.0000e+00
 242.767726     11.236  36.475211     9.9022     5.6772     11.142    33.4373    25.7484 0.0000e+00
 242.767731     11.485  36.472452     9.8975     5.6683     11.389    33.4388    25.7503 0.0000e+00
 242.767737     11.729  36.470581     9.8949     5.6657     11.631    33.4392    25.7511 0.0000e+00
 242.767743     11.966  36.469313     9.8932     5.6690     11.866    33.4393    25.7515 0.0000e+00
 242.767749     12.198  36.468609     9.8915     5.6833     12.096    33.4401    25.7524 0.0000e+00
 242.767755     12.427  36.467504     9.8895     5.6942     12.323    33.4407    25.7532 0.0000e+00
 242.767760     12.650  36.465616     9.8879     5.6938     12.544    33.4402    25.7531 0.0000e+00
 242.767766     12.864  36.464320     9.8872     5.7020     12.756    33.4394    25.7526 0.0000e+00
 242.767772     13.066  36.464101     9.8881     5.6856     12.957    33.4383    25.7515 0.0000e+00
 242.767778     13.256  36.464640     9.8902     5.6756     13.145    33.4368    25.7500 0.0000e+00
 242.767784     13.437  36.465508     9.8913     5.6616     13.324    33.4366    25.7497 0.0000e+00
 242.767789     13.617  36.465595     9.8902     5.6375     13.503    33.4376    25.7507 0.0000e+00
 242.767795     13.802  36.464431     9.8880     5.6062     13.686    33.4384    25.7516 0.0000e+00
 242.767801     13.993  36.462676     9.8859     5.5756     13.876    33.4384    25.7521 0.0000e+00
 242.767807     14.182  36.461324     9.8840     5.5421     14.063    33.4387    25.7526 0.0000e+00
 242.767812     14.367  36.460226     9.8815     5.5259     14.247    33.4398    25.7539 0.0000e+00
 242.767818     14.544  36.457889     9.8777     5.4634     14.422    33.4409    25.7554 0.0000e+00
 242.767824     14.714  36.453971     9.8738     5.3781     14.591    33.4404    25.7557 0.0000e+00
 242.767830     14.865  36.449378     9.8712     5.2833     14.740    33.4381    25.7543 0.0000e+00
 242.767836     14.990  36.445798     9.8682     5.2237     14.864    33.4372    25.7540 -9.990e-29
 242.767841     15.097  36.443470     9.8612     5.2155     14.970    33.4413    25.7584 -9.990e-29
 242.767847     15.196  36.436464     9.8434     5.2708     15.069    33.4506    25.7686 -9.990e-29
 242.767853     15.286  36.415413     9.8140     5.3349     15.158    33.4563    25.7780 -9.990e-29
 242.767859     15.355  36.386381     9.7890     5.4265     15.226    33.4499    25.7771 -9.990e-29
 242.767865     15.395  36.369987     9.7826     5.5008     15.266    33.4390    25.7697 -9.990e-29
 242.767870     15.404  36.370656     9.7924     5.5552     15.275    33.4306    25.7615 -9.990e-29
 242.767876     15.382  36.380289     9.8104     5.5930     15.253    33.4237    25.7532 -9.990e-29
 242.767882     15.328  36.396025     9.8309     5.6161     15.200    33.4208    25.7475 -9.990e-29
 242.767888     15.244  36.414181     9.8484     5.6199     15.116    33.4232    25.7464 -9.990e-29
 242.767894     15.135  36.428145     9.8589     5.6239     15.008    33.4277    25.7482 -9.990e-29
 242.767899     15.014  36.436353     9.8639     5.6250     14.888    33.4315    25.7503 -9.990e-29
 242.767905     14.884  36.441887     9.8669     5.6482     14.759    33.4344    25.7521 0.0000e+00
 242.767911     14.746  36.445944     9.8697     5.6785     14.622    33.4360    25.7529 0.0000e+00
 242.767917     14.601  36.449427     9.8729     5.6976     14.479    33.4367    25.7529 0.0000e+00
 242.767922     14.446  36.453034     9.8762     5.7205     14.325    33.4374    25.7529 0.0000e+00
 242.767928     14.286  36.455950     9.8789     5.7134     14.166    33.4379    25.7528 0.0000e+00
 242.767934     14.122  36.458120     9.8815     5.7142     14.004    33.4378    25.7523 0.0000e+00
 242.767940     13.954  36.460172     9.8842     5.7108     13.837    33.4375    25.7516 0.0000e+00
 242.767946     13.782  36.462018     9.8866     5.7152     13.667    33.4372    25.7510 0.0000e+00
 242.767951     13.619  36.463294     9.8884     5.7152     13.505    33.4369    25.7504 0.0000e+00
 242.767957     13.465  36.463996     9.8898     5.7249     13.352    33.4364    25.7498 0.0000e+00
 242.767963     13.308  36.464475     9.8909     5.7094     13.197    33.4359    25.7493 0.0000e+00
 242.767969     13.141  36.465346     9.8923     5.7169     13.031    33.4356    25.7488 0.0000e+00
 242.767975     12.970  36.466621     9.8939     5.7128     12.861    33.4355    25.7484 0.0000e+00
 242.767980     12.799  36.467737     9.8947     5.7182     12.692    33.4360    25.7486 0.0000e+00
 242.767986     12.624  36.468476     9.8945     5.7118     12.518    33.4370    25.7495 0.0000e+00
 242.767992     12.448  36.468678     9.8943     5.7132     12.344    33.4375    25.7499 0.0000e+00
 242.767998     12.275  36.468589     9.8948     5.7348     12.172    33.4370    25.7494 0.0000e+00
 242.768003     12.109  36.468622     9.8959     5.7553     12.008    33.4361    25.7485 0.0000e+00
 242.768009     11.947  36.468799     9.8979     5.7869     11.847    33.4345    25.7469 0.0000e+00
 242.768015     11.786  36.469888     9.9007     5.8227     11.687    33.4331    25.7453 0.0000e+00
 242.768021     11.623  36.472197     9.9035     5.8677     11.526    33.4329    25.7447 0.0000e+00
 242.768027     11.449  36.474859     9.9063     5.9209     11.353    33.4331    25.7444 0.0000e+00
 242.768032     11.268  36.477478     9.9102     5.9963     11.174    33.4322    25.7431 0.0000e+00
 242.768038     11.084  36.480162     9.9157     6.0741     10.991    33.4299    25.7404 0.0000e+00
 242.768044     10.900  36.483664     9.9234     6.1891     10.809    33.4265    25.7364 0.0000e+00
 242.768050     10.711  36.488710     9.9348     6.3021     10.621    33.4211    25.7303 0.0000e+00
 242.768056     10.514  36.495842     9.9524     6.3969     10.426    33.4122    25.7204 0.0000e+00
 242.768061     10.305  36.506705     9.9757     6.4409     10.219    33.4018    25.7083 0.0000e+00
 242.768067     10.089  36.521759     9.9992     6.4305     10.005    33.3954    25.6995 0.0000e+00
 242.768073      9.877  36.541455    10.0207     6.3850      9.794    33.3957    25.6960 0.0000e+00
 242.768079      9.676  36.565151    10.0447     6.3435      9.595    33.3977    25.6936 0.0000e+00
 242.768084      9.484  36.587462    10.0776     6.3040      9.405    33.3900    25.6820 0.0000e+00
 242.768090      9.287  36.607312    10.1177     6.2662      9.209    33.3733    25.6622 0.0000e+00
 242.768096      9.081  36.627063    10.1556     6.2462      9.005    33.3584    25.6442 0.0000e+00
 242.768102      8.872  36.645031    10.1903     6.2250      8.798    33.3448    25.6276 0.0000e+00
 242.768108      8.661  36.662195    10.2260     6.2307      8.589    33.3294    25.6096 0.0000e+00
 242.768113      8.454  36.682941    10.2605     6.2217      8.383    33.3187    25.5954 0.0000e+00
 242.768119      8.259  36.706908    10.2877     6.2425      8.190    33.3180    25.5902 0.0000e+00
 242.768125      8.079  36.730753    10.3056     6.2573      8.011    33.3258    25.5932 0.0000e+00
 242.768131      7.909  36.750966    10.3163     6.2982      7.843    33.3364    25.5997 0.0000e+00
 242.768137      7.737  36.762558    10.3225     6.3489      7.672    33.3425    25.6033 0.0000e+00
 242.768142      7.552  36.766400    10.3266     6.4074      7.489    33.3427    25.6028 0.0000e+00
 242.768148      7.351  36.768148    10.3313     6.4645      7.290    33.3402    25.6001 0.0000e+00
 242.768154      7.142  36.771228    10.3399     6.5057      7.082    33.3355    25.5949 0.0000e+00
 242.768160      6.939  36.778602    10.3552     6.5417      6.881    33.3290    25.5872 0.0000e+00
 242.768166      6.745  36.791119    10.3772     6.5465      6.689    33.3215    25.5776 0.0000e+00
 242.768171      6.553  36.805281    10.4020     6.5572      6.498    33.3132    25.5668 0.0000e+00
 242.768177      6.353  36.818111    10.4245     6.5475      6.300    33.3055    25.5570 0.0000e+00
 242.768183      6.148  36.829352    10.4410     6.5522      6.097    33.3018    25.5513 0.0000e+00
 242.768189      5.939  36.838320    10.4517     6.5471      5.889    33.3012    25.5489 0.0000e+00
 242.768194      5.728  36.844112    10.4583     6.5610      5.680    33.3010    25.5476 0.0000e+00
 242.768200      5.514  36.847755    10.4623     6.5650      5.468    33.3011    25.5470 0.0000e+00
 242.768206      5.300  36.850770    10.4646     6.5764      5.256    33.3021    25.5474 0.0000e+00
 242.768212      5.085  36.853280    10.4659     6.5900      5.042    33.3036    25.5483 0.0000e+00
 242.768218      4.868  36.855294    10.4669     6.6108      4.827    33.3048    25.5491 0.0000e+00
 242.768223      4.653  36.857277    10.4679     6.6269      4.614    33.3060    25.5498 0.0000e+00
 242.768229      4.440  36.859097    10.4688     6.6343      4.403    33.3071    25.5505 0.0000e+00
 242.768235      4.222  36.860402    10.4702     6.6547      4.187    33.3072    25.5504 0.0000e+00
 242.768241      3.999  36.861272    10.4716     6.6598      3.966    33.3069    25.5499 0.0000e+00
 242.768247      3.774  36.861771    10.4721     6.6725      3.742    33.3070    25.5499 0.0000e+00
 242.768252      3.550  36.862027    10.4722     6.6810      3.520    33.3073    25.5501 0.0000e+00
 242.768258      3.330  36.862963    10.4725     6.7612      3.302    33.3080    25.5506 0.0000e+00
 242.768264      3.116  36.865290    10.4735     6.8896      3.090    33.3096    25.5516 0.0000e+00
 242.768270      2.909  36.867654    10.4762     7.0836      2.885    33.3096    25.5512 0.0000e+00
 242.768275      2.702  36.868746    10.4820     7.3235      2.679    33.3054    25.5469 0.0000e+00
 242.768281      2.497  36.870606    10.4939     7.5181      2.476    33.2965    25.5379 0.0000e+00
 242.768287      2.298  36.876856    10.5217     7.6676      2.279    33.2775    25.5183 0.0000e+00
 242.768293      2.107  36.894171    10.5738     7.7251      2.089    33.2473    25.4858 0.0000e+00
 242.768299      1.928  36.931102    10.6409     7.7370      1.912    33.2233    25.4553 0.0000e+00
 242.768304      1.756  36.990992    10.7049     7.7116      1.741    33.2250    25.4455 0.0000e+00
 242.768310      1.593  37.058515    10.7552     7.6870      1.580    33.2468    25.4537 0.0000e+00
 242.768316      1.446  37.104447    10.7901     7.6537      1.434    33.2609    25.4586 0.0000e+00
 242.768322      1.320  37.123978    10.8102     7.6423      1.309    33.2622    25.4560 -9.990e-29
 242.768328      1.213  37.134219    10.8188     7.6444      1.203    33.2646    25.4564 -9.990e-29
 242.768333      1.129  37.142690    10.8218     7.6460      1.120    33.2704    25.4604 -9.990e-29
 242.768339      1.065  37.148391    10.8224     7.6305      1.056    33.2755    25.4643 -9.990e-29
 242.768345      1.014  37.150542    10.8224     7.6059      1.006    33.2777    25.4660 -9.990e-29
 242.768351      0.964  37.150912    10.8246     7.6035      0.956    33.2761    25.4643 -9.990e-29
 242.768356      0.912  37.152816    10.8292     7.5873      0.904    33.2738    25.4617 -9.990e-29
 242.768362      0.863  37.157133    10.8340     7.5992      0.856    33.2738    25.4609 -9.990e-29
 242.768368      0.821  37.164043    10.8383     7.5757      0.814    33.2768    25.4624 -9.990e-29
 242.768374      0.790  37.172138    10.8417     7.5656      0.783    33.2818    25.4657 -9.990e-29
 242.768380      0.763  37.177115    10.8434     7.5767      0.757    33.2852    25.4681 -9.990e-29
 242.768385      0.733  37.178350    10.8452     7.5878      0.727    33.2848    25.4675 -9.990e-29
 242.768391      0.704  37.178630    10.8473     7.6037      0.698    33.2832    25.4658 -9.990e-29
 242.768397      0.681  37.179470    10.8483     7.5915      0.675    33.2831    25.4656 -9.990e-29
 242.768403      0.663  37.180894    10.8479     7.5938      0.657    33.2849    25.4671 -9.990e-29
 242.768409      0.646  37.182021    10.8464     7.5961      0.641    33.2874    25.4693 -9.990e-29
 242.768414      0.632  37.181573    10.8455     7.6120      0.627    33.2878    25.4697 -9.990e-29
 242.768420      0.624  37.179535    10.8463     7.6092      0.619    33.2850    25.4674 -9.990e-29
 242.768426      0.622  37.177693    10.8473     7.5993      0.617    33.2823    25.4651 -9.990e-29
 242.768432      0.622  37.176971    10.8474     7.5907      0.617    33.2815    25.4645 -9.990e-29
 242.768438      0.619  37.176990    10.8473     7.5919      0.614    33.2816    25.4646 -9.990e-29
 242.768443      0.618  37.177235    10.8473     7.6115      0.613    33.2818    25.4648 -9.990e-29
 242.768449      0.623  37.176933    10.8473     7.6085      0.618    33.2815    25.4645 -9.990e-29
 242.768455      0.633  37.176265    10.8473     7.6126      0.628    33.2809    25.4640 -9.990e-29
 242.768461      0.645  37.175479    10.8460     7.6004      0.640    33.2813    25.4646 -9.990e-29
 242.768466      0.657  37.173550    10.8428     7.6077      0.652    33.2822    25.4659 -9.990e-29
 242.768472      0.668  37.169046    10.8386     7.5970      0.662    33.2816    25.4661 -9.990e-29
 242.768478      0.675  37.163825    10.8365     7.5978      0.669    33.2783    25.4639 -9.990e-29
 242.768484      0.674  37.162708    10.8386     7.6001      0.668    33.2753    25.4612 -9.990e-29
 242.768490      0.669  37.166465    10.8425     7.5903      0.663    33.2755    25.4606 -9.990e-29
 242.768495      0.669  37.171164    10.8446     7.6008      0.663    33.2782    25.4624 -9.990e-29
 242.768501      0.678  37.173011    10.8443     7.5985      0.672    33.2803    25.4641 -9.990e-29
 242.768507      0.692  37.171693    10.8425     7.6073      0.686    33.2807    25.4647 -9.990e-29
 242.768513      0.704  37.169955    10.8407     7.5960      0.698    33.2806    25.4649 -9.990e-29
 242.768519      0.710  37.171101    10.8415     7.6050      0.704    33.2810    25.4651 -9.990e-29
 242.768524      0.709  37.176118    10.8460     7.5993      0.703    33.2819    25.4650 -9.990e-29
 242.768530      0.704  37.182196    10.8506     7.6049      0.698    33.2837    25.4657 -9.990e-29
 242.768536      0.696  37.185140    10.8518     7.6173      0.690    33.2856    25.4669 -9.990e-29
 242.768542      0.691  37.184416    10.8503     7.6069      0.685    33.2862    25.4677 -9.990e-29
 242.768547      0.683  37.182443    10.8493     7.6214      0.677    33.2852    25.4670 -9.990e-29
 242.768553      0.671  37.181651    10.8503     7.6141      0.665    33.2835    25.4655 -9.990e-29
 242.768559      0.665  37.183245    10.8519     7.6174      0.659    33.2836    25.4654 -9.990e-29
 242.768565      0.663  37.184892    10.8515     7.6110      0.657    33.2856    25.4670 -9.990e-29
 242.768571      0.661  37.184327    10.8491     7.5967      0.655    33.2873    25.4687 -9.990e-29
 242.768576      0.658  37.182500    10.8470     7.6098      0.653    33.2873    25.4691 -9.990e-29
 242.768582      0.656  37.180916    10.8458     7.6108      0.651    33.2869    25.4689 -9.990e-29
 242.768588      0.657  37.180283    10.8455     7.6319      0.652    33.2865    25.4687 -9.990e-29
 242.768594      0.666  37.180901    10.8461     7.6357      0.660    33.2866    25.4687 -9.990e-29
 242.768600      0.679  37.180253    10.8452     7.6361      0.673    33.2867    25.4690 -9.990e-29
 242.768605      0.690  37.176375    10.8425     7.6121      0.684    33.2853    25.4683 -9.990e-29
