data/oxygen options/ONMS/Olympic_Coast_National_Marine_Sanctuary_CTD_Data_2005_2023/raw_data/2017/CAST_MB042_170828faed.cnv
* Sea-Bird SBE 19 Data File:
* FileName = C:\2017 Mooring Data\Casts\CAST_MB042_170828.hex
* Software Version SeatermAF 2.1.2
* Temperature SN = 2997
* Conductivity SN = 2997
* System UpLoad Time = Aug 28 2017 23:21:37 (localtime) = Aug 28 2017 23:21:37 (UTC)
** CAST_MB042_170828
* ds
# nquan = 9                                 
# nvalues = 10856                       
# units = specified
# name 0 = timeJ: Julian Days
# name 1 = prSM: Pressure, Strain Gauge [db]
# name 2 = c0mS/cm: Conductivity [mS/cm]
# name 3 = t090C: Temperature [ITS-90, deg C]
# name 4 = sbeox0ML/L: Oxygen, SBE 43 [ml/l]
# name 5 = depSM: Depth [salt water, m], lat = 47.5
# name 6 = sal00: Salinity, Practical [PSU]
# name 7 = sigma-é00: Density [sigma-theta, kg/m^3]
# name 8 = flag: flag
# span 0 = 240.908912, 240.971730       
# span 1 =     -5.905,     41.768       
# span 2 =   0.410035,  39.187305       
# span 3 =     7.6478,    18.2542       
# span 4 =   -11.9271,    15.7591       
# span 5 =     -5.856,     41.415       
# span 6 =     0.2325,    33.8766       
# span 7 =    -1.2448,    26.4423       
# span 8 = 0.0000e+00, 0.0000e+00       
# interval = seconds: 0.5
# start_time = Aug 28 2017 21:48:50 [Instrument's time stamp, header]
# bad_flag = -9.990e-29
*END*
[from data line 6881]
 240.948733      1.068   0.437004    17.7231    -1.7963      1.059     0.2468    -1.1624 -9.990e-29
 240.948738      1.068   0.439098    17.7286    -1.7971      1.059     0.2480    -1.1625 -9.990e-29
 240.948744      1.067   0.439338    17.7353    -1.7973      1.058     0.2481    -1.1636 -9.990e-29
 240.948750      1.067   0.438046    17.7436    -1.7971      1.058     0.2473    -1.1658 -9.990e-29
 240.948756      1.067   0.436268    17.7525    -1.7961      1.058     0.2462    -1.1682 -9.990e-29
 240.948762      1.067   0.434958    17.7595    -1.7953      1.058     0.2454    -1.1701 -9.990e-29
 240.948767      1.066   0.434584    17.7625    -1.7954      1.057     0.2452    -1.1708 -9.990e-29
 240.948773      1.066   0.434650    17.7606    -1.7960      1.057     0.2453    -1.1704 -9.990e-29
 240.948779      1.065   0.434133    17.7525    -1.7965      1.056     0.2450    -1.1692 -9.990e-29
 240.948785      1.064   0.432344    17.7386    -1.7966      1.055     0.2440    -1.1673 -9.990e-29
 240.948791      1.063   0.429668    17.7250    -1.7965      1.054     0.2426    -1.1660 -9.990e-29
 240.948796      1.062   0.427524    17.7198    -1.7964      1.053     0.2414    -1.1660 -9.990e-29
 240.948802      1.060   0.426930    17.7260    -1.7959      1.051     0.2410    -1.1674 -9.990e-29
 240.948808      1.058   0.427651    17.7397    -1.7955      1.049     0.2413    -1.1696 -9.990e-29
 240.948814      1.055   0.428986    17.7505    -1.7951      1.046     0.2420    -1.1711 -9.990e-29
 240.948819      1.051   0.431053    17.7511    -1.7949      1.042     0.2432    -1.1703 -9.990e-29
 240.948825      1.047   0.434391    17.7434    -1.7949      1.038     0.2452    -1.1673 -9.990e-29
 240.948831      1.041   0.437911    17.7349    -1.7952      1.032     0.2473    -1.1642 -9.990e-29
 240.948837      1.037   0.439659    17.7314    -1.7953      1.028     0.2483    -1.1628 -9.990e-29
 240.948843      1.040   0.439197    17.7332    -1.7957      1.031     0.2480    -1.1633 -9.990e-29
 240.948848      1.046   0.437569    17.7387    -1.7958      1.037     0.2471    -1.1650 -9.990e-29
 240.948854      1.050   0.435931    17.7474    -1.7960      1.041     0.2461    -1.1674 -9.990e-29
 240.948860      1.053   0.434868    17.7573    -1.7959      1.044     0.2454    -1.1697 -9.990e-29
 240.948866      1.055   0.434624    17.7661    -1.7963      1.046     0.2452    -1.1715 -9.990e-29
 240.948872      1.056   0.434874    17.7712    -1.7966      1.047     0.2453    -1.1723 -9.990e-29
 240.948877      1.056   0.434843    17.7712    -1.7971      1.047     0.2453    -1.1723 -9.990e-29
 240.948883      1.056   0.433935    17.7677    -1.7972      1.047     0.2448    -1.1721 -9.990e-29
 240.948889      1.055   0.432051    17.7624    -1.7973      1.046     0.2437    -1.1719 -9.990e-29
 240.948895      1.053   0.430001    17.7565    -1.7974      1.044     0.2426    -1.1717 -9.990e-29
 240.948900      1.050   0.428930    17.7513    -1.7970      1.041     0.2420    -1.1712 -9.990e-29
 240.948906      1.046   0.429074    17.7466    -1.7971      1.037     0.2421    -1.1703 -9.990e-29
 240.948912      1.040   0.430070    17.7414    -1.7971      1.031     0.2427    -1.1689 -9.990e-29
 240.948918      1.037   0.432136    17.7343    -1.7975      1.028     0.2440    -1.1666 -9.990e-29
 240.948924      1.041   0.435259    17.7256    -1.7982      1.032     0.2458    -1.1636 -9.990e-29
 240.948929      1.047   0.438062    17.7179    -1.7983      1.038     0.2475    -1.1609 -9.990e-29
 240.948935      1.051   0.438744    17.7130    -1.7982      1.042     0.2479    -1.1597 -9.990e-29
 240.948941      1.055   0.436551    17.7105    -1.7986      1.046     0.2466    -1.1602 -9.990e-29
 240.948947      1.058   0.432991    17.7103    -1.7987      1.049     0.2446    -1.1618 -9.990e-29
 240.948953      1.060   0.431073    17.7116    -1.7988      1.051     0.2435    -1.1629 -9.990e-29
 240.948958      1.062   0.432119    17.7116    -1.7987      1.053     0.2441    -1.1624 -9.990e-29
 240.948964      1.063   0.434199    17.7077    -1.7984      1.054     0.2453    -1.1608 -9.990e-29
 240.948970      1.064   0.434547    17.6990    -1.7981      1.055     0.2455    -1.1590 -9.990e-29
 240.948976      1.065   0.433075    17.6891    -1.7981      1.056     0.2447    -1.1578 -9.990e-29
 240.948981      1.066   0.431695    17.6827    -1.7981      1.057     0.2440    -1.1572 -9.990e-29
 240.948987      1.066   0.431338    17.6785    -1.7985      1.057     0.2438    -1.1566 -9.990e-29
 240.948993      1.067   0.431529    17.6738    -1.7987      1.058     0.2439    -1.1556 -9.990e-29
 240.948999      1.067   0.431413    17.6698    -1.7984      1.058     0.2439    -1.1549 -9.990e-29
 240.949005      1.067   0.430837    17.6685    -1.7984      1.058     0.2436    -1.1549 -9.990e-29
 240.949010      1.067   0.430697    17.6707    -1.7983      1.058     0.2435    -1.1554 -9.990e-29
 240.949016      1.068   0.431913    17.6755    -1.7985      1.059     0.2442    -1.1558 -9.990e-29
 240.949022      1.068   0.434443    17.6797    -1.7985      1.059     0.2456    -1.1554 -9.990e-29
 240.949028      1.068   0.437231    17.6810    -1.7982      1.059     0.2472    -1.1544 -9.990e-29
 240.949034      1.068   0.439008    17.6790    -1.7980      1.059     0.2482    -1.1533 -9.990e-29
 240.949039      1.068   0.439374    17.6751    -1.7983      1.059     0.2485    -1.1524 -9.990e-29
 240.949045      1.068   0.438815    17.6730    -1.7988      1.059     0.2482    -1.1522 -9.990e-29
 240.949051      1.068   0.438250    17.6740    -1.7992      1.059     0.2478    -1.1527 -9.990e-29
 240.949057      1.069   0.438033    17.6757    -1.7991      1.060     0.2477    -1.1531 -9.990e-29
 240.949063      1.069   0.437320    17.6762    -1.7992      1.060     0.2473    -1.1535 -9.990e-29
 240.949068      1.069   0.435715    17.6758    -1.7994      1.060     0.2464    -1.1541 -9.990e-29
 240.949074      1.069   0.434403    17.6760    -1.7999      1.060     0.2456    -1.1548 -9.990e-29
 240.949080      1.069   0.434957    17.6777    -1.7996      1.060     0.2459    -1.1548 -9.990e-29
 240.949086      1.070   0.437563    17.6775    -1.7993      1.061     0.2474    -1.1536 -9.990e-29
 240.949091      1.070   0.440711    17.6723    -1.7996      1.061     0.2493    -1.1513 -9.990e-29
 240.949097      1.071   0.443057    17.6638    -1.7996      1.062     0.2507    -1.1486 -9.990e-29
 240.949103      1.072   0.444407    17.6565    -1.7994      1.063     0.2515    -1.1467 -9.990e-29
 240.949109      1.073   0.444897    17.6524    -1.7992      1.064     0.2518    -1.1457 -9.990e-29
 240.949115      1.075   0.444629    17.6490    -1.7992      1.066     0.2517    -1.1452 -9.990e-29
 240.949120      1.076   0.443799    17.6442    -1.7991      1.067     0.2512    -1.1447 -9.990e-29
 240.949126      1.079   0.442961    17.6407    -1.7986      1.070     0.2507    -1.1444 -9.990e-29
 240.949132      1.082   0.442662    17.6416    -1.7981      1.073     0.2506    -1.1447 -9.990e-29
 240.949138      1.086   0.442502    17.6438    -1.7977      1.077     0.2505    -1.1452 -9.990e-29
 240.949144      1.091   0.441716    17.6442    -1.7976      1.082     0.2500    -1.1456 -9.990e-29
 240.949149      1.098   0.440361    17.6450    -1.7973      1.089     0.2492    -1.1463 -9.990e-29
 240.949155      1.102   0.439401    17.6475    -1.7974      1.093     0.2486    -1.1472 -9.990e-29
 240.949161      1.100   0.439774    17.6506    -1.7976      1.091     0.2488    -1.1476 -9.990e-29
 240.949167      1.095   0.441423    17.6541    -1.7977      1.086     0.2498    -1.1476 -9.990e-29
 240.949172      1.093   0.443776    17.6598    -1.7980      1.084     0.2511    -1.1476 -9.990e-29
 240.949178      1.092   0.446092    17.6692    -1.7981      1.083     0.2524    -1.1483 -9.990e-29
 240.949184      1.092   0.447584    17.6799    -1.7981      1.083     0.2532    -1.1496 -9.990e-29
 240.949190      1.094   0.448023    17.6888    -1.7981      1.085     0.2534    -1.1511 -9.990e-29
 240.949196      1.098   0.447994    17.6950    -1.7980      1.089     0.2533    -1.1523 -9.990e-29
 240.949201      1.104   0.448570    17.6988    -1.7982      1.095     0.2537    -1.1527 -9.990e-29
 240.949207      1.107   0.449963    17.6991    -1.7980      1.098     0.2545    -1.1521 -9.990e-29
 240.949213      1.105   0.450706    17.6967    -1.7977      1.096     0.2549    -1.1514 -9.990e-29
 240.949219      1.100   0.449574    17.6929    -1.7977      1.091     0.2543    -1.1512 -9.990e-29
 240.949225      1.098   0.447276    17.6885    -1.7972      1.089     0.2530    -1.1514 -9.990e-29
 240.949230      1.098   0.445179    17.6850    -1.7964      1.089     0.2518    -1.1516 -9.990e-29
 240.949236      1.099   0.444364    17.6833    -1.7957      1.090     0.2513    -1.1517 -9.990e-29
 240.949242      1.103   0.445407    17.6830    -1.7952      1.094     0.2519    -1.1512 -9.990e-29
 240.949248      1.104   0.447483    17.6832    -1.7949      1.095     0.2531    -1.1503 -9.990e-29
 240.949253      1.100   0.448926    17.6840    -1.7947      1.091     0.2539    -1.1498 -9.990e-29
 240.949259      1.093   0.449444    17.6871    -1.7948      1.084     0.2542    -1.1501 -9.990e-29
 240.949265      1.087   0.450284    17.6922    -1.7949      1.078     0.2547    -1.1507 -9.990e-29
 240.949271      1.083   0.452011    17.6995    -1.7949      1.074     0.2556    -1.1513 -9.990e-29
 240.949277      1.080   0.453605    17.7120    -1.7950      1.071     0.2565    -1.1529 -9.990e-29
 240.949282      1.077   0.454419    17.7288    -1.7949      1.068     0.2569    -1.1557 -9.990e-29
 240.949288      1.075   0.455540    17.7451    -1.7953      1.066     0.2574    -1.1583 -9.990e-29
 240.949294      1.073   0.457907    17.7580    -1.7957      1.064     0.2587    -1.1596 -9.990e-29
 240.949300      1.072   0.460798    17.7674    -1.7960      1.063     0.2603    -1.1601 -9.990e-29
 240.949306      1.071   0.462530    17.7727    -1.7957      1.062     0.2613    -1.1603 -9.990e-29
 240.949311      1.070   0.462086    17.7739    -1.7961      1.061     0.2610    -1.1607 -9.990e-29
 240.949317      1.070   0.459984    17.7730    -1.7960      1.061     0.2598    -1.1615 -9.990e-29
 240.949323      1.069   0.457296    17.7717    -1.7956      1.060     0.2583    -1.1625 -9.990e-29
 240.949329      1.069   0.454872    17.7702    -1.7956      1.060     0.2569    -1.1633 -9.990e-29
 240.949334      1.069   0.453358    17.7670    -1.7957      1.060     0.2560    -1.1633 -9.990e-29
 240.949340      1.069   0.452950    17.7601    -1.7963      1.060     0.2558    -1.1622 -9.990e-29
 240.949346      1.069   0.453660    17.7515    -1.7964      1.060     0.2563    -1.1603 -9.990e-29
 240.949352      1.068   0.455878    17.7456    -1.7961      1.059     0.2576    -1.1582 -9.990e-29
 240.949358      1.068   0.459793    17.7424    -1.7959      1.059     0.2599    -1.1559 -9.990e-29
 240.949363      1.068   0.464530    17.7403    -1.7957      1.059     0.2627    -1.1534 -9.990e-29
 240.949369      1.068   0.468651    17.7415    -1.7958      1.059     0.2650    -1.1517 -9.990e-29
 240.949375      1.068   0.471001    17.7453    -1.7964      1.059     0.2664    -1.1514 -9.990e-29
 240.949381      1.068   0.470835    17.7466    -1.7967      1.059     0.2663    -1.1517 -9.990e-29
 240.949387      1.068   0.468487    17.7427    -1.7967      1.059     0.2649    -1.1520 -9.990e-29
 240.949392      1.068   0.465812    17.7365    -1.7970      1.059     0.2634    -1.1521 -9.990e-29
 240.949398      1.068   0.464782    17.7335    -1.7967      1.059     0.2628    -1.1520 -9.990e-29
 240.949404      1.068   0.466242    17.7354    -1.7959      1.059     0.2637    -1.1517 -9.990e-29
 240.949410      1.068   0.469366    17.7390    -1.7950      1.059     0.2655    -1.1510 -9.990e-29
 240.949416      1.068   0.471673    17.7407    -1.7944      1.059     0.2668    -1.1502 -9.990e-29
 240.949421      1.068   0.471254    17.7372    -1.7943      1.059     0.2666    -1.1498 -9.990e-29
 240.949427      1.068   0.469210    17.7292    -1.7943      1.059     0.2654    -1.1492 -9.990e-29
 240.949433      1.068   0.468356    17.7217    -1.7938      1.059     0.2650    -1.1482 -9.990e-29
 240.949439      1.068   0.469772    17.7176    -1.7937      1.059     0.2658    -1.1468 -9.990e-29
 240.949444      1.068   0.472022    17.7177    -1.7936      1.059     0.2671    -1.1458 -9.990e-29
 240.949450      1.067   0.473674    17.7254    -1.7931      1.058     0.2680    -1.1465 -9.990e-29
 240.949456      1.067   0.475266    17.7410    -1.7925      1.058     0.2689    -1.1487 -9.990e-29
 240.949462      1.067   0.477813    17.7597    -1.7920      1.058     0.2702    -1.1511 -9.990e-29
 240.949468      1.067   0.480281    17.7751    -1.7917      1.058     0.2716    -1.1529 -9.990e-29
 240.949473      1.067   0.480418    17.7843    -1.7915      1.058     0.2716    -1.1545 -9.990e-29
 240.949479      1.066   0.477855    17.7904    -1.7912      1.057     0.2701    -1.1568 -9.990e-29
 240.949485      1.066   0.474714    17.7967    -1.7912      1.057     0.2682    -1.1594 -9.990e-29
 240.949491      1.065   0.474009    17.8023    -1.7912      1.056     0.2678    -1.1608 -9.990e-29
 240.949497      1.064   0.477569    17.8088    -1.7911      1.055     0.2698    -1.1604 -9.990e-29
 240.949502      1.063   0.484048    17.8194    -1.7911      1.054     0.2735    -1.1595 -9.990e-29
 240.949508      1.062   0.489898    17.8327    -1.7912      1.053     0.2768    -1.1594 -9.990e-29
 240.949514      1.060   0.492392    17.8454    -1.7914      1.051     0.2781    -1.1607 -9.990e-29
 240.949520      1.058   0.491529    17.8555    -1.7915      1.049     0.2776    -1.1630 -9.990e-29
 240.949525      1.055   0.489483    17.8632    -1.7911      1.046     0.2763    -1.1654 -9.990e-29
 240.949531      1.051   0.487959    17.8688    -1.7905      1.042     0.2754    -1.1671 -9.990e-29
 240.949537      1.050   0.487141    17.8722    -1.7901      1.041     0.2749    -1.1681 -9.990e-29
 240.949543      1.057   0.486492    17.8742    -1.7896      1.048     0.2745    -1.1688 -9.990e-29
 240.949549      1.067   0.485700    17.8756    -1.7895      1.058     0.2741    -1.1694 -9.990e-29
 240.949554      1.077   0.484818    17.8756    -1.7897      1.068     0.2736    -1.1698 -9.990e-29
 240.949560      1.088   0.483778    17.8736    -1.7896      1.079     0.2730    -1.1699 -9.990e-29
 240.949566      1.100   0.482857    17.8715    -1.7897      1.091     0.2725    -1.1699 -9.990e-29
 240.949572      1.114   0.483594    17.8724    -1.7896      1.105     0.2729    -1.1697 -9.990e-29
 240.949578      1.123   0.488080    17.8785    -1.7897      1.114     0.2754    -1.1689 -9.990e-29
 240.949583      1.118   0.495650    17.8893    -1.7903      1.109     0.2797    -1.1675 -9.990e-29
 240.949589      1.107   0.501991    17.9015    -1.7907      1.098     0.2833    -1.1670 -9.990e-29
 240.949595      1.099   0.503371    17.9115    -1.7907      1.090     0.2841    -1.1683 -9.990e-29
 240.949601      1.093   0.500524    17.9160    -1.7905      1.084     0.2824    -1.1704 -9.990e-29
 240.949606      1.089   0.497408    17.9159    -1.7904      1.080     0.2806    -1.1718 -9.990e-29
 240.949612      1.086   0.497071    17.9146    -1.7904      1.077     0.2804    -1.1717 -9.990e-29
 240.949618      1.083   0.499618    17.9135    -1.7906      1.074     0.2819    -1.1704 -9.990e-29
 240.949624      1.082   0.502906    17.9118    -1.7903      1.073     0.2838    -1.1686 -9.990e-29
 240.949630      1.082   0.504668    17.9070    -1.7901      1.073     0.2849    -1.1669 -9.990e-29
 240.949635      1.083   0.504484    17.8988    -1.7900      1.074     0.2848    -1.1654 -9.990e-29
 240.949641      1.085   0.503217    17.8917    -1.7899      1.076     0.2841    -1.1646 -9.990e-29
 240.949647      1.087   0.501393    17.8897    -1.7896      1.078     0.2831    -1.1651 -9.990e-29
