data/oxygen options/ONMS/Olympic_Coast_National_Marine_Sanctuary_CTD_Data_2005_2023/raw_data/2017/CAST_CA042_170828faedb.cnv
* Sea-Bird SBE19 Data File:
* FileName = C:\2017 Mooring Data\Casts\CAST_CA042_170828.hex
* Software Version 1.59
* Temperature SN = 2997
* Conductivity SN = 2997
* System UpLoad Time = Aug 28 2017 18:49:38
** CAST_CA042_170828
* ds
# nquan = 9
# nvalues = 41                          
# units = specified
# name 0 = timeJ: Julian Days
# name 1 = prSM: Pressure, Strain Gauge [db]
# name 2 = c0mS/cm: Conductivity [mS/cm]
# name 3 = t090C: Temperature [ITS-90, deg C]
# name 4 = sbeox0ML/L: Oxygen, SBE 43 [ml/l]
# name 5 = depSM: Depth [salt water, m], lat = 47.5
# name 6 = sal00: Salinity, Practical [PSU]
# name 7 = sigma-é00: Density [sigma-theta, kg/m^3]
# name 8 = flag: flag
# span 0 = 240.750762, 240.751613       
# span 1 =      2.000,     42.000       
# span 2 =  35.012578,  35.895263       
# span 3 =     7.8454,     9.9147       
# span 4 =     2.1885,     4.3959       
# span 5 =      1.983,     41.645       
# span 6 =    32.8136,    33.8444       
# span 7 =    25.2593,    26.3891       
# span 8 = 0.0000e+00, 0.0000e+00       
# interval = decibars: 1                
# start_time = Aug 28 2017 17:51:27 [Instrument's time stamp, header]
# bad_flag = -9.990e-29
*END*
 240.750762      2.000  35.870018     9.9147     4.3959      1.983    32.8136    25.2593 0.0000e+00
 240.750797      3.000  35.895263     9.8982     4.3361      2.975    32.8539    25.2935 0.0000e+00
 240.750824      4.000  35.873461     9.8513     4.3258      3.967    32.8740    25.3169 0.0000e+00
 240.750849      5.000  35.847106     9.7919     4.2914      4.958    32.9010    25.3478 0.0000e+00
 240.750870      6.000  35.833838     9.7481     4.1725      5.950    32.9270    25.3754 0.0000e+00
 240.750889      7.000  35.729096     9.5651     4.1310      6.941    32.9873    25.4523 0.0000e+00
 240.750908      8.000  35.656897     9.4555     4.1237      7.933    33.0135    25.4906 0.0000e+00
 240.750927      9.000  35.649075     9.3970     4.1372      8.925    33.0590    25.5356 0.0000e+00
 240.750944     10.000  35.666392     9.3957     4.1045      9.916    33.0776    25.5503 0.0000e+00
 240.750962     11.000  35.712398     9.4173     4.0707     10.908    33.1046    25.5679 0.0000e+00
 240.750979     12.000  35.737213     9.4160     4.0574     11.900    33.1309    25.5888 0.0000e+00
 240.750996     13.000  35.736347     9.3971     3.9692     12.891    33.1471    25.6045 0.0000e+00
 240.751013     14.000  35.733678     9.3694     3.8129     13.883    33.1696    25.6265 0.0000e+00
 240.751029     15.000  35.665374     9.2925     3.6276     14.874    33.1699    25.6392 0.0000e+00
 240.751046     16.000  35.577941     9.1413     3.5346     15.866    33.2196    25.7021 0.0000e+00
 240.751061     17.000  35.508222     8.9920     3.5341     16.858    33.2862    25.7778 0.0000e+00
 240.751078     18.000  35.441084     8.9006     3.5356     17.849    33.3013    25.8040 0.0000e+00
 240.751096     19.000  35.408176     8.8743     3.4817     18.840    33.2913    25.8002 0.0000e+00
 240.751114     20.000  35.395633     8.8391     3.4420     19.832    33.3107    25.8209 0.0000e+00
 240.751131     21.000  35.335805     8.7451     3.4556     20.824    33.3360    25.8553 0.0000e+00
 240.751148     22.000  35.314158     8.7222     3.4800     21.815    33.3344    25.8576 0.0000e+00
 240.751168     23.000  35.321410     8.7361     3.4564     22.806    33.3285    25.8509 0.0000e+00
 240.751191     24.000  35.314480     8.7189     3.4521     23.798    33.3369    25.8601 0.0000e+00
 240.751210     25.000  35.300427     8.6980     3.4320     24.790    33.3414    25.8668 0.0000e+00
 240.751229     26.000  35.289665     8.6751     3.4078     25.781    33.3513    25.8782 0.0000e+00
 240.751247     27.000  35.236742     8.6155     3.3696     26.773    33.3514    25.8875 0.0000e+00
 240.751270     28.000  35.217551     8.5852     3.1838     27.764    33.3594    25.8983 0.0000e+00
 240.751293     29.000  35.093483     8.3597     2.8427     28.756    33.4416    25.9970 0.0000e+00
 240.751310     30.000  35.027686     8.1755     2.3870     29.748    33.5469    26.1072 0.0000e+00
 240.751328     31.000  35.029531     8.0277     2.1885     30.739    33.6903    26.2416 0.0000e+00
 240.751347     32.000  35.023096     7.9040     2.1960     31.730    33.8024    26.3478 0.0000e+00
 240.751367     33.000  35.020727     7.8681     2.2474     32.722    33.8341    26.3781 0.0000e+00
 240.751387     34.000  35.016249     7.8598     2.2705     33.713    33.8369    26.3815 0.0000e+00
 240.751406     35.000  35.016539     7.8577     2.2510     34.705    33.8387    26.3831 0.0000e+00
 240.751423     36.000  35.012840     7.8519     2.2543     35.696    33.8399    26.3850 0.0000e+00
 240.751444     37.000  35.016305     7.8565     2.2628     36.688    33.8386    26.3833 0.0000e+00
 240.751469     38.000  35.015744     7.8549     2.2610     37.679    33.8391    26.3839 0.0000e+00
 240.751496     39.000  35.012894     7.8483     2.2526     38.671    33.8420    26.3872 0.0000e+00
 240.751536     40.000  35.015814     7.8485     2.2393     39.662    33.8444    26.3891 0.0000e+00
 240.751566     41.000  35.012578     7.8454     2.2538     40.653    33.8435    26.3888 0.0000e+00
 240.751613     42.000  35.013631     7.8470     2.2410     41.645    33.8426    26.3879 0.0000e+00
