data/oxygen options/ONMS/Olympic_Coast_National_Marine_Sanctuary_CTD_Data_2005_2023/raw_data/2017/CAST_KL027_170926faedb.cnv
* Sea-Bird SBE 19 Data File:
* FileName = C:\2017 Mooring Data\Casts\CAST_KL027_170926.hex
* Software Version SeatermAF 2.1.2
* Temperature SN = 2997
* Conductivity SN = 2997
* System UpLoad Time = Sep 26 2017 23:04:36 (localtime) = Sep 26 2017 23:04:36 (UTC)
** CAST_KL027_170926
* ds
# nquan = 9
# nvalues = 28                          
# units = specified
# name 0 = timeJ: Julian Days
# name 1 = prSM: Pressure, Strain Gauge [db]
# name 2 = c0mS/cm: Conductivity [mS/cm]
# name 3 = t090C: Temperature [ITS-90, deg C]
# name 4 = sbeox0ML/L: Oxygen, SBE 43 [ml/l]
# name 5 = depSM: Depth [salt water, m], lat = 47.5
# name 6 = sal00: Salinity, Practical [PSU]
# name 7 = sigma-é00: Density [sigma-theta, kg/m^3]
# name 8 = flag: flag
# span 0 = 269.941870, 269.942632       
# span 1 =      1.000,     28.000       
# span 2 =  35.900329,  38.724154       
# span 3 =     9.1975,    15.0626       
# span 4 =     0.6225,     6.8029       
# span 5 =      0.992,     27.765       
# span 6 =    31.1556,    33.4961       
# span 7 =    22.9968,    25.9097       
# span 8 = 0.0000e+00, 0.0000e+00       
# interval = decibars: 1                
# start_time = Sep 26 2017 22:29:13 [Instrument's time stamp, header]
# bad_flag = -9.990e-29
*END*
 269.941870      1.000  38.724154    15.0626     6.5783      0.992    31.1556    22.9968 0.0000e+00
 269.941906      2.000  38.660077    14.9874     6.6417      1.983    31.1577    23.0145 0.0000e+00
 269.941937      3.000  38.622018    14.9230     6.7450      2.975    31.1746    23.0412 0.0000e+00
 269.941966      4.000  38.575106    14.8523     6.8029      3.967    31.1885    23.0670 0.0000e+00
 269.941994      5.000  38.551266    14.7984     6.6605      4.958    31.2099    23.0948 0.0000e+00
 269.942020      6.000  38.531938    14.7092     6.5187      5.950    31.2636    23.1549 0.0000e+00
 269.942044      7.000  38.504713    14.6308     6.4393      6.942    31.3016    23.2007 0.0000e+00
 269.942070      8.000  38.467512    14.5740     6.4021      7.933    31.3134    23.2217 0.0000e+00
 269.942098      9.000  38.420367    14.5166     6.3437      8.925    31.3166    23.2362 0.0000e+00
 269.942122     10.000  38.431778    14.4777     6.2807      9.917    31.3579    23.2762 0.0000e+00
 269.942150     11.000  38.447049    14.4350     6.1111     10.908    31.4061    23.3222 0.0000e+00
 269.942178     12.000  38.432062    14.3447     6.2011     11.899    31.4653    23.3867 0.0000e+00
 269.942206     13.000  38.469862    14.2980     6.3239     12.891    31.5375    23.4520 0.0000e+00
 269.942232     14.000  38.541248    14.1645     6.2761     13.883    31.7116    23.6139 0.0000e+00
 269.942257     15.000  38.557935    14.0890     6.1300     14.874    31.7887    23.6889 0.0000e+00
 269.942285     16.000  38.523336    14.0129     5.8492     15.866    31.8194    23.7282 0.0000e+00
 269.942315     17.000  38.520418    13.9022     5.4200     16.857    31.9081    23.8193 0.0000e+00
 269.942340     18.000  38.523471    13.7073     5.3021     17.849    32.0730    23.9862 0.0000e+00
 269.942366     19.000  38.467216    13.5890     5.1231     18.841    32.1196    24.0461 0.0000e+00
 269.942400     20.000  38.403359    13.4217     4.6218     19.832    32.2006    24.1422 0.0000e+00
 269.942430     21.000  38.259003    13.0668     2.6227     20.824    32.3664    24.3406 0.0000e+00
 269.942455     22.000  37.644981    11.9250     2.0202     21.815    32.7690    24.8703 0.0000e+00
 269.942487     23.000  37.097851    11.1003     1.3655     22.807    32.9652    25.1740 0.0000e+00
 269.942516     24.000  36.464395     9.9864     0.6225     23.798    33.3430    25.6600 0.0000e+00
 269.942545     25.000  35.976407     9.3387     0.6948     24.790    33.4439    25.8461 0.0000e+00
 269.942572     26.000  35.912146     9.2136     0.7475     25.781    33.4942    25.9056 0.0000e+00
 269.942600     27.000  35.906483     9.2066     0.7467     26.773    33.4944    25.9069 0.0000e+00
 269.942632     28.000  35.900329     9.1975     0.7280     27.765    33.4961    25.9097 0.0000e+00
