data/oxygen options/ONMS/Olympic_Coast_National_Marine_Sanctuary_CTD_Data_2005_2023/raw_data/2017/CAST_KL027_170829faed.cnv
* Sea-Bird SBE 19 Data File:
* FileName = C:\2017 Mooring Data\Casts\CAST_KL027_082917.hex
* Software Version SeatermAF 2.1.2
* Temperature SN = 2997
* Conductivity SN = 2997
* System UpLoad Time = Aug 29 2017 18:52:26 (localtime) = Aug 29 2017 18:52:26 (UTC)
** CAST_KL027_082917
* ds
# nquan = 9                                 
# nvalues = 1098                        
# units = specified
# name 0 = timeJ: Julian Days
# name 1 = prSM: Pressure, Strain Gauge [db]
# name 2 = c0mS/cm: Conductivity [mS/cm]
# name 3 = t090C: Temperature [ITS-90, deg C]
# name 4 = sbeox0ML/L: Oxygen, SBE 43 [ml/l]
# name 5 = depSM: Depth [salt water, m], lat = 47.5
# name 6 = sal00: Salinity, Practical [PSU]
# name 7 = sigma-é00: Density [sigma-theta, kg/m^3]
# name 8 = flag: flag
# span 0 = 241.724086, 241.730434       
# span 1 =     -5.099,     27.582       
# span 2 =   0.012840,  37.714009       
# span 3 =     8.0465,    13.2398       
# span 4 =    -1.9863,    20.4112       
# span 5 =     -5.057,     27.350       
# span 6 =     0.0123,    33.7351       
# span 7 =    -0.6423,    26.2734       
# span 8 = 0.0000e+00, 0.0000e+00       
# interval = seconds: 0.5
# start_time = Aug 29 2017 17:22:41 [Instrument's time stamp, header]
# bad_flag = -9.990e-29
*END*
[from data line 321]
 241.725943     -1.062   0.013975    13.0468    -1.9820     -1.053     0.0128    -0.6171 -9.990e-29
 241.725949     -1.055   0.014157    13.0501    -1.9824     -1.046     0.0129    -0.6175 -9.990e-29
 241.725955     -1.046   0.014395    13.0534    -1.9826     -1.037     0.0130    -0.6178 -9.990e-29
 241.725961     -1.034   0.014450    13.0555    -1.9827     -1.025     0.0131    -0.6180 -9.990e-29
 241.725966     -1.023   0.014396    13.0560    -1.9825     -1.014     0.0130    -0.6181 -9.990e-29
 241.725972     -1.016   0.014160    13.0560    -1.9825     -1.008     0.0129    -0.6182 -9.990e-29
 241.725978     -1.009   0.013978    13.0560    -1.9826     -1.001     0.0128    -0.6183 -9.990e-29
 241.725984     -1.002   0.014161    13.0553    -1.9826     -0.994     0.0129    -0.6181 -9.990e-29
 241.725990     -0.998   0.014399    13.0527    -1.9826     -0.990     0.0130    -0.6177 -9.990e-29
 241.725995     -0.992   0.014455    13.0476    -1.9826     -0.984     0.0131    -0.6170 -9.990e-29
 241.726001     -0.984   0.014401    13.0416    -1.9824     -0.976     0.0130    -0.6163 -9.990e-29
 241.726007     -0.983   0.014164    13.0373    -1.9824     -0.975     0.0129    -0.6158 -9.990e-29
 241.726013     -0.988   0.013983    13.0358    -1.9826     -0.980     0.0128    -0.6157 -9.990e-29
 241.726019     -0.996   0.014170    13.0359    -1.9825     -0.988     0.0129    -0.6157 -9.990e-29
 241.726024     -1.006   0.014417    13.0359    -1.9824     -0.998     0.0131    -0.6155 -9.990e-29
 241.726030     -1.015   0.014500    13.0355    -1.9823     -1.007     0.0131    -0.6155 -9.990e-29
 241.726036     -1.020   0.014528    13.0351    -1.9823     -1.011     0.0131    -0.6154 -9.990e-29
 241.726042     -1.020   0.014538    13.0352    -1.9823     -1.011     0.0131    -0.6154 -9.990e-29
 241.726047     -1.016   0.014542    13.0360    -1.9823     -1.008     0.0131    -0.6155 -9.990e-29
 241.726053     -1.012   0.014544    13.0369    -1.9822     -1.004     0.0131    -0.6156 -9.990e-29
 241.726059     -1.012   0.014545    13.0369    -1.9825     -1.004     0.0131    -0.6156 -9.990e-29
 241.726065     -1.011   0.014545    13.0365    -1.9826     -1.003     0.0131    -0.6156 -9.990e-29
 241.726071     -1.005   0.014546    13.0370    -1.9828     -0.997     0.0131    -0.6156 -9.990e-29
 241.726076     -0.994   0.014547    13.0385    -1.9831     -0.986     0.0131    -0.6158 -9.990e-29
 241.726082     -0.977   0.014547    13.0401    -1.9834     -0.969     0.0131    -0.6160 -9.990e-29
 241.726088     -0.958   0.014548    13.0410    -1.9837     -0.950     0.0131    -0.6161 -9.990e-29
 241.726094     -0.943   0.014549    13.0413    -1.9836     -0.935     0.0131    -0.6162 -9.990e-29
 241.726100     -0.936   0.014550    13.0411    -1.9837     -0.928     0.0131    -0.6162 -9.990e-29
 241.726105     -0.937   0.014550    13.0400    -1.9837     -0.929     0.0131    -0.6160 -9.990e-29
 241.726111     -0.940   0.014551    13.0376    -1.9838     -0.932     0.0131    -0.6157 -9.990e-29
 241.726117     -0.943   0.014552    13.0338    -1.9838     -0.935     0.0131    -0.6152 -9.990e-29
 241.726123     -0.945   0.014552    13.0289    -1.9837     -0.937     0.0131    -0.6146 -9.990e-29
 241.726128     -0.947   0.014553    13.0229    -1.9835     -0.939     0.0131    -0.6138 -9.990e-29
 241.726134     -0.949   0.014554    13.0171    -1.9837     -0.941     0.0131    -0.6131 -9.990e-29
 241.726140     -0.946   0.014555    13.0132    -1.9837     -0.938     0.0131    -0.6126 -9.990e-29
 241.726146     -0.939   0.014555    13.0115    -1.9838     -0.931     0.0131    -0.6124 -9.990e-29
 241.726152     -0.931   0.014556    13.0107    -1.9840     -0.923     0.0131    -0.6123 -9.990e-29
 241.726157     -0.921   0.014557    13.0099    -1.9841     -0.913     0.0131    -0.6122 -9.990e-29
 241.726163     -0.913   0.014557    13.0088    -1.9841     -0.905     0.0131    -0.6121 -9.990e-29
 241.726169     -0.912   0.014558    13.0085    -1.9842     -0.904     0.0131    -0.6120 -9.990e-29
 241.726175     -0.912   0.014559    13.0096    -1.9842     -0.904     0.0131    -0.6122 -9.990e-29
 241.726181     -0.910   0.014559    13.0106    -1.9842     -0.902     0.0131    -0.6123 -9.990e-29
 241.726186     -0.905   0.014560    13.0103    -1.9844     -0.897     0.0131    -0.6122 -9.990e-29
 241.726192     -0.897   0.014561    13.0089    -1.9846     -0.890     0.0131    -0.6121 -9.990e-29
 241.726198     -0.890   0.014561    13.0067    -1.9848     -0.883     0.0131    -0.6118 -9.990e-29
 241.726204     -0.883   0.014562    13.0044    -1.9850     -0.876     0.0131    -0.6115 -9.990e-29
 241.726209     -0.872   0.014563    13.0026    -1.9850     -0.865     0.0131    -0.6113 -9.990e-29
 241.726215     -0.860   0.014564    13.0013    -1.9851     -0.853     0.0131    -0.6111 -9.990e-29
 241.726221     -0.851   0.014564    12.9998    -1.9852     -0.844     0.0131    -0.6109 -9.990e-29
 241.726227     -0.844   0.014565    12.9984    -1.9854     -0.837     0.0131    -0.6107 -9.990e-29
 241.726233     -0.838   0.014566    12.9966    -1.9853     -0.831     0.0131    -0.6105 -9.990e-29
 241.726238     -0.833   0.014566    12.9937    -1.9852     -0.826     0.0131    -0.6101 -9.990e-29
 241.726244     -0.830   0.014567    12.9899    -1.9854     -0.823     0.0131    -0.6097 -9.990e-29
 241.726250     -0.827   0.014568    12.9860    -1.9857     -0.820     0.0131    -0.6092 -9.990e-29
 241.726256     -0.825   0.014568    12.9830    -1.9859     -0.818     0.0131    -0.6088 -9.990e-29
 241.726262     -0.823   0.014569    12.9808    -1.9862     -0.816     0.0131    -0.6085 -9.990e-29
 241.726267     -0.822   0.014570    12.9787    -1.9863     -0.815     0.0131    -0.6082 -9.990e-29
 241.726273     -0.821   0.014570    12.9763    -1.9863     -0.814     0.0131    -0.6079 -9.990e-29
 241.726279     -0.820   0.014571    12.9743    -1.9862     -0.813     0.0131    -0.6077 -9.990e-29
 241.726285     -0.820   0.014572    12.9736    -1.9861     -0.813     0.0131    -0.6076 -9.990e-29
 241.726291     -0.819   0.014573    12.9729    -1.9859     -0.812     0.0131    -0.6075 -9.990e-29
 241.726296     -0.819   0.014573    12.9702    -1.9857     -0.812     0.0131    -0.6072 -9.990e-29
 241.726302     -0.818   0.014574    12.9655    -1.9856     -0.811     0.0131    -0.6066 -9.990e-29
 241.726308     -0.818   0.014575    12.9603    -1.9858     -0.811     0.0131    -0.6059 -9.990e-29
 241.726314     -0.818   0.014575    12.9558    -1.9859     -0.811     0.0131    -0.6053 -9.990e-29
 241.726319     -0.817   0.014576    12.9532    -1.9860     -0.810     0.0131    -0.6050 -9.990e-29
 241.726325     -0.817   0.014577    12.9529    -1.9859     -0.810     0.0131    -0.6050 -9.990e-29
 241.726331     -0.816   0.014577    12.9544    -1.9857     -0.809     0.0131    -0.6052 -9.990e-29
 241.726337     -0.815   0.014577    12.9571    -1.9856     -0.808     0.0131    -0.6055 -9.990e-29
 241.726343     -0.814   0.014577    12.9604    -1.9853     -0.807     0.0131    -0.6059 -9.990e-29
 241.726348     -0.813   0.014574    12.9633    -1.9851     -0.806     0.0131    -0.6063 -9.990e-29
 241.726354     -0.812   0.014564    12.9643    -1.9850     -0.805     0.0131    -0.6064 -9.990e-29
 241.726360     -0.810   0.014533    12.9634    -1.9849     -0.803     0.0131    -0.6063 -9.990e-29
 241.726366     -0.808   0.014438    12.9617    -1.9850     -0.801     0.0130    -0.6061 -9.990e-29
 241.726372     -0.805   0.014151    12.9610    -1.9849     -0.798     0.0129    -0.6062 -9.990e-29
 241.726377     -0.802   0.013844    12.9625    -1.9847     -0.795     0.0127    -0.6065 -9.990e-29
 241.726383     -0.797   0.013660    12.9657    -1.9850     -0.790     0.0126    -0.6070 -9.990e-29
 241.726389     -0.791   0.013353    12.9696    -1.9850     -0.784     0.0125    -0.6076 -9.990e-29
 241.726395     -0.788   0.013066    12.9737    -1.9849     -0.781     0.0123    -0.6082 -9.990e-29
 241.726400     -0.791   0.012971    12.9774    -1.9847     -0.784     0.0123    -0.6087 -9.990e-29
 241.726406     -0.796   0.012940    12.9804    -1.9844     -0.789     0.0123    -0.6091 -9.990e-29
 241.726412     -0.801   0.012930    12.9822    -1.9843     -0.794     0.0123    -0.6094 -9.990e-29
 241.726418     -0.804   0.012927    12.9831    -1.9841     -0.797     0.0123    -0.6095 -9.990e-29
 241.726424     -0.806   0.012926    12.9840    -1.9842     -0.799     0.0123    -0.6096 -9.990e-29
 241.726429     -0.808   0.012927    12.9844    -1.9842     -0.801     0.0123    -0.6096 -9.990e-29
 241.726435     -0.809   0.012928    12.9837    -1.9841     -0.802     0.0123    -0.6095 -9.990e-29
 241.726441     -0.809   0.012929    12.9838    -1.9840     -0.802     0.0123    -0.6096 -9.990e-29
 241.726447     -0.809   0.012931    12.9857    -1.9838     -0.802     0.0123    -0.6098 -9.990e-29
 241.726453     -0.808   0.012937    12.9892    -1.9839     -0.801     0.0123    -0.6102 -9.990e-29
 241.726458     -0.807   0.012951    12.9933    -1.9841     -0.800     0.0123    -0.6107 -9.990e-29
 241.726464     -0.804   0.012993    12.9969    -1.9841     -0.797     0.0123    -0.6112 -9.990e-29
 241.726470     -0.801   0.013117    12.9988    -1.9839     -0.794     0.0124    -0.6114 -9.990e-29
 241.726476     -0.797   0.013487    12.9993    -1.9839     -0.790     0.0126    -0.6113 -9.990e-29
 241.726481     -0.792   0.014043    13.0001    -1.9838     -0.785     0.0128    -0.6112 -9.990e-29
 241.726487     -0.785   0.014417    13.0019    -1.9840     -0.778     0.0130    -0.6112 -9.990e-29
 241.726493     -0.776   0.014552    13.0038    -1.9843     -0.770     0.0131    -0.6114 -9.990e-29
 241.726499     -0.764   0.014628    13.0050    -1.9848     -0.758     0.0132    -0.6115 -9.990e-29
 241.726505     -0.749   0.014746    13.0048    -1.7552     -0.743     0.0132    -0.6115 -9.990e-29
 241.726510     -0.730   0.015063    13.0041    -1.6619     -0.724     0.0134    -0.6112 -9.990e-29
 241.726516     -0.709   0.015998    13.0040    -1.6748     -0.703     0.0139    -0.6108 -9.990e-29
 241.726522     -0.694   0.018799    13.0045    -1.6774     -0.688     0.0154    -0.6097 -9.990e-29
 241.726528     -0.684   0.027198    13.0040    -1.6778     -0.678     0.0200    -0.6061 -9.990e-29
 241.726534     -0.675   0.052947    12.9994    -1.6789     -0.669     0.0348    -0.5939 -9.990e-29
 241.726539     -0.665   0.131486    12.9853    -1.6780     -0.659     0.0821    -0.5552 -9.990e-29
 241.726545     -0.649   0.367533    12.9469    -1.6778     -0.644     0.2317    -0.4336 -9.990e-29
 241.726551     -0.627   1.074708    12.8425    -1.6771     -0.622     0.7062    -0.0510 -9.990e-29
 241.726557     -0.601   3.195356    12.5469    -1.7166     -0.596     2.2404     1.1774 -9.990e-29
 241.726563     -0.566   9.557006    12.0378    -1.6759     -0.561     7.3195     5.1729 -9.990e-29
 241.726568     -0.519  20.503481    11.5608    -1.6761     -0.515    16.9546    12.6850 -9.990e-29
 241.726574     -0.466  30.176468    11.2852    -1.6762     -0.462    26.1003    19.8094 -9.990e-29
 241.726580     -0.407  34.891019    11.1559    -1.6757     -0.404    30.7559    23.4457 -9.990e-29
 241.726586     -0.340  36.541874    11.0983    -1.6751     -0.337    32.4274    24.7554 -9.990e-29
 241.726591     -0.263  37.130863    11.0771    -1.6756     -0.261    33.0284    25.2267 -9.990e-29
 241.726597     -0.186  37.336413    11.0753    -1.6761     -0.184    33.2336    25.3867 -9.990e-29
 241.726603     -0.120  37.376112    11.0862    -1.6754     -0.119    33.2630    25.4077 -9.990e-29
 241.726609     -0.074  37.242490    11.1012    -1.6748     -0.073    33.1171    25.2915 -9.990e-29
 241.726615     -0.044  36.703710    11.1071    -1.6757     -0.044    32.5792    24.8720 -9.990e-29
 241.726620     -0.021  36.293825    11.1023    -1.6768     -0.021    32.1791    24.5616 -9.990e-29
 241.726626      0.001  36.734994    11.0930    -1.6767      0.001    32.6226    24.9082 -9.990e-29
 241.726632      0.024  37.323989    11.0855    -1.6757      0.024    33.2119    25.3681 -9.990e-29
 241.726638      0.045  37.546841    11.0862    -1.6754      0.045    33.4321    25.5393 -9.990e-29
 241.726644      0.060  37.650368    11.0910    -1.6765      0.059    33.5304    25.6149 -9.990e-29
 241.726649      0.072  37.685885    11.0911    -1.6768      0.071    33.5656    25.6423 -9.990e-29
 241.726655      0.076  37.677313    11.0867    -1.6767      0.075    33.5611    25.6396 -9.990e-29
 241.726661      0.073  37.676035    11.0826    -1.6762      0.072    33.5636    25.6422 -9.990e-29
 241.726667      0.070  37.701155    11.0800    -1.6764      0.069    33.5909    25.6639 -9.990e-29
 241.726672      0.073  37.714009    11.0761    -1.6763      0.072    33.6072    25.6774 -9.990e-29
 241.726678      0.080  37.687017    11.0718    -1.6768      0.079    33.5843    25.6603 -9.990e-29
 241.726684      0.094  37.657084    11.0728    -1.6768      0.093    33.5537    25.6363 -9.990e-29
 241.726690      0.110  37.664470    11.0787    -1.6762      0.109    33.5556    25.6368 -9.990e-29
 241.726696      0.120  37.686067    11.0830    -1.6760      0.119    33.5731    25.6496 -9.990e-29
 241.726701      0.122  37.675713    11.0829    -1.6764      0.121    33.5629    25.6417 -9.990e-29
 241.726707      0.120  37.637053    11.0800    -1.6758      0.119    33.5272    25.6144 -9.990e-29
 241.726713      0.121  37.611591    11.0770    -1.6754      0.120    33.5047    25.5974 -9.990e-29
 241.726719      0.130  37.617546    11.0765    -1.6759      0.129    33.5111    25.6025 -9.990e-29
 241.726725      0.144  37.636065    11.0779    -1.6764      0.143    33.5282    25.6155 -9.990e-29
 241.726730      0.155  37.642643    11.0780    -1.6758      0.154    33.5346    25.6205 -9.990e-29
 241.726736      0.160  37.633816    11.0762    -1.6763      0.159    33.5275    25.6153 -9.990e-29
 241.726742      0.162  37.623104    11.0740    -1.6763      0.161    33.5189    25.6090 -9.990e-29
 241.726748      0.167  37.629351    11.0722    -1.6766      0.166    33.5267    25.6154 -9.990e-29
 241.726753      0.170  37.653133    11.0720    -1.6771      0.169    33.5505    25.6340 -9.990e-29
 241.726759      0.168  37.671926    11.0739    -1.6772      0.167    33.5674    25.6468 -9.990e-29
 241.726765      0.164  37.681191    11.0769    -1.6769      0.163    33.5738    25.6513 -9.990e-29
 241.726771      0.166  37.692808    11.0783    -1.6768      0.165    33.5841    25.6590 -9.990e-29
 241.726777      0.176  37.697154    11.0769    -1.6770      0.175    33.5897    25.6636 -9.990e-29
 241.726782      0.184  37.684993    11.0743    -1.6776      0.182    33.5800    25.6565 -9.990e-29
 241.726788      0.188  37.676038    11.0732    -1.6772      0.186    33.5721    25.6506 -9.990e-29
 241.726794      0.186  37.676913    11.0740    -1.6775      0.184    33.5722    25.6505 -9.990e-29
 241.726800      0.181  37.668153    11.0741    -1.6779      0.179    33.5635    25.6437 -9.990e-29
 241.726806      0.170  37.648242    11.0715    -1.6781      0.169    33.5461    25.6306 -9.990e-29
 241.726811      0.157  37.625443    11.0677    -1.6784      0.156    33.5269    25.6164 -9.990e-29
 241.726817      0.151  37.607524    11.0666    -1.6785      0.150    33.5102    25.6035 -9.990e-29
 241.726823      0.151  37.605960    11.0687    -1.6778      0.150    33.5067    25.6005 -9.990e-29
 241.726829      0.149  37.612031    11.0704    -1.6781      0.148    33.5112    25.6036 -9.990e-29
 241.726834      0.144  37.606477    11.0695    -1.6783      0.143    33.5065    25.6002 -9.990e-29
 241.726840      0.144  37.587020    11.0669    -1.6785      0.143    33.4895    25.5874 -9.990e-29
 241.726846      0.154  37.572045    11.0640    -1.6786      0.153    33.4773    25.5784 -9.990e-29
 241.726852      0.170  37.570233    11.0613    -1.6785      0.169    33.4780    25.5794 -9.990e-29
 241.726858      0.184  37.564133    11.0586    -1.6782      0.182    33.4744    25.5771 -9.990e-29
