data/oxygen options/ONMS/Olympic_Coast_National_Marine_Sanctuary_CTD_Data_2005_2023/raw_data/2017/CAST_CE042_170527faed.cnv
* Sea-Bird SBE19 Data File:
* FileName = C:\2017 Mooring Data\Casts\CAST_CE042_170527.hex
* Software Version 1.59
* Temperature SN = 2997
* Conductivity SN = 2997
* System UpLoad Time = May 27 2017 19:30:27
** CAST_CE042_170527
* ds
# nquan = 9                                 
# nvalues = 898                         
# units = specified
# name 0 = timeJ: Julian Days
# name 1 = prSM: Pressure, Strain Gauge [db]
# name 2 = c0mS/cm: Conductivity [mS/cm]
# name 3 = t090C: Temperature [ITS-90, deg C]
# name 4 = sbeox0ML/L: Oxygen, SBE 43 [ml/l]
# name 5 = depSM: Depth [salt water, m], lat = 47.5
# name 6 = sal00: Salinity, Practical [PSU]
# name 7 = sigma-é00: Density [sigma-theta, kg/m^3]
# name 8 = flag: flag
# span 0 = 147.805810, 147.811001       
# span 1 =     -5.623,     42.967       
# span 2 =   0.192589,  36.691137       
# span 3 =     8.3597,    12.5339       
# span 4 =    -2.0194,    18.1552       
# span 5 =     -5.576,     42.604       
# span 6 =     0.1215,    33.5633       
# span 7 =    -0.4680,    26.0926       
# span 8 = 0.0000e+00, 0.0000e+00       
# interval = seconds: 0.5
# start_time = May 27 2017 19:20:22 [Instrument's time stamp, header]
# bad_flag = -9.990e-29
*END*
[from data line 161]
 147.806742     -2.238   0.195372    12.4354    -2.0090     -2.219     0.1233    -0.4551 -9.990e-29
 147.806748     -2.222   0.195229    12.4249    -2.0094     -2.203     0.1233    -0.4539 -9.990e-29
 147.806753     -2.210   0.195428    12.4139    -2.0104     -2.192     0.1234    -0.4525 -9.990e-29
 147.806759     -2.197   0.195679    12.4053    -2.0110     -2.179     0.1236    -0.4513 -9.990e-29
 147.806765     -2.182   0.195763    12.4024    -2.0114     -2.164     0.1237    -0.4509 -9.990e-29
 147.806771     -2.172   0.195791    12.4041    -2.0113     -2.154     0.1237    -0.4511 -9.990e-29
 147.806777     -2.166   0.195800    12.4072    -2.0113     -2.148     0.1237    -0.4515 -9.990e-29
 147.806782     -2.161   0.195799    12.4092    -2.0114     -2.143     0.1237    -0.4517 -9.990e-29
 147.806788     -2.156   0.195787    12.4074    -2.0115     -2.138     0.1237    -0.4515 -9.990e-29
 147.806794     -2.150   0.195748    12.4005    -2.0120     -2.132     0.1237    -0.4507 -9.990e-29
 147.806800     -2.143   0.195627    12.3895    -2.0123     -2.125     0.1236    -0.4494 -9.990e-29
 147.806806     -2.135   0.195263    12.3764    -2.0126     -2.117     0.1234    -0.4480 -9.990e-29
 147.806811     -2.124   0.194723    12.3650    -2.0127     -2.106     0.1231    -0.4469 -9.990e-29
 147.806817     -2.111   0.194395    12.3580    -2.0124     -2.093     0.1229    -0.4462 -9.990e-29
 147.806823     -2.099   0.194396    12.3549    -2.0123     -2.081     0.1230    -0.4458 -9.990e-29
 147.806829     -2.092   0.194725    12.3529    -2.0118     -2.075     0.1232    -0.4454 -9.990e-29
 147.806834     -2.088   0.195266    12.3498    -2.0113     -2.071     0.1235    -0.4448 -9.990e-29
 147.806840     -2.088   0.195631    12.3448    -2.0109     -2.071     0.1238    -0.4440 -9.990e-29
 147.806846     -2.087   0.195754    12.3386    -2.0104     -2.070     0.1239    -0.4432 -9.990e-29
 147.806852     -2.082   0.195795    12.3329    -2.0102     -2.065     0.1239    -0.4425 -9.990e-29
 147.806858     -2.071   0.195810    12.3288    -2.0099     -2.054     0.1239    -0.4420 -9.990e-29
 147.806863     -2.059   0.195815    12.3277    -2.0094     -2.042     0.1239    -0.4418 -9.990e-29
 147.806869     -2.048   0.195817    12.3304    -2.0090     -2.031     0.1239    -0.4421 -9.990e-29
 147.806875     -2.034   0.195818    12.3361    -2.0085     -2.017     0.1239    -0.4428 -9.990e-29
 147.806881     -2.016   0.195819    12.3441    -2.0081     -1.999     0.1239    -0.4438 -9.990e-29
 147.806887     -1.997   0.195819    12.3534    -2.0077     -1.980     0.1239    -0.4449 -9.990e-29
 147.806892     -1.977   0.195820    12.3629    -2.0073     -1.961     0.1238    -0.4461 -9.990e-29
 147.806898     -1.957   0.195820    12.3719    -2.0070     -1.941     0.1238    -0.4472 -9.990e-29
 147.806904     -1.941   0.195821    12.3799    -2.0066     -1.925     0.1238    -0.4481 -9.990e-29
 147.806910     -1.928   0.195821    12.3876    -2.0061     -1.912     0.1238    -0.4491 -9.990e-29
 147.806916     -1.917   0.195820    12.3962    -2.0059     -1.901     0.1237    -0.4501 -9.990e-29
 147.806921     -1.908   0.195816    12.4056    -2.0064     -1.892     0.1237    -0.4513 -9.990e-29
 147.806927     -1.899   0.195803    12.4155    -2.0069     -1.883     0.1237    -0.4525 -9.990e-29
 147.806933     -1.891   0.195763    12.4253    -2.0071     -1.875     0.1236    -0.4537 -9.990e-29
 147.806939     -1.882   0.195640    12.4345    -2.0072     -1.866     0.1235    -0.4549 -9.990e-29
 147.806944     -1.872   0.195272    12.4431    -2.0075     -1.856     0.1233    -0.4561 -9.990e-29
 147.806950     -1.861   0.194719    12.4512    -2.0078     -1.845     0.1229    -0.4574 -9.990e-29
 147.806956     -1.853   0.194350    12.4588    -2.0078     -1.838     0.1226    -0.4585 -9.990e-29
 147.806962     -1.850   0.194227    12.4649    -2.0074     -1.835     0.1225    -0.4593 -9.990e-29
 147.806968     -1.848   0.194187    12.4661    -2.0066     -1.833     0.1225    -0.4595 -9.990e-29
 147.806973     -1.843   0.194174    12.4615    -2.0066     -1.828     0.1225    -0.4589 -9.990e-29
 147.806979     -1.835   0.194170    12.4548    -2.0063     -1.820     0.1225    -0.4581 -9.990e-29
 147.806985     -1.824   0.194170    12.4494    -2.0060     -1.809     0.1225    -0.4574 -9.990e-29
 147.806991     -1.812   0.194171    12.4448    -2.0058     -1.797     0.1225    -0.4569 -9.990e-29
 147.806997     -1.803   0.194176    12.4406    -2.0054     -1.788     0.1226    -0.4564 -9.990e-29
 147.807002     -1.793   0.194190    12.4382    -2.0051     -1.778     0.1226    -0.4561 -9.990e-29
 147.807008     -1.781   0.194230    12.4397    -2.0049     -1.766     0.1226    -0.4562 -9.990e-29
 147.807014     -1.769   0.194349    12.4461    -2.0050     -1.754     0.1227    -0.4569 -9.990e-29
 147.807020     -1.759   0.194706    12.4542    -2.0051     -1.744     0.1229    -0.4578 -9.990e-29
 147.807025     -1.748   0.195220    12.4609    -2.0051     -1.733     0.1232    -0.4583 -9.990e-29
 147.807031     -1.736   0.195467    12.4669    -2.0052     -1.722     0.1233    -0.4589 -9.990e-29
 147.807037     -1.728   0.195223    12.4730    -2.0052     -1.714     0.1231    -0.4598 -9.990e-29
 147.807043     -1.725   0.194715    12.4788    -2.0051     -1.711     0.1228    -0.4608 -9.990e-29
 147.807049     -1.729   0.194373    12.4847    -2.0051     -1.715     0.1226    -0.4617 -9.990e-29
 147.807054     -1.735   0.194294    12.4901    -2.0052     -1.721     0.1225    -0.4624 -9.990e-29
 147.807060     -1.735   0.194374    12.4932    -2.0054     -1.721     0.1225    -0.4627 -9.990e-29
 147.807066     -1.726   0.194717    12.4940    -2.0057     -1.712     0.1228    -0.4626 -9.990e-29
 147.807072     -1.709   0.195226    12.4938    -2.0057     -1.695     0.1231    -0.4624 -9.990e-29
 147.807078     -1.694   0.195472    12.4934    -2.0061     -1.680     0.1232    -0.4622 -9.990e-29
 147.807083     -1.683   0.195226    12.4929    -2.0066     -1.669     0.1231    -0.4623 -9.990e-29
 147.807089     -1.675   0.194714    12.4927    -2.0066     -1.661     0.1228    -0.4625 -9.990e-29
 147.807095     -1.671   0.194359    12.4926    -2.0068     -1.657     0.1225    -0.4626 -9.990e-29
 147.807101     -1.669   0.194241    12.4917    -2.0067     -1.655     0.1225    -0.4626 -9.990e-29
 147.807106     -1.666   0.194202    12.4896    -2.0064     -1.652     0.1224    -0.4624 -9.990e-29
 147.807112     -1.657   0.194189    12.4859    -2.0062     -1.643     0.1224    -0.4619 -9.990e-29
 147.807118     -1.646   0.194185    12.4815    -2.0060     -1.632     0.1225    -0.4614 -9.990e-29
 147.807124     -1.636   0.194184    12.4768    -2.0063     -1.622     0.1225    -0.4608 -9.990e-29
 147.807130     -1.627   0.194184    12.4709    -2.0064     -1.613     0.1225    -0.4601 -9.990e-29
 147.807135     -1.618   0.194185    12.4649    -2.0066     -1.605     0.1225    -0.4593 -9.990e-29
 147.807141     -1.608   0.194186    12.4609    -2.0065     -1.595     0.1225    -0.4588 -9.990e-29
 147.807147     -1.597   0.194186    12.4594    -2.0061     -1.584     0.1225    -0.4587 -9.990e-29
 147.807153     -1.584   0.194187    12.4608    -2.0056     -1.571     0.1225    -0.4588 -9.990e-29
 147.807159     -1.569   0.194188    12.4644    -2.0055     -1.556     0.1225    -0.4593 -9.990e-29
 147.807164     -1.550   0.194188    12.4680    -2.0053     -1.537     0.1225    -0.4597 -9.990e-29
 147.807170     -1.530   0.194189    12.4695    -2.0051     -1.517     0.1225    -0.4599 -9.990e-29
 147.807176     -1.513   0.194190    12.4685    -2.0048     -1.500     0.1225    -0.4598 -9.990e-29
 147.807182     -1.497   0.194190    12.4663    -2.0049     -1.485     0.1225    -0.4595 -9.990e-29
 147.807188     -1.485   0.194191    12.4652    -2.0046     -1.473     0.1225    -0.4594 -9.990e-29
 147.807193     -1.478   0.194192    12.4676    -2.0043     -1.466     0.1225    -0.4597 -9.990e-29
 147.807199     -1.469   0.194192    12.4735    -2.0042     -1.457     0.1225    -0.4604 -9.990e-29
 147.807205     -1.464   0.194192    12.4799    -2.0040     -1.452     0.1225    -0.4612 -9.990e-29
 147.807211     -1.461   0.194191    12.4850    -2.0041     -1.449     0.1224    -0.4618 -9.990e-29
 147.807216     -1.452   0.194187    12.4899    -2.0047     -1.440     0.1224    -0.4624 -9.990e-29
 147.807222     -1.436   0.194174    12.4949    -2.0051     -1.424     0.1224    -0.4630 -9.990e-29
 147.807228     -1.421   0.194134    12.4989    -2.0055     -1.409     0.1224    -0.4635 -9.990e-29
 147.807234     -1.409   0.194013    12.5022    -2.0059     -1.397     0.1223    -0.4640 -9.990e-29
 147.807240     -1.402   0.193648    12.5063    -2.0062     -1.390     0.1220    -0.4647 -9.990e-29
 147.807245     -1.397   0.193107    12.5108    -2.0064     -1.385     0.1217    -0.4655 -9.990e-29
 147.807251     -1.394   0.192778    12.5142    -2.0065     -1.382     0.1215    -0.4661 -9.990e-29
 147.807257     -1.394   0.192778    12.5152    -2.0065     -1.382     0.1215    -0.4662 -9.990e-29
 147.807263     -1.396   0.193106    12.5120    -2.0064     -1.384     0.1217    -0.4657 -9.990e-29
 147.807269     -1.397   0.193646    12.5047    -2.0063     -1.385     0.1220    -0.4645 -9.990e-29
 147.807274     -1.391   0.194010    12.4958    -2.0060     -1.379     0.1223    -0.4632 -9.990e-29
 147.807280     -1.384   0.194132    12.4872    -2.0054     -1.372     0.1224    -0.4621 -9.990e-29
 147.807286     -1.378   0.194172    12.4795    -2.0048     -1.367     0.1225    -0.4611 -9.990e-29
 147.807292     -1.373   0.194186    12.4733    -2.0046     -1.362     0.1225    -0.4604 -9.990e-29
 147.807297     -1.369   0.194190    12.4688    -2.0041     -1.358     0.1225    -0.4598 -9.990e-29
 147.807303     -1.367   0.194191    12.4663    -2.0036     -1.356     0.1225    -0.4595 -9.990e-29
 147.807309     -1.364   0.194190    12.4659    -2.0035     -1.353     0.1225    -0.4594 -9.990e-29
 147.807315     -1.362   0.194189    12.4678    -2.0034     -1.351     0.1225    -0.4597 -9.990e-29
 147.807321     -1.361   0.194184    12.4720    -2.0036     -1.350     0.1225    -0.4602 -9.990e-29
 147.807326     -1.360   0.194171    12.4790    -2.0037     -1.349     0.1225    -0.4611 -9.990e-29
 147.807332     -1.359   0.194131    12.4887    -2.0039     -1.348     0.1224    -0.4623 -9.990e-29
 147.807338     -1.358   0.194012    12.4988    -2.0044     -1.347     0.1223    -0.4636 -9.990e-29
 147.807344     -1.357   0.193656    12.5079    -2.0049     -1.346     0.1220    -0.4649 -9.990e-29
 147.807350     -1.356   0.193143    12.5168    -2.0058     -1.345     0.1217    -0.4662 -9.990e-29
 147.807355     -1.355   0.192896    12.5244    -2.0064     -1.344     0.1215    -0.4673 -9.990e-29
 147.807361     -1.354   0.193142    12.5287    -2.0064     -1.343     0.1217    -0.4677 -9.990e-29
 147.807367     -1.353   0.193654    12.5294    -2.0061     -1.342     0.1220    -0.4675 -9.990e-29
 147.807373     -1.352   0.194010    12.5275    -2.0061     -1.341     0.1222    -0.4671 -9.990e-29
 147.807378     -1.350   0.194128    12.5238    -2.0057     -1.339     0.1223    -0.4666 -9.990e-29
 147.807384     -1.348   0.194167    12.5178    -2.0056     -1.337     0.1223    -0.4658 -9.990e-29
 147.807390     -1.345   0.194179    12.5086    -2.0057     -1.334     0.1224    -0.4647 -9.990e-29
 147.807396     -1.341   0.194180    12.4965    -2.0058     -1.330     0.1224    -0.4632 -9.990e-29
 147.807402     -1.337   0.194172    12.4837    -2.0060     -1.326     0.1224    -0.4616 -9.990e-29
 147.807407     -1.331   0.194144    12.4746    -2.0063     -1.320     0.1224    -0.4605 -9.990e-29
 147.807413     -1.324   0.194061    12.4717    -2.0066     -1.313     0.1224    -0.4602 -9.990e-29
 147.807419     -1.318   0.193810    12.4728    -2.0066     -1.307     0.1222    -0.4605 -9.990e-29
 147.807425     -1.319   0.193612    12.4754    -2.0067     -1.308     0.1221    -0.4609 -9.990e-29
 147.807431     -1.322   0.193757    12.4788    -2.0069     -1.311     0.1222    -0.4612 -9.990e-29
 147.807436     -1.322   0.193884    12.4810    -2.0069     -1.311     0.1223    -0.4615 -9.990e-29
 147.807442     -1.320   0.193610    12.4803    -2.0066     -1.309     0.1221    -0.4615 -9.990e-29
 147.807448     -1.316   0.193123    12.4779    -2.0065     -1.305     0.1218    -0.4615 -9.990e-29
 147.807454     -1.309   0.192885    12.4742    -2.0066     -1.298     0.1216    -0.4611 -9.990e-29
 147.807459     -1.300   0.193133    12.4696    -2.0066     -1.289     0.1218    -0.4604 -9.990e-29
 147.807465     -1.286   0.193642    12.4652    -2.0065     -1.275     0.1222    -0.4596 -9.990e-29
 147.807471     -1.273   0.193985    12.4620    -2.0066     -1.262     0.1224    -0.4591 -9.990e-29
 147.807477     -1.262   0.194064    12.4599    -2.0070     -1.251     0.1224    -0.4588 -9.990e-29
 147.807483     -1.250   0.193985    12.4588    -2.0069     -1.240     0.1224    -0.4587 -9.990e-29
 147.807488     -1.236   0.193642    12.4594    -2.0069     -1.226     0.1222    -0.4589 -9.990e-29
 147.807494     -1.222   0.193133    12.4615    -2.0066     -1.212     0.1218    -0.4594 -9.990e-29
 147.807500     -1.208   0.192888    12.4630    -2.0063     -1.198     0.1217    -0.4597 -9.990e-29
 147.807506     -1.193   0.193134    12.4635    -2.0066     -1.183     0.1218    -0.4597 -9.990e-29
 147.807512     -1.177   0.193647    12.4638    -2.0069     -1.167     0.1222    -0.4595 -9.990e-29
 147.807517     -1.162   0.194002    12.4635    -2.0071     -1.152     0.1224    -0.4592 -9.990e-29
 147.807523     -1.152   0.194119    12.4613    -2.0066     -1.142     0.1225    -0.4589 -9.990e-29
 147.807529     -1.146   0.194154    12.4584    -2.0064     -1.136     0.1225    -0.4585 -9.990e-29
 147.807535     -1.143   0.194153    12.4573    -2.0065     -1.133     0.1225    -0.4584 -9.990e-29
 147.807541     -1.140   0.194116    12.4591    -2.0063     -1.130     0.1225    -0.4586 -9.990e-29
 147.807546     -1.131   0.193994    12.4625    -2.0062     -1.122     0.1224    -0.4591 -9.990e-29
 147.807552     -1.121   0.193626    12.4642    -2.0063     -1.112     0.1221    -0.4595 -9.990e-29
 147.807558     -1.114   0.193073    12.4622    -2.0064     -1.105     0.1218    -0.4595 -9.990e-29
 147.807564     -1.108   0.192707    12.4593    -2.0062     -1.099     0.1216    -0.4594 -9.990e-29
 147.807569     -1.103   0.192597    12.4592    -2.0052     -1.094     0.1215    -0.4594 -9.990e-29
 147.807575     -1.099   0.192597    12.4623    -2.0045     -1.090     0.1215    -0.4598 -9.990e-29
 147.807581     -1.096   0.192707    12.4653    -2.0039     -1.087     0.1216    -0.4601 -9.990e-29
 147.807587     -1.094   0.193071    12.4670    -2.0033     -1.085     0.1218    -0.4601 -9.990e-29
 147.807593     -1.092   0.193622    12.4688    -2.0029     -1.083     0.1221    -0.4601 -9.990e-29
 147.807598     -1.090   0.193986    12.4702    -2.0033     -1.081     0.1224    -0.4601 -9.990e-29
 147.807604     -1.089   0.194096    12.4707    -2.0045     -1.080     0.1224    -0.4601 -9.990e-29
 147.807610     -1.087   0.194100    12.4729    -2.0053     -1.078     0.1224    -0.4603 -9.990e-29
 147.807616     -1.086   0.194004    12.4804    -2.0058     -1.077     0.1223    -0.4613 -9.990e-29
 147.807622     -1.085   0.193678    12.4935    -2.0065     -1.076     0.1221    -0.4631 -9.990e-29
 147.807627     -1.083   0.193244    12.5080    -2.0068     -1.074     0.1218    -0.4651 -9.990e-29
 147.807633     -1.081   0.193231    12.5210    -2.0077     -1.072     0.1217    -0.4667 -9.990e-29
 147.807639     -1.079   0.193622    12.5309    -2.0085     -1.070     0.1220    -0.4677 -9.990e-29
 147.807645     -1.076   0.193832    12.5339    -2.0090     -1.067     0.1221    -0.4680 -9.990e-29
 147.807650     -1.073   0.193585    12.5268    -2.0090     -1.064     0.1219    -0.4672 -9.990e-29
 147.807656     -1.068   0.193108    12.5119    -2.0087     -1.059     0.1217    -0.4656 -9.990e-29
