data/oxygen options/ONMS/Olympic_Coast_National_Marine_Sanctuary_CTD_Data_2005_2023/raw_data/2017/CAST_CE042_170527faed.cnv
* Sea-Bird SBE19 Data File:
* FileName = C:\2017 Mooring Data\Casts\CAST_CE042_170527.hex
* Software Version 1.59
* Temperature SN = 2997
* Conductivity SN = 2997
* System UpLoad Time = May 27 2017 19:30:27
** CAST_CE042_170527
* ds
# nquan = 9                                 
# nvalues = 898                         
# units = specified
# name 0 = timeJ: Julian Days
# name 1 = prSM: Pressure, Strain Gauge [db]
# name 2 = c0mS/cm: Conductivity [mS/cm]
# name 3 = t090C: Temperature [ITS-90, deg C]
# name 4 = sbeox0ML/L: Oxygen, SBE 43 [ml/l]
# name 5 = depSM: Depth [salt water, m], lat = 47.5
# name 6 = sal00: Salinity, Practical [PSU]
# name 7 = sigma-é00: Density [sigma-theta, kg/m^3]
# name 8 = flag: flag
# span 0 = 147.805810, 147.811001       
# span 1 =     -5.623,     42.967       
# span 2 =   0.192589,  36.691137       
# span 3 =     8.3597,    12.5339       
# span 4 =    -2.0194,    18.1552       
# span 5 =     -5.576,     42.604       
# span 6 =     0.1215,    33.5633       
# span 7 =    -0.4680,    26.0926       
# span 8 = 0.0000e+00, 0.0000e+00       
# interval = seconds: 0.5
# start_time = May 27 2017 19:20:22 [Instrument's time stamp, header]
# bad_flag = -9.990e-29
*END*
[from data line 321]
 147.807668     -1.055   0.193124    12.4814    -2.0083     -1.046     0.1218    -0.4619 -9.990e-29
 147.807674     -1.046   0.193638    12.4684    -2.0084     -1.037     0.1221    -0.4600 -9.990e-29
 147.807679     -1.039   0.193994    12.4550    -2.0081     -1.030     0.1224    -0.4582 -9.990e-29
 147.807685     -1.037   0.194112    12.4404    -2.0074     -1.028     0.1225    -0.4564 -9.990e-29
 147.807691     -1.037   0.194152    12.4270    -2.0069     -1.028     0.1226    -0.4547 -9.990e-29
 147.807697     -1.033   0.194165    12.4187    -2.0069     -1.024     0.1226    -0.4537 -9.990e-29
 147.807703     -1.025   0.194169    12.4166    -2.0064     -1.016     0.1226    -0.4534 -9.990e-29
 147.807708     -1.018   0.194170    12.4190    -2.0061     -1.010     0.1226    -0.4537 -9.990e-29
 147.807714     -1.015   0.194170    12.4228    -2.0060     -1.007     0.1226    -0.4542 -9.990e-29
 147.807720     -1.012   0.194168    12.4257    -2.0061     -1.004     0.1226    -0.4545 -9.990e-29
 147.807726     -1.004   0.194163    12.4291    -2.0062     -0.996     0.1226    -0.4550 -9.990e-29
 147.807731     -0.990   0.194149    12.4359    -2.0063     -0.982     0.1226    -0.4558 -9.990e-29
 147.807737     -0.975   0.194108    12.4453    -2.0063     -0.967     0.1225    -0.4570 -9.990e-29
 147.807743     -0.965   0.193985    12.4537    -2.0065     -0.957     0.1224    -0.4581 -9.990e-29
 147.807749     -0.961   0.193616    12.4606    -2.0066     -0.953     0.1222    -0.4591 -9.990e-29
 147.807755     -0.957   0.193063    12.4675    -2.0071     -0.949     0.1218    -0.4602 -9.990e-29
 147.807760     -0.953   0.192698    12.4732    -2.0077     -0.945     0.1215    -0.4611 -9.990e-29
 147.807766     -0.949   0.192589    12.4754    -2.0078     -0.941     0.1215    -0.4614 -9.990e-29
 147.807772     -0.950   0.192592    12.4746    -2.0076     -0.942     0.1215    -0.4613 -9.990e-29
 147.807778     -0.954   0.192710    12.4728    -2.0075     -0.946     0.1215    -0.4610 -9.990e-29
 147.807784     -0.955   0.193102    12.4710    -2.0071     -0.947     0.1218    -0.4606 -9.990e-29
 147.807789     -0.951   0.193736    12.4688    -2.0070     -0.943     0.1222    -0.4600 -9.990e-29
 147.807795     -0.947   0.194351    12.4656    -2.0073     -0.939     0.1226    -0.4593 -9.990e-29
 147.807801     -0.942   0.194659    12.4603    -2.0079     -0.934     0.1228    -0.4585 -9.990e-29
 147.807807     -0.937   0.194515    12.4527    -2.0080     -0.929     0.1227    -0.4577 -9.990e-29
 147.807813     -0.931   0.194282    12.4455    -2.0079     -0.923     0.1226    -0.4569 -9.990e-29
 147.807818     -0.924   0.194204    12.4423    -2.0079     -0.916     0.1226    -0.4565 -9.990e-29
 147.807824     -0.915   0.194179    12.4432    -2.0077     -0.907     0.1226    -0.4567 -9.990e-29
 147.807830     -0.904   0.194173    12.4465    -2.0079     -0.896     0.1225    -0.4571 -9.990e-29
 147.807836     -0.889   0.194177    12.4501    -2.0079     -0.882     0.1225    -0.4575 -9.990e-29
 147.807841     -0.875   0.194198    12.4505    -2.0078     -0.868     0.1225    -0.4576 -9.990e-29
 147.807847     -0.865   0.194266    12.4463    -2.0081     -0.858     0.1226    -0.4570 -9.990e-29
 147.807853     -0.857   0.194470    12.4401    -2.0078     -0.850     0.1228    -0.4561 -9.990e-29
 147.807859     -0.852   0.195082    12.4355    -2.0076     -0.845     0.1232    -0.4553 -9.990e-29
 147.807865     -0.849   0.196920    12.4328    -2.0074     -0.842     0.1243    -0.4540 -9.990e-29
 147.807870     -0.848   0.202433    12.4304    -2.0071     -0.841     0.1278    -0.4510 -9.990e-29
 147.807876     -0.849   0.213986    12.4272    -2.0070     -0.842     0.1352    -0.4448 -9.990e-29
 147.807882     -0.852   0.230914    12.4233    -2.0067     -0.845     0.1461    -0.4359 -9.990e-29
 147.807888     -0.858   0.250294    12.4201    -2.0068     -0.851     0.1585    -0.4258 -9.990e-29
 147.807894     -0.861   0.268597    12.4180    -2.0066     -0.854     0.1704    -0.4163 -9.990e-29
 147.807899     -0.859   0.283627    12.4173    -2.0063     -0.852     0.1801    -0.4086 -9.990e-29
 147.807905     -0.854   0.294919    12.4194    -2.0061     -0.847     0.1874    -0.4031 -9.990e-29
 147.807911     -0.853   0.302566    12.4234    -2.0060     -0.846     0.1923    -0.3998 -9.990e-29
 147.807917     -0.853   0.306788    12.4278    -2.0057     -0.846     0.1951    -0.3982 -9.990e-29
 147.807922     -0.856   0.308042    12.4322    -2.0055     -0.849     0.1959    -0.3981 -9.990e-29
 147.807928     -0.856   0.307446    12.4367    -2.0051     -0.849     0.1955    -0.3989 -9.990e-29
 147.807934     -0.851   0.305686    12.4410    -2.0048     -0.844     0.1943    -0.4004 -9.990e-29
 147.807940     -0.844   0.302630    12.4449    -2.0045     -0.837     0.1923    -0.4024 -9.990e-29
 147.807946     -0.838   0.298452    12.4497    -2.0042     -0.831     0.1895    -0.4051 -9.990e-29
 147.807951     -0.833   0.293678    12.4554    -2.0039     -0.826     0.1864    -0.4082 -9.990e-29
 147.807957     -0.830   0.288593    12.4605    -2.0041     -0.823     0.1831    -0.4114 -9.990e-29
 147.807963     -0.827   0.283623    12.4653    -2.0038     -0.820     0.1799    -0.4145 -9.990e-29
 147.807969     -0.825   0.279345    12.4708    -2.0035     -0.818     0.1771    -0.4174 -9.990e-29
 147.807975     -0.823   0.275598    12.4776    -2.0034     -0.816     0.1746    -0.4201 -9.990e-29
 147.807980     -0.822   0.271817    12.4852    -2.0033     -0.815     0.1722    -0.4230 -9.990e-29
 147.807986     -0.820   0.267951    12.4926    -2.0036     -0.813     0.1696    -0.4258 -9.990e-29
 147.807992     -0.819   0.264384    12.4995    -2.0035     -0.812     0.1673    -0.4285 -9.990e-29
 147.807998     -0.818   0.261348    12.5058    -2.0035     -0.811     0.1653    -0.4308 -9.990e-29
 147.808003     -0.817   0.258677    12.5104    -2.0038     -0.810     0.1636    -0.4327 -9.990e-29
 147.808009     -0.816   0.256134    12.5137    -2.0040     -0.809     0.1619    -0.4344 -9.990e-29
 147.808015     -0.815   0.253652    12.5177    -2.0040     -0.808     0.1603    -0.4361 -9.990e-29
 147.808021     -0.814   0.251249    12.5223    -2.0038     -0.807     0.1588    -0.4379 -9.990e-29
 147.808027     -0.812   0.249044    12.5256    -2.0038     -0.805     0.1573    -0.4394 -9.990e-29
 147.808032     -0.810   0.246868    12.5265    -2.0039     -0.803     0.1559    -0.4406 -9.990e-29
 147.808038     -0.807   0.244593    12.5261    -2.0043     -0.800     0.1545    -0.4417 -9.990e-29
 147.808044     -0.804   0.242508    12.5255    -2.0045     -0.797     0.1531    -0.4427 -9.990e-29
 147.808050     -0.800   0.240606    12.5241    -2.0052     -0.793     0.1519    -0.4435 -9.990e-29
 147.808056     -0.794   0.238567    12.5214    -2.0055     -0.787     0.1506    -0.4442 -9.990e-29
 147.808061     -0.788   0.236442    12.5191    -1.8323     -0.781     0.1493    -0.4449 -9.990e-29
 147.808067     -0.779   0.234724    12.5185    -1.6525     -0.773     0.1482    -0.4457 -9.990e-29
 147.808073     -0.768   0.233893    12.5189    -1.6555     -0.762     0.1477    -0.4462 -9.990e-29
 147.808079     -0.754   0.235059    12.5183    -1.6562     -0.748     0.1484    -0.4455 -9.990e-29
 147.808084     -0.735   0.241438    12.5153    -1.6562     -0.729     0.1525    -0.4420 -9.990e-29
 147.808090     -0.712   0.262645    12.5094    -1.6560     -0.706     0.1661    -0.4306 -9.990e-29
 147.808096     -0.686   0.328063    12.5004    -1.6560     -0.680     0.2085    -0.3964 -9.990e-29
 147.808102     -0.660   0.526025    12.4882    -1.6552     -0.654     0.3391    -0.2930 -9.990e-29
 147.808108     -0.628   1.122143    12.4701    -1.6557     -0.623     0.7460     0.0263 -9.990e-29
 147.808113     -0.584   2.912902    12.4324    -1.6561     -0.579     2.0373     1.0343 -9.990e-29
 147.808119     -0.525   8.286535    12.3660    -1.6571     -0.521     6.2238     4.2827 -9.990e-29
 147.808125     -0.448  18.389233    12.2954    -1.6575     -0.444    14.7649    10.8835 -9.990e-29
 147.808131     -0.355  28.529682    12.2501    -1.6577     -0.352    23.9075    17.9492 -9.990e-29
 147.808137     -0.264  33.957925    12.2308    -1.6574     -0.262    28.9939    21.8876 -9.990e-29
 147.808142     -0.184  35.776144    12.2259    -1.6571     -0.182    30.7249    23.2296 -9.990e-29
 147.808148     -0.115  36.390712    12.2295    -1.6575     -0.114    31.3088    23.6814 -9.990e-29
 147.808154     -0.057  36.601461    12.2346    -1.6577     -0.057    31.5061    23.8334 -9.990e-29
 147.808160     -0.015  36.672597    12.2313    -1.6573     -0.015    31.5770    23.8889 -9.990e-29
 147.808166      0.014  36.691137    12.2185    -1.6573      0.014    31.6055    23.9135 -9.990e-29
 147.808171      0.040  36.689095    12.2005    -1.6570      0.040    31.6187    23.9271 -9.990e-29
 147.808177      0.069  36.680557    12.1843    -1.6577      0.068    31.6242    23.9344 -9.990e-29
 147.808183      0.099  36.676550    12.1786    -1.6593      0.098    31.6252    23.9362 -9.990e-29
 147.808189      0.124  36.680136    12.1826    -1.6606      0.123    31.6252    23.9355 -9.990e-29
 147.808194      0.139  36.679301    12.1861    -1.6602      0.138    31.6215    23.9319 -9.990e-29
 147.808200      0.147  36.671258    12.1823    -1.6603      0.146    31.6170    23.9291 -9.990e-29
 147.808206      0.148  36.665455    12.1772    -1.6596      0.147    31.6157    23.9291 -9.990e-29
 147.808212      0.145  36.666487    12.1775    -1.6582      0.144    31.6165    23.9296 -9.990e-29
 147.808218      0.144  36.673499    12.1803    -1.6581      0.143    31.6208    23.9325 -9.990e-29
 147.808223      0.140  36.677925    12.1757    -1.6584      0.139    31.6290    23.9396 -9.990e-29
 147.808229      0.137  36.673359    12.1549    -1.6612      0.136    31.6422    23.9537 -9.990e-29
 147.808235      0.143  36.667165    12.1225    -1.6623      0.142    31.6637    23.9764 -9.990e-29
 147.808241      0.150  36.663975    12.0981    -1.6604      0.149    31.6813    23.9946 -9.990e-29
 147.808247      0.151  36.658418    12.0916    -1.6597      0.150    31.6815    23.9960 -9.990e-29
 147.808252      0.148  36.648687    12.0985    -1.6595      0.147    31.6663    23.9829 -9.990e-29
 147.808258      0.148  36.642534    12.1176    -1.6595      0.147    31.6442    23.9622 -9.990e-29
 147.808264      0.144  36.641844    12.1381    -1.6604      0.143    31.6261    23.9444 -9.990e-29
 147.808270      0.137  36.639546    12.1392    -1.6609      0.136    31.6230    23.9418 -9.990e-29
 147.808275      0.136  36.638753    12.1115    -1.6608      0.135    31.6457    23.9646 -9.990e-29
 147.808281      0.143  36.647383    12.0709    -1.6605      0.142    31.6884    24.0052 -9.990e-29
 147.808287      0.156  36.660152    12.0548    -1.6604      0.155    31.7144    24.0283 -9.990e-29
 147.808293      0.167  36.663848    12.0732    -1.6607      0.166    31.7023    24.0155 -9.990e-29
 147.808299      0.172  36.654995    12.0979    -1.6606      0.171    31.6728    23.9881 -9.990e-29
 147.808304      0.171  36.640837    12.1103    -1.6599      0.170    31.6487    23.9671 -9.990e-29
 147.808310      0.169  36.627152    12.1076    -1.6600      0.168    31.6379    23.9592 -9.990e-29
 147.808316      0.174  36.616432    12.0917    -1.6597      0.173    31.6410    23.9646 -9.990e-29
 147.808322      0.186  36.612876    12.0736    -1.6598      0.184    31.6529    23.9772 -9.990e-29
 147.808328      0.198  36.621271    12.0656    -1.6600      0.196    31.6678    23.9902 -9.990e-29
 147.808333      0.206  36.638815    12.0674    -1.6597      0.204    31.6831    24.0018 -9.990e-29
 147.808339      0.211  36.651944    12.0720    -1.6591      0.209    31.6918    24.0077 -9.990e-29
 147.808345      0.213  36.652969    12.0781    -1.6588      0.211    31.6876    24.0033 -9.990e-29
 147.808351      0.216  36.643270    12.0867    -1.6591      0.214    31.6710    23.9888 -9.990e-29
 147.808356      0.224  36.628406    12.0945    -1.6590      0.222    31.6501    23.9711 -9.990e-29
 147.808362      0.235  36.621609    12.0992    -1.6587      0.233    31.6396    23.9621 -9.990e-29
 147.808368      0.240  36.626707    12.1040    -1.6587      0.238    31.6404    23.9619 -9.990e-29
 147.808374      0.235  36.633148    12.1092    -1.6583      0.233    31.6422    23.9623 -9.990e-29
 147.808380      0.224  36.631051    12.1130    -1.6581      0.222    31.6370    23.9575 -9.990e-29
 147.808385      0.215  36.620990    12.1180    -1.6581      0.213    31.6231    23.9458 -9.990e-29
 147.808391      0.212  36.616442    12.1255    -1.6580      0.210    31.6124    23.9361 -9.990e-29
 147.808397      0.211  36.623671    12.1312    -1.6581      0.209    31.6145    23.9367 -9.990e-29
 147.808403      0.210  36.632728    12.1332    -1.6588      0.208    31.6215    23.9418 -9.990e-29
 147.808409      0.215  36.636097    12.1348    -1.6595      0.213    31.6234    23.9429 -9.990e-29
 147.808414      0.221  36.638282    12.1385    -1.6607      0.219    31.6224    23.9414 -9.990e-29
 147.808420      0.225  36.644445    12.1445    -1.6607      0.223    31.6232    23.9410 -9.990e-29
 147.808426      0.226  36.649931    12.1528    -1.6606      0.224    31.6214    23.9381 -9.990e-29
 147.808432      0.226  36.650865    12.1607    -1.6607      0.224    31.6157    23.9321 -9.990e-29
 147.808438      0.223  36.648505    12.1654    -1.6611      0.221    31.6094    23.9264 -9.990e-29
 147.808443      0.222  36.643634    12.1649    -1.6613      0.220    31.6052    23.9232 -9.990e-29
 147.808449      0.228  36.638731    12.1547    -1.6607      0.226    31.6091    23.9281 -9.990e-29
 147.808455      0.235  36.637350    12.1336    -1.6603      0.233    31.6256    23.9449 -9.990e-29
 147.808461      0.241  36.640457    12.1055    -1.6608      0.239    31.6524    23.9708 -9.990e-29
 147.808466      0.246  36.646604    12.0796    -1.6616      0.244    31.6802    23.9973 -9.990e-29
 147.808472      0.250  36.653910    12.0668    -1.6617      0.248    31.6981    24.0135 -9.990e-29
 147.808478      0.253  36.660361    12.0647    -1.6618      0.251    31.7061    24.0201 -9.990e-29
 147.808484      0.256  36.661122    12.0608    -1.6613      0.254    31.7102    24.0239 -9.990e-29
 147.808490      0.259  36.654415    12.0523    -1.6609      0.257    31.7109    24.0261 -9.990e-29
 147.808495      0.262  36.650910    12.0492    -1.6606      0.260    31.7102    24.0261 -9.990e-29
 147.808501      0.264  36.657702    12.0573    -1.6601      0.262    31.7098    24.0243 -9.990e-29
 147.808507      0.267  36.664254    12.0672    -1.6600      0.265    31.7077    24.0209 -9.990e-29
 147.808513      0.271  36.658591    12.0672    -1.6599      0.269    31.7023    24.0166 -9.990e-29
 147.808519      0.275  36.639892    12.0561    -1.6602      0.273    31.6937    24.0121 -9.990e-29
 147.808524      0.280  36.618520    12.0420    -1.6604      0.278    31.6851    24.0080 -9.990e-29
 147.808530      0.287  36.613028    12.0348    -1.6601      0.285    31.6860    24.0100 -9.990e-29
 147.808536      0.290  36.628982    12.0410    -1.6599      0.288    31.6960    24.0167 -9.990e-29
 147.808542      0.288  36.649576    12.0574    13.5789      0.286    31.7019    24.0182 -9.990e-29
 147.808547      0.282  36.656357    12.0728    17.8674      0.280    31.6954    24.0103 -9.990e-29
 147.808553      0.279  36.647737    12.0806    18.1552      0.277    31.6805    23.9972 -9.990e-29
 147.808559      0.276  36.642478    12.0836    15.0716      0.274    31.6729    23.9908 -9.990e-29
 147.808565      0.275  36.651499    12.0871     8.5120      0.273    31.6786    23.9946 -9.990e-29
 147.808571      0.274  36.660520    12.0919     8.7147      0.272    31.6832    23.9972 -9.990e-29
 147.808576      0.274  36.653578    12.0966     9.0815      0.272    31.6725    23.9881 -9.990e-29
 147.808582      0.275  36.633186    12.1011     9.1888      0.273    31.6491    23.9691 -9.990e-29
