data/oxygen options/ONMS/Olympic_Coast_National_Marine_Sanctuary_CTD_Data_2005_2023/raw_data/2017/CAST_CA042_170526faed.cnv
* Sea-Bird SBE19 Data File:
* FileName = C:\2017 Mooring Data\Casts\CAST_CA042_170526.hex
* Software Version 1.59
* Temperature SN = 2997
* Conductivity SN = 2997
* System UpLoad Time = May 26 2017 22:06:57
** CAST_CA042_170526
* ds
# nquan = 9                                 
# nvalues = 911                         
# units = specified
# name 0 = timeJ: Julian Days
# name 1 = prSM: Pressure, Strain Gauge [db]
# name 2 = c0mS/cm: Conductivity [mS/cm]
# name 3 = t090C: Temperature [ITS-90, deg C]
# name 4 = sbeox0ML/L: Oxygen, SBE 43 [ml/l]
# name 5 = depSM: Depth [salt water, m], lat = 47.5
# name 6 = sal00: Salinity, Practical [PSU]
# name 7 = sigma-é00: Density [sigma-theta, kg/m^3]
# name 8 = flag: flag
# span 0 = 146.913333, 146.918600       
# span 1 =     -5.587,     43.686       
# span 2 =   0.234431,  36.543463       
# span 3 =     8.0605,    15.5162       
# span 4 =    -1.9030,    16.2259       
# span 5 =     -5.540,     43.317       
# span 6 =     0.1383,    33.5452       
# span 7 =    -0.8708,    26.1222       
# span 8 = 0.0000e+00, 0.0000e+00       
# interval = seconds: 0.5
# start_time = May 26 2017 21:55:12 [Instrument's time stamp, header]
# bad_flag = -9.990e-29
*END*
[from data line 481]
 146.916117      0.275  36.153244    12.9665     6.8045      0.273    30.4795    22.9000 -9.990e-29
 146.916123      0.281  36.080878    12.9755     6.7744      0.279    30.4045    22.8403 -9.990e-29
 146.916128      0.279  36.167919    13.0413     6.7719      0.277    30.4331    22.8498 -9.990e-29
 146.916134      0.275  36.282381    13.1133     6.7922      0.273    30.4822    22.8739 -9.990e-29
 146.916140      0.272  36.370894    13.1767     6.8209      0.270    30.5139    22.8861 -9.990e-29
 146.916146      0.269  36.454148    13.2180     6.8222      0.267    30.5583    22.9124 -9.990e-29
 146.916152      0.267  36.515496    13.2240     6.8187      0.265    30.6106    22.9517 -9.990e-29
 146.916157      0.266  36.521879    13.1919     6.8086      0.264    30.6424    22.9825 -9.990e-29
 146.916163      0.265  36.480646    13.1487     6.8028      0.263    30.6388    22.9881 -9.990e-29
 146.916169      0.264  36.457196    13.1317     6.8133      0.262    30.6306    22.9850 -9.990e-29
 146.916175      0.263  36.464479    13.1488     6.8439      0.261    30.6236    22.9763 -9.990e-29
 146.916181      0.262  36.483630    13.1793     6.8046      0.260    30.6169    22.9652 -9.990e-29
 146.916186      0.262  36.517773    13.1991     6.6886      0.260    30.6328    22.9736 -9.990e-29
 146.916192      0.262  36.542435    13.1967     6.6208      0.260    30.6577    22.9934 -9.990e-29
 146.916198      0.262  36.543463    13.1768     6.6296      0.260    30.6747    23.0104 -9.990e-29
 146.916204      0.262  36.532861    13.1473     6.7554      0.260    30.6887    23.0269 -9.990e-29
 146.916209      0.263  36.512720    13.1018     6.9175      0.261    30.7066    23.0496 -9.990e-29
 146.916215      0.263  36.479129    13.0360     6.9449      0.261    30.7285    23.0792 -9.990e-29
 146.916221      0.264  36.418081    12.9420     6.8438      0.262    30.7475    23.1120 -9.990e-29
 146.916227      0.264  36.272241    12.7974     6.7909      0.262    30.7280    23.1246 -9.990e-29
 146.916233      0.265  36.026304    12.6589     6.7845      0.263    30.6087    23.0586 -9.990e-29
 146.916238      0.267  35.864059    12.6421     6.7882      0.265    30.4692    22.9538 -9.990e-29
 146.916244      0.269  35.909544    12.7448     6.7555      0.267    30.4292    22.9034 -9.990e-29
 146.916250      0.271  36.040850    12.8570     6.7330      0.269    30.4622    22.9076 -9.990e-29
 146.916256      0.275  36.184465    12.8976     6.7939      0.273    30.5643    22.9788 -9.990e-29
 146.916262      0.279  36.258664    12.8614     6.9104      0.277    30.6632    23.0623 -9.990e-29
 146.916267      0.284  36.155790    12.8087     7.0010      0.282    30.6092    23.0306 -9.990e-29
 146.916273      0.291  36.014144    12.7865     6.8954      0.289    30.4940    22.9456 -9.990e-29
 146.916279      0.300  35.957263    12.7500     6.7477      0.297    30.4699    22.9339 -9.990e-29
 146.916285      0.312  35.899207    12.6674     6.6824      0.309    30.4819    22.9588 -9.990e-29
 146.916291      0.322  35.823585    12.6195     6.7150      0.319    30.4493    22.9426 -9.990e-29
 146.916296      0.324  35.838384    12.6833     6.8458      0.321    30.4118    22.9015 -9.990e-29
 146.916302      0.317  35.963860    12.8045     6.9263      0.314    30.4322    22.8944 -9.990e-29
 146.916308      0.310  36.097995    12.8591     6.8486      0.307    30.5142    22.9474 -9.990e-29
 146.916314      0.305  36.141944    12.7827     6.7573      0.302    30.6173    23.0417 -9.990e-29
 146.916319      0.304  36.042351    12.6401     6.7315      0.301    30.6391    23.0857 -9.990e-29
 146.916325      0.305  35.878064    12.5703     6.7704      0.302    30.5406    23.0225 -9.990e-29
 146.916331      0.304  35.826954    12.6224     6.8564      0.301    30.4501    22.9427 -9.990e-29
 146.916337      0.298  35.906489    12.7158     6.8832      0.296    30.4497    22.9248 -9.990e-29
 146.916343      0.291  35.985867    12.7282     6.8127      0.289    30.5145    22.9725 -9.990e-29
 146.916348      0.285  35.982819    12.6098     6.7961      0.283    30.6075    23.0669 -9.990e-29
 146.916354      0.280  35.868664    12.4487     6.8293      0.278    30.6306    23.1150 -9.990e-29
 146.916360      0.277  35.712339    12.3713     6.8982      0.275    30.5452    23.0634 -9.990e-29
 146.916366      0.275  35.663121    12.3942     6.8944      0.273    30.4799    23.0085 -9.990e-29
 146.916372      0.274  35.728677    12.4400     6.8120      0.272    30.5049    23.0193 -9.990e-29
 146.916377      0.274  35.798207    12.4436     6.7461      0.272    30.5679    23.0674 -9.990e-29
 146.916383      0.275  35.799826    12.3991     6.7744      0.273    30.6057    23.1050 -9.990e-29
 146.916389      0.276  35.740173    12.3704     6.8558      0.274    30.5724    23.0846 -9.990e-29
 146.916395      0.279  35.719418    12.4039     6.9173      0.277    30.5254    23.0420 -9.990e-29
 146.916400      0.283  35.773124    12.4393     6.8653      0.281    30.5476    23.0525 -9.990e-29
 146.916406      0.288  35.808283    12.3941     6.8149      0.286    30.6178    23.1153 -9.990e-29
 146.916412      0.295  35.746929    12.2717     6.8308      0.293    30.6594    23.1703 -9.990e-29
 146.916418      0.304  35.609154    12.1634     6.9224      0.301    30.6166    23.1571 -9.990e-29
 146.916424      0.312  35.523636    12.1657     6.9676      0.309    30.5331    23.0920 -9.990e-29
 146.916429      0.314  35.566096    12.2667     6.8888      0.311    30.4913    23.0410 -9.990e-29
 146.916435      0.316  35.655950    12.3443     6.7910      0.313    30.5136    23.0439 -9.990e-29
 146.916441      0.321  35.682904    12.3254     6.7234      0.318    30.5546    23.0792 -9.990e-29
 146.916447      0.330  35.637569    12.2857     6.7794      0.327    30.5438    23.0782 -9.990e-29
 146.916453      0.343  35.622983    12.3253     6.9330      0.340    30.4977    23.0351 -9.990e-29
 146.916458      0.358  35.695814    12.4182     6.9538      0.355    30.4914    23.0129 -9.990e-29
 146.916464      0.370  35.784631    12.4561     6.8660      0.367    30.5448    23.0472 -9.990e-29
 146.916470      0.385  35.796232    12.3915     6.7888      0.382    30.6084    23.1085 -9.990e-29
 146.916476      0.403  35.702433    12.3041     6.7405      0.400    30.5905    23.1109 -9.990e-29
 146.916481      0.414  35.616106    12.3062     6.8031      0.411    30.5067    23.0456 -9.990e-29
 146.916487      0.408  35.635979    12.3989     6.9097      0.405    30.4503    22.9847 -9.990e-29
 146.916493      0.395  35.716855    12.5003     6.9510      0.392    30.4448    22.9615 -9.990e-29
 146.916499      0.386  35.832758    12.5206     6.8699      0.383    30.5380    23.0299 -9.990e-29
 146.916505      0.386  35.865023    12.4272     6.7941      0.383    30.6446    23.1299 -9.990e-29
 146.916510      0.393  35.717833    12.3102     6.7739      0.390    30.6002    23.1173 -9.990e-29
 146.916516      0.404  35.589073    12.2603     6.8566      0.401    30.5183    23.0631 -9.990e-29
 146.916522      0.412  35.604879    12.2827     6.9661      0.409    30.5151    23.0565 -9.990e-29
 146.916528      0.412  35.676558    12.3415     6.9226      0.409    30.5354    23.0613 -9.990e-29
 146.916534      0.409  35.743468    12.3622     6.8248      0.406    30.5822    23.0937 -9.990e-29
 146.916539      0.412  35.750380    12.3019     6.7618      0.409    30.6379    23.1481 -9.990e-29
 146.916545      0.420  35.658367    12.2320     6.7476      0.416    30.6074    23.1374 -9.990e-29
 146.916551      0.425  35.582120    12.2459     6.8268      0.421    30.5234    23.0697 -9.990e-29
 146.916557      0.423  35.623731    12.3250     6.8979      0.419    30.4986    23.0359 -9.990e-29
 146.916563      0.419  35.718287    12.3692     6.9236      0.416    30.5525    23.0694 -9.990e-29
 146.916568      0.421  35.769038    12.2991     6.9176      0.417    30.6580    23.1641 -9.990e-29
 146.916574      0.428  35.702024    12.1579     6.8817      0.424    30.7098    23.2304 -9.990e-29
 146.916580      0.434  35.568419    12.0870     6.8573      0.430    30.6402    23.1895 -9.990e-29
 146.916586      0.434  35.524844    12.1408     6.8357      0.430    30.5545    23.1132 -9.990e-29
 146.916591      0.427  35.585372    12.2507     6.8545      0.423    30.5226    23.0682 -9.990e-29
 146.916597      0.418  35.673368    12.3391     6.8830      0.415    30.5344    23.0609 -9.990e-29
 146.916603      0.416  35.773485    12.3839     6.8982      0.413    30.5930    23.0980 -9.990e-29
 146.916609      0.423  35.846792    12.3986     6.8437      0.419    30.6506    23.1399 -9.990e-29
 146.916615      0.436  35.847154    12.4035     6.7976      0.432    30.6470    23.1362 -9.990e-29
 146.916620      0.447  35.827678    12.4166     6.7984      0.443    30.6178    23.1111 -9.990e-29
 146.916626      0.453  35.837410    12.4441     6.8419      0.449    30.6046    23.0958 -9.990e-29
 146.916632      0.455  35.876437    12.4915     6.8742      0.451    30.6030    23.0857 -9.990e-29
 146.916638      0.452  35.934639    12.5495     6.8633      0.448    30.6109    23.0809 -9.990e-29
 146.916644      0.448  35.981560    12.5778     6.8332      0.444    30.6323    23.0921 -9.990e-29
 146.916649      0.447  35.977862    12.5526     6.8504      0.443    30.6493    23.1100 -9.990e-29
 146.916655      0.446  35.915819    12.5195     6.8731      0.442    30.6175    23.0917 -9.990e-29
 146.916661      0.439  35.869467    12.5358     6.8355      0.435    30.5604    23.0444 -9.990e-29
 146.916667      0.427  35.893438    12.5803     6.7883      0.423    30.5470    23.0256 -9.990e-29
 146.916672      0.412  35.953049    12.6021     6.7782      0.409    30.5856    23.0514 -9.990e-29
 146.916678      0.403  36.005166    12.5997     6.8123      0.400    30.6368    23.0915 -9.990e-29
 146.916684      0.403  36.020742    12.6025     6.8521      0.400    30.6492    23.1006 -9.990e-29
 146.916690      0.412  36.017739    12.6272     6.8894      0.409    30.6263    23.0782 -9.990e-29
 146.916696      0.427  36.035808    12.6518     6.9151      0.423    30.6234    23.0713 -9.990e-29
 146.916701      0.439  36.056482    12.6457     6.8748      0.435    30.6479    23.0914 -9.990e-29
 146.916707      0.449  36.022779    12.6242     6.8200      0.445    30.6335    23.0843 -9.990e-29
 146.916713      0.464  35.951902    12.6309     6.8099      0.460    30.5611    23.0270 -9.990e-29
 146.916719      0.478  35.959852    12.6739     6.8164      0.474    30.5338    22.9978 -9.990e-29
 146.916725      0.489  36.051055    12.7247     6.8414      0.485    30.5786    23.0228 -9.990e-29
 146.916730      0.498  36.128191    12.7594     6.8405      0.494    30.6231    23.0507 -9.990e-29
 146.916736      0.505  36.160855    12.7571     6.8080      0.501    30.6558    23.0764 -9.990e-29
 146.916742      0.510  36.156207    12.6928     6.7917      0.506    30.7036    23.1256 -9.990e-29
 146.916748      0.514  36.114766    12.5964     6.8046      0.510    30.7431    23.1744 -9.990e-29
 146.916753      0.517  36.046219    12.5502     6.8795      0.513    30.7159    23.1621 -9.990e-29
 146.916759      0.519  36.007516    12.5527     6.8714      0.515    30.6772    23.1317 -9.990e-29
 146.916765      0.524  36.005806    12.5379     6.8456      0.520    30.6877    23.1425 -9.990e-29
 146.916771      0.538  35.985046    12.4921     6.8507      0.534    30.7054    23.1648 -9.990e-29
 146.916777      0.557  35.942188    12.4287     6.8761      0.552    30.7165    23.1854 -9.990e-29
 146.916782      0.582  35.886703    12.3769     6.9342      0.577    30.7062    23.1870 -9.990e-29
 146.916788      0.618  35.853209    12.3800     6.9322      0.613    30.6718    23.1598 -9.990e-29
 146.916794      0.665  35.879884    12.4330     6.8462      0.659    30.6539    23.1360 -9.990e-29
 146.916800      0.720  35.932851    12.4893     6.7709      0.714    30.6581    23.1288 -9.990e-29
 146.916806      0.788  35.960111    12.5273     6.7569      0.781    30.6530    23.1177 -9.990e-29
 146.916811      0.871  35.947064    12.5582     6.7737      0.864    30.6154    23.0828 -9.990e-29
 146.916817      0.977  35.942381    12.5609     6.8173      0.969    30.6088    23.0771 -9.990e-29
 146.916823      1.111  35.970045    12.4966     6.7947      1.102    30.6873    23.1500 0.0000e+00
 146.916829      1.282  35.942646    12.3688     6.7128      1.271    30.7657    23.2347 0.0000e+00
 146.916834      1.505  35.804323    12.1711     6.4712      1.492    30.7962    23.2949 0.0000e+00
 146.916840      1.794  35.612469    11.9231     6.0938      1.779    30.8169    23.3564 0.0000e+00
 146.916846      2.147  35.451610    11.7039     5.6556      2.129    30.8434    23.4167 0.0000e+00
 146.916852      2.551  35.356874    11.5246     5.1644      2.530    30.9008    23.4933 0.0000e+00
 146.916858      2.997  35.299534    11.3390     4.7482      2.972    31.0001    23.6034 0.0000e+00
 146.916863      3.481  35.256781    11.1107     4.3979      3.452    31.1506    23.7605 0.0000e+00
 146.916869      3.994  35.216875    10.8064     4.1638      3.961    31.3703    23.9840 0.0000e+00
 146.916875      4.521  35.147798    10.4199     4.0051      4.483    31.6350    24.2559 0.0000e+00
 146.916881      5.050  35.031247    10.0124     3.8704      5.008    31.8745    24.5104 0.0000e+00
 146.916887      5.579  34.896449     9.6841     3.7560      5.532    32.0285    24.6842 0.0000e+00
 146.916892      6.113  34.792502     9.4663     3.6878      6.062    32.1167    24.7880 0.0000e+00
 146.916898      6.654  34.729019     9.3093     3.6597      6.598    32.1924    24.8721 0.0000e+00
 146.916904      7.213  34.689535     9.1623     3.6701      7.153    32.2842    24.9670 0.0000e+00
 146.916910      7.789  34.675056     9.0211     3.7068      7.724    32.3972    25.0774 0.0000e+00
 146.916916      8.378  34.688590     8.9157     3.7411      8.308    32.5073    25.1799 0.0000e+00
 146.916921      8.969  34.715076     8.8581     3.7847      8.894    32.5874    25.2515 0.0000e+00
 146.916927      9.549  34.738804     8.8304     3.8166      9.469    32.6374    25.2949 0.0000e+00
 146.916933     10.107  34.753830     8.8151     3.8452     10.022    32.6669    25.3203 0.0000e+00
 146.916939     10.644  34.762210     8.8066     3.8479     10.555    32.6832    25.3345 0.0000e+00
 146.916944     11.169  34.768337     8.8033     3.8688     11.075    32.6924    25.3422 0.0000e+00
 146.916950     11.686  34.773604     8.8027     3.8612     11.588    32.6983    25.3468 0.0000e+00
 146.916956     12.197  34.778816     8.8037     3.8769     12.095    32.7025    25.3500 0.0000e+00
 146.916962     12.710  34.783584     8.8063     3.8726     12.604    32.7049    25.3515 0.0000e+00
 146.916968     13.226  34.786930     8.8081     3.8478     13.115    32.7065    25.3525 0.0000e+00
 146.916973     13.748  34.789338     8.8052     3.8336     13.633    32.7114    25.3568 0.0000e+00
 146.916979     14.285  34.790604     8.7972     3.8153     14.165    32.7199    25.3647 0.0000e+00
 146.916985     14.839  34.789557     8.7861     3.8192     14.715    32.7288    25.3734 0.0000e+00
 146.916991     15.413  34.786420     8.7739     3.8062     15.284    32.7366    25.3813 0.0000e+00
 146.916997     16.004  34.782550     8.7628     3.8167     15.870    32.7425    25.3877 0.0000e+00
 146.917002     16.602  34.780000     8.7555     3.8121     16.463    32.7463    25.3918 0.0000e+00
 146.917008     17.199  34.780906     8.7536     3.8180     17.055    32.7487    25.3940 0.0000e+00
 146.917014     17.794  34.785855     8.7554     3.8038     17.645    32.7520    25.3963 0.0000e+00
 146.917020     18.386  34.793547     8.7577     3.7658     18.232    32.7576    25.4003 0.0000e+00
 146.917025     18.971  34.802423     8.7580     3.7079     18.812    32.7664    25.4071 0.0000e+00
 146.917031     19.546  34.813062     8.7558     3.6049     19.382    32.7793    25.4176 0.0000e+00
