data/oxygen options/ONMS/Olympic_Coast_National_Marine_Sanctuary_CTD_Data_2005_2023/raw_data/2017/CAST_TH015_170927faed.cnv
* Sea-Bird SBE19 Data File:
* FileName = C:\2017 Mooring Data\Casts\CAST_TH015_170927.hex
* Software Version 1.59
* Temperature SN = 2997
* Conductivity SN = 2997
* System UpLoad Time = Oct 16 2017 22:53:05
** CAST_TH015_170927
* ds
# nquan = 9                                 
# nvalues = 945                         
# units = specified
# name 0 = timeJ: Julian Days
# name 1 = prSM: Pressure, Strain Gauge [db]
# name 2 = c0mS/cm: Conductivity [mS/cm]
# name 3 = t090C: Temperature [ITS-90, deg C]
# name 4 = sbeox0ML/L: Oxygen, SBE 43 [ml/l]
# name 5 = depSM: Depth [salt water, m], lat = 47.5
# name 6 = sal00: Salinity, Practical [PSU]
# name 7 = sigma-é00: Density [sigma-theta, kg/m^3]
# name 8 = flag: flag
# span 0 = 270.880660, 270.886123       
# span 1 =     -4.858,     13.577       
# span 2 =   0.504703,  40.077648       
# span 3 =    14.4176,    18.9213       
# span 4 =    -1.7662,    12.0774       
# span 5 =     -4.818,     13.463       
# span 6 =     0.2790,    32.2535       
# span 7 =    -1.3610,    23.9034       
# span 8 = 0.0000e+00, 0.0000e+00       
# interval = seconds: 0.5
# start_time = Sep 27 2017 21:08:09 [Instrument's time stamp, header]
# bad_flag = -9.990e-29
*END*
[from data line 641]
 270.884369      0.287  39.361656    15.2216     6.5671      0.285    31.5990    23.3039 -9.990e-29
 270.884375      0.293  39.364615    15.2218     6.5674      0.291    31.6015    23.3058 -9.990e-29
 270.884381      0.296  39.365911    15.2216     6.5633      0.294    31.6028    23.3069 -9.990e-29
 270.884387      0.294  39.365014    15.2212     6.5545      0.292    31.6024    23.3066 -9.990e-29
 270.884392      0.289  39.363506    15.2199     6.5675      0.287    31.6021    23.3066 -9.990e-29
 270.884398      0.286  39.362156    15.2182     6.5675      0.284    31.6022    23.3071 -9.990e-29
 270.884404      0.284  39.361386    15.2172     6.5733      0.282    31.6023    23.3074 -9.990e-29
 270.884410      0.284  39.360707    15.2173     6.5611      0.282    31.6017    23.3069 -9.990e-29
 270.884416      0.286  39.360874    15.2178     6.5515      0.284    31.6014    23.3066 -9.990e-29
 270.884421      0.289  39.362648    15.2183     6.5532      0.287    31.6026    23.3074 -9.990e-29
 270.884427      0.294  39.365575    15.2191     6.5547      0.292    31.6046    23.3087 -9.990e-29
 270.884433      0.301  39.367936    15.2203     6.5607      0.298    31.6057    23.3093 -9.990e-29
 270.884439      0.311  39.368937    15.2219     6.5617      0.308    31.6053    23.3087 -9.990e-29
 270.884444      0.324  39.369332    15.2238     6.5629      0.321    31.6041    23.3074 -9.990e-29
 270.884450      0.340  39.369628    15.2263     6.5780      0.337    31.6024    23.3055 -9.990e-29
 270.884456      0.362  39.370759    15.2289     6.5639      0.359    31.6013    23.3041 -9.990e-29
 270.884462      0.387  39.372535    15.2305     6.5726      0.384    31.6016    23.3040 -9.990e-29
 270.884468      0.406  39.373381    15.2312     6.5784      0.403    31.6017    23.3040 -9.990e-29
 270.884473      0.422  39.372725    15.2299     6.5792      0.418    31.6022    23.3046 -9.990e-29
 270.884479      0.444  39.367991    15.2249     6.5971      0.440    31.6020    23.3055 -9.990e-29
 270.884485      0.478  39.357328    15.2174     6.6011      0.474    31.5985    23.3044 -9.990e-29
 270.884491      0.525  39.346104    15.2093     6.5833      0.521    31.5950    23.3035 -9.990e-29
 270.884497      0.589  39.337814    15.1993     6.5712      0.584    31.5956    23.3061 -9.990e-29
 270.884502      0.670  39.328665    15.1859     6.5641      0.664    31.5982    23.3110 -9.990e-29
 270.884508      0.765  39.315957    15.1726     6.5992      0.759    31.5975    23.3133 -9.990e-29
 270.884514      0.869  39.305127    15.1643     6.6547      0.862    31.5944    23.3128 -9.990e-29
 270.884520      0.983  39.301877    15.1586     6.7037      0.975    31.5961    23.3152 -9.990e-29
 270.884525      1.104  39.299607    15.1456     6.7374      1.095    31.6045    23.3245 -9.990e-29
 270.884531      1.232  39.286306    15.1133     6.7772      1.222    31.6186    23.3423 0.0000e+00
 270.884537      1.365  39.248139    15.0584     6.7920      1.354    31.6287    23.3619 0.0000e+00
 270.884543      1.505  39.187964    14.9937     6.8090      1.492    31.6269    23.3743 0.0000e+00
 270.884549      1.651  39.130820    14.9332     6.8064      1.637    31.6244    23.3853 0.0000e+00
 270.884554      1.800  39.088415    14.8777     6.7940      1.785    31.6312    23.4023 0.0000e+00
 270.884560      1.948  39.060185    14.8243     6.7723      1.932    31.6490    23.4274 0.0000e+00
 270.884566      2.097  39.044864    14.7749     6.7551      2.079    31.6753    23.4581 0.0000e+00
 270.884572      2.247  39.034875    14.7309     6.7346      2.228    31.7020    23.4880 0.0000e+00
 270.884578      2.399  39.026950    14.6947     6.7276      2.379    31.7243    23.5128 0.0000e+00
 270.884583      2.555  39.026174    14.6714     6.7110      2.534    31.7425    23.5318 0.0000e+00
 270.884589      2.715  39.034284    14.6600     6.7011      2.692    31.7591    23.5470 0.0000e+00
 270.884595      2.881  39.050864    14.6554     6.6860      2.857    31.7778    23.5624 0.0000e+00
 270.884601      3.055  39.076152    14.6544     6.6981      3.029    31.8015    23.5808 0.0000e+00
 270.884606      3.236  39.102960    14.6546     6.7034      3.209    31.8256    23.5994 0.0000e+00
 270.884612      3.418  39.124442    14.6547     6.7003      3.389    31.8449    23.6142 0.0000e+00
 270.884618      3.599  39.141777    14.6546     6.6960      3.569    31.8606    23.6264 0.0000e+00
 270.884624      3.783  39.155093    14.6550     6.6866      3.751    31.8723    23.6353 0.0000e+00
 270.884630      3.968  39.163640    14.6556     6.6820      3.935    31.8795    23.6407 0.0000e+00
 270.884635      4.149  39.171512    14.6570     6.6964      4.114    31.8854    23.6450 0.0000e+00
 270.884641      4.325  39.183582    14.6603     6.6896      4.289    31.8936    23.6506 0.0000e+00
 270.884647      4.502  39.202479    14.6646     6.6759      4.464    31.9071    23.6601 0.0000e+00
 270.884653      4.688  39.223695    14.6688     6.6359      4.649    31.9229    23.6714 0.0000e+00
 270.884659      4.882  39.239650    14.6736     6.5990      4.841    31.9333    23.6784 0.0000e+00
 270.884664      5.078  39.254236    14.6817     6.5821      5.036    31.9398    23.6817 0.0000e+00
 270.884670      5.276  39.276236    14.6963     6.5915      5.232    31.9477    23.6847 0.0000e+00
 270.884676      5.481  39.305839    14.7166     6.6065      5.435    31.9577    23.6882 0.0000e+00
 270.884682      5.688  39.336006    14.7360     6.6254      5.640    31.9690    23.6928 0.0000e+00
 270.884687      5.889  39.358211    14.7482     6.6343      5.840    31.9791    23.6979 0.0000e+00
 270.884693      6.084  39.367876    14.7530     6.6353      6.033    31.9838    23.7006 0.0000e+00
 270.884699      6.272  39.369468    14.7542     6.6300      6.220    31.9842    23.7006 0.0000e+00
 270.884705      6.457  39.370131    14.7563     6.6132      6.403    31.9830    23.6992 0.0000e+00
 270.884711      6.647  39.372968    14.7607     6.6111      6.591    31.9819    23.6974 0.0000e+00
 270.884716      6.836  39.379500    14.7659     6.6075      6.779    31.9834    23.6976 0.0000e+00
 270.884722      7.019  39.387773    14.7696     6.6074      6.960    31.9878    23.7002 0.0000e+00
 270.884728      7.200  39.393114    14.7718     6.6066      7.140    31.9908    23.7020 0.0000e+00
 270.884734      7.381  39.396465    14.7740     6.6076      7.319    31.9919    23.7024 0.0000e+00
 270.884740      7.565  39.402833    14.7771     6.6113      7.502    31.9951    23.7042 0.0000e+00
 270.884745      7.755  39.411725    14.7807     6.6157      7.690    32.0001    23.7073 0.0000e+00
 270.884751      7.951  39.419292    14.7837     6.6189      7.884    32.0044    23.7100 0.0000e+00
 270.884757      8.147  39.424960    14.7851     6.6320      8.079    32.0083    23.7127 0.0000e+00
 270.884763      8.345  39.428424    14.7830     6.6286      8.275    32.0131    23.7168 0.0000e+00
 270.884769      8.542  39.427560    14.7765     6.6332      8.471    32.0176    23.7217 0.0000e+00
 270.884774      8.739  39.421754    14.7668     6.6257      8.666    32.0202    23.7258 0.0000e+00
 270.884780      8.936  39.412768    14.7569     6.6272      8.861    32.0201    23.7278 0.0000e+00
 270.884786      9.128  39.404280    14.7503     6.6120      9.052    32.0178    23.7274 0.0000e+00
 270.884792      9.314  39.399512    14.7476     6.6072      9.236    32.0156    23.7263 0.0000e+00
 270.884797      9.498  39.397683    14.7460     6.5963      9.419    32.0152    23.7264 0.0000e+00
 270.884803      9.683  39.396334    14.7435     6.5955      9.602    32.0160    23.7275 0.0000e+00
 270.884809      9.867  39.394763    14.7404     6.5926      9.784    32.0171    23.7290 0.0000e+00
 270.884815     10.050  39.394216    14.7381     6.6009      9.966    32.0184    23.7305 0.0000e+00
 270.884821     10.234  39.396183    14.7364     6.5937     10.148    32.0215    23.7332 0.0000e+00
 270.884826     10.419  39.401024    14.7337     6.5896     10.332    32.0280    23.7389 0.0000e+00
 270.884832     10.604  39.407330    14.7296     6.5587     10.515    32.0370    23.7467 0.0000e+00
 270.884838     10.790  39.412285    14.7252     6.5391     10.700    32.0451    23.7538 0.0000e+00
 270.884844     10.979  39.414631    14.7212     6.5165     10.887    32.0504    23.7588 0.0000e+00
 270.884850     11.163  39.414672    14.7172     6.4887     11.070    32.0537    23.7622 0.0000e+00
 270.884855     11.343  39.413004    14.7112     6.4723     11.248    32.0571    23.7660 0.0000e+00
 270.884861     11.521  39.409630    14.7002     6.4687     11.425    32.0630    23.7729 0.0000e+00
 270.884867     11.696  39.402275    14.6819     6.4632     11.598    32.0714    23.7833 0.0000e+00
 270.884873     11.866  39.390074    14.6563     6.4607     11.767    32.0813    23.7964 0.0000e+00
 270.884878     12.033  39.370743    14.6229     6.4546     11.932    32.0913    23.8111 0.0000e+00
 270.884884     12.195  39.345935    14.5829     6.4556     12.093    32.1018    23.8276 0.0000e+00
 270.884890     12.349  39.328484    14.5435     6.4566     12.246    32.1184    23.8487 0.0000e+00
 270.884896     12.497  39.318627    14.5149     6.4534     12.392    32.1331    23.8660 0.0000e+00
 270.884902     12.639  39.308240    14.5000     6.4585     12.533    32.1359    23.8714 0.0000e+00
 270.884907     12.776  39.300256    14.4908     6.4374     12.669    32.1362    23.8735 0.0000e+00
 270.884913     12.904  39.293530    14.4795     6.4206     12.796    32.1394    23.8784 -9.990e-29
 270.884919     13.019  39.284120    14.4656     6.4104     12.910    32.1423    23.8835 -9.990e-29
 270.884925     13.122  39.276828    14.4538     6.4204     13.012    32.1454    23.8884 -9.990e-29
 270.884931     13.216  39.274239    14.4468     6.4307     13.105    32.1488    23.8925 -9.990e-29
 270.884936     13.300  39.272326    14.4431     6.4463     13.189    32.1501    23.8943 -9.990e-29
 270.884942     13.369  39.270199    14.4427     6.4394     13.257    32.1485    23.8931 -9.990e-29
 270.884948     13.420  39.270050    14.4468     6.4415     13.308    32.1449    23.8895 -9.990e-29
 270.884954     13.451  39.271105    14.4550     6.4376     13.338    32.1391    23.8832 -9.990e-29
 270.884959     13.468  39.271957    14.4626     6.4496     13.355    32.1335    23.8774 -9.990e-29
 270.884965     13.482  39.272609    14.4643     6.4334     13.369    32.1327    23.8764 -9.990e-29
 270.884971     13.497  39.273921    14.4601     6.4222     13.384    32.1374    23.8809 -9.990e-29
 270.884977     13.515  39.276509    14.4551     6.4023     13.402    32.1439    23.8869 -9.990e-29
 270.884983     13.536  39.278210    14.4524     6.3964     13.423    32.1477    23.8904 -9.990e-29
 270.884988     13.557  39.277916    14.4510     6.3950     13.443    32.1486    23.8914 -9.990e-29
 270.884994     13.572  39.278582    14.4504     6.3994     13.458    32.1497    23.8924 -9.990e-29
 270.885000     13.577  39.280520    14.4506     6.4012     13.463    32.1513    23.8936 -9.990e-29
 270.885006     13.572  39.280139    14.4499     6.4020     13.458    32.1515    23.8939 -9.990e-29
 270.885012     13.561  39.276359    14.4446     6.4077     13.447    32.1525    23.8957 -9.990e-29
 270.885017     13.553  39.269169    14.4335     6.4146     13.439    32.1551    23.9001 -9.990e-29
 270.885023     13.546  39.260170    14.4222     6.4246     13.433    32.1563    23.9034 -9.990e-29
 270.885029     13.532  39.253593    14.4176     6.4197     13.419    32.1541    23.9027 -9.990e-29
 270.885035     13.506  39.251293    14.4203     6.4230     13.393    32.1498    23.8988 -9.990e-29
 270.885041     13.470  39.253549    14.4245     6.4263     13.357    32.1484    23.8968 -9.990e-29
 270.885046     13.430  39.258873    14.4266     6.4388     13.317    32.1515    23.8988 -9.990e-29
 270.885052     13.388  39.263151    14.4279     6.4497     13.276    32.1543    23.9007 -9.990e-29
 270.885058     13.341  39.264793    14.4297     6.4658     13.229    32.1544    23.9003 -9.990e-29
 270.885064     13.291  39.265414    14.4318     6.4643     13.180    32.1532    23.8990 -9.990e-29
 270.885069     13.239  39.265829    14.4343     6.4574     13.128    32.1515    23.8972 -9.990e-29
 270.885075     13.182  39.266579    14.4367     6.4508     13.072    32.1502    23.8957 -9.990e-29
 270.885081     13.124  39.268092    14.4381     6.4488     13.014    32.1505    23.8956 -9.990e-29
 270.885087     13.070  39.269572    14.4392     6.4369     12.961    32.1509    23.8957 -9.990e-29
 270.885093     13.017  39.271301    14.4406     6.4266     12.908    32.1514    23.8957 -9.990e-29
 270.885098     12.967  39.273330    14.4415     6.4269     12.858    32.1525    23.8964 -9.990e-29
 270.885104     12.919  39.273872    14.4410     6.4414     12.811    32.1534    23.8972 -9.990e-29
 270.885110     12.870  39.272515    14.4403     6.4614     12.762    32.1528    23.8969 -9.990e-29
 270.885116     12.823  39.271358    14.4405     6.4823     12.716    32.1516    23.8959 -9.990e-29
 270.885122     12.779  39.272204    14.4409     6.5026     12.672    32.1520    23.8962 -9.990e-29
 270.885127     12.729  39.273930    14.4413     6.5120     12.622    32.1533    23.8971 -9.990e-29
 270.885133     12.667  39.274902    14.4436     6.5278     12.561    32.1523    23.8958 -9.990e-29
 270.885139     12.594  39.275842    14.4506     6.5301     12.489    32.1474    23.8905 -9.990e-29
 270.885145     12.512  39.277991    14.4659     6.5484     12.407    32.1367    23.8791 -9.990e-29
 270.885150     12.427  39.282520    14.4932     6.5601     12.323    32.1182    23.8591 -9.990e-29
 270.885156     12.339  39.290416    14.5275     6.5824     12.236    32.0970    23.8356 -9.990e-29
 270.885162     12.253  39.300994    14.5569     6.5890     12.150    32.0824    23.8181 -9.990e-29
 270.885168     12.172  39.314348    14.5789     6.5923     12.070    32.0764    23.8089 -9.990e-29
 270.885174     12.095  39.332593    14.6014     6.5811     11.994    32.0744    23.8026 -9.990e-29
 270.885179     12.020  39.353164    14.6285     6.5892     11.919    32.0707    23.7941 -9.990e-29
 270.885185     11.953  39.370990    14.6558     6.5782     11.853    32.0644    23.7834 -9.990e-29
 270.885191     11.893  39.385745    14.6767     6.5748     11.793    32.0606    23.7761 -9.990e-29
 270.885197     11.836  39.396928    14.6893     6.5641     11.737    32.0604    23.7732 -9.990e-29
 270.885203     11.778  39.403200    14.6957     6.5657     11.679    32.0608    23.7722 -9.990e-29
 270.885208     11.716  39.405633    14.6990     6.5627     11.618    32.0603    23.7711 -9.990e-29
 270.885214     11.646  39.405779    14.7025     6.5656     11.548    32.0576    23.7683 -9.990e-29
 270.885220     11.568  39.405500    14.7072     6.5666     11.471    32.0535    23.7641 -9.990e-29
 270.885226     11.486  39.406090    14.7121     6.5750     11.390    32.0500    23.7604 -9.990e-29
 270.885231     11.397  39.407203    14.7166     6.5854     11.302    32.0473    23.7574 -9.990e-29
 270.885237     11.302  39.408633    14.7202     6.5775     11.207    32.0457    23.7554 -9.990e-29
 270.885243     11.207  39.410592    14.7229     6.5731     11.113    32.0453    23.7545 -9.990e-29
 270.885249     11.118  39.413441    14.7253     6.5599     11.025    32.0459    23.7545 -9.990e-29
 270.885255     11.034  39.417046    14.7282     6.5691     10.942    32.0468    23.7545 -9.990e-29
 270.885260     10.955  39.420039    14.7321     6.5809     10.863    32.0464    23.7533 -9.990e-29
 270.885266     10.884  39.422477    14.7363     6.5896     10.793    32.0451    23.7515 -9.990e-29
 270.885272     10.819  39.425357    14.7396     6.5900     10.728    32.0451    23.7507 -9.990e-29
 270.885278     10.759  39.428027    14.7419     6.5954     10.669    32.0456    23.7507 -9.990e-29
 270.885284     10.697  39.429554    14.7434     6.5875     10.607    32.0458    23.7505 -9.990e-29
