data/oxygen options/ONMS/Olympic_Coast_National_Marine_Sanctuary_CTD_Data_2005_2023/raw_data/2017/CAST_MB015_170526faed.cnv
* Sea-Bird SBE19 Data File:
* FileName = C:\2017 Mooring Data\Casts\CAST_MB015_170526.hex
* Software Version 1.59
* Temperature SN = 2997
* Conductivity SN = 2997
* System UpLoad Time = May 26 2017 18:38:08
** CAST_MB015_170526
* ds
# nquan = 9                                 
# nvalues = 857                         
# units = specified
# name 0 = timeJ: Julian Days
# name 1 = prSM: Pressure, Strain Gauge [db]
# name 2 = c0mS/cm: Conductivity [mS/cm]
# name 3 = t090C: Temperature [ITS-90, deg C]
# name 4 = sbeox0ML/L: Oxygen, SBE 43 [ml/l]
# name 5 = depSM: Depth [salt water, m], lat = 47.5
# name 6 = sal00: Salinity, Practical [PSU]
# name 7 = sigma-é00: Density [sigma-theta, kg/m^3]
# name 8 = flag: flag
# span 0 = 146.768229, 146.773183       
# span 1 =     -5.533,     13.299       
# span 2 =   0.013845,  38.469228       
# span 3 =     9.1514,    15.8225       
# span 4 =    -1.9098,    15.6502       
# span 5 =     -5.487,     13.188       
# span 6 =     0.0133,    33.7245       
# span 7 =    -1.0166,    25.6429       
# span 8 = 0.0000e+00, 0.0000e+00       
# interval = seconds: 0.5
# start_time = May 26 2017 18:26:15 [Instrument's time stamp, header]
# bad_flag = -9.990e-29
*END*
[from data line 641]
 146.771939      0.527  36.249837    11.1401     6.5274      0.523    32.1025    24.4953 -9.990e-29
 146.771944      0.528  36.263729    11.1708     6.5175      0.524    32.0894    24.4797 -9.990e-29
 146.771950      0.528  36.271092    11.1806     6.5254      0.524    32.0881    24.4770 -9.990e-29
 146.771956      0.528  36.271708    11.1876     6.5260      0.524    32.0826    24.4715 -9.990e-29
 146.771962      0.528  36.272033    11.2017     6.5248      0.524    32.0706    24.4597 -9.990e-29
 146.771968      0.529  36.275894    11.2130     6.5257      0.525    32.0646    24.4529 -9.990e-29
 146.771973      0.529  36.280068    11.2158     6.5206      0.525    32.0662    24.4537 -9.990e-29
 146.771979      0.529  36.282318    11.2127     6.5276      0.525    32.0711    24.4581 -9.990e-29
 146.771985      0.529  36.282877    11.2076     6.5279      0.525    32.0761    24.4629 -9.990e-29
 146.771991      0.529  36.283083    11.2047     6.5101      0.525    32.0789    24.4655 -9.990e-29
 146.771997      0.529  36.283241    11.2039     6.5056      0.525    32.0797    24.4663 -9.990e-29
 146.772002      0.529  36.282472    11.2025     6.4964      0.525    32.0802    24.4669 -9.990e-29
 146.772008      0.529  36.280342    11.1993     6.4986      0.525    32.0809    24.4681 -9.990e-29
 146.772014      0.529  36.277963    11.1956     6.5055      0.525    32.0818    24.4694 -9.990e-29
 146.772020      0.529  36.276674    11.1929     6.5097      0.525    32.0828    24.4707 -9.990e-29
 146.772025      0.529  36.276467    11.1919     6.5113      0.525    32.0835    24.4714 -9.990e-29
 146.772031      0.529  36.276537    11.1914     6.5023      0.525    32.0840    24.4719 -9.990e-29
 146.772037      0.529  36.276450    11.1902     6.4847      0.525    32.0850    24.4729 -9.990e-29
 146.772043      0.529  36.276122    11.1876     6.4803      0.525    32.0869    24.4748 -9.990e-29
 146.772049      0.529  36.275145    11.1824     6.5021      0.525    32.0905    24.4785 -9.990e-29
 146.772054      0.529  36.273931    11.1751     6.5298      0.525    32.0957    24.4838 -9.990e-29
 146.772060      0.529  36.273130    11.1686     6.5328      0.525    32.1005    24.4888 -9.990e-29
 146.772066      0.529  36.272825    11.1628     6.5256      0.525    32.1053    24.4935 -9.990e-29
 146.772072      0.529  36.272641    11.1597     6.5207      0.525    32.1078    24.4960 -9.990e-29
 146.772078      0.529  36.271804    11.1648     6.5321      0.525    32.1025    24.4910 -9.990e-29
 146.772083      0.529  36.270907    11.1757     6.5309      0.525    32.0922    24.4810 -9.990e-29
 146.772089      0.529  36.271026    11.1870     6.5277      0.525    32.0824    24.4714 -9.990e-29
 146.772095      0.529  36.272352    11.1971     6.5143      0.525    32.0749    24.4638 -9.990e-29
 146.772101      0.529  36.273887    11.2031     6.5077      0.525    32.0712    24.4599 -9.990e-29
 146.772106      0.528  36.274352    11.2034     6.5043      0.524    32.0714    24.4600 -9.990e-29
 146.772112      0.528  36.273839    11.2019     6.5121      0.524    32.0722    24.4609 -9.990e-29
 146.772118      0.528  36.272819    11.1998     6.5176      0.524    32.0730    24.4619 -9.990e-29
 146.772124      0.528  36.271643    11.1960     6.5185      0.524    32.0752    24.4642 -9.990e-29
 146.772130      0.527  36.271015    11.1937     6.5114      0.523    32.0766    24.4657 -9.990e-29
 146.772135      0.527  36.270687    11.1935     6.5053      0.523    32.0764    24.4656 -9.990e-29
 146.772141      0.526  36.270254    11.1924     6.5121      0.522    32.0770    24.4662 -9.990e-29
 146.772147      0.525  36.270290    11.1901     6.5248      0.521    32.0790    24.4682 -9.990e-29
 146.772153      0.524  36.270314    11.1875     6.5301      0.520    32.0813    24.4705 -9.990e-29
 146.772159      0.523  36.269270    11.1845     6.5415      0.519    32.0829    24.4722 -9.990e-29
 146.772164      0.522  36.267477    11.1815     6.5465      0.518    32.0837    24.4734 -9.990e-29
 146.772170      0.519  36.266497    11.1816     6.5373      0.515    32.0827    24.4726 -9.990e-29
 146.772176      0.517  36.266733    11.1866     6.5334      0.513    32.0786    24.4685 -9.990e-29
 146.772182      0.513  36.266850    11.1943     6.5319      0.509    32.0720    24.4620 -9.990e-29
 146.772188      0.509  36.267036    11.2000     6.5529      0.505    32.0672    24.4573 -9.990e-29
 146.772193      0.503  36.268133    11.2002     6.5539      0.499    32.0681    24.4580 -9.990e-29
 146.772199      0.499  36.269397    11.1969     6.5519      0.495    32.0722    24.4617 -9.990e-29
 146.772205      0.503  36.269748    11.1968     6.5489      0.499    32.0726    24.4621 -9.990e-29
 146.772211      0.509  36.268565    11.2010     6.5410      0.505    32.0678    24.4576 -9.990e-29
 146.772216      0.513  36.266540    11.2044     6.5284      0.509    32.0629    24.4532 -9.990e-29
 146.772222      0.517  36.265483    11.2044     6.5242      0.513    32.0618    24.4523 -9.990e-29
 146.772228      0.520  36.266817    11.2031     6.5304      0.516    32.0643    24.4545 -9.990e-29
 146.772234      0.522  36.268434    11.2035     6.5351      0.518    32.0655    24.4554 -9.990e-29
 146.772240      0.524  36.267484    11.2049     6.5344      0.520    32.0634    24.4534 -9.990e-29
 146.772245      0.526  36.265529    11.2031     6.5389      0.522    32.0630    24.4535 -9.990e-29
 146.772251      0.527  36.262797    11.1922     6.5445      0.523    32.0698    24.4607 -9.990e-29
 146.772257      0.529  36.255677    11.1747     6.5486      0.525    32.0781    24.4702 -9.990e-29
 146.772263      0.530  36.245347    11.1643     6.5497      0.526    32.0770    24.4712 -9.990e-29
 146.772269      0.531  36.239341    11.1651     6.5583      0.527    32.0703    24.4659 -9.990e-29
 146.772274      0.533  36.239759    11.1701     6.5554      0.529    32.0664    24.4620 -9.990e-29
 146.772280      0.534  36.242707    11.1751     6.5542      0.530    32.0649    24.4600 -9.990e-29
 146.772286      0.536  36.246548    11.1794     6.5577      0.532    32.0650    24.4592 -9.990e-29
 146.772292      0.539  36.249717    11.1824     6.5669      0.535    32.0655    24.4591 -9.990e-29
 146.772297      0.542  36.249194    11.1820     6.5696      0.537    32.0653    24.4590 -9.990e-29
 146.772303      0.546  36.244312    11.1782     6.5675      0.541    32.0638    24.4585 -9.990e-29
 146.772309      0.551  36.242036    11.1759     6.5677      0.546    32.0636    24.4588 -9.990e-29
 146.772315      0.558  36.247199    11.1793     6.5633      0.553    32.0657    24.4598 -9.990e-29
 146.772321      0.566  36.253279    11.1884     6.5567      0.561    32.0637    24.4567 -9.990e-29
 146.772326      0.573  36.256655    11.2005     6.5666      0.568    32.0565    24.4489 -9.990e-29
 146.772332      0.573  36.260177    11.2110     6.5786      0.568    32.0508    24.4426 -9.990e-29
 146.772338      0.572  36.264097    11.2179     6.5753      0.567    32.0487    24.4397 -9.990e-29
 146.772344      0.574  36.265835    11.2229     6.5729      0.569    32.0461    24.4368 -9.990e-29
 146.772350      0.579  36.265504    11.2287     6.5841      0.574    32.0407    24.4316 -9.990e-29
 146.772355      0.587  36.264374    11.2342     6.5843      0.582    32.0348    24.4260 -9.990e-29
 146.772361      0.599  36.260414    11.2363     6.5881      0.594    32.0291    24.4212 -9.990e-29
 146.772367      0.615  36.254533    11.2353     6.5913      0.610    32.0242    24.4176 -9.990e-29
 146.772373      0.636  36.251802    11.2361     6.5905      0.631    32.0208    24.4148 -9.990e-29
 146.772378      0.660  36.253091    11.2428     6.5866      0.654    32.0162    24.4101 -9.990e-29
 146.772384      0.684  36.255671    11.2530     6.5846      0.678    32.0099    24.4033 -9.990e-29
 146.772390      0.714  36.259093    11.2628     6.5964      0.708    32.0047    24.3976 -9.990e-29
 146.772396      0.755  36.264594    11.2707     6.6110      0.749    32.0032    24.3950 -9.990e-29
 146.772402      0.806  36.268344    11.2747     6.6144      0.799    32.0034    24.3944 -9.990e-29
 146.772407      0.861  36.266976    11.2742     6.5734      0.854    32.0025    24.3938 -9.990e-29
 146.772413      0.921  36.264857    11.2707     6.4777      0.913    32.0034    24.3952 -9.990e-29
 146.772419      0.993  36.263674    11.2649     6.3861      0.985    32.0073    24.3992 -9.990e-29
 146.772425      1.081  36.261878    11.2563     6.2511      1.072    32.0129    24.4051 -9.990e-29
 146.772431      1.183  36.259320    11.2436     6.1118      1.173    32.0214    24.4140 -9.990e-29
 146.772436      1.301  36.254813    11.2227     5.9858      1.290    32.0351    24.4283 -9.990e-29
 146.772442      1.438  36.242310    11.1793     5.8999      1.426    32.0605    24.4558 0.0000e+00
 146.772448      1.594  36.211255    11.0938     5.8482      1.581    32.1044    24.5051 0.0000e+00
 146.772454      1.767  36.136436    10.9745     5.7933      1.752    32.1349    24.5497 0.0000e+00
 146.772459      1.949  36.027796    10.8650     5.7539      1.933    32.1232    24.5598 0.0000e+00
 146.772465      2.141  35.952640    10.7672     5.7336      2.123    32.1344    24.5854 0.0000e+00
 146.772471      2.345  35.918763    10.6465     5.7377      2.325    32.2069    24.6627 0.0000e+00
 146.772477      2.562  35.880377    10.5157     5.7318      2.541    32.2841    24.7453 0.0000e+00
 146.772483      2.788  35.830481    10.4092     5.7328      2.765    32.3286    24.7981 0.0000e+00
 146.772488      3.017  35.788711    10.3415     5.6888      2.992    32.3468    24.8238 0.0000e+00
 146.772494      3.241  35.768178    10.3111     5.6030      3.214    32.3532    24.8339 0.0000e+00
 146.772500      3.462  35.766079    10.3044     5.5380      3.433    32.3570    24.8379 0.0000e+00
 146.772506      3.689  35.768925    10.2970     5.4572      3.658    32.3663    24.8465 0.0000e+00
 146.772512      3.938  35.763669    10.2620     5.4116      3.905    32.3921    24.8725 0.0000e+00
 146.772517      4.215  35.740466    10.1949     5.4154      4.180    32.4286    24.9122 0.0000e+00
 146.772523      4.516  35.697455    10.1152     5.4367      4.478    32.4565    24.9473 0.0000e+00
 146.772529      4.831  35.650586    10.0395     5.4306      4.791    32.4769    24.9759 0.0000e+00
 146.772535      5.145  35.611222     9.9743     5.3779      5.102    32.4955    25.0012 0.0000e+00
 146.772541      5.445  35.576651     9.9381     5.2548      5.399    32.4929    25.0051 0.0000e+00
 146.772546      5.719  35.558390     9.9460     5.0496      5.671    32.4671    24.9837 0.0000e+00
 146.772552      5.972  35.565632     9.9750     4.8603      5.922    32.4483    24.9642 0.0000e+00
 146.772558      6.224  35.579989     9.9800     4.7309      6.172    32.4582    24.9712 0.0000e+00
 146.772564      6.491  35.573537     9.9206     4.6454      6.437    32.5050    25.0175 0.0000e+00
 146.772569      6.782  35.533721     9.7909     4.6203      6.725    32.5815    25.0986 0.0000e+00
 146.772575      7.102  35.474046     9.6382     4.6173      7.043    32.6590    25.1840 0.0000e+00
 146.772581      7.446  35.419596     9.5202     4.6279      7.384    32.7105    25.2433 0.0000e+00
 146.772587      7.802  35.387283     9.4543     4.6486      7.737    32.7374    25.2749 0.0000e+00
 146.772593      8.158  35.373143     9.4197     4.6785      8.090    32.7543    25.2937 0.0000e+00
 146.772598      8.501  35.362738     9.3977     4.6710      8.430    32.7636    25.3045 0.0000e+00
 146.772604      8.821  35.354463     9.3884     4.6677      8.747    32.7634    25.3059 0.0000e+00
 146.772610      9.107  35.354594     9.3905     4.6749      9.031    32.7615    25.3041 0.0000e+00
 146.772616      9.361  35.358781     9.3921     4.6690      9.283    32.7643    25.3060 0.0000e+00
 146.772622      9.590  35.357447     9.3863     4.6744      9.510    32.7681    25.3099 0.0000e+00
 146.772627      9.799  35.349893     9.3756     4.6749      9.717    32.7700    25.3131 0.0000e+00
 146.772633      9.994  35.341685     9.3636     4.6787      9.910    32.7725    25.3170 0.0000e+00
 146.772639     10.175  35.336395     9.3535     4.6794     10.090    32.7762    25.3215 0.0000e+00
 146.772645     10.339  35.334203     9.3483     4.6881     10.252    32.7786    25.3242 0.0000e+00
 146.772650     10.489  35.334383     9.3480     4.6858     10.401    32.7790    25.3246 0.0000e+00
 146.772656     10.626  35.336573     9.3495     4.6632     10.537    32.7798    25.3250 0.0000e+00
 146.772662     10.753  35.338615     9.3492     4.6521     10.663    32.7822    25.3269 0.0000e+00
 146.772668     10.880  35.337592     9.3458     4.6237     10.789    32.7842    25.3290 0.0000e+00
 146.772674     11.010  35.334900     9.3406     4.6009     10.918    32.7861    25.3313 0.0000e+00
 146.772679     11.143  35.332507     9.3348     4.5977     11.050    32.7889    25.3344 0.0000e+00
 146.772685     11.282  35.329420     9.3288     4.6027     11.188    32.7912    25.3372 0.0000e+00
 146.772691     11.433  35.325403     9.3224     4.6100     11.337    32.7928    25.3395 0.0000e+00
 146.772697     11.592  35.321774     9.3175     4.6196     11.495    32.7935    25.3408 0.0000e+00
 146.772703     11.752  35.318132     9.3166     4.6212     11.654    32.7905    25.3386 0.0000e+00
 146.772708     11.903  35.317417     9.3207     4.6113     11.803    32.7859    25.3344 0.0000e+00
 146.772714     12.031  35.323113     9.3278     4.5767     11.930    32.7852    25.3327 -9.990e-29
 146.772720     12.141  35.329896     9.3330     4.5507     12.039    32.7874    25.3336 -9.990e-29
 146.772726     12.249  35.332213     9.3321     4.5094     12.146    32.7906    25.3362 -9.990e-29
 146.772731     12.365  35.328636     9.3252     4.4734     12.261    32.7932    25.3393 -9.990e-29
 146.772737     12.489  35.321078     9.3134     4.4619     12.384    32.7962    25.3435 -9.990e-29
 146.772743     12.611  35.312297     9.2973     4.4327     12.505    32.8018    25.3505 -9.990e-29
 146.772749     12.726  35.302859     9.2797     4.3928     12.619    32.8082    25.3583 -9.990e-29
 146.772755     12.833  35.294695     9.2648     4.3269     12.726    32.8134    25.3648 -9.990e-29
 146.772760     12.930  35.289192     9.2566     4.2503     12.822    32.8152    25.3675 -9.990e-29
 146.772766     13.016  35.288487     9.2527     4.1954     12.907    32.8180    25.3703 -9.990e-29
 146.772772     13.090  35.289357     9.2397     4.1869     12.980    32.8309    25.3824 -9.990e-29
 146.772778     13.157  35.279483     9.2091     4.1944     13.047    32.8488    25.4013 -9.990e-29
 146.772784     13.218  35.259098     9.1754     4.2164     13.107    32.8587    25.4143 -9.990e-29
 146.772789     13.264  35.244093     9.1570     4.2704     13.153    32.8601    25.4183 -9.990e-29
 146.772795     13.289  35.242407     9.1514     4.3188     13.178    32.8635    25.4219 -9.990e-29
 146.772801     13.299  35.246707     9.1524     4.3857     13.188    32.8670    25.4245 -9.990e-29
 146.772807     13.298  35.249246     9.1606     4.4571     13.187    32.8621    25.4193 -9.990e-29
 146.772812     13.283  35.251690     9.1785     4.5058     13.172    32.8481    25.4056 -9.990e-29
 146.772818     13.249  35.258938     9.2059     4.5389     13.138    32.8304    25.3874 -9.990e-29
 146.772824     13.196  35.270535     9.2332     4.5624     13.085    32.8173    25.3728 -9.990e-29
 146.772830     13.127  35.280072     9.2527     4.5748     13.017    32.8093    25.3635 -9.990e-29
 146.772836     13.037  35.286232     9.2642     4.5824     12.928    32.8051    25.3584 -9.990e-29
 146.772841     12.920  35.292156     9.2701     4.6059     12.812    32.8059    25.3580 -9.990e-29
 146.772847     12.772  35.297308     9.2751     4.6083     12.665    32.8067    25.3578 0.0000e+00
 146.772853     12.599  35.301238     9.2820     4.6027     12.493    32.8045    25.3550 0.0000e+00
