data/oxygen options/ONMS/Olympic_Coast_National_Marine_Sanctuary_CTD_Data_2005_2023/raw_data/2017/CAST_KL027_170726faed.cnv
* Sea-Bird SBE 19 Data File:
* FileName = C:\2017 Mooring Data\Casts\CAST_KL027_170726.hex
* Software Version SeatermAF 2.1.2
* Temperature SN = 2997
* Conductivity SN = 2997
* System UpLoad Time = Jul 26 2017 17:49:14 (localtime) = Jul 26 2017 17:49:14 (UTC)
** CAST_KL027_170726
* ds
# nquan = 9                                 
# nvalues = 1236                        
# units = specified
# name 0 = timeJ: Julian Days
# name 1 = prSM: Pressure, Strain Gauge [db]
# name 2 = c0mS/cm: Conductivity [mS/cm]
# name 3 = t090C: Temperature [ITS-90, deg C]
# name 4 = sbeox0ML/L: Oxygen, SBE 43 [ml/l]
# name 5 = depSM: Depth [salt water, m], lat = 47.5
# name 6 = sal00: Salinity, Practical [PSU]
# name 7 = sigma-é00: Density [sigma-theta, kg/m^3]
# name 8 = flag: flag
# span 0 = 207.694005, 207.701152       
# span 1 =     -4.999,     23.976       
# span 2 =   0.074392,  37.168664       
# span 3 =     7.8786,    12.4996       
# span 4 =   -13.2943,    15.0118       
# span 5 =     -4.957,     23.775       
# span 6 =     0.0479,    33.7644       
# span 7 =    -0.5211,    26.3216       
# span 8 = 0.0000e+00, 0.0000e+00       
# interval = seconds: 0.5
# start_time = Jul 26 2017 16:39:22 [Instrument's time stamp, header]
# bad_flag = -9.990e-29
*END*
[from data line 801]
 207.698640     10.993  35.080008     8.2268     2.5131     10.901    33.5625    26.1115 -9.990e-29
 207.698646     10.876  35.086156     8.2394     2.5185     10.785    33.5570    26.1053 -9.990e-29
 207.698652     10.771  35.092272     8.2496     2.5200     10.681    33.5538    26.1012 -9.990e-29
 207.698657     10.678  35.096437     8.2552     2.5239     10.589    33.5529    26.0997 -9.990e-29
 207.698663     10.597  35.101413     8.2595     2.5177     10.508    33.5541    26.1000 -9.990e-29
 207.698669     10.523  35.108801     8.2638     2.5195     10.435    33.5579    26.1023 -9.990e-29
 207.698675     10.445  35.114460     8.2669     2.5251     10.358    33.5610    26.1043 -9.990e-29
 207.698681     10.352  35.115860     8.2703     2.5333     10.265    33.5593    26.1024 -9.990e-29
 207.698686     10.237  35.114874     8.2766     2.5400     10.151    33.5523    26.0960 -9.990e-29
 207.698692     10.105  35.114110     8.2863     2.5577     10.020    33.5422    26.0867 0.0000e+00
 207.698698      9.966  35.115353     8.2961     2.5615      9.883    33.5343    26.0789 0.0000e+00
 207.698704      9.823  35.119147     8.3034     2.6188      9.741    33.5314    26.0756 0.0000e+00
 207.698709      9.675  35.124399     8.3087     2.7012      9.594    33.5320    26.0753 0.0000e+00
 207.698715      9.523  35.128602     8.3138     2.8877      9.443    33.5317    26.0742 0.0000e+00
 207.698721      9.360  35.131206     8.3219     3.0832      9.282    33.5268    26.0692 0.0000e+00
 207.698727      9.180  35.135688     8.3384     3.2968      9.103    33.5159    26.0581 0.0000e+00
 207.698733      8.985  35.149709     8.3727     3.4666      8.910    33.4981    26.0391 0.0000e+00
 207.698738      8.785  35.191409     8.4511     3.6492      8.711    33.4678    26.0034 0.0000e+00
 207.698744      8.591  35.297357     8.5889     3.8789      8.519    33.4489    25.9676 0.0000e+00
 207.698750      8.404  35.441411     8.7372     4.1681      8.334    33.4601    25.9535 0.0000e+00
 207.698756      8.208  35.525058     8.8867     4.4482      8.139    33.4067    25.8885 0.0000e+00
 207.698762      7.996  35.556274     9.0847     4.6950      7.929    33.2536    25.7375 0.0000e+00
 207.698767      7.774  35.622063     9.2921     4.8389      7.709    33.1288    25.6069 0.0000e+00
 207.698773      7.551  35.734578     9.4533     4.9471      7.488    33.0957    25.5552 0.0000e+00
 207.698779      7.328  35.882612     9.5721     5.0551      7.267    33.1382    25.5691 0.0000e+00
 207.698785      7.110  36.040720     9.6640     5.1307      7.051    33.2156    25.6145 0.0000e+00
 207.698791      6.894  36.150395     9.7390     5.1916      6.836    33.2586    25.6358 0.0000e+00
 207.698796      6.677  36.207816     9.7938     5.2139      6.621    33.2668    25.6332 0.0000e+00
 207.698802      6.461  36.245881     9.8262     5.2286      6.407    33.2758    25.6348 0.0000e+00
 207.698808      6.254  36.291842     9.8495     5.2197      6.202    33.3013    25.6509 0.0000e+00
 207.698814      6.051  36.349872     9.8729     5.2405      6.000    33.3389    25.6764 0.0000e+00
 207.698819      5.839  36.385911     9.8938     5.2444      5.790    33.3565    25.6866 0.0000e+00
 207.698825      5.610  36.393694     9.9130     5.2655      5.563    33.3467    25.6758 0.0000e+00
 207.698831      5.366  36.398170     9.9298     5.2660      5.321    33.3359    25.6645 0.0000e+00
 207.698837      5.116  36.405875     9.9437     5.2836      5.073    33.3310    25.6584 0.0000e+00
 207.698843      4.867  36.416449     9.9547     5.3082      4.826    33.3317    25.6571 0.0000e+00
 207.698848      4.620  36.432800     9.9615     5.3619      4.581    33.3422    25.6641 0.0000e+00
 207.698854      4.376  36.447056     9.9697     5.4380      4.339    33.3492    25.6682 0.0000e+00
 207.698860      4.137  36.452473     9.9842     5.5450      4.102    33.3415    25.6597 0.0000e+00
 207.698866      3.904  36.456838    10.0052     5.6881      3.871    33.3266    25.6446 0.0000e+00
 207.698872      3.681  36.467658    10.0355     5.8161      3.650    33.3098    25.6264 0.0000e+00
 207.698877      3.465  36.487607    10.0886     5.9292      3.436    33.2812    25.5952 0.0000e+00
 207.698883      3.252  36.516970    10.1757     6.0090      3.225    33.2310    25.5413 0.0000e+00
 207.698889      3.036  36.552342    10.2859     6.0471      3.011    33.1659    25.4718 0.0000e+00
 207.698895      2.817  36.591064    10.4047     6.0474      2.793    33.0967    25.3975 0.0000e+00
 207.698900      2.598  36.629917    10.5226     6.0540      2.576    33.0287    25.3242 0.0000e+00
 207.698906      2.378  36.662499    10.6208     6.0378      2.358    32.9725    25.2635 0.0000e+00
 207.698912      2.160  36.689163    10.6780     6.0345      2.142    32.9476    25.2341 0.0000e+00
 207.698918      1.955  36.718618    10.6944     6.0056      1.939    32.9623    25.2427 0.0000e+00
 207.698924      1.773  36.756018    10.7011     5.9796      1.758    32.9937    25.2660 0.0000e+00
 207.698929      1.614  36.800860    10.7216     5.9609      1.601    33.0200    25.2829 0.0000e+00
 207.698935      1.476  36.840709    10.7523     5.9560      1.464    33.0321    25.2870 -9.990e-29
 207.698941      1.361  36.869353    10.7981     5.9628      1.350    33.0193    25.2690 -9.990e-29
 207.698947      1.264  36.901491    10.8607     5.9615      1.253    32.9949    25.2390 -9.990e-29
 207.698953      1.184  36.937997    10.9194     5.9703      1.174    32.9783    25.2158 -9.990e-29
 207.698958      1.119  36.964288    10.9569     5.9574      1.110    32.9707    25.2032 -9.990e-29
 207.698964      1.067  36.976811    10.9735     5.9508      1.058    32.9683    25.1984 -9.990e-29
 207.698970      1.023  36.979976    10.9833     5.9254      1.014    32.9626    25.1923 -9.990e-29
 207.698976      0.984  36.979155    10.9963     5.9326      0.976    32.9501    25.1802 -9.990e-29
 207.698981      0.953  36.981119    11.0108     5.9440      0.945    32.9391    25.1691 -9.990e-29
 207.698987      0.932  36.989632    11.0217     5.9676      0.924    32.9378    25.1661 -9.990e-29
 207.698993      0.924  36.999269    11.0261     5.9591      0.916    32.9434    25.1697 -9.990e-29
 207.698999      0.928  37.001622    11.0245     5.9575      0.920    32.9471    25.1729 -9.990e-29
 207.699005      0.931  36.996496    11.0198     5.9526      0.923    32.9463    25.1731 -9.990e-29
 207.699010      0.926  36.989401    11.0145     5.9678      0.918    32.9440    25.1722 -9.990e-29
 207.699016      0.916  36.985461    11.0128     5.9760      0.908    32.9416    25.1707 -9.990e-29
 207.699022      0.909  36.987848    11.0162     5.9685      0.901    32.9409    25.1695 -9.990e-29
 207.699028      0.909  36.992486    11.0205     5.9638      0.901    32.9417    25.1694 -9.990e-29
 207.699034      0.916  36.993822    11.0221     5.9536      0.908    32.9416    25.1690 -9.990e-29
 207.699039      0.927  36.992543    11.0225     5.9765      0.919    32.9399    25.1676 -9.990e-29
 207.699045      0.932  36.991448    11.0245     5.9812      0.924    32.9370    25.1650 -9.990e-29
 207.699051      0.929  36.993582    11.0275     5.9943      0.921    32.9365    25.1641 -9.990e-29
 207.699057      0.922  36.997332    11.0288     5.9779      0.914    32.9390    25.1658 -9.990e-29
 207.699063      0.913  36.998759    11.0284     5.9792      0.905    32.9408    25.1673 -9.990e-29
 207.699068      0.904  36.998673    11.0284     5.9719      0.896    32.9407    25.1672 -9.990e-29
 207.699074      0.896  36.999784    11.0286     5.9744      0.889    32.9416    25.1679 -9.990e-29
 207.699080      0.895  37.003037    11.0284     5.9871      0.888    32.9450    25.1706 -9.990e-29
 207.699086      0.901  37.006634    11.0278     5.9834      0.893    32.9491    25.1739 -9.990e-29
 207.699091      0.908  37.006992    11.0266     5.9912      0.900    32.9506    25.1752 -9.990e-29
 207.699097      0.909  37.003494    11.0273     5.9810      0.901    32.9465    25.1719 -9.990e-29
 207.699103      0.905  37.001017    11.0308     5.9830      0.897    32.9409    25.1669 -9.990e-29
 207.699109      0.903  37.003004    11.0334     5.9763      0.895    32.9405    25.1662 -9.990e-29
 207.699115      0.907  37.005970    11.0334     5.9876      0.899    32.9435    25.1685 -9.990e-29
 207.699120      0.918  37.006613    11.0327     5.9855      0.910    32.9447    25.1696 -9.990e-29
 207.699126      0.937  37.006936    11.0324     5.9811      0.929    32.9453    25.1701 -9.990e-29
 207.699132      0.957  37.007393    11.0321     5.9734      0.949    32.9460    25.1707 -9.990e-29
 207.699138      0.964  37.006377    11.0328     5.9738      0.956    32.9444    25.1693 -9.990e-29
 207.699144      0.961  37.005914    11.0342     5.9877      0.953    32.9427    25.1677 -9.990e-29
 207.699149      0.956  37.008214    11.0348     5.9849      0.948    32.9444    25.1689 -9.990e-29
 207.699155      0.956  37.011326    11.0347     5.9917      0.948    32.9476    25.1714 -9.990e-29
 207.699161      0.962  37.012703    11.0341     5.9717      0.954    32.9495    25.1730 -9.990e-29
 207.699167      0.965  37.011965    11.0336     5.9731      0.957    32.9492    25.1729 -9.990e-29
 207.699172      0.962  37.009831    11.0345     5.9766      0.954    32.9463    25.1704 -9.990e-29
 207.699178      0.952  37.008522    11.0369     5.9845      0.944    32.9428    25.1673 -9.990e-29
 207.699184      0.938  37.009115    11.0386     5.9922      0.930    32.9419    25.1663 -9.990e-29
 207.699190      0.930  37.010745    11.0378     5.9892      0.922    32.9442    25.1683 -9.990e-29
 207.699196      0.929  37.011689    11.0342     5.9869      0.921    32.9484    25.1722 -9.990e-29
 207.699201      0.933  37.008753    11.0305     5.9835      0.925    32.9488    25.1731 -9.990e-29
 207.699207      0.932  37.003644    11.0317     6.0000      0.924    32.9427    25.1681 -9.990e-29
 207.699213      0.923  37.003014    11.0374     5.9902      0.915    32.9369    25.1627 -9.990e-29
 207.699219      0.909  37.007728    11.0422     5.9936      0.901    32.9373    25.1621 -9.990e-29
 207.699225      0.898  37.013454    11.0435     5.9766      0.891    32.9418    25.1654 -9.990e-29
 207.699230      0.892  37.016651    11.0418     5.9755      0.885    32.9465    25.1693 -9.990e-29
 207.699236      0.889  37.015444    11.0379     5.9814      0.882    32.9488    25.1718 -9.990e-29
 207.699242      0.878  37.011611    11.0342     5.9810      0.871    32.9483    25.1721 -9.990e-29
 207.699248      0.860  37.008463    11.0326     5.9934      0.853    32.9467    25.1711 -9.990e-29
 207.699253      0.845  37.007429    11.0305     5.9773      0.838    32.9475    25.1721 -9.990e-29
 207.699259      0.846  37.005472    11.0248     5.9885      0.839    32.9507    25.1756 -9.990e-29
 207.699265      0.863  36.998889    11.0191     5.9826      0.856    32.9493    25.1755 -9.990e-29
 207.699271      0.885  36.992928    11.0185     5.9814      0.878    32.9439    25.1715 -9.990e-29
 207.699277      0.899  36.993105    11.0226     5.9769      0.891    32.9404    25.1680 -9.990e-29
 207.699282      0.902  36.996876    11.0284     5.9702      0.894    32.9389    25.1658 -9.990e-29
 207.699288      0.899  37.002572    11.0338     5.9740      0.891    32.9397    25.1655 -9.990e-29
 207.699294      0.898  37.009973    11.0380     5.9678      0.891    32.9433    25.1675 -9.990e-29
 207.699300      0.903  37.016090    11.0405     5.9832      0.895    32.9471    25.1700 -9.990e-29
 207.699306      0.911  37.018463    11.0414     5.9792      0.903    32.9486    25.1711 -9.990e-29
 207.699311      0.912  37.018040    11.0415     5.9942      0.904    32.9481    25.1707 -9.990e-29
 207.699317      0.904  37.017082    11.0414     5.9974      0.896    32.9473    25.1700 -9.990e-29
 207.699323      0.890  37.016577    11.0412     5.9995      0.883    32.9470    25.1698 -9.990e-29
 207.699329      0.877  37.015874    11.0413     5.9951      0.870    32.9462    25.1692 -9.990e-29
 207.699334      0.870  37.016301    11.0414     5.9865      0.863    32.9465    25.1694 -9.990e-29
 207.699340      0.867  37.018453    11.0414     5.9926      0.860    32.9487    25.1711 -9.990e-29
 207.699346      0.868  37.019621    11.0430     5.9858      0.861    32.9484    25.1706 -9.990e-29
 207.699352      0.873  37.021947    11.0465     6.0014      0.866    32.9475    25.1693 -9.990e-29
 207.699358      0.883  37.026316    11.0492     5.9960      0.876    32.9494    25.1703 -9.990e-29
 207.699363      0.899  37.027936    11.0499     5.9850      0.891    32.9504    25.1709 -9.990e-29
 207.699369      0.916  37.026752    11.0498     5.9827      0.908    32.9493    25.1701 -9.990e-29
 207.699375      0.928  37.025689    11.0492     5.9772      0.920    32.9488    25.1698 -9.990e-29
 207.699381      0.932  37.024476    11.0472     5.9970      0.924    32.9494    25.1706 -9.990e-29
 207.699387      0.926  37.019836    11.0436     5.9891      0.918    32.9480    25.1702 -9.990e-29
 207.699392      0.916  37.013447    11.0398     5.9778      0.908    32.9451    25.1686 -9.990e-29
 207.699398      0.910  37.011377    11.0375     5.9736      0.902    32.9451    25.1690 -9.990e-29
 207.699404      0.905  37.012570    11.0372     5.9703      0.897    32.9466    25.1702 -9.990e-29
 207.699410      0.900  37.014160    11.0377     5.9945      0.892    32.9477    25.1710 -9.990e-29
 207.699416      0.896  37.015490    11.0389     5.9944      0.889    32.9480    25.1710 -9.990e-29
 207.699421      0.898  37.017797    11.0420     6.0070      0.891    32.9475    25.1700 -9.990e-29
 207.699427      0.907  37.022501    11.0455     5.9918      0.899    32.9490    25.1706 -9.990e-29
 207.699433      0.918  37.025818    11.0474     5.9904      0.910    32.9505    25.1715 -9.990e-29
 207.699439      0.924  37.026034    11.0485     5.9918      0.916    32.9498    25.1707 -9.990e-29
 207.699444      0.921  37.025703    11.0491     5.9815      0.913    32.9489    25.1699 -9.990e-29
 207.699450      0.912  37.025527    11.0478     5.9993      0.904    32.9499    25.1709 -9.990e-29
 207.699456      0.907  37.023053    11.0445     5.9922      0.899    32.9504    25.1719 -9.990e-29
 207.699462      0.908  37.018928    11.0406     5.9915      0.900    32.9498    25.1721 -9.990e-29
 207.699468      0.912  37.016077    11.0380     5.9836      0.904    32.9493    25.1722 -9.990e-29
 207.699473      0.911  37.014084    11.0380     5.9692      0.903    32.9474    25.1707 -9.990e-29
 207.699479      0.899  37.013112    11.0393     5.9851      0.891    32.9452    25.1688 -9.990e-29
 207.699485      0.881  37.013569    11.0402     5.9612      0.874    32.9449    25.1684 -9.990e-29
 207.699491      0.864  37.015529    11.0407     5.9683      0.857    32.9464    25.1694 -9.990e-29
 207.699497      0.851  37.018831    11.0412     7.0172      0.844    32.9492    25.1716 -9.990e-29
 207.699502      0.838  37.021181    11.0420     7.2237      0.831    32.9508    25.1727 -9.990e-29
 207.699508      0.814  37.020695    11.0430     6.8365      0.807    32.9495    25.1714 -9.990e-29
 207.699514      0.773  37.017311    11.0449     6.6353      0.767    32.9444    25.1672 -9.990e-29
 207.699520      0.719  37.009340    11.0477     6.0105      0.713    32.9340    25.1586 -9.990e-29
 207.699525      0.659  36.986176    11.0508     6.4025      0.653    32.9084    25.1380 -9.990e-29
 207.699531      0.599  36.911920    11.0534     6.7176      0.594    32.8325    25.0786 -9.990e-29
 207.699537      0.534  36.680867    11.0554     6.8972      0.530    32.6022    24.8991 -9.990e-29
 207.699543      0.466  35.982733    11.0569     6.7679      0.462    31.9118    24.3617 -9.990e-29
 207.699549      0.394  33.889497    11.0589     6.5906      0.391    29.8566    22.7635 -9.990e-29
 207.699554      0.322  27.627562    11.0632     6.4421      0.319    23.8245    18.0805 -9.990e-29
