data/oxygen options/ONMS/Olympic_Coast_National_Marine_Sanctuary_CTD_Data_2005_2023/raw_data/2017/CAST_CE015_170829faed.cnv
* Sea-Bird SBE 19 Data File:
* FileName = C:\2017 Mooring Data\Casts\CAST_CE015_170829.hex
* Software Version SeatermAF 2.1.2
* Temperature SN = 2997
* Conductivity SN = 2997
* System UpLoad Time = Aug 29 2017 23:58:16 (localtime) = Aug 29 2017 23:58:16 (UTC)
** CAST_CE015_170829
* ds
# nquan = 9                                 
# nvalues = 998                         
# units = specified
# name 0 = timeJ: Julian Days
# name 1 = prSM: Pressure, Strain Gauge [db]
# name 2 = c0mS/cm: Conductivity [mS/cm]
# name 3 = t090C: Temperature [ITS-90, deg C]
# name 4 = sbeox0ML/L: Oxygen, SBE 43 [ml/l]
# name 5 = depSM: Depth [salt water, m], lat = 47.5
# name 6 = sal00: Salinity, Practical [PSU]
# name 7 = sigma-é00: Density [sigma-theta, kg/m^3]
# name 8 = flag: flag
# span 0 = 241.960023, 241.965793       
# span 1 =     -5.084,     15.978       
# span 2 =   0.179267,  39.137277       
# span 3 =    10.4331,    14.1547       
# span 4 =    -1.9379,    14.2902       
# span 5 =     -5.042,     15.844       
# span 6 =     0.1090,    33.3812       
# span 7 =    -0.6851,    25.5994       
# span 8 = 0.0000e+00, 0.0000e+00       
# interval = seconds: 0.5
# start_time = Aug 29 2017 23:02:26 [Instrument's time stamp, header]
# bad_flag = -9.990e-29
*END*
[from data line 961]
 241.965584      2.310  39.081264    13.0888     7.3818      2.291    33.1304    24.9273 -9.990e-29
 241.965590      2.188  39.083511    13.0929     7.3556      2.170    33.1290    24.9254 -9.990e-29
 241.965596      2.070  39.085638    13.0955     7.3363      2.053    33.1288    24.9247 -9.990e-29
 241.965602      1.960  39.086095    13.0973     7.2977      1.944    33.1277    24.9235 -9.990e-29
 241.965608      1.854  39.079410    13.0959     7.2545      1.839    33.1227    24.9199 -9.990e-29
 241.965613      1.748  39.065123    13.0885     7.2032      1.733    33.1157    24.9159 -9.990e-29
 241.965619      1.638  39.044379    13.0756     7.1576      1.624    33.1074    24.9121 -9.990e-29
 241.965625      1.529  39.013631    13.0611     7.0995      1.516    33.0910    24.9023 -9.990e-29
 241.965631      1.429  38.973340    13.0469     6.9971      1.417    33.0654    24.8852 -9.990e-29
 241.965637      1.334  38.930843    13.0320     6.8710      1.323    33.0382    24.8671 -9.990e-29
 241.965642      1.239  38.894451    13.0110     6.7720      1.229    33.0221    24.8588 -9.990e-29
 241.965648      1.138  38.854852    12.9756     6.7152      1.128    33.0156    24.8607 -9.990e-29
 241.965654      1.029  38.790615    12.9307     6.6686      1.020    32.9939    24.8528 -9.990e-29
 241.965660      0.917  38.698989    12.8905     6.6105      0.909    32.9422    24.8206 -9.990e-29
 241.965666      0.813  38.582154    12.8608     6.5965      0.806    32.8572    24.7606 -9.990e-29
 241.965671      0.718  38.456283    12.8420     7.8293      0.712    32.7542    24.6845 -9.990e-29
 241.965677      0.627  38.373667    12.8350     7.7233      0.622    32.6819    24.6299 -9.990e-29
 241.965683      0.537  38.356894    12.8343     7.3457      0.533    32.6666    24.6182 -9.990e-29
 241.965689      0.453  38.365115    12.8326     6.9489      0.449    32.6759    24.6257 -9.990e-29
 241.965694      0.376  38.361123    12.8263     6.5687      0.373    32.6776    24.6282 -9.990e-29
 241.965700      0.307  38.333433    12.8154     6.3280      0.304    32.6608    24.6173 -9.990e-29
 241.965706      0.244  38.247928    12.8057     6.1916      0.242    32.5881    24.5629 -9.990e-29
 241.965712      0.198  37.990040    12.8034     6.1590      0.196    32.3455    24.3755 -9.990e-29
 241.965718      0.174  37.215916    12.8083     6.2015      0.173    31.6088    23.8042 -9.990e-29
 241.965723      0.162  34.886108    12.8184     6.2420      0.161    29.4110    22.1018 -9.990e-29
 241.965729      0.147  27.884682    12.8327     6.2825      0.146    22.9559    17.1135 -9.990e-29
 241.965735      0.130  17.309214    12.8484     6.2954      0.129    13.6229     9.9182 -9.990e-29
 241.965741      0.113  10.174276    12.8624 -9.990e-29      0.112     7.6610     5.3231 -9.990e-29
 241.965747      0.095   7.511674    12.8743 -9.990e-29      0.094     5.5265     3.6752 -9.990e-29
 241.965752      0.080   5.938438    12.8847 -9.990e-29      0.079     4.2955     2.7234 -9.990e-29
 241.965758      0.070   4.775326    12.8937 -9.990e-29      0.069     3.4029     2.0323 -9.990e-29
 241.965764      0.066   4.258996    12.9009 -9.990e-29      0.065     3.0118     1.7290 -9.990e-29
 241.965770      0.062   4.251840    12.9072 -9.990e-29      0.061     3.0059     1.7236 -9.990e-29
 241.965775      0.054   4.236877    12.9133 -9.990e-29      0.054     2.9942     1.7137 -9.990e-29
 241.965781      0.045   3.984879    12.9189 -9.990e-29      0.045     2.8047     1.5664 -9.990e-29
 241.965787      0.041   3.706153    12.9215 -9.990e-29      0.041     2.5965     1.4049 -9.990e-29
 241.965793      0.039   3.580876 -9.990e-29 -9.990e-29      0.039 -9.990e-29 -9.990e-29 -9.990e-29
