data/oxygen options/ONMS/Olympic_Coast_National_Marine_Sanctuary_CTD_Data_2005_2023/raw_data/2017/CAST_MB015_170725faed.cnv
* Sea-Bird SBE 19 Data File:
* FileName = C:\2017 Mooring Data\Casts\CAST_MB015_170725.hex
* Software Version SeatermAF 2.1.2
* Temperature SN = 2997
* Conductivity SN = 2997
* System UpLoad Time = Jul 25 2017 22:26:22 (localtime) = Jul 25 2017 22:26:22 (UTC)
** CAST_MB015_170725
* ds
# nquan = 9                                 
# nvalues = 647                         
# units = specified
# name 0 = timeJ: Julian Days
# name 1 = prSM: Pressure, Strain Gauge [db]
# name 2 = c0mS/cm: Conductivity [mS/cm]
# name 3 = t090C: Temperature [ITS-90, deg C]
# name 4 = sbeox0ML/L: Oxygen, SBE 43 [ml/l]
# name 5 = depSM: Depth [salt water, m], lat = 47.5
# name 6 = sal00: Salinity, Practical [PSU]
# name 7 = sigma-é00: Density [sigma-theta, kg/m^3]
# name 8 = flag: flag
# span 0 = 206.920671, 206.924410       
# span 1 =     -5.340,     11.803       
# span 2 =   0.484637,  39.199723       
# span 3 =     9.8713,    16.3076       
# span 4 =    -1.8840,    15.6233       
# span 5 =     -5.296,     11.704       
# span 6 =     0.2844,    32.8928       
# span 7 =    -0.8855,    25.3284       
# span 8 = 0.0000e+00, 0.0000e+00       
# interval = seconds: 0.5
# start_time = Jul 25 2017 22:05:46 [Instrument's time stamp, header]
# bad_flag = -9.990e-29
*END*
[from data line 481]
 206.923455     10.569  35.986537     9.9885     4.7556     10.481    32.8611    25.2842 0.0000e+00
 206.923461     10.736  35.972371     9.9669     4.7538     10.646    32.8663    25.2919 0.0000e+00
 206.923466     10.897  35.955920     9.9512     4.7510     10.806    32.8638    25.2925 0.0000e+00
 206.923472     11.049  35.938144     9.9390     4.7490     10.956    32.8568    25.2891 0.0000e+00
 206.923478     11.189  35.927945     9.9325     4.7266     11.095    32.8523    25.2866 0.0000e+00
 206.923484     11.317  35.925131     9.9269     4.7178     11.222    32.8544    25.2893 -9.990e-29
 206.923490     11.433  35.924445     9.9124     4.7200     11.337    32.8669    25.3014 -9.990e-29
 206.923495     11.537  35.922167     9.8947     4.7465     11.440    32.8807    25.3151 -9.990e-29
 206.923501     11.625  35.917693     9.8821     4.7668     11.528    32.8876    25.3226 -9.990e-29
 206.923507     11.699  35.914582     9.8743     4.7959     11.601    32.8915    25.3269 -9.990e-29
 206.923513     11.759  35.913168     9.8713     4.8227     11.661    32.8928    25.3284 -9.990e-29
 206.923519     11.797  35.912696     9.8748     4.8635     11.698    32.8891    25.3249 -9.990e-29
 206.923524     11.803  35.915904     9.8842     4.8912     11.704    32.8838    25.3192 -9.990e-29
 206.923530     11.767  35.921478     9.8989     4.9262     11.668    32.8760    25.3108 -9.990e-29
 206.923536     11.684  35.930143     9.9160     4.9308     11.586    32.8693    25.3027 -9.990e-29
 206.923542     11.560  35.945069     9.9260     4.9222     11.463    32.8754    25.3058 -9.990e-29
 206.923547     11.419  35.956499     9.9291     4.8874     11.323    32.8843    25.3122 0.0000e+00
 206.923553     11.285  35.958417     9.9344     4.8549     11.191    32.8815    25.3091 -9.990e-29
 206.923559     11.179  35.956753     9.9402     4.8315     11.085    32.8745    25.3028 -9.990e-29
 206.923565     11.113  35.952659     9.9405     4.8199     11.020    32.8701    25.2993 -9.990e-29
 206.923571     11.077  35.946285     9.9391     4.8294     10.984    32.8649    25.2955 -9.990e-29
 206.923576     11.049  35.942580     9.9424     4.8515     10.956    32.8582    25.2896 -9.990e-29
 206.923582     11.012  35.940532     9.9486     4.8719     10.920    32.8505    25.2826 -9.990e-29
 206.923588     10.970  35.937978     9.9513     4.9000     10.878    32.8454    25.2782 -9.990e-29
 206.923594     10.924  35.939360     9.9450     4.9093     10.833    32.8526    25.2848 -9.990e-29
 206.923600     10.875  35.943176     9.9319     4.9247     10.784    32.8684    25.2994 -9.990e-29
 206.923605     10.829  35.945009     9.9235     4.9289     10.738    32.8780    25.3082 -9.990e-29
 206.923611     10.787  35.947312     9.9275     4.9328     10.697    32.8767    25.3065 -9.990e-29
 206.923617     10.746  35.952043     9.9402     4.9276     10.656    32.8699    25.2992 -9.990e-29
 206.923623     10.699  35.957682     9.9529     4.9299     10.609    32.8641    25.2925 -9.990e-29
 206.923628     10.640  35.962241     9.9612     4.9260     10.551    32.8612    25.2889 -9.990e-29
 206.923634     10.572  35.963975     9.9659     4.9343     10.483    32.8587    25.2861 -9.990e-29
 206.923640     10.501  35.963529     9.9683     4.9415     10.413    32.8561    25.2837 -9.990e-29
 206.923646     10.422  35.962559     9.9692     4.9282     10.335    32.8544    25.2822 -9.990e-29
 206.923652     10.334  35.962023     9.9692     4.9173     10.247    32.8539    25.2818 -9.990e-29
 206.923657     10.239  35.961776     9.9689     4.9097     10.153    32.8539    25.2819 -9.990e-29
 206.923663     10.142  35.960940     9.9686     4.9198     10.057    32.8534    25.2815 -9.990e-29
 206.923669     10.043  35.960092     9.9684     4.9485      9.959    32.8528    25.2810 -9.990e-29
 206.923675      9.940  35.959791     9.9683     5.0297      9.857    32.8526    25.2809 -9.990e-29
 206.923681      9.824  35.960205     9.9687     5.1369      9.742    32.8527    25.2809 -9.990e-29
 206.923686      9.687  35.962457     9.9732     5.3027      9.606    32.8509    25.2788 0.0000e+00
 206.923692      9.532  35.967320     9.9930     5.4922      9.452    32.8379    25.2654 0.0000e+00
 206.923698      9.368  35.977931    10.0373     5.6657      9.290    32.8085    25.2350 0.0000e+00
 206.923704      9.200  36.003408    10.0978     5.8140      9.123    32.7795    25.2023 0.0000e+00
 206.923709      9.035  36.044147    10.1643     5.9264      8.959    32.7606    25.1764 0.0000e+00
 206.923715      8.876  36.092906    10.2400     5.9918      8.802    32.7415    25.1487 0.0000e+00
 206.923721      8.721  36.155938    10.3313     6.0500      8.648    32.7227    25.1186 0.0000e+00
 206.923727      8.569  36.223255    10.4317     6.0718      8.497    32.7001    25.0839 0.0000e+00
 206.923733      8.418  36.272108    10.5185     6.0810      8.348    32.6712    25.0465 0.0000e+00
 206.923738      8.268  36.307199    10.5812     6.0443      8.199    32.6502    25.0193 0.0000e+00
 206.923744      8.113  36.337275    10.6287     6.0527      8.045    32.6378    25.0015 0.0000e+00
 206.923750      7.948  36.364396    10.6656     6.0460      7.882    32.6319    24.9905 0.0000e+00
 206.923756      7.775  36.391149    10.6937     6.1218      7.710    32.6336    24.9870 0.0000e+00
 206.923762      7.600  36.415713    10.7188     6.2551      7.536    32.6357    24.9843 0.0000e+00
 206.923767      7.426  36.436146    10.7452     6.4687      7.364    32.6326    24.9772 0.0000e+00
 206.923773      7.248  36.455076    10.7783     6.6832      7.187    32.6220    24.9632 0.0000e+00
 206.923779      7.066  36.483761    10.8414     6.8264      7.007    32.5943    24.9307 0.0000e+00
 206.923785      6.875  36.538627    10.9740     6.8902      6.818    32.5310    24.8581 0.0000e+00
 206.923791      6.672  36.629017    11.1762     6.9206      6.616    32.4416    24.7528 0.0000e+00
 206.923796      6.458  36.744457    11.3886     6.9408      6.404    32.3685    24.6579 0.0000e+00
 206.923802      6.243  36.874297    11.5698     6.9536      6.191    32.3370    24.6007 0.0000e+00
 206.923808      6.041  37.036057    11.7333     6.9902      5.990    32.3520    24.5825 0.0000e+00
 206.923814      5.851  37.231584    11.8850     7.0224      5.802    32.4096    24.5993 0.0000e+00
 206.923819      5.670  37.390142    11.9939     7.0780      5.623    32.4683    24.6247 0.0000e+00
 206.923825      5.490  37.456090    12.0624     7.0907      5.444    32.4724    24.6151 0.0000e+00
 206.923831      5.304  37.472603    12.1188     7.1065      5.260    32.4394    24.5789 0.0000e+00
 206.923837      5.114  37.488603    12.1601     7.1036      5.071    32.4190    24.5554 0.0000e+00
 206.923843      4.924  37.512005    12.1807     7.1317      4.883    32.4238    24.5552 0.0000e+00
 206.923848      4.739  37.541554    12.1916     7.1505      4.699    32.4428    24.5679 0.0000e+00
 206.923854      4.561  37.566274    12.2033     7.1735      4.523    32.4565    24.5763 0.0000e+00
 206.923860      4.382  37.582180    12.2242     7.1928      4.345    32.4537    24.5702 0.0000e+00
 206.923866      4.195  37.594251    12.2622     7.2138      4.160    32.4325    24.5466 0.0000e+00
 206.923872      4.002  37.601238    12.3185     7.2247      3.969    32.3905    24.5034 0.0000e+00
 206.923877      3.807  37.608549    12.3786     7.2554      3.775    32.3457    24.4573 0.0000e+00
 206.923883      3.615  37.627070    12.4242     7.2967      3.585    32.3242    24.4319 0.0000e+00
 206.923889      3.431  37.663040    12.4500     7.3129      3.402    32.3365    24.4365 0.0000e+00
 206.923895      3.255  37.715165    12.4636     7.3314      3.228    32.3746    24.4635 0.0000e+00
 206.923900      3.082  37.765050    12.4881     7.3506      3.056    32.4012    24.4794 0.0000e+00
 206.923906      2.904  37.804744    12.5390     7.3651      2.880    32.3953    24.4651 0.0000e+00
 206.923912      2.723  37.837905    12.5984     7.3897      2.700    32.3759    24.4387 0.0000e+00
 206.923918      2.545  37.863403    12.6407     7.4155      2.524    32.3639    24.4212 0.0000e+00
 206.923924      2.370  37.896217    12.6685     7.4140      2.350    32.3713    24.4216 0.0000e+00
 206.923929      2.197  37.951566    12.6969     7.4251      2.179    32.3995    24.4380 0.0000e+00
 206.923935      2.027  38.005826    12.7276     7.4314      2.010    32.4248    24.4516 0.0000e+00
 206.923941      1.862  38.028877    12.7600     7.4479      1.846    32.4189    24.4408 0.0000e+00
 206.923947      1.701  38.034671    12.7904     7.4635      1.687    32.3983    24.4190 0.0000e+00
 206.923953      1.545  38.043831    12.8154     7.4583      1.532    32.3856    24.4043 0.0000e+00
 206.923958      1.403  38.059626    12.8367     7.4274      1.391    32.3824    24.3977 -9.990e-29
 206.923964      1.282  38.083533    12.8565     7.4091      1.271    32.3881    24.3982 -9.990e-29
 206.923970      1.188  38.110483    12.8763     7.4043      1.178    32.3967    24.4010 -9.990e-29
 206.923976      1.114  38.131624    12.8953     7.4198      1.105    32.4005    24.4002 -9.990e-29
 206.923981      1.051  38.150520    12.9171     7.4420      1.042    32.3997    24.3954 -9.990e-29
 206.923987      1.000  38.172778    12.9452     7.4349      0.992    32.3967    24.3876 -9.990e-29
 206.923993      0.962  38.189447    12.9655     7.4360      0.954    32.3951    24.3823 -9.990e-29
 206.923999      0.935  38.193647    12.9634     7.4150      0.927    32.4009    24.3872 -9.990e-29
 206.924005      0.915  38.192115    12.9540     7.4082      0.907    32.4075    24.3942 -9.990e-29
 206.924010      0.899  38.195145    12.9550     7.3868      0.891    32.4095    24.3955 -9.990e-29
 206.924016      0.881  38.206783    12.9671     7.3832      0.874    32.4101    24.3937 -9.990e-29
 206.924022      0.864  38.229675    12.9852     7.3848      0.857    32.4162    24.3949 -9.990e-29
 206.924028      0.851  38.254033    13.0007     7.3936      0.844    32.4260    24.3994 -9.990e-29
 206.924034      0.841  38.265307    13.0132     7.4045      0.834    32.4259    24.3969 -9.990e-29
 206.924039      0.834  38.276303    13.0259     7.3986      0.827    32.4254    24.3940 -9.990e-29
 206.924045      0.829  38.296097    13.0370     7.3897      0.822    32.4346    24.3989 -9.990e-29
 206.924051      0.826  38.307969    13.0495     7.3503      0.819    32.4351    24.3968 -9.990e-29
 206.924057      0.824  38.310403    13.0649     7.3575      0.817    32.4242    24.3854 -9.990e-29
 206.924062      0.824  38.316174    13.0807     7.3758      0.817    32.4161    24.3760 -9.990e-29
 206.924068      0.826  38.326830    13.0958     7.4106      0.819    32.4133    24.3709 -9.990e-29
 206.924074      0.830  38.340353    13.1044     7.4253      0.823    32.4187    24.3733 -9.990e-29
 206.924080      0.835  38.352945    13.1041     7.3921      0.828    32.4308    24.3828 -9.990e-29
 206.924086      0.843  38.359570    13.1019     7.3607      0.836    32.4389    24.3895 -9.990e-29
 206.924091      0.854  38.355074    13.0985     7.3764      0.847    32.4376    24.3891 -9.990e-29
 206.924097      0.868  38.329552    13.0943     7.4005      0.861    32.4171    24.3741 -9.990e-29
 206.924103      0.882  38.303866    13.1016     7.3977      0.875    32.3867    24.3491 -9.990e-29
 206.924109      0.888  38.308184    13.1183     7.4195      0.881    32.3765    24.3380 -9.990e-29
 206.924115      0.888  38.325868    13.1240     7.4103      0.881    32.3883    24.3459 -9.990e-29
 206.924120      0.888  38.337390    13.1020     7.4085      0.881    32.4179    24.3732 -9.990e-29
 206.924126      0.895  38.322287    13.0601     7.4114      0.888    32.4395    24.3982 -9.990e-29
 206.924132      0.903  38.275556    13.0343     7.4244      0.895    32.4175    24.3862 -9.990e-29
 206.924138      0.905  38.245220    13.0396     7.4284      0.897    32.3844    24.3595 -9.990e-29
 206.924144      0.897  38.249633    13.0570     7.4147      0.890    32.3737    24.3478 -9.990e-29
 206.924149      0.882  38.267803    13.0703     7.4074      0.875    32.3794    24.3497 -9.990e-29
 206.924155      0.868  38.296529    13.0773     7.4000      0.861    32.4005    24.3646 -9.990e-29
 206.924161      0.859  38.322607    13.0805     7.4123      0.852    32.4224    24.3809 -9.990e-29
 206.924167      0.853  38.327619    13.0825     7.4214      0.846    32.4254    24.3828 -9.990e-29
 206.924172      0.851  38.325539    13.0853     7.4282      0.844    32.4210    24.3789 -9.990e-29
 206.924178      0.852  38.328160    13.0914     7.4047      0.845    32.4183    24.3756 -9.990e-29
 206.924184      0.856  38.330020    13.1011     7.3962      0.849    32.4117    24.3686 -9.990e-29
 206.924190      0.864  38.329680    13.1103     7.3841      0.857    32.4036    24.3605 -9.990e-29
 206.924196      0.872  38.330050    13.1153     7.4013      0.865    32.3996    24.3565 -9.990e-29
 206.924201      0.876  38.331626    13.1175     7.4236      0.869    32.3992    24.3557 -9.990e-29
 206.924207      0.876  38.329790    13.1180     7.4166      0.869    32.3971    24.3540 -9.990e-29
 206.924213      0.873  38.326575    13.1150     7.4183      0.866    32.3966    24.3542 -9.990e-29
 206.924219      0.866  38.327215    13.1098     7.3889      0.859    32.4017    24.3591 -9.990e-29
 206.924225      0.855  38.326961    13.1067     7.3886      0.848    32.4041    24.3616 -9.990e-29
 206.924230      0.838  38.326596    13.1050     8.7689      0.831    32.4052    24.3628 -9.990e-29
 206.924236      0.816  38.343554    13.1053     8.7645      0.809    32.4209    24.3749 -9.990e-29
 206.924242      0.790  38.373003    13.1117     8.6898      0.783    32.4432    24.3909 -9.990e-29
 206.924248      0.760  38.383083    13.1171     7.8158      0.754    32.4481    24.3936 -9.990e-29
 206.924253      0.719  38.367072    13.1154     7.4671      0.713    32.4345    24.3834 -9.990e-29
 206.924259      0.668  38.324346    13.1119     8.1704      0.662    32.3973    24.3553 -9.990e-29
 206.924265      0.609  38.224261    13.1109     8.1790      0.604    32.3039    24.2833 -9.990e-29
 206.924271      0.537  37.966969    13.1139     7.6644      0.533    32.0594    24.0935 -9.990e-29
 206.924277      0.454  37.217816    13.1257     7.0119      0.450    31.3467    23.5399 -9.990e-29
 206.924282      0.366  34.963929    13.1442     6.5098      0.363    29.2314    21.9012 -9.990e-29
 206.924288      0.284  28.173244    13.1570     6.2680      0.282    23.0202    17.1057 -9.990e-29
 206.924294      0.217  18.223902    13.1594     6.1118      0.215    14.2909    10.3832 -9.990e-29
 206.924300      0.164  12.783087    13.1562     6.0763      0.163     9.7270     6.8715 -9.990e-29
 206.924306      0.123  14.815010    13.1512     6.1181      0.122    11.4138     8.1704 -9.990e-29
 206.924311      0.089  20.225532    13.1462     6.1591      0.088    16.0155    11.7126 -9.990e-29
 206.924317      0.062  21.348587    13.1417     6.2242      0.061    16.9908    12.4641 -9.990e-29
 206.924323      0.040  15.684108    13.1377     6.2576      0.040    12.1464     8.7363 -9.990e-29
 206.924329      0.021   9.297518    13.1345     6.2764      0.021     6.9030     4.6999 -9.990e-29
 206.924334      0.003   6.187825    13.1324     6.2894      0.003     4.4597     2.8162 -9.990e-29
 206.924340     -0.009   5.331827    13.1303     6.2715     -0.009     3.8039     2.3102 -9.990e-29
 206.924346     -0.012   4.996294    13.1266     6.3189     -0.012     3.5493     2.1141 -9.990e-29
 206.924352     -0.012   4.821559    13.1194     6.3409     -0.012     3.4178     2.0134 -9.990e-29
 206.924358     -0.011   5.085968    13.1096 -9.990e-29     -0.011     3.6189     2.1702 -9.990e-29
 206.924363     -0.011   5.337463    13.1021 -9.990e-29     -0.011     3.8110     2.3195 -9.990e-29
 206.924369     -0.011   5.187860    13.0988 -9.990e-29     -0.011     3.6974     2.2322 -9.990e-29
