data/oxygen options/ONMS/Olympic_Coast_National_Marine_Sanctuary_CTD_Data_2005_2023/raw_data/2017/CAST_CA042_170925faed.cnv
* Sea-Bird SBE 19 Data File:
* FileName = C:\2017 Mooring Data\Casts\CAST_CA042_170925.hex
* Software Version SeatermAF 2.1.2
* Temperature SN = 2997
* Conductivity SN = 2997
* System UpLoad Time = Sep 25 2017 18:48:53 (localtime) = Sep 25 2017 18:48:53 (UTC)
** CAST_CA042_170925
* ds
# nquan = 9                                 
# nvalues = 1201                        
# units = specified
# name 0 = timeJ: Julian Days
# name 1 = prSM: Pressure, Strain Gauge [db]
# name 2 = c0mS/cm: Conductivity [mS/cm]
# name 3 = t090C: Temperature [ITS-90, deg C]
# name 4 = sbeox0ML/L: Oxygen, SBE 43 [ml/l]
# name 5 = depSM: Depth [salt water, m], lat = 47.5
# name 6 = sal00: Salinity, Practical [PSU]
# name 7 = sigma-é00: Density [sigma-theta, kg/m^3]
# name 8 = flag: flag
# span 0 = 268.745637, 268.752581       
# span 1 =     -5.064,     43.195       
# span 2 =   0.014530,  39.084202       
# span 3 =     8.3403,    14.2399       
# span 4 =    -1.9420,    14.7092       
# span 5 =     -5.022,     42.830       
# span 6 =     0.0133,    33.6461       
# span 7 =    -0.7767,    26.1575       
# span 8 = 0.0000e+00, 0.0000e+00       
# interval = seconds: 0.5
# start_time = Sep 25 2017 17:53:43 [Instrument's time stamp, header]
# bad_flag = -9.990e-29
*END*
[from data line 961]
 268.751198     39.282  35.313336     8.4769     2.3011     38.950    33.5578    26.0705 0.0000e+00
 268.751204     39.125  35.321182     8.5116     2.4050     38.795    33.5332    26.0459 0.0000e+00
 268.751209     38.956  35.337942     8.5690     2.4813     38.627    33.4964    26.0083 0.0000e+00
 268.751215     38.784  35.375252     8.6446     2.5640     38.457    33.4641    25.9714 0.0000e+00
 268.751221     38.622  35.441409     8.7384     2.6492     38.296    33.4449    25.9420 0.0000e+00
 268.751227     38.466  35.521114     8.8442     2.7242     38.141    33.4287    25.9128 0.0000e+00
 268.751233     38.303  35.586306     8.9430     2.7938     37.980    33.4038    25.8779 0.0000e+00
 268.751238     38.119  35.631531     9.0375     2.8436     37.797    33.3623    25.8306 0.0000e+00
 268.751244     37.914  35.682442     9.1404     2.8709     37.594    33.3189    25.7804 0.0000e+00
 268.751250     37.704  35.752155     9.2567     2.8807     37.386    33.2827    25.7335 0.0000e+00
 268.751256     37.508  35.840779     9.3842     2.8875     37.192    33.2557    25.6919 0.0000e+00
 268.751262     37.329  35.941720     9.4947     2.9033     37.014    33.2571    25.6752 0.0000e+00
 268.751267     37.161  36.018893     9.5587     2.8920     36.848    33.2772    25.6804 0.0000e+00
 268.751273     36.992  36.048201     9.5829     2.8903     36.680    33.2849    25.6825 0.0000e+00
 268.751279     36.817  36.050357     9.5937     2.8810     36.506    33.2772    25.6747 0.0000e+00
 268.751285     36.637  36.053537     9.6089     2.8690     36.328    33.2664    25.6639 0.0000e+00
 268.751291     36.461  36.067678     9.6347     2.8631     36.154    33.2571    25.6524 0.0000e+00
 268.751296     36.297  36.091571     9.6667     2.8704     35.991    33.2521    25.6432 0.0000e+00
 268.751302     36.137  36.115732     9.6939     2.8760     35.832    33.2517    25.6384 0.0000e+00
 268.751308     35.972  36.129917     9.7095     2.8839     35.669    33.2519    25.6360 0.0000e+00
 268.751314     35.786  36.134661     9.7170     2.8907     35.484    33.2499    25.6332 0.0000e+00
 268.751319     35.569  36.136946     9.7264     2.9005     35.269    33.2436    25.6268 0.0000e+00
 268.751325     35.322  36.143837     9.7452     2.9213     35.024    33.2334    25.6157 0.0000e+00
 268.751331     35.062  36.160135     9.7781     2.9415     34.766    33.2198    25.5996 0.0000e+00
 268.751337     34.809  36.191990     9.8331     2.9580     34.516    33.2017    25.5764 0.0000e+00
 268.751343     34.581  36.253415     9.9085     2.9566     34.290    33.1950    25.5586 0.0000e+00
 268.751348     34.382  36.329537     9.9776     2.9665     34.092    33.2090    25.5580 0.0000e+00
 268.751354     34.203  36.378600    10.0179     2.9808     33.915    33.2219    25.5613 0.0000e+00
 268.751360     34.029  36.395574    10.0379     2.9898     33.742    33.2208    25.5572 0.0000e+00
 268.751366     33.847  36.403199    10.0548     2.9988     33.562    33.2131    25.5483 0.0000e+00
 268.751372     33.661  36.416222    10.0751     3.0095     33.377    33.2078    25.5407 0.0000e+00
 268.751377     33.469  36.438106    10.0962     3.0301     33.187    33.2107    25.5394 0.0000e+00
 268.751383     33.266  36.456129    10.1179     3.0437     32.986    33.2091    25.5346 0.0000e+00
 268.751389     33.041  36.464739    10.1428     3.0682     32.763    33.1951    25.5194 0.0000e+00
 268.751395     32.795  36.481675    10.1719     3.0890     32.519    33.1857    25.5072 0.0000e+00
 268.751400     32.527  36.511698    10.2033     3.0931     32.253    33.1874    25.5032 0.0000e+00
 268.751406     32.238  36.537259    10.2349     3.1098     31.966    33.1845    25.4955 0.0000e+00
 268.751412     31.927  36.553904    10.2720     3.1324     31.658    33.1675    25.4759 0.0000e+00
 268.751418     31.601  36.576646    10.3167     3.1484     31.335    33.1497    25.4545 0.0000e+00
 268.751424     31.275  36.613509    10.3655     3.1877     31.012    33.1425    25.4405 0.0000e+00
 268.751429     30.965  36.658868    10.4133     3.2585     30.704    33.1447    25.4340 0.0000e+00
 268.751435     30.671  36.698828    10.4502     3.3425     30.413    33.1514    25.4329 0.0000e+00
 268.751441     30.389  36.724054    10.4776     3.4405     30.133    33.1519    25.4286 0.0000e+00
 268.751447     30.108  36.740286    10.5095     3.5313     29.855    33.1393    25.4132 0.0000e+00
 268.751453     29.824  36.763669    10.5582     3.5744     29.573    33.1186    25.3887 0.0000e+00
 268.751458     29.540  36.813721    10.6412     3.6229     29.291    33.0935    25.3547 0.0000e+00
 268.751464     29.263  36.900157    10.7638     3.6755     29.017    33.0689    25.3142 0.0000e+00
 268.751470     28.998  37.000004    10.8850     3.7419     28.754    33.0590    25.2852 0.0000e+00
 268.751476     28.736  37.069536    10.9605     3.7996     28.494    33.0601    25.2727 0.0000e+00
 268.751481     28.461  37.093497    11.0036     3.8736     28.222    33.0451    25.2535 0.0000e+00
 268.751487     28.163  37.101717    11.0509     3.9249     27.926    33.0109    25.2184 0.0000e+00
 268.751493     27.844  37.133267    11.1100     3.9689     27.610    32.9892    25.1910 0.0000e+00
 268.751499     27.516  37.192793    11.1731     4.0282     27.285    32.9915    25.1815 0.0000e+00
 268.751505     27.190  37.258400    11.2297     4.0870     26.961    33.0057    25.1824 0.0000e+00
 268.751510     26.873  37.311827    11.2721     4.1423     26.647    33.0205    25.1863 0.0000e+00
 268.751516     26.556  37.339294    11.3134     4.1956     26.333    33.0107    25.1712 0.0000e+00
 268.751522     26.233  37.347849    11.3687     4.2448     26.012    32.9698    25.1294 0.0000e+00
 268.751528     25.904  37.370283    11.4331     4.2931     25.686    32.9345    25.0903 0.0000e+00
 268.751534     25.575  37.420931    11.4994     4.3633     25.360    32.9252    25.0710 0.0000e+00
 268.751539     25.249  37.483983    11.5603     4.4309     25.037    32.9329    25.0659 0.0000e+00
 268.751545     24.932  37.535529    11.6061     4.5096     24.722    32.9427    25.0651 0.0000e+00
 268.751551     24.620  37.560401    11.6412     4.5834     24.413    32.9359    25.0534 0.0000e+00
 268.751557     24.307  37.566669    11.6818     4.6409     24.103    32.9062    25.0228 0.0000e+00
 268.751562     23.995  37.588000    11.7443     4.7088     23.793    32.8717    24.9845 0.0000e+00
 268.751568     23.689  37.645095    11.8310     4.7730     23.490    32.8507    24.9522 0.0000e+00
 268.751574     23.395  37.720655    11.9181     4.8773     23.198    32.8473    24.9333 0.0000e+00
 268.751580     23.108  37.783358    11.9787     4.9672     22.914    32.8547    24.9278 0.0000e+00
 268.751586     22.804  37.814432    12.0228     5.0197     22.612    32.8461    24.9128 0.0000e+00
 268.751591     22.470  37.829099    12.0853     5.0478     22.281    32.8054    24.8696 0.0000e+00
 268.751597     22.109  37.861587    12.1682     5.0618     21.923    32.7641    24.8220 0.0000e+00
 268.751603     21.742  37.921152    12.2455     5.0644     21.559    32.7539    24.7994 0.0000e+00
 268.751609     21.391  37.987068    12.3019     5.0625     21.211    32.7681    24.7997 0.0000e+00
 268.751615     21.065  38.033644    12.3319     5.0642     20.888    32.7867    24.8085 0.0000e+00
 268.751620     20.756  38.052527    12.3395     5.0861     20.582    32.7983    24.8160 0.0000e+00
 268.751626     20.453  38.052201    12.3386     5.0921     20.281    32.7989    24.8166 0.0000e+00
 268.751632     20.149  38.046336    12.3401     5.1228     19.980    32.7921    24.8111 0.0000e+00
 268.751638     19.843  38.045698    12.3456     5.1363     19.676    32.7868    24.8059 0.0000e+00
 268.751644     19.531  38.049533    12.3521     5.1404     19.367    32.7849    24.8032 0.0000e+00
 268.751649     19.211  38.052416    12.3575     5.1601     19.050    32.7831    24.8008 0.0000e+00
 268.751655     18.884  38.052691    12.3611     5.1802     18.726    32.7804    24.7979 0.0000e+00
 268.751661     18.556  38.051946    12.3632     5.1911     18.400    32.7780    24.7957 0.0000e+00
 268.751667     18.230  38.050972    12.3641     5.2060     18.077    32.7764    24.7942 0.0000e+00
 268.751672     17.913  38.049690    12.3646     5.2315     17.763    32.7748    24.7929 0.0000e+00
 268.751678     17.604  38.048736    12.3668     5.2543     17.456    32.7721    24.7904 0.0000e+00
 268.751684     17.293  38.050297    12.3720     5.2779     17.148    32.7692    24.7872 0.0000e+00
 268.751690     16.969  38.055435    12.3782     5.3145     16.827    32.7688    24.7857 0.0000e+00
 268.751696     16.638  38.060458    12.3817     5.3430     16.498    32.7707    24.7865 0.0000e+00
 268.751701     16.302  38.062087    12.3817     5.3677     16.165    32.7724    24.7878 0.0000e+00
 268.751707     15.959  38.060914    12.3816     5.3821     15.825    32.7715    24.7871 0.0000e+00
 268.751713     15.608  38.058837    12.3841     5.3798     15.477    32.7675    24.7835 0.0000e+00
 268.751719     15.256  38.057669    12.3884     5.3820     15.128    32.7628    24.7790 0.0000e+00
 268.751725     14.912  38.058753    12.3940     5.3962     14.787    32.7591    24.7751 0.0000e+00
 268.751730     14.574  38.061398    12.3995     5.4226     14.452    32.7569    24.7723 0.0000e+00
 268.751736     14.238  38.062511    12.4018     5.4380     14.119    32.7561    24.7713 0.0000e+00
 268.751742     13.901  38.059755    12.4020     5.4502     13.785    32.7535    24.7692 0.0000e+00
 268.751748     13.558  38.055160    12.4034     5.4573     13.444    32.7480    24.7646 0.0000e+00
 268.751753     13.208  38.053342    12.4072     5.4574     13.097    32.7431    24.7601 0.0000e+00
 268.751759     12.859  38.056459    12.4140     5.4504     12.751    32.7403    24.7566 0.0000e+00
 268.751765     12.519  38.063165    12.4222     5.4811     12.414    32.7397    24.7546 0.0000e+00
 268.751771     12.188  38.070185    12.4281     5.5216     12.086    32.7414    24.7548 0.0000e+00
 268.751777     11.857  38.073539    12.4316     5.5531     11.758    32.7417    24.7543 0.0000e+00
 268.751782     11.518  38.072758    12.4376     5.5865     11.422    32.7358    24.7486 0.0000e+00
 268.751788     11.176  38.072506    12.4472     5.5903     11.082    32.7274    24.7402 0.0000e+00
 268.751794     10.843  38.077589    12.4578     5.5915     10.752    32.7231    24.7349 0.0000e+00
 268.751800     10.528  38.088166    12.4690     5.6007     10.440    32.7236    24.7331 0.0000e+00
 268.751806     10.232  38.099399    12.4793     5.6214     10.146    32.7255    24.7326 0.0000e+00
 268.751811      9.953  38.107887    12.4861     5.6356      9.870    32.7278    24.7331 0.0000e+00
 268.751817      9.682  38.112168    12.4909     5.6432      9.601    32.7279    24.7322 0.0000e+00
 268.751823      9.407  38.112451    12.4983     5.6628      9.328    32.7218    24.7261 0.0000e+00
 268.751829      9.127  38.114815    12.5082     5.6927      9.051    32.7155    24.7193 0.0000e+00
 268.751834      8.845  38.124193    12.5173     5.7506      8.771    32.7167    24.7185 0.0000e+00
 268.751840      8.565  38.140312    12.5290     5.8572      8.493    32.7220    24.7204 0.0000e+00
 268.751846      8.283  38.160123    12.5511     5.9852      8.214    32.7218    24.7160 0.0000e+00
 268.751852      7.988  38.183260    12.5871     6.1403      7.921    32.7127    24.7020 0.0000e+00
 268.751858      7.692  38.215470    12.6403     6.3375      7.628    32.6974    24.6798 0.0000e+00
 268.751863      7.406  38.257240    12.7236     6.5059      7.344    32.6650    24.6386 0.0000e+00
 268.751869      7.130  38.309483    12.8420     6.6486      7.070    32.6123    24.5748 0.0000e+00
 268.751875      6.862  38.373635    12.9754     6.7375      6.805    32.5582    24.5068 0.0000e+00
 268.751881      6.607  38.445735    13.0856     6.7850      6.552    32.5317    24.4647 0.0000e+00
 268.751887      6.370  38.548669    13.1682     6.8019      6.317    32.5579    24.4686 0.0000e+00
 268.751892      6.148  38.686508    13.2590     6.8057      6.097    32.6097    24.4907 0.0000e+00
 268.751898      5.938  38.805116    13.3532     6.8100      5.888    32.6403    24.4955 0.0000e+00
 268.751904      5.728  38.876790    13.4224     6.8176      5.680    32.6482    24.4878 0.0000e+00
 268.751910      5.516  38.918798    13.4706     6.8104      5.470    32.6463    24.4766 0.0000e+00
 268.751916      5.307  38.948047    13.5081     6.7875      5.263    32.6416    24.4655 0.0000e+00
 268.751921      5.112  38.972236    13.5359     6.7871      5.069    32.6405    24.4590 0.0000e+00
 268.751927      4.929  38.992293    13.5554     6.7892      4.888    32.6426    24.4567 0.0000e+00
 268.751933      4.752  39.005304    13.5695     6.7992      4.712    32.6428    24.4540 0.0000e+00
 268.751939      4.569  39.010701    13.5802     6.8064      4.531    32.6388    24.4487 0.0000e+00
 268.751944      4.374  39.014005    13.5876     6.8059      4.337    32.6356    24.4448 0.0000e+00
 268.751950      4.170  39.019061    13.5925     6.8001      4.135    32.6362    24.4442 0.0000e+00
 268.751956      3.971  39.025334    13.5961     6.7956      3.938    32.6391    24.4457 0.0000e+00
 268.751962      3.785  39.032228    13.5989     6.7946      3.753    32.6432    24.4483 0.0000e+00
 268.751968      3.614  39.039974    13.6019     6.7901      3.584    32.6479    24.4514 0.0000e+00
 268.751973      3.454  39.048820    13.6057     6.7892      3.425    32.6530    24.4545 0.0000e+00
 268.751979      3.305  39.056558    13.6100     6.8014      3.277    32.6565    24.4564 0.0000e+00
 268.751985      3.161  39.059503    13.6142     6.7980      3.135    32.6558    24.4549 0.0000e+00
 268.751991      3.017  39.057661    13.6168     6.7933      2.992    32.6519    24.4514 0.0000e+00
 268.751997      2.878  39.055301    13.6179     6.7869      2.854    32.6488    24.4488 0.0000e+00
 268.752002      2.750  39.056560    13.6188     6.7908      2.727    32.6493    24.4490 -9.990e-29
 268.752008      2.640  39.061437    13.6199     6.7939      2.618    32.6529    24.4516 -9.990e-29
 268.752014      2.540  39.065794    13.6200     6.7937      2.519    32.6569    24.4546 -9.990e-29
 268.752020      2.439  39.065916    13.6187     6.8043      2.419    32.6582    24.4559 -9.990e-29
 268.752025      2.335  39.062529    13.6172     6.8006      2.315    32.6563    24.4548 -9.990e-29
 268.752031      2.235  39.059518    13.6166     6.7873      2.216    32.6541    24.4531 -9.990e-29
 268.752037      2.149  39.060149    13.6179     6.7752      2.131    32.6536    24.4525 -9.990e-29
 268.752043      2.084  39.063584    13.6199     6.7744      2.067    32.6551    24.4533 -9.990e-29
 268.752049      2.042  39.066001    13.6208     6.7789      2.025    32.6566    24.4542 -9.990e-29
 268.752054      2.006  39.066145    13.6207     6.7860      1.989    32.6569    24.4544 -9.990e-29
 268.752060      1.960  39.065327    13.6203     6.8000      1.944    32.6565    24.4542 -9.990e-29
 268.752066      1.912  39.064694    13.6202     6.7999      1.896    32.6560    24.4538 -9.990e-29
 268.752072      1.866  39.064525    13.6210     6.7867      1.850    32.6551    24.4530 -9.990e-29
 268.752078      1.823  39.063476    13.6228     6.7749      1.808    32.6526    24.4508 -9.990e-29
 268.752083      1.786  39.062949    13.6247     6.7807      1.771    32.6506    24.4487 -9.990e-29
 268.752089      1.747  39.065040    13.6256     6.7863      1.732    32.6517    24.4495 -9.990e-29
 268.752095      1.700  39.066376    13.6256     6.7931      1.686    32.6530    24.4505 -9.990e-29
 268.752101      1.646  39.065380    13.6251     6.7996      1.632    32.6525    24.4502 -9.990e-29
 268.752106      1.590  39.064084    13.6247     6.7890      1.577    32.6517    24.4496 -9.990e-29
 268.752112      1.538  39.063000    13.6246     6.7942      1.525    32.6508    24.4489 -9.990e-29
