data/oxygen options/ONMS/Olympic_Coast_National_Marine_Sanctuary_CTD_Data_2005_2023/raw_data/2017/CAST_KL015_170726faed.cnv
* Sea-Bird SBE 19 Data File:
* FileName = C:\2017 Mooring Data\Casts\CAST_KL015_170726.hex
* Software Version SeatermAF 2.1.2
* Temperature SN = 2997
* Conductivity SN = 2997
* System UpLoad Time = Jul 26 2017 18:38:56 (localtime) = Jul 26 2017 18:38:56 (UTC)
** CAST_KL015_170726
* ds
# nquan = 9                                 
# nvalues = 1101                        
# units = specified
# name 0 = timeJ: Julian Days
# name 1 = prSM: Pressure, Strain Gauge [db]
# name 2 = c0mS/cm: Conductivity [mS/cm]
# name 3 = t090C: Temperature [ITS-90, deg C]
# name 4 = sbeox0ML/L: Oxygen, SBE 43 [ml/l]
# name 5 = depSM: Depth [salt water, m], lat = 47.5
# name 6 = sal00: Salinity, Practical [PSU]
# name 7 = sigma-é00: Density [sigma-theta, kg/m^3]
# name 8 = flag: flag
# span 0 = 207.750301, 207.756667       
# span 1 =     -4.538,     14.192       
# span 2 =   0.494947,  37.072363       
# span 3 =     8.0160,    14.2920       
# span 4 =   -13.4743,    14.3331       
# span 5 =     -4.500,     14.073       
# span 6 =     0.3044,    33.6991       
# span 7 =    -0.5587,    26.2398       
# span 8 = 0.0000e+00, 0.0000e+00       
# interval = seconds: 0.5
# start_time = Jul 26 2017 18:00:26 [Instrument's time stamp, header]
# bad_flag = -9.990e-29
*END*
[from data line 801]
 207.754936      1.315  36.368510    10.3107     5.9917      1.304    32.9587    25.3059 -9.990e-29
 207.754942      1.309  36.364444    10.3115     5.9828      1.298    32.9539    25.3020 -9.990e-29
 207.754948      1.301  36.361747    10.3141     5.9796      1.290    32.9488    25.2976 -9.990e-29
 207.754954      1.291  36.363571    10.3163     5.9738      1.280    32.9486    25.2971 -9.990e-29
 207.754959      1.282  36.367897    10.3183     5.9731      1.271    32.9512    25.2988 -9.990e-29
 207.754965      1.283  36.372684    10.3202     5.9773      1.272    32.9543    25.3009 -9.990e-29
 207.754971      1.293  36.375384    10.3203     5.9836      1.282    32.9569    25.3029 -9.990e-29
 207.754977      1.304  36.375708    10.3190     5.9941      1.293    32.9584    25.3043 -9.990e-29
 207.754983      1.314  36.374118    10.3174     5.9844      1.303    32.9582    25.3045 -9.990e-29
 207.754988      1.322  36.370205    10.3149     5.9955      1.311    32.9566    25.3036 -9.990e-29
 207.754994      1.324  36.364937    10.3114     5.9937      1.313    32.9544    25.3025 -9.990e-29
 207.755000      1.318  36.360841    10.3087     6.0072      1.307    32.9528    25.3017 -9.990e-29
 207.755006      1.310  36.360325    10.3089     5.9960      1.299    32.9521    25.3011 -9.990e-29
 207.755012      1.309  36.363850    10.3108     6.0006      1.298    32.9539    25.3022 -9.990e-29
 207.755017      1.310  36.367746    10.3111     5.9995      1.299    32.9575    25.3050 -9.990e-29
 207.755023      1.310  36.368275    10.3106     5.9955      1.299    32.9585    25.3058 -9.990e-29
 207.755029      1.303  36.366733    10.3113     6.0000      1.292    32.9563    25.3040 -9.990e-29
 207.755035      1.286  36.365575    10.3125     5.9861      1.275    32.9541    25.3021 -9.990e-29
 207.755041      1.266  36.365523    10.3130     5.9992      1.255    32.9536    25.3016 -9.990e-29
 207.755046      1.254  36.367100    10.3130     5.9944      1.244    32.9552    25.3028 -9.990e-29
 207.755052      1.254  36.369640    10.3125     6.0015      1.244    32.9582    25.3053 -9.990e-29
 207.755058      1.261  36.370959    10.3119     5.9958      1.250    32.9601    25.3068 -9.990e-29
 207.755064      1.268  36.370607    10.3123     5.9883      1.257    32.9594    25.3062 -9.990e-29
 207.755069      1.271  36.369823    10.3143     5.9982      1.260    32.9567    25.3038 -9.990e-29
 207.755075      1.273  36.369830    10.3160     5.9908      1.262    32.9552    25.3023 -9.990e-29
 207.755081      1.285  36.370666    10.3155     5.9999      1.274    32.9565    25.3034 -9.990e-29
 207.755087      1.301  36.369559    10.3134     5.9994      1.290    32.9573    25.3044 -9.990e-29
 207.755093      1.311  36.366180    10.3132     6.0053      1.300    32.9541    25.3019 -9.990e-29
 207.755098      1.311  36.365014    10.3152     6.0030      1.300    32.9511    25.2992 -9.990e-29
 207.755104      1.300  36.366773    10.3168     6.0062      1.289    32.9514    25.2992 -9.990e-29
 207.755110      1.288  36.368795    10.3179     5.9979      1.277    32.9524    25.2998 -9.990e-29
 207.755116      1.284  36.370446    10.3184     5.9863      1.273    32.9536    25.3007 -9.990e-29
 207.755122      1.291  36.371717    10.3179     5.9855      1.280    32.9554    25.3021 -9.990e-29
 207.755127      1.298  36.372092    10.3174     5.9852      1.287    32.9562    25.3029 -9.990e-29
 207.755133      1.304  36.371541    10.3180     6.0072      1.293    32.9551    25.3019 -9.990e-29
 207.755139      1.307  36.371040    10.3183     6.0010      1.296    32.9543    25.3012 -9.990e-29
 207.755145      1.308  36.371068    10.3164     6.0040      1.297    32.9561    25.3029 -9.990e-29
 207.755150      1.307  36.370573    10.3119     6.0013      1.296    32.9597    25.3065 -9.990e-29
 207.755156      1.305  36.366127    10.3078     5.9966      1.294    32.9589    25.3066 -9.990e-29
 207.755162      1.300  36.359108    10.3077     6.0015      1.289    32.9519    25.3012 -9.990e-29
 207.755168      1.293  36.356425    10.3100     5.9900      1.282    32.9471    25.2971 -9.990e-29
 207.755174      1.283  36.357331    10.3091     5.9891      1.272    32.9489    25.2986 -9.990e-29
 207.755179      1.275  36.357461    10.3026     5.9819      1.264    32.9549    25.3044 -9.990e-29
 207.755185      1.275  36.356460    10.2935     5.9962      1.264    32.9622    25.3116 -9.990e-29
 207.755191      1.283  36.354328    10.2876     5.9883      1.272    32.9654    25.3151 -9.990e-29
 207.755197      1.289  36.351595    10.2881     5.9869      1.278    32.9622    25.3125 -9.990e-29
 207.755203      1.282  36.349855    10.2931     5.9942      1.271    32.9559    25.3067 -9.990e-29
 207.755208      1.268  36.350158    10.2987     5.9771      1.257    32.9511    25.3021 -9.990e-29
 207.755214      1.254  36.351988    10.3021     6.0095      1.244    32.9499    25.3005 -9.990e-29
 207.755220      1.248  36.354433    10.3027     6.0002      1.238    32.9518    25.3019 -9.990e-29
 207.755226      1.253  36.357960    10.3018     6.0053      1.243    32.9561    25.3055 -9.990e-29
 207.755231      1.265  36.361118    10.3013     6.0072      1.254    32.9598    25.3084 -9.990e-29
 207.755237      1.277  36.361405    10.3024     5.9961      1.266    32.9591    25.3076 -9.990e-29
 207.755243      1.285  36.361449    10.3038     6.0085      1.274    32.9578    25.3064 -9.990e-29
 207.755249      1.290  36.361874    10.3043     5.9915      1.279    32.9578    25.3063 -9.990e-29
 207.755255      1.292  36.360453    10.3050     5.9952      1.281    32.9557    25.3046 -9.990e-29
 207.755260      1.291  36.359779    10.3069     5.9802      1.280    32.9533    25.3024 -9.990e-29
 207.755266      1.287  36.361199    10.3089     5.9848      1.276    32.9530    25.3018 -9.990e-29
 207.755272      1.284  36.363812    10.3088     5.9925      1.273    32.9557    25.3039 -9.990e-29
 207.755278      1.290  36.365509    10.3068     5.9871      1.279    32.9592    25.3070 -9.990e-29
 207.755284      1.307  36.364081    10.3057     6.0063      1.296    32.9588    25.3068 -9.990e-29
 207.755289      1.321  36.362110    10.3064     5.9993      1.310    32.9561    25.3047 -9.990e-29
 207.755295      1.326  36.362013    10.3084     6.0067      1.315    32.9542    25.3028 -9.990e-29
 207.755301      1.326  36.363105    10.3105     6.0026      1.315    32.9534    25.3019 -9.990e-29
 207.755307      1.326  36.364050    10.3116     5.9871      1.315    32.9534    25.3016 -9.990e-29
 207.755313      1.324  36.364437    10.3112     5.9781      1.313    32.9541    25.3023 -9.990e-29
 207.755318      1.322  36.363668    10.3085     5.9592      1.311    32.9558    25.3041 -9.990e-29
 207.755324      1.319  36.360162    10.3042     5.9823      1.308    32.9562    25.3051 -9.990e-29
 207.755330      1.314  36.353732    10.2982     5.9840      1.303    32.9551    25.3053 -9.990e-29
 207.755336      1.309  36.342529    10.2904     5.9970      1.298    32.9509    25.3033 -9.990e-29
 207.755341      1.301  36.330658    10.2833     6.0083      1.290    32.9454    25.3002 -9.990e-29
 207.755347      1.287  36.328617    10.2778     6.0020      1.276    32.9483    25.3035 -9.990e-29
 207.755353      1.261  36.332568    10.2733     6.0122      1.250    32.9564    25.3105 -9.990e-29
 207.755359      1.231  36.333785    10.2742     5.9935      1.221    32.9568    25.3107 -9.990e-29
 207.755365      1.206  36.336137    10.2812     5.9940      1.196    32.9529    25.3064 -9.990e-29
 207.755370      1.186  36.341644    10.2891     5.9855      1.176    32.9513    25.3038 -9.990e-29
 207.755376      1.164  36.344217    10.2964     5.9980      1.154    32.9472    25.2994 -9.990e-29
 207.755382      1.145  36.345054    10.3035     6.0129      1.135    32.9416    25.2939 -9.990e-29
 207.755388      1.131  36.348640    10.3073     5.9974      1.122    32.9418    25.2934 -9.990e-29
 207.755394      1.120  36.350244    10.3059     6.0006      1.111    32.9447    25.2959 -9.990e-29
 207.755399      1.113  36.347534    10.3010     5.9928      1.104    32.9464    25.2980 -9.990e-29
 207.755405      1.108  36.345304    10.2960     5.9997      1.099    32.9487    25.3007 -9.990e-29
 207.755411      1.106  36.345064    10.2932     6.0065      1.097    32.9510    25.3029 -9.990e-29
 207.755417      1.107  36.346499    10.2939     5.9960      1.098    32.9518    25.3034 -9.990e-29
 207.755422      1.110  36.349848    10.2978     6.0006      1.101    32.9517    25.3027 -9.990e-29
 207.755428      1.111  36.354542    10.3030     5.9906      1.102    32.9517    25.3018 -9.990e-29
 207.755434      1.106  36.360129    10.3081     6.0034      1.097    32.9527    25.3017 -9.990e-29
 207.755440      1.100  36.367905    10.3140     6.0087      1.091    32.9552    25.3026 -9.990e-29
 207.755446      1.096  36.377604    10.3204     6.0002      1.087    32.9591    25.3046 -9.990e-29
 207.755451      1.093  36.383127    10.3254     6.0131      1.084    32.9602    25.3046 -9.990e-29
 207.755457      1.092  36.384568    10.3293     6.0015      1.083    32.9581    25.3023 -9.990e-29
 207.755463      1.093  36.387215    10.3319     6.0098      1.084    32.9584    25.3021 -9.990e-29
 207.755469      1.095  36.389003    10.3316     6.0119      1.086    32.9604    25.3037 -9.990e-29
 207.755475      1.099  36.387285    10.3297     5.9997      1.090    32.9604    25.3041 -9.990e-29
 207.755480      1.105  36.385935    10.3321     5.9924      1.096    32.9569    25.3009 -9.990e-29
 207.755486      1.113  36.390999    10.3395     5.9716      1.104    32.9553    25.2984 -9.990e-29
 207.755492      1.124  36.399156    10.3448     5.9846      1.115    32.9587    25.3001 -9.990e-29
 207.755498      1.135  36.401688    10.3456     5.9935      1.126    32.9605    25.3014 -9.990e-29
 207.755503      1.137  36.399741    10.3452     6.0015      1.128    32.9589    25.3002 -9.990e-29
 207.755509      1.130  36.398005    10.3448     6.0053      1.121    32.9575    25.2992 -9.990e-29
 207.755515      1.124  36.398092    10.3436     5.9922      1.115    32.9587    25.3003 -9.990e-29
 207.755521      1.120  36.397323    10.3413     6.0048      1.111    32.9600    25.3018 -9.990e-29
 207.755527      1.120  36.393000    10.3387     6.0071      1.111    32.9580    25.3006 -9.990e-29
 207.755532      1.123  36.389445    10.3378     6.0003      1.114    32.9552    25.2986 -9.990e-29
 207.755538      1.126  36.388643    10.3383     5.9909      1.117    32.9540    25.2976 -9.990e-29
 207.755544      1.123  36.388409    10.3385     5.9601      1.114    32.9536    25.2972 -9.990e-29
 207.755550      1.120  36.388438    10.3379     5.9638      1.111    32.9541    25.2978 -9.990e-29
 207.755556      1.120  36.388774    10.3363     5.9708      1.111    32.9559    25.2994 -9.990e-29
 207.755561      1.124  36.385953    10.3325     5.9873      1.115    32.9565    25.3006 -9.990e-29
 207.755567      1.131  36.380138    10.3286     6.0122      1.122    32.9542    25.2994 -9.990e-29
 207.755573      1.138  36.377583    10.3287     6.0120      1.128    32.9516    25.2973 -9.990e-29
 207.755579      1.136  36.379364    10.3327     6.0182      1.127    32.9497    25.2952 -9.990e-29
 207.755584      1.126  36.383384    10.3371     6.0054      1.117    32.9498    25.2945 -9.990e-29
 207.755590      1.119  36.388288    10.3396     6.0042      1.110    32.9525    25.2962 -9.990e-29
 207.755596      1.129  36.392225    10.3407     6.0043      1.120    32.9554    25.2983 -9.990e-29
 207.755602      1.150  36.394293    10.3418     6.0025      1.140    32.9565    25.2989 -9.990e-29
 207.755608      1.169  36.395014    10.3428     6.0132      1.159    32.9563    25.2986 -9.990e-29
 207.755613      1.177  36.395353    10.3436     6.0121      1.167    32.9559    25.2982 -9.990e-29
 207.755619      1.174  36.395768    10.3448     5.9901      1.164    32.9552    25.2974 -9.990e-29
 207.755625      1.166  36.396819    10.3456     5.9827      1.156    32.9556    25.2976 -9.990e-29
 207.755631      1.159  36.398234    10.3457     5.9650      1.149    32.9569    25.2986 -9.990e-29
 207.755637      1.159  36.397988    10.3458     5.9789      1.149    32.9566    25.2983 -9.990e-29
 207.755642      1.160  36.395759    10.3454     5.9789      1.150    32.9547    25.2969 -9.990e-29
 207.755648      1.158  36.391941    10.3434     5.9741      1.148    32.9527    25.2957 -9.990e-29
 207.755654      1.153  36.388171    10.3408     5.9943      1.143    32.9512    25.2950 -9.990e-29
 207.755660      1.149  36.386708    10.3383     5.9893      1.139    32.9520    25.2960 -9.990e-29
 207.755666      1.151  36.381688    10.3346     5.9992      1.141    32.9503    25.2953 -9.990e-29
 207.755671      1.154  36.370902    10.3301     6.0084      1.144    32.9435    25.2908 -9.990e-29
 207.755677      1.153  36.364053    10.3263     5.9902      1.143    32.9401    25.2888 -9.990e-29
 207.755683      1.145  36.363773    10.3229     5.9872      1.135    32.9429    25.2916 -9.990e-29
 207.755689      1.130  36.359614    10.3199     5.9734      1.121    32.9414    25.2909 -9.990e-29
 207.755694      1.114  36.340998    10.3176     5.9796      1.105    32.9248    25.2783 -9.990e-29
 207.755700      1.105  36.327904    10.3145     5.9878      1.096    32.9144    25.2708 -9.990e-29
 207.755706      1.107  36.339837    10.3092     5.9765      1.098    32.9312    25.2848 -9.990e-29
 207.755712      1.111  36.351278    10.3050     5.9714      1.102    32.9466    25.2975 -9.990e-29
 207.755718      1.106  36.352849    10.3052     5.9763      1.097    32.9480    25.2985 -9.990e-29
 207.755723      1.086  36.356728    10.3067     5.9599      1.077    32.9505    25.3003 -9.990e-29
 207.755729      1.054  36.359694    10.3085     5.9084      1.045    32.9519    25.3010 -9.990e-29
 207.755735      1.012  36.360668    10.3124     5.8481      1.004    32.9494    25.2984 -9.990e-29
 207.755741      0.959  36.362637    10.3166     5.7771      0.951    32.9476    25.2962 -9.990e-29
 207.755747      0.898  36.364871    10.3192     6.2863      0.891    32.9475    25.2957 -9.990e-29
 207.755752      0.835  36.365317    10.3222     6.9598      0.828    32.9452    25.2935 -9.990e-29
 207.755758      0.766  36.363459    10.3283     6.8460      0.760    32.9378    25.2867 -9.990e-29
 207.755764      0.691  36.354586    10.3403     6.8207      0.685    32.9181    25.2692 -9.990e-29
 207.755770      0.613  36.340312    10.3607     6.8339      0.608    32.8852    25.2402 -9.990e-29
 207.755775      0.540  36.317291    10.3870     6.8787      0.535    32.8383    25.1991 -9.990e-29
 207.755781      0.481  36.262678    10.4118     6.9224      0.477    32.7611    25.1346 -9.990e-29
 207.755787      0.436  36.112065    10.4300     6.9486      0.432    32.5935    25.0009 -9.990e-29
 207.755793      0.402  35.637209    10.4430     6.9443      0.399    32.1061    24.6189 -9.990e-29
 207.755799      0.376  34.177541    10.4544     6.9518      0.373    30.6400    23.4751 -9.990e-29
 207.755804      0.359  29.785167    10.4670     6.9611      0.356    26.3066    20.1016 -9.990e-29
 207.755810      0.347  21.307407    10.4827     6.9764      0.344    18.2063    13.8095 -9.990e-29
 207.755816      0.337  12.733428    10.5000     6.9907      0.334    10.3994     7.7522 -9.990e-29
 207.755822      0.323   8.375941    10.5153     6.9904      0.320     6.6172     4.8148 -9.990e-29
 207.755828      0.309   6.854458    10.5281     6.9990      0.306     5.3343     3.8165 -9.990e-29
 207.755833      0.298   5.739265    10.5400     7.0007      0.296     4.4095     3.0960 -9.990e-29
 207.755839      0.290   4.708566    10.5519     6.9946      0.288     3.5684     2.4401 -9.990e-29
 207.755845      0.283   3.972317    10.5638     7.0049      0.281     2.9765     1.9777 -9.990e-29
 207.755851      0.278   3.666106    10.5768     7.0114      0.276     2.7322     1.7860 -9.990e-29
