data/oxygen options/ONMS/Olympic_Coast_National_Marine_Sanctuary_CTD_Data_2005_2023/raw_data/2017/CAST_CA042_170925faed.cnv
* Sea-Bird SBE 19 Data File:
* FileName = C:\2017 Mooring Data\Casts\CAST_CA042_170925.hex
* Software Version SeatermAF 2.1.2
* Temperature SN = 2997
* Conductivity SN = 2997
* System UpLoad Time = Sep 25 2017 18:48:53 (localtime) = Sep 25 2017 18:48:53 (UTC)
** CAST_CA042_170925
* ds
# nquan = 9                                 
# nvalues = 1201                        
# units = specified
# name 0 = timeJ: Julian Days
# name 1 = prSM: Pressure, Strain Gauge [db]
# name 2 = c0mS/cm: Conductivity [mS/cm]
# name 3 = t090C: Temperature [ITS-90, deg C]
# name 4 = sbeox0ML/L: Oxygen, SBE 43 [ml/l]
# name 5 = depSM: Depth [salt water, m], lat = 47.5
# name 6 = sal00: Salinity, Practical [PSU]
# name 7 = sigma-é00: Density [sigma-theta, kg/m^3]
# name 8 = flag: flag
# span 0 = 268.745637, 268.752581       
# span 1 =     -5.064,     43.195       
# span 2 =   0.014530,  39.084202       
# span 3 =     8.3403,    14.2399       
# span 4 =    -1.9420,    14.7092       
# span 5 =     -5.022,     42.830       
# span 6 =     0.0133,    33.6461       
# span 7 =    -0.7767,    26.1575       
# span 8 = 0.0000e+00, 0.0000e+00       
# interval = seconds: 0.5
# start_time = Sep 25 2017 17:53:43 [Instrument's time stamp, header]
# bad_flag = -9.990e-29
*END*
[from data line 161]
 268.746568     -1.961   0.017738    14.1354    -1.9355     -1.945     0.0150    -0.7613 -9.990e-29
 268.746574     -1.955   0.017738    14.1355    -1.9355     -1.939     0.0150    -0.7613 -9.990e-29
 268.746580     -1.944   0.017739    14.1360    -1.9355     -1.928     0.0150    -0.7614 -9.990e-29
 268.746586     -1.933   0.017740    14.1367    -1.9356     -1.917     0.0150    -0.7615 -9.990e-29
 268.746591     -1.923   0.017740    14.1374    -1.9356     -1.907     0.0150    -0.7616 -9.990e-29
 268.746597     -1.916   0.017741    14.1377    -1.9356     -1.900     0.0150    -0.7616 -9.990e-29
 268.746603     -1.910   0.017741    14.1372    -1.9356     -1.894     0.0150    -0.7615 -9.990e-29
 268.746609     -1.904   0.017742    14.1360    -1.9355     -1.888     0.0150    -0.7614 -9.990e-29
 268.746615     -1.900   0.017743    14.1346    -1.9355     -1.884     0.0150    -0.7612 -9.990e-29
 268.746620     -1.896   0.017743    14.1334    -1.9350     -1.880     0.0150    -0.7610 -9.990e-29
 268.746626     -1.891   0.017744    14.1329    -1.9350     -1.875     0.0150    -0.7609 -9.990e-29
 268.746632     -1.887   0.017744    14.1325    -1.9349     -1.871     0.0150    -0.7609 -9.990e-29
 268.746638     -1.882   0.017745    14.1317    -1.9349     -1.866     0.0150    -0.7608 -9.990e-29
 268.746644     -1.876   0.017746    14.1309    -1.9352     -1.860     0.0150    -0.7607 -9.990e-29
 268.746649     -1.869   0.017746    14.1308    -1.9352     -1.853     0.0150    -0.7606 -9.990e-29
 268.746655     -1.860   0.017747    14.1318    -1.9352     -1.844     0.0150    -0.7608 -9.990e-29
 268.746661     -1.849   0.017747    14.1339    -1.9353     -1.834     0.0150    -0.7611 -9.990e-29
 268.746667     -1.836   0.017748    14.1375    -1.9352     -1.821     0.0150    -0.7616 -9.990e-29
 268.746672     -1.822   0.017749    14.1416    -1.9353     -1.807     0.0150    -0.7622 -9.990e-29
 268.746678     -1.813   0.017749    14.1443    -1.9353     -1.798     0.0150    -0.7625 -9.990e-29
 268.746684     -1.803   0.017750    14.1452    -1.9353     -1.788     0.0150    -0.7627 -9.990e-29
 268.746690     -1.786   0.017750    14.1448    -1.9352     -1.771     0.0150    -0.7626 -9.990e-29
 268.746696     -1.763   0.017751    14.1435    -1.9349     -1.748     0.0150    -0.7624 -9.990e-29
 268.746701     -1.736   0.017752    14.1426    -1.9348     -1.722     0.0150    -0.7623 -9.990e-29
 268.746707     -1.711   0.017752    14.1418    -1.9347     -1.697     0.0150    -0.7622 -9.990e-29
 268.746713     -1.692   0.017753    14.1411    -1.9347     -1.678     0.0150    -0.7621 -9.990e-29
 268.746719     -1.677   0.017753    14.1408    -1.9347     -1.663     0.0150    -0.7620 -9.990e-29
 268.746725     -1.666   0.017754    14.1407    -1.9348     -1.652     0.0150    -0.7620 -9.990e-29
 268.746730     -1.656   0.017755    14.1408    -1.9347     -1.642     0.0150    -0.7620 -9.990e-29
 268.746736     -1.649   0.017755    14.1416    -1.9349     -1.635     0.0150    -0.7622 -9.990e-29
 268.746742     -1.643   0.017756    14.1440    -1.9349     -1.629     0.0150    -0.7625 -9.990e-29
 268.746748     -1.638   0.017756    14.1476    -1.9349     -1.624     0.0150    -0.7630 -9.990e-29
 268.746753     -1.635   0.017757    14.1505    -1.9350     -1.621     0.0150    -0.7634 -9.990e-29
 268.746759     -1.631   0.017758    14.1521    -1.9350     -1.617     0.0150    -0.7636 -9.990e-29
 268.746765     -1.628   0.017758    14.1527    -1.9350     -1.614     0.0150    -0.7637 -9.990e-29
 268.746771     -1.625   0.017757    14.1525    -1.9350     -1.611     0.0150    -0.7637 -9.990e-29
 268.746777     -1.622   0.017754    14.1520    -1.9351     -1.608     0.0150    -0.7636 -9.990e-29
 268.746782     -1.619   0.017745    14.1512    -1.9352     -1.605     0.0150    -0.7635 -9.990e-29
 268.746788     -1.615   0.017715    14.1501    -1.9352     -1.602     0.0150    -0.7634 -9.990e-29
 268.746794     -1.611   0.017623    14.1491    -1.9352     -1.598     0.0150    -0.7633 -9.990e-29
 268.746800     -1.605   0.017347    14.1484    -1.9353     -1.592     0.0148    -0.7633 -9.990e-29
 268.746806     -1.599   0.017072    14.1478    -1.9353     -1.586     0.0147    -0.7633 -9.990e-29
 268.746811     -1.590   0.016983    14.1473    -1.9353     -1.577     0.0146    -0.7633 -9.990e-29
 268.746817     -1.580   0.016961    14.1467    -1.9354     -1.567     0.0146    -0.7632 -9.990e-29
 268.746823     -1.571   0.016978    14.1457    -1.9353     -1.558     0.0146    -0.7630 -9.990e-29
 268.746829     -1.566   0.017054    14.1445    -1.9353     -1.553     0.0147    -0.7628 -9.990e-29
 268.746834     -1.563   0.017289    14.1435    -1.9354     -1.550     0.0148    -0.7626 -9.990e-29
 268.746840     -1.555   0.017443    14.1428    -1.9353     -1.542     0.0149    -0.7624 -9.990e-29
 268.746846     -1.543   0.017167    14.1421    -1.9352     -1.530     0.0147    -0.7625 -9.990e-29
 268.746852     -1.525   0.016645    14.1414    -1.9353     -1.512     0.0145    -0.7626 -9.990e-29
 268.746858     -1.505   0.016290    14.1409    -1.9353     -1.492     0.0143    -0.7626 -9.990e-29
 268.746863     -1.491   0.016180    14.1403    -1.9354     -1.479     0.0142    -0.7626 -9.990e-29
 268.746869     -1.481   0.016168    14.1399    -1.9354     -1.469     0.0142    -0.7626 -9.990e-29
 268.746875     -1.469   0.016237    14.1398    -1.9354     -1.457     0.0142    -0.7625 -9.990e-29
 268.746881     -1.457   0.016480    14.1400    -1.9354     -1.445     0.0144    -0.7624 -9.990e-29
 268.746887     -1.442   0.016664    14.1404    -1.9354     -1.430     0.0145    -0.7624 -9.990e-29
 268.746892     -1.429   0.016479    14.1413    -1.9356     -1.417     0.0144    -0.7626 -9.990e-29
 268.746898     -1.420   0.016233    14.1420    -1.9356     -1.408     0.0142    -0.7628 -9.990e-29
 268.746904     -1.415   0.016152    14.1416    -1.9355     -1.403     0.0142    -0.7628 -9.990e-29
 268.746910     -1.414   0.016125    14.1406    -1.9355     -1.402     0.0142    -0.7627 -9.990e-29
 268.746916     -1.412   0.016116    14.1397    -1.9354     -1.400     0.0142    -0.7625 -9.990e-29
 268.746921     -1.406   0.016114    14.1391    -1.9351     -1.394     0.0142    -0.7625 -9.990e-29
 268.746927     -1.398   0.016113    14.1386    -1.9350     -1.386     0.0142    -0.7624 -9.990e-29
 268.746933     -1.392   0.016114    14.1381    -1.9349     -1.380     0.0142    -0.7623 -9.990e-29
 268.746939     -1.389   0.016114    14.1372    -1.9350     -1.377     0.0142    -0.7622 -9.990e-29
 268.746944     -1.388   0.016115    14.1361    -1.9349     -1.376     0.0142    -0.7620 -9.990e-29
 268.746950     -1.389   0.016115    14.1354    -1.9349     -1.377     0.0142    -0.7619 -9.990e-29
 268.746956     -1.392   0.016116    14.1357    -1.9349     -1.380     0.0142    -0.7620 -9.990e-29
 268.746962     -1.392   0.016117    14.1373    -1.9350     -1.380     0.0142    -0.7622 -9.990e-29
 268.746968     -1.387   0.016117    14.1404    -1.9351     -1.375     0.0142    -0.7626 -9.990e-29
 268.746973     -1.379   0.016118    14.1441    -1.9351     -1.367     0.0142    -0.7632 -9.990e-29
 268.746979     -1.372   0.016118    14.1473    -1.9351     -1.361     0.0142    -0.7636 -9.990e-29
 268.746985     -1.367   0.016119    14.1490    -1.9351     -1.356     0.0142    -0.7639 -9.990e-29
 268.746991     -1.362   0.016120    14.1498    -1.9349     -1.351     0.0142    -0.7640 -9.990e-29
 268.746997     -1.357   0.016120    14.1504    -1.9346     -1.346     0.0142    -0.7640 -9.990e-29
 268.747002     -1.352   0.016121    14.1505    -1.9344     -1.341     0.0142    -0.7641 -9.990e-29
 268.747008     -1.347   0.016121    14.1499    -1.9343     -1.336     0.0142    -0.7640 -9.990e-29
 268.747014     -1.342   0.016122    14.1485    -1.9342     -1.331     0.0142    -0.7638 -9.990e-29
 268.747020     -1.335   0.016123    14.1472    -1.9342     -1.324     0.0142    -0.7636 -9.990e-29
 268.747025     -1.327   0.016123    14.1468    -1.9344     -1.316     0.0142    -0.7635 -9.990e-29
 268.747031     -1.322   0.016124    14.1472    -1.9343     -1.311     0.0142    -0.7636 -9.990e-29
 268.747037     -1.323   0.016124    14.1491    -1.9344     -1.312     0.0142    -0.7639 -9.990e-29
 268.747043     -1.325   0.016125    14.1527    -1.9344     -1.314     0.0142    -0.7644 -9.990e-29
 268.747049     -1.326   0.016126    14.1572    -1.9346     -1.315     0.0142    -0.7650 -9.990e-29
 268.747054     -1.325   0.016126    14.1615    -1.9346     -1.314     0.0142    -0.7656 -9.990e-29
 268.747060     -1.322   0.016126    14.1646    -1.9345     -1.311     0.0142    -0.7660 -9.990e-29
 268.747066     -1.317   0.016126    14.1662    -1.9344     -1.306     0.0142    -0.7663 -9.990e-29
 268.747072     -1.309   0.016126    14.1663    -1.9342     -1.298     0.0142    -0.7663 -9.990e-29
 268.747078     -1.298   0.016126    14.1654    -1.9341     -1.287     0.0142    -0.7662 -9.990e-29
 268.747083     -1.287   0.016126    14.1643    -1.9338     -1.276     0.0142    -0.7660 -9.990e-29
 268.747089     -1.281   0.016126    14.1633    -1.9337     -1.270     0.0142    -0.7659 -9.990e-29
 268.747095     -1.275   0.016126    14.1623    -1.9335     -1.264     0.0142    -0.7657 -9.990e-29
 268.747101     -1.263   0.016125    14.1610    -1.9336     -1.252     0.0142    -0.7655 -9.990e-29
 268.747106     -1.249   0.016125    14.1605    -1.9337     -1.239     0.0142    -0.7655 -9.990e-29
 268.747112     -1.237   0.016125    14.1617    -1.9338     -1.227     0.0142    -0.7656 -9.990e-29
 268.747118     -1.222   0.016125    14.1647    -1.9340     -1.212     0.0142    -0.7661 -9.990e-29
 268.747124     -1.203   0.016125    14.1687    -1.9340     -1.193     0.0142    -0.7666 -9.990e-29
 268.747130     -1.186   0.016125    14.1730    -1.9340     -1.176     0.0142    -0.7672 -9.990e-29
 268.747135     -1.176   0.016125    14.1773    -1.9340     -1.166     0.0142    -0.7678 -9.990e-29
 268.747141     -1.167   0.016125    14.1808    -1.9328     -1.157     0.0142    -0.7683 -9.990e-29
 268.747147     -1.155   0.016125    14.1825    -1.9316     -1.145     0.0142    -0.7686 -9.990e-29
 268.747153     -1.142   0.016125    14.1821    -1.9311     -1.132     0.0142    -0.7685 -9.990e-29
 268.747159     -1.134   0.016124    14.1803    -1.9311     -1.125     0.0142    -0.7683 -9.990e-29
 268.747164     -1.128   0.016124    14.1781    -1.9312     -1.119     0.0142    -0.7679 -9.990e-29
 268.747170     -1.125   0.016124    14.1762    -1.9314     -1.116     0.0142    -0.7677 -9.990e-29
 268.747176     -1.124   0.016124    14.1758    -1.9316     -1.115     0.0142    -0.7676 -9.990e-29
 268.747182     -1.125   0.016124    14.1782    -1.9319     -1.116     0.0142    -0.7680 -9.990e-29
 268.747188     -1.129   0.016124    14.1868    -1.9321     -1.120     0.0142    -0.7692 -9.990e-29
 268.747193     -1.132   0.016124    14.2036    -1.9321     -1.123     0.0142    -0.7715 -9.990e-29
 268.747199     -1.128   0.016124    14.2223    -1.9323     -1.119     0.0142    -0.7742 -9.990e-29
 268.747205     -1.123   0.016124    14.2350    -1.9325     -1.114     0.0142    -0.7760 -9.990e-29
 268.747211     -1.120   0.016124    14.2399    -1.9327     -1.111     0.0142    -0.7767 -9.990e-29
 268.747216     -1.120   0.016123    14.2392    -1.9329     -1.111     0.0142    -0.7766 -9.990e-29
 268.747222     -1.121   0.016123    14.2354    -1.9331     -1.112     0.0142    -0.7760 -9.990e-29
 268.747228     -1.125   0.016123    14.2302    -1.9331     -1.116     0.0142    -0.7753 -9.990e-29
 268.747234     -1.131   0.016123    14.2248    -1.9332     -1.122     0.0142    -0.7745 -9.990e-29
 268.747240     -1.140   0.016123    14.2200    -1.9332     -1.130     0.0142    -0.7739 -9.990e-29
 268.747245     -1.152   0.016123    14.2161    -1.9331     -1.142     0.0142    -0.7733 -9.990e-29
 268.747251     -1.160   0.016123    14.2126    -1.9333     -1.150     0.0142    -0.7728 -9.990e-29
 268.747257     -1.151   0.016123    14.2090    -1.9334     -1.141     0.0142    -0.7723 -9.990e-29
 268.747263     -1.130   0.016123    14.2051    -1.9334     -1.121     0.0142    -0.7718 -9.990e-29
 268.747269     -1.106   0.016122    14.2014    -1.9335     -1.097     0.0142    -0.7712 -9.990e-29
 268.747274     -1.084   0.016122    14.1984    -1.9337     -1.075     0.0142    -0.7708 -9.990e-29
 268.747280     -1.066   0.016122    14.1963    -1.9337     -1.057     0.0142    -0.7705 -9.990e-29
 268.747286     -1.055   0.016122    14.1952    -1.9339     -1.046     0.0142    -0.7704 -9.990e-29
 268.747292     -1.046   0.016122    14.1949    -1.9341     -1.037     0.0142    -0.7703 -9.990e-29
 268.747297     -1.039   0.016122    14.1941    -1.9342     -1.030     0.0142    -0.7702 -9.990e-29
 268.747303     -1.037   0.016122    14.1921    -1.9342     -1.028     0.0142    -0.7699 -9.990e-29
 268.747309     -1.037   0.016122    14.1898    -1.9344     -1.028     0.0142    -0.7696 -9.990e-29
 268.747315     -1.033   0.016122    14.1878    -1.9345     -1.024     0.0142    -0.7693 -9.990e-29
 268.747321     -1.026   0.016122    14.1856    -1.9346     -1.017     0.0142    -0.7690 -9.990e-29
 268.747326     -1.015   0.016121    14.1831    -1.9348     -1.007     0.0142    -0.7686 -9.990e-29
 268.747332     -1.003   0.016121    14.1803    -1.9350     -0.995     0.0142    -0.7683 -9.990e-29
 268.747338     -0.995   0.016121    14.1773    -1.9350     -0.987     0.0142    -0.7678 -9.990e-29
 268.747344     -0.986   0.016121    14.1744    -1.9351     -0.978     0.0142    -0.7674 -9.990e-29
 268.747350     -0.974   0.016121    14.1716    -1.9352     -0.966     0.0142    -0.7670 -9.990e-29
 268.747355     -0.968   0.016121    14.1687    -1.9352     -0.960     0.0142    -0.7666 -9.990e-29
 268.747361     -0.967   0.016121    14.1656    -1.9350     -0.959     0.0142    -0.7662 -9.990e-29
 268.747367     -0.962   0.016121    14.1626    -1.9351     -0.954     0.0142    -0.7658 -9.990e-29
 268.747373     -0.954   0.016121    14.1594    -1.9351     -0.946     0.0142    -0.7653 -9.990e-29
 268.747378     -0.946   0.016121    14.1560    -1.9348     -0.938     0.0142    -0.7648 -9.990e-29
 268.747384     -0.934   0.016120    14.1531    -1.9342     -0.926     0.0142    -0.7644 -9.990e-29
 268.747390     -0.916   0.016120    14.1508    -1.9339     -0.908     0.0142    -0.7641 -9.990e-29
 268.747396     -0.900   0.016120    14.1490    -1.9338     -0.892     0.0142    -0.7638 -9.990e-29
 268.747402     -0.889   0.016120    14.1478    -1.9339     -0.882     0.0142    -0.7637 -9.990e-29
 268.747407     -0.882   0.016120    14.1478    -1.9341     -0.875     0.0142    -0.7637 -9.990e-29
 268.747413     -0.880   0.016120    14.1487    -1.9342     -0.873     0.0142    -0.7638 -9.990e-29
 268.747419     -0.877   0.016120    14.1500    -1.9344     -0.870     0.0142    -0.7640 -9.990e-29
 268.747425     -0.870   0.016120    14.1531    -1.9344     -0.863     0.0142    -0.7644 -9.990e-29
 268.747431     -0.861   0.016120    14.1592    -1.9345     -0.854     0.0142    -0.7653 -9.990e-29
 268.747436     -0.856   0.016119    14.1671    -1.9346     -0.849     0.0142    -0.7664 -9.990e-29
 268.747442     -0.852   0.016119    14.1733    -1.9347     -0.845     0.0142    -0.7673 -9.990e-29
 268.747448     -0.851   0.016119    14.1762    -1.9349     -0.844     0.0142    -0.7677 -9.990e-29
 268.747454     -0.848   0.016119    14.1760    -1.9350     -0.841     0.0142    -0.7676 -9.990e-29
 268.747459     -0.838   0.016119    14.1738    -1.9351     -0.831     0.0142    -0.7673 -9.990e-29
 268.747465     -0.826   0.016119    14.1710    -1.9351     -0.819     0.0142    -0.7669 -9.990e-29
 268.747471     -0.814   0.016119    14.1682    -1.9352     -0.807     0.0142    -0.7665 -9.990e-29
 268.747477     -0.805   0.016119    14.1655    -1.9353     -0.798     0.0142    -0.7662 -9.990e-29
 268.747483     -0.805   0.016119    14.1631    -1.9353     -0.798     0.0142    -0.7658 -9.990e-29
