data/oxygen options/ONMS/Olympic_Coast_National_Marine_Sanctuary_CTD_Data_2005_2023/raw_data/2017/CAST_CA042_170725faedb.cnv
* Sea-Bird SBE 19 Data File:
* FileName = C:\2017 Mooring Data\Casts\CAST_CA042_170725.hex
* Software Version SeatermAF 2.1.2
* Temperature SN = 2997
* Conductivity SN = 2997
* System UpLoad Time = Jul 25 2017 19:24:24 (localtime) = Jul 25 2017 19:24:24 (UTC)
** CAST_CA042_170725
* ds
# nquan = 9
# nvalues = 40                          
# units = specified
# name 0 = timeJ: Julian Days
# name 1 = prSM: Pressure, Strain Gauge [db]
# name 2 = c0mS/cm: Conductivity [mS/cm]
# name 3 = t090C: Temperature [ITS-90, deg C]
# name 4 = sbeox0ML/L: Oxygen, SBE 43 [ml/l]
# name 5 = depSM: Depth [salt water, m], lat = 47.5
# name 6 = sal00: Salinity, Practical [PSU]
# name 7 = sigma-é00: Density [sigma-theta, kg/m^3]
# name 8 = flag: flag
# span 0 = 206.756842, 206.757464       
# span 1 =      2.000,     41.000       
# span 2 =  35.026515,  36.745290       
# span 3 =     8.0362,    12.4110       
# span 4 =     2.8960,     6.6497       
# span 5 =      1.983,     40.654       
# span 6 =    31.4944,    33.6745       
# span 7 =    23.7913,    26.2281       
# span 8 = 0.0000e+00, 0.0000e+00       
# interval = decibars: 1                
# start_time = Jul 25 2017 18:01:39 [Instrument's time stamp, header]
# bad_flag = -9.990e-29
*END*
 206.756842      2.000  36.745290    12.4110     6.6497      1.983    31.4944    23.7913 0.0000e+00
 206.756866      3.000  36.272731    11.6489     6.1187      2.975    31.6844    24.0797 0.0000e+00
 206.756883      4.000  36.310477    11.5420     5.6694      3.967    31.8123    24.1982 0.0000e+00
 206.756898      5.000  36.500333    11.5576     5.6842      4.958    31.9836    24.3284 0.0000e+00
 206.756913      6.000  36.606377    11.5066     5.6880      5.950    32.1307    24.4519 0.0000e+00
 206.756925      7.000  36.610331    11.4620     5.7359      6.942    32.1730    24.4928 0.0000e+00
 206.756938      8.000  36.625987    11.4409     5.7569      7.934    32.2062    24.5224 0.0000e+00
 206.756951      9.000  36.622921    11.4296     5.7735      8.925    32.2126    24.5294 0.0000e+00
 206.756965     10.000  36.616878    11.4176     5.7559      9.916    32.2168    24.5349 0.0000e+00
 206.756979     11.000  36.628539    11.4149     5.6135     10.908    32.2301    24.5457 0.0000e+00
 206.756993     12.000  36.626154    11.3813     5.4736     11.900    32.2567    24.5725 0.0000e+00
 206.757005     13.000  36.580274    11.2625     5.4346     12.891    32.3152    24.6393 0.0000e+00
 206.757018     14.000  36.461456    11.0920     5.4634     13.883    32.3475    24.6947 0.0000e+00
 206.757030     15.000  36.293587    10.8832     5.4865     14.874    32.3651    24.7452 0.0000e+00
 206.757043     16.000  36.226503    10.7852     5.5292     15.866    32.3848    24.7775 0.0000e+00
 206.757057     17.000  36.203571    10.7571     5.6062     16.857    32.3865    24.7837 0.0000e+00
 206.757071     18.000  36.174693    10.6993     5.6197     17.849    32.4085    24.8109 0.0000e+00
 206.757084     19.000  36.131832    10.6300     5.4763     18.840    32.4269    24.8372 0.0000e+00
 206.757097     20.000  36.065706    10.5333     5.3728     19.832    32.4464    24.8690 0.0000e+00
 206.757111     21.000  35.977993    10.4130     5.2775     20.824    32.4653    24.9043 0.0000e+00
 206.757126     22.000  35.849789    10.2151     5.2054     21.815    32.5131    24.9750 0.0000e+00
 206.757140     23.000  35.773640    10.0361     5.1248     22.807    32.5967    25.0702 0.0000e+00
 206.757156     24.000  35.766445     9.9916     4.8264     23.799    32.6291    25.1029 0.0000e+00
 206.757172     25.000  35.767259     9.9181     4.4740     24.790    32.6961    25.1673 0.0000e+00
 206.757187     26.000  35.678384     9.6684     4.2796     25.781    32.8321    25.3146 0.0000e+00
 206.757202     27.000  35.584595     9.4653     4.1677     26.773    32.9216    25.4175 0.0000e+00
 206.757218     28.000  35.473653     9.3059     3.9660     27.764    32.9536    25.4681 0.0000e+00
 206.757237     29.000  35.421645     9.2619     3.3920     28.756    32.9400    25.4645 0.0000e+00
 206.757253     30.000  35.293348     8.7412     3.2058     29.747    33.2908    25.8206 0.0000e+00
 206.757269     31.000  35.156359     8.4775     3.1314     30.739    33.3953    25.9429 0.0000e+00
 206.757285     32.000  35.114556     8.3239     3.0592     31.731    33.4967    26.0456 0.0000e+00
 206.757300     33.000  35.087750     8.2293     3.0114     32.722    33.5579    26.1078 0.0000e+00
 206.757315     34.000  35.071366     8.1655     3.0370     33.713    33.6011    26.1512 0.0000e+00
 206.757330     35.000  35.070295     8.1531     2.9767     34.705    33.6114    26.1612 0.0000e+00
 206.757346     36.000  35.066337     8.1259     2.9322     35.697    33.6328    26.1820 0.0000e+00
 206.757361     37.000  35.044486     8.0734     2.9254     36.688    33.6594    26.2107 0.0000e+00
 206.757376     38.000  35.037676     8.0593     2.9104     37.679    33.6652    26.2174 0.0000e+00
 206.757393     39.000  35.035655     8.0493     2.9113     38.671    33.6722    26.2244 0.0000e+00
 206.757412     40.000  35.026515     8.0362     2.8960     39.662    33.6745    26.2281 0.0000e+00
 206.757464     41.000  35.028252     8.0379     2.9218     40.654    33.6743    26.2277 0.0000e+00
