data/oxygen options/ONMS/Olympic_Coast_National_Marine_Sanctuary_CTD_Data_2005_2023/raw_data/2017/CAST_TH015_170528faed.cnv
* Sea-Bird SBE19 Data File:
* FileName = C:\2017 Mooring Data\Casts\CAST_TH015_170528.hex
* Software Version 1.59
* Temperature SN = 2997
* Conductivity SN = 2997
* System UpLoad Time = May 28 2017 15:31:29
** CAST_TH015_170528
* ds
# nquan = 9                                 
# nvalues = 855                         
# units = specified
# name 0 = timeJ: Julian Days
# name 1 = prSM: Pressure, Strain Gauge [db]
# name 2 = c0mS/cm: Conductivity [mS/cm]
# name 3 = t090C: Temperature [ITS-90, deg C]
# name 4 = sbeox0ML/L: Oxygen, SBE 43 [ml/l]
# name 5 = depSM: Depth [salt water, m], lat = 47.5
# name 6 = sal00: Salinity, Practical [PSU]
# name 7 = sigma-é00: Density [sigma-theta, kg/m^3]
# name 8 = flag: flag
# span 0 = 148.632292, 148.637234       
# span 1 =     -5.382,     14.250       
# span 2 =   0.013302,  36.430123       
# span 3 =     8.9391,    10.6589       
# span 4 =   -14.2747,    15.1007       
# span 5 =     -5.337,     14.131       
# span 6 =     0.0117,    33.3202       
# span 7 =    -0.3119,    25.8126       
# span 8 = 0.0000e+00, 0.0000e+00       
# interval = seconds: 0.5
# start_time = May 28 2017 15:10:30 [Instrument's time stamp, header]
# bad_flag = -9.990e-29
*END*
 148.632292     -5.382 -9.990e-29    10.0706    -2.1216     -5.337 -9.990e-29 -9.990e-29 -9.990e-29
 148.632297     -5.378   0.013327    10.0700    -2.1217     -5.333     0.0117    -0.2951 -9.990e-29
 148.632303     -5.372   0.013327    10.0695    -2.1216     -5.327     0.0117    -0.2951 -9.990e-29
 148.632309     -5.365   0.013327    10.0696    -2.1214     -5.320     0.0117    -0.2951 -9.990e-29
 148.632315     -5.356   0.013327    10.0703    -2.1212     -5.311     0.0117    -0.2952 -9.990e-29
 148.632321     -5.345   0.013327    10.0710    -2.1210     -5.300     0.0117    -0.2952 -9.990e-29
 148.632326     -5.330   0.013327    10.0716    -2.1211     -5.286     0.0117    -0.2953 -9.990e-29
 148.632332     -5.310   0.013326    10.0719    -2.1211     -5.266     0.0117    -0.2953 -9.990e-29
 148.632338     -5.286   0.013326    10.0718    -2.1212     -5.242     0.0117    -0.2953 -9.990e-29
 148.632344     -5.258   0.013326    10.0718    -2.1213     -5.214     0.0117    -0.2953 -9.990e-29
 148.632350     -5.231   0.013326    10.0725    -2.1213     -5.187     0.0117    -0.2953 -9.990e-29
 148.632355     -5.201   0.013326    10.0743    -2.1215     -5.158     0.0117    -0.2955 -9.990e-29
 148.632361     -5.171   0.013325    10.0773    -2.1217     -5.128     0.0117    -0.2958 -9.990e-29
 148.632367     -5.144   0.013325    10.0805    -2.1215     -5.101     0.0117    -0.2961 -9.990e-29
 148.632373     -5.119   0.013325    10.0827    -2.1215     -5.076     0.0117    -0.2963 -9.990e-29
 148.632378     -5.092   0.013325    10.0830    -2.1215     -5.050     0.0117    -0.2963 -9.990e-29
 148.632384     -5.064   0.013325    10.0823    -2.1215     -5.022     0.0117    -0.2962 -9.990e-29
 148.632390     -5.031   0.013324    10.0814    -2.1216     -4.989     0.0117    -0.2961 -9.990e-29
 148.632396     -4.992   0.013324    10.0802    -2.1216     -4.950     0.0117    -0.2960 -9.990e-29
 148.632402     -4.949   0.013324    10.0786    -2.1215     -4.908     0.0117    -0.2959 -9.990e-29
 148.632407     -4.907   0.013324    10.0766    -2.1214     -4.866     0.0117    -0.2957 -9.990e-29
 148.632413     -4.868   0.013324    10.0754    -2.1211     -4.827     0.0117    -0.2956 -9.990e-29
 148.632419     -4.830   0.013323    10.0756    -2.1210     -4.790     0.0117    -0.2956 -9.990e-29
 148.632425     -4.790   0.013323    10.0762    -2.1210     -4.750     0.0117    -0.2957 -9.990e-29
 148.632431     -4.750   0.013323    10.0764    -2.1209     -4.710     0.0117    -0.2957 -9.990e-29
 148.632436     -4.716   0.013323    10.0762    -2.1208     -4.677     0.0117    -0.2957 -9.990e-29
 148.632442     -4.686   0.013322    10.0762    -2.1208     -4.647     0.0117    -0.2957 -9.990e-29
 148.632448     -4.653   0.013322    10.0768    -2.1206     -4.614     0.0117    -0.2957 -9.990e-29
 148.632454     -4.620   0.013322    10.0784    -2.1206     -4.581     0.0117    -0.2959 -9.990e-29
 148.632459     -4.589   0.013322    10.0811    -2.1206     -4.551     0.0117    -0.2961 -9.990e-29
 148.632465     -4.563   0.013322    10.0841    -2.1205     -4.525     0.0117    -0.2964 -9.990e-29
 148.632471     -4.543   0.013321    10.0865    -2.1204     -4.505     0.0117    -0.2966 -9.990e-29
 148.632477     -4.525   0.013321    10.0883    -2.1202     -4.487     0.0117    -0.2968 -9.990e-29
 148.632483     -4.502   0.013321    10.0900    -2.1202     -4.464     0.0117    -0.2969 -9.990e-29
 148.632488     -4.478   0.013321    10.0917    -2.1203     -4.441     0.0117    -0.2971 -9.990e-29
 148.632494     -4.456   0.013321    10.0934    -2.1204     -4.419     0.0117    -0.2972 -9.990e-29
 148.632500     -4.434   0.013320    10.0950    -2.1204     -4.397     0.0117    -0.2974 -9.990e-29
 148.632506     -4.411   0.013320    10.0963    -2.1204     -4.374     0.0117    -0.2975 -9.990e-29
 148.632512     -4.385   0.013320    10.0975    -2.1205     -4.348     0.0117    -0.2976 -9.990e-29
 148.632517     -4.359   0.013320    10.0992    -2.1207     -4.323     0.0117    -0.2977 -9.990e-29
 148.632523     -4.335   0.013319    10.1013    -2.1208     -4.299     0.0117    -0.2979 -9.990e-29
 148.632529     -4.312   0.013319    10.1030    -2.1207     -4.276     0.0117    -0.2981 -9.990e-29
 148.632535     -4.288   0.013319    10.1036    -2.1206     -4.252     0.0117    -0.2981 -9.990e-29
 148.632541     -4.263   0.013319    10.1028    -2.1205     -4.227     0.0117    -0.2980 -9.990e-29
 148.632546     -4.238   0.013319    10.1016    -2.1204     -4.203     0.0117    -0.2979 -9.990e-29
 148.632552     -4.217   0.013318    10.1009    -2.1203     -4.182     0.0117    -0.2979 -9.990e-29
 148.632558     -4.193   0.013318    10.1003    -2.1204     -4.158     0.0117    -0.2978 -9.990e-29
 148.632564     -4.166   0.013318    10.0989    -2.1202     -4.131     0.0117    -0.2977 -9.990e-29
 148.632569     -4.142   0.013318    10.0968    -2.1203     -4.107     0.0117    -0.2975 -9.990e-29
 148.632575     -4.119   0.013318    10.0958    -2.1202     -4.085     0.0117    -0.2974 -9.990e-29
 148.632581     -4.092   0.013317    10.0964    -2.1202     -4.058     0.0117    -0.2975 -9.990e-29
 148.632587     -4.063   0.013317    10.0981    -2.1200     -4.029     0.0117    -0.2976 -9.990e-29
 148.632593     -4.036   0.013317    10.1002    -2.1199     -4.002     0.0117    -0.2978 -9.990e-29
 148.632598     -4.007   0.013317    10.1021    -2.1199     -3.974     0.0117    -0.2980 -9.990e-29
 148.632604     -3.976   0.013317    10.1036    -2.1198     -3.943     0.0117    -0.2981 -9.990e-29
 148.632610     -3.940   0.013316    10.1048    -2.1196     -3.907     0.0117    -0.2982 -9.990e-29
 148.632616     -3.901   0.013316    10.1059    -2.1198     -3.868     0.0117    -0.2983 -9.990e-29
 148.632622     -3.866   0.013316    10.1067    -2.1198     -3.834     0.0117    -0.2984 -9.990e-29
 148.632627     -3.836   0.013316    10.1076    -2.1198     -3.804     0.0117    -0.2985 -9.990e-29
 148.632633     -3.809   0.013315    10.1092    -2.1196     -3.777     0.0117    -0.2986 -9.990e-29
 148.632639     -3.784   0.013315    10.1112    -2.1196     -3.752     0.0117    -0.2988 -9.990e-29
 148.632645     -3.760   0.013315    10.1131    -2.1197     -3.729     0.0117    -0.2990 -9.990e-29
 148.632650     -3.734   0.013315    10.1148    -2.1198     -3.703     0.0117    -0.2991 -9.990e-29
 148.632656     -3.709   0.013315    10.1162    -2.1199     -3.678     0.0117    -0.2992 -9.990e-29
 148.632662     -3.689   0.013314    10.1172    -2.1198     -3.658     0.0117    -0.2993 -9.990e-29
 148.632668     -3.666   0.013314    10.1176    -2.1196     -3.635     0.0117    -0.2994 -9.990e-29
 148.632674     -3.641   0.013314    10.1178    -2.1193     -3.611     0.0117    -0.2994 -9.990e-29
 148.632679     -3.620   0.013314    10.1181    -2.1193     -3.590     0.0117    -0.2994 -9.990e-29
 148.632685     -3.606   0.013314    10.1188    -2.1194     -3.576     0.0117    -0.2995 -9.990e-29
 148.632691     -3.593   0.013313    10.1192    -2.1196     -3.563     0.0117    -0.2995 -9.990e-29
 148.632697     -3.577   0.013313    10.1187    -2.1196     -3.547     0.0117    -0.2995 -9.990e-29
 148.632703     -3.560   0.013313    10.1179    -2.1195     -3.530     0.0117    -0.2994 -9.990e-29
 148.632708     -3.547   0.013313    10.1178    -2.1196     -3.517     0.0117    -0.2994 -9.990e-29
 148.632714     -3.536   0.013313    10.1191    -2.1197     -3.507     0.0117    -0.2995 -9.990e-29
 148.632720     -3.526   0.013312    10.1217    -2.1197     -3.497     0.0117    -0.2997 -9.990e-29
 148.632726     -3.518   0.013312    10.1241    -2.1197     -3.489     0.0117    -0.3000 -9.990e-29
 148.632731     -3.510   0.013312    10.1247    -2.1197     -3.481     0.0117    -0.3000 -9.990e-29
 148.632737     -3.501   0.013312    10.1236    -2.1197     -3.472     0.0117    -0.2999 -9.990e-29
 148.632743     -3.492   0.013311    10.1222    -2.1198     -3.463     0.0117    -0.2998 -9.990e-29
 148.632749     -3.482   0.013311    10.1216    -2.1199     -3.453     0.0117    -0.2997 -9.990e-29
 148.632755     -3.469   0.013311    10.1213    -2.1199     -3.440     0.0117    -0.2997 -9.990e-29
 148.632760     -3.454   0.013311    10.1206    -2.1200     -3.425     0.0117    -0.2996 -9.990e-29
 148.632766     -3.436   0.013311    10.1199    -2.1198     -3.407     0.0117    -0.2996 -9.990e-29
 148.632772     -3.412   0.013310    10.1196    -2.1197     -3.384     0.0117    -0.2995 -9.990e-29
 148.632778     -3.382   0.013310    10.1196    -2.1197     -3.354     0.0117    -0.2995 -9.990e-29
 148.632784     -3.349   0.013310    10.1195    -2.1200     -3.321     0.0117    -0.2995 -9.990e-29
 148.632789     -3.317   0.013310    10.1188    -2.1200     -3.289     0.0117    -0.2995 -9.990e-29
 148.632795     -3.291   0.013310    10.1176    -2.1200     -3.264     0.0117    -0.2994 -9.990e-29
 148.632801     -3.268   0.013309    10.1167    -2.1201     -3.241     0.0117    -0.2993 -9.990e-29
 148.632807     -3.246   0.013309    10.1165    -2.1203     -3.219     0.0117    -0.2993 -9.990e-29
 148.632813     -3.225   0.013309    10.1171    -2.1205     -3.198     0.0117    -0.2993 -9.990e-29
 148.632818     -3.206   0.013309    10.1182    -2.1207     -3.179     0.0117    -0.2994 -9.990e-29
 148.632824     -3.194   0.013308    10.1188    -2.1207     -3.167     0.0117    -0.2995 -9.990e-29
 148.632830     -3.183   0.013308    10.1182    -2.1206     -3.156     0.0117    -0.2994 -9.990e-29
 148.632836     -3.169   0.013308    10.1166    -2.1206     -3.143     0.0117    -0.2993 -9.990e-29
 148.632841     -3.154   0.013308    10.1149    -2.1204     -3.128     0.0117    -0.2991 -9.990e-29
 148.632847     -3.142   0.013308    10.1134    -2.1206     -3.116     0.0117    -0.2990 -9.990e-29
 148.632853     -3.128   0.013307    10.1116    -2.1210     -3.102     0.0117    -0.2988 -9.990e-29
 148.632859     -3.107   0.013307    10.1090    -2.1210     -3.081     0.0117    -0.2986 -9.990e-29
 148.632865     -3.082   0.013307    10.1059    -2.1210     -3.056     0.0117    -0.2983 -9.990e-29
 148.632870     -3.059   0.013307    10.1037    -2.1210     -3.033     0.0117    -0.2981 -9.990e-29
 148.632876     -3.041   0.013307    10.1032    -2.1211     -3.016     0.0117    -0.2981 -9.990e-29
 148.632882     -3.028   0.013306    10.1037    -2.1211     -3.003     0.0117    -0.2981 -9.990e-29
 148.632888     -3.019   0.013306    10.1042    -2.1211     -2.994     0.0117    -0.2982 -9.990e-29
 148.632894     -3.012   0.013306    10.1037    -2.1211     -2.987     0.0117    -0.2981 -9.990e-29
 148.632899     -3.008   0.013306    10.1014    -2.1211     -2.983     0.0117    -0.2979 -9.990e-29
 148.632905     -3.001   0.013306    10.0985    -2.1212     -2.976     0.0117    -0.2977 -9.990e-29
 148.632911     -2.988   0.013305    10.0968    -2.1214     -2.963     0.0117    -0.2975 -9.990e-29
 148.632917     -2.972   0.013305    10.0961    -2.1213     -2.947     0.0117    -0.2974 -9.990e-29
 148.632922     -2.956   0.013305    10.0955    -2.1212     -2.931     0.0117    -0.2974 -9.990e-29
 148.632928     -2.939   0.013305    10.0950    -2.1211     -2.914     0.0117    -0.2974 -9.990e-29
 148.632934     -2.919   0.013304    10.0947    -2.1210     -2.895     0.0117    -0.2973 -9.990e-29
 148.632940     -2.896   0.013304    10.0947    -2.1208     -2.872     0.0117    -0.2973 -9.990e-29
 148.632946     -2.868   0.013304    10.0945    -2.1207     -2.844     0.0117    -0.2973 -9.990e-29
 148.632951     -2.838   0.013304    10.0937    -2.1206     -2.814     0.0117    -0.2972 -9.990e-29
 148.632957     -2.812   0.013304    10.0924    -2.1206     -2.789     0.0117    -0.2971 -9.990e-29
 148.632963     -2.788   0.013303    10.0917    -2.1204     -2.765     0.0117    -0.2971 -9.990e-29
 148.632969     -2.762   0.013303    10.0922    -2.1203     -2.739     0.0117    -0.2971 -9.990e-29
 148.632975     -2.735   0.013303    10.0938    -2.1203     -2.712     0.0117    -0.2972 -9.990e-29
 148.632980     -2.710   0.013303    10.0959    -2.1204     -2.687     0.0117    -0.2974 -9.990e-29
 148.632986     -2.689   0.013303    10.0982    -2.1204     -2.667     0.0117    -0.2976 -9.990e-29
 148.632992     -2.677   0.013302    10.1006    -2.1202     -2.655     0.0117    -0.2979 -9.990e-29
 148.632998     -2.666   0.013302    10.1030    -2.1202     -2.644     0.0117    -0.2981 -9.990e-29
 148.633003     -2.654   0.013302    10.1052    -2.1201     -2.632     0.0117    -0.2983 -9.990e-29
 148.633009     -2.638   0.013302    10.1073    -2.1200     -2.616     0.0117    -0.2984 -9.990e-29
 148.633015     -2.623   0.013302    10.1090    -2.1199     -2.601     0.0117    -0.2986 -9.990e-29
 148.633021     -2.611   0.013302    10.1102    -2.1198     -2.589     0.0117    -0.2987 -9.990e-29
 148.633027     -2.598   0.013302    10.1108    -2.1196     -2.576     0.0117    -0.2988 -9.990e-29
 148.633032     -2.577   0.013302    10.1110    -2.1195     -2.556     0.0117    -0.2988 -9.990e-29
 148.633038     -2.553   0.013302    10.1119    -2.1193     -2.532     0.0117    -0.2989 -9.990e-29
 148.633044     -2.533   0.013302    10.1135    -2.1189     -2.512     0.0117    -0.2990 -9.990e-29
 148.633050     -2.518   0.013303    10.1149    -2.1190     -2.497     0.0117    -0.2991 -9.990e-29
 148.633056     -2.509   0.013303    10.1166    -2.1190     -2.488     0.0117    -0.2993 -9.990e-29
 148.633061     -2.501   0.013303    10.1189    -2.1189     -2.480     0.0117    -0.2995 -9.990e-29
 148.633067     -2.488   0.013303    10.1212    -2.1188     -2.467     0.0117    -0.2997 -9.990e-29
 148.633073     -2.475   0.013303    10.1235    -2.1190     -2.454     0.0117    -0.2999 -9.990e-29
 148.633079     -2.464   0.013304    10.1260    -2.1192     -2.443     0.0117    -0.3001 -9.990e-29
 148.633084     -2.455   0.013304    10.1289    -2.1191     -2.435     0.0117    -0.3004 -9.990e-29
 148.633090     -2.447   0.013304    10.1325    -2.1190     -2.427     0.0117    -0.3007 -9.990e-29
 148.633096     -2.440   0.013304    10.1359    -2.1191     -2.420     0.0117    -0.3010 -9.990e-29
 148.633102     -2.433   0.013304    10.1377    -2.1189     -2.413     0.0117    -0.3012 -9.990e-29
 148.633108     -2.426   0.013305    10.1385    -2.1187     -2.406     0.0117    -0.3012 -9.990e-29
 148.633113     -2.419   0.013305    10.1392    -2.1186     -2.399     0.0117    -0.3013 -9.990e-29
 148.633119     -2.411   0.013305    10.1392    -2.1185     -2.391     0.0117    -0.3013 -9.990e-29
 148.633125     -2.402   0.013305    10.1377    -2.1183     -2.382     0.0117    -0.3012 -9.990e-29
 148.633131     -2.390   0.013305    10.1362    -2.1182     -2.370     0.0117    -0.3010 -9.990e-29
 148.633137     -2.376   0.013306    10.1363    -2.1182     -2.356     0.0117    -0.3010 -9.990e-29
 148.633142     -2.358   0.013306    10.1375    -2.1182     -2.338     0.0117    -0.3012 -9.990e-29
 148.633148     -2.335   0.013306    10.1392    -2.1181     -2.316     0.0117    -0.3013 -9.990e-29
 148.633154     -2.310   0.013306    10.1415    -2.1180     -2.291     0.0117    -0.3015 -9.990e-29
 148.633160     -2.290   0.013306    10.1443    -2.1179     -2.271     0.0117    -0.3018 -9.990e-29
 148.633166     -2.273   0.013307    10.1471    -2.1173     -2.254     0.0117    -0.3020 -9.990e-29
 148.633171     -2.255   0.013307    10.1497    -2.1165     -2.236     0.0117    -0.3022 -9.990e-29
 148.633177     -2.239   0.013307    10.1521    -2.1160     -2.220     0.0117    -0.3025 -9.990e-29
 148.633183     -2.227   0.013307    10.1539    -2.1158     -2.208     0.0117    -0.3026 -9.990e-29
 148.633189     -2.219   0.013307    10.1549    -2.1157     -2.200     0.0117    -0.3027 -9.990e-29
 148.633194     -2.214   0.013308    10.1558    -2.1155     -2.196     0.0117    -0.3028 -9.990e-29
 148.633200     -2.208   0.013308    10.1575    -2.1152     -2.190     0.0117    -0.3029 -9.990e-29
 148.633206     -2.197   0.013308    10.1607    -2.1151     -2.179     0.0117    -0.3032 -9.990e-29
 148.633212     -2.183   0.013308    10.1666    -2.1150     -2.165     0.0117    -0.3038 -9.990e-29
