data/oxygen options/ONMS/Olympic_Coast_National_Marine_Sanctuary_CTD_Data_2005_2023/raw_data/2017/CAST_KL027_170926faed.cnv
* Sea-Bird SBE 19 Data File:
* FileName = C:\2017 Mooring Data\Casts\CAST_KL027_170926.hex
* Software Version SeatermAF 2.1.2
* Temperature SN = 2997
* Conductivity SN = 2997
* System UpLoad Time = Sep 26 2017 23:04:36 (localtime) = Sep 26 2017 23:04:36 (UTC)
** CAST_KL027_170926
* ds
# nquan = 9                                 
# nvalues = 1143                        
# units = specified
# name 0 = timeJ: Julian Days
# name 1 = prSM: Pressure, Strain Gauge [db]
# name 2 = c0mS/cm: Conductivity [mS/cm]
# name 3 = t090C: Temperature [ITS-90, deg C]
# name 4 = sbeox0ML/L: Oxygen, SBE 43 [ml/l]
# name 5 = depSM: Depth [salt water, m], lat = 47.5
# name 6 = sal00: Salinity, Practical [PSU]
# name 7 = sigma-é00: Density [sigma-theta, kg/m^3]
# name 8 = flag: flag
# span 0 = 269.936956, 269.943565       
# span 1 =     -4.588,     28.109       
# span 2 =   0.516145,  39.194660       
# span 3 =     9.1987,    16.5896       
# span 4 =    -1.8642,    13.1114       
# span 5 =     -4.550,     27.873       
# span 6 =     0.3009,    33.5029       
# span 7 =    -0.9169,    25.9116       
# span 8 = 0.0000e+00, 0.0000e+00       
# interval = seconds: 0.5
# start_time = Sep 26 2017 22:29:13 [Instrument's time stamp, header]
# bad_flag = -9.990e-29
*END*
[from data line 641]
 269.940666      0.374  39.004243    15.0457     6.7355      0.371    31.4204    23.2042 -9.990e-29
 269.940671      0.366  38.911092    15.0440     6.6612      0.363    31.3382    23.1413 -9.990e-29
 269.940677      0.366  38.806546    15.0414     6.6223      0.363    31.2466    23.0713 -9.990e-29
 269.940683      0.373  38.740523    15.0379     6.6087      0.370    31.1902    23.0287 -9.990e-29
 269.940689      0.386  38.715168    15.0344     6.5852      0.383    31.1703    23.0141 -9.990e-29
 269.940694      0.404  38.704513    15.0339     6.5798      0.401    31.1611    23.0072 -9.990e-29
 269.940700      0.417  38.701631    15.0374     6.5608      0.414    31.1557    23.0023 -9.990e-29
 269.940706      0.424  38.703796    15.0416     6.5573      0.420    31.1543    23.0003 -9.990e-29
 269.940712      0.424  38.707170    15.0443     6.5486      0.420    31.1552    23.0004 -9.990e-29
 269.940718      0.421  38.709531    15.0458     6.5473      0.417    31.1561    23.0008 -9.990e-29
 269.940723      0.420  38.710667    15.0465     6.5532      0.416    31.1566    23.0010 -9.990e-29
 269.940729      0.421  38.710970    15.0470     6.5419      0.417    31.1564    23.0008 -9.990e-29
 269.940735      0.423  38.711406    15.0477     6.5438      0.419    31.1563    23.0005 -9.990e-29
 269.940741      0.423  38.711434    15.0480     6.5310      0.419    31.1561    23.0003 -9.990e-29
 269.940747      0.417  38.709967    15.0472     6.5389      0.414    31.1554    22.9999 -9.990e-29
 269.940752      0.407  38.708409    15.0462     6.5370      0.404    31.1548    22.9997 -9.990e-29
 269.940758      0.403  38.707483    15.0451     6.5466      0.400    31.1548    22.9999 -9.990e-29
 269.940764      0.408  38.705952    15.0443     6.5424      0.405    31.1541    22.9995 -9.990e-29
 269.940770      0.417  38.704575    15.0444     6.5242      0.414    31.1528    22.9985 -9.990e-29
 269.940775      0.424  38.705432    15.0446     6.5221      0.420    31.1534    22.9989 -9.990e-29
 269.940781      0.425  38.707424    15.0445     6.5241      0.421    31.1553    23.0004 -9.990e-29
 269.940787      0.418  38.708164    15.0443     6.5247      0.415    31.1561    23.0011 -9.990e-29
 269.940793      0.409  38.708078    15.0437     6.5102      0.406    31.1565    23.0015 -9.990e-29
 269.940799      0.405  38.707610    15.0419     6.5106      0.402    31.1575    23.0027 -9.990e-29
 269.940804      0.411  38.705577    15.0401     6.5240      0.408    31.1571    23.0028 -9.990e-29
 269.940810      0.422  38.703746    15.0403     6.5388      0.418    31.1553    23.0013 -9.990e-29
 269.940816      0.430  38.705275    15.0427     6.5474      0.426    31.1548    23.0004 -9.990e-29
 269.940822      0.432  38.708280    15.0449     6.5481      0.428    31.1557    23.0007 -9.990e-29
 269.940828      0.432  38.709482    15.0454     6.5429      0.428    31.1564    23.0011 -9.990e-29
 269.940833      0.434  38.708805    15.0448     6.5399      0.430    31.1563    23.0011 -9.990e-29
 269.940839      0.439  38.708144    15.0440     6.5327      0.435    31.1563    23.0013 -9.990e-29
 269.940845      0.447  38.708859    15.0439     6.5348      0.443    31.1570    23.0019 -9.990e-29
 269.940851      0.454  38.709661    15.0444     6.5424      0.450    31.1573    23.0020 -9.990e-29
 269.940856      0.460  38.708815    15.0442     6.5448      0.456    31.1567    23.0016 -9.990e-29
 269.940862      0.470  38.705192    15.0424     6.5341      0.466    31.1549    23.0006 -9.990e-29
 269.940868      0.481  38.702923    15.0406     6.5277      0.477    31.1543    23.0005 -9.990e-29
 269.940874      0.489  38.705701    15.0405     6.5310      0.485    31.1569    23.0025 -9.990e-29
 269.940880      0.495  38.707706    15.0416     6.5288      0.491    31.1578    23.0030 -9.990e-29
 269.940885      0.498  38.706569    15.0430     6.5326      0.494    31.1557    23.0010 -9.990e-29
 269.940891      0.499  38.705254    15.0442     6.5243      0.495    31.1535    22.9991 -9.990e-29
 269.940897      0.498  38.703125    15.0447     6.5230      0.494    31.1512    22.9972 -9.990e-29
 269.940903      0.496  38.700142    15.0444     6.5257      0.492    31.1488    22.9954 -9.990e-29
 269.940909      0.491  38.698489    15.0432     6.5330      0.487    31.1483    22.9953 -9.990e-29
 269.940914      0.484  38.698759    15.0417     6.5236      0.480    31.1497    22.9967 -9.990e-29
 269.940920      0.478  38.700193    15.0416     6.5209      0.474    31.1511    22.9978 -9.990e-29
 269.940926      0.478  38.700778    15.0422     6.5135      0.474    31.1511    22.9977 -9.990e-29
 269.940932      0.478  38.700175    15.0427     6.5246      0.474    31.1502    22.9969 -9.990e-29
 269.940938      0.476  38.700376    15.0428     6.5322      0.472    31.1503    22.9969 -9.990e-29
 269.940943      0.469  38.701650    15.0417     6.5335      0.465    31.1523    22.9987 -9.990e-29
 269.940949      0.464  38.704572    15.0397     6.5208      0.460    31.1565    23.0024 -9.990e-29
 269.940955      0.463  38.706877    15.0387     6.5065      0.459    31.1594    23.0048 -9.990e-29
 269.940961      0.462  38.705476    15.0400     6.4988      0.458    31.1571    23.0028 -9.990e-29
 269.940966      0.456  38.704099    15.0426     6.5067      0.452    31.1538    22.9997 -9.990e-29
 269.940972      0.450  38.704826    15.0446     6.5083      0.446    31.1528    22.9985 -9.990e-29
 269.940978      0.453  38.705827    15.0455     6.5168      0.449    31.1530    22.9985 -9.990e-29
 269.940984      0.463  38.706756    15.0463     6.5070      0.459    31.1532    22.9984 -9.990e-29
 269.940990      0.473  38.707733    15.0474     6.5032      0.469    31.1532    22.9982 -9.990e-29
 269.940995      0.479  38.708936    15.0489     6.5043      0.475    31.1531    22.9978 -9.990e-29
 269.941001      0.482  38.710286    15.0505     6.4983      0.478    31.1530    22.9974 -9.990e-29
 269.941007      0.483  38.711343    15.0520     6.5084      0.479    31.1528    22.9969 -9.990e-29
 269.941013      0.480  38.711835    15.0526     6.5102      0.476    31.1527    22.9967 -9.990e-29
 269.941019      0.479  38.711295    15.0523     6.5055      0.475    31.1525    22.9966 -9.990e-29
 269.941024      0.483  38.710683    15.0525     6.5059      0.479    31.1518    22.9960 -9.990e-29
 269.941030      0.488  38.711423    15.0533     6.5031      0.484    31.1518    22.9959 -9.990e-29
 269.941036      0.491  38.712817    15.0539     6.5161      0.487    31.1526    22.9963 -9.990e-29
 269.941042      0.492  38.713924    15.0543     6.5133      0.488    31.1533    22.9968 -9.990e-29
 269.941047      0.490  38.713977    15.0546     6.5149      0.486    31.1531    22.9966 -9.990e-29
 269.941053      0.485  38.713045    15.0548     6.5134      0.481    31.1521    22.9957 -9.990e-29
 269.941059      0.482  38.711004    15.0542     6.5174      0.478    31.1507    22.9948 -9.990e-29
 269.941065      0.485  38.707932    15.0521     6.5065      0.481    31.1496    22.9945 -9.990e-29
 269.941071      0.489  38.705894    15.0493     6.5099      0.485    31.1500    22.9954 -9.990e-29
 269.941076      0.491  38.706092    15.0477     6.5211      0.487    31.1515    22.9968 -9.990e-29
 269.941082      0.490  38.707666    15.0487     6.5057      0.486    31.1521    22.9971 -9.990e-29
 269.941088      0.486  38.709351    15.0522     6.5184      0.482    31.1508    22.9953 -9.990e-29
 269.941094      0.480  38.711153    15.0560     6.5161      0.476    31.1494    22.9935 -9.990e-29
 269.941100      0.476  38.712112    15.0549     6.5213      0.472    31.1512    22.9950 -9.990e-29
 269.941105      0.476  38.702307    15.0460     6.5221      0.472    31.1495    22.9956 -9.990e-29
 269.941111      0.477  38.683226    15.0378     6.5159      0.473    31.1389    22.9892 -9.990e-29
 269.941117      0.475  38.678152    15.0385     6.5271      0.471    31.1338    22.9852 -9.990e-29
 269.941123      0.469  38.688157    15.0423     6.5293      0.465    31.1397    22.9889 -9.990e-29
 269.941128      0.459  38.696892    15.0450     6.5384      0.455    31.1454    22.9927 -9.990e-29
 269.941134      0.454  38.702563    15.0464     6.5179      0.450    31.1494    22.9955 -9.990e-29
 269.941140      0.461  38.704889    15.0453     6.5010      0.457    31.1523    22.9980 -9.990e-29
 269.941146      0.472  38.703050    15.0425     6.4917      0.468    31.1529    22.9990 -9.990e-29
 269.941152      0.480  38.701126    15.0391     6.4995      0.476    31.1539    23.0005 -9.990e-29
 269.941157      0.485  38.700470    15.0360     6.5126      0.481    31.1558    23.0026 -9.990e-29
 269.941163      0.491  38.699455    15.0340     6.4946      0.487    31.1565    23.0036 -9.990e-29
 269.941169      0.503  38.697279    15.0322     6.4876      0.499    31.1559    23.0035 -9.990e-29
 269.941175      0.518  38.694207    15.0300     6.4949      0.514    31.1549    23.0032 -9.990e-29
 269.941181      0.532  38.690614    15.0289     6.5322      0.528    31.1526    23.0017 -9.990e-29
 269.941186      0.542  38.688422    15.0312     6.5678      0.537    31.1488    22.9982 -9.990e-29
 269.941192      0.544  38.689743    15.0358     6.5636      0.539    31.1463    22.9954 -9.990e-29
 269.941198      0.543  38.692409    15.0382     6.5531      0.538    31.1468    22.9952 -9.990e-29
 269.941204      0.543  38.692688    15.0336     6.5182      0.538    31.1507    22.9992 -9.990e-29
 269.941209      0.544  38.684223    15.0211     6.5149      0.539    31.1531    23.0037 -9.990e-29
 269.941215      0.545  38.668603    15.0119     6.5239      0.540    31.1464    23.0005 -9.990e-29
 269.941221      0.544  38.660841    15.0162     6.5339      0.539    31.1360    22.9916 -9.990e-29
 269.941227      0.535  38.665139    15.0275     6.5579      0.531    31.1309    22.9852 -9.990e-29
 269.941233      0.521  38.675454    15.0367     6.5647      0.517    31.1328    22.9848 -9.990e-29
 269.941238      0.512  38.687051    15.0406     6.5635      0.508    31.1401    22.9895 -9.990e-29
 269.941244      0.510  38.693545    15.0382     6.5628      0.506    31.1478    22.9960 -9.990e-29
 269.941250      0.511  38.691269    15.0302     6.5356      0.507    31.1521    23.0010 -9.990e-29
 269.941256      0.512  38.679982    15.0198     6.5230      0.508    31.1503    23.0019 -9.990e-29
 269.941262      0.511  38.668710    15.0136     6.5081      0.507    31.1451    22.9992 -9.990e-29
 269.941267      0.508  38.669300    15.0165     6.5063      0.504    31.1434    22.9972 -9.990e-29
 269.941273      0.505  38.676928    15.0260     6.5214      0.501    31.1426    22.9946 -9.990e-29
 269.941279      0.500  38.683271    15.0346     6.5277      0.496    31.1415    22.9919 -9.990e-29
 269.941285      0.497  38.688377    15.0362     6.5393      0.493    31.1448    22.9941 -9.990e-29
 269.941291      0.501  38.692330    15.0334     6.5330      0.497    31.1505    22.9991 -9.990e-29
 269.941296      0.507  38.694235    15.0325     6.5227      0.503    31.1530    23.0012 -9.990e-29
 269.941302      0.512  38.695503    15.0339     6.5265      0.508    31.1530    23.0009 -9.990e-29
 269.941308      0.516  38.697257    15.0347     6.5205      0.512    31.1539    23.0015 -9.990e-29
 269.941314      0.519  38.698468    15.0353     6.5293      0.515    31.1545    23.0018 -9.990e-29
 269.941319      0.521  38.699062    15.0370     6.5321      0.517    31.1537    23.0008 -9.990e-29
 269.941325      0.523  38.699825    15.0392     6.5121      0.519    31.1526    22.9995 -9.990e-29
 269.941331      0.525  38.701207    15.0408     6.4908      0.521    31.1526    22.9991 -9.990e-29
 269.941337      0.526  38.702804    15.0416     6.4840      0.522    31.1534    22.9996 -9.990e-29
 269.941343      0.527  38.703937    15.0421     6.5007      0.523    31.1540    22.9999 -9.990e-29
 269.941348      0.528  38.704429    15.0423     6.5206      0.524    31.1543    23.0001 -9.990e-29
 269.941354      0.529  38.704368    15.0419     6.5234      0.525    31.1546    23.0004 -9.990e-29
 269.941360      0.530  38.703665    15.0412     6.5261      0.526    31.1545    23.0005 -9.990e-29
 269.941366      0.531  38.702496    15.0406     6.5279      0.527    31.1539    23.0002 -9.990e-29
 269.941372      0.532  38.701537    15.0399     6.5341      0.528    31.1536    23.0001 -9.990e-29
 269.941377      0.534  38.701181    15.0398     6.5362      0.530    31.1534    22.9999 -9.990e-29
 269.941383      0.535  38.701505    15.0403     6.5199      0.531    31.1533    22.9998 -9.990e-29
 269.941389      0.537  38.701813    15.0407     6.5072      0.533    31.1532    22.9996 -9.990e-29
 269.941395      0.540  38.701949    15.0414     6.4907      0.535    31.1528    22.9992 -9.990e-29
 269.941400      0.543  38.702646    15.0435     6.5027      0.538    31.1517    22.9979 -9.990e-29
 269.941406      0.548  38.703706    15.0451     6.5178      0.543    31.1514    22.9973 -9.990e-29
 269.941412      0.553  38.703735    15.0437     6.5118      0.548    31.1525    22.9985 -9.990e-29
 269.941418      0.560  38.701647    15.0411     6.5054      0.555    31.1527    22.9992 -9.990e-29
 269.941424      0.569  38.699129    15.0402     6.4912      0.564    31.1512    22.9982 -9.990e-29
 269.941429      0.576  38.698418    15.0406     6.4895      0.571    31.1502    22.9974 -9.990e-29
 269.941435      0.577  38.699119    15.0408     6.5147      0.572    31.1507    22.9977 -9.990e-29
 269.941441      0.577  38.699919    15.0410     6.5289      0.572    31.1513    22.9981 -9.990e-29
 269.941447      0.581  38.700755    15.0417     6.5266      0.576    31.1515    22.9981 -9.990e-29
 269.941453      0.583  38.702735    15.0431     6.5154      0.578    31.1521    22.9983 -9.990e-29
 269.941458      0.580  38.705693    15.0450     6.4928      0.575    31.1533    22.9987 -9.990e-29
 269.941464      0.576  38.707964    15.0470     6.4954      0.571    31.1537    22.9987 -9.990e-29
 269.941470      0.575  38.709208    15.0488     6.5129      0.570    31.1534    22.9980 -9.990e-29
 269.941476      0.577  38.709958    15.0504     6.5143      0.572    31.1528    22.9972 -9.990e-29
 269.941481      0.582  38.710645    15.0519     6.5163      0.577    31.1522    22.9965 -9.990e-29
 269.941487      0.590  38.711617    15.0530     6.5232      0.585    31.1522    22.9962 -9.990e-29
 269.941493      0.602  38.712484    15.0537     6.5228      0.597    31.1524    22.9962 -9.990e-29
 269.941499      0.615  38.712714    15.0539     6.5261      0.610    31.1524    22.9962 -9.990e-29
 269.941505      0.620  38.712048    15.0531     6.5050      0.615    31.1525    22.9964 -9.990e-29
 269.941510      0.618  38.709590    15.0511     6.4834      0.613    31.1519    22.9964 -9.990e-29
 269.941516      0.613  38.706537    15.0489     6.4928      0.608    31.1509    22.9961 -9.990e-29
 269.941522      0.601  38.706090    15.0481     6.5056      0.596    31.1511    22.9965 -9.990e-29
 269.941528      0.580  38.707647    15.0494     6.5242      0.575    31.1515    22.9965 -9.990e-29
 269.941534      0.559  38.709354    15.0515     6.5349      0.554    31.1514    22.9959 -9.990e-29
 269.941539      0.539  38.710678    15.0516     6.5240      0.535    31.1525    22.9967 -9.990e-29
 269.941545      0.524  38.710578    15.0489     6.5247      0.520    31.1545    22.9989 -9.990e-29
 269.941551      0.522  38.708354    15.0456     6.5274      0.518    31.1552    23.0001 -9.990e-29
 269.941557      0.532  38.705515    15.0436     6.5335      0.528    31.1542    22.9998 -9.990e-29
 269.941562      0.546  38.704431    15.0433     6.5419      0.541    31.1535    22.9993 -9.990e-29
 269.941568      0.558  38.704767    15.0435     6.5265      0.553    31.1536    22.9994 -9.990e-29
 269.941574      0.562  38.705282    15.0431     6.4952      0.557    31.1544    23.0000 -9.990e-29
 269.941580      0.564  38.704976    15.0411     6.4920      0.559    31.1557    23.0015 -9.990e-29
