data/oxygen options/ONMS/Olympic_Coast_National_Marine_Sanctuary_CTD_Data_2005_2023/raw_data/2017/CAST_CA015_170828faed.cnv
* Sea-Bird SBE 19 Data File:
* FileName = C:\2017 Mooring Data\Casts\CAST_CA015_170828.hex
* Software Version SeatermAF 2.1.2
* Temperature SN = 2997
* Conductivity SN = 2997
* System UpLoad Time = Aug 28 2017 20:36:40 (localtime) = Aug 28 2017 20:36:40 (UTC)
** CAST_CA015_170828
* ds
# nquan = 9                                 
# nvalues = 1278                        
# units = specified
# name 0 = timeJ: Julian Days
# name 1 = prSM: Pressure, Strain Gauge [db]
# name 2 = c0mS/cm: Conductivity [mS/cm]
# name 3 = t090C: Temperature [ITS-90, deg C]
# name 4 = sbeox0ML/L: Oxygen, SBE 43 [ml/l]
# name 5 = depSM: Depth [salt water, m], lat = 47.5
# name 6 = sal00: Salinity, Practical [PSU]
# name 7 = sigma-é00: Density [sigma-theta, kg/m^3]
# name 8 = flag: flag
# span 0 = 240.825139, 240.832529       
# span 1 =     -2.961,     19.569       
# span 2 =   0.372151,  38.820410       
# span 3 =     8.5675,    17.9463       
# span 4 =    -1.8180,    13.9305       
# span 5 =     -2.936,     19.405       
# span 6 =     0.2088,    33.9635       
# span 7 =    -1.2270,    25.9513       
# span 8 = 0.0000e+00, 0.0000e+00       
# interval = seconds: 0.5
# start_time = Aug 28 2017 19:48:12 [Instrument's time stamp, header]
# bad_flag = -9.990e-29
*END*
[from data line 321]
 240.826997     -0.541   0.440700    17.6175    -1.7997     -0.536     0.2496    -1.1411 -9.990e-29
 240.827002     -0.539   0.438911    17.6165    -1.7997     -0.535     0.2485    -1.1417 -9.990e-29
 240.827008     -0.537   0.436476    17.6145    -1.7995     -0.533     0.2471    -1.1424 -9.990e-29
 240.827014     -0.534   0.434580    17.6131    -1.7995     -0.530     0.2461    -1.1430 -9.990e-29
 240.827020     -0.530   0.434022    17.6128    -1.7996     -0.526     0.2457    -1.1432 -9.990e-29
 240.827025     -0.525   0.434611    17.6136    -1.7997     -0.521     0.2461    -1.1431 -9.990e-29
 240.827031     -0.518   0.435470    17.6153    -1.7997     -0.514     0.2466    -1.1430 -9.990e-29
 240.827037     -0.514   0.436084    17.6178    -1.7998     -0.510     0.2469    -1.1432 -9.990e-29
 240.827043     -0.516   0.436716    17.6214    -1.7998     -0.512     0.2472    -1.1436 -9.990e-29
 240.827049     -0.520   0.437655    17.6254    -1.8000     -0.516     0.2478    -1.1439 -9.990e-29
 240.827054     -0.522   0.438491    17.6292    -1.8000     -0.518     0.2482    -1.1443 -9.990e-29
 240.827060     -0.523   0.438122    17.6324    -1.8000     -0.519     0.2480    -1.1450 -9.990e-29
 240.827066     -0.522   0.435504    17.6335    -1.8001     -0.518     0.2465    -1.1464 -9.990e-29
 240.827072     -0.520   0.431579    17.6321    -1.8001     -0.516     0.2442    -1.1479 -9.990e-29
 240.827078     -0.520   0.429426    17.6297    -1.8002     -0.516     0.2430    -1.1484 -9.990e-29
 240.827083     -0.527   0.430606    17.6277    -1.8003     -0.523     0.2437    -1.1475 -9.990e-29
 240.827089     -0.536   0.432813    17.6260    -1.8004     -0.532     0.2450    -1.1462 -9.990e-29
 240.827095     -0.545   0.432897    17.6239    -1.8006     -0.540     0.2450    -1.1458 -9.990e-29
 240.827101     -0.550   0.430969    17.6215    -1.8006     -0.545     0.2439    -1.1462 -9.990e-29
 240.827106     -0.546   0.430000    17.6199    -1.8005     -0.541     0.2434    -1.1463 -9.990e-29
 240.827112     -0.537   0.431468    17.6193    -1.8005     -0.533     0.2442    -1.1456 -9.990e-29
 240.827118     -0.528   0.433453    17.6185    -1.8006     -0.524     0.2454    -1.1445 -9.990e-29
 240.827124     -0.522   0.433613    17.6169    -1.8006     -0.518     0.2455    -1.1442 -9.990e-29
 240.827130     -0.523   0.431608    17.6146    -1.8007     -0.519     0.2443    -1.1446 -9.990e-29
 240.827135     -0.527   0.428646    17.6118    -1.8008     -0.523     0.2426    -1.1454 -9.990e-29
 240.827141     -0.529   0.426316    17.6087    -1.8008     -0.525     0.2413    -1.1459 -9.990e-29
 240.827147     -0.530   0.425946    17.6062    -1.8009     -0.526     0.2411    -1.1456 -9.990e-29
 240.827153     -0.529   0.427598    17.6054    -1.8011     -0.525     0.2421    -1.1447 -9.990e-29
 240.827159     -0.528   0.429040    17.6057    -1.8013     -0.524     0.2429    -1.1441 -9.990e-29
 240.827164     -0.525   0.428317    17.6058    -1.8015     -0.521     0.2425    -1.1445 -9.990e-29
 240.827170     -0.521   0.426683    17.6052    -1.8017     -0.517     0.2415    -1.1451 -9.990e-29
 240.827176     -0.515   0.425835    17.6039    -1.8018     -0.511     0.2410    -1.1452 -9.990e-29
 240.827182     -0.507   0.425200    17.6020    -1.8017     -0.503     0.2407    -1.1451 -9.990e-29
 240.827188     -0.497   0.423932    17.6000    -1.8016     -0.493     0.2400    -1.1453 -9.990e-29
 240.827193     -0.483   0.422557    17.5981    -1.8014     -0.479     0.2392    -1.1456 -9.990e-29
 240.827199     -0.469   0.422012    17.5952    -1.8011     -0.465     0.2389    -1.1453 -9.990e-29
 240.827205     -0.463   0.422122    17.5906    -1.8009     -0.459     0.2390    -1.1444 -9.990e-29
 240.827211     -0.465   0.422480    17.5848    -1.8007     -0.461     0.2392    -1.1432 -9.990e-29
 240.827216     -0.465   0.423566    17.5793    -1.8007     -0.461     0.2399    -1.1417 -9.990e-29
 240.827222     -0.461   0.425164    17.5757    -1.8006     -0.457     0.2408    -1.1403 -9.990e-29
 240.827228     -0.450   0.426081    17.5747    -1.8005     -0.446     0.2413    -1.1397 -9.990e-29
 240.827234     -0.438   0.425324    17.5761    -1.8004     -0.434     0.2409    -1.1403 -9.990e-29
 240.827240     -0.428   0.422991    17.5799    -1.8001     -0.424     0.2395    -1.1420 -9.990e-29
 240.827245     -0.418   0.420961    17.5851    -1.8001     -0.415     0.2383    -1.1439 -9.990e-29
 240.827251     -0.413   0.420775    17.5908    -1.7999     -0.410     0.2382    -1.1450 -9.990e-29
 240.827257     -0.416   0.421629    17.5963    -1.7998     -0.413     0.2387    -1.1457 -9.990e-29
 240.827263     -0.424   0.421709    17.6008    -1.7999     -0.420     0.2387    -1.1465 -9.990e-29
 240.827269     -0.428   0.420011    17.6040    -1.8001     -0.424     0.2377    -1.1478 -9.990e-29
 240.827274     -0.428   0.417413    17.6064    -1.8002     -0.424     0.2362    -1.1494 -9.990e-29
 240.827280     -0.434   0.415990    17.6090    -1.8001     -0.430     0.2353    -1.1505 -9.990e-29
 240.827286     -0.445   0.416617    17.6126    -1.7998     -0.441     0.2357    -1.1509 -9.990e-29
 240.827292     -0.455   0.417913    17.6168    -1.7997     -0.451     0.2364    -1.1511 -9.990e-29
 240.827297     -0.454   0.418279    17.6206    -1.7996     -0.450     0.2366    -1.1517 -9.990e-29
 240.827303     -0.442   0.417649    17.6239    -1.7993     -0.438     0.2362    -1.1526 -9.990e-29
 240.827309     -0.429   0.416845    17.6259    -1.7991     -0.425     0.2357    -1.1533 -9.990e-29
 240.827315     -0.416   0.416458    17.6251    -1.7989     -0.413     0.2355    -1.1533 -9.990e-29
 240.827321     -0.407   0.416525    17.6224    -1.7989     -0.404     0.2356    -1.1528 -9.990e-29
 240.827326     -0.407   0.417137    17.6210    -1.7989     -0.404     0.2359    -1.1522 -9.990e-29
 240.827332     -0.411   0.418002    17.6231    -1.7988     -0.408     0.2364    -1.1523 -9.990e-29
 240.827338     -0.410   0.418054    17.6277    -1.7987     -0.407     0.2364    -1.1531 -9.990e-29
 240.827344     -0.400   0.416808    17.6329    -1.7987     -0.397     0.2357    -1.1546 -9.990e-29
 240.827350     -0.385   0.414820    17.6380    -1.7988     -0.382     0.2345    -1.1564 -9.990e-29
 240.827355     -0.373   0.413318    17.6431    -1.7990     -0.370     0.2336    -1.1580 -9.990e-29
 240.827361     -0.367   0.413625    17.6478    -1.7991     -0.364     0.2337    -1.1588 -9.990e-29
 240.827367     -0.366   0.415594    17.6516    -1.7993     -0.363     0.2349    -1.1586 -9.990e-29
 240.827373     -0.366   0.416865    17.6547    -1.7993     -0.363     0.2356    -1.1586 -9.990e-29
 240.827378     -0.360   0.415253    17.6578    -1.7990     -0.357     0.2346    -1.1599 -9.990e-29
 240.827384     -0.345   0.411380    17.6605    -1.7987     -0.342     0.2324    -1.1621 -9.990e-29
 240.827390     -0.331   0.407837    17.6616    -1.7986     -0.328     0.2303    -1.1639 -9.990e-29
 240.827396     -0.320   0.407105    17.6607    -1.7984     -0.317     0.2299    -1.1641 -9.990e-29
 240.827402     -0.311   0.409315    17.6581    -1.7982     -0.308     0.2312    -1.1626 -9.990e-29
 240.827407     -0.304   0.411874    17.6548    -1.7980     -0.301     0.2327    -1.1609 -9.990e-29
 240.827413     -0.299   0.412650    17.6518    -1.7978     -0.297     0.2332    -1.1600 -9.990e-29
 240.827419     -0.296   0.411572    17.6501    -1.7976     -0.294     0.2325    -1.1601 -9.990e-29
 240.827425     -0.293   0.409417    17.6510    -1.7975     -0.291     0.2313    -1.1612 -9.990e-29
 240.827431     -0.291   0.407745    17.6551    -1.7972     -0.289     0.2303    -1.1627 -9.990e-29
 240.827436     -0.290   0.408206    17.6605    -1.7970     -0.288     0.2306    -1.1635 -9.990e-29
 240.827442     -0.289   0.410306    17.6661    -1.7967     -0.287     0.2317    -1.1636 -9.990e-29
 240.827448     -0.290   0.411857    17.6718    -1.7966     -0.288     0.2326    -1.1640 -9.990e-29
 240.827454     -0.291   0.411604    17.6776    -1.7964     -0.289     0.2324    -1.1652 -9.990e-29
 240.827459     -0.292   0.410316    17.6834    -1.7962     -0.290     0.2316    -1.1669 -9.990e-29
 240.827465     -0.295   0.409600    17.6892    -1.7958     -0.293     0.2312    -1.1683 -9.990e-29
 240.827471     -0.299   0.409611    17.6947    -1.7959     -0.297     0.2312    -1.1693 -9.990e-29
 240.827477     -0.304   0.409254    17.7000    -1.7959     -0.301     0.2309    -1.1704 -9.990e-29
 240.827483     -0.310   0.408608    17.7059    -1.7960     -0.307     0.2305    -1.1718 -9.990e-29
 240.827488     -0.318   0.408472    17.7121    -1.7959     -0.315     0.2304    -1.1730 -9.990e-29
 240.827494     -0.329   0.408665    17.7182    -1.7958     -0.326     0.2305    -1.1741 -9.990e-29
 240.827500     -0.339   0.408336    17.7241    -1.7957     -0.336     0.2303    -1.1753 -9.990e-29
 240.827506     -0.344   0.407046    17.7300    -1.7956     -0.341     0.2295    -1.1770 -9.990e-29
 240.827512     -0.349   0.405293    17.7357    -1.7954     -0.346     0.2285    -1.1788 -9.990e-29
 240.827517     -0.358   0.404064    17.7403    -1.7954     -0.355     0.2277    -1.1802 -9.990e-29
 240.827523     -0.364   0.403935    17.7426    -1.7954     -0.361     0.2277    -1.1807 -9.990e-29
 240.827529     -0.358   0.404734    17.7430    -1.7954     -0.355     0.2281    -1.1804 -9.990e-29
 240.827535     -0.349   0.405864    17.7428    -1.7956     -0.346     0.2288    -1.1799 -9.990e-29
 240.827541     -0.344   0.406615    17.7436    -1.7955     -0.341     0.2292    -1.1797 -9.990e-29
 240.827546     -0.339   0.406879    17.7459    -1.7954     -0.336     0.2293    -1.1800 -9.990e-29
 240.827552     -0.330   0.407563    17.7488    -1.7953     -0.327     0.2297    -1.1803 -9.990e-29
 240.827558     -0.319   0.409025    17.7525    -1.7951     -0.316     0.2305    -1.1803 -9.990e-29
 240.827564     -0.311   0.409889    17.7560    -1.7949     -0.308     0.2310    -1.1806 -9.990e-29
 240.827569     -0.305   0.408537    17.7579    -1.7949     -0.302     0.2302    -1.1815 -9.990e-29
 240.827575     -0.300   0.405382    17.7581    -1.7946     -0.297     0.2284    -1.1830 -9.990e-29
 240.827581     -0.297   0.402867    17.7572    -1.7944     -0.295     0.2270    -1.1839 -9.990e-29
 240.827587     -0.295   0.402624    17.7563    -1.7946     -0.293     0.2268    -1.1838 -9.990e-29
 240.827593     -0.294   0.403775    17.7570    -1.7945     -0.292     0.2275    -1.1835 -9.990e-29
 240.827598     -0.294   0.404532    17.7592    -1.7944     -0.292     0.2279    -1.1835 -9.990e-29
 240.827604     -0.294   0.404240    17.7623    -1.7943     -0.292     0.2277    -1.1843 -9.990e-29
 240.827610     -0.296   0.403618    17.7664    -1.7942     -0.294     0.2274    -1.1853 -9.990e-29
 240.827616     -0.299   0.403500    17.7709    -1.7941     -0.297     0.2273    -1.1862 -9.990e-29
 240.827622     -0.303   0.403728    17.7753    -1.7940     -0.300     0.2274    -1.1869 -9.990e-29
 240.827627     -0.309   0.403498    17.7796    -1.7939     -0.306     0.2272    -1.1878 -9.990e-29
 240.827633     -0.317   0.402501    17.7823    -1.7939     -0.314     0.2266    -1.1888 -9.990e-29
 240.827639     -0.323   0.401070    17.7832    -1.7939     -0.320     0.2258    -1.1896 -9.990e-29
 240.827645     -0.323   0.400621    17.7845    -1.7937     -0.320     0.2255    -1.1900 -9.990e-29
 240.827650     -0.321   0.402218    17.7869    -1.7937     -0.318     0.2264    -1.1897 -9.990e-29
 240.827656     -0.322   0.403557    17.7897    -1.7936     -0.319     0.2272    -1.1897 -9.990e-29
 240.827662     -0.322   0.402545    17.7927    -1.7935     -0.319     0.2266    -1.1907 -9.990e-29
 240.827668     -0.316   0.401159    17.7956    -1.7936     -0.313     0.2258    -1.1918 -9.990e-29
 240.827674     -0.307   0.401982    17.7982    -1.7934     -0.304     0.2263    -1.1920 -9.990e-29
 240.827679     -0.301   0.404450    17.8006    -1.7934     -0.298     0.2277    -1.1913 -9.990e-29
 240.827685     -0.296   0.405758    17.8025    -1.7932     -0.294     0.2284    -1.1911 -9.990e-29
 240.827691     -0.292   0.404325    17.8043    -1.7931     -0.290     0.2276    -1.1921 -9.990e-29
 240.827697     -0.289   0.401564    17.8064    -1.7930     -0.287     0.2260    -1.1937 -9.990e-29
 240.827703     -0.287   0.399888    17.8084    -1.7930     -0.285     0.2250    -1.1948 -9.990e-29
 240.827708     -0.285   0.399832    17.8102    -1.7928     -0.283     0.2250    -1.1952 -9.990e-29
 240.827714     -0.284   0.400216    17.8117    -1.7928     -0.282     0.2252    -1.1953 -9.990e-29
 240.827720     -0.283   0.400443    17.8132    -1.7929     -0.281     0.2253    -1.1954 -9.990e-29
 240.827726     -0.282   0.400816    17.8154    -1.7930     -0.280     0.2255    -1.1957 -9.990e-29
 240.827731     -0.281   0.401275    17.8187    -1.7929     -0.279     0.2257    -1.1961 -9.990e-29
 240.827737     -0.280   0.401327    17.8223    -1.7930     -0.278     0.2258    -1.1968 -9.990e-29
 240.827743     -0.279   0.400485    17.8252    -1.7930     -0.277     0.2253    -1.1977 -9.990e-29
 240.827749     -0.279   0.399290    17.8271    -1.7928     -0.277     0.2246    -1.1986 -9.990e-29
 240.827755     -0.278   0.399471    17.8290    -1.7928     -0.276     0.2247    -1.1988 -9.990e-29
 240.827760     -0.278   0.401271    17.8314    -1.7926     -0.276     0.2257    -1.1985 -9.990e-29
 240.827766     -0.277   0.402102    17.8330    -1.7926     -0.275     0.2261    -1.1984 -9.990e-29
 240.827772     -0.276   0.399749    17.8325    -1.7926     -0.274     0.2248    -1.1994 -9.990e-29
 240.827778     -0.275   0.395505    17.8311    -1.7928     -0.273     0.2224    -1.2010 -9.990e-29
 240.827784     -0.274   0.393132    17.8300    -1.7930     -0.272     0.2210    -1.2018 -9.990e-29
 240.827789     -0.272   0.395006    17.8292    -1.7929     -0.270     0.2221    -1.2008 -9.990e-29
 240.827795     -0.270   0.399192    17.8298    -1.7928     -0.268     0.2245    -1.1991 -9.990e-29
 240.827801     -0.268   0.401854    17.8319    -1.7927     -0.266     0.2260    -1.1983 -9.990e-29
 240.827807     -0.265   0.402107    17.8344    -1.7925     -0.263     0.2261    -1.1987 -9.990e-29
 240.827812     -0.260   0.401397    17.8371    -1.7923     -0.258     0.2257    -1.1995 -9.990e-29
 240.827818     -0.255   0.400437    17.8386    -1.7923     -0.253     0.2252    -1.2002 -9.990e-29
 240.827824     -0.248   0.399056    17.8377    -1.7922     -0.246     0.2244    -1.2007 -9.990e-29
 240.827830     -0.240   0.397629    17.8351    -1.7919     -0.238     0.2236    -1.2008 -9.990e-29
 240.827836     -0.228   0.397026    17.8331    -1.7916     -0.226     0.2232    -1.2007 -9.990e-29
 240.827841     -0.218   0.396995    17.8336    -1.7914     -0.216     0.2232    -1.2008 -9.990e-29
 240.827847     -0.213   0.396385    17.8361    -1.7914     -0.211     0.2228    -1.2015 -9.990e-29
 240.827853     -0.211   0.394938    17.8397    -1.7911     -0.209     0.2220    -1.2028 -9.990e-29
 240.827859     -0.214   0.393494    17.8437    -1.7911     -0.212     0.2212    -1.2042 -9.990e-29
 240.827865     -0.217   0.392899    17.8473    -1.7910     -0.215     0.2208    -1.2052 -9.990e-29
 240.827870     -0.217   0.393466    17.8503    -1.7908     -0.215     0.2211    -1.2055 -9.990e-29
 240.827876     -0.216   0.394845    17.8543    -1.7909     -0.214     0.2219    -1.2056 -9.990e-29
 240.827882     -0.220   0.396658    17.8604    -1.7908     -0.218     0.2229    -1.2060 -9.990e-29
 240.827888     -0.225   0.397997    17.8674    -1.7905     -0.223     0.2236    -1.2067 -9.990e-29
 240.827894     -0.226   0.397324    17.8731    -1.7904     -0.224     0.2232    -1.2081 -9.990e-29
 240.827899     -0.224   0.394848    17.8774    -1.7903     -0.222     0.2218    -1.2100 -9.990e-29
 240.827905     -0.223   0.392809    17.8811    -1.7902     -0.221     0.2206    -1.2115 -9.990e-29
 240.827911     -0.227   0.392921    17.8844    -1.7901     -0.225     0.2206    -1.2121 -9.990e-29
