data/oxygen options/ONMS/Olympic_Coast_National_Marine_Sanctuary_CTD_Data_2005_2023/raw_data/2017/CAST_CE042_170829faed.cnv
* Sea-Bird SBE 19 Data File:
* FileName = C:\2017 Mooring Data\Casts\CAST_CE042_170829.hex
* Software Version SeatermAF 2.1.2
* Temperature SN = 2997
* Conductivity SN = 2997
* System UpLoad Time = Aug 29 2017 22:30:12 (localtime) = Aug 29 2017 22:30:12 (UTC)
** CAST_CE042_170829
* ds
# nquan = 9                                 
# nvalues = 1213                        
# units = specified
# name 0 = timeJ: Julian Days
# name 1 = prSM: Pressure, Strain Gauge [db]
# name 2 = c0mS/cm: Conductivity [mS/cm]
# name 3 = t090C: Temperature [ITS-90, deg C]
# name 4 = sbeox0ML/L: Oxygen, SBE 43 [ml/l]
# name 5 = depSM: Depth [salt water, m], lat = 47.5
# name 6 = sal00: Salinity, Practical [PSU]
# name 7 = sigma-é00: Density [sigma-theta, kg/m^3]
# name 8 = flag: flag
# span 0 = 241.863507, 241.870521       
# span 1 =     -5.534,     44.765       
# span 2 =   0.330420,  39.437839       
# span 3 =     7.7180,    14.4498       
# span 4 =   -12.5716,    18.9782       
# span 5 =     -5.488,     44.387       
# span 6 =     0.2018,    33.8685       
# span 7 =    -0.6541,    26.4250       
# span 8 = 0.0000e+00, 0.0000e+00       
# interval = seconds: 0.5
# start_time = Aug 29 2017 20:43:27 [Instrument's time stamp, header]
# bad_flag = -9.990e-29
*END*
[from data line 1121]
 241.869994      8.179  36.922508    10.5736     6.4139      8.111    33.2733    25.5061 0.0000e+00
 241.870000      7.973  36.963859    10.6519     6.5613      7.906    33.2434    25.4692 0.0000e+00
 241.870006      7.761  37.001415    10.7228     6.7540      7.696    33.2165    25.4359 0.0000e+00
 241.870012      7.546  37.025984    10.7705     6.9414      7.483    33.1978    25.4130 0.0000e+00
 241.870017      7.332  37.055312    10.8045     7.1788      7.271    33.1963    25.4058 0.0000e+00
 241.870023      7.122  37.109006    10.8428     7.5602      7.062    33.2151    25.4138 0.0000e+00
 241.870029      6.916  37.160181    10.8999     7.9562      6.858    33.2144    25.4031 0.0000e+00
 241.870035      6.710  37.194834    10.9791     8.3699      6.654    33.1772    25.3601 0.0000e+00
 241.870041      6.502  37.230699    11.0784     8.6470      6.448    33.1232    25.3004 0.0000e+00
 241.870046      6.298  37.294974    11.1944     8.8187      6.245    33.0824    25.2479 0.0000e+00
 241.870052      6.100  37.425297    11.3266     8.9134      6.049    33.0922    25.2318 0.0000e+00
 241.870058      5.914  37.610706    11.4806     8.9389      5.865    33.1364    25.2382 0.0000e+00
 241.870064      5.741  37.770297    11.6661     8.9477      5.693    33.1267    25.1966 0.0000e+00
 241.870069      5.574  37.896841    11.8702     8.9981      5.527    33.0682    25.1133 0.0000e+00
 241.870075      5.402  38.039307    12.0511     9.0627      5.357    33.0459    25.0622 0.0000e+00
 241.870081      5.219  38.159788    12.1929     9.1508      5.175    33.0369    25.0285 0.0000e+00
 241.870087      5.026  38.211238    12.3162     9.2047      4.984    32.9777    24.9592 0.0000e+00
 241.870093      4.828  38.221488    12.4436     9.2302      4.788    32.8758    24.8558 0.0000e+00
 241.870098      4.629  38.270424    12.5704     9.2343      4.590    32.8119    24.7819 0.0000e+00
 241.870104      4.433  38.392035    12.6776     9.2085      4.396    32.8345    24.7787 0.0000e+00
 241.870110      4.246  38.546358    12.7607     9.1981      4.211    32.9090    24.8203 0.0000e+00
 241.870116      4.069  38.689427    12.8197     9.1626      4.035    32.9936    24.8743 0.0000e+00
 241.870122      3.894  38.784668    12.8572     9.1555      3.861    33.0513    24.9117 0.0000e+00
 241.870127      3.714  38.828086    12.8775     9.1477      3.683    33.0749    24.9260 0.0000e+00
 241.870133      3.532  38.845182    12.8853     9.1485      3.502    33.0843    24.9318 0.0000e+00
 241.870139      3.347  38.864456    12.8872     9.1549      3.319    33.1010    24.9443 0.0000e+00
 241.870145      3.158  38.890418    12.8857     9.1667      3.132    33.1271    24.9648 0.0000e+00
 241.870150      2.965  38.902317    12.8817     9.1778      2.940    33.1420    24.9771 0.0000e+00
 241.870156      2.772  38.900988    12.8771     9.1841      2.749    33.1448    24.9802 0.0000e+00
 241.870162      2.585  38.907727    12.8739     9.1862      2.563    33.1541    24.9880 0.0000e+00
 241.870168      2.404  38.931053    12.8754     9.6606      2.384    33.1750    25.0039 0.0000e+00
 241.870174      2.227  38.957905    12.8805     9.1650      2.208    33.1961    25.0192 0.0000e+00
 241.870179      2.051  38.968718    12.8880     9.1345      2.034    33.1999    25.0207 0.0000e+00
 241.870185      1.873  38.966803    12.9013     9.0680      1.857    33.1864    25.0077 0.0000e+00
 241.870191      1.695  38.969311    12.9147     8.9339      1.681    33.1771    24.9978 0.0000e+00
 241.870197      1.523  38.971279    12.9220     8.8069      1.510    33.1727    24.9929 0.0000e+00
 241.870203      1.358  38.959186    12.9254     9.5799      1.347    33.1583    24.9811 0.0000e+00
 241.870208      1.199  38.915887    12.9253     9.8034      1.189    33.1174    24.9494 0.0000e+00
 241.870214      1.048  38.773104    12.9211     9.1489      1.039    32.9857    24.8483 0.0000e+00
 241.870220      0.909  38.326551    12.9102     8.0821      0.901    32.5722    24.5303 0.0000e+00
 241.870226      0.781  36.978117    12.8935     6.9225      0.774    31.3134    23.5592 -9.990e-29
 241.870231      0.669  35.944891    12.8806     6.2037      0.663    30.3531    22.8187 -9.990e-29
 241.870237      0.578  36.876564    12.8748     5.9343      0.573    31.2333    23.5008 -9.990e-29
 241.870243      0.508  38.031930    12.8707     5.9397      0.504    32.3274    24.3485 -9.990e-29
 241.870249      0.454  37.970840    12.8664     6.0225      0.450    32.2733    24.3074 -9.990e-29
 241.870255      0.412  36.638824    12.8619     6.1619      0.409    31.0202    23.3384 -9.990e-29
 241.870260      0.380  32.281807    12.8550     6.2669      0.377    26.9634    20.2032 -9.990e-29
 241.870266      0.355  24.315176    12.8474     6.3713      0.352    19.7425    14.6330 -9.990e-29
 241.870272      0.336  15.987902    12.8431     6.4398      0.333    12.4983     9.0528 -9.990e-29
 241.870278      0.322   9.960662    12.8427     6.5031      0.319     7.4917     5.1954 -9.990e-29
 241.870284      0.312   6.278097    12.8439     6.5496      0.309     4.5637     2.9361 -9.990e-29
 241.870289      0.306   4.519572    12.8450     6.5904      0.303     3.2131     1.8920 -9.990e-29
 241.870295      0.302   4.061462    12.8455     6.6108      0.299     2.8676     1.6247 -9.990e-29
 241.870301      0.301   4.181354    12.8452     6.6312      0.298     2.9577     1.6945 -9.990e-29
 241.870307      0.302   4.439527    12.8446     6.6143      0.299     3.1526     1.8453 -9.990e-29
 241.870313      0.302   4.564952    12.8436     6.6341      0.299     3.2476     1.9189 -9.990e-29
 241.870318      0.297   4.404394    12.8426     6.6588      0.295     3.1262     1.8251 -9.990e-29
 241.870324      0.289   4.091471    12.8419     6.6785      0.287     2.8904     1.6428 -9.990e-29
 241.870330      0.283   3.761504    12.8408     6.6901      0.281     2.6433     1.4517 -9.990e-29
 241.870336      0.278   3.490305    12.8395     6.7015      0.276     2.4415     1.2956 -9.990e-29
 241.870341      0.275   3.292677    12.8395     6.7096      0.273     2.2951     1.1823 -9.990e-29
 241.870347      0.272   3.108822    12.8418     6.7005      0.270     2.1593     1.0768 -9.990e-29
 241.870353      0.271   2.962779    12.8463     6.7052      0.269     2.0518     0.9929 -9.990e-29
 241.870359      0.270   2.931200    12.8510     6.7036      0.268     2.0284     0.9742 -9.990e-29
 241.870365      0.269   3.067988    12.8539     6.7117      0.267     2.1286     1.0514 -9.990e-29
 241.870370      0.269   3.215885    12.8561     6.7217      0.267     2.2374     1.1354 -9.990e-29
 241.870376      0.270   3.131991    12.8593    -9.0466      0.268     2.1754     1.0870 -9.990e-29
 241.870382      0.271   2.854306    12.8642   -12.5716      0.269     1.9714     0.9283 -9.990e-29
 241.870388      0.273   2.582529    12.8708   -12.5657      0.271     1.7732     0.7738 -9.990e-29
 241.870394      0.276   2.367139    12.8792    -9.0331      0.274     1.6170     0.6516 -9.990e-29
 241.870399      0.280   2.165619    12.8890    -1.9753      0.278     1.4717     0.5376 -9.990e-29
 241.870405      0.285   1.985537    12.8979    -1.9743      0.283     1.3427     0.4364 -9.990e-29
 241.870411      0.292   1.856366    12.9042    -1.9705      0.290     1.2507     0.3642 -9.990e-29
 241.870417      0.296   1.771720    12.9091    -1.9694      0.294     1.1906     0.3169 -9.990e-29
 241.870422      0.295   1.696942    12.9144    -1.9684      0.293     1.1377     0.2751 -9.990e-29
 241.870428      0.291   1.608311    12.9199    -1.9673      0.289     1.0752     0.2259 -9.990e-29
 241.870434      0.289   1.516867    12.9256    -1.9681      0.287     1.0109     0.1753 -9.990e-29
 241.870440      0.289   1.452630    12.9318    -1.9656      0.287     0.9659     0.1395 -9.990e-29
 241.870446      0.291   1.426993    12.9378    -1.9580      0.289     0.9479     0.1247 -9.990e-29
 241.870451      0.294   1.427402    12.9433    -1.9562      0.292     0.9480     0.1242 -9.990e-29
 241.870457      0.296   1.455512    12.9492    -1.9608      0.294     0.9675     0.1385 -9.990e-29
 241.870463      0.291   1.529399    12.9553    -1.9649      0.289     1.0189     0.1777 -9.990e-29
 241.870469      0.285   1.672172    12.9601 -9.990e-29      0.283     1.1189     0.2547 -9.990e-29
 241.870475      0.279   1.861802    12.9631 -9.990e-29      0.277     1.2526     0.3581 -9.990e-29
 241.870480      0.275   2.026260    12.9638 -9.990e-29      0.273     1.3694     0.4486 -9.990e-29
 241.870486      0.272   2.149703    12.9616 -9.990e-29      0.270     1.4575     0.5172 -9.990e-29
 241.870492      0.270   2.256206    12.9576 -9.990e-29      0.268     1.5340     0.5770 -9.990e-29
 241.870498      0.268   2.404530    12.9532 -9.990e-29      0.266     1.6408     0.6604 -9.990e-29
 241.870503      0.267   2.700426    12.9489 -9.990e-29      0.265     1.8551     0.8271 -9.990e-29
 241.870509      0.266   3.065691    12.9452 -9.990e-29      0.264     2.1219     1.0343 -9.990e-29
 241.870515      0.265   3.228793    12.9436 -9.990e-29      0.263     2.2418     1.1274 -9.990e-29
 241.870521      0.265   3.130298 -9.990e-29 -9.990e-29      0.263 -9.990e-29 -9.990e-29 -9.990e-29
