data/oxygen options/ONMS/Olympic_Coast_National_Marine_Sanctuary_CTD_Data_2005_2023/raw_data/2017/CAST_TH015_170830faed.cnv
* Sea-Bird SBE 19 Data File:
* FileName = C:\2017 Mooring Data\Casts\CAST_TH015_170830.hex
* Software Version SeatermAF 2.1.2
* Temperature SN = 2997
* Conductivity SN = 2997
* System UpLoad Time = Aug 30 2017 18:34:03 (localtime) = Aug 30 2017 18:34:03 (UTC)
** CAST_TH015_170830
* ds
# nquan = 9                                 
# nvalues = 939                         
# units = specified
# name 0 = timeJ: Julian Days
# name 1 = prSM: Pressure, Strain Gauge [db]
# name 2 = c0mS/cm: Conductivity [mS/cm]
# name 3 = t090C: Temperature [ITS-90, deg C]
# name 4 = sbeox0ML/L: Oxygen, SBE 43 [ml/l]
# name 5 = depSM: Depth [salt water, m], lat = 47.5
# name 6 = sal00: Salinity, Practical [PSU]
# name 7 = sigma-é00: Density [sigma-theta, kg/m^3]
# name 8 = flag: flag
# span 0 = 242.763981, 242.769410       
# span 1 =     -5.104,     15.404       
# span 2 =   0.465556,  37.658972       
# span 3 =     9.7826,    14.4584       
# span 4 =    -1.9360,    17.8281       
# span 5 =     -5.061,     15.275       
# span 6 =     0.2877,    33.7919       
# span 7 =    -0.5341,    25.8676       
# span 8 = 0.0000e+00, 0.0000e+00       
# interval = seconds: 0.5
# start_time = Aug 30 2017 18:20:08 [Instrument's time stamp, header]
# bad_flag = -9.990e-29
*END*
 242.763981     -5.104 -9.990e-29    14.0117    -1.9359     -5.061 -9.990e-29 -9.990e-29 -9.990e-29
 242.763987     -5.097   0.471062    14.0137    -1.9358     -5.055     0.2913    -0.5295 -9.990e-29
 242.763993     -5.089   0.468408    14.0158    -1.9356     -5.047     0.2896    -0.5311 -9.990e-29
 242.763999     -5.077   0.465986    14.0175    -1.9355     -5.035     0.2880    -0.5325 -9.990e-29
 242.764005     -5.063   0.465556    14.0191    -1.9356     -5.021     0.2877    -0.5330 -9.990e-29
 242.764010     -5.044   0.467098    14.0210    -1.9358     -5.002     0.2887    -0.5325 -9.990e-29
 242.764016     -5.021   0.469344    14.0235    -1.9360     -4.979     0.2901    -0.5318 -9.990e-29
 242.764022     -4.990   0.470859    14.0258    -1.9360     -4.948     0.2910    -0.5313 -9.990e-29
 242.764028     -4.955   0.470891    14.0270    -1.9359     -4.914     0.2911    -0.5315 -9.990e-29
 242.764034     -4.921   0.470040    14.0281    -1.9359     -4.880     0.2905    -0.5321 -9.990e-29
 242.764039     -4.892   0.469391    14.0303    -1.9359     -4.851     0.2901    -0.5327 -9.990e-29
 242.764045     -4.864   0.469743    14.0328    -1.9359     -4.823     0.2903    -0.5329 -9.990e-29
 242.764051     -4.837   0.471012    14.0339    -1.9360     -4.797     0.2911    -0.5324 -9.990e-29
 242.764057     -4.809   0.472121    14.0328    -1.9360     -4.769     0.2918    -0.5317 -9.990e-29
 242.764062     -4.777   0.472335    14.0303    -1.9358     -4.737     0.2920    -0.5313 -9.990e-29
 242.764068     -4.740   0.471941    14.0282    -1.9357     -4.700     0.2917    -0.5312 -9.990e-29
 242.764074     -4.700   0.471526    14.0273    -1.9355     -4.661     0.2915    -0.5312 -9.990e-29
 242.764080     -4.663   0.471646    14.0271    -1.9354     -4.624     0.2915    -0.5311 -9.990e-29
 242.764086     -4.630   0.473017    14.0269    -1.9351     -4.591     0.2924    -0.5304 -9.990e-29
 242.764091     -4.600   0.475251    14.0270    -1.9349     -4.562     0.2938    -0.5293 -9.990e-29
 242.764097     -4.570   0.476896    14.0274    -1.9347     -4.532     0.2949    -0.5286 -9.990e-29
 242.764103     -4.540   0.476823    14.0280    -1.9344     -4.502     0.2948    -0.5287 -9.990e-29
 242.764109     -4.506   0.474935    14.0292    -1.9342     -4.468     0.2936    -0.5298 -9.990e-29
 242.764115     -4.471   0.473151    14.0315    -1.9341     -4.434     0.2925    -0.5310 -9.990e-29
 242.764120     -4.438   0.473528    14.0349    -1.9340     -4.401     0.2927    -0.5313 -9.990e-29
 242.764126     -4.403   0.475463    14.0390    -1.9340     -4.366     0.2939    -0.5310 -9.990e-29
 242.764132     -4.369   0.477104    14.0435    -1.9339     -4.333     0.2949    -0.5308 -9.990e-29
 242.764138     -4.343   0.477870    14.0483    -1.9338     -4.307     0.2953    -0.5312 -9.990e-29
 242.764144     -4.326   0.478229    14.0532    -1.9338     -4.290     0.2955    -0.5317 -9.990e-29
 242.764149     -4.315   0.478662    14.0582    -1.9337     -4.279     0.2958    -0.5322 -9.990e-29
 242.764155     -4.303   0.479195    14.0631    -1.9335     -4.267     0.2961    -0.5327 -9.990e-29
 242.764161     -4.290   0.479434    14.0673    -1.9334     -4.254     0.2962    -0.5332 -9.990e-29
 242.764167     -4.275   0.479697    14.0702    -1.9334     -4.239     0.2963    -0.5334 -9.990e-29
 242.764172     -4.257   0.480894    14.0724    -1.9335     -4.222     0.2971    -0.5332 -9.990e-29
 242.764178     -4.235   0.482959    14.0746    -1.9335     -4.200     0.2984    -0.5325 -9.990e-29
 242.764184     -4.212   0.484768    14.0766    -1.9336     -4.177     0.2995    -0.5319 -9.990e-29
 242.764190     -4.191   0.485409    14.0785    -1.9335     -4.156     0.2999    -0.5318 -9.990e-29
 242.764196     -4.166   0.485184    14.0805    -1.9334     -4.131     0.2998    -0.5322 -9.990e-29
 242.764201     -4.136   0.484906    14.0830    -1.9334     -4.102     0.2996    -0.5327 -9.990e-29
 242.764207     -4.106   0.484760    14.0856    -1.9334     -4.072     0.2995    -0.5332 -9.990e-29
 242.764213     -4.081   0.484553    14.0873    -1.9333     -4.047     0.2993    -0.5335 -9.990e-29
 242.764219     -4.057   0.484564    14.0876    -1.9330     -4.023     0.2993    -0.5336 -9.990e-29
 242.764225     -4.033   0.485366    14.0869    -1.9329     -3.999     0.2998    -0.5331 -9.990e-29
 242.764230     -4.013   0.486921    14.0860    -1.9327     -3.980     0.3008    -0.5322 -9.990e-29
 242.764236     -3.999   0.488533    14.0860    -1.9326     -3.966     0.3019    -0.5314 -9.990e-29
 242.764242     -3.986   0.489030    14.0870    -1.9324     -3.953     0.3022    -0.5313 -9.990e-29
 242.764248     -3.969   0.487965    14.0885    -1.9323     -3.936     0.3015    -0.5320 -9.990e-29
 242.764253     -3.947   0.486693    14.0899    -1.9321     -3.914     0.3007    -0.5329 -9.990e-29
 242.764259     -3.923   0.486845    14.0911    -1.9321     -3.890     0.3007    -0.5330 -9.990e-29
 242.764265     -3.903   0.488625    14.0930    -1.9320     -3.870     0.3019    -0.5324 -9.990e-29
 242.764271     -3.892   0.491086    14.0965    -1.9320     -3.860     0.3034    -0.5317 -9.990e-29
 242.764277     -3.878   0.493076    14.1007    -1.9317     -3.846     0.3046    -0.5313 -9.990e-29
 242.764282     -3.854   0.493925    14.1046    -1.9316     -3.822     0.3051    -0.5314 -9.990e-29
 242.764288     -3.826   0.494213    14.1083    -1.9316     -3.794     0.3053    -0.5318 -9.990e-29
 242.764294     -3.801   0.494881    14.1119    -1.9315     -3.769     0.3057    -0.5320 -9.990e-29
 242.764300     -3.777   0.495712    14.1153    -1.9313     -3.746     0.3062    -0.5321 -9.990e-29
 242.764306     -3.752   0.496154    14.1183    -1.9313     -3.721     0.3065    -0.5324 -9.990e-29
 242.764311     -3.726   0.496245    14.1209    -1.9311     -3.695     0.3065    -0.5327 -9.990e-29
 242.764317     -3.696   0.496106    14.1234    -1.9311     -3.665     0.3064    -0.5331 -9.990e-29
 242.764323     -3.665   0.496109    14.1259    -1.9310     -3.634     0.3064    -0.5335 -9.990e-29
 242.764329     -3.640   0.496815    14.1289    -1.9312     -3.610     0.3068    -0.5336 -9.990e-29
 242.764334     -3.618   0.498060    14.1319    -1.9313     -3.588     0.3076    -0.5334 -9.990e-29
 242.764340     -3.595   0.499288    14.1345    -1.9314     -3.565     0.3083    -0.5332 -9.990e-29
 242.764346     -3.573   0.499922    14.1369    -1.9315     -3.543     0.3087    -0.5332 -9.990e-29
 242.764352     -3.554   0.499699    14.1391    -1.9316     -3.524     0.3086    -0.5337 -9.990e-29
 242.764358     -3.539   0.499434    14.1411    -1.9318     -3.509     0.3084    -0.5341 -9.990e-29
 242.764363     -3.525   0.499883    14.1430    -1.9321     -3.496     0.3086    -0.5341 -9.990e-29
 242.764369     -3.511   0.501094    14.1441    -1.9322     -3.482     0.3094    -0.5337 -9.990e-29
 242.764375     -3.498   0.503020    14.1438    -1.9323     -3.469     0.3106    -0.5327 -9.990e-29
 242.764381     -3.484   0.504907    14.1422    -1.9322     -3.455     0.3119    -0.5315 -9.990e-29
 242.764387     -3.468   0.505392    14.1401    -1.9323     -3.439     0.3122    -0.5310 -9.990e-29
 242.764392     -3.449   0.504018    14.1378    -1.9324     -3.420     0.3113    -0.5313 -9.990e-29
 242.764398     -3.426   0.502280    14.1350    -1.9325     -3.397     0.3102    -0.5318 -9.990e-29
 242.764404     -3.402   0.502294    14.1316    -1.9324     -3.374     0.3103    -0.5313 -9.990e-29
 242.764410     -3.380   0.504082    14.1277    -1.9323     -3.352     0.3114    -0.5298 -9.990e-29
 242.764416     -3.358   0.505597    14.1236    -1.9321     -3.330     0.3124    -0.5285 -9.990e-29
 242.764421     -3.339   0.505535    14.1203    -1.9321     -3.311     0.3124    -0.5280 -9.990e-29
 242.764427     -3.322   0.504926    14.1183    -1.9321     -3.294     0.3121    -0.5280 -9.990e-29
 242.764433     -3.301   0.505177    14.1170    -1.9324     -3.273     0.3122    -0.5277 -9.990e-29
 242.764439     -3.280   0.506069    14.1155    -1.9327     -3.253     0.3128    -0.5270 -9.990e-29
 242.764444     -3.262   0.507130    14.1140    -1.9326     -3.235     0.3135    -0.5263 -9.990e-29
 242.764450     -3.244   0.508116    14.1136    -1.9326     -3.217     0.3141    -0.5257 -9.990e-29
 242.764456     -3.227   0.508126    14.1150    -1.9325     -3.200     0.3141    -0.5259 -9.990e-29
 242.764462     -3.208   0.507176    14.1175    -1.9323     -3.181     0.3135    -0.5268 -9.990e-29
 242.764468     -3.192   0.506772    14.1192    -1.9322     -3.165     0.3132    -0.5272 -9.990e-29
 242.764473     -3.181   0.508038    14.1194    -1.9321     -3.154     0.3140    -0.5266 -9.990e-29
 242.764479     -3.171   0.510449    14.1179    -1.9321     -3.145     0.3156    -0.5252 -9.990e-29
 242.764485     -3.156   0.512234    14.1149    -1.9320     -3.130     0.3167    -0.5239 -9.990e-29
 242.764491     -3.140   0.511896    14.1121    -1.9318     -3.114     0.3165    -0.5236 -9.990e-29
 242.764497     -3.130   0.509539    14.1108    -1.9318     -3.104     0.3150    -0.5246 -9.990e-29
 242.764502     -3.126   0.507011    14.1110    -1.9317     -3.100     0.3134    -0.5259 -9.990e-29
 242.764508     -3.118   0.506487    14.1127    -1.9316     -3.092     0.3131    -0.5264 -9.990e-29
 242.764514     -3.108   0.508377    14.1156    -1.9316     -3.082     0.3143    -0.5259 -9.990e-29
 242.764520     -3.097   0.510770    14.1187    -1.9317     -3.071     0.3158    -0.5252 -9.990e-29
 242.764525     -3.085   0.511319    14.1211    -1.9316     -3.059     0.3161    -0.5253 -9.990e-29
 242.764531     -3.073   0.509647    14.1228    -1.9318     -3.047     0.3150    -0.5263 -9.990e-29
 242.764537     -3.057   0.507961    14.1246    -1.9317     -3.032     0.3139    -0.5274 -9.990e-29
 242.764543     -3.043   0.508450    14.1267    -1.9318     -3.018     0.3142    -0.5275 -9.990e-29
 242.764549     -3.030   0.510661    14.1291    -1.9319     -3.005     0.3156    -0.5268 -9.990e-29
 242.764554     -3.011   0.512556    14.1315    -1.9319     -2.986     0.3168    -0.5262 -9.990e-29
 242.764560     -2.990   0.512783    14.1334    -1.9321     -2.965     0.3169    -0.5263 -9.990e-29
 242.764566     -2.971   0.511647    14.1340    -1.9323     -2.946     0.3162    -0.5270 -9.990e-29
 242.764572     -2.951   0.510406    14.1335    -1.9324     -2.926     0.3154    -0.5275 -9.990e-29
 242.764578     -2.930   0.509625    14.1326    -1.9325     -2.906     0.3149    -0.5278 -9.990e-29
 242.764583     -2.906   0.509371    14.1314    -1.9326     -2.882     0.3148    -0.5277 -9.990e-29
 242.764589     -2.882   0.509864    14.1303    -1.9325     -2.858     0.3151    -0.5273 -9.990e-29
 242.764595     -2.861   0.510655    14.1290    -1.9324     -2.837     0.3156    -0.5267 -9.990e-29
 242.764601     -2.838   0.511139    14.1277    -1.9327     -2.814     0.3159    -0.5263 -9.990e-29
 242.764606     -2.809   0.511408    14.1259    -1.9329     -2.786     0.3161    -0.5259 -9.990e-29
 242.764612     -2.784   0.511823    14.1227    -1.9329     -2.761     0.3164    -0.5252 -9.990e-29
 242.764618     -2.763   0.512386    14.1190    -1.9330     -2.740     0.3168    -0.5244 -9.990e-29
 242.764624     -2.747   0.512741    14.1160    -1.9330     -2.724     0.3170    -0.5238 -9.990e-29
 242.764630     -2.733   0.512808    14.1141    -1.9329     -2.710     0.3171    -0.5235 -9.990e-29
 242.764635     -2.720   0.512679    14.1131    -1.9328     -2.697     0.3170    -0.5234 -9.990e-29
 242.764641     -2.709   0.512739    14.1125    -1.9327     -2.686     0.3171    -0.5233 -9.990e-29
 242.764647     -2.699   0.513625    14.1111    -1.9327     -2.676     0.3177    -0.5226 -9.990e-29
 242.764653     -2.688   0.515410    14.1082    -1.9325     -2.666     0.3188    -0.5213 -9.990e-29
 242.764659     -2.676   0.517154    14.1053    -1.9324     -2.654     0.3199    -0.5200 -9.990e-29
 242.764664     -2.662   0.517304    14.1035    -1.9322     -2.640     0.3201    -0.5197 -9.990e-29
 242.764670     -2.646   0.515506    14.1026    -1.9319     -2.624     0.3189    -0.5205 -9.990e-29
 242.764676     -2.626   0.513246    14.1029    -1.9318     -2.604     0.3175    -0.5216 -9.990e-29
 242.764682     -2.602   0.512499    14.1047    -1.9317     -2.580     0.3170    -0.5223 -9.990e-29
 242.764688     -2.575   0.513936    14.1069    -1.9314     -2.554     0.3179    -0.5219 -9.990e-29
 242.764693     -2.553   0.516148    14.1091    -1.9313     -2.532     0.3193    -0.5211 -9.990e-29
 242.764699     -2.538   0.517100    14.1115    -1.9315     -2.517     0.3199    -0.5210 -9.990e-29
 242.764705     -2.530   0.516215    14.1145    -1.9317     -2.509     0.3193    -0.5219 -9.990e-29
 242.764711     -2.524   0.514530    14.1183    -1.9318     -2.503     0.3182    -0.5232 -9.990e-29
 242.764716     -2.515   0.513495    14.1224    -1.9319     -2.494     0.3175    -0.5244 -9.990e-29
 242.764722     -2.506   0.513946    14.1265    -1.9316     -2.485     0.3177    -0.5247 -9.990e-29
 242.764728     -2.498   0.515188    14.1307    -1.9314     -2.477     0.3185    -0.5248 -9.990e-29
 242.764734     -2.486   0.516106    14.1349    -1.9314     -2.465     0.3190    -0.5249 -9.990e-29
 242.764740     -2.473   0.516813    14.1383    -1.9310     -2.452     0.3195    -0.5251 -9.990e-29
 242.764745     -2.462   0.517698    14.1392    -1.9308     -2.441     0.3200    -0.5248 -9.990e-29
 242.764751     -2.453   0.518277    14.1373    -1.9305     -2.433     0.3204    -0.5242 -9.990e-29
 242.764757     -2.446   0.518214    14.1346    -1.9303     -2.426     0.3204    -0.5238 -9.990e-29
 242.764763     -2.438   0.517976    14.1331    -1.9301     -2.418     0.3203    -0.5237 -9.990e-29
 242.764769     -2.431   0.517799    14.1340    -1.9300     -2.411     0.3201    -0.5239 -9.990e-29
 242.764774     -2.424   0.517448    14.1371    -1.9297     -2.404     0.3199    -0.5246 -9.990e-29
 242.764780     -2.417   0.517007    14.1408    -1.9296     -2.397     0.3196    -0.5253 -9.990e-29
 242.764786     -2.408   0.516996    14.1441    -1.9296     -2.388     0.3195    -0.5258 -9.990e-29
 242.764792     -2.398   0.517953    14.1472    -1.9294     -2.378     0.3201    -0.5258 -9.990e-29
 242.764797     -2.389   0.523369    14.1503    -1.9292     -2.369     0.3236    -0.5236 -9.990e-29
 242.764803     -2.387   0.536031    14.1535    -1.9291     -2.367     0.3316    -0.5178 -9.990e-29
 242.764809     -2.385   0.551207    14.1560    -1.9288     -2.365     0.3413    -0.5106 -9.990e-29
 242.764815     -2.381   0.564192    14.1569    -1.9287     -2.361     0.3496    -0.5043 -9.990e-29
 242.764821     -2.373   0.577332    14.1563    -1.9283     -2.353     0.3580    -0.4977 -9.990e-29
 242.764826     -2.361   0.595955    14.1552    -1.9279     -2.341     0.3700    -0.4883 -9.990e-29
 242.764832     -2.345   0.622167    14.1541    -1.9278     -2.325     0.3868    -0.4750 -9.990e-29
 242.764838     -2.323   0.652120    14.1529    -1.9275     -2.304     0.4062    -0.4599 -9.990e-29
 242.764844     -2.298   0.679745    14.1517    -1.9269     -2.279     0.4240    -0.4458 -9.990e-29
 242.764850     -2.278   0.704740    14.1508    -1.9266     -2.259     0.4402    -0.4331 -9.990e-29
 242.764855     -2.264   0.730503    14.1505    -1.9267     -2.245     0.4569    -0.4201 -9.990e-29
 242.764861     -2.257   0.756462    14.1508    -1.9267     -2.238     0.4738    -0.4071 -9.990e-29
 242.764867     -2.251   0.780647    14.1518    -1.9267     -2.232     0.4895    -0.3950 -9.990e-29
 242.764873     -2.243   0.803708    14.1538    -1.9264     -2.224     0.5046    -0.3837 -9.990e-29
 242.764878     -2.235   0.828676    14.1566    -1.9263     -2.216     0.5208    -0.3714 -9.990e-29
 242.764884     -2.227   0.856139    14.1600    -1.9264     -2.208     0.5388    -0.3580 -9.990e-29
 242.764890     -2.215   0.881138    14.1637    -1.9265     -2.197     0.5551    -0.3459 -9.990e-29
 242.764896     -2.201   0.902082    14.1672    -1.9267     -2.183     0.5688    -0.3358 -9.990e-29
 242.764902     -2.190   0.924723    14.1697    -1.9266     -2.172     0.5836    -0.3246 -9.990e-29
