data/oxygen options/ONMS/Olympic_Coast_National_Marine_Sanctuary_CTD_Data_2005_2023/raw_data/2017/CAST_KL027_170726faed.cnv
* Sea-Bird SBE 19 Data File:
* FileName = C:\2017 Mooring Data\Casts\CAST_KL027_170726.hex
* Software Version SeatermAF 2.1.2
* Temperature SN = 2997
* Conductivity SN = 2997
* System UpLoad Time = Jul 26 2017 17:49:14 (localtime) = Jul 26 2017 17:49:14 (UTC)
** CAST_KL027_170726
* ds
# nquan = 9                                 
# nvalues = 1236                        
# units = specified
# name 0 = timeJ: Julian Days
# name 1 = prSM: Pressure, Strain Gauge [db]
# name 2 = c0mS/cm: Conductivity [mS/cm]
# name 3 = t090C: Temperature [ITS-90, deg C]
# name 4 = sbeox0ML/L: Oxygen, SBE 43 [ml/l]
# name 5 = depSM: Depth [salt water, m], lat = 47.5
# name 6 = sal00: Salinity, Practical [PSU]
# name 7 = sigma-é00: Density [sigma-theta, kg/m^3]
# name 8 = flag: flag
# span 0 = 207.694005, 207.701152       
# span 1 =     -4.999,     23.976       
# span 2 =   0.074392,  37.168664       
# span 3 =     7.8786,    12.4996       
# span 4 =   -13.2943,    15.0118       
# span 5 =     -4.957,     23.775       
# span 6 =     0.0479,    33.7644       
# span 7 =    -0.5211,    26.3216       
# span 8 = 0.0000e+00, 0.0000e+00       
# interval = seconds: 0.5
# start_time = Jul 26 2017 16:39:22 [Instrument's time stamp, header]
# bad_flag = -9.990e-29
*END*
 207.694005     -4.999 -9.990e-29    12.4677    -2.0072     -4.957 -9.990e-29 -9.990e-29 -9.990e-29
 207.694010     -4.966   0.074422    12.4651    -2.0070     -4.925     0.0479    -0.5177 -9.990e-29
 207.694016     -4.936   0.074422    12.4653    -2.0073     -4.895     0.0479    -0.5178 -9.990e-29
 207.694022     -4.911   0.074422    12.4676    -2.0077     -4.870     0.0479    -0.5180 -9.990e-29
 207.694028     -4.888   0.074422    12.4702    -2.0078     -4.847     0.0479    -0.5183 -9.990e-29
 207.694034     -4.868   0.074422    12.4704    -2.0082     -4.827     0.0479    -0.5184 -9.990e-29
 207.694039     -4.848   0.074422    12.4663    -2.0085     -4.808     0.0479    -0.5179 -9.990e-29
 207.694045     -4.828   0.074421    12.4599    -2.0086     -4.788     0.0479    -0.5171 -9.990e-29
 207.694051     -4.806   0.074420    12.4549    -2.0086     -4.766     0.0479    -0.5165 -9.990e-29
 207.694057     -4.780   0.074419    12.4525    -2.0081     -4.740     0.0479    -0.5162 -9.990e-29
 207.694063     -4.754   0.074419    12.4508    -2.0075     -4.714     0.0479    -0.5160 -9.990e-29
 207.694068     -4.730   0.074418    12.4471    -2.0070     -4.691     0.0479    -0.5156 -9.990e-29
 207.694074     -4.706   0.074417    12.4417    -2.0066     -4.667     0.0479    -0.5149 -9.990e-29
 207.694080     -4.685   0.074416    12.4361    -2.0066     -4.646     0.0479    -0.5142 -9.990e-29
 207.694086     -4.666   0.074416    12.4304    -2.0070     -4.627     0.0479    -0.5135 -9.990e-29
 207.694091     -4.643   0.074415    12.4257    -2.0074     -4.604     0.0479    -0.5130 -9.990e-29
 207.694097     -4.619   0.074414    12.4240    -2.0077     -4.581     0.0479    -0.5128 -9.990e-29
 207.694103     -4.597   0.074413    12.4267    -2.0079     -4.559     0.0479    -0.5131 -9.990e-29
 207.694109     -4.576   0.074413    12.4340    -2.0080     -4.538     0.0479    -0.5140 -9.990e-29
 207.694115     -4.554   0.074412    12.4438    -2.0080     -4.516     0.0479    -0.5152 -9.990e-29
 207.694120     -4.529   0.074411    12.4532    -2.0077     -4.491     0.0479    -0.5163 -9.990e-29
 207.694126     -4.501   0.074410    12.4594    -2.0073     -4.463     0.0479    -0.5170 -9.990e-29
 207.694132     -4.467   0.074410    12.4603    -2.0069     -4.430     0.0479    -0.5171 -9.990e-29
 207.694138     -4.430   0.074409    12.4561    -2.0064     -4.393     0.0479    -0.5166 -9.990e-29
 207.694144     -4.395   0.074408    12.4497    -2.0066     -4.358     0.0479    -0.5159 -9.990e-29
 207.694149     -4.366   0.074407    12.4438    -2.0068     -4.330     0.0479    -0.5152 -9.990e-29
 207.694155     -4.339   0.074406    12.4397    -2.0073     -4.303     0.0479    -0.5147 -9.990e-29
 207.694161     -4.313   0.074406    12.4380    -2.0078     -4.277     0.0479    -0.5145 -9.990e-29
 207.694167     -4.287   0.074405    12.4394    -2.0083     -4.251     0.0479    -0.5146 -9.990e-29
 207.694172     -4.259   0.074404    12.4441    -2.0087     -4.223     0.0479    -0.5152 -9.990e-29
 207.694178     -4.231   0.074403    12.4511    -2.0089     -4.196     0.0479    -0.5160 -9.990e-29
 207.694184     -4.206   0.074403    12.4585    -2.0091     -4.171     0.0479    -0.5169 -9.990e-29
 207.694190     -4.183   0.074402    12.4635    -2.0093     -4.148     0.0479    -0.5175 -9.990e-29
 207.694196     -4.159   0.074401    12.4636    -2.0094     -4.124     0.0479    -0.5175 -9.990e-29
 207.694201     -4.134   0.074400    12.4589    -2.0093     -4.100     0.0479    -0.5170 -9.990e-29
 207.694207     -4.109   0.074400    12.4508    -2.0090     -4.075     0.0479    -0.5160 -9.990e-29
 207.694213     -4.089   0.074399    12.4409    -2.0086     -4.055     0.0479    -0.5148 -9.990e-29
 207.694219     -4.071   0.074398    12.4311    -2.0080     -4.037     0.0479    -0.5136 -9.990e-29
 207.694225     -4.054   0.074397    12.4230    -2.0076     -4.020     0.0479    -0.5127 -9.990e-29
 207.694230     -4.038   0.074397    12.4172    -2.0073     -4.004     0.0479    -0.5120 -9.990e-29
 207.694236     -4.021   0.074396    12.4130    -2.0073     -3.987     0.0479    -0.5115 -9.990e-29
 207.694242     -4.002   0.074395    12.4099    -2.0078     -3.969     0.0479    -0.5111 -9.990e-29
 207.694248     -3.980   0.074394    12.4091    -2.0082     -3.947     0.0479    -0.5110 -9.990e-29
 207.694253     -3.953   0.074394    12.4117    -2.0087     -3.920     0.0479    -0.5113 -9.990e-29
 207.694259     -3.920   0.074393    12.4179    -2.0092     -3.887     0.0479    -0.5120 -9.990e-29
 207.694265     -3.884   0.074392    12.4266    -2.0095     -3.852     0.0479    -0.5131 -9.990e-29
 207.694271     -3.849   0.074392    12.4359    -2.0096     -3.817     0.0479    -0.5142 -9.990e-29
 207.694277     -3.819   0.074393    12.4438    -2.0095     -3.787     0.0479    -0.5152 -9.990e-29
 207.694282     -3.792   0.074397    12.4483    -2.0090     -3.760     0.0479    -0.5157 -9.990e-29
 207.694288     -3.765   0.074409    12.4477    -2.0085     -3.734     0.0479    -0.5156 -9.990e-29
 207.694294     -3.737   0.074447    12.4420    -2.0080     -3.706     0.0479    -0.5149 -9.990e-29
 207.694300     -3.710   0.074565    12.4332    -2.0074     -3.679     0.0480    -0.5138 -9.990e-29
 207.694306     -3.688   0.074920    12.4238    -2.0072     -3.657     0.0482    -0.5125 -9.990e-29
 207.694311     -3.664   0.075433    12.4156    -2.0072     -3.633     0.0485    -0.5113 -9.990e-29
 207.694317     -3.637   0.075680    12.4100    -2.0074     -3.607     0.0487    -0.5105 -9.990e-29
 207.694323     -3.613   0.075437    12.4084    -2.0078     -3.583     0.0486    -0.5104 -9.990e-29
 207.694329     -3.596   0.074934    12.4116    -2.0082     -3.566     0.0482    -0.5110 -9.990e-29
 207.694334     -3.584   0.074609    12.4187    -2.0085     -3.554     0.0480    -0.5120 -9.990e-29
 207.694340     -3.577   0.074585    12.4284    -2.0088     -3.547     0.0480    -0.5132 -9.990e-29
 207.694346     -3.570   0.074832    12.4388    -2.0090     -3.540     0.0482    -0.5143 -9.990e-29
 207.694352     -3.558   0.075126    12.4473    -2.0092     -3.528     0.0483    -0.5152 -9.990e-29
 207.694358     -3.545   0.075306    12.4519    -2.0095     -3.515     0.0484    -0.5157 -9.990e-29
 207.694363     -3.533   0.075611    12.4523    -2.0095     -3.504     0.0486    -0.5156 -9.990e-29
 207.694369     -3.523   0.075897    12.4488    -2.0092     -3.494     0.0488    -0.5150 -9.990e-29
 207.694375     -3.514   0.075992    12.4426    -2.0089     -3.485     0.0489    -0.5143 -9.990e-29
 207.694381     -3.505   0.076023    12.4353    -2.0084     -3.476     0.0489    -0.5134 -9.990e-29
 207.694387     -3.495   0.076033    12.4283    -2.0080     -3.466     0.0489    -0.5125 -9.990e-29
 207.694392     -3.485   0.076036    12.4221    -2.0082     -3.456     0.0489    -0.5118 -9.990e-29
 207.694398     -3.472   0.076036    12.4169    -2.0084     -3.443     0.0489    -0.5111 -9.990e-29
 207.694404     -3.458   0.076035    12.4125    -2.0088     -3.429     0.0489    -0.5106 -9.990e-29
 207.694410     -3.439   0.076031    12.4098    -2.0091     -3.410     0.0489    -0.5103 -9.990e-29
 207.694416     -3.416   0.076021    12.4106    -2.0093     -3.388     0.0489    -0.5104 -9.990e-29
 207.694421     -3.387   0.075993    12.4152    -2.0091     -3.359     0.0489    -0.5110 -9.990e-29
 207.694427     -3.355   0.075910    12.4221    -2.0089     -3.327     0.0488    -0.5118 -9.990e-29
 207.694433     -3.325   0.075663    12.4295    -2.0084     -3.297     0.0487    -0.5128 -9.990e-29
 207.694439     -3.301   0.075478    12.4343    -2.0080     -3.273     0.0486    -0.5135 -9.990e-29
 207.694444     -3.280   0.075662    12.4343    -2.0077     -3.253     0.0487    -0.5134 -9.990e-29
 207.694450     -3.261   0.075907    12.4304    -2.0072     -3.234     0.0488    -0.5128 -9.990e-29
 207.694456     -3.244   0.075988    12.4248    -2.0069     -3.217     0.0489    -0.5121 -9.990e-29
 207.694462     -3.227   0.076015    12.4199    -2.0066     -3.200     0.0489    -0.5115 -9.990e-29
 207.694468     -3.210   0.076024    12.4180    -2.0067     -3.183     0.0489    -0.5113 -9.990e-29
 207.694473     -3.190   0.076026    12.4202    -2.0073     -3.163     0.0489    -0.5115 -9.990e-29
 207.694479     -3.166   0.076026    12.4256    -2.0078     -3.140     0.0489    -0.5122 -9.990e-29
 207.694485     -3.147   0.076026    12.4326    -2.0082     -3.121     0.0489    -0.5130 -9.990e-29
 207.694491     -3.138   0.076025    12.4406    -2.0084     -3.112     0.0489    -0.5140 -9.990e-29
 207.694497     -3.132   0.076024    12.4488    -2.0083     -3.106     0.0489    -0.5150 -9.990e-29
 207.694502     -3.119   0.076023    12.4568    -2.0081     -3.093     0.0489    -0.5159 -9.990e-29
 207.694508     -3.097   0.076023    12.4638    -2.0077     -3.071     0.0489    -0.5168 -9.990e-29
 207.694514     -3.071   0.076022    12.4673    -2.0073     -3.045     0.0489    -0.5172 -9.990e-29
 207.694520     -3.047   0.076021    12.4650    -2.0067     -3.022     0.0489    -0.5169 -9.990e-29
 207.694525     -3.027   0.076020    12.4576    -2.0063     -3.002     0.0489    -0.5160 -9.990e-29
 207.694531     -3.011   0.076019    12.4486    -2.0062     -2.986     0.0489    -0.5150 -9.990e-29
 207.694537     -2.998   0.076019    12.4414    -2.0060     -2.973     0.0489    -0.5141 -9.990e-29
 207.694543     -2.986   0.076018    12.4381    -2.0059     -2.961     0.0489    -0.5137 -9.990e-29
 207.694549     -2.975   0.076017    12.4392    -2.0062     -2.950     0.0489    -0.5138 -9.990e-29
 207.694554     -2.963   0.076016    12.4438    -2.0062     -2.938     0.0489    -0.5144 -9.990e-29
 207.694560     -2.952   0.076016    12.4508    -2.0061     -2.927     0.0489    -0.5152 -9.990e-29
 207.694566     -2.939   0.076015    12.4596    -2.0059     -2.914     0.0489    -0.5163 -9.990e-29
 207.694572     -2.923   0.076014    12.4690    -2.0059     -2.899     0.0489    -0.5174 -9.990e-29
 207.694578     -2.905   0.076013    12.4770    -2.0062     -2.881     0.0488    -0.5184 -9.990e-29
 207.694583     -2.882   0.076013    12.4825    -2.0064     -2.858     0.0488    -0.5191 -9.990e-29
 207.694589     -2.858   0.076012    12.4857    -2.0068     -2.834     0.0488    -0.5194 -9.990e-29
 207.694595     -2.839   0.076011    12.4865    -2.0072     -2.815     0.0488    -0.5195 -9.990e-29
 207.694601     -2.825   0.076010    12.4854    -2.0073     -2.801     0.0488    -0.5194 -9.990e-29
 207.694606     -2.809   0.076010    12.4849    -2.0072     -2.786     0.0488    -0.5193 -9.990e-29
 207.694612     -2.792   0.076009    12.4864    -2.0068     -2.769     0.0488    -0.5195 -9.990e-29
 207.694618     -2.773   0.076008    12.4877    -2.0065     -2.750     0.0488    -0.5197 -9.990e-29
 207.694624     -2.753   0.076007    12.4867    -2.0063     -2.730     0.0488    -0.5196 -9.990e-29
 207.694630     -2.737   0.076007    12.4831    -2.0058     -2.714     0.0488    -0.5191 -9.990e-29
 207.694635     -2.722   0.076006    12.4778    -2.0054     -2.699     0.0488    -0.5185 -9.990e-29
 207.694641     -2.709   0.076005    12.4713    -2.0054     -2.686     0.0488    -0.5177 -9.990e-29
 207.694647     -2.696   0.076004    12.4656    -2.0060     -2.674     0.0489    -0.5170 -9.990e-29
 207.694653     -2.683   0.076004    12.4633    -2.0065     -2.661     0.0489    -0.5167 -9.990e-29
 207.694659     -2.669   0.076003    12.4656    -2.0068     -2.647     0.0489    -0.5170 -9.990e-29
 207.694664     -2.652   0.076002    12.4710    -2.0068     -2.630     0.0488    -0.5177 -9.990e-29
 207.694670     -2.632   0.076001    12.4778    -2.0067     -2.610     0.0488    -0.5185 -9.990e-29
 207.694676     -2.608   0.076000    12.4851    -2.0067     -2.586     0.0488    -0.5194 -9.990e-29
 207.694682     -2.582   0.076000    12.4923    -2.0063     -2.560     0.0488    -0.5202 -9.990e-29
 207.694687     -2.561   0.075999    12.4966    -2.0058     -2.540     0.0488    -0.5208 -9.990e-29
 207.694693     -2.548   0.075998    12.4951    -2.0054     -2.527     0.0488    -0.5206 -9.990e-29
 207.694699     -2.538   0.075997    12.4886    -2.0053     -2.517     0.0488    -0.5198 -9.990e-29
 207.694705     -2.526   0.075997    12.4810    -2.0056     -2.505     0.0488    -0.5189 -9.990e-29
 207.694711     -2.516   0.075996    12.4759    -2.0059     -2.495     0.0488    -0.5183 -9.990e-29
 207.694716     -2.506   0.075995    12.4743    -2.0062     -2.485     0.0488    -0.5181 -9.990e-29
 207.694722     -2.493   0.075995    12.4753    -2.0064     -2.472     0.0488    -0.5182 -9.990e-29
 207.694728     -2.479   0.075995    12.4786    -2.0068     -2.458     0.0488    -0.5186 -9.990e-29
 207.694734     -2.469   0.075996    12.4847    -2.0066     -2.448     0.0488    -0.5193 -9.990e-29
 207.694740     -2.460   0.076001    12.4923    -2.0063     -2.439     0.0488    -0.5202 -9.990e-29
 207.694745     -2.453   0.076014    12.4981    -2.0064     -2.433     0.0488    -0.5209 -9.990e-29
 207.694751     -2.447   0.076053    12.4996    -2.0066     -2.427     0.0489    -0.5211 -9.990e-29
 207.694757     -2.442   0.076172    12.4967    -2.0071     -2.422     0.0489    -0.5207 -9.990e-29
 207.694763     -2.437   0.076528    12.4914    -2.0073     -2.417     0.0491    -0.5199 -9.990e-29
 207.694769     -2.433   0.077041    12.4858    -2.0077     -2.413     0.0495    -0.5190 -9.990e-29
 207.694774     -2.429   0.077289    12.4808    -2.0080     -2.409     0.0496    -0.5182 -9.990e-29
 207.694780     -2.424   0.077046    12.4775    -2.0082     -2.404     0.0495    -0.5180 -9.990e-29
 207.694786     -2.418   0.076543    12.4776    -2.0086     -2.398     0.0492    -0.5182 -9.990e-29
 207.694792     -2.412   0.076215    12.4790    -2.0085     -2.392     0.0490    -0.5185 -9.990e-29
 207.694797     -2.404   0.076180    12.4780    -2.0081     -2.384     0.0489    -0.5184 -9.990e-29
 207.694803     -2.394   0.076391    12.4736    -2.0078     -2.374     0.0491    -0.5178 -9.990e-29
 207.694809     -2.382   0.076576    12.4673    -2.0074     -2.362     0.0492    -0.5169 -9.990e-29
 207.694815     -2.366   0.076428    12.4606    -2.0074     -2.346     0.0491    -0.5162 -9.990e-29
 207.694821     -2.350   0.076304    12.4539    -2.0073     -2.330     0.0490    -0.5155 -9.990e-29
 207.694826     -2.338   0.076591    12.4474    -2.0077     -2.319     0.0492    -0.5145 -9.990e-29
 207.694832     -2.328   0.077118    12.4417    -2.0081     -2.309     0.0495    -0.5136 -9.990e-29
 207.694838     -2.319   0.077478    12.4383    -2.0084     -2.300     0.0498    -0.5130 -9.990e-29
 207.694844     -2.308   0.077598    12.4394    -2.0087     -2.289     0.0498    -0.5131 -9.990e-29
 207.694850     -2.288   0.077638    12.4444    -2.0091     -2.269     0.0499    -0.5137 -9.990e-29
 207.694855     -2.264   0.077652    12.4504    -2.0094     -2.245     0.0499    -0.5144 -9.990e-29
 207.694861     -2.242   0.077656    12.4553    -2.0096     -2.223     0.0499    -0.5150 -9.990e-29
 207.694867     -2.224   0.077658    12.4576    -2.0098     -2.205     0.0499    -0.5153 -9.990e-29
 207.694873     -2.210   0.077658    12.4564    -2.0095     -2.192     0.0499    -0.5151 -9.990e-29
 207.694878     -2.199   0.077658    12.4517    -2.0090     -2.181     0.0499    -0.5145 -9.990e-29
 207.694884     -2.191   0.077659    12.4449    -2.0088     -2.173     0.0499    -0.5137 -9.990e-29
 207.694890     -2.184   0.077659    12.4377    -2.0088     -2.166     0.0499    -0.5129 -9.990e-29
 207.694896     -2.178   0.077659    12.4303    -2.0090     -2.160     0.0499    -0.5120 -9.990e-29
 207.694902     -2.173   0.077659    12.4231    -2.0093     -2.155     0.0499    -0.5111 -9.990e-29
 207.694907     -2.168   0.077659    12.4172    -2.0095     -2.150     0.0499    -0.5104 -9.990e-29
 207.694913     -2.164   0.077659    12.4134    -2.0098     -2.146     0.0499    -0.5099 -9.990e-29
 207.694919     -2.159   0.077659    12.4129    -2.0100     -2.141     0.0499    -0.5099 -9.990e-29
 207.694925     -2.155   0.077659    12.4163    -2.0103     -2.137     0.0499    -0.5103 -9.990e-29
