data/oxygen options/ONMS/Olympic_Coast_National_Marine_Sanctuary_CTD_Data_2005_2023/raw_data/2017/CAST_KL027_170527faedb.cnv
* Sea-Bird SBE19 Data File:
* FileName = C:\2017 Mooring Data\Casts\CAST_KL027_170527.hex
* Software Version 1.59
* Temperature SN = 2997
* Conductivity SN = 2997
* System UpLoad Time = May 27 2017 17:17:15
** CAST_KL027_170527
* ds
# nquan = 9
# nvalues = 25                          
# units = specified
# name 0 = timeJ: Julian Days
# name 1 = prSM: Pressure, Strain Gauge [db]
# name 2 = c0mS/cm: Conductivity [mS/cm]
# name 3 = t090C: Temperature [ITS-90, deg C]
# name 4 = sbeox0ML/L: Oxygen, SBE 43 [ml/l]
# name 5 = depSM: Depth [salt water, m], lat = 47.5
# name 6 = sal00: Salinity, Practical [PSU]
# name 7 = sigma-é00: Density [sigma-theta, kg/m^3]
# name 8 = flag: flag
# span 0 = 147.714230, 147.714757       
# span 1 =      1.000,     25.000       
# span 2 =  35.239747,  36.577767       
# span 3 =     8.3761,    11.4336       
# span 4 =     2.7722,     7.2493       
# span 5 =      0.992,     24.790       
# span 6 =    32.1638,    33.5828       
# span 7 =    24.4942,    26.1052       
# span 8 = 0.0000e+00, 0.0000e+00       
# interval = decibars: 1                
# start_time = May 27 2017 17:02:40 [Instrument's time stamp, header]
# bad_flag = -9.990e-29
*END*
 147.714230      1.000  36.577767    11.4336     7.2493      0.992    32.1683    24.4942 0.0000e+00
 147.714263      2.000  36.465221    11.3117     6.9967      1.983    32.1638    24.5126 0.0000e+00
 147.714287      3.000  36.441453    11.2666     6.6937      2.975    32.1794    24.5328 0.0000e+00
 147.714304      4.000  36.415658    11.2252     6.4386      3.967    32.1898    24.5482 0.0000e+00
 147.714319      5.000  36.414127    11.1934     6.2055      4.958    32.2157    24.5740 0.0000e+00
 147.714333      6.000  36.346524    11.0502     6.0572      5.950    32.2742    24.6448 0.0000e+00
 147.714346      7.000  36.101400    10.7657     5.9550      6.941    32.2814    24.7002 0.0000e+00
 147.714361      8.000  35.881437    10.5529     5.8722      7.933    32.2499    24.7124 0.0000e+00
 147.714376      9.000  35.709985    10.3474     5.8590      8.925    32.2600    24.7551 0.0000e+00
 147.714391     10.000  35.629814    10.2521     5.6398      9.917    32.2637    24.7741 0.0000e+00
 147.714408     11.000  35.596322    10.1972     5.0214     10.908    32.2784    24.7948 0.0000e+00
 147.714424     12.000  35.525666    10.0265     4.5131     11.899    32.3590    24.8862 0.0000e+00
 147.714441     13.000  35.337064     9.6905     4.2095     12.891    32.4689    25.0272 0.0000e+00
 147.714460     14.000  35.286920     9.4859     4.0654     13.883    32.6027    25.1648 0.0000e+00
 147.714481     15.000  35.317799     9.3800     3.8921     14.874    32.7306    25.2817 0.0000e+00
 147.714502     16.000  35.367414     9.3059     3.7393     15.866    32.8493    25.3863 0.0000e+00
 147.714524     17.000  35.363180     9.1584     3.5414     16.857    32.9805    25.5124 0.0000e+00
 147.714546     18.000  35.306898     8.9634     3.2685     17.849    33.1027    25.6386 0.0000e+00
 147.714569     19.000  35.246141     8.7906     3.1932     18.840    33.2002    25.7419 0.0000e+00
 147.714594     20.000  35.251169     8.7194     2.9210     19.832    33.2718    25.8090 0.0000e+00
 147.714618     21.000  35.257266     8.5534     2.7756     20.824    33.4346    25.9620 0.0000e+00
 147.714645     22.000  35.255060     8.4263     2.7740     21.815    33.5525    26.0738 0.0000e+00
 147.714673     23.000  35.249281     8.3958     2.7789     22.807    33.5750    26.0960 0.0000e+00
 147.714700     24.000  35.243071     8.3839     2.7865     23.798    33.5793    26.1012 0.0000e+00
 147.714757     25.000  35.239747     8.3761     2.7722     24.790    33.5828    26.1052 0.0000e+00
