data/oxygen options/ONMS/Olympic_Coast_National_Marine_Sanctuary_CTD_Data_2005_2023/raw_data/2017/CAST_MB042_170725faedb.cnv
* Sea-Bird SBE 19 Data File:
* FileName = C:\2017 Mooring Data\Casts\CAST_MB042_170725.hex
* Software Version SeatermAF 2.1.2
* Temperature SN = 2997
* Conductivity SN = 2997
* System UpLoad Time = Jul 25 2017 21:54:23 (localtime) = Jul 25 2017 21:54:23 (UTC)
** CAST_MB042_170725
* ds
# nquan = 9
# nvalues = 42                          
# units = specified
# name 0 = timeJ: Julian Days
# name 1 = prSM: Pressure, Strain Gauge [db]
# name 2 = c0mS/cm: Conductivity [mS/cm]
# name 3 = t090C: Temperature [ITS-90, deg C]
# name 4 = sbeox0ML/L: Oxygen, SBE 43 [ml/l]
# name 5 = depSM: Depth [salt water, m], lat = 47.5
# name 6 = sal00: Salinity, Practical [PSU]
# name 7 = sigma-é00: Density [sigma-theta, kg/m^3]
# name 8 = flag: flag
# span 0 = 206.841233, 206.842039       
# span 1 =      1.000,     42.000       
# span 2 =  34.588725,  36.906214       
# span 3 =     7.3165,    11.4988       
# span 4 =     2.2034,     4.8294       
# span 5 =      0.992,     41.645       
# span 6 =    32.4323,    33.9030       
# span 7 =    24.6895,    26.5113       
# span 8 = 0.0000e+00, 0.0000e+00       
# interval = decibars: 1                
# start_time = Jul 25 2017 20:02:16 [Instrument's time stamp, header]
# bad_flag = -9.990e-29
*END*
 206.841233      1.000  36.906214    11.4988     4.8294      0.992    32.4323    24.6895 0.0000e+00
 206.841264      2.000  36.147031    10.4445     3.9871      1.983    32.6148    25.0149 0.0000e+00
 206.841286      3.000  35.725031     9.7285     3.6997      2.975    32.8350    25.3068 0.0000e+00
 206.841306      4.000  35.463037     9.3052     3.6763      3.967    32.9541    25.4682 0.0000e+00
 206.841324      5.000  35.368355     9.1381     3.6181      4.958    33.0101    25.5386 0.0000e+00
 206.841342      6.000  35.320630     9.0314     3.5674      5.950    33.0591    25.5937 0.0000e+00
 206.841360      7.000  35.285071     8.9453     3.4739      6.942    33.1018    25.6406 0.0000e+00
 206.841379      8.000  35.254027     8.8620     3.3105      7.933    33.1467    25.6888 0.0000e+00
 206.841397      9.000  35.168866     8.6147     3.0701      8.925    33.2891    25.8384 0.0000e+00
 206.841415     10.000  35.074939     8.3757     2.9103      9.916    33.4157    25.9740 0.0000e+00
 206.841433     11.000  34.985580     8.1587     2.9043     10.908    33.5271    26.0939 0.0000e+00
 206.841455     12.000  34.944438     8.1261     2.7520     11.899    33.5140    26.0884 0.0000e+00
 206.841477     13.000  34.887698     7.9630     2.3891     12.891    33.6094    26.1874 0.0000e+00
 206.841494     14.000  34.766938     7.6628     2.3238     13.883    33.7691    26.3565 0.0000e+00
 206.841512     15.000  34.682106     7.5136     2.3310     14.874    33.8222    26.4195 0.0000e+00
 206.841533     16.000  34.666459     7.4694     2.3067     15.866    33.8479    26.4461 0.0000e+00
 206.841552     17.000  34.635293     7.4164     2.3293     16.857    33.8653    26.4673 0.0000e+00
 206.841569     18.000  34.629267     7.4003     2.3224     17.849    33.8741    26.4764 0.0000e+00
 206.841586     19.000  34.628452     7.3996     2.3173     18.841    33.8734    26.4760 0.0000e+00
 206.841604     20.000  34.632620     7.4071     2.3158     19.832    33.8701    26.4724 0.0000e+00
 206.841622     21.000  34.627361     7.3951     2.3162     20.824    33.8756    26.4785 0.0000e+00
 206.841641     22.000  34.624827     7.3907     2.2986     21.815    33.8766    26.4799 0.0000e+00
 206.841659     23.000  34.619798     7.3825     2.2998     22.807    33.8787    26.4826 0.0000e+00
 206.841677     24.000  34.616942     7.3782     2.2798     23.798    33.8793    26.4837 0.0000e+00
 206.841697     25.000  34.616536     7.3772     2.2569     24.790    33.8794    26.4840 0.0000e+00
 206.841716     26.000  34.604464     7.3542     2.2513     25.781    33.8882    26.4942 0.0000e+00
 206.841734     27.000  34.596841     7.3407     2.2463     26.773    33.8928    26.4997 0.0000e+00
 206.841753     28.000  34.596740     7.3387     2.2415     27.764    33.8941    26.5010 0.0000e+00
 206.841773     29.000  34.595317     7.3359     2.2356     28.756    33.8948    26.5020 0.0000e+00
 206.841792     30.000  34.591931     7.3288     2.2298     29.747    33.8976    26.5052 0.0000e+00
 206.841810     31.000  34.591273     7.3256     2.2276     30.739    33.8995    26.5072 0.0000e+00
 206.841829     32.000  34.589846     7.3230     2.2316     31.731    33.9001    26.5079 0.0000e+00
 206.841849     33.000  34.590139     7.3236     2.2282     32.722    33.8993    26.5072 0.0000e+00
 206.841870     34.000  34.591497     7.3241     2.2171     33.713    33.8998    26.5076 0.0000e+00
 206.841890     35.000  34.590632     7.3199     2.2217     34.705    33.9025    26.5104 0.0000e+00
 206.841911     36.000  34.589622     7.3186     2.2182     35.696    33.9022    26.5103 0.0000e+00
 206.841932     37.000  34.588725     7.3182     2.2138     36.688    33.9011    26.5095 0.0000e+00
 206.841953     38.000  34.589311     7.3174     2.2169     37.679    33.9020    26.5104 0.0000e+00
 206.841973     39.000  34.589819     7.3165     2.2195     38.671    33.9030    26.5113 0.0000e+00
 206.841993     40.000  34.590250     7.3173     2.2111     39.662    33.9022    26.5105 0.0000e+00
 206.842014     41.000  34.590065     7.3173     2.2034     40.654    33.9015    26.5100 0.0000e+00
 206.842039     42.000  34.590230     7.3169     2.2107     41.645    33.9015    26.5101 0.0000e+00
