data/oxygen options/ONMS/Olympic_Coast_National_Marine_Sanctuary_CTD_Data_2005_2023/raw_data/2017/CAST_MB042_170928faed.cnv
* Sea-Bird SBE 19 Data File:
* FileName = C:\2017 Mooring Data\Casts\CAST_MB042_170928.hex
* Software Version SeatermAF 2.1.2
* Temperature SN = 2997
* Conductivity SN = 2997
* System UpLoad Time = Sep 28 2017 21:53:12 (localtime) = Sep 28 2017 21:53:12 (UTC)
** CAST_MB042_170928
* ds
# nquan = 9                                 
# nvalues = 1059                        
# units = specified
# name 0 = timeJ: Julian Days
# name 1 = prSM: Pressure, Strain Gauge [db]
# name 2 = c0mS/cm: Conductivity [mS/cm]
# name 3 = t090C: Temperature [ITS-90, deg C]
# name 4 = sbeox0ML/L: Oxygen, SBE 43 [ml/l]
# name 5 = depSM: Depth [salt water, m], lat = 47.5
# name 6 = sal00: Salinity, Practical [PSU]
# name 7 = sigma-é00: Density [sigma-theta, kg/m^3]
# name 8 = flag: flag
# span 0 = 271.881447, 271.887569       
# span 1 =     -1.881,     42.225       
# span 2 =   0.567601,  39.726545       
# span 3 =     8.9033,    21.7821       
# span 4 =    -1.6938,    13.8302       
# span 5 =     -1.865,     41.868       
# span 6 =     0.3002,    33.5208       
# span 7 =    -1.8509,    25.9756       
# span 8 = 0.0000e+00, 0.0000e+00       
# interval = seconds: 0.5
# start_time = Sep 28 2017 21:09:17 [Instrument's time stamp, header]
# bad_flag = -9.990e-29
*END*
[from data line 321]
 271.883304     -0.545   1.029039    21.4460    -1.6724     -0.540     0.5488    -1.6858 -9.990e-29
 271.883310     -0.544   1.024317    21.4354    -1.6723     -0.539     0.5463    -1.6853 -9.990e-29
 271.883316     -0.542   1.020038    21.4290    -1.6720     -0.537     0.5441    -1.6856 -9.990e-29
 271.883322     -0.539   1.016594    21.4269    -1.6719     -0.535     0.5422    -1.6866 -9.990e-29
 271.883328     -0.537   1.014381    21.4284    -1.6719     -0.533     0.5409    -1.6879 -9.990e-29
 271.883333     -0.533   1.013773    21.4348    -1.6718     -0.529     0.5405    -1.6896 -9.990e-29
 271.883339     -0.529   1.013960    21.4456    -1.6711     -0.525     0.5405    -1.6920 -9.990e-29
 271.883345     -0.523   1.012975    21.4581    -1.6704     -0.519     0.5398    -1.6953 -9.990e-29
 271.883351     -0.516   1.010058    21.4702    -1.6705     -0.512     0.5380    -1.6994 -9.990e-29
 271.883356     -0.511   1.006310    21.4800    -1.6708     -0.507     0.5358    -1.7032 -9.990e-29
 271.883362     -0.512   1.002828    21.4877    -1.6705     -0.508     0.5338    -1.7065 -9.990e-29
 271.883368     -0.515   0.999404    21.4948    -1.6701     -0.511     0.5318    -1.7096 -9.990e-29
 271.883374     -0.516   0.995353    21.5004    -1.6696     -0.512     0.5295    -1.7126 -9.990e-29
 271.883380     -0.515   0.991369    21.5058    -1.6693     -0.511     0.5273    -1.7155 -9.990e-29
 271.883385     -0.512   0.988790    21.5153    -1.6695     -0.508     0.5257    -1.7188 -9.990e-29
 271.883391     -0.511   0.986949    21.5295    -1.6693     -0.507     0.5245    -1.7228 -9.990e-29
 271.883397     -0.516   0.983946    21.5417    -1.6690     -0.512     0.5227    -1.7269 -9.990e-29
 271.883403     -0.523   0.980212    21.5463    -1.6686     -0.519     0.5206    -1.7296 -9.990e-29
 271.883409     -0.528   0.978527    21.5478    -1.6683     -0.524     0.5197    -1.7306 -9.990e-29
 271.883414     -0.532   0.979970    21.5541    -1.6686     -0.528     0.5204    -1.7315 -9.990e-29
 271.883420     -0.536   0.982033    21.5655    -1.6686     -0.532     0.5214    -1.7333 -9.990e-29
 271.883426     -0.538   0.981923    21.5771    -1.6686     -0.534     0.5212    -1.7360 -9.990e-29
 271.883432     -0.540   0.980051    21.5845    -1.6690     -0.535     0.5201    -1.7385 -9.990e-29
 271.883438     -0.542   0.978908    21.5888    -1.6691     -0.537     0.5194    -1.7400 -9.990e-29
 271.883443     -0.543   0.979185    21.5950    -1.6691     -0.538     0.5195    -1.7413 -9.990e-29
 271.883449     -0.544   0.978484    21.6042    -1.6690     -0.539     0.5190    -1.7437 -9.990e-29
 271.883455     -0.544   0.975314    21.6134    -1.6689     -0.539     0.5172    -1.7472 -9.990e-29
 271.883461     -0.544   0.971547    21.6186    -1.6688     -0.539     0.5150    -1.7500 -9.990e-29
 271.883466     -0.544   0.969363    21.6186    -1.6688     -0.539     0.5138    -1.7509 -9.990e-29
 271.883472     -0.544   0.968067    21.6167    -1.6690     -0.539     0.5131    -1.7510 -9.990e-29
 271.883478     -0.543   0.965378    21.6138    -1.6694     -0.538     0.5117    -1.7515 -9.990e-29
 271.883484     -0.542   0.961037    21.6091    -1.6695     -0.537     0.5093    -1.7522 -9.990e-29
 271.883490     -0.540   0.957013    21.6053    -1.6687     -0.535     0.5072    -1.7530 -9.990e-29
 271.883495     -0.539   0.955146    21.6047    -1.6682     -0.535     0.5061    -1.7536 -9.990e-29
 271.883501     -0.536   0.955164    21.6065    -1.6677     -0.532     0.5061    -1.7540 -9.990e-29
 271.883507     -0.533   0.954874    21.6095    -1.6672     -0.529     0.5059    -1.7549 -9.990e-29
 271.883513     -0.529   0.952783    21.6119    -1.6669     -0.525     0.5048    -1.7563 -9.990e-29
 271.883519     -0.524   0.949427    21.6111    -1.6667     -0.520     0.5029    -1.7575 -9.990e-29
 271.883524     -0.517   0.946427    21.6070    -1.6664     -0.513     0.5013    -1.7578 -9.990e-29
 271.883530     -0.508   0.944771    21.6036    -1.6659     -0.504     0.5005    -1.7577 -9.990e-29
 271.883536     -0.496   0.943914    21.6074    -1.6653     -0.492     0.4999    -1.7590 -9.990e-29
 271.883542     -0.486   0.942716    21.6200    -1.6653     -0.482     0.4991    -1.7624 -9.990e-29
 271.883547     -0.480   0.940686    21.6365    -1.6654     -0.476     0.4978    -1.7671 -9.990e-29
 271.883553     -0.474   0.938445    21.6531    -1.6656     -0.470     0.4964    -1.7719 -9.990e-29
 271.883559     -0.467   0.936699    21.6682    -1.6658     -0.463     0.4953    -1.7761 -9.990e-29
 271.883565     -0.469   0.935337    21.6805    -1.6659     -0.465     0.4944    -1.7795 -9.990e-29
 271.883571     -0.478   0.934019    21.6910    -1.6662     -0.474     0.4936    -1.7825 -9.990e-29
 271.883576     -0.487   0.932650    21.7024    -1.6663     -0.483     0.4927    -1.7858 -9.990e-29
 271.883582     -0.492   0.931436    21.7154    -1.6663     -0.488     0.4919    -1.7893 -9.990e-29
 271.883588     -0.493   0.930420    21.7264    -1.6666     -0.489     0.4912    -1.7923 -9.990e-29
 271.883594     -0.492   0.929353    21.7311    -1.6667     -0.488     0.4906    -1.7938 -9.990e-29
 271.883600     -0.486   0.928473    21.7305    -1.6668     -0.482     0.4901    -1.7941 -9.990e-29
 271.883605     -0.476   0.927715    21.7273    -1.6668     -0.472     0.4897    -1.7936 -9.990e-29
 271.883611     -0.467   0.926067    21.7227    -1.6668     -0.463     0.4889    -1.7932 -9.990e-29
 271.883617     -0.465   0.923546    21.7175    -1.6669     -0.461     0.4876    -1.7931 -9.990e-29
 271.883623     -0.470   0.921225    21.7119    -1.6667     -0.466     0.4863    -1.7927 -9.990e-29
 271.883628     -0.475   0.919332    21.7073    -1.6663     -0.471     0.4854    -1.7925 -9.990e-29
 271.883634     -0.475   0.917558    21.7033    -1.6657     -0.471     0.4844    -1.7923 -9.990e-29
 271.883640     -0.474   0.915754    21.6983    -1.6654     -0.470     0.4835    -1.7919 -9.990e-29
 271.883646     -0.478   0.913731    21.6938    -1.6650     -0.474     0.4824    -1.7917 -9.990e-29
 271.883652     -0.481   0.911560    21.6912    -1.6647     -0.477     0.4813    -1.7920 -9.990e-29
 271.883657     -0.481   0.909669    21.6902    -1.6644     -0.477     0.4802    -1.7925 -9.990e-29
 271.883663     -0.476   0.908307    21.6906    -1.6641     -0.472     0.4795    -1.7932 -9.990e-29
 271.883669     -0.466   0.907321    21.6933    -1.6641     -0.462     0.4789    -1.7942 -9.990e-29
 271.883675     -0.456   0.906502    21.7003    -1.6631     -0.452     0.4784    -1.7962 -9.990e-29
 271.883681     -0.452   0.905867    21.7113    -1.6599     -0.448     0.4779    -1.7990 -9.990e-29
 271.883686     -0.459   0.905674    21.7239    -1.6601     -0.455     0.4777    -1.8020 -9.990e-29
 271.883692     -0.473   0.907328    21.7360    -1.6604     -0.469     0.4785    -1.8042 -9.990e-29
 271.883698     -0.487   0.910815    21.7473    -1.6605     -0.483     0.4803    -1.8053 -9.990e-29
 271.883704     -0.493   0.913580    21.7579    -1.6602     -0.489     0.4817    -1.8067 -9.990e-29
 271.883709     -0.487   0.915983    21.7674    -1.6602     -0.483     0.4829    -1.8079 -9.990e-29
 271.883715     -0.477   0.921229    21.7743    -1.6603     -0.473     0.4857    -1.8073 -9.990e-29
 271.883721     -0.471   0.932430    21.7785    -1.6608     -0.467     0.4918    -1.8036 -9.990e-29
 271.883727     -0.464   0.959534    21.7813    -1.6613     -0.460     0.5066    -1.7930 -9.990e-29
 271.883733     -0.452   1.038122    21.7821    -1.6615     -0.448     0.5497    -1.7604 -9.990e-29
 271.883738     -0.438   1.221437    21.7798    -1.6620     -0.434     0.6512    -1.6827 -9.990e-29
 271.883744     -0.426   1.449051    21.7748    -1.6628     -0.422     0.7785    -1.5849 -9.990e-29
 271.883750     -0.415   1.585447    21.7688    -1.6630     -0.412     0.8555    -1.5251 -9.990e-29
 271.883756     -0.403   1.636222    21.7627    -1.6633     -0.400     0.8844    -1.5018 -9.990e-29
 271.883762     -0.391   1.674617    21.7573    -1.6637     -0.388     0.9062    -1.4840 -9.990e-29
 271.883767     -0.378   1.715788    21.7529    -1.6642     -0.375     0.9297    -1.4652 -9.990e-29
 271.883773     -0.362   1.742002    21.7480    -1.6648     -0.359     0.9447    -1.4527 -9.990e-29
 271.883779     -0.348   1.737758    21.7436    -1.6652     -0.345     0.9424    -1.4534 -9.990e-29
 271.883785     -0.338   1.706266    21.7389    -1.6655     -0.335     0.9246    -1.4659 -9.990e-29
 271.883791     -0.331   1.659867    21.7304    -1.6655     -0.328     0.8984    -1.4838 -9.990e-29
 271.883796     -0.328   1.614311    21.7201    -1.6657     -0.325     0.8728    -1.5010 -9.990e-29
 271.883802     -0.328   1.575384    21.7116    -1.6663     -0.325     0.8509    -1.5156 -9.990e-29
 271.883808     -0.331   1.539411    21.7032    -1.6666     -0.328     0.8307    -1.5291 -9.990e-29
 271.883814     -0.333   1.507211    21.6928    -1.6672     -0.330     0.8128    -1.5404 -9.990e-29
 271.883819     -0.330   1.481861    21.6800    -1.5135     -0.327     0.7987    -1.5482 -9.990e-29
 271.883825     -0.326   1.462267    21.6669    -1.5252     -0.323     0.7879    -1.5535 -9.990e-29
 271.883831     -0.320   1.445585    21.6565    -1.5715     -0.317     0.7787    -1.5581 -9.990e-29
 271.883837     -0.309   1.430633    21.6489    -1.5851     -0.306     0.7704    -1.5627 -9.990e-29
 271.883843     -0.295   1.420756    21.6393    -1.5867     -0.293     0.7650    -1.5647 -9.990e-29
 271.883848     -0.282   1.428836    21.6166    -1.5924     -0.280     0.7699    -1.5558 -9.990e-29
 271.883854     -0.270   1.492255    21.5599    -1.5877     -0.268     0.8067    -1.5151 -9.990e-29
 271.883860     -0.253   1.719960    21.4115    -1.5804     -0.251     0.9393    -1.3813 -9.990e-29
 271.883866     -0.225   2.432737    20.9918    -1.5848     -0.223     1.3655    -0.9649 -9.990e-29
 271.883872     -0.186   4.592043    19.7606    -1.5924     -0.184     2.7537     0.3530 -9.990e-29
 271.883877     -0.132  11.088036    17.6632    -1.5984     -0.131     7.4447     4.3430 -9.990e-29
 271.883883     -0.064  22.264663    15.7597    -1.6020     -0.063    16.6330    11.7190 -9.990e-29
 271.883889      0.013  32.103419    14.6798    -1.6032      0.013    25.5562    18.7696 -9.990e-29
 271.883895      0.096  36.834774    14.1456    -1.5978      0.095    30.1737    22.4312 -9.990e-29
 271.883900      0.181  38.501625    13.9027    -1.5923      0.179    31.8968    23.8100 -9.990e-29
 271.883906      0.261  39.212596    13.8732    -1.5926      0.259    32.5786    24.3425 -9.990e-29
 271.883912      0.328  39.571147    13.9473    -1.5914      0.325    32.8473    24.5349 -9.990e-29
 271.883918      0.383  39.726545    13.9634    -1.5942      0.380    32.9774    24.6320 -9.990e-29
 271.883924      0.428  39.664195    13.8668    -1.5943      0.424    33.0025    24.6713 -9.990e-29
 271.883929      0.467  39.416379    13.7232    -1.5925      0.463    32.8957    24.6182 -9.990e-29
 271.883935      0.501  39.173016    13.6223    -1.5921      0.497    32.7557    24.5304 -9.990e-29
 271.883941      0.530  39.046463    13.6282    -1.5886      0.526    32.6327    24.4342 -9.990e-29
 271.883947      0.550  38.991721    13.7248    -1.5928      0.545    32.4996    24.3118 -9.990e-29
 271.883953      0.567  38.949782    13.8126    -1.5939      0.562    32.3864    24.2064 -9.990e-29
 271.883958      0.583  38.948178    13.8224    -1.5996      0.578    32.3766    24.1969 -9.990e-29
 271.883964      0.593  39.021208    13.7859    -1.6019      0.588    32.4751    24.2804 -9.990e-29
 271.883970      0.599  39.159864    13.7712    -1.5998      0.594    32.6163    24.3924 -9.990e-29
 271.883976      0.596  39.282997    13.7996    -1.5961      0.591    32.7063    24.4562 -9.990e-29
 271.883981      0.585  39.279221    13.8279    -1.5974      0.580    32.6787    24.4291 -9.990e-29
 271.883987      0.573  39.198949    13.7998    -1.6019      0.568    32.6282    24.3958 -9.990e-29
 271.883993      0.563  39.192796    13.7157    -1.6006      0.558    32.6942    24.4639 -9.990e-29
 271.883999      0.556  39.357305    13.6536    -1.5983      0.551    32.9005    24.6360 -9.990e-29
 271.884005      0.551  39.593691    13.6493    -1.5962      0.546    33.1246    24.8101 -9.990e-29
 271.884010      0.547  39.616139    13.6393    -1.5957      0.542    33.1542    24.8351 -9.990e-29
 271.884016      0.544  39.370559    13.6060    -1.5987      0.539    32.9539    24.6869 -9.990e-29
 271.884022      0.543  39.111453    13.5726    -1.5985      0.538    32.7408    24.5290 -9.990e-29
 271.884028      0.542  39.033260    13.5370    -1.5967      0.537    32.6984    24.5034 -9.990e-29
 271.884034      0.542  39.155490    13.5226    -1.5974      0.537    32.8249    24.6041 -9.990e-29
 271.884039      0.543  39.333082    13.5537    -1.5951      0.538    32.9640    24.7054 -9.990e-29
 271.884045      0.544  39.326765    13.6141    -1.5945      0.539    32.9060    24.6483 -9.990e-29
 271.884051      0.547  39.139878    13.6664    -1.5939      0.542    32.6871    24.4685 -9.990e-29
 271.884057      0.550  38.995384    13.6816    -1.5943      0.545    32.5397    24.3515 -9.990e-29
 271.884063      0.556  38.988514    13.6629    -1.5984      0.551    32.5492    24.3626 -9.990e-29
 271.884068      0.562  39.071483    13.6433    -1.6000      0.557    32.6431    24.4392 -9.990e-29
 271.884074      0.571  39.140984    13.6467    -1.5954      0.566    32.7049    24.4863 -9.990e-29
 271.884080      0.583  39.137349    13.6564    -1.5949      0.578    32.6932    24.4753 -9.990e-29
 271.884086      0.593  39.119576    13.6421    -1.5983      0.588    32.6889    24.4748 -9.990e-29
 271.884091      0.595  39.147421    13.6039    -1.6002      0.590    32.7475    24.5279 -9.990e-29
 271.884097      0.589  39.256900    13.5668    -1.5985      0.584    32.8815    24.6390 -9.990e-29
 271.884103      0.581  39.446689    13.5481    -1.5956      0.576    33.0750    24.7923 -9.990e-29
 271.884109      0.577  39.614749    13.5417    -1.5945      0.572    33.2377    24.9194 -9.990e-29
 271.884115      0.576  39.672069    13.5379    -1.5954      0.571    33.2947    24.9642 -9.990e-29
 271.884120      0.578  39.600420    13.5331    -1.6019      0.573    33.2318    24.9166 -9.990e-29
 271.884126      0.584  39.458860    13.5254    -1.6045      0.579    33.1060    24.8209 -9.990e-29
 271.884132      0.593  39.418220    13.5294    -1.6028      0.588    33.0646    24.7880 -9.990e-29
 271.884138      0.601  39.512807    13.5527    -1.6001      0.596    33.1328    24.8361 -9.990e-29
 271.884144      0.606  39.518125    13.5725    -1.5988      0.601    33.1206    24.8226 -9.990e-29
 271.884149      0.611  39.354455    13.5699    -1.5972      0.606    32.9699    24.7067 -9.990e-29
 271.884155      0.621  39.232041    13.5633    -1.5986      0.616    32.8613    24.6241 -9.990e-29
 271.884161      0.633  39.301876    13.5725    -1.6015      0.628    32.9186    24.6665 -9.990e-29
 271.884167      0.639  39.442010    13.5730    -1.6037      0.634    33.0490    24.7672 -9.990e-29
 271.884172      0.638  39.454518    13.5453    -1.6010      0.633    33.0847    24.8004 -9.990e-29
 271.884178      0.641  39.302321    13.5041    -1.5992      0.636    32.9780    24.7263 -9.990e-29
 271.884184      0.650  39.096138    13.4639    -1.6018      0.645    32.8198    24.6120 -9.990e-29
 271.884190      0.663  39.019738    13.4404    -1.6011      0.657    32.7685    24.5771 -9.990e-29
 271.884196      0.668  39.148224    13.4477    -1.6005      0.662    32.8825    24.6638 -9.990e-29
 271.884201      0.655  39.344881    13.4760    -1.5998      0.650    33.0422    24.7815 -9.990e-29
 271.884207      0.634  39.454673    13.5001    -1.5998      0.629    33.1241    24.8400 -9.990e-29
 271.884213      0.614  39.430772    13.5042    -1.6010      0.609    33.0981    24.8191 -9.990e-29
 271.884219      0.601  39.295091    13.4912    -1.6015      0.596    32.9824    24.7323 -9.990e-29
