data/oxygen options/ONMS/Olympic_Coast_National_Marine_Sanctuary_CTD_Data_2005_2023/raw_data/2017/CAST_CA042_170526faed.cnv
* Sea-Bird SBE19 Data File:
* FileName = C:\2017 Mooring Data\Casts\CAST_CA042_170526.hex
* Software Version 1.59
* Temperature SN = 2997
* Conductivity SN = 2997
* System UpLoad Time = May 26 2017 22:06:57
** CAST_CA042_170526
* ds
# nquan = 9                                 
# nvalues = 911                         
# units = specified
# name 0 = timeJ: Julian Days
# name 1 = prSM: Pressure, Strain Gauge [db]
# name 2 = c0mS/cm: Conductivity [mS/cm]
# name 3 = t090C: Temperature [ITS-90, deg C]
# name 4 = sbeox0ML/L: Oxygen, SBE 43 [ml/l]
# name 5 = depSM: Depth [salt water, m], lat = 47.5
# name 6 = sal00: Salinity, Practical [PSU]
# name 7 = sigma-é00: Density [sigma-theta, kg/m^3]
# name 8 = flag: flag
# span 0 = 146.913333, 146.918600       
# span 1 =     -5.587,     43.686       
# span 2 =   0.234431,  36.543463       
# span 3 =     8.0605,    15.5162       
# span 4 =    -1.9030,    16.2259       
# span 5 =     -5.540,     43.317       
# span 6 =     0.1383,    33.5452       
# span 7 =    -0.8708,    26.1222       
# span 8 = 0.0000e+00, 0.0000e+00       
# interval = seconds: 0.5
# start_time = May 26 2017 21:55:12 [Instrument's time stamp, header]
# bad_flag = -9.990e-29
*END*
[from data line 641]
 146.917043     20.673  34.845488     8.7440     3.3366     20.499    32.8236    25.4541 0.0000e+00
 146.917049     21.220  34.867847     8.7260     3.2532     21.042    32.8635    25.4881 0.0000e+00
 146.917054     21.759  34.894436     8.6881     3.2063     21.576    32.9263    25.5431 0.0000e+00
 146.917060     22.295  34.925377     8.6241     3.1931     22.108    33.0182    25.6249 0.0000e+00
 146.917066     22.828  34.952601     8.5520     3.1819     22.636    33.1141    25.7111 0.0000e+00
 146.917072     23.357  34.964199     8.4998     3.1747     23.161    33.1751    25.7668 0.0000e+00
 146.917078     23.881  34.964929     8.4700     3.1694     23.680    33.2037    25.7937 0.0000e+00
 146.917083     24.400  34.964086     8.4507     3.1723     24.195    33.2208    25.8100 0.0000e+00
 146.917089     24.912  34.963279     8.4369     3.1812     24.703    33.2327    25.8215 0.0000e+00
 146.917095     25.420  34.963047     8.4282     3.1638     25.206    33.2404    25.8288 0.0000e+00
 146.917101     25.930  34.963018     8.4233     3.1637     25.712    33.2448    25.8330 0.0000e+00
 146.917106     26.450  34.962533     8.4184     3.1428     26.228    33.2486    25.8368 0.0000e+00
 146.917112     26.987  34.962005     8.4099     3.1414     26.760    33.2559    25.8437 0.0000e+00
 146.917118     27.540  34.961791     8.3987     3.1146     27.308    33.2660    25.8534 0.0000e+00
 146.917124     28.098  34.961546     8.3876     3.0796     27.862    33.2759    25.8629 0.0000e+00
 146.917130     28.648  34.961440     8.3776     3.0578     28.407    33.2850    25.8715 0.0000e+00
 146.917135     29.184  34.961829     8.3678     3.0178     28.938    33.2945    25.8804 0.0000e+00
 146.917141     29.696  34.962610     8.3564     3.0041     29.446    33.3058    25.8910 0.0000e+00
 146.917147     30.179  34.963084     8.3401     2.9799     29.925    33.3215    25.9058 0.0000e+00
 146.917153     30.632  34.962703     8.3188     2.9782     30.374    33.3411    25.9243 0.0000e+00
 146.917159     31.056  34.962015     8.2987     2.9622     30.794    33.3593    25.9416 0.0000e+00
 146.917164     31.443  34.961723     8.2867     2.9668     31.178    33.3702    25.9519 0.0000e+00
 146.917170     31.791  34.962492     8.2827     2.9532     31.523    33.3746    25.9560 0.0000e+00
 146.917176     32.105  34.964166     8.2794     2.9597     31.835    33.3794    25.9603 0.0000e+00
 146.917182     32.393  34.963880     8.2704     2.9624     32.120    33.3875    25.9680 0.0000e+00
 146.917188     32.670  34.960633     8.2578     2.9589     32.395    33.3959    25.9765 0.0000e+00
 146.917193     32.942  34.957877     8.2471     2.9615     32.664    33.4030    25.9837 0.0000e+00
 146.917199     33.212  34.956916     8.2399     2.9592     32.932    33.4087    25.9892 0.0000e+00
 146.917205     33.483  34.956408     8.2351     2.9571     33.201    33.4126    25.9930 0.0000e+00
 146.917211     33.764  34.956175     8.2312     2.9487     33.479    33.4160    25.9962 0.0000e+00
 146.917216     34.065  34.955847     8.2271     2.9389     33.778    33.4194    25.9995 0.0000e+00
 146.917222     34.391  34.954928     8.2233     2.9293     34.101    33.4219    26.0020 0.0000e+00
 146.917228     34.737  34.953814     8.2204     2.9313     34.444    33.4233    26.0036 0.0000e+00
 146.917234     35.087  34.952640     8.2171     2.9260     34.791    33.4250    26.0054 0.0000e+00
 146.917240     35.426  34.950898     8.2127     2.9179     35.127    33.4272    26.0078 0.0000e+00
 146.917245     35.739  34.949006     8.2093     2.9008     35.438    33.4283    26.0091 0.0000e+00
 146.917251     36.017  34.948299     8.2085     2.8619     35.713    33.4281    26.0092 0.0000e+00
 146.917257     36.265  34.948895     8.2088     2.8309     35.959    33.4284    26.0093 0.0000e+00
 146.917263     36.503  34.949850     8.2065     2.7952     36.195    33.4315    26.0121 0.0000e+00
 146.917269     36.750  34.949583     8.1941     2.7823     36.440    33.4429    26.0229 0.0000e+00
 146.917274     37.014  34.945440     8.1688     2.7716     36.702    33.4625    26.0420 0.0000e+00
 146.917280     37.285  34.937999     8.1417     2.7581     36.970    33.4803    26.0600 0.0000e+00
 146.917286     37.550  34.931833     8.1224     2.7532     37.233    33.4920    26.0721 0.0000e+00
 146.917292     37.807  34.928733     8.1076     2.7601     37.488    33.5028    26.0827 0.0000e+00
 146.917297     38.056  34.927303     8.0930     2.7670     37.735    33.5151    26.0946 0.0000e+00
 146.917303     38.303  34.926692     8.0821     2.7610     37.980    33.5248    26.1038 0.0000e+00
 146.917309     38.540  34.927147     8.0783     2.7694     38.215    33.5288    26.1075 0.0000e+00
 146.917315     38.762  34.929214     8.0810     2.7613     38.435    33.5283    26.1067 0.0000e+00
 146.917321     38.974  34.932229     8.0873     2.7804     38.645    33.5254    26.1035 0.0000e+00
 146.917326     39.195  34.934556     8.0911     2.7704     38.864    33.5241    26.1019 0.0000e+00
 146.917332     39.445  34.934201     8.0868     2.7684     39.112    33.5277    26.1054 0.0000e+00
 146.917338     39.738  34.930638     8.0777     2.7581     39.403    33.5325    26.1105 0.0000e+00
 146.917344     40.062  34.926895     8.0704     2.7556     39.724    33.5353    26.1138 0.0000e+00
 146.917350     40.395  34.925201     8.0664     2.7596     40.054    33.5372    26.1159 0.0000e+00
 146.917355     40.714  34.924913     8.0648     2.7452     40.370    33.5383    26.1170 0.0000e+00
 146.917361     41.007  34.925586     8.0645     2.7415     40.661    33.5391    26.1177 0.0000e+00
 146.917367     41.274  34.926380     8.0637     2.7498     40.925    33.5406    26.1190 0.0000e+00
 146.917373     41.523  34.926053     8.0620     2.7606     41.172    33.5418    26.1202 0.0000e+00
 146.917378     41.759  34.925232     8.0607     2.7547     41.406    33.5421    26.1206 0.0000e+00
 146.917384     41.979  34.925005     8.0605     2.7609     41.624    33.5419    26.1205 0.0000e+00
 146.917390     42.179  34.925570     8.0618     2.7421     41.823    33.5412    26.1197 0.0000e+00
 146.917396     42.355  34.927061     8.0645     2.7504     41.997    33.5401    26.1185 0.0000e+00
 146.917402     42.506  34.929169     8.0668     2.7588     42.147    33.5401    26.1181 0.0000e+00
 146.917407     42.645  34.930726     8.0672     2.7503     42.285    33.5413    26.1190 0.0000e+00
 146.917413     42.795  34.930394     8.0662     2.7544     42.433    33.5418    26.1196 0.0000e+00
 146.917419     42.956  34.928794     8.0651     2.7501     42.593    33.5411    26.1192 0.0000e+00
 146.917425     43.116  34.927653     8.0641     2.7522     42.752    33.5407    26.1190 0.0000e+00
 146.917431     43.270  34.927072     8.0633     2.7481     42.904    33.5408    26.1192 0.0000e+00
 146.917436     43.405  34.926776     8.0633     2.7542     43.038    33.5404    26.1189 -9.990e-29
 146.917442     43.512  34.926872     8.0641     2.7481     43.144    33.5397    26.1182 -9.990e-29
 146.917448     43.595  34.926869     8.0654     2.7562     43.227    33.5384    26.1170 -9.990e-29
 146.917454     43.655  34.926708     8.0668     2.7520     43.286    33.5369    26.1156 -9.990e-29
 146.917459     43.686  34.927236     8.0678     2.7479     43.317    33.5365    26.1152 -9.990e-29
 146.917465     43.686  34.928538     8.0684     2.7415     43.317    33.5373    26.1157 -9.990e-29
 146.917471     43.660  34.930055     8.0691     2.7372     43.291    33.5383    26.1164 -9.990e-29
 146.917477     43.615  34.931514     8.0700     2.7498     43.246    33.5390    26.1168 -9.990e-29
 146.917483     43.551  34.932564     8.0707     2.7458     43.183    33.5395    26.1171 -9.990e-29
 146.917488     43.461  34.932866     8.0707     2.7561     43.094    33.5398    26.1173 -9.990e-29
 146.917494     43.335  34.932768     8.0701     2.7394     42.969    33.5403    26.1178 0.0000e+00
 146.917500     43.168  34.933202     8.0695     2.7497     42.803    33.5415    26.1188 0.0000e+00
 146.917506     42.960  34.934129     8.0682     2.7476     42.597    33.5438    26.1208 0.0000e+00
 146.917512     42.717  34.933929     8.0666     2.7454     42.356    33.5452    26.1222 0.0000e+00
 146.917517     42.463  34.931719     8.0657     2.7494     42.104    33.5439    26.1212 0.0000e+00
 146.917523     42.217  34.928977     8.0653     2.7430     41.860    33.5414    26.1194 0.0000e+00
 146.917529     41.984  34.927228     8.0645     2.7386     41.629    33.5404    26.1187 0.0000e+00
 146.917535     41.761  34.926354     8.0634     2.7445     41.408    33.5407    26.1191 0.0000e+00
 146.917541     41.543  34.925928     8.0632     2.7463     41.192    33.5405    26.1190 0.0000e+00
 146.917546     41.326  34.925947     8.0634     2.7399     40.977    33.5404    26.1189 0.0000e+00
 146.917552     41.099  34.926076     8.0635     2.7480     40.752    33.5406    26.1190 0.0000e+00
 146.917558     40.852  34.925942     8.0638     2.7370     40.507    33.5403    26.1187 0.0000e+00
 146.917564     40.583  34.925944     8.0644     2.7446     40.240    33.5398    26.1182 0.0000e+00
 146.917569     40.287  34.926104     8.0648     2.7484     39.947    33.5398    26.1181 0.0000e+00
 146.917575     39.958  34.926091     8.0653     2.7623     39.621    33.5394    26.1178 0.0000e+00
 146.917581     39.597  34.926465     8.0663     2.7678     39.263    33.5390    26.1173 0.0000e+00
 146.917587     39.207  34.927183     8.0678     2.7714     38.876    33.5385    26.1167 0.0000e+00
 146.917593     38.796  34.926981     8.0692     2.7931     38.469    33.5372    26.1154 0.0000e+00
 146.917598     38.387  34.925607     8.0713     2.7907     38.063    33.5339    26.1125 0.0000e+00
 146.917604     37.999  34.924050     8.0759     2.8123     37.678    33.5280    26.1072 0.0000e+00
 146.917610     37.643  34.923053     8.0840     2.8149     37.325    33.5194    26.0992 0.0000e+00
 146.917616     37.317  34.922984     8.0939     2.8369     37.002    33.5100    26.0904 0.0000e+00
 146.917622     37.014  34.923770     8.1035     2.8551     36.702    33.5018    26.0825 0.0000e+00
 146.917627     36.722  34.924800     8.1138     2.8858     36.412    33.4932    26.0743 0.0000e+00
 146.917633     36.437  34.925785     8.1251     2.8917     36.130    33.4835    26.0650 0.0000e+00
 146.917639     36.156  34.926938     8.1374     2.8974     35.851    33.4732    26.0551 0.0000e+00
 146.917645     35.880  34.928694     8.1507     2.9093     35.577    33.4625    26.0447 0.0000e+00
 146.917650     35.603  34.931176     8.1646     2.9173     35.303    33.4520    26.0344 0.0000e+00
 146.917656     35.313  34.933793     8.1806     2.9296     35.015    33.4396    26.0223 0.0000e+00
 146.917662     34.994  34.936132     8.1967     2.9314     34.699    33.4269    26.0100 0.0000e+00
 146.917668     34.645  34.937974     8.2078     2.9491     34.353    33.4185    26.0017 0.0000e+00
 146.917674     34.273  34.939555     8.2133     2.9400     33.984    33.4151    25.9982 0.0000e+00
 146.917679     33.888  34.941324     8.2159     2.9429     33.602    33.4147    25.9975 0.0000e+00
 146.917685     33.500  34.942860     8.2180     2.9291     33.218    33.4145    25.9970 0.0000e+00
 146.917691     33.119  34.943992     8.2206     2.9365     32.840    33.4134    25.9958 0.0000e+00
 146.917697     32.750  34.945127     8.2231     2.9374     32.474    33.4124    25.9946 0.0000e+00
 146.917703     32.397  34.946120     8.2254     2.9610     32.124    33.4114    25.9935 0.0000e+00
 146.917708     32.061  34.946633     8.2282     2.9711     31.791    33.4095    25.9915 0.0000e+00
 146.917714     31.738  34.946809     8.2331     2.9846     31.471    33.4051    25.9874 0.0000e+00
 146.917720     31.414  34.946899     8.2413     3.0148     31.149    33.3976    25.9802 0.0000e+00
 146.917726     31.074  34.947042     8.2532     3.0369     30.812    33.3866    25.9698 0.0000e+00
 146.917731     30.724  34.947443     8.2689     3.0672     30.465    33.3723    25.9562 0.0000e+00
 146.917737     30.376  34.948097     8.2864     3.0785     30.120    33.3565    25.9413 0.0000e+00
 146.917743     30.037  34.948778     8.3036     3.1000     29.784    33.3411    25.9266 0.0000e+00
 146.917749     29.707  34.949294     8.3200     3.1098     29.457    33.3262    25.9125 0.0000e+00
 146.917755     29.383  34.949237     8.3337     3.1260     29.136    33.3133    25.9003 0.0000e+00
 146.917760     29.060  34.948548     8.3440     3.1277     28.815    33.3030    25.8906 0.0000e+00
 146.917766     28.736  34.948009     8.3534     3.1459     28.494    33.2937    25.8819 0.0000e+00
 146.917772     28.403  34.948042     8.3618     3.1437     28.164    33.2859    25.8746 0.0000e+00
 146.917778     28.052  34.948150     8.3692     3.1578     27.816    33.2792    25.8682 0.0000e+00
 146.917784     27.682  34.947934     8.3768     3.1552     27.449    33.2719    25.8613 0.0000e+00
 146.917789     27.292  34.947686     8.3849     3.1668     27.062    33.2642    25.8540 0.0000e+00
 146.917795     26.883  34.947654     8.3919     3.1697     26.657    33.2577    25.8479 0.0000e+00
 146.917801     26.470  34.947816     8.3964     3.1769     26.247    33.2539    25.8442 0.0000e+00
 146.917807     26.075  34.948407     8.3993     3.1704     25.856    33.2519    25.8422 0.0000e+00
 146.917813     25.703  34.949117     8.4016     3.1674     25.487    33.2507    25.8409 0.0000e+00
 146.917818     25.348  34.949232     8.4032     3.1859     25.135    33.2495    25.8397 0.0000e+00
 146.917824     25.007  34.948922     8.4051     3.1946     24.797    33.2475    25.8379 0.0000e+00
 146.917830     24.681  34.948914     8.4091     3.2304     24.474    33.2439    25.8344 0.0000e+00
 146.917836     24.362  34.949215     8.4158     3.2457     24.157    33.2380    25.8288 0.0000e+00
 146.917841     24.034  34.949122     8.4249     3.2674     23.832    33.2295    25.8207 0.0000e+00
 146.917847     23.685  34.948531     8.4355     3.2969     23.486    33.2190    25.8109 0.0000e+00
 146.917853     23.322  34.948351     8.4456     3.3445     23.126    33.2095    25.8019 0.0000e+00
 146.917859     22.965  34.949479     8.4555     3.4123     22.772    33.2015    25.7942 0.0000e+00
 146.917865     22.622  34.951761     8.4668     3.5019     22.432    33.1934    25.7861 0.0000e+00
 146.917870     22.284  34.953782     8.4839     3.5947     22.097    33.1796    25.7727 0.0000e+00
 146.917876     21.936  34.954337     8.5185     3.6750     21.752    33.1478    25.7425 0.0000e+00
 146.917882     21.567  34.953062     8.5738     3.7291     21.386    33.0947    25.6925 0.0000e+00
 146.917888     21.174  34.947716     8.6301     3.7490     20.996    33.0366    25.6384 0.0000e+00
 146.917894     20.771  34.935675     8.6690     3.7533     20.597    32.9878    25.5942 0.0000e+00
 146.917899     20.370  34.916028     8.6931     3.7438     20.199    32.9449    25.5569 0.0000e+00
 146.917905     19.975  34.892840     8.7101     3.7502     19.807    32.9050    25.5231 0.0000e+00
 146.917911     19.588  34.872729     8.7202     3.7602     19.424    32.8747    25.4978 0.0000e+00
 146.917917     19.214  34.856894     8.7247     3.7606     19.053    32.8541    25.4810 0.0000e+00
 146.917922     18.855  34.843837     8.7290     3.7460     18.697    32.8366    25.4666 0.0000e+00
 146.917928     18.501  34.831284     8.7352     3.7501     18.346    32.8179    25.4510 0.0000e+00
 146.917934     18.141  34.818190     8.7413     3.7356     17.989    32.7987    25.4350 0.0000e+00
 146.917940     17.776  34.805586     8.7455     3.7411     17.627    32.7818    25.4211 0.0000e+00
 146.917946     17.410  34.794601     8.7470     3.7364     17.264    32.7691    25.4109 0.0000e+00
 146.917951     17.056  34.785723     8.7473     3.7397     16.913    32.7597    25.4035 0.0000e+00
 146.917957     16.721  34.778333     8.7480     3.7432     16.581    32.7514    25.3970 0.0000e+00
