data/oxygen options/ONMS/Olympic_Coast_National_Marine_Sanctuary_CTD_Data_2005_2023/raw_data/2017/CAST_KL015_170726faed.cnv
* Sea-Bird SBE 19 Data File:
* FileName = C:\2017 Mooring Data\Casts\CAST_KL015_170726.hex
* Software Version SeatermAF 2.1.2
* Temperature SN = 2997
* Conductivity SN = 2997
* System UpLoad Time = Jul 26 2017 18:38:56 (localtime) = Jul 26 2017 18:38:56 (UTC)
** CAST_KL015_170726
* ds
# nquan = 9                                 
# nvalues = 1101                        
# units = specified
# name 0 = timeJ: Julian Days
# name 1 = prSM: Pressure, Strain Gauge [db]
# name 2 = c0mS/cm: Conductivity [mS/cm]
# name 3 = t090C: Temperature [ITS-90, deg C]
# name 4 = sbeox0ML/L: Oxygen, SBE 43 [ml/l]
# name 5 = depSM: Depth [salt water, m], lat = 47.5
# name 6 = sal00: Salinity, Practical [PSU]
# name 7 = sigma-é00: Density [sigma-theta, kg/m^3]
# name 8 = flag: flag
# span 0 = 207.750301, 207.756667       
# span 1 =     -4.538,     14.192       
# span 2 =   0.494947,  37.072363       
# span 3 =     8.0160,    14.2920       
# span 4 =   -13.4743,    14.3331       
# span 5 =     -4.500,     14.073       
# span 6 =     0.3044,    33.6991       
# span 7 =    -0.5587,    26.2398       
# span 8 = 0.0000e+00, 0.0000e+00       
# interval = seconds: 0.5
# start_time = Jul 26 2017 18:00:26 [Instrument's time stamp, header]
# bad_flag = -9.990e-29
*END*
[from data line 321]
 207.752159     -0.671   0.640892    13.8940    -1.9415     -0.665     0.4015    -0.4272 -9.990e-29
 207.752164     -0.662   0.641196    13.8900    -1.9410     -0.656     0.4017    -0.4264 -9.990e-29
 207.752170     -0.652   0.640609    13.8860    -1.9407     -0.647     0.4014    -0.4261 -9.990e-29
 207.752176     -0.641   0.639457    13.8824    -1.9404     -0.636     0.4007    -0.4262 -9.990e-29
 207.752182     -0.631   0.638421    13.8789    -1.9403     -0.626     0.4001    -0.4262 -9.990e-29
 207.752187     -0.622   0.637785    13.8755    -1.9407     -0.617     0.3997    -0.4260 -9.990e-29
 207.752193     -0.609   0.637257    13.8733    -1.9407     -0.604     0.3994    -0.4260 -9.990e-29
 207.752199     -0.595   0.636136    13.8747    -1.9407     -0.590     0.3986    -0.4267 -9.990e-29
 207.752205     -0.585   0.634035    13.8803    -1.9409     -0.580     0.3972    -0.4286 -9.990e-29
 207.752211     -0.577   0.631478    13.8886    -1.9410     -0.572     0.3955    -0.4311 -9.990e-29
 207.752216     -0.570   0.629491    13.8976    -1.9410     -0.565     0.3941    -0.4334 -9.990e-29
 207.752222     -0.565   0.628752    13.9056    -1.9411     -0.560     0.3935    -0.4350 -9.990e-29
 207.752228     -0.562   0.628833    13.9108    -1.9410     -0.557     0.3935    -0.4357 -9.990e-29
 207.752234     -0.559   0.628735    13.9119    -1.9412     -0.554     0.3934    -0.4359 -9.990e-29
 207.752240     -0.556   0.628328    13.9098    -1.9411     -0.551     0.3932    -0.4358 -9.990e-29
 207.752245     -0.554   0.628731    13.9074    -1.9412     -0.549     0.3935    -0.4352 -9.990e-29
 207.752251     -0.553   0.630483    13.9053    -1.9417     -0.548     0.3946    -0.4341 -9.990e-29
 207.752257     -0.552   0.632043    13.9033    -1.9419     -0.547     0.3957    -0.4330 -9.990e-29
 207.752263     -0.551   0.631612    13.9019    -1.9419     -0.546     0.3954    -0.4330 -9.990e-29
 207.752269     -0.550   0.629170    13.9009    -1.9422     -0.545     0.3938    -0.4341 -9.990e-29
 207.752274     -0.550   0.626450    13.8998    -1.9424     -0.545     0.3921    -0.4353 -9.990e-29
 207.752280     -0.549   0.625369    13.8987    -1.9426     -0.544     0.3914    -0.4357 -9.990e-29
 207.752286     -0.549   0.626150    13.8976    -1.9425     -0.544     0.3919    -0.4351 -9.990e-29
 207.752292     -0.548   0.627064    13.8962    -1.9425     -0.543     0.3925    -0.4344 -9.990e-29
 207.752297     -0.548   0.626561    13.8926    -1.9423     -0.543     0.3922    -0.4342 -9.990e-29
 207.752303     -0.547   0.625081    13.8866    -1.9423     -0.542     0.3913    -0.4340 -9.990e-29
 207.752309     -0.547   0.623975    13.8814    -1.9422     -0.542     0.3907    -0.4338 -9.990e-29
 207.752315     -0.546   0.623989    13.8775    -1.9423     -0.541     0.3907    -0.4333 -9.990e-29
 207.752321     -0.546   0.624588    13.8733    -1.9424     -0.541     0.3911    -0.4323 -9.990e-29
 207.752326     -0.545   0.624353    13.8695    -1.9425     -0.540     0.3910    -0.4319 -9.990e-29
 207.752332     -0.544   0.622974    13.8673    -1.9421     -0.539     0.3901    -0.4323 -9.990e-29
 207.752338     -0.543   0.621383    13.8668    -1.9418     -0.538     0.3891    -0.4330 -9.990e-29
 207.752344     -0.542   0.620231    13.8676    -1.9419     -0.537     0.3884    -0.4337 -9.990e-29
 207.752350     -0.540   0.619647    13.8692    -1.9419     -0.535     0.3880    -0.4342 -9.990e-29
 207.752355     -0.538   0.619408    13.8708    -1.9419     -0.534     0.3878    -0.4346 -9.990e-29
 207.752361     -0.535   0.619195    13.8716    -1.9419     -0.531     0.3877    -0.4348 -9.990e-29
 207.752367     -0.532   0.618727    13.8713    -1.9422     -0.528     0.3874    -0.4350 -9.990e-29
 207.752373     -0.527   0.617934    13.8713    -1.9424     -0.523     0.3868    -0.4354 -9.990e-29
 207.752378     -0.521   0.616868    13.8733    -1.9426     -0.517     0.3861    -0.4362 -9.990e-29
 207.752384     -0.518   0.615220    13.8771    -1.9427     -0.514     0.3850    -0.4376 -9.990e-29
 207.752390     -0.521   0.613008    13.8803    -1.9431     -0.517     0.3836    -0.4392 -9.990e-29
 207.752396     -0.527   0.611164    13.8814    -1.9431     -0.523     0.3824    -0.4403 -9.990e-29
 207.752402     -0.531   0.610557    13.8814    -1.9427     -0.527     0.3820    -0.4406 -9.990e-29
 207.752407     -0.535   0.610933    13.8808    -1.9421     -0.531     0.3822    -0.4403 -9.990e-29
 207.752413     -0.537   0.611502    13.8790    -1.9415     -0.533     0.3826    -0.4398 -9.990e-29
 207.752419     -0.539   0.611912    13.8754    -1.9412     -0.535     0.3829    -0.4390 -9.990e-29
 207.752425     -0.540   0.611973    13.8712    -1.9409     -0.535     0.3830    -0.4384 -9.990e-29
 207.752431     -0.541   0.611211    13.8671    -1.9409     -0.536     0.3825    -0.4382 -9.990e-29
 207.752436     -0.542   0.609532    13.8632    -1.9410     -0.537     0.3815    -0.4385 -9.990e-29
 207.752442     -0.542   0.607467    13.8603    -1.9412     -0.537     0.3802    -0.4391 -9.990e-29
 207.752448     -0.541   0.605586    13.8613    -1.9413     -0.536     0.3789    -0.4402 -9.990e-29
 207.752454     -0.541   0.604153    13.8682    -1.9414     -0.536     0.3779    -0.4419 -9.990e-29
 207.752459     -0.539   0.602917    13.8792    -1.9415     -0.535     0.3770    -0.4441 -9.990e-29
 207.752465     -0.537   0.601893    13.8903    -1.9414     -0.533     0.3763    -0.4462 -9.990e-29
 207.752471     -0.535   0.601378    13.8986    -1.9418     -0.531     0.3759    -0.4477 -9.990e-29
 207.752477     -0.532   0.601236    13.9035    -1.9415     -0.528     0.3757    -0.4485 -9.990e-29
 207.752483     -0.527   0.601277    13.9051    -1.9412     -0.523     0.3757    -0.4487 -9.990e-29
 207.752488     -0.522   0.601554    13.9040    -1.9414     -0.518     0.3759    -0.4484 -9.990e-29
 207.752494     -0.515   0.601883    13.9018    -1.9411     -0.511     0.3762    -0.4479 -9.990e-29
 207.752500     -0.505   0.601592    13.8996    -1.9409     -0.501     0.3760    -0.4477 -9.990e-29
 207.752506     -0.497   0.600293    13.8977    -1.9411     -0.493     0.3752    -0.4481 -9.990e-29
 207.752512     -0.495   0.598469    13.8962    -1.9418     -0.491     0.3740    -0.4488 -9.990e-29
 207.752517     -0.493   0.597012    13.8947    -1.9421     -0.489     0.3731    -0.4493 -9.990e-29
 207.752523     -0.488   0.596196    13.8942    -1.9421     -0.484     0.3725    -0.4497 -9.990e-29
 207.752529     -0.479   0.595485    13.8966    -1.9424     -0.475     0.3721    -0.4504 -9.990e-29
 207.752535     -0.466   0.594485    13.9000    -1.9428     -0.462     0.3714    -0.4514 -9.990e-29
 207.752541     -0.452   0.593525    13.9020    -1.9432     -0.448     0.3707    -0.4521 -9.990e-29
 207.752546     -0.444   0.592985    13.9038    -1.9437     -0.440     0.3704    -0.4527 -9.990e-29
 207.752552     -0.443   0.592699    13.9043    -1.9439     -0.439     0.3702    -0.4529 -9.990e-29
 207.752558     -0.439   0.592283    13.8999    -1.9437     -0.435     0.3700    -0.4525 -9.990e-29
 207.752564     -0.433   0.591737    13.8915    -1.9432     -0.429     0.3697    -0.4515 -9.990e-29
 207.752569     -0.428   0.591993    13.8839    -1.9430     -0.424     0.3699    -0.4503 -9.990e-29
 207.752575     -0.419   0.593393    13.8784    -1.9436     -0.416     0.3709    -0.4488 -9.990e-29
 207.752581     -0.402   0.594478    13.8726    -1.9446     -0.399     0.3716    -0.4474 -9.990e-29
 207.752587     -0.381   0.593922    13.8652    -1.9454     -0.378     0.3713    -0.4466 -9.990e-29
 207.752593     -0.361   0.592089    13.8568    -1.9459     -0.358     0.3702    -0.4463 -9.990e-29
 207.752598     -0.347   0.590415    13.8498    -1.9481     -0.344     0.3692    -0.4461 -9.990e-29
 207.752604     -0.337   0.589436    13.8467    -1.9500     -0.334     0.3686    -0.4462 -9.990e-29
 207.752610     -0.330   0.588402    13.8485    -1.9515     -0.327     0.3679    -0.4469 -9.990e-29
 207.752616     -0.327   0.587039    13.8523    -1.9523     -0.324     0.3670    -0.4482 -9.990e-29
 207.752622     -0.328   0.585746    13.8509    -1.9525     -0.325     0.3662    -0.4486 -9.990e-29
 207.752627     -0.331   0.585017    13.8398    -1.9527     -0.328     0.3658    -0.4474 -9.990e-29
 207.752633     -0.337   0.585540    13.8209    -1.9539     -0.334     0.3663    -0.4444 -9.990e-29
 207.752639     -0.347   0.588011    13.7973    -1.9559     -0.344     0.3681    -0.4397 -9.990e-29
 207.752645     -0.357   0.594615    13.7666    -1.9576     -0.354     0.3727    -0.4320 -9.990e-29
 207.752650     -0.360   0.609168    13.7264    -1.9587     -0.357     0.3825    -0.4188 -9.990e-29
 207.752656     -0.354   0.631677    13.6830    -1.9599     -0.351     0.3976    -0.4012 -9.990e-29
 207.752662     -0.345   0.657790    13.6451    -1.9606     -0.342     0.4151    -0.3825 -9.990e-29
 207.752668     -0.332   0.687959    13.6161    -1.9615     -0.329     0.4352    -0.3630 -9.990e-29
 207.752674     -0.317   0.724720    13.5926    -1.9635     -0.314     0.4596    -0.3408 -9.990e-29
 207.752679     -0.305   0.766096    13.5664    -1.7712     -0.302     0.4872    -0.3158 -9.990e-29
 207.752685     -0.295   0.812379    13.5322    -1.8156     -0.293     0.5183    -0.2871 -9.990e-29
 207.752691     -0.286   0.862092    13.4929    -1.7154     -0.284     0.5519    -0.2557 -9.990e-29
 207.752697     -0.277   0.905577    13.4560    -1.7154     -0.275     0.5815    -0.2278 -9.990e-29
 207.752703     -0.264   0.935958    13.4235    -1.7034     -0.262     0.6023    -0.2072 -9.990e-29
 207.752708     -0.241   0.962699    13.3892    -1.7036     -0.239     0.6208    -0.1883 -9.990e-29
 207.752714     -0.216   1.023671    13.3361    -1.7043     -0.214     0.6628    -0.1486 -9.990e-29
 207.752720     -0.196   1.216799    13.2184    -1.7020     -0.194     0.7964    -0.0294 -9.990e-29
 207.752726     -0.174   1.815106    12.9136    -1.6996     -0.173     1.2212     0.3400 -9.990e-29
 207.752731     -0.146   3.625202    12.2802    -1.6979     -0.145     2.5794     1.4738 -9.990e-29
 207.752737     -0.109   9.063875    11.4849    -1.7019     -0.108     7.0167     5.0098 -9.990e-29
 207.752743     -0.061  17.714868    10.9097    -1.7042     -0.060    14.7140    11.0437 -9.990e-29
 207.752749     -0.004  25.481135    10.6362    -1.7036     -0.004    22.0534    16.7722 -9.990e-29
 207.752755      0.058  31.001040    10.5239    -1.7025      0.058    27.4519    20.9830 -9.990e-29
 207.752760      0.124  34.308571    10.4757    -1.7040      0.123    30.7524    23.5591 -9.990e-29
 207.752766      0.198  35.748496    10.4443    -1.7051      0.196    32.2164    24.7047 -9.990e-29
 207.752772      0.277  36.381255    10.4252    -1.7054      0.275    32.8682    25.2159 -9.990e-29
 207.752778      0.349  36.672013    10.4196    -1.7029      0.346    33.1656    25.4486 -9.990e-29
 207.752784      0.409  36.884105    10.4164    -1.7024      0.406    33.3820    25.6179 -9.990e-29
 207.752789      0.457  37.037107    10.4085    -1.7026      0.453    33.5435    25.7451 -9.990e-29
 207.752795      0.493  37.072363    10.4011    -1.7042      0.489    33.5858    25.7795 -9.990e-29
 207.752801      0.522  36.985339    10.3995    -1.7055      0.518    33.4996    25.7125 -9.990e-29
 207.752807      0.550  36.885661    10.4006    -1.7058      0.545    33.3981    25.6331 -9.990e-29
 207.752813      0.575  36.851522    10.3983    -1.7031      0.570    33.3658    25.6083 -9.990e-29
 207.752818      0.590  36.837945    10.3901    -1.7039      0.585    33.3596    25.6050 -9.990e-29
 207.752824      0.597  36.799367    10.3787    -1.7026      0.592    33.3312    25.5848 -9.990e-29
 207.752830      0.603  36.772249    10.3709    -1.7054      0.598    33.3110    25.5704 -9.990e-29
 207.752836      0.614  36.811127    10.3702    -1.7067      0.609    33.3508    25.6015 -9.990e-29
 207.752841      0.627  36.894459    10.3754    -1.7062      0.622    33.4301    25.6624 -9.990e-29
 207.752847      0.632  36.940699    10.3827    -1.7045      0.627    33.4700    25.6923 -9.990e-29
 207.752853      0.631  36.907320    10.3876    -1.7030      0.626    33.4318    25.6617 -9.990e-29
 207.752859      0.633  36.821479    10.3884    -1.7059      0.628    33.3446    25.5935 -9.990e-29
 207.752865      0.641  36.749577    10.3825    -1.7068      0.636    33.2775    25.5422 -9.990e-29
 207.752870      0.657  36.751960    10.3724    -1.7044      0.652    33.2892    25.5531 -9.990e-29
 207.752876      0.676  36.816665    10.3697    -1.7033      0.670    33.3569    25.6063 -9.990e-29
 207.752882      0.691  36.873151    10.3749    -1.7040      0.685    33.4090    25.6461 -9.990e-29
 207.752888      0.700  36.857834    10.3780    -1.7041      0.694    33.3907    25.6313 -9.990e-29
 207.752894      0.703  36.767068    10.3758    -1.7045      0.697    33.3013    25.5619 -9.990e-29
 207.752899      0.703  36.692607    10.3697    -1.7048      0.697    33.2318    25.5088 -9.990e-29
 207.752905      0.706  36.707065    10.3649    -1.7044      0.700    33.2508    25.5244 -9.990e-29
 207.752911      0.708  36.780980    10.3654    -1.7050      0.702    33.3248    25.5821 -9.990e-29
 207.752917      0.703  36.814092    10.3682    -1.7045      0.697    33.3556    25.6056 -9.990e-29
 207.752922      0.697  36.766531    10.3726    -1.7037      0.691    33.3036    25.5643 -9.990e-29
 207.752928      0.694  36.741739    10.3798    -1.7039      0.688    33.2721    25.5385 -9.990e-29
 207.752934      0.692  36.787277    10.3889    -1.7039      0.686    33.3096    25.5662 -9.990e-29
 207.752940      0.691  36.823289    10.3967    -1.7019      0.685    33.3387    25.5875 -9.990e-29
 207.752946      0.689  36.808736    10.4009    -1.7017      0.683    33.3202    25.5724 -9.990e-29
 207.752951      0.683  36.774595    10.4030    -1.7029      0.677    33.2839    25.5437 -9.990e-29
 207.752957      0.679  36.745323    10.4049    -1.7036      0.673    33.2527    25.5191 -9.990e-29
 207.752963      0.676  36.727791    10.4072    -1.7043      0.670    33.2329    25.5033 -9.990e-29
 207.752969      0.673  36.718762    10.4102    -1.7046      0.667    33.2211    25.4935 -9.990e-29
 207.752975      0.671  36.715697    10.4124    -1.7026      0.665    33.2160    25.4892 -9.990e-29
 207.752980      0.670  36.730168    10.4126    -1.7025      0.664    33.2304    25.5004 -9.990e-29
 207.752986      0.669  36.755693    10.4139    -1.7029      0.663    33.2549    25.5192 -9.990e-29
 207.752992      0.668  36.779248    10.4191    -1.7022      0.662    33.2739    25.5331 -9.990e-29
 207.752998      0.667  36.815418    10.4255    -1.7020      0.661    33.3044    25.5558 -9.990e-29
 207.753003      0.667  36.857533    10.4300    -1.7035      0.661    33.3427    25.5849 -9.990e-29
 207.753009      0.667  36.858127    10.4294    -1.7046      0.661    33.3438    25.5859 -9.990e-29
 207.753015      0.671  36.809013    10.4225    -1.7045      0.665    33.3007    25.5535 -9.990e-29
 207.753021      0.685  36.757805    10.4135    -1.7028      0.679    33.2574    25.5212 -9.990e-29
 207.753027      0.704  36.740923    10.4070    -1.7021      0.698    33.2463    25.5137 -9.990e-29
 207.753032      0.721  36.775595    10.4069    -1.7020      0.715    33.2813    25.5410 -9.990e-29
 207.753038      0.733  36.841951    10.4116    -1.7033      0.727    33.3439    25.5890 -9.990e-29
 207.753044      0.741  36.878366    10.4152    -1.7034      0.735    33.3772    25.6144 -9.990e-29
 207.753050      0.745  36.880175    10.4166    -1.7037      0.739    33.3778    25.6145 -9.990e-29
 207.753056      0.746  36.881690    10.4176    -1.7039      0.740    33.3784    25.6148 -9.990e-29
 207.753061      0.744  36.861952    10.4168    -1.7032      0.738    33.3592    25.6001 -9.990e-29
 207.753067      0.742  36.804143    10.4139    -1.7029      0.736    33.3037    25.5572 -9.990e-29
 207.753073      0.746  36.758285    10.4120    -1.7046      0.740    33.2592    25.5229 -9.990e-29
