data/oxygen options/ONMS/Olympic_Coast_National_Marine_Sanctuary_CTD_Data_2005_2023/raw_data/2017/CAST_MB015_170828faed.cnv
* Sea-Bird SBE 19 Data File:
* FileName = C:\2017 Mooring Data\Casts\CAST_MB015_170828.hex
* Software Version SeatermAF 2.1.2
* Temperature SN = 2997
* Conductivity SN = 2997
* System UpLoad Time = Aug 29 2017 00:13:34 (localtime) = Aug 29 2017 00:13:34 (UTC)
** CAST_MB015_170828
* ds
# nquan = 9                                 
# nvalues = 968                         
# units = specified
# name 0 = timeJ: Julian Days
# name 1 = prSM: Pressure, Strain Gauge [db]
# name 2 = c0mS/cm: Conductivity [mS/cm]
# name 3 = t090C: Temperature [ITS-90, deg C]
# name 4 = sbeox0ML/L: Oxygen, SBE 43 [ml/l]
# name 5 = depSM: Depth [salt water, m], lat = 47.5
# name 6 = sal00: Salinity, Practical [PSU]
# name 7 = sigma-é00: Density [sigma-theta, kg/m^3]
# name 8 = flag: flag
# span 0 = 240.980926, 240.986522       
# span 1 =     -3.130,     14.728       
# span 2 =   0.386117,  40.580297       
# span 3 =     9.1485,    18.8016       
# span 4 =    -1.7746,    19.2886       
# span 5 =     -3.104,     14.605       
# span 6 =     0.2134,    33.8078       
# span 7 =    -1.3797,    25.7790       
# span 8 = 0.0000e+00, 0.0000e+00       
# interval = seconds: 0.5
# start_time = Aug 28 2017 23:32:32 [Instrument's time stamp, header]
# bad_flag = -9.990e-29
*END*
[from data line 481]
 240.983709      0.173   0.489613    18.5597    -1.7663      0.172     0.2720    -1.2995 -9.990e-29
 240.983715      0.179   0.492959    18.5718    -1.7662      0.178     0.2739    -1.3004 -9.990e-29
 240.983721      0.188   0.497889    18.5823    -1.7662      0.186     0.2766    -1.3003 -9.990e-29
 240.983727      0.197   0.503218    18.5906    -1.7668      0.195     0.2796    -1.2996 -9.990e-29
 240.983733      0.202   0.507371    18.5960    -1.7671      0.200     0.2819    -1.2988 -9.990e-29
 240.983738      0.203   0.510347    18.5978    -1.7668      0.201     0.2836    -1.2979 -9.990e-29
 240.983744      0.201   0.512418    18.5975    -1.7668      0.199     0.2848    -1.2969 -9.990e-29
 240.983750      0.199   0.513574    18.5957    -1.7667      0.197     0.2855    -1.2961 -9.990e-29
 240.983756      0.202   0.513880    18.5928    -1.7663      0.200     0.2857    -1.2954 -9.990e-29
 240.983762      0.206   0.513741    18.5908    -1.7662      0.204     0.2856    -1.2950 -9.990e-29
 240.983767      0.206   0.515187    18.5888    -1.7659      0.204     0.2864    -1.2940 -9.990e-29
 240.983773      0.202   0.520144    18.5835    -1.7661      0.200     0.2893    -1.2908 -9.990e-29
 240.983779      0.195   0.528018    18.5760    -1.7670      0.193     0.2938    -1.2859 -9.990e-29
 240.983785      0.189   0.536009    18.5720    -1.7681      0.187     0.2984    -1.2816 -9.990e-29
 240.983791      0.186   0.540367    18.5727    -1.7690      0.184     0.3009    -1.2798 -9.990e-29
 240.983796      0.187   0.540250    18.5748    -1.7699      0.185     0.3009    -1.2803 -9.990e-29
 240.983802      0.192   0.539936    18.5769    -1.7703      0.190     0.3007    -1.2808 -9.990e-29
 240.983808      0.192   0.544544    18.5793    -1.7708      0.190     0.3033    -1.2793 -9.990e-29
 240.983814      0.185   0.555232    18.5815    -1.7714      0.183     0.3094    -1.2750 -9.990e-29
 240.983819      0.176   0.567964    18.5810    -1.7720      0.175     0.3167    -1.2693 -9.990e-29
 240.983825      0.171   0.577001    18.5725    -1.7724      0.170     0.3219    -1.2636 -9.990e-29
 240.983831      0.173   0.581091    18.5539    -1.7726      0.172     0.3244    -1.2582 -9.990e-29
 240.983837      0.183   0.582364    18.5288    -1.7727      0.181     0.3253    -1.2527 -9.990e-29
 240.983843      0.192   0.581961    18.5026    -1.7730      0.190     0.3253    -1.2477 -9.990e-29
 240.983848      0.197   0.582113    18.4790    -1.7733      0.195     0.3256    -1.2430 -9.990e-29
 240.983854      0.197   0.585238    18.4598    -1.7733      0.195     0.3275    -1.2378 -9.990e-29
 240.983860      0.198   0.589962    18.4434    -1.7732      0.196     0.3304    -1.2325 -9.990e-29
 240.983866      0.204   0.593164    18.4277    -1.7731      0.202     0.3323    -1.2280 -9.990e-29
 240.983872      0.210   0.593571    18.4133    -1.7732      0.208     0.3327    -1.2250 -9.990e-29
 240.983877      0.213   0.592832    18.4015    -1.7729      0.211     0.3323    -1.2230 -9.990e-29
 240.983883      0.213   0.593283    18.3928    -1.7724      0.211     0.3327    -1.2211 -9.990e-29
 240.983889      0.210   0.594973    18.3862    -1.7722      0.208     0.3337    -1.2191 -9.990e-29
 240.983895      0.208   0.596273    18.3795    -1.7722      0.206     0.3345    -1.2172 -9.990e-29
 240.983900      0.211   0.596699    18.3735    -1.7724      0.209     0.3348    -1.2158 -9.990e-29
 240.983906      0.216   0.598481    18.3714    -1.7724      0.214     0.3358    -1.2146 -9.990e-29
 240.983912      0.217   0.602333    18.3733    -1.7721      0.215     0.3381    -1.2133 -9.990e-29
 240.983918      0.216   0.603970    18.3762    -1.7718      0.214     0.3390    -1.2131 -9.990e-29
 240.983924      0.212   0.600587    18.3789    -1.7717      0.210     0.3370    -1.2152 -9.990e-29
 240.983929      0.206   0.595983    18.3829    -1.7719      0.204     0.3343    -1.2180 -9.990e-29
 240.983935      0.195   0.596209    18.3877    -1.7720      0.193     0.3344    -1.2188 -9.990e-29
 240.983941      0.181   0.605442    18.3912    -1.7722      0.179     0.3397    -1.2154 -9.990e-29
 240.983947      0.166   0.619922    18.3931    -1.6317      0.165     0.3481    -1.2094 -9.990e-29
 240.983953      0.162   0.627928    18.3944    -1.5487      0.161     0.3527    -1.2061 -9.990e-29
 240.983958      0.174   0.626282    18.3960    -1.5724      0.173     0.3517    -1.2071 -9.990e-29
 240.983964      0.188   0.624424    18.3982    -1.5776      0.186     0.3506    -1.2084 -9.990e-29
 240.983970      0.203   0.633172    18.3984    -1.5738      0.201     0.3557    -1.2045 -9.990e-29
 240.983976      0.222   0.664745    18.3894    -1.5763      0.220     0.3741    -1.1887 -9.990e-29
 240.983981      0.243   0.747941    18.3569    -1.5814      0.241     0.4230    -1.1451 -9.990e-29
 240.983987      0.263   0.975400    18.2617    -1.5802      0.261     0.5584    -1.0232 -9.990e-29
 240.983993      0.283   1.639320    17.9819    -1.5760      0.281     0.9671    -0.6575 -9.990e-29
 240.983999      0.305   3.624370    17.2124    -1.5750      0.302     2.2757     0.4853 -9.990e-29
 240.984005      0.329   9.583932    15.9893    -1.5780      0.326     6.6303     4.0329 -9.990e-29
 240.984010      0.358  20.631952    14.9509    -1.5817      0.355    15.6216    11.0971 -9.990e-29
 240.984016      0.393  31.505536    14.4117    -1.5834      0.390    25.2039    18.5518 -9.990e-29
 240.984022      0.436  37.253839    14.1778    -1.5837      0.432    30.5299    22.6993 -9.990e-29
 240.984028      0.487  39.264397    14.0668    -1.5835      0.483    32.4626    24.2131 -9.990e-29
 240.984034      0.539  40.032473    14.0009    -1.5842      0.535    33.2282    24.8180 -9.990e-29
 240.984039      0.591  40.256138    13.9665    -1.5829      0.586    33.4653    25.0082 -9.990e-29
 240.984045      0.644  40.284023    13.9586    -1.5788      0.639    33.4981    25.0352 -9.990e-29
 240.984051      0.690  40.385208    13.9646    -1.5813      0.684    33.5867    25.1024 -9.990e-29
 240.984057      0.726  40.534951    13.9649    -1.5830      0.720    33.7254    25.2095 -9.990e-29
 240.984062      0.748  40.548070    13.9502    -1.5840      0.742    33.7505    25.2320 -9.990e-29
 240.984068      0.763  40.389404    13.9322    -1.5840      0.757    33.6189    25.1340 -9.990e-29
 240.984074      0.776  40.191352    13.9191    -1.5819      0.770    33.4464    25.0034 -9.990e-29
 240.984080      0.787  40.059551    13.9102    -1.5783      0.780    33.3318    24.9167 -9.990e-29
 240.984086      0.798  40.008712    13.9086    -1.5813      0.791    33.2860    24.8817 -9.990e-29
 240.984091      0.808  40.006336    13.9139    -1.5836      0.801    33.2792    24.8753 -9.990e-29
 240.984097      0.819  40.035813    13.9186    -1.5845      0.812    33.3025    24.8923 -9.990e-29
 240.984103      0.827  40.128045    13.9183    -1.5823      0.820    33.3883    24.9587 -9.990e-29
 240.984109      0.829  40.217238    13.9130    -1.5792      0.822    33.4757    25.0274 -9.990e-29
 240.984115      0.827  40.187616    13.9081    -1.5826      0.820    33.4525    25.0104 -9.990e-29
 240.984120      0.828  40.095473    13.9080    -1.5832      0.821    33.3670    24.9444 -9.990e-29
 240.984126      0.830  40.044254    13.9118    -1.5829      0.823    33.3162    24.9043 -9.990e-29
 240.984132      0.835  40.073211    13.9183    -1.5833      0.828    33.3374    24.9194 -9.990e-29
 240.984138      0.842  40.183426    13.9232    -1.5842      0.835    33.4355    24.9941 -9.990e-29
 240.984144      0.851  40.254664    13.9202    -1.5849      0.844    33.5042    25.0479 -9.990e-29
 240.984149      0.860  40.181934    13.9123    -1.5845      0.853    33.4436    25.0026 -9.990e-29
 240.984155      0.864  40.068802    13.9097    -1.5810      0.857    33.3408    24.9238 -9.990e-29
 240.984161      0.867  40.055143    13.9161    -1.5792      0.860    33.3225    24.9084 -9.990e-29
 240.984167      0.875  40.141789    13.9256    -1.5799      0.868    33.3947    24.9621 -9.990e-29
 240.984172      0.884  40.189964    13.9318    -1.5825      0.877    33.4340    24.9912 -9.990e-29
 240.984178      0.890  40.116585    13.9321    -1.5845      0.883    33.3657    24.9384 -9.990e-29
 240.984184      0.892  40.026590    13.9232    -1.5834      0.885    33.2899    24.8817 -9.990e-29
 240.984190      0.892  39.986516    13.9043    -1.5792      0.885    33.2691    24.8695 -9.990e-29
 240.984196      0.894  39.967581    13.8860    -1.5791      0.887    33.2674    24.8719 -9.990e-29
 240.984201      0.902  39.968065    13.8798    -1.5776      0.894    33.2732    24.8777 -9.990e-29
 240.984207      0.912  40.006534    13.8872    -1.5802      0.904    33.3025    24.8988 -9.990e-29
 240.984213      0.917  40.109631    13.8999    -1.5825      0.909    33.3872    24.9617 -9.990e-29
 240.984219      0.912  40.251255    13.9067    -1.5831      0.904    33.5128    25.0573 -9.990e-29
 240.984225      0.901  40.328402    13.9097    -1.5828      0.893    33.5819    25.1100 -9.990e-29
 240.984230      0.892  40.284297    13.9165    -1.5797      0.885    33.5350    25.0724 -9.990e-29
 240.984236      0.890  40.158726    13.9275    -1.5804      0.883    33.4088    24.9726 -9.990e-29
 240.984242      0.893  40.066577    13.9404    -1.5797      0.886    33.3121    24.8952 -9.990e-29
 240.984248      0.898  40.113524    13.9516    -1.5793      0.891    33.3459    24.9191 -9.990e-29
 240.984253      0.896  40.245098    13.9582    -1.5795      0.889    33.4622    25.0075 -9.990e-29
 240.984259      0.888  40.333693    13.9608    -1.5791      0.881    33.5421    25.0688 -9.990e-29
 240.984265      0.881  40.326594    13.9625    -1.5784      0.874    33.5341    25.0622 -9.990e-29
 240.984271      0.880  40.217137    13.9608    -1.5784      0.873    33.4340    24.9852 -9.990e-29
 240.984277      0.883  40.077284    13.9505    -1.5779      0.876    33.3132    24.8941 -9.990e-29
 240.984282      0.892  40.018003    13.9340    -1.5772      0.885    33.2726    24.8661 -9.990e-29
 240.984288      0.906  40.088527    13.9237    -1.5764      0.898    33.3469    24.9256 -9.990e-29
 240.984294      0.924  40.229968    13.9263    -1.5792      0.916    33.4759    25.0248 -9.990e-29
 240.984300      0.936  40.327310    13.9341    -1.5839      0.928    33.5595    25.0877 -9.990e-29
 240.984306      0.940  40.364144    13.9409    -1.5854      0.932    33.5878    25.1081 -9.990e-29
 240.984311      0.936  40.378380    13.9450    -1.5850      0.928    33.5974    25.1147 -9.990e-29
 240.984317      0.927  40.385082    13.9439    -1.5813      0.919    33.6046    25.1205 -9.990e-29
 240.984323      0.923  40.407192    13.9398    -1.5800      0.915    33.6287    25.1400 -9.990e-29
 240.984329      0.926  40.450106    13.9354    -1.5812      0.918    33.6724    25.1747 -9.990e-29
 240.984334      0.933  40.498222    13.9319    -1.5837      0.925    33.7202    25.2123 -9.990e-29
 240.984340      0.936  40.547916    13.9274    -1.5855      0.928    33.7704    25.2520 -9.990e-29
 240.984346      0.935  40.580297    13.9191    -1.5857      0.927    33.8078    25.2826 -9.990e-29
 240.984352      0.934  40.533787    13.9135    -1.5848      0.926    33.7694    25.2542 -9.990e-29
 240.984358      0.933  40.357577    13.9156    -1.5836      0.925    33.6038    25.1258 -9.990e-29
 240.984363      0.936  40.117529    13.9186    -1.5834      0.928    33.3782    24.9509 -9.990e-29
 240.984369      0.944  39.964108    13.9186    -1.5833      0.936    33.2359    24.8409 -9.990e-29
 240.984375      0.948  39.985146    13.9186    -1.5831      0.940    33.2554    24.8560 -9.990e-29
 240.984381      0.944  40.117392    13.9196    -1.5847      0.936    33.3772    24.9499 -9.990e-29
 240.984387      0.933  40.194374    13.9229    -1.5839      0.925    33.4458    25.0022 -9.990e-29
 240.984392      0.917  40.131088    13.9269    -1.5827      0.909    33.3836    24.9533 -9.990e-29
 240.984398      0.905  39.978710    13.9253    -1.5831      0.897    33.2436    24.8455 -9.990e-29
 240.984404      0.899  39.843827    13.9182    -1.5851      0.891    33.1247    24.7551 -9.990e-29
 240.984410      0.900  39.807058    13.9138    -1.5856      0.892    33.0944    24.7326 -9.990e-29
 240.984416      0.902  39.863067    13.9166    -1.5838      0.894    33.1439    24.7703 -9.990e-29
 240.984421      0.903  39.938662    13.9226    -1.5832      0.895    33.2088    24.8192 -9.990e-29
 240.984427      0.902  39.974442    13.9248    -1.5827      0.894    33.2401    24.8429 -9.990e-29
 240.984433      0.898  39.973307    13.9192    -1.5838      0.891    33.2439    24.8470 -9.990e-29
 240.984439      0.897  39.951677    13.9096    14.7034      0.890    33.2322    24.8399 -9.990e-29
 240.984444      0.902  39.940094    13.9027    19.1258      0.894    33.2274    24.8376 -9.990e-29
 240.984450      0.909  39.977453    13.9002    19.2886      0.901    33.2642    24.8666 -9.990e-29
 240.984456      0.914  40.021153    13.8971    16.1680      0.906    33.3075    24.9006 -9.990e-29
 240.984462      0.919  39.997276    13.8882     9.5828      0.911    33.2930    24.8913 -9.990e-29
 240.984468      0.922  39.936170    13.8766     9.8959      0.914    33.2463    24.8576 -9.990e-29
 240.984473      0.925  39.940089    13.8715    10.3862      0.917    33.2544    24.8649 -9.990e-29
 240.984479      0.923  40.019866    13.8755    10.5378      0.915    33.3250    24.9187 -9.990e-29
 240.984485      0.912  40.081909    13.8826    10.4957      0.904    33.3765    24.9570 -9.990e-29
 240.984491      0.895  40.054912    13.8893    10.4121      0.888    33.3456    24.9317 -9.990e-29
 240.984497      0.880  39.915773    13.8962    10.3456      0.873    33.2104    24.8259 -9.990e-29
 240.984502      0.870  39.731040    13.9041    10.2954      0.863    33.0323    24.6866 -9.990e-29
 240.984508      0.864  39.616247    13.9118    10.2512      0.857    32.9193    24.5977 -9.990e-29
 240.984514      0.863  39.571815    13.9157    10.1948      0.856    32.8748    24.5626 -9.990e-29
 240.984520      0.865  39.547474    13.9128    10.1464      0.858    32.8547    24.5477 -9.990e-29
 240.984525      0.872  39.535981    13.9032    10.1242      0.865    32.8523    24.5478 -9.990e-29
 240.984531      0.884  39.531545    13.8887    10.1133      0.877    32.8606    24.5571 -9.990e-29
 240.984537      0.901  39.521537    13.8740    10.0866      0.893    32.8639    24.5627 -9.990e-29
 240.984543      0.920  39.509421    13.8662    10.0501      0.912    32.8593    24.5608 -9.990e-29
 240.984549      0.934  39.509292    13.8640    10.0228      0.926    32.8611    24.5626 -9.990e-29
 240.984554      0.940  39.513704    13.8630    10.0235      0.932    32.8660    24.5666 -9.990e-29
 240.984560      0.937  39.513422    13.8679    10.0289      0.929    32.8616    24.5622 -9.990e-29
 240.984566      0.930  39.514802    13.8781    10.0438      0.922    32.8541    24.5543 -9.990e-29
 240.984572      0.927  39.516889    13.8865    10.0556      0.919    32.8489    24.5486 -9.990e-29
 240.984578      0.929  39.516316    13.8929    10.0591      0.921    32.8428    24.5426 -9.990e-29
 240.984583      0.925  39.518493    13.8999    10.0695      0.917    32.8389    24.5381 -9.990e-29
 240.984589      0.917  39.525211    13.9062    10.0698      0.909    32.8397    24.5374 -9.990e-29
 240.984595      0.913  39.530874    13.9089    10.0768      0.905    32.8427    24.5392 -9.990e-29
 240.984601      0.915  39.532962    13.9073    10.0803      0.907    32.8460    24.5420 -9.990e-29
 240.984606      0.925  39.532589    13.9025    10.0746      0.917    32.8497    24.5459 -9.990e-29
 240.984612      0.938  39.530387    13.8981    10.0625      0.930    32.8514    24.5482 -9.990e-29
 240.984618      0.948  39.529588    13.8977    10.0604      0.940    32.8510    24.5479 -9.990e-29
 240.984624      0.950  39.531933    13.9002    10.0596      0.942    32.8511    24.5474 -9.990e-29
