data/oxygen options/ONMS/Olympic_Coast_National_Marine_Sanctuary_CTD_Data_2005_2023/raw_data/2017/CAST_CE015_170829faed.cnv
* Sea-Bird SBE 19 Data File:
* FileName = C:\2017 Mooring Data\Casts\CAST_CE015_170829.hex
* Software Version SeatermAF 2.1.2
* Temperature SN = 2997
* Conductivity SN = 2997
* System UpLoad Time = Aug 29 2017 23:58:16 (localtime) = Aug 29 2017 23:58:16 (UTC)
** CAST_CE015_170829
* ds
# nquan = 9                                 
# nvalues = 998                         
# units = specified
# name 0 = timeJ: Julian Days
# name 1 = prSM: Pressure, Strain Gauge [db]
# name 2 = c0mS/cm: Conductivity [mS/cm]
# name 3 = t090C: Temperature [ITS-90, deg C]
# name 4 = sbeox0ML/L: Oxygen, SBE 43 [ml/l]
# name 5 = depSM: Depth [salt water, m], lat = 47.5
# name 6 = sal00: Salinity, Practical [PSU]
# name 7 = sigma-é00: Density [sigma-theta, kg/m^3]
# name 8 = flag: flag
# span 0 = 241.960023, 241.965793       
# span 1 =     -5.084,     15.978       
# span 2 =   0.179267,  39.137277       
# span 3 =    10.4331,    14.1547       
# span 4 =    -1.9379,    14.2902       
# span 5 =     -5.042,     15.844       
# span 6 =     0.1090,    33.3812       
# span 7 =    -0.6851,    25.5994       
# span 8 = 0.0000e+00, 0.0000e+00       
# interval = seconds: 0.5
# start_time = Aug 29 2017 23:02:26 [Instrument's time stamp, header]
# bad_flag = -9.990e-29
*END*
[from data line 481]
 241.962807      0.248  38.319877    12.7859     6.8435      0.246    32.6735    24.6329 -9.990e-29
 241.962813      0.245  38.294336    12.7800     6.8226      0.243    32.6543    24.6192 -9.990e-29
 241.962818      0.241  38.260505    12.7752     6.8099      0.239    32.6264    24.5985 -9.990e-29
 241.962824      0.235  38.237127    12.7718     6.7852      0.233    32.6071    24.5842 -9.990e-29
 241.962830      0.233  38.234667    12.7694     6.7560      0.231    32.6068    24.5845 -9.990e-29
 241.962836      0.237  38.243123    12.7682     6.7326      0.235    32.6159    24.5917 -9.990e-29
 241.962841      0.244  38.249872    12.7675     6.7292      0.242    32.6229    24.5973 -9.990e-29
 241.962847      0.249  38.249353    12.7665     6.7429      0.247    32.6233    24.5978 -9.990e-29
 241.962853      0.255  38.243865    12.7655     6.7455      0.253    32.6189    24.5946 -9.990e-29
 241.962859      0.260  38.240660    12.7653     6.7431      0.258    32.6161    24.5924 -9.990e-29
 241.962865      0.264  38.241633    12.7653     6.7417      0.262    32.6170    24.5931 -9.990e-29
 241.962870      0.270  38.237446    12.7649     6.7395      0.268    32.6133    24.5904 -9.990e-29
 241.962876      0.275  38.229243    12.7639     6.7388      0.273    32.6064    24.5852 -9.990e-29
 241.962882      0.282  38.225697    12.7625     6.7380      0.280    32.6043    24.5838 -9.990e-29
 241.962888      0.290  38.222644    12.7617     6.7292      0.288    32.6020    24.5823 -9.990e-29
 241.962894      0.296  38.220503    12.7618     6.7216      0.294    32.5999    24.5806 -9.990e-29
 241.962899      0.295  38.222585    12.7612     6.7066      0.293    32.6024    24.5827 -9.990e-29
 241.962905      0.292  38.223828    12.7601     6.6846      0.290    32.6046    24.5845 -9.990e-29
 241.962911      0.292  38.224776    12.7587     6.6714      0.290    32.6067    24.5864 -9.990e-29
 241.962917      0.293  38.223898    12.7560     6.6608      0.291    32.6082    24.5881 -9.990e-29
 241.962922      0.297  38.214990    12.7524     6.6680      0.295    32.6028    24.5847 -9.990e-29
 241.962928      0.298  38.199622    12.7501     6.7010      0.296    32.5902    24.5753 -9.990e-29
 241.962934      0.294  38.185315    12.7487     6.7152      0.292    32.5778    24.5660 -9.990e-29
 241.962940      0.287  38.174844    12.7462     6.7283      0.285    32.5700    24.5605 -9.990e-29
 241.962946      0.282  38.163214    12.7429     6.7120      0.280    32.5618    24.5548 -9.990e-29
 241.962951      0.279  38.152849    12.7405     6.6865      0.277    32.5541    24.5492 -9.990e-29
 241.962957      0.281  38.148420    12.7393     6.6776      0.279    32.5509    24.5470 -9.990e-29
 241.962963      0.293  38.149067    12.7393     6.6701      0.291    32.5515    24.5475 -9.990e-29
 241.962969      0.311  38.151736    12.7398     6.6777      0.308    32.5536    24.5490 -9.990e-29
 241.962975      0.328  38.152711    12.7397     6.6776      0.325    32.5546    24.5498 -9.990e-29
 241.962980      0.337  38.153299    12.7379     6.6676      0.334    32.5567    24.5518 -9.990e-29
 241.962986      0.333  38.153169    12.7349     6.6612      0.330    32.5592    24.5543 -9.990e-29
 241.962992      0.322  38.150472    12.7327     6.6417      0.319    32.5585    24.5542 -9.990e-29
 241.962998      0.309  38.146659    12.7314     6.6312      0.306    32.5560    24.5525 -9.990e-29
 241.963003      0.300  38.141692    12.7299     6.6212      0.297    32.5526    24.5501 -9.990e-29
 241.963009      0.294  38.133997    12.7271     6.6164      0.292    32.5477    24.5469 -9.990e-29
 241.963015      0.290  38.119481    12.7237     6.6213      0.288    32.5368    24.5391 -9.990e-29
 241.963021      0.287  38.101199    12.7227     6.6165      0.285    32.5203    24.5265 -9.990e-29
 241.963027      0.286  38.090628    12.7239     6.6239      0.284    32.5092    24.5177 -9.990e-29
 241.963032      0.287  38.088240    12.7246     6.6630      0.285    32.5064    24.5154 -9.990e-29
 241.963038      0.290  38.086377    12.7236     6.6816      0.288    32.5055    24.5149 -9.990e-29
 241.963044      0.295  38.080881    12.7208     6.6705      0.293    32.5026    24.5132 -9.990e-29
 241.963050      0.302  38.072833    12.7169     6.6480      0.299    32.4984    24.5106 -9.990e-29
 241.963056      0.311  38.065510    12.7141     6.6241      0.308    32.4938    24.5077 -9.990e-29
 241.963061      0.324  38.067637    12.7146     6.6099      0.321    32.4954    24.5088 -9.990e-29
 241.963067      0.337  38.085974    12.7158     6.6218      0.334    32.5118    24.5213 -9.990e-29
 241.963073      0.341  38.101289    12.7141     6.6446      0.338    32.5278    24.5340 -9.990e-29
 241.963079      0.338  38.094237    12.7110     6.6485      0.335    32.5238    24.5315 -9.990e-29
 241.963084      0.336  38.072226    12.7093     6.6160      0.333    32.5043    24.5167 -9.990e-29
 241.963090      0.339  38.050723    12.7097     6.5772      0.336    32.4835    24.5006 -9.990e-29
 241.963096      0.346  38.049232    12.7122     6.5649      0.343    32.4800    24.4973 -9.990e-29
 241.963102      0.359  38.078655    12.7156     6.5774      0.356    32.5050    24.5160 -9.990e-29
 241.963108      0.374  38.109333    12.7173     6.6042      0.371    32.5327    24.5372 -9.990e-29
 241.963113      0.383  38.103761    12.7166     6.6566      0.380    32.5280    24.5337 -9.990e-29
 241.963119      0.383  38.075802    12.7151     6.6877      0.380    32.5027    24.5144 -9.990e-29
 241.963125      0.378  38.059876    12.7148     6.7049      0.375    32.4878    24.5029 -9.990e-29
 241.963131      0.376  38.059402    12.7153     6.7086      0.373    32.4869    24.5021 -9.990e-29
 241.963137      0.377  38.059189    12.7168     6.6819      0.374    32.4854    24.5007 -9.990e-29
 241.963142      0.377  38.065681    12.7223     6.6678      0.374    32.4869    24.5007 -9.990e-29
 241.963148      0.381  38.099860    12.7320     6.6728      0.378    32.5110    24.5175 -9.990e-29
 241.963154      0.387  38.148494    12.7403     6.6669      0.384    32.5500    24.5462 -9.990e-29
 241.963160      0.389  38.170014    12.7422     6.6538      0.386    32.5688    24.5603 -9.990e-29
 241.963166      0.382  38.156712    12.7383     6.6481      0.379    32.5596    24.5539 -9.990e-29
 241.963171      0.370  38.136791    12.7330     6.6371      0.367    32.5452    24.5438 -9.990e-29
 241.963177      0.361  38.121782    12.7305     6.6210      0.358    32.5331    24.5349 -9.990e-29
 241.963183      0.359  38.109605    12.7312     6.6159      0.356    32.5210    24.5254 -9.990e-29
 241.963189      0.362  38.102511    12.7323     6.5940      0.359    32.5133    24.5192 -9.990e-29
 241.963194      0.368  38.100567    12.7322     6.5905      0.365    32.5115    24.5179 -9.990e-29
 241.963200      0.372  38.101190    12.7312     6.6190      0.369    32.5130    24.5192 -9.990e-29
 241.963206      0.375  38.099054    12.7291     6.6051      0.372    32.5127    24.5194 -9.990e-29
 241.963212      0.376  38.087396    12.7260     6.6167      0.373    32.5043    24.5135 -9.990e-29
 241.963218      0.380  38.075322    12.7238     6.6235      0.377    32.4947    24.5065 -9.990e-29
 241.963223      0.388  38.076425    12.7232     6.6330      0.385    32.4963    24.5078 -9.990e-29
 241.963229      0.391  38.080979    12.7227     6.6848      0.388    32.5011    24.5116 -9.990e-29
 241.963235      0.385  38.082179    12.7224     6.7244      0.382    32.5025    24.5128 -9.990e-29
 241.963241      0.375  38.086671    12.7240     6.7399      0.372    32.5054    24.5147 -9.990e-29
 241.963247      0.367  38.097090    12.7273     6.7473      0.364    32.5124    24.5195 -9.990e-29
 241.963252      0.362  38.110531    12.7310     6.7458      0.359    32.5220    24.5262 -9.990e-29
 241.963258      0.355  38.126437    12.7381     6.7536      0.352    32.5310    24.5318 -9.990e-29
 241.963264      0.350  38.160983    12.7497     6.7602      0.347    32.5538    24.5472 -9.990e-29
 241.963270      0.351  38.204226    12.7595     6.7768      0.348    32.5864    24.5706 -9.990e-29
 241.963275      0.353  38.220850    12.7646     6.8014      0.350    32.5978    24.5784 -9.990e-29
 241.963281      0.352  38.217904    12.7665     6.8019      0.349    32.5934    24.5746 -9.990e-29
 241.963287      0.353  38.212754    12.7663     6.8260      0.350    32.5887    24.5710 -9.990e-29
 241.963293      0.359  38.204701    12.7662     6.8137      0.356    32.5811    24.5652 -9.990e-29
 241.963299      0.373  38.204299    12.7697     6.7996      0.370    32.5777    24.5619 -9.990e-29
 241.963304      0.389  38.237342    12.7784     6.7972      0.386    32.6015    24.5786 -9.990e-29
 241.963310      0.400  38.294122    12.7863     6.7918      0.397    32.6486    24.6136 -9.990e-29
 241.963316      0.403  38.318721    12.7862     6.8078      0.400    32.6721    24.6317 -9.990e-29
 241.963322      0.399  38.303616    12.7812     6.7911      0.396    32.6620    24.6250 -9.990e-29
 241.963328      0.390  38.284128    12.7792     6.7684      0.387    32.6453    24.6124 -9.990e-29
 241.963333      0.385  38.275731    12.7806     6.7495      0.382    32.6361    24.6050 -9.990e-29
 241.963339      0.389  38.280116    12.7819     6.7329      0.386    32.6391    24.6071 -9.990e-29
 241.963345      0.396  38.285772    12.7816     6.7479      0.393    32.6448    24.6115 -9.990e-29
 241.963351      0.398  38.280640    12.7783     6.7641      0.395    32.6427    24.6106 -9.990e-29
 241.963356      0.393  38.264047    12.7726     6.7979      0.390    32.6319    24.6033 -9.990e-29
 241.963362      0.383  38.240758    12.7675     6.8102      0.380    32.6142    24.5906 -9.990e-29
 241.963368      0.377  38.220616    12.7652     6.8207      0.374    32.5971    24.5777 -9.990e-29
 241.963374      0.378  38.212059    12.7672     6.7906      0.375    32.5872    24.5697 -9.990e-29
 241.963380      0.387  38.227767    12.7742     6.7400      0.384    32.5961    24.5752 -9.990e-29
 241.963385      0.399  38.266287    12.7822     6.6865      0.396    32.6257    24.5966 -9.990e-29
 241.963391      0.408  38.298326    12.7848     6.6430      0.405    32.6539    24.6180 -9.990e-29
 241.963397      0.409  38.304434    12.7800     6.6429      0.406    32.6639    24.6266 -9.990e-29
 241.963403      0.406  38.282123    12.7697     6.6577      0.403    32.6516    24.6191 -9.990e-29
 241.963409      0.409  38.232458    12.7569     6.6759      0.406    32.6155    24.5936 -9.990e-29
 241.963414      0.421  38.179403    12.7465     6.6733      0.417    32.5740    24.5635 -9.990e-29
 241.963420      0.439  38.154163    12.7411     6.6759      0.435    32.5547    24.5496 -9.990e-29
 241.963426      0.455  38.149975    12.7397     6.6644      0.451    32.5519    24.5477 -9.990e-29
 241.963432      0.467  38.148377    12.7407     6.6802      0.463    32.5496    24.5457 -9.990e-29
 241.963438      0.475  38.143881    12.7429     6.6919      0.471    32.5434    24.5405 -9.990e-29
 241.963443      0.479  38.141701    12.7450     6.7145      0.475    32.5395    24.5371 -9.990e-29
 241.963449      0.481  38.148460    12.7456     6.7246      0.477    32.5454    24.5415 -9.990e-29
 241.963455      0.479  38.151329    12.7449     6.7567      0.475    32.5487    24.5442 -9.990e-29
 241.963461      0.474  38.144618    12.7445     6.7496      0.470    32.5427    24.5397 -9.990e-29
 241.963466      0.470  38.137871    12.7455     6.7420      0.466    32.5354    24.5338 -9.990e-29
 241.963472      0.475  38.138339    12.7500     6.7056      0.471    32.5320    24.5303 -9.990e-29
 241.963478      0.489  38.167378    12.7575     6.7020      0.485    32.5531    24.5452 -9.990e-29
 241.963484      0.505  38.223384    12.7610     6.7160      0.501    32.6033    24.5834 -9.990e-29
 241.963490      0.515  38.246609    12.7565     6.7621      0.511    32.6292    24.6043 -9.990e-29
 241.963495      0.515  38.217055    12.7503     6.7871      0.511    32.6065    24.5879 -9.990e-29
 241.963501      0.511  38.178224    12.7478     6.7911      0.507    32.5718    24.5615 -9.990e-29
 241.963507      0.505  38.149480    12.7496     6.7612      0.501    32.5429    24.5388 -9.990e-29
 241.963513      0.502  38.128349    12.7548     6.7288      0.498    32.5184    24.5188 -9.990e-29
 241.963519      0.506  38.126432    12.7610     6.7036      0.502    32.5112    24.5121 -9.990e-29
 241.963524      0.513  38.154823    12.7646     6.6962      0.509    32.5350    24.5298 -9.990e-29
 241.963530      0.514  38.198206    12.7630     6.7005      0.510    32.5776    24.5631 -9.990e-29
 241.963536      0.506  38.223312    12.7587     6.7253      0.502    32.6052    24.5853 -9.990e-29
 241.963542      0.493  38.215403    12.7562     6.7387      0.489    32.5998    24.5816 -9.990e-29
 241.963547      0.481  38.192660    12.7561     6.7595      0.477    32.5783    24.5650 -9.990e-29
 241.963553      0.479  38.177960    12.7568     6.7485      0.475    32.5638    24.5536 -9.990e-29
 241.963559      0.486  38.186424    12.7587     6.7571      0.482    32.5702    24.5582 -9.990e-29
 241.963565      0.495  38.214767    12.7611     6.7575      0.491    32.5950    24.5769 -9.990e-29
 241.963571      0.502  38.237476    12.7627     6.7498      0.498    32.6152    24.5923 -9.990e-29
 241.963576      0.507  38.240575    12.7643     6.7523      0.503    32.6167    24.5932 -9.990e-29
 241.963582      0.511  38.233231    12.7663     6.7575      0.507    32.6080    24.5860 -9.990e-29
 241.963588      0.513  38.229727    12.7689     6.7746      0.509    32.6025    24.5812 -9.990e-29
 241.963594      0.515  38.233787    12.7720     6.7830      0.511    32.6036    24.5815 -9.990e-29
 241.963600      0.516  38.241855    12.7743     6.7855      0.512    32.6093    24.5855 -9.990e-29
 241.963605      0.515  38.250117    12.7752     6.7837      0.511    32.6164    24.5908 -9.990e-29
 241.963611      0.514  38.258380    12.7754     6.7835      0.510    32.6241    24.5967 -9.990e-29
 241.963617      0.512  38.264212    12.7754     6.7805      0.508    32.6296    24.6010 -9.990e-29
 241.963623      0.509  38.264737    12.7755     6.8023      0.505    32.6300    24.6013 -9.990e-29
 241.963628      0.505  38.267369    12.7758     6.8265      0.501    32.6322    24.6029 -9.990e-29
 241.963634      0.499  38.271690    12.7755     6.8616      0.495    32.6366    24.6064 -9.990e-29
 241.963640      0.491  38.267769    12.7744     6.8754      0.487    32.6338    24.6044 -9.990e-29
 241.963646      0.481  38.262695    12.7739     6.8527      0.477    32.6295    24.6011 -9.990e-29
 241.963652      0.472  38.276019    12.7764     6.8355      0.468    32.6400    24.6088 -9.990e-29
 241.963657      0.472  38.325500    12.7825     6.8035      0.468    32.6817    24.6399 -9.990e-29
 241.963663      0.481  38.377400    12.7877     6.8035      0.477    32.7265    24.6736 -9.990e-29
 241.963669      0.491  38.375442    12.7881     6.8088      0.487    32.7242    24.6718 -9.990e-29
 241.963675      0.499  38.342774    12.7870     6.8255      0.495    32.6942    24.6487 -9.990e-29
 241.963681      0.505  38.320416    12.7882     6.8328      0.501    32.6719    24.6312 -9.990e-29
 241.963686      0.510  38.309917    12.7910     6.8357      0.506    32.6595    24.6211 -9.990e-29
 241.963692      0.513  38.306790    12.7960     6.8332      0.509    32.6522    24.6145 -9.990e-29
 241.963698      0.516  38.310221    12.8025     6.8149      0.512    32.6498    24.6114 -9.990e-29
 241.963704      0.517  38.318055    12.8054     6.8036      0.513    32.6548    24.6146 -9.990e-29
 241.963709      0.518  38.321684    12.8043     6.7795      0.514    32.6592    24.6182 -9.990e-29
 241.963715      0.518  38.321460    12.8025     6.7768      0.514    32.6605    24.6196 -9.990e-29
 241.963721      0.518  38.321558    12.8010     6.7787      0.514    32.6619    24.6210 -9.990e-29
