data/oxygen options/ONMS/Olympic_Coast_National_Marine_Sanctuary_CTD_Data_2005_2023/raw_data/2017/CAST_TH015_170927faed.cnv
* Sea-Bird SBE19 Data File:
* FileName = C:\2017 Mooring Data\Casts\CAST_TH015_170927.hex
* Software Version 1.59
* Temperature SN = 2997
* Conductivity SN = 2997
* System UpLoad Time = Oct 16 2017 22:53:05
** CAST_TH015_170927
* ds
# nquan = 9                                 
# nvalues = 945                         
# units = specified
# name 0 = timeJ: Julian Days
# name 1 = prSM: Pressure, Strain Gauge [db]
# name 2 = c0mS/cm: Conductivity [mS/cm]
# name 3 = t090C: Temperature [ITS-90, deg C]
# name 4 = sbeox0ML/L: Oxygen, SBE 43 [ml/l]
# name 5 = depSM: Depth [salt water, m], lat = 47.5
# name 6 = sal00: Salinity, Practical [PSU]
# name 7 = sigma-é00: Density [sigma-theta, kg/m^3]
# name 8 = flag: flag
# span 0 = 270.880660, 270.886123       
# span 1 =     -4.858,     13.577       
# span 2 =   0.504703,  40.077648       
# span 3 =    14.4176,    18.9213       
# span 4 =    -1.7662,    12.0774       
# span 5 =     -4.818,     13.463       
# span 6 =     0.2790,    32.2535       
# span 7 =    -1.3610,    23.9034       
# span 8 = 0.0000e+00, 0.0000e+00       
# interval = seconds: 0.5
# start_time = Sep 27 2017 21:08:09 [Instrument's time stamp, header]
# bad_flag = -9.990e-29
*END*
[from data line 321]
 270.882517     -1.192   0.517987    18.7965    -1.7587     -1.182     0.2867    -1.3339 -9.990e-29
 270.882523     -1.184   0.517983    18.7878    -1.7590     -1.174     0.2867    -1.3322 -9.990e-29
 270.882529     -1.177   0.517539    18.7803    -1.7593     -1.167     0.2865    -1.3309 -9.990e-29
 270.882535     -1.176   0.517172    18.7773    -1.7593     -1.166     0.2863    -1.3305 -9.990e-29
 270.882541     -1.177   0.516944    18.7792    -1.7592     -1.167     0.2862    -1.3310 -9.990e-29
 270.882546     -1.170   0.516550    18.7845    -1.7593     -1.160     0.2859    -1.3322 -9.990e-29
 270.882552     -1.156   0.516021    18.7913    -1.7591     -1.146     0.2856    -1.3338 -9.990e-29
 270.882558     -1.142   0.515758    18.7978    -1.7589     -1.132     0.2854    -1.3352 -9.990e-29
 270.882564     -1.131   0.515963    18.8029    -1.7588     -1.122     0.2855    -1.3361 -9.990e-29
 270.882569     -1.123   0.516353    18.8044    -1.7586     -1.114     0.2857    -1.3362 -9.990e-29
 270.882575     -1.117   0.516339    18.8014    -1.7582     -1.108     0.2857    -1.3356 -9.990e-29
 270.882581     -1.114   0.515904    18.7974    -1.7579     -1.105     0.2855    -1.3350 -9.990e-29
 270.882587     -1.111   0.515573    18.7959    -1.7577     -1.102     0.2853    -1.3349 -9.990e-29
 270.882593     -1.111   0.515459    18.7961    -1.7574     -1.102     0.2852    -1.3350 -9.990e-29
 270.882598     -1.112   0.515410    18.7972    -1.7572     -1.103     0.2852    -1.3352 -9.990e-29
 270.882604     -1.114   0.515359    18.8001    -1.7570     -1.105     0.2852    -1.3358 -9.990e-29
 270.882610     -1.119   0.515237    18.8048    -1.7567     -1.110     0.2851    -1.3368 -9.990e-29
 270.882616     -1.121   0.514880    18.8107    -1.7564     -1.112     0.2848    -1.3381 -9.990e-29
 270.882622     -1.116   0.514366    18.8178    -1.7561     -1.107     0.2845    -1.3398 -9.990e-29
 270.882627     -1.109   0.514119    18.8259    -1.7560     -1.100     0.2843    -1.3415 -9.990e-29
 270.882633     -1.104   0.514361    18.8338    -1.7558     -1.095     0.2844    -1.3430 -9.990e-29
 270.882639     -1.100   0.514860    18.8415    -1.7556     -1.091     0.2846    -1.3443 -9.990e-29
 270.882645     -1.096   0.515172    18.8493    -1.7557     -1.087     0.2847    -1.3457 -9.990e-29
 270.882650     -1.093   0.515159    18.8567    -1.7555     -1.084     0.2847    -1.3472 -9.990e-29
 270.882656     -1.091   0.514802    18.8639    -1.7556     -1.082     0.2844    -1.3488 -9.990e-29
 270.882662     -1.089   0.514179    18.8717    -1.7555     -1.080     0.2840    -1.3506 -9.990e-29
 270.882668     -1.086   0.513568    18.8800    -1.7555     -1.077     0.2836    -1.3525 -9.990e-29
 270.882674     -1.084   0.513261    18.8873    -1.7555     -1.075     0.2834    -1.3541 -9.990e-29
 270.882679     -1.082   0.513402    18.8929    -1.7553     -1.073     0.2834    -1.3552 -9.990e-29
 270.882685     -1.079   0.513625    18.8977    -1.7553     -1.070     0.2835    -1.3560 -9.990e-29
 270.882691     -1.076   0.513671    18.9015    -1.7552     -1.067     0.2835    -1.3568 -9.990e-29
 270.882697     -1.072   0.513602    18.9040    -1.7550     -1.063     0.2835    -1.3573 -9.990e-29
 270.882703     -1.067   0.513324    18.9059    -1.7550     -1.058     0.2833    -1.3578 -9.990e-29
 270.882708     -1.061   0.513020    18.9073    -1.7551     -1.052     0.2831    -1.3582 -9.990e-29
 270.882714     -1.057   0.512839    18.9082    -1.7552     -1.048     0.2830    -1.3585 -9.990e-29
 270.882720     -1.060   0.512536    18.9091    -1.7553     -1.051     0.2829    -1.3588 -9.990e-29
 270.882726     -1.066   0.512261    18.9107    -1.7556     -1.057     0.2827    -1.3592 -9.990e-29
 270.882731     -1.070   0.512203    18.9129    -1.7559     -1.061     0.2826    -1.3597 -9.990e-29
 270.882737     -1.074   0.512281    18.9155    -1.7560     -1.065     0.2827    -1.3602 -9.990e-29
 270.882743     -1.076   0.512599    18.9183    -1.7562     -1.067     0.2828    -1.3606 -9.990e-29
 270.882749     -1.078   0.513026    18.9207    -1.7562     -1.069     0.2831    -1.3609 -9.990e-29
 270.882755     -1.080   0.513024    18.9213    -1.7561     -1.071     0.2831    -1.3610 -9.990e-29
 270.882760     -1.081   0.512589    18.9196    -1.7559     -1.072     0.2828    -1.3609 -9.990e-29
 270.882766     -1.081   0.512248    18.9163    -1.7557     -1.072     0.2826    -1.3604 -9.990e-29
 270.882772     -1.081   0.512098    18.9114    -1.7556     -1.072     0.2826    -1.3594 -9.990e-29
 270.882778     -1.081   0.511939    18.9050    -1.7555     -1.072     0.2825    -1.3582 -9.990e-29
 270.882784     -1.080   0.511560    18.8989    -1.7554     -1.071     0.2824    -1.3572 -9.990e-29
 270.882789     -1.079   0.511008    18.8943    -1.7555     -1.070     0.2821    -1.3565 -9.990e-29
 270.882795     -1.077   0.510651    18.8912    -1.7554     -1.068     0.2819    -1.3560 -9.990e-29
 270.882801     -1.075   0.510568    18.8903    -1.7555     -1.066     0.2819    -1.3559 -9.990e-29
 270.882807     -1.072   0.510647    18.8922    -1.7554     -1.063     0.2819    -1.3562 -9.990e-29
 270.882813     -1.068   0.510990    18.8961    -1.7555     -1.059     0.2821    -1.3569 -9.990e-29
 270.882818     -1.062   0.511499    18.9004    -1.7557     -1.053     0.2823    -1.3575 -9.990e-29
 270.882824     -1.056   0.511744    18.9041    -1.7557     -1.047     0.2824    -1.3581 -9.990e-29
 270.882830     -1.047   0.511498    18.9073    -1.7558     -1.038     0.2823    -1.3589 -9.990e-29
 270.882836     -1.035   0.510986    18.9095    -1.7559     -1.026     0.2820    -1.3595 -9.990e-29
 270.882841     -1.021   0.510631    18.9110    -1.7558     -1.012     0.2818    -1.3600 -9.990e-29
 270.882847     -1.002   0.510514    18.9120    -1.7560     -0.994     0.2817    -1.3603 -9.990e-29
 270.882853     -0.982   0.510475    18.9122    -1.7570     -0.974     0.2817    -1.3603 -9.990e-29
 270.882859     -0.968   0.510462    18.9114    -1.7575     -0.960     0.2817    -1.3602 -9.990e-29
 270.882865     -0.963   0.510459    18.9090    -1.7575     -0.955     0.2817    -1.3597 -9.990e-29
 270.882870     -0.964   0.510458    18.9057    -1.7577     -0.956     0.2817    -1.3590 -9.990e-29
 270.882876     -0.965   0.510457    18.9026    -1.7578     -0.957     0.2817    -1.3584 -9.990e-29
 270.882882     -0.967   0.510453    18.9001    -1.7579     -0.959     0.2817    -1.3579 -9.990e-29
 270.882888     -0.966   0.510440    18.8976    -1.7579     -0.958     0.2817    -1.3574 -9.990e-29
 270.882894     -0.961   0.510400    18.8931    -1.7582     -0.953     0.2817    -1.3565 -9.990e-29
 270.882899     -0.956   0.510278    18.8834    -1.7585     -0.948     0.2817    -1.3546 -9.990e-29
 270.882905     -0.948   0.509910    18.8691    -1.7586     -0.940     0.2816    -1.3519 -9.990e-29
 270.882911     -0.935   0.509356    18.8570    -1.7587     -0.927     0.2814    -1.3498 -9.990e-29
 270.882917     -0.926   0.508985    18.8499    -1.7587     -0.918     0.2812    -1.3485 -9.990e-29
 270.882922     -0.923   0.508856    18.8452    -1.7587     -0.915     0.2812    -1.3476 -9.990e-29
 270.882928     -0.923   0.508796    18.8412    -1.7590     -0.915     0.2812    -1.3468 -9.990e-29
 270.882934     -0.920   0.508725    18.8379    -1.7597     -0.912     0.2811    -1.3462 -9.990e-29
 270.882940     -0.916   0.508545    18.8343    -1.7599     -0.908     0.2811    -1.3456 -9.990e-29
 270.882946     -0.909   0.508016    18.8289    -1.7600     -0.901     0.2808    -1.3447 -9.990e-29
 270.882951     -0.900   0.506985    18.8231    -1.7602     -0.892     0.2803    -1.3440 -9.990e-29
 270.882957     -0.887   0.505738    18.8192    -1.7605     -0.880     0.2796    -1.3438 -9.990e-29
 270.882963     -0.875   0.504828    18.8164    -1.5937     -0.868     0.2791    -1.3436 -9.990e-29
 270.882969     -0.870   0.504703    18.8134    -1.5271     -0.863     0.2790    -1.3431 -9.990e-29
 270.882975     -0.878   0.505749    18.8084    -1.5474     -0.871     0.2797    -1.3416 -9.990e-29
 270.882980     -0.889   0.508806    18.7992    -1.5526     -0.882     0.2814    -1.3385 -9.990e-29
 270.882986     -0.892   0.517395    18.7859    -1.5538     -0.885     0.2864    -1.3321 -9.990e-29
 270.882992     -0.886   0.543519    18.7693    -1.5530     -0.879     0.3014    -1.3174 -9.990e-29
 270.882998     -0.876   0.623116    18.7408    -1.5549     -0.869     0.3471    -1.2768 -9.990e-29
 270.883003     -0.858   0.862871    18.6675    -1.5524     -0.851     0.4870    -1.1555 -9.990e-29
 270.883009     -0.829   1.582455    18.4579    -1.5513     -0.822     0.9215    -0.7825 -9.990e-29
 270.883015     -0.796   3.741865    17.8618    -1.5522     -0.789     2.3174     0.3974 -9.990e-29
 270.883021     -0.758  10.221422    16.8901    -1.5525     -0.752     6.9497     4.1134 -9.990e-29
 270.883027     -0.707  21.656796    16.0491    -1.5533     -0.701    16.0207    11.1950 -9.990e-29
 270.883032     -0.645  32.098071    15.5932    -1.5541     -0.640    24.9644    18.1298 -9.990e-29
 270.883038     -0.577  37.229573    15.3909    -1.5555     -0.572    29.5733    21.7099 -9.990e-29
 270.883044     -0.510  38.943906    15.3128    -1.5548     -0.506    31.1536    22.9416 -9.990e-29
 270.883050     -0.450  39.554800    15.2755    -1.5516     -0.446    31.7285    23.3919 -9.990e-29
 270.883056     -0.391  39.772584    15.2551    -1.5536     -0.388    31.9398    23.5589 -9.990e-29
 270.883061     -0.336  39.891001    15.2655    -1.5550     -0.333    32.0373    23.6317 -9.990e-29
 270.883067     -0.284  40.019769    15.3014    -1.5554     -0.282    32.1232    23.6899 -9.990e-29
 270.883073     -0.237  40.057787    15.3279    -1.5526     -0.235    32.1355    23.6937 -9.990e-29
 270.883079     -0.199  39.957729    15.3279    -1.5525     -0.197    32.0460    23.6248 -9.990e-29
 270.883084     -0.170  39.838271    15.3095    -1.5547     -0.169    31.9542    23.5582 -9.990e-29
 270.883090     -0.142  39.766448    15.2895    -1.5547     -0.141    31.9062    23.5256 -9.990e-29
 270.883096     -0.118  39.735561    15.2822    -1.5545     -0.117    31.8845    23.5105 -9.990e-29
 270.883102     -0.102  39.745319    15.2810    -1.5547     -0.101    31.8942    23.5182 -9.990e-29
 270.883108     -0.091  39.809294    15.2777    -1.5552     -0.090    31.9541    23.5650 -9.990e-29
 270.883113     -0.085  39.877799    15.2760    -1.5555     -0.084    32.0168    23.6136 -9.990e-29
 270.883119     -0.079  39.860140    15.2731    -1.5556     -0.078    32.0034    23.6039 -9.990e-29
 270.883125     -0.069  39.797752    15.2668    -1.5552     -0.068    31.9527    23.5663 -9.990e-29
 270.883131     -0.059  39.812469    15.2648    -1.5557     -0.059    31.9675    23.5781 -9.990e-29
 270.883137     -0.052  39.896472    15.2726    -1.5548     -0.052    32.0363    23.6294 -9.990e-29
 270.883142     -0.048  39.912508    15.2817    -1.5525     -0.048    32.0432    23.6327 -9.990e-29
 270.883148     -0.046  39.830994    15.2828    -1.5545     -0.046    31.9694    23.5756 -9.990e-29
 270.883154     -0.046  39.761147    15.2770    -1.5547     -0.046    31.9116    23.5325 -9.990e-29
 270.883160     -0.048  39.739238    15.2666    -1.5534     -0.048    31.9005    23.5261 -9.990e-29
 270.883166     -0.049  39.728220    15.2531    -1.5548     -0.049    31.9016    23.5299 -9.990e-29
 270.883171     -0.044  39.721249    15.2435    -1.5550     -0.044    31.9032    23.5332 -9.990e-29
 270.883177     -0.036  39.731443    15.2485    -1.5526     -0.036    31.9082    23.5360 -9.990e-29
 270.883183     -0.031  39.750551    15.2658    -1.5525     -0.031    31.9112    23.5346 -9.990e-29
 270.883189     -0.026  39.745801    15.2785    -1.5525     -0.026    31.8967    23.5206 -9.990e-29
 270.883194     -0.022  39.727670    15.2771    -1.5523     -0.022    31.8816    23.5093 -9.990e-29
 270.883200     -0.020  39.763297    15.2681    -1.5524     -0.020    31.9208    23.5414 -9.990e-29
 270.883206     -0.017  39.825696    15.2619    -1.5519     -0.017    31.9816    23.5896 -9.990e-29
 270.883212     -0.016  39.838996    15.2648    -1.5524     -0.016    31.9912    23.5963 -9.990e-29
 270.883218     -0.014  39.840541    15.2721    -1.5547     -0.014    31.9866    23.5912 -9.990e-29
 270.883223     -0.013  39.837998    15.2733    -1.5531     -0.013    31.9834    23.5885 -9.990e-29
 270.883229     -0.013  39.808378    15.2673    -1.5527     -0.013    31.9617    23.5731 -9.990e-29
 270.883235     -0.012  39.833184    15.2601    -1.5532     -0.012    31.9898    23.5963 -9.990e-29
 270.883241     -0.012  39.932056    15.2567    -1.5537     -0.012    32.0811    23.6673 -9.990e-29
 270.883247     -0.011  40.015015    15.2552    -1.5526     -0.011    32.1566    23.7258 -9.990e-29
 270.883252     -0.011  40.049842    15.2545    -1.5530     -0.011    32.1884    23.7504 -9.990e-29
 270.883258     -0.011  40.067298    15.2590    -1.5529     -0.011    32.2004    23.7586 -9.990e-29
 270.883264     -0.010  40.077219    15.2624    -1.5532     -0.010    32.2065    23.7625 -9.990e-29
 270.883270     -0.010  40.056989    15.2563    -1.5537     -0.010    32.1933    23.7538 -9.990e-29
 270.883275     -0.010  39.996448    15.2479    -1.5548     -0.010    32.1460    23.7192 -9.990e-29
 270.883281     -0.010  39.957161    15.2487    -1.5543     -0.010    32.1101    23.6914 -9.990e-29
 270.883287     -0.009  39.984774    15.2570    -1.5531     -0.009    32.1281    23.7034 -9.990e-29
 270.883293     -0.009  40.005759    15.2603    -1.5527     -0.009    32.1442    23.7151 -9.990e-29
 270.883299     -0.009  39.977527    15.2535    -1.5544     -0.009    32.1245    23.7014 -9.990e-29
 270.883304     -0.009  39.966634    15.2407    -1.5553     -0.009    32.1252    23.7047 -9.990e-29
 270.883310     -0.008  40.000574    15.2268    -1.5542     -0.008    32.1670    23.7399 -9.990e-29
 270.883316     -0.008  40.038342    15.2173    -1.5540     -0.008    32.2087    23.7740 -9.990e-29
 270.883322     -0.007  40.060282    15.2169    -1.5536     -0.007    32.2287    23.7895 -9.990e-29
 270.883328     -0.006  40.054762    15.2229    -1.5535     -0.006    32.2188    23.7806 -9.990e-29
 270.883333     -0.005  40.007702    15.2290    -1.5535     -0.005    32.1716    23.7429 -9.990e-29
 270.883339     -0.004  39.956631    15.2333    -1.5537     -0.004    32.1223    23.7041 -9.990e-29
 270.883345     -0.002  39.957254    15.2363    -1.5535     -0.002    32.1204    23.7020 -9.990e-29
 270.883351      0.001  39.990805    15.2365    -1.5532      0.001    32.1503    23.7249 -9.990e-29
 270.883356      0.004  39.982718    15.2310    -1.5530      0.004    32.1475    23.7240 -9.990e-29
 270.883362      0.008  39.923336    15.2231    -1.5537      0.008    32.1008    23.6897 -9.990e-29
 270.883368      0.013  39.896491    15.2218    -1.5540      0.013    32.0778    23.6723 -9.990e-29
 270.883374      0.019  39.933051    15.2230    -1.5535      0.019    32.1096    23.6965 -9.990e-29
 270.883380      0.023  39.972540    15.2188    -1.5536      0.023    32.1484    23.7273 -9.990e-29
 270.883385      0.021  39.998163    15.2136    -1.5531      0.021    32.1757    23.7494 -9.990e-29
 270.883391      0.016  40.023926    15.2112    -1.5543      0.016    32.2007    23.7692 -9.990e-29
 270.883397      0.013  40.039932    15.2119    -1.5543      0.013    32.2145    23.7797 -9.990e-29
 270.883403      0.012  40.048484    15.2143    -1.5544      0.012    32.2202    23.7836 -9.990e-29
 270.883409      0.012  40.058752    15.2143    -1.5546      0.012    32.2294    23.7907 -9.990e-29
 270.883414      0.013  40.067629    15.2100    -1.5547      0.013    32.2409    23.8004 -9.990e-29
 270.883420      0.016  40.065674    15.2039    -1.5539      0.016    32.2442    23.8043 -9.990e-29
 270.883426      0.020  40.054206    15.1997    -1.5547      0.020    32.2374    23.7999 -9.990e-29
 270.883432      0.027  40.054351    15.1998    -1.5536      0.027    32.2374    23.7999 -9.990e-29
