data/oxygen options/ONMS/Olympic_Coast_National_Marine_Sanctuary_CTD_Data_2005_2023/raw_data/2017/CAST_CE042_170829faed.cnv
* Sea-Bird SBE 19 Data File:
* FileName = C:\2017 Mooring Data\Casts\CAST_CE042_170829.hex
* Software Version SeatermAF 2.1.2
* Temperature SN = 2997
* Conductivity SN = 2997
* System UpLoad Time = Aug 29 2017 22:30:12 (localtime) = Aug 29 2017 22:30:12 (UTC)
** CAST_CE042_170829
* ds
# nquan = 9                                 
# nvalues = 1213                        
# units = specified
# name 0 = timeJ: Julian Days
# name 1 = prSM: Pressure, Strain Gauge [db]
# name 2 = c0mS/cm: Conductivity [mS/cm]
# name 3 = t090C: Temperature [ITS-90, deg C]
# name 4 = sbeox0ML/L: Oxygen, SBE 43 [ml/l]
# name 5 = depSM: Depth [salt water, m], lat = 47.5
# name 6 = sal00: Salinity, Practical [PSU]
# name 7 = sigma-é00: Density [sigma-theta, kg/m^3]
# name 8 = flag: flag
# span 0 = 241.863507, 241.870521       
# span 1 =     -5.534,     44.765       
# span 2 =   0.330420,  39.437839       
# span 3 =     7.7180,    14.4498       
# span 4 =   -12.5716,    18.9782       
# span 5 =     -5.488,     44.387       
# span 6 =     0.2018,    33.8685       
# span 7 =    -0.6541,    26.4250       
# span 8 = 0.0000e+00, 0.0000e+00       
# interval = seconds: 0.5
# start_time = Aug 29 2017 20:43:27 [Instrument's time stamp, header]
# bad_flag = -9.990e-29
*END*
[from data line 481]
 241.866291      0.452  39.155805    12.9345    -1.6123      0.448    33.3372    25.1179 -9.990e-29
 241.866296      0.453  39.184312    12.9336    -1.6121      0.449    33.3651    25.1396 -9.990e-29
 241.866302      0.454  39.224417    12.9336    -1.6118      0.450    33.4031    25.1691 -9.990e-29
 241.866308      0.449  39.260127    12.9342    -1.6117      0.445    33.4365    25.1948 -9.990e-29
 241.866314      0.440  39.290506    12.9352    -1.6130      0.436    33.4645    25.2163 -9.990e-29
 241.866319      0.429  39.316293    12.9366    -1.6141      0.425    33.4878    25.2340 -9.990e-29
 241.866325      0.421  39.330054    12.9375    -1.6125      0.417    33.5000    25.2434 -9.990e-29
 241.866331      0.414  39.340066    12.9377    -1.6123      0.411    33.5094    25.2505 -9.990e-29
 241.866337      0.412  39.361560    12.9375    -1.6117      0.409    33.5300    25.2665 -9.990e-29
 241.866343      0.416  39.376156    12.9370    -1.6114      0.413    33.5443    25.2777 -9.990e-29
 241.866348      0.417  39.372520    12.9362    -1.6111      0.414    33.5415    25.2757 -9.990e-29
 241.866354      0.415  39.369910    12.9354    -1.6120      0.412    33.5398    25.2745 -9.990e-29
 241.866360      0.415  39.377752    12.9343    -1.6138      0.412    33.5482    25.2813 -9.990e-29
 241.866366      0.415  39.384112    12.9328    -1.6147      0.412    33.5556    25.2873 -9.990e-29
 241.866372      0.422  39.364433    12.9313    -1.6128      0.418    33.5382    25.2741 -9.990e-29
 241.866377      0.434  39.317145    12.9304    -1.6124      0.430    33.4941    25.2401 -9.990e-29
 241.866383      0.444  39.296303    12.9302    -1.6139      0.440    33.4744    25.2250 -9.990e-29
 241.866389      0.449  39.330160    12.9300    -1.6146      0.445    33.5068    25.2501 -9.990e-29
 241.866395      0.450  39.378160    12.9300    -1.6129      0.446    33.5524    25.2854 -9.990e-29
 241.866400      0.445  39.415804    12.9305    -1.6125      0.441    33.5877    25.3126 -9.990e-29
 241.866406      0.438  39.437839    12.9311    -1.6120      0.434    33.6081    25.3283 -9.990e-29
 241.866412      0.439  39.424360    12.9316    -1.6127      0.435    33.5949    25.3180 -9.990e-29
 241.866418      0.448  39.360218    12.9317    14.4565      0.444    33.5338    25.2707 -9.990e-29
 241.866424      0.455  39.274758    12.9316    18.8204      0.451    33.4527    25.2079 -9.990e-29
 241.866429      0.457  39.241171    12.9319    18.9782      0.453    33.4206    25.1829 -9.990e-29
 241.866435      0.455  39.269594    12.9326    15.6637      0.451    33.4469    25.2032 -9.990e-29
 241.866441      0.453  39.278613    12.9333     8.8065      0.449    33.4549    25.2092 -9.990e-29
 241.866447      0.454  39.241617    12.9339     9.0062      0.450    33.4192    25.1815 -9.990e-29
 241.866453      0.459  39.229188    12.9346     9.4191      0.455    33.4068    25.1717 -9.990e-29
 241.866458      0.468  39.270148    12.9348     9.5543      0.464    33.4455    25.2017 -9.990e-29
 241.866464      0.477  39.314927    12.9347     9.5522      0.473    33.4881    25.2347 -9.990e-29
 241.866470      0.483  39.317925    12.9349     9.4978      0.479    33.4908    25.2367 -9.990e-29
 241.866476      0.486  39.255704    12.9358     9.4405      0.482    33.4309    25.1902 -9.990e-29
 241.866481      0.486  39.160171    12.9366     9.3856      0.482    33.3395    25.1192 -9.990e-29
 241.866487      0.484  39.098923    12.9372     9.3095      0.480    33.2808    25.0737 -9.990e-29
 241.866493      0.479  39.077712    12.9377     9.2320      0.475    33.2603    25.0576 -9.990e-29
 241.866499      0.470  39.069954    12.9384     9.2019      0.466    33.2523    25.0513 -9.990e-29
 241.866505      0.458  39.067005    12.9394     9.1806      0.454    33.2486    25.0483 -9.990e-29
 241.866510      0.446  39.066071    12.9400     9.1930      0.442    33.2472    25.0471 -9.990e-29
 241.866516      0.441  39.064804    12.9395     9.2076      0.437    33.2465    25.0466 -9.990e-29
 241.866522      0.448  39.062654    12.9386     9.2087      0.444    33.2452    25.0458 -9.990e-29
 241.866528      0.462  39.061256    12.9380     9.1964      0.458    33.2444    25.0453 -9.990e-29
 241.866534      0.472  39.061003    12.9383     9.1890      0.468    33.2439    25.0448 -9.990e-29
 241.866539      0.470  39.061577    12.9397     9.1889      0.466    33.2432    25.0440 -9.990e-29
 241.866545      0.460  39.062638    12.9415     9.1898      0.456    33.2426    25.0432 -9.990e-29
 241.866551      0.445  39.063381    12.9423     9.2082      0.441    33.2427    25.0431 -9.990e-29
 241.866557      0.430  39.063694    12.9420     9.2094      0.426    33.2432    25.0436 -9.990e-29
 241.866562      0.421  39.064013    12.9419     9.2100      0.417    33.2436    25.0439 -9.990e-29
 241.866568      0.422  39.064222    12.9419     9.2107      0.418    33.2438    25.0441 -9.990e-29
 241.866574      0.433  39.064060    12.9419     9.2019      0.429    33.2437    25.0439 -9.990e-29
 241.866580      0.451  39.063888    12.9421     9.1910      0.447    33.2433    25.0436 -9.990e-29
 241.866586      0.469  39.064054    12.9423     9.1912      0.465    33.2433    25.0436 -9.990e-29
 241.866591      0.482  39.064239    12.9421     9.1830      0.478    33.2436    25.0439 -9.990e-29
 241.866597      0.493  39.064145    12.9419     9.1830      0.489    33.2437    25.0440 -9.990e-29
 241.866603      0.501  39.064226    12.9429     9.1915      0.497    33.2429    25.0432 -9.990e-29
 241.866609      0.507  39.065171    12.9454     9.1990      0.503    33.2416    25.0417 -9.990e-29
 241.866615      0.513  39.066576    12.9474     9.2101      0.509    33.2412    25.0409 -9.990e-29
 241.866620      0.517  39.066971    12.9478     9.2169      0.513    33.2412    25.0409 -9.990e-29
 241.866626      0.520  39.066341    12.9473     9.2066      0.516    33.2410    25.0409 -9.990e-29
 241.866632      0.523  39.066107    12.9470     9.1869      0.519    33.2411    25.0409 -9.990e-29
 241.866638      0.525  39.066533    12.9476     9.1595      0.521    33.2410    25.0407 -9.990e-29
 241.866644      0.527  39.067086    12.9481     9.1476      0.523    33.2410    25.0407 -9.990e-29
 241.866649      0.530  39.067402    12.9477     9.1720      0.526    33.2417    25.0413 -9.990e-29
 241.866655      0.532  39.067360    12.9463     9.2065      0.528    33.2429    25.0425 -9.990e-29
 241.866661      0.534  39.066922    12.9443     9.2282      0.530    33.2442    25.0439 -9.990e-29
 241.866667      0.533  39.066084    12.9429     9.2283      0.529    33.2447    25.0445 -9.990e-29
 241.866672      0.523  39.065425    12.9429     9.2288      0.519    33.2440    25.0440 -9.990e-29
 241.866678      0.508  39.065204    12.9441     9.2278      0.504    33.2428    25.0428 -9.990e-29
 241.866684      0.492  39.065146    12.9449     9.2330      0.488    33.2420    25.0421 -9.990e-29
 241.866690      0.478  39.065193    12.9446     9.2378      0.474    33.2423    25.0424 -9.990e-29
 241.866696      0.474  39.065426    12.9440     9.2178      0.470    33.2431    25.0431 -9.990e-29
 241.866701      0.478  39.065615    12.9440     9.1831      0.474    33.2433    25.0432 -9.990e-29
 241.866707      0.484  39.065470    12.9445     9.1724      0.480    33.2427    25.0427 -9.990e-29
 241.866713      0.487  39.065374    12.9443     9.1992      0.483    33.2428    25.0428 -9.990e-29
 241.866719      0.488  39.065219    12.9431     9.2100      0.484    33.2437    25.0437 -9.990e-29
 241.866725      0.490  39.064814    12.9421     9.2142      0.486    33.2442    25.0443 -9.990e-29
 241.866730      0.498  39.064760    12.9420     9.2144      0.494    33.2442    25.0443 -9.990e-29
 241.866736      0.508  39.065003    12.9427     9.2053      0.504    33.2438    25.0439 -9.990e-29
 241.866742      0.517  39.065324    12.9443     9.1967      0.513    33.2427    25.0427 -9.990e-29
 241.866748      0.525  39.066170    12.9468     9.1884      0.521    33.2413    25.0412 -9.990e-29
 241.866753      0.533  39.068125    12.9496     9.1842      0.529    33.2407    25.0401 -9.990e-29
 241.866759      0.542  39.070454    12.9517     9.1867      0.537    33.2411    25.0400 -9.990e-29
 241.866765      0.551  39.071800    12.9529     9.2068      0.546    33.2413    25.0399 -9.990e-29
 241.866771      0.557  39.072296    12.9531     9.2130      0.552    33.2416    25.0401 -9.990e-29
 241.866777      0.557  39.072061    12.9516     9.2197      0.552    33.2427    25.0413 -9.990e-29
 241.866782      0.554  39.070802    12.9492     9.2181      0.549    33.2436    25.0425 -9.990e-29
 241.866788      0.552  39.069097    12.9473     9.1857      0.547    33.2436    25.0429 -9.990e-29
 241.866794      0.552  39.068053    12.9464     9.1715      0.547    33.2434    25.0429 -9.990e-29
 241.866800      0.553  39.067977    12.9461     9.1936      0.548    33.2436    25.0431 -9.990e-29
 241.866806      0.556  39.068225    12.9466     9.1986      0.551    33.2434    25.0428 -9.990e-29
 241.866811      0.561  39.068587    12.9481     9.2239      0.556    33.2425    25.0418 -9.990e-29
 241.866817      0.564  39.069562    12.9497     9.2369      0.559    33.2420    25.0411 -9.990e-29
 241.866823      0.560  39.070788    12.9502     9.2097      0.555    33.2427    25.0416 -9.990e-29
 241.866829      0.554  39.071115    12.9500     9.2057      0.549    33.2432    25.0420 -9.990e-29
 241.866834      0.549  39.071001    12.9497     9.1966      0.544    33.2433    25.0422 -9.990e-29
 241.866840      0.545  39.071432    12.9494     9.1882      0.540    33.2440    25.0427 -9.990e-29
 241.866846      0.543  39.071881    12.9493     9.1828      0.538    33.2445    25.0432 -9.990e-29
 241.866852      0.541  39.071843    12.9495     9.1733      0.536    33.2443    25.0430 -9.990e-29
 241.866858      0.541  39.072408    12.9501     9.1797      0.536    33.2443    25.0428 -9.990e-29
 241.866863      0.541  39.073786    12.9509     9.2077      0.536    33.2449    25.0432 -9.990e-29
 241.866869      0.541  39.074470    12.9514     9.2197      0.536    33.2451    25.0432 -9.990e-29
 241.866875      0.543  39.074273    12.9512     9.2279      0.538    33.2451    25.0432 -9.990e-29
 241.866881      0.545  39.073509    12.9506     9.2150      0.540    33.2449    25.0432 -9.990e-29
 241.866887      0.549  39.072300    12.9505     9.2116      0.544    33.2439    25.0424 -9.990e-29
 241.866892      0.553  39.071291    12.9505     9.2117      0.548    33.2429    25.0417 -9.990e-29
 241.866898      0.559  39.070838    12.9497     9.2035      0.554    33.2432    25.0420 -9.990e-29
 241.866904      0.563  39.070915    12.9486     9.2174      0.558    33.2442    25.0431 -9.990e-29
 241.866910      0.561  39.071081    12.9477     9.2102      0.556    33.2452    25.0440 -9.990e-29
 241.866916      0.556  39.071015    12.9467     9.1972      0.551    33.2460    25.0448 -9.990e-29
 241.866921      0.552  39.070647    12.9459     9.1806      0.547    33.2463    25.0452 -9.990e-29
 241.866927      0.551  39.070066    12.9458     9.1735      0.546    33.2459    25.0449 -9.990e-29
 241.866933      0.550  39.069636    12.9458     9.2064      0.545    33.2455    25.0446 -9.990e-29
 241.866939      0.551  39.069360    12.9454     9.2215      0.546    33.2456    25.0447 -9.990e-29
 241.866944      0.554  39.068890    12.9449     9.2408      0.549    33.2456    25.0448 -9.990e-29
 241.866950      0.558  39.068178    12.9446     9.2444      0.553    33.2451    25.0446 -9.990e-29
 241.866956      0.564  39.067411    12.9443     9.2476      0.559    33.2447    25.0443 -9.990e-29
 241.866962      0.567  39.066707    12.9440     9.2534      0.562    33.2443    25.0440 -9.990e-29
 241.866968      0.565  39.066265    12.9436     9.2474      0.560    33.2442    25.0440 -9.990e-29
 241.866973      0.560  39.066072    12.9431     9.2612      0.555    33.2445    25.0443 -9.990e-29
 241.866979      0.558  39.065892    12.9423     9.2443      0.553    33.2450    25.0449 -9.990e-29
 241.866985      0.557  39.065503    12.9411     9.2452      0.552    33.2457    25.0457 -9.990e-29
 241.866991      0.558  39.064965    12.9402     9.2288      0.553    33.2460    25.0461 -9.990e-29
 241.866997      0.562  39.064700    12.9397     9.2201      0.557    33.2461    25.0463 -9.990e-29
 241.867002      0.567  39.064930    12.9396     9.2185      0.562    33.2465    25.0466 -9.990e-29
 241.867008      0.574  39.065605    12.9403     9.2181      0.569    33.2465    25.0464 -9.990e-29
 241.867014      0.580  39.066509    12.9416     9.2170      0.575    33.2462    25.0460 -9.990e-29
 241.867020      0.581  39.067347    12.9430     9.2232      0.576    33.2457    25.0453 -9.990e-29
 241.867025      0.581  39.068100    12.9446     9.2134      0.576    33.2451    25.0445 -9.990e-29
 241.867031      0.584  39.068818    12.9461     9.2061      0.579    33.2444    25.0437 -9.990e-29
 241.867037      0.591  39.069319    12.9469     9.2124      0.586    33.2442    25.0434 -9.990e-29
 241.867043      0.602  39.069691    12.9473     9.2273      0.597    33.2442    25.0433 -9.990e-29
 241.867049      0.613  39.069852    12.9464     9.2441      0.608    33.2451    25.0442 -9.990e-29
 241.867054      0.616  39.068877    12.9436     9.2332      0.611    33.2467    25.0459 -9.990e-29
 241.867060      0.612  39.066566    12.9407     9.2244      0.607    33.2470    25.0468 -9.990e-29
 241.867066      0.605  39.064860    12.9401     9.2173      0.600    33.2459    25.0461 -9.990e-29
 241.867072      0.594  39.064824    12.9417     9.2250      0.589    33.2445    25.0446 -9.990e-29
 241.867078      0.583  39.065269    12.9438     9.2331      0.578    33.2431    25.0431 -9.990e-29
 241.867083      0.575  39.065650    12.9447     9.2323      0.570    33.2426    25.0426 -9.990e-29
 241.867089      0.570  39.064774    12.9446     9.2161      0.565    33.2419    25.0421 -9.990e-29
 241.867095      0.568  39.063136    12.9445     9.2237      0.563    33.2404    25.0409 -9.990e-29
 241.867101      0.568  39.064135    12.9452     9.2338      0.563    33.2408    25.0411 -9.990e-29
 241.867106      0.571  39.066841    12.9462     9.2533      0.566    33.2425    25.0422 -9.990e-29
 241.867112      0.576  39.068681    12.9462     9.2726      0.571    33.2442    25.0435 -9.990e-29
 241.867118      0.585  39.069290    12.9449     9.2679      0.580    33.2459    25.0451 -9.990e-29
 241.867124      0.597  39.068339    12.9429     9.2553      0.592    33.2468    25.0462 -9.990e-29
 241.867130      0.609  39.066221    12.9416     9.2509      0.604    33.2459    25.0457 -9.990e-29
 241.867135      0.613  39.064572    12.9426     9.2532      0.608    33.2435    25.0437 -9.990e-29
 241.867141      0.605  39.065097    12.9443     9.2695      0.600    33.2425    25.0425 -9.990e-29
 241.867147      0.589  39.066794    12.9442     9.2673      0.584    33.2442    25.0439 -9.990e-29
 241.867153      0.577  39.067424    12.9423     9.2420      0.572    33.2464    25.0460 -9.990e-29
 241.867159      0.581  39.066128    12.9397     9.2249      0.576    33.2475    25.0473 -9.990e-29
 241.867164      0.597  39.063402    12.9378     9.2192      0.592    33.2466    25.0470 -9.990e-29
 241.867170      0.609  39.061754    12.9372     9.2407      0.604    33.2455    25.0463 -9.990e-29
 241.867176      0.608  39.062324    12.9374     9.2677      0.603    33.2459    25.0466 -9.990e-29
 241.867182      0.600  39.063052    12.9379     9.2739      0.595    33.2461    25.0467 -9.990e-29
 241.867188      0.592  39.063207    12.9381     9.2642      0.587    33.2461    25.0466 -9.990e-29
 241.867193      0.587  39.063538    12.9379     9.2666      0.582    33.2466    25.0470 -9.990e-29
 241.867199      0.587  39.063907    12.9373     9.2573      0.582    33.2475    25.0478 -9.990e-29
 241.867205      0.590  39.063667    12.9361     9.2568      0.585    33.2483    25.0487 -9.990e-29
