data/oxygen options/ONMS/Olympic_Coast_National_Marine_Sanctuary_CTD_Data_2005_2023/raw_data/2017/CAST_CA015_170828faed.cnv
* Sea-Bird SBE 19 Data File:
* FileName = C:\2017 Mooring Data\Casts\CAST_CA015_170828.hex
* Software Version SeatermAF 2.1.2
* Temperature SN = 2997
* Conductivity SN = 2997
* System UpLoad Time = Aug 28 2017 20:36:40 (localtime) = Aug 28 2017 20:36:40 (UTC)
** CAST_CA015_170828
* ds
# nquan = 9                                 
# nvalues = 1278                        
# units = specified
# name 0 = timeJ: Julian Days
# name 1 = prSM: Pressure, Strain Gauge [db]
# name 2 = c0mS/cm: Conductivity [mS/cm]
# name 3 = t090C: Temperature [ITS-90, deg C]
# name 4 = sbeox0ML/L: Oxygen, SBE 43 [ml/l]
# name 5 = depSM: Depth [salt water, m], lat = 47.5
# name 6 = sal00: Salinity, Practical [PSU]
# name 7 = sigma-é00: Density [sigma-theta, kg/m^3]
# name 8 = flag: flag
# span 0 = 240.825139, 240.832529       
# span 1 =     -2.961,     19.569       
# span 2 =   0.372151,  38.820410       
# span 3 =     8.5675,    17.9463       
# span 4 =    -1.8180,    13.9305       
# span 5 =     -2.936,     19.405       
# span 6 =     0.2088,    33.9635       
# span 7 =    -1.2270,    25.9513       
# span 8 = 0.0000e+00, 0.0000e+00       
# interval = seconds: 0.5
# start_time = Aug 28 2017 19:48:12 [Instrument's time stamp, header]
# bad_flag = -9.990e-29
*END*
[from data line 161]
 240.826071     -1.214   0.570805    17.6483    -1.7980     -1.204     0.3253    -1.0885 -9.990e-29
 240.826076     -1.199   0.572950    17.6572    -1.7981     -1.189     0.3265    -1.0892 -9.990e-29
 240.826082     -1.187   0.570863    17.6651    -1.7982     -1.177     0.3252    -1.0916 -9.990e-29
 240.826088     -1.178   0.565642    17.6712    -1.7986     -1.168     0.3221    -1.0951 -9.990e-29
 240.826094     -1.165   0.560301    17.6747    -1.7989     -1.155     0.3189    -1.0982 -9.990e-29
 240.826100     -1.153   0.556582    17.6743    -1.7987     -1.143     0.3167    -1.0998 -9.990e-29
 240.826105     -1.145   0.553960    17.6699    -1.7981     -1.135     0.3152    -1.1002 -9.990e-29
 240.826111     -1.141   0.551157    17.6641    -1.7980     -1.131     0.3136    -1.1003 -9.990e-29
 240.826117     -1.140   0.547759    17.6589    -1.7980     -1.130     0.3117    -1.1009 -9.990e-29
 240.826123     -1.143   0.544223    17.6542    -1.7980     -1.133     0.3097    -1.1016 -9.990e-29
 240.826128     -1.149   0.541375    17.6493    -1.7977     -1.139     0.3080    -1.1020 -9.990e-29
 240.826134     -1.155   0.540404    17.6438    -1.7976     -1.145     0.3075    -1.1014 -9.990e-29
 240.826140     -1.152   0.541678    17.6387    -1.7976     -1.142     0.3083    -1.0998 -9.990e-29
 240.826146     -1.141   0.543572    17.6372    -1.7975     -1.131     0.3094    -1.0987 -9.990e-29
 240.826152     -1.128   0.543067    17.6419    -1.7977     -1.119     0.3091    -1.0998 -9.990e-29
 240.826157     -1.118   0.538382    17.6494    -1.7977     -1.109     0.3063    -1.1033 -9.990e-29
 240.826163     -1.111   0.531583    17.6540    -1.7978     -1.102     0.3023    -1.1072 -9.990e-29
 240.826169     -1.105   0.527457    17.6552    -1.7977     -1.096     0.2998    -1.1093 -9.990e-29
 240.826175     -1.099   0.529923    17.6567    -1.7977     -1.090     0.3013    -1.1085 -9.990e-29
 240.826181     -1.095   0.537835    17.6604    -1.7978     -1.086     0.3059    -1.1056 -9.990e-29
 240.826186     -1.091   0.544563    17.6646    -1.7979     -1.082     0.3098    -1.1034 -9.990e-29
 240.826192     -1.088   0.544118    17.6674    -1.7977     -1.079     0.3095    -1.1041 -9.990e-29
 240.826198     -1.084   0.537568    17.6678    -1.7975     -1.075     0.3057    -1.1071 -9.990e-29
 240.826204     -1.080   0.531695    17.6664    -1.7972     -1.071     0.3022    -1.1095 -9.990e-29
 240.826209     -1.076   0.530859    17.6649    -1.7972     -1.067     0.3018    -1.1096 -9.990e-29
 240.826215     -1.071   0.532836    17.6647    -1.7974     -1.062     0.3029    -1.1087 -9.990e-29
 240.826221     -1.065   0.533058    17.6655    -1.7974     -1.056     0.3030    -1.1087 -9.990e-29
 240.826227     -1.058   0.529606    17.6658    -1.7973     -1.049     0.3010    -1.1103 -9.990e-29
 240.826233     -1.049   0.523970    17.6651    -1.7973     -1.040     0.2977    -1.1127 -9.990e-29
 240.826238     -1.038   0.519720    17.6653    -1.7972     -1.029     0.2952    -1.1147 -9.990e-29
 240.826244     -1.027   0.519500    17.6679    -1.7974     -1.018     0.2951    -1.1153 -9.990e-29
 240.826250     -1.022   0.521907    17.6723    -1.7977     -1.013     0.2965    -1.1150 -9.990e-29
 240.826256     -1.020   0.523501    17.6760    -1.7980     -1.011     0.2974    -1.1150 -9.990e-29
 240.826262     -1.023   0.523084    17.6771    -1.7983     -1.014     0.2971    -1.1154 -9.990e-29
 240.826267     -1.027   0.521761    17.6764    -1.7986     -1.018     0.2964    -1.1158 -9.990e-29
 240.826273     -1.026   0.521092    17.6763    -1.7989     -1.017     0.2960    -1.1161 -9.990e-29
 240.826279     -1.018   0.521294    17.6776    -1.7987     -1.010     0.2961    -1.1163 -9.990e-29
 240.826285     -1.000   0.520973    17.6787    -1.7985     -0.992     0.2959    -1.1166 -9.990e-29
 240.826291     -0.986   0.519147    17.6779    -1.7981     -0.978     0.2948    -1.1173 -9.990e-29
 240.826296     -0.978   0.516151    17.6743    -1.7977     -0.970     0.2931    -1.1180 -9.990e-29
 240.826302     -0.968   0.512978    17.6685    -1.7977     -0.960     0.2913    -1.1183 -9.990e-29
 240.826308     -0.954   0.510385    17.6617    -1.7977     -0.946     0.2898    -1.1182 -9.990e-29
 240.826314     -0.941   0.508237    17.6546    -1.7976     -0.933     0.2886    -1.1178 -9.990e-29
 240.826319     -0.926   0.506441    17.6478    -1.7974     -0.918     0.2876    -1.1174 -9.990e-29
 240.826325     -0.915   0.505927    17.6434    -1.7975     -0.907     0.2873    -1.1168 -9.990e-29
 240.826331     -0.909   0.507116    17.6442    -1.7974     -0.901     0.2880    -1.1164 -9.990e-29
 240.826337     -0.905   0.509377    17.6499    -1.7973     -0.897     0.2893    -1.1164 -9.990e-29
 240.826343     -0.898   0.511293    17.6577    -1.7974     -0.891     0.2904    -1.1170 -9.990e-29
 240.826348     -0.891   0.511537    17.6647    -1.7977     -0.884     0.2905    -1.1182 -9.990e-29
 240.826354     -0.885   0.510436    17.6694    -1.7977     -0.878     0.2898    -1.1196 -9.990e-29
 240.826360     -0.875   0.508737    17.6726    -1.7979     -0.868     0.2888    -1.1210 -9.990e-29
 240.826366     -0.864   0.506391    17.6756    -1.7978     -0.857     0.2874    -1.1226 -9.990e-29
 240.826372     -0.856   0.503595    17.6777    -1.7979     -0.849     0.2858    -1.1242 -9.990e-29
 240.826377     -0.851   0.501608    17.6785    -1.7979     -0.844     0.2846    -1.1253 -9.990e-29
 240.826383     -0.847   0.501659    17.6790    -1.7977     -0.840     0.2846    -1.1253 -9.990e-29
 240.826389     -0.846   0.503263    17.6792    -1.7975     -0.839     0.2856    -1.1247 -9.990e-29
 240.826395     -0.846   0.504122    17.6777    -1.7974     -0.839     0.2861    -1.1240 -9.990e-29
 240.826400     -0.848   0.502612    17.6747    -1.7973     -0.841     0.2852    -1.1241 -9.990e-29
 240.826406     -0.852   0.499490    17.6719    -1.7972     -0.845     0.2834    -1.1250 -9.990e-29
 240.826412     -0.853   0.496136    17.6706    -1.7971     -0.846     0.2815    -1.1262 -9.990e-29
 240.826418     -0.849   0.493065    17.6699    -1.7970     -0.842     0.2797    -1.1275 -9.990e-29
 240.826424     -0.842   0.491167    17.6692    -1.7969     -0.835     0.2786    -1.1282 -9.990e-29
 240.826429     -0.837   0.491791    17.6699    -1.7969     -0.830     0.2789    -1.1281 -9.990e-29
 240.826435     -0.833   0.494106    17.6733    -1.7969     -0.826     0.2803    -1.1277 -9.990e-29
 240.826441     -0.829   0.495103    17.6780    -1.7971     -0.822     0.2808    -1.1281 -9.990e-29
 240.826447     -0.827   0.493339    17.6820    -1.7972     -0.820     0.2798    -1.1296 -9.990e-29
 240.826453     -0.824   0.490895    17.6851    -1.7974     -0.817     0.2783    -1.1313 -9.990e-29
 240.826458     -0.823   0.490607    17.6878    -1.7974     -0.816     0.2781    -1.1319 -9.990e-29
 240.826464     -0.821   0.492092    17.6904    -1.7974     -0.814     0.2790    -1.1318 -9.990e-29
 240.826470     -0.820   0.492897    17.6925    -1.7972     -0.813     0.2794    -1.1318 -9.990e-29
 240.826476     -0.820   0.492432    17.6943    -1.7970     -0.813     0.2791    -1.1323 -9.990e-29
 240.826481     -0.819   0.491739    17.6954    -1.7968     -0.812     0.2787    -1.1328 -9.990e-29
 240.826487     -0.818   0.491002    17.6949    -1.7967     -0.811     0.2783    -1.1331 -9.990e-29
 240.826493     -0.817   0.489238    17.6928    -1.7971     -0.810     0.2773    -1.1335 -9.990e-29
 240.826499     -0.816   0.485757    17.6899    -1.7974     -0.809     0.2753    -1.1345 -9.990e-29
 240.826505     -0.815   0.481461    17.6870    -1.7978     -0.808     0.2728    -1.1359 -9.990e-29
 240.826510     -0.814   0.478930    17.6854    -1.7978     -0.807     0.2714    -1.1367 -9.990e-29
 240.826516     -0.813   0.479779    17.6858    -1.7979     -0.806     0.2718    -1.1364 -9.990e-29
 240.826522     -0.811   0.482921    17.6884    -1.7979     -0.804     0.2737    -1.1355 -9.990e-29
 240.826528     -0.809   0.486450    17.6924    -1.7980     -0.802     0.2757    -1.1347 -9.990e-29
 240.826534     -0.806   0.488975    17.6957    -1.7982     -0.799     0.2771    -1.1341 -9.990e-29
 240.826539     -0.803   0.489985    17.6955    -1.7984     -0.796     0.2777    -1.1337 -9.990e-29
 240.826545     -0.799   0.489716    17.6907    -1.7984     -0.792     0.2776    -1.1329 -9.990e-29
 240.826551     -0.793   0.488366    17.6837    -1.7987     -0.786     0.2768    -1.1322 -9.990e-29
 240.826557     -0.786   0.486164    17.6775    -1.7988     -0.779     0.2756    -1.1320 -9.990e-29
 240.826562     -0.777   0.483501    17.6737    -1.7986     -0.771     0.2741    -1.1325 -9.990e-29
 240.826568     -0.766   0.480520    17.6713    -1.7984     -0.760     0.2724    -1.1334 -9.990e-29
 240.826574     -0.755   0.478233    17.6692    -1.7981     -0.749     0.2710    -1.1340 -9.990e-29
 240.826580     -0.749   0.478393    17.6665    -1.7980     -0.743     0.2712    -1.1334 -9.990e-29
 240.826586     -0.747   0.479550    17.6626    -1.7979     -0.741     0.2719    -1.1322 -9.990e-29
 240.826591     -0.749   0.478262    17.6581    -1.7980     -0.743     0.2711    -1.1319 -9.990e-29
 240.826597     -0.752   0.475028    17.6540    -1.7981     -0.746     0.2693    -1.1326 -9.990e-29
 240.826603     -0.750   0.473849    17.6505    -1.7981     -0.744     0.2686    -1.1325 -9.990e-29
 240.826609     -0.748   0.476476    17.6493    -1.7979     -0.742     0.2702    -1.1311 -9.990e-29
 240.826615     -0.750   0.479764    17.6517    -1.7976     -0.744     0.2720    -1.1300 -9.990e-29
 240.826620     -0.752   0.480339    17.6567    -1.7974     -0.746     0.2724    -1.1307 -9.990e-29
 240.826626     -0.749   0.478967    17.6622    -1.7974     -0.743     0.2715    -1.1324 -9.990e-29
 240.826632     -0.743   0.477700    17.6668    -1.7977     -0.737     0.2708    -1.1338 -9.990e-29
 240.826638     -0.736   0.475956    17.6694    -1.7979     -0.730     0.2697    -1.1350 -9.990e-29
 240.826644     -0.732   0.472518    17.6694    -1.7977     -0.726     0.2677    -1.1366 -9.990e-29
 240.826649     -0.727   0.468897    17.6687    -1.7979     -0.721     0.2656    -1.1381 -9.990e-29
 240.826655     -0.716   0.467469    17.6699    -1.7978     -0.710     0.2648    -1.1389 -9.990e-29
 240.826661     -0.704   0.468549    17.6735    -1.7978     -0.698     0.2654    -1.1391 -9.990e-29
 240.826667     -0.692   0.470806    17.6780    -1.7978     -0.686     0.2667    -1.1389 -9.990e-29
 240.826672     -0.681   0.473370    17.6815    -1.7979     -0.675     0.2681    -1.1385 -9.990e-29
 240.826678     -0.670   0.475780    17.6822    -1.7980     -0.664     0.2695    -1.1375 -9.990e-29
 240.826684     -0.658   0.476818    17.6798    -1.7981     -0.653     0.2702    -1.1366 -9.990e-29
 240.826690     -0.649   0.475649    17.6773    -1.7981     -0.644     0.2695    -1.1367 -9.990e-29
 240.826696     -0.642   0.472932    17.6766    -1.7981     -0.637     0.2679    -1.1377 -9.990e-29
 240.826701     -0.633   0.470032    17.6761    -1.7981     -0.628     0.2662    -1.1389 -9.990e-29
 240.826707     -0.624   0.468071    17.6755    -1.7978     -0.619     0.2651    -1.1397 -9.990e-29
 240.826713     -0.620   0.467760    17.6753    -1.7977     -0.615     0.2649    -1.1398 -9.990e-29
 240.826719     -0.621   0.468684    17.6747    -1.7976     -0.616     0.2655    -1.1393 -9.990e-29
 240.826725     -0.622   0.468750    17.6733    -1.7974     -0.617     0.2655    -1.1390 -9.990e-29
 240.826730     -0.620   0.466384    17.6714    -1.7973     -0.615     0.2642    -1.1397 -9.990e-29
 240.826736     -0.613   0.462864    17.6699    -1.7972     -0.608     0.2621    -1.1410 -9.990e-29
 240.826742     -0.602   0.460702    17.6694    -1.7972     -0.597     0.2609    -1.1419 -9.990e-29
 240.826748     -0.590   0.460892    17.6700    -1.7973     -0.585     0.2610    -1.1419 -9.990e-29
 240.826753     -0.581   0.462580    17.6722    -1.7977     -0.576     0.2619    -1.1415 -9.990e-29
 240.826759     -0.574   0.464139    17.6761    -1.7981     -0.569     0.2628    -1.1416 -9.990e-29
 240.826765     -0.569   0.464322    17.6806    -1.7983     -0.564     0.2629    -1.1423 -9.990e-29
 240.826771     -0.565   0.462822    17.6847    -1.7984     -0.560     0.2620    -1.1438 -9.990e-29
 240.826777     -0.561   0.460409    17.6883    -1.7984     -0.556     0.2606    -1.1455 -9.990e-29
 240.826782     -0.559   0.458297    17.6910    -1.7983     -0.554     0.2593    -1.1470 -9.990e-29
 240.826788     -0.558   0.456996    17.6926    -1.7985     -0.553     0.2586    -1.1478 -9.990e-29
 240.826794     -0.557   0.456434    17.6921    -1.7988     -0.552     0.2583    -1.1480 -9.990e-29
 240.826800     -0.556   0.456416    17.6881    -1.7989     -0.551     0.2583    -1.1472 -9.990e-29
 240.826806     -0.557   0.456366    17.6808    -1.7992     -0.552     0.2583    -1.1459 -9.990e-29
 240.826811     -0.557   0.455660    17.6727    -1.7998     -0.552     0.2579    -1.1447 -9.990e-29
 240.826817     -0.559   0.455021    17.6667    -1.8002     -0.554     0.2576    -1.1439 -9.990e-29
 240.826823     -0.561   0.455257    17.6638    -1.8004     -0.556     0.2577    -1.1432 -9.990e-29
 240.826829     -0.564   0.455022    17.6631    -1.8004     -0.559     0.2576    -1.1432 -9.990e-29
 240.826834     -0.568   0.452896    17.6621    -1.8004     -0.563     0.2564    -1.1440 -9.990e-29
 240.826840     -0.573   0.449923    17.6584    -1.8002     -0.568     0.2547    -1.1446 -9.990e-29
 240.826846     -0.579   0.448233    17.6524    -1.8001     -0.574     0.2537    -1.1442 -9.990e-29
 240.826852     -0.588   0.448343    17.6452    -1.8001     -0.583     0.2538    -1.1429 -9.990e-29
 240.826858     -0.595   0.448738    17.6358    -1.8001     -0.590     0.2541    -1.1409 -9.990e-29
 240.826863     -0.596   0.448283    17.6244    -1.8002     -0.591     0.2539    -1.1390 -9.990e-29
 240.826869     -0.596   0.448034    17.6145    -1.8005     -0.591     0.2538    -1.1373 -9.990e-29
 240.826875     -0.594   0.449322    17.6092    -1.8008     -0.589     0.2546    -1.1357 -9.990e-29
 240.826881     -0.587   0.451095    17.6083    -1.8009     -0.582     0.2557    -1.1348 -9.990e-29
 240.826887     -0.579   0.450731    17.6102    -1.8009     -0.574     0.2554    -1.1353 -9.990e-29
 240.826892     -0.572   0.447190    17.6128    -1.8008     -0.567     0.2534    -1.1373 -9.990e-29
 240.826898     -0.566   0.442399    17.6142    -1.8006     -0.561     0.2506    -1.1397 -9.990e-29
 240.826904     -0.562   0.439946    17.6139    -1.8004     -0.557     0.2492    -1.1408 -9.990e-29
 240.826910     -0.559   0.441545    17.6124    -1.8000     -0.554     0.2501    -1.1398 -9.990e-29
 240.826916     -0.557   0.444344    17.6097    -1.7997     -0.552     0.2517    -1.1380 -9.990e-29
 240.826921     -0.555   0.444316    17.6048    -1.7997     -0.550     0.2517    -1.1371 -9.990e-29
 240.826927     -0.553   0.441423    17.5992    -1.8000     -0.548     0.2501    -1.1374 -9.990e-29
 240.826933     -0.552   0.439012    17.5953    -1.8003     -0.547     0.2487    -1.1377 -9.990e-29
 240.826939     -0.551   0.439965    17.5943    -1.8001     -0.546     0.2493    -1.1371 -9.990e-29
 240.826944     -0.550   0.443889    17.5965    -1.7999     -0.545     0.2515    -1.1358 -9.990e-29
 240.826950     -0.549   0.447706    17.6014    -1.8001     -0.544     0.2537    -1.1350 -9.990e-29
 240.826956     -0.548   0.448748    17.6082    -1.8002     -0.543     0.2543    -1.1358 -9.990e-29
 240.826962     -0.548   0.446741    17.6156    -1.8003     -0.543     0.2531    -1.1381 -9.990e-29
 240.826968     -0.547   0.443442    17.6209    -1.8003     -0.542     0.2511    -1.1405 -9.990e-29
 240.826973     -0.546   0.440550    17.6214    -1.8002     -0.541     0.2495    -1.1419 -9.990e-29
 240.826979     -0.545   0.439195    17.6181    -1.8002     -0.540     0.2487    -1.1419 -9.990e-29
 240.826985     -0.544   0.439788    17.6155    -1.8001     -0.539     0.2491    -1.1411 -9.990e-29
