data/oxygen options/ONMS/Olympic_Coast_National_Marine_Sanctuary_CTD_Data_2005_2023/raw_data/2017/CAST_CA015_170526faed.cnv
* Sea-Bird SBE19 Data File:
* FileName = C:\2017 Mooring Data\Casts\CAST_CA015_170526.hex
* Software Version 1.59
* Temperature SN = 2997
* Conductivity SN = 2997
* System UpLoad Time = May 26 2017 22:57:25
** CAST_CA015_170526
* ds
# nquan = 9                                 
# nvalues = 783                         
# units = specified
# name 0 = timeJ: Julian Days
# name 1 = prSM: Pressure, Strain Gauge [db]
# name 2 = c0mS/cm: Conductivity [mS/cm]
# name 3 = t090C: Temperature [ITS-90, deg C]
# name 4 = sbeox0ML/L: Oxygen, SBE 43 [ml/l]
# name 5 = depSM: Depth [salt water, m], lat = 47.5
# name 6 = sal00: Salinity, Practical [PSU]
# name 7 = sigma-é00: Density [sigma-theta, kg/m^3]
# name 8 = flag: flag
# span 0 = 146.949352, 146.953877       
# span 1 =     -5.648,     17.419       
# span 2 =   0.285394,  37.069456       
# span 3 =     8.6760,    15.4247       
# span 4 =    -1.8961,    16.0138       
# span 5 =     -5.601,     17.273       
# span 6 =     0.1688,    33.1818       
# span 7 =    -0.8285,    25.7451       
# span 8 = 0.0000e+00, 0.0000e+00       
# interval = seconds: 0.5
# start_time = May 26 2017 22:47:04 [Instrument's time stamp, header]
# bad_flag = -9.990e-29
*END*
[from data line 321]
 146.951209     -0.446  36.617750    11.4577    -1.6730     -0.442    32.1870    24.5043 -9.990e-29
 146.951215     -0.335  36.738922    11.4039    -1.6719     -0.332    32.3525    24.6426 -9.990e-29
 146.951221     -0.240  36.852564    11.4358    -1.6720     -0.238    32.4358    24.7016 -9.990e-29
 146.951227     -0.173  36.893991    11.5049    -1.6712     -0.172    32.4157    24.6735 -9.990e-29
 146.951233     -0.129  36.811432    11.5378    -1.6745     -0.128    32.3062    24.5825 -9.990e-29
 146.951238     -0.096  36.698630    11.5322    -1.6740     -0.095    32.2010    24.5018 -9.990e-29
 146.951244     -0.070  36.678449    11.5193    -1.6741     -0.069    32.1925    24.4975 -9.990e-29
 146.951250     -0.046  36.787793    11.5165    -1.6732     -0.046    32.3017    24.5828 -9.990e-29
 146.951256     -0.026  36.902507    11.5176    -1.6742     -0.026    32.4128    24.6689 -9.990e-29
 146.951262     -0.006  36.915114    11.5093    -1.6727     -0.006    32.4324    24.6857 -9.990e-29
 146.951267      0.014  36.889993    11.4935    -1.6721      0.014    32.4217    24.6802 -9.990e-29
 146.951273      0.032  36.915706    11.4854    -1.6743      0.032    32.4539    24.7067 -9.990e-29
 146.951279      0.039  36.981702    11.4891    -1.6749      0.039    32.5152    24.7537 -9.990e-29
 146.951285      0.032  37.015219    11.4954    -1.6737      0.032    32.5424    24.7737 -9.990e-29
 146.951291      0.015  36.967953    11.5000    -1.6707      0.015    32.4922    24.7338 -9.990e-29
 146.951296     -0.005  36.873177    11.4968    -1.6710     -0.005    32.4023    24.6646 -9.990e-29
 146.951302     -0.020  36.814501    11.4779    -1.6744     -0.020    32.3615    24.6363 -9.990e-29
 146.951308     -0.027  36.825103    11.4543    -1.6746     -0.027    32.3926    24.6647 -9.990e-29
 146.951314     -0.035  36.887171    11.4502    -1.6728     -0.035    32.4569    24.7154 -9.990e-29
 146.951319     -0.058  36.964148    11.4671    -1.6723     -0.058    32.5174    24.7594 -9.990e-29
 146.951325     -0.096  37.003507    11.4840    -1.6702     -0.095    32.5411    24.7747 -9.990e-29
 146.951331     -0.140  36.958015    11.4888    -1.6719     -0.139    32.4924    24.7360 -9.990e-29
 146.951337     -0.180  36.865552    11.4865    -1.6741     -0.178    32.4040    24.6677 -9.990e-29
 146.951343     -0.213  36.836335    11.4857    -1.6750     -0.211    32.3761    24.6462 -9.990e-29
 146.951348     -0.242  36.908662    11.4878    -1.6745     -0.240    32.4450    24.6994 -9.990e-29
 146.951354     -0.269  36.994694    11.4904    -1.6736     -0.267    32.5269    24.7625 -9.990e-29
 146.951360     -0.295  36.980624    11.4913    -1.6726     -0.293    32.5123    24.7511 -9.990e-29
 146.951366     -0.317  36.891905    11.4875    -1.6720     -0.314    32.4289    24.6869 -9.990e-29
 146.951372     -0.330  36.859424    11.4823    -1.6713     -0.327    32.4017    24.6667 -9.990e-29
 146.951377     -0.332  36.919366    11.4818    -1.6706     -0.329    32.4608    24.7127 -9.990e-29
 146.951383     -0.334  37.006582    11.4853    -1.6754     -0.331    32.5430    24.7760 -9.990e-29
 146.951389     -0.339  37.044121    11.4890    -1.6732     -0.336    32.5765    24.8013 -9.990e-29
 146.951395     -0.349  36.982322    11.4892    -1.6761     -0.346    32.5159    24.7542 -9.990e-29
 146.951400     -0.358  36.869800    11.4834    -1.6743     -0.355    32.4109    24.6737 -9.990e-29
 146.951406     -0.359  36.804588    11.4740    -1.6725     -0.356    32.3554    24.6322 -9.990e-29
 146.951412     -0.349  36.824590    11.4679    -1.6706     -0.346    32.3803    24.6527 -9.990e-29
 146.951418     -0.330  36.902685    11.4684    -1.6740     -0.327    32.4562    24.7116 -9.990e-29
 146.951424     -0.310  36.987284    11.4713    -1.6770     -0.307    32.5365    24.7734 -9.990e-29
 146.951429     -0.297  37.045549    11.4709    -1.6770     -0.295    32.5938    24.8181 -9.990e-29
 146.951435     -0.297  37.069456    11.4674    -1.6763     -0.295    32.6203    24.8393 -9.990e-29
 146.951441     -0.307  37.023087    11.4645    -1.6750     -0.304    32.5775    24.8065 -9.990e-29
 146.951447     -0.310  36.929707    11.4624    -1.6764     -0.307    32.4879    24.7373 -9.990e-29
 146.951453     -0.298  36.865268    11.4596    -1.6766     -0.296    32.4273    24.6907 -9.990e-29
 146.951458     -0.275  36.845189    11.4564    -1.6749     -0.273    32.4105    24.6782 -9.990e-29
 146.951464     -0.251  36.898263    11.4541    -1.6758     -0.249    32.4644    24.7206 -9.990e-29
 146.951470     -0.238  36.997541    11.4528    -1.6773     -0.236    32.5628    24.7972 -9.990e-29
 146.951476     -0.240  37.017781    11.4519    -1.6770     -0.238    32.5834    24.8134 -9.990e-29
 146.951481     -0.252  36.903912    11.4505    -1.6756     -0.250    32.4731    24.7280 -9.990e-29
 146.951487     -0.262  36.758781    11.4482    -1.6754     -0.260    32.3331    24.6196 -9.990e-29
 146.951493     -0.263  36.698585    11.4465    -1.6766     -0.261    32.2757    24.5753 -9.990e-29
 146.951499     -0.258  36.718678    11.4471    -1.6775     -0.256    32.2948    24.5900 -9.990e-29
 146.951505     -0.252  36.742825    11.4486    -1.6775     -0.250    32.3171    24.6071 -9.990e-29
 146.951510     -0.245  36.730435    11.4487    -1.6756     -0.243    32.3049    24.5976 -9.990e-29
 146.951516     -0.235  36.728282    11.4468    -1.6744     -0.233    32.3045    24.5976 -9.990e-29
 146.951522     -0.227  36.745832    11.4436    -1.6763     -0.225    32.3245    24.6137 -9.990e-29
 146.951528     -0.224  36.728660    11.4393    -1.6787     -0.222    32.3114    24.6043 -9.990e-29
 146.951534     -0.221  36.695321    11.4332    -1.6791     -0.219    32.2841    24.5842 -9.990e-29
 146.951539     -0.220  36.708339    11.4271    -1.6780     -0.218    32.3022    24.5994 -9.990e-29
 146.951545     -0.223  36.758204    11.4233    -1.6762     -0.221    32.3543    24.6406 -9.990e-29
 146.951551     -0.226  36.778696    11.4196    -1.6757     -0.224    32.3776    24.6593 -9.990e-29
 146.951557     -0.227  36.748993    11.4139    -1.6759     -0.225    32.3535    24.6416 -9.990e-29
 146.951562     -0.224  36.721344    11.4084    -1.6754     -0.222    32.3313    24.6253 -9.990e-29
 146.951568     -0.217  36.750177    11.4054    -1.6767     -0.215    32.3621    24.6499 -9.990e-29
 146.951574     -0.211  36.822990    11.4044    -1.6752     -0.209    32.4343    24.7061 -9.990e-29
 146.951580     -0.210  36.851518    11.4040    -1.6720     -0.208    32.4626    24.7282 -9.990e-29
 146.951586     -0.208  36.782532    11.4046    -1.6736     -0.206    32.3945    24.6752 -9.990e-29
 146.951591     -0.201  36.681986    11.4063    -1.6774     -0.199    32.2946    24.5972 -9.990e-29
 146.951597     -0.194  36.643753    11.4097    -1.6780     -0.192    32.2542    24.5652 -9.990e-29
 146.951603     -0.194  36.688548    11.4168    -1.6772     -0.192    32.2918    24.5931 -9.990e-29
 146.951609     -0.206  36.762436    11.4272    -1.6773     -0.204    32.3550    24.6404 -9.990e-29
 146.951615     -0.222  36.799309    11.4384    11.9720     -0.220    32.3813    24.6588 -9.990e-29
 146.951620     -0.226  36.794027    11.4433    15.8499     -0.224    32.3719    24.6506 -9.990e-29
 146.951626     -0.213  36.772605    11.4379    16.0138     -0.211    32.3556    24.6389 -9.990e-29
 146.951632     -0.197  36.780978    11.4323    12.9281     -0.195    32.3687    24.6501 -9.990e-29
 146.951638     -0.188  36.870646    11.4334     6.5835     -0.186    32.4555    24.7174 -9.990e-29
 146.951644     -0.190  36.951731    11.4367     6.4419     -0.188    32.5320    24.7763 -9.990e-29
 146.951649     -0.199  36.889315    11.4378     6.5928     -0.197    32.4700    24.7278 -9.990e-29
 146.951655     -0.208  36.739633    11.4365     6.6516     -0.206    32.3246    24.6151 -9.990e-29
 146.951661     -0.208  36.644171    11.4349     6.6656     -0.206    32.2326    24.5439 -9.990e-29
 146.951667     -0.199  36.620140    11.4335     6.6387     -0.197    32.2103    24.5268 -9.990e-29
 146.951672     -0.190  36.596876    11.4316     6.5937     -0.188    32.1892    24.5107 -9.990e-29
 146.951678     -0.183  36.553451    11.4282     6.5528     -0.181    32.1497    24.4806 -9.990e-29
 146.951684     -0.178  36.522137    11.4223     6.5223     -0.177    32.1242    24.4619 -9.990e-29
 146.951690     -0.176  36.510473    11.4163     6.5153     -0.175    32.1180    24.4582 -9.990e-29
 146.951696     -0.176  36.505721    11.4135     6.5373     -0.175    32.1158    24.4569 -9.990e-29
 146.951701     -0.174  36.503238    11.4117     6.5451     -0.173    32.1149    24.4566 -9.990e-29
 146.951707     -0.165  36.499727    11.4092     6.5542     -0.164    32.1136    24.4561 -9.990e-29
 146.951713     -0.153  36.493323    11.4090     6.5480     -0.152    32.1075    24.4514 -9.990e-29
 146.951719     -0.145  36.481099    11.4117     6.5441     -0.144    32.0932    24.4398 -9.990e-29
 146.951725     -0.143  36.474769    11.4151     6.5499     -0.142    32.0841    24.4320 -9.990e-29
 146.951730     -0.140  36.486625    11.4182     6.5558     -0.139    32.0930    24.4384 -9.990e-29
 146.951736     -0.136  36.501134    11.4215     6.5595     -0.135    32.1043    24.4466 -9.990e-29
 146.951742     -0.128  36.507976    11.4250     6.5584     -0.127    32.1080    24.4488 -9.990e-29
 146.951748     -0.115  36.510690    11.4281     6.5643     -0.114    32.1079    24.4482 -9.990e-29
 146.951753     -0.104  36.511230    11.4307     6.5663     -0.103    32.1062    24.4464 -9.990e-29
 146.951759     -0.099  36.510890    11.4326     6.5702     -0.098    32.1042    24.4445 -9.990e-29
 146.951765     -0.099  36.510351    11.4334     6.5648     -0.098    32.1030    24.4434 -9.990e-29
 146.951771     -0.101  36.511149    11.4342     6.5636     -0.100    32.1031    24.4433 -9.990e-29
 146.951777     -0.096  36.512123    11.4356     6.5598     -0.095    32.1028    24.4429 -9.990e-29
 146.951782     -0.084  36.512346    11.4367     6.5564     -0.083    32.1021    24.4421 -9.990e-29
 146.951788     -0.072  36.512690    11.4373     6.5689     -0.071    32.1019    24.4419 -9.990e-29
 146.951794     -0.064  36.513067    11.4376     6.5764     -0.063    32.1020    24.4419 -9.990e-29
 146.951800     -0.060  36.513437    11.4379     6.5784     -0.059    32.1021    24.4419 -9.990e-29
 146.951806     -0.059  36.513745    11.4385     6.5538     -0.059    32.1019    24.4416 -9.990e-29
 146.951811     -0.056  36.513856    11.4400     6.5411     -0.056    32.1007    24.4404 -9.990e-29
 146.951817     -0.048  36.513933    11.4422     6.5518     -0.048    32.0988    24.4386 -9.990e-29
 146.951823     -0.038  36.514096    11.4442     6.5530     -0.038    32.0972    24.4370 -9.990e-29
 146.951829     -0.034  36.514574    11.4456     6.5535     -0.034    32.0965    24.4362 -9.990e-29
 146.951834     -0.040  36.515461    11.4462     6.5481     -0.040    32.0968    24.4363 -9.990e-29
 146.951840     -0.052  36.516272    11.4457     6.5292     -0.052    32.0981    24.4374 -9.990e-29
 146.951846     -0.062  36.516425    11.4444     6.5164     -0.061    32.0993    24.4386 -9.990e-29
 146.951852     -0.064  36.515577    11.4429     6.5233     -0.063    32.0998    24.4393 -9.990e-29
 146.951858     -0.055  36.514295    11.4412     6.5348     -0.055    32.1000    24.4397 -9.990e-29
 146.951863     -0.046  36.513683    11.4395     6.5534     -0.046    32.1009    24.4407 -9.990e-29
 146.951869     -0.043  36.513496    11.4385     6.5520     -0.043    32.1016    24.4414 -9.990e-29
 146.951875     -0.050  36.513501    11.4386     6.5456     -0.050    32.1015    24.4414 -9.990e-29
 146.951881     -0.060  36.514277    11.4402     6.5262     -0.059    32.1009    24.4406 -9.990e-29
 146.951887     -0.060  36.516315    11.4423     6.5280     -0.059    32.1011    24.4403 -9.990e-29
 146.951892     -0.051  36.518986    11.4437     6.5548     -0.051    32.1025    24.4412 -9.990e-29
 146.951898     -0.040  36.520267    11.4452     6.5421     -0.040    32.1024    24.4409 -9.990e-29
 146.951904     -0.031  36.520201    11.4477     6.5492     -0.031    32.1002    24.4387 -9.990e-29
 146.951910     -0.028  36.520395    11.4505     6.5496     -0.028    32.0979    24.4364 -9.990e-29
 146.951916     -0.030  36.520559    11.4534     6.5537     -0.030    32.0956    24.4341 -9.990e-29
 146.951921     -0.030  36.520929    11.4563     6.5701     -0.030    32.0934    24.4319 -9.990e-29
 146.951927     -0.021  36.522573    11.4585     6.5662     -0.021    32.0931    24.4312 -9.990e-29
 146.951933     -0.005  36.523779    11.4598     6.5399     -0.005    32.0931    24.4310 -9.990e-29
 146.951939      0.015  36.523930    11.4605     6.5225      0.015    32.0927    24.4305 -9.990e-29
 146.951944      0.038  36.524922    11.4603     6.5239      0.038    32.0938    24.4315 -9.990e-29
 146.951950      0.059  36.525851    11.4588     6.5229      0.059    32.0960    24.4334 -9.990e-29
 146.951956      0.067  36.525730    11.4569     6.5328      0.066    32.0975    24.4350 -9.990e-29
 146.951962      0.058  36.525532    11.4555     6.5275      0.058    32.0986    24.4360 -9.990e-29
 146.951968      0.050  36.525568    11.4555     6.5102      0.050    32.0986    24.4360 -9.990e-29
 146.951973      0.054  36.527021    11.4579     6.5100      0.054    32.0979    24.4351 -9.990e-29
 146.951979      0.067  36.530721    11.4617     6.5117      0.066    32.0982    24.4347 -9.990e-29
 146.951985      0.080  36.533777    11.4645     6.5253      0.079    32.0988    24.4346 -9.990e-29
 146.951991      0.086  36.534118    11.4667     6.5401      0.085    32.0972    24.4330 -9.990e-29
 146.951997      0.081  36.534453    11.4693     6.5343      0.080    32.0953    24.4310 -9.990e-29
 146.952002      0.068  36.536362    11.4712     6.5166      0.067    32.0955    24.4308 -9.990e-29
 146.952008      0.057  36.539048    11.4723     6.5082      0.057    32.0972    24.4319 -9.990e-29
 146.952014      0.050  36.541626    11.4725     6.4853      0.050    32.0995    24.4337 -9.990e-29
 146.952020      0.046  36.541952    11.4717     6.5066      0.046    32.1005    24.4346 -9.990e-29
 146.952025      0.046  36.540474    11.4710     6.5241      0.046    32.0997    24.4341 -9.990e-29
 146.952031      0.050  36.540834    11.4713     6.5140      0.050    32.0998    24.4341 -9.990e-29
 146.952037      0.057  36.543526    11.4726     6.4990      0.057    32.1013    24.4351 -9.990e-29
 146.952043      0.064  36.546555    11.4744     6.4426      0.063    32.1027    24.4358 -9.990e-29
 146.952049      0.068  36.549495    11.4760     6.3891      0.067    32.1042    24.4367 -9.990e-29
 146.952054      0.072  36.551801    11.4767     6.3202      0.071    32.1058    24.4378 -9.990e-29
 146.952060      0.081  36.552081    11.4749     6.2486      0.080    32.1076    24.4396 -9.990e-29
 146.952066      0.092  36.549602    11.4667     6.2036      0.091    32.1123    24.4447 -9.990e-29
 146.952072      0.096  36.541074    11.4422     6.1854      0.095    32.1253    24.4592 -9.990e-29
 146.952078      0.095  36.513463    11.3983     6.1964      0.094    32.1365    24.4757 -9.990e-29
 146.952083      0.096  36.473644    11.3518     6.2428      0.095    32.1379    24.4852 -9.990e-29
 146.952089      0.103  36.449730    11.3207     6.2671      0.102    32.1416    24.4936 -9.990e-29
 146.952095      0.113  36.440639    11.3056     6.3105      0.112    32.1458    24.4996 -9.990e-29
 146.952101      0.118  36.435373    11.2980     6.3256      0.117    32.1473    24.5021 -9.990e-29
 146.952106      0.115  36.435319    11.2979     6.3528      0.114    32.1473    24.5022 -9.990e-29
 146.952112      0.101  36.441538    11.3081     6.3788      0.100    32.1445    24.4982 -9.990e-29
 146.952118      0.083  36.454495    11.3235     6.3845      0.082    32.1438    24.4949 -9.990e-29
 146.952124      0.065  36.470203    11.3382     6.4010      0.064    32.1464    24.4943 -9.990e-29
