data/oxygen options/ONMS/Olympic_Coast_National_Marine_Sanctuary_CTD_Data_2005_2023/raw_data/2012/CAST_KL027_120830faed.cnv
* Sea-Bird SBE19 Data File:
* FileName = C:\Documents and Settings\OCNMS\Desktop\2012 mooring data\2nd service\CAST_KL027_120830.hex
* Software Version 1.25
* Temperature SN = 2997
* Conductivity SN = 2997
* System UpLoad Time = Aug 30 2012 15:04:14
** CAST_KL027_120830
* SEACAT PROFILER V3.1c SN 2997   08/30/12  15:02:36.194
# nquan = 9                                 
# nvalues = 933                         
# units = specified
# name 0 = timeJ: Julian Days
# name 1 = prSM: Pressure, Strain Gauge [db]
# name 2 = c0mS/cm: Conductivity [mS/cm]
# name 3 = t090C: Temperature [ITS-90, deg C]
# name 4 = sbeox0ML/L: Oxygen, SBE 43 [ml/l]
# name 5 = depSM: Depth [salt water, m], lat = 47.5
# name 6 = sal00: Salinity, Practical [PSU]
# name 7 = sigma-é00: Density [sigma-theta, kg/m^3]
# name 8 = flag: flag
# span 0 = 243.613229, 243.618623       
# span 1 =     -5.738,     27.232       
# span 2 =   0.300015,  38.746230       
# span 3 =    10.9288,    16.6432       
# span 4 =   -12.8241,    13.2354       
# span 5 =     -5.690,     27.003       
# span 6 =     0.1737,    32.8512       
# span 7 =    -1.0256,    25.1157       
# span 8 = 0.0000e+00, 0.0000e+00       
# interval = seconds: 0.5
# start_time = Aug 30 2012 14:43:03 [Instrument's time stamp, header]
# bad_flag = -9.990e-29
*END*
 243.613229     -5.738 -9.990e-29    14.8885    -1.7358     -5.690 -9.990e-29 -9.990e-29 -9.990e-29
 243.613235     -5.723   0.326672    14.8846    -1.7361     -5.675     0.1960    -0.7296 -9.990e-29
 243.613241     -5.710   0.327080    14.8807    -1.7363     -5.662     0.1962    -0.7288 -9.990e-29
 243.613247     -5.695   0.327013    14.8761    -1.7368     -5.648     0.1962    -0.7282 -9.990e-29
 243.613252     -5.672   0.326379    14.8710    -1.7370     -5.625     0.1959    -0.7277 -9.990e-29
 243.613258     -5.646   0.325625    14.8660    -1.7371     -5.599     0.1954    -0.7273 -9.990e-29
 243.613264     -5.618   0.324854    14.8617    -1.7373     -5.571     0.1950    -0.7270 -9.990e-29
 243.613270     -5.590   0.323776    14.8576    -1.7374     -5.543     0.1943    -0.7269 -9.990e-29
 243.613275     -5.565   0.322618    14.8527    -1.7376     -5.519     0.1936    -0.7266 -9.990e-29
 243.613281     -5.538   0.322235    14.8468    -1.7377     -5.492     0.1934    -0.7259 -9.990e-29
 243.613287     -5.507   0.322673    14.8400    -1.7378     -5.461     0.1937    -0.7247 -9.990e-29
 243.613293     -5.477   0.322856    14.8324    -1.7381     -5.431     0.1939    -0.7234 -9.990e-29
 243.613299     -5.448   0.321925    14.8245    -1.7382     -5.403     0.1933    -0.7227 -9.990e-29
 243.613304     -5.413   0.320299    14.8182    -1.7384     -5.368     0.1924    -0.7225 -9.990e-29
 243.613310     -5.374   0.319133    14.8140    -1.7387     -5.329     0.1917    -0.7224 -9.990e-29
 243.613316     -5.333   0.319087    14.8105    -1.7388     -5.289     0.1917    -0.7219 -9.990e-29
 243.613322     -5.292   0.319549    14.8069    -1.7389     -5.248     0.1920    -0.7211 -9.990e-29
 243.613328     -5.253   0.319479    14.8034    -1.7392     -5.209     0.1919    -0.7206 -9.990e-29
 243.613333     -5.216   0.318784    14.7998    -1.7393     -5.173     0.1915    -0.7204 -9.990e-29
 243.613339     -5.185   0.317645    14.7957    -1.7392     -5.142     0.1909    -0.7203 -9.990e-29
 243.613345     -5.152   0.316207    14.7913    -1.7391     -5.109     0.1900    -0.7203 -9.990e-29
 243.613351     -5.116   0.314767    14.7868    -1.7393     -5.073     0.1891    -0.7203 -9.990e-29
 243.613356     -5.084   0.313623    14.7820    -1.7396     -5.042     0.1885    -0.7201 -9.990e-29
 243.613362     -5.056   0.312911    14.7771    -1.7394     -5.014     0.1880    -0.7197 -9.990e-29
 243.613368     -5.032   0.312236    14.7729    -1.7393     -4.990     0.1877    -0.7194 -9.990e-29
 243.613374     -5.009   0.311256    14.7690    -1.7392     -4.967     0.1871    -0.7193 -9.990e-29
 243.613380     -4.988   0.310324    14.7650    -1.7390     -4.946     0.1865    -0.7191 -9.990e-29
 243.613385     -4.965   0.309861    14.7623    -1.7389     -4.924     0.1862    -0.7189 -9.990e-29
 243.613391     -4.940   0.309804    14.7614    -1.7388     -4.899     0.1862    -0.7188 -9.990e-29
 243.613397     -4.911   0.310079    14.7606    -1.7388     -4.870     0.1864    -0.7185 -9.990e-29
 243.613403     -4.877   0.311054    14.7588    -1.7390     -4.836     0.1870    -0.7178 -9.990e-29
 243.613409     -4.839   0.312371    14.7574    -1.7390     -4.799     0.1878    -0.7170 -9.990e-29
 243.613414     -4.803   0.312468    14.7583    -1.7392     -4.763     0.1879    -0.7171 -9.990e-29
 243.613420     -4.773   0.311475    14.7610    -1.7393     -4.733     0.1872    -0.7179 -9.990e-29
 243.613426     -4.744   0.310838    14.7644    -1.7394     -4.704     0.1868    -0.7188 -9.990e-29
 243.613432     -4.717   0.310261    14.7678    -1.7396     -4.678     0.1865    -0.7195 -9.990e-29
 243.613438     -4.688   0.309533    14.7705    -1.7396     -4.649     0.1860    -0.7203 -9.990e-29
 243.613443     -4.657   0.309898    14.7722    -1.7396     -4.618     0.1862    -0.7204 -9.990e-29
 243.613449     -4.625   0.311291    14.7720    -1.7396     -4.586     0.1871    -0.7197 -9.990e-29
 243.613455     -4.595   0.312249    14.7704    -1.7398     -4.557     0.1877    -0.7190 -9.990e-29
 243.613461     -4.565   0.312391    14.7680    -1.7399     -4.527     0.1878    -0.7186 -9.990e-29
 243.613466     -4.537   0.312463    14.7648    -1.7400     -4.499     0.1878    -0.7180 -9.990e-29
 243.613472     -4.513   0.313116    14.7617    -1.7401     -4.475     0.1882    -0.7173 -9.990e-29
 243.613478     -4.493   0.313560    14.7590    -1.7400     -4.456     0.1885    -0.7166 -9.990e-29
 243.613484     -4.475   0.312729    14.7564    -1.7400     -4.438     0.1880    -0.7166 -9.990e-29
 243.613490     -4.457   0.311731    14.7545    -1.7400     -4.420     0.1874    -0.7168 -9.990e-29
 243.613495     -4.439   0.312004    14.7535    -1.7400     -4.402     0.1876    -0.7165 -9.990e-29
 243.613501     -4.420   0.312808    14.7521    -1.7401     -4.383     0.1881    -0.7159 -9.990e-29
 243.613507     -4.398   0.313002    14.7498    -1.7402     -4.361     0.1882    -0.7155 -9.990e-29
 243.613513     -4.372   0.312847    14.7475    -1.7401     -4.336     0.1881    -0.7152 -9.990e-29
 243.613519     -4.344   0.312690    14.7456    -1.7400     -4.308     0.1881    -0.7150 -9.990e-29
 243.613524     -4.317   0.312325    14.7448    -1.7398     -4.281     0.1878    -0.7151 -9.990e-29
 243.613530     -4.290   0.311820    14.7449    -1.7398     -4.254     0.1875    -0.7153 -9.990e-29
 243.613536     -4.264   0.311611    14.7451    -1.7397     -4.228     0.1874    -0.7155 -9.990e-29
 243.613542     -4.243   0.311975    14.7447    -1.7395     -4.208     0.1876    -0.7152 -9.990e-29
 243.613547     -4.225   0.312846    14.7437    -1.7394     -4.190     0.1882    -0.7147 -9.990e-29
 243.613553     -4.209   0.313726    14.7425    -1.7393     -4.174     0.1887    -0.7141 -9.990e-29
 243.613559     -4.195   0.314130    14.7419    -1.7392     -4.160     0.1889    -0.7138 -9.990e-29
 243.613565     -4.180   0.314046    14.7427    -1.7389     -4.145     0.1889    -0.7139 -9.990e-29
 243.613571     -4.164   0.313915    14.7453    -1.7386     -4.129     0.1888    -0.7144 -9.990e-29
 243.613576     -4.147   0.314119    14.7486    -1.7382     -4.112     0.1889    -0.7148 -9.990e-29
 243.613582     -4.127   0.314379    14.7512    -1.7377     -4.093     0.1891    -0.7151 -9.990e-29
 243.613588     -4.102   0.315042    14.7539    -1.7373     -4.068     0.1895    -0.7152 -9.990e-29
 243.613594     -4.072   0.316995    14.7574    -1.7370     -4.038     0.1906    -0.7148 -9.990e-29
 243.613600     -4.038   0.319523    14.7611    -1.7365     -4.004     0.1922    -0.7141 -9.990e-29
 243.613605     -4.008   0.321017    14.7646    -1.7362     -3.975     0.1931    -0.7139 -9.990e-29
 243.613611     -3.982   0.321256    14.7693    -1.7358     -3.949     0.1932    -0.7145 -9.990e-29
 243.613617     -3.961   0.321115    14.7762    -1.7351     -3.928     0.1931    -0.7157 -9.990e-29
 243.613623     -3.942   0.320961    14.7846    -1.7344     -3.909     0.1929    -0.7170 -9.990e-29
 243.613628     -3.924   0.320591    14.7945    -1.7339     -3.891     0.1927    -0.7187 -9.990e-29
 243.613634     -3.905   0.320068    14.8055    -1.7334     -3.872     0.1923    -0.7206 -9.990e-29
 243.613640     -3.886   0.319803    14.8164    -1.7332     -3.854     0.1921    -0.7224 -9.990e-29
 243.613646     -3.865   0.319997    14.8270    -1.7333     -3.833     0.1922    -0.7239 -9.990e-29
 243.613652     -3.839   0.320358    14.8379    -1.7335     -3.807     0.1923    -0.7254 -9.990e-29
 243.613657     -3.808   0.320262    14.8495    -1.7337     -3.776     0.1922    -0.7273 -9.990e-29
 243.613663     -3.774   0.319581    14.8626    -1.7340     -3.743     0.1917    -0.7296 -9.990e-29
 243.613669     -3.744   0.319072    14.8777    -1.7338     -3.713     0.1914    -0.7321 -9.990e-29
 243.613675     -3.719   0.319163    14.8932    -1.7339     -3.688     0.1913    -0.7345 -9.990e-29
 243.613681     -3.698   0.319425    14.9070    -1.7338     -3.667     0.1914    -0.7365 -9.990e-29
 243.613686     -3.680   0.319656    14.9174    -1.7338     -3.649     0.1915    -0.7380 -9.990e-29
 243.613692     -3.663   0.320165    14.9229    -1.7341     -3.632     0.1918    -0.7386 -9.990e-29
 243.613698     -3.647   0.321079    14.9233    -1.7342     -3.617     0.1924    -0.7382 -9.990e-29
 243.613704     -3.630   0.321957    14.9204    -1.7343     -3.600     0.1929    -0.7373 -9.990e-29
 243.613709     -3.612   0.322312    14.9164    -1.7344     -3.582     0.1932    -0.7365 -9.990e-29
 243.613715     -3.591   0.322066    14.9134    -1.7348     -3.561     0.1930    -0.7362 -9.990e-29
 243.613721     -3.570   0.321445    14.9124    -1.7351     -3.540     0.1926    -0.7363 -9.990e-29
 243.613727     -3.552   0.320729    14.9122    -1.7355     -3.522     0.1922    -0.7366 -9.990e-29
 243.613733     -3.536   0.320073    14.9119    -1.7359     -3.507     0.1918    -0.7369 -9.990e-29
 243.613738     -3.522   0.319711    14.9106    -1.7363     -3.493     0.1916    -0.7369 -9.990e-29
 243.613744     -3.503   0.319162    14.9079    -1.7367     -3.474     0.1913    -0.7367 -9.990e-29
 243.613750     -3.479   0.317697    14.9046    -1.7371     -3.450     0.1904    -0.7369 -9.990e-29
 243.613756     -3.457   0.316132    14.9010    -1.7371     -3.428     0.1895    -0.7371 -9.990e-29
 243.613762     -3.439   0.315704    14.8958    -1.7371     -3.410     0.1892    -0.7365 -9.990e-29
 243.613767     -3.424   0.316395    14.8881    -1.7371     -3.395     0.1897    -0.7350 -9.990e-29
 243.613773     -3.412   0.317470    14.8788    -1.7372     -3.384     0.1904    -0.7331 -9.990e-29
 243.613779     -3.402   0.318701    14.8688    -1.7372     -3.374     0.1912    -0.7309 -9.990e-29
 243.613785     -3.393   0.320073    14.8586    -1.7372     -3.365     0.1921    -0.7287 -9.990e-29
 243.613791     -3.385   0.320650    14.8486    -1.7374     -3.357     0.1925    -0.7269 -9.990e-29
 243.613796     -3.376   0.320096    14.8392    -1.7375     -3.348     0.1922    -0.7257 -9.990e-29
 243.613802     -3.367   0.319335    14.8320    -1.7378     -3.339     0.1917    -0.7250 -9.990e-29
 243.613808     -3.357   0.319012    14.8283    -1.7378     -3.329     0.1915    -0.7246 -9.990e-29
 243.613814     -3.345   0.319254    14.8270    -1.7380     -3.317     0.1917    -0.7243 -9.990e-29
 243.613819     -3.331   0.319278    14.8262    -1.7381     -3.303     0.1917    -0.7241 -9.990e-29
 243.613825     -3.313   0.318564    14.8252    -1.7382     -3.285     0.1913    -0.7243 -9.990e-29
 243.613831     -3.290   0.317824    14.8243    -1.7384     -3.263     0.1908    -0.7245 -9.990e-29
 243.613837     -3.262   0.317177    14.8228    -1.7384     -3.235     0.1904    -0.7246 -9.990e-29
 243.613843     -3.230   0.316317    14.8198    -1.7385     -3.203     0.1899    -0.7246 -9.990e-29
 243.613848     -3.200   0.315760    14.8157    -1.7386     -3.173     0.1896    -0.7242 -9.990e-29
 243.613854     -3.176   0.315871    14.8115    -1.7388     -3.150     0.1897    -0.7235 -9.990e-29
 243.613860     -3.156   0.316248    14.8080    -1.7388     -3.130     0.1899    -0.7228 -9.990e-29
 243.613866     -3.139   0.316841    14.8049    -1.7389     -3.113     0.1903    -0.7221 -9.990e-29
 243.613872     -3.123   0.317337    14.8019    -1.7388     -3.097     0.1906    -0.7214 -9.990e-29
 243.613877     -3.107   0.316736    14.7989    -1.7390     -3.081     0.1903    -0.7212 -9.990e-29
 243.613883     -3.091   0.315346    14.7960    -1.7390     -3.065     0.1894    -0.7214 -9.990e-29
 243.613889     -3.073   0.314637    14.7938    -1.7391     -3.047     0.1890    -0.7214 -9.990e-29
 243.613895     -3.052   0.315326    14.7915    -1.7391     -3.027     0.1895    -0.7207 -9.990e-29
 243.613900     -3.032   0.316674    14.7886    -1.7392     -3.007     0.1903    -0.7196 -9.990e-29
 243.613906     -3.015   0.317157    14.7859    -1.7392     -2.990     0.1906    -0.7190 -9.990e-29
 243.613912     -2.996   0.316317    14.7843    -1.7393     -2.971     0.1901    -0.7192 -9.990e-29
 243.613918     -2.973   0.315249    14.7834    -1.7393     -2.948     0.1894    -0.7195 -9.990e-29
 243.613924     -2.955   0.314745    14.7823    -1.7395     -2.930     0.1891    -0.7196 -9.990e-29
 243.613929     -2.938   0.314686    14.7805    -1.7394     -2.914     0.1891    -0.7194 -9.990e-29
 243.613935     -2.920   0.314997    14.7784    -1.7393     -2.896     0.1893    -0.7189 -9.990e-29
 243.613941     -2.901   0.316093    14.7767    -1.7391     -2.877     0.1900    -0.7181 -9.990e-29
 243.613947     -2.886   0.317777    14.7752    -1.7391     -2.862     0.1910    -0.7171 -9.990e-29
 243.613953     -2.874   0.318975    14.7736    -1.7389     -2.850     0.1918    -0.7163 -9.990e-29
 243.613958     -2.863   0.319626    14.7718    -1.7388     -2.839     0.1922    -0.7157 -9.990e-29
 243.613964     -2.854   0.320597    14.7702    -1.7387     -2.830     0.1928    -0.7150 -9.990e-29
 243.613970     -2.845   0.321521    14.7686    -1.7384     -2.821     0.1934    -0.7143 -9.990e-29
 243.613976     -2.836   0.321414    14.7675    -1.7381     -2.812     0.1933    -0.7142 -9.990e-29
 243.613981     -2.826   0.321236    14.7682    -1.7379     -2.802     0.1932    -0.7144 -9.990e-29
 243.613987     -2.815   0.321858    14.7708    -1.7378     -2.792     0.1935    -0.7145 -9.990e-29
 243.613993     -2.802   0.322446    14.7738    -1.7379     -2.779     0.1939    -0.7146 -9.990e-29
 243.613999     -2.787   0.322677    14.7769    -1.7380     -2.764     0.1940    -0.7150 -9.990e-29
 243.614005     -2.767   0.322856    14.7803    -1.7380     -2.744     0.1941    -0.7154 -9.990e-29
 243.614010     -2.747   0.323219    14.7839    -1.7381     -2.724     0.1943    -0.7158 -9.990e-29
 243.614016     -2.729   0.323697    14.7880    -1.7382     -2.706     0.1946    -0.7162 -9.990e-29
 243.614022     -2.713   0.324371    14.7935    -1.7383     -2.690     0.1950    -0.7167 -9.990e-29
 243.614028     -2.696   0.325583    14.7999    -1.7383     -2.674     0.1957    -0.7171 -9.990e-29
 243.614034     -2.678   0.326735    14.8048    -1.7383     -2.656     0.1964    -0.7173 -9.990e-29
 243.614039     -2.663   0.327145    14.8064    -1.7382     -2.641     0.1966    -0.7174 -9.990e-29
 243.614045     -2.653   0.327359    14.8055    -1.7382     -2.631     0.1968    -0.7171 -9.990e-29
 243.614051     -2.643   0.328213    14.8044    -1.7383     -2.621     0.1973    -0.7166 -9.990e-29
 243.614057     -2.629   0.329184    14.8035    -1.7385     -2.607     0.1979    -0.7160 -9.990e-29
 243.614062     -2.614   0.329351    14.8018    -1.7386     -2.592     0.1980    -0.7156 -9.990e-29
 243.614068     -2.602   0.329490    14.7998    -1.7388     -2.580     0.1981    -0.7153 -9.990e-29
 243.614074     -2.591   0.330337    14.7982    -1.7388     -2.569     0.1986    -0.7146 -9.990e-29
 243.614080     -2.581   0.331359    14.7975    -1.7388     -2.559     0.1992    -0.7140 -9.990e-29
 243.614086     -2.572   0.332258    14.7975    -1.7388     -2.551     0.1998    -0.7136 -9.990e-29
 243.614091     -2.562   0.332570    14.7976    -1.7389     -2.541     0.2000    -0.7135 -9.990e-29
 243.614097     -2.551   0.332154    14.7969    -1.7389     -2.530     0.1997    -0.7136 -9.990e-29
 243.614103     -2.538   0.332116    14.7945    -1.7388     -2.517     0.1997    -0.7132 -9.990e-29
 243.614109     -2.523   0.332956    14.7910    -1.7388     -2.502     0.2003    -0.7123 -9.990e-29
 243.614115     -2.508   0.334131    14.7873    -1.7388     -2.487     0.2010    -0.7111 -9.990e-29
 243.614120     -2.498   0.335545    14.7844    -1.7388     -2.477     0.2019    -0.7100 -9.990e-29
 243.614126     -2.487   0.336869    14.7830    -1.7389     -2.466     0.2027    -0.7092 -9.990e-29
 243.614132     -2.471   0.337098    14.7827    -1.7389     -2.450     0.2028    -0.7090 -9.990e-29
 243.614138     -2.452   0.336536    14.7824    -1.7389     -2.432     0.2025    -0.7093 -9.990e-29
 243.614144     -2.433   0.336646    14.7817    -1.7389     -2.413     0.2026    -0.7091 -9.990e-29
 243.614149     -2.414   0.338127    14.7813    -1.7390     -2.394     0.2035    -0.7083 -9.990e-29
