data/oxygen options/ONMS/Olympic_Coast_National_Marine_Sanctuary_CTD_Data_2005_2023/raw_data/2012/CAST_KL027_120906faed.cnv
* Sea-Bird SBE19 Data File:
* FileName = C:\Documents and Settings\OCNMS\Desktop\2012 mooring data\Hypoxia Sampling\CAST_KL027_120906.hex
* Software Version 1.25
* Temperature SN = 2997
* Conductivity SN = 2997
* System UpLoad Time = Sep 06 2012 15:35:21
** CAST_KL027_120906
* SEACAT PROFILER V3.1c SN 2997   09/06/12  15:34:17.952
# nquan = 9                                 
# nvalues = 1085                        
# units = specified
# name 0 = timeJ: Julian Days
# name 1 = prSM: Pressure, Strain Gauge [db]
# name 2 = c0mS/cm: Conductivity [mS/cm]
# name 3 = t090C: Temperature [ITS-90, deg C]
# name 4 = sbeox0ML/L: Oxygen, SBE 43 [ml/l]
# name 5 = depSM: Depth [salt water, m], lat = 47.5
# name 6 = sal00: Salinity, Practical [PSU]
# name 7 = sigma-é00: Density [sigma-theta, kg/m^3]
# name 8 = flag: flag
# span 0 = 250.637373, 250.643646       
# span 1 =     -1.204,     29.406       
# span 2 =   0.100565, 250.151141       
# span 3 =     7.8179,    42.2768       
# span 4 =   -57.5600,    14.5781       
# span 5 =     -1.194,     29.159       
# span 6 =     0.0626,    56.5015       
# span 7 =    -0.6379,    33.0058       
# span 8 = 0.0000e+00, 0.0000e+00       
# interval = seconds: 0.5
# start_time = Sep 06 2012 15:17:49 [Instrument's time stamp, header]
# bad_flag = -9.990e-29
*END*
[from data line 161]
 250.638304     -0.423   0.127527    12.8305    -1.8171     -0.419     0.0799    -0.5374 -9.990e-29
 250.638310     -0.422   0.127989    12.8321    -1.8172     -0.418     0.0802    -0.5374 -9.990e-29
 250.638316     -0.422   0.127901    12.8327    -1.8172     -0.418     0.0801    -0.5375 -9.990e-29
 250.638322     -0.422   0.127148    12.8328    -1.8174     -0.418     0.0797    -0.5379 -9.990e-29
 250.638328     -0.422   0.126388    12.8333    -1.8173     -0.418     0.0792    -0.5383 -9.990e-29
 250.638333     -0.421   0.126266    12.8344    -1.8170     -0.417     0.0791    -0.5385 -9.990e-29
 250.638339     -0.421   0.126621    12.8352    -1.8170     -0.417     0.0794    -0.5384 -9.990e-29
 250.638345     -0.421   0.126821    12.8350    -1.8171     -0.417     0.0795    -0.5383 -9.990e-29
 250.638351     -0.421   0.126580    12.8340    -1.8172     -0.417     0.0793    -0.5383 -9.990e-29
 250.638356     -0.421   0.126129    12.8328    -1.8171     -0.417     0.0791    -0.5384 -9.990e-29
 250.638362     -0.420   0.125977    12.8317    -1.8168     -0.416     0.0790    -0.5383 -9.990e-29
 250.638368     -0.420   0.125920    12.8306    -1.8167     -0.416     0.0789    -0.5382 -9.990e-29
 250.638374     -0.419   0.125329    12.8301    -1.8166     -0.416     0.0786    -0.5384 -9.990e-29
 250.638380     -0.418   0.124524    12.8313    -1.8166     -0.415     0.0781    -0.5390 -9.990e-29
 250.638385     -0.417   0.124092    12.8334    -1.8169     -0.414     0.0778    -0.5394 -9.990e-29
 250.638391     -0.415   0.124010    12.8343    -1.8171     -0.412     0.0777    -0.5396 -9.990e-29
 250.638397     -0.413   0.124171    12.8339    -1.8171     -0.410     0.0778    -0.5395 -9.990e-29
 250.638403     -0.411   0.124236    12.8341    -1.8172     -0.408     0.0779    -0.5394 -9.990e-29
 250.638409     -0.408   0.123740    12.8363    -1.8171     -0.405     0.0776    -0.5400 -9.990e-29
 250.638414     -0.404   0.123127    12.8396    -1.8170     -0.401     0.0772    -0.5407 -9.990e-29
 250.638420     -0.399   0.123243    12.8422    -1.8170     -0.396     0.0773    -0.5409 -9.990e-29
 250.638426     -0.392   0.124242    12.8432    -1.8171     -0.389     0.0779    -0.5406 -9.990e-29
 250.638432     -0.383   0.125245    12.8421    -1.8171     -0.380     0.0785    -0.5400 -9.990e-29
 250.638438     -0.372   0.125376    12.8392    -1.8175     -0.369     0.0786    -0.5395 -9.990e-29
 250.638443     -0.362   0.124810    12.8362    -1.8175     -0.359     0.0782    -0.5394 -9.990e-29
 250.638449     -0.357   0.123898    12.8342    -1.8175     -0.354     0.0777    -0.5396 -9.990e-29
 250.638455     -0.352   0.123086    12.8334    -1.8173     -0.349     0.0772    -0.5399 -9.990e-29
 250.638461     -0.347   0.122952    12.8337    -1.8173     -0.344     0.0771    -0.5400 -9.990e-29
 250.638466     -0.346   0.123316    12.8346    -1.8174     -0.343     0.0773    -0.5400 -9.990e-29
 250.638472     -0.344   0.123560    12.8347    -1.8175     -0.341     0.0775    -0.5398 -9.990e-29
 250.638478     -0.337   0.123455    12.8337    -1.8175     -0.334     0.0774    -0.5398 -9.990e-29
 250.638484     -0.328   0.123416    12.8314    -1.8174     -0.325     0.0774    -0.5395 -9.990e-29
 250.638490     -0.323   0.123943    12.8285    -1.8173     -0.320     0.0777    -0.5389 -9.990e-29
 250.638495     -0.320   0.124633    12.8266    -1.8174     -0.317     0.0781    -0.5383 -9.990e-29
 250.638501     -0.322   0.124748    12.8263    -1.8174     -0.319     0.0782    -0.5382 -9.990e-29
 250.638507     -0.332   0.124442    12.8271    -1.8172     -0.329     0.0780    -0.5385 -9.990e-29
 250.638513     -0.340   0.124414    12.8276    -1.8171     -0.337     0.0780    -0.5385 -9.990e-29
 250.638519     -0.343   0.124626    12.8272    -1.8170     -0.340     0.0781    -0.5384 -9.990e-29
 250.638524     -0.340   0.124255    12.8264    -1.8167     -0.337     0.0779    -0.5385 -9.990e-29
 250.638530     -0.337   0.123362    12.8262    -1.8166     -0.334     0.0774    -0.5389 -9.990e-29
 250.638536     -0.337   0.122970    12.8268    -1.8164     -0.334     0.0771    -0.5391 -9.990e-29
 250.638542     -0.341   0.123111    12.8274    -1.8163     -0.338     0.0772    -0.5391 -9.990e-29
 250.638547     -0.347   0.122867    12.8275    -1.8161     -0.344     0.0771    -0.5393 -9.990e-29
 250.638553     -0.353   0.121914    12.8284    -1.8159     -0.350     0.0765    -0.5398 -9.990e-29
 250.638559     -0.355   0.121195    12.8307    -1.8157     -0.352     0.0760    -0.5405 -9.990e-29
 250.638565     -0.352   0.121963    12.8339    -1.8157     -0.349     0.0765    -0.5405 -9.990e-29
 250.638571     -0.345   0.123583    12.8378    -1.8159     -0.342     0.0775    -0.5402 -9.990e-29
 250.638576     -0.333   0.124344    12.8422    -1.8160     -0.330     0.0779    -0.5404 -9.990e-29
 250.638582     -0.316   0.124152    12.8465    -1.8160     -0.313     0.0778    -0.5411 -9.990e-29
 250.638588     -0.296   0.123860    12.8507    -1.8160     -0.294     0.0776    -0.5417 -9.990e-29
 250.638594     -0.277   0.123631    12.8550    -1.8161     -0.275     0.0775    -0.5424 -9.990e-29
 250.638600     -0.257   0.123161    12.8593    -1.8162     -0.255     0.0772    -0.5431 -9.990e-29
 250.638605     -0.239   0.122380    12.8631    -1.8166     -0.237     0.0767    -0.5440 -9.990e-29
 250.638611     -0.226   0.121906    12.8657    -1.8168     -0.224     0.0764    -0.5446 -9.990e-29
 250.638617     -0.219   0.122215    12.8662    -1.8168     -0.217     0.0766    -0.5445 -9.990e-29
 250.638623     -0.215   0.122611    12.8647    -1.8170     -0.213     0.0768    -0.5441 -9.990e-29
 250.638628     -0.215   0.122516    12.8630    -1.8169     -0.213     0.0768    -0.5439 -9.990e-29
 250.638634     -0.220   0.122358    12.8615    -1.8170     -0.218     0.0767    -0.5438 -9.990e-29
 250.638640     -0.229   0.122481    12.8598    -1.8171     -0.227     0.0768    -0.5435 -9.990e-29
 250.638646     -0.238   0.122495    12.8577    -1.8172     -0.236     0.0768    -0.5433 -9.990e-29
 250.638652     -0.239   0.121867    12.8543    -1.8173     -0.237     0.0764    -0.5431 -9.990e-29
 250.638657     -0.234   0.120868    12.8493    -1.8174     -0.232     0.0758    -0.5430 -9.990e-29
 250.638663     -0.229   0.120378    12.8446    -1.8176     -0.227     0.0755    -0.5426 -9.990e-29
 250.638669     -0.229   0.120853    12.8413    -1.8178     -0.227     0.0758    -0.5420 -9.990e-29
 250.638675     -0.230   0.121820    12.8393    -1.8178     -0.228     0.0764    -0.5413 -9.990e-29
 250.638681     -0.227   0.122355    12.8382    -1.8179     -0.225     0.0767    -0.5409 -9.990e-29
 250.638686     -0.221   0.122065    12.8370    -1.8179     -0.219     0.0765    -0.5409 -9.990e-29
 250.638692     -0.210   0.121671    12.8349    -1.8179     -0.208     0.0763    -0.5408 -9.990e-29
 250.638698     -0.198   0.121756    12.8326    -1.8181     -0.196     0.0764    -0.5404 -9.990e-29
 250.638704     -0.189   0.121880    12.8304    -1.8180     -0.187     0.0764    -0.5401 -9.990e-29
 250.638709     -0.182   0.121656    12.8276    -1.8180     -0.180     0.0763    -0.5399 -9.990e-29
 250.638715     -0.178   0.121338    12.8242    -1.8181     -0.177     0.0761    -0.5396 -9.990e-29
 250.638721     -0.175   0.121056    12.8211    -1.8181     -0.174     0.0760    -0.5393 -9.990e-29
 250.638727     -0.173   0.120435    12.8187    -1.8182     -0.172     0.0756    -0.5393 -9.990e-29
 250.638733     -0.173   0.119755    12.8170    -1.8183     -0.172     0.0752    -0.5394 -9.990e-29
 250.638738     -0.173   0.119771    12.8158    -1.8185     -0.172     0.0752    -0.5393 -9.990e-29
 250.638744     -0.175   0.120505    12.8144    -1.8185     -0.174     0.0756    -0.5388 -9.990e-29
 250.638750     -0.179   0.121274    12.8130    -1.8186     -0.178     0.0761    -0.5382 -9.990e-29
 250.638756     -0.184   0.121444    12.8126    -1.8186     -0.182     0.0762    -0.5381 -9.990e-29
 250.638762     -0.187   0.121244    12.8126    -1.8188     -0.185     0.0761    -0.5382 -9.990e-29
 250.638767     -0.183   0.121514    12.8121    -1.8189     -0.181     0.0762    -0.5380 -9.990e-29
 250.638773     -0.177   0.122060    12.8109    -1.8189     -0.176     0.0766    -0.5376 -9.990e-29
 250.638779     -0.173   0.121952    12.8087    -1.8187     -0.172     0.0765    -0.5373 -9.990e-29
 250.638785     -0.170   0.121598    12.8059    -1.8186     -0.169     0.0763    -0.5372 -9.990e-29
 250.638791     -0.168   0.121820    12.8035    -1.8186     -0.167     0.0765    -0.5368 -9.990e-29
 250.638796     -0.167   0.122360    12.8015    -1.8185     -0.166     0.0768    -0.5362 -9.990e-29
 250.638802     -0.167   0.122463    12.7996    -1.8184     -0.166     0.0769    -0.5360 -9.990e-29
 250.638808     -0.167   0.121715    12.7977    -1.8184     -0.166     0.0764    -0.5361 -9.990e-29
 250.638814     -0.169   0.120962    12.7956    -1.8185     -0.168     0.0759    -0.5362 -9.990e-29
 250.638819     -0.171   0.121414    12.7941    -1.8185     -0.170     0.0762    -0.5358 -9.990e-29
 250.638825     -0.175   0.122570    12.7942    -1.8185     -0.174     0.0769    -0.5352 -9.990e-29
 250.638831     -0.180   0.123203    12.7959    -1.8187     -0.178     0.0773    -0.5351 -9.990e-29
 250.638837     -0.182   0.123052    12.7982    -1.8188     -0.180     0.0772    -0.5355 -9.990e-29
 250.638843     -0.178   0.122470    12.8001    -1.8190     -0.177     0.0769    -0.5360 -9.990e-29
 250.638848     -0.171   0.121787    12.8017    -1.8190     -0.170     0.0764    -0.5365 -9.990e-29
 250.638854     -0.165   0.121200    12.8029    -1.8191     -0.164     0.0761    -0.5370 -9.990e-29
 250.638860     -0.160   0.121035    12.8031    -1.8189     -0.159     0.0760    -0.5371 -9.990e-29
 250.638866     -0.156   0.121623    12.8024    -1.8187     -0.155     0.0763    -0.5367 -9.990e-29
 250.638872     -0.151   0.122644    12.8013    -1.8185     -0.150     0.0770    -0.5361 -9.990e-29
 250.638877     -0.147   0.123246    12.7994    -1.8187     -0.146     0.0773    -0.5356 -9.990e-29
 250.638883     -0.142   0.123125    12.7966    -1.8187     -0.141     0.0773    -0.5353 -9.990e-29
 250.638889     -0.136   0.122673    12.7936    -1.8188     -0.135     0.0770    -0.5351 -9.990e-29
 250.638895     -0.129   0.122396    12.7911    -1.8188     -0.128     0.0768    -0.5349 -9.990e-29
 250.638900     -0.125   0.122479    12.7899    -1.8188     -0.124     0.0769    -0.5347 -9.990e-29
 250.638906     -0.128   0.122479    12.7905    -1.8188     -0.127     0.0769    -0.5348 -9.990e-29
 250.638912     -0.134   0.121842    12.7929    -1.8188     -0.133     0.0765    -0.5354 -9.990e-29
 250.638918     -0.138   0.120825    12.7959    -1.8188     -0.137     0.0759    -0.5363 -9.990e-29
 250.638924     -0.141   0.120288    12.7974    -1.8187     -0.140     0.0755    -0.5367 -9.990e-29
 250.638929     -0.144   0.120622    12.7969    -1.8187     -0.143     0.0757    -0.5365 -9.990e-29
 250.638935     -0.146   0.121166    12.7956    -1.8186     -0.145     0.0761    -0.5361 -9.990e-29
 250.638941     -0.147   0.121541    12.7945    -1.8188     -0.146     0.0763    -0.5358 -9.990e-29
 250.638947     -0.149   0.122245    12.7939    -1.8188     -0.148     0.0767    -0.5353 -9.990e-29
 250.638953     -0.150   0.123111    12.7937    -1.8189     -0.149     0.0773    -0.5349 -9.990e-29
 250.638958     -0.151   0.123635    12.7939    -1.8190     -0.150     0.0776    -0.5347 -9.990e-29
 250.638964     -0.151   0.123963    12.7945    -1.8192     -0.150     0.0778    -0.5346 -9.990e-29
 250.638970     -0.152   0.123978    12.7952    -1.8193     -0.151     0.0778    -0.5347 -9.990e-29
 250.638976     -0.152   0.123148    12.7959    -1.8192     -0.151     0.0773    -0.5352 -9.990e-29
 250.638981     -0.152   0.122028    12.7964    -1.8193     -0.151     0.0766    -0.5358 -9.990e-29
 250.638987     -0.152   0.121893    12.7962    -1.8193     -0.151     0.0765    -0.5358 -9.990e-29
 250.638993     -0.152   0.122561    12.7949    -1.8193     -0.151     0.0769    -0.5353 -9.990e-29
 250.638999     -0.153   0.122710    12.7932    -1.8192     -0.152     0.0770    -0.5350 -9.990e-29
 250.639005     -0.153   0.121986    12.7914    -1.8190     -0.152     0.0766    -0.5352 -9.990e-29
 250.639010     -0.153   0.121084    12.7891    -1.8190     -0.152     0.0760    -0.5353 -9.990e-29
 250.639016     -0.153   0.120462    12.7863    -1.8189     -0.152     0.0756    -0.5352 -9.990e-29
 250.639022     -0.153   0.120401    12.7840    -1.8187     -0.152     0.0756    -0.5350 -9.990e-29
 250.639028     -0.153   0.121371    12.7828    -1.8186     -0.152     0.0762    -0.5344 -9.990e-29
 250.639034     -0.153   0.123008    12.7823    -1.8187     -0.152     0.0772    -0.5335 -9.990e-29
 250.639039     -0.153   0.124172    12.7825    -1.8188     -0.152     0.0779    -0.5330 -9.990e-29
 250.639045     -0.153   0.124205    12.7837    -1.8190     -0.152     0.0780    -0.5331 -9.990e-29
 250.639051     -0.153   0.123149    12.7857    -1.8191     -0.152     0.0773    -0.5339 -9.990e-29
 250.639057     -0.153   0.121810    12.7881    -1.8191     -0.152     0.0765    -0.5348 -9.990e-29
 250.639062     -0.153   0.121170    12.7907    -1.8190     -0.152     0.0761    -0.5355 -9.990e-29
 250.639068     -0.153   0.120931    12.7934    -1.8188     -0.152     0.0759    -0.5359 -9.990e-29
 250.639074     -0.153   0.120220    12.7959    -1.8189     -0.152     0.0755    -0.5366 -9.990e-29
 250.639080     -0.153   0.119198    12.7969    -1.8189     -0.152     0.0748    -0.5372 -9.990e-29
 250.639086     -0.153   0.118717    12.7958    -1.8187     -0.152     0.0746    -0.5373 -9.990e-29
 250.639091     -0.153   0.119240    12.7934    -1.8187     -0.152     0.0749    -0.5367 -9.990e-29
 250.639097     -0.153   0.120359    12.7906    -1.8186     -0.152     0.0756    -0.5358 -9.990e-29
 250.639103     -0.153   0.121355    12.7883    -1.8185     -0.152     0.0762    -0.5351 -9.990e-29
 250.639109     -0.153   0.121895    12.7880    -1.8186     -0.152     0.0765    -0.5348 -9.990e-29
 250.639115     -0.154   0.122148    12.7896    -1.8189     -0.153     0.0767    -0.5348 -9.990e-29
 250.639120     -0.154   0.122450    12.7915    -1.8191     -0.153     0.0769    -0.5349 -9.990e-29
 250.639126     -0.154   0.122651    12.7926    -1.8191     -0.153     0.0770    -0.5350 -9.990e-29
 250.639132     -0.154   0.122467    12.7938    -1.8191     -0.153     0.0769    -0.5352 -9.990e-29
 250.639138     -0.154   0.122205    12.7955    -1.8189     -0.153     0.0767    -0.5356 -9.990e-29
 250.639144     -0.155   0.122071    12.7971    -1.8188     -0.154     0.0766    -0.5358 -9.990e-29
 250.639149     -0.155   0.121887    12.7985    -1.8187     -0.154     0.0765    -0.5361 -9.990e-29
 250.639155     -0.156   0.121408    12.7991    -1.8188     -0.155     0.0762    -0.5364 -9.990e-29
 250.639161     -0.157   0.120549    12.7974    -1.8195     -0.156     0.0757    -0.5366 -9.990e-29
 250.639167     -0.158   0.119824    12.7936    -1.8203     -0.157     0.0752    -0.5365 -9.990e-29
 250.639172     -0.160   0.119930    12.7900    -1.8208     -0.159     0.0753    -0.5360 -9.990e-29
 250.639178     -0.162   0.121006    12.7882    -1.8209     -0.161     0.0760    -0.5352 -9.990e-29
 250.639184     -0.164   0.122274    12.7883    -1.8208     -0.163     0.0768    -0.5346 -9.990e-29
 250.639190     -0.167   0.122659    12.7898    -1.8208     -0.166     0.0770    -0.5346 -9.990e-29
 250.639196     -0.167   0.122122    12.7914    -1.8211     -0.166     0.0767    -0.5351 -9.990e-29
 250.639201     -0.159   0.121606    12.7912    -1.8214     -0.158     0.0763    -0.5353 -9.990e-29
 250.639207     -0.148   0.121533    12.7863    -1.8215     -0.147     0.0763    -0.5347 -9.990e-29
 250.639213     -0.136   0.121252    12.7756    -1.8217     -0.135     0.0761    -0.5335 -9.990e-29
 250.639219     -0.127   0.120387    12.7628    -1.8218     -0.126     0.0756    -0.5323 -9.990e-29
