data/oxygen options/ONMS/Olympic_Coast_National_Marine_Sanctuary_CTD_Data_2005_2023/raw_data/2012/CAST_KL027_120830faed.cnv
* Sea-Bird SBE19 Data File:
* FileName = C:\Documents and Settings\OCNMS\Desktop\2012 mooring data\2nd service\CAST_KL027_120830.hex
* Software Version 1.25
* Temperature SN = 2997
* Conductivity SN = 2997
* System UpLoad Time = Aug 30 2012 15:04:14
** CAST_KL027_120830
* SEACAT PROFILER V3.1c SN 2997   08/30/12  15:02:36.194
# nquan = 9                                 
# nvalues = 933                         
# units = specified
# name 0 = timeJ: Julian Days
# name 1 = prSM: Pressure, Strain Gauge [db]
# name 2 = c0mS/cm: Conductivity [mS/cm]
# name 3 = t090C: Temperature [ITS-90, deg C]
# name 4 = sbeox0ML/L: Oxygen, SBE 43 [ml/l]
# name 5 = depSM: Depth [salt water, m], lat = 47.5
# name 6 = sal00: Salinity, Practical [PSU]
# name 7 = sigma-é00: Density [sigma-theta, kg/m^3]
# name 8 = flag: flag
# span 0 = 243.613229, 243.618623       
# span 1 =     -5.738,     27.232       
# span 2 =   0.300015,  38.746230       
# span 3 =    10.9288,    16.6432       
# span 4 =   -12.8241,    13.2354       
# span 5 =     -5.690,     27.003       
# span 6 =     0.1737,    32.8512       
# span 7 =    -1.0256,    25.1157       
# span 8 = 0.0000e+00, 0.0000e+00       
# interval = seconds: 0.5
# start_time = Aug 30 2012 14:43:03 [Instrument's time stamp, header]
# bad_flag = -9.990e-29
*END*
[from data line 481]
 243.616013      0.432  38.444916    14.4650     6.4689      0.428    31.3838    23.2985 -9.990e-29
 243.616019      0.433  38.447709    14.4680     6.4489      0.429    31.3839    23.2979 -9.990e-29
 243.616024      0.428  38.448905    14.4680     6.4425      0.424    31.3850    23.2988 -9.990e-29
 243.616030      0.422  38.448969    14.4672     6.4499      0.418    31.3857    23.2995 -9.990e-29
 243.616036      0.418  38.448725    14.4662     6.4665      0.415    31.3862    23.3001 -9.990e-29
 243.616042      0.416  38.448404    14.4638     6.4867      0.413    31.3879    23.3019 -9.990e-29
 243.616047      0.416  38.446081    14.4583     6.4844      0.413    31.3902    23.3049 -9.990e-29
 243.616053      0.417  38.441461    14.4520     6.4955      0.414    31.3911    23.3069 -9.990e-29
 243.616059      0.421  38.437537    14.4489     6.4972      0.417    31.3901    23.3067 -9.990e-29
 243.616065      0.423  38.437485    14.4511     6.4882      0.419    31.3883    23.3048 -9.990e-29
 243.616071      0.418  38.441235    14.4575     6.4846      0.415    31.3865    23.3021 -9.990e-29
 243.616076      0.412  38.445384    14.4642     6.4692      0.409    31.3848    23.2995 -9.990e-29
 243.616082      0.406  38.447626    14.4673     6.4593      0.403    31.3844    23.2985 -9.990e-29
 243.616088      0.403  38.448154    14.4659     6.4587      0.400    31.3860    23.3000 -9.990e-29
 243.616094      0.400  38.447117    14.4633     6.4592      0.397    31.3871    23.3014 -9.990e-29
 243.616100      0.398  38.447057    14.4654     6.4763      0.395    31.3854    23.2996 -9.990e-29
 243.616105      0.397  38.450699    14.4715     6.4946      0.394    31.3838    23.2971 -9.990e-29
 243.616111      0.396  38.454495    14.4743     6.4979      0.393    31.3849    23.2974 -9.990e-29
 243.616117      0.396  38.452868    14.4696     6.5011      0.393    31.3873    23.3002 -9.990e-29
 243.616123      0.397  38.446454    14.4614     6.4883      0.394    31.3881    23.3025 -9.990e-29
 243.616128      0.398  38.441832    14.4584     6.4755      0.395    31.3863    23.3018 -9.990e-29
 243.616134      0.400  38.442365    14.4636     6.4900      0.397    31.3826    23.2978 -9.990e-29
 243.616140      0.404  38.445401    14.4724     6.5037      0.401    31.3782    23.2926 -9.990e-29
 243.616146      0.408  38.448270    14.4778     6.5050      0.405    31.3765    23.2902 -9.990e-29
 243.616152      0.413  38.450318    14.4775     6.4913      0.410    31.3786    23.2918 -9.990e-29
 243.616157      0.421  38.450360    14.4742     6.4590      0.417    31.3813    23.2946 -9.990e-29
 243.616163      0.431  38.447897    14.4711     6.4325      0.427    31.3815    23.2955 -9.990e-29
 243.616169      0.443  38.445248    14.4693     6.4332      0.439    31.3806    23.2951 -9.990e-29
 243.616175      0.459  38.444487    14.4685     6.4430      0.455    31.3805    23.2952 -9.990e-29
 243.616181      0.475  38.445720    14.4695     6.4434      0.471    31.3808    23.2953 -9.990e-29
 243.616186      0.489  38.448354    14.4742     6.4674      0.485    31.3794    23.2932 -9.990e-29
 243.616192      0.500  38.450860    14.4789     6.4905      0.496    31.3779    23.2910 -9.990e-29
 243.616198      0.506  38.450981    14.4787     6.4978      0.502    31.3781    23.2913 -9.990e-29
 243.616204      0.507  38.448881    14.4753     6.4981      0.503    31.3790    23.2926 -9.990e-29
 243.616209      0.507  38.447370    14.4733     6.4908      0.503    31.3792    23.2933 -9.990e-29
 243.616215      0.506  38.448356    14.4745     6.4770      0.502    31.3792    23.2929 -9.990e-29
 243.616221      0.508  38.450916    14.4776     6.4756      0.504    31.3790    23.2922 -9.990e-29
 243.616227      0.514  38.452302    14.4795     6.4887      0.510    31.3787    23.2915 -9.990e-29
 243.616233      0.515  38.450444    14.4783     6.4964      0.511    31.3780    23.2912 -9.990e-29
 243.616238      0.512  38.446790    14.4750     6.4819      0.508    31.3773    23.2914 -9.990e-29
 243.616244      0.512  38.444875    14.4713     6.4620      0.508    31.3786    23.2932 -9.990e-29
 243.616250      0.516  38.445511    14.4701     6.4644      0.512    31.3801    23.2946 -9.990e-29
 243.616256      0.515  38.447306    14.4733     6.4808      0.511    31.3792    23.2932 -9.990e-29
 243.616262      0.510  38.449855    14.4796     6.4948      0.506    31.3764    23.2897 -9.990e-29
 243.616267      0.504  38.452637    14.4846     6.5036      0.500    31.3749    23.2875 -9.990e-29
 243.616273      0.497  38.452644    14.4831     6.4970      0.493    31.3761    23.2888 -9.990e-29
 243.616279      0.493  38.449328    14.4764     6.4918      0.489    31.3785    23.2920 -9.990e-29
 243.616285      0.496  38.446117    14.4717     6.4851      0.492    31.3794    23.2937 -9.990e-29
 243.616291      0.501  38.445456    14.4726     6.4868      0.497    31.3781    23.2925 -9.990e-29
 243.616296      0.505  38.447586    14.4764     6.4993      0.501    31.3769    23.2908 -9.990e-29
 243.616302      0.508  38.449744    14.4784     6.5083      0.504    31.3773    23.2907 -9.990e-29
 243.616308      0.507  38.449769    14.4775     6.5169      0.503    31.3780    23.2914 -9.990e-29
 243.616314      0.500  38.448820    14.4760     6.5256      0.496    31.3784    23.2920 -9.990e-29
 243.616319      0.496  38.448437    14.4751     6.5225      0.492    31.3788    23.2925 -9.990e-29
 243.616325      0.499  38.448111    14.4741     6.5067      0.495    31.3793    23.2931 -9.990e-29
 243.616331      0.509  38.446290    14.4719     6.4857      0.505    31.3794    23.2937 -9.990e-29
 243.616337      0.522  38.443910    14.4694     6.4591      0.518    31.3792    23.2941 -9.990e-29
 243.616343      0.532  38.443403    14.4699     6.4589      0.528    31.3784    23.2933 -9.990e-29
 243.616348      0.538  38.445218    14.4748     6.4679      0.534    31.3761    23.2905 -9.990e-29
 243.616354      0.545  38.448414    14.4807     6.4652      0.540    31.3742    23.2878 -9.990e-29
 243.616360      0.549  38.451093    14.4832     6.4504      0.544    31.3746    23.2876 -9.990e-29
 243.616366      0.551  38.450669    14.4811     6.4393      0.546    31.3759    23.2891 -9.990e-29
 243.616372      0.554  38.447701    14.4766     6.4415      0.549    31.3768    23.2907 -9.990e-29
 243.616377      0.556  38.444959    14.4734     6.4589      0.551    31.3769    23.2915 -9.990e-29
 243.616383      0.551  38.443831    14.4729     6.4763      0.546    31.3763    23.2911 -9.990e-29
 243.616389      0.544  38.443934    14.4721     6.4797      0.539    31.3771    23.2918 -9.990e-29
 243.616395      0.542  38.443169    14.4682     6.4761      0.537    31.3795    23.2945 -9.990e-29
 243.616400      0.547  38.441080    14.4646     6.4774      0.542    31.3805    23.2961 -9.990e-29
 243.616406      0.553  38.440488    14.4670     6.4775      0.548    31.3781    23.2937 -9.990e-29
 243.616412      0.561  38.443405    14.4753     6.4815      0.556    31.3740    23.2888 -9.990e-29
 243.616418      0.567  38.447561    14.4814     6.4677      0.562    31.3728    23.2866 -9.990e-29
 243.616424      0.568  38.448413    14.4797     6.4605      0.563    31.3750    23.2886 -9.990e-29
 243.616429      0.567  38.444862    14.4736     6.4706      0.562    31.3767    23.2912 -9.990e-29
 243.616435      0.569  38.441144    14.4703     6.4881      0.564    31.3760    23.2914 -9.990e-29
 243.616441      0.571  38.441827    14.4739     6.5035      0.566    31.3737    23.2889 -9.990e-29
 243.616447      0.567  38.446143    14.4816     6.5028      0.562    31.3714    23.2855 -9.990e-29
 243.616453      0.561  38.449765    14.4851     6.4953      0.556    31.3718    23.2851 -9.990e-29
 243.616458      0.562  38.448561    14.4771     6.4995      0.557    31.3772    23.2909 -9.990e-29
 243.616464      0.571  38.442613    14.4632     6.5098      0.566    31.3831    23.2983 -9.990e-29
 243.616470      0.578  38.438562    14.4573     6.5307      0.573    31.3842    23.3004 -9.990e-29
 243.616476      0.580  38.441090    14.4623     6.5330      0.575    31.3824    23.2980 -9.990e-29
 243.616481      0.578  38.447405    14.4706     6.5194      0.573    31.3814    23.2955 -9.990e-29
 243.616487      0.575  38.452481    14.4751     6.4958      0.570    31.3824    23.2953 -9.990e-29
 243.616493      0.579  38.452448    14.4735     6.4783      0.574    31.3837    23.2966 -9.990e-29
 243.616499      0.592  38.447828    14.4688     6.4718      0.587    31.3833    23.2973 -9.990e-29
 243.616505      0.605  38.444791    14.4667     6.4810      0.600    31.3822    23.2969 -9.990e-29
 243.616510      0.614  38.446574    14.4709     6.4968      0.609    31.3804    23.2947 -9.990e-29
 243.616516      0.621  38.449951    14.4777     6.5098      0.616    31.3780    23.2914 -9.990e-29
 243.616522      0.626  38.451584    14.4803     6.5129      0.621    31.3774    23.2903 -9.990e-29
 243.616528      0.630  38.450853    14.4783     6.4944      0.625    31.3783    23.2915 -9.990e-29
 243.616534      0.631  38.449030    14.4762     6.4791      0.626    31.3784    23.2920 -9.990e-29
 243.616539      0.631  38.447611    14.4767     6.4693      0.626    31.3767    23.2906 -9.990e-29
 243.616545      0.630  38.446947    14.4786     6.4597      0.625    31.3745    23.2885 -9.990e-29
 243.616551      0.627  38.447833    14.4814     6.4715      0.622    31.3731    23.2868 -9.990e-29
 243.616557      0.622  38.450336    14.4826     6.4584      0.617    31.3744    23.2876 -9.990e-29
 243.616562      0.620  38.451074    14.4787     6.4527      0.615    31.3782    23.2913 -9.990e-29
 243.616568      0.624  38.448232    14.4724     6.4496      0.619    31.3807    23.2946 -9.990e-29
 243.616574      0.630  38.445869    14.4722     6.4515      0.625    31.3787    23.2931 -9.990e-29
 243.616580      0.634  38.448118    14.4816     6.4748      0.629    31.3732    23.2868 -9.990e-29
 243.616586      0.637  38.452935    14.4926     6.4885      0.632    31.3686    23.2811 -9.990e-29
 243.616591      0.639  38.455542    14.4963     6.5042      0.634    31.3680    23.2798 -9.990e-29
 243.616597      0.641  38.453819    14.4913     6.4968      0.636    31.3705    23.2828 -9.990e-29
 243.616603      0.641  38.449394    14.4837     6.4813      0.636    31.3726    23.2860 -9.990e-29
 243.616609      0.640  38.448138    14.4814     6.4756      0.635    31.3733    23.2870 -9.990e-29
 243.616615      0.638  38.452299    14.4832     6.4660      0.633    31.3757    23.2884 -9.990e-29
 243.616620      0.635  38.455102    14.4807     6.4689      0.630    31.3802    23.2925 -9.990e-29
 243.616626      0.631  38.452443    14.4714     6.4649      0.626    31.3853    23.2984 -9.990e-29
 243.616632      0.626  38.448063    14.4609     6.4649      0.621    31.3899    23.3040 -9.990e-29
 243.616638      0.623  38.445090    14.4552     6.4682      0.618    31.3918    23.3067 -9.990e-29
 243.616644      0.626  38.444604    14.4567     6.4698      0.621    31.3901    23.3051 -9.990e-29
 243.616649      0.632  38.447077    14.4632     6.4786      0.627    31.3871    23.3014 -9.990e-29
 243.616655      0.637  38.449646    14.4678     6.4859      0.632    31.3857    23.2994 -9.990e-29
 243.616661      0.640  38.449576    14.4664     6.4868      0.635    31.3868    23.3005 -9.990e-29
 243.616667      0.642  38.447900    14.4628     6.4977      0.637    31.3882    23.3023 -9.990e-29
 243.616672      0.644  38.446870    14.4616     6.4909      0.639    31.3882    23.3026 -9.990e-29
 243.616678      0.644  38.447356    14.4627     6.4750      0.639    31.3878    23.3020 -9.990e-29
 243.616684      0.644  38.448328    14.4633     6.4672      0.639    31.3882    23.3022 -9.990e-29
 243.616690      0.644  38.448282    14.4620     6.4615      0.639    31.3892    23.3033 -9.990e-29
 243.616696      0.643  38.446602    14.4601     6.4742      0.638    31.3892    23.3037 -9.990e-29
 243.616701      0.640  38.444970    14.4591     6.4756      0.635    31.3885    23.3034 -9.990e-29
 243.616707      0.637  38.445697    14.4596     6.4739      0.632    31.3888    23.3034 -9.990e-29
 243.616713      0.633  38.448074    14.4605     6.4718      0.628    31.3902    23.3044 -9.990e-29
 243.616719      0.627  38.449111    14.4596     6.4625      0.622    31.3919    23.3058 -9.990e-29
 243.616725      0.624  38.448511    14.4583     6.4702      0.619    31.3924    23.3065 -9.990e-29
 243.616730      0.628  38.449215    14.4615     6.4711      0.623    31.3904    23.3043 -9.990e-29
 243.616736      0.634  38.451596    14.4706     6.4910      0.629    31.3852    23.2984 -9.990e-29
 243.616742      0.639  38.453582    14.4787     6.5030      0.634    31.3805    23.2931 -9.990e-29
 243.616748      0.642  38.453869    14.4801     6.5064      0.637    31.3796    23.2921 -9.990e-29
 243.616753      0.645  38.451504    14.4783     6.5029      0.640    31.3789    23.2920 -9.990e-29
 243.616759      0.648  38.448912    14.4787     6.4987      0.643    31.3762    23.2898 -9.990e-29
 243.616765      0.649  38.451011    14.4834     6.4898      0.644    31.3743    23.2874 -9.990e-29
 243.616771      0.651  38.456650    14.4902     6.4911      0.646    31.3739    23.2857 -9.990e-29
 243.616777      0.652  38.462113    14.4959     6.4890      0.647    31.3743    23.2847 -9.990e-29
 243.616782      0.653  38.464574    14.4989     6.4962      0.648    31.3741    23.2840 -9.990e-29
 243.616788      0.653  38.461684    14.4986     6.4992      0.648    31.3717    23.2822 -9.990e-29
 243.616794      0.654  38.458524    14.4986     6.4849      0.649    31.3688    23.2800 -9.990e-29
 243.616800      0.654  38.460379    14.5020     6.4811      0.649    31.3678    23.2784 -9.990e-29
 243.616806      0.655  38.465214    14.5070     6.4652      0.650    31.3681    23.2777 -9.990e-29
 243.616811      0.656  38.470482    14.5114     6.4654      0.651    31.3693    23.2777 -9.990e-29
 243.616817      0.656  38.474776    14.5152     6.4597      0.651    31.3702    23.2775 -9.990e-29
 243.616823      0.657  38.477631    14.5197     6.4706      0.652    31.3691    23.2758 -9.990e-29
 243.616829      0.658  38.480583    14.5236     6.4819      0.653    31.3686    23.2746 -9.990e-29
 243.616834      0.659  38.484180    14.5230     6.4950      0.653    31.3724    23.2776 -9.990e-29
 243.616840      0.660  38.481426    14.5179     6.5077      0.654    31.3740    23.2799 -9.990e-29
 243.616846      0.661  38.471422    14.5119     6.5110      0.655    31.3698    23.2779 -9.990e-29
 243.616852      0.663  38.468814    14.5093     6.5003      0.657    31.3695    23.2783 -9.990e-29
 243.616858      0.665  38.475138    14.5095     6.4843      0.659    31.3751    23.2825 -9.990e-29
 243.616863      0.668  38.480308    14.5089     6.4779      0.662    31.3803    23.2866 -9.990e-29
 243.616869      0.672  38.485025    14.5101     6.4780      0.666    31.3836    23.2889 -9.990e-29
 243.616875      0.677  38.489950    14.5190     6.4850      0.671    31.3809    23.2850 -9.990e-29
 243.616881      0.684  38.494336    14.5354     6.4874      0.678    31.3716    23.2744 -9.990e-29
 243.616887      0.688  38.500081    14.5507     6.4814      0.682    31.3644    23.2657 -9.990e-29
 243.616892      0.685  38.504174    14.5558     6.4610      0.679    31.3640    23.2643 -9.990e-29
 243.616898      0.680  38.498599    14.5508     6.4555      0.674    31.3630    23.2646 -9.990e-29
 243.616904      0.677  38.483741    14.5463     6.4513      0.671    31.3532    23.2579 -9.990e-29
 243.616910      0.675  38.479542    14.5494     6.4513      0.669    31.3468    23.2524 -9.990e-29
 243.616916      0.675  38.490458    14.5525     6.4420      0.669    31.3542    23.2575 -9.990e-29
 243.616921      0.675  38.495159    14.5450     6.4399      0.669    31.3646    23.2670 -9.990e-29
 243.616927      0.677  38.485878    14.5235     6.4376      0.671    31.3735    23.2784 -9.990e-29
