data/oxygen options/ONMS/Olympic_Coast_National_Marine_Sanctuary_CTD_Data_2005_2023/raw_data/2012/CAST_KL050_120830faed.cnv
* Sea-Bird SBE19 Data File:
* FileName = C:\Documents and Settings\OCNMS\Desktop\2012 mooring data\2nd service\CAST_KL050_120830.hex
* Software Version 1.25
* Temperature SN = 2997
* Conductivity SN = 2997
* System UpLoad Time = Aug 30 2012 16:17:38
** CAST_KL050_120830
* SEACAT PROFILER V3.1c SN 2997   08/30/12  16:16:32.669
# nquan = 9                                 
# nvalues = 1152                        
# units = specified
# name 0 = timeJ: Julian Days
# name 1 = prSM: Pressure, Strain Gauge [db]
# name 2 = c0mS/cm: Conductivity [mS/cm]
# name 3 = t090C: Temperature [ITS-90, deg C]
# name 4 = sbeox0ML/L: Oxygen, SBE 43 [ml/l]
# name 5 = depSM: Depth [salt water, m], lat = 47.5
# name 6 = sal00: Salinity, Practical [PSU]
# name 7 = sigma-é00: Density [sigma-theta, kg/m^3]
# name 8 = flag: flag
# span 0 = 243.641829, 243.648490       
# span 1 =     -5.475,     51.180       
# span 2 =   0.247524,  39.080550       
# span 3 =     7.3274,    16.0197       
# span 4 =    -1.7316,    13.6574       
# span 5 =     -5.429,     50.747       
# span 6 =     0.1464,    33.7210       
# span 7 =    -0.9394,    26.3656       
# span 8 = 0.0000e+00, 0.0000e+00       
# interval = seconds: 0.5
# start_time = Aug 30 2012 15:24:14 [Instrument's time stamp, header]
# bad_flag = -9.990e-29
*END*
[from data line 481]
 243.644612      0.739  39.024462    14.2392    -1.4458      0.733    32.0977    23.8959 -9.990e-29
 243.644618      0.750  39.024788    14.2384    -1.4461      0.744    32.0987    23.8968 -9.990e-29
 243.644624      0.764  39.029234    14.2395    -1.4463      0.758    32.1018    23.8990 -9.990e-29
 243.644630      0.771  39.035887    14.2415    -1.4459      0.765    32.1062    23.9020 -9.990e-29
 243.644635      0.773  39.030836    14.2424    -1.4458      0.767    32.1009    23.8977 -9.990e-29
 243.644641      0.774  39.015755    14.2390    -1.4458      0.768    32.0899    23.8899 -9.990e-29
 243.644647      0.774  39.000417    14.2310    -1.4465      0.768    32.0825    23.8859 -9.990e-29
 243.644653      0.778  38.997977    14.2235    -1.4471      0.772    32.0865    23.8905 -9.990e-29
 243.644659      0.784  39.016566    14.2207    -1.4472      0.777    32.1058    23.9060 -9.990e-29
 243.644664      0.787  39.040061    14.2228    -1.4466      0.780    32.1256    23.9209 -9.990e-29
 243.644670      0.780  39.045993    14.2256    -1.4470      0.773    32.1287    23.9227 -9.990e-29
 243.644676      0.769  39.028258    14.2249    10.3758      0.763    32.1131    23.9107 -9.990e-29
 243.644682      0.760  39.002986    14.2225    13.4388      0.754    32.0919    23.8949 -9.990e-29
 243.644688      0.758  38.998107    14.2227    13.6574      0.752    32.0873    23.8913 -9.990e-29
 243.644693      0.758  39.014393    14.2249    11.3206      0.752    32.1004    23.9009 -9.990e-29
 243.644699      0.757  39.020886    14.2235     6.2589      0.751    32.1075    23.9067 -9.990e-29
 243.644705      0.757  38.997662    14.2156     6.4525      0.751    32.0927    23.8970 -9.990e-29
 243.644711      0.764  38.959134    14.2066     6.6232      0.758    32.0649    23.8774 -9.990e-29
 243.644716      0.778  38.938531    14.2022     6.6027      0.772    32.0497    23.8665 -9.990e-29
 243.644722      0.796  38.947592    14.2020     6.5487      0.789    32.0581    23.8731 -9.990e-29
 243.644728      0.809  38.959731    14.2048     6.4902      0.802    32.0669    23.8793 -9.990e-29
 243.644734      0.815  38.948546    14.2085     6.4460      0.808    32.0536    23.8683 -9.990e-29
 243.644740      0.815  38.924889    14.2102     6.4236      0.808    32.0305    23.8501 -9.990e-29
 243.644745      0.811  38.909878    14.2095     6.3780      0.804    32.0173    23.8401 -9.990e-29
 243.644751      0.813  38.904786    14.2088     6.3556      0.806    32.0132    23.8371 -9.990e-29
 243.644757      0.821  38.903938    14.2097     6.3418      0.814    32.0117    23.8357 -9.990e-29
 243.644763      0.827  38.904517    14.2113     6.3531      0.820    32.0109    23.8347 -9.990e-29
 243.644769      0.826  38.905605    14.2127     6.3528      0.819    32.0108    23.8343 -9.990e-29
 243.644774      0.819  38.906968    14.2133     6.3443      0.812    32.0115    23.8348 -9.990e-29
 243.644780      0.810  38.907055    14.2117     6.3172      0.803    32.0129    23.8362 -9.990e-29
 243.644786      0.806  38.903175    14.2071     6.3178      0.799    32.0132    23.8374 -9.990e-29
 243.644792      0.812  38.892392    14.2011     6.3151      0.805    32.0083    23.8348 -9.990e-29
 243.644797      0.824  38.878813    14.1970     6.3170      0.817    31.9992    23.8287 -9.990e-29
 243.644803      0.834  38.875701    14.1972     6.3151      0.827    31.9962    23.8263 -9.990e-29
 243.644809      0.837  38.883940    14.2004     6.3161      0.830    32.0011    23.8294 -9.990e-29
 243.644815      0.835  38.890976    14.2028     6.3180      0.828    32.0055    23.8324 -9.990e-29
 243.644821      0.828  38.893859    14.2031     6.3339      0.821    32.0079    23.8342 -9.990e-29
 243.644826      0.818  38.895870    14.2026     6.3351      0.811    32.0102    23.8360 -9.990e-29
 243.644832      0.811  38.896883    14.2022     6.3350      0.804    32.0115    23.8371 -9.990e-29
 243.644838      0.804  38.896560    14.2016     6.3265      0.797    32.0117    23.8373 -9.990e-29
 243.644844      0.803  38.896148    14.2012     6.3162      0.796    32.0116    23.8374 -9.990e-29
 243.644850      0.807  38.897330    14.2017     6.3152      0.800    32.0123    23.8378 -9.990e-29
 243.644855      0.808  38.899436    14.2029     6.3142      0.801    32.0132    23.8383 -9.990e-29
 243.644861      0.805  38.900226    14.2035     6.3230      0.798    32.0135    23.8383 -9.990e-29
 243.644867      0.808  38.899066    14.2029     6.3307      0.801    32.0129    23.8380 -9.990e-29
 243.644873      0.816  38.897205    14.2024     6.3441      0.809    32.0116    23.8371 -9.990e-29
 243.644878      0.822  38.894958    14.2025     6.3391      0.815    32.0095    23.8354 -9.990e-29
 243.644884      0.821  38.892684    14.2024     6.3394      0.814    32.0075    23.8339 -9.990e-29
 243.644890      0.818  38.892947    14.2020     6.3302      0.811    32.0080    23.8344 -9.990e-29
 243.644896      0.816  38.896092    14.2020     6.3247      0.809    32.0109    23.8367 -9.990e-29
 243.644902      0.816  38.899023    14.2013     6.3312      0.809    32.0142    23.8393 -9.990e-29
 243.644907      0.818  38.899479    14.1997     6.3182      0.811    32.0159    23.8410 -9.990e-29
 243.644913      0.822  38.898063    14.1988     6.3055      0.815    32.0154    23.8408 -9.990e-29
 243.644919      0.832  38.896805    14.1988     6.2950      0.825    32.0142    23.8399 -9.990e-29
 243.644925      0.848  38.896822    14.1996     6.2875      0.841    32.0136    23.8392 -9.990e-29
 243.644931      0.865  38.897571    14.2004     6.2943      0.858    32.0136    23.8391 -9.990e-29
 243.644936      0.877  38.898362    14.1996     6.2772      0.870    32.0150    23.8403 -9.990e-29
 243.644942      0.887  38.899122    14.1971     6.2694      0.880    32.0177    23.8429 -9.990e-29
 243.644948      0.894  38.899181    14.1965     6.2704      0.887    32.0183    23.8435 -9.990e-29
 243.644954      0.899  38.899732    14.2001     6.2759      0.891    32.0158    23.8408 -9.990e-29
 243.644959      0.902  38.902621    14.2054     6.2947      0.894    32.0140    23.8384 -9.990e-29
 243.644965      0.904  38.906093    14.2096     6.2805      0.896    32.0137    23.8373 -9.990e-29
 243.644971      0.904  38.908609    14.2121     6.2640      0.896    32.0140    23.8369 -9.990e-29
 243.644977      0.904  38.910717    14.2135     6.2659      0.896    32.0147    23.8372 -9.990e-29
 243.644983      0.902  38.912422    14.2141     6.2562      0.894    32.0158    23.8379 -9.990e-29
 243.644988      0.898  38.913188    14.2144     6.2584      0.891    32.0163    23.8382 -9.990e-29
 243.644994      0.892  38.913474    14.2153     6.2673      0.885    32.0158    23.8377 -9.990e-29
 243.645000      0.885  38.914213    14.2167     6.2628      0.878    32.0153    23.8370 -9.990e-29
 243.645006      0.879  38.915264    14.2179     6.2747      0.872    32.0153    23.8367 -9.990e-29
 243.645012      0.879  38.916343    14.2187     6.2957      0.872    32.0156    23.8368 -9.990e-29
 243.645017      0.880  38.917201    14.2194     6.2986      0.873    32.0158    23.8368 -9.990e-29
 243.645023      0.879  38.917297    14.2200     6.3000      0.872    32.0154    23.8364 -9.990e-29
 243.645029      0.874  38.917313    14.2205     6.3053      0.867    32.0150    23.8360 -9.990e-29
 243.645035      0.866  38.917825    14.2211     6.2999      0.859    32.0150    23.8358 -9.990e-29
 243.645041      0.859  38.918389    14.2216     6.3000      0.852    32.0151    23.8358 -9.990e-29
 243.645046      0.861  38.919193    14.2221     6.3032      0.854    32.0154    23.8360 -9.990e-29
 243.645052      0.871  38.920182    14.2220     6.2931      0.864    32.0164    23.8368 -9.990e-29
 243.645058      0.882  38.919867    14.2213     6.2980      0.875    32.0167    23.8371 -9.990e-29
 243.645064      0.890  38.918381    14.2208     6.3220      0.883    32.0157    23.8365 -9.990e-29
 243.645069      0.897  38.917661    14.2203     6.3322      0.890    32.0155    23.8364 -9.990e-29
 243.645075      0.901  38.917299    14.2195     6.3413      0.893    32.0158    23.8368 -9.990e-29
 243.645081      0.904  38.916808    14.2189     6.3344      0.896    32.0158    23.8370 -9.990e-29
 243.645087      0.905  38.916647    14.2184     6.3159      0.897    32.0161    23.8373 -9.990e-29
 243.645093      0.905  38.915476    14.2178     6.2987      0.897    32.0155    23.8370 -9.990e-29
 243.645098      0.904  38.913408    14.2172     6.2992      0.896    32.0141    23.8360 -9.990e-29
 243.645104      0.902  38.912721    14.2164     6.3014      0.894    32.0142    23.8362 -9.990e-29
 243.645110      0.898  38.913055    14.2156     6.3005      0.891    32.0151    23.8371 -9.990e-29
 243.645116      0.893  38.913169    14.2157     6.3094      0.886    32.0152    23.8371 -9.990e-29
 243.645122      0.890  38.913768    14.2166     6.3139      0.883    32.0150    23.8368 -9.990e-29
 243.645127      0.893  38.914524    14.2166     6.3105      0.886    32.0157    23.8373 -9.990e-29
 243.645133      0.898  38.913638    14.2153     6.3161      0.891    32.0159    23.8378 -9.990e-29
 243.645139      0.902  38.912166    14.2134     6.3140      0.894    32.0162    23.8384 -9.990e-29
 243.645145      0.904  38.912060    14.2116     6.3133      0.896    32.0175    23.8398 -9.990e-29
 243.645150      0.905  38.912052    14.2113     6.3089      0.897    32.0178    23.8401 -9.990e-29
 243.645156      0.904  38.912124    14.2132     6.3052      0.896    32.0163    23.8385 -9.990e-29
 243.645162      0.902  38.913488    14.2155     6.3183      0.894    32.0156    23.8375 -9.990e-29
 243.645168      0.899  38.915156    14.2167     6.3174      0.891    32.0162    23.8377 -9.990e-29
 243.645174      0.894  38.915982    14.2175     6.3076      0.887    32.0163    23.8376 -9.990e-29
 243.645179      0.892  38.916502    14.2191     6.2956      0.885    32.0154    23.8366 -9.990e-29
 243.645185      0.896  38.917406    14.2199     6.2900      0.889    32.0156    23.8366 -9.990e-29
 243.645191      0.902  38.917652    14.2177     6.2966      0.894    32.0176    23.8386 -9.990e-29
 243.645197      0.907  38.915883    14.2139     6.3221      0.899    32.0191    23.8406 -9.990e-29
 243.645203      0.911  38.913095    14.2102     6.3415      0.903    32.0197    23.8417 -9.990e-29
 243.645208      0.914  38.910045    14.2053     6.3501      0.906    32.0209    23.8437 -9.990e-29
 243.645214      0.916  38.906024    14.1993     6.3415      0.908    32.0222    23.8460 -9.990e-29
 243.645220      0.918  38.902387    14.1938     6.3171      0.910    32.0234    23.8480 -9.990e-29
 243.645226      0.919  38.897640    14.1888     6.2952      0.911    32.0232    23.8489 -9.990e-29
 243.645231      0.920  38.890487    14.1852     6.2908      0.912    32.0197    23.8469 -9.990e-29
 243.645237      0.920  38.887072    14.1826     6.2967      0.912    32.0187    23.8467 -9.990e-29
 243.645243      0.920  38.887877    14.1794     6.3166      0.912    32.0221    23.8500 -9.990e-29
 243.645249      0.920  38.886686    14.1766     6.3302      0.912    32.0233    23.8515 -9.990e-29
 243.645255      0.920  38.884145    14.1757     6.3560      0.912    32.0217    23.8505 -9.990e-29
 243.645260      0.919  38.882465    14.1757     6.3477      0.911    32.0202    23.8493 -9.990e-29
 243.645266      0.918  38.880517    14.1749     6.3489      0.910    32.0191    23.8486 -9.990e-29
 243.645272      0.917  38.877941    14.1730     6.3178      0.909    32.0183    23.8484 -9.990e-29
 243.645278      0.915  38.875777    14.1716     6.3030      0.907    32.0175    23.8480 -9.990e-29
 243.645284      0.912  38.875619    14.1711     6.3109      0.904    32.0177    23.8483 -9.990e-29
 243.645289      0.909  38.876689    14.1712     6.3125      0.901    32.0186    23.8490 -9.990e-29
 243.645295      0.905  38.878165    14.1737     6.3420      0.897    32.0179    23.8479 -9.990e-29
 243.645301      0.903  38.881449    14.1781     6.3139      0.895    32.0173    23.8465 -9.990e-29
 243.645307      0.909  38.884752    14.1807     6.3281      0.901    32.0181    23.8467 -9.990e-29
 243.645312      0.918  38.884627    14.1819     6.3417      0.910    32.0170    23.8455 -9.990e-29
 243.645318      0.927  38.882026    14.1856     6.3374      0.919    32.0116    23.8406 -9.990e-29
 243.645324      0.935  38.881318    14.1917     6.3210      0.927    32.0059    23.8349 -9.990e-29
 243.645330      0.944  38.885474    14.1979     6.3011      0.936    32.0045    23.8326 -9.990e-29
 243.645336      0.951  38.892747    14.2024     6.2897      0.943    32.0075    23.8339 -9.990e-29
 243.645341      0.950  38.899373    14.2044     6.3020      0.942    32.0119    23.8369 -9.990e-29
 243.645347      0.947  38.902954    14.2055     6.3138      0.939    32.0142    23.8385 -9.990e-29
 243.645353      0.945  38.904320    14.2073     6.3399      0.937    32.0140    23.8380 -9.990e-29
 243.645359      0.944  38.905828    14.2090     6.3280      0.936    32.0140    23.8376 -9.990e-29
 243.645365      0.945  38.907225    14.2090     6.3092      0.937    32.0153    23.8386 -9.990e-29
 243.645370      0.947  38.907550    14.2070     6.2887      0.939    32.0172    23.8405 -9.990e-29
 243.645376      0.950  38.906653    14.2045     6.2731      0.942    32.0185    23.8420 -9.990e-29
 243.645382      0.955  38.904997    14.2047     6.2723      0.947    32.0168    23.8406 -9.990e-29
 243.645388      0.962  38.905952    14.2097     6.2811      0.954    32.0135    23.8371 -9.990e-29
 243.645394      0.971  38.911328    14.2170     6.2898      0.963    32.0124    23.8347 -9.990e-29
 243.645399      0.978  38.915383    14.2217     6.2764      0.970    32.0122    23.8336 -9.990e-29
 243.645405      0.981  38.915099    14.2232     6.2650      0.973    32.0107    23.8321 -9.990e-29
 243.645411      0.979  38.915679    14.2239     6.2569      0.971    32.0106    23.8319 -9.990e-29
 243.645417      0.971  38.918434    14.2239     6.2538      0.963    32.0132    23.8339 -9.990e-29
 243.645422      0.962  38.918610    14.2221     6.2761      0.954    32.0148    23.8355 -9.990e-29
 243.645428      0.955  38.915300    14.2174     6.3038      0.947    32.0157    23.8372 -9.990e-29
 243.645434      0.950  38.910790    14.2070     6.3361      0.942    32.0202    23.8428 -9.990e-29
 243.645440      0.947  38.902407    14.1915     6.3479      0.939    32.0254    23.8500 -9.990e-29
 243.645446      0.946  38.890155    14.1788     6.3459      0.938    32.0247    23.8521 -9.990e-29
 243.645451      0.945  38.881205    14.1741     6.3225      0.937    32.0204    23.8497 -9.990e-29
 243.645457      0.946  38.880405    14.1740     6.3009      0.938    32.0197    23.8492 -9.990e-29
 243.645463      0.948  38.883301    14.1730     6.2939      0.940    32.0232    23.8521 -9.990e-29
 243.645469      0.952  38.881966    14.1712     6.3118      0.944    32.0235    23.8527 -9.990e-29
 243.645475      0.957  38.878519    14.1707     6.3416      0.949    32.0207    23.8507 -9.990e-29
 243.645480      0.965  38.877307    14.1717     6.3483      0.957    32.0188    23.8490 -9.990e-29
 243.645486      0.971  38.877808    14.1731     6.3498      0.963    32.0181    23.8482 -9.990e-29
 243.645492      0.971  38.879548    14.1737     6.3386      0.963    32.0192    23.8489 -9.990e-29
 243.645498      0.969  38.879220    14.1713     6.3177      0.961    32.0209    23.8507 -9.990e-29
 243.645503      0.971  38.874684    14.1671     6.2944      0.963    32.0202    23.8510 -9.990e-29
 243.645509      0.975  38.871078    14.1667     6.2809      0.967    32.0172    23.8488 -9.990e-29
 243.645515      0.979  38.871972    14.1700     6.2825      0.971    32.0153    23.8467 -9.990e-29
 243.645521      0.977  38.874612    14.1724     6.2797      0.969    32.0157    23.8465 -9.990e-29
 243.645527      0.974  38.878014    14.1739     6.2802      0.966    32.0176    23.8476 -9.990e-29
