data/oxygen options/ONMS/Olympic_Coast_National_Marine_Sanctuary_CTD_Data_2005_2023/raw_data/2012/CAST_KL015_121010faed.cnv
* Sea-Bird SBE19 Data File:
* FileName = C:\Documents and Settings\OCNMS\Desktop\2012 mooring data\RECOVERY\CAST_KL015_121010.hex
* Software Version 1.25
* Temperature SN = 2997
* Conductivity SN = 2997
* System UpLoad Time = Oct 10 2012 16:33:27
** CAST_KL015_121010
* SEACAT PROFILER V3.1c SN 2997   10/10/12  16:32:14.028
# nquan = 9                                 
# nvalues = 1374                        
# units = specified
# name 0 = timeJ: Julian Days
# name 1 = prSM: Pressure, Strain Gauge [db]
# name 2 = c0mS/cm: Conductivity [mS/cm]
# name 3 = t090C: Temperature [ITS-90, deg C]
# name 4 = sbeox0ML/L: Oxygen, SBE 43 [ml/l]
# name 5 = depSM: Depth [salt water, m], lat = 47.5
# name 6 = sal00: Salinity, Practical [PSU]
# name 7 = sigma-é00: Density [sigma-theta, kg/m^3]
# name 8 = flag: flag
# span 0 = 284.670648, 284.678594       
# span 1 =     -4.975,     16.203       
# span 2 =   0.416793,  36.781852       
# span 3 =     9.5749,    12.4628       
# span 4 =    -1.8639,    15.6427       
# span 5 =     -4.934,     16.067       
# span 6 =     0.2692,    33.0834       
# span 7 =    -0.3209,    25.4861       
# span 8 = 0.0000e+00, 0.0000e+00       
# interval = seconds: 0.5
# start_time = Oct 10 2012 16:05:44 [Instrument's time stamp, header]
# bad_flag = -9.990e-29
*END*
[from data line 1281]
 284.678061     15.508  35.956707     9.8624     5.5601     15.378    32.9436    25.3696 -9.990e-29
 284.678067     15.447  35.978690     9.8775     5.6070     15.318    32.9522    25.3738 -9.990e-29
 284.678073     15.368  35.996523     9.8909     5.6314     15.239    32.9581    25.3763 -9.990e-29
 284.678079     15.265  36.013286     9.9057     5.6497     15.137    32.9617    25.3766 -9.990e-29
 284.678084     15.136  36.030628     9.9256     5.6662     15.009    32.9612    25.3729 0.0000e+00
 284.678090     14.986  36.047048     9.9477     5.6670     14.860    32.9578    25.3666 0.0000e+00
 284.678096     14.822  36.059820     9.9652     5.6844     14.698    32.9549    25.3614 0.0000e+00
 284.678102     14.656  36.068073     9.9771     5.6849     14.533    32.9525    25.3575 0.0000e+00
 284.678108     14.497  36.077240     9.9852     5.6889     14.376    32.9545    25.3577 0.0000e+00
 284.678113     14.346  36.084444     9.9892     5.6861     14.226    32.9582    25.3600 0.0000e+00
 284.678119     14.195  36.086434     9.9904     5.6774     14.076    32.9592    25.3605 0.0000e+00
 284.678125     14.045  36.087006     9.9919     5.6880     13.927    32.9585    25.3597 0.0000e+00
 284.678131     13.894  36.088065     9.9951     5.6816     13.778    32.9567    25.3578 0.0000e+00
 284.678137     13.741  36.089925     9.9988     5.6917     13.626    32.9553    25.3561 0.0000e+00
 284.678142     13.586  36.092288    10.0013     5.6974     13.472    32.9555    25.3558 0.0000e+00
 284.678148     13.426  36.093847    10.0031     5.7089     13.314    32.9555    25.3555 0.0000e+00
 284.678154     13.261  36.094464    10.0057     5.7220     13.150    32.9538    25.3538 0.0000e+00
 284.678160     13.092  36.094985    10.0088     5.7269     12.982    32.9516    25.3515 0.0000e+00
 284.678166     12.925  36.096686    10.0123     5.7348     12.817    32.9502    25.3498 0.0000e+00
 284.678171     12.764  36.100181    10.0156     5.7560     12.657    32.9508    25.3497 0.0000e+00
 284.678177     12.607  36.103429    10.0180     5.7886     12.501    32.9520    25.3503 0.0000e+00
 284.678183     12.452  36.105185    10.0205     5.8456     12.348    32.9515    25.3495 0.0000e+00
 284.678189     12.297  36.106692    10.0231     5.9037     12.194    32.9508    25.3485 0.0000e+00
 284.678194     12.142  36.107742    10.0255     5.9526     12.040    32.9497    25.3472 0.0000e+00
 284.678200     11.985  36.107517    10.0303     5.9935     11.885    32.9452    25.3429 0.0000e+00
 284.678206     11.829  36.108541    10.0401     6.0322     11.730    32.9374    25.3351 0.0000e+00
 284.678212     11.677  36.113321    10.0532     6.0866     11.579    32.9303    25.3275 0.0000e+00
 284.678218     11.524  36.119292    10.0650     6.1381     11.428    32.9257    25.3219 0.0000e+00
 284.678223     11.359  36.122678    10.0770     6.1994     11.264    32.9183    25.3141 0.0000e+00
 284.678229     11.182  36.126336    10.0956     6.2269     11.088    32.9051    25.3007 0.0000e+00
 284.678235     11.002  36.135169    10.1193     6.2408     10.910    32.8926    25.2870 0.0000e+00
 284.678241     10.828  36.145294    10.1424     6.2701     10.737    32.8819    25.2747 0.0000e+00
 284.678247     10.664  36.155114    10.1636     6.2832     10.575    32.8727    25.2640 0.0000e+00
 284.678252     10.506  36.169908    10.1814     6.3204     10.418    32.8716    25.2601 0.0000e+00
 284.678258     10.354  36.183662    10.1930     6.3573     10.267    32.8750    25.2608 0.0000e+00
 284.678264     10.206  36.188973    10.2003     6.3709     10.121    32.8738    25.2586 0.0000e+00
 284.678270     10.062  36.194070    10.2084     6.4000      9.978    32.8717    25.2556 0.0000e+00
 284.678275      9.916  36.203532    10.2211     6.4171      9.833    32.8698    25.2520 0.0000e+00
 284.678281      9.765  36.212074    10.2403     6.4388      9.683    32.8611    25.2419 0.0000e+00
 284.678287      9.606  36.218225    10.2612     6.4551      9.526    32.8484    25.2285 0.0000e+00
 284.678293      9.438  36.221808    10.2766     6.4598      9.359    32.8382    25.2179 0.0000e+00
 284.678299      9.263  36.225386    10.2849     6.4753      9.185    32.8343    25.2135 0.0000e+00
 284.678304      9.087  36.232076    10.2893     6.4986      9.011    32.8372    25.2150 0.0000e+00
 284.678310      8.912  36.239061    10.2929     6.5362      8.837    32.8410    25.2174 0.0000e+00
 284.678316      8.736  36.243538    10.2975     6.5876      8.663    32.8414    25.2169 0.0000e+00
 284.678322      8.560  36.246446    10.3046     6.6310      8.488    32.8380    25.2130 0.0000e+00
 284.678328      8.385  36.250180    10.3131     6.6572      8.315    32.8342    25.2086 0.0000e+00
 284.678333      8.209  36.256362    10.3198     6.6656      8.140    32.8344    25.2076 0.0000e+00
 284.678339      8.034  36.263905    10.3251     6.6601      7.967    32.8373    25.2090 0.0000e+00
 284.678345      7.861  36.271105    10.3333     6.6660      7.795    32.8372    25.2075 0.0000e+00
 284.678351      7.689  36.278600    10.3427     6.6615      7.625    32.8363    25.2052 0.0000e+00
 284.678356      7.514  36.284624    10.3480     6.6355      7.451    32.8377    25.2054 0.0000e+00
 284.678362      7.334  36.285447    10.3497     6.6341      7.273    32.8370    25.2046 0.0000e+00
 284.678368      7.146  36.283847    10.3520     6.6337      7.086    32.8334    25.2014 0.0000e+00
 284.678374      6.952  36.284417    10.3562     6.6487      6.894    32.8303    25.1982 0.0000e+00
 284.678380      6.755  36.286797    10.3601     6.6823      6.699    32.8293    25.1967 0.0000e+00
 284.678385      6.553  36.289120    10.3619     6.7127      6.498    32.8301    25.1970 0.0000e+00
 284.678391      6.335  36.290002    10.3628     6.7557      6.282    32.8302    25.1970 0.0000e+00
 284.678397      6.098  36.290622    10.3643     6.8035      6.047    32.8296    25.1963 0.0000e+00
 284.678403      5.838  36.292368    10.3664     6.8302      5.789    32.8296    25.1959 0.0000e+00
 284.678409      5.566  36.295327    10.3692     6.8444      5.519    32.8301    25.1958 0.0000e+00
 284.678414      5.293  36.300085    10.3742     6.8612      5.249    32.8305    25.1953 0.0000e+00
 284.678420      5.024  36.307388    10.3823     6.8727      4.982    32.8307    25.1940 0.0000e+00
 284.678426      4.758  36.316332    10.3905     6.9068      4.718    32.8324    25.1939 0.0000e+00
 284.678432      4.493  36.322039    10.3959     6.9181      4.455    32.8333    25.1938 0.0000e+00
 284.678437      4.219  36.324841    10.4016     6.9151      4.184    32.8311    25.1911 0.0000e+00
 284.678443      3.936  36.332395    10.4110     6.9071      3.903    32.8304    25.1888 0.0000e+00
 284.678449      3.651  36.344132    10.4228     6.9034      3.620    32.8316    25.1878 0.0000e+00
 284.678455      3.369  36.354419    10.4385     6.8581      3.341    32.8279    25.1822 0.0000e+00
 284.678461      3.092  36.366332    10.4603     6.7670      3.066    32.8203    25.1726 0.0000e+00
 284.678466      2.829  36.383433    10.4837     6.6961      2.805    32.8165    25.1656 0.0000e+00
 284.678472      2.584  36.405003    10.5053     7.6963      2.562    32.8187    25.1636 0.0000e+00
 284.678478      2.355  36.430676    10.5271     7.9198      2.335    32.8249    25.1647 0.0000e+00
 284.678484      2.136  36.452118    10.5511     7.7285      2.118    32.8249    25.1605 0.0000e+00
 284.678490      1.925  36.461511    10.5730     7.4479      1.909    32.8147    25.1488 0.0000e+00
 284.678495      1.730  36.460739    10.5876     7.0773      1.716    32.8008    25.1355 0.0000e+00
 284.678501      1.561  36.440378    10.5956     6.7120      1.548    32.7733    25.1127 0.0000e+00
 284.678507      1.419  36.362643    10.6013     6.4680      1.407    32.6905    25.0472 -9.990e-29
 284.678513      1.304  36.130050    10.6094     6.3440      1.293    32.4510    24.8592 -9.990e-29
 284.678519      1.214  35.452083    10.6206     6.2923      1.204    31.7653    24.3232 -9.990e-29
 284.678524      1.142  33.441032    10.6311     6.2795      1.132    29.7641    22.7639 -9.990e-29
 284.678530      1.083  27.423897    10.6391     6.3074      1.074    23.9056    18.2095 -9.990e-29
 284.678536      1.039  17.757220    10.6463     6.3364      1.030    14.8582    11.1910 -9.990e-29
 284.678542      1.011  10.274129    10.6538 -9.990e-29      1.003     8.2134     6.0381 -9.990e-29
 284.678547      0.992   7.035450    10.6605 -9.990e-29      0.984     5.4656     3.9040 -9.990e-29
 284.678553      0.978   5.520166    10.6637 -9.990e-29      0.970     4.2156     2.9319 -9.990e-29
 284.678559      0.967   4.475800    10.6621 -9.990e-29      0.959     3.3706     2.2744 -9.990e-29
 284.678565      0.959   3.686735    10.6571 -9.990e-29      0.951     2.7426     1.7858 -9.990e-29
 284.678571      0.953   3.066356    10.6494 -9.990e-29      0.945     2.2560     1.4072 -9.990e-29
 284.678576      0.948   2.594536    10.6381 -9.990e-29      0.940     1.8908     1.1234 -9.990e-29
 284.678582      0.945   2.269869    10.6251 -9.990e-29      0.937     1.6423     0.9307 -9.990e-29
 284.678588      0.944   2.098517    10.6188 -9.990e-29      0.936     1.5121     0.8296 -9.990e-29
 284.678594      0.943   2.067627 -9.990e-29 -9.990e-29      0.935 -9.990e-29 -9.990e-29 -9.990e-29
