data/oxygen options/ONMS/Olympic_Coast_National_Marine_Sanctuary_CTD_Data_2005_2023/raw_data/2012/CAST_CA042_121009faed.cnv
* Sea-Bird SBE19 Data File:
* FileName = C:\Documents and Settings\OCNMS\Desktop\2012 mooring data\RECOVERY\CAST_CA042_121009.hex
* Software Version 1.25
* Temperature SN = 2997
* Conductivity SN = 2997
* System UpLoad Time = Oct 09 2012 15:49:04
** CAST_CA042_121009
* SEACAT PROFILER V3.1c SN 2997   10/09/12  15:47:30.549
# nquan = 9                                 
# nvalues = 5500                        
# units = specified
# name 0 = timeJ: Julian Days
# name 1 = prSM: Pressure, Strain Gauge [db]
# name 2 = c0mS/cm: Conductivity [mS/cm]
# name 3 = t090C: Temperature [ITS-90, deg C]
# name 4 = sbeox0ML/L: Oxygen, SBE 43 [ml/l]
# name 5 = depSM: Depth [salt water, m], lat = 47.5
# name 6 = sal00: Salinity, Practical [PSU]
# name 7 = sigma-é00: Density [sigma-theta, kg/m^3]
# name 8 = flag: flag
# span 0 = 283.533044, 283.564867       
# span 1 =     -4.935,     44.080       
# span 2 =   0.249034,  36.045726       
# span 3 =     7.9572,    11.5973       
# span 4 =   -16.1227,    14.4112       
# span 5 =     -4.894,     43.707       
# span 6 =     0.1615,    33.5002       
# span 7 =    -0.3149,    26.0869       
# span 8 = 0.0000e+00, 0.0000e+00       
# interval = seconds: 0.5
# start_time = Oct 09 2012 12:47:35 [Instrument's time stamp, header]
# bad_flag = -9.990e-29
*END*
[from data line 1281]
 283.540457      0.927   2.368128     9.3070     6.9171      0.919     1.7807     1.1606 -9.990e-29
 283.540463      0.919   2.422921     9.3107     6.9088      0.911     1.8240     1.1943 -9.990e-29
 283.540469      0.910   2.746885     9.3148     6.9084      0.902     2.0827     1.3967 -9.990e-29
 283.540475      0.900   3.125412     9.3179     6.8914      0.892     2.3877     1.6355 -9.990e-29
 283.540480      0.893   3.186419     9.3202     6.8786      0.886     2.4370     1.6739 -9.990e-29
 283.540486      0.892   2.959131     9.3231     6.8638      0.885     2.2530     1.5295 -9.990e-29
 283.540492      0.894   2.831013     9.3268     6.8661      0.887     2.1496     1.4481 -9.990e-29
 283.540498      0.894   2.926859     9.3299     6.8944      0.887     2.2265     1.5082 -9.990e-29
 283.540503      0.891   3.001251     9.3316     6.9204      0.884     2.2864     1.5549 -9.990e-29
 283.540509      0.887   2.868335     9.3334     6.9249      0.880     2.1792     1.4708 -9.990e-29
 283.540515      0.884   2.661438     9.3370     6.9266      0.877     2.0130     1.3402 -9.990e-29
 283.540521      0.887   2.587693     9.3431     6.9393      0.880     1.9537     1.2932 -9.990e-29
 283.540527      0.893   2.612556     9.3498     6.9392      0.886     1.9732     1.3079 -9.990e-29
 283.540532      0.896   2.662172     9.3548   -11.4033      0.889     2.0125     1.3384 -9.990e-29
 283.540538      0.897   2.763329     9.3579   -16.1227      0.890     2.0934     1.4015 -9.990e-29
 283.540544      0.897   2.906739     9.3594   -16.1098      0.890     2.2085     1.4915 -9.990e-29
 283.540550      0.895   3.041282     9.3604   -11.3411      0.888     2.3169     1.5764 -9.990e-29
 283.540556      0.891   2.994167     9.3618    -1.9479      0.884     2.2788     1.5464 -9.990e-29
 283.540561      0.884   2.687028     9.3629    -1.9480      0.877     2.0320     1.3529 -9.990e-29
 283.540567      0.876   2.315908     9.3637    -1.9497      0.869     1.7365     1.1212 -9.990e-29
 283.540573      0.864   2.025279     9.3646    -1.9538      0.857     1.5073     0.9413 -9.990e-29
 283.540579      0.852   1.809556     9.3658    -1.9547      0.845     1.3386     0.8088 -9.990e-29
 283.540584      0.849   1.655437     9.3680    -1.9554      0.842     1.2189     0.7146 -9.990e-29
 283.540590      0.853   1.565236     9.3707    -1.9573      0.846     1.1491     0.6596 -9.990e-29
 283.540596      0.858   1.547787     9.3731    -1.9564      0.851     1.1355     0.6487 -9.990e-29
 283.540602      0.858   1.641326     9.3749    -1.9589      0.851     1.2077     0.7053 -9.990e-29
 283.540608      0.854   1.904081     9.3761    -1.9576      0.847     1.4120     0.8655 -9.990e-29
 283.540613      0.845   2.252448     9.3777    -1.9560      0.838     1.6856     1.0801 -9.990e-29
 283.540619      0.835   2.470830     9.3799    -1.9545      0.828     1.8586     1.2156 -9.990e-29
 283.540625      0.829   2.484000     9.3820    -1.9525      0.822     1.8690     1.2235 -9.990e-29
 283.540631      0.825   2.343341     9.3838    -1.9525      0.818     1.7572     1.1358 -9.990e-29
 283.540637      0.827   2.137387     9.3869    -1.9531      0.820     1.5945     1.0078 -9.990e-29
 283.540642      0.836   1.968482     9.3914    -1.9543      0.829     1.4617     0.9033 -9.990e-29
 283.540648      0.844   1.835910     9.3955    -1.9540      0.837     1.3580     0.8216 -9.990e-29
 283.540654      0.846   1.721957     9.3997    -1.9536      0.839     1.2693     0.7516 -9.990e-29
 283.540660      0.844   1.635947     9.4057    -1.9533      0.837     1.2025     0.6987 -9.990e-29
 283.540666      0.840   1.577900     9.4132    -1.9536      0.833     1.1575     0.6627 -9.990e-29
 283.540671      0.845   1.587886     9.4194    -1.9539      0.838     1.1650     0.6680 -9.990e-29
 283.540677      0.856   1.666483     9.4228    -1.9540      0.849     1.2256     0.7153 -9.990e-29
 283.540683      0.868   1.772207     9.4239    -1.9549      0.861     1.3075     0.7795 -9.990e-29
 283.540689      0.876   1.864266     9.4248    -1.9551      0.869     1.3790     0.8356 -9.990e-29
 283.540694      0.882   1.898600     9.4291    -1.9545      0.875     1.4056     0.8561 -9.990e-29
 283.540700      0.884   1.871114     9.4385    -1.9541      0.877     1.3838     0.8382 -9.990e-29
 283.540706      0.884   1.813325     9.4514    -1.9545      0.877     1.3384     0.8015 -9.990e-29
 283.540712      0.881   1.757943     9.4668    -1.9548      0.874     1.2949     0.7660 -9.990e-29
 283.540718      0.875   1.707108     9.4840    -1.9550      0.868     1.2549     0.7332 -9.990e-29
 283.540723      0.870   1.637371     9.5000    -1.9549      0.863     1.2005     0.6891 -9.990e-29
 283.540729      0.870   1.541018     9.5133    -1.9549      0.863     1.1260     0.6295 -9.990e-29
 283.540735      0.872   1.439147     9.5243    -1.9550      0.865     1.0476     0.5670 -9.990e-29
 283.540741      0.874   1.342202     9.5354    -1.9549      0.867     0.9734     0.5078 -9.990e-29
 283.540747      0.881   1.251112     9.5469    -1.9551      0.874     0.9039     0.4523 -9.990e-29
 283.540752      0.890   1.181807     9.5556    -1.9549      0.883     0.8514     0.4102 -9.990e-29
 283.540758      0.896   1.138819     9.5598    -1.9532      0.889     0.8189     0.3844 -9.990e-29
 283.540764      0.901   1.106929     9.5618    -1.9518      0.893     0.7948     0.3653 -9.990e-29
 283.540770      0.905   1.074633     9.5627    -1.9511      0.897     0.7706     0.3462 -9.990e-29
 283.540775      0.907   1.044842     9.5623    -1.9507      0.899     0.7483     0.3286 -9.990e-29
 283.540781      0.907   1.027127     9.5607    -1.9504      0.899     0.7350     0.3184 -9.990e-29
 283.540787      0.907   1.024455     9.5583    -1.9503      0.899     0.7331     0.3170 -9.990e-29
 283.540793      0.906   1.031045     9.5565    -1.9502      0.898     0.7380     0.3211 -9.990e-29
 283.540799      0.903   1.043500     9.5583    -1.9498      0.895     0.7473     0.3283 -9.990e-29
 283.540804      0.899   1.057377     9.5682    -1.9495      0.891     0.7575     0.3354 -9.990e-29
 283.540810      0.894   1.065146     9.5875    -1.9498      0.887     0.7629     0.3381 -9.990e-29
 283.540816      0.891   1.069409     9.6103    -1.9503      0.884     0.7657     0.3383 -9.990e-29
 283.540822      0.894   1.074189     9.6305    -1.9498      0.887     0.7688     0.3390 -9.990e-29
 283.540828      0.899   1.072011     9.6467    -1.9494      0.891     0.7668     0.3361 -9.990e-29
 283.540833      0.903   1.055538     9.6589    -1.9486      0.895     0.7543     0.3252 -9.990e-29
 283.540839      0.906   1.029394     9.6679    -1.9478      0.898     0.7346     0.3089 -9.990e-29
 283.540845      0.907   1.003026     9.6756    -1.9470      0.899     0.7148     0.2927 -9.990e-29
 283.540851      0.907   0.980600     9.6825    -1.9464      0.899     0.6979     0.2789 -9.990e-29
 283.540856      0.906   0.962677     9.6867    -1.9461      0.898     0.6845     0.2680 -9.990e-29
 283.540862      0.904   0.949729     9.6875    -1.9456      0.896     0.6749     0.2603 -9.990e-29
 283.540868      0.900   0.939998     9.6886    -1.9454      0.892     0.6677     0.2546 -9.990e-29
 283.540874      0.895   0.930477     9.6943    -1.9452      0.888     0.6605     0.2484 -9.990e-29
 283.540880      0.893   0.921761     9.7050    -1.9454      0.886     0.6539     0.2423 -9.990e-29
 283.540885      0.896   0.915520     9.7198    -1.9418      0.889     0.6490     0.2372 -9.990e-29
 283.540891      0.903   0.910077     9.7364    -1.9398      0.895     0.6447     0.2324 -9.990e-29
 283.540897      0.908   0.903712     9.7525    -1.9374      0.900     0.6397     0.2270 -9.990e-29
 283.540903      0.911   0.896800     9.7661    -1.9388      0.903     0.6343     0.2217 -9.990e-29
 283.540909      0.914   0.889537     9.7770    -1.9400      0.906     0.6288     0.2164 -9.990e-29
 283.540914      0.916   0.882208     9.7858    -1.9408      0.908     0.6232     0.2112 -9.990e-29
 283.540920      0.918   0.876669     9.7923    -1.9409      0.910     0.6190     0.2074 -9.990e-29
 283.540926      0.919   0.874949     9.7967    -1.9408      0.911     0.6177     0.2059 -9.990e-29
 283.540932      0.920   0.880291     9.7998    -1.9319      0.912     0.6216     0.2087 -9.990e-29
 283.540937      0.921   0.906463     9.8029    -1.9316      0.913     0.6408     0.2236 -9.990e-29
 283.540943      0.922   1.000545     9.8072    -1.9244      0.914     0.7104     0.2778 -9.990e-29
 283.540949      0.922   1.173877     9.8125    -1.9262      0.914     0.8395     0.3787 -9.990e-29
 283.540955      0.922   1.349606     9.8182    -1.9272      0.914     0.9714     0.4818 -9.990e-29
 283.540961      0.922   1.438528     9.8232    -1.9280      0.914     1.0386     0.5341 -9.990e-29
 283.540966      0.922   1.410171     9.8286    -1.9327      0.914     1.0169     0.5166 -9.990e-29
 283.540972      0.921   1.326455     9.8346    -1.9359      0.913     0.9536     0.4663 -9.990e-29
 283.540978      0.920   1.264675     9.8379    -1.9375      0.912     0.9070     0.4295 -9.990e-29
 283.540984      0.919   1.279838     9.8381    -1.9357      0.911     0.9184     0.4384 -9.990e-29
 283.540990      0.918   1.482452     9.8392    -1.9234      0.910     1.0714     0.5584 -9.990e-29
 283.540995      0.916   1.850100     9.8422    -1.9274      0.908     1.3524     0.7784 -9.990e-29
 283.541001      0.914   2.212503     9.8433    -1.9307      0.906     1.6330     0.9982 -9.990e-29
 283.541007      0.910   2.468158     9.8400    -1.9324      0.902     1.8331     1.1551 -9.990e-29
 283.541013      0.906   2.548803     9.8347    -1.9341      0.898     1.8967     1.2054 -9.990e-29
 283.541019      0.901   2.490467     9.8298    -1.9353      0.893     1.8511     1.1702 -9.990e-29
 283.541024      0.894   2.339570     9.8269    -1.9362      0.887     1.7329     1.0779 -9.990e-29
 283.541030      0.889   2.101136     9.8286    -1.9371      0.882     1.5470     0.9321 -9.990e-29
 283.541036      0.891   1.888499     9.8355    -1.9374      0.884     1.3822     0.8024 -9.990e-29
 283.541042      0.894   1.834374     9.8440    -1.9370      0.887     1.3402     0.7687 -9.990e-29
 283.541047      0.896   2.032843     9.8503    -1.9371      0.889     1.4932     0.8880 -9.990e-29
 283.541053      0.896   2.312831     9.8546    -1.9366      0.889     1.7107     1.0580 -9.990e-29
 283.541059      0.894   2.340924     9.8571    -1.9357      0.887     1.7326     1.0749 -9.990e-29
 283.541065      0.890   2.154645     9.8578    -1.9342      0.883     1.5873     0.9611 -9.990e-29
 283.541071      0.884   1.956324     9.8576    -1.9336      0.877     1.4337     0.8408 -9.990e-29
 283.541076      0.875   1.790818     9.8566    -1.9332      0.868     1.3063     0.7410 -9.990e-29
 283.541082      0.864   1.659123     9.8564    -1.9329      0.857     1.2054     0.6620 -9.990e-29
 283.541088      0.852   1.559645     9.8610    -1.9326      0.845     1.1294     0.6020 -9.990e-29
 283.541094      0.845   1.485523     9.8703    -1.9316      0.838     1.0728     0.5568 -9.990e-29
 283.541100      0.841   1.428792     9.8814    -1.9302      0.834     1.0296     0.5218 -9.990e-29
 283.541105      0.844   1.383617     9.8948    -1.9291      0.837     0.9951     0.4936 -9.990e-29
 283.541111      0.856   1.351813     9.9112    -1.9284      0.849     0.9706     0.4729 -9.990e-29
 283.541117      0.867   1.338063     9.9277    -1.9280      0.860     0.9599     0.4630 -9.990e-29
 283.541123      0.874   1.342869     9.9419    -1.9280      0.867     0.9631     0.4643 -9.990e-29
 283.541128      0.878   1.358787     9.9549    -1.9276      0.871     0.9747     0.4722 -9.990e-29
 283.541134      0.880   1.368815     9.9696    -1.9271      0.873     0.9819     0.4765 -9.990e-29
 283.541140      0.878   1.361392     9.9888    -1.9265      0.871     0.9758     0.4700 -9.990e-29
 283.541146      0.874   1.337148    10.0137    -1.9259      0.867     0.9569     0.4529 -9.990e-29
 283.541152      0.870   1.303089    10.0417    -1.9256      0.863     0.9307     0.4298 -9.990e-29
 283.541157      0.871   1.269200    10.0680    -1.9251      0.864     0.9047     0.4070 -9.990e-29
 283.541163      0.874   1.239600    10.0892    -1.9246      0.867     0.8821     0.3873 -9.990e-29
 283.541169      0.873   1.211380    10.1048    -1.9246      0.866     0.8607     0.3691 -9.990e-29
 283.541175      0.869   1.182368    10.1172    -1.9238      0.862     0.8388     0.3508 -9.990e-29
 283.541181      0.865   1.153207    10.1300    -1.9235      0.858     0.8169     0.3325 -9.990e-29
 283.541186      0.867   1.126005    10.1439    -1.9236      0.860     0.7964     0.3151 -9.990e-29
 283.541192      0.869   1.102712    10.1580    -1.9234      0.862     0.7789     0.3001 -9.990e-29
 283.541198      0.867   1.083842    10.1713    -1.9232      0.860     0.7647     0.2877 -9.990e-29
 283.541204      0.862   1.068053    10.1836    -1.9227      0.855     0.7528     0.2772 -9.990e-29
 283.541209      0.856   1.053122    10.1961    -1.9227      0.849     0.7415     0.2673 -9.990e-29
 283.541215      0.855   1.037973    10.2079    -1.9225      0.848     0.7302     0.2572 -9.990e-29
 283.541221      0.854   1.021793    10.2186    -1.9228      0.847     0.7181     0.2468 -9.990e-29
 283.541227      0.849   1.005162    10.2291    -1.9227      0.842     0.7057     0.2360 -9.990e-29
 283.541233      0.839   0.990828    10.2374    -1.9221      0.832     0.6950     0.2269 -9.990e-29
 283.541238      0.827   0.979064    10.2433    -1.9215      0.820     0.6863     0.2195 -9.990e-29
 283.541244      0.822   0.967474    10.2491    -1.9209      0.815     0.6777     0.2122 -9.990e-29
 283.541250      0.828   0.955558    10.2561    -1.9211      0.821     0.6688     0.2046 -9.990e-29
 283.541256      0.840   0.945702    10.2635    -1.9214      0.833     0.6615     0.1982 -9.990e-29
 283.541262      0.852   0.938059    10.2697    -1.9210      0.845     0.6558     0.1932 -9.990e-29
 283.541267      0.859   0.929082    10.2737    -1.9199      0.852     0.6492     0.1876 -9.990e-29
 283.541273      0.861   0.916770    10.2762    -1.9198      0.854     0.6402     0.1803 -9.990e-29
 283.541279      0.860   0.904090    10.2808    -1.9200      0.853     0.6309     0.1725 -9.990e-29
 283.541285      0.854   0.896285    10.2892    -1.9203      0.847     0.6250     0.1672 -9.990e-29
 283.541291      0.844   0.894027    10.3002    -1.9207      0.837     0.6232     0.1647 -9.990e-29
 283.541296      0.833   0.891534    10.3101    -1.9204      0.826     0.6212     0.1622 -9.990e-29
 283.541302      0.828   0.882710    10.3155    -1.9200      0.821     0.6147     0.1566 -9.990e-29
 283.541308      0.835   0.867974    10.3192    -1.9198      0.828     0.6040     0.1478 -9.990e-29
 283.541314      0.849   0.854259    10.3268    -1.9202      0.842     0.5939     0.1392 -9.990e-29
 283.541319      0.863   0.847645    10.3369    -1.9207      0.856     0.5889     0.1344 -9.990e-29
 283.541325      0.872   0.845404    10.3432    -1.9213      0.865     0.5872     0.1324 -9.990e-29
 283.541331      0.878   0.840671    10.3441    -1.9219      0.871     0.5838     0.1297 -9.990e-29
 283.541337      0.882   0.832674    10.3425    -1.9226      0.875     0.5780     0.1253 -9.990e-29
 283.541343      0.882   0.823486    10.3415    -1.9233      0.875     0.5714     0.1202 -9.990e-29
 283.541348      0.880   0.814144    10.3438    -1.9239      0.873     0.5646     0.1146 -9.990e-29
 283.541354      0.879   0.807146    10.3481    -1.9247      0.872     0.5595     0.1102 -9.990e-29
 283.541360      0.884   0.803127    10.3499    -1.9250      0.877     0.5565     0.1077 -9.990e-29
 283.541366      0.891   0.798390    10.3459    -1.9251      0.884     0.5532     0.1055 -9.990e-29
 283.541372      0.895   0.791045    10.3371    -1.9250      0.888     0.5480     0.1023 -9.990e-29
