data/oxygen options/ONMS/Olympic_Coast_National_Marine_Sanctuary_CTD_Data_2005_2023/raw_data/2012/CAST_CE042_120830faed.cnv
* Sea-Bird SBE19 Data File:
* FileName = C:\Documents and Settings\OCNMS\Desktop\2012 mooring data\2nd service\CAST_CE042_120830.hex
* Software Version 1.25
* Temperature SN = 2997
* Conductivity SN = 2997
* System UpLoad Time = Aug 30 2012 13:05:59
** CAST_CE042_120830
* SEACAT PROFILER V3.1c SN 2997   08/30/12  13:04:58.662
# nquan = 9                                 
# nvalues = 1446                        
# units = specified
# name 0 = timeJ: Julian Days
# name 1 = prSM: Pressure, Strain Gauge [db]
# name 2 = c0mS/cm: Conductivity [mS/cm]
# name 3 = t090C: Temperature [ITS-90, deg C]
# name 4 = sbeox0ML/L: Oxygen, SBE 43 [ml/l]
# name 5 = depSM: Depth [salt water, m], lat = 47.5
# name 6 = sal00: Salinity, Practical [PSU]
# name 7 = sigma-é00: Density [sigma-theta, kg/m^3]
# name 8 = flag: flag
# span 0 = 243.432859, 243.441221       
# span 1 =     -5.222,     42.546       
# span 2 =   0.048400,  38.689967       
# span 3 =     7.3538,    13.6478       
# span 4 =   -13.8695,    17.4112       
# span 5 =     -5.178,     42.187       
# span 6 =     0.0320,    33.7025       
# span 7 =    -0.6595,    26.3441       
# span 8 = 0.0000e+00, 0.0000e+00       
# interval = seconds: 0.5
# start_time = Aug 30 2012 10:23:19 [Instrument's time stamp, header]
# bad_flag = -9.990e-29
*END*
[from data line 961]
 243.438420      1.383  38.643709    13.5949     7.7033      1.371    32.2857    24.1728 -9.990e-29
 243.438426      1.390  38.643759    13.5947     7.7094      1.378    32.2859    24.1730 -9.990e-29
 243.438432      1.397  38.644016    13.5941     7.7182      1.385    32.2867    24.1737 -9.990e-29
 243.438437      1.400  38.644402    13.5934     7.7337      1.388    32.2876    24.1746 -9.990e-29
 243.438443      1.403  38.644803    13.5932     7.7471      1.391    32.2882    24.1750 -9.990e-29
 243.438449      1.410  38.645262    13.5937     7.7474      1.398    32.2882    24.1749 -9.990e-29
 243.438455      1.419  38.645670    13.5944     7.7383      1.407    32.2879    24.1746 -9.990e-29
 243.438461      1.424  38.646015    13.5953     7.7280      1.412    32.2875    24.1741 -9.990e-29
 243.438466      1.427  38.646548    13.5965     7.7219      1.415    32.2870    24.1735 -9.990e-29
 243.438472      1.428  38.647951    13.5976     7.7231      1.416    32.2874    24.1735 -9.990e-29
 243.438478      1.427  38.649824    13.5984     7.7135      1.415    32.2884    24.1742 -9.990e-29
 243.438484      1.424  38.650712    13.5986     7.7171      1.412    32.2891    24.1747 -9.990e-29
 243.438490      1.418  38.650649    13.5987     7.7248      1.406    32.2889    24.1745 -9.990e-29
 243.438495      1.409  38.650642    13.5989     7.7355      1.397    32.2888    24.1744 -9.990e-29
 243.438501      1.400  38.651213    13.5991     7.7351      1.388    32.2891    24.1746 -9.990e-29
 243.438507      1.397  38.651971    13.5995     7.7350      1.385    32.2895    24.1748 -9.990e-29
 243.438513      1.394  38.652218    13.6001     7.7323      1.382    32.2892    24.1745 -9.990e-29
 243.438519      1.386  38.652252    13.6008     7.7372      1.374    32.2887    24.1739 -9.990e-29
 243.438524      1.373  38.652648    13.6013     7.7456      1.362    32.2886    24.1738 -9.990e-29
 243.438530      1.359  38.653344    13.6017     7.7498      1.348    32.2889    24.1739 -9.990e-29
 243.438536      1.351  38.653558    13.6019     7.7498      1.340    32.2890    24.1739 -9.990e-29
 243.438542      1.353  38.652426    13.6021     7.7456      1.342    32.2877    24.1729 -9.990e-29
 243.438547      1.361  38.651210    13.6023     7.7227      1.350    32.2864    24.1719 -9.990e-29
 243.438553      1.367  38.651062    13.6026     7.7031      1.356    32.2861    24.1715 -9.990e-29
 243.438559      1.366  38.651192    13.6030     7.6879      1.355    32.2858    24.1713 -9.990e-29
 243.438565      1.364  38.651743    13.6032     7.6958      1.353    32.2862    24.1715 -9.990e-29
 243.438571      1.364  38.652860    13.6033     7.7084      1.353    32.2871    24.1722 -9.990e-29
 243.438576      1.361  38.654321    13.6040     7.7234      1.350    32.2879    24.1727 -9.990e-29
 243.438582      1.357  38.657486    13.6058     7.7289      1.346    32.2893    24.1734 -9.990e-29
 243.438588      1.358  38.662063    13.6075     7.7388      1.347    32.2922    24.1752 -9.990e-29
 243.438594      1.366  38.664601    13.6081     7.7480      1.355    32.2940    24.1765 -9.990e-29
 243.438600      1.372  38.663971    13.6081     7.7422      1.361    32.2934    24.1761 -9.990e-29
 243.438605      1.377  38.661544    13.6080     7.7206      1.366    32.2912    24.1744 -9.990e-29
 243.438611      1.384  38.658535    13.6078     7.6899      1.372    32.2886    24.1724 -9.990e-29
 243.438617      1.391  38.656505    13.6077     7.6766      1.379    32.2868    24.1711 -9.990e-29
 243.438623      1.393  38.655518    13.6078     7.6870      1.381    32.2858    24.1703 -9.990e-29
 243.438628      1.391  38.655349    13.6076     7.7267      1.379    32.2858    24.1703 -9.990e-29
 243.438634      1.385  38.656864    13.6070     7.7442      1.373    32.2877    24.1719 -9.990e-29
 243.438640      1.373  38.658690    13.6050     7.7582      1.362    32.2911    24.1749 -9.990e-29
 243.438646      1.360  38.656511    13.5998     7.7587      1.349    32.2935    24.1778 -9.990e-29
 243.438652      1.353  38.647952    13.5920     7.7482      1.342    32.2921    24.1783 -9.990e-29
 243.438657      1.356  38.637257    13.5851     7.7449      1.345    32.2880    24.1765 -9.990e-29
 243.438663      1.365  38.630866    13.5827     7.7447      1.354    32.2841    24.1740 -9.990e-29
 243.438669      1.373  38.631990    13.5860     7.7564      1.362    32.2823    24.1720 -9.990e-29
 243.438675      1.379  38.638172    13.5911     7.7721      1.367    32.2838    24.1721 -9.990e-29
 243.438681      1.388  38.643621    13.5929     7.7729      1.376    32.2873    24.1744 -9.990e-29
 243.438686      1.396  38.645488    13.5910     7.7540      1.384    32.2907    24.1774 -9.990e-29
 243.438692      1.401  38.642872    13.5886     7.7351      1.389    32.2902    24.1776 -9.990e-29
 243.438698      1.401  38.638977    13.5877     7.7212      1.389    32.2874    24.1755 -9.990e-29
 243.438704      1.397  38.638104    13.5878     7.7412      1.385    32.2865    24.1748 -9.990e-29
 243.438709      1.390  38.638497    13.5868     7.7538      1.378    32.2877    24.1760 -9.990e-29
 243.438715      1.382  38.638409    13.5841     7.7583      1.370    32.2899    24.1782 -9.990e-29
 243.438721      1.381  38.638254    13.5814     7.7441      1.369    32.2920    24.1804 -9.990e-29
 243.438727      1.388  38.638356    13.5807     7.7197      1.376    32.2927    24.1811 -9.990e-29
 243.438733      1.395  38.638822    13.5827     7.7161      1.383    32.2915    24.1797 -9.990e-29
 243.438738      1.397  38.639681    13.5862     7.7250      1.385    32.2893    24.1773 -9.990e-29
 243.438744      1.395  38.641488    13.5897     7.7421      1.383    32.2880    24.1756 -9.990e-29
 243.438750      1.389  38.644381    13.5920     7.7554      1.377    32.2888    24.1758 -9.990e-29
 243.438756      1.382  38.647147    13.5928     7.7490      1.370    32.2907    24.1771 -9.990e-29
 243.438762      1.383  38.647843    13.5922     7.7370      1.371    32.2918    24.1781 -9.990e-29
 243.438767      1.392  38.646248    13.5912     7.7307      1.380    32.2912    24.1778 -9.990e-29
 243.438773      1.400  38.644687    13.5911     7.7349      1.388    32.2898    24.1767 -9.990e-29
 243.438779      1.404  38.646089    13.5926     7.7402      1.392    32.2899    24.1765 -9.990e-29
 243.438785      1.405  38.649493    13.5949     7.7492      1.393    32.2911    24.1770 -9.990e-29
 243.438791      1.402  38.651563    13.5957     7.7487      1.390    32.2923    24.1778 -9.990e-29
 243.438796      1.400  38.651667    13.5952     7.7453      1.388    32.2929    24.1783 -9.990e-29
 243.438802      1.401  38.651596    13.5951     7.7374      1.389    32.2929    24.1783 -9.990e-29
 243.438808      1.404  38.652346    13.5955     7.7202      1.392    32.2932    24.1785 -9.990e-29
 243.438814      1.402  38.653206    13.5960     7.7160      1.390    32.2936    24.1787 -9.990e-29
 243.438819      1.397  38.654173    13.5970     7.7057      1.385    32.2937    24.1785 -9.990e-29
 243.438825      1.392  38.655945    13.5997     7.7088      1.380    32.2930    24.1775 -9.990e-29
 243.438831      1.395  38.659175    13.6036     7.7208      1.383    32.2927    24.1765 -9.990e-29
 243.438837      1.406  38.661977    13.6064     7.7249      1.394    32.2930    24.1761 -9.990e-29
 243.438843      1.418  38.663017    13.6082     7.7301      1.406    32.2924    24.1753 -9.990e-29
 243.438848      1.428  38.665331    13.6100     7.7290      1.416    32.2931    24.1754 -9.990e-29
 243.438854      1.435  38.669733    13.6122     7.7205      1.423    32.2953    24.1767 -9.990e-29
 243.438860      1.441  38.674221    13.6159     7.7126      1.429    32.2963    24.1768 -9.990e-29
 243.438866      1.445  38.677466    13.6199     7.7047      1.433    32.2960    24.1757 -9.990e-29
 243.438872      1.448  38.678161    13.6211     7.7043      1.436    32.2956    24.1752 -9.990e-29
 243.438877      1.450  38.676085    13.6202     7.7023      1.438    32.2944    24.1744 -9.990e-29
 243.438883      1.451  38.674042    13.6200     7.7056      1.439    32.2927    24.1731 -9.990e-29
 243.438889      1.451  38.674320    13.6210     7.7084      1.439    32.2921    24.1725 -9.990e-29
 243.438895      1.450  38.675580    13.6221     7.7098      1.438    32.2924    24.1725 -9.990e-29
 243.438900      1.449  38.676671    13.6222     7.7128      1.437    32.2933    24.1732 -9.990e-29
 243.438906      1.447  38.676777    13.6213     7.7264      1.435    32.2941    24.1740 -9.990e-29
 243.438912      1.443  38.674887    13.6207     7.7293      1.431    32.2929    24.1732 -9.990e-29
 243.438918      1.439  38.673496    13.6210     7.7234      1.427    32.2914    24.1719 -9.990e-29
 243.438924      1.433  38.674639    13.6217     7.7186      1.421    32.2918    24.1721 -9.990e-29
 243.438929      1.429  38.676451    13.6224     7.7312      1.417    32.2929    24.1728 -9.990e-29
 243.438935      1.432  38.677956    13.6226     7.7445      1.420    32.2942    24.1737 -9.990e-29
 243.438941      1.437  38.678329    13.6223     7.7500      1.425    32.2948    24.1743 -9.990e-29
 243.438947      1.441  38.677478    13.6222     7.7458      1.429    32.2940    24.1737 -9.990e-29
 243.438953      1.443  38.677039    13.6219     7.7304      1.431    32.2939    24.1737 -9.990e-29
 243.438958      1.443  38.675274    13.6205     7.7271      1.431    32.2934    24.1736 -9.990e-29
 243.438964      1.443  38.669800    13.6180     7.7305      1.431    32.2904    24.1718 -9.990e-29
 243.438970      1.441  38.664496    13.6162     7.7259      1.429    32.2870    24.1695 -9.990e-29
 243.438976      1.438  38.664584    13.6162     7.7259      1.426    32.2871    24.1696 -9.990e-29
 243.438981      1.433  38.666789    13.6155     7.7246      1.421    32.2898    24.1718 -9.990e-29
 243.438987      1.430  38.665616    13.6119     7.7332      1.418    32.2917    24.1740 -9.990e-29
 243.438993      1.434  38.661714    13.6067     7.7461      1.422    32.2925    24.1757 -9.990e-29
 243.438999      1.441  38.657694    13.6026     7.7607      1.429    32.2922    24.1763 -9.990e-29
 243.439005      1.446  38.654327    13.5991     7.7620      1.434    32.2920    24.1768 -9.990e-29
 243.439010      1.450  38.648214    13.5918     7.7560      1.438    32.2925    24.1787 -9.990e-29
 243.439016      1.453  38.636217    13.5801     7.7561      1.441    32.2912    24.1800 -9.990e-29
 243.439022      1.456  38.625279    13.5728     7.7523      1.444    32.2872    24.1784 -9.990e-29
 243.439028      1.458  38.625437    13.5750     7.7530      1.446    32.2855    24.1766 -9.990e-29
 243.439034      1.460  38.632384    13.5796     7.7449      1.448    32.2881    24.1777 -9.990e-29
 243.439039      1.461  38.633504    13.5784     7.7281      1.449    32.2901    24.1795 -9.990e-29
 243.439045      1.463  38.626899    13.5711     7.7254      1.451    32.2901    24.1810 -9.990e-29
 243.439051      1.464  38.619421    13.5642     7.7216      1.452    32.2890    24.1815 -9.990e-29
 243.439057      1.466  38.617875    13.5630     7.7199      1.454    32.2886    24.1814 -9.990e-29
 243.439063      1.467  38.622972    13.5665     7.7295      1.455    32.2904    24.1821 -9.990e-29
 243.439068      1.469  38.628589    13.5692     7.7193      1.457    32.2933    24.1839 -9.990e-29
 243.439074      1.472  38.630420    13.5685     7.7082      1.460    32.2956    24.1858 -9.990e-29
 243.439080      1.475  38.629198    13.5668     7.7128      1.463    32.2959    24.1863 -9.990e-29
 243.439086      1.479  38.627746    13.5666     7.7267      1.467    32.2947    24.1855 -9.990e-29
 243.439091      1.483  38.626897    13.5670     7.7499      1.471    32.2936    24.1845 -9.990e-29
 243.439097      1.489  38.624931    13.5654     7.7558      1.477    32.2931    24.1845 -9.990e-29
 243.439103      1.501  38.620877    13.5617     7.7557      1.488    32.2925    24.1847 -9.990e-29
 243.439109      1.524  38.618265    13.5591     7.7550      1.511    32.2922    24.1850 -9.990e-29
 243.439115      1.556  38.621424    13.5600     7.7506      1.543    32.2944    24.1865 -9.990e-29
 243.439120      1.593  38.628935    13.5630     7.7422      1.580    32.2988    24.1894 -9.990e-29
 243.439126      1.638  38.635094    13.5656     7.7263      1.624    32.3023    24.1916 -9.990e-29
 243.439132      1.694  38.636876    13.5675     7.7279      1.680    32.3024    24.1912 -9.990e-29
 243.439138      1.765  38.636822    13.5698     7.7141      1.750    32.3004    24.1892 -9.990e-29
 243.439144      1.855  38.637630    13.5736     7.7105      1.840    32.2979    24.1865 -9.990e-29
 243.439149      1.971  38.641047    13.5791     7.7155      1.955    32.2963    24.1842 -9.990e-29
 243.439155      2.118  38.647034    13.5840     7.7248      2.100    32.2977    24.1843 0.0000e+00
 243.439161      2.298  38.652448    13.5862     7.7684      2.279    32.3008    24.1863 0.0000e+00
 243.439167      2.502  38.655444    13.5861     7.7445      2.481    32.3036    24.1884 0.0000e+00
 243.439172      2.724  38.656559    13.5819     7.7049      2.701    32.3081    24.1928 0.0000e+00
 243.439178      2.976  38.656620    13.5678     7.6711      2.951    32.3200    24.2048 0.0000e+00
 243.439184      3.263  38.654488    13.5503     7.6179      3.236    32.3327    24.2182 0.0000e+00
 243.439190      3.575  38.651704    13.5439     7.5609      3.545    32.3354    24.2215 0.0000e+00
 243.439196      3.897  38.650055    13.5407     7.4940      3.864    32.3365    24.2230 0.0000e+00
 243.439201      4.232  38.640516    13.5223     7.4306      4.197    32.3430    24.2318 0.0000e+00
 243.439207      4.589  38.611948    13.4610     7.3777      4.551    32.3682    24.2635 0.0000e+00
 243.439213      4.974  38.537930    13.3499     7.3516      4.932    32.3932    24.3051 0.0000e+00
 243.439219      5.393  38.423318    13.2411     7.3244      5.348    32.3782    24.3151 0.0000e+00
 243.439225      5.848  38.334812    13.1695     7.2777      5.799    32.3559    24.3121 0.0000e+00
 243.439230      6.325  38.290979    13.1239     7.2134      6.272    32.3533    24.3191 0.0000e+00
 243.439236      6.807  38.262947    13.0915     7.1466      6.750    32.3544    24.3263 0.0000e+00
 243.439242      7.291  38.241802    13.0679     7.0805      7.230    32.3544    24.3310 0.0000e+00
 243.439248      7.781  38.227258    13.0493     7.0334      7.716    32.3564    24.3362 0.0000e+00
 243.439253      8.283  38.216065    13.0312     6.9705      8.214    32.3611    24.3434 0.0000e+00
 243.439259      8.803  38.204961    13.0106     6.8914      8.729    32.3680    24.3528 0.0000e+00
 243.439265      9.341  38.195285    12.9853     6.8075      9.263    32.3803    24.3672 0.0000e+00
 243.439271      9.887  38.188599    12.9539     6.7246      9.804    32.4006    24.3891 0.0000e+00
 243.439277     10.433  38.186532    12.9168     6.6491     10.346    32.4302    24.4193 0.0000e+00
 243.439282     10.976  38.189585    12.8733     6.5675     10.884    32.4702    24.4588 0.0000e+00
 243.439288     11.515  38.192762    12.8254     6.4723     11.419    32.5142    24.5022 0.0000e+00
 243.439294     12.048  38.190666    12.7755     6.3894     11.947    32.5550    24.5435 0.0000e+00
 243.439300     12.568  38.178715    12.7166     6.3197     12.463    32.5943    24.5853 0.0000e+00
 243.439306     13.075  38.152634    12.6415     6.2694     12.965    32.6343    24.6308 0.0000e+00
 243.439311     13.571  38.108912    12.5544     6.1974     13.457    32.6679    24.6737 0.0000e+00
 243.439317     14.062  38.043489    12.4738     6.1061     13.944    32.6753    24.6948 0.0000e+00
 243.439323     14.549  37.968748    12.4095     5.9858     14.427    32.6595    24.6949 0.0000e+00
 243.439329     15.028  37.903126    12.3423     5.8535     14.902    32.6549    24.7041 0.0000e+00
 243.439334     15.501  37.844730    12.2622     5.7457     15.371    32.6684    24.7298 0.0000e+00
