data/oxygen options/ONMS/Olympic_Coast_National_Marine_Sanctuary_CTD_Data_2005_2023/raw_data/2012/CAST_CE015_120524faed.cnv
* Sea-Bird SBE19 Data File:
* FileName = C:\Documents and Settings\OCNMS\Desktop\2012 mooring data\Deployment May\CAST_CE015_120524.hex
* Software Version 1.25
* Temperature SN = 2997
* Conductivity SN = 2997
* System UpLoad Time = May 24 2012 19:36:01
** CAST_CE015_120524
* SEACAT PROFILER V3.1c SN 2997   05/24/12  19:34:22.105
# nquan = 9                                 
# nvalues = 1088                        
# units = specified
# name 0 = timeJ: Julian Days
# name 1 = prSM: Pressure, Strain Gauge [db]
# name 2 = c0mS/cm: Conductivity [mS/cm]
# name 3 = t090C: Temperature [ITS-90, deg C]
# name 4 = sbeox0ML/L: Oxygen, SBE 43 [ml/l]
# name 5 = depSM: Depth [salt water, m], lat = 47.5
# name 6 = sal00: Salinity, Practical [PSU]
# name 7 = sigma-é00: Density [sigma-theta, kg/m^3]
# name 8 = flag: flag
# span 0 = 145.553391, 145.559682       
# span 1 =     -5.707,     10.713       
# span 2 =   0.037375,  33.197719       
# span 3 =    10.8750,    12.9435       
# span 4 =    -1.8556,    17.8686       
# span 5 =     -5.659,     10.623       
# span 6 =     0.0258,    29.3246       
# span 7 =    -0.5936,    22.3814       
# span 8 = 0.0000e+00, 0.0000e+00       
# interval = seconds: 0.5
# start_time = May 24 2012 13:16:53 [Instrument's time stamp, header]
# bad_flag = -9.990e-29
*END*
[from data line 961]
 145.558953      9.766  32.726784    10.9314     6.8595      9.684    28.8203    21.9800 -9.990e-29
 145.558958      9.778  32.706418    10.9342     7.0384      9.696    28.7982    21.9624 -9.990e-29
 145.558964      9.775  32.679627    10.9345     7.0743      9.693    28.7719    21.9419 -9.990e-29
 145.558970      9.761  32.677304    10.9332     7.0260      9.679    28.7706    21.9411 -9.990e-29
 145.558976      9.726  32.658841    10.9351     6.9738      9.645    28.7512    21.9257 -9.990e-29
 145.558981      9.660  32.611958    10.9431     6.9697      9.579    28.6993    21.8840 -9.990e-29
 145.558987      9.572  32.539092    10.9587     6.9782      9.492    28.6162    21.8169 -9.990e-29
 145.558993      9.485  32.422584    10.9836     7.0134      9.406    28.4836    21.7096 -9.990e-29
 145.558999      9.425  32.241465    11.0103     7.0207      9.346    28.2870    21.5525 -9.990e-29
 145.559005      9.399  32.068321    11.0219     6.9938      9.320    28.1102    21.4132 -9.990e-29
 145.559010      9.399  32.061940    11.0164     6.9454      9.320    28.1082    21.4126 -9.990e-29
 145.559016      9.406  32.186965    11.0104     6.9655      9.327    28.2341    21.5114 -9.990e-29
 145.559022      9.405  32.244005    11.0136     7.0152      9.326    28.2870    21.5519 -9.990e-29
 145.559028      9.386  32.203888    11.0195     7.0576      9.307    28.2435    21.5172 -9.990e-29
 145.559034      9.362  32.155894    11.0198     7.0883      9.284    28.1967    21.4808 -9.990e-29
 145.559039      9.352  32.141855    11.0119     7.0921      9.274    28.1892    21.4762 -9.990e-29
 145.559045      9.359  32.201293    10.9991     7.1000      9.281    28.2567    21.5308 -9.990e-29
 145.559051      9.376  32.313271    10.9893     7.1226      9.298    28.3730    21.6228 -9.990e-29
 145.559057      9.395  32.379110    10.9842     7.1403      9.316    28.4409    21.6764 -9.990e-29
 145.559063      9.414  32.391441    10.9780     7.1442      9.335    28.4576    21.6905 -9.990e-29
 145.559068      9.436  32.419907    10.9686     7.1298      9.357    28.4926    21.7192 -9.990e-29
 145.559074      9.465  32.475047    10.9606     7.0950      9.386    28.5524    21.7670 -9.990e-29
 145.559080      9.489  32.518432    10.9577     7.0583      9.410    28.5969    21.8020 -9.990e-29
 145.559086      9.496  32.530104    10.9592     7.0464      9.417    28.6071    21.8097 -9.990e-29
 145.559091      9.487  32.513886    10.9623     7.0466      9.408    28.5889    21.7950 -9.990e-29
 145.559097      9.475  32.485122    10.9644     7.0624      9.396    28.5593    21.7717 -9.990e-29
 145.559103      9.471  32.465944    10.9642     7.0824      9.392    28.5408    21.7573 -9.990e-29
 145.559109      9.480  32.463829    10.9628     7.0866      9.401    28.5398    21.7568 -9.990e-29
 145.559115      9.498  32.467021    10.9624     7.0921      9.419    28.5432    21.7595 -9.990e-29
 145.559120      9.516  32.465235    10.9633     7.0888      9.436    28.5408    21.7575 -9.990e-29
 145.559126      9.533  32.460588    10.9649     7.0926      9.453    28.5350    21.7527 -9.990e-29
 145.559132      9.550  32.456417    10.9678     7.1145      9.470    28.5287    21.7474 -9.990e-29
 145.559138      9.566  32.445499    10.9712     7.1226      9.486    28.5154    21.7365 -9.990e-29
 145.559144      9.584  32.425614    10.9723     7.1135      9.504    28.4952    21.7206 -9.990e-29
 145.559149      9.609  32.421769    10.9683     7.1113      9.529    28.4946    21.7208 -9.990e-29
 145.559155      9.647  32.455171    10.9606     7.1231      9.566    28.5330    21.7519 -9.990e-29
 145.559161      9.691  32.506553    10.9539     7.1340      9.610    28.5882    21.7959 -9.990e-29
 145.559167      9.731  32.540309    10.9511     7.1373      9.650    28.6232    21.8236 -9.990e-29
 145.559172      9.762  32.548279    10.9511     7.1206      9.680    28.6310    21.8296 -9.990e-29
 145.559178      9.781  32.544466    10.9515     7.1204      9.699    28.6269    21.8264 -9.990e-29
 145.559184      9.794  32.537238    10.9510     7.1178      9.712    28.6203    21.8213 -9.990e-29
 145.559190      9.806  32.532095    10.9500     7.1200      9.724    28.6161    21.8182 -9.990e-29
 145.559196      9.817  32.535632    10.9484     7.1430      9.735    28.6207    21.8221 -9.990e-29
 145.559201      9.828  32.549785    10.9462     7.1292      9.746    28.6362    21.8345 -9.990e-29
 145.559207      9.836  32.564891    10.9450     7.1034      9.754    28.6519    21.8469 -9.990e-29
 145.559213      9.832  32.568078    10.9454     7.0744      9.750    28.6547    21.8490 -9.990e-29
 145.559219      9.817  32.560811    10.9464     7.0518      9.735    28.6468    21.8427 -9.990e-29
 145.559225      9.802  32.553014    10.9468     7.0532      9.720    28.6389    21.8365 -9.990e-29
 145.559230      9.798  32.551667    10.9459     7.0752      9.716    28.6383    21.8362 -9.990e-29
 145.559236      9.811  32.560031    10.9438     7.0923      9.729    28.6481    21.8442 -9.990e-29
 145.559242      9.833  32.581439    10.9417     7.1019      9.751    28.6706    21.8620 -9.990e-29
 145.559248      9.843  32.608061    10.9415     7.0917      9.761    28.6967    21.8823 -9.990e-29
 145.559253      9.829  32.616067    10.9437     7.0887      9.747    28.7027    21.8866 -9.990e-29
 145.559259      9.795  32.595432    10.9469     7.0991      9.713    28.6802    21.8685 -9.990e-29
 145.559265      9.750  32.561772    10.9499     7.0775      9.668    28.6451    21.8408 -9.990e-29
 145.559271      9.715  32.528449    10.9512     7.0325      9.634    28.6116    21.8146 -9.990e-29
 145.559277      9.703  32.508156    10.9497     7.0006      9.622    28.5930    21.8004 -9.990e-29
 145.559282      9.715  32.518641    10.9466     6.9741      9.634    28.6056    21.8107 -9.990e-29
 145.559288      9.737  32.545912    10.9445     6.9980      9.656    28.6338    21.8329 -9.990e-29
 145.559294      9.758  32.560845    10.9434     7.0332      9.676    28.6492    21.8451 -9.990e-29
 145.559300      9.776  32.572733    10.9402     7.0556      9.694    28.6633    21.8566 -9.990e-29
 145.559306      9.788  32.612558    10.9348     7.0597      9.706    28.7063    21.8909 -9.990e-29
 145.559311      9.789  32.662338    10.9329     7.0259      9.707    28.7563    21.9300 -9.990e-29
 145.559317      9.780  32.670895    10.9364     7.0266      9.698    28.7619    21.9338 -9.990e-29
 145.559323      9.760  32.638460    10.9403     7.0333      9.678    28.7272    21.9062 -9.990e-29
 145.559329      9.737  32.602422    10.9412     7.0611      9.656    28.6914    21.8783 -9.990e-29
 145.559334      9.722  32.581931    10.9389     7.0861      9.641    28.6733    21.8645 -9.990e-29
 145.559340      9.714  32.593912    10.9359     7.0953      9.633    28.6873    21.8759 -9.990e-29
 145.559346      9.699  32.623567    10.9363     7.0570      9.618    28.7159    21.8981 -9.990e-29
 145.559352      9.665  32.621438    10.9406     7.0274      9.584    28.7105    21.8931 -9.990e-29
 145.559358      9.612  32.593661    10.9459     7.0088      9.532    28.6793    21.8680 -9.990e-29
 145.559363      9.564  32.563680    10.9507     7.0064      9.484    28.6464    21.8416 -9.990e-29
 145.559369      9.543  32.539688    10.9529     7.0339      9.463    28.6213    21.8218 -9.990e-29
 145.559375      9.547  32.542899    10.9490     7.0303      9.467    28.6275    21.8272 -9.990e-29
 145.559381      9.560  32.586572    10.9412     7.0233      9.480    28.6761    21.8663 -9.990e-29
 145.559387      9.566  32.638261    10.9391     7.0132      9.486    28.7281    21.9071 -9.990e-29
 145.559392      9.551  32.634219    10.9460     7.0135      9.471    28.7187    21.8987 -9.990e-29
 145.559398      9.520  32.572992    10.9541     7.0331      9.440    28.6528    21.8461 -9.990e-29
 145.559404      9.487  32.515720    10.9557     7.0536      9.408    28.5958    21.8015 -9.990e-29
 145.559410      9.463  32.507546    10.9516     7.0722      9.384    28.5911    21.7985 -9.990e-29
 145.559416      9.452  32.538152    10.9471     7.0816      9.373    28.6244    21.8251 -9.990e-29
 145.559421      9.443  32.573348    10.9450     7.1356      9.364    28.6603    21.8534 -9.990e-29
 145.559427      9.419  32.590099    10.9450     7.1179      9.340    28.6766    21.8661 -9.990e-29
 145.559433      9.374  32.582764    10.9461     7.1230      9.296    28.6686    21.8597 -9.990e-29
 145.559439      9.314  32.566772    10.9483     7.1252      9.236    28.6513    21.8459 -9.990e-29
 145.559444      9.235  32.547691    10.9520     7.0451      9.158    28.6299    21.8286 -9.990e-29
 145.559450      9.127  32.511857    10.9576     6.9688      9.051    28.5907    21.7972 -9.990e-29
 145.559456      8.990  32.445099    10.9678     6.8973      8.915    28.5179    21.7390 0.0000e+00
 145.559462      8.821  32.336240    10.9870     6.9290      8.747    28.3973    21.6420 0.0000e+00
 145.559468      8.623  32.173387    11.0179     7.0706      8.551    28.2154    21.4956 0.0000e+00
 145.559473      8.405  31.939274    11.0680     7.2269      8.335    27.9505    21.2814 0.0000e+00
 145.559479      8.175  31.552404    11.1341     7.3946      8.107    27.5270    20.9417 0.0000e+00
 145.559485      7.927  31.067322    11.1964     7.5387      7.861    27.0142    20.5332 0.0000e+00
 145.559491      7.652  30.665069    11.2520     7.6478      7.588    26.5882    20.1935 0.0000e+00
 145.559497      7.360  30.306327    11.3063     7.7212      7.298    26.2066    19.8885 0.0000e+00
 145.559502      7.066  29.983971    11.3549     7.7414      7.007    25.8653    19.6157 0.0000e+00
 145.559508      6.782  29.742174    11.3941     7.7390      6.725    25.6083    19.4100 0.0000e+00
 145.559514      6.510  29.531612    11.4201     7.7387      6.456    25.3907    19.2370 0.0000e+00
 145.559520      6.243  29.398867    11.4343     7.7615      6.191    25.2553    19.1297 0.0000e+00
 145.559525      5.967  29.348246    11.4445     7.7844      5.917    25.2005    19.0856 0.0000e+00
 145.559531      5.686  29.321786    11.4555     7.8069      5.638    25.1681    19.0586 0.0000e+00
 145.559537      5.412  29.305485    11.4676     7.8480      5.367    25.1446    19.0384 0.0000e+00
 145.559543      5.149  29.292171    11.4791     7.8597      5.106    25.1243    19.0207 0.0000e+00
 145.559549      4.894  29.279778    11.4918     7.9012      4.853    25.1040    19.0030 0.0000e+00
 145.559554      4.639  29.266906    11.5118     7.9355      4.600    25.0784    18.9798 0.0000e+00
 145.559560      4.380  29.247600    11.5431     7.9630      4.343    25.0392    18.9442 0.0000e+00
 145.559566      4.119  29.216275    11.5822     7.9468      4.085    24.9834    18.8945 0.0000e+00
 145.559572      3.859  29.166988    11.6235     7.9009      3.827    24.9093    18.8302 0.0000e+00
 145.559578      3.605  29.087194    11.6631     7.8358      3.575    24.8079    18.7451 0.0000e+00
 145.559583      3.356  28.986887    11.7002     7.7801      3.328    24.6891    18.6469 0.0000e+00
 145.559589      3.102  28.881715    11.7550     7.7359      3.076    24.5543    18.5334 0.0000e+00
 145.559595      2.837  28.712029    11.8447     7.6812      2.813    24.3369    18.3501 0.0000e+00
 145.559601      2.565  28.475913    11.9449     7.5699      2.544    24.0521    18.1128 0.0000e+00
 145.559606      2.304  28.254607    12.0242     7.4657      2.285    23.7959    17.9013 0.0000e+00
 145.559612      2.057  28.067986    12.0825     7.3602      2.040    23.5863    17.7294 0.0000e+00
 145.559618      1.818  27.935728    12.1340     7.3313      1.803    23.4318    17.6013 0.0000e+00
 145.559624      1.584  27.859934    12.1789     8.2283      1.571    23.3340    17.5181 0.0000e+00
 145.559630      1.358  27.812835    12.2098 -9.990e-29      1.347    23.2715    17.4646 0.0000e+00
 145.559635      1.147  27.782551    12.2241 -9.990e-29      1.137    23.2349    17.4338 0.0000e+00
 145.559641      0.963  27.746622    12.2141 -9.990e-29      0.955    23.2080    17.4148 0.0000e+00
 145.559647      0.811  27.707498    12.1662 -9.990e-29      0.804    23.2017    17.4179 -9.990e-29
 145.559653      0.687  27.676788    12.0873 -9.990e-29      0.681    23.2222    17.4471 -9.990e-29
 145.559659      0.585  27.635933    12.0027 -9.990e-29      0.580    23.2370    17.4727 -9.990e-29
 145.559664      0.509  27.533263    11.9249 -9.990e-29      0.505    23.1903    17.4495 -9.990e-29
 145.559670      0.458  27.184537    11.8596 -9.990e-29      0.454    22.9075    17.2416 -9.990e-29
 145.559676      0.429  26.071656    11.8313 -9.990e-29      0.425    21.8956    16.4636 -9.990e-29
 145.559682      0.419  22.693623 -9.990e-29 -9.990e-29      0.416 -9.990e-29 -9.990e-29 -9.990e-29
