data/oxygen options/ONMS/Olympic_Coast_National_Marine_Sanctuary_CTD_Data_2005_2023/raw_data/2012/CAST_KL027_120724faed.cnv
* Sea-Bird SBE19 Data File:
* FileName = C:\Documents and Settings\OCNMS\Desktop\2012 mooring data\1st service\CAST_KLO27_120724.hex
* Software Version 1.25
* Temperature SN = 2997
* Conductivity SN = 2997
* System UpLoad Time = Jul 24 2012 13:23:22
** CAST_KLO27_120724
* SEACAT PROFILER V3.1c SN 2997   07/24/12  13:22:15.364
# nquan = 9                                 
# nvalues = 1171                        
# units = specified
# name 0 = timeJ: Julian Days
# name 1 = prSM: Pressure, Strain Gauge [db]
# name 2 = c0mS/cm: Conductivity [mS/cm]
# name 3 = t090C: Temperature [ITS-90, deg C]
# name 4 = sbeox0ML/L: Oxygen, SBE 43 [ml/l]
# name 5 = depSM: Depth [salt water, m], lat = 47.5
# name 6 = sal00: Salinity, Practical [PSU]
# name 7 = sigma-é00: Density [sigma-theta, kg/m^3]
# name 8 = flag: flag
# span 0 = 206.434375, 206.441146       
# span 1 =     -5.269,     27.331       
# span 2 =   0.004023,  38.360700       
# span 3 =     7.5423,    15.0117       
# span 4 =    -8.9149,    16.2220       
# span 5 =     -5.225,     27.101       
# span 6 =     0.0087,    33.3971       
# span 7 =    -0.8930,    26.0790       
# span 8 = 0.0000e+00, 0.0000e+00       
# interval = seconds: 0.5
# start_time = Jul 24 2012 10:25:30 [Instrument's time stamp, header]
# bad_flag = -9.990e-29
*END*
[from data line 641]
 206.438084      0.084   0.005690    15.0067    -1.7383      0.083     0.0094    -0.8926 -9.990e-29
 206.438090      0.089   0.005677    15.0091    -1.7384      0.088     0.0094    -0.8930 -9.990e-29
 206.438096      0.091   0.005673    15.0049    -1.7390      0.090     0.0094    -0.8924 -9.990e-29
 206.438102      0.092   0.005672    14.9946    -1.7391      0.091     0.0094    -0.8908 -9.990e-29
 206.438108      0.091   0.005672    14.9782    -1.7388      0.090     0.0094    -0.8884 -9.990e-29
 206.438113      0.089   0.005672    14.9565    -1.7389      0.088     0.0094    -0.8851 -9.990e-29
 206.438119      0.085   0.005673    14.9337    -1.7393      0.084     0.0094    -0.8817 -9.990e-29
 206.438125      0.083   0.005673    14.9118    -1.7397      0.082     0.0094    -0.8784 -9.990e-29
 206.438131      0.087   0.005673    14.8909    -1.7402      0.086     0.0094    -0.8753 -9.990e-29
 206.438137      0.094   0.005672    14.8742    -1.7403      0.093     0.0094    -0.8728 -9.990e-29
 206.438142      0.099   0.005668    14.8626    -1.7401      0.098     0.0094    -0.8711 -9.990e-29
 206.438148      0.103   0.005655    14.8542    -1.7398      0.102     0.0094    -0.8698 -9.990e-29
 206.438154      0.106   0.005615    14.8501    -1.7395      0.105     0.0094    -0.8692 -9.990e-29
 206.438160      0.109   0.005493    14.8490    -1.7401      0.108     0.0093    -0.8691 -9.990e-29
 206.438166      0.110   0.005125    14.8455    -1.7409      0.109     0.0091    -0.8687 -9.990e-29
 206.438171      0.112   0.004572    14.8380    -1.7417      0.111     0.0089    -0.8678 -9.990e-29
 206.438177      0.113   0.004204    14.8290    -1.7422      0.112     0.0088    -0.8665 -9.990e-29
 206.438183      0.114   0.004081    14.8213    -1.7428      0.113     0.0087    -0.8654 -9.990e-29
 206.438189      0.115   0.004041    14.8178    -1.7429      0.114     0.0087    -0.8649 -9.990e-29
 206.438194      0.115   0.004028    14.8192    -1.7428      0.114     0.0087    -0.8651 -9.990e-29
 206.438200      0.116   0.004024    14.8223    -1.7424      0.115     0.0087    -0.8656 -9.990e-29
 206.438206      0.116   0.004023    14.8212    -1.7420      0.115     0.0087    -0.8654 -9.990e-29
 206.438212      0.116   0.004023    14.8117    -1.7417      0.115     0.0087    -0.8640 -9.990e-29
 206.438218      0.117   0.004023    14.7960    -1.7420      0.116     0.0087    -0.8617 -9.990e-29
 206.438223      0.117   0.004024    14.7793    -1.7425      0.116     0.0087    -0.8592 -9.990e-29
 206.438229      0.117   0.004025    14.7648    -1.7424      0.116     0.0087    -0.8571 -9.990e-29
 206.438235      0.117   0.004025    14.7546    -1.7420      0.116     0.0087    -0.8556 -9.990e-29
 206.438241      0.118   0.004026    14.7505    -1.7420      0.117     0.0087    -0.8550 -9.990e-29
 206.438247      0.118   0.004026    14.7524    -1.7421      0.117     0.0087    -0.8552 -9.990e-29
 206.438252      0.118   0.004027    14.7581    -1.7421      0.117     0.0087    -0.8561 -9.990e-29
 206.438258      0.119   0.004029    14.7644    -1.7418      0.118     0.0087    -0.8570 -9.990e-29
 206.438264      0.119   0.004033    14.7675    -1.7414      0.118     0.0087    -0.8575 -9.990e-29
 206.438270      0.120   0.004043    14.7653    -1.7413      0.119     0.0087    -0.8571 -9.990e-29
 206.438275      0.120   0.004071    14.7613    -1.7411      0.119     0.0087    -0.8565 -9.990e-29
 206.438281      0.121   0.004156    14.7612    -1.7407      0.120     0.0087    -0.8565 -9.990e-29
 206.438287      0.123   0.004408    14.7639    -1.7404      0.122     0.0088    -0.8568 -9.990e-29
 206.438293      0.124   0.005164    14.7653    -1.7400      0.123     0.0091    -0.8568 -9.990e-29
 206.438299      0.126   0.006878    14.7658    -1.7401      0.125     0.0099    -0.8563 -9.990e-29
 206.438304      0.129   0.009069    14.7682    -1.7403      0.128     0.0109    -0.8559 -9.990e-29
 206.438310      0.132   0.010782    14.7735    -1.4881      0.131     0.0117    -0.8560 -9.990e-29
 206.438316      0.137   0.012090    14.7802    -1.4390      0.136     0.0123    -0.8565 -9.990e-29
 206.438322      0.142   0.013629    14.7867    -1.4369      0.141     0.0131    -0.8569 -9.990e-29
 206.438328      0.150   0.016895    14.7936    -1.4374      0.149     0.0147    -0.8566 -9.990e-29
 206.438333      0.159   0.026798    14.8013    -1.4445      0.158     0.0198    -0.8538 -9.990e-29
 206.438339      0.171   0.057645    14.8089    -1.4404      0.170     0.0367    -0.8419 -9.990e-29
 206.438345      0.187   0.151120    14.8148    -1.4389      0.185     0.0906    -0.8009 -9.990e-29
 206.438351      0.207   0.431855    14.8182    -1.4383      0.205     0.2611    -0.6691 -9.990e-29
 206.438356      0.232   1.274162    14.8239    -1.4387      0.230     0.8023    -0.2512 -9.990e-29
 206.438362      0.265   3.801115    14.8429    -1.4393      0.263     2.5387     1.0848 -9.990e-29
 206.438368      0.307  11.381984    14.8730    -1.4404      0.304     8.2084     5.4323 -9.990e-29
 206.438374      0.362  23.414867    14.8882    -1.4394      0.359    17.9673    12.9058 -9.990e-29
 206.438380      0.427  32.555780    14.8733    -1.4392      0.423    25.8261    18.9382 -9.990e-29
 206.438385      0.500  36.282297    14.8454    -1.4393      0.496    29.1412    21.4925 -9.990e-29
 206.438391      0.580  37.456427    14.8310    -1.4389      0.575    30.2018    22.3116 -9.990e-29
 206.438397      0.663  37.791035    14.8320    -1.4389      0.657    30.5011    22.5418 -9.990e-29
 206.438403      0.739  37.994449    14.8291    -1.4395      0.733    30.6860    22.6848 -9.990e-29
 206.438409      0.802  38.162628    14.8155    -1.4404      0.795    30.8479    22.8123 -9.990e-29
 206.438414      0.858  38.250448    14.7992    -1.4415      0.851    30.9398    22.8865 -9.990e-29
 206.438420      0.910  38.287678    14.7878    -1.4400      0.902    30.9823    22.9217 -9.990e-29
 206.438426      0.961  38.289283    14.7834    -1.4397      0.953    30.9873    22.9264 -9.990e-29
 206.438432      1.009  38.289945    14.7833    -1.4392      1.001    30.9879    22.9269 -9.990e-29
 206.438437      1.051  38.314687    14.7847    -1.4391      1.042    31.0091    22.9429 -9.990e-29
 206.438443      1.083  38.339979    14.7853    -1.4398      1.074    31.0314    22.9599 -9.990e-29
 206.438449      1.108  38.351428    14.7799    -1.4401      1.099    31.0460    22.9723 -9.990e-29
 206.438455      1.127  38.358193    14.7659    -1.4396      1.118    31.0632    22.9886 -9.990e-29
 206.438461      1.143  38.357590    14.7513    -1.4398      1.133    31.0743    23.0002 -9.990e-29
 206.438466      1.155  38.344949    14.7459    -1.4400      1.145    31.0672    22.9959 -9.990e-29
 206.438472      1.164  38.316351    14.7501    -1.4400      1.154    31.0381    22.9725 -9.990e-29
 206.438478      1.172  38.300378    14.7595    -1.4394      1.162    31.0162    22.9537 -9.990e-29
 206.438484      1.174  38.324521    14.7692    -1.4391      1.164    31.0302    22.9625 -9.990e-29
 206.438490      1.167  38.353810    14.7743    -1.4391      1.157    31.0526    22.9786 -9.990e-29
 206.438495      1.153  38.360700    14.7729    -1.4388      1.143    31.0599    22.9845 -9.990e-29
 206.438501      1.141  38.347713    14.7679    -1.4382      1.131    31.0522    22.9796 -9.990e-29
 206.438507      1.139  38.326160    14.7631    -1.4385      1.129    31.0366    22.9686 -9.990e-29
 206.438513      1.146  38.322256    14.7601    -1.4388      1.136    31.0355    22.9684 -9.990e-29
 206.438519      1.154  38.336452    14.7608    -1.4391      1.144    31.0477    22.9777 -9.990e-29
 206.438524      1.159  38.344039    14.7661    -1.4388      1.149    31.0503    22.9786 -9.990e-29
 206.438530      1.163  38.338946    14.7746    -1.4383      1.153    31.0389    22.9680 -9.990e-29
 206.438536      1.164  38.336846    14.7846    -1.4380      1.154    31.0291    22.9583 -9.990e-29
 206.438542      1.163  38.345078    14.7968    -1.4381      1.153    31.0268    22.9540 -9.990e-29
 206.438547      1.160  38.350590    14.8106    -1.4381      1.150    31.0208    22.9464 -9.990e-29
 206.438553      1.156  38.345106    14.8190    -1.4379      1.146    31.0091    22.9357 -9.990e-29
 206.438559      1.149  38.338736    14.8175    -1.4381      1.139    31.0046    22.9326 -9.990e-29
 206.438565      1.139  38.339293    14.8114    -1.4381      1.129    31.0100    22.9380 -9.990e-29
 206.438571      1.129  38.340285    14.8091    -1.4380      1.120    31.0127    22.9405 -9.990e-29
 206.438576      1.129  38.338041    14.8157    -1.4381      1.120    31.0054    22.9336 -9.990e-29
 206.438582      1.137  38.336387    14.8285    -1.4382      1.128    30.9937    22.9219 -9.990e-29
 206.438588      1.145  38.336054    14.8394    -1.4381      1.135    30.9848    22.9127 -9.990e-29
 206.438594      1.151  38.335045    14.8442    -1.4382      1.141    30.9801    22.9080 -9.990e-29
 206.438600      1.154  38.333255    14.8456    -1.4386      1.144    30.9773    22.9056 -9.990e-29
 206.438605      1.154  38.332333    14.8457    -1.4381      1.144    30.9764    22.9049 -9.990e-29
 206.438611      1.157  38.333405    14.8448    -1.4381      1.147    30.9781    22.9064 -9.990e-29
 206.438617      1.165  38.335776    14.8442    -1.4389      1.155    30.9807    22.9085 -9.990e-29
 206.438623      1.175  38.337119    14.8441    -1.4394      1.165    30.9820    22.9095 -9.990e-29
 206.438628      1.185  38.337098    14.8433    -1.4392      1.175    30.9826    22.9102 -9.990e-29
 206.438634      1.194  38.336360    14.8419    -1.4386      1.184    30.9831    22.9108 -9.990e-29
 206.438640      1.198  38.335157    14.8405    -1.4385      1.188    30.9831    22.9111 -9.990e-29
 206.438646      1.195  38.334238    14.8385    -1.4384      1.185    30.9838    22.9121 -9.990e-29
 206.438652      1.187  38.332490    14.8369    -1.4387      1.177    30.9835    22.9123 -9.990e-29
 206.438657      1.178  38.326578    14.8353    -1.4389      1.168    30.9795    22.9095 -9.990e-29
 206.438663      1.169  38.321055    14.8278    -1.4389      1.159    30.9805    22.9118 -9.990e-29
 206.438669      1.163  38.323234    14.8148    -1.4387      1.153    30.9928    22.9240 -9.990e-29
 206.438675      1.162  38.326614    14.8063    -1.4391      1.152    31.0026    22.9334 -9.990e-29
 206.438681      1.165  38.322931    14.8082    -1.4386      1.155    30.9978    22.9293 -9.990e-29
 206.438686      1.165  38.316908    14.8165    12.4314      1.155    30.9857    22.9182 -9.990e-29
 206.438692      1.163  38.316871    14.8232    16.0032      1.153    30.9804    22.9127 -9.990e-29
 206.438698      1.160  38.320084    14.8241    16.2220      1.150    30.9826    22.9142 -9.990e-29
 206.438704      1.158  38.320305    14.8207    13.4013      1.148    30.9855    22.9171 -9.990e-29
 206.438709      1.163  38.319065    14.8177     7.4413      1.153    30.9867    22.9188 -9.990e-29
 206.438715      1.170  38.317628    14.8185     7.5859      1.160    30.9848    22.9171 -9.990e-29
 206.438721      1.176  38.314190    14.8212     7.7422      1.166    30.9796    22.9125 -9.990e-29
 206.438727      1.181  38.308761    14.8226     7.7449      1.171    30.9736    22.9076 -9.990e-29
 206.438733      1.185  38.300940    14.8217     7.6993      1.175    30.9672    22.9029 -9.990e-29
 206.438738      1.188  38.298335    14.8178     7.6321      1.178    30.9680    22.9043 -9.990e-29
 206.438744      1.191  38.308790    14.8114     7.5698      1.181    30.9825    22.9168 -9.990e-29
 206.438750      1.193  38.320594    14.8060     7.5410      1.183    30.9974    22.9294 -9.990e-29
 206.438756      1.196  38.324396    14.8043     7.5360      1.186    31.0022    22.9335 -9.990e-29
 206.438762      1.198  38.324257    14.8058     7.5379      1.188    31.0009    22.9321 -9.990e-29
 206.438767      1.201  38.322907    14.8089     7.5253      1.191    30.9972    22.9286 -9.990e-29
 206.438773      1.204  38.319778    14.8121     7.5102      1.194    30.9918    22.9238 -9.990e-29
 206.438779      1.208  38.315855    14.8145     7.4864      1.198    30.9864    22.9192 -9.990e-29
 206.438785      1.213  38.313862    14.8151     7.4609      1.203    30.9841    22.9173 -9.990e-29
 206.438791      1.219  38.312937    14.8154     7.4638      1.209    30.9830    22.9164 -9.990e-29
 206.438796      1.223  38.310843    14.8170     7.4612      1.213    30.9799    22.9136 -9.990e-29
 206.438802      1.220  38.308820    14.8189     7.4676      1.210    30.9765    22.9107 -9.990e-29
 206.438808      1.214  38.307648    14.8204     7.4734      1.204    30.9743    22.9086 -9.990e-29
 206.438814      1.210  38.305317    14.8210     7.4596      1.200    30.9717    22.9065 -9.990e-29
 206.438819      1.206  38.301637    14.8203     7.4539      1.196    30.9690    22.9045 -9.990e-29
 206.438825      1.204  38.298535    14.8197     7.4558      1.194    30.9667    22.9029 -9.990e-29
 206.438831      1.202  38.297029    14.8207     7.4557      1.192    30.9645    22.9010 -9.990e-29
 206.438837      1.200  38.296908    14.8233     7.4528      1.190    30.9623    22.8988 -9.990e-29
 206.438843      1.198  38.297003    14.8262     7.4447      1.188    30.9601    22.8965 -9.990e-29
 206.438848      1.197  38.296436    14.8280     7.4405      1.187    30.9582    22.8946 -9.990e-29
 206.438854      1.197  38.295126    14.8284     7.4537      1.187    30.9567    22.8934 -9.990e-29
 206.438860      1.196  38.293679    14.8280     7.4542      1.186    30.9557    22.8927 -9.990e-29
 206.438866      1.196  38.293082    14.8281     7.4618      1.186    30.9551    22.8922 -9.990e-29
 206.438872      1.196  38.293213    14.8292     7.4675      1.186    30.9543    22.8914 -9.990e-29
 206.438877      1.195  38.292679    14.8305     7.4642      1.185    30.9528    22.8899 -9.990e-29
 206.438883      1.195  38.290885    14.8309     7.4593      1.185    30.9509    22.8884 -9.990e-29
 206.438889      1.195  38.288351    14.8296     7.4545      1.185    30.9496    22.8877 -9.990e-29
 206.438895      1.195  38.285735    14.8278     7.4577      1.185    30.9487    22.8874 -9.990e-29
 206.438900      1.195  38.284143    14.8270     7.4539      1.185    30.9479    22.8869 -9.990e-29
 206.438906      1.195  38.283808    14.8272     7.4642      1.185    30.9475    22.8865 -9.990e-29
 206.438912      1.195  38.283838    14.8273     7.4460      1.185    30.9474    22.8864 -9.990e-29
 206.438918      1.196  38.283825    14.8261     7.4517      1.186    30.9483    22.8874 -9.990e-29
 206.438924      1.196  38.283306    14.8244     7.4550      1.186    30.9492    22.8885 -9.990e-29
 206.438929      1.197  38.281705    14.8239     7.4681      1.187    30.9482    22.8878 -9.990e-29
 206.438935      1.198  38.280360    14.8233     7.4887      1.188    30.9475    22.8873 -9.990e-29
 206.438941      1.199  38.280951    14.8213     7.4927      1.189    30.9496    22.8894 -9.990e-29
 206.438947      1.200  38.282702    14.8182     7.4925      1.190    30.9536    22.8931 -9.990e-29
 206.438953      1.201  38.284702    14.8129     7.4731      1.191    30.9596    22.8989 -9.990e-29
 206.438958      1.204  38.288610    14.8067     7.4163      1.194    30.9681    22.9067 -9.990e-29
 206.438964      1.206  38.291910    14.8052     7.3369      1.196    30.9722    22.9102 -9.990e-29
 206.438970      1.210  38.290713    14.8093     7.2782      1.200    30.9679    22.9060 -9.990e-29
 206.438976      1.214  38.288018    14.8157     7.2566      1.204    30.9604    22.8989 -9.990e-29
 206.438981      1.220  38.284824    14.8232     7.2483      1.210    30.9515    22.8905 -9.990e-29
 206.438987      1.223  38.278669    14.8329     7.2446      1.213    30.9383    22.8783 -9.990e-29
 206.438993      1.220  38.264821    14.8475     7.2451      1.210    30.9143    22.8567 -9.990e-29
 206.438999      1.214  38.241734    14.8656     7.2337      1.204    30.8792    22.8259 -9.990e-29
