data/oxygen options/ONMS/Olympic_Coast_National_Marine_Sanctuary_CTD_Data_2005_2023/raw_data/2012/CAST_CE042_120920faed.cnv
* Sea-Bird SBE19 Data File:
* FileName = C:\Documents and Settings\OCNMS\Desktop\2012 mooring data\Hypoxia Sampling\120920\CAST_CE042_120920.hex
* Software Version 1.25
* Temperature SN = 2997
* Conductivity SN = 2997
* System UpLoad Time = Sep 20 2012 13:08:25
** CAST_CE042_120920
* SEACAT PROFILER V3.1c SN 2997   09/20/12  13:07:05.359
# nquan = 9                                 
# nvalues = 987                         
# units = specified
# name 0 = timeJ: Julian Days
# name 1 = prSM: Pressure, Strain Gauge [db]
# name 2 = c0mS/cm: Conductivity [mS/cm]
# name 3 = t090C: Temperature [ITS-90, deg C]
# name 4 = sbeox0ML/L: Oxygen, SBE 43 [ml/l]
# name 5 = depSM: Depth [salt water, m], lat = 47.5
# name 6 = sal00: Salinity, Practical [PSU]
# name 7 = sigma-é00: Density [sigma-theta, kg/m^3]
# name 8 = flag: flag
# span 0 = 264.518310, 264.524016       
# span 1 =     -4.960,     43.535       
# span 2 =   0.238839,  38.224572       
# span 3 =     7.4376,    13.2605       
# span 4 =    -1.8499,    14.8047       
# span 5 =     -4.919,     43.167       
# span 6 =     0.1514,    33.7131       
# span 7 =    -0.4247,    26.3435       
# span 8 = 0.0000e+00, 0.0000e+00       
# interval = seconds: 0.5
# start_time = Sep 20 2012 12:26:22 [Instrument's time stamp, header]
# bad_flag = -9.990e-29
*END*
[from data line 961]
 264.523872      8.050  37.330441    12.3223     6.7375      7.983    32.1262    24.2978 0.0000e+00
 264.523877      7.663  37.432714    12.4493     6.7608      7.599    32.1154    24.2654 0.0000e+00
 264.523883      7.280  37.539877    12.5917     6.7615      7.219    32.0961    24.2233 0.0000e+00
 264.523889      6.902  37.633014    12.7316     6.7785      6.844    32.0656    24.1728 0.0000e+00
 264.523895      6.533  37.702135    12.8383     6.7946      6.478    32.0406    24.1328 0.0000e+00
 264.523900      6.173  37.755442    12.9048     6.8371      6.121    32.0348    24.1154 0.0000e+00
 264.523906      5.821  37.819997    12.9629     6.8129      5.772    32.0467    24.1133 0.0000e+00
 264.523912      5.472  37.901231    13.0203     6.6879      5.426    32.0748    24.1238 0.0000e+00
 264.523918      5.126  37.974871    13.0621     6.5515      5.083    32.1089    24.1420 0.0000e+00
 264.523924      4.785  38.024819    13.0862     6.4375      4.745    32.1356    24.1580 0.0000e+00
 264.523929      4.450  38.045970    13.1019     7.6087      4.413    32.1423    24.1601 0.0000e+00
 264.523935      4.121  38.048048    13.1163     7.3760      4.087    32.1322    24.1494 0.0000e+00
 264.523941      3.799  38.051754    13.1191     7.1083      3.767    32.1334    24.1498 0.0000e+00
 264.523947      3.479  38.058671    13.0965     6.8350      3.450    32.1592    24.1742 0.0000e+00
 264.523953      3.163  38.050014    13.0521     6.6538      3.137    32.1889    24.2059 0.0000e+00
 264.523958      2.856  37.990712    13.0070     6.6706      2.832    32.1714    24.2012 0.0000e+00
 264.523964      2.562  37.850436    12.9747 -9.990e-29      2.541    32.0667    24.1264 0.0000e+00
 264.523970      2.281  37.534030    12.9500 -9.990e-29      2.262    31.7893    23.9166 0.0000e+00
 264.523976      2.031  36.692446    12.9265 -9.990e-29      2.014    31.0170    23.3236 0.0000e+00
 264.523981      1.825  34.266881    12.9020 -9.990e-29      1.810    28.7685    21.5894 0.0000e+00
 264.523987      1.659  27.075352    12.8757 -9.990e-29      1.645    22.1986    16.5218 0.0000e+00
 264.523993      1.528  16.285075    12.8460 -9.990e-29      1.515    12.7496     9.2460 -9.990e-29
 264.523999      1.430   8.837692    12.8116 -9.990e-29      1.418     6.5918     4.5058 -9.990e-29
 264.524005      1.364   5.801557    12.7794 -9.990e-29      1.353     4.2013     2.6648 -9.990e-29
 264.524010      1.326   4.321960    12.7654 -9.990e-29      1.315     3.0701     1.7919 -9.990e-29
 264.524016      1.314   3.630965 -9.990e-29 -9.990e-29      1.303 -9.990e-29 -9.990e-29 -9.990e-29
