data/oxygen options/ONMS/Olympic_Coast_National_Marine_Sanctuary_CTD_Data_2005_2023/raw_data/2012/CAST_CA015_121009faed.cnv
* Sea-Bird SBE19 Data File:
* FileName = C:\Documents and Settings\OCNMS\Desktop\2012 mooring data\RECOVERY\CAST_CA015_121009.hex
* Software Version 1.25
* Temperature SN = 2997
* Conductivity SN = 2997
* System UpLoad Time = Oct 09 2012 12:11:01
** CAST_CA015_121009
* SEACAT PROFILER V3.1c SN 2997   10/09/12  12:10:00.940
# nquan = 9                                 
# nvalues = 1136                        
# units = specified
# name 0 = timeJ: Julian Days
# name 1 = prSM: Pressure, Strain Gauge [db]
# name 2 = c0mS/cm: Conductivity [mS/cm]
# name 3 = t090C: Temperature [ITS-90, deg C]
# name 4 = sbeox0ML/L: Oxygen, SBE 43 [ml/l]
# name 5 = depSM: Depth [salt water, m], lat = 47.5
# name 6 = sal00: Salinity, Practical [PSU]
# name 7 = sigma-é00: Density [sigma-theta, kg/m^3]
# name 8 = flag: flag
# span 0 = 283.492917, 283.499485       
# span 1 =     -4.986,     13.416       
# span 2 =   0.328158,  36.125000       
# span 3 =     9.1096,    11.9745       
# span 4 =    -1.8839,    15.4769       
# span 5 =     -4.944,     13.304       
# span 6 =     0.2144,    33.5312       
# span 7 =    -0.2684,    25.9007       
# span 8 = 0.0000e+00, 0.0000e+00       
# interval = seconds: 0.5
# start_time = Oct 09 2012 11:49:48 [Instrument's time stamp, header]
# bad_flag = -9.990e-29
*END*
[from data line 641]
 283.496626      1.173  35.772052     9.3726     5.7824      1.163    33.2120    25.6590 -9.990e-29
 283.496632      1.177  35.767599     9.3678     5.7614      1.167    33.2118    25.6596 -9.990e-29
 283.496638      1.180  35.764522     9.3664     5.7646      1.170    33.2100    25.6584 -9.990e-29
 283.496644      1.183  35.766015     9.3696     5.7656      1.173    33.2085    25.6568 -9.990e-29
 283.496649      1.184  35.770162     9.3740     5.7657      1.174    33.2087    25.6562 -9.990e-29
 283.496655      1.185  35.772428     9.3755     5.7824      1.175    33.2097    25.6567 -9.990e-29
 283.496661      1.186  35.770247     9.3732     5.7790      1.176    33.2096    25.6570 -9.990e-29
 283.496667      1.186  35.765771     9.3690     5.7672      1.176    33.2088    25.6571 -9.990e-29
 283.496672      1.185  35.763129     9.3650     5.7485      1.175    33.2098    25.6585 -9.990e-29
 283.496678      1.184  35.762735     9.3633     5.7559      1.174    33.2110    25.6597 -9.990e-29
 283.496684      1.183  35.764077     9.3648     5.7546      1.173    33.2110    25.6595 -9.990e-29
 283.496690      1.180  35.767282     9.3685     5.7598      1.170    33.2109    25.6588 -9.990e-29
 283.496696      1.177  35.769915     9.3726     5.7780      1.167    33.2098    25.6572 -9.990e-29
 283.496701      1.172  35.770462     9.3750     5.7766      1.162    33.2081    25.6556 -9.990e-29
 283.496707      1.167  35.769110     9.3752     5.7734      1.157    33.2065    25.6543 -9.990e-29
 283.496713      1.164  35.767994     9.3752     5.7602      1.154    33.2054    25.6534 -9.990e-29
 283.496719      1.167  35.769563     9.3762     5.7580      1.157    33.2061    25.6538 -9.990e-29
 283.496725      1.173  35.771444     9.3770     5.7617      1.163    33.2073    25.6546 -9.990e-29
 283.496730      1.178  35.771119     9.3764     5.7604      1.168    33.2075    25.6549 -9.990e-29
 283.496736      1.181  35.769292     9.3756     5.7601      1.171    33.2063    25.6541 -9.990e-29
 283.496742      1.184  35.768583     9.3764     5.7631      1.174    33.2049    25.6528 -9.990e-29
 283.496748      1.186  35.770303     9.3775     5.7589      1.176    33.2056    25.6532 -9.990e-29
 283.496753      1.188  35.772840     9.3769     5.7605      1.178    33.2088    25.6558 -9.990e-29
 283.496759      1.189  35.773992     9.3754     5.7667      1.179    33.2114    25.6581 -9.990e-29
 283.496765      1.190  35.773072     9.3745     5.7744      1.180    33.2113    25.6581 -9.990e-29
 283.496771      1.191  35.771671     9.3744     5.7723      1.181    33.2099    25.6571 -9.990e-29
 283.496777      1.192  35.770736     9.3743     5.7609      1.182    33.2090    25.6564 -9.990e-29
 283.496782      1.192  35.770157     9.3741     5.7460      1.182    33.2086    25.6561 -9.990e-29
 283.496788      1.193  35.770297     9.3750     5.7355      1.183    33.2079    25.6554 -9.990e-29
 283.496794      1.193  35.771920     9.3777     5.7323      1.183    33.2071    25.6543 -9.990e-29
 283.496800      1.193  35.774963     9.3812     5.7291      1.183    33.2070    25.6537 -9.990e-29
 283.496806      1.194  35.777900     9.3837     5.7249      1.184    33.2077    25.6538 -9.990e-29
 283.496811      1.194  35.778501     9.3838     5.7436      1.184    33.2082    25.6542 -9.990e-29
 283.496817      1.194  35.775906     9.3827     5.7534      1.184    33.2066    25.6531 -9.990e-29
 283.496823      1.195  35.773392     9.3826     5.7670      1.185    33.2041    25.6512 -9.990e-29
 283.496829      1.195  35.773784     9.3827     5.7683      1.185    33.2044    25.6514 -9.990e-29
 283.496834      1.195  35.774259     9.3810     5.7678      1.185    33.2064    25.6533 -9.990e-29
 283.496840      1.196  35.772104     9.3770     5.7679      1.186    33.2079    25.6551 -9.990e-29
 283.496846      1.196  35.768945     9.3725     5.7644      1.186    33.2089    25.6565 -9.990e-29
 283.496852      1.197  35.767306     9.3700     5.7481      1.187    33.2095    25.6574 -9.990e-29
 283.496858      1.198  35.767817     9.3701     5.7477      1.188    33.2099    25.6578 -9.990e-29
 283.496863      1.199  35.769493     9.3710     5.7570      1.189    33.2108    25.6583 -9.990e-29
 283.496869      1.200  35.770663     9.3709     5.7552      1.190    33.2121    25.6594 -9.990e-29
 283.496875      1.201  35.770665     9.3709     5.7661      1.191    33.2121    25.6594 -9.990e-29
 283.496881      1.204  35.770638     9.3721     5.7702      1.194    33.2110    25.6583 -9.990e-29
 283.496887      1.206  35.771681     9.3737     5.7630      1.196    33.2106    25.6577 -9.990e-29
 283.496892      1.210  35.772961     9.3744     5.7631      1.200    33.2112    25.6581 -9.990e-29
 283.496898      1.214  35.772279     9.3735     5.7574      1.204    33.2114    25.6583 -9.990e-29
 283.496904      1.220  35.769302     9.3714     5.7551      1.210    33.2102    25.6578 -9.990e-29
 283.496910      1.223  35.766799     9.3698     5.7586      1.213    33.2091    25.6572 -9.990e-29
 283.496916      1.220  35.767049     9.3696     5.7593      1.210    33.2096    25.6576 -9.990e-29
 283.496921      1.214  35.768721     9.3707     5.7669      1.204    33.2103    25.6580 -9.990e-29
 283.496927      1.209  35.769578     9.3717     5.7685      1.199    33.2102    25.6578 -9.990e-29
 283.496933      1.206  35.769098     9.3712     5.7608      1.196    33.2102    25.6578 -9.990e-29
 283.496939      1.203  35.767779     9.3697     5.7647      1.193    33.2102    25.6581 -9.990e-29
 283.496944      1.200  35.766117     9.3682     5.7630      1.190    33.2099    25.6581 -9.990e-29
 283.496950      1.198  35.765275     9.3677     5.7724      1.188    33.2095    25.6578 -9.990e-29
 283.496956      1.196  35.766386     9.3687     5.7690      1.186    33.2097    25.6579 -9.990e-29
 283.496962      1.195  35.768145     9.3698     5.7706      1.185    33.2105    25.6583 -9.990e-29
 283.496968      1.193  35.768434     9.3693     5.7628      1.183    33.2113    25.6590 -9.990e-29
 283.496973      1.192  35.766534     9.3684     5.7662      1.182    33.2102    25.6582 -9.990e-29
 283.496979      1.190  35.764409     9.3684     5.7554      1.180    33.2080    25.6565 -9.990e-29
 283.496985      1.188  35.764842     9.3687     5.7573      1.178    33.2082    25.6566 -9.990e-29
 283.496991      1.185  35.766744     9.3684     5.7685      1.175    33.2104    25.6584 -9.990e-29
 283.496997      1.182  35.767067     9.3672     5.7706      1.172    33.2118    25.6597 -9.990e-29
 283.497002      1.179  35.765698     9.3660     5.7837      1.169    33.2115    25.6597 -9.990e-29
 283.497008      1.178  35.764747     9.3652     5.7725      1.168    33.2113    25.6596 -9.990e-29
 283.497014      1.185  35.765203     9.3655     5.7745      1.175    33.2115    25.6597 -9.990e-29
 283.497020      1.196  35.766570     9.3669     5.7744      1.186    33.2116    25.6596 -9.990e-29
 283.497025      1.207  35.767886     9.3680     5.7570      1.197    33.2119    25.6597 -9.990e-29
 283.497031      1.219  35.768119     9.3679     5.7546      1.209    33.2123    25.6600 -9.990e-29
 283.497037      1.233  35.767037     9.3671     5.7509      1.223    33.2119    25.6598 -9.990e-29
 283.497043      1.244  35.766015     9.3664     5.7553      1.234    33.2115    25.6596 -9.990e-29
 283.497049      1.250  35.766505     9.3663     5.7704      1.240    33.2121    25.6601 -9.990e-29
 283.497054      1.251  35.767496     9.3664     5.7648      1.241    33.2130    25.6608 -9.990e-29
 283.497060      1.248  35.766966     9.3656     5.7628      1.238    33.2132    25.6611 -9.990e-29
 283.497066      1.243  35.765343     9.3646     5.7684      1.233    33.2125    25.6606 -9.990e-29
 283.497072      1.242  35.764962     9.3651     5.7758      1.232    33.2116    25.6599 -9.990e-29
 283.497078      1.244  35.766450     9.3673     5.7891      1.234    33.2111    25.6591 -9.990e-29
 283.497083      1.244  35.768447     9.3693     5.7815      1.234    33.2113    25.6590 -9.990e-29
 283.497089      1.240  35.769710     9.3694     5.7665      1.230    33.2125    25.6599 -9.990e-29
 283.497095      1.234  35.769139     9.3681     5.7660      1.224    33.2131    25.6606 -9.990e-29
 283.497101      1.230  35.767107     9.3672     5.7510      1.220    33.2119    25.6598 -9.990e-29
 283.497106      1.228  35.765963     9.3671     5.7604      1.218    33.2108    25.6589 -9.990e-29
 283.497112      1.229  35.766434     9.3673     5.7644      1.219    33.2111    25.6591 -9.990e-29
 283.497118      1.232  35.767476     9.3677     5.7568      1.222    33.2118    25.6596 -9.990e-29
 283.497124      1.238  35.768232     9.3680     5.7679      1.228    33.2123    25.6600 -9.990e-29
 283.497130      1.242  35.768576     9.3679     5.7585      1.232    33.2127    25.6603 -9.990e-29
 283.497135      1.241  35.768951     9.3678     5.7582      1.231    33.2132    25.6607 -9.990e-29
 283.497141      1.238  35.769281     9.3680     5.7458      1.228    33.2134    25.6608 -9.990e-29
 283.497147      1.238  35.769433     9.3688     5.7473      1.228    33.2128    25.6602 -9.990e-29
 283.497153      1.241  35.769592     9.3694     5.7526      1.231    33.2124    25.6598 -9.990e-29
 283.497159      1.242  35.769957     9.3691     5.7639      1.232    33.2130    25.6604 -9.990e-29
 283.497164      1.238  35.770437     9.3689     5.7786      1.228    33.2137    25.6609 -9.990e-29
 283.497170      1.233  35.770537     9.3695     5.7845      1.223    33.2133    25.6605 -9.990e-29
 283.497176      1.230  35.770377     9.3708     5.7924      1.220    33.2119    25.6592 -9.990e-29
 283.497182      1.229  35.770288     9.3720     5.7883      1.219    33.2107    25.6581 -9.990e-29
 283.497188      1.231  35.769576     9.3720     5.7677      1.221    33.2100    25.6575 -9.990e-29
 283.497193      1.235  35.768956     9.3711     5.7504      1.225    33.2101    25.6578 -9.990e-29
 283.497199      1.238  35.769826     9.3711     5.7444      1.228    33.2110    25.6585 -9.990e-29
 283.497205      1.234  35.771089     9.3723     5.7558      1.224    33.2112    25.6584 -9.990e-29
 283.497211      1.229  35.772176     9.3739     5.7671      1.219    33.2109    25.6579 -9.990e-29
 283.497216      1.226  35.773400     9.3749     5.7708      1.216    33.2112    25.6580 -9.990e-29
 283.497222      1.225  35.774136     9.3746     5.7837      1.215    33.2122    25.6589 -9.990e-29
 283.497228      1.226  35.774230     9.3738     5.7837      1.216    33.2131    25.6597 -9.990e-29
 283.497234      1.229  35.773792     9.3735     5.7912      1.219    33.2129    25.6596 -9.990e-29
 283.497240      1.234  35.773343     9.3735     5.7968      1.224    33.2124    25.6592 -9.990e-29
 283.497245      1.238  35.773950     9.3737     5.7908      1.228    33.2129    25.6595 -9.990e-29
 283.497251      1.236  35.775285     9.3743     5.7891      1.226    33.2137    25.6601 -9.990e-29
 283.497257      1.232  35.776312     9.3754     5.7829      1.222    33.2137    25.6599 -9.990e-29
 283.497263      1.231  35.776705     9.3770     5.7791      1.221    33.2127    25.6588 -9.990e-29
 283.497269      1.232  35.776415     9.3782     5.7797      1.222    33.2113    25.6575 -9.990e-29
 283.497274      1.236  35.776158     9.3787     5.7723      1.226    33.2105    25.6569 -9.990e-29
 283.497280      1.242  35.776698     9.3789     5.7775      1.232    33.2109    25.6571 -9.990e-29
 283.497286      1.251  35.777619     9.3792     5.7790      1.241    33.2116    25.6576 -9.990e-29
 283.497292      1.263  35.778453     9.3796     5.7809      1.252    33.2120    25.6579 -9.990e-29
 283.497297      1.276  35.779177     9.3799     5.7905      1.265    33.2125    25.6582 -9.990e-29
 283.497303      1.285  35.779622     9.3803     5.7809      1.274    33.2126    25.6582 -9.990e-29
 283.497309      1.292  35.779804     9.3805     5.7718      1.281    33.2126    25.6582 -9.990e-29
 283.497315      1.296  35.779950     9.3800     5.7675      1.285    33.2132    25.6587 -9.990e-29
 283.497321      1.303  35.780240     9.3790     5.7728      1.292    33.2144    25.6599 -9.990e-29
 283.497326      1.312  35.780485     9.3788     5.7806      1.301    33.2149    25.6602 -9.990e-29
 283.497332      1.316  35.780437     9.3798     5.7695      1.305    33.2139    25.6593 -9.990e-29
 283.497338      1.311  35.780576     9.3811     5.7487      1.300    33.2128    25.6583 -9.990e-29
 283.497344      1.300  35.781071     9.3817     5.7335      1.289    33.2128    25.6581 -9.990e-29
 283.497350      1.292  35.781445     9.3819     5.7430      1.281    33.2130    25.6583 -9.990e-29
 283.497355      1.290  35.781624     9.3821     5.7640      1.279    33.2130    25.6582 -9.990e-29
 283.497361      1.294  35.781831     9.3827     5.7681      1.283    33.2126    25.6579 -9.990e-29
 283.497367      1.299  35.782328     9.3837     5.7685      1.288    33.2122    25.6574 -9.990e-29
 283.497373      1.299  35.783201     9.3844     5.7623      1.288    33.2125    25.6575 -9.990e-29
 283.497378      1.293  35.783916     9.3843     5.7679      1.282    33.2133    25.6581 -9.990e-29
 283.497384      1.289  35.784292     9.3842     5.7735      1.278    33.2138    25.6585 -9.990e-29
 283.497390      1.291  35.784816     9.3846     5.7804      1.280    33.2140    25.6586 -9.990e-29
 283.497396      1.299  35.785611     9.3852     5.7806      1.288    33.2142    25.6587 -9.990e-29
 283.497402      1.309  35.786042     9.3851     5.7772      1.298    33.2147    25.6591 -9.990e-29
 283.497407      1.314  35.785546     9.3846     5.7901      1.303    33.2147    25.6592 -9.990e-29
 283.497413      1.313  35.784568     9.3841     5.7896      1.302    33.2141    25.6588 -9.990e-29
 283.497419      1.316  35.783470     9.3839     5.7901      1.305    33.2132    25.6581 -9.990e-29
 283.497425      1.322  35.782453     9.3842     5.7862      1.311    33.2119    25.6570 -9.990e-29
 283.497431      1.328  35.782385     9.3850     5.7631      1.317    33.2111    25.6563 -9.990e-29
 283.497436      1.334  35.783720     9.3863     5.7524      1.323    33.2112    25.6562 -9.990e-29
 283.497442      1.336  35.785421     9.3873     5.7579      1.325    33.2120    25.6567 -9.990e-29
 283.497448      1.335  35.786380     9.3873     5.7707      1.324    33.2130    25.6574 -9.990e-29
 283.497454      1.338  35.786740     9.3868     5.7896      1.327    33.2139    25.6582 -9.990e-29
 283.497459      1.345  35.786966     9.3870     5.7937      1.334    33.2139    25.6582 -9.990e-29
 283.497465      1.350  35.787344     9.3875     5.7728      1.339    33.2138    25.6580 -9.990e-29
 283.497471      1.352  35.787803     9.3876     5.7636      1.341    33.2142    25.6583 -9.990e-29
 283.497477      1.355  35.787821     9.3877     5.7673      1.344    33.2141    25.6582 -9.990e-29
 283.497483      1.355  35.787407     9.3876     5.7726      1.344    33.2138    25.6580 -9.990e-29
 283.497488      1.353  35.787111     9.3869     5.7804      1.342    33.2142    25.6584 -9.990e-29
 283.497494      1.353  35.787086     9.3866     5.7783      1.342    33.2144    25.6586 -9.990e-29
 283.497500      1.349  35.787281     9.3872     5.7741      1.338    33.2141    25.6583 -9.990e-29
 283.497506      1.343  35.787940     9.3881     5.7741      1.332    33.2139    25.6580 -9.990e-29
 283.497512      1.342  35.788807     9.3886     5.7821      1.331    33.2143    25.6582 -9.990e-29
 283.497517      1.346  35.788784     9.3884     5.7843      1.335    33.2145    25.6584 -9.990e-29
 283.497523      1.352  35.787823     9.3879     5.7764      1.341    33.2140    25.6581 -9.990e-29
 283.497529      1.358  35.786868     9.3878     5.7805      1.347    33.2131    25.6574 -9.990e-29
 283.497535      1.363  35.786311     9.3883     5.7859      1.352    33.2120    25.6565 -9.990e-29
 283.497541      1.365  35.786514     9.3891     5.7890      1.354    33.2115    25.6559 -9.990e-29
