data/oxygen options/ONMS/Olympic_Coast_National_Marine_Sanctuary_CTD_Data_2005_2023/raw_data/2012/CAST_TH042_120525faed.cnv
* Sea-Bird SBE19 Data File:
* FileName = C:\Documents and Settings\OCNMS\Desktop\2012 mooring data\Deployment May\CAST_TH042_120525.hex
* Software Version 1.25
* Temperature SN = 2997
* Conductivity SN = 2997
* System UpLoad Time = May 25 2012 14:46:38
** CAST_TH042_120525
* SEACAT PROFILER V3.1c SN 2997   05/25/12  14:45:25.934
# nquan = 9                                 
# nvalues = 1464                        
# units = specified
# name 0 = timeJ: Julian Days
# name 1 = prSM: Pressure, Strain Gauge [db]
# name 2 = c0mS/cm: Conductivity [mS/cm]
# name 3 = t090C: Temperature [ITS-90, deg C]
# name 4 = sbeox0ML/L: Oxygen, SBE 43 [ml/l]
# name 5 = depSM: Depth [salt water, m], lat = 47.5
# name 6 = sal00: Salinity, Practical [PSU]
# name 7 = sigma-é00: Density [sigma-theta, kg/m^3]
# name 8 = flag: flag
# span 0 = 146.476447, 146.484913       
# span 1 =     -5.609,     41.990       
# span 2 =   0.072203,  35.446006       
# span 3 =     7.8038,    14.0244       
# span 4 =    -1.8201,    17.8954       
# span 5 =     -5.562,     41.635       
# span 6 =     0.0454,    33.3546       
# span 7 =    -0.7218,    26.0105       
# span 8 = 0.0000e+00, 0.0000e+00       
# interval = seconds: 0.5
# start_time = May 25 2012 11:26:05 [Instrument's time stamp, header]
# bad_flag = -9.990e-29
*END*
[from data line 1441]
 146.484786      5.557  33.739678    11.2320     7.5212      5.511    29.5690    22.5105 0.0000e+00
 146.484792      5.224  33.342629    11.2663     7.5071      5.180    29.1567    22.1844 0.0000e+00
 146.484797      4.886  33.085837    11.3084     7.4894      4.845    28.8753    21.9587 0.0000e+00
 146.484803      4.547  32.868274    11.3571     7.4682      4.509    28.6276    21.7581 0.0000e+00
 146.484809      4.212  32.618903    11.4011     7.4703      4.177    28.3537    21.5379 0.0000e+00
 146.484815      3.885  32.375870    11.4351     8.4489      3.853    28.0943    21.3309 0.0000e+00
 146.484821      3.570  32.159205    11.4634     7.4411      3.540    27.8652    21.1483 0.0000e+00
 146.484826      3.269  31.996229    11.4933     7.4112      3.242    27.6869    21.0048 0.0000e+00
 146.484832      2.980  31.882400    11.5311     7.3394      2.955    27.5500    20.8922 0.0000e+00
 146.484838      2.702  31.794670    11.5741     7.2531      2.679    27.4345    20.7953 0.0000e+00
 146.484844      2.434  31.725764    11.6102     7.1843      2.414    27.3422    20.7176 0.0000e+00
 146.484850      2.176  31.649290    11.6359     8.1871      2.158    27.2506    20.6422 0.0000e+00
 146.484855      1.930  31.503024    11.6567     8.1580      1.914    27.0964    20.5190 0.0000e+00
 146.484861      1.695  31.122172    11.6754 -9.990e-29      1.681    26.7213    20.2252 0.0000e+00
 146.484867      1.480  30.009570    11.6875 -9.990e-29      1.468    25.6605    19.4013 0.0000e+00
 146.484873      1.292  26.687346    11.6858 -9.990e-29      1.281    22.5520    16.9949 0.0000e+00
 146.484878      1.131  24.162845    11.6685 -9.990e-29      1.122    20.2313    15.2024 0.0000e+00
 146.484884      0.996  26.551805    11.6415 -9.990e-29      0.988    22.4529    16.9255 -9.990e-29
 146.484890      0.888  29.661857    11.6132 -9.990e-29      0.881    25.3837    19.1993 -9.990e-29
 146.484896      0.806  30.176464    11.5875 -9.990e-29      0.799    25.8878    19.5942 -9.990e-29
 146.484902      0.752  28.733638    11.5659 -9.990e-29      0.746    24.5409    18.5543 -9.990e-29
 146.484907      0.720  23.401212    11.5565 -9.990e-29      0.714    19.5927    14.7259 -9.990e-29
 146.484913      0.710  15.389033 -9.990e-29 -9.990e-29      0.704 -9.990e-29 -9.990e-29 -9.990e-29
