data/oxygen options/ONMS/Olympic_Coast_National_Marine_Sanctuary_CTD_Data_2005_2023/raw_data/2012/CAST_CA042_121009faed.cnv
* Sea-Bird SBE19 Data File:
* FileName = C:\Documents and Settings\OCNMS\Desktop\2012 mooring data\RECOVERY\CAST_CA042_121009.hex
* Software Version 1.25
* Temperature SN = 2997
* Conductivity SN = 2997
* System UpLoad Time = Oct 09 2012 15:49:04
** CAST_CA042_121009
* SEACAT PROFILER V3.1c SN 2997   10/09/12  15:47:30.549
# nquan = 9                                 
# nvalues = 5500                        
# units = specified
# name 0 = timeJ: Julian Days
# name 1 = prSM: Pressure, Strain Gauge [db]
# name 2 = c0mS/cm: Conductivity [mS/cm]
# name 3 = t090C: Temperature [ITS-90, deg C]
# name 4 = sbeox0ML/L: Oxygen, SBE 43 [ml/l]
# name 5 = depSM: Depth [salt water, m], lat = 47.5
# name 6 = sal00: Salinity, Practical [PSU]
# name 7 = sigma-é00: Density [sigma-theta, kg/m^3]
# name 8 = flag: flag
# span 0 = 283.533044, 283.564867       
# span 1 =     -4.935,     44.080       
# span 2 =   0.249034,  36.045726       
# span 3 =     7.9572,    11.5973       
# span 4 =   -16.1227,    14.4112       
# span 5 =     -4.894,     43.707       
# span 6 =     0.1615,    33.5002       
# span 7 =    -0.3149,    26.0869       
# span 8 = 0.0000e+00, 0.0000e+00       
# interval = seconds: 0.5
# start_time = Oct 09 2012 12:47:35 [Instrument's time stamp, header]
# bad_flag = -9.990e-29
*END*
[from data line 4481]
 283.558976      1.222   0.449964    11.3826    -1.8764      1.212     0.2969    -0.1998 -9.990e-29
 283.558981      1.226   0.448425    11.3823    -1.8762      1.216     0.2959    -0.2005 -9.990e-29
 283.558987      1.227   0.447680    11.3821    -1.8760      1.217     0.2954    -0.2009 -9.990e-29
 283.558993      1.223   0.447846    11.3827    -1.8760      1.213     0.2955    -0.2009 -9.990e-29
 283.558999      1.216   0.447483    11.3834    -1.8760      1.206     0.2952    -0.2012 -9.990e-29
 283.559005      1.210   0.446109    11.3846    -1.8760      1.200     0.2943    -0.2020 -9.990e-29
 283.559010      1.205   0.444660    11.3871    -1.8761      1.195     0.2933    -0.2031 -9.990e-29
 283.559016      1.206   0.443420    11.3896    -1.8761      1.196     0.2924    -0.2040 -9.990e-29
 283.559022      1.211   0.442396    11.3910    -1.8760      1.201     0.2917    -0.2047 -9.990e-29
 283.559028      1.213   0.441885    11.3923    -1.8760      1.203     0.2913    -0.2052 -9.990e-29
 283.559034      1.212   0.441763    11.3945    -1.8758      1.202     0.2912    -0.2055 -9.990e-29
 283.559039      1.213   0.441866    11.3969    -1.8758      1.203     0.2913    -0.2057 -9.990e-29
 283.559045      1.214   0.441780    11.3984    -1.8758      1.204     0.2912    -0.2059 -9.990e-29
 283.559051      1.217   0.440839    11.3991    -1.8758      1.207     0.2906    -0.2065 -9.990e-29
 283.559057      1.221   0.439449    11.3991    -1.8754      1.211     0.2896    -0.2072 -9.990e-29
 283.559062      1.227   0.438527    11.3992    -1.8756      1.217     0.2890    -0.2077 -9.990e-29
 283.559068      1.235   0.437951    11.4002    -1.8758      1.225     0.2886    -0.2081 -9.990e-29
 283.559074      1.242   0.436956    11.4015    -1.8759      1.232     0.2879    -0.2088 -9.990e-29
 283.559080      1.242   0.435324    11.4029    -1.8760      1.232     0.2868    -0.2099 -9.990e-29
 283.559086      1.238   0.433648    11.4044    -1.8762      1.228     0.2856    -0.2109 -9.990e-29
 283.559091      1.228   0.432461    11.4055    -1.8764      1.218     0.2848    -0.2117 -9.990e-29
 283.559097      1.215   0.431843    11.4066    -1.8766      1.205     0.2844    -0.2121 -9.990e-29
 283.559103      1.204   0.430971    11.4081    -1.8766      1.194     0.2838    -0.2128 -9.990e-29
 283.559109      1.193   0.429237    11.4096    -1.8764      1.183     0.2826    -0.2138 -9.990e-29
 283.559115      1.187   0.427650    11.4096    -1.8765      1.177     0.2815    -0.2147 -9.990e-29
 283.559120      1.188   0.426310    11.4079    -1.8767      1.178     0.2806    -0.2152 -9.990e-29
 283.559126      1.194   0.423984    11.4054    -1.8767      1.184     0.2791    -0.2162 -9.990e-29
 283.559132      1.199   0.421449    11.4025    -1.8768      1.189     0.2774    -0.2172 -9.990e-29
 283.559138      1.205   0.420308    11.3993    -1.8770      1.195     0.2766    -0.2174 -9.990e-29
 283.559144      1.211   0.419595    11.3961    -1.8769      1.201     0.2762    -0.2174 -9.990e-29
 283.559149      1.219   0.417805    11.3936    -1.8772      1.209     0.2750    -0.2181 -9.990e-29
 283.559155      1.224   0.415874    11.3925    -1.8775      1.214     0.2737    -0.2190 -9.990e-29
 283.559161      1.222   0.415105    11.3924    -1.8775      1.212     0.2731    -0.2194 -9.990e-29
 283.559167      1.218   0.415026    11.3917    -1.8776      1.208     0.2731    -0.2194 -9.990e-29
 283.559172      1.215   0.414427    11.3900    -1.8776      1.205     0.2727    -0.2195 -9.990e-29
 283.559178      1.214   0.413063    11.3881    -1.8776      1.204     0.2718    -0.2200 -9.990e-29
 283.559184      1.213   0.411886    11.3862    -1.8778      1.203     0.2710    -0.2204 -9.990e-29
 283.559190      1.214   0.410988    11.3842    -1.8778      1.204     0.2704    -0.2207 -9.990e-29
 283.559196      1.216   0.409726    11.3818    -1.8776      1.206     0.2696    -0.2211 -9.990e-29
 283.559201      1.220   0.408633    11.3785    -1.8775      1.210     0.2688    -0.2213 -9.990e-29
 283.559207      1.226   0.407914    11.3750    -1.8774      1.216     0.2684    -0.2213 -9.990e-29
 283.559213      1.233   0.406610    11.3727    -1.8776      1.223     0.2675    -0.2217 -9.990e-29
 283.559219      1.243   0.405197    11.3714    -1.8777      1.233     0.2666    -0.2223 -9.990e-29
 283.559225      1.252   0.404562    11.3704    -1.8779      1.242     0.2661    -0.2225 -9.990e-29
 283.559230      1.255   0.403861    11.3695    -1.8780      1.245     0.2657    -0.2228 -9.990e-29
 283.559236      1.259   0.402713    11.3688    -1.8781      1.248     0.2649    -0.2233 -9.990e-29
 283.559242      1.262   0.401802    11.3692    -1.8781      1.251     0.2643    -0.2239 -9.990e-29
 283.559248      1.261   0.401020    11.3709    -1.8783      1.250     0.2637    -0.2245 -9.990e-29
 283.559253      1.261   0.399882    11.3725    -1.8782      1.250     0.2630    -0.2253 -9.990e-29
 283.559259      1.260   0.398530    11.3725    -1.8784      1.249     0.2620    -0.2260 -9.990e-29
 283.559265      1.254   0.397379    11.3709    -1.8783      1.244     0.2613    -0.2264 -9.990e-29
 283.559271      1.249   0.396557    11.3686    -1.8781      1.239     0.2607    -0.2266 -9.990e-29
 283.559277      1.247   0.395522    11.3660    -1.8781      1.237     0.2600    -0.2268 -9.990e-29
 283.559282      1.248   0.394000    11.3635    -1.8782      1.238     0.2590    -0.2274 -9.990e-29
 283.559288      1.252   0.392733    11.3615    -1.8781      1.242     0.2582    -0.2278 -9.990e-29
 283.559294      1.260   0.392245    11.3603    -1.8783      1.249     0.2579    -0.2279 -9.990e-29
 283.559300      1.273   0.391887    11.3594    -1.8784      1.262     0.2576    -0.2280 -9.990e-29
 283.559306      1.286   0.390631    11.3583    -1.8783      1.275     0.2568    -0.2286 -9.990e-29
 283.559311      1.292   0.389018    11.3576    -1.8784      1.281     0.2557    -0.2294 -9.990e-29
 283.559317      1.288   0.388219    11.3583    -1.8783      1.277     0.2552    -0.2299 -9.990e-29
 283.559323      1.276   0.387723    11.3598    -1.8784      1.265     0.2548    -0.2303 -9.990e-29
 283.559329      1.266   0.386869    11.3608    -1.8783      1.255     0.2542    -0.2309 -9.990e-29
 283.559334      1.260   0.385627    11.3610    -1.8784      1.249     0.2534    -0.2315 -9.990e-29
 283.559340      1.254   0.384002    11.3602    -1.8784      1.244     0.2523    -0.2323 -9.990e-29
 283.559346      1.243   0.382598    11.3588    -1.8783      1.233     0.2513    -0.2329 -9.990e-29
 283.559352      1.231   0.381757    11.3577    -1.8783      1.221     0.2508    -0.2332 -9.990e-29
 283.559358      1.221   0.380912    11.3572    -1.8785      1.211     0.2502    -0.2336 -9.990e-29
 283.559363      1.213   0.380047    11.3572    -1.8785      1.203     0.2496    -0.2341 -9.990e-29
 283.559369      1.207   0.379668    11.3574    -1.8786      1.197     0.2494    -0.2343 -9.990e-29
 283.559375      1.205   0.379272    11.3578    -1.8786      1.195     0.2491    -0.2345 -9.990e-29
 283.559381      1.209   0.378332    11.3581    -1.8788      1.199     0.2485    -0.2351 -9.990e-29
 283.559387      1.209   0.377256    11.3580    -1.8788      1.199     0.2477    -0.2356 -9.990e-29
 283.559392      1.206   0.376271    11.3581    -1.8787      1.196     0.2471    -0.2362 -9.990e-29
 283.559398      1.203   0.375173    11.3583    -1.8786      1.193     0.2463    -0.2368 -9.990e-29
 283.559404      1.201   0.374159    11.3576    -1.8786      1.191     0.2457    -0.2372 -9.990e-29
 283.559410      1.199   0.373539    11.3561    -1.8786      1.189     0.2452    -0.2374 -9.990e-29
 283.559416      1.198   0.373041    11.3548    -1.8785      1.188     0.2449    -0.2375 -9.990e-29
 283.559421      1.197   0.372004    11.3538    -1.8784      1.187     0.2442    -0.2379 -9.990e-29
 283.559427      1.197   0.370706    11.3527    -1.8784      1.187     0.2434    -0.2385 -9.990e-29
 283.559433      1.196   0.370186    11.3516    -1.8784      1.186     0.2430    -0.2387 -9.990e-29
 283.559439      1.196   0.369752    11.3514    -1.8783      1.186     0.2427    -0.2389 -9.990e-29
 283.559444      1.195   0.368270    11.3523    -1.8784      1.185     0.2417    -0.2398 -9.990e-29
 283.559450      1.195   0.366534    11.3533    -1.8784      1.185     0.2405    -0.2408 -9.990e-29
 283.559456      1.195   0.365554    11.3542    -1.8786      1.185     0.2399    -0.2414 -9.990e-29
 283.559462      1.195   0.365132    11.3554    -1.8787      1.185     0.2396    -0.2418 -9.990e-29
 283.559468      1.195   0.364705    11.3570    -1.8788      1.185     0.2393    -0.2422 -9.990e-29
 283.559473      1.195   0.363702    11.3584    -1.8788      1.185     0.2386    -0.2428 -9.990e-29
 283.559479      1.195   0.362446    11.3592    -1.8790      1.185     0.2377    -0.2436 -9.990e-29
 283.559485      1.195   0.362028    11.3599    -1.8791      1.185     0.2375    -0.2439 -9.990e-29
 283.559491      1.195   0.361891    11.3604    -1.8790      1.185     0.2374    -0.2440 -9.990e-29
 283.559497      1.195   0.360741    11.3596    -1.8791      1.185     0.2366    -0.2445 -9.990e-29
 283.559502      1.196   0.359260    11.3578    -1.8790      1.186     0.2356    -0.2451 -9.990e-29
 283.559508      1.196   0.358791    11.3555    -1.8790      1.186     0.2353    -0.2451 -9.990e-29
 283.559514      1.197   0.358708    11.3532    -1.8789      1.187     0.2353    -0.2449 -9.990e-29
 283.559520      1.198   0.357793    11.3512    -1.8789      1.188     0.2346    -0.2452 -9.990e-29
 283.559525      1.199   0.356487    11.3494    -1.8789      1.189     0.2338    -0.2457 -9.990e-29
 283.559531      1.200   0.355815    11.3477    -1.8788      1.190     0.2333    -0.2458 -9.990e-29
 283.559537      1.202   0.355433    11.3469    -1.8789      1.192     0.2331    -0.2459 -9.990e-29
 283.559543      1.204   0.354275    11.3466    -1.8790      1.194     0.2323    -0.2465 -9.990e-29
 283.559549      1.207   0.353010    11.3465    -1.8791      1.197     0.2315    -0.2472 -9.990e-29
 283.559554      1.211   0.352718    11.3470    -1.8792      1.201     0.2313    -0.2474 -9.990e-29
 283.559560      1.216   0.352457    11.3483    -1.8792      1.206     0.2311    -0.2477 -9.990e-29
 283.559566      1.222   0.351323    11.3494    -1.8795      1.212     0.2303    -0.2484 -9.990e-29
 283.559572      1.225   0.350017    11.3499    -1.8793      1.215     0.2294    -0.2491 -9.990e-29
 283.559578      1.223   0.349562    11.3503    -1.8793      1.213     0.2291    -0.2494 -9.990e-29
 283.559583      1.217   0.349351    11.3507    -1.8793      1.207     0.2290    -0.2496 -9.990e-29
 283.559589      1.214   0.347997    11.3501    -1.8793      1.204     0.2281    -0.2502 -9.990e-29
 283.559595      1.211   0.346460    11.3485    -1.8792      1.201     0.2270    -0.2509 -9.990e-29
 283.559601      1.210   0.346010    11.3466    -1.8791      1.200     0.2267    -0.2509 -9.990e-29
 283.559606      1.209   0.345492    11.3448    -1.8789      1.199     0.2264    -0.2510 -9.990e-29
 283.559612      1.210   0.344216    11.3432    -1.8787      1.200     0.2255    -0.2514 -9.990e-29
 283.559618      1.211   0.343245    11.3422    -1.8787      1.201     0.2249    -0.2518 -9.990e-29
 283.559624      1.209   0.342944    11.3421    -1.8786      1.199     0.2247    -0.2520 -9.990e-29
 283.559630      1.200   0.342356    11.3422    -1.8786      1.190     0.2243    -0.2523 -9.990e-29
 283.559635      1.187   0.341251    11.3425    -1.8787      1.177     0.2236    -0.2529 -9.990e-29
 283.559641      1.177   0.340368    11.3438    -1.8787      1.167     0.2230    -0.2535 -9.990e-29
 283.559647      1.175   0.339636    11.3460    -1.8787      1.165     0.2225    -0.2542 -9.990e-29
 283.559653      1.176   0.338629    11.3490    -1.8786      1.166     0.2218    -0.2550 -9.990e-29
 283.559659      1.176   0.337665    11.3524    -1.8785      1.166     0.2211    -0.2559 -9.990e-29
 283.559664      1.175   0.337118    11.3553    -1.8786      1.165     0.2207    -0.2565 -9.990e-29
 283.559670      1.173   0.336812    11.3571    -1.8785      1.163     0.2205    -0.2569 -9.990e-29
 283.559676      1.173   0.336336    11.3583    -1.8785      1.163     0.2202    -0.2573 -9.990e-29
 283.559682      1.181   0.335608    11.3588    -1.8784      1.171     0.2197    -0.2577 -9.990e-29
 283.559688      1.192   0.334763    11.3585    -1.8784      1.182     0.2191    -0.2581 -9.990e-29
 283.559693      1.203   0.333782    11.3584    -1.8782      1.193     0.2184    -0.2586 -9.990e-29
 283.559699      1.210   0.333013    11.3587    -1.8779      1.200     0.2179    -0.2591 -9.990e-29
 283.559705      1.210   0.332539    11.3598    -1.8779      1.200     0.2176    -0.2594 -9.990e-29
 283.559711      1.207   0.331727    11.3611    -1.8778      1.197     0.2171    -0.2600 -9.990e-29
 283.559716      1.204   0.330600    11.3621    -1.8778      1.194     0.2163    -0.2607 -9.990e-29
 283.559722      1.202   0.329867    11.3631    -1.8779      1.192     0.2158    -0.2612 -9.990e-29
 283.559728      1.200   0.329656    11.3644    -1.8780      1.190     0.2156    -0.2615 -9.990e-29
 283.559734      1.199   0.329132    11.3657    -1.8780      1.189     0.2153    -0.2619 -9.990e-29
 283.559740      1.198   0.328149    11.3675    -1.8781      1.188     0.2146    -0.2626 -9.990e-29
 283.559745      1.198   0.327610    11.3706    -1.8781      1.188     0.2142    -0.2632 -9.990e-29
 283.559751      1.198   0.327346    11.3743    -1.8782      1.188     0.2140    -0.2638 -9.990e-29
 283.559757      1.198   0.326451    11.3770    -1.8782      1.188     0.2134    -0.2646 -9.990e-29
 283.559763      1.198   0.325392    11.3783    -1.8783      1.188     0.2127    -0.2653 -9.990e-29
 283.559769      1.199   0.324969    11.3786    -1.8782      1.189     0.2124    -0.2655 -9.990e-29
 283.559774      1.199   0.324618    11.3779    -1.8782      1.189     0.2122    -0.2656 -9.990e-29
 283.559780      1.200   0.323870    11.3767    -1.8782      1.190     0.2117    -0.2659 -9.990e-29
 283.559786      1.202   0.322833    11.3755    -1.8781      1.192     0.2110    -0.2663 -9.990e-29
 283.559792      1.204   0.321783    11.3743    -1.8781      1.194     0.2103    -0.2667 -9.990e-29
 283.559797      1.207   0.321532    11.3732    -1.8779      1.197     0.2101    -0.2667 -9.990e-29
 283.559803      1.210   0.321744    11.3723    -1.8780      1.200     0.2103    -0.2665 -9.990e-29
 283.559809      1.215   0.321040    11.3717    -1.8782      1.205     0.2098    -0.2668 -9.990e-29
 283.559815      1.221   0.319588    11.3715    -1.8783      1.211     0.2089    -0.2675 -9.990e-29
 283.559821      1.224   0.318771    11.3718    -1.8783      1.214     0.2083    -0.2680 -9.990e-29
 283.559826      1.221   0.318606    11.3723    -1.8782      1.211     0.2082    -0.2682 -9.990e-29
 283.559832      1.215   0.317766    11.3729    -1.8781      1.205     0.2076    -0.2687 -9.990e-29
 283.559838      1.210   0.316235    11.3739    -1.8780      1.200     0.2066    -0.2696 -9.990e-29
 283.559844      1.207   0.315291    11.3751    -1.8778      1.197     0.2060    -0.2702 -9.990e-29
 283.559850      1.204   0.315335    11.3758    -1.8778      1.194     0.2060    -0.2703 -9.990e-29
 283.559855      1.202   0.315319    11.3751    -1.8779      1.192     0.2060    -0.2702 -9.990e-29
 283.559861      1.200   0.314666    11.3734    -1.8779      1.190     0.2055    -0.2703 -9.990e-29
 283.559867      1.199   0.314163    11.3721    -1.8779      1.189     0.2052    -0.2705 -9.990e-29
 283.559873      1.198   0.313694    11.3720    -1.8778      1.188     0.2049    -0.2707 -9.990e-29
 283.559878      1.197   0.312630    11.3732    -1.8775      1.187     0.2042    -0.2714 -9.990e-29
 283.559884      1.196   0.311766    11.3754    -1.8773      1.186     0.2036    -0.2721 -9.990e-29
 283.559890      1.196   0.311611    11.3780    -1.8771      1.186     0.2035    -0.2725 -9.990e-29
