data/oxygen options/ONMS/Olympic_Coast_National_Marine_Sanctuary_CTD_Data_2005_2023/raw_data/2012/CAST_CE015_120524faed.cnv
* Sea-Bird SBE19 Data File:
* FileName = C:\Documents and Settings\OCNMS\Desktop\2012 mooring data\Deployment May\CAST_CE015_120524.hex
* Software Version 1.25
* Temperature SN = 2997
* Conductivity SN = 2997
* System UpLoad Time = May 24 2012 19:36:01
** CAST_CE015_120524
* SEACAT PROFILER V3.1c SN 2997   05/24/12  19:34:22.105
# nquan = 9                                 
# nvalues = 1088                        
# units = specified
# name 0 = timeJ: Julian Days
# name 1 = prSM: Pressure, Strain Gauge [db]
# name 2 = c0mS/cm: Conductivity [mS/cm]
# name 3 = t090C: Temperature [ITS-90, deg C]
# name 4 = sbeox0ML/L: Oxygen, SBE 43 [ml/l]
# name 5 = depSM: Depth [salt water, m], lat = 47.5
# name 6 = sal00: Salinity, Practical [PSU]
# name 7 = sigma-é00: Density [sigma-theta, kg/m^3]
# name 8 = flag: flag
# span 0 = 145.553391, 145.559682       
# span 1 =     -5.707,     10.713       
# span 2 =   0.037375,  33.197719       
# span 3 =    10.8750,    12.9435       
# span 4 =    -1.8556,    17.8686       
# span 5 =     -5.659,     10.623       
# span 6 =     0.0258,    29.3246       
# span 7 =    -0.5936,    22.3814       
# span 8 = 0.0000e+00, 0.0000e+00       
# interval = seconds: 0.5
# start_time = May 24 2012 13:16:53 [Instrument's time stamp, header]
# bad_flag = -9.990e-29
*END*
 145.553391     -5.707 -9.990e-29    12.9435    -1.8143     -5.659 -9.990e-29 -9.990e-29 -9.990e-29
 145.553397     -5.678   0.037375    12.9411    -1.8133     -5.631     0.0258    -0.5936 -9.990e-29
 145.553403     -5.644   0.037420    12.9359    -1.8113     -5.597     0.0258    -0.5930 -9.990e-29
 145.553409     -5.609   0.037555    12.9299    -1.8102     -5.562     0.0259    -0.5922 -9.990e-29
 145.553414     -5.570   0.037960    12.9238    -1.8109     -5.524     0.0261    -0.5912 -9.990e-29
 145.553420     -5.528   0.038806    12.9168    -1.8127     -5.482     0.0266    -0.5899 -9.990e-29
 145.553426     -5.486   0.040115    12.9085    -1.8145     -5.440     0.0274    -0.5883 -9.990e-29
 145.553432     -5.444   0.042157    12.9000    -1.8158     -5.399     0.0285    -0.5863 -9.990e-29
 145.553438     -5.405   0.045992    12.8942    -1.8126     -5.360     0.0308    -0.5839 -9.990e-29
 145.553443     -5.366   0.053599    12.8951    -1.8143     -5.321     0.0352    -0.5805 -9.990e-29
 145.553449     -5.328   0.068479    12.9039    -1.8154     -5.284     0.0440    -0.5747 -9.990e-29
 145.553455     -5.295   0.098848    12.9143    -1.8159     -5.251     0.0623    -0.5618 -9.990e-29
 145.553461     -5.262   0.156974    12.9150    -1.8156     -5.218     0.0980    -0.5340 -9.990e-29
 145.553466     -5.229   0.239549    12.8976    -1.8157     -5.185     0.1499    -0.4912 -9.990e-29
 145.553472     -5.194   0.313313    12.8631    -1.8155     -5.151     0.1972    -0.4500 -9.990e-29
 145.553478     -5.157   0.363142    12.8252    -1.8151     -5.114     0.2296    -0.4200 -9.990e-29
 145.553484     -5.127   0.413959    12.7974    -1.8151     -5.084     0.2628    -0.3906 -9.990e-29
 145.553490     -5.105   0.474284    12.7782    -1.8164     -5.062     0.3025    -0.3573 -9.990e-29
 145.553495     -5.085   0.569745    12.7610    -1.8182     -5.043     0.3658    -0.3058 -9.990e-29
 145.553501     -5.061   0.690858    12.7480    -1.8206     -5.019     0.4468    -0.2410 -9.990e-29
 145.553507     -5.037   0.747174    12.7435    -1.8226     -4.995     0.4848    -0.2109 -9.990e-29
 145.553513     -5.015   0.732952    12.7458    -1.8244     -4.973     0.4752    -0.2187 -9.990e-29
 145.553519     -4.995   0.703987    12.7513    -1.8259     -4.953     0.4556    -0.2346 -9.990e-29
 145.553524     -4.974   0.676478    12.7577    -1.8272     -4.933     0.4371    -0.2498 -9.990e-29
 145.553530     -4.951   0.650291    12.7614    -1.8278     -4.910     0.4195    -0.2640 -9.990e-29
 145.553536     -4.925   0.625949    12.7552    -1.8284     -4.884     0.4033    -0.2759 -9.990e-29
 145.553542     -4.894   0.606434    12.7335    -1.8296     -4.853     0.3905    -0.2831 -9.990e-29
 145.553547     -4.860   0.589533    12.6980    -1.8311     -4.819     0.3796    -0.2872 -9.990e-29
 145.553553     -4.827   0.571539    12.6555    -1.8323     -4.787     0.3680    -0.2910 -9.990e-29
 145.553559     -4.790   0.551160    12.6126    -1.8329     -4.750     0.3548    -0.2960 -9.990e-29
 145.553565     -4.757   0.530013    12.5729    -1.8334     -4.717     0.3411    -0.3018 -9.990e-29
 145.553571     -4.735   0.511463    12.5387    -1.8336     -4.696     0.3290    -0.3071 -9.990e-29
 145.553576     -4.717   0.496798    12.5116    -1.8344     -4.678     0.3195    -0.3112 -9.990e-29
 145.553582     -4.698   0.484734    12.4910    -1.8353     -4.659     0.3117    -0.3148 -9.990e-29
 145.553588     -4.677   0.473581    12.4712    -1.8360     -4.638     0.3044    -0.3181 -9.990e-29
 145.553594     -4.652   0.462307    12.4473    -1.8369     -4.613     0.2971    -0.3209 -9.990e-29
 145.553600     -4.623   0.451937    12.4213    -1.8377     -4.584     0.2904    -0.3230 -9.990e-29
 145.553605     -4.590   0.443593    12.3987    -1.8382     -4.552     0.2851    -0.3244 -9.990e-29
 145.553611     -4.561   0.435561    12.3816    -1.8386     -4.523     0.2799    -0.3264 -9.990e-29
 145.553617     -4.539   0.427094    12.3691    -1.8392     -4.501     0.2744    -0.3293 -9.990e-29
 145.553623     -4.517   0.419084    12.3580    -1.8403     -4.479     0.2691    -0.3320 -9.990e-29
 145.553628     -4.490   0.410817    12.3443    -1.8409     -4.453     0.2638    -0.3346 -9.990e-29
 145.553634     -4.461   0.401789    12.3280    -1.8414     -4.424     0.2579    -0.3372 -9.990e-29
 145.553640     -4.431   0.392696    12.3110    -1.8422     -4.394     0.2520    -0.3398 -9.990e-29
 145.553646     -4.399   0.384700    12.2940    -1.8430     -4.362     0.2468    -0.3418 -9.990e-29
 145.553652     -4.368   0.377656    12.2781    -1.8437     -4.332     0.2423    -0.3435 -9.990e-29
 145.553657     -4.339   0.371031    12.2646    -1.8444     -4.303     0.2380    -0.3452 -9.990e-29
 145.553663     -4.310   0.365954    12.2517    -1.8448     -4.274     0.2347    -0.3462 -9.990e-29
 145.553669     -4.285   0.362300    12.2363    -1.8448     -4.249     0.2324    -0.3462 -9.990e-29
 145.553675     -4.266   0.359071    12.2190    -1.8445     -4.230     0.2304    -0.3458 -9.990e-29
 145.553681     -4.247   0.355838    12.2031    -1.8444     -4.212     0.2284    -0.3455 -9.990e-29
 145.553686     -4.223   0.351612    12.1885    -1.8454     -4.188     0.2257    -0.3459 -9.990e-29
 145.553692     -4.196   0.346295    12.1732    -1.8464     -4.161     0.2222    -0.3468 -9.990e-29
 145.553698     -4.170   0.340545    12.1577    -1.8472     -4.135     0.2185    -0.3479 -9.990e-29
 145.553704     -4.142   0.334448    12.1433    -1.8475     -4.107     0.2146    -0.3493 -9.990e-29
 145.553709     -4.111   0.328178    12.1312    -1.8475     -4.077     0.2106    -0.3510 -9.990e-29
 145.553715     -4.079   0.322232    12.1233    -1.8478     -4.045     0.2067    -0.3531 -9.990e-29
 145.553721     -4.053   0.317537    12.1210    -1.8483     -4.019     0.2036    -0.3553 -9.990e-29
 145.553727     -4.030   0.314479    12.1214    -1.8490     -3.996     0.2016    -0.3569 -9.990e-29
 145.553733     -4.006   0.311193    12.1173    -1.8491     -3.973     0.1995    -0.3581 -9.990e-29
 145.553738     -3.983   0.305511    12.1047    -1.8488     -3.950     0.1958    -0.3595 -9.990e-29
 145.553744     -3.963   0.298161    12.0880    -1.8484     -3.930     0.1911    -0.3612 -9.990e-29
 145.553750     -3.946   0.291523    12.0738    -1.8484     -3.913     0.1868    -0.3629 -9.990e-29
 145.553756     -3.930   0.286155    12.0648    -1.8484     -3.897     0.1833    -0.3646 -9.990e-29
 145.553762     -3.915   0.280988    12.0590    -1.8488     -3.882     0.1800    -0.3666 -9.990e-29
 145.553767     -3.899   0.275777    12.0522    -1.8485     -3.866     0.1766    -0.3684 -9.990e-29
 145.553773     -3.882   0.271323    12.0434    -1.8477     -3.850     0.1737    -0.3697 -9.990e-29
 145.553779     -3.862   0.267776    12.0357    -1.8473     -3.830     0.1714    -0.3706 -9.990e-29
 145.553785     -3.838   0.264280    12.0334    -1.8469     -3.806     0.1692    -0.3721 -9.990e-29
 145.553791     -3.808   0.260602    12.0371    -1.8471     -3.776     0.1668    -0.3744 -9.990e-29
 145.553796     -3.776   0.256820    12.0425    -1.8470     -3.745     0.1643    -0.3769 -9.990e-29
 145.553802     -3.746   0.252321    12.0455    -1.8467     -3.715     0.1613    -0.3796 -9.990e-29
 145.553808     -3.723   0.247195    12.0457    -1.8461     -3.692     0.1580    -0.3822 -9.990e-29
 145.553814     -3.704   0.242910    12.0464    -1.8453     -3.673     0.1552    -0.3845 -9.990e-29
 145.553819     -3.688   0.240394    12.0522    -1.8447     -3.657     0.1535    -0.3864 -9.990e-29
 145.553825     -3.674   0.238504    12.0623    -1.8447     -3.643     0.1523    -0.3886 -9.990e-29
 145.553831     -3.661   0.235829    12.0722    -1.8448     -3.630     0.1505    -0.3911 -9.990e-29
 145.553837     -3.649   0.232125    12.0792    -1.8452     -3.619     0.1481    -0.3938 -9.990e-29
 145.553843     -3.636   0.227435    12.0834    -1.8454     -3.606     0.1450    -0.3967 -9.990e-29
 145.553848     -3.622   0.222146    12.0880    -1.8453     -3.592     0.1416    -0.3999 -9.990e-29
 145.553854     -3.607   0.217509    12.0963    -1.8458     -3.577     0.1386    -0.4033 -9.990e-29
 145.553860     -3.588   0.214538    12.1084    -1.8458     -3.558     0.1366    -0.4062 -9.990e-29
 145.553866     -3.564   0.212591    12.1221    -1.8453     -3.534     0.1353    -0.4088 -9.990e-29
 145.553872     -3.535   0.210181    12.1327    -1.8449     -3.506     0.1337    -0.4113 -9.990e-29
 145.553877     -3.503   0.206862    12.1370    -1.8445     -3.474     0.1316    -0.4134 -9.990e-29
 145.553883     -3.474   0.203743    12.1359    -1.8440     -3.445     0.1296    -0.4149 -9.990e-29
 145.553889     -3.450   0.201647    12.1322    -1.8434     -3.421     0.1283    -0.4155 -9.990e-29
 145.553895     -3.431   0.199992    12.1289    -1.8431     -3.402     0.1272    -0.4159 -9.990e-29
 145.553900     -3.414   0.198233    12.1266    -1.8432     -3.386     0.1261    -0.4165 -9.990e-29
 145.553906     -3.400   0.196237    12.1250    -1.8429     -3.372     0.1248    -0.4174 -9.990e-29
 145.553912     -3.386   0.193004    12.1270    -1.8427     -3.358     0.1227    -0.4192 -9.990e-29
 145.553918     -3.372   0.188099    12.1337    -1.8425     -3.344     0.1196    -0.4225 -9.990e-29
 145.553924     -3.358   0.183284    12.1428    -1.8422     -3.330     0.1165    -0.4260 -9.990e-29
 145.553929     -3.342   0.179888    12.1531    -1.8417     -3.314     0.1143    -0.4289 -9.990e-29
 145.553935     -3.323   0.177810    12.1643    -1.8415     -3.295     0.1129    -0.4312 -9.990e-29
 145.553941     -3.304   0.176493    12.1744    -1.8407     -3.276     0.1120    -0.4331 -9.990e-29
 145.553947     -3.289   0.175287    12.1814    -1.8399     -3.262     0.1113    -0.4345 -9.990e-29
 145.553953     -3.272   0.173691    12.1862    -1.8392     -3.245     0.1102    -0.4359 -9.990e-29
 145.553958     -3.248   0.171791    12.1912    -1.8386     -3.221     0.1090    -0.4374 -9.990e-29
 145.553964     -3.220   0.170928    12.1966    -1.8385     -3.193     0.1084    -0.4385 -9.990e-29
 145.553970     -3.194   0.171613    12.2026    -1.8385     -3.167     0.1089    -0.4389 -9.990e-29
 145.553976     -3.172   0.172546    12.2104    -1.8383     -3.146     0.1094    -0.4393 -9.990e-29
 145.553981     -3.155   0.172757    12.2197    -1.8383     -3.129     0.1095    -0.4403 -9.990e-29
 145.553987     -3.140   0.172525    12.2307    -1.8386     -3.114     0.1094    -0.4418 -9.990e-29
 145.553993     -3.126   0.172650    12.2450    -1.8383     -3.100     0.1094    -0.4434 -9.990e-29
 145.553999     -3.113   0.173298    12.2610    -1.8379     -3.087     0.1098    -0.4450 -9.990e-29
 145.554005     -3.100   0.173672    12.2756    -1.8375     -3.074     0.1100    -0.4466 -9.990e-29
 145.554010     -3.086   0.173165    12.2864    -1.8370     -3.060     0.1096    -0.4481 -9.990e-29
 145.554016     -3.069   0.172761    12.2923    -1.8366     -3.043     0.1094    -0.4490 -9.990e-29
 145.554022     -3.050   0.174136    12.2950    -1.8360     -3.025     0.1102    -0.4487 -9.990e-29
 145.554028     -3.031   0.177462    12.2963    -1.8355     -3.006     0.1123    -0.4472 -9.990e-29
 145.554034     -3.015   0.181640    12.2964    -1.8349     -2.990     0.1150    -0.4451 -9.990e-29
 145.554039     -2.998   0.185600    12.2967    -1.8342     -2.973     0.1175    -0.4432 -9.990e-29
 145.554045     -2.976   0.189086    12.2998    -1.8337     -2.951     0.1197    -0.4418 -9.990e-29
 145.554051     -2.955   0.193425    12.3064    -1.8332     -2.930     0.1225    -0.4404 -9.990e-29
 145.554057     -2.932   0.199977    12.3150    -1.8327     -2.908     0.1266    -0.4382 -9.990e-29
 145.554062     -2.910   0.207513    12.3245    -1.8322     -2.886     0.1314    -0.4356 -9.990e-29
 145.554068     -2.892   0.213907    12.3349    -1.8320     -2.868     0.1355    -0.4337 -9.990e-29
 145.554074     -2.877   0.219381    12.3466    -1.8318     -2.853     0.1390    -0.4323 -9.990e-29
 145.554080     -2.864   0.225145    12.3595    -1.8315     -2.840     0.1426    -0.4310 -9.990e-29
 145.554086     -2.852   0.230029    12.3735    -1.8313     -2.828     0.1457    -0.4303 -9.990e-29
 145.554091     -2.840   0.231689    12.3878    -1.8312     -2.816     0.1467    -0.4312 -9.990e-29
 145.554097     -2.829   0.230126    12.4012    -1.8311     -2.805     0.1457    -0.4336 -9.990e-29
 145.554103     -2.816   0.227130    12.4138    -1.8311     -2.793     0.1437    -0.4366 -9.990e-29
 145.554109     -2.801   0.224241    12.4257    -1.8309     -2.778     0.1418    -0.4396 -9.990e-29
 145.554115     -2.783   0.222034    12.4361    -1.8311     -2.760     0.1404    -0.4419 -9.990e-29
 145.554120     -2.762   0.220336    12.4441    -1.8315     -2.739     0.1392    -0.4438 -9.990e-29
 145.554126     -2.739   0.219094    12.4503    -1.8317     -2.716     0.1384    -0.4451 -9.990e-29
 145.554132     -2.718   0.218313    12.4557    -1.8318     -2.695     0.1379    -0.4462 -9.990e-29
 145.554138     -2.697   0.218055    12.4600    -1.8317     -2.675     0.1377    -0.4469 -9.990e-29
 145.554144     -2.680   0.218530    12.4632    -1.8316     -2.658     0.1380    -0.4470 -9.990e-29
 145.554149     -2.665   0.219262    12.4654    -1.8313     -2.643     0.1385    -0.4469 -9.990e-29
 145.554155     -2.646   0.219566    12.4667    -1.8313     -2.624     0.1387    -0.4469 -9.990e-29
 145.554161     -2.628   0.219846    12.4667    -1.8309     -2.606     0.1388    -0.4468 -9.990e-29
 145.554167     -2.614   0.221026    12.4640    -1.8310     -2.592     0.1396    -0.4459 -9.990e-29
 145.554172     -2.601   0.222467    12.4590    -1.8308     -2.579     0.1406    -0.4445 -9.990e-29
 145.554178     -2.590   0.222768    12.4544    -1.8306     -2.568     0.1408    -0.4438 -9.990e-29
 145.554184     -2.581   0.222328    12.4524    -1.8310     -2.559     0.1405    -0.4438 -9.990e-29
 145.554190     -2.571   0.222218    12.4536    -1.8308     -2.550     0.1404    -0.4440 -9.990e-29
 145.554196     -2.561   0.222292    12.4571    -1.8304     -2.540     0.1404    -0.4444 -9.990e-29
 145.554201     -2.550   0.221540    12.4615    -1.8301     -2.529     0.1399    -0.4453 -9.990e-29
 145.554207     -2.537   0.219510    12.4658    -1.8298     -2.516     0.1386    -0.4468 -9.990e-29
 145.554213     -2.521   0.216816    12.4696    -1.8294     -2.500     0.1369    -0.4487 -9.990e-29
 145.554219     -2.503   0.214292    12.4728    -1.8290     -2.482     0.1353    -0.4503 -9.990e-29
 145.554225     -2.479   0.212447    12.4758    -1.8280     -2.458     0.1341    -0.4516 -9.990e-29
 145.554230     -2.453   0.211033    12.4778    -1.8271     -2.433     0.1332    -0.4525 -9.990e-29
 145.554236     -2.429   0.209269    12.4788    -1.8269     -2.409     0.1321    -0.4535 -9.990e-29
 145.554242     -2.403   0.207019    12.4823    -1.8267     -2.383     0.1306    -0.4551 -9.990e-29
 145.554248     -2.379   0.205153    12.4890    -1.8263     -2.359     0.1294    -0.4568 -9.990e-29
 145.554253     -2.359   0.203950    12.4972    -1.8259     -2.339     0.1286    -0.4585 -9.990e-29
 145.554259     -2.343   0.201803    12.5061    -1.8256     -2.323     0.1272    -0.4606 -9.990e-29
 145.554265     -2.329   0.198063    12.5164    -1.8256     -2.310     0.1248    -0.4637 -9.990e-29
 145.554271     -2.316   0.194937    12.5299    -1.8251     -2.297     0.1228    -0.4670 -9.990e-29
 145.554277     -2.304   0.193791    12.5467    -1.8245     -2.285     0.1220    -0.4696 -9.990e-29
 145.554282     -2.291   0.193097    12.5623    -1.8236     -2.272     0.1215    -0.4719 -9.990e-29
 145.554288     -2.278   0.191373    12.5733    -1.8236     -2.259     0.1204    -0.4741 -9.990e-29
 145.554294     -2.262   0.189640    12.5817    -1.8237     -2.243     0.1193    -0.4760 -9.990e-29
 145.554300     -2.244   0.189461    12.5903    -1.8234     -2.225     0.1192    -0.4771 -9.990e-29
 145.554306     -2.222   0.190040    12.5991    -1.8226     -2.203     0.1195    -0.4780 -9.990e-29
 145.554311     -2.198   0.189383    12.6064    -1.8224     -2.180     0.1191    -0.4792 -9.990e-29
