data/oxygen options/ONMS/Olympic_Coast_National_Marine_Sanctuary_CTD_Data_2005_2023/raw_data/2012/CAST_TH042_120525faed.cnv
* Sea-Bird SBE19 Data File:
* FileName = C:\Documents and Settings\OCNMS\Desktop\2012 mooring data\Deployment May\CAST_TH042_120525.hex
* Software Version 1.25
* Temperature SN = 2997
* Conductivity SN = 2997
* System UpLoad Time = May 25 2012 14:46:38
** CAST_TH042_120525
* SEACAT PROFILER V3.1c SN 2997   05/25/12  14:45:25.934
# nquan = 9                                 
# nvalues = 1464                        
# units = specified
# name 0 = timeJ: Julian Days
# name 1 = prSM: Pressure, Strain Gauge [db]
# name 2 = c0mS/cm: Conductivity [mS/cm]
# name 3 = t090C: Temperature [ITS-90, deg C]
# name 4 = sbeox0ML/L: Oxygen, SBE 43 [ml/l]
# name 5 = depSM: Depth [salt water, m], lat = 47.5
# name 6 = sal00: Salinity, Practical [PSU]
# name 7 = sigma-é00: Density [sigma-theta, kg/m^3]
# name 8 = flag: flag
# span 0 = 146.476447, 146.484913       
# span 1 =     -5.609,     41.990       
# span 2 =   0.072203,  35.446006       
# span 3 =     7.8038,    14.0244       
# span 4 =    -1.8201,    17.8954       
# span 5 =     -5.562,     41.635       
# span 6 =     0.0454,    33.3546       
# span 7 =    -0.7218,    26.0105       
# span 8 = 0.0000e+00, 0.0000e+00       
# interval = seconds: 0.5
# start_time = May 25 2012 11:26:05 [Instrument's time stamp, header]
# bad_flag = -9.990e-29
*END*
[from data line 161]
 146.477378     -2.206   0.139146    12.9533    -1.8101     -2.188     0.0869    -0.5474 -9.990e-29
 146.477384     -2.180   0.138308    12.9516    -1.8104     -2.162     0.0864    -0.5476 -9.990e-29
 146.477390     -2.159   0.137305    12.9529    -1.8109     -2.141     0.0857    -0.5483 -9.990e-29
 146.477396     -2.141   0.136461    12.9577    -1.8113     -2.123     0.0852    -0.5493 -9.990e-29
 146.477402     -2.121   0.135754    12.9643    -1.8116     -2.103     0.0848    -0.5505 -9.990e-29
 146.477407     -2.102   0.135346    12.9731    -1.8117     -2.084     0.0845    -0.5518 -9.990e-29
 146.477413     -2.087   0.135247    12.9842    -1.8111     -2.070     0.0844    -0.5533 -9.990e-29
 146.477419     -2.075   0.135324    12.9932    -1.8098     -2.058     0.0844    -0.5544 -9.990e-29
 146.477425     -2.066   0.135679    12.9955    -1.8088     -2.049     0.0847    -0.5545 -9.990e-29
 146.477431     -2.058   0.136228    12.9915    -1.8091     -2.041     0.0850    -0.5537 -9.990e-29
 146.477436     -2.052   0.136596    12.9841    -1.8097     -2.035     0.0852    -0.5526 -9.990e-29
 146.477442     -2.047   0.136719    12.9753    -1.8103     -2.030     0.0853    -0.5514 -9.990e-29
 146.477448     -2.042   0.136760    12.9674    -1.8106     -2.025     0.0854    -0.5504 -9.990e-29
 146.477454     -2.038   0.136774    12.9632    -1.8110     -2.021     0.0854    -0.5498 -9.990e-29
 146.477459     -2.033   0.136779    12.9659    -1.8113     -2.016     0.0854    -0.5502 -9.990e-29
 146.477465     -2.028   0.136780    12.9779    -1.8117     -2.011     0.0854    -0.5517 -9.990e-29
 146.477471     -2.023   0.136775    12.9956    -1.8119     -2.006     0.0853    -0.5540 -9.990e-29
 146.477477     -2.016   0.136758    13.0087    -1.8120     -1.999     0.0853    -0.5557 -9.990e-29
 146.477483     -2.008   0.136704    13.0098    -1.8121     -1.991     0.0853    -0.5558 -9.990e-29
 146.477488     -1.999   0.136541    13.0022    -1.8126     -1.982     0.0852    -0.5549 -9.990e-29
 146.477494     -1.986   0.136050    12.9920    -1.8128     -1.969     0.0849    -0.5539 -9.990e-29
 146.477500     -1.975   0.135128    12.9820    -1.8130     -1.959     0.0843    -0.5530 -9.990e-29
 146.477506     -1.969   0.134205    12.9728    -1.8129     -1.953     0.0838    -0.5523 -9.990e-29
 146.477512     -1.962   0.133709    12.9644    -1.8131     -1.946     0.0835    -0.5515 -9.990e-29
 146.477517     -1.950   0.133532    12.9574    -1.8130     -1.934     0.0834    -0.5507 -9.990e-29
 146.477523     -1.933   0.133436    12.9526    -1.8129     -1.917     0.0834    -0.5501 -9.990e-29
 146.477529     -1.909   0.133291    12.9489    -1.8130     -1.893     0.0833    -0.5497 -9.990e-29
 146.477535     -1.881   0.132903    12.9441    -1.8134     -1.865     0.0830    -0.5493 -9.990e-29
 146.477541     -1.856   0.132307    12.9378    -1.8136     -1.841     0.0827    -0.5487 -9.990e-29
 146.477546     -1.837   0.131815    12.9320    -1.8137     -1.822     0.0824    -0.5482 -9.990e-29
 146.477552     -1.822   0.131324    12.9282    -1.8143     -1.807     0.0821    -0.5480 -9.990e-29
 146.477558     -1.810   0.130730    12.9260    -1.8145     -1.795     0.0817    -0.5480 -9.990e-29
 146.477564     -1.800   0.130346    12.9247    -1.8147     -1.785     0.0815    -0.5480 -9.990e-29
 146.477569     -1.793   0.130212    12.9244    -1.8144     -1.778     0.0814    -0.5480 -9.990e-29
 146.477575     -1.787   0.130151    12.9240    -1.8143     -1.772     0.0814    -0.5480 -9.990e-29
 146.477581     -1.783   0.130079    12.9214    -1.8143     -1.768     0.0813    -0.5477 -9.990e-29
 146.477587     -1.779   0.129898    12.9166    -1.8145     -1.764     0.0812    -0.5472 -9.990e-29
 146.477593     -1.776   0.129365    12.9110    -1.8148     -1.761     0.0809    -0.5467 -9.990e-29
 146.477598     -1.773   0.128324    12.9046    -1.8152     -1.758     0.0803    -0.5464 -9.990e-29
 146.477604     -1.771   0.127045    12.8973    -1.8158     -1.756     0.0795    -0.5461 -9.990e-29
 146.477610     -1.769   0.126035    12.8917    -1.8163     -1.754     0.0789    -0.5459 -9.990e-29
 146.477616     -1.767   0.125607    12.8896    -1.8169     -1.752     0.0786    -0.5458 -9.990e-29
 146.477622     -1.764   0.125741    12.8907    -1.8177     -1.749     0.0787    -0.5459 -9.990e-29
 146.477627     -1.762   0.126060    12.8921    -1.8180     -1.747     0.0789    -0.5459 -9.990e-29
 146.477633     -1.759   0.125882    12.8910    -1.8180     -1.744     0.0788    -0.5459 -9.990e-29
 146.477639     -1.755   0.124970    12.8868    -1.8174     -1.740     0.0783    -0.5458 -9.990e-29
 146.477645     -1.750   0.123767    12.8798    -1.8169     -1.735     0.0775    -0.5455 -9.990e-29
 146.477650     -1.744   0.122880    12.8699    -1.8168     -1.729     0.0770    -0.5446 -9.990e-29
 146.477656     -1.737   0.122786    12.8578    -1.8169     -1.723     0.0770    -0.5432 -9.990e-29
 146.477662     -1.728   0.123357    12.8447    -1.8168     -1.714     0.0773    -0.5412 -9.990e-29
 146.477668     -1.716   0.123696    12.8314    -1.8159     -1.702     0.0776    -0.5394 -9.990e-29
 146.477674     -1.700   0.123145    12.8199    -1.8151     -1.686     0.0772    -0.5382 -9.990e-29
 146.477679     -1.685   0.122076    12.8132    -1.8154     -1.671     0.0766    -0.5379 -9.990e-29
 146.477685     -1.676   0.121275    12.8133    -1.8156     -1.662     0.0761    -0.5383 -9.990e-29
 146.477691     -1.675   0.121334    12.8194    -1.8157     -1.661     0.0761    -0.5390 -9.990e-29
 146.477697     -1.672   0.121777    12.8270    -1.8160     -1.658     0.0764    -0.5397 -9.990e-29
 146.477703     -1.663   0.121535    12.8321    -1.8159     -1.649     0.0762    -0.5405 -9.990e-29
 146.477708     -1.647   0.120836    12.8360    -1.8157     -1.633     0.0758    -0.5413 -9.990e-29
 146.477714     -1.628   0.120407    12.8434    -1.8153     -1.614     0.0755    -0.5425 -9.990e-29
 146.477720     -1.608   0.120228    12.8553    -1.8148     -1.595     0.0754    -0.5441 -9.990e-29
 146.477726     -1.587   0.120061    12.8650    -1.8142     -1.574     0.0753    -0.5454 -9.990e-29
 146.477731     -1.567   0.119681    12.8675    -1.8136     -1.554     0.0750    -0.5459 -9.990e-29
 146.477737     -1.551   0.119132    12.8654    -1.8128     -1.538     0.0747    -0.5459 -9.990e-29
 146.477743     -1.539   0.118787    12.8622    -1.8118     -1.526     0.0745    -0.5456 -9.990e-29
 146.477749     -1.528   0.118740    12.8602    -1.8106     -1.515     0.0745    -0.5454 -9.990e-29
 146.477755     -1.520   0.118927    12.8615    -1.8095     -1.507     0.0746    -0.5455 -9.990e-29
 146.477760     -1.513   0.119044    12.8669    -1.8091     -1.500     0.0746    -0.5461 -9.990e-29
 146.477766     -1.507   0.118692    12.8760    -1.8096     -1.494     0.0744    -0.5474 -9.990e-29
 146.477772     -1.501   0.117953    12.8882    -1.8089     -1.488     0.0739    -0.5493 -9.990e-29
 146.477778     -1.496   0.116948    12.9025    -1.8072     -1.484     0.0733    -0.5516 -9.990e-29
 146.477784     -1.490   0.115994    12.9189    -1.8056     -1.478     0.0727    -0.5541 -9.990e-29
 146.477789     -1.484   0.115480    12.9383    -1.8038     -1.472     0.0724    -0.5569 -9.990e-29
 146.477795     -1.476   0.115273    12.9608    -1.8022     -1.464     0.0722    -0.5598 -9.990e-29
 146.477801     -1.467   0.115095    12.9844    -1.8009     -1.455     0.0721    -0.5629 -9.990e-29
 146.477807     -1.456   0.114707    13.0045    -1.7996     -1.444     0.0718    -0.5657 -9.990e-29
 146.477813     -1.442   0.114143    13.0171    -1.7982     -1.430     0.0714    -0.5676 -9.990e-29
 146.477818     -1.425   0.113757    13.0273    -1.7970     -1.413     0.0712    -0.5691 -9.990e-29
 146.477824     -1.402   0.113589    13.0465    -1.7954     -1.390     0.0710    -0.5716 -9.990e-29
 146.477830     -1.378   0.113412    13.0776    -1.7936     -1.367     0.0709    -0.5757 -9.990e-29
 146.477836     -1.359   0.112989    13.1152    -1.7928     -1.348     0.0706    -0.5808 -9.990e-29
 146.477841     -1.348   0.112309    13.1545    -1.7924     -1.337     0.0701    -0.5862 -9.990e-29
 146.477847     -1.345   0.111570    13.1922    -1.7912     -1.334     0.0696    -0.5914 -9.990e-29
 146.477853     -1.344   0.110894    13.2277    -1.7895     -1.333     0.0692    -0.5964 -9.990e-29
 146.477859     -1.342   0.110483    13.2619    -1.7878     -1.331     0.0689    -0.6011 -9.990e-29
 146.477865     -1.343   0.110342    13.2955    -1.7862     -1.332     0.0687    -0.6055 -9.990e-29
 146.477870     -1.347   0.110284    13.3300    -1.7853     -1.336     0.0686    -0.6101 -9.990e-29
 146.477876     -1.346   0.110230    13.3666    -1.7844     -1.335     0.0686    -0.6150 -9.990e-29
 146.477882     -1.339   0.110106    13.4009    -1.7835     -1.328     0.0684    -0.6196 -9.990e-29
 146.477888     -1.334   0.109748    13.4273    -1.7829     -1.323     0.0682    -0.6233 -9.990e-29
 146.477894     -1.336   0.109229    13.4502    -1.7826     -1.325     0.0678    -0.6266 -9.990e-29
 146.477899     -1.341   0.108965    13.4787    -1.7825     -1.330     0.0676    -0.6305 -9.990e-29
 146.477905     -1.340   0.109157    13.5146    -1.7829     -1.329     0.0677    -0.6352 -9.990e-29
 146.477911     -1.328   0.109506    13.5529    -1.7835     -1.317     0.0679    -0.6402 -9.990e-29
 146.477917     -1.310   0.109370    13.5879    -1.7845     -1.299     0.0677    -0.6450 -9.990e-29
 146.477922     -1.293   0.108567    13.6167    -1.7853     -1.282     0.0672    -0.6493 -9.990e-29
 146.477928     -1.280   0.107684    13.6407    -1.7854     -1.269     0.0667    -0.6529 -9.990e-29
 146.477934     -1.270   0.107206    13.6608    -1.7855     -1.259     0.0664    -0.6559 -9.990e-29
 146.477940     -1.262   0.107046    13.6753    -1.7857     -1.251     0.0662    -0.6579 -9.990e-29
 146.477946     -1.257   0.106992    13.6830    -1.7859     -1.247     0.0662    -0.6590 -9.990e-29
 146.477951     -1.253   0.106970    13.6830    -1.7861     -1.243     0.0662    -0.6590 -9.990e-29
 146.477957     -1.251   0.106951    13.6752    -1.7863     -1.241     0.0662    -0.6580 -9.990e-29
 146.477963     -1.250   0.106907    13.6612    -1.7870     -1.240     0.0662    -0.6561 -9.990e-29
 146.477969     -1.246   0.106779    13.6445    -1.7879     -1.236     0.0661    -0.6539 -9.990e-29
 146.477975     -1.235   0.106396    13.6302    -1.7886     -1.225     0.0659    -0.6521 -9.990e-29
 146.477980     -1.223   0.105800    13.6214    -1.7894     -1.213     0.0656    -0.6512 -9.990e-29
 146.477986     -1.220   0.105304    13.6159    -1.7893     -1.210     0.0653    -0.6507 -9.990e-29
 146.477992     -1.221   0.104799    13.6108    -1.7898     -1.211     0.0650    -0.6502 -9.990e-29
 146.477998     -1.221   0.104165    13.6053    -1.7902     -1.211     0.0646    -0.6498 -9.990e-29
 146.478003     -1.220   0.103661    13.5989    -1.7907     -1.210     0.0643    -0.6491 -9.990e-29
 146.478009     -1.219   0.103169    13.5897    -1.7904     -1.209     0.0640    -0.6481 -9.990e-29
 146.478015     -1.217   0.102586    13.5757    -1.7901     -1.207     0.0637    -0.6465 -9.990e-29
 146.478021     -1.214   0.102240    13.5583    -1.7900     -1.204     0.0635    -0.6443 -9.990e-29
 146.478027     -1.211   0.102224    13.5409    -1.7898     -1.201     0.0635    -0.6420 -9.990e-29
 146.478032     -1.206   0.102514    13.5272    -1.7897     -1.196     0.0637    -0.6400 -9.990e-29
 146.478038     -1.199   0.102944    13.5179    -1.7894     -1.189     0.0640    -0.6386 -9.990e-29
 146.478044     -1.191   0.102979    13.5093    -1.7894     -1.181     0.0640    -0.6374 -9.990e-29
 146.478050     -1.180   0.102666    13.5007    -1.7893     -1.170     0.0638    -0.6364 -9.990e-29
 146.478056     -1.166   0.102693    13.4957    -1.7891     -1.156     0.0639    -0.6357 -9.990e-29
 146.478061     -1.152   0.103097    13.4963    -1.7889     -1.142     0.0641    -0.6356 -9.990e-29
 146.478067     -1.142   0.103307    13.5001    -1.7885     -1.132     0.0642    -0.6360 -9.990e-29
 146.478073     -1.130   0.103050    13.5043    -1.7884     -1.121     0.0641    -0.6367 -9.990e-29
 146.478079     -1.116   0.102534    13.5085    -1.7886     -1.107     0.0638    -0.6375 -9.990e-29
 146.478084     -1.104   0.102179    13.5131    -1.7884     -1.095     0.0635    -0.6383 -9.990e-29
 146.478090     -1.092   0.102065    13.5175    -1.7882     -1.083     0.0635    -0.6389 -9.990e-29
 146.478096     -1.080   0.102038    13.5210    -1.7883     -1.071     0.0634    -0.6394 -9.990e-29
 146.478102     -1.067   0.102063    13.5243    -1.7881     -1.058     0.0635    -0.6398 -9.990e-29
 146.478108     -1.056   0.102172    13.5284    -1.7876     -1.047     0.0635    -0.6403 -9.990e-29
 146.478113     -1.051   0.102508    13.5336    -1.7876     -1.042     0.0637    -0.6409 -9.990e-29
 146.478119     -1.053   0.102966    13.5385    -1.7876     -1.044     0.0640    -0.6413 -9.990e-29
 146.478125     -1.059   0.103049    13.5413    -1.7877     -1.050     0.0640    -0.6417 -9.990e-29
 146.478131     -1.068   0.102868    13.5426    -1.7876     -1.059     0.0639    -0.6419 -9.990e-29
 146.478137     -1.075   0.102734    13.5444    -1.7880     -1.066     0.0638    -0.6422 -9.990e-29
 146.478142     -1.081   0.102468    13.5465    -1.7881     -1.072     0.0637    -0.6426 -9.990e-29
 146.478148     -1.082   0.102268    13.5491    -1.7881     -1.073     0.0635    -0.6431 -9.990e-29
 146.478154     -1.073   0.102421    13.5539    -1.7879     -1.064     0.0636    -0.6436 -9.990e-29
 146.478160     -1.058   0.102575    13.5597    -1.7879     -1.049     0.0637    -0.6444 -9.990e-29
 146.478166     -1.041   0.102382    13.5635    -1.7878     -1.032     0.0636    -0.6450 -9.990e-29
 146.478171     -1.021   0.102137    13.5646    -1.7878     -1.012     0.0634    -0.6452 -9.990e-29
 146.478177     -1.000   0.102068    13.5640    -1.7877     -0.992     0.0634    -0.6452 -9.990e-29
 146.478183     -0.986   0.102082    13.5615    -1.7880     -0.978     0.0634    -0.6448 -9.990e-29
 146.478189     -0.983   0.102197    13.5573    -1.7883     -0.975     0.0635    -0.6442 -9.990e-29
 146.478194     -0.984   0.102563    13.5544    -1.7884     -0.976     0.0637    -0.6436 -9.990e-29
 146.478200     -0.988   0.103116    13.5543    -1.7883     -0.980     0.0640    -0.6434 -9.990e-29
 146.478206     -0.993   0.103485    13.5557    -1.7892     -0.985     0.0643    -0.6434 -9.990e-29
 146.478212     -1.000   0.103608    13.5570    -1.7899     -0.992     0.0643    -0.6435 -9.990e-29
 146.478218     -1.005   0.103649    13.5579    -1.7899     -0.997     0.0644    -0.6436 -9.990e-29
 146.478223     -1.005   0.103662    13.5583    -1.7898     -0.997     0.0644    -0.6437 -9.990e-29
 146.478229     -1.003   0.103662    13.5570    -1.7902     -0.995     0.0644    -0.6435 -9.990e-29
 146.478235     -1.000   0.103651    13.5535    -1.7906     -0.992     0.0644    -0.6430 -9.990e-29
 146.478241     -0.990   0.103612    13.5490    -1.7910     -0.982     0.0643    -0.6424 -9.990e-29
 146.478247     -0.978   0.103494    13.5446    -1.7914     -0.970     0.0643    -0.6419 -9.990e-29
 146.478252     -0.967   0.103138    13.5376    -1.7926     -0.959     0.0641    -0.6411 -9.990e-29
 146.478258     -0.957   0.102622    13.5262    -1.7941     -0.949     0.0638    -0.6398 -9.990e-29
 146.478264     -0.946   0.102364    13.5153    -1.7953     -0.938     0.0636    -0.6385 -9.990e-29
 146.478270     -0.934   0.102574    13.5091    -1.7964     -0.926     0.0638    -0.6376 -9.990e-29
 146.478275     -0.925   0.102976    13.5045    -1.7971     -0.917     0.0640    -0.6367 -9.990e-29
 146.478281     -0.922   0.102999    13.4975    -1.7992     -0.914     0.0640    -0.6358 -9.990e-29
 146.478287     -0.921   0.102674    13.4880    -1.8017     -0.913     0.0639    -0.6347 -9.990e-29
 146.478293     -0.917   0.102672    13.4763    -1.8042     -0.909     0.0639    -0.6331 -9.990e-29
