data/oxygen options/ONMS/Olympic_Coast_National_Marine_Sanctuary_CTD_Data_2005_2023/raw_data/2012/CAST_KL027_120920faed.cnv
* Sea-Bird SBE19 Data File:
* FileName = C:\Documents and Settings\OCNMS\Desktop\2012 mooring data\Hypoxia Sampling\120920\CAST_KL027_120920.hex
* Software Version 1.25
* Temperature SN = 2997
* Conductivity SN = 2997
* System UpLoad Time = Sep 20 2012 15:04:23
** CAST_KL027_120920
* SEACAT PROFILER V3.1c SN 2997   09/20/12  15:02:45.582
# nquan = 9                                 
# nvalues = 1179                        
# units = specified
# name 0 = timeJ: Julian Days
# name 1 = prSM: Pressure, Strain Gauge [db]
# name 2 = c0mS/cm: Conductivity [mS/cm]
# name 3 = t090C: Temperature [ITS-90, deg C]
# name 4 = sbeox0ML/L: Oxygen, SBE 43 [ml/l]
# name 5 = depSM: Depth [salt water, m], lat = 47.5
# name 6 = sal00: Salinity, Practical [PSU]
# name 7 = sigma-é00: Density [sigma-theta, kg/m^3]
# name 8 = flag: flag
# span 0 = 264.613704, 264.620521       
# span 1 =     -4.996,     28.517       
# span 2 =   0.247304,  38.678671       
# span 3 =     8.1854,    13.8180       
# span 4 =    -1.8602,    23.5667       
# span 5 =     -4.954,     28.277       
# span 6 =     0.1586,    33.4486       
# span 7 =    -0.3783,    26.0259       
# span 8 = 0.0000e+00, 0.0000e+00       
# interval = seconds: 0.5
# start_time = Sep 20 2012 14:43:44 [Instrument's time stamp, header]
# bad_flag = -9.990e-29
*END*
[from data line 801]
 264.618339      1.704  38.667693    13.6590     6.7914      1.690    32.2538    24.1352 -9.990e-29
 264.618345      1.699  38.668094    13.6583     6.7859      1.685    32.2548    24.1361 -9.990e-29
 264.618351      1.696  38.668080    13.6583     6.7889      1.682    32.2548    24.1361 -9.990e-29
 264.618356      1.699  38.668189    13.6580     6.7797      1.685    32.2551    24.1364 -9.990e-29
 264.618362      1.705  38.668564    13.6566     6.7709      1.691    32.2566    24.1379 -9.990e-29
 264.618368      1.708  38.668580    13.6550     6.7593      1.694    32.2580    24.1393 -9.990e-29
 264.618374      1.711  38.667136    13.6540     6.7551      1.697    32.2575    24.1391 -9.990e-29
 264.618380      1.711  38.663423    13.6541     6.7598      1.697    32.2540    24.1363 -9.990e-29
 264.618385      1.711  38.659773    13.6555     6.7781      1.697    32.2494    24.1325 -9.990e-29
 264.618391      1.709  38.660841    13.6585     6.7984      1.695    32.2479    24.1307 -9.990e-29
 264.618397      1.705  38.665248    13.6619     6.8015      1.691    32.2491    24.1310 -9.990e-29
 264.618403      1.700  38.668782    13.6636     6.7987      1.686    32.2509    24.1321 -9.990e-29
 264.618409      1.692  38.671110    13.6634     6.7905      1.678    32.2533    24.1339 -9.990e-29
 264.618414      1.686  38.673091    13.6627     6.7786      1.672    32.2557    24.1359 -9.990e-29
 264.618420      1.686  38.673443    13.6614     6.7704      1.672    32.2571    24.1373 -9.990e-29
 264.618426      1.687  38.669830    13.6593     6.7686      1.673    32.2555    24.1365 -9.990e-29
 264.618432      1.685  38.664718    13.6573     6.7581      1.671    32.2525    24.1345 -9.990e-29
 264.618438      1.680  38.662494    13.6566     6.7541      1.666    32.2510    24.1335 -9.990e-29
 264.618443      1.672  38.662992    13.6571     6.7613      1.658    32.2510    24.1335 -9.990e-29
 264.618449      1.664  38.664631    13.6573     6.7720      1.650    32.2524    24.1345 -9.990e-29
 264.618455      1.661  38.666231    13.6563     6.7739      1.647    32.2547    24.1365 -9.990e-29
 264.618461      1.661  38.666561    13.6549     6.7735      1.647    32.2562    24.1379 -9.990e-29
 264.618466      1.665  38.666060    13.6544     6.7758      1.651    32.2562    24.1380 -9.990e-29
 264.618472      1.670  38.666298    13.6555     6.7704      1.656    32.2555    24.1372 -9.990e-29
 264.618478      1.674  38.667588    13.6572     6.7841      1.660    32.2552    24.1367 -9.990e-29
 264.618484      1.684  38.668288    13.6576     6.7853      1.670    32.2555    24.1368 -9.990e-29
 264.618490      1.694  38.665964    13.6563     6.7772      1.680    32.2545    24.1363 -9.990e-29
 264.618495      1.702  38.660877    13.6545     6.7816      1.688    32.2513    24.1342 -9.990e-29
 264.618501      1.709  38.659130    13.6540     6.7901      1.695    32.2501    24.1333 -9.990e-29
 264.618507      1.713  38.663435    13.6554     6.8007      1.699    32.2529    24.1352 -9.990e-29
 264.618513      1.717  38.667760    13.6568     6.7975      1.703    32.2557    24.1371 -9.990e-29
 264.618519      1.719  38.668905    13.6563     6.7960      1.705    32.2572    24.1384 -9.990e-29
 264.618524      1.721  38.667834    13.6547     6.7719      1.707    32.2575    24.1390 -9.990e-29
 264.618530      1.722  38.664799    13.6536     6.7660      1.708    32.2557    24.1377 -9.990e-29
 264.618536      1.722  38.663033    13.6541     6.7673      1.708    32.2536    24.1361 -9.990e-29
 264.618542      1.722  38.665224    13.6557     6.7686      1.708    32.2543    24.1363 -9.990e-29
 264.618547      1.720  38.668125    13.6569     6.7895      1.706    32.2560    24.1373 -9.990e-29
 264.618553      1.718  38.669437    13.6571     6.8045      1.704    32.2570    24.1381 -9.990e-29
 264.618559      1.715  38.669786    13.6569     6.8133      1.701    32.2575    24.1385 -9.990e-29
 264.618565      1.711  38.669077    13.6568     6.8056      1.697    32.2569    24.1381 -9.990e-29
 264.618571      1.706  38.668043    13.6566     6.7897      1.692    32.2561    24.1375 -9.990e-29
 264.618576      1.703  38.668102    13.6565     6.7867      1.689    32.2563    24.1376 -9.990e-29
 264.618582      1.706  38.669331    13.6567     6.7868      1.692    32.2573    24.1384 -9.990e-29
 264.618588      1.713  38.670565    13.6573     6.7849      1.699    32.2579    24.1387 -9.990e-29
 264.618594      1.718  38.671767    13.6582     6.7853      1.704    32.2583    24.1388 -9.990e-29
 264.618600      1.722  38.673413    13.6597     6.7767      1.708    32.2585    24.1387 -9.990e-29
 264.618605      1.725  38.675455    13.6619     6.7772      1.711    32.2586    24.1383 -9.990e-29
 264.618611      1.728  38.677248    13.6636     6.7798      1.714    32.2588    24.1381 -9.990e-29
 264.618617      1.731  38.677818    13.6640     6.7806      1.717    32.2590    24.1382 -9.990e-29
 264.618623      1.733  38.677920    13.6638     6.7643      1.719    32.2592    24.1385 -9.990e-29
 264.618628      1.736  38.678247    13.6642     6.7661      1.722    32.2592    24.1383 -9.990e-29
 264.618634      1.739  38.678671    13.6649     6.7565      1.724    32.2590    24.1381 -9.990e-29
 264.618640      1.742  38.678632    13.6651     6.7592      1.727    32.2588    24.1379 -9.990e-29
 264.618646      1.745  38.676954    13.6643     6.7536      1.730    32.2579    24.1373 -9.990e-29
 264.618652      1.749  38.673637    13.6625     6.7505      1.734    32.2564    24.1365 -9.990e-29
 264.618657      1.755  38.669298    13.6606     6.7687      1.740    32.2539    24.1350 -9.990e-29
 264.618663      1.762  38.665994    13.6603     6.7927      1.747    32.2511    24.1329 -9.990e-29
 264.618669      1.770  38.666600    13.6626     6.8095      1.755    32.2497    24.1313 -9.990e-29
 264.618675      1.781  38.670236    13.6655     6.8080      1.766    32.2507    24.1315 -9.990e-29
 264.618681      1.791  38.672782    13.6656     6.8035      1.776    32.2529    24.1332 -9.990e-29
 264.618686      1.796  38.671466    13.6616     6.7948      1.781    32.2551    24.1357 -9.990e-29
 264.618692      1.796  38.666208    13.6562     6.7920      1.781    32.2547    24.1365 -9.990e-29
 264.618698      1.792  38.660083    13.6529     6.7902      1.777    32.2518    24.1349 -9.990e-29
 264.618704      1.787  38.658366    13.6524     6.7811      1.772    32.2507    24.1341 -9.990e-29
 264.618709      1.786  38.661565    13.6533     6.7858      1.771    32.2529    24.1357 -9.990e-29
 264.618715      1.783  38.664975    13.6542     6.7935      1.768    32.2553    24.1373 -9.990e-29
 264.618721      1.776  38.666415    13.6544     6.8088      1.761    32.2565    24.1382 -9.990e-29
 264.618727      1.767  38.666121    13.6546     6.8198      1.752    32.2560    24.1378 -9.990e-29
 264.618733      1.760  38.665378    13.6554     6.8114      1.745    32.2547    24.1366 -9.990e-29
 264.618738      1.754  38.666551    13.6564     6.7870      1.739    32.2549    24.1366 -9.990e-29
 264.618744      1.750  38.668960    13.6575     6.7625      1.735    32.2562    24.1374 -9.990e-29
 264.618750      1.747  38.669651    13.6584     6.7636      1.732    32.2561    24.1371 -9.990e-29
 264.618756      1.745  38.668982    13.6589     6.7777      1.730    32.2551    24.1362 -9.990e-29
 264.618762      1.744  38.669417    13.6592     6.7972      1.729    32.2552    24.1363 -9.990e-29
 264.618767      1.744  38.670413    13.6594     6.7977      1.729    32.2560    24.1368 -9.990e-29
 264.618773      1.744  38.670492    13.6592     6.7865      1.729    32.2562    24.1370 -9.990e-29
 264.618779      1.744  38.669196    13.6574     6.7864      1.729    32.2565    24.1377 -9.990e-29
 264.618785      1.746  38.665351    13.6528     6.7798      1.731    32.2568    24.1388 -9.990e-29
 264.618791      1.748  38.659991    13.6475     6.7947      1.733    32.2563    24.1395 -9.990e-29
 264.618796      1.752  38.656612    13.6454     6.7920      1.737    32.2549    24.1389 -9.990e-29
 264.618802      1.757  38.657430    13.6475     6.7647      1.742    32.2539    24.1376 -9.990e-29
 264.618808      1.763  38.661848    13.6507     6.7523      1.748    32.2553    24.1381 -9.990e-29
 264.618814      1.771  38.665666    13.6517     6.7528      1.756    32.2580    24.1400 -9.990e-29
 264.618819      1.781  38.665567    13.6497     6.7627      1.766    32.2596    24.1416 -9.990e-29
 264.618825      1.790  38.661976    13.6468     6.7569      1.775    32.2587    24.1415 -9.990e-29
 264.618831      1.790  38.657946    13.6455     6.7419      1.775    32.2561    24.1397 -9.990e-29
 264.618837      1.781  38.657624    13.6468     6.7486      1.766    32.2547    24.1384 -9.990e-29
 264.618843      1.770  38.661137    13.6496     6.7749      1.755    32.2556    24.1385 -9.990e-29
 264.618848      1.762  38.664761    13.6520     6.7970      1.747    32.2570    24.1391 -9.990e-29
 264.618854      1.756  38.667718    13.6537     6.8072      1.741    32.2583    24.1397 -9.990e-29
 264.618860      1.751  38.669466    13.6548     6.7983      1.736    32.2590    24.1401 -9.990e-29
 264.618866      1.747  38.668411    13.6553     6.7821      1.732    32.2576    24.1389 -9.990e-29
 264.618872      1.744  38.667624    13.6558     6.7826      1.729    32.2564    24.1379 -9.990e-29
 264.618877      1.742  38.668856    13.6565     6.7811      1.727    32.2570    24.1382 -9.990e-29
 264.618883      1.740  38.669821    13.6568     6.7959      1.725    32.2576    24.1386 -9.990e-29
 264.618889      1.739  38.668440    13.6566     6.8004      1.724    32.2565    24.1378 -9.990e-29
 264.618895      1.738  38.665109    13.6562     6.8040      1.723    32.2537    24.1357 -9.990e-29
 264.618900      1.737  38.662110    13.6563     6.8021      1.722    32.2509    24.1335 -9.990e-29
 264.618906      1.736  38.660483    13.6570     6.7891      1.722    32.2488    24.1317 -9.990e-29
 264.618912      1.736  38.660856    13.6573     6.7796      1.722    32.2489    24.1318 -9.990e-29
 264.618918      1.736  38.662599    13.6566     6.7690      1.722    32.2511    24.1336 -9.990e-29
 264.618924      1.736  38.664111    13.6556     6.7510      1.722    32.2533    24.1355 -9.990e-29
 264.618929      1.737  38.665165    13.6546     6.7401      1.722    32.2551    24.1372 -9.990e-29
 264.618935      1.737  38.665479    13.6530     6.7595      1.722    32.2568    24.1387 -9.990e-29
 264.618941      1.738  38.663228    13.6509     6.7768      1.723    32.2565    24.1389 -9.990e-29
 264.618947      1.739  38.659329    13.6492     6.7824      1.724    32.2543    24.1376 -9.990e-29
 264.618953      1.741  38.658665    13.6501     6.7818      1.726    32.2529    24.1363 -9.990e-29
 264.618958      1.743  38.662586    13.6534     6.7783      1.728    32.2538    24.1363 -9.990e-29
 264.618964      1.746  38.667351    13.6567     6.7914      1.731    32.2554    24.1369 -9.990e-29
 264.618970      1.749  38.669784    13.6580     6.8033      1.734    32.2566    24.1376 -9.990e-29
 264.618976      1.754  38.668641    13.6561     6.8034      1.739    32.2571    24.1384 -9.990e-29
 264.618981      1.760  38.664078    13.6527     6.7980      1.745    32.2557    24.1380 -9.990e-29
 264.618987      1.763  38.658972    13.6511     6.7916      1.748    32.2523    24.1357 -9.990e-29
 264.618993      1.760  38.658277    13.6529     6.7957      1.745    32.2502    24.1336 -9.990e-29
 264.618999      1.754  38.663865    13.6570     6.8021      1.739    32.2519    24.1342 -9.990e-29
 264.619005      1.750  38.670852    13.6601     6.7959      1.735    32.2558    24.1365 -9.990e-29
 264.619010      1.747  38.675104    13.6607     6.7742      1.732    32.2592    24.1391 -9.990e-29
 264.619016      1.744  38.676125    13.6597     6.7417      1.729    32.2610    24.1407 -9.990e-29
 264.619022      1.743  38.673591    13.6585     6.7357      1.728    32.2597    24.1399 -9.990e-29
 264.619028      1.741  38.670284    13.6577     6.7555      1.726    32.2573    24.1382 -9.990e-29
 264.619034      1.741  38.668512    13.6565     6.7728      1.726    32.2567    24.1379 -9.990e-29
 264.619039      1.741  38.665349    13.6539     6.7815      1.726    32.2559    24.1379 -9.990e-29
 264.619045      1.741  38.659376    13.6518     6.7779      1.726    32.2521    24.1354 -9.990e-29
 264.619051      1.742  38.655513    13.6539     6.7784      1.727    32.2468    24.1308 -9.990e-29
 264.619057      1.744  38.658692    13.6588     6.7987      1.729    32.2456    24.1289 -9.990e-29
 264.619062      1.746  38.665303    13.6612     6.8092      1.731    32.2497    24.1316 -9.990e-29
 264.619068      1.749  38.667346    13.6582     6.7960      1.734    32.2541    24.1356 -9.990e-29
 264.619074      1.753  38.663620    13.6531     6.7689      1.738    32.2550    24.1373 -9.990e-29
 264.619080      1.758  38.659798    13.6510     6.7553      1.743    32.2532    24.1364 -9.990e-29
 264.619086      1.765  38.659745    13.6551     6.7565      1.750    32.2497    24.1328 -9.990e-29
 264.619091      1.770  38.662826    13.6641     6.7717      1.755    32.2450    24.1274 -9.990e-29
 264.619097      1.768  38.667541    13.6723     6.7866      1.753    32.2424    24.1237 -9.990e-29
 264.619103      1.764  38.670645    13.6758     6.7936      1.749    32.2424    24.1230 -9.990e-29
 264.619109      1.763  38.669554    13.6759     6.7815      1.748    32.2413    24.1221 -9.990e-29
 264.619115      1.763  38.667852    13.6754     6.7698      1.748    32.2401    24.1213 -9.990e-29
 264.619120      1.765  38.668871    13.6740     6.7663      1.750    32.2422    24.1233 -9.990e-29
 264.619126      1.769  38.670603    13.6695     6.7750      1.754    32.2476    24.1283 -9.990e-29
 264.619132      1.775  38.669191    13.6630     6.7852      1.760    32.2518    24.1329 -9.990e-29
 264.619138      1.785  38.664987    13.6587     6.7859      1.770    32.2515    24.1335 -9.990e-29
 264.619144      1.797  38.663028    13.6598     6.7800      1.782    32.2488    24.1312 -9.990e-29
 264.619149      1.814  38.666301    13.6653     6.7733      1.799    32.2472    24.1288 -9.990e-29
 264.619155      1.835  38.673003    13.6699     6.7838      1.820    32.2495    24.1297 -9.990e-29
 264.619161      1.863  38.675815    13.6688     6.7896      1.847    32.2530    24.1326 -9.990e-29
 264.619167      1.900  38.671200    13.6612     6.7720      1.884    32.2551    24.1358 -9.990e-29
 264.619172      1.947  38.661407    13.6486     6.7388      1.931    32.2566    24.1395 -9.990e-29
 264.619178      2.007  38.647385    13.6335     6.6872      1.990    32.2563    24.1423 -9.990e-29
 264.619184      2.081  38.631724    13.6158     6.6374      2.064    32.2566    24.1461 -9.990e-29
 264.619190      2.168  38.615951    13.5940     6.5964      2.150    32.2603    24.1534 -9.990e-29
 264.619196      2.274  38.598078    13.5690     6.5544      2.255    32.2648    24.1618 -9.990e-29
 264.619201      2.402  38.577804    13.5422     6.5180      2.382    32.2685    24.1701 0.0000e+00
 264.619207      2.550  38.555547    13.5113     6.4840      2.529    32.2738    24.1804 0.0000e+00
 264.619213      2.721  38.529078    13.4762     6.4641      2.698    32.2787    24.1913 0.0000e+00
 264.619219      2.916  38.500640    13.4437     6.4566      2.892    32.2796    24.1985 0.0000e+00
 264.619225      3.135  38.478252    13.4202     6.4440      3.109    32.2785    24.2023 0.0000e+00
 264.619230      3.375  38.464553    13.4042     6.4205      3.347    32.2791    24.2060 0.0000e+00
 264.619236      3.633  38.455274    13.3911     6.4073      3.603    32.2814    24.2104 0.0000e+00
 264.619242      3.910  38.446439    13.3791     6.4035      3.877    32.2832    24.2142 0.0000e+00
 264.619248      4.200  38.437466    13.3690     6.4115      4.165    32.2833    24.2163 0.0000e+00
 264.619253      4.502  38.429274    13.3618     6.4201      4.464    32.2816    24.2164 0.0000e+00
