data/oxygen options/ONMS/Olympic_Coast_National_Marine_Sanctuary_CTD_Data_2005_2023/raw_data/2012/CAST_CE042_120906faedb.cnv
* Sea-Bird SBE19 Data File:
* FileName = C:\Documents and Settings\OCNMS\Desktop\2012 mooring data\Hypoxia Sampling\CAST_CE042_120906.hex
* Software Version 1.25
* Temperature SN = 2997
* Conductivity SN = 2997
* System UpLoad Time = Sep 06 2012 11:42:45
** CAST_CE042_120906
* SEACAT PROFILER V3.1c SN 2997   09/06/12  11:41:38.213
# nquan = 9
# nvalues = 43                          
# units = specified
# name 0 = timeJ: Julian Days
# name 1 = prSM: Pressure, Strain Gauge [db]
# name 2 = c0mS/cm: Conductivity [mS/cm]
# name 3 = t090C: Temperature [ITS-90, deg C]
# name 4 = sbeox0ML/L: Oxygen, SBE 43 [ml/l]
# name 5 = depSM: Depth [salt water, m], lat = 47.5
# name 6 = sal00: Salinity, Practical [PSU]
# name 7 = sigma-é00: Density [sigma-theta, kg/m^3]
# name 8 = flag: flag
# span 0 = 250.461230, 250.461714       
# span 1 =      2.000,     44.000       
# span 2 =  34.422405,  38.915065       
# span 3 =     7.3043,    13.8718       
# span 4 =     0.9532,     6.5744       
# span 5 =      1.984,     43.628       
# span 6 =    32.3037,    33.7488       
# span 7 =    24.1306,    26.3916       
# span 8 = 0.0000e+00, 0.0000e+00       
# interval = decibars: 1                
# start_time = Sep 06 2012 10:57:52 [Instrument's time stamp, header]
# bad_flag = -9.990e-29
*END*
 250.461230      2.000  38.915065    13.8718     6.5744      1.984    32.3037    24.1306 0.0000e+00
 250.461253      3.000  38.649281    13.4355     6.5325      2.975    32.4253    24.3128 0.0000e+00
 250.461267      4.000  38.253676    12.9954     6.4249      3.967    32.4289    24.4027 0.0000e+00
 250.461280      5.000  38.083249    12.8006     6.3386      4.958    32.4343    24.4449 0.0000e+00
 250.461291      6.000  37.953213    12.6425     6.2780      5.950    32.4464    24.4848 0.0000e+00
 250.461302      7.000  37.830291    12.4925     6.2171      6.941    32.4581    24.5228 0.0000e+00
 250.461313      8.000  37.698777    12.3402     6.1594      7.933    32.4636    24.5561 0.0000e+00
 250.461323      9.000  37.580886    12.2132     6.0921      8.925    32.4601    24.5774 0.0000e+00
 250.461334     10.000  37.517592    12.1503     6.0107      9.916    32.4534    24.5840 0.0000e+00
 250.461344     11.000  37.488644    12.0965     5.8845     10.908    32.4719    24.6084 0.0000e+00
 250.461354     12.000  37.451337    12.0090     5.6568     11.900    32.5117    24.6557 0.0000e+00
 250.461365     13.000  37.392043    11.9099     5.2984     12.891    32.5404    24.6964 0.0000e+00
 250.461374     14.000  37.344799    11.8117     4.9398     13.883    32.5800    24.7454 0.0000e+00
 250.461384     15.000  37.282514    11.6687     4.6423     14.874    32.6446    24.8219 0.0000e+00
 250.461393     16.000  37.196247    11.5066     4.3570     15.866    32.7030    24.8967 0.0000e+00
 250.461402     17.000  37.113824    11.3776     3.9856     16.858    32.7360    24.9458 0.0000e+00
 250.461411     18.000  37.032688    11.2206     3.5396     17.849    32.7952    25.0202 0.0000e+00
 250.461422     19.000  36.948617    11.0114     3.0502     18.841    32.8986    25.1378 0.0000e+00
 250.461431     20.000  36.843992    10.7859     2.7009     19.832    32.9970    25.2541 0.0000e+00
 250.461442     21.000  36.635289    10.3484     2.4723     20.824    33.1850    25.4761 0.0000e+00
 250.461452     22.000  36.253103     9.7627     2.2731     21.815    33.3350    25.6918 0.0000e+00
 250.461462     23.000  35.787534     9.1871     2.1254     22.807    33.3911    25.8292 0.0000e+00
 250.461472     24.000  35.412640     8.7437     2.0426     23.798    33.4164    25.9184 0.0000e+00
 250.461482     25.000  35.152990     8.4636     2.0053     24.790    33.4077    25.9546 0.0000e+00
 250.461493     26.000  35.018630     8.2924     1.9944     25.781    33.4276    25.9960 0.0000e+00
 250.461505     27.000  34.937124     8.1500     1.9523     26.773    33.4763    26.0555 0.0000e+00
 250.461517     28.000  34.844278     8.0259     1.8806     27.765    33.4954    26.0888 0.0000e+00
 250.461529     29.000  34.775669     7.9477     1.8525     28.756    33.4965    26.1012 0.0000e+00
 250.461540     30.000  34.720867     7.8361     1.7138     29.747    33.5445    26.1552 0.0000e+00
 250.461551     31.000  34.608347     7.6340     1.4885     30.739    33.6178    26.2419 0.0000e+00
 250.461562     32.000  34.479562     7.4527     1.3129     31.731    33.6537    26.2959 0.0000e+00
 250.461572     33.000  34.434772     7.3747     1.1769     32.722    33.6805    26.3279 0.0000e+00
 250.461583     34.000  34.435606     7.3482     1.1017     33.713    33.7066    26.3522 0.0000e+00
 250.461593     35.000  34.438142     7.3348     1.0561     34.705    33.7220    26.3663 0.0000e+00
 250.461604     36.000  34.436914     7.3232     1.0292     35.696    33.7314    26.3753 0.0000e+00
 250.461615     37.000  34.437790     7.3147     1.0182     36.688    33.7402    26.3834 0.0000e+00
 250.461625     38.000  34.438692     7.3089     1.0129     37.679    33.7464    26.3891 0.0000e+00
 250.461636     39.000  34.439320     7.3069     1.0133     38.671    33.7486    26.3911 0.0000e+00
 250.461647     40.000  34.440007     7.3068     1.0030     39.662    33.7488    26.3914 0.0000e+00
 250.461659     41.000  34.439145     7.3070     0.9985     40.654    33.7473    26.3901 0.0000e+00
 250.461672     42.000  34.438521     7.3043     0.9855     41.645    33.7487    26.3916 0.0000e+00
 250.461690     43.000  34.435406     7.3064     0.9707     42.637    33.7428    26.3867 0.0000e+00
 250.461714     44.000  34.422405     7.3130     0.9532     43.628    33.7217    26.3692 0.0000e+00
