data/oxygen options/ONMS/Olympic_Coast_National_Marine_Sanctuary_CTD_Data_2005_2023/raw_data/2012/CAST_KL015_120524faed.cnv
* Sea-Bird SBE19 Data File:
* FileName = C:\Documents and Settings\OCNMS\Desktop\2012 mooring data\Deployment May\CAST_KL015_120524.hex
* Software Version 1.25
* Temperature SN = 2997
* Conductivity SN = 2997
* System UpLoad Time = May 24 2012 19:37:49
** CAST_KL015_120524
* SEACAT PROFILER V3.1c SN 2997   05/24/12  19:36:28.616
# nquan = 9                                 
# nvalues = 1146                        
# units = specified
# name 0 = timeJ: Julian Days
# name 1 = prSM: Pressure, Strain Gauge [db]
# name 2 = c0mS/cm: Conductivity [mS/cm]
# name 3 = t090C: Temperature [ITS-90, deg C]
# name 4 = sbeox0ML/L: Oxygen, SBE 43 [ml/l]
# name 5 = depSM: Depth [salt water, m], lat = 47.5
# name 6 = sal00: Salinity, Practical [PSU]
# name 7 = sigma-é00: Density [sigma-theta, kg/m^3]
# name 8 = flag: flag
# span 0 = 145.655428, 145.662054       
# span 1 =     -5.755,     15.024       
# span 2 =   0.026520,  34.271045       
# span 3 =    10.7756,    14.1786       
# span 4 =    -1.8094,    18.9061       
# span 5 =     -5.707,     14.898       
# span 6 =     0.0196,    30.4497       
# span 7 =    -0.7635,    23.2715       
# span 8 = 0.0000e+00, 0.0000e+00       
# interval = seconds: 0.5
# start_time = May 24 2012 15:43:49 [Instrument's time stamp, header]
# bad_flag = -9.990e-29
*END*
[from data line 161]
 145.656360     -2.299   0.027070    13.2492    -1.7966     -2.280     0.0199    -0.6376 -9.990e-29
 145.656366     -2.289   0.027043    13.2512    -1.7962     -2.270     0.0199    -0.6379 -9.990e-29
 145.656372     -2.278   0.026962    13.2447    -1.7955     -2.259     0.0199    -0.6371 -9.990e-29
 145.656377     -2.265   0.026717    13.2377    -1.7945     -2.246     0.0197    -0.6363 -9.990e-29
 145.656383     -2.249   0.026533    13.2384    -1.7940     -2.230     0.0196    -0.6364 -9.990e-29
 145.656389     -2.229   0.026718    13.2509    -1.7934     -2.210     0.0197    -0.6380 -9.990e-29
 145.656395     -2.209   0.026965    13.2741    -1.7925     -2.191     0.0199    -0.6409 -9.990e-29
 145.656400     -2.195   0.027047    13.3010    -1.7916     -2.177     0.0199    -0.6443 -9.990e-29
 145.656406     -2.187   0.027075    13.3242    -1.7908     -2.169     0.0199    -0.6474 -9.990e-29
 145.656412     -2.175   0.027085    13.3423    -1.7897     -2.157     0.0200    -0.6497 -9.990e-29
 145.656418     -2.155   0.027089    13.3583    -1.7887     -2.137     0.0200    -0.6518 -9.990e-29
 145.656424     -2.130   0.027091    13.3756    -1.7884     -2.112     0.0200    -0.6541 -9.990e-29
 145.656429     -2.106   0.027092    13.3941    -1.7883     -2.088     0.0200    -0.6565 -9.990e-29
 145.656435     -2.087   0.027092    13.4117    -1.7874     -2.070     0.0200    -0.6588 -9.990e-29
 145.656441     -2.070   0.027091    13.4296    -1.7866     -2.053     0.0200    -0.6612 -9.990e-29
 145.656447     -2.056   0.027089    13.4495    -1.7860     -2.039     0.0200    -0.6638 -9.990e-29
 145.656453     -2.043   0.027081    13.4708    -1.7854     -2.026     0.0200    -0.6667 -9.990e-29
 145.656458     -2.030   0.027054    13.4932    -1.7849     -2.013     0.0199    -0.6696 -9.990e-29
 145.656464     -2.021   0.026973    13.5156    -1.7842     -2.004     0.0199    -0.6727 -9.990e-29
 145.656470     -2.019   0.026728    13.5346    -1.7833     -2.002     0.0198    -0.6753 -9.990e-29
 145.656476     -2.021   0.026544    13.5483    -1.7825     -2.004     0.0197    -0.6772 -9.990e-29
 145.656481     -2.021   0.026729    13.5609    -1.7818     -2.004     0.0198    -0.6788 -9.990e-29
 145.656487     -2.021   0.026976    13.5767    -1.7816     -2.004     0.0199    -0.6808 -9.990e-29
 145.656493     -2.019   0.027058    13.5943    -1.7810     -2.002     0.0199    -0.6831 -9.990e-29
 145.656499     -2.016   0.027086    13.6108    -1.7803     -1.999     0.0200    -0.6853 -9.990e-29
 145.656505     -2.012   0.027096    13.6263    -1.7801     -1.995     0.0200    -0.6874 -9.990e-29
 145.656510     -2.006   0.027100    13.6420    -1.7797     -1.989     0.0200    -0.6895 -9.990e-29
 145.656516     -1.998   0.027102    13.6596    -1.7790     -1.981     0.0200    -0.6919 -9.990e-29
 145.656522     -1.988   0.027103    13.6791    -1.7790     -1.971     0.0200    -0.6945 -9.990e-29
 145.656528     -1.974   0.027104    13.6982    -1.7786     -1.958     0.0200    -0.6971 -9.990e-29
 145.656534     -1.961   0.027104    13.7136    -1.7787     -1.945     0.0200    -0.6992 -9.990e-29
 145.656539     -1.951   0.027105    13.7258    -1.7788     -1.935     0.0200    -0.7008 -9.990e-29
 145.656545     -1.940   0.027106    13.7386    -1.7792     -1.924     0.0200    -0.7026 -9.990e-29
 145.656551     -1.922   0.027106    13.7516    -1.7795     -1.906     0.0200    -0.7044 -9.990e-29
 145.656557     -1.902   0.027107    13.7626    -1.7797     -1.886     0.0200    -0.7058 -9.990e-29
 145.656563     -1.882   0.027108    13.7733    -1.7804     -1.866     0.0200    -0.7073 -9.990e-29
 145.656568     -1.860   0.027109    13.7833    -1.7805     -1.844     0.0200    -0.7087 -9.990e-29
 145.656574     -1.839   0.027109    13.7905    -1.7805     -1.824     0.0200    -0.7096 -9.990e-29
 145.656580     -1.823   0.027110    13.7948    -1.7799     -1.808     0.0200    -0.7102 -9.990e-29
 145.656586     -1.811   0.027111    13.7953    -1.7790     -1.796     0.0200    -0.7103 -9.990e-29
 145.656591     -1.801   0.027111    13.7916    -1.7780     -1.786     0.0200    -0.7098 -9.990e-29
 145.656597     -1.793   0.027112    13.7854    -1.7772     -1.778     0.0200    -0.7090 -9.990e-29
 145.656603     -1.787   0.027113    13.7780    -1.7766     -1.772     0.0200    -0.7079 -9.990e-29
 145.656609     -1.782   0.027113    13.7698    -1.7762     -1.767     0.0200    -0.7068 -9.990e-29
 145.656615     -1.778   0.027114    13.7621    -1.7754     -1.763     0.0200    -0.7058 -9.990e-29
 145.656620     -1.774   0.027115    13.7586    -1.7747     -1.759     0.0200    -0.7053 -9.990e-29
 145.656626     -1.771   0.027115    13.7622    -1.7739     -1.756     0.0200    -0.7058 -9.990e-29
 145.656632     -1.768   0.027116    13.7742    -1.7729     -1.753     0.0200    -0.7074 -9.990e-29
 145.656638     -1.765   0.027117    13.7928    -1.7721     -1.750     0.0200    -0.7100 -9.990e-29
 145.656644     -1.761   0.027118    13.8139    -1.7712     -1.746     0.0200    -0.7128 -9.990e-29
 145.656649     -1.757   0.027118    13.8337    -1.7705     -1.742     0.0200    -0.7155 -9.990e-29
 145.656655     -1.753   0.027119    13.8503    -1.7700     -1.738     0.0200    -0.7178 -9.990e-29
 145.656661     -1.747   0.027120    13.8660    -1.7703     -1.732     0.0200    -0.7200 -9.990e-29
 145.656667     -1.740   0.027120    13.8837    -1.7703     -1.725     0.0200    -0.7224 -9.990e-29
 145.656672     -1.731   0.027121    13.9032    -1.7702     -1.717     0.0200    -0.7251 -9.990e-29
 145.656678     -1.724   0.027122    13.9238    -1.7701     -1.710     0.0200    -0.7279 -9.990e-29
 145.656684     -1.722   0.027122    13.9455    -1.7693     -1.708     0.0200    -0.7309 -9.990e-29
 145.656690     -1.722   0.027123    13.9666    -1.7685     -1.708     0.0200    -0.7339 -9.990e-29
 145.656696     -1.719   0.027124    13.9858    -1.7680     -1.705     0.0200    -0.7365 -9.990e-29
 145.656701     -1.713   0.027125    14.0016    -1.7678     -1.699     0.0200    -0.7387 -9.990e-29
 145.656707     -1.703   0.027125    14.0111    -1.7676     -1.689     0.0200    -0.7400 -9.990e-29
 145.656713     -1.689   0.027126    14.0141    -1.7674     -1.675     0.0200    -0.7405 -9.990e-29
 145.656719     -1.674   0.027127    14.0153    -1.7670     -1.660     0.0200    -0.7406 -9.990e-29
 145.656725     -1.661   0.027127    14.0190    -1.7666     -1.647     0.0200    -0.7411 -9.990e-29
 145.656730     -1.646   0.027128    14.0274    -1.7662     -1.632     0.0200    -0.7423 -9.990e-29
 145.656736     -1.627   0.027129    14.0407    -1.7658     -1.613     0.0200    -0.7442 -9.990e-29
 145.656742     -1.613   0.027129    14.0558    -1.7656     -1.600     0.0200    -0.7463 -9.990e-29
 145.656748     -1.601   0.027129    14.0684    -1.7653     -1.588     0.0200    -0.7480 -9.990e-29
 145.656753     -1.587   0.027129    14.0774    -1.7653     -1.574     0.0200    -0.7493 -9.990e-29
 145.656759     -1.574   0.027127    14.0845    -1.7650     -1.561     0.0200    -0.7503 -9.990e-29
 145.656765     -1.565   0.027119    14.0914    -1.7649     -1.552     0.0200    -0.7512 -9.990e-29
 145.656771     -1.561   0.027092    14.0998    -1.7644     -1.548     0.0200    -0.7524 -9.990e-29
 145.656777     -1.557   0.027011    14.1097    -1.7642     -1.544     0.0199    -0.7539 -9.990e-29
 145.656782     -1.547   0.026766    14.1195    -1.7640     -1.534     0.0198    -0.7553 -9.990e-29
 145.656788     -1.537   0.026582    14.1279    -1.7638     -1.524     0.0197    -0.7566 -9.990e-29
 145.656794     -1.529   0.026767    14.1348    -1.7636     -1.516     0.0198    -0.7575 -9.990e-29
 145.656800     -1.522   0.027013    14.1404    -1.7643     -1.509     0.0199    -0.7582 -9.990e-29
 145.656806     -1.517   0.027096    14.1454    -1.7644     -1.504     0.0200    -0.7588 -9.990e-29
 145.656811     -1.513   0.027124    14.1508    -1.7651     -1.500     0.0200    -0.7596 -9.990e-29
 145.656817     -1.510   0.027134    14.1570    -1.7660     -1.497     0.0200    -0.7605 -9.990e-29
 145.656823     -1.507   0.027138    14.1639    -1.7660     -1.494     0.0200    -0.7614 -9.990e-29
 145.656829     -1.505   0.027140    14.1703    -1.7653     -1.492     0.0200    -0.7623 -9.990e-29
 145.656834     -1.503   0.027141    14.1753    -1.7648     -1.490     0.0200    -0.7630 -9.990e-29
 145.656840     -1.502   0.027141    14.1786    -1.7649     -1.489     0.0200    -0.7635 -9.990e-29
 145.656846     -1.500   0.027142    14.1774    -1.7651     -1.487     0.0200    -0.7633 -9.990e-29
 145.656852     -1.498   0.027142    14.1708    -1.7652     -1.486     0.0200    -0.7624 -9.990e-29
 145.656858     -1.497   0.027142    14.1611    -1.7652     -1.485     0.0200    -0.7610 -9.990e-29
 145.656863     -1.495   0.027142    14.1488    -1.7653     -1.483     0.0200    -0.7593 -9.990e-29
 145.656869     -1.493   0.027142    14.1382    -1.7656     -1.481     0.0200    -0.7578 -9.990e-29
 145.656875     -1.490   0.027143    14.1363    -1.7662     -1.478     0.0200    -0.7575 -9.990e-29
 145.656881     -1.486   0.027143    14.1422    -1.7666     -1.474     0.0200    -0.7584 -9.990e-29
 145.656887     -1.482   0.027143    14.1487    -1.7665     -1.470     0.0200    -0.7593 -9.990e-29
 145.656892     -1.477   0.027143    14.1506    -1.7670     -1.465     0.0200    -0.7595 -9.990e-29
 145.656898     -1.470   0.027143    14.1488    -1.7675     -1.458     0.0200    -0.7593 -9.990e-29
 145.656904     -1.461   0.027143    14.1463    -1.7679     -1.449     0.0200    -0.7589 -9.990e-29
 145.656910     -1.450   0.027143    14.1438    -1.7682     -1.438     0.0200    -0.7586 -9.990e-29
 145.656916     -1.436   0.027143    14.1397    -1.7684     -1.424     0.0200    -0.7580 -9.990e-29
 145.656921     -1.418   0.027143    14.1327    -1.7685     -1.406     0.0200    -0.7570 -9.990e-29
 145.656927     -1.395   0.027143    14.1235    -1.7684     -1.383     0.0200    -0.7557 -9.990e-29
 145.656933     -1.369   0.027144    14.1153    -1.7679     -1.358     0.0200    -0.7546 -9.990e-29
 145.656939     -1.348   0.027144    14.1085    -1.7674     -1.337     0.0200    -0.7536 -9.990e-29
 145.656944     -1.334   0.027144    14.0999    -1.7668     -1.323     0.0200    -0.7524 -9.990e-29
 145.656950     -1.327   0.027143    14.0894    -1.7662     -1.316     0.0200    -0.7509 -9.990e-29
 145.656956     -1.326   0.027142    14.0794    -1.7657     -1.315     0.0200    -0.7496 -9.990e-29
 145.656962     -1.331   0.027139    14.0718    -1.7654     -1.320     0.0200    -0.7485 -9.990e-29
 145.656968     -1.338   0.027130    14.0674    -1.7665     -1.327     0.0200    -0.7479 -9.990e-29
 145.656973     -1.339   0.027103    14.0668    -1.7676     -1.328     0.0200    -0.7478 -9.990e-29
 145.656979     -1.330   0.027021    14.0709    -1.7685     -1.319     0.0199    -0.7484 -9.990e-29
 145.656985     -1.314   0.026775    14.0799    -1.7691     -1.303     0.0198    -0.7498 -9.990e-29
 145.656991     -1.299   0.026591    14.0923    -1.7695     -1.288     0.0197    -0.7516 -9.990e-29
 145.656997     -1.289   0.026776    14.1060    -1.7702     -1.278     0.0198    -0.7534 -9.990e-29
 145.657002     -1.283   0.027022    14.1183    -1.7699     -1.272     0.0199    -0.7551 -9.990e-29
 145.657008     -1.279   0.027104    14.1259    -1.7698     -1.268     0.0200    -0.7561 -9.990e-29
 145.657014     -1.279   0.027132    14.1236    -1.7699     -1.268     0.0200    -0.7558 -9.990e-29
 145.657020     -1.278   0.027141    14.1088    -1.7696     -1.267     0.0200    -0.7537 -9.990e-29
 145.657025     -1.271   0.027144    14.0875    -1.7700     -1.260     0.0200    -0.7507 -9.990e-29
 145.657031     -1.263   0.027145    14.0673    -1.7708     -1.252     0.0200    -0.7479 -9.990e-29
 145.657037     -1.257   0.027145    14.0511    -1.7716     -1.247     0.0200    -0.7456 -9.990e-29
 145.657043     -1.252   0.027146    14.0383    -1.7716     -1.242     0.0200    -0.7438 -9.990e-29
 145.657049     -1.249   0.027146    14.0299    -1.7717     -1.239     0.0200    -0.7426 -9.990e-29
 145.657054     -1.247   0.027146    14.0275    -1.7721     -1.237     0.0200    -0.7423 -9.990e-29
 145.657060     -1.246   0.027146    14.0278    -1.7723     -1.236     0.0200    -0.7423 -9.990e-29
 145.657066     -1.246   0.027146    14.0276    -1.7729     -1.236     0.0200    -0.7423 -9.990e-29
 145.657072     -1.247   0.027146    14.0252    -1.7734     -1.237     0.0200    -0.7420 -9.990e-29
 145.657078     -1.249   0.027146    14.0170    -1.7736     -1.239     0.0200    -0.7408 -9.990e-29
 145.657083     -1.252   0.027146    14.0035    -1.7745     -1.242     0.0200    -0.7390 -9.990e-29
 145.657089     -1.253   0.027146    13.9910    -1.7762     -1.243     0.0200    -0.7372 -9.990e-29
 145.657095     -1.246   0.027146    13.9832    -1.7773     -1.236     0.0200    -0.7361 -9.990e-29
 145.657101     -1.236   0.027147    13.9773    -1.7784     -1.226     0.0200    -0.7353 -9.990e-29
 145.657106     -1.226   0.027147    13.9701    -1.7795     -1.216     0.0200    -0.7343 -9.990e-29
 145.657112     -1.216   0.027147    13.9610    -1.7800     -1.206     0.0200    -0.7331 -9.990e-29
 145.657118     -1.205   0.027147    13.9497    -1.7804     -1.195     0.0200    -0.7315 -9.990e-29
 145.657124     -1.193   0.027147    13.9369    -1.7806     -1.183     0.0200    -0.7297 -9.990e-29
 145.657130     -1.178   0.027147    13.9216    -1.7808     -1.168     0.0200    -0.7276 -9.990e-29
 145.657135     -1.160   0.027147    13.8989    -1.7813     -1.150     0.0200    -0.7245 -9.990e-29
 145.657141     -1.141   0.027147    13.8695    -1.7820     -1.131     0.0200    -0.7204 -9.990e-29
 145.657147     -1.126   0.027147    13.8399    -1.7827     -1.117     0.0200    -0.7164 -9.990e-29
 145.657153     -1.112   0.027147    13.8127    -1.7835     -1.103     0.0200    -0.7127 -9.990e-29
 145.657159     -1.104   0.027148    13.7897    -1.7842     -1.095     0.0200    -0.7095 -9.990e-29
 145.657164     -1.101   0.027148    13.7735    -1.7846     -1.092     0.0200    -0.7073 -9.990e-29
 145.657170     -1.098   0.027148    13.7623    -1.7846     -1.089     0.0200    -0.7058 -9.990e-29
 145.657176     -1.100   0.027148    13.7535    -1.7845     -1.091     0.0200    -0.7046 -9.990e-29
 145.657182     -1.106   0.027148    13.7444    -1.7846     -1.097     0.0200    -0.7033 -9.990e-29
 145.657187     -1.113   0.027148    13.7319    -1.7848     -1.104     0.0200    -0.7016 -9.990e-29
 145.657193     -1.121   0.027148    13.7160    -1.7848     -1.112     0.0200    -0.6995 -9.990e-29
 145.657199     -1.126   0.027148    13.6989    -1.7846     -1.117     0.0200    -0.6972 -9.990e-29
 145.657205     -1.124   0.027148    13.6821    -1.7841     -1.115     0.0200    -0.6949 -9.990e-29
 145.657211     -1.116   0.027149    13.6681    -1.7837     -1.107     0.0200    -0.6930 -9.990e-29
 145.657216     -1.105   0.027149    13.6589    -1.7835     -1.096     0.0200    -0.6918 -9.990e-29
 145.657222     -1.099   0.027148    13.6547    -1.7832     -1.090     0.0200    -0.6912 -9.990e-29
 145.657228     -1.098   0.027147    13.6532    -1.7831     -1.089     0.0200    -0.6910 -9.990e-29
 145.657234     -1.092   0.027144    13.6519    -1.7829     -1.083     0.0200    -0.6908 -9.990e-29
 145.657240     -1.077   0.027135    13.6510    -1.7833     -1.068     0.0200    -0.6907 -9.990e-29
 145.657245     -1.057   0.027108    13.6523    -1.7836     -1.048     0.0200    -0.6909 -9.990e-29
 145.657251     -1.039   0.027026    13.6569    -1.7837     -1.030     0.0199    -0.6916 -9.990e-29
 145.657257     -1.026   0.026780    13.6646    -1.7841     -1.017     0.0198    -0.6927 -9.990e-29
 145.657263     -1.013   0.026596    13.6733    -1.7847     -1.005     0.0197    -0.6939 -9.990e-29
 145.657269     -0.994   0.026781    13.6806    -1.7851     -0.986     0.0198    -0.6949 -9.990e-29
 145.657274     -0.977   0.027027    13.6858    -1.7854     -0.969     0.0199    -0.6955 -9.990e-29
