data/oxygen options/ONMS/Olympic_Coast_National_Marine_Sanctuary_CTD_Data_2005_2023/raw_data/2012/CAST_TH042_120828faedb.cnv
* Sea-Bird SBE19 Data File:
* FileName = C:\Documents and Settings\OCNMS\Desktop\2012 mooring data\2nd service\CAST_TH042_120828.hex
* Software Version 1.25
* Temperature SN = 2997
* Conductivity SN = 2997
* System UpLoad Time = Aug 28 2012 17:49:11
** CAST_TH042_120828
* SEACAT PROFILER V3.1c SN 2997   08/28/12  17:48:04.161
# nquan = 9
# nvalues = 41                          
# units = specified
# name 0 = timeJ: Julian Days
# name 1 = prSM: Pressure, Strain Gauge [db]
# name 2 = c0mS/cm: Conductivity [mS/cm]
# name 3 = t090C: Temperature [ITS-90, deg C]
# name 4 = sbeox0ML/L: Oxygen, SBE 43 [ml/l]
# name 5 = depSM: Depth [salt water, m], lat = 47.5
# name 6 = sal00: Salinity, Practical [PSU]
# name 7 = sigma-é00: Density [sigma-theta, kg/m^3]
# name 8 = flag: flag
# span 0 = 241.595139, 241.596007       
# span 1 =      2.000,     42.000       
# span 2 =  34.737522,  37.080145       
# span 3 =     7.9227,    11.9371       
# span 4 =     1.9513,     7.3852       
# span 5 =      1.983,     41.645       
# span 6 =    32.2195,    33.4771       
# span 7 =    24.4420,    26.0881       
# span 8 = 0.0000e+00, 0.0000e+00       
# interval = decibars: 1                
# start_time = Aug 28 2012 14:10:27 [Instrument's time stamp, header]
# bad_flag = -9.990e-29
*END*
 241.595139      2.000  37.080145    11.9371     7.3369      1.983    32.2195    24.4420 0.0000e+00
 241.595160      3.000  37.054051    11.8894     7.3852      2.975    32.2351    24.4630 0.0000e+00
 241.595176      4.000  37.028125    11.8550     7.3788      3.967    32.2393    24.4727 0.0000e+00
 241.595192      5.000  37.026203    11.8477     7.2715      4.958    32.2434    24.4772 0.0000e+00
 241.595207      6.000  37.000486    11.7774     7.2733      5.950    32.2791    24.5178 0.0000e+00
 241.595223      7.000  36.851811    11.5065     7.2008      6.942    32.3701    24.6379 0.0000e+00
 241.595241      8.000  36.553835    11.1652     7.0818      7.933    32.3767    24.7043 0.0000e+00
 241.595266      9.000  36.424425    10.9651     6.7956      8.925    32.4249    24.7771 0.0000e+00
 241.595292     10.000  36.310056    10.7823     6.5702      9.916    32.4730    24.8466 0.0000e+00
 241.595319     11.000  36.188481    10.6156     6.5716     10.908    32.4996    24.8962 0.0000e+00
 241.595348     12.000  36.165241    10.5501     6.5235     11.899    32.5344    24.9346 0.0000e+00
 241.595376     13.000  36.164618    10.5233     6.4743     12.891    32.5573    24.9570 0.0000e+00
 241.595407     14.000  36.166995    10.4636     5.7158     13.883    32.6127    25.0104 0.0000e+00
 241.595435     15.000  36.125474    10.2371     5.3576     14.874    32.7744    25.1749 0.0000e+00
 241.595468     16.000  36.078634    10.1079     5.1593     15.866    32.8435    25.2506 0.0000e+00
 241.595499     17.000  35.976069     9.9680     5.0853     16.857    32.8663    25.2918 0.0000e+00
 241.595530     18.000  35.952627     9.9222     4.9851     17.849    32.8837    25.3130 0.0000e+00
 241.595564     19.000  35.904049     9.8213     4.3977     18.841    32.9259    25.3627 0.0000e+00
 241.595594     20.000  35.779282     9.5868     3.8443     19.832    33.0129    25.4691 0.0000e+00
 241.595625     21.000  35.726918     9.4228     3.1423     20.824    33.1100    25.5715 0.0000e+00
 241.595651     22.000  35.689571     9.3067     3.0004     21.815    33.1786    25.6438 0.0000e+00
 241.595675     23.000  35.667682     9.2202     3.0700     22.807    33.2359    25.7025 0.0000e+00
 241.595695     24.000  35.663879     9.1898     3.1304     23.798    33.2599    25.7261 0.0000e+00
 241.595714     25.000  35.662943     9.1835     3.0422     24.790    33.2643    25.7305 0.0000e+00
 241.595733     26.000  35.639718     9.1449     2.7646     25.782    33.2758    25.7457 0.0000e+00
 241.595752     27.000  35.556328     9.0290     2.6302     26.773    33.2971    25.7807 0.0000e+00
 241.595769     28.000  35.514807     8.9773     2.4593     27.764    33.3017    25.7925 0.0000e+00
 241.595784     29.000  35.492885     8.9455     2.3089     28.756    33.3083    25.8026 0.0000e+00
 241.595799     30.000  35.439492     8.8804     2.1167     29.748    33.3132    25.8166 0.0000e+00
 241.595816     31.000  35.359980     8.7687     1.9513     30.739    33.3345    25.8507 0.0000e+00
 241.595833     32.000  35.171106     8.4334     2.0259     31.730    33.4523    25.9942 0.0000e+00
 241.595849     33.000  34.972469     8.1968     2.0885     32.722    33.4665    26.0409 0.0000e+00
 241.595863     34.000  34.902396     8.1243     2.1106     33.713    33.4606    26.0471 0.0000e+00
 241.595880     35.000  34.876609     8.1096     2.1428     34.705    33.4466    26.0383 0.0000e+00
 241.595896     36.000  34.865746     8.0877     2.1461     35.696    33.4555    26.0486 0.0000e+00
 241.595912     37.000  34.851770     8.0680     2.1588     36.688    33.4590    26.0541 0.0000e+00
 241.595926     38.000  34.829639     8.0311     2.1558     37.679    33.4701    26.0684 0.0000e+00
 241.595940     39.000  34.790041     7.9829     2.1478     38.671    33.4734    26.0781 0.0000e+00
 241.595955     40.000  34.770858     7.9611     2.1426     39.662    33.4733    26.0812 0.0000e+00
 241.595970     41.000  34.750555     7.9340     2.1347     40.654    33.4771    26.0881 0.0000e+00
 241.596007     42.000  34.737522     7.9227     2.1239     41.645    33.4735    26.0870 0.0000e+00
