data/oxygen options/ONMS/Olympic_Coast_National_Marine_Sanctuary_CTD_Data_2005_2023/raw_data/2012/CAST_MB042_120523faed.cnv
* Sea-Bird SBE19 Data File:
* FileName = C:\Documents and Settings\OCNMS\Desktop\2012 mooring data\Deployment May\CAST_MB042_120523.hex
* Software Version 1.25
* Temperature SN = 2997
* Conductivity SN = 2997
* System UpLoad Time = May 25 2012 14:56:15
** CAST_MB042_120523
* SEACAT PROFILER V3.1c SN 2997   05/25/12  14:54:37.704
# nquan = 9                                 
# nvalues = 1334                        
# units = specified
# name 0 = timeJ: Julian Days
# name 1 = prSM: Pressure, Strain Gauge [db]
# name 2 = c0mS/cm: Conductivity [mS/cm]
# name 3 = t090C: Temperature [ITS-90, deg C]
# name 4 = sbeox0ML/L: Oxygen, SBE 43 [ml/l]
# name 5 = depSM: Depth [salt water, m], lat = 47.5
# name 6 = sal00: Salinity, Practical [PSU]
# name 7 = sigma-é00: Density [sigma-theta, kg/m^3]
# name 8 = flag: flag
# span 0 = 144.443171, 144.450885       
# span 1 =     -5.195,     41.695       
# span 2 =  -0.000099,  34.552981       
# span 3 =     8.3644,     9.6745       
# span 4 =   -15.4074,    16.7794       
# span 5 =     -5.152,     41.343       
# span 6 =     0.0000,    32.6905       
# span 7 =    -0.2508,    25.4046       
# span 8 = 0.0000e+00, 0.0000e+00       
# interval = seconds: 0.5
# start_time = May 23 2012 10:38:10 [Instrument's time stamp, header]
# bad_flag = -9.990e-29
*END*
[from data line 481]
 144.445955     -0.232   0.000093     9.3979    -1.9714     -0.230     0.0048    -0.2437 -9.990e-29
 144.445961     -0.232   0.000094     9.3976    -1.9714     -0.230     0.0048    -0.2437 -9.990e-29
 144.445966     -0.229   0.000095     9.3967    -1.9714     -0.227     0.0048    -0.2436 -9.990e-29
 144.445972     -0.221   0.000095     9.3954    -1.9714     -0.219     0.0048    -0.2435 -9.990e-29
 144.445978     -0.214   0.000095     9.3937    -1.9716     -0.212     0.0048    -0.2434 -9.990e-29
 144.445984     -0.210   0.000094     9.3920    -1.9714     -0.208     0.0048    -0.2433 -9.990e-29
 144.445990     -0.210   0.000093     9.3920    -1.9718     -0.208     0.0048    -0.2433 -9.990e-29
 144.445995     -0.210   0.000091     9.3951    -1.9715     -0.208     0.0048    -0.2435 -9.990e-29
 144.446001     -0.204   0.000089     9.3995    -1.9710     -0.202     0.0048    -0.2439 -9.990e-29
 144.446007     -0.198   0.000088     9.4026    -1.9712     -0.196     0.0048    -0.2441 -9.990e-29
 144.446013     -0.194   0.000086     9.4037    -1.9707     -0.192     0.0048    -0.2442 -9.990e-29
 144.446019     -0.193   0.000084     9.4034    -1.9709     -0.191     0.0048    -0.2442 -9.990e-29
 144.446024     -0.195   0.000083     9.4025    -1.9712     -0.193     0.0048    -0.2441 -9.990e-29
 144.446030     -0.195   0.000081     9.4018    -1.9717     -0.193     0.0048    -0.2440 -9.990e-29
 144.446036     -0.189   0.000079     9.4011    -1.9720     -0.187     0.0048    -0.2440 -9.990e-29
 144.446042     -0.181   0.000077     9.4009    -1.9719     -0.179     0.0048    -0.2440 -9.990e-29
 144.446047     -0.175   0.000076     9.4034    -1.9719     -0.174     0.0048    -0.2442 -9.990e-29
 144.446053     -0.170   0.000074     9.4075    -1.9718     -0.169     0.0048    -0.2445 -9.990e-29
 144.446059     -0.166   0.000072     9.4107    -1.9717     -0.165     0.0048    -0.2447 -9.990e-29
 144.446065     -0.163   0.000071     9.4123    -1.9717     -0.162     0.0048    -0.2449 -9.990e-29
 144.446071     -0.161   0.000069     9.4108    -1.9716     -0.160     0.0048    -0.2448 -9.990e-29
 144.446076     -0.159   0.000067     9.4060    -1.9712     -0.158     0.0048    -0.2444 -9.990e-29
 144.446082     -0.158   0.000065     9.4002    -1.9709     -0.157     0.0048    -0.2439 -9.990e-29
 144.446088     -0.157   0.000064     9.3959    -1.9711     -0.156     0.0048    -0.2436 -9.990e-29
 144.446094     -0.156   0.000062     9.3944    -1.9709     -0.155     0.0048    -0.2434 -9.990e-29
 144.446100     -0.155   0.000060     9.3947    -1.9710     -0.154     0.0048    -0.2435 -9.990e-29
 144.446105     -0.155   0.000059     9.3960    -1.9709     -0.154     0.0048    -0.2436 -9.990e-29
 144.446111     -0.154   0.000057     9.3976    -1.9712     -0.153     0.0048    -0.2437 -9.990e-29
 144.446117     -0.154   0.000055     9.3994    -1.9714     -0.153     0.0048    -0.2438 -9.990e-29
 144.446123     -0.154   0.000053     9.4023    -1.9716     -0.153     0.0048    -0.2441 -9.990e-29
 144.446128     -0.153   0.000052     9.4065    -1.9717     -0.152     0.0048    -0.2444 -9.990e-29
 144.446134     -0.153   0.000050     9.4098    -1.9714     -0.152     0.0048    -0.2447 -9.990e-29
 144.446140     -0.153   0.000048     9.4114    -1.9714     -0.152     0.0048    -0.2448 -9.990e-29
 144.446146     -0.152   0.000047     9.4123    -1.9714     -0.151     0.0048    -0.2449 -9.990e-29
 144.446152     -0.152   0.000045     9.4125    -1.9716     -0.151     0.0048    -0.2449 -9.990e-29
 144.446157     -0.152   0.000043     9.4114    -1.9713     -0.151     0.0048    -0.2448 -9.990e-29
 144.446163     -0.152   0.000041     9.4086    -1.9712     -0.151     0.0048    -0.2446 -9.990e-29
 144.446169     -0.151   0.000040     9.4051    -1.9709     -0.150     0.0048    -0.2443 -9.990e-29
 144.446175     -0.151   0.000038     9.4024    -1.9704     -0.150     0.0048    -0.2441 -9.990e-29
 144.446181     -0.150   0.000036     9.4018    -1.9693     -0.149     0.0048    -0.2440 -9.990e-29
 144.446186     -0.149   0.000035     9.4029    -1.9689     -0.148     0.0048    -0.2441 -9.990e-29
 144.446192     -0.148   0.000033     9.4037    -1.9688     -0.147     0.0048    -0.2442 -9.990e-29
 144.446198     -0.147   0.000031     9.4036    -1.9688     -0.146     0.0048    -0.2442 -9.990e-29
 144.446204     -0.145   0.000029     9.4042    -1.9694     -0.144     0.0048    -0.2442 -9.990e-29
 144.446209     -0.143   0.000028     9.4067    -1.9693     -0.142     0.0048    -0.2444 -9.990e-29
 144.446215     -0.144   0.000026     9.4108    -1.9694     -0.143     0.0048    -0.2447 -9.990e-29
 144.446221     -0.154   0.000024     9.4175    -1.9692     -0.153     0.0048    -0.2453 -9.990e-29
 144.446227     -0.163   0.000023     9.4284    -1.9693     -0.162     0.0048    -0.2461 -9.990e-29
 144.446233     -0.165   0.000021     9.4408    -1.9695     -0.164     0.0049    -0.2471 -9.990e-29
 144.446238     -0.163   0.000019     9.4496    -1.9693     -0.162     0.0049    -0.2478 -9.990e-29
 144.446244     -0.162   0.000017     9.4531    -1.9693     -0.161     0.0049    -0.2481 -9.990e-29
 144.446250     -0.161   0.000016     9.4524    -1.9694     -0.160     0.0049    -0.2480 -9.990e-29
 144.446256     -0.161   0.000014     9.4496    -1.9697     -0.160     0.0049    -0.2478 -9.990e-29
 144.446262     -0.161   0.000012     9.4477    -1.9702     -0.160     0.0049    -0.2476 -9.990e-29
 144.446267     -0.161   0.000011     9.4471    -1.9703     -0.160     0.0049    -0.2476 -9.990e-29
 144.446273     -0.162   0.000009     9.4470    -1.9702     -0.161     0.0049    -0.2476 -9.990e-29
 144.446279     -0.164   0.000007     9.4464    -1.9707     -0.163     0.0049    -0.2475 -9.990e-29
 144.446285     -0.167   0.000005     9.4459    -1.9708     -0.166     0.0049    -0.2475 -9.990e-29
 144.446291     -0.170   0.000004     9.4463    -1.9705     -0.169     0.0049    -0.2475 -9.990e-29
 144.446296     -0.174   0.000002     9.4459    -1.9706     -0.173     0.0049    -0.2475 -9.990e-29
 144.446302     -0.180 4.1495e-07     9.4433    -1.9707     -0.178     0.0049    -0.2473 -9.990e-29
 144.446308     -0.183  -0.000001     9.4386    -1.9709     -0.181     0.0000    -0.2508 -9.990e-29
 144.446314     -0.180  -0.000003     9.4331    -1.9709     -0.178     0.0000    -0.2503 -9.990e-29
 144.446319     -0.174  -0.000005     9.4292    -1.9707     -0.173     0.0000    -0.2500 -9.990e-29
 144.446325     -0.169  -0.000007     9.4263    -1.9707     -0.168     0.0000    -0.2498 -9.990e-29
 144.446331     -0.165  -0.000008     9.4229    -1.9706     -0.164     0.0000    -0.2495 -9.990e-29
 144.446337     -0.162  -0.000010     9.4212    -1.9705     -0.161     0.0000    -0.2494 -9.990e-29
 144.446343     -0.160  -0.000012     9.4215    -1.9702     -0.159     0.0000    -0.2494 -9.990e-29
 144.446348     -0.158  -0.000013     9.4212    -1.9702     -0.157     0.0000    -0.2494 -9.990e-29
 144.446354     -0.156  -0.000015     9.4196    -1.9702     -0.155     0.0000    -0.2493 -9.990e-29
 144.446360     -0.155  -0.000017     9.4180    -1.9705     -0.154     0.0000    -0.2491 -9.990e-29
 144.446366     -0.153  -0.000019     9.4178    -1.9713     -0.152     0.0000    -0.2491 -9.990e-29
 144.446372     -0.152  -0.000020     9.4190    -1.9719     -0.151     0.0000    -0.2492 -9.990e-29
 144.446377     -0.150  -0.000022     9.4204    -1.9728     -0.149     0.0000    -0.2493 -9.990e-29
 144.446383     -0.149  -0.000024     9.4222    -1.9728     -0.148     0.0000    -0.2495 -9.990e-29
 144.446389     -0.147  -0.000025     9.4247    -1.9731     -0.146     0.0000    -0.2497 -9.990e-29
 144.446395     -0.144  -0.000027     9.4270    -1.9735     -0.143     0.0000    -0.2498 -9.990e-29
 144.446400     -0.142  -0.000029     9.4274    -1.9735     -0.141     0.0000    -0.2499 -9.990e-29
 144.446406     -0.138  -0.000031     9.4250    -1.9739     -0.137     0.0000    -0.2497 -9.990e-29
 144.446412     -0.134  -0.000032     9.4185    -1.9739     -0.133     0.0000    -0.2492 -9.990e-29
 144.446418     -0.128  -0.000034     9.4078    -1.9740     -0.127     0.0000    -0.2483 -9.990e-29
 144.446424     -0.120  -0.000036     9.3955    -1.9744     -0.119     0.0000    -0.2473 -9.990e-29
 144.446429     -0.111  -0.000037     9.3846    -1.9742     -0.110     0.0000    -0.2465 -9.990e-29
 144.446435     -0.103  -0.000039     9.3769    -1.9740     -0.102     0.0000    -0.2458 -9.990e-29
 144.446441     -0.101  -0.000041     9.3708    -1.9738     -0.100     0.0000    -0.2454 -9.990e-29
 144.446447     -0.099  -0.000043     9.3654    -1.9735     -0.098     0.0000    -0.2449 -9.990e-29
 144.446453     -0.099  -0.000044     9.3609    -1.9734     -0.098     0.0000    -0.2446 -9.990e-29
 144.446458     -0.103  -0.000046     9.3567    -1.9733     -0.102     0.0000    -0.2442 -9.990e-29
 144.446464     -0.109  -0.000048     9.3533    -1.9726     -0.108     0.0000    -0.2440 -9.990e-29
 144.446470     -0.112  -0.000049     9.3505    -1.9716     -0.111     0.0000    -0.2437 -9.990e-29
 144.446476     -0.112  -0.000051     9.3488    -1.9709     -0.111     0.0000    -0.2436 -9.990e-29
 144.446481     -0.109  -0.000053     9.3497    -1.9716     -0.108     0.0000    -0.2437 -9.990e-29
 144.446487     -0.109  -0.000055     9.3527    -1.9715     -0.108     0.0000    -0.2439 -9.990e-29
 144.446493     -0.114  -0.000056     9.3568    -1.9717     -0.113     0.0000    -0.2442 -9.990e-29
 144.446499     -0.120  -0.000058     9.3614    -1.9715     -0.119     0.0000    -0.2446 -9.990e-29
 144.446505     -0.125  -0.000060     9.3660    -1.9718     -0.124     0.0000    -0.2450 -9.990e-29
 144.446510     -0.128  -0.000061     9.3725    -1.9722     -0.127     0.0000    -0.2455 -9.990e-29
 144.446516     -0.129  -0.000063     9.3832    -1.9724     -0.128     0.0000    -0.2463 -9.990e-29
 144.446522     -0.129  -0.000065     9.3957    -1.9727     -0.128     0.0000    -0.2473 -9.990e-29
 144.446528     -0.127  -0.000067     9.4032    -1.9724     -0.126     0.0000    -0.2479 -9.990e-29
 144.446534     -0.123  -0.000068     9.4038    -1.9726     -0.122     0.0000    -0.2480 -9.990e-29
 144.446539     -0.118  -0.000070     9.4021    -1.9724     -0.117     0.0000    -0.2478 -9.990e-29
 144.446545     -0.114  -0.000072     9.4007    -1.9722     -0.113     0.0000    -0.2477 -9.990e-29
 144.446551     -0.117  -0.000073     9.3991    -1.9722     -0.116     0.0000    -0.2476 -9.990e-29
 144.446557     -0.121  -0.000075     9.3956    -1.9724     -0.120     0.0000    -0.2473 -9.990e-29
 144.446563     -0.124  -0.000077     9.3904    -1.9723     -0.123     0.0000    -0.2469 -9.990e-29
 144.446568     -0.125  -0.000079     9.3857    -1.9725     -0.124     0.0000    -0.2465 -9.990e-29
 144.446574     -0.124  -0.000080     9.3833    -1.9725     -0.123     0.0000    -0.2463 -9.990e-29
 144.446580     -0.121  -0.000082     9.3832    -1.9727     -0.120     0.0000    -0.2463 -9.990e-29
 144.446586     -0.117  -0.000084     9.3839    -1.9727     -0.116     0.0000    -0.2464 -9.990e-29
 144.446591     -0.114  -0.000085     9.3854    -1.9722     -0.113     0.0000    -0.2465 -9.990e-29
 144.446597     -0.117  -0.000087     9.3872    -1.9721     -0.116     0.0000    -0.2467 -9.990e-29
 144.446603     -0.122  -0.000089     9.3874    -1.9722     -0.121     0.0000    -0.2467 -9.990e-29
 144.446609     -0.125  -0.000091     9.3864    -1.9724     -0.124     0.0000    -0.2466 -9.990e-29
 144.446615     -0.127  -0.000092     9.3851    -1.9725     -0.126     0.0000    -0.2465 -9.990e-29
 144.446620     -0.127  -0.000094     9.3835    -1.9728     -0.126     0.0000    -0.2464 -9.990e-29
 144.446626     -0.125  -0.000096     9.3819    -1.9727     -0.124     0.0000    -0.2462 -9.990e-29
 144.446632     -0.121  -0.000097     9.3811    -1.9725     -0.120     0.0000    -0.2462 -9.990e-29
 144.446638     -0.116  -0.000098     9.3825    -1.9729     -0.115     0.0000    -0.2463 -9.990e-29
 144.446644     -0.108  -0.000099     9.3858    -1.9725     -0.107     0.0000    -0.2465 -9.990e-29
 144.446649     -0.097  -0.000096     9.3879    -1.9728     -0.096     0.0000    -0.2467 -9.990e-29
 144.446655     -0.082  -0.000083     9.3875    -1.9730     -0.081     0.0000    -0.2467 -9.990e-29
 144.446661     -0.063  -0.000042     9.3855    -1.9728     -0.062     0.0000    -0.2465 -9.990e-29
 144.446667     -0.043   0.000084     9.3829    -1.6159     -0.043     0.0048    -0.2425 -9.990e-29
 144.446672     -0.024   0.000465     9.3810    -1.6037     -0.024     0.0048    -0.2424 -9.990e-29
 144.446678     -0.006   0.001609     9.3803    -1.6026     -0.006     0.0051    -0.2421 -9.990e-29
 144.446684      0.009   0.005045     9.3798    -1.6019      0.009     0.0068    -0.2407 -9.990e-29
 144.446690      0.021   0.015354     9.3795    -1.6020      0.021     0.0127    -0.2360 -9.990e-29
 144.446696      0.040   0.046281     9.3800    -1.6021      0.040     0.0322    -0.2206 -9.990e-29
 144.446701      0.072   0.139061     9.3812    -1.6023      0.071     0.0941    -0.1718 -9.990e-29
 144.446707      0.118   0.417400     9.3872    -1.6024      0.117     0.2896    -0.0180 -9.990e-29
 144.446713      0.176   1.252416     9.4088    -1.6023      0.175     0.9084     0.4673 -9.990e-29
 144.446719      0.243   3.757464     9.4604    -1.6024      0.241     2.8919     2.0177 -9.990e-29
 144.446725      0.322  11.272607     9.5326    -1.6020      0.319     9.3625     7.0565 -9.990e-29
 144.446730      0.422  22.629102     9.5889    -1.6022      0.418    19.9298    15.2700 -9.990e-29
 144.446736      0.541  30.338396     9.6154    -1.6021      0.536    27.4850    21.1500 -9.990e-29
 144.446742      0.667  32.995202     9.6247    -1.6021      0.661    30.1509    23.2279 -9.990e-29
 144.446748      0.784  33.889991     9.6269    -1.6021      0.777    31.0565    23.9344 -9.990e-29
 144.446753      0.889  34.191233     9.6270    -1.6020      0.882    31.3627    24.1734 -9.990e-29
 144.446759      0.974  34.288320     9.6272    -1.6021      0.966    31.4613    24.2504 -9.990e-29
 144.446765      1.036  34.316361     9.6280    -1.6022      1.027    31.4892    24.2720 -9.990e-29
 144.446771      1.084  34.322324     9.6294    -1.6022      1.075    31.4940    24.2755 -9.990e-29
 144.446777      1.125  34.322621     9.6305    -1.6024      1.116    31.4933    24.2748 -9.990e-29
 144.446782      1.162  34.323867     9.6313    -1.6021      1.152    31.4939    24.2751 -9.990e-29
 144.446788      1.196  34.328345     9.6321    -1.6021      1.186    31.4977    24.2780 -9.990e-29
 144.446794      1.227  34.331443     9.6325    -1.6021      1.217    31.5005    24.2801 -9.990e-29
 144.446800      1.247  34.332871     9.6324    -1.6022      1.237    31.5020    24.2813 -9.990e-29
 144.446806      1.253  34.334590     9.6324    -1.6022      1.243    31.5038    24.2827 -9.990e-29
 144.446811      1.250  34.335592     9.6324    -1.6023      1.240    31.5048    24.2835 -9.990e-29
 144.446817      1.250  34.333351     9.6323    -1.6021      1.240    31.5026    24.2818 -9.990e-29
 144.446823      1.263  34.327742     9.6320    -1.6021      1.252    31.4972    24.2776 -9.990e-29
 144.446829      1.284  34.324227     9.6316    -1.6023      1.273    31.4939    24.2751 -9.990e-29
 144.446834      1.307  34.324341     9.6311    -1.6023      1.296    31.4945    24.2756 -9.990e-29
 144.446840      1.325  34.327177     9.6304    -1.6024      1.314    31.4980    24.2785 -9.990e-29
 144.446846      1.333  34.333212     9.6296    -1.6023      1.322    31.5048    24.2839 -9.990e-29
 144.446852      1.333  34.338228     9.6289    -1.6023      1.322    31.5105    24.2885 -9.990e-29
 144.446858      1.329  34.338330     9.6282    -1.6024      1.318    31.5112    24.2892 -9.990e-29
 144.446863      1.330  34.335394     9.6278    -1.6025      1.319    31.5086    24.2872 -9.990e-29
 144.446869      1.335  34.333407     9.6277    -1.6023      1.324    31.5067    24.2857 -9.990e-29
