data/oxygen options/ONMS/Olympic_Coast_National_Marine_Sanctuary_CTD_Data_2005_2023/raw_data/2012/CAST_MB015_121009faed.cnv
* Sea-Bird SBE19 Data File:
* FileName = C:\Documents and Settings\OCNMS\Desktop\2012 mooring data\RECOVERY\CAST_MB015_121009.hex
* Software Version 1.25
* Temperature SN = 2997
* Conductivity SN = 2997
* System UpLoad Time = Oct 09 2012 12:07:35
** CAST_MB015_121009
* SEACAT PROFILER V3.1c SN 2997   10/09/12  12:05:33.474
# nquan = 9                                 
# nvalues = 1082                        
# units = specified
# name 0 = timeJ: Julian Days
# name 1 = prSM: Pressure, Strain Gauge [db]
# name 2 = c0mS/cm: Conductivity [mS/cm]
# name 3 = t090C: Temperature [ITS-90, deg C]
# name 4 = sbeox0ML/L: Oxygen, SBE 43 [ml/l]
# name 5 = depSM: Depth [salt water, m], lat = 47.5
# name 6 = sal00: Salinity, Practical [PSU]
# name 7 = sigma-é00: Density [sigma-theta, kg/m^3]
# name 8 = flag: flag
# span 0 = 283.405937, 283.412193       
# span 1 =     -4.993,     11.028       
# span 2 =   0.093388,  35.528633       
# span 3 =     8.9842,    11.4234       
# span 4 =   -16.8168,    13.9056       
# span 5 =     -4.951,     10.936       
# span 6 =     0.0610,    33.1754       
# span 7 =    -0.3623,    25.6680       
# span 8 = 0.0000e+00, 0.0000e+00       
# interval = seconds: 0.5
# start_time = Oct 09 2012 09:44:33 [Instrument's time stamp, header]
# bad_flag = -9.990e-29
*END*
[from data line 961]
 283.411499      9.591  35.253645     9.0208     4.9436      9.511    32.9977    25.5473 -9.990e-29
 283.411505      9.592  35.253930     9.0220     4.9475      9.512    32.9969    25.5465 -9.990e-29
 283.411510      9.596  35.254211     9.0229     4.9415      9.516    32.9963    25.5459 -9.990e-29
 283.411516      9.598  35.254294     9.0235     4.9317      9.518    32.9958    25.5455 -9.990e-29
 283.411522      9.596  35.254280     9.0235     4.9202      9.516    32.9958    25.5455 -9.990e-29
 283.411528      9.593  35.254146     9.0227     4.9162      9.513    32.9964    25.5461 -9.990e-29
 283.411534      9.596  35.253711     9.0211     4.9216      9.516    32.9975    25.5471 -9.990e-29
 283.411539      9.612  35.252950     9.0192     4.9276      9.532    32.9984    25.5482 -9.990e-29
 283.411545      9.632  35.252529     9.0181     4.9316      9.551    32.9990    25.5488 -9.990e-29
 283.411551      9.645  35.253007     9.0175     4.9397      9.564    33.0000    25.5497 -9.990e-29
 283.411557      9.642  35.253899     9.0169     4.9420      9.561    33.0015    25.5510 -9.990e-29
 283.411563      9.625  35.254713     9.0174     4.9421      9.544    33.0019    25.5512 -9.990e-29
 283.411568      9.604  35.255416     9.0184     4.9402      9.524    33.0017    25.5509 -9.990e-29
 283.411574      9.587  35.255825     9.0190     4.9367      9.507    33.0016    25.5507 -9.990e-29
 283.411580      9.573  35.255927     9.0204     4.9358      9.493    33.0004    25.5496 -9.990e-29
 283.411586      9.560  35.255858     9.0222     4.9286      9.480    32.9987    25.5479 -9.990e-29
 283.411591      9.549  35.255524     9.0227     4.9336      9.469    32.9979    25.5472 -9.990e-29
 283.411597      9.542  35.255043     9.0218     4.9363      9.462    32.9982    25.5476 -9.990e-29
 283.411603      9.544  35.254893     9.0195     4.9308      9.464    33.0002    25.5495 -9.990e-29
 283.411609      9.550  35.254874     9.0168     4.9228      9.470    33.0027    25.5519 -9.990e-29
 283.411615      9.556  35.254401     9.0149     4.9244      9.476    33.0040    25.5532 -9.990e-29
 283.411620      9.563  35.253961     9.0138     4.9205      9.483    33.0045    25.5538 -9.990e-29
 283.411626      9.571  35.254088     9.0137     4.9250      9.491    33.0047    25.5540 -9.990e-29
 283.411632      9.577  35.254391     9.0146     4.9344      9.497    33.0042    25.5534 -9.990e-29
 283.411638      9.576  35.254715     9.0155     4.9341      9.496    33.0037    25.5529 -9.990e-29
 283.411644      9.573  35.254931     9.0157     4.9385      9.493    33.0038    25.5529 -9.990e-29
 283.411649      9.572  35.254766     9.0146     4.9362      9.492    33.0046    25.5537 -9.990e-29
 283.411655      9.573  35.254561     9.0138     4.9325      9.493    33.0051    25.5543 -9.990e-29
 283.411661      9.575  35.254604     9.0147     4.9243      9.495    33.0043    25.5535 -9.990e-29
 283.411667      9.579  35.254949     9.0159     4.9305      9.499    33.0036    25.5527 -9.990e-29
 283.411672      9.581  35.255496     9.0157     4.9324      9.501    33.0043    25.5534 -9.990e-29
 283.411678      9.577  35.255857     9.0147     4.9266      9.497    33.0056    25.5545 -9.990e-29
 283.411684      9.571  35.255953     9.0149     4.9194      9.491    33.0056    25.5544 -9.990e-29
 283.411690      9.567  35.255911     9.0155     4.9129      9.487    33.0050    25.5539 -9.990e-29
 283.411696      9.564  35.255674     9.0154     4.9153      9.484    33.0048    25.5538 -9.990e-29
 283.411701      9.562  35.255487     9.0155     4.9209      9.482    33.0045    25.5535 -9.990e-29
 283.411707      9.562  35.255662     9.0162     4.9179      9.482    33.0041    25.5531 -9.990e-29
 283.411713      9.562  35.255871     9.0166     4.9156      9.482    33.0039    25.5529 -9.990e-29
 283.411719      9.564  35.255834     9.0161     4.9167      9.484    33.0043    25.5533 -9.990e-29
 283.411725      9.566  35.255501     9.0158     4.9261      9.486    33.0043    25.5533 -9.990e-29
 283.411730      9.571  35.254986     9.0156     4.9326      9.491    33.0039    25.5530 -9.990e-29
 283.411736      9.577  35.254726     9.0155     4.9245      9.497    33.0037    25.5529 -9.990e-29
 283.411742      9.581  35.254932     9.0158     4.9208      9.501    33.0037    25.5528 -9.990e-29
 283.411748      9.578  35.255318     9.0158     4.9013      9.498    33.0041    25.5531 -9.990e-29
 283.411753      9.570  35.255278     9.0145     4.8919      9.490    33.0052    25.5542 -9.990e-29
 283.411759      9.554  35.254759     9.0120     4.8943      9.474    33.0070    25.5560 -9.990e-29
 283.411765      9.535  35.254189     9.0086     4.8976      9.455    33.0096    25.5586 -9.990e-29
 283.411771      9.515  35.253931     9.0047     4.9061      9.435    33.0130    25.5618 -9.990e-29
 283.411777      9.493  35.254200     9.0017     4.9099      9.414    33.0160    25.5647 -9.990e-29
 283.411782      9.468  35.254795     9.0005     4.9025      9.389    33.0178    25.5662 -9.990e-29
 283.411788      9.439  35.255385     9.0006     4.9075      9.360    33.0183    25.5667 -9.990e-29
 283.411794      9.398  35.255636     9.0007     4.9171      9.319    33.0185    25.5668 -9.990e-29
 283.411800      9.339  35.255324     9.0004     4.9131      9.261    33.0185    25.5668 -9.990e-29
 283.411806      9.264  35.254591     8.9996     4.9219      9.186    33.0185    25.5669 -9.990e-29
 283.411811      9.170  35.254143     9.0002     4.9263      9.093    33.0175    25.5661 -9.990e-29
 283.411817      9.053  35.254504     9.0046     4.9349      8.977    33.0139    25.5625 -9.990e-29
 283.411823      8.900  35.255034     9.0105     4.9461      8.826    33.0090    25.5578 0.0000e+00
 283.411829      8.706  35.254757     9.0147     4.9573      8.633    33.0049    25.5539 0.0000e+00
 283.411834      8.485  35.252746     9.0181     4.9562      8.414    32.9997    25.5494 0.0000e+00
 283.411840      8.248  35.247441     9.0217     4.9492      8.179    32.9910    25.5420 0.0000e+00
 283.411846      8.001  35.238493     9.0243     4.9501      7.934    32.9794    25.5325 0.0000e+00
 283.411852      7.754  35.228537     9.0247     4.9361      7.689    32.9688    25.5241 0.0000e+00
 283.411858      7.513  35.219427     9.0232     4.9338      7.450    32.9608    25.5181 0.0000e+00
 283.411863      7.281  35.207977     9.0203     4.9321      7.220    32.9517    25.5114 0.0000e+00
 283.411869      7.058  35.191247     9.0164     4.9293      6.999    32.9380    25.5013 0.0000e+00
 283.411875      6.845  35.174936     9.0134     4.9331      6.788    32.9239    25.4907 0.0000e+00
 283.411881      6.635  35.166984     9.0114     4.9247      6.580    32.9176    25.4861 0.0000e+00
 283.411887      6.429  35.165189     9.0099     4.9295      6.375    32.9172    25.4860 0.0000e+00
 283.411892      6.225  35.162678     9.0094     4.9235      6.173    32.9152    25.4845 0.0000e+00
 283.411898      6.021  35.159464     9.0094     4.9152      5.971    32.9119    25.4819 0.0000e+00
 283.411904      5.815  35.155181     9.0099     4.9140      5.766    32.9071    25.4781 0.0000e+00
 283.411910      5.612  35.147481     9.0102     4.9240      5.565    32.8989    25.4716 0.0000e+00
 283.411916      5.412  35.142342     9.0119     4.9455      5.367    32.8921    25.4660 0.0000e+00
 283.411921      5.210  35.142434     9.0165     4.9759      5.166    32.8880    25.4621 0.0000e+00
 283.411927      5.002  35.141161     9.0223     4.9783      4.960    32.8814    25.4560 0.0000e+00
 283.411933      4.788  35.136266     9.0288     4.9440      4.748    32.8704    25.4464 0.0000e+00
 283.411939      4.571  35.131304     9.0352     4.8699      4.533    32.8594    25.4368 0.0000e+00
 283.411944      4.351  35.129184     9.0409     4.7972      4.315    32.8521    25.4302 0.0000e+00
 283.411950      4.126  35.129882     9.0480     4.7525      4.092    32.8463    25.4246 0.0000e+00
 283.411956      3.895  35.133210     9.0596     5.7330      3.862    32.8392    25.4171 0.0000e+00
 283.411962      3.651  35.140807     9.0782     5.8734      3.620    32.8300    25.4071 0.0000e+00
 283.411968      3.392  35.154402     9.0982     6.3028      3.364    32.8258    25.4006 0.0000e+00
 283.411973      3.119  35.166358     9.1097     6.7362      3.093    32.8277    25.4003 0.0000e+00
 283.411979      2.831  35.162375     9.1142     7.1847      2.807    32.8196    25.3932 0.0000e+00
 283.411985      2.541  35.130427     9.1203     7.5006      2.520    32.7810    25.3620 0.0000e+00
 283.411991      2.271  35.038562     9.1311     7.6336      2.252    32.6760    25.2782 0.0000e+00
 283.411997      2.036  34.785021     9.1445     7.6453      2.019    32.4014    25.0613 0.0000e+00
 283.412002      1.837  34.053036     9.1575     7.6684      1.822    31.6340    24.4592 0.0000e+00
 283.412008      1.675  31.875033     9.1689     7.6252      1.661    29.3911    22.7047 0.0000e+00
 283.412014      1.544  25.348131     9.1778     7.5657      1.531    22.8285    17.5826 -9.990e-29
 283.412020      1.434  15.661502     9.1836     7.5227      1.422    13.4965    10.3128 -9.990e-29
 283.412025      1.340   9.047397     9.1890     7.4899      1.329     7.4576     5.6075 -9.990e-29
 283.412031      1.255   6.178505     9.1983     7.4240      1.245     4.9513     3.6508 -9.990e-29
 283.412037      1.178   4.552105     9.2117     7.3946      1.168     3.5716     2.5712 -9.990e-29
 283.412043      1.113   3.639963     9.2296     7.4104      1.104     2.8139     1.9767 -9.990e-29
 283.412049      1.060   3.297304     9.2514     7.4204      1.051     2.5319     1.7541 -9.990e-29
 283.412054      1.016   3.458910     9.2724     7.3991      1.008     2.6623     1.8544 -9.990e-29
 283.412060      0.977   3.617376     9.2885     7.3920      0.969     2.7907     1.9536 -9.990e-29
 283.412066      0.942   3.430863     9.3010     7.3934      0.934     2.6373     1.8323 -9.990e-29
 283.412072      0.907   3.165584     9.3134     7.4011      0.899     2.4206     1.6616 -9.990e-29
 283.412078      0.876   3.019891     9.3281     7.4050      0.869     2.3017     1.5672 -9.990e-29
 283.412083      0.851   2.928209     9.3434     7.4116      0.844     2.2268     1.5072 -9.990e-29
 283.412089      0.829   3.003997     9.3542     7.4143      0.822     2.2872     1.5536 -9.990e-29
 283.412095      0.810   3.223445     9.3602   -11.8366      0.803     2.4643     1.6918 -9.990e-29
 283.412101      0.787   3.218507     9.3644   -16.8017      0.780     2.4600     1.6881 -9.990e-29
 283.412106      0.760   2.934934     9.3682   -16.8168      0.754     2.2307     1.5081 -9.990e-29
 283.412112      0.736   2.678003     9.3727   -11.8648      0.730     2.0242     1.3460 -9.990e-29
 283.412118      0.717   2.584339     9.3782    -1.9582      0.711     1.9491     1.2866 -9.990e-29
 283.412124      0.701   2.521852     9.3844    -1.9580      0.695     1.8990     1.2468 -9.990e-29
 283.412130      0.689   2.345118     9.3906    -1.9578      0.683     1.7583     1.1360 -9.990e-29
 283.412135      0.679   2.095715     9.3957    -1.9577      0.673     1.5613     0.9811 -9.990e-29
 283.412141      0.670   1.874641     9.4001 -9.990e-29      0.664     1.3881     0.8448 -9.990e-29
 283.412147      0.662   1.709181     9.4047 -9.990e-29      0.656     1.2592     0.7433 -9.990e-29
 283.412153      0.655   1.583231     9.4088 -9.990e-29      0.650     1.1617     0.6664 -9.990e-29
 283.412159      0.647   1.478482     9.4125 -9.990e-29      0.642     1.0810     0.6027 -9.990e-29
 283.412164      0.639   1.394910     9.4172 -9.990e-29      0.634     1.0168     0.5518 -9.990e-29
 283.412170      0.630   1.344093     9.4235 -9.990e-29      0.625     0.9778     0.5207 -9.990e-29
 283.412176      0.624   1.329748     9.4304 -9.990e-29      0.619     0.9667     0.5114 -9.990e-29
 283.412182      0.624   1.333856     9.4355 -9.990e-29      0.619     0.9697     0.5133 -9.990e-29
 283.412188      0.627   1.333085     9.4373 -9.990e-29      0.622     0.9691     0.5126 -9.990e-29
 283.412193      0.628   1.328070 -9.990e-29 -9.990e-29      0.623 -9.990e-29 -9.990e-29 -9.990e-29
