data/oxygen options/ONMS/Olympic_Coast_National_Marine_Sanctuary_CTD_Data_2005_2023/raw_data/2012/CAST_CE042_120920faedb.cnv
* Sea-Bird SBE19 Data File:
* FileName = C:\Documents and Settings\OCNMS\Desktop\2012 mooring data\Hypoxia Sampling\120920\CAST_CE042_120920.hex
* Software Version 1.25
* Temperature SN = 2997
* Conductivity SN = 2997
* System UpLoad Time = Sep 20 2012 13:08:25
** CAST_CE042_120920
* SEACAT PROFILER V3.1c SN 2997   09/20/12  13:07:05.359
# nquan = 9
# nvalues = 42                          
# units = specified
# name 0 = timeJ: Julian Days
# name 1 = prSM: Pressure, Strain Gauge [db]
# name 2 = c0mS/cm: Conductivity [mS/cm]
# name 3 = t090C: Temperature [ITS-90, deg C]
# name 4 = sbeox0ML/L: Oxygen, SBE 43 [ml/l]
# name 5 = depSM: Depth [salt water, m], lat = 47.5
# name 6 = sal00: Salinity, Practical [PSU]
# name 7 = sigma-é00: Density [sigma-theta, kg/m^3]
# name 8 = flag: flag
# span 0 = 264.522547, 264.523033       
# span 1 =      2.000,     43.000       
# span 2 =  34.514256,  38.207237       
# span 3 =     7.4399,    13.2222       
# span 4 =     0.5234,     7.0218       
# span 5 =      1.984,     42.637       
# span 6 =    32.1929,    33.7095       
# span 7 =    24.1754,    26.3417       
# span 8 = 0.0000e+00, 0.0000e+00       
# interval = decibars: 1                
# start_time = Sep 20 2012 12:26:22 [Instrument's time stamp, header]
# bad_flag = -9.990e-29
*END*
 264.522547      2.000  38.207237    13.2222     7.0218      1.984    32.1929    24.1754 0.0000e+00
 264.522574      3.000  38.153851    13.1608     6.6853      2.975    32.1944    24.1887 0.0000e+00
 264.522594      4.000  38.065217    13.0423     6.2069      3.967    32.2112    24.2251 0.0000e+00
 264.522611      5.000  37.844794    12.7241     6.0393      4.958    32.2737    24.3353 0.0000e+00
 264.522626      6.000  37.486367    12.2648     5.9676      5.950    32.3259    24.4632 0.0000e+00
 264.522640      7.000  37.161230    11.8673     5.6801      6.942    32.3563    24.5611 0.0000e+00
 264.522652      8.000  36.887445    11.5083     5.2420      7.933    32.4028    24.6630 0.0000e+00
 264.522665      9.000  36.614064    11.1327     4.6592      8.925    32.4643    24.7782 0.0000e+00
 264.522675     10.000  36.250468    10.6333     4.1777      9.916    32.5462    24.9291 0.0000e+00
 264.522685     11.000  35.863714    10.1165     3.8897     10.908    32.6205    25.0752 0.0000e+00
 264.522695     12.000  35.616236     9.7242     3.7575     11.900    32.7239    25.2208 0.0000e+00
 264.522704     13.000  35.500880     9.4733     3.6940     12.891    32.8345    25.3478 0.0000e+00
 264.522713     14.000  35.425844     9.3095     3.6355     13.883    32.9072    25.4310 0.0000e+00
 264.522722     15.000  35.401219     9.2299     3.4323     14.874    32.9547    25.4808 0.0000e+00
 264.522730     16.000  35.382260     9.1565     3.0491     15.866    33.0026    25.5299 0.0000e+00
 264.522739     17.000  35.331108     9.0548     2.6862     16.858    33.0434    25.5778 0.0000e+00
 264.522748     18.000  35.261312     8.9216     2.4520     17.849    33.0941    25.6385 0.0000e+00
 264.522757     19.000  35.189677     8.7715     2.3224     18.840    33.1590    25.7126 0.0000e+00
 264.522766     20.000  35.121355     8.6162     2.2241     19.832    33.2326    25.7941 0.0000e+00
 264.522775     21.000  35.005717     8.4120     2.0381     20.824    33.3029    25.8802 0.0000e+00
 264.522785     22.000  34.859900     8.1723     1.7089     21.815    33.3752    25.9727 0.0000e+00
 264.522794     23.000  34.707116     7.9342     1.3100     22.807    33.4389    26.0579 0.0000e+00
 264.522804     24.000  34.596663     7.7655     0.9708     23.798    33.4818    26.1161 0.0000e+00
 264.522814     25.000  34.565169     7.6570     0.8198     24.790    33.5519    26.1867 0.0000e+00
 264.522825     26.000  34.538068     7.5589     0.7473     25.781    33.6170    26.2519 0.0000e+00
 264.522836     27.000  34.517643     7.4948     0.7012     26.773    33.6565    26.2921 0.0000e+00
 264.522845     28.000  34.514256     7.4695     0.6855     27.764    33.6770    26.3117 0.0000e+00
 264.522856     29.000  34.516258     7.4579     0.6663     28.756    33.6899    26.3236 0.0000e+00
 264.522865     30.000  34.518430     7.4502     0.6465     29.748    33.6993    26.3320 0.0000e+00
 264.522874     31.000  34.520437     7.4459     0.6487     30.739    33.7050    26.3373 0.0000e+00
 264.522884     32.000  34.520702     7.4455     0.6367     31.730    33.7053    26.3375 0.0000e+00
 264.522895     33.000  34.521329     7.4459     0.6103     32.722    33.7051    26.3373 0.0000e+00
 264.522906     34.000  34.522635     7.4455     0.6104     33.713    33.7064    26.3385 0.0000e+00
 264.522917     35.000  34.523443     7.4449     0.6175     34.705    33.7074    26.3393 0.0000e+00
 264.522928     36.000  34.523549     7.4466     0.6018     35.696    33.7053    26.3375 0.0000e+00
 264.522941     37.000  34.523060     7.4445     0.5885     36.688    33.7064    26.3386 0.0000e+00
 264.522952     38.000  34.522501     7.4421     0.5807     37.679    33.7076    26.3399 0.0000e+00
 264.522964     39.000  34.522597     7.4402     0.5801     38.671    33.7091    26.3413 0.0000e+00
 264.522975     40.000  34.523096     7.4399     0.5674     39.662    33.7095    26.3417 0.0000e+00
 264.522985     41.000  34.523312     7.4409     0.5323     40.654    33.7083    26.3407 0.0000e+00
 264.522999     42.000  34.524742     7.4417     0.5340     41.645    33.7085    26.3407 0.0000e+00
 264.523033     43.000  34.529561     7.4463     0.5234     42.637    33.7088    26.3403 0.0000e+00
