data/oxygen options/ONMS/Olympic_Coast_National_Marine_Sanctuary_CTD_Data_2005_2023/raw_data/2012/CAST_MB042_120523faed.cnv
* Sea-Bird SBE19 Data File:
* FileName = C:\Documents and Settings\OCNMS\Desktop\2012 mooring data\Deployment May\CAST_MB042_120523.hex
* Software Version 1.25
* Temperature SN = 2997
* Conductivity SN = 2997
* System UpLoad Time = May 25 2012 14:56:15
** CAST_MB042_120523
* SEACAT PROFILER V3.1c SN 2997   05/25/12  14:54:37.704
# nquan = 9                                 
# nvalues = 1334                        
# units = specified
# name 0 = timeJ: Julian Days
# name 1 = prSM: Pressure, Strain Gauge [db]
# name 2 = c0mS/cm: Conductivity [mS/cm]
# name 3 = t090C: Temperature [ITS-90, deg C]
# name 4 = sbeox0ML/L: Oxygen, SBE 43 [ml/l]
# name 5 = depSM: Depth [salt water, m], lat = 47.5
# name 6 = sal00: Salinity, Practical [PSU]
# name 7 = sigma-é00: Density [sigma-theta, kg/m^3]
# name 8 = flag: flag
# span 0 = 144.443171, 144.450885       
# span 1 =     -5.195,     41.695       
# span 2 =  -0.000099,  34.552981       
# span 3 =     8.3644,     9.6745       
# span 4 =   -15.4074,    16.7794       
# span 5 =     -5.152,     41.343       
# span 6 =     0.0000,    32.6905       
# span 7 =    -0.2508,    25.4046       
# span 8 = 0.0000e+00, 0.0000e+00       
# interval = seconds: 0.5
# start_time = May 23 2012 10:38:10 [Instrument's time stamp, header]
# bad_flag = -9.990e-29
*END*
[from data line 1121]
 144.449659     39.197  34.381757     8.3749     4.7051     38.866    32.6703    25.3901 -9.990e-29
 144.449664     39.139  34.382955     8.3758     4.7092     38.809    32.6708    25.3903 -9.990e-29
 144.449670     39.066  34.383643     8.3758     4.7079     38.736    32.6715    25.3909 -9.990e-29
 144.449676     38.994  34.384199     8.3755     4.7161     38.665    32.6724    25.3916 -9.990e-29
 144.449682     38.929  34.384824     8.3756     4.7147     38.600    32.6730    25.3921 -9.990e-29
 144.449688     38.869  34.385251     8.3762     4.7246     38.541    32.6729    25.3919 -9.990e-29
 144.449693     38.824  34.385506     8.3770     4.7205     38.496    32.6725    25.3915 -9.990e-29
 144.449699     38.803  34.385948     8.3775     4.7138     38.476    32.6725    25.3914 -9.990e-29
 144.449705     38.810  34.386628     8.3776     4.7040     38.482    32.6731    25.3919 -9.990e-29
 144.449711     38.842  34.387349     8.3777     4.6924     38.514    32.6738    25.3924 -9.990e-29
 144.449716     38.890  34.387973     8.3778     4.7024     38.562    32.6743    25.3928 -9.990e-29
 144.449722     38.955  34.388229     8.3776     4.7144     38.626    32.6747    25.3931 -9.990e-29
 144.449728     39.032  34.387916     8.3768     4.7223     38.703    32.6751    25.3936 -9.990e-29
 144.449734     39.103  34.386635     8.3752     4.7243     38.773    32.6752    25.3939 -9.990e-29
 144.449740     39.153  34.384377     8.3744     4.7103     38.823    32.6736    25.3927 -9.990e-29
 144.449745     39.176  34.382630     8.3752     4.7045     38.845    32.6710    25.3905 -9.990e-29
 144.449751     39.183  34.382446     8.3763     4.7122     38.852    32.6697    25.3894 -9.990e-29
 144.449757     39.185  34.383037     8.3761     4.7165     38.854    32.6706    25.3901 -9.990e-29
 144.449763     39.188  34.382971     8.3749     4.7121     38.857    32.6716    25.3911 -9.990e-29
 144.449769     39.187  34.381618     8.3739     4.7001     38.856    32.6711    25.3908 -9.990e-29
 144.449774     39.174  34.380555     8.3742     4.6939     38.843    32.6697    25.3897 -9.990e-29
 144.449780     39.149  34.381185     8.3754     4.7041     38.819    32.6693    25.3892 -9.990e-29
 144.449786     39.122  34.382123     8.3762     4.7125     38.792    32.6695    25.3893 -9.990e-29
 144.449792     39.104  34.382401     8.3760     4.7167     38.774    32.6700    25.3897 -9.990e-29
 144.449797     39.095  34.382408     8.3753     4.7147     38.765    32.6707    25.3903 -9.990e-29
 144.449803     39.081  34.381613     8.3746     4.7108     38.751    32.6705    25.3902 -9.990e-29
 144.449809     39.052  34.380654     8.3744     4.7107     38.722    32.6697    25.3896 -9.990e-29
 144.449815     39.011  34.381070     8.3749     4.7108     38.682    32.6697    25.3896 -9.990e-29
 144.449821     38.968  34.381756     8.3749     4.7107     38.639    32.6704    25.3901 -9.990e-29
 144.449826     38.937  34.381406     8.3742     4.6944     38.608    32.6707    25.3905 -9.990e-29
 144.449832     38.926  34.380692     8.3734     4.6904     38.597    32.6707    25.3906 -9.990e-29
 144.449838     38.933  34.380363     8.3732     4.6982     38.604    32.6705    25.3905 -9.990e-29
 144.449844     38.959  34.380559     8.3735     4.7045     38.630    32.6705    25.3904 -9.990e-29
 144.449850     39.002  34.381002     8.3740     4.7205     38.673    32.6704    25.3903 -9.990e-29
 144.449855     39.050  34.381179     8.3742     4.7286     38.720    32.6704    25.3903 -9.990e-29
 144.449861     39.091  34.380782     8.3741     4.7341     38.761    32.6701    25.3900 -9.990e-29
 144.449867     39.114  34.380419     8.3739     4.7265     38.784    32.6699    25.3899 -9.990e-29
 144.449873     39.115  34.380746     8.3742     4.7181     38.785    32.6699    25.3899 -9.990e-29
 144.449878     39.100  34.381098     8.3747     4.7121     38.770    32.6698    25.3897 -9.990e-29
 144.449884     39.076  34.381401     8.3748     4.7016     38.746    32.6701    25.3899 -9.990e-29
 144.449890     39.046  34.382081     8.3747     4.7037     38.716    32.6709    25.3906 -9.990e-29
 144.449896     39.011  34.382380     8.3750     4.6955     38.682    32.6710    25.3906 -9.990e-29
 144.449902     38.979  34.382158     8.3754     4.6957     38.650    32.6704    25.3900 -9.990e-29
 144.449907     38.957  34.382256     8.3759     4.7004     38.628    32.6700    25.3897 -9.990e-29
 144.449913     38.950  34.382827     8.3766     4.7107     38.621    32.6700    25.3895 -9.990e-29
 144.449919     38.963  34.383529     8.3774     4.7246     38.634    32.6700    25.3894 -9.990e-29
 144.449925     38.989  34.384199     8.3777     4.7188     38.660    32.6704    25.3897 -9.990e-29
 144.449931     39.007  34.384626     8.3775     4.6988     38.678    32.6710    25.3902 -9.990e-29
 144.449936     39.001  34.384838     8.3776     4.6884     38.672    32.6711    25.3903 -9.990e-29
 144.449942     38.976  34.385135     8.3782     4.6939     38.647    32.6709    25.3900 -9.990e-29
 144.449948     38.947  34.385371     8.3787     4.7120     38.618    32.6707    25.3898 -9.990e-29
 144.449954     38.920  34.385322     8.3787     4.7140     38.592    32.6707    25.3898 -9.990e-29
 144.449959     38.894  34.384381     8.3776     4.7247     38.566    32.6707    25.3900 -9.990e-29
 144.449965     38.864  34.381873     8.3764     4.7535     38.536    32.6692    25.3890 -9.990e-29
 144.449971     38.814  34.380074     8.3761     4.7671     38.486    32.6676    25.3878 -9.990e-29
 144.449977     38.732  34.380525     8.3761     4.7294     38.405    32.6681    25.3882 -9.990e-29
 144.449983     38.618  34.381045     8.3757     4.7101     38.292    32.6691    25.3890 -9.990e-29
 144.449988     38.468  34.380667     8.3753     4.7014     38.143    32.6691    25.3891 0.0000e+00
 144.449994     38.274  34.380585     8.3757     4.7176     37.951    32.6688    25.3887 0.0000e+00
 144.450000     38.026  34.381829     8.3771     4.7466     37.705    32.6689    25.3886 0.0000e+00
 144.450006     37.723  34.383836     8.3792     4.7344     37.405    32.6692    25.3885 0.0000e+00
 144.450012     37.366  34.385941     8.3819     4.7179     37.051    32.6691    25.3880 0.0000e+00
 144.450017     36.967  34.388167     8.3843     4.7013     36.655    32.6694    25.3879 0.0000e+00
 144.450023     36.552  34.389583     8.3856     4.7040     36.244    32.6698    25.3881 0.0000e+00
 144.450029     36.154  34.389859     8.3861     4.8617     35.849    32.6699    25.3880 0.0000e+00
 144.450035     35.796  34.389947     8.3861     4.8828     35.494    32.6701    25.3882 0.0000e+00
 144.450041     35.475  34.389987     8.3858     4.8621     35.176    32.6706    25.3886 0.0000e+00
 144.450046     35.176  34.389492     8.3855     4.7737     34.879    32.6705    25.3886 0.0000e+00
 144.450052     34.879  34.388941     8.3853     4.7059     34.585    32.6702    25.3884 0.0000e+00
 144.450058     34.566  34.388738     8.3851     4.7124     34.275    32.6703    25.3885 0.0000e+00
 144.450064     34.221  34.388633     8.3853     4.7434     33.933    32.6702    25.3883 0.0000e+00
 144.450069     33.836  34.389064     8.3870     4.7652     33.551    32.6692    25.3873 0.0000e+00
 144.450075     33.402  34.390624     8.3907     4.7692     33.121    32.6677    25.3855 0.0000e+00
 144.450081     32.918  34.393173     8.3955     4.7829     32.641    32.6661    25.3836 0.0000e+00
 144.450087     32.400  34.396209     8.4006     4.8235     32.127    32.6648    25.3818 0.0000e+00
 144.450093     31.876  34.399320     8.4060     4.8412     31.608    32.6633    25.3798 0.0000e+00
 144.450098     31.358  34.401074     8.4103     4.8067     31.094    32.6614    25.3777 0.0000e+00
 144.450104     30.840  34.399351     8.4108     4.7817     30.580    32.6594    25.3760 0.0000e+00
 144.450110     30.311  34.392434     8.4062     4.7304     30.056    32.6566    25.3745 0.0000e+00
 144.450116     29.765  34.378408     8.3990     4.7436     29.514    32.6487    25.3694 0.0000e+00
 144.450122     29.209  34.361001     8.3926     4.7643     28.963    32.6366    25.3608 0.0000e+00
 144.450127     28.647  34.346161     8.3890     4.7621     28.406    32.6245    25.3519 0.0000e+00
 144.450133     28.089  34.333731     8.3886     4.7601     27.853    32.6120    25.3422 0.0000e+00
 144.450139     27.541  34.323968     8.3896     4.7496     27.309    32.6011    25.3334 0.0000e+00
 144.450145     27.012  34.317506     8.3884     4.7593     26.785    32.5956    25.3293 0.0000e+00
 144.450150     26.513  34.312487     8.3849     4.7817     26.290    32.5938    25.3284 0.0000e+00
 144.450156     26.058  34.307551     8.3830     4.8564     25.839    32.5905    25.3261 0.0000e+00
 144.450162     25.637  34.302994     8.3842     4.8850     25.421    32.5848    25.3215 0.0000e+00
 144.450168     25.229  34.300363     8.3862     4.8842     25.017    32.5804    25.3177 0.0000e+00
 144.450174     24.813  34.299647     8.3880     4.8576     24.604    32.5781    25.3157 0.0000e+00
 144.450179     24.378  34.299470     8.3895     4.8307     24.173    32.5768    25.3143 0.0000e+00
 144.450185     23.923  34.299176     8.3909     4.8588     23.722    32.5754    25.3130 0.0000e+00
 144.450191     23.449  34.298511     8.3939     4.9159     23.252    32.5721    25.3100 0.0000e+00
 144.450197     22.960  34.297288     8.4029     4.9903     22.767    32.5627    25.3013 0.0000e+00
 144.450203     22.455  34.295696     8.4237     5.1045     22.266    32.5421    25.2820 0.0000e+00
 144.450208     21.931  34.293992     8.4551     5.2251     21.747    32.5115    25.2534 0.0000e+00
 144.450214     21.394  34.293408     8.4893     5.2927     21.214    32.4796    25.2233 0.0000e+00
 144.450220     20.857  34.296107     8.5202     5.3951     20.682    32.4543    25.1987 0.0000e+00
 144.450226     20.337  34.303034     8.5449     5.4653     20.166    32.4391    25.1831 0.0000e+00
 144.450231     19.844  34.312366     8.5701     5.5633     19.677    32.4259    25.1690 0.0000e+00
 144.450237     19.373  34.325485     8.6088     5.6644     19.210    32.4044    25.1463 0.0000e+00
 144.450243     18.909  34.345458     8.6655     5.7183     18.750    32.3735    25.1136 0.0000e+00
 144.450249     18.441  34.364880     8.7556     5.7482     18.286    32.3117    25.0515 0.0000e+00
 144.450255     17.961  34.387939     8.8796     5.7278     17.810    32.2231    24.9632 0.0000e+00
 144.450260     17.473  34.424798     8.9872     5.7123     17.326    32.1641    24.9004 0.0000e+00
 144.450266     16.992  34.458085     9.0473     5.6892     16.849    32.1445    24.8757 0.0000e+00
 144.450272     16.535  34.477444     9.0762     5.6626     16.396    32.1386    24.8667 0.0000e+00
 144.450278     16.111  34.492037     9.0931     5.6447     15.976    32.1386    24.8641 0.0000e+00
 144.450284     15.724  34.502982     9.1046     5.6128     15.592    32.1397    24.8631 0.0000e+00
 144.450289     15.366  34.508766     9.1100     5.6160     15.237    32.1410    24.8633 0.0000e+00
 144.450295     15.018  34.510520     9.1103     5.6479     14.892    32.1427    24.8646 0.0000e+00
 144.450301     14.658  34.508482     9.1092     5.7151     14.535    32.1418    24.8640 0.0000e+00
 144.450307     14.268  34.503994     9.1109     5.8086     14.148    32.1358    24.8590 0.0000e+00
 144.450313     13.841  34.499053     9.1200     5.8877     13.725    32.1226    24.8473 0.0000e+00
 144.450318     13.382  34.492253     9.1407     5.9757     13.270    32.0972    24.8242 0.0000e+00
 144.450324     12.907  34.479708     9.1712     6.0446     12.799    32.0570    24.7880 0.0000e+00
 144.450330     12.422  34.463322     9.2026     6.1186     12.318    32.0121    24.7480 0.0000e+00
 144.450336     11.937  34.446042     9.2304     6.2021     11.837    31.9696    24.7104 0.0000e+00
 144.450341     11.458  34.426262     9.2587     6.2717     11.362    31.9241    24.6704 0.0000e+00
 144.450347     10.981  34.405767     9.2927     6.3308     10.889    31.8728    24.6250 0.0000e+00
 144.450353     10.493  34.386507     9.3340     6.3534     10.405    31.8165    24.5744 0.0000e+00
 144.450359      9.987  34.364792     9.3776     6.3613      9.903    31.7557    24.5200 0.0000e+00
 144.450365      9.480  34.339264     9.4133     6.3655      9.401    31.6981    24.4694 0.0000e+00
 144.450370      8.991  34.317489     9.4378     6.3694      8.916    31.6543    24.4313 0.0000e+00
 144.450376      8.521  34.301954     9.4534     6.3714      8.450    31.6248    24.4058 0.0000e+00
 144.450382      8.073  34.287217     9.4609     6.3822      8.005    31.6033    24.3878 0.0000e+00
 144.450388      7.646  34.272819     9.4619     6.3890      7.582    31.5879    24.3756 0.0000e+00
 144.450394      7.231  34.262109     9.4602     6.4073      7.171    31.5786    24.3686 0.0000e+00
 144.450399      6.815  34.254954     9.4607     6.4134      6.758    31.5711    24.3626 0.0000e+00
 144.450405      6.392  34.248113     9.4653     6.4525      6.339    31.5602    24.3534 0.0000e+00
 144.450411      5.965  34.243246     9.4718     6.4729      5.915    31.5497    24.3442 0.0000e+00
 144.450417      5.543  34.242967     9.4791     6.4954      5.497    31.5431    24.3379 0.0000e+00
 144.450422      5.127  34.246484     9.4881     6.5380      5.084    31.5390    24.3332 0.0000e+00
 144.450428      4.721  34.251341     9.4994     6.5495      4.682    31.5342    24.3277 0.0000e+00
 144.450434      4.326  34.252952     9.5171     6.5754      4.290    31.5204    24.3141 0.0000e+00
 144.450440      3.928  34.251925     9.5465     6.5784      3.895    31.4937    24.2886 0.0000e+00
 144.450446      3.525  34.253189     9.5812     6.5583      3.496    31.4648    24.2604 0.0000e+00
 144.450451      3.128  34.256890     9.6081     6.5117      3.102    31.4451    24.2408 0.0000e+00
 144.450457      2.756  34.261947     9.6244     6.4794      2.733    31.4362    24.2312 0.0000e+00
 144.450463      2.423  34.268528     9.6351     6.4655      2.403    31.4337    24.2275 0.0000e+00
 144.450469      2.134  34.273786     9.6415     6.4786      2.116    31.4335    24.2264 0.0000e+00
 144.450475      1.888  34.275908     9.6448     6.5037      1.872    31.4329    24.2254 0.0000e+00
 144.450480      1.686  34.277865     9.6491     6.5090      1.672    31.4312    24.2234 0.0000e+00
 144.450486      1.528  34.282404     9.6586     6.4956      1.515    31.4276    24.2191 -9.990e-29
 144.450492      1.412  34.290113     9.6700     6.4817      1.400    31.4255    24.2156 -9.990e-29
 144.450498      1.336  34.296286     9.6745     6.4725      1.325    31.4279    24.2167 -9.990e-29
 144.450503      1.294  34.295847     9.6734     6.4711      1.283    31.4284    24.2173 -9.990e-29
 144.450509      1.280  34.293391     9.6722     6.4831      1.269    31.4270    24.2164 -9.990e-29
 144.450515      1.280  34.293065     9.6719     6.4926      1.269    31.4269    24.2164 -9.990e-29
 144.450521      1.286  34.294009     9.6721     6.4944      1.275    31.4277    24.2170 -9.990e-29
 144.450527      1.293  34.294816     9.6721     6.4994      1.282    31.4285    24.2176 -9.990e-29
 144.450532      1.293  34.293899     9.6723     6.4953      1.282    31.4274    24.2167 -9.990e-29
 144.450538      1.283  34.291853     9.6725     6.4988      1.272    31.4252    24.2149 -9.990e-29
 144.450544      1.266  34.290567     9.6721     6.4915      1.255    31.4242    24.2142 -9.990e-29
 144.450550      1.253  34.291264     9.6709     6.4784      1.243    31.4260    24.2158 -9.990e-29
 144.450556      1.253  34.292771     9.6689     6.4745      1.243    31.4293    24.2187 -9.990e-29
 144.450561      1.260  34.292753     9.6667     6.4802      1.249    31.4312    24.2205 -9.990e-29
 144.450567      1.268  34.291323     9.6654     6.5022      1.257    31.4308    24.2205 -9.990e-29
 144.450573      1.267  34.290073     9.6653     6.5022      1.256    31.4297    24.2196 -9.990e-29
