data/oxygen options/ONMS/Olympic_Coast_National_Marine_Sanctuary_CTD_Data_2005_2023/raw_data/2012/CAST_CA042_120829faed.cnv
* Sea-Bird SBE19 Data File:
* FileName = C:\Documents and Settings\OCNMS\Desktop\2012 mooring data\2nd service\CAST_CA042_120829.hex
* Software Version 1.25
* Temperature SN = 2997
* Conductivity SN = 2997
* System UpLoad Time = Aug 30 2012 08:50:59
** CAST_CA042_120829
* SEACAT PROFILER V3.1c SN 2997   08/30/12  08:49:27.289
# nquan = 9                                 
# nvalues = 1197                        
# units = specified
# name 0 = timeJ: Julian Days
# name 1 = prSM: Pressure, Strain Gauge [db]
# name 2 = c0mS/cm: Conductivity [mS/cm]
# name 3 = t090C: Temperature [ITS-90, deg C]
# name 4 = sbeox0ML/L: Oxygen, SBE 43 [ml/l]
# name 5 = depSM: Depth [salt water, m], lat = 47.5
# name 6 = sal00: Salinity, Practical [PSU]
# name 7 = sigma-é00: Density [sigma-theta, kg/m^3]
# name 8 = flag: flag
# span 0 = 242.550648, 242.557569       
# span 1 =     -5.718,     28.943       
# span 2 =   0.171819,  37.818771       
# span 3 =    10.3292,    14.9787       
# span 4 =    -1.7530,    16.2360       
# span 5 =     -5.670,     28.699       
# span 6 =     0.1025,    32.9827       
# span 7 =    -0.8161,    25.3207       
# span 8 = 0.0000e+00, 0.0000e+00       
# interval = seconds: 0.5
# start_time = Aug 29 2012 13:12:56 [Instrument's time stamp, header]
# bad_flag = -9.990e-29
*END*
[from data line 481]
 242.553432     -0.432   0.530219    14.7544    -1.7410     -0.428     0.3231    -0.6116 -9.990e-29
 242.553438     -0.435   0.533652    14.7557    -1.7419     -0.431     0.3252    -0.6101 -9.990e-29
 242.553443     -0.438   0.536408    14.7491    -1.7427     -0.434     0.3270    -0.6078 -9.990e-29
 242.553449     -0.443   0.535519    14.7391    -1.7432     -0.439     0.3265    -0.6066 -9.990e-29
 242.553455     -0.449   0.535336    14.7302    -1.7429     -0.445     0.3265    -0.6054 -9.990e-29
 242.553461     -0.452   0.537277    14.7251    -1.7429     -0.448     0.3277    -0.6036 -9.990e-29
 242.553466     -0.449   0.539501    14.7228    -1.7428     -0.445     0.3292    -0.6022 -9.990e-29
 242.553472     -0.443   0.538880    14.7190    -1.7424     -0.439     0.3288    -0.6019 -9.990e-29
 242.553478     -0.438   0.533479    14.7104    -1.7420     -0.434     0.3255    -0.6032 -9.990e-29
 242.553484     -0.435   0.528271    14.6966    -1.7416     -0.431     0.3223    -0.6036 -9.990e-29
 242.553490     -0.432   0.527935    14.6801    -1.7417     -0.428     0.3222    -0.6012 -9.990e-29
 242.553495     -0.430   0.529253    14.6649    -1.7420     -0.426     0.3232    -0.5983 -9.990e-29
 242.553501     -0.429   0.527336    14.6556    -1.7426     -0.425     0.3220    -0.5978 -9.990e-29
 242.553507     -0.428   0.523502    14.6533    -1.7430     -0.424     0.3196    -0.5993 -9.990e-29
 242.553513     -0.427   0.522048    14.6552    -1.7436     -0.423     0.3187    -0.6003 -9.990e-29
 242.553519     -0.427   0.522693    14.6598    -1.7440     -0.423     0.3191    -0.6007 -9.990e-29
 242.553524     -0.426   0.521867    14.6669    -1.7442     -0.422     0.3185    -0.6022 -9.990e-29
 242.553530     -0.427   0.519020    14.6750    -1.7437     -0.423     0.3167    -0.6048 -9.990e-29
 242.553536     -0.427   0.516442    14.6810    -1.7434     -0.423     0.3150    -0.6070 -9.990e-29
 242.553542     -0.428   0.514016    14.6817    -1.7432     -0.424     0.3135    -0.6083 -9.990e-29
 242.553547     -0.429   0.509613    14.6760    -1.7435     -0.425     0.3107    -0.6095 -9.990e-29
 242.553553     -0.430   0.503449    14.6660    -1.7440     -0.426     0.3069    -0.6110 -9.990e-29
 242.553559     -0.433   0.497821    14.6541    -1.7442     -0.429     0.3035    -0.6119 -9.990e-29
 242.553565     -0.435   0.494080    14.6424    -1.7449     -0.431     0.3012    -0.6120 -9.990e-29
 242.553571     -0.439   0.492216    14.6335    -1.7450     -0.435     0.3001    -0.6115 -9.990e-29
 242.553576     -0.444   0.492509    14.6290    -1.7446     -0.440     0.3003    -0.6107 -9.990e-29
 242.553582     -0.450   0.497009    14.6282    -1.7442     -0.446     0.3032    -0.6084 -9.990e-29
 242.553588     -0.453   0.511160    14.6288    -1.7439     -0.449     0.3121    -0.6015 -9.990e-29
 242.553594     -0.450   0.535009    14.6270    -1.7439     -0.446     0.3271    -0.5896 -9.990e-29
 242.553600     -0.445   0.557730    14.6203    -1.7438     -0.441     0.3415    -0.5775 -9.990e-29
 242.553605     -0.441   0.573632    14.6107    -1.7435     -0.437     0.3517    -0.5682 -9.990e-29
 242.553611     -0.438   0.585648    14.6007    -1.7433     -0.434     0.3594    -0.5608 -9.990e-29
 242.553617     -0.436   0.594851    14.5916    -1.7431     -0.432     0.3653    -0.5548 -9.990e-29
 242.553623     -0.435   0.601884    14.5873    -1.7426     -0.431     0.3698    -0.5507 -9.990e-29
 242.553628     -0.435   0.610034    14.5897    -1.7423     -0.431     0.3750    -0.5471 -9.990e-29
 242.553634     -0.435   0.621308    14.5959    -1.7419     -0.431     0.3821    -0.5425 -9.990e-29
 242.553640     -0.437   0.631913    14.6017    -1.7415     -0.433     0.3888    -0.5381 -9.990e-29
 242.553646     -0.439   0.636058    14.6049    -1.7407     -0.435     0.3914    -0.5366 -9.990e-29
 242.553652     -0.443   0.635394    14.6069    -1.7399     -0.439     0.3909    -0.5372 -9.990e-29
 242.553657     -0.443   0.638998    14.6101    -1.7395     -0.439     0.3932    -0.5359 -9.990e-29
 242.553663     -0.437   0.651672    14.6152    -1.7390     -0.433     0.4012    -0.5304 -9.990e-29
 242.553669     -0.426   0.667615    14.6232    -1.7389     -0.422     0.4113    -0.5238 -9.990e-29
 242.553675     -0.416   0.677082    14.6338    -1.7384     -0.413     0.4173    -0.5208 -9.990e-29
 242.553681     -0.406   0.676084    14.6452    -1.7380     -0.403     0.4165    -0.5230 -9.990e-29
 242.553686     -0.399   0.669376    14.6572    -1.7384     -0.396     0.4121    -0.5282 -9.990e-29
 242.553692     -0.400   0.662408    14.6713    -1.7383     -0.397     0.4075    -0.5339 -9.990e-29
 242.553698     -0.403   0.656407    14.6882    -1.7382     -0.400     0.4035    -0.5395 -9.990e-29
 242.553704     -0.404   0.651672    14.7050    -1.7383     -0.401     0.4003    -0.5444 -9.990e-29
 242.553709     -0.405   0.648532    14.7185    -1.7385     -0.402     0.3982    -0.5481 -9.990e-29
 242.553715     -0.405   0.647780    14.7286    -1.7388     -0.402     0.3976    -0.5500 -9.990e-29
 242.553721     -0.404   0.651179    14.7371    -1.7393     -0.401     0.3997    -0.5497 -9.990e-29
 242.553727     -0.401   0.656617    14.7451    -1.7397     -0.398     0.4031    -0.5482 -9.990e-29
 242.553733     -0.397   0.659717    14.7501    -1.7397     -0.394     0.4050    -0.5475 -9.990e-29
 242.553738     -0.392   0.660735    14.7508    -1.7397     -0.389     0.4056    -0.5471 -9.990e-29
 242.553744     -0.385   0.659917    14.7503    -1.7396     -0.382     0.4051    -0.5474 -9.990e-29
 242.553750     -0.375   0.658386    14.7498    -1.7397     -0.372     0.4042    -0.5481 -9.990e-29
 242.553756     -0.362   0.659079    14.7477    -1.7397     -0.359     0.4046    -0.5474 -9.990e-29
 242.553762     -0.350   0.660706    14.7421    -1.4549     -0.347     0.4057    -0.5458 -9.990e-29
 242.553767     -0.342   0.661558    14.7332    -1.4905     -0.339     0.4063    -0.5439 -9.990e-29
 242.553773     -0.333   0.664431    14.7227    -1.5005     -0.330     0.4083    -0.5409 -9.990e-29
 242.553779     -0.318   0.673707    14.7135    -1.5001     -0.315     0.4143    -0.5349 -9.990e-29
 242.553785     -0.297   0.693447    14.7071    -1.4986     -0.295     0.4269    -0.5241 -9.990e-29
 242.553791     -0.268   0.734467    14.6984    -1.4976     -0.266     0.4533    -0.5024 -9.990e-29
 242.553796     -0.233   0.837617    14.6729    -1.4989     -0.231     0.5199    -0.4471 -9.990e-29
 242.553802     -0.199   1.143750    14.5992    -1.5015     -0.197     0.7207    -0.2808 -9.990e-29
 242.553808     -0.163   2.066024    14.3850    -1.5011     -0.162     1.3476     0.2354 -9.990e-29
 242.553814     -0.116   4.814759    13.8827    -1.5012     -0.115     3.3458     1.8504 -9.990e-29
 242.553819     -0.049  13.031680    13.1970    -1.5009     -0.049     9.9213     7.0148 -9.990e-29
 242.553825      0.041  25.336242    12.6847    -1.5011      0.041    20.7424    15.4314 -9.990e-29
 242.553831      0.153  33.518523    12.4527    -1.5014      0.152    28.4100    21.3953 -9.990e-29
 242.553837      0.271  36.272522    12.3711    -1.5010      0.269    31.0781    23.4762 -9.990e-29
 242.553843      0.382  37.276840    12.3429    -1.4997      0.379    32.0603    24.2427 -9.990e-29
 242.553848      0.479  37.678931    12.3250    -1.5006      0.475    32.4609    24.5566 -9.990e-29
 242.553854      0.566  37.818257    12.3107    -1.4996      0.561    32.6069    24.6726 -9.990e-29
 242.553860      0.642  37.809418    12.3062    -1.4997      0.637    32.6023    24.6698 -9.990e-29
 242.553866      0.705  37.747604    12.3137    -1.5007      0.699    32.5364    24.6173 -9.990e-29
 242.553872      0.754  37.704432    12.3217    -1.5002      0.748    32.4881    24.5783 -9.990e-29
 242.553877      0.792  37.672176    12.3185    -1.5000      0.785    32.4599    24.5571 -9.990e-29
 242.553883      0.822  37.649824    12.3054    -1.5017      0.815    32.4498    24.5517 -9.990e-29
 242.553889      0.845  37.655733    12.2961    -1.5022      0.838    32.4635    24.5641 -9.990e-29
 242.553895      0.863  37.696078    12.3036    -1.5012      0.856    32.4957    24.5877 -9.990e-29
 242.553900      0.877  37.754600    12.3274    -1.5013      0.870    32.5312    24.6107 -9.990e-29
 242.553906      0.888  37.774292    12.3497    -1.5019      0.881    32.5307    24.6061 -9.990e-29
 242.553912      0.896  37.733210    12.3452    -1.5031      0.889    32.4952    24.5794 -9.990e-29
 242.553918      0.903  37.690287    12.3131    -1.5040      0.895    32.4819    24.5752 -9.990e-29
 242.553924      0.909  37.696398    12.2841    -1.5033      0.901    32.5129    24.6047 -9.990e-29
 242.553929      0.913  37.756307    12.2791    -1.5018      0.905    32.5748    24.6536 -9.990e-29
 242.553935      0.917  37.818771    12.2863    -1.5025      0.909    32.6285    24.6939 -9.990e-29
 242.553941      0.920  37.802343    12.2869    -1.5039      0.912    32.6122    24.6812 -9.990e-29
 242.553947      0.923  37.723751    12.2768    -1.5041      0.915    32.5455    24.6314 -9.990e-29
 242.553953      0.926  37.686028    12.2627    -1.5036      0.918    32.5215    24.6154 -9.990e-29
 242.553958      0.929  37.713364    12.2506    -1.5030      0.921    32.5583    24.6462 -9.990e-29
 242.553964      0.932  37.736864    12.2402    -1.5030      0.924    32.5899    24.6727 -9.990e-29
 242.553970      0.936  37.714448    12.2289    -1.5034      0.928    32.5782    24.6658 -9.990e-29
 242.553976      0.940  37.669425    12.2206    -1.5031      0.932    32.5422    24.6394 -9.990e-29
 242.553981      0.945  37.657704    12.2210    -1.5019      0.937    32.5305    24.6303 -9.990e-29
 242.553987      0.952  37.698368    12.2287    -1.5023      0.944    32.5629    24.6540 -9.990e-29
 242.553993      0.956  37.729648    12.2377    -1.5023      0.948    32.5852    24.6695 -9.990e-29
 242.553999      0.953  37.687906    12.2423    -1.5021      0.945    32.5410    24.6344 -9.990e-29
 242.554005      0.948  37.608222    12.2430    -1.5022      0.940    32.4639    24.5744 -9.990e-29
 242.554010      0.944  37.569200    12.2442    -1.5011      0.936    32.4253    24.5443 -9.990e-29
 242.554016      0.941  37.583214    12.2492    -1.5006      0.933    32.4345    24.5505 -9.990e-29
 242.554022      0.940  37.607864    12.2573    -1.5009      0.932    32.4511    24.5619 -9.990e-29
 242.554028      0.939  37.608212    12.2635    -1.5013      0.931    32.4461    24.5568 -9.990e-29
 242.554034      0.940  37.594223    12.2645    -1.5014      0.932    32.4318    24.5455 -9.990e-29
 242.554039      0.941  37.607168    12.2672    -1.5013      0.933    32.4419    24.5528 -9.990e-29
 242.554045      0.944  37.645239    12.2805    -1.5006      0.936    32.4669    24.5697 -9.990e-29
 242.554051      0.947  37.658336    12.2987    -1.5005      0.939    32.4637    24.5638 -9.990e-29
 242.554057      0.952  37.631970    12.3118    -1.5007      0.944    32.4270    24.5329 -9.990e-29
 242.554062      0.959  37.598751    12.3208    -1.5017      0.951    32.3874    24.5005 -9.990e-29
 242.554068      0.968  37.596159    12.3289    -1.5021      0.960    32.3779    24.4916 -9.990e-29
 242.554074      0.979  37.622401    12.3337    -1.5015      0.971    32.3989    24.5069 -9.990e-29
 242.554080      0.990  37.636816    12.3357    -1.5013      0.982    32.4110    24.5159 -9.990e-29
 242.554086      0.993  37.625551    12.3375    -1.5014      0.985    32.3987    24.5060 -9.990e-29
 242.554091      0.986  37.604939    12.3387    -1.5015      0.978    32.3779    24.4897 -9.990e-29
 242.554097      0.980  37.591730    12.3388    -1.5017      0.972    32.3651    24.4798 -9.990e-29
 242.554103      0.976  37.601344    12.3380    -1.5010      0.968    32.3750    24.4876 -9.990e-29
 242.554109      0.976  37.626409    12.3339    -1.5011      0.968    32.4026    24.5098 -9.990e-29
 242.554115      0.975  37.637583    12.3259    -1.5019      0.967    32.4202    24.5249 -9.990e-29
 242.554120      0.969  37.623412    12.3177    -1.5025      0.961    32.4137    24.5215 -9.990e-29
 242.554126      0.961  37.599711    12.3120    -1.5027      0.953    32.3959    24.5087 -9.990e-29
 242.554132      0.956  37.596479    12.3090    -1.5030      0.948    32.3954    24.5089 -9.990e-29
 242.554138      0.952  37.620028    12.3079    12.1412      0.944    32.4190    24.5274 -9.990e-29
 242.554144      0.950  37.640670    12.3077    15.9498      0.942    32.4389    24.5429 -9.990e-29
 242.554149      0.950  37.644080    12.3089    16.2360      0.942    32.4412    24.5444 -9.990e-29
 242.554155      0.951  37.640398    12.3108    13.2522      0.943    32.4360    24.5400 -9.990e-29
 242.554161      0.954  37.641146    12.3102     6.8980      0.946    32.4372    24.5411 -9.990e-29
 242.554167      0.959  37.645083    12.3072     6.8997      0.951    32.4436    24.5466 -9.990e-29
 242.554172      0.961  37.634121    12.3053     6.9990      0.953    32.4347    24.5401 -9.990e-29
 242.554178      0.958  37.599814    12.3045     7.0151      0.950    32.4025    24.5153 -9.990e-29
 242.554184      0.952  37.555808    12.3027     6.9973      0.944    32.3619    24.4841 -9.990e-29
 242.554190      0.948  37.520744    12.3011     6.9575      0.940    32.3296    24.4594 -9.990e-29
 242.554196      0.945  37.502216    12.3021     6.9147      0.937    32.3110    24.4448 -9.990e-29
 242.554201      0.944  37.495135    12.3046     6.8884      0.936    32.3021    24.4373 -9.990e-29
 242.554207      0.943  37.492307    12.3061     6.8780      0.935    32.2981    24.4340 -9.990e-29
 242.554213      0.944  37.490528    12.3063     6.8703      0.936    32.2962    24.4325 -9.990e-29
 242.554219      0.947  37.487994    12.3054     6.8491      0.939    32.2945    24.4314 -9.990e-29
 242.554225      0.950  37.485256    12.3024     6.8347      0.942    32.2945    24.4319 -9.990e-29
 242.554230      0.955  37.483152    12.2941     6.8346      0.947    32.2996    24.4374 -9.990e-29
 242.554236      0.962  37.474961    12.2820     6.8409      0.954    32.3022    24.4417 -9.990e-29
 242.554242      0.968  37.462656    12.2765     6.8608      0.960    32.2951    24.4373 -9.990e-29
 242.554248      0.967  37.459524    12.2805     6.8641      0.959    32.2887    24.4315 -9.990e-29
 242.554253      0.965  37.463073    12.2845     6.8356      0.957    32.2886    24.4307 -9.990e-29
 242.554259      0.965  37.463477    12.2788     6.8292      0.957    32.2939    24.4359 -9.990e-29
 242.554265      0.968  37.455122    12.2600     6.8242      0.960    32.3021    24.4458 -9.990e-29
 242.554271      0.973  37.438081    12.2375     6.8085      0.965    32.3052    24.4524 -9.990e-29
 242.554277      0.982  37.423812    12.2235     6.8066      0.974    32.3036    24.4538 -9.990e-29
 242.554282      0.989  37.417378    12.2181     6.7909      0.981    32.3020    24.4536 -9.990e-29
 242.554288      0.989  37.413565    12.2162     6.8005      0.981    32.3000    24.4524 -9.990e-29
 242.554294      0.979  37.408973    12.2123     6.8300      0.971    32.2990    24.4524 -9.990e-29
 242.554300      0.968  37.399168    12.2055     6.8485      0.960    32.2954    24.4509 -9.990e-29
 242.554306      0.961  37.385652    12.2022     6.8507      0.953    32.2853    24.4436 -9.990e-29
 242.554311      0.955  37.378978    12.2015     6.8341      0.947    32.2795    24.4393 -9.990e-29
 242.554317      0.951  37.378655    12.1995     6.8016      0.943    32.2809    24.4407 -9.990e-29
 242.554323      0.950  37.379778    12.1999     6.7903      0.942    32.2816    24.4412 -9.990e-29
 242.554329      0.949  37.387212    12.2058     6.7911      0.941    32.2837    24.4417 -9.990e-29
 242.554334      0.950  37.401354    12.2153     6.7908      0.942    32.2891    24.4441 -9.990e-29
 242.554340      0.953  37.414176    12.2243     6.8068      0.945    32.2936    24.4460 -9.990e-29
 242.554346      0.957  37.421496    12.2302     6.8076      0.949    32.2956    24.4463 -9.990e-29
