data/oxygen options/ONMS/Olympic_Coast_National_Marine_Sanctuary_CTD_Data_2005_2023/raw_data/2012/CAST_KL015_120724faed.cnv
* Sea-Bird SBE19 Data File:
* FileName = C:\Documents and Settings\OCNMS\Desktop\2012 mooring data\1st service\CAST_KL015_120724.hex
* Software Version 1.25
* Temperature SN = 2997
* Conductivity SN = 2997
* System UpLoad Time = Jul 24 2012 13:24:42
** CAST_KL015_120724
* SEACAT PROFILER V3.1c SN 2997   07/24/12  13:23:46.512
# nquan = 9                                 
# nvalues = 901                         
# units = specified
# name 0 = timeJ: Julian Days
# name 1 = prSM: Pressure, Strain Gauge [db]
# name 2 = c0mS/cm: Conductivity [mS/cm]
# name 3 = t090C: Temperature [ITS-90, deg C]
# name 4 = sbeox0ML/L: Oxygen, SBE 43 [ml/l]
# name 5 = depSM: Depth [salt water, m], lat = 47.5
# name 6 = sal00: Salinity, Practical [PSU]
# name 7 = sigma-é00: Density [sigma-theta, kg/m^3]
# name 8 = flag: flag
# span 0 = 206.534155, 206.539363       
# span 1 =     -5.564,     15.157       
# span 2 =   0.229462,  38.179759       
# span 3 =     8.8067,    16.2944       
# span 4 =    -1.7163,    15.2194       
# span 5 =     -5.518,     15.030       
# span 6 =     0.1338,    32.7713       
# span 7 =    -0.9966,    25.4020       
# span 8 = 0.0000e+00, 0.0000e+00       
# interval = seconds: 0.5
# start_time = Jul 24 2012 12:49:11 [Instrument's time stamp, header]
# bad_flag = -9.990e-29
*END*
[from data line 161]
 206.535087     -2.230   0.289638    15.6058    -1.7051     -2.211     0.1705    -0.8605 -9.990e-29
 206.535093     -2.219   0.297067    15.6077    -1.7050     -2.200     0.1749    -0.8573 -9.990e-29
 206.535098     -2.205   0.308449    15.6137    -1.7049     -2.187     0.1817    -0.8530 -9.990e-29
 206.535104     -2.190   0.322359    15.6260    -1.7046     -2.172     0.1900    -0.8486 -9.990e-29
 206.535110     -2.176   0.334651    15.6453    -1.7041     -2.158     0.1973    -0.8460 -9.990e-29
 206.535116     -2.161   0.342899    15.6685    -1.7034     -2.143     0.2021    -0.8459 -9.990e-29
 206.535122     -2.151   0.347582    15.6892    -1.7029     -2.133     0.2048    -0.8471 -9.990e-29
 206.535127     -2.143   0.350518    15.7021    -1.7022     -2.125     0.2065    -0.8479 -9.990e-29
 206.535133     -2.129   0.352852    15.7064    -1.7016     -2.111     0.2079    -0.8475 -9.990e-29
 206.535139     -2.108   0.354373    15.7062    -1.7006     -2.090     0.2088    -0.8468 -9.990e-29
 206.535145     -2.087   0.354894    15.7073    -1.6996     -2.070     0.2091    -0.8467 -9.990e-29
 206.535150     -2.069   0.354556    15.7122    -1.6993     -2.052     0.2089    -0.8477 -9.990e-29
 206.535156     -2.054   0.353461    15.7212    -1.6993     -2.037     0.2082    -0.8496 -9.990e-29
 206.535162     -2.039   0.351808    15.7343    -1.6993     -2.022     0.2072    -0.8525 -9.990e-29
 206.535168     -2.024   0.350160    15.7503    -1.6995     -2.007     0.2061    -0.8559 -9.990e-29
 206.535174     -2.008   0.349084    15.7678    -1.6990     -1.991     0.2054    -0.8593 -9.990e-29
 206.535179     -1.990   0.348251    15.7863    -1.6982     -1.973     0.2048    -0.8627 -9.990e-29
 206.535185     -1.974   0.347102    15.8066    -1.6972     -1.958     0.2040    -0.8666 -9.990e-29
 206.535191     -1.962   0.345765    15.8285    -1.6968     -1.946     0.2031    -0.8708 -9.990e-29
 206.535197     -1.954   0.344670    15.8476    -1.6963     -1.938     0.2023    -0.8745 -9.990e-29
 206.535203     -1.949   0.344016    15.8594    -1.6954     -1.933     0.2019    -0.8767 -9.990e-29
 206.535208     -1.942   0.343483    15.8645    -1.6941     -1.926     0.2015    -0.8778 -9.990e-29
 206.535214     -1.934   0.342914    15.8662    -1.6938     -1.918     0.2012    -0.8783 -9.990e-29
 206.535220     -1.927   0.342655    15.8702    -1.6937     -1.911     0.2010    -0.8791 -9.990e-29
 206.535226     -1.918   0.342914    15.8818    -1.6938     -1.902     0.2011    -0.8809 -9.990e-29
 206.535231     -1.901   0.343480    15.9004    -1.6941     -1.885     0.2014    -0.8837 -9.990e-29
 206.535237     -1.880   0.344000    15.9205    -1.6938     -1.864     0.2016    -0.8868 -9.990e-29
 206.535243     -1.861   0.344613    15.9386    -1.6938     -1.845     0.2019    -0.8895 -9.990e-29
 206.535249     -1.848   0.345581    15.9569    -1.6938     -1.833     0.2024    -0.8921 -9.990e-29
 206.535255     -1.841   0.346533    15.9786    -1.6936     -1.826     0.2028    -0.8953 -9.990e-29
 206.535260     -1.834   0.347077    16.0001    -1.6933     -1.819     0.2030    -0.8986 -9.990e-29
 206.535266     -1.822   0.347386    16.0142    -1.6935     -1.807     0.2032    -0.9008 -9.990e-29
 206.535272     -1.809   0.347869    16.0197    -1.6934     -1.794     0.2034    -0.9015 -9.990e-29
 206.535278     -1.799   0.348616    16.0197    -1.6929     -1.784     0.2039    -0.9012 -9.990e-29
 206.535284     -1.791   0.349516    16.0185    -1.6934     -1.776     0.2044    -0.9006 -9.990e-29
 206.535289     -1.785   0.350660    16.0191    -1.6940     -1.770     0.2051    -0.9001 -9.990e-29
 206.535295     -1.779   0.351912    16.0207    -1.6946     -1.764     0.2058    -0.8998 -9.990e-29
 206.535301     -1.774   0.352725    16.0231    -1.6949     -1.759     0.2063    -0.8998 -9.990e-29
 206.535307     -1.769   0.352523    16.0270    -1.6949     -1.754     0.2062    -0.9006 -9.990e-29
 206.535313     -1.764   0.351587    16.0304    -1.6945     -1.749     0.2056    -0.9016 -9.990e-29
 206.535318     -1.759   0.350884    16.0323    -1.6935     -1.744     0.2052    -0.9022 -9.990e-29
 206.535324     -1.753   0.350581    16.0346    -1.6931     -1.738     0.2050    -0.9028 -9.990e-29
 206.535330     -1.746   0.350272    16.0353    -1.6927     -1.731     0.2048    -0.9030 -9.990e-29
 206.535336     -1.743   0.349544    16.0288    -1.6921     -1.728     0.2044    -0.9023 -9.990e-29
 206.535341     -1.746   0.347978    16.0170    -1.6915     -1.731     0.2035    -0.9010 -9.990e-29
 206.535347     -1.751   0.345701    16.0060    -1.6919     -1.736     0.2022    -0.9002 -9.990e-29
 206.535353     -1.756   0.343548    16.0001    -1.6919     -1.741     0.2009    -0.9002 -9.990e-29
 206.535359     -1.760   0.341969    16.0018    -1.6917     -1.745     0.2000    -0.9012 -9.990e-29
 206.535365     -1.763   0.340517    16.0121    -1.6916     -1.748     0.1991    -0.9036 -9.990e-29
 206.535370     -1.766   0.338915    16.0275    -1.6917     -1.751     0.1981    -0.9069 -9.990e-29
 206.535376     -1.764   0.337238    16.0425    -1.6920     -1.749     0.1970    -0.9102 -9.990e-29
 206.535382     -1.754   0.335463    16.0565    -1.6925     -1.739     0.1959    -0.9134 -9.990e-29
 206.535388     -1.738   0.333438    16.0700    -1.6927     -1.724     0.1946    -0.9165 -9.990e-29
 206.535394     -1.724   0.331228    16.0791    -1.6933     -1.710     0.1933    -0.9191 -9.990e-29
 206.535399     -1.716   0.329204    16.0818    -1.6936     -1.702     0.1920    -0.9205 -9.990e-29
 206.535405     -1.710   0.327434    16.0828    -1.6934     -1.696     0.1910    -0.9214 -9.990e-29
 206.535411     -1.699   0.325770    16.0847    -1.6933     -1.685     0.1900    -0.9225 -9.990e-29
 206.535417     -1.684   0.324207    16.0854    -1.6932     -1.670     0.1891    -0.9234 -9.990e-29
 206.535422     -1.663   0.322873    16.0827    -1.6933     -1.649     0.1883    -0.9235 -9.990e-29
 206.535428     -1.640   0.321649    16.0758    -1.6938     -1.626     0.1876    -0.9229 -9.990e-29
 206.535434     -1.618   0.320008    16.0668    -1.6941     -1.605     0.1867    -0.9222 -9.990e-29
 206.535440     -1.594   0.317972    16.0574    -1.6945     -1.581     0.1855    -0.9215 -9.990e-29
 206.535446     -1.572   0.316148    16.0481    -1.6948     -1.559     0.1845    -0.9208 -9.990e-29
 206.535451     -1.555   0.314869    16.0423    -1.6953     -1.542     0.1837    -0.9204 -9.990e-29
 206.535457     -1.541   0.314089    16.0417    -1.6953     -1.528     0.1833    -0.9207 -9.990e-29
 206.535463     -1.530   0.313318    16.0431    -1.6948     -1.517     0.1828    -0.9213 -9.990e-29
 206.535469     -1.521   0.312082    16.0429    -1.6944     -1.508     0.1821    -0.9218 -9.990e-29
 206.535475     -1.513   0.310391    16.0388    -1.6940     -1.500     0.1811    -0.9219 -9.990e-29
 206.535480     -1.506   0.308757    16.0312    -1.6936     -1.493     0.1801    -0.9214 -9.990e-29
 206.535486     -1.499   0.307766    16.0220    -1.6937     -1.486     0.1796    -0.9203 -9.990e-29
 206.535492     -1.492   0.307204    16.0124    -1.6937     -1.480     0.1793    -0.9190 -9.990e-29
 206.535498     -1.484   0.306319    16.0036    -1.6937     -1.472     0.1788    -0.9179 -9.990e-29
 206.535503     -1.476   0.305038    15.9977    -1.6935     -1.464     0.1781    -0.9175 -9.990e-29
 206.535509     -1.470   0.303864    15.9981    -1.6933     -1.458     0.1774    -0.9181 -9.990e-29
 206.535515     -1.471   0.302892    16.0051    -1.6932     -1.459     0.1768    -0.9197 -9.990e-29
 206.535521     -1.475   0.301930    16.0151    -1.6929     -1.463     0.1762    -0.9218 -9.990e-29
 206.535527     -1.476   0.300803    16.0249    -1.6932     -1.464     0.1755    -0.9240 -9.990e-29
 206.535532     -1.477   0.299665    16.0320    -1.6934     -1.465     0.1748    -0.9257 -9.990e-29
 206.535538     -1.476   0.298658    16.0348    -1.6939     -1.464     0.1742    -0.9266 -9.990e-29
 206.535544     -1.473   0.297547    16.0357    -1.6945     -1.461     0.1735    -0.9273 -9.990e-29
 206.535550     -1.469   0.296508    16.0375    -1.6950     -1.457     0.1729    -0.9280 -9.990e-29
 206.535556     -1.462   0.295815    16.0411    -1.6951     -1.450     0.1725    -0.9289 -9.990e-29
 206.535561     -1.454   0.295094    16.0458    -1.6947     -1.442     0.1720    -0.9301 -9.990e-29
 206.535567     -1.442   0.293937    16.0502    -1.6941     -1.430     0.1713    -0.9313 -9.990e-29
 206.535573     -1.431   0.292462    16.0518    -1.6936     -1.419     0.1704    -0.9322 -9.990e-29
 206.535579     -1.424   0.290914    16.0487    -1.6930     -1.412     0.1695    -0.9324 -9.990e-29
 206.535584     -1.417   0.289443    16.0412    -1.6922     -1.405     0.1687    -0.9319 -9.990e-29
 206.535590     -1.404   0.288299    16.0305    -1.6913     -1.392     0.1681    -0.9306 -9.990e-29
 206.535596     -1.390   0.287618    16.0184    -1.6901     -1.378     0.1677    -0.9289 -9.990e-29
 206.535602     -1.381   0.287045    16.0093    -1.6894     -1.369     0.1674    -0.9277 -9.990e-29
 206.535608     -1.378   0.286369    16.0075    -1.6885     -1.367     0.1670    -0.9277 -9.990e-29
 206.535613     -1.375   0.285797    16.0143    -1.6886     -1.364     0.1666    -0.9291 -9.990e-29
 206.535619     -1.373   0.285120    16.0275    -1.6891     -1.362     0.1662    -0.9316 -9.990e-29
 206.535625     -1.363   0.283989    16.0441    -1.6902     -1.352     0.1655    -0.9348 -9.990e-29
 206.535631     -1.340   0.282555    16.0631    -1.6908     -1.329     0.1645    -0.9386 -9.990e-29
 206.535637     -1.316   0.281120    16.0851    -1.6909     -1.305     0.1636    -0.9430 -9.990e-29
 206.535642     -1.297   0.279985    16.1102    -1.6911     -1.286     0.1629    -0.9477 -9.990e-29
 206.535648     -1.282   0.279296    16.1357    -1.6911     -1.271     0.1624    -0.9522 -9.990e-29
 206.535654     -1.270   0.278690    16.1574    -1.6912     -1.259     0.1619    -0.9561 -9.990e-29
 206.535660     -1.261   0.277912    16.1711    -1.6915     -1.250     0.1614    -0.9588 -9.990e-29
 206.535666     -1.254   0.277030    16.1724    -1.6923     -1.244     0.1609    -0.9594 -9.990e-29
 206.535671     -1.248   0.275976    16.1617    -1.6927     -1.238     0.1603    -0.9581 -9.990e-29
 206.535677     -1.244   0.275003    16.1452    -1.6928     -1.234     0.1598    -0.9558 -9.990e-29
 206.535683     -1.240   0.274477    16.1311    -1.6931     -1.230     0.1595    -0.9537 -9.990e-29
 206.535689     -1.237   0.274247    16.1225    -1.6932     -1.227     0.1594    -0.9523 -9.990e-29
 206.535694     -1.235   0.274009    16.1174    -1.6931     -1.225     0.1593    -0.9516 -9.990e-29
 206.535700     -1.233   0.273444    16.1136    -1.6926     -1.223     0.1590    -0.9512 -9.990e-29
 206.535706     -1.231   0.272351    16.1084    -1.6926     -1.221     0.1584    -0.9508 -9.990e-29
 206.535712     -1.229   0.270935    16.0988    -1.6926     -1.219     0.1576    -0.9499 -9.990e-29
 206.535718     -1.227   0.269519    16.0861    -1.6918     -1.217     0.1568    -0.9484 -9.990e-29
 206.535723     -1.224   0.268430    16.0749    -1.6913     -1.214     0.1562    -0.9470 -9.990e-29
 206.535729     -1.222   0.267876    16.0671    -1.6913     -1.212     0.1559    -0.9460 -9.990e-29
 206.535735     -1.219   0.267674    16.0619    -1.6914     -1.209     0.1558    -0.9452 -9.990e-29
 206.535741     -1.215   0.267554    16.0605    -1.6912     -1.205     0.1557    -0.9450 -9.990e-29
 206.535747     -1.210   0.267355    16.0641    -1.6908     -1.200     0.1556    -0.9457 -9.990e-29
 206.535752     -1.204   0.266811    16.0701    -1.6908     -1.194     0.1553    -0.9470 -9.990e-29
 206.535758     -1.197   0.265751    16.0755    -1.6909     -1.187     0.1546    -0.9483 -9.990e-29
 206.535764     -1.187   0.264423    16.0828    -1.6906     -1.177     0.1538    -0.9502 -9.990e-29
 206.535770     -1.179   0.263268    16.0940    -1.6903     -1.169     0.1531    -0.9525 -9.990e-29
 206.535775     -1.176   0.262405    16.1040    -1.6896     -1.166     0.1526    -0.9546 -9.990e-29
 206.535781     -1.174   0.261791    16.1090    -1.6888     -1.164     0.1522    -0.9557 -9.990e-29
 206.535787     -1.168   0.261716    16.1120    -1.6891     -1.158     0.1521    -0.9562 -9.990e-29
 206.535793     -1.159   0.262081    16.1165    -1.6899     -1.149     0.1523    -0.9568 -9.990e-29
 206.535799     -1.149   0.262264    16.1215    -1.6906     -1.139     0.1524    -0.9576 -9.990e-29
 206.535804     -1.143   0.261955    16.1249    -1.6912     -1.133     0.1522    -0.9583 -9.990e-29
 206.535810     -1.139   0.261296    16.1281    -1.6919     -1.129     0.1518    -0.9591 -9.990e-29
 206.535816     -1.138   0.260515    16.1344    -1.6928     -1.129     0.1514    -0.9605 -9.990e-29
 206.535822     -1.136   0.259678    16.1450    -1.6931     -1.127     0.1508    -0.9627 -9.990e-29
 206.535828     -1.128   0.258776    16.1583    -1.6930     -1.119     0.1503    -0.9653 -9.990e-29
 206.535833     -1.118   0.257713    16.1675    -1.6923     -1.109     0.1496    -0.9673 -9.990e-29
 206.535839     -1.109   0.256731    16.1648    -1.6919     -1.100     0.1490    -0.9673 -9.990e-29
 206.535845     -1.100   0.256183    16.1514    -1.6917     -1.091     0.1488    -0.9653 -9.990e-29
 206.535851     -1.093   0.255890    16.1341    -1.6916     -1.084     0.1486    -0.9626 -9.990e-29
 206.535856     -1.084   0.255463    16.1157    -1.6914     -1.075     0.1485    -0.9597 -9.990e-29
 206.535862     -1.080   0.254886    16.0966    -1.6916     -1.071     0.1482    -0.9568 -9.990e-29
 206.535868     -1.078   0.254495    16.0804    -1.6917     -1.069     0.1480    -0.9543 -9.990e-29
 206.535874     -1.072   0.254323    16.0725    -1.6917     -1.063     0.1479    -0.9530 -9.990e-29
 206.535880     -1.059   0.254140    16.0747    -1.6917     -1.050     0.1478    -0.9535 -9.990e-29
 206.535885     -1.049   0.253702    16.0836    -1.6918     -1.040     0.1475    -0.9551 -9.990e-29
 206.535891     -1.039   0.252979    16.0935    -1.6916     -1.030     0.1471    -0.9571 -9.990e-29
 206.535897     -1.027   0.252115    16.1007    -1.6913     -1.018     0.1465    -0.9587 -9.990e-29
 206.535903     -1.014   0.251065    16.1052    -1.6910     -1.006     0.1459    -0.9599 -9.990e-29
 206.535909     -1.004   0.250087    16.1072    -1.6907     -0.996     0.1453    -0.9607 -9.990e-29
 206.535914     -0.997   0.249539    16.1068    -1.6901     -0.989     0.1450    -0.9609 -9.990e-29
 206.535920     -0.993   0.249243    16.1055    -1.6895     -0.985     0.1449    -0.9608 -9.990e-29
 206.535926     -0.990   0.248804    16.1043    -1.6885     -0.982     0.1446    -0.9608 -9.990e-29
 206.535932     -0.989   0.248191    16.1034    -1.6878     -0.981     0.1442    -0.9609 -9.990e-29
 206.535937     -0.990   0.247692    16.1043    -1.6871     -0.982     0.1440    -0.9613 -9.990e-29
 206.535943     -0.989   0.247196    16.1087    -1.6866     -0.981     0.1436    -0.9623 -9.990e-29
 206.535949     -0.981   0.246596    16.1162    -1.6862     -0.973     0.1433    -0.9638 -9.990e-29
 206.535955     -0.970   0.246199    16.1253    -1.6855     -0.962     0.1430    -0.9655 -9.990e-29
 206.535961     -0.960   0.246029    16.1369    -1.6847     -0.952     0.1429    -0.9675 -9.990e-29
 206.535966     -0.949   0.245858    16.1525    -1.6849     -0.941     0.1427    -0.9702 -9.990e-29
 206.535972     -0.938   0.245459    16.1715    -1.6851     -0.930     0.1424    -0.9735 -9.990e-29
 206.535978     -0.930   0.244855    16.1922    -1.6854     -0.922     0.1420    -0.9773 -9.990e-29
 206.535984     -0.928   0.244346    16.2127    -1.6858     -0.920     0.1417    -0.9809 -9.990e-29
 206.535990     -0.928   0.243808    16.2315    -1.6861     -0.920     0.1413    -0.9843 -9.990e-29
 206.535995     -0.926   0.243077    16.2481    -1.6862     -0.918     0.1408    -0.9874 -9.990e-29
 206.536001     -0.922   0.242284    16.2639    -1.6866     -0.914     0.1403    -0.9904 -9.990e-29
