data/oxygen options/ONMS/Olympic_Coast_National_Marine_Sanctuary_CTD_Data_2005_2023/raw_data/2012/CAST_CE042_120920faed.cnv
* Sea-Bird SBE19 Data File:
* FileName = C:\Documents and Settings\OCNMS\Desktop\2012 mooring data\Hypoxia Sampling\120920\CAST_CE042_120920.hex
* Software Version 1.25
* Temperature SN = 2997
* Conductivity SN = 2997
* System UpLoad Time = Sep 20 2012 13:08:25
** CAST_CE042_120920
* SEACAT PROFILER V3.1c SN 2997   09/20/12  13:07:05.359
# nquan = 9                                 
# nvalues = 987                         
# units = specified
# name 0 = timeJ: Julian Days
# name 1 = prSM: Pressure, Strain Gauge [db]
# name 2 = c0mS/cm: Conductivity [mS/cm]
# name 3 = t090C: Temperature [ITS-90, deg C]
# name 4 = sbeox0ML/L: Oxygen, SBE 43 [ml/l]
# name 5 = depSM: Depth [salt water, m], lat = 47.5
# name 6 = sal00: Salinity, Practical [PSU]
# name 7 = sigma-é00: Density [sigma-theta, kg/m^3]
# name 8 = flag: flag
# span 0 = 264.518310, 264.524016       
# span 1 =     -4.960,     43.535       
# span 2 =   0.238839,  38.224572       
# span 3 =     7.4376,    13.2605       
# span 4 =    -1.8499,    14.8047       
# span 5 =     -4.919,     43.167       
# span 6 =     0.1514,    33.7131       
# span 7 =    -0.4247,    26.3435       
# span 8 = 0.0000e+00, 0.0000e+00       
# interval = seconds: 0.5
# start_time = Sep 20 2012 12:26:22 [Instrument's time stamp, header]
# bad_flag = -9.990e-29
*END*
[from data line 641]
 264.522020      1.810  38.192790    13.2185     6.9840      1.795    32.1825    24.1682 -9.990e-29
 264.522025      1.811  38.191205    13.2179     6.9738      1.796    32.1815    24.1675 -9.990e-29
 264.522031      1.803  38.189734    13.2188     6.9780      1.788    32.1794    24.1657 -9.990e-29
 264.522037      1.796  38.190328    13.2224     6.9708      1.781    32.1769    24.1630 -9.990e-29
 264.522043      1.793  38.193209    13.2269     6.9607      1.778    32.1758    24.1613 -9.990e-29
 264.522049      1.789  38.196047    13.2283     6.9527      1.774    32.1773    24.1622 -9.990e-29
 264.522054      1.780  38.195891    13.2260     6.9478      1.765    32.1791    24.1640 -9.990e-29
 264.522060      1.770  38.193646    13.2243     6.9597      1.755    32.1784    24.1638 -9.990e-29
 264.522066      1.762  38.194151    13.2247     6.9860      1.747    32.1786    24.1639 -9.990e-29
 264.522072      1.756  38.196391    13.2239     7.0004      1.741    32.1813    24.1662 -9.990e-29
 264.522078      1.752  38.194936    13.2207     6.9997      1.737    32.1827    24.1678 -9.990e-29
 264.522083      1.749  38.191198    13.2182     6.9861      1.734    32.1813    24.1673 -9.990e-29
 264.522089      1.747  38.189707    13.2187     6.9888      1.732    32.1795    24.1658 -9.990e-29
 264.522095      1.746  38.191268    13.2210     6.9839      1.731    32.1790    24.1649 -9.990e-29
 264.522101      1.745  38.194589    13.2241     6.9711      1.730    32.1795    24.1647 -9.990e-29
 264.522106      1.746  38.199046    13.2291     6.9493      1.731    32.1794    24.1637 -9.990e-29
 264.522112      1.747  38.207210    13.2362     6.9221      1.732    32.1811    24.1635 -9.990e-29
 264.522118      1.749  38.216512    13.2427     6.9175      1.734    32.1843    24.1647 -9.990e-29
 264.522124      1.752  38.220294    13.2457     6.9324      1.737    32.1853    24.1649 -9.990e-29
 264.522130      1.756  38.220228    13.2465     6.9474      1.741    32.1846    24.1642 -9.990e-29
 264.522135      1.761  38.220700    13.2448     6.9455      1.746    32.1864    24.1660 -9.990e-29
 264.522141      1.764  38.220090    13.2380     6.9507      1.749    32.1916    24.1713 -9.990e-29
 264.522147      1.761  38.214773    13.2297     6.9682      1.746    32.1937    24.1746 -9.990e-29
 264.522153      1.755  38.208853    13.2252     6.9820      1.740    32.1919    24.1741 -9.990e-29
 264.522159      1.750  38.207314    13.2233     6.9939      1.735    32.1921    24.1746 -9.990e-29
 264.522164      1.747  38.205852    13.2210     6.9748      1.732    32.1927    24.1755 -9.990e-29
 264.522170      1.744  38.201384    13.2191     6.9619      1.729    32.1901    24.1739 -9.990e-29
 264.522176      1.742  38.198028    13.2189     6.9642      1.727    32.1871    24.1716 -9.990e-29
 264.522182      1.741  38.197462    13.2190     6.9853      1.726    32.1865    24.1711 -9.990e-29
 264.522187      1.740  38.196681    13.2181     6.9885      1.725    32.1865    24.1713 -9.990e-29
 264.522193      1.739  38.194635    13.2169     6.9733      1.724    32.1856    24.1709 -9.990e-29
 264.522199      1.739  38.192507    13.2161     6.9634      1.724    32.1843    24.1700 -9.990e-29
 264.522205      1.740  38.191373    13.2161     6.9501      1.725    32.1833    24.1692 -9.990e-29
 264.522211      1.741  38.191949    13.2172     6.9666      1.726    32.1829    24.1687 -9.990e-29
 264.522216      1.742  38.193873    13.2183     6.9752      1.727    32.1837    24.1691 -9.990e-29
 264.522222      1.744  38.195779    13.2180     6.9894      1.729    32.1858    24.1708 -9.990e-29
 264.522228      1.747  38.195156    13.2159     6.9923      1.732    32.1870    24.1721 -9.990e-29
 264.522234      1.750  38.191724    13.2141     6.9995      1.735    32.1853    24.1711 -9.990e-29
 264.522240      1.755  38.189862    13.2142     7.0124      1.740    32.1834    24.1697 -9.990e-29
 264.522245      1.761  38.190440    13.2138     7.0092      1.746    32.1843    24.1705 -9.990e-29
 264.522251      1.768  38.189735    13.2118     6.9999      1.753    32.1853    24.1717 -9.990e-29
 264.522257      1.778  38.187358    13.2102     6.9893      1.763    32.1845    24.1713 -9.990e-29
 264.522263      1.787  38.186292    13.2103     6.9749      1.772    32.1834    24.1704 -9.990e-29
 264.522269      1.790  38.187908    13.2117     6.9725      1.775    32.1837    24.1704 -9.990e-29
 264.522274      1.793  38.190427    13.2130     6.9759      1.778    32.1850    24.1711 -9.990e-29
 264.522280      1.796  38.191594    13.2132     6.9844      1.781    32.1859    24.1718 -9.990e-29
 264.522286      1.793  38.190714    13.2124     6.9827      1.778    32.1857    24.1719 -9.990e-29
 264.522292      1.791  38.188286    13.2115     6.9822      1.776    32.1842    24.1709 -9.990e-29
 264.522297      1.792  38.186105    13.2116     6.9863      1.777    32.1821    24.1692 -9.990e-29
 264.522303      1.797  38.186298    13.2132     6.9785      1.782    32.1809    24.1680 -9.990e-29
 264.522309      1.801  38.188550    13.2176     6.9777      1.786    32.1793    24.1658 -9.990e-29
 264.522315      1.802  38.191372    13.2261     6.9836      1.787    32.1748    24.1606 -9.990e-29
 264.522321      1.802  38.195713    13.2348     6.9845      1.787    32.1715    24.1564 -9.990e-29
 264.522326      1.807  38.202310    13.2377     6.9818      1.792    32.1752    24.1587 -9.990e-29
 264.522332      1.812  38.207626    13.2354     6.9739      1.797    32.1821    24.1645 -9.990e-29
 264.522338      1.814  38.209774    13.2325     6.9759      1.799    32.1866    24.1685 -9.990e-29
 264.522344      1.816  38.211050    13.2311     6.9800      1.801    32.1890    24.1707 -9.990e-29
 264.522350      1.820  38.212025    13.2333     6.9724      1.805    32.1880    24.1695 -9.990e-29
 264.522355      1.820  38.214548    13.2406     6.9651      1.805    32.1842    24.1651 -9.990e-29
 264.522361      1.818  38.220290    13.2482     6.9526      1.803    32.1832    24.1628 -9.990e-29
 264.522367      1.812  38.224572    13.2498     6.9578      1.797    32.1858    24.1645 -9.990e-29
 264.522373      1.807  38.222447    13.2458     6.9848      1.792    32.1872    24.1664 -9.990e-29
 264.522378      1.807  38.217240    13.2404     7.0065      1.792    32.1869    24.1672 -9.990e-29
 264.522384      1.812  38.213764    13.2352     7.0071      1.797    32.1881    24.1691 -9.990e-29
 264.522390      1.817  38.210175    13.2307     6.9739      1.802    32.1885    24.1704 -9.990e-29
 264.522396      1.815  38.205597    13.2262     6.9412      1.800    32.1880    24.1709 -9.990e-29
 264.522402      1.805  38.200079    13.2220     6.9268      1.790    32.1864    24.1705 -9.990e-29
 264.522407      1.796  38.194657    13.2211     6.9484      1.781    32.1821    24.1673 -9.990e-29
 264.522413      1.790  38.193859    13.2267     6.9741      1.775    32.1766    24.1619 -9.990e-29
 264.522419      1.789  38.199971    13.2370     6.9907      1.774    32.1736    24.1576 -9.990e-29
 264.522425      1.790  38.209367    13.2451     6.9911      1.775    32.1756    24.1575 -9.990e-29
 264.522431      1.796  38.214955    13.2456     6.9761      1.781    32.1804    24.1611 -9.990e-29
 264.522436      1.801  38.214093    13.2396     6.9713      1.786    32.1846    24.1656 -9.990e-29
 264.522442      1.801  38.209544    13.2359     6.9626      1.786    32.1835    24.1655 -9.990e-29
 264.522448      1.802  38.205879    13.2385     6.9628      1.787    32.1779    24.1606 -9.990e-29
 264.522454      1.808  38.205483    13.2406     6.9726      1.793    32.1757    24.1585 -9.990e-29
 264.522459      1.813  38.206136    13.2368     6.9750      1.798    32.1795    24.1622 -9.990e-29
 264.522465      1.816  38.203099    13.2292     6.9909      1.801    32.1831    24.1665 -9.990e-29
 264.522471      1.819  38.196794    13.2238     6.9925      1.804    32.1818    24.1665 -9.990e-29
 264.522477      1.828  38.193371    13.2242     6.9961      1.813    32.1782    24.1637 -9.990e-29
 264.522483      1.839  38.194980    13.2261     7.0008      1.824    32.1781    24.1633 -9.990e-29
 264.522488      1.848  38.197590    13.2245     7.0008      1.833    32.1819    24.1665 -9.990e-29
 264.522494      1.860  38.196828    13.2207     6.9951      1.844    32.1844    24.1692 -9.990e-29
 264.522500      1.875  38.194471    13.2173     6.9976      1.859    32.1851    24.1704 -9.990e-29
 264.522506      1.891  38.193717    13.2158     6.9974      1.875    32.1856    24.1711 -9.990e-29
 264.522512      1.913  38.194099    13.2163     6.9977      1.897    32.1856    24.1709 -9.990e-29
 264.522517      1.942  38.194571    13.2165     7.0072      1.926    32.1858    24.1711 -9.990e-29
 264.522523      1.972  38.194544    13.2159     7.0074      1.956    32.1863    24.1716 -9.990e-29
 264.522529      2.004  38.193512    13.2157     7.0170      1.987    32.1855    24.1710 -9.990e-29
 264.522535      2.049  38.192251    13.2174     6.9975      2.032    32.1829    24.1686 -9.990e-29
 264.522541      2.110  38.192915    13.2201     6.9650      2.092    32.1812    24.1668 -9.990e-29
 264.522546      2.186  38.195177    13.2184     6.9203      2.168    32.1847    24.1699 -9.990e-29
 264.522552      2.286  38.193562    13.2094     6.8966      2.267    32.1908    24.1763 -9.990e-29
 264.522558      2.422  38.184708    13.1963     6.8798      2.402    32.1935    24.1810 0.0000e+00
 264.522564      2.597  38.172972    13.1835     6.8473      2.575    32.1933    24.1834 0.0000e+00
 264.522569      2.810  38.162225    13.1720     6.7804      2.787    32.1928    24.1853 0.0000e+00
 264.522575      3.058  38.152052    13.1596     6.6623      3.032    32.1937    24.1884 0.0000e+00
 264.522581      3.334  38.138886    13.1405     6.5188      3.306    32.1974    24.1951 0.0000e+00
 264.522587      3.630  38.114603    13.1065     6.3601      3.600    32.2033    24.2063 0.0000e+00
 264.522593      3.944  38.073630    13.0544     6.2155      3.911    32.2088    24.2209 0.0000e+00
 264.522598      4.274  38.020634    12.9835     6.1168      4.238    32.2190    24.2427 0.0000e+00
 264.522604      4.616  37.956016    12.8825     6.0538      4.577    32.2439    24.2816 0.0000e+00
 264.522610      4.966  37.862437    12.7426     6.0423      4.924    32.2746    24.3325 0.0000e+00
 264.522616      5.324  37.736045    12.5763     6.0388      5.279    32.2968    24.3817 0.0000e+00
 264.522622      5.697  37.597588    12.3998     6.0333      5.649    32.3162    24.4304 0.0000e+00
 264.522627      6.086  37.454514    12.2208     5.9778      6.035    32.3333    24.4775 0.0000e+00
 264.522633      6.490  37.310345    12.0497     5.8711      6.436    32.3424    24.5166 0.0000e+00
 264.522639      6.910  37.178906    11.8937     5.7264      6.852    32.3506    24.5520 0.0000e+00
 264.522645      7.347  37.060738    11.7403     5.5545      7.286    32.3693    24.5947 0.0000e+00
 264.522650      7.803  36.939902    11.5778     5.3483      7.738    32.3933    24.6431 0.0000e+00
 264.522656      8.281  36.812590    11.4091     5.0973      8.212    32.4165    24.6916 0.0000e+00
 264.522662      8.781  36.680360    11.2273     4.7859      8.708    32.4463    24.7474 0.0000e+00
 264.522668      9.301  36.525326    11.0072     4.4842      9.223    32.4874    24.8184 0.0000e+00
 264.522674      9.839  36.324397    10.7283     4.2225      9.757    32.5353    24.9045 0.0000e+00
 264.522679     10.396  36.090190    10.4197     4.0209     10.309    32.5765    24.9896 0.0000e+00
 264.522685     10.974  35.873836    10.1300     3.8965     10.882    32.6186    25.0714 0.0000e+00
 264.522691     11.573  35.704875     9.8763     3.8016     11.476    32.6763    25.1586 0.0000e+00
 264.522697     12.195  35.585845     9.6639     3.7448     12.093    32.7477    25.2492 0.0000e+00
 264.522703     12.831  35.508008     9.4950     3.7002     12.724    32.8219    25.3346 0.0000e+00
 264.522708     13.474  35.454267     9.3705     3.6662     13.361    32.8806    25.4004 0.0000e+00
 264.522714     14.123  35.417819     9.2916     3.6286     14.005    32.9153    25.4402 0.0000e+00
 264.522720     14.777  35.402039     9.2435     3.5195     14.653    32.9431    25.4696 0.0000e+00
 264.522726     15.433  35.396425     9.2016     3.2982     15.304    32.9757    25.5018 0.0000e+00
 264.522731     16.092  35.380515     9.1497     3.0121     15.957    33.0070    25.5344 0.0000e+00
 264.522737     16.751  35.348127     9.0855     2.7557     16.611    33.0326    25.5646 0.0000e+00
 264.522743     17.411  35.305274     9.0071     2.5586     17.265    33.0606    25.5988 0.0000e+00
 264.522749     18.070  35.256331     8.9121     2.4364     17.918    33.0977    25.6428 0.0000e+00
 264.522755     18.727  35.207074     8.8116     2.3492     18.570    33.1398    25.6913 0.0000e+00
 264.522760     19.381  35.164539     8.7150     2.2824     19.218    33.1854    25.7420 0.0000e+00
 264.522766     20.027  35.119515     8.6120     2.2215     19.859    33.2346    25.7963 0.0000e+00
 264.522772     20.659  35.053313     8.4884     2.1182     20.486    33.2811    25.8516 0.0000e+00
 264.522778     21.278  34.965489     8.3485     1.9698     21.099    33.3203    25.9034 0.0000e+00
 264.522784     21.890  34.876617     8.2018     1.7721     21.706    33.3650    25.9604 0.0000e+00
 264.522789     22.495  34.787383     8.0510     1.5206     22.306    33.4133    26.0206 0.0000e+00
 264.522795     23.088  34.693506     7.9133     1.2733     22.894    33.4443    26.0652 0.0000e+00
 264.522801     23.668  34.620355     7.8092     1.0579     23.469    33.4654    26.0969 0.0000e+00
 264.522807     24.239  34.582846     7.7368     0.9146     24.035    33.4944    26.1301 0.0000e+00
 264.522812     24.803  34.567824     7.6779     0.8338     24.595    33.5347    26.1702 0.0000e+00
 264.522818     25.360  34.556839     7.6181     0.7799     25.147    33.5803    26.2146 0.0000e+00
 264.522824     25.913  34.540755     7.5616     0.7458     25.695    33.6173    26.2518 0.0000e+00
 264.522830     26.462  34.525475     7.5199     0.7246     26.239    33.6409    26.2763 0.0000e+00
 264.522836     27.012  34.517414     7.4941     0.7007     26.785    33.6569    26.2925 0.0000e+00
 264.522841     27.571  34.514694     7.4784     0.6897     27.339    33.6690    26.3042 0.0000e+00
 264.522847     28.147  34.514720     7.4676     0.6857     27.910    33.6792    26.3138 0.0000e+00
 264.522853     28.741  34.515761     7.4599     0.6684     28.499    33.6875    26.3214 0.0000e+00
 264.522859     29.352  34.516881     7.4546     0.6625     29.105    33.6936    26.3270 0.0000e+00
 264.522865     29.972  34.518368     7.4504     0.6471     29.720    33.6990    26.3318 0.0000e+00
 264.522870     30.590  34.519883     7.4472     0.6453     30.332    33.7034    26.3358 0.0000e+00
 264.522876     31.197  34.520562     7.4456     0.6517     30.934    33.7054    26.3376 0.0000e+00
 264.522882     31.789  34.520665     7.4453     0.6449     31.521    33.7056    26.3377 0.0000e+00
 264.522888     32.361  34.520805     7.4455     0.6269     32.088    33.7052    26.3375 0.0000e+00
 264.522894     32.912  34.521086     7.4459     0.6098     32.635    33.7049    26.3371 0.0000e+00
 264.522899     33.445  34.521802     7.4462     0.6010     33.163    33.7051    26.3373 0.0000e+00
 264.522905     33.969  34.522703     7.4457     0.6110     33.683    33.7063    26.3383 0.0000e+00
 264.522911     34.487  34.523229     7.4449     0.6126     34.196    33.7074    26.3393 0.0000e+00
 264.522917     34.999  34.523442     7.4449     0.6175     34.704    33.7074    26.3393 0.0000e+00
 264.522922     35.502  34.523542     7.4459     0.6097     35.203    33.7063    26.3383 0.0000e+00
 264.522928     35.995  34.523579     7.4471     0.6012     35.691    33.7049    26.3370 0.0000e+00
 264.522934     36.477  34.523522     7.4468     0.5949     36.169    33.7049    26.3371 0.0000e+00
