data/oxygen options/ONMS/Olympic_Coast_National_Marine_Sanctuary_CTD_Data_2005_2023/raw_data/2012/CAST_CA015_120719faed.cnv
* Sea-Bird SBE19 Data File:
* FileName = C:\Documents and Settings\OCNMS\Desktop\2012 mooring data\1st service\CAST_CA015_120719.hex
* Software Version 1.25
* Temperature SN = 2997
* Conductivity SN = 2997
* System UpLoad Time = Jul 20 2012 06:01:15
** CAST_CA015_120719
* SEACAT PROFILER V3.1c SN 2997   07/20/12  05:59:55.376
# nquan = 9                                 
# nvalues = 821                         
# units = specified
# name 0 = timeJ: Julian Days
# name 1 = prSM: Pressure, Strain Gauge [db]
# name 2 = c0mS/cm: Conductivity [mS/cm]
# name 3 = t090C: Temperature [ITS-90, deg C]
# name 4 = sbeox0ML/L: Oxygen, SBE 43 [ml/l]
# name 5 = depSM: Depth [salt water, m], lat = 47.5
# name 6 = sal00: Salinity, Practical [PSU]
# name 7 = sigma-é00: Density [sigma-theta, kg/m^3]
# name 8 = flag: flag
# span 0 = 201.491076, 201.495822       
# span 1 =     -5.790,     15.606       
# span 2 =   0.070479,  37.619530       
# span 3 =     8.9633,    15.1991       
# span 4 =    -1.7698,    15.6724       
# span 5 =     -5.742,     15.475       
# span 6 =     0.0441,    32.8899       
# span 7 =    -0.8942,    25.4409       
# span 8 = 0.0000e+00, 0.0000e+00       
# interval = seconds: 0.5
# start_time = Jul 19 2012 11:47:09 [Instrument's time stamp, header]
# bad_flag = -9.990e-29
*END*
[from data line 161]
 201.492008     -2.428   0.345575    13.9790    -1.7678     -2.408     0.2121    -0.5861 -9.990e-29
 201.492014     -2.422   0.343272    13.9747    -1.7676     -2.402     0.2107    -0.5866 -9.990e-29
 201.492020     -2.419   0.341304    13.9750    -1.7673     -2.399     0.2094    -0.5876 -9.990e-29
 201.492025     -2.411   0.339817    13.9789    -1.7673     -2.391     0.2085    -0.5889 -9.990e-29
 201.492031     -2.397   0.338487    13.9856    -1.7675     -2.377     0.2076    -0.5905 -9.990e-29
 201.492037     -2.383   0.336649    13.9928    -1.7670     -2.363     0.2064    -0.5924 -9.990e-29
 201.492043     -2.375   0.334064    13.9989    -1.7668     -2.355     0.2048    -0.5946 -9.990e-29
 201.492049     -2.366   0.331162    14.0052    -1.7664     -2.346     0.2029    -0.5969 -9.990e-29
 201.492054     -2.353   0.328500    14.0130    -1.7658     -2.333     0.2012    -0.5993 -9.990e-29
 201.492060     -2.338   0.326403    14.0214    -1.7656     -2.319     0.1999    -0.6015 -9.990e-29
 201.492066     -2.325   0.324841    14.0288    -1.7653     -2.306     0.1989    -0.6033 -9.990e-29
 201.492072     -2.313   0.323395    14.0345    -1.7652     -2.294     0.1979    -0.6049 -9.990e-29
 201.492078     -2.302   0.321241    14.0379    -1.7647     -2.283     0.1966    -0.6064 -9.990e-29
 201.492083     -2.290   0.318276    14.0412    -1.7644     -2.271     0.1947    -0.6083 -9.990e-29
 201.492089     -2.277   0.315525    14.0471    -1.7644     -2.258     0.1930    -0.6105 -9.990e-29
 201.492095     -2.262   0.313750    14.0553    -1.7646     -2.243     0.1918    -0.6125 -9.990e-29
 201.492101     -2.248   0.312799    14.0649    -1.7646     -2.229     0.1912    -0.6144 -9.990e-29
 201.492106     -2.239   0.311955    14.0751    -1.7649     -2.220     0.1906    -0.6162 -9.990e-29
 201.492112     -2.230   0.310647    14.0841    -1.7652     -2.211     0.1898    -0.6182 -9.990e-29
 201.492118     -2.216   0.308792    14.0918    -1.7653     -2.198     0.1886    -0.6202 -9.990e-29
 201.492124     -2.196   0.306682    14.0997    -1.7652     -2.178     0.1872    -0.6223 -9.990e-29
 201.492130     -2.173   0.304827    14.1076    -1.7649     -2.155     0.1860    -0.6244 -9.990e-29
 201.492135     -2.154   0.303519    14.1131    -1.7644     -2.136     0.1852    -0.6258 -9.990e-29
 201.492141     -2.143   0.302676    14.1145    -1.7637     -2.125     0.1847    -0.6264 -9.990e-29
 201.492147     -2.138   0.301728    14.1130    -1.7631     -2.120     0.1841    -0.6266 -9.990e-29
 201.492153     -2.140   0.299964    14.1099    -1.7621     -2.122     0.1830    -0.6270 -9.990e-29
 201.492159     -2.144   0.297244    14.1055    -1.7609     -2.126     0.1813    -0.6277 -9.990e-29
 201.492164     -2.142   0.294369    14.1013    -1.7607     -2.124     0.1796    -0.6285 -9.990e-29
 201.492170     -2.133   0.292488    14.0998    -1.7611     -2.115     0.1784    -0.6292 -9.990e-29
 201.492176     -2.127   0.291858    14.1027    -1.7613     -2.109     0.1780    -0.6299 -9.990e-29
 201.492182     -2.121   0.291641    14.1107    -1.7612     -2.103     0.1778    -0.6312 -9.990e-29
 201.492188     -2.113   0.290992    14.1232    -1.7609     -2.095     0.1774    -0.6333 -9.990e-29
 201.492193     -2.105   0.290153    14.1391    -1.7606     -2.087     0.1768    -0.6360 -9.990e-29
 201.492199     -2.101   0.289666    14.1576    -1.7604     -2.083     0.1764    -0.6389 -9.990e-29
 201.492205     -2.101   0.289434    14.1785    -1.7604     -2.083     0.1762    -0.6420 -9.990e-29
 201.492211     -2.101   0.289150    14.1969    -1.7602     -2.083     0.1759    -0.6448 -9.990e-29
 201.492216     -2.092   0.288435    14.2060    -1.7603     -2.075     0.1754    -0.6465 -9.990e-29
 201.492222     -2.073   0.286887    14.2066    -1.7603     -2.056     0.1745    -0.6473 -9.990e-29
 201.492228     -2.053   0.284658    14.2061    -1.7601     -2.036     0.1731    -0.6483 -9.990e-29
 201.492234     -2.033   0.282648    14.2086    -1.7600     -2.016     0.1719    -0.6496 -9.990e-29
 201.492240     -2.018   0.281497    14.2137    -1.7598     -2.001     0.1711    -0.6509 -9.990e-29
 201.492245     -2.009   0.280777    14.2195    -1.7593     -1.992     0.1707    -0.6521 -9.990e-29
 201.492251     -2.003   0.279528    14.2242    -1.7587     -1.986     0.1699    -0.6534 -9.990e-29
 201.492257     -1.995   0.277194    14.2274    -1.7581     -1.978     0.1684    -0.6550 -9.990e-29
 201.492263     -1.984   0.274534    14.2294    -1.7576     -1.967     0.1668    -0.6565 -9.990e-29
 201.492269     -1.970   0.272984    14.2307    -1.7570     -1.954     0.1658    -0.6575 -9.990e-29
 201.492274     -1.951   0.272688    14.2324    -1.7563     -1.935     0.1656    -0.6579 -9.990e-29
 201.492280     -1.932   0.272700    14.2355    -1.7557     -1.916     0.1656    -0.6583 -9.990e-29
 201.492286     -1.914   0.272484    14.2408    -1.7555     -1.898     0.1655    -0.6592 -9.990e-29
 201.492292     -1.896   0.271751    14.2490    -1.7555     -1.880     0.1650    -0.6607 -9.990e-29
 201.492297     -1.882   0.270629    14.2602    -1.7550     -1.866     0.1642    -0.6629 -9.990e-29
 201.492303     -1.876   0.269835    14.2735    -1.7548     -1.860     0.1637    -0.6652 -9.990e-29
 201.492309     -1.872   0.269417    14.2879    -1.7548     -1.856     0.1634    -0.6675 -9.990e-29
 201.492315     -1.862   0.268819    14.3027    -1.7547     -1.846     0.1630    -0.6699 -9.990e-29
 201.492321     -1.845   0.267797    14.3182    -1.7548     -1.830     0.1623    -0.6727 -9.990e-29
 201.492326     -1.829   0.266647    14.3337    -1.7547     -1.814     0.1615    -0.6755 -9.990e-29
 201.492332     -1.816   0.265497    14.3468    -1.7545     -1.801     0.1608    -0.6780 -9.990e-29
 201.492338     -1.806   0.263920    14.3556    -1.7541     -1.791     0.1598    -0.6800 -9.990e-29
 201.492344     -1.799   0.262027    14.3621    -1.7535     -1.784     0.1586    -0.6819 -9.990e-29
 201.492350     -1.793   0.260615    14.3686    -1.7534     -1.778     0.1577    -0.6835 -9.990e-29
 201.492355     -1.789   0.260015    14.3737    -1.7535     -1.774     0.1573    -0.6845 -9.990e-29
 201.492361     -1.787   0.259981    14.3766    -1.7533     -1.772     0.1573    -0.6850 -9.990e-29
 201.492367     -1.785   0.259914    14.3785    -1.7528     -1.770     0.1572    -0.6853 -9.990e-29
 201.492373     -1.784   0.259172    14.3801    -1.7525     -1.769     0.1568    -0.6859 -9.990e-29
 201.492378     -1.785   0.257870    14.3828    -1.7524     -1.770     0.1560    -0.6869 -9.990e-29
 201.492384     -1.786   0.256488    14.3884    -1.7523     -1.771     0.1551    -0.6884 -9.990e-29
 201.492390     -1.789   0.255395    14.3967    -1.7521     -1.774     0.1544    -0.6901 -9.990e-29
 201.492396     -1.793   0.254794    14.4050    -1.7516     -1.778     0.1540    -0.6916 -9.990e-29
 201.492402     -1.794   0.254438    14.4107    -1.7513     -1.779     0.1538    -0.6926 -9.990e-29
 201.492407     -1.788   0.253852    14.4147    -1.7512     -1.773     0.1534    -0.6935 -9.990e-29
 201.492413     -1.779   0.252808    14.4204    -1.7511     -1.764     0.1527    -0.6948 -9.990e-29
 201.492419     -1.771   0.251574    14.4282    -1.7510     -1.756     0.1519    -0.6965 -9.990e-29
 201.492425     -1.763   0.250717    14.4358    -1.7509     -1.748     0.1514    -0.6981 -9.990e-29
 201.492431     -1.754   0.250202    14.4418    -1.7509     -1.739     0.1511    -0.6992 -9.990e-29
 201.492436     -1.745   0.249341    14.4472    -1.7510     -1.730     0.1505    -0.7004 -9.990e-29
 201.492442     -1.738   0.248094    14.4539    -1.7509     -1.724     0.1497    -0.7020 -9.990e-29
 201.492448     -1.737   0.247011    14.4619    -1.7510     -1.723     0.1490    -0.7037 -9.990e-29
 201.492454     -1.739   0.246308    14.4690    -1.7508     -1.724     0.1486    -0.7051 -9.990e-29
 201.492459     -1.740   0.245603    14.4736    -1.7507     -1.725     0.1481    -0.7061 -9.990e-29
 201.492465     -1.738   0.244506    14.4765    -1.7505     -1.724     0.1475    -0.7070 -9.990e-29
 201.492471     -1.734   0.243216    14.4790    -1.7504     -1.720     0.1467    -0.7080 -9.990e-29
 201.492477     -1.728   0.242229    14.4809    -1.7500     -1.714     0.1461    -0.7087 -9.990e-29
 201.492483     -1.719   0.241887    14.4819    -1.7498     -1.705     0.1458    -0.7090 -9.990e-29
 201.492488     -1.708   0.241733    14.4823    -1.7499     -1.694     0.1458    -0.7092 -9.990e-29
 201.492494     -1.696   0.241009    14.4826    -1.7493     -1.682     0.1453    -0.7096 -9.990e-29
 201.492500     -1.689   0.239855    14.4835    -1.7486     -1.675     0.1446    -0.7102 -9.990e-29
 201.492506     -1.681   0.238947    14.4859    -1.7481     -1.667     0.1440    -0.7110 -9.990e-29
 201.492512     -1.667   0.238735    14.4897    -1.7476     -1.653     0.1439    -0.7117 -9.990e-29
 201.492517     -1.651   0.238936    14.4943    -1.7468     -1.637     0.1440    -0.7123 -9.990e-29
 201.492523     -1.636   0.238710    14.5001    -1.7462     -1.622     0.1439    -0.7132 -9.990e-29
 201.492529     -1.622   0.237755    14.5067    -1.7455     -1.608     0.1433    -0.7147 -9.990e-29
 201.492535     -1.606   0.236457    14.5126    -1.7452     -1.593     0.1424    -0.7161 -9.990e-29
 201.492541     -1.589   0.235299    14.5197    -1.7453     -1.576     0.1417    -0.7177 -9.990e-29
 201.492546     -1.573   0.234397    14.5311    -1.7458     -1.560     0.1411    -0.7199 -9.990e-29
 201.492552     -1.561   0.233653    14.5452    -1.7464     -1.548     0.1406    -0.7223 -9.990e-29
 201.492558     -1.553   0.233183    14.5595    -1.7470     -1.540     0.1403    -0.7246 -9.990e-29
 201.492564     -1.549   0.232911    14.5746    -1.7472     -1.536     0.1401    -0.7270 -9.990e-29
 201.492569     -1.548   0.232476    14.5910    -1.7473     -1.535     0.1398    -0.7297 -9.990e-29
 201.492575     -1.546   0.231851    14.6073    -1.7468     -1.533     0.1393    -0.7324 -9.990e-29
 201.492581     -1.538   0.231308    14.6209    -1.7463     -1.525     0.1390    -0.7347 -9.990e-29
 201.492587     -1.528   0.230677    14.6281    -1.7459     -1.515     0.1386    -0.7360 -9.990e-29
 201.492593     -1.520   0.229668    14.6269    -1.7453     -1.507     0.1380    -0.7363 -9.990e-29
 201.492598     -1.513   0.228595    14.6185    -1.7449     -1.500     0.1373    -0.7356 -9.990e-29
 201.492604     -1.507   0.227689    14.6065    -1.7445     -1.494     0.1368    -0.7342 -9.990e-29
 201.492610     -1.501   0.226848    14.5956    -1.7441     -1.488     0.1364    -0.7330 -9.990e-29
 201.492616     -1.495   0.226055    14.5895    -1.7436     -1.483     0.1359    -0.7325 -9.990e-29
 201.492622     -1.489   0.225361    14.5900    -1.7437     -1.477     0.1355    -0.7329 -9.990e-29
 201.492627     -1.483   0.224944    14.5970    -1.7441     -1.471     0.1352    -0.7341 -9.990e-29
 201.492633     -1.475   0.224804    14.6077    -1.7447     -1.463     0.1351    -0.7357 -9.990e-29
 201.492639     -1.466   0.224751    14.6200    -1.7455     -1.454     0.1350    -0.7376 -9.990e-29
 201.492645     -1.455   0.224716    14.6329    -1.7458     -1.443     0.1350    -0.7395 -9.990e-29
 201.492650     -1.440   0.224651    14.6451    -1.7463     -1.428     0.1349    -0.7414 -9.990e-29
 201.492656     -1.427   0.224471    14.6561    -1.7465     -1.415     0.1347    -0.7431 -9.990e-29
 201.492662     -1.417   0.223935    14.6658    -1.7466     -1.405     0.1344    -0.7448 -9.990e-29
 201.492668     -1.410   0.222879    14.6718    -1.7464     -1.398     0.1337    -0.7462 -9.990e-29
 201.492674     -1.407   0.221556    14.6708    -1.7460     -1.395     0.1329    -0.7467 -9.990e-29
 201.492679     -1.401   0.220414    14.6630    -1.7458     -1.389     0.1323    -0.7461 -9.990e-29
 201.492685     -1.390   0.219590    14.6507    -1.7455     -1.378     0.1318    -0.7446 -9.990e-29
 201.492691     -1.376   0.219091    14.6366    -1.7450     -1.365     0.1315    -0.7427 -9.990e-29
 201.492697     -1.366   0.218806    14.6242    -1.7449     -1.355     0.1314    -0.7410 -9.990e-29
 201.492703     -1.362   0.218356    14.6149    -1.7449     -1.351     0.1312    -0.7398 -9.990e-29
 201.492708     -1.352   0.217692    14.6093    -1.7450     -1.341     0.1308    -0.7393 -9.990e-29
 201.492714     -1.338   0.217035    14.6080    -1.7454     -1.327     0.1304    -0.7394 -9.990e-29
 201.492720     -1.326   0.216615    14.6114    -1.7456     -1.315     0.1301    -0.7401 -9.990e-29
 201.492726     -1.320   0.216427    14.6179    -1.7453     -1.309     0.1300    -0.7412 -9.990e-29
 201.492731     -1.319   0.216219    14.6252    -1.7450     -1.308     0.1298    -0.7424 -9.990e-29
 201.492737     -1.321   0.215711    14.6332    -1.7446     -1.310     0.1295    -0.7438 -9.990e-29
 201.492743     -1.319   0.214779    14.6406    -1.7442     -1.308     0.1289    -0.7453 -9.990e-29
 201.492749     -1.319   0.213840    14.6448    -1.7442     -1.308     0.1284    -0.7464 -9.990e-29
 201.492755     -1.320   0.213302    14.6451    -1.7442     -1.309     0.1280    -0.7467 -9.990e-29
 201.492760     -1.318   0.213003    14.6425    -1.7446     -1.307     0.1279    -0.7465 -9.990e-29
 201.492766     -1.313   0.212543    14.6389    -1.7450     -1.302     0.1276    -0.7461 -9.990e-29
 201.492772     -1.305   0.211861    14.6377    -1.7453     -1.294     0.1272    -0.7463 -9.990e-29
 201.492778     -1.297   0.211152    14.6409    -1.7452     -1.286     0.1267    -0.7471 -9.990e-29
 201.492784     -1.293   0.210579    14.6475    -1.7448     -1.282     0.1264    -0.7483 -9.990e-29
 201.492789     -1.294   0.210483    14.6552    -1.7442     -1.283     0.1263    -0.7495 -9.990e-29
 201.492795     -1.294   0.210737    14.6616    -1.7434     -1.283     0.1264    -0.7504 -9.990e-29
 201.492801     -1.290   0.210572    14.6643    -1.7425     -1.279     0.1263    -0.7508 -9.990e-29
 201.492807     -1.281   0.209766    14.6624    -1.7418     -1.270     0.1259    -0.7509 -9.990e-29
 201.492813     -1.267   0.208904    14.6565    -1.7416     -1.256     0.1254    -0.7505 -9.990e-29
 201.492818     -1.251   0.208497    14.6498    -1.7419     -1.241     0.1251    -0.7497 -9.990e-29
 201.492824     -1.236   0.208555    14.6465    -1.7422     -1.226     0.1252    -0.7491 -9.990e-29
 201.492830     -1.225   0.208603    14.6490    -1.7426     -1.215     0.1252    -0.7495 -9.990e-29
 201.492836     -1.223   0.208150    14.6578    -1.7428     -1.213     0.1249    -0.7510 -9.990e-29
 201.492841     -1.225   0.207699    14.6724    -1.7431     -1.215     0.1246    -0.7534 -9.990e-29
 201.492847     -1.227   0.207754    14.6908    -1.7433     -1.217     0.1246    -0.7561 -9.990e-29
 201.492853     -1.228   0.207836    14.7092    -1.7433     -1.218     0.1246    -0.7588 -9.990e-29
 201.492859     -1.229   0.207499    14.7229    -1.7437     -1.219     0.1243    -0.7611 -9.990e-29
 201.492865     -1.230   0.206847    14.7285    -1.7438     -1.220     0.1239    -0.7622 -9.990e-29
 201.492870     -1.231   0.206116    14.7265    -1.7436     -1.221     0.1235    -0.7622 -9.990e-29
 201.492876     -1.232   0.205438    14.7204    -1.7435     -1.222     0.1231    -0.7616 -9.990e-29
 201.492882     -1.234   0.205016    14.7131    -1.7432     -1.224     0.1229    -0.7607 -9.990e-29
 201.492888     -1.235   0.204839    14.7059    -1.7429     -1.225     0.1228    -0.7597 -9.990e-29
 201.492894     -1.237   0.204670    14.6996    -1.7426     -1.227     0.1227    -0.7589 -9.990e-29
 201.492899     -1.240   0.204285    14.6947    -1.7425     -1.230     0.1225    -0.7583 -9.990e-29
 201.492905     -1.243   0.203721    14.6902    -1.7424     -1.233     0.1221    -0.7579 -9.990e-29
 201.492911     -1.247   0.203334    14.6858    -1.7425     -1.237     0.1219    -0.7574 -9.990e-29
 201.492917     -1.248   0.203160    14.6843    -1.7423     -1.238     0.1218    -0.7573 -9.990e-29
 201.492922     -1.241   0.202967    14.6864    -1.7421     -1.231     0.1217    -0.7577 -9.990e-29
