data/oxygen options/ONMS/Olympic_Coast_National_Marine_Sanctuary_CTD_Data_2005_2023/raw_data/2012/CAST_MB015_120829faed.cnv
* Sea-Bird SBE19 Data File:
* FileName = C:\Documents and Settings\OCNMS\Desktop\2012 mooring data\2nd service\CAST_MB015_120829.hex
* Software Version 1.25
* Temperature SN = 2997
* Conductivity SN = 2997
* System UpLoad Time = Aug 30 2012 08:53:02
** CAST_MB015_120829
* SEACAT PROFILER V3.1c SN 2997   08/30/12  08:51:29.231
# nquan = 9                                 
# nvalues = 902                         
# units = specified
# name 0 = timeJ: Julian Days
# name 1 = prSM: Pressure, Strain Gauge [db]
# name 2 = c0mS/cm: Conductivity [mS/cm]
# name 3 = t090C: Temperature [ITS-90, deg C]
# name 4 = sbeox0ML/L: Oxygen, SBE 43 [ml/l]
# name 5 = depSM: Depth [salt water, m], lat = 47.5
# name 6 = sal00: Salinity, Practical [PSU]
# name 7 = sigma-é00: Density [sigma-theta, kg/m^3]
# name 8 = flag: flag
# span 0 = 242.441331, 242.446545       
# span 1 =     -5.438,     14.352       
# span 2 =   0.268376,  38.127546       
# span 3 =    10.8907,    14.0474       
# span 4 =    -1.7756,    13.5707       
# span 5 =     -5.393,     14.232       
# span 6 =     0.1644,    32.5448       
# span 7 =    -0.6199,    24.8747       
# span 8 = 0.0000e+00, 0.0000e+00       
# interval = seconds: 0.5
# start_time = Aug 29 2012 10:35:31 [Instrument's time stamp, header]
# bad_flag = -9.990e-29
*END*
[from data line 801]
 242.445966     14.315  36.474280    10.9023     5.3376     14.195    32.5277    24.8683 -9.990e-29
 242.445972     14.311  36.474801    10.9033     5.3371     14.191    32.5273    24.8678 -9.990e-29
 242.445978     14.302  36.475767    10.9049     5.3337     14.182    32.5269    24.8672 -9.990e-29
 242.445984     14.292  36.476789    10.9063     5.3320     14.172    32.5266    24.8668 -9.990e-29
 242.445990     14.288  36.477549    10.9073     5.3286     14.168    32.5265    24.8665 -9.990e-29
 242.445995     14.295  36.477944    10.9081     5.3361     14.175    32.5262    24.8661 -9.990e-29
 242.446001     14.308  36.477941    10.9089     5.3379     14.188    32.5255    24.8654 -9.990e-29
 242.446007     14.319  36.478097    10.9097     5.3383     14.199    32.5249    24.8648 -9.990e-29
 242.446013     14.326  36.478620    10.9106     5.3434     14.206    32.5246    24.8645 -9.990e-29
 242.446019     14.325  36.479090    10.9118     5.3419     14.205    32.5240    24.8638 -9.990e-29
 242.446024     14.311  36.479574    10.9129     5.3348     14.191    32.5235    24.8632 -9.990e-29
 242.446030     14.291  36.480158    10.9134     5.3242     14.171    32.5237    24.8632 -9.990e-29
 242.446036     14.278  36.480502    10.9133     5.3116     14.158    32.5241    24.8636 -9.990e-29
 242.446042     14.270  36.480507    10.9121     5.3044     14.150    32.5252    24.8646 -9.990e-29
 242.446047     14.263  36.479621    10.9099     5.3079     14.143    32.5263    24.8659 -9.990e-29
 242.446053     14.261  36.477784    10.9079     5.3057     14.141    32.5262    24.8662 -9.990e-29
 242.446059     14.268  36.476467    10.9068     5.3159     14.148    32.5259    24.8661 -9.990e-29
 242.446065     14.279  36.476156    10.9062     5.2933     14.159    32.5261    24.8664 -9.990e-29
 242.446071     14.287  36.475879    10.9056     5.3019     14.167    32.5264    24.8667 -9.990e-29
 242.446076     14.289  36.475266    10.9051     5.3283     14.169    32.5262    24.8666 -9.990e-29
 242.446082     14.283  36.475182    10.9054     5.3300     14.163    32.5259    24.8663 -9.990e-29
 242.446088     14.276  36.476073    10.9071     5.3527     14.156    32.5252    24.8655 -9.990e-29
 242.446094     14.273  36.477449    10.9093     5.3434     14.153    32.5247    24.8647 -9.990e-29
 242.446100     14.276  36.478907    10.9109     5.3485     14.156    32.5247    24.8644 -9.990e-29
 242.446105     14.276  36.480150    10.9127     5.3450     14.156    32.5243    24.8638 -9.990e-29
 242.446111     14.272  36.481157    10.9146     5.3363     14.152    32.5236    24.8630 -9.990e-29
 242.446117     14.274  36.481590    10.9154     5.3330     14.154    32.5233    24.8626 -9.990e-29
 242.446123     14.280  36.481471    10.9158     5.3350     14.160    32.5229    24.8622 -9.990e-29
 242.446128     14.289  36.481761    10.9164     5.3402     14.169    32.5226    24.8619 -9.990e-29
 242.446134     14.299  36.482287    10.9172     5.3472     14.179    32.5224    24.8616 -9.990e-29
 242.446140     14.307  36.482632    10.9185     5.3401     14.187    32.5216    24.8607 -9.990e-29
 242.446146     14.310  36.483257    10.9205     5.3349     14.190    32.5205    24.8595 -9.990e-29
 242.446152     14.311  36.484437    10.9226     5.3332     14.191    32.5198    24.8586 -9.990e-29
 242.446157     14.316  36.485506    10.9235     5.3312     14.196    32.5200    24.8586 -9.990e-29
 242.446163     14.321  36.485649    10.9231     5.3348     14.201    32.5205    24.8591 -9.990e-29
 242.446169     14.325  36.485058    10.9220     5.3348     14.205    32.5209    24.8596 -9.990e-29
 242.446175     14.334  36.484627    10.9212     5.3350     14.214    32.5212    24.8599 -9.990e-29
 242.446181     14.343  36.484905    10.9210     5.3420     14.223    32.5216    24.8603 -9.990e-29
 242.446186     14.348  36.485140    10.9210     5.3436     14.228    32.5219    24.8605 -9.990e-29
 242.446192     14.351  36.485088    10.9209     5.3435     14.231    32.5219    24.8605 -9.990e-29
 242.446198     14.352  36.485239    10.9208     5.3347     14.232    32.5221    24.8607 -9.990e-29
 242.446204     14.349  36.485237    10.9208     5.3293     14.229    32.5221    24.8607 -9.990e-29
 242.446209     14.344  36.485080    10.9211     5.3364     14.224    32.5217    24.8603 -9.990e-29
 242.446215     14.340  36.485121    10.9216     5.3470     14.220    32.5213    24.8599 -9.990e-29
 242.446221     14.342  36.485040    10.9216     5.3592     14.222    32.5212    24.8599 -9.990e-29
 242.446227     14.344  36.484733    10.9211     5.3592     14.224    32.5214    24.8601 -9.990e-29
 242.446233     14.343  36.484537    10.9209     5.3471     14.223    32.5214    24.8601 -9.990e-29
 242.446238     14.339  36.484751    10.9213     5.3470     14.219    32.5212    24.8599 -9.990e-29
 242.446244     14.331  36.485287    10.9216     5.3380     14.211    32.5215    24.8601 -9.990e-29
 242.446250     14.324  36.485737    10.9221     5.3379     14.204    32.5215    24.8600 -9.990e-29
 242.446256     14.321  36.486143    10.9228     5.3464     14.201    32.5213    24.8597 -9.990e-29
 242.446262     14.322  36.486487    10.9235     5.3460     14.202    32.5210    24.8594 -9.990e-29
 242.446267     14.328  36.486665    10.9238     5.3493     14.208    32.5209    24.8592 -9.990e-29
 242.446273     14.329  36.486915    10.9235     5.3477     14.209    32.5214    24.8597 -9.990e-29
 242.446279     14.317  36.487010    10.9228     5.3511     14.197    32.5221    24.8604 -9.990e-29
 242.446285     14.296  36.487076    10.9224     5.3530     14.176    32.5226    24.8608 -9.990e-29
 242.446291     14.269  36.487761    10.9230     5.3454     14.149    32.5227    24.8608 -9.990e-29
 242.446296     14.234  36.488859    10.9244     5.3403     14.115    32.5226    24.8604 -9.990e-29
 242.446302     14.189  36.489592    10.9259     5.3347     14.070    32.5220    24.8597 -9.990e-29
 242.446308     14.131  36.489819    10.9275     5.3244     14.013    32.5208    24.8585 -9.990e-29
 242.446314     14.061  36.490402    10.9297     5.3309     13.943    32.5195    24.8571 -9.990e-29
 242.446319     13.979  36.492119    10.9317     5.3570     13.862    32.5194    24.8567 -9.990e-29
 242.446325     13.878  36.493341    10.9329     5.3933     13.762    32.5196    24.8566 -9.990e-29
 242.446331     13.754  36.492895    10.9340     5.4288     13.639    32.5183    24.8554 -9.990e-29
 242.446337     13.597  36.492989    10.9380     5.4898     13.483    32.5149    24.8520 0.0000e+00
 242.446343     13.403  36.495428    10.9511     5.5583     13.291    32.5058    24.8427 0.0000e+00
 242.446348     13.167  36.502345    10.9871     5.6281     13.057    32.4808    24.8169 0.0000e+00
 242.446354     12.888  36.520720    11.0683     5.7092     12.780    32.4274    24.7610 0.0000e+00
 242.446360     12.569  36.563852    11.1952     5.7776     12.464    32.3583    24.6847 0.0000e+00
 242.446366     12.215  36.636601    11.3265     5.8265     12.113    32.3147    24.6274 0.0000e+00
 242.446372     11.830  36.723947    11.4384     5.8561     11.731    32.3026    24.5979 0.0000e+00
 242.446377     11.415  36.803455    11.5513     5.8522     11.319    32.2819    24.5614 0.0000e+00
 242.446383     10.964  36.869126    11.6745     5.8198     10.872    32.2388    24.5055 0.0000e+00
 242.446389     10.471  36.934593    11.7967     5.8216     10.383    32.1966    24.4503 0.0000e+00
 242.446395      9.934  37.006495    11.9076     5.8683      9.851    32.1705    24.4097 0.0000e+00
 242.446400      9.358  37.075969    11.9964     5.9338      9.280    32.1612    24.3860 0.0000e+00
 242.446406      8.749  37.132032    12.0598     6.0138      8.676    32.1609    24.3739 0.0000e+00
 242.446412      8.110  37.174949    12.1094     6.0610      8.042    32.1597    24.3638 0.0000e+00
 242.446418      7.449  37.212101    12.1648     6.0925      7.387    32.1481    24.3444 0.0000e+00
 242.446424      6.779  37.252141    12.2510     6.0910      6.722    32.1128    24.3008 0.0000e+00
 242.446429      6.117  37.310931    12.3962     6.0893      6.066    32.0451    24.2209 0.0000e+00
 242.446435      5.477  37.406921    12.5924     6.0874      5.431    31.9697    24.1252 0.0000e+00
 242.446441      4.869  37.535337    12.7788     6.0710      4.828    31.9338    24.0616 0.0000e+00
 242.446447      4.302  37.655656    12.9086     6.0832      4.266    31.9381    24.0398 0.0000e+00
 242.446453      3.783  37.736178    12.9873     6.0870      3.751    31.9478    24.0320 0.0000e+00
 242.446458      3.322  37.782895    13.0362     6.0810      3.294    31.9508    24.0247 0.0000e+00
 242.446464      2.923  37.816101    13.0679     6.0739      2.899    31.9555    24.0222 0.0000e+00
 242.446470      2.582  37.844224    13.0896     6.0589      2.560    31.9638    24.0243 0.0000e+00
 242.446476      2.295  37.865551    13.1046     6.0378      2.276    31.9713    24.0272 0.0000e+00
 242.446481      2.057  37.879948    13.1147     5.9567      2.040    31.9764    24.0291 0.0000e+00
 242.446487      1.856  37.887568    13.1237     5.8504      1.841    31.9760    24.0271 0.0000e+00
 242.446493      1.681  37.893528    13.1327 -9.990e-29      1.667    31.9741    24.0239 0.0000e+00
 242.446499      1.519  37.900175    13.1403 -9.990e-29      1.506    31.9740    24.0223 0.0000e+00
 242.446505      1.365  37.904045    13.1450 -9.990e-29      1.354    31.9738    24.0212 0.0000e+00
 242.446510      1.222  37.903578    13.1445 -9.990e-29      1.212    31.9738    24.0213 0.0000e+00
 242.446516      1.094  37.898154    13.1366 -9.990e-29      1.085    31.9754    24.0241 -9.990e-29
 242.446522      0.980  37.890628    13.1239 -9.990e-29      0.972    31.9791    24.0294 -9.990e-29
 242.446528      0.887  37.879930    13.1145 -9.990e-29      0.880    31.9770    24.0296 -9.990e-29
 242.446534      0.822  37.862442    13.1114 -9.990e-29      0.815    31.9632    24.0196 -9.990e-29
 242.446539      0.784  37.845100    13.1109 -9.990e-29      0.777    31.9473    24.0074 -9.990e-29
 242.446545      0.772  37.833912 -9.990e-29 -9.990e-29      0.766 -9.990e-29 -9.990e-29 -9.990e-29
