data/oxygen options/ONMS/Olympic_Coast_National_Marine_Sanctuary_CTD_Data_2005_2023/raw_data/2012/CAST_KL027_120920faed.cnv
* Sea-Bird SBE19 Data File:
* FileName = C:\Documents and Settings\OCNMS\Desktop\2012 mooring data\Hypoxia Sampling\120920\CAST_KL027_120920.hex
* Software Version 1.25
* Temperature SN = 2997
* Conductivity SN = 2997
* System UpLoad Time = Sep 20 2012 15:04:23
** CAST_KL027_120920
* SEACAT PROFILER V3.1c SN 2997   09/20/12  15:02:45.582
# nquan = 9                                 
# nvalues = 1179                        
# units = specified
# name 0 = timeJ: Julian Days
# name 1 = prSM: Pressure, Strain Gauge [db]
# name 2 = c0mS/cm: Conductivity [mS/cm]
# name 3 = t090C: Temperature [ITS-90, deg C]
# name 4 = sbeox0ML/L: Oxygen, SBE 43 [ml/l]
# name 5 = depSM: Depth [salt water, m], lat = 47.5
# name 6 = sal00: Salinity, Practical [PSU]
# name 7 = sigma-é00: Density [sigma-theta, kg/m^3]
# name 8 = flag: flag
# span 0 = 264.613704, 264.620521       
# span 1 =     -4.996,     28.517       
# span 2 =   0.247304,  38.678671       
# span 3 =     8.1854,    13.8180       
# span 4 =    -1.8602,    23.5667       
# span 5 =     -4.954,     28.277       
# span 6 =     0.1586,    33.4486       
# span 7 =    -0.3783,    26.0259       
# span 8 = 0.0000e+00, 0.0000e+00       
# interval = seconds: 0.5
# start_time = Sep 20 2012 14:43:44 [Instrument's time stamp, header]
# bad_flag = -9.990e-29
*END*
[from data line 961]
 264.619265      5.145  38.418486    13.3528     6.4483      5.102    32.2789    24.2161 0.0000e+00
 264.619271      5.484  38.416063    13.3495     6.4542      5.438    32.2793    24.2171 0.0000e+00
 264.619277      5.838  38.414431    13.3473     6.5001      5.789    32.2795    24.2177 0.0000e+00
 264.619282      6.210  38.413091    13.3456     6.4835      6.158    32.2795    24.2181 0.0000e+00
 264.619288      6.596  38.411744    13.3434     6.3270      6.541    32.2800    24.2189 0.0000e+00
 264.619294      6.996  38.410258    13.3402     5.9516      6.937    32.2811    24.2204 0.0000e+00
 264.619300      7.410  38.408094    13.3352     5.3971      7.348    32.2832    24.2230 0.0000e+00
 264.619306      7.842  38.403967    13.3247     4.8482      7.776    32.2881    24.2289 0.0000e+00
 264.619311      8.295  38.393226    13.2963     4.4108      8.226    32.3019    24.2452 0.0000e+00
 264.619317      8.757  38.362034    13.2141     4.1238      8.684    32.3423    24.2928 0.0000e+00
 264.619323      9.230  38.269843    13.0076     3.9201      9.153    32.4316    24.4026 0.0000e+00
 264.619329      9.721  38.060337    12.6309     3.7475      9.640    32.5569    24.5728 0.0000e+00
 264.619334     10.232  37.723604    12.1180     3.6031     10.146    32.6800    24.7658 0.0000e+00
 264.619340     10.766  37.303619    11.5297     3.4772     10.676    32.7898    24.9599 0.0000e+00
 264.619346     11.325  36.848696    10.9384     3.3805     11.230    32.8682    25.1269 0.0000e+00
 264.619352     11.908  36.413719    10.4313     3.2633     11.808    32.8902    25.2322 0.0000e+00
 264.619358     12.509  36.066096    10.0415     3.0760     12.404    32.8927    25.3001 0.0000e+00
 264.619363     13.127  35.832269     9.7407     2.7551     13.017    32.9290    25.3782 0.0000e+00
 264.619369     13.758  35.670846     9.4824     2.3426     13.643    33.0005    25.4761 0.0000e+00
 264.619375     14.392  35.518811     9.2286     1.9163     14.271    33.0779    25.5774 0.0000e+00
 264.619381     15.026  35.343040     8.9665     1.5793     14.900    33.1388    25.6664 0.0000e+00
 264.619387     15.661  35.161088     8.7152     1.3815     15.530    33.1833    25.7403 0.0000e+00
 264.619392     16.296  35.024267     8.5088     1.3017     16.159    33.2332    25.8109 0.0000e+00
 264.619398     16.927  34.958367     8.3687     1.2991     16.785    33.2957    25.8810 0.0000e+00
 264.619404     17.553  34.941491     8.2915     1.3277     17.406    33.3507    25.9357 0.0000e+00
 264.619410     18.174  34.944872     8.2546     1.3657     18.022    33.3890    25.9713 0.0000e+00
 264.619416     18.791  34.951649     8.2366     1.3934     18.633    33.4130    25.9929 0.0000e+00
 264.619421     19.397  34.954540     8.2275     1.4369     19.234    33.4245    26.0032 0.0000e+00
 264.619427     19.983  34.956206     8.2228     1.4690     19.815    33.4305    26.0086 0.0000e+00
 264.619433     20.548  34.957676     8.2207     1.4956     20.375    33.4338    26.0115 0.0000e+00
 264.619439     21.089  34.957480     8.2215     1.5128     20.912    33.4325    26.0104 0.0000e+00
 264.619444     21.602  34.956407     8.2231     1.5087     21.421    33.4296    26.0079 0.0000e+00
 264.619450     22.093  34.955198     8.2237     1.5157     21.907    33.4275    26.0062 0.0000e+00
 264.619456     22.573  34.953852     8.2245     1.5121     22.383    33.4251    26.0042 0.0000e+00
 264.619462     23.043  34.952185     8.2228     1.5140     22.849    33.4247    26.0042 0.0000e+00
 264.619468     23.501  34.950709     8.2177     1.5255     23.304    33.4278    26.0074 0.0000e+00
 264.619473     23.952  34.949627     8.2134     1.5126     23.751    33.4306    26.0101 0.0000e+00
 264.619479     24.399  34.948548     8.2113     1.4990     24.194    33.4312    26.0110 0.0000e+00
 264.619485     24.843  34.947083     8.2092     1.4987     24.634    33.4314    26.0115 0.0000e+00
 264.619491     25.285  34.944888     8.2055     1.4852     25.072    33.4324    26.0128 0.0000e+00
 264.619497     25.716  34.942330     8.2005     1.4807     25.500    33.4343    26.0150 0.0000e+00
 264.619502     26.136  34.939847     8.1960     1.4759     25.916    33.4357    26.0168 0.0000e+00
 264.619508     26.544  34.937420     8.1922     1.4570     26.321    33.4366    26.0181 0.0000e+00
 264.619514     26.937  34.935103     8.1885     1.4588     26.710    33.4374    26.0193 0.0000e+00
 264.619520     27.305  34.933099     8.1858     1.4578     27.075    33.4377    26.0199 0.0000e+00
 264.619525     27.643  34.932026     8.1854     1.4549     27.410    33.4368    26.0193 0.0000e+00
 264.619531     27.941  34.932064     8.1869     1.4522     27.706    33.4353    26.0178 0.0000e+00
 264.619537     28.184  34.932634     8.1895     1.4412     27.947    33.4333    26.0159 0.0000e+00
 264.619543     28.362  34.933306     8.1929     1.4380     28.123    33.4307    26.0133 -9.990e-29
 264.619549     28.473  34.929868     8.1964     1.4290     28.233    33.4236    26.0073 -9.990e-29
 264.619554     28.517  34.927751     8.1997     1.4257     28.277    33.4182    26.0026 -9.990e-29
 264.619560     28.491  34.939745     8.2021     1.4225     28.251    33.4287    26.0104 -9.990e-29
 264.619566     28.402  34.955456     8.2026     1.4092     28.163    33.4449    26.0231 -9.990e-29
 264.619572     28.262  34.959364     8.2032     1.4039     28.024    33.4486    26.0259 0.0000e+00
 264.619578     28.088  34.956052     8.2043     1.4043     27.852    33.4441    26.0222 0.0000e+00
 264.619583     27.902  34.953361     8.2028     1.4010     27.667    33.4428    26.0214 0.0000e+00
 264.619589     27.723  34.948760     8.1984     1.3895     27.490    33.4422    26.0215 0.0000e+00
 264.619595     27.566  34.941088     8.1939     1.3857     27.334    33.4384    26.0192 0.0000e+00
 264.619601     27.436  34.935734     8.1904     1.3842     27.205    33.4361    26.0179 -9.990e-29
 264.619606     27.336  34.933891     8.1879     1.3888     27.106    33.4365    26.0187 -9.990e-29
 264.619612     27.266  34.933598     8.1866     1.3935     27.037    33.4375    26.0196 -9.990e-29
 264.619618     27.226  34.933835     8.1866     1.3818     26.997    33.4378    26.0198 -9.990e-29
 264.619624     27.211  34.933733     8.1876     1.3759     26.982    33.4367    26.0189 -9.990e-29
 264.619630     27.210  34.933087     8.1897     1.3721     26.981    33.4340    26.0164 -9.990e-29
 264.619635     27.218  34.932650     8.1932     1.3705     26.989    33.4302    26.0129 -9.990e-29
 264.619641     27.233  34.933452     8.1967     1.3710     27.004    33.4277    26.0105 -9.990e-29
 264.619647     27.242  34.936498     8.1982     1.3594     27.013    33.4295    26.0117 -9.990e-29
 264.619653     27.238  34.940742     8.1980     1.3536     27.009    33.4342    26.0154 -9.990e-29
 264.619659     27.224  34.943935     8.1977     1.3501     26.995    33.4379    26.0183 -9.990e-29
 264.619664     27.204  34.946346     8.1980     1.3564     26.975    33.4402    26.0201 -9.990e-29
 264.619670     27.176  34.948325     8.1991     1.3509     26.947    33.4413    26.0207 -9.990e-29
 264.619676     27.139  34.949083     8.2000     1.3450     26.911    33.4412    26.0206 -9.990e-29
 264.619682     27.095  34.948444     8.1997     1.3472     26.867    33.4409    26.0203 -9.990e-29
 264.619688     27.049  34.947729     8.1990     1.3436     26.821    33.4408    26.0204 -9.990e-29
 264.619693     27.007  34.948720     8.1990     1.3361     26.780    33.4419    26.0212 -9.990e-29
 264.619699     26.975  34.948752     8.1985     1.3361     26.748    33.4424    26.0217 -9.990e-29
 264.619705     26.955  34.944440     8.1964     1.3381     26.728    33.4398    26.0200 -9.990e-29
 264.619711     26.950  34.938370     8.1941     1.3385     26.723    33.4356    26.0170 -9.990e-29
 264.619716     26.964  34.934143     8.1934     1.3370     26.737    33.4317    26.0141 -9.990e-29
 264.619722     26.990  34.932218     8.1940     1.3348     26.763    33.4291    26.0119 -9.990e-29
 264.619728     27.020  34.932761     8.1948     1.3289     26.793    33.4289    26.0117 -9.990e-29
 264.619734     27.057  34.934747     8.1944     1.3252     26.829    33.4314    26.0137 -9.990e-29
 264.619740     27.094  34.935716     8.1927     1.3273     26.866    33.4340    26.0160 -9.990e-29
 264.619745     27.120  34.935774     8.1916     1.3215     26.892    33.4351    26.0170 -9.990e-29
 264.619751     27.134  34.936051     8.1916     1.3257     26.906    33.4354    26.0172 -9.990e-29
 264.619757     27.136  34.936848     8.1925     1.3220     26.908    33.4354    26.0171 -9.990e-29
 264.619763     27.131  34.938040     8.1931     1.3221     26.903    33.4361    26.0176 -9.990e-29
 264.619769     27.126  34.939470     8.1931     1.3184     26.898    33.4376    26.0187 -9.990e-29
 264.619774     27.121  34.941301     8.1933     1.3104     26.893    33.4394    26.0201 -9.990e-29
 264.619780     27.112  34.941985     8.1938     1.3046     26.884    33.4396    26.0202 -9.990e-29
 264.619786     27.103  34.941247     8.1938     1.3046     26.875    33.4388    26.0196 -9.990e-29
 264.619792     27.097  34.941399     8.1933     1.3108     26.869    33.4395    26.0202 -9.990e-29
 264.619797     27.094  34.942015     8.1926     1.3092     26.866    33.4408    26.0213 -9.990e-29
 264.619803     27.093  34.941612     8.1922     1.3113     26.865    33.4408    26.0214 -9.990e-29
 264.619809     27.095  34.940705     8.1921     1.3034     26.867    33.4399    26.0207 -9.990e-29
 264.619815     27.100  34.939138     8.1919     1.2954     26.872    33.4384    26.0196 -9.990e-29
 264.619821     27.107  34.936434     8.1915     1.2976     26.879    33.4359    26.0177 -9.990e-29
 264.619826     27.118  34.933403     8.1915     1.2998     26.890    33.4327    26.0151 -9.990e-29
 264.619832     27.133  34.930977     8.1917     1.2981     26.905    33.4299    26.0129 -9.990e-29
 264.619838     27.149  34.929774     8.1922     1.3003     26.921    33.4281    26.0115 -9.990e-29
 264.619844     27.158  34.930366     8.1930     1.2921     26.930    33.4280    26.0112 -9.990e-29
 264.619850     27.156  34.932355     8.1932     1.3000     26.928    33.4299    26.0127 -9.990e-29
 264.619855     27.144  34.933844     8.1925     1.2985     26.916    33.4322    26.0146 -9.990e-29
 264.619861     27.125  34.933952     8.1917     1.2985     26.897    33.4331    26.0154 -9.990e-29
 264.619867     27.107  34.933315     8.1912     1.2926     26.879    33.4329    26.0153 -9.990e-29
 264.619873     27.096  34.932139     8.1904     1.2885     26.868    33.4324    26.0151 -9.990e-29
 264.619878     27.096  34.931032     8.1893     1.2846     26.868    33.4323    26.0151 -9.990e-29
 264.619884     27.103  34.930689     8.1889     1.2926     26.875    33.4323    26.0152 -9.990e-29
 264.619890     27.114  34.931147     8.1895     1.2830     26.886    33.4322    26.0150 -9.990e-29
 264.619896     27.124  34.932390     8.1911     1.2809     26.896    33.4320    26.0146 -9.990e-29
 264.619902     27.130  34.934328     8.1926     1.2830     26.902    33.4326    26.0149 -9.990e-29
 264.619907     27.137  34.935557     8.1931     1.2829     26.909    33.4334    26.0155 -9.990e-29
 264.619913     27.149  34.934289     8.1932     1.2834     26.921    33.4320    26.0143 -9.990e-29
 264.619919     27.163  34.932128     8.1930     1.2812     26.935    33.4299    26.0127 -9.990e-29
 264.619925     27.172  34.932286     8.1931     1.2812     26.943    33.4299    26.0127 -9.990e-29
 264.619931     27.170  34.934348     8.1939     1.2833     26.941    33.4314    26.0137 -9.990e-29
 264.619936     27.159  34.935954     8.1946     1.2796     26.931    33.4324    26.0145 -9.990e-29
 264.619942     27.138  34.936940     8.1947     1.2775     26.910    33.4334    26.0152 -9.990e-29
 264.619948     27.105  34.937432     8.1947     1.2855     26.877    33.4339    26.0156 -9.990e-29
 264.619954     27.058  34.936901     8.1951     1.2816     26.830    33.4330    26.0148 -9.990e-29
 264.619959     26.999  34.936251     8.1959     1.2838     26.772    33.4316    26.0136 -9.990e-29
 264.619965     26.932  34.936790     8.1971     1.2736     26.705    33.4310    26.0130 -9.990e-29
 264.619971     26.857  34.938050     8.1982     1.2694     26.631    33.4314    26.0131 -9.990e-29
 264.619977     26.770  34.938845     8.1988     1.2815     26.545    33.4317    26.0132 -9.990e-29
 264.619983     26.664  34.939058     8.1986     1.2856     26.440    33.4321    26.0136 -9.990e-29
 264.619988     26.539  34.938942     8.1976     1.2817     26.316    33.4330    26.0145 0.0000e+00
 264.619994     26.393  34.938319     8.1966     1.2695     26.171    33.4334    26.0149 0.0000e+00
 264.620000     26.227  34.937463     8.1962     1.2710     26.006    33.4329    26.0146 0.0000e+00
 264.620006     26.039  34.936908     8.1960     1.2752     25.820    33.4326    26.0144 0.0000e+00
 264.620012     25.829  34.936473     8.1962     1.2815     25.612    33.4321    26.0139 0.0000e+00
 264.620017     25.601  34.936140     8.1970     1.2914     25.386    33.4311    26.0130 0.0000e+00
 264.620023     25.353  34.936027     8.1977     1.2893     25.140    33.4304    26.0124 0.0000e+00
 264.620029     25.079  34.935982     8.1981     1.2893     24.868    33.4301    26.0121 0.0000e+00
 264.620035     24.773  34.935947     8.1988     1.2951     24.565    33.4295    26.0115 0.0000e+00
 264.620041     24.443  34.935876     8.1999     1.3009     24.238    33.4286    26.0106 0.0000e+00
 264.620046     24.096  34.935676     8.2008     1.3109     23.894    33.4277    26.0098 0.0000e+00
 264.620052     23.737  34.935643     8.2011     1.3110     23.538    33.4275    26.0096 0.0000e+00
 264.620058     23.373  34.935175     8.2007     1.3207     23.177    33.4276    26.0097 0.0000e+00
 264.620064     23.015  34.933650     8.2000     1.3423     22.822    33.4268    26.0092 0.0000e+00
 264.620069     22.669  34.932398     8.1997     1.3754     22.479    33.4259    26.0085 0.0000e+00
 264.620075     22.336  34.931992     8.1997     1.4249     22.148    33.4256    26.0083 0.0000e+00
 264.620081     22.011  34.931891     8.1999     1.4820     21.826    33.4255    26.0081 0.0000e+00
 264.620087     21.691  34.931402     8.2004     1.5905     21.509    33.4246    26.0074 0.0000e+00
 264.620093     21.373  34.929876     8.2011     1.8225     21.194    33.4225    26.0056 0.0000e+00
 264.620098     21.053  34.926957     8.2018     2.1860     20.876    33.4189    26.0027 0.0000e+00
 264.620104     20.729  34.922116     8.2029     2.5901     20.555    33.4128    25.9978 0.0000e+00
 264.620110     20.397  34.915622     8.2087     2.9631     20.226    33.4006    25.9873 0.0000e+00
 264.620116     20.052  34.908898     8.2263     3.2581     19.884    33.3768    25.9660 0.0000e+00
 264.620122     19.690  34.903062     8.2654     3.4716     19.525    33.3337    25.9263 0.0000e+00
 264.620127     19.310  34.903776     8.3405     3.6166     19.148    33.2634    25.8600 0.0000e+00
 264.620133     18.917  34.926556     8.4780     3.7677     18.758    33.1580    25.7566 0.0000e+00
 264.620139     18.521  34.988901     8.6843     3.8931     18.366    33.0304    25.6252 0.0000e+00
 264.620145     18.126  35.094415     8.9063     4.0430     17.974    32.9342    25.5157 0.0000e+00
 264.620150     17.733  35.204010     9.0927     4.2236     17.584    32.8759    25.4409 0.0000e+00
 264.620156     17.346  35.288538     9.2584     4.4343     17.201    32.8109    25.3639 0.0000e+00
 264.620162     16.972  35.392412     9.4169     4.6642     16.830    32.7728    25.3088 0.0000e+00
 264.620168     16.608  35.530368     9.5617     4.8544     16.469    32.7822    25.2928 0.0000e+00
 264.620174     16.251  35.662878     9.7658     5.0211     16.115    32.7318    25.2202 0.0000e+00
 264.620179     15.906  35.821007    10.0817     5.1770     15.773    32.6066    25.0702 0.0000e+00
