data/oxygen options/ONMS/Olympic_Coast_National_Marine_Sanctuary_CTD_Data_2005_2023/raw_data/2012/CAST_MB042_120718faed.cnv
* Sea-Bird SBE19 Data File:
* FileName = C:\Documents and Settings\OCNMS\Desktop\2012 mooring data\1st service\CAST_MB042_071812.hex
* Software Version 1.25
* Temperature SN = 2997
* Conductivity SN = 2997
* System UpLoad Time = Jul 18 2012 19:48:35
** CAST_MB042_071812
* SEACAT PROFILER V3.1c SN 2997   07/18/12  19:47:58.360
# nquan = 9                                 
# nvalues = 1160                        
# units = specified
# name 0 = timeJ: Julian Days
# name 1 = prSM: Pressure, Strain Gauge [db]
# name 2 = c0mS/cm: Conductivity [mS/cm]
# name 3 = t090C: Temperature [ITS-90, deg C]
# name 4 = sbeox0ML/L: Oxygen, SBE 43 [ml/l]
# name 5 = depSM: Depth [salt water, m], lat = 47.5
# name 6 = sal00: Salinity, Practical [PSU]
# name 7 = sigma-é00: Density [sigma-theta, kg/m^3]
# name 8 = flag: flag
# span 0 = 200.568669, 200.575376       
# span 1 =     -5.252,     43.902       
# span 2 =   0.095318,  37.558302       
# span 3 =     7.5016,    14.5651       
# span 4 =    -1.8223,    19.7840       
# span 5 =     -5.208,     43.531       
# span 6 =     0.0588,    33.3764       
# span 7 =    -0.7287,    26.0709       
# span 8 = 0.0000e+00, 0.0000e+00       
# interval = seconds: 0.5
# start_time = Jul 18 2012 13:38:53 [Instrument's time stamp, header]
# bad_flag = -9.990e-29
*END*
 200.568669     -5.252 -9.990e-29    14.0805    -1.7648     -5.208 -9.990e-29 -9.990e-29 -9.990e-29
 200.568675     -5.247   0.095829    14.0821    -1.7650     -5.203     0.0591    -0.7195 -9.990e-29
 200.568681     -5.240   0.096259    14.0860    -1.7650     -5.196     0.0594    -0.7199 -9.990e-29
 200.568686     -5.231   0.096259    14.0919    -1.7649     -5.187     0.0594    -0.7207 -9.990e-29
 200.568692     -5.219   0.095829    14.0984    -1.7649     -5.176     0.0591    -0.7218 -9.990e-29
 200.568698     -5.205   0.095501    14.1041    -1.7650     -5.162     0.0589    -0.7228 -9.990e-29
 200.568704     -5.186   0.095391    14.1084    -1.7653     -5.143     0.0588    -0.7234 -9.990e-29
 200.568709     -5.161   0.095355    14.1123    -1.7657     -5.118     0.0588    -0.7240 -9.990e-29
 200.568715     -5.134   0.095343    14.1170    -1.7661     -5.091     0.0588    -0.7247 -9.990e-29
 200.568721     -5.107   0.095342    14.1204    -1.7664     -5.064     0.0588    -0.7251 -9.990e-29
 200.568727     -5.078   0.095350    14.1212    -1.7662     -5.036     0.0588    -0.7253 -9.990e-29
 200.568733     -5.050   0.095378    14.1213    -1.7658     -5.008     0.0588    -0.7253 -9.990e-29
 200.568738     -5.025   0.095463    14.1218    -1.7658     -4.983     0.0589    -0.7253 -9.990e-29
 200.568744     -5.001   0.095721    14.1209    -1.7661     -4.959     0.0590    -0.7250 -9.990e-29
 200.568750     -4.977   0.095941    14.1171    -1.7662     -4.936     0.0591    -0.7244 -9.990e-29
 200.568756     -4.952   0.095866    14.1108    -1.7664     -4.911     0.0591    -0.7236 -9.990e-29
 200.568762     -4.924   0.095948    14.1033    -1.7664     -4.883     0.0592    -0.7225 -9.990e-29
 200.568767     -4.890   0.096296    14.0965    -1.7664     -4.849     0.0594    -0.7213 -9.990e-29
 200.568773     -4.854   0.096268    14.0929    -1.7662     -4.814     0.0594    -0.7208 -9.990e-29
 200.568779     -4.822   0.095829    14.0941    -1.7663     -4.782     0.0591    -0.7212 -9.990e-29
 200.568785     -4.795   0.095499    14.0970    -1.7660     -4.755     0.0589    -0.7218 -9.990e-29
 200.568791     -4.772   0.095393    14.0972    -1.7658     -4.732     0.0588    -0.7218 -9.990e-29
 200.568796     -4.751   0.095368    14.0948    -1.7657     -4.711     0.0588    -0.7215 -9.990e-29
 200.568802     -4.732   0.095392    14.0916    -1.7655     -4.693     0.0589    -0.7211 -9.990e-29
 200.568808     -4.713   0.095497    14.0888    -1.7654     -4.674     0.0589    -0.7206 -9.990e-29
 200.568814     -4.693   0.095823    14.0874    -1.7653     -4.654     0.0591    -0.7203 -9.990e-29
 200.568819     -4.670   0.096252    14.0881    -1.7653     -4.631     0.0594    -0.7202 -9.990e-29
 200.568825     -4.643   0.096252    14.0903    -1.7656     -4.604     0.0594    -0.7205 -9.990e-29
 200.568831     -4.610   0.095821    14.0932    -1.7657     -4.572     0.0591    -0.7211 -9.990e-29
 200.568837     -4.574   0.095493    14.0974    -1.7657     -4.536     0.0589    -0.7218 -9.990e-29
 200.568843     -4.540   0.095383    14.1022    -1.7658     -4.502     0.0588    -0.7226 -9.990e-29
 200.568848     -4.512   0.095346    14.1065    -1.7656     -4.474     0.0588    -0.7232 -9.990e-29
 200.568854     -4.487   0.095333    14.1102    -1.7654     -4.450     0.0588    -0.7237 -9.990e-29
 200.568860     -4.463   0.095329    14.1129    -1.7654     -4.426     0.0588    -0.7241 -9.990e-29
 200.568866     -4.439   0.095327    14.1142    -1.7653     -4.402     0.0588    -0.7243 -9.990e-29
 200.568872     -4.413   0.095326    14.1136    -1.7651     -4.376     0.0588    -0.7242 -9.990e-29
 200.568877     -4.385   0.095326    14.1112    -1.7651     -4.348     0.0588    -0.7238 -9.990e-29
 200.568883     -4.356   0.095326    14.1087    -1.7649     -4.320     0.0588    -0.7235 -9.990e-29
 200.568889     -4.328   0.095325    14.1075    -1.7649     -4.292     0.0588    -0.7233 -9.990e-29
 200.568895     -4.301   0.095325    14.1078    -1.7652     -4.265     0.0588    -0.7234 -9.990e-29
 200.568900     -4.276   0.095325    14.1099    -1.7653     -4.240     0.0588    -0.7237 -9.990e-29
 200.568906     -4.256   0.095324    14.1126    -1.7652     -4.221     0.0588    -0.7240 -9.990e-29
 200.568912     -4.236   0.095324    14.1150    -1.7650     -4.201     0.0588    -0.7244 -9.990e-29
 200.568918     -4.211   0.095324    14.1178    -1.7646     -4.176     0.0588    -0.7248 -9.990e-29
 200.568924     -4.182   0.095323    14.1207    -1.7645     -4.147     0.0588    -0.7252 -9.990e-29
 200.568929     -4.152   0.095323    14.1232    -1.7644     -4.117     0.0588    -0.7255 -9.990e-29
 200.568935     -4.120   0.095323    14.1252    -1.7644     -4.086     0.0588    -0.7258 -9.990e-29
 200.568941     -4.083   0.095322    14.1255    -1.7647     -4.049     0.0588    -0.7259 -9.990e-29
 200.568947     -4.043   0.095322    14.1236    -1.7647     -4.009     0.0588    -0.7256 -9.990e-29
 200.568953     -4.007   0.095321    14.1223    -1.7649     -3.974     0.0588    -0.7254 -9.990e-29
 200.568958     -3.975   0.095321    14.1242    -1.7651     -3.942     0.0588    -0.7257 -9.990e-29
 200.568964     -3.948   0.095321    14.1288    -1.7649     -3.915     0.0588    -0.7263 -9.990e-29
 200.568970     -3.921   0.095320    14.1341    -1.7648     -3.888     0.0588    -0.7271 -9.990e-29
 200.568976     -3.895   0.095320    14.1384    -1.7647     -3.863     0.0588    -0.7277 -9.990e-29
 200.568981     -3.866   0.095320    14.1407    -1.7649     -3.834     0.0588    -0.7280 -9.990e-29
 200.568987     -3.839   0.095319    14.1398    -1.7651     -3.807     0.0588    -0.7279 -9.990e-29
 200.568993     -3.814   0.095319    14.1368    -1.7651     -3.782     0.0588    -0.7275 -9.990e-29
 200.568999     -3.791   0.095319    14.1339    -1.7649     -3.759     0.0588    -0.7271 -9.990e-29
 200.569005     -3.768   0.095318    14.1314    -1.7647     -3.737     0.0588    -0.7267 -9.990e-29
 200.569010     -3.743   0.095318    14.1300    -1.7642     -3.712     0.0588    -0.7265 -9.990e-29
 200.569016     -3.720   0.095318    14.1306    -1.7641     -3.689     0.0588    -0.7266 -9.990e-29
 200.569022     -3.701   0.095318    14.1322    -1.7639     -3.670     0.0588    -0.7268 -9.990e-29
 200.569028     -3.685   0.095318    14.1325    -1.7636     -3.654     0.0588    -0.7269 -9.990e-29
 200.569034     -3.671   0.095320    14.1309    -1.7635     -3.640     0.0588    -0.7266 -9.990e-29
 200.569039     -3.658   0.095327    14.1291    -1.7634     -3.628     0.0588    -0.7264 -9.990e-29
 200.569045     -3.645   0.095347    14.1294    -1.7633     -3.615     0.0588    -0.7264 -9.990e-29
 200.569051     -3.631   0.095408    14.1326    -1.7633     -3.601     0.0588    -0.7268 -9.990e-29
 200.569057     -3.616   0.095592    14.1383    -1.7633     -3.586     0.0589    -0.7275 -9.990e-29
 200.569063     -3.599   0.096145    14.1451    -1.7635     -3.569     0.0592    -0.7283 -9.990e-29
 200.569068     -3.578   0.097251    14.1510    -1.7635     -3.548     0.0599    -0.7286 -9.990e-29
 200.569074     -3.556   0.098726    14.1563    -1.7635     -3.526     0.0607    -0.7287 -9.990e-29
 200.569080     -3.536   0.100324    14.1612    -1.7634     -3.507     0.0617    -0.7286 -9.990e-29
 200.569086     -3.514   0.101962    14.1650    -1.7634     -3.485     0.0626    -0.7284 -9.990e-29
 200.569091     -3.486   0.103611    14.1676    -1.7635     -3.457     0.0636    -0.7280 -9.990e-29
 200.569097     -3.461   0.105256    14.1692    -1.7638     -3.432     0.0646    -0.7275 -9.990e-29
 200.569103     -3.441   0.106878    14.1697    -1.7636     -3.412     0.0655    -0.7268 -9.990e-29
 200.569109     -3.424   0.108424    14.1688    -1.7584     -3.395     0.0664    -0.7260 -9.990e-29
 200.569115     -3.409   0.109744    14.1669    -1.7552     -3.381     0.0672    -0.7251 -9.990e-29
 200.569120     -3.396   0.110937    14.1655    -1.7545     -3.368     0.0679    -0.7244 -9.990e-29
 200.569126     -3.384   0.112488    14.1650    -1.7543     -3.356     0.0688    -0.7236 -9.990e-29
 200.569132     -3.372   0.114804    14.1647    -1.7552     -3.344     0.0702    -0.7225 -9.990e-29
 200.569138     -3.359   0.118763    14.1632    -1.7555     -3.331     0.0725    -0.7205 -9.990e-29
 200.569144     -3.344   0.126322    14.1598    -1.7542     -3.316     0.0770    -0.7165 -9.990e-29
 200.569149     -3.327   0.140917    14.1561    -1.7542     -3.299     0.0857    -0.7092 -9.990e-29
 200.569155     -3.306   0.172601    14.1549    -1.7546     -3.278     0.1048    -0.6942 -9.990e-29
 200.569161     -3.284   0.253658    14.1562    -1.7544     -3.257     0.1542    -0.6560 -9.990e-29
 200.569167     -3.264   0.466154    14.1574    -1.7533     -3.237     0.2871    -0.5529 -9.990e-29
 200.569172     -3.241   0.818291    14.1575    -1.7522     -3.214     0.5140    -0.3769 -9.990e-29
 200.569178     -3.213   1.147868    14.1572    -1.7515     -3.186     0.7316    -0.2082 -9.990e-29
 200.569184     -3.187   1.334485    14.1563    -1.7514     -3.160     0.8565    -0.1114 -9.990e-29
 200.569190     -3.165   1.395443    14.1544    -1.7517     -3.139     0.8975    -0.0793 -9.990e-29
 200.569196     -3.147   1.393742    14.1527    -1.7521     -3.121     0.8964    -0.0799 -9.990e-29
 200.569201     -3.130   1.409652    14.1534    -1.7523     -3.104     0.9072    -0.0717 -9.990e-29
 200.569207     -3.110   1.458292    14.1575    -1.7447     -3.084     0.9399    -0.0470 -9.990e-29
 200.569213     -3.081   1.483202    14.1653    -1.7426     -3.055     0.9565    -0.0352 -9.990e-29
 200.569219     -3.046   1.479375    14.1767    -1.7452     -3.021     0.9537    -0.0391 -9.990e-29
 200.569225     -3.011   1.489905    14.1889    -1.7474     -2.986     0.9605    -0.0355 -9.990e-29
 200.569230     -2.981   1.528278    14.1992    -1.7488     -2.956     0.9862    -0.0171 -9.990e-29
 200.569236     -2.960   1.573090    14.2077    -1.7500     -2.935     1.0164     0.0050 -9.990e-29
 200.569242     -2.943   1.596558    14.2143    -1.7510     -2.918     1.0321     0.0162 -9.990e-29
 200.569248     -2.922   1.587868    14.2194    -1.7513     -2.898     1.0261     0.0108 -9.990e-29
 200.569253     -2.903   1.567570    14.2240    -1.7515     -2.879     1.0122    -0.0006 -9.990e-29
 200.569259     -2.887   1.591701    14.2278    -1.7519     -2.863     1.0285     0.0115 -9.990e-29
 200.569265     -2.873   1.783289    14.2311    -1.7522     -2.849     1.1588     0.1118 -9.990e-29
 200.569271     -2.861   2.124581    14.2342    -1.7522     -2.837     1.3933     0.2926 -9.990e-29
 200.569277     -2.851   2.322514    14.2362    -1.7521     -2.827     1.5304     0.3983 -9.990e-29
 200.569282     -2.840   2.244213    14.2368    -1.7520     -2.816     1.4760     0.3562 -9.990e-29
 200.569288     -2.829   2.046349    14.2371    -1.7520     -2.805     1.3392     0.2504 -9.990e-29
 200.569294     -2.817   1.855297    14.2384    -1.7520     -2.794     1.2079     0.1487 -9.990e-29
 200.569300     -2.804   1.696170    14.2416    -1.7520     -2.781     1.0991     0.0641 -9.990e-29
 200.569306     -2.787   1.571229    14.2462    -1.7523     -2.764     1.0141    -0.0023 -9.990e-29
 200.569311     -2.767   1.479540    14.2503    -1.7522     -2.744     0.9520    -0.0509 -9.990e-29
 200.569317     -2.747   1.407989    14.2530    -1.7521     -2.724     0.9037    -0.0887 -9.990e-29
 200.569323     -2.728   1.347039    14.2560    -1.7520     -2.705     0.8627    -0.1208 -9.990e-29
 200.569329     -2.706   1.301284    14.2608    -1.7523     -2.683     0.8320    -0.1453 -9.990e-29
 200.569334     -2.680   1.273417    14.2677    -1.7527     -2.658     0.8132    -0.1609 -9.990e-29
 200.569340     -2.656   1.252870    14.2760    -1.7530     -2.634     0.7993    -0.1728 -9.990e-29
 200.569346     -2.637   1.223881    14.2839    -1.7534     -2.615     0.7798    -0.1891 -9.990e-29
 200.569352     -2.621   1.182694    14.2896    -1.7537     -2.599     0.7523    -0.2112 -9.990e-29
 200.569358     -2.609   1.139194    14.2932    -1.7540     -2.587     0.7233    -0.2341 -9.990e-29
 200.569363     -2.598   1.102400    14.2968    -1.7544     -2.576     0.6988    -0.2536 -9.990e-29
 200.569369     -2.589   1.074206    14.3008    -1.7544     -2.567     0.6801    -0.2687 -9.990e-29
 200.569375     -2.581   1.052464    14.3033    -1.7544     -2.559     0.6657    -0.2802 -9.990e-29
 200.569381     -2.573   1.033662    14.3025    -1.7543     -2.552     0.6533    -0.2897 -9.990e-29
 200.569387     -2.564   1.014328    14.2993    -1.7540     -2.543     0.6406    -0.2990 -9.990e-29
 200.569392     -2.555   0.992332    14.2956    -1.7538     -2.534     0.6262    -0.3097 -9.990e-29
 200.569398     -2.544   0.967736    14.2917    -1.7536     -2.523     0.6101    -0.3216 -9.990e-29
 200.569404     -2.532   0.940234    14.2867    -1.7535     -2.511     0.5921    -0.3348 -9.990e-29
 200.569410     -2.516   0.912990    14.2798    -1.7531     -2.495     0.5743    -0.3476 -9.990e-29
 200.569416     -2.497   0.895435    14.2732    -1.7530     -2.476     0.5629    -0.3555 -9.990e-29
 200.569421     -2.477   0.891295    14.2706    -1.7531     -2.456     0.5603    -0.3572 -9.990e-29
 200.569427     -2.459   0.894497    14.2731    -1.7527     -2.438     0.5623    -0.3559 -9.990e-29
 200.569433     -2.438   0.894913    14.2794    -1.7522     -2.418     0.5625    -0.3567 -9.990e-29
 200.569439     -2.412   0.885345    14.2870    -1.7521     -2.392     0.5561    -0.3627 -9.990e-29
 200.569444     -2.388   0.869649    14.2944    -1.7521     -2.368     0.5458    -0.3718 -9.990e-29
 200.569450     -2.370   0.855691    14.3013    -1.7528     -2.350     0.5366    -0.3799 -9.990e-29
 200.569456     -2.355   0.844793    14.3081    -1.7530     -2.335     0.5294    -0.3865 -9.990e-29
 200.569462     -2.344   0.835161    14.3146    -1.7528     -2.324     0.5230    -0.3924 -9.990e-29
 200.569468     -2.335   0.826133    14.3202    -1.7528     -2.316     0.5170    -0.3978 -9.990e-29
 200.569473     -2.327   0.817299    14.3258    -1.7529     -2.308     0.5112    -0.4031 -9.990e-29
 200.569479     -2.321   0.808510    14.3340    -1.7530     -2.302     0.5054    -0.4088 -9.990e-29
 200.569485     -2.315   0.799675    14.3432    -1.7525     -2.296     0.4996    -0.4147 -9.990e-29
 200.569491     -2.310   0.789534    14.3488    -1.7525     -2.291     0.4929    -0.4206 -9.990e-29
 200.569497     -2.306   0.776747    14.3487    -1.7525     -2.287     0.4846    -0.4270 -9.990e-29
 200.569502     -2.296   0.762537    14.3451    -1.7525     -2.277     0.4754    -0.4336 -9.990e-29
 200.569508     -2.278   0.749551    14.3428    -1.7528     -2.259     0.4671    -0.4398 -9.990e-29
 200.569514     -2.253   0.738191    14.3432    -1.7531     -2.234     0.4597    -0.4455 -9.990e-29
 200.569520     -2.225   0.728260    14.3431    -1.7530     -2.206     0.4533    -0.4505 -9.990e-29
 200.569525     -2.196   0.722020    14.3422    -1.7533     -2.178     0.4493    -0.4535 -9.990e-29
 200.569531     -2.168   0.721669    14.3435    -1.7530     -2.150     0.4490    -0.4539 -9.990e-29
 200.569537     -2.140   0.725632    14.3477    -1.7528     -2.122     0.4515    -0.4525 -9.990e-29
 200.569543     -2.114   0.728673    14.3518    -1.7525     -2.096     0.4535    -0.4516 -9.990e-29
 200.569549     -2.093   0.725434    14.3537    -1.7521     -2.076     0.4513    -0.4535 -9.990e-29
 200.569554     -2.076   0.716027    14.3525    -1.7518     -2.059     0.4453    -0.4581 -9.990e-29
 200.569560     -2.061   0.707287    14.3482    -1.7516     -2.044     0.4397    -0.4618 -9.990e-29
 200.569566     -2.047   0.704724    14.3442    -1.7515     -2.030     0.4381    -0.4624 -9.990e-29
 200.569572     -2.034   0.706028    14.3430    -1.7513     -2.017     0.4389    -0.4616 -9.990e-29
 200.569578     -2.021   0.705186    14.3449    -1.7514     -2.004     0.4384    -0.4623 -9.990e-29
 200.569583     -2.011   0.698860    14.3500    -1.7514     -1.994     0.4342    -0.4663 -9.990e-29
 200.569589     -2.008   0.687475    14.3575    -1.7511     -1.991     0.4268    -0.4731 -9.990e-29
