data/oxygen options/ONMS/Olympic_Coast_National_Marine_Sanctuary_CTD_Data_2005_2023/raw_data/2012/CAST_CE015_120913faed.cnv
* Sea-Bird SBE19 Data File:
* FileName = C:\Documents and Settings\OCNMS\Desktop\2012 mooring data\Hypoxia Sampling\CAST_CE015_120913.hex
* Software Version 1.25
* Temperature SN = 2997
* Conductivity SN = 2997
* System UpLoad Time = Sep 13 2012 14:24:49
** CAST_CE015_120913
* SEACAT PROFILER V3.1c SN 2997   09/13/12  14:23:46.338
# nquan = 9                                 
# nvalues = 848                         
# units = specified
# name 0 = timeJ: Julian Days
# name 1 = prSM: Pressure, Strain Gauge [db]
# name 2 = c0mS/cm: Conductivity [mS/cm]
# name 3 = t090C: Temperature [ITS-90, deg C]
# name 4 = sbeox0ML/L: Oxygen, SBE 43 [ml/l]
# name 5 = depSM: Depth [salt water, m], lat = 47.5
# name 6 = sal00: Salinity, Practical [PSU]
# name 7 = sigma-é00: Density [sigma-theta, kg/m^3]
# name 8 = flag: flag
# span 0 = 257.575683, 257.580584       
# span 1 =     -5.415,     15.600       
# span 2 =   0.255981,  39.900242       
# span 3 =     8.4295,    15.9448       
# span 4 =    -1.7174,    13.3554       
# span 5 =     -5.370,     15.469       
# span 6 =     0.1514,    33.3403       
# span 7 =    -0.9256,    25.9035       
# span 8 = 0.0000e+00, 0.0000e+00       
# interval = seconds: 0.5
# start_time = Sep 13 2012 13:48:59 [Instrument's time stamp, header]
# bad_flag = -9.990e-29
*END*
[from data line 801]
 257.580318     13.277  35.411560     8.9910     2.3598     13.166    33.1881    25.7011 0.0000e+00
 257.580324     13.118  35.432563     9.0402     2.4683     13.008    33.1641    25.6746 0.0000e+00
 257.580330     12.941  35.472592     9.1355     2.5503     12.833    33.1171    25.6228 0.0000e+00
 257.580336     12.745  35.540865     9.2743     2.5932     12.638    33.0591    25.5554 0.0000e+00
 257.580341     12.530  35.643387     9.4371     2.6079     12.425    33.0145    25.4944 0.0000e+00
 257.580347     12.304  35.776394     9.5938     2.6404     12.201    33.0070    25.4631 0.0000e+00
 257.580353     12.073  35.895015     9.7048     2.7213     11.972    33.0265    25.4603 0.0000e+00
 257.580359     11.836  35.960400     9.7753     2.8385     11.737    33.0287    25.4504 0.0000e+00
 257.580365     11.590  35.999361     9.8442     3.0197     11.493    33.0054    25.4208 0.0000e+00
 257.580370     11.338  36.035949     9.9313     3.2683     11.243    32.9631    25.3734 0.0000e+00
 257.580376     11.075  36.075917    10.0333     3.5713     10.982    32.9108    25.3155 0.0000e+00
 257.580382     10.798  36.140729    10.1564     3.8882     10.708    32.8646    25.2589 0.0000e+00
 257.580388     10.512  36.240737    10.3512     4.1703     10.424    32.7893    25.1672 0.0000e+00
 257.580394     10.218  36.385618    10.6553     4.4368     10.132    32.6613    25.0153 0.0000e+00
 257.580399      9.916  36.591667    11.0194     4.6986      9.833    32.5420    24.8587 0.0000e+00
 257.580405      9.603  36.833531    11.3922     4.9458      9.523    32.4513    24.7217 0.0000e+00
 257.580411      9.281  37.093304    11.7809     5.1815      9.203    32.3648    24.5838 0.0000e+00
 257.580417      8.955  37.367426    12.1498     5.3546      8.880    32.3098    24.4726 0.0000e+00
 257.580422      8.630  37.587991    12.4347     5.4743      8.558    32.2758    24.3925 0.0000e+00
 257.580428      8.307  37.755718    12.6617     5.5433      8.238    32.2411    24.3222 0.0000e+00
 257.580434      7.982  37.924665    12.9034     5.5821      7.915    32.1951    24.2398 0.0000e+00
 257.580440      7.657  38.073743    13.1610     5.6096      7.593    32.1171    24.1291 0.0000e+00
 257.580446      7.331  38.192326    13.3816     5.6335      7.270    32.0423    24.0275 0.0000e+00
 257.580451      7.006  38.282354    13.5252     5.6604      6.947    32.0058    23.9707 0.0000e+00
 257.580457      6.687  38.350280    13.5916     5.7124      6.631    32.0135    23.9633 0.0000e+00
 257.580463      6.370  38.413416    13.6189     5.7468      6.317    32.0494    23.9855 0.0000e+00
 257.580469      6.048  38.476506    13.6420     5.8065      5.997    32.0888    24.0113 0.0000e+00
 257.580475      5.723  38.535808    13.6767     5.8579      5.675    32.1149    24.0244 0.0000e+00
 257.580480      5.398  38.594292    13.7411     6.8893      5.353    32.1152    24.0117 0.0000e+00
 257.580486      5.080  38.665603    13.8512     6.9542      5.038    32.0892    23.9692 0.0000e+00
 257.580492      4.769  38.746876    14.0065     6.6178      4.729    32.0347    23.8954 0.0000e+00
 257.580498      4.463  38.844048    14.1908     6.4706      4.426    31.9711    23.8084 0.0000e+00
 257.580503      4.163  38.957928    14.3620     5.7523      4.128    31.9338    23.7441 0.0000e+00
 257.580509      3.872  39.075196    14.4994     6.0967      3.840    31.9276    23.7106 0.0000e+00
 257.580515      3.589  39.160719    14.6152     6.3267      3.559    31.9102    23.6728 0.0000e+00
 257.580521      3.316  39.039534    14.6866     6.4454      3.288    31.7419    23.5281 0.0000e+00
 257.580527      3.059  38.323808    14.7024     6.3444      3.033    31.0822    23.0166 0.0000e+00
 257.580532      2.817  36.062162    14.6882 -9.990e-29      2.793    29.0611    21.4634 0.0000e+00
 257.580538      2.593  29.324346    14.6593 -9.990e-29      2.571    23.1381    16.9161 0.0000e+00
 257.580544      2.389  19.385336    14.6269 -9.990e-29      2.369    14.7157    10.4614 0.0000e+00
 257.580550      2.206  14.170123    14.5964 -9.990e-29      2.188    10.4767     7.2173 0.0000e+00
 257.580556      2.044  15.694375    14.5666 -9.990e-29      2.027    11.7133     8.1703 0.0000e+00
 257.580561      1.911  20.532398    14.5379 -9.990e-29      1.895    15.7038    11.2347 -9.990e-29
 257.580567      1.802  24.085020    14.5114 -9.990e-29      1.787    18.7103    13.5455 -9.990e-29
 257.580573      1.710  21.290251    14.4895 -9.990e-29      1.696    16.3580    11.7451 -9.990e-29
 257.580579      1.646  14.433607    14.4802 -9.990e-29      1.632    10.7199     7.4233 -9.990e-29
 257.580584      1.624   9.005047 -9.990e-29 -9.990e-29      1.610 -9.990e-29 -9.990e-29 -9.990e-29
