data/oxygen options/ONMS/Olympic_Coast_National_Marine_Sanctuary_CTD_Data_2005_2023/raw_data/2012/CAST_KL015_120524faed.cnv
* Sea-Bird SBE19 Data File:
* FileName = C:\Documents and Settings\OCNMS\Desktop\2012 mooring data\Deployment May\CAST_KL015_120524.hex
* Software Version 1.25
* Temperature SN = 2997
* Conductivity SN = 2997
* System UpLoad Time = May 24 2012 19:37:49
** CAST_KL015_120524
* SEACAT PROFILER V3.1c SN 2997   05/24/12  19:36:28.616
# nquan = 9                                 
# nvalues = 1146                        
# units = specified
# name 0 = timeJ: Julian Days
# name 1 = prSM: Pressure, Strain Gauge [db]
# name 2 = c0mS/cm: Conductivity [mS/cm]
# name 3 = t090C: Temperature [ITS-90, deg C]
# name 4 = sbeox0ML/L: Oxygen, SBE 43 [ml/l]
# name 5 = depSM: Depth [salt water, m], lat = 47.5
# name 6 = sal00: Salinity, Practical [PSU]
# name 7 = sigma-é00: Density [sigma-theta, kg/m^3]
# name 8 = flag: flag
# span 0 = 145.655428, 145.662054       
# span 1 =     -5.755,     15.024       
# span 2 =   0.026520,  34.271045       
# span 3 =    10.7756,    14.1786       
# span 4 =    -1.8094,    18.9061       
# span 5 =     -5.707,     14.898       
# span 6 =     0.0196,    30.4497       
# span 7 =    -0.7635,    23.2715       
# span 8 = 0.0000e+00, 0.0000e+00       
# interval = seconds: 0.5
# start_time = May 24 2012 15:43:49 [Instrument's time stamp, header]
# bad_flag = -9.990e-29
*END*
[from data line 481]
 145.658212     -0.459   0.129446    13.2352    -1.8003     -0.455     0.0804    -0.5886 -9.990e-29
 145.658218     -0.457   0.128540    13.2386    -1.8001     -0.453     0.0799    -0.5894 -9.990e-29
 145.658223     -0.458   0.127724    13.2453    -1.8002     -0.454     0.0793    -0.5907 -9.990e-29
 145.658229     -0.460   0.127567    13.2545    -1.8004     -0.456     0.0792    -0.5920 -9.990e-29
 145.658235     -0.461   0.128044    13.2615    -1.8005     -0.457     0.0795    -0.5927 -9.990e-29
 145.658241     -0.456   0.128686    13.2625    -1.8003     -0.452     0.0799    -0.5925 -9.990e-29
 145.658247     -0.448   0.128873    13.2574    -1.8000     -0.444     0.0800    -0.5917 -9.990e-29
 145.658252     -0.443   0.128299    13.2505    -1.7998     -0.439     0.0797    -0.5911 -9.990e-29
 145.658258     -0.438   0.127491    13.2462    -1.7997     -0.434     0.0792    -0.5909 -9.990e-29
 145.658264     -0.434   0.127033    13.2463    -1.7991     -0.430     0.0789    -0.5912 -9.990e-29
 145.658270     -0.432   0.126866    13.2478    -1.7989     -0.428     0.0788    -0.5914 -9.990e-29
 145.658275     -0.429   0.126770    13.2474    -1.7987     -0.425     0.0788    -0.5914 -9.990e-29
 145.658281     -0.428   0.126616    13.2459    -1.7985     -0.424     0.0787    -0.5913 -9.990e-29
 145.658287     -0.426   0.126196    13.2462    -1.7990     -0.422     0.0784    -0.5915 -9.990e-29
 145.658293     -0.425   0.125504    13.2493    -1.7990     -0.421     0.0780    -0.5923 -9.990e-29
 145.658299     -0.425   0.124724    13.2541    -1.7990     -0.421     0.0775    -0.5933 -9.990e-29
 145.658304     -0.424   0.123924    13.2594    -1.7990     -0.420     0.0770    -0.5944 -9.990e-29
 145.658310     -0.424   0.123145    13.2658    -1.7994     -0.420     0.0765    -0.5956 -9.990e-29
 145.658316     -0.423   0.122453    13.2734    -1.8004     -0.419     0.0761    -0.5969 -9.990e-29
 145.658322     -0.423   0.122033    13.2801    -1.8009     -0.419     0.0758    -0.5980 -9.990e-29
 145.658328     -0.423   0.121880    13.2844    -1.8013     -0.419     0.0757    -0.5986 -9.990e-29
 145.658333     -0.423   0.121789    13.2850    -1.8013     -0.419     0.0757    -0.5987 -9.990e-29
 145.658339     -0.422   0.121637    13.2822    -1.8011     -0.418     0.0756    -0.5984 -9.990e-29
 145.658345     -0.422   0.121222    13.2796    -1.8009     -0.418     0.0753    -0.5983 -9.990e-29
 145.658351     -0.422   0.120546    13.2776    -1.8006     -0.418     0.0749    -0.5984 -9.990e-29
 145.658356     -0.422   0.119812    13.2728    -1.8002     -0.418     0.0745    -0.5981 -9.990e-29
 145.658362     -0.422   0.119149    13.2626    -1.7998     -0.418     0.0741    -0.5970 -9.990e-29
 145.658368     -0.422   0.118778    13.2488    -1.7997     -0.418     0.0739    -0.5954 -9.990e-29
 145.658374     -0.422   0.118758    13.2364    -1.7997     -0.418     0.0739    -0.5938 -9.990e-29
 145.658380     -0.422   0.119062    13.2290    -1.7995     -0.418     0.0741    -0.5927 -9.990e-29
 145.658385     -0.422   0.119544    13.2273    -1.7994     -0.418     0.0744    -0.5922 -9.990e-29
 145.658391     -0.422   0.119739    13.2299    -1.7990     -0.418     0.0745    -0.5925 -9.990e-29
 145.658397     -0.422   0.119355    13.2349    -1.7989     -0.418     0.0743    -0.5933 -9.990e-29
 145.658403     -0.422   0.118432    13.2416    -1.7990     -0.418     0.0737    -0.5946 -9.990e-29
 145.658409     -0.422   0.117400    13.2494    -1.7991     -0.418     0.0731    -0.5961 -9.990e-29
 145.658414     -0.422   0.116543    13.2565    -1.7991     -0.418     0.0725    -0.5975 -9.990e-29
 145.658420     -0.422   0.115826    13.2615    -1.7989     -0.418     0.0721    -0.5985 -9.990e-29
 145.658426     -0.422   0.115399    13.2650    -1.7985     -0.418     0.0718    -0.5991 -9.990e-29
 145.658432     -0.422   0.115246    13.2686    -1.7982     -0.418     0.0717    -0.5997 -9.990e-29
 145.658437     -0.422   0.115164    13.2729    -1.7982     -0.418     0.0717    -0.6003 -9.990e-29
 145.658443     -0.422   0.115043    13.2773    -1.7982     -0.418     0.0716    -0.6009 -9.990e-29
 145.658449     -0.422   0.114721    13.2796    -1.7980     -0.418     0.0714    -0.6014 -9.990e-29
 145.658455     -0.422   0.114324    13.2797    -1.7985     -0.418     0.0712    -0.6016 -9.990e-29
 145.658461     -0.422   0.114428    13.2794    -1.7987     -0.418     0.0712    -0.6015 -9.990e-29
 145.658466     -0.422   0.115172    13.2808    -1.7984     -0.418     0.0717    -0.6013 -9.990e-29
 145.658472     -0.422   0.115890    13.2852    -1.7981     -0.418     0.0721    -0.6016 -9.990e-29
 145.658478     -0.422   0.115877    13.2915    -1.7978     -0.418     0.0721    -0.6024 -9.990e-29
 145.658484     -0.422   0.115117    13.2967    -1.7974     -0.418     0.0716    -0.6034 -9.990e-29
 145.658490     -0.422   0.114257    13.2993    -1.7971     -0.418     0.0711    -0.6042 -9.990e-29
 145.658495     -0.422   0.113809    13.3000    -1.7967     -0.418     0.0708    -0.6045 -9.990e-29
 145.658501     -0.422   0.113729    13.2990    -1.7964     -0.418     0.0708    -0.6044 -9.990e-29
 145.658507     -0.422   0.113909    13.2960    -1.7963     -0.418     0.0709    -0.6039 -9.990e-29
 145.658513     -0.422   0.114038    13.2946    -1.7965     -0.418     0.0710    -0.6037 -9.990e-29
 145.658519     -0.421   0.113734    13.2978    -1.7967     -0.417     0.0708    -0.6042 -9.990e-29
 145.658524     -0.421   0.113144    13.3040    -1.7967     -0.417     0.0704    -0.6053 -9.990e-29
 145.658530     -0.421   0.112588    13.3115    -1.7966     -0.417     0.0701    -0.6066 -9.990e-29
 145.658536     -0.421   0.112433    13.3198    -1.7972     -0.417     0.0700    -0.6077 -9.990e-29
 145.658542     -0.421   0.112472    13.3282    -1.7970     -0.417     0.0700    -0.6088 -9.990e-29
 145.658547     -0.420   0.112202    13.3360    -1.7966     -0.416     0.0698    -0.6100 -9.990e-29
 145.658553     -0.420   0.111817    13.3418    -1.7965     -0.416     0.0695    -0.6109 -9.990e-29
 145.658559     -0.419   0.111357    13.3439    -1.7962     -0.416     0.0693    -0.6114 -9.990e-29
 145.658565     -0.418   0.110761    13.3425    -1.7960     -0.415     0.0689    -0.6115 -9.990e-29
 145.658571     -0.417   0.110343    13.3402    -1.7961     -0.414     0.0687    -0.6114 -9.990e-29
 145.658576     -0.415   0.110098    13.3389    -1.7963     -0.412     0.0685    -0.6114 -9.990e-29
 145.658582     -0.413   0.109700    13.3370    -1.7968     -0.410     0.0683    -0.6113 -9.990e-29
 145.658588     -0.411   0.109172    13.3345    -1.7970     -0.408     0.0680    -0.6112 -9.990e-29
 145.658594     -0.408   0.108915    13.3354    -1.7970     -0.405     0.0678    -0.6115 -9.990e-29
 145.658600     -0.404   0.109139    13.3399    -1.7969     -0.401     0.0679    -0.6119 -9.990e-29
 145.658605     -0.398   0.109592    13.3453    -1.7969     -0.395     0.0682    -0.6125 -9.990e-29
 145.658611     -0.391   0.109771    13.3502    -1.7967     -0.388     0.0683    -0.6130 -9.990e-29
 145.658617     -0.387   0.109361    13.3528    -1.7968     -0.384     0.0681    -0.6136 -9.990e-29
 145.658623     -0.389   0.108368    13.3516    -1.7970     -0.386     0.0675    -0.6139 -9.990e-29
 145.658628     -0.393   0.107130    13.3468    -1.7974     -0.390     0.0667    -0.6138 -9.990e-29
 145.658634     -0.395   0.106207    13.3403    -1.7979     -0.392     0.0662    -0.6134 -9.990e-29
 145.658640     -0.395   0.106031    13.3353    -1.7982     -0.392     0.0661    -0.6128 -9.990e-29
 145.658646     -0.394   0.106367    13.3334    -1.7979     -0.391     0.0663    -0.6124 -9.990e-29
 145.658652     -0.391   0.106554    13.3340    -1.7979     -0.388     0.0664    -0.6124 -9.990e-29
 145.658657     -0.386   0.106288    13.3355    -1.7979     -0.383     0.0662    -0.6127 -9.990e-29
 145.658663     -0.383   0.105769    13.3361    -1.7986     -0.380     0.0659    -0.6130 -9.990e-29
 145.658669     -0.386   0.105411    13.3344    -1.7997     -0.383     0.0657    -0.6130 -9.990e-29
 145.658675     -0.391   0.105291    13.3294    -1.8009     -0.388     0.0656    -0.6124 -9.990e-29
 145.658681     -0.394   0.105249    13.3218    -1.8016     -0.391     0.0656    -0.6114 -9.990e-29
 145.658686     -0.395   0.105231    13.3140    -1.8020     -0.392     0.0656    -0.6104 -9.990e-29
 145.658692     -0.394   0.105211    13.3093    -1.8021     -0.391     0.0656    -0.6098 -9.990e-29
 145.658698     -0.391   0.105164    13.3081    -1.8024     -0.388     0.0656    -0.6096 -9.990e-29
 145.658704     -0.387   0.105027    13.3066    -1.8024     -0.384     0.0655    -0.6095 -9.990e-29
 145.658709     -0.380   0.104617    13.3000    -1.8027     -0.377     0.0653    -0.6088 -9.990e-29
 145.658715     -0.375   0.103941    13.2855    -1.8032     -0.372     0.0649    -0.6072 -9.990e-29
 145.658721     -0.376   0.103203    13.2645    -1.8035     -0.373     0.0645    -0.6048 -9.990e-29
 145.658727     -0.378   0.102527    13.2426    -1.8040     -0.375     0.0641    -0.6023 -9.990e-29
 145.658733     -0.377   0.102117    13.2252    -1.8044     -0.374     0.0639    -0.6002 -9.990e-29
 145.658738     -0.373   0.101980    13.2139    -1.8046     -0.370     0.0638    -0.5988 -9.990e-29
 145.658744     -0.370   0.101934    13.2066    -1.8044     -0.367     0.0638    -0.5978 -9.990e-29
 145.658750     -0.373   0.101917    13.2011    -1.8047     -0.370     0.0638    -0.5971 -9.990e-29
 145.658756     -0.377   0.101908    13.1957    -1.8048     -0.374     0.0638    -0.5964 -9.990e-29
 145.658762     -0.378   0.101893    13.1886    -1.8048     -0.375     0.0638    -0.5955 -9.990e-29
 145.658767     -0.376   0.101851    13.1800    -1.8048     -0.373     0.0637    -0.5944 -9.990e-29
 145.658773     -0.371   0.101729    13.1707    -1.8051     -0.368     0.0637    -0.5933 -9.990e-29
 145.658779     -0.363   0.101363    13.1611    -1.8054     -0.360     0.0635    -0.5922 -9.990e-29
 145.658785     -0.355   0.100819    13.1530    -1.8056     -0.352     0.0632    -0.5914 -9.990e-29
 145.658791     -0.351   0.100476    13.1484    -1.8055     -0.348     0.0630    -0.5910 -9.990e-29
 145.658796     -0.352   0.100433    13.1460    -1.8053     -0.349     0.0629    -0.5907 -9.990e-29
 145.658802     -0.357   0.100632    13.1436    -1.8048     -0.354     0.0631    -0.5903 -9.990e-29
 145.658808     -0.362   0.100785    13.1414    -1.8044     -0.359     0.0632    -0.5899 -9.990e-29
 145.658814     -0.363   0.100543    13.1396    -1.8040     -0.360     0.0630    -0.5898 -9.990e-29
 145.658819     -0.365   0.100136    13.1368    -1.8037     -0.362     0.0628    -0.5896 -9.990e-29
 145.658825     -0.371   0.099576    13.1324    -1.8037     -0.368     0.0624    -0.5893 -9.990e-29
 145.658831     -0.379   0.098667    13.1278    -1.8037     -0.376     0.0619    -0.5891 -9.990e-29
 145.658837     -0.384   0.097859    13.1252    -1.8033     -0.381     0.0614    -0.5892 -9.990e-29
 145.658843     -0.387   0.097733    13.1263    -1.8032     -0.384     0.0613    -0.5894 -9.990e-29
 145.658848     -0.387   0.098121    13.1313    -1.8034     -0.384     0.0616    -0.5899 -9.990e-29
 145.658854     -0.385   0.098435    13.1397    -1.8034     -0.382     0.0617    -0.5908 -9.990e-29
 145.658860     -0.381   0.098539    13.1493    -1.8034     -0.378     0.0618    -0.5920 -9.990e-29
 145.658866     -0.378   0.098574    13.1574    -1.8031     -0.375     0.0618    -0.5930 -9.990e-29
 145.658872     -0.381   0.098584    13.1628    -1.8029     -0.378     0.0618    -0.5937 -9.990e-29
 145.658877     -0.386   0.098583    13.1659    -1.8026     -0.383     0.0618    -0.5941 -9.990e-29
 145.658883     -0.388   0.098571    13.1690    -1.8026     -0.385     0.0618    -0.5945 -9.990e-29
 145.658889     -0.389   0.098531    13.1729    -1.8028     -0.386     0.0618    -0.5951 -9.990e-29
 145.658895     -0.387   0.098408    13.1752    -1.8033     -0.384     0.0617    -0.5954 -9.990e-29
 145.658900     -0.383   0.098039    13.1755    -1.8038     -0.380     0.0615    -0.5956 -9.990e-29
 145.658906     -0.376   0.097485    13.1758    -1.8040     -0.373     0.0611    -0.5959 -9.990e-29
 145.658912     -0.371   0.097116    13.1777    -1.8044     -0.368     0.0609    -0.5963 -9.990e-29
 145.658918     -0.371   0.096992    13.1818    -1.8044     -0.368     0.0608    -0.5969 -9.990e-29
 145.658924     -0.372   0.096947    13.1869    -1.8042     -0.369     0.0608    -0.5976 -9.990e-29
 145.658929     -0.370   0.096921    13.1905    -1.8042     -0.367     0.0608    -0.5981 -9.990e-29
 145.658935     -0.364   0.096880    13.1904    -1.8038     -0.361     0.0607    -0.5981 -9.990e-29
 145.658941     -0.355   0.096768    13.1858    -1.8032     -0.352     0.0607    -0.5976 -9.990e-29
 145.658947     -0.342   0.096436    13.1778    -1.8026     -0.339     0.0605    -0.5967 -9.990e-29
 145.658953     -0.328   0.095992    13.1687    -1.8024     -0.325     0.0602    -0.5957 -9.990e-29
 145.658958     -0.320   0.095952    13.1608    -1.8026     -0.317     0.0602    -0.5947 -9.990e-29
 145.658964     -0.319   0.096260    13.1555    -1.8022     -0.316     0.0604    -0.5939 -9.990e-29
 145.658970     -0.321   0.096219    13.1541    -1.8019     -0.318     0.0604    -0.5937 -9.990e-29
 145.658976     -0.324   0.095776    13.1559    -1.8016     -0.321     0.0601    -0.5941 -9.990e-29
 145.658981     -0.325   0.095444    13.1604    -1.8014     -0.322     0.0599    -0.5949 -9.990e-29
 145.658987     -0.320   0.095334    13.1689    -1.8012     -0.317     0.0598    -0.5960 -9.990e-29
 145.658993     -0.313   0.095296    13.1800    -1.8011     -0.310     0.0598    -0.5975 -9.990e-29
 145.658999     -0.307   0.095279    13.1900    -1.8012     -0.304     0.0598    -0.5988 -9.990e-29
 145.659005     -0.303   0.095262    13.1961    -1.8010     -0.300     0.0598    -0.5996 -9.990e-29
 145.659010     -0.300   0.095221    13.2002    -1.8010     -0.297     0.0597    -0.6002 -9.990e-29
 145.659016     -0.297   0.095098    13.2058    -1.8009     -0.295     0.0597    -0.6009 -9.990e-29
 145.659022     -0.295   0.094730    13.2125    -1.8005     -0.293     0.0594    -0.6020 -9.990e-29
 145.659028     -0.294   0.094177    13.2189    -1.8001     -0.292     0.0591    -0.6031 -9.990e-29
 145.659034     -0.293   0.093809    13.2241    -1.7995     -0.291     0.0589    -0.6039 -9.990e-29
 145.659039     -0.292   0.093686    13.2276    -1.7991     -0.290     0.0588    -0.6045 -9.990e-29
 145.659045     -0.292   0.093646    13.2299    -1.7987     -0.290     0.0588    -0.6048 -9.990e-29
 145.659051     -0.288   0.093633    13.2318    -1.7983     -0.286     0.0587    -0.6050 -9.990e-29
 145.659057     -0.279   0.093629    13.2342    -1.7979     -0.277     0.0587    -0.6053 -9.990e-29
 145.659063     -0.270   0.093626    13.2374    -1.7978     -0.268     0.0587    -0.6058 -9.990e-29
 145.659068     -0.260   0.093621    13.2421    -1.7975     -0.258     0.0587    -0.6064 -9.990e-29
 145.659074     -0.253   0.093608    13.2496    -1.7979     -0.251     0.0587    -0.6074 -9.990e-29
 145.659080     -0.251   0.093568    13.2597    -1.7985     -0.249     0.0587    -0.6087 -9.990e-29
 145.659086     -0.256   0.093446    13.2711    -1.7986     -0.254     0.0586    -0.6103 -9.990e-29
 145.659091     -0.264   0.093078    13.2821    -1.7990     -0.262     0.0584    -0.6119 -9.990e-29
 145.659097     -0.269   0.092525    13.2920    -1.7992     -0.267     0.0580    -0.6134 -9.990e-29
 145.659103     -0.278   0.092157    13.3007    -1.8000     -0.276     0.0578    -0.6147 -9.990e-29
 145.659109     -0.291   0.092034    13.3081    -1.8008     -0.289     0.0577    -0.6158 -9.990e-29
 145.659115     -0.299   0.091994    13.3131    -1.8015     -0.297     0.0577    -0.6164 -9.990e-29
 145.659120     -0.304   0.091980    13.3135    -1.8019     -0.301     0.0577    -0.6165 -9.990e-29
 145.659126     -0.310   0.091975    13.3082    -1.8017     -0.307     0.0577    -0.6158 -9.990e-29
