data/oxygen options/ONMS/Olympic_Coast_National_Marine_Sanctuary_CTD_Data_2005_2023/raw_data/2012/CAST_CA015_120719faed.cnv
* Sea-Bird SBE19 Data File:
* FileName = C:\Documents and Settings\OCNMS\Desktop\2012 mooring data\1st service\CAST_CA015_120719.hex
* Software Version 1.25
* Temperature SN = 2997
* Conductivity SN = 2997
* System UpLoad Time = Jul 20 2012 06:01:15
** CAST_CA015_120719
* SEACAT PROFILER V3.1c SN 2997   07/20/12  05:59:55.376
# nquan = 9                                 
# nvalues = 821                         
# units = specified
# name 0 = timeJ: Julian Days
# name 1 = prSM: Pressure, Strain Gauge [db]
# name 2 = c0mS/cm: Conductivity [mS/cm]
# name 3 = t090C: Temperature [ITS-90, deg C]
# name 4 = sbeox0ML/L: Oxygen, SBE 43 [ml/l]
# name 5 = depSM: Depth [salt water, m], lat = 47.5
# name 6 = sal00: Salinity, Practical [PSU]
# name 7 = sigma-é00: Density [sigma-theta, kg/m^3]
# name 8 = flag: flag
# span 0 = 201.491076, 201.495822       
# span 1 =     -5.790,     15.606       
# span 2 =   0.070479,  37.619530       
# span 3 =     8.9633,    15.1991       
# span 4 =    -1.7698,    15.6724       
# span 5 =     -5.742,     15.475       
# span 6 =     0.0441,    32.8899       
# span 7 =    -0.8942,    25.4409       
# span 8 = 0.0000e+00, 0.0000e+00       
# interval = seconds: 0.5
# start_time = Jul 19 2012 11:47:09 [Instrument's time stamp, header]
# bad_flag = -9.990e-29
*END*
[from data line 641]
 201.494786      5.872  37.008752    11.9311     6.4368      5.823    32.1541    24.3925 0.0000e+00
 201.494792      6.330  36.992279    11.9113     6.3664      6.277    32.1550    24.3969 0.0000e+00
 201.494797      6.792  36.982690    11.8961     6.2787      6.735    32.1587    24.4026 0.0000e+00
 201.494803      7.260  36.972208    11.8762     6.2322      7.199    32.1656    24.4116 0.0000e+00
 201.494809      7.732  36.954671    11.8430     6.2209      7.667    32.1771    24.4266 0.0000e+00
 201.494815      8.213  36.929075    11.8005     6.2363      8.144    32.1889    24.4436 0.0000e+00
 201.494821      8.700  36.904400    11.7590     6.2081      8.627    32.2007    24.4604 0.0000e+00
 201.494826      9.184  36.883006    11.7197     5.9859      9.107    32.2138    24.4778 0.0000e+00
 201.494832      9.667  36.859297    11.6760     5.5649      9.586    32.2285    24.4972 0.0000e+00
 201.494838     10.149  36.829077    11.6251     4.9882     10.064    32.2431    24.5178 0.0000e+00
 201.494844     10.626  36.793476    11.5676     4.3836     10.537    32.2583    24.5401 0.0000e+00
 201.494850     11.100  36.753726    11.4939     3.9052     11.007    32.2835    24.5730 0.0000e+00
 201.494855     11.569  36.698806    11.3664     3.5807     11.472    32.3410    24.6407 0.0000e+00
 201.494861     12.031  36.594668    11.1297     3.4129     11.930    32.4465    24.7650 0.0000e+00
 201.494867     12.479  36.396534    10.7505     3.3781     12.374    32.5862    24.9403 0.0000e+00
 201.494873     12.912  36.082732    10.2747     3.4453     12.804    32.6982    25.1092 0.0000e+00
 201.494878     13.329  35.729948     9.8134     3.5739     13.217    32.7582    25.2329 0.0000e+00
 201.494884     13.720  35.452454     9.4380     3.8016     13.605    32.8167    25.3396 0.0000e+00
 201.494890     14.082  35.254276     9.1679     4.1600     13.964    32.8602    25.4167 0.0000e+00
 201.494896     14.407  35.115808     9.0124     4.5143     14.286    32.8599    25.4409 0.0000e+00
 201.494902     14.686  35.047229     8.9633     4.8313     14.563    32.8339    25.4282 0.0000e+00
 201.494907     14.915  35.046076     8.9920     5.0306     14.790    32.8060    25.4020 0.0000e+00
 201.494913     15.096  35.110203     9.0894     5.0440     14.969    32.7828    25.3685 0.0000e+00
 201.494919     15.236  35.270763     9.2862     4.9574     15.108    32.7680    25.3259 -9.990e-29
 201.494925     15.344  35.510521     9.5574     4.8055     15.215    32.7663    25.2811 -9.990e-29
 201.494931     15.427  35.695500     9.8059     4.5856     15.298    32.7290    25.2114 -9.990e-29
 201.494936     15.490  35.792319     9.9872     4.3897     15.360    32.6630    25.1300 -9.990e-29
 201.494942     15.537  35.842725    10.0853     4.2379     15.407    32.6255    25.0843 -9.990e-29
 201.494948     15.572  35.822650    10.0706     4.1423     15.441    32.6184    25.0813 -9.990e-29
 201.494954     15.595  35.744542     9.9619     4.1005     15.464    32.6374    25.1141 -9.990e-29
 201.494959     15.606  35.638112     9.8134     4.0708     15.475    32.6636    25.1591 -9.990e-29
 201.494965     15.595  35.532250     9.6605     4.0657     15.464    32.6944    25.2082 -9.990e-29
 201.494971     15.557  35.464421     9.5004     4.0408     15.427    32.7710    25.2939 -9.990e-29
 201.494977     15.495  35.418623     9.3575     3.9991     15.365    32.8549    25.3825 -9.990e-29
 201.494983     15.418  35.384150     9.2836     3.9518     15.289    32.8873    25.4196 -9.990e-29
 201.494988     15.333  35.367633     9.2623     3.9117     15.204    32.8899    25.4250 -9.990e-29
 201.494994     15.244  35.343638     9.2470     3.8931     15.116    32.8793    25.4191 -9.990e-29
 201.495000     15.149  35.303663     9.2190     3.8988     15.022    32.8638    25.4115 -9.990e-29
 201.495006     15.041  35.254872     9.1771     3.8923     14.915    32.8519    25.4088 -9.990e-29
 201.495012     14.920  35.215071     9.1387     3.9103     14.795    32.8462    25.4104 -9.990e-29
 201.495017     14.789  35.198370     9.1201     3.9725     14.665    32.8461    25.4132 0.0000e+00
 201.495023     14.662  35.194791     9.1259     4.0912     14.539    32.8371    25.4052 -9.990e-29
 201.495029     14.548  35.200650     9.1559     4.2646     14.426    32.8155    25.3837 -9.990e-29
 201.495035     14.448  35.224857     9.2042     4.4652     14.327    32.7962    25.3609 -9.990e-29
 201.495041     14.365  35.250381     9.2628     4.5919     14.245    32.7688    25.3302 -9.990e-29
 201.495046     14.296  35.261952     9.3360     4.5970     14.176    32.7137    25.2755 -9.990e-29
 201.495052     14.239  35.294587     9.4474     4.5377     14.120    32.6455    25.2044 -9.990e-29
 201.495058     14.193  35.371621     9.6282     4.5016     14.074    32.5601    25.1085 -9.990e-29
 201.495064     14.160  35.508385     9.8554     4.5447     14.041    32.4942    25.0200 -9.990e-29
 201.495069     14.138  35.664312    10.0137     4.5700     14.020    32.5099    25.0061 -9.990e-29
 201.495075     14.125  35.723027    10.0462     4.5948     14.007    32.5402    25.0243 -9.990e-29
 201.495081     14.117  35.681072    10.0301     4.5503     13.999    32.5122    25.0051 -9.990e-29
 201.495087     14.108  35.643821    10.0362     4.4595     13.990    32.4690    24.9704 -9.990e-29
 201.495093     14.098  35.661271    10.0763     4.4065     13.980    32.4506    24.9494 -9.990e-29
 201.495098     14.087  35.723611    10.1312     4.4241     13.969    32.4644    24.9510 -9.990e-29
 201.495104     14.073  35.792957    10.1541     4.5151     13.955    32.5139    24.9858 -9.990e-29
 201.495110     14.060  35.809409    10.1019     4.5950     13.942    32.5774    25.0441 -9.990e-29
 201.495116     14.056  35.740565    10.0074     4.5843     13.938    32.5929    25.0719 -9.990e-29
 201.495122     14.061  35.641362     9.9676     4.4786     13.943    32.5282    25.0280 -9.990e-29
 201.495127     14.061  35.624249    10.0213     4.3428     13.943    32.4626    24.9679 -9.990e-29
 201.495133     14.049  35.710046    10.1142     4.2771     13.931    32.4660    24.9550 -9.990e-29
 201.495139     14.032  35.809244    10.1704     4.2902     13.914    32.5157    24.9844 -9.990e-29
 201.495145     14.022  35.844064    10.1418     4.3688     13.905    32.5766    25.0367 -9.990e-29
 201.495150     14.023  35.781958    10.0418     4.4638     13.905    32.6038    25.0747 -9.990e-29
 201.495156     14.035  35.663889     9.9484     4.5270     13.917    32.5684    25.0625 -9.990e-29
 201.495162     14.054  35.590603     9.9170     4.5077     13.936    32.5223    25.0317 -9.990e-29
 201.495168     14.069  35.602120     9.9398     4.4231     13.951    32.5134    25.0211 -9.990e-29
 201.495174     14.072  35.660543     9.9940     4.3350     13.954    32.5239    25.0202 -9.990e-29
 201.495179     14.067  35.722764    10.0522     4.2578     13.949    32.5345    25.0189 -9.990e-29
 201.495185     14.062  35.768109    10.0826     4.2079     13.944    32.5530    25.0283 -9.990e-29
 201.495191     14.067  35.760691    10.0767     4.2177     13.949    32.5508    25.0275 -9.990e-29
 201.495197     14.081  35.705171    10.0516     4.3069     13.963    32.5172    25.0055 -9.990e-29
 201.495203     14.096  35.668646    10.0121     4.4649     13.978    32.5158    25.0109 -9.990e-29
 201.495208     14.110  35.647759     9.9477     4.6021     13.992    32.5526    25.0503 -9.990e-29
 201.495214     14.122  35.606789     9.8907     4.7043     14.004    32.5624    25.0674 -9.990e-29
 201.495220     14.130  35.572853     9.8944     4.7353     14.012    32.5246    25.0373 -9.990e-29
 201.495226     14.126  35.594201     9.9652     4.7235     14.008    32.4825    24.9927 -9.990e-29
 201.495231     14.110  35.680773    10.0749     4.7072     13.992    32.4716    24.9660 -9.990e-29
 201.495237     14.092  35.789469    10.1781     4.7196     13.974    32.4888    24.9622 -9.990e-29
 201.495243     14.085  35.869177    10.2378     4.7225     13.967    32.5157    24.9731 -9.990e-29
 201.495249     14.089  35.902947    10.2566     4.6688     13.971    32.5328    24.9833 -9.990e-29
 201.495255     14.094  35.894355    10.2581     4.5568     13.976    32.5228    24.9753 -9.990e-29
 201.495260     14.098  35.863855    10.2633     4.3916     13.980    32.4875    24.9468 -9.990e-29
 201.495266     14.100  35.848615    10.2738     4.2124     13.982    32.4627    24.9257 -9.990e-29
 201.495272     14.100  35.858356    10.2757     4.0997     13.982    32.4708    24.9317 -9.990e-29
 201.495278     14.099  35.871898    10.2521     4.1017     13.981    32.5056    24.9628 -9.990e-29
 201.495284     14.101  35.859497    10.1810     4.1763     13.983    32.5569    25.0148 -9.990e-29
 201.495289     14.114  35.781638    10.0638     4.3139     13.996    32.5836    25.0553 -9.990e-29
 201.495295     14.139  35.636816     9.9525     4.4826     14.021    32.5372    25.0375 -9.990e-29
 201.495301     14.165  35.510849     9.8921     4.6549     14.046    32.4637    24.9901 -9.990e-29
 201.495307     14.181  35.500674     9.8740     4.7712     14.062    32.4696    24.9977 -9.990e-29
 201.495313     14.184  35.574779     9.8914     4.7785     14.065    32.5292    25.0414 -9.990e-29
 201.495318     14.173  35.644895     9.9706     4.6845     14.054    32.5290    25.0281 -9.990e-29
 201.495324     14.148  35.722738    10.0961     4.4962     14.029    32.4950    24.9807 -9.990e-29
 201.495330     14.112  35.819123    10.1982     4.2616     13.994    32.5007    24.9681 -9.990e-29
 201.495336     14.076  35.886705    10.2438     4.0844     13.958    32.5280    24.9817 -9.990e-29
 201.495341     14.053  35.912001    10.2450     4.0047     13.935    32.5524    25.0005 -9.990e-29
 201.495347     14.052  35.902995    10.1963     4.0323     13.934    32.5870    25.0357 -9.990e-29
 201.495353     14.067  35.843765    10.0768     4.1309     13.949    32.6348    25.0930 -9.990e-29
 201.495359     14.092  35.713589     9.9137     4.2217     13.974    32.6502    25.1321 -9.990e-29
 201.495365     14.119  35.548933     9.7834     4.3136     14.001    32.6006    25.1148 -9.990e-29
 201.495370     14.141  35.444441     9.7269     4.3869     14.022    32.5451    25.0808 -9.990e-29
 201.495376     14.156  35.446700     9.7390     4.4127     14.037    32.5365    25.0720 -9.990e-29
 201.495382     14.164  35.517812     9.7978     4.4504     14.045    32.5558    25.0775 -9.990e-29
 201.495388     14.162  35.599686     9.8577     4.5046     14.043    32.5850    25.0905 -9.990e-29
 201.495394     14.150  35.648030     9.8965     4.4945     14.031    32.5991    25.0951 -9.990e-29
 201.495399     14.135  35.677469     9.9240     4.4559     14.017    32.6042    25.0945 -9.990e-29
 201.495405     14.121  35.705985     9.9530     4.3426     14.003    32.6069    25.0918 -9.990e-29
 201.495411     14.107  35.719515     9.9927     4.2025     13.989    32.5848    25.0680 -9.990e-29
 201.495417     14.091  35.736662    10.0286     4.0981     13.973    32.5698    25.0503 -9.990e-29
 201.495422     14.078  35.748365    10.0489     4.0553     13.960    32.5634    25.0419 -9.990e-29
 201.495428     14.075  35.734953    10.0388     4.0912     13.957    32.5589    25.0401 -9.990e-29
 201.495434     14.082  35.701512     9.9516     4.1586     13.964    32.6037    25.0895 -9.990e-29
 201.495440     14.094  35.619704     9.8018     4.2682     13.976    32.6560    25.1551 -9.990e-29
 201.495446     14.113  35.505913     9.6892     4.3918     13.995    32.6421    25.1626 -9.990e-29
 201.495451     14.132  35.446438     9.6633     4.5002     14.014    32.6048    25.1377 -9.990e-29
 201.495457     14.138  35.466117     9.7147     4.5937     14.020    32.5783    25.1087 -9.990e-29
 201.495463     14.128  35.521716     9.8099     4.6375     14.010    32.5489    25.0701 -9.990e-29
 201.495469     14.105  35.583751     9.8979     4.6169     13.987    32.5325    25.0429 -9.990e-29
 201.495475     14.077  35.652056     9.9663     4.5610     13.959    32.5402    25.0376 -9.990e-29
 201.495480     14.046  35.718590    10.0266     4.4642     13.928    32.5533    25.0378 -9.990e-29
 201.495486     14.014  35.763421    10.0825     4.3928     13.897    32.5484    25.0247 -9.990e-29
 201.495492     13.984  35.796486    10.1266     4.3952     13.867    32.5422    25.0124 -9.990e-29
 201.495498     13.950  35.823232    10.1445     4.4746     13.833    32.5531    25.0180 -9.990e-29
 201.495503     13.904  35.824999    10.1194     4.6304     13.787    32.5775    25.0412 -9.990e-29
 201.495509     13.844  35.781746    10.0601     4.8778     13.728    32.5872    25.0586 -9.990e-29
 201.495515     13.763  35.715343    10.0286     5.2217     13.648    32.5484    25.0336 -9.990e-29
 201.495521     13.645  35.705837    10.0690     5.6013     13.531    32.5025    24.9911 -9.990e-29
 201.495527     13.485  35.772462    10.1622     5.9407     13.372    32.4862    24.9628 0.0000e+00
 201.495532     13.283  35.858416    10.2911     6.1378     13.172    32.4575    24.9187 0.0000e+00
 201.495538     13.046  35.950609    10.4731     6.2178     12.937    32.3878    24.8335 0.0000e+00
 201.495544     12.774  36.077884    10.7105     6.2531     12.667    32.3044    24.7278 0.0000e+00
 201.495550     12.472  36.240242    10.9587     6.2723     12.368    32.2469    24.6398 0.0000e+00
 201.495556     12.147  36.402128    11.1625     6.2968     12.045    32.2279    24.5892 0.0000e+00
 201.495561     11.803  36.524565    11.2988     6.3339     11.704    32.2292    24.5659 0.0000e+00
 201.495567     11.449  36.590474    11.3832     6.3630     11.353    32.2203    24.5438 0.0000e+00
 201.495573     11.091  36.620550    11.4406     6.3924     10.998    32.1998    24.5176 0.0000e+00
 201.495579     10.729  36.650993    11.4875     6.4201     10.639    32.1889    24.5007 0.0000e+00
 201.495584     10.356  36.686554    11.5393     6.4425     10.269    32.1787    24.4834 0.0000e+00
 201.495590      9.967  36.722000    11.5949     6.4595      9.884    32.1651    24.4628 0.0000e+00
 201.495596      9.558  36.760904    11.6409     6.4985      9.478    32.1633    24.4529 0.0000e+00
 201.495602      9.132  36.795205    11.6779     6.5359      9.056    32.1647    24.4473 0.0000e+00
 201.495608      8.693  36.820235    11.7141     6.5805      8.620    32.1579    24.4354 0.0000e+00
 201.495613      8.242  36.841926    11.7507     6.6299      8.173    32.1474    24.4206 0.0000e+00
 201.495619      7.790  36.865118    11.7842     6.6641      7.725    32.1411    24.4095 0.0000e+00
 201.495625      7.342  36.888249    11.8141     6.6936      7.281    32.1379    24.4015 0.0000e+00
 201.495631      6.895  36.910799    11.8442     6.7155      6.837    32.1339    24.3929 0.0000e+00
 201.495637      6.447  36.932030    11.8792     6.7214      6.393    32.1244    24.3791 0.0000e+00
 201.495642      5.995  36.952245    11.9155     6.7163      5.945    32.1128    24.3634 0.0000e+00
 201.495648      5.540  36.974315    11.9433     6.7108      5.494    32.1104    24.3563 0.0000e+00
 201.495654      5.087  36.991822    11.9619     6.7169      5.044    32.1115    24.3537 0.0000e+00
 201.495660      4.646  37.005148    11.9749     6.7332      4.607    32.1133    24.3527 0.0000e+00
 201.495666      4.227  37.014142    11.9838     6.7629      4.192    32.1145    24.3520 0.0000e+00
 201.495671      3.834  37.020716    11.9920     6.7671      3.802    32.1139    24.3500 0.0000e+00
 201.495677      3.468  37.033081    12.0004     6.7833      3.439    32.1188    24.3522 0.0000e+00
 201.495683      3.126  37.045317    12.0071     6.7940      3.100    32.1250    24.3557 0.0000e+00
 201.495689      2.804  37.054693    12.0117     6.7759      2.781    32.1302    24.3589 0.0000e+00
 201.495694      2.500  37.058027    12.0169     6.7198      2.479    32.1290    24.3571 0.0000e+00
 201.495700      2.209  37.054724    12.0285     6.6208      2.191    32.1160    24.3448 0.0000e+00
