data/oxygen options/ONMS/Olympic_Coast_National_Marine_Sanctuary_CTD_Data_2005_2023/raw_data/2012/CAST_KL027_120724faedb.cnv
* Sea-Bird SBE19 Data File:
* FileName = C:\Documents and Settings\OCNMS\Desktop\2012 mooring data\1st service\CAST_KLO27_120724.hex
* Software Version 1.25
* Temperature SN = 2997
* Conductivity SN = 2997
* System UpLoad Time = Jul 24 2012 13:23:22
** CAST_KLO27_120724
* SEACAT PROFILER V3.1c SN 2997   07/24/12  13:22:15.364
# nquan = 9
# nvalues = 26                          
# units = specified
# name 0 = timeJ: Julian Days
# name 1 = prSM: Pressure, Strain Gauge [db]
# name 2 = c0mS/cm: Conductivity [mS/cm]
# name 3 = t090C: Temperature [ITS-90, deg C]
# name 4 = sbeox0ML/L: Oxygen, SBE 43 [ml/l]
# name 5 = depSM: Depth [salt water, m], lat = 47.5
# name 6 = sal00: Salinity, Practical [PSU]
# name 7 = sigma-é00: Density [sigma-theta, kg/m^3]
# name 8 = flag: flag
# span 0 = 206.439636, 206.440069       
# span 1 =      2.000,     27.000       
# span 2 =  34.320966,  38.342494       
# span 3 =     7.5555,    15.0503       
# span 4 =     3.0324,     9.0750       
# span 5 =      1.983,     26.773       
# span 6 =    30.8190,    33.3876       
# span 7 =    22.7416,    26.0716       
# span 8 = 0.0000e+00, 0.0000e+00       
# interval = decibars: 1                
# start_time = Jul 24 2012 10:25:30 [Instrument's time stamp, header]
# bad_flag = -9.990e-29
*END*
 206.439636      2.000  38.342494    15.0503     8.9286      1.983    30.8190    22.7416 0.0000e+00
 206.439667      3.000  38.195723    13.9332     9.0750      2.975    31.5899    23.5664 0.0000e+00
 206.439691      4.000  37.631064    12.8645     8.4528      3.967    31.9523    24.0593 0.0000e+00
 206.439712      5.000  37.160974    12.2064     7.6580      4.958    32.0642    24.2717 0.0000e+00
 206.439731      6.000  36.874718    11.7482     6.4351      5.950    32.1824    24.4480 0.0000e+00
 206.439748      7.000  36.482689    11.2036     4.4886      6.942    32.2734    24.6171 0.0000e+00
 206.439764      8.000  36.079577    10.5345     3.6199      7.933    32.4646    24.8825 0.0000e+00
 206.439779      9.000  35.363692     9.6631     3.5468      8.925    32.5224    25.0727 0.0000e+00
 206.439793     10.000  34.987036     9.2420     3.4450      9.916    32.5178    25.1371 0.0000e+00
 206.439808     11.000  34.795007     8.9107     3.4218     10.908    32.6215    25.2700 0.0000e+00
 206.439823     12.000  34.607241     8.6283     3.4412     11.900    32.6852    25.3631 0.0000e+00
 206.439837     13.000  34.501158     8.4589     3.4498     12.891    32.7302    25.4240 0.0000e+00
 206.439852     14.000  34.461712     8.3986     3.4543     13.883    32.7442    25.4440 0.0000e+00
 206.439867     15.000  34.447714     8.3321     3.3531     14.874    32.7908    25.4905 0.0000e+00
 206.439882     16.000  34.411088     8.2671     3.1444     15.866    32.8124    25.5171 0.0000e+00
 206.439897     17.000  34.374470     8.1023     3.0609     16.857    32.9275    25.6317 0.0000e+00
 206.439910     18.000  34.344323     7.9058     3.0701     17.849    33.0802    25.7803 0.0000e+00
 206.439926     19.000  34.358418     7.8504     3.0324     18.840    33.1474    25.8410 0.0000e+00
 206.439943     20.000  34.343428     7.7791     3.0391     19.832    33.1987    25.8916 0.0000e+00
 206.439960     21.000  34.326948     7.6806     3.0732     20.824    33.2745    25.9653 0.0000e+00
 206.439975     22.000  34.324441     7.5964     3.0681     21.815    33.3520    26.0382 0.0000e+00
 206.439990     23.000  34.327488     7.5664     3.0572     22.807    33.3836    26.0673 0.0000e+00
 206.440007     24.000  34.327008     7.5612     3.2010     23.798    33.3876    26.0712 0.0000e+00
 206.440025     25.000  34.321817     7.5555     3.0863     24.790    33.3870    26.0716 0.0000e+00
 206.440045     26.000  34.320966     7.5598     3.0594     25.781    33.3815    26.0666 0.0000e+00
 206.440069     27.000  34.323033     7.5715     3.0343     26.773    33.3721    26.0576 0.0000e+00
