data/oxygen options/ONMS/Olympic_Coast_National_Marine_Sanctuary_CTD_Data_2005_2023/raw_data/2012/CAST_KL050_120920faed.cnv
* Sea-Bird SBE19 Data File:
* FileName = C:\Documents and Settings\OCNMS\Desktop\2012 mooring data\Hypoxia Sampling\120920\CAST_KL050_120920.hex
* Software Version 1.25
* Temperature SN = 2997
* Conductivity SN = 2997
* System UpLoad Time = Sep 20 2012 10:39:30
** CAST_KL050_120920
* SEACAT PROFILER V3.1c SN 2997   09/20/12  10:37:26.248
# nquan = 9                                 
# nvalues = 1528                        
# units = specified
# name 0 = timeJ: Julian Days
# name 1 = prSM: Pressure, Strain Gauge [db]
# name 2 = c0mS/cm: Conductivity [mS/cm]
# name 3 = t090C: Temperature [ITS-90, deg C]
# name 4 = sbeox0ML/L: Oxygen, SBE 43 [ml/l]
# name 5 = depSM: Depth [salt water, m], lat = 47.5
# name 6 = sal00: Salinity, Practical [PSU]
# name 7 = sigma-é00: Density [sigma-theta, kg/m^3]
# name 8 = flag: flag
# span 0 = 264.420660, 264.429497       
# span 1 =     -4.981,     50.271       
# span 2 =   0.172190,  38.297064       
# span 3 =     7.4054,    13.3977       
# span 4 =    -1.8968,    13.6166       
# span 5 =     -4.939,     49.845       
# span 6 =     0.1114,    33.6692       
# span 7 =    -0.3433,    26.3149       
# span 8 = 0.0000e+00, 0.0000e+00       
# interval = seconds: 0.5
# start_time = Sep 20 2012 10:05:45 [Instrument's time stamp, header]
# bad_flag = -9.990e-29
*END*
[from data line 481]
 264.423443      0.014   0.529154    12.6564    -1.8212      0.014     0.3397    -0.3131 -9.990e-29
 264.423449      0.019   0.529704    12.6575    -1.8213      0.019     0.3401    -0.3129 -9.990e-29
 264.423455      0.027   0.530176    12.6590    -1.8213      0.027     0.3404    -0.3129 -9.990e-29
 264.423461      0.038   0.530461    12.6609    -1.8213      0.038     0.3406    -0.3130 -9.990e-29
 264.423466      0.052   0.530510    12.6630    -1.8212      0.052     0.3406    -0.3132 -9.990e-29
 264.423472      0.067   0.530495    12.6647    -1.8212      0.066     0.3406    -0.3135 -9.990e-29
 264.423478      0.078   0.530592    12.6658    -1.8211      0.077     0.3406    -0.3136 -9.990e-29
 264.423484      0.087   0.530816    12.6663    -1.8210      0.086     0.3408    -0.3135 -9.990e-29
 264.423490      0.093   0.531107    12.6661    -1.8209      0.092     0.3410    -0.3133 -9.990e-29
 264.423495      0.099   0.531413    12.6651    -1.8208      0.098     0.3412    -0.3130 -9.990e-29
 264.423501      0.103   0.531699    12.6640    -1.8207      0.102     0.3414    -0.3127 -9.990e-29
 264.423507      0.106   0.531906    12.6635    -1.8206      0.105     0.3415    -0.3126 -9.990e-29
 264.423513      0.109   0.531867    12.6637    -1.8205      0.108     0.3415    -0.3126 -9.990e-29
 264.423519      0.111   0.531639    12.6644    -1.8205      0.110     0.3413    -0.3128 -9.990e-29
 264.423524      0.113   0.531576    12.6657    -1.8205      0.112     0.3413    -0.3130 -9.990e-29
 264.423530      0.114   0.531702    12.6675    -1.8206      0.113     0.3413    -0.3132 -9.990e-29
 264.423536      0.115   0.531743    12.6698    -1.8207      0.114     0.3414    -0.3135 -9.990e-29
 264.423542      0.116   0.531864    12.6722    -1.8207      0.115     0.3414    -0.3137 -9.990e-29
 264.423547      0.117   0.532333    12.6746    -1.8206      0.116     0.3417    -0.3138 -9.990e-29
 264.423553      0.118   0.532784    12.6768    -1.8205      0.117     0.3420    -0.3139 -9.990e-29
 264.423559      0.119   0.532829    12.6786    -1.8203      0.118     0.3420    -0.3141 -9.990e-29
 264.423565      0.121   0.532637    12.6801    -1.8202      0.120     0.3419    -0.3144 -9.990e-29
 264.423571      0.122   0.532609    12.6807    -1.8200      0.121     0.3418    -0.3145 -9.990e-29
 264.423576      0.124   0.532817    12.6802    -1.8198      0.123     0.3420    -0.3143 -9.990e-29
 264.423582      0.126   0.533094    12.6792    -1.8196      0.125     0.3422    -0.3140 -9.990e-29
 264.423588      0.129   0.533371    12.6784    -1.8192      0.128     0.3424    -0.3138 -9.990e-29
 264.423594      0.133   0.533576    12.6789    -1.8181      0.132     0.3425    -0.3137 -9.990e-29
 264.423600      0.137   0.533539    12.6809    -1.8171      0.136     0.3424    -0.3140 -9.990e-29
 264.423605      0.139   0.533320    12.6834    -1.8169      0.138     0.3423    -0.3144 -9.990e-29
 264.423611      0.133   0.533284    12.6863    -1.8167      0.132     0.3422    -0.3148 -9.990e-29
 264.423617      0.124   0.533493    12.6896    -1.8166      0.123     0.3423    -0.3152 -9.990e-29
 264.423623      0.116   0.533783    12.6937    -1.8164      0.115     0.3425    -0.3155 -9.990e-29
 264.423628      0.107   0.534100    12.6991    -1.8163      0.106     0.3427    -0.3161 -9.990e-29
 264.423634      0.098   0.534426    12.7070    -1.8163      0.097     0.3428    -0.3169 -9.990e-29
 264.423640      0.087   0.534754    12.7197    -1.8164      0.086     0.3429    -0.3184 -9.990e-29
 264.423646      0.075   0.535079    12.7368    -1.8165      0.074     0.3430    -0.3205 -9.990e-29
 264.423652      0.064   0.535396    12.7532    -1.8164      0.063     0.3430    -0.3225 -9.990e-29
 264.423657      0.063   0.535686    12.7645    -1.8163      0.062     0.3431    -0.3238 -9.990e-29
 264.423663      0.072   0.535894    12.7713    -1.8163      0.071     0.3432    -0.3246 -9.990e-29
 264.423669      0.081   0.535857    12.7757    -1.8162      0.080     0.3432    -0.3252 -9.990e-29
 264.423675      0.089   0.535633    12.7788    -1.8163      0.088     0.3430    -0.3257 -9.990e-29
 264.423681      0.094   0.535584    12.7807    -1.8163      0.093     0.3429    -0.3260 -9.990e-29
 264.423686      0.098   0.535751    12.7814    -1.8161      0.097     0.3430    -0.3260 -9.990e-29
 264.423692      0.101   0.535919    12.7811    -1.8160      0.100     0.3431    -0.3259 -9.990e-29
 264.423698      0.103   0.535868    12.7806    -1.8155      0.102     0.3431    -0.3259 -9.990e-29
 264.423704      0.104   0.535640    12.7809    -1.8151      0.103     0.3430    -0.3260 -9.990e-29
 264.423709      0.104   0.535589    12.7820    -1.8149      0.103     0.3429    -0.3262 -9.990e-29
 264.423715      0.104   0.535756    12.7833    -1.8148      0.103     0.3430    -0.3263 -9.990e-29
 264.423721      0.102   0.535924    12.7841    -1.8145      0.101     0.3431    -0.3263 -9.990e-29
 264.423727      0.100   0.535874    12.7847    -1.8140      0.099     0.3431    -0.3264 -9.990e-29
 264.423733      0.096   0.535650    12.7860    -1.8134      0.095     0.3429    -0.3267 -9.990e-29
 264.423738      0.092   0.535612    12.7890    -1.8131      0.091     0.3429    -0.3271 -9.990e-29
 264.423744      0.090   0.535820    12.7945    -1.8124      0.089     0.3430    -0.3277 -9.990e-29
 264.423750      0.094   0.536110    12.8024    -1.8119      0.093     0.3431    -0.3286 -9.990e-29
 264.423756      0.102   0.536428    12.8100    -1.8115      0.101     0.3432    -0.3294 -9.990e-29
 264.423762      0.108   0.536755    12.8159    -1.8120      0.107     0.3434    -0.3301 -9.990e-29
 264.423767      0.114   0.537088    12.8217    -1.8125      0.113     0.3436    -0.3306 -9.990e-29
 264.423773      0.120   0.537431    12.8297    -1.8128      0.119     0.3437    -0.3315 -9.990e-29
 264.423779      0.126   0.537802    12.8406    -1.8128      0.125     0.3439    -0.3328 -9.990e-29
 264.423785      0.133   0.538253    12.8522    -1.8129      0.132     0.3441    -0.3341 -9.990e-29
 264.423791      0.137   0.538945    12.8633    -1.8129      0.136     0.3444    -0.3352 -9.990e-29
 264.423796      0.133   0.539812    12.8746    -1.8130      0.132     0.3449    -0.3363 -9.990e-29
 264.423802      0.126   0.540468    12.8840    -1.8129      0.125     0.3453    -0.3372 -9.990e-29
 264.423808      0.119   0.540798    12.8876    -1.8129      0.118     0.3454    -0.3375 -9.990e-29
 264.423814      0.117   0.540802    12.8841    -1.8129      0.116     0.3455    -0.3370 -9.990e-29
 264.423819      0.123   0.540596    12.8774    -1.8130      0.122     0.3454    -0.3362 -9.990e-29
 264.423825      0.134   0.540563    12.8718    -1.8129      0.133     0.3454    -0.3355 -9.990e-29
 264.423831      0.141   0.540768    12.8684    -1.8128      0.140     0.3456    -0.3349 -9.990e-29
 264.423837      0.142   0.541044    12.8663    -1.8128      0.141     0.3458    -0.3345 -9.990e-29
 264.423843      0.140   0.541319    12.8649    -1.8127      0.139     0.3460    -0.3342 -9.990e-29
 264.423848      0.140   0.541521    12.8643    -1.8127      0.139     0.3461    -0.3340 -9.990e-29
 264.423854      0.140   0.541479    12.8643    -1.8128      0.139     0.3461    -0.3340 -9.990e-29
 264.423860      0.143   0.541245    12.8646    -1.8130      0.142     0.3459    -0.3342 -9.990e-29
 264.423866      0.147   0.541167    12.8651    -1.8128      0.146     0.3459    -0.3343 -9.990e-29
 264.423872      0.153   0.541248    12.8655    -1.8126      0.152     0.3459    -0.3343 -9.990e-29
 264.423877      0.157   0.541157    12.8662    -1.8124      0.156     0.3459    -0.3344 -9.990e-29
 264.423883      0.155   0.540883    12.8672    -1.8124      0.154     0.3457    -0.3347 -9.990e-29
 264.423889      0.151   0.540718    12.8682    -1.8123      0.150     0.3456    -0.3349 -9.990e-29
 264.423895      0.150   0.540554    12.8690    -1.8124      0.149     0.3454    -0.3351 -9.990e-29
 264.423900      0.150   0.540280    12.8690    -1.8123      0.149     0.3453    -0.3353 -9.990e-29
 264.423906      0.153   0.540189    12.8682    -1.8123      0.152     0.3452    -0.3352 -9.990e-29
 264.423912      0.158   0.540270    12.8681    -1.8123      0.157     0.3453    -0.3352 -9.990e-29
 264.423918      0.161   0.540190    12.8699    -1.8123      0.160     0.3452    -0.3354 -9.990e-29
 264.423924      0.158   0.539955    12.8730    -1.8123      0.157     0.3450    -0.3360 -9.990e-29
 264.423929      0.154   0.539910    12.8757    -1.8124      0.153     0.3450    -0.3364 -9.990e-29
 264.423935      0.152   0.540102    12.8774    -1.8124      0.151     0.3451    -0.3365 -9.990e-29
 264.423941      0.152   0.540348    12.8784    -1.8124      0.151     0.3452    -0.3365 -9.990e-29
 264.423947      0.155   0.540537    12.8792    -1.8125      0.154     0.3453    -0.3365 -9.990e-29
 264.423953      0.159   0.540482    12.8799    -1.8125      0.158     0.3453    -0.3366 -9.990e-29
 264.423958      0.167   0.540220    12.8801    -1.8125      0.166     0.3451    -0.3368 -9.990e-29
 264.423964      0.173   0.540061    12.8798    -1.8124      0.172     0.3450    -0.3368 -9.990e-29
 264.423970      0.175   0.539902    12.8796    -1.8124      0.174     0.3449    -0.3369 -9.990e-29
 264.423976      0.176   0.539642    12.8794    -1.8123      0.175     0.3448    -0.3370 -9.990e-29
 264.423981      0.180   0.539592    12.8791    -1.8123      0.178     0.3447    -0.3370 -9.990e-29
 264.423987      0.185   0.539795    12.8787    -1.8121      0.183     0.3449    -0.3368 -9.990e-29
 264.423993      0.185   0.540083    12.8781    -1.8123      0.183     0.3451    -0.3366 -9.990e-29
 264.423999      0.185   0.540399    12.8773    -1.8124      0.183     0.3453    -0.3363 -9.990e-29
 264.424005      0.185   0.540724    12.8766    -1.8125      0.183     0.3455    -0.3361 -9.990e-29
 264.424010      0.181   0.541052    12.8764    -1.8124      0.179     0.3457    -0.3359 -9.990e-29
 264.424016      0.176   0.541381    12.8769    -1.8124      0.175     0.3459    -0.3358 -9.990e-29
 264.424022      0.175   0.541710    12.8782    -1.8125      0.174     0.3461    -0.3358 -9.990e-29
 264.424028      0.178   0.542040    12.8798    -1.8123      0.177     0.3463    -0.3358 -9.990e-29
 264.424034      0.185   0.542370    12.8809    -1.8123      0.183     0.3465    -0.3358 -9.990e-29
 264.424039      0.193   0.542701    12.8809    -1.8124      0.191     0.3468    -0.3356 -9.990e-29
 264.424045      0.200   0.543033    12.8800    -1.8125      0.198     0.3470    -0.3353 -9.990e-29
 264.424051      0.213   0.543372    12.8787    -1.8127      0.211     0.3472    -0.3350 -9.990e-29
 264.424057      0.224   0.543728    12.8777    -1.8127      0.222     0.3475    -0.3347 -9.990e-29
 264.424062      0.224   0.544139    12.8771    -1.8127      0.222     0.3477    -0.3344 -9.990e-29
 264.424068      0.218   0.544713    12.8770    -1.8126      0.216     0.3481    -0.3341 -9.990e-29
 264.424074      0.214   0.545226    12.8774    -1.8126      0.212     0.3485    -0.3338 -9.990e-29
 264.424080      0.213   0.545372    12.8780    -1.8127      0.211     0.3486    -0.3338 -9.990e-29
 264.424086      0.208   0.545458    12.8781    -1.8125      0.206     0.3486    -0.3338 -9.990e-29
 264.424091      0.206   0.545706    12.8770    -1.8125      0.204     0.3488    -0.3335 -9.990e-29
 264.424097      0.209   0.546008    12.8750    -1.8124      0.207     0.3490    -0.3331 -9.990e-29
 264.424103      0.213   0.546328    12.8727    -1.8128      0.211     0.3492    -0.3326 -9.990e-29
 264.424109      0.211   0.546654    12.8711    -1.8135      0.209     0.3495    -0.3323 -9.990e-29
 264.424115      0.202   0.546981    12.8707    -1.8141      0.200     0.3497    -0.3320 -9.990e-29
 264.424120      0.194   0.547305    12.8708    -1.8148      0.192     0.3499    -0.3319 -9.990e-29
 264.424126      0.191   0.547619    12.8708    -1.8154      0.189     0.3501    -0.3317 -9.990e-29
 264.424132      0.192   0.547903    12.8712    -1.8160      0.190     0.3503    -0.3316 -9.990e-29
 264.424138      0.199   0.548098    12.8721    -1.8166      0.197     0.3504    -0.3317 -9.990e-29
 264.424144      0.210   0.548023    12.8722    -1.8171      0.208     0.3504    -0.3317 -9.990e-29
 264.424149      0.224   0.547688    12.8695    -1.8177      0.222     0.3502    -0.3315 -9.990e-29
 264.424155      0.235   0.547308    12.8621    -1.8183      0.233     0.3500    -0.3307 -9.990e-29
 264.424161      0.246   0.546559    12.8502    -1.8189      0.244     0.3496    -0.3295 -9.990e-29
 264.424167      0.251   0.544884    12.8359    -1.8195      0.249     0.3486    -0.3285 -9.990e-29
 264.424172      0.249   0.542539    12.8208    -1.8201      0.247     0.3472    -0.3277 -9.990e-29
 264.424178      0.237   0.540023    12.8060    -1.8206      0.235     0.3456    -0.3271 -9.990e-29
 264.424184      0.221   0.537133    12.7917    -1.8211      0.219     0.3439    -0.3267 -9.990e-29
 264.424190      0.206   0.533978    12.7780    -1.8217      0.204     0.3419    -0.3265 -9.990e-29
 264.424196      0.197   0.530862    12.7646    -1.8222      0.195     0.3399    -0.3263 -9.990e-29
 264.424201      0.194   0.527595    12.7513    -1.8228      0.192     0.3379    -0.3263 -9.990e-29
 264.424207      0.195   0.524338    12.7378    -1.8233      0.193     0.3359    -0.3262 -9.990e-29
 264.424213      0.201   0.521267    12.7242    -1.8239      0.199     0.3339    -0.3260 -9.990e-29
 264.424219      0.213   0.518256    12.7107    -1.8247      0.211     0.3321    -0.3258 -9.990e-29
 264.424225      0.231   0.515264    12.6977    -1.8253      0.229     0.3302    -0.3256 -9.990e-29
 264.424230      0.251   0.512278    12.6850    -1.8260      0.249     0.3283    -0.3255 -9.990e-29
 264.424236      0.267   0.509292    12.6726    -1.8266      0.265     0.3264    -0.3254 -9.990e-29
 264.424242      0.281   0.506306    12.6601    -1.8271      0.279     0.3246    -0.3254 -9.990e-29
 264.424248      0.296   0.503319    12.6473    -1.8277      0.294     0.3227    -0.3252 -9.990e-29
 264.424253      0.309   0.500330    12.6344    -1.8282      0.306     0.3208    -0.3251 -9.990e-29
 264.424259      0.318   0.497340    12.6209    -1.8287      0.315     0.3190    -0.3249 -9.990e-29
 264.424265      0.322   0.494349    12.6064    -1.8293      0.319     0.3171    -0.3246 -9.990e-29
 264.424271      0.322   0.491359    12.5911    -1.8300      0.319     0.3152    -0.3242 -9.990e-29
 264.424277      0.318   0.488376    12.5756    -1.8306      0.315     0.3134    -0.3237 -9.990e-29
 264.424282      0.315   0.485415    12.5604    -1.8313      0.312     0.3115    -0.3233 -9.990e-29
 264.424288      0.315   0.482524    12.5461    -1.8320      0.312     0.3097    -0.3230 -9.990e-29
 264.424294      0.315   0.479846    12.5330    -1.8327      0.312     0.3081    -0.3227 -9.990e-29
 264.424300      0.314   0.477259    12.5208    -1.8332      0.311     0.3064    -0.3224 -9.990e-29
 264.424306      0.318   0.474216    12.5087    -1.8338      0.315     0.3045    -0.3225 -9.990e-29
 264.424311      0.322   0.470662    12.4959    -1.8344      0.319     0.3023    -0.3227 -9.990e-29
 264.424317      0.321   0.466964    12.4819    -1.8350      0.318     0.2999    -0.3228 -9.990e-29
 264.424323      0.317   0.463302    12.4669    -1.8355      0.314     0.2976    -0.3228 -9.990e-29
 264.424329      0.308   0.459905    12.4517    -1.8363      0.305     0.2955    -0.3226 -9.990e-29
 264.424334      0.299   0.456805    12.4364    -1.8369      0.297     0.2935    -0.3223 -9.990e-29
 264.424340      0.292   0.453884    12.4211    -1.8376      0.290     0.2917    -0.3219 -9.990e-29
 264.424346      0.288   0.451261    12.4063    -1.8382      0.286     0.2901    -0.3214 -9.990e-29
 264.424352      0.286   0.448909    12.3923    -1.8386      0.284     0.2886    -0.3208 -9.990e-29
 264.424358      0.287   0.446611    12.3787    -1.8393      0.285     0.2872    -0.3203 -9.990e-29
