data/oxygen options/ONMS/Olympic_Coast_National_Marine_Sanctuary_CTD_Data_2005_2023/raw_data/2012/CAST_KL050_120920faed.cnv
* Sea-Bird SBE19 Data File:
* FileName = C:\Documents and Settings\OCNMS\Desktop\2012 mooring data\Hypoxia Sampling\120920\CAST_KL050_120920.hex
* Software Version 1.25
* Temperature SN = 2997
* Conductivity SN = 2997
* System UpLoad Time = Sep 20 2012 10:39:30
** CAST_KL050_120920
* SEACAT PROFILER V3.1c SN 2997   09/20/12  10:37:26.248
# nquan = 9                                 
# nvalues = 1528                        
# units = specified
# name 0 = timeJ: Julian Days
# name 1 = prSM: Pressure, Strain Gauge [db]
# name 2 = c0mS/cm: Conductivity [mS/cm]
# name 3 = t090C: Temperature [ITS-90, deg C]
# name 4 = sbeox0ML/L: Oxygen, SBE 43 [ml/l]
# name 5 = depSM: Depth [salt water, m], lat = 47.5
# name 6 = sal00: Salinity, Practical [PSU]
# name 7 = sigma-é00: Density [sigma-theta, kg/m^3]
# name 8 = flag: flag
# span 0 = 264.420660, 264.429497       
# span 1 =     -4.981,     50.271       
# span 2 =   0.172190,  38.297064       
# span 3 =     7.4054,    13.3977       
# span 4 =    -1.8968,    13.6166       
# span 5 =     -4.939,     49.845       
# span 6 =     0.1114,    33.6692       
# span 7 =    -0.3433,    26.3149       
# span 8 = 0.0000e+00, 0.0000e+00       
# interval = seconds: 0.5
# start_time = Sep 20 2012 10:05:45 [Instrument's time stamp, header]
# bad_flag = -9.990e-29
*END*
[from data line 801]
 264.425295      1.670  38.014551    13.3824     6.6770      1.656    31.8778    23.9001 -9.990e-29
 264.425301      1.675  37.990330    13.3829     6.9018      1.661    31.8548    23.8822 -9.990e-29
 264.425307      1.677  37.976306    13.3845     6.9289      1.663    31.8404    23.8707 -9.990e-29
 264.425313      1.675  37.990164    13.3862     6.8517      1.661    31.8519    23.8793 -9.990e-29
 264.425318      1.669  38.032412    13.3882     6.7568      1.655    31.8897    23.9081 -9.990e-29
 264.425324      1.663  38.107786    13.3895     6.6843      1.649    31.9589    23.9614 -9.990e-29
 264.425330      1.662  38.196823    13.3890     6.6291      1.648    32.0425    24.0261 -9.990e-29
 264.425336      1.660  38.252327    13.3879     6.6008      1.646    32.0953    24.0671 -9.990e-29
 264.425341      1.658  38.271489    13.3878     6.5667      1.644    32.1133    24.0810 -9.990e-29
 264.425347      1.659  38.278697    13.3884     6.5342      1.645    32.1195    24.0857 -9.990e-29
 264.425353      1.660  38.281281    13.3881     6.5120      1.646    32.1221    24.0878 -9.990e-29
 264.425359      1.657  38.281526    13.3870     6.5149      1.643    32.1233    24.0889 -9.990e-29
 264.425365      1.648  38.281398    13.3862     6.5233      1.634    32.1239    24.0895 -9.990e-29
 264.425370      1.639  38.281246    13.3860     6.5152      1.625    32.1239    24.0896 -9.990e-29
 264.425376      1.632  38.280829    13.3858     6.5084      1.618    32.1237    24.0895 -9.990e-29
 264.425382      1.623  38.280110    13.3854     6.5009      1.609    32.1233    24.0893 -9.990e-29
 264.425388      1.611  38.278652    13.3850     6.5032      1.598    32.1223    24.0886 -9.990e-29
 264.425394      1.605  38.277270    13.3848     6.5130      1.592    32.1212    24.0877 -9.990e-29
 264.425399      1.603  38.277447    13.3852     6.5192      1.590    32.1210    24.0875 -9.990e-29
 264.425405      1.601  38.278816    13.3858     6.5257      1.588    32.1218    24.0880 -9.990e-29
 264.425411      1.604  38.279800    13.3859     6.5135      1.591    32.1226    24.0886 -9.990e-29
 264.425417      1.612  38.279990    13.3861     6.5034      1.599    32.1226    24.0886 -9.990e-29
 264.425422      1.620  38.280158    13.3861     6.4941      1.606    32.1228    24.0887 -9.990e-29
 264.425428      1.630  38.280488    13.3857     6.4832      1.616    32.1234    24.0893 -9.990e-29
 264.425434      1.642  38.280259    13.3848     6.4908      1.628    32.1240    24.0899 -9.990e-29
 264.425440      1.657  38.279127    13.3838     6.4987      1.643    32.1238    24.0899 -9.990e-29
 264.425446      1.672  38.278343    13.3832     6.5083      1.658    32.1235    24.0899 -9.990e-29
 264.425451      1.682  38.279064    13.3833     6.5051      1.668    32.1241    24.0903 -9.990e-29
 264.425457      1.689  38.281649    13.3840     6.5120      1.675    32.1259    24.0916 -9.990e-29
 264.425463      1.694  38.285581    13.3848     6.5169      1.680    32.1289    24.0937 -9.990e-29
 264.425469      1.696  38.287656    13.3854     6.5109      1.682    32.1304    24.0947 -9.990e-29
 264.425475      1.695  38.286679    13.3862     6.5158      1.681    32.1288    24.0933 -9.990e-29
 264.425480      1.692  38.286352    13.3877     6.5287      1.678    32.1272    24.0918 -9.990e-29
 264.425486      1.687  38.288439    13.3893     6.5253      1.673    32.1278    24.0920 -9.990e-29
 264.425492      1.679  38.288958    13.3891     6.5316      1.665    32.1285    24.0925 -9.990e-29
 264.425498      1.667  38.286321    13.3874     6.5382      1.653    32.1274    24.0920 -9.990e-29
 264.425503      1.655  38.283695    13.3859     6.5214      1.641    32.1263    24.0914 -9.990e-29
 264.425509      1.651  38.282025    13.3847     6.5260      1.637    32.1257    24.0912 -9.990e-29
 264.425515      1.655  38.280725    13.3836     6.5279      1.641    32.1254    24.0912 -9.990e-29
 264.425521      1.663  38.279701    13.3828     6.5201      1.649    32.1251    24.0912 -9.990e-29
 264.425527      1.674  38.278669    13.3824     6.5357      1.660    32.1245    24.0908 -9.990e-29
 264.425532      1.686  38.277891    13.3825     6.5281      1.672    32.1237    24.0901 -9.990e-29
 264.425538      1.696  38.277971    13.3831     6.5188      1.682    32.1233    24.0897 -9.990e-29
 264.425544      1.703  38.278417    13.3838     6.5112      1.689    32.1231    24.0894 -9.990e-29
 264.425550      1.708  38.278107    13.3840     6.4990      1.694    32.1226    24.0890 -9.990e-29
 264.425556      1.711  38.277168    13.3837     6.5144      1.697    32.1220    24.0886 -9.990e-29
 264.425561      1.713  38.276578    13.3834     6.5216      1.699    32.1217    24.0884 -9.990e-29
 264.425567      1.713  38.277224    13.3832     6.5259      1.699    32.1225    24.0890 -9.990e-29
 264.425573      1.713  38.278842    13.3826     6.5257      1.699    32.1245    24.0907 -9.990e-29
 264.425579      1.711  38.280229    13.3818     6.5262      1.697    32.1265    24.0924 -9.990e-29
 264.425584      1.707  38.280993    13.3810     6.5341      1.693    32.1278    24.0936 -9.990e-29
 264.425590      1.702  38.281033    13.3805     6.5231      1.688    32.1283    24.0941 -9.990e-29
 264.425596      1.700  38.280401    13.3808     6.5313      1.686    32.1275    24.0934 -9.990e-29
 264.425602      1.704  38.279378    13.3814     6.5234      1.690    32.1260    24.0921 -9.990e-29
 264.425608      1.710  38.278282    13.3822     6.5220      1.696    32.1243    24.0907 -9.990e-29
 264.425613      1.715  38.277893    13.3828     6.5122      1.701    32.1234    24.0899 -9.990e-29
 264.425619      1.719  38.278815    13.3835     6.5111      1.705    32.1237    24.0899 -9.990e-29
 264.425625      1.722  38.280597    13.3844     6.5090      1.708    32.1246    24.0904 -9.990e-29
 264.425631      1.724  38.281693    13.3848     6.5229      1.710    32.1253    24.0909 -9.990e-29
 264.425637      1.725  38.281326    13.3844     6.5179      1.711    32.1253    24.0910 -9.990e-29
 264.425642      1.727  38.280128    13.3837     6.5260      1.713    32.1248    24.0907 -9.990e-29
 264.425648      1.727  38.279304    13.3835     6.5227      1.713    32.1242    24.0903 -9.990e-29
 264.425654      1.728  38.279437    13.3838     6.5307      1.714    32.1240    24.0901 -9.990e-29
 264.425660      1.728  38.279584    13.3840     6.5296      1.714    32.1240    24.0901 -9.990e-29
 264.425666      1.728  38.279381    13.3842     6.5363      1.714    32.1236    24.0897 -9.990e-29
 264.425671      1.727  38.279679    13.3845     6.5395      1.713    32.1237    24.0897 -9.990e-29
 264.425677      1.726  38.280878    13.3853     6.5415      1.712    32.1241    24.0899 -9.990e-29
 264.425683      1.725  38.282336    13.3859     6.5429      1.711    32.1250    24.0904 -9.990e-29
 264.425689      1.723  38.283194    13.3860     6.5370      1.709    32.1257    24.0910 -9.990e-29
 264.425694      1.720  38.283479    13.3860     6.5355      1.706    32.1259    24.0912 -9.990e-29
 264.425700      1.716  38.283569    13.3861     6.5263      1.702    32.1259    24.0912 -9.990e-29
 264.425706      1.712  38.284145    13.3871     6.5310      1.698    32.1256    24.0907 -9.990e-29
 264.425712      1.706  38.285978    13.3894     6.5136      1.692    32.1254    24.0901 -9.990e-29
 264.425718      1.703  38.287589    13.3911     6.5106      1.689    32.1255    24.0898 -9.990e-29
 264.425723      1.706  38.287204    13.3912     6.5118      1.692    32.1250    24.0894 -9.990e-29
 264.425729      1.712  38.285993    13.3910     6.5196      1.698    32.1241    24.0887 -9.990e-29
 264.425735      1.717  38.285145    13.3909     6.5238      1.703    32.1234    24.0882 -9.990e-29
 264.425741      1.720  38.284652    13.3909     6.5095      1.706    32.1229    24.0878 -9.990e-29
 264.425747      1.723  38.284416    13.3908     6.5113      1.709    32.1228    24.0878 -9.990e-29
 264.425752      1.725  38.284124    13.3905     6.5113      1.711    32.1228    24.0878 -9.990e-29
 264.425758      1.727  38.284508    13.3903     6.5297      1.713    32.1233    24.0883 -9.990e-29
 264.425764      1.728  38.286081    13.3906     6.5499      1.714    32.1245    24.0891 -9.990e-29
 264.425770      1.729  38.287579    13.3915     6.5438      1.715    32.1251    24.0894 -9.990e-29
 264.425775      1.730  38.288197    13.3924     6.5398      1.716    32.1250    24.0891 -9.990e-29
 264.425781      1.730  38.288201    13.3926     6.5312      1.716    32.1248    24.0890 -9.990e-29
 264.425787      1.731  38.288158    13.3925     6.5077      1.717    32.1248    24.0890 -9.990e-29
 264.425793      1.731  38.288573    13.3929     6.5124      1.717    32.1249    24.0890 -9.990e-29
 264.425799      1.731  38.289437    13.3938     6.5139      1.717    32.1249    24.0888 -9.990e-29
 264.425804      1.731  38.290223    13.3946     6.5248      1.717    32.1250    24.0887 -9.990e-29
 264.425810      1.731  38.289739    13.3947     6.5464      1.717    32.1245    24.0883 -9.990e-29
 264.425816      1.731  38.287901    13.3939     6.5275      1.717    32.1234    24.0876 -9.990e-29
 264.425822      1.730  38.286182    13.3922     6.5216      1.716    32.1232    24.0878 -9.990e-29
 264.425828      1.730  38.285095    13.3899     6.5220      1.716    32.1242    24.0890 -9.990e-29
 264.425833      1.729  38.284312    13.3882     6.5095      1.715    32.1249    24.0899 -9.990e-29
 264.425839      1.727  38.283910    13.3880     6.5275      1.713    32.1247    24.0898 -9.990e-29
 264.425845      1.726  38.283911    13.3885     6.5420      1.712    32.1242    24.0894 -9.990e-29
 264.425851      1.724  38.283757    13.3884     6.5451      1.710    32.1242    24.0893 -9.990e-29
 264.425856      1.721  38.283244    13.3877     6.5479      1.707    32.1243    24.0896 -9.990e-29
 264.425862      1.718  38.282812    13.3868     6.5391      1.704    32.1246    24.0900 -9.990e-29
 264.425868      1.714  38.282444    13.3862     6.5394      1.700    32.1248    24.0903 -9.990e-29
 264.425874      1.708  38.282212    13.3859     6.5406      1.694    32.1249    24.0903 -9.990e-29
 264.425880      1.701  38.282367    13.3857     6.5468      1.687    32.1252    24.0906 -9.990e-29
 264.425885      1.692  38.282556    13.3855     6.5406      1.678    32.1255    24.0909 -9.990e-29
 264.425891      1.680  38.282472    13.3853     6.5300      1.666    32.1256    24.0910 -9.990e-29
 264.425897      1.673  38.282566    13.3851     6.5269      1.659    32.1259    24.0913 -9.990e-29
 264.425903      1.680  38.282964    13.3850     6.5255      1.666    32.1263    24.0917 -9.990e-29
 264.425909      1.692  38.283076    13.3852     6.5173      1.678    32.1263    24.0916 -9.990e-29
 264.425914      1.701  38.283052    13.3856     6.4980      1.687    32.1259    24.0912 -9.990e-29
 264.425920      1.708  38.283422    13.3862     6.4932      1.694    32.1257    24.0910 -9.990e-29
 264.425926      1.714  38.284119    13.3870     6.5089      1.700    32.1257    24.0908 -9.990e-29
 264.425932      1.718  38.284953    13.3874     6.5284      1.704    32.1261    24.0910 -9.990e-29
 264.425937      1.721  38.285914    13.3874     6.5262      1.707    32.1270    24.0917 -9.990e-29
 264.425943      1.724  38.286605    13.3874     6.5328      1.710    32.1277    24.0922 -9.990e-29
 264.425949      1.726  38.286267    13.3875     6.5347      1.712    32.1273    24.0919 -9.990e-29
 264.425955      1.727  38.285569    13.3877     6.5489      1.713    32.1265    24.0912 -9.990e-29
 264.425961      1.729  38.285825    13.3883     6.5421      1.715    32.1262    24.0909 -9.990e-29
 264.425966      1.730  38.286816    13.3896     6.5130      1.716    32.1260    24.0905 -9.990e-29
 264.425972      1.731  38.288184    13.3911     6.5088      1.717    32.1260    24.0902 -9.990e-29
 264.425978      1.731  38.290072    13.3921     6.5137      1.717    32.1270    24.0907 -9.990e-29
 264.425984      1.732  38.291076    13.3926     6.5320      1.718    32.1275    24.0910 -9.990e-29
 264.425990      1.732  38.290293    13.3926     6.5281      1.718    32.1267    24.0905 -9.990e-29
 264.425995      1.732  38.289483    13.3925     6.5146      1.718    32.1261    24.0900 -9.990e-29
 264.426001      1.732  38.289810    13.3925     6.5276      1.718    32.1264    24.0902 -9.990e-29
 264.426007      1.732  38.290589    13.3926     6.5322      1.718    32.1270    24.0907 -9.990e-29
 264.426013      1.733  38.290618    13.3927     6.5332      1.719    32.1270    24.0906 -9.990e-29
 264.426019      1.733  38.289936    13.3930     6.5364      1.719    32.1261    24.0899 -9.990e-29
 264.426024      1.733  38.289316    13.3933     6.5417      1.719    32.1252    24.0892 -9.990e-29
 264.426030      1.733  38.288492    13.3933     6.5462      1.719    32.1245    24.0886 -9.990e-29
 264.426036      1.733  38.287487    13.3930     6.5416      1.719    32.1238    24.0881 -9.990e-29
 264.426042      1.733  38.286645    13.3928     6.5278      1.719    32.1232    24.0877 -9.990e-29
 264.426047      1.733  38.285965    13.3923     6.5205      1.719    32.1230    24.0876 -9.990e-29
 264.426053      1.733  38.285662    13.3915     6.5220      1.719    32.1233    24.0881 -9.990e-29
 264.426059      1.733  38.285894    13.3908     6.5328      1.719    32.1242    24.0888 -9.990e-29
 264.426065      1.733  38.286410    13.3908     6.5372      1.719    32.1246    24.0892 -9.990e-29
 264.426071      1.733  38.286776    13.3909     6.5371      1.719    32.1249    24.0894 -9.990e-29
 264.426076      1.733  38.286923    13.3909     6.5357      1.719    32.1250    24.0895 -9.990e-29
 264.426082      1.733  38.287046    13.3907     6.5264      1.719    32.1253    24.0897 -9.990e-29
 264.426088      1.733  38.286752    13.3903     6.5122      1.719    32.1254    24.0899 -9.990e-29
 264.426094      1.733  38.285650    13.3900     6.4965      1.719    32.1246    24.0893 -9.990e-29
 264.426100      1.733  38.284512    13.3896     6.4950      1.719    32.1239    24.0888 -9.990e-29
 264.426105      1.733  38.284063    13.3890     6.5010      1.719    32.1240    24.0890 -9.990e-29
 264.426111      1.733  38.284265    13.3886     6.5098      1.719    32.1245    24.0895 -9.990e-29
 264.426117      1.733  38.284827    13.3886     6.5156      1.719    32.1250    24.0899 -9.990e-29
 264.426123      1.733  38.285381    13.3887     6.5220      1.719    32.1254    24.0902 -9.990e-29
 264.426128      1.733  38.286106    13.3888     6.5299      1.719    32.1260    24.0907 -9.990e-29
 264.426134      1.733  38.286846    13.3893     6.5376      1.719    32.1263    24.0908 -9.990e-29
 264.426140      1.733  38.286908    13.3899     6.5312      1.719    32.1259    24.0903 -9.990e-29
 264.426146      1.733  38.286938    13.3905     6.5317      1.719    32.1254    24.0898 -9.990e-29
 264.426152      1.733  38.287536    13.3908     6.5415      1.719    32.1257    24.0900 -9.990e-29
 264.426157      1.733  38.287817    13.3908     6.5302      1.719    32.1259    24.0902 -9.990e-29
 264.426163      1.733  38.287597    13.3907     6.5098      1.719    32.1258    24.0901 -9.990e-29
 264.426169      1.733  38.287706    13.3907     6.4997      1.719    32.1259    24.0902 -9.990e-29
 264.426175      1.733  38.288291    13.3907     6.5031      1.719    32.1265    24.0906 -9.990e-29
 264.426181      1.733  38.288449    13.3906     6.5274      1.719    32.1267    24.0908 -9.990e-29
 264.426186      1.733  38.287832    13.3907     6.5454      1.719    32.1260    24.0903 -9.990e-29
 264.426192      1.733  38.287300    13.3910     6.5453      1.719    32.1253    24.0897 -9.990e-29
 264.426198      1.733  38.287268    13.3909     6.5461      1.719    32.1254    24.0897 -9.990e-29
 264.426204      1.733  38.287131    13.3906     6.5339      1.719    32.1255    24.0899 -9.990e-29
 264.426209      1.733  38.286708    13.3907     6.5107      1.719    32.1250    24.0895 -9.990e-29
