data/oxygen options/ONMS/Olympic_Coast_National_Marine_Sanctuary_CTD_Data_2005_2023/raw_data/2012/CAST_TH042_121008faedb.cnv
* Sea-Bird SBE19 Data File:
* FileName = C:\Documents and Settings\OCNMS\Desktop\2012 mooring data\RECOVERY\CAST_TH042_121008.hex
* Software Version 1.25
* Temperature SN = 2997
* Conductivity SN = 2997
* System UpLoad Time = Oct 09 2012 08:02:56
** CAST_TH042_121008
* SEACAT PROFILER V3.1c SN 2997   10/09/12  08:02:10.923
# nquan = 9
# nvalues = 41                          
# units = specified
# name 0 = timeJ: Julian Days
# name 1 = prSM: Pressure, Strain Gauge [db]
# name 2 = c0mS/cm: Conductivity [mS/cm]
# name 3 = t090C: Temperature [ITS-90, deg C]
# name 4 = sbeox0ML/L: Oxygen, SBE 43 [ml/l]
# name 5 = depSM: Depth [salt water, m], lat = 47.5
# name 6 = sal00: Salinity, Practical [PSU]
# name 7 = sigma-é00: Density [sigma-theta, kg/m^3]
# name 8 = flag: flag
# span 0 = 282.610294, 282.610777       
# span 1 =      3.000,     43.000       
# span 2 =  34.594527,  35.123305       
# span 3 =     7.6736,     8.8820       
# span 4 =     2.3254,     5.1349       
# span 5 =      2.975,     42.637       
# span 6 =    32.9924,    33.5758       
# span 7 =    25.5648,    26.2030       
# span 8 = 0.0000e+00, 0.0000e+00       
# interval = decibars: 1                
# start_time = Oct 08 2012 14:32:21 [Instrument's time stamp, header]
# bad_flag = -9.990e-29
*END*
 282.610294      3.000  35.122376     8.8820     5.1020      2.975    32.9928    25.5651 0.0000e+00
 282.610316      4.000  35.122339     8.8816     5.1261      3.967    32.9928    25.5651 0.0000e+00
 282.610329      5.000  35.122792     8.8819     5.1349      4.958    32.9924    25.5648 0.0000e+00
 282.610341      6.000  35.122994     8.8799     5.0688      5.950    32.9941    25.5665 0.0000e+00
 282.610353      7.000  35.123305     8.8756     5.0119      6.942    32.9979    25.5701 0.0000e+00
 282.610365      8.000  35.118092     8.8582     4.9336      7.933    33.0082    25.5809 0.0000e+00
 282.610376      9.000  35.104707     8.8326     4.8395      8.925    33.0177    25.5923 0.0000e+00
 282.610388     10.000  35.093333     8.8090     4.6783      9.916    33.0272    25.6035 0.0000e+00
 282.610398     11.000  35.077432     8.7679     4.5300     10.908    33.0486    25.6265 0.0000e+00
 282.610409     12.000  35.035059     8.6940     4.4500     11.899    33.0727    25.6568 0.0000e+00
 282.610420     13.000  34.985969     8.6129     4.4075     12.891    33.0966    25.6879 0.0000e+00
 282.610431     14.000  34.961113     8.5585     4.3814     13.883    33.1211    25.7154 0.0000e+00
 282.610442     15.000  34.940827     8.5180     4.3033     14.875    33.1373    25.7342 0.0000e+00
 282.610453     16.000  34.915581     8.4733     4.1759     15.866    33.1522    25.7527 0.0000e+00
 282.610465     17.000  34.896875     8.4387     4.0194     16.857    33.1646    25.7677 0.0000e+00
 282.610477     18.000  34.880176     8.3887     3.8509     17.849    33.1936    25.7980 0.0000e+00
 282.610488     19.000  34.836255     8.2993     3.6895     18.841    33.2310    25.8407 0.0000e+00
 282.610498     20.000  34.784912     8.2179     3.5415     19.832    33.2532    25.8703 0.0000e+00
 282.610509     21.000  34.748990     8.1573     3.3654     20.824    33.2720    25.8940 0.0000e+00
 282.610521     22.000  34.711427     8.0782     3.1882     21.815    33.3066    25.9328 0.0000e+00
 282.610532     23.000  34.667280     7.9985     3.0717     22.807    33.3349    25.9668 0.0000e+00
 282.610543     24.000  34.649782     7.9517     2.9205     23.798    33.3604    25.9937 0.0000e+00
 282.610555     25.000  34.647149     7.9177     2.6944     24.790    33.3896    26.0215 0.0000e+00
 282.610566     26.000  34.650328     7.8970     2.5536     25.781    33.4124    26.0425 0.0000e+00
 282.610578     27.000  34.650575     7.8626     2.4289     26.773    33.4450    26.0731 0.0000e+00
 282.610588     28.000  34.651727     7.8417     2.3254     27.765    33.4658    26.0926 0.0000e+00
 282.610599     29.000  34.650134     7.8248     2.3435     28.756    33.4799    26.1061 0.0000e+00
 282.610610     30.000  34.644850     7.7843     2.4052     29.747    33.5127    26.1377 0.0000e+00
 282.610620     31.000  34.622358     7.7247     2.4301     30.739    33.5453    26.1720 0.0000e+00
 282.610631     32.000  34.599400     7.6855     2.4769     31.731    33.5580    26.1875 0.0000e+00
 282.610642     33.000  34.594527     7.6738     2.5485     32.722    33.5635    26.1936 0.0000e+00
 282.610653     34.000  34.597751     7.6736     2.5678     33.713    33.5667    26.1961 0.0000e+00
 282.610665     35.000  34.603214     7.6753     2.5505     34.705    33.5705    26.1988 0.0000e+00
 282.610675     36.000  34.605401     7.6760     2.5512     35.696    33.5716    26.1997 0.0000e+00
 282.610687     37.000  34.605312     7.6760     2.5429     36.688    33.5711    26.1993 0.0000e+00
 282.610698     38.000  34.607001     7.6757     2.5349     37.679    33.5727    26.2006 0.0000e+00
 282.610710     39.000  34.609405     7.6761     2.5311     38.671    33.5745    26.2019 0.0000e+00
 282.610721     40.000  34.610511     7.6767     2.5167     39.663    33.5746    26.2019 0.0000e+00
 282.610734     41.000  34.611391     7.6775     2.5233     40.654    33.5743    26.2016 0.0000e+00
 282.610751     42.000  34.612989     7.6782     2.5147     41.645    33.5749    26.2020 0.0000e+00
 282.610777     43.000  34.612877     7.6765     2.4980     42.637    33.5758    26.2030 0.0000e+00
