data/oxygen options/ONMS/Olympic_Coast_National_Marine_Sanctuary_CTD_Data_2005_2023/raw_data/2012/CAST_CA015_1200829faed.cnv
* Sea-Bird SBE19 Data File:
* FileName = C:\Documents and Settings\OCNMS\Desktop\2012 mooring data\2nd service\CAST_CA015_1200829.hex
* Software Version 1.25
* Temperature SN = 2997
* Conductivity SN = 2997
* System UpLoad Time = Aug 30 2012 08:47:23
** CAST_CA015_120829
* SEACAT PROFILER V3.1c SN 2997   08/30/12  08:43:06.385
# nquan = 9                                 
# nvalues = 799                         
# units = specified
# name 0 = timeJ: Julian Days
# name 1 = prSM: Pressure, Strain Gauge [db]
# name 2 = c0mS/cm: Conductivity [mS/cm]
# name 3 = t090C: Temperature [ITS-90, deg C]
# name 4 = sbeox0ML/L: Oxygen, SBE 43 [ml/l]
# name 5 = depSM: Depth [salt water, m], lat = 47.5
# name 6 = sal00: Salinity, Practical [PSU]
# name 7 = sigma-é00: Density [sigma-theta, kg/m^3]
# name 8 = flag: flag
# span 0 = 242.593079, 242.597697       
# span 1 =     -5.509,     14.800       
# span 2 =   0.198396,  38.192051       
# span 3 =    10.8548,    15.1320       
# span 4 =    -1.7417,    24.5392       
# span 5 =     -5.463,     14.676       
# span 6 =     0.1183,    32.7232       
# span 7 =    -0.8061,    25.0286       
# span 8 = 0.0000e+00, 0.0000e+00       
# interval = seconds: 0.5
# start_time = Aug 29 2012 14:14:02 [Instrument's time stamp, header]
# bad_flag = -9.990e-29
*END*
[from data line 481]
 242.595862      0.654  38.007099    12.5299     6.1204      0.649    32.5973    24.6233 -9.990e-29
 242.595868      0.654  37.977516    12.5216     6.2029      0.649    32.5762    24.6086 -9.990e-29
 242.595874      0.655  37.992040    12.5157     6.1980      0.650    32.5952    24.6244 -9.990e-29
 242.595880      0.655  37.998271    12.5124     6.1586      0.650    32.6040    24.6319 -9.990e-29
 242.595885      0.655  37.948506    12.5094     6.1260      0.650    32.5591    24.5976 -9.990e-29
 242.595891      0.656  37.863330    12.5065     6.0951      0.651    32.4802    24.5371 -9.990e-29
 242.595897      0.656  37.790526    12.5056     6.0533      0.651    32.4115    24.4840 -9.990e-29
 242.595903      0.657  37.753927    12.5076     6.0037      0.652    32.3748    24.4552 -9.990e-29
 242.595909      0.658  37.743341    12.5114     5.9805      0.653    32.3614    24.4441 -9.990e-29
 242.595914      0.659  37.741865    12.5157     5.9789      0.653    32.3563    24.4393 -9.990e-29
 242.595920      0.660  37.745301    12.5200     5.9816      0.654    32.3559    24.4381 -9.990e-29
 242.595926      0.661  37.749839    12.5238     5.9843      0.655    32.3570    24.4382 -9.990e-29
 242.595932      0.663  37.752017    12.5272     5.9735      0.657    32.3561    24.4369 -9.990e-29
 242.595937      0.665  37.752511    12.5270     5.9584      0.659    32.3567    24.4375 -9.990e-29
 242.595943      0.668  37.748631    12.5196     5.9571      0.662    32.3594    24.4409 -9.990e-29
 242.595949      0.671  37.739138    12.5092     5.9542      0.665    32.3593    24.4428 -9.990e-29
 242.595955      0.676  37.730996    12.5032     5.9598      0.670    32.3567    24.4420 -9.990e-29
 242.595961      0.682  37.730725    12.5027     5.9819      0.676    32.3569    24.4422 -9.990e-29
 242.595966      0.686  37.735173    12.5054     5.9739      0.680    32.3588    24.4432 -9.990e-29
 242.595972      0.682  37.737956    12.5115     5.9651      0.676    32.3562    24.4400 -9.990e-29
 242.595978      0.677  37.741674    12.5190     5.9319      0.671    32.3533    24.4363 -9.990e-29
 242.595984      0.673  37.747376    12.5238     5.9169      0.667    32.3546    24.4364 -9.990e-29
 242.595990      0.670  37.749792    12.5240     5.9336      0.664    32.3567    24.4380 -9.990e-29
 242.595995      0.667  37.748234    12.5217     5.9498      0.661    32.3572    24.4388 -9.990e-29
 242.596001      0.666  37.745119    12.5215     5.9664      0.660    32.3544    24.4367 -9.990e-29
 242.596007      0.665  37.743591    12.5253     5.9445      0.659    32.3497    24.4323 -9.990e-29
 242.596013      0.665  37.746663    12.5302     5.9336      0.659    32.3484    24.4304 -9.990e-29
 242.596019      0.665  37.751722    12.5343     5.9300      0.659    32.3497    24.4306 -9.990e-29
 242.596024      0.666  37.755440    12.5395     5.9322      0.660    32.3488    24.4289 -9.990e-29
 242.596030      0.668  37.759427    12.5455     5.9354      0.662    32.3474    24.4267 -9.990e-29
 242.596036      0.671  37.762286    12.5491     5.9209      0.665    32.3471    24.4257 -9.990e-29
 242.596042      0.675  37.758318    12.5470     5.9122      0.669    32.3451    24.4246 -9.990e-29
 242.596047      0.679  37.746168    12.5399     5.9056      0.673    32.3396    24.4217 -9.990e-29
 242.596053      0.686  37.735978    12.5346     5.9220      0.680    32.3344    24.4187 -9.990e-29
 242.596059      0.694  37.739386    12.5321     5.9324      0.688    32.3398    24.4234 -9.990e-29
 242.596065      0.701  37.749739    12.5270     5.9628      0.695    32.3541    24.4354 -9.990e-29
 242.596071      0.702  37.752279    12.5201     5.9620      0.696    32.3625    24.4432 -9.990e-29
 242.596076      0.702  37.747043    12.5144     5.9613      0.696    32.3624    24.4442 -9.990e-29
 242.596082      0.704  37.741068    12.5099     5.9701      0.698    32.3605    24.4437 -9.990e-29
 242.596088      0.710  37.737043    12.5056     5.9808      0.704    32.3604    24.4444 -9.990e-29
 242.596094      0.719  37.736333    12.5026     5.9660      0.713    32.3623    24.4464 -9.990e-29
 242.596100      0.733  37.737445    12.5039     5.9464      0.727    32.3622    24.4461 -9.990e-29
 242.596105      0.747  37.738509    12.5094     5.9202      0.741    32.3585    24.4422 -9.990e-29
 242.596111      0.758  37.739833    12.5160     5.9122      0.752    32.3541    24.4375 -9.990e-29
 242.596117      0.767  37.740955    12.5218     5.9169      0.761    32.3502    24.4334 -9.990e-29
 242.596123      0.775  37.739461    12.5249     5.9418      0.769    32.3461    24.4296 -9.990e-29
 242.596128      0.786  37.735613    12.5247     5.9407      0.779    32.3426    24.4269 -9.990e-29
 242.596134      0.796  37.734379    12.5252     5.9596      0.789    32.3409    24.4256 -9.990e-29
 242.596140      0.799  37.736926    12.5311     5.9632      0.792    32.3383    24.4224 -9.990e-29
 242.596146      0.798  37.741057    12.5415     5.9779      0.791    32.3333    24.4165 -9.990e-29
 242.596152      0.793  37.746691    12.5518     5.9761      0.786    32.3298    24.4119 -9.990e-29
 242.596157      0.780  37.753509    12.5580     5.9521      0.773    32.3310    24.4116 -9.990e-29
 242.596163      0.762  37.760531    12.5600     5.9257      0.756    32.3360    24.4151 -9.990e-29
 242.596169      0.747  37.765927    12.5585     5.9008      0.741    32.3424    24.4203 -9.990e-29
 242.596175      0.737  37.767380    12.5535     5.9243      0.731    32.3481    24.4257 -9.990e-29
 242.596181      0.732  37.765722    12.5468     5.9462      0.726    32.3523    24.4302 -9.990e-29
 242.596186      0.728  37.763794    12.5405     5.9727      0.722    32.3559    24.4342 -9.990e-29
 242.596192      0.721  37.760718    12.5344     5.9568      0.715    32.3582    24.4372 -9.990e-29
 242.596198      0.713  37.755761    12.5307     5.9412      0.707    32.3566    24.4367 -9.990e-29
 242.596204      0.708  37.752411    12.5313     5.9352      0.702    32.3529    24.4337 -9.990e-29
 242.596209      0.707  37.751814    12.5316     5.9401      0.701    32.3521    24.4330 -9.990e-29
 242.596215      0.710  37.751505    12.5287     5.9514      0.704    32.3543    24.4352 -9.990e-29
 242.596221      0.716  37.748841    12.5245     5.9589      0.710    32.3554    24.4369 -9.990e-29
 242.596227      0.725  37.744206    12.5210     5.9597      0.719    32.3540    24.4365 -9.990e-29
 242.596233      0.735  37.740956    12.5206     5.9428      0.729    32.3512    24.4344 -9.990e-29
 242.596238      0.742  37.741490    12.5241     5.9440      0.736    32.3487    24.4318 -9.990e-29
 242.596244      0.746  37.744289    12.5280     5.9354      0.740    32.3480    24.4305 -9.990e-29
 242.596250      0.746  37.746376    12.5297     5.9298      0.740    32.3485    24.4306 -9.990e-29
 242.596256      0.749  37.747743    12.5297     5.9601      0.743    32.3498    24.4316 -9.990e-29
 242.596262      0.752  37.748545    12.5285     5.9516      0.746    32.3516    24.4332 -9.990e-29
 242.596267      0.754  37.747623    12.5257     5.9597      0.748    32.3532    24.4349 -9.990e-29
 242.596273      0.757  37.744879    12.5215     5.9373      0.751    32.3542    24.4365 -9.990e-29
 242.596279      0.767  37.741148    12.5189     5.8972      0.761    32.3528    24.4360 -9.990e-29
 242.596285      0.784  37.738190    12.5203     5.8828      0.777    32.3488    24.4326 -9.990e-29
 242.596291      0.805  37.738233    12.5240     5.8744      0.798    32.3457    24.4294 -9.990e-29
 242.596296      0.822  37.741345    12.5279     5.8950      0.815    32.3453    24.4284 -9.990e-29
 242.596302      0.834  37.744966    12.5307     5.9193      0.827    32.3463    24.4287 -9.990e-29
 242.596308      0.839  37.746091    12.5306     5.9373      0.832    32.3475    24.4296 -9.990e-29
 242.596314      0.843  37.742311    12.5290     5.9543      0.836    32.3452    24.4282 -9.990e-29
 242.596319      0.850  37.738685    12.5295     5.9648      0.843    32.3413    24.4250 -9.990e-29
 242.596325      0.857  37.742154    12.5326     5.9693      0.850    32.3420    24.4249 -9.990e-29
 242.596331      0.864  37.747830    12.5350     5.9594      0.857    32.3453    24.4271 -9.990e-29
 242.596337      0.876  37.750406    12.5357     5.9358      0.869    32.3472    24.4284 -9.990e-29
 242.596343      0.889  37.751089    12.5358     5.9306      0.882    32.3477    24.4288 -9.990e-29
 242.596348      0.899  37.751364    12.5348     5.9434      0.891    32.3488    24.4299 -9.990e-29
 242.596354      0.908  37.750485    12.5297     5.9469      0.900    32.3524    24.4336 -9.990e-29
 242.596360      0.916  37.746173    12.5210     5.9461      0.908    32.3558    24.4379 -9.990e-29
 242.596366      0.924  37.739973    12.5150     5.9438      0.916    32.3550    24.4384 -9.990e-29
 242.596372      0.935  37.735956    12.5149     5.9532      0.927    32.3513    24.4355 -9.990e-29
 242.596377      0.956  37.735499    12.5149     5.9665      0.948    32.3508    24.4352 -9.990e-29
 242.596383      0.983  37.735761    12.5115     5.9691      0.975    32.3540    24.4383 -9.990e-29
 242.596389      1.014  37.734863    12.5090     5.9540      1.006    32.3553    24.4398 -9.990e-29
 242.596395      1.051  37.734420    12.5095     5.9308      1.042    32.3544    24.4390 -9.990e-29
 242.596400      1.095  37.734415    12.5088     5.9194      1.086    32.3550    24.4396 -9.990e-29
 242.596406      1.150  37.732610    12.5019     5.9266      1.140    32.3592    24.4441 -9.990e-29
 242.596412      1.224  37.724369    12.4843     5.9536      1.214    32.3664    24.4531 -9.990e-29
 242.596418      1.326  37.705438    12.4531     5.9899      1.315    32.3752    24.4659 -9.990e-29
 242.596424      1.453  37.675801    12.4175     6.0250      1.441    32.3775    24.4744 0.0000e+00
 242.596429      1.596  37.644690    12.3946     6.0771      1.583    32.3674    24.4710 0.0000e+00
 242.596435      1.748  37.627213    12.3793     6.1360      1.733    32.3638    24.4711 0.0000e+00
 242.596441      1.909  37.619115    12.3513     6.1807      1.893    32.3802    24.4891 0.0000e+00
 242.596447      2.090  37.598404    12.3046     6.1849      2.073    32.4006    24.5138 0.0000e+00
 242.596453      2.298  37.559887    12.2490     6.2379      2.279    32.4117    24.5329 0.0000e+00
 242.596458      2.533  37.520002    12.2043     6.3138      2.512    32.4120    24.5415 0.0000e+00
 242.596464      2.789  37.493359    12.1801     6.3551      2.766    32.4072    24.5424 0.0000e+00
 242.596470      3.061  37.481967    12.1607     6.3793      3.035    32.4130    24.5505 0.0000e+00
 242.596476      3.354  37.471199    12.1240     6.3764      3.326    32.4343    24.5740 0.0000e+00
 242.596481      3.676  37.441665    12.0531     6.3540      3.645    32.4673    24.6128 0.0000e+00
 242.596487      4.032  37.378646    11.9400     6.3470      3.998    32.5048    24.6630 0.0000e+00
 242.596493      4.415  37.279353    11.8111     6.3305      4.378    32.5210    24.6995 0.0000e+00
 242.596499      4.814  37.178897    11.7088     6.2959      4.774    32.5128    24.7119 0.0000e+00
 242.596505      5.224  37.112505    11.6442     6.2636      5.180    32.5046    24.7173 0.0000e+00
 242.596510      5.647  37.076785    11.6062     6.2385      5.600    32.5029    24.7230 0.0000e+00
 242.596516      6.083  37.057715    11.5812     6.2380      6.032    32.5060    24.7300 0.0000e+00
 242.596522      6.534  37.044993    11.5580     6.2511      6.479    32.5138    24.7402 0.0000e+00
 242.596528      7.004  37.031185    11.5347     6.2383      6.945    32.5206    24.7497 0.0000e+00
 242.596534      7.493  37.016933    11.5169     6.2040      7.430    32.5221    24.7542 0.0000e+00
 242.596539      7.992  37.007889    11.5073     6.1101      7.925    32.5215    24.7554 0.0000e+00
 242.596545      8.495  37.004321    11.5025     5.9689      8.424    32.5220    24.7567 0.0000e+00
 242.596551      9.000  37.002037    11.4961     5.8302      8.925    32.5252    24.7604 0.0000e+00
 242.596557      9.504  36.998001    11.4823     5.7152      9.424    32.5331    24.7691 0.0000e+00
 242.596563     10.006  36.990762    11.4527     5.6443      9.922    32.5519    24.7890 0.0000e+00
 242.596568     10.503  36.977958    11.4018     5.6073     10.415    32.5840    24.8232 0.0000e+00
 242.596574     10.993  36.953168    11.3376     5.6022     10.901    32.6162    24.8598 0.0000e+00
 242.596580     11.471  36.913416    11.2714     5.6028     11.375    32.6355    24.8866 0.0000e+00
 242.596586     11.936  36.865655    11.2065     5.6065     11.836    32.6457    24.9063 0.0000e+00
 242.596591     12.381  36.819381    11.1398     5.6294     12.277    32.6591    24.9286 0.0000e+00
 242.596597     12.801  36.777270    11.0742     5.6542     12.694    32.6756    24.9531 0.0000e+00
 242.596603     13.188  36.737287    11.0276     5.6909     13.078    32.6774    24.9627 0.0000e+00
 242.596609     13.537  36.699876    11.0098     5.7025     13.424    32.6560    24.9492 0.0000e+00
 242.596615     13.845  36.671145    11.0083     5.6970     13.729    32.6288    24.9283 0.0000e+00
 242.596620     14.105  36.668222    11.0107     5.7127     13.987    32.6237    24.9239 0.0000e+00
 242.596626     14.318  36.691676    11.0189     5.7422     14.198    32.6395    24.9348 0.0000e+00
 242.596632     14.486  36.718997    11.0364     5.7564     14.365    32.6509    24.9406 0.0000e+00
 242.596638     14.614  36.740110    11.0569     5.7653     14.492    32.6535    24.9390 -9.990e-29
 242.596644     14.704  36.753471    11.0729     5.7721     14.581    32.6524    24.9353 -9.990e-29
 242.596649     14.763  36.761203    11.0864     5.7636     14.639    32.6481    24.9295 -9.990e-29
 242.596655     14.794  36.769128    11.1055     5.7439     14.670    32.6389    24.9190 -9.990e-29
 242.596661     14.800  36.778845    11.1294     5.7129     14.676    32.6273    24.9057 -9.990e-29
 242.596667     14.779  36.788178    11.1428     5.7078     14.655    32.6246    24.9013 -9.990e-29
 242.596672     14.737  36.792200    11.1348     5.6894     14.613    32.6357    24.9113 -9.990e-29
 242.596678     14.682  36.786186    11.1107     5.6966     14.559    32.6512    24.9276 -9.990e-29
 242.596684     14.619  36.772758    11.0855     5.6621     14.496    32.6603    24.9392 -9.990e-29
 242.596690     14.550  36.762568    11.0700     5.6767     14.428    32.6641    24.9449 -9.990e-29
 242.596696     14.482  36.758820    11.0644     5.7115     14.361    32.6654    24.9469 -9.990e-29
 242.596701     14.420  36.755384    11.0640     5.7202     14.299    32.6624    24.9446 -9.990e-29
 242.596707     14.363  36.751026    11.0678     5.7307     14.243    32.6547    24.9380 -9.990e-29
 242.596713     14.318  36.750569    11.0768     5.6959     14.198    32.6463    24.9298 -9.990e-29
 242.596719     14.285  36.755078    11.0880     5.6825     14.165    32.6408    24.9236 -9.990e-29
 242.596725     14.262  36.761033    11.0984     5.6709     14.142    32.6375    24.9191 -9.990e-29
 242.596730     14.247  36.766843    11.1084     5.6622     14.128    32.6343    24.9149 -9.990e-29
 242.596736     14.241  36.772968    11.1162     5.6585     14.122    32.6335    24.9128 -9.990e-29
 242.596742     14.242  36.776362    11.1160     5.6417     14.123    32.6370    24.9156 -9.990e-29
 242.596748     14.246  36.772580    11.1064     5.6463     14.127    32.6418    24.9210 -9.990e-29
 242.596753     14.249  36.761615    11.0901     5.6496     14.130    32.6454    24.9268 -9.990e-29
 242.596759     14.256  36.746762    11.0702     5.6537     14.137    32.6484    24.9326 -9.990e-29
 242.596765     14.272  36.730053    11.0483     5.6486     14.152    32.6513    24.9388 -9.990e-29
 242.596771     14.292  36.714964    11.0290     5.6319     14.172    32.6536    24.9439 -9.990e-29
 242.596777     14.311  36.707130    11.0189     5.6476     14.191    32.6548    24.9467 -9.990e-29
