data/oxygen options/ONMS/Olympic_Coast_National_Marine_Sanctuary_CTD_Data_2005_2023/raw_data/2012/CAST_CE042_120830faed.cnv
* Sea-Bird SBE19 Data File:
* FileName = C:\Documents and Settings\OCNMS\Desktop\2012 mooring data\2nd service\CAST_CE042_120830.hex
* Software Version 1.25
* Temperature SN = 2997
* Conductivity SN = 2997
* System UpLoad Time = Aug 30 2012 13:05:59
** CAST_CE042_120830
* SEACAT PROFILER V3.1c SN 2997   08/30/12  13:04:58.662
# nquan = 9                                 
# nvalues = 1446                        
# units = specified
# name 0 = timeJ: Julian Days
# name 1 = prSM: Pressure, Strain Gauge [db]
# name 2 = c0mS/cm: Conductivity [mS/cm]
# name 3 = t090C: Temperature [ITS-90, deg C]
# name 4 = sbeox0ML/L: Oxygen, SBE 43 [ml/l]
# name 5 = depSM: Depth [salt water, m], lat = 47.5
# name 6 = sal00: Salinity, Practical [PSU]
# name 7 = sigma-é00: Density [sigma-theta, kg/m^3]
# name 8 = flag: flag
# span 0 = 243.432859, 243.441221       
# span 1 =     -5.222,     42.546       
# span 2 =   0.048400,  38.689967       
# span 3 =     7.3538,    13.6478       
# span 4 =   -13.8695,    17.4112       
# span 5 =     -5.178,     42.187       
# span 6 =     0.0320,    33.7025       
# span 7 =    -0.6595,    26.3441       
# span 8 = 0.0000e+00, 0.0000e+00       
# interval = seconds: 0.5
# start_time = Aug 30 2012 10:23:19 [Instrument's time stamp, header]
# bad_flag = -9.990e-29
*END*
[from data line 481]
 243.435642     -0.174   0.075290    13.2902    -1.7967     -0.173     0.0478    -0.6212 -9.990e-29
 243.435648     -0.169   0.074429    13.3017    -1.7968     -0.168     0.0472    -0.6231 -9.990e-29
 243.435654     -0.166   0.073469    13.3128    -1.7969     -0.165     0.0467    -0.6250 -9.990e-29
 243.435660     -0.163   0.072239    13.3228    -1.7970     -0.162     0.0459    -0.6269 -9.990e-29
 243.435666     -0.161   0.070756    13.3311    -1.7970     -0.160     0.0450    -0.6287 -9.990e-29
 243.435671     -0.159   0.069257    13.3369    -1.7971     -0.158     0.0442    -0.6301 -9.990e-29
 243.435677     -0.158   0.067957    13.3412    -1.7972     -0.157     0.0434    -0.6313 -9.990e-29
 243.435683     -0.157   0.066782    13.3447    -1.7971     -0.156     0.0427    -0.6323 -9.990e-29
 243.435689     -0.156   0.065271    13.3469    -1.7971     -0.155     0.0418    -0.6332 -9.990e-29
 243.435694     -0.155   0.063619    13.3469    -1.7971     -0.154     0.0408    -0.6340 -9.990e-29
 243.435700     -0.155   0.062391    13.3451    -1.7971     -0.154     0.0401    -0.6343 -9.990e-29
 243.435706     -0.154   0.061609    13.3429    -1.7969     -0.153     0.0397    -0.6344 -9.990e-29
 243.435712     -0.154   0.061334    13.3414    -1.7969     -0.153     0.0395    -0.6343 -9.990e-29
 243.435718     -0.154   0.061200    13.3405    -1.7968     -0.153     0.0394    -0.6343 -9.990e-29
 243.435723     -0.154   0.060472    13.3396    -1.7968     -0.153     0.0390    -0.6345 -9.990e-29
 243.435729     -0.153   0.059286    13.3389    -1.7968     -0.152     0.0383    -0.6349 -9.990e-29
 243.435735     -0.153   0.058272    13.3389    -1.7969     -0.152     0.0377    -0.6354 -9.990e-29
 243.435741     -0.153   0.057738    13.3392    -1.7972     -0.152     0.0374    -0.6357 -9.990e-29
 243.435747     -0.153   0.057524    13.3399    -1.7974     -0.152     0.0373    -0.6359 -9.990e-29
 243.435752     -0.153   0.057342    13.3411    -1.7975     -0.152     0.0372    -0.6361 -9.990e-29
 243.435758     -0.153   0.056950    13.3427    -1.7976     -0.152     0.0370    -0.6365 -9.990e-29
 243.435764     -0.153   0.056378    13.3442    -1.7976     -0.152     0.0366    -0.6369 -9.990e-29
 243.435770     -0.153   0.055967    13.3450    -1.7976     -0.152     0.0364    -0.6372 -9.990e-29
 243.435775     -0.153   0.055721    13.3451    -1.7977     -0.152     0.0362    -0.6374 -9.990e-29
 243.435781     -0.153   0.055311    13.3442    -1.7977     -0.152     0.0360    -0.6374 -9.990e-29
 243.435787     -0.153   0.054743    13.3418    -1.7972     -0.152     0.0357    -0.6374 -9.990e-29
 243.435793     -0.152   0.054366    13.3379    -1.7970     -0.151     0.0355    -0.6370 -9.990e-29
 243.435799     -0.152   0.054227    13.3339    -1.7973     -0.151     0.0354    -0.6366 -9.990e-29
 243.435804     -0.152   0.054141    13.3309    -1.7975     -0.151     0.0353    -0.6362 -9.990e-29
 243.435810     -0.152   0.053991    13.3289    -1.7974     -0.151     0.0352    -0.6360 -9.990e-29
 243.435816     -0.151   0.053577    13.3277    -1.7973     -0.150     0.0350    -0.6360 -9.990e-29
 243.435822     -0.151   0.052898    13.3269    -1.7971     -0.150     0.0346    -0.6362 -9.990e-29
 243.435828     -0.150   0.052156    13.3268    -1.7968     -0.149     0.0342    -0.6366 -9.990e-29
 243.435833     -0.149   0.051467    13.3294    -1.7965     -0.148     0.0338    -0.6372 -9.990e-29
 243.435839     -0.148   0.051017    13.3342    -1.7964     -0.147     0.0335    -0.6381 -9.990e-29
 243.435845     -0.147   0.050759    13.3367    -1.7964     -0.146     0.0334    -0.6385 -9.990e-29
 243.435851     -0.145   0.050348    13.3353    -1.7964     -0.144     0.0331    -0.6385 -9.990e-29
 243.435856     -0.143   0.049788    13.3337    -1.7962     -0.142     0.0328    -0.6385 -9.990e-29
 243.435862     -0.140   0.049438    13.3346    -1.7959     -0.139     0.0326    -0.6388 -9.990e-29
 243.435868     -0.137   0.049383    13.3376    -1.7958     -0.136     0.0326    -0.6392 -9.990e-29
 243.435874     -0.132   0.049546    13.3421    -1.7955     -0.131     0.0327    -0.6398 -9.990e-29
 243.435880     -0.126   0.050144    13.3469    -1.7955     -0.125     0.0330    -0.6401 -9.990e-29
 243.435885     -0.123   0.051976    13.3503    -1.7954     -0.122     0.0341    -0.6397 -9.990e-29
 243.435891     -0.126   0.056930    13.3515    -1.7956     -0.125     0.0369    -0.6377 -9.990e-29
 243.435897     -0.132   0.066630    13.3516    -1.7959     -0.131     0.0426    -0.6332 -9.990e-29
 243.435903     -0.137   0.079065    13.3530    -1.7959     -0.136     0.0499    -0.6277 -9.990e-29
 243.435909     -0.140   0.089232    13.3562    -1.7957     -0.139     0.0560    -0.6234 -9.990e-29
 243.435914     -0.143   0.095191    13.3600    -1.7956     -0.142     0.0595    -0.6211 -9.990e-29
 243.435920     -0.145   0.099906    13.3639    -1.7956     -0.144     0.0624    -0.6195 -9.990e-29
 243.435926     -0.147   0.105234    13.3675    -1.7957     -0.146     0.0655    -0.6174 -9.990e-29
 243.435932     -0.148   0.108871    13.3697    -1.7959     -0.147     0.0677    -0.6160 -9.990e-29
 243.435937     -0.149   0.109022    13.3697    -1.7958     -0.148     0.0678    -0.6159 -9.990e-29
 243.435943     -0.150   0.106995    13.3676    -1.7958     -0.149     0.0666    -0.6166 -9.990e-29
 243.435949     -0.150   0.104515    13.3652    -1.7956     -0.149     0.0651    -0.6175 -9.990e-29
 243.435955     -0.150   0.102145    13.3650    -1.7955     -0.149     0.0637    -0.6185 -9.990e-29
 243.435961     -0.151   0.100045    13.3668    -1.7952     -0.150     0.0624    -0.6198 -9.990e-29
 243.435966     -0.151   0.098181    13.3690    -1.7950     -0.150     0.0613    -0.6209 -9.990e-29
 243.435972     -0.150   0.095727    13.3699    -1.7950     -0.149     0.0598    -0.6222 -9.990e-29
 243.435978     -0.150   0.092179    13.3692    -1.7953     -0.149     0.0577    -0.6238 -9.990e-29
 243.435984     -0.150   0.088336    13.3683    -1.7953     -0.149     0.0554    -0.6254 -9.990e-29
 243.435990     -0.149   0.085162    13.3686    -1.7955     -0.148     0.0535    -0.6269 -9.990e-29
 243.435995     -0.148   0.082849    13.3703    -1.7956     -0.147     0.0522    -0.6282 -9.990e-29
 243.436001     -0.147   0.081080    13.3733    -1.7957     -0.146     0.0511    -0.6295 -9.990e-29
 243.436007     -0.145   0.079708    13.3776    -1.7959     -0.144     0.0503    -0.6307 -9.990e-29
 243.436013     -0.143   0.078563    13.3824    -1.7960     -0.142     0.0496    -0.6318 -9.990e-29
 243.436019     -0.140   0.077224    13.3858    -1.7959     -0.139     0.0488    -0.6329 -9.990e-29
 243.436024     -0.136   0.075564    13.3859    -1.7957     -0.135     0.0478    -0.6337 -9.990e-29
 243.436030     -0.131   0.073582    13.3836    -1.7956     -0.130     0.0467    -0.6343 -9.990e-29
 243.436036     -0.125   0.071401    13.3808    -1.7954     -0.124     0.0454    -0.6349 -9.990e-29
 243.436042     -0.117   0.069434    13.3781    -1.7954     -0.116     0.0442    -0.6355 -9.990e-29
 243.436047     -0.107   0.067822    13.3751    -1.7953     -0.106     0.0433    -0.6358 -9.990e-29
 243.436053     -0.098   0.066629    13.3719    -1.7954     -0.097     0.0426    -0.6359 -9.990e-29
 243.436059     -0.094   0.065925    13.3693    -1.7955     -0.093     0.0422    -0.6359 -9.990e-29
 243.436065     -0.091   0.065322    13.3687    -1.7957     -0.090     0.0418    -0.6361 -9.990e-29
 243.436071     -0.083   0.064569    13.3706    -1.7957     -0.082     0.0414    -0.6367 -9.990e-29
 243.436076     -0.072   0.063765    13.3739    -1.7956     -0.071     0.0409    -0.6375 -9.990e-29
 243.436082     -0.055   0.062945    13.3775    -1.7954     -0.055     0.0404    -0.6383 -9.990e-29
 243.436088     -0.036   0.062122    13.3804    -1.7953     -0.036     0.0399    -0.6391 -9.990e-29
 243.436094     -0.022   0.061305    13.3820    -1.7955     -0.022     0.0395    -0.6397 -9.990e-29
 243.436100     -0.018   0.060508    13.3825    -1.7957     -0.018     0.0390    -0.6401 -9.990e-29
 243.436105     -0.018   0.059774    13.3817    -1.7956     -0.018     0.0386    -0.6403 -9.990e-29
 243.436111     -0.017   0.059232    13.3797    -1.7956     -0.017     0.0383    -0.6403 -9.990e-29
 243.436117     -0.017   0.058710    13.3777    -1.7956     -0.017     0.0380    -0.6403 -9.990e-29
 243.436123     -0.016   0.058066    13.3771    -1.7956     -0.016     0.0376    -0.6405 -9.990e-29
 243.436128     -0.020   0.057546    13.3781    -1.7955     -0.020     0.0373    -0.6409 -9.990e-29
 243.436134     -0.029   0.057008    13.3800    -1.7957     -0.029     0.0370    -0.6414 -9.990e-29
 243.436140     -0.033   0.056289    13.3812    -1.7959     -0.033     0.0366    -0.6419 -9.990e-29
 243.436146     -0.030   0.055533    13.3805    -1.7960     -0.030     0.0361    -0.6421 -9.990e-29
 243.436152     -0.024   0.054839    13.3790    -1.7958     -0.024     0.0357    -0.6422 -9.990e-29
 243.436157     -0.022   0.054387    13.3784    -1.7957     -0.022     0.0355    -0.6423 -9.990e-29
 243.436163     -0.024   0.054126    13.3783    -1.7958     -0.024     0.0353    -0.6424 -9.990e-29
 243.436169     -0.028   0.053708    13.3781    -1.7962     -0.028     0.0351    -0.6426 -9.990e-29
 243.436175     -0.031   0.053127    13.3778    -1.7962     -0.031     0.0347    -0.6428 -9.990e-29
 243.436181     -0.032   0.052713    13.3771    -1.7964     -0.032     0.0345    -0.6429 -9.990e-29
 243.436186     -0.024   0.052466    13.3752    -1.7966     -0.024     0.0343    -0.6428 -9.990e-29
 243.436192     -0.013   0.052056    13.3728    -1.7971     -0.013     0.0341    -0.6427 -9.990e-29
 243.436198     -0.005   0.051488    13.3714    -1.7973     -0.005     0.0338    -0.6427 -9.990e-29
 243.436204     -0.006   0.051111    13.3717    -1.7973     -0.006     0.0336    -0.6429 -9.990e-29
 243.436209     -0.010   0.050973    13.3718    -1.7973     -0.010     0.0335    -0.6430 -9.990e-29
 243.436215     -0.013   0.050891    13.3697    -1.7970     -0.013     0.0334    -0.6428 -9.990e-29
 243.436221     -0.016   0.050754    13.3659    -1.7967     -0.016     0.0334    -0.6423 -9.990e-29
 243.436227     -0.019   0.050377    13.3617    -1.7964     -0.019     0.0331    -0.6420 -9.990e-29
 243.436233     -0.022   0.049811    13.3569    -1.7963     -0.022     0.0328    -0.6416 -9.990e-29
 243.436238     -0.026   0.049407    13.3505    -1.7968     -0.026     0.0326    -0.6409 -9.990e-29
 243.436244     -0.029   0.049179    13.3435    -1.7970     -0.029     0.0325    -0.6401 -9.990e-29
 243.436250     -0.030   0.048819    13.3389    -1.7967     -0.030     0.0322    -0.6397 -9.990e-29
 243.436256     -0.022   0.048400    13.3382    -1.7963     -0.022     0.0320    -0.6398 -9.990e-29
 243.436262     -0.006   0.048469    13.3407    -1.7959     -0.006     0.0320    -0.6401 -9.990e-29
 243.436267      0.015   0.049117    13.3452    -1.7957      0.015     0.0324    -0.6404 -9.990e-29
 243.436273      0.034   0.050101    13.3499    -1.7956      0.034     0.0330    -0.6405 -9.990e-29
 243.436279      0.047   0.052177    13.3526    -1.7955      0.047     0.0342    -0.6399 -9.990e-29
 243.436285      0.056   0.056452    13.3513    -1.7953      0.056     0.0367    -0.6378 -9.990e-29
 243.436291      0.061   0.063091    13.3471    -1.7953      0.060     0.0405    -0.6343 -9.990e-29
 243.436296      0.063   0.071537    13.3452    -1.7953      0.062     0.0455    -0.6301 -9.990e-29
 243.436302      0.061   0.079771    13.3483    -1.7954      0.060     0.0504    -0.6268 -9.990e-29
 243.436308      0.056   0.085488    13.3546    -1.7955      0.056     0.0537    -0.6249 -9.990e-29
 243.436314      0.047   0.089115    13.3614    -1.7959      0.047     0.0559    -0.6242 -9.990e-29
 243.436319      0.038   0.092166    13.3670    -1.7969      0.038     0.0577    -0.6235 -9.990e-29
 243.436325      0.032   0.094833    13.3707    -1.7975      0.032     0.0593    -0.6227 -9.990e-29
 243.436331      0.025   0.096800    13.3734    -1.7978      0.025     0.0605    -0.6222 -9.990e-29
 243.436337      0.012   0.097921    13.3757    -1.7978      0.012     0.0611    -0.6219 -9.990e-29
 243.436343     -0.003   0.098028    13.3766    -1.7974     -0.003     0.0612    -0.6220 -9.990e-29
 243.436348     -0.017   0.097262    13.3760    -1.7971     -0.017     0.0608    -0.6223 -9.990e-29
 243.436354     -0.026   0.095708    13.3739    -1.7967     -0.026     0.0598    -0.6227 -9.990e-29
 243.436360     -0.024   0.093137    13.3688    -1.7967     -0.024     0.0583    -0.6233 -9.990e-29
 243.436366     -0.013   0.089996    13.3583    -1.7967     -0.013     0.0564    -0.6233 -9.990e-29
 243.436372     -0.002   0.087263    13.3441    -1.7970     -0.002     0.0548    -0.6227 -9.990e-29
 243.436377      0.010   0.085720    13.3315    -1.7972      0.010     0.0539    -0.6218 -9.990e-29
 243.436383      0.020   0.085706    13.3244    -1.7971      0.020     0.0539    -0.6209 -9.990e-29
 243.436389      0.023   0.087202    13.3234    -1.7969      0.023     0.0548    -0.6200 -9.990e-29
 243.436395      0.021   0.089990    13.3271    -1.7966      0.021     0.0565    -0.6192 -9.990e-29
 243.436400      0.016   0.093362    13.3331    -1.7963      0.016     0.0585    -0.6184 -9.990e-29
 243.436406      0.018   0.096279    13.3387    -1.7961      0.018     0.0602    -0.6178 -9.990e-29
 243.436412      0.027   0.098204    13.3413    -1.7959      0.027     0.0614    -0.6173 -9.990e-29
 243.436418      0.035   0.098936    13.3406    -1.7958      0.035     0.0618    -0.6168 -9.990e-29
 243.436424      0.041   0.098344    13.3382    -1.7960      0.041     0.0614    -0.6168 -9.990e-29
 243.436429      0.051   0.096748    13.3363    -1.7964      0.051     0.0605    -0.6173 -9.990e-29
 243.436435      0.061   0.094787    13.3374    -1.7964      0.060     0.0593    -0.6183 -9.990e-29
 243.436441      0.068   0.093167    13.3417    -1.7961      0.067     0.0583    -0.6197 -9.990e-29
 243.436447      0.072   0.091942    13.3476    -1.7958      0.071     0.0576    -0.6210 -9.990e-29
 243.436453      0.072   0.090586    13.3537    -1.7956      0.071     0.0568    -0.6225 -9.990e-29
 243.436458      0.070   0.088950    13.3592    -1.7954      0.069     0.0558    -0.6239 -9.990e-29
 243.436464      0.065   0.087068    13.3631    -1.7959      0.064     0.0547    -0.6253 -9.990e-29
 243.436470      0.057   0.085196    13.3640    -1.7965      0.057     0.0536    -0.6263 -9.990e-29
 243.436476      0.044   0.083607    13.3616    -1.7968      0.044     0.0526    -0.6267 -9.990e-29
 243.436481      0.032   0.081842    13.3586    -1.7968      0.032     0.0516    -0.6272 -9.990e-29
 243.436487      0.027   0.079761    13.3589    -1.7967      0.027     0.0503    -0.6282 -9.990e-29
 243.436493      0.033   0.077909    13.3628    -1.7965      0.033     0.0492    -0.6295 -9.990e-29
 243.436499      0.047   0.076586    13.3675    -1.7967      0.047     0.0485    -0.6308 -9.990e-29
 243.436505      0.061   0.076240    13.3702    -1.7967      0.060     0.0483    -0.6313 -9.990e-29
 243.436510      0.071   0.077519    13.3679    -1.7968      0.070     0.0490    -0.6304 -9.990e-29
 243.436516      0.078   0.082127    13.3596    -1.7967      0.077     0.0517    -0.6272 -9.990e-29
 243.436522      0.083   0.092890    13.3489    -1.7965      0.082     0.0582    -0.6207 -9.990e-29
 243.436528      0.085   0.107001    13.3413    -1.7964      0.084     0.0666    -0.6131 -9.990e-29
 243.436534      0.086   0.118373    13.3390    -1.7961      0.085     0.0735    -0.6075 -9.990e-29
 243.436539      0.084   0.125013    13.3402    -1.7960      0.083     0.0775    -0.6045 -9.990e-29
 243.436545      0.081   0.125815    13.3415    -1.7960      0.080     0.0780    -0.6043 -9.990e-29
 243.436551      0.079   0.121847    13.3417    -1.7959      0.078     0.0756    -0.6062 -9.990e-29
 243.436557      0.084   0.116672    13.3414    -1.7957      0.083     0.0725    -0.6086 -9.990e-29
