data/oxygen options/ONMS/Olympic_Coast_National_Marine_Sanctuary_CTD_Data_2005_2023/raw_data/2012/CAST_CE042_120913faed.cnv
* Sea-Bird SBE19 Data File:
* FileName = C:\Documents and Settings\OCNMS\Desktop\2012 mooring data\Hypoxia Sampling\CAST_CE042_120913.hex
* Software Version 1.25
* Temperature SN = 2997
* Conductivity SN = 2997
* System UpLoad Time = Sep 13 2012 11:18:23
** CAST_CE042_120913
* SEACAT PROFILER V3.1c SN 2997   09/13/12  11:17:05.370
# nquan = 9                                 
# nvalues = 991                         
# units = specified
# name 0 = timeJ: Julian Days
# name 1 = prSM: Pressure, Strain Gauge [db]
# name 2 = c0mS/cm: Conductivity [mS/cm]
# name 3 = t090C: Temperature [ITS-90, deg C]
# name 4 = sbeox0ML/L: Oxygen, SBE 43 [ml/l]
# name 5 = depSM: Depth [salt water, m], lat = 47.5
# name 6 = sal00: Salinity, Practical [PSU]
# name 7 = sigma-é00: Density [sigma-theta, kg/m^3]
# name 8 = flag: flag
# span 0 = 257.462986, 257.468715       
# span 1 =     -4.481,     45.684       
# span 2 =   0.192200,  39.314256       
# span 3 =     7.4235,    14.5857       
# span 4 =    -1.8036,    14.1089       
# span 5 =     -4.444,     45.298       
# span 6 =     0.1192,    33.6721       
# span 7 =    -0.5650,    26.3131       
# span 8 = 0.0000e+00, 0.0000e+00       
# interval = seconds: 0.5
# start_time = Sep 13 2012 11:06:42 [Instrument's time stamp, header]
# bad_flag = -9.990e-29
*END*
[from data line 641]
 257.466696      1.463  39.146088    14.3982     6.2110      1.451    32.0767    23.8467 -9.990e-29
 257.466701      1.463  39.144075    14.3977     6.2017      1.451    32.0753    23.8457 -9.990e-29
 257.466707      1.463  39.144037    14.3942     6.1951      1.451    32.0781    23.8486 -9.990e-29
 257.466713      1.464  39.143073    14.3887     6.2021      1.452    32.0818    23.8526 -9.990e-29
 257.466719      1.464  39.142087    14.3848     6.2005      1.452    32.0841    23.8552 -9.990e-29
 257.466725      1.464  39.140277    14.3813     6.1978      1.452    32.0854    23.8569 -9.990e-29
 257.466730      1.464  39.134055    14.3755     6.2054      1.452    32.0845    23.8574 -9.990e-29
 257.466736      1.464  39.124043    14.3688     6.2083      1.452    32.0809    23.8561 -9.990e-29
 257.466742      1.465  39.118135    14.3652     6.2249      1.453    32.0785    23.8550 -9.990e-29
 257.466748      1.465  39.120169    14.3655     6.2230      1.453    32.0801    23.8561 -9.990e-29
 257.466753      1.466  39.124960    14.3665     6.2255      1.454    32.0837    23.8587 -9.990e-29
 257.466759      1.467  39.125399    14.3636     6.2304      1.455    32.0865    23.8614 -9.990e-29
 257.466765      1.468  39.119778    14.3570     6.2162      1.456    32.0868    23.8631 -9.990e-29
 257.466771      1.469  39.112324    14.3507     6.1940      1.457    32.0852    23.8632 -9.990e-29
 257.466777      1.471  39.108175    14.3468     6.1893      1.459    32.0847    23.8635 -9.990e-29
 257.466782      1.474  39.106794    14.3446     6.1952      1.462    32.0852    23.8644 -9.990e-29
 257.466788      1.477  39.104607    14.3428     6.2002      1.465    32.0847    23.8644 -9.990e-29
 257.466794      1.481  39.102009    14.3411     6.1937      1.469    32.0838    23.8640 -9.990e-29
 257.466800      1.486  39.099967    14.3398     6.1749      1.474    32.0830    23.8637 -9.990e-29
 257.466806      1.492  39.097950    14.3383     6.1885      1.480    32.0824    23.8635 -9.990e-29
 257.466811      1.501  39.094899    14.3363     6.2403      1.488    32.0812    23.8631 -9.990e-29
 257.466817      1.511  39.092300    14.3365     6.2510      1.498    32.0787    23.8611 -9.990e-29
 257.466823      1.525  39.095043    14.3432     6.2445      1.512    32.0756    23.8573 -9.990e-29
 257.466829      1.543  39.108418    14.3562     6.2253      1.530    32.0771    23.8557 -9.990e-29
 257.466834      1.566  39.129472    14.3693     6.2142      1.553    32.0854    23.8594 -9.990e-29
 257.466840      1.595  39.143082    14.3766     6.2272      1.582    32.0918    23.8628 -9.990e-29
 257.466846      1.633  39.143254    14.3790     6.2176      1.619    32.0900    23.8609 -9.990e-29
 257.466852      1.681  39.140256    14.3807     6.2210      1.667    32.0858    23.8573 -9.990e-29
 257.466858      1.744  39.139010    14.3828     6.2197      1.729    32.0829    23.8547 -9.990e-29
 257.466863      1.824  39.138363    14.3863     6.2562      1.809    32.0794    23.8512 -9.990e-29
 257.466869      1.923  39.140205    14.3902     6.2849      1.907    32.0778    23.8492 -9.990e-29
 257.466875      2.038  39.143019    14.3910     6.2998      2.021    32.0796    23.8505 -9.990e-29
 257.466881      2.168  39.143223    14.3829     6.2804      2.150    32.0865    23.8574 0.0000e+00
 257.466887      2.318  39.132074    14.3554     6.2472      2.299    32.0991    23.8729 0.0000e+00
 257.466892      2.492  39.093535    14.3092     6.2063      2.471    32.1021    23.8848 0.0000e+00
 257.466898      2.684  39.037250    14.2649     6.1865      2.662    32.0873    23.8826 0.0000e+00
 257.466904      2.889  38.995146    14.2334     6.1769      2.865    32.0748    23.8795 0.0000e+00
 257.466910      3.112  38.972661    14.2078     6.1678      3.086    32.0754    23.8853 0.0000e+00
 257.466916      3.355  38.957688    14.1848     6.1558      3.327    32.0807    23.8941 0.0000e+00
 257.466921      3.610  38.944778    14.1668     6.1417      3.580    32.0837    23.9002 0.0000e+00
 257.466927      3.870  38.933473    14.1555     6.1140      3.838    32.0826    23.9017 0.0000e+00
 257.466933      4.128  38.926015    14.1502     6.1397      4.094    32.0801    23.9009 0.0000e+00
 257.466939      4.384  38.921932    14.1466     6.1395      4.347    32.0793    23.9010 0.0000e+00
 257.466944      4.638  38.919650    14.1422     6.1368      4.599    32.0807    23.9030 0.0000e+00
 257.466950      4.893  38.918316    14.1376     6.1221      4.852    32.0832    23.9059 0.0000e+00
 257.466956      5.151  38.917221    14.1339     6.0693      5.108    32.0852    23.9082 0.0000e+00
 257.466962      5.413  38.916533    14.1315     6.0271      5.368    32.0865    23.9097 0.0000e+00
 257.466968      5.677  38.916405    14.1304     5.9742      5.630    32.0872    23.9104 0.0000e+00
 257.466973      5.944  38.916615    14.1296     5.9604      5.894    32.0879    23.9112 0.0000e+00
 257.466979      6.217  38.916269    14.1255     5.9470      6.165    32.0909    23.9143 0.0000e+00
 257.466985      6.498  38.912057    14.1130     5.9294      6.444    32.0973    23.9219 0.0000e+00
 257.466991      6.777  38.900552    14.0909     5.8977      6.720    32.1051    23.9324 0.0000e+00
 257.466997      7.051  38.880930    14.0666     5.8731      6.992    32.1072    23.9391 0.0000e+00
 257.467002      7.322  38.858358    14.0498     5.9007      7.261    32.1003    23.9372 0.0000e+00
 257.467008      7.588  38.843589    14.0398     5.9531      7.525    32.0949    23.9351 0.0000e+00
 257.467014      7.849  38.839848    14.0236     6.0312      7.783    32.1049    23.9462 0.0000e+00
 257.467020      8.105  38.832007    13.9867     6.0438      8.037    32.1284    23.9719 0.0000e+00
 257.467025      8.355  38.799477    13.9240     6.0649      8.285    32.1507    24.0019 0.0000e+00
 257.467031      8.603  38.739738    13.8504     6.0897      8.531    32.1570    24.0218 0.0000e+00
 257.467037      8.855  38.675623    13.7960     6.0730      8.781    32.1432    24.0222 0.0000e+00
 257.467043      9.114  38.633092    13.7710     6.0393      9.038    32.1247    24.0130 0.0000e+00
 257.467049      9.376  38.613646    13.7576     5.9738      9.298    32.1178    24.0104 0.0000e+00
 257.467054      9.636  38.605864    13.7392     5.8804      9.555    32.1259    24.0204 0.0000e+00
 257.467060      9.898  38.600999    13.7119     5.7614      9.815    32.1442    24.0401 0.0000e+00
 257.467066     10.165  38.590273    13.6750     5.6100     10.080    32.1651    24.0637 0.0000e+00
 257.467072     10.437  38.566617    13.6145     5.4454     10.350    32.1939    24.0982 0.0000e+00
 257.467078     10.714  38.518606    13.5043     5.3115     10.624    32.2420    24.1575 0.0000e+00
 257.467083     11.006  38.426436    13.3365     5.1807     10.914    32.2978    24.2342 0.0000e+00
 257.467089     11.322  38.296592    13.1334     5.0844     11.227    32.3485    24.3136 0.0000e+00
 257.467095     11.657  38.158715    12.9067     4.9132     11.559    32.4121    24.4073 0.0000e+00
 257.467101     12.003  38.002583    12.6371     4.5604     11.902    32.4956    24.5242 0.0000e+00
 257.467106     12.354  37.799226    12.3306     4.1528     12.251    32.5665    24.6377 0.0000e+00
 257.467112     12.714  37.572116    12.0424     3.7482     12.608    32.5989    24.7171 0.0000e+00
 257.467118     13.081  37.376345    11.8112     3.4916     12.971    32.6115    24.7699 0.0000e+00
 257.467124     13.456  37.234260    11.6331     3.4340     13.343    32.6296    24.8166 0.0000e+00
 257.467130     13.835  37.139501    11.5001     3.4181     13.719    32.6541    24.8599 0.0000e+00
 257.467135     14.217  37.084402    11.4034     3.4412     14.098    32.6854    24.9018 0.0000e+00
 257.467141     14.605  37.049761    11.3303     3.4405     14.483    32.7160    24.9388 0.0000e+00
 257.467147     15.002  37.016768    11.2775     3.4334     14.876    32.7302    24.9593 0.0000e+00
 257.467153     15.408  36.986188    11.2342     3.4676     15.279    32.7384    24.9735 0.0000e+00
 257.467159     15.823  36.957520    11.1877     3.5178     15.690    32.7513    24.9918 0.0000e+00
 257.467164     16.242  36.927776    11.1448     3.5774     16.106    32.7600    25.0062 0.0000e+00
 257.467170     16.660  36.900936    11.1144     3.6078     16.520    32.7604    25.0120 0.0000e+00
 257.467176     17.068  36.882609    11.0951     3.5536     16.925    32.7593    25.0146 0.0000e+00
 257.467182     17.457  36.876691    11.0884     3.4326     17.311    32.7593    25.0157 0.0000e+00
 257.467188     17.823  36.879177    11.0958     3.3036     17.673    32.7550    25.0111 0.0000e+00
 257.467193     18.167  36.883622    11.1003     3.1943     18.015    32.7552    25.0105 0.0000e+00
 257.467199     18.495  36.879088    11.0733     3.1527     18.340    32.7747    25.0304 0.0000e+00
 257.467205     18.813  36.844732    11.0038     3.1303     18.655    32.8026    25.0644 0.0000e+00
 257.467211     19.130  36.780083    10.9018     3.1186     18.969    32.8296    25.1035 0.0000e+00
 257.467216     19.444  36.700290    10.7646     3.0854     19.281    32.8732    25.1615 0.0000e+00
 257.467222     19.753  36.584052    10.5831     3.0291     19.587    32.9205    25.2298 0.0000e+00
 257.467228     20.062  36.428130    10.3971     2.9698     19.894    32.9321    25.2709 0.0000e+00
 257.467234     20.366  36.293437    10.2642     2.9138     20.195    32.9168    25.2816 0.0000e+00
 257.467240     20.661  36.214283    10.1827     2.8821     20.488    32.9108    25.2906 0.0000e+00
 257.467245     20.948  36.173549    10.1201     2.8481     20.772    32.9264    25.3133 0.0000e+00
 257.467251     21.236  36.148786    10.0603     2.8111     21.058    32.9556    25.3462 0.0000e+00
 257.467257     21.526  36.121491     9.9987     2.7527     21.345    32.9840    25.3786 0.0000e+00
 257.467263     21.816  36.086027     9.9414     2.6846     21.633    33.0002    25.4008 0.0000e+00
 257.467269     22.108  36.051629     9.8966     2.5751     21.922    33.0060    25.4128 0.0000e+00
 257.467274     22.397  36.023913     9.8591     2.4573     22.209    33.0120    25.4237 0.0000e+00
 257.467280     22.686  35.998918     9.8191     2.3670     22.495    33.0230    25.4390 0.0000e+00
 257.467286     22.980  35.974636     9.7746     2.2461     22.787    33.0390    25.4587 0.0000e+00
 257.467292     23.276  35.951693     9.7245     2.1134     23.080    33.0614    25.4845 0.0000e+00
 257.467297     23.571  35.925773     9.6633     2.0052     23.373    33.0911    25.5177 0.0000e+00
 257.467303     23.868  35.886913     9.5834     1.8394     23.667    33.1248    25.5571 0.0000e+00
 257.467309     24.168  35.827499     9.4811     1.5968     23.965    33.1581    25.5998 0.0000e+00
 257.467315     24.473  35.751156     9.3587     1.3967     24.267    33.1928    25.6466 0.0000e+00
 257.467321     24.784  35.664695     9.2170     1.2078     24.576    33.2350    25.7023 0.0000e+00
 257.467326     25.102  35.564796     9.0374     1.1490     24.891    33.2989    25.7807 0.0000e+00
 257.467332     25.420  35.434694     8.7887     1.2085     25.206    33.3965    25.8960 0.0000e+00
 257.467338     25.736  35.254317     8.4858     1.2682     25.520    33.4933    26.0184 0.0000e+00
 257.467344     26.051  35.042955     8.2238     1.2886     25.832    33.5188    26.0779 0.0000e+00
 257.467350     26.357  34.885529     8.0912     1.2782     26.135    33.4778    26.0654 0.0000e+00
 257.467355     26.649  34.840281     8.0656     1.2288     26.425    33.4539    26.0504 0.0000e+00
 257.467361     26.924  34.861913     8.0746     1.1666     26.698    33.4682    26.0603 0.0000e+00
 257.467367     27.190  34.882330     8.0593     1.1395     26.961    33.5045    26.0911 0.0000e+00
 257.467373     27.465  34.854240     7.9704     1.1219     27.234    33.5596    26.1474 0.0000e+00
 257.467378     27.763  34.763678     7.8321     1.1478     27.529    33.5954    26.1957 0.0000e+00
 257.467384     28.084  34.666817     7.7176     1.1379     27.848    33.6015    26.2170 0.0000e+00
 257.467390     28.423  34.609729     7.6488     1.1522     28.184    33.6062    26.2306 0.0000e+00
 257.467396     28.777  34.581745     7.6077     1.1564     28.535    33.6156    26.2439 0.0000e+00
 257.467402     29.138  34.565092     7.5791     1.1599     28.893    33.6251    26.2555 0.0000e+00
 257.467407     29.498  34.551516     7.5575     1.1555     29.250    33.6312    26.2633 0.0000e+00
 257.467413     29.855  34.539672     7.5441     1.1426     29.604    33.6312    26.2652 0.0000e+00
 257.467419     30.203  34.531641     7.5406     1.1221     29.949    33.6257    26.2614 0.0000e+00
 257.467425     30.532  34.527871     7.5452     1.1136     30.275    33.6170    26.2539 0.0000e+00
 257.467431     30.842  34.528892     7.5524     1.1114     30.582    33.6110    26.2482 0.0000e+00
 257.467436     31.141  34.536026     7.5541     1.1009     30.879    33.6169    26.2526 0.0000e+00
 257.467442     31.439  34.539707     7.5446     1.1277     31.174    33.6300    26.2642 0.0000e+00
 257.467448     31.745  34.530808     7.5280     1.1298     31.478    33.6363    26.2715 0.0000e+00
 257.467454     32.068  34.519261     7.5131     1.1252     31.798    33.6381    26.2751 0.0000e+00
 257.467459     32.401  34.513148     7.5048     1.1118     32.128    33.6393    26.2772 0.0000e+00
 257.467465     32.731  34.511556     7.5025     1.1037     32.455    33.6397    26.2778 0.0000e+00
 257.467471     33.050  34.511197     7.5028     1.1049     32.772    33.6389    26.2772 0.0000e+00
 257.467477     33.357  34.508193     7.5045     1.0955     33.076    33.6338    26.2729 0.0000e+00
 257.467483     33.653  34.505216     7.5058     1.0962     33.369    33.6292    26.2691 0.0000e+00
 257.467488     33.945  34.504978     7.5025     1.0948     33.659    33.6320    26.2718 0.0000e+00
 257.467494     34.243  34.504883     7.4954     1.0919     33.954    33.6386    26.2780 0.0000e+00
 257.467500     34.552  34.502525     7.4883     1.0868     34.261    33.6428    26.2823 0.0000e+00
 257.467506     34.876  34.499200     7.4822     1.0645     34.582    33.6450    26.2849 0.0000e+00
 257.467512     35.214  34.496593     7.4769     1.0504     34.917    33.6471    26.2873 0.0000e+00
 257.467517     35.557  34.495107     7.4741     1.0346     35.257    33.6481    26.2885 0.0000e+00
 257.467523     35.892  34.495519     7.4760     1.0270     35.589    33.6465    26.2870 0.0000e+00
 257.467529     36.211  34.498338     7.4800     1.0240     35.906    33.6455    26.2857 0.0000e+00
 257.467535     36.513  34.501119     7.4806     1.0186     36.205    33.6478    26.2874 0.0000e+00
 257.467541     36.805  34.500252     7.4755     1.0155     36.495    33.6517    26.2911 0.0000e+00
 257.467546     37.100  34.495664     7.4673     1.0080     36.787    33.6545    26.2945 0.0000e+00
 257.467552     37.412  34.490157     7.4590     1.0087     37.096    33.6565    26.2972 0.0000e+00
 257.467558     37.746  34.485309     7.4516     1.0035     37.428    33.6582    26.2997 0.0000e+00
 257.467564     38.091  34.481333     7.4462     0.9959     37.770    33.6590    26.3011 0.0000e+00
 257.467569     38.436  34.479046     7.4434     0.9778     38.112    33.6591    26.3015 0.0000e+00
 257.467575     38.772  34.478156     7.4418     0.9719     38.445    33.6595    26.3021 0.0000e+00
 257.467581     39.101  34.477435     7.4402     0.9748     38.771    33.6601    26.3028 0.0000e+00
 257.467587     39.424  34.476443     7.4385     0.9717     39.091    33.6605    26.3034 0.0000e+00
 257.467593     39.746  34.475497     7.4368     0.9911     39.410    33.6610    26.3040 0.0000e+00
 257.467598     40.070  34.474974     7.4352     0.9919     39.732    33.6618    26.3049 0.0000e+00
 257.467604     40.400  34.474697     7.4333     0.9903     40.059    33.6632    26.3062 0.0000e+00
 257.467610     40.740  34.474259     7.4310     0.9700     40.396    33.6648    26.3078 0.0000e+00
