data/oxygen options/ONMS/Olympic_Coast_National_Marine_Sanctuary_CTD_Data_2005_2023/raw_data/2012/CAST_CA042_120718faed.cnv
* Sea-Bird SBE19 Data File:
* FileName = C:\Documents and Settings\OCNMS\Desktop\2012 mooring data\1st service\CAST_CA042_071812.hex
* Software Version 1.25
* Temperature SN = 2997
* Conductivity SN = 2997
* System UpLoad Time = Jul 18 2012 19:50:00
** CAST_CA042_071812
* SEACAT PROFILER V3.1c SN 2997   07/18/12  19:49:12.074
# nquan = 9                                 
# nvalues = 1115                        
# units = specified
# name 0 = timeJ: Julian Days
# name 1 = prSM: Pressure, Strain Gauge [db]
# name 2 = c0mS/cm: Conductivity [mS/cm]
# name 3 = t090C: Temperature [ITS-90, deg C]
# name 4 = sbeox0ML/L: Oxygen, SBE 43 [ml/l]
# name 5 = depSM: Depth [salt water, m], lat = 47.5
# name 6 = sal00: Salinity, Practical [PSU]
# name 7 = sigma-é00: Density [sigma-theta, kg/m^3]
# name 8 = flag: flag
# span 0 = 200.750949, 200.757396       
# span 1 =     -6.006,     42.827       
# span 2 =   0.277736,  37.219493       
# span 3 =     7.5532,    14.8964       
# span 4 =    -1.7629,    17.5483       
# span 5 =     -5.956,     42.465       
# span 6 =     0.1666,    33.2813       
# span 7 =    -0.7366,    25.9881       
# span 8 = 0.0000e+00, 0.0000e+00       
# interval = seconds: 0.5
# start_time = Jul 18 2012 18:01:22 [Instrument's time stamp, header]
# bad_flag = -9.990e-29
*END*
[from data line 161]
 200.751881     -2.569   0.412670    14.6832    -1.7426     -2.548     0.2501    -0.6577 -9.990e-29
 200.751887     -2.563   0.410399    14.6824    -1.7427     -2.542     0.2487    -0.6586 -9.990e-29
 200.751892     -2.556   0.409308    14.6802    -1.7430     -2.535     0.2480    -0.6588 -9.990e-29
 200.751898     -2.548   0.409603    14.6778    -1.7433     -2.527     0.2482    -0.6583 -9.990e-29
 200.751904     -2.539   0.411121    14.6771    -1.7434     -2.518     0.2491    -0.6575 -9.990e-29
 200.751910     -2.526   0.413674    14.6780    -1.7434     -2.505     0.2507    -0.6564 -9.990e-29
 200.751916     -2.511   0.415681    14.6773    -1.7436     -2.490     0.2520    -0.6553 -9.990e-29
 200.751921     -2.491   0.415390    14.6746    -1.7438     -2.470     0.2518    -0.6550 -9.990e-29
 200.751927     -2.471   0.412966    14.6717    -1.7438     -2.450     0.2503    -0.6558 -9.990e-29
 200.751933     -2.452   0.409604    14.6688    -1.7438     -2.432     0.2483    -0.6569 -9.990e-29
 200.751939     -2.433   0.406356    14.6652    -1.7437     -2.413     0.2463    -0.6580 -9.990e-29
 200.751944     -2.414   0.403319    14.6608    -1.7437     -2.394     0.2444    -0.6588 -9.990e-29
 200.751950     -2.393   0.399764    14.6561    -1.7435     -2.373     0.2422    -0.6598 -9.990e-29
 200.751956     -2.374   0.395931    14.6520    -1.7435     -2.354     0.2399    -0.6610 -9.990e-29
 200.751962     -2.358   0.393350    14.6482    -1.7435     -2.338     0.2383    -0.6616 -9.990e-29
 200.751968     -2.346   0.393562    14.6442    -1.7438     -2.326     0.2384    -0.6609 -9.990e-29
 200.751973     -2.336   0.396849    14.6413    -1.7439     -2.317     0.2405    -0.6589 -9.990e-29
 200.751979     -2.328   0.400951    14.6404    -1.7439     -2.309     0.2430    -0.6568 -9.990e-29
 200.751985     -2.321   0.402479    14.6409    -1.7440     -2.302     0.2440    -0.6561 -9.990e-29
 200.751991     -2.316   0.400702    14.6422    -1.7440     -2.297     0.2429    -0.6572 -9.990e-29
 200.751997     -2.310   0.398233    14.6435    -1.7440     -2.291     0.2413    -0.6586 -9.990e-29
 200.752002     -2.305   0.397867    14.6446    -1.7439     -2.286     0.2411    -0.6589 -9.990e-29
 200.752008     -2.300   0.400223    14.6448    -1.7437     -2.281     0.2426    -0.6578 -9.990e-29
 200.752014     -2.294   0.403461    14.6434    -1.7436     -2.275     0.2446    -0.6560 -9.990e-29
 200.752020     -2.287   0.404700    14.6411    -1.7434     -2.268     0.2454    -0.6551 -9.990e-29
 200.752025     -2.278   0.402825    14.6390    -1.7437     -2.259     0.2442    -0.6557 -9.990e-29
 200.752031     -2.268   0.399209    14.6376    -1.7437     -2.249     0.2420    -0.6572 -9.990e-29
 200.752037     -2.256   0.395672    14.6368    -1.7437     -2.237     0.2398    -0.6588 -9.990e-29
 200.752043     -2.240   0.393032    14.6372    -1.7433     -2.221     0.2381    -0.6601 -9.990e-29
 200.752049     -2.220   0.391091    14.6388    -1.7433     -2.201     0.2369    -0.6613 -9.990e-29
 200.752054     -2.198   0.389474    14.6414    -1.7433     -2.180     0.2359    -0.6625 -9.990e-29
 200.752060     -2.178   0.388237    14.6447    -1.7435     -2.160     0.2351    -0.6636 -9.990e-29
 200.752066     -2.158   0.387392    14.6475    -1.7435     -2.140     0.2346    -0.6644 -9.990e-29
 200.752072     -2.142   0.386919    14.6481    -1.7436     -2.124     0.2343    -0.6647 -9.990e-29
 200.752078     -2.128   0.387293    14.6471    -1.7435     -2.110     0.2345    -0.6644 -9.990e-29
 200.752083     -2.111   0.388456    14.6471    -1.7435     -2.093     0.2352    -0.6638 -9.990e-29
 200.752089     -2.095   0.389193    14.6493    -1.7435     -2.078     0.2357    -0.6638 -9.990e-29
 200.752095     -2.082   0.388824    14.6523    -1.7433     -2.065     0.2354    -0.6644 -9.990e-29
 200.752101     -2.072   0.387964    14.6543    -1.7430     -2.055     0.2349    -0.6652 -9.990e-29
 200.752106     -2.064   0.387125    14.6545    -1.7428     -2.047     0.2344    -0.6656 -9.990e-29
 200.752112     -2.058   0.385742    14.6536    -1.7424     -2.041     0.2335    -0.6661 -9.990e-29
 200.752118     -2.053   0.383076    14.6526    -1.7422     -2.036     0.2319    -0.6672 -9.990e-29
 200.752124     -2.049   0.379449    14.6521    -1.7421     -2.032     0.2296    -0.6689 -9.990e-29
 200.752130     -2.045   0.376110    14.6525    -1.7420     -2.028     0.2276    -0.6706 -9.990e-29
 200.752135     -2.042   0.374144    14.6539    -1.7418     -2.025     0.2263    -0.6717 -9.990e-29
 200.752141     -2.040   0.373694    14.6565    -1.7417     -2.023     0.2260    -0.6723 -9.990e-29
 200.752147     -2.037   0.374160    14.6609    -1.7417     -2.020     0.2263    -0.6728 -9.990e-29
 200.752153     -2.035   0.374502    14.6668    -1.7417     -2.018     0.2265    -0.6735 -9.990e-29
 200.752159     -2.032   0.374070    14.6738    -1.7419     -2.015     0.2262    -0.6748 -9.990e-29
 200.752164     -2.029   0.373392    14.6808    -1.7419     -2.012     0.2257    -0.6762 -9.990e-29
 200.752170     -2.025   0.373224    14.6867    -1.7417     -2.008     0.2256    -0.6772 -9.990e-29
 200.752176     -2.020   0.373341    14.6911    -1.7417     -2.003     0.2256    -0.6778 -9.990e-29
 200.752182     -2.015   0.372791    14.6951    -1.7417     -1.998     0.2253    -0.6786 -9.990e-29
 200.752187     -2.007   0.371395    14.6988    -1.7419     -1.990     0.2244    -0.6799 -9.990e-29
 200.752193     -1.998   0.370056    14.7012    -1.7421     -1.981     0.2236    -0.6809 -9.990e-29
 200.752199     -1.987   0.369205    14.7019    -1.7420     -1.970     0.2230    -0.6814 -9.990e-29
 200.752205     -1.972   0.368258    14.7017    -1.7421     -1.956     0.2224    -0.6818 -9.990e-29
 200.752211     -1.953   0.366508    14.7014    -1.7422     -1.937     0.2214    -0.6826 -9.990e-29
 200.752216     -1.932   0.363834    14.7020    -1.7420     -1.916     0.2197    -0.6840 -9.990e-29
 200.752222     -1.918   0.361097    14.7029    -1.7419     -1.902     0.2180    -0.6854 -9.990e-29
 200.752228     -1.909   0.359626    14.7031    -1.7419     -1.893     0.2171    -0.6862 -9.990e-29
 200.752234     -1.900   0.359676    14.7017    -1.7423     -1.884     0.2171    -0.6859 -9.990e-29
 200.752240     -1.891   0.360204    14.6992    -1.7424     -1.875     0.2175    -0.6853 -9.990e-29
 200.752245     -1.877   0.360252    14.6971    -1.7427     -1.861     0.2175    -0.6849 -9.990e-29
 200.752251     -1.857   0.359884    14.6961    -1.7428     -1.842     0.2173    -0.6850 -9.990e-29
 200.752257     -1.839   0.359716    14.6952    -1.7428     -1.824     0.2172    -0.6849 -9.990e-29
 200.752263     -1.824   0.360078    14.6952    -1.7428     -1.809     0.2174    -0.6847 -9.990e-29
 200.752269     -1.814   0.360898    14.6965    -1.7427     -1.799     0.2179    -0.6845 -9.990e-29
 200.752274     -1.806   0.361607    14.6974    -1.7426     -1.791     0.2184    -0.6843 -9.990e-29
 200.752280     -1.801   0.361491    14.6957    -1.7424     -1.786     0.2183    -0.6841 -9.990e-29
 200.752286     -1.797   0.360393    14.6913    -1.7423     -1.782     0.2176    -0.6840 -9.990e-29
 200.752292     -1.796   0.359063    14.6859    -1.7422     -1.781     0.2168    -0.6838 -9.990e-29
 200.752297     -1.796   0.358495    14.6812    -1.7418     -1.781     0.2165    -0.6834 -9.990e-29
 200.752303     -1.798   0.358483    14.6783    -1.7417     -1.783     0.2165    -0.6829 -9.990e-29
 200.752309     -1.801   0.357903    14.6776    -1.7416     -1.786     0.2162    -0.6831 -9.990e-29
 200.752315     -1.803   0.356535    14.6789    -1.7416     -1.788     0.2153    -0.6840 -9.990e-29
 200.752321     -1.798   0.355321    14.6812    -1.7416     -1.783     0.2146    -0.6849 -9.990e-29
 200.752326     -1.790   0.354856    14.6841    -1.7416     -1.775     0.2143    -0.6856 -9.990e-29
 200.752332     -1.784   0.355074    14.6876    -1.7414     -1.769     0.2144    -0.6860 -9.990e-29
 200.752338     -1.779   0.355711    14.6912    -1.7413     -1.764     0.2147    -0.6862 -9.990e-29
 200.752344     -1.774   0.355955    14.6957    -1.7409     -1.759     0.2149    -0.6868 -9.990e-29
 200.752350     -1.770   0.355022    14.7010    -1.7407     -1.755     0.2143    -0.6880 -9.990e-29
 200.752355     -1.766   0.353330    14.7051    -1.7404     -1.751     0.2132    -0.6895 -9.990e-29
 200.752361     -1.761   0.351940    14.7077    -1.7402     -1.746     0.2123    -0.6905 -9.990e-29
 200.752367     -1.756   0.351215    14.7095    -1.7401     -1.741     0.2119    -0.6911 -9.990e-29
 200.752373     -1.751   0.350741    14.7109    -1.7399     -1.736     0.2116    -0.6916 -9.990e-29
 200.752378     -1.744   0.349885    14.7131    -1.7398     -1.729     0.2110    -0.6923 -9.990e-29
 200.752384     -1.735   0.348612    14.7167    -1.7397     -1.721     0.2102    -0.6935 -9.990e-29
 200.752390     -1.725   0.347994    14.7216    -1.7399     -1.711     0.2098    -0.6945 -9.990e-29
 200.752396     -1.716   0.348866    14.7276    -1.7399     -1.702     0.2103    -0.6950 -9.990e-29
 200.752402     -1.712   0.350728    14.7338    -1.7400     -1.698     0.2115    -0.6951 -9.990e-29
 200.752407     -1.708   0.352744    14.7396    -1.7402     -1.694     0.2127    -0.6950 -9.990e-29
 200.752413     -1.701   0.354280    14.7449    -1.7405     -1.687     0.2136    -0.6951 -9.990e-29
 200.752419     -1.689   0.354616    14.7500    -1.7406     -1.675     0.2138    -0.6957 -9.990e-29
 200.752425     -1.673   0.353646    14.7546    -1.7406     -1.659     0.2131    -0.6968 -9.990e-29
 200.752431     -1.654   0.351738    14.7579    -1.7403     -1.640     0.2120    -0.6983 -9.990e-29
 200.752436     -1.637   0.349115    14.7592    -1.7402     -1.623     0.2103    -0.6997 -9.990e-29
 200.752442     -1.619   0.346154    14.7584    -1.7398     -1.605     0.2085    -0.7010 -9.990e-29
 200.752448     -1.605   0.343333    14.7561    -1.7397     -1.592     0.2068    -0.7020 -9.990e-29
 200.752454     -1.598   0.341321    14.7526    -1.7397     -1.585     0.2056    -0.7024 -9.990e-29
 200.752459     -1.593   0.340755    14.7482    -1.7395     -1.580     0.2052    -0.7020 -9.990e-29
 200.752465     -1.585   0.341434    14.7436    -1.7395     -1.572     0.2057    -0.7010 -9.990e-29
 200.752471     -1.579   0.342601    14.7410    -1.7395     -1.566     0.2064    -0.7000 -9.990e-29
 200.752477     -1.573   0.343599    14.7420    -1.7394     -1.560     0.2070    -0.6997 -9.990e-29
 200.752483     -1.563   0.344099    14.7461    -1.7394     -1.550     0.2073    -0.7001 -9.990e-29
 200.752488     -1.552   0.344213    14.7516    -1.7394     -1.539     0.2074    -0.7009 -9.990e-29
 200.752494     -1.545   0.344094    14.7571    -1.7397     -1.532     0.2073    -0.7018 -9.990e-29
 200.752500     -1.541   0.343582    14.7614    -1.7400     -1.528     0.2069    -0.7027 -9.990e-29
 200.752506     -1.540   0.342548    14.7642    -1.7403     -1.527     0.2063    -0.7036 -9.990e-29
 200.752512     -1.541   0.341274    14.7662    -1.7404     -1.528     0.2055    -0.7045 -9.990e-29
 200.752517     -1.541   0.340273    14.7678    -1.7405     -1.528     0.2049    -0.7052 -9.990e-29
 200.752523     -1.534   0.339871    14.7689    -1.7406     -1.521     0.2046    -0.7056 -9.990e-29
 200.752529     -1.526   0.340085    14.7697    -1.7407     -1.513     0.2047    -0.7056 -9.990e-29
 200.752535     -1.519   0.340647    14.7698    -1.7406     -1.506     0.2051    -0.7054 -9.990e-29
 200.752541     -1.513   0.340647    14.7678    -1.7403     -1.500     0.2051    -0.7051 -9.990e-29
 200.752546     -1.509   0.339531    14.7630    -1.7400     -1.496     0.2044    -0.7049 -9.990e-29
 200.752552     -1.504   0.338024    14.7568    -1.7397     -1.491     0.2035    -0.7046 -9.990e-29
 200.752558     -1.500   0.336886    14.7510    -1.7393     -1.487     0.2029    -0.7043 -9.990e-29
 200.752564     -1.497   0.336258    14.7469    -1.7390     -1.485     0.2025    -0.7040 -9.990e-29
 200.752569     -1.493   0.335856    14.7443    -1.7387     -1.481     0.2023    -0.7038 -9.990e-29
 200.752575     -1.488   0.335145    14.7425    -1.7385     -1.476     0.2018    -0.7038 -9.990e-29
 200.752581     -1.482   0.333730    14.7423    -1.7382     -1.470     0.2010    -0.7045 -9.990e-29
 200.752587     -1.476   0.331937    14.7451    -1.7379     -1.464     0.1998    -0.7058 -9.990e-29
 200.752593     -1.468   0.330697    14.7506    -1.7378     -1.456     0.1991    -0.7072 -9.990e-29
 200.752598     -1.462   0.330571    14.7576    -1.7377     -1.450     0.1989    -0.7083 -9.990e-29
 200.752604     -1.462   0.331390    14.7657    -1.7382     -1.450     0.1994    -0.7091 -9.990e-29
 200.752610     -1.464   0.332586    14.7743    -1.7384     -1.452     0.2001    -0.7099 -9.990e-29
 200.752616     -1.463   0.333539    14.7827    -1.7387     -1.451     0.2006    -0.7107 -9.990e-29
 200.752622     -1.461   0.333858    14.7904    -1.7387     -1.449     0.2008    -0.7117 -9.990e-29
 200.752627     -1.456   0.333416    14.7977    -1.7390     -1.444     0.2005    -0.7131 -9.990e-29
 200.752633     -1.448   0.332178    14.8048    -1.7390     -1.436     0.1997    -0.7147 -9.990e-29
 200.752639     -1.441   0.330707    14.8104    -1.7389     -1.429     0.1988    -0.7163 -9.990e-29
 200.752645     -1.439   0.329807    14.8133    -1.7386     -1.427     0.1982    -0.7172 -9.990e-29
 200.752650     -1.438   0.329384    14.8125    -1.7382     -1.426     0.1980    -0.7172 -9.990e-29
 200.752656     -1.432   0.328875    14.8079    -1.7379     -1.420     0.1977    -0.7168 -9.990e-29
 200.752662     -1.427   0.328153    14.8018    -1.7376     -1.415     0.1973    -0.7162 -9.990e-29
 200.752668     -1.425   0.327363    14.7965    -1.7374     -1.413     0.1968    -0.7158 -9.990e-29
 200.752674     -1.423   0.326559    14.7925    -1.7373     -1.411     0.1963    -0.7155 -9.990e-29
 200.752679     -1.416   0.325774    14.7897    -1.7371     -1.404     0.1959    -0.7155 -9.990e-29
 200.752685     -1.403   0.325071    14.7893    -1.7370     -1.391     0.1954    -0.7157 -9.990e-29
 200.752691     -1.389   0.324619    14.7926    -1.7370     -1.377     0.1951    -0.7165 -9.990e-29
 200.752697     -1.376   0.324368    14.7989    -1.7369     -1.365     0.1950    -0.7175 -9.990e-29
 200.752703     -1.364   0.323982    14.8067    -1.7367     -1.353     0.1947    -0.7189 -9.990e-29
 200.752708     -1.356   0.323501    14.8145    -1.7365     -1.345     0.1943    -0.7203 -9.990e-29
 200.752714     -1.352   0.323388    14.8216    -1.7363     -1.341     0.1942    -0.7215 -9.990e-29
 200.752720     -1.347   0.323493    14.8276    -1.7362     -1.336     0.1943    -0.7223 -9.990e-29
 200.752726     -1.341   0.322851    14.8328    -1.7363     -1.330     0.1939    -0.7234 -9.990e-29
 200.752731     -1.329   0.321159    14.8373    -1.7364     -1.318     0.1928    -0.7249 -9.990e-29
 200.752737     -1.310   0.319481    14.8406    -1.7365     -1.299     0.1918    -0.7262 -9.990e-29
 200.752743     -1.292   0.318900    14.8429    -1.7360     -1.281     0.1914    -0.7269 -9.990e-29
 200.752749     -1.279   0.319194    14.8458    -1.7358     -1.268     0.1916    -0.7272 -9.990e-29
 200.752755     -1.268   0.319647    14.8498    -1.7355     -1.257     0.1918    -0.7276 -9.990e-29
 200.752760     -1.260   0.320311    14.8540    -1.7354     -1.249     0.1922    -0.7279 -9.990e-29
 200.752766     -1.253   0.321518    14.8576    -1.7352     -1.243     0.1929    -0.7279 -9.990e-29
 200.752772     -1.248   0.322662    14.8596    -1.7351     -1.238     0.1936    -0.7276 -9.990e-29
 200.752778     -1.244   0.322501    14.8599    -1.7350     -1.234     0.1935    -0.7277 -9.990e-29
 200.752784     -1.241   0.320822    14.8599    -1.7348     -1.231     0.1925    -0.7285 -9.990e-29
 200.752789     -1.239   0.318705    14.8624    -1.7350     -1.229     0.1912    -0.7299 -9.990e-29
 200.752795     -1.237   0.317201    14.8681    -1.7350     -1.227     0.1903    -0.7315 -9.990e-29
