data/oxygen options/ONMS/Olympic_Coast_National_Marine_Sanctuary_CTD_Data_2005_2023/raw_data/2012/CAST_CA015_121009faed.cnv
* Sea-Bird SBE19 Data File:
* FileName = C:\Documents and Settings\OCNMS\Desktop\2012 mooring data\RECOVERY\CAST_CA015_121009.hex
* Software Version 1.25
* Temperature SN = 2997
* Conductivity SN = 2997
* System UpLoad Time = Oct 09 2012 12:11:01
** CAST_CA015_121009
* SEACAT PROFILER V3.1c SN 2997   10/09/12  12:10:00.940
# nquan = 9                                 
# nvalues = 1136                        
# units = specified
# name 0 = timeJ: Julian Days
# name 1 = prSM: Pressure, Strain Gauge [db]
# name 2 = c0mS/cm: Conductivity [mS/cm]
# name 3 = t090C: Temperature [ITS-90, deg C]
# name 4 = sbeox0ML/L: Oxygen, SBE 43 [ml/l]
# name 5 = depSM: Depth [salt water, m], lat = 47.5
# name 6 = sal00: Salinity, Practical [PSU]
# name 7 = sigma-é00: Density [sigma-theta, kg/m^3]
# name 8 = flag: flag
# span 0 = 283.492917, 283.499485       
# span 1 =     -4.986,     13.416       
# span 2 =   0.328158,  36.125000       
# span 3 =     9.1096,    11.9745       
# span 4 =    -1.8839,    15.4769       
# span 5 =     -4.944,     13.304       
# span 6 =     0.2144,    33.5312       
# span 7 =    -0.2684,    25.9007       
# span 8 = 0.0000e+00, 0.0000e+00       
# interval = seconds: 0.5
# start_time = Oct 09 2012 11:49:48 [Instrument's time stamp, header]
# bad_flag = -9.990e-29
*END*
[from data line 161]
 283.493848     -1.772   0.505949    11.3383    -1.8770     -1.757     0.3356    -0.1648 -9.990e-29
 283.493854     -1.767   0.503778    11.3321    -1.8769     -1.752     0.3341    -0.1652 -9.990e-29
 283.493860     -1.762   0.502160    11.3285    -1.8766     -1.747     0.3330    -0.1657 -9.990e-29
 283.493866     -1.757   0.501707    11.3281    -1.8764     -1.742     0.3327    -0.1659 -9.990e-29
 283.493872     -1.751   0.502368    11.3304    -1.8764     -1.736     0.3332    -0.1658 -9.990e-29
 283.493877     -1.744   0.502809    11.3342    -1.8766     -1.729     0.3334    -0.1660 -9.990e-29
 283.493883     -1.736   0.501958    11.3377    -1.8771     -1.722     0.3328    -0.1669 -9.990e-29
 283.493889     -1.725   0.500340    11.3411    -1.8774     -1.711     0.3317    -0.1681 -9.990e-29
 283.493895     -1.711   0.499121    11.3451    -1.8776     -1.697     0.3308    -0.1692 -9.990e-29
 283.493900     -1.694   0.498887    11.3492    -1.8779     -1.680     0.3306    -0.1698 -9.990e-29
 283.493906     -1.672   0.499326    11.3533    -1.8787     -1.658     0.3309    -0.1700 -9.990e-29
 283.493912     -1.648   0.499363    11.3579    -1.8790     -1.634     0.3309    -0.1705 -9.990e-29
 283.493918     -1.625   0.497940    11.3615    -1.8790     -1.611     0.3299    -0.1717 -9.990e-29
 283.493924     -1.601   0.495374    11.3615    -1.8791     -1.588     0.3281    -0.1731 -9.990e-29
 283.493929     -1.580   0.493229    11.3572    -1.8789     -1.567     0.3267    -0.1737 -9.990e-29
 283.493935     -1.563   0.492519    11.3502    -1.8789     -1.550     0.3262    -0.1733 -9.990e-29
 283.493941     -1.551   0.492851    11.3433    -1.8788     -1.538     0.3265    -0.1724 -9.990e-29
 283.493947     -1.542   0.493007    11.3366    -1.8786     -1.529     0.3267    -0.1715 -9.990e-29
 283.493953     -1.535   0.492085    11.3282    -1.8785     -1.522     0.3261    -0.1711 -9.990e-29
 283.493958     -1.531   0.490518    11.3186    -1.8782     -1.518     0.3251    -0.1708 -9.990e-29
 283.493964     -1.528   0.489539    11.3117    -1.8780     -1.515     0.3245    -0.1706 -9.990e-29
 283.493970     -1.524   0.489503    11.3089    -1.8779     -1.511     0.3245    -0.1703 -9.990e-29
 283.493976     -1.512   0.489254    11.3085    -1.8777     -1.499     0.3244    -0.1704 -9.990e-29
 283.493981     -1.497   0.487905    11.3094    -1.8776     -1.485     0.3234    -0.1712 -9.990e-29
 283.493987     -1.481   0.486425    11.3109    -1.8775     -1.469     0.3224    -0.1722 -9.990e-29
 283.493993     -1.464   0.486164    11.3133    -1.8776     -1.452     0.3222    -0.1726 -9.990e-29
 283.493999     -1.445   0.486775    11.3168    -1.8777     -1.433     0.3226    -0.1726 -9.990e-29
 283.494005     -1.422   0.486858    11.3212    -1.8776     -1.410     0.3226    -0.1731 -9.990e-29
 283.494010     -1.399   0.485969    11.3261    -1.8777     -1.387     0.3220    -0.1741 -9.990e-29
 283.494016     -1.383   0.484583    11.3307    -1.8776     -1.371     0.3210    -0.1754 -9.990e-29
 283.494022     -1.371   0.483067    11.3346    -1.8774     -1.360     0.3199    -0.1766 -9.990e-29
 283.494028     -1.361   0.481614    11.3379    -1.8773     -1.350     0.3189    -0.1778 -9.990e-29
 283.494034     -1.354   0.480501    11.3403    -1.8773     -1.343     0.3181    -0.1787 -9.990e-29
 283.494039     -1.351   0.479903    11.3414    -1.8772     -1.340     0.3177    -0.1791 -9.990e-29
 283.494045     -1.342   0.479578    11.3415    -1.8774     -1.331     0.3175    -0.1793 -9.990e-29
 283.494051     -1.328   0.479093    11.3415    -1.8779     -1.317     0.3171    -0.1795 -9.990e-29
 283.494057     -1.316   0.478354    11.3417    -1.8780     -1.305     0.3166    -0.1800 -9.990e-29
 283.494062     -1.305   0.477481    11.3425    -1.8781     -1.294     0.3160    -0.1805 -9.990e-29
 283.494068     -1.290   0.476420    11.3445    -1.8779     -1.279     0.3153    -0.1813 -9.990e-29
 283.494074     -1.275   0.475417    11.3472    -1.8778     -1.264     0.3146    -0.1822 -9.990e-29
 283.494080     -1.262   0.474795    11.3492    -1.8777     -1.251     0.3141    -0.1827 -9.990e-29
 283.494086     -1.252   0.474279    11.3497    -1.8777     -1.242     0.3138    -0.1831 -9.990e-29
 283.494091     -1.243   0.473733    11.3484    -1.8777     -1.233     0.3134    -0.1832 -9.990e-29
 283.494097     -1.235   0.473536    11.3448    -1.8775     -1.225     0.3133    -0.1829 -9.990e-29
 283.494103     -1.227   0.473424    11.3400    -1.8775     -1.217     0.3133    -0.1824 -9.990e-29
 283.494109     -1.219   0.472695    11.3367    -1.8778     -1.209     0.3128    -0.1824 -9.990e-29
 283.494115     -1.210   0.471485    11.3362    -1.8779     -1.200     0.3120    -0.1830 -9.990e-29
 283.494120     -1.200   0.470394    11.3378    -1.8781     -1.190     0.3112    -0.1838 -9.990e-29
 283.494126     -1.192   0.469628    11.3400    -1.8784     -1.182     0.3107    -0.1844 -9.990e-29
 283.494132     -1.191   0.468719    11.3416    -1.8784     -1.181     0.3100    -0.1851 -9.990e-29
 283.494138     -1.191   0.467561    11.3424    -1.8785     -1.181     0.3092    -0.1858 -9.990e-29
 283.494144     -1.189   0.466826    11.3435    -1.8789     -1.179     0.3087    -0.1863 -9.990e-29
 283.494149     -1.184   0.466641    11.3448    -1.8793     -1.174     0.3086    -0.1866 -9.990e-29
 283.494155     -1.180   0.466207    11.3441    -1.8792     -1.170     0.3083    -0.1867 -9.990e-29
 283.494161     -1.182   0.464943    11.3412    -1.8793     -1.172     0.3075    -0.1871 -9.990e-29
 283.494167     -1.185   0.463379    11.3376    -1.8791     -1.175     0.3064    -0.1875 -9.990e-29
 283.494172     -1.186   0.462198    11.3337    -1.8788     -1.176     0.3056    -0.1877 -9.990e-29
 283.494178     -1.183   0.461484    11.3300    -1.8787     -1.173     0.3052    -0.1877 -9.990e-29
 283.494184     -1.178   0.460839    11.3268    -1.8787     -1.168     0.3048    -0.1877 -9.990e-29
 283.494190     -1.169   0.459958    11.3225    -1.8789     -1.159     0.3042    -0.1876 -9.990e-29
 283.494196     -1.156   0.459326    11.3171    -1.8796     -1.146     0.3038    -0.1874 -9.990e-29
 283.494201     -1.139   0.459209    11.3128    -1.8800     -1.129     0.3038    -0.1870 -9.990e-29
 283.494207     -1.120   0.458895    11.3113    -1.8805     -1.111     0.3036    -0.1870 -9.990e-29
 283.494213     -1.102   0.457967    11.3120    -1.8808     -1.093     0.3029    -0.1875 -9.990e-29
 283.494219     -1.086   0.456848    11.3143    -1.8807     -1.077     0.3021    -0.1884 -9.990e-29
 283.494225     -1.072   0.456260    11.3170    -1.8809     -1.063     0.3017    -0.1890 -9.990e-29
 283.494230     -1.066   0.456527    11.3183    -1.8815     -1.057     0.3019    -0.1890 -9.990e-29
 283.494236     -1.062   0.456897    11.3173    -1.8819     -1.053     0.3022    -0.1887 -9.990e-29
 283.494242     -1.052   0.456201    11.3125    -1.8817     -1.043     0.3017    -0.1885 -9.990e-29
 283.494248     -1.035   0.454065    11.3041    -1.8814     -1.026     0.3003    -0.1887 -9.990e-29
 283.494253     -1.019   0.451518    11.2946    -1.8813     -1.010     0.2987    -0.1890 -9.990e-29
 283.494259     -1.006   0.450147    11.2860    -1.8811     -0.998     0.2978    -0.1888 -9.990e-29
 283.494265     -0.995   0.450336    11.2800    -1.8809     -0.987     0.2980    -0.1880 -9.990e-29
 283.494271     -0.987   0.450678    11.2760    -1.8808     -0.979     0.2982    -0.1874 -9.990e-29
 283.494277     -0.981   0.449412    11.2707    -1.8806     -0.973     0.2974    -0.1875 -9.990e-29
 283.494282     -0.976   0.447066    11.2636    -1.8805     -0.968     0.2959    -0.1879 -9.990e-29
 283.494288     -0.972   0.446048    11.2586    -1.8805     -0.964     0.2952    -0.1879 -9.990e-29
 283.494294     -0.969   0.447215    11.2586    -1.8806     -0.961     0.2960    -0.1873 -9.990e-29
 283.494300     -0.966   0.448800    11.2622    -1.8811     -0.958     0.2970    -0.1869 -9.990e-29
 283.494306     -0.963   0.448487    11.2662    -1.8812     -0.955     0.2968    -0.1875 -9.990e-29
 283.494311     -0.961   0.446412    11.2698    -1.8813     -0.953     0.2954    -0.1890 -9.990e-29
 283.494317     -0.959   0.444791    11.2734    -1.8815     -0.951     0.2942    -0.1903 -9.990e-29
 283.494323     -0.956   0.444785    11.2771    -1.8820     -0.948     0.2942    -0.1907 -9.990e-29
 283.494329     -0.953   0.445277    11.2804    -1.8823     -0.945     0.2945    -0.1908 -9.990e-29
 283.494334     -0.950   0.444525    11.2824    -1.8823     -0.942     0.2940    -0.1914 -9.990e-29
 283.494340     -0.946   0.442634    11.2819    -1.8823     -0.938     0.2927    -0.1924 -9.990e-29
 283.494346     -0.941   0.440773    11.2786    -1.8823     -0.933     0.2914    -0.1930 -9.990e-29
 283.494352     -0.934   0.439783    11.2737    -1.8824     -0.926     0.2908    -0.1930 -9.990e-29
 283.494358     -0.926   0.439820    11.2693    -1.8825     -0.918     0.2909    -0.1925 -9.990e-29
 283.494363     -0.916   0.439828    11.2656    -1.8827     -0.908     0.2909    -0.1920 -9.990e-29
 283.494369     -0.903   0.438707    11.2609    -1.8827     -0.895     0.2902    -0.1921 -9.990e-29
 283.494375     -0.886   0.436626    11.2551    -1.8829     -0.879     0.2888    -0.1926 -9.990e-29
 283.494381     -0.869   0.434686    11.2498    -1.8832     -0.862     0.2875    -0.1930 -9.990e-29
 283.494387     -0.858   0.433622    11.2466    -1.8836     -0.851     0.2868    -0.1932 -9.990e-29
 283.494392     -0.854   0.433124    11.2454    -1.8837     -0.847     0.2865    -0.1934 -9.990e-29
 283.494398     -0.848   0.432526    11.2447    -1.8837     -0.841     0.2861    -0.1936 -9.990e-29
 283.494404     -0.834   0.431587    11.2433    -1.8836     -0.827     0.2854    -0.1940 -9.990e-29
 283.494410     -0.816   0.430715    11.2409    -1.8836     -0.809     0.2849    -0.1942 -9.990e-29
 283.494416     -0.798   0.430409    11.2385    -1.8837     -0.791     0.2847    -0.1941 -9.990e-29
 283.494421     -0.778   0.430259    11.2361    -1.8838     -0.772     0.2846    -0.1939 -9.990e-29
 283.494427     -0.759   0.429514    11.2325    -1.8839     -0.753     0.2841    -0.1939 -9.990e-29
 283.494433     -0.744   0.428286    11.2273    -1.8839     -0.738     0.2833    -0.1940 -9.990e-29
 283.494439     -0.733   0.427153    11.2222    -1.8836     -0.727     0.2826    -0.1940 -9.990e-29
 283.494444     -0.724   0.426267    11.2193    -1.8832     -0.718     0.2820    -0.1942 -9.990e-29
 283.494450     -0.717   0.425552    11.2186    -1.8830     -0.711     0.2815    -0.1945 -9.990e-29
 283.494456     -0.712   0.424611    11.2188    -1.8826     -0.706     0.2809    -0.1950 -9.990e-29
 283.494462     -0.708   0.422742    11.2188    -1.8822     -0.702     0.2796    -0.1960 -9.990e-29
 283.494468     -0.705   0.420221    11.2180    -1.8823     -0.699     0.2779    -0.1972 -9.990e-29
 283.494473     -0.703   0.418116    11.2166    -1.8823     -0.697     0.2764    -0.1982 -9.990e-29
 283.494479     -0.702   0.417495    11.2158    -1.8823     -0.696     0.2760    -0.1985 -9.990e-29
 283.494485     -0.701   0.418640    11.2174    -1.8824     -0.695     0.2768    -0.1980 -9.990e-29
 283.494491     -0.701   0.420308    11.2221    -1.8826     -0.695     0.2779    -0.1976 -9.990e-29
 283.494497     -0.701   0.420847    11.2285    -1.8825     -0.695     0.2782    -0.1981 -9.990e-29
 283.494502     -0.702   0.419871    11.2355    -1.8824     -0.696     0.2775    -0.1994 -9.990e-29
 283.494508     -0.704   0.418292    11.2424    -1.8823     -0.698     0.2764    -0.2010 -9.990e-29
 283.494514     -0.707   0.416773    11.2474    -1.8825     -0.701     0.2753    -0.2023 -9.990e-29
 283.494520     -0.710   0.415503    11.2495    -1.8825     -0.704     0.2744    -0.2032 -9.990e-29
 283.494525     -0.715   0.414451    11.2497    -1.8822     -0.709     0.2737    -0.2038 -9.990e-29
 283.494531     -0.721   0.413320    11.2488    -1.8820     -0.715     0.2729    -0.2043 -9.990e-29
 283.494537     -0.728   0.412264    11.2474    -1.8819     -0.722     0.2722    -0.2047 -9.990e-29
 283.494543     -0.734   0.411536    11.2468    -1.8819     -0.728     0.2717    -0.2051 -9.990e-29
 283.494549     -0.734   0.410721    11.2477    -1.8819     -0.728     0.2712    -0.2056 -9.990e-29
 283.494554     -0.732   0.409284    11.2490    -1.8820     -0.726     0.2702    -0.2065 -9.990e-29
 283.494560     -0.733   0.407525    11.2491    -1.8821     -0.727     0.2690    -0.2075 -9.990e-29
 283.494566     -0.733   0.406420    11.2485    -1.8822     -0.727     0.2683    -0.2080 -9.990e-29
 283.494572     -0.726   0.406710    11.2495    -1.8822     -0.720     0.2684    -0.2079 -9.990e-29
 283.494578     -0.717   0.408229    11.2529    -1.8822     -0.711     0.2695    -0.2075 -9.990e-29
 283.494583     -0.710   0.409681    11.2567    -1.8824     -0.704     0.2704    -0.2071 -9.990e-29
 283.494589     -0.704   0.409680    11.2590    -1.8825     -0.698     0.2704    -0.2074 -9.990e-29
 283.494595     -0.698   0.408224    11.2599    -1.8826     -0.692     0.2694    -0.2083 -9.990e-29
 283.494601     -0.693   0.406696    11.2594    -1.8825     -0.687     0.2684    -0.2090 -9.990e-29
 283.494606     -0.688   0.406378    11.2578    -1.8825     -0.682     0.2682    -0.2090 -9.990e-29
 283.494612     -0.683   0.406846    11.2563    -1.8824     -0.677     0.2685    -0.2086 -9.990e-29
 283.494618     -0.677   0.406510    11.2554    -1.8821     -0.671     0.2683    -0.2087 -9.990e-29
 283.494624     -0.670   0.404922    11.2545    -1.8820     -0.664     0.2672    -0.2094 -9.990e-29
 283.494630     -0.662   0.403288    11.2528    -1.8820     -0.656     0.2661    -0.2101 -9.990e-29
 283.494635     -0.652   0.402751    11.2503    -1.8822     -0.647     0.2657    -0.2101 -9.990e-29
 283.494641     -0.640   0.403148    11.2485    -1.8821     -0.635     0.2660    -0.2097 -9.990e-29
 283.494647     -0.624   0.403348    11.2481    -1.8815     -0.619     0.2662    -0.2096 -9.990e-29
 283.494653     -0.603   0.402510    11.2489    -1.8813     -0.598     0.2656    -0.2101 -9.990e-29
 283.494659     -0.578   0.401178    11.2506    -1.8812     -0.573     0.2647    -0.2110 -9.990e-29
 283.494664     -0.549   0.400345    11.2533    -1.8811     -0.544     0.2641    -0.2117 -9.990e-29
 283.494670     -0.524   0.400007    11.2567    -1.8809     -0.520     0.2638    -0.2123 -9.990e-29
 283.494676     -0.505   0.399714    11.2592    -1.8810     -0.501     0.2636    -0.2127 -9.990e-29
 283.494682     -0.491   0.399077    11.2602    -1.8809     -0.487     0.2632    -0.2132 -9.990e-29
 283.494688     -0.482   0.397799    11.2609    -1.8807     -0.478     0.2623    -0.2139 -9.990e-29
 283.494693     -0.477   0.396391    11.2640    -1.8807     -0.473     0.2613    -0.2150 -9.990e-29
 283.494699     -0.476   0.395744    11.2698    -1.8808     -0.472     0.2608    -0.2160 -9.990e-29
 283.494705     -0.473   0.396104    11.2753    -1.8809     -0.469     0.2611    -0.2164 -9.990e-29
 283.494711     -0.465   0.396844    11.2792    -1.8811     -0.461     0.2615    -0.2165 -9.990e-29
 283.494716     -0.456   0.396736    11.2828    -1.8812     -0.452     0.2614    -0.2169 -9.990e-29
 283.494722     -0.448   0.395082    11.2858    -1.8806     -0.444     0.2603    -0.2181 -9.990e-29
 283.494728     -0.443   0.392445    11.2873    -1.8804     -0.439     0.2585    -0.2197 -9.990e-29
 283.494734     -0.438   0.390291    11.2887    -1.8802     -0.434     0.2570    -0.2210 -9.990e-29
 283.494740     -0.435   0.389624    11.2904    -1.8804     -0.431     0.2566    -0.2216 -9.990e-29
 283.494745     -0.433   0.390107    11.2908    -1.8800     -0.429     0.2569    -0.2213 -9.990e-29
 283.494751     -0.431   0.390725    11.2897    -1.8799     -0.427     0.2573    -0.2209 -9.990e-29
 283.494757     -0.430   0.390641    11.2878    -1.8798     -0.426     0.2573    -0.2207 -9.990e-29
 283.494763     -0.429   0.389744    11.2865    -1.8795     -0.425     0.2567    -0.2211 -9.990e-29
