data/oxygen options/ONMS/Olympic_Coast_National_Marine_Sanctuary_CTD_Data_2005_2023/raw_data/2012/CAST_KL015_121010faed.cnv
* Sea-Bird SBE19 Data File:
* FileName = C:\Documents and Settings\OCNMS\Desktop\2012 mooring data\RECOVERY\CAST_KL015_121010.hex
* Software Version 1.25
* Temperature SN = 2997
* Conductivity SN = 2997
* System UpLoad Time = Oct 10 2012 16:33:27
** CAST_KL015_121010
* SEACAT PROFILER V3.1c SN 2997   10/10/12  16:32:14.028
# nquan = 9                                 
# nvalues = 1374                        
# units = specified
# name 0 = timeJ: Julian Days
# name 1 = prSM: Pressure, Strain Gauge [db]
# name 2 = c0mS/cm: Conductivity [mS/cm]
# name 3 = t090C: Temperature [ITS-90, deg C]
# name 4 = sbeox0ML/L: Oxygen, SBE 43 [ml/l]
# name 5 = depSM: Depth [salt water, m], lat = 47.5
# name 6 = sal00: Salinity, Practical [PSU]
# name 7 = sigma-é00: Density [sigma-theta, kg/m^3]
# name 8 = flag: flag
# span 0 = 284.670648, 284.678594       
# span 1 =     -4.975,     16.203       
# span 2 =   0.416793,  36.781852       
# span 3 =     9.5749,    12.4628       
# span 4 =    -1.8639,    15.6427       
# span 5 =     -4.934,     16.067       
# span 6 =     0.2692,    33.0834       
# span 7 =    -0.3209,    25.4861       
# span 8 = 0.0000e+00, 0.0000e+00       
# interval = seconds: 0.5
# start_time = Oct 10 2012 16:05:44 [Instrument's time stamp, header]
# bad_flag = -9.990e-29
*END*
[from data line 1121]
 284.677135      6.068  36.317399    10.3935     6.7217      6.017    32.8302    25.1917 0.0000e+00
 284.677141      6.286  36.317247    10.3907     6.7153      6.233    32.8324    25.1940 0.0000e+00
 284.677147      6.498  36.315135    10.3875     6.6964      6.444    32.8331    25.1951 0.0000e+00
 284.677153      6.709  36.312133    10.3839     6.6876      6.653    32.8333    25.1958 0.0000e+00
 284.677159      6.924  36.309247    10.3801     6.6722      6.866    32.8337    25.1968 0.0000e+00
 284.677164      7.144  36.305956    10.3770     6.6552      7.084    32.8331    25.1968 0.0000e+00
 284.677170      7.369  36.303438    10.3750     6.6313      7.307    32.8323    25.1965 0.0000e+00
 284.677176      7.602  36.301663    10.3738     6.6025      7.538    32.8315    25.1961 0.0000e+00
 284.677182      7.835  36.300470    10.3727     6.5654      7.769    32.8312    25.1961 0.0000e+00
 284.677188      8.066  36.299916    10.3710     6.5201      7.999    32.8320    25.1971 0.0000e+00
 284.677193      8.303  36.298668    10.3691     6.4996      8.234    32.8324    25.1977 0.0000e+00
 284.677199      8.541  36.296147    10.3671     6.4759      8.470    32.8316    25.1974 0.0000e+00
 284.677205      8.771  36.292880    10.3647     6.4439      8.698    32.8303    25.1968 0.0000e+00
 284.677211      8.991  36.289516    10.3612     6.4030      8.916    32.8300    25.1972 0.0000e+00
 284.677216      9.206  36.286577    10.3563     6.3512      9.129    32.8314    25.1991 0.0000e+00
 284.677222      9.420  36.282912    10.3499     6.2974      9.341    32.8334    25.2017 0.0000e+00
 284.677228      9.639  36.277523    10.3423     6.2625      9.558    32.8348    25.2041 0.0000e+00
 284.677234      9.860  36.271591    10.3341     6.2184      9.777    32.8361    25.2065 0.0000e+00
 284.677240     10.080  36.265576    10.3235     6.2072      9.996    32.8395    25.2110 0.0000e+00
 284.677245     10.308  36.257023    10.3062     6.2063     10.222    32.8465    25.2194 0.0000e+00
 284.677251     10.551  36.242337    10.2804     6.1929     10.463    32.8549    25.2304 0.0000e+00
 284.677257     10.801  36.222067    10.2526     6.1610     10.711    32.8595    25.2387 0.0000e+00
 284.677263     11.046  36.202199    10.2331     6.0514     10.954    32.8571    25.2400 0.0000e+00
 284.677269     11.275  36.189253    10.2246     5.9136     11.181    32.8516    25.2372 0.0000e+00
 284.677274     11.495  36.187212    10.2204     5.7940     11.399    32.8532    25.2392 0.0000e+00
 284.677280     11.714  36.190518    10.2122     5.7150     11.616    32.8639    25.2489 0.0000e+00
 284.677286     11.938  36.186183    10.1908     5.6804     11.838    32.8789    25.2642 0.0000e+00
 284.677292     12.174  36.169512    10.1534     5.6738     12.072    32.8959    25.2838 0.0000e+00
 284.677297     12.422  36.147933    10.1111     5.6774     12.318    32.9124    25.3038 0.0000e+00
 284.677303     12.678  36.131289    10.0765     5.7018     12.572    32.9269    25.3209 0.0000e+00
 284.677309     12.932  36.121431    10.0532     5.6951     12.824    32.9380    25.3335 0.0000e+00
 284.677315     13.178  36.115256    10.0389     5.6262     13.068    32.9447    25.3411 0.0000e+00
 284.677321     13.416  36.111212    10.0297     5.4615     13.304    32.9488    25.3459 0.0000e+00
 284.677326     13.647  36.108352    10.0230     5.1290     13.533    32.9519    25.3494 0.0000e+00
 284.677332     13.878  36.105628    10.0162     4.7388     13.762    32.9553    25.3532 0.0000e+00
 284.677338     14.111  36.101053    10.0054     4.3838     13.993    32.9604    25.3590 0.0000e+00
 284.677344     14.342  36.090734     9.9820     4.1506     14.222    32.9712    25.3713 0.0000e+00
 284.677350     14.571  36.065920     9.9265     4.0871     14.449    32.9966    25.4003 0.0000e+00
 284.677355     14.793  36.003572     9.8249     4.1507     14.669    33.0260    25.4402 0.0000e+00
 284.677361     15.003  35.904548     9.7076     4.3101     14.877    33.0324    25.4645 0.0000e+00
 284.677367     15.192  35.819936     9.6239     4.6032     15.065    33.0226    25.4705 0.0000e+00
 284.677373     15.358  35.779701     9.5848     4.9679     15.229    33.0173    25.4727 0.0000e+00
 284.677378     15.505  35.765987     9.5749     5.3050     15.375    33.0122    25.4704 0.0000e+00
 284.677384     15.632  35.766060     9.5850     5.5040     15.501    33.0030    25.4615 -9.990e-29
 284.677390     15.740  35.781663     9.6130     5.5368     15.608    32.9932    25.4493 -9.990e-29
 284.677396     15.831  35.817323     9.6680     5.4289     15.698    32.9791    25.4294 -9.990e-29
 284.677402     15.910  35.883028     9.7504     5.2563     15.777    32.9707    25.4093 -9.990e-29
 284.677407     15.983  35.958249     9.8222     5.0727     15.849    32.9817    25.4060 -9.990e-29
 284.677413     16.050  35.999865     9.8415     4.8990     15.915    33.0064    25.4222 -9.990e-29
 284.677419     16.107  35.999494     9.8163     4.7606     15.972    33.0291    25.4440 -9.990e-29
 284.677425     16.154  35.979028     9.7828     4.6479     16.019    33.0390    25.4572 -9.990e-29
 284.677431     16.188  35.955399     9.7539     4.6140     16.052    33.0413    25.4639 -9.990e-29
 284.677436     16.203  35.929549     9.7250     4.7052     16.067    33.0415    25.4687 -9.990e-29
 284.677442     16.197  35.902822     9.6945     4.9404     16.061    33.0421    25.4743 -9.990e-29
 284.677448     16.168  35.880434     9.6652     5.2364     16.032    33.0462    25.4822 -9.990e-29
 284.677454     16.120  35.864425     9.6463     5.5029     15.985    33.0472    25.4861 -9.990e-29
 284.677459     16.057  35.858621     9.6484     5.6292     15.922    33.0393    25.4796 -9.990e-29
 284.677465     15.984  35.868686     9.6798     5.6021     15.850    33.0208    25.4600 -9.990e-29
 284.677471     15.910  35.904645     9.7454     5.4141     15.777    32.9974    25.4309 -9.990e-29
 284.677477     15.843  35.964559     9.8285     5.1729     15.710    32.9824    25.4056 -9.990e-29
 284.677483     15.781  36.020179     9.8952     5.0273     15.649    32.9781    25.3911 -9.990e-29
 284.677488     15.727  36.048743     9.9268     5.0087     15.595    32.9783    25.3861 -9.990e-29
 284.677494     15.685  36.050228     9.9243     5.1175     15.554    32.9821    25.3894 -9.990e-29
 284.677500     15.657  36.024915     9.8881     5.2022     15.526    32.9895    25.4012 -9.990e-29
 284.677506     15.640  35.970396     9.8404     5.2135     15.509    32.9776    25.3998 -9.990e-29
 284.677512     15.630  35.928775     9.8279     5.1641     15.499    32.9466    25.3777 -9.990e-29
 284.677517     15.622  35.941980     9.8503     5.0246     15.491    32.9396    25.3685 -9.990e-29
 284.677523     15.615  35.974359     9.8652     4.8373     15.484    32.9589    25.3812 -9.990e-29
 284.677529     15.604  35.986149     9.8559     4.6348     15.473    32.9795    25.3987 -9.990e-29
 284.677535     15.588  35.972320     9.8358     4.4906     15.457    32.9838    25.4054 -9.990e-29
 284.677541     15.576  35.948015     9.8174     4.4369     15.445    32.9758    25.4023 -9.990e-29
 284.677546     15.571  35.932325     9.7868     4.4614     15.440    32.9879    25.4167 -9.990e-29
 284.677552     15.572  35.905413     9.7296     4.5172     15.441    33.0128    25.4456 -9.990e-29
 284.677558     15.580  35.857130     9.6729     4.5661     15.449    33.0155    25.4570 -9.990e-29
 284.677564     15.594  35.821087     9.6536     4.6162     15.463    32.9963    25.4451 -9.990e-29
 284.677569     15.612  35.816401     9.6652     4.6768     15.481    32.9809    25.4312 -9.990e-29
 284.677575     15.627  35.825574     9.6752     4.7587     15.496    32.9811    25.4297 -9.990e-29
 284.677581     15.638  35.829996     9.6718     4.8277     15.507    32.9887    25.4362 -9.990e-29
 284.677587     15.652  35.831054     9.6681     4.8828     15.521    32.9932    25.4403 -9.990e-29
 284.677593     15.664  35.836291     9.6748     4.9305     15.533    32.9924    25.4386 -9.990e-29
 284.677598     15.671  35.847054     9.6876     4.9772     15.540    32.9917    25.4359 -9.990e-29
 284.677604     15.674  35.860296     9.7005     5.0500     15.543    32.9934    25.4352 -9.990e-29
 284.677610     15.677  35.872356     9.7137     5.1368     15.546    32.9936    25.4332 -9.990e-29
 284.677616     15.685  35.881919     9.7283     5.2247     15.554    32.9900    25.4279 -9.990e-29
 284.677622     15.693  35.891818     9.7452     5.3084     15.561    32.9846    25.4210 -9.990e-29
 284.677627     15.699  35.903480     9.7634     5.3872     15.567    32.9798    25.4142 -9.990e-29
 284.677633     15.702  35.915282     9.7810     5.4559     15.570    32.9757    25.4082 -9.990e-29
 284.677639     15.703  35.930094     9.8011     5.4737     15.571    32.9724    25.4023 -9.990e-29
 284.677645     15.701  35.951630     9.8250     5.4462     15.569    32.9725    25.3984 -9.990e-29
 284.677650     15.696  35.975581     9.8485     5.3450     15.564    32.9754    25.3968 -9.990e-29
 284.677656     15.694  35.995816     9.8681     5.2252     15.562    32.9781    25.3956 -9.990e-29
 284.677662     15.696  36.009652     9.8817     5.1657     15.564    32.9798    25.3947 -9.990e-29
 284.677668     15.701  36.016518     9.8911     5.1627     15.569    32.9782    25.3919 -9.990e-29
 284.677674     15.702  36.018313     9.8948     5.2374     15.570    32.9766    25.3900 -9.990e-29
 284.677679     15.702  36.002889     9.8853     5.3077     15.570    32.9696    25.3861 -9.990e-29
 284.677685     15.698  35.963149     9.8703     5.3638     15.566    32.9428    25.3677 -9.990e-29
 284.677691     15.697  35.938552     9.8687     5.4062     15.565    32.9192    25.3496 -9.990e-29
 284.677697     15.701  35.953456     9.8788     5.4106     15.569    32.9252    25.3526 -9.990e-29
 284.677703     15.708  35.977339     9.8861     5.3806     15.576    32.9428    25.3651 -9.990e-29
 284.677708     15.712  35.991652     9.8894     5.2893     15.580    32.9544    25.3736 -9.990e-29
 284.677714     15.714  35.999260     9.8928     5.1387     15.582    32.9590    25.3767 -9.990e-29
 284.677720     15.715  36.003610     9.8962     4.9910     15.583    32.9603    25.3771 -9.990e-29
 284.677726     15.714  36.010524     9.8962     4.8830     15.582    32.9674    25.3826 -9.990e-29
 284.677731     15.712  36.014678     9.8844     4.7875     15.580    32.9824    25.3963 -9.990e-29
 284.677737     15.708  36.002031     9.8552     4.7270     15.576    32.9962    25.4119 -9.990e-29
 284.677743     15.706  35.968065     9.8213     4.6958     15.574    32.9927    25.4147 -9.990e-29
 284.677749     15.710  35.928009     9.8005     4.6841     15.578    32.9708    25.4011 -9.990e-29
 284.677755     15.717  35.904090     9.7876     4.6423     15.585    32.9582    25.3934 -9.990e-29
 284.677760     15.723  35.892999     9.7638     4.5453     15.591    32.9687    25.4055 -9.990e-29
 284.677766     15.727  35.877725     9.7388     4.4440     15.595    32.9760    25.4153 -9.990e-29
 284.677772     15.730  35.869293     9.7406     4.3850     15.598    32.9658    25.4070 -9.990e-29
 284.677778     15.733  35.874962     9.7534     4.3916     15.601    32.9598    25.4003 -9.990e-29
 284.677784     15.736  35.868695     9.7327     4.4141     15.604    32.9724    25.4135 -9.990e-29
 284.677789     15.738  35.839361     9.6798     4.4175     15.606    32.9909    25.4366 -9.990e-29
 284.677795     15.739  35.808930     9.6348     4.4068     15.607    33.0011    25.4519 -9.990e-29
 284.677801     15.741  35.796780     9.6202     4.4217     15.609    33.0021    25.4551 -9.990e-29
 284.677807     15.743  35.802964     9.6274     4.4507     15.611    33.0018    25.4537 -9.990e-29
 284.677813     15.745  35.812776     9.6321     4.5021     15.613    33.0075    25.4574 -9.990e-29
 284.677818     15.748  35.809630     9.6214     4.5507     15.616    33.0141    25.4643 -9.990e-29
 284.677824     15.751  35.796641     9.6084     4.6148     15.619    33.0128    25.4654 -9.990e-29
 284.677830     15.755  35.792923     9.6104     4.6978     15.623    33.0071    25.4606 -9.990e-29
 284.677836     15.759  35.802498     9.6264     4.8003     15.627    33.0022    25.4542 -9.990e-29
 284.677841     15.765  35.814064     9.6434     4.9258     15.633    32.9984    25.4485 -9.990e-29
 284.677847     15.773  35.823460     9.6519     5.0777     15.641    33.0002    25.4485 -9.990e-29
 284.677853     15.782  35.833158     9.6555     5.2301     15.650    33.0069    25.4531 -9.990e-29
 284.677859     15.791  35.845474     9.6640     5.3682     15.659    33.0117    25.4554 -9.990e-29
 284.677865     15.793  35.862286     9.6829     5.4761     15.661    33.0115    25.4522 -9.990e-29
 284.677870     15.791  35.886988     9.7155     5.5571     15.659    33.0068    25.4432 -9.990e-29
 284.677876     15.783  35.920051     9.7570     5.5965     15.651    33.0026    25.4331 -9.990e-29
 284.677882     15.774  35.955730     9.7941     5.5914     15.642    33.0050    25.4288 -9.990e-29
 284.677888     15.767  35.982811     9.8238     5.5411     15.635    33.0054    25.4243 -9.990e-29
 284.677894     15.761  36.001024     9.8556     5.4149     15.629    32.9948    25.4108 -9.990e-29
 284.677899     15.757  36.021796     9.8891     5.2024     15.625    32.9853    25.3978 -9.990e-29
 284.677905     15.755  36.038680     9.9111     4.9815     15.623    32.9824    25.3919 -9.990e-29
 284.677911     15.753  36.041167     9.9171     4.7882     15.621    32.9794    25.3886 -9.990e-29
 284.677917     15.751  36.034842     9.9103     4.6082     15.619    32.9792    25.3895 -9.990e-29
 284.677922     15.751  36.021380     9.8844     4.4642     15.619    32.9892    25.4016 -9.990e-29
 284.677928     15.751  35.983976     9.8401     4.3632     15.619    32.9916    25.4108 -9.990e-29
 284.677934     15.752  35.928792     9.7990     4.3314     15.620    32.9730    25.4031 -9.990e-29
 284.677940     15.754  35.893175     9.7607     4.3313     15.622    32.9717    25.4084 -9.990e-29
 284.677946     15.756  35.871098     9.7062     4.3361     15.624    32.9991    25.4387 -9.990e-29
 284.677951     15.760  35.836502     9.6501     4.3207     15.628    33.0153    25.4605 -9.990e-29
 284.677957     15.765  35.806009     9.6221     4.3213     15.633    33.0098    25.4608 -9.990e-29
 284.677963     15.771  35.799467     9.6267     4.3621     15.639    32.9988    25.4515 -9.990e-29
 284.677969     15.779  35.806482     9.6391     4.4316     15.647    32.9946    25.4462 -9.990e-29
 284.677975     15.786  35.804498     9.6318     4.5238     15.654    32.9993    25.4510 -9.990e-29
 284.677980     15.787  35.790337     9.6136     4.6288     15.655    33.0015    25.4557 -9.990e-29
 284.677986     15.787  35.782111     9.6104     4.7491     15.655    32.9960    25.4519 -9.990e-29
 284.677992     15.789  35.789595     9.6183     4.8777     15.657    32.9964    25.4510 -9.990e-29
 284.677998     15.791  35.804299     9.6233     5.0227     15.659    33.0069    25.4583 -9.990e-29
 284.678003     15.782  35.816724     9.6305     5.1695     15.650    33.0130    25.4619 -9.990e-29
 284.678009     15.764  35.832261     9.6465     5.2875     15.632    33.0142    25.4603 -9.990e-29
 284.678015     15.743  35.855404     9.6651     5.3187     15.611    33.0208    25.4624 -9.990e-29
 284.678021     15.723  35.878942     9.6824     5.2877     15.591    33.0290    25.4660 -9.990e-29
 284.678027     15.701  35.900117     9.7101     5.2585     15.569    33.0253    25.4585 -9.990e-29
 284.678032     15.676  35.927025     9.7590     5.2626     15.545    33.0079    25.4369 -9.990e-29
 284.678038     15.648  35.959716     9.8111     5.3086     15.517    32.9935    25.4171 -9.990e-29
 284.678044     15.618  35.977950     9.8385     5.3689     15.487    32.9870    25.4075 -9.990e-29
 284.678050     15.589  35.967422     9.8437     5.4314     15.458    32.9715    25.3946 -9.990e-29
