data/oxygen options/ONMS/Olympic_Coast_National_Marine_Sanctuary_CTD_Data_2005_2023/raw_data/2012/CAST_KL050_120830faed.cnv
* Sea-Bird SBE19 Data File:
* FileName = C:\Documents and Settings\OCNMS\Desktop\2012 mooring data\2nd service\CAST_KL050_120830.hex
* Software Version 1.25
* Temperature SN = 2997
* Conductivity SN = 2997
* System UpLoad Time = Aug 30 2012 16:17:38
** CAST_KL050_120830
* SEACAT PROFILER V3.1c SN 2997   08/30/12  16:16:32.669
# nquan = 9                                 
# nvalues = 1152                        
# units = specified
# name 0 = timeJ: Julian Days
# name 1 = prSM: Pressure, Strain Gauge [db]
# name 2 = c0mS/cm: Conductivity [mS/cm]
# name 3 = t090C: Temperature [ITS-90, deg C]
# name 4 = sbeox0ML/L: Oxygen, SBE 43 [ml/l]
# name 5 = depSM: Depth [salt water, m], lat = 47.5
# name 6 = sal00: Salinity, Practical [PSU]
# name 7 = sigma-é00: Density [sigma-theta, kg/m^3]
# name 8 = flag: flag
# span 0 = 243.641829, 243.648490       
# span 1 =     -5.475,     51.180       
# span 2 =   0.247524,  39.080550       
# span 3 =     7.3274,    16.0197       
# span 4 =    -1.7316,    13.6574       
# span 5 =     -5.429,     50.747       
# span 6 =     0.1464,    33.7210       
# span 7 =    -0.9394,    26.3656       
# span 8 = 0.0000e+00, 0.0000e+00       
# interval = seconds: 0.5
# start_time = Aug 30 2012 15:24:14 [Instrument's time stamp, header]
# bad_flag = -9.990e-29
*END*
 243.641829     -5.475 -9.990e-29    15.6217    -1.7053     -5.429 -9.990e-29 -9.990e-29 -9.990e-29
 243.641834     -5.457   0.279209    15.6287    -1.7051     -5.412     0.1642    -0.8690 -9.990e-29
 243.641840     -5.433   0.279024    15.6362    -1.7050     -5.388     0.1641    -0.8703 -9.990e-29
 243.641846     -5.402   0.279209    15.6442    -1.7048     -5.357     0.1642    -0.8715 -9.990e-29
 243.641852     -5.367   0.279455    15.6522    -1.7044     -5.322     0.1643    -0.8727 -9.990e-29
 243.641858     -5.334   0.279536    15.6599    -1.7040     -5.290     0.1643    -0.8739 -9.990e-29
 243.641863     -5.304   0.279562    15.6675    -1.7037     -5.260     0.1643    -0.8751 -9.990e-29
 243.641869     -5.277   0.279569    15.6753    -1.7034     -5.233     0.1643    -0.8764 -9.990e-29
 243.641875     -5.250   0.279566    15.6829    -1.7030     -5.206     0.1642    -0.8776 -9.990e-29
 243.641881     -5.221   0.279552    15.6900    -1.7029     -5.177     0.1642    -0.8788 -9.990e-29
 243.641887     -5.190   0.279509    15.6961    -1.7030     -5.147     0.1641    -0.8798 -9.990e-29
 243.641892     -5.158   0.279381    15.7018    -1.7027     -5.115     0.1640    -0.8808 -9.990e-29
 243.641898     -5.127   0.278998    15.7089    -1.7026     -5.084     0.1638    -0.8821 -9.990e-29
 243.641904     -5.095   0.278404    15.7176    -1.7024     -5.053     0.1634    -0.8838 -9.990e-29
 243.641910     -5.065   0.277915    15.7271    -1.7024     -5.023     0.1631    -0.8855 -9.990e-29
 243.641916     -5.039   0.277434    15.7366    -1.7022     -4.997     0.1628    -0.8873 -9.990e-29
 243.641921     -5.016   0.276875    15.7454    -1.7020     -4.974     0.1624    -0.8890 -9.990e-29
 243.641927     -4.994   0.276601    15.7526    -1.7020     -4.952     0.1622    -0.8903 -9.990e-29
 243.641933     -4.971   0.276800    15.7572    -1.7019     -4.930     0.1623    -0.8910 -9.990e-29
 243.641939     -4.946   0.277187    15.7607    -1.7017     -4.905     0.1625    -0.8913 -9.990e-29
 243.641944     -4.918   0.277172    15.7650    -1.7013     -4.877     0.1625    -0.8921 -9.990e-29
 243.641950     -4.885   0.276736    15.7694    -1.7010     -4.844     0.1622    -0.8930 -9.990e-29
 243.641956     -4.848   0.276405    15.7733    -1.7007     -4.808     0.1620    -0.8938 -9.990e-29
 243.641962     -4.815   0.276293    15.7767    -1.7006     -4.775     0.1619    -0.8944 -9.990e-29
 243.641968     -4.786   0.276251    15.7806    -1.7005     -4.746     0.1619    -0.8950 -9.990e-29
 243.641973     -4.762   0.276224    15.7846    -1.7004     -4.722     0.1619    -0.8957 -9.990e-29
 243.641979     -4.739   0.276179    15.7879    -1.7004     -4.700     0.1618    -0.8962 -9.990e-29
 243.641985     -4.716   0.276058    15.7918    -1.7003     -4.677     0.1617    -0.8969 -9.990e-29
 243.641991     -4.693   0.275700    15.7979    -1.7000     -4.654     0.1615    -0.8981 -9.990e-29
 243.641997     -4.667   0.275182    15.8059    -1.6999     -4.628     0.1612    -0.8996 -9.990e-29
 243.642002     -4.637   0.274922    15.8139    -1.6996     -4.598     0.1610    -0.9011 -9.990e-29
 243.642008     -4.606   0.275127    15.8206    -1.6992     -4.568     0.1611    -0.9021 -9.990e-29
 243.642014     -4.574   0.275518    15.8255    -1.6989     -4.536     0.1613    -0.9027 -9.990e-29
 243.642020     -4.542   0.275513    15.8289    -1.6986     -4.504     0.1613    -0.9032 -9.990e-29
 243.642025     -4.510   0.275104    15.8317    -1.6984     -4.472     0.1610    -0.9039 -9.990e-29
 243.642031     -4.481   0.274856    15.8344    -1.6981     -4.444     0.1609    -0.9044 -9.990e-29
 243.642037     -4.453   0.274991    15.8380    -1.6979     -4.416     0.1609    -0.9050 -9.990e-29
 243.642043     -4.425   0.275138    15.8430    -1.6979     -4.388     0.1610    -0.9057 -9.990e-29
 243.642049     -4.394   0.274940    15.8493    -1.6976     -4.357     0.1609    -0.9068 -9.990e-29
 243.642054     -4.359   0.274689    15.8573    -1.6975     -4.323     0.1607    -0.9083 -9.990e-29
 243.642060     -4.321   0.274605    15.8665    -1.6971     -4.285     0.1606    -0.9098 -9.990e-29
 243.642066     -4.287   0.274576    15.8754    -1.6970     -4.251     0.1605    -0.9113 -9.990e-29
 243.642072     -4.260   0.274565    15.8835    -1.6969     -4.224     0.1605    -0.9126 -9.990e-29
 243.642078     -4.236   0.274561    15.8910    -1.6965     -4.201     0.1605    -0.9139 -9.990e-29
 243.642083     -4.216   0.274559    15.8975    -1.6964     -4.181     0.1605    -0.9149 -9.990e-29
 243.642089     -4.196   0.274556    15.9028    -1.6961     -4.161     0.1604    -0.9158 -9.990e-29
 243.642095     -4.177   0.274550    15.9074    -1.6955     -4.142     0.1604    -0.9166 -9.990e-29
 243.642101     -4.157   0.274534    15.9125    -1.6953     -4.122     0.1604    -0.9174 -9.990e-29
 243.642106     -4.135   0.274488    15.9186    -1.6956     -4.101     0.1603    -0.9184 -9.990e-29
 243.642112     -4.109   0.274350    15.9251    -1.6957     -4.075     0.1602    -0.9196 -9.990e-29
 243.642118     -4.077   0.273939    15.9311    -1.6956     -4.043     0.1600    -0.9207 -9.990e-29
 243.642124     -4.043   0.273263    15.9371    -1.6956     -4.009     0.1595    -0.9220 -9.990e-29
 243.642130     -4.012   0.272529    15.9439    -1.6954     -3.979     0.1591    -0.9235 -9.990e-29
 243.642135     -3.986   0.271865    15.9510    -1.6953     -3.953     0.1587    -0.9250 -9.990e-29
 243.642141     -3.964   0.271493    15.9592    -1.6950     -3.931     0.1584    -0.9265 -9.990e-29
 243.642147     -3.945   0.271474    15.9677    -1.6947     -3.912     0.1584    -0.9279 -9.990e-29
 243.642153     -3.927   0.271781    15.9723    -1.6946     -3.894     0.1585    -0.9285 -9.990e-29
 243.642159     -3.909   0.272273    15.9723    -1.6944     -3.876     0.1588    -0.9283 -9.990e-29
 243.642164     -3.890   0.272499    15.9715    -1.6944     -3.858     0.1590    -0.9281 -9.990e-29
 243.642170     -3.870   0.272209    15.9725    -1.6948     -3.838     0.1588    -0.9284 -9.990e-29
 243.642176     -3.845   0.271572    15.9753    -1.6950     -3.813     0.1584    -0.9291 -9.990e-29
 243.642182     -3.816   0.270847    15.9793    -1.6949     -3.784     0.1580    -0.9301 -9.990e-29
 243.642188     -3.784   0.270174    15.9842    -1.6948     -3.752     0.1576    -0.9312 -9.990e-29
 243.642193     -3.756   0.269764    15.9901    -1.6948     -3.725     0.1573    -0.9324 -9.990e-29
 243.642199     -3.735   0.269625    15.9959    -1.6948     -3.704     0.1572    -0.9334 -9.990e-29
 243.642205     -3.718   0.269574    16.0005    -1.6948     -3.687     0.1571    -0.9342 -9.990e-29
 243.642211     -3.706   0.269544    16.0028    -1.6947     -3.675     0.1571    -0.9346 -9.990e-29
 243.642216     -3.697   0.269496    16.0017    -1.6946     -3.666     0.1571    -0.9344 -9.990e-29
 243.642222     -3.686   0.269367    15.9980    -1.6948     -3.655     0.1570    -0.9339 -9.990e-29
 243.642228     -3.669   0.268984    15.9948    -1.6946     -3.638     0.1568    -0.9335 -9.990e-29
 243.642234     -3.648   0.268393    15.9941    -1.6943     -3.618     0.1565    -0.9337 -9.990e-29
 243.642240     -3.627   0.267913    15.9951    -1.6942     -3.597     0.1562    -0.9341 -9.990e-29
 243.642245     -3.604   0.267460    15.9962    -1.6940     -3.574     0.1559    -0.9344 -9.990e-29
 243.642251     -3.578   0.266986    15.9970    -1.6939     -3.548     0.1556    -0.9348 -9.990e-29
 243.642257     -3.547   0.266967    15.9982    -1.6941     -3.517     0.1556    -0.9350 -9.990e-29
 243.642263     -3.513   0.267378    15.9998    -1.6942     -3.484     0.1559    -0.9351 -9.990e-29
 243.642269     -3.484   0.267661    16.0012    -1.6943     -3.455     0.1560    -0.9352 -9.990e-29
 243.642274     -3.460   0.267641    16.0026    -1.6943     -3.431     0.1560    -0.9354 -9.990e-29
 243.642280     -3.442   0.267294    16.0059    -1.6944     -3.413     0.1558    -0.9361 -9.990e-29
 243.642286     -3.426   0.266711    16.0109    -1.6944     -3.397     0.1554    -0.9372 -9.990e-29
 243.642292     -3.414   0.266222    16.0155    -1.6945     -3.386     0.1551    -0.9382 -9.990e-29
 243.642297     -3.403   0.265730    16.0187    -1.6946     -3.375     0.1548    -0.9390 -9.990e-29
 243.642303     -3.394   0.265135    16.0197    -1.6948     -3.366     0.1545    -0.9394 -9.990e-29
 243.642309     -3.385   0.264752    16.0185    -1.6949     -3.357     0.1542    -0.9394 -9.990e-29
 243.642315     -3.376   0.264623    16.0162    -1.6951     -3.348     0.1542    -0.9390 -9.990e-29
 243.642321     -3.367   0.264579    16.0138    -1.6955     -3.339     0.1542    -0.9387 -9.990e-29
 243.642326     -3.356   0.264563    16.0118    -1.6960     -3.328     0.1542    -0.9383 -9.990e-29
 243.642332     -3.344   0.264552    16.0101    -1.6965     -3.316     0.1542    -0.9381 -9.990e-29
 243.642338     -3.329   0.264535    16.0084    -1.6970     -3.301     0.1541    -0.9378 -9.990e-29
 243.642344     -3.310   0.264489    16.0063    -1.6975     -3.282     0.1541    -0.9375 -9.990e-29
 243.642350     -3.287   0.264356    16.0036    -1.6979     -3.260     0.1541    -0.9371 -9.990e-29
 243.642355     -3.257   0.263959    16.0001    -1.6981     -3.230     0.1538    -0.9367 -9.990e-29
 243.642361     -3.223   0.263323    15.9951    -1.6986     -3.196     0.1535    -0.9361 -9.990e-29
 243.642367     -3.192   0.262707    15.9880    -1.6990     -3.165     0.1531    -0.9352 -9.990e-29
 243.642373     -3.166   0.262398    15.9781    -1.7000     -3.140     0.1530    -0.9337 -9.990e-29
 243.642378     -3.143   0.262540    15.9661    -1.7007     -3.117     0.1531    -0.9317 -9.990e-29
 243.642384     -3.122   0.262770    15.9531    -1.7012     -3.096     0.1533    -0.9294 -9.990e-29
 243.642390     -3.101   0.262841    15.9399    -1.7018     -3.075     0.1534    -0.9272 -9.990e-29
 243.642396     -3.080   0.262852    15.9272    -1.7024     -3.054     0.1534    -0.9251 -9.990e-29
 243.642402     -3.055   0.262818    15.9158    -1.7031     -3.030     0.1535    -0.9233 -9.990e-29
 243.642407     -3.027   0.262692    15.9051    -1.7040     -3.002     0.1534    -0.9216 -9.990e-29
 243.642413     -2.998   0.262310    15.8926    -1.7049     -2.973     0.1532    -0.9197 -9.990e-29
 243.642419     -2.974   0.261715    15.8767    -1.7054     -2.949     0.1529    -0.9174 -9.990e-29
 243.642425     -2.955   0.261222    15.8578    -1.7056     -2.930     0.1527    -0.9145 -9.990e-29
 243.642431     -2.933   0.260728    15.8390    -1.7058     -2.909     0.1525    -0.9116 -9.990e-29
 243.642436     -2.912   0.260132    15.8219    -1.7064     -2.888     0.1522    -0.9091 -9.990e-29
 243.642442     -2.896   0.259745    15.8051    -1.7071     -2.872     0.1520    -0.9065 -9.990e-29
 243.642448     -2.883   0.259608    15.7873    -1.7074     -2.859     0.1520    -0.9037 -9.990e-29
 243.642454     -2.872   0.259537    15.7677    -1.7076     -2.848     0.1520    -0.9005 -9.990e-29
 243.642459     -2.863   0.259439    15.7465    -1.7077     -2.839     0.1521    -0.8971 -9.990e-29
 243.642465     -2.856   0.259186    15.7266    -1.7077     -2.832     0.1520    -0.8940 -9.990e-29
 243.642471     -2.848   0.258995    15.7114    -1.7082     -2.824     0.1519    -0.8916 -9.990e-29
 243.642477     -2.841   0.259164    15.7005    -1.7088     -2.817     0.1521    -0.8898 -9.990e-29
 243.642483     -2.833   0.259367    15.6899    -1.7094     -2.809     0.1522    -0.8880 -9.990e-29
 243.642488     -2.825   0.259323    15.6769    -1.7100     -2.801     0.1522    -0.8859 -9.990e-29
 243.642494     -2.816   0.258976    15.6638    -1.7105     -2.793     0.1521    -0.8839 -9.990e-29
 243.642500     -2.804   0.258417    15.6540    -1.7111     -2.781     0.1518    -0.8826 -9.990e-29
 243.642506     -2.790   0.258009    15.6475    -1.7117     -2.767     0.1516    -0.8817 -9.990e-29
 243.642512     -2.772   0.257763    15.6428    -1.7124     -2.749     0.1514    -0.8811 -9.990e-29
 243.642517     -2.749   0.257352    15.6367    -1.7132     -2.726     0.1512    -0.8803 -9.990e-29
 243.642523     -2.725   0.256782    15.6260    -1.7138     -2.702     0.1509    -0.8788 -9.990e-29
 243.642529     -2.706   0.256401    15.6115    -1.7143     -2.683     0.1507    -0.8767 -9.990e-29
 243.642535     -2.695   0.256256    15.5958    -1.7146     -2.673     0.1507    -0.8742 -9.990e-29
 243.642541     -2.687   0.256156    15.5801    -1.7151     -2.665     0.1507    -0.8717 -9.990e-29
 243.642546     -2.678   0.255969    15.5645    -1.7155     -2.656     0.1506    -0.8693 -9.990e-29
 243.642552     -2.667   0.255629    15.5485    -1.7156     -2.645     0.1505    -0.8669 -9.990e-29
 243.642558     -2.652   0.255237    15.5313    -1.7153     -2.630     0.1503    -0.8643 -9.990e-29
 243.642564     -2.639   0.255007    15.5125    -1.7155     -2.617     0.1502    -0.8614 -9.990e-29
 243.642569     -2.629   0.255185    15.4938    -1.7158     -2.607     0.1504    -0.8584 -9.990e-29
 243.642575     -2.618   0.255639    15.4773    -1.7158     -2.596     0.1507    -0.8555 -9.990e-29
 243.642581     -2.601   0.255865    15.4638    -1.7155     -2.579     0.1509    -0.8533 -9.990e-29
 243.642587     -2.582   0.255613    15.4526    -1.7157     -2.560     0.1508    -0.8516 -9.990e-29
 243.642593     -2.563   0.255099    15.4423    -1.7159     -2.542     0.1505    -0.8502 -9.990e-29
 243.642598     -2.543   0.254742    15.4343    -1.7162     -2.522     0.1503    -0.8491 -9.990e-29
 243.642604     -2.520   0.254620    15.4307    -1.7166     -2.499     0.1503    -0.8486 -9.990e-29
 243.642610     -2.499   0.254567    15.4296    -1.7169     -2.478     0.1503    -0.8484 -9.990e-29
 243.642616     -2.480   0.254513    15.4275    -1.7173     -2.459     0.1502    -0.8481 -9.990e-29
 243.642622     -2.460   0.254385    15.4248    -1.7178     -2.439     0.1502    -0.8477 -9.990e-29
 243.642627     -2.437   0.254011    15.4240    -1.7181     -2.417     0.1499    -0.8478 -9.990e-29
 243.642633     -2.418   0.253446    15.4240    -1.7183     -2.398     0.1496    -0.8481 -9.990e-29
 243.642639     -2.402   0.253041    15.4220    -1.7183     -2.382     0.1494    -0.8479 -9.990e-29
 243.642645     -2.382   0.252809    15.4173    -1.7184     -2.362     0.1493    -0.8473 -9.990e-29
 243.642650     -2.364   0.252439    15.4099    -1.7185     -2.344     0.1491    -0.8463 -9.990e-29
 243.642656     -2.349   0.251991    15.4006    -1.7187     -2.329     0.1488    -0.8450 -9.990e-29
 243.642662     -2.336   0.251974    15.3903    -1.7188     -2.317     0.1488    -0.8434 -9.990e-29
 243.642668     -2.326   0.252362    15.3797    -1.7189     -2.307     0.1491    -0.8415 -9.990e-29
 243.642674     -2.316   0.252567    15.3695    -1.7189     -2.297     0.1493    -0.8398 -9.990e-29
 243.642679     -2.307   0.252307    15.3614    -1.7191     -2.288     0.1491    -0.8387 -9.990e-29
 243.642685     -2.298   0.251786    15.3564    -1.7189     -2.279     0.1488    -0.8381 -9.990e-29
 243.642691     -2.288   0.251418    15.3534    -1.7188     -2.269     0.1486    -0.8378 -9.990e-29
 243.642697     -2.277   0.251264    15.3505    -1.7187     -2.258     0.1486    -0.8374 -9.990e-29
 243.642703     -2.264   0.251115    15.3470    -1.7186     -2.245     0.1485    -0.8369 -9.990e-29
 243.642708     -2.248   0.250772    15.3435    -1.7187     -2.229     0.1483    -0.8365 -9.990e-29
 243.642714     -2.228   0.250332    15.3406    -1.7186     -2.209     0.1480    -0.8363 -9.990e-29
 243.642720     -2.203   0.250313    15.3385    -1.7191     -2.185     0.1480    -0.8360 -9.990e-29
 243.642726     -2.176   0.250689    15.3373    -1.7195     -2.158     0.1483    -0.8356 -9.990e-29
 243.642731     -2.154   0.250854    15.3369    -1.7197     -2.136     0.1484    -0.8355 -9.990e-29
 243.642737     -2.138   0.250473    15.3381    -1.7198     -2.120     0.1481    -0.8358 -9.990e-29
 243.642743     -2.125   0.249592    15.3408    -1.7197     -2.107     0.1476    -0.8367 -9.990e-29
 243.642749     -2.109   0.248695    15.3435    -1.7194     -2.091     0.1471    -0.8375 -9.990e-29
