data/oxygen options/ONMS/Olympic_Coast_National_Marine_Sanctuary_CTD_Data_2005_2023/raw_data/2012/CAST_CA042_120523faed.cnv
* Sea-Bird SBE19 Data File:
* FileName = C:\Documents and Settings\OCNMS\Desktop\2012 mooring data\Deployment May\CAST_CA042_120523.hex
* Software Version 1.25
* Temperature SN = 2997
* Conductivity SN = 2997
* System UpLoad Time = May 25 2012 15:16:40
** CAST_CA042_120523
* SEACAT PROFILER V3.1c SN 2997   05/25/12  15:15:41.965
# nquan = 9                                 
# nvalues = 1220                        
# units = specified
# name 0 = timeJ: Julian Days
# name 1 = prSM: Pressure, Strain Gauge [db]
# name 2 = c0mS/cm: Conductivity [mS/cm]
# name 3 = t090C: Temperature [ITS-90, deg C]
# name 4 = sbeox0ML/L: Oxygen, SBE 43 [ml/l]
# name 5 = depSM: Depth [salt water, m], lat = 47.5
# name 6 = sal00: Salinity, Practical [PSU]
# name 7 = sigma-é00: Density [sigma-theta, kg/m^3]
# name 8 = flag: flag
# span 0 = 144.573935, 144.580990       
# span 1 =     -5.232,     44.204       
# span 2 =   0.047185,  35.394645       
# span 3 =     8.9963,    11.5707       
# span 4 =    -1.8854,    21.5919       
# span 5 =     -5.188,     43.830       
# span 6 =     0.0320,    32.8976       
# span 7 =    -0.4048,    25.4734       
# span 8 = 0.0000e+00, 0.0000e+00       
# interval = seconds: 0.5
# start_time = May 23 2012 13:46:28 [Instrument's time stamp, header]
# bad_flag = -9.990e-29
*END*
[from data line 481]
 144.576719      1.267  34.798103    10.2337    -1.5801      1.256    31.4479    24.1412 -9.990e-29
 144.576725      1.275  34.797595    10.2348    -1.5798      1.264    31.4464    24.1398 -9.990e-29
 144.576730      1.288  34.809569    10.2390    -1.5804      1.277    31.4548    24.1457 -9.990e-29
 144.576736      1.294  34.819366    10.2436    -1.5809      1.283    31.4606    24.1494 -9.990e-29
 144.576742      1.289  34.821065    10.2434    -1.5811      1.278    31.4625    24.1509 -9.990e-29
 144.576748      1.278  34.817887    10.2378    -1.5811      1.267    31.4642    24.1532 -9.990e-29
 144.576753      1.268  34.820467    10.2333    -1.5810      1.257    31.4707    24.1590 -9.990e-29
 144.576759      1.262  34.832227    10.2325    -1.5811      1.251    31.4832    24.1688 -9.990e-29
 144.576765      1.261  34.845717    10.2329    -1.5816      1.250    31.4964    24.1791 -9.990e-29
 144.576771      1.264  34.854884    10.2334    16.0165      1.253    31.5051    24.1858 -9.990e-29
 144.576777      1.267  34.864166    10.2339    21.2500      1.256    31.5140    24.1926 -9.990e-29
 144.576782      1.266  34.876477    10.2335    21.5919      1.255    31.5267    24.2026 -9.990e-29
 144.576788      1.266  34.876344    10.2312    17.4171      1.255    31.5286    24.2044 -9.990e-29
 144.576794      1.270  34.854127    10.2271     8.6490      1.259    31.5099    24.1905 -9.990e-29
 144.576800      1.278  34.828474    10.2234     8.5152      1.267    31.4873    24.1736 -9.990e-29
 144.576806      1.288  34.819053    10.2227     8.6185      1.277    31.4785    24.1668 -9.990e-29
 144.576811      1.292  34.821773    10.2243     8.6494      1.281    31.4798    24.1676 -9.990e-29
 144.576817      1.288  34.819025    10.2258     8.6410      1.277    31.4757    24.1642 -9.990e-29
 144.576823      1.286  34.802726    10.2258     8.6376      1.275    31.4594    24.1514 -9.990e-29
 144.576829      1.290  34.787644    10.2245     8.6319      1.279    31.4454    24.1407 -9.990e-29
 144.576834      1.300  34.787925    10.2236     8.6058      1.289    31.4464    24.1417 -9.990e-29
 144.576840      1.313  34.793357    10.2242     8.5888      1.302    31.4514    24.1454 -9.990e-29
 144.576846      1.321  34.795553    10.2256     8.5545      1.310    31.4524    24.1460 -9.990e-29
 144.576852      1.319  34.796946    10.2266     8.5335      1.308    31.4529    24.1462 -9.990e-29
 144.576858      1.313  34.798334    10.2271     8.5187      1.302    31.4539    24.1469 -9.990e-29
 144.576863      1.305  34.799952    10.2275     8.5139      1.294    31.4551    24.1478 -9.990e-29
 144.576869      1.297  34.800661    10.2278     8.5154      1.286    31.4556    24.1481 -9.990e-29
 144.576875      1.290  34.799227    10.2276     8.5112      1.279    31.4543    24.1472 -9.990e-29
 144.576881      1.290  34.796606    10.2265     8.5052      1.279    31.4526    24.1460 -9.990e-29
 144.576887      1.295  34.794410    10.2259     8.5102      1.284    31.4510    24.1448 -9.990e-29
 144.576892      1.303  34.793142    10.2266     8.5167      1.292    31.4491    24.1432 -9.990e-29
 144.576898      1.305  34.791735    10.2277     8.5307      1.294    31.4467    24.1412 -9.990e-29
 144.576904      1.301  34.790055    10.2284     8.5311      1.290    31.4444    24.1393 -9.990e-29
 144.576910      1.299  34.789852    10.2279     8.5179      1.288    31.4447    24.1396 -9.990e-29
 144.576916      1.304  34.790361    10.2266     8.5122      1.293    31.4463    24.1411 -9.990e-29
 144.576921      1.312  34.789522    10.2253     8.5018      1.301    31.4466    24.1415 -9.990e-29
 144.576927      1.315  34.787962    10.2250     8.5124      1.304    31.4453    24.1405 -9.990e-29
 144.576933      1.308  34.785905    10.2261     8.5074      1.297    31.4422    24.1380 -9.990e-29
 144.576939      1.296  34.784596    10.2271     8.5168      1.285    31.4401    24.1361 -9.990e-29
 144.576944      1.290  34.785717    10.2267     8.5091      1.279    31.4415    24.1374 -9.990e-29
 144.576950      1.299  34.785784    10.2259     8.5088      1.288    31.4423    24.1381 -9.990e-29
 144.576956      1.319  34.785512    10.2259     8.5320      1.308    31.4420    24.1379 -9.990e-29
 144.576962      1.343  34.787407    10.2264     8.5323      1.332    31.4435    24.1389 -9.990e-29
 144.576968      1.363  34.788453    10.2263     8.5409      1.352    31.4446    24.1398 -9.990e-29
 144.576973      1.377  34.788427    10.2252     8.5335      1.366    31.4455    24.1407 -9.990e-29
 144.576979      1.385  34.788480    10.2241     8.5083      1.373    31.4465    24.1417 -9.990e-29
 144.576985      1.389  34.788746    10.2231     8.5040      1.377    31.4477    24.1427 -9.990e-29
 144.576991      1.388  34.789083    10.2224     8.4872      1.376    31.4486    24.1436 -9.990e-29
 144.576997      1.382  34.788885    10.2226     8.4877      1.370    31.4482    24.1433 -9.990e-29
 144.577002      1.371  34.789072    10.2234     8.4946      1.360    31.4477    24.1427 -9.990e-29
 144.577008      1.354  34.789958    10.2241     8.5055      1.343    31.4480    24.1428 -9.990e-29
 144.577014      1.334  34.790545    10.2244     8.5217      1.323    31.4484    24.1431 -9.990e-29
 144.577020      1.319  34.790561    10.2249     8.5384      1.308    31.4480    24.1426 -9.990e-29
 144.577025      1.311  34.790652    10.2250     8.5472      1.300    31.4480    24.1426 -9.990e-29
 144.577031      1.312  34.790444    10.2231     8.5439      1.301    31.4494    24.1441 -9.990e-29
 144.577037      1.319  34.788604    10.2189     8.5505      1.308    31.4512    24.1462 -9.990e-29
 144.577043      1.335  34.785546    10.2142     8.5376      1.324    31.4522    24.1477 -9.990e-29
 144.577049      1.355  34.782862    10.2113     8.5328      1.344    31.4520    24.1481 -9.990e-29
 144.577054      1.373  34.781520    10.2106     8.5294      1.362    31.4513    24.1476 -9.990e-29
 144.577060      1.385  34.781476    10.2106     8.5320      1.373    31.4512    24.1476 -9.990e-29
 144.577066      1.393  34.782172    10.2110     8.5361      1.381    31.4516    24.1478 -9.990e-29
 144.577072      1.400  34.782920    10.2117     8.5285      1.388    31.4517    24.1478 -9.990e-29
 144.577078      1.411  34.782539    10.2120     8.5322      1.399    31.4511    24.1472 -9.990e-29
 144.577083      1.424  34.781708    10.2122     8.5304      1.412    31.4500    24.1464 -9.990e-29
 144.577089      1.434  34.782188    10.2129     8.5104      1.422    31.4499    24.1462 -9.990e-29
 144.577095      1.442  34.783000    10.2129     8.5141      1.430    31.4507    24.1468 -9.990e-29
 144.577101      1.449  34.783048    10.2115     8.5272      1.437    31.4520    24.1480 -9.990e-29
 144.577106      1.455  34.782463    10.2096     8.5363      1.443    31.4530    24.1492 -9.990e-29
 144.577112      1.461  34.781649    10.2091     8.5453      1.449    31.4527    24.1489 -9.990e-29
 144.577118      1.462  34.781825    10.2109     8.5448      1.450    31.4513    24.1476 -9.990e-29
 144.577124      1.455  34.782729    10.2130     8.5468      1.443    31.4504    24.1465 -9.990e-29
 144.577130      1.443  34.782829    10.2136     8.5486      1.431    31.4499    24.1461 -9.990e-29
 144.577135      1.429  34.781761    10.2133     8.5401      1.417    31.4491    24.1455 -9.990e-29
 144.577141      1.418  34.780971    10.2133     8.5470      1.406    31.4484    24.1449 -9.990e-29
 144.577147      1.412  34.781150    10.2132     8.5546      1.400    31.4486    24.1451 -9.990e-29
 144.577153      1.407  34.780921    10.2128     8.5582      1.395    31.4487    24.1453 -9.990e-29
 144.577159      1.399  34.780042    10.2125     8.5582      1.387    31.4481    24.1448 -9.990e-29
 144.577164      1.387  34.779088    10.2122     8.5560      1.375    31.4474    24.1443 -9.990e-29
 144.577170      1.374  34.779093    10.2120     8.5613      1.363    31.4476    24.1445 -9.990e-29
 144.577176      1.368  34.780687    10.2119     8.5709      1.357    31.4493    24.1459 -9.990e-29
 144.577182      1.373  34.782139    10.2118     8.5636      1.362    31.4508    24.1471 -9.990e-29
 144.577188      1.390  34.782086    10.2114     8.5485      1.378    31.4511    24.1474 -9.990e-29
 144.577193      1.415  34.781083    10.2105     8.5408      1.403    31.4509    24.1473 -9.990e-29
 144.577199      1.441  34.781218    10.2102     8.5470      1.429    31.4513    24.1477 -9.990e-29
 144.577205      1.465  34.783294    10.2110     8.5615      1.453    31.4527    24.1486 -9.990e-29
 144.577211      1.486  34.784539    10.2117     8.5669      1.474    31.4533    24.1490 -9.990e-29
 144.577216      1.495  34.783877    10.2118     8.5577      1.483    31.4525    24.1484 -9.990e-29
 144.577222      1.493  34.783290    10.2116     8.5505      1.481    31.4521    24.1481 -9.990e-29
 144.577228      1.489  34.783180    10.2111     8.5545      1.477    31.4524    24.1484 -9.990e-29
 144.577234      1.487  34.782905    10.2112     8.5648      1.475    31.4521    24.1481 -9.990e-29
 144.577240      1.486  34.782725    10.2120     8.5781      1.474    31.4512    24.1473 -9.990e-29
 144.577245      1.486  34.783022    10.2125     8.5735      1.474    31.4511    24.1471 -9.990e-29
 144.577251      1.488  34.783697    10.2122     8.5626      1.476    31.4520    24.1479 -9.990e-29
 144.577257      1.487  34.784033    10.2119     8.5477      1.475    31.4526    24.1484 -9.990e-29
 144.577263      1.480  34.783423    10.2116     8.5357      1.468    31.4523    24.1482 -9.990e-29
 144.577269      1.469  34.782798    10.2112     8.5255      1.457    31.4520    24.1481 -9.990e-29
 144.577274      1.458  34.783070    10.2107     8.5212      1.446    31.4527    24.1487 -9.990e-29
 144.577280      1.447  34.783547    10.2106     8.5195      1.435    31.4533    24.1492 -9.990e-29
 144.577286      1.435  34.782685    10.2101     8.5108      1.423    31.4528    24.1489 -9.990e-29
 144.577292      1.422  34.779962    10.2062     8.5050      1.410    31.4535    24.1501 -9.990e-29
 144.577297      1.410  34.775173    10.1964     8.4986      1.398    31.4572    24.1546 -9.990e-29
 144.577303      1.407  34.767602    10.1851     8.4902      1.395    31.4594    24.1582 -9.990e-29
 144.577309      1.413  34.761231    10.1795     8.4840      1.401    31.4579    24.1579 -9.990e-29
 144.577315      1.421  34.759956    10.1784     8.4802      1.409    31.4575    24.1578 -9.990e-29
 144.577321      1.426  34.760459    10.1762     8.4699      1.414    31.4599    24.1601 -9.990e-29
 144.577326      1.433  34.758427    10.1714     8.4587      1.421    31.4621    24.1625 -9.990e-29
 144.577332      1.447  34.754021    10.1656     8.4452      1.435    31.4627    24.1639 -9.990e-29
 144.577338      1.459  34.749276    10.1594     8.4348      1.447    31.4633    24.1654 -9.990e-29
 144.577344      1.463  34.743531    10.1531     8.4358      1.451    31.4630    24.1662 -9.990e-29
 144.577350      1.462  34.735355    10.1482     8.4132      1.450    31.4590    24.1640 -9.990e-29
 144.577355      1.462  34.729602    10.1448     8.3790      1.450    31.4562    24.1623 -9.990e-29
 144.577361      1.461  34.729874    10.1427     8.3451      1.449    31.4583    24.1643 -9.990e-29
 144.577367      1.460  34.732113    10.1441     8.3448      1.448    31.4593    24.1649 -9.990e-29
 144.577373      1.459  34.736004    10.1448     8.3627      1.447    31.4626    24.1673 -9.990e-29
 144.577378      1.457  34.737834    10.1365     8.3932      1.445    31.4717    24.1758 -9.990e-29
 144.577384      1.456  34.729458    10.1208     8.4327      1.444    31.4769    24.1824 -9.990e-29
 144.577390      1.454  34.716028    10.1085     8.4520      1.442    31.4741    24.1823 -9.990e-29
 144.577396      1.451  34.709402    10.1060     8.4537      1.439    31.4696    24.1792 -9.990e-29
 144.577402      1.448  34.710892    10.1114     8.4590      1.436    31.4664    24.1758 -9.990e-29
 144.577407      1.443  34.715261    10.1235     8.4638      1.431    31.4603    24.1690 -9.990e-29
 144.577413      1.442  34.722797    10.1390     8.4713      1.430    31.4544    24.1619 -9.990e-29
 144.577419      1.452  34.730723    10.1501     8.4836      1.440    31.4527    24.1587 -9.990e-29
 144.577425      1.474  34.729499    10.1553     8.4819      1.462    31.4470    24.1534 -9.990e-29
 144.577431      1.497  34.722605    10.1576     8.4960      1.485    31.4380    24.1460 -9.990e-29
 144.577436      1.509  34.722386    10.1577     8.5099      1.496    31.4377    24.1458 -9.990e-29
 144.577442      1.507  34.729148    10.1572     8.5195      1.494    31.4449    24.1515 -9.990e-29
 144.577448      1.494  34.737013    10.1591     8.5212      1.482    31.4512    24.1561 -9.990e-29
 144.577454      1.484  34.743635    10.1624     8.5063      1.472    31.4550    24.1585 -9.990e-29
 144.577459      1.484  34.747993    10.1647     8.4922      1.472    31.4574    24.1600 -9.990e-29
 144.577465      1.489  34.749773    10.1663     8.4829      1.477    31.4578    24.1600 -9.990e-29
 144.577471      1.496  34.750831    10.1693     8.4874      1.484    31.4562    24.1583 -9.990e-29
 144.577477      1.505  34.752617    10.1739     8.5109      1.492    31.4540    24.1558 -9.990e-29
 144.577483      1.516  34.754189    10.1771     8.5276      1.503    31.4528    24.1544 -9.990e-29
 144.577488      1.531  34.753763    10.1771     8.5317      1.518    31.4524    24.1540 -9.990e-29
 144.577494      1.551  34.750249    10.1757     8.5139      1.538    31.4501    24.1524 -9.990e-29
 144.577500      1.571  34.747411    10.1768     8.4717      1.558    31.4463    24.1493 -9.990e-29
 144.577506      1.586  34.749910    10.1826     8.4469      1.573    31.4437    24.1464 -9.990e-29
 144.577512      1.596  34.755515    10.1896     8.4433      1.583    31.4433    24.1449 -9.990e-29
 144.577517      1.614  34.759968    10.1919     8.4466      1.601    31.4457    24.1464 -9.990e-29
 144.577523      1.654  34.760842    10.1852     8.4636      1.640    31.4524    24.1527 -9.990e-29
 144.577529      1.719  34.755423    10.1681     8.4596      1.705    31.4618    24.1628 -9.990e-29
 144.577535      1.801  34.741573    10.1517     8.4219      1.786    31.4621    24.1658 -9.990e-29
 144.577541      1.887  34.728884    10.1508     8.3762      1.871    31.4501    24.1566 -9.990e-29
 144.577546      1.970  34.730735    10.1610     8.3333      1.954    31.4430    24.1494 -9.990e-29
 144.577552      2.055  34.740664    10.1673     8.2841      2.038    31.4475    24.1519 -9.990e-29
 144.577558      2.156  34.745050    10.1592     8.2374      2.138    31.4589    24.1621 -9.990e-29
 144.577564      2.280  34.737455    10.1388     8.1722      2.261    31.4689    24.1733 -9.990e-29
 144.577569      2.417  34.720683    10.1201     8.1134      2.397    31.4683    24.1758 0.0000e+00
 144.577575      2.551  34.708836    10.1079     8.0703      2.530    31.4669    24.1768 0.0000e+00
 144.577581      2.677  34.706888    10.0952     8.0471      2.655    31.4759    24.1859 0.0000e+00
 144.577587      2.807  34.704433    10.0767     8.0324      2.784    31.4895    24.1995 0.0000e+00
 144.577593      2.950  34.696556    10.0564     8.0133      2.925    31.4992    24.2104 0.0000e+00
 144.577598      3.097  34.688483    10.0425     7.9765      3.071    31.5031    24.2158 0.0000e+00
 144.577604      3.237  34.684620    10.0351     7.9375      3.210    31.5056    24.2189 0.0000e+00
 144.577610      3.366  34.683771    10.0294     7.9223      3.338    31.5096    24.2230 -9.990e-29
 144.577616      3.487  34.682602    10.0234     7.9445      3.458    31.5136    24.2271 -9.990e-29
 144.577622      3.613  34.680152    10.0161     7.9716      3.583    31.5175    24.2313 0.0000e+00
 144.577627      3.751  34.677118    10.0090     7.9888      3.720    31.5205    24.2349 0.0000e+00
 144.577633      3.893  34.674538    10.0057     7.9895      3.860    31.5207    24.2356 0.0000e+00
