data/oxygen options/ONMS/Olympic_Coast_National_Marine_Sanctuary_CTD_Data_2005_2023/raw_data/2012/CAST_MB015_121009faed.cnv
* Sea-Bird SBE19 Data File:
* FileName = C:\Documents and Settings\OCNMS\Desktop\2012 mooring data\RECOVERY\CAST_MB015_121009.hex
* Software Version 1.25
* Temperature SN = 2997
* Conductivity SN = 2997
* System UpLoad Time = Oct 09 2012 12:07:35
** CAST_MB015_121009
* SEACAT PROFILER V3.1c SN 2997   10/09/12  12:05:33.474
# nquan = 9                                 
# nvalues = 1082                        
# units = specified
# name 0 = timeJ: Julian Days
# name 1 = prSM: Pressure, Strain Gauge [db]
# name 2 = c0mS/cm: Conductivity [mS/cm]
# name 3 = t090C: Temperature [ITS-90, deg C]
# name 4 = sbeox0ML/L: Oxygen, SBE 43 [ml/l]
# name 5 = depSM: Depth [salt water, m], lat = 47.5
# name 6 = sal00: Salinity, Practical [PSU]
# name 7 = sigma-é00: Density [sigma-theta, kg/m^3]
# name 8 = flag: flag
# span 0 = 283.405937, 283.412193       
# span 1 =     -4.993,     11.028       
# span 2 =   0.093388,  35.528633       
# span 3 =     8.9842,    11.4234       
# span 4 =   -16.8168,    13.9056       
# span 5 =     -4.951,     10.936       
# span 6 =     0.0610,    33.1754       
# span 7 =    -0.3623,    25.6680       
# span 8 = 0.0000e+00, 0.0000e+00       
# interval = seconds: 0.5
# start_time = Oct 09 2012 09:44:33 [Instrument's time stamp, header]
# bad_flag = -9.990e-29
*END*
[from data line 801]
 283.410573      1.191  35.204228     9.1259     5.0673      1.181    32.8529    25.4174 -9.990e-29
 283.410579      1.192  35.205893     9.1267     5.0599      1.182    32.8539    25.4181 -9.990e-29
 283.410584      1.192  35.207674     9.1277     5.0545      1.182    32.8548    25.4186 -9.990e-29
 283.410590      1.193  35.208018     9.1279     5.0565      1.183    32.8550    25.4187 -9.990e-29
 283.410596      1.193  35.206823     9.1265     5.0639      1.183    32.8551    25.4190 -9.990e-29
 283.410602      1.193  35.204732     9.1244     5.0672      1.183    32.8548    25.4192 -9.990e-29
 283.410608      1.193  35.202312     9.1231     5.0789      1.183    32.8535    25.4183 -9.990e-29
 283.410613      1.193  35.200812     9.1234     5.0791      1.183    32.8517    25.4169 -9.990e-29
 283.410619      1.193  35.201588     9.1252     5.0676      1.183    32.8508    25.4159 -9.990e-29
 283.410625      1.194  35.203429     9.1266     5.0565      1.184    32.8514    25.4162 -9.990e-29
 283.410631      1.194  35.204306     9.1262     5.0504      1.184    32.8527    25.4172 -9.990e-29
 283.410637      1.194  35.203143     9.1247     5.0522      1.184    32.8529    25.4176 -9.990e-29
 283.410642      1.194  35.201184     9.1238     5.0505      1.184    32.8517    25.4168 -9.990e-29
 283.410648      1.194  35.201415     9.1248     5.0603      1.184    32.8510    25.4161 -9.990e-29
 283.410654      1.194  35.203578     9.1266     5.0700      1.184    32.8516    25.4163 -9.990e-29
 283.410660      1.194  35.205513     9.1271     5.0658      1.184    32.8531    25.4174 -9.990e-29
 283.410666      1.194  35.206435     9.1262     5.0659      1.184    32.8549    25.4190 -9.990e-29
 283.410671      1.193  35.206450     9.1249     5.0528      1.183    32.8561    25.4201 -9.990e-29
 283.410677      1.193  35.206133     9.1237     5.0485      1.183    32.8569    25.4209 -9.990e-29
 283.410683      1.193  35.206177     9.1237     5.0452      1.183    32.8570    25.4209 -9.990e-29
 283.410689      1.193  35.206634     9.1246     5.0456      1.183    32.8566    25.4205 -9.990e-29
 283.410694      1.192  35.206430     9.1247     5.0649      1.182    32.8563    25.4203 -9.990e-29
 283.410700      1.192  35.205288     9.1240     5.0707      1.182    32.8558    25.4200 -9.990e-29
 283.410706      1.191  35.204481     9.1239     5.0743      1.181    32.8550    25.4194 -9.990e-29
 283.410712      1.190  35.204611     9.1248     5.0624      1.180    32.8543    25.4187 -9.990e-29
 283.410718      1.189  35.205285     9.1250     5.0531      1.179    32.8548    25.4191 -9.990e-29
 283.410723      1.188  35.205717     9.1246     5.0527      1.178    32.8557    25.4198 -9.990e-29
 283.410729      1.186  35.205359     9.1248     5.0622      1.176    32.8551    25.4193 -9.990e-29
 283.410735      1.184  35.204288     9.1242     5.0678      1.174    32.8546    25.4190 -9.990e-29
 283.410741      1.182  35.201632     9.1218     5.0749      1.172    32.8540    25.4189 -9.990e-29
 283.410747      1.178  35.198327     9.1194     5.0678      1.168    32.8528    25.4184 -9.990e-29
 283.410752      1.173  35.197802     9.1187     5.0695      1.163    32.8529    25.4186 -9.990e-29
 283.410758      1.168  35.199913     9.1200     5.0696      1.158    32.8539    25.4191 -9.990e-29
 283.410764      1.164  35.201868     9.1220     5.0674      1.154    32.8541    25.4190 -9.990e-29
 283.410770      1.168  35.202350     9.1229     5.0692      1.158    32.8537    25.4186 -9.990e-29
 283.410775      1.173  35.201436     9.1233     5.0650      1.163    32.8524    25.4175 -9.990e-29
 283.410781      1.178  35.201265     9.1242     5.0656      1.168    32.8514    25.4165 -9.990e-29
 283.410787      1.182  35.203285     9.1258     5.0660      1.172    32.8520    25.4168 -9.990e-29
 283.410793      1.184  35.205704     9.1271     5.0661      1.174    32.8533    25.4176 -9.990e-29
 283.410799      1.186  35.207262     9.1271     5.0656      1.176    32.8550    25.4188 -9.990e-29
 283.410804      1.188  35.207790     9.1269     5.0656      1.178    32.8557    25.4194 -9.990e-29
 283.410810      1.189  35.206868     9.1271     5.0660      1.179    32.8545    25.4185 -9.990e-29
 283.410816      1.190  35.205502     9.1280     5.0510      1.180    32.8523    25.4166 -9.990e-29
 283.410822      1.191  35.205227     9.1291     5.0470      1.181    32.8510    25.4154 -9.990e-29
 283.410828      1.192  35.205861     9.1288     5.0468      1.182    32.8519    25.4162 -9.990e-29
 283.410833      1.192  35.206565     9.1267     5.0505      1.182    32.8546    25.4186 -9.990e-29
 283.410839      1.193  35.206775     9.1246     5.0582      1.183    32.8568    25.4206 -9.990e-29
 283.410845      1.193  35.205638     9.1240     5.0580      1.183    32.8561    25.4202 -9.990e-29
 283.410851      1.193  35.204055     9.1248     5.0581      1.183    32.8538    25.4183 -9.990e-29
 283.410856      1.193  35.203825     9.1250     5.0591      1.183    32.8533    25.4179 -9.990e-29
 283.410862      1.194  35.204070     9.1240     5.0578      1.184    32.8545    25.4190 -9.990e-29
 283.410868      1.194  35.203427     9.1231     5.0580      1.184    32.8547    25.4192 -9.990e-29
 283.410874      1.194  35.202151     9.1233     5.0664      1.184    32.8532    25.4180 -9.990e-29
 283.410880      1.194  35.201329     9.1244     5.0688      1.184    32.8513    25.4164 -9.990e-29
 283.410885      1.194  35.201534     9.1258     5.0618      1.184    32.8502    25.4153 -9.990e-29
 283.410891      1.194  35.202469     9.1271     5.0580      1.184    32.8500    25.4149 -9.990e-29
 283.410897      1.194  35.203691     9.1278     5.0533      1.184    32.8506    25.4153 -9.990e-29
 283.410903      1.194  35.204581     9.1277     5.0478      1.184    32.8516    25.4161 -9.990e-29
 283.410909      1.194  35.204634     9.1279     5.0497      1.184    32.8515    25.4160 -9.990e-29
 283.410914      1.195  35.201671     9.1284     5.0497      1.185    32.8480    25.4132 -9.990e-29
 283.410920      1.195  35.198453     9.1278     5.0513      1.185    32.8452    25.4111 -9.990e-29
 283.410926      1.195  35.199641     9.1258     5.0548      1.185    32.8483    25.4138 -9.990e-29
 283.410932      1.195  35.198967     9.1227     5.0550      1.185    32.8504    25.4160 -9.990e-29
 283.410937      1.196  35.192719     9.1188     5.0554      1.186    32.8475    25.4143 -9.990e-29
 283.410943      1.196  35.187681     9.1168     5.0558      1.186    32.8442    25.4120 -9.990e-29
 283.410949      1.197  35.188328     9.1172     5.0554      1.187    32.8445    25.4122 -9.990e-29
 283.410955      1.198  35.192149     9.1179     5.0630      1.188    32.8478    25.4147 -9.990e-29
 283.410961      1.199  35.195268     9.1179     5.0644      1.189    32.8510    25.4172 -9.990e-29
 283.410966      1.200  35.196792     9.1180     5.0567      1.190    32.8525    25.4183 -9.990e-29
 283.410972      1.202  35.198742     9.1197     5.0607      1.192    32.8529    25.4184 -9.990e-29
 283.410978      1.204  35.202028     9.1225     5.0593      1.194    32.8538    25.4186 -9.990e-29
 283.410984      1.207  35.203741     9.1243     5.0612      1.197    32.8539    25.4184 -9.990e-29
 283.410990      1.210  35.201674     9.1246     5.0559      1.200    32.8515    25.4165 -9.990e-29
 283.410995      1.215  35.195861     9.1232     5.0508      1.205    32.8467    25.4130 -9.990e-29
 283.411001      1.221  35.189745     9.1218     5.0440      1.211    32.8417    25.4093 -9.990e-29
 283.411007      1.229  35.189724     9.1225     5.0458      1.219    32.8410    25.4086 -9.990e-29
 283.411013      1.239  35.194638     9.1244     5.0502      1.229    32.8443    25.4110 -9.990e-29
 283.411019      1.252  35.197585     9.1245     5.0527      1.242    32.8473    25.4133 -9.990e-29
 283.411024      1.268  35.198004     9.1222     5.0509      1.257    32.8498    25.4156 -9.990e-29
 283.411030      1.290  35.198686     9.1196     5.0417      1.279    32.8529    25.4184 -9.990e-29
 283.411036      1.317  35.198850     9.1178     5.0254      1.306    32.8548    25.4201 -9.990e-29
 283.411042      1.352  35.197021     9.1159     5.0163      1.341    32.8546    25.4203 -9.990e-29
 283.411047      1.398  35.192992     9.1125     5.0127      1.386    32.8535    25.4200 -9.990e-29
 283.411053      1.460  35.184740     9.1058     5.0109      1.448    32.8511    25.4192 -9.990e-29
 283.411059      1.548  35.173577     9.0966     5.0114      1.535    32.8480    25.4182 -9.990e-29
 283.411065      1.658  35.164771     9.0885     5.0089      1.644    32.8463    25.4181 -9.990e-29
 283.411071      1.789  35.159450     9.0821     5.0060      1.774    32.8466    25.4194 0.0000e+00
 283.411076      1.950  35.154988     9.0761     5.0034      1.934    32.8474    25.4210 0.0000e+00
 283.411082      2.137  35.148226     9.0701     4.9993      2.119    32.8459    25.4207 0.0000e+00
 283.411088      2.337  35.140219     9.0643     4.9890      2.317    32.8428    25.4192 0.0000e+00
 283.411094      2.541  35.135959     9.0604     4.9695      2.520    32.8419    25.4191 0.0000e+00
 283.411100      2.745  35.135916     9.0592     4.9327      2.722    32.8429    25.4201 0.0000e+00
 283.411105      2.949  35.136101     9.0596     4.9081      2.924    32.8426    25.4198 0.0000e+00
 283.411111      3.158  35.135069     9.0595     4.8775      3.132    32.8415    25.4190 0.0000e+00
 283.411117      3.371  35.131993     9.0554     4.8660      3.343    32.8420    25.4200 0.0000e+00
 283.411123      3.587  35.124439     9.0462     4.8705      3.557    32.8426    25.4219 0.0000e+00
 283.411128      3.804  35.118008     9.0366     4.8886      3.772    32.8447    25.4250 0.0000e+00
 283.411134      4.029  35.121478     9.0307     4.9145      3.995    32.8536    25.4330 0.0000e+00
 283.411140      4.263  35.130501     9.0250     4.9305      4.227    32.8682    25.4452 0.0000e+00
 283.411146      4.503  35.134128     9.0163     4.9463      4.465    32.8799    25.4558 0.0000e+00
 283.411152      4.748  35.131023     9.0071     4.9492      4.708    32.8850    25.4613 0.0000e+00
 283.411157      4.993  35.128798     9.0020     4.9494      4.951    32.8873    25.4639 0.0000e+00
 283.411163      5.230  35.131194     9.0021     4.9386      5.186    32.8896    25.4656 0.0000e+00
 283.411169      5.464  35.135792     9.0047     4.9373      5.418    32.8919    25.4670 0.0000e+00
 283.411175      5.694  35.140309     9.0070     4.9284      5.646    32.8944    25.4686 0.0000e+00
 283.411181      5.920  35.143474     9.0082     4.9197      5.871    32.8964    25.4700 0.0000e+00
 283.411186      6.138  35.144454     9.0087     4.9204      6.087    32.8969    25.4703 0.0000e+00
 283.411192      6.344  35.143426     9.0077     4.9276      6.291    32.8967    25.4703 0.0000e+00
 283.411198      6.540  35.141810     9.0046     4.9515      6.485    32.8978    25.4716 0.0000e+00
 283.411204      6.734  35.141359     9.0010     4.9673      6.678    32.9005    25.4744 0.0000e+00
 283.411209      6.932  35.143142     8.9997     4.9668      6.874    32.9035    25.4769 0.0000e+00
 283.411215      7.136  35.148965     9.0028     4.9592      7.076    32.9066    25.4788 0.0000e+00
 283.411221      7.346  35.164341     9.0132     4.9503      7.285    32.9129    25.4821 0.0000e+00
 283.411227      7.565  35.195756     9.0291     4.9465      7.502    32.9307    25.4936 0.0000e+00
 283.411233      7.795  35.233555     9.0411     4.9396      7.730    32.9588    25.5137 0.0000e+00
 283.411238      8.030  35.258114     9.0433     4.9394      7.963    32.9822    25.5316 0.0000e+00
 283.411244      8.258  35.265762     9.0384     4.9402      8.189    32.9945    25.5421 0.0000e+00
 283.411250      8.474  35.264444     9.0330     4.9425      8.403    32.9981    25.5457 0.0000e+00
 283.411256      8.677  35.261353     9.0301     4.9388      8.604    32.9975    25.5457 0.0000e+00
 283.411262      8.872  35.259639     9.0285     4.8907      8.798    32.9971    25.5457 0.0000e+00
 283.411267      9.062  35.260365     9.0260     4.9180      8.986    33.0001    25.5484 0.0000e+00
 283.411273      9.256  35.262246     9.0227     4.9066      9.179    33.0050    25.5528 0.0000e+00
 283.411279      9.458  35.262181     9.0189     4.8932      9.379    33.0084    25.5560 0.0000e+00
 283.411285      9.658  35.260071     9.0122     4.8780      9.577    33.0123    25.5601 0.0000e+00
 283.411291      9.848  35.257010     9.0029     4.8425      9.766    33.0177    25.5658 0.0000e+00
 283.411296     10.028  35.253948     8.9954     4.8422      9.944    33.0214    25.5699 0.0000e+00
 283.411302     10.195  35.251829     8.9915     4.8566     10.110    33.0227    25.5715 0.0000e+00
 283.411308     10.344  35.251175     8.9896     4.8793     10.257    33.0237    25.5726 0.0000e+00
 283.411314     10.472  35.251663     8.9874     4.8935     10.384    33.0262    25.5749 -9.990e-29
 283.411319     10.577  35.253372     8.9850     4.9015     10.488    33.0302    25.5784 -9.990e-29
 283.411325     10.661  35.255769     8.9855     4.8919     10.572    33.0322    25.5799 -9.990e-29
 283.411331     10.732  35.256998     8.9881     4.8926     10.642    33.0310    25.5786 -9.990e-29
 283.411337     10.792  35.257006     8.9901     4.9027     10.702    33.0291    25.5768 -9.990e-29
 283.411343     10.846  35.256914     8.9896     4.9142     10.755    33.0295    25.5771 -9.990e-29
 283.411348     10.897  35.257150     8.9864     4.9025     10.806    33.0327    25.5801 -9.990e-29
 283.411354     10.944  35.257460     8.9842     4.8848     10.852    33.0350    25.5823 -9.990e-29
 283.411360     10.982  35.257685     8.9849     4.8843     10.890    33.0346    25.5819 -9.990e-29
 283.411366     11.008  35.258116     8.9856     4.8868     10.916    33.0344    25.5816 -9.990e-29
 283.411372     11.025  35.258755     8.9862     4.9120     10.933    33.0345    25.5816 -9.990e-29
 283.411377     11.028  35.259324     8.9879     4.9182     10.936    33.0335    25.5805 -9.990e-29
 283.411383     11.011  35.259452     8.9900     4.9215     10.919    33.0317    25.5788 -9.990e-29
 283.411389     10.975  35.258738     8.9915     4.9185     10.883    33.0296    25.5769 -9.990e-29
 283.411395     10.936  35.257342     8.9933     4.9096     10.844    33.0264    25.5742 -9.990e-29
 283.411400     10.896  35.256194     8.9955     4.9150     10.805    33.0232    25.5713 -9.990e-29
 283.411406     10.843  35.255992     8.9966     4.9126     10.752    33.0220    25.5702 -9.990e-29
 283.411412     10.771  35.256457     8.9956     4.9199     10.681    33.0235    25.5715 -9.990e-29
 283.411418     10.677  35.257081     8.9930     4.9279     10.588    33.0266    25.5743 -9.990e-29
 283.411424     10.566  35.257565     8.9903     4.9256     10.478    33.0296    25.5771 -9.990e-29
 283.411429     10.438  35.257982     8.9893     4.9315     10.351    33.0311    25.5784 0.0000e+00
 283.411435     10.298  35.258319     8.9920     4.9428     10.212    33.0290    25.5763 0.0000e+00
 283.411441     10.160  35.257897     8.9985     4.9425     10.075    33.0225    25.5703 0.0000e+00
 283.411447     10.035  35.256701     9.0055     4.9405      9.951    33.0149    25.5632 -9.990e-29
 283.411453      9.928  35.255370     9.0109     4.9400      9.845    33.0085    25.5574 -9.990e-29
 283.411458      9.841  35.254364     9.0149     4.9342      9.759    33.0038    25.5531 -9.990e-29
 283.411464      9.773  35.254013     9.0171     4.9416      9.691    33.0014    25.5508 -9.990e-29
 283.411470      9.720  35.253839     9.0176     4.9415      9.639    33.0008    25.5503 -9.990e-29
 283.411476      9.677  35.253600     9.0177     4.9452      9.596    33.0005    25.5500 -9.990e-29
 283.411481      9.644  35.253529     9.0176     4.9532      9.563    33.0005    25.5501 -9.990e-29
 283.411487      9.616  35.253519     9.0180     4.9516      9.536    33.0001    25.5497 -9.990e-29
