data/oxygen options/ONMS/Olympic_Coast_National_Marine_Sanctuary_CTD_Data_2005_2023/raw_data/2012/CAST_MB042_120718faed.cnv
* Sea-Bird SBE19 Data File:
* FileName = C:\Documents and Settings\OCNMS\Desktop\2012 mooring data\1st service\CAST_MB042_071812.hex
* Software Version 1.25
* Temperature SN = 2997
* Conductivity SN = 2997
* System UpLoad Time = Jul 18 2012 19:48:35
** CAST_MB042_071812
* SEACAT PROFILER V3.1c SN 2997   07/18/12  19:47:58.360
# nquan = 9                                 
# nvalues = 1160                        
# units = specified
# name 0 = timeJ: Julian Days
# name 1 = prSM: Pressure, Strain Gauge [db]
# name 2 = c0mS/cm: Conductivity [mS/cm]
# name 3 = t090C: Temperature [ITS-90, deg C]
# name 4 = sbeox0ML/L: Oxygen, SBE 43 [ml/l]
# name 5 = depSM: Depth [salt water, m], lat = 47.5
# name 6 = sal00: Salinity, Practical [PSU]
# name 7 = sigma-é00: Density [sigma-theta, kg/m^3]
# name 8 = flag: flag
# span 0 = 200.568669, 200.575376       
# span 1 =     -5.252,     43.902       
# span 2 =   0.095318,  37.558302       
# span 3 =     7.5016,    14.5651       
# span 4 =    -1.8223,    19.7840       
# span 5 =     -5.208,     43.531       
# span 6 =     0.0588,    33.3764       
# span 7 =    -0.7287,    26.0709       
# span 8 = 0.0000e+00, 0.0000e+00       
# interval = seconds: 0.5
# start_time = Jul 18 2012 13:38:53 [Instrument's time stamp, header]
# bad_flag = -9.990e-29
*END*
[from data line 961]
 200.574230     43.556  34.260816     7.5138     2.9658     43.188    33.3523    26.0504 -9.990e-29
 200.574236     43.526  34.260835     7.5146     2.9680     43.158    33.3516    26.0497 -9.990e-29
 200.574242     43.495  34.260832     7.5149     2.9725     43.127    33.3513    26.0495 -9.990e-29
 200.574248     43.468  34.260817     7.5147     2.9725     43.101    33.3515    26.0497 -9.990e-29
 200.574253     43.449  34.260781     7.5137     2.9640     43.082    33.3524    26.0505 -9.990e-29
 200.574259     43.432  34.260684     7.5123     2.9617     43.065    33.3537    26.0517 -9.990e-29
 200.574265     43.415  34.260411     7.5117     2.9617     43.048    33.3540    26.0520 -9.990e-29
 200.574271     43.412  34.260174     7.5119     2.9723     43.045    33.3535    26.0516 -9.990e-29
 200.574277     43.429  34.260235     7.5122     2.9707     43.062    33.3533    26.0514 -9.990e-29
 200.574282     43.465  34.260129     7.5128     2.9685     43.098    33.3526    26.0508 -9.990e-29
 200.574288     43.507  34.259726     7.5134     2.9747     43.139    33.3516    26.0499 -9.990e-29
 200.574294     43.543  34.259622     7.5136     2.9749     43.175    33.3512    26.0496 -9.990e-29
 200.574300     43.566  34.259693     7.5141     2.9792     43.198    33.3508    26.0492 -9.990e-29
 200.574306     43.576  34.259485     7.5152     2.9853     43.208    33.3495    26.0480 -9.990e-29
 200.574311     43.579  34.259296     7.5163     2.9830     43.211    33.3483    26.0469 -9.990e-29
 200.574317     43.584  34.259447     7.5168     2.9664     43.216    33.3479    26.0466 -9.990e-29
 200.574323     43.595  34.259595     7.5169     2.9681     43.227    33.3480    26.0466 -9.990e-29
 200.574329     43.610  34.259390     7.5166     2.9658     43.241    33.3481    26.0467 -9.990e-29
 200.574334     43.619  34.259132     7.5156     2.9618     43.250    33.3487    26.0474 -9.990e-29
 200.574340     43.620  34.259051     7.5137     2.9661     43.251    33.3505    26.0490 -9.990e-29
 200.574346     43.612  34.259051     7.5119     2.9699     43.243    33.3522    26.0506 -9.990e-29
 200.574352     43.595  34.259145     7.5108     2.9660     43.227    33.3534    26.0517 -9.990e-29
 200.574358     43.568  34.259473     7.5101     2.9685     43.200    33.3544    26.0526 -9.990e-29
 200.574363     43.534  34.259925     7.5098     2.9747     43.166    33.3552    26.0533 -9.990e-29
 200.574369     43.502  34.259996     7.5102     2.9667     43.134    33.3549    26.0530 -9.990e-29
 200.574375     43.485  34.259796     7.5112     2.9608     43.118    33.3538    26.0519 -9.990e-29
 200.574381     43.480  34.259634     7.5125     2.9728     43.113    33.3523    26.0506 -9.990e-29
 200.574387     43.479  34.259305     7.5140     2.9669     43.112    33.3505    26.0490 -9.990e-29
 200.574392     43.483  34.258944     7.5156     2.9630     43.116    33.3486    26.0473 -9.990e-29
 200.574398     43.499  34.258646     7.5169     2.9604     43.131    33.3470    26.0458 -9.990e-29
 200.574404     43.533  34.258027     7.5174     2.9618     43.165    33.3459    26.0448 -9.990e-29
 200.574410     43.587  34.257393     7.5168     2.9620     43.219    33.3457    26.0448 -9.990e-29
 200.574416     43.656  34.257594     7.5152     2.9641     43.287    33.3474    26.0464 -9.990e-29
 200.574421     43.724  34.258351     7.5132     2.9617     43.354    33.3502    26.0488 -9.990e-29
 200.574427     43.772  34.259004     7.5117     2.9428     43.402    33.3523    26.0507 -9.990e-29
 200.574433     43.791  34.259318     7.5110     2.9507     43.421    33.3533    26.0516 -9.990e-29
 200.574439     43.779  34.259162     7.5106     2.9614     43.409    33.3535    26.0518 -9.990e-29
 200.574444     43.735  34.258903     7.5111     2.9765     43.365    33.3528    26.0512 -9.990e-29
 200.574450     43.659  34.258767     7.5133     2.9939     43.290    33.3505    26.0491 -9.990e-29
 200.574456     43.564  34.258587     7.5167     3.0151     43.196    33.3471    26.0459 -9.990e-29
 200.574462     43.466  34.258139     7.5201     3.0243     43.099    33.3434    26.0425 -9.990e-29
 200.574468     43.375  34.257399     7.5236     3.0108     43.008    33.3393    26.0388 -9.990e-29
 200.574473     43.307  34.256516     7.5275     3.0055     42.941    33.3346    26.0346 -9.990e-29
 200.574479     43.271  34.255448     7.5309     2.9918     42.905    33.3302    26.0307 -9.990e-29
 200.574485     43.260  34.254466     7.5328     2.9807     42.894    33.3274    26.0281 -9.990e-29
 200.574491     43.273  34.253957     7.5327     2.9809     42.907    33.3269    26.0278 -9.990e-29
 200.574497     43.315  34.253814     7.5307     2.9601     42.949    33.3286    26.0294 -9.990e-29
 200.574502     43.380  34.253862     7.5271     2.9573     43.013    33.3321    26.0327 -9.990e-29
 200.574508     43.452  34.253619     7.5231     2.9695     43.085    33.3357    26.0360 -9.990e-29
 200.574514     43.509  34.250532     7.5205     2.9843     43.141    33.3348    26.0357 -9.990e-29
 200.574520     43.537  34.241616     7.5199     2.9868     43.169    33.3257    26.0287 -9.990e-29
 200.574525     43.531  34.236272     7.5218     2.9825     43.163    33.3181    26.0224 -9.990e-29
 200.574531     43.480  34.243068     7.5251     2.9924     43.113    33.3223    26.0253 -9.990e-29
 200.574537     43.382  34.250919     7.5274     3.0035     43.015    33.3286    26.0299 -9.990e-29
 200.574543     43.248  34.253506     7.5273     3.0188     42.883    33.3316    26.0322 0.0000e+00
 200.574549     43.094  34.254856     7.5273     3.0161     42.730    33.3331    26.0334 0.0000e+00
 200.574554     42.929  34.255664     7.5303     3.0050     42.566    33.3312    26.0315 0.0000e+00
 200.574560     42.762  34.255342     7.5352     2.9981     42.401    33.3262    26.0269 0.0000e+00
 200.574566     42.618  34.254035     7.5397     3.0016     42.258    33.3206    26.0218 -9.990e-29
 200.574572     42.505  34.252817     7.5423     2.9955     42.146    33.3168    26.0185 -9.990e-29
 200.574578     42.414  34.252320     7.5424     2.9851     42.056    33.3162    26.0180 -9.990e-29
 200.574583     42.338  34.253013     7.5394     2.9887     41.980    33.3199    26.0213 -9.990e-29
 200.574589     42.256  34.254715     7.5345     2.9964     41.899    33.3265    26.0272 -9.990e-29
 200.574595     42.157  34.255790     7.5317     3.0047     41.801    33.3304    26.0306 -9.990e-29
 200.574601     42.033  34.255442     7.5325     3.0140     41.678    33.3293    26.0297 -9.990e-29
 200.574606     41.877  34.254341     7.5340     3.0079     41.523    33.3267    26.0274 0.0000e+00
 200.574612     41.683  34.253269     7.5352     3.0023     41.331    33.3245    26.0255 0.0000e+00
 200.574618     41.451  34.252493     7.5361     3.0157     41.101    33.3229    26.0241 0.0000e+00
 200.574624     41.189  34.252113     7.5360     3.0318     40.841    33.3227    26.0240 0.0000e+00
 200.574630     40.900  34.252197     7.5361     3.0608     40.555    33.3229    26.0241 0.0000e+00
 200.574635     40.589  34.252312     7.5392     3.0875     40.246    33.3202    26.0215 0.0000e+00
 200.574641     40.260  34.251507     7.5468     3.1137     39.920    33.3122    26.0142 0.0000e+00
 200.574647     39.919  34.249285     7.5592     3.1314     39.582    33.2980    26.0013 0.0000e+00
 200.574653     39.570  34.246056     7.5769     3.1510     39.236    33.2777    25.9828 0.0000e+00
 200.574659     39.216  34.242014     7.5971     3.1618     38.885    33.2542    25.9615 0.0000e+00
 200.574664     38.865  34.237385     7.6143     3.1521     38.537    33.2329    25.9423 0.0000e+00
 200.574670     38.528  34.233853     7.6259     3.1487     38.203    33.2182    25.9291 0.0000e+00
 200.574676     38.215  34.232889     7.6324     3.1451     37.893    33.2111    25.9226 0.0000e+00
 200.574682     37.926  34.233224     7.6352     3.1421     37.606    33.2089    25.9205 0.0000e+00
 200.574688     37.656  34.233085     7.6363     3.1433     37.338    33.2079    25.9195 0.0000e+00
 200.574693     37.396  34.232860     7.6372     3.1481     37.081    33.2069    25.9186 0.0000e+00
 200.574699     37.139  34.233383     7.6384     3.1413     36.826    33.2064    25.9180 0.0000e+00
 200.574705     36.877  34.234247     7.6402     3.1424     36.566    33.2058    25.9172 0.0000e+00
 200.574711     36.601  34.234938     7.6426     3.1438     36.292    33.2043    25.9158 0.0000e+00
 200.574716     36.307  34.235830     7.6444     3.1288     36.001    33.2037    25.9150 0.0000e+00
 200.574722     35.999  34.237008     7.6451     3.1326     35.695    33.2045    25.9155 0.0000e+00
 200.574728     35.676  34.237820     7.6458     3.1359     35.375    33.2048    25.9157 0.0000e+00
 200.574734     35.337  34.238243     7.6471     3.1272     35.039    33.2042    25.9150 0.0000e+00
 200.574740     34.980  34.238855     7.6496     3.1350     34.685    33.2026    25.9134 0.0000e+00
 200.574745     34.610  34.239929     7.6527     3.1380     34.318    33.2010    25.9117 0.0000e+00
 200.574751     34.228  34.241232     7.6552     3.1378     33.940    33.2002    25.9107 0.0000e+00
 200.574757     33.839  34.242277     7.6571     3.1397     33.554    33.1997    25.9100 0.0000e+00
 200.574763     33.458  34.242791     7.6589     3.1411     33.176    33.1987    25.9090 0.0000e+00
 200.574769     33.099  34.242917     7.6609     3.1303     32.820    33.1971    25.9075 0.0000e+00
 200.574774     32.764  34.242839     7.6634     3.1279     32.488    33.1948    25.9053 0.0000e+00
 200.574780     32.446  34.243030     7.6674     3.1333     32.173    33.1914    25.9020 0.0000e+00
 200.574786     32.133  34.244320     7.6728     3.1242     31.862    33.1877    25.8984 0.0000e+00
 200.574792     31.817  34.246202     7.6787     3.1339     31.549    33.1843    25.8948 0.0000e+00
 200.574797     31.496  34.247841     7.6842     3.1491     31.231    33.1810    25.8914 0.0000e+00
 200.574803     31.170  34.249759     7.6885     3.1340     30.908    33.1791    25.8893 0.0000e+00
 200.574809     30.841  34.251728     7.6913     3.1370     30.581    33.1787    25.8886 0.0000e+00
 200.574815     30.504  34.253031     7.6937     3.1355     30.247    33.1779    25.8877 0.0000e+00
 200.574821     30.159  34.254301     7.6965     3.1290     29.905    33.1768    25.8864 0.0000e+00
 200.574826     29.807  34.256127     7.6999     3.1432     29.556    33.1757    25.8850 0.0000e+00
 200.574832     29.441  34.258158     7.7052     3.1502     29.193    33.1730    25.8821 0.0000e+00
 200.574838     29.064  34.260878     7.7135     3.1429     28.819    33.1682    25.8772 0.0000e+00
 200.574844     28.692  34.265129     7.7246     3.1572     28.451    33.1624    25.8710 0.0000e+00
 200.574850     28.329  34.270997     7.7392     3.1662     28.091    33.1549    25.8631 0.0000e+00
 200.574855     27.965  34.279043     7.7613     3.1914     27.730    33.1427    25.8503 0.0000e+00
 200.574861     27.587  34.291050     7.7954     3.2366     27.355    33.1234    25.8302 0.0000e+00
 200.574867     27.183  34.309047     7.8437     3.3058     26.954    33.0970    25.8025 0.0000e+00
 200.574873     26.757  34.333529     7.9119     3.3736     26.532    33.0588    25.7627 0.0000e+00
 200.574878     26.330  34.365801     7.9994     3.4626     26.109    33.0107    25.7122 0.0000e+00
 200.574884     25.921  34.409717     8.0949     3.5289     25.703    32.9677    25.6645 0.0000e+00
 200.574890     25.538  34.467862     8.1903     3.5923     25.323    32.9400    25.6287 0.0000e+00
 200.574896     25.175  34.530440     8.2842     3.6482     24.963    32.9185    25.5979 0.0000e+00
 200.574902     24.816  34.586840     8.3756     3.6704     24.607    32.8927    25.5641 0.0000e+00
 200.574907     24.452  34.636694     8.4523     3.6472     24.246    32.8739    25.5379 0.0000e+00
 200.574913     24.081  34.674265     8.5095     3.6373     23.879    32.8603    25.5186 0.0000e+00
 200.574919     23.705  34.702079     8.5541     3.6866     23.506    32.8482    25.5024 0.0000e+00
 200.574925     23.322  34.727570     8.5892     3.8393     23.126    32.8425    25.4926 0.0000e+00
 200.574931     22.929  34.747230     8.6166     4.1538     22.736    32.8379    25.4848 0.0000e+00
 200.574936     22.530  34.762094     8.6409     4.5773     22.341    32.8311    25.4758 0.0000e+00
 200.574942     22.135  34.776321     8.6745     4.9925     21.949    32.8150    25.4580 0.0000e+00
 200.574948     21.753  34.794150     8.7480     5.3323     21.570    32.7657    25.4082 0.0000e+00
 200.574954     21.385  34.829844     8.9299     5.5121     21.205    32.6354    25.2781 0.0000e+00
 200.574959     21.020  34.923538     9.2425     5.6012     20.844    32.4469    25.0818 0.0000e+00
 200.574965     20.653  35.086479     9.5726     5.6087     20.480    32.3159    24.9268 0.0000e+00
 200.574971     20.289  35.257432     9.8067     5.6051     20.119    32.2801    24.8609 0.0000e+00
 200.574977     19.937  35.387737     9.9377     5.6537     19.770    32.2953    24.8513 0.0000e+00
 200.574983     19.595  35.476465    10.0019     5.7019     19.431    32.3279    24.8661 0.0000e+00
 200.574988     19.258  35.528823    10.0341     5.7876     19.096    32.3522    24.8798 0.0000e+00
 200.574994     18.918  35.551351    10.0616     5.8925     18.759    32.3506    24.8739 0.0000e+00
 200.575000     18.562  35.559530    10.0985     5.9821     18.406    32.3260    24.8486 0.0000e+00
 200.575006     18.184  35.569310    10.1527     6.0587     18.031    32.2877    24.8096 0.0000e+00
 200.575012     17.790  35.594856    10.2224     6.1217     17.641    32.2515    24.7698 0.0000e+00
 200.575017     17.389  35.635508    10.2886     6.1592     17.243    32.2338    24.7448 0.0000e+00
 200.575023     16.991  35.681070    10.3397     6.1953     16.849    32.2343    24.7366 0.0000e+00
 200.575029     16.599  35.723977    10.3884     6.2531     16.460    32.2344    24.7284 0.0000e+00
 200.575035     16.215  35.758161    10.4449     6.3188     16.079    32.2187    24.7066 0.0000e+00
 200.575041     15.840  35.791124    10.5001     6.4463     15.707    32.2030    24.6850 0.0000e+00
 200.575046     15.475  35.827057    10.5452     6.6081     15.345    32.1992    24.6744 0.0000e+00
 200.575052     15.123  35.866274    10.5837     6.7895     14.996    32.2045    24.6719 0.0000e+00
 200.575058     14.783  35.905624    10.6262     6.9519     14.659    32.2064    24.6661 0.0000e+00
 200.575064     14.447  35.931491    10.6876     7.0953     14.326    32.1782    24.6335 0.0000e+00
 200.575069     14.102  35.957646    10.7742     7.2110     13.984    32.1282    24.5796 0.0000e+00
 200.575075     13.738  36.006084    10.8758     7.3100     13.623    32.0873    24.5301 0.0000e+00
 200.575081     13.358  36.074745    10.9896     7.4030     13.246    32.0558    24.4858 0.0000e+00
 200.575087     12.977  36.154372    11.1072     7.4666     12.868    32.0319    24.4466 0.0000e+00
 200.575093     12.599  36.223440    11.2015     7.5512     12.493    32.0180    24.4190 0.0000e+00
 200.575098     12.215  36.273796    11.2616     7.6061     12.113    32.0154    24.4063 0.0000e+00
 200.575104     11.816  36.314351    11.3008     7.6049     11.717    32.0213    24.4039 0.0000e+00
 200.575110     11.408  36.348221    11.3412     7.5949     11.312    32.0196    24.3954 0.0000e+00
 200.575116     10.994  36.385848    11.3922     7.5822     10.902    32.0124    24.3806 0.0000e+00
 200.575122     10.574  36.432594    11.4444     7.5844     10.485    32.0130    24.3718 0.0000e+00
 200.575127     10.151  36.481333    11.4869     7.6515     10.066    32.0240    24.3727 0.0000e+00
 200.575133      9.732  36.520879    11.5162     7.7555      9.651    32.0374    24.3778 0.0000e+00
 200.575139      9.324  36.547396    11.5325     7.8643      9.246    32.0493    24.3841 0.0000e+00
 200.575145      8.933  36.564880    11.5412     7.9639      8.858    32.0590    24.3900 0.0000e+00
