data/oxygen options/ONMS/Olympic_Coast_National_Marine_Sanctuary_CTD_Data_2005_2023/raw_data/2012/CAST_KL015_120724faed.cnv
* Sea-Bird SBE19 Data File:
* FileName = C:\Documents and Settings\OCNMS\Desktop\2012 mooring data\1st service\CAST_KL015_120724.hex
* Software Version 1.25
* Temperature SN = 2997
* Conductivity SN = 2997
* System UpLoad Time = Jul 24 2012 13:24:42
** CAST_KL015_120724
* SEACAT PROFILER V3.1c SN 2997   07/24/12  13:23:46.512
# nquan = 9                                 
# nvalues = 901                         
# units = specified
# name 0 = timeJ: Julian Days
# name 1 = prSM: Pressure, Strain Gauge [db]
# name 2 = c0mS/cm: Conductivity [mS/cm]
# name 3 = t090C: Temperature [ITS-90, deg C]
# name 4 = sbeox0ML/L: Oxygen, SBE 43 [ml/l]
# name 5 = depSM: Depth [salt water, m], lat = 47.5
# name 6 = sal00: Salinity, Practical [PSU]
# name 7 = sigma-é00: Density [sigma-theta, kg/m^3]
# name 8 = flag: flag
# span 0 = 206.534155, 206.539363       
# span 1 =     -5.564,     15.157       
# span 2 =   0.229462,  38.179759       
# span 3 =     8.8067,    16.2944       
# span 4 =    -1.7163,    15.2194       
# span 5 =     -5.518,     15.030       
# span 6 =     0.1338,    32.7713       
# span 7 =    -0.9966,    25.4020       
# span 8 = 0.0000e+00, 0.0000e+00       
# interval = seconds: 0.5
# start_time = Jul 24 2012 12:49:11 [Instrument's time stamp, header]
# bad_flag = -9.990e-29
*END*
[from data line 801]
 206.538791     14.283  34.820157     8.8144     2.5425     14.163    32.7349    25.3738 -9.990e-29
 206.538796     14.278  34.821419     8.8134     2.5442     14.158    32.7371    25.3757 -9.990e-29
 206.538802     14.269  34.821962     8.8119     2.5565     14.149    32.7391    25.3774 -9.990e-29
 206.538808     14.265  34.821443     8.8114     2.5471     14.145    32.7390    25.3774 -9.990e-29
 206.538814     14.271  34.820906     8.8115     2.5387     14.151    32.7384    25.3769 -9.990e-29
 206.538819     14.281  34.821370     8.8116     2.5468     14.161    32.7387    25.3772 -9.990e-29
 206.538825     14.293  34.821828     8.8122     2.5527     14.173    32.7387    25.3770 -9.990e-29
 206.538831     14.307  34.821266     8.8130     2.5532     14.187    32.7373    25.3759 -9.990e-29
 206.538837     14.320  34.820112     8.8130     2.5490     14.200    32.7361    25.3749 -9.990e-29
 206.538843     14.328  34.819119     8.8127     2.5372     14.208    32.7354    25.3744 -9.990e-29
 206.538848     14.332  34.818700     8.8125     2.5373     14.212    32.7351    25.3742 -9.990e-29
 206.538854     14.328  34.818911     8.8117     2.5414     14.208    32.7361    25.3751 -9.990e-29
 206.538860     14.312  34.819528     8.8115     2.5433     14.192    32.7369    25.3758 -9.990e-29
 206.538866     14.290  34.819748     8.8121     2.5396     14.170    32.7366    25.3754 -9.990e-29
 206.538872     14.274  34.819362     8.8120     2.5300     14.154    32.7363    25.3752 -9.990e-29
 206.538877     14.264  34.819590     8.8120     2.5354     14.144    32.7365    25.3754 -9.990e-29
 206.538883     14.249  34.820230     8.8125     2.5389     14.130    32.7367    25.3755 -9.990e-29
 206.538889     14.226  34.819950     8.8131     2.5403     14.107    32.7359    25.3747 -9.990e-29
 206.538895     14.192  34.818993     8.8133     2.5138     14.073    32.7347    25.3738 -9.990e-29
 206.538900     14.145  34.818377     8.8129     2.4937     14.026    32.7345    25.3737 -9.990e-29
 206.538906     14.082  34.818455     8.8128     2.4541     13.964    32.7347    25.3738 -9.990e-29
 206.538912     14.000  34.818829     8.8139     2.4748     13.883    32.7341    25.3732 -9.990e-29
 206.538918     13.893  34.819490     8.8160     2.6144     13.777    32.7329    25.3719 -9.990e-29
 206.538924     13.754  34.820816     8.8216     2.9778     13.639    32.7292    25.3682 0.0000e+00
 206.538929     13.574  34.824069     8.8384     3.6788     13.460    32.7171    25.3562 0.0000e+00
 206.538935     13.346  34.834204     8.8864     4.6631     13.234    32.6836    25.3225 0.0000e+00
 206.538941     13.065  34.864788     9.0099     5.6620     12.956    32.6020    25.2395 0.0000e+00
 206.538947     12.730  34.946577     9.2821     6.4428     12.623    32.4384    25.0688 0.0000e+00
 206.538953     12.353  35.128772     9.7990     7.0074     12.250    32.1596    24.7680 0.0000e+00
 206.538958     11.949  35.453918    10.5377     7.4658     11.849    31.8349    24.3918 0.0000e+00
 206.538964     11.527  35.898150    11.2739     8.0114     11.430    31.6368    24.1099 0.0000e+00
 206.538970     11.090  36.334334    11.8078     8.5811     10.997    31.6056    23.9896 0.0000e+00
 206.538976     10.636  36.633018    12.1231     9.0168     10.547    31.6262    23.9475 0.0000e+00
 206.538981     10.165  36.792207    12.3278     9.1953     10.080    31.6059    23.8935 0.0000e+00
 206.538987      9.687  36.898281    12.5548     9.1402      9.606    31.5164    23.7813 0.0000e+00
 206.538993      9.217  37.032280    12.8683     8.9891      9.140    31.3820    23.6173 0.0000e+00
 206.538999      8.774  37.222280    13.2185     8.8238      8.701    31.2712    23.4636 0.0000e+00
 206.539005      8.364  37.447806    13.5215     8.6786      8.294    31.2329    23.3742 0.0000e+00
 206.539010      7.985  37.658469    13.7421     8.5465      7.918    31.2479    23.3417 0.0000e+00
 206.539016      7.640  37.789665    13.8722     8.4354      7.576    31.2630    23.3271 0.0000e+00
 206.539022      7.328  37.837180    13.9295     8.3317      7.267    31.2602    23.3134 0.0000e+00
 206.539028      7.046  37.848783    13.9495     8.1672      6.987    31.2547    23.3051 0.0000e+00
 206.539034      6.794  37.849548    13.9551     7.9331      6.737    31.2510    23.3010 0.0000e+00
 206.539039      6.568  37.841121    13.9544     7.6324      6.513    31.2439    23.2957 0.0000e+00
 206.539045      6.354  37.824831    13.9462     7.3323      6.301    31.2357    23.2910 0.0000e+00
 206.539051      6.134  37.803077    13.9277     7.0637      6.083    31.2308    23.2910 0.0000e+00
 206.539057      5.903  37.772270    13.9045     6.8812      5.854    31.2214    23.2884 0.0000e+00
 206.539063      5.663  37.728316    13.8855     6.8230      5.616    31.1965    23.2730 0.0000e+00
 206.539068      5.416  37.676660    13.8749     6.8368      5.371    31.1577    23.2452 0.0000e+00
 206.539074      5.163  37.629087    13.8787     6.8978      5.120    31.1109    23.2084 0.0000e+00
 206.539080      4.905  37.594422    13.9076     6.9747      4.864    31.0558    23.1600 0.0000e+00
 206.539086      4.644  37.581902    13.9658     7.0239      4.605    30.9974    23.1032 0.0000e+00
 206.539091      4.380  37.594439    14.0430     7.0695      4.343    30.9469    23.0485 0.0000e+00
 206.539097      4.113  37.621867    14.1234     7.0827      4.079    30.9076    23.0018 0.0000e+00
 206.539103      3.843  37.657079    14.2000     7.0820      3.811    30.8785    22.9637 0.0000e+00
 206.539109      3.570  37.698305    14.2725     7.0853      3.540    30.8583    22.9332 0.0000e+00
 206.539115      3.294  37.742268    14.3404     7.0765      3.266    30.8442    22.9084 0.0000e+00
 206.539120      3.019  37.783183    14.4023     7.0791      2.994    30.8322    22.8864 0.0000e+00
 206.539126      2.753  37.819598    14.4537     7.0534      2.730    30.8244    22.8698 0.0000e+00
 206.539132      2.500  37.855826    14.4910     6.9680      2.479    30.8277    22.8646 0.0000e+00
 206.539138      2.258  37.886968    14.5157     6.8473      2.239    30.8363    22.8661 0.0000e+00
 206.539144      2.023  37.905259    14.5307     6.7544      2.006    30.8411    22.8666 0.0000e+00
 206.539149      1.802  37.914927    14.5374     7.8901      1.787    30.8446    22.8679 0.0000e+00
 206.539155      1.599  37.921026    14.5347     7.7140      1.586    30.8523    22.8744 0.0000e+00
 206.539161      1.408  37.922728    14.5248     7.2672      1.396    30.8618    22.8838 0.0000e+00
 206.539167      1.232  37.917261    14.5125     6.8925      1.222    30.8667    22.8901 0.0000e+00
 206.539172      1.070  37.895657    14.4962     6.5595      1.061    30.8602    22.8885 0.0000e+00
 206.539178      0.922  37.843114    14.4738     6.4289      0.914    30.8304    22.8702 0.0000e+00
 206.539184      0.791  37.727665    14.4454     6.4210      0.784    30.7484    22.8128 -9.990e-29
 206.539190      0.681  37.439632    14.4115     6.4348      0.675    30.5142    22.6394 -9.990e-29
 206.539196      0.590  36.629139    14.3740     6.4822      0.585    29.8098    22.1043 -9.990e-29
 206.539201      0.512  34.246893    14.3346     6.5269      0.508    27.6953    20.4838 -9.990e-29
 206.539207      0.441  27.151852    14.2934     6.5623      0.437    21.4604    15.6973 -9.990e-29
 206.539213      0.379  16.381623    14.2482     6.5759      0.376    12.3722     8.7297 -9.990e-29
 206.539219      0.329   9.027235    14.1991     6.5982      0.326     6.5052     4.2341 -9.990e-29
 206.539225      0.292   6.315530    14.1498     6.5924      0.290     4.4398     2.6535 -9.990e-29
 206.539230      0.262   4.912851    14.1029     6.5935      0.260     3.3992     1.8593 -9.990e-29
 206.539236      0.233   3.977391    14.0604     6.6125      0.231     2.7176     1.3402 -9.990e-29
 206.539242      0.208   3.448821    14.0250     6.6589      0.206     2.3378     1.0524 -9.990e-29
 206.539248      0.187   3.286790    13.9955     6.6507      0.185     2.2232     0.9681 -9.990e-29
 206.539253      0.172   3.375071    13.9689     6.6772      0.171     2.2881     1.0221 -9.990e-29
 206.539259      0.160   3.431003    13.9447     6.6973      0.159     2.3298     1.0577 -9.990e-29
 206.539265      0.150   3.378898    13.9234     6.6883      0.149     2.2936     1.0328 -9.990e-29
 206.539271      0.143   3.343384    13.9044     6.6995      0.142     2.2691     1.0166 -9.990e-29
 206.539277      0.137   3.395227    13.8864     6.7125      0.136     2.3075     1.0489 -9.990e-29
 206.539282      0.133   3.548099    13.8710     6.7114      0.132     2.4189     1.1370 -9.990e-29
 206.539288      0.129   3.833899    13.8597     6.7215      0.128     2.6270     1.2993 -9.990e-29
 206.539294      0.126   4.045128    13.8514     6.7189      0.125     2.7817     1.4199 -9.990e-29
 206.539300      0.124   3.905347    13.8463     6.7152      0.123     2.6800     1.3422 -9.990e-29
 206.539306      0.123   3.596533    13.8455     6.7263      0.122     2.4555     1.1690 -9.990e-29
 206.539311      0.121   3.342109    13.8491 -9.990e-29      0.120     2.2714     1.0263 -9.990e-29
 206.539317      0.120   3.041898    13.8544 -9.990e-29      0.119     2.0555     0.8588 -9.990e-29
 206.539323      0.120   2.704270    13.8583 -9.990e-29      0.119     1.8147     0.6722 -9.990e-29
 206.539329      0.119   2.421289    13.8593 -9.990e-29      0.118     1.6146     0.5173 -9.990e-29
 206.539334      0.119   2.171508    13.8578 -9.990e-29      0.118     1.4394     0.3821 -9.990e-29
 206.539340      0.119   1.971022    13.8559 -9.990e-29      0.118     1.2998     0.2743 -9.990e-29
 206.539346      0.118   1.851746    13.8548 -9.990e-29      0.117     1.2172     0.2105 -9.990e-29
 206.539352      0.118   1.782086    13.8545 -9.990e-29      0.117     1.1691     0.1733 -9.990e-29
 206.539358      0.118   1.719576    13.8545 -9.990e-29      0.117     1.1260     0.1400 -9.990e-29
 206.539363      0.118   1.648459 -9.990e-29 -9.990e-29      0.117 -9.990e-29 -9.990e-29 -9.990e-29
