data/oxygen options/ONMS/Olympic_Coast_National_Marine_Sanctuary_CTD_Data_2005_2023/raw_data/2012/CAST_CE015_120920faed.cnv
* Sea-Bird SBE19 Data File:
* FileName = C:\Documents and Settings\OCNMS\Desktop\2012 mooring data\Hypoxia Sampling\120920\CAST_CE015_120920.hex
* Software Version 1.25
* Temperature SN = 2997
* Conductivity SN = 2997
* System UpLoad Time = Sep 20 2012 13:55:28
** CAST_CE015_120920
* SEACAT PROFILER V3.1c SN 2997   09/20/12  13:54:20.561
# nquan = 9                                 
# nvalues = 854                         
# units = specified
# name 0 = timeJ: Julian Days
# name 1 = prSM: Pressure, Strain Gauge [db]
# name 2 = c0mS/cm: Conductivity [mS/cm]
# name 3 = t090C: Temperature [ITS-90, deg C]
# name 4 = sbeox0ML/L: Oxygen, SBE 43 [ml/l]
# name 5 = depSM: Depth [salt water, m], lat = 47.5
# name 6 = sal00: Salinity, Practical [PSU]
# name 7 = sigma-é00: Density [sigma-theta, kg/m^3]
# name 8 = flag: flag
# span 0 = 264.571968, 264.576904       
# span 1 =     -4.862,     16.036       
# span 2 =   0.297119,  38.396399       
# span 3 =    10.4317,    13.2699       
# span 4 =    -1.8634,    13.4572       
# span 5 =     -4.821,     15.902       
# span 6 =     0.1918,    32.9436       
# span 7 =    -0.3415,    25.2735       
# span 8 = 0.0000e+00, 0.0000e+00       
# interval = seconds: 0.5
# start_time = Sep 20 2012 13:43:38 [Instrument's time stamp, header]
# bad_flag = -9.990e-29
*END*
[from data line 161]
 264.572899     -1.530   0.500973    11.7528    -1.8549     -1.517     0.3286    -0.2155 -9.990e-29
 264.572905     -1.528   0.521518    11.7543    -1.8555     -1.515     0.3425    -0.2048 -9.990e-29
 264.572911     -1.528   0.572150    11.7569    -1.8561     -1.515     0.3770    -0.1781 -9.990e-29
 264.572917     -1.526   0.698233    11.7603    -1.8561     -1.513     0.4635    -0.1109 -9.990e-29
 264.572922     -1.517   0.891244    11.7644    -1.8566     -1.504     0.5975    -0.0067 -9.990e-29
 264.572928     -1.504   1.067995    11.7683    -1.8573     -1.491     0.7216     0.0897 -9.990e-29
 264.572934     -1.492   1.186707    11.7710    -1.8572     -1.480     0.8056     0.1550 -9.990e-29
 264.572940     -1.479   1.226208    11.7720    -1.8572     -1.467     0.8337     0.1767 -9.990e-29
 264.572946     -1.465   1.188762    11.7716    -1.8572     -1.453     0.8071     0.1560 -9.990e-29
 264.572951     -1.449   1.116386    11.7705    -1.8571     -1.437     0.7558     0.1161 -9.990e-29
 264.572957     -1.434   1.043291    11.7697    -1.8573     -1.422     0.7041     0.0759 -9.990e-29
 264.572963     -1.423   0.979463    11.7693    -1.8574     -1.411     0.6592     0.0409 -9.990e-29
 264.572969     -1.411   0.917327    11.7688    -1.8574     -1.399     0.6156     0.0070 -9.990e-29
 264.572975     -1.394   0.862641    11.7684    -1.8574     -1.382     0.5774    -0.0228 -9.990e-29
 264.572980     -1.370   0.821123    11.7691    -1.8576     -1.359     0.5485    -0.0455 -9.990e-29
 264.572986     -1.342   0.778945    11.7708    -1.8580     -1.331     0.5192    -0.0686 -9.990e-29
 264.572992     -1.317   0.736345    11.7730    -1.8584     -1.306     0.4896    -0.0919 -9.990e-29
 264.572998     -1.298   0.708505    11.7759    -1.8587     -1.287     0.4704    -0.1073 -9.990e-29
 264.573003     -1.283   0.691524    11.7791    -1.8588     -1.272     0.4586    -0.1168 -9.990e-29
 264.573009     -1.271   0.673834    11.7818    -1.8588     -1.260     0.4464    -0.1267 -9.990e-29
 264.573015     -1.262   0.651779    11.7842    -1.8592     -1.251     0.4312    -0.1388 -9.990e-29
 264.573021     -1.254   0.626955    11.7868    -1.8596     -1.244     0.4142    -0.1524 -9.990e-29
 264.573027     -1.249   0.604466    11.7887    -1.8598     -1.239     0.3987    -0.1647 -9.990e-29
 264.573032     -1.244   0.584776    11.7880    -1.8600     -1.234     0.3853    -0.1751 -9.990e-29
 264.573038     -1.240   0.564330    11.7844    -1.8602     -1.230     0.3714    -0.1856 -9.990e-29
 264.573044     -1.237   0.543546    11.7796    -1.8605     -1.227     0.3573    -0.1961 -9.990e-29
 264.573050     -1.235   0.525713    11.7756    -1.8608     -1.225     0.3452    -0.2051 -9.990e-29
 264.573056     -1.233   0.511410    11.7730    -1.8609     -1.223     0.3355    -0.2124 -9.990e-29
 264.573061     -1.231   0.499281    11.7702    -1.8610     -1.221     0.3273    -0.2185 -9.990e-29
 264.573067     -1.229   0.489205    11.7657    -1.8609     -1.219     0.3205    -0.2233 -9.990e-29
 264.573073     -1.227   0.480478    11.7605    -1.8608     -1.217     0.3146    -0.2273 -9.990e-29
 264.573079     -1.225   0.471983    11.7563    -1.8605     -1.215     0.3089    -0.2313 -9.990e-29
 264.573084     -1.222   0.463462    11.7527    -1.8605     -1.212     0.3032    -0.2354 -9.990e-29
 264.573090     -1.219   0.454071    11.7487    -1.8604     -1.209     0.2969    -0.2398 -9.990e-29
 264.573096     -1.216   0.444573    11.7444    -1.8603     -1.206     0.2905    -0.2443 -9.990e-29
 264.573102     -1.211   0.437246    11.7410    -1.8604     -1.201     0.2856    -0.2478 -9.990e-29
 264.573108     -1.205   0.430626    11.7391    -1.8606     -1.195     0.2812    -0.2511 -9.990e-29
 264.573113     -1.198   0.423079    11.7387    -1.8606     -1.188     0.2761    -0.2550 -9.990e-29
 264.573119     -1.189   0.416722    11.7398    -1.8604     -1.179     0.2718    -0.2585 -9.990e-29
 264.573125     -1.176   0.413041    11.7425    -1.8603     -1.166     0.2693    -0.2607 -9.990e-29
 264.573131     -1.161   0.411555    11.7458    -1.8604     -1.151     0.2683    -0.2619 -9.990e-29
 264.573137     -1.141   0.411387    11.7482    -1.8602     -1.131     0.2682    -0.2623 -9.990e-29
 264.573142     -1.120   0.411204    11.7496    -1.8602     -1.111     0.2680    -0.2625 -9.990e-29
 264.573148     -1.101   0.410206    11.7501    -1.8604     -1.092     0.2674    -0.2631 -9.990e-29
 264.573154     -1.082   0.410936    11.7493    -1.8603     -1.073     0.2679    -0.2626 -9.990e-29
 264.573160     -1.066   0.414366    11.7482    -1.8602     -1.057     0.2702    -0.2607 -9.990e-29
 264.573166     -1.057   0.416209    11.7482    -1.8602     -1.048     0.2714    -0.2597 -9.990e-29
 264.573171     -1.049   0.414492    11.7496    -1.8603     -1.040     0.2702    -0.2608 -9.990e-29
 264.573177     -1.039   0.413015    11.7514    -1.8605     -1.030     0.2692    -0.2618 -9.990e-29
 264.573183     -1.029   0.413126    11.7528    -1.8606     -1.020     0.2693    -0.2619 -9.990e-29
 264.573189     -1.024   0.411653    11.7539    -1.8605     -1.015     0.2683    -0.2628 -9.990e-29
 264.573194     -1.018   0.409950    11.7544    -1.8606     -1.010     0.2672    -0.2637 -9.990e-29
 264.573200     -1.008   0.409621    11.7544    -1.8606     -1.000     0.2669    -0.2639 -9.990e-29
 264.573206     -0.996   0.407457    11.7549    -1.8608     -0.988     0.2655    -0.2651 -9.990e-29
 264.573212     -0.986   0.403893    11.7558    -1.8609     -0.978     0.2631    -0.2671 -9.990e-29
 264.573218     -0.978   0.402479    11.7563    -1.8611     -0.970     0.2621    -0.2679 -9.990e-29
 264.573223     -0.971   0.401327    11.7555    -1.8613     -0.963     0.2614    -0.2684 -9.990e-29
 264.573229     -0.965   0.397237    11.7538    -1.8613     -0.957     0.2586    -0.2703 -9.990e-29
 264.573235     -0.959   0.393060    11.7527    -1.8610     -0.951     0.2558    -0.2724 -9.990e-29
 264.573241     -0.953   0.390974    11.7522    -1.8609     -0.945     0.2544    -0.2734 -9.990e-29
 264.573247     -0.946   0.389301    11.7513    -1.8608     -0.938     0.2533    -0.2742 -9.990e-29
 264.573252     -0.939   0.387471    11.7496    -1.8609     -0.931     0.2521    -0.2750 -9.990e-29
 264.573258     -0.930   0.385256    11.7473    -1.8611     -0.922     0.2507    -0.2759 -9.990e-29
 264.573264     -0.919   0.382468    11.7446    -1.8609     -0.911     0.2488    -0.2770 -9.990e-29
 264.573270     -0.905   0.380924    11.7420    -1.8609     -0.897     0.2478    -0.2775 -9.990e-29
 264.573275     -0.893   0.380226    11.7401    -1.8610     -0.886     0.2473    -0.2777 -9.990e-29
 264.573281     -0.884   0.378332    11.7405    -1.8609     -0.877     0.2461    -0.2787 -9.990e-29
 264.573287     -0.879   0.377698    11.7429    -1.8610     -0.872     0.2456    -0.2793 -9.990e-29
 264.573293     -0.877   0.378585    11.7451    -1.8611     -0.870     0.2462    -0.2791 -9.990e-29
 264.573299     -0.874   0.377745    11.7462    -1.8610     -0.867     0.2456    -0.2797 -9.990e-29
 264.573304     -0.866   0.376270    11.7461    -1.8610     -0.859     0.2446    -0.2804 -9.990e-29
 264.573310     -0.852   0.374960    11.7459    -1.8609     -0.845     0.2438    -0.2811 -9.990e-29
 264.573316     -0.835   0.372620    11.7461    -1.8608     -0.828     0.2422    -0.2823 -9.990e-29
 264.573322     -0.819   0.370557    11.7465    -1.8609     -0.812     0.2408    -0.2835 -9.990e-29
 264.573328     -0.802   0.369894    11.7466    -1.8610     -0.795     0.2404    -0.2838 -9.990e-29
 264.573333     -0.788   0.369192    11.7465    -1.8610     -0.781     0.2399    -0.2842 -9.990e-29
 264.573339     -0.776   0.368067    11.7463    -1.8612     -0.770     0.2392    -0.2847 -9.990e-29
 264.573345     -0.761   0.366676    11.7463    -1.8614     -0.755     0.2382    -0.2855 -9.990e-29
 264.573351     -0.745   0.364825    11.7465    -1.8617     -0.739     0.2370    -0.2865 -9.990e-29
 264.573356     -0.733   0.364473    11.7470    -1.8617     -0.727     0.2368    -0.2867 -9.990e-29
 264.573362     -0.724   0.366255    11.7478    -1.8619     -0.718     0.2379    -0.2859 -9.990e-29
 264.573368     -0.717   0.368117    11.7483    -1.8620     -0.711     0.2392    -0.2849 -9.990e-29
 264.573374     -0.711   0.368664    11.7476    -1.8623     -0.705     0.2396    -0.2846 -9.990e-29
 264.573380     -0.707   0.368624    11.7459    -1.8626     -0.701     0.2395    -0.2844 -9.990e-29
 264.573385     -0.703   0.369419    11.7432    -1.8628     -0.697     0.2401    -0.2837 -9.990e-29
 264.573391     -0.700   0.371003    11.7396    -1.8626     -0.694     0.2412    -0.2824 -9.990e-29
 264.573397     -0.698   0.372534    11.7353    -1.8624     -0.692     0.2422    -0.2811 -9.990e-29
 264.573403     -0.696   0.373839    11.7311    -1.8623     -0.690     0.2431    -0.2800 -9.990e-29
 264.573409     -0.695   0.374813    11.7275    -1.8620     -0.689     0.2438    -0.2790 -9.990e-29
 264.573414     -0.693   0.375650    11.7240    -1.8620     -0.687     0.2444    -0.2782 -9.990e-29
 264.573420     -0.692   0.376914    11.7200    -1.8620     -0.686     0.2452    -0.2771 -9.990e-29
 264.573426     -0.690   0.377521    11.7153    -1.8619     -0.684     0.2457    -0.2762 -9.990e-29
 264.573432     -0.689   0.376624    11.7110    -1.8619     -0.683     0.2451    -0.2762 -9.990e-29
 264.573438     -0.687   0.375240    11.7088    -1.8618     -0.681     0.2442    -0.2766 -9.990e-29
 264.573443     -0.685   0.374295    11.7101    -1.8617     -0.679     0.2435    -0.2773 -9.990e-29
 264.573449     -0.683   0.373636    11.7135    -1.8621     -0.677     0.2431    -0.2780 -9.990e-29
 264.573455     -0.680   0.371830    11.7172    -1.8622     -0.674     0.2419    -0.2794 -9.990e-29
 264.573461     -0.677   0.368686    11.7207    -1.8625     -0.671     0.2397    -0.2814 -9.990e-29
 264.573466     -0.672   0.367207    11.7233    -1.8626     -0.666     0.2387    -0.2825 -9.990e-29
 264.573472     -0.666   0.367638    11.7250    -1.8626     -0.660     0.2390    -0.2825 -9.990e-29
 264.573478     -0.658   0.366681    11.7262    -1.8625     -0.653     0.2384    -0.2831 -9.990e-29
 264.573484     -0.649   0.365272    11.7269    -1.8626     -0.644     0.2374    -0.2839 -9.990e-29
 264.573490     -0.636   0.365410    11.7272    -1.8627     -0.631     0.2375    -0.2839 -9.990e-29
 264.573495     -0.620   0.366173    11.7263    -1.8627     -0.615     0.2380    -0.2834 -9.990e-29
 264.573501     -0.600   0.366365    11.7237    -1.8627     -0.595     0.2382    -0.2830 -9.990e-29
 264.573507     -0.578   0.365137    11.7203    -1.8625     -0.573     0.2374    -0.2832 -9.990e-29
 264.573513     -0.561   0.363619    11.7169    -1.8626     -0.556     0.2364    -0.2836 -9.990e-29
 264.573519     -0.553   0.362555    11.7145    -1.8625     -0.548     0.2357    -0.2839 -9.990e-29
 264.573524     -0.554   0.360529    11.7133    -1.8625     -0.549     0.2343    -0.2848 -9.990e-29
 264.573530     -0.559   0.357606    11.7126    -1.8627     -0.554     0.2324    -0.2863 -9.990e-29
 264.573536     -0.559   0.355982    11.7120    -1.8628     -0.554     0.2313    -0.2871 -9.990e-29
 264.573542     -0.551   0.356258    11.7113    -1.8629     -0.546     0.2315    -0.2868 -9.990e-29
 264.573547     -0.539   0.356035    11.7112    -1.8629     -0.535     0.2313    -0.2870 -9.990e-29
 264.573553     -0.525   0.354463    11.7123    -1.8629     -0.521     0.2303    -0.2879 -9.990e-29
 264.573559     -0.510   0.353322    11.7138    -1.8628     -0.506     0.2295    -0.2887 -9.990e-29
 264.573565     -0.495   0.353306    11.7149    -1.8628     -0.491     0.2295    -0.2888 -9.990e-29
 264.573571     -0.486   0.353287    11.7154    -1.8628     -0.482     0.2295    -0.2889 -9.990e-29
 264.573576     -0.480   0.352688    11.7146    -1.8628     -0.476     0.2291    -0.2891 -9.990e-29
 264.573582     -0.478   0.351818    11.7121    -1.8627     -0.474     0.2285    -0.2893 -9.990e-29
 264.573588     -0.479   0.350625    11.7097    -1.8628     -0.475     0.2277    -0.2896 -9.990e-29
 264.573594     -0.480   0.349736    11.7085    -1.8630     -0.476     0.2272    -0.2899 -9.990e-29
 264.573600     -0.476   0.349625    11.7084    -1.8630     -0.472     0.2271    -0.2900 -9.990e-29
 264.573605     -0.472   0.349037    11.7090    -1.8631     -0.468     0.2267    -0.2904 -9.990e-29
 264.573611     -0.470   0.346638    11.7099    -1.8633     -0.466     0.2251    -0.2917 -9.990e-29
 264.573617     -0.467   0.343102    11.7111    -1.8634     -0.463     0.2227    -0.2937 -9.990e-29
 264.573623     -0.459   0.339807    11.7125    -1.8632     -0.455     0.2205    -0.2956 -9.990e-29
 264.573628     -0.448   0.336788    11.7135    -1.8628     -0.444     0.2185    -0.2973 -9.990e-29
 264.573634     -0.439   0.333897    11.7139    -1.8622     -0.435     0.2166    -0.2988 -9.990e-29
 264.573640     -0.432   0.331153    11.7133    -1.8616     -0.428     0.2147    -0.3002 -9.990e-29
 264.573646     -0.425   0.328220    11.7118    -1.8613     -0.421     0.2128    -0.3015 -9.990e-29
 264.573652     -0.418   0.325062    11.7102    -1.8608     -0.415     0.2107    -0.3030 -9.990e-29
 264.573657     -0.410   0.321900    11.7087    -1.8605     -0.407     0.2086    -0.3045 -9.990e-29
 264.573663     -0.403   0.318945    11.7073    -1.8603     -0.400     0.2067    -0.3058 -9.990e-29
 264.573669     -0.398   0.316687    11.7074    -1.8602     -0.395     0.2052    -0.3070 -9.990e-29
 264.573675     -0.400   0.315439    11.7113    -1.8600     -0.397     0.2043    -0.3081 -9.990e-29
 264.573681     -0.405   0.314642    11.7195    -1.8599     -0.402     0.2037    -0.3095 -9.990e-29
 264.573686     -0.409   0.313790    11.7305    -1.8599     -0.406     0.2031    -0.3112 -9.990e-29
 264.573692     -0.412   0.312855    11.7416    -1.8597     -0.409     0.2024    -0.3129 -9.990e-29
 264.573698     -0.415   0.311696    11.7518    -1.8597     -0.412     0.2016    -0.3147 -9.990e-29
 264.573704     -0.417   0.310433    11.7613    -1.8597     -0.414     0.2007    -0.3165 -9.990e-29
 264.573709     -0.419   0.309042    11.7691    -1.8597     -0.416     0.1998    -0.3181 -9.990e-29
 264.573715     -0.420   0.307331    11.7746    -1.8592     -0.416     0.1986    -0.3196 -9.990e-29
 264.573721     -0.422   0.305787    11.7787    -1.8590     -0.418     0.1976    -0.3209 -9.990e-29
 264.573727     -0.423   0.304565    11.7820    -1.8585     -0.419     0.1968    -0.3219 -9.990e-29
 264.573733     -0.425   0.303144    11.7847    -1.8579     -0.421     0.1958    -0.3230 -9.990e-29
 264.573738     -0.426   0.301291    11.7870    -1.8575     -0.422     0.1946    -0.3242 -9.990e-29
 264.573744     -0.428   0.299303    11.7891    -1.8576     -0.424     0.1932    -0.3255 -9.990e-29
 264.573750     -0.427   0.297853    11.7909    -1.8573     -0.423     0.1923    -0.3264 -9.990e-29
 264.573756     -0.416   0.297221    11.7927    -1.8572     -0.413     0.1919    -0.3269 -9.990e-29
 264.573762     -0.402   0.297119    11.7964    -1.8565     -0.399     0.1918    -0.3274 -9.990e-29
 264.573767     -0.390   0.297413    11.8027    -1.8560     -0.387     0.1919    -0.3280 -9.990e-29
 264.573773     -0.384   0.297943    11.8105    -1.8554     -0.381     0.1922    -0.3286 -9.990e-29
 264.573779     -0.381   0.298308    11.8197    -1.8549     -0.378     0.1924    -0.3295 -9.990e-29
 264.573785     -0.375   0.298443    11.8294    -1.8542     -0.372     0.1925    -0.3306 -9.990e-29
 264.573791     -0.366   0.298529    11.8371    -1.8537     -0.363     0.1925    -0.3314 -9.990e-29
 264.573796     -0.353   0.298681    11.8423    -1.8533     -0.350     0.1926    -0.3320 -9.990e-29
 264.573802     -0.340   0.299102    11.8475    -1.8531     -0.337     0.1928    -0.3323 -9.990e-29
 264.573808     -0.330   0.299804    11.8549    -1.8529     -0.327     0.1933    -0.3328 -9.990e-29
 264.573814     -0.323   0.300615    11.8650    -1.8527     -0.320     0.1937    -0.3336 -9.990e-29
