data/oxygen options/ONMS/Olympic_Coast_National_Marine_Sanctuary_CTD_Data_2005_2023/raw_data/2012/CAST_CA042_120523faed.cnv
* Sea-Bird SBE19 Data File:
* FileName = C:\Documents and Settings\OCNMS\Desktop\2012 mooring data\Deployment May\CAST_CA042_120523.hex
* Software Version 1.25
* Temperature SN = 2997
* Conductivity SN = 2997
* System UpLoad Time = May 25 2012 15:16:40
** CAST_CA042_120523
* SEACAT PROFILER V3.1c SN 2997   05/25/12  15:15:41.965
# nquan = 9                                 
# nvalues = 1220                        
# units = specified
# name 0 = timeJ: Julian Days
# name 1 = prSM: Pressure, Strain Gauge [db]
# name 2 = c0mS/cm: Conductivity [mS/cm]
# name 3 = t090C: Temperature [ITS-90, deg C]
# name 4 = sbeox0ML/L: Oxygen, SBE 43 [ml/l]
# name 5 = depSM: Depth [salt water, m], lat = 47.5
# name 6 = sal00: Salinity, Practical [PSU]
# name 7 = sigma-é00: Density [sigma-theta, kg/m^3]
# name 8 = flag: flag
# span 0 = 144.573935, 144.580990       
# span 1 =     -5.232,     44.204       
# span 2 =   0.047185,  35.394645       
# span 3 =     8.9963,    11.5707       
# span 4 =    -1.8854,    21.5919       
# span 5 =     -5.188,     43.830       
# span 6 =     0.0320,    32.8976       
# span 7 =    -0.4048,    25.4734       
# span 8 = 0.0000e+00, 0.0000e+00       
# interval = seconds: 0.5
# start_time = May 23 2012 13:46:28 [Instrument's time stamp, header]
# bad_flag = -9.990e-29
*END*
[from data line 1121]
 144.580422     26.940  35.334258     9.6411     7.2627     26.713    32.5046    25.0633 0.0000e+00
 144.580428     26.657  35.339049     9.6441     7.2616     26.433    32.5069    25.0646 0.0000e+00
 144.580434     26.384  35.342243     9.6460     7.2752     26.162    32.5086    25.0656 0.0000e+00
 144.580440     26.106  35.341964     9.6473     7.2895     25.886    32.5073    25.0643 0.0000e+00
 144.580446     25.820  35.341789     9.6490     7.3025     25.603    32.5057    25.0628 0.0000e+00
 144.580451     25.520  35.343197     9.6516     7.3241     25.305    32.5049    25.0618 0.0000e+00
 144.580457     25.195  35.344171     9.6553     7.3732     24.983    32.5027    25.0594 0.0000e+00
 144.580463     24.842  35.345478     9.6597     7.3686     24.633    32.5002    25.0568 0.0000e+00
 144.580469     24.468  35.347769     9.6640     7.3548     24.262    32.4988    25.0550 0.0000e+00
 144.580475     24.088  35.350206     9.6677     7.3351     23.886    32.4981    25.0539 0.0000e+00
 144.580480     23.721  35.352148     9.6705     7.3118     23.522    32.4977    25.0531 0.0000e+00
 144.580486     23.377  35.353976     9.6730     7.3193     23.181    32.4975    25.0525 0.0000e+00
 144.580492     23.057  35.355916     9.6749     7.3283     22.863    32.4979    25.0525 0.0000e+00
 144.580498     22.747  35.357221     9.6757     7.3304     22.556    32.4986    25.0529 0.0000e+00
 144.580503     22.426  35.357421     9.6758     7.3287     22.238    32.4989    25.0531 0.0000e+00
 144.580509     22.075  35.356809     9.6760     7.3283     21.890    32.4982    25.0526 0.0000e+00
 144.580515     21.704  35.356276     9.6766     7.3488     21.522    32.4973    25.0517 0.0000e+00
 144.580521     21.330  35.356262     9.6774     7.3730     21.151    32.4967    25.0512 0.0000e+00
 144.580527     20.965  35.356218     9.6779     7.4207     20.789    32.4964    25.0508 0.0000e+00
 144.580532     20.603  35.355555     9.6776     7.4877     20.430    32.4962    25.0507 0.0000e+00
 144.580538     20.233  35.353978     9.6772     7.5579     20.063    32.4951    25.0499 0.0000e+00
 144.580544     19.854  35.350534     9.6775     7.6353     19.687    32.4915    25.0470 0.0000e+00
 144.580550     19.470  35.342902     9.6792     7.6816     19.307    32.4823    25.0395 0.0000e+00
 144.580556     19.097  35.328218     9.6835     7.6962     18.937    32.4636    25.0242 0.0000e+00
 144.580561     18.749  35.303181     9.6917     7.7098     18.592    32.4308    24.9973 0.0000e+00
 144.580567     18.434  35.271978     9.7028     7.7025     18.279    32.3891    24.9629 0.0000e+00
 144.580573     18.148  35.247381     9.7132     7.7013     17.996    32.3547    24.9344 0.0000e+00
 144.580579     17.879  35.234720     9.7198     7.6978     17.729    32.3360    24.9187 0.0000e+00
 144.580584     17.609  35.230030     9.7228     7.6947     17.461    32.3287    24.9125 0.0000e+00
 144.580590     17.320  35.228207     9.7240     7.6948     17.175    32.3259    24.9101 0.0000e+00
 144.580596     17.000  35.226850     9.7255     7.6870     16.857    32.3233    24.9078 0.0000e+00
 144.580602     16.648  35.225857     9.7284     7.6966     16.508    32.3198    24.9046 0.0000e+00
 144.580608     16.285  35.225054     9.7319     7.7051     16.148    32.3160    24.9011 0.0000e+00
 144.580613     15.936  35.224522     9.7350     7.7174     15.802    32.3128    24.8981 0.0000e+00
 144.580619     15.612  35.224141     9.7383     7.7591     15.481    32.3096    24.8950 0.0000e+00
 144.580625     15.310  35.223994     9.7421     7.7586     15.182    32.3062    24.8917 0.0000e+00
 144.580631     15.014  35.223915     9.7462     7.7575     14.888    32.3025    24.8882 0.0000e+00
 144.580637     14.712  35.223267     9.7506     7.7589     14.589    32.2981    24.8840 0.0000e+00
 144.580642     14.395  35.222334     9.7560     7.7653     14.274    32.2924    24.8787 0.0000e+00
 144.580648     14.065  35.221582     9.7623     7.7728     13.947    32.2861    24.8728 0.0000e+00
 144.580654     13.732  35.221159     9.7680     7.7836     13.617    32.2807    24.8676 0.0000e+00
 144.580660     13.403  35.221092     9.7720     7.7857     13.291    32.2772    24.8642 0.0000e+00
 144.580666     13.076  35.220760     9.7743     7.7796     12.966    32.2750    24.8621 0.0000e+00
 144.580671     12.739  35.219750     9.7758     7.7763     12.632    32.2727    24.8601 0.0000e+00
 144.580677     12.390  35.218426     9.7776     7.7479     12.286    32.2699    24.8576 0.0000e+00
 144.580683     12.042  35.216732     9.7797     7.7530     11.941    32.2665    24.8546 0.0000e+00
 144.580689     11.699  35.214120     9.7815     7.7684     11.601    32.2624    24.8510 0.0000e+00
 144.580694     11.360  35.209939     9.7833     7.7749     11.265    32.2566    24.8463 0.0000e+00
 144.580700     11.034  35.203686     9.7850     7.7894     10.942    32.2489    24.8399 0.0000e+00
 144.580706     10.725  35.196017     9.7861     7.8539     10.635    32.2402    24.8330 0.0000e+00
 144.580712     10.428  35.187939     9.7877     7.8857     10.341    32.2307    24.8253 0.0000e+00
 144.580718     10.135  35.177675     9.7906     7.8458     10.050    32.2178    24.8147 0.0000e+00
 144.580723      9.850  35.161652     9.7952     7.7908      9.768    32.1975    24.7982 0.0000e+00
 144.580729      9.580  35.135903     9.7998     7.6681      9.500    32.1673    24.7738 0.0000e+00
 144.580735      9.325  35.114307     9.8020     7.5554      9.247    32.1435    24.7549 0.0000e+00
 144.580741      9.069  35.110674     9.8029     7.4904      8.993    32.1391    24.7513 0.0000e+00
 144.580747      8.786  35.103944     9.8040     7.4872      8.712    32.1314    24.7451 0.0000e+00
 144.580752      8.461  35.073966     9.8027     7.5347      8.390    32.1023    24.7226 0.0000e+00
 144.580758      8.087  35.004886     9.7987     7.6077      8.019    32.0358    24.6713 0.0000e+00
 144.580764      7.681  34.884178     9.8045     7.6619      7.617    31.9082    24.5708 0.0000e+00
 144.580770      7.273  34.756525     9.8288     7.7386      7.212    31.7573    24.4491 0.0000e+00
 144.580775      6.891  34.678075     9.8636     7.8066      6.833    31.6474    24.3576 0.0000e+00
 144.580781      6.554  34.643416     9.8992     7.8520      6.499    31.5812    24.3002 0.0000e+00
 144.580787      6.262  34.629898     9.9265     7.8892      6.210    31.5438    24.2665 0.0000e+00
 144.580793      5.998  34.626813     9.9423     7.9259      5.948    31.5270    24.2509 0.0000e+00
 144.580799      5.739  34.626161     9.9530     7.9682      5.691    31.5171    24.2414 0.0000e+00
 144.580804      5.477  34.626543     9.9625     8.0227      5.431    31.5093    24.2338 0.0000e+00
 144.580810      5.215  34.627376     9.9719     8.0988      5.171    31.5021    24.2266 0.0000e+00
 144.580816      4.955  34.629242     9.9830     8.1566      4.914    31.4944    24.2187 0.0000e+00
 144.580822      4.703  34.632418     9.9938     8.2082      4.664    31.4883    24.2122 0.0000e+00
 144.580828      4.456  34.634446    10.0013     8.2588      4.419    31.4839    24.2076 0.0000e+00
 144.580833      4.206  34.634698    10.0073     8.3391      4.171    31.4790    24.2028 0.0000e+00
 144.580839      3.947  34.635219    10.0161     8.4263      3.914    31.4720    24.1959 0.0000e+00
 144.580845      3.679  34.637294    10.0311     8.4882      3.648    31.4611    24.1849 0.0000e+00
 144.580851      3.414  34.643157    10.0548     8.5222      3.385    31.4466    24.1697 0.0000e+00
 144.580856      3.167  34.656735    10.0840     8.5343      3.141    31.4350    24.1558 0.0000e+00
 144.580862      2.937  34.673194    10.1089     8.5292      2.912    31.4300    24.1479 0.0000e+00
 144.580868      2.716  34.682020    10.1290     8.5155      2.693    31.4215    24.1379 0.0000e+00
 144.580874      2.489  34.686613    10.1519     8.4681      2.468    31.4064    24.1223 0.0000e+00
 144.580880      2.250  34.695366    10.1766     8.3705      2.231    31.3939    24.1085 0.0000e+00
 144.580885      2.010  34.706536    10.1964     8.2622      1.993    31.3880    24.1007 0.0000e+00
 144.580891      1.783  34.717684    10.2108     9.5358      1.768    31.3869    24.0974 0.0000e+00
 144.580897      1.577  34.729143    10.2221     9.4301      1.564    31.3887    24.0969 0.0000e+00
 144.580903      1.390  34.737176    10.2300     8.9622      1.378    31.3900    24.0966 0.0000e+00
 144.580909      1.220  34.737021    10.2312     8.5450      1.210    31.3888    24.0955 0.0000e+00
 144.580914      1.069  34.726806    10.2221     7.9473      1.060    31.3865    24.0952 0.0000e+00
 144.580920      0.944  34.698151    10.2049     7.4797      0.936    31.3727    24.0873 -9.990e-29
 144.580926      0.851  34.620702    10.1848     7.2417      0.844    31.3124    24.0436 -9.990e-29
 144.580932      0.782  34.400904    10.1668     7.1429      0.775    31.1074    23.8868 -9.990e-29
 144.580938      0.726  33.750171    10.1537 -9.990e-29      0.720    30.4665    23.3894 -9.990e-29
 144.580943      0.675  31.801975    10.1451 -9.990e-29      0.669    28.5322    21.8840 -9.990e-29
 144.580949      0.629  25.962079    10.1388 -9.990e-29      0.624    22.8198    17.4409 -9.990e-29
 144.580955      0.594  16.986142    10.1319 -9.990e-29      0.589    14.3587    10.8702 -9.990e-29
 144.580961      0.572  10.557909    10.1223 -9.990e-29      0.567     8.5824     6.3856 -9.990e-29
 144.580966      0.558   7.551335    10.1085 -9.990e-29      0.553     5.9864     4.3686 -9.990e-29
 144.580972      0.546   5.389223    10.0906 -9.990e-29      0.541     4.1738     2.9589 -9.990e-29
 144.580978      0.536   3.939235    10.0726 -9.990e-29      0.532     2.9900     2.0375 -9.990e-29
 144.580984      0.527   3.276450    10.0644 -9.990e-29      0.523     2.4591     1.6237 -9.990e-29
 144.580990      0.523   2.982711 -9.990e-29 -9.990e-29      0.519 -9.990e-29 -9.990e-29 -9.990e-29
