data/oxygen options/ONMS/Olympic_Coast_National_Marine_Sanctuary_CTD_Data_2005_2023/raw_data/2012/CAST_CA042_120718faed.cnv
* Sea-Bird SBE19 Data File:
* FileName = C:\Documents and Settings\OCNMS\Desktop\2012 mooring data\1st service\CAST_CA042_071812.hex
* Software Version 1.25
* Temperature SN = 2997
* Conductivity SN = 2997
* System UpLoad Time = Jul 18 2012 19:50:00
** CAST_CA042_071812
* SEACAT PROFILER V3.1c SN 2997   07/18/12  19:49:12.074
# nquan = 9                                 
# nvalues = 1115                        
# units = specified
# name 0 = timeJ: Julian Days
# name 1 = prSM: Pressure, Strain Gauge [db]
# name 2 = c0mS/cm: Conductivity [mS/cm]
# name 3 = t090C: Temperature [ITS-90, deg C]
# name 4 = sbeox0ML/L: Oxygen, SBE 43 [ml/l]
# name 5 = depSM: Depth [salt water, m], lat = 47.5
# name 6 = sal00: Salinity, Practical [PSU]
# name 7 = sigma-é00: Density [sigma-theta, kg/m^3]
# name 8 = flag: flag
# span 0 = 200.750949, 200.757396       
# span 1 =     -6.006,     42.827       
# span 2 =   0.277736,  37.219493       
# span 3 =     7.5532,    14.8964       
# span 4 =    -1.7629,    17.5483       
# span 5 =     -5.956,     42.465       
# span 6 =     0.1666,    33.2813       
# span 7 =    -0.7366,    25.9881       
# span 8 = 0.0000e+00, 0.0000e+00       
# interval = seconds: 0.5
# start_time = Jul 18 2012 18:01:22 [Instrument's time stamp, header]
# bad_flag = -9.990e-29
*END*
[from data line 481]
 200.753733      0.381  36.821691    12.7357    -1.4972      0.378    31.2967    23.5766 -9.990e-29
 200.753738      0.393  36.812356    12.6620    -1.4992      0.390    31.3491    23.6312 -9.990e-29
 200.753744      0.406  36.845506    12.6535    -1.4997      0.403    31.3876    23.6626 -9.990e-29
 200.753750      0.415  36.890209    12.6919    -1.5010      0.412    31.3979    23.6633 -9.990e-29
 200.753756      0.414  36.876665    12.7396    -1.5015      0.411    31.3454    23.6135 -9.990e-29
 200.753762      0.401  36.811545    12.7785    -1.5023      0.398    31.2517    23.5335 -9.990e-29
 200.753767      0.385  36.758141    12.7978    -1.5024      0.382    31.1854    23.4785 -9.990e-29
 200.753773      0.374  36.756058    12.7917    -1.5033      0.371    31.1884    23.4820 -9.990e-29
 200.753779      0.370  36.808639    12.7737    -1.5051      0.367    31.2529    23.5354 -9.990e-29
 200.753785      0.369  36.882929    12.7612    -1.5079      0.366    31.3334    23.6001 -9.990e-29
 200.753791      0.368  36.911053    12.7441    -1.5063      0.365    31.3742    23.6349 -9.990e-29
 200.753796      0.365  36.852085    12.7067    -1.5050      0.362    31.3496    23.6230 -9.990e-29
 200.753802      0.361  36.773606    12.6542    -1.5062      0.358    31.3189    23.6093 -9.990e-29
 200.753808      0.359  36.756952    12.6100    -1.5072      0.356    31.3399    23.6339 -9.990e-29
 200.753814      0.365  36.795039    12.5915    -1.5070      0.362    31.3914    23.6774 -9.990e-29
 200.753819      0.373  36.826051    12.5853    -1.5060      0.370    31.4260    23.7053 -9.990e-29
 200.753825      0.381  36.802268    12.5598    -1.5070      0.378    31.4247    23.7092 -9.990e-29
 200.753831      0.388  36.743514    12.4963    -1.5085      0.385    31.4220    23.7190 -9.990e-29
 200.753837      0.395  36.704214    12.4216    -1.5095      0.392    31.4470    23.7526 -9.990e-29
 200.753843      0.403  36.726635    12.3895    -1.5097      0.400    31.4953    23.7960 -9.990e-29
 200.753848      0.412  36.814335    12.4079    -1.5079      0.409    31.5635    23.8454 -9.990e-29
 200.753854      0.418  36.893218    12.4377    -1.5063      0.415    31.6136    23.8786 -9.990e-29
 200.753860      0.418  36.867918    12.4482    -1.5056      0.415    31.5806    23.8511 -9.990e-29
 200.753866      0.416  36.757928    12.4404    -1.5049      0.413    31.4824    23.7765 -9.990e-29
 200.753872      0.415  36.682684    12.4310    -1.5066      0.412    31.4187    23.7288 -9.990e-29
 200.753877      0.416  36.690866    12.4263    13.3443      0.413    31.4304    23.7388 -9.990e-29
 200.753883      0.420  36.707121    12.4181    17.4035      0.416    31.4527    23.7577 -9.990e-29
 200.753889      0.425  36.661818    12.3991    17.5483      0.421    31.4255    23.7401 -9.990e-29
 200.753895      0.433  36.592583    12.3810    14.3231      0.429    31.3746    23.7041 -9.990e-29
 200.753900      0.444  36.578507    12.3791     7.6121      0.440    31.3628    23.6953 -9.990e-29
 200.753906      0.454  36.640592    12.3878     7.8283      0.450    31.4147    23.7339 -9.990e-29
 200.753912      0.455  36.741745    12.4000     8.1733      0.451    31.5009    23.7984 -9.990e-29
 200.753918      0.449  36.835913    12.4177     8.2752      0.445    31.5758    23.8531 -9.990e-29
 200.753924      0.442  36.886214    12.4411     8.2393      0.438    31.6040    23.8705 -9.990e-29
 200.753929      0.438  36.860013    12.4689     8.1610      0.434    31.5557    23.8279 -9.990e-29
 200.753935      0.438  36.769996    12.4986     8.0522      0.434    31.4452    23.7366 -9.990e-29
 200.753941      0.441  36.691083    12.5258     7.9691      0.437    31.3475    23.6558 -9.990e-29
 200.753947      0.448  36.658101    12.5449     7.9205      0.444    31.3003    23.6156 -9.990e-29
 200.753953      0.454  36.642769    12.5524     7.9015      0.450    31.2795    23.5981 -9.990e-29
 200.753958      0.452  36.632493    12.5522     7.9128      0.448    31.2699    23.5907 -9.990e-29
 200.753964      0.441  36.632062    12.5537     7.9060      0.437    31.2682    23.5891 -9.990e-29
 200.753970      0.429  36.638665    12.5627     7.9075      0.425    31.2670    23.5865 -9.990e-29
 200.753976      0.420  36.648227    12.5776     7.8887      0.416    31.2637    23.5811 -9.990e-29
 200.753981      0.413  36.661174    12.5945     7.8723      0.410    31.2620    23.5765 -9.990e-29
 200.753987      0.408  36.672371    12.6082     7.8511      0.405    31.2612    23.5734 -9.990e-29
 200.753993      0.405  36.678266    12.6150     7.8470      0.402    31.2612    23.5720 -9.990e-29
 200.753999      0.402  36.683366    12.6168     7.8560      0.399    31.2645    23.5743 -9.990e-29
 200.754005      0.400  36.690557    12.6186     7.8663      0.397    31.2698    23.5780 -9.990e-29
 200.754010      0.400  36.703828    12.6272     7.8588      0.397    31.2753    23.5806 -9.990e-29
 200.754016      0.400  36.723514    12.6443     7.8227      0.397    31.2797    23.5808 -9.990e-29
 200.754022      0.402  36.740577    12.6602     7.8338      0.399    31.2827    23.5801 -9.990e-29
 200.754028      0.404  36.748082    12.6634     7.8800      0.401    31.2871    23.5829 -9.990e-29
 200.754034      0.407  36.745403    12.6563     7.9313      0.404    31.2905    23.5869 -9.990e-29
 200.754039      0.412  36.739617    12.6523     7.9627      0.409    31.2883    23.5859 -9.990e-29
 200.754045      0.418  36.739817    12.6585     7.9426      0.415    31.2833    23.5809 -9.990e-29
 200.754051      0.427  36.740669    12.6676     7.9087      0.423    31.2766    23.5740 -9.990e-29
 200.754057      0.433  36.727625    12.6696     7.8858      0.429    31.2626    23.5627 -9.990e-29
 200.754063      0.434  36.705143    12.6676     7.8751      0.430    31.2430    23.5479 -9.990e-29
 200.754068      0.434  36.698148    12.6697     7.8611      0.430    31.2346    23.5411 -9.990e-29
 200.754074      0.433  36.711319    12.6744     7.8458      0.429    31.2432    23.5468 -9.990e-29
 200.754080      0.426  36.726371    12.6775     7.8358      0.422    31.2549    23.5553 -9.990e-29
 200.754086      0.422  36.734811    12.6779     7.8297      0.418    31.2625    23.5611 -9.990e-29
 200.754091      0.429  36.740053    12.6755     7.8183      0.425    31.2695    23.5669 -9.990e-29
 200.754097      0.443  36.744610    12.6726     7.8034      0.439    31.2762    23.5727 -9.990e-29
 200.754103      0.460  36.752882    12.6727     7.8039      0.456    31.2839    23.5787 -9.990e-29
 200.754109      0.477  36.761335    12.6765     7.8276      0.473    31.2887    23.5817 -9.990e-29
 200.754115      0.488  36.761638    12.6835     7.8691      0.484    31.2832    23.5761 -9.990e-29
 200.754120      0.492  36.762599    12.6930     7.9077      0.488    31.2763    23.5689 -9.990e-29
 200.754126      0.499  36.771107    12.7043     7.9441      0.495    31.2749    23.5657 -9.990e-29
 200.754132      0.509  36.782827    12.7154     7.9638      0.505    31.2768    23.5650 -9.990e-29
 200.754138      0.514  36.787622    12.7219     7.9212      0.510    31.2759    23.5631 -9.990e-29
 200.754144      0.514  36.780687    12.7207     7.8729      0.510    31.2704    23.5590 -9.990e-29
 200.754149      0.518  36.774066    12.7160     7.8406      0.514    31.2680    23.5581 -9.990e-29
 200.754155      0.526  36.777981    12.7155     7.8484      0.522    31.2721    23.5614 -9.990e-29
 200.754161      0.530  36.792055    12.7251     7.8880      0.526    31.2775    23.5637 -9.990e-29
 200.754167      0.530  36.822171    12.7544     7.9317      0.526    31.2816    23.5613 -9.990e-29
 200.754172      0.532  36.882718    12.8050     7.8996      0.528    31.2969    23.5634 -9.990e-29
 200.754178      0.529  36.946879    12.8510     7.8821      0.525    31.3193    23.5719 -9.990e-29
 200.754184      0.523  36.957925    12.8636     7.8738      0.519    31.3192    23.5695 -9.990e-29
 200.754190      0.517  36.921079    12.8451     7.8648      0.513    31.2998    23.5580 -9.990e-29
 200.754196      0.510  36.889176    12.8234     7.8744      0.506    31.2877    23.5528 -9.990e-29
 200.754201      0.508  36.888585    12.8186     7.8750      0.504    31.2911    23.5564 -9.990e-29
 200.754207      0.508  36.906752    12.8212     7.8957      0.504    31.3061    23.5675 -9.990e-29
 200.754213      0.508  36.911319    12.8136     7.8982      0.504    31.3167    23.5771 -9.990e-29
 200.754219      0.508  36.892136    12.8009     7.8843      0.504    31.3092    23.5737 -9.990e-29
 200.754225      0.506  36.875164    12.8039     7.8990      0.502    31.2907    23.5588 -9.990e-29
 200.754230      0.508  36.880910    12.8255     7.8927      0.504    31.2782    23.5450 -9.990e-29
 200.754236      0.517  36.899668    12.8467     7.8991      0.513    31.2783    23.5411 -9.990e-29
 200.754242      0.531  36.911640    12.8526     7.9254      0.527    31.2847    23.5449 -9.990e-29
 200.754248      0.541  36.910392    12.8461     7.9238      0.536    31.2889    23.5494 -9.990e-29
 200.754253      0.543  36.902668    12.8393     7.9421      0.538    31.2873    23.5494 -9.990e-29
 200.754259      0.539  36.895538    12.8343     7.9639      0.535    31.2847    23.5484 -9.990e-29
 200.754265      0.531  36.883979    12.8244     8.0242      0.527    31.2820    23.5482 -9.990e-29
 200.754271      0.529  36.865465    12.8059     8.0595      0.525    31.2798    23.5501 -9.990e-29
 200.754277      0.531  36.837721    12.7856     8.1055      0.527    31.2705    23.5467 -9.990e-29
 200.754282      0.534  36.783362    12.7652     8.1216      0.530    31.2361    23.5240 -9.990e-29
 200.754288      0.538  36.721212    12.7238     8.0897      0.534    31.2116    23.5129 -9.990e-29
 200.754294      0.543  36.672592    12.6455     8.0247      0.538    31.2304    23.5424 -9.990e-29
 200.754300      0.553  36.613010    12.5517     7.8998      0.548    31.2518    23.5768 -9.990e-29
 200.754306      0.570  36.564406    12.4851     7.8139      0.565    31.2610    23.5965 -9.990e-29
 200.754311      0.586  36.558864    12.4597     7.7589      0.581    31.2768    23.6135 -9.990e-29
 200.754317      0.597  36.563213    12.4560     7.7531      0.592    31.2840    23.6198 -9.990e-29
 200.754323      0.605  36.554117    12.4491     7.7825      0.600    31.2811    23.6189 -9.990e-29
 200.754329      0.609  36.534013    12.4185     7.8276      0.604    31.2875    23.6295 -9.990e-29
 200.754334      0.611  36.492344    12.3710     7.9044      0.606    31.2874    23.6384 -9.990e-29
 200.754340      0.610  36.440771    12.3386     7.9735      0.605    31.2652    23.6273 -9.990e-29
 200.754346      0.606  36.416389    12.3403     8.0313      0.601    31.2406    23.6079 -9.990e-29
 200.754352      0.599  36.427570    12.3669     8.0818      0.594    31.2291    23.5940 -9.990e-29
 200.754358      0.588  36.452813    12.3952     8.0876      0.583    31.2296    23.5891 -9.990e-29
 200.754363      0.573  36.479288    12.4154     8.0775      0.568    31.2380    23.5918 -9.990e-29
 200.754369      0.557  36.515419    12.4377     8.0719      0.552    31.2538    23.5999 -9.990e-29
 200.754375      0.548  36.563460    12.4663     8.0550      0.543    31.2757    23.6114 -9.990e-29
 200.754381      0.549  36.603454    12.4877     8.0377      0.544    31.2959    23.6231 -9.990e-29
 200.754387      0.556  36.614795    12.4955     8.0123      0.551    31.3002    23.6249 -9.990e-29
 200.754392      0.562  36.609812    12.5023     7.9919      0.557    31.2898    23.6156 -9.990e-29
 200.754398      0.561  36.613237    12.5157     7.9890      0.556    31.2819    23.6069 -9.990e-29
 200.754404      0.554  36.625716    12.5339     8.0018      0.549    31.2786    23.6009 -9.990e-29
 200.754410      0.545  36.640366    12.5559     8.0285      0.540    31.2743    23.5934 -9.990e-29
 200.754416      0.542  36.657122    12.5773     8.0181      0.537    31.2724    23.5879 -9.990e-29
 200.754421      0.549  36.668085    12.5912     7.9999      0.544    31.2712    23.5843 -9.990e-29
 200.754427      0.561  36.668833    12.5997     7.9762      0.556    31.2649    23.5778 -9.990e-29
 200.754433      0.573  36.676056    12.6097     7.9661      0.568    31.2634    23.5748 -9.990e-29
 200.754439      0.578  36.699389    12.6237     7.9799      0.573    31.2739    23.5802 -9.990e-29
 200.754444      0.579  36.728495    12.6390     7.9925      0.574    31.2888    23.5888 -9.990e-29
 200.754450      0.576  36.750655    12.6500     7.9961      0.571    31.3006    23.5959 -9.990e-29
 200.754456      0.567  36.761815    12.6519     7.9958      0.562    31.3096    23.6025 -9.990e-29
 200.754462      0.557  36.756697    12.6467     8.0000      0.552    31.3091    23.6031 -9.990e-29
 200.754468      0.553  36.738010    12.6409     8.0013      0.548    31.2962    23.5942 -9.990e-29
 200.754473      0.560  36.725095    12.6370     7.9989      0.555    31.2872    23.5880 -9.990e-29
 200.754479      0.574  36.719225    12.6352     7.9810      0.569    31.2831    23.5852 -9.990e-29
 200.754485      0.587  36.712578    12.6371     7.9560      0.582    31.2753    23.5787 -9.990e-29
 200.754491      0.595  36.713659    12.6455     7.9246      0.590    31.2693    23.5725 -9.990e-29
 200.754497      0.600  36.728957    12.6616     7.9160      0.595    31.2704    23.5703 -9.990e-29
 200.754502      0.602  36.755350    12.6837     7.8960      0.597    31.2771    23.5713 -9.990e-29
 200.754508      0.604  36.786588    12.7094     7.8859      0.599    31.2853    23.5727 -9.990e-29
 200.754514      0.611  36.815598    12.7309     7.8679      0.606    31.2949    23.5761 -9.990e-29
 200.754520      0.620  36.839057    12.7439     7.8752      0.615    31.3063    23.5824 -9.990e-29
 200.754525      0.627  36.855207    12.7564     7.9007      0.622    31.3111    23.5838 -9.990e-29
 200.754531      0.632  36.864306    12.7757     7.9231      0.627    31.3037    23.5743 -9.990e-29
 200.754537      0.636  36.875695    12.7983     7.9153      0.631    31.2958    23.5638 -9.990e-29
 200.754543      0.638  36.889440    12.8126     7.8991      0.633    31.2969    23.5620 -9.990e-29
 200.754549      0.640  36.893071    12.8147     7.8753      0.635    31.2986    23.5629 -9.990e-29
 200.754554      0.640  36.888641    12.8150     7.8831      0.635    31.2941    23.5594 -9.990e-29
 200.754560      0.640  36.886496    12.8227     7.8949      0.635    31.2857    23.5514 -9.990e-29
 200.754566      0.638  36.892186    12.8363     7.9130      0.633    31.2798    23.5442 -9.990e-29
 200.754572      0.636  36.903218    12.8470     7.9432      0.631    31.2814    23.5434 -9.990e-29
 200.754578      0.632  36.907425    12.8478     7.9418      0.627    31.2847    23.5458 -9.990e-29
 200.754583      0.627  36.900341    12.8426     7.9431      0.622    31.2823    23.5449 -9.990e-29
 200.754589      0.620  36.891017    12.8396     7.9198      0.615    31.2760    23.5406 -9.990e-29
 200.754595      0.611  36.888872    12.8389     7.8876      0.606    31.2746    23.5396 -9.990e-29
 200.754601      0.603  36.890491    12.8375     7.8757      0.598    31.2773    23.5420 -9.990e-29
 200.754606      0.601  36.890198    12.8400     7.8404      0.596    31.2749    23.5397 -9.990e-29
 200.754612      0.604  36.897132    12.8496     7.8767      0.599    31.2735    23.5368 -9.990e-29
 200.754618      0.612  36.911022    12.8580     7.8876      0.607    31.2796    23.5399 -9.990e-29
 200.754624      0.621  36.918465    12.8601     7.9079      0.616    31.2849    23.5436 -9.990e-29
 200.754630      0.629  36.920993    12.8620     7.9111      0.624    31.2857    23.5438 -9.990e-29
 200.754635      0.634  36.924225    12.8679     7.8904      0.629    31.2839    23.5413 -9.990e-29
 200.754641      0.639  36.928557    12.8753     7.9180      0.634    31.2818    23.5383 -9.990e-29
 200.754647      0.643  36.932489    12.8800     7.9132      0.638    31.2817    23.5372 -9.990e-29
