data/oxygen options/ONMS/Olympic_Coast_National_Marine_Sanctuary_CTD_Data_2005_2023/raw_data/2012/CAST_KL027_120906faedb.cnv
* Sea-Bird SBE19 Data File:
* FileName = C:\Documents and Settings\OCNMS\Desktop\2012 mooring data\Hypoxia Sampling\CAST_KL027_120906.hex
* Software Version 1.25
* Temperature SN = 2997
* Conductivity SN = 2997
* System UpLoad Time = Sep 06 2012 15:35:21
** CAST_KL027_120906
* SEACAT PROFILER V3.1c SN 2997   09/06/12  15:34:17.952
# nquan = 9
# nvalues = 28                          
# units = specified
# name 0 = timeJ: Julian Days
# name 1 = prSM: Pressure, Strain Gauge [db]
# name 2 = c0mS/cm: Conductivity [mS/cm]
# name 3 = t090C: Temperature [ITS-90, deg C]
# name 4 = sbeox0ML/L: Oxygen, SBE 43 [ml/l]
# name 5 = depSM: Depth [salt water, m], lat = 47.5
# name 6 = sal00: Salinity, Practical [PSU]
# name 7 = sigma-é00: Density [sigma-theta, kg/m^3]
# name 8 = flag: flag
# span 0 = 250.641913, 250.642604       
# span 1 =      2.000,     29.000       
# span 2 =  34.733706,  39.311441       
# span 3 =     7.8187,    13.9037       
# span 4 =     1.0896,     7.1696       
# span 5 =      1.983,     28.756       
# span 6 =    32.5266,    33.5760       
# span 7 =    24.3875,    26.1824       
# span 8 = 0.0000e+00, 0.0000e+00       
# interval = decibars: 1                
# start_time = Sep 06 2012 15:17:49 [Instrument's time stamp, header]
# bad_flag = -9.990e-29
*END*
 250.641913      2.000  39.311441    13.9037     7.1195      1.983    32.6442    24.3875 0.0000e+00
 250.641939      3.000  38.501978    13.1154     7.1696      2.975    32.5608    24.4814 0.0000e+00
 250.641963      4.000  38.345143    12.9823     7.1369      3.967    32.5266    24.4809 0.0000e+00
 250.641997      5.000  38.317834    12.8996     6.9947      4.958    32.5715    24.5319 0.0000e+00
 250.642031      6.000  38.240904    12.8073     6.6453      5.950    32.5777    24.5548 0.0000e+00
 250.642062      7.000  38.117949    12.6738     6.2943      6.942    32.5758    24.5791 0.0000e+00
 250.642089      8.000  37.928974    12.4975     6.2610      7.933    32.5477    24.5913 0.0000e+00
 250.642114      9.000  37.860889    12.4160     6.2172      8.924    32.5528    24.6109 0.0000e+00
 250.642139     10.000  37.828529    12.3762     5.5490      9.917    32.5560    24.6209 0.0000e+00
 250.642163     11.000  37.716447    12.1203     4.9676     10.908    32.6709    24.7583 0.0000e+00
 250.642184     12.000  37.232921    11.5670     4.3648     11.899    32.6870    24.8732 0.0000e+00
 250.642204     13.000  37.133855    11.3357     3.2032     12.891    32.7949    24.9989 0.0000e+00
 250.642225     14.000  36.324435    10.0881     2.6025     13.883    33.1116    25.4625 0.0000e+00
 250.642244     15.000  35.835573     9.4194     2.1556     14.874    33.2278    25.6638 0.0000e+00
 250.642263     16.000  35.589580     9.0996     1.6526     15.866    33.2707    25.7487 0.0000e+00
 250.642281     17.000  35.384487     8.6632     1.3434     16.857    33.4663    25.9699 0.0000e+00
 250.642299     18.000  35.032954     8.1641     1.3484     17.849    33.5690    26.1261 0.0000e+00
 250.642315     19.000  34.870232     7.9924     1.4466     18.841    33.5596    26.1440 0.0000e+00
 250.642332     20.000  34.902958     8.0176     1.4231     19.832    33.5699    26.1484 0.0000e+00
 250.642353     21.000  34.872584     8.0049     1.3609     20.824    33.5491    26.1341 0.0000e+00
 250.642374     22.000  34.826845     7.9336     1.3070     21.815    33.5682    26.1594 0.0000e+00
 250.642393     23.000  34.794100     7.9026     1.2585     22.807    33.5624    26.1594 0.0000e+00
 250.642412     24.000  34.780182     7.8826     1.2335     23.798    33.5662    26.1654 0.0000e+00
 250.642433     25.000  34.780643     7.8823     1.1989     24.790    33.5666    26.1657 0.0000e+00
 250.642455     26.000  34.758443     7.8567     1.1698     25.781    33.5669    26.1697 0.0000e+00
 250.642477     27.000  34.744046     7.8312     1.1227     26.773    33.5755    26.1801 0.0000e+00
 250.642499     28.000  34.733706     7.8187     1.1020     27.764    33.5760    26.1824 0.0000e+00
 250.642604     29.000  34.757074     7.8485     1.0896     28.756    33.5719    26.1749 0.0000e+00
