data/oxygen options/ONMS/Olympic_Coast_National_Marine_Sanctuary_CTD_Data_2005_2023/raw_data/2012/CAST_MB042_120828faedb.cnv
* Sea-Bird SBE19 Data File:
* FileName = C:\Documents and Settings\OCNMS\Desktop\2012 mooring data\2nd service\CAST_MB042_122930.hex
* Software Version 1.25
* Temperature SN = 2997
* Conductivity SN = 2997
* System UpLoad Time = Aug 30 2012 08:54:37
** CAST_MB042_122930
* SEACAT PROFILER V3.1c SN 2997   08/30/12  08:53:21.351
# nquan = 9
# nvalues = 34                          
# units = specified
# name 0 = timeJ: Julian Days
# name 1 = prSM: Pressure, Strain Gauge [db]
# name 2 = c0mS/cm: Conductivity [mS/cm]
# name 3 = t090C: Temperature [ITS-90, deg C]
# name 4 = sbeox0ML/L: Oxygen, SBE 43 [ml/l]
# name 5 = depSM: Depth [salt water, m], lat = 47.5
# name 6 = sal00: Salinity, Practical [PSU]
# name 7 = sigma-é00: Density [sigma-theta, kg/m^3]
# name 8 = flag: flag
# span 0 = 242.406553, 242.407217       
# span 1 =      2.000,     35.000       
# span 2 =  34.635290,  37.314814       
# span 3 =     8.1340,    12.6104       
# span 4 =     3.7774,     6.5089       
# span 5 =      1.983,     34.705       
# span 6 =    31.8683,    33.1665       
# span 7 =    24.0431,    25.8149       
# span 8 = 0.0000e+00, 0.0000e+00       
# interval = decibars: 1                
# start_time = Aug 29 2012 09:39:09 [Instrument's time stamp, header]
# bad_flag = -9.990e-29
*END*
 242.406553      2.000  37.314814    12.6104     6.5089      1.983    31.8683    24.0431 0.0000e+00
 242.406576      3.000  37.193484    12.4407     6.3895      2.975    31.8963    24.0972 0.0000e+00
 242.406594      4.000  37.100058    12.2981     6.2940      3.967    31.9279    24.1486 0.0000e+00
 242.406612      5.000  36.991524    12.1424     5.9191      4.958    31.9563    24.1998 0.0000e+00
 242.406630      6.000  36.828064    11.8728     5.2836      5.950    32.0296    24.3065 0.0000e+00
 242.406648      7.000  36.458321    11.3095     4.9346      6.941    32.1570    24.5075 0.0000e+00
 242.406666      8.000  35.920215    10.6270     4.9614      7.933    32.2230    24.6785 0.0000e+00
 242.406685      9.000  35.652384    10.2850     5.1453      8.925    32.2576    24.7639 0.0000e+00
 242.406704     10.000  35.679815    10.2267     5.3145      9.916    32.3366    24.8352 0.0000e+00
 242.406723     11.000  35.815446    10.3326     5.2903     10.908    32.3781    24.8498 0.0000e+00
 242.406741     12.000  35.957251    10.3998     5.1327     11.899    32.4602    24.9024 0.0000e+00
 242.406759     13.000  35.936872    10.3171     4.9164     12.891    32.5132    24.9578 0.0000e+00
 242.406778     14.000  35.848036    10.1928     4.7737     13.883    32.5347    24.9955 0.0000e+00
 242.406796     15.000  35.702842     9.8865     4.7928     14.874    32.6634    25.1469 0.0000e+00
 242.406815     16.000  35.603451     9.7188     4.8014     15.866    32.7139    25.2140 0.0000e+00
 242.406834     17.000  35.532130     9.5801     4.7310     16.857    32.7670    25.2780 0.0000e+00
 242.406852     18.000  35.438105     9.4181     4.6640     17.849    32.8182    25.3441 0.0000e+00
 242.406869     19.000  35.352360     9.3425     4.5197     18.840    32.7988    25.3410 0.0000e+00
 242.406890     20.000  35.260551     9.1645     4.3561     19.832    32.8673    25.4229 0.0000e+00
 242.406910     21.000  35.080383     8.8938     4.2939     20.824    32.9299    25.5143 0.0000e+00
 242.406928     22.000  34.989856     8.7648     4.2956     21.815    32.9547    25.5536 0.0000e+00
 242.406947     23.000  34.969540     8.7269     4.2466     22.807    32.9683    25.5701 0.0000e+00
 242.406966     24.000  34.958418     8.6849     4.1799     23.798    32.9953    25.5978 0.0000e+00
 242.406987     25.000  34.923501     8.6078     4.1715     24.790    33.0302    25.6368 0.0000e+00
 242.407010     26.000  34.868657     8.5608     4.1861     25.781    33.0161    25.6330 0.0000e+00
 242.407077     27.000  34.856952     8.4879     4.0309     26.773    33.0716    25.6875 0.0000e+00
 242.407099     28.000  34.804974     8.4187     3.9822     27.765    33.0812    25.7055 0.0000e+00
 242.407115     29.000  34.777710     8.3712     3.9834     28.756    33.0966    25.7247 0.0000e+00
 242.407130     30.000  34.761287     8.3510     3.9557     29.748    33.0978    25.7287 0.0000e+00
 242.407146     31.000  34.752967     8.3330     3.9421     30.739    33.1054    25.7374 0.0000e+00
 242.407163     32.000  34.746441     8.3183     3.8872     31.730    33.1119    25.7446 0.0000e+00
 242.407180     33.000  34.731963     8.2788     3.7926     32.722    33.1334    25.7674 0.0000e+00
 242.407197     34.000  34.690442     8.2004     3.7774     33.713    33.1628    25.8022 0.0000e+00
 242.407217     35.000  34.635290     8.1340     3.8143     34.705    33.1665    25.8149 0.0000e+00
