data/oxygen options/ONMS/Olympic_Coast_National_Marine_Sanctuary_CTD_Data_2005_2023/raw_data/2012/CAST_CE042_12110faed.cnv
* Sea-Bird SBE19 Data File:
* FileName = C:\Documents and Settings\OCNMS\Desktop\2012 mooring data\RECOVERY\CAST_CE042_12110.hex
* Software Version 1.25
* Temperature SN = 2997
* Conductivity SN = 2997
* System UpLoad Time = Oct 10 2012 11:20:37
** CAST_CE042_12110
* SEACAT PROFILER V3.1c SN 2997   10/10/12  11:19:43.493
# nquan = 9                                 
# nvalues = 1284                        
# units = specified
# name 0 = timeJ: Julian Days
# name 1 = prSM: Pressure, Strain Gauge [db]
# name 2 = c0mS/cm: Conductivity [mS/cm]
# name 3 = t090C: Temperature [ITS-90, deg C]
# name 4 = sbeox0ML/L: Oxygen, SBE 43 [ml/l]
# name 5 = depSM: Depth [salt water, m], lat = 47.5
# name 6 = sal00: Salinity, Practical [PSU]
# name 7 = sigma-é00: Density [sigma-theta, kg/m^3]
# name 8 = flag: flag
# span 0 = 284.424618, 284.432043       
# span 1 =     -4.946,     44.976       
# span 2 =   0.105828,  36.877036       
# span 3 =     7.6021,    11.0186       
# span 4 =    -1.9223,    15.2020       
# span 5 =     -4.905,     44.596       
# span 6 =     0.0700,    33.6371       
# span 7 =    -0.2837,    26.2548       
# span 8 = 0.0000e+00, 0.0000e+00       
# interval = seconds: 0.5
# start_time = Oct 10 2012 10:11:27 [Instrument's time stamp, header]
# bad_flag = -9.990e-29
*END*
[from data line 161]
 284.425550     -1.676   1.404546    10.3790    -1.9127     -1.662     0.9977     0.4507 -9.990e-29
 284.425556     -1.654   1.405673    10.3785    -1.9127     -1.640     0.9985     0.4515 -9.990e-29
 284.425561     -1.629   1.405970    10.3783    -1.9126     -1.615     0.9988     0.4516 -9.990e-29
 284.425567     -1.608   1.406388    10.3778    -1.9128     -1.595     0.9991     0.4519 -9.990e-29
 284.425573     -1.594   1.406927    10.3770    -1.9128     -1.581     0.9995     0.4524 -9.990e-29
 284.425579     -1.581   1.405535    10.3764    -1.9127     -1.568     0.9985     0.4516 -9.990e-29
 284.425584     -1.566   1.404790    10.3759    -1.9127     -1.553     0.9979     0.4512 -9.990e-29
 284.425590     -1.550   1.404250    10.3757    -1.9131     -1.537     0.9975     0.4509 -9.990e-29
 284.425596     -1.537   1.402640    10.3761    -1.9128     -1.524     0.9963     0.4500 -9.990e-29
 284.425602     -1.526   1.401138    10.3770    -1.9126     -1.513     0.9952     0.4490 -9.990e-29
 284.425608     -1.517   1.400511    10.3779    -1.9130     -1.504     0.9947     0.4485 -9.990e-29
 284.425613     -1.510   1.402693    10.3782    -1.9126     -1.497     0.9963     0.4497 -9.990e-29
 284.425619     -1.503   1.405052    10.3778    -1.9125     -1.490     0.9981     0.4512 -9.990e-29
 284.425625     -1.496   1.404082    10.3772    -1.9127     -1.484     0.9974     0.4507 -9.990e-29
 284.425631     -1.488   1.402369    10.3769    -1.9123     -1.476     0.9961     0.4497 -9.990e-29
 284.425637     -1.480   1.403170    10.3765    -1.9122     -1.468     0.9967     0.4502 -9.990e-29
 284.425642     -1.471   1.405336    10.3765    -1.9122     -1.459     0.9983     0.4515 -9.990e-29
 284.425648     -1.460   1.403996    10.3775    -1.9121     -1.448     0.9973     0.4506 -9.990e-29
 284.425654     -1.446   1.399579    10.3788    -1.9119     -1.434     0.9940     0.4479 -9.990e-29
 284.425660     -1.429   1.399491    10.3802    -1.9120     -1.417     0.9939     0.4476 -9.990e-29
 284.425666     -1.412   1.399738    10.3819    -1.9118     -1.400     0.9940     0.4476 -9.990e-29
 284.425671     -1.398   1.395661    10.3840    -1.9120     -1.386     0.9909     0.4450 -9.990e-29
 284.425677     -1.381   1.394567    10.3863    -1.9120     -1.369     0.9900     0.4441 -9.990e-29
 284.425683     -1.361   1.393887    10.3888    -1.9118     -1.350     0.9895     0.4434 -9.990e-29
 284.425689     -1.341   1.392160    10.3917    -1.9120     -1.330     0.9881     0.4420 -9.990e-29
 284.425694     -1.320   1.394841    10.3943    -1.9118     -1.309     0.9900     0.4433 -9.990e-29
 284.425700     -1.300   1.395529    10.3959    -1.9117     -1.289     0.9905     0.4435 -9.990e-29
 284.425706     -1.284   1.393480    10.3971    -1.9117     -1.273     0.9889     0.4422 -9.990e-29
 284.425712     -1.272   1.395381    10.3980    -1.9116     -1.261     0.9903     0.4432 -9.990e-29
 284.425718     -1.263   1.397116    10.3982    -1.9114     -1.252     0.9916     0.4441 -9.990e-29
 284.425723     -1.255   1.397119    10.3983    -1.9114     -1.245     0.9916     0.4441 -9.990e-29
 284.425729     -1.249   1.398165    10.3988    -1.9115     -1.239     0.9924     0.4447 -9.990e-29
 284.425735     -1.245   1.397214    10.3994    -1.9112     -1.235     0.9917     0.4441 -9.990e-29
 284.425741     -1.241   1.395769    10.4002    -1.9112     -1.231     0.9906     0.4431 -9.990e-29
 284.425747     -1.238   1.395782    10.4015    -1.9114     -1.228     0.9905     0.4430 -9.990e-29
 284.425752     -1.236   1.395052    10.4033    -1.9111     -1.226     0.9899     0.4423 -9.990e-29
 284.425758     -1.234   1.395375    10.4050    -1.9110     -1.224     0.9901     0.4423 -9.990e-29
 284.425764     -1.232   1.395521    10.4064    -1.9109     -1.222     0.9902     0.4423 -9.990e-29
 284.425770     -1.230   1.394021    10.4078    -1.9109     -1.220     0.9891     0.4412 -9.990e-29
 284.425775     -1.229   1.394969    10.4093    -1.9109     -1.219     0.9897     0.4416 -9.990e-29
 284.425781     -1.227   1.397410    10.4105    -1.9111     -1.217     0.9915     0.4429 -9.990e-29
 284.425787     -1.229   1.396844    10.4115    -1.9111     -1.219     0.9911     0.4424 -9.990e-29
 284.425793     -1.232   1.395285    10.4124    -1.9112     -1.222     0.9899     0.4414 -9.990e-29
 284.425799     -1.221   1.396750    10.4136    -1.9111     -1.211     0.9909     0.4421 -9.990e-29
 284.425804     -1.202   1.398757    10.4155    -1.9111     -1.192     0.9924     0.4431 -9.990e-29
 284.425810     -1.185   1.398996    10.4173    -1.9111     -1.175     0.9925     0.4430 -9.990e-29
 284.425816     -1.173   1.399999    10.4184    -1.9111     -1.163     0.9932     0.4435 -9.990e-29
 284.425822     -1.163   1.401996    10.4190    -1.9111     -1.153     0.9947     0.4446 -9.990e-29
 284.425828     -1.148   1.402662    10.4189    -1.9112     -1.138     0.9952     0.4450 -9.990e-29
 284.425833     -1.128   1.401776    10.4184    -1.9111     -1.119     0.9945     0.4445 -9.990e-29
 284.425839     -1.105   1.400927    10.4177    -1.9110     -1.096     0.9939     0.4441 -9.990e-29
 284.425845     -1.088   1.400091    10.4170    -1.9111     -1.079     0.9933     0.4437 -9.990e-29
 284.425851     -1.078   1.398707    10.4168    -1.9113     -1.069     0.9923     0.4429 -9.990e-29
 284.425856     -1.072   1.398251    10.4171    -1.9111     -1.063     0.9920     0.4426 -9.990e-29
 284.425862     -1.060   1.398671    10.4174    -1.9112     -1.051     0.9923     0.4428 -9.990e-29
 284.425868     -1.041   1.398861    10.4176    -1.9113     -1.032     0.9924     0.4429 -9.990e-29
 284.425874     -1.023   1.399076    10.4177    -1.9112     -1.014     0.9925     0.4430 -9.990e-29
 284.425880     -1.009   1.399047    10.4180    -1.9112     -1.001     0.9925     0.4430 -9.990e-29
 284.425885     -0.998   1.398183    10.4182    -1.9114     -0.990     0.9919     0.4424 -9.990e-29
 284.425891     -0.990   1.396437    10.4174    -1.9114     -0.982     0.9906     0.4415 -9.990e-29
 284.425897     -0.983   1.397576    10.4164    -1.9116     -0.975     0.9915     0.4423 -9.990e-29
 284.425903     -0.978   1.402009    10.4160    -1.9116     -0.970     0.9948     0.4449 -9.990e-29
 284.425909     -0.974   1.402902    10.4160    -1.9116     -0.966     0.9954     0.4454 -9.990e-29
 284.425914     -0.970   1.400892    10.4156    -1.9118     -0.962     0.9940     0.4443 -9.990e-29
 284.425920     -0.967   1.399946    10.4148    -1.9119     -0.959     0.9933     0.4439 -9.990e-29
 284.425926     -0.965   1.398250    10.4139    -1.9119     -0.957     0.9920     0.4430 -9.990e-29
 284.425932     -0.963   1.397975    10.4129    -1.9122     -0.955     0.9919     0.4429 -9.990e-29
 284.425937     -0.961   1.400968    10.4120    -1.9123     -0.953     0.9941     0.4448 -9.990e-29
 284.425943     -0.959   1.401799    10.4111    -1.9125     -0.951     0.9948     0.4454 -9.990e-29
 284.425949     -0.957   1.398808    10.4101    -1.9125     -0.949     0.9926     0.4437 -9.990e-29
 284.425955     -0.954   1.394101    10.4091    -1.9126     -0.946     0.9891     0.4411 -9.990e-29
 284.425961     -0.951   1.389710    10.4081    -1.9127     -0.943     0.9858     0.4387 -9.990e-29
 284.425966     -0.947   1.387537    10.4065    -1.9128     -0.939     0.9843     0.4376 -9.990e-29
 284.425972     -0.943   1.384132    10.4046    -1.9129     -0.935     0.9818     0.4358 -9.990e-29
 284.425978     -0.937   1.378831    10.4027    -1.9128     -0.929     0.9779     0.4330 -9.990e-29
 284.425984     -0.930   1.375646    10.4006    -1.9128     -0.922     0.9756     0.4314 -9.990e-29
 284.425990     -0.921   1.373102    10.3981    -1.9130     -0.913     0.9737     0.4302 -9.990e-29
 284.425995     -0.910   1.369467    10.3959    -1.9130     -0.902     0.9711     0.4283 -9.990e-29
 284.426001     -0.899   1.367098    10.3937    -1.9128     -0.891     0.9694     0.4272 -9.990e-29
 284.426007     -0.893   1.365605    10.3915    -1.9127     -0.886     0.9683     0.4266 -9.990e-29
 284.426013     -0.882   1.364104    10.3899    -1.9127     -0.875     0.9673     0.4259 -9.990e-29
 284.426019     -0.863   1.363918    10.3887    -1.9127     -0.856     0.9672     0.4259 -9.990e-29
 284.426024     -0.846   1.364243    10.3874    -1.9126     -0.839     0.9674     0.4262 -9.990e-29
 284.426030     -0.838   1.364404    10.3862    -1.9127     -0.831     0.9676     0.4265 -9.990e-29
 284.426036     -0.836   1.365356    10.3855    -1.9127     -0.829     0.9683     0.4271 -9.990e-29
 284.426042     -0.826   1.366706    10.3856    -1.9126     -0.819     0.9693     0.4279 -9.990e-29
 284.426047     -0.802   1.366559    10.3866    -1.9125     -0.795     0.9692     0.4277 -9.990e-29
 284.426053     -0.778   1.364719    10.3881    -1.9125     -0.772     0.9678     0.4264 -9.990e-29
 284.426059     -0.758   1.363902    10.3892    -1.9124     -0.752     0.9671     0.4258 -9.990e-29
 284.426065     -0.743   1.365235    10.3898    -1.9123     -0.737     0.9681     0.4265 -9.990e-29
 284.426071     -0.732   1.367171    10.3903    -1.9125     -0.726     0.9695     0.4276 -9.990e-29
 284.426076     -0.722   1.368413    10.3908    -1.9126     -0.716     0.9704     0.4283 -9.990e-29
 284.426082     -0.715   1.368399    10.3909    -1.9125     -0.709     0.9704     0.4283 -9.990e-29
 284.426088     -0.709   1.368219    10.3911    -1.9126     -0.703     0.9703     0.4281 -9.990e-29
 284.426094     -0.704   1.369295    10.3919    -1.9126     -0.698     0.9711     0.4287 -9.990e-29
 284.426100     -0.700   1.371399    10.3930    -1.9128     -0.694     0.9726     0.4298 -9.990e-29
 284.426105     -0.697   1.374013    10.3943    -1.9129     -0.691     0.9745     0.4311 -9.990e-29
 284.426111     -0.694   1.375634    10.3956    -1.9129     -0.688     0.9757     0.4319 -9.990e-29
 284.426117     -0.691   1.375099    10.3963    -1.9129     -0.685     0.9753     0.4315 -9.990e-29
 284.426123     -0.687   1.373911    10.3958    -1.9131     -0.681     0.9744     0.4309 -9.990e-29
 284.426128     -0.684   1.371595    10.3945    -1.9130     -0.678     0.9727     0.4297 -9.990e-29
 284.426134     -0.680   1.367831    10.3929    -1.9131     -0.674     0.9700     0.4277 -9.990e-29
 284.426140     -0.675   1.367021    10.3916    -1.9133     -0.669     0.9694     0.4274 -9.990e-29
 284.426146     -0.670   1.370302    10.3906    -1.9133     -0.664     0.9719     0.4294 -9.990e-29
 284.426152     -0.662   1.373182    10.3894    -1.9131     -0.656     0.9740     0.4312 -9.990e-29
 284.426157     -0.658   1.372851    10.3878    -1.9131     -0.653     0.9738     0.4312 -9.990e-29
 284.426163     -0.664   1.370530    10.3859    -1.9133     -0.658     0.9721     0.4301 -9.990e-29
 284.426169     -0.681   1.369221    10.3836    -1.9135     -0.675     0.9712     0.4296 -9.990e-29
 284.426175     -0.701   1.370502    10.3811    -1.9134     -0.695     0.9723     0.4306 -9.990e-29
 284.426181     -0.723   1.373311    10.3792    -1.9134     -0.717     0.9744     0.4325 -9.990e-29
 284.426186     -0.737   1.376406    10.3782    -1.9133     -0.731     0.9767     0.4344 -9.990e-29
 284.426192     -0.737   1.378926    10.3777    -1.9136     -0.731     0.9786     0.4359 -9.990e-29
 284.426198     -0.732   1.378138    10.3776    -1.9135     -0.726     0.9780     0.4355 -9.990e-29
 284.426204     -0.729   1.374098    10.3777    -1.9134     -0.723     0.9750     0.4331 -9.990e-29
 284.426209     -0.729   1.372500    10.3774    -1.9134     -0.723     0.9738     0.4322 -9.990e-29
 284.426215     -0.727   1.374536    10.3766    -1.9133     -0.721     0.9754     0.4335 -9.990e-29
 284.426221     -0.718   1.374612    10.3753    -1.9135     -0.712     0.9755     0.4337 -9.990e-29
 284.426227     -0.706   1.371164    10.3740    -1.9136     -0.700     0.9729     0.4318 -9.990e-29
 284.426233     -0.696   1.369017    10.3732    -1.9136     -0.690     0.9714     0.4307 -9.990e-29
 284.426238     -0.686   1.371400    10.3730    -1.9136     -0.680     0.9731     0.4321 -9.990e-29
 284.426244     -0.675   1.374844    10.3729    -1.9133     -0.669     0.9757     0.4341 -9.990e-29
 284.426250     -0.663   1.373965    10.3731    -1.9133     -0.657     0.9750     0.4336 -9.990e-29
 284.426256     -0.650   1.369809    10.3736    -1.9135     -0.645     0.9719     0.4311 -9.990e-29
 284.426262     -0.634   1.367915    10.3741    -1.9135     -0.629     0.9705     0.4299 -9.990e-29
 284.426267     -0.618   1.370188    10.3742    -1.9135     -0.613     0.9722     0.4312 -9.990e-29
 284.426273     -0.606   1.373013    10.3735    -1.9132     -0.601     0.9743     0.4330 -9.990e-29
 284.426279     -0.594   1.372398    10.3724    -1.9132     -0.589     0.9739     0.4327 -9.990e-29
 284.426285     -0.579   1.369740    10.3718    -1.9133     -0.574     0.9719     0.4313 -9.990e-29
 284.426291     -0.570   1.369252    10.3720    -1.9137     -0.565     0.9716     0.4310 -9.990e-29
 284.426296     -0.571   1.371945    10.3727    -1.9137     -0.566     0.9735     0.4324 -9.990e-29
 284.426302     -0.576   1.376420    10.3735    -1.9135     -0.571     0.9769     0.4350 -9.990e-29
 284.426308     -0.579   1.379226    10.3739    -1.9135     -0.574     0.9789     0.4366 -9.990e-29
 284.426314     -0.574   1.375793    10.3739    -1.9134     -0.569     0.9764     0.4346 -9.990e-29
 284.426319     -0.562   1.369300    10.3738    -1.9134     -0.557     0.9715     0.4308 -9.990e-29
 284.426325     -0.546   1.368820    10.3738    -1.9133     -0.541     0.9712     0.4305 -9.990e-29
 284.426331     -0.529   1.376481    10.3738    -1.9134     -0.525     0.9769     0.4350 -9.990e-29
 284.426337     -0.510   1.385325    10.3735    -1.9133     -0.506     0.9835     0.4402 -9.990e-29
 284.426343     -0.493   1.387195    10.3727    -1.9132     -0.489     0.9849     0.4413 -9.990e-29
 284.426348     -0.480   1.380706    10.3721    -1.9138     -0.476     0.9801     0.4376 -9.990e-29
 284.426354     -0.471   1.372721    10.3719    -1.9137     -0.467     0.9741     0.4330 -9.990e-29
 284.426360     -0.465   1.371432    10.3722    -1.9135     -0.461     0.9732     0.4322 -9.990e-29
 284.426366     -0.462   1.376228    10.3729    -1.9136     -0.458     0.9767     0.4349 -9.990e-29
 284.426372     -0.461   1.380206    10.3736    -1.9137     -0.457     0.9797     0.4372 -9.990e-29
 284.426377     -0.463   1.381466    10.3741    -1.9136     -0.459     0.9806     0.4378 -9.990e-29
 284.426383     -0.463   1.381134    10.3740    -1.9135     -0.459     0.9803     0.4377 -9.990e-29
 284.426389     -0.457   1.379875    10.3734    -1.9136     -0.453     0.9794     0.4370 -9.990e-29
 284.426395     -0.449   1.381552    10.3727    -1.9139     -0.445     0.9807     0.4380 -9.990e-29
 284.426400     -0.443   1.386736    10.3725    -1.9138     -0.439     0.9846     0.4411 -9.990e-29
 284.426406     -0.438   1.384055    10.3727    -1.9135     -0.434     0.9826     0.4395 -9.990e-29
 284.426412     -0.434   1.370489    10.3724    -1.9129     -0.430     0.9725     0.4316 -9.990e-29
 284.426418     -0.431   1.362855    10.3712    -1.9126     -0.427     0.9668     0.4273 -9.990e-29
 284.426424     -0.429   1.366489    10.3699    -1.9130     -0.425     0.9696     0.4296 -9.990e-29
 284.426429     -0.427   1.371831    10.3692    -1.9133     -0.423     0.9735     0.4328 -9.990e-29
 284.426435     -0.425   1.377139    10.3688    -1.9130     -0.421     0.9775     0.4359 -9.990e-29
 284.426441     -0.424   1.383948    10.3688    -1.9122     -0.420     0.9826     0.4399 -9.990e-29
 284.426447     -0.423   1.386376    10.3692    -1.9120     -0.419     0.9844     0.4413 -9.990e-29
 284.426453     -0.422   1.379905    10.3703    -1.9125     -0.418     0.9795     0.4374 -9.990e-29
 284.426458     -0.421   1.372529    10.3727    -1.9128     -0.417     0.9740     0.4328 -9.990e-29
 284.426464     -0.419   1.374911    10.3761    -1.9126     -0.416     0.9757     0.4338 -9.990e-29
