data/oxygen options/ONMS/Olympic_Coast_National_Marine_Sanctuary_CTD_Data_2005_2023/raw_data/2012/CAST_TH015_121008faed.cnv
* Sea-Bird SBE19 Data File:
* FileName = C:\Documents and Settings\OCNMS\Desktop\2012 mooring data\RECOVERY\CAST_TH015_121008.hex
* Software Version 1.25
* Temperature SN = 2997
* Conductivity SN = 2997
* System UpLoad Time = Oct 09 2012 08:00:49
** CAST_TH015_121008
* SEACAT PROFILER V3.1c SN 2997   10/09/12  08:00:02.945
# nquan = 9                                 
# nvalues = 5150                        
# units = specified
# name 0 = timeJ: Julian Days
# name 1 = prSM: Pressure, Strain Gauge [db]
# name 2 = c0mS/cm: Conductivity [mS/cm]
# name 3 = t090C: Temperature [ITS-90, deg C]
# name 4 = sbeox0ML/L: Oxygen, SBE 43 [ml/l]
# name 5 = depSM: Depth [salt water, m], lat = 47.5
# name 6 = sal00: Salinity, Practical [PSU]
# name 7 = sigma-é00: Density [sigma-theta, kg/m^3]
# name 8 = flag: flag
# span 0 = 282.575428, 282.605226       
# span 1 =     -5.275,     15.858       
# span 2 =   0.034337,  36.772941       
# span 3 =     8.6753,    13.0892       
# span 4 =   -14.9705,    15.2619       
# span 5 =     -5.231,     15.725       
# span 6 =     0.0240,    33.6571       
# span 7 =    -0.6069,    25.9080       
# span 8 = 0.0000e+00, 0.0000e+00       
# interval = seconds: 0.5
# start_time = Oct 08 2012 13:48:37 [Instrument's time stamp, header]
# bad_flag = -9.990e-29
*END*
[from data line 4961]
 282.604138      0.925   0.630173    11.1183    -1.8889      0.917     0.4237    -0.0726 -9.990e-29
 282.604144      0.925   0.631186    11.1149    -1.8884      0.917     0.4245    -0.0716 -9.990e-29
 282.604149      0.925   0.632898    11.1100    -1.8884      0.917     0.4257    -0.0701 -9.990e-29
 282.604155      0.925   0.631501    11.1029    -1.8884      0.917     0.4248    -0.0701 -9.990e-29
 282.604161      0.925   0.626243    11.0954    -1.8886      0.917     0.4212    -0.0721 -9.990e-29
 282.604167      0.925   0.620633    11.0878    -1.8888      0.917     0.4174    -0.0743 -9.990e-29
 282.604172      0.925   0.617157    11.0799    -1.8889      0.917     0.4150    -0.0754 -9.990e-29
 282.604178      0.925   0.615056    11.0739    -1.8885      0.917     0.4136    -0.0758 -9.990e-29
 282.604184      0.925   0.613191    11.0724    -1.8886      0.917     0.4124    -0.0767 -9.990e-29
 282.604190      0.925   0.610737    11.0756    -1.8891      0.917     0.4106    -0.0784 -9.990e-29
 282.604196      0.925   0.608853    11.0799    -1.8894      0.917     0.4093    -0.0799 -9.990e-29
 282.604201      0.925   0.610564    11.0819    -1.8892      0.917     0.4104    -0.0792 -9.990e-29
 282.604207      0.925   0.614832    11.0814    -1.8891      0.917     0.4134    -0.0768 -9.990e-29
 282.604213      0.925   0.617937    11.0796    -1.8893      0.917     0.4156    -0.0749 -9.990e-29
 282.604219      0.925   0.617930    11.0778    -1.8894      0.917     0.4156    -0.0747 -9.990e-29
 282.604225      0.925   0.615354    11.0776    -1.8894      0.917     0.4138    -0.0761 -9.990e-29
 282.604230      0.925   0.613420    11.0788    -1.8894      0.917     0.4125    -0.0773 -9.990e-29
 282.604236      0.925   0.613428    11.0779    -1.8892      0.917     0.4125    -0.0772 -9.990e-29
 282.604242      0.925   0.611513    11.0738    -1.8897      0.917     0.4112    -0.0778 -9.990e-29
 282.604248      0.925   0.605674    11.0704    -1.8901      0.917     0.4071    -0.0806 -9.990e-29
 282.604253      0.925   0.599756    11.0696    -1.8903      0.917     0.4030    -0.0837 -9.990e-29
 282.604259      0.925   0.596940    11.0692    -1.8907      0.917     0.4011    -0.0852 -9.990e-29
 282.604265      0.925   0.597350    11.0678    -1.8907      0.917     0.4014    -0.0848 -9.990e-29
 282.604271      0.925   0.599316    11.0663    -1.8903      0.917     0.4028    -0.0836 -9.990e-29
 282.604277      0.925   0.599927    11.0655    -1.8905      0.917     0.4032    -0.0832 -9.990e-29
 282.604282      0.925   0.598891    11.0652    -1.8910      0.917     0.4025    -0.0837 -9.990e-29
 282.604288      0.925   0.598149    11.0635    -1.8913      0.917     0.4020    -0.0839 -9.990e-29
 282.604294      0.925   0.598373    11.0584    -1.8914      0.917     0.4022    -0.0832 -9.990e-29
 282.604300      0.925   0.598758    11.0517    -1.8915      0.917     0.4025    -0.0823 -9.990e-29
 282.604306      0.925   0.599263    11.0460    -1.8916      0.917     0.4029    -0.0814 -9.990e-29
 282.604311      0.925   0.600010    11.0422    -1.8917      0.917     0.4035    -0.0805 -9.990e-29
 282.604317      0.925   0.598120    11.0408    -1.8916      0.917     0.4022    -0.0814 -9.990e-29
 282.604323      0.925   0.593289    11.0402    -1.8917      0.917     0.3988    -0.0840 -9.990e-29
 282.604329      0.925   0.591256    11.0373    -1.8920      0.917     0.3974    -0.0848 -9.990e-29
 282.604334      0.925   0.593187    11.0323    -1.8921      0.917     0.3988    -0.0832 -9.990e-29
 282.604340      0.925   0.592800    11.0276    -1.8922      0.917     0.3986    -0.0828 -9.990e-29
 282.604346      0.925   0.587918    11.0234    -1.8922      0.917     0.3953    -0.0850 -9.990e-29
 282.604352      0.925   0.583660    11.0196    -1.8920      0.917     0.3923    -0.0870 -9.990e-29
 282.604358      0.925   0.585422    11.0171    -1.8921      0.917     0.3936    -0.0857 -9.990e-29
 282.604363      0.925   0.591123    11.0166    -1.8924      0.917     0.3976    -0.0825 -9.990e-29
 282.604369      0.925   0.592866    11.0168    -1.8923      0.917     0.3988    -0.0816 -9.990e-29
 282.604375      0.925   0.589102    11.0153    -1.8923      0.917     0.3962    -0.0835 -9.990e-29
 282.604381      0.924   0.584225    11.0117    -1.8926      0.916     0.3928    -0.0858 -9.990e-29
 282.604387      0.924   0.581696    11.0084    -1.8924      0.916     0.3911    -0.0868 -9.990e-29
 282.604392      0.924   0.583681    11.0072    -1.8920      0.916     0.3925    -0.0856 -9.990e-29
 282.604398      0.924   0.586739    11.0072    -1.8922      0.916     0.3946    -0.0839 -9.990e-29
 282.604404      0.924   0.585537    11.0071    -1.8924      0.916     0.3938    -0.0845 -9.990e-29
 282.604410      0.923   0.583455    11.0060    -1.8924      0.915     0.3923    -0.0856 -9.990e-29
 282.604416      0.923   0.584362    11.0047    -1.8927      0.915     0.3930    -0.0849 -9.990e-29
 282.604421      0.922   0.584487    11.0045    -1.8927      0.914     0.3931    -0.0848 -9.990e-29
 282.604427      0.921   0.581228    11.0044    -1.8930      0.913     0.3908    -0.0866 -9.990e-29
 282.604433      0.920   0.575778    11.0044    -1.8929      0.912     0.3870    -0.0896 -9.990e-29
 282.604439      0.918   0.569728    11.0061    -1.8927      0.910     0.3828    -0.0931 -9.990e-29
 282.604444      0.917   0.565533    11.0082    -1.8924      0.909     0.3798    -0.0956 -9.990e-29
 282.604450      0.914   0.564244    11.0084    -1.8922      0.906     0.3789    -0.0963 -9.990e-29
 282.604456      0.911   0.563033    11.0072    -1.8917      0.903     0.3781    -0.0968 -9.990e-29
 282.604462      0.907   0.559735    11.0055    -1.8909      0.899     0.3758    -0.0985 -9.990e-29
 282.604468      0.902   0.555490    11.0033    -1.8904      0.894     0.3729    -0.1005 -9.990e-29
 282.604473      0.895   0.551282    11.0009    -1.8907      0.888     0.3700    -0.1026 -9.990e-29
 282.604479      0.887   0.547038    10.9993    -1.8909      0.880     0.3670    -0.1047 -9.990e-29
 282.604485      0.876   0.543743    11.0000    -1.8908      0.869     0.3647    -0.1066 -9.990e-29
 282.604491      0.866   0.541987    11.0042    -1.8909      0.859     0.3635    -0.1080 -9.990e-29
 282.604497      0.865   0.539984    11.0110    -1.8909      0.858     0.3620    -0.1098 -9.990e-29
 282.604502      0.874   0.536171    11.0197    -1.8911      0.867     0.3593    -0.1128 -9.990e-29
 282.604508      0.883   0.531001    11.0302    -1.8914      0.876     0.3556    -0.1168 -9.990e-29
 282.604514      0.890   0.526438    11.0406    -1.8918      0.883     0.3523    -0.1204 -9.990e-29
 282.604520      0.895   0.525259    11.0470    -1.8917      0.888     0.3515    -0.1218 -9.990e-29
 282.604525      0.898   0.527551    11.0481    -1.8912      0.891     0.3531    -0.1207 -9.990e-29
 282.604531      0.899   0.528621    11.0470    -1.8911      0.891     0.3538    -0.1200 -9.990e-29
 282.604537      0.898   0.526576    11.0461    -1.8916      0.891     0.3524    -0.1210 -9.990e-29
 282.604543      0.896   0.525335    11.0448    -1.8915      0.889     0.3515    -0.1215 -9.990e-29
 282.604549      0.891   0.525457    11.0420    -1.8915      0.884     0.3517    -0.1211 -9.990e-29
 282.604554      0.889   0.525446    11.0378    -1.8917      0.882     0.3517    -0.1207 -9.990e-29
 282.604560      0.894   0.528056    11.0331    -1.8919      0.887     0.3535    -0.1187 -9.990e-29
 282.604566      0.900   0.532341    11.0300    -1.8922      0.892     0.3565    -0.1161 -9.990e-29
 282.604572      0.905   0.532942    11.0306    -1.8924      0.897     0.3570    -0.1158 -9.990e-29
 282.604578      0.909   0.530663    11.0338    -1.8928      0.901     0.3553    -0.1174 -9.990e-29
 282.604583      0.912   0.529662    11.0352    -1.8929      0.904     0.3546    -0.1181 -9.990e-29
 282.604589      0.913   0.529159    11.0338    -1.8932      0.905     0.3543    -0.1182 -9.990e-29
 282.604595      0.915   0.526824    11.0320    -1.8935      0.907     0.3527    -0.1193 -9.990e-29
 282.604601      0.915   0.524526    11.0299    -1.8935      0.907     0.3511    -0.1203 -9.990e-29
 282.604606      0.915   0.524738    11.0262    -1.8934      0.907     0.3513    -0.1198 -9.990e-29
 282.604612      0.914   0.526639    11.0209    -1.8930      0.906     0.3527    -0.1182 -9.990e-29
 282.604618      0.913   0.528888    11.0150    -1.8928      0.905     0.3543    -0.1163 -9.990e-29
 282.604624      0.910   0.531534    11.0089    -1.8929      0.902     0.3562    -0.1142 -9.990e-29
 282.604630      0.907   0.534231    11.0031    -1.8930      0.899     0.3581    -0.1121 -9.990e-29
 282.604635      0.903   0.535409    10.9981    -1.8934      0.895     0.3590    -0.1109 -9.990e-29
 282.604641      0.897   0.534977    10.9938    -1.8938      0.890     0.3587    -0.1107 -9.990e-29
 282.604647      0.894   0.533834    10.9909    -1.8941      0.887     0.3579    -0.1110 -9.990e-29
 282.604653      0.897   0.531008    10.9907    -1.8944      0.890     0.3560    -0.1125 -9.990e-29
 282.604659      0.903   0.526608    10.9936    -1.8942      0.895     0.3529    -0.1152 -9.990e-29
 282.604664      0.908   0.522517    10.9982    -1.8942      0.900     0.3500    -0.1179 -9.990e-29
 282.604670      0.911   0.518815    11.0012    -1.8942      0.903     0.3474    -0.1203 -9.990e-29
 282.604676      0.914   0.514996    11.0009    -1.8941      0.906     0.3448    -0.1223 -9.990e-29
 282.604682      0.915   0.512056    10.9977    -1.8937      0.907     0.3428    -0.1235 -9.990e-29
 282.604688      0.916   0.509952    10.9922    -1.8938      0.908     0.3414    -0.1241 -9.990e-29
 282.604693      0.917   0.507538    10.9858    -1.8940      0.909     0.3398    -0.1247 -9.990e-29
 282.604699      0.917   0.504919    10.9806    -1.8942      0.909     0.3380    -0.1256 -9.990e-29
 282.604705      0.916   0.501923    10.9781    -1.8943      0.908     0.3359    -0.1269 -9.990e-29
 282.604711      0.915   0.497878    10.9783    -1.8945      0.907     0.3331    -0.1291 -9.990e-29
 282.604716      0.914   0.493479    10.9796    -1.8948      0.906     0.3301    -0.1317 -9.990e-29
 282.604722      0.911   0.489505    10.9814    -1.8947      0.903     0.3273    -0.1340 -9.990e-29
 282.604728      0.908   0.485638    10.9843    -1.8942      0.900     0.3246    -0.1364 -9.990e-29
 282.604734      0.903   0.481704    10.9868    -1.8942      0.895     0.3219    -0.1388 -9.990e-29
 282.604740      0.898   0.478547    10.9867    -1.8945      0.891     0.3197    -0.1405 -9.990e-29
 282.604745      0.895   0.476941    10.9848    -1.8946      0.888     0.3186    -0.1412 -9.990e-29
 282.604751      0.898   0.475297    10.9824    -1.8944      0.891     0.3175    -0.1418 -9.990e-29
 282.604757      0.904   0.471977    10.9795    -1.8940      0.896     0.3152    -0.1433 -9.990e-29
 282.604763      0.909   0.468642    10.9762    -1.8940      0.901     0.3129    -0.1447 -9.990e-29
 282.604769      0.912   0.466937    10.9741    -1.8941      0.904     0.3118    -0.1454 -9.990e-29
 282.604774      0.915   0.465693    10.9753    -1.8942      0.907     0.3109    -0.1462 -9.990e-29
 282.604780      0.917   0.463807    10.9784    -1.8944      0.909     0.3096    -0.1476 -9.990e-29
 282.604786      0.919   0.462084    10.9796    -1.8947      0.911     0.3084    -0.1487 -9.990e-29
 282.604792      0.920   0.460994    10.9787    -1.8947      0.912     0.3076    -0.1491 -9.990e-29
 282.604797      0.921   0.459640    10.9789    -1.8940      0.913     0.3067    -0.1499 -9.990e-29
 282.604803      0.922   0.457322    10.9818    -1.8938      0.914     0.3051    -0.1515 -9.990e-29
 282.604809      0.923   0.454824    10.9852    -1.8937      0.915     0.3033    -0.1532 -9.990e-29
 282.604815      0.923   0.454350    10.9864    -1.8936      0.915     0.3030    -0.1536 -9.990e-29
 282.604821      0.924   0.456377    10.9856    -1.8936      0.916     0.3044    -0.1524 -9.990e-29
 282.604826      0.924   0.458070    10.9837    -1.8934      0.916     0.3056    -0.1513 -9.990e-29
 282.604832      0.924   0.457261    10.9807    -1.8928      0.916     0.3051    -0.1514 -9.990e-29
 282.604838      0.924   0.454530    10.9784    -1.8925      0.916     0.3032    -0.1526 -9.990e-29
 282.604844      0.925   0.451770    10.9800    -1.8922      0.917     0.3013    -0.1543 -9.990e-29
 282.604850      0.925   0.451391    10.9854    -1.8919      0.917     0.3010    -0.1551 -9.990e-29
 282.604855      0.925   0.453996    10.9909    -1.8922      0.917     0.3027    -0.1542 -9.990e-29
 282.604861      0.925   0.456968    10.9947    -1.8928      0.917     0.3047    -0.1531 -9.990e-29
 282.604867      0.925   0.457627    10.9972    -1.8929      0.917     0.3052    -0.1530 -9.990e-29
 282.604873      0.925   0.456297    10.9997    -1.8932      0.917     0.3042    -0.1540 -9.990e-29
 282.604878      0.925   0.456187    11.0048    -1.8934      0.917     0.3041    -0.1546 -9.990e-29
 282.604884      0.925   0.458811    11.0125    -1.8934      0.917     0.3059    -0.1540 -9.990e-29
 282.604890      0.925   0.461579    11.0203    -1.8936      0.917     0.3077    -0.1533 -9.990e-29
 282.604896      0.925   0.462095    11.0261    -1.8935      0.917     0.3080    -0.1537 -9.990e-29
 282.604902      0.925   0.461046    11.0280    -1.8935      0.917     0.3073    -0.1545 -9.990e-29
 282.604907      0.925   0.460353    11.0246    -1.8930      0.917     0.3068    -0.1545 -9.990e-29
 282.604913      0.925   0.460200    11.0183    -1.8931      0.917     0.3068    -0.1539 -9.990e-29
 282.604919      0.925   0.459830    11.0123    -1.8934      0.917     0.3066    -0.1534 -9.990e-29
 282.604925      0.925   0.459855    11.0073    -1.8935      0.917     0.3066    -0.1529 -9.990e-29
 282.604931      0.924   0.460862    11.0037    -1.8937      0.916     0.3074    -0.1519 -9.990e-29
 282.604936      0.924   0.461428    11.0016    -1.8937      0.916     0.3078    -0.1514 -9.990e-29
 282.604942      0.924   0.460091    11.0006    -1.8933      0.916     0.3068    -0.1520 -9.990e-29
 282.604948      0.924   0.457837    11.0011    -1.8932      0.916     0.3053    -0.1533 -9.990e-29
 282.604954      0.924   0.456090    11.0035    -1.8934      0.916     0.3041    -0.1545 -9.990e-29
 282.604959      0.923   0.454735    11.0061    -1.8934      0.915     0.3031    -0.1555 -9.990e-29
 282.604965      0.923   0.453627    11.0062    -1.8936      0.915     0.3023    -0.1561 -9.990e-29
 282.604971      0.922   0.452948    11.0039    -1.8940      0.914     0.3019    -0.1562 -9.990e-29
 282.604977      0.921   0.452348    11.0014    -1.8943      0.913     0.3015    -0.1563 -9.990e-29
 282.604983      0.920   0.451578    11.0001    -1.8942      0.912     0.3010    -0.1565 -9.990e-29
 282.604988      0.919   0.450720    11.0011    -1.8941      0.911     0.3004    -0.1571 -9.990e-29
 282.604994      0.917   0.449738    11.0039    -1.8941      0.909     0.2997    -0.1580 -9.990e-29
 282.605000      0.914   0.448427    11.0055    -1.8943      0.906     0.2988    -0.1588 -9.990e-29
 282.605006      0.911   0.446701    11.0047    -1.8943      0.903     0.2976    -0.1597 -9.990e-29
 282.605012      0.908   0.445027    11.0023    -1.8942      0.900     0.2965    -0.1603 -9.990e-29
 282.605017      0.903   0.443938    10.9980    -1.8942      0.895     0.2957    -0.1604 -9.990e-29
 282.605023      0.896   0.443092    10.9930    -1.8943      0.889     0.2952    -0.1604 -9.990e-29
 282.605029      0.892   0.441361    10.9898    -1.8944      0.885     0.2940    -0.1609 -9.990e-29
 282.605035      0.895   0.438650    10.9893    -1.8944      0.888     0.2922    -0.1624 -9.990e-29
 282.605041      0.900   0.436327    10.9899    -1.8942      0.892     0.2906    -0.1637 -9.990e-29
 282.605046      0.903   0.435168    10.9899    -1.8939      0.895     0.2898    -0.1643 -9.990e-29
 282.605052      0.905   0.434183    10.9893    -1.8937      0.897     0.2891    -0.1648 -9.990e-29
