data/oxygen options/ONMS/Olympic_Coast_National_Marine_Sanctuary_CTD_Data_2005_2023/raw_data/2012/CAST_KL027_120830faedb.cnv
* Sea-Bird SBE19 Data File:
* FileName = C:\Documents and Settings\OCNMS\Desktop\2012 mooring data\2nd service\CAST_KL027_120830.hex
* Software Version 1.25
* Temperature SN = 2997
* Conductivity SN = 2997
* System UpLoad Time = Aug 30 2012 15:04:14
** CAST_KL027_120830
* SEACAT PROFILER V3.1c SN 2997   08/30/12  15:02:36.194
# nquan = 9
# nvalues = 27                          
# units = specified
# name 0 = timeJ: Julian Days
# name 1 = prSM: Pressure, Strain Gauge [db]
# name 2 = c0mS/cm: Conductivity [mS/cm]
# name 3 = t090C: Temperature [ITS-90, deg C]
# name 4 = sbeox0ML/L: Oxygen, SBE 43 [ml/l]
# name 5 = depSM: Depth [salt water, m], lat = 47.5
# name 6 = sal00: Salinity, Practical [PSU]
# name 7 = sigma-é00: Density [sigma-theta, kg/m^3]
# name 8 = flag: flag
# span 0 = 243.617106, 243.617453       
# span 1 =      1.000,     27.000       
# span 2 =  37.048384,  38.506005       
# span 3 =    11.4825,    14.5760       
# span 4 =     3.5520,     6.3810       
# span 5 =      0.992,     26.773       
# span 6 =    31.3490,    32.6471       
# span 7 =    23.2487,    24.8269       
# span 8 = 0.0000e+00, 0.0000e+00       
# interval = decibars: 1                
# start_time = Aug 30 2012 14:43:03 [Instrument's time stamp, header]
# bad_flag = -9.990e-29
*END*
 243.617106      1.000  38.506005    14.5760     6.3810      0.992    31.3490    23.2487 0.0000e+00
 243.617131      2.000  38.447296    14.3537     6.2444      1.983    31.4757    23.3925 0.0000e+00
 243.617147      3.000  38.392709    14.1869     6.1791      2.975    31.5615    23.4931 0.0000e+00
 243.617160      4.000  38.362657    14.1128     6.1702      3.967    31.5942    23.5336 0.0000e+00
 243.617172      5.000  38.352814    14.0838     6.1689      4.959    31.6086    23.5507 0.0000e+00
 243.617185      6.000  38.355409    14.0731     6.1443      5.950    31.6194    23.5613 0.0000e+00
 243.617196      7.000  38.358923    14.0634     6.1434      6.941    31.6302    23.5716 0.0000e+00
 243.617208      8.000  38.352130    14.0504     6.1353      7.933    31.6343    23.5774 0.0000e+00
 243.617219      9.000  38.349684    14.0442     6.1061      8.925    31.6367    23.5806 0.0000e+00
 243.617231     10.000  38.354120    14.0420     6.1385      9.916    31.6422    23.5853 0.0000e+00
 243.617242     11.000  38.359127    14.0316     6.2109     10.908    31.6550    23.5973 0.0000e+00
 243.617253     12.000  38.357444    14.0095     6.2474     11.899    31.6712    23.6145 0.0000e+00
 243.617264     13.000  38.345974    13.9764     6.2522     12.891    31.6875    23.6338 0.0000e+00
 243.617275     14.000  38.329724    13.9389     6.1828     13.883    31.7031    23.6535 0.0000e+00
 243.617286     15.000  38.320855    13.9002     6.0685     14.874    31.7264    23.6794 0.0000e+00
 243.617297     16.000  38.320944    13.8142     6.0344     15.866    31.7973    23.7516 0.0000e+00
 243.617307     17.000  38.293718    13.6729     6.0787     16.857    31.8891    23.8511 0.0000e+00
 243.617319     18.000  38.253869    13.5815     6.0876     17.849    31.9280    23.8995 0.0000e+00
 243.617330     19.000  38.237345    13.5441     6.0631     18.841    31.9435    23.9190 0.0000e+00
 243.617342     20.000  38.228098    13.5204     5.9955     19.833    31.9542    23.9321 0.0000e+00
 243.617353     21.000  38.219963    13.4920     5.8092     20.824    31.9700    23.9500 0.0000e+00
 243.617364     22.000  38.201222    13.4436     5.3705     21.815    31.9927    23.9772 0.0000e+00
 243.617375     23.000  38.161419    13.3465     4.6621     22.807    32.0368    24.0307 0.0000e+00
 243.617387     24.000  38.053963    13.0886     3.8797     23.798    32.1534    24.1718 0.0000e+00
 243.617400     25.000  37.794961    12.5191     3.5520     24.790    32.3942    24.4685 0.0000e+00
 243.617413     26.000  37.273364    11.6508     3.9618     25.781    32.6471    24.8269 0.0000e+00
 243.617453     27.000  37.048384    11.4825     5.0422     26.773    32.5776    24.8027 0.0000e+00
