data/oxygen options/ONMS/Olympic_Coast_National_Marine_Sanctuary_CTD_Data_2005_2023/raw_data/2012/CAST_CE015_120920faed.cnv
* Sea-Bird SBE19 Data File:
* FileName = C:\Documents and Settings\OCNMS\Desktop\2012 mooring data\Hypoxia Sampling\120920\CAST_CE015_120920.hex
* Software Version 1.25
* Temperature SN = 2997
* Conductivity SN = 2997
* System UpLoad Time = Sep 20 2012 13:55:28
** CAST_CE015_120920
* SEACAT PROFILER V3.1c SN 2997   09/20/12  13:54:20.561
# nquan = 9                                 
# nvalues = 854                         
# units = specified
# name 0 = timeJ: Julian Days
# name 1 = prSM: Pressure, Strain Gauge [db]
# name 2 = c0mS/cm: Conductivity [mS/cm]
# name 3 = t090C: Temperature [ITS-90, deg C]
# name 4 = sbeox0ML/L: Oxygen, SBE 43 [ml/l]
# name 5 = depSM: Depth [salt water, m], lat = 47.5
# name 6 = sal00: Salinity, Practical [PSU]
# name 7 = sigma-é00: Density [sigma-theta, kg/m^3]
# name 8 = flag: flag
# span 0 = 264.571968, 264.576904       
# span 1 =     -4.862,     16.036       
# span 2 =   0.297119,  38.396399       
# span 3 =    10.4317,    13.2699       
# span 4 =    -1.8634,    13.4572       
# span 5 =     -4.821,     15.902       
# span 6 =     0.1918,    32.9436       
# span 7 =    -0.3415,    25.2735       
# span 8 = 0.0000e+00, 0.0000e+00       
# interval = seconds: 0.5
# start_time = Sep 20 2012 13:43:38 [Instrument's time stamp, header]
# bad_flag = -9.990e-29
*END*
[from data line 481]
 264.574751      1.351  38.394180    13.2641     6.4856      1.340    32.3329    24.2754 -9.990e-29
 264.574757      1.356  38.391965    13.2605     6.4912      1.345    32.3339    24.2769 -9.990e-29
 264.574763      1.363  38.388627    13.2560     6.4881      1.352    32.3346    24.2783 -9.990e-29
 264.574769      1.368  38.381955    13.2513     6.4730      1.357    32.3323    24.2775 -9.990e-29
 264.574774      1.370  38.371462    13.2485     6.4647      1.359    32.3249    24.2723 -9.990e-29
 264.574780      1.376  38.359967    13.2475     6.4689      1.365    32.3149    24.2648 -9.990e-29
 264.574786      1.385  38.352317    13.2446     6.4679      1.373    32.3102    24.2617 -9.990e-29
 264.574792      1.397  38.350636    13.2387     6.4564      1.385    32.3136    24.2656 -9.990e-29
 264.574797      1.409  38.349321    13.2294     6.4367      1.397    32.3203    24.2726 -9.990e-29
 264.574803      1.418  38.340454    13.2153     6.4371      1.406    32.3240    24.2782 -9.990e-29
 264.574809      1.424  38.323419    13.1996     6.4584      1.412    32.3213    24.2793 -9.990e-29
 264.574815      1.427  38.307437    13.1901     6.4753      1.415    32.3144    24.2758 -9.990e-29
 264.574821      1.428  38.300333    13.1902     6.4826      1.416    32.3076    24.2705 -9.990e-29
 264.574826      1.427  38.300476    13.1952     6.4775      1.415    32.3035    24.2663 -9.990e-29
 264.574832      1.424  38.304693    13.1978     6.4656      1.412    32.3053    24.2672 -9.990e-29
 264.574838      1.418  38.309643    13.1944     6.4636      1.406    32.3128    24.2737 -9.990e-29
 264.574844      1.414  38.309601    13.1853     6.4887      1.402    32.3205    24.2815 -9.990e-29
 264.574850      1.415  38.303951    13.1749     6.4769      1.403    32.3241    24.2862 -9.990e-29
 264.574855      1.418  38.298047    13.1683     6.5008      1.406    32.3241    24.2876 -9.990e-29
 264.574861      1.417  38.295220    13.1657     6.4945      1.405    32.3237    24.2878 -9.990e-29
 264.574867      1.418  38.295623    13.1649     6.4717      1.406    32.3247    24.2887 -9.990e-29
 264.574873      1.424  38.296430    13.1641     6.4825      1.412    32.3262    24.2900 -9.990e-29
 264.574878      1.433  38.294793    13.1620     6.4767      1.421    32.3264    24.2906 -9.990e-29
 264.574884      1.439  38.291333    13.1601     6.4820      1.427    32.3248    24.2897 -9.990e-29
 264.574890      1.444  38.288158    13.1599     6.4850      1.432    32.3220    24.2876 -9.990e-29
 264.574896      1.447  38.288318    13.1613     6.4855      1.435    32.3209    24.2865 -9.990e-29
 264.574902      1.450  38.291468    13.1625     6.4733      1.438    32.3229    24.2878 -9.990e-29
 264.574907      1.452  38.293961    13.1624     6.4815      1.440    32.3253    24.2897 -9.990e-29
 264.574913      1.453  38.296321    13.1629     6.4951      1.441    32.3271    24.2910 -9.990e-29
 264.574919      1.453  38.301696    13.1666     6.4965      1.441    32.3290    24.2917 -9.990e-29
 264.574925      1.453  38.309967    13.1710     6.4993      1.441    32.3330    24.2939 -9.990e-29
 264.574931      1.452  38.318156    13.1734     6.4962      1.440    32.3387    24.2978 -9.990e-29
 264.574936      1.451  38.320933    13.1754     6.5106      1.439    32.3396    24.2982 -9.990e-29
 264.574942      1.449  38.316957    13.1770     6.5150      1.437    32.3345    24.2939 -9.990e-29
 264.574948      1.446  38.313255    13.1782     6.5135      1.434    32.3300    24.2902 -9.990e-29
 264.574954      1.441  38.313855    13.1808     6.5114      1.429    32.3283    24.2884 -9.990e-29
 264.574959      1.436  38.319558    13.1857     6.5156      1.424    32.3295    24.2883 -9.990e-29
 264.574965      1.432  38.331245    13.1928     6.5298      1.420    32.3345    24.2908 -9.990e-29
 264.574971      1.436  38.343209    13.2003     6.5186      1.424    32.3393    24.2930 -9.990e-29
 264.574977      1.442  38.350670    13.2058     6.4968      1.430    32.3416    24.2937 -9.990e-29
 264.574983      1.447  38.354612    13.2090     6.4910      1.435    32.3426    24.2939 -9.990e-29
 264.574988      1.450  38.356930    13.2118     6.5021      1.438    32.3424    24.2931 -9.990e-29
 264.574994      1.453  38.359036    13.2145     6.5206      1.441    32.3421    24.2924 -9.990e-29
 264.575000      1.455  38.358695    13.2165     6.5017      1.443    32.3401    24.2904 -9.990e-29
 264.575006      1.457  38.357132    13.2201     6.4657      1.445    32.3355    24.2862 -9.990e-29
 264.575012      1.458  38.361789    13.2275     6.4398      1.446    32.3336    24.2832 -9.990e-29
 264.575017      1.459  38.370473    13.2355     6.4402      1.447    32.3350    24.2827 -9.990e-29
 264.575023      1.460  38.374589    13.2404     6.4644      1.448    32.3346    24.2815 -9.990e-29
 264.575029      1.461  38.374586    13.2429     6.4863      1.449    32.3325    24.2793 -9.990e-29
 264.575035      1.461  38.374384    13.2443     6.5060      1.449    32.3311    24.2780 -9.990e-29
 264.575041      1.462  38.374833    13.2446     6.5015      1.450    32.3313    24.2781 -9.990e-29
 264.575046      1.462  38.374852    13.2428     6.4960      1.450    32.3329    24.2796 -9.990e-29
 264.575052      1.462  38.373348    13.2388     6.4892      1.450    32.3348    24.2819 -9.990e-29
 264.575058      1.462  38.371115    13.2339     6.4839      1.450    32.3369    24.2845 -9.990e-29
 264.575064      1.463  38.368538    13.2299     6.5043      1.451    32.3379    24.2861 -9.990e-29
 264.575069      1.463  38.366102    13.2278     6.5084      1.451    32.3374    24.2861 -9.990e-29
 264.575075      1.463  38.365043    13.2280     6.5080      1.451    32.3362    24.2852 -9.990e-29
 264.575081      1.463  38.365067    13.2300     6.5103      1.451    32.3346    24.2835 -9.990e-29
 264.575087      1.463  38.366207    13.2321     6.5095      1.451    32.3338    24.2825 -9.990e-29
 264.575093      1.463  38.368302    13.2329     6.5050      1.451    32.3351    24.2833 -9.990e-29
 264.575098      1.463  38.368542    13.2331     6.5020      1.451    32.3352    24.2833 -9.990e-29
 264.575104      1.463  38.367249    13.2351     6.4974      1.451    32.3323    24.2807 -9.990e-29
 264.575110      1.463  38.369983    13.2406     6.4713      1.451    32.3302    24.2780 -9.990e-29
 264.575116      1.463  38.377585    13.2479     6.4367      1.451    32.3311    24.2772 -9.990e-29
 264.575122      1.463  38.384505    13.2537     6.4040      1.451    32.3326    24.2773 -9.990e-29
 264.575127      1.463  38.387644    13.2566     6.4231      1.451    32.3331    24.2771 -9.990e-29
 264.575133      1.463  38.387825    13.2568     6.4528      1.451    32.3331    24.2770 -9.990e-29
 264.575139      1.463  38.385851    13.2551     6.4939      1.451    32.3327    24.2771 -9.990e-29
 264.575145      1.463  38.383014    13.2533     6.5180      1.451    32.3316    24.2765 -9.990e-29
 264.575150      1.463  38.381692    13.2525     6.5233      1.451    32.3310    24.2763 -9.990e-29
 264.575156      1.463  38.381805    13.2521     6.5189      1.451    32.3315    24.2767 -9.990e-29
 264.575162      1.463  38.381261    13.2509     6.5009      1.451    32.3320    24.2773 -9.990e-29
 264.575168      1.463  38.378777    13.2493     6.4836      1.451    32.3310    24.2769 -9.990e-29
 264.575174      1.463  38.376083    13.2482     6.4761      1.451    32.3294    24.2759 -9.990e-29
 264.575179      1.463  38.375748    13.2481     6.4587      1.451    32.3292    24.2757 -9.990e-29
 264.575185      1.463  38.376767    13.2488     6.4526      1.451    32.3295    24.2759 -9.990e-29
 264.575191      1.463  38.378255    13.2501     6.4601      1.451    32.3298    24.2758 -9.990e-29
 264.575197      1.463  38.381076    13.2517     6.4851      1.451    32.3311    24.2765 -9.990e-29
 264.575203      1.463  38.383949    13.2526     6.5128      1.451    32.3331    24.2778 -9.990e-29
 264.575208      1.463  38.385103    13.2525     6.5173      1.451    32.3342    24.2787 -9.990e-29
 264.575214      1.463  38.384956    13.2522     6.4971      1.451    32.3343    24.2789 -9.990e-29
 264.575220      1.463  38.384993    13.2526     6.4755      1.451    32.3340    24.2786 -9.990e-29
 264.575226      1.463  38.386943    13.2536     6.4678      1.451    32.3350    24.2791 -9.990e-29
 264.575231      1.463  38.389483    13.2542     6.4831      1.451    32.3369    24.2805 -9.990e-29
 264.575237      1.463  38.389277    13.2544     6.4999      1.451    32.3365    24.2801 -9.990e-29
 264.575243      1.463  38.387174    13.2548     6.4979      1.451    32.3342    24.2783 -9.990e-29
 264.575249      1.463  38.385972    13.2551     6.4936      1.451    32.3328    24.2772 -9.990e-29
 264.575255      1.463  38.385747    13.2552     6.4797      1.451    32.3325    24.2769 -9.990e-29
 264.575260      1.463  38.385082    13.2553     6.4763      1.451    32.3318    24.2763 -9.990e-29
 264.575266      1.463  38.384210    13.2557     6.4854      1.451    32.3307    24.2754 -9.990e-29
 264.575272      1.462  38.384768    13.2569     6.4880      1.450    32.3302    24.2747 -9.990e-29
 264.575278      1.462  38.386941    13.2584     6.4973      1.450    32.3309    24.2750 -9.990e-29
 264.575284      1.462  38.389704    13.2600     6.5102      1.450    32.3322    24.2757 -9.990e-29
 264.575289      1.462  38.392259    13.2612     6.4979      1.450    32.3335    24.2765 -9.990e-29
 264.575295      1.461  38.393530    13.2617     6.4933      1.449    32.3343    24.2770 -9.990e-29
 264.575301      1.461  38.393532    13.2621     6.4998      1.449    32.3340    24.2766 -9.990e-29
 264.575307      1.460  38.393387    13.2633     6.5062      1.448    32.3328    24.2755 -9.990e-29
 264.575313      1.459  38.393463    13.2655     6.5198      1.447    32.3310    24.2737 -9.990e-29
 264.575318      1.458  38.393860    13.2677     6.5185      1.446    32.3295    24.2721 -9.990e-29
 264.575324      1.457  38.394549    13.2694     6.5046      1.445    32.3287    24.2711 -9.990e-29
 264.575330      1.455  38.395328    13.2699     6.4988      1.443    32.3290    24.2713 -9.990e-29
 264.575336      1.453  38.395555    13.2690     6.5021      1.441    32.3300    24.2722 -9.990e-29
 264.575341      1.450  38.394974    13.2678     6.4990      1.438    32.3305    24.2728 -9.990e-29
 264.575347      1.447  38.394490    13.2673     6.5005      1.435    32.3304    24.2729 -9.990e-29
 264.575353      1.442  38.394578    13.2675     6.4932      1.430    32.3304    24.2728 -9.990e-29
 264.575359      1.440  38.394795    13.2680     6.4839      1.428    32.3301    24.2725 -9.990e-29
 264.575365      1.446  38.394872    13.2685     6.4914      1.434    32.3298    24.2721 -9.990e-29
 264.575370      1.454  38.394911    13.2685     6.5008      1.442    32.3298    24.2722 -9.990e-29
 264.575376      1.462  38.394962    13.2684     6.5075      1.450    32.3300    24.2723 -9.990e-29
 264.575382      1.470  38.395096    13.2684     6.5035      1.458    32.3301    24.2724 -9.990e-29
 264.575388      1.478  38.394929    13.2685     6.5103      1.466    32.3298    24.2722 -9.990e-29
 264.575394      1.487  38.394241    13.2684     6.5161      1.475    32.3293    24.2718 -9.990e-29
 264.575399      1.494  38.393233    13.2674     6.5183      1.482    32.3292    24.2719 -9.990e-29
 264.575405      1.494  38.391123    13.2655     6.5059      1.482    32.3288    24.2720 -9.990e-29
 264.575411      1.492  38.388459    13.2643     6.4890      1.480    32.3273    24.2711 -9.990e-29
 264.575417      1.491  38.387852    13.2645     6.4909      1.479    32.3266    24.2705 -9.990e-29
 264.575422      1.492  38.388492    13.2640     6.5088      1.480    32.3276    24.2714 -9.990e-29
 264.575428      1.496  38.386750    13.2612     6.5265      1.484    32.3284    24.2725 -9.990e-29
 264.575434      1.501  38.382545    13.2576     6.5359      1.488    32.3275    24.2725 -9.990e-29
 264.575440      1.508  38.379236    13.2561     6.5372      1.495    32.3256    24.2714 -9.990e-29
 264.575446      1.514  38.379135    13.2572     6.5372      1.501    32.3246    24.2704 -9.990e-29
 264.575451      1.515  38.381545    13.2596     6.5348      1.502    32.3248    24.2701 -9.990e-29
 264.575457      1.515  38.384075    13.2612     6.5369      1.502    32.3258    24.2705 -9.990e-29
 264.575463      1.514  38.385056    13.2615     6.5215      1.501    32.3265    24.2710 -9.990e-29
 264.575469      1.507  38.384301    13.2599     6.5088      1.494    32.3272    24.2718 -9.990e-29
 264.575475      1.499  38.382477    13.2560     6.5121      1.486    32.3288    24.2738 -9.990e-29
 264.575480      1.494  38.380109    13.2517     6.5199      1.482    32.3302    24.2758 -9.990e-29
 264.575486      1.490  38.377909    13.2499     6.5227      1.478    32.3297    24.2757 -9.990e-29
 264.575492      1.488  38.376996    13.2510     6.5292      1.476    32.3279    24.2741 -9.990e-29
 264.575498      1.488  38.377224    13.2526     6.5323      1.476    32.3267    24.2729 -9.990e-29
 264.575503      1.489  38.377164    13.2526     6.5324      1.477    32.3267    24.2729 -9.990e-29
 264.575509      1.488  38.375567    13.2511     6.5276      1.476    32.3265    24.2730 -9.990e-29
 264.575515      1.484  38.372495    13.2499     6.5217      1.472    32.3246    24.2718 -9.990e-29
 264.575521      1.486  38.370527    13.2502     6.5057      1.474    32.3225    24.2701 -9.990e-29
 264.575527      1.493  38.372034    13.2510     6.5045      1.481    32.3232    24.2705 -9.990e-29
 264.575532      1.497  38.374492    13.2507     6.5202      1.485    32.3258    24.2726 -9.990e-29
 264.575538      1.496  38.374963    13.2495     6.5198      1.484    32.3272    24.2739 -9.990e-29
 264.575544      1.492  38.374586    13.2488     6.5180      1.480    32.3275    24.2743 -9.990e-29
 264.575550      1.490  38.374491    13.2488     6.4941      1.478    32.3274    24.2742 -9.990e-29
 264.575556      1.490  38.374500    13.2487     6.4664      1.478    32.3275    24.2743 -9.990e-29
 264.575561      1.492  38.374575    13.2484     6.4669      1.480    32.3278    24.2746 -9.990e-29
 264.575567      1.495  38.374769    13.2485     6.4872      1.483    32.3279    24.2747 -9.990e-29
 264.575573      1.501  38.375290    13.2491     6.4969      1.488    32.3279    24.2745 -9.990e-29
 264.575579      1.509  38.376222    13.2489     6.4911      1.496    32.3289    24.2754 -9.990e-29
 264.575584      1.515  38.377078    13.2482     6.4850      1.502    32.3303    24.2766 -9.990e-29
 264.575590      1.516  38.377268    13.2479     6.4937      1.503    32.3308    24.2770 -9.990e-29
 264.575596      1.517  38.376996    13.2485     6.5154      1.504    32.3300    24.2763 -9.990e-29
 264.575602      1.516  38.376968    13.2491     6.5309      1.503    32.3295    24.2757 -9.990e-29
 264.575608      1.510  38.377097    13.2486     6.5230      1.497    32.3300    24.2763 -9.990e-29
 264.575613      1.503  38.376386    13.2472     6.5062      1.490    32.3305    24.2769 -9.990e-29
 264.575619      1.499  38.374399    13.2461     6.4906      1.486    32.3296    24.2764 -9.990e-29
 264.575625      1.496  38.372918    13.2470     6.4944      1.484    32.3275    24.2746 -9.990e-29
 264.575631      1.496  38.373841    13.2491     6.5010      1.484    32.3265    24.2735 -9.990e-29
 264.575637      1.498  38.375546    13.2503     6.5120      1.485    32.3271    24.2737 -9.990e-29
 264.575642      1.502  38.376336    13.2499     6.5156      1.489    32.3282    24.2746 -9.990e-29
 264.575648      1.505  38.376095    13.2485     6.5191      1.492    32.3292    24.2756 -9.990e-29
 264.575654      1.501  38.374452    13.2470     6.5313      1.488    32.3289    24.2757 -9.990e-29
 264.575660      1.496  38.373088    13.2466     6.5378      1.484    32.3280    24.2751 -9.990e-29
 264.575666      1.493  38.373498    13.2472     6.5309      1.481    32.3278    24.2749 -9.990e-29
