data/oxygen options/ONMS/Olympic_Coast_National_Marine_Sanctuary_CTD_Data_2005_2023/raw_data/2012/CAST_TH015_121008faed.cnv
* Sea-Bird SBE19 Data File:
* FileName = C:\Documents and Settings\OCNMS\Desktop\2012 mooring data\RECOVERY\CAST_TH015_121008.hex
* Software Version 1.25
* Temperature SN = 2997
* Conductivity SN = 2997
* System UpLoad Time = Oct 09 2012 08:00:49
** CAST_TH015_121008
* SEACAT PROFILER V3.1c SN 2997   10/09/12  08:00:02.945
# nquan = 9                                 
# nvalues = 5150                        
# units = specified
# name 0 = timeJ: Julian Days
# name 1 = prSM: Pressure, Strain Gauge [db]
# name 2 = c0mS/cm: Conductivity [mS/cm]
# name 3 = t090C: Temperature [ITS-90, deg C]
# name 4 = sbeox0ML/L: Oxygen, SBE 43 [ml/l]
# name 5 = depSM: Depth [salt water, m], lat = 47.5
# name 6 = sal00: Salinity, Practical [PSU]
# name 7 = sigma-é00: Density [sigma-theta, kg/m^3]
# name 8 = flag: flag
# span 0 = 282.575428, 282.605226       
# span 1 =     -5.275,     15.858       
# span 2 =   0.034337,  36.772941       
# span 3 =     8.6753,    13.0892       
# span 4 =   -14.9705,    15.2619       
# span 5 =     -5.231,     15.725       
# span 6 =     0.0240,    33.6571       
# span 7 =    -0.6069,    25.9080       
# span 8 = 0.0000e+00, 0.0000e+00       
# interval = seconds: 0.5
# start_time = Oct 08 2012 13:48:37 [Instrument's time stamp, header]
# bad_flag = -9.990e-29
*END*
[from data line 1441]
 282.583767      0.671   1.266875    11.2297    -1.8757      0.665     0.8751     0.2688 -9.990e-29
 282.583773      0.676   1.249943    11.2373    -1.8758      0.670     0.8627     0.2583 -9.990e-29
 282.583779      0.682   1.229566    11.2445    -1.8761      0.676     0.8478     0.2459 -9.990e-29
 282.583785      0.686   1.210700    11.2510    -1.8761      0.680     0.8341     0.2344 -9.990e-29
 282.583791      0.683   1.196256    11.2564    -1.8762      0.677     0.8235     0.2256 -9.990e-29
 282.583796      0.677   1.184151    11.2603    -1.8761      0.671     0.8147     0.2183 -9.990e-29
 282.583802      0.672   1.170799    11.2630    -1.8761      0.666     0.8051     0.2105 -9.990e-29
 282.583808      0.669   1.155561    11.2658    -1.8760      0.663     0.7940     0.2016 -9.990e-29
 282.583814      0.667   1.142856    11.2694    -1.8757      0.661     0.7848     0.1940 -9.990e-29
 282.583819      0.665   1.135681    11.2725    -1.8759      0.659     0.7796     0.1896 -9.990e-29
 282.583825      0.664   1.130005    11.2736    -1.8756      0.658     0.7755     0.1863 -9.990e-29
 282.583831      0.664   1.121030    11.2733    -1.8757      0.658     0.7691     0.1813 -9.990e-29
 282.583837      0.664   1.109528    11.2726    -1.8758      0.658     0.7608     0.1749 -9.990e-29
 282.583843      0.665   1.098991    11.2721    -1.8759      0.659     0.7533     0.1691 -9.990e-29
 282.583848      0.667   1.091985    11.2728    -1.8760      0.661     0.7483     0.1650 -9.990e-29
 282.583854      0.669   1.089136    11.2749    -1.8760      0.663     0.7462     0.1632 -9.990e-29
 282.583860      0.672   1.087753    11.2781    -1.8761      0.666     0.7451     0.1620 -9.990e-29
 282.583866      0.677   1.084885    11.2818    -1.8762      0.671     0.7430     0.1600 -9.990e-29
 282.583872      0.682   1.080027    11.2852    -1.8763      0.676     0.7395     0.1568 -9.990e-29
 282.583877      0.686   1.072794    11.2881    -1.8763      0.680     0.7342     0.1524 -9.990e-29
 282.583883      0.682   1.063510    11.2896    -1.8763      0.676     0.7276     0.1471 -9.990e-29
 282.583889      0.676   1.054194    11.2894    -1.8765      0.670     0.7209     0.1419 -9.990e-29
 282.583895      0.671   1.046270    11.2885    -1.8767      0.665     0.7152     0.1376 -9.990e-29
 282.583900      0.668   1.040250    11.2878    -1.8768      0.662     0.7110     0.1343 -9.990e-29
 282.583906      0.665   1.035858    11.2875    -1.8769      0.659     0.7078     0.1319 -9.990e-29
 282.583912      0.663   1.031115    11.2875    -1.8770      0.657     0.7044     0.1292 -9.990e-29
 282.583918      0.661   1.023570    11.2876    -1.8773      0.655     0.6991     0.1250 -9.990e-29
 282.583924      0.660   1.013134    11.2874    -1.8774      0.654     0.6916     0.1192 -9.990e-29
 282.583929      0.659   1.002505    11.2870    -1.8777      0.653     0.6840     0.1133 -9.990e-29
 282.583935      0.658   0.994677    11.2858    -1.8779      0.653     0.6785     0.1091 -9.990e-29
 282.583941      0.657   0.990841    11.2835    -1.8779      0.652     0.6758     0.1073 -9.990e-29
 282.583947      0.657   0.989205    11.2811    -1.8779      0.652     0.6747     0.1066 -9.990e-29
 282.583953      0.656   0.986479    11.2791    -1.8780      0.651     0.6728     0.1054 -9.990e-29
 282.583958      0.656   0.981244    11.2772    -1.8781      0.651     0.6691     0.1027 -9.990e-29
 282.583964      0.656   0.974825    11.2747    -1.8783      0.651     0.6646     0.0994 -9.990e-29
 282.583970      0.656   0.969185    11.2715    -1.8783      0.651     0.6606     0.0967 -9.990e-29
 282.583976      0.656   0.965109    11.2679    -1.8784      0.651     0.6578     0.0948 -9.990e-29
 282.583981      0.656   0.962146    11.2642    -1.8785      0.651     0.6557     0.0936 -9.990e-29
 282.583987      0.656   0.959114    11.2611    -1.8788      0.651     0.6536     0.0923 -9.990e-29
 282.583993      0.656   0.955846    11.2596    -1.8791      0.651     0.6513     0.0907 -9.990e-29
 282.583999      0.656   0.952966    11.2589    -1.8793      0.651     0.6493     0.0891 -9.990e-29
 282.584005      0.656   0.949957    11.2577    -1.8795      0.651     0.6472     0.0876 -9.990e-29
 282.584010      0.656   0.946127    11.2557    -1.8795      0.651     0.6445     0.0857 -9.990e-29
 282.584016      0.657   0.941909    11.2538    -1.8794      0.652     0.6415     0.0836 -9.990e-29
 282.584022      0.657   0.937768    11.2524    -1.8795      0.652     0.6386     0.0815 -9.990e-29
 282.584028      0.658   0.933719    11.2506    -1.8797      0.653     0.6357     0.0794 -9.990e-29
 282.584034      0.658   0.930454    11.2472    -1.8799      0.653     0.6335     0.0780 -9.990e-29
 282.584039      0.659   0.928603    11.2426    -1.8801      0.653     0.6322     0.0776 -9.990e-29
 282.584045      0.661   0.927361    11.2381    -1.8805      0.655     0.6314     0.0774 -9.990e-29
 282.584051      0.662   0.925068    11.2344    -1.8808      0.656     0.6299     0.0766 -9.990e-29
 282.584057      0.664   0.920882    11.2321    -1.8808      0.658     0.6269     0.0745 -9.990e-29
 282.584063      0.667   0.915866    11.2313    -1.8808      0.661     0.6234     0.0718 -9.990e-29
 282.584068      0.671   0.911637    11.2312    -1.8808      0.665     0.6204     0.0695 -9.990e-29
 282.584074      0.675   0.908648    11.2302    -1.8807      0.669     0.6183     0.0680 -9.990e-29
 282.584080      0.681   0.906236    11.2277    -1.8806      0.675     0.6166     0.0669 -9.990e-29
 282.584086      0.684   0.903397    11.2237    -1.8805      0.678     0.6147     0.0658 -9.990e-29
 282.584091      0.680   0.899670    11.2185    -1.8804      0.674     0.6121     0.0644 -9.990e-29
 282.584097      0.674   0.895621    11.2126    -1.8806      0.668     0.6093     0.0628 -9.990e-29
 282.584103      0.669   0.892496    11.2079    -1.8804      0.663     0.6072     0.0616 -9.990e-29
 282.584109      0.665   0.891112    11.2060    -1.8806      0.659     0.6062     0.0611 -9.990e-29
 282.584115      0.661   0.890176    11.2062    -1.8806      0.655     0.6056     0.0605 -9.990e-29
 282.584120      0.658   0.887332    11.2073    -1.8807      0.653     0.6035     0.0588 -9.990e-29
 282.584126      0.655   0.882664    11.2090    -1.8808      0.650     0.6002     0.0560 -9.990e-29
 282.584132      0.652   0.878805    11.2115    -1.8799      0.647     0.5974     0.0536 -9.990e-29
 282.584138      0.649   0.876700    11.2144    -1.8782      0.644     0.5959     0.0521 -9.990e-29
 282.584144      0.646   0.874095    11.2163    -1.8770      0.641     0.5940     0.0504 -9.990e-29
 282.584149      0.641   0.869733    11.2167    -1.8768      0.636     0.5909     0.0480 -9.990e-29
 282.584155      0.637   0.864995    11.2162    -1.8771      0.632     0.5875     0.0454 -9.990e-29
 282.584161      0.630   0.861867    11.2152    -1.8774      0.625     0.5854     0.0438 -9.990e-29
 282.584167      0.627   0.861164    11.2142    -1.8775      0.622     0.5849     0.0435 -9.990e-29
 282.584172      0.630   0.861948    11.2132    -1.8775      0.625     0.5854     0.0441 -9.990e-29
 282.584178      0.636   0.864708    11.2123    -1.8771      0.631     0.5874     0.0457 -9.990e-29
 282.584184      0.641   0.877000    11.2127    -1.8764      0.636     0.5961     0.0525 -9.990e-29
 282.584190      0.645   0.917983    11.2143    -1.8764      0.640     0.6252     0.0750 -9.990e-29
 282.584196      0.649   1.003533    11.2163    -1.8770      0.644     0.6861     0.1224 -9.990e-29
 282.584201      0.652   1.115917    11.2184    -1.8775      0.647     0.7665     0.1851 -9.990e-29
 282.584207      0.654   1.206707    11.2200    -1.8776      0.649     0.8319     0.2360 -9.990e-29
 282.584213      0.657   1.241876    11.2202    -1.8775      0.652     0.8573     0.2558 -9.990e-29
 282.584219      0.660   1.233975    11.2194    -1.8773      0.654     0.8516     0.2515 -9.990e-29
 282.584225      0.663   1.218442    11.2188    -1.8771      0.657     0.8404     0.2428 -9.990e-29
 282.584230      0.667   1.215554    11.2184    -1.8771      0.661     0.8383     0.2412 -9.990e-29
 282.584236      0.671   1.230320    11.2182    -1.8767      0.665     0.8490     0.2496 -9.990e-29
 282.584242      0.677   1.262488    11.2178    -1.8754      0.671     0.8722     0.2678 -9.990e-29
 282.584248      0.680   1.294019    11.2168    -1.8742      0.674     0.8951     0.2858 -9.990e-29
 282.584253      0.675   1.297160    11.2156    -1.8743      0.669     0.8974     0.2877 -9.990e-29
 282.584259      0.668   1.272774    11.2153    -1.8748      0.662     0.8797     0.2739 -9.990e-29
 282.584265      0.661   1.245952    11.2172    -1.8750      0.655     0.8603     0.2585 -9.990e-29
 282.584271      0.655   1.230783    11.2217    -1.8751      0.650     0.8492     0.2494 -9.990e-29
 282.584277      0.649   1.223658    11.2272    -1.8747      0.644     0.8440     0.2447 -9.990e-29
 282.584282      0.642   1.216184    11.2310    -1.8744      0.637     0.8385     0.2400 -9.990e-29
 282.584288      0.635   1.208364    11.2318    -1.8748      0.630     0.8328     0.2355 -9.990e-29
 282.584294      0.631   1.219127    11.2309    -1.8753      0.626     0.8406     0.2417 -9.990e-29
 282.584300      0.634   1.276115    11.2303    -1.8757      0.629     0.8818     0.2739 -9.990e-29
 282.584306      0.639   1.372225    11.2304    -1.8756      0.634     0.9515     0.3284 -9.990e-29
 282.584311      0.644   1.452251    11.2308    -1.8755      0.639     1.0098     0.3739 -9.990e-29
 282.584317      0.648   1.476096    11.2306    -1.8754      0.643     1.0272     0.3875 -9.990e-29
 282.584323      0.651   1.461702    11.2300    -1.8757      0.646     1.0168     0.3794 -9.990e-29
 282.584329      0.655   1.447491    11.2298    -1.8759      0.650     1.0064     0.3713 -9.990e-29
 282.584334      0.658   1.451079    11.2304    -1.8761      0.653     1.0090     0.3732 -9.990e-29
 282.584340      0.661   1.464504    11.2315    -1.8759      0.655     1.0188     0.3808 -9.990e-29
 282.584346      0.665   1.464118    11.2326    -1.8760      0.659     1.0184     0.3804 -9.990e-29
 282.584352      0.669   1.436665    11.2343    -1.8760      0.663     0.9984     0.3645 -9.990e-29
 282.584358      0.675   1.396505    11.2374    -1.8748      0.669     0.9690     0.3413 -9.990e-29
 282.584363      0.682   1.362660    11.2417    -1.8728      0.676     0.9443     0.3215 -9.990e-29
 282.584369      0.686   1.338751    11.2460    -1.8717      0.680     0.9268     0.3074 -9.990e-29
 282.584375      0.683   1.317272    11.2490    -1.8722      0.677     0.9112     0.2949 -9.990e-29
 282.584381      0.678   1.290631    11.2507    -1.8724      0.672     0.8918     0.2796 -9.990e-29
 282.584387      0.674   1.260421    11.2521    -1.8722      0.668     0.8699     0.2623 -9.990e-29
 282.584392      0.671   1.234551    11.2542    -1.8717      0.665     0.8512     0.2475 -9.990e-29
 282.584398      0.670   1.217854    11.2572    -1.8718      0.664     0.8391     0.2377 -9.990e-29
 282.584404      0.669   1.209112    11.2607    -1.8720      0.663     0.8327     0.2323 -9.990e-29
 282.584410      0.670   1.209964    11.2644    -1.8722      0.664     0.8332     0.2323 -9.990e-29
 282.584416      0.671   1.242037    11.2676    -1.8724      0.665     0.8563     0.2500 -9.990e-29
 282.584421      0.674   1.329260    11.2701    -1.8731      0.668     0.9194     0.2990 -9.990e-29
 282.584427      0.677   1.445019    11.2727    -1.8736      0.671     1.0034     0.3644 -9.990e-29
 282.584433      0.682   1.522629    11.2759    -1.8742      0.676     1.0600     0.4082 -9.990e-29
 282.584439      0.685   1.537045    11.2795    -1.8743      0.679     1.0704     0.4159 -9.990e-29
 282.584444      0.680   1.525216    11.2828    -1.8742      0.674     1.0617     0.4088 -9.990e-29
 282.584450      0.674   1.520677    11.2853    -1.8743      0.668     1.0583     0.4059 -9.990e-29
 282.584456      0.668   1.520698    11.2881    -1.8744      0.662     1.0582     0.4055 -9.990e-29
 282.584462      0.663   1.509240    11.2912    -1.8746      0.657     1.0498     0.3986 -9.990e-29
 282.584468      0.659   1.479890    11.2924    -1.8744      0.653     1.0283     0.3817 -9.990e-29
 282.584473      0.659   1.438386    11.2899    -1.8746      0.653     0.9981     0.3584 -9.990e-29
 282.584479      0.663   1.394761    11.2854    -1.8743      0.657     0.9665     0.3342 -9.990e-29
 282.584485      0.664   1.355699    11.2819    -1.8739      0.658     0.9382     0.3125 -9.990e-29
 282.584491      0.661   1.321817    11.2813    -1.8743      0.655     0.9137     0.2934 -9.990e-29
 282.584497      0.659   1.294467    11.2831    -1.8744      0.653     0.8938     0.2777 -9.990e-29
 282.584502      0.657   1.274777    11.2854    -1.8745      0.652     0.8796     0.2663 -9.990e-29
 282.584508      0.654   1.257505    11.2876    -1.8743      0.649     0.8670     0.2562 -9.990e-29
 282.584514      0.652   1.237348    11.2903    -1.8748      0.647     0.8524     0.2445 -9.990e-29
 282.584520      0.650   1.214571    11.2937    -1.8753      0.645     0.8359     0.2313 -9.990e-29
 282.584525      0.647   1.192594    11.2978    -1.8755      0.642     0.8200     0.2184 -9.990e-29
 282.584531      0.644   1.173685    11.3038    -1.8754      0.639     0.8063     0.2070 -9.990e-29
 282.584537      0.640   1.157003    11.3091    -1.8752      0.635     0.7942     0.1970 -9.990e-29
 282.584543      0.635   1.141354    11.3105    -1.8750      0.630     0.7829     0.1881 -9.990e-29
 282.584549      0.629   1.126366    11.3104    -1.8750      0.624     0.7721     0.1797 -9.990e-29
 282.584554      0.626   1.111441    11.3112    -1.8748      0.621     0.7614     0.1712 -9.990e-29
 282.584560      0.629   1.096616    11.3108    -1.8746      0.624     0.7508     0.1630 -9.990e-29
 282.584566      0.635   1.083173    11.3071    -1.8744      0.630     0.7413     0.1559 -9.990e-29
 282.584572      0.639   1.071463    11.3025    -1.8744      0.634     0.7330     0.1499 -9.990e-29
 282.584578      0.643   1.060276    11.3011    -1.8742      0.638     0.7250     0.1438 -9.990e-29
 282.584583      0.646   1.048539    11.3033    -1.8740      0.641     0.7166     0.1370 -9.990e-29
 282.584589      0.648   1.036667    11.3073    -1.8741      0.643     0.7080     0.1299 -9.990e-29
 282.584595      0.650   1.026553    11.3111    -1.8740      0.645     0.7008     0.1238 -9.990e-29
 282.584601      0.651   1.019111    11.3148    -1.8739      0.646     0.6954     0.1192 -9.990e-29
 282.584606      0.652   1.013280    11.3197    -1.8735      0.647     0.6911     0.1154 -9.990e-29
 282.584612      0.653   1.007378    11.3255    -1.8732      0.648     0.6868     0.1114 -9.990e-29
 282.584618      0.654   0.999628    11.3310    -1.8730      0.649     0.6812     0.1064 -9.990e-29
 282.584624      0.655   0.989663    11.3357    -1.8727      0.650     0.6740     0.1003 -9.990e-29
 282.584630      0.656   0.979151    11.3402    -1.8724      0.651     0.6665     0.0939 -9.990e-29
 282.584635      0.657   0.970137    11.3436    -1.8721      0.652     0.6600     0.0885 -9.990e-29
 282.584641      0.658   0.963893    11.3458    -1.8719      0.653     0.6555     0.0847 -9.990e-29
 282.584647      0.659   0.959848    11.3489    -1.8716      0.653     0.6526     0.0821 -9.990e-29
 282.584653      0.660   0.955930    11.3546    -1.8713      0.654     0.6497     0.0793 -9.990e-29
 282.584659      0.662   0.950240    11.3623    -1.8715      0.656     0.6456     0.0752 -9.990e-29
 282.584664      0.664   0.942391    11.3700    -1.8717      0.658     0.6399     0.0699 -9.990e-29
 282.584670      0.667   0.934100    11.3765    -1.8719      0.661     0.6339     0.0645 -9.990e-29
 282.584676      0.670   0.928159    11.3827    -1.8719      0.664     0.6296     0.0605 -9.990e-29
 282.584682      0.674   0.926060    11.3893    -1.8718      0.668     0.6280     0.0585 -9.990e-29
