data/oxygen options/ONMS/Olympic_Coast_National_Marine_Sanctuary_CTD_Data_2005_2023/raw_data/2012/CAST_CA015_1200829faed.cnv
* Sea-Bird SBE19 Data File:
* FileName = C:\Documents and Settings\OCNMS\Desktop\2012 mooring data\2nd service\CAST_CA015_1200829.hex
* Software Version 1.25
* Temperature SN = 2997
* Conductivity SN = 2997
* System UpLoad Time = Aug 30 2012 08:47:23
** CAST_CA015_120829
* SEACAT PROFILER V3.1c SN 2997   08/30/12  08:43:06.385
# nquan = 9                                 
# nvalues = 799                         
# units = specified
# name 0 = timeJ: Julian Days
# name 1 = prSM: Pressure, Strain Gauge [db]
# name 2 = c0mS/cm: Conductivity [mS/cm]
# name 3 = t090C: Temperature [ITS-90, deg C]
# name 4 = sbeox0ML/L: Oxygen, SBE 43 [ml/l]
# name 5 = depSM: Depth [salt water, m], lat = 47.5
# name 6 = sal00: Salinity, Practical [PSU]
# name 7 = sigma-é00: Density [sigma-theta, kg/m^3]
# name 8 = flag: flag
# span 0 = 242.593079, 242.597697       
# span 1 =     -5.509,     14.800       
# span 2 =   0.198396,  38.192051       
# span 3 =    10.8548,    15.1320       
# span 4 =    -1.7417,    24.5392       
# span 5 =     -5.463,     14.676       
# span 6 =     0.1183,    32.7232       
# span 7 =    -0.8061,    25.0286       
# span 8 = 0.0000e+00, 0.0000e+00       
# interval = seconds: 0.5
# start_time = Aug 29 2012 14:14:02 [Instrument's time stamp, header]
# bad_flag = -9.990e-29
*END*
[from data line 321]
 242.594936     -0.941   1.497970    14.9248    -1.7280     -0.933     0.9482    -0.1538 -9.990e-29
 242.594942     -0.938   1.475448    14.9281    -1.7280     -0.930     0.9332    -0.1659 -9.990e-29
 242.594948     -0.933   1.434299    14.9291    -1.7280     -0.925     0.9059    -0.1871 -9.990e-29
 242.594954     -0.927   1.386130    14.9281    -1.7278     -0.919     0.8740    -0.2115 -9.990e-29
 242.594959     -0.918   1.347587    14.9266    -1.7276     -0.910     0.8486    -0.2309 -9.990e-29
 242.594965     -0.906   1.324882    14.9255    -1.7279     -0.898     0.8337    -0.2423 -9.990e-29
 242.594971     -0.896   1.312115    14.9249    -1.7276     -0.889     0.8253    -0.2487 -9.990e-29
 242.594977     -0.889   1.294477    14.9255    -1.7275     -0.882     0.8137    -0.2578 -9.990e-29
 242.594983     -0.887   1.262853    14.9279    -1.7269     -0.880     0.7928    -0.2742 -9.990e-29
 242.594988     -0.889   1.224368    14.9313    -1.7263     -0.882     0.7675    -0.2943 -9.990e-29
 242.594994     -0.890   1.190849    14.9339    -1.7259     -0.883     0.7455    -0.3117 -9.990e-29
 242.595000     -0.886   1.168001    14.9345    -1.7255     -0.879     0.7305    -0.3234 -9.990e-29
 242.595006     -0.878   1.156929    14.9328    -1.7255     -0.871     0.7233    -0.3287 -9.990e-29
 242.595012     -0.865   1.161700    14.9315    -1.7250     -0.858     0.7265    -0.3261 -9.990e-29
 242.595017     -0.850   1.185351    14.9347    -1.7244     -0.843     0.7419    -0.3146 -9.990e-29
 242.595023     -0.841   1.205697    14.9430    -1.7241     -0.834     0.7551    -0.3057 -9.990e-29
 242.595029     -0.837   1.197808    14.9542    -1.7242     -0.830     0.7497    -0.3116 -9.990e-29
 242.595035     -0.833   1.172208    14.9669    -1.7241     -0.826     0.7327    -0.3266 -9.990e-29
 242.595041     -0.830   1.150703    14.9789    -1.7240     -0.823     0.7184    -0.3395 -9.990e-29
 242.595046     -0.823   1.143386    14.9887    -1.7235     -0.816     0.7135    -0.3448 -9.990e-29
 242.595052     -0.811   1.148808    14.9966    -1.7230     -0.804     0.7169    -0.3434 -9.990e-29
 242.595058     -0.798   1.158138    15.0040    -1.7223     -0.791     0.7228    -0.3399 -9.990e-29
 242.595064     -0.784   1.166094    15.0130    -1.7223     -0.777     0.7279    -0.3374 -9.990e-29
 242.595069     -0.771   1.173314    15.0232    -1.7222     -0.765     0.7324    -0.3354 -9.990e-29
 242.595075     -0.763   1.180012    15.0314    -1.7223     -0.757     0.7366    -0.3334 -9.990e-29
 242.595081     -0.760   1.182380    15.0365    -1.7218     -0.754     0.7381    -0.3331 -9.990e-29
 242.595087     -0.761   1.178591    15.0415    -1.7212     -0.755     0.7355    -0.3358 -9.990e-29
 242.595093     -0.766   1.170793    15.0495    -1.7209     -0.760     0.7303    -0.3411 -9.990e-29
 242.595098     -0.772   1.159664    15.0614    -1.7207     -0.766     0.7228    -0.3487 -9.990e-29
 242.595104     -0.769   1.146427    15.0745    -1.7209     -0.763     0.7140    -0.3575 -9.990e-29
 242.595110     -0.759   1.136138    15.0847    -1.7210     -0.753     0.7071    -0.3644 -9.990e-29
 242.595116     -0.749   1.133910    15.0903    -1.7213     -0.743     0.7055    -0.3665 -9.990e-29
 242.595122     -0.743   1.138986    15.0937    -1.7214     -0.737     0.7088    -0.3645 -9.990e-29
 242.595127     -0.740   1.144843    15.0986    -1.7218     -0.734     0.7125    -0.3624 -9.990e-29
 242.595133     -0.740   1.146554    15.1074    -1.7221     -0.734     0.7135    -0.3630 -9.990e-29
 242.595139     -0.738   1.145293    15.1180    -1.7225     -0.732     0.7124    -0.3654 -9.990e-29
 242.595145     -0.731   1.145468    15.1262    -1.7229     -0.725     0.7124    -0.3667 -9.990e-29
 242.595150     -0.723   1.147313    15.1306    -1.7233     -0.717     0.7135    -0.3665 -9.990e-29
 242.595156     -0.716   1.146089    15.1320    -1.7239     -0.710     0.7127    -0.3673 -9.990e-29
 242.595162     -0.710   1.138505    15.1312    -1.7246     -0.704     0.7078    -0.3710 -9.990e-29
 242.595168     -0.706   1.125522    15.1281    -1.7251     -0.700     0.6994    -0.3770 -9.990e-29
 242.595174     -0.703   1.111430    15.1235    -1.7255     -0.697     0.6904    -0.3833 -9.990e-29
 242.595179     -0.701   1.100145    15.1176    -1.7259     -0.695     0.6831    -0.3880 -9.990e-29
 242.595185     -0.699   1.090463    15.1107    -1.7263     -0.693     0.6770    -0.3917 -9.990e-29
 242.595191     -0.697   1.078898    15.1029    -1.7263     -0.691     0.6696    -0.3962 -9.990e-29
 242.595197     -0.696   1.065548    15.0939    -1.7265     -0.690     0.6611    -0.4013 -9.990e-29
 242.595203     -0.695   1.052547    15.0829    -1.7270     -0.689     0.6529    -0.4060 -9.990e-29
 242.595208     -0.694   1.041373    15.0696    -1.7275     -0.688     0.6459    -0.4094 -9.990e-29
 242.595214     -0.694   1.032070    15.0553    -1.7278     -0.688     0.6401    -0.4117 -9.990e-29
 242.595220     -0.693   1.023861    15.0428    -1.7277     -0.687     0.6350    -0.4137 -9.990e-29
 242.595226     -0.693   1.016872    15.0330    -1.7278     -0.687     0.6306    -0.4156 -9.990e-29
 242.595231     -0.693   1.010089    15.0251    -1.7278     -0.687     0.6263    -0.4177 -9.990e-29
 242.595237     -0.693   1.000560    15.0195    -1.7281     -0.687     0.6203    -0.4215 -9.990e-29
 242.595243     -0.693   0.987206    15.0152    -1.7282     -0.687     0.6117    -0.4275 -9.990e-29
 242.595249     -0.692   0.973260    15.0089    -1.7283     -0.686     0.6028    -0.4334 -9.990e-29
 242.595255     -0.692   0.963938    15.0003    -1.7289     -0.686     0.5969    -0.4367 -9.990e-29
 242.595260     -0.692   0.959545    14.9926    -1.7293     -0.686     0.5942    -0.4376 -9.990e-29
 242.595266     -0.692   0.953665    14.9884    -1.7296     -0.686     0.5904    -0.4399 -9.990e-29
 242.595272     -0.692   0.941781    14.9873    -1.7299     -0.686     0.5828    -0.4456 -9.990e-29
 242.595278     -0.692   0.926872    14.9866    -1.7301     -0.686     0.5732    -0.4529 -9.990e-29
 242.595284     -0.692   0.915082    14.9848    -1.7304     -0.686     0.5656    -0.4585 -9.990e-29
 242.595289     -0.691   0.908410    14.9826    -1.7307     -0.685     0.5614    -0.4615 -9.990e-29
 242.595295     -0.691   0.902387    14.9801    -1.7313     -0.685     0.5575    -0.4640 -9.990e-29
 242.595301     -0.691   0.890641    14.9756    -1.7313     -0.685     0.5500    -0.4692 -9.990e-29
 242.595307     -0.691   0.875227    14.9687    -1.7316     -0.685     0.5402    -0.4757 -9.990e-29
 242.595313     -0.691   0.861615    14.9612    -1.7321     -0.685     0.5316    -0.4812 -9.990e-29
 242.595318     -0.690   0.848264    14.9542    -1.7325     -0.684     0.5231    -0.4867 -9.990e-29
 242.595324     -0.690   0.835089    14.9479    -1.7330     -0.684     0.5147    -0.4923 -9.990e-29
 242.595330     -0.689   0.823902    14.9421    -1.7333     -0.683     0.5077    -0.4969 -9.990e-29
 242.595336     -0.688   0.814181    14.9355    -1.7337     -0.682     0.5015    -0.5006 -9.990e-29
 242.595341     -0.687   0.805697    14.9273    -1.7339     -0.681     0.4962    -0.5035 -9.990e-29
 242.595347     -0.686   0.798763    14.9191    -1.7344     -0.680     0.4918    -0.5056 -9.990e-29
 242.595353     -0.684   0.792438    14.9129    -1.7346     -0.678     0.4879    -0.5078 -9.990e-29
 242.595359     -0.682   0.785485    14.9064    -1.7340     -0.676     0.4835    -0.5102 -9.990e-29
 242.595365     -0.679   0.777490    14.8975    -1.7337     -0.673     0.4785    -0.5127 -9.990e-29
 242.595370     -0.675   0.767756    14.8875    -1.7335     -0.669     0.4724    -0.5159 -9.990e-29
 242.595376     -0.670   0.758253    14.8778    -1.7340     -0.664     0.4664    -0.5190 -9.990e-29
 242.595382     -0.664   0.751257    14.8687    -1.7341     -0.658     0.4621    -0.5211 -9.990e-29
 242.595388     -0.656   0.745744    14.8603    -1.7346     -0.651     0.4586    -0.5224 -9.990e-29
 242.595394     -0.649   0.741004    14.8527    -1.7347     -0.644     0.4557    -0.5236 -9.990e-29
 242.595399     -0.649   0.736809    14.8467    -1.7346     -0.644     0.4531    -0.5247 -9.990e-29
 242.595405     -0.650   0.732544    14.8460    -1.7344     -0.645     0.4504    -0.5267 -9.990e-29
 242.595411     -0.649   0.728060    14.8516    -1.7351     -0.644     0.4475    -0.5298 -9.990e-29
 242.595417     -0.644   0.722911    14.8582    -1.7351     -0.639     0.4441    -0.5334 -9.990e-29
 242.595422     -0.637   0.716875    14.8602    -1.7347     -0.632     0.4402    -0.5367 -9.990e-29
 242.595428     -0.627   0.710759    14.8567    -1.7342     -0.622     0.4364    -0.5391 -9.990e-29
 242.595434     -0.616   0.706375    14.8507    -1.7342     -0.611     0.4337    -0.5403 -9.990e-29
 242.595440     -0.610   0.704518    14.8450    -1.7343     -0.605     0.4325    -0.5404 -9.990e-29
 242.595446     -0.606   0.703263    14.8419    -1.7350     -0.601     0.4318    -0.5405 -9.990e-29
 242.595451     -0.606   0.700381    14.8415    -1.7356     -0.601     0.4299    -0.5418 -9.990e-29
 242.595457     -0.605   0.696459    14.8401    -1.7355     -0.600     0.4275    -0.5436 -9.990e-29
 242.595463     -0.598   0.693462    14.8361    -1.6701     -0.593     0.4256    -0.5444 -9.990e-29
 242.595469     -0.589   0.692929    14.8350    -1.4607     -0.584     0.4253    -0.5445 -9.990e-29
 242.595475     -0.583   0.695810    14.8401    -1.4824     -0.578     0.4270    -0.5439 -9.990e-29
 242.595480     -0.573   0.699854    14.8465    -1.4889     -0.568     0.4295    -0.5429 -9.990e-29
 242.595486     -0.557   0.703805    14.8479    -1.4891     -0.552     0.4320    -0.5412 -9.990e-29
 242.595492     -0.531   0.715699    14.8397    -1.4889     -0.527     0.4397    -0.5340 -9.990e-29
 242.595498     -0.500   0.761358    14.8181    -1.4877     -0.496     0.4691    -0.5080 -9.990e-29
 242.595503     -0.469   0.911627    14.7756    -1.4861     -0.465     0.5663    -0.4264 -9.990e-29
 242.595509     -0.437   1.367414    14.6744    -1.4865     -0.433     0.8672    -0.1787 -9.990e-29
 242.595515     -0.393   2.728131    14.3886    -1.4873     -0.390     1.8070     0.5895 -9.990e-29
 242.595521     -0.335   6.801420    13.8576    -1.4876     -0.332     4.8428     3.0074 -9.990e-29
 242.595527     -0.262  16.088117    13.2897    -1.4896     -0.260    12.4370     8.9361 -9.990e-29
 242.595532     -0.171  27.555994    12.9143    -1.4896     -0.170    22.6098    16.8322 -9.990e-29
 242.595538     -0.060  34.526121    12.7411    -1.4893     -0.059    29.1342    21.9023 -9.990e-29
 242.595544      0.062  36.873430    12.6858    -1.4913      0.061    31.3873    23.6562 -9.990e-29
 242.595550      0.172  37.716909    12.6859    -1.4909      0.171    32.1868    24.2753 -9.990e-29
 242.595556      0.255  38.036585    12.7073    -1.4898      0.253    32.4722    24.4922 -9.990e-29
 242.595561      0.317  38.162275    12.7289    -1.4901      0.314    32.5730    24.5661 -9.990e-29
 242.595567      0.366  38.192051    12.7367    -1.4912      0.363    32.5946    24.5813 -9.990e-29
 242.595573      0.401  38.148203    12.7220    -1.4912      0.398    32.5656    24.5617 -9.990e-29
 242.595579      0.425  38.081482    12.6842    -1.4911      0.421    32.5347    24.5451 -9.990e-29
 242.595584      0.446  38.040149    12.6451    -1.4917      0.442    32.5292    24.5484 -9.990e-29
 242.595590      0.472  38.048041    12.6246    -1.4910      0.468    32.5544    24.5719 -9.990e-29
 242.595596      0.498  38.088174    12.6167    -1.4900      0.494    32.5994    24.6083 -9.990e-29
 242.595602      0.523  38.090744    12.6106    -1.4907      0.519    32.6072    24.6155 -9.990e-29
 242.595608      0.548  38.054649    12.6008    -1.4910      0.543    32.5812    24.5973 -9.990e-29
 242.595613      0.571  38.057773    12.5925    -1.4912      0.566    32.5914    24.6067 -9.990e-29
 242.595619      0.588  38.101996    12.5945    -1.4911      0.583    32.6318    24.6377 -9.990e-29
 242.595625      0.602  38.110646    12.6004    -1.4915      0.597    32.6350    24.6389 -9.990e-29
 242.595631      0.611  38.066076    12.5997    -1.4917      0.606    32.5931    24.6066 -9.990e-29
 242.595637      0.619  38.024787    12.5926    -1.4919      0.614    32.5598    24.5822 -9.990e-29
 242.595642      0.623  38.014606    12.5871    -1.4927      0.618    32.5549    24.5795 -9.990e-29
 242.595648      0.626  38.033117    12.5909    -1.4933      0.621    32.5692    24.5899 -9.990e-29
 242.595654      0.627  38.075818    12.6041    -1.4927      0.622    32.5985    24.6100 -9.990e-29
 242.595660      0.626  38.095386    12.6140    -1.4912      0.621    32.6086    24.6159 -9.990e-29
 242.595666      0.623  38.055676    12.6040    -1.4912      0.618    32.5794    24.5952 -9.990e-29
 242.595671      0.618  38.005108    12.5778    -1.4921      0.613    32.5539    24.5805 -9.990e-29
 242.595677      0.615  38.010680    12.5580    -1.4927      0.610    32.5763    24.6017 -9.990e-29
 242.595683      0.619  38.061846    12.5555    -1.4921      0.614    32.6273    24.6417 -9.990e-29
 242.595689      0.624  38.090627    12.5598    -1.4917      0.619    32.6511    24.6592 -9.990e-29
 242.595694      0.627  38.066994    12.5591    -1.4915      0.622    32.6291    24.6424 -9.990e-29
 242.595700      0.628  38.016541    12.5567    -1.4918      0.623    32.5830    24.6071 -9.990e-29
 242.595706      0.628  37.975042    12.5578    -1.4919      0.623    32.5425    24.5755 -9.990e-29
 242.595712      0.626  37.963875    12.5581    -1.4927      0.621    32.5316    24.5670 -9.990e-29
 242.595718      0.622  37.995558    12.5564    -1.4927      0.617    32.5633    24.5919 -9.990e-29
 242.595723      0.616  38.050099    12.5572    -1.4916      0.611    32.6146    24.6315 -9.990e-29
 242.595729      0.607  38.069631    12.5606    -1.4914      0.602    32.6303    24.6430 -9.990e-29
 242.595735      0.596  38.037568    12.5605    -1.4913      0.591    32.5998    24.6194 -9.990e-29
 242.595741      0.580  38.005800    12.5534    -1.4923      0.575    32.5757    24.6020 -9.990e-29
 242.595747      0.564  38.016525    12.5408    -1.4930      0.559    32.5968    24.6209 -9.990e-29
 242.595752      0.556  38.057666    12.5315    -1.4916      0.551    32.6442    24.6594 -9.990e-29
 242.595758      0.553  38.098869    12.5304    -1.4912      0.548    32.6845    24.6908 -9.990e-29
 242.595764      0.558  38.112661    12.5311    -1.4914      0.553    32.6971    24.7004 -9.990e-29
 242.595770      0.573  38.092169    12.5304    -1.4925      0.568    32.6781    24.6858 -9.990e-29
 242.595775      0.591  38.069417    12.5305    -1.4929      0.586    32.6563    24.6689 -9.990e-29
 242.595781      0.605  38.080135    12.5327    -1.4917      0.600    32.6646    24.6749 -9.990e-29
 242.595787      0.616  38.116157    12.5364    -1.4914      0.611    32.6958    24.6984 -9.990e-29
 242.595793      0.625  38.136938    12.5386    -1.4914      0.620    32.7137    24.7119 -9.990e-29
 242.595799      0.632  38.118594    12.5376    -1.4928      0.627    32.6971    24.6992 -9.990e-29
 242.595804      0.637  38.078082    12.5373    -1.4936      0.632    32.6586    24.6694 -9.990e-29
 242.595810      0.641  38.069478    12.5424    -1.4929      0.636    32.6460    24.6586 -9.990e-29
 242.595816      0.644  38.102553    12.5509    -1.4924      0.639    32.6702    24.6758 -9.990e-29
 242.595822      0.647  38.116026    12.5581    -1.4936      0.642    32.6768    24.6795 -9.990e-29
 242.595828      0.649  38.077949    12.5609    24.5392      0.644    32.6380    24.6489 -9.990e-29
 242.595833      0.650  38.019872    12.5575    16.9400      0.645    32.5855    24.6089 -9.990e-29
 242.595839      0.651  38.001025    12.5513    13.6555      0.646    32.5729    24.6003 -9.990e-29
 242.595845      0.652  38.037132    12.5476     7.6266      0.647    32.6106    24.6302 -9.990e-29
 242.595851      0.653  38.073197    12.5442    -1.1629      0.648    32.6480    24.6598 -9.990e-29
