data/oxygen options/ONMS/Olympic_Coast_National_Marine_Sanctuary_CTD_Data_2005_2023/raw_data/2012/CAST_KL027_120906faed.cnv
* Sea-Bird SBE19 Data File:
* FileName = C:\Documents and Settings\OCNMS\Desktop\2012 mooring data\Hypoxia Sampling\CAST_KL027_120906.hex
* Software Version 1.25
* Temperature SN = 2997
* Conductivity SN = 2997
* System UpLoad Time = Sep 06 2012 15:35:21
** CAST_KL027_120906
* SEACAT PROFILER V3.1c SN 2997   09/06/12  15:34:17.952
# nquan = 9                                 
# nvalues = 1085                        
# units = specified
# name 0 = timeJ: Julian Days
# name 1 = prSM: Pressure, Strain Gauge [db]
# name 2 = c0mS/cm: Conductivity [mS/cm]
# name 3 = t090C: Temperature [ITS-90, deg C]
# name 4 = sbeox0ML/L: Oxygen, SBE 43 [ml/l]
# name 5 = depSM: Depth [salt water, m], lat = 47.5
# name 6 = sal00: Salinity, Practical [PSU]
# name 7 = sigma-é00: Density [sigma-theta, kg/m^3]
# name 8 = flag: flag
# span 0 = 250.637373, 250.643646       
# span 1 =     -1.204,     29.406       
# span 2 =   0.100565, 250.151141       
# span 3 =     7.8179,    42.2768       
# span 4 =   -57.5600,    14.5781       
# span 5 =     -1.194,     29.159       
# span 6 =     0.0626,    56.5015       
# span 7 =    -0.6379,    33.0058       
# span 8 = 0.0000e+00, 0.0000e+00       
# interval = seconds: 0.5
# start_time = Sep 06 2012 15:17:49 [Instrument's time stamp, header]
# bad_flag = -9.990e-29
*END*
[from data line 481]
 250.640156      0.113   0.105552    13.1317    -1.7972      0.112     0.0660    -0.5864 -9.990e-29
 250.640162      0.119   0.105552    13.1417    -1.7973      0.118     0.0660    -0.5877 -9.990e-29
 250.640168      0.125   0.105551    13.1541    -1.7978      0.124     0.0660    -0.5893 -9.990e-29
 250.640174      0.131   0.105547    13.1686    -1.7980      0.130     0.0660    -0.5912 -9.990e-29
 250.640179      0.138   0.105534    13.1859    -1.7978      0.137     0.0660    -0.5934 -9.990e-29
 250.640185      0.143   0.105493    13.2077    -1.7974      0.142     0.0659    -0.5963 -9.990e-29
 250.640191      0.140   0.105370    13.2340    -1.7973      0.139     0.0658    -0.5998 -9.990e-29
 250.640197      0.135   0.105001    13.2620    -1.7972      0.134     0.0655    -0.6036 -9.990e-29
 250.640203      0.131   0.104448    13.2893    -1.7971      0.130     0.0652    -0.6075 -9.990e-29
 250.640208      0.128   0.104079    13.3103    -1.7969      0.127     0.0649    -0.6104 -9.990e-29
 250.640214      0.126   0.103956    13.3185    -1.7966      0.125     0.0648    -0.6116 -9.990e-29
 250.640220      0.124   0.103915    13.3171    -1.7964      0.123     0.0648    -0.6114 -9.990e-29
 250.640226      0.122   0.103901    13.3154    -1.7961      0.121     0.0648    -0.6112 -9.990e-29
 250.640231      0.121   0.103897    13.3179    -1.7955      0.120     0.0648    -0.6115 -9.990e-29
 250.640237      0.121   0.103895    13.3230    -1.7946      0.120     0.0648    -0.6122 -9.990e-29
 250.640243      0.120   0.103895    13.3277    -1.7936      0.119     0.0648    -0.6128 -9.990e-29
 250.640249      0.119   0.103894    13.3313    -1.7931      0.118     0.0648    -0.6133 -9.990e-29
 250.640255      0.119   0.103893    13.3350    -1.7933      0.118     0.0648    -0.6138 -9.990e-29
 250.640260      0.119   0.103888    13.3397    -1.7939      0.118     0.0648    -0.6144 -9.990e-29
 250.640266      0.119   0.103875    13.3455    -1.7942      0.118     0.0648    -0.6152 -9.990e-29
 250.640272      0.119   0.103834    13.3529    -1.7948      0.118     0.0647    -0.6162 -9.990e-29
 250.640278      0.120   0.103711    13.3634    -1.7950      0.119     0.0646    -0.6176 -9.990e-29
 250.640284      0.120   0.103342    13.3779    -1.7946      0.119     0.0644    -0.6197 -9.990e-29
 250.640289      0.121   0.102789    13.3954    -1.7940      0.120     0.0640    -0.6223 -9.990e-29
 250.640295      0.122   0.102420    13.4119    -1.7934      0.121     0.0638    -0.6246 -9.990e-29
 250.640301      0.123   0.102297    13.4213    -1.7929      0.122     0.0637    -0.6259 -9.990e-29
 250.640307      0.125   0.102256    13.4208    -1.7927      0.124     0.0637    -0.6259 -9.990e-29
 250.640312      0.127   0.102242    13.4138    -1.7922      0.126     0.0637    -0.6250 -9.990e-29
 250.640318      0.129   0.102238    13.4051    -1.7917      0.128     0.0637    -0.6238 -9.990e-29
 250.640324      0.133   0.102236    13.3977    -1.7915      0.132     0.0637    -0.6228 -9.990e-29
 250.640330      0.138   0.102236    13.3957    -1.7915      0.137     0.0637    -0.6226 -9.990e-29
 250.640336      0.143   0.102236    13.4014    -1.7915      0.142     0.0637    -0.6233 -9.990e-29
 250.640341      0.147   0.102236    13.4122    -1.7913      0.146     0.0637    -0.6248 -9.990e-29
 250.640347      0.143   0.102236    13.4243    -1.7911      0.142     0.0637    -0.6264 -9.990e-29
 250.640353      0.137   0.102236    13.4353    -1.7910      0.136     0.0637    -0.6278 -9.990e-29
 250.640359      0.133   0.102236    13.4451    -1.7908      0.132     0.0637    -0.6291 -9.990e-29
 250.640365      0.129   0.102236    13.4549    -1.7906      0.128     0.0636    -0.6304 -9.990e-29
 250.640370      0.126   0.102235    13.4640    -1.7904      0.125     0.0636    -0.6317 -9.990e-29
 250.640376      0.124   0.102234    13.4700    -1.7901      0.123     0.0636    -0.6325 -9.990e-29
 250.640382      0.123   0.102229    13.4728    -1.7898      0.122     0.0636    -0.6328 -9.990e-29
 250.640388      0.121   0.102216    13.4749    -1.7906      0.120     0.0636    -0.6331 -9.990e-29
 250.640394      0.120   0.102175    13.4783    -1.7913      0.119     0.0636    -0.6336 -9.990e-29
 250.640399      0.119   0.102052    13.4825    -1.7914      0.118     0.0635    -0.6342 -9.990e-29
 250.640405      0.118   0.101683    13.4869    -1.7913      0.117     0.0633    -0.6350 -9.990e-29
 250.640411      0.118   0.101130    13.4915    -1.7912      0.117     0.0629    -0.6359 -9.990e-29
 250.640417      0.117   0.100761    13.4965    -1.7912      0.116     0.0627    -0.6367 -9.990e-29
 250.640422      0.116   0.100638    13.5015    -1.7906      0.115     0.0626    -0.6374 -9.990e-29
 250.640428      0.115   0.100597    13.5050    -1.7894      0.114     0.0626    -0.6379 -9.990e-29
 250.640434      0.114   0.100583    13.5036    -1.7899      0.113     0.0626    -0.6377 -9.990e-29
 250.640440      0.113   0.100575    13.4953    -1.7910      0.112     0.0626    -0.6366 -9.990e-29
 250.640446      0.112   0.100565    13.4855    -1.7917      0.111     0.0626    -0.6353 -9.990e-29
 250.640451      0.110   0.101091    13.4796    -1.7922      0.109     0.0629    -0.6343 -9.990e-29
 250.640457      0.108   0.103410    13.4764    -1.7924      0.107     0.0643    -0.6328 -9.990e-29
 250.640463      0.106   0.110059    13.4732    -1.7924      0.105     0.0683    -0.6292 -9.990e-29
 250.640469      0.102   0.125476    13.4703    -1.7927      0.101     0.0776    -0.6216 -9.990e-29
 250.640475      0.102   0.155277    13.4688    -1.7929      0.101     0.0957    -0.6073 -9.990e-29
 250.640480      0.110   0.203223    13.4659    -1.7930      0.109     0.1253    -0.5839 -9.990e-29
 250.640486      0.122   0.269599    13.4574    -1.4622      0.121     0.1668    -0.5504 -9.990e-29
 250.640492      0.133   0.332211    13.4440    -1.4462      0.132     0.2064    -0.5178 -9.990e-29
 250.640498      0.146   0.358865    13.4309    -1.4426      0.145     0.2234    -0.5028 -9.990e-29
 250.640503      0.161   0.357979    13.4219    -1.4422      0.160     0.2229    -0.5020 -9.990e-29
 250.640509      0.178   0.358816    13.4173    -1.4444      0.177     0.2235    -0.5010 -9.990e-29
 250.640515      0.191   0.384632    13.4155    -1.4480      0.189     0.2400    -0.4879 -9.990e-29
 250.640521      0.191   0.483683    13.4180    -1.4500      0.189     0.3038    -0.4386 -9.990e-29
 250.640527      0.188   0.797448    13.4349    -1.4498      0.186     0.5096    -0.2807 -9.990e-29
 250.640532      0.189   1.752582    13.4951    -1.4492      0.187     1.1594     0.2153 -9.990e-29
 250.640538      0.194   4.629241    13.6590    -1.4507      0.192     3.2271     1.7911 -9.990e-29
 250.640544      0.204  13.265181    13.9065    -1.4527      0.202     9.9289     6.9102 -9.990e-29
 250.640550      0.220  26.260757    14.0989    -1.4563      0.218    20.7920    15.2199 -9.990e-29
 250.640556      0.243  34.986629    14.1656    -1.4587      0.241    28.4832    21.1244 -9.990e-29
 250.640561      0.273  37.913724    14.1353    -1.4595      0.271    31.1662    23.1988 -9.990e-29
 250.640567      0.309  38.857425    14.0634    -1.4600      0.306    32.0908    23.9269 -9.990e-29
 250.640573      0.349  39.143777    14.0106    -1.4606      0.346    32.3988    24.1755 -9.990e-29
 250.640579      0.395  39.212251    13.9956    -1.4567      0.392    32.4746    24.2371 -9.990e-29
 250.640584      0.446  39.205086    13.9839    -1.4554      0.442    32.4778    24.2420 -9.990e-29
 250.640590      0.496  39.172078    13.9431    -1.4555      0.492    32.4818    24.2535 -9.990e-29
 250.640596      0.540  39.138108    13.8749    -1.4562      0.535    32.5081    24.2877 -9.990e-29
 250.640602      0.577  39.102679    13.7889    -1.4541      0.572    32.5482    24.3362 -9.990e-29
 250.640608      0.610  39.047647    13.7085    -1.4535      0.605    32.5654    24.3659 -9.990e-29
 250.640613      0.639  38.995409    13.6617    -1.4529      0.634    32.5566    24.3686 -9.990e-29
 250.640619      0.668  38.972081    13.6493    -1.4529      0.662    32.5454    24.3625 -9.990e-29
 250.640625      0.697  38.955472    13.6751    -1.4517      0.691    32.5080    24.3284 -9.990e-29
 250.640631      0.729  38.934600    13.7357    -1.4507      0.723    32.4372    24.2614 -9.990e-29
 250.640637      0.761  38.924742    13.7891    -1.4499      0.755    32.3829    24.2086 -9.990e-29
 250.640642      0.791  38.926733    13.8098    -1.4507      0.784    32.3673    24.1923 -9.990e-29
 250.640648      0.822  38.930317    13.8211    -1.4539      0.815    32.3611    24.1852 -9.990e-29
 250.640654      0.850  38.941931    13.8468    -1.4580      0.843    32.3501    24.1715 -9.990e-29
 250.640660      0.874  38.969740    13.8795    -1.4614      0.867    32.3483    24.1634 -9.990e-29
 250.640666      0.894  38.997552    13.9058    -1.4623      0.887    32.3518    24.1607 -9.990e-29
 250.640671      0.912  39.006382    13.9240    -1.4618      0.904    32.3447    24.1515 -9.990e-29
 250.640677      0.930  39.005171    13.9402    -1.4595      0.922    32.3299    24.1368 -9.990e-29
 250.640683      0.947  39.023655    13.9554    -1.4567      0.939    32.3342    24.1370 -9.990e-29
 250.640689      0.966  39.065713    13.9548    -1.4555      0.958    32.3735    24.1674 -9.990e-29
 250.640694      0.988  39.102772    13.9130    -1.4558      0.980    32.4430    24.2297 -9.990e-29
 250.640700      1.014  39.110804    13.8176    -1.4553      1.006    32.5312    24.3173 -9.990e-29
 250.640706      1.041  39.093201    13.7006    -1.4556      1.032    32.6143    24.4053 -9.990e-29
 250.640712      1.063  39.070159    13.6130    -1.4565      1.054    32.6675    24.4642 -9.990e-29
 250.640718      1.081  39.034994    13.5784    -1.4574      1.072    32.6643    24.4687 -9.990e-29
 250.640723      1.100  38.982225    13.6002    -1.4562      1.091    32.5965    24.4119 -9.990e-29
 250.640729      1.117  38.943984    13.6695    -1.4551      1.108    32.5019    24.3248 -9.990e-29
 250.640735      1.129  38.925279    13.7484    -1.4546      1.120    32.4177    24.2437 -9.990e-29
 250.640741      1.137  38.907299    13.7972    -1.4542      1.128    32.3598    24.1890 -9.990e-29
 250.640747      1.142  38.898552    13.8114    -1.4537      1.132    32.3397    24.1706 -9.990e-29
 250.640752      1.144  38.906412    13.8084    -1.4534      1.134    32.3495    24.1788 -9.990e-29
 250.640758      1.146  38.926760    13.7966    -1.4528      1.136    32.3783    24.2035 -9.990e-29
 250.640764      1.154  38.949709    13.7785    -1.4524      1.144    32.4149    24.2354 -9.990e-29
 250.640770      1.164  38.960431    13.7710    -1.4524      1.154    32.4312    24.2495 -9.990e-29
 250.640775      1.172  38.961415    13.7887    -1.4516      1.162    32.4171    24.2351 -9.990e-29
 250.640781      1.178  38.963460    13.8200    -1.4512      1.168    32.3925    24.2097 -9.990e-29
 250.640787      1.183  38.967009    13.8485    -1.4502      1.173    32.3718    24.1879 -9.990e-29
 250.640793      1.188  38.967797    13.8713    -1.4510      1.178    32.3533    24.1689 -9.990e-29
 250.640799      1.192  38.965725    13.8902    -1.4508      1.182    32.3354    24.1513 -9.990e-29
 250.640804      1.196  38.964724    13.9058    -1.4508      1.186    32.3214    24.1372 -9.990e-29
 250.640810      1.200  38.967908    13.9196    -1.4496      1.190    32.3127    24.1277 -9.990e-29
 250.640816      1.204  38.978932    13.9344    -1.4483      1.194    32.3104    24.1229 -9.990e-29
 250.640822      1.209  38.995088    13.9522    -1.4470      1.199    32.3104    24.1193 -9.990e-29
 250.640828      1.216  39.002019    13.9690    -1.4452      1.206    32.3027    24.1098 -9.990e-29
 250.640833      1.223  39.000529    13.9797    -1.4451      1.213    32.2923    24.0996 -9.990e-29
 250.640839      1.232  39.013812    13.9882    -1.4450      1.222    32.2974    24.1019 -9.990e-29
 250.640845      1.244  39.046660    13.9964    -1.4453      1.234    32.3208    24.1182 -9.990e-29
 250.640851      1.255  39.064383    13.9991    -1.4459      1.245    32.3349    24.1285 -9.990e-29
 250.640856      1.256  39.054713    14.0027    -1.4453      1.246    32.3230    24.1186 -9.990e-29
 250.640862      1.249  39.061319    14.0216    10.9375      1.239    32.3132    24.1071 -9.990e-29
 250.640868      1.241  39.102498    14.0555    14.2960      1.231    32.3227    24.1075 -9.990e-29
 250.640874      1.236  39.153748    14.0992    14.5781      1.226    32.3332    24.1066 -9.990e-29
 250.640880      1.234  39.199918    14.1479    12.1669      1.224    32.3348    24.0978 -9.990e-29
 250.640885      1.234  39.231598    14.1867     6.9283      1.224    32.3313    24.0871 -9.990e-29
 250.640891      1.237  39.229389    14.2053     7.1488      1.227    32.3137    24.0696 -9.990e-29
 250.640897      1.242  39.196158    14.2082     7.3659      1.232    32.2808    24.0436 -9.990e-29
 250.640903      1.246  39.166087    14.2085     7.3741      1.236    32.2529    24.0221 -9.990e-29
 250.640909      1.245  39.154030    14.2138     7.3226      1.235    32.2375    24.0090 -9.990e-29
 250.640914      1.243  39.163548    14.2195     7.2717      1.233    32.2414    24.0109 -9.990e-29
 250.640920      1.248  39.225290    14.2216     7.2140      1.238    32.2963    24.0528 -9.990e-29
 250.640926      1.265  39.325777    14.2224     7.1547      1.254    32.3878    24.1233 -9.990e-29
 250.640932      1.286  39.394475    14.2215     7.1117      1.275    32.4517    24.1727 -9.990e-29
 250.640938      1.301  39.417094    14.2129     7.0937      1.290    32.4797    24.1961 -9.990e-29
 250.640943      1.305  39.419333    14.1967     7.0822      1.294    32.4953    24.2116 -9.990e-29
 250.640949      1.299  39.417093    14.1895     7.0535      1.288    32.4994    24.2162 -9.990e-29
 250.640955      1.287  39.423667    14.2013     7.0367      1.276    32.4955    24.2107 -9.990e-29
 250.640961      1.277  39.434390    14.2187     7.0388      1.266    32.4907    24.2034 -9.990e-29
 250.640966      1.272  39.440048    14.2292     7.0203      1.261    32.4870    24.1984 -9.990e-29
 250.640972      1.268  39.440930    14.2336     7.0258      1.257    32.4841    24.1952 -9.990e-29
 250.640978      1.260  39.439922    14.2359     7.0307      1.249    32.4813    24.1926 -9.990e-29
 250.640984      1.252  39.439630    14.2376     7.0287      1.242    32.4796    24.1909 -9.990e-29
 250.640990      1.247  39.440815    14.2371     7.0702      1.237    32.4811    24.1922 -9.990e-29
 250.640995      1.246  39.439478    14.2350     7.0681      1.236    32.4816    24.1930 -9.990e-29
 250.641001      1.249  39.435543    14.2351     7.0648      1.239    32.4779    24.1902 -9.990e-29
 250.641007      1.254  39.434998    14.2378     7.0653      1.244    32.4752    24.1875 -9.990e-29
 250.641013      1.264  39.437701    14.2410     7.0436      1.253    32.4749    24.1866 -9.990e-29
 250.641019      1.278  39.439438    14.2429     7.0510      1.267    32.4749    24.1862 -9.990e-29
 250.641024      1.293  39.438629    14.2428     7.0455      1.282    32.4743    24.1857 -9.990e-29
 250.641030      1.306  39.436464    14.2417     7.0789      1.295    32.4732    24.1851 -9.990e-29
 250.641036      1.317  39.431764    14.2377     7.0852      1.306    32.4722    24.1852 -9.990e-29
 250.641042      1.328  39.418848    14.2276     7.0918      1.317    32.4689    24.1847 -9.990e-29
 250.641047      1.339  39.392852    14.2136     7.0872      1.328    32.4568    24.1783 -9.990e-29
 250.641053      1.346  39.365090    14.2045     7.0983      1.335    32.4389    24.1664 -9.990e-29
 250.641059      1.349  39.358533    14.2066     7.1117      1.338    32.4312    24.1600 -9.990e-29
 250.641065      1.359  39.371188    14.2149     7.1050      1.348    32.4358    24.1618 -9.990e-29
 250.641071      1.374  39.382965    14.2185     7.0881      1.363    32.4436    24.1671 -9.990e-29
