data/oxygen options/ONMS/Olympic_Coast_National_Marine_Sanctuary_CTD_Data_2005_2023/raw_data/2012/CAST_CE042_120524faedb.cnv
* Sea-Bird SBE19 Data File:
* FileName = C:\Documents and Settings\OCNMS\Desktop\2012 mooring data\Deployment May\CAST_CE042_120524.hex
* Software Version 1.25
* Temperature SN = 2997
* Conductivity SN = 2997
* System UpLoad Time = May 24 2012 19:33:49
** CAST_CE042_120524
* SEACAT PROFILER V3.1c SN 2997   05/24/12  19:31:41.483
# nquan = 9
# nvalues = 41                          
# units = specified
# name 0 = timeJ: Julian Days
# name 1 = prSM: Pressure, Strain Gauge [db]
# name 2 = c0mS/cm: Conductivity [mS/cm]
# name 3 = t090C: Temperature [ITS-90, deg C]
# name 4 = sbeox0ML/L: Oxygen, SBE 43 [ml/l]
# name 5 = depSM: Depth [salt water, m], lat = 47.5
# name 6 = sal00: Salinity, Practical [PSU]
# name 7 = sigma-é00: Density [sigma-theta, kg/m^3]
# name 8 = flag: flag
# span 0 = 145.503135, 145.504244       
# span 1 =      3.000,     43.000       
# span 2 =  33.160109,  35.380966       
# span 3 =     8.0566,    11.1211       
# span 4 =     2.9240,     8.0662       
# span 5 =      2.975,     42.637       
# span 6 =    29.0952,    33.2141       
# span 7 =    22.1615,    25.8638       
# span 8 = 0.0000e+00, 0.0000e+00       
# interval = decibars: 1                
# start_time = May 24 2012 11:56:16 [Instrument's time stamp, header]
# bad_flag = -9.990e-29
*END*
 145.503135      3.000  33.160109    11.1211     7.9993      2.975    29.0952    22.1615 0.0000e+00
 145.503172      4.000  33.415910    11.0228     8.0662      3.967    29.4218    22.4319 0.0000e+00
 145.503217      5.000  33.544984    10.9945     7.8859      4.958    29.5705    22.5523 0.0000e+00
 145.503250      6.000  33.996581    10.8733     7.9381      5.950    30.1111    22.9932 0.0000e+00
 145.503287      7.000  34.382807    10.8118     7.8328      6.941    30.5413    23.3382 0.0000e+00
 145.503320      8.000  34.714851    10.7811     7.6376      7.933    30.8941    23.6179 0.0000e+00
 145.503349      9.000  34.918685    10.7370     7.5697      8.925    31.1326    23.8110 0.0000e+00
 145.503379     10.000  35.052170    10.7038     7.6657      9.916    31.2926    23.9412 0.0000e+00
 145.503406     11.000  35.142761    10.6110     7.6686     10.908    31.4619    24.0889 0.0000e+00
 145.503436     12.000  35.175822    10.5632     7.7072     11.900    31.5356    24.1543 0.0000e+00
 145.503462     13.000  35.319833    10.5669     7.7138     12.891    31.6754    24.2626 0.0000e+00
 145.503488     14.000  35.380966    10.5792     7.6764     13.883    31.7251    24.2993 0.0000e+00
 145.503518     15.000  35.378440    10.5523     7.6523     14.874    31.7456    24.3199 0.0000e+00
 145.503548     16.000  35.368153    10.5220     7.4089     15.866    31.7613    24.3373 0.0000e+00
 145.503571     17.000  35.323260    10.4213     7.2561     16.857    31.8039    24.3874 0.0000e+00
 145.503590     18.000  35.269321    10.3435     7.2551     17.849    31.8176    24.4112 0.0000e+00
 145.503613     19.000  35.254168    10.3055     7.1045     18.840    31.8353    24.4314 0.0000e+00
 145.503638     20.000  35.231723    10.2388     6.8349     19.832    31.8708    24.4703 0.0000e+00
 145.503659     21.000  35.130554    10.0902     6.7197     20.824    31.8994    24.5173 0.0000e+00
 145.503679     22.000  35.107311    10.0238     6.4900     21.815    31.9341    24.5553 0.0000e+00
 145.503699     23.000  35.046420     9.8787     6.5645     22.807    32.0005    24.6310 0.0000e+00
 145.503726     24.000  35.037254     9.8634     5.7460     23.798    32.0043    24.6364 0.0000e+00
 145.503751     25.000  34.928399     9.5906     4.6984     24.790    32.1363    24.7837 0.0000e+00
 145.503770     26.000  34.684976     9.1339     4.4739     25.781    32.2969    24.9815 0.0000e+00
 145.503791     27.000  34.584870     8.8956     4.2297     26.773    32.4096    25.1067 0.0000e+00
 145.503815     28.000  34.449138     8.5885     4.3864     27.765    32.5489    25.2627 0.0000e+00
 145.503843     29.000  34.501676     8.6623     3.7777     28.756    32.5356    25.2411 0.0000e+00
 145.503862     30.000  34.363560     8.3225     3.8429     29.747    32.7041    25.4242 0.0000e+00
 145.503884     31.000  34.335063     8.2464     3.9140     30.739    32.7442    25.4670 0.0000e+00
 145.503913     32.000  34.354105     8.2745     3.8736     31.731    32.7377    25.4577 0.0000e+00
 145.503942     33.000  34.341589     8.2235     3.6774     32.722    32.7716    25.4918 0.0000e+00
 145.503967     34.000  34.400379     8.1434     3.6041     33.713    32.9085    25.6111 0.0000e+00
 145.503992     35.000  34.443024     8.1288     3.5658     34.705    32.9671    25.6591 0.0000e+00
 145.504018     36.000  34.467476     8.1257     3.5050     35.696    32.9955    25.6819 0.0000e+00
 145.504043     37.000  34.486284     8.1174     3.4714     36.688    33.0228    25.7046 0.0000e+00
 145.504073     38.000  34.498659     8.1102     3.4615     37.679    33.0423    25.7210 0.0000e+00
 145.504108     39.000  34.508144     8.1070     3.3177     38.671    33.0550    25.7314 0.0000e+00
 145.504136     40.000  34.546962     8.0868     3.3767     39.662    33.1148    25.7814 0.0000e+00
 145.504193     41.000  34.540405     8.0898     3.0546     40.654    33.1045    25.7728 0.0000e+00
 145.504217     42.000  34.593106     8.0698     2.9808     41.645    33.1791    25.8343 0.0000e+00
 145.504244     43.000  34.614661     8.0566     2.9240     42.637    33.2141    25.8638 0.0000e+00
