data/oxygen options/ONMS/Olympic_Coast_National_Marine_Sanctuary_CTD_Data_2005_2023/raw_data/2012/CAST_CA042_120829faed.cnv
* Sea-Bird SBE19 Data File:
* FileName = C:\Documents and Settings\OCNMS\Desktop\2012 mooring data\2nd service\CAST_CA042_120829.hex
* Software Version 1.25
* Temperature SN = 2997
* Conductivity SN = 2997
* System UpLoad Time = Aug 30 2012 08:50:59
** CAST_CA042_120829
* SEACAT PROFILER V3.1c SN 2997   08/30/12  08:49:27.289
# nquan = 9                                 
# nvalues = 1197                        
# units = specified
# name 0 = timeJ: Julian Days
# name 1 = prSM: Pressure, Strain Gauge [db]
# name 2 = c0mS/cm: Conductivity [mS/cm]
# name 3 = t090C: Temperature [ITS-90, deg C]
# name 4 = sbeox0ML/L: Oxygen, SBE 43 [ml/l]
# name 5 = depSM: Depth [salt water, m], lat = 47.5
# name 6 = sal00: Salinity, Practical [PSU]
# name 7 = sigma-é00: Density [sigma-theta, kg/m^3]
# name 8 = flag: flag
# span 0 = 242.550648, 242.557569       
# span 1 =     -5.718,     28.943       
# span 2 =   0.171819,  37.818771       
# span 3 =    10.3292,    14.9787       
# span 4 =    -1.7530,    16.2360       
# span 5 =     -5.670,     28.699       
# span 6 =     0.1025,    32.9827       
# span 7 =    -0.8161,    25.3207       
# span 8 = 0.0000e+00, 0.0000e+00       
# interval = seconds: 0.5
# start_time = Aug 29 2012 13:12:56 [Instrument's time stamp, header]
# bad_flag = -9.990e-29
*END*
[from data line 961]
 242.556209     27.680  36.450153    10.3808     6.0023     27.447    32.9657    25.3000 0.0000e+00
 242.556215     27.496  36.453045    10.3888     6.0105     27.265    32.9615    25.2953 0.0000e+00
 242.556221     27.310  36.456069    10.3976     6.0083     27.080    32.9566    25.2900 0.0000e+00
 242.556227     27.136  36.458758    10.4060     6.0206     26.908    32.9518    25.2848 0.0000e+00
 242.556233     26.984  36.462256    10.4130     6.0169     26.757    32.9490    25.2814 0.0000e+00
 242.556238     26.858  36.466738    10.4180     6.0118     26.632    32.9490    25.2806 -9.990e-29
 242.556244     26.759  36.470709    10.4219     6.0156     26.534    32.9495    25.2803 -9.990e-29
 242.556250     26.687  36.473302    10.4253     6.0158     26.463    32.9491    25.2794 -9.990e-29
 242.556256     26.644  36.474429    10.4268     6.0066     26.420    32.9489    25.2790 -9.990e-29
 242.556262     26.617  36.474476    10.4275     5.9961     26.393    32.9483    25.2784 -9.990e-29
 242.556267     26.589  36.474631    10.4292     5.9823     26.365    32.9469    25.2771 -9.990e-29
 242.556273     26.548  36.475660    10.4307     5.9785     26.325    32.9466    25.2766 -9.990e-29
 242.556279     26.496  36.476699    10.4311     5.9769     26.273    32.9473    25.2770 -9.990e-29
 242.556285     26.447  36.476893    10.4309     5.9799     26.225    32.9477    25.2774 -9.990e-29
 242.556291     26.420  36.476508    10.4302     5.9761     26.198    32.9480    25.2777 -9.990e-29
 242.556296     26.416  36.476154    10.4294     5.9761     26.194    32.9484    25.2781 -9.990e-29
 242.556302     26.428  36.475922    10.4290     5.9870     26.206    32.9485    25.2783 -9.990e-29
 242.556308     26.447  36.475504    10.4284     5.9974     26.225    32.9486    25.2785 -9.990e-29
 242.556314     26.466  36.474908    10.4267     6.0102     26.243    32.9495    25.2795 -9.990e-29
 242.556319     26.482  36.474460    10.4246     6.0174     26.259    32.9510    25.2810 -9.990e-29
 242.556325     26.496  36.474124    10.4239     6.0214     26.273    32.9513    25.2813 -9.990e-29
 242.556331     26.509  36.474016    10.4249     6.0110     26.286    32.9503    25.2804 -9.990e-29
 242.556337     26.517  36.474556    10.4268     5.9899     26.294    32.9491    25.2791 -9.990e-29
 242.556343     26.516  36.475346    10.4285     5.9736     26.293    32.9483    25.2783 -9.990e-29
 242.556348     26.512  36.475761    10.4293     5.9695     26.289    32.9480    25.2779 -9.990e-29
 242.556354     26.507  36.475796    10.4299     5.9768     26.284    32.9475    25.2774 -9.990e-29
 242.556360     26.503  36.475503    10.4303     5.9932     26.280    32.9469    25.2768 -9.990e-29
 242.556366     26.501  36.475055    10.4300     6.0055     26.278    32.9467    25.2767 -9.990e-29
 242.556372     26.508  36.474976    10.4287     6.0075     26.285    32.9478    25.2778 -9.990e-29
 242.556377     26.518  36.475166    10.4264     6.0060     26.295    32.9501    25.2800 -9.990e-29
 242.556383     26.533  36.474759    10.4239     6.0008     26.310    32.9519    25.2818 -9.990e-29
 242.556389     26.557  36.473775    10.4222     5.9979     26.334    32.9524    25.2825 -9.990e-29
 242.556395     26.585  36.473147    10.4220     5.9907     26.361    32.9520    25.2822 -9.990e-29
 242.556400     26.603  36.473159    10.4230     5.9816     26.379    32.9511    25.2813 -9.990e-29
 242.556406     26.615  36.473267    10.4238     5.9794     26.391    32.9505    25.2807 -9.990e-29
 242.556412     26.625  36.473060    10.4239     5.9812     26.401    32.9502    25.2805 -9.990e-29
 242.556418     26.628  36.472823    10.4235     5.9936     26.404    32.9503    25.2806 -9.990e-29
 242.556424     26.627  36.472804    10.4226     5.9844     26.403    32.9511    25.2814 -9.990e-29
 242.556429     26.628  36.472422    10.4209     5.9810     26.404    32.9522    25.2826 -9.990e-29
 242.556435     26.636  36.471170    10.4187     5.9722     26.412    32.9530    25.2835 -9.990e-29
 242.556441     26.652  36.469623    10.4167     5.9701     26.428    32.9532    25.2841 -9.990e-29
 242.556447     26.672  36.468521    10.4161     5.9631     26.448    32.9526    25.2837 -9.990e-29
 242.556453     26.690  36.468077    10.4168     5.9543     26.466    32.9516    25.2828 -9.990e-29
 242.556458     26.697  36.468261    10.4179     5.9631     26.472    32.9507    25.2819 -9.990e-29
 242.556464     26.691  36.468760    10.4188     5.9759     26.467    32.9504    25.2816 -9.990e-29
 242.556470     26.674  36.469124    10.4194     5.9796     26.450    32.9503    25.2813 -9.990e-29
 242.556476     26.655  36.469279    10.4195     5.9798     26.431    32.9503    25.2814 -9.990e-29
 242.556481     26.640  36.469435    10.4188     5.9675     26.416    32.9511    25.2821 -9.990e-29
 242.556487     26.633  36.469806    10.4183     5.9635     26.409    32.9520    25.2828 -9.990e-29
 242.556493     26.634  36.470328    10.4187     5.9599     26.410    32.9521    25.2829 -9.990e-29
 242.556499     26.642  36.470579    10.4191     5.9598     26.418    32.9520    25.2827 -9.990e-29
 242.556505     26.659  36.470338    10.4192     5.9637     26.435    32.9517    25.2824 -9.990e-29
 242.556510     26.680  36.469845    10.4191     5.9728     26.456    32.9512    25.2821 -9.990e-29
 242.556516     26.703  36.469566    10.4189     5.9852     26.478    32.9511    25.2821 -9.990e-29
 242.556522     26.730  36.469693    10.4188     5.9940     26.505    32.9513    25.2823 -9.990e-29
 242.556528     26.757  36.469836    10.4184     5.9946     26.532    32.9518    25.2827 -9.990e-29
 242.556534     26.779  36.469630    10.4178     5.9895     26.554    32.9522    25.2831 -9.990e-29
 242.556539     26.788  36.469361    10.4177     5.9773     26.563    32.9520    25.2830 -9.990e-29
 242.556545     26.784  36.469233    10.4180     5.9646     26.559    32.9516    25.2826 -9.990e-29
 242.556551     26.776  36.469079    10.4179     5.9338     26.551    32.9515    25.2826 -9.990e-29
 242.556557     26.767  36.468696    10.4172     5.9141     26.542    32.9518    25.2829 -9.990e-29
 242.556563     26.757  36.468140    10.4167     5.9234     26.532    32.9517    25.2829 -9.990e-29
 242.556568     26.745  36.467792    10.4167     5.9364     26.520    32.9513    25.2826 -9.990e-29
 242.556574     26.731  36.467748    10.4159     5.9687     26.506    32.9520    25.2833 -9.990e-29
 242.556580     26.718  36.467392    10.4137     5.9845     26.493    32.9537    25.2849 -9.990e-29
 242.556586     26.714  36.466253    10.4111     5.9966     26.489    32.9549    25.2863 -9.990e-29
 242.556591     26.722  36.465058    10.4095     5.9891     26.497    32.9551    25.2868 -9.990e-29
 242.556597     26.739  36.464458    10.4092     5.9711     26.514    32.9548    25.2866 -9.990e-29
 242.556603     26.758  36.464213    10.4097     5.9554     26.533    32.9541    25.2860 -9.990e-29
 242.556609     26.774  36.463999    10.4095     5.9488     26.549    32.9540    25.2860 -9.990e-29
 242.556615     26.791  36.463534    10.4086     5.9619     26.566    32.9544    25.2864 -9.990e-29
 242.556620     26.807  36.462762    10.4081     5.9692     26.582    32.9540    25.2862 -9.990e-29
 242.556626     26.821  36.462336    10.4090     5.9727     26.595    32.9528    25.2851 -9.990e-29
 242.556632     26.824  36.462808    10.4107     5.9493     26.598    32.9517    25.2840 -9.990e-29
 242.556638     26.813  36.463690    10.4123     5.9261     26.587    32.9512    25.2832 -9.990e-29
 242.556644     26.795  36.464481    10.4134     5.9224     26.570    32.9510    25.2829 -9.990e-29
 242.556649     26.787  36.465120    10.4134     5.9344     26.562    32.9516    25.2834 -9.990e-29
 242.556655     26.796  36.464781    10.4113     5.9576     26.571    32.9532    25.2850 -9.990e-29
 242.556661     26.818  36.463018    10.4079     5.9592     26.592    32.9545    25.2866 -9.990e-29
 242.556667     26.847  36.461405    10.4052     5.9633     26.621    32.9553    25.2877 -9.990e-29
 242.556672     26.876  36.461151    10.4042     5.9676     26.650    32.9559    25.2883 -9.990e-29
 242.556678     26.897  36.461361    10.4042     5.9754     26.671    32.9561    25.2885 -9.990e-29
 242.556684     26.909  36.461195    10.4041     5.9791     26.683    32.9560    25.2885 -9.990e-29
 242.556690     26.912  36.460994    10.4037     5.9734     26.686    32.9562    25.2886 -9.990e-29
 242.556696     26.905  36.461056    10.4043     5.9681     26.679    32.9557    25.2882 -9.990e-29
 242.556701     26.889  36.461465    10.4061     5.9645     26.663    32.9545    25.2869 -9.990e-29
 242.556707     26.867  36.462209    10.4079     5.9502     26.641    32.9536    25.2859 -9.990e-29
 242.556713     26.847  36.462603    10.4080     5.9318     26.621    32.9540    25.2862 -9.990e-29
 242.556719     26.834  36.462056    10.4061     5.9280     26.608    32.9551    25.2874 -9.990e-29
 242.556725     26.837  36.460402    10.4028     5.9316     26.611    32.9565    25.2890 -9.990e-29
 242.556730     26.857  36.458239    10.3997     5.9429     26.631    32.9571    25.2900 -9.990e-29
 242.556736     26.881  36.457167    10.3983     5.9647     26.655    32.9573    25.2904 -9.990e-29
 242.556742     26.898  36.457438    10.3984     5.9551     26.672    32.9574    25.2905 -9.990e-29
 242.556748     26.906  36.457734    10.3985     5.9442     26.680    32.9576    25.2907 -9.990e-29
 242.556753     26.904  36.457332    10.3984     5.9387     26.678    32.9573    25.2904 -9.990e-29
 242.556759     26.893  36.456820    10.3989     5.9274     26.667    32.9564    25.2896 -9.990e-29
 242.556765     26.872  36.456639    10.4001     5.9198     26.646    32.9551    25.2884 -9.990e-29
 242.556771     26.839  36.456550    10.4009     5.9186     26.613    32.9543    25.2876 -9.990e-29
 242.556777     26.793  36.456436    10.4003     5.9343     26.568    32.9548    25.2881 -9.990e-29
 242.556782     26.735  36.455588    10.3978     5.9449     26.510    32.9562    25.2896 -9.990e-29
 242.556788     26.669  36.453440    10.3940     5.9587     26.445    32.9575    25.2913 -9.990e-29
 242.556794     26.608  36.450494    10.3905     5.9565     26.384    32.9577    25.2921 -9.990e-29
 242.556800     26.562  36.447864    10.3888     5.9488     26.339    32.9567    25.2915 -9.990e-29
 242.556806     26.515  36.447649    10.3894     5.9541     26.292    32.9559    25.2909 -9.990e-29
 242.556811     26.451  36.449565    10.3919     5.9591     26.229    32.9556    25.2902 -9.990e-29
 242.556817     26.366  36.451686    10.3961     5.9680     26.144    32.9540    25.2882 -9.990e-29
 242.556823     26.254  36.454602    10.4010     5.9749     26.033    32.9525    25.2862 -9.990e-29
 242.556829     26.113  36.457725    10.4049     5.9715     25.893    32.9522    25.2853 0.0000e+00
 242.556834     25.946  36.459620    10.4075     5.9802     25.728    32.9518    25.2845 0.0000e+00
 242.556840     25.760  36.460579    10.4097     5.9784     25.543    32.9509    25.2834 0.0000e+00
 242.556846     25.561  36.461323    10.4116     5.9821     25.346    32.9500    25.2824 0.0000e+00
 242.556852     25.352  36.462289    10.4130     5.9873     25.139    32.9498    25.2820 0.0000e+00
 242.556858     25.139  36.463089    10.4139     5.9821     24.928    32.9498    25.2819 0.0000e+00
 242.556863     24.923  36.463115    10.4146     5.9871     24.714    32.9493    25.2814 0.0000e+00
 242.556869     24.709  36.462406    10.4152     5.9759     24.501    32.9482    25.2804 0.0000e+00
 242.556875     24.499  36.461142    10.4157     5.9773     24.293    32.9465    25.2790 0.0000e+00
 242.556881     24.299  36.459320    10.4157     5.9775     24.095    32.9448    25.2776 0.0000e+00
 242.556887     24.108  36.457317    10.4154     5.9760     23.905    32.9431    25.2764 0.0000e+00
 242.556892     23.922  36.455828    10.4150     5.9849     23.721    32.9421    25.2756 0.0000e+00
 242.556898     23.739  36.455110    10.4144     5.9830     23.540    32.9420    25.2757 0.0000e+00
 242.556904     23.550  36.454770    10.4137     5.9827     23.352    32.9424    25.2761 0.0000e+00
 242.556910     23.348  36.454356    10.4132     5.9739     23.152    32.9425    25.2762 0.0000e+00
 242.556916     23.129  36.453322    10.4133     5.9610     22.935    32.9414    25.2754 0.0000e+00
 242.556921     22.892  36.451412    10.4136     5.9521     22.700    32.9394    25.2737 0.0000e+00
 242.556927     22.647  36.448881    10.4134     5.9517     22.457    32.9371    25.2720 0.0000e+00
 242.556933     22.413  36.446281    10.4123     5.9565     22.225    32.9356    25.2710 0.0000e+00
 242.556939     22.201  36.444631    10.4111     5.9544     22.015    32.9351    25.2708 0.0000e+00
 242.556944     22.006  36.443974    10.4104     5.9559     21.821    32.9352    25.2710 0.0000e+00
 242.556950     21.815  36.443434    10.4102     5.9553     21.632    32.9349    25.2708 0.0000e+00
 242.556956     21.621  36.442848    10.4103     5.9642     21.439    32.9343    25.2703 0.0000e+00
 242.556962     21.424  36.441998    10.4103     5.9829     21.244    32.9335    25.2697 0.0000e+00
 242.556968     21.225  36.440871    10.4102     5.9851     21.047    32.9326    25.2690 0.0000e+00
 242.556973     21.019  36.440206    10.4105     5.9956     20.843    32.9317    25.2683 0.0000e+00
 242.556979     20.802  36.440237    10.4115     5.9897     20.627    32.9309    25.2675 0.0000e+00
 242.556985     20.569  36.440446    10.4131     5.9945     20.396    32.9298    25.2663 0.0000e+00
 242.556991     20.321  36.440552    10.4147     6.0005     20.150    32.9286    25.2651 0.0000e+00
 242.556997     20.070  36.440696    10.4165     6.0162     19.902    32.9272    25.2637 0.0000e+00
 242.557002     19.820  36.441072    10.4184     6.0392     19.654    32.9260    25.2624 0.0000e+00
 242.557008     19.572  36.442185    10.4215     6.0619     19.408    32.9244    25.2606 0.0000e+00
 242.557014     19.323  36.444961    10.4278     6.0942     19.161    32.9216    25.2574 0.0000e+00
 242.557020     19.068  36.449181    10.4372     6.0796     18.908    32.9174    25.2525 0.0000e+00
 242.557025     18.801  36.453751    10.4487     6.0732     18.643    32.9117    25.2461 0.0000e+00
 242.557031     18.527  36.460285    10.4621     6.0749     18.372    32.9063    25.2396 0.0000e+00
 242.557037     18.255  36.470216    10.4753     6.0782     18.102    32.9044    25.2358 0.0000e+00
 242.557043     17.989  36.480545    10.4853     6.0956     17.838    32.9059    25.2352 0.0000e+00
 242.557049     17.725  36.488245    10.4920     6.1005     17.576    32.9077    25.2355 0.0000e+00
 242.557054     17.454  36.492382    10.4991     6.1117     17.308    32.9055    25.2326 0.0000e+00
 242.557060     17.167  36.493994    10.5085     6.1201     17.023    32.8988    25.2257 0.0000e+00
 242.557066     16.861  36.495233    10.5171     6.1206     16.720    32.8924    25.2192 0.0000e+00
 242.557072     16.544  36.496071    10.5232     6.1167     16.405    32.8878    25.2146 0.0000e+00
 242.557078     16.232  36.495950    10.5273     6.1039     16.096    32.8841    25.2111 0.0000e+00
 242.557083     15.925  36.494713    10.5294     6.0946     15.791    32.8811    25.2084 0.0000e+00
 242.557089     15.625  36.492391    10.5307     6.0884     15.494    32.8778    25.2055 0.0000e+00
 242.557095     15.336  36.489814    10.5325     6.0844     15.207    32.8737    25.2020 0.0000e+00
 242.557101     15.054  36.487466    10.5344     6.0840     14.928    32.8697    25.1986 0.0000e+00
 242.557106     14.781  36.485020    10.5363     6.0830     14.657    32.8657    25.1951 0.0000e+00
 242.557112     14.511  36.480337    10.5380     6.0895     14.389    32.8596    25.1901 0.0000e+00
 242.557118     14.236  36.472773    10.5392     6.0979     14.117    32.8510    25.1832 0.0000e+00
 242.557124     13.947  36.464569    10.5400     6.1058     13.830    32.8422    25.1762 0.0000e+00
