data/oxygen options/ONMS/Olympic_Coast_National_Marine_Sanctuary_CTD_Data_2005_2023/raw_data/2012/CAST_MB015_120829faed.cnv
* Sea-Bird SBE19 Data File:
* FileName = C:\Documents and Settings\OCNMS\Desktop\2012 mooring data\2nd service\CAST_MB015_120829.hex
* Software Version 1.25
* Temperature SN = 2997
* Conductivity SN = 2997
* System UpLoad Time = Aug 30 2012 08:53:02
** CAST_MB015_120829
* SEACAT PROFILER V3.1c SN 2997   08/30/12  08:51:29.231
# nquan = 9                                 
# nvalues = 902                         
# units = specified
# name 0 = timeJ: Julian Days
# name 1 = prSM: Pressure, Strain Gauge [db]
# name 2 = c0mS/cm: Conductivity [mS/cm]
# name 3 = t090C: Temperature [ITS-90, deg C]
# name 4 = sbeox0ML/L: Oxygen, SBE 43 [ml/l]
# name 5 = depSM: Depth [salt water, m], lat = 47.5
# name 6 = sal00: Salinity, Practical [PSU]
# name 7 = sigma-é00: Density [sigma-theta, kg/m^3]
# name 8 = flag: flag
# span 0 = 242.441331, 242.446545       
# span 1 =     -5.438,     14.352       
# span 2 =   0.268376,  38.127546       
# span 3 =    10.8907,    14.0474       
# span 4 =    -1.7756,    13.5707       
# span 5 =     -5.393,     14.232       
# span 6 =     0.1644,    32.5448       
# span 7 =    -0.6199,    24.8747       
# span 8 = 0.0000e+00, 0.0000e+00       
# interval = seconds: 0.5
# start_time = Aug 29 2012 10:35:31 [Instrument's time stamp, header]
# bad_flag = -9.990e-29
*END*
[from data line 161]
 242.442263     -2.068   0.331460    13.9982    -1.7689     -2.051     0.2032    -0.5957 -9.990e-29
 242.442269     -2.057   0.331308    14.0001    -1.7688     -2.040     0.2031    -0.5961 -9.990e-29
 242.442274     -2.047   0.331220    14.0013    -1.7689     -2.030     0.2030    -0.5963 -9.990e-29
 242.442280     -2.037   0.331077    14.0013    -1.7693     -2.020     0.2029    -0.5964 -9.990e-29
 242.442286     -2.028   0.330688    14.0000    -1.7697     -2.011     0.2027    -0.5964 -9.990e-29
 242.442292     -2.018   0.330086    13.9979    -1.7698     -2.001     0.2023    -0.5964 -9.990e-29
 242.442297     -2.006   0.329575    13.9954    -1.7700     -1.989     0.2020    -0.5962 -9.990e-29
 242.442303     -1.993   0.329027    13.9942    -1.7702     -1.976     0.2017    -0.5963 -9.990e-29
 242.442309     -1.976   0.328265    13.9950    -1.7702     -1.960     0.2012    -0.5968 -9.990e-29
 242.442315     -1.960   0.327377    13.9965    -1.7701     -1.944     0.2006    -0.5975 -9.990e-29
 242.442321     -1.947   0.326285    13.9967    -1.7702     -1.931     0.1999    -0.5980 -9.990e-29
 242.442326     -1.933   0.325192    13.9938    -1.7704     -1.917     0.1993    -0.5981 -9.990e-29
 242.442332     -1.917   0.324302    13.9877    -1.7705     -1.901     0.1987    -0.5977 -9.990e-29
 242.442338     -1.901   0.323535    13.9812    -1.7704     -1.885     0.1983    -0.5972 -9.990e-29
 242.442344     -1.885   0.322973    13.9762    -1.7702     -1.869     0.1980    -0.5967 -9.990e-29
 242.442350     -1.868   0.322421    13.9723    -1.7703     -1.852     0.1976    -0.5964 -9.990e-29
 242.442355     -1.849   0.321693    13.9694    -1.7704     -1.834     0.1972    -0.5964 -9.990e-29
 242.442361     -1.831   0.320926    13.9679    -1.7703     -1.816     0.1967    -0.5965 -9.990e-29
 242.442367     -1.817   0.320204    13.9673    -1.7703     -1.802     0.1963    -0.5968 -9.990e-29
 242.442373     -1.806   0.319670    13.9657    -1.7704     -1.791     0.1959    -0.5968 -9.990e-29
 242.442378     -1.797   0.319164    13.9633    -1.7705     -1.782     0.1956    -0.5967 -9.990e-29
 242.442384     -1.790   0.318565    13.9617    -1.7705     -1.775     0.1953    -0.5968 -9.990e-29
 242.442390     -1.785   0.318179    13.9621    -1.7706     -1.770     0.1950    -0.5970 -9.990e-29
 242.442396     -1.780   0.318046    13.9631    -1.7705     -1.765     0.1949    -0.5972 -9.990e-29
 242.442402     -1.776   0.317987    13.9630    -1.7707     -1.761     0.1949    -0.5972 -9.990e-29
 242.442407     -1.772   0.317920    13.9624    -1.7709     -1.757     0.1949    -0.5972 -9.990e-29
 242.442413     -1.769   0.317758    13.9626    -1.7711     -1.754     0.1948    -0.5973 -9.990e-29
 242.442419     -1.766   0.317281    13.9624    -1.7710     -1.751     0.1945    -0.5975 -9.990e-29
 242.442425     -1.762   0.316407    13.9613    -1.7710     -1.747     0.1939    -0.5978 -9.990e-29
 242.442431     -1.758   0.315631    13.9600    -1.7714     -1.743     0.1934    -0.5980 -9.990e-29
 242.442436     -1.754   0.315577    13.9586    -1.7716     -1.739     0.1934    -0.5978 -9.990e-29
 242.442442     -1.748   0.316174    13.9572    -1.7716     -1.733     0.1938    -0.5973 -9.990e-29
 242.442448     -1.741   0.316555    13.9559    -1.7716     -1.726     0.1940    -0.5969 -9.990e-29
 242.442454     -1.733   0.316120    13.9533    -1.7713     -1.719     0.1938    -0.5968 -9.990e-29
 242.442459     -1.726   0.315396    13.9496    -1.7713     -1.712     0.1933    -0.5966 -9.990e-29
 242.442465     -1.725   0.315075    13.9467    -1.7715     -1.711     0.1932    -0.5963 -9.990e-29
 242.442471     -1.726   0.315283    13.9451    -1.7716     -1.712     0.1933    -0.5960 -9.990e-29
 242.442477     -1.724   0.315742    13.9425    -1.7715     -1.710     0.1936    -0.5954 -9.990e-29
 242.442483     -1.719   0.315959    13.9384    -1.7709     -1.705     0.1937    -0.5947 -9.990e-29
 242.442488     -1.711   0.315668    13.9350    -1.7706     -1.697     0.1936    -0.5944 -9.990e-29
 242.442494     -1.699   0.315032    13.9338    -1.7707     -1.685     0.1932    -0.5945 -9.990e-29
 242.442500     -1.683   0.314312    13.9347    -1.7706     -1.669     0.1927    -0.5950 -9.990e-29
 242.442506     -1.661   0.313653    13.9366    -1.7705     -1.647     0.1923    -0.5956 -9.990e-29
 242.442512     -1.636   0.313282    13.9371    -1.7703     -1.622     0.1921    -0.5958 -9.990e-29
 242.442517     -1.616   0.313256    13.9363    -1.7704     -1.603     0.1921    -0.5957 -9.990e-29
 242.442523     -1.600   0.313541    13.9369    -1.7703     -1.587     0.1922    -0.5957 -9.990e-29
 242.442529     -1.581   0.313962    13.9412    -1.7703     -1.568     0.1925    -0.5961 -9.990e-29
 242.442535     -1.562   0.313972    13.9484    -1.7703     -1.549     0.1925    -0.5971 -9.990e-29
 242.442541     -1.548   0.313583    13.9543    -1.7704     -1.535     0.1922    -0.5981 -9.990e-29
 242.442546     -1.537   0.313383    13.9570    -1.7707     -1.524     0.1920    -0.5986 -9.990e-29
 242.442552     -1.529   0.313657    13.9587    -1.7709     -1.516     0.1922    -0.5987 -9.990e-29
 242.442558     -1.522   0.314215    13.9608    -1.7709     -1.509     0.1926    -0.5988 -9.990e-29
 242.442564     -1.516   0.314696    13.9629    -1.7709     -1.503     0.1928    -0.5988 -9.990e-29
 242.442569     -1.512   0.315185    13.9643    -1.7709     -1.499     0.1931    -0.5988 -9.990e-29
 242.442575     -1.508   0.315782    13.9651    -1.7709     -1.495     0.1935    -0.5986 -9.990e-29
 242.442581     -1.505   0.316174    13.9650    -1.7709     -1.492     0.1938    -0.5984 -9.990e-29
 242.442587     -1.502   0.316328    13.9634    -1.7710     -1.489     0.1939    -0.5981 -9.990e-29
 242.442593     -1.499   0.316451    13.9604    -1.7712     -1.486     0.1940    -0.5976 -9.990e-29
 242.442598     -1.497   0.316704    13.9564    -1.7711     -1.485     0.1941    -0.5969 -9.990e-29
 242.442604     -1.494   0.316871    13.9531    -1.7709     -1.482     0.1942    -0.5964 -9.990e-29
 242.442610     -1.490   0.316618    13.9516    -1.7708     -1.478     0.1941    -0.5963 -9.990e-29
 242.442616     -1.486   0.316161    13.9510    -1.7710     -1.474     0.1938    -0.5964 -9.990e-29
 242.442622     -1.482   0.315999    13.9505    -1.7708     -1.470     0.1937    -0.5964 -9.990e-29
 242.442627     -1.476   0.316467    13.9501    -1.7708     -1.464     0.1940    -0.5961 -9.990e-29
 242.442633     -1.468   0.317080    13.9493    -1.7707     -1.456     0.1944    -0.5957 -9.990e-29
 242.442639     -1.458   0.316995    13.9480    -1.7706     -1.446     0.1943    -0.5956 -9.990e-29
 242.442645     -1.446   0.316098    13.9472    -1.7706     -1.434     0.1938    -0.5959 -9.990e-29
 242.442650     -1.435   0.314852    13.9480    -1.7707     -1.423     0.1930    -0.5966 -9.990e-29
 242.442656     -1.428   0.313809    13.9499    -1.7707     -1.416     0.1923    -0.5974 -9.990e-29
 242.442662     -1.421   0.313240    13.9515    -1.7705     -1.409     0.1920    -0.5979 -9.990e-29
 242.442668     -1.409   0.312937    13.9525    -1.7704     -1.397     0.1918    -0.5982 -9.990e-29
 242.442674     -1.395   0.312496    13.9539    -1.7704     -1.383     0.1915    -0.5986 -9.990e-29
 242.442679     -1.384   0.311882    13.9555    -1.7703     -1.372     0.1911    -0.5991 -9.990e-29
 242.442685     -1.373   0.311383    13.9572    -1.7702     -1.362     0.1908    -0.5996 -9.990e-29
 242.442691     -1.363   0.310884    13.9588    -1.7701     -1.352     0.1905    -0.6001 -9.990e-29
 242.442697     -1.353   0.310275    13.9594    -1.7700     -1.342     0.1901    -0.6005 -9.990e-29
 242.442703     -1.347   0.309847    13.9593    -1.7700     -1.336     0.1898    -0.6007 -9.990e-29
 242.442708     -1.343   0.309585    13.9601    -1.7700     -1.332     0.1897    -0.6009 -9.990e-29
 242.442714     -1.338   0.309137    13.9622    -1.7698     -1.327     0.1894    -0.6014 -9.990e-29
 242.442720     -1.332   0.308459    13.9647    -1.7698     -1.321     0.1889    -0.6021 -9.990e-29
 242.442726     -1.323   0.307751    13.9669    -1.7697     -1.312     0.1885    -0.6028 -9.990e-29
 242.442731     -1.316   0.307177    13.9690    -1.7695     -1.305     0.1881    -0.6033 -9.990e-29
 242.442737     -1.315   0.307077    13.9710    -1.7694     -1.304     0.1880    -0.6037 -9.990e-29
 242.442743     -1.314   0.307316    13.9728    -1.7694     -1.303     0.1882    -0.6038 -9.990e-29
 242.442749     -1.311   0.307292    13.9744    -1.7697     -1.300     0.1882    -0.6041 -9.990e-29
 242.442755     -1.303   0.306970    13.9759    -1.7698     -1.292     0.1880    -0.6044 -9.990e-29
 242.442760     -1.292   0.306657    13.9777    -1.7698     -1.281     0.1878    -0.6048 -9.990e-29
 242.442766     -1.281   0.306491    13.9800    -1.7697     -1.270     0.1876    -0.6052 -9.990e-29
 242.442772     -1.273   0.306435    13.9825    -1.7696     -1.262     0.1876    -0.6056 -9.990e-29
 242.442778     -1.268   0.306413    13.9854    -1.7698     -1.257     0.1876    -0.6061 -9.990e-29
 242.442784     -1.265   0.306398    13.9882    -1.7700     -1.254     0.1875    -0.6065 -9.990e-29
 242.442789     -1.264   0.306369    13.9896    -1.7703     -1.253     0.1875    -0.6067 -9.990e-29
 242.442795     -1.265   0.306286    13.9888    -1.7702     -1.254     0.1875    -0.6066 -9.990e-29
 242.442801     -1.265   0.306039    13.9861    -1.7702     -1.254     0.1873    -0.6063 -9.990e-29
 242.442807     -1.258   0.305850    13.9835    -1.7702     -1.248     0.1872    -0.6061 -9.990e-29
 242.442813     -1.248   0.306021    13.9827    -1.7703     -1.238     0.1873    -0.6059 -9.990e-29
 242.442818     -1.240   0.306228    13.9832    -1.7703     -1.230     0.1875    -0.6058 -9.990e-29
 242.442824     -1.232   0.306191    13.9830    -1.7700     -1.222     0.1874    -0.6058 -9.990e-29
 242.442830     -1.225   0.305861    13.9806    -1.7701     -1.215     0.1872    -0.6056 -9.990e-29
 242.442836     -1.217   0.305352    13.9768    -1.7700     -1.207     0.1869    -0.6053 -9.990e-29
 242.442841     -1.208   0.305092    13.9737    -1.7702     -1.198     0.1868    -0.6050 -9.990e-29
 242.442847     -1.197   0.305286    13.9726    -1.7705     -1.187     0.1869    -0.6048 -9.990e-29
 242.442853     -1.185   0.305641    13.9725    -1.7707     -1.175     0.1871    -0.6046 -9.990e-29
 242.442859     -1.170   0.305522    13.9724    -1.7709     -1.160     0.1871    -0.6046 -9.990e-29
 242.442865     -1.151   0.304771    13.9726    -1.7708     -1.141     0.1866    -0.6050 -9.990e-29
 242.442870     -1.131   0.304048    13.9734    -1.7706     -1.122     0.1861    -0.6055 -9.990e-29
 242.442876     -1.118   0.304046    13.9747    -1.7704     -1.109     0.1861    -0.6057 -9.990e-29
 242.442882     -1.111   0.304763    13.9752    -1.7703     -1.102     0.1866    -0.6054 -9.990e-29
 242.442888     -1.105   0.305497    13.9739    -1.7701     -1.096     0.1870    -0.6049 -9.990e-29
 242.442894     -1.099   0.305563    13.9707    -1.7701     -1.090     0.1871    -0.6044 -9.990e-29
 242.442899     -1.089   0.305049    13.9663    -1.7701     -1.080     0.1868    -0.6040 -9.990e-29
 242.442905     -1.074   0.304377    13.9621    -1.7697     -1.065     0.1864    -0.6037 -9.990e-29
 242.442911     -1.063   0.303759    13.9595    -1.7696     -1.054     0.1860    -0.6037 -9.990e-29
 242.442917     -1.058   0.303477    13.9598    -1.7695     -1.049     0.1859    -0.6038 -9.990e-29
 242.442922     -1.054   0.303707    13.9627    -1.7694     -1.045     0.1860    -0.6041 -9.990e-29
 242.442928     -1.048   0.304202    13.9665    -1.7694     -1.039     0.1863    -0.6044 -9.990e-29
 242.442934     -1.044   0.304515    13.9700    -1.7692     -1.035     0.1865    -0.6048 -9.990e-29
 242.442940     -1.044   0.304510    13.9728    -1.7693     -1.035     0.1864    -0.6052 -9.990e-29
 242.442946     -1.046   0.304180    13.9755    -1.7694     -1.037     0.1862    -0.6057 -9.990e-29
 242.442951     -1.040   0.303640    13.9793    -1.7695     -1.031     0.1859    -0.6065 -9.990e-29
 242.442957     -1.026   0.303276    13.9842    -1.7696     -1.017     0.1856    -0.6074 -9.990e-29
 242.442963     -1.012   0.303154    13.9886    -1.7696     -1.004     0.1855    -0.6081 -9.990e-29
 242.442969     -1.001   0.303114    13.9917    -1.7694     -0.993     0.1855    -0.6086 -9.990e-29
 242.442975     -0.993   0.303100    13.9939    -1.7693     -0.985     0.1855    -0.6089 -9.990e-29
 242.442980     -0.987   0.303094    13.9956    -1.7690     -0.979     0.1855    -0.6091 -9.990e-29
 242.442986     -0.982   0.303088    13.9967    -1.7691     -0.974     0.1854    -0.6093 -9.990e-29
 242.442992     -0.979   0.303074    13.9964    -1.7689     -0.971     0.1854    -0.6092 -9.990e-29
 242.442998     -0.977   0.303033    13.9948    -1.7688     -0.969     0.1854    -0.6090 -9.990e-29
 242.443003     -0.976   0.302910    13.9930    -1.7686     -0.968     0.1853    -0.6088 -9.990e-29
 242.443009     -0.977   0.302541    13.9917    -1.7686     -0.969     0.1851    -0.6088 -9.990e-29
 242.443015     -0.978   0.301986    13.9922    -1.7686     -0.970     0.1848    -0.6092 -9.990e-29
 242.443021     -0.980   0.301613    13.9948    -1.7687     -0.972     0.1845    -0.6097 -9.990e-29
 242.443027     -0.983   0.301478    13.9982    -1.7687     -0.975     0.1844    -0.6103 -9.990e-29
 242.443032     -0.988   0.301401    14.0014    -1.7687     -0.980     0.1844    -0.6108 -9.990e-29
 242.443038     -0.990   0.301278    14.0041    -1.7687     -0.982     0.1843    -0.6112 -9.990e-29
 242.443044     -0.986   0.300944    14.0068    -1.7687     -0.978     0.1841    -0.6118 -9.990e-29
 242.443050     -0.978   0.300507    14.0097    -1.7686     -0.970     0.1838    -0.6124 -9.990e-29
 242.443056     -0.972   0.300493    14.0124    -1.7685     -0.964     0.1838    -0.6128 -9.990e-29
 242.443061     -0.967   0.300882    14.0139    -1.7684     -0.959     0.1840    -0.6128 -9.990e-29
 242.443067     -0.962   0.301086    14.0140    -1.7685     -0.954     0.1841    -0.6127 -9.990e-29
 242.443073     -0.957   0.300822    14.0134    -1.7687     -0.949     0.1840    -0.6128 -9.990e-29
 242.443079     -0.952   0.300291    14.0130    -1.7689     -0.944     0.1836    -0.6130 -9.990e-29
 242.443084     -0.946   0.299894    14.0133    -1.7690     -0.938     0.1834    -0.6132 -9.990e-29
 242.443090     -0.939   0.299654    14.0141    -1.7691     -0.931     0.1832    -0.6134 -9.990e-29
 242.443096     -0.931   0.299248    14.0151    -1.7692     -0.923     0.1830    -0.6138 -9.990e-29
 242.443102     -0.920   0.298690    14.0165    -1.7690     -0.912     0.1826    -0.6142 -9.990e-29
 242.443108     -0.908   0.298342    14.0181    -1.7688     -0.900     0.1824    -0.6146 -9.990e-29
 242.443113     -0.891   0.298296    14.0186    -1.7689     -0.884     0.1824    -0.6147 -9.990e-29
 242.443119     -0.875   0.298488    14.0171    -1.7688     -0.868     0.1825    -0.6144 -9.990e-29
 242.443125     -0.866   0.298622    14.0139    -1.7690     -0.859     0.1826    -0.6139 -9.990e-29
 242.443131     -0.863   0.298322    14.0104    -1.7689     -0.856     0.1824    -0.6135 -9.990e-29
 242.443137     -0.859   0.297742    14.0078    -1.7688     -0.852     0.1821    -0.6135 -9.990e-29
 242.443142     -0.848   0.297214    14.0060    -1.7688     -0.841     0.1817    -0.6134 -9.990e-29
 242.443148     -0.835   0.297142    14.0056    -1.7688     -0.828     0.1817    -0.6134 -9.990e-29
 242.443154     -0.826   0.297428    14.0070    -1.7686     -0.819     0.1819    -0.6135 -9.990e-29
 242.443160     -0.821   0.297347    14.0090    -1.7685     -0.814     0.1818    -0.6138 -9.990e-29
 242.443166     -0.816   0.296791    14.0098    -1.7683     -0.809     0.1815    -0.6142 -9.990e-29
 242.443171     -0.811   0.296126    14.0097    -1.7682     -0.804     0.1810    -0.6145 -9.990e-29
 242.443177     -0.800   0.295571    14.0094    -1.7684     -0.793     0.1807    -0.6147 -9.990e-29
