data/oxygen options/ONMS/Olympic_Coast_National_Marine_Sanctuary_CTD_Data_2005_2023/raw_data/2012/CAST_CE015_120913faed.cnv
* Sea-Bird SBE19 Data File:
* FileName = C:\Documents and Settings\OCNMS\Desktop\2012 mooring data\Hypoxia Sampling\CAST_CE015_120913.hex
* Software Version 1.25
* Temperature SN = 2997
* Conductivity SN = 2997
* System UpLoad Time = Sep 13 2012 14:24:49
** CAST_CE015_120913
* SEACAT PROFILER V3.1c SN 2997   09/13/12  14:23:46.338
# nquan = 9                                 
# nvalues = 848                         
# units = specified
# name 0 = timeJ: Julian Days
# name 1 = prSM: Pressure, Strain Gauge [db]
# name 2 = c0mS/cm: Conductivity [mS/cm]
# name 3 = t090C: Temperature [ITS-90, deg C]
# name 4 = sbeox0ML/L: Oxygen, SBE 43 [ml/l]
# name 5 = depSM: Depth [salt water, m], lat = 47.5
# name 6 = sal00: Salinity, Practical [PSU]
# name 7 = sigma-é00: Density [sigma-theta, kg/m^3]
# name 8 = flag: flag
# span 0 = 257.575683, 257.580584       
# span 1 =     -5.415,     15.600       
# span 2 =   0.255981,  39.900242       
# span 3 =     8.4295,    15.9448       
# span 4 =    -1.7174,    13.3554       
# span 5 =     -5.370,     15.469       
# span 6 =     0.1514,    33.3403       
# span 7 =    -0.9256,    25.9035       
# span 8 = 0.0000e+00, 0.0000e+00       
# interval = seconds: 0.5
# start_time = Sep 13 2012 13:48:59 [Instrument's time stamp, header]
# bad_flag = -9.990e-29
*END*
[from data line 481]
 257.578466      0.690  39.526828    15.0034     5.9360      0.684    31.9241    23.6011 -9.990e-29
 257.578472      0.696  39.559533    14.9886     5.9293      0.690    31.9657    23.6362 -9.990e-29
 257.578478      0.704  39.594316    14.9565     5.9011      0.698    32.0233    23.6875 -9.990e-29
 257.578484      0.711  39.594054    14.9197     5.8854      0.705    32.0533    23.7184 -9.990e-29
 257.578490      0.713  39.572775    14.8935     5.8829      0.707    32.0556    23.7258 -9.990e-29
 257.578495      0.715  39.549739    14.8879     5.8958      0.709    32.0394    23.7145 -9.990e-29
 257.578501      0.720  39.540550    14.8999     5.9181      0.714    32.0212    23.6980 -9.990e-29
 257.578507      0.729  39.551439    14.9190     5.9287      0.723    32.0154    23.6894 -9.990e-29
 257.578513      0.739  39.567601    14.9361     5.9323      0.733    32.0159    23.6862 -9.990e-29
 257.578519      0.742  39.577533    14.9457     5.9365      0.736    32.0170    23.6850 -9.990e-29
 257.578524      0.737  39.580480    14.9448     5.9387      0.731    32.0204    23.6878 -9.990e-29
 257.578530      0.728  39.568615    14.9312     5.9228      0.722    32.0209    23.6910 -9.990e-29
 257.578536      0.716  39.537894    14.9088     5.9133      0.710    32.0115    23.6886 -9.990e-29
 257.578542      0.703  39.510683    14.8963     5.9122      0.697    31.9972    23.6803 -9.990e-29
 257.578547      0.694  39.515148    14.9041     5.9252      0.688    31.9949    23.6768 -9.990e-29
 257.578553      0.687  39.538750    14.9150     5.9333      0.681    32.0072    23.6840 -9.990e-29
 257.578559      0.681  39.551885    14.9150     5.9310      0.675    32.0191    23.6931 -9.990e-29
 257.578565      0.678  39.554146    14.9094     5.9302      0.672    32.0257    23.6994 -9.990e-29
 257.578571      0.676  39.556962    14.9074     5.9361      0.670    32.0299    23.7031 -9.990e-29
 257.578576      0.675  39.564094    14.9113     5.9433      0.669    32.0331    23.7047 -9.990e-29
 257.578582      0.676  39.570489    14.9186     5.9296      0.670    32.0329    23.7030 -9.990e-29
 257.578588      0.678  39.572910    14.9268     5.9079      0.672    32.0284    23.6977 -9.990e-29
 257.578594      0.682  39.577958    14.9330     5.8926      0.676    32.0278    23.6960 -9.990e-29
 257.578600      0.687  39.583967    14.9361     5.9024      0.681    32.0307    23.6976 -9.990e-29
 257.578605      0.694  39.586628    14.9393     5.9205      0.688    32.0305    23.6967 -9.990e-29
 257.578611      0.703  39.590058    14.9454     5.9214      0.697    32.0286    23.6939 -9.990e-29
 257.578617      0.712  39.596036    14.9549     5.9244      0.706    32.0262    23.6900 -9.990e-29
 257.578623      0.715  39.605818    14.9675     5.9136      0.709    32.0246    23.6862 -9.990e-29
 257.578628      0.718  39.618442    14.9812     5.9113      0.712    32.0248    23.6833 -9.990e-29
 257.578634      0.725  39.629457    14.9943     5.9184      0.719    32.0240    23.6799 -9.990e-29
 257.578640      0.736  39.640109    15.0064     5.9235      0.730    32.0236    23.6770 -9.990e-29
 257.578646      0.753  39.652845    15.0144     5.9268      0.747    32.0285    23.6791 -9.990e-29
 257.578652      0.771  39.661121    15.0154     5.9132      0.765    32.0351    23.6840 -9.990e-29
 257.578657      0.788  39.663652    15.0142     5.8890      0.781    32.0384    23.6868 -9.990e-29
 257.578663      0.806  39.668302    15.0187     5.8770      0.799    32.0389    23.6862 -9.990e-29
 257.578669      0.819  39.673994    15.0264     5.8783      0.812    32.0377    23.6836 -9.990e-29
 257.578675      0.826  39.675434    15.0301     5.8928      0.819    32.0360    23.6815 -9.990e-29
 257.578681      0.827  39.672871    15.0295     5.9094      0.820    32.0341    23.6802 -9.990e-29
 257.578686      0.822  39.670180    15.0289     5.9136      0.815    32.0322    23.6788 -9.990e-29
 257.578692      0.814  39.672185    15.0325     5.9114      0.807    32.0311    23.6772 -9.990e-29
 257.578698      0.813  39.678206    15.0383     5.9126      0.806    32.0317    23.6765 -9.990e-29
 257.578704      0.817  39.681710    15.0422     5.9162      0.810    32.0317    23.6756 -9.990e-29
 257.578709      0.822  39.681773    15.0429     5.9279      0.815    32.0312    23.6750 -9.990e-29
 257.578715      0.830  39.681847    15.0422     5.9296      0.823    32.0318    23.6757 -9.990e-29
 257.578721      0.836  39.682599    15.0426     5.9143      0.829    32.0322    23.6759 -9.990e-29
 257.578727      0.836  39.683358    15.0439     5.8875      0.829    32.0318    23.6753 -9.990e-29
 257.578733      0.835  39.683462    15.0440     5.8597      0.828    32.0318    23.6753 -9.990e-29
 257.578738      0.836  39.684738    15.0440     5.8766      0.829    32.0329    23.6762 -9.990e-29
 257.578744      0.841  39.688335    15.0467     5.8909      0.834    32.0340    23.6764 -9.990e-29
 257.578750      0.849  39.695132    15.0540     5.9028      0.842    32.0341    23.6749 -9.990e-29
 257.578756      0.856  39.704114    15.0634     5.8890      0.849    32.0345    23.6732 -9.990e-29
 257.578762      0.859  39.707091    15.0691     5.8712      0.852    32.0325    23.6704 -9.990e-29
 257.578767      0.862  39.705800    15.0695     5.8704      0.855    32.0310    23.6692 -9.990e-29
 257.578773      0.869  39.710295    15.0702     5.8683      0.862    32.0344    23.6717 -9.990e-29
 257.578779      0.877  39.719295    15.0755     5.8764      0.870    32.0382    23.6734 -9.990e-29
 257.578785      0.882  39.725754    15.0807     5.8822      0.875    32.0397    23.6735 -9.990e-29
 257.578791      0.885  39.726521    15.0806     5.8915      0.878    32.0405    23.6741 -9.990e-29
 257.578796      0.885  39.723189    15.0767     5.8959      0.878    32.0407    23.6751 -9.990e-29
 257.578802      0.882  39.718607    15.0735     5.8910      0.875    32.0392    23.6746 -9.990e-29
 257.578808      0.881  39.715641    15.0726     5.8755      0.874    32.0373    23.6734 -9.990e-29
 257.578814      0.886  39.715945    15.0725     5.8752      0.879    32.0376    23.6736 -9.990e-29
 257.578819      0.892  39.716567    15.0719     5.8983      0.885    32.0387    23.6746 -9.990e-29
 257.578825      0.896  39.713863    15.0705     5.9221      0.889    32.0374    23.6739 -9.990e-29
 257.578831      0.899  39.708155    15.0673     5.9319      0.891    32.0349    23.6726 -9.990e-29
 257.578837      0.900  39.698565    15.0600     5.9258      0.892    32.0322    23.6722 -9.990e-29
 257.578843      0.899  39.673436    15.0411     5.9258      0.891    32.0251    23.6708 -9.990e-29
 257.578848      0.896  39.628968    15.0095     5.9220      0.889    32.0110    23.6667 -9.990e-29
 257.578854      0.892  39.588249    14.9826     5.9196      0.885    31.9964    23.6612 -9.990e-29
 257.578860      0.890  39.573200    14.9754     5.9118      0.883    31.9887    23.6568 -9.990e-29
 257.578866      0.894  39.581687    14.9825     5.9084      0.887    31.9905    23.6567 -9.990e-29
 257.578872      0.901  39.591966    14.9843     5.9007      0.893    31.9983    23.6623 -9.990e-29
 257.578877      0.906  39.584126    14.9693     5.8918      0.898    32.0035    23.6695 -9.990e-29
 257.578883      0.910  39.567898    14.9485     5.8794      0.902    32.0060    23.6759 -9.990e-29
 257.578889      0.913  39.563681    14.9366     5.8687      0.905    32.0119    23.6830 -9.990e-29
 257.578895      0.916  39.570897    14.9371     5.8628      0.908    32.0180    23.6876 -9.990e-29
 257.578900      0.917  39.581801    14.9467     5.8551      0.909    32.0200    23.6870 -9.990e-29
 257.578906      0.918  39.590200    14.9580     5.8520      0.910    32.0183    23.6833 -9.990e-29
 257.578912      0.919  39.588250    14.9571     5.8505      0.911    32.0173    23.6827 -9.990e-29
 257.578918      0.919  39.569439    14.9340     5.8582      0.911    32.0192    23.6892 -9.990e-29
 257.578924      0.919  39.533349    14.8934     5.8777      0.911    32.0200    23.6984 -9.990e-29
 257.578929      0.918  39.478380    14.8456     5.8846      0.910    32.0096    23.7006 -9.990e-29
 257.578935      0.918  39.413053    14.8042     5.8798      0.910    31.9846    23.6901 -9.990e-29
 257.578941      0.916  39.374659    14.7908     5.8833      0.908    31.9608    23.6747 -9.990e-29
 257.578947      0.914  39.378125    14.8077     5.8930      0.906    31.9501    23.6628 -9.990e-29
 257.578953      0.911  39.404536    14.8270     5.9056      0.903    31.9582    23.6649 -9.990e-29
 257.578958      0.908  39.433077    14.8280     5.9170      0.900    31.9831    23.6840 -9.990e-29
 257.578964      0.903  39.444101    14.8107     5.9156      0.895    32.0073    23.7063 -9.990e-29
 257.578970      0.897  39.422061    14.7845     5.9226      0.890    32.0089    23.7131 -9.990e-29
 257.578976      0.894  39.381844    14.7694     5.9331      0.887    31.9849    23.6978 -9.990e-29
 257.578981      0.897  39.374053    14.7771     5.9386      0.890    31.9715    23.6858 -9.990e-29
 257.578987      0.903  39.406232    14.7923     5.9241      0.895    31.9882    23.6954 -9.990e-29
 257.578993      0.908  39.436117    14.7925     5.8865      0.900    32.0150    23.7161 -9.990e-29
 257.578999      0.911  39.444730    14.7786     5.8500      0.903    32.0343    23.7338 -9.990e-29
 257.579005      0.914  39.448610    14.7710     5.8254      0.906    32.0440    23.7430 -9.990e-29
 257.579010      0.915  39.459102    14.7811     5.8187      0.907    32.0452    23.7418 -9.990e-29
 257.579016      0.916  39.464982    14.7955     5.8322      0.908    32.0387    23.7337 -9.990e-29
 257.579022      0.917  39.456162    14.7837     5.8444      0.909    32.0404    23.7375 -9.990e-29
 257.579028      0.917  39.408006    14.7275     5.8588      0.909    32.0431    23.7515 -9.990e-29
 257.579034      0.916  39.328041    14.6536     5.8799      0.908    32.0314    23.7581 -9.990e-29
 257.579039      0.915  39.286722    14.6075     5.9016      0.907    32.0319    23.7682 -9.990e-29
 257.579045      0.914  39.302914    14.5998     5.9167      0.906    32.0530    23.7861 -9.990e-29
 257.579051      0.911  39.332078    14.6141     5.9170      0.903    32.0677    23.7944 -9.990e-29
 257.579057      0.908  39.351458    14.6373     5.9002      0.900    32.0661    23.7883 -9.990e-29
 257.579063      0.903  39.372334    14.6653     5.9260      0.895    32.0620    23.7792 -9.990e-29
 257.579068      0.898  39.397899    14.6931     5.9148      0.891    32.0623    23.7735 -9.990e-29
 257.579074      0.895  39.413500    14.7189     5.9170      0.888    32.0551    23.7626 -9.990e-29
 257.579080      0.898  39.424824    14.7461     5.9128      0.891    32.0430    23.7475 -9.990e-29
 257.579086      0.904  39.437456    14.7686     5.8947      0.896    32.0359    23.7372 -9.990e-29
 257.579091      0.909  39.441911    14.7786     5.8965      0.901    32.0317    23.7319 -9.990e-29
 257.579097      0.912  39.444142    14.7816     5.8925      0.904    32.0313    23.7309 -9.990e-29
 257.579103      0.915  39.451060    14.7880     5.8803      0.907    32.0323    23.7303 -9.990e-29
 257.579109      0.917  39.459008    14.7945     5.8670      0.909    32.0341    23.7303 -9.990e-29
 257.579115      0.919  39.453934    14.7929     5.8666      0.911    32.0308    23.7282 -9.990e-29
 257.579120      0.920  39.433004    14.7883     5.8753      0.912    32.0157    23.7175 -9.990e-29
 257.579126      0.921  39.418190    14.7791     5.9012      0.913    32.0098    23.7149 -9.990e-29
 257.579132      0.922  39.407119    14.7561     5.9197      0.914    32.0187    23.7267 -9.990e-29
 257.579138      0.923  39.385596    14.7322     5.9408      0.915    32.0189    23.7318 -9.990e-29
 257.579144      0.923  39.374238    14.7273     5.9578      0.915    32.0126    23.7281 -9.990e-29
 257.579149      0.924  39.387600    14.7394     5.9577      0.916    32.0148    23.7272 -9.990e-29
 257.579155      0.924  39.408199    14.7562     5.9470      0.916    32.0196    23.7273 -9.990e-29
 257.579161      0.924  39.433810    14.7761     5.9325      0.916    32.0264    23.7283 -9.990e-29
 257.579167      0.925  39.468332    14.7994     5.9189      0.917    32.0385    23.7327 -9.990e-29
 257.579172      0.925  39.493365    14.8202     5.9193      0.917    32.0440    23.7325 -9.990e-29
 257.579178      0.925  39.502513    14.8365     5.9256      0.917    32.0389    23.7251 -9.990e-29
 257.579184      0.925  39.504996    14.8494     5.9270      0.917    32.0305    23.7159 -9.990e-29
 257.579190      0.925  39.505801    14.8562     5.9337      0.917    32.0257    23.7107 -9.990e-29
 257.579196      0.925  39.507446    14.8554     5.9207      0.917    32.0278    23.7126 -9.990e-29
 257.579201      0.925  39.512039    14.8529     5.8983      0.917    32.0340    23.7179 -9.990e-29
 257.579207      0.926  39.520390    14.8537     5.8867      0.918    32.0409    23.7230 -9.990e-29
 257.579213      0.926  39.528981    14.8531     5.8869      0.918    32.0492    23.7295 -9.990e-29
 257.579219      0.926  39.532375    14.8508     5.9003      0.918    32.0541    23.7338 -9.990e-29
 257.579225      0.926  39.532216    14.8543     5.9108      0.918    32.0511    23.7307 -9.990e-29
 257.579230      0.927  39.535493    14.8648     5.9058      0.919    32.0454    23.7241 -9.990e-29
 257.579236      0.927  39.539208    14.8758     5.9006      0.919    32.0397    23.7174 -9.990e-29
 257.579242      0.928  39.534786    14.8807     5.9090      0.920    32.0317    23.7102 -9.990e-29
 257.579248      0.929  39.525217    14.8772     5.9195      0.921    32.0260    23.7065 -9.990e-29
 257.579253      0.930  39.512793    14.8637     5.9397      0.922    32.0258    23.7093 -9.990e-29
 257.579259      0.931  39.495440    14.8391     5.9263      0.923    32.0304    23.7180 -9.990e-29
 257.579265      0.933  39.474032    14.8153     5.9131      0.925    32.0306    23.7232 -9.990e-29
 257.579271      0.935  39.461411    14.8093     5.8886      0.927    32.0241    23.7195 -9.990e-29
 257.579277      0.938  39.474841    14.8225     5.8618      0.930    32.0254    23.7177 -9.990e-29
 257.579282      0.941  39.499642    14.8445     5.8409      0.933    32.0297    23.7163 -9.990e-29
 257.579288      0.946  39.518368    14.8662     5.8559      0.938    32.0288    23.7110 -9.990e-29
 257.579294      0.952  39.532934    14.8798     5.8708      0.944    32.0308    23.7096 -9.990e-29
 257.579300      0.959  39.533546    14.8796     5.9015      0.951    32.0315    23.7102 -9.990e-29
 257.579306      0.969  39.514218    14.8623     5.9230      0.961    32.0282    23.7114 -9.990e-29
 257.579311      0.982  39.477681    14.8265     5.9203      0.974    32.0246    23.7163 -9.990e-29
 257.579317      0.998  39.430614    14.7842     5.8918      0.990    32.0168    23.7192 -9.990e-29
 257.579323      1.014  39.390867    14.7584     5.8706      1.006    32.0021    23.7133 -9.990e-29
 257.579329      1.028  39.370919    14.7574     5.8481      1.019    31.9848    23.7003 -9.990e-29
 257.579334      1.044  39.378823    14.7680     5.8440      1.035    31.9833    23.6968 -9.990e-29
 257.579340      1.067  39.402616    14.7680     5.8591      1.058    32.0048    23.7134 -9.990e-29
 257.579346      1.100  39.410625    14.7436     5.8700      1.091    32.0321    23.7396 -9.990e-29
 257.579352      1.144  39.385432    14.7008     5.8866      1.134    32.0445    23.7582 -9.990e-29
 257.579358      1.201  39.333716    14.6551     5.8876      1.191    32.0352    23.7608 -9.990e-29
 257.579363      1.272  39.265445    14.6143     5.8656      1.261    32.0069    23.7475 -9.990e-29
 257.579369      1.352  39.197649    14.5614     5.8263      1.341    31.9888    23.7447 -9.990e-29
 257.579375      1.442  39.147429    14.4757     5.7659      1.430    32.0138    23.7820 -9.990e-29
 257.579381      1.543  39.095371    14.3753     5.7160      1.530    32.0493    23.8303 -9.990e-29
