data/oxygen options/ONMS/Olympic_Coast_National_Marine_Sanctuary_CTD_Data_2005_2023/raw_data/2012/CAST_CE042_120913faed.cnv
* Sea-Bird SBE19 Data File:
* FileName = C:\Documents and Settings\OCNMS\Desktop\2012 mooring data\Hypoxia Sampling\CAST_CE042_120913.hex
* Software Version 1.25
* Temperature SN = 2997
* Conductivity SN = 2997
* System UpLoad Time = Sep 13 2012 11:18:23
** CAST_CE042_120913
* SEACAT PROFILER V3.1c SN 2997   09/13/12  11:17:05.370
# nquan = 9                                 
# nvalues = 991                         
# units = specified
# name 0 = timeJ: Julian Days
# name 1 = prSM: Pressure, Strain Gauge [db]
# name 2 = c0mS/cm: Conductivity [mS/cm]
# name 3 = t090C: Temperature [ITS-90, deg C]
# name 4 = sbeox0ML/L: Oxygen, SBE 43 [ml/l]
# name 5 = depSM: Depth [salt water, m], lat = 47.5
# name 6 = sal00: Salinity, Practical [PSU]
# name 7 = sigma-é00: Density [sigma-theta, kg/m^3]
# name 8 = flag: flag
# span 0 = 257.462986, 257.468715       
# span 1 =     -4.481,     45.684       
# span 2 =   0.192200,  39.314256       
# span 3 =     7.4235,    14.5857       
# span 4 =    -1.8036,    14.1089       
# span 5 =     -4.444,     45.298       
# span 6 =     0.1192,    33.6721       
# span 7 =    -0.5650,    26.3131       
# span 8 = 0.0000e+00, 0.0000e+00       
# interval = seconds: 0.5
# start_time = Sep 13 2012 11:06:42 [Instrument's time stamp, header]
# bad_flag = -9.990e-29
*END*
[from data line 961]
 257.468547     12.534  38.300788    13.5873     5.9630     12.429    31.9688    23.9298 0.0000e+00
 257.468553     11.984  38.395938    13.7021     5.9543     11.884    31.9615    23.9010 0.0000e+00
 257.468559     11.444  38.490392    13.8102     5.9561     11.348    31.9590    23.8771 0.0000e+00
 257.468565     10.909  38.574594    13.9016     5.9742     10.818    31.9609    23.8600 0.0000e+00
 257.468571     10.376  38.641012    13.9714     5.9846     10.289    31.9643    23.8484 0.0000e+00
 257.468576      9.844  38.693683    14.0126     7.0365      9.762    31.9787    23.8511 0.0000e+00
 257.468582      9.313  38.731162    14.0343     7.0488      9.235    31.9954    23.8595 0.0000e+00
 257.468588      8.786  38.750763    14.0510     7.0894      8.712    31.9998    23.8594 0.0000e+00
 257.468594      8.265  38.759014    14.0684     6.4298      8.196    31.9931    23.8507 0.0000e+00
 257.468600      7.758  38.759078    14.0858     6.2423      7.693    31.9789    23.8361 0.0000e+00
 257.468605      7.261  38.742080    14.1021     6.7864      7.200    31.9500    23.8104 0.0000e+00
 257.468611      6.773  38.677517    14.1219     6.8499      6.716    31.8745    23.7481 0.0000e+00
 257.468617      6.297  38.461942    14.1668     6.6844      6.244    31.6401    23.5580 0.0000e+00
 257.468623      5.837  37.773746    14.2436     6.5239      5.788    30.9492    23.0094 0.0000e+00
 257.468628      5.399  35.635943    14.3084     6.3600      5.354    28.9612    21.4640 0.0000e+00
 257.468634      4.984  29.095599    14.3278     6.2661      4.942    23.1349    16.9776 0.0000e+00
 257.468640      4.591  19.474103    14.3167     6.2576      4.553    14.9069    10.6626 0.0000e+00
 257.468646      4.225  13.953160    14.2909     6.2584      4.190    10.3837     7.1970 0.0000e+00
 257.468652      3.895  15.245733    14.2555     6.2792      3.862    11.4410     8.0141 0.0000e+00
 257.468657      3.598  19.682575    14.2197     6.2995      3.568    15.1189    10.8421 0.0000e+00
 257.468663      3.326  20.224280    14.1891 -9.990e-29      3.298    15.5856    11.2056 0.0000e+00
 257.468669      3.070  14.928306    14.1589 -9.990e-29      3.044    11.2108     7.8534 0.0000e+00
 257.468675      2.839   9.529554    14.1215 -9.990e-29      2.815     6.9091     4.5565 0.0000e+00
 257.468681      2.640   6.887859    14.0702 -9.990e-29      2.618     4.8817     3.0057 0.0000e+00
 257.468686      2.468   5.807551    14.0046 -9.990e-29      2.447     4.0740     2.3937 0.0000e+00
 257.468692      2.322   5.375713    13.9406 -9.990e-29      2.303     3.7575     2.1593 -9.990e-29
 257.468698      2.200   5.070995    13.8952 -9.990e-29      2.182     3.5347     1.9943 -9.990e-29
 257.468704      2.108   4.624176    13.8679 -9.990e-29      2.090     3.2060     1.7448 -9.990e-29
 257.468709      2.052   4.144966    13.8577 -9.990e-29      2.035     2.8543     1.4750 -9.990e-29
 257.468715      2.034   3.729169 -9.990e-29 -9.990e-29      2.017 -9.990e-29 -9.990e-29 -9.990e-29
