data/oxygen options/OCNMS/OCNMS1/raw_data/2005/CTD_KL015_060805faed.cnv
* Sea-Bird SBE19 Data File:
* FileName = C:\Mooring data\CTD_KL1_060805.hex
* Software Version 1.1.5
* Temperature SN = 2997
* Conductivity SN = 2997
* System UpLoad Time = Jun 08 2005 16:10:55
* SEACAT PROFILER V3.1c SN 2997   06/08/05  16:09:52.806
* strain gauge pressure sensor: S/N = 184829,  range = 3000 psia,  tc = 40
# nquan = 9                                 
# nvalues = 589                         
# units = specified
# name 0 = timeJ: Julian Days
# name 1 = prSM: Pressure, Strain Gauge [db]
# name 2 = c0mS/cm: Conductivity [mS/cm]
# name 3 = t090C: Temperature [ITS-90, deg C]
# name 4 = oxML/L: Oxygen, Beckman/YSI [ml/l]
# name 5 = depSM: Depth [salt water, m], lat = 47.5
# name 6 = sal00: Salinity, Practical [PSU]
# name 7 = sigma-é00: Density [sigma-theta, kg/m^3]
# name 8 = flag: flag
# span 0 = 159.458032, 159.461435       
# span 1 =     -3.853,     15.628       
# span 2 =   0.460885,  36.768960       
# span 3 =    12.7064,    14.7871       
# span 4 =   -0.12223,   25.54932       
# span 5 =     -3.821,     15.497       
# span 6 =     0.2913,    30.9547       
# span 7 =    -0.4065,    23.3169       
# span 8 = 0.0000e+00, 0.0000e+00       
# interval = seconds: 0.5
# start_time = Jun 08 2005 10:59:34 [Instrument's time stamp, header]
# bad_flag = -9.990e-29
*END*
 159.458032     -3.853 -9.990e-29    13.0597   -0.12221     -3.821 -9.990e-29 -9.990e-29 -9.990e-29
 159.458038     -3.845   0.554544    13.0600   -0.12221     -3.813     0.3530    -0.3536 -9.990e-29
 159.458044     -3.833   0.550693    13.0598   -0.12222     -3.801     0.3505    -0.3555 -9.990e-29
 159.458050     -3.819   0.545797    13.0590   -0.12223     -3.787     0.3473    -0.3579 -9.990e-29
 159.458056     -3.800   0.542200    13.0580   -0.12222     -3.768     0.3449    -0.3596 -9.990e-29
 159.458061     -3.781   0.540836    13.0574   -0.12221     -3.749     0.3440    -0.3602 -9.990e-29
 159.458067     -3.767   0.540443    13.0577   -0.12222     -3.736     0.3437    -0.3605 -9.990e-29
 159.458073     -3.759   0.539018    13.0588   -0.12222     -3.728     0.3428    -0.3614 -9.990e-29
 159.458079     -3.752   0.535769    13.0601   -0.12223     -3.721     0.3407    -0.3632 -9.990e-29
 159.458084     -3.744   0.532097    13.0608   -0.12221     -3.713     0.3382    -0.3652 -9.990e-29
 159.458090     -3.732   0.529206    13.0607   -0.12221     -3.701     0.3363    -0.3666 -9.990e-29
 159.458096     -3.711   0.526570    13.0605   -0.12221     -3.680     0.3346    -0.3680 -9.990e-29
 159.458102     -3.682   0.523447    13.0609   -0.12221     -3.651     0.3326    -0.3696 -9.990e-29
 159.458108     -3.654   0.520112    13.0620   -0.12221     -3.624     0.3304    -0.3715 -9.990e-29
 159.458113     -3.628   0.517662    13.0629   -0.12220     -3.598     0.3287    -0.3728 -9.990e-29
 159.458119     -3.602   0.516715    13.0630   -0.12220     -3.572     0.3281    -0.3733 -9.990e-29
 159.458125     -3.576   0.516009    13.0631   -0.12219     -3.546     0.3277    -0.3737 -9.990e-29
 159.458131     -3.547   0.513494    13.0640   -0.12219     -3.517     0.3260    -0.3751 -9.990e-29
 159.458137     -3.519   0.509146    13.0657   -0.12219     -3.490     0.3231    -0.3776 -9.990e-29
 159.458142     -3.492   0.504932    13.0674   -0.12219     -3.463     0.3204    -0.3799 -9.990e-29
 159.458148     -3.462   0.502442    13.0687   -0.12219     -3.433     0.3187    -0.3814 -9.990e-29
 159.458154     -3.427   0.501130    13.0698   -0.12218     -3.398     0.3178    -0.3822 -9.990e-29
 159.458160     -3.392   0.499247    13.0710   -0.12218     -3.364     0.3166    -0.3833 -9.990e-29
 159.458166     -3.360   0.496504    13.0723   -0.12217     -3.332     0.3148    -0.3849 -9.990e-29
 159.458171     -3.329   0.494234    13.0737   -0.12217     -3.301     0.3133    -0.3862 -9.990e-29
 159.458177     -3.297   0.493291    13.0752   -0.12216     -3.270     0.3127    -0.3869 -9.990e-29
 159.458183     -3.261   0.492974    13.0767   -0.12216     -3.234     0.3125    -0.3873 -9.990e-29
 159.458189     -3.225   0.491752    13.0779   -0.12216     -3.198     0.3116    -0.3881 -9.990e-29
 159.458194     -3.193   0.489107    13.0788   -0.12215     -3.166     0.3099    -0.3895 -9.990e-29
 159.458200     -3.169   0.485948    13.0799   -0.12215     -3.143     0.3078    -0.3913 -9.990e-29
 159.458206     -3.150   0.483055    13.0813   -0.12215     -3.124     0.3059    -0.3930 -9.990e-29
 159.458212     -3.136   0.480455    13.0828   -0.12215     -3.110     0.3042    -0.3945 -9.990e-29
 159.458218     -3.126   0.478009    13.0844   -0.12215     -3.100     0.3026    -0.3959 -9.990e-29
 159.458223     -3.115   0.475782    13.0860   -0.12214     -3.089     0.3011    -0.3973 -9.990e-29
 159.458229     -3.097   0.474134    13.0875   -0.12215     -3.071     0.3001    -0.3983 -9.990e-29
 159.458235     -3.076   0.473642    13.0888   -0.12215     -3.050     0.2997    -0.3988 -9.990e-29
 159.458241     -3.056   0.474203    13.0900   -0.12214     -3.031     0.3001    -0.3986 -9.990e-29
 159.458247     -3.034   0.474904    13.0913   -0.12212     -3.009     0.3005    -0.3984 -9.990e-29
 159.458252     -3.009   0.474460    13.0924   -0.12212     -2.984     0.3002    -0.3988 -9.990e-29
 159.458258     -2.979   0.472280    13.0935   -0.12209     -2.954     0.2988    -0.4001 -9.990e-29
 159.458264     -2.948   0.469341    13.0947   -0.12205     -2.923     0.2969    -0.4017 -9.990e-29
 159.458270     -2.917   0.466717    13.0961   -0.12201     -2.893     0.2952    -0.4033 -9.990e-29
 159.458275     -2.884   0.464791    13.0971   -0.12198     -2.860     0.2939    -0.4044 -9.990e-29
 159.458281     -2.851   0.463213    13.0974   -0.12198     -2.827     0.2929    -0.4052 -9.990e-29
 159.458287     -2.821   0.461543    13.0976   -0.12199     -2.797     0.2918    -0.4061 -9.990e-29
 159.458293     -2.792   0.460885    13.0980   -0.12201     -2.769     0.2913    -0.4065 -9.990e-29
 159.458299     -2.761   0.464241    13.0973   -0.12200     -2.738     0.2935    -0.4047 -9.990e-29
 159.458304     -2.728   0.477198    13.0955   -0.12199     -2.705     0.3020    -0.3978 -9.990e-29
 159.458310     -2.689   0.504831    13.0948   -0.12200     -2.667     0.3201    -0.3837 -9.990e-29
 159.458316     -2.647   0.547940    13.0958   -0.12199     -2.625     0.3483    -0.3618 -9.990e-29
 159.458322     -2.608   0.603560    13.0974   -0.12136     -2.586     0.3850    -0.3335 -9.990e-29
 159.458328     -2.576   0.664883    13.0987   -0.12133     -2.555     0.4256    -0.3020 -9.990e-29
 159.458333     -2.556   0.719948    13.0988   -0.12157     -2.535     0.4622    -0.2736 -9.990e-29
 159.458339     -2.541   0.754544    13.0971   -0.12176     -2.520     0.4853    -0.2553 -9.990e-29
 159.458345     -2.525   0.767102    13.0943   -0.12183     -2.504     0.4938    -0.2484 -9.990e-29
 159.458351     -2.509   0.772705    13.0925   -0.12190     -2.488     0.4975    -0.2453 -9.990e-29
 159.458356     -2.491   0.784370    13.0917   -0.12180     -2.470     0.5054    -0.2391 -9.990e-29
 159.458362     -2.470   0.805450    13.0903   -0.12190     -2.449     0.5195    -0.2279 -9.990e-29
 159.458368     -2.448   0.845195    13.0855   -0.12194     -2.428     0.5463    -0.2064 -9.990e-29
 159.458374     -2.429   0.945503    13.0707   -0.12200     -2.409     0.6143    -0.1517 -9.990e-29
 159.458380     -2.407   1.236793    13.0442   -0.12208     -2.387     0.8138     0.0068 -9.990e-29
 159.458385     -2.381   1.701830    13.0173   -0.12186     -2.361     1.1381     0.2622 -9.990e-29
 159.458391     -2.357   2.023950    13.0000   -0.10071     -2.337     1.3665     0.4416 -9.990e-29
 159.458397     -2.334   2.051037    12.9914   -0.09840     -2.315     1.3861     0.4579 -9.990e-29
 159.458403     -2.307   1.937456    12.9850   -0.09786     -2.288     1.3056     0.3963 -9.990e-29
 159.458409     -2.278   1.830424    12.9777   -0.09777     -2.259     1.2300     0.3386 -9.990e-29
 159.458414     -2.245   1.799822    12.9714   -0.09774     -2.226     1.2086     0.3228 -9.990e-29
 159.458420     -2.201   1.843143    12.9701   -0.09771     -2.183     1.2392     0.3468 -9.990e-29
 159.458426     -2.149   1.931012    12.9834   -0.09771     -2.131     1.3011     0.3930 -9.990e-29
 159.458432     -2.085   2.181705    13.0383   -0.09767     -2.068     1.4775     0.5227 -9.990e-29
 159.458438     -2.000   3.002741    13.2141   -0.09771     -1.983     2.0614     0.9517 -9.990e-29
 159.458443     -1.897   5.584295    13.6108   -0.09769     -1.881     3.9470     2.3532 -9.990e-29
 159.458449     -1.784  13.327917    14.1272   -0.09767     -1.769     9.9233     6.8703 -9.990e-29
 159.458455     -1.665  24.874747    14.5050   -0.09767     -1.651    19.3877    14.0664 -9.990e-29
 159.458461     -1.555  32.557938    14.6792   -0.09769     -1.542    25.9573    19.0780 -9.990e-29
 159.458466     -1.463  35.109394    14.7462   -0.09777     -1.451    28.1701    20.7659 -9.990e-29
 159.458472     -1.387  35.948526    14.7716   -0.09776     -1.375    28.8990    21.3214 -9.990e-29
 159.458478     -1.328  36.240193    14.7826   -0.09771     -1.317    29.1512    21.5131 -9.990e-29
 159.458484     -1.286  36.349197    14.7871   -0.09767     -1.275    29.2451    21.5845 -9.990e-29
 159.458490     -1.254  36.390618    14.7870   -0.09767     -1.244    29.2822    21.6130 -9.990e-29
 159.458495     -1.225  36.407367    14.7843   -0.09775     -1.215    29.2992    21.6267 -9.990e-29
 159.458501     -1.194  36.416193    14.7812   -0.09776     -1.184    29.3094    21.6352 -9.990e-29
 159.458507     -1.154  36.435052    14.7790   -0.09779     -1.144    29.3279    21.6499 -9.990e-29
 159.458513     -1.106  36.457708    14.7770   -0.09775     -1.097    29.3496    21.6670 -9.990e-29
 159.458519     -1.058  36.459436    14.7739   -0.09774     -1.049    29.3535    21.6706 -9.990e-29
 159.458524     -1.017  36.432464    14.7715   -0.09778     -1.009    29.3312    21.6539 -9.990e-29
 159.458530     -0.986  36.402530    14.7720   -0.09780     -0.978    29.3040    21.6330 -9.990e-29
 159.458536     -0.955  36.408805    14.7736   -0.09786     -0.947    29.3084    21.6360 -9.990e-29
 159.458542     -0.916  36.445659    14.7731   -0.09780     -0.908    29.3417    21.6617 -9.990e-29
 159.458547     -0.868  36.473656    14.7692   -0.09775     -0.861    29.3697    21.6841 -9.990e-29
 159.458553     -0.817  36.465659    14.7619   -0.09775     -0.810    29.3680    21.6843 -9.990e-29
 159.458559     -0.770  36.433457    14.7544   -0.09778     -0.764    29.3448    21.6680 -9.990e-29
 159.458565     -0.731  36.417123    14.7522   -0.09782     -0.725    29.3319    21.6585 -9.990e-29
 159.458571     -0.696  36.429102    14.7541   -0.09783     -0.690    29.3411    21.6652 -9.990e-29
 159.458576     -0.664  36.444450    14.7542   -0.09775     -0.658    29.3548    21.6757 -9.990e-29
 159.458582     -0.636  36.434306    14.7477   -0.09774     -0.631    29.3506    21.6738 -9.990e-29
 159.458588     -0.614  36.404232    14.7389   -0.09775     -0.609    29.3303    21.6600 -9.990e-29
 159.458594     -0.594  36.388728    14.7383   -0.09774     -0.589    29.3169    21.6498 -9.990e-29
 159.458600     -0.574  36.404150    14.7458   -0.09774     -0.569    29.3250    21.6546 -9.990e-29
 159.458605     -0.558  36.434070    14.7528   -0.09774     -0.553    29.3465    21.6696 -9.990e-29
 159.458611     -0.543  36.444943    14.7527   -0.09773     -0.538    29.3563    21.6772 -9.990e-29
 159.458617     -0.533  36.424936    14.7450   -0.09772     -0.529    29.3442    21.6695 -9.990e-29
 159.458623     -0.528  36.400665    14.7403   -0.09771     -0.524    29.3260    21.6565 -9.990e-29
 159.458628     -0.519  36.402591    14.7466   -0.09773     -0.515    29.3230    21.6528 -9.990e-29
 159.458634     -0.501  36.427693    14.7561   -0.09774     -0.497    29.3383    21.6626 -9.990e-29
 159.458640     -0.478  36.446096    14.7613   -0.09774     -0.474    29.3508    21.6712 -9.990e-29
 159.458646     -0.455  36.443670    14.7633   -0.09778     -0.451    29.3471    21.6680 -9.990e-29
 159.458652     -0.436  36.436266    14.7642   -0.09779     -0.432    29.3398    21.6622 -9.990e-29
 159.458657     -0.421  36.438146    14.7646   -0.09778     -0.417    29.3412    21.6631 -9.990e-29
 159.458663     -0.407  36.444546    14.7646   -0.09775     -0.404    29.3469    21.6675 -9.990e-29
 159.458669     -0.394  36.451686    14.7647   -0.09773     -0.391    29.3532    21.6724 -9.990e-29
 159.458675     -0.381  36.463498    14.7649   -0.09776     -0.378    29.3636    21.6803 -9.990e-29
 159.458681     -0.367  36.475005    14.7643   -0.09779     -0.364    29.3744    21.6887 -9.990e-29
 159.458686     -0.352  36.475776    14.7625   -0.09780     -0.349    29.3764    21.6907 -9.990e-29
 159.458692     -0.334  36.466858    14.7596   -0.09780     -0.331    29.3706    21.6868 -9.990e-29
 159.458698     -0.317  36.457690    14.7564   -0.09781     -0.314    29.3648    21.6830 -9.990e-29
 159.458704     -0.303  36.445040    14.7538   -0.09782     -0.300    29.3555    21.6763 -9.990e-29
 159.458709     -0.288  36.425520    14.7530   -0.09782     -0.286    29.3386    21.6635 -9.990e-29
 159.458715     -0.271  36.417421    14.7545   -0.09782     -0.269    29.3302    21.6568 -9.990e-29
 159.458721     -0.254  36.429589    14.7572   -0.09780     -0.252    29.3391    21.6630 -9.990e-29
 159.458727     -0.233  36.445746    14.7584   -0.09782     -0.231    29.3526    21.6732 -9.990e-29
 159.458733     -0.206  36.444841    14.7570   -0.09783     -0.204    29.3529    21.6737 -9.990e-29
 159.458738     -0.180  36.424005    14.7540   -0.09788     -0.178    29.3365    21.6617 -9.990e-29
 159.458744     -0.158  36.402580    14.7511   -0.09790     -0.157    29.3195    21.6492 -9.990e-29
 159.458750     -0.138  36.391830    14.7488   -0.09782     -0.137    29.3116    21.6436 -9.990e-29
 159.458756     -0.119  36.386410    14.7465   -0.09776     -0.118    29.3085    21.6417 -9.990e-29
 159.458762     -0.099  36.382472    14.7440   -0.09777     -0.098    29.3068    21.6409 -9.990e-29
 159.458767     -0.078  36.381515    14.7427   -0.09778     -0.077    29.3069    21.6413 -9.990e-29
 159.458773     -0.054  36.386778    14.7431   -0.09782     -0.054    29.3113    21.6446 -9.990e-29
 159.458779     -0.030  36.395772    14.7421   -0.09791     -0.030    29.3201    21.6516 -9.990e-29
 159.458785     -0.012  36.396399    14.7354   -0.09793     -0.012    29.3257    21.6573 -9.990e-29
 159.458791     -0.005  36.386715    14.7256   -0.09783     -0.005    29.3244    21.6583 -9.990e-29
 159.458796     -0.003  36.379623    14.7230   -0.09780     -0.003    29.3200    21.6555 -9.990e-29
 159.458802      0.003  36.382511    14.7324   -0.09779      0.003    29.3155    21.6501 -9.990e-29
 159.458808      0.016  36.396448    14.7455   -0.09778      0.016    29.3182    21.6493 -9.990e-29
 159.458814      0.034  36.416489    14.7527   -0.09779      0.034    29.3307    21.6575 -9.990e-29
 159.458819      0.050  36.424520    14.7490   -0.09781      0.050    29.3406    21.6659 -9.990e-29
 159.458825      0.059  36.413332    14.7329   -0.09781      0.059    29.3427    21.6709 -9.990e-29
 159.458831      0.063  36.400553    14.7135   -0.09782      0.062    29.3459    21.6773 -9.990e-29
 159.458837      0.066  36.397767    14.7081   -0.09781      0.065    29.3475    21.6796 -9.990e-29
 159.458843      0.077  36.402958    14.7207   -0.09780      0.076    29.3426    21.6733 -9.990e-29
 159.458848      0.096  36.414655    14.7377   -0.09779      0.095    29.3403    21.6680 -9.990e-29
 159.458854      0.117  36.423244    14.7480   -0.09780      0.116    29.3402    21.6658 -9.990e-29
 159.458860      0.135  36.420017    14.7516   -0.09781      0.134    29.3346    21.6607 -9.990e-29
 159.458866      0.154  36.415837    14.7515   -0.09782      0.153    29.3309    21.6579 -9.990e-29
 159.458872      0.172  36.415807    14.7490   -0.09785      0.171    29.3328    21.6599 -9.990e-29
 159.458877      0.188  36.410939    14.7451   14.43788      0.186    29.3314    21.6596 -9.990e-29
 159.458883      0.199  36.403739    14.7425   24.15187      0.197    29.3269    21.6567 -9.990e-29
 159.458889      0.208  36.403131    14.7430   25.54932      0.206    29.3259    21.6559 -9.990e-29
 159.458895      0.222  36.408887    14.7451   22.39194      0.220    29.3295    21.6582 -9.990e-29
 159.458900      0.240  36.415248    14.7465   14.52651      0.238    29.3341    21.6614 -9.990e-29
 159.458906      0.261  36.418942    14.7460   11.61743      0.259    29.3378    21.6644 -9.990e-29
 159.458912      0.276  36.418190    14.7430   11.62481      0.274    29.3394    21.6662 -9.990e-29
 159.458918      0.282  36.413133    14.7372   11.60137      0.280    29.3392    21.6673 -9.990e-29
 159.458924      0.284  36.410508    14.7318   11.60378      0.282    29.3409    21.6697 -9.990e-29
 159.458929      0.290  36.421418    14.7340   11.59980      0.288    29.3490    21.6755 -9.990e-29
 159.458935      0.306  36.460991    14.7409   11.59453      0.303    29.3793    21.6973 -9.990e-29
 159.458941      0.328  36.516408    14.7425   11.59077      0.325    29.4276    21.7342 -9.990e-29
 159.458947      0.349  36.548876    14.7398   11.58449      0.346    29.4587    21.7587 -9.990e-29
 159.458953      0.361  36.556850    14.7391   11.58250      0.358    29.4664    21.7648 -9.990e-29
