data/oxygen options/OCNMS/OCNMS1/raw_data/2005/CTD_KL027_062805faedb.cnv
* Sea-Bird SBE19 Data File:
* FileName = F:\mooring data\CTD_KL2_062805.hex
* Software Version 1.1.6
* Temperature SN = 2997
* Conductivity SN = 2997
* System UpLoad Time = Jun 28 2005 13:38:47
* SEACAT PROFILER V3.1c SN 2997   06/28/05  13:35:04.025
* strain gauge pressure sensor: S/N = 184829,  range = 3000 psia,  tc = 40
# nquan = 9
# nvalues = 27                          
# units = specified
# name 0 = timeJ: Julian Days
# name 1 = prSM: Pressure, Strain Gauge [db]
# name 2 = c0mS/cm: Conductivity [mS/cm]
# name 3 = t090C: Temperature [ITS-90, deg C]
# name 4 = oxML/L: Oxygen, Beckman/YSI [ml/l]
# name 5 = depSM: Depth [salt water, m], lat = 47.5
# name 6 = sal00: Salinity, Practical [PSU]
# name 7 = sigma-é00: Density [sigma-theta, kg/m^3]
# name 8 = flag: flag
# span 0 =  27.271414, 179.417574       
# span 1 =      0.523,     28.000       
# span 2 =   5.890988,  38.762822       
# span 3 =     2.2720,    14.9458       
# span 4 =    1.08763,    7.50772       
# span 5 =      0.518,     27.765       
# span 6 =     4.7539,    32.8540       
# span 7 =     3.5133,    25.4099       
# span 8 = 0.0000e+00, 0.0000e+00       
# interval = decibars: 1                
# start_time = Jun 28 2005 09:56:58 [Instrument's time stamp, header]
# bad_flag = -9.990e-29
*END*
  27.271414      1.000   5.890988     2.2720    1.08763      0.518     4.7539     3.5133 0.0000e+00
 156.559510      3.000  33.818933    13.0432    6.24384      2.975    27.2911    20.1691 0.0000e+00
 179.417214      4.000  38.762822    14.9458    7.27107      3.966    31.2825    23.1195 0.0000e+00
 179.417231      5.000  38.757307    14.8290    7.50772      4.958    31.3709    23.2124 0.0000e+00
 179.417244      6.000  38.575608    14.5873    6.77445      5.950    31.4012    23.2866 0.0000e+00
 179.417255      7.000  38.431685    14.2861    5.85502      6.942    31.5148    23.4367 0.0000e+00
 179.417267      8.000  38.051590    13.4181    5.13774      7.933    31.8802    23.8947 0.0000e+00
 179.417277      9.000  37.240683    12.2549    4.82448      8.925    32.0973    24.2879 0.0000e+00
 179.417289     10.000  36.543331    11.5704    4.77289      9.916    32.0122    24.3483 0.0000e+00
 179.417300     11.000  36.276964    11.3727    4.71157     10.908    31.9228    24.3145 0.0000e+00
 179.417313     12.000  36.194102    11.1267    4.45507     11.899    32.0545    24.4606 0.0000e+00
 179.417325     13.000  35.963474    10.7088    4.11429     12.891    32.1918    24.6406 0.0000e+00
 179.417337     14.000  35.786184    10.4489    3.91594     13.883    32.2442    24.7258 0.0000e+00
 179.417349     15.000  35.677601    10.1645    3.78514     14.874    32.3877    24.8857 0.0000e+00
 179.417359     16.000  35.537494     9.9093    3.71462     15.866    32.4744    24.9956 0.0000e+00
 179.417370     17.000  35.464534     9.7569    3.68156     16.857    32.5373    25.0698 0.0000e+00
 179.417380     18.000  35.427048     9.6602    3.64009     17.849    32.5861    25.1237 0.0000e+00
 179.417392     19.000  35.392100     9.5514    3.56134     18.840    32.6488    25.1903 0.0000e+00
 179.417404     20.000  35.370126     9.4808    3.47219     19.832    32.6901    25.2340 0.0000e+00
 179.417416     21.000  35.361057     9.4259    3.41427     20.824    32.7304    25.2743 0.0000e+00
 179.417428     22.000  35.346615     9.3561    3.39686     21.815    32.7790    25.3235 0.0000e+00
 179.417439     23.000  35.319316     9.2879    3.39460     22.807    32.8130    25.3610 0.0000e+00
 179.417451     24.000  35.286539     9.2283    3.39662     23.799    32.8335    25.3864 0.0000e+00
 179.417463     25.000  35.268818     9.1964    3.38241     24.790    32.8441    25.3998 0.0000e+00
 179.417477     26.000  35.266638     9.1853    3.35817     25.781    32.8517    25.4075 0.0000e+00
 179.417493     27.000  35.266011     9.1816    3.37065     26.773    32.8540    25.4099 0.0000e+00
 179.417574     28.000  35.259349     9.2003    3.39452     27.765    32.8294    25.3877 0.0000e+00
