data/oxygen options/OCNMS/OCNMS1/raw_data/2005/CTD_CE015_052505faed.cnv
* Sea-Bird SBE19 Data File:
* FileName = C:\Documents and Settings\kirner.PTANGELES\Desktop\hypoxia CTD data\MCE1__052505.hex
* Software Version 1.1.5
* Temperature SN = 2997
* Conductivity SN = 2997
* System UpLoad Time = May 25 2005 18:17:01
* SEACAT PROFILER V3.1c SN 2997   05/25/05  18:15:48.077
* strain gauge pressure sensor: S/N = 184829,  range = 3000 psia,  tc = 40
# nquan = 9                                 
# nvalues = 512                         
# units = specified
# name 0 = timeJ: Julian Days
# name 1 = prSM: Pressure, Strain Gauge [db]
# name 2 = c0mS/cm: Conductivity [mS/cm]
# name 3 = t090C: Temperature [ITS-90, deg C]
# name 4 = oxML/L: Oxygen, Beckman/YSI [ml/l]
# name 5 = depSM: Depth [salt water, m], lat = 47.5
# name 6 = sal00: Salinity, Practical [PSU]
# name 7 = sigma-é00: Density [sigma-theta, kg/m^3]
# name 8 = flag: flag
# span 0 = 145.703264, 145.706221       
# span 1 =     -4.080,     17.303       
# span 2 =   0.155882,  36.294682       
# span 3 =    12.1658,    15.8052       
# span 4 =   -0.11371,   25.28836       
# span 5 =     -4.046,     17.158       
# span 6 =     0.0915,    31.2605       
# span 7 =    -0.9514,    23.6557       
# span 8 = 0.0000e+00, 0.0000e+00       
# interval = seconds: 0.5
# start_time = May 25 2005 16:52:42 [Instrument's time stamp, header]
# bad_flag = -9.990e-29
*END*
 145.703264     -4.080 -9.990e-29    15.7819   -0.11371     -4.046 -9.990e-29 -9.990e-29 -9.990e-29
 145.703270     -4.060   0.159498    15.7824   -0.10469     -4.026     0.0936    -0.9482 -9.990e-29
 145.703275     -4.037   0.157485    15.7844   -0.09871     -4.003     0.0924    -0.9494 -9.990e-29
 145.703281     -4.016   0.155882    15.7886   -0.10007     -3.983     0.0915    -0.9508 -9.990e-29
 145.703287     -3.991   0.156430    15.7942   -0.09906     -3.958     0.0918    -0.9514 -9.990e-29
 145.703293     -3.959   0.162817    15.8004   -0.09983     -3.926     0.0955    -0.9496 -9.990e-29
 145.703299     -3.923   0.185225    15.8052   -0.10025     -3.890     0.1084    -0.9403 -9.990e-29
 145.703304     -3.873   0.254269    15.8039   -0.10037     -3.841     0.1488    -0.9089 -9.990e-29
 145.703310     -3.797   0.453692    15.7903   -0.10057     -3.765     0.2684    -0.8142 -9.990e-29
 145.703316     -3.698   1.027398    15.7529   -0.10064     -3.667     0.6262    -0.5320 -9.990e-29
 145.703322     -3.583   2.719816    15.6524   -0.10067     -3.553     1.7448     0.3457 -9.990e-29
 145.703328     -3.449   7.775308    15.4446   -0.10066     -3.420     5.3686     3.1606 -9.990e-29
 145.703333     -3.291  16.775424    15.1476   -0.10058     -3.264    12.4080     8.6009 -9.990e-29
 145.703339     -3.118  25.156588    14.8220   -0.10049     -3.092    19.4705    14.0705 -9.990e-29
 145.703345     -2.946  29.772524    14.5333   -0.10048     -2.921    23.6058    17.2997 -9.990e-29
 145.703351     -2.792  32.086800    14.3378   -0.10054     -2.769    25.7681    19.0001 -9.990e-29
 145.703356     -2.658  33.236820    14.2306   -0.10054     -2.636    26.8654    19.8656 -9.990e-29
 145.703362     -2.549  33.583186    14.1708   -0.10045     -2.528    27.2175    20.1484 -9.990e-29
 145.703368     -2.465  33.642075    14.1396   -0.10047     -2.444    27.2923    20.2122 -9.990e-29
 145.703374     -2.398  33.610275    14.1294   -0.10059     -2.378    27.2709    20.1977 -9.990e-29
 145.703380     -2.339  33.566456    14.1364   -0.10050     -2.319    27.2266    20.1622 -9.990e-29
 145.703385     -2.284  33.540201    14.1579   -0.10042     -2.265    27.1879    20.1282 -9.990e-29
 145.703391     -2.230  33.529027    14.1794   -0.10036     -2.211    27.1627    20.1046 -9.990e-29
 145.703397     -2.178  33.524219    14.1863   -0.10049     -2.160    27.1536    20.0962 -9.990e-29
 145.703403     -2.132  33.523313    14.1844   -0.10056     -2.114    27.1541    20.0969 -9.990e-29
 145.703409     -2.094  33.526247    14.1899   -0.10052     -2.077    27.1528    20.0949 -9.990e-29
 145.703414     -2.062  33.526301    14.2005   -0.10055     -2.045    27.1454    20.0871 -9.990e-29
 145.703420     -2.029  33.517959    14.1994   -0.10056     -2.012    27.1387    20.0821 -9.990e-29
 145.703426     -1.986  33.505252    14.1870   -0.10060     -1.969    27.1360    20.0825 -9.990e-29
 145.703432     -1.932  33.500402    14.1814   -0.10063     -1.916    27.1356    20.0833 -9.990e-29
 145.703438     -1.883  33.532268    14.1915   -0.10059     -1.867    27.1570    20.0978 -9.990e-29
 145.703443     -1.842  33.598515    14.2055   -0.10058     -1.827    27.2066    20.1332 -9.990e-29
 145.703449     -1.809  33.631683    14.2066   -0.10055     -1.794    27.2355    20.1552 -9.990e-29
 145.703455     -1.776  33.591389    14.1965   -0.10065     -1.761    27.2065    20.1349 -9.990e-29
 145.703461     -1.742  33.522571    14.1853   -0.10070     -1.727    27.1526    20.0957 -9.990e-29
 145.703466     -1.712  33.492097    14.1771   -0.10067     -1.698    27.1311    20.0807 -9.990e-29
 145.703472     -1.685  33.502507    14.1714   -0.10068     -1.671    27.1444    20.0920 -9.990e-29
 145.703478     -1.654  33.508849    14.1637   -0.10070     -1.640    27.1555    20.1021 -9.990e-29
 145.703484     -1.619  33.498301    14.1543   -0.10077     -1.605    27.1526    20.1017 -9.990e-29
 145.703490     -1.580  33.493806    14.1500   -0.10083     -1.567    27.1516    20.1018 -9.990e-29
 145.703495     -1.549  33.512926    14.1534   -0.10084     -1.536    27.1663    20.1125 -9.990e-29
 145.703501     -1.532  33.538576    14.1550   -0.10079     -1.519    27.1882    20.1290 -9.990e-29
 145.703507     -1.518  33.536039    14.1440   -0.10082     -1.505    27.1937    20.1354 -9.990e-29
 145.703513     -1.495  33.506435    14.1269   -0.10094     -1.483    27.1791    20.1276 -9.990e-29
 145.703519     -1.461  33.485414    14.1148   -0.10092     -1.449    27.1687    20.1220 -9.990e-29
 145.703524     -1.423  33.497086    14.1089   -0.10091     -1.411    27.1834    20.1344 -9.990e-29
 145.703530     -1.386  33.521719    14.1015   -0.10078     -1.374    27.2107    20.1569 -9.990e-29
 145.703536     -1.352  33.520995    14.0843   -0.10078     -1.341    27.2222    20.1691 -9.990e-29
 145.703542     -1.319  33.498452    14.0618   -0.10091     -1.308    27.2177    20.1701 -9.990e-29
 145.703547     -1.290  33.492427    14.0495   -0.10089     -1.279    27.2210    20.1750 -9.990e-29
 145.703553     -1.267  33.516197    14.0505   -0.10087     -1.256    27.2417    20.1907 -9.990e-29
 145.703559     -1.248  33.535899    14.0475   -0.10072     -1.238    27.2615    20.2066 -9.990e-29
 145.703565     -1.233  33.520091    14.0336   -0.10081     -1.223    27.2571    20.2059 -9.990e-29
 145.703571     -1.219  33.485827    14.0227   -0.10095     -1.209    27.2339    20.1903 -9.990e-29
 145.703576     -1.207  33.476552    14.0290   -0.10092     -1.197    27.2211    20.1792 -9.990e-29
 145.703582     -1.196  33.500647    14.0479   -0.10089     -1.186    27.2295    20.1819 -9.990e-29
 145.703588     -1.180  33.518519    14.0557   -0.10078     -1.170    27.2400    20.1885 -9.990e-29
 145.703594     -1.154  33.506383    14.0458   -0.10075     -1.144    27.2361    20.1874 -9.990e-29
 145.703600     -1.122  33.480586    14.0380   -0.10082     -1.113    27.2184    20.1753 -9.990e-29
 145.703605     -1.088  33.475685    14.0474   -0.10079     -1.079    27.2073    20.1649 -9.990e-29
 145.703611     -1.065  33.498610    14.0620   -0.10079     -1.056    27.2177    20.1700 -9.990e-29
 145.703617     -1.055  33.511570    14.0579   -0.10072     -1.046    27.2322    20.1820 -9.990e-29
 145.703623     -1.035  33.494315    14.0391   -0.10068     -1.026    27.2299    20.1840 -9.990e-29
 145.703628     -0.992  33.465898    14.0295   -0.10074     -0.984    27.2111    20.1714 -9.990e-29
 145.703634     -0.945  33.462424    14.0402   -0.10071     -0.937    27.2004    20.1610 -9.990e-29
 145.703640     -0.912  33.487680    14.0624   -0.10069     -0.904    27.2075    20.1621 -9.990e-29
 145.703646     -0.890  33.503059    14.0773   -0.10070     -0.883    27.2108    20.1617 -9.990e-29
 145.703652     -0.866  33.494902    14.0795   -0.10064     -0.859    27.2019    20.1545 -9.990e-29
 145.703657     -0.829  33.477016    14.0784   -0.10068     -0.822    27.1866    20.1429 -9.990e-29
 145.703663     -0.786  33.470409    14.0834   -0.10082     -0.779    27.1771    20.1346 -9.990e-29
 145.703669     -0.746  33.487585    14.0971   -0.10090     -0.740    27.1829    20.1364 -9.990e-29
 145.703675     -0.712  33.508310    14.1095   -0.10081     -0.706    27.1928    20.1415 -9.990e-29
 145.703681     -0.677  33.512038    14.1133   -0.10064     -0.671    27.1935    20.1413 -9.990e-29
 145.703686     -0.638  33.501518    14.1134   -0.10057     -0.633    27.1839    20.1339 -9.990e-29
 145.703692     -0.607  33.494691    14.1138   -0.10070     -0.602    27.1775    20.1289 -9.990e-29
 145.703698     -0.589  33.504329    14.1171   -0.10079     -0.584    27.1838    20.1331 -9.990e-29
 145.703704     -0.579  33.518643    14.1198   -0.10085     -0.574    27.1948    20.1410 -9.990e-29
 145.703709     -0.565  33.520306    14.1069   -0.10079     -0.560    27.2053    20.1517 -9.990e-29
 145.703715     -0.539  33.508194    14.0781   -0.10064     -0.535    27.2147    20.1646 -9.990e-29
 145.703721     -0.515  33.498123    14.0613   -0.10058     -0.511    27.2175    20.1701 -9.990e-29
 145.703727     -0.499  33.505263    14.0772   -0.10056     -0.495    27.2127    20.1632 -9.990e-29
 145.703733     -0.489  33.522893    14.1104   -0.10064     -0.485    27.2052    20.1509 -9.990e-29
 145.703738     -0.481  33.534182    14.1268   -0.10069     -0.477    27.2038    20.1466 -9.990e-29
 145.703744     -0.466  33.532909    14.1136   -0.10072     -0.462    27.2119    20.1555 -9.990e-29
 145.703750     -0.443  33.522448    14.0880   14.20938     -0.439    27.2206    20.1671 -9.990e-29
 145.703756     -0.419  33.512412    14.0745   23.91458     -0.416    27.2210    20.1702 -9.990e-29
 145.703762     -0.396  33.515214    14.0886   25.28836     -0.393    27.2136    20.1617 -9.990e-29
 145.703767     -0.374  33.529557    14.1221   22.19766     -0.371    27.2029    20.1468 -9.990e-29
 145.703773     -0.350  33.538153    14.1496   14.48368     -0.347    27.1912    20.1325 -9.990e-29
 145.703779     -0.328  33.533428    14.1558   11.60999     -0.325    27.1826    20.1246 -9.990e-29
 145.703785     -0.311  33.523118    14.1431   11.65484     -0.308    27.1823    20.1269 -9.990e-29
 145.703791     -0.297  33.514797    14.1238   11.63492     -0.295    27.1884    20.1354 -9.990e-29
 145.703796     -0.286  33.508599    14.1044   11.66109     -0.284    27.1965    20.1454 -9.990e-29
 145.703802     -0.276  33.494036    14.0835   11.70801     -0.274    27.1981    20.1508 -9.990e-29
 145.703808     -0.267  33.453386    14.0682   11.74790     -0.265    27.1724    20.1339 -9.990e-29
 145.703814     -0.255  33.396913    14.0606   11.77059     -0.253    27.1269    20.1004 -9.990e-29
 145.703819     -0.234  33.358057    14.0396   11.79361     -0.232    27.1067    20.0890 -9.990e-29
 145.703825     -0.207  33.334903    13.9936   11.82360     -0.205    27.1182    20.1068 -9.990e-29
 145.703831     -0.186  33.312849    13.9527   11.86240     -0.184    27.1271    20.1217 -9.990e-29
 145.703837     -0.177  33.298935    13.9516    9.10470     -0.176    27.1154    20.1128 -9.990e-29
 145.703843     -0.176  33.299835    13.9825    5.74294     -0.175    27.0944    20.0907 -9.990e-29
 145.703848     -0.173  33.311713    14.0082    3.90524     -0.172    27.0871    20.0800 -9.990e-29
 145.703854     -0.166  33.320726    14.0124    3.45648     -0.165    27.0922    20.0832 -9.990e-29
 145.703860     -0.152  33.317061    14.0161    4.63412     -0.151    27.0863    20.0779 -9.990e-29
 145.703866     -0.132  33.314911    14.0347    5.71688     -0.131    27.0713    20.0627 -9.990e-29
 145.703872     -0.108  33.324874    14.0531    6.16620     -0.107    27.0674    20.0560 -9.990e-29
 145.703877     -0.087  33.333914    14.0554    6.45047     -0.086    27.0739    20.0606 -9.990e-29
 145.703883     -0.072  33.334492    14.0488    6.60720     -0.071    27.0790    20.0659 -9.990e-29
 145.703889     -0.059  33.329080    14.0548    6.68650     -0.059    27.0700    20.0577 -9.990e-29
 145.703895     -0.045  33.327293    14.0815    6.70247     -0.045    27.0496    20.0368 -9.990e-29
 145.703900     -0.035  33.335732    14.1164    6.66752     -0.035    27.0328    20.0170 -9.990e-29
 145.703906     -0.024  33.346612    14.1554    6.64626     -0.024    27.0153    19.9958 -9.990e-29
 145.703912     -0.006  33.361015    14.1958    6.67713     -0.006    26.9999    19.9761 -9.990e-29
 145.703918      0.015  33.380794    14.2184    6.73016      0.015    27.0019    19.9731 -9.990e-29
 145.703924      0.036  33.392558    14.2181    6.81455      0.036    27.0126    19.9814 -9.990e-29
 145.703929      0.059  33.392964    14.2073    6.84602      0.059    27.0205    19.9896 -9.990e-29
 145.703935      0.081  33.389860    14.2052    6.81277      0.080    27.0192    19.9890 -9.990e-29
 145.703941      0.098  33.392016    14.2367    6.75613      0.097    26.9991    19.9674 -9.990e-29
 145.703947      0.113  33.411848    14.3112    6.68280      0.112    26.9649    19.9263 -9.990e-29
 145.703953      0.125  33.453396    14.4067    6.63521      0.124    26.9356    19.8848 -9.990e-29
 145.703958      0.141  33.504830    14.4609    6.63037      0.140    26.9438    19.8803 -9.990e-29
 145.703964      0.165  33.536126    14.4405    6.64139      0.164    26.9859    19.9167 -9.990e-29
 145.703970      0.195  33.528526    14.3887    6.66252      0.193    27.0151    19.9495 -9.990e-29
 145.703976      0.223  33.508354    14.3433    6.66269      0.221    27.0287    19.9690 -9.990e-29
 145.703981      0.244  33.498041    14.3078    6.62211      0.242    27.0443    19.9880 -9.990e-29
 145.703987      0.253  33.485898    14.2905    6.59017      0.251    27.0455    19.9924 -9.990e-29
 145.703993      0.253  33.468072    14.2963    6.60525      0.251    27.0255    19.9759 -9.990e-29
 145.703999      0.247  33.455919    14.3056    6.64512      0.245    27.0082    19.9607 -9.990e-29
 145.704005      0.247  33.452288    14.2920    6.68255      0.245    27.0144    19.9682 -9.990e-29
 145.704010      0.262  33.443188    14.2603    6.68340      0.260    27.0284    19.9852 -9.990e-29
 145.704016      0.285  33.423781    14.2481    6.66561      0.283    27.0195    19.9808 -9.990e-29
 145.704022      0.303  33.415826    14.2822    6.67423      0.300    26.9886    19.9503 -9.990e-29
 145.704028      0.315  33.436731    14.3487    6.69688      0.312    26.9610    19.9158 -9.990e-29
 145.704034      0.325  33.475700    14.4065    6.70909      0.322    26.9556    19.9002 -9.990e-29
 145.704039      0.338  33.506804    14.4280    6.65467      0.335    26.9684    19.9057 -9.990e-29
 145.704045      0.350  33.514931    14.4382    6.57159      0.347    26.9685    19.9038 -9.990e-29
 145.704051      0.358  33.514854    14.4756    6.53273      0.355    26.9425    19.8763 -9.990e-29
 145.704057      0.363  33.534495    14.5261    6.54946      0.360    26.9250    19.8527 -9.990e-29
 145.704062      0.368  33.567537    14.5377    6.61042      0.365    26.9463    19.8668 -9.990e-29
 145.704068      0.384  33.573982    14.4840    6.65773      0.381    26.9893    19.9106 -9.990e-29
 145.704074      0.410  33.538903    14.4064    6.64787      0.407    27.0120    19.9436 -9.990e-29
 145.704080      0.437  33.496798    14.3692    6.60540      0.433    27.0003    19.9420 -9.990e-29
 145.704086      0.452  33.483427    14.3828    6.54531      0.448    26.9789    19.9228 -9.990e-29
 145.704091      0.461  33.498879    14.4097    6.49278      0.457    26.9740    19.9137 -9.990e-29
 145.704097      0.477  33.517801    14.4134    6.47476      0.473    26.9883    19.9240 -9.990e-29
 145.704103      0.497  33.518916    14.3880    6.49597      0.493    27.0069    19.9434 -9.990e-29
 145.704109      0.514  33.504283    14.3367    6.53171      0.510    27.0296    19.9710 -9.990e-29
 145.704115      0.533  33.479614    14.2566    6.55785      0.529    27.0635    20.0130 -9.990e-29
 145.704120      0.556  33.441159    14.1756    6.57175      0.551    27.0857    20.0461 -9.990e-29
 145.704126      0.575  33.400967    14.1357    6.57184      0.570    27.0776    20.0477 -9.990e-29
 145.704132      0.587  33.381094    14.1360    6.55218      0.582    27.0596    20.0338 -9.990e-29
 145.704138      0.593  33.379686    14.1480    6.52813      0.588    27.0499    20.0240 -9.990e-29
 145.704144      0.598  33.383656    14.1562    6.49283      0.593    27.0477    20.0207 -9.990e-29
 145.704149      0.606  33.387098    14.1585    6.47667      0.601    27.0492    20.0213 -9.990e-29
 145.704155      0.613  33.387321    14.1522    6.48214      0.608    27.0538    20.0261 -9.990e-29
 145.704161      0.620  33.382947    14.1303    6.49932      0.615    27.0652    20.0392 -9.990e-29
 145.704167      0.632  33.370950    14.0941    6.52998      0.627    27.0798    20.0576 -9.990e-29
 145.704172      0.644  33.353268    14.0585    6.56317      0.639    27.0889    20.0716 -9.990e-29
 145.704178      0.655  33.337709    14.0430    6.60601      0.650    27.0858    20.0722 -9.990e-29
 145.704184      0.663  33.330984    14.0604    6.61453      0.657    27.0675    20.0547 -9.990e-29
