data/oxygen options/OCNMS/OCNMS1/raw_data/2005/CTD_MB042_062705faedb.cnv
* Sea-Bird SBE19 Data File:
* FileName = C:\Moorong data\CTD_062705.hex
* Software Version 1.1.6
* Temperature SN = 2997
* Conductivity SN = 2997
* System UpLoad Time = Jun 27 2005 13:44:43
* SEACAT PROFILER V3.1c SN 2997   06/27/05  13:37:44.336
* strain gauge pressure sensor: S/N = 184829,  range = 3000 psia,  tc = 40
# nquan = 9
# nvalues = 39                          
# units = specified
# name 0 = timeJ: Julian Days
# name 1 = prSM: Pressure, Strain Gauge [db]
# name 2 = c0mS/cm: Conductivity [mS/cm]
# name 3 = t090C: Temperature [ITS-90, deg C]
# name 4 = oxML/L: Oxygen, Beckman/YSI [ml/l]
# name 5 = depSM: Depth [salt water, m], lat = 47.5
# name 6 = sal00: Salinity, Practical [PSU]
# name 7 = sigma-é00: Density [sigma-theta, kg/m^3]
# name 8 = flag: flag
# span 0 = 178.498360, 178.498848       
# span 1 =      3.000,     41.000       
# span 2 =  34.652169,  37.003789       
# span 3 =     7.6867,    12.2851       
# span 4 =    2.77412,    6.42455       
# span 5 =      2.975,     40.654       
# span 6 =    31.8471,    33.6098       
# span 7 =    24.0884,    26.2282       
# span 8 = 0.0000e+00, 0.0000e+00       
# interval = decibars: 1                
# start_time = Jun 27 2005 11:53:54 [Instrument's time stamp, header]
# bad_flag = -9.990e-29
*END*
 178.498360      3.000  37.003789    12.2851    6.28516      2.975    31.8471    24.0884 0.0000e+00
 178.498381      4.000  36.945060    12.1356    6.40991      3.966    31.9178    24.1712 0.0000e+00
 178.498395      5.000  36.848221    12.0363    6.42455      4.958    31.9092    24.1830 0.0000e+00
 178.498408      6.000  36.821721    12.0144    6.30171      5.950    31.9020    24.1815 0.0000e+00
 178.498419      7.000  36.807323    11.9754    6.06439      6.942    31.9211    24.2035 0.0000e+00
 178.498431      8.000  36.752153    11.8749    5.84126      7.933    31.9535    24.2472 0.0000e+00
 178.498442      9.000  36.661002    11.7169    5.68134      8.925    32.0007    24.3128 0.0000e+00
 178.498454     10.000  36.538782    11.4730    5.47657      9.916    32.0922    24.4282 0.0000e+00
 178.498464     11.000  36.362813    11.2083    5.32398     10.908    32.1497    24.5203 0.0000e+00
 178.498475     12.000  36.236470    11.0416    5.16545     11.900    32.1706    24.5659 0.0000e+00
 178.498486     13.000  36.149481    10.8859    4.91677     12.891    32.2208    24.6323 0.0000e+00
 178.498496     14.000  36.045793    10.6873    4.67811     13.883    32.2925    24.7226 0.0000e+00
 178.498507     15.000  35.907585    10.3928    4.47475     14.874    32.4155    24.8687 0.0000e+00
 178.498519     16.000  35.718887    10.0398    4.32427     15.866    32.5409    25.0259 0.0000e+00
 178.498528     17.000  35.537696     9.8254    4.26477     16.857    32.5499    25.0685 0.0000e+00
 178.498540     18.000  35.475795     9.7546    4.26770     17.849    32.5504    25.0804 0.0000e+00
 178.498551     19.000  35.416018     9.6579    4.23663     18.841    32.5765    25.1165 0.0000e+00
 178.498562     20.000  35.335422     9.5701    4.18296     19.832    32.5733    25.1282 0.0000e+00
 178.498573     21.000  35.306219     9.4928    4.13464     20.824    32.6132    25.1719 0.0000e+00
 178.498584     22.000  35.273873     9.3726    4.03844     21.815    32.6890    25.2505 0.0000e+00
 178.498595     23.000  35.223472     9.2780    3.91640     22.807    32.7232    25.2923 0.0000e+00
 178.498606     24.000  35.189552     9.1820    3.78274     23.798    32.7758    25.3486 0.0000e+00
 178.498617     25.000  35.147169     9.0284    3.64262     24.790    32.8729    25.4487 0.0000e+00
 178.498628     26.000  35.075051     8.8163    3.54406     25.781    32.9940    25.5766 0.0000e+00
 178.498639     27.000  35.007005     8.6930    3.51455     26.773    33.0373    25.6295 0.0000e+00
 178.498651     28.000  34.985767     8.6595    3.50887     27.764    33.0458    25.6413 0.0000e+00
 178.498661     29.000  34.980620     8.6166    3.47309     28.756    33.0802    25.6748 0.0000e+00
 178.498673     30.000  34.974463     8.5675    3.41832     29.747    33.1193    25.7129 0.0000e+00
 178.498684     31.000  34.957636     8.4956    3.34188     30.739    33.1686    25.7624 0.0000e+00
 178.498695     32.000  34.919284     8.3841    3.23879     31.730    33.2327    25.8295 0.0000e+00
 178.498706     33.000  34.874702     8.2763    3.14934     32.722    33.2870    25.8883 0.0000e+00
 178.498716     34.000  34.834997     8.1607    3.07989     33.713    33.3541    25.9581 0.0000e+00
 178.498728     35.000  34.797287     8.0711    3.02400     34.705    33.3988    26.0065 0.0000e+00
 178.498739     36.000  34.773043     8.0173    2.96364     35.696    33.4238    26.0340 0.0000e+00
 178.498751     37.000  34.751979     7.9437    2.88993     36.688    33.4713    26.0821 0.0000e+00
 178.498763     38.000  34.716291     7.8217    2.81763     37.679    33.5496    26.1614 0.0000e+00
 178.498776     39.000  34.673231     7.7212    2.77412     38.671    33.5997    26.2152 0.0000e+00
 178.498793     40.000  34.652169     7.6867    2.77891     39.662    33.6098    26.2282 0.0000e+00
 178.498848     41.000  34.661054     7.7464    2.86397     40.654    33.5613    26.1815 0.0000e+00
