data/oxygen options/OCNMS/OCNMS1/raw_data/2005/CTD_KL015_062005faed.cnv
* Sea-Bird SBE19 Data File:
* FileName = C:\Mooring data\CTD_KL1_062005.hex
* Software Version 1.1.5
* Temperature SN = 2997
* Conductivity SN = 2997
* System UpLoad Time = Jun 21 2005 07:29:22
* SEACAT PROFILER V3.1c SN 2997   06/21/05  07:28:59.195
* strain gauge pressure sensor: S/N = 184829,  range = 3000 psia,  tc = 40
# nquan = 9                                 
# nvalues = 548                         
# units = specified
# name 0 = timeJ: Julian Days
# name 1 = prSM: Pressure, Strain Gauge [db]
# name 2 = c0mS/cm: Conductivity [mS/cm]
# name 3 = t090C: Temperature [ITS-90, deg C]
# name 4 = oxML/L: Oxygen, Beckman/YSI [ml/l]
# name 5 = depSM: Depth [salt water, m], lat = 47.5
# name 6 = sal00: Salinity, Practical [PSU]
# name 7 = sigma-é00: Density [sigma-theta, kg/m^3]
# name 8 = flag: flag
# span 0 = 171.532199, 171.535365       
# span 1 =     -3.956,     16.090       
# span 2 =   0.061437,  37.332773       
# span 3 =    11.8670,    19.0264       
# span 4 =   -0.10512,   20.90757       
# span 5 =     -3.923,     15.955       
# span 6 =     0.0369,    31.7077       
# span 7 =    -1.5619,    24.0496       
# span 8 = 0.0000e+00, 0.0000e+00       
# interval = seconds: 0.5
# start_time = Jun 20 2005 12:46:22 [Instrument's time stamp, header]
# bad_flag = -9.990e-29
*END*
[from data line 321]
 171.534057      1.077  37.165711    17.2562    6.42024      1.068    28.1693    20.2214 -9.990e-29
 171.534063      1.068  37.164343    17.2520    6.41715      1.059    28.1711    20.2237 -9.990e-29
 171.534068      1.062  37.163360    17.2522    6.41527      1.053    28.1701    20.2229 -9.990e-29
 171.534074      1.063  37.164216    17.2580    6.41819      1.054    28.1668    20.2190 -9.990e-29
 171.534080      1.068  37.167456    17.2671    6.40765      1.059    28.1632    20.2142 -9.990e-29
 171.534086      1.071  37.172318    17.2748    6.39114      1.062    28.1620    20.2115 -9.990e-29
 171.534091      1.078  37.176282    17.2789    6.37492      1.069    28.1624    20.2109 -9.990e-29
 171.534097      1.088  37.177873    17.2798    6.37555      1.079    28.1632    20.2113 -9.990e-29
 171.534103      1.094  37.177495    17.2762    6.39113      1.085    28.1653    20.2137 -9.990e-29
 171.534109      1.101  37.175171    17.2638    6.40557      1.092    28.1720    20.2217 -9.990e-29
 171.534115      1.117  37.168326    17.2423    6.40356      1.108    28.1812    20.2336 -9.990e-29
 171.534120      1.136  37.155644    17.2222    6.38986      1.127    28.1845    20.2407 -9.990e-29
 171.534126      1.149  37.144280    17.2140    6.37682      1.139    28.1806    20.2396 -9.990e-29
 171.534132      1.158  37.140901    17.2168    6.36310      1.148    28.1758    20.2353 -9.990e-29
 171.534138      1.162  37.142080    17.2239    6.37845      1.152    28.1719    20.2307 -9.990e-29
 171.534144      1.163  37.143189    17.2259    6.40447      1.153    28.1714    20.2299 -9.990e-29
 171.534149      1.161  37.142868    17.2135    6.42194      1.151    28.1798    20.2391 -9.990e-29
 171.534155      1.159  37.136731    17.1912    6.42583      1.149    28.1901    20.2521 -9.990e-29
 171.534161      1.162  37.124970    17.1777    6.41195      1.152    28.1896    20.2548 -9.990e-29
 171.534167      1.165  37.118770    17.1867    6.40177      1.155    28.1781    20.2440 -9.990e-29
 171.534172      1.166  37.127199    17.2113    6.39795      1.156    28.1681    20.2307 -9.990e-29
 171.534178      1.162  37.144078    17.2313    6.39385      1.152    28.1684    20.2264 -9.990e-29
 171.534184      1.160  37.154884    17.2384    6.38864      1.150    28.1726    20.2279 -9.990e-29
 171.534190      1.162  37.157182    17.2375    6.38726      1.152    28.1751    20.2301 -9.990e-29
 171.534196      1.165  37.156245    17.2330    6.38890      1.155    28.1775    20.2329 -9.990e-29
 171.534201      1.164  37.153592    17.2272    6.38269      1.154    28.1793    20.2356 -9.990e-29
 171.534207      1.159  37.150692    17.2216    6.38379      1.149    28.1807    20.2380 -9.990e-29
 171.534213      1.151  37.148126    17.2175    6.38858      1.141    28.1814    20.2395 -9.990e-29
 171.534219      1.139  37.145797    17.2155    6.39515      1.129    28.1809    20.2395 -9.990e-29
 171.534225      1.125  37.144487    17.2127    6.40080      1.116    28.1817    20.2408 -9.990e-29
 171.534230      1.119  37.142414    17.2072    6.38888      1.110    28.1838    20.2436 -9.990e-29
 171.534236      1.123  37.139020    17.2043    6.38295      1.114    28.1829    20.2436 -9.990e-29
 171.534242      1.138  37.138151    17.2063    6.38742      1.128    28.1808    20.2416 -9.990e-29
 171.534248      1.161  37.140295    17.2066    6.40036      1.151    28.1824    20.2427 -9.990e-29
 171.534253      1.184  37.141544    17.2027    6.40834      1.174    28.1862    20.2465 -9.990e-29
 171.534259      1.201  37.141288    17.2007    6.39424      1.191    28.1873    20.2478 -9.990e-29
 171.534265      1.204  37.142510    17.2054    6.38596      1.194    28.1851    20.2450 -9.990e-29
 171.534271      1.193  37.145683    17.2147    6.38339      1.183    28.1813    20.2400 -9.990e-29
 171.534277      1.180  37.149393    17.2212    6.38625      1.170    28.1799    20.2375 -9.990e-29
 171.534282      1.178  37.151828    17.2208    6.38863      1.168    28.1822    20.2393 -9.990e-29
 171.534288      1.185  37.151717    17.2165    6.38259      1.175    28.1851    20.2425 -9.990e-29
 171.534294      1.195  37.149997    17.2127    6.37744      1.185    28.1863    20.2443 -9.990e-29
 171.534300      1.204  37.148262    17.2107    6.38874      1.194    28.1862    20.2447 -9.990e-29
 171.534306      1.211  37.147527    17.2097    6.39288      1.201    28.1863    20.2450 -9.990e-29
 171.534311      1.218  37.147153    17.2084    6.38880      1.208    28.1869    20.2457 -9.990e-29
 171.534317      1.221  37.146619    17.2070    6.38028      1.211    28.1874    20.2465 -9.990e-29
 171.534323      1.219  37.146682    17.2064    6.37226      1.209    28.1879    20.2470 -9.990e-29
 171.534329      1.222  37.146831    17.2052    6.37329      1.212    28.1889    20.2480 -9.990e-29
 171.534334      1.229  37.145932    17.2022    6.38280      1.219    28.1902    20.2497 -9.990e-29
 171.534340      1.237  37.144448    17.1991    6.38546      1.227    28.1911    20.2511 -9.990e-29
 171.534346      1.242  37.143183    17.1979    6.38402      1.232    28.1909    20.2512 -9.990e-29
 171.534352      1.239  37.142669    17.1984    6.38086      1.229    28.1901    20.2504 -9.990e-29
 171.534358      1.234  37.142759    17.1998    6.37993      1.224    28.1892    20.2494 -9.990e-29
 171.534363      1.229  37.142993    17.2015    6.38061      1.219    28.1882    20.2483 -9.990e-29
 171.534369      1.230  37.143660    17.2030    6.38368      1.220    28.1877    20.2476 -9.990e-29
 171.534375      1.239  37.144509    17.2039    6.37795      1.229    28.1878    20.2475 -9.990e-29
 171.534381      1.255  37.144972    17.2040    6.38257      1.245    28.1881    20.2477 -9.990e-29
 171.534387      1.268  37.145082    17.2031    6.38057      1.257    28.1888    20.2484 -9.990e-29
 171.534392      1.275  37.144967    17.2010    6.37800      1.264    28.1902    20.2499 -9.990e-29
 171.534398      1.282  37.144451    17.1982    6.38040      1.271    28.1917    20.2517 -9.990e-29
 171.534404      1.289  37.143947    17.1967    6.38630      1.278    28.1923    20.2526 -9.990e-29
 171.534410      1.291  37.143883    17.1973    6.38163      1.280    28.1919    20.2521 -9.990e-29
 171.534416      1.290  37.143589    17.1985    6.38085      1.279    28.1908    20.2510 -9.990e-29
 171.534421      1.285  37.143215    17.1995    6.37836      1.274    28.1898    20.2500 -9.990e-29
 171.534427      1.279  37.143362    17.2000    6.37813      1.268    28.1895    20.2497 -9.990e-29
 171.534433      1.278  37.143643    17.2001    6.38342      1.267    28.1897    20.2498 -9.990e-29
 171.534439      1.280  37.144415    17.1999    6.38791      1.269    28.1905    20.2504 -9.990e-29
 171.534444      1.286  37.146125    17.2001    6.38446      1.275    28.1918    20.2514 -9.990e-29
 171.534450      1.292  37.147668    17.2012    6.37295      1.281    28.1923    20.2515 -9.990e-29
 171.534456      1.294  37.148277    17.2033    6.37008      1.283    28.1914    20.2503 -9.990e-29
 171.534462      1.296  37.148742    17.2057    6.37476      1.285    28.1901    20.2488 -9.990e-29
 171.534468      1.304  37.149665    17.2066    6.37956      1.293    28.1903    20.2487 -9.990e-29
 171.534473      1.316  37.150574    17.2064    6.37906      1.305    28.1912    20.2494 -9.990e-29
 171.534479      1.331  37.151541    17.2066    6.37450      1.320    28.1918    20.2499 -9.990e-29
 171.534485      1.340  37.152710    17.2068    6.37610      1.329    28.1927    20.2505 -9.990e-29
 171.534491      1.340  37.153376    17.2068    6.38208      1.329    28.1932    20.2509 -9.990e-29
 171.534497      1.334  37.153286    17.2069    6.38212      1.323    28.1931    20.2508 -9.990e-29
 171.534502      1.327  37.152859    17.2068    6.37870      1.316    28.1928    20.2506 -9.990e-29
 171.534508      1.319  37.152626    17.2067    6.37448      1.308    28.1927    20.2505 -9.990e-29
 171.534514      1.313  37.152817    17.2069    6.37250      1.302    28.1927    20.2505 -9.990e-29
 171.534520      1.313  37.153665    17.2072    6.38043      1.302    28.1932    20.2508 -9.990e-29
 171.534525      1.318  37.155160    17.2070    6.37035      1.307    28.1946    20.2519 -9.990e-29
 171.534531      1.330  37.156471    17.2063    6.36224      1.319    28.1962    20.2533 -9.990e-29
 171.534537      1.345  37.157083    17.2056    6.36522      1.334    28.1972    20.2542 -9.990e-29
 171.534543      1.355  37.157232    17.2048    6.36558      1.344    28.1979    20.2549 -9.990e-29
 171.534549      1.360  37.157093    17.2025    6.37665      1.349    28.1993    20.2566 -9.990e-29
 171.534554      1.366  37.156460    17.1983    6.37944      1.355    28.2017    20.2594 -9.990e-29
 171.534560      1.369  37.155029    17.1951    6.38040      1.358    28.2028    20.2609 -9.990e-29
 171.534566      1.364  37.153674    17.1956    6.37939      1.353    28.2013    20.2596 -9.990e-29
 171.534572      1.356  37.153927    17.1983    6.37818      1.345    28.1996    20.2578 -9.990e-29
 171.534578      1.352  37.154985    17.2001    6.37917      1.341    28.1992    20.2571 -9.990e-29
 171.534583      1.352  37.154874    17.2001    6.37942      1.341    28.1992    20.2570 -9.990e-29
 171.534589      1.351  37.153986    17.1976    6.38721      1.340    28.2001    20.2583 -9.990e-29
 171.534595      1.356  37.153359    17.1935    6.37139      1.345    28.2025    20.2610 -9.990e-29
 171.534601      1.364  37.152696    17.1909    6.35367      1.353    28.2037    20.2626 -9.990e-29
 171.534606      1.369  37.152213    17.1914    6.34358      1.358    28.2030    20.2619 -9.990e-29
 171.534612      1.367  37.152364    17.1921    6.34065      1.356    28.2026    20.2615 -9.990e-29
 171.534618      1.361  37.152208    17.1878    6.35367      1.350    28.2055    20.2646 -9.990e-29
 171.534624      1.359  37.150397    17.1736    6.37410      1.348    28.2138    20.2743 -9.990e-29
 171.534630      1.367  37.145617    17.1526    6.38818      1.356    28.2245    20.2872 -9.990e-29
 171.534635      1.380  37.138761    17.1369    6.39534      1.368    28.2296    20.2947 -9.990e-29
 171.534641      1.390  37.134117    17.1328    6.38342      1.378    28.2286    20.2948 -9.990e-29
 171.534647      1.394  37.133312    17.1374    6.36610      1.382    28.2247    20.2908 -9.990e-29
 171.534653      1.392  37.134688    17.1459    6.35772      1.380    28.2199    20.2852 -9.990e-29
 171.534659      1.388  37.137258    17.1531    6.36330      1.376    28.2171    20.2814 -9.990e-29
 171.534664      1.390  37.139944    17.1533    6.38075      1.378    28.2192    20.2830 -9.990e-29
 171.534670      1.400  37.140702    17.1429    6.38656      1.388    28.2271    20.2914 -9.990e-29
 171.534676      1.407  37.137161    17.1290    6.38708      1.395    28.2338    20.2997 -9.990e-29
 171.534682      1.410  37.131305    17.1228    6.37419      1.398    28.2332    20.3006 -9.990e-29
 171.534687      1.408  37.128756    17.1269    6.37298      1.396    28.2282    20.2958 -9.990e-29
 171.534693      1.405  37.131135    17.1358    6.37244      1.393    28.2239    20.2906 -9.990e-29
 171.534699      1.409  37.135426    17.1406    6.37320      1.397    28.2242    20.2897 -9.990e-29
 171.534705      1.421  37.137242    17.1387    6.37507      1.409    28.2271    20.2923 -9.990e-29
 171.534711      1.433  37.135622    17.1355    6.37147      1.421    28.2279    20.2937 -9.990e-29
 171.534716      1.442  37.133992    17.1349    6.36514      1.430    28.2270    20.2931 -9.990e-29
 171.534722      1.448  37.134080    17.1357    6.35193      1.436    28.2265    20.2926 -9.990e-29
 171.534728      1.451  37.134299    17.1348    6.35029      1.439    28.2273    20.2934 -9.990e-29
 171.534734      1.452  37.133239    17.1334    6.36182      1.440    28.2274    20.2938 -9.990e-29
 171.534740      1.455  37.131709    17.1311    6.37879      1.443    28.2277    20.2945 -9.990e-29
 171.534745      1.469  37.129328    17.1229    6.38973      1.457    28.2314    20.2992 -9.990e-29
 171.534751      1.490  37.121219    17.1115    6.38896      1.478    28.2325    20.3027 -9.990e-29
 171.534757      1.502  37.110002    17.1092    6.38453      1.489    28.2246    20.2972 -9.990e-29
 171.534763      1.503  37.108724    17.1202    6.37151      1.490    28.2159    20.2880 -9.990e-29
 171.534769      1.501  37.119019    17.1354    6.36743      1.488    28.2140    20.2831 -9.990e-29
 171.534774      1.499  37.129930    17.1445    6.37174      1.486    28.2168    20.2832 -9.990e-29
 171.534780      1.502  37.135247    17.1431    6.37823      1.489    28.2223    20.2877 -9.990e-29
 171.534786      1.515  37.134196    17.1343    6.38520      1.502    28.2275    20.2937 -9.990e-29
 171.534792      1.529  37.128159    17.1270    6.37892      1.516    28.2275    20.2954 -9.990e-29
 171.534797      1.538  37.123077    17.1278    6.36933      1.525    28.2227    20.2915 -9.990e-29
 171.534803      1.545  37.124484    17.1332    6.37097      1.532    28.2201    20.2883 -9.990e-29
 171.534809      1.556  37.129186    17.1357    6.37454      1.543    28.2223    20.2894 -9.990e-29
 171.534815      1.575  37.130542    17.1322    6.39681      1.562    28.2259    20.2929 -9.990e-29
 171.534821      1.609  37.126415    17.1243    6.38337      1.596    28.2279    20.2963 -9.990e-29
 171.534826      1.650  37.119131    17.1181    6.37964      1.636    28.2261    20.2963 -9.990e-29
 171.534832      1.693  37.114653    17.1167    6.38386      1.679    28.2233    20.2944 -9.990e-29
 171.534838      1.745  37.114834    17.1154    6.39783      1.730    28.2243    20.2955 -9.990e-29
 171.534844      1.813  37.113727    17.1089    6.43346      1.798    28.2279    20.2998 -9.990e-29
 171.534850      1.902  37.107031    17.0988    6.44460      1.886    28.2293    20.3031 -9.990e-29
 171.534855      2.012  37.097572    17.0909    6.42337      1.995    28.2268    20.3030 -9.990e-29
 171.534861      2.148  37.091212    17.0868    6.37802      2.130    28.2242    20.3020 0.0000e+00
 171.534867      2.316  37.089537    17.0790    6.30957      2.297    28.2282    20.3068 0.0000e+00
 171.534873      2.529  37.087489    17.0592    6.26341      2.508    28.2402    20.3205 0.0000e+00
 171.534878      2.795  37.081194    17.0208    6.23102      2.772    28.2617    20.3456 0.0000e+00
 171.534884      3.115  37.071768    16.9479    6.19730      3.089    28.3047    20.3950 0.0000e+00
 171.534890      3.482  37.058390    16.8235    6.17276      3.453    28.3807    20.4813 0.0000e+00
 171.534896      3.886  37.051781    16.6556    6.13187      3.854    28.4938    20.6055 0.0000e+00
 171.534902      4.315  37.062715    16.4813    6.11468      4.279    28.6271    20.7465 0.0000e+00
 171.534907      4.765  37.077701    16.3201    6.11333      4.725    28.7555    20.8806 0.0000e+00
 171.534913      5.232  37.102651    16.1593    6.11657      5.188    28.8931    21.0215 0.0000e+00
 171.534919      5.702  37.150598    16.0048    6.12959      5.654    29.0470    21.1734 0.0000e+00
 171.534925      6.167  37.208626    15.8794    6.13554      6.115    29.1893    21.3099 0.0000e+00
 171.534931      6.622  37.257641    15.7896    6.15448      6.567    29.2982    21.4130 0.0000e+00
 171.534936      7.066  37.276060    15.7321    6.16557      7.007    29.3568    21.4704 0.0000e+00
 171.534942      7.502  37.268776    15.6990    6.20283      7.439    29.3748    21.4914 0.0000e+00
 171.534948      7.931  37.257994    15.6812    6.23167      7.865    29.3784    21.4981 0.0000e+00
 171.534954      8.361  37.251728    15.6747    6.25193      8.291    29.3776    21.4989 0.0000e+00
 171.534959      8.800  37.253931    15.6781    6.22402      8.726    29.3769    21.4976 0.0000e+00
 171.534965      9.252  37.266394    15.6857    6.14587      9.175    29.3820    21.4999 0.0000e+00
 171.534971      9.707  37.284967    15.6874    6.03303      9.626    29.3968    21.5109 0.0000e+00
